../ecoli_genomes/GCF_000163235.1_ASM16323v1_genomic.fna.gz,../ecoli_genomes/GCF_000164555.1_ASM16455v1_genomic.fna.gz,../ecoli_genomes/GCF_000208545.1_ASM20854v2_genomic.fna.gz,../ecoli_genomes/GCF_000233875.1_ASM23387v1_genomic.fna.gz,../ecoli_genomes/GCF_000249735.1_ASM24973v2_genomic.fna.gz,../ecoli_genomes/GCF_000261145.1_Esch_coli_M919_V2_genomic.fna.gz,../ecoli_genomes/GCF_000267705.2_ASM26770v2_genomic.fna.gz,../ecoli_genomes/GCF_000350665.1_Esch_coli_KTE5_V1_genomic.fna.gz,../ecoli_genomes/GCF_000351625.1_Esch_coli_KTE66_V1_genomic.fna.gz,../ecoli_genomes/GCF_000352285.1_Esch_coli_KTE46_V1_genomic.fna.gz,../ecoli_genomes/GCF_000358895.1_ASM35889v1_genomic.fna.gz,../ecoli_genomes/GCF_000456385.1_Esch_coli_HVH_26_4-5703913_V1_genomic.fna.gz,../ecoli_genomes/GCF_000458195.1_Esch_coli_HVH_147_4-5893887_V1_genomic.fna.gz,../ecoli_genomes/GCF_000459755.1_Esch_coli_KOEGE_58_171a_V1_genomic.fna.gz,../ecoli_genomes/GCF_000460055.1_Esch_coli_UMEA_3053-1_V1_genomic.fna.gz,../ecoli_genomes/GCF_000462165.2_ASM46216v2_genomic.fna.gz,../ecoli_genomes/GCF_000601135.1_ASM60113v1_genomic.fna.gz,../ecoli_genomes/GCF_000614595.1_Ec2010EL1058_genomic.fna.gz,../ecoli_genomes/GCF_000617745.1_Ec2010C-4529_genomic.fna.gz,../ecoli_genomes/GCF_000618265.2_EcF6751_genomic.fna.gz,../ecoli_genomes/GCF_000619005.2_Ec2009C-4052_genomic.fna.gz,../ecoli_genomes/GCF_000619105.1_Ec2009C-4780_genomic.fna.gz,../ecoli_genomes/GCF_000619765.2_Ec2009C-3279_genomic.fna.gz,../ecoli_genomes/GCF_000687005.1_ASM68700v1_genomic.fna.gz,../ecoli_genomes/GCF_000687025.1_ASM68702v1_genomic.fna.gz,../ecoli_genomes/GCF_000700125.1_ASM70012v1_genomic.fna.gz,../ecoli_genomes/GCF_000753315.1_FHI35_genomic.fna.gz,../ecoli_genomes/GCF_000776375.1_ASM77637v1_genomic.fna.gz,../ecoli_genomes/GCF_000779395.1_ASM77939v1_genomic.fna.gz,../ecoli_genomes/GCF_000780315.1_ASM78031v1_genomic.fna.gz,../ecoli_genomes/GCF_000781995.1_ASM78199v1_genomic.fna.gz,../ecoli_genomes/GCF_000986765.1_ASM98676v1_genomic.fna.gz,../ecoli_genomes/GCF_001041375.1_ViralProj287958_genomic.fna.gz,../ecoli_genomes/GCF_001265335.1_302014_genomic.fna.gz,../ecoli_genomes/GCF_001265625.1_100854_genomic.fna.gz,../ecoli_genomes/GCF_001267345.1_303289_genomic.fna.gz,../ecoli_genomes/GCF_001309985.1_ASM130998v1_genomic.fna.gz,../ecoli_genomes/GCF_001521695.1_ASM152169v1_genomic.fna.gz,../ecoli_genomes/GCF_001592595.1_ASM159259v1_genomic.fna.gz,../ecoli_genomes/GCF_001614975.1_ASM161497v1_genomic.fna.gz,../ecoli_genomes/GCF_001692775.1_ASM169277v1_genomic.fna.gz,../ecoli_genomes/GCF_001748915.1_ASM174891v1_genomic.fna.gz,../ecoli_genomes/GCF_001749235.1_ASM174923v1_genomic.fna.gz,../ecoli_genomes/GCF_001881155.1_ASM188115v1_genomic.fna.gz,../ecoli_genomes/GCF_001881345.1_ASM188134v1_genomic.fna.gz,../ecoli_genomes/GCF_001892405.1_ASM189240v1_genomic.fna.gz,../ecoli_genomes/GCF_001892585.1_ASM189258v1_genomic.fna.gz,../ecoli_genomes/GCF_001893985.1_ASM189398v1_genomic.fna.gz,../ecoli_genomes/GCF_002001595.1_ASM200159v1_genomic.fna.gz,../ecoli_genomes/GCF_002002145.1_ASM200214v1_genomic.fna.gz
1.0,0.5048394413569727,0.4151414325171361,0.45805338720727307,0.4434897985038564,0.49767945302580663,0.4832500318011784,0.4552793435213892,0.48028585934374,0.4619355906437935,0.49440942285349676,0.46264851641692306,0.46286164066547264,0.46615542420720535,0.43819479308323117,0.48579043002171174,0.4838672459067318,0.4879466427882382,0.4167185344211084,0.4792324632057037,0.4633521146003411,0.4199264255118602,0.4631930696627514,0.4899300433576407,0.4793636230508881,0.45677652270567737,0.4743053615855536,0.44955437842352786,0.4360642809487123,0.4677888730453288,0.449501032385051,0.45245148949209435,0.0,0.4508619332880546,0.500844062385529,0.4245602394692173,0.463940913335663,0.4795471748863077,0.4035405562346821,0.4743481398024544,0.46387319725255916,0.5013015590272407,0.46814045695115003,0.464146963264257,0.46775232192053917,0.435610946081909,0.4967941087952824,0.4969202812701029,0.4365145394843849,0.46095047434700576
0.5048394413569727,1.0,0.41723586213241726,0.4728234926304591,0.5194587637116979,0.6657593426832891,0.5438652146247719,0.46277834229237147,0.410151130805818,0.4756670769088761,0.5982135060651657,0.4830854882385869,0.5457455849533919,0.4914560699263486,0.45119288494237386,0.5420118399542231,0.6220577970708011,0.5895898066374052,0.48661515388589016,0.5399042173500246,0.556560391722871,0.4821345525512827,0.5465063118900881,0.6590065528137653,0.6497242095321956,0.5790923613993167,0.575440728594044,0.46614708512966274,0.4153802564868848,0.40605498691608444,0.4858803331751135,0.5309984207619245,0.0,0.5331726624223163,0.6961943547777834,0.42652154351486427,0.518371879209329,0.5819103105634058,0.396503213221838,0.5740264519399936,0.4961631956135263,0.6432952084514332,0.5599084592468233,0.4900597748842761,0.4816159453186264,0.4225687271859967,0.6452122646703382,0.6465483643672933,0.4625030204389654,0.4356690400536479
0.4151414325171361,0.41723586213241726,1.0,0.37724797307716196,0.3626460728554385,0.4024061241352336,0.39839871447228026,0.37309912724717453,0.36900702897337734,0.38070083995391657,0.4133480074847684,0.3761009701025977,0.38692416765224313,0.3875873636203764,0.36806654092806435,0.39825758265247224,0.3934962829222344,0.4084741734087889,0.343378003758115,0.39830353210250324,0.3910414289579004,0.3485327382210591,0.3889112368066385,0.3934034911158162,0.38774729762844073,0.3692110117916878,0.3994324345770106,0.3750618884931983,0.36742180589036355,0.36573791481390117,0.37953825592553314,0.373554626581142,0.0,0.38278118492358715,0.40725993097687363,0.3638392233567732,0.382482230089111,0.3957328186575345,0.3303944754371273,0.40253122046563217,0.385646217286268,0.4120485343653033,0.39730734823448066,0.3887191855262051,0.37796106111844396,0.3655189779057243,0.4165863542246432,0.41737723503145174,0.374166447113229,0.3814838065090508
0.45805338720727307,0.4728234926304591,0.37724797307716196,1.0,0.4525502703582033,0.47167739804669695,0.4517780658214495,0.6118598467472953,0.40890058365810744,0.632007473123215,0.4576821261156062,0.6143437136958534,0.44827917567710984,0.664298685624241,0.6741785188617133,0.46856183205951185,0.4710620284712199,0.4580440426924449,0.3877600216043887,0.4481180814362773,0.432323899274484,0.38483885039333754,0.4302276078518815,0.47572756639011216,0.46265895415527847,0.4457901806184297,0.445340662462578,0.6228089313405214,0.4062966804046112,0.39009651158566794,0.6243031436586752,0.4507174704678638,0.0,0.4190594334963825,0.4751568000087605,0.5248251534932985,0.442419359631842,0.44074516299231614,0.48508703854175483,0.4366759667732293,0.6490910690895602,0.4765437076167297,0.43281062901155953,0.6336973417921765,0.6219713539204783,0.41521609141064586,0.470053997949168,0.46996801170884783,0.5693968089204828,0.4287298495538875
0.4434897985038564,0.5194587637116979,0.3626460728554385,0.4525502703582033,1.0,0.5332313087012337,0.47173891771550547,0.43637009546268646,0.4077985380069009,0.4462557460604377,0.5810744231748421,0.4213339777768266,0.5663380003751128,0.4425731178490868,0.4499990540649078,0.5025713003021532,0.5479199377194631,0.5314964210256422,0.4499321947499667,0.46900464504499384,0.5173441756366597,0.4594207671338346,0.5144451301269486,0.5521469303023756,0.5301030420518086,0.49693868160708776,0.5357788233164774,0.4052723305766961,0.38858088707958816,0.3938486275658847,0.438200775914814,0.5572998978856065,0.0,0.5144779032591971,0.5304481004414288,0.386659427986518,0.4706817599314267,0.5487787781281867,0.38628334751942695,0.538387571281109,0.4721699449819514,0.534739896999322,0.5402175446264498,0.4246775356824727,0.42532951455381773,0.3801033809474397,0.5401314483011705,0.539164543395345,0.40213800212024353,0.3966079037454254
0.49767945302580663,0.6657593426832891,0.4024061241352336,0.47167739804669695,0.5332313087012337,1.0,0.5484407311538936,0.4639953575573489,0.40226843124641254,0.4633568091669932,0.5866479005639389,0.4671432369483308,0.53615802087927,0.48928266571672097,0.45140915506540114,0.5580518743243386,0.6336668290452744,0.5836899041827106,0.48968109602548304,0.5376679540751788,0.5429630625046794,0.5079560619395023,0.5396924868954291,0.6802244093952664,0.6681915123591087,0.5916991132721465,0.5548648084558778,0.4506841309370203,0.40683642255940033,0.3855039349318955,0.483731090823754,0.5439235678178589,0.0,0.5326295033639614,0.686350231265733,0.43127221909774716,0.5215019664424927,0.5668773762678749,0.40832973104916404,0.559136672753394,0.5001690973925248,0.6482053450245234,0.546682169888628,0.4752254360892144,0.4703412015406271,0.4155397938934662,0.6416698525099087,0.6422832554269371,0.44297354710905623,0.42844598668689204
0.4832500318011784,0.5438652146247719,0.39839871447228026,0.4517780658214495,0.47173891771550547,0.5484407311538936,1.0,0.4403756216534157,0.40722786299130087,0.44301562519372284,0.5380790568111641,0.44636418291378344,0.4962235337066383,0.46520120102408036,0.43070845628115384,0.8053317883244833,0.5333911778982857,0.5639034701009273,0.47378047401839696,0.8943227777704421,0.5457857640504828,0.47201295319460734,0.5331816096074098,0.5351383212240415,0.5213507639430066,0.5031601464264518,0.526137000507757,0.4371128342892947,0.3998083942141012,0.3946813940135788,0.45565919223166196,0.4915016913780007,0.0,0.49909705882303057,0.5595176541116198,0.4233982527837019,0.8348751229906628,0.5130765570605005,0.3882432062939156,0.5215207154968029,0.46459780572252696,0.5516411876953718,0.5107627810481807,0.45661132321142894,0.4506092174204257,0.4078280673342348,0.5421336829693792,0.542734002253872,0.4286218676229704,0.42432465892960947
0.4552793435213892,0.46277834229237147,0.37309912724717453,0.6118598467472953,0.43637009546268646,0.4639953575573489,0.4403756216534157,1.0,0.40331131300432743,0.6100502057679427,0.4501068588409547,0.5871193217641981,0.44423840793927327,0.6073143076533132,0.5917301850416506,0.4511134061298885,0.4504159376036654,0.4503097814306074,0.3927887857211878,0.43820580645620955,0.42520628040461983,0.3846163010743051,0.42843710432111515,0.4598011618262019,0.44468427443992764,0.42887193507539956,0.44096683043673757,0.741980485044085,0.4158379045642595,0.39212457126474987,0.5930688913536302,0.4371210911304272,0.0,0.4225040288394367,0.4589490020687296,0.5232026643053297,0.4268512935731531,0.44858389885187466,0.48138726487984085,0.438007588714332,0.5948687434091469,0.46244119235299586,0.4308599889850404,0.7508002042405715,0.72795031775301,0.4139328319570609,0.4542669371173317,0.45424710024334725,0.5618809465195838,0.42727144847234944
0.48028585934374,0.410151130805818,0.36900702897337734,0.40890058365810744,0.4077985380069009,0.40226843124641254,0.40722786299130087,0.40331131300432743,1.0,0.4124760365597502,0.41942774801243043,0.38448970857720677,0.42041963439343755,0.39998660837252253,0.4038732205103708,0.42287212210918845,0.38644158756656133,0.41539188930049187,0.3530016969216251,0.410366915339878,0.40366065173748045,0.36765008492782447,0.40859761389702276,0.39069091450078564,0.3895300218747514,0.3646605671197044,0.4128294573151601,0.3856195368640871,0.41440152321969215,0.49194776489544356,0.3922819122333212,0.40717803817180376,0.0,0.40106276340736613,0.3997436495004668,0.39051142560197427,0.40351657749659375,0.39906849758813634,0.34004728978084253,0.41723337456061393,0.4003702146420367,0.3996866464810489,0.4169993918451069,0.39403291553228526,0.38821863338641915,0.4002054201602009,0.40814618274955794,0.40805368752268667,0.3838594085614653,0.4344780349418761
0.4619355906437935,0.4756670769088761,0.38070083995391657,0.632007473123215,0.4462557460604377,0.4633568091669932,0.44301562519372284,0.6100502057679427,0.4124760365597502,1.0,0.46445615854872024,0.5928099610139869,0.45196935731440435,0.6233403131495633,0.6141500164005755,0.4580204368523053,0.4553076639106982,0.45541494903527746,0.39103435181201585,0.4391772576735946,0.42879284222333625,0.3869319900312289,0.4231345501077477,0.4628107523724516,0.4534868423763796,0.4340328091333786,0.4449671837589444,0.607133617161532,0.4186233682261976,0.3987112546243303,0.6276410326250859,0.4351920604036824,0.0,0.41735809573844984,0.4666481100640767,0.5343528610765074,0.429605261710152,0.44339984115497866,0.4866782664668725,0.4426754974059359,0.6421165795676549,0.4685764335946496,0.432182673085178,0.6169101928077365,0.6138512344329332,0.4150973810105595,0.46404528439304626,0.464019542263133,0.5806805519489575,0.42687619136577004
0.49440942285349676,0.5982135060651657,0.4133480074847684,0.4576821261156062,0.5810744231748421,0.5866479005639389,0.5380790568111641,0.4501068588409547,0.41942774801243043,0.46445615854872024,1.0,0.45952048519146316,0.6250229226881383,0.48049247685117447,0.4441092782680435,0.538346692481392,0.5661160187572964,0.6346993860655192,0.5452612943543753,0.534908626526241,0.6060096882577587,0.5621338941262077,0.6017580387462498,0.5778699536199969,0.5609826378521305,0.5396105460062786,0.6347018602799572,0.4526568077009352,0.411194383069041,0.4123193568288914,0.46966924937765164,0.5765986025616441,0.0,0.5877365533720105,0.6031411953795687,0.43336723998940285,0.5164590010572032,0.6194132388442618,0.39582000887731794,0.6482423772257144,0.47974455815568473,0.6116657787400741,0.6214404530565986,0.4689450820273501,0.46079425483791603,0.41950125003710703,0.6066827198451534,0.6079168695327124,0.4491605580763135,0.4332494911845073
0.46264851641692306,0.4830854882385869,0.3761009701025977,0.6143437136958534,0.4213339777768266,0.4671432369483308,0.44636418291378344,0.5871193217641981,0.38448970857720677,0.5928099610139869,0.45952048519146316,1.0,0.43582324275909534,0.6167759006219103,0.6594010138095803,0.44785689258362027,0.46417509698497106,0.4520195614590756,0.3918980319616774,0.4416425884368881,0.4331128195675691,0.3844754042628289,0.4254039275220445,0.4696863214395257,0.45342078081213055,0.4409401820754205,0.44277901359564664,0.5884512495835523,0.4092576430437955,0.38061119500624463,0.5759736049121429,0.4261286310101703,0.0,0.42112666776108443,0.4777080426376523,0.5110879515197067,0.42931566824318457,0.4457563057630056,0.48070607211797967,0.4399375736559108,0.5910619509523393,0.4737644071877787,0.4320298500272455,0.6044470517124343,0.5967828428619604,0.41548330927024124,0.4711230997243191,0.4710518328366038,0.5484958601047452,0.4233068626606086
0.46286164066547264,0.5457455849533919,0.38692416765224313,0.44827917567710984,0.5663380003751128,0.53615802087927,0.4962235337066383,0.44423840793927327,0.42041963439343755,0.45196935731440435,0.6250229226881383,0.43582324275909534,1.0,0.4504393082385397,0.445448461948766,0.5157931578758093,0.5216162885229101,0.5973598362428365,0.6045580766473415,0.49654834037786455,0.5966700615228715,0.6084009297262568,0.6258004738925906,0.5314058532552723,0.5107417738553435,0.4931321206689019,0.6376442237831854,0.42791891159554696,0.40103706041333786,0.41435504212263896,0.4427268415609438,0.6141548104818164,0.0,0.6247857266851002,0.5454208828481033,0.40682077876500533,0.4915442008086597,0.6073684851318446,0.37341436192061517,0.6392771719647233,0.46104148014144375,0.5505076743043562,0.6154374204974518,0.44059290686302854,0.4332506638482446,0.39616883368343636,0.5521276621506188,0.552202368122931,0.421961357768179,0.41623686632506596
0.46615542420720535,0.4914560699263486,0.3875873636203764,0.664298685624241,0.4425731178490868,0.48928266571672097,0.46520120102408036,0.6073143076533132,0.39998660837252253,0.6233403131495633,0.48049247685117447,0.6167759006219103,0.4504393082385397,1.0,0.652060170785107,0.4696542868501672,0.4878528943985918,0.47725944445653146,0.40530023771828894,0.4611336726863855,0.4441114790739863,0.39140899560356324,0.43706491069021103,0.4850507607951271,0.4691423908363891,0.4574823734799103,0.4621969740130476,0.6317469631610633,0.4149807060421047,0.384253847622012,0.6346082413932108,0.4432278486790644,0.0,0.43177376290516545,0.49800558690883645,0.5320824546816101,0.4464797211774425,0.45889944793303694,0.49056925839478516,0.45412514499279744,0.6487383181449077,0.4998516787000499,0.44501624401282003,0.6410479318870287,0.6282492039677825,0.42779554565873434,0.4939564029262208,0.4944721300472874,0.5766175133723288,0.439790939780215
0.43819479308323117,0.45119288494237386,0.36806654092806435,0.6741785188617133,0.4499990540649078,0.45140915506540114,0.43070845628115384,0.5917301850416506,0.4038732205103708,0.6141500164005755,0.4441092782680435,0.6594010138095803,0.445448461948766,0.652060170785107,1.0,0.44977064464114047,0.4525961866673519,0.4418268947670626,0.3778824470349602,0.4293339502406669,0.41925223941669953,0.37367533652475027,0.4164281743788366,0.4562574527896358,0.44269765278140805,0.4309255015594351,0.4328811219121942,0.589776492121883,0.40716662425804795,0.387340525053236,0.6130785975906827,0.4383433714869984,0.0,0.41059149467627076,0.45551176539690363,0.5123876167520943,0.42388562775639316,0.4301515078368141,0.47849031717380397,0.42593121388313404,0.6343738080504071,0.45518261456368936,0.42224795217083466,0.5973091255704246,0.5885618006667317,0.4086782763373401,0.4549621372612149,0.4547728577001169,0.5529250207480927,0.42778533143056285
0.48579043002171174,0.5420118399542231,0.39825758265247224,0.46856183205951185,0.5025713003021532,0.5580518743243386,0.8053317883244833,0.4511134061298885,0.42287212210918845,0.4580204368523053,0.538346692481392,0.44785689258362027,0.5157931578758093,0.4696542868501672,0.44977064464114047,1.0,0.5393309306220624,0.5518263309000473,0.4689562194780347,0.8126179121760343,0.5291067273757908,0.48052363538380616,0.5203840767467761,0.5509158903695706,0.5358449870395512,0.5247602122116902,0.5220125267912417,0.4374629806178867,0.4004917509828566,0.40994749253232765,0.464081429949061,0.506285730952213,0.0,0.49327281124193156,0.5548345278910243,0.4225148940522645,0.7840063475991094,0.5137336554204945,0.38273005136361116,0.5189419012072846,0.48047377846198547,0.5491154526626567,0.5069156507100754,0.45550894706065326,0.4509181911027119,0.4103854817788182,0.5438326765616638,0.543731463055137,0.4312402991851878,0.4246270585736476
0.4838672459067318,0.6220577970708011,0.3934962829222344,0.4710620284712199,0.5479199377194631,0.6336668290452744,0.5333911778982857,0.4504159376036654,0.38644158756656133,0.4553076639106982,0.5661160187572964,0.46417509698497106,0.5216162885229101,0.4878528943985918,0.4525961866673519,0.5393309306220624,1.0,0.5634559867883131,0.4683002751497286,0.5231547601887323,0.5292716037475651,0.4602139579495643,0.5183799155814546,0.7004838485947318,0.6532246404183897,0.604623289431887,0.5396151464968371,0.44281542169201127,0.38381304622003976,0.36494155028090236,0.485308551015485,0.5626434285261095,0.0,0.5121160828674824,0.6541978934165937,0.41399528151274334,0.5155736645694509,0.5445855519646392,0.39460028899712263,0.5362668593973996,0.504652277546346,0.6380565680898176,0.5269900943312825,0.46914190818615475,0.46694627609799044,0.39546729080619025,0.6346247586939301,0.6340236826205519,0.43073648799263,0.40080356138715145
0.4879466427882382,0.5895898066374052,0.4084741734087889,0.4580440426924449,0.5314964210256422,0.5836899041827106,0.5639034701009273,0.4503097814306074,0.41539188930049187,0.45541494903527746,0.6346993860655192,0.4520195614590756,0.5973598362428365,0.47725944445653146,0.4418268947670626,0.5518263309000473,0.5634559867883131,1.0,0.5624960360809186,0.5594796201709851,0.6398489146714994,0.5606253107943078,0.6342164213905577,0.5676881315950721,0.5481930585787737,0.530708207038131,0.6314782807166609,0.45022540202171546,0.4094072254741128,0.4097051671925056,0.46719856012009175,0.5702375274638745,0.0,0.5899007779553248,0.5988130519195054,0.441132241611081,0.5418336530974908,0.5970937688281298,0.39798473609193485,0.6266561545459246,0.47419200883573176,0.6012282246589555,0.6089640403207641,0.4657571557016129,0.4576737709986861,0.4162190572438499,0.6011707542652283,0.6022462583067517,0.43941294004326625,0.4324974031510552
0.4167185344211084,0.48661515388589016,0.343378003758115,0.3877600216043887,0.4499321947499667,0.48968109602548304,0.47378047401839696,0.3927887857211878,0.3530016969216251,0.39103435181201585,0.5452612943543753,0.3918980319616774,0.6045580766473415,0.40530023771828894,0.3778824470349602,0.4689562194780347,0.4683002751497286,0.5624960360809186,1.0,0.46716477189343997,0.5395698636310589,0.60638358054413,0.5433341016146132,0.4723258029573173,0.46666042845726186,0.44384239926181623,0.5584182971407625,0.38726364739046815,0.35186196176925666,0.3479597628530833,0.3939308404824071,0.55400280071078,0.0,0.5364188853890708,0.4965353901308973,0.3729552338781369,0.454885095887977,0.532919875352028,0.33768146363980645,0.5494778364930142,0.40049074617751546,0.49390213194182464,0.5235664562515905,0.4026612530491994,0.3975747927868257,0.35671281212549233,0.49275969497677485,0.49301849930246355,0.373825689322818,0.3715209857364429
0.4792324632057037,0.5399042173500246,0.39830353210250324,0.4481180814362773,0.46900464504499384,0.5376679540751788,0.8943227777704421,0.43820580645620955,0.410366915339878,0.4391772576735946,0.534908626526241,0.4416425884368881,0.49654834037786455,0.4611336726863855,0.4293339502406669,0.8126179121760343,0.5231547601887323,0.5594796201709851,0.46716477189343997,1.0,0.5425670844413689,0.4660686492699678,0.5280840308989838,0.5226059470604543,0.5116727410693371,0.4940416482165033,0.5240565127867186,0.4356181711776792,0.40318700983469535,0.3999880057249241,0.45147629301659253,0.4883055776306444,0.0,0.4970407131754677,0.5506116781899553,0.42203960603967516,0.8381242874306347,0.5107994739418418,0.38352559898874505,0.521401658434834,0.4588102812518854,0.5431894645510253,0.5102297388607843,0.4522108362252394,0.44517505984234007,0.4092208897297466,0.5370705478515627,0.537763892452396,0.42781775746138107,0.42751827138925724
0.4633521146003411,0.556560391722871,0.3910414289579004,0.432323899274484,0.5173441756366597,0.5429630625046794,0.5457857640504828,0.42520628040461983,0.40366065173748045,0.42879284222333625,0.6060096882577587,0.4331128195675691,0.5966700615228715,0.4441114790739863,0.41925223941669953,0.5291067273757908,0.5292716037475651,0.6398489146714994,0.5395698636310589,0.5425670844413689,1.0,0.56143645367172,0.6383271516401953,0.5307601809663234,0.5192724821041259,0.5027618858421159,0.6188919302566143,0.4278262635160254,0.3962848006050612,0.3999253896450614,0.43714973569885873,0.5662270655523813,0.0,0.5972643078477593,0.5602179604082451,0.4196492677106469,0.5235535717993236,0.5879887941885982,0.37830245898322945,0.6228906292680709,0.4446940760839947,0.5559729457821216,0.601056034409919,0.44088679204129355,0.43622828515203294,0.40492870513075707,0.56595609968383,0.5668292409377742,0.419867203926388,0.4192318779239248
0.4199264255118602,0.4821345525512827,0.3485327382210591,0.38483885039333754,0.4594207671338346,0.5079560619395023,0.47201295319460734,0.3846163010743051,0.36765008492782447,0.3869319900312289,0.5621338941262077,0.3844754042628289,0.6084009297262568,0.39140899560356324,0.37367533652475027,0.48052363538380616,0.4602139579495643,0.5606253107943078,0.60638358054413,0.4660686492699678,0.56143645367172,1.0,0.6791407537198055,0.46982809147352533,0.47727905262869286,0.4486914070048702,0.5724252172608373,0.3812057026525867,0.36489450901688225,0.364440403621059,0.38084827476583427,0.5545910046954183,0.0,0.6367901576487451,0.4854913956100301,0.37515396854543726,0.4541401739843334,0.5459427559318369,0.3325455604100954,0.5758168104933551,0.38331168273799743,0.4817739282843587,0.5553606243809851,0.3941543280536475,0.390389332382452,0.3691332970555973,0.4889845789724757,0.48911412706926527,0.3751652007290416,0.38813424129470997
0.4631930696627514,0.5465063118900881,0.3889112368066385,0.4302276078518815,0.5144451301269486,0.5396924868954291,0.5331816096074098,0.42843710432111515,0.40859761389702276,0.4231345501077477,0.6017580387462498,0.4254039275220445,0.6258004738925906,0.43706491069021103,0.4164281743788366,0.5203840767467761,0.5183799155814546,0.6342164213905577,0.5433341016146132,0.5280840308989838,0.6383271516401953,0.6791407537198055,1.0,0.5107100941606306,0.5118090024578015,0.48280510705299684,0.6304769441661225,0.4249661881800074,0.41053816477982785,0.4043385654513304,0.4261681116143382,0.5815993953391562,0.0,0.6922905257088412,0.540902427976879,0.4175743078556685,0.5130403581512228,0.5885763404477975,0.37801170089650327,0.6234538415439744,0.4286176277425099,0.5391083356897413,0.6129713991211803,0.4363365226076098,0.4335071776568433,0.4021082411037076,0.5454301208556803,0.5464882334779608,0.41711629010430407,0.4257210487513069
0.4899300433576407,0.6590065528137653,0.3934034911158162,0.47572756639011216,0.5521469303023756,0.6802244093952664,0.5351383212240415,0.4598011618262019,0.39069091450078564,0.4628107523724516,0.5778699536199969,0.4696863214395257,0.5314058532552723,0.4850507607951271,0.4562574527896358,0.5509158903695706,0.7004838485947318,0.5676881315950721,0.4723258029573173,0.5226059470604543,0.5307601809663234,0.46982809147352533,0.5107100941606306,1.0,0.6944894136015904,0.6053660518965682,0.5458625435500413,0.44216296715609527,0.385045995342448,0.3719179283463421,0.4882402832391377,0.544382748229115,0.0,0.5023446070139104,0.6974150581520322,0.4135471785359054,0.5162518120977999,0.5483819456724555,0.39189503745963594,0.5367016158283358,0.5112471757049571,0.6498915291313111,0.5243574448322426,0.4695611228942045,0.4662944590823217,0.39274253548027693,0.6290214929413172,0.6283665611954198,0.43059902372991676,0.39992459014947146
0.4793636230508881,0.6497242095321956,0.38774729762844073,0.46265895415527847,0.5301030420518086,0.6681915123591087,0.5213507639430066,0.44468427443992764,0.3895300218747514,0.4534868423763796,0.5609826378521305,0.45342078081213055,0.5107417738553435,0.4691423908363891,0.44269765278140805,0.5358449870395512,0.6532246404183897,0.5481930585787737,0.46666042845726186,0.5116727410693371,0.5192724821041259,0.47727905262869286,0.5118090024578015,0.6944894136015904,1.0,0.6102112783640883,0.5283215362907225,0.4310297360806955,0.38218186877462945,0.371273260997558,0.4689410066753623,0.5597877957829205,0.0,0.4964252818134558,0.668531980271543,0.40637345345950293,0.5028916822795175,0.5433423057492637,0.38247474476395893,0.5273320075543164,0.485872284016878,0.6137428662077569,0.5164119338526962,0.46298826844406515,0.4578979383172165,0.40162189987983954,0.6114204984839828,0.6104399012667021,0.42887238874437283,0.39963115219230416
0.45677652270567737,0.5790923613993167,0.3692110117916878,0.4457901806184297,0.49693868160708776,0.5916991132721465,0.5031601464264518,0.42887193507539956,0.3646605671197044,0.4340328091333786,0.5396105460062786,0.4409401820754205,0.4931321206689019,0.4574823734799103,0.4309255015594351,0.5247602122116902,0.604623289431887,0.530708207038131,0.44384239926181623,0.4940416482165033,0.5027618858421159,0.4486914070048702,0.48280510705299684,0.6053660518965682,0.6102112783640883,1.0,0.5084417954296621,0.4145757917338694,0.3490414598654872,0.346427251622228,0.45870121555560905,0.49425324505314805,0.0,0.4695840725270741,0.6093904887272252,0.3895375697648651,0.48800154078241875,0.5192922195456586,0.36702193486904244,0.5066436256771742,0.47788992913818307,0.596360988705094,0.48723287350352285,0.4427069832831445,0.43673947848074934,0.3732715349121283,0.5892711152198772,0.5892448955364495,0.41163261682392294,0.3760931956306194
0.4743053615855536,0.575440728594044,0.3994324345770106,0.445340662462578,0.5357788233164774,0.5548648084558778,0.526137000507757,0.44096683043673757,0.4128294573151601,0.4449671837589444,0.6347018602799572,0.44277901359564664,0.6376442237831854,0.4621969740130476,0.4328811219121942,0.5220125267912417,0.5396151464968371,0.6314782807166609,0.5584182971407625,0.5240565127867186,0.6188919302566143,0.5724252172608373,0.6304769441661225,0.5458625435500413,0.5283215362907225,0.5084417954296621,1.0,0.43641006930800263,0.4080343190715212,0.4043679312501489,0.45374328039888945,0.5879849526336363,0.0,0.6115984555060789,0.5744943382711094,0.4173552438876602,0.5086760369244605,0.6732610921205006,0.37644190760396,0.6597729252933383,0.4600374837587733,0.5769793099664249,0.688018034401676,0.45335606676876894,0.4428775697331312,0.4083010683155953,0.5748087174088272,0.5760491583805183,0.4331676045324945,0.4251440158754517
0.44955437842352786,0.46614708512966274,0.3750618884931983,0.6228089313405214,0.4052723305766961,0.4506841309370203,0.4371128342892947,0.741980485044085,0.3856195368640871,0.607133617161532,0.4526568077009352,0.5884512495835523,0.42791891159554696,0.6317469631610633,0.589776492121883,0.4374629806178867,0.44281542169201127,0.45022540202171546,0.38726364739046815,0.4356181711776792,0.4278262635160254,0.3812057026525867,0.4249661881800074,0.44216296715609527,0.4310297360806955,0.4145757917338694,0.43641006930800263,1.0,0.41224996428657,0.38073475764292897,0.5887751930579532,0.41989850850129407,0.0,0.41553874024182047,0.4567571874893077,0.5217979882154788,0.4203413483272769,0.4426734701829117,0.4827122739074524,0.4348786003314672,0.5933670556053229,0.4559615321146765,0.42502522689824496,0.8274074874971039,0.7900976319948386,0.41309357196391694,0.45553159522597353,0.45656964877060635,0.5789545493966379,0.42544884340096767
0.4360642809487123,0.4153802564868848,0.36742180589036355,0.4062966804046112,0.38858088707958816,0.40683642255940033,0.3998083942141012,0.4158379045642595,0.41440152321969215,0.4186233682261976,0.411194383069041,0.4092576430437955,0.40103706041333786,0.4149807060421047,0.40716662425804795,0.4004917509828566,0.38381304622003976,0.4094072254741128,0.35186196176925666,0.40318700983469535,0.3962848006050612,0.36489450901688225,0.41053816477982785,0.385045995342448,0.38218186877462945,0.3490414598654872,0.4080343190715212,0.41224996428657,1.0,0.41064261030743443,0.39959428011137565,0.39461681156189843,0.0,0.4021154612037535,0.39656567177555124,0.4072226792747017,0.3877346096280575,0.4007300678591865,0.35247009529321005,0.40902000557454654,0.3959513187138901,0.3894649756364833,0.40343765975478496,0.413246809653381,0.41161432377993035,0.4673160940938592,0.39941229128410627,0.40009897867192545,0.40566710829850916,0.6523151728017453
0.4677888730453288,0.40605498691608444,0.36573791481390117,0.39009651158566794,0.3938486275658847,0.3855039349318955,0.3946813940135788,0.39212457126474987,0.49194776489544356,0.3987112546243303,0.4123193568288914,0.38061119500624463,0.41435504212263896,0.384253847622012,0.387340525053236,0.40994749253232765,0.36494155028090236,0.4097051671925056,0.3479597628530833,0.3999880057249241,0.3999253896450614,0.364440403621059,0.4043385654513304,0.3719179283463421,0.371273260997558,0.346427251622228,0.4043679312501489,0.38073475764292897,0.41064261030743443,1.0,0.37468473499976673,0.3917902467218778,0.0,0.3909362449701068,0.3866309407480871,0.3803078687673316,0.3893785324439363,0.39311349472139867,0.32970611899631685,0.4180742291033833,0.3780119522632458,0.38191286157152515,0.4113741453389942,0.38492900503262983,0.37890193083900436,0.40974666644904933,0.39712513317988907,0.39770446029330897,0.37768954866456905,0.42849458533398377
0.449501032385051,0.4858803331751135,0.37953825592553314,0.6243031436586752,0.438200775914814,0.483731090823754,0.45565919223166196,0.5930688913536302,0.3922819122333212,0.6276410326250859,0.46966924937765164,0.5759736049121429,0.4427268415609438,0.6346082413932108,0.6130785975906827,0.464081429949061,0.485308551015485,0.46719856012009175,0.3939308404824071,0.45147629301659253,0.43714973569885873,0.38084827476583427,0.4261681116143382,0.4882402832391377,0.4689410066753623,0.45870121555560905,0.45374328039888945,0.5887751930579532,0.39959428011137565,0.37468473499976673,1.0,0.433091778736453,0.0,0.4211192929920413,0.4907127738064375,0.5150386529487412,0.4394132071932928,0.44967542321692433,0.46938499823458957,0.44860377871053214,0.7330343331019346,0.49726308520013174,0.4329105427458726,0.6042600242034002,0.5890067800378008,0.41005836583512534,0.4862458622346937,0.48719727363695187,0.5578833874967171,0.419213483750452
0.45245148949209435,0.5309984207619245,0.373554626581142,0.4507174704678638,0.5572998978856065,0.5439235678178589,0.4915016913780007,0.4371210911304272,0.40717803817180376,0.4351920604036824,0.5765986025616441,0.4261286310101703,0.6141548104818164,0.4432278486790644,0.4383433714869984,0.506285730952213,0.5626434285261095,0.5702375274638745,0.55400280071078,0.4883055776306444,0.5662270655523813,0.5545910046954183,0.5815993953391562,0.544382748229115,0.5597877957829205,0.49425324505314805,0.5879849526336363,0.41989850850129407,0.39461681156189843,0.3917902467218778,0.433091778736453,1.0,0.0,0.5713026781871486,0.5314457203296692,0.3974603135639223,0.48642586113781905,0.5861851249888954,0.37180033059663853,0.5911257343836347,0.4486909137758014,0.5379205229956042,0.5878728146054832,0.4350659216400946,0.4359927499450531,0.39328263138632424,0.5450448088845521,0.5445532047232321,0.40257423855585284,0.40447712429952776
0.0,0.0,0.0,0.0,0.0,0.0,0.0,0.0,0.0,0.0,0.0,0.0,0.0,0.0,0.0,0.0,0.0,0.0,0.0,0.0,0.0,0.0,0.0,0.0,0.0,0.0,0.0,0.0,0.0,0.0,0.0,0.0,1.0,0.0,0.0,0.0,0.0,0.0,0.0,0.0,0.0,0.0,0.0,0.0,0.0,0.0,0.0,0.0,0.0,0.0
0.4508619332880546,0.5331726624223163,0.38278118492358715,0.4190594334963825,0.5144779032591971,0.5326295033639614,0.49909705882303057,0.4225040288394367,0.40106276340736613,0.41735809573844984,0.5877365533720105,0.42112666776108443,0.6247857266851002,0.43177376290516545,0.41059149467627076,0.49327281124193156,0.5121160828674824,0.5899007779553248,0.5364188853890708,0.4970407131754677,0.5972643078477593,0.6367901576487451,0.6922905257088412,0.5023446070139104,0.4964252818134558,0.4695840725270741,0.6115984555060789,0.41553874024182047,0.4021154612037535,0.3909362449701068,0.4211192929920413,0.5713026781871486,0.0,1.0,0.5313228021771491,0.4209194533035433,0.4814547001471795,0.5875020389599028,0.38596131247490006,0.6147445069296102,0.42588495137763094,0.5323189494058727,0.6060580247559371,0.42854328175095535,0.4258632606689601,0.3917867142704248,0.5364041129805617,0.5368848717910832,0.4077334499024956,0.4182364675787926
0.500844062385529,0.6961943547777834,0.40725993097687363,0.4751568000087605,0.5304481004414288,0.686350231265733,0.5595176541116198,0.4589490020687296,0.3997436495004668,0.4666481100640767,0.6031411953795687,0.4777080426376523,0.5454208828481033,0.49800558690883645,0.45551176539690363,0.5548345278910243,0.6541978934165937,0.5988130519195054,0.4965353901308973,0.5506116781899553,0.5602179604082451,0.4854913956100301,0.540902427976879,0.6974150581520322,0.668531980271543,0.6093904887272252,0.5744943382711094,0.4567571874893077,0.39656567177555124,0.3866309407480871,0.4907127738064375,0.5314457203296692,0.0,0.5313228021771491,1.0,0.4273946807140119,0.5313396134649209,0.5668421733212714,0.403972075896887,0.5736077412454242,0.5087515212310219,0.6692503786141597,0.5577385498309151,0.4788379835905615,0.4729312011502681,0.41105337414858445,0.6557141778454494,0.6560100644414021,0.44827750755138585,0.41811477845797196
0.4245602394692173,0.42652154351486427,0.3638392233567732,0.5248251534932985,0.386659427986518,0.43127221909774716,0.4233982527837019,0.5232026643053297,0.39051142560197427,0.5343528610765074,0.43336723998940285,0.5110879515197067,0.40682077876500533,0.5320824546816101,0.5123876167520943,0.4225148940522645,0.41399528151274334,0.441132241611081,0.3729552338781369,0.42203960603967516,0.4196492677106469,0.37515396854543726,0.4175743078556685,0.4135471785359054,0.40637345345950293,0.3895375697648651,0.4173552438876602,0.5217979882154788,0.4072226792747017,0.3803078687673316,0.5150386529487412,0.3974603135639223,0.0,0.4209194533035433,0.4273946807140119,1.0,0.40960204118243315,0.4082019807165628,0.4735451416333992,0.4231805568091065,0.5128810796012879,0.42724571961760405,0.40943268843819725,0.5308328895559544,0.5268627493215648,0.40160850192717745,0.42614486393204887,0.4264620745731875,0.5165318825409158,0.4211239583638733
0.463940913335663,0.518371879209329,0.382482230089111,0.442419359631842,0.4706817599314267,0.5215019664424927,0.8348751229906628,0.4268512935731531,0.40351657749659375,0.429605261710152,0.5164590010572032,0.42931566824318457,0.4915442008086597,0.4464797211774425,0.42388562775639316,0.7840063475991094,0.5155736645694509,0.5418336530974908,0.454885095887977,0.8381242874306347,0.5235535717993236,0.4541401739843334,0.5130403581512228,0.5162518120977999,0.5028916822795175,0.48800154078241875,0.5086760369244605,0.4203413483272769,0.3877346096280575,0.3893785324439363,0.4394132071932928,0.48642586113781905,0.0,0.4814547001471795,0.5313396134649209,0.40960204118243315,1.0,0.4962270381573214,0.3739013237066152,0.5001464647973615,0.4490858552422373,0.5266590487648588,0.496982810069721,0.43678444495325885,0.4309150773116468,0.39258397973241976,0.5171491119861487,0.517420107798767,0.4123907755297074,0.41197890116028135
0.4795471748863077,0.5819103105634058,0.3957328186575345,0.44074516299231614,0.5487787781281867,0.5668773762678749,0.5130765570605005,0.44858389885187466,0.39906849758813634,0.44339984115497866,0.6194132388442618,0.4457563057630056,0.6073684851318446,0.45889944793303694,0.4301515078368141,0.5137336554204945,0.5445855519646392,0.5970937688281298,0.532919875352028,0.5107994739418418,0.5879887941885982,0.5459427559318369,0.5885763404477975,0.5483819456724555,0.5433423057492637,0.5192922195456586,0.6732610921205006,0.4426734701829117,0.4007300678591865,0.39311349472139867,0.44967542321692433,0.5861851249888954,0.0,0.5875020389599028,0.5668421733212714,0.4082019807165628,0.4962270381573214,1.0,0.3872931901604145,0.6317275929112283,0.4623919802928588,0.5800206088828512,0.679319416343068,0.4615199276718549,0.4497813603810634,0.40527569553562826,0.5851778179221374,0.586195786265602,0.43514078593804406,0.4151487792542434
0.4035405562346821,0.396503213221838,0.3303944754371273,0.48508703854175483,0.38628334751942695,0.40832973104916404,0.3882432062939156,0.48138726487984085,0.34004728978084253,0.4866782664668725,0.39582000887731794,0.48070607211797967,0.37341436192061517,0.49056925839478516,0.47849031717380397,0.38273005136361116,0.39460028899712263,0.39798473609193485,0.33768146363980645,0.38352559898874505,0.37830245898322945,0.3325455604100954,0.37801170089650327,0.39189503745963594,0.38247474476395893,0.36702193486904244,0.37644190760396,0.4827122739074524,0.35247009529321005,0.32970611899631685,0.46938499823458957,0.37180033059663853,0.0,0.38596131247490006,0.403972075896887,0.4735451416333992,0.3739013237066152,0.3872931901604145,1.0,0.3808349634734748,0.4763035374841469,0.40846596792047607,0.3774410327158221,0.48981348241058376,0.49338269287290837,0.35106196720439975,0.40073040370507695,0.4000578402260906,0.46612309602889257,0.36567764989080964
0.4743481398024544,0.5740264519399936,0.40253122046563217,0.4366759667732293,0.538387571281109,0.559136672753394,0.5215207154968029,0.438007588714332,0.41723337456061393,0.4426754974059359,0.6482423772257144,0.4399375736559108,0.6392771719647233,0.45412514499279744,0.42593121388313404,0.5189419012072846,0.5362668593973996,0.6266561545459246,0.5494778364930142,0.521401658434834,0.6228906292680709,0.5758168104933551,0.6234538415439744,0.5367016158283358,0.5273320075543164,0.5066436256771742,0.6597729252933383,0.4348786003314672,0.40902000557454654,0.4180742291033833,0.44860377871053214,0.5911257343836347,0.0,0.6147445069296102,0.5736077412454242,0.4231805568091065,0.5001464647973615,0.6317275929112283,0.3808349634734748,1.0,0.4516819346280281,0.5768811069003599,0.647347295823148,0.4482734357489928,0.4419298585810919,0.41833497222960414,0.5896170296593897,0.5908001780281399,0.4307087217847143,0.43402249893982303
