../ecoli_genomes/GCF_000163235.1_ASM16323v1_genomic.fna.gz,../ecoli_genomes/GCF_000164555.1_ASM16455v1_genomic.fna.gz,../ecoli_genomes/GCF_000208545.1_ASM20854v2_genomic.fna.gz,../ecoli_genomes/GCF_000233875.1_ASM23387v1_genomic.fna.gz,../ecoli_genomes/GCF_000249735.1_ASM24973v2_genomic.fna.gz,../ecoli_genomes/GCF_000261145.1_Esch_coli_M919_V2_genomic.fna.gz,../ecoli_genomes/GCF_000267705.2_ASM26770v2_genomic.fna.gz,../ecoli_genomes/GCF_000350665.1_Esch_coli_KTE5_V1_genomic.fna.gz,../ecoli_genomes/GCF_000351625.1_Esch_coli_KTE66_V1_genomic.fna.gz,../ecoli_genomes/GCF_000352285.1_Esch_coli_KTE46_V1_genomic.fna.gz,../ecoli_genomes/GCF_000358895.1_ASM35889v1_genomic.fna.gz,../ecoli_genomes/GCF_000456385.1_Esch_coli_HVH_26_4-5703913_V1_genomic.fna.gz,../ecoli_genomes/GCF_000458195.1_Esch_coli_HVH_147_4-5893887_V1_genomic.fna.gz,../ecoli_genomes/GCF_000459755.1_Esch_coli_KOEGE_58_171a_V1_genomic.fna.gz,../ecoli_genomes/GCF_000460055.1_Esch_coli_UMEA_3053-1_V1_genomic.fna.gz,../ecoli_genomes/GCF_000462165.2_ASM46216v2_genomic.fna.gz,../ecoli_genomes/GCF_000601135.1_ASM60113v1_genomic.fna.gz,../ecoli_genomes/GCF_000614595.1_Ec2010EL1058_genomic.fna.gz,../ecoli_genomes/GCF_000617745.1_Ec2010C-4529_genomic.fna.gz,../ecoli_genomes/GCF_000618265.2_EcF6751_genomic.fna.gz,../ecoli_genomes/GCF_000619005.2_Ec2009C-4052_genomic.fna.gz,../ecoli_genomes/GCF_000619105.1_Ec2009C-4780_genomic.fna.gz,../ecoli_genomes/GCF_000619765.2_Ec2009C-3279_genomic.fna.gz,../ecoli_genomes/GCF_000687005.1_ASM68700v1_genomic.fna.gz,../ecoli_genomes/GCF_000687025.1_ASM68702v1_genomic.fna.gz,../ecoli_genomes/GCF_000700125.1_ASM70012v1_genomic.fna.gz,../ecoli_genomes/GCF_000753315.1_FHI35_genomic.fna.gz,../ecoli_genomes/GCF_000776375.1_ASM77637v1_genomic.fna.gz,../ecoli_genomes/GCF_000779395.1_ASM77939v1_genomic.fna.gz,../ecoli_genomes/GCF_000780315.1_ASM78031v1_genomic.fna.gz,../ecoli_genomes/GCF_000781995.1_ASM78199v1_genomic.fna.gz,../ecoli_genomes/GCF_000986765.1_ASM98676v1_genomic.fna.gz,../ecoli_genomes/GCF_001041375.1_ViralProj287958_genomic.fna.gz,../ecoli_genomes/GCF_001265335.1_302014_genomic.fna.gz,../ecoli_genomes/GCF_001265625.1_100854_genomic.fna.gz,../ecoli_genomes/GCF_001267345.1_303289_genomic.fna.gz,../ecoli_genomes/GCF_001309985.1_ASM130998v1_genomic.fna.gz,../ecoli_genomes/GCF_001521695.1_ASM152169v1_genomic.fna.gz,../ecoli_genomes/GCF_001592595.1_ASM159259v1_genomic.fna.gz,../ecoli_genomes/GCF_001614975.1_ASM161497v1_genomic.fna.gz,../ecoli_genomes/GCF_001692775.1_ASM169277v1_genomic.fna.gz,../ecoli_genomes/GCF_001748915.1_ASM174891v1_genomic.fna.gz,../ecoli_genomes/GCF_001749235.1_ASM174923v1_genomic.fna.gz,../ecoli_genomes/GCF_001881155.1_ASM188115v1_genomic.fna.gz,../ecoli_genomes/GCF_001881345.1_ASM188134v1_genomic.fna.gz,../ecoli_genomes/GCF_001892405.1_ASM189240v1_genomic.fna.gz,../ecoli_genomes/GCF_001892585.1_ASM189258v1_genomic.fna.gz,../ecoli_genomes/GCF_001893985.1_ASM189398v1_genomic.fna.gz,../ecoli_genomes/GCF_002001595.1_ASM200159v1_genomic.fna.gz,../ecoli_genomes/GCF_002002145.1_ASM200214v1_genomic.fna.gz
1.0,0.8014190363968524,0.7710661785967021,0.7753845331247831,0.765807257377924,0.793157798841512,0.7894037091918684,0.7816990659529438,0.8106776164546599,0.7857224450445219,0.7913601450270941,0.7879534590611385,0.7786034722861175,0.7799019889678338,0.7721195001011925,0.791629885076941,0.7716726319689002,0.7909436443557256,0.7349262035100983,0.7912453309109005,0.7847375332082877,0.7733401558684272,0.7942232518980902,0.7759103291797603,0.7743728147993404,0.7608003056580269,0.7900821382193093,0.7825002376989283,0.7939798649991567,0.8131033192725932,0.7722526299272724,0.7785083724961035,0.04998975759243829,0.7880370486315449,0.782300960018643,0.7436319530933153,0.7816169348106955,0.790778701323252,0.7580570775405604,0.7882364369949385,0.7824027634610549,0.7890462786065761,0.7905506833658092,0.788469170838853,0.7896963078562966,0.785549336472354,0.7883775462373298,0.7892651136186777,0.7790944888857976,0.798783303595781
0.8014190363968524,1.0,0.7722932551106212,0.7806486252073317,0.7898111544518178,0.8482289880465466,0.7967535579345866,0.7834182743247426,0.7908462493712777,0.7825315292535074,0.8273866082652134,0.7864705660168335,0.8113991572725527,0.7772454531136107,0.7757561903823029,0.8023385465838204,0.8044814897085641,0.8247380715583692,0.7590514721864713,0.7997336238682596,0.8124812892781685,0.8044279656241953,0.8284424570903615,0.8339935237247066,0.8296925478772863,0.8069476939138347,0.8265404315691885,0.7819896287781445,0.7937605792749423,0.7996655289838859,0.7730097538772305,0.810988418437284,0.049313841621174026,0.8210269227954194,0.8413601740678165,0.7423283915834606,0.7898417279840453,0.8197302484571494,0.7470296760347254,0.8263393930434044,0.7783786436743686,0.8308063740175113,0.826859255174039,0.7902128583280059,0.7893377674740444,0.7928978517305462,0.8405884612512586,0.8409675713880245,0.7748609456992139,0.7962063608447285
0.7710661785967021,0.7722932551106212,1.0,0.7548376025384215,0.7403618789803156,0.7582170520642084,0.7611892646963926,0.7590900100856828,0.7612582094493318,0.7602811410718172,0.7635620688554613,0.7616094298348367,0.7538722575874006,0.7578987478958478,0.7602227952628093,0.7654380825544493,0.737683052626829,0.7684121212648988,0.7100249151401288,0.7647224995492969,0.7621040980646575,0.7486369754063444,0.7666528956215506,0.7447402325608037,0.7447433317184236,0.7353416277441782,0.76264756730895,0.7624018931674634,0.7671310312161062,0.7751280195434769,0.7547436416756301,0.751996628394868,0.05468567706236849,0.7564664333586091,0.7579224771569406,0.7404970876106991,0.7526156230108589,0.7625153939520136,0.7353157258208073,0.7659309402905465,0.7614630896507983,0.7618407119928867,0.7662368574229177,0.7700274116020489,0.7667284532036573,0.7575905387182871,0.7658150487323374,0.765902537938288,0.7689046796643364,0.7685600669345032
0.7753845331247831,0.7806486252073317,0.7548376025384215,1.0,0.7577931916637798,0.7819355347889716,0.7656648641978995,0.8377038138584845,0.7672427186005326,0.8425085208088198,0.7659447550025946,0.8423877555174044,0.76190588377879,0.8524440191897781,0.8616228903749023,0.7722528382465321,0.7572943693493775,0.7656466981598388,0.7134450940713442,0.7675557106987038,0.7656263813926345,0.7510224653633444,0.7785987564741663,0.7598604619129684,0.7652026028957742,0.7532671611303997,0.7684869911663467,0.8472044504432634,0.7752683326126639,0.7656999388176287,0.836735038912215,0.7656925187405925,0.04941332144821964,0.766014826708813,0.7678706150870949,0.7749119343451978,0.7609793040215505,0.7614449769907388,0.7840585021424735,0.7652543424385878,0.8509145315059776,0.7651764960864018,0.7615475936505425,0.8451703012463273,0.8459707450039774,0.7749900250271682,0.7676942397258042,0.7685145129754472,0.8224941183928722,0.7830935218749374
0.765807257377924,0.7898111544518178,0.7403618789803156,0.7577931916637798,1.0,0.8018505356724286,0.7648656136388019,0.7547385226343815,0.7723854399831173,0.7520426982658815,0.8070275188222774,0.7492760230137423,0.7941948678152088,0.7442014306754559,0.7573343957298861,0.7795624985497769,0.7994435291308043,0.7865840104037631,0.7362647298387813,0.7683286631110501,0.7887259591565476,0.769993828291039,0.791485825093132,0.795671206691793,0.7919683247409895,0.8000033439047674,0.790769533646337,0.7475737007414616,0.7659230565161848,0.7672975588139249,0.7473596083382598,0.798863333079189,0.05198473259219438,0.7877441424812628,0.78798460500469,0.7192537380688794,0.7669051020367934,0.7968782644577548,0.7210334730185434,0.7963630208781576,0.7586619849153269,0.7882141737719072,0.79648810304404,0.7540169235839016,0.7519586757707117,0.7515396903073343,0.7955981795455145,0.7967852013653385,0.7488392073502694,0.7609026734724031
0.793157798841512,0.8482289880465466,0.7582170520642084,0.7819355347889716,0.8018505356724286,1.0,0.8041395749957314,0.7810209615648396,0.7905736842053878,0.7724234580809834,0.8132769557758558,0.7792507402267145,0.803520954385394,0.7712141291879412,0.7744706250093596,0.8072905933300344,0.8043409672503543,0.8178237877695513,0.7637623612626593,0.8037480619240284,0.8120205794826021,0.8017179744007842,0.8285143377746303,0.8244333140001426,0.8301140886898879,0.7956067023604343,0.8187147681543518,0.7747041204043251,0.7894602216345343,0.7846170851581239,0.7700762480561306,0.8078197072437052,0.05176635142198327,0.8219450971126716,0.8412504631097406,0.7480968101420896,0.7987398607120441,0.8107918689042917,0.7551567716473553,0.8186719039316321,0.7772279158258186,0.8243874067520256,0.8163800433900332,0.7821566387067385,0.7802158516530917,0.7847213408804052,0.830839348484647,0.8332884963902324,0.7704861853557871,0.7951692965695658
0.7894037091918684,0.7967535579345866,0.7611892646963926,0.7656648641978995,0.7648656136388019,0.8041395749957314,1.0,0.7657627312004738,0.7831215565800183,0.7694471858622257,0.7890942266107889,0.7702444140955269,0.7828824121487857,0.7611107515594752,0.7646988895444267,0.9154962327999918,0.7691150535327349,0.8141562399416337,0.7518574991553638,0.9515738996755564,0.810299644869112,0.7855249852750016,0.8120173766901921,0.7786058682249721,0.7802519516400853,0.7631567426646217,0.8012092881549504,0.763822367440633,0.7792257431846524,0.7798293924808082,0.7595742278311008,0.7834412031142146,0.04793556891062101,0.799307143330986,0.7999852877224906,0.7456204310654859,0.9293138500836705,0.7820063326794787,0.7549523774433887,0.7900358141506322,0.7661461297160359,0.7973317684066428,0.797430325420439,0.7738303512460869,0.7721716810359427,0.7755179357348718,0.7949702742314224,0.7954985875329706,0.7632526718246794,0.7842508507108041
0.7816990659529438,0.7834182743247426,0.7590900100856828,0.8377038138584845,0.7547385226343815,0.7810209615648396,0.7657627312004738,1.0,0.7744825726251703,0.8386701280718504,0.7705963549200299,0.8360189717876081,0.7661895625320608,0.8276672434068753,0.8333650012115897,0.7682948018785851,0.7534373685155918,0.7684799298387653,0.7197446975822879,0.7654191652019828,0.7664186424653789,0.7519084664113902,0.7736350632206059,0.7615542040728193,0.7605672900210831,0.748310771603895,0.7734221407104284,0.8842185418340986,0.7829360460327707,0.7740725506550753,0.8229988781995482,0.7647142302485899,0.05030490733537718,0.7654005028122898,0.7680080386682786,0.7789775406300581,0.7573497442186778,0.7770124145634498,0.789588678107812,0.775631352433106,0.8328757832546374,0.770328906583682,0.7724187934397121,0.8926217802667722,0.8823680922216043,0.7821918877994871,0.7675622898759479,0.7681663333394615,0.8235589092668245,0.7859452250849832
0.8106776164546599,0.7908462493712777,0.7612582094493318,0.7672427186005326,0.7723854399831173,0.7905736842053878,0.7831215565800183,0.7744825726251703,1.0,0.7800909964147031,0.7906172696950915,0.7693663261948708,0.7828907976603658,0.7690150108928843,0.7704970234725604,0.7926206521508327,0.7677553138008175,0.7861637689913026,0.7338446320968104,0.7859908389548652,0.7785878613600817,0.7707670371455472,0.7850011295928161,0.7732556088469454,0.7720019219629713,0.7667132123472632,0.7941414540669824,0.7713797532693986,0.7897617824944833,0.8223799954725486,0.7695396831310408,0.7748005081320628,0.05475169180400996,0.7839560559138415,0.7862385585911341,0.7427712405986079,0.7806105321839146,0.7851446945626741,0.7401574181308175,0.7893914234683106,0.7747651106517942,0.7842336986913575,0.793336650350563,0.7806236006250832,0.7747086421647646,0.7886916173131207,0.7870579008315733,0.7880770249197326,0.7734074909963176,0.7979213014459293
0.7857224450445219,0.7825315292535074,0.7602811410718172,0.8425085208088198,0.7520426982658815,0.7724234580809834,0.7694471858622257,0.8386701280718504,0.7800909964147031,1.0,0.7768962379185911,0.8361823513032663,0.7721861721924846,0.8352461641952724,0.8388424966262897,0.7797015956290692,0.748236054688686,0.7702191514894281,0.7186768628337166,0.7724527885757205,0.761975519730106,0.75723832328942,0.7696892024448084,0.7625894192059326,0.7598044218572123,0.7475428961300633,0.7728220989896629,0.8393691417248782,0.7813063214303491,0.7791652435720207,0.8454666977534872,0.7586135182799656,0.04534407817429276,0.7620417811859983,0.7689470506173454,0.7770667299927811,0.7644780187833219,0.7661426399196729,0.7879739235944707,0.7730054022105308,0.8519508186435985,0.7664631453613188,0.7699480283091285,0.8440495901333628,0.8443686507459096,0.7799774602284272,0.7714412861867964,0.7717477713575619,0.8339908156788192,0.7861857042349447
0.7913601450270941,0.8273866082652134,0.7635620688554613,0.7659447550025946,0.8070275188222774,0.8132769557758558,0.7890942266107889,0.7705963549200299,0.7906172696950915,0.7768962379185911,1.0,0.7698347461289599,0.8439079019423797,0.7641299851733392,0.7647547379440427,0.7961219935114323,0.789749784825226,0.8368936732178908,0.7724985785770508,0.7929050092141717,0.8241789879743139,0.8225501262682702,0.8329640356119415,0.8120568287758017,0.7944647204811686,0.7998477956737864,0.8448343900730134,0.7721074869629962,0.7915388311378158,0.7971448387576481,0.7647008140877193,0.8171598077364942,0.04973454282340162,0.8305781385216734,0.8141881976391594,0.740923636312087,0.7818967785850666,0.8329115443392615,0.7409409978523699,0.8545736093187237,0.7679822010492515,0.8164126745152547,0.8478277213566675,0.7769742897242555,0.7749011821021026,0.7836212242504711,0.8317834550857823,0.832571814512423,0.7657245613434548,0.7979696784297229
0.7879534590611385,0.7864705660168335,0.7616094298348367,0.8423877555174044,0.7492760230137423,0.7792507402267145,0.7702444140955269,0.8360189717876081,0.7693663261948708,0.8361823513032663,0.7698347461289599,1.0,0.7649549081461567,0.8337890496294628,0.8579995790164607,0.7707111445405258,0.7553288785432397,0.7676809449350291,0.7208330186585878,0.7711454009401242,0.7681590922269923,0.7577783007226947,0.7761855740152338,0.7598937960571241,0.7590578154810113,0.748319289625619,0.7732503269397947,0.8371950532313369,0.7818474544443856,0.7817856917822182,0.8165681200572319,0.7631766413645928,0.0518689662380627,0.769332556958736,0.7725133881342053,0.7781090635574739,0.7623446700799665,0.7729011104326375,0.7840013587258061,0.7745652435802578,0.8310903147602228,0.7669162896438576,0.7713380101333216,0.8400591910828161,0.8384542511703978,0.7878532485389889,0.7758428923147289,0.7765909372361184,0.8180315178059212,0.7862325452174488
0.7786034722861175,0.8113991572725527,0.7538722575874006,0.76190588377879,0.7941948678152088,0.803520954385394,0.7828824121487857,0.7661895625320608,0.7828907976603658,0.7721861721924846,0.8439079019423797,0.7649549081461567,1.0,0.7595881505399971,0.7655293746815123,0.7945400843394201,0.7768858226289256,0.8263111290198233,0.8178671514486631,0.7850423635940784,0.8240631628962143,0.8505592535728318,0.8375082580656003,0.7945069230075271,0.7808404060737254,0.7838354061811674,0.8437410212523714,0.7636199100417835,0.7770114389957912,0.786236771346582,0.7579130876575542,0.8343191432699949,0.05759317892615534,0.8381366465089025,0.8032899778082716,0.7325340568558972,0.7787660590878349,0.8284359207995801,0.7317274419461671,0.8470790101477703,0.7638820851677462,0.797880914888594,0.8440353187887576,0.7684976659819873,0.7658167382770205,0.7742361570159837,0.8174992595560273,0.8171944068337458,0.7588251745973044,0.7797182765348419
0.7799019889678338,0.7772454531136107,0.7578987478958478,0.8524440191897781,0.7442014306754559,0.7712141291879412,0.7611107515594752,0.8276672434068753,0.7690150108928843,0.8352461641952724,0.7641299851733392,0.8337890496294628,0.7595881505399971,1.0,0.8554170354794144,0.7646418255137688,0.7493951585223473,0.768653809858707,0.7136239154340895,0.7633437884011237,0.7615975347926327,0.7516684285809185,0.7749515177718329,0.7488978260397251,0.7519123339155136,0.744442245931711,0.7697909945266682,0.83847550866207,0.7776370265259758,0.7662204556749319,0.8331977539340707,0.7572873624965534,0.0486662456224034,0.7619871409356188,0.7634367887500426,0.775632186593281,0.753551072206694,0.7655955214387404,0.7793925606444674,0.7652065546221098,0.8424643141987885,0.761696181067709,0.7652645614556943,0.8401516643702095,0.8391656981455727,0.7802877567675122,0.7666026602583146,0.7677457576466484,0.8161127189648029,0.7832815526669357
0.7721195001011925,0.7757561903823029,0.7602227952628093,0.8616228903749023,0.7573343957298861,0.7744706250093596,0.7646988895444267,0.8333650012115897,0.7704970234725604,0.8388424966262897,0.7647547379440427,0.8579995790164607,0.7655293746815123,0.8554170354794144,1.0,0.7726634389973295,0.7545990475284697,0.7674910296813328,0.7107859035425599,0.7673049125307692,0.7639962595236698,0.7499079129231387,0.7725483939868232,0.7543880495851379,0.761323823671517,0.7519177732295966,0.7687001983416384,0.8375308921135958,0.7791370403890323,0.7693703322601866,0.8372976299666435,0.7615770351607577,0.053718831029499814,0.7622174878090853,0.7683311415665453,0.7758226469174744,0.7594316314614855,0.763278407400288,0.7822122625662771,0.7690145759351665,0.8437081202761822,0.7607984373085519,0.7638312450456024,0.8386745990809171,0.836054525379004,0.7792554878220566,0.7687924304034286,0.7695652814767535,0.821609682257559,0.7849928880242081
0.791629885076941,0.8023385465838204,0.7654380825544493,0.7722528382465321,0.7795624985497769,0.8072905933300344,0.9154962327999918,0.7682948018785851,0.7926206521508327,0.7797015956290692,0.7961219935114323,0.7707111445405258,0.7945400843394201,0.7646418255137688,0.7726634389973295,1.0,0.7744382355554124,0.8132326095414606,0.7514126839507719,0.9231053148039174,0.8064239945891293,0.7871860746109359,0.8113976245169736,0.7831936744246821,0.7861104729797254,0.7713290885231912,0.8035409148717065,0.7662201325503043,0.7855552640394795,0.7891003756580631,0.7684299160106925,0.7854415455752486,0.04884473554658819,0.7999990248400057,0.8022454712820997,0.7474315284136364,0.9052335015007043,0.7866384134459508,0.7507171063430521,0.7929545157145198,0.7745997436663435,0.7966844201141541,0.7974932862457342,0.7731809985660684,0.7716046576918651,0.7804237226480267,0.7989782934276428,0.7994554375334628,0.768034034467085,0.7887159116345743
0.7716726319689002,0.8044814897085641,0.737683052626829,0.7572943693493775,0.7994435291308043,0.8043409672503543,0.7691150535327349,0.7534373685155918,0.7677553138008175,0.748236054688686,0.789749784825226,0.7553288785432397,0.7768858226289256,0.7493951585223473,0.7545990475284697,0.7744382355554124,1.0,0.788571570271928,0.7307704137159383,0.7720467046878753,0.7802506795288586,0.7656894300820454,0.7929476880693982,0.8238374921307015,0.8169637888541057,0.8278615709375536,0.7868755381941493,0.7466198532879416,0.7636482844670361,0.7616100408066235,0.7453660482459463,0.8020241342828794,0.056773647241842196,0.7885954553633471,0.7984034952557482,0.7187981634243987,0.7687396435382357,0.783267009506564,0.7216728130059391,0.7869459119691707,0.7486153047725039,0.8028462740233415,0.789298594534525,0.7568852674114825,0.7572151584952344,0.7555669139571008,0.8006590058208553,0.8026524408335882,0.7446413282665243,0.7634857819586383
0.7909436443557256,0.8247380715583692,0.7684121212648988,0.7656466981598388,0.7865840104037631,0.8178237877695513,0.8141562399416337,0.7684799298387653,0.7861637689913026,0.7702191514894281,0.8368936732178908,0.7676809449350291,0.8263111290198233,0.768653809858707,0.7674910296813328,0.8132326095414606,0.788571570271928,1.0,0.7828210832169762,0.8166645020166815,0.8477814514872459,0.8271658190833444,0.8505617219881346,0.7986730857530758,0.792358383630695,0.7852446630729775,0.8413813829250324,0.7680211966796144,0.7853234076170241,0.7883435037297022,0.7617319149428331,0.818569891486116,0.055568699279525124,0.8344999050969032,0.816355617929772,0.7489447524564838,0.8041092122246447,0.816919349687502,0.7505495861411122,0.8398578634514908,0.7655758257664679,0.818443999497345,0.8350586893961995,0.7761718074689974,0.7755192607965884,0.7850550349688302,0.8254921326083043,0.8260248233117559,0.7658406760950007,0.7889407586972534
0.7349262035100983,0.7590514721864713,0.7100249151401288,0.7134450940713442,0.7362647298387813,0.7637623612626593,0.7518574991553638,0.7197446975822879,0.7338446320968104,0.7186768628337166,0.7724985785770508,0.7208330186585878,0.8178671514486631,0.7136239154340895,0.7107859035425599,0.7514126839507719,0.7307704137159383,0.7828210832169762,1.0,0.7537971581267993,0.7793541831961086,0.8342521366576898,0.7908840026269696,0.7415096729443772,0.737733159833837,0.7278731064569072,0.7828367275622209,0.716190157818474,0.7374200236367356,0.7393091181548453,0.7111913195382035,0.7944183985474256,0.06661523244425283,0.7863013929548308,0.7564316139638353,0.6991101939829405,0.7461546696667729,0.7709587567295844,0.6988505654447126,0.7779879547285156,0.7140197686028169,0.7521165825679709,0.7821990621966903,0.7246178249508237,0.7224072616517878,0.7375403334645052,0.7580755201881717,0.7593059659595174,0.7170796236564746,0.7393964336071606
0.7912453309109005,0.7997336238682596,0.7647224995492969,0.7675557106987038,0.7683286631110501,0.8037480619240284,0.9515738996755564,0.7654191652019828,0.7859908389548652,0.7724527885757205,0.7929050092141717,0.7711454009401242,0.7850423635940784,0.7633437884011237,0.7673049125307692,0.9231053148039174,0.7720467046878753,0.8166645020166815,0.7537971581267993,1.0,0.8125957844526029,0.7874252035225596,0.8138796500127755,0.7806301483131353,0.7846186858327091,0.7663615082743351,0.8033175659270162,0.7651020406074539,0.781720831541128,0.7842952726686975,0.7627332525810049,0.7858259958620235,0.04977221777886731,0.800436847138973,0.8017011280347057,0.7452953529616114,0.9291182241159697,0.7833730507377505,0.7520755083615058,0.7914231600864692,0.7686498794946834,0.7986943146025294,0.7998484405363986,0.7743818362157957,0.7725621374339473,0.779275969074327,0.7982444149933201,0.7988455386816471,0.7665919456757213,0.7874079746242977
0.7847375332082877,0.8124812892781685,0.7621040980646575,0.7656263813926345,0.7887259591565476,0.8120205794826021,0.810299644869112,0.7664186424653789,0.7785878613600817,0.761975519730106,0.8241789879743139,0.7681590922269923,0.8240631628962143,0.7615975347926327,0.7639962595236698,0.8064239945891293,0.7802506795288586,0.8477814514872459,0.7793541831961086,0.8125957844526029,1.0,0.8245570415516419,0.8494518400784314,0.789678305096637,0.7864621672184614,0.7810564509323081,0.8345101315982361,0.7684412038030497,0.7744947654307438,0.783165146386863,0.7552003859737141,0.8197946727800867,0.052107119829002846,0.8402847267120288,0.8081962478060097,0.7450278416125067,0.8005504416148718,0.8177648227653046,0.7442003615443462,0.8399186410559865,0.7643861941407305,0.8053160267365073,0.8271793864939314,0.7764951200134804,0.7749518776090959,0.7871305647886305,0.8183783112052242,0.8191759654058277,0.7608668559125317,0.7833026104788114
0.7733401558684272,0.8044279656241953,0.7486369754063444,0.7510224653633444,0.769993828291039,0.8017179744007842,0.7855249852750016,0.7519084664113902,0.7707670371455472,0.75723832328942,0.8225501262682702,0.7577783007226947,0.8505592535728318,0.7516684285809185,0.7499079129231387,0.7871860746109359,0.7656894300820454,0.8271658190833444,0.8342521366576898,0.7874252035225596,0.8245570415516419,1.0,0.8753553757490947,0.7802128495169987,0.7703290990008753,0.7642224432000433,0.8309948440825932,0.7522785955448315,0.7712492302468442,0.7783025255426366,0.7456040345756094,0.8211476279245309,0.057684849460971965,0.8553160960012769,0.7923407446239138,0.7321710997061393,0.7768765990968102,0.8219912832169739,0.7338750440063828,0.8304723863824224,0.7525734727366328,0.7895052073699822,0.8298058361502103,0.7583800345309246,0.7556876733418679,0.7672397187497461,0.8011635776099171,0.8010040832197187,0.7517386004495441,0.7726518659171033
0.7942232518980902,0.8284424570903615,0.7666528956215506,0.7785987564741663,0.791485825093132,0.8285143377746303,0.8120173766901921,0.7736350632206059,0.7850011295928161,0.7696892024448084,0.8329640356119415,0.7761855740152338,0.8375082580656003,0.7749515177718329,0.7725483939868232,0.8113976245169736,0.7929476880693982,0.8505617219881346,0.7908840026269696,0.8138796500127755,0.8494518400784314,0.8753553757490947,1.0,0.7941424592762869,0.7943453601203986,0.7838119143675542,0.8497416581616675,0.7712983494983101,0.7855206484386398,0.7853292555829008,0.7645899947456927,0.8311156472918573,0.050382877175803586,0.8728076578304358,0.8120888942975556,0.749124076968258,0.8033344448786168,0.8343400717739973,0.7511997622384777,0.843635108418029,0.7721878932189734,0.8112750478654847,0.8378076167860968,0.7791418565319237,0.7791125699775013,0.7844482919019067,0.818351652445725,0.8195050418225914,0.7705725185310454,0.7878564755531849
0.7759103291797603,0.8339935237247066,0.7447402325608037,0.7598604619129684,0.795671206691793,0.8244333140001426,0.7786058682249721,0.7615542040728193,0.7732556088469454,0.7625894192059326,0.8120568287758017,0.7598937960571241,0.7945069230075271,0.7488978260397251,0.7543880495851379,0.7831936744246821,0.8238374921307015,0.7986730857530758,0.7415096729443772,0.7806301483131353,0.789678305096637,0.7802128495169987,0.7941424592762869,1.0,0.8283421612240257,0.8260951456515803,0.804642808271922,0.757760662631509,0.7776863705965683,0.7752548285075092,0.7485608572306133,0.795031322902095,0.054728291746190316,0.7964889071315369,0.8313086185114884,0.7265027715523193,0.7745108861370902,0.7915942286342519,0.7281009281911461,0.7982105658300073,0.7560989450237616,0.8126107657707521,0.7969327170347886,0.7641797178480949,0.7651545345813823,0.763143729892656,0.8069599843153343,0.8072305511296772,0.7521141581658526,0.7749890782378064
0.7743728147993404,0.8296925478772863,0.7447433317184236,0.7652026028957742,0.7919683247409895,0.8301140886898879,0.7802519516400853,0.7605672900210831,0.7720019219629713,0.7598044218572123,0.7944647204811686,0.7590578154810113,0.7808404060737254,0.7519123339155136,0.761323823671517,0.7861104729797254,0.8169637888541057,0.792358383630695,0.737733159833837,0.7846186858327091,0.7864621672184614,0.7703290990008753,0.7943453601203986,0.8283421612240257,1.0,0.8181930905414706,0.7931930436291039,0.7530051229714521,0.768668957383376,0.7641088065736377,0.759552545873359,0.803282907906181,0.05536268661936139,0.7873593419029064,0.8248099439452439,0.7253288070641268,0.7827570033644238,0.7831812565254139,0.7277267594046388,0.7908529162684395,0.7593778525544101,0.8078395934420082,0.7930458628299557,0.7661705545408537,0.7643605022008385,0.7647230317218371,0.8034775871076322,0.8046752202878253,0.7535763204505364,0.7711729112628737
0.7608003056580269,0.8069476939138347,0.7353416277441782,0.7532671611303997,0.8000033439047674,0.7956067023604343,0.7631567426646217,0.748310771603895,0.7667132123472632,0.7475428961300633,0.7998477956737864,0.748319289625619,0.7838354061811674,0.744442245931711,0.7519177732295966,0.7713290885231912,0.8278615709375536,0.7852446630729775,0.7278731064569072,0.7663615082743351,0.7810564509323081,0.7642224432000433,0.7838119143675542,0.8260951456515803,0.8181930905414706,1.0,0.7864748275428364,0.7438051565577432,0.7620988759960647,0.7623895081131049,0.7491993742815509,0.7906772146056329,0.06048515208473537,0.7828807188927801,0.8039445310160727,0.7117276841191166,0.7631089140734321,0.7844837028437595,0.7162253483446648,0.7880117056156046,0.7476392574017052,0.7972678083342881,0.787781918674325,0.7524549135731406,0.7497355085480986,0.7548073587277442,0.804235998448236,0.8049638242601264,0.7406388121587208,0.7591558979019267
0.7900821382193093,0.8265404315691885,0.76264756730895,0.7684869911663467,0.790769533646337,0.8187147681543518,0.8012092881549504,0.7734221407104284,0.7941414540669824,0.7728220989896629,0.8448343900730134,0.7732503269397947,0.8437410212523714,0.7697909945266682,0.7687001983416384,0.8035409148717065,0.7868755381941493,0.8413813829250324,0.7828367275622209,0.8033175659270162,0.8345101315982361,0.8309948440825932,0.8497416581616675,0.804642808271922,0.7931930436291039,0.7864748275428364,1.0,0.7707653712311827,0.789192469606358,0.790370321147597,0.7618756503907758,0.8249416694364826,0.04950886052799863,0.8404568321859777,0.8174370958984329,0.7401353760764748,0.7930124876703756,0.8563620242570378,0.7392343090395264,0.852075315279757,0.7672787012776159,0.8131158783560697,0.8707699069466794,0.7810866234615428,0.7746475011979241,0.7865621756624503,0.8235397622217471,0.8232833830916065,0.7678391957877428,0.7923853416895812
0.7825002376989283,0.7819896287781445,0.7624018931674634,0.8472044504432634,0.7475737007414616,0.7747041204043251,0.763822367440633,0.8842185418340986,0.7713797532693986,0.8393691417248782,0.7721074869629962,0.8371950532313369,0.7636199100417835,0.83847550866207,0.8375308921135958,0.7662201325503043,0.7466198532879416,0.7680211966796144,0.716190157818474,0.7651020406074539,0.7684412038030497,0.7522785955448315,0.7712983494983101,0.757760662631509,0.7530051229714521,0.7438051565577432,0.7707653712311827,1.0,0.7825282397456491,0.7786600648174302,0.8206687394651456,0.761135094314114,0.04557295999283062,0.7602783940764716,0.766199625402595,0.7767865748679784,0.7537712495540982,0.769609062863176,0.7805612710932937,0.7765046062390185,0.8341594966001243,0.7667207611835526,0.764754886559892,0.9254561511975267,0.9116399501720284,0.7819986140928529,0.7689700203902137,0.7696785295021744,0.8266006566668221,0.7840088670887981
0.7939798649991567,0.7937605792749423,0.7671310312161062,0.7752683326126639,0.7659230565161848,0.7894602216345343,0.7792257431846524,0.7829360460327707,0.7897617824944833,0.7813063214303491,0.7915388311378158,0.7818474544443856,0.7770114389957912,0.7776370265259758,0.7791370403890323,0.7855552640394795,0.7636482844670361,0.7853234076170241,0.7374200236367356,0.781720831541128,0.7744947654307438,0.7712492302468442,0.7855206484386398,0.7776863705965683,0.768668957383376,0.7620988759960647,0.789192469606358,0.7825282397456491,1.0,0.7912614817400754,0.7698361479158862,0.7722117775433202,0.05004558203598575,0.7780191764302512,0.7799230830374443,0.7482446370878677,0.7712340152724158,0.7816519554954329,0.7569487753753583,0.7838455343901246,0.7753022012389823,0.7802252529052061,0.7830998830446078,0.7859074653771831,0.7851222985681148,0.8046047284170161,0.7824705726914729,0.7824606864435564,0.7747274144825305,0.8636678122450974
0.8131033192725932,0.7996655289838859,0.7751280195434769,0.7656999388176287,0.7672975588139249,0.7846170851581239,0.7798293924808082,0.7740725506550753,0.8223799954725486,0.7791652435720207,0.7971448387576481,0.7817856917822182,0.786236771346582,0.7662204556749319,0.7693703322601866,0.7891003756580631,0.7616100408066235,0.7883435037297022,0.7393091181548453,0.7842952726686975,0.783165146386863,0.7783025255426366,0.7853292555829008,0.7752548285075092,0.7641088065736377,0.7623895081131049,0.790370321147597,0.7786600648174302,0.7912614817400754,1.0,0.7670968799526465,0.7727818308890405,0.05193865878056325,0.7843935758215025,0.7813327584295284,0.7427441654129943,0.7749344994280758,0.785749353950588,0.7367410107132875,0.7965975102679866,0.7767357118149112,0.7864681554543259,0.7916301868867279,0.7825365064661245,0.7759043889157029,0.7927784447411246,0.7945319334380095,0.7954752682364163,0.7788732139583988,0.8004988082607403
0.7722526299272724,0.7730097538772305,0.7547436416756301,0.836735038912215,0.7473596083382598,0.7700762480561306,0.7595742278311008,0.8229988781995482,0.7695396831310408,0.8454666977534872,0.7647008140877193,0.8165681200572319,0.7579130876575542,0.8331977539340707,0.8372976299666435,0.7684299160106925,0.7453660482459463,0.7617319149428331,0.7111913195382035,0.7627332525810049,0.7552003859737141,0.7456040345756094,0.7645899947456927,0.7485608572306133,0.759552545873359,0.7491993742815509,0.7618756503907758,0.8206687394651456,0.7698361479158862,0.7670968799526465,1.0,0.7549705379212425,0.051038043639325736,0.754416415288473,0.7622277645995608,0.7721180172059191,0.7575055302631111,0.7575102272987412,0.7714702643147462,0.7642274821084586,0.868803019509078,0.760052018628848,0.7625584394630357,0.8300736109058751,0.8276924539501759,0.7736067789649973,0.7626563374360497,0.7632686876012075,0.8131953994868855,0.7755249882571695
0.7785083724961035,0.810988418437284,0.751996628394868,0.7656925187405925,0.798863333079189,0.8078197072437052,0.7834412031142146,0.7647142302485899,0.7748005081320628,0.7586135182799656,0.8171598077364942,0.7631766413645928,0.8343191432699949,0.7572873624965534,0.7615770351607577,0.7854415455752486,0.8020241342828794,0.818569891486116,0.7944183985474256,0.7858259958620235,0.8197946727800867,0.8211476279245309,0.8311156472918573,0.795031322902095,0.803282907906181,0.7906772146056329,0.8249416694364826,0.761135094314114,0.7722117775433202,0.7727818308890405,0.7549705379212425,1.0,0.05672311068493541,0.8227294539707908,0.7933610747084211,0.7261226515710442,0.7826612577108079,0.8214033651954268,0.7322372973793057,0.8326647947021067,0.7562322947238187,0.8037555754881278,0.8297509729200326,0.7664628965888967,0.7703872011248284,0.7687401744195455,0.810118864080349,0.8105573911671153,0.7483958212801218,0.7688255813624281
0.04998975759243829,0.049313841621174026,0.05468567706236849,0.04941332144821964,0.05198473259219438,0.05176635142198327,0.04793556891062101,0.05030490733537718,0.05475169180400996,0.04534407817429276,0.04973454282340162,0.0518689662380627,0.05759317892615534,0.0486662456224034,0.053718831029499814,0.04884473554658819,0.056773647241842196,0.055568699279525124,0.06661523244425283,0.04977221777886731,0.052107119829002846,0.057684849460971965,0.050382877175803586,0.054728291746190316,0.05536268661936139,0.06048515208473537,0.04950886052799863,0.04557295999283062,0.05004558203598575,0.05193865878056325,0.051038043639325736,0.05672311068493541,1.0,0.05128753442116496,0.0537624836946331,0.05102134595530239,0.051612162775985126,0.051567940441486826,0.05301715267857554,0.05166737146727152,0.046679173088488346,0.048661377720631616,0.053847636855118175,0.04723043366133095,0.046306274554806515,0.04940388764620307,0.05158114326638441,0.05143302113356696,0.052246101927515776,0.05280375725679787
0.7880370486315449,0.8210269227954194,0.7564664333586091,0.766014826708813,0.7877441424812628,0.8219450971126716,0.799307143330986,0.7654005028122898,0.7839560559138415,0.7620417811859983,0.8305781385216734,0.769332556958736,0.8381366465089025,0.7619871409356188,0.7622174878090853,0.7999990248400057,0.7885954553633471,0.8344999050969032,0.7863013929548308,0.800436847138973,0.8402847267120288,0.8553160960012769,0.8728076578304358,0.7964889071315369,0.7873593419029064,0.7828807188927801,0.8404568321859777,0.7602783940764716,0.7780191764302512,0.7843935758215025,0.754416415288473,0.8227294539707908,0.05128753442116496,1.0,0.8103783591801295,0.746229821046984,0.7907453741359705,0.8334360920479568,0.7493238467682668,0.8416691582642996,0.7637324389730565,0.8064546949808783,0.8413282108109779,0.7676350458301912,0.7695728070174208,0.7765783687017902,0.812605397664162,0.8126150566049309,0.7585456896893141,0.7826583485355603
0.782300960018643,0.8413601740678165,0.7579224771569406,0.7678706150870949,0.78798460500469,0.8412504631097406,0.7999852877224906,0.7680080386682786,0.7862385585911341,0.7689470506173454,0.8141881976391594,0.7725133881342053,0.8032899778082716,0.7634367887500426,0.7683311415665453,0.8022454712820997,0.7984034952557482,0.816355617929772,0.7564316139638353,0.8017011280347057,0.8081962478060097,0.7923407446239138,0.8120888942975556,0.8313086185114884,0.8248099439452439,0.8039445310160727,0.8174370958984329,0.766199625402595,0.7799230830374443,0.7813327584295284,0.7622277645995608,0.7933610747084211,0.0537624836946331,0.8103783591801295,1.0,0.7411206000136077,0.7917469104852305,0.7988735627789836,0.742545979764829,0.8166969088080729,0.7686760779867615,0.8194051385142215,0.8131652473840887,0.7719159071268775,0.7705107515548856,0.7759530634529352,0.8206954522655615,0.8218458351307684,0.7626451400115001,0.7835081259811855
0.7436319530933153,0.7423283915834606,0.7404970876106991,0.7749119343451978,0.7192537380688794,0.7480968101420896,0.7456204310654859,0.7789775406300581,0.7427712405986079,0.7770667299927811,0.740923636312087,0.7781090635574739,0.7325340568558972,0.775632186593281,0.7758226469174744,0.7474315284136364,0.7187981634243987,0.7489447524564838,0.6991101939829405,0.7452953529616114,0.7450278416125067,0.7321710997061393,0.749124076968258,0.7265027715523193,0.7253288070641268,0.7117276841191166,0.7401353760764748,0.7767865748679784,0.7482446370878677,0.7427441654129943,0.7721180172059191,0.7261226515710442,0.05102134595530239,0.746229821046984,0.7411206000136077,1.0,0.7362319530526011,0.7410728112897524,0.7641073681857159,0.7476780518720783,0.7789838664147379,0.7384814147626286,0.7357194860053484,0.7807767725410476,0.782914889138034,0.7483438684003498,0.7386045260186537,0.7395064906303014,0.787722075699312,0.7521018781601148
0.7816169348106955,0.7898417279840453,0.7526156230108589,0.7609793040215505,0.7669051020367934,0.7987398607120441,0.9293138500836705,0.7573497442186778,0.7806105321839146,0.7644780187833219,0.7818967785850666,0.7623446700799665,0.7787660590878349,0.753551072206694,0.7594316314614855,0.9052335015007043,0.7687396435382357,0.8041092122246447,0.7461546696667729,0.9291182241159697,0.8005504416148718,0.7768765990968102,0.8033344448786168,0.7745108861370902,0.7827570033644238,0.7631089140734321,0.7930124876703756,0.7537712495540982,0.7712340152724158,0.7749344994280758,0.7575055302631111,0.7826612577108079,0.051612162775985126,0.7907453741359705,0.7917469104852305,0.7362319530526011,1.0,0.7761573609408807,0.7446530873745103,0.780498650193181,0.761066517015714,0.7894068789428252,0.7921849677023736,0.7640613737429114,0.7625703841658967,0.7679963631228384,0.7891111659937743,0.7899976895427673,0.7528440063851878,0.774734913888293
0.790778701323252,0.8197302484571494,0.7625153939520136,0.7614449769907388,0.7968782644577548,0.8107918689042917,0.7820063326794787,0.7770124145634498,0.7851446945626741,0.7661426399196729,0.8329115443392615,0.7729011104326375,0.8284359207995801,0.7655955214387404,0.763278407400288,0.7866384134459508,0.783267009506564,0.816919349687502,0.7709587567295844,0.7833730507377505,0.8177648227653046,0.8219912832169739,0.8343400717739973,0.7915942286342519,0.7831812565254139,0.7844837028437595,0.8563620242570378,0.769609062863176,0.7816519554954329,0.785749353950588,0.7575102272987412,0.8214033651954268,0.051567940441486826,0.8334360920479568,0.7988735627789836,0.7410728112897524,0.7761573609408807,1.0,0.7410366680614036,0.8396918147755252,0.7660356191052086,0.8008201537166147,0.8670082526018454,0.7776438331926555,0.771183902452792,0.7754274899759299,0.816911336736844,0.8164014858228981,0.7702092635340915,0.7816939828785161
0.7580570775405604,0.7470296760347254,0.7353157258208073,0.7840585021424735,0.7210334730185434,0.7551567716473553,0.7549523774433887,0.789588678107812,0.7401574181308175,0.7879739235944707,0.7409409978523699,0.7840013587258061,0.7317274419461671,0.7793925606444674,0.7822122625662771,0.7507171063430521,0.7216728130059391,0.7505495861411122,0.6988505654447126,0.7520755083615058,0.7442003615443462,0.7338750440063828,0.7511997622384777,0.7281009281911461,0.7277267594046388,0.7162253483446648,0.7392343090395264,0.7805612710932937,0.7569487753753583,0.7367410107132875,0.7714702643147462,0.7322372973793057,0.05301715267857554,0.7493238467682668,0.742545979764829,0.7641073681857159,0.7446530873745103,0.7410366680614036,1.0,0.7472025099268071,0.7784652779447159,0.7450443638341835,0.7407184446400239,0.7855534390127884,0.792057529516598,0.7468530756749403,0.7407122789450924,0.7410498747303393,0.78660078864984,0.7546970543383485
