../ecoli_genomes/GCF_000163235.1_ASM16323v1_genomic.fna.gz,../ecoli_genomes/GCF_000164555.1_ASM16455v1_genomic.fna.gz,../ecoli_genomes/GCF_000208545.1_ASM20854v2_genomic.fna.gz,../ecoli_genomes/GCF_000233875.1_ASM23387v1_genomic.fna.gz,../ecoli_genomes/GCF_000249735.1_ASM24973v2_genomic.fna.gz,../ecoli_genomes/GCF_000261145.1_Esch_coli_M919_V2_genomic.fna.gz,../ecoli_genomes/GCF_000267705.2_ASM26770v2_genomic.fna.gz,../ecoli_genomes/GCF_000350665.1_Esch_coli_KTE5_V1_genomic.fna.gz,../ecoli_genomes/GCF_000351625.1_Esch_coli_KTE66_V1_genomic.fna.gz,../ecoli_genomes/GCF_000352285.1_Esch_coli_KTE46_V1_genomic.fna.gz,../ecoli_genomes/GCF_000358895.1_ASM35889v1_genomic.fna.gz,../ecoli_genomes/GCF_000456385.1_Esch_coli_HVH_26_4-5703913_V1_genomic.fna.gz,../ecoli_genomes/GCF_000458195.1_Esch_coli_HVH_147_4-5893887_V1_genomic.fna.gz,../ecoli_genomes/GCF_000459755.1_Esch_coli_KOEGE_58_171a_V1_genomic.fna.gz,../ecoli_genomes/GCF_000460055.1_Esch_coli_UMEA_3053-1_V1_genomic.fna.gz,../ecoli_genomes/GCF_000462165.2_ASM46216v2_genomic.fna.gz,../ecoli_genomes/GCF_000601135.1_ASM60113v1_genomic.fna.gz,../ecoli_genomes/GCF_000614595.1_Ec2010EL1058_genomic.fna.gz,../ecoli_genomes/GCF_000617745.1_Ec2010C-4529_genomic.fna.gz,../ecoli_genomes/GCF_000618265.2_EcF6751_genomic.fna.gz,../ecoli_genomes/GCF_000619005.2_Ec2009C-4052_genomic.fna.gz,../ecoli_genomes/GCF_000619105.1_Ec2009C-4780_genomic.fna.gz,../ecoli_genomes/GCF_000619765.2_Ec2009C-3279_genomic.fna.gz,../ecoli_genomes/GCF_000687005.1_ASM68700v1_genomic.fna.gz,../ecoli_genomes/GCF_000687025.1_ASM68702v1_genomic.fna.gz,../ecoli_genomes/GCF_000700125.1_ASM70012v1_genomic.fna.gz,../ecoli_genomes/GCF_000753315.1_FHI35_genomic.fna.gz,../ecoli_genomes/GCF_000776375.1_ASM77637v1_genomic.fna.gz,../ecoli_genomes/GCF_000779395.1_ASM77939v1_genomic.fna.gz,../ecoli_genomes/GCF_000780315.1_ASM78031v1_genomic.fna.gz,../ecoli_genomes/GCF_000781995.1_ASM78199v1_genomic.fna.gz,../ecoli_genomes/GCF_000986765.1_ASM98676v1_genomic.fna.gz,../ecoli_genomes/GCF_001041375.1_ViralProj287958_genomic.fna.gz,../ecoli_genomes/GCF_001265335.1_302014_genomic.fna.gz,../ecoli_genomes/GCF_001265625.1_100854_genomic.fna.gz,../ecoli_genomes/GCF_001267345.1_303289_genomic.fna.gz,../ecoli_genomes/GCF_001309985.1_ASM130998v1_genomic.fna.gz,../ecoli_genomes/GCF_001521695.1_ASM152169v1_genomic.fna.gz,../ecoli_genomes/GCF_001592595.1_ASM159259v1_genomic.fna.gz,../ecoli_genomes/GCF_001614975.1_ASM161497v1_genomic.fna.gz,../ecoli_genomes/GCF_001692775.1_ASM169277v1_genomic.fna.gz,../ecoli_genomes/GCF_001748915.1_ASM174891v1_genomic.fna.gz,../ecoli_genomes/GCF_001749235.1_ASM174923v1_genomic.fna.gz,../ecoli_genomes/GCF_001881155.1_ASM188115v1_genomic.fna.gz,../ecoli_genomes/GCF_001881345.1_ASM188134v1_genomic.fna.gz,../ecoli_genomes/GCF_001892405.1_ASM189240v1_genomic.fna.gz,../ecoli_genomes/GCF_001892585.1_ASM189258v1_genomic.fna.gz,../ecoli_genomes/GCF_001893985.1_ASM189398v1_genomic.fna.gz,../ecoli_genomes/GCF_002001595.1_ASM200159v1_genomic.fna.gz,../ecoli_genomes/GCF_002002145.1_ASM200214v1_genomic.fna.gz
1.0,0.32244671364219557,0.2564359735901741,0.28601985550568043,0.2920995134856911,0.29814066141813955,0.3034914133671155,0.28883864636212275,0.3920103890438804,0.29925677191842237,0.31802058717430404,0.29542809188117347,0.3038898465741168,0.28111777477121147,0.26909524630637227,0.2980517410414315,0.28987603912041815,0.30790848093624057,0.26987633320694415,0.30347195973112895,0.2986941545677162,0.2848902241409258,0.3110089562519214,0.2913386003087247,0.2848290664806278,0.2638944609263256,0.3081875815265519,0.285944243906054,0.34087321554493033,0.38407064419591597,0.26148356081635427,0.29595233416785416,0.0,0.3054931620174488,0.3003842664223927,0.28203739106202663,0.28834683413313167,0.30823467048323694,0.25590000058204865,0.31075875669662967,0.26505154123000874,0.3055060478418935,0.3120751026180957,0.2863289289059794,0.2936070554857195,0.3184007490089783,0.3057015131569004,0.3069607127045597,0.27774813033706125,0.34463779771742
0.32244671364219557,1.0,0.23633632023824613,0.2696212978856808,0.40046261311512654,0.5438908156154685,0.3460380167301641,0.27711804210341207,0.30164863206110526,0.28238384197632704,0.4296801220721239,0.2881650697639808,0.407861678394973,0.2667906112569365,0.2570684020945354,0.34659173167351065,0.46227811468020874,0.41340339582889785,0.3566914104451534,0.35049445945947444,0.4060484524447501,0.3851091655120774,0.4140262020297252,0.5293674824989434,0.5299760196798489,0.43412294310367594,0.41608112203720926,0.27508450163469433,0.29953525622968735,0.3023100844974739,0.25544993754689527,0.39067354617087535,0.0,0.405464385998353,0.566629727457288,0.2641710260497918,0.3306142721272407,0.4244900147103837,0.20202947226749457,0.42256218448901073,0.2558666292104185,0.4722878251681283,0.42591509242671854,0.2848879698552599,0.28183237265962513,0.28117673879910254,0.4825200785835848,0.48153457921715725,0.27861130830200365,0.2982639865877581
0.2564359735901741,0.23633632023824613,1.0,0.2088393973176219,0.21096207529117994,0.21757817787939882,0.2197632342950525,0.21279710851235012,0.24625209516986035,0.21875253132566386,0.23830844780616878,0.2147558853272571,0.22004415704138103,0.2121079452320277,0.20511665933397982,0.21765145737040636,0.21170743436242567,0.22753331775238583,0.1926361724274469,0.22182771328480477,0.2205100205808227,0.2143754755738333,0.22884893091272307,0.20845248897405,0.205639061411389,0.19744711698815975,0.22735985418832616,0.21169679473676983,0.24968051546874026,0.24730117638978,0.1988399076915066,0.21254364486176236,0.0,0.22971125051689978,0.21598486478188306,0.21314401080402212,0.20751087298044735,0.22280133953525394,0.16572878452009276,0.23289685655485404,0.2015845347936731,0.22453887777293202,0.2324103696234343,0.2177090955967399,0.21203713107795852,0.23019067616950917,0.23404300311721726,0.23315634826172893,0.2208691426957422,0.25355122322107826
0.28601985550568043,0.2696212978856808,0.2088393973176219,1.0,0.282339388416483,0.26117063372587956,0.25704135210617507,0.493934006856271,0.29457918084178025,0.5211948763711756,0.26680416083762304,0.5034372008428563,0.27203275608859556,0.5449265403867447,0.5579536407364767,0.2654417367293349,0.2548923471678791,0.26287962460271563,0.22703260116968293,0.25874978676383853,0.25421209204938233,0.24238567660860566,0.27040127643053735,0.25305138201263533,0.2500485115996033,0.2398511619848137,0.2635722955661297,0.5219606841721627,0.2996922632254372,0.282704345187476,0.49213197503958883,0.2705321303302014,0.0,0.2552259819605581,0.2532585587346754,0.4224133598747225,0.25186000112346385,0.2561568079347495,0.352847130474243,0.26014099710664906,0.515942217185804,0.25950090242755075,0.26476478753496646,0.517253893737133,0.510298845003836,0.29268010599704875,0.25985454274853326,0.26038294053589617,0.449613360291107,0.30846867578675885
0.2920995134856911,0.40046261311512654,0.21096207529117994,0.282339388416483,1.0,0.40396224302503236,0.32456042767634496,0.281108945007994,0.3158278343912855,0.2913571340460497,0.5134687267155265,0.2583570708592815,0.49289696927487336,0.2640269111759692,0.28149248160224316,0.36432927024244655,0.42616327998206416,0.41612702908910637,0.35775272725968255,0.3272445852077557,0.430391747642624,0.39735953982244177,0.43665509522764445,0.42995499553341954,0.41819918794330324,0.3874992946578699,0.44789561342078665,0.2602922078355191,0.2828835265554175,0.3100816313593837,0.2513747306400148,0.476632038550752,0.0,0.4316986048417357,0.39880074986500835,0.24973713138938314,0.3326342864618319,0.4465494491329366,0.19791650464581412,0.45460655763216107,0.27826803947112144,0.40608148276596234,0.4618703591055109,0.258135649497821,0.2628794178212379,0.264176923786522,0.4184563549476923,0.418388136887338,0.2549695765750729,0.2773277037008922
0.29814066141813955,0.5438908156154685,0.21757817787939882,0.26117063372587956,0.40396224302503236,1.0,0.3533066060097758,0.2735519813373297,0.2958033990955359,0.2678504031498461,0.42696811659434997,0.2664780181633174,0.3976594974897564,0.26040943248806003,0.2509197676366218,0.3676444315205917,0.45745630458021136,0.40637034433465824,0.36193000012717014,0.34934459177846167,0.3976080688527376,0.41349972870888974,0.40907179588811715,0.5385847525858367,0.5474067600058563,0.43961529571351554,0.39746088513262334,0.2625925811630574,0.295086658661176,0.2856812325898678,0.2416336238121034,0.4006822219430304,0.0,0.40120421258880634,0.5552729162542153,0.26401365868020876,0.3392352679322035,0.41465077994680033,0.2114794783907057,0.40666016357215884,0.2489531020625636,0.45960917000194035,0.41248670540173116,0.26582994683708894,0.26535958883998845,0.27354057708056434,0.467768661505347,0.46862469564368725,0.25955705108249794,0.29456950641901347
0.3034914133671155,0.3460380167301641,0.2197632342950525,0.25704135210617507,0.32456042767634496,0.3533066060097758,1.0,0.2613822469936473,0.30189407696648973,0.26199800214142555,0.3623100289753032,0.257443005385217,0.3454640275549751,0.2554206940809852,0.24666358121094978,0.7350954975607942,0.3318521475740156,0.3792535275741704,0.33732437827573847,0.8570276051266558,0.3843968624395806,0.36409345177302177,0.388470617199116,0.3380516025993924,0.3282414995751938,0.31317854971212566,0.3535965883242336,0.2564565011573485,0.2856295134227518,0.29632306233752637,0.2410668765670726,0.3365203332500746,0.0,0.3592416882298186,0.3529200169415836,0.26900124453066876,0.7838495594650704,0.3377898089483973,0.2121417705332359,0.35551602921993686,0.24004238700802127,0.3495111126796675,0.356923396816889,0.2597849119841441,0.25990625086022445,0.27014801785892495,0.3463723316283749,0.3457363490518701,0.25545486345189006,0.2956187101653145
0.28883864636212275,0.27711804210341207,0.21279710851235012,0.493934006856271,0.281108945007994,0.2735519813373297,0.2613822469936473,1.0,0.2920799568342356,0.5010989063154399,0.2707337344044295,0.4851216121147217,0.2766249494640086,0.4877364265701266,0.4761016047562533,0.2662447763505187,0.2578175654537366,0.2671045666537666,0.23568541467438853,0.2619467883472042,0.25803328215499377,0.25017429568905913,0.26909191900130336,0.26719862684760154,0.2536632032833298,0.24426557856252817,0.26813332518397404,0.696714961702425,0.3135772138911478,0.283022199103084,0.4627716438411211,0.26694873787687523,0.0,0.26459985820679466,0.2593907084637368,0.4153654207921401,0.25118030377670875,0.27849349200016893,0.35383562727108364,0.2718303221134828,0.4773871338418335,0.27051813739604,0.27235983781066186,0.6935053551324416,0.6656394708190863,0.2928589188938845,0.2654888139501038,0.2653078256811652,0.44073240899651567,0.31296357102450967
0.3920103890438804,0.30164863206110526,0.24625209516986035,0.29457918084178025,0.3158278343912855,0.2958033990955359,0.30189407696648973,0.2920799568342356,1.0,0.30519631591726215,0.3092325225253475,0.28034499905760857,0.3166653888768046,0.28736773720985587,0.28679218592292843,0.3137975873950396,0.29207354896447923,0.302786258376884,0.25524589122348684,0.30535386410217824,0.2925373751896101,0.28071181001317635,0.3082923880359516,0.2923078592308155,0.28050569808873416,0.27201327182546864,0.30812071561692955,0.28245354452101457,0.3293272524109513,0.4168791887030524,0.2691306427471043,0.29700181192512465,0.0,0.2992513182104326,0.2950793879648942,0.28338238233835367,0.29504538674809266,0.29096030851805477,0.21905779814679516,0.30805189676452394,0.2805018815981044,0.30509522545004564,0.3094870139774395,0.2813875701282307,0.277866790305915,0.3120825976696978,0.30250779044865717,0.3026794921659569,0.2754142983758672,0.3415320648953901
0.29925677191842237,0.28238384197632704,0.21875253132566386,0.5211948763711756,0.2913571340460497,0.2678504031498461,0.26199800214142555,0.5010989063154399,0.30519631591726215,1.0,0.28135334576315496,0.4873789133915135,0.2834662714570595,0.5120740028423668,0.5009772034367735,0.2729003783794922,0.256154722777453,0.2701110968053412,0.23109442771457656,0.26371984385369185,0.25810041397520855,0.24574608540403198,0.2641862301317083,0.2619520687211827,0.2553802193960055,0.24639589212281,0.273035574926193,0.5077779866812627,0.3111407093362958,0.2932186048439307,0.5059501141913992,0.26683917404361035,0.0,0.2570283994040623,0.25786039330004895,0.43203292202668087,0.2546844294569366,0.2665971502279142,0.3637036397154991,0.2743123022262929,0.5157165495448728,0.27009339792113485,0.2702758075824253,0.5013680999780759,0.5053956941648973,0.2999755597136988,0.2706590311768675,0.2691589323733422,0.4677429865604815,0.31193124813981343
0.31802058717430404,0.4296801220721239,0.23830844780616878,0.26680416083762304,0.5134687267155265,0.42696811659434997,0.3623100289753032,0.2707337344044295,0.3092325225253475,0.28135334576315496,1.0,0.2744511150327661,0.5055983877051479,0.271670924251033,0.25816835347663014,0.3671006757923484,0.38947764023060205,0.48085098695359585,0.4103761238402318,0.36489233448166813,0.4894188082189155,0.4893833832302986,0.4989358603919065,0.4105197200720426,0.3912227334159315,0.38542246239987155,0.5086207819745998,0.2721593091020301,0.29904039660598214,0.309135988510882,0.25671857362409456,0.449126842653394,0.0,0.48276841750814636,0.4276455126663483,0.27688813157536596,0.3462200611634054,0.4913836101417177,0.21226863944692909,0.520464496613769,0.25491802508720984,0.44301157963070936,0.5173220475670302,0.27247891528289103,0.27171271429644606,0.28525690570674744,0.43960618638280136,0.43786056334474077,0.2747062519576995,0.3057332861313038
0.29542809188117347,0.2881650697639808,0.2147558853272571,0.5034372008428563,0.2583570708592815,0.2664780181633174,0.257443005385217,0.4851216121147217,0.28034499905760857,0.4873789133915135,0.2744511150327661,1.0,0.26243899926257597,0.49345622362361174,0.598438546223675,0.25677794268564125,0.25249551357613775,0.2599531045256964,0.23076088609841494,0.25727533603920694,0.25818642544432524,0.25242004934315343,0.26281655631201506,0.25570386080274077,0.25433432566598824,0.24047506214983927,0.26275270992391453,0.49386570755042614,0.3153257499914107,0.27843064688682706,0.4452345310987468,0.2607340744150406,0.0,0.25903729638645656,0.2608268390242401,0.4116078464239624,0.2430215540416295,0.2623537589082382,0.3478729546720969,0.2659502774539215,0.4595219714655081,0.2609346931130533,0.2685026813292566,0.49956454089408364,0.4982662977085759,0.29765248936358024,0.26776420594904393,0.26771014847761243,0.4361200272163033,0.3085520942538187
0.3038898465741168,0.407861678394973,0.22004415704138103,0.27203275608859556,0.49289696927487336,0.3976594974897564,0.3454640275549751,0.2766249494640086,0.3166653888768046,0.2834662714570595,0.5055983877051479,0.26243899926257597,1.0,0.26171988016710535,0.26706883079539845,0.36539475729608784,0.3867245555989507,0.47900804350220816,0.48071502846211334,0.3500713264407891,0.5002948519984042,0.5301646838374563,0.5415546338995769,0.40350698857382383,0.3753688611132837,0.37571329297052625,0.5259781357494291,0.26430368100742885,0.2934510130575597,0.31632387858910704,0.25210735405373097,0.5083013455584179,0.0,0.5234664580457926,0.40820055535009947,0.2580959188039541,0.343950389130829,0.4920967862196477,0.2014528889623357,0.5342773271710197,0.2641600386799655,0.42018775793295315,0.523266327715491,0.26122327716100324,0.2594787069377351,0.2737877077221762,0.4232557095817895,0.42126202850158656,0.2614271656078918,0.2965356765106948
0.28111777477121147,0.2667906112569365,0.2121079452320277,0.5449265403867447,0.2640269111759692,0.26040943248806003,0.2554206940809852,0.4877364265701266,0.28736773720985587,0.5120740028423668,0.271670924251033,0.49345622362361174,0.26171988016710535,1.0,0.537040226394935,0.2545174414250998,0.2462249508098895,0.2628935449700486,0.2285214859756196,0.25786373234397186,0.25003025370339904,0.24227728008299287,0.2645196022364259,0.24345093279910457,0.23935281139056352,0.23393271613967137,0.2637093531776591,0.5189671597291798,0.3062162131800372,0.2743676576344948,0.48898464372112516,0.25628148202217726,0.0,0.24977182492866412,0.2553330914863372,0.4172634617566474,0.24521038952716856,0.2595252811938521,0.3577055974331521,0.2613320640530479,0.5024438808427979,0.26135818757517537,0.2638555987339788,0.5144399184395922,0.5059027247091052,0.29623345030295845,0.2615821380612755,0.2617198330217557,0.4547680670400749,0.3112914067263216
0.26909524630637227,0.2570684020945354,0.20511665933397982,0.5579536407364767,0.28149248160224316,0.2509197676366218,0.24666358121094978,0.4761016047562533,0.28679218592292843,0.5009772034367735,0.25816835347663014,0.598438546223675,0.26706883079539845,0.537040226394935,1.0,0.2568300735781467,0.2538764472131443,0.25284573848835923,0.21687170110107445,0.24889961376860048,0.2449017466895239,0.2322812201774318,0.25667112909856604,0.24420142361547514,0.24022723269914248,0.23527156189632992,0.2546601640380187,0.48686207742666243,0.29459307699090675,0.27604310512317576,0.4809936035972485,0.2627561277826178,0.0,0.24339466798049125,0.24741154267936194,0.406447535555998,0.2424692529771335,0.25181538846046203,0.3446765444814429,0.25353928416220195,0.5049047565185878,0.25260728861883064,0.2576001791092901,0.4860936209891189,0.48157153796846297,0.2925653168784179,0.2627749728754577,0.2627194874602379,0.4394938672505817,0.31171078375744277
0.2980517410414315,0.34659173167351065,0.21765145737040636,0.2654417367293349,0.36432927024244655,0.3676444315205917,0.7350954975607942,0.2662447763505187,0.3137975873950396,0.2729003783794922,0.3671006757923484,0.25677794268564125,0.36539475729608784,0.2545174414250998,0.2568300735781467,1.0,0.3424709206381632,0.36172383385747275,0.3313252823199526,0.7434609405736783,0.3632869542427256,0.37337132661790984,0.37439820482619635,0.3586390863721658,0.35164831186002965,0.3401000016593446,0.34675555758270793,0.2558746989084768,0.2818344435761486,0.3130908526355307,0.24423562505063312,0.3492479425334041,0.0,0.35247926089256965,0.35005766042583386,0.26719950103339185,0.7239277693833419,0.3432308990419495,0.20288126518320937,0.3521857052737595,0.25358089358928015,0.34775544858820695,0.3551707611365864,0.25427384428263744,0.25622182874130894,0.26967272796737307,0.34534840636862385,0.3440209723227343,0.2549132622536707,0.29261252007670924
0.28987603912041815,0.46227811468020874,0.21170743436242567,0.2548923471678791,0.42616327998206416,0.45745630458021136,0.3318521475740156,0.2578175654537366,0.29207354896447923,0.256154722777453,0.38947764023060205,0.25249551357613775,0.3867245555989507,0.2462249508098895,0.2538764472131443,0.3424709206381632,1.0,0.37419177337481235,0.32887722828150645,0.329426298416864,0.3754195976938547,0.3665446905801195,0.3925284969485777,0.5075131068390528,0.4859191405810608,0.45853662506349013,0.3778973883794875,0.2472488428346108,0.28786188294770476,0.2827084428510094,0.23030608380784623,0.42851499043930674,0.0,0.39091730550144643,0.46476800936653995,0.24915149195188147,0.3253519552236249,0.37753097877403985,0.19314948512506747,0.3867852235282385,0.23962101912920264,0.42673580150275403,0.39155970703124476,0.25079551828829294,0.25854929604378907,0.25959287737354064,0.44630291266330546,0.4489510357053115,0.24123616336978015,0.28422407603968014
0.30790848093624057,0.41340339582889785,0.22753331775238583,0.26287962460271563,0.41612702908910637,0.40637034433465824,0.3792535275741704,0.2671045666537666,0.302786258376884,0.2701110968053412,0.48085098695359585,0.2599531045256964,0.47900804350220816,0.2628935449700486,0.25284573848835923,0.36172383385747275,0.37419177337481235,1.0,0.4648708380307135,0.3785560801921345,0.5075331985738913,0.48087331019409085,0.5149205358536703,0.3859584260791932,0.3693933533530296,0.36039398938913003,0.4940830902544583,0.26107613848067157,0.29382366848422703,0.29664719121948113,0.2480282404533961,0.44530936470373617,0.0,0.4755525427181396,0.4130065150098883,0.27787065731182403,0.3622848991450375,0.456276926451586,0.2112022543904465,0.4887026966848762,0.24713298218823698,0.4201490044505404,0.48620175494024154,0.26322883871637603,0.26074748196657815,0.2753299051018865,0.4224154049961507,0.4210604131777588,0.25863410297671985,0.3022026831509036
0.26987633320694415,0.3566914104451534,0.1926361724274469,0.22703260116968293,0.35775272725968255,0.36193000012717014,0.33732437827573847,0.23568541467438853,0.25524589122348684,0.23109442771457656,0.4103761238402318,0.23076088609841494,0.48071502846211334,0.2285214859756196,0.21687170110107445,0.3313252823199526,0.32887722828150645,0.4648708380307135,1.0,0.330334048271525,0.44866189028827264,0.4970621962013414,0.45538625454055315,0.3367194678879807,0.33488438244435903,0.31298171093454275,0.42868293220646037,0.23124223489247786,0.252846630333166,0.25729905935484776,0.2165669248103902,0.4411128219243785,0.0,0.42573459365069355,0.36562645571031005,0.2396139686347839,0.31888748600508177,0.40589874673464377,0.1848058081416919,0.4275383859422708,0.21278047544443102,0.36235417708826745,0.43131142711319426,0.23418813190268528,0.23349318541864839,0.2404696368295025,0.3604046864821402,0.36017288634768685,0.22472751354237785,0.25696492957181405
0.30347195973112895,0.35049445945947444,0.22182771328480477,0.25874978676383853,0.3272445852077557,0.34934459177846167,0.8570276051266558,0.2619467883472042,0.30535386410217824,0.26371984385369185,0.36489233448166813,0.25727533603920694,0.3500713264407891,0.25786373234397186,0.24889961376860048,0.7434609405736783,0.329426298416864,0.3785560801921345,0.330334048271525,1.0,0.38362477663098626,0.35936191519201854,0.387851363200331,0.3330997677134343,0.32402751573093636,0.3118459947239216,0.35774035439602203,0.2578954476346683,0.2872194058100197,0.30058751672110784,0.24345203397453097,0.33442710824966415,0.0,0.35811253493374506,0.3530589370805792,0.27075419316106664,0.7918581120505868,0.3405049285423929,0.2076871839254507,0.3605660507151961,0.24292701928164173,0.3508919416529631,0.36072639888075475,0.26038080363024374,0.259427330747829,0.27382892270335835,0.3506851613842218,0.34990676231028495,0.25878653654791584,0.2987719001254332
0.2986941545677162,0.4060484524447501,0.2205100205808227,0.25421209204938233,0.430391747642624,0.3976080688527376,0.3843968624395806,0.25803328215499377,0.2925373751896101,0.25810041397520855,0.4894188082189155,0.25818642544432524,0.5002948519984042,0.25003025370339904,0.2449017466895239,0.3632869542427256,0.3754195976938547,0.5075331985738913,0.44866189028827264,0.38362477663098626,1.0,0.49662381761001984,0.5428151077397526,0.38315412513215685,0.3681356078131641,0.3553045135609163,0.5111305227247831,0.2553000159780897,0.28172734026826507,0.2927853201813799,0.2386983632331594,0.46491264776215524,0.0,0.5118091806984775,0.4097748452056522,0.26708696355190886,0.3632919233601978,0.4787859282286624,0.2068632727490668,0.5115723468495148,0.24059521512145254,0.40378331947921453,0.5067307490545745,0.257409362071795,0.2589469100810913,0.271053767947564,0.41695133974120513,0.4156126057321814,0.25274508391186823,0.2888548545203533
0.2848902241409258,0.3851091655120774,0.2143754755738333,0.24238567660860566,0.39735953982244177,0.41349972870888974,0.36409345177302177,0.25017429568905913,0.28071181001317635,0.24574608540403198,0.4893833832302986,0.25242004934315343,0.5301646838374563,0.24227728008299287,0.2322812201774318,0.37337132661790984,0.3665446905801195,0.48087331019409085,0.4970621962013414,0.35936191519201854,0.49662381761001984,1.0,0.6759043435883498,0.3837427068953999,0.37688401822194073,0.36438693165315283,0.4888308091382988,0.2488671258549613,0.2690706899567543,0.2751620327992004,0.22997264598139777,0.47584971892876227,0.0,0.6000909319572181,0.3924295731759617,0.25408718229173954,0.3437419378457671,0.47413587540724655,0.19467797868670877,0.4951267845581723,0.22638883492732698,0.38955825452559256,0.4969337810999188,0.24937033186415813,0.24685805778929104,0.26265781514132736,0.38892255989055236,0.38742721375431177,0.24237313342779443,0.280111815796933
0.3110089562519214,0.4140262020297252,0.22884893091272307,0.27040127643053735,0.43665509522764445,0.40907179588811715,0.388470617199116,0.26909191900130336,0.3082923880359516,0.2641862301317083,0.4989358603919065,0.26281655631201506,0.5415546338995769,0.2645196022364259,0.25667112909856604,0.37439820482619635,0.3925284969485777,0.5149205358536703,0.45538625454055315,0.387851363200331,0.5428151077397526,0.6759043435883498,1.0,0.3860801427085099,0.3745923704868023,0.3600523576609894,0.5356956677203636,0.26452853302472645,0.2923651137768084,0.2962137011989111,0.2503779599850585,0.4826235636554098,0.0,0.6463254608169686,0.4151190734666883,0.27227738414853453,0.37146066486086415,0.49998259468115636,0.2114939881473591,0.5278855219911858,0.2508899741047451,0.415532744186511,0.5330877319553505,0.2669157197715112,0.26356694641465317,0.2780239647338688,0.41930137549094626,0.41932428986751247,0.2626978273713454,0.2984307121634503
0.2913386003087247,0.5293674824989434,0.20845248897405,0.25305138201263533,0.42995499553341954,0.5385847525858367,0.3380516025993924,0.26719862684760154,0.2923078592308155,0.2619520687211827,0.4105197200720426,0.25570386080274077,0.40350698857382383,0.24345093279910457,0.24420142361547514,0.3586390863721658,0.5075131068390528,0.3859584260791932,0.3367194678879807,0.3330997677134343,0.38315412513215685,0.3837427068953999,0.3860801427085099,1.0,0.5595237030686395,0.4525443763290097,0.38627845689368323,0.24778552742023519,0.2816531939858429,0.29105945781396125,0.22880095677759116,0.40250082147455624,0.0,0.38191427450715343,0.5456788708068248,0.25280681957539286,0.3310501320241084,0.38925474313502983,0.19107847820362867,0.39193648134125003,0.2397865817562489,0.4521924642903675,0.3916700152862269,0.24861473171328619,0.2534700952699428,0.25825279617999763,0.4456082453157505,0.44381834511145357,0.24204995631474757,0.2801749136722743
0.2848290664806278,0.5299760196798489,0.205639061411389,0.2500485115996033,0.41819918794330324,0.5474067600058563,0.3282414995751938,0.2536632032833298,0.28050569808873416,0.2553802193960055,0.3912227334159315,0.25433432566598824,0.3753688611132837,0.23935281139056352,0.24022723269914248,0.35164831186002965,0.4859191405810608,0.3693933533530296,0.33488438244435903,0.32402751573093636,0.3681356078131641,0.37688401822194073,0.3745923704868023,0.5595237030686395,1.0,0.47580420929114076,0.36492932018354796,0.24156741600261677,0.27098160945656313,0.2731853788682286,0.2244104013407493,0.423576598276563,0.0,0.3673316902003244,0.5349747878551118,0.24160075166653516,0.3189381723891288,0.3868632769410868,0.19212924514012553,0.3737624129832732,0.2344935101338239,0.42523784925649033,0.379960632518645,0.25350215487845007,0.2563907507319917,0.2575503770369806,0.43381005211330825,0.4347899306622174,0.24465015143402724,0.2685070013914993
0.2638944609263256,0.43412294310367594,0.19744711698815975,0.2398511619848137,0.3874992946578699,0.43961529571351554,0.31317854971212566,0.24426557856252817,0.27201327182546864,0.24639589212281,0.38542246239987155,0.24047506214983927,0.37571329297052625,0.23393271613967137,0.23527156189632992,0.3401000016593446,0.45853662506349013,0.36039398938913003,0.31298171093454275,0.3118459947239216,0.3553045135609163,0.36438693165315283,0.3600523576609894,0.4525443763290097,0.47580420929114076,1.0,0.35927722613407465,0.23233575753610158,0.2553711131688481,0.26731233482741157,0.220396106944162,0.3708548827315995,0.0,0.3474193464914651,0.43613122500383583,0.231746384156022,0.31089985688806365,0.3680386597972659,0.18390937656551354,0.3687975464860084,0.22723934111683353,0.4147991469752119,0.36267590741540967,0.24156413691940926,0.23915005764989028,0.24678304429355857,0.4195052856964345,0.4179896762047728,0.23794871661938533,0.26422016784122204
0.3081875815265519,0.41608112203720926,0.22735985418832616,0.2635722955661297,0.44789561342078665,0.39746088513262334,0.3535965883242336,0.26813332518397404,0.30812071561692955,0.273035574926193,0.5086207819745998,0.26275270992391453,0.5259781357494291,0.2637093531776591,0.2546601640380187,0.34675555758270793,0.3778973883794875,0.4940830902544583,0.42868293220646037,0.35774035439602203,0.5111305227247831,0.4888308091382988,0.5356956677203636,0.38627845689368323,0.36492932018354796,0.35927722613407465,1.0,0.2656345468635519,0.2965871833543099,0.30125033091051934,0.2540397454129538,0.47885504572500304,0.0,0.5052148623376025,0.41063623306014574,0.2657333130235252,0.33947738008806694,0.5788124908375502,0.20583452339773134,0.5469068748196049,0.2554740282292224,0.4183341175273395,0.6232250732021747,0.27129811438629625,0.26355295707718074,0.28087947933499247,0.4234667461634982,0.4213370822233268,0.26695246982007237,0.29943372226024245
0.285944243906054,0.27508450163469433,0.21169679473676983,0.5219606841721627,0.2602922078355191,0.2625925811630574,0.2564565011573485,0.696714961702425,0.28245354452101457,0.5077779866812627,0.2721593091020301,0.49386570755042614,0.26430368100742885,0.5189671597291798,0.48686207742666243,0.2558746989084768,0.2472488428346108,0.26107613848067157,0.23124223489247786,0.2578954476346683,0.2553000159780897,0.2488671258549613,0.26452853302472645,0.24778552742023519,0.24156741600261677,0.23233575753610158,0.2656345468635519,1.0,0.31199574719070844,0.2765983133777654,0.47574288706649204,0.2578339718477566,0.0,0.25631126191913356,0.25370659266031725,0.4211219641360966,0.24412574025453848,0.2708989843623122,0.355749143446244,0.2667374373042294,0.484263652164332,0.2632957608969805,0.2653492140805973,0.8135423281854163,0.7632317696113525,0.29376602245878014,0.2653082250577302,0.26423510611170753,0.45771162501695517,0.30839351950398874
0.34087321554493033,0.29953525622968735,0.24968051546874026,0.2996922632254372,0.2828835265554175,0.295086658661176,0.2856295134227518,0.3135772138911478,0.3293272524109513,0.3111407093362958,0.29904039660598214,0.3153257499914107,0.2934510130575597,0.3062162131800372,0.29459307699090675,0.2818344435761486,0.28786188294770476,0.29382366848422703,0.252846630333166,0.2872194058100197,0.28172734026826507,0.2690706899567543,0.2923651137768084,0.2816531939858429,0.27098160945656313,0.2553711131688481,0.2965871833543099,0.31199574719070844,1.0,0.32392072276360084,0.29182041763229283,0.28213305286426926,0.0,0.28693264348817604,0.28843502284616773,0.3074110510265643,0.2715544680783777,0.28642721038895314,0.23706012023446776,0.2958655174172815,0.28613837266410624,0.2873681391817863,0.29427323421889806,0.31069246953782537,0.31129293276889103,0.391944549398454,0.2929805178269106,0.2925781680173848,0.29980048469569875,0.6158056774990976
0.38407064419591597,0.3023100844974739,0.24730117638978,0.282704345187476,0.3100816313593837,0.2856812325898678,0.29632306233752637,0.283022199103084,0.4168791887030524,0.2932186048439307,0.309135988510882,0.27843064688682706,0.31632387858910704,0.2743676576344948,0.27604310512317576,0.3130908526355307,0.2827084428510094,0.29664719121948113,0.25729905935484776,0.30058751672110784,0.2927853201813799,0.2751620327992004,0.2962137011989111,0.29105945781396125,0.2731853788682286,0.26731233482741157,0.30125033091051934,0.2765983133777654,0.32392072276360084,1.0,0.2630599392567382,0.28576169867010104,0.0,0.290226406119636,0.29414194331382937,0.2756465728944181,0.2919865795272887,0.2882645097075315,0.21293193649942233,0.3097131075987526,0.2717409786476682,0.2948806363469656,0.3052350190105775,0.2759378091768512,0.2734708613550829,0.3232347836668762,0.3027441341320507,0.30185677920837173,0.2721410844473019,0.33753531375230217
0.26148356081635427,0.25544993754689527,0.1988399076915066,0.49213197503958883,0.2513747306400148,0.2416336238121034,0.2410668765670726,0.4627716438411211,0.2691306427471043,0.5059501141913992,0.25671857362409456,0.4452345310987468,0.25210735405373097,0.48898464372112516,0.4809936035972485,0.24423562505063312,0.23030608380784623,0.2480282404533961,0.2165669248103902,0.24345203397453097,0.2386983632331594,0.22997264598139777,0.2503779599850585,0.22880095677759116,0.2244104013407493,0.220396106944162,0.2540397454129538,0.47574288706649204,0.29182041763229283,0.2630599392567382,1.0,0.2378524803270362,0.0,0.239323289159165,0.2358423554393203,0.3970292153475865,0.23235370264545663,0.24546961762136865,0.33360199899960474,0.25048254798773073,0.6310537789014108,0.24593549322099917,0.2522572175246226,0.4737449345268123,0.4658301122533596,0.27691355693938524,0.24857607246018898,0.2474635331330619,0.4278421808237065,0.29070715611648346
0.29595233416785416,0.39067354617087535,0.21254364486176236,0.2705321303302014,0.476632038550752,0.4006822219430304,0.3365203332500746,0.26694873787687523,0.29700181192512465,0.26683917404361035,0.449126842653394,0.2607340744150406,0.5083013455584179,0.25628148202217726,0.2627561277826178,0.3492479425334041,0.42851499043930674,0.44530936470373617,0.4411128219243785,0.33442710824966415,0.46491264776215524,0.47584971892876227,0.4826235636554098,0.40250082147455624,0.423576598276563,0.3708548827315995,0.47885504572500304,0.2578339718477566,0.28213305286426926,0.28576169867010104,0.2378524803270362,1.0,0.0,0.46382529257233296,0.3902423809819615,0.246591398461537,0.3339021580311533,0.47579065380554786,0.19900246568752078,0.4848492498792477,0.24895932083239736,0.393027628874982,0.49220958976683815,0.25687341834359156,0.2623079974589483,0.26530979883616157,0.407952077785257,0.40915891762086387,0.24060145145308642,0.2773315869048164
0.0,0.0,0.0,0.0,0.0,0.0,0.0,0.0,0.0,0.0,0.0,0.0,0.0,0.0,0.0,0.0,0.0,0.0,0.0,0.0,0.0,0.0,0.0,0.0,0.0,0.0,0.0,0.0,0.0,0.0,0.0,0.0,1.0,0.0,0.0,0.0,0.0,0.0,0.0,0.0,0.0,0.0,0.0,0.0,0.0,0.0,0.0,0.0,0.0,0.0
0.3054931620174488,0.405464385998353,0.22971125051689978,0.2552259819605581,0.4316986048417357,0.40120421258880634,0.3592416882298186,0.26459985820679466,0.2992513182104326,0.2570283994040623,0.48276841750814636,0.25903729638645656,0.5234664580457926,0.24977182492866412,0.24339466798049125,0.35247926089256965,0.39091730550144643,0.4755525427181396,0.42573459365069355,0.35811253493374506,0.5118091806984775,0.6000909319572181,0.6463254608169686,0.38191427450715343,0.3673316902003244,0.3474193464914651,0.5052148623376025,0.25631126191913356,0.28693264348817604,0.290226406119636,0.239323289159165,0.46382529257233296,0.0,1.0,0.40813422608128613,0.2750998034358305,0.3408402611107536,0.4797589646625443,0.21523536922211783,0.5086102398076615,0.23923938131922995,0.40904203097276093,0.5205077700531575,0.2589286135601392,0.25927520666225656,0.26856020309806394,0.4124127994736315,0.41184709555963184,0.25289031377821025,0.29076114661488994
0.3003842664223927,0.566629727457288,0.21598486478188306,0.2532585587346754,0.39880074986500835,0.5552729162542153,0.3529200169415836,0.2593907084637368,0.2950793879648942,0.25786039330004895,0.4276455126663483,0.2608268390242401,0.40820055535009947,0.2553330914863372,0.24741154267936194,0.35005766042583386,0.46476800936653995,0.4130065150098883,0.36562645571031005,0.3530589370805792,0.4097748452056522,0.3924295731759617,0.4151190734666883,0.5456788708068248,0.5349747878551118,0.43613122500383583,0.41063623306014574,0.25370659266031725,0.28843502284616773,0.29414194331382937,0.2358423554393203,0.3902423809819615,0.0,0.40813422608128613,1.0,0.25797206510171833,0.3363382370722432,0.4011520511648051,0.2028860352242534,0.42258262932739,0.23805398330689798,0.47402529272851646,0.42478973201488235,0.25455176095039955,0.25680101492984553,0.2692370610587932,0.47251059712177323,0.47146305448317094,0.2518181923861452,0.2908961540586561
0.28203739106202663,0.2641710260497918,0.21314401080402212,0.4224133598747225,0.24973713138938314,0.26401365868020876,0.26900124453066876,0.4153654207921401,0.28338238233835367,0.43203292202668087,0.27688813157536596,0.4116078464239624,0.2580959188039541,0.4172634617566474,0.406447535555998,0.26719950103339185,0.24915149195188147,0.27787065731182403,0.2396139686347839,0.27075419316106664,0.26708696355190886,0.25408718229173954,0.27227738414853453,0.25280681957539286,0.24160075166653516,0.231746384156022,0.2657333130235252,0.4211219641360966,0.3074110510265643,0.2756465728944181,0.3970292153475865,0.246591398461537,0.0,0.2750998034358305,0.25797206510171833,1.0,0.2562924778273915,0.2562136521117777,0.3505755007302158,0.26889020902215255,0.3959372894270451,0.26034295580790223,0.2652034518672247,0.42331039823153305,0.42255173909665267,0.28689578803180915,0.25932083935169614,0.2581556343105683,0.41162940362752043,0.3137870444858598
0.28834683413313167,0.3306142721272407,0.20751087298044735,0.25186000112346385,0.3326342864618319,0.3392352679322035,0.7838495594650704,0.25118030377670875,0.29504538674809266,0.2546844294569366,0.3462200611634054,0.2430215540416295,0.343950389130829,0.24521038952716856,0.2424692529771335,0.7239277693833419,0.3253519552236249,0.3622848991450375,0.31888748600508177,0.7918581120505868,0.3632919233601978,0.3437419378457671,0.37146066486086415,0.3310501320241084,0.3189381723891288,0.31089985688806365,0.33947738008806694,0.24412574025453848,0.2715544680783777,0.2919865795272887,0.23235370264545663,0.3339021580311533,0.0,0.3408402611107536,0.3363382370722432,0.2562924778273915,1.0,0.32662597564283313,0.19794818708780304,0.3384991353937926,0.23582530169954596,0.3342920235867789,0.3455383645915544,0.24569536557076088,0.24497996994253324,0.258742431147731,0.3319814860723802,0.3317401482778507,0.24287628448926024,0.28389714470589533
0.30823467048323694,0.4244900147103837,0.22280133953525394,0.2561568079347495,0.4465494491329366,0.41465077994680033,0.3377898089483973,0.27849349200016893,0.29096030851805477,0.2665971502279142,0.4913836101417177,0.2623537589082382,0.4920967862196477,0.2595252811938521,0.25181538846046203,0.3432308990419495,0.37753097877403985,0.456276926451586,0.40589874673464377,0.3405049285423929,0.4787859282286624,0.47413587540724655,0.49998259468115636,0.38925474313502983,0.3868632769410868,0.3680386597972659,0.5788124908375502,0.2708989843623122,0.28642721038895314,0.2882645097075315,0.24546961762136865,0.47579065380554786,0.0,0.4797589646625443,0.4011520511648051,0.2562136521117777,0.32662597564283313,1.0,0.20576355661991796,0.5151389477206989,0.2498960369830192,0.4162746917191663,0.6272892296754571,0.27474737084858714,0.26717612280384107,0.2705112694696382,0.4334474201514229,0.4310670561129133,0.2687360717486037,0.2882893123975222
0.25590000058204865,0.20202947226749457,0.16572878452009276,0.352847130474243,0.19791650464581412,0.2114794783907057,0.2121417705332359,0.35383562727108364,0.21905779814679516,0.3637036397154991,0.21226863944692909,0.3478729546720969,0.2014528889623357,0.3577055974331521,0.3446765444814429,0.20288126518320937,0.19314948512506747,0.2112022543904465,0.1848058081416919,0.2076871839254507,0.2068632727490668,0.19467797868670877,0.2114939881473591,0.19107847820362867,0.19212924514012553,0.18390937656551354,0.20583452339773134,0.355749143446244,0.23706012023446776,0.21293193649942233,0.33360199899960474,0.19900246568752078,0.0,0.21523536922211783,0.2028860352242534,0.3505755007302158,0.19794818708780304,0.20576355661991796,1.0,0.20783745281672916,0.3349543443345996,0.2074270838497797,0.21072864790878287,0.35950309747363995,0.36025588013197773,0.21612829102400444,0.20720175021024512,0.2059858388393384,0.3366516757281931,0.24100125228170577
0.31075875669662967,0.42256218448901073,0.23289685655485404,0.26014099710664906,0.45460655763216107,0.40666016357215884,0.35551602921993686,0.2718303221134828,0.30805189676452394,0.2743123022262929,0.520464496613769,0.2659502774539215,0.5342773271710197,0.2613320640530479,0.25353928416220195,0.3521857052737595,0.3867852235282385,0.4887026966848762,0.4275383859422708,0.3605660507151961,0.5115723468495148,0.4951267845581723,0.5278855219911858,0.39193648134125003,0.3737624129832732,0.3687975464860084,0.5469068748196049,0.2667374373042294,0.2958655174172815,0.3097131075987526,0.25048254798773073,0.4848492498792477,0.0,0.5086102398076615,0.42258262932739,0.26889020902215255,0.3384991353937926,0.5151389477206989,0.20783745281672916,1.0,0.2509526249723534,0.4257960989156935,0.5474287613539428,0.2675679523151603,0.26817060779844293,0.2853943132777781,0.4472558159757707,0.44573424565647213,0.2654861214512104,0.30585930388924076
