../ecoli_genomes/GCF_000163235.1_ASM16323v1_genomic.fna.gz,../ecoli_genomes/GCF_000164555.1_ASM16455v1_genomic.fna.gz,../ecoli_genomes/GCF_000208545.1_ASM20854v2_genomic.fna.gz,../ecoli_genomes/GCF_000233875.1_ASM23387v1_genomic.fna.gz,../ecoli_genomes/GCF_000249735.1_ASM24973v2_genomic.fna.gz,../ecoli_genomes/GCF_000261145.1_Esch_coli_M919_V2_genomic.fna.gz,../ecoli_genomes/GCF_000267705.2_ASM26770v2_genomic.fna.gz,../ecoli_genomes/GCF_000350665.1_Esch_coli_KTE5_V1_genomic.fna.gz,../ecoli_genomes/GCF_000351625.1_Esch_coli_KTE66_V1_genomic.fna.gz,../ecoli_genomes/GCF_000352285.1_Esch_coli_KTE46_V1_genomic.fna.gz,../ecoli_genomes/GCF_000358895.1_ASM35889v1_genomic.fna.gz,../ecoli_genomes/GCF_000456385.1_Esch_coli_HVH_26_4-5703913_V1_genomic.fna.gz,../ecoli_genomes/GCF_000458195.1_Esch_coli_HVH_147_4-5893887_V1_genomic.fna.gz,../ecoli_genomes/GCF_000459755.1_Esch_coli_KOEGE_58_171a_V1_genomic.fna.gz,../ecoli_genomes/GCF_000460055.1_Esch_coli_UMEA_3053-1_V1_genomic.fna.gz,../ecoli_genomes/GCF_000462165.2_ASM46216v2_genomic.fna.gz,../ecoli_genomes/GCF_000601135.1_ASM60113v1_genomic.fna.gz,../ecoli_genomes/GCF_000614595.1_Ec2010EL1058_genomic.fna.gz,../ecoli_genomes/GCF_000617745.1_Ec2010C-4529_genomic.fna.gz,../ecoli_genomes/GCF_000618265.2_EcF6751_genomic.fna.gz,../ecoli_genomes/GCF_000619005.2_Ec2009C-4052_genomic.fna.gz,../ecoli_genomes/GCF_000619105.1_Ec2009C-4780_genomic.fna.gz,../ecoli_genomes/GCF_000619765.2_Ec2009C-3279_genomic.fna.gz,../ecoli_genomes/GCF_000687005.1_ASM68700v1_genomic.fna.gz,../ecoli_genomes/GCF_000687025.1_ASM68702v1_genomic.fna.gz,../ecoli_genomes/GCF_000700125.1_ASM70012v1_genomic.fna.gz,../ecoli_genomes/GCF_000753315.1_FHI35_genomic.fna.gz,../ecoli_genomes/GCF_000776375.1_ASM77637v1_genomic.fna.gz,../ecoli_genomes/GCF_000779395.1_ASM77939v1_genomic.fna.gz,../ecoli_genomes/GCF_000780315.1_ASM78031v1_genomic.fna.gz,../ecoli_genomes/GCF_000781995.1_ASM78199v1_genomic.fna.gz,../ecoli_genomes/GCF_000986765.1_ASM98676v1_genomic.fna.gz,../ecoli_genomes/GCF_001041375.1_ViralProj287958_genomic.fna.gz,../ecoli_genomes/GCF_001265335.1_302014_genomic.fna.gz,../ecoli_genomes/GCF_001265625.1_100854_genomic.fna.gz,../ecoli_genomes/GCF_001267345.1_303289_genomic.fna.gz,../ecoli_genomes/GCF_001309985.1_ASM130998v1_genomic.fna.gz,../ecoli_genomes/GCF_001521695.1_ASM152169v1_genomic.fna.gz,../ecoli_genomes/GCF_001592595.1_ASM159259v1_genomic.fna.gz,../ecoli_genomes/GCF_001614975.1_ASM161497v1_genomic.fna.gz,../ecoli_genomes/GCF_001692775.1_ASM169277v1_genomic.fna.gz,../ecoli_genomes/GCF_001748915.1_ASM174891v1_genomic.fna.gz,../ecoli_genomes/GCF_001749235.1_ASM174923v1_genomic.fna.gz,../ecoli_genomes/GCF_001881155.1_ASM188115v1_genomic.fna.gz,../ecoli_genomes/GCF_001881345.1_ASM188134v1_genomic.fna.gz,../ecoli_genomes/GCF_001892405.1_ASM189240v1_genomic.fna.gz,../ecoli_genomes/GCF_001892585.1_ASM189258v1_genomic.fna.gz,../ecoli_genomes/GCF_001893985.1_ASM189398v1_genomic.fna.gz,../ecoli_genomes/GCF_002001595.1_ASM200159v1_genomic.fna.gz,../ecoli_genomes/GCF_002002145.1_ASM200214v1_genomic.fna.gz
1.0,0.3224901903998526,0.2540388333722352,0.27456512896443364,0.2786451216218636,0.30968312336742265,0.2998995816229397,0.28516367751159855,0.3831658909738612,0.2903815022613311,0.3171008541577257,0.29085004179334517,0.29661550607911435,0.2723562121005595,0.25866317802313676,0.3018868553638647,0.29599389424152445,0.30752724069777715,0.24967781931481414,0.302285619374431,0.29485786574454176,0.2830123336922883,0.30739029752287417,0.304508221482778,0.2866517166719035,0.295371035674836,0.30191408912807094,0.2770717508794013,0.332304924017626,0.3830439516385906,0.254139429875881,0.2972475896543072,0.0,0.2962290118672868,0.30216441548301043,0.2822005536148736,0.2915748060234109,0.30769930103467646,0.2684012214039835,0.3098788660486945,0.25492709912754974,0.3082684763387281,0.3094135975878941,0.27989875317726765,0.29320912418327594,0.3035636008777427,0.3076477654228884,0.3080107938939771,0.2684133581486122,0.33669630570403275
0.3224901903998526,1.0,0.23096508985775677,0.2777949925704156,0.37343047328164436,0.5649836474492582,0.35548484345104037,0.28207863265140454,0.2960312822707508,0.28086774335611775,0.42511436199718466,0.2854961292578688,0.4021683237396789,0.2718550047953874,0.26160136460633887,0.35967350308997836,0.4676932222190042,0.41826088158441554,0.33530092577129533,0.358731422323358,0.4031963543823538,0.3832334278401508,0.4119383040968372,0.5603221268530898,0.522364824362668,0.47993269965477037,0.4112772557141896,0.2745934305398948,0.30087425997395856,0.3036302681998464,0.25789633593501393,0.39388513445316875,0.0,0.39517146383258905,0.5650597401725571,0.27168117295853866,0.3438009765452634,0.4140113233548418,0.23686454320861472,0.4135251943503212,0.26045282702466166,0.47116946270898186,0.41863759910969367,0.2877932341904337,0.2900258509352869,0.2831961302918049,0.4821009528256127,0.4824435722409016,0.28157384638207206,0.3012960788703838
0.2540388333722352,0.23096508985775677,1.0,0.20563347804391618,0.19700770251874733,0.21655918314140088,0.21846914072908596,0.2108899582408129,0.24228342428126703,0.2118063739674494,0.22883350197701768,0.2040237267858631,0.21704388069156533,0.20755950892680963,0.19710633069754102,0.22307658468515013,0.2107281996235233,0.2206723687241332,0.18061497473076438,0.22143043074727442,0.2165613152390402,0.207897901480666,0.2193139354125262,0.21606655606641478,0.20396941844611138,0.21163087398815683,0.2204511615839997,0.20785797737406964,0.24606307967045304,0.2472350884429768,0.19737035764746447,0.20908879933938207,0.0,0.21503415157377526,0.21349993801149358,0.21676724120789181,0.21332070905959621,0.21720530097935686,0.18874088747566975,0.22486308076712003,0.20092273981559994,0.22588310047413884,0.22519176262815166,0.21389049147173445,0.2094506169731829,0.22655245477478925,0.22550628326401134,0.22479252001651917,0.20971607487029165,0.2471549819074227
0.27456512896443364,0.2777949925704156,0.20563347804391618,1.0,0.30011707705552426,0.2788658404536519,0.2531280695604331,0.5071060033098798,0.2992138962333034,0.5290352862894117,0.2597907821062799,0.5014822397619496,0.2807981778319186,0.542764825404475,0.570054666330839,0.28399816395683464,0.28667820451085935,0.2623325469896495,0.21071419761461452,0.2554768392421114,0.25664163912817195,0.23988153519792688,0.26646036887833624,0.27730899120113506,0.28438290329748594,0.29552682137656805,0.2562996636501309,0.507213587586471,0.3025434797471017,0.28528316190475633,0.5115109195290926,0.29117961561962724,0.0,0.24998403576291328,0.25761722174488977,0.4120168694445093,0.26036537460474996,0.2554719868388957,0.4078605518654391,0.2578983408209705,0.5251668659134974,0.26582846525678694,0.26137840135942036,0.5133602683794287,0.5060721640964405,0.2882493102597794,0.26036183437533855,0.26062997417623557,0.44529434429956416,0.30887293945431993
0.2786451216218636,0.37343047328164436,0.19700770251874733,0.30011707705552426,1.0,0.3996570313963782,0.3088548021403468,0.29234824037791607,0.3204467168003048,0.3020070036903648,0.47786885518444533,0.25291366177956076,0.46359729685454254,0.2653630868032969,0.3018819327247032,0.3647534768871806,0.41625354771552303,0.39590570315613727,0.31793936573414794,0.31310167454288373,0.4052771479505396,0.37070533392972194,0.4072915355480581,0.4000487655446672,0.40976568448135253,0.4375689852276624,0.41406472563391705,0.24060893688453744,0.272066346295498,0.3019887870052691,0.2840352135225471,0.4548808082814795,0.0,0.40358969101324305,0.37156698078366757,0.24298221459910008,0.3309223374778495,0.428608806632085,0.2427984858502894,0.4198494518351519,0.2953907784768989,0.3856794071061317,0.42756559854629117,0.24514280744455463,0.2498448690430377,0.2567842841169059,0.39078688500086656,0.39181570598404525,0.2432875596807338,0.27328294217895244
0.30968312336742265,0.5649836474492582,0.21655918314140088,0.2788658404536519,0.3996570313963782,1.0,0.35635871857760004,0.2871241115534737,0.30375773770359527,0.2732358286685791,0.4164988254796377,0.2683443636577194,0.4063893587365325,0.2746648948616143,0.2685636962076018,0.36205300398142626,0.47628475099791123,0.4200252653942582,0.3389962095688155,0.3572158835750021,0.39820793825759393,0.3790050893574488,0.4158677765507258,0.5493486445894631,0.5296814234292124,0.4683767538942364,0.4037546521603609,0.2634452133737797,0.30271556197184646,0.29953736683859666,0.2576462849258999,0.4033888621498172,0.0,0.40599619020658473,0.5626436093924354,0.275725387490108,0.3494121383213641,0.41228149829488336,0.2576460377163823,0.41073704379041864,0.2649939349163897,0.4773440377182786,0.4199536692706789,0.2706432052372745,0.2716660147118122,0.2845081655447136,0.4852481836686663,0.48727858629508025,0.2653322712744153,0.3082176453771448
0.2998995816229397,0.35548484345104037,0.21846914072908596,0.2531280695604331,0.3088548021403468,0.35635871857760004,1.0,0.257631344481448,0.294400041139383,0.2504171551754718,0.3555230084770019,0.24867566219335302,0.3375656948700816,0.2519025689046738,0.23949076521162582,0.7403990684897861,0.33944047653341103,0.38643122924211093,0.31256940435598657,0.8635081186547648,0.38530944714491777,0.3490369196900015,0.3867443390613484,0.34966095786699947,0.3255350670514734,0.34770338602931117,0.3543545526877431,0.24791415837146213,0.28028874070665,0.28942144211511334,0.23629313939516206,0.3348861377929113,0.0,0.34779772806389453,0.35938184964258246,0.2723929813124767,0.7924608319625325,0.3349300660429395,0.23626791636199074,0.34977555259143056,0.23673796573182404,0.35368521896134064,0.3564254137713846,0.25374007353683015,0.2549011858960727,0.2652554652936111,0.346474675703736,0.3459846345291283,0.24624088600754124,0.2896746991721654
0.28516367751159855,0.28207863265140454,0.2108899582408129,0.5071060033098798,0.29234824037791607,0.2871241115534737,0.257631344481448,1.0,0.28984192307621104,0.5038086556069667,0.26530696092212336,0.4788538819384234,0.2854432966850531,0.48957220194375584,0.4810121039860993,0.28206842360642304,0.28263394537209086,0.2670634738636034,0.2215030445909536,0.25969585065910605,0.25611748714367555,0.2482991867942167,0.2681429649082596,0.28583555901378765,0.27778802946580894,0.2889229443664826,0.26412117644788136,0.6770370884736536,0.31457843169271194,0.28257216028230703,0.47928839880103835,0.2886553527613537,0.0,0.2631452224890579,0.2653255424449579,0.4072220467859047,0.2620099119401651,0.28052279366912036,0.40009256635571266,0.2664524177086238,0.48052313936509006,0.27049166415255166,0.2696071992419111,0.6839743188992715,0.6559069619167874,0.2908857055767141,0.26186414775401967,0.2612236556584875,0.4415668669469963,0.3130342483079318
0.3831658909738612,0.2960312822707508,0.24228342428126703,0.2992138962333034,0.3204467168003048,0.30375773770359527,0.294400041139383,0.28984192307621104,1.0,0.30287254937467667,0.3050099831797849,0.2668712437969829,0.3143672544640116,0.27928319453868056,0.29256027022214914,0.3248119136979143,0.30413739863320055,0.29734600812984624,0.23796966889987547,0.2987055139233925,0.287101342169203,0.271409527536005,0.29362614825699085,0.3120476751452883,0.30168288417575584,0.3148563746932883,0.2955633298399246,0.264775827203385,0.3237034351309561,0.4146307789616571,0.28267290400565126,0.30318335960117326,0.0,0.28435413387256525,0.28937980583707545,0.28054773552776757,0.30015959437853335,0.2861707114523233,0.25490936349331283,0.29683852322257387,0.2843888200996403,0.2991194594459652,0.30265050104920277,0.2695270827258053,0.2660046016351685,0.3008180048619208,0.29485971056139504,0.29419943897023937,0.2677642046998817,0.3331067567013486
0.2903815022613311,0.28086774335611775,0.2118063739674494,0.5290352862894117,0.3020070036903648,0.2732358286685791,0.2504171551754718,0.5038086556069667,0.30287254937467667,1.0,0.26967324877567056,0.4767723292726549,0.28989771394670216,0.5040202536137786,0.5083906790674477,0.28241042866949617,0.281394038504163,0.2642112428698128,0.21104319181341646,0.2527813901710997,0.2548797250208119,0.23999886571232054,0.25931547170069136,0.2769796459384687,0.2822555779773207,0.2963905815203728,0.2614578520474822,0.485524996440708,0.3075741020541012,0.29123332364169974,0.5228933813984602,0.2812945627854272,0.0,0.25274202314461813,0.25695332532383997,0.4196207804724006,0.258372196621687,0.2588517073426757,0.41828818731389206,0.265766502205525,0.522419262488748,0.2652589158007952,0.2648292808669602,0.4915605217259458,0.49435711943092475,0.2834473211708599,0.26154859113491347,0.26093092123872164,0.45664601179426245,0.30351687752190615
0.3171008541577257,0.42511436199718466,0.22883350197701768,0.2597907821062799,0.47786885518444533,0.4164988254796377,0.3555230084770019,0.26530696092212336,0.3050099831797849,0.26967324877567056,1.0,0.2634065471379302,0.5130731699846622,0.2717170964243474,0.2558117536653338,0.3554929502168189,0.39164221041555547,0.48785987836990674,0.4088045925157643,0.3611791565267293,0.48615480072026496,0.4862001047214545,0.49294069835205134,0.4127510375314075,0.3713034906704248,0.4092282448979474,0.512055020870074,0.26654361443012287,0.2989039936686516,0.30672225891440663,0.24989586795168428,0.45249285101744874,0.0,0.4790053045742044,0.4223220030924453,0.2771936002714611,0.3456183169024162,0.48827489223572396,0.24742401965277416,0.5270182779896325,0.2518493780164922,0.4400275061256732,0.5130398082054513,0.2693621732214485,0.2682457554225033,0.2791028281040283,0.43657290137266014,0.43523775684903854,0.2694095367218643,0.3049166973044509
0.29085004179334517,0.2854961292578688,0.2040237267858631,0.5014822397619496,0.25291366177956076,0.2683443636577194,0.24867566219335302,0.4788538819384234,0.2668712437969829,0.4767723292726549,0.2634065471379302,1.0,0.25725813092498895,0.4981843443780031,0.5962659072246735,0.25657420146243237,0.25938935246467565,0.2573770836952741,0.21463154534189122,0.2505525753368968,0.25393674080695694,0.23961067055851393,0.25824966140730543,0.2654274618125343,0.25041057021886004,0.2599880312777878,0.2548416126601968,0.4828276785779676,0.3075327489319545,0.27253523212089836,0.44177888995038417,0.2604230171417635,0.0,0.25070328697565536,0.2588885970771303,0.4031578729552864,0.24416428728069017,0.2598020831807667,0.40861023004073693,0.25771491213390396,0.4559360738971997,0.2565872241935051,0.2614839956591759,0.4904753715272874,0.48715336289168854,0.28848125780086653,0.2630549301416467,0.26305916233241167,0.4319031584840106,0.3045167072809032
0.29661550607911435,0.4021683237396789,0.21704388069156533,0.2807981778319186,0.46359729685454254,0.4063893587365325,0.3375656948700816,0.2854432966850531,0.3143672544640116,0.28989771394670216,0.5130731699846622,0.25725813092498895,1.0,0.26637546548459545,0.28066097487183883,0.3697784165104946,0.4019232023078154,0.47295640293416397,0.49192297538663,0.3423572173599939,0.4879553568606103,0.5667315262582541,0.5351778438904384,0.41692422929712314,0.3821553793802497,0.41820408612621685,0.530831815290586,0.2571309344432565,0.2851041275473234,0.30973431572952626,0.26670110442346007,0.5215715835562074,0.0,0.5178916711238719,0.4003485430329171,0.26237265778174657,0.34723023731527136,0.4942381252837036,0.23883148792754305,0.5315934965441016,0.2710493958268524,0.4151329832556956,0.518987434069672,0.2597164767883874,0.25703421441918395,0.2640632975008502,0.4087232708494756,0.40762712407096924,0.2565098485731545,0.288022578422956
0.2723562121005595,0.2718550047953874,0.20755950892680963,0.542764825404475,0.2653630868032969,0.2746648948616143,0.2519025689046738,0.48957220194375584,0.27928319453868056,0.5040202536137786,0.2717170964243474,0.4981843443780031,0.26637546548459545,1.0,0.5426703783846576,0.2640189608518724,0.2648539223638209,0.2656783215794756,0.21638297983138477,0.2547041296826502,0.2554459247696521,0.2475179338546054,0.26562277888726105,0.25900187585517087,0.25625447105659094,0.26670646743813553,0.26386284801855664,0.5122713106614467,0.31324179137697583,0.2709059051817573,0.4876139157052841,0.2674814211444131,0.0,0.2542752805765075,0.25788682250398565,0.41503635457411936,0.248744657670957,0.2637374793052645,0.40398929529935224,0.26403554760270487,0.49792250907557056,0.26286138536373216,0.26709526874176326,0.5151509703690129,0.506438627462757,0.2953361845595649,0.26195599799238567,0.262516189106865,0.456942714445314,0.3161428106113857
0.25866317802313676,0.26160136460633887,0.19710633069754102,0.570054666330839,0.3018819327247032,0.2685636962076018,0.23949076521162582,0.4810121039860993,0.29256027022214914,0.5083906790674477,0.2558117536653338,0.5962659072246735,0.28066097487183883,0.5426703783846576,1.0,0.27466827895462986,0.2845368047437593,0.2536905854464837,0.20164956967935788,0.24350742852762186,0.24483326012501283,0.23235130436359552,0.2562669385183267,0.2723885811626888,0.2746251233099277,0.2885095211887304,0.25057879195857535,0.47199019687657606,0.29683342008485514,0.27646694048964027,0.5010660823863224,0.2814230745502968,0.0,0.24225315531209834,0.2508057575553265,0.400529952614358,0.2512879424044868,0.24992745996923005,0.40865426140368466,0.25160941599469444,0.5065643899742263,0.25447437347562474,0.25465671434945514,0.4771442625935569,0.4691779337759652,0.28655025350387175,0.25808675988012,0.25808723019154456,0.43424713571424167,0.3116595065237211
0.3018868553638647,0.35967350308997836,0.22307658468515013,0.28399816395683464,0.3647534768871806,0.36205300398142626,0.7403990684897861,0.28206842360642304,0.3248119136979143,0.28241042866949617,0.3554929502168189,0.25657420146243237,0.3697784165104946,0.2640189608518724,0.27466827895462986,1.0,0.36321288552021413,0.3762384572153581,0.30165241263830134,0.7618962835883119,0.3675289132015944,0.34078771673987907,0.37455195243040595,0.3723108322327595,0.355573991795306,0.3820247510668856,0.35150683187119725,0.2521893220348639,0.28473641852629106,0.31294031572955394,0.2650432437713476,0.35612584366985556,0.0,0.3423871052191423,0.3581792633940639,0.27231283180477595,0.7477284737957313,0.3372549244201968,0.2334414208269162,0.35116245415276126,0.2676571328031442,0.3560909335645891,0.35510665430499966,0.25497001378231243,0.25799683585556066,0.26927626203565813,0.3486503405736535,0.3478726397595677,0.25381097256436624,0.2909109188807373
0.29599389424152445,0.4676932222190042,0.2107281996235233,0.28667820451085935,0.41625354771552303,0.47628475099791123,0.33944047653341103,0.28263394537209086,0.30413739863320055,0.281394038504163,0.39164221041555547,0.25938935246467565,0.4019232023078154,0.2648539223638209,0.2845368047437593,0.36321288552021413,1.0,0.3869806376779189,0.31058549476588426,0.3409296090191113,0.38070560943464704,0.36102706913855376,0.39883014893023094,0.49274842523760076,0.48564362221883384,0.5268220777263719,0.3856615385912563,0.25202073019893334,0.28442287552749956,0.29189147126767256,0.2635291308015081,0.44279132396027054,0.0,0.3860191307229951,0.45986901051858997,0.2652918022267611,0.3445061963414564,0.37771276770244666,0.24220691404547157,0.38650467827772494,0.268180882596433,0.4402561687445896,0.3982589199105312,0.25932979898065256,0.27097372431565325,0.2665267334787963,0.4514927128842229,0.45291331676011615,0.2478917158545535,0.29339941593540153
0.30752724069777715,0.41826088158441554,0.2206723687241332,0.2623325469896495,0.39590570315613727,0.4200252653942582,0.38643122924211093,0.2670634738636034,0.29734600812984624,0.2642112428698128,0.48785987836990674,0.2573770836952741,0.47295640293416397,0.2656783215794756,0.2536905854464837,0.3762384572153581,0.3869806376779189,1.0,0.4323535931897726,0.38853733376648214,0.5138826325257417,0.48478854558740747,0.5184210411154421,0.4097424541003437,0.37171344671350437,0.4010606102338268,0.49593857123280827,0.2597699717897036,0.2937076466772539,0.3029387267937469,0.24851438904547507,0.44621463771544434,0.0,0.46483577364567386,0.41964630684222204,0.28365271218566657,0.37387609165095526,0.4541698799776419,0.2403186419430099,0.48958378641122713,0.24792503291240997,0.4280023928103366,0.48854433155491506,0.26317566669173964,0.2629928726508802,0.27076941107721275,0.42056447567405264,0.4194345585937944,0.25931745286520647,0.2977189968386582
0.24967781931481414,0.33530092577129533,0.18061497473076438,0.21071419761461452,0.31793936573414794,0.3389962095688155,0.31256940435598657,0.2215030445909536,0.23796966889987547,0.21104319181341646,0.4088045925157643,0.21463154534189122,0.49192297538663,0.21638297983138477,0.20164956967935788,0.30165241263830134,0.31058549476588426,0.4323535931897726,1.0,0.3113806886917204,0.42517754719401424,0.5258981370901259,0.43076806509215926,0.32589858660744375,0.2939528974221941,0.3125795761208823,0.43484154092834637,0.21586317550201162,0.24280282800194664,0.2423740222192361,0.19968398344674687,0.4360067256647019,0.0,0.4086880347627042,0.340765082607416,0.22862180340477234,0.3015861409234707,0.4048320156385987,0.19881631563611857,0.4267659597259986,0.19943701171124262,0.3404524517284988,0.40621385171608726,0.22097223995109183,0.2195409933947603,0.22757299420939703,0.3354169451393719,0.3349178849891724,0.2108738270738364,0.24619217445670838
0.302285619374431,0.358731422323358,0.22143043074727442,0.2554768392421114,0.31310167454288373,0.3572158835750021,0.8635081186547648,0.25969585065910605,0.2987055139233925,0.2527813901710997,0.3611791565267293,0.2505525753368968,0.3423572173599939,0.2547041296826502,0.24350742852762186,0.7618962835883119,0.3409296090191113,0.38853733376648214,0.3113806886917204,1.0,0.3861592705589665,0.3505266533803847,0.38571588233702625,0.3521507036354564,0.3314265692759445,0.3516941228231888,0.3575987803813965,0.2509197955254341,0.28455094355755306,0.29427821644976304,0.24000545646579297,0.3368241047018651,0.0,0.3472025841749583,0.36071342490866876,0.2737929010008605,0.8049841315282242,0.3396827721154687,0.23193981026976063,0.35431497512032606,0.23985352805125193,0.35698889928510535,0.36084962717190205,0.2556559821739358,0.256117869644337,0.2696438115233878,0.3515559368155907,0.35091968229978776,0.25011109050171876,0.2935780184561386
0.29485786574454176,0.4031963543823538,0.2165613152390402,0.25664163912817195,0.4052771479505396,0.39820793825759393,0.38530944714491777,0.25611748714367555,0.287101342169203,0.2548797250208119,0.48615480072026496,0.25393674080695694,0.4879553568606103,0.2554459247696521,0.24483326012501283,0.3675289132015944,0.38070560943464704,0.5138826325257417,0.42517754719401424,0.3861592705589665,1.0,0.4985802327811466,0.5392218546161474,0.3973249742357997,0.36246934353298677,0.3979310206064103,0.5090065620913538,0.2514016113460724,0.2819716073564479,0.29212349507385715,0.23789488633818212,0.4635294922764085,0.0,0.4960326243453095,0.406354392190981,0.2738767500298144,0.3690877823080514,0.47108756572373267,0.23343851947933236,0.5042997040413817,0.2431689843645517,0.40247034287249606,0.5062667681642089,0.2559956175714295,0.2581797411672361,0.2712365720436154,0.41747180700191744,0.4163456233626315,0.25228143254009516,0.29332951425996967
0.2830123336922883,0.3832334278401508,0.207897901480666,0.23988153519792688,0.37070533392972194,0.3790050893574488,0.3490369196900015,0.2482991867942167,0.271409527536005,0.23999886571232054,0.4862001047214545,0.23961067055851393,0.5667315262582541,0.2475179338546054,0.23235130436359552,0.34078771673987907,0.36102706913855376,0.48478854558740747,0.5258981370901259,0.3505266533803847,0.4985802327811466,1.0,0.6832306334359906,0.3701483256353275,0.33973771635217076,0.3645629616834336,0.5114557423996209,0.24776013041449152,0.2734499667560423,0.27248789964797826,0.22569794065449356,0.482586167672696,0.0,0.6071032746333433,0.3846972970452981,0.25741971880499204,0.336976493524317,0.47858615641035873,0.22121287189082894,0.5077589315835187,0.22475306138139617,0.39053942255488827,0.5018336563300434,0.25024072551848,0.24790882067626563,0.25536043397298425,0.3883542190838817,0.3874745834062041,0.24490961714647452,0.2796675406327115
0.30739029752287417,0.4119383040968372,0.2193139354125262,0.26646036887833624,0.4072915355480581,0.4158677765507258,0.3867443390613484,0.2681429649082596,0.29362614825699085,0.25931547170069136,0.49294069835205134,0.25824966140730543,0.5351778438904384,0.26562277888726105,0.2562669385183267,0.37455195243040595,0.39883014893023094,0.5184210411154421,0.43076806509215926,0.38571588233702625,0.5392218546161474,0.6832306334359906,1.0,0.40103356598639095,0.37775493565753915,0.3983921209898311,0.5294848918282711,0.2615650502975889,0.29250908623149363,0.2918612187955213,0.2461515680692118,0.4839017884208575,0.0,0.6278252675828546,0.4122146982741258,0.27627167127295627,0.371116855963862,0.487592905667942,0.23776014490040598,0.5187405509779432,0.2464088676084366,0.4136239294677223,0.5247614858486609,0.26616855798464933,0.26558905764159224,0.27300071289472116,0.4137418124826353,0.4139833316513202,0.2594167463503131,0.29999293680490724
0.304508221482778,0.5603221268530898,0.21606655606641478,0.27730899120113506,0.4000487655446672,0.5493486445894631,0.34966095786699947,0.28583555901378765,0.3120476751452883,0.2769796459384687,0.4127510375314075,0.2654274618125343,0.41692422929712314,0.25900187585517087,0.2723885811626888,0.3723108322327595,0.49274842523760076,0.4097424541003437,0.32589858660744375,0.3521507036354564,0.3973249742357997,0.3701483256353275,0.40103356598639095,1.0,0.527555520989923,0.5050714625203012,0.4034293575021223,0.2509696296344879,0.28691245686218314,0.30326194228657144,0.25937500740659014,0.4042634996465462,0.0,0.3874229332487933,0.5579463139254521,0.265408400751292,0.3509658279302299,0.38930707480130444,0.23369858232390583,0.3972683237944049,0.26709360379068925,0.4692553250656446,0.40836871074536096,0.25650033017947715,0.26494783553527435,0.2638644713854281,0.4646553778090339,0.4649169586879124,0.25311382898844437,0.2853518497395373
0.2866517166719035,0.522364824362668,0.20396941844611138,0.28438290329748594,0.40976568448135253,0.5296814234292124,0.3255350670514734,0.27778802946580894,0.30168288417575584,0.2822555779773207,0.3713034906704248,0.25041057021886004,0.3821553793802497,0.25625447105659094,0.2746251233099277,0.355573991795306,0.48564362221883384,0.37171344671350437,0.2939528974221941,0.3314265692759445,0.36246934353298677,0.33973771635217076,0.37775493565753915,0.527555520989923,1.0,0.5144299169139525,0.3641830333578022,0.23979144925385376,0.27198785147452376,0.2863272340526437,0.262041193821941,0.4279373375997203,0.0,0.3574500699324924,0.5156419131080763,0.2499850271418841,0.33635243326770803,0.3681767924452872,0.23398601201366853,0.3668971250646067,0.26538110795338543,0.42557274340027174,0.37942978711092346,0.2546212578794901,0.25932942138731496,0.2631359276961863,0.42828856792785364,0.4302812120900631,0.2476803190800263,0.2760329702451557
0.295371035674836,0.47993269965477037,0.21163087398815683,0.29552682137656805,0.4375689852276624,0.4683767538942364,0.34770338602931117,0.2889229443664826,0.3148563746932883,0.2963905815203728,0.4092282448979474,0.2599880312777878,0.41820408612621685,0.26670646743813553,0.2885095211887304,0.3820247510668856,0.5268220777263719,0.4010606102338268,0.3125795761208823,0.3516941228231888,0.3979310206064103,0.3645629616834336,0.3983921209898311,0.5050714625203012,0.5144299169139525,1.0,0.3946525583989191,0.2521816890916103,0.28185711527452983,0.30395270527363005,0.2760779717501215,0.42586406681856137,0.0,0.3777759069521228,0.4750972050105563,0.26311453326905243,0.36041486399211686,0.39215279050987395,0.23820596497886304,0.4022038615605361,0.2808262235646416,0.4608809631267633,0.3998686023236362,0.2655942935945783,0.26788909484678436,0.2629498254315935,0.4659915732926062,0.4660448698522226,0.26077854300545067,0.2860480523268377
0.30191408912807094,0.4112772557141896,0.2204511615839997,0.2562996636501309,0.41406472563391705,0.4037546521603609,0.3543545526877431,0.26412117644788136,0.2955633298399246,0.2614578520474822,0.512055020870074,0.2548416126601968,0.530831815290586,0.26386284801855664,0.25057879195857535,0.35150683187119725,0.3856615385912563,0.49593857123280827,0.43484154092834637,0.3575987803813965,0.5090065620913538,0.5114557423996209,0.5294848918282711,0.4034293575021223,0.3641830333578022,0.3946525583989191,1.0,0.2572055409917423,0.2913536416772472,0.29618396107876677,0.24620683653534592,0.48874673003504354,0.0,0.5023089605746502,0.4104911212779331,0.26872384087179213,0.34496025465724056,0.5835829952032032,0.22998591132558333,0.5485626199658338,0.2477177520213193,0.41986853118332557,0.6201228122157869,0.26348987596714535,0.2600459248300263,0.2763761820912446,0.41360667860199407,0.41281451691912685,0.2571025342142328,0.29562511340325126
0.2770717508794013,0.2745934305398948,0.20785797737406964,0.507213587586471,0.24060893688453744,0.2634452133737797,0.24791415837146213,0.6770370884736536,0.264775827203385,0.485524996440708,0.26654361443012287,0.4828276785779676,0.2571309344432565,0.5122713106614467,0.47199019687657606,0.2521893220348639,0.25202073019893334,0.2597699717897036,0.21586317550201162,0.2509197955254341,0.2514016113460724,0.24776013041449152,0.2615650502975889,0.2509696296344879,0.23979144925385376,0.2521816890916103,0.2572055409917423,1.0,0.3105367427353063,0.26464725614046647,0.45858766744254187,0.2593668664030363,0.0,0.25152605540011563,0.25215976832653775,0.405213143041675,0.24119336050941098,0.26902973374295847,0.39442516427507257,0.2577018210232582,0.46810384877090006,0.25846908554962855,0.25801289584644593,0.796003980917173,0.7549263597965722,0.28552244112227254,0.25911524763857696,0.25849852954298214,0.4565884263948684,0.3057015925091294
0.332304924017626,0.30087425997395856,0.24606307967045304,0.3025434797471017,0.272066346295498,0.30271556197184646,0.28028874070665,0.31457843169271194,0.3237034351309561,0.3075741020541012,0.2989039936686516,0.3075327489319545,0.2851041275473234,0.31324179137697583,0.29683342008485514,0.28473641852629106,0.28442287552749956,0.2937076466772539,0.24280282800194664,0.28455094355755306,0.2819716073564479,0.2734499667560423,0.29250908623149363,0.28691245686218314,0.27198785147452376,0.28185711527452983,0.2913536416772472,0.3105367427353063,1.0,0.3201506089226567,0.2915587418764962,0.28610648674695105,0.0,0.28519405202828885,0.2860007489333799,0.3088225336368182,0.2722783650815601,0.2896613653489375,0.268013138088807,0.2917572215865273,0.28966986705286024,0.2909917104920873,0.29395042139919814,0.313367698118975,0.3140766045760661,0.38461353844722845,0.28917384624585396,0.28951767786523297,0.3034755324457906,0.6116347118984147
0.3830439516385906,0.3036302681998464,0.2472350884429768,0.28528316190475633,0.3019887870052691,0.29953736683859666,0.28942144211511334,0.28257216028230703,0.4146307789616571,0.29123332364169974,0.30672225891440663,0.27253523212089836,0.30973431572952626,0.2709059051817573,0.27646694048964027,0.31294031572955394,0.29189147126767256,0.3029387267937469,0.2423740222192361,0.29427821644976304,0.29212349507385715,0.27248789964797826,0.2918612187955213,0.30326194228657144,0.2863272340526437,0.30395270527363005,0.29618396107876677,0.26464725614046647,0.3201506089226567,1.0,0.27362155983448666,0.292991735988263,0.0,0.2802655218862664,0.29485156548374714,0.2746703264775495,0.28868468489125054,0.2883209296363535,0.2576708221456081,0.30723798230643096,0.2755517215542046,0.295788432386602,0.3040165006582729,0.27039049208627663,0.26614336930061566,0.3128132048509771,0.3027103079252643,0.3023061985815084,0.26649918124312943,0.33383929582424166
0.254139429875881,0.25789633593501393,0.19737035764746447,0.5115109195290926,0.2840352135225471,0.2576462849258999,0.23629313939516206,0.47928839880103835,0.28267290400565126,0.5228933813984602,0.24989586795168428,0.44177888995038417,0.26670110442346007,0.4876139157052841,0.5010660823863224,0.2650432437713476,0.2635291308015081,0.24851438904547507,0.19968398344674687,0.24000545646579297,0.23789488633818212,0.22569794065449356,0.2461515680692118,0.25937500740659014,0.262041193821941,0.2760779717501215,0.24620683653534592,0.45858766744254187,0.2915587418764962,0.27362155983448666,1.0,0.26675974379894374,0.0,0.23851635151626693,0.24160161546005698,0.39125283970767666,0.24400611199390265,0.2436820242201161,0.38177953968165057,0.24835257179855663,0.6456584771708338,0.2501526831278392,0.24573590222514385,0.4684479813454121,0.46173714822644596,0.2726739889271853,0.24591321351956352,0.24545497482324286,0.4240361100077429,0.2905046625743848
0.2972475896543072,0.39388513445316875,0.20908879933938207,0.29117961561962724,0.4548808082814795,0.4033888621498172,0.3348861377929113,0.2886553527613537,0.30318335960117326,0.2812945627854272,0.45249285101744874,0.2604230171417635,0.5215715835562074,0.2674814211444131,0.2814230745502968,0.35612584366985556,0.44279132396027054,0.44621463771544434,0.4360067256647019,0.3368241047018651,0.4635294922764085,0.482586167672696,0.4839017884208575,0.4042634996465462,0.4279373375997203,0.42586406681856137,0.48874673003504354,0.2593668664030363,0.28610648674695105,0.292991735988263,0.26675974379894374,1.0,0.0,0.4619390292194506,0.3841718949700704,0.2566102735872242,0.3445634146890575,0.4805823357641624,0.23846419598215163,0.4918824009604771,0.2652401945401106,0.39780407101582793,0.49453451911166735,0.2612855923291624,0.27104237793168384,0.26412591229707905,0.4057246714532161,0.40646352891290993,0.2477789059550961,0.28496105446591224
0.0,0.0,0.0,0.0,0.0,0.0,0.0,0.0,0.0,0.0,0.0,0.0,0.0,0.0,0.0,0.0,0.0,0.0,0.0,0.0,0.0,0.0,0.0,0.0,0.0,0.0,0.0,0.0,0.0,0.0,0.0,0.0,1.0,0.0,0.0,0.0,0.0,0.0,0.0,0.0,0.0,0.0,0.0,0.0,0.0,0.0,0.0,0.0,0.0,0.0
0.2962290118672868,0.39517146383258905,0.21503415157377526,0.24998403576291328,0.40358969101324305,0.40599619020658473,0.34779772806389453,0.2631452224890579,0.28435413387256525,0.25274202314461813,0.4790053045742044,0.25070328697565536,0.5178916711238719,0.2542752805765075,0.24225315531209834,0.3423871052191423,0.3860191307229951,0.46483577364567386,0.4086880347627042,0.3472025841749583,0.4960326243453095,0.6071032746333433,0.6278252675828546,0.3874229332487933,0.3574500699324924,0.3777759069521228,0.5023089605746502,0.25152605540011563,0.28519405202828885,0.2802655218862664,0.23851635151626693,0.4619390292194506,0.0,1.0,0.39592495407057016,0.27480516405580657,0.3326284792035563,0.47618292060173106,0.2416295112576693,0.5018329762810265,0.240893334575354,0.39987570632543246,0.5033542084823355,0.2544256097852322,0.2594408954341474,0.2608675187321605,0.4003908948170326,0.39990956325776006,0.24922450811432217,0.28822760174148465
0.30216441548301043,0.5650597401725571,0.21349993801149358,0.25761722174488977,0.37156698078366757,0.5626436093924354,0.35938184964258246,0.2653255424449579,0.28937980583707545,0.25695332532383997,0.4223220030924453,0.2588885970771303,0.4003485430329171,0.25788682250398565,0.2508057575553265,0.3581792633940639,0.45986901051858997,0.41964630684222204,0.340765082607416,0.36071342490866876,0.406354392190981,0.3846972970452981,0.4122146982741258,0.5579463139254521,0.5156419131080763,0.4750972050105563,0.4104911212779331,0.25215976832653775,0.2860007489333799,0.29485156548374714,0.24160161546005698,0.3841718949700704,0.0,0.39592495407057016,1.0,0.265571271944274,0.3429476839409268,0.3921628701425167,0.22815914434358664,0.41238798411126387,0.24275883495993011,0.470319867245911,0.41812626518500395,0.2558888735826297,0.25839719030122144,0.2691077947461036,0.4695200655101318,0.4694676420644194,0.25566800963281744,0.29111410623681266
0.2822005536148736,0.27168117295853866,0.21676724120789181,0.4120168694445093,0.24298221459910008,0.275725387490108,0.2723929813124767,0.4072220467859047,0.28054773552776757,0.4196207804724006,0.2771936002714611,0.4031578729552864,0.26237265778174657,0.41503635457411936,0.400529952614358,0.27231283180477595,0.2652918022267611,0.28365271218566657,0.22862180340477234,0.2737929010008605,0.2738767500298144,0.25741971880499204,0.27627167127295627,0.265408400751292,0.2499850271418841,0.26311453326905243,0.26872384087179213,0.405213143041675,0.3088225336368182,0.2746703264775495,0.39125283970767666,0.2566102735872242,0.0,0.27480516405580657,0.265571271944274,1.0,0.26349970867290484,0.2599293207212531,0.3932500487086875,0.27140096912224787,0.39286151300475325,0.2724455761407989,0.2712022532084457,0.4136899293976768,0.4137651462738312,0.28666153263211935,0.264764974648783,0.26440328388025236,0.40703440223354215,0.31107240529359703
0.2915748060234109,0.3438009765452634,0.21332070905959621,0.26036537460474996,0.3309223374778495,0.3494121383213641,0.7924608319625325,0.2620099119401651,0.30015959437853335,0.258372196621687,0.3456183169024162,0.24416428728069017,0.34723023731527136,0.248744657670957,0.2512879424044868,0.7477284737957313,0.3445061963414564,0.37387609165095526,0.3015861409234707,0.8049841315282242,0.3690877823080514,0.336976493524317,0.371116855963862,0.3509658279302299,0.33635243326770803,0.36041486399211686,0.34496025465724056,0.24119336050941098,0.2722783650815601,0.28868468489125054,0.24400611199390265,0.3445634146890575,0.0,0.3326284792035563,0.3429476839409268,0.26349970867290484,1.0,0.3260782280807948,0.22964825181194104,0.3384646971739923,0.24541521153404044,0.3478130970948061,0.34654944755718964,0.2448238943978288,0.24672406479965303,0.25651199306226735,0.33706109461696954,0.3363058773731944,0.23922770741915889,0.2809473902512174
0.30769930103467646,0.4140113233548418,0.21720530097935686,0.2554719868388957,0.428608806632085,0.41228149829488336,0.3349300660429395,0.28052279366912036,0.2861707114523233,0.2588517073426757,0.48827489223572396,0.2598020831807667,0.4942381252837036,0.2637374793052645,0.24992745996923005,0.3372549244201968,0.37771276770244666,0.4541698799776419,0.4048320156385987,0.3396827721154687,0.47108756572373267,0.47858615641035873,0.487592905667942,0.38930707480130444,0.3681767924452872,0.39215279050987395,0.5835829952032032,0.26902973374295847,0.2896613653489375,0.2883209296363535,0.2436820242201161,0.4805823357641624,0.0,0.47618292060173106,0.3921628701425167,0.2599293207212531,0.3260782280807948,1.0,0.2427172877417647,0.5176574275955086,0.2503248928721806,0.4071849264537143,0.6097392558477719,0.2748296187375471,0.2687667496257381,0.2732120120043987,0.41734765099487103,0.41691990076387186,0.2635656060824578,0.2912245818021598
0.2684012214039835,0.23686454320861472,0.18874088747566975,0.4078605518654391,0.2427984858502894,0.2576460377163823,0.23626791636199074,0.40009256635571266,0.25490936349331283,0.41828818731389206,0.24742401965277416,0.40861023004073693,0.23883148792754305,0.40398929529935224,0.40865426140368466,0.2334414208269162,0.24220691404547157,0.2403186419430099,0.19881631563611857,0.23193981026976063,0.23343851947933236,0.22121287189082894,0.23776014490040598,0.23369858232390583,0.23398601201366853,0.23820596497886304,0.22998591132558333,0.39442516427507257,0.268013138088807,0.2576708221456081,0.38177953968165057,0.23846419598215163,0.0,0.2416295112576693,0.22815914434358664,0.3932500487086875,0.22964825181194104,0.2427172877417647,1.0,0.2365192061179031,0.3833144451582796,0.2448852797336779,0.23994690535406338,0.40580127939573096,0.4075790751974935,0.25063074555179654,0.23888123069099054,0.23873734207767128,0.38286813739860537,0.2726380957776028
0.3098788660486945,0.4135251943503212,0.22486308076712003,0.2578983408209705,0.4198494518351519,0.41073704379041864,0.34977555259143056,0.2664524177086238,0.29683852322257387,0.265766502205525,0.5270182779896325,0.25771491213390396,0.5315934965441016,0.26403554760270487,0.25160941599469444,0.35116245415276126,0.38650467827772494,0.48958378641122713,0.4267659597259986,0.35431497512032606,0.5042997040413817,0.5077589315835187,0.5187405509779432,0.3972683237944049,0.3668971250646067,0.4022038615605361,0.5485626199658338,0.2577018210232582,0.2917572215865273,0.30723798230643096,0.24835257179855663,0.4918824009604771,0.0,0.5018329762810265,0.41238798411126387,0.27140096912224787,0.3384646971739923,0.5176574275955086,0.2365192061179031,1.0,0.24905063014357776,0.4242351594023688,0.5461643958044368,0.2610907631556897,0.2639681127803246,0.2791631618135645,0.4342180083786109,0.43334507317817106,0.26018833112586714,0.3044309708622256
