../ecoli_genomes/GCF_000163235.1_ASM16323v1_genomic.fna.gz,../ecoli_genomes/GCF_000164555.1_ASM16455v1_genomic.fna.gz,../ecoli_genomes/GCF_000208545.1_ASM20854v2_genomic.fna.gz,../ecoli_genomes/GCF_000233875.1_ASM23387v1_genomic.fna.gz,../ecoli_genomes/GCF_000249735.1_ASM24973v2_genomic.fna.gz,../ecoli_genomes/GCF_000261145.1_Esch_coli_M919_V2_genomic.fna.gz,../ecoli_genomes/GCF_000267705.2_ASM26770v2_genomic.fna.gz,../ecoli_genomes/GCF_000350665.1_Esch_coli_KTE5_V1_genomic.fna.gz,../ecoli_genomes/GCF_000351625.1_Esch_coli_KTE66_V1_genomic.fna.gz,../ecoli_genomes/GCF_000352285.1_Esch_coli_KTE46_V1_genomic.fna.gz,../ecoli_genomes/GCF_000358895.1_ASM35889v1_genomic.fna.gz,../ecoli_genomes/GCF_000456385.1_Esch_coli_HVH_26_4-5703913_V1_genomic.fna.gz,../ecoli_genomes/GCF_000458195.1_Esch_coli_HVH_147_4-5893887_V1_genomic.fna.gz,../ecoli_genomes/GCF_000459755.1_Esch_coli_KOEGE_58_171a_V1_genomic.fna.gz,../ecoli_genomes/GCF_000460055.1_Esch_coli_UMEA_3053-1_V1_genomic.fna.gz,../ecoli_genomes/GCF_000462165.2_ASM46216v2_genomic.fna.gz,../ecoli_genomes/GCF_000601135.1_ASM60113v1_genomic.fna.gz,../ecoli_genomes/GCF_000614595.1_Ec2010EL1058_genomic.fna.gz,../ecoli_genomes/GCF_000617745.1_Ec2010C-4529_genomic.fna.gz,../ecoli_genomes/GCF_000618265.2_EcF6751_genomic.fna.gz,../ecoli_genomes/GCF_000619005.2_Ec2009C-4052_genomic.fna.gz,../ecoli_genomes/GCF_000619105.1_Ec2009C-4780_genomic.fna.gz,../ecoli_genomes/GCF_000619765.2_Ec2009C-3279_genomic.fna.gz,../ecoli_genomes/GCF_000687005.1_ASM68700v1_genomic.fna.gz,../ecoli_genomes/GCF_000687025.1_ASM68702v1_genomic.fna.gz,../ecoli_genomes/GCF_000700125.1_ASM70012v1_genomic.fna.gz,../ecoli_genomes/GCF_000753315.1_FHI35_genomic.fna.gz,../ecoli_genomes/GCF_000776375.1_ASM77637v1_genomic.fna.gz,../ecoli_genomes/GCF_000779395.1_ASM77939v1_genomic.fna.gz,../ecoli_genomes/GCF_000780315.1_ASM78031v1_genomic.fna.gz,../ecoli_genomes/GCF_000781995.1_ASM78199v1_genomic.fna.gz,../ecoli_genomes/GCF_000986765.1_ASM98676v1_genomic.fna.gz,../ecoli_genomes/GCF_001041375.1_ViralProj287958_genomic.fna.gz,../ecoli_genomes/GCF_001265335.1_302014_genomic.fna.gz,../ecoli_genomes/GCF_001265625.1_100854_genomic.fna.gz,../ecoli_genomes/GCF_001267345.1_303289_genomic.fna.gz,../ecoli_genomes/GCF_001309985.1_ASM130998v1_genomic.fna.gz,../ecoli_genomes/GCF_001521695.1_ASM152169v1_genomic.fna.gz,../ecoli_genomes/GCF_001592595.1_ASM159259v1_genomic.fna.gz,../ecoli_genomes/GCF_001614975.1_ASM161497v1_genomic.fna.gz,../ecoli_genomes/GCF_001692775.1_ASM169277v1_genomic.fna.gz,../ecoli_genomes/GCF_001748915.1_ASM174891v1_genomic.fna.gz,../ecoli_genomes/GCF_001749235.1_ASM174923v1_genomic.fna.gz,../ecoli_genomes/GCF_001881155.1_ASM188115v1_genomic.fna.gz,../ecoli_genomes/GCF_001881345.1_ASM188134v1_genomic.fna.gz,../ecoli_genomes/GCF_001892405.1_ASM189240v1_genomic.fna.gz,../ecoli_genomes/GCF_001892585.1_ASM189258v1_genomic.fna.gz,../ecoli_genomes/GCF_001893985.1_ASM189398v1_genomic.fna.gz,../ecoli_genomes/GCF_002001595.1_ASM200159v1_genomic.fna.gz,../ecoli_genomes/GCF_002002145.1_ASM200214v1_genomic.fna.gz
1.0,0.8053355071915607,0.7921569106369757,0.7824913077969894,0.7682780124235538,0.7910734787735929,0.7942006969590314,0.7912219954969122,0.819965362321056,0.7929059736791638,0.7991486106687826,0.7815659360962802,0.7989435897550976,0.7811327681259665,0.7705166198427338,0.7894679136486484,0.7776159261405391,0.7964059272558855,0.7657109857055368,0.7963783497020558,0.794092843739301,0.7851832380209022,0.801522832902743,0.7899863303528581,0.7653888010840183,0.7655615688060297,0.8027201187042032,0.7857675030109804,0.8053634470047023,0.815919368273704,0.767814528160139,0.7915123795514787,0.02786538689993312,0.8020801370911854,0.7814547234587323,0.7859942165468499,0.787243813011266,0.8002644941265662,0.6485053531176321,0.803309294312842,0.7735622132245408,0.7981276330024094,0.806119509404961,0.7939975849873411,0.7946033379914027,0.7959794006662155,0.7940629320762919,0.7937368831919316,0.7797885467046369,0.8108594513899418
0.8053355071915607,1.0,0.7863476922377086,0.7738987682613909,0.774408941482664,0.8338546756965121,0.8004067274522433,0.781985015915532,0.7942093069196008,0.7892982968480506,0.8156954756527506,0.7828796489227338,0.8117397529918724,0.7782664137752542,0.7684395359329229,0.7944882142111716,0.8135609510056365,0.8206581128296104,0.7744771130487582,0.8014491535771682,0.8110820339413333,0.7953138603463755,0.8189026977680308,0.8349905102633526,0.8150507128711982,0.80480799049282,0.8229831890211868,0.7778082131055077,0.7926394032265593,0.8003529296800094,0.7737655468869489,0.8053262869675437,0.030285891240600105,0.8126808522935365,0.8370781799061768,0.7843326491990128,0.7902220899033976,0.8239501617821178,0.6333892912180943,0.8277572786494718,0.7730991399062408,0.8330655567444922,0.8264827808041041,0.7862276269109414,0.7848360401172018,0.7819760824968611,0.8368650874715687,0.8355230828558632,0.7867855644918772,0.793712893946564
0.7921569106369757,0.7863476922377086,1.0,0.7610210648711794,0.7355074156982954,0.7684664844116142,0.7741462636285585,0.7681707283974708,0.7809410893795266,0.7716778335113538,0.7721594513698518,0.7598579441634565,0.7632182930097796,0.7610081420562861,0.7508838172897891,0.769581271523059,0.7511770188504703,0.7743916495411601,0.7447122091322667,0.7750950837790619,0.7769820043261676,0.7608575497005277,0.7759572771604875,0.7618351627292115,0.7436875125775876,0.7478784949039567,0.7741336054715784,0.768350595879403,0.7803748303443467,0.7826146208212126,0.7513079131222177,0.7658825255717753,0.03011983914060301,0.7741455295427917,0.7600705138380377,0.7661272197206468,0.7668224308162013,0.7671325513334186,0.6303694863157078,0.7793042646131131,0.7553860472158712,0.7715077814812479,0.7729139749297184,0.7745342524361144,0.771366742522854,0.7757778056746915,0.7775864686539365,0.7769538001837797,0.7675883709463518,0.7866493022766918
0.7824913077969894,0.7738987682613909,0.7610210648711794,1.0,0.7575023613441207,0.7607995251474149,0.7617175975329546,0.8348385613357432,0.7861599001980932,0.8372180813984156,0.7555973054099303,0.8314611381040116,0.7644623038142074,0.8540709178227657,0.8626043516189684,0.763703243888795,0.7579730761237684,0.7618595390975268,0.7310531083192804,0.7645323629124086,0.7659712578167517,0.7403790423634388,0.7710814049938559,0.7605229161304891,0.7432503664097712,0.7474881217593785,0.7695842817942938,0.8332224029277636,0.7753089058981011,0.7775864794311393,0.829111225417125,0.7688169074450235,0.03265956933195946,0.7648774746254969,0.7502042400990004,0.8075708986716786,0.7581754638256486,0.7604663949444164,0.6663799956678294,0.7651885393742445,0.8490158204374527,0.7674361602000497,0.7656740085108384,0.8380524198153814,0.8367032732305217,0.783140498813695,0.7706496021074819,0.7716937262619552,0.8086373272302765,0.7911395320653649
0.7682780124235538,0.774408941482664,0.7355074156982954,0.7575023613441207,1.0,0.7795047349864312,0.7549392206653007,0.7556638412568859,0.7664056708779174,0.7633226683471385,0.7914918169282235,0.7423389127527584,0.8011340051792535,0.7432648513343777,0.7549678407195509,0.7682197916228743,0.7849364438579188,0.7800230479673372,0.752565237780608,0.7549364829092114,0.7817729110475841,0.7598318007203826,0.783040530948877,0.7863226821281336,0.7755893303650063,0.784582508079772,0.7820530007924242,0.7318555824910363,0.7537509715845946,0.7579403987772134,0.7442849253681458,0.8032513121968479,0.0327758498868268,0.7804643577187129,0.7692676553686123,0.7417086984001023,0.7556805729863465,0.7988563313160266,0.6246474021149495,0.7864130935581123,0.7507534213489108,0.7765814077116232,0.7900965563030682,0.740819279132096,0.7429007242864141,0.7462116230587192,0.7816999114960135,0.7819280606540372,0.7411959352803765,0.7546092728584567
0.7910734787735929,0.8338546756965121,0.7684664844116142,0.7607995251474149,0.7795047349864312,1.0,0.7935547597746216,0.7694426769360704,0.7748547782564252,0.7727077552304333,0.8026544317130371,0.7587688784679135,0.8003836362673995,0.7596304125164788,0.7554496271216725,0.7921663007989836,0.7998697315679155,0.8044129192441696,0.7788761073413353,0.7873845077172084,0.7971708597741951,0.804547690539251,0.809958427370447,0.8296123789436923,0.8168708567389387,0.7980610881661858,0.803628860927248,0.7604575241072097,0.7723704694810707,0.7812078613891529,0.7541683345819683,0.8052119590451903,0.029913471197738684,0.8068449285611475,0.8249652957264126,0.7712242070210324,0.7840454731726161,0.8047233086649943,0.6305148112894061,0.8032165567152016,0.7600020533713228,0.8249752787074587,0.8004563169835639,0.76934578126,0.7690035320563778,0.7677315482006118,0.817059258370629,0.8188014063972655,0.7597479525601356,0.7778342367564015
0.7942006969590314,0.8004067274522433,0.7741462636285585,0.7617175975329546,0.7549392206653007,0.7935547597746216,1.0,0.7733936871059602,0.7779134638085312,0.767466038575173,0.7827539845650706,0.7606211900911721,0.7869273807698639,0.7605755053967451,0.7557693466839147,0.8978083110679065,0.7746024801903063,0.8057765076097658,0.7755061771744307,0.9401315026748419,0.8083798387470376,0.7857349417029076,0.8118691993588844,0.777041503982843,0.7685346321661574,0.7675155884643188,0.8058510958537085,0.764347450647351,0.778041261177376,0.7775644431032757,0.7573764870834014,0.7858398221625044,0.0319061717065221,0.7983212954429086,0.7833732049300228,0.7754532005987709,0.9193657726456335,0.7907232809458596,0.6300657618781169,0.7980927425950107,0.7548282041681277,0.7972891706393859,0.7999717707387543,0.7750535046226738,0.7734670281914312,0.7691780729516358,0.7849421549962057,0.7852859254548916,0.7703260600891975,0.7856105030018038
0.7912219954969122,0.781985015915532,0.7681707283974708,0.8348385613357432,0.7556638412568859,0.7694426769360704,0.7733936871059602,1.0,0.7877568063947425,0.8453043126172398,0.7699843165444491,0.828024251309023,0.7773057328665555,0.8375621575932268,0.8328726256270155,0.7739833399696356,0.7646173019263753,0.7733233746519811,0.7436178660137864,0.7751213914858647,0.7736713832394573,0.7574897107418618,0.7810457710862663,0.7729066264738711,0.7456759977439109,0.7542932192936549,0.7833047189126497,0.8892810841574648,0.7801786322983109,0.7839773412914308,0.8312661432154484,0.7750895031860783,0.032557078724085864,0.7796181929875028,0.7576240958586359,0.8127429769950124,0.7674078573610601,0.777568703294938,0.6682697272002573,0.7815998516925907,0.8335123233207101,0.7800618284790599,0.7831881186455082,0.8939557101125022,0.8876051611586621,0.7841772272992876,0.7744788378538758,0.7740328502315257,0.8250553665512863,0.7887642185563348
0.819965362321056,0.7942093069196008,0.7809410893795266,0.7861599001980932,0.7664056708779174,0.7748547782564252,0.7779134638085312,0.7877568063947425,1.0,0.7933020267866753,0.783004583271163,0.7733281922899975,0.7948937739153064,0.7775863054642066,0.781269144743078,0.7816263678158984,0.7720456399795421,0.7863492019338159,0.748204555823766,0.7808357494495952,0.7815476032481055,0.7680557748246625,0.7903472160638104,0.7801017467433067,0.7579284191590362,0.7602758151071229,0.7873702261919628,0.7738696663109637,0.7955124021349025,0.8238906858008797,0.7806804505566161,0.7858654573808463,0.030968049146835708,0.7834898984595794,0.7662169972395224,0.7841536849591839,0.7755246668032213,0.7852421562870552,0.6411092435116066,0.7909743546965473,0.7840169499938372,0.7813432052676371,0.7927180902872368,0.7835871852687388,0.7797175438914365,0.7908010651165636,0.7832550255862691,0.7825517837263699,0.776008113059687,0.806292858154503
0.7929059736791638,0.7892982968480506,0.7716778335113538,0.8372180813984156,0.7633226683471385,0.7727077552304333,0.767466038575173,0.8453043126172398,0.7933020267866753,1.0,0.779533862721745,0.823322506646325,0.7837247482663499,0.8406067200229268,0.8332054546291119,0.7712621849140342,0.7650970768200154,0.7700332864481929,0.7488283665471146,0.7699702504926697,0.7700095551692019,0.7587673763408758,0.7768028361572108,0.7707985263424086,0.7545706475619547,0.7581450779557446,0.7795808001989405,0.8345926261865607,0.7870670392702864,0.78741332359416,0.8378514747182585,0.7715027911728221,0.029951220362485986,0.7776492252157367,0.7614913801157004,0.8187789282132218,0.7647934980818407,0.772861443620691,0.6604244556695436,0.7812033535502314,0.8435623424475776,0.7757853468139597,0.7789495630272627,0.841347565414961,0.8411065123095881,0.7883427566255977,0.7799978288369097,0.7792028443296037,0.8272089028702845,0.7951495573601702
0.7991486106687826,0.8156954756527506,0.7721594513698518,0.7555973054099303,0.7914918169282235,0.8026544317130371,0.7827539845650706,0.7699843165444491,0.783004583271163,0.779533862721745,1.0,0.763790635295691,0.8394590191168085,0.7606923488595745,0.7501793684626594,0.7845409059845754,0.7881461349452039,0.8268853322518029,0.7975495522970839,0.783460884020913,0.8223355753833383,0.8302924485149218,0.8365128772639331,0.8080486683187,0.7733171188746135,0.787921623961648,0.8333020150913051,0.7674110038279129,0.7816126366706084,0.7860987637271597,0.7552928365574317,0.8171999045583871,0.03294913068452254,0.8257977795363857,0.8000398300240649,0.7746086491632583,0.7757470604458692,0.8275733219557524,0.6238885212044106,0.8499774139336027,0.7555578506858759,0.8200725179156564,0.8392212999438018,0.7718939981197446,0.7729067155846031,0.7692357266690437,0.8206330734488905,0.8189699757706284,0.7685351452683176,0.7838159996334162
0.7815659360962802,0.7828796489227338,0.7598579441634565,0.8314611381040116,0.7423389127527584,0.7587688784679135,0.7606211900911721,0.828024251309023,0.7733281922899975,0.823322506646325,0.763790635295691,1.0,0.7583450026747129,0.8338540797154339,0.8487200159678148,0.7595410278357467,0.7512395784221405,0.7621215678262708,0.7301297649387675,0.7602614185167784,0.7643936982891328,0.750108961968067,0.7712289382649367,0.7597974912484763,0.7355135764914833,0.7438505756065384,0.7713131295334781,0.8244317836302866,0.7812252190349842,0.7687897566492827,0.8133240123923888,0.7633390871699066,0.028144368719168922,0.7725402174090239,0.7534503884098368,0.8012012614351306,0.7543802282357098,0.7673826996359754,0.6560769964289126,0.7674538429805505,0.8191983345220306,0.7692921729076881,0.7696289594262596,0.8310321919125764,0.8301193084935814,0.7779352008889275,0.7739920389375765,0.7739158621794451,0.8117138730136936,0.78032664987768
0.7989435897550976,0.8117397529918724,0.7632182930097796,0.7644623038142074,0.8011340051792535,0.8003836362673995,0.7869273807698639,0.7773057328665555,0.7948937739153064,0.7837247482663499,0.8394590191168085,0.7583450026747129,1.0,0.7625558726895475,0.7648480060833309,0.7937092779617241,0.7908855700894867,0.8267121544341887,0.8171033036436761,0.7901505911111596,0.8325169033804597,0.8313727847864467,0.8476971343854944,0.8051073513606081,0.775862351566661,0.780824526892231,0.8434014003055305,0.7633723796476769,0.7833510591954146,0.7966332035689557,0.7644824863801081,0.8324712343288883,0.03571389898867783,0.8429502364093602,0.7953517030404464,0.7657986295416367,0.7821712324801953,0.8224365919456555,0.6250107895660542,0.8485238268720063,0.7661070882374486,0.8108417488391313,0.8411585586947026,0.771073351450951,0.7696772251677519,0.7680323077881601,0.8098404471167886,0.8086046467639988,0.7633407157366039,0.7833260722126416
0.7811327681259665,0.7782664137752542,0.7610081420562861,0.8540709178227657,0.7432648513343777,0.7596304125164788,0.7605755053967451,0.8375621575932268,0.7775863054642066,0.8406067200229268,0.7606923488595745,0.8338540797154339,0.7625558726895475,1.0,0.8513955957233065,0.7572347606417504,0.7519332024450556,0.7652026844958625,0.7321256527287532,0.7649254764667491,0.7618534175175873,0.7454054199224979,0.7711907725489526,0.7560346933103184,0.7376465541588042,0.742038931649004,0.7705584499844236,0.8422973270508756,0.7791361504970942,0.7727761573498325,0.8314688093470151,0.7588234564311923,0.03475991510147869,0.7688412684138456,0.7531134611732236,0.8146825778265661,0.7560632447288024,0.7660916291816587,0.6593375224483269,0.7687911149526299,0.8380557787372667,0.7702420995893191,0.7704219580135282,0.8484626333213092,0.845522755121759,0.7880964525657195,0.7706506963673775,0.7718827792731342,0.8215692633103377,0.7920358107350861
0.7705166198427338,0.7684395359329229,0.7508838172897891,0.8626043516189684,0.7549678407195509,0.7554496271216725,0.7557693466839147,0.8328726256270155,0.781269144743078,0.8332054546291119,0.7501793684626594,0.8487200159678148,0.7648480060833309,0.8513955957233065,1.0,0.7585377156330126,0.7556152475905836,0.7585295984558806,0.7266573151707849,0.7576468534194414,0.7570637248345635,0.7408601685593279,0.7676890739340133,0.7552115212969503,0.7370500637791656,0.7456003905366131,0.7665462234733095,0.8192885172979865,0.7695919441988336,0.769452330923867,0.834135383475839,0.7645640746548533,0.03112480181902777,0.765337635208933,0.7420047746071565,0.8041363802690302,0.7519317646661396,0.7603148593655975,0.6602548934338097,0.7614048745360332,0.8442297958965479,0.7632215128245556,0.7652211011376895,0.8264433738917195,0.823993518095752,0.7788898008891503,0.7668065255577603,0.7673391871811208,0.807777654570051,0.7858205904995824
0.7894679136486484,0.7944882142111716,0.769581271523059,0.763703243888795,0.7682197916228743,0.7921663007989836,0.8978083110679065,0.7739833399696356,0.7816263678158984,0.7712621849140342,0.7845409059845754,0.7595410278357467,0.7937092779617241,0.7572347606417504,0.7585377156330126,1.0,0.7766396934442584,0.7977157028494303,0.7657530233798698,0.9027135820429237,0.7982235582306072,0.7852293308273521,0.8034471160269518,0.7835269266489029,0.7734451205752426,0.7727995350658544,0.7997590349205279,0.7614116815474697,0.775073899992159,0.7870073151768635,0.7586785504534685,0.7900308472281438,0.0317673025856543,0.7921258028274598,0.7775042412330194,0.7673018484437714,0.9065003750151025,0.786692653754136,0.6234133517764286,0.7959775262490699,0.7597666163068607,0.7916158129603214,0.795348811094506,0.770168677607193,0.7680316598914773,0.7660911075983381,0.783048923588398,0.7835734782741925,0.7628106210686292,0.778292289349168
0.7776159261405391,0.8135609510056365,0.7511770188504703,0.7579730761237684,0.7849364438579188,0.7998697315679155,0.7746024801903063,0.7646173019263753,0.7720456399795421,0.7650970768200154,0.7881461349452039,0.7512395784221405,0.7908855700894867,0.7519332024450556,0.7556152475905836,0.7766396934442584,1.0,0.7928420888549852,0.7575033126070907,0.7766597468875466,0.7869260972870403,0.774075446162003,0.7985092935795882,0.8276147113568673,0.813600508863497,0.8272372296178859,0.7957541452611196,0.7505341033728244,0.769924813644906,0.7693620709519993,0.7571415322517469,0.8151384367184593,0.030139790153089097,0.7982037705855629,0.8016567411993245,0.7577562524476062,0.7729079679190671,0.794044621001616,0.6261121327457702,0.7976177125059147,0.7553560330958003,0.8081064500526696,0.7996770443771852,0.7613150016215278,0.7634800283476602,0.7531299117922006,0.8060344167453519,0.8073441285498462,0.7510308775170069,0.7663908369962125
0.7964059272558855,0.8206581128296104,0.7743916495411601,0.7618595390975268,0.7800230479673372,0.8044129192441696,0.8057765076097658,0.7733233746519811,0.7863492019338159,0.7700332864481929,0.8268853322518029,0.7621215678262708,0.8267121544341887,0.7652026844958625,0.7585295984558806,0.7977157028494303,0.7928420888549852,1.0,0.8096690832062484,0.8074245819059314,0.8479328689245866,0.8215816239491702,0.856426267633728,0.7987865094025619,0.7820119780968506,0.7848140853107883,0.8455006904871689,0.7688486039026026,0.7880302749139236,0.7885137971061136,0.759579410318835,0.819780924909817,0.034905985650605875,0.8314055830615454,0.8051131677935901,0.7750847230067455,0.7968706804486692,0.8213706157298417,0.6265726346878219,0.8370641354358254,0.7577892719221578,0.8242222053342637,0.8400282311277647,0.7740516542375284,0.7725849375486972,0.7764882913934175,0.814037821484965,0.813088193353098,0.7672761029189937,0.7916826338178399
0.7657109857055368,0.7744771130487582,0.7447122091322667,0.7310531083192804,0.752565237780608,0.7788761073413353,0.7755061771744307,0.7436178660137864,0.748204555823766,0.7488283665471146,0.7975495522970839,0.7301297649387675,0.8171033036436761,0.7321256527287532,0.7266573151707849,0.7657530233798698,0.7575033126070907,0.8096690832062484,1.0,0.7710378011492192,0.8149526453392433,0.8281230229828132,0.8142640204999418,0.7575250269427158,0.7517140773855383,0.7448567439317899,0.803193150975393,0.7403960730119563,0.7558770680131394,0.7518525057519643,0.7301177000769646,0.8014363067141835,0.03198384691191736,0.8098042103448566,0.7663456363477639,0.7475201925139867,0.7640065081018336,0.7861226198612306,0.6099435539149394,0.7948349397396796,0.7322721442148699,0.7805687400389695,0.8015059079419196,0.748030924217876,0.7459399042309659,0.7450142092862767,0.7739382039025844,0.7741225012056172,0.7376956441891411,0.7533364845456424
0.7963783497020558,0.8014491535771682,0.7750950837790619,0.7645323629124086,0.7549364829092114,0.7873845077172084,0.9401315026748419,0.7751213914858647,0.7808357494495952,0.7699702504926697,0.783460884020913,0.7602614185167784,0.7901505911111596,0.7649254764667491,0.7576468534194414,0.9027135820429237,0.7766597468875466,0.8074245819059314,0.7710378011492192,1.0,0.8097495487545374,0.7804423805618993,0.8134140300646905,0.7739976744860549,0.7685484700568385,0.7680261612730601,0.8063713141029187,0.7683454297895673,0.7829765695342952,0.7817861154474697,0.7608071968688945,0.7841158765018934,0.033372000639482424,0.7980625038188387,0.7844127698626422,0.777886345213858,0.92376055573212,0.7920097039158355,0.6285160222272848,0.8023905875331477,0.7589790464643136,0.7970375724434604,0.8028163580526546,0.7784559890774811,0.7762652596411401,0.7727791297953421,0.7878624168084739,0.7881494320130911,0.7746318329036153,0.7887452031057521
0.794092843739301,0.8110820339413333,0.7769820043261676,0.7659712578167517,0.7817729110475841,0.7971708597741951,0.8083798387470376,0.7736713832394573,0.7815476032481055,0.7700095551692019,0.8223355753833383,0.7643936982891328,0.8325169033804597,0.7618534175175873,0.7570637248345635,0.7982235582306072,0.7869260972870403,0.8479328689245866,0.8149526453392433,0.8097495487545374,1.0,0.8208169788898895,0.8555382029734241,0.7870659062317115,0.771725832991013,0.7772946413503428,0.8458103621776224,0.7704329152507925,0.7849557136054687,0.7877841740071883,0.7632928783906251,0.8161133752742313,0.033007490341931844,0.8344205687647454,0.8006467502568199,0.7775519696558674,0.7973779655649886,0.8257651617672792,0.6299146953904529,0.8408002081976474,0.7595947722026726,0.8137823650758039,0.8340779604742085,0.7760261519491023,0.7754932359546849,0.7788970552690925,0.8170222225511925,0.8169196956879807,0.7665996415656529,0.7889816172075124
0.7851832380209022,0.7953138603463755,0.7608575497005277,0.7403790423634388,0.7598318007203826,0.804547690539251,0.7857349417029076,0.7574897107418618,0.7680557748246625,0.7587673763408758,0.8302924485149218,0.750108961968067,0.8313727847864467,0.7454054199224979,0.7408601685593279,0.7852293308273521,0.774075446162003,0.8215816239491702,0.8281230229828132,0.7804423805618993,0.8208169788898895,1.0,0.8659866637119165,0.7879610058012789,0.7689184356258673,0.7696694532818213,0.8207825951968916,0.7521434380085829,0.7644305188423403,0.7692639968359868,0.7437100677325112,0.8190862074984312,0.03524770518481801,0.8497071346409757,0.778868720236016,0.7615763627093454,0.7779356088133351,0.8104067220565063,0.6169866747313996,0.8207677245333411,0.7410515484388652,0.796927639726654,0.8187785425696699,0.7596537531953382,0.7601204260739636,0.7563980805371392,0.7923636638992835,0.7916691904191131,0.7496974541496615,0.7707748864183911
0.801522832902743,0.8189026977680308,0.7759572771604875,0.7710814049938559,0.783040530948877,0.809958427370447,0.8118691993588844,0.7810457710862663,0.7903472160638104,0.7768028361572108,0.8365128772639331,0.7712289382649367,0.8476971343854944,0.7711907725489526,0.7676890739340133,0.8034471160269518,0.7985092935795882,0.856426267633728,0.8142640204999418,0.8134140300646905,0.8555382029734241,0.8659866637119165,1.0,0.8007762462333288,0.7856352950881178,0.7870370755107162,0.859356171347225,0.7760603986508816,0.789653672889935,0.7917431396924752,0.7680661502579543,0.8330041612070596,0.033023541632467235,0.8701930163374563,0.8031637053340105,0.7809408221676398,0.8019767624914043,0.837311199722731,0.6321960628019279,0.8528418045462105,0.7642935980845995,0.8231163260601131,0.8486676602803246,0.7824235781539801,0.7825772427530777,0.7822075166850636,0.8183801004018965,0.8183993912158359,0.77519048730867,0.7953891570502086
0.7899863303528581,0.8349905102633526,0.7618351627292115,0.7605229161304891,0.7863226821281336,0.8296123789436923,0.777041503982843,0.7729066264738711,0.7801017467433067,0.7707985263424086,0.8080486683187,0.7597974912484763,0.8051073513606081,0.7560346933103184,0.7552115212969503,0.7835269266489029,0.8276147113568673,0.7987865094025619,0.7575250269427158,0.7739976744860549,0.7870659062317115,0.7879610058012789,0.8007762462333288,1.0,0.819785498192138,0.8226332123912086,0.7996953639187955,0.7542508907202358,0.7661793081905495,0.7841856138181171,0.7518822763731107,0.8085398021635528,0.028320947414947395,0.7957899769656088,0.8266028961016973,0.7635190691064988,0.7736586990353309,0.7955306592644971,0.6235484250563879,0.8044192809640038,0.7553693719372139,0.8190163514714643,0.7988923235868531,0.762021482161324,0.7650947478935444,0.7589032196214417,0.8056828131342118,0.8061257809850622,0.7577691789975114,0.773750884861667
0.7653888010840183,0.8150507128711982,0.7436875125775876,0.7432503664097712,0.7755893303650063,0.8168708567389387,0.7685346321661574,0.7456759977439109,0.7579284191590362,0.7545706475619547,0.7733171188746135,0.7355135764914833,0.775862351566661,0.7376465541588042,0.7370500637791656,0.7734451205752426,0.813600508863497,0.7820119780968506,0.7517140773855383,0.7685484700568385,0.771725832991013,0.7689184356258673,0.7856352950881178,0.819785498192138,1.0,0.8176313442305132,0.7814757158846902,0.7295645778745938,0.7542976556123535,0.7572635920733232,0.7418663203538326,0.799819854965955,0.02890360573031081,0.7804732679161464,0.807404286595687,0.7468124443152975,0.7684952429941179,0.7898276438460361,0.6188560394342311,0.7788515285961131,0.7424908703507775,0.7937685238992654,0.7851273812681072,0.743148009493867,0.743254421741273,0.741738562678917,0.7894191991080333,0.789790437382857,0.7401906222413507,0.7518347216226892
0.7655615688060297,0.80480799049282,0.7478784949039567,0.7474881217593785,0.784582508079772,0.7980610881661858,0.7675155884643188,0.7542932192936549,0.7602758151071229,0.7581450779557446,0.787921623961648,0.7438505756065384,0.780824526892231,0.742038931649004,0.7456003905366131,0.7727995350658544,0.8272372296178859,0.7848140853107883,0.7448567439317899,0.7680261612730601,0.7772946413503428,0.7696694532818213,0.7870370755107162,0.8226332123912086,0.8176313442305132,1.0,0.787936231919798,0.7388451098767048,0.76154185362327,0.7636032838329947,0.750750143706566,0.7977945060239436,0.03396036900902355,0.7778388225988471,0.7952088387060015,0.7492750553629786,0.7656494022008102,0.7896466452847293,0.6257203898947516,0.7911256594356305,0.7449294924625736,0.8007720900010973,0.7864887452871221,0.7500502307597531,0.749938569839828,0.7430904960965903,0.7991972792943534,0.7990132724226738,0.7503288293949594,0.7589223245325748
0.8027201187042032,0.8229831890211868,0.7741336054715784,0.7695842817942938,0.7820530007924242,0.803628860927248,0.8058510958537085,0.7833047189126497,0.7873702261919628,0.7795808001989405,0.8333020150913051,0.7713131295334781,0.8434014003055305,0.7705584499844236,0.7665462234733095,0.7997590349205279,0.7957541452611196,0.8455006904871689,0.803193150975393,0.8063713141029187,0.8458103621776224,0.8207825951968916,0.859356171347225,0.7996953639187955,0.7814757158846902,0.787936231919798,1.0,0.7773815122493435,0.791562141801019,0.7929643130126889,0.7680788288179061,0.825678125622892,0.03225723657534696,0.8389424368503593,0.8026663433211519,0.7725049532601074,0.795001370620635,0.8517347938665571,0.627339125842456,0.8560109819914957,0.7647657982212912,0.8287174197434497,0.8725557993435304,0.785235567363546,0.7822665178938021,0.7772503678863675,0.8207941533264602,0.8197615818418021,0.7739010422438878,0.7936599362901792
0.7857675030109804,0.7778082131055077,0.768350595879403,0.8332224029277636,0.7318555824910363,0.7604575241072097,0.764347450647351,0.8892810841574648,0.7738696663109637,0.8345926261865607,0.7674110038279129,0.8244317836302866,0.7633723796476769,0.8422973270508756,0.8192885172979865,0.7614116815474697,0.7505341033728244,0.7688486039026026,0.7403960730119563,0.7683454297895673,0.7704329152507925,0.7521434380085829,0.7760603986508816,0.7542508907202358,0.7295645778745938,0.7388451098767048,0.7773815122493435,1.0,0.7796437936035663,0.7742514756923655,0.8215355996490094,0.7608683414137611,0.03238857173436116,0.7732034025003731,0.7529236798264937,0.8072239219312098,0.7578552964670183,0.7709929194321508,0.6638271474357216,0.774963319801119,0.8293189006476452,0.7697889301692487,0.7743923903602947,0.9274169233572462,0.914481726455546,0.7825855107867647,0.7723949584340712,0.7717949746439474,0.8254283813947273,0.7861758707883065
0.8053634470047023,0.7926394032265593,0.7803748303443467,0.7753089058981011,0.7537509715845946,0.7723704694810707,0.778041261177376,0.7801786322983109,0.7955124021349025,0.7870670392702864,0.7816126366706084,0.7812252190349842,0.7833510591954146,0.7791361504970942,0.7695919441988336,0.775073899992159,0.769924813644906,0.7880302749139236,0.7558770680131394,0.7829765695342952,0.7849557136054687,0.7644305188423403,0.789653672889935,0.7661793081905495,0.7542976556123535,0.76154185362327,0.791562141801019,0.7796437936035663,1.0,0.7920169944484785,0.7744921765303945,0.771496233089457,0.029748951430146775,0.7918566929511661,0.7742355906497735,0.7858073882981695,0.7704338347120295,0.7861473537054967,0.6447808878334265,0.7910063186053857,0.766622839651459,0.7790560979058905,0.7913433409260475,0.7856452359446033,0.7851461884319412,0.8092234134795653,0.7872075216375138,0.7857033670468333,0.7801445887913288,0.8665249464365052
0.815919368273704,0.8003529296800094,0.7826146208212126,0.7775864794311393,0.7579403987772134,0.7812078613891529,0.7775644431032757,0.7839773412914308,0.8238906858008797,0.78741332359416,0.7860987637271597,0.7687897566492827,0.7966332035689557,0.7727761573498325,0.769452330923867,0.7870073151768635,0.7693620709519993,0.7885137971061136,0.7518525057519643,0.7817861154474697,0.7877841740071883,0.7692639968359868,0.7917431396924752,0.7841856138181171,0.7572635920733232,0.7636032838329947,0.7929643130126889,0.7742514756923655,0.7920169944484785,1.0,0.7727700744145918,0.7800879899370572,0.031239580214823648,0.7831903070763743,0.7733472517120159,0.7774473937144628,0.7759201860354422,0.7837939435596517,0.6426805361811118,0.8024283847234446,0.7735825062728388,0.7881951215680809,0.7952531629256789,0.7819133965318626,0.7787354647795154,0.794904794109472,0.7932204544988571,0.7924564920625268,0.7757334411210495,0.8025162469668367
0.767814528160139,0.7737655468869489,0.7513079131222177,0.829111225417125,0.7442849253681458,0.7541683345819683,0.7573764870834014,0.8312661432154484,0.7806804505566161,0.8378514747182585,0.7552928365574317,0.8133240123923888,0.7644824863801081,0.8314688093470151,0.834135383475839,0.7586785504534685,0.7571415322517469,0.759579410318835,0.7301177000769646,0.7608071968688945,0.7632928783906251,0.7437100677325112,0.7680661502579543,0.7518822763731107,0.7418663203538326,0.750750143706566,0.7680788288179061,0.8215355996490094,0.7744921765303945,0.7727700744145918,1.0,0.7568773371022168,0.03162564359302111,0.7693654894998649,0.7492489770955837,0.8061149381585768,0.755824918772591,0.7631993154009886,0.6566458922489566,0.7649357636186733,0.8666341815632842,0.7662969061450953,0.7649243696499133,0.82935982447058,0.8243623932538057,0.776545559182904,0.7662034797833983,0.7658977544353833,0.8092715331466833,0.7805362391377861
0.7915123795514787,0.8053262869675437,0.7658825255717753,0.7688169074450235,0.8032513121968479,0.8052119590451903,0.7858398221625044,0.7750895031860783,0.7858654573808463,0.7715027911728221,0.8171999045583871,0.7633390871699066,0.8324712343288883,0.7588234564311923,0.7645640746548533,0.7900308472281438,0.8151384367184593,0.819780924909817,0.8014363067141835,0.7841158765018934,0.8161133752742313,0.8190862074984312,0.8330041612070596,0.8085398021635528,0.799819854965955,0.7977945060239436,0.825678125622892,0.7608683414137611,0.771496233089457,0.7800879899370572,0.7568773371022168,1.0,0.030948872775718672,0.8297835297971013,0.7863224195599805,0.7602280549909514,0.7832114707486227,0.8222356646486413,0.6288961844958363,0.8245704728161428,0.7591734287837298,0.8140428379792319,0.8311800925296756,0.767224644799177,0.7700569144427062,0.7624731015388987,0.8084043018701991,0.8086039837585156,0.7543233497813416,0.7715426077834803
0.02786538689993312,0.030285891240600105,0.03011983914060301,0.03265956933195946,0.0327758498868268,0.029913471197738684,0.0319061717065221,0.032557078724085864,0.030968049146835708,0.029951220362485986,0.03294913068452254,0.028144368719168922,0.03571389898867783,0.03475991510147869,0.03112480181902777,0.0317673025856543,0.030139790153089097,0.034905985650605875,0.03198384691191736,0.033372000639482424,0.033007490341931844,0.03524770518481801,0.033023541632467235,0.028320947414947395,0.02890360573031081,0.03396036900902355,0.03225723657534696,0.03238857173436116,0.029748951430146775,0.031239580214823648,0.03162564359302111,0.030948872775718672,1.0,0.0386719167452485,0.029443728388552137,0.034132166908167894,0.03156716519000424,0.03503856497729774,0.026959866070142446,0.03391542360420441,0.031971549897883866,0.03327107103723248,0.03334803933524211,0.03326526749624137,0.03293117370529708,0.030507292376088513,0.03449280346192585,0.03442055234504238,0.03005750248577499,0.027324490578565563
0.8020801370911854,0.8126808522935365,0.7741455295427917,0.7648774746254969,0.7804643577187129,0.8068449285611475,0.7983212954429086,0.7796181929875028,0.7834898984595794,0.7776492252157367,0.8257977795363857,0.7725402174090239,0.8429502364093602,0.7688412684138456,0.765337635208933,0.7921258028274598,0.7982037705855629,0.8314055830615454,0.8098042103448566,0.7980625038188387,0.8344205687647454,0.8497071346409757,0.8701930163374563,0.7957899769656088,0.7804732679161464,0.7778388225988471,0.8389424368503593,0.7732034025003731,0.7918566929511661,0.7831903070763743,0.7693654894998649,0.8297835297971013,0.0386719167452485,1.0,0.7984950573562736,0.7860995763428322,0.7865549945455897,0.8258279983645727,0.6354944566496017,0.8379307120198687,0.7641277817303807,0.8135683981313682,0.8460616245922584,0.7810575955467166,0.7822591306150375,0.7769211559585639,0.8132977107764835,0.8126329537022433,0.7742099950618196,0.7899918401893377
0.7814547234587323,0.8370781799061768,0.7600705138380377,0.7502042400990004,0.7692676553686123,0.8249652957264126,0.7833732049300228,0.7576240958586359,0.7662169972395224,0.7614913801157004,0.8000398300240649,0.7534503884098368,0.7953517030404464,0.7531134611732236,0.7420047746071565,0.7775042412330194,0.8016567411993245,0.8051131677935901,0.7663456363477639,0.7844127698626422,0.8006467502568199,0.778868720236016,0.8031637053340105,0.8266028961016973,0.807404286595687,0.7952088387060015,0.8026663433211519,0.7529236798264937,0.7742355906497735,0.7733472517120159,0.7492489770955837,0.7863224195599805,0.029443728388552137,0.7984950573562736,1.0,0.7624082407375636,0.7742176064997207,0.7957053173073068,0.6236017863911475,0.806775362179175,0.7490288373623366,0.8126989442793076,0.808935306848831,0.7590338985542479,0.7600125022585213,0.7568350517417973,0.8143530606707284,0.8147987378160624,0.758218112375121,0.775200522069854
0.7859942165468499,0.7843326491990128,0.7661272197206468,0.8075708986716786,0.7417086984001023,0.7712242070210324,0.7754532005987709,0.8127429769950124,0.7841536849591839,0.8187789282132218,0.7746086491632583,0.8012012614351306,0.7657986295416367,0.8146825778265661,0.8041363802690302,0.7673018484437714,0.7577562524476062,0.7750847230067455,0.7475201925139867,0.777886345213858,0.7775519696558674,0.7615763627093454,0.7809408221676398,0.7635190691064988,0.7468124443152975,0.7492750553629786,0.7725049532601074,0.8072239219312098,0.7858073882981695,0.7774473937144628,0.8061149381585768,0.7602280549909514,0.034132166908167894,0.7860995763428322,0.7624082407375636,1.0,0.7665320663694655,0.7727391064710899,0.6754980006785218,0.7788917745367683,0.8068924119072316,0.7755814039662097,0.7757156798068425,0.8164569264394107,0.8181545931639099,0.7825734869031375,0.7784566808134692,0.7782173102384227,0.8147014966561978,0.790439613600887
0.787243813011266,0.7902220899033976,0.7668224308162013,0.7581754638256486,0.7556805729863465,0.7840454731726161,0.9193657726456335,0.7674078573610601,0.7755246668032213,0.7647934980818407,0.7757470604458692,0.7543802282357098,0.7821712324801953,0.7560632447288024,0.7519317646661396,0.9065003750151025,0.7729079679190671,0.7968706804486692,0.7640065081018336,0.92376055573212,0.7973779655649886,0.7779356088133351,0.8019767624914043,0.7736586990353309,0.7684952429941179,0.7656494022008102,0.795001370620635,0.7578552964670183,0.7704338347120295,0.7759201860354422,0.755824918772591,0.7832114707486227,0.03156716519000424,0.7865549945455897,0.7742176064997207,0.7665320663694655,1.0,0.7840812877521504,0.6247053800946976,0.7896554436825308,0.7542079504804355,0.7865741651668098,0.7919410030171217,0.7681515044907238,0.7663516335402659,0.7613713774706851,0.776229660214832,0.7765415596107925,0.7606306581562907,0.776620215024262
0.8002644941265662,0.8239501617821178,0.7671325513334186,0.7604663949444164,0.7988563313160266,0.8047233086649943,0.7907232809458596,0.777568703294938,0.7852421562870552,0.772861443620691,0.8275733219557524,0.7673826996359754,0.8224365919456555,0.7660916291816587,0.7603148593655975,0.786692653754136,0.794044621001616,0.8213706157298417,0.7861226198612306,0.7920097039158355,0.8257651617672792,0.8104067220565063,0.837311199722731,0.7955306592644971,0.7898276438460361,0.7896466452847293,0.8517347938665571,0.7709929194321508,0.7861473537054967,0.7837939435596517,0.7631993154009886,0.8222356646486413,0.03503856497729774,0.8258279983645727,0.7957053173073068,0.7727391064710899,0.7840812877521504,1.0,0.6331661313583157,0.8423900533880548,0.760664793506298,0.8196975017957466,0.8610752350014892,0.7790087738218514,0.7767511058667299,0.7772340252415211,0.8198580428070624,0.819608615874146,0.7716876938885612,0.7886214418194668
0.6485053531176321,0.6333892912180943,0.6303694863157078,0.6663799956678294,0.6246474021149495,0.6305148112894061,0.6300657618781169,0.6682697272002573,0.6411092435116066,0.6604244556695436,0.6238885212044106,0.6560769964289126,0.6250107895660542,0.6593375224483269,0.6602548934338097,0.6234133517764286,0.6261121327457702,0.6265726346878219,0.6099435539149394,0.6285160222272848,0.6299146953904529,0.6169866747313996,0.6321960628019279,0.6235484250563879,0.6188560394342311,0.6257203898947516,0.627339125842456,0.6638271474357216,0.6447808878334265,0.6426805361811118,0.6566458922489566,0.6288961844958363,0.026959866070142446,0.6354944566496017,0.6236017863911475,0.6754980006785218,0.6247053800946976,0.6331661313583157,1.0,0.6285939046836696,0.65614911466338,0.6324920389881692,0.6270831392317264,0.6667284913138062,0.6676906994551552,0.644035604775498,0.6336634966590526,0.6333640953718209,0.6578549628899544,0.6457577433555506
