../ecoli_genomes/GCF_000163235.1_ASM16323v1_genomic.fna.gz,../ecoli_genomes/GCF_000164555.1_ASM16455v1_genomic.fna.gz,../ecoli_genomes/GCF_000208545.1_ASM20854v2_genomic.fna.gz,../ecoli_genomes/GCF_000233875.1_ASM23387v1_genomic.fna.gz,../ecoli_genomes/GCF_000249735.1_ASM24973v2_genomic.fna.gz,../ecoli_genomes/GCF_000261145.1_Esch_coli_M919_V2_genomic.fna.gz,../ecoli_genomes/GCF_000267705.2_ASM26770v2_genomic.fna.gz,../ecoli_genomes/GCF_000350665.1_Esch_coli_KTE5_V1_genomic.fna.gz,../ecoli_genomes/GCF_000351625.1_Esch_coli_KTE66_V1_genomic.fna.gz,../ecoli_genomes/GCF_000352285.1_Esch_coli_KTE46_V1_genomic.fna.gz,../ecoli_genomes/GCF_000358895.1_ASM35889v1_genomic.fna.gz,../ecoli_genomes/GCF_000456385.1_Esch_coli_HVH_26_4-5703913_V1_genomic.fna.gz,../ecoli_genomes/GCF_000458195.1_Esch_coli_HVH_147_4-5893887_V1_genomic.fna.gz,../ecoli_genomes/GCF_000459755.1_Esch_coli_KOEGE_58_171a_V1_genomic.fna.gz,../ecoli_genomes/GCF_000460055.1_Esch_coli_UMEA_3053-1_V1_genomic.fna.gz,../ecoli_genomes/GCF_000462165.2_ASM46216v2_genomic.fna.gz,../ecoli_genomes/GCF_000601135.1_ASM60113v1_genomic.fna.gz,../ecoli_genomes/GCF_000614595.1_Ec2010EL1058_genomic.fna.gz,../ecoli_genomes/GCF_000617745.1_Ec2010C-4529_genomic.fna.gz,../ecoli_genomes/GCF_000618265.2_EcF6751_genomic.fna.gz,../ecoli_genomes/GCF_000619005.2_Ec2009C-4052_genomic.fna.gz,../ecoli_genomes/GCF_000619105.1_Ec2009C-4780_genomic.fna.gz,../ecoli_genomes/GCF_000619765.2_Ec2009C-3279_genomic.fna.gz,../ecoli_genomes/GCF_000687005.1_ASM68700v1_genomic.fna.gz,../ecoli_genomes/GCF_000687025.1_ASM68702v1_genomic.fna.gz,../ecoli_genomes/GCF_000700125.1_ASM70012v1_genomic.fna.gz,../ecoli_genomes/GCF_000753315.1_FHI35_genomic.fna.gz,../ecoli_genomes/GCF_000776375.1_ASM77637v1_genomic.fna.gz,../ecoli_genomes/GCF_000779395.1_ASM77939v1_genomic.fna.gz,../ecoli_genomes/GCF_000780315.1_ASM78031v1_genomic.fna.gz,../ecoli_genomes/GCF_000781995.1_ASM78199v1_genomic.fna.gz,../ecoli_genomes/GCF_000986765.1_ASM98676v1_genomic.fna.gz,../ecoli_genomes/GCF_001041375.1_ViralProj287958_genomic.fna.gz,../ecoli_genomes/GCF_001265335.1_302014_genomic.fna.gz,../ecoli_genomes/GCF_001265625.1_100854_genomic.fna.gz,../ecoli_genomes/GCF_001267345.1_303289_genomic.fna.gz,../ecoli_genomes/GCF_001309985.1_ASM130998v1_genomic.fna.gz,../ecoli_genomes/GCF_001521695.1_ASM152169v1_genomic.fna.gz,../ecoli_genomes/GCF_001592595.1_ASM159259v1_genomic.fna.gz,../ecoli_genomes/GCF_001614975.1_ASM161497v1_genomic.fna.gz,../ecoli_genomes/GCF_001692775.1_ASM169277v1_genomic.fna.gz,../ecoli_genomes/GCF_001748915.1_ASM174891v1_genomic.fna.gz,../ecoli_genomes/GCF_001749235.1_ASM174923v1_genomic.fna.gz,../ecoli_genomes/GCF_001881155.1_ASM188115v1_genomic.fna.gz,../ecoli_genomes/GCF_001881345.1_ASM188134v1_genomic.fna.gz,../ecoli_genomes/GCF_001892405.1_ASM189240v1_genomic.fna.gz,../ecoli_genomes/GCF_001892585.1_ASM189258v1_genomic.fna.gz,../ecoli_genomes/GCF_001893985.1_ASM189398v1_genomic.fna.gz,../ecoli_genomes/GCF_002001595.1_ASM200159v1_genomic.fna.gz,../ecoli_genomes/GCF_002002145.1_ASM200214v1_genomic.fna.gz
1.0,0.3911396961006367,0.32409993828948747,0.33313985648101563,0.3465638375136664,0.3555892117455428,0.36382685164546136,0.33549722114851566,0.44104321169912963,0.34382254459528827,0.37276999923212684,0.3488004107268208,0.3711430550173268,0.3299213162619241,0.31447509465869816,0.3532139688926679,0.3099332596218376,0.3718534901655043,0.3388071195776169,0.36427453681548083,0.35966118559833704,0.3464839914282727,0.376573518755525,0.33899711727031234,0.3248319852719206,0.28108607699933863,0.36948440488683565,0.33384545727275117,0.3922010554550662,0.43905669563565985,0.3084543129395264,0.3654913951925356,0.0,0.3694303541819791,0.3666789287346728,0.3367541899529145,0.3426257293319027,0.37078903580579947,0.2240278452110862,0.3865027404346132,0.3111423454257384,0.3659513512883611,0.37424847509667314,0.3370148044374981,0.3478448483847304,0.37300267417306776,0.3653387863718969,0.37050989840172854,0.3274862038611631,0.4044078668490818
0.3911396961006367,1.0,0.30244037151080083,0.3333440107537724,0.43545856507943814,0.5472881594715437,0.40347530255647623,0.34024638938550134,0.3657004799181327,0.34611865955028664,0.46914063710131204,0.35723347926708593,0.4620375127542664,0.32787722808709396,0.31783077027060924,0.39733211546709146,0.4404731897728089,0.467357549102125,0.4125461354515939,0.40669223219286255,0.45009645105969176,0.42313656786731424,0.4661049117409559,0.5341059424837268,0.49785488262801536,0.4085475943810595,0.46817924542559364,0.3413979528629739,0.3680540799419586,0.37019360978137195,0.31173366600247254,0.4533266109722829,0.0,0.4586114849037529,0.588290397323153,0.32778367872848757,0.37976333600043033,0.4794916564562244,0.232508447455556,0.48368422485752194,0.31242172482014674,0.5085394729700514,0.47603651359520105,0.35823403918426533,0.35303830134163927,0.35306986564669063,0.5182880090288509,0.5242301256144695,0.3428693743462701,0.3673593769057052
0.32409993828948747,0.30244037151080083,1.0,0.2716230720545083,0.2661307587094711,0.2725412094946532,0.2895376239873776,0.2706270118732236,0.31528088903724205,0.28075562278714683,0.3004300423782511,0.27029618134872,0.29383396689354335,0.2714907548047749,0.26442269480720226,0.2856965137972495,0.22190403492701483,0.2913155480614049,0.26227879231917217,0.2932805362689084,0.290327179548874,0.2710199023122166,0.2930179359009569,0.2524546465483102,0.227833290286787,0.19856317132530443,0.2951827437598211,0.27533188086451854,0.31148345449962345,0.3233643889635883,0.259015274506477,0.2724925453658792,0.0,0.28665518465710216,0.2814791215823197,0.27953751654706716,0.27254695138353013,0.2815677303237136,0.1562346554414038,0.29722118972092715,0.2651784474342208,0.2899861202525895,0.3029297995153635,0.2806247121416293,0.27325534807643814,0.291937256313167,0.2809149619698045,0.2912963841035424,0.2840412123780761,0.3169878958405752
0.33313985648101563,0.3333440107537724,0.2716230720545083,1.0,0.34753229006259645,0.3144389546455131,0.3124073729254815,0.5363785188953089,0.35053654640956156,0.5688246135885291,0.3189743737951999,0.5348575938864242,0.34538192900766773,0.5871825588029986,0.5975353665407483,0.3265916620956206,0.27297765121827966,0.3240106729715917,0.2876917017282291,0.3146206221550426,0.31354311576415916,0.2999141038581825,0.33381815012389693,0.302682366919217,0.2858387957640931,0.25121128490108025,0.32179360156387904,0.553962642022324,0.3482194241309229,0.3318168869593593,0.5455289091926386,0.3365678255044575,0.0,0.31657303144263726,0.3165431609327788,0.4598386519425325,0.3055050810063964,0.3122127761804032,0.2837641221243681,0.3205217837622737,0.563691886667498,0.3185081929959971,0.32179812333504654,0.5515094165479959,0.5448432120512823,0.34238975121640325,0.3060824337488385,0.3144577006243918,0.4895365510650037,0.357073101975122
0.3465638375136664,0.43545856507943814,0.2661307587094711,0.34753229006259645,1.0,0.43508817934451693,0.36383233669217263,0.33819376611889873,0.36952023406599843,0.34660781232817217,0.5107217246102604,0.31505501781462164,0.5083967004118899,0.3182057245214789,0.34136354738548025,0.40150277578732085,0.41459212392032985,0.4394288770167305,0.393156313074846,0.3670750583504385,0.4492689672546949,0.4068643339926584,0.45336109395602076,0.4651812457829181,0.4204269687230996,0.3968570472194971,0.4571788316265223,0.30155288695413374,0.34977266000987406,0.34679947722991467,0.33367852516259044,0.5006566417545251,0.0,0.44958308002749414,0.43837676344585585,0.30279008220128956,0.3683997900039231,0.46701601627434597,0.20631825741123866,0.472462113480452,0.3438141723614092,0.4366888610517907,0.47512040574783276,0.3100464846436497,0.31398872822651014,0.3196079751841182,0.4388350287845244,0.44718813098213817,0.302784133088596,0.3306816230501488
0.3555892117455428,0.5472881594715437,0.2725412094946532,0.3144389546455131,0.43508817934451693,1.0,0.3992951755038966,0.32611687883720564,0.33992373791464203,0.3157900203038052,0.43868665020547204,0.3175393438151298,0.4344412682518892,0.30713406140521216,0.29930816244659286,0.3842147906816128,0.41102489051649804,0.4514712753744542,0.41203349917069676,0.3851229750705699,0.42067440533426437,0.46757492185813954,0.44546925256558423,0.4983770581238348,0.4729339480612125,0.370635657006797,0.42980956647150914,0.31109389161237666,0.35261479673978147,0.3380337406023006,0.2928129535378944,0.44132194176375683,0.0,0.44218564817203765,0.5415109274364507,0.31782564218407006,0.36914054382278505,0.4399441142672952,0.2166412888970991,0.4468062804138887,0.2990833389233475,0.4786085914981967,0.4420133087248159,0.3162436798491727,0.32017913709235046,0.32813422296810024,0.47468560719971364,0.4850532680346602,0.30743479700432985,0.34539314199277527
0.36382685164546136,0.40347530255647623,0.2895376239873776,0.3124073729254815,0.36383233669217263,0.3992951755038966,1.0,0.3094099585551804,0.35601038932117324,0.31324131777332853,0.40396233642933055,0.3102926060140543,0.4009828795233925,0.3099937234154829,0.2990931205971191,0.7405434902197939,0.3069616606025699,0.4435719120874916,0.4043355581741901,0.8524647696388238,0.4405868954383486,0.41409806853311315,0.4432510143248176,0.3567176368762309,0.31868907951841563,0.27728027333914185,0.412301517880752,0.3101895315617067,0.3437915881498119,0.35511129492135207,0.29329656266643533,0.3828442118371663,0.0,0.4020779335793444,0.4058547655808018,0.32714832751216305,0.7732143584490224,0.3789129777757767,0.18800254258635285,0.40660293946983583,0.2915711323992264,0.4002523114347992,0.4094018147456008,0.31319550405995933,0.31320210661619696,0.3272539068034308,0.37443226417598874,0.38735731128420403,0.307570927936071,0.349112875381664
0.33549722114851566,0.34024638938550134,0.2706270118732236,0.5363785188953089,0.33819376611889873,0.32611687883720564,0.3094099585551804,1.0,0.3380878150157707,0.5410458308631884,0.3166313690169438,0.5152901122787867,0.33940458327825906,0.5195863526112161,0.5093098003551034,0.3181402439519637,0.28411985897721004,0.325663174133057,0.2921582963238115,0.3112234221101188,0.3115790363370412,0.2996659160400137,0.32736883356024804,0.3187296310777892,0.2900959898805632,0.2636544326934044,0.32318348580653655,0.6766776964606885,0.35948374472702815,0.3293686435165275,0.5045243898389018,0.32684032362391513,0.0,0.3235632756689132,0.3244996522565907,0.4500366012475906,0.2976151217431766,0.3352811541840707,0.29964938407670794,0.3323643811056973,0.5128728769758079,0.32263954172773623,0.32751532983799814,0.6814391101854784,0.6640763201867574,0.3408248580182288,0.3137826678629052,0.3181932209990366,0.4797477387774369,0.35731311601083915
0.44104321169912963,0.3657004799181327,0.31528088903724205,0.35053654640956156,0.36952023406599843,0.33992373791464203,0.35601038932117324,0.3380878150157707,1.0,0.3572921650990091,0.36831762466953377,0.32081927538526367,0.3859403634672526,0.3361715340880158,0.34046558306029595,0.3678688931514429,0.2814618626894675,0.36390104870907025,0.31929399616583387,0.36144813541876364,0.35145750104195717,0.3310304197591887,0.36508634388755956,0.32939617213774597,0.2916136554685729,0.26174506070520964,0.3663322820091792,0.3259776503123667,0.38940322001512007,0.45829693957502793,0.3323153732799735,0.35319066175599734,0.0,0.34962058818865294,0.3537762749351876,0.339251679128992,0.3470022521859123,0.34118161612809605,0.19026154341630586,0.3644048297003216,0.33290919002704367,0.3606393079121908,0.37060069388523487,0.32707546164405166,0.3221556879964542,0.36391047843968205,0.34108650634484294,0.3537338364598003,0.32520096899634565,0.40127672317204266
0.34382254459528827,0.34611865955028664,0.28075562278714683,0.5688246135885291,0.34660781232817217,0.3157900203038052,0.31324131777332853,0.5410458308631884,0.3572921650990091,1.0,0.3331748019182853,0.5061879166115657,0.354570113574745,0.5463708726337764,0.540730622181079,0.32759342620565846,0.26084949364007015,0.33143526163311765,0.29057603193152304,0.3172118541261789,0.31950480297351436,0.3026311571531296,0.3304488022323122,0.2983910493852172,0.2786363974645685,0.2421917444241669,0.3306802852090177,0.5336602060398441,0.359963250797782,0.34037053328772093,0.5635571794471552,0.3258020904650464,0.0,0.3194817757219651,0.31733391919922527,0.4686844512494509,0.30666978408670265,0.32079416187018117,0.27729197782858295,0.3312867211734948,0.5651051735918404,0.32314118877851417,0.32917604931028244,0.5370211086546974,0.5378036627242069,0.3410067514156123,0.3090299184781027,0.3203027074445022,0.5056109735519914,0.3565308707982252
0.37276999923212684,0.46914063710131204,0.3004300423782511,0.3189743737951999,0.5107217246102604,0.43868665020547204,0.40396233642933055,0.3166313690169438,0.36831762466953377,0.3331748019182853,1.0,0.32035508340575114,0.561395251359224,0.3298498223641626,0.3199085556734572,0.39530739638154766,0.34716281091096124,0.5283713908059878,0.47905524860962556,0.40878667198657415,0.5161168384801749,0.5055685012740472,0.5337562841182237,0.41507808090589016,0.3454800755581017,0.3123550259851565,0.536071930285209,0.3230086450673323,0.3609785370441486,0.3712456652253282,0.30559331164188186,0.4747290627377023,0.0,0.5055680973544215,0.4588942868265544,0.33870123654363005,0.38253351690031,0.5019073922670738,0.18861082694528764,0.5459481050070598,0.30874446794594657,0.48436420036680916,0.5492180405334807,0.3221252217899523,0.3214252088568519,0.3455116227600997,0.45023000434281846,0.4686243862522934,0.3288987795277871,0.36608763729567917
0.3488004107268208,0.35723347926708593,0.27029618134872,0.5348575938864242,0.31505501781462164,0.3175393438151298,0.3102926060140543,0.5152901122787867,0.32081927538526367,0.5061879166115657,0.32035508340575114,1.0,0.321965761811986,0.5324877787740566,0.6002820862973519,0.30631427378966924,0.3033680338833694,0.31820497160713246,0.28996501880278047,0.31092769907705187,0.31388312334991,0.3024643902860049,0.3237057620376136,0.3178181838335604,0.3090989586204017,0.28733651337064525,0.3176132356013375,0.5324356333845823,0.3594818551201846,0.3324955780152645,0.46467479848894955,0.32306149041321197,0.0,0.3236492415213331,0.3312962563744941,0.4373501231348522,0.29261653531139786,0.33407824361775773,0.3274168673631894,0.33687848918267604,0.4863998241290527,0.3154424482207794,0.32490254433121457,0.535892725838553,0.5387924493844651,0.34644338937277397,0.3370430225989475,0.3340052335552036,0.46778237579069437,0.35286943119047065
0.3711430550173268,0.4620375127542664,0.29383396689354335,0.34538192900766773,0.5083967004118899,0.4344412682518892,0.4009828795233925,0.33940458327825906,0.3859403634672526,0.354570113574745,0.561395251359224,0.321965761811986,1.0,0.32884651327924364,0.33842081628638787,0.4147101379992292,0.35244447980682236,0.5384883089448562,0.5139490842549911,0.404158546183339,0.5389202662991213,0.5503265793786356,0.5834651574709877,0.42082163908907433,0.3571457146453666,0.32201851475104415,0.5669683102261538,0.32373132569377927,0.3591521681108124,0.38055143739919717,0.3300452664061285,0.5218287201516186,0.0,0.5528094859371386,0.459303941125099,0.33221677843672726,0.3933164799380233,0.5149784338427223,0.18626319435981242,0.5641051777003425,0.3315686716256565,0.4722215677714332,0.5630502405398836,0.3249580615679005,0.3227551810090248,0.3369998456596387,0.4442840084997044,0.4621450146481181,0.3291264718372826,0.3618375578594315
0.3299213162619241,0.32787722808709396,0.2714907548047749,0.5871825588029986,0.3182057245214789,0.30713406140521216,0.3099937234154829,0.5195863526112161,0.3361715340880158,0.5463708726337764,0.3298498223641626,0.5324877787740566,0.32884651327924364,1.0,0.5866343402606484,0.3088368802446071,0.2494910409769897,0.3258518628999759,0.28915955770935553,0.3150051460517185,0.3106929890813904,0.3030560554628464,0.32802147578321705,0.2805703306558489,0.25490507940847595,0.22314614933359522,0.3266222411026908,0.5659143995996658,0.35819050966404864,0.32851680813880924,0.5286575036424459,0.3125970621267392,0.0,0.32045530298815417,0.3119165274295892,0.45929281548550116,0.29488177790365033,0.31347055804159407,0.2702796516884046,0.32102148721324153,0.5425659125244637,0.3175882908329819,0.3256861131789409,0.5557023199284034,0.5497911197626333,0.34935577228377956,0.3050627530835993,0.316162077232917,0.4979335985024803,0.3653826696392165
0.31447509465869816,0.31783077027060924,0.26442269480720226,0.5975353665407483,0.34136354738548025,0.29930816244659286,0.2990931205971191,0.5093098003551034,0.34046558306029595,0.540730622181079,0.3199085556734572,0.6002820862973519,0.33842081628638787,0.5866343402606484,1.0,0.31060635040794515,0.2622572061077517,0.31374387879397314,0.2766856764076996,0.30263460569248113,0.3037502411642389,0.2896529690214288,0.3209837300413574,0.2917399418462878,0.26780201833503414,0.23869386166796103,0.3160336915750339,0.5211351603115741,0.3409258016105159,0.3235951033839506,0.5328091899328726,0.3173824657201837,0.0,0.30978568876782153,0.3079306714477469,0.44328719132939887,0.29343963678895313,0.30750709972355794,0.2709354926930009,0.31387402329359915,0.5480929125194607,0.31026985859028033,0.31694725022925097,0.517812996415306,0.5123203976980062,0.3372664948388585,0.3085765545714636,0.3182545206730072,0.4690858138695011,0.3582025119004092
0.3532139688926679,0.39733211546709146,0.2856965137972495,0.3265916620956206,0.40150277578732085,0.3842147906816128,0.7405434902197939,0.3181402439519637,0.3678688931514429,0.32759342620565846,0.39530739638154766,0.30631427378966924,0.4147101379992292,0.3088368802446071,0.31060635040794515,1.0,0.313096167306836,0.42229136099796616,0.3909865832127011,0.7474154390093275,0.415930590840338,0.3870964122318489,0.4216348654560643,0.36330162230358876,0.32606263643347233,0.30323841577122057,0.40029115245647084,0.3045560449101967,0.33504695505850934,0.3605648689874653,0.30910924844789756,0.38976506876611083,0.0,0.38857800982704427,0.39700851172443896,0.31831330737603514,0.7530066235642665,0.37656498697038565,0.18109382529192186,0.39678371255900247,0.3088773107499422,0.3937319965910867,0.3983411574708877,0.30582687777476525,0.3063094019369452,0.3230490548952104,0.36941096089072945,0.3826692110243902,0.3061973793883068,0.3417437953331647
0.3099332596218376,0.4404731897728089,0.22190403492701483,0.27297765121827966,0.41459212392032985,0.41102489051649804,0.3069616606025699,0.28411985897721004,0.2814618626894675,0.26084949364007015,0.34716281091096124,0.3033680338833694,0.35244447980682236,0.2494910409769897,0.2622572061077517,0.313096167306836,1.0,0.3414374078275222,0.31072969851661825,0.30757765300591744,0.3380350641510168,0.3261835550913469,0.3545342110851776,0.5705332658532704,0.5998576344794118,0.626575645234883,0.3392345361654875,0.2686948431046875,0.2928312721758549,0.282150043243216,0.24584289362345768,0.45957359597131475,0.0,0.3897017563384686,0.460992017983607,0.2577557339835336,0.2993769565490886,0.41212432482363104,0.36820070904686286,0.4120661203618966,0.2452886491324141,0.3762012871531012,0.35474925936736634,0.2876196313808548,0.3015120910937745,0.28816787243412645,0.4895087177384646,0.4403560279918337,0.24446912010370392,0.28579844702331114
0.3718534901655043,0.467357549102125,0.2913155480614049,0.3240106729715917,0.4394288770167305,0.4514712753744542,0.4435719120874916,0.325663174133057,0.36390104870907025,0.33143526163311765,0.5283713908059878,0.31820497160713246,0.5384883089448562,0.3258518628999759,0.31374387879397314,0.42229136099796616,0.3414374078275222,1.0,0.5310827312820738,0.44186615706455734,0.5608161946711538,0.5368110898029471,0.5777059117427337,0.40716452439296613,0.34509346433744326,0.30702209081724485,0.545788720422402,0.3250837869303611,0.3604645499300203,0.3692478404925784,0.3076145539503008,0.4745763522937255,0.0,0.5204462603377973,0.46421751655285326,0.3530648268586659,0.41429849712963873,0.4848147927196309,0.18965857397919794,0.5305350737521899,0.3078326189962567,0.47189794690073605,0.5359205942565566,0.3252193645967588,0.3247035819066122,0.33763450252436356,0.4440059062617433,0.4621788549990784,0.3226495126998328,0.3621042333452802
0.3388071195776169,0.4125461354515939,0.26227879231917217,0.2876917017282291,0.393156313074846,0.41203349917069676,0.4043355581741901,0.2921582963238115,0.31929399616583387,0.29057603193152304,0.47905524860962556,0.28996501880278047,0.5139490842549911,0.28915955770935553,0.2766856764076996,0.3909865832127011,0.31072969851661825,0.5310827312820738,1.0,0.39768796066927625,0.505195731602348,0.541423094741684,0.5159138106754286,0.3598849398389252,0.31921135490944375,0.2756586809059478,0.48650476910037743,0.29196566976348226,0.3211724329745276,0.3284067272642537,0.26825939433527124,0.45873603224923043,0.0,0.47058657339905197,0.4171103975191398,0.31007062647745753,0.3840438005440079,0.44099210756136753,0.17390418594671964,0.4746866132885229,0.2700260800972365,0.41980918451499827,0.4749953216315391,0.29365496600696683,0.29371820440642216,0.30406558672913064,0.3955574201589098,0.4096830438170356,0.2878161066699063,0.32527745122140317
0.36427453681548083,0.40669223219286255,0.2932805362689084,0.3146206221550426,0.3670750583504385,0.3851229750705699,0.8524647696388238,0.3112234221101188,0.36144813541876364,0.3172118541261789,0.40878667198657415,0.31092769907705187,0.404158546183339,0.3150051460517185,0.30263460569248113,0.7474154390093275,0.30757765300591744,0.44186615706455734,0.39768796066927625,1.0,0.4411753776079379,0.40194232910185523,0.4439619751044057,0.3561077010940995,0.3163821297131171,0.276248313584014,0.41805314034827534,0.3141436312610686,0.34684668892512605,0.36117854373964053,0.2970071147143597,0.38328303374400463,0.0,0.402114381068717,0.4051356912869797,0.32841768471751653,0.7735762531711611,0.38399808402216884,0.18766744177868622,0.4118934394349347,0.2953761424414726,0.4015955885392166,0.41330973896969414,0.31600336484068803,0.3146276648759815,0.3324662278737782,0.37828911225051354,0.3913789963786358,0.312374343692579,0.3525807722950943
0.35966118559833704,0.45009645105969176,0.290327179548874,0.31354311576415916,0.4492689672546949,0.42067440533426437,0.4405868954383486,0.3115790363370412,0.35145750104195717,0.31950480297351436,0.5161168384801749,0.31388312334991,0.5389202662991213,0.3106929890813904,0.3037502411642389,0.415930590840338,0.3380350641510168,0.5608161946711538,0.505195731602348,0.4411753776079379,1.0,0.522699090946372,0.5778951582584093,0.39506869468573336,0.34140758175181807,0.30747012653531336,0.5471906967368122,0.31557954860286086,0.3440682841239512,0.35959430850474616,0.2946162652033365,0.48762116937300537,0.0,0.5315888420035454,0.45140371956193737,0.33802690040154215,0.4125970861765148,0.49401363706504764,0.18918144149410399,0.5399834345942847,0.30030853971215654,0.44917249741003007,0.5349272132393434,0.3186524615840066,0.31788345813889995,0.3335957766355978,0.4384280626195999,0.45424520531621304,0.3135645731498792,0.35268184550922876
0.3464839914282727,0.42313656786731424,0.2710199023122166,0.2999141038581825,0.4068643339926584,0.46757492185813954,0.41409806853311315,0.2996659160400137,0.3310304197591887,0.3026311571531296,0.5055685012740472,0.3024643902860049,0.5503265793786356,0.3030560554628464,0.2896529690214288,0.3870964122318489,0.3261835550913469,0.5368110898029471,0.541423094741684,0.40194232910185523,0.522699090946372,1.0,0.6764787440100388,0.36647736901244765,0.33977917021787973,0.2876826632366809,0.5130246195243107,0.3066598843056775,0.3267291248439129,0.3364393330631239,0.28039012359141624,0.4760272600206037,0.0,0.5951155963056725,0.4282799765469866,0.31532233708377155,0.3788696073205644,0.4677154139409615,0.17910021404627496,0.5193127758094598,0.2813852509589535,0.43035877508695064,0.5160997105870874,0.30470375395197336,0.3049292090491257,0.31864974725663997,0.4071538905015376,0.42170420226968053,0.30127727912777413,0.3358598250020759
0.376573518755525,0.4661049117409559,0.2930179359009569,0.33381815012389693,0.45336109395602076,0.44546925256558423,0.4432510143248176,0.32736883356024804,0.36508634388755956,0.3304488022323122,0.5337562841182237,0.3237057620376136,0.5834651574709877,0.32802147578321705,0.3209837300413574,0.4216348654560643,0.3545342110851776,0.5777059117427337,0.5159138106754286,0.4439619751044057,0.5778951582584093,0.6764787440100388,1.0,0.40624025293870225,0.3582169232740793,0.30902006912182467,0.5722643139080088,0.3298221202383468,0.3588189306270808,0.3655262923345951,0.3104917026106754,0.5072755342525522,0.0,0.6481877434704615,0.4622210330794422,0.34604191274836726,0.41532583764506126,0.5131782669813484,0.1960147145074289,0.5598070244339943,0.3130915874661646,0.4640682491122422,0.5582910914711668,0.3308001797147564,0.3305240829157383,0.3400710768558979,0.4397473918398611,0.45640966012973205,0.325620040188495,0.36350036411595454
0.33899711727031234,0.5341059424837268,0.2524546465483102,0.302682366919217,0.4651812457829181,0.4983770581238348,0.3567176368762309,0.3187296310777892,0.32939617213774597,0.2983910493852172,0.41507808090589016,0.3178181838335604,0.42082163908907433,0.2805703306558489,0.2917399418462878,0.36330162230358876,0.5705332658532704,0.40716452439296613,0.3598849398389252,0.3561077010940995,0.39506869468573336,0.36647736901244765,0.40624025293870225,1.0,0.5649998676010641,0.5415007508155774,0.4044411616816673,0.290770140243083,0.3324001982260667,0.32326067155193916,0.285365298781566,0.45940037312098814,0.0,0.4168920571433562,0.5580712139160801,0.29295424279925264,0.3488480224073345,0.43324884625283755,0.2874584696606297,0.4376981049663081,0.28512549489623185,0.4493300944993126,0.40890356612238343,0.30363363354213224,0.31417156487304165,0.31094727210628215,0.49334820785291256,0.4723769875995083,0.27912347239500335,0.3190290645599222
0.3248319852719206,0.49785488262801536,0.227833290286787,0.2858387957640931,0.4204269687230996,0.4729339480612125,0.31868907951841563,0.2900959898805632,0.2916136554685729,0.2786363974645685,0.3454800755581017,0.3090989586204017,0.3571457146453666,0.25490507940847595,0.26780201833503414,0.32606263643347233,0.5998576344794118,0.34509346433744326,0.31921135490944375,0.3163821297131171,0.34140758175181807,0.33977917021787973,0.3582169232740793,0.5649998676010641,1.0,0.5925294884457927,0.34402676792125786,0.266539570710127,0.2870866443841088,0.2837534304991477,0.2577238005875877,0.47646327185848336,0.0,0.3809240391891964,0.5122599338443133,0.2516323075823437,0.3127800116150995,0.4222313248475458,0.35869389410605956,0.4125512259932026,0.25977883157788895,0.3858136481239698,0.3564214029267081,0.29811576342605073,0.3044105892992828,0.2986448309564823,0.4855738408541036,0.44135110163756597,0.2561469624950721,0.2838444166906089
0.28108607699933863,0.4085475943810595,0.19856317132530443,0.25121128490108025,0.3968570472194971,0.370635657006797,0.27728027333914185,0.2636544326934044,0.26174506070520964,0.2421917444241669,0.3123550259851565,0.28733651337064525,0.32201851475104415,0.22314614933359522,0.23869386166796103,0.30323841577122057,0.626575645234883,0.30702209081724485,0.2756586809059478,0.276248313584014,0.30747012653531336,0.2876826632366809,0.30902006912182467,0.5415007508155774,0.5925294884457927,1.0,0.3025973107101092,0.2426072078010657,0.26230272636640517,0.25840243394830875,0.22920672651392948,0.4045494988087961,0.0,0.33880954429821064,0.4329801753485635,0.22365829610341792,0.28295401785825836,0.39191279460620265,0.39844767144097726,0.38566348054468946,0.22884587635431364,0.3441473747226552,0.31481786066025963,0.2704232489014009,0.27298238814739717,0.2652884830715988,0.46725784648228574,0.4067058149138768,0.22731479034026736,0.2541544621150401
0.36948440488683565,0.46817924542559364,0.2951827437598211,0.32179360156387904,0.4571788316265223,0.42980956647150914,0.412301517880752,0.32318348580653655,0.3663322820091792,0.3306802852090177,0.536071930285209,0.3176132356013375,0.5669683102261538,0.3266222411026908,0.3160336915750339,0.40029115245647084,0.3392345361654875,0.545788720422402,0.48650476910037743,0.41805314034827534,0.5471906967368122,0.5130246195243107,0.5722643139080088,0.4044411616816673,0.34402676792125786,0.3025973107101092,1.0,0.3212067258497998,0.3581590538291264,0.36702476714304666,0.3084482537593032,0.4981054235103992,0.0,0.5262029579899354,0.45658333318259536,0.33596241965381424,0.39306730654026234,0.5752833527725454,0.1829503173769188,0.567468440249348,0.31196700537682176,0.4682070507539855,0.6381995680422212,0.3281844769331015,0.3200650466885696,0.339848534103818,0.4378883878506701,0.45554932003878945,0.3269412882765692,0.35993457731807876
0.33384545727275117,0.3413979528629739,0.27533188086451854,0.553962642022324,0.30155288695413374,0.31109389161237666,0.3101895315617067,0.6766776964606885,0.3259776503123667,0.5336602060398441,0.3230086450673323,0.5324356333845823,0.32373132569377927,0.5659143995996658,0.5211351603115741,0.3045560449101967,0.2686948431046875,0.3250837869303611,0.29196566976348226,0.3141436312610686,0.31557954860286086,0.3066598843056775,0.3298221202383468,0.290770140243083,0.266539570710127,0.2426072078010657,0.3212067258497998,1.0,0.36072541763291655,0.32841539034731015,0.49354689292796516,0.31543467935947356,0.0,0.3200780311276389,0.31820171439390577,0.45871354679240506,0.29106236711916555,0.32965357670430073,0.2964547687466932,0.32865839779950934,0.5113336428599775,0.32055683274516855,0.3239603726220701,0.7993509802254635,0.77247463135301,0.3448678392545833,0.3153305319383908,0.3213331606103008,0.5020698924214555,0.3573072315792667
0.3922010554550662,0.3680540799419586,0.31148345449962345,0.3482194241309229,0.34977266000987406,0.35261479673978147,0.3437915881498119,0.35948374472702815,0.38940322001512007,0.359963250797782,0.3609785370441486,0.3594818551201846,0.3591521681108124,0.35819050966404864,0.3409258016105159,0.33504695505850934,0.2928312721758549,0.3604645499300203,0.3211724329745276,0.34684668892512605,0.3440682841239512,0.3267291248439129,0.3588189306270808,0.3324001982260667,0.2870866443841088,0.26230272636640517,0.3581590538291264,0.36072541763291655,1.0,0.37828952563692353,0.33518861330992633,0.3442388935127533,0.0,0.3482635156886623,0.35017923950305885,0.36256901730732116,0.3257597462066434,0.3461600429599967,0.21040782829396287,0.35967657707772316,0.33374978897519636,0.34634869438667526,0.35718765492407634,0.3597164696189331,0.36092821354175864,0.4315383154070477,0.3394079754025997,0.35060428303841984,0.35337558470414043,0.6256072204357248
0.43905669563565985,0.37019360978137195,0.3233643889635883,0.3318168869593593,0.34679947722991467,0.3380337406023006,0.35511129492135207,0.3293686435165275,0.45829693957502793,0.34037053328772093,0.3712456652253282,0.3324955780152645,0.38055143739919717,0.32851680813880924,0.3235951033839506,0.3605648689874653,0.282150043243216,0.3692478404925784,0.3284067272642537,0.36117854373964053,0.35959430850474616,0.3364393330631239,0.3655262923345951,0.32326067155193916,0.2837534304991477,0.25840243394830875,0.36702476714304666,0.32841539034731015,0.37828952563692353,1.0,0.3162116339169039,0.33864280449014783,0.0,0.34993238048317565,0.35320975791347486,0.3349462400041858,0.34230530706440565,0.354561209541037,0.20687660061671576,0.37952010754806764,0.32061718708629705,0.3601639932005667,0.37390934151025657,0.33145126354431487,0.32836192472686,0.3780787848597402,0.35380718011220846,0.3644902399997102,0.33054600173872206,0.39309325296416975
0.3084543129395264,0.31173366600247254,0.259015274506477,0.5455289091926386,0.33367852516259044,0.2928129535378944,0.29329656266643533,0.5045243898389018,0.3323153732799735,0.5635571794471552,0.30559331164188186,0.46467479848894955,0.3300452664061285,0.5286575036424459,0.5328091899328726,0.30910924844789756,0.24584289362345768,0.3076145539503008,0.26825939433527124,0.2970071147143597,0.2946162652033365,0.28039012359141624,0.3104917026106754,0.285365298781566,0.2577238005875877,0.22920672651392948,0.3084482537593032,0.49354689292796516,0.33518861330992633,0.3162116339169039,1.0,0.31219742054288413,0.0,0.30325647492484187,0.2940281475608393,0.4369949547144759,0.29128946692204005,0.29899634447147194,0.2571374317118015,0.3082543722592628,0.6618524276300337,0.2998845971915818,0.3080764414705367,0.4966434290098166,0.49189762220529964,0.3235065049065693,0.28916359370228484,0.29945951072599264,0.46226461805475116,0.334743060763938
0.3654913951925356,0.4533266109722829,0.2724925453658792,0.3365678255044575,0.5006566417545251,0.44132194176375683,0.3828442118371663,0.32684032362391513,0.35319066175599734,0.3258020904650464,0.4747290627377023,0.32306149041321197,0.5218287201516186,0.3125970621267392,0.3173824657201837,0.38976506876611083,0.45957359597131475,0.4745763522937255,0.45873603224923043,0.38328303374400463,0.48762116937300537,0.4760272600206037,0.5072755342525522,0.45940037312098814,0.47646327185848336,0.4045494988087961,0.4981054235103992,0.31543467935947356,0.3442388935127533,0.33864280449014783,0.31219742054288413,1.0,0.0,0.5012430314188294,0.4504712157370734,0.3078348065944573,0.38195477547694356,0.5020176859079291,0.24494441427203417,0.5330079900006338,0.307812286913132,0.4385940363257862,0.5112753450212528,0.32025735896585583,0.330121942795366,0.32969026280595226,0.4639450939070582,0.46297327235563523,0.296828786392354,0.3360256378885643
0.0,0.0,0.0,0.0,0.0,0.0,0.0,0.0,0.0,0.0,0.0,0.0,0.0,0.0,0.0,0.0,0.0,0.0,0.0,0.0,0.0,0.0,0.0,0.0,0.0,0.0,0.0,0.0,0.0,0.0,0.0,0.0,1.0,0.0,0.0,0.0,0.0,0.0,0.0,0.0,0.0,0.0,0.0,0.0,0.0,0.0,0.0,0.0,0.0,0.0
0.3694303541819791,0.4586114849037529,0.28665518465710216,0.31657303144263726,0.44958308002749414,0.44218564817203765,0.4020779335793444,0.3235632756689132,0.34962058818865294,0.3194817757219651,0.5055680973544215,0.3236492415213331,0.5528094859371386,0.32045530298815417,0.30978568876782153,0.38857800982704427,0.3897017563384686,0.5204462603377973,0.47058657339905197,0.402114381068717,0.5315888420035454,0.5951155963056725,0.6481877434704615,0.4168920571433562,0.3809240391891964,0.33880954429821064,0.5262029579899354,0.3200780311276389,0.3482635156886623,0.34993238048317565,0.30325647492484187,0.5012430314188294,0.0,1.0,0.46275791623756524,0.3476878360603274,0.3787246526056367,0.5061000422866644,0.23067628479848645,0.5439742898850285,0.3025813491274919,0.4515792221957251,0.5403790484644013,0.32419094168665297,0.330629819485583,0.333984959230744,0.44787648226651977,0.4544261154953113,0.31217189755749497,0.35748510267202016
0.3666789287346728,0.588290397323153,0.2814791215823197,0.3165431609327788,0.43837676344585585,0.5415109274364507,0.4058547655808018,0.3244996522565907,0.3537762749351876,0.31733391919922527,0.4588942868265544,0.3312962563744941,0.459303941125099,0.3119165274295892,0.3079306714477469,0.39700851172443896,0.460992017983607,0.46421751655285326,0.4171103975191398,0.4051356912869797,0.45140371956193737,0.4282799765469866,0.4622210330794422,0.5580712139160801,0.5122599338443133,0.4329801753485635,0.45658333318259536,0.31820171439390577,0.35017923950305885,0.35320975791347486,0.2940281475608393,0.4504712157370734,0.0,0.46275791623756524,1.0,0.3206534077038491,0.3818206454411074,0.4615828326310898,0.25509015343323327,0.4831685293890877,0.2956487709848099,0.49935181329567324,0.4684117190106052,0.32483629964109817,0.32787172183171476,0.33667343167833086,0.5112040522895342,0.5084280650507003,0.30987006398369765,0.3486450563731991
0.3367541899529145,0.32778367872848757,0.27953751654706716,0.4598386519425325,0.30279008220128956,0.31782564218407006,0.32714832751216305,0.4500366012475906,0.339251679128992,0.4686844512494509,0.33870123654363005,0.4373501231348522,0.33221677843672726,0.45929281548550116,0.44328719132939887,0.31831330737603514,0.2577557339835336,0.3530648268586659,0.31007062647745753,0.32841768471751653,0.33802690040154215,0.31532233708377155,0.34604191274836726,0.29295424279925264,0.2516323075823437,0.22365829610341792,0.33596241965381424,0.45871354679240506,0.36256901730732116,0.3349462400041858,0.4369949547144759,0.3078348065944573,0.0,0.3476878360603274,0.3206534077038491,1.0,0.3058373383499209,0.31560333412280595,0.28193394346460576,0.3384452547661676,0.44202109548018764,0.3294837087079887,0.33414749282812384,0.4595810611497795,0.46215868440666974,0.3403914530607116,0.3089016483631396,0.3200301083547885,0.4597768621935343,0.3654753462260376
0.3426257293319027,0.37976333600043033,0.27254695138353013,0.3055050810063964,0.3683997900039231,0.36914054382278505,0.7732143584490224,0.2976151217431766,0.3470022521859123,0.30666978408670265,0.38253351690031,0.29261653531139786,0.3933164799380233,0.29488177790365033,0.29343963678895313,0.7530066235642665,0.2993769565490886,0.41429849712963873,0.3840438005440079,0.7735762531711611,0.4125970861765148,0.3788696073205644,0.41532583764506126,0.3488480224073345,0.3127800116150995,0.28295401785825836,0.39306730654026234,0.29106236711916555,0.3257597462066434,0.34230530706440565,0.29128946692204005,0.38195477547694356,0.0,0.3787246526056367,0.3818206454411074,0.3058373383499209,1.0,0.36224869152595607,0.17644808422439773,0.38138562438351853,0.2874650677956049,0.3786764163059724,0.38771036480758037,0.293595053174445,0.29272814024967686,0.30790844086676605,0.3532947547746561,0.365695678970404,0.2887013659348747,0.3280224472350014
0.37078903580579947,0.4794916564562244,0.2815677303237136,0.3122127761804032,0.46701601627434597,0.4399441142672952,0.3789129777757767,0.3352811541840707,0.34118161612809605,0.32079416187018117,0.5019073922670738,0.33407824361775773,0.5149784338427223,0.31347055804159407,0.30750709972355794,0.37656498697038565,0.41212432482363104,0.4848147927196309,0.44099210756136753,0.38399808402216884,0.49401363706504764,0.4677154139409615,0.5131782669813484,0.43324884625283755,0.4222313248475458,0.39191279460620265,0.5752833527725454,0.32965357670430073,0.3461600429599967,0.354561209541037,0.29899634447147194,0.5020176859079291,0.0,0.5061000422866644,0.4615828326310898,0.31560333412280595,0.36224869152595607,1.0,0.26753586413654074,0.5602593855242153,0.30384304144253893,0.4565360671127102,0.616264255591989,0.34245616878446095,0.338313177241214,0.3359311108843832,0.48708247636334046,0.4803033092563487,0.32053713036328013,0.3469850959833839
0.2240278452110862,0.232508447455556,0.1562346554414038,0.2837641221243681,0.20631825741123866,0.2166412888970991,0.18800254258635285,0.29964938407670794,0.19026154341630586,0.27729197782858295,0.18861082694528764,0.3274168673631894,0.18626319435981242,0.2702796516884046,0.2709354926930009,0.18109382529192186,0.36820070904686286,0.18965857397919794,0.17390418594671964,0.18766744177868622,0.18918144149410399,0.17910021404627496,0.1960147145074289,0.2874584696606297,0.35869389410605956,0.39844767144097726,0.1829503173769188,0.2964547687466932,0.21040782829396287,0.20687660061671576,0.2571374317118015,0.24494441427203417,0.0,0.23067628479848645,0.25509015343323327,0.28193394346460576,0.17644808422439773,0.26753586413654074,1.0,0.25816816668519116,0.25658444098228195,0.19379302236483564,0.19342910112854828,0.3151536236907203,0.32610432456851124,0.22180186125002754,0.2978615961070382,0.24528511753698268,0.26795297069095625,0.21632915576433465
0.3865027404346132,0.48368422485752194,0.29722118972092715,0.3205217837622737,0.472462113480452,0.4468062804138887,0.40660293946983583,0.3323643811056973,0.3644048297003216,0.3312867211734948,0.5459481050070598,0.33687848918267604,0.5641051777003425,0.32102148721324153,0.31387402329359915,0.39678371255900247,0.4120661203618966,0.5305350737521899,0.4746866132885229,0.4118934394349347,0.5399834345942847,0.5193127758094598,0.5598070244339943,0.4376981049663081,0.4125512259932026,0.38566348054468946,0.567468440249348,0.32865839779950934,0.35967657707772316,0.37952010754806764,0.3082543722592628,0.5330079900006338,0.0,0.5439742898850285,0.4831685293890877,0.3384452547661676,0.38138562438351853,0.5602593855242153,0.25816816668519116,1.0,0.3080897445537478,0.47672612789725843,0.5727782434282852,0.3358759185665645,0.3394137708269619,0.3564071540279735,0.5016624980338527,0.5003492715076434,0.32626676636019347,0.3695612694455205
