../ecoli_genomes/GCF_000163235.1_ASM16323v1_genomic.fna.gz,../ecoli_genomes/GCF_000164555.1_ASM16455v1_genomic.fna.gz,../ecoli_genomes/GCF_000208545.1_ASM20854v2_genomic.fna.gz,../ecoli_genomes/GCF_000233875.1_ASM23387v1_genomic.fna.gz,../ecoli_genomes/GCF_000249735.1_ASM24973v2_genomic.fna.gz,../ecoli_genomes/GCF_000261145.1_Esch_coli_M919_V2_genomic.fna.gz,../ecoli_genomes/GCF_000267705.2_ASM26770v2_genomic.fna.gz,../ecoli_genomes/GCF_000350665.1_Esch_coli_KTE5_V1_genomic.fna.gz,../ecoli_genomes/GCF_000351625.1_Esch_coli_KTE66_V1_genomic.fna.gz,../ecoli_genomes/GCF_000352285.1_Esch_coli_KTE46_V1_genomic.fna.gz,../ecoli_genomes/GCF_000358895.1_ASM35889v1_genomic.fna.gz,../ecoli_genomes/GCF_000456385.1_Esch_coli_HVH_26_4-5703913_V1_genomic.fna.gz,../ecoli_genomes/GCF_000458195.1_Esch_coli_HVH_147_4-5893887_V1_genomic.fna.gz,../ecoli_genomes/GCF_000459755.1_Esch_coli_KOEGE_58_171a_V1_genomic.fna.gz,../ecoli_genomes/GCF_000460055.1_Esch_coli_UMEA_3053-1_V1_genomic.fna.gz,../ecoli_genomes/GCF_000462165.2_ASM46216v2_genomic.fna.gz,../ecoli_genomes/GCF_000601135.1_ASM60113v1_genomic.fna.gz,../ecoli_genomes/GCF_000614595.1_Ec2010EL1058_genomic.fna.gz,../ecoli_genomes/GCF_000617745.1_Ec2010C-4529_genomic.fna.gz,../ecoli_genomes/GCF_000618265.2_EcF6751_genomic.fna.gz,../ecoli_genomes/GCF_000619005.2_Ec2009C-4052_genomic.fna.gz,../ecoli_genomes/GCF_000619105.1_Ec2009C-4780_genomic.fna.gz,../ecoli_genomes/GCF_000619765.2_Ec2009C-3279_genomic.fna.gz,../ecoli_genomes/GCF_000687005.1_ASM68700v1_genomic.fna.gz,../ecoli_genomes/GCF_000687025.1_ASM68702v1_genomic.fna.gz,../ecoli_genomes/GCF_000700125.1_ASM70012v1_genomic.fna.gz,../ecoli_genomes/GCF_000753315.1_FHI35_genomic.fna.gz,../ecoli_genomes/GCF_000776375.1_ASM77637v1_genomic.fna.gz,../ecoli_genomes/GCF_000779395.1_ASM77939v1_genomic.fna.gz,../ecoli_genomes/GCF_000780315.1_ASM78031v1_genomic.fna.gz,../ecoli_genomes/GCF_000781995.1_ASM78199v1_genomic.fna.gz,../ecoli_genomes/GCF_000986765.1_ASM98676v1_genomic.fna.gz,../ecoli_genomes/GCF_001041375.1_ViralProj287958_genomic.fna.gz,../ecoli_genomes/GCF_001265335.1_302014_genomic.fna.gz,../ecoli_genomes/GCF_001265625.1_100854_genomic.fna.gz,../ecoli_genomes/GCF_001267345.1_303289_genomic.fna.gz,../ecoli_genomes/GCF_001309985.1_ASM130998v1_genomic.fna.gz,../ecoli_genomes/GCF_001521695.1_ASM152169v1_genomic.fna.gz,../ecoli_genomes/GCF_001592595.1_ASM159259v1_genomic.fna.gz,../ecoli_genomes/GCF_001614975.1_ASM161497v1_genomic.fna.gz,../ecoli_genomes/GCF_001692775.1_ASM169277v1_genomic.fna.gz,../ecoli_genomes/GCF_001748915.1_ASM174891v1_genomic.fna.gz,../ecoli_genomes/GCF_001749235.1_ASM174923v1_genomic.fna.gz,../ecoli_genomes/GCF_001881155.1_ASM188115v1_genomic.fna.gz,../ecoli_genomes/GCF_001881345.1_ASM188134v1_genomic.fna.gz,../ecoli_genomes/GCF_001892405.1_ASM189240v1_genomic.fna.gz,../ecoli_genomes/GCF_001892585.1_ASM189258v1_genomic.fna.gz,../ecoli_genomes/GCF_001893985.1_ASM189398v1_genomic.fna.gz,../ecoli_genomes/GCF_002001595.1_ASM200159v1_genomic.fna.gz,../ecoli_genomes/GCF_002002145.1_ASM200214v1_genomic.fna.gz
1.0,0.8499921045614444,0.818293568363903,0.8355237257898877,0.8301482687790475,0.8217246108084115,0.8416904671464048,0.8359410319628124,0.8100512735225118,0.8390413867134787,0.8435065826997739,0.8357992899782195,0.8458560296156655,0.8278842900857036,0.8307843793800799,0.8425335406044363,0.7846603319319564,0.8437364193121677,0.8283449153563813,0.8415174411142612,0.8390380119484133,0.8174044507916225,0.8484497993597054,0.7930998484208749,0.7894961221735933,0.8090641429300879,0.849481296036984,0.827258622497645,0.819053496035329,0.8275916918851134,0.8199887038217892,0.8358625093153269,0.0466250140335438,0.8418867881106209,0.8193723715424088,0.8280194362160849,0.8341827753752273,0.8434037302188601,0.8038974412293122,0.8497938895697457,0.8326722952553484,0.8346172362915105,0.8489775954091484,0.8351092592357907,0.8344794847814512,0.8036134858884374,0.8380710025686005,0.8374309454227438,0.8226147521966577,0.8292083460915374
0.8499921045614444,1.0,0.8004503443911066,0.836570001335047,0.8489199933590361,0.8741948164559623,0.8502324578097821,0.8216183473261162,0.7691162447147567,0.8399063576226979,0.8674065928225074,0.8346713401208494,0.8564591103298489,0.8231532906505584,0.8288523806366839,0.8507466799081898,0.8162632102243423,0.8749073456274427,0.845370981618819,0.8499662046518934,0.8596233827208317,0.8262188121566936,0.8619840773941984,0.8344479745594684,0.8341749486314861,0.8555341693523782,0.8667538977922806,0.8127475071251311,0.7997648334539189,0.7918343216320589,0.819782044188343,0.8418940309696801,0.046513695692837365,0.8477468724722972,0.8807444139587962,0.8271897096127857,0.8402539944487707,0.8649168425615676,0.7941995843961142,0.8679160807726499,0.832996900275256,0.8763152905863384,0.8648441013747031,0.829079972215891,0.8259820861484587,0.7802934962439149,0.8830294079533862,0.8829899340526184,0.8179170466745558,0.8077267154726788
0.818293568363903,0.8004503443911066,1.0,0.7971364955514928,0.7884108875353038,0.7678293963585849,0.8059305771130902,0.8029464247227732,0.793850285147657,0.7992004042164973,0.792522699282171,0.7944668874809824,0.80097215206784,0.8014372385619706,0.799359361034973,0.8047061453386886,0.7277681678701455,0.8009044197526991,0.788450045132581,0.8099639504539116,0.8106777238199859,0.7882287806890093,0.8128875181977492,0.7296415264762424,0.7367102267400858,0.7548571441078977,0.8070176917830544,0.8054065582843221,0.8083227959496038,0.8043069323890253,0.7909970109358517,0.8015361936083752,0.05183299132059238,0.8053013490090711,0.7656930218438248,0.8025367119092619,0.8057673339234614,0.8055102126514908,0.771737178849178,0.8104416571518839,0.7956171218788264,0.7798049943172707,0.8094707836763109,0.8066226737351967,0.8037512606377483,0.7975834019350366,0.7936553951569936,0.7918572434130976,0.807146443274732,0.8137719462189659
0.8355237257898877,0.836570001335047,0.7971364955514928,1.0,0.8201230168552684,0.8167797743135766,0.8250346915247309,0.8621100682353904,0.7687651944106753,0.8797743019969928,0.8289096528767361,0.8686836520103711,0.8280266990411222,0.8834702984347831,0.8900921999554791,0.8293321184845763,0.7823602701796936,0.8322737808095688,0.8128255448486752,0.8256127231264142,0.8259447615623261,0.7969279256683899,0.8292069664888029,0.7923389701290227,0.7885880163438295,0.8088120270421932,0.8318638270470413,0.8649953283606444,0.8006304927511789,0.78723760720248,0.86504635686793,0.8188557064811588,0.04330418767305566,0.8149723422098278,0.8162520945017963,0.8499865914289111,0.8182568863590508,0.8219392517816533,0.8322952145088403,0.8326420410804795,0.8810119059021336,0.8277117173217923,0.8250921802411462,0.878507577325559,0.8666402049918394,0.7808524067608529,0.8261093825789239,0.8267827719246044,0.8519144231772937,0.8074432386933159
0.8301482687790475,0.8489199933590361,0.7884108875353038,0.8201230168552684,1.0,0.8346737899837745,0.8296145782557964,0.8126339235959159,0.7720683311288932,0.8193348671642205,0.8621319588345651,0.8169825095610854,0.8563331011355172,0.8077322005531924,0.8164865146881164,0.8348428732476548,0.7985159093948516,0.8514085172633508,0.8326799148354299,0.8281238107573935,0.8475752298791062,0.8217482202162654,0.8491229679599621,0.8042242412890062,0.8025598790600994,0.8247796587634114,0.8542470211308403,0.8014130008511522,0.7957196940405067,0.7923649547888116,0.8025762211855937,0.8514068444562695,0.044654122827404774,0.8455607014783448,0.8299098778764464,0.8087720202962643,0.8248200772957257,0.8616501999255664,0.7912866612518339,0.8589503963904469,0.8177981657336327,0.8380432816839458,0.8585717199990535,0.8126861031616271,0.8110936773591102,0.7790152303940385,0.8501160798120435,0.8500347842590634,0.8027840523294032,0.801579035829334
0.8217246108084115,0.8741948164559623,0.7678293963585849,0.8167797743135766,0.8346737899837745,1.0,0.8310629879124853,0.796785671718575,0.7295843107979353,0.8098276511349658,0.8576233595817491,0.8119967944203554,0.8298410793511074,0.7929342325185232,0.7997934804926965,0.8271814618867402,0.8334255032678154,0.8586332702749861,0.8280637373310771,0.823195193100718,0.8321503280372156,0.8227824274674383,0.8346233385274763,0.8573869161960997,0.8534244592284769,0.8651661976730283,0.8422877404255852,0.7798123804914922,0.7624069692990328,0.7493277074570142,0.7902616729268549,0.8192736127291054,0.04187280944127336,0.82135385467931,0.8880632008452038,0.7980949597933411,0.8150687591889567,0.8392841322038748,0.7797380920277499,0.8387095777131095,0.8059784218562671,0.87566401051302,0.8403706904132138,0.7985534405118606,0.7934041388610229,0.7428786581412281,0.8660810768434893,0.8680704530105084,0.7836616953598574,0.7750399522668001
0.8416904671464048,0.8502324578097821,0.8059305771130902,0.8250346915247309,0.8296145782557964,0.8310629879124853,1.0,0.8173053954111346,0.7865954766086212,0.823040506194243,0.8430254690227322,0.8191361668135789,0.8426249628305278,0.8160383472279389,0.8189309791346784,0.9316285876626249,0.7809674389929641,0.8584796984429646,0.8376638124175212,0.9593116557318302,0.8593628386246899,0.8294369700616719,0.8571799887159999,0.7906217136478226,0.7917883796552552,0.8170486841015017,0.8510036219489809,0.8104702908361702,0.8010161952572712,0.8061685665331405,0.8065646255275839,0.8326425565175964,0.051215208388379785,0.8416266189380024,0.8324277987880327,0.8258153344484351,0.9415140090211261,0.8421169616923394,0.7960937647380874,0.8504769337219541,0.8179264770949997,0.8413451090731225,0.8484100255578032,0.8213478034157338,0.8165994137448035,0.7918664203978159,0.8443374579497187,0.8438590443701449,0.8112483593210105,0.8142588235523378
0.8359410319628124,0.8216183473261162,0.8029464247227732,0.8621100682353904,0.8126339235959159,0.796785671718575,0.8173053954111346,1.0,0.7953073629355044,0.8675937159715443,0.8084402834691531,0.8584427368690035,0.8222171947265384,0.862161205108728,0.8661006763305042,0.8146785588043978,0.7567489213012466,0.8191771783879553,0.8047158916859445,0.8171605917335416,0.8182070908900994,0.7971106339784418,0.8245911345751362,0.7598521177975518,0.7640065728955088,0.7804709905341622,0.821344456011766,0.9110296012385519,0.8182992034805827,0.8061694095045628,0.8577869709795469,0.8164579238196353,0.04546348938925682,0.8191394093575081,0.7888475359611684,0.8495086590731126,0.809607285488936,0.8236968669298157,0.8337016482998031,0.8280230756144418,0.8643063035062086,0.8049520503290019,0.8231468726112731,0.9142757430937839,0.9033394567101504,0.803267844325382,0.8100169239144726,0.8086955696260645,0.8610609589701296,0.8223297973108374
0.8100512735225118,0.7691162447147567,0.793850285147657,0.7687651944106753,0.7720683311288932,0.7295843107979353,0.7865954766086212,0.7953073629355044,1.0,0.7831439709596749,0.7621566865050053,0.7714510746111567,0.7869897313355425,0.785282661176241,0.7842920106489853,0.7852853479550915,0.6893313901975416,0.7721592986698713,0.7700731545579232,0.7924842551165204,0.7855327665503594,0.7724748505522714,0.7937960404111566,0.6910639670448755,0.7008525519181465,0.7106300326225622,0.7813687783123505,0.7980340301937106,0.8180013095126586,0.8441700921693049,0.7783871717738833,0.786234498200028,0.057412712980410174,0.7925697275630854,0.7245236481734629,0.7942194918510117,0.7886470998034222,0.7815172297597751,0.757895037079753,0.7879680975416389,0.777697069373445,0.7460715034810466,0.7870837617889492,0.7919607207222205,0.789317122153969,0.8157151992467314,0.7600651440056704,0.7574319501812067,0.7869078840673158,0.8192769116776268
0.8390413867134787,0.8399063576226979,0.7992004042164973,0.8797743019969928,0.8193348671642205,0.8098276511349658,0.823040506194243,0.8675937159715443,0.7831439709596749,1.0,0.8301456080887359,0.865112884124154,0.8334886367257817,0.8728129271870461,0.8733396147232156,0.8260125360593348,0.7695123650101643,0.8317625651566894,0.8103737717895487,0.8234972641405265,0.8254950021619313,0.7981028228096224,0.8278967271682378,0.7817104190210359,0.7788104416962203,0.799308329606647,0.8324291588778858,0.8675677303863751,0.8101705695614844,0.7979392955876968,0.871447738839811,0.8133994871397512,0.04565197022022838,0.8200296337588261,0.8113394308897773,0.8607213946066063,0.8162559947841281,0.8269518685999675,0.8335314975408289,0.8336138307232149,0.8827205125570874,0.8257271982226808,0.8319715617974276,0.8785353126107209,0.8724814131333058,0.7881696205321828,0.8274282749215097,0.8263591192830178,0.8655136928811928,0.8121126662727631
0.8435065826997739,0.8674065928225074,0.792522699282171,0.8289096528767361,0.8621319588345651,0.8576233595817491,0.8430254690227322,0.8084402834691531,0.7621566865050053,0.8301456080887359,1.0,0.8184887675981346,0.8760159747716666,0.8119346347214644,0.8162804190712576,0.8452200757436088,0.8138662454545574,0.8830186500752248,0.8486028422024549,0.8407113481227483,0.8625340988331343,0.8386268844362931,0.8638080638853577,0.8313792112760354,0.8171093318831563,0.8521466163548167,0.8786057215306118,0.8006788260087615,0.7849237345180728,0.7874520657571982,0.806815413314186,0.8480357310622688,0.041790183524797575,0.8520020473282662,0.8625182623045589,0.8163448115497749,0.8339823551190766,0.8664648467749723,0.7850175342505904,0.8813431824476323,0.8188044868810425,0.8774560467383137,0.8821438259136877,0.8146196312758056,0.8096081417313583,0.7678096875617201,0.8726994329192213,0.8723643621448087,0.8053194057930274,0.7965433282956245
0.8357992899782195,0.8346713401208494,0.7944668874809824,0.8686836520103711,0.8169825095610854,0.8119967944203554,0.8191361668135789,0.8584427368690035,0.7714510746111567,0.865112884124154,0.8184887675981346,1.0,0.8206003409657776,0.8582542102427736,0.8802861095510816,0.8188636543742334,0.7770519050574964,0.8248522744179878,0.8030389673744833,0.8182580012458296,0.8235465183023266,0.7928148919764247,0.824006973184656,0.7822324409245489,0.781803813223215,0.7986822899159517,0.8252360266618821,0.8536330569635309,0.8043126082371548,0.7870541816034322,0.8520100272343658,0.8143401448673036,0.04303871723617125,0.8181511783525341,0.8073313205172701,0.8391423092293943,0.8118065940023347,0.8235873649121241,0.8260447442327892,0.8273837255002634,0.8595761786724618,0.8210504867906948,0.8250220533304212,0.8659601150571753,0.8601662060919621,0.7841482714880215,0.8257081413081024,0.8244947688624367,0.8452849505909676,0.8042194168687771
0.8458560296156655,0.8564591103298489,0.80097215206784,0.8280266990411222,0.8563331011355172,0.8298410793511074,0.8426249628305278,0.8222171947265384,0.7869897313355425,0.8334886367257817,0.8760159747716666,0.8206003409657776,1.0,0.8220108483165265,0.8264459933763868,0.8474579786042302,0.785762476935374,0.8780114912115055,0.8765862922208697,0.8433772676433654,0.8757131105626191,0.8565664200563103,0.8871423048312157,0.7970720343617629,0.7909298621324485,0.8194796182111936,0.8924903617239992,0.8169072377988189,0.8064630058504907,0.8110559318142762,0.8121098876059921,0.8666690247507889,0.045282279569397677,0.8691904651196082,0.8355664778396581,0.8238377840002544,0.839427329925857,0.8731098767118675,0.7938578671726536,0.8861218242942868,0.8229790421020937,0.853427544796791,0.8874957783740789,0.824740587696272,0.8198567513224861,0.7897428554779049,0.854351231447301,0.8534055759861672,0.8149851290731792,0.8154926391914614
0.8278842900857036,0.8231532906505584,0.8014372385619706,0.8834702984347831,0.8077322005531924,0.7929342325185232,0.8160383472279389,0.862161205108728,0.785282661176241,0.8728129271870461,0.8119346347214644,0.8582542102427736,0.8220108483165265,1.0,0.8894179781063181,0.8175951844218122,0.753751024261095,0.8195141224385585,0.8064081736815013,0.8181494059765654,0.8164489074083465,0.7929263769131386,0.8213915919432745,0.7611237390334296,0.7631799318795713,0.7808852917005304,0.8230844152485725,0.8744174763533608,0.8176186645610563,0.8001197817732888,0.8657675546680725,0.8128967505442146,0.04344339328789293,0.8143178734595466,0.7920055487268103,0.847389217868273,0.8106585435554691,0.8194955804587232,0.8297335549479978,0.8263671899478653,0.8714381494470842,0.8090880026436806,0.8209437519408985,0.8785484734857998,0.8704272602024956,0.7994033479459813,0.8104470771360932,0.8098651029814704,0.8596946903009947,0.820351566706594
0.8307843793800799,0.8288523806366839,0.799359361034973,0.8900921999554791,0.8164865146881164,0.7997934804926965,0.8189309791346784,0.8661006763305042,0.7842920106489853,0.8733396147232156,0.8162804190712576,0.8802861095510816,0.8264459933763868,0.8894179781063181,1.0,0.8212792274604339,0.7649714034033115,0.8245460736399425,0.8087942855087564,0.8204817042271555,0.822292964843906,0.7966800509693,0.8265734066320298,0.7689557942488549,0.7722537665615437,0.7888124450998778,0.8252120977577285,0.8680328032027672,0.8105851044889256,0.7975140598955643,0.869483396707802,0.8194732547376131,0.04533890528364226,0.8160149723062298,0.8000084341558752,0.8496245651687648,0.8129787688900746,0.822971916714887,0.8274924871786534,0.8305251512920765,0.8765992230498775,0.8147221594008585,0.8251030142304268,0.8760790331704914,0.8704331349468103,0.7981466157956013,0.8197652166543785,0.8194017078664327,0.8567860987804078,0.8211515843677266
0.8425335406044363,0.8507466799081898,0.8047061453386886,0.8293321184845763,0.8348428732476548,0.8271814618867402,0.9316285876626249,0.8146785588043978,0.7852853479550915,0.8260125360593348,0.8452200757436088,0.8188636543742334,0.8474579786042302,0.8175951844218122,0.8212792274604339,1.0,0.783787750846938,0.8528928611548896,0.8401904668402492,0.937131182807687,0.8555650978471597,0.82474027048616,0.8540534377698361,0.7944078220196267,0.794107473752721,0.818932611017711,0.8493173437599488,0.8092118314582276,0.7988888988707781,0.8073480053359446,0.809227274007472,0.8354021492799468,0.05150051524179511,0.8383935366371931,0.8326676233515109,0.8213191340658796,0.9329896417400944,0.8427697893471743,0.7914017540916787,0.8492936604198812,0.8188768869101676,0.8399035708594601,0.848250192624946,0.8203182283273944,0.8154285885604757,0.7891202500789662,0.8434048681648187,0.8426398723804369,0.8100024744697136,0.8107042879072633
0.7846603319319564,0.8162632102243423,0.7277681678701455,0.7823602701796936,0.7985159093948516,0.8334255032678154,0.7809674389929641,0.7567489213012466,0.6893313901975416,0.7695123650101643,0.8138662454545574,0.7770519050574964,0.785762476935374,0.753751024261095,0.7649714034033115,0.783787750846938,1.0,0.8103263305698697,0.780364147141496,0.7773850498750412,0.7851621326973752,0.7642702705331963,0.785698044845259,0.8820314163209229,0.875263862395017,0.8721345503975232,0.7936008867737112,0.7411187185870975,0.7182210820128345,0.7113582357288093,0.7549494486420747,0.7985224043629768,0.038179280909147795,0.7786586472759599,0.8341875044436299,0.7558732344836492,0.7725740562803833,0.7874248725060318,0.7653952954873122,0.7992258324068531,0.7677188957736135,0.8274598260735664,0.79445169179006,0.763725599524449,0.7593968777118574,0.7048730082133641,0.8287159162239462,0.8311948502376187,0.7411608804533387,0.7324377334446455
0.8437364193121677,0.8749073456274427,0.8009044197526991,0.8322737808095688,0.8514085172633508,0.8586332702749861,0.8584796984429646,0.8191771783879553,0.7721592986698713,0.8317625651566894,0.8830186500752248,0.8248522744179878,0.8780114912115055,0.8195141224385585,0.8245460736399425,0.8528928611548896,0.8103263305698697,1.0,0.8753186623764431,0.8547414999264553,0.8844693808360412,0.8555779451598244,0.8843344773764963,0.8231160357044537,0.8157504640594597,0.8448741634672202,0.8873286026918951,0.8090362716472149,0.7967560501106065,0.796587858362689,0.8109881062607418,0.8568286392564921,0.04729095951172424,0.8659473732757844,0.8607314043339609,0.8286800081153877,0.8470808501938892,0.868437019722665,0.794945081674733,0.8826220099468618,0.8228074110453389,0.8747818953158604,0.8843691954909266,0.8234641388487915,0.8181338329788159,0.7774611529449182,0.871855909078869,0.8722350117050366,0.8091317932425827,0.8094926336448002
0.8283449153563813,0.845370981618819,0.788450045132581,0.8128255448486752,0.8326799148354299,0.8280637373310771,0.8376638124175212,0.8047158916859445,0.7700731545579232,0.8103737717895487,0.8486028422024549,0.8030389673744833,0.8765862922208697,0.8064081736815013,0.8087942855087564,0.8401904668402492,0.780364147141496,0.8753186623764431,1.0,0.8361215621327496,0.8666004438314149,0.857673744279608,0.8690706364107958,0.7884228107101279,0.7911406928220658,0.809940638604012,0.8658515446046205,0.7959254231774926,0.7898103779108889,0.7937583234374634,0.7942821495040238,0.8550382998321675,0.04645569789624182,0.8494096247382268,0.8260598936547847,0.8078835618475484,0.8332193673463004,0.8516357150175352,0.779392154384182,0.8633457008293132,0.8034695889685605,0.8388227202541023,0.8603138462153107,0.8072383230158368,0.8027926019954528,0.7774923197908965,0.8402613730937529,0.8396156193742085,0.7983500259207164,0.7997816639669079
0.8415174411142612,0.8499662046518934,0.8099639504539116,0.8256127231264142,0.8281238107573935,0.823195193100718,0.9593116557318302,0.8171605917335416,0.7924842551165204,0.8234972641405265,0.8407113481227483,0.8182580012458296,0.8433772676433654,0.8181494059765654,0.8204817042271555,0.937131182807687,0.7773850498750412,0.8547414999264553,0.8361215621327496,1.0,0.8595306873830577,0.8244200724387581,0.8561073222577256,0.7855069002173637,0.7877902075210715,0.8132902345593986,0.8498861401594207,0.812583549296495,0.8039617180831881,0.810196984799656,0.8083607006658022,0.8338923417411461,0.05245152981630441,0.8415382982260684,0.8281509257727344,0.8255589859070586,0.9454051614772531,0.8425168019797276,0.7938581540163275,0.8512317796883763,0.8176066526007617,0.8373018688169084,0.8484405560808684,0.821989763125706,0.8164611741636575,0.7965102390009309,0.8419959043427174,0.8414196282955931,0.8126865774152369,0.8175748119560025
0.8390380119484133,0.8596233827208317,0.8106777238199859,0.8259447615623261,0.8475752298791062,0.8321503280372156,0.8593628386246899,0.8182070908900994,0.7855327665503594,0.8254950021619313,0.8625340988331343,0.8235465183023266,0.8757131105626191,0.8164489074083465,0.822292964843906,0.8555650978471597,0.7851621326973752,0.8844693808360412,0.8666004438314149,0.8595306873830577,1.0,0.8540001749820813,0.8871868587531789,0.7904256739776601,0.7915086830865984,0.8191969418817167,0.8787146026752172,0.8131113745346875,0.808556403015423,0.8099906964141249,0.809891970840023,0.8574174913088669,0.04925980576694422,0.8731609525062407,0.8343660800049435,0.8302813661567425,0.8522148125480582,0.8707986494464248,0.7934869015390144,0.8807917776447132,0.8189886127677065,0.8447184582847265,0.8762051613465951,0.8226647526104729,0.8189081839326986,0.7950090241394567,0.8579132148427128,0.8571979115637277,0.8132731272899067,0.8192581348236212
0.8174044507916225,0.8262188121566936,0.7882287806890093,0.7969279256683899,0.8217482202162654,0.8227824274674383,0.8294369700616719,0.7971106339784418,0.7724748505522714,0.7981028228096224,0.8386268844362931,0.7928148919764247,0.8565664200563103,0.7929263769131386,0.7966800509693,0.82474027048616,0.7642702705331963,0.8555779451598244,0.857673744279608,0.8244200724387581,0.8540001749820813,1.0,0.8873873145722473,0.766420702340954,0.7814854772019002,0.790061732205973,0.8489281576302837,0.7911109139720756,0.7895839803023534,0.7924073865509931,0.7855825876359368,0.8491078547885911,0.04790462055188749,0.8652760346564541,0.8070766062856733,0.8003467180926088,0.8226660624276806,0.8441818244827474,0.7700609941620524,0.8526514726102226,0.7898720206720866,0.8145158549038533,0.8471722902084475,0.7993833604184392,0.7967404168337121,0.7786703323736284,0.8230056571960421,0.8223678333352504,0.792708108456717,0.7985014093369293
0.8484497993597054,0.8619840773941984,0.8128875181977492,0.8292069664888029,0.8491229679599621,0.8346233385274763,0.8571799887159999,0.8245911345751362,0.7937960404111566,0.8278967271682378,0.8638080638853577,0.824006973184656,0.8871423048312157,0.8213915919432745,0.8265734066320298,0.8540534377698361,0.785698044845259,0.8843344773764963,0.8690706364107958,0.8561073222577256,0.8871868587531789,0.8873873145722473,1.0,0.7918974773894366,0.7922115967161929,0.8158274697564974,0.8862131090558442,0.8183973316822716,0.8181365535741814,0.8162994797275749,0.812570532008003,0.8670481233188595,0.049977374697029786,0.8989885963773516,0.834023643709917,0.8313861312968086,0.8522068385420141,0.8739128016228431,0.7968904668137136,0.8842618332359236,0.8200578065895406,0.8450296500105952,0.88003300963716,0.8280578206397069,0.8246398786869863,0.7989270476517903,0.8537008892019567,0.8533163584253363,0.819459427098988,0.824419657839654
0.7930998484208749,0.8344479745594684,0.7296415264762424,0.7923389701290227,0.8042242412890062,0.8573869161960997,0.7906217136478226,0.7598521177975518,0.6910639670448755,0.7817104190210359,0.8313792112760354,0.7822324409245489,0.7970720343617629,0.7611237390334296,0.7689557942488549,0.7944078220196267,0.8820314163209229,0.8231160357044537,0.7884228107101279,0.7855069002173637,0.7904256739776601,0.766420702340954,0.7918974773894366,1.0,0.8731228500514557,0.8814850887377144,0.8083547676367561,0.7436187187111707,0.7188946098819099,0.7124905186007455,0.7597809598042964,0.786536712934182,0.03821796618851725,0.7798778880013202,0.8737624381323977,0.7599172209594529,0.7801874160318915,0.7953416318639699,0.7592466798207158,0.8029182236580978,0.7779935091303074,0.8507643317971055,0.802823268883817,0.7664219998767104,0.7608540784796397,0.7017957973244733,0.8371565676654944,0.8391390708571531,0.7467440408358783,0.7318169376781565
0.7894961221735933,0.8341749486314861,0.7367102267400858,0.7885880163438295,0.8025598790600994,0.8534244592284769,0.7917883796552552,0.7640065728955088,0.7008525519181465,0.7788104416962203,0.8171093318831563,0.781803813223215,0.7909298621324485,0.7631799318795713,0.7722537665615437,0.794107473752721,0.875263862395017,0.8157504640594597,0.7911406928220658,0.7877902075210715,0.7915086830865984,0.7814854772019002,0.7922115967161929,0.8731228500514557,1.0,0.8645835334892243,0.7995770034280887,0.7475114979654174,0.7272435655367158,0.7186354503494171,0.7653212976313045,0.803717689990266,0.038009749220691336,0.7835914435106335,0.8515106691228518,0.7635479840159902,0.7821645851704598,0.7998349178877947,0.7671348200983146,0.8051049713468772,0.7760089205617059,0.8341653048967078,0.7991540087513288,0.7720532479362521,0.7679938282686423,0.7151466901236803,0.831619884518485,0.8340449047623394,0.7535464222860725,0.7397598525036331
0.8090641429300879,0.8555341693523782,0.7548571441078977,0.8088120270421932,0.8247796587634114,0.8651661976730283,0.8170486841015017,0.7804709905341622,0.7106300326225622,0.799308329606647,0.8521466163548167,0.7986822899159517,0.8194796182111936,0.7808852917005304,0.7888124450998778,0.818932611017711,0.8721345503975232,0.8448741634672202,0.809940638604012,0.8132902345593986,0.8191969418817167,0.790061732205973,0.8158274697564974,0.8814850887377144,0.8645835334892243,1.0,0.827271799189096,0.7648007602036512,0.7418037614738962,0.7360823787306291,0.7795308825369489,0.8090150408007484,0.039344040270750336,0.8010702912575189,0.8770196341922317,0.7835823106973318,0.8069824637109089,0.8201247234454317,0.7727093528293341,0.8309291794567097,0.796242915664831,0.8687751809154431,0.8249008404750298,0.7870049999353282,0.7808897196062534,0.7239601191061991,0.8622920350330471,0.8641787405051504,0.7711006053968452,0.7539659208154483
0.849481296036984,0.8667538977922806,0.8070176917830544,0.8318638270470413,0.8542470211308403,0.8422877404255852,0.8510036219489809,0.821344456011766,0.7813687783123505,0.8324291588778858,0.8786057215306118,0.8252360266618821,0.8924903617239992,0.8230844152485725,0.8252120977577285,0.8493173437599488,0.7936008867737112,0.8873286026918951,0.8658515446046205,0.8498861401594207,0.8787146026752172,0.8489281576302837,0.8862131090558442,0.8083547676367561,0.7995770034280887,0.827271799189096,1.0,0.8140932389240254,0.8037312007210358,0.8043703503768228,0.8161466671286222,0.860077365919049,0.04625344232912054,0.8708590518825738,0.8471220738406873,0.8243945959168255,0.8430415923064483,0.8897522375378143,0.7922183453774092,0.8865481032946643,0.8248630087606156,0.8629903443085732,0.9048490750670488,0.8258921922438252,0.8175740725787881,0.7887812990117413,0.8609413783197873,0.860004315319255,0.8151250888846342,0.8140391340221036
0.827258622497645,0.8127475071251311,0.8054065582843221,0.8649953283606444,0.8014130008511522,0.7798123804914922,0.8104702908361702,0.9110296012385519,0.7980340301937106,0.8675677303863751,0.8006788260087615,0.8536330569635309,0.8169072377988189,0.8744174763533608,0.8680328032027672,0.8092118314582276,0.7411187185870975,0.8090362716472149,0.7959254231774926,0.812583549296495,0.8131113745346875,0.7911109139720756,0.8183973316822716,0.7436187187111707,0.7475114979654174,0.7648007602036512,0.8140932389240254,1.0,0.8229733012785133,0.8072807343609726,0.859924102430363,0.8102036078723902,0.047431908497383324,0.810289340205538,0.774270712019467,0.8487478456665261,0.8044439704927313,0.8134334681957855,0.8320807689063905,0.8197406003859371,0.8628329309812081,0.7922875524640725,0.8132236546904685,0.9408324379241825,0.9275299855926356,0.8052304172984961,0.8007101884485661,0.7988718462868457,0.8690839790944966,0.8215486771027581
0.819053496035329,0.7997648334539189,0.8083227959496038,0.8006304927511789,0.7957196940405067,0.7624069692990328,0.8010161952572712,0.8182992034805827,0.8180013095126586,0.8101705695614844,0.7849237345180728,0.8043126082371548,0.8064630058504907,0.8176186645610563,0.8105851044889256,0.7988888988707781,0.7182210820128345,0.7967560501106065,0.7898103779108889,0.8039617180831881,0.808556403015423,0.7895839803023534,0.8181365535741814,0.7188946098819099,0.7272435655367158,0.7418037614738962,0.8037312007210358,0.8229733012785133,1.0,0.8182057063818884,0.8054726702164755,0.807252054475393,0.053719922900527295,0.8118460864353164,0.7542974331716144,0.8154764638046497,0.8006867364096419,0.8056671240400578,0.7812292517194358,0.8083321295103213,0.8050017119146365,0.7693740155418656,0.8037740244740279,0.8186556489682096,0.8202877272599156,0.8333882523747986,0.7845181148292419,0.7826700246350915,0.8165885583698675,0.8867389178755178
0.8275916918851134,0.7918343216320589,0.8043069323890253,0.78723760720248,0.7923649547888116,0.7493277074570142,0.8061685665331405,0.8061694095045628,0.8441700921693049,0.7979392955876968,0.7874520657571982,0.7870541816034322,0.8110559318142762,0.8001197817732888,0.7975140598955643,0.8073480053359446,0.7113582357288093,0.796587858362689,0.7937583234374634,0.810196984799656,0.8099906964141249,0.7924073865509931,0.8162994797275749,0.7124905186007455,0.7186354503494171,0.7360823787306291,0.8043703503768228,0.8072807343609726,0.8182057063818884,1.0,0.7922483469295849,0.8068308418632077,0.0570684250792769,0.8131337559598296,0.7480425152854937,0.8082651730553174,0.8055501635644589,0.8019489497249073,0.777269921846431,0.8108221848411779,0.7918189594472625,0.7702867234519284,0.8094486297477762,0.8046104419180576,0.8039278317798259,0.8210331530541776,0.7857151135147636,0.7832291026013338,0.8016868265032937,0.8210196278250894
0.8199887038217892,0.819782044188343,0.7909970109358517,0.86504635686793,0.8025762211855937,0.7902616729268549,0.8065646255275839,0.8577869709795469,0.7783871717738833,0.871447738839811,0.806815413314186,0.8520100272343658,0.8121098876059921,0.8657675546680725,0.869483396707802,0.809227274007472,0.7549494486420747,0.8109881062607418,0.7942821495040238,0.8083607006658022,0.809891970840023,0.7855825876359368,0.812570532008003,0.7597809598042964,0.7653212976313045,0.7795308825369489,0.8161466671286222,0.859924102430363,0.8054726702164755,0.7922483469295849,1.0,0.8102276699231836,0.04690646004724741,0.8078825528137724,0.7867671614669112,0.8445703890434106,0.8023747610460448,0.8146797430508717,0.8204214924185114,0.8194338762522924,0.8931659798163117,0.8034596195832355,0.811896073993006,0.8670957968239691,0.8588208589398936,0.7915240166721769,0.8103098209995329,0.8088890242543589,0.8522625967818198,0.8076478293872164
0.8358625093153269,0.8418940309696801,0.8015361936083752,0.8188557064811588,0.8514068444562695,0.8192736127291054,0.8326425565175964,0.8164579238196353,0.786234498200028,0.8133994871397512,0.8480357310622688,0.8143401448673036,0.8666690247507889,0.8128967505442146,0.8194732547376131,0.8354021492799468,0.7985224043629768,0.8568286392564921,0.8550382998321675,0.8338923417411461,0.8574174913088669,0.8491078547885911,0.8670481233188595,0.786536712934182,0.803717689990266,0.8090150408007484,0.860077365919049,0.8102036078723902,0.807252054475393,0.8068308418632077,0.8102276699231836,1.0,0.047741860652721124,0.8582166942574595,0.8119042223084451,0.814680844220281,0.8328449884281519,0.8622661408032606,0.7965509576367447,0.8661402193120336,0.8127703058902572,0.8295854066067591,0.8620107741316918,0.8175767001001395,0.8162559099671282,0.7989791315426932,0.8445823251183363,0.8445010032314537,0.8044282883846011,0.8165611401136553
0.0466250140335438,0.046513695692837365,0.05183299132059238,0.04330418767305566,0.044654122827404774,0.04187280944127336,0.051215208388379785,0.04546348938925682,0.057412712980410174,0.04565197022022838,0.041790183524797575,0.04303871723617125,0.045282279569397677,0.04344339328789293,0.04533890528364226,0.05150051524179511,0.038179280909147795,0.04729095951172424,0.04645569789624182,0.05245152981630441,0.04925980576694422,0.04790462055188749,0.049977374697029786,0.03821796618851725,0.038009749220691336,0.039344040270750336,0.04625344232912054,0.047431908497383324,0.053719922900527295,0.0570684250792769,0.04690646004724741,0.047741860652721124,1.0,0.04767777048140476,0.044091798469177435,0.04843821852933028,0.05165242453636654,0.04704087855389283,0.04190494757136187,0.046893131249481246,0.04921928655509067,0.04293415785306787,0.04650247216433745,0.043107877817957774,0.044082757413214546,0.05073131722857471,0.045121335211992575,0.044684189244631356,0.046733785254753024,0.05556276538229343
0.8418867881106209,0.8477468724722972,0.8053013490090711,0.8149723422098278,0.8455607014783448,0.82135385467931,0.8416266189380024,0.8191394093575081,0.7925697275630854,0.8200296337588261,0.8520020473282662,0.8181511783525341,0.8691904651196082,0.8143178734595466,0.8160149723062298,0.8383935366371931,0.7786586472759599,0.8659473732757844,0.8494096247382268,0.8415382982260684,0.8731609525062407,0.8652760346564541,0.8989885963773516,0.7798778880013202,0.7835914435106335,0.8010702912575189,0.8708590518825738,0.810289340205538,0.8118460864353164,0.8131337559598296,0.8078825528137724,0.8582166942574595,0.04767777048140476,1.0,0.8204223717267792,0.8245097628682294,0.8376316982793596,0.8624669979596595,0.7922963778519421,0.8715351180378277,0.8120226671634876,0.8354055944624931,0.8740984116854611,0.8180694366793859,0.8152785602752339,0.7966398031677101,0.8420523058960205,0.840510576017255,0.8104149140151705,0.8188953376405974
0.8193723715424088,0.8807444139587962,0.7656930218438248,0.8162520945017963,0.8299098778764464,0.8880632008452038,0.8324277987880327,0.7888475359611684,0.7245236481734629,0.8113394308897773,0.8625182623045589,0.8073313205172701,0.8355664778396581,0.7920055487268103,0.8000084341558752,0.8326676233515109,0.8341875044436299,0.8607314043339609,0.8260598936547847,0.8281509257727344,0.8343660800049435,0.8070766062856733,0.834023643709917,0.8737624381323977,0.8515106691228518,0.8770196341922317,0.8471220738406873,0.774270712019467,0.7542974331716144,0.7480425152854937,0.7867671614669112,0.8119042223084451,0.044091798469177435,0.8204223717267792,1.0,0.7938616508983821,0.8181612925621093,0.8346803843374122,0.7728138357068096,0.8433385758802855,0.8034476756449344,0.8833938335822222,0.8434320794749024,0.793134946663053,0.7870672815668951,0.7351973106131839,0.868436940935218,0.8703774658367515,0.7807746297507611,0.766654079150993
0.8280194362160849,0.8271897096127857,0.8025367119092619,0.8499865914289111,0.8087720202962643,0.7980949597933411,0.8258153344484351,0.8495086590731126,0.7942194918510117,0.8607213946066063,0.8163448115497749,0.8391423092293943,0.8238377840002544,0.847389217868273,0.8496245651687648,0.8213191340658796,0.7558732344836492,0.8286800081153877,0.8078835618475484,0.8255589859070586,0.8302813661567425,0.8003467180926088,0.8313861312968086,0.7599172209594529,0.7635479840159902,0.7835823106973318,0.8243945959168255,0.8487478456665261,0.8154764638046497,0.8082651730553174,0.8445703890434106,0.814680844220281,0.04843821852933028,0.8245097628682294,0.7938616508983821,1.0,0.8179045293567396,0.8203699876536286,0.8352716252243993,0.8302025391003669,0.8494153213685847,0.8107344047392983,0.8241222130051075,0.8533364627402964,0.8491823290483875,0.7987674748567518,0.8151116058775869,0.8131627081978713,0.8506379737751031,0.8175450753796186
0.8341827753752273,0.8402539944487707,0.8057673339234614,0.8182568863590508,0.8248200772957257,0.8150687591889567,0.9415140090211261,0.809607285488936,0.7886470998034222,0.8162559947841281,0.8339823551190766,0.8118065940023347,0.839427329925857,0.8106585435554691,0.8129787688900746,0.9329896417400944,0.7725740562803833,0.8470808501938892,0.8332193673463004,0.9454051614772531,0.8522148125480582,0.8226660624276806,0.8522068385420141,0.7801874160318915,0.7821645851704598,0.8069824637109089,0.8430415923064483,0.8044439704927313,0.8006867364096419,0.8055501635644589,0.8023747610460448,0.8328449884281519,0.05165242453636654,0.8376316982793596,0.8181612925621093,0.8179045293567396,1.0,0.8355413002227083,0.7865736445226942,0.8416045209464025,0.8112313286104316,0.8281604876957188,0.8421565140251868,0.8137336013669498,0.8090494117854504,0.7910013034464302,0.8335871765439313,0.8326362140948836,0.8050692261192477,0.8134649170605313
0.8434037302188601,0.8649168425615676,0.8055102126514908,0.8219392517816533,0.8616501999255664,0.8392841322038748,0.8421169616923394,0.8236968669298157,0.7815172297597751,0.8269518685999675,0.8664648467749723,0.8235873649121241,0.8731098767118675,0.8194955804587232,0.822971916714887,0.8427697893471743,0.7874248725060318,0.868437019722665,0.8516357150175352,0.8425168019797276,0.8707986494464248,0.8441818244827474,0.8739128016228431,0.7953416318639699,0.7998349178877947,0.8201247234454317,0.8897522375378143,0.8134334681957855,0.8056671240400578,0.8019489497249073,0.8146797430508717,0.8622661408032606,0.04704087855389283,0.8624669979596595,0.8346803843374122,0.8203699876536286,0.8355413002227083,1.0,0.7937234072669291,0.8792333036953655,0.8228533172901192,0.8502679379961137,0.8985377096738494,0.8242397373889083,0.8178305605408394,0.7920038418436268,0.8587369731095194,0.8576532234141058,0.8150918762714064,0.8139547527304833
0.8038974412293122,0.7941995843961142,0.771737178849178,0.8322952145088403,0.7912866612518339,0.7797380920277499,0.7960937647380874,0.8337016482998031,0.757895037079753,0.8335314975408289,0.7850175342505904,0.8260447442327892,0.7938578671726536,0.8297335549479978,0.8274924871786534,0.7914017540916787,0.7653952954873122,0.794945081674733,0.779392154384182,0.7938581540163275,0.7934869015390144,0.7700609941620524,0.7968904668137136,0.7592466798207158,0.7671348200983146,0.7727093528293341,0.7922183453774092,0.8320807689063905,0.7812292517194358,0.777269921846431,0.8204214924185114,0.7965509576367447,0.04190494757136187,0.7922963778519421,0.7728138357068096,0.8352716252243993,0.7865736445226942,0.7937234072669291,1.0,0.7994438909244775,0.8256425830245361,0.7857963041739071,0.7935170502558476,0.8406070257761118,0.8385131313903079,0.770090600622844,0.7908831182390523,0.7895392297371588,0.8272260887371281,0.7855020336816527
