../ecoli_genomes/GCF_000163235.1_ASM16323v1_genomic.fna.gz,../ecoli_genomes/GCF_000164555.1_ASM16455v1_genomic.fna.gz,../ecoli_genomes/GCF_000208545.1_ASM20854v2_genomic.fna.gz,../ecoli_genomes/GCF_000233875.1_ASM23387v1_genomic.fna.gz,../ecoli_genomes/GCF_000249735.1_ASM24973v2_genomic.fna.gz,../ecoli_genomes/GCF_000261145.1_Esch_coli_M919_V2_genomic.fna.gz,../ecoli_genomes/GCF_000267705.2_ASM26770v2_genomic.fna.gz,../ecoli_genomes/GCF_000350665.1_Esch_coli_KTE5_V1_genomic.fna.gz,../ecoli_genomes/GCF_000351625.1_Esch_coli_KTE66_V1_genomic.fna.gz,../ecoli_genomes/GCF_000352285.1_Esch_coli_KTE46_V1_genomic.fna.gz,../ecoli_genomes/GCF_000358895.1_ASM35889v1_genomic.fna.gz,../ecoli_genomes/GCF_000456385.1_Esch_coli_HVH_26_4-5703913_V1_genomic.fna.gz,../ecoli_genomes/GCF_000458195.1_Esch_coli_HVH_147_4-5893887_V1_genomic.fna.gz,../ecoli_genomes/GCF_000459755.1_Esch_coli_KOEGE_58_171a_V1_genomic.fna.gz,../ecoli_genomes/GCF_000460055.1_Esch_coli_UMEA_3053-1_V1_genomic.fna.gz,../ecoli_genomes/GCF_000462165.2_ASM46216v2_genomic.fna.gz,../ecoli_genomes/GCF_000601135.1_ASM60113v1_genomic.fna.gz,../ecoli_genomes/GCF_000614595.1_Ec2010EL1058_genomic.fna.gz,../ecoli_genomes/GCF_000617745.1_Ec2010C-4529_genomic.fna.gz,../ecoli_genomes/GCF_000618265.2_EcF6751_genomic.fna.gz,../ecoli_genomes/GCF_000619005.2_Ec2009C-4052_genomic.fna.gz,../ecoli_genomes/GCF_000619105.1_Ec2009C-4780_genomic.fna.gz,../ecoli_genomes/GCF_000619765.2_Ec2009C-3279_genomic.fna.gz,../ecoli_genomes/GCF_000687005.1_ASM68700v1_genomic.fna.gz,../ecoli_genomes/GCF_000687025.1_ASM68702v1_genomic.fna.gz,../ecoli_genomes/GCF_000700125.1_ASM70012v1_genomic.fna.gz,../ecoli_genomes/GCF_000753315.1_FHI35_genomic.fna.gz,../ecoli_genomes/GCF_000776375.1_ASM77637v1_genomic.fna.gz,../ecoli_genomes/GCF_000779395.1_ASM77939v1_genomic.fna.gz,../ecoli_genomes/GCF_000780315.1_ASM78031v1_genomic.fna.gz,../ecoli_genomes/GCF_000781995.1_ASM78199v1_genomic.fna.gz,../ecoli_genomes/GCF_000986765.1_ASM98676v1_genomic.fna.gz,../ecoli_genomes/GCF_001041375.1_ViralProj287958_genomic.fna.gz,../ecoli_genomes/GCF_001265335.1_302014_genomic.fna.gz,../ecoli_genomes/GCF_001265625.1_100854_genomic.fna.gz,../ecoli_genomes/GCF_001267345.1_303289_genomic.fna.gz,../ecoli_genomes/GCF_001309985.1_ASM130998v1_genomic.fna.gz,../ecoli_genomes/GCF_001521695.1_ASM152169v1_genomic.fna.gz,../ecoli_genomes/GCF_001592595.1_ASM159259v1_genomic.fna.gz,../ecoli_genomes/GCF_001614975.1_ASM161497v1_genomic.fna.gz,../ecoli_genomes/GCF_001692775.1_ASM169277v1_genomic.fna.gz,../ecoli_genomes/GCF_001748915.1_ASM174891v1_genomic.fna.gz,../ecoli_genomes/GCF_001749235.1_ASM174923v1_genomic.fna.gz,../ecoli_genomes/GCF_001881155.1_ASM188115v1_genomic.fna.gz,../ecoli_genomes/GCF_001881345.1_ASM188134v1_genomic.fna.gz,../ecoli_genomes/GCF_001892405.1_ASM189240v1_genomic.fna.gz,../ecoli_genomes/GCF_001892585.1_ASM189258v1_genomic.fna.gz,../ecoli_genomes/GCF_001893985.1_ASM189398v1_genomic.fna.gz,../ecoli_genomes/GCF_002001595.1_ASM200159v1_genomic.fna.gz,../ecoli_genomes/GCF_002002145.1_ASM200214v1_genomic.fna.gz
1.0,0.8014844820820024,0.7840902410969961,0.7680108840722712,0.7437334268716675,0.7827150087690982,0.7834860889220772,0.7871368816882509,0.8021222130516121,0.7738190071125287,0.792418723227462,0.7706899262176761,0.7973038430549884,0.7753865979467247,0.7564997752392955,0.7824729162686257,0.7681145138006167,0.7909659946425628,0.7625712093265833,0.7895489196575703,0.78807413914884,0.781037706964904,0.7920614114620299,0.7720818185061681,0.7519699541649963,0.7205282602870757,0.7976393555780813,0.7819432577377738,0.8049781560568315,0.8094038420257682,0.7555789757132528,0.7772666221669009,0.07789387097464884,0.7889101132545007,0.7776114853878229,0.7457030087726677,0.7721118714810116,0.7928048399596926,0.7073286360071079,0.7875942810048671,0.761204602675556,0.7890898122112504,0.7976008794191252,0.7872981535549096,0.786987143066464,0.7766421185368659,0.788282047440908,0.7887562236791243,0.7863597967395252,0.803059787527761
0.8014844820820024,1.0,0.7787909100243013,0.7766317017928606,0.7740998076310301,0.8486209942012888,0.7910649119239014,0.7843079521400108,0.7824400357976892,0.7783295521363013,0.8191621456682143,0.7736951449383622,0.8220520149626411,0.7789050297736481,0.7631331627873961,0.7918658928052389,0.8132688220463477,0.8218057781903517,0.7927952816869295,0.7979657624835297,0.8144665747582402,0.8073547336519293,0.8223219880418002,0.8265310053071293,0.8110069467395105,0.7574449532742535,0.8236599279088748,0.7805219386581346,0.7890227369957301,0.786275579443194,0.7580251694214597,0.8052357422140275,0.0712702418683342,0.8177459502956791,0.8395261008658806,0.7495254999145948,0.7809051588598912,0.8276000062736197,0.7019446169429658,0.8165846573949544,0.764289522687533,0.833629041991902,0.8231922386049845,0.7901541083233008,0.7845853698946699,0.7780186482061985,0.8334120937530693,0.8334109400212335,0.7873022489167886,0.7907024082347694
0.7840902410969961,0.7787909100243013,1.0,0.7541975343925675,0.7281509296813196,0.7627412761267433,0.7609356795864513,0.7606127809736013,0.7705834922983864,0.7588435553033486,0.7713681729131452,0.7490305279754041,0.774683395943527,0.7584587739541959,0.7451521315395753,0.7634669981828028,0.7443965694963945,0.7684527105444293,0.7440525249256741,0.7677365678823969,0.7689031412187214,0.7626967479479319,0.773815316130915,0.7505238737242768,0.7329632529675882,0.7072801096408803,0.7766967874488697,0.7561155820451073,0.7786924218045903,0.7792421217358562,0.741984875117505,0.7540477316175737,0.08177476576471276,0.7678019198885806,0.7485316869706913,0.7325852565650937,0.7543615617636648,0.7692538481018847,0.6849502713630511,0.7724161685040319,0.7510108786143971,0.7669785027669435,0.77267042261196,0.7638535116077899,0.7602620899237286,0.7588541881762395,0.7710372512497812,0.770464731202785,0.764881823463792,0.7744643440438763
0.7680108840722712,0.7766317017928606,0.7541975343925675,1.0,0.7511978027450918,0.7666755564975755,0.752997033725512,0.8419949083119068,0.7732659776300479,0.8474818915962175,0.7696065734756984,0.8299893625535134,0.7818215004207635,0.8588364794774744,0.8633056382333711,0.7660152297197329,0.759019550424247,0.7671352972614517,0.7393727348465011,0.7600159515747256,0.7688704067042818,0.7587339677863356,0.7727799131921085,0.7603100342353848,0.7487457530007735,0.718185169986814,0.7755852574769185,0.8428153697974151,0.7822377014248245,0.7716898939013388,0.8363425171011485,0.7768094649011583,0.07920467243748153,0.7651184186174735,0.7542957652825703,0.7721783867717404,0.7507822264198465,0.7766665630215742,0.7306650219762347,0.7640906391919295,0.8478085104039204,0.767633346175634,0.7765489497902764,0.8488975434929068,0.8438837195013619,0.7655525386450459,0.7615495807708952,0.7615373081861525,0.8286180462457693,0.7809902317886955
0.7437334268716675,0.7740998076310301,0.7281509296813196,0.7511978027450918,1.0,0.7784089164192148,0.740805136041129,0.7490625089125016,0.7526954998403398,0.7499866933281422,0.7852578499951293,0.7318544525817554,0.7974778221407218,0.7401701493159301,0.7468732609561088,0.7645411002329422,0.7766001436583975,0.7664163308938172,0.7422663778859717,0.7481846835818431,0.7684866245940184,0.7569780342363754,0.7708573173106761,0.7806726179031032,0.7772595088976847,0.7634134171093403,0.7724413975018365,0.725514006496421,0.7510749047218376,0.7484134954402553,0.729151465843344,0.7904389706140247,0.07628817020898382,0.7687293597042413,0.7649232566222034,0.7084427837342958,0.7444248804445537,0.7935518127945773,0.6874653849637218,0.7708890414871694,0.7439487726602877,0.7761038915158417,0.7849366334298384,0.7368619355173913,0.7363950043457265,0.7340079634757787,0.7778675237282535,0.7771908349910344,0.7368561370402205,0.747774768820938
0.7827150087690982,0.8486209942012888,0.7627412761267433,0.7666755564975755,0.7784089164192148,1.0,0.7948771787192146,0.7779473379537778,0.7750557416084732,0.7659300761646725,0.8100591884679124,0.7596765977724916,0.817271120242021,0.7652718684667679,0.7567005857682274,0.796770562941907,0.8071688419803434,0.8219884529290009,0.7909233681638183,0.7976389120040814,0.8098183375099394,0.8035851614136522,0.8191655943441389,0.8242116565633113,0.8129710970632066,0.7563227575587517,0.8167131599065359,0.7637156942987964,0.78253821379742,0.7753076990458052,0.7502259215394267,0.8059490943001769,0.06879223213365493,0.8153386890186284,0.8359085136571076,0.7469835555285363,0.7856557632810205,0.8164627855544602,0.7069699439212691,0.8104019259705328,0.7565779380200958,0.8310258305838717,0.8154034478692377,0.7716364836721419,0.7667483443271057,0.7668073706832434,0.8250494186477988,0.8251470601943269,0.7714050969101922,0.7859889175618685
0.7834860889220772,0.7910649119239014,0.7609356795864513,0.752997033725512,0.740805136041129,0.7948771787192146,1.0,0.7653293986331503,0.772279721618973,0.7570327664450892,0.7882178362365102,0.7475461113801317,0.7921169248733069,0.7543749694665166,0.7438737440761158,0.8988712025178148,0.7678639714387855,0.8140589991416877,0.7836150357216358,0.9469638084739654,0.8130977692682482,0.7969630169367493,0.8111047763004589,0.7676420469911456,0.7618198128652637,0.7219094839464244,0.8024235686917243,0.758143520684765,0.7722825143894949,0.7731630322303535,0.7442274700278579,0.7824535685572798,0.07326030524021698,0.8026204416018404,0.7939168339322316,0.7510252464824343,0.9152707321278013,0.7854794465081987,0.7046984298150406,0.7999017886654659,0.744166313680185,0.7912600784902291,0.802278996294473,0.7657174435309081,0.7619397986324694,0.7677859555410558,0.7896791266965459,0.7900475763573668,0.7624746872245317,0.7790909365368246
0.7871368816882509,0.7843079521400108,0.7606127809736013,0.8419949083119068,0.7490625089125016,0.7779473379537778,0.7653293986331503,1.0,0.7804686492737097,0.8407035187780949,0.7789914718329487,0.8291838889635257,0.7911090370850541,0.8378737184201798,0.828692619858284,0.7730680945908456,0.7632704568322639,0.7837739884769415,0.7598911923866936,0.7712859893070938,0.7817548911787866,0.77164283665181,0.7811789865942589,0.7718818365285715,0.7522532395031428,0.7214455395062478,0.7867053777194126,0.889543582848026,0.7942437326489497,0.7791562951626197,0.8204381328402955,0.7790377660520629,0.07776461452529748,0.7770303839027356,0.766658109326432,0.7785262099758024,0.759931393633617,0.7873471119800566,0.7392985641498606,0.7784394017274764,0.8315011852794042,0.7799971594745142,0.7874844133518059,0.8920690138877885,0.8793852017373943,0.7759138522589745,0.7704789372045342,0.7705033928834423,0.8313841354233631,0.7915286248665662
0.8021222130516121,0.7824400357976892,0.7705834922983864,0.7732659776300479,0.7526954998403398,0.7750557416084732,0.772279721618973,0.7804686492737097,1.0,0.7827572003074721,0.7817964291893865,0.7647594196184573,0.7947424612645383,0.77449169717196,0.7696196392429377,0.7829062717928085,0.764071454963599,0.7783890456021446,0.7518028776146011,0.7809216633788377,0.7713659768393751,0.7717151437608736,0.7830318223055405,0.7664780062692218,0.7509656095369965,0.7125859180111564,0.7857195009852707,0.7702442693095086,0.790204927546638,0.8101221420117546,0.765851186830178,0.7759428440330173,0.08137887938439037,0.7776763539976526,0.765897140461673,0.7443880587925562,0.7677457852763944,0.7818227643806467,0.6982287164346321,0.7847228047555337,0.767326047649925,0.7745827434023567,0.7899024115586626,0.7752119318896754,0.7727679391472849,0.7779134468482325,0.7777220282783135,0.7774264524838821,0.7798664093480734,0.7932373086313376
0.7738190071125287,0.7783295521363013,0.7588435553033486,0.8474818915962175,0.7499866933281422,0.7659300761646725,0.7570327664450892,0.8407035187780949,0.7827572003074721,1.0,0.772534745378018,0.8232802752346767,0.782711815936157,0.8436160736575771,0.8393471794670213,0.7679141461454482,0.7511545545215654,0.7639909319802431,0.7427138944729179,0.7636874256927132,0.7620971504876289,0.7558526884729264,0.763472362875936,0.7617502292884575,0.74544917621223,0.716387905511248,0.7767511253785759,0.8368300810790047,0.7847983575907985,0.7742699380602127,0.8387806276881895,0.764256386298057,0.08071573453181613,0.7604255860102774,0.758326036999047,0.7816581325635736,0.7545095716896946,0.771636135355219,0.7352275473694845,0.7678141132383718,0.8499943255755216,0.7675682126172865,0.7765561295211522,0.8449079536063855,0.8439507431782877,0.7610597947239673,0.7615806498076091,0.760926270544253,0.8378248518748137,0.7788163051824062
0.792418723227462,0.8191621456682143,0.7713681729131452,0.7696065734756984,0.7852578499951293,0.8100591884679124,0.7882178362365102,0.7789914718329487,0.7817964291893865,0.772534745378018,1.0,0.7663115290833,0.8519455526295493,0.7712985870704954,0.7602159661066177,0.7940625658110461,0.7851625804980105,0.8411373283611253,0.8083159143740403,0.795955772365506,0.8349386493692463,0.8368205024208191,0.8410955482968951,0.7954935864952529,0.7703748571874233,0.7410766991476792,0.8451357539662621,0.7753789606749459,0.7912069204487447,0.7911812880900452,0.7526212059071491,0.8136697518477669,0.08358538334710441,0.8279327520821538,0.804544876223413,0.7485722123246668,0.7791959330097418,0.8299031094645786,0.6929297270613717,0.848114458846038,0.7546676529254077,0.8232289053570256,0.8485274346518956,0.7754343750445492,0.7703715860781708,0.7714650907500503,0.8224004969730859,0.8220114614534758,0.7778414468588367,0.7937818194063702
0.7706899262176761,0.7736951449383622,0.7490305279754041,0.8299893625535134,0.7318544525817554,0.7596765977724916,0.7475461113801317,0.8291838889635257,0.7647594196184573,0.8232802752346767,0.7663115290833,1.0,0.7702791507914909,0.8285799863241327,0.8401364925244137,0.7533009534949626,0.7468566744709347,0.7603801447790077,0.7365627522361607,0.7539974918929786,0.7668712891051801,0.7529449150614618,0.7619480730858177,0.7535855636186388,0.7349575002894757,0.7061430181417956,0.770654134280055,0.8268603321329249,0.7847645073716435,0.7644735106514663,0.8056905757402221,0.7603456458254526,0.07797630112437848,0.7607469910266762,0.7560867933451001,0.7684196513618707,0.7428993550405452,0.771229039533185,0.7253679764328766,0.7663277936516429,0.8140854236561244,0.7590025703703696,0.7730035895360663,0.8299193329103628,0.8300531733159575,0.758951281306549,0.7600055815449749,0.7599756384709285,0.8137974887936252,0.7738772839054749
0.7973038430549884,0.8220520149626411,0.774683395943527,0.7818215004207635,0.7974778221407218,0.817271120242021,0.7921169248733069,0.7911090370850541,0.7947424612645383,0.782711815936157,0.8519455526295493,0.7702791507914909,1.0,0.7762814615581555,0.7749681573445977,0.807659792305914,0.7949149151291183,0.8400292809370946,0.8243037426790415,0.800272523750323,0.8401245808110746,0.8498574438802043,0.8544935700263463,0.807339463444134,0.7819454216539982,0.7569016762910344,0.8545280898510235,0.7786001948806375,0.795447071061546,0.7967549321404328,0.7624697388102677,0.8366632457745855,0.08050376696352168,0.8431398294335603,0.8109032535167372,0.7519897936075608,0.7909944722997836,0.8420031383522217,0.6994368618776801,0.8500273228607075,0.7701198884814452,0.8214368671696416,0.8574324365967433,0.7827830584336037,0.77730288045756,0.772129904515737,0.8185814853169826,0.8181823960978862,0.7844555843725105,0.7959588179069934
0.7753865979467247,0.7789050297736481,0.7584587739541959,0.8588364794774744,0.7401701493159301,0.7652718684667679,0.7543749694665166,0.8378737184201798,0.77449169717196,0.8436160736575771,0.7712985870704954,0.8285799863241327,0.7762814615581555,1.0,0.8549300714620243,0.7606774262910253,0.7553190606471631,0.769162215890586,0.7432440654101953,0.7623266172401661,0.7702934034341657,0.7594050468606053,0.7712912881551639,0.7574793424677724,0.7404551424763308,0.7098487257848374,0.778599221137763,0.8452979695998001,0.7845535976722631,0.7724903518016162,0.8339455039755903,0.7659106975606567,0.0804799073715955,0.7673562092565858,0.7554526463020397,0.7796814709129885,0.7494159742114578,0.780206385491083,0.729869056239405,0.7669643578225509,0.842165256777845,0.7668433364698097,0.7792727262897354,0.8506629709453128,0.8477539331148727,0.77170002382829,0.7632714016583534,0.7647527786813364,0.8347167113493004,0.7872261352547761
0.7564997752392955,0.7631331627873961,0.7451521315395753,0.8633056382333711,0.7468732609561088,0.7567005857682274,0.7438737440761158,0.828692619858284,0.7696196392429377,0.8393471794670213,0.7602159661066177,0.8401364925244137,0.7749681573445977,0.8549300714620243,1.0,0.7578569012365466,0.7502323733928602,0.7609943745764052,0.7315352503602517,0.7502974033997775,0.7590608802209464,0.747576528235586,0.7587205975989573,0.7533152733630581,0.7414361531276621,0.7149320483149502,0.7647101287467172,0.8219682905837353,0.7732975016802044,0.7647431991358287,0.831183971669869,0.7660139516163772,0.07717558844831263,0.7527619062195368,0.7454185412233948,0.7705126263589654,0.7431250897478471,0.7660233190240173,0.7252321849928354,0.7608921910681482,0.8449409563862857,0.755723076855146,0.7682423871200259,0.8276244220872366,0.8222173877686499,0.7648786263684382,0.7588089806455326,0.7594320478273942,0.8194910317427084,0.7784040496851362
0.7824729162686257,0.7918658928052389,0.7634669981828028,0.7660152297197329,0.7645411002329422,0.796770562941907,0.8988712025178148,0.7730680945908456,0.7829062717928085,0.7679141461454482,0.7940625658110461,0.7533009534949626,0.807659792305914,0.7606774262910253,0.7578569012365466,1.0,0.7729813002962369,0.8106641714253825,0.7766762257239983,0.9067296594941069,0.804717444063921,0.7949690779758414,0.8063511500246558,0.7789867084605762,0.7745437289593942,0.7430735128807883,0.8028942171702926,0.7595347227996536,0.7788952090439909,0.7835099381189077,0.752186205745063,0.7894855570891361,0.07430036734704981,0.795499303674335,0.7926128627422262,0.7505843623002723,0.9041888958662755,0.790134375642155,0.6965669183353891,0.797244987238348,0.7582733057882255,0.791326503598357,0.8032872913035587,0.7652347413201349,0.7639510879355789,0.768105978048021,0.7916819718245407,0.791726784046064,0.7648651058655929,0.7821591422584919
0.7681145138006167,0.8132688220463477,0.7443965694963945,0.759019550424247,0.7766001436583975,0.8071688419803434,0.7678639714387855,0.7632704568322639,0.764071454963599,0.7511545545215654,0.7851625804980105,0.7468566744709347,0.7949149151291183,0.7553190606471631,0.7502323733928602,0.7729813002962369,1.0,0.7844281324143959,0.7562191726345238,0.7742936057004363,0.785127907315479,0.7789229679680338,0.7956511838165983,0.822117215323555,0.8126794391611143,0.7850919705114485,0.7914113236547728,0.7525149556161442,0.7729243117132663,0.7609283678756391,0.7386693798635368,0.8097139393394683,0.06879405368149005,0.792785112371548,0.8029977671955995,0.7291023172345863,0.7645395623936246,0.7959202104130666,0.6864270794115025,0.7879331155874044,0.743150584150793,0.7987479194405422,0.7980952036703954,0.761130151006762,0.7597808339403647,0.7503538821883107,0.803229618082381,0.8034237488325845,0.7579336407576411,0.7659018459707365
0.7909659946425628,0.8218057781903517,0.7684527105444293,0.7671352972614517,0.7664163308938172,0.8219884529290009,0.8140589991416877,0.7837739884769415,0.7783890456021446,0.7639909319802431,0.8411373283611253,0.7603801447790077,0.8400292809370946,0.769162215890586,0.7609943745764052,0.8106641714253825,0.7844281324143959,1.0,0.8302348571367519,0.8196125753514036,0.8522810020074634,0.8484720192226369,0.8596383081992376,0.789538758923078,0.7742832277207987,0.7375307066753516,0.8435070187617306,0.7718367188139409,0.7880088764825427,0.7906444738663106,0.7536299291356753,0.8145602284027483,0.07409112989829658,0.8352717754696797,0.811732007507735,0.7594393933154151,0.8023220048952397,0.8239822601589033,0.7037002553988869,0.8407937918797415,0.7531041924437273,0.8198601480995882,0.8426123956855112,0.7763564055857695,0.7700752439194732,0.7768730143061631,0.8208715139412841,0.8212188177210469,0.7749731569574003,0.795065023578042
0.7625712093265833,0.7927952816869295,0.7440525249256741,0.7393727348465011,0.7422663778859717,0.7909233681638183,0.7836150357216358,0.7598911923866936,0.7518028776146011,0.7427138944729179,0.8083159143740403,0.7365627522361607,0.8243037426790415,0.7432440654101953,0.7315352503602517,0.7766762257239983,0.7562191726345238,0.8302348571367519,1.0,0.7847100053909487,0.8233556206719586,0.8403384441352213,0.8256447724163991,0.7597800990371903,0.7525026467294897,0.7144281720698651,0.8143852271262688,0.7487468269316606,0.7608342159249457,0.7567180814025197,0.7302072723556559,0.7971323999832958,0.078511411772196,0.8109415646908746,0.780642917060479,0.7326189721330207,0.7722721494640608,0.8015455534221245,0.6925173235896886,0.8095587382997712,0.7297754749971441,0.7907742485637244,0.8153475871359732,0.7549771902167683,0.7486984591183559,0.7526661628310898,0.7891645647461241,0.789382574198161,0.7504282795734176,0.7644759138146178
0.7895489196575703,0.7979657624835297,0.7677365678823969,0.7600159515747256,0.7481846835818431,0.7976389120040814,0.9469638084739654,0.7712859893070938,0.7809216633788377,0.7636874256927132,0.795955772365506,0.7539974918929786,0.800272523750323,0.7623266172401661,0.7502974033997775,0.9067296594941069,0.7742936057004363,0.8196125753514036,0.7847100053909487,1.0,0.8156135506848018,0.8028199619439923,0.8167326778943759,0.7722991903770469,0.7674108718219972,0.7260655983633566,0.8101646048091358,0.7651362893626446,0.782917944219846,0.7806612853471673,0.7511526894653859,0.7889081573454859,0.07453705305749003,0.80634993505422,0.7959778938195915,0.7542759133277122,0.9202019220774108,0.7950366148037371,0.7039445381110154,0.80685393662229,0.7508961288693268,0.7980021959594079,0.8103332584771973,0.7717794113446834,0.7679574217689129,0.7755553853065715,0.795992898376176,0.7964751085062398,0.769184556287345,0.7879823211978617
0.78807413914884,0.8144665747582402,0.7689031412187214,0.7688704067042818,0.7684866245940184,0.8098183375099394,0.8130977692682482,0.7817548911787866,0.7713659768393751,0.7620971504876289,0.8349386493692463,0.7668712891051801,0.8401245808110746,0.7702934034341657,0.7590608802209464,0.804717444063921,0.785127907315479,0.8522810020074634,0.8233556206719586,0.8156135506848018,1.0,0.8436603371862057,0.8611457065840155,0.7855030191556766,0.7685831135348553,0.737438576132181,0.8441023018044344,0.7757587811751752,0.7858393344508038,0.7889334587706868,0.7530222076768291,0.8201538253814055,0.08196438490424462,0.8406776636117334,0.8077072349524725,0.7571385999220248,0.7989543269758854,0.8301720334822869,0.7049635187005328,0.8445838591865343,0.7553098464617933,0.8126678123059297,0.8454602201648218,0.7786736996453036,0.7752972863864914,0.7735483106629804,0.8184097481522552,0.8185721839331226,0.7761078188246159,0.7930802138741879
0.781037706964904,0.8073547336519293,0.7626967479479319,0.7587339677863356,0.7569780342363754,0.8035851614136522,0.7969630169367493,0.77164283665181,0.7717151437608736,0.7558526884729264,0.8368205024208191,0.7529449150614618,0.8498574438802043,0.7594050468606053,0.747576528235586,0.7949690779758414,0.7789229679680338,0.8484720192226369,0.8403384441352213,0.8028199619439923,0.8436603371862057,1.0,0.8919374170407222,0.7746848751597911,0.7620567379924904,0.7275641523205634,0.8389120366229325,0.7658731595580011,0.7837626717329319,0.7792420462591036,0.7433525765760658,0.8127947394280083,0.07527455375184511,0.8626998357863482,0.7976268057009283,0.7432707318879537,0.7877742978852262,0.8249028576179438,0.6975510118146908,0.8402270366824911,0.7402974267921978,0.8139729369624403,0.8496813781331178,0.7681312013127979,0.7618507485840086,0.7709669326331804,0.8097964979165073,0.8095764373972391,0.7665043617260262,0.7905406183242574
0.7920614114620299,0.8223219880418002,0.773815316130915,0.7727799131921085,0.7708573173106761,0.8191655943441389,0.8111047763004589,0.7811789865942589,0.7830318223055405,0.763472362875936,0.8410955482968951,0.7619480730858177,0.8544935700263463,0.7712912881551639,0.7587205975989573,0.8063511500246558,0.7956511838165983,0.8596383081992376,0.8256447724163991,0.8167326778943759,0.8611457065840155,0.8919374170407222,1.0,0.792520150892238,0.7788648602347272,0.7423626109926976,0.8602632394609808,0.7733226607937304,0.7911740721223077,0.7858505212424284,0.7552876731086386,0.8274186099490832,0.07412582111303356,0.8726456292233135,0.8086445819209924,0.755449389126869,0.7999196411974012,0.8428711694626446,0.7008598043515535,0.8452679081102017,0.7536358452758408,0.8234452367968508,0.8593546170997951,0.7790475474638671,0.7730629362606055,0.7794508833977689,0.818872167646974,0.8190992484086014,0.7761625588923917,0.796352604398646
0.7720818185061681,0.8265310053071293,0.7505238737242768,0.7603100342353848,0.7806726179031032,0.8242116565633113,0.7676420469911456,0.7718818365285715,0.7664780062692218,0.7617502292884575,0.7954935864952529,0.7535855636186388,0.807339463444134,0.7574793424677724,0.7533152733630581,0.7789867084605762,0.822117215323555,0.789538758923078,0.7597800990371903,0.7722991903770469,0.7855030191556766,0.7746848751597911,0.792520150892238,1.0,0.8152793719042534,0.7860642868170024,0.8022620886371654,0.754187241337033,0.7724384169815154,0.7642096380725757,0.7410391545127929,0.7977465776132072,0.06889339646392145,0.7876264704806404,0.8268245088464197,0.7335559642948797,0.7669842758131579,0.793303055719498,0.680669983002844,0.7890704327350715,0.7533458413392152,0.8090008274593805,0.7971502584617693,0.761138432126298,0.7588991605949633,0.7459455461730942,0.8039386732028077,0.8034198439278002,0.7609796615814012,0.7625100819412257
0.7519699541649963,0.8110069467395105,0.7329632529675882,0.7487457530007735,0.7772595088976847,0.8129710970632066,0.7618198128652637,0.7522532395031428,0.7509656095369965,0.74544917621223,0.7703748571874233,0.7349575002894757,0.7819454216539982,0.7404551424763308,0.7414361531276621,0.7745437289593942,0.8126794391611143,0.7742832277207987,0.7525026467294897,0.7674108718219972,0.7685831135348553,0.7620567379924904,0.7788648602347272,0.8152793719042534,1.0,0.7926779636975045,0.7793503167407942,0.7320341099713628,0.7504441529913157,0.7448524624008983,0.7297568947057211,0.7997190518111729,0.06485724259299852,0.7728541800602966,0.8055040196250352,0.717925332201391,0.7638459373849396,0.7853305815060048,0.6738373950774268,0.7746234020592392,0.7372562378701873,0.7876262754149211,0.7800691445951166,0.7510646451966139,0.7458189521829244,0.7425074565900383,0.7893260200551533,0.7879578611492224,0.7468355235778307,0.7483125189314075
0.7205282602870757,0.7574449532742535,0.7072801096408803,0.718185169986814,0.7634134171093403,0.7563227575587517,0.7219094839464244,0.7214455395062478,0.7125859180111564,0.716387905511248,0.7410766991476792,0.7061430181417956,0.7569016762910344,0.7098487257848374,0.7149320483149502,0.7430735128807883,0.7850919705114485,0.7375307066753516,0.7144281720698651,0.7260655983633566,0.737438576132181,0.7275641523205634,0.7423626109926976,0.7860642868170024,0.7926779636975045,1.0,0.7452545827805832,0.7031137503092566,0.7242890241285176,0.7173904404962463,0.6969950694361349,0.7631835456714217,0.06461982586686232,0.7384141549824038,0.7568347176854681,0.6890901845675961,0.7260391701007225,0.7488983322981649,0.6454531723458979,0.7357054305489535,0.7110274012882696,0.7524991786967286,0.7453360320312927,0.7207369653371127,0.7175998316074332,0.7079684003437543,0.7562217842339267,0.7555347608189962,0.7152911295466584,0.7144302531409739
0.7976393555780813,0.8236599279088748,0.7766967874488697,0.7755852574769185,0.7724413975018365,0.8167131599065359,0.8024235686917243,0.7867053777194126,0.7857195009852707,0.7767511253785759,0.8451357539662621,0.770654134280055,0.8545280898510235,0.778599221137763,0.7647101287467172,0.8028942171702926,0.7914113236547728,0.8435070187617306,0.8143852271262688,0.8101646048091358,0.8441023018044344,0.8389120366229325,0.8602632394609808,0.8022620886371654,0.7793503167407942,0.7452545827805832,1.0,0.7784664005453417,0.7986730403943625,0.7927473006682618,0.759993753697389,0.823058122569773,0.08426946920636724,0.8361677329051801,0.8132123054111797,0.7546843511966959,0.7933660373660418,0.8538297312088892,0.6950598563626416,0.8551888210687065,0.7648682480684585,0.8190387003623716,0.8708817722211033,0.7855371157949551,0.777769889181371,0.7774575824055179,0.8180770268344183,0.8173857749070697,0.7838553638222857,0.7982626631008438
0.7819432577377738,0.7805219386581346,0.7561155820451073,0.8428153697974151,0.725514006496421,0.7637156942987964,0.758143520684765,0.889543582848026,0.7702442693095086,0.8368300810790047,0.7753789606749459,0.8268603321329249,0.7786001948806375,0.8452979695998001,0.8219682905837353,0.7595347227996536,0.7525149556161442,0.7718367188139409,0.7487468269316606,0.7651362893626446,0.7757587811751752,0.7658731595580011,0.7733226607937304,0.754187241337033,0.7320341099713628,0.7031137503092566,0.7784664005453417,1.0,0.7872102963718411,0.7704043801702503,0.8165530770613622,0.7659277915875801,0.0771100314880091,0.7702824991369581,0.7584160257689094,0.7741987539552665,0.7506081406093963,0.7802060018233818,0.7359367389406926,0.7728158865657313,0.8244128691856184,0.7713677637436872,0.778901994292803,0.9229436899164452,0.9108669881607091,0.7668923755146839,0.7656961673734363,0.765809114380529,0.8383260895435343,0.7820211781179525
0.8049781560568315,0.7890227369957301,0.7786924218045903,0.7822377014248245,0.7510749047218376,0.78253821379742,0.7722825143894949,0.7942437326489497,0.790204927546638,0.7847983575907985,0.7912069204487447,0.7847645073716435,0.795447071061546,0.7845535976722631,0.7732975016802044,0.7788952090439909,0.7729243117132663,0.7880088764825427,0.7608342159249457,0.782917944219846,0.7858393344508038,0.7837626717329319,0.7911740721223077,0.7724384169815154,0.7504441529913157,0.7242890241285176,0.7986730403943625,0.7872102963718411,1.0,0.7933871551015348,0.7695499873342196,0.7800863452524427,0.08093089260237074,0.7868248845240176,0.7737716467980686,0.756492943174012,0.7662990863255531,0.7946800287754052,0.7087065093399806,0.790794746345398,0.7710767144552936,0.7844025701890847,0.7976021313527502,0.7921975057160761,0.7880041433185896,0.7950210761263982,0.7842812610502243,0.7844071356909155,0.7894062368337187,0.870283074329644
0.8094038420257682,0.786275579443194,0.7792421217358562,0.7716898939013388,0.7484134954402553,0.7753076990458052,0.7731630322303535,0.7791562951626197,0.8101221420117546,0.7742699380602127,0.7911812880900452,0.7644735106514663,0.7967549321404328,0.7724903518016162,0.7647431991358287,0.7835099381189077,0.7609283678756391,0.7906444738663106,0.7567180814025197,0.7806612853471673,0.7889334587706868,0.7792420462591036,0.7858505212424284,0.7642096380725757,0.7448524624008983,0.7173904404962463,0.7927473006682618,0.7704043801702503,0.7933871551015348,1.0,0.7574864577122697,0.7679246344322429,0.08872827329111299,0.7775695161630873,0.77463436163703,0.7477839028714034,0.7687732378136402,0.7825291107019292,0.6962115334560386,0.7945703367901534,0.7640953235662424,0.7795376543622445,0.7954113667471798,0.774451290165421,0.7723863448797006,0.7870654938302591,0.7902544883924066,0.7902776830619795,0.7762844189089646,0.8030740292246346
0.7555789757132528,0.7580251694214597,0.741984875117505,0.8363425171011485,0.729151465843344,0.7502259215394267,0.7442274700278579,0.8204381328402955,0.765851186830178,0.8387806276881895,0.7526212059071491,0.8056905757402221,0.7624697388102677,0.8339455039755903,0.831183971669869,0.752186205745063,0.7386693798635368,0.7536299291356753,0.7302072723556559,0.7511526894653859,0.7530222076768291,0.7433525765760658,0.7552876731086386,0.7410391545127929,0.7297568947057211,0.6969950694361349,0.759993753697389,0.8165530770613622,0.7695499873342196,0.7574864577122697,1.0,0.7533367062416586,0.07480455715069234,0.751435384213052,0.7383249746392724,0.7691499693907052,0.7408160282871741,0.7578918427141568,0.7221691802483194,0.7505982192872303,0.8712925845021038,0.7499558683046974,0.7599212226138157,0.8203617179918216,0.814869561245541,0.7542922935192973,0.7453464099316673,0.7455794012208292,0.8111861519532555,0.7675948473956057
0.7772666221669009,0.8052357422140275,0.7540477316175737,0.7768094649011583,0.7904389706140247,0.8059490943001769,0.7824535685572798,0.7790377660520629,0.7759428440330173,0.764256386298057,0.8136697518477669,0.7603456458254526,0.8366632457745855,0.7659106975606567,0.7660139516163772,0.7894855570891361,0.8097139393394683,0.8145602284027483,0.7971323999832958,0.7889081573454859,0.8201538253814055,0.8127947394280083,0.8274186099490832,0.7977465776132072,0.7997190518111729,0.7631835456714217,0.823058122569773,0.7659277915875801,0.7800863452524427,0.7679246344322429,0.7533367062416586,1.0,0.07281712172163957,0.8220346152146668,0.791938954725797,0.7402472265365434,0.7783052426596508,0.8217978708558542,0.6946606491173766,0.8161682892619991,0.7577248240889698,0.8072913161055906,0.83156902344414,0.7720278297904029,0.7698729095856338,0.7586631512798976,0.8024366310129404,0.8022256408071458,0.7634203682040908,0.7730963295340226
0.07789387097464884,0.0712702418683342,0.08177476576471276,0.07920467243748153,0.07628817020898382,0.06879223213365493,0.07326030524021698,0.07776461452529748,0.08137887938439037,0.08071573453181613,0.08358538334710441,0.07797630112437848,0.08050376696352168,0.0804799073715955,0.07717558844831263,0.07430036734704981,0.06879405368149005,0.07409112989829658,0.078511411772196,0.07453705305749003,0.08196438490424462,0.07527455375184511,0.07412582111303356,0.06889339646392145,0.06485724259299852,0.06461982586686232,0.08426946920636724,0.0771100314880091,0.08093089260237074,0.08872827329111299,0.07480455715069234,0.07281712172163957,1.0,0.07479584748431134,0.07241134558320927,0.07772271908032369,0.0708374481597076,0.07762242893244609,0.0766085850080227,0.08091162316155542,0.07564540063940084,0.0750992133180931,0.08276761939434052,0.0759850892279258,0.07961014605243677,0.08053951426490347,0.07816752253966497,0.07776157319373656,0.0782939633162758,0.08605965432044282
0.7889101132545007,0.8177459502956791,0.7678019198885806,0.7651184186174735,0.7687293597042413,0.8153386890186284,0.8026204416018404,0.7770303839027356,0.7776763539976526,0.7604255860102774,0.8279327520821538,0.7607469910266762,0.8431398294335603,0.7673562092565858,0.7527619062195368,0.795499303674335,0.792785112371548,0.8352717754696797,0.8109415646908746,0.80634993505422,0.8406776636117334,0.8626998357863482,0.8726456292233135,0.7876264704806404,0.7728541800602966,0.7384141549824038,0.8361677329051801,0.7702824991369581,0.7868248845240176,0.7775695161630873,0.751435384213052,0.8220346152146668,0.07479584748431134,1.0,0.8029211933371252,0.7553886958035095,0.790008317754165,0.8310479404711132,0.7086889575278574,0.8351638414236109,0.7498315546093167,0.8200014637011288,0.8485554898420181,0.7757317288175348,0.7722073793228488,0.7679938366846761,0.8110967617252541,0.8110737578994412,0.7712033553082457,0.7892697899590955
0.7776114853878229,0.8395261008658806,0.7485316869706913,0.7542957652825703,0.7649232566222034,0.8359085136571076,0.7939168339322316,0.766658109326432,0.765897140461673,0.758326036999047,0.804544876223413,0.7560867933451001,0.8109032535167372,0.7554526463020397,0.7454185412233948,0.7926128627422262,0.8029977671955995,0.811732007507735,0.780642917060479,0.7959778938195915,0.8077072349524725,0.7976268057009283,0.8086445819209924,0.8268245088464197,0.8055040196250352,0.7568347176854681,0.8132123054111797,0.7584160257689094,0.7737716467980686,0.77463436163703,0.7383249746392724,0.791938954725797,0.07241134558320927,0.8029211933371252,1.0,0.7442537298326737,0.7810677166936038,0.7948202222360169,0.6959248986042414,0.807820761269415,0.7433407682999329,0.8156155501299402,0.8102066645183716,0.7644945734367483,0.7628622165741585,0.7620417113017113,0.8179659705160354,0.8176666595271527,0.759520813354011,0.7729232893031872
0.7457030087726677,0.7495254999145948,0.7325852565650937,0.7721783867717404,0.7084427837342958,0.7469835555285363,0.7510252464824343,0.7785262099758024,0.7443880587925562,0.7816581325635736,0.7485722123246668,0.7684196513618707,0.7519897936075608,0.7796814709129885,0.7705126263589654,0.7505843623002723,0.7291023172345863,0.7594393933154151,0.7326189721330207,0.7542759133277122,0.7571385999220248,0.7432707318879537,0.755449389126869,0.7335559642948797,0.717925332201391,0.6890901845675961,0.7546843511966959,0.7741987539552665,0.756492943174012,0.7477839028714034,0.7691499693907052,0.7402472265365434,0.07772271908032369,0.7553886958035095,0.7442537298326737,1.0,0.7480114392678338,0.7507751434490078,0.7178965435335461,0.7482375160351526,0.7720148552155901,0.7420561477390686,0.7567163346695835,0.7784339586045674,0.7750905347620322,0.7477286391263582,0.7422736518339044,0.7424060653323155,0.7901114093549113,0.7564383769357903
0.7721118714810116,0.7809051588598912,0.7543615617636648,0.7507822264198465,0.7444248804445537,0.7856557632810205,0.9152707321278013,0.759931393633617,0.7677457852763944,0.7545095716896946,0.7791959330097418,0.7428993550405452,0.7909944722997836,0.7494159742114578,0.7431250897478471,0.9041888958662755,0.7645395623936246,0.8023220048952397,0.7722721494640608,0.9202019220774108,0.7989543269758854,0.7877742978852262,0.7999196411974012,0.7669842758131579,0.7638459373849396,0.7260391701007225,0.7933660373660418,0.7506081406093963,0.7662990863255531,0.7687732378136402,0.7408160282871741,0.7783052426596508,0.0708374481597076,0.790008317754165,0.7810677166936038,0.7480114392678338,1.0,0.7796312672614648,0.6924681505823871,0.7878428576840378,0.7427106551180465,0.7807166532389894,0.7922659515483164,0.7571951733818527,0.7544729660859752,0.7608984241377583,0.7808212085950249,0.781176196752178,0.7552359596589254,0.7689598551616119
0.7928048399596926,0.8276000062736197,0.7692538481018847,0.7766665630215742,0.7935518127945773,0.8164627855544602,0.7854794465081987,0.7873471119800566,0.7818227643806467,0.771636135355219,0.8299031094645786,0.771229039533185,0.8420031383522217,0.780206385491083,0.7660233190240173,0.790134375642155,0.7959202104130666,0.8239822601589033,0.8015455534221245,0.7950366148037371,0.8301720334822869,0.8249028576179438,0.8428711694626446,0.793303055719498,0.7853305815060048,0.7488983322981649,0.8538297312088892,0.7802060018233818,0.7946800287754052,0.7825291107019292,0.7578918427141568,0.8217978708558542,0.07762242893244609,0.8310479404711132,0.7948202222360169,0.7507751434490078,0.7796312672614648,1.0,0.7051671873947158,0.8356601673640215,0.7643916350908786,0.8155867324923287,0.8666595272197537,0.7879791703419211,0.7802693373012761,0.7749504652078147,0.8163442271935795,0.8167155240419415,0.7845375265533033,0.7945697633211459
0.7073286360071079,0.7019446169429658,0.6849502713630511,0.7306650219762347,0.6874653849637218,0.7069699439212691,0.7046984298150406,0.7392985641498606,0.6982287164346321,0.7352275473694845,0.6929297270613717,0.7253679764328766,0.6994368618776801,0.729869056239405,0.7252321849928354,0.6965669183353891,0.6864270794115025,0.7037002553988869,0.6925173235896886,0.7039445381110154,0.7049635187005328,0.6975510118146908,0.7008598043515535,0.680669983002844,0.6738373950774268,0.6454531723458979,0.6950598563626416,0.7359367389406926,0.7087065093399806,0.6962115334560386,0.7221691802483194,0.6946606491173766,0.0766085850080227,0.7086889575278574,0.6959248986042414,0.7178965435335461,0.6924681505823871,0.7051671873947158,1.0,0.6922981745244902,0.7231777079718229,0.6959673294662819,0.7052133378468537,0.741280398815912,0.7420348738767184,0.6924077031411098,0.6913062659639005,0.6910517208907794,0.7294986560556025,0.7084092245481404
