../ecoli_genomes/GCF_000163235.1_ASM16323v1_genomic.fna.gz,../ecoli_genomes/GCF_000164555.1_ASM16455v1_genomic.fna.gz,../ecoli_genomes/GCF_000208545.1_ASM20854v2_genomic.fna.gz,../ecoli_genomes/GCF_000233875.1_ASM23387v1_genomic.fna.gz,../ecoli_genomes/GCF_000249735.1_ASM24973v2_genomic.fna.gz,../ecoli_genomes/GCF_000261145.1_Esch_coli_M919_V2_genomic.fna.gz,../ecoli_genomes/GCF_000267705.2_ASM26770v2_genomic.fna.gz,../ecoli_genomes/GCF_000350665.1_Esch_coli_KTE5_V1_genomic.fna.gz,../ecoli_genomes/GCF_000351625.1_Esch_coli_KTE66_V1_genomic.fna.gz,../ecoli_genomes/GCF_000352285.1_Esch_coli_KTE46_V1_genomic.fna.gz,../ecoli_genomes/GCF_000358895.1_ASM35889v1_genomic.fna.gz,../ecoli_genomes/GCF_000456385.1_Esch_coli_HVH_26_4-5703913_V1_genomic.fna.gz,../ecoli_genomes/GCF_000458195.1_Esch_coli_HVH_147_4-5893887_V1_genomic.fna.gz,../ecoli_genomes/GCF_000459755.1_Esch_coli_KOEGE_58_171a_V1_genomic.fna.gz,../ecoli_genomes/GCF_000460055.1_Esch_coli_UMEA_3053-1_V1_genomic.fna.gz,../ecoli_genomes/GCF_000462165.2_ASM46216v2_genomic.fna.gz,../ecoli_genomes/GCF_000601135.1_ASM60113v1_genomic.fna.gz,../ecoli_genomes/GCF_000614595.1_Ec2010EL1058_genomic.fna.gz,../ecoli_genomes/GCF_000617745.1_Ec2010C-4529_genomic.fna.gz,../ecoli_genomes/GCF_000618265.2_EcF6751_genomic.fna.gz,../ecoli_genomes/GCF_000619005.2_Ec2009C-4052_genomic.fna.gz,../ecoli_genomes/GCF_000619105.1_Ec2009C-4780_genomic.fna.gz,../ecoli_genomes/GCF_000619765.2_Ec2009C-3279_genomic.fna.gz,../ecoli_genomes/GCF_000687005.1_ASM68700v1_genomic.fna.gz,../ecoli_genomes/GCF_000687025.1_ASM68702v1_genomic.fna.gz,../ecoli_genomes/GCF_000700125.1_ASM70012v1_genomic.fna.gz,../ecoli_genomes/GCF_000753315.1_FHI35_genomic.fna.gz,../ecoli_genomes/GCF_000776375.1_ASM77637v1_genomic.fna.gz,../ecoli_genomes/GCF_000779395.1_ASM77939v1_genomic.fna.gz,../ecoli_genomes/GCF_000780315.1_ASM78031v1_genomic.fna.gz,../ecoli_genomes/GCF_000781995.1_ASM78199v1_genomic.fna.gz,../ecoli_genomes/GCF_000986765.1_ASM98676v1_genomic.fna.gz,../ecoli_genomes/GCF_001041375.1_ViralProj287958_genomic.fna.gz,../ecoli_genomes/GCF_001265335.1_302014_genomic.fna.gz,../ecoli_genomes/GCF_001265625.1_100854_genomic.fna.gz,../ecoli_genomes/GCF_001267345.1_303289_genomic.fna.gz,../ecoli_genomes/GCF_001309985.1_ASM130998v1_genomic.fna.gz,../ecoli_genomes/GCF_001521695.1_ASM152169v1_genomic.fna.gz,../ecoli_genomes/GCF_001592595.1_ASM159259v1_genomic.fna.gz,../ecoli_genomes/GCF_001614975.1_ASM161497v1_genomic.fna.gz,../ecoli_genomes/GCF_001692775.1_ASM169277v1_genomic.fna.gz,../ecoli_genomes/GCF_001748915.1_ASM174891v1_genomic.fna.gz,../ecoli_genomes/GCF_001749235.1_ASM174923v1_genomic.fna.gz,../ecoli_genomes/GCF_001881155.1_ASM188115v1_genomic.fna.gz,../ecoli_genomes/GCF_001881345.1_ASM188134v1_genomic.fna.gz,../ecoli_genomes/GCF_001892405.1_ASM189240v1_genomic.fna.gz,../ecoli_genomes/GCF_001892585.1_ASM189258v1_genomic.fna.gz,../ecoli_genomes/GCF_001893985.1_ASM189398v1_genomic.fna.gz,../ecoli_genomes/GCF_002001595.1_ASM200159v1_genomic.fna.gz,../ecoli_genomes/GCF_002002145.1_ASM200214v1_genomic.fna.gz
1.0,0.7779349200363943,0.7568277519032938,0.7659480616683789,0.7348985194096327,0.773620882228591,0.7669682285492196,0.7691407190273901,0.7932142459805887,0.7676600559682245,0.7716559913087049,0.7726238459938175,0.7717185541714473,0.7593769674480726,0.7543356932296785,0.7654600316999269,0.6944445111449169,0.772582278863166,0.7646719042204392,0.7703832407681348,0.7671741642474295,0.7631447567950158,0.7737848891368901,0.7274623854697861,0.717527456181295,0.6740928842020324,0.7667636579410398,0.7570311826111491,0.7761108436758144,0.7997092242272223,0.7490276436269444,0.7681954858443041,0.07690930947661112,0.7569853489414751,0.761447878949565,0.7654752146740567,0.7591437832082681,0.7687538709580644,0.6541917264114574,0.7726435680777309,0.7532780224635552,0.7723117052203765,0.7711023784557315,0.7681658294365974,0.7699935918160421,0.7693623666839347,0.7749028272914422,0.77508623504033,0.7506668093447828,0.7914143590332715
0.7779349200363943,1.0,0.7480005948089334,0.7578916903433521,0.7542275408825019,0.8321344446681384,0.7825383203273653,0.7617956909235107,0.7640127728667659,0.7657721666740087,0.7997473488051259,0.7610453800034052,0.8016261198963137,0.7547669049844221,0.7471431362833794,0.782365997055255,0.7122795015740987,0.8076844113446785,0.7916405572630963,0.7887521306693185,0.8035620078265986,0.7957911412964171,0.806812793728445,0.766916152725511,0.7592261479518728,0.6987764907330593,0.8043214082579078,0.7581923733321824,0.7749711477793197,0.7724298397629613,0.7546525866948031,0.7964314432148425,0.08380285168671164,0.7928591969100256,0.8246052492141958,0.7574357892896164,0.7757621881886787,0.811336660957824,0.6370434495193109,0.8085179420831999,0.752367580383925,0.8171655967643675,0.8071443057135135,0.7697042078166394,0.7683756331006623,0.7578550855729945,0.8188243970442999,0.8176414393268555,0.7654946517133127,0.7749940427933435
0.7568277519032938,0.7480005948089334,1.0,0.73308784291637,0.7048383939595291,0.7368767920853028,0.7443582446931577,0.7405179622467096,0.7541728637629994,0.7402675427839431,0.7482033607652985,0.7350003462090521,0.7492699458593619,0.7316268899258258,0.7277999914677284,0.7422461474620557,0.6539946196414941,0.7506337578107828,0.7367716792056161,0.750891696333069,0.7566029585698085,0.746246000377327,0.7608407802860161,0.6867349280766437,0.6819735012992134,0.6396792147572958,0.7529311827087739,0.7354345173787744,0.7553553956763042,0.7641861477256849,0.7347960985524551,0.7388669601502398,0.08891929758458073,0.7362392096451684,0.7318997009406093,0.7455577783849359,0.7392857396736011,0.751594096981721,0.6240760401587597,0.7511055445268096,0.729345188739985,0.7487951013283326,0.7480197735980041,0.7404080321940539,0.7314300633586093,0.7455093187290155,0.753557982381325,0.751874260857249,0.7440501239654778,0.7536881617764251
0.7659480616683789,0.7578916903433521,0.73308784291637,1.0,0.7226418450933032,0.7547346411989347,0.7460553902966942,0.8244178806790796,0.7594662786324536,0.820456512080389,0.7509215906443093,0.8231484589170126,0.7572262560455801,0.8465689413744054,0.8517132227813813,0.7510223462058541,0.6659895434726715,0.7514914792177537,0.7408207226602872,0.7506096453070339,0.7509983739507281,0.7467063934996941,0.7567812498953617,0.6954811886127277,0.7000507092763504,0.6489008929826919,0.7551049214660905,0.8239745640230858,0.7564163124275466,0.7562994803134242,0.826237691838148,0.7551417075857112,0.08244591927873823,0.740207507187493,0.7378932032687571,0.801075711359567,0.7429446085402263,0.7438676556721806,0.6788803377931143,0.7545088120030643,0.8362189738418219,0.7533077909761347,0.7552793045081936,0.8393995633753557,0.8302844747491188,0.7594281691110147,0.756811165025723,0.756660390379029,0.8062996912767935,0.7727265740247296
0.7348985194096327,0.7542275408825019,0.7048383939595291,0.7226418450933032,1.0,0.7731302468594551,0.7421161488122616,0.7242826853798918,0.7277564891168236,0.728809280799965,0.7795779948028868,0.7266777418486738,0.7764343022171765,0.7195584245005071,0.7208834152299937,0.7470427095931578,0.7157073465666259,0.7641944673223646,0.7555914070089178,0.7449524112818511,0.7647654736882451,0.7585672617731434,0.7643454065989244,0.7491471146298931,0.7321157006158714,0.6941562407461792,0.7677615513161665,0.7095384389885275,0.7410999052968605,0.7308335346902463,0.7171248819032798,0.77770591233654,0.08634711960172914,0.7686648814611577,0.7525035349332669,0.7220520119424969,0.7406772811042227,0.776885438579141,0.6577246590315522,0.7672791895505422,0.7213517301757327,0.7551246095603532,0.7692523801260022,0.7253578513885337,0.7218402813650726,0.7269374896274046,0.7688712854800972,0.7682092011503916,0.7083654179967825,0.7414315147326092
0.773620882228591,0.8321344446681384,0.7368767920853028,0.7547346411989347,0.7731302468594551,1.0,0.7858246951221513,0.7613211424319823,0.7633327885674048,0.7509225864212115,0.7911784409496128,0.7585313878067925,0.7917088200168547,0.7532091014179311,0.7462691980829632,0.7807821029301075,0.7271834590810418,0.8027848116957733,0.7971392427328999,0.7860999037903915,0.7903612604591874,0.7882567465089547,0.800295666782504,0.7713287687014648,0.7655525722393213,0.7057800308322445,0.7957661810679262,0.7480771621588944,0.7783463338794122,0.7643224524329689,0.7436556206840064,0.7965752574701505,0.08219831028861657,0.8000472904013392,0.8190350127810887,0.7605073483867554,0.7755731765793273,0.7995685203304388,0.6461343629958263,0.7973470579213607,0.7443310480588772,0.8125298543685527,0.8015320897458678,0.7611925639717527,0.760473123771155,0.7564709613165788,0.8125741890935522,0.8141029253749301,0.7527180289818569,0.7790522809465608
0.7669682285492196,0.7825383203273653,0.7443582446931577,0.7460553902966942,0.7421161488122616,0.7858246951221513,1.0,0.7482623199491804,0.7672680904005049,0.7490842116975868,0.7770266403994377,0.7453169718712428,0.7790920719838265,0.7467808031646135,0.7396074106300474,0.892013726225826,0.6793410115907443,0.8029450122101985,0.787861682821372,0.9339490852061973,0.7975065776794658,0.7901560357360897,0.8036793983204122,0.7236016831194871,0.7100254254958559,0.6641970679713884,0.7887296291435868,0.7423411065665599,0.7601179390865376,0.7722338859521574,0.7415789246018737,0.7720792975776094,0.09494701855979049,0.7809439130158028,0.776997779538184,0.754398710198143,0.9142377009548758,0.7740054878769916,0.6451042215385184,0.7765445166982319,0.7436154791034764,0.7821856369367524,0.7809460772696395,0.7512872960255694,0.7450409523510568,0.7577529991467336,0.7753434868524679,0.7747604494800426,0.7462932442146235,0.7715894394901042
0.7691407190273901,0.7617956909235107,0.7405179622467096,0.8244178806790796,0.7242826853798918,0.7613211424319823,0.7482623199491804,1.0,0.7644058977099382,0.8293086368231627,0.7579426457500482,0.8277429542686027,0.7659205255303094,0.8181220358373692,0.814248057746949,0.7508057218896993,0.6678558578074496,0.755074432065777,0.7464242965364205,0.7492027652229045,0.7538737677119746,0.7527877346095522,0.7592296071910253,0.7057719884118525,0.6978564456978842,0.6565685716244611,0.7597192393173947,0.8717441076825141,0.7710494533825313,0.7614084410494547,0.812038282878834,0.75118607958616,0.08359872110422217,0.7472888079360019,0.7421566566138857,0.7965377078331664,0.7406908273586975,0.756722392718769,0.6789024929746217,0.7633346002484473,0.8072639790393797,0.756040557169678,0.7630042629087623,0.8835313062034553,0.8672136999068647,0.7583421244146915,0.7598719271079942,0.7580379303109231,0.8095317197013625,0.7684785883983748
0.7932142459805887,0.7640127728667659,0.7541728637629994,0.7594662786324536,0.7277564891168236,0.7633327885674048,0.7672680904005049,0.7644058977099382,1.0,0.7618645223286524,0.7649370662228161,0.7507349163442842,0.769663538236381,0.7504549955062914,0.7483800378242279,0.769759223941338,0.669638660099948,0.7697820921319494,0.7581173759361767,0.7763426717494243,0.7598975913076667,0.7570631764477539,0.7665699930081907,0.7058580990916552,0.6985237595460245,0.6528234008335734,0.770205972588734,0.7496228954118905,0.7650315838610688,0.8003227270301988,0.7499981460546998,0.7609836258980617,0.07617316437811705,0.7523402789507414,0.7491098418949802,0.7615712921037324,0.7641041365012661,0.7583936241075117,0.6396190936910351,0.7649324093098697,0.7528641292472562,0.765457260144418,0.7659770688959631,0.7566685391074307,0.7505670325739313,0.7592526073822988,0.7678910378542452,0.7655494777828167,0.7501272988996575,0.7690114308808053
0.7676600559682245,0.7657721666740087,0.7402675427839431,0.820456512080389,0.728809280799965,0.7509225864212115,0.7490842116975868,0.8293086368231627,0.7618645223286524,1.0,0.7619416493094711,0.8156790465371406,0.7681333188388922,0.819902449857745,0.8189408059204435,0.7562251755273657,0.6562586353097153,0.7574822379816175,0.7411168249116621,0.7532630219129227,0.753592666795749,0.7485840132790795,0.7507732735178952,0.6994588216542443,0.6928718193534258,0.6502048599987074,0.7577329290277774,0.8263362653706677,0.7702552688745898,0.7627137125868767,0.8309025287787086,0.7430220669617356,0.08270371955634848,0.7422810467360232,0.7405591273393404,0.8027708092233943,0.7452523369967586,0.7484975657042834,0.6752317213956597,0.7674717131181605,0.8221970932588556,0.7505199717394246,0.7577743218025619,0.8314671156625228,0.8257380223474785,0.7621758434233041,0.762011522850955,0.7593744589879469,0.8175684837893806,0.7688268064192986
0.7716559913087049,0.7997473488051259,0.7482033607652985,0.7509215906443093,0.7795779948028868,0.7911784409496128,0.7770266403994377,0.7579426457500482,0.7649370662228161,0.7619416493094711,1.0,0.7506035386710657,0.8387960505292404,0.7522831207358596,0.7462116751712502,0.7760788108051973,0.6992869471238502,0.8177805848792505,0.7964502675563765,0.7827016926847487,0.8140500011598216,0.815686274828344,0.8182025981201342,0.750487934129782,0.7258851829958768,0.6905550071224628,0.8244144099295219,0.7501468492326209,0.7685092946639578,0.7720497212059595,0.749342186367025,0.8025808603408133,0.08736799035762022,0.8032396598213458,0.7908136617849213,0.7587792243729582,0.7680269926801903,0.8156217543711003,0.6435115618864599,0.8333925422987897,0.750294885794906,0.8022300778944521,0.8296465858210805,0.7580923185270037,0.7511618345127189,0.7578300338197579,0.8087416283019847,0.8051528722923025,0.7525379116374703,0.7731687735161336
0.7726238459938175,0.7610453800034052,0.7350003462090521,0.8231484589170126,0.7266777418486738,0.7585313878067925,0.7453169718712428,0.8277429542686027,0.7507349163442842,0.8156790465371406,0.7506035386710657,1.0,0.7585876676551804,0.8113821327039845,0.837557373617777,0.7461990156717839,0.6807442627422085,0.74821924524725,0.7340216082787915,0.7468688427088901,0.7491400043925133,0.7426702074272231,0.7516456169640373,0.7137622949297129,0.7099760325794768,0.6625583171855743,0.7502190354908433,0.815279784554747,0.7723570767616769,0.7596547267625251,0.7993107287168554,0.7454083693374389,0.08119659561427184,0.7418657995998281,0.7423693478018281,0.7946919773472916,0.7380747256293997,0.7469690079095566,0.6850397734265387,0.7562915200519265,0.8012839020276452,0.748259395031953,0.7520334688748739,0.8312121957826161,0.8256417998848123,0.7590673256547189,0.756519860587656,0.7562922137003341,0.7988789116275916,0.7671159949632692
0.7717185541714473,0.8016261198963137,0.7492699458593619,0.7572262560455801,0.7764343022171765,0.7917088200168547,0.7790920719838265,0.7659205255303094,0.769663538236381,0.7681333188388922,0.8387960505292404,0.7585876676551804,1.0,0.756109847771886,0.7547235069723979,0.7841651938935408,0.6947984385043409,0.8301942113601631,0.8144002470017432,0.7850527473745015,0.825553393211453,0.8419904678087959,0.8392027694639194,0.7428745014377917,0.7207471205151504,0.68303792689214,0.838886908723699,0.7549913823164683,0.7688139133246957,0.7745233690340223,0.7517731061920442,0.8103512982957706,0.0811039915923385,0.8205921745596222,0.7902638625117423,0.7563558511293367,0.7724806896704581,0.8297369400727976,0.6459928868134776,0.844219303905724,0.75482603663957,0.8006651811940587,0.8413927544681836,0.763378543749165,0.7549408868259231,0.7506640713616777,0.8086636248084658,0.8054438136649452,0.7537866538943625,0.7725577626159389
0.7593769674480726,0.7547669049844221,0.7316268899258258,0.8465689413744054,0.7195584245005071,0.7532091014179311,0.7467808031646135,0.8181220358373692,0.7504549955062914,0.819902449857745,0.7522831207358596,0.8113821327039845,0.756109847771886,1.0,0.8460183256010645,0.7485026190578333,0.6552848300151219,0.7553318800251789,0.743912044615437,0.7492985307934354,0.751389636448501,0.7464797940435315,0.7572538821982497,0.6868812739587211,0.6870512536178184,0.6477531300517712,0.7544963707590511,0.8279698759387304,0.7571768194898136,0.7520273017887518,0.8171514772726948,0.7432161220352999,0.07870663289667978,0.7423513852015371,0.7369177285816328,0.7978623827549634,0.7399057968559353,0.7458146499690042,0.6757111224758823,0.7579398205354709,0.8219374713690059,0.7461435622640856,0.7564668746025508,0.8376125068464728,0.8298081775165512,0.760512260518004,0.7559551601988539,0.7560886457788578,0.8065707377703244,0.7735268848322732
0.7543356932296785,0.7471431362833794,0.7277999914677284,0.8517132227813813,0.7208834152299937,0.7462691980829632,0.7396074106300474,0.814248057746949,0.7483800378242279,0.8189408059204435,0.7462116751712502,0.837557373617777,0.7547235069723979,0.8460183256010645,1.0,0.7460245353857298,0.6627987984715763,0.7471239189393994,0.731119384651862,0.7420080150367159,0.7463017944453025,0.740839157545998,0.7471696074456811,0.6951926496124929,0.6952363979299128,0.6503647378560555,0.7496915798137833,0.8090155503688885,0.7490566779312877,0.748394489036315,0.8212867109339073,0.7464968548891338,0.0809556519754785,0.734371639755184,0.728597032504829,0.7902041256063967,0.7367180257874975,0.7401145371393645,0.6727753969414257,0.7516104503458759,0.8258045378177632,0.7417917535980538,0.7496427864879611,0.8248110189903151,0.8125292248118947,0.7604096096749479,0.752721607040697,0.7523281821472354,0.7958115068997262,0.766160416711283
0.7654600316999269,0.782365997055255,0.7422461474620557,0.7510223462058541,0.7470427095931578,0.7807821029301075,0.892013726225826,0.7508057218896993,0.769759223941338,0.7562251755273657,0.7760788108051973,0.7461990156717839,0.7841651938935408,0.7485026190578333,0.7460245353857298,1.0,0.6774834042790057,0.7933086731283585,0.7784342116877365,0.9072111129579635,0.7861622915584756,0.7896898846111577,0.7926089362710869,0.724729336470354,0.7131764810111827,0.6712691744999841,0.7828984054378748,0.7429607338229374,0.7561225702701335,0.7758827431721849,0.7471363892907209,0.7692652187058904,0.08829297472866304,0.7759387201431114,0.7708127500290071,0.7535786171731459,0.8957235818447127,0.7716328900119793,0.6404357497664878,0.7753174397305439,0.7497185389981518,0.7783180567196494,0.775829005625109,0.7522766264040579,0.7478413086281397,0.7533957936685162,0.7782402447638379,0.776746923437274,0.7485054817520382,0.767824161781673
0.6944445111449169,0.7122795015740987,0.6539946196414941,0.6659895434726715,0.7157073465666259,0.7271834590810418,0.6793410115907443,0.6678558578074496,0.669638660099948,0.6562586353097153,0.6992869471238502,0.6807442627422085,0.6947984385043409,0.6552848300151219,0.6627987984715763,0.6774834042790057,1.0,0.6901530351699384,0.681094247440462,0.6801061083209284,0.6894967507822332,0.6937311342708816,0.6996760815559774,0.7998692065310044,0.7983057548718772,0.7258093421980127,0.6899031753591675,0.6489451802888389,0.6955974070650177,0.6737802339650905,0.6530727861525749,0.7475104035058977,0.07734644944339941,0.7074363233527186,0.7207815082377114,0.6641959152165721,0.6792853233478475,0.6969746169783884,0.5983983475346788,0.701361114641244,0.6522376175771673,0.711049044816042,0.697758161807691,0.6687272492760272,0.6706184365149825,0.6702134229907364,0.7220717093151054,0.7247488683856069,0.6461245653951203,0.6827760997604627
0.772582278863166,0.8076844113446785,0.7506337578107828,0.7514914792177537,0.7641944673223646,0.8027848116957733,0.8029450122101985,0.755074432065777,0.7697820921319494,0.7574822379816175,0.8177805848792505,0.74821924524725,0.8301942113601631,0.7553318800251789,0.7471239189393994,0.7933086731283585,0.6901530351699384,1.0,0.8378874703242669,0.8059367127704139,0.8419626046631864,0.8351411242552629,0.8433268728426118,0.7360119125706086,0.7175137840557103,0.6828690307745287,0.8386140742874159,0.750533857274551,0.76810456847311,0.7760141632671794,0.7475411169251343,0.809623038357766,0.08804208736829389,0.8127050952696491,0.7943204524246293,0.7581293895871608,0.7944415223702977,0.8146682973555587,0.6416092285832123,0.8249336760358754,0.7430601199127134,0.8069583368675213,0.828147607334291,0.7575927883641321,0.7539011829995235,0.757990251254514,0.8081819995481551,0.807975579261474,0.7517043091174768,0.7728084675765102
0.7646719042204392,0.7916405572630963,0.7367716792056161,0.7408207226602872,0.7555914070089178,0.7971392427328999,0.787861682821372,0.7464242965364205,0.7581173759361767,0.7411168249116621,0.7964502675563765,0.7340216082787915,0.8144002470017432,0.743912044615437,0.731119384651862,0.7784342116877365,0.681094247440462,0.8378874703242669,1.0,0.7872777446123743,0.8217767070304409,0.8231434630952493,0.8305333005996747,0.7245210330197851,0.7074959701621253,0.668829578959859,0.8218426025944398,0.737783005399844,0.7550269113161756,0.7613624749324613,0.7354932726366827,0.790974142345672,0.08073962839834903,0.8042323216223168,0.7860187279455215,0.7455675306057014,0.776139406246738,0.8059796323523815,0.6280460570590217,0.8120510278932191,0.7349081102783094,0.7929500122581288,0.8173327567411588,0.7458781874112126,0.7438077965232452,0.7460140379609561,0.7965408362159598,0.7969665254702489,0.739028123370496,0.7689456777776132
0.7703832407681348,0.7887521306693185,0.750891696333069,0.7506096453070339,0.7449524112818511,0.7860999037903915,0.9339490852061973,0.7492027652229045,0.7763426717494243,0.7532630219129227,0.7827016926847487,0.7468688427088901,0.7850527473745015,0.7492985307934354,0.7420080150367159,0.9072111129579635,0.6801061083209284,0.8059367127704139,0.7872777446123743,1.0,0.799899266279967,0.7929367269724297,0.805542467690964,0.7240692075287639,0.7139488579591565,0.6679747965477874,0.7926656003684559,0.7457404361634941,0.7638459757452264,0.7812479930197989,0.7460140487647107,0.7763345277552665,0.09110045058776717,0.7813247692029701,0.7782935788382589,0.7577445524315108,0.9251300326341385,0.7797462274420653,0.6446684977285178,0.7821597131333858,0.7479751534202579,0.7862658206169129,0.7844934589974357,0.7527008090172181,0.7472983219710094,0.7610408788226886,0.7828138828804944,0.7821343107901626,0.7518135849424068,0.7771908943804703
0.7671741642474295,0.8035620078265986,0.7566029585698085,0.7509983739507281,0.7647654736882451,0.7903612604591874,0.7975065776794658,0.7538737677119746,0.7598975913076667,0.753592666795749,0.8140500011598216,0.7491400043925133,0.825553393211453,0.751389636448501,0.7463017944453025,0.7861622915584756,0.6894967507822332,0.8419626046631864,0.8217767070304409,0.799899266279967,1.0,0.8296170860962758,0.843464076678984,0.7343443471232529,0.7188404226995173,0.6867051621410125,0.8358199913987338,0.7505117495715885,0.7614201083824388,0.7764595351416214,0.7492673121050266,0.8107333577899289,0.09000895999340397,0.8144249573761524,0.7869999462941535,0.7536121658341914,0.7882845584743355,0.8152649254072029,0.6406846815089986,0.8280450687279796,0.7468241264872038,0.7915356074094829,0.8281187036796007,0.7577660119685288,0.7518139431451005,0.7610692959742374,0.805680809815454,0.8055072015551942,0.7489231598360888,0.7711893990268828
0.7631447567950158,0.7957911412964171,0.746246000377327,0.7467063934996941,0.7585672617731434,0.7882567465089547,0.7901560357360897,0.7527877346095522,0.7570631764477539,0.7485840132790795,0.815686274828344,0.7426702074272231,0.8419904678087959,0.7464797940435315,0.740839157545998,0.7896898846111577,0.6937311342708816,0.8351411242552629,0.8231434630952493,0.7929367269724297,0.8296170860962758,1.0,0.8877080618181493,0.7346011480410155,0.7151748439501722,0.6791903018904863,0.8291545240711601,0.7440651574928078,0.7616620636412954,0.7656418768612367,0.7413881731330405,0.8077884984400072,0.08776611269167889,0.8419352177948098,0.7902283375688217,0.7509030222666881,0.7815004676952751,0.8160668725552305,0.6389950013868106,0.8246036786731525,0.7420217119998413,0.7918136541499022,0.8343698795433669,0.7525637134626996,0.7461260522621631,0.74916976099789,0.7934602522008719,0.7910081668889047,0.7457407043610033,0.769039895922217
0.7737848891368901,0.806812793728445,0.7608407802860161,0.7567812498953617,0.7643454065989244,0.800295666782504,0.8036793983204122,0.7592296071910253,0.7665699930081907,0.7507732735178952,0.8182025981201342,0.7516456169640373,0.8392027694639194,0.7572538821982497,0.7471696074456811,0.7926089362710869,0.6996760815559774,0.8433268728426118,0.8305333005996747,0.805542467690964,0.843464076678984,0.8877080618181493,1.0,0.7329932324386972,0.724080066739478,0.6823994708452645,0.8406576170592758,0.7515135314609095,0.7701187261803699,0.7722319067073181,0.7492548349118591,0.8187057429228306,0.08680857223177485,0.8452906951631904,0.7957299134117173,0.7607305762117568,0.7914148568845301,0.823005948051536,0.6407319827219701,0.8280522760313552,0.7477617549380956,0.8042957253644646,0.8344810106529796,0.7587871997488418,0.7546144840016613,0.7597374998037518,0.8043819787193548,0.804194652771222,0.7514418720479079,0.7772459482452536
0.7274623854697861,0.766916152725511,0.6867349280766437,0.6954811886127277,0.7491471146298931,0.7713287687014648,0.7236016831194871,0.7057719884118525,0.7058580990916552,0.6994588216542443,0.750487934129782,0.7137622949297129,0.7428745014377917,0.6868812739587211,0.6951926496124929,0.724729336470354,0.7998692065310044,0.7360119125706086,0.7245210330197851,0.7240692075287639,0.7343443471232529,0.7346011480410155,0.7329932324386972,1.0,0.797360845803493,0.7382122615459539,0.7356033246298899,0.6892534281275697,0.7299583601878705,0.7139295916461548,0.6876787171690024,0.7703114290286648,0.07887408488414327,0.743818988801971,0.7715686612919588,0.6986422447384502,0.7209948499417823,0.7367111234826944,0.6186731189910719,0.7396296055128698,0.6884603551842905,0.7548882605952885,0.7372611503503158,0.7075457394027276,0.7071117853557853,0.7029346593756369,0.758544763217349,0.7568543062682932,0.6889545169399313,0.7187260515978817
0.717527456181295,0.7592261479518728,0.6819735012992134,0.7000507092763504,0.7321157006158714,0.7655525722393213,0.7100254254958559,0.6978564456978842,0.6985237595460245,0.6928718193534258,0.7258851829958768,0.7099760325794768,0.7207471205151504,0.6870512536178184,0.6952363979299128,0.7131764810111827,0.7983057548718772,0.7175137840557103,0.7074959701621253,0.7139488579591565,0.7188404226995173,0.7151748439501722,0.724080066739478,0.797360845803493,1.0,0.7383556071246191,0.718104827983773,0.6779612044842575,0.7105023150190573,0.7010984400524813,0.688286993759449,0.7693454851827013,0.08175775006514574,0.72994965898236,0.7604974383832857,0.6945499481101769,0.7108103776621127,0.7280581034267948,0.613770681581761,0.7230853508447869,0.6918624246139029,0.7386575207784662,0.7249714496713342,0.7024924895855624,0.7032901009076777,0.6994515141361913,0.7419700519012241,0.7453395380714306,0.6893180400685142,0.7075749364336852
0.6740928842020324,0.6987764907330593,0.6396792147572958,0.6489008929826919,0.6941562407461792,0.7057800308322445,0.6641970679713884,0.6565685716244611,0.6528234008335734,0.6502048599987074,0.6905550071224628,0.6625583171855743,0.68303792689214,0.6477531300517712,0.6503647378560555,0.6712691744999841,0.7258093421980127,0.6828690307745287,0.668829578959859,0.6679747965477874,0.6867051621410125,0.6791903018904863,0.6823994708452645,0.7382122615459539,0.7383556071246191,1.0,0.677079033816971,0.6437226266641939,0.6748552460056237,0.6627740925517578,0.6449217109079892,0.7045393279636866,0.07429500235475084,0.6929657265959468,0.711156929797409,0.6497451218157424,0.6658845157342742,0.6918409820146216,0.5778725795395057,0.6857493482270846,0.6494229256836535,0.6978376636822716,0.6831429834322482,0.6573092485223109,0.6575724631928695,0.6500696142607296,0.7107326560547429,0.7141276092990729,0.6439044105958378,0.6689523392005423
0.7667636579410398,0.8043214082579078,0.7529311827087739,0.7551049214660905,0.7677615513161665,0.7957661810679262,0.7887296291435868,0.7597192393173947,0.770205972588734,0.7577329290277774,0.8244144099295219,0.7502190354908433,0.838886908723699,0.7544963707590511,0.7496915798137833,0.7828984054378748,0.6899031753591675,0.8386140742874159,0.8218426025944398,0.7926656003684559,0.8358199913987338,0.8291545240711601,0.8406576170592758,0.7356033246298899,0.718104827983773,0.677079033816971,1.0,0.7526451484058888,0.7694944037048274,0.7706348693408664,0.7542229426652405,0.8183687499314549,0.08995202167523653,0.8159363900905591,0.7940265710133706,0.7611812012146693,0.7804831793427798,0.8363787440603451,0.642142790730879,0.8355327334365816,0.7507591760702536,0.7976729919723268,0.8572892402508,0.7604115032527858,0.7502630711589194,0.7563435197473696,0.7985944695096252,0.7961245833804461,0.7534819695012416,0.7715267158034307
0.7570311826111491,0.7581923733321824,0.7354345173787744,0.8239745640230858,0.7095384389885275,0.7480771621588944,0.7423411065665599,0.8717441076825141,0.7496228954118905,0.8263362653706677,0.7501468492326209,0.815279784554747,0.7549913823164683,0.8279698759387304,0.8090155503688885,0.7429607338229374,0.6489451802888389,0.750533857274551,0.737783005399844,0.7457404361634941,0.7505117495715885,0.7440651574928078,0.7515135314609095,0.6892534281275697,0.6779612044842575,0.6437226266641939,0.7526451484058888,1.0,0.765330170050704,0.7527804695463339,0.8093424727786329,0.738001133882678,0.08280916536964844,0.7375267088772912,0.7318459949281779,0.79233975439382,0.7337456185334155,0.7535093119039051,0.6724855176307689,0.760036174334188,0.8057342602044884,0.7454177406633812,0.7545287567377407,0.91126113468485,0.8904863759122461,0.7490706127086708,0.7522907222840431,0.7499357397781959,0.8191341523562627,0.7643378551978404
0.7761108436758144,0.7749711477793197,0.7553553956763042,0.7564163124275466,0.7410999052968605,0.7783463338794122,0.7601179390865376,0.7710494533825313,0.7650315838610688,0.7702552688745898,0.7685092946639578,0.7723570767616769,0.7688139133246957,0.7571768194898136,0.7490566779312877,0.7561225702701335,0.6955974070650177,0.76810456847311,0.7550269113161756,0.7638459757452264,0.7614201083824388,0.7616620636412954,0.7701187261803699,0.7299583601878705,0.7105023150190573,0.6748552460056237,0.7694944037048274,0.765330170050704,1.0,0.769664780475849,0.7568521019590457,0.7587324201171393,0.08077948726245698,0.7631393482275506,0.758957721979864,0.7654548256750922,0.7559098357963894,0.7738111312356776,0.6511560965260347,0.7787205575141348,0.7516602572125739,0.7672928642198376,0.7663904150427714,0.7687507725760874,0.7609040921109099,0.781609842528141,0.768918997158651,0.7662727024641189,0.7635024498031671,0.8461966412328032
0.7997092242272223,0.7724298397629613,0.7641861477256849,0.7562994803134242,0.7308335346902463,0.7643224524329689,0.7722338859521574,0.7614084410494547,0.8003227270301988,0.7627137125868767,0.7720497212059595,0.7596547267625251,0.7745233690340223,0.7520273017887518,0.748394489036315,0.7758827431721849,0.6737802339650905,0.7760141632671794,0.7613624749324613,0.7812479930197989,0.7764595351416214,0.7656418768612367,0.7722319067073181,0.7139295916461548,0.7010984400524813,0.6627740925517578,0.7706348693408664,0.7527804695463339,0.769664780475849,1.0,0.7489176068256377,0.7613606210598755,0.08591750995254999,0.7501527513083244,0.7561610847040203,0.7651472514499552,0.769619388128872,0.7681904420459533,0.6515291992367807,0.7780154292090491,0.7506514076039231,0.7660052461836823,0.7687723892118361,0.7589046201904707,0.7540662144922342,0.7760106807158105,0.7759188698389627,0.7746842062570243,0.756841202841317,0.7795769453956082
0.7490276436269444,0.7546525866948031,0.7347960985524551,0.826237691838148,0.7171248819032798,0.7436556206840064,0.7415789246018737,0.812038282878834,0.7499981460546998,0.8309025287787086,0.749342186367025,0.7993107287168554,0.7517731061920442,0.8171514772726948,0.8212867109339073,0.7471363892907209,0.6530727861525749,0.7475411169251343,0.7354932726366827,0.7460140487647107,0.7492673121050266,0.7413881731330405,0.7492548349118591,0.6876787171690024,0.688286993759449,0.6449217109079892,0.7542229426652405,0.8093424727786329,0.7568521019590457,0.7489176068256377,1.0,0.7375099630627238,0.08142194297691241,0.7368873946403192,0.7329653186194152,0.7878460030864513,0.7391093986824723,0.7413194277587336,0.6556619092404223,0.7547693129807291,0.8602546578246202,0.7447415582153256,0.7513399237836577,0.816846577594995,0.8037377709998867,0.7553323784190682,0.7500873875056118,0.7486127103601495,0.7962651675285108,0.7617449769633593
0.7681954858443041,0.7964314432148425,0.7388669601502398,0.7551417075857112,0.77770591233654,0.7965752574701505,0.7720792975776094,0.75118607958616,0.7609836258980617,0.7430220669617356,0.8025808603408133,0.7454083693374389,0.8103512982957706,0.7432161220352999,0.7464968548891338,0.7692652187058904,0.7475104035058977,0.809623038357766,0.790974142345672,0.7763345277552665,0.8107333577899289,0.8077884984400072,0.8187057429228306,0.7703114290286648,0.7693454851827013,0.7045393279636866,0.8183687499314549,0.738001133882678,0.7587324201171393,0.7613606210598755,0.7375099630627238,1.0,0.0852843216038286,0.8020861028953674,0.7851549702585926,0.7440248701023155,0.7719648142469503,0.8138224355520082,0.6418361264215968,0.8091162098526736,0.7390772609850518,0.7980846681153632,0.8218891272467265,0.7531404529490474,0.7500673701497669,0.7479743333456031,0.802486216427128,0.8028423079776457,0.7329855944456127,0.7597460370928641
0.07690930947661112,0.08380285168671164,0.08891929758458073,0.08244591927873823,0.08634711960172914,0.08219831028861657,0.09494701855979049,0.08359872110422217,0.07617316437811705,0.08270371955634848,0.08736799035762022,0.08119659561427184,0.0811039915923385,0.07870663289667978,0.0809556519754785,0.08829297472866304,0.07734644944339941,0.08804208736829389,0.08073962839834903,0.09110045058776717,0.09000895999340397,0.08776611269167889,0.08680857223177485,0.07887408488414327,0.08175775006514574,0.07429500235475084,0.08995202167523653,0.08280916536964844,0.08077948726245698,0.08591750995254999,0.08142194297691241,0.0852843216038286,1.0,0.08644929682337255,0.08689100162426333,0.0804403556762937,0.08980666993896069,0.08581363020082389,0.07335893828647022,0.08680057251334183,0.07977976609323878,0.08333135282295312,0.08395320248888682,0.08192155481139807,0.08130962292739186,0.08743562885744494,0.08204818833687055,0.08220788235803922,0.07928817865077176,0.0847289262662444
0.7569853489414751,0.7928591969100256,0.7362392096451684,0.740207507187493,0.7686648814611577,0.8000472904013392,0.7809439130158028,0.7472888079360019,0.7523402789507414,0.7422810467360232,0.8032396598213458,0.7418657995998281,0.8205921745596222,0.7423513852015371,0.734371639755184,0.7759387201431114,0.7074363233527186,0.8127050952696491,0.8042323216223168,0.7813247692029701,0.8144249573761524,0.8419352177948098,0.8452906951631904,0.743818988801971,0.72994965898236,0.6929657265959468,0.8159363900905591,0.7375267088772912,0.7631393482275506,0.7501527513083244,0.7368873946403192,0.8020861028953674,0.08644929682337255,1.0,0.790119524763793,0.7563038025252937,0.7728308474870696,0.8044244105369256,0.6402803326715598,0.8135447331753939,0.733499905018643,0.7987653183417717,0.8201685201411466,0.7476872738681644,0.7452935897091514,0.7449141136661697,0.7929479993402516,0.7922020100271908,0.7388155447695165,0.7631631250998745
0.761447878949565,0.8246052492141958,0.7318997009406093,0.7378932032687571,0.7525035349332669,0.8190350127810887,0.776997779538184,0.7421566566138857,0.7491098418949802,0.7405591273393404,0.7908136617849213,0.7423693478018281,0.7902638625117423,0.7369177285816328,0.728597032504829,0.7708127500290071,0.7207815082377114,0.7943204524246293,0.7860187279455215,0.7782935788382589,0.7869999462941535,0.7902283375688217,0.7957299134117173,0.7715686612919588,0.7604974383832857,0.711156929797409,0.7940265710133706,0.7318459949281779,0.758957721979864,0.7561610847040203,0.7329653186194152,0.7851549702585926,0.08689100162426333,0.790119524763793,1.0,0.7392185692756569,0.7662938702376895,0.7883283585493193,0.6356570249887674,0.797150932355914,0.7303010947313917,0.8030044075996962,0.7985847626145224,0.7418631001753075,0.7381343207330606,0.7387640034096412,0.798319542027475,0.7970214218817653,0.7397453978615851,0.7641348660093095
0.7654752146740567,0.7574357892896164,0.7455577783849359,0.801075711359567,0.7220520119424969,0.7605073483867554,0.754398710198143,0.7965377078331664,0.7615712921037324,0.8027708092233943,0.7587792243729582,0.7946919773472916,0.7563558511293367,0.7978623827549634,0.7902041256063967,0.7535786171731459,0.6641959152165721,0.7581293895871608,0.7455675306057014,0.7577445524315108,0.7536121658341914,0.7509030222666881,0.7607305762117568,0.6986422447384502,0.6945499481101769,0.6497451218157424,0.7611812012146693,0.79233975439382,0.7654548256750922,0.7651472514499552,0.7878460030864513,0.7440248701023155,0.0804403556762937,0.7563038025252937,0.7392185692756569,1.0,0.7478652301428244,0.7490292961045876,0.6955214444625322,0.7627159130454194,0.7880553151796194,0.757876867475401,0.7591513809939948,0.8010422516387876,0.7958553518948946,0.754519476352382,0.7637578563923979,0.7612862857393488,0.7996483934837394,0.7717055719806901
0.7591437832082681,0.7757621881886787,0.7392857396736011,0.7429446085402263,0.7406772811042227,0.7755731765793273,0.9142377009548758,0.7406908273586975,0.7641041365012661,0.7452523369967586,0.7680269926801903,0.7380747256293997,0.7724806896704581,0.7399057968559353,0.7367180257874975,0.8957235818447127,0.6792853233478475,0.7944415223702977,0.776139406246738,0.9251300326341385,0.7882845584743355,0.7815004676952751,0.7914148568845301,0.7209948499417823,0.7108103776621127,0.6658845157342742,0.7804831793427798,0.7337456185334155,0.7559098357963894,0.769619388128872,0.7391093986824723,0.7719648142469503,0.08980666993896069,0.7728308474870696,0.7662938702376895,0.7478652301428244,1.0,0.7693650390876292,0.6400796398119708,0.7681207589266106,0.7423187654722841,0.7757941470232153,0.7744028383905263,0.7424292119356153,0.7366746306265386,0.7489309558408173,0.7707775284145548,0.7702009732485318,0.7416556165948496,0.7657365479689929
0.7687538709580644,0.811336660957824,0.751594096981721,0.7438676556721806,0.776885438579141,0.7995685203304388,0.7740054878769916,0.756722392718769,0.7583936241075117,0.7484975657042834,0.8156217543711003,0.7469690079095566,0.8297369400727976,0.7458146499690042,0.7401145371393645,0.7716328900119793,0.6969746169783884,0.8146682973555587,0.8059796323523815,0.7797462274420653,0.8152649254072029,0.8160668725552305,0.823005948051536,0.7367111234826944,0.7280581034267948,0.6918409820146216,0.8363787440603451,0.7535093119039051,0.7738111312356776,0.7681904420459533,0.7413194277587336,0.8138224355520082,0.08581363020082389,0.8044244105369256,0.7883283585493193,0.7490292961045876,0.7693650390876292,1.0,0.641582369922148,0.8300595710386519,0.7442830628907091,0.797016861878289,0.8531313977616367,0.7601641235428898,0.7505441516174927,0.7518195273087941,0.8079159560690857,0.8067431455384142,0.7562778285664931,0.7720801890586488
0.6541917264114574,0.6370434495193109,0.6240760401587597,0.6788803377931143,0.6577246590315522,0.6461343629958263,0.6451042215385184,0.6789024929746217,0.6396190936910351,0.6752317213956597,0.6435115618864599,0.6850397734265387,0.6459928868134776,0.6757111224758823,0.6727753969414257,0.6404357497664878,0.5983983475346788,0.6416092285832123,0.6280460570590217,0.6446684977285178,0.6406846815089986,0.6389950013868106,0.6407319827219701,0.6186731189910719,0.613770681581761,0.5778725795395057,0.642142790730879,0.6724855176307689,0.6511560965260347,0.6515291992367807,0.6556619092404223,0.6418361264215968,0.07335893828647022,0.6402803326715598,0.6356570249887674,0.6955214444625322,0.6400796398119708,0.641582369922148,1.0,0.6444030986697319,0.662452704918425,0.6371743694869331,0.6482699702579329,0.6845822879559127,0.6817933149869718,0.6365936089134261,0.6437856830939792,0.643748488845169,0.668554171412792,0.6580963886226506
