../ecoli_genomes/GCF_000163235.1_ASM16323v1_genomic.fna.gz,../ecoli_genomes/GCF_000164555.1_ASM16455v1_genomic.fna.gz,../ecoli_genomes/GCF_000208545.1_ASM20854v2_genomic.fna.gz,../ecoli_genomes/GCF_000233875.1_ASM23387v1_genomic.fna.gz,../ecoli_genomes/GCF_000249735.1_ASM24973v2_genomic.fna.gz,../ecoli_genomes/GCF_000261145.1_Esch_coli_M919_V2_genomic.fna.gz,../ecoli_genomes/GCF_000267705.2_ASM26770v2_genomic.fna.gz,../ecoli_genomes/GCF_000350665.1_Esch_coli_KTE5_V1_genomic.fna.gz,../ecoli_genomes/GCF_000351625.1_Esch_coli_KTE66_V1_genomic.fna.gz,../ecoli_genomes/GCF_000352285.1_Esch_coli_KTE46_V1_genomic.fna.gz,../ecoli_genomes/GCF_000358895.1_ASM35889v1_genomic.fna.gz,../ecoli_genomes/GCF_000456385.1_Esch_coli_HVH_26_4-5703913_V1_genomic.fna.gz,../ecoli_genomes/GCF_000458195.1_Esch_coli_HVH_147_4-5893887_V1_genomic.fna.gz,../ecoli_genomes/GCF_000459755.1_Esch_coli_KOEGE_58_171a_V1_genomic.fna.gz,../ecoli_genomes/GCF_000460055.1_Esch_coli_UMEA_3053-1_V1_genomic.fna.gz,../ecoli_genomes/GCF_000462165.2_ASM46216v2_genomic.fna.gz,../ecoli_genomes/GCF_000601135.1_ASM60113v1_genomic.fna.gz,../ecoli_genomes/GCF_000614595.1_Ec2010EL1058_genomic.fna.gz,../ecoli_genomes/GCF_000617745.1_Ec2010C-4529_genomic.fna.gz,../ecoli_genomes/GCF_000618265.2_EcF6751_genomic.fna.gz,../ecoli_genomes/GCF_000619005.2_Ec2009C-4052_genomic.fna.gz,../ecoli_genomes/GCF_000619105.1_Ec2009C-4780_genomic.fna.gz,../ecoli_genomes/GCF_000619765.2_Ec2009C-3279_genomic.fna.gz,../ecoli_genomes/GCF_000687005.1_ASM68700v1_genomic.fna.gz,../ecoli_genomes/GCF_000687025.1_ASM68702v1_genomic.fna.gz,../ecoli_genomes/GCF_000700125.1_ASM70012v1_genomic.fna.gz,../ecoli_genomes/GCF_000753315.1_FHI35_genomic.fna.gz,../ecoli_genomes/GCF_000776375.1_ASM77637v1_genomic.fna.gz,../ecoli_genomes/GCF_000779395.1_ASM77939v1_genomic.fna.gz,../ecoli_genomes/GCF_000780315.1_ASM78031v1_genomic.fna.gz,../ecoli_genomes/GCF_000781995.1_ASM78199v1_genomic.fna.gz,../ecoli_genomes/GCF_000986765.1_ASM98676v1_genomic.fna.gz,../ecoli_genomes/GCF_001041375.1_ViralProj287958_genomic.fna.gz,../ecoli_genomes/GCF_001265335.1_302014_genomic.fna.gz,../ecoli_genomes/GCF_001265625.1_100854_genomic.fna.gz,../ecoli_genomes/GCF_001267345.1_303289_genomic.fna.gz,../ecoli_genomes/GCF_001309985.1_ASM130998v1_genomic.fna.gz,../ecoli_genomes/GCF_001521695.1_ASM152169v1_genomic.fna.gz,../ecoli_genomes/GCF_001592595.1_ASM159259v1_genomic.fna.gz,../ecoli_genomes/GCF_001614975.1_ASM161497v1_genomic.fna.gz,../ecoli_genomes/GCF_001692775.1_ASM169277v1_genomic.fna.gz,../ecoli_genomes/GCF_001748915.1_ASM174891v1_genomic.fna.gz,../ecoli_genomes/GCF_001749235.1_ASM174923v1_genomic.fna.gz,../ecoli_genomes/GCF_001881155.1_ASM188115v1_genomic.fna.gz,../ecoli_genomes/GCF_001881345.1_ASM188134v1_genomic.fna.gz,../ecoli_genomes/GCF_001892405.1_ASM189240v1_genomic.fna.gz,../ecoli_genomes/GCF_001892585.1_ASM189258v1_genomic.fna.gz,../ecoli_genomes/GCF_001893985.1_ASM189398v1_genomic.fna.gz,../ecoli_genomes/GCF_002001595.1_ASM200159v1_genomic.fna.gz,../ecoli_genomes/GCF_002002145.1_ASM200214v1_genomic.fna.gz
1.0,0.7820261104040113,0.75879495340236,0.7676304220691965,0.742448594086007,0.7609502386127995,0.7757154702742882,0.7656900919120171,0.7929475478286253,0.7741912361983974,0.780680008747382,0.7754518647768419,0.765633017650751,0.7644949040796172,0.759592336257661,0.7740273108592779,0.7583534709094112,0.7811700158237065,0.7297208642343707,0.7782529325453008,0.7781352969988086,0.7424661302271676,0.7779111722628043,0.7645265937965614,0.7567280536527756,0.7618477692809041,0.7788919506297449,0.7693728175021399,0.7831138779727554,0.7964242776677173,0.7560543097892213,0.7683121044808852,0.06410876190310766,0.7676508513707125,0.7603664221520904,0.7706706155635696,0.7597486312000584,0.7744779143513658,0.6904119295063698,0.7826149646646922,0.7601959109998025,0.773074892399763,0.7762300890536693,0.7708704728924458,0.774305967525331,0.7787107635559335,0.775541312511417,0.775631602768327,0.7710470174023936,0.7848336204930934
0.7820261104040113,1.0,0.7519698811220719,0.7649203356716687,0.7644416781754013,0.8122155403891058,0.7773726794106494,0.7647773975749554,0.7654920725017369,0.7758673611631426,0.8030559451115344,0.7762794711080514,0.789192945075406,0.7643493439140813,0.7588369864663704,0.7764040553126814,0.7990369752114103,0.8083815961015377,0.7437010960499354,0.7803394912243423,0.7995947692793945,0.7591201489501835,0.8036794484374564,0.8223163782618654,0.8173391249254638,0.8140528322569746,0.8076452578508652,0.7652327369280805,0.7793429871836695,0.7737151067144552,0.7644963198514957,0.791922731253756,0.07801245371405918,0.7951670582041233,0.827480582680258,0.7745199100772877,0.7615673616134182,0.803984892636111,0.6882444303657219,0.8046100531501921,0.764486094490644,0.8197042743599046,0.8099545490994082,0.7711980471050882,0.7726920245979874,0.771959690681812,0.819138515722512,0.8187941231451439,0.7710991856602358,0.7710102443604933
0.75879495340236,0.7519698811220719,1.0,0.737245668846839,0.7098097065725328,0.7246891984118106,0.7405949337116116,0.73811711678679,0.7523927348783508,0.7448317045582429,0.7337723217816252,0.7400132708764141,0.7343380171598387,0.7388713778061042,0.7376715474038607,0.7456251417791344,0.7290073805097774,0.744253849213187,0.7018256609823703,0.7461211154767974,0.7476758709091765,0.707445533671065,0.7434394076094523,0.7325686350465246,0.7256082369765289,0.7342226686784108,0.7414105432010456,0.74127786398784,0.7499096540829391,0.7535913376345882,0.7322110127016705,0.7370601341089815,0.0711931079334498,0.7410859868618516,0.7345928645301388,0.7499142951889164,0.7266034342868246,0.738018124428209,0.6741625864276352,0.7409758101283677,0.7382093146063371,0.7473948876065203,0.7486237863334355,0.7467604914745671,0.7457227612001049,0.7455672505227482,0.749774879804372,0.7491499032574542,0.7508968053362994,0.7508484955699369
0.7676304220691965,0.7649203356716687,0.737245668846839,1.0,0.7478344766603593,0.74257930180158,0.7582465375403363,0.8191059535495991,0.7571831993603406,0.8283740208825677,0.7580224082382518,0.8271842751571056,0.7585926754699497,0.8448525565288381,0.8492262422227136,0.7633175465820801,0.7526825245537729,0.760612801961103,0.7099046832790916,0.7592184132280774,0.7518959421714777,0.7215103293332964,0.7609257078269513,0.7484213945166172,0.7420849975042403,0.7550108353504134,0.7575281282694801,0.8300013481672452,0.7696541386168727,0.7600079643858965,0.8229927625640102,0.767097248406512,0.07002107139902958,0.7560138419255866,0.7430032554595629,0.8049149008454006,0.7478039864074417,0.7544646825387986,0.7133101076663638,0.7561536692823312,0.8393990777539593,0.7581060810900369,0.7556248682375902,0.8310224708996529,0.8265864849228667,0.7716884018064762,0.7536532557234459,0.7533069504924041,0.8055263977909752,0.7746927805592125
0.742448594086007,0.7644416781754013,0.7098097065725328,0.7478344766603593,1.0,0.7599021002461132,0.7442094981188674,0.7370029675865613,0.746515743067087,0.7490172753986335,0.7773362105209074,0.7267797128623601,0.7872549091382295,0.7402729281782041,0.7437520362407727,0.7593377719733729,0.7709682017246953,0.763941705726439,0.7134945679715883,0.7449445749241375,0.769428201980777,0.7326829609716761,0.770737264342054,0.7703956390636122,0.7550840239504235,0.779431582071633,0.7663701898954978,0.7288124271061897,0.735615962742863,0.7489731745231805,0.733116371216084,0.7795318844849161,0.07287484666850685,0.765844630465903,0.755661276812624,0.736635787565756,0.7400229411090254,0.7858919225866714,0.6753883883299561,0.7719351022973582,0.7552351858033781,0.7735200446410879,0.7797259200587354,0.730501497880658,0.735404240519222,0.7301366210620632,0.7685228482635043,0.7686877990347475,0.7259574584914628,0.7433315091407249
0.7609502386127995,0.8122155403891058,0.7246891984118106,0.74257930180158,0.7599021002461132,1.0,0.7675462371524882,0.7476342995818842,0.7554738276426195,0.7497785025769985,0.7866624484213369,0.7457560972120684,0.7745363892075356,0.7451012358590192,0.7359253440861218,0.7685835293691696,0.7870825847943772,0.7862556647637573,0.7363736908769769,0.763862883292427,0.7754479011154963,0.7870326223668525,0.7926306953456974,0.7959624167901544,0.798209646634761,0.7887914968309976,0.7806699957183185,0.740490743962453,0.7654526468174425,0.7512455205322023,0.7370062406083935,0.779709325350723,0.07856962036916937,0.7994288354551704,0.8070250491382344,0.7637913453623117,0.7601542827784882,0.7834499892492341,0.6939796812014303,0.7885240874971589,0.7414064989203916,0.8024350880238611,0.7889100167435463,0.7410816388409385,0.7488011754124296,0.7494585037244639,0.7942372980764063,0.7963076692596238,0.7438970603357711,0.7587161602689949
0.7757154702742882,0.7773726794106494,0.7405949337116116,0.7582465375403363,0.7442094981188674,0.7675462371524882,1.0,0.7570230861308127,0.7703333362761441,0.7571314800499248,0.7773222154314612,0.7577702726524487,0.7735473629026771,0.7576080749543859,0.7473230110519111,0.8918865033158152,0.7605919305532588,0.7989774588178153,0.7434742428596868,0.9388599595618411,0.7952354438278411,0.7590259973726291,0.80135531894156,0.7638335819342639,0.7527837437012218,0.7610041219820906,0.785390040712429,0.7587345014179561,0.7676714400243325,0.7654796037901982,0.7469300324514754,0.7725541866832154,0.08620598981117933,0.7877354571775739,0.7652029539826618,0.7718487846759626,0.9088699616451804,0.7704546391838092,0.6896822814987746,0.7838558035774484,0.7466604343980399,0.7817577951291559,0.7844351940808626,0.7618921457221007,0.7634730130104205,0.7582751765501564,0.7720293075703887,0.7731157651406593,0.752281457055719,0.763587436319891
0.7656900919120171,0.7647773975749554,0.73811711678679,0.8191059535495991,0.7370029675865613,0.7476342995818842,0.7570230861308127,1.0,0.7582276341894001,0.8193767583161466,0.7499440305119172,0.8134369266085862,0.7566965702871459,0.8202450035077674,0.8110893684002622,0.7577694963368241,0.7495993459576595,0.7611413994512284,0.7171181675568126,0.7565747448415998,0.7583717564292075,0.726316353207976,0.7607730368901509,0.7487557142498771,0.7417334681100058,0.7505306677173087,0.7566247237062568,0.8815860240007402,0.7812789890669242,0.7596106013190526,0.8119165160681402,0.7588913630439097,0.07666268897625661,0.7589291112366193,0.7435267502643179,0.7959532222533554,0.7468621823082124,0.7639043417884179,0.7234983226573314,0.7575211187379594,0.8157125806026087,0.7558447393670374,0.7572590640633866,0.8839221742063851,0.8748992077019926,0.7670121551046711,0.7495762379638052,0.7493183066374658,0.805094656727731,0.7751409130301782
0.7929475478286253,0.7654920725017369,0.7523927348783508,0.7571831993603406,0.746515743067087,0.7554738276426195,0.7703333362761441,0.7582276341894001,1.0,0.7705268886168325,0.7680219244063171,0.758512298454538,0.7615524794553967,0.7599836086872054,0.7585972705394907,0.7784185139973975,0.7542042959573447,0.7668832439841984,0.7140286059584269,0.7740797044183911,0.7616350329969259,0.7252223794109173,0.7632690104417761,0.7567597559486291,0.7481579789377367,0.7579560162974852,0.766028633076908,0.7586063442441193,0.773738597087025,0.8068116530691899,0.7490333637100082,0.7582199408170405,0.06956954103869373,0.7631295926917581,0.7477494396289932,0.7622576047541716,0.7588202884224224,0.7623410972847384,0.6830237193704379,0.766022147794531,0.7578932746708053,0.7682432042139004,0.769451430752695,0.759009269201884,0.7558257680094556,0.7673585745164688,0.7662266845484553,0.7655147017393117,0.7584579608977962,0.7720475623266824
0.7741912361983974,0.7758673611631426,0.7448317045582429,0.8283740208825677,0.7490172753986335,0.7497785025769985,0.7571314800499248,0.8193767583161466,0.7705268886168325,1.0,0.7638147393101818,0.8199973393972421,0.7661540618102112,0.8176483734590092,0.8273928328569602,0.7673565851868012,0.753888765551228,0.7603742504318793,0.7148167683071459,0.7598240440515738,0.7545615537092258,0.721730533902224,0.7582682200196974,0.756077941105987,0.7491482714290779,0.7689533549413343,0.7586188830236718,0.8226316207512969,0.7718899426143794,0.7693693794339823,0.8221397449654316,0.7571219975404083,0.07256223377001314,0.7528979531401041,0.7497266296252489,0.8026530623150406,0.7473678055800861,0.7646664589649588,0.7095723738115953,0.7604846193707901,0.8294391188871476,0.7635840217603871,0.7589288179291069,0.8238003511670677,0.8282274468548118,0.7736764655452771,0.765838869882479,0.7655580682709917,0.8203689950721338,0.7711558405561925
0.780680008747382,0.8030559451115344,0.7337723217816252,0.7580224082382518,0.7773362105209074,0.7866624484213369,0.7773222154314612,0.7499440305119172,0.7680219244063171,0.7638147393101818,1.0,0.7574119885837999,0.8235148329383731,0.7613950334714972,0.748649871135256,0.7782106181015478,0.7819788852276723,0.8156636131950576,0.7517814979422098,0.7820781094590703,0.8138744176573917,0.7817899431646207,0.8170604671804915,0.7860263806807802,0.7677698792560654,0.7964082185061369,0.8183279718405772,0.757641089502449,0.7681850185634792,0.7752349832475078,0.7530289781971562,0.7940049808444135,0.07738515283471137,0.807165967676016,0.7908771417205005,0.7786041078805888,0.7646663094195703,0.8076857271064941,0.6830494465486716,0.8277638287743978,0.752126365666684,0.7989307969208226,0.8236768269935896,0.7599293199231223,0.7582495332651158,0.7620149254778028,0.802123137314063,0.8014599234883982,0.7604816409305113,0.7707804161344244
0.7754518647768419,0.7762794711080514,0.7400132708764141,0.8271842751571056,0.7267797128623601,0.7457560972120684,0.7577702726524487,0.8134369266085862,0.758512298454538,0.8199973393972421,0.7574119885837999,1.0,0.7579677853769877,0.8269990936947926,0.8463080329353916,0.7587793119199209,0.7494348351283969,0.7615347279404464,0.7217482944447944,0.75761529468485,0.7599738408684487,0.7289094245446764,0.7628055387724969,0.75069521325448,0.7456959976695579,0.7524775861552566,0.7617514174473684,0.8243402939467521,0.7771284156773387,0.7705938848749561,0.8010596421840295,0.7517453922842207,0.0689740235643288,0.7573383729260789,0.7511092126950867,0.8063468983762756,0.7463256823642335,0.7659038398406726,0.7208395772686165,0.7598249666669911,0.8079173668523983,0.7582849447371665,0.7563296628716953,0.8247266784119522,0.8250262669169899,0.7819281478006833,0.7613643140718342,0.7609674290403291,0.8118452644646381,0.7772058503352179
0.765633017650751,0.789192945075406,0.7343380171598387,0.7585926754699497,0.7872549091382295,0.7745363892075356,0.7735473629026771,0.7566965702871459,0.7615524794553967,0.7661540618102112,0.8235148329383731,0.7579677853769877,1.0,0.7554785564668324,0.7624377638075136,0.7823715520535889,0.7852186740650318,0.8158686101495507,0.7968005657930008,0.7759294356284376,0.8171129708133205,0.8116463729672679,0.8379901467746762,0.784268452048813,0.764327982997989,0.7901640553405133,0.8303110373004015,0.7534417993397702,0.761935664999751,0.7742706552706323,0.750310737867574,0.8263277229719571,0.07613544510239567,0.8188705757503444,0.7787052155299612,0.7625363097512394,0.769254109176513,0.8161353607331245,0.6756817719732553,0.830472317323863,0.7585489760478308,0.7962613912600842,0.8285229292001164,0.7549917904156492,0.7538486060703458,0.7530291790778053,0.7964302911239918,0.7960744683264593,0.7490084518279009,0.7638370394318138
0.7644949040796172,0.7643493439140813,0.7388713778061042,0.8448525565288381,0.7402729281782041,0.7451012358590192,0.7576080749543859,0.8202450035077674,0.7599836086872054,0.8176483734590092,0.7613950334714972,0.8269990936947926,0.7554785564668324,1.0,0.844782517896072,0.760111987667815,0.7467659921022702,0.7657691962351985,0.7152965771439087,0.7599142571056946,0.7590357441527104,0.7314069621694952,0.7635956981231595,0.742251896497468,0.7375311625015565,0.7527166228868502,0.7591346981848783,0.8317767430382634,0.7779975502093728,0.7609329571502715,0.8197365307068432,0.7594005573524157,0.07180720943899188,0.7584872886536567,0.7432924137388446,0.7997888639056637,0.7489420754174818,0.758373535836466,0.7146091144248703,0.7568669363945143,0.832810812272704,0.7536579770805694,0.7583670066824433,0.8313635782232525,0.8284833429656089,0.7769448896231359,0.7570277740407927,0.7573676152500934,0.8044369963190159,0.7807176859658952
0.759592336257661,0.7588369864663704,0.7376715474038607,0.8492262422227136,0.7437520362407727,0.7359253440861218,0.7473230110519111,0.8110893684002622,0.7585972705394907,0.8273928328569602,0.748649871135256,0.8463080329353916,0.7624377638075136,0.844782517896072,1.0,0.7536390919766828,0.7492768779222299,0.7526571039412993,0.7063449824761205,0.7490354094211913,0.748528094424334,0.717535786898355,0.7544379638273806,0.7456092965262697,0.7374014195780865,0.7551781670650501,0.7536245154989141,0.8173705715252509,0.7703917231799559,0.76529742574248,0.8213726280073061,0.7598655273530588,0.06838432832938279,0.7542497642754967,0.7387476482400219,0.8002943742137619,0.7377231278562129,0.7562825376138758,0.7103453888398248,0.7528361568914798,0.8307994081554668,0.7532139858604654,0.7483668844280928,0.8180728101218697,0.815723426659415,0.7727831686489306,0.7584753019520798,0.7584036787694943,0.7993101374848356,0.7766533666633351
0.7740273108592779,0.7764040553126814,0.7456251417791344,0.7633175465820801,0.7593377719733729,0.7685835293691696,0.8918865033158152,0.7577694963368241,0.7784185139973975,0.7673565851868012,0.7782106181015478,0.7587793119199209,0.7823715520535889,0.760111987667815,0.7536390919766828,1.0,0.7659852037385178,0.7906794234618262,0.7366305410372587,0.8998698912776781,0.7881209013684795,0.7587849284746261,0.7937995510350366,0.7654634508211685,0.7578256044649684,0.7674537085519934,0.780205145578753,0.7586319795848695,0.7660569583432523,0.7790533473999821,0.7516141113111049,0.7755512662235317,0.08104464606907791,0.7769053555873024,0.7588251869823073,0.7676945421381091,0.8901355717598217,0.7772357248394622,0.6825563259574976,0.7832757880675346,0.7554805423927266,0.7758676148076185,0.7819977137455828,0.7575047031251751,0.7611765083375892,0.7601011860961322,0.774689531887523,0.774655548515844,0.7562693271770109,0.7649851468730978
0.7583534709094112,0.7990369752114103,0.7290073805097774,0.7526825245537729,0.7709682017246953,0.7870825847943772,0.7605919305532588,0.7495993459576595,0.7542042959573447,0.753888765551228,0.7819788852276723,0.7494348351283969,0.7852186740650318,0.7467659921022702,0.7492768779222299,0.7659852037385178,1.0,0.7811443876077833,0.7334487718255863,0.7612578251994959,0.7753108876449604,0.75311645321395,0.7929936233309793,0.80496921590496,0.795898500624935,0.8185306466130747,0.7827659393743869,0.7393070866583824,0.7573786028498499,0.7583433542007456,0.7440791780132087,0.7980249165655998,0.07908314655351334,0.7936169681571574,0.7922123810823849,0.7593701306165053,0.7536932041123771,0.7844571680594472,0.6809923776665222,0.7829221662952364,0.7522329888655883,0.7994601392002489,0.7889521241973165,0.7465319859690391,0.7509078330025882,0.7438063782561293,0.7969354882193471,0.7978403861358807,0.737998050409948,0.7578341584413182
0.7811700158237065,0.8083815961015377,0.744253849213187,0.760612801961103,0.763941705726439,0.7862556647637573,0.7989774588178153,0.7611413994512284,0.7668832439841984,0.7603742504318793,0.8156636131950576,0.7615347279404464,0.8158686101495507,0.7657691962351985,0.7526571039412993,0.7906794234618262,0.7811443876077833,1.0,0.7778501037314005,0.8029260493928382,0.8424115730670648,0.7978085157647796,0.8431192451724827,0.7821037730290266,0.7669174008221065,0.7881341126635173,0.8376013884436372,0.7622719196403717,0.7767100683448561,0.7765038112873761,0.752540352438597,0.8121632935600346,0.07198716739898181,0.8263698388682181,0.7925650267761042,0.7810946089769776,0.7837640931153751,0.8021714615400776,0.6881776322244527,0.8240074237302764,0.7521788430414835,0.8096000269462904,0.8265591288377752,0.7652163376995086,0.764408837001203,0.7651407714959905,0.8060900614720792,0.8061926048767319,0.7574879784561324,0.7734319378917187
0.7297208642343707,0.7437010960499354,0.7018256609823703,0.7099046832790916,0.7134945679715883,0.7363736908769769,0.7434742428596868,0.7171181675568126,0.7140286059584269,0.7148167683071459,0.7517814979422098,0.7217482944447944,0.7968005657930008,0.7152965771439087,0.7063449824761205,0.7366305410372587,0.7334487718255863,0.7778501037314005,1.0,0.741685900200968,0.7765484199323549,0.792495234255414,0.7815158368655513,0.730140180128783,0.7318975686477552,0.7311640240884232,0.7669229114322373,0.7172548550966025,0.7216930123081585,0.7215762462949007,0.7099684232335335,0.78527680289711,0.0743844336078675,0.7652859471949505,0.7382123895785571,0.7247597729700954,0.7349235491255626,0.7488698099250263,0.6548092816004445,0.7651000056106334,0.7101090506450372,0.7477244662553446,0.7627412613507859,0.7195856207530245,0.7183699161039729,0.7184109271194126,0.7381555426625791,0.7385846935624586,0.7141330247918851,0.7170818351388246
0.7782529325453008,0.7803394912243423,0.7461211154767974,0.7592184132280774,0.7449445749241375,0.763862883292427,0.9388599595618411,0.7565747448415998,0.7740797044183911,0.7598240440515738,0.7820781094590703,0.75761529468485,0.7759294356284376,0.7599142571056946,0.7490354094211913,0.8998698912776781,0.7612578251994959,0.8029260493928382,0.741685900200968,1.0,0.7977691698647499,0.7571215089405534,0.8031762657301744,0.7611332010637059,0.7527045811947767,0.7641717242876469,0.7898967649042575,0.7604450385327686,0.7701358306436706,0.7736041405662941,0.7478055492270765,0.7733343993211965,0.08301144343939859,0.7864157050477292,0.7650689562898834,0.7714098669135697,0.9066802471563906,0.7743311085254594,0.6839624197112006,0.7866101754125465,0.7476090406913349,0.7823382351408069,0.7880792881358045,0.761998952990608,0.7621766152168602,0.7602428097596582,0.7758988412881347,0.776892964211569,0.7558119581198698,0.7671771093346077
0.7781352969988086,0.7995947692793945,0.7476758709091765,0.7518959421714777,0.769428201980777,0.7754479011154963,0.7952354438278411,0.7583717564292075,0.7616350329969259,0.7545615537092258,0.8138744176573917,0.7599738408684487,0.8171129708133205,0.7590357441527104,0.748528094424334,0.7881209013684795,0.7753108876449604,0.8424115730670648,0.7765484199323549,0.7977691698647499,1.0,0.7906191038959227,0.843822272895369,0.7773370957159718,0.7655935651819813,0.7892515439552477,0.8295557096641676,0.7590496717695787,0.7659507705044393,0.7724978456057199,0.7499107779697572,0.8063483063313382,0.0737034902446092,0.8295150532420569,0.7870611402138616,0.7713425362303307,0.7798875566731809,0.8094246380853909,0.689321524618048,0.8240307246741746,0.7556266149450043,0.7985158033162391,0.8224020815921306,0.7629388045340447,0.7617731120353866,0.7637139574496369,0.7954688132682888,0.795278306865669,0.755077522586364,0.7626412693369999
0.7424661302271676,0.7591201489501835,0.707445533671065,0.7215103293332964,0.7326829609716761,0.7870326223668525,0.7590259973726291,0.726316353207976,0.7252223794109173,0.721730533902224,0.7817899431646207,0.7289094245446764,0.8116463729672679,0.7314069621694952,0.717535786898355,0.7587849284746261,0.75311645321395,0.7978085157647796,0.792495234255414,0.7571215089405534,0.7906191038959227,1.0,0.8472135081426164,0.7496479892724013,0.7397297557497083,0.7520621462587932,0.7896652012354402,0.7242422731725271,0.7414938295142806,0.7353870906594506,0.7173960562283235,0.7853607235009266,0.07046050694110795,0.8203278005984999,0.758954074356659,0.7409028344535527,0.7533883454339048,0.7729921610309969,0.6678588900831206,0.7971684175318933,0.7164541025089965,0.7611008740312273,0.7980013927919589,0.7262738019534285,0.7303687178893175,0.7333561125834044,0.7624761614252987,0.7627090680795802,0.7198055834240987,0.7471019811891825
0.7779111722628043,0.8036794484374564,0.7434394076094523,0.7609257078269513,0.770737264342054,0.7926306953456974,0.80135531894156,0.7607730368901509,0.7632690104417761,0.7582682200196974,0.8170604671804915,0.7628055387724969,0.8379901467746762,0.7635956981231595,0.7544379638273806,0.7937995510350366,0.7929936233309793,0.8431192451724827,0.7815158368655513,0.8031762657301744,0.843822272895369,0.8472135081426164,1.0,0.7869865729473319,0.7765200941374067,0.7881310535760075,0.8464329901050761,0.760195952008089,0.7728312056435082,0.7683609878432616,0.7525482778848505,0.8205759191584296,0.07679515572130646,0.8648449286254949,0.7943266779801885,0.7754211680462809,0.7920938131741913,0.8169130811279179,0.6859664481765345,0.8319194796171528,0.7553062240619649,0.8088677415389434,0.8326000353382477,0.7648379801279592,0.7652500728982005,0.7659431513106315,0.7988809136788592,0.7997130483427435,0.7546571488829776,0.7706290550948554
0.7645265937965614,0.8223163782618654,0.7325686350465246,0.7484213945166172,0.7703956390636122,0.7959624167901544,0.7638335819342639,0.7487557142498771,0.7567597559486291,0.756077941105987,0.7860263806807802,0.75069521325448,0.784268452048813,0.742251896497468,0.7456092965262697,0.7654634508211685,0.80496921590496,0.7821037730290266,0.730140180128783,0.7611332010637059,0.7773370957159718,0.7496479892724013,0.7869865729473319,1.0,0.8080612618479431,0.8145121111673801,0.7841157901661455,0.7378729290748735,0.7523911314854435,0.7589199448541075,0.7436765471226837,0.7840496425610515,0.07693605275549042,0.7794762277238685,0.8144107532554595,0.7562276478613289,0.7552681005132514,0.7772827752619834,0.6694635712689239,0.7828131844846509,0.7493432779374491,0.8019793301028928,0.7831396509913976,0.7421353868007192,0.7491151275360174,0.7533023859524222,0.7981198629731056,0.7971045652540774,0.7465630593254367,0.7540709923021522
0.7567280536527756,0.8173391249254638,0.7256082369765289,0.7420849975042403,0.7550840239504235,0.798209646634761,0.7527837437012218,0.7417334681100058,0.7481579789377367,0.7491482714290779,0.7677698792560654,0.7456959976695579,0.764327982997989,0.7375311625015565,0.7374014195780865,0.7578256044649684,0.795898500624935,0.7669174008221065,0.7318975686477552,0.7527045811947767,0.7655935651819813,0.7397297557497083,0.7765200941374067,0.8080612618479431,1.0,0.8072786632270375,0.7673132218748094,0.7331421217315688,0.7511480706397431,0.7483602733142332,0.7343928301588152,0.7859531345983519,0.07625687806492942,0.7654985883540306,0.8064537875258395,0.7479348333391238,0.7471511564280274,0.7735675563972146,0.67584441380301,0.7715206450431489,0.7408690700757189,0.792797304834173,0.7741202278207078,0.740423831317111,0.7406836658203025,0.7433926165574828,0.7849897720151655,0.784884065080755,0.7414638366620918,0.7451445578154623
0.7618477692809041,0.8140528322569746,0.7342226686784108,0.7550108353504134,0.779431582071633,0.7887914968309976,0.7610041219820906,0.7505306677173087,0.7579560162974852,0.7689533549413343,0.7964082185061369,0.7524775861552566,0.7901640553405133,0.7527166228868502,0.7551781670650501,0.7674537085519934,0.8185306466130747,0.7881341126635173,0.7311640240884232,0.7641717242876469,0.7892515439552477,0.7520621462587932,0.7881310535760075,0.8145121111673801,0.8072786632270375,1.0,0.7867405392997001,0.7428488138141272,0.7561144252839204,0.7619683048758192,0.7575739164891335,0.78503071176734,0.07570163780468675,0.7823027018162905,0.8003293543799401,0.761866901386695,0.7527727290584691,0.7880792428941419,0.6821444676110193,0.7931109651514592,0.7549933155423617,0.8083083222431167,0.7897528545937679,0.7507875140136383,0.752672976373701,0.7572064906963778,0.8094387016140833,0.8097399530036822,0.7528921719735903,0.7611639412302099
0.7788919506297449,0.8076452578508652,0.7414105432010456,0.7575281282694801,0.7663701898954978,0.7806699957183185,0.785390040712429,0.7566247237062568,0.766028633076908,0.7586188830236718,0.8183279718405772,0.7617514174473684,0.8303110373004015,0.7591346981848783,0.7536245154989141,0.780205145578753,0.7827659393743869,0.8376013884436372,0.7669229114322373,0.7898967649042575,0.8295557096641676,0.7896652012354402,0.8464329901050761,0.7841157901661455,0.7673132218748094,0.7867405392997001,1.0,0.7558815199125568,0.7700097770298167,0.7726556384154045,0.7503415384599786,0.8129089635647513,0.07514640638289127,0.8231408883181286,0.7857835715074523,0.7704349053157339,0.7735250795115466,0.833916693394541,0.6815290903218509,0.8346497400756381,0.7543466667008463,0.8068567595958014,0.8559810126706754,0.7620598316735463,0.7588996500878574,0.7654111999758675,0.7973261716498663,0.7976231504731103,0.7558851377303732,0.7650412765884314
0.7693728175021399,0.7652327369280805,0.74127786398784,0.8300013481672452,0.7288124271061897,0.740490743962453,0.7587345014179561,0.8815860240007402,0.7586063442441193,0.8226316207512969,0.757641089502449,0.8243402939467521,0.7534417993397702,0.8317767430382634,0.8173705715252509,0.7586319795848695,0.7393070866583824,0.7622719196403717,0.7172548550966025,0.7604450385327686,0.7590496717695787,0.7242422731725271,0.760195952008089,0.7378729290748735,0.7331421217315688,0.7428488138141272,0.7558815199125568,1.0,0.7805409708808626,0.7596139300563146,0.8118058420061186,0.7528460770760592,0.0759874550304458,0.7549683085502714,0.7416331502774245,0.795421420037015,0.7471259129201361,0.7638961583322349,0.7160142969544101,0.7556758080613969,0.8163963857790466,0.7541763657866545,0.7565677239429756,0.9211625059291825,0.9037516541065274,0.7718603795916243,0.7515416369299087,0.7516075619052586,0.8134511926217173,0.7747224737149347
0.7831138779727554,0.7793429871836695,0.7499096540829391,0.7696541386168727,0.735615962742863,0.7654526468174425,0.7676714400243325,0.7812789890669242,0.773738597087025,0.7718899426143794,0.7681850185634792,0.7771284156773387,0.761935664999751,0.7779975502093728,0.7703917231799559,0.7660569583432523,0.7573786028498499,0.7767100683448561,0.7216930123081585,0.7701358306436706,0.7659507705044393,0.7414938295142806,0.7728312056435082,0.7523911314854435,0.7511480706397431,0.7561144252839204,0.7700097770298167,0.7805409708808626,1.0,0.7756582852842728,0.7641211255030109,0.7601690399764209,0.07122947390921774,0.7679138466302378,0.7596735474956674,0.7765901384467977,0.75624210080662,0.7684406315123413,0.6942485826418725,0.767225823810285,0.764338825786721,0.766149516172977,0.7690525437545797,0.7814717300170592,0.7776123172232179,0.7922430375496307,0.7669020991195189,0.7665095430709353,0.7729088591212814,0.8511369622398754
0.7964242776677173,0.7737151067144552,0.7535913376345882,0.7600079643858965,0.7489731745231805,0.7512455205322023,0.7654796037901982,0.7596106013190526,0.8068116530691899,0.7693693794339823,0.7752349832475078,0.7705938848749561,0.7742706552706323,0.7609329571502715,0.76529742574248,0.7790533473999821,0.7583433542007456,0.7765038112873761,0.7215762462949007,0.7736041405662941,0.7724978456057199,0.7353870906594506,0.7683609878432616,0.7589199448541075,0.7483602733142332,0.7619683048758192,0.7726556384154045,0.7596139300563146,0.7756582852842728,1.0,0.7537157287219254,0.7598367036308324,0.07450450147683219,0.7611132843222915,0.7548090547643751,0.769089169186762,0.756214995662739,0.7755472022267883,0.6810923402626564,0.7768087241844299,0.7629300070066785,0.76703007561816,0.7763696207699239,0.7619259563132361,0.7588185537452267,0.7789141398675242,0.7816309494976393,0.7805700486661888,0.7608712112555934,0.7790157447186614
0.7560543097892213,0.7644963198514957,0.7322110127016705,0.8229927625640102,0.733116371216084,0.7370062406083935,0.7469300324514754,0.8119165160681402,0.7490333637100082,0.8221397449654316,0.7530289781971562,0.8010596421840295,0.750310737867574,0.8197365307068432,0.8213726280073061,0.7516141113111049,0.7440791780132087,0.752540352438597,0.7099684232335335,0.7478055492270765,0.7499107779697572,0.7173960562283235,0.7525482778848505,0.7436765471226837,0.7343928301588152,0.7575739164891335,0.7503415384599786,0.8118058420061186,0.7641211255030109,0.7537157287219254,1.0,0.7483307130074333,0.07761605862722232,0.7480682946906477,0.7361304938588895,0.789807171191904,0.7353446996521578,0.7498719962272682,0.7042029347685725,0.7501706085276898,0.8520195329405429,0.7554106436480943,0.7484489422372524,0.8171121936590696,0.8117503879645912,0.7652738286175294,0.7553530687250408,0.7550849579414868,0.7964188561149548,0.7602485190844366
0.7683121044808852,0.791922731253756,0.7370601341089815,0.767097248406512,0.7795318844849161,0.779709325350723,0.7725541866832154,0.7588913630439097,0.7582199408170405,0.7571219975404083,0.7940049808444135,0.7517453922842207,0.8263277229719571,0.7594005573524157,0.7598655273530588,0.7755512662235317,0.7980249165655998,0.8121632935600346,0.78527680289711,0.7733343993211965,0.8063483063313382,0.7853607235009266,0.8205759191584296,0.7840496425610515,0.7859531345983519,0.78503071176734,0.8129089635647513,0.7528460770760592,0.7601690399764209,0.7598367036308324,0.7483307130074333,1.0,0.07178453671653007,0.8127922789942905,0.7775269094484978,0.7643893254408908,0.7668768460069457,0.8027400614855872,0.6822527143735169,0.8125163033156078,0.7561781472427521,0.7985361804532547,0.8155764625606351,0.7562156050466156,0.7585738602952654,0.7544169414261163,0.7896901205736164,0.789921631612874,0.7473996692785327,0.7559303976361224
0.06410876190310766,0.07801245371405918,0.0711931079334498,0.07002107139902958,0.07287484666850685,0.07856962036916937,0.08620598981117933,0.07666268897625661,0.06956954103869373,0.07256223377001314,0.07738515283471137,0.0689740235643288,0.07613544510239567,0.07180720943899188,0.06838432832938279,0.08104464606907791,0.07908314655351334,0.07198716739898181,0.0743844336078675,0.08301144343939859,0.0737034902446092,0.07046050694110795,0.07679515572130646,0.07693605275549042,0.07625687806492942,0.07570163780468675,0.07514640638289127,0.0759874550304458,0.07122947390921774,0.07450450147683219,0.07761605862722232,0.07178453671653007,1.0,0.07648742379745999,0.07855146046454098,0.07151377149352578,0.08377685726795125,0.07919567077962975,0.07473855256903983,0.07518621967017247,0.07023345374129142,0.07437029078443491,0.07616370875608192,0.0783878711069429,0.07655411604999685,0.0664649686829667,0.07811372351103929,0.0778873236430675,0.06912797453735364,0.06870625759092219
0.7676508513707125,0.7951670582041233,0.7410859868618516,0.7560138419255866,0.765844630465903,0.7994288354551704,0.7877354571775739,0.7589291112366193,0.7631295926917581,0.7528979531401041,0.807165967676016,0.7573383729260789,0.8188705757503444,0.7584872886536567,0.7542497642754967,0.7769053555873024,0.7936169681571574,0.8263698388682181,0.7652859471949505,0.7864157050477292,0.8295150532420569,0.8203278005984999,0.8648449286254949,0.7794762277238685,0.7654985883540306,0.7823027018162905,0.8231408883181286,0.7549683085502714,0.7679138466302378,0.7611132843222915,0.7480682946906477,0.8127922789942905,0.07648742379745999,1.0,0.7955606605884566,0.7774952460488243,0.7722527430204987,0.8049216223220235,0.7011349335581525,0.8215628364193464,0.7487378405724778,0.8063777080298943,0.8316473305203038,0.7574406295846225,0.7610911031319781,0.7574971705404582,0.7931012102349089,0.794423032580884,0.7459550690278101,0.7676149038035511
0.7603664221520904,0.827480582680258,0.7345928645301388,0.7430032554595629,0.755661276812624,0.8070250491382344,0.7652029539826618,0.7435267502643179,0.7477494396289932,0.7497266296252489,0.7908771417205005,0.7511092126950867,0.7787052155299612,0.7432924137388446,0.7387476482400219,0.7588251869823073,0.7922123810823849,0.7925650267761042,0.7382123895785571,0.7650689562898834,0.7870611402138616,0.758954074356659,0.7943266779801885,0.8144107532554595,0.8064537875258395,0.8003293543799401,0.7857835715074523,0.7416331502774245,0.7596735474956674,0.7548090547643751,0.7361304938588895,0.7775269094484978,0.07855146046454098,0.7955606605884566,1.0,0.7556760997907296,0.7521028160010699,0.7768459972284634,0.6797839924324554,0.791704437887415,0.7367270682121396,0.8043331502251211,0.7952743069889235,0.744817998725336,0.7472581208250448,0.7566071367826592,0.802590835781816,0.8021956258820399,0.7423837640778741,0.7574975630136798
0.7706706155635696,0.7745199100772877,0.7499142951889164,0.8049149008454006,0.736635787565756,0.7637913453623117,0.7718487846759626,0.7959532222533554,0.7622576047541716,0.8026530623150406,0.7786041078805888,0.8063468983762756,0.7625363097512394,0.7997888639056637,0.8002943742137619,0.7676945421381091,0.7593701306165053,0.7810946089769776,0.7247597729700954,0.7714098669135697,0.7713425362303307,0.7409028344535527,0.7754211680462809,0.7562276478613289,0.7479348333391238,0.761866901386695,0.7704349053157339,0.795421420037015,0.7765901384467977,0.769089169186762,0.789807171191904,0.7643893254408908,0.07151377149352578,0.7774952460488243,0.7556760997907296,1.0,0.7571771001916678,0.766142082137478,0.7275027597715364,0.7743012310317378,0.7936755193589006,0.7682895585038397,0.7712326430822711,0.8028785423001894,0.8038767009621833,0.7738160193390182,0.7693606836195893,0.7693863733966829,0.804665158414258,0.7785537693461017
0.7597486312000584,0.7615673616134182,0.7266034342868246,0.7478039864074417,0.7400229411090254,0.7601542827784882,0.9088699616451804,0.7468621823082124,0.7588202884224224,0.7473678055800861,0.7646663094195703,0.7463256823642335,0.769254109176513,0.7489420754174818,0.7377231278562129,0.8901355717598217,0.7536932041123771,0.7837640931153751,0.7349235491255626,0.9066802471563906,0.7798875566731809,0.7533883454339048,0.7920938131741913,0.7552681005132514,0.7471511564280274,0.7527727290584691,0.7735250795115466,0.7471259129201361,0.75624210080662,0.756214995662739,0.7353446996521578,0.7668768460069457,0.08377685726795125,0.7722527430204987,0.7521028160010699,0.7571771001916678,1.0,0.7644658212718403,0.6782767890069383,0.7706713398010169,0.7378961884126334,0.7711906395733278,0.7746351837332339,0.7482310660287099,0.7488832166779797,0.7459595949642475,0.7625292335903593,0.7628198018397528,0.7389910903120944,0.7515883218267728
0.7744779143513658,0.803984892636111,0.738018124428209,0.7544646825387986,0.7858919225866714,0.7834499892492341,0.7704546391838092,0.7639043417884179,0.7623410972847384,0.7646664589649588,0.8076857271064941,0.7659038398406726,0.8161353607331245,0.758373535836466,0.7562825376138758,0.7772357248394622,0.7844571680594472,0.8021714615400776,0.7488698099250263,0.7743311085254594,0.8094246380853909,0.7729921610309969,0.8169130811279179,0.7772827752619834,0.7735675563972146,0.7880792428941419,0.833916693394541,0.7638961583322349,0.7684406315123413,0.7755472022267883,0.7498719962272682,0.8027400614855872,0.07919567077962975,0.8049216223220235,0.7768459972284634,0.766142082137478,0.7644658212718403,1.0,0.6885432904361679,0.8191962337139266,0.7607008295453349,0.804462147367905,0.8506561146648461,0.7675405091172767,0.7640064641968418,0.7625744192581845,0.8031011562881026,0.8032151235245032,0.7645898500371591,0.7666993060570657
0.6904119295063698,0.6882444303657219,0.6741625864276352,0.7133101076663638,0.6753883883299561,0.6939796812014303,0.6896822814987746,0.7234983226573314,0.6830237193704379,0.7095723738115953,0.6830494465486716,0.7208395772686165,0.6756817719732553,0.7146091144248703,0.7103453888398248,0.6825563259574976,0.6809923776665222,0.6881776322244527,0.6548092816004445,0.6839624197112006,0.689321524618048,0.6678588900831206,0.6859664481765345,0.6694635712689239,0.67584441380301,0.6821444676110193,0.6815290903218509,0.7160142969544101,0.6942485826418725,0.6810923402626564,0.7042029347685725,0.6822527143735169,0.07473855256903983,0.7011349335581525,0.6797839924324554,0.7275027597715364,0.6782767890069383,0.6885432904361679,1.0,0.6835611931449279,0.7067878776598022,0.6912128444875879,0.6879620887037559,0.720915359681188,0.7213419099354829,0.6857614735217175,0.682336585477807,0.6823113863810539,0.7096290476094096,0.6901377566944065
