../ecoli_genomes/GCF_000163235.1_ASM16323v1_genomic.fna.gz,../ecoli_genomes/GCF_000164555.1_ASM16455v1_genomic.fna.gz,../ecoli_genomes/GCF_000208545.1_ASM20854v2_genomic.fna.gz,../ecoli_genomes/GCF_000233875.1_ASM23387v1_genomic.fna.gz,../ecoli_genomes/GCF_000249735.1_ASM24973v2_genomic.fna.gz,../ecoli_genomes/GCF_000261145.1_Esch_coli_M919_V2_genomic.fna.gz,../ecoli_genomes/GCF_000267705.2_ASM26770v2_genomic.fna.gz,../ecoli_genomes/GCF_000350665.1_Esch_coli_KTE5_V1_genomic.fna.gz,../ecoli_genomes/GCF_000351625.1_Esch_coli_KTE66_V1_genomic.fna.gz,../ecoli_genomes/GCF_000352285.1_Esch_coli_KTE46_V1_genomic.fna.gz,../ecoli_genomes/GCF_000358895.1_ASM35889v1_genomic.fna.gz,../ecoli_genomes/GCF_000456385.1_Esch_coli_HVH_26_4-5703913_V1_genomic.fna.gz,../ecoli_genomes/GCF_000458195.1_Esch_coli_HVH_147_4-5893887_V1_genomic.fna.gz,../ecoli_genomes/GCF_000459755.1_Esch_coli_KOEGE_58_171a_V1_genomic.fna.gz,../ecoli_genomes/GCF_000460055.1_Esch_coli_UMEA_3053-1_V1_genomic.fna.gz,../ecoli_genomes/GCF_000462165.2_ASM46216v2_genomic.fna.gz,../ecoli_genomes/GCF_000601135.1_ASM60113v1_genomic.fna.gz,../ecoli_genomes/GCF_000614595.1_Ec2010EL1058_genomic.fna.gz,../ecoli_genomes/GCF_000617745.1_Ec2010C-4529_genomic.fna.gz,../ecoli_genomes/GCF_000618265.2_EcF6751_genomic.fna.gz,../ecoli_genomes/GCF_000619005.2_Ec2009C-4052_genomic.fna.gz,../ecoli_genomes/GCF_000619105.1_Ec2009C-4780_genomic.fna.gz,../ecoli_genomes/GCF_000619765.2_Ec2009C-3279_genomic.fna.gz,../ecoli_genomes/GCF_000687005.1_ASM68700v1_genomic.fna.gz,../ecoli_genomes/GCF_000687025.1_ASM68702v1_genomic.fna.gz,../ecoli_genomes/GCF_000700125.1_ASM70012v1_genomic.fna.gz,../ecoli_genomes/GCF_000753315.1_FHI35_genomic.fna.gz,../ecoli_genomes/GCF_000776375.1_ASM77637v1_genomic.fna.gz,../ecoli_genomes/GCF_000779395.1_ASM77939v1_genomic.fna.gz,../ecoli_genomes/GCF_000780315.1_ASM78031v1_genomic.fna.gz,../ecoli_genomes/GCF_000781995.1_ASM78199v1_genomic.fna.gz,../ecoli_genomes/GCF_000986765.1_ASM98676v1_genomic.fna.gz,../ecoli_genomes/GCF_001041375.1_ViralProj287958_genomic.fna.gz,../ecoli_genomes/GCF_001265335.1_302014_genomic.fna.gz,../ecoli_genomes/GCF_001265625.1_100854_genomic.fna.gz,../ecoli_genomes/GCF_001267345.1_303289_genomic.fna.gz,../ecoli_genomes/GCF_001309985.1_ASM130998v1_genomic.fna.gz,../ecoli_genomes/GCF_001521695.1_ASM152169v1_genomic.fna.gz,../ecoli_genomes/GCF_001592595.1_ASM159259v1_genomic.fna.gz,../ecoli_genomes/GCF_001614975.1_ASM161497v1_genomic.fna.gz,../ecoli_genomes/GCF_001692775.1_ASM169277v1_genomic.fna.gz,../ecoli_genomes/GCF_001748915.1_ASM174891v1_genomic.fna.gz,../ecoli_genomes/GCF_001749235.1_ASM174923v1_genomic.fna.gz,../ecoli_genomes/GCF_001881155.1_ASM188115v1_genomic.fna.gz,../ecoli_genomes/GCF_001881345.1_ASM188134v1_genomic.fna.gz,../ecoli_genomes/GCF_001892405.1_ASM189240v1_genomic.fna.gz,../ecoli_genomes/GCF_001892585.1_ASM189258v1_genomic.fna.gz,../ecoli_genomes/GCF_001893985.1_ASM189398v1_genomic.fna.gz,../ecoli_genomes/GCF_002001595.1_ASM200159v1_genomic.fna.gz,../ecoli_genomes/GCF_002002145.1_ASM200214v1_genomic.fna.gz
1.0,0.37319518923744077,0.3049239147253022,0.3339126519269897,0.36142003572865855,0.3673907143555246,0.35413719402305655,0.3437679503906028,0.43769097258075007,0.35112543723057643,0.3753767465301764,0.35099706431953825,0.3695506244193717,0.3275065880540675,0.31385194929617244,0.3603308722590668,0.3183862317819729,0.36116087059955493,0.3322558045691594,0.35477826816806246,0.352030725169582,0.36509396632302815,0.3689260919453935,0.35162342819594417,0.3269201390056865,0.2917148201873352,0.3651516421791494,0.33400577744861504,0.3911094059764465,0.433259036986936,0.30991641975953754,0.3617897854961547,0.0,0.36838441092905283,0.3563141919449797,0.3316759697531213,0.3368976560344987,0.369388910802929,0.3157229225265593,0.3728547345013127,0.3138595790510482,0.3539921610688578,0.36878213708204743,0.34370180744757195,0.35396973683273014,0.3608254192044674,0.35731359410481245,0.35343307207305974,0.33073996869816824,0.39549577441236283
0.37319518923744077,1.0,0.2967267841350846,0.32162168817635417,0.43349439551714164,0.5685154335280898,0.38667297681544266,0.33214865248183134,0.354952655375245,0.3422556902029976,0.4674664032698784,0.3363059020694784,0.453932572530647,0.31877680714236656,0.3068814595313356,0.38625427188052464,0.3952466036811161,0.4497330343537902,0.3986373278767793,0.39125444025404676,0.43846196609002064,0.43725220531912445,0.45292003591130436,0.5066841945947094,0.46718524967457387,0.3556887340542929,0.4574290063705896,0.33132946633152227,0.363544073487865,0.3598090484228911,0.3066059855109692,0.43058298626608593,0.0,0.43823108860343574,0.5615085309245444,0.319861878846308,0.3650233767016494,0.4633810845588877,0.28610576916442954,0.4579466818074791,0.3093618344479161,0.498263783330244,0.46200874833534245,0.341532491741655,0.3421370218643319,0.3356459506200411,0.5048248326637821,0.508603685846833,0.3384831745245823,0.35559464006495234
0.3049239147253022,0.2967267841350846,1.0,0.2556097539738743,0.26457705629760897,0.27602685609545974,0.2699722000440097,0.2626792271740246,0.300493044257512,0.2731796276105488,0.29024408574866545,0.25737859721156686,0.28495485664834086,0.2602730482139781,0.2517708770955439,0.27195067348800606,0.22056340642717887,0.2791098661079068,0.24739360578130132,0.2729404014922284,0.2787443703635837,0.27220742741979753,0.28143829102716156,0.2481581058439032,0.22957664429486158,0.19397810361455115,0.2846405461099778,0.2632373075358272,0.30055596483203906,0.30413603317069526,0.24911935182057943,0.2711006161191557,0.0,0.2778813919308999,0.2687530505438127,0.26766573964391527,0.2553311811597002,0.2814374484871641,0.23814418913568214,0.28945903269669415,0.25572523954526494,0.2737907314808331,0.2915220322079919,0.2686710720788903,0.26205943439934964,0.2810775895412677,0.28544905383723707,0.2861193411566413,0.2717727891429871,0.300727231374309
0.3339126519269897,0.32162168817635417,0.2556097539738743,1.0,0.32814792671426773,0.3142896108972336,0.3007982575899648,0.5289625482044176,0.3393337670170883,0.5560833194599342,0.31639056325464543,0.5426647145708798,0.32000487738342664,0.5854022491586006,0.6013507417054461,0.3072193280248793,0.2601008852542779,0.30944014460476144,0.2828677385321804,0.3019676536678746,0.301654978867665,0.3080861401451579,0.3213530950464877,0.29340542860590313,0.27363342370097554,0.23360630220077783,0.31364374036258835,0.5485421728799666,0.3532404889902927,0.32601382576717497,0.5254340779787182,0.3258123740235922,0.0,0.30354495111717983,0.3025111364049464,0.451754251251107,0.288760082628147,0.30552961219561126,0.4428160927286917,0.3100295551733099,0.5490320413524297,0.3043992172436405,0.3126614725060073,0.5576800385861458,0.5452671765406737,0.34373517107199925,0.30528847311774043,0.303865185895405,0.48913331046670117,0.36378562857092367
0.36142003572865855,0.43349439551714164,0.26457705629760897,0.32814792671426773,1.0,0.46808292623175174,0.3678626722398488,0.3313415256798523,0.35883767239613873,0.3360498784066609,0.5409058179786974,0.31924736162930645,0.5105677996627047,0.31503567413682476,0.32698292529009043,0.3919869494506486,0.3900752627121902,0.4544630979308574,0.41761977541029627,0.36990121246179875,0.46832035498269264,0.4612651279914982,0.4671003787330573,0.4452421133607508,0.3914618536964314,0.35204629065692217,0.4762738503085906,0.30653885506415635,0.3465975494327792,0.35337383393492205,0.303208737804736,0.4939161158451777,0.0,0.47962682424284686,0.43833565899611493,0.30546899197643906,0.3580792760759398,0.4889000974943929,0.2869237349608037,0.4917647739624609,0.32239592737699085,0.4451231709649318,0.49550213030536927,0.31935825231903336,0.32840448331732686,0.32050795548926836,0.4608903961511115,0.4585217512803055,0.31689045875088373,0.34551299521666634
0.3673907143555246,0.5685154335280898,0.27602685609545974,0.3142896108972336,0.46808292623175174,1.0,0.39558615697045807,0.33662211075499504,0.35743448039493253,0.3296053321258573,0.45854649323556496,0.32232537114242266,0.45448717143366757,0.3152759483446399,0.30743280521463634,0.39724655375164775,0.4276562269015859,0.4554404284132847,0.41167148611250737,0.39513638432723075,0.43806476730770516,0.43905946515110716,0.4548153700853562,0.5297708868677844,0.4975317917164175,0.38174011409429665,0.4434837298332093,0.324381174077784,0.3597267886559815,0.34916894035874435,0.2981859491603642,0.44589108103137176,0.0,0.46544059487309764,0.570931508976575,0.3279582578967657,0.3749207872195557,0.45514997281533354,0.307946488434683,0.45655746567519107,0.30725427676733486,0.5088154106654385,0.4570678569860597,0.33248676782320263,0.3310770927235934,0.33425608328916323,0.5123525611784733,0.5142396897230046,0.3233985742126817,0.36449956260544003
0.35413719402305655,0.38667297681544266,0.2699722000440097,0.3007982575899648,0.3678626722398488,0.39558615697045807,1.0,0.30743129120829504,0.3539358671684647,0.3076568128656759,0.3998135801374034,0.2967664753582979,0.389683891272284,0.3028096690828138,0.288766882596581,0.7525467815920646,0.30508789019698146,0.4268515574002617,0.38311648884694305,0.8647584081686683,0.4282335148244666,0.4087207809424841,0.4347576559386771,0.35005542984678495,0.31788013924034264,0.2707742270360104,0.3998987152236706,0.30263908870169776,0.34600254877635594,0.34640404134971714,0.28327184338245714,0.3775706618108422,0.0,0.40024412942019194,0.3924735829237074,0.32301269513012265,0.7737395114400931,0.37396411553407394,0.2850158471620412,0.39427841853014023,0.28613883141608953,0.38231689252054746,0.39732993400983085,0.3070003920889134,0.30499713658017147,0.32023524223759614,0.3730709264159532,0.3746098761628113,0.3025508385014828,0.3496201650357772
0.3437679503906028,0.33214865248183134,0.2626792271740246,0.5289625482044176,0.3313415256798523,0.33662211075499504,0.30743129120829504,1.0,0.33696820342726586,0.5399085189192062,0.3254944116350944,0.5156830682605023,0.33005783279242173,0.5224404067117898,0.5085151276338744,0.3120834195158003,0.2648141212970768,0.3178762873139045,0.29118878813022875,0.3071904671855452,0.3088044756124002,0.3153462932222577,0.3255045244728626,0.31114368488763455,0.2789405465632566,0.24174000075879964,0.3217603860742203,0.6906180708521537,0.36563032519360494,0.32378412411086277,0.4982174535416105,0.32516434389436155,0.0,0.3216096886086718,0.3161415831931461,0.4491804446711818,0.2903163899737814,0.33462292622481704,0.4438827194347428,0.32373218247534385,0.5043608345511139,0.3154089823664903,0.3253377294784884,0.6975062016923217,0.6745246576682358,0.3423328167021271,0.3165962087763151,0.31518956140205023,0.47942495135774854,0.3596394793009323
0.43769097258075007,0.354952655375245,0.300493044257512,0.3393337670170883,0.35883767239613873,0.35743448039493253,0.3539358671684647,0.33696820342726586,1.0,0.354460258009316,0.36816345171786513,0.32697812991189223,0.3666199436672024,0.33574386723570293,0.3286284201126327,0.35856240180345555,0.284918576333954,0.35819753003907817,0.31707388493045274,0.3582163881176925,0.3525200633413125,0.3543443004526483,0.3640539791470109,0.3277999913311802,0.2901688122109961,0.25200574458990366,0.36434351381113217,0.3305432986058595,0.38487803455897995,0.46088163507494195,0.3137587311663741,0.34839639877803286,0.0,0.35616477302894933,0.3487703725005771,0.33948332285223193,0.33761295083363685,0.3485211532443834,0.30563539556281083,0.3650814155486992,0.32402315228963396,0.3511988042283407,0.37065299378915906,0.3362226415030539,0.33229277538662605,0.3667037686584572,0.35124624289129847,0.3509192107700063,0.3333138210291219,0.39721064442007603
0.35112543723057643,0.3422556902029976,0.2731796276105488,0.5560833194599342,0.3360498784066609,0.3296053321258573,0.3076568128656759,0.5399085189192062,0.354460258009316,1.0,0.3391935103270938,0.5132964570277248,0.337554363811452,0.5456564826709189,0.5282762400498775,0.31536418717077086,0.25223400627132464,0.3227095911422244,0.28883515788618075,0.30904414489765475,0.31201432667249607,0.31704918984473196,0.3235946089319971,0.3024758017860705,0.2734717562127823,0.2320742675745987,0.32885668143353286,0.5419569929240382,0.3706434230148917,0.3432773593363133,0.543515086989318,0.3188885995750018,0.0,0.3144589739644592,0.3177013949907358,0.47086010453366023,0.29265824227120163,0.32280254988398116,0.4589069147458743,0.32999326882644886,0.5535336333473467,0.3190487204858048,0.32680429097597774,0.543326006042306,0.5444307490371194,0.34507367883023576,0.3189041675683768,0.31936172722923417,0.5128365104120249,0.3646830778389376
0.3753767465301764,0.4674664032698784,0.29024408574866545,0.31639056325464543,0.5409058179786974,0.45854649323556496,0.3998135801374034,0.3254944116350944,0.36816345171786513,0.3391935103270938,1.0,0.31901630054934904,0.5535117235542082,0.3259900480174375,0.30750238176255806,0.409110206132168,0.35951880244316703,0.5230513951731195,0.4551178635530104,0.40403794868699416,0.5201744442489049,0.5343203864435426,0.5371702948604953,0.42123269794139206,0.3705109162411948,0.3312626832146195,0.5450725248026353,0.3276812763851418,0.36169638975024165,0.3663531230186847,0.3027401142155658,0.49068724073683345,0.0,0.5129350395654215,0.4625088894317394,0.3349946816786773,0.38227483462677536,0.5199639006277277,0.2999576306203079,0.5611484986085553,0.3082113330378172,0.4739519552445689,0.5485556508669742,0.32933290773599977,0.33009870303451105,0.3401544974557513,0.4724646198179835,0.4739215090433291,0.33169123445909976,0.3639802116879818
0.35099706431953825,0.3363059020694784,0.25737859721156686,0.5426647145708798,0.31924736162930645,0.32232537114242266,0.2967664753582979,0.5156830682605023,0.32697812991189223,0.5132964570277248,0.31901630054934904,1.0,0.31832692265975726,0.5277939594982592,0.6120234822968691,0.30255489012713777,0.2782887449704732,0.30581277437190657,0.2856243370742787,0.2972827097019294,0.3040551901632005,0.3085327197568599,0.3139081617209476,0.31555975505523526,0.29039333323383787,0.2622389631741966,0.31075893272197685,0.5181693238371035,0.36044910914149086,0.32485120152610814,0.4687541241095461,0.3181820365565887,0.0,0.31248451171198766,0.31463370946659397,0.44320904983416176,0.28513176506365967,0.31525922040113885,0.45000826394364213,0.3157614969988918,0.4929730948845037,0.30323090387998763,0.3173297202047254,0.5266280197867762,0.5246948450084903,0.3422160352272011,0.3166459003164541,0.31288179993759035,0.4695998167794889,0.35773799915592275
0.3695506244193717,0.453932572530647,0.28495485664834086,0.32000487738342664,0.5105677996627047,0.45448717143366757,0.389683891272284,0.33005783279242173,0.3666199436672024,0.337554363811452,0.5535117235542082,0.31832692265975726,1.0,0.3158706755389329,0.3168713150799938,0.40170444298379193,0.3594630792669685,0.5243688687555234,0.5224619214716247,0.39431680491459653,0.5403774412013409,0.5878615662565503,0.5812764094094706,0.41889013130607,0.3590892207413625,0.3146631651177383,0.5693283892006231,0.3169373668823632,0.3584129281554167,0.36982642059316406,0.3022078766712639,0.5316175768615645,0.0,0.5585599112243249,0.45153534890660096,0.321226592919459,0.37651738466859597,0.5296525337796196,0.2912456897511104,0.5708139368921166,0.3127739466497317,0.45977223039014226,0.5682050138890766,0.322182679114539,0.3194715285682477,0.3315274105431003,0.4667419419469585,0.466027341208056,0.3243399194870308,0.35935902167480194
0.3275065880540675,0.31877680714236656,0.2602730482139781,0.5854022491586006,0.31503567413682476,0.3152759483446399,0.3028096690828138,0.5224404067117898,0.33574386723570293,0.5456564826709189,0.3259900480174375,0.5277939594982592,0.3158706755389329,1.0,0.5745873690803479,0.3051485153174872,0.24742622583613205,0.31548286417217086,0.28491357891029756,0.30637406370347275,0.3048461474816244,0.31058990243635476,0.3193325215886762,0.2773560475351229,0.2572060159352537,0.2207787037607999,0.31977495030728453,0.5537402689048738,0.36209700663287103,0.3249026212015165,0.513739675434593,0.31350257236034895,0.0,0.3058473047984458,0.30406460155996384,0.4502671635864597,0.2888822846645751,0.31350600738138845,0.43331706418929117,0.3137437729742949,0.5352433310811284,0.3021329690524104,0.31669059767151053,0.5527209878974046,0.5400439071136307,0.35036591870796197,0.30813154271473064,0.3091095486260804,0.4961931453661649,0.3669016659925969
0.31385194929617244,0.3068814595313356,0.2517708770955439,0.6013507417054461,0.32698292529009043,0.30743280521463634,0.288766882596581,0.5085151276338744,0.3286284201126327,0.5282762400498775,0.30750238176255806,0.6120234822968691,0.3168713150799938,0.5745873690803479,1.0,0.29708104847993777,0.24962185957292515,0.30036549678833746,0.2709554980874834,0.2914945187235226,0.29516759443094587,0.2985389623012974,0.3107990026478984,0.28460576630481993,0.2542506934741129,0.21789962105570937,0.3044224964835647,0.5119719843434473,0.34610678058314925,0.31243006984491906,0.5161659976689679,0.3137952961625131,0.0,0.2968082340605428,0.2962938970836504,0.4390793891513416,0.27768896259222975,0.30055205692512454,0.43214418083341033,0.30173722952955917,0.53396979445495,0.29561018660946103,0.3086745367921908,0.5187157746420095,0.5092442537091972,0.33361876759303044,0.30739872572419413,0.30732004274173463,0.47142347987559685,0.3590220245672202
0.3603308722590668,0.38625427188052464,0.27195067348800606,0.3072193280248793,0.3919869494506486,0.39724655375164775,0.7525467815920646,0.3120834195158003,0.35856240180345555,0.31536418717077086,0.409110206132168,0.30255489012713777,0.40170444298379193,0.3051485153174872,0.29708104847993777,1.0,0.3134534756969872,0.4092910239690314,0.3834879417096676,0.7649563080699187,0.40826964725025827,0.4178447410066025,0.42104976246460535,0.36958766272509913,0.33437414908121643,0.28587308761054253,0.3923963722203373,0.3019897871752424,0.34835517717896436,0.3558472847360242,0.28757826465650727,0.3877582240577667,0.0,0.39582171203701455,0.38914493002024575,0.3203250309512724,0.7512533156036514,0.38276598962966346,0.276124965751808,0.3923979756938578,0.2940003480399066,0.3836236008210093,0.39408170228424066,0.3073430777945799,0.3098786483528384,0.32351111507732333,0.37719808939450106,0.3779006928121731,0.30525487114153826,0.3508623625707258
0.3183862317819729,0.3952466036811161,0.22056340642717887,0.2601008852542779,0.3900752627121902,0.4276562269015859,0.30508789019698146,0.2648141212970768,0.284918576333954,0.25223400627132464,0.35951880244316703,0.2782887449704732,0.3594630792669685,0.24742622583613205,0.24962185957292515,0.3134534756969872,1.0,0.34130431152499907,0.3175058966643325,0.304441680291459,0.3439401456388451,0.35243504795978553,0.36106525609460716,0.5613748856358768,0.5673116826395254,0.6100724871754802,0.35118277221212846,0.2616755843621509,0.28248202484352514,0.28928536001273386,0.23415019170956697,0.4406962388433835,0.0,0.3768510560247117,0.41745909421202565,0.25413141053439037,0.2942213946502247,0.34962542153799736,0.26777227623382394,0.3659187441727335,0.2399687600933298,0.379937934481996,0.3525820581894056,0.27791316976019387,0.28122423443885347,0.26006741449713167,0.4345037359403533,0.41597793350911794,0.24875393178881633,0.29215823064524715
0.36116087059955493,0.4497330343537902,0.2791098661079068,0.30944014460476144,0.4544630979308574,0.4554404284132847,0.4268515574002617,0.3178762873139045,0.35819753003907817,0.3227095911422244,0.5230513951731195,0.30581277437190657,0.5243688687555234,0.31548286417217086,0.30036549678833746,0.4092910239690314,0.34130431152499907,1.0,0.5065775218415517,0.4297620655091583,0.5486375611087826,0.5431779728741498,0.5613957285153971,0.39553261506575466,0.35194879628181897,0.3038006549166731,0.5313491376088164,0.31723838298981644,0.3498231040584525,0.3550612446281861,0.29758097537342854,0.48373046076677595,0.0,0.5134506076704841,0.4468112226179596,0.338782764297511,0.4038100000927112,0.4856142719351946,0.2999032383120692,0.530790470482182,0.29787330970940884,0.45647583229253963,0.5216393198191088,0.3190452396017175,0.3160112312835073,0.32984339345891656,0.4576826447195492,0.459221232499036,0.3129855968575156,0.3574109825496602
0.3322558045691594,0.3986373278767793,0.24739360578130132,0.2828677385321804,0.41761977541029627,0.41167148611250737,0.38311648884694305,0.29118878813022875,0.31707388493045274,0.28883515788618075,0.4551178635530104,0.2856243370742787,0.5224619214716247,0.28491357891029756,0.2709554980874834,0.3834879417096676,0.3175058966643325,0.5065775218415517,1.0,0.3785988228495867,0.4932778433619065,0.532325683986845,0.5019933425594059,0.36708847500500075,0.33254315248420196,0.2738927275972962,0.47459850128704706,0.2850299072799367,0.31908222962774846,0.3187938564917917,0.2630478545192835,0.4817626403875659,0.0,0.46703902454568036,0.40563877405294624,0.30120913801591576,0.3687640019116941,0.43958947279044736,0.2668614432118297,0.4720685649582962,0.26996069068775086,0.40138319865656036,0.4677433612149645,0.29374595813746207,0.2912465336824498,0.2991992488265155,0.4017713462989799,0.4039710762561557,0.28320103282741815,0.31970792217996014
0.35477826816806246,0.39125444025404676,0.2729404014922284,0.3019676536678746,0.36990121246179875,0.39513638432723075,0.8647584081686683,0.3071904671855452,0.3582163881176925,0.30904414489765475,0.40403794868699416,0.2972827097019294,0.39431680491459653,0.30637406370347275,0.2914945187235226,0.7649563080699187,0.304441680291459,0.4297620655091583,0.3785988228495867,1.0,0.4306173758616857,0.4124826943458527,0.43463372115872445,0.3479783208358308,0.3176657846398362,0.271273474983177,0.4053496385206543,0.30457900018292483,0.34830182631457196,0.3534535694527511,0.28679177314015414,0.3777691263178893,0.0,0.4001446015889094,0.3920771110931849,0.3213791499792289,0.7831039700046007,0.379783564185019,0.2807845702347792,0.4001744359397319,0.2889626585816518,0.38534878228972924,0.40157170254133046,0.3077115996896618,0.3050050699824214,0.3255942266792976,0.37808763345346397,0.3798038393951292,0.30619738748296876,0.3536555843777872
0.352030725169582,0.43846196609002064,0.2787443703635837,0.301654978867665,0.46832035498269264,0.43806476730770516,0.4282335148244666,0.3088044756124002,0.3525200633413125,0.31201432667249607,0.5201744442489049,0.3040551901632005,0.5403774412013409,0.3048461474816244,0.29516759443094587,0.40826964725025827,0.3439401456388451,0.5486375611087826,0.4932778433619065,0.4306173758616857,1.0,0.5489068523058127,0.5719872003712072,0.3940882223191309,0.35335795035942896,0.3105809812447484,0.5405828628860536,0.3074973154695825,0.3442095561242148,0.35309859434437985,0.2874821938473233,0.4969144992080553,0.0,0.5346203318299767,0.43966199417174634,0.3291946277285519,0.40488001581262734,0.5060086861691486,0.2889735246106807,0.5421976309428027,0.29412879433013006,0.4354817753488006,0.5320227568434339,0.314052634255806,0.3121598842054393,0.32953047021214577,0.4562495998906988,0.4579358754715792,0.30996459091254236,0.35174063161397706
0.36509396632302815,0.43725220531912445,0.27220742741979753,0.3080861401451579,0.4612651279914982,0.43905946515110716,0.4087207809424841,0.3153462932222577,0.3543443004526483,0.31704918984473196,0.5343203864435426,0.3085327197568599,0.5878615662565503,0.31058990243635476,0.2985389623012974,0.4178447410066025,0.35243504795978553,0.5431779728741498,0.532325683986845,0.4124826943458527,0.5489068523058127,1.0,0.72100651819308,0.40663159730936793,0.36300576663029716,0.3141641899273957,0.540403582183412,0.31176813335106524,0.34446295678146366,0.3512006903652979,0.28797025595895853,0.5159564543016013,0.0,0.6389629647363024,0.44180790379352863,0.3250378156701387,0.3966066344717356,0.5054623006044222,0.2881179615849101,0.5454173327214741,0.29307988366340965,0.4459812520548224,0.5449604197559261,0.31995470365705236,0.31608914020455714,0.32919797400596296,0.45054412743321837,0.45048932182248724,0.31412115443890287,0.3552650927442087
0.3689260919453935,0.45292003591130436,0.28143829102716156,0.3213530950464877,0.4671003787330573,0.4548153700853562,0.4347576559386771,0.3255045244728626,0.3640539791470109,0.3235946089319971,0.5371702948604953,0.3139081617209476,0.5812764094094706,0.3193325215886762,0.3107990026478984,0.42104976246460535,0.36106525609460716,0.5613957285153971,0.5019933425594059,0.43463372115872445,0.5719872003712072,0.72100651819308,1.0,0.4037976419795315,0.36429179392590194,0.31224536589458896,0.5622824061175905,0.3228910331414667,0.35548148322061923,0.35565782572256277,0.29914963881645074,0.5201570458015563,0.0,0.6515496596629194,0.4502436627983808,0.3336150606870315,0.411827462404589,0.5149161959318197,0.3011883379568243,0.5503586334088306,0.30214026088908486,0.4524017813674499,0.5491278962632115,0.32629752957355185,0.3222493119718448,0.33589552506008846,0.4537489667256619,0.45670512236742056,0.3190570214364469,0.3627124928210217
0.35162342819594417,0.5066841945947094,0.2481581058439032,0.29340542860590313,0.4452421133607508,0.5297708868677844,0.35005542984678495,0.31114368488763455,0.3277999913311802,0.3024758017860705,0.42123269794139206,0.31555975505523526,0.41889013130607,0.2773560475351229,0.28460576630481993,0.36958766272509913,0.5613748856358768,0.39553261506575466,0.36708847500500075,0.3479783208358308,0.3940882223191309,0.40663159730936793,0.4037976419795315,1.0,0.6093976464511847,0.5550117556995875,0.4003084126232208,0.2908519999325323,0.32158041545283134,0.3283120057551612,0.26630041424451956,0.45657147221286576,0.0,0.40985620639803944,0.5341907816024917,0.2893919444446055,0.34238517066778207,0.39270505524888344,0.28217464953770877,0.41064292995616614,0.27839379256401864,0.4557254833772365,0.4030590892083348,0.3037458916370702,0.30853201426384336,0.2975956389866873,0.4741546154503832,0.46119578956824137,0.28128685875511694,0.32188120172964274
0.3269201390056865,0.46718524967457387,0.22957664429486158,0.27363342370097554,0.3914618536964314,0.4975317917164175,0.31788013924034264,0.2789405465632566,0.2901688122109961,0.2734717562127823,0.3705109162411948,0.29039333323383787,0.3590892207413625,0.2572060159352537,0.2542506934741129,0.33437414908121643,0.5673116826395254,0.35194879628181897,0.33254315248420196,0.3176657846398362,0.35335795035942896,0.36300576663029716,0.36429179392590194,0.6093976464511847,1.0,0.596989088137508,0.35980240287774146,0.2719462105522168,0.28596132719682354,0.29373294971417974,0.24315524781631892,0.4405202324254034,0.0,0.37032209571782715,0.48836024667171807,0.2621886941886181,0.31447811261298164,0.3665326877014554,0.2775692289173656,0.3740761123059805,0.25010063556128526,0.40550282108424396,0.3672263071242813,0.2978531877730679,0.29817766013015035,0.2755991330744708,0.44555521103656104,0.42894905151854745,0.2678983653538577,0.2916451202590826
0.2917148201873352,0.3556887340542929,0.19397810361455115,0.23360630220077783,0.35204629065692217,0.38174011409429665,0.2707742270360104,0.24174000075879964,0.25200574458990366,0.2320742675745987,0.3312626832146195,0.2622389631741966,0.3146631651177383,0.2207787037607999,0.21789962105570937,0.28587308761054253,0.6100724871754802,0.3038006549166731,0.2738927275972962,0.271273474983177,0.3105809812447484,0.3141641899273957,0.31224536589458896,0.5550117556995875,0.596989088137508,1.0,0.3095802234538755,0.23860923910975118,0.25192633372550743,0.2594937382784628,0.21014072629330804,0.3899294497196011,0.0,0.32384806160458235,0.3776491473385504,0.2265323735892225,0.2674175954505881,0.3163317619640095,0.25279908033551024,0.33793805234776664,0.2143803312505087,0.34334376738866457,0.3110356768265331,0.2589568094511103,0.25891932376195115,0.23931224302873355,0.40088731587371373,0.3743130055327528,0.22892947615478387,0.26248468006122305
0.3651516421791494,0.4574290063705896,0.2846405461099778,0.31364374036258835,0.4762738503085906,0.4434837298332093,0.3998987152236706,0.3217603860742203,0.36434351381113217,0.32885668143353286,0.5450725248026353,0.31075893272197685,0.5693283892006231,0.31977495030728453,0.3044224964835647,0.3923963722203373,0.35118277221212846,0.5313491376088164,0.47459850128704706,0.4053496385206543,0.5405828628860536,0.540403582183412,0.5622824061175905,0.4003084126232208,0.35980240287774146,0.3095802234538755,1.0,0.3182058009372888,0.3585876264506863,0.35855549056075486,0.30381461707017154,0.5132673494811687,0.0,0.5264947091547795,0.44595558998789986,0.3261901062745618,0.3772352260412948,0.5832478351391982,0.28562562869208763,0.5768436802508834,0.3069944271206615,0.44960402142383205,0.6262988634850628,0.3267242822359683,0.316478598043091,0.33885180235826406,0.45653282039018794,0.45823685841611395,0.32465667424037814,0.36020757642605294
0.33400577744861504,0.33132946633152227,0.2632373075358272,0.5485421728799666,0.30653885506415635,0.324381174077784,0.30263908870169776,0.6906180708521537,0.3305432986058595,0.5419569929240382,0.3276812763851418,0.5181693238371035,0.3169373668823632,0.5537402689048738,0.5119719843434473,0.3019897871752424,0.2616755843621509,0.31723838298981644,0.2850299072799367,0.30457900018292483,0.3074973154695825,0.31176813335106524,0.3228910331414667,0.2908519999325323,0.2719462105522168,0.23860923910975118,0.3182058009372888,1.0,0.3643773999823421,0.323950261567129,0.4949192871121676,0.3153204255571834,0.0,0.3119334485414761,0.30797160599973894,0.4472199062319958,0.2866591857844403,0.3255413913037116,0.4406494933611649,0.31957116085236137,0.5136726322992674,0.30630395770452434,0.3196842505929347,0.7956763152971714,0.7595202583753213,0.34369481865843354,0.31403524532752614,0.3135348493269847,0.49762859615342225,0.35978388698787467
0.3911094059764465,0.363544073487865,0.30055596483203906,0.3532404889902927,0.3465975494327792,0.3597267886559815,0.34600254877635594,0.36563032519360494,0.38487803455897995,0.3706434230148917,0.36169638975024165,0.36044910914149086,0.3584129281554167,0.36209700663287103,0.34610678058314925,0.34835517717896436,0.28248202484352514,0.3498231040584525,0.31908222962774846,0.34830182631457196,0.3442095561242148,0.34446295678146366,0.35548148322061923,0.32158041545283134,0.28596132719682354,0.25192633372550743,0.3585876264506863,0.3643773999823421,1.0,0.37985617592516496,0.33497485955172324,0.3396153918049277,0.0,0.3470395707055083,0.34116135749781573,0.35942692507230845,0.33031108137552057,0.3566805990202032,0.3209264425284253,0.35713093358288084,0.33921094027147547,0.33809858736064646,0.35983819417402074,0.36082453680521387,0.3587684136524415,0.42983647285973636,0.3419115373019308,0.3428374011948031,0.3583849133441812,0.6294042653772751
0.433259036986936,0.3598090484228911,0.30413603317069526,0.32601382576717497,0.35337383393492205,0.34916894035874435,0.34640404134971714,0.32378412411086277,0.46088163507494195,0.3432773593363133,0.3663531230186847,0.32485120152610814,0.36982642059316406,0.3249026212015165,0.31243006984491906,0.3558472847360242,0.28928536001273386,0.3550612446281861,0.3187938564917917,0.3534535694527511,0.35309859434437985,0.3512006903652979,0.35565782572256277,0.3283120057551612,0.29373294971417974,0.2594937382784628,0.35855549056075486,0.323950261567129,0.37985617592516496,1.0,0.3086159909099133,0.33957801980146474,0.0,0.34664573146311317,0.35106319971294186,0.32963448230305625,0.3315267796461927,0.3486768828342769,0.30362514039474864,0.37586519475902436,0.31586677006601105,0.3490260389398624,0.36248638778587705,0.32922764838723884,0.32614419253408367,0.37124441905125327,0.35617718399422116,0.35641843459746625,0.3249244278886271,0.39402018755830936
0.30991641975953754,0.3066059855109692,0.24911935182057943,0.5254340779787182,0.303208737804736,0.2981859491603642,0.28327184338245714,0.4982174535416105,0.3137587311663741,0.543515086989318,0.3027401142155658,0.4687541241095461,0.3022078766712639,0.513739675434593,0.5161659976689679,0.28757826465650727,0.23415019170956697,0.29758097537342854,0.2630478545192835,0.28679177314015414,0.2874821938473233,0.28797025595895853,0.29914963881645074,0.26630041424451956,0.24315524781631892,0.21014072629330804,0.30381461707017154,0.4949192871121676,0.33497485955172324,0.3086159909099133,1.0,0.29430775181481306,0.0,0.29581069408216665,0.28672609384829095,0.42611512147976993,0.2696300709150784,0.29875192631644965,0.4047789032258299,0.30038145284500306,0.6395086405140389,0.2902804942131989,0.2982109786965672,0.5026070750116582,0.4944477732347512,0.32523715979599577,0.28906625774894656,0.2902318949925874,0.45720118404205834,0.33724377336644085
0.3617897854961547,0.43058298626608593,0.2711006161191557,0.3258123740235922,0.4939161158451777,0.44589108103137176,0.3775706618108422,0.32516434389436155,0.34839639877803286,0.3188885995750018,0.49068724073683345,0.3181820365565887,0.5316175768615645,0.31350257236034895,0.3137952961625131,0.3877582240577667,0.4406962388433835,0.48373046076677595,0.4817626403875659,0.3777691263178893,0.4969144992080553,0.5159564543016013,0.5201570458015563,0.45657147221286576,0.4405202324254034,0.3899294497196011,0.5132673494811687,0.3153204255571834,0.3396153918049277,0.33957801980146474,0.29430775181481306,1.0,0.0,0.5071180397460447,0.43258877949084595,0.31235976925877196,0.36865995276251495,0.5072544375565586,0.2980575463334323,0.5205522063149738,0.30052189234845106,0.4346236768280022,0.5232481741776652,0.3231680889014509,0.3258733165636193,0.31985680338987066,0.45761479105804326,0.4534676142025448,0.3021047361215171,0.33951885268626647
0.0,0.0,0.0,0.0,0.0,0.0,0.0,0.0,0.0,0.0,0.0,0.0,0.0,0.0,0.0,0.0,0.0,0.0,0.0,0.0,0.0,0.0,0.0,0.0,0.0,0.0,0.0,0.0,0.0,0.0,0.0,0.0,1.0,0.0,0.0,0.0,0.0,0.0,0.0,0.0,0.0,0.0,0.0,0.0,0.0,0.0,0.0,0.0,0.0,0.0
0.36838441092905283,0.43823108860343574,0.2778813919308999,0.30354495111717983,0.47962682424284686,0.46544059487309764,0.40024412942019194,0.3216096886086718,0.35616477302894933,0.3144589739644592,0.5129350395654215,0.31248451171198766,0.5585599112243249,0.3058473047984458,0.2968082340605428,0.39582171203701455,0.3768510560247117,0.5134506076704841,0.46703902454568036,0.4001446015889094,0.5346203318299767,0.6389629647363024,0.6515496596629194,0.40985620639803944,0.37032209571782715,0.32384806160458235,0.5264947091547795,0.3119334485414761,0.3470395707055083,0.34664573146311317,0.29581069408216665,0.5071180397460447,0.0,1.0,0.446399897392768,0.3368540552996384,0.37673444618241647,0.5059235786850828,0.30498869801460193,0.5347297236223194,0.2930993237664231,0.4490529736336012,0.5376325343055786,0.31911225960716116,0.3189403633040414,0.3274894030718071,0.45133311071031745,0.4514296901409076,0.3111508893321052,0.3597400567442183
0.3563141919449797,0.5615085309245444,0.2687530505438127,0.3025111364049464,0.43833565899611493,0.570931508976575,0.3924735829237074,0.3161415831931461,0.3487703725005771,0.3177013949907358,0.4625088894317394,0.31463370946659397,0.45153534890660096,0.30406460155996384,0.2962938970836504,0.38914493002024575,0.41745909421202565,0.4468112226179596,0.40563877405294624,0.3920771110931849,0.43966199417174634,0.44180790379352863,0.4502436627983808,0.5341907816024917,0.48836024667171807,0.3776491473385504,0.44595558998789986,0.30797160599973894,0.34116135749781573,0.35106319971294186,0.28672609384829095,0.43258877949084595,0.0,0.446399897392768,1.0,0.3162365675404195,0.3673154533147647,0.43935156209692117,0.29613856688635,0.45794156511872763,0.2912607044395574,0.5035932476065236,0.45955496471387836,0.31505255294600987,0.3149605630377572,0.31717550593322763,0.49164269978967756,0.49007809149429515,0.31124978588987406,0.34198419559482107
0.3316759697531213,0.319861878846308,0.26766573964391527,0.451754251251107,0.30546899197643906,0.3279582578967657,0.32301269513012265,0.4491804446711818,0.33948332285223193,0.47086010453366023,0.3349946816786773,0.44320904983416176,0.321226592919459,0.4502671635864597,0.4390793891513416,0.3203250309512724,0.25413141053439037,0.338782764297511,0.30120913801591576,0.3213791499792289,0.3291946277285519,0.3250378156701387,0.3336150606870315,0.2893919444446055,0.2621886941886181,0.2265323735892225,0.3261901062745618,0.4472199062319958,0.35942692507230845,0.32963448230305625,0.42611512147976993,0.31235976925877196,0.0,0.3368540552996384,0.3162365675404195,1.0,0.3077000078064662,0.3127530757417004,0.4428840424854611,0.3267655798862541,0.4322082543794695,0.310938936608965,0.3234242132470011,0.4527245099000916,0.4521562930469165,0.3386739974037444,0.31117949743216566,0.3104011789642499,0.44724643114867546,0.36352716283048103
0.3368976560344987,0.3650233767016494,0.2553311811597002,0.288760082628147,0.3580792760759398,0.3749207872195557,0.7737395114400931,0.2903163899737814,0.33761295083363685,0.29265824227120163,0.38227483462677536,0.28513176506365967,0.37651738466859597,0.2888822846645751,0.27768896259222975,0.7512533156036514,0.2942213946502247,0.4038100000927112,0.3687640019116941,0.7831039700046007,0.40488001581262734,0.3966066344717356,0.411827462404589,0.34238517066778207,0.31447811261298164,0.2674175954505881,0.3772352260412948,0.2866591857844403,0.33031108137552057,0.3315267796461927,0.2696300709150784,0.36865995276251495,0.0,0.37673444618241647,0.3673154533147647,0.3077000078064662,1.0,0.36022191417614147,0.26690689150710367,0.3683035587403519,0.27322206951856964,0.36203473763961513,0.37775568241135804,0.29069177132175283,0.28971335706887424,0.30343096851000273,0.35181474909068644,0.3525889825097185,0.28526389833198007,0.3303215076719498
0.369388910802929,0.4633810845588877,0.2814374484871641,0.30552961219561126,0.4889000974943929,0.45514997281533354,0.37396411553407394,0.33462292622481704,0.3485211532443834,0.32280254988398116,0.5199639006277277,0.31525922040113885,0.5296525337796196,0.31350600738138845,0.30055205692512454,0.38276598962966346,0.34962542153799736,0.4856142719351946,0.43958947279044736,0.379783564185019,0.5060086861691486,0.5054623006044222,0.5149161959318197,0.39270505524888344,0.3665326877014554,0.3163317619640095,0.5832478351391982,0.3255413913037116,0.3566805990202032,0.3486768828342769,0.29875192631644965,0.5072544375565586,0.0,0.5059235786850828,0.43935156209692117,0.3127530757417004,0.36022191417614147,1.0,0.28936332328611025,0.5413159566340764,0.3017579810747889,0.446173565275099,0.6192172766648592,0.33165758486074337,0.330182940722177,0.33184408460786774,0.46294193674028594,0.4641516889563807,0.32953000441697755,0.35378622862995
0.3157229225265593,0.28610576916442954,0.23814418913568214,0.4428160927286917,0.2869237349608037,0.307946488434683,0.2850158471620412,0.4438827194347428,0.30563539556281083,0.4589069147458743,0.2999576306203079,0.45000826394364213,0.2912456897511104,0.43331706418929117,0.43214418083341033,0.276124965751808,0.26777227623382394,0.2999032383120692,0.2668614432118297,0.2807845702347792,0.2889735246106807,0.2881179615849101,0.3011883379568243,0.28217464953770877,0.2775692289173656,0.25279908033551024,0.28562562869208763,0.4406494933611649,0.3209264425284253,0.30362514039474864,0.4047789032258299,0.2980575463334323,0.0,0.30498869801460193,0.29613856688635,0.4428840424854611,0.26690689150710367,0.28936332328611025,1.0,0.2978955274476981,0.41428824821808785,0.2870173660728049,0.29508556584137824,0.4463596759677886,0.4508971060542699,0.30310593925645235,0.2928579884381124,0.2883356597721416,0.42327397007020673,0.32237123916808774
0.3728547345013127,0.4579466818074791,0.28945903269669415,0.3100295551733099,0.4917647739624609,0.45655746567519107,0.39427841853014023,0.32373218247534385,0.3650814155486992,0.32999326882644886,0.5611484986085553,0.3157614969988918,0.5708139368921166,0.3137437729742949,0.30173722952955917,0.3923979756938578,0.3659187441727335,0.530790470482182,0.4720685649582962,0.4001744359397319,0.5421976309428027,0.5454173327214741,0.5503586334088306,0.41064292995616614,0.3740761123059805,0.33793805234776664,0.5768436802508834,0.31957116085236137,0.35713093358288084,0.37586519475902436,0.30038145284500306,0.5205522063149738,0.0,0.5347297236223194,0.45794156511872763,0.3267655798862541,0.3683035587403519,0.5413159566340764,0.2978955274476981,1.0,0.3018610995359441,0.4639147860193461,0.5777826018210903,0.3228279579209802,0.32484433036731053,0.3444162643126937,0.48472125547418443,0.4846669235192327,0.31947017681934853,0.37046142726176423
