../ecoli_genomes/GCF_000163235.1_ASM16323v1_genomic.fna.gz,../ecoli_genomes/GCF_000164555.1_ASM16455v1_genomic.fna.gz,../ecoli_genomes/GCF_000208545.1_ASM20854v2_genomic.fna.gz,../ecoli_genomes/GCF_000233875.1_ASM23387v1_genomic.fna.gz,../ecoli_genomes/GCF_000249735.1_ASM24973v2_genomic.fna.gz,../ecoli_genomes/GCF_000261145.1_Esch_coli_M919_V2_genomic.fna.gz,../ecoli_genomes/GCF_000267705.2_ASM26770v2_genomic.fna.gz,../ecoli_genomes/GCF_000350665.1_Esch_coli_KTE5_V1_genomic.fna.gz,../ecoli_genomes/GCF_000351625.1_Esch_coli_KTE66_V1_genomic.fna.gz,../ecoli_genomes/GCF_000352285.1_Esch_coli_KTE46_V1_genomic.fna.gz,../ecoli_genomes/GCF_000358895.1_ASM35889v1_genomic.fna.gz,../ecoli_genomes/GCF_000456385.1_Esch_coli_HVH_26_4-5703913_V1_genomic.fna.gz,../ecoli_genomes/GCF_000458195.1_Esch_coli_HVH_147_4-5893887_V1_genomic.fna.gz,../ecoli_genomes/GCF_000459755.1_Esch_coli_KOEGE_58_171a_V1_genomic.fna.gz,../ecoli_genomes/GCF_000460055.1_Esch_coli_UMEA_3053-1_V1_genomic.fna.gz,../ecoli_genomes/GCF_000462165.2_ASM46216v2_genomic.fna.gz,../ecoli_genomes/GCF_000601135.1_ASM60113v1_genomic.fna.gz,../ecoli_genomes/GCF_000614595.1_Ec2010EL1058_genomic.fna.gz,../ecoli_genomes/GCF_000617745.1_Ec2010C-4529_genomic.fna.gz,../ecoli_genomes/GCF_000618265.2_EcF6751_genomic.fna.gz,../ecoli_genomes/GCF_000619005.2_Ec2009C-4052_genomic.fna.gz,../ecoli_genomes/GCF_000619105.1_Ec2009C-4780_genomic.fna.gz,../ecoli_genomes/GCF_000619765.2_Ec2009C-3279_genomic.fna.gz,../ecoli_genomes/GCF_000687005.1_ASM68700v1_genomic.fna.gz,../ecoli_genomes/GCF_000687025.1_ASM68702v1_genomic.fna.gz,../ecoli_genomes/GCF_000700125.1_ASM70012v1_genomic.fna.gz,../ecoli_genomes/GCF_000753315.1_FHI35_genomic.fna.gz,../ecoli_genomes/GCF_000776375.1_ASM77637v1_genomic.fna.gz,../ecoli_genomes/GCF_000779395.1_ASM77939v1_genomic.fna.gz,../ecoli_genomes/GCF_000780315.1_ASM78031v1_genomic.fna.gz,../ecoli_genomes/GCF_000781995.1_ASM78199v1_genomic.fna.gz,../ecoli_genomes/GCF_000986765.1_ASM98676v1_genomic.fna.gz,../ecoli_genomes/GCF_001041375.1_ViralProj287958_genomic.fna.gz,../ecoli_genomes/GCF_001265335.1_302014_genomic.fna.gz,../ecoli_genomes/GCF_001265625.1_100854_genomic.fna.gz,../ecoli_genomes/GCF_001267345.1_303289_genomic.fna.gz,../ecoli_genomes/GCF_001309985.1_ASM130998v1_genomic.fna.gz,../ecoli_genomes/GCF_001521695.1_ASM152169v1_genomic.fna.gz,../ecoli_genomes/GCF_001592595.1_ASM159259v1_genomic.fna.gz,../ecoli_genomes/GCF_001614975.1_ASM161497v1_genomic.fna.gz,../ecoli_genomes/GCF_001692775.1_ASM169277v1_genomic.fna.gz,../ecoli_genomes/GCF_001748915.1_ASM174891v1_genomic.fna.gz,../ecoli_genomes/GCF_001749235.1_ASM174923v1_genomic.fna.gz,../ecoli_genomes/GCF_001881155.1_ASM188115v1_genomic.fna.gz,../ecoli_genomes/GCF_001881345.1_ASM188134v1_genomic.fna.gz,../ecoli_genomes/GCF_001892405.1_ASM189240v1_genomic.fna.gz,../ecoli_genomes/GCF_001892585.1_ASM189258v1_genomic.fna.gz,../ecoli_genomes/GCF_001893985.1_ASM189398v1_genomic.fna.gz,../ecoli_genomes/GCF_002001595.1_ASM200159v1_genomic.fna.gz,../ecoli_genomes/GCF_002002145.1_ASM200214v1_genomic.fna.gz
1.0,0.7700939094488647,0.7460739124551499,0.7479182976986347,0.7337621542748127,0.756755094023206,0.7628431367245586,0.751935925397444,0.7907192697223884,0.7495301411345714,0.770279570185309,0.7584688355794371,0.7698499032318482,0.7488662653617577,0.7412207906144886,0.7654111208456982,0.6746462101817231,0.7654207973002113,0.7575663106876966,0.7676101520227055,0.7633798826505087,0.7622437291329306,0.7698957556273446,0.7041430325174662,0.6864063424176632,0.6677759779057183,0.7702947602733349,0.7516929014780496,0.7674589518862417,0.7933051138586533,0.7350692503723752,0.7651172527928297,0.0552191561777412,0.7660793679720663,0.7568275440891225,0.7505940852873676,0.7522339402750793,0.7670302459324121,0.7035403491813885,0.7777411331593285,0.7443101774321204,0.7611880252125183,0.7715456373936541,0.7605585167662013,0.7636502486043081,0.7638579481784206,0.7680282217959495,0.7670985599853412,0.7509673578055092,0.7689653388169011
0.7700939094488647,1.0,0.7421698168060996,0.7507296356937658,0.7549218206999168,0.8186145354882711,0.7710015541822296,0.757678290950165,0.7578595095688279,0.7603545785487253,0.7892362937956099,0.7531197140599333,0.7966308600565153,0.7514599118494115,0.7456835788506134,0.7716714180380062,0.6791976982771815,0.7932026820835213,0.7814104838105335,0.7762885564649393,0.7897638924368874,0.7874912366814217,0.7976820919198866,0.7352461893609028,0.7011631349970788,0.6697059347278599,0.7952877413323926,0.7589579328122228,0.7578078928249948,0.7641211317467336,0.7429111296594161,0.7825660055955486,0.05712876276774548,0.7895435695825569,0.8183764641377737,0.7565409388385329,0.7613898400373568,0.7943182299054389,0.7024189407988727,0.7975217481374979,0.7494425893116989,0.8037391369042254,0.79513408237128,0.7660425741490506,0.7605111294816975,0.7569277950572373,0.8107002684993252,0.8111862106920995,0.7637176454714499,0.7586605580326877
0.7460739124551499,0.7421698168060996,1.0,0.7243367072542783,0.7076178139677403,0.7305824847205917,0.7359207846499234,0.7285965104550716,0.7496066997624344,0.7324223359938433,0.7384212522756479,0.7237909518551899,0.7371787074898593,0.7301700806412579,0.7274190747758247,0.736237984760797,0.6196260170056234,0.7357745156048929,0.7260305507990874,0.7368560725655511,0.7413337252008357,0.7330606720391684,0.7412049660911919,0.6548900143495067,0.6337306055595607,0.6134213013238687,0.7402240770442812,0.7322875019243824,0.7485177463578427,0.7469611827864041,0.7178265097934671,0.7260543031403281,0.05990173041244973,0.7398627646088706,0.7208805812848036,0.738203226969475,0.7229679747801162,0.7414062941734669,0.6766807017964283,0.74190476964826,0.7326127732206024,0.7332535510105298,0.7440033786610811,0.7335245293566246,0.7290935410672604,0.7360683288812331,0.7380341181548863,0.7386947912038005,0.7355391770455648,0.7472249653662505
0.7479182976986347,0.7507296356937658,0.7243367072542783,1.0,0.7191653301717903,0.7336602264146432,0.7307580315187463,0.8145412623076506,0.744330866684917,0.8256061583540084,0.7423769771392352,0.8141373135788813,0.7438559826582891,0.8354821985603845,0.8382112759743106,0.7383150763598132,0.6400546267750642,0.7362690440992767,0.7265795861172768,0.7364728379462571,0.7349050415052025,0.7331303207776709,0.7472749838692456,0.6753115432490078,0.6564023673438653,0.6363312921283615,0.7400836062530675,0.8275265867597545,0.7518289817757741,0.7435689860794098,0.8128821557942543,0.7398011150202264,0.055426361115977096,0.7352871327200521,0.7229259006451646,0.7889549814346586,0.7241860068877207,0.7352203895077003,0.7266184378019779,0.7399828939167878,0.8268379818834046,0.7394221858737882,0.7394451426270681,0.8261872964385217,0.8157316880234866,0.7491793409365328,0.7424681753141489,0.742472013707238,0.8045194395417455,0.7572779244212529
0.7337621542748127,0.7549218206999168,0.7076178139677403,0.7191653301717903,1.0,0.7640047438780947,0.7301378738088597,0.7225549252354526,0.7413705573888312,0.7203197976249739,0.7768577122230774,0.7172288592208453,0.7819735945189104,0.7149851392956947,0.7213639578652415,0.7418077621124808,0.6857734796857133,0.7484975585860424,0.7487625970541463,0.733579407627433,0.7581254786603099,0.7428851249923349,0.752146934206148,0.7228938013765189,0.6957971807150201,0.6744355169634557,0.7611249426412077,0.7097081071269363,0.7244224306250631,0.7301444493198692,0.7082135963374381,0.7776795278738554,0.0555074436433004,0.7620201088206474,0.7489597969544828,0.7161599882206945,0.7322801154028805,0.7739032969504148,0.6944426596937991,0.768852418714198,0.7188626254477487,0.7558556856560587,0.767848616238463,0.7187348255543297,0.7191462439584466,0.717069082802513,0.7621303152245921,0.7626431709033612,0.7151698880038734,0.7179095163375633
0.756755094023206,0.8186145354882711,0.7305824847205917,0.7336602264146432,0.7640047438780947,1.0,0.7733584436754479,0.747402667356419,0.7544269556580518,0.7299926289306005,0.7833291753216264,0.7357504516834705,0.7899500962160524,0.7309871568280359,0.7271146769327524,0.7780319937842892,0.6909522555858428,0.7922841839883688,0.7826272191435977,0.7714958277992018,0.784908051378502,0.7944808130063006,0.7899926862671012,0.7379666132869251,0.7117546325889624,0.6863544091213583,0.7859453833239826,0.7411551951284692,0.7558072728644241,0.751821817452055,0.7227700205459566,0.7782904242814688,0.060863344314917134,0.793212172635863,0.8053339299560021,0.7511225308069761,0.7626326550066445,0.7847358285490887,0.705497891286525,0.7918779807587839,0.7283116058041681,0.800090922250801,0.7859980867846001,0.7508291327685487,0.7481749237716453,0.7448610765715364,0.8018288262886768,0.8020823329148146,0.7387379861709977,0.7545609272155606
0.7628431367245586,0.7710015541822296,0.7359207846499234,0.7307580315187463,0.7301378738088597,0.7733584436754479,1.0,0.7296612937672196,0.7612111211641013,0.7321059333810378,0.7657921587863894,0.7347195796747865,0.7631143890379517,0.7351389487127351,0.729744525390627,0.895428807929466,0.6517266967367937,0.7911831562321316,0.7793876845955541,0.9365637615546267,0.7870929486461484,0.780094701873382,0.7914826170598231,0.6880614252727053,0.6634728915882123,0.643602560013512,0.7718223362496932,0.7364943807417794,0.7502628312060362,0.7630381147860128,0.7202235622842268,0.7585100027058449,0.05827737322437598,0.774322136650712,0.758952529712729,0.7510976175055661,0.9104158573458736,0.7634783646926213,0.6953435399978891,0.7711208257792599,0.7277594577306319,0.7722649522017426,0.7710537765141445,0.7400713109601167,0.7365605422984699,0.7443024842143442,0.7639717126435253,0.7644559858596965,0.7329442673135874,0.7561938044702239
0.751935925397444,0.757678290950165,0.7285965104550716,0.8145412623076506,0.7225549252354526,0.747402667356419,0.7296612937672196,1.0,0.7446950193384279,0.8272068552574884,0.748677172196425,0.8181647056283721,0.7523655842928738,0.8088247430112191,0.806704222725715,0.7343712821086096,0.6484808975237014,0.7463620443514449,0.7349186184039393,0.7354237810247235,0.7409128995215216,0.7404130988870914,0.7504296273386261,0.6836235838322221,0.66114951803522,0.648031557738905,0.7519909453651583,0.8755686335904203,0.7586922417149613,0.7461771047144269,0.7985745969703858,0.7466224074801003,0.057245628734299614,0.7426114513092164,0.7337325660985197,0.7863083759795542,0.717508711398489,0.7525797575040344,0.743374009493615,0.752804114841599,0.8081077189782963,0.7457477454734042,0.7497544424185646,0.8802994466931303,0.8699282229693298,0.7521794999017397,0.7482597947967142,0.7477476925791176,0.8005754044093254,0.758837486461618
0.7907192697223884,0.7578595095688279,0.7496066997624344,0.744330866684917,0.7413705573888312,0.7544269556580518,0.7612111211641013,0.7446950193384279,1.0,0.7488921996298941,0.7657659149915856,0.7359676901724477,0.770374989133917,0.7485494168280216,0.7437595456235593,0.7637000877239934,0.6518726304011446,0.7622069025712548,0.7441956804536826,0.7673742134542716,0.7547250326886111,0.755822164563435,0.7636512727416593,0.6891049970271634,0.667034786556115,0.6510404606572566,0.7651800933096123,0.7415389184343308,0.7677584496399911,0.8043388118233049,0.7379069752096582,0.7508225102288566,0.05387506562683464,0.7578932704614324,0.7507076954083237,0.7483458571871315,0.7542764860118721,0.7584225730310861,0.6914512816304104,0.7659424729778286,0.7454737945778467,0.7634812047518664,0.7674034517830934,0.7452342431419371,0.7391849147733743,0.75489090484619,0.7615039360542486,0.7609952566707763,0.7486993573610516,0.7718602962488235
0.7495301411345714,0.7603545785487253,0.7324223359938433,0.8256061583540084,0.7203197976249739,0.7299926289306005,0.7321059333810378,0.8272068552574884,0.7488921996298941,1.0,0.7482094977110234,0.8109049695311048,0.7519031324400727,0.8232404287557052,0.8235356949428431,0.7373603247749081,0.6284086881913451,0.7398356594937874,0.7227065419717998,0.7399842466810849,0.7329442259598883,0.7341642684526284,0.7398663528353022,0.6728585095861802,0.6440569587846003,0.6276146279534368,0.7440174776280831,0.8314251344784225,0.7603168338231123,0.7492049605327329,0.8200145260573155,0.7326748143638427,0.05724565238399115,0.7301455120147323,0.7301090307502458,0.7928530232429003,0.7243003775251999,0.7385200877643081,0.7380477020908149,0.747271324526972,0.8340561881839775,0.7354175212464688,0.7426312026915122,0.8275839471187947,0.8224004805346026,0.7503213284889161,0.7404070849186383,0.7400779551846972,0.8173482330398025,0.756008134421989
0.770279570185309,0.7892362937956099,0.7384212522756479,0.7423769771392352,0.7768577122230774,0.7833291753216264,0.7657921587863894,0.748677172196425,0.7657659149915856,0.7482094977110234,1.0,0.7498823105844011,0.8273033282443034,0.7462925840308637,0.7408037082251506,0.7690434033481064,0.6690779471875044,0.8058435167835557,0.7892815510614393,0.7720664979714248,0.8026747996487886,0.807560010753485,0.8091568522401889,0.7106967422787721,0.6762411087777416,0.6654119063152296,0.8158769533509485,0.7499922169646556,0.7501078764410543,0.7709652042822549,0.7340869458834564,0.7889207944189588,0.05584135955320446,0.7985917808313632,0.7842845423659084,0.7605076030061805,0.7565879985914209,0.8140192102347911,0.7035130088291961,0.828421271194365,0.7425116416214087,0.7960411837822368,0.8212915201817216,0.7514601992439162,0.7500438780688271,0.7512589375066261,0.8002806556829534,0.8010583976342458,0.7513560741064618,0.755504800091358
0.7584688355794371,0.7531197140599333,0.7237909518551899,0.8141373135788813,0.7172288592208453,0.7357504516834705,0.7347195796747865,0.8181647056283721,0.7359676901724477,0.8109049695311048,0.7498823105844011,1.0,0.7497425488460225,0.8090083409606239,0.8322746362674609,0.7389181074332511,0.6557700277503531,0.7357494485555062,0.7294286729726893,0.7392771117674826,0.740002071559798,0.740570935753331,0.7478794774903045,0.6848452739004309,0.6638376301955122,0.6521486950324418,0.7415040514556897,0.816333775525718,0.7538586259945435,0.7439858159243049,0.7848844546873872,0.7427965071377832,0.05829634169931153,0.7425917905561588,0.7343894519639815,0.7870874867577944,0.7219320456200886,0.7430530482811759,0.7397902373443057,0.7508946590943771,0.8042172204368473,0.7390011889080603,0.7425950684572888,0.819132410528628,0.8154116241429924,0.753759617448049,0.7485250991366535,0.7477145811561519,0.798714838299419,0.7585238270782702
0.7698499032318482,0.7966308600565153,0.7371787074898593,0.7438559826582891,0.7819735945189104,0.7899500962160524,0.7631143890379517,0.7523655842928738,0.770374989133917,0.7519031324400727,0.8273033282443034,0.7497425488460225,1.0,0.7443159838636073,0.7475428910352049,0.768666862472798,0.6708317865141544,0.8169544867701541,0.7984379162940749,0.7691151896001275,0.8175530497572734,0.8229427764846369,0.8288836096950474,0.711487428206502,0.6796101093500715,0.6681125609782668,0.8338929792350748,0.7449215998635939,0.7552587372598561,0.7750981314379051,0.739282795904743,0.8067183173510871,0.058199621194593654,0.8211948114846903,0.7850772087321093,0.7512181489039906,0.7609050755264108,0.8176536130279375,0.6962480374072804,0.8387700886093011,0.7445690610098441,0.7949919757412924,0.8333132368307328,0.7453176021386528,0.7444154301556178,0.750869269370299,0.8051589620802102,0.8055965786682778,0.7477045064503214,0.7579891222618326
0.7488662653617577,0.7514599118494115,0.7301700806412579,0.8354821985603845,0.7149851392956947,0.7309871568280359,0.7351389487127351,0.8088247430112191,0.7485494168280216,0.8232404287557052,0.7462925840308637,0.8090083409606239,0.7443159838636073,1.0,0.8375063295178697,0.7383474823622227,0.6297934741834865,0.7404450398013114,0.7286091947145255,0.7400473189355452,0.7380071050546602,0.7367861578908927,0.7479184512831065,0.668448793020276,0.6400665339860812,0.6219321553998942,0.7455739081461445,0.826893101185905,0.7610043569004491,0.7452398306648171,0.8120284922138137,0.7325855960993582,0.059143817126639076,0.7378976679931104,0.728836252344498,0.7917017393097334,0.7238240358748889,0.7413666988191843,0.7314255649743069,0.7450809003578013,0.8254175295134627,0.7383018883570345,0.744900189075217,0.8208770273581213,0.8106700915396174,0.7589871049086468,0.7449259594112492,0.7451751231255238,0.805167163563397,0.7638676701022564
0.7412207906144886,0.7456835788506134,0.7274190747758247,0.8382112759743106,0.7213639578652415,0.7271146769327524,0.729744525390627,0.806704222725715,0.7437595456235593,0.8235356949428431,0.7408037082251506,0.8322746362674609,0.7475428910352049,0.8375063295178697,1.0,0.736079394719855,0.630160975597753,0.7352168199999553,0.7216090224644145,0.7358714471259107,0.7332502753064606,0.7337818751144303,0.7433046803773172,0.6654113683781064,0.6428739160050003,0.6275807786414497,0.7382461044417398,0.8127748061068802,0.7539999241907107,0.7389946980264173,0.8159939446295766,0.7348062053537463,0.06011346817934338,0.7337364355023949,0.7238334375897236,0.7844486188230477,0.7220764478716377,0.7398379077808319,0.7264930490117896,0.7420251696457947,0.8243533217881834,0.7325610549086692,0.7411654334820976,0.8070265403308625,0.8011494910887806,0.7515189799764721,0.7412098121224642,0.7409289453585155,0.801927327453881,0.7611820871295063
0.7654111208456982,0.7716714180380062,0.736237984760797,0.7383150763598132,0.7418077621124808,0.7780319937842892,0.895428807929466,0.7343712821086096,0.7637000877239934,0.7373603247749081,0.7690434033481064,0.7389181074332511,0.768666862472798,0.7383474823622227,0.736079394719855,1.0,0.662404288998424,0.7836031214329797,0.780024022279488,0.8939061156498425,0.7795616784269275,0.7779459367298533,0.7828843371811866,0.697423285744494,0.6745644586003205,0.659350458304614,0.7659179671877245,0.7396517063266737,0.7542287394434669,0.7704427527435815,0.7259188757252466,0.7635878707612309,0.05994986334725383,0.7698382997576949,0.7609402753869507,0.7533558675337633,0.8815688718932112,0.7650131582686093,0.6932611490153187,0.7698875883380027,0.7348068054117789,0.7722513774000751,0.7684700262669839,0.7437362871892481,0.73957719616002,0.7445379866802662,0.7670443668590868,0.7669633739212567,0.7380633773674935,0.7551359220267261
0.6746462101817231,0.6791976982771815,0.6196260170056234,0.6400546267750642,0.6857734796857133,0.6909522555858428,0.6517266967367937,0.6484808975237014,0.6518726304011446,0.6284086881913451,0.6690779471875044,0.6557700277503531,0.6708317865141544,0.6297934741834865,0.630160975597753,0.662404288998424,1.0,0.6631209506602225,0.6597395893520037,0.653324252218147,0.668600272465611,0.660547295746165,0.6669769291480818,0.7988691320522011,0.8010263774949424,0.7611506550101351,0.6673265643890312,0.6325045322428149,0.6407705431003795,0.6495279736766785,0.6211919086358497,0.7198694359146764,0.05233508146980603,0.68261795504167,0.6911904201912518,0.6420334895362697,0.6493647173325122,0.6682682157249951,0.6288968838244162,0.6851819905629575,0.6220864146973435,0.6825159943469665,0.6667989390590416,0.6585426912890164,0.6586937614996639,0.6390527750074062,0.6965023534405648,0.6942306959354813,0.6333685868181744,0.631808602257959
0.7654207973002113,0.7932026820835213,0.7357745156048929,0.7362690440992767,0.7484975585860424,0.7922841839883688,0.7911831562321316,0.7463620443514449,0.7622069025712548,0.7398356594937874,0.8058435167835557,0.7357494485555062,0.8169544867701541,0.7404450398013114,0.7352168199999553,0.7836031214329797,0.6631209506602225,1.0,0.8240537931807317,0.7917733417280137,0.8283961184529833,0.8259844218585164,0.8340200519826038,0.7030213049192322,0.6729425818948331,0.6565929673914745,0.8210401903177342,0.7457520200325998,0.7563320833103455,0.768250878753381,0.7348080707845073,0.7952621869744358,0.05691672990896279,0.8144397952546939,0.7797812446966134,0.7616456621148455,0.7784259849839962,0.7954636114045406,0.7005384625653804,0.8161860173558295,0.7338306469946458,0.7938239147662892,0.818167958109496,0.7495958807730999,0.7444082241044085,0.7558219876517556,0.7972857493571958,0.7986235124314908,0.7432591889131623,0.7637316674908309
0.7575663106876966,0.7814104838105335,0.7260305507990874,0.7265795861172768,0.7487625970541463,0.7826272191435977,0.7793876845955541,0.7349186184039393,0.7441956804536826,0.7227065419717998,0.7892815510614393,0.7294286729726893,0.7984379162940749,0.7286091947145255,0.7216090224644145,0.780024022279488,0.6597395893520037,0.8240537931807317,1.0,0.7733147374218649,0.8133136990494783,0.8146034134572018,0.8149971572760568,0.6956533087242971,0.6741886071266898,0.6513675318857182,0.7969014255729794,0.7336467908480715,0.7450118556274987,0.752927118923749,0.720477727199604,0.7838424360900779,0.05908544336107591,0.8021959238183393,0.7669609394624011,0.7483989389116945,0.7699151217234055,0.7851393631024877,0.6877937972110548,0.7984301313017537,0.7231135526483436,0.7825584252080859,0.7973222897512505,0.7397062857567223,0.7365074219978589,0.7389423592458543,0.7818332169074459,0.7829062311181811,0.7318825683066374,0.7487383555469892
0.7676101520227055,0.7762885564649393,0.7368560725655511,0.7364728379462571,0.733579407627433,0.7714958277992018,0.9365637615546267,0.7354237810247235,0.7673742134542716,0.7399842466810849,0.7720664979714248,0.7392771117674826,0.7691151896001275,0.7400473189355452,0.7358714471259107,0.8939061156498425,0.653324252218147,0.7917733417280137,0.7733147374218649,1.0,0.7885314933107817,0.779011540360377,0.7936126156412096,0.6909453359766735,0.6650254586304026,0.6461374576389871,0.7760289637356852,0.7408918817724525,0.7555756729599978,0.769461323116007,0.7255248545283653,0.7626205530995864,0.05359833320988694,0.7757798427559386,0.7630685276113408,0.7536004844222217,0.9026101183982966,0.7685218176524216,0.696598660083882,0.7768693157156599,0.7343455810748531,0.7763022835832709,0.7738126471291987,0.7444966911442681,0.7412729010859527,0.75063825711776,0.7698576831001164,0.7701810214002729,0.7404141479467112,0.7629369295679459
0.7633798826505087,0.7897638924368874,0.7413337252008357,0.7349050415052025,0.7581254786603099,0.784908051378502,0.7870929486461484,0.7409128995215216,0.7547250326886111,0.7329442259598883,0.8026747996487886,0.740002071559798,0.8175530497572734,0.7380071050546602,0.7332502753064606,0.7795616784269275,0.668600272465611,0.8283961184529833,0.8133136990494783,0.7885314933107817,1.0,0.8269396608382789,0.8349027640926571,0.70790052036407,0.6800829649076686,0.6618886934455347,0.8189339028146996,0.7404082729918088,0.7511820234765049,0.7621763356621629,0.7335481051707604,0.7933597379713765,0.060565820171968765,0.8273975759194039,0.7808455515507233,0.7616336899421636,0.774891836102093,0.8074946250863592,0.6994303588096072,0.8204703027398897,0.7369708622224913,0.7846659103749243,0.8214508434436709,0.7452642141730282,0.7424685962922126,0.7538561719257897,0.7985896794917318,0.7995155892080823,0.7407417289824512,0.7582448236674392
0.7622437291329306,0.7874912366814217,0.7330606720391684,0.7331303207776709,0.7428851249923349,0.7944808130063006,0.780094701873382,0.7404130988870914,0.755822164563435,0.7341642684526284,0.807560010753485,0.740570935753331,0.8229427764846369,0.7367861578908927,0.7337818751144303,0.7779459367298533,0.660547295746165,0.8259844218585164,0.8146034134572018,0.779011540360377,0.8269396608382789,1.0,0.8866410061019399,0.697094259450747,0.6696633196914954,0.651005425179372,0.8155339983220433,0.745925092154454,0.750396450596386,0.761703509835232,0.7299258023870454,0.7889444434901354,0.05822822101507352,0.8430241748400962,0.7694320980724852,0.7584764058770773,0.7657766237460988,0.7993354881417518,0.6957045181627721,0.821578041205116,0.7332848290438574,0.7853537160584897,0.8207247949875517,0.746533729501293,0.7435955409670936,0.7515719722332795,0.7953642087251226,0.7958992140316944,0.7401019719115163,0.7554194446051461
0.7698957556273446,0.7976820919198866,0.7412049660911919,0.7472749838692456,0.752146934206148,0.7899926862671012,0.7914826170598231,0.7504296273386261,0.7636512727416593,0.7398663528353022,0.8091568522401889,0.7478794774903045,0.8288836096950474,0.7479184512831065,0.7433046803773172,0.7828843371811866,0.6669769291480818,0.8340200519826038,0.8149971572760568,0.7936126156412096,0.8349027640926571,0.8866410061019399,1.0,0.7023699136653159,0.6760488737953394,0.6531822232837099,0.8287963618448271,0.7555483106690113,0.7573934775877896,0.7672973033362369,0.7357682908524472,0.8025499731904823,0.05695969058339734,0.8555836519719462,0.7746543752090824,0.7632770453944054,0.7790037938218428,0.8084628049518713,0.7032328935416667,0.8269720309633821,0.7401803116522184,0.7925438826396158,0.8220221380411833,0.7564181901493912,0.7531509792801037,0.7558904706712802,0.8036318676025519,0.8047630722398532,0.7496056197844023,0.7668291474023994
0.7041430325174662,0.7352461893609028,0.6548900143495067,0.6753115432490078,0.7228938013765189,0.7379666132869251,0.6880614252727053,0.6836235838322221,0.6891049970271634,0.6728585095861802,0.7106967422787721,0.6848452739004309,0.711487428206502,0.668448793020276,0.6654113683781064,0.697423285744494,0.7988691320522011,0.7030213049192322,0.6956533087242971,0.6909453359766735,0.70790052036407,0.697094259450747,0.7023699136653159,1.0,0.7857405825381143,0.7445354947989447,0.7120989428400821,0.6678887699748168,0.6809842044349689,0.6859111513784162,0.6630246226336554,0.7409306414466604,0.0565291571105756,0.7136919352671389,0.7486294562944801,0.6820988464531725,0.683607356282212,0.7023296796467352,0.6541741919458814,0.7208097553312571,0.6630579743090026,0.7193432238739633,0.7011308936246783,0.6896982600688841,0.6890642661031386,0.6715802900809602,0.7283954159217294,0.7258613793436337,0.6759876933598474,0.6703733895008517
0.6864063424176632,0.7011631349970788,0.6337306055595607,0.6564023673438653,0.6957971807150201,0.7117546325889624,0.6634728915882123,0.66114951803522,0.667034786556115,0.6440569587846003,0.6762411087777416,0.6638376301955122,0.6796101093500715,0.6400665339860812,0.6428739160050003,0.6745644586003205,0.8010263774949424,0.6729425818948331,0.6741886071266898,0.6650254586304026,0.6800829649076686,0.6696633196914954,0.6760488737953394,0.7857405825381143,1.0,0.7786169264977292,0.6752183069001758,0.6423970406180018,0.6488303592331068,0.6632835715928742,0.6368396446113942,0.7300260308852313,0.05352646769095992,0.6905305550304583,0.7165555964473385,0.6556122078627169,0.6660497820381297,0.6830434433735981,0.6355025690761834,0.6909220709346977,0.6408289240374564,0.6889217088316477,0.6765155631022899,0.6746588845369778,0.6717994656771398,0.660332156459988,0.7011063153016371,0.6987495176092853,0.6511036545834361,0.6478859572869772
0.6677759779057183,0.6697059347278599,0.6134213013238687,0.6363312921283615,0.6744355169634557,0.6863544091213583,0.643602560013512,0.648031557738905,0.6510404606572566,0.6276146279534368,0.6654119063152296,0.6521486950324418,0.6681125609782668,0.6219321553998942,0.6275807786414497,0.659350458304614,0.7611506550101351,0.6565929673914745,0.6513675318857182,0.6461374576389871,0.6618886934455347,0.651005425179372,0.6531822232837099,0.7445354947989447,0.7786169264977292,1.0,0.6585290038358644,0.6267575075448157,0.6338464925966453,0.6467367710258768,0.6209574599854475,0.6979207013832052,0.0490355304715131,0.6679043004463334,0.6903207713914529,0.6329632331896085,0.6417393894273737,0.6664332708959,0.6159861678896077,0.6756385086237636,0.6256405885222833,0.678534387490102,0.6600715792849283,0.6600647771259094,0.6563618250770165,0.6435843567334776,0.690561800805095,0.6843573111510731,0.6341149659467683,0.6371547145159724
0.7702947602733349,0.7952877413323926,0.7402240770442812,0.7400836062530675,0.7611249426412077,0.7859453833239826,0.7718223362496932,0.7519909453651583,0.7651800933096123,0.7440174776280831,0.8158769533509485,0.7415040514556897,0.8338929792350748,0.7455739081461445,0.7382461044417398,0.7659179671877245,0.6673265643890312,0.8210401903177342,0.7969014255729794,0.7760289637356852,0.8189339028146996,0.8155339983220433,0.8287963618448271,0.7120989428400821,0.6752183069001758,0.6585290038358644,1.0,0.7487708959528292,0.7599985099359781,0.7666516065018298,0.7327870328666893,0.8072313618888117,0.059238322502380925,0.8120486437619784,0.7802474659912948,0.7583481266757751,0.7606773160524714,0.8316393514694885,0.6982907195796213,0.8347346878661187,0.7369761544861017,0.7907579708488115,0.849039386059045,0.7546969242053294,0.750816909640908,0.7568149124487736,0.8010335781135672,0.80139100996101,0.745625270335953,0.7625630712324201
0.7516929014780496,0.7589579328122228,0.7322875019243824,0.8275265867597545,0.7097081071269363,0.7411551951284692,0.7364943807417794,0.8755686335904203,0.7415389184343308,0.8314251344784225,0.7499922169646556,0.816333775525718,0.7449215998635939,0.826893101185905,0.8127748061068802,0.7396517063266737,0.6325045322428149,0.7457520200325998,0.7336467908480715,0.7408918817724525,0.7404082729918088,0.745925092154454,0.7555483106690113,0.6678887699748168,0.6423970406180018,0.6267575075448157,0.7487708959528292,1.0,0.763048916042987,0.744266702290779,0.8047777108580009,0.7378132140682088,0.05798664281279731,0.7428809045945277,0.7278249581619614,0.7927461284524765,0.7223352338131908,0.7486275628983076,0.7390468246436719,0.7461497711386657,0.8137968288752867,0.741248055165713,0.7466109559147862,0.9166634440088908,0.8933196888306656,0.7561060162497488,0.747395814561469,0.7475651976515121,0.8130409810745414,0.7606855868615469
0.7674589518862417,0.7578078928249948,0.7485177463578427,0.7518289817757741,0.7244224306250631,0.7558072728644241,0.7502628312060362,0.7586922417149613,0.7677584496399911,0.7603168338231123,0.7501078764410543,0.7538586259945435,0.7552587372598561,0.7610043569004491,0.7539999241907107,0.7542287394434669,0.6407705431003795,0.7563320833103455,0.7450118556274987,0.7555756729599978,0.7511820234765049,0.750396450596386,0.7573934775877896,0.6809842044349689,0.6488303592331068,0.6338464925966453,0.7599985099359781,0.763048916042987,1.0,0.7622140227897587,0.7436041746070966,0.7414766334556648,0.05915560556794408,0.7502126119698526,0.7415439930199348,0.7638032008102493,0.7386788009960594,0.7511905917743475,0.7006690965418407,0.7565359836121245,0.7441541978277346,0.750967773552169,0.7543503277453953,0.7608768352562669,0.7522276466984544,0.7838156294677947,0.7590250732443246,0.7590773605560243,0.7605230188805346,0.8485303820645587
0.7933051138586533,0.7641211317467336,0.7469611827864041,0.7435689860794098,0.7301444493198692,0.751821817452055,0.7630381147860128,0.7461771047144269,0.8043388118233049,0.7492049605327329,0.7709652042822549,0.7439858159243049,0.7750981314379051,0.7452398306648171,0.7389946980264173,0.7704427527435815,0.6495279736766785,0.768250878753381,0.752927118923749,0.769461323116007,0.7621763356621629,0.761703509835232,0.7672973033362369,0.6859111513784162,0.6632835715928742,0.6467367710258768,0.7666516065018298,0.744266702290779,0.7622140227897587,1.0,0.7359439155990666,0.7533708354616113,0.05550862351761743,0.757718481603921,0.7552437009491247,0.7488756026821146,0.7574031952487281,0.7648871911787413,0.6961125038472327,0.7777409945153932,0.7463791057625107,0.7630589252107124,0.7732009299222813,0.7481006292512008,0.742538177687005,0.7675015263636089,0.7675022634819084,0.7675221173461271,0.7489726196712501,0.7707373864133755
0.7350692503723752,0.7429111296594161,0.7178265097934671,0.8128821557942543,0.7082135963374381,0.7227700205459566,0.7202235622842268,0.7985745969703858,0.7379069752096582,0.8200145260573155,0.7340869458834564,0.7848844546873872,0.739282795904743,0.8120284922138137,0.8159939446295766,0.7259188757252466,0.6211919086358497,0.7348080707845073,0.720477727199604,0.7255248545283653,0.7335481051707604,0.7299258023870454,0.7357682908524472,0.6630246226336554,0.6368396446113942,0.6209574599854475,0.7327870328666893,0.8047777108580009,0.7436041746070966,0.7359439155990666,1.0,0.724772949779946,0.06232475356953504,0.7311269456425461,0.7202677852786138,0.7793583348261064,0.7142333706943254,0.7316237187521709,0.7182782293772854,0.7344630796365291,0.8542553426928396,0.7300374463973245,0.7368479619541164,0.7998779275864072,0.794645712020857,0.7408920167031396,0.7365533683367482,0.7361464095122013,0.7915853946288937,0.745139604060486
0.7651172527928297,0.7825660055955486,0.7260543031403281,0.7398011150202264,0.7776795278738554,0.7782904242814688,0.7585100027058449,0.7466224074801003,0.7508225102288566,0.7326748143638427,0.7889207944189588,0.7427965071377832,0.8067183173510871,0.7325855960993582,0.7348062053537463,0.7635878707612309,0.7198694359146764,0.7952621869744358,0.7838424360900779,0.7626205530995864,0.7933597379713765,0.7889444434901354,0.8025499731904823,0.7409306414466604,0.7300260308852313,0.6979207013832052,0.8072313618888117,0.7378132140682088,0.7414766334556648,0.7533708354616113,0.724772949779946,1.0,0.05268694707923416,0.8005617810189657,0.7623424541876613,0.7416710802966893,0.7567474794486255,0.804353664862175,0.692659283203976,0.8115449833630836,0.7265483321473767,0.786532552530208,0.8097804042272504,0.7477467011886586,0.7447769319305685,0.7439716958776978,0.7958776570762847,0.7958399220066671,0.7317082528431442,0.7392789118683805
0.0552191561777412,0.05712876276774548,0.05990173041244973,0.055426361115977096,0.0555074436433004,0.060863344314917134,0.05827737322437598,0.057245628734299614,0.05387506562683464,0.05724565238399115,0.05584135955320446,0.05829634169931153,0.058199621194593654,0.059143817126639076,0.06011346817934338,0.05994986334725383,0.05233508146980603,0.05691672990896279,0.05908544336107591,0.05359833320988694,0.060565820171968765,0.05822822101507352,0.05695969058339734,0.0565291571105756,0.05352646769095992,0.0490355304715131,0.059238322502380925,0.05798664281279731,0.05915560556794408,0.05550862351761743,0.06232475356953504,0.05268694707923416,1.0,0.05639568779057258,0.06892545574965481,0.05572234602583981,0.058910705344332515,0.05794594378899243,0.05163072100357646,0.05643803247225032,0.056392658105420934,0.058945265626455634,0.06325653199862036,0.055879176958968935,0.05651861727188945,0.052250985092731295,0.06209428825794994,0.06198331111274813,0.05879014718451736,0.058128952482006224
0.7660793679720663,0.7895435695825569,0.7398627646088706,0.7352871327200521,0.7620201088206474,0.793212172635863,0.774322136650712,0.7426114513092164,0.7578932704614324,0.7301455120147323,0.7985917808313632,0.7425917905561588,0.8211948114846903,0.7378976679931104,0.7337364355023949,0.7698382997576949,0.68261795504167,0.8144397952546939,0.8021959238183393,0.7757798427559386,0.8273975759194039,0.8430241748400962,0.8555836519719462,0.7136919352671389,0.6905305550304583,0.6679043004463334,0.8120486437619784,0.7428809045945277,0.7502126119698526,0.757718481603921,0.7311269456425461,0.8005617810189657,0.05639568779057258,1.0,0.7788965558508167,0.7597270204972038,0.7652039315798739,0.8005318564851921,0.700909230550919,0.8211217698992902,0.7339937041148661,0.7879856993419958,0.8176589055142426,0.7466790736903115,0.7480123919332519,0.751962597519684,0.796660835628024,0.7974399002900612,0.7394196321602893,0.7570948495970602
0.7568275440891225,0.8183764641377737,0.7208805812848036,0.7229259006451646,0.7489597969544828,0.8053339299560021,0.758952529712729,0.7337325660985197,0.7507076954083237,0.7301090307502458,0.7842845423659084,0.7343894519639815,0.7850772087321093,0.728836252344498,0.7238334375897236,0.7609402753869507,0.6911904201912518,0.7797812446966134,0.7669609394624011,0.7630685276113408,0.7808455515507233,0.7694320980724852,0.7746543752090824,0.7486294562944801,0.7165555964473385,0.6903207713914529,0.7802474659912948,0.7278249581619614,0.7415439930199348,0.7552437009491247,0.7202677852786138,0.7623424541876613,0.06892545574965481,0.7788965558508167,1.0,0.7429290974175076,0.748331371134052,0.7683256594315758,0.6886094124033728,0.7911310315267803,0.725012363806694,0.792848651132731,0.7826356690146796,0.735836531209624,0.7331526434848529,0.7373702198881883,0.7919083356194486,0.79160555503124,0.7350713697088129,0.7355507958978933
0.7505940852873676,0.7565409388385329,0.738203226969475,0.7889549814346586,0.7161599882206945,0.7511225308069761,0.7510976175055661,0.7863083759795542,0.7483458571871315,0.7928530232429003,0.7605076030061805,0.7870874867577944,0.7512181489039906,0.7917017393097334,0.7844486188230477,0.7533558675337633,0.6420334895362697,0.7616456621148455,0.7483989389116945,0.7536004844222217,0.7616336899421636,0.7584764058770773,0.7632770453944054,0.6820988464531725,0.6556122078627169,0.6329632331896085,0.7583481266757751,0.7927461284524765,0.7638032008102493,0.7488756026821146,0.7793583348261064,0.7416710802966893,0.05572234602583981,0.7597270204972038,0.7429290974175076,1.0,0.7390446173936533,0.7532302179765626,0.742918193021237,0.7599244609390687,0.7909442911821846,0.7495964632871739,0.7575333613657006,0.7977932540472928,0.7962723920185031,0.76086281988878,0.7548034660986834,0.7548553110838507,0.7970113007301622,0.7660157955154954
0.7522339402750793,0.7613898400373568,0.7229679747801162,0.7241860068877207,0.7322801154028805,0.7626326550066445,0.9104158573458736,0.717508711398489,0.7542764860118721,0.7243003775251999,0.7565879985914209,0.7219320456200886,0.7609050755264108,0.7238240358748889,0.7220764478716377,0.8815688718932112,0.6493647173325122,0.7784259849839962,0.7699151217234055,0.9026101183982966,0.774891836102093,0.7657766237460988,0.7790037938218428,0.683607356282212,0.6660497820381297,0.6417393894273737,0.7606773160524714,0.7223352338131908,0.7386788009960594,0.7574031952487281,0.7142333706943254,0.7567474794486255,0.058910705344332515,0.7652039315798739,0.748331371134052,0.7390446173936533,1.0,0.7536539738065039,0.6828891959169687,0.7586175075843724,0.7212571790839973,0.7618400188592963,0.7624695395204919,0.7268735512243171,0.7237182140068614,0.7323834764853283,0.756360922981385,0.756397909590353,0.7218947282909292,0.74455395196744
0.7670302459324121,0.7943182299054389,0.7414062941734669,0.7352203895077003,0.7739032969504148,0.7847358285490887,0.7634783646926213,0.7525797575040344,0.7584225730310861,0.7385200877643081,0.8140192102347911,0.7430530482811759,0.8176536130279375,0.7413666988191843,0.7398379077808319,0.7650131582686093,0.6682682157249951,0.7954636114045406,0.7851393631024877,0.7685218176524216,0.8074946250863592,0.7993354881417518,0.8084628049518713,0.7023296796467352,0.6830434433735981,0.6664332708959,0.8316393514694885,0.7486275628983076,0.7511905917743475,0.7648871911787413,0.7316237187521709,0.804353664862175,0.05794594378899243,0.8005318564851921,0.7683256594315758,0.7532302179765626,0.7536539738065039,1.0,0.703216278640038,0.824248120557133,0.7403239370719996,0.7925411737192618,0.8496199916653158,0.7557079383852608,0.7538093051343363,0.7558853637587792,0.8037390029528713,0.8037158969952066,0.75316618427566,0.7579412754682017
0.7035403491813885,0.7024189407988727,0.6766807017964283,0.7266184378019779,0.6944426596937991,0.705497891286525,0.6953435399978891,0.743374009493615,0.6914512816304104,0.7380477020908149,0.7035130088291961,0.7397902373443057,0.6962480374072804,0.7314255649743069,0.7264930490117896,0.6932611490153187,0.6288968838244162,0.7005384625653804,0.6877937972110548,0.696598660083882,0.6994303588096072,0.6957045181627721,0.7032328935416667,0.6541741919458814,0.6355025690761834,0.6159861678896077,0.6982907195796213,0.7390468246436719,0.7006690965418407,0.6961125038472327,0.7182782293772854,0.692659283203976,0.05163072100357646,0.700909230550919,0.6886094124033728,0.742918193021237,0.6828891959169687,0.703216278640038,1.0,0.7057025758344133,0.7316952094512525,0.6982496535231393,0.6989384946044237,0.7500565888135657,0.7519870308939713,0.6982988999714355,0.698896336283404,0.6986267940126787,0.7378105203896543,0.7031311992570155
