../ecoli_genomes/GCF_000163235.1_ASM16323v1_genomic.fna.gz,../ecoli_genomes/GCF_000164555.1_ASM16455v1_genomic.fna.gz,../ecoli_genomes/GCF_000208545.1_ASM20854v2_genomic.fna.gz,../ecoli_genomes/GCF_000233875.1_ASM23387v1_genomic.fna.gz,../ecoli_genomes/GCF_000249735.1_ASM24973v2_genomic.fna.gz,../ecoli_genomes/GCF_000261145.1_Esch_coli_M919_V2_genomic.fna.gz,../ecoli_genomes/GCF_000267705.2_ASM26770v2_genomic.fna.gz,../ecoli_genomes/GCF_000350665.1_Esch_coli_KTE5_V1_genomic.fna.gz,../ecoli_genomes/GCF_000351625.1_Esch_coli_KTE66_V1_genomic.fna.gz,../ecoli_genomes/GCF_000352285.1_Esch_coli_KTE46_V1_genomic.fna.gz,../ecoli_genomes/GCF_000358895.1_ASM35889v1_genomic.fna.gz,../ecoli_genomes/GCF_000456385.1_Esch_coli_HVH_26_4-5703913_V1_genomic.fna.gz,../ecoli_genomes/GCF_000458195.1_Esch_coli_HVH_147_4-5893887_V1_genomic.fna.gz,../ecoli_genomes/GCF_000459755.1_Esch_coli_KOEGE_58_171a_V1_genomic.fna.gz,../ecoli_genomes/GCF_000460055.1_Esch_coli_UMEA_3053-1_V1_genomic.fna.gz,../ecoli_genomes/GCF_000462165.2_ASM46216v2_genomic.fna.gz,../ecoli_genomes/GCF_000601135.1_ASM60113v1_genomic.fna.gz,../ecoli_genomes/GCF_000614595.1_Ec2010EL1058_genomic.fna.gz,../ecoli_genomes/GCF_000617745.1_Ec2010C-4529_genomic.fna.gz,../ecoli_genomes/GCF_000618265.2_EcF6751_genomic.fna.gz,../ecoli_genomes/GCF_000619005.2_Ec2009C-4052_genomic.fna.gz,../ecoli_genomes/GCF_000619105.1_Ec2009C-4780_genomic.fna.gz,../ecoli_genomes/GCF_000619765.2_Ec2009C-3279_genomic.fna.gz,../ecoli_genomes/GCF_000687005.1_ASM68700v1_genomic.fna.gz,../ecoli_genomes/GCF_000687025.1_ASM68702v1_genomic.fna.gz,../ecoli_genomes/GCF_000700125.1_ASM70012v1_genomic.fna.gz,../ecoli_genomes/GCF_000753315.1_FHI35_genomic.fna.gz,../ecoli_genomes/GCF_000776375.1_ASM77637v1_genomic.fna.gz,../ecoli_genomes/GCF_000779395.1_ASM77939v1_genomic.fna.gz,../ecoli_genomes/GCF_000780315.1_ASM78031v1_genomic.fna.gz,../ecoli_genomes/GCF_000781995.1_ASM78199v1_genomic.fna.gz,../ecoli_genomes/GCF_000986765.1_ASM98676v1_genomic.fna.gz,../ecoli_genomes/GCF_001041375.1_ViralProj287958_genomic.fna.gz,../ecoli_genomes/GCF_001265335.1_302014_genomic.fna.gz,../ecoli_genomes/GCF_001265625.1_100854_genomic.fna.gz,../ecoli_genomes/GCF_001267345.1_303289_genomic.fna.gz,../ecoli_genomes/GCF_001309985.1_ASM130998v1_genomic.fna.gz,../ecoli_genomes/GCF_001521695.1_ASM152169v1_genomic.fna.gz,../ecoli_genomes/GCF_001592595.1_ASM159259v1_genomic.fna.gz,../ecoli_genomes/GCF_001614975.1_ASM161497v1_genomic.fna.gz,../ecoli_genomes/GCF_001692775.1_ASM169277v1_genomic.fna.gz,../ecoli_genomes/GCF_001748915.1_ASM174891v1_genomic.fna.gz,../ecoli_genomes/GCF_001749235.1_ASM174923v1_genomic.fna.gz,../ecoli_genomes/GCF_001881155.1_ASM188115v1_genomic.fna.gz,../ecoli_genomes/GCF_001881345.1_ASM188134v1_genomic.fna.gz,../ecoli_genomes/GCF_001892405.1_ASM189240v1_genomic.fna.gz,../ecoli_genomes/GCF_001892585.1_ASM189258v1_genomic.fna.gz,../ecoli_genomes/GCF_001893985.1_ASM189398v1_genomic.fna.gz,../ecoli_genomes/GCF_002001595.1_ASM200159v1_genomic.fna.gz,../ecoli_genomes/GCF_002002145.1_ASM200214v1_genomic.fna.gz
1.0,0.38087369522649994,0.32102466416058606,0.34635551962758937,0.34213380497884394,0.37110182210004583,0.35978809553301616,0.34971289701247743,0.4421149035707307,0.3572674273229062,0.3868212362421676,0.3536112218762878,0.3745472902682254,0.34096468904690824,0.3258105290941836,0.36027977054754,0.3236171719053904,0.3714930572089278,0.3385914422816948,0.36219182157239693,0.3671044687343128,0.3602233424378448,0.3759891105533939,0.3542566261626331,0.3319005665935847,0.2999468363431289,0.37736696637989386,0.34876833903753923,0.3987381207801147,0.44439062954925823,0.3194477047266946,0.36316013341061837,0.0,0.37394440349893354,0.3695180569809542,0.34190386894255154,0.34232331952185213,0.3777562005862374,0.3308639203679812,0.3774729001799527,0.32952988174573106,0.36825009314692414,0.3774145360481316,0.3522061234849113,0.36063314470305885,0.3706968696586437,0.3699240536599103,0.3680683105505016,0.33789806964626756,0.4038267524117064
0.38087369522649994,1.0,0.2985665488833318,0.3361394864082813,0.41239595178249844,0.5776120215009541,0.38858152686226666,0.3362159634872438,0.35686702272226867,0.3436493393987443,0.47246464713680036,0.3446180639060217,0.4604481027716558,0.3281324830490031,0.32137070368217635,0.3962271852892695,0.4049366615278478,0.4638953830706214,0.411630724713149,0.3962072434198436,0.4498215383635653,0.4438554302008263,0.45976535593980683,0.5032471448396072,0.4773506678980888,0.3652231114564357,0.464422193135413,0.34100793205959146,0.3628684323149305,0.3604551211551609,0.31339317134262146,0.43764764046137306,0.0,0.453404717084563,0.5800730753686636,0.322798751496853,0.36952925541501436,0.47093362743087297,0.3157331593317325,0.4597802562817651,0.3174008018115485,0.5031798749062408,0.46829567761605617,0.3492417185094786,0.34827831298372713,0.3413415718336752,0.5211953674607446,0.5238039302716544,0.3430376007932975,0.3660261721468947
0.32102466416058606,0.2985665488833318,1.0,0.27252283069630867,0.25434008013193976,0.2793275804677975,0.2747198929004614,0.27342007567748217,0.3047174964126591,0.2766341517930524,0.29981238271424293,0.2709793126748907,0.2933638002161789,0.26919832353490303,0.26428752270511235,0.2774833452344161,0.2253305242911099,0.29064181363411734,0.26234777156027356,0.280395742733883,0.287886574155673,0.2802252658311398,0.2909768904574037,0.24845853974635246,0.23189940445639612,0.2054756480287938,0.29312619245611604,0.2779969313891424,0.3063214690005053,0.314830258887566,0.2588523078714934,0.2772204072239488,0.0,0.2887409766277884,0.2760782559989964,0.27539080671103644,0.2601217255327365,0.28725516693530506,0.2568447016117189,0.2935255569476912,0.2679011314692218,0.28819294889019875,0.2996308580788065,0.28248659363903184,0.2750763174891292,0.28720529134495576,0.2946436718427634,0.2947614283212744,0.2819943329336384,0.3097350151611804
0.34635551962758937,0.3361394864082813,0.27252283069630867,1.0,0.34099898680863183,0.334125047571999,0.31247760174065287,0.5388220237368164,0.3486480374280786,0.5679179298053241,0.33028350443840526,0.5446597825425703,0.3483980381423626,0.5751905270382736,0.6016901319538164,0.3234827413647655,0.2839668463386362,0.32797075033236434,0.29437753363366026,0.3148317481632379,0.320627924111337,0.31060229487298185,0.337325835841384,0.30139647462684005,0.29846126151420993,0.2600549175041844,0.3310232029337753,0.568480286703974,0.3639154679142591,0.33814950728079196,0.5347581738776166,0.34968176352580504,0.0,0.3207303103303948,0.3228149151989326,0.46405419532403935,0.30553170460274637,0.32583341048672476,0.4693579004200552,0.31857285112930545,0.5700441900594564,0.3241145932880458,0.3292154101953364,0.5619081168533443,0.5522322626997003,0.3487336400343649,0.32810465187493254,0.33033972389875743,0.4971415177797056,0.3697578811343034
0.34213380497884394,0.41239595178249844,0.25434008013193976,0.34099898680863183,1.0,0.4398761457092686,0.3497552220417973,0.3215486298184659,0.35149842465698367,0.34214563497735906,0.5119078724636489,0.30797196784216074,0.5026476243652154,0.3192529835308908,0.3388319446445902,0.3754198518638884,0.38022262143931496,0.43037620781456665,0.39223754848376535,0.3523873968257175,0.4439866930846449,0.4210471277249116,0.44227477589406405,0.4139356420814806,0.39373597950476014,0.34273653389019154,0.4521276922725397,0.30188123591782856,0.32729559743098424,0.3457300240431671,0.30268224806163224,0.48455179182300356,0.0,0.44766480029103406,0.42159195356025914,0.2954935416994372,0.356381903860877,0.46523824966595206,0.3257821283805725,0.45230477405394065,0.3367257457504066,0.4244269622101172,0.467874279261566,0.30759564099855796,0.3112427888482613,0.3066629208947532,0.43505265261545245,0.4348144967380735,0.2990034836440323,0.3251660576512312
0.37110182210004583,0.5776120215009541,0.2793275804677975,0.334125047571999,0.4398761457092686,1.0,0.40331639564887034,0.34226859126233544,0.3552523683924831,0.3332669489320321,0.4641758334546028,0.3310100292239846,0.4685667754204714,0.32479754641263214,0.3250797920351156,0.40723811404152555,0.43690546684450404,0.46123754463508193,0.4181425955320559,0.4046345921754241,0.44636433595697556,0.4418154020492756,0.4654922193605888,0.5247271889326028,0.5088827897809325,0.38790274250088985,0.4553552421870447,0.32836920130795133,0.363319832661543,0.35956760922461384,0.3075208372347987,0.45956708341361796,0.0,0.47077795728958216,0.586553304758876,0.3304838155921488,0.3914090061767269,0.4629119433400759,0.3329933872315053,0.45786647600352925,0.31896372151423846,0.5070485686854564,0.4701719989662072,0.3349744841962612,0.33621912137826815,0.33858376406878343,0.5223575490872172,0.523049527991003,0.32849479623900313,0.36791781049141026
0.35978809553301616,0.38858152686226666,0.2747198929004614,0.31247760174065287,0.3497552220417973,0.40331639564887034,1.0,0.3115966082537629,0.34531417039508205,0.3122824153652991,0.4075916139955642,0.30661391452020703,0.3994944059286033,0.3033767909349656,0.3013610203786782,0.7498444238812769,0.31280497746349156,0.4387591539382866,0.39706702471321786,0.8625642123848027,0.43966807744288916,0.4154688047638223,0.44459437563396587,0.3490362969951646,0.32954759233943154,0.2837915891775976,0.41280875681007767,0.30729118007447365,0.3429644861132557,0.34524964027067806,0.28655559843464906,0.38644143426720534,0.0,0.41175807471872217,0.4022283480562602,0.3262294193478499,0.7811022128338352,0.38286235596520535,0.3047925550051801,0.3989418563910536,0.2906161599148859,0.393700631991152,0.4065415552358058,0.31191833302563843,0.3096747335218999,0.3195720063924228,0.38808996850787325,0.38899846131745464,0.30324215838531576,0.3471471599464936
0.34971289701247743,0.3362159634872438,0.27342007567748217,0.5388220237368164,0.3215486298184659,0.34226859126233544,0.3115966082537629,1.0,0.33742487904965757,0.5398343422009975,0.32922095062509793,0.520252358392807,0.3392843733984652,0.5240807216501066,0.5146867454326614,0.31661837517259683,0.2897365037410673,0.3256929859591363,0.29599880049389937,0.31421491715768235,0.3188006848140481,0.31148645227130745,0.3291835453487856,0.31224983026210906,0.2962675057624723,0.2693867902505478,0.3303483661917266,0.7054235097462254,0.3731006821774516,0.33512697274152325,0.49755292271036466,0.3368686670508948,0.0,0.3279361632980392,0.3243386454431826,0.4575953413386866,0.2995222701761955,0.3435762674986603,0.46571014495870133,0.3270346576545814,0.518410579664099,0.3247382806586716,0.3321609813727837,0.706011091921085,0.6828249955663592,0.3463476938251775,0.32569911748826064,0.32487354668917434,0.484720151041226,0.37202565735511106
0.4421149035707307,0.35686702272226867,0.3047174964126591,0.3486480374280786,0.35149842465698367,0.3552523683924831,0.34531417039508205,0.33742487904965757,1.0,0.3582477348941794,0.3725892177169332,0.3300145149224313,0.3761461747017585,0.3374525276678162,0.3456139272211306,0.35535006325965024,0.2886304740724144,0.3564379290318982,0.3180498635224328,0.35224553497356603,0.35327263371634643,0.3436850788530911,0.3569409722379726,0.32183222571518544,0.30210041200927185,0.26513871080691787,0.36713708817469837,0.3291840230669997,0.38198468089964277,0.4623276269456511,0.3227116170350749,0.35723144919062233,0.0,0.3546767711930273,0.3513996011050585,0.33766291471964993,0.3353160982730602,0.35192561002623246,0.3193673625331397,0.3619035539520994,0.33528256734748674,0.3559382442103427,0.37097862692074657,0.32971803590919047,0.3262452783689628,0.36387321396259187,0.35670051532677627,0.3574782621921696,0.32835366620581974,0.39704402789929605
0.3572674273229062,0.3436493393987443,0.2766341517930524,0.5679179298053241,0.34214563497735906,0.3332669489320321,0.3122824153652991,0.5398343422009975,0.3582477348941794,1.0,0.34156738960758737,0.5209038577852467,0.3579767602158571,0.5385290110796737,0.5429529217764827,0.32669035131530233,0.26677632367971327,0.3302213535760985,0.2912262200666629,0.31595848391058357,0.32002213429237936,0.3130841445398862,0.32309840601771034,0.3003160175366324,0.2878836334977499,0.2534264686207358,0.3356706334939299,0.5409447063809237,0.36655654737378296,0.35065636465286454,0.544494450562825,0.3313336332287875,0.0,0.3200659578964329,0.3226924823272418,0.474904330093311,0.3062554438185232,0.33073134961085937,0.4804132097949738,0.3281214756627808,0.567671975522942,0.3230972711785526,0.3323530040572722,0.5421958930573765,0.5433864968370777,0.3433995795520053,0.33059753126659597,0.331534225308349,0.5162673958886501,0.3615677388344646
0.3868212362421676,0.47246464713680036,0.29981238271424293,0.33028350443840526,0.5119078724636489,0.4641758334546028,0.4075916139955642,0.32922095062509793,0.3725892177169332,0.34156738960758737,1.0,0.3285176349914197,0.5618493265809311,0.33095213042435256,0.3224207357083596,0.41711738968399537,0.3670042942340963,0.5297596775330691,0.4717670528250215,0.41478991809818133,0.5316216418856314,0.524171964834217,0.5301617681989315,0.42497823226530196,0.3784901987406366,0.3417824784343151,0.548104505518517,0.33300816024734736,0.3664030560075251,0.3753145183193325,0.31023839164013667,0.4894455047746963,0.0,0.5236105906203448,0.47624855817601186,0.33915196589244,0.39105991251104044,0.5273689688256042,0.32892123609171886,0.5512041615432848,0.3202738896092091,0.49206637800371344,0.5512066654318728,0.3353939627003426,0.3353384307477786,0.3448647955996764,0.4869376553366457,0.4875060914926713,0.3377041823745567,0.37356723757671684
0.3536112218762878,0.3446180639060217,0.2709793126748907,0.5446597825425703,0.30797196784216074,0.3310100292239846,0.30661391452020703,0.520252358392807,0.3300145149224313,0.5209038577852467,0.3285176349914197,1.0,0.3307791665173523,0.5278656438324704,0.6197050368655868,0.31208193975209053,0.29075023570918124,0.31635737340271297,0.28952199530928957,0.3091410256231102,0.31692581787765406,0.30991095713884587,0.32488057152678307,0.31662394855801956,0.29958254485032865,0.2711311482018651,0.3256953754638613,0.5314253703123067,0.3705303413415538,0.3351416902533053,0.47861928497687933,0.3262722151531008,0.0,0.32052693097081564,0.3234978106849502,0.4470970655844948,0.2920053843135235,0.32928245434665815,0.4582041277036113,0.319657401458201,0.5015290568324373,0.3188177098192687,0.32725648502945903,0.5350411862285025,0.5316401559542031,0.3450149896402054,0.3270634117213611,0.3259768102665388,0.4833378524353167,0.3648039928629073
0.3745472902682254,0.4604481027716558,0.2933638002161789,0.3483980381423626,0.5026476243652154,0.4685667754204714,0.3994944059286033,0.3392843733984652,0.3761461747017585,0.3579767602158571,0.5618493265809311,0.3307791665173523,1.0,0.3283157309138861,0.3433004838946554,0.4198732305741827,0.3679332501631928,0.5328936640041728,0.5305843359017189,0.40514925774751465,0.547754225351359,0.5894738115362845,0.5800384804751662,0.42248551106479537,0.3838343763661046,0.34154962786431653,0.5746373607879592,0.3307439146216705,0.3595728835129379,0.3800027900012318,0.31609420599255234,0.5490958028273771,0.0,0.5708900362739878,0.4689357678201206,0.3313849842508053,0.39630185304351884,0.5434244148995453,0.32293551006723353,0.5698086306057673,0.3345340317380906,0.4783557425793419,0.5746334988580268,0.33168521110878757,0.32699530716119385,0.3356355397250157,0.4742851906100449,0.47496796080506,0.3275825759304608,0.36480864405937674
0.34096468904690824,0.3281324830490031,0.26919832353490303,0.5751905270382736,0.3192529835308908,0.32479754641263214,0.3033767909349656,0.5240807216501066,0.3374525276678162,0.5385290110796737,0.33095213042435256,0.5278656438324704,0.3283157309138861,1.0,0.5797828971449045,0.30836328699664395,0.26550680869477516,0.32379798812898464,0.2887531498156326,0.30798107139452024,0.3111196580593798,0.30781879746428864,0.3272806144694401,0.277421752804374,0.26798981056085125,0.23632016761126706,0.3286988929383291,0.55478846641947,0.36535608916206597,0.32707198001000104,0.5201918001389998,0.3233185054136236,0.0,0.3170571205397352,0.31587379560493145,0.45708226778722083,0.29119974983472474,0.32627960272337797,0.45208014299445876,0.31679717198851,0.5403901308771036,0.3151220126636668,0.3270723095980743,0.54547069774038,0.5397160593148204,0.3494697463301194,0.32172589545249297,0.3238288259211962,0.4944687729275985,0.369422969264255
0.3258105290941836,0.32137070368217635,0.26428752270511235,0.6016901319538164,0.3388319446445902,0.3250797920351156,0.3013610203786782,0.5146867454326614,0.3456139272211306,0.5429529217764827,0.3224207357083596,0.6197050368655868,0.3433004838946554,0.5797828971449045,1.0,0.31207078334573246,0.26979722467176437,0.3123334265168999,0.2787175897684908,0.30586930456963213,0.3099329488522097,0.3005464062015164,0.3234431656014012,0.2886708146141723,0.2790972241365025,0.24265393041053618,0.3191290355856813,0.5301538670017963,0.35704643571049566,0.32992323428456904,0.521952075981758,0.3324644929414311,0.0,0.31066810174962856,0.3147606880895546,0.4517955460048454,0.296608683837419,0.3147059775011716,0.4610870650369475,0.31103767469213583,0.55272317071337,0.31178915367353954,0.32117472025518834,0.5228447926526577,0.5163466139162767,0.345283113948343,0.3214973346274618,0.32352554869002115,0.4813451533935952,0.3705682893240553
0.36027977054754,0.3962271852892695,0.2774833452344161,0.3234827413647655,0.3754198518638884,0.40723811404152555,0.7498444238812769,0.31661837517259683,0.35535006325965024,0.32669035131530233,0.41711738968399537,0.31208193975209053,0.4198732305741827,0.30836328699664395,0.31207078334573246,1.0,0.3187408773045901,0.42578278188159,0.38766856503717384,0.7771902822293997,0.42397377613941967,0.4144642673802209,0.43241044562602227,0.3561738450666999,0.33627484704038957,0.29446123814457525,0.4099962295667876,0.3118087593903952,0.34511086724213036,0.3635056326418469,0.296378945085885,0.3956127074381741,0.0,0.4086704872684518,0.4021644961494426,0.32469858565261567,0.7515142164268425,0.3918246563840936,0.30796875934458234,0.3993109704544211,0.305892397945812,0.3969995636148145,0.40824684095776476,0.30932233263073927,0.31084004901749285,0.3240070053810936,0.39347172592186197,0.3939661820876379,0.3100571043421594,0.34931358330306783
0.3236171719053904,0.4049366615278478,0.2253305242911099,0.2839668463386362,0.38022262143931496,0.43690546684450404,0.31280497746349156,0.2897365037410673,0.2886304740724144,0.26677632367971327,0.3670042942340963,0.29075023570918124,0.3679332501631928,0.26550680869477516,0.26979722467176437,0.3187408773045901,1.0,0.35486654440660115,0.32825654672318505,0.3137098537740687,0.3545011056204638,0.3532461750028263,0.3674568541656733,0.5870798152150808,0.585600332134659,0.6012851314573846,0.35862329840686713,0.2685901082121669,0.28661413962833115,0.29474155694182247,0.24834212627961694,0.44861616689547434,0.0,0.38672361587056947,0.4238721941277187,0.26136539921316093,0.3125849103179835,0.35986494051492635,0.28379605327425306,0.3637881470578138,0.25627541076005944,0.39363601715475216,0.36825318466980006,0.29406119578690926,0.3000450557023212,0.272638378330728,0.4260406576579985,0.4110743672721797,0.25453185033554326,0.29447245693258584
0.3714930572089278,0.4638953830706214,0.29064181363411734,0.32797075033236434,0.43037620781456665,0.46123754463508193,0.4387591539382866,0.3256929859591363,0.3564379290318982,0.3302213535760985,0.5297596775330691,0.31635737340271297,0.5328936640041728,0.32379798812898464,0.3123334265168999,0.42578278188159,0.35486654440660115,1.0,0.5311044821407844,0.4404436930465424,0.5587339924441324,0.5529477839543464,0.5693876886386053,0.3996421897977922,0.3698382497979801,0.3236099316811738,0.5455091922951937,0.3262036599013698,0.35433275666840713,0.36126328674326436,0.3045830278169581,0.48890001711303455,0.0,0.5264341672000818,0.4623759445661364,0.34456365588881455,0.4143849280255877,0.4992358270750442,0.31858479656444694,0.5276758025309387,0.30770842785709784,0.4699814062590032,0.5317559701499961,0.32537255291979295,0.32313651551781297,0.3345261063302323,0.4697946001347516,0.47096818356400094,0.32222815824881224,0.3619831610274079
0.3385914422816948,0.411630724713149,0.26234777156027356,0.29437753363366026,0.39223754848376535,0.4181425955320559,0.39706702471321786,0.29599880049389937,0.3180498635224328,0.2912262200666629,0.4717670528250215,0.28952199530928957,0.5305843359017189,0.2887531498156326,0.2787175897684908,0.38766856503717384,0.32825654672318505,0.5311044821407844,1.0,0.3939282753749904,0.5149689524532235,0.5534385268913936,0.5167049289676721,0.3645667265219157,0.3394064492647143,0.294772736217345,0.4912863427948031,0.2942869330266622,0.3207993462218012,0.32840224605661916,0.2708233064372625,0.47952033581418385,0.0,0.4838359478631572,0.4257486733495004,0.3063364051742561,0.3777109920182953,0.45967368335107395,0.2881353189823759,0.48541176831011357,0.2755581154895633,0.4304639708607385,0.4861056365536255,0.2980843601386456,0.29593287252221145,0.3071390177993202,0.4219308429836972,0.42385727057090317,0.28934960564164436,0.3331197198948117
0.36219182157239693,0.3962072434198436,0.280395742733883,0.3148317481632379,0.3523873968257175,0.4046345921754241,0.8625642123848027,0.31421491715768235,0.35224553497356603,0.31595848391058357,0.41478991809818133,0.3091410256231102,0.40514925774751465,0.30798107139452024,0.30586930456963213,0.7771902822293997,0.3137098537740687,0.4404436930465424,0.3939282753749904,1.0,0.4434696398163883,0.42030619923534296,0.4450871111977486,0.3485196538685402,0.3315362381812669,0.28657885869469035,0.4176757044543963,0.3123791538497933,0.34772908406918657,0.35215651132029013,0.29245075089964556,0.3884447812111962,0.0,0.4128501377736955,0.4041586506030518,0.3282919129243308,0.7825744775715191,0.389521253505013,0.30526846474857605,0.4065693657265219,0.2953754029543998,0.3971236266698458,0.4126345950005652,0.31460246777061973,0.31214451881376404,0.3266149272902218,0.3945573429987177,0.3954935448256144,0.3097936000714845,0.35411978321591664
0.3671044687343128,0.4498215383635653,0.287886574155673,0.320627924111337,0.4439866930846449,0.44636433595697556,0.43966807744288916,0.3188006848140481,0.35327263371634643,0.32002213429237936,0.5316216418856314,0.31692581787765406,0.547754225351359,0.3111196580593798,0.3099329488522097,0.42397377613941967,0.3545011056204638,0.5587339924441324,0.5149689524532235,0.4434696398163883,1.0,0.5522437338208415,0.5808697410977921,0.3943284925132565,0.3676557140209965,0.32507927522513347,0.5583987930641154,0.32193681236850724,0.3419828502398363,0.35749728799683766,0.29380032331043116,0.5053105204085482,0.0,0.5481196283741971,0.45750425309224063,0.3335866525535256,0.41703609431975397,0.5169654856715038,0.3137955595272405,0.5442721794393657,0.3039795470494191,0.4556644230820096,0.5424311453080541,0.32152136147069943,0.3204780209159406,0.3340164319125757,0.46990651306938347,0.47121887410951635,0.3147778333315563,0.355843702478262
0.3602233424378448,0.4438554302008263,0.2802252658311398,0.31060229487298185,0.4210471277249116,0.4418154020492756,0.4154688047638223,0.31148645227130745,0.3436850788530911,0.3130841445398862,0.524171964834217,0.30991095713884587,0.5894738115362845,0.30781879746428864,0.3005464062015164,0.4144642673802209,0.3532461750028263,0.5529477839543464,0.5534385268913936,0.42030619923534296,0.5522437338208415,1.0,0.7124382075513509,0.38915080172367966,0.3609760924958264,0.3160203773165322,0.5521529295914858,0.31391971660557527,0.34194450701379486,0.34539136328528974,0.2923480607835435,0.5064577053912475,0.0,0.6451944724094894,0.45191054033519773,0.3222630976738997,0.39751610489237543,0.5118930264739833,0.3066243101477527,0.5471140061744387,0.2943368494110339,0.4565886974224579,0.550518988759384,0.3164793189141115,0.3118192749875035,0.3256596711204678,0.453333475466142,0.4539750922579032,0.3111859452680851,0.35612516686646545
0.3759891105533939,0.45976535593980683,0.2909768904574037,0.337325835841384,0.44227477589406405,0.4654922193605888,0.44459437563396587,0.3291835453487856,0.3569409722379726,0.32309840601771034,0.5301617681989315,0.32488057152678307,0.5800384804751662,0.3272806144694401,0.3234431656014012,0.43241044562602227,0.3674568541656733,0.5693876886386053,0.5167049289676721,0.4450871111977486,0.5808697410977921,0.7124382075513509,1.0,0.39992217043445843,0.37873735279226184,0.32401251066067027,0.5739926500464045,0.3334465625570169,0.35405777536720495,0.35584419436645776,0.3098257956976893,0.5206130675123931,0.0,0.6556215222718481,0.4647369129535689,0.3360061675426571,0.42408373337126526,0.5283219158275454,0.3191906090250476,0.5541817141630905,0.31390964314862957,0.46805952112044635,0.5559307848479643,0.33130491005230944,0.3277857591567416,0.33755276123162137,0.4664507176332231,0.46900261449316105,0.3200416546268616,0.3657679760491076
0.3542566261626331,0.5032471448396072,0.24845853974635246,0.30139647462684005,0.4139356420814806,0.5247271889326028,0.3490362969951646,0.31224983026210906,0.32183222571518544,0.3003160175366324,0.42497823226530196,0.31662394855801956,0.42248551106479537,0.277421752804374,0.2886708146141723,0.3561738450666999,0.5870798152150808,0.3996421897977922,0.3645667265219157,0.3485196538685402,0.3943284925132565,0.38915080172367966,0.39992217043445843,1.0,0.6169988224893421,0.5496562415008419,0.40764541828997125,0.2864040194536547,0.32118445200971246,0.3301973709584973,0.270167730477761,0.453231297819062,0.0,0.4192609900007047,0.5333089733146241,0.291847651152205,0.3433601379910747,0.4005722640833843,0.3039777818709588,0.4059022812859059,0.28497744585799856,0.44841615513076827,0.4085136336456907,0.3124395588022011,0.3164277865473867,0.29821149155240656,0.4667357824772793,0.45521882440966266,0.282755122466527,0.3225225517109146
0.3319005665935847,0.4773506678980888,0.23189940445639612,0.29846126151420993,0.39373597950476014,0.5088827897809325,0.32954759233943154,0.2962675057624723,0.30210041200927185,0.2878836334977499,0.3784901987406366,0.29958254485032865,0.3838343763661046,0.26798981056085125,0.2790972241365025,0.33627484704038957,0.585600332134659,0.3698382497979801,0.3394064492647143,0.3315362381812669,0.3676557140209965,0.3609760924958264,0.37873735279226184,0.6169988224893421,1.0,0.6003205873101356,0.3749675270355146,0.269691780194381,0.29366938687653155,0.303630223838926,0.25720468614972825,0.4491229831020027,0.0,0.38698601462654736,0.502603098540247,0.2679864226802593,0.3311291040921155,0.3793937954734833,0.2947369089431914,0.37589711920777935,0.2722445408866314,0.41318484454989757,0.3820313534208569,0.3077189530659845,0.3076499610207356,0.2823484420057534,0.43934939482659563,0.42580698555996965,0.27590172121620327,0.2981070811723493
0.2999468363431289,0.3652231114564357,0.2054756480287938,0.2600549175041844,0.34273653389019154,0.38790274250088985,0.2837915891775976,0.2693867902505478,0.26513871080691787,0.2534264686207358,0.3417824784343151,0.2711311482018651,0.34154962786431653,0.23632016761126706,0.24265393041053618,0.29446123814457525,0.6012851314573846,0.3236099316811738,0.294772736217345,0.28657885869469035,0.32507927522513347,0.3160203773165322,0.32401251066067027,0.5496562415008419,0.6003205873101356,1.0,0.3284614126502685,0.23825887434366344,0.25545116168888937,0.2746699602775855,0.22650353980926285,0.3973253388808603,0.0,0.3414514138500051,0.38856223816345614,0.23649342569197485,0.2863983491617106,0.3312033507677009,0.26238164816147447,0.34194960687493003,0.2376110331571667,0.35675478505951375,0.32881496437096636,0.28015395840247614,0.2779717104798757,0.24296179198628176,0.3902943054821927,0.3699745751525281,0.24159246522738853,0.26297271801911326
0.37736696637989386,0.464422193135413,0.29312619245611604,0.3310232029337753,0.4521276922725397,0.4553552421870447,0.41280875681007767,0.3303483661917266,0.36713708817469837,0.3356706334939299,0.548104505518517,0.3256953754638613,0.5746373607879592,0.3286988929383291,0.3191290355856813,0.4099962295667876,0.35862329840686713,0.5455091922951937,0.4912863427948031,0.4176757044543963,0.5583987930641154,0.5521529295914858,0.5739926500464045,0.40764541828997125,0.3749675270355146,0.3284614126502685,1.0,0.32701445505603977,0.35833153975154985,0.36609833691924365,0.3101807779671979,0.5220699744314049,0.0,0.5468264120476618,0.4663664830637032,0.33648322060063074,0.39362132810996775,0.6089665472220822,0.3078351071305243,0.5754720198755245,0.31686220158140477,0.4679873816106156,0.6471506849071972,0.33390002807702734,0.32559232549604666,0.34549043089699405,0.47137834348247665,0.4725715472857811,0.32881046087377575,0.3685497825405665
0.34876833903753923,0.34100793205959146,0.2779969313891424,0.568480286703974,0.30188123591782856,0.32836920130795133,0.30729118007447365,0.7054235097462254,0.3291840230669997,0.5409447063809237,0.33300816024734736,0.5314253703123067,0.3307439146216705,0.55478846641947,0.5301538670017963,0.3118087593903952,0.2685901082121669,0.3262036599013698,0.2942869330266622,0.3123791538497933,0.32193681236850724,0.31391971660557527,0.3334465625570169,0.2864040194536547,0.269691780194381,0.23825887434366344,0.32701445505603977,1.0,0.37332192212867676,0.3303173802586563,0.5106766200521315,0.3254104922850235,0.0,0.32351228035127877,0.31850341907306023,0.4557199847583442,0.2928442628684237,0.34048736049039896,0.4630575738574193,0.32131813708751467,0.5233846084124686,0.3228446647537523,0.32950050096438066,0.8084133660912372,0.7708632987746359,0.34452144470899604,0.3270640592151791,0.3278399485611251,0.5043117894198993,0.36319935701298234
0.3987381207801147,0.3628684323149305,0.3063214690005053,0.3639154679142591,0.32729559743098424,0.363319832661543,0.3429644861132557,0.3731006821774516,0.38198468089964277,0.36655654737378296,0.3664030560075251,0.3705303413415538,0.3595728835129379,0.36535608916206597,0.35704643571049566,0.34511086724213036,0.28661413962833115,0.35433275666840713,0.3207993462218012,0.34772908406918657,0.3419828502398363,0.34194450701379486,0.35405777536720495,0.32118445200971246,0.29366938687653155,0.25545116168888937,0.35833153975154985,0.37332192212867676,1.0,0.378792939676033,0.3448424028027851,0.3471762891102259,0.0,0.35425389328070733,0.3530891069163967,0.36169279591647974,0.3279584947538535,0.35222275553628135,0.34005782233345494,0.3530847103848206,0.3459667536626547,0.35174267818343585,0.3557665222656642,0.3696740055040717,0.3676485442955413,0.4297146679188599,0.3534452552549834,0.35410112514116143,0.354857459137931,0.6288732367947036
0.44439062954925823,0.3604551211551609,0.314830258887566,0.33814950728079196,0.3457300240431671,0.35956760922461384,0.34524964027067806,0.33512697274152325,0.4623276269456511,0.35065636465286454,0.3753145183193325,0.3351416902533053,0.3800027900012318,0.32707198001000104,0.32992323428456904,0.3635056326418469,0.29474155694182247,0.36126328674326436,0.32840224605661916,0.35215651132029013,0.35749728799683766,0.34539136328528974,0.35584419436645776,0.3301973709584973,0.303630223838926,0.2746699602775855,0.36609833691924365,0.3303173802586563,0.378792939676033,1.0,0.31918895608677944,0.3517857729090863,0.0,0.3512096759745571,0.3536810991849777,0.33161962573544146,0.3382210323762189,0.35684642094195884,0.31021212060482106,0.370992177972825,0.33232221446299304,0.360524039258205,0.3693869302548758,0.33399700341000993,0.3295560698594604,0.3709852957278139,0.36647356266242115,0.3665656107574031,0.3290749830318964,0.3902534019602786
0.3194477047266946,0.31339317134262146,0.2588523078714934,0.5347581738776166,0.30268224806163224,0.3075208372347987,0.28655559843464906,0.49755292271036466,0.3227116170350749,0.544494450562825,0.31023839164013667,0.47861928497687933,0.31609420599255234,0.5201918001389998,0.521952075981758,0.296378945085885,0.24834212627961694,0.3045830278169581,0.2708233064372625,0.29245075089964556,0.29380032331043116,0.2923480607835435,0.3098257956976893,0.270167730477761,0.25720468614972825,0.22650353980926285,0.3101807779671979,0.5106766200521315,0.3448424028027851,0.31918895608677944,1.0,0.30697247074162837,0.0,0.2986839453564507,0.29324511569563416,0.4401235017806884,0.2796232638489259,0.3052058300437881,0.4326769060553789,0.30521029654741305,0.652320948908948,0.30082689415709174,0.30818158569308185,0.507153800835842,0.5001425463089721,0.3299039545115886,0.3092227403905765,0.31045706158349673,0.47157364244609434,0.34256206437722003
0.36316013341061837,0.43764764046137306,0.2772204072239488,0.34968176352580504,0.48455179182300356,0.45956708341361796,0.38644143426720534,0.3368686670508948,0.35723144919062233,0.3313336332287875,0.4894455047746963,0.3262722151531008,0.5490958028273771,0.3233185054136236,0.3324644929414311,0.3956127074381741,0.44861616689547434,0.48890001711303455,0.47952033581418385,0.3884447812111962,0.5053105204085482,0.5064577053912475,0.5206130675123931,0.453231297819062,0.4491229831020027,0.3973253388808603,0.5220699744314049,0.3254104922850235,0.3471762891102259,0.3517857729090863,0.30697247074162837,1.0,0.0,0.5144509521331457,0.44734796234433205,0.3158226074144128,0.3890577617488892,0.5106176828835371,0.3148381973187869,0.514626233179343,0.3168574484028226,0.4485686182205473,0.529256047872752,0.3302468233856417,0.3316111432060228,0.32645710476832945,0.46095791073346537,0.45444776259704345,0.30941697637262644,0.3472806702363498
0.0,0.0,0.0,0.0,0.0,0.0,0.0,0.0,0.0,0.0,0.0,0.0,0.0,0.0,0.0,0.0,0.0,0.0,0.0,0.0,0.0,0.0,0.0,0.0,0.0,0.0,0.0,0.0,0.0,0.0,0.0,0.0,1.0,0.0,0.0,0.0,0.0,0.0,0.0,0.0,0.0,0.0,0.0,0.0,0.0,0.0,0.0,0.0,0.0,0.0
0.37394440349893354,0.453404717084563,0.2887409766277884,0.3207303103303948,0.44766480029103406,0.47077795728958216,0.41175807471872217,0.3279361632980392,0.3546767711930273,0.3200659578964329,0.5236105906203448,0.32052693097081564,0.5708900362739878,0.3170571205397352,0.31066810174962856,0.4086704872684518,0.38672361587056947,0.5264341672000818,0.4838359478631572,0.4128501377736955,0.5481196283741971,0.6451944724094894,0.6556215222718481,0.4192609900007047,0.38698601462654736,0.3414514138500051,0.5468264120476618,0.32351228035127877,0.35425389328070733,0.3512096759745571,0.2986839453564507,0.5144509521331457,0.0,1.0,0.4648577707452167,0.34217458185278227,0.3959311786845999,0.5208352792352213,0.3319618298925393,0.5450178283277496,0.3038489293353852,0.4644684449944101,0.5585340077747648,0.32510021308402426,0.32641587778157555,0.3290138096063383,0.4640644928503902,0.46411421095222605,0.3149903035703475,0.36359872496944234
0.3695180569809542,0.5800730753686636,0.2760782559989964,0.3228149151989326,0.42159195356025914,0.586553304758876,0.4022283480562602,0.3243386454431826,0.3513996011050585,0.3226924823272418,0.47624855817601186,0.3234978106849502,0.4689357678201206,0.31587379560493145,0.3147606880895546,0.4021644961494426,0.4238721941277187,0.4623759445661364,0.4257486733495004,0.4041586506030518,0.45750425309224063,0.45191054033519773,0.4647369129535689,0.5333089733146241,0.502603098540247,0.38856223816345614,0.4663664830637032,0.31850341907306023,0.3530891069163967,0.3536810991849777,0.29324511569563416,0.44734796234433205,0.0,0.4648577707452167,1.0,0.3225932559573612,0.3850384330838412,0.4479385832921019,0.3179952292987436,0.4617212230288973,0.3035337226238336,0.5139800618845636,0.4765071092654185,0.32147504625442,0.32607917517462637,0.32595168616894954,0.5076908117532963,0.5058551545204621,0.3152192932200978,0.3559122436692136
0.34190386894255154,0.322798751496853,0.27539080671103644,0.46405419532403935,0.2954935416994372,0.3304838155921488,0.3262294193478499,0.4575953413386866,0.33766291471964993,0.474904330093311,0.33915196589244,0.4470970655844948,0.3313849842508053,0.45708226778722083,0.4517955460048454,0.32469858565261567,0.26136539921316093,0.34456365588881455,0.3063364051742561,0.3282919129243308,0.3335866525535256,0.3222630976738997,0.3360061675426571,0.291847651152205,0.2679864226802593,0.23649342569197485,0.33648322060063074,0.4557199847583442,0.36169279591647974,0.33161962573544146,0.4401235017806884,0.3158226074144128,0.0,0.34217458185278227,0.3225932559573612,1.0,0.3117274097104047,0.3198126318214205,0.4594846673626788,0.3303492820664319,0.44824332889823437,0.32464764709286587,0.33038595136674953,0.45747686079757544,0.4570452012870033,0.34120815375876046,0.32052366913606245,0.32103489211597336,0.4574524071894067,0.36518111109395757
0.34232331952185213,0.36952925541501436,0.2601217255327365,0.30553170460274637,0.356381903860877,0.3914090061767269,0.7811022128338352,0.2995222701761955,0.3353160982730602,0.3062554438185232,0.39105991251104044,0.2920053843135235,0.39630185304351884,0.29119974983472474,0.296608683837419,0.7515142164268425,0.3125849103179835,0.4143849280255877,0.3777109920182953,0.7825744775715191,0.41703609431975397,0.39751610489237543,0.42408373337126526,0.3433601379910747,0.3311291040921155,0.2863983491617106,0.39362132810996775,0.2928442628684237,0.3279584947538535,0.3382210323762189,0.2796232638489259,0.3890577617488892,0.0,0.3959311786845999,0.3850384330838412,0.3117274097104047,1.0,0.3686349292202481,0.2925730063414096,0.3774508113133921,0.2857018149193711,0.3809180120556057,0.39145125029712613,0.29607693569282667,0.2945037395878539,0.30298792032818855,0.3726730255526336,0.3735108306744175,0.28697708755126183,0.32904283089339414
0.3777562005862374,0.47093362743087297,0.28725516693530506,0.32583341048672476,0.46523824966595206,0.4629119433400759,0.38286235596520535,0.3435762674986603,0.35192561002623246,0.33073134961085937,0.5273689688256042,0.32928245434665815,0.5434244148995453,0.32627960272337797,0.3147059775011716,0.3918246563840936,0.35986494051492635,0.4992358270750442,0.45967368335107395,0.389521253505013,0.5169654856715038,0.5118930264739833,0.5283219158275454,0.4005722640833843,0.3793937954734833,0.3312033507677009,0.6089665472220822,0.34048736049039896,0.35222275553628135,0.35684642094195884,0.3052058300437881,0.5106176828835371,0.0,0.5208352792352213,0.4479385832921019,0.3198126318214205,0.3686349292202481,1.0,0.318886500845023,0.5513210387884264,0.3175421546994659,0.4582278234130567,0.6397450782823715,0.3449260010682911,0.33619437716923983,0.3362434237306736,0.4771548842633232,0.4775094175479968,0.3327087339901341,0.35693135610150484
0.3308639203679812,0.3157331593317325,0.2568447016117189,0.4693579004200552,0.3257821283805725,0.3329933872315053,0.3047925550051801,0.46571014495870133,0.3193673625331397,0.4804132097949738,0.32892123609171886,0.4582041277036113,0.32293551006723353,0.45208014299445876,0.4610870650369475,0.30796875934458234,0.28379605327425306,0.31858479656444694,0.2881353189823759,0.30526846474857605,0.3137955595272405,0.3066243101477527,0.3191906090250476,0.3039777818709588,0.2947369089431914,0.26238164816147447,0.3078351071305243,0.4630575738574193,0.34005782233345494,0.31021212060482106,0.4326769060553789,0.3148381973187869,0.0,0.3319618298925393,0.3179952292987436,0.4594846673626788,0.2925730063414096,0.318886500845023,1.0,0.31068808546522764,0.4476451507582704,0.315700270666353,0.31748939921132235,0.4688242021272646,0.4787563705946106,0.3162985556238963,0.31768005955411494,0.31678568408767294,0.4507544703400005,0.3363936902055876
0.3774729001799527,0.4597802562817651,0.2935255569476912,0.31857285112930545,0.45230477405394065,0.45786647600352925,0.3989418563910536,0.3270346576545814,0.3619035539520994,0.3281214756627808,0.5512041615432848,0.319657401458201,0.5698086306057673,0.31679717198851,0.31103767469213583,0.3993109704544211,0.3637881470578138,0.5276758025309387,0.48541176831011357,0.4065693657265219,0.5442721794393657,0.5471140061744387,0.5541817141630905,0.4059022812859059,0.37589711920777935,0.34194960687493003,0.5754720198755245,0.32131813708751467,0.3530847103848206,0.370992177972825,0.30521029654741305,0.514626233179343,0.0,0.5450178283277496,0.4617212230288973,0.3303492820664319,0.3774508113133921,0.5513210387884264,0.31068808546522764,1.0,0.3078305043770989,0.4726901046273638,0.5756103623936693,0.32768190353453697,0.32499917189752414,0.33985744086211334,0.48879992144867135,0.48785992183006144,0.3223490458572058,0.36667660438316607
