../ecoli_genomes/GCF_000163235.1_ASM16323v1_genomic.fna.gz,../ecoli_genomes/GCF_000164555.1_ASM16455v1_genomic.fna.gz,../ecoli_genomes/GCF_000208545.1_ASM20854v2_genomic.fna.gz,../ecoli_genomes/GCF_000233875.1_ASM23387v1_genomic.fna.gz,../ecoli_genomes/GCF_000249735.1_ASM24973v2_genomic.fna.gz,../ecoli_genomes/GCF_000261145.1_Esch_coli_M919_V2_genomic.fna.gz,../ecoli_genomes/GCF_000267705.2_ASM26770v2_genomic.fna.gz,../ecoli_genomes/GCF_000350665.1_Esch_coli_KTE5_V1_genomic.fna.gz,../ecoli_genomes/GCF_000351625.1_Esch_coli_KTE66_V1_genomic.fna.gz,../ecoli_genomes/GCF_000352285.1_Esch_coli_KTE46_V1_genomic.fna.gz,../ecoli_genomes/GCF_000358895.1_ASM35889v1_genomic.fna.gz,../ecoli_genomes/GCF_000456385.1_Esch_coli_HVH_26_4-5703913_V1_genomic.fna.gz,../ecoli_genomes/GCF_000458195.1_Esch_coli_HVH_147_4-5893887_V1_genomic.fna.gz,../ecoli_genomes/GCF_000459755.1_Esch_coli_KOEGE_58_171a_V1_genomic.fna.gz,../ecoli_genomes/GCF_000460055.1_Esch_coli_UMEA_3053-1_V1_genomic.fna.gz,../ecoli_genomes/GCF_000462165.2_ASM46216v2_genomic.fna.gz,../ecoli_genomes/GCF_000601135.1_ASM60113v1_genomic.fna.gz,../ecoli_genomes/GCF_000614595.1_Ec2010EL1058_genomic.fna.gz,../ecoli_genomes/GCF_000617745.1_Ec2010C-4529_genomic.fna.gz,../ecoli_genomes/GCF_000618265.2_EcF6751_genomic.fna.gz,../ecoli_genomes/GCF_000619005.2_Ec2009C-4052_genomic.fna.gz,../ecoli_genomes/GCF_000619105.1_Ec2009C-4780_genomic.fna.gz,../ecoli_genomes/GCF_000619765.2_Ec2009C-3279_genomic.fna.gz,../ecoli_genomes/GCF_000687005.1_ASM68700v1_genomic.fna.gz,../ecoli_genomes/GCF_000687025.1_ASM68702v1_genomic.fna.gz,../ecoli_genomes/GCF_000700125.1_ASM70012v1_genomic.fna.gz,../ecoli_genomes/GCF_000753315.1_FHI35_genomic.fna.gz,../ecoli_genomes/GCF_000776375.1_ASM77637v1_genomic.fna.gz,../ecoli_genomes/GCF_000779395.1_ASM77939v1_genomic.fna.gz,../ecoli_genomes/GCF_000780315.1_ASM78031v1_genomic.fna.gz,../ecoli_genomes/GCF_000781995.1_ASM78199v1_genomic.fna.gz,../ecoli_genomes/GCF_000986765.1_ASM98676v1_genomic.fna.gz,../ecoli_genomes/GCF_001041375.1_ViralProj287958_genomic.fna.gz,../ecoli_genomes/GCF_001265335.1_302014_genomic.fna.gz,../ecoli_genomes/GCF_001265625.1_100854_genomic.fna.gz,../ecoli_genomes/GCF_001267345.1_303289_genomic.fna.gz,../ecoli_genomes/GCF_001309985.1_ASM130998v1_genomic.fna.gz,../ecoli_genomes/GCF_001521695.1_ASM152169v1_genomic.fna.gz,../ecoli_genomes/GCF_001592595.1_ASM159259v1_genomic.fna.gz,../ecoli_genomes/GCF_001614975.1_ASM161497v1_genomic.fna.gz,../ecoli_genomes/GCF_001692775.1_ASM169277v1_genomic.fna.gz,../ecoli_genomes/GCF_001748915.1_ASM174891v1_genomic.fna.gz,../ecoli_genomes/GCF_001749235.1_ASM174923v1_genomic.fna.gz,../ecoli_genomes/GCF_001881155.1_ASM188115v1_genomic.fna.gz,../ecoli_genomes/GCF_001881345.1_ASM188134v1_genomic.fna.gz,../ecoli_genomes/GCF_001892405.1_ASM189240v1_genomic.fna.gz,../ecoli_genomes/GCF_001892585.1_ASM189258v1_genomic.fna.gz,../ecoli_genomes/GCF_001893985.1_ASM189398v1_genomic.fna.gz,../ecoli_genomes/GCF_002001595.1_ASM200159v1_genomic.fna.gz,../ecoli_genomes/GCF_002002145.1_ASM200214v1_genomic.fna.gz
1.0,0.7925597792578931,0.771123302722082,0.7668078655492756,0.7668103387886797,0.7659679295880336,0.7828875045164843,0.7773750005238087,0.8062246064649529,0.77349001997396,0.782533787385156,0.7750399035021925,0.774385565587594,0.7639153762041815,0.7581068859151552,0.7821866647460745,0.7545162145553472,0.7747673042484455,0.7409008938669308,0.78769509631535,0.7722908087721461,0.7624946385575033,0.7852055842871201,0.7630316411256937,0.752932160694022,0.7633226557629613,0.7799071342572881,0.7756854573111913,0.7945925661152091,0.8075201456294223,0.76064376956864,0.7624289413398232,0.05159285237181155,0.7749075256725332,0.7692026947626343,0.763523038656545,0.7731836428267432,0.7747903894526982,0.7359936611542988,0.7812536518792847,0.7592325683643871,0.7850628470789132,0.7864518883914267,0.7771869255225403,0.7737029209659685,0.7732247042427303,0.7702972597500728,0.7704648718297207,0.7656278599720165,0.7960719742603769
0.7925597792578931,1.0,0.7667487090243028,0.7630195340181989,0.8067758130746138,0.8272946842872352,0.784645243199007,0.7731047966694042,0.7841351615551748,0.7771095230391898,0.815245047730198,0.7728636162502294,0.7986831263723867,0.7646767666548798,0.7549435655178592,0.7858460828152575,0.8081361038034822,0.8036456509450721,0.759432254457997,0.7874893897349213,0.7997818684251508,0.7831808757030749,0.8112391003825582,0.8294570985385682,0.8228377794838927,0.816547371240261,0.8100295747111478,0.7688502453943955,0.7830042993496941,0.7845013428406148,0.7608421031162749,0.7959511915027967,0.04924308689753132,0.8040797707746095,0.8321486846970422,0.759194077652448,0.7725769009397818,0.8145360740223414,0.7367470291928364,0.8087604518231958,0.755899069941286,0.8194333299312624,0.8130066550000177,0.7818280219582717,0.7773939787339954,0.7619704415883334,0.8276687784806357,0.8288079327040915,0.7687608631795624,0.7860817541463451
0.771123302722082,0.7667487090243028,1.0,0.739918037978613,0.7454081568735549,0.738392357193398,0.7513641972007705,0.7481571425882187,0.7659079593012754,0.748984716276764,0.7613116685330681,0.7452068009750836,0.7524271198962628,0.7445161273405678,0.741880051511177,0.751398548342463,0.7303872754043945,0.751959546982557,0.7158680672575404,0.7547374606388632,0.7502285239863486,0.7396011917575045,0.7594308126537223,0.7408038869121122,0.7300433268672406,0.7403398304273245,0.755492301696275,0.7476659205199745,0.7632666196796547,0.7646439801244332,0.736249323550324,0.7434520122272961,0.05173354309387268,0.7585301921838735,0.74093121889652,0.7437084212489682,0.7392188646369462,0.751535125597218,0.7182347343933593,0.7631924032022679,0.7372358061242983,0.7545067613138832,0.7624335094131094,0.7519198752588027,0.7459044867145401,0.7442878784584873,0.756166034963454,0.7565579386668367,0.7528256205253718,0.7685388355716888
0.7668078655492756,0.7630195340181989,0.739918037978613,1.0,0.7621445865417352,0.7488738309221782,0.7531287790580845,0.8306279892578927,0.7732649895714773,0.831708793316344,0.7599562997703321,0.8338772405652602,0.7454949573459646,0.8436155684629199,0.847670789268506,0.7532845088023127,0.739768759441498,0.7538569916671999,0.7126378464806651,0.7574657017932704,0.7473887856314584,0.7289480601022762,0.764286980633788,0.7411743280149394,0.7347870504905216,0.7415832687752169,0.7566325422545206,0.8429687652963083,0.7627406475159885,0.7631468061003261,0.8226697520777558,0.7484007949886717,0.04960654844344281,0.752879182727869,0.7447916537977828,0.7952150819663388,0.7421692872513695,0.7485298179610316,0.7744563992652753,0.7529785490150089,0.8333566591535424,0.7604503901049504,0.7611731536407597,0.8417874076693543,0.8286007262053937,0.7590930754946488,0.747754557913787,0.7493573336903264,0.8165965447436798,0.7714515636992436
0.7668103387886797,0.8067758130746138,0.7454081568735549,0.7621445865417352,1.0,0.7963414230851846,0.7711867791547545,0.7663544067982503,0.778105827455658,0.7716846478587284,0.8243796525370842,0.7607168771953337,0.8122402739446016,0.7562710530112255,0.7590357437471428,0.7802137906719447,0.7839937872958375,0.7968617262016663,0.7526032267345875,0.774918598163366,0.7988095589201281,0.7760219256579977,0.8062391845439091,0.7865588457657285,0.7863951825573108,0.7880424942319769,0.8032632673246538,0.7528063238836843,0.7740249272720785,0.771130680225995,0.7511981232082482,0.7993957430899654,0.05012871992345003,0.807999758084553,0.7859632664293957,0.7541484156784463,0.764210601121697,0.8076752281990724,0.7317808708471633,0.8046058998895922,0.757398115064513,0.8015575575015093,0.8152294422637374,0.7638692034730521,0.763561937409933,0.7532397837839451,0.8107571215279552,0.8116901262955066,0.7579701118344885,0.7716449778339831
0.7659679295880336,0.8272946842872352,0.738392357193398,0.7488738309221782,0.7963414230851846,1.0,0.7730159292900421,0.7530283940036324,0.7649467367028495,0.7485471536765556,0.7861054601769533,0.7514045968384061,0.7794478867346035,0.7448368171255322,0.7407471539339099,0.7740322023044722,0.7854226143199449,0.7880787537464191,0.7487889528905795,0.7750138148981953,0.7836983418205302,0.785362394618493,0.7967128408296962,0.8012597614783805,0.8022963110651267,0.788541078522647,0.7872832390315844,0.7436537021164416,0.7654326987786604,0.7649147448202767,0.7361025578985155,0.7804111287927232,0.04706405168091199,0.7932551434097079,0.8133637987861758,0.7465478317626307,0.7588375053157348,0.7856237610238972,0.7266504223365524,0.7883720131995695,0.7376925897729795,0.80259299168994,0.7917139660804707,0.7518020174278859,0.7498697233464646,0.7481186190247848,0.8028251888851252,0.8042103623110699,0.7450980549676437,0.7687461493001959
0.7828875045164843,0.784645243199007,0.7513641972007705,0.7531287790580845,0.7711867791547545,0.7730159292900421,1.0,0.7579547978963705,0.7824783009545787,0.7529003326865004,0.786459749684507,0.7578068037127786,0.7759780251464545,0.7418634599118694,0.7434601166706021,0.8903469495612997,0.7597538136820212,0.799481160630413,0.7543881301562915,0.9384940858297773,0.7973843056786813,0.7788689345902922,0.8083874190006404,0.772221048404004,0.7624435155511029,0.7675239582786504,0.7872152361537273,0.752226258476743,0.7684675427403503,0.7689143913873984,0.7423141346812323,0.7726212806191233,0.0540133317530237,0.7878244734517145,0.7824579287774551,0.7596877969263882,0.9030623798212207,0.7756460265619923,0.742267961534542,0.784192277916743,0.7383024584114872,0.7786974182943892,0.7862874404661336,0.760120288726394,0.7594268877105945,0.7519782515900226,0.7713025115991397,0.7713147464642256,0.7488590131862322,0.7699555062534185
0.7773750005238087,0.7731047966694042,0.7481571425882187,0.8306279892578927,0.7663544067982503,0.7530283940036324,0.7579547978963705,1.0,0.7757506567050527,0.833306726542088,0.7670790152992719,0.8253903823558832,0.7545171014150102,0.8211172132723665,0.8144564310306487,0.7575567059916521,0.7453109929372401,0.7598183681607235,0.7198413321421822,0.7607170037321731,0.7569238684396425,0.7370928160729022,0.7669948475894354,0.757107833182532,0.7413330822665039,0.7548878127929627,0.7644177514330217,0.8846225134644373,0.7790864053903552,0.7680806257495663,0.8118891880018443,0.7481236471199839,0.05421994908240624,0.7662920211462142,0.7565003523402791,0.7994222512389271,0.7459010749683472,0.7644077376333607,0.7809074904429463,0.7669254303698244,0.8119505545933444,0.7716057492904121,0.7714415969251509,0.8880589012803342,0.8751682160094117,0.7630170292599561,0.7572202890680985,0.7575115839814467,0.820561960635237,0.7756815812375218
0.8062246064649529,0.7841351615551748,0.7659079593012754,0.7732649895714773,0.778105827455658,0.7649467367028495,0.7824783009545787,0.7757506567050527,1.0,0.778562955756128,0.7806959580698045,0.7706118149319502,0.7662246592003326,0.768456724042015,0.7643215635135239,0.7879305341122447,0.7603905750906694,0.7715810995619751,0.7296097967598951,0.7885648355272612,0.7693761372175305,0.7581607305062423,0.7804933925812773,0.7648828708101449,0.7533803619808405,0.7672384890197754,0.7756161912636608,0.7708635568351123,0.7877448693718547,0.8200132749931794,0.764392823519714,0.7655902380777526,0.052386123964526465,0.7769882433446758,0.7697340378961491,0.7663626333248821,0.7759904155033176,0.767953415495675,0.7353196718308986,0.7800335284689079,0.7629684230099397,0.7790996081734565,0.7875972179137984,0.7745924300697082,0.7675367600483625,0.7747923603282468,0.768390674742236,0.7688487597775865,0.7674085985311424,0.7905547870038079
0.77349001997396,0.7771095230391898,0.748984716276764,0.831708793316344,0.7716846478587284,0.7485471536765556,0.7529003326865004,0.833306726542088,0.778562955756128,1.0,0.7735163708616837,0.8242166007232452,0.7592834998521076,0.8259056777263407,0.827557694606792,0.7583507312506125,0.7382413813101658,0.7602664839853789,0.7210058130659349,0.7556236325248449,0.7594427107710426,0.7386968523437247,0.7612660895717522,0.7479788088009132,0.7367161065294826,0.7482121044012962,0.7610110915215668,0.8296206303732532,0.7740058595772288,0.7733744533814717,0.8257840105326095,0.7435067571650174,0.05131897475920755,0.7590669217865267,0.7513720887775517,0.8056844947929799,0.7433605789674731,0.7632717836085138,0.7799496706043683,0.7706507132483476,0.8339988536242469,0.7652708350063864,0.7690138634439816,0.8361644491811928,0.8294042042377754,0.7551561561050252,0.7578701028777683,0.7581481090288082,0.8236837998049188,0.7703933266187517
0.782533787385156,0.815245047730198,0.7613116685330681,0.7599562997703321,0.8243796525370842,0.7861054601769533,0.786459749684507,0.7670790152992719,0.7806959580698045,0.7735163708616837,1.0,0.7667478825028599,0.8368081786409589,0.7620305692184925,0.7564533272485803,0.7889476037235866,0.7764781696405035,0.8270723193753824,0.7764377023436815,0.7913792733097245,0.8144423109530422,0.808141239298973,0.8247627708565939,0.8070233357303787,0.7770884727870464,0.8020276780842258,0.8287582514118002,0.7619578317567608,0.7742679404263911,0.7826998840280412,0.7573755817483424,0.791720481793254,0.05072554810562213,0.8175349725700836,0.799473052667468,0.7612663479668761,0.7733685463893564,0.8193390535103684,0.7345984542531527,0.8349382258699121,0.7554345002247215,0.8103068570631307,0.8359075325321863,0.7684196721744241,0.7646813112239863,0.7638000748734443,0.8121469390049038,0.8115855734554804,0.7668546072263261,0.7777287620605428
0.7750399035021925,0.7728636162502294,0.7452068009750836,0.8338772405652602,0.7607168771953337,0.7514045968384061,0.7578068037127786,0.8253903823558832,0.7706118149319502,0.8242166007232452,0.7667478825028599,1.0,0.7499687676541487,0.8224641568550952,0.8478785824542376,0.7557359073667256,0.7472847698886822,0.7583688170273446,0.7131259956435967,0.760603981923115,0.7574234441249472,0.7342831913207001,0.7657198405518784,0.7495809666019907,0.7356192028461002,0.7524111405655337,0.7622497354678505,0.8258821651739773,0.7722357354956664,0.7702476280539021,0.8018608568208994,0.7444999727532693,0.05910511644141958,0.7582796060762181,0.7512984205652791,0.7943105417496927,0.7468850410397896,0.7562963659448444,0.7700941028669855,0.7616744789935527,0.8145963455634714,0.7597616663220446,0.7657732255603353,0.831006882570471,0.826966911647321,0.7613257433681728,0.7563806040630323,0.7576082691262185,0.8114284165810641,0.7740634977273755
0.774385565587594,0.7986831263723867,0.7524271198962628,0.7454949573459646,0.8122402739446016,0.7794478867346035,0.7759780251464545,0.7545171014150102,0.7662246592003326,0.7592834998521076,0.8368081786409589,0.7499687676541487,1.0,0.7479660228988653,0.7460847172070235,0.777762483035713,0.7708651874762753,0.8213895508072289,0.8071388575765317,0.7809875687889601,0.8217945959818622,0.8312111160765757,0.8397392703829571,0.7880387731047209,0.7677264991215398,0.7874161482269519,0.8341217244506056,0.7483355218957133,0.7589585257088015,0.7713159713001713,0.7378444475160867,0.815534682494109,0.047775572574323966,0.8327648889579238,0.7883039364574662,0.7446739007726078,0.7650491009214466,0.8244273302581404,0.72205601309796,0.8396367621725956,0.7400976142140552,0.8024810191791444,0.8381533957138767,0.7536151043409431,0.7485957478189738,0.7524654901363014,0.8046484689194572,0.8040946912948546,0.7519924906904848,0.7658687674145632
0.7639153762041815,0.7646767666548798,0.7445161273405678,0.8436155684629199,0.7562710530112255,0.7448368171255322,0.7418634599118694,0.8211172132723665,0.768456724042015,0.8259056777263407,0.7620305692184925,0.8224641568550952,0.7479660228988653,1.0,0.8430906789224107,0.7437380358832912,0.7424218158164718,0.7583296683619936,0.7174735353251198,0.7474334142254162,0.7517415002971243,0.7331500109127809,0.7632443280723257,0.7400915824679172,0.7322005098562432,0.7456585375531506,0.7589627658295984,0.8325183847559416,0.7685561254434258,0.7620584778026191,0.8164644274393653,0.7426473393659654,0.05386956248749686,0.7529419516685971,0.744543370090988,0.7889998391495183,0.7316091868457055,0.7543143414370389,0.76453721550999,0.7578738413960343,0.8206800477858085,0.7598464706812031,0.7611813831203882,0.8358538823123506,0.8191627971553181,0.7546362597139536,0.7530394789765948,0.7538690274705434,0.8131062102055627,0.7700040319741566
0.7581068859151552,0.7549435655178592,0.741880051511177,0.847670789268506,0.7590357437471428,0.7407471539339099,0.7434601166706021,0.8144564310306487,0.7643215635135239,0.827557694606792,0.7564533272485803,0.8478785824542376,0.7460847172070235,0.8430906789224107,1.0,0.7466555966258759,0.7333233998814254,0.7514347000511485,0.7066007021316909,0.7503074833173122,0.7449164212882331,0.7286859118209191,0.7566022521494105,0.7330710802954112,0.7272010575821792,0.7393261119479573,0.7526690605497959,0.8204936354077126,0.7663757583919166,0.7626737805916456,0.8181154906002646,0.7360077919002352,0.05352653778511918,0.7475552919582089,0.7423690665648662,0.7860909211043834,0.731981356836598,0.748742071666765,0.7679544988402638,0.7531302565996063,0.8277006867491024,0.7517344347033097,0.7561237200068759,0.8242242235548678,0.8142328899111981,0.7570441775329018,0.7512701620333662,0.7513672960404255,0.8108331226996077,0.7724944159522551
0.7821866647460745,0.7858460828152575,0.751398548342463,0.7532845088023127,0.7802137906719447,0.7740322023044722,0.8903469495612997,0.7575567059916521,0.7879305341122447,0.7583507312506125,0.7889476037235866,0.7557359073667256,0.777762483035713,0.7437380358832912,0.7466555966258759,1.0,0.7576813267176564,0.7877731225120632,0.7512259597833104,0.8984917984591984,0.7861360842454181,0.7811457383246827,0.7977670091965986,0.7781156860933927,0.7678484570224287,0.7778516525064283,0.779999469060583,0.750345120518241,0.7679515976455653,0.775955936474762,0.7453957414038792,0.773089625166036,0.05080321617670169,0.7848757656736188,0.7815790908072159,0.7585663214186139,0.8933324844865601,0.7751453617446484,0.7340351929585809,0.7802838091709108,0.7442922678970805,0.7787908891122503,0.7841465911284202,0.7540937770819252,0.7514602474708629,0.758914675458149,0.7756323733506341,0.775334955818646,0.7530560896370699,0.7739969433429026
0.7545162145553472,0.8081361038034822,0.7303872754043945,0.739768759441498,0.7839937872958375,0.7854226143199449,0.7597538136820212,0.7453109929372401,0.7603905750906694,0.7382413813101658,0.7764781696405035,0.7472847698886822,0.7708651874762753,0.7424218158164718,0.7333233998814254,0.7576813267176564,1.0,0.7778719432803483,0.7340086550424894,0.7614430558906728,0.7749369147850261,0.7584362317666165,0.7911220513665242,0.7967096598908495,0.7961043862052479,0.8111238189819413,0.7767382371717875,0.738407781714739,0.7540237162906216,0.7547802281062306,0.7292600434523537,0.7879152231801936,0.044811108245267794,0.7831590989920375,0.7848852752598545,0.7452461068833213,0.7533566006469543,0.7717922136937836,0.719970337068337,0.7783063113759061,0.7293507562685115,0.7917146692013457,0.7805399797297276,0.7489841130081522,0.7528737255869324,0.739898496887424,0.7988512526389111,0.8005889640880308,0.7353030940176292,0.7559444949905382
0.7747673042484455,0.8036456509450721,0.751959546982557,0.7538569916671999,0.7968617262016663,0.7880787537464191,0.799481160630413,0.7598183681607235,0.7715810995619751,0.7602664839853789,0.8270723193753824,0.7583688170273446,0.8213895508072289,0.7583296683619936,0.7514347000511485,0.7877731225120632,0.7778719432803483,1.0,0.7967356606705671,0.8052815082817887,0.8387530289758615,0.8152417822282527,0.8467595828220507,0.794612605341411,0.7698526338591587,0.7863735835267478,0.8334670916197402,0.7544788743843717,0.7703465750759455,0.7714764899857507,0.7488815117284483,0.7970153028960026,0.05071928915839452,0.8227641077937698,0.7947937024700553,0.7628653200032196,0.7824192696055107,0.8116467060018073,0.7345231043435532,0.8270204929314136,0.7459902842083352,0.8027942218085251,0.8209510871048751,0.762748530291304,0.759145450283692,0.7555415607300622,0.7991555745455905,0.7989460722033781,0.7538713465953522,0.7774757788122701
0.7409008938669308,0.759432254457997,0.7158680672575404,0.7126378464806651,0.7526032267345875,0.7487889528905795,0.7543881301562915,0.7198413321421822,0.7296097967598951,0.7210058130659349,0.7764377023436815,0.7131259956435967,0.8071388575765317,0.7174735353251198,0.7066007021316909,0.7512259597833104,0.7340086550424894,0.7967356606705671,1.0,0.7543671664328668,0.7882021890100864,0.8118976831700577,0.7955228218759904,0.7461690730566568,0.7338184532712198,0.7355937509675894,0.7768075542343018,0.7146877854986632,0.7251864886532678,0.7266199982766588,0.7058153002662755,0.7858369467634977,0.048913051986330225,0.7804696693936481,0.7545606298859082,0.7227341954195515,0.7480348590861461,0.7662842607953435,0.6986181721415344,0.7794817305061936,0.7084934525134958,0.7612072658330747,0.7795081276057538,0.7202922398819018,0.717161811099644,0.7146519241522485,0.7557224466710973,0.756185343517243,0.7130251653448654,0.7272148401708722
0.78769509631535,0.7874893897349213,0.7547374606388632,0.7574657017932704,0.774918598163366,0.7750138148981953,0.9384940858297773,0.7607170037321731,0.7885648355272612,0.7556236325248449,0.7913792733097245,0.760603981923115,0.7809875687889601,0.7474334142254162,0.7503074833173122,0.8984917984591984,0.7614430558906728,0.8052815082817887,0.7543671664328668,1.0,0.7973724754813798,0.7810012891058317,0.8105373505830975,0.7719296345343964,0.7624803363979529,0.7703757089454166,0.7920068865551066,0.7568541795457058,0.7735732777312603,0.7768408606509841,0.7469999866352135,0.7722364056438191,0.054863585351897504,0.7898763934389197,0.7843456882375953,0.7632542475009648,0.903337860994224,0.7799868796479037,0.7418930100922059,0.790737764868411,0.7436039165535735,0.7838865336967027,0.7910849255024688,0.7637775191878711,0.7611663596944808,0.7608767480019705,0.7757864426589067,0.7758713878445106,0.7541803172734292,0.778542501475476
0.7722908087721461,0.7997818684251508,0.7502285239863486,0.7473887856314584,0.7988095589201281,0.7836983418205302,0.7973843056786813,0.7569238684396425,0.7693761372175305,0.7594427107710426,0.8144423109530422,0.7574234441249472,0.8217945959818622,0.7517415002971243,0.7449164212882331,0.7861360842454181,0.7749369147850261,0.8387530289758615,0.7882021890100864,0.7973724754813798,1.0,0.8131309433889331,0.841507434650349,0.7852280088732971,0.7734877727507373,0.7813331125747727,0.824814379787516,0.7533293601096297,0.7639302326102266,0.7701822588201269,0.7435765009851836,0.8058838462896069,0.05034335711080118,0.8301619988309121,0.791592921790145,0.7523469990189958,0.7840493073136827,0.8171125841284157,0.7293858985702838,0.8281217001784312,0.7439808224069567,0.7969156365604897,0.8269311968198587,0.7612946593122241,0.7559180774792372,0.7495541090078766,0.8013459206440683,0.8005930699650392,0.7554744328242916,0.7671181508131892
0.7624946385575033,0.7831808757030749,0.7396011917575045,0.7289480601022762,0.7760219256579977,0.785362394618493,0.7788689345902922,0.7370928160729022,0.7581607305062423,0.7386968523437247,0.808141239298973,0.7342831913207001,0.8312111160765757,0.7331500109127809,0.7286859118209191,0.7811457383246827,0.7584362317666165,0.8152417822282527,0.8118976831700577,0.7810012891058317,0.8131309433889331,1.0,0.8609786795519314,0.7819875349990828,0.758763079950716,0.7744663899284827,0.8072634558289207,0.7326187616488753,0.749782701058456,0.7581672607256573,0.7239747705045372,0.7962615933051342,0.05119786852705854,0.8379536336760558,0.7784741762007141,0.7392907507044566,0.7674878993391334,0.7974194080621073,0.7134191249042656,0.8105836679976213,0.7216588746741522,0.7861332635705698,0.8154762601791054,0.7400759227977525,0.734981899699175,0.7400413805482208,0.7795778840261227,0.7791111021097837,0.73209227305388,0.7580543721468697
0.7852055842871201,0.8112391003825582,0.7594308126537223,0.764286980633788,0.8062391845439091,0.7967128408296962,0.8083874190006404,0.7669948475894354,0.7804933925812773,0.7612660895717522,0.8247627708565939,0.7657198405518784,0.8397392703829571,0.7632443280723257,0.7566022521494105,0.7977670091965986,0.7911220513665242,0.8467595828220507,0.7955228218759904,0.8105373505830975,0.841507434650349,0.8609786795519314,1.0,0.7966097698159131,0.7840429674677478,0.792646236606339,0.8419842537441833,0.76469019630235,0.7773115324806774,0.7752692846617051,0.75149269762252,0.8195919055484228,0.05199346309012931,0.8702075550980128,0.8006840859681382,0.7634672784407807,0.7911710081918735,0.822500628666087,0.7398831365716044,0.8334780324441363,0.7502728020480138,0.8126325431279726,0.8357876091954346,0.7737729658124483,0.7689244355704207,0.7627748185713185,0.803772765663348,0.8044942553517023,0.7604795308452028,0.7831029203198816
0.7630316411256937,0.8294570985385682,0.7408038869121122,0.7411743280149394,0.7865588457657285,0.8012597614783805,0.772221048404004,0.757107833182532,0.7648828708101449,0.7479788088009132,0.8070233357303787,0.7495809666019907,0.7880387731047209,0.7400915824679172,0.7330710802954112,0.7781156860933927,0.7967096598908495,0.794612605341411,0.7461690730566568,0.7719296345343964,0.7852280088732971,0.7819875349990828,0.7966097698159131,1.0,0.8090152856785449,0.8166271121523819,0.795146797088822,0.7450847645468331,0.7580011103041537,0.7630827973672014,0.7321664855111827,0.7810802614532629,0.04703292719881569,0.7875337151362347,0.817650029474622,0.7451195331548259,0.7657646565960907,0.7831061602666027,0.7187702834272298,0.786361977342018,0.7288233885478954,0.8039181952246159,0.793729132246757,0.7529059472276348,0.7534505896699659,0.7433982146363942,0.7982384666666738,0.7978926363610023,0.7420345016809817,0.7634767996732073
0.752932160694022,0.8228377794838927,0.7300433268672406,0.7347870504905216,0.7863951825573108,0.8022963110651267,0.7624435155511029,0.7413330822665039,0.7533803619808405,0.7367161065294826,0.7770884727870464,0.7356192028461002,0.7677264991215398,0.7322005098562432,0.7272010575821792,0.7678484570224287,0.7961043862052479,0.7698526338591587,0.7338184532712198,0.7624803363979529,0.7734877727507373,0.758763079950716,0.7840429674677478,0.8090152856785449,1.0,0.8023191625483285,0.7761678029911644,0.730190693258709,0.7483112742690454,0.746820385576277,0.7260724834452471,0.7972498452676866,0.049397586422517126,0.7813337611845893,0.8117367150679325,0.7299239584636574,0.7570782569430845,0.7804448601272356,0.7130213299706891,0.7733123563810764,0.7235437323249356,0.7855366946297461,0.7827879726890284,0.7445765364692307,0.7417285045000147,0.7375588341316202,0.7894247706283979,0.7886143204989572,0.7341848002154685,0.7480099522958543
0.7633226557629613,0.816547371240261,0.7403398304273245,0.7415832687752169,0.7880424942319769,0.788541078522647,0.7675239582786504,0.7548878127929627,0.7672384890197754,0.7482121044012962,0.8020276780842258,0.7524111405655337,0.7874161482269519,0.7456585375531506,0.7393261119479573,0.7778516525064283,0.8111238189819413,0.7863735835267478,0.7355937509675894,0.7703757089454166,0.7813331125747727,0.7744663899284827,0.792646236606339,0.8166271121523819,0.8023191625483285,1.0,0.7913823485021994,0.7478296901399342,0.760564310338153,0.7689815468194485,0.7400862013792935,0.7763014026629697,0.046799081665786835,0.784343762579893,0.7984280958916762,0.7436840656584108,0.7593635813112384,0.7880122282202489,0.7181707328952207,0.7947776657025812,0.7332722741865566,0.8039159548422502,0.7907615760342264,0.7602558881890231,0.7574716308194004,0.7508900187721725,0.8051818988994661,0.8051374816452997,0.7445223673498017,0.765677258546123
0.7799071342572881,0.8100295747111478,0.755492301696275,0.7566325422545206,0.8032632673246538,0.7872832390315844,0.7872152361537273,0.7644177514330217,0.7756161912636608,0.7610110915215668,0.8287582514118002,0.7622497354678505,0.8341217244506056,0.7589627658295984,0.7526690605497959,0.779999469060583,0.7767382371717875,0.8334670916197402,0.7768075542343018,0.7920068865551066,0.824814379787516,0.8072634558289207,0.8419842537441833,0.795146797088822,0.7761678029911644,0.7913823485021994,1.0,0.757729837988974,0.7760808411766985,0.7759132345052945,0.7525954731885324,0.811946173602097,0.049274152178509834,0.8270569601405273,0.7971145254085373,0.7546413362762838,0.7717211831421958,0.8385935008751548,0.7337964321232286,0.8341118307347528,0.7495945836715823,0.809476743579916,0.8570055089957832,0.7671847476930047,0.7595868239949557,0.7602903725988335,0.8027676351007602,0.802806248793648,0.7646584829117186,0.7805191165855343
0.7756854573111913,0.7688502453943955,0.7476659205199745,0.8429687652963083,0.7528063238836843,0.7436537021164416,0.752226258476743,0.8846225134644373,0.7708635568351123,0.8296206303732532,0.7619578317567608,0.8258821651739773,0.7483355218957133,0.8325183847559416,0.8204936354077126,0.750345120518241,0.738407781714739,0.7544788743843717,0.7146877854986632,0.7568541795457058,0.7533293601096297,0.7326187616488753,0.76469019630235,0.7450847645468331,0.730190693258709,0.7478296901399342,0.757729837988974,1.0,0.7702950077117733,0.7633938867523434,0.8146053501513323,0.742241840296139,0.05244223112181612,0.7607467361612775,0.7482741137938389,0.796394993486871,0.740805864922645,0.7576855782132602,0.7787868603797482,0.7608191342018822,0.8179936391966968,0.7605029424368148,0.7616450588803934,0.9180223490544559,0.8961973109685675,0.7577360835260848,0.7516184166981528,0.75241838739319,0.8251030258583425,0.7679203824943782
0.7945925661152091,0.7830042993496941,0.7632666196796547,0.7627406475159885,0.7740249272720785,0.7654326987786604,0.7684675427403503,0.7790864053903552,0.7877448693718547,0.7740058595772288,0.7742679404263911,0.7722357354956664,0.7589585257088015,0.7685561254434258,0.7663757583919166,0.7679515976455653,0.7540237162906216,0.7703465750759455,0.7251864886532678,0.7735732777312603,0.7639302326102266,0.749782701058456,0.7773115324806774,0.7580011103041537,0.7483112742690454,0.760564310338153,0.7760808411766985,0.7702950077117733,1.0,0.7838971493202966,0.7670492639850618,0.7568506625289027,0.056119309930582784,0.7734780885310026,0.7651728630688732,0.7641464830160541,0.7538693673318697,0.7691418142881761,0.7421519498563376,0.7716578280777884,0.7642058782366367,0.7736353481075378,0.7734839367217516,0.7749550535369406,0.7702276322293445,0.786015542766578,0.7688196570187628,0.7689124170724106,0.7678839398008384,0.8602483246432886
0.8075201456294223,0.7845013428406148,0.7646439801244332,0.7631468061003261,0.771130680225995,0.7649147448202767,0.7689143913873984,0.7680806257495663,0.8200132749931794,0.7733744533814717,0.7826998840280412,0.7702476280539021,0.7713159713001713,0.7620584778026191,0.7626737805916456,0.775955936474762,0.7547802281062306,0.7714764899857507,0.7266199982766588,0.7768408606509841,0.7701822588201269,0.7581672607256573,0.7752692846617051,0.7630827973672014,0.746820385576277,0.7689815468194485,0.7759132345052945,0.7633938867523434,0.7838971493202966,1.0,0.7588184874269932,0.7567868724868854,0.05228848986141266,0.7680963769573075,0.7741770374831363,0.7600588312845523,0.7553179818786921,0.7710747928815844,0.7324762002993912,0.78550782719281,0.7611762036409205,0.777397148523696,0.7871784600823771,0.770015730475965,0.7669413467037368,0.778919144238837,0.7719341465924617,0.7720068279138268,0.7662713432840377,0.7946777732966769
0.76064376956864,0.7608421031162749,0.736249323550324,0.8226697520777558,0.7511981232082482,0.7361025578985155,0.7423141346812323,0.8118891880018443,0.764392823519714,0.8257840105326095,0.7573755817483424,0.8018608568208994,0.7378444475160867,0.8164644274393653,0.8181154906002646,0.7453957414038792,0.7292600434523537,0.7488815117284483,0.7058153002662755,0.7469999866352135,0.7435765009851836,0.7239747705045372,0.75149269762252,0.7321664855111827,0.7260724834452471,0.7400862013792935,0.7525954731885324,0.8146053501513323,0.7670492639850618,0.7588184874269932,1.0,0.7339956874316237,0.05157037160228273,0.7460417327612054,0.7357706629097377,0.7866749211157982,0.733136039570776,0.7459281494836593,0.7602485519747157,0.751385253332997,0.8484932972127543,0.7550169845321706,0.7544153279318859,0.8152393132416135,0.8033419642666263,0.755142958310485,0.7502061279351483,0.7502707534449246,0.8020240723519907,0.769765778771532
0.7624289413398232,0.7959511915027967,0.7434520122272961,0.7484007949886717,0.7993957430899654,0.7804111287927232,0.7726212806191233,0.7481236471199839,0.7655902380777526,0.7435067571650174,0.791720481793254,0.7444999727532693,0.815534682494109,0.7426473393659654,0.7360077919002352,0.773089625166036,0.7879152231801936,0.7970153028960026,0.7858369467634977,0.7722364056438191,0.8058838462896069,0.7962615933051342,0.8195919055484228,0.7810802614532629,0.7972498452676866,0.7763014026629697,0.811946173602097,0.742241840296139,0.7568506625289027,0.7567868724868854,0.7339956874316237,1.0,0.04714988167394929,0.8143639871276822,0.7788687661909434,0.7363534665665521,0.7689668350637,0.8010520892995433,0.7193564853926457,0.8055444715800018,0.7330727244836437,0.7955298243104449,0.8192232093202193,0.7499457550286139,0.7452238690675779,0.7412345355956886,0.7931438672800356,0.7933273576073814,0.7372165703073149,0.7565573974834479
0.05159285237181155,0.04924308689753132,0.05173354309387268,0.04960654844344281,0.05012871992345003,0.04706405168091199,0.0540133317530237,0.05421994908240624,0.052386123964526465,0.05131897475920755,0.05072554810562213,0.05910511644141958,0.047775572574323966,0.05386956248749686,0.05352653778511918,0.05080321617670169,0.044811108245267794,0.05071928915839452,0.048913051986330225,0.054863585351897504,0.05034335711080118,0.05119786852705854,0.05199346309012931,0.04703292719881569,0.049397586422517126,0.046799081665786835,0.049274152178509834,0.05244223112181612,0.056119309930582784,0.05228848986141266,0.05157037160228273,0.04714988167394929,1.0,0.04897054136831591,0.05023343672092395,0.047759318758957,0.05585314092398741,0.049042135905179474,0.060607017088922355,0.04608179901127052,0.05352152602251947,0.051306141856117704,0.047070948443061034,0.053954954760628726,0.05219243825066744,0.050393954647717565,0.04674058412789839,0.046644454277579905,0.05129809553222919,0.050783939189034344
0.7749075256725332,0.8040797707746095,0.7585301921838735,0.752879182727869,0.807999758084553,0.7932551434097079,0.7878244734517145,0.7662920211462142,0.7769882433446758,0.7590669217865267,0.8175349725700836,0.7582796060762181,0.8327648889579238,0.7529419516685971,0.7475552919582089,0.7848757656736188,0.7831590989920375,0.8227641077937698,0.7804696693936481,0.7898763934389197,0.8301619988309121,0.8379536336760558,0.8702075550980128,0.7875337151362347,0.7813337611845893,0.784343762579893,0.8270569601405273,0.7607467361612775,0.7734780885310026,0.7680963769573075,0.7460417327612054,0.8143639871276822,0.04897054136831591,1.0,0.7961584087322976,0.7619618945630638,0.773180472731845,0.8204781963434089,0.7424558290717369,0.8330868412403033,0.7459032240702352,0.8117623560471411,0.8385408820803799,0.7684062761436743,0.7637766377737859,0.7578166249102076,0.8002426975237047,0.8003541006020335,0.7561420379144177,0.7755329951585681
0.7692026947626343,0.8321486846970422,0.74093121889652,0.7447916537977828,0.7859632664293957,0.8133637987861758,0.7824579287774551,0.7565003523402791,0.7697340378961491,0.7513720887775517,0.799473052667468,0.7512984205652791,0.7883039364574662,0.744543370090988,0.7423690665648662,0.7815790908072159,0.7848852752598545,0.7947937024700553,0.7545606298859082,0.7843456882375953,0.791592921790145,0.7784741762007141,0.8006840859681382,0.817650029474622,0.8117367150679325,0.7984280958916762,0.7971145254085373,0.7482741137938389,0.7651728630688732,0.7741770374831363,0.7357706629097377,0.7788687661909434,0.05023343672092395,0.7961584087322976,1.0,0.7431797185863194,0.7673813029567669,0.7840242353393838,0.7182356868822322,0.7966087593048052,0.7332476261419538,0.8075420812732587,0.8012093566101706,0.7554776205988344,0.7506848588843956,0.7467989032133909,0.7986647606993537,0.7985350755916482,0.7454951469558765,0.7647014488065027
0.763523038656545,0.759194077652448,0.7437084212489682,0.7952150819663388,0.7541484156784463,0.7465478317626307,0.7596877969263882,0.7994222512389271,0.7663626333248821,0.8056844947929799,0.7612663479668761,0.7943105417496927,0.7446739007726078,0.7889998391495183,0.7860909211043834,0.7585663214186139,0.7452461068833213,0.7628653200032196,0.7227341954195515,0.7632542475009648,0.7523469990189958,0.7392907507044566,0.7634672784407807,0.7451195331548259,0.7299239584636574,0.7436840656584108,0.7546413362762838,0.796394993486871,0.7641464830160541,0.7600588312845523,0.7866749211157982,0.7363534665665521,0.047759318758957,0.7619618945630638,0.7431797185863194,1.0,0.7532235474693987,0.7534834346398886,0.7768928417392856,0.7608342836098905,0.7860503016847704,0.7571341935454108,0.753282687858248,0.8036741821108531,0.8044905132866986,0.7571480481431297,0.7484144527381129,0.7491040046520632,0.7909108312369747,0.7646512693458413
0.7731836428267432,0.7725769009397818,0.7392188646369462,0.7421692872513695,0.764210601121697,0.7588375053157348,0.9030623798212207,0.7459010749683472,0.7759904155033176,0.7433605789674731,0.7733685463893564,0.7468850410397896,0.7650491009214466,0.7316091868457055,0.731981356836598,0.8933324844865601,0.7533566006469543,0.7824192696055107,0.7480348590861461,0.903337860994224,0.7840493073136827,0.7674878993391334,0.7911710081918735,0.7657646565960907,0.7570782569430845,0.7593635813112384,0.7717211831421958,0.740805864922645,0.7538693673318697,0.7553179818786921,0.733136039570776,0.7689668350637,0.05585314092398741,0.773180472731845,0.7673813029567669,0.7532235474693987,1.0,0.7642721847554986,0.7331004332436907,0.7682707548367018,0.7318162977372462,0.7673836211013074,0.7741820348683293,0.7464443397167952,0.7442896896839148,0.744032551841801,0.7598878512874165,0.7598526508090698,0.7368755074661235,0.7565024030100351
0.7747903894526982,0.8145360740223414,0.751535125597218,0.7485298179610316,0.8076752281990724,0.7856237610238972,0.7756460265619923,0.7644077376333607,0.767953415495675,0.7632717836085138,0.8193390535103684,0.7562963659448444,0.8244273302581404,0.7543143414370389,0.748742071666765,0.7751453617446484,0.7717922136937836,0.8116467060018073,0.7662842607953435,0.7799868796479037,0.8171125841284157,0.7974194080621073,0.822500628666087,0.7831061602666027,0.7804448601272356,0.7880122282202489,0.8385935008751548,0.7576855782132602,0.7691418142881761,0.7710747928815844,0.7459281494836593,0.8010520892995433,0.049042135905179474,0.8204781963434089,0.7840242353393838,0.7534834346398886,0.7642721847554986,1.0,0.7318730576830552,0.8315925948979613,0.7489640614422912,0.800602139175105,0.8542167282150125,0.767250554629972,0.760475434483872,0.761898084478225,0.8098665951010906,0.8093287282034394,0.7599642583515105,0.7706997291197372
0.7359936611542988,0.7367470291928364,0.7182347343933593,0.7744563992652753,0.7317808708471633,0.7266504223365524,0.742267961534542,0.7809074904429463,0.7353196718308986,0.7799496706043683,0.7345984542531527,0.7700941028669855,0.72205601309796,0.76453721550999,0.7679544988402638,0.7340351929585809,0.719970337068337,0.7345231043435532,0.6986181721415344,0.7418930100922059,0.7293858985702838,0.7134191249042656,0.7398831365716044,0.7187702834272298,0.7130213299706891,0.7181707328952207,0.7337964321232286,0.7787868603797482,0.7421519498563376,0.7324762002993912,0.7602485519747157,0.7193564853926457,0.060607017088922355,0.7424558290717369,0.7182356868822322,0.7768928417392856,0.7331004332436907,0.7318730576830552,1.0,0.731191324207054,0.771360425109318,0.7367577224551093,0.7349332081768761,0.7823009550912255,0.7866117178056784,0.7290937477409919,0.727502696773439,0.7276504857465853,0.7655960573159053,0.7367517440366822
