../ecoli_genomes/GCF_000163235.1_ASM16323v1_genomic.fna.gz,../ecoli_genomes/GCF_000164555.1_ASM16455v1_genomic.fna.gz,../ecoli_genomes/GCF_000208545.1_ASM20854v2_genomic.fna.gz,../ecoli_genomes/GCF_000233875.1_ASM23387v1_genomic.fna.gz,../ecoli_genomes/GCF_000249735.1_ASM24973v2_genomic.fna.gz,../ecoli_genomes/GCF_000261145.1_Esch_coli_M919_V2_genomic.fna.gz,../ecoli_genomes/GCF_000267705.2_ASM26770v2_genomic.fna.gz,../ecoli_genomes/GCF_000350665.1_Esch_coli_KTE5_V1_genomic.fna.gz,../ecoli_genomes/GCF_000351625.1_Esch_coli_KTE66_V1_genomic.fna.gz,../ecoli_genomes/GCF_000352285.1_Esch_coli_KTE46_V1_genomic.fna.gz,../ecoli_genomes/GCF_000358895.1_ASM35889v1_genomic.fna.gz,../ecoli_genomes/GCF_000456385.1_Esch_coli_HVH_26_4-5703913_V1_genomic.fna.gz,../ecoli_genomes/GCF_000458195.1_Esch_coli_HVH_147_4-5893887_V1_genomic.fna.gz,../ecoli_genomes/GCF_000459755.1_Esch_coli_KOEGE_58_171a_V1_genomic.fna.gz,../ecoli_genomes/GCF_000460055.1_Esch_coli_UMEA_3053-1_V1_genomic.fna.gz,../ecoli_genomes/GCF_000462165.2_ASM46216v2_genomic.fna.gz,../ecoli_genomes/GCF_000601135.1_ASM60113v1_genomic.fna.gz,../ecoli_genomes/GCF_000614595.1_Ec2010EL1058_genomic.fna.gz,../ecoli_genomes/GCF_000617745.1_Ec2010C-4529_genomic.fna.gz,../ecoli_genomes/GCF_000618265.2_EcF6751_genomic.fna.gz,../ecoli_genomes/GCF_000619005.2_Ec2009C-4052_genomic.fna.gz,../ecoli_genomes/GCF_000619105.1_Ec2009C-4780_genomic.fna.gz,../ecoli_genomes/GCF_000619765.2_Ec2009C-3279_genomic.fna.gz,../ecoli_genomes/GCF_000687005.1_ASM68700v1_genomic.fna.gz,../ecoli_genomes/GCF_000687025.1_ASM68702v1_genomic.fna.gz,../ecoli_genomes/GCF_000700125.1_ASM70012v1_genomic.fna.gz,../ecoli_genomes/GCF_000753315.1_FHI35_genomic.fna.gz,../ecoli_genomes/GCF_000776375.1_ASM77637v1_genomic.fna.gz,../ecoli_genomes/GCF_000779395.1_ASM77939v1_genomic.fna.gz,../ecoli_genomes/GCF_000780315.1_ASM78031v1_genomic.fna.gz,../ecoli_genomes/GCF_000781995.1_ASM78199v1_genomic.fna.gz,../ecoli_genomes/GCF_000986765.1_ASM98676v1_genomic.fna.gz,../ecoli_genomes/GCF_001041375.1_ViralProj287958_genomic.fna.gz,../ecoli_genomes/GCF_001265335.1_302014_genomic.fna.gz,../ecoli_genomes/GCF_001265625.1_100854_genomic.fna.gz,../ecoli_genomes/GCF_001267345.1_303289_genomic.fna.gz,../ecoli_genomes/GCF_001309985.1_ASM130998v1_genomic.fna.gz,../ecoli_genomes/GCF_001521695.1_ASM152169v1_genomic.fna.gz,../ecoli_genomes/GCF_001592595.1_ASM159259v1_genomic.fna.gz,../ecoli_genomes/GCF_001614975.1_ASM161497v1_genomic.fna.gz,../ecoli_genomes/GCF_001692775.1_ASM169277v1_genomic.fna.gz,../ecoli_genomes/GCF_001748915.1_ASM174891v1_genomic.fna.gz,../ecoli_genomes/GCF_001749235.1_ASM174923v1_genomic.fna.gz,../ecoli_genomes/GCF_001881155.1_ASM188115v1_genomic.fna.gz,../ecoli_genomes/GCF_001881345.1_ASM188134v1_genomic.fna.gz,../ecoli_genomes/GCF_001892405.1_ASM189240v1_genomic.fna.gz,../ecoli_genomes/GCF_001892585.1_ASM189258v1_genomic.fna.gz,../ecoli_genomes/GCF_001893985.1_ASM189398v1_genomic.fna.gz,../ecoli_genomes/GCF_002001595.1_ASM200159v1_genomic.fna.gz,../ecoli_genomes/GCF_002002145.1_ASM200214v1_genomic.fna.gz
1.0,0.797429304624288,0.7846384869195435,0.7730781125862526,0.7562534633224713,0.7960554545062561,0.7828187816165186,0.7837750028541698,0.8120198516754072,0.7844849162650991,0.7887537883044373,0.7847999192942536,0.7883136181512398,0.774356527156716,0.7758030677965387,0.7863803078409995,0.7730085441386578,0.7882224374740767,0.7529679007751426,0.7872422458927587,0.7852342923628384,0.7762063297348546,0.7874419518329279,0.7791498755384152,0.7676122946977635,0.7857267383007256,0.789867651655592,0.7785026937431285,0.7962889978794754,0.8181243501466614,0.7620438856829828,0.7809223960220842,0.05412888427437146,0.7886314821417831,0.7819947576152733,0.7662918320571743,0.7772768442042938,0.7830495134470643,0.6687863644371725,0.7944034846640943,0.765019039373757,0.7868822502106462,0.7951425883748937,0.7808204254665541,0.7835382222754078,0.7800095177426781,0.788326424064954,0.7878348978350664,0.773620536454877,0.8020777851987754
0.797429304624288,1.0,0.7728268407166465,0.775204101221483,0.7694337346300196,0.8444495837334508,0.7920984688814225,0.7847308634774821,0.788642681787763,0.7861531649075418,0.8101015438420133,0.7848878776042004,0.8142756226335495,0.7777722109493276,0.7718540742706849,0.7975896612025866,0.7972652266515285,0.8136850509465073,0.7777906004892986,0.8009559732656204,0.8104131542006947,0.800829473413923,0.8154656297674971,0.8218069405146107,0.8082242922970665,0.8148598532759701,0.8211632341295108,0.7855322222008709,0.7924165979148633,0.7863884085138642,0.7660586438538375,0.8025612916581446,0.056141097487126146,0.8063775366633075,0.8339655753143109,0.7623962612356794,0.7863051964071474,0.817858856012784,0.6571482776526409,0.8222631493943258,0.7690767047565094,0.8234965547666678,0.8224455175972081,0.7886029996946525,0.784538613967651,0.7781121061362497,0.8320579001629518,0.8318711775654843,0.7889084214624927,0.7903475396805301
0.7846384869195435,0.7728268407166465,1.0,0.7540741272848293,0.7303974964537852,0.7710504802520216,0.7585878241568744,0.7674783939837421,0.7747282064044958,0.7677661962695499,0.7603429191916256,0.7591211084481366,0.7642498079399397,0.7620759727866697,0.7581129416780319,0.7628625110258992,0.7445976427095075,0.7680315731892524,0.7298423877497673,0.7679890965727318,0.7661315435370477,0.7519188524162519,0.764994626971292,0.7502118973162684,0.74189229907259,0.7543115545005359,0.7642886316891369,0.7656255455789001,0.7733967206424978,0.7785098786947997,0.7554060974146236,0.756689614944928,0.05402816819845868,0.7576632590791539,0.7507601108585549,0.753576370416082,0.754175219312985,0.7608109851139929,0.6503260828248429,0.7713559840166822,0.7577453407502057,0.7665137357027736,0.7665995910540557,0.7677103286355597,0.7619016515248193,0.7695781394532726,0.7734863822529569,0.7728419015733708,0.7692109915514125,0.7848825131049361
0.7730781125862526,0.775204101221483,0.7540741272848293,1.0,0.744330403891619,0.7720774628924215,0.7559312953632504,0.8342101512768201,0.7700926736255337,0.8353813657114803,0.7645184848880957,0.8298055278100607,0.7654499268183357,0.8547703119944351,0.8586471586044078,0.7597690137365205,0.754724707710042,0.765246174628957,0.7356846881518155,0.7613412052325059,0.7668359315467954,0.7567940288162976,0.777493725341537,0.7497926971031391,0.7563335558216385,0.7641490422828002,0.7709446294324508,0.8464853859284929,0.7729817175222026,0.7622534580548236,0.8261382567350403,0.7643850394326535,0.04909272439196255,0.7648720171496333,0.7564763180017926,0.7972605642149774,0.7526741283535262,0.7598658596780887,0.6826998975720645,0.7592266722750428,0.8368992462619806,0.7675556462852938,0.768118041541828,0.8491633432605595,0.8413353600377402,0.7678840279594117,0.7685463275383293,0.769322713688293,0.8185312170805138,0.7789437032151342
0.7562534633224713,0.7694337346300196,0.7303974964537852,0.744330403891619,1.0,0.7868957044880645,0.7499004542495235,0.7454831737658456,0.7580489073480144,0.7498618641085986,0.7974276238718458,0.740303675863946,0.7954132234874822,0.7404257126402614,0.7466917707250831,0.7650443947419243,0.7705549719058795,0.7757771885319296,0.7499398647277471,0.7560109121958264,0.7807552681428875,0.7722935312044312,0.7799532259430053,0.7740508387159907,0.7646309025410447,0.7785961993889894,0.7842603579015901,0.7354652686397178,0.7513634398700453,0.748602593160355,0.7346913934893877,0.7864493051317822,0.04841151283585343,0.783786014388526,0.7653100343186883,0.72671905502354,0.7521631588837526,0.7855718804852354,0.6547373035777618,0.7884135429349818,0.7484238258995697,0.7801283185008117,0.791349529301729,0.7373120442208347,0.7408859085664212,0.7322963633776844,0.7781452513768506,0.7797685669919853,0.7333196911438717,0.7527310240627744
0.7960554545062561,0.8444495837334508,0.7710504802520216,0.7720774628924215,0.7868957044880645,1.0,0.8046969879134188,0.7845587680837686,0.7957372312572475,0.7790466606436534,0.8151384718834679,0.780439801503084,0.8130107870905947,0.7756404746989987,0.7722964721404793,0.8053703805312649,0.8133053321634045,0.8167189041570548,0.782112239576475,0.8084899968903982,0.8168927456945212,0.8017424714256589,0.8205073237624672,0.8319289429572374,0.8186716972682826,0.8224266787863657,0.8153162265431299,0.778334761674881,0.7887307553764569,0.7836430368050527,0.7645271986251307,0.8106094814923374,0.05189107164914819,0.8205387942741019,0.8365914516746041,0.772569413283888,0.7998518771447811,0.810260238132928,0.6714393717635215,0.8262793149811674,0.7679821908978459,0.8367720328056913,0.8202355679287398,0.7821640951141787,0.7817015425188565,0.7759129814429409,0.8300758292453497,0.8320046886183252,0.7752316094154006,0.7967704443965941
0.7828187816165186,0.7920984688814225,0.7585878241568744,0.7559312953632504,0.7499004542495235,0.8046969879134188,1.0,0.767109333832728,0.7769746151142947,0.7596898419200063,0.7877675226283946,0.7660648114149273,0.784098545905686,0.7620334476211348,0.7583798777437384,0.9018696760866561,0.7710438350778911,0.8110976616148645,0.7783644297385397,0.9382890095385976,0.8092291927842665,0.7969777016199029,0.8106882508208,0.7812504705245225,0.7709787856592654,0.77953346339912,0.795708413639151,0.7602043245536356,0.7767632457908992,0.777106462016562,0.7463197035090897,0.7979167971733159,0.05354416962897468,0.8028487513519098,0.7966838920200726,0.7621265444237898,0.9164934311014066,0.7819421151253337,0.6721641509455238,0.7930528026384789,0.7480108090491742,0.7926352181857905,0.7947628161799969,0.7640666431984392,0.7630625788725813,0.7596608531753526,0.783608046218942,0.7836152166002868,0.7538665258747557,0.7792022756865927
0.7837750028541698,0.7847308634774821,0.7674783939837421,0.8342101512768201,0.7454831737658456,0.7845587680837686,0.767109333832728,1.0,0.7765968405450503,0.835115880126557,0.770732356101786,0.8269422867741165,0.781113423852465,0.8320282530119169,0.8282888028483946,0.765703388703183,0.7630422015045919,0.7817324943995874,0.7463885752806672,0.7705070903659228,0.7742136343554162,0.7678593584018937,0.7822998276246519,0.7654959956050404,0.7610593326072376,0.7695331411948467,0.779138215976424,0.8832838303942575,0.7852227046757672,0.7739055998970159,0.8263742137143404,0.7753072500049928,0.05469519393522082,0.7766710990948763,0.771439140052168,0.8041827128154059,0.7617185380313224,0.7761916625267153,0.6923081762988534,0.7762848120206035,0.8288359075543871,0.777503506018365,0.7797901014745288,0.8862043282376862,0.880859727318046,0.776151175748765,0.7783949209919468,0.7783088544139682,0.8219205106327343,0.789234636637556
0.8120198516754072,0.788642681787763,0.7747282064044958,0.7700926736255337,0.7580489073480144,0.7957372312572475,0.7769746151142947,0.7765968405450503,1.0,0.783508317805646,0.7842998447196385,0.770000026746074,0.7915230038386931,0.7734045458356411,0.7778034212075944,0.786434234471207,0.7673950019426026,0.7924251387777006,0.7485965279365021,0.7877838270497646,0.7866256637557099,0.7750259634197322,0.7903242163478569,0.7729724227866681,0.759813049213565,0.780322566279614,0.7937956194833482,0.770671585202243,0.7884963500482773,0.8259228305431531,0.7649496571502327,0.7785247561353473,0.04841179229341441,0.7846610870918558,0.7707781860542154,0.7636701577017759,0.7772140070001116,0.7744834105436025,0.6610183733035334,0.7924795252506949,0.7671127200044501,0.7880356980802903,0.7957479030227069,0.7731892520329262,0.766791880766387,0.7770707984378379,0.7883534402455383,0.7880386259407376,0.7720914905081055,0.7906920677800284
0.7844849162650991,0.7861531649075418,0.7677661962695499,0.8353813657114803,0.7498618641085986,0.7790466606436534,0.7596898419200063,0.835115880126557,0.783508317805646,1.0,0.7782472672123207,0.8232252015447853,0.7821143616856544,0.835985081283466,0.8360624891404895,0.7664814208608531,0.7622641047706159,0.7760891777391095,0.7425442022688058,0.7659617148579378,0.7644637027019127,0.7658240754586777,0.7763436080689898,0.7619786029813873,0.7533392042601117,0.7702225422503219,0.7778538604055397,0.8333477436566495,0.7828882827752354,0.7764449652765386,0.8430875127757166,0.7656587163130801,0.051596419174465225,0.7674712703753657,0.7616829646161636,0.8036243199359969,0.7575742123423658,0.7668127198946966,0.6936818167935273,0.7772481530602501,0.8434317167949351,0.776364023408777,0.7777111441693164,0.834982152638016,0.833516994664879,0.7723663260276248,0.7736694061827872,0.7732138311949471,0.8325724736746496,0.7828349014221844
0.7887537883044373,0.8101015438420133,0.7603429191916256,0.7645184848880957,0.7974276238718458,0.8151384718834679,0.7877675226283946,0.770732356101786,0.7842998447196385,0.7782472672123207,1.0,0.7772623714596015,0.8395085913015191,0.7729371533336269,0.7696936862834275,0.7935458062182347,0.7856260141735416,0.8302587241163664,0.7923770550793034,0.7925413133327927,0.823078763782241,0.8275698391211633,0.8301030059808475,0.7988159465285053,0.7816107335416663,0.8081006292721675,0.8400558652243202,0.7730298628291804,0.7835660677328193,0.7838287247807192,0.7635673098843646,0.8166356537019108,0.049462675933224065,0.8199336163496175,0.8048591329654726,0.7642169516198885,0.7811580409275669,0.8238985964104412,0.6569845228568283,0.8431526560569804,0.7650809387826716,0.821398546424158,0.8409881271042834,0.7711282540949285,0.773603884827456,0.7698296558392193,0.8169732214700259,0.8168794997425991,0.7679822670903613,0.7853936790451813
0.7847999192942536,0.7848878776042004,0.7591211084481366,0.8298055278100607,0.740303675863946,0.780439801503084,0.7660648114149273,0.8269422867741165,0.770000026746074,0.8232252015447853,0.7772623714596015,1.0,0.7733413294467506,0.8330028625981052,0.8489782663125198,0.76585012982545,0.7528609581213361,0.7741000094669235,0.7521634464566475,0.7680191492243978,0.7763268507970926,0.771182193489657,0.7818607993651734,0.7636752341776457,0.7547719635357183,0.7666202823599725,0.778283738254165,0.8280505870452005,0.7797215357528272,0.7689531649046862,0.8024987354359155,0.7705725543903849,0.052897767993343,0.7796439846244803,0.7686434410145204,0.795996654938316,0.7580438357662718,0.7730746524710468,0.6830842923084971,0.7782530823101403,0.8083633175438257,0.7761817197181016,0.7818920931337927,0.8310443143871808,0.8322327618844794,0.7708809277039561,0.7719443731590903,0.7727348903114136,0.8090084330972344,0.7789453110047951
0.7883136181512398,0.8142756226335495,0.7642498079399397,0.7654499268183357,0.7954132234874822,0.8130107870905947,0.784098545905686,0.781113423852465,0.7915230038386931,0.7821143616856544,0.8395085913015191,0.7733413294467506,1.0,0.7703485656276661,0.7766466404316459,0.7948283968271778,0.7866292257810484,0.8304971402955673,0.8242783374504834,0.792432921947861,0.8283552448351672,0.8492485953890822,0.8427068787145576,0.8009267387406438,0.7807991424824252,0.8025106566981061,0.8404945333041701,0.7739462912536983,0.7822446619478511,0.7870401098282602,0.7633323189214605,0.8298049592353072,0.0538255306922335,0.8273072566677316,0.8049139250365814,0.7589338100383269,0.783586140547127,0.8230508460553267,0.6538370891139169,0.8440292509884608,0.7658910183289037,0.8123036758833808,0.8384003164302936,0.7732198621093422,0.7722426326429646,0.7672063183722397,0.8088710280478996,0.8085869976547646,0.7652192929680032,0.7831932230538576
0.774356527156716,0.7777722109493276,0.7620759727866697,0.8547703119944351,0.7404257126402614,0.7756404746989987,0.7620334476211348,0.8320282530119169,0.7734045458356411,0.835985081283466,0.7729371533336269,0.8330028625981052,0.7703485656276661,1.0,0.8578702137594019,0.7658804079934542,0.7452174293966412,0.7760235902088575,0.7422648061486808,0.7693125599292091,0.769202366439697,0.7672569855822208,0.7796130010013513,0.7475003837540577,0.7522703920556395,0.7625289790780146,0.7751769796799116,0.8476790349333383,0.7832052394087446,0.7717751021646551,0.8238962383399157,0.767405982963257,0.049897903517582054,0.7693206004525858,0.7576465447030254,0.7984341716324751,0.7575125643548886,0.7652501818697931,0.6895248993933364,0.7714088877963944,0.8316561167464636,0.7687140248181651,0.7727436381003951,0.8478058768989634,0.8414235769427953,0.7773461498338721,0.7698220790938117,0.7694547809093609,0.8255351932782754,0.7880510619503921
0.7758030677965387,0.7718540742706849,0.7581129416780319,0.8586471586044078,0.7466917707250831,0.7722964721404793,0.7583798777437384,0.8282888028483946,0.7778034212075944,0.8360624891404895,0.7696936862834275,0.8489782663125198,0.7766466404316459,0.8578702137594019,1.0,0.7639975187356437,0.7545925933100912,0.7693980511137017,0.7382421234083114,0.7651463311158103,0.7668525391313754,0.7609507139676821,0.7756493225253214,0.7534751032257965,0.7523215606724408,0.7662563841857046,0.7722647546337891,0.8318475584821254,0.7782217791423824,0.7702054533806333,0.8279572985597126,0.7661499799856741,0.052499970494041426,0.7668288542068218,0.7565148561847178,0.7961383646039842,0.7545255728594464,0.7605463051498667,0.6877891752269134,0.7703874156390299,0.8310913920455101,0.7722554482983013,0.7745625983539454,0.8331375845766082,0.828918092917554,0.7717018378536205,0.7727663318380671,0.7728192588335928,0.8130251141440304,0.7812314435197947
0.7863803078409995,0.7975896612025866,0.7628625110258992,0.7597690137365205,0.7650443947419243,0.8053703805312649,0.9018696760866561,0.765703388703183,0.786434234471207,0.7664814208608531,0.7935458062182347,0.76585012982545,0.7948283968271778,0.7658804079934542,0.7639975187356437,1.0,0.7748055664078499,0.8090683131737608,0.7836414567355983,0.912889131266039,0.8050208270476188,0.8019914196621468,0.8081873302278236,0.789347665236012,0.7797706926376176,0.7879762045823822,0.7959093387554372,0.7590203524806941,0.7820144888507546,0.7864808315540375,0.748329942309329,0.7999797520822279,0.05233928673436383,0.8018392330916946,0.7972342502524286,0.7573488799914408,0.9004345036739996,0.785913866973794,0.6554842069550704,0.7956847658024637,0.7536657603804873,0.7953607554024105,0.799619389826935,0.760947169612904,0.759989313247522,0.760929253812116,0.7882088375641064,0.7888057665018056,0.7576422918256407,0.7829155721092846
0.7730085441386578,0.7972652266515285,0.7445976427095075,0.754724707710042,0.7705549719058795,0.8133053321634045,0.7710438350778911,0.7630422015045919,0.7673950019426026,0.7622641047706159,0.7856260141735416,0.7528609581213361,0.7866292257810484,0.7452174293966412,0.7545925933100912,0.7748055664078499,1.0,0.7823961231310215,0.752712032876922,0.7760232749548568,0.7819468784572436,0.7778621403242914,0.7950193244495243,0.8106709440148773,0.8077930553028021,0.8061724141827009,0.7872536636531948,0.7540912643483243,0.7610032774572544,0.7595657832449125,0.7461237146512807,0.8073016401968668,0.04868229519875489,0.7866331199658674,0.7983682744667582,0.7450537320771731,0.7696052911103685,0.7782312295539074,0.6538596588332397,0.7859524772503088,0.7535618971054583,0.8003756724750947,0.7915642674202077,0.7584801148032975,0.7612975503106133,0.7431577679663723,0.7995192142038706,0.8010012953900268,0.7463301423696858,0.7610015444396621
0.7882224374740767,0.8136850509465073,0.7680315731892524,0.765246174628957,0.7757771885319296,0.8167189041570548,0.8110976616148645,0.7817324943995874,0.7924251387777006,0.7760891777391095,0.8302587241163664,0.7741000094669235,0.8304971402955673,0.7760235902088575,0.7693980511137017,0.8090683131737608,0.7823961231310215,1.0,0.8107995408400106,0.8196575074602228,0.8465365949755665,0.8352073023786908,0.8533015699759872,0.7901842238661627,0.7794394393709138,0.7968687966215134,0.8410519014239867,0.7792394891298167,0.7847104264035469,0.7882458991100668,0.7657034804127338,0.8174130395308977,0.049542906326670466,0.8321508670220616,0.8055266316263299,0.7708946323354593,0.8056462251192629,0.8187335745744785,0.6617145355869315,0.8367935741503814,0.766775929843872,0.8218995764440835,0.8331386612801535,0.7779380015558575,0.7744829158067787,0.7735905303402912,0.8138126968900721,0.8135114328994499,0.7683228515217952,0.7861741518638498
0.7529679007751426,0.7777906004892986,0.7298423877497673,0.7356846881518155,0.7499398647277471,0.782112239576475,0.7783644297385397,0.7463885752806672,0.7485965279365021,0.7425442022688058,0.7923770550793034,0.7521634464566475,0.8242783374504834,0.7422648061486808,0.7382421234083114,0.7836414567355983,0.752712032876922,0.8107995408400106,1.0,0.7787431709414349,0.8058792050159016,0.8361511767199821,0.8067981245080833,0.7685363527117435,0.7591055622386074,0.764518293682793,0.7973915580951174,0.7422251527470551,0.7484686540039177,0.7473564164091515,0.7290720851294115,0.806942521104899,0.05616789150011858,0.7950919860902841,0.7825364993128541,0.7390299727793137,0.7746129543399584,0.7807835465336433,0.6406366263849366,0.7924791696205906,0.7322677807378903,0.7804910392119778,0.7933360500469836,0.7462549268586578,0.7471010720415865,0.7391015210829596,0.767866194924959,0.7689892983276637,0.7343947486797036,0.751361395938837
0.7872422458927587,0.8009559732656204,0.7679890965727318,0.7613412052325059,0.7560109121958264,0.8084899968903982,0.9382890095385976,0.7705070903659228,0.7877838270497646,0.7659617148579378,0.7925413133327927,0.7680191492243978,0.792432921947861,0.7693125599292091,0.7651463311158103,0.912889131266039,0.7760232749548568,0.8196575074602228,0.7787431709414349,1.0,0.8148300782375513,0.7990654194658386,0.8151357542366615,0.7829389542053548,0.7745442431475454,0.7833049152798479,0.8010547103322605,0.7674087043254847,0.781059913800929,0.7862067714144915,0.752956697948155,0.80037344042676,0.051613619751274986,0.8051774832160016,0.7974645258068033,0.760070678030022,0.9229160666068514,0.7862037824202219,0.6637095114895813,0.8010344641410139,0.755671073671904,0.7985317440495068,0.8021902413111534,0.7684435154306737,0.7654498408203696,0.7667573982465702,0.7919648866535179,0.7918770870233431,0.762058426670556,0.7842429035108722
0.7852342923628384,0.8104131542006947,0.7661315435370477,0.7668359315467954,0.7807552681428875,0.8168927456945212,0.8092291927842665,0.7742136343554162,0.7866256637557099,0.7644637027019127,0.823078763782241,0.7763268507970926,0.8283552448351672,0.769202366439697,0.7668525391313754,0.8050208270476188,0.7819468784572436,0.8465365949755665,0.8058792050159016,0.8148300782375513,1.0,0.829880422418215,0.8525106775577939,0.7926927032153742,0.7826417465902324,0.8026690682508917,0.8389782600028288,0.7730215893102811,0.7798157067027562,0.7835970439402999,0.7585435635076418,0.8208804048976889,0.04974164080464116,0.8395350611678989,0.8090256965687433,0.7670571427335675,0.799322127379265,0.8198668072299025,0.6593968494315301,0.8400566545253871,0.7643405001400241,0.8112642447320499,0.8346178337301591,0.7759795200848068,0.7744253785156885,0.7755922135306672,0.8161235558703197,0.815759896020666,0.7662309335662285,0.7838207658748567
0.7762063297348546,0.800829473413923,0.7519188524162519,0.7567940288162976,0.7722935312044312,0.8017424714256589,0.7969777016199029,0.7678593584018937,0.7750259634197322,0.7658240754586777,0.8275698391211633,0.771182193489657,0.8492485953890822,0.7672569855822208,0.7609507139676821,0.8019914196621468,0.7778621403242914,0.8352073023786908,0.8361511767199821,0.7990654194658386,0.829880422418215,1.0,0.8800236807901484,0.7897344711163864,0.7789447073057838,0.7918440851002488,0.8326162340364737,0.7662826510027418,0.7716658473950635,0.7723707355298824,0.7518888253766116,0.8255406004140626,0.048228141045138506,0.8491274136996653,0.8017265267571512,0.7555410438363218,0.7875855835625193,0.8149884898158609,0.652569634899156,0.8258469960397641,0.7540147694465948,0.7982292095951836,0.829823295036177,0.7691634303562502,0.7675721645126065,0.7600751345282122,0.7919612337229652,0.792123193293931,0.7590987744140327,0.7745980273990943
0.7874419518329279,0.8154656297674971,0.764994626971292,0.777493725341537,0.7799532259430053,0.8205073237624672,0.8106882508208,0.7822998276246519,0.7903242163478569,0.7763436080689898,0.8301030059808475,0.7818607993651734,0.8427068787145576,0.7796130010013513,0.7756493225253214,0.8081873302278236,0.7950193244495243,0.8533015699759872,0.8067981245080833,0.8151357542366615,0.8525106775577939,0.8800236807901484,1.0,0.7942063695980053,0.7915730184639632,0.8007644831436467,0.8471433815049016,0.7804325098979191,0.7861534796510562,0.7837032474935243,0.7686622235376541,0.8280996370772541,0.05177254661680464,0.8654989615369361,0.8102559559018132,0.7692046311312603,0.8010700691163761,0.8293024202673058,0.6621504241556138,0.8382686086974409,0.7705144344173702,0.8153528512905321,0.8420081556559889,0.7837086961434048,0.782035295935627,0.7717407234045199,0.80653314344975,0.8066667850063085,0.7758471802073079,0.7887422658353053
0.7791498755384152,0.8218069405146107,0.7502118973162684,0.7497926971031391,0.7740508387159907,0.8319289429572374,0.7812504705245225,0.7654959956050404,0.7729724227866681,0.7619786029813873,0.7988159465285053,0.7636752341776457,0.8009267387406438,0.7475003837540577,0.7534751032257965,0.789347665236012,0.8106709440148773,0.7901842238661627,0.7685363527117435,0.7829389542053548,0.7926927032153742,0.7897344711163864,0.7942063695980053,1.0,0.815984904099292,0.817841063041941,0.796149298044496,0.7550412105427563,0.7668130125740902,0.7723520505310362,0.7416462705783526,0.8018206242397491,0.05744418969608134,0.7861965708913353,0.8299654171112197,0.7447150957275074,0.7783959769576195,0.7836935234165835,0.6516120145426019,0.7940996678364152,0.7524247687644079,0.8103597880264342,0.7927706521702469,0.757127904437672,0.761156703400824,0.7523481718089728,0.8051759692979611,0.8062958565593643,0.7519896243782247,0.7694312873672081
0.7676122946977635,0.8082242922970665,0.74189229907259,0.7563335558216385,0.7646309025410447,0.8186716972682826,0.7709787856592654,0.7610593326072376,0.759813049213565,0.7533392042601117,0.7816107335416663,0.7547719635357183,0.7807991424824252,0.7522703920556395,0.7523215606724408,0.7797706926376176,0.8077930553028021,0.7794394393709138,0.7591055622386074,0.7745442431475454,0.7826417465902324,0.7789447073057838,0.7915730184639632,0.815984904099292,1.0,0.8201705474711571,0.778474142906076,0.7491251460322915,0.7576646024892932,0.7570429987962487,0.739937836695942,0.8085513144473571,0.05419363494639251,0.7793738334150639,0.8235723357534491,0.7427523613112839,0.7714853275912039,0.7773224042012342,0.6509762735196063,0.7812725576984109,0.7498386626549595,0.7960184549031644,0.7792839714014947,0.7592053363685407,0.7609143020750995,0.747334016927377,0.7959333110268116,0.796368847263554,0.7489522691283002,0.758432323968662
0.7857267383007256,0.8148598532759701,0.7543115545005359,0.7641490422828002,0.7785961993889894,0.8224266787863657,0.77953346339912,0.7695331411948467,0.780322566279614,0.7702225422503219,0.8081006292721675,0.7666202823599725,0.8025106566981061,0.7625289790780146,0.7662563841857046,0.7879762045823822,0.8061724141827009,0.7968687966215134,0.764518293682793,0.7833049152798479,0.8026690682508917,0.7918440851002488,0.8007644831436467,0.817841063041941,0.8201705474711571,1.0,0.8023440386077811,0.7625002917562911,0.7710335433581266,0.7794041094102773,0.750255328160024,0.800762914324635,0.04590099095217992,0.795557068914281,0.818746995074649,0.7561828148087097,0.778034537131964,0.7960032991873955,0.6621967261594118,0.8079188228147038,0.7586725797597184,0.8154509017449182,0.798877222565894,0.768525404700135,0.76731347816102,0.7583023252486756,0.8146905545157536,0.8147982003335026,0.7628563392151617,0.7759980803728621
0.789867651655592,0.8211632341295108,0.7642886316891369,0.7709446294324508,0.7842603579015901,0.8153162265431299,0.795708413639151,0.779138215976424,0.7937956194833482,0.7778538604055397,0.8400558652243202,0.778283738254165,0.8404945333041701,0.7751769796799116,0.7722647546337891,0.7959093387554372,0.7872536636531948,0.8410519014239867,0.7973915580951174,0.8010547103322605,0.8389782600028288,0.8326162340364737,0.8471433815049016,0.796149298044496,0.778474142906076,0.8023440386077811,1.0,0.7763287988105109,0.7866896044631968,0.7875778863648147,0.76643391031372,0.8214301055985289,0.05667321006024639,0.8312284348658846,0.808170997230266,0.7672356330347411,0.786404888438207,0.8463654527709308,0.6554544375959895,0.8535689642073456,0.7687601612574428,0.8236584764717385,0.8710168895932839,0.7777144933799895,0.771692486419611,0.7729110691160235,0.8124548577231431,0.812519050864692,0.7725382368681842,0.7873064775209666
0.7785026937431285,0.7855322222008709,0.7656255455789001,0.8464853859284929,0.7354652686397178,0.778334761674881,0.7602043245536356,0.8832838303942575,0.770671585202243,0.8333477436566495,0.7730298628291804,0.8280505870452005,0.7739462912536983,0.8476790349333383,0.8318475584821254,0.7590203524806941,0.7540912643483243,0.7792394891298167,0.7422251527470551,0.7674087043254847,0.7730215893102811,0.7662826510027418,0.7804325098979191,0.7550412105427563,0.7491251460322915,0.7625002917562911,0.7763287988105109,1.0,0.7831971735895049,0.7681247105446429,0.8262937325927938,0.7677469304554505,0.05181757511195906,0.768823915970044,0.7616377525758977,0.8005483058612874,0.753892911106016,0.7720070488372621,0.6838466597281586,0.7738466117117077,0.828256111526001,0.7727270646377365,0.7750877858751393,0.9237802011013261,0.9052158525420811,0.772901522218884,0.7777789889629079,0.7771092165068421,0.8337663444425955,0.7842533124169868
0.7962889978794754,0.7924165979148633,0.7733967206424978,0.7729817175222026,0.7513634398700453,0.7887307553764569,0.7767632457908992,0.7852227046757672,0.7884963500482773,0.7828882827752354,0.7835660677328193,0.7797215357528272,0.7822446619478511,0.7832052394087446,0.7782217791423824,0.7820144888507546,0.7610032774572544,0.7847104264035469,0.7484686540039177,0.781059913800929,0.7798157067027562,0.7716658473950635,0.7861534796510562,0.7668130125740902,0.7576646024892932,0.7710335433581266,0.7866896044631968,0.7831971735895049,1.0,0.7909414547983329,0.7718054892332609,0.7721989901997711,0.052540802430721456,0.779743745519413,0.772732016469248,0.777080401823698,0.7710007243941505,0.7810278720516259,0.6657624795396502,0.7888408223844167,0.7672261054474717,0.7762095709872936,0.7887917879729787,0.7819749397156857,0.7794471835552135,0.7906611028653424,0.7764878493004744,0.7750482243032302,0.7793611270700538,0.8633227971684699
0.8181243501466614,0.7863884085138642,0.7785098786947997,0.7622534580548236,0.748602593160355,0.7836430368050527,0.777106462016562,0.7739055998970159,0.8259228305431531,0.7764449652765386,0.7838287247807192,0.7689531649046862,0.7870401098282602,0.7717751021646551,0.7702054533806333,0.7864808315540375,0.7595657832449125,0.7882458991100668,0.7473564164091515,0.7862067714144915,0.7835970439402999,0.7723707355298824,0.7837032474935243,0.7723520505310362,0.7570429987962487,0.7794041094102773,0.7875778863648147,0.7681247105446429,0.7909414547983329,1.0,0.7602586280270923,0.7728937073484132,0.055498096194990576,0.7745515461552213,0.7756773621295647,0.7612837483827356,0.7750043801808635,0.7715589451150189,0.658317145898494,0.7916924634732715,0.7634682011602311,0.7810239897498836,0.7915681211479367,0.769459015258288,0.7635669006848881,0.7894210605015463,0.7857423823004661,0.7851591530172503,0.7694417545210301,0.7980024404685409
0.7620438856829828,0.7660586438538375,0.7554060974146236,0.8261382567350403,0.7346913934893877,0.7645271986251307,0.7463197035090897,0.8263742137143404,0.7649496571502327,0.8430875127757166,0.7635673098843646,0.8024987354359155,0.7633323189214605,0.8238962383399157,0.8279572985597126,0.748329942309329,0.7461237146512807,0.7657034804127338,0.7290720851294115,0.752956697948155,0.7585435635076418,0.7518888253766116,0.7686622235376541,0.7416462705783526,0.739937836695942,0.750255328160024,0.76643391031372,0.8262937325927938,0.7718054892332609,0.7602586280270923,1.0,0.757445232709444,0.05610743592881873,0.7593897560642832,0.7460959641841813,0.7935756465088802,0.7436748921665939,0.7553274425834968,0.6842047463054353,0.763954560905548,0.8642417397697697,0.7614277066030521,0.7640650230464947,0.8290044760096378,0.8219849382055631,0.7634556558899195,0.7607409582911265,0.7600852418532233,0.8129664475286136,0.7718075296584125
0.7809223960220842,0.8025612916581446,0.756689614944928,0.7643850394326535,0.7864493051317822,0.8106094814923374,0.7979167971733159,0.7753072500049928,0.7785247561353473,0.7656587163130801,0.8166356537019108,0.7705725543903849,0.8298049592353072,0.767405982963257,0.7661499799856741,0.7999797520822279,0.8073016401968668,0.8174130395308977,0.806942521104899,0.80037344042676,0.8208804048976889,0.8255406004140626,0.8280996370772541,0.8018206242397491,0.8085513144473571,0.800762914324635,0.8214301055985289,0.7677469304554505,0.7721989901997711,0.7728937073484132,0.757445232709444,1.0,0.05306850274634023,0.8171125161356215,0.8021765456735606,0.7510733449153163,0.7970518496722474,0.8119740282394137,0.6597436489349777,0.8226937326137775,0.7565494658273683,0.8054863080760438,0.8269509072200419,0.7711504779768333,0.773605434209282,0.7598371725230978,0.8034068491721965,0.8043949764984815,0.7531034967290069,0.7733002226565912
0.05412888427437146,0.056141097487126146,0.05402816819845868,0.04909272439196255,0.04841151283585343,0.05189107164914819,0.05354416962897468,0.05469519393522082,0.04841179229341441,0.051596419174465225,0.049462675933224065,0.052897767993343,0.0538255306922335,0.049897903517582054,0.052499970494041426,0.05233928673436383,0.04868229519875489,0.049542906326670466,0.05616789150011858,0.051613619751274986,0.04974164080464116,0.048228141045138506,0.05177254661680464,0.05744418969608134,0.05419363494639251,0.04590099095217992,0.05667321006024639,0.05181757511195906,0.052540802430721456,0.055498096194990576,0.05610743592881873,0.05306850274634023,1.0,0.04673975417838072,0.05244146365176128,0.05302787213373206,0.05236769746870207,0.05504883985014408,0.04425573351808598,0.051844903096755046,0.05134735787567879,0.05131561206857327,0.04997456014590462,0.05406851813528102,0.05355840105933962,0.051415455295585,0.05650070950205843,0.05634411293018182,0.05132751241714706,0.05217112643688915
0.7886314821417831,0.8063775366633075,0.7576632590791539,0.7648720171496333,0.783786014388526,0.8205387942741019,0.8028487513519098,0.7766710990948763,0.7846610870918558,0.7674712703753657,0.8199336163496175,0.7796439846244803,0.8273072566677316,0.7693206004525858,0.7668288542068218,0.8018392330916946,0.7866331199658674,0.8321508670220616,0.7950919860902841,0.8051774832160016,0.8395350611678989,0.8491274136996653,0.8654989615369361,0.7861965708913353,0.7793738334150639,0.795557068914281,0.8312284348658846,0.768823915970044,0.779743745519413,0.7745515461552213,0.7593897560642832,0.8171125161356215,0.04673975417838072,1.0,0.801307331153702,0.7691809698976275,0.7936066579921792,0.819106741925709,0.6675839643585841,0.8316196189962963,0.7595585448260158,0.812744274869893,0.8344197791583823,0.7717721968313745,0.7720118395354023,0.7614898657563394,0.8013394692082793,0.8017403123471003,0.7624477131376973,0.7830354444893158
0.7819947576152733,0.8339655753143109,0.7507601108585549,0.7564763180017926,0.7653100343186883,0.8365914516746041,0.7966838920200726,0.771439140052168,0.7707781860542154,0.7616829646161636,0.8048591329654726,0.7686434410145204,0.8049139250365814,0.7576465447030254,0.7565148561847178,0.7972342502524286,0.7983682744667582,0.8055266316263299,0.7825364993128541,0.7974645258068033,0.8090256965687433,0.8017265267571512,0.8102559559018132,0.8299654171112197,0.8235723357534491,0.818746995074649,0.808170997230266,0.7616377525758977,0.772732016469248,0.7756773621295647,0.7460959641841813,0.8021765456735606,0.05244146365176128,0.801307331153702,1.0,0.7614938794132151,0.7850267955998853,0.7987000517621838,0.6611009537808966,0.8080327775866728,0.7521034273870117,0.8192127912271625,0.8103464467809491,0.7664339945623292,0.7676759928913871,0.7622305579219247,0.8135602303519096,0.8135829986777761,0.7571590839361301,0.7771147790222999
0.7662918320571743,0.7623962612356794,0.753576370416082,0.7972605642149774,0.72671905502354,0.772569413283888,0.7621265444237898,0.8041827128154059,0.7636701577017759,0.8036243199359969,0.7642169516198885,0.795996654938316,0.7589338100383269,0.7984341716324751,0.7961383646039842,0.7573488799914408,0.7450537320771731,0.7708946323354593,0.7390299727793137,0.760070678030022,0.7670571427335675,0.7555410438363218,0.7692046311312603,0.7447150957275074,0.7427523613112839,0.7561828148087097,0.7672356330347411,0.8005483058612874,0.777080401823698,0.7612837483827356,0.7935756465088802,0.7510733449153163,0.05302787213373206,0.7691809698976275,0.7614938794132151,1.0,0.7529829170573918,0.7545668360932681,0.6972866259541817,0.7640370277979835,0.792970158781275,0.7653684531923826,0.7677043707711372,0.8018605177861826,0.8044314644535238,0.7628657471578668,0.7593051822536212,0.758731659782876,0.7924600082665069,0.7756928454032966
0.7772768442042938,0.7863051964071474,0.754175219312985,0.7526741283535262,0.7521631588837526,0.7998518771447811,0.9164934311014066,0.7617185380313224,0.7772140070001116,0.7575742123423658,0.7811580409275669,0.7580438357662718,0.783586140547127,0.7575125643548886,0.7545255728594464,0.9004345036739996,0.7696052911103685,0.8056462251192629,0.7746129543399584,0.9229160666068514,0.799322127379265,0.7875855835625193,0.8010700691163761,0.7783959769576195,0.7714853275912039,0.778034537131964,0.786404888438207,0.753892911106016,0.7710007243941505,0.7750043801808635,0.7436748921665939,0.7970518496722474,0.05236769746870207,0.7936066579921792,0.7850267955998853,0.7529829170573918,1.0,0.7740655187923215,0.6583098453631033,0.7859555898037165,0.7482903116265962,0.7908859122515224,0.7908321467320263,0.7569555927901357,0.7557029287691992,0.7544498496986765,0.7777154884059904,0.7778321289026984,0.748906725214598,0.7723147770761611
0.7830495134470643,0.817858856012784,0.7608109851139929,0.7598658596780887,0.7855718804852354,0.810260238132928,0.7819421151253337,0.7761916625267153,0.7744834105436025,0.7668127198946966,0.8238985964104412,0.7730746524710468,0.8230508460553267,0.7652501818697931,0.7605463051498667,0.785913866973794,0.7782312295539074,0.8187335745744785,0.7807835465336433,0.7862037824202219,0.8198668072299025,0.8149884898158609,0.8293024202673058,0.7836935234165835,0.7773224042012342,0.7960032991873955,0.8463654527709308,0.7720070488372621,0.7810278720516259,0.7715589451150189,0.7553274425834968,0.8119740282394137,0.05504883985014408,0.819106741925709,0.7987000517621838,0.7545668360932681,0.7740655187923215,1.0,0.6551572048549605,0.8345584593337632,0.7536385279229924,0.8076725532300274,0.8558834742761632,0.775593546665418,0.7690529136389752,0.7641698149299666,0.81066828956001,0.810194340377988,0.7673627549669951,0.7804961689277907
0.6687863644371725,0.6571482776526409,0.6503260828248429,0.6826998975720645,0.6547373035777618,0.6714393717635215,0.6721641509455238,0.6923081762988534,0.6610183733035334,0.6936818167935273,0.6569845228568283,0.6830842923084971,0.6538370891139169,0.6895248993933364,0.6877891752269134,0.6554842069550704,0.6538596588332397,0.6617145355869315,0.6406366263849366,0.6637095114895813,0.6593968494315301,0.652569634899156,0.6621504241556138,0.6516120145426019,0.6509762735196063,0.6621967261594118,0.6554544375959895,0.6838466597281586,0.6657624795396502,0.658317145898494,0.6842047463054353,0.6597436489349777,0.04425573351808598,0.6675839643585841,0.6611009537808966,0.6972866259541817,0.6583098453631033,0.6551572048549605,1.0,0.6564042776240706,0.6874473345326154,0.6663189278026243,0.6580153323517455,0.6858876836628803,0.6924633078043219,0.6533457870773143,0.6642385158118128,0.664172166946277,0.6860077687119626,0.6663149478546165
