../ecoli_genomes/GCF_000163235.1_ASM16323v1_genomic.fna.gz,../ecoli_genomes/GCF_000164555.1_ASM16455v1_genomic.fna.gz,../ecoli_genomes/GCF_000208545.1_ASM20854v2_genomic.fna.gz,../ecoli_genomes/GCF_000233875.1_ASM23387v1_genomic.fna.gz,../ecoli_genomes/GCF_000249735.1_ASM24973v2_genomic.fna.gz,../ecoli_genomes/GCF_000261145.1_Esch_coli_M919_V2_genomic.fna.gz,../ecoli_genomes/GCF_000267705.2_ASM26770v2_genomic.fna.gz,../ecoli_genomes/GCF_000350665.1_Esch_coli_KTE5_V1_genomic.fna.gz,../ecoli_genomes/GCF_000351625.1_Esch_coli_KTE66_V1_genomic.fna.gz,../ecoli_genomes/GCF_000352285.1_Esch_coli_KTE46_V1_genomic.fna.gz,../ecoli_genomes/GCF_000358895.1_ASM35889v1_genomic.fna.gz,../ecoli_genomes/GCF_000456385.1_Esch_coli_HVH_26_4-5703913_V1_genomic.fna.gz,../ecoli_genomes/GCF_000458195.1_Esch_coli_HVH_147_4-5893887_V1_genomic.fna.gz,../ecoli_genomes/GCF_000459755.1_Esch_coli_KOEGE_58_171a_V1_genomic.fna.gz,../ecoli_genomes/GCF_000460055.1_Esch_coli_UMEA_3053-1_V1_genomic.fna.gz,../ecoli_genomes/GCF_000462165.2_ASM46216v2_genomic.fna.gz,../ecoli_genomes/GCF_000601135.1_ASM60113v1_genomic.fna.gz,../ecoli_genomes/GCF_000614595.1_Ec2010EL1058_genomic.fna.gz,../ecoli_genomes/GCF_000617745.1_Ec2010C-4529_genomic.fna.gz,../ecoli_genomes/GCF_000618265.2_EcF6751_genomic.fna.gz,../ecoli_genomes/GCF_000619005.2_Ec2009C-4052_genomic.fna.gz,../ecoli_genomes/GCF_000619105.1_Ec2009C-4780_genomic.fna.gz,../ecoli_genomes/GCF_000619765.2_Ec2009C-3279_genomic.fna.gz,../ecoli_genomes/GCF_000687005.1_ASM68700v1_genomic.fna.gz,../ecoli_genomes/GCF_000687025.1_ASM68702v1_genomic.fna.gz,../ecoli_genomes/GCF_000700125.1_ASM70012v1_genomic.fna.gz,../ecoli_genomes/GCF_000753315.1_FHI35_genomic.fna.gz,../ecoli_genomes/GCF_000776375.1_ASM77637v1_genomic.fna.gz,../ecoli_genomes/GCF_000779395.1_ASM77939v1_genomic.fna.gz,../ecoli_genomes/GCF_000780315.1_ASM78031v1_genomic.fna.gz,../ecoli_genomes/GCF_000781995.1_ASM78199v1_genomic.fna.gz,../ecoli_genomes/GCF_000986765.1_ASM98676v1_genomic.fna.gz,../ecoli_genomes/GCF_001041375.1_ViralProj287958_genomic.fna.gz,../ecoli_genomes/GCF_001265335.1_302014_genomic.fna.gz,../ecoli_genomes/GCF_001265625.1_100854_genomic.fna.gz,../ecoli_genomes/GCF_001267345.1_303289_genomic.fna.gz,../ecoli_genomes/GCF_001309985.1_ASM130998v1_genomic.fna.gz,../ecoli_genomes/GCF_001521695.1_ASM152169v1_genomic.fna.gz,../ecoli_genomes/GCF_001592595.1_ASM159259v1_genomic.fna.gz,../ecoli_genomes/GCF_001614975.1_ASM161497v1_genomic.fna.gz,../ecoli_genomes/GCF_001692775.1_ASM169277v1_genomic.fna.gz,../ecoli_genomes/GCF_001748915.1_ASM174891v1_genomic.fna.gz,../ecoli_genomes/GCF_001749235.1_ASM174923v1_genomic.fna.gz,../ecoli_genomes/GCF_001881155.1_ASM188115v1_genomic.fna.gz,../ecoli_genomes/GCF_001881345.1_ASM188134v1_genomic.fna.gz,../ecoli_genomes/GCF_001892405.1_ASM189240v1_genomic.fna.gz,../ecoli_genomes/GCF_001892585.1_ASM189258v1_genomic.fna.gz,../ecoli_genomes/GCF_001893985.1_ASM189398v1_genomic.fna.gz,../ecoli_genomes/GCF_002001595.1_ASM200159v1_genomic.fna.gz,../ecoli_genomes/GCF_002002145.1_ASM200214v1_genomic.fna.gz
1.0,0.8191882845224883,0.7907519265991316,0.795180099236791,0.794235598365646,0.781200191388628,0.8049679799592524,0.8011072889076067,0.774599776650265,0.8041382269369759,0.8069967155369568,0.7992722907963742,0.8086746624217098,0.7970606881175234,0.7941638731615168,0.8076185004224617,0.744433862803767,0.819519890475125,0.7712065178300211,0.8102789332204781,0.7920112127688524,0.7842170115156555,0.8122678153766281,0.735913971281553,0.753071067808496,0.7277475309001747,0.8127406931401002,0.7992911923422845,0.7659303291378884,0.7620486046633415,0.7897660094576068,0.8025480417551385,0.10519821437334509,0.8079478280308497,0.7824014422400942,0.7664833212482591,0.7937425568230759,0.8096235451383521,0.6785303667942307,0.8175983042535251,0.7882534282928938,0.7806454629743602,0.8143306367016435,0.8090946290910752,0.8089836905589012,0.7590991715404631,0.8033746164168216,0.8008691505680877,0.7894480074968953,0.7764639510467826
0.8191882845224883,1.0,0.7878621255981938,0.8144810944043192,0.8178156315577133,0.8409551060963029,0.8190318292387092,0.8020847657768242,0.7342115574572746,0.8164256486147304,0.8445792726993028,0.8088373612623758,0.8244258128391759,0.8075794783776309,0.7997692136244968,0.8244651459615291,0.7822062289027599,0.8390812234495626,0.7834341199680677,0.8244330112232735,0.8102720229151967,0.7944948860609271,0.8234831743215669,0.7887653552531695,0.7967992405232325,0.7667498459121541,0.8363773846511224,0.8001807046051109,0.7440338531744721,0.7198597747227957,0.8021834407759718,0.81163074922709,0.110055581815653,0.8203231107571306,0.8465280980754117,0.7601265331915437,0.806917382983976,0.8305250016560864,0.663174583382369,0.8313493886930182,0.8107551665488079,0.8256286988497649,0.8354319963801963,0.8172908695804613,0.813692010973168,0.728518040130238,0.8503389171971578,0.8477434473036715,0.7907955675769326,0.7476764231056269
0.7907519265991316,0.7878621255981938,1.0,0.7702390779981076,0.7607631066967522,0.7470475074650511,0.7796067956097387,0.7726951732774536,0.7587694968364296,0.7741761431641792,0.7784744680476448,0.7668595642746477,0.7828833387853464,0.7700174839864773,0.7700832917701574,0.7839159768266434,0.6993235461161014,0.7924488437959283,0.7494019239480059,0.7870605652174545,0.7735882720313496,0.7629573448220943,0.784632251195966,0.6939673243439279,0.7112295759132156,0.6849907429055351,0.788933178657262,0.7761904250301138,0.757740050269384,0.7422770937718506,0.7645217287446501,0.7736654561832068,0.0934925680656129,0.7821945760964881,0.7424565846734505,0.7528949433606766,0.7716882709443948,0.7766555044129871,0.6418611329405424,0.7836853261033785,0.7577976302414198,0.7448141052738323,0.7894490426538805,0.7802439776835572,0.7749225454556881,0.7464798412470515,0.7609345647989132,0.758161687354285,0.7725648785658046,0.7663976823210079
0.795180099236791,0.8144810944043192,0.7702390779981076,1.0,0.786637960279372,0.7964463646028594,0.7943865976843785,0.8477630351412011,0.7198787916984122,0.8697786256041384,0.8080927405637784,0.8533526771785847,0.7911764262904686,0.8765766130686325,0.8778461713075486,0.7967026918109051,0.7467746325720168,0.7952419344306576,0.7516176092465301,0.7969137586314374,0.769586092579401,0.7631584588528454,0.7873072230307383,0.7539696161236882,0.7544650130802354,0.7356119255667035,0.8013036703872736,0.8504768887980656,0.7375929753860763,0.7052270701143325,0.8554658185798223,0.7779581533123245,0.10686375461717468,0.7816282311870104,0.7908650238620145,0.780060815480463,0.7799490799948983,0.7905444408469949,0.6833336524009155,0.790391758175353,0.869935729589957,0.7765944214213606,0.7975927726672107,0.8626855258674151,0.855381988535126,0.7297106463398357,0.8014363493411556,0.799610029481236,0.8213277936329334,0.7427149768579933
0.794235598365646,0.8178156315577133,0.7607631066967522,0.786637960279372,1.0,0.8059806651992684,0.7945153463857149,0.7811051385914398,0.7294874796546553,0.7927091001132521,0.8367601781821543,0.7838312270333019,0.818481267443813,0.7782969912535942,0.785599838427647,0.8013692433502444,0.7630960753287385,0.8159362811054364,0.7679110782438235,0.799002497412259,0.7970626235543887,0.7863532693968286,0.8106549192659835,0.7630421682797419,0.7704392592362981,0.7448215042905044,0.8193603750316915,0.7700098178757899,0.7325783495567422,0.7150807635634726,0.7777825900590319,0.8109870550322829,0.10590096280045669,0.8105274333057039,0.7971978616666913,0.7429801376638827,0.7859089851768453,0.8292301829294132,0.6582373706241273,0.8235943915473513,0.7846684503978325,0.7916043638884995,0.8262105709932346,0.786747691532804,0.7885119848311238,0.7192495253532663,0.8172386281075996,0.8163862430165176,0.7639121509835375,0.7346147257139372
0.781200191388628,0.8409551060963029,0.7470475074650511,0.7964463646028594,0.8059806651992684,1.0,0.7948094589426118,0.7710962278800799,0.6761662041181253,0.7929149326939562,0.8294288870159146,0.783059426897762,0.7933044287469828,0.78089738101649,0.7776988605839688,0.7960590218017399,0.8037695164654363,0.802935159367738,0.7627625396134502,0.7927246451983322,0.7693051606769972,0.7829156696553985,0.7827893284365552,0.8248678293732962,0.8210801114081313,0.7837537690439877,0.8020414727565607,0.7577160079983535,0.6957206662762899,0.6633315154047538,0.7801250382054741,0.7846581473321865,0.1096132891588878,0.7828341632928596,0.866006493652456,0.725458646869207,0.7774387889939564,0.8072614809406493,0.6558647749129545,0.802525898929044,0.8006848915374822,0.8225738545133194,0.7976432946971416,0.7824055285763052,0.7787317194038447,0.6832335980810742,0.847728982800433,0.848361755627681,0.7421078992078559,0.6990022894302399
0.8049679799592524,0.8190318292387092,0.7796067956097387,0.7943865976843785,0.7945153463857149,0.7948094589426118,1.0,0.7882605408039606,0.7438658571979544,0.7907825641133905,0.8140518139480495,0.7855809067792201,0.805515207840095,0.7895491521985736,0.7877272125356032,0.9174415206500145,0.7397808599615463,0.8324207329968665,0.7883781256772288,0.9466836861144567,0.8282732755027089,0.8047384405443787,0.8335181068250349,0.7388419165169128,0.7503255683679256,0.727678913437033,0.8206830429784292,0.7872373415800847,0.7457099108184755,0.7296289690665689,0.7830788666736663,0.7972018808238087,0.10160409041670337,0.8147461644284028,0.7917259917869333,0.7593729479184257,0.9163478897224744,0.8108737603086731,0.6583918012738368,0.8135097476271373,0.781987998100568,0.7757619094794723,0.820841169944369,0.7958063090368648,0.7924841964017363,0.7388615791785653,0.8003076219244246,0.797818156552873,0.770827395019258,0.7550354176859188
0.8011072889076067,0.8020847657768242,0.7726951732774536,0.8477630351412011,0.7811051385914398,0.7710962278800799,0.7882605408039606,1.0,0.751904745610843,0.8500450489884678,0.7906794712132807,0.8454515478859621,0.7972762708044167,0.8520852389857938,0.8463869322230653,0.7882564450413774,0.7249896033522318,0.802026988343265,0.7643099415408878,0.792889856799518,0.776796368670877,0.771496795880128,0.7967793818790042,0.7220926667640251,0.7351983477125037,0.7085186630832252,0.8072916900925717,0.9018704648195734,0.7674693455059807,0.7422380856307004,0.8356187393571567,0.7882791328200822,0.10082171871893497,0.7971052222372716,0.7649461267279649,0.7966960436511917,0.7780986354988534,0.8010843788217739,0.688561408813341,0.8005144404387533,0.8317829067530996,0.7508067617919892,0.799406841643624,0.9070143988142743,0.8980926356509478,0.7630984249913662,0.7800702726880171,0.7780943208334673,0.8353714272947569,0.7717742906511524
0.774599776650265,0.7342115574572746,0.7587694968364296,0.7198787916984122,0.7294874796546553,0.6761662041181253,0.7438658571979544,0.751904745610843,1.0,0.7302784579921512,0.7303818428173893,0.722979659977649,0.7587900906724419,0.7322836505689689,0.7404727127973865,0.7490023558996527,0.6338498214931947,0.7607986003582107,0.7286874547266509,0.7540059650067871,0.746775136454743,0.7442347516875271,0.7710418012865936,0.6235553432807484,0.6470332330418651,0.6181357229275106,0.7594886676443675,0.7600898414592197,0.7924205426303911,0.8180657590322751,0.7254322611751011,0.7530093732733909,0.09214898375894176,0.7652446519588608,0.6709299210095442,0.7498149323738988,0.7432725748259728,0.740930545372276,0.6237615089026739,0.7578138833714284,0.7007208682414348,0.6781942128835902,0.7650358622766564,0.7493505810431751,0.7474567995391864,0.7793116180453592,0.699898025059482,0.6964507177653945,0.7625532015285025,0.8037737066795432
0.8041382269369759,0.8164256486147304,0.7741761431641792,0.8697786256041384,0.7927091001132521,0.7929149326939562,0.7907825641133905,0.8500450489884678,0.7302784579921512,1.0,0.8166933352188817,0.8438728959478843,0.8039767442456456,0.8628749600268969,0.8593020969540308,0.793234455854126,0.7414982462173164,0.8029109866421213,0.7593638905189244,0.7936450470181557,0.7735550279358314,0.7675656960521948,0.7864392921653476,0.7484562889378146,0.7516237100589451,0.7294240269801104,0.8101247102894041,0.8513470813361675,0.7451712910587232,0.7170706738057357,0.8615048983129722,0.7765240702580076,0.10187126746652198,0.7881997669702764,0.7886523908054425,0.7874663449110603,0.7769561419022636,0.7990941140372172,0.683810959576621,0.8013315344401492,0.8674617163731373,0.7762141328049723,0.8019548924762764,0.861440592997547,0.8609022107831981,0.7346301213028205,0.8021553649998625,0.7994156680304009,0.8339516925626785,0.7480969215164743
0.8069967155369568,0.8445792726993028,0.7784744680476448,0.8080927405637784,0.8367601781821543,0.8294288870159146,0.8140518139480495,0.7906794712132807,0.7303818428173893,0.8166933352188817,1.0,0.7930823465998618,0.8469112805565717,0.7986698206607403,0.7973926777326709,0.8183855518652892,0.7637297593235586,0.8453845743281152,0.7858282616624161,0.8170810416264336,0.8111831639831614,0.8113234856615634,0.8308285491032072,0.7749617770178043,0.769888641804027,0.7520642460404203,0.8500544924659438,0.7886538730739379,0.7371832075555109,0.7131164768781387,0.7934870063739392,0.8081600225849985,0.10481841973984463,0.8242715790336549,0.8269017599697003,0.7534741347930837,0.7981119410209503,0.8399302396134412,0.653175467317582,0.8492421951686795,0.800912660742167,0.8163839083789269,0.84861033331632,0.8008710263344597,0.7985049495535506,0.7154972234131163,0.8375840978203151,0.8345199671492771,0.775656287231948,0.740157069883361
0.7992722907963742,0.8088373612623758,0.7668595642746477,0.8533526771785847,0.7838312270333019,0.783059426897762,0.7855809067792201,0.8454515478859621,0.722979659977649,0.8438728959478843,0.7930823465998618,1.0,0.7878661227196965,0.8423170867799297,0.8654282024648116,0.7874257345249628,0.7500337174243137,0.7895219672230764,0.7519228131163624,0.7894284527198492,0.7660798233460828,0.7633725617839888,0.784987123411864,0.7505727957819783,0.7590316082908148,0.7401560085771266,0.800196775638177,0.8378082368809807,0.749964646368257,0.7167751034726553,0.8300094524321038,0.782941013412269,0.10373176702226605,0.7893040288673638,0.7836392899336659,0.7777771024761277,0.7714407481698711,0.7959425637149585,0.6992516203574894,0.7985838409482305,0.833133765459363,0.75782541883139,0.7950464360995082,0.8511740041612919,0.8470958815672747,0.7461782942074875,0.79981538905607,0.7981678327261341,0.8179480389014044,0.7513888879284032
0.8086746624217098,0.8244258128391759,0.7828833387853464,0.7911764262904686,0.818481267443813,0.7933044287469828,0.805515207840095,0.7972762708044167,0.7587900906724419,0.8039767442456456,0.8469112805565717,0.7878661227196965,1.0,0.7871676156544428,0.7923967734676411,0.8131284183860887,0.7378743320860934,0.846147724541728,0.8344037431785262,0.8141565327562305,0.824138769977803,0.8369726996150362,0.8552025257033141,0.7388817883751831,0.7429517699812624,0.719171176891982,0.8653278967678603,0.7935766437924201,0.7619964336405914,0.746013490310625,0.7896221267704681,0.8382854772274877,0.09626911591605403,0.8513054639544602,0.7893835595357613,0.7618415447565917,0.7981631544407508,0.8385657693959161,0.6498575792328505,0.8582820737552456,0.7840062297921776,0.7877621480395931,0.8622300670318124,0.7995429031680228,0.7958114472352892,0.7417886730450427,0.8085609059113841,0.8052634568990603,0.7841982509876446,0.7679308981242325
0.7970606881175234,0.8075794783776309,0.7700174839864773,0.8765766130686325,0.7782969912535942,0.78089738101649,0.7895491521985736,0.8520852389857938,0.7322836505689689,0.8628749600268969,0.7986698206607403,0.8423170867799297,0.7871676156544428,1.0,0.8752012209409853,0.7902274777312276,0.7287496808706186,0.7976521560140074,0.7533116955403302,0.792727021147841,0.7687877056075388,0.760793329087542,0.785007258137748,0.730680187797943,0.7365120407575632,0.7156115749171943,0.8006881089227929,0.8589860635882239,0.7524290013257777,0.7191967982635127,0.8551484332574585,0.7730988989346826,0.10469220958014258,0.7830546913811871,0.7728370346787128,0.7930584555353596,0.7746885151085512,0.7878920022801376,0.6854563758724295,0.7916696910170757,0.8574961339168901,0.7586726284844639,0.7926347875746346,0.8608865407612042,0.8559039001098363,0.7412147599193073,0.7902573026483101,0.7879731260723952,0.833059563820623,0.7513610092126516
0.7941638731615168,0.7997692136244968,0.7700832917701574,0.8778461713075486,0.785599838427647,0.7776988605839688,0.7877272125356032,0.8463869322230653,0.7404727127973865,0.8593020969540308,0.7973926777326709,0.8654282024648116,0.7923967734676411,0.8752012209409853,1.0,0.7893470551566023,0.7301784313654103,0.7931978646851353,0.7529937505824057,0.7916600767009885,0.7712585146541823,0.7649478000093763,0.788529262173042,0.7313836509309478,0.7365288371558337,0.7165118792441981,0.8030719868576838,0.8488363193031574,0.7579299858875772,0.7261850889094101,0.8563552638024972,0.7799076859332198,0.10615155511604812,0.7877932027850465,0.7702414646387761,0.793563129022022,0.7754816217287224,0.7911150531812212,0.682880257860367,0.7926716986886173,0.8516216530207403,0.7543429754498294,0.7971932098324543,0.8533209051138289,0.8497235212242833,0.7499960861284011,0.7890701691640447,0.7863000311931615,0.8275302200745418,0.7641889392108382
0.8076185004224617,0.8244651459615291,0.7839159768266434,0.7967026918109051,0.8013692433502444,0.7960590218017399,0.9174415206500145,0.7882564450413774,0.7490023558996527,0.793234455854126,0.8183855518652892,0.7874257345249628,0.8131284183860887,0.7902274777312276,0.7893470551566023,1.0,0.7465504250441519,0.8313083598937402,0.7889242370765066,0.9257111404844139,0.8195420813768804,0.7995719733549266,0.8278287865939349,0.7472614136143247,0.757797423130642,0.7349339046521066,0.823042481429602,0.7870153007229451,0.7497831484992348,0.7362608804785197,0.78652942137878,0.7958344950255234,0.1032866716550015,0.8154541426805062,0.7962260529588364,0.761492731428779,0.9108256365602204,0.8149019916616999,0.6609485488633497,0.8176323357971114,0.7865960363435442,0.7764654582768584,0.8223405207219238,0.7971368277780768,0.7931395278150962,0.739522836312934,0.8044787565459167,0.8019838988676682,0.7760840974576149,0.7582540811108486
0.744433862803767,0.7822062289027599,0.6993235461161014,0.7467746325720168,0.7630960753287385,0.8037695164654363,0.7397808599615463,0.7249896033522318,0.6338498214931947,0.7414982462173164,0.7637297593235586,0.7500337174243137,0.7378743320860934,0.7287496808706186,0.7301784313654103,0.7465504250441519,1.0,0.7457509935238344,0.7067628372825968,0.7393818127822653,0.7238907472553808,0.7151152652916861,0.7330198419248413,0.8561022170674295,0.8518854088307601,0.8637956758200579,0.7454744973750262,0.7062518277310411,0.6441157868240646,0.6188481916913919,0.7317733945166378,0.7553511096740191,0.10749410213607824,0.7380998892645698,0.8226083784177203,0.6762043590188942,0.7304673647221074,0.7624734850851763,0.684096122357241,0.759863063650205,0.753671182421016,0.7755381654747882,0.7420545954912268,0.7393723738342474,0.741020812347891,0.6425590751757684,0.8226456349266691,0.8277627843194059,0.6912667921076074,0.6532273450830621
0.819519890475125,0.8390812234495626,0.7924488437959283,0.7952419344306576,0.8159362811054364,0.802935159367738,0.8324207329968665,0.802026988343265,0.7607986003582107,0.8029109866421213,0.8453845743281152,0.7895219672230764,0.846147724541728,0.7976521560140074,0.7931978646851353,0.8313083598937402,0.7457509935238344,1.0,0.8201915863236192,0.8390704396300005,0.848720870158562,0.831925272170043,0.8633601630713176,0.7386578524627413,0.7536868255850909,0.7285317786889758,0.8607394416492365,0.8021213552830649,0.7721152215852336,0.7496441541363763,0.7907299063060003,0.8295419794579695,0.10211305475622823,0.847617534918696,0.799336199281679,0.7773701593611555,0.822036105001757,0.8338227022737688,0.6644569131136653,0.8548525212764172,0.7860986370328634,0.7902762156689263,0.854197340042695,0.8073072962547918,0.8031836368590495,0.7532495634632517,0.8151315165158806,0.8122141157156421,0.787479788598401,0.7794239320604492
0.7712065178300211,0.7834341199680677,0.7494019239480059,0.7516176092465301,0.7679110782438235,0.7627625396134502,0.7883781256772288,0.7643099415408878,0.7286874547266509,0.7593638905189244,0.7858282616624161,0.7519228131163624,0.8344037431785262,0.7533116955403302,0.7529937505824057,0.7889242370765066,0.7067628372825968,0.8201915863236192,1.0,0.790199985383161,0.8011961168989505,0.8277078739241754,0.8178225008709494,0.7031196636929763,0.7163269659411603,0.686632706447432,0.8068556473272919,0.760190112111173,0.7394071122728287,0.7207116479738864,0.7466467325822193,0.8131933993411389,0.09897635164184271,0.8034471459728002,0.7572300304892844,0.7392034923110533,0.7806507322739518,0.7888374693984168,0.6366150575980015,0.803950201213261,0.7431924166012156,0.7444440706950971,0.8072350900194842,0.7660272718401467,0.7624307212755068,0.7232453360820867,0.7648646359600533,0.762602977774552,0.7495479681448947,0.7440345229311031
0.8102789332204781,0.8244330112232735,0.7870605652174545,0.7969137586314374,0.799002497412259,0.7927246451983322,0.9466836861144567,0.792889856799518,0.7540059650067871,0.7936450470181557,0.8170810416264336,0.7894284527198492,0.8141565327562305,0.792727021147841,0.7916600767009885,0.9257111404844139,0.7393818127822653,0.8390704396300005,0.790199985383161,1.0,0.8252886056134286,0.8038243136188934,0.836613144496605,0.7387562138236092,0.7507276541849914,0.7251954931966057,0.8276131771735701,0.7928645094842366,0.7557145575330196,0.7417821136094611,0.7873452204190293,0.8017152190651917,0.1024512868928209,0.8226550865099782,0.7923886340632534,0.767610204719763,0.927404866982313,0.8143745598404573,0.6605926496828641,0.8215087832318831,0.7842478800198242,0.7768269854839315,0.8271422837039278,0.8005758350626639,0.7958706836507763,0.7470463757045565,0.8026528318260292,0.8000167135609721,0.779993681789141,0.7648899557995731
0.7920112127688524,0.8102720229151967,0.7735882720313496,0.769586092579401,0.7970626235543887,0.7693051606769972,0.8282732755027089,0.776796368670877,0.746775136454743,0.7735550279358314,0.8111831639831614,0.7660798233460828,0.824138769977803,0.7687877056075388,0.7712585146541823,0.8195420813768804,0.7238907472553808,0.848720870158562,0.8011961168989505,0.8252886056134286,1.0,0.823231547353497,0.8570805974521669,0.7149491468258785,0.7297421104765357,0.7146119153866484,0.8354513986962468,0.7769865298038134,0.7497316096868749,0.7356920354793461,0.7658206279520625,0.813718150290887,0.10003468688609685,0.8323075734788096,0.7688741599202511,0.7553454466103116,0.8129838206256913,0.8206951110534648,0.6457634064366558,0.8292996281984704,0.7594802985583394,0.7563762436190022,0.8345811899412403,0.7790110060887269,0.7768784824947366,0.746206111806087,0.7913831823527953,0.7879991843270517,0.7634250231455924,0.7606915980619078
0.7842170115156555,0.7944948860609271,0.7629573448220943,0.7631584588528454,0.7863532693968286,0.7829156696553985,0.8047384405443787,0.771496795880128,0.7442347516875271,0.7675656960521948,0.8113234856615634,0.7633725617839888,0.8369726996150362,0.760793329087542,0.7649478000093763,0.7995719733549266,0.7151152652916861,0.831925272170043,0.8277078739241754,0.8038243136188934,0.823231547353497,1.0,0.8697331786831332,0.7117444040540322,0.7319822708279596,0.6976787590745319,0.8269863261796323,0.7715733898119905,0.7428239409963832,0.7309282191532238,0.755289481983921,0.8240758500801071,0.10034539970708412,0.8454141526852046,0.7616514607507359,0.7466115399592211,0.7897094862215263,0.8167933441551483,0.6398733109242205,0.827535330177111,0.7493530564177252,0.7572269136133953,0.8291473074296998,0.7751011363476696,0.7716855228807212,0.7376825263506501,0.7768159613915486,0.7736422305111202,0.7587489773136896,0.7539494068276226
0.8122678153766281,0.8234831743215669,0.784632251195966,0.7873072230307383,0.8106549192659835,0.7827893284365552,0.8335181068250349,0.7967793818790042,0.7710418012865936,0.7864392921653476,0.8308285491032072,0.784987123411864,0.8552025257033141,0.785007258137748,0.788529262173042,0.8278287865939349,0.7330198419248413,0.8633601630713176,0.8178225008709494,0.836613144496605,0.8570805974521669,0.8697331786831332,1.0,0.7238848474834105,0.7407116071175217,0.7163960131731442,0.859056607859223,0.796282532361074,0.7689586699590844,0.7537351914458924,0.7773850736288022,0.8411171316284964,0.09836855218362162,0.8812439368485436,0.7790209658662987,0.7709807319128786,0.8195105062808735,0.8378122209217196,0.6589145152065681,0.8487948291586099,0.7688181411218077,0.7777014406159237,0.8568822851581185,0.7994012329087441,0.7948424524353915,0.7581238561565682,0.800512713007236,0.7976628383726165,0.7814168929252823,0.780757898452991
0.735913971281553,0.7887653552531695,0.6939673243439279,0.7539696161236882,0.7630421682797419,0.8248678293732962,0.7388419165169128,0.7220926667640251,0.6235553432807484,0.7484562889378146,0.7749617770178043,0.7505727957819783,0.7388817883751831,0.730680187797943,0.7313836509309478,0.7472614136143247,0.8561022170674295,0.7386578524627413,0.7031196636929763,0.7387562138236092,0.7149491468258785,0.7117444040540322,0.7238848474834105,1.0,0.8497984403041796,0.8338424729111249,0.7444976078133824,0.7023387235150358,0.6337331422200931,0.6097120413902563,0.7355567863563379,0.7348025411284521,0.10624595790721136,0.728758978875979,0.8437654186004397,0.6691055625568368,0.7262808302731115,0.7538365573172929,0.6489982910584214,0.74758833325318,0.7610961520374983,0.787253247430143,0.7392811931227229,0.7374199557655419,0.7376557424773167,0.6273566496844444,0.815181026905242,0.8195950961158347,0.6896731966376721,0.6398432198437345
0.753071067808496,0.7967992405232325,0.7112295759132156,0.7544650130802354,0.7704392592362981,0.8210801114081313,0.7503255683679256,0.7351983477125037,0.6470332330418651,0.7516237100589451,0.769888641804027,0.7590316082908148,0.7429517699812624,0.7365120407575632,0.7365288371558337,0.757797423130642,0.8518854088307601,0.7536868255850909,0.7163269659411603,0.7507276541849914,0.7297421104765357,0.7319822708279596,0.7407116071175217,0.8497984403041796,1.0,0.8507384264705917,0.7545385919688968,0.7173727038135944,0.6559490766094359,0.6353095234672126,0.7336028319380631,0.7645989628830498,0.1066439476482538,0.7451409772316411,0.8343716701378543,0.6844243563471234,0.7414513063270529,0.7758988683505336,0.6838080211953137,0.7683378839573901,0.7564439879184374,0.7724858240798329,0.7504482201525127,0.753598303634592,0.752149022479678,0.6596899841932091,0.8186993935711002,0.8235991835415305,0.7085131619782417,0.6642627070180173
0.7277475309001747,0.7667498459121541,0.6849907429055351,0.7356119255667035,0.7448215042905044,0.7837537690439877,0.727678913437033,0.7085186630832252,0.6181357229275106,0.7294240269801104,0.7520642460404203,0.7401560085771266,0.719171176891982,0.7156115749171943,0.7165118792441981,0.7349339046521066,0.8637956758200579,0.7285317786889758,0.686632706447432,0.7251954931966057,0.7146119153866484,0.6976787590745319,0.7163960131731442,0.8338424729111249,0.8507384264705917,1.0,0.7292671647711768,0.692386422596349,0.6256779936290349,0.6024679482012987,0.7160136431769604,0.7303034420109927,0.10649164868916117,0.7168252711507912,0.8086060860143227,0.6603377820609307,0.7146993640468855,0.7533417774454809,0.6929717212311146,0.7459069234998643,0.7399705673793693,0.7596007056220897,0.72329829302622,0.7265839656468689,0.7263996461900766,0.6279630566352071,0.8076516529794218,0.8125655303455709,0.681747022868906,0.6372753915921017
0.8127406931401002,0.8363773846511224,0.788933178657262,0.8013036703872736,0.8193603750316915,0.8020414727565607,0.8206830429784292,0.8072916900925717,0.7594886676443675,0.8101247102894041,0.8500544924659438,0.800196775638177,0.8653278967678603,0.8006881089227929,0.8030719868576838,0.823042481429602,0.7454744973750262,0.8607394416492365,0.8068556473272919,0.8276131771735701,0.8354513986962468,0.8269863261796323,0.859056607859223,0.7444976078133824,0.7545385919688968,0.7292671647711768,1.0,0.8033654760288165,0.7681108377017851,0.7467426837630564,0.796113301029721,0.8346375618895873,0.10169050721910544,0.8510326849246906,0.7971681622821861,0.7715012142158819,0.809273397385851,0.8629672871409378,0.6583440460342596,0.8663342028842036,0.7931679978585799,0.7846735391839339,0.8832195807226347,0.8125669061073211,0.8065358755610224,0.755484393472688,0.8178797281511092,0.8145297546724388,0.7959113823263411,0.7699182786458952
0.7992911923422845,0.8001807046051109,0.7761904250301138,0.8504768887980656,0.7700098178757899,0.7577160079983535,0.7872373415800847,0.9018704648195734,0.7600898414592197,0.8513470813361675,0.7886538730739379,0.8378082368809807,0.7935766437924201,0.8589860635882239,0.8488363193031574,0.7870153007229451,0.7062518277310411,0.8021213552830649,0.760190112111173,0.7928645094842366,0.7769865298038134,0.7715733898119905,0.796282532361074,0.7023387235150358,0.7173727038135944,0.692386422596349,0.8033654760288165,1.0,0.7789437345378672,0.7506060644234944,0.8365723447651007,0.7820201281144439,0.09882882857814068,0.7941458723068537,0.7516140201788406,0.8029548593389177,0.7760466774097319,0.7925626350853221,0.6855265126181435,0.7966405322012139,0.8262014112061626,0.7427522174791208,0.7989687560053959,0.9272837704300925,0.9100914298235562,0.7653025858721046,0.7722542214912764,0.769117751528102,0.8493249976790436,0.7764795532442965
0.7659303291378884,0.7440338531744721,0.757740050269384,0.7375929753860763,0.7325783495567422,0.6957206662762899,0.7457099108184755,0.7674693455059807,0.7924205426303911,0.7451712910587232,0.7371832075555109,0.749964646368257,0.7619964336405914,0.7524290013257777,0.7579299858875772,0.7497831484992348,0.6441157868240646,0.7721152215852336,0.7394071122728287,0.7557145575330196,0.7497316096868749,0.7428239409963832,0.7689586699590844,0.6337331422200931,0.6559490766094359,0.6256779936290349,0.7681108377017851,0.7789437345378672,1.0,0.7838293662430438,0.744331324403364,0.7592375538309936,0.09952685734177336,0.7704511152489943,0.6838985453656958,0.7633377992368725,0.7457462393526431,0.750335523157698,0.6338995353828933,0.7663823943405875,0.718455602328524,0.6786856571775868,0.7649577035959437,0.7640579879230718,0.7599330476454981,0.7964165550522,0.7117800999738801,0.7088853898571423,0.7824540457060188,0.8579988874842971
0.7620486046633415,0.7198597747227957,0.7422770937718506,0.7052270701143325,0.7150807635634726,0.6633315154047538,0.7296289690665689,0.7422380856307004,0.8180657590322751,0.7170706738057357,0.7131164768781387,0.7167751034726553,0.746013490310625,0.7191967982635127,0.7261850889094101,0.7362608804785197,0.6188481916913919,0.7496441541363763,0.7207116479738864,0.7417821136094611,0.7356920354793461,0.7309282191532238,0.7537351914458924,0.6097120413902563,0.6353095234672126,0.6024679482012987,0.7467426837630564,0.7506060644234944,0.7838293662430438,1.0,0.7137078208661349,0.7365048494732708,0.08948103942049146,0.7566979030799347,0.6599388577065843,0.740043622843229,0.7318813092422123,0.7280488118482933,0.6109367731114446,0.7487431317804542,0.6883051297352708,0.6581720303122629,0.7496324957789652,0.7376044828618209,0.7345088260479826,0.7751145128540966,0.6848679793036991,0.6819146620120867,0.7533942183392045,0.7926016518940202
0.7897660094576068,0.8021834407759718,0.7645217287446501,0.8554658185798223,0.7777825900590319,0.7801250382054741,0.7830788666736663,0.8356187393571567,0.7254322611751011,0.8615048983129722,0.7934870063739392,0.8300094524321038,0.7896221267704681,0.8551484332574585,0.8563552638024972,0.78652942137878,0.7317733945166378,0.7907299063060003,0.7466467325822193,0.7873452204190293,0.7658206279520625,0.755289481983921,0.7773850736288022,0.7355567863563379,0.7336028319380631,0.7160136431769604,0.796113301029721,0.8365723447651007,0.744331324403364,0.7137078208661349,1.0,0.7685186579611135,0.11164943455137888,0.7807469804560762,0.772903118255039,0.7821192874981399,0.7733410423365655,0.7814475050455778,0.6728301220503567,0.7868212374874723,0.8806540956638879,0.7635641062210242,0.7889867845780222,0.8436322954861363,0.8401253102232878,0.7365140658456721,0.7909956937957147,0.788167531060588,0.8188083878778196,0.7443896879179543
0.8025480417551385,0.81163074922709,0.7736654561832068,0.7779581533123245,0.8109870550322829,0.7846581473321865,0.7972018808238087,0.7882791328200822,0.7530093732733909,0.7765240702580076,0.8081600225849985,0.782941013412269,0.8382854772274877,0.7730988989346826,0.7799076859332198,0.7958344950255234,0.7553511096740191,0.8295419794579695,0.8131933993411389,0.8017152190651917,0.813718150290887,0.8240758500801071,0.8411171316284964,0.7348025411284521,0.7645989628830498,0.7303034420109927,0.8346375618895873,0.7820201281144439,0.7592375538309936,0.7365048494732708,0.7685186579611135,1.0,0.10202353185079793,0.8337041225313863,0.7731230301400227,0.7516091126109146,0.7915097729622078,0.8363973192207568,0.6705936637405772,0.8402325974002248,0.7599570384810832,0.7723028458968806,0.836597785365746,0.7904439743075649,0.7888548913238407,0.7518559914225283,0.7988244917586862,0.7972245576336293,0.767889478217216,0.7656718268258532
0.10519821437334509,0.110055581815653,0.0934925680656129,0.10686375461717468,0.10590096280045669,0.1096132891588878,0.10160409041670337,0.10082171871893497,0.09214898375894176,0.10187126746652198,0.10481841973984463,0.10373176702226605,0.09626911591605403,0.10469220958014258,0.10615155511604812,0.1032866716550015,0.10749410213607824,0.10211305475622823,0.09897635164184271,0.1024512868928209,0.10003468688609685,0.10034539970708412,0.09836855218362162,0.10624595790721136,0.1066439476482538,0.10649164868916117,0.10169050721910544,0.09882882857814068,0.09952685734177336,0.08948103942049146,0.11164943455137888,0.10202353185079793,1.0,0.10338334514053449,0.10760754864523359,0.10368744231208371,0.10225394251469577,0.09831008323354906,0.09259152939051385,0.09817660984393628,0.11032948343919358,0.10903270866425707,0.09905678635920978,0.10238345488179845,0.10103611499171261,0.08776890604032395,0.11036773603000505,0.11022715725304633,0.10269222338830497,0.09144697120720835
0.8079478280308497,0.8203231107571306,0.7821945760964881,0.7816282311870104,0.8105274333057039,0.7828341632928596,0.8147461644284028,0.7971052222372716,0.7652446519588608,0.7881997669702764,0.8242715790336549,0.7893040288673638,0.8513054639544602,0.7830546913811871,0.7877932027850465,0.8154541426805062,0.7380998892645698,0.847617534918696,0.8034471459728002,0.8226550865099782,0.8323075734788096,0.8454141526852046,0.8812439368485436,0.728758978875979,0.7451409772316411,0.7168252711507912,0.8510326849246906,0.7941458723068537,0.7704511152489943,0.7566979030799347,0.7807469804560762,0.8337041225313863,0.10338334514053449,1.0,0.7771177741208579,0.7754525474316374,0.8039550113744804,0.8327907086326249,0.6646755497743126,0.8515487335054006,0.7684683942646171,0.764777028846738,0.8558830302783534,0.7990601321764986,0.7969258215187169,0.7605827043382904,0.8029302813060637,0.8003851450680731,0.7833026703583332,0.775331003523364
0.7824014422400942,0.8465280980754117,0.7424565846734505,0.7908650238620145,0.7971978616666913,0.866006493652456,0.7917259917869333,0.7649461267279649,0.6709299210095442,0.7886523908054425,0.8269017599697003,0.7836392899336659,0.7893835595357613,0.7728370346787128,0.7702414646387761,0.7962260529588364,0.8226083784177203,0.799336199281679,0.7572300304892844,0.7923886340632534,0.7688741599202511,0.7616514607507359,0.7790209658662987,0.8437654186004397,0.8343716701378543,0.8086060860143227,0.7971681622821861,0.7516140201788406,0.6838985453656958,0.6599388577065843,0.772903118255039,0.7731230301400227,0.10760754864523359,0.7771177741208579,1.0,0.7177959486304746,0.7732768620314758,0.7983039196529336,0.6608944546794264,0.8016858196133974,0.7993166766932622,0.82663654244571,0.797240865332641,0.7776580624189915,0.7765282513686678,0.6750098574743497,0.8537976609969704,0.8553553722206952,0.7347547961846161,0.6892293362356883
0.7664833212482591,0.7601265331915437,0.7528949433606766,0.780060815480463,0.7429801376638827,0.725458646869207,0.7593729479184257,0.7966960436511917,0.7498149323738988,0.7874663449110603,0.7534741347930837,0.7777771024761277,0.7618415447565917,0.7930584555353596,0.793563129022022,0.761492731428779,0.6762043590188942,0.7773701593611555,0.7392034923110533,0.767610204719763,0.7553454466103116,0.7466115399592211,0.7709807319128786,0.6691055625568368,0.6844243563471234,0.6603377820609307,0.7715012142158819,0.8029548593389177,0.7633377992368725,0.740043622843229,0.7821192874981399,0.7516091126109146,0.10368744231208371,0.7754525474316374,0.7177959486304746,1.0,0.7547860283314276,0.7553891468932503,0.6657739628740873,0.7719104614657735,0.7670333424692788,0.7079370034242963,0.7654798593553542,0.7984016884912474,0.7985338141829333,0.7485813077792798,0.735394416955673,0.7320621245484598,0.8052697375597002,0.7633063428222989
0.7937425568230759,0.806917382983976,0.7716882709443948,0.7799490799948983,0.7859089851768453,0.7774387889939564,0.9163478897224744,0.7780986354988534,0.7432725748259728,0.7769561419022636,0.7981119410209503,0.7714407481698711,0.7981631544407508,0.7746885151085512,0.7754816217287224,0.9108256365602204,0.7304673647221074,0.822036105001757,0.7806507322739518,0.927404866982313,0.8129838206256913,0.7897094862215263,0.8195105062808735,0.7262808302731115,0.7414513063270529,0.7146993640468855,0.809273397385851,0.7760466774097319,0.7457462393526431,0.7318813092422123,0.7733410423365655,0.7915097729622078,0.10225394251469577,0.8039550113744804,0.7732768620314758,0.7547860283314276,1.0,0.797972332075748,0.6503016718033546,0.8016319434286058,0.7688456865900393,0.7628538263826048,0.8068771569914153,0.783980793553199,0.7801253094864642,0.7364917534540556,0.785098235663491,0.7823987756624808,0.7640002009369622,0.7549868493032623
0.8096235451383521,0.8305250016560864,0.7766555044129871,0.7905444408469949,0.8292301829294132,0.8072614809406493,0.8108737603086731,0.8010843788217739,0.740930545372276,0.7990941140372172,0.8399302396134412,0.7959425637149585,0.8385657693959161,0.7878920022801376,0.7911150531812212,0.8149019916616999,0.7624734850851763,0.8338227022737688,0.7888374693984168,0.8143745598404573,0.8206951110534648,0.8167933441551483,0.8378122209217196,0.7538365573172929,0.7758988683505336,0.7533417774454809,0.8629672871409378,0.7925626350853221,0.750335523157698,0.7280488118482933,0.7814475050455778,0.8363973192207568,0.09831008323354906,0.8327907086326249,0.7983039196529336,0.7553891468932503,0.797972332075748,1.0,0.6768740718457855,0.8586507354768989,0.7840992674521106,0.7801884310109014,0.8659574573231705,0.8056299206965537,0.8027635458493356,0.7451611814308516,0.8245131019464111,0.8224541351715673,0.7828863541500678,0.7531375710639399
0.6785303667942307,0.663174583382369,0.6418611329405424,0.6833336524009155,0.6582373706241273,0.6558647749129545,0.6583918012738368,0.688561408813341,0.6237615089026739,0.683810959576621,0.653175467317582,0.6992516203574894,0.6498575792328505,0.6854563758724295,0.682880257860367,0.6609485488633497,0.684096122357241,0.6644569131136653,0.6366150575980015,0.6605926496828641,0.6457634064366558,0.6398733109242205,0.6589145152065681,0.6489982910584214,0.6838080211953137,0.6929717212311146,0.6583440460342596,0.6855265126181435,0.6338995353828933,0.6109367731114446,0.6728301220503567,0.6705936637405772,0.09259152939051385,0.6646755497743126,0.6608944546794264,0.6657739628740873,0.6503016718033546,0.6768740718457855,1.0,0.67747212904581,0.6744619776565413,0.6353086389837186,0.6563489048679059,0.6971148911024567,0.7001902665713016,0.6350553940606309,0.681277232318526,0.6824839384252991,0.6776428750688551,0.6401541894935301
