../ecoli_genomes/GCF_000163235.1_ASM16323v1_genomic.fna.gz,../ecoli_genomes/GCF_000164555.1_ASM16455v1_genomic.fna.gz,../ecoli_genomes/GCF_000208545.1_ASM20854v2_genomic.fna.gz,../ecoli_genomes/GCF_000233875.1_ASM23387v1_genomic.fna.gz,../ecoli_genomes/GCF_000249735.1_ASM24973v2_genomic.fna.gz,../ecoli_genomes/GCF_000261145.1_Esch_coli_M919_V2_genomic.fna.gz,../ecoli_genomes/GCF_000267705.2_ASM26770v2_genomic.fna.gz,../ecoli_genomes/GCF_000350665.1_Esch_coli_KTE5_V1_genomic.fna.gz,../ecoli_genomes/GCF_000351625.1_Esch_coli_KTE66_V1_genomic.fna.gz,../ecoli_genomes/GCF_000352285.1_Esch_coli_KTE46_V1_genomic.fna.gz,../ecoli_genomes/GCF_000358895.1_ASM35889v1_genomic.fna.gz,../ecoli_genomes/GCF_000456385.1_Esch_coli_HVH_26_4-5703913_V1_genomic.fna.gz,../ecoli_genomes/GCF_000458195.1_Esch_coli_HVH_147_4-5893887_V1_genomic.fna.gz,../ecoli_genomes/GCF_000459755.1_Esch_coli_KOEGE_58_171a_V1_genomic.fna.gz,../ecoli_genomes/GCF_000460055.1_Esch_coli_UMEA_3053-1_V1_genomic.fna.gz,../ecoli_genomes/GCF_000462165.2_ASM46216v2_genomic.fna.gz,../ecoli_genomes/GCF_000601135.1_ASM60113v1_genomic.fna.gz,../ecoli_genomes/GCF_000614595.1_Ec2010EL1058_genomic.fna.gz,../ecoli_genomes/GCF_000617745.1_Ec2010C-4529_genomic.fna.gz,../ecoli_genomes/GCF_000618265.2_EcF6751_genomic.fna.gz,../ecoli_genomes/GCF_000619005.2_Ec2009C-4052_genomic.fna.gz,../ecoli_genomes/GCF_000619105.1_Ec2009C-4780_genomic.fna.gz,../ecoli_genomes/GCF_000619765.2_Ec2009C-3279_genomic.fna.gz,../ecoli_genomes/GCF_000687005.1_ASM68700v1_genomic.fna.gz,../ecoli_genomes/GCF_000687025.1_ASM68702v1_genomic.fna.gz,../ecoli_genomes/GCF_000700125.1_ASM70012v1_genomic.fna.gz,../ecoli_genomes/GCF_000753315.1_FHI35_genomic.fna.gz,../ecoli_genomes/GCF_000776375.1_ASM77637v1_genomic.fna.gz,../ecoli_genomes/GCF_000779395.1_ASM77939v1_genomic.fna.gz,../ecoli_genomes/GCF_000780315.1_ASM78031v1_genomic.fna.gz,../ecoli_genomes/GCF_000781995.1_ASM78199v1_genomic.fna.gz,../ecoli_genomes/GCF_000986765.1_ASM98676v1_genomic.fna.gz,../ecoli_genomes/GCF_001041375.1_ViralProj287958_genomic.fna.gz,../ecoli_genomes/GCF_001265335.1_302014_genomic.fna.gz,../ecoli_genomes/GCF_001265625.1_100854_genomic.fna.gz,../ecoli_genomes/GCF_001267345.1_303289_genomic.fna.gz,../ecoli_genomes/GCF_001309985.1_ASM130998v1_genomic.fna.gz,../ecoli_genomes/GCF_001521695.1_ASM152169v1_genomic.fna.gz,../ecoli_genomes/GCF_001592595.1_ASM159259v1_genomic.fna.gz,../ecoli_genomes/GCF_001614975.1_ASM161497v1_genomic.fna.gz,../ecoli_genomes/GCF_001692775.1_ASM169277v1_genomic.fna.gz,../ecoli_genomes/GCF_001748915.1_ASM174891v1_genomic.fna.gz,../ecoli_genomes/GCF_001749235.1_ASM174923v1_genomic.fna.gz,../ecoli_genomes/GCF_001881155.1_ASM188115v1_genomic.fna.gz,../ecoli_genomes/GCF_001881345.1_ASM188134v1_genomic.fna.gz,../ecoli_genomes/GCF_001892405.1_ASM189240v1_genomic.fna.gz,../ecoli_genomes/GCF_001892585.1_ASM189258v1_genomic.fna.gz,../ecoli_genomes/GCF_001893985.1_ASM189398v1_genomic.fna.gz,../ecoli_genomes/GCF_002001595.1_ASM200159v1_genomic.fna.gz,../ecoli_genomes/GCF_002002145.1_ASM200214v1_genomic.fna.gz
1.0,0.7795430785055202,0.7670947442268148,0.7594953867411647,0.7423022186447337,0.7728514301922074,0.776390978037404,0.7675750299544383,0.7989978481469091,0.772802334713497,0.7720672190343254,0.7656852588969295,0.7708149254048786,0.7625313856385941,0.749444208336794,0.7704482790927402,0.7522673896605794,0.7756219000907273,0.7642871426984633,0.7787963842180204,0.7712629877897452,0.7688368130389964,0.7781479683774055,0.7486352793931162,0.734904916025211,0.7438425909777848,0.7689957583189007,0.7638320804841043,0.78088870852837,0.8028465014226841,0.7481640636752876,0.767501789164357,0.03569695540752715,0.7699661172505229,0.764070072686322,0.7634023891192513,0.7567142444253173,0.7699398217276733,0.6992950409585801,0.7711186312709142,0.7478986999317703,0.7740109802540799,0.7728896652664935,0.763094485048419,0.7700792537697587,0.7606439319892719,0.7713439200656345,0.7714390990124811,0.7551031567497007,0.7878850459695338
0.7795430785055202,1.0,0.7665710597639097,0.7645645287383299,0.7693674255347708,0.840169668344793,0.7859160284716094,0.7732664821864208,0.7780999011046382,0.7763888040181709,0.8065064158653362,0.7668477935114744,0.8112365589388335,0.7689823172936634,0.7519117358575991,0.785262140853149,0.8002774932507317,0.8156578493994474,0.796343914700159,0.7904912984891258,0.8055075589180092,0.810640924810354,0.813930613922548,0.8131699023330402,0.8009012300683389,0.7964441356329173,0.808107580194263,0.7746565790081816,0.7861589130632557,0.7800096344131788,0.7499945747408291,0.7992598674412026,0.041511466536385266,0.8041356021223134,0.8264935370755577,0.7628117378489319,0.7682027797533957,0.8077074935597965,0.6903231673910795,0.80893679839028,0.7561809656685468,0.8215769121529792,0.8103817574905111,0.7800347501014347,0.776917690240557,0.7700823701364536,0.824142420242216,0.8237754239430114,0.7740121800390405,0.7886134359446118
0.7670947442268148,0.7665710597639097,1.0,0.7450130881970416,0.7234525481945983,0.7591270961021555,0.7542767974759987,0.7566692442476555,0.7668434967521429,0.7591518636763613,0.7533876421384481,0.7497251755975783,0.7573607397695994,0.7555105634912381,0.7466435068944355,0.7565479902528901,0.7315769157535492,0.755965385042135,0.7454221103911838,0.7600489800005277,0.7563170422362528,0.7568641562011122,0.7605645676431763,0.7334876918110814,0.7226694450837357,0.7315174570392967,0.763078153463298,0.7530985066296851,0.759558149947326,0.7732118803223795,0.7422131383829771,0.7512301104052643,0.04089486853715929,0.7572399319949065,0.7428594626770959,0.7502887263258565,0.7411903457759623,0.7508164775231342,0.6832130188809742,0.7596709402453075,0.74829557996856,0.7517524653594416,0.759632052070503,0.7545111403151972,0.7491525367218976,0.7589313854196442,0.7559026078510933,0.755254255173212,0.7545803954330743,0.769920123354092
0.7594953867411647,0.7645645287383299,0.7450130881970416,1.0,0.7378615508950557,0.7593812842661267,0.7572961103334537,0.830268934504407,0.7670872612078257,0.8302061823150909,0.7553748836727923,0.8287829814327656,0.7603940213499579,0.8487538730442155,0.848646211028473,0.7606213179922456,0.7452979997477469,0.7588311403745139,0.7497923369276536,0.7601870956791752,0.7529773700623483,0.75466712491053,0.7635736480659562,0.7418052437024156,0.7322359911144277,0.7380504848161715,0.7602913617319503,0.8394174679014587,0.7647623942944137,0.7570147095748101,0.8181403653497217,0.7635992667186339,0.041465412803146307,0.7548761624459577,0.747151299331675,0.793111293667217,0.7407775545578433,0.7500744444042836,0.7225958727094732,0.7548797170670933,0.8236570751121036,0.759292214821047,0.7581568772019888,0.8386975554733447,0.8345834427867214,0.7601693036122084,0.7527177909330469,0.7529745665217981,0.8052066480004847,0.7730362851857657
0.7423022186447337,0.7693674255347708,0.7234525481945983,0.7378615508950557,1.0,0.7745405972953343,0.743275789956739,0.7433225452490047,0.7524454643909487,0.7470465827508023,0.7937398201122754,0.730989207507591,0.796840828460407,0.7333330152536088,0.7366004939639432,0.7648771590393957,0.7795477910519796,0.7718460688343323,0.7628567491916478,0.7479676190960752,0.774089481508845,0.7696194769213235,0.7738930631558452,0.7649537464706172,0.7642915339286871,0.7742017974881015,0.7764129756281501,0.7243839363749806,0.7362048687669573,0.7494811914454005,0.7282458613288156,0.7869708152277103,0.03597610087043834,0.7749731421656832,0.7586182097272142,0.7275263978529296,0.7426191774471727,0.7865149574183516,0.7042607544502989,0.782108755215045,0.7330397129154721,0.76977178419055,0.7869612140443429,0.7325011983192202,0.7340132512155717,0.7341005014295459,0.7797488163490343,0.7797246605720094,0.7258262650581849,0.7416638479838036
0.7728514301922074,0.840169668344793,0.7591270961021555,0.7593812842661267,0.7745405972953343,1.0,0.7776827233897079,0.7719740083608186,0.7792783176573996,0.7675795500364095,0.8014935082754613,0.7594149783081177,0.805072954034185,0.764346144607248,0.7479810471299184,0.7808682065149231,0.8022066945479729,0.8072359545941536,0.7936031765886578,0.7828906894908505,0.7990180517922995,0.8017798502985274,0.8069519854855224,0.8092887603555321,0.7950041134503623,0.7937072648161405,0.7978109803069615,0.7600724387715941,0.7791328510824449,0.7752617398598132,0.746681680553285,0.7964219566902391,0.04640147879522116,0.8052512836059476,0.8220509374224947,0.7588705821114345,0.7654436864031622,0.7984967776828858,0.6932308863044503,0.8038320446979867,0.7498404153802973,0.8145370870520438,0.8042121713701802,0.7628104668086172,0.7632444463551723,0.7634371430320508,0.8157774572261115,0.8165162542072338,0.7629225658806484,0.7856805210867154
0.776390978037404,0.7859160284716094,0.7542767974759987,0.7572961103334537,0.743275789956739,0.7776827233897079,1.0,0.7608648360521739,0.7670108111017984,0.7552890018764292,0.7734205975447025,0.7497081603229725,0.7786205172567071,0.757721219809136,0.7435669518921406,0.8945639345992847,0.761118243952682,0.8032553990856556,0.7871827834911933,0.9410391203446803,0.7903810206433983,0.788757352344567,0.8023226630337792,0.7583257080898416,0.7429027096532412,0.7542497173932254,0.7882461770345565,0.7557260730086648,0.765720791351683,0.7708802111115415,0.7382707689243516,0.7771191060761462,0.039104573658402475,0.790440046939751,0.7778323030672653,0.7589015997455114,0.8965337808233895,0.7658832318840989,0.6920347216748433,0.7772351262534622,0.736148357131158,0.7755575316146173,0.7791213066814728,0.7557975323594217,0.7578283654812283,0.7541747498773895,0.7735017271968376,0.7733431936839589,0.7496826492471192,0.7694423490853963
0.7675750299544383,0.7732664821864208,0.7566692442476555,0.830268934504407,0.7433225452490047,0.7719740083608186,0.7608648360521739,1.0,0.7666912026613399,0.83890595944557,0.7618890265614352,0.8250382165143093,0.768262998924114,0.8242697739434031,0.8157022350487666,0.7625828369110897,0.7471778526271875,0.7679455640715949,0.7607705558160062,0.7637157761868489,0.7619256527175553,0.7600963366664669,0.766161952487008,0.7496123497357932,0.7355521810752078,0.7493845503228833,0.7725429637516897,0.8805726293339272,0.7750000298210352,0.7615929564618834,0.8135187716377208,0.7614201644597257,0.04053983584592624,0.7655177135683984,0.7498469612286314,0.8031667092843662,0.7422563770237183,0.7644976829936789,0.7327219488846634,0.7664946698004426,0.8173300718081994,0.7690920211661397,0.7658762221653138,0.8837584729578326,0.8787205676813655,0.7660134678501156,0.7603324355543759,0.7602679640885227,0.8118089473105131,0.7749784372557659
0.7989978481469091,0.7780999011046382,0.7668434967521429,0.7670872612078257,0.7524454643909487,0.7792783176573996,0.7670108111017984,0.7666912026613399,1.0,0.7717901175970345,0.7751538729059699,0.759220652522896,0.7775236847815599,0.7727403571527814,0.7613562278534602,0.7755901558581347,0.7570157017736321,0.7715732968076913,0.757473608506556,0.7720902393688673,0.7690159004282103,0.7678637186278292,0.7736051203261858,0.7584078778650036,0.7375588146115906,0.7491787745968421,0.776585651037837,0.7599409593858236,0.775173786038521,0.8039135658318028,0.7536591412579285,0.7722056875345363,0.0386046919623364,0.7720071454117797,0.7593635747278992,0.7660268692688723,0.7548784221186651,0.7694543365405269,0.6970555350200381,0.7743348435623137,0.7550616839099963,0.7707470597992299,0.7782348572936627,0.7619186978029071,0.7617122738084935,0.7668239791281415,0.7691734200173588,0.7688819902508262,0.7601588644380827,0.7877294802262287
0.772802334713497,0.7763888040181709,0.7591518636763613,0.8302061823150909,0.7470465827508023,0.7675795500364095,0.7552890018764292,0.83890595944557,0.7717901175970345,1.0,0.765572663173954,0.8181087493042704,0.7690932317068839,0.8292942660350495,0.8246798220634838,0.7622325894980935,0.7506468641956398,0.7629882034144453,0.7529605973370341,0.7600467527093842,0.7615004279245923,0.7608153461805242,0.7644441352540328,0.7483976405766906,0.7366278550108489,0.7494577777258569,0.7692899712494216,0.8291713787897667,0.7748104778566807,0.7694454325327489,0.8187157480069351,0.7622099309039931,0.03885601878032707,0.7587695805676604,0.7548246268022962,0.7969292044541443,0.7396542126940735,0.7609091011416151,0.7257747468099296,0.7670623389394512,0.8227974066811574,0.7667051365200558,0.7681436460247397,0.8319915489267898,0.831823186212804,0.763086655603513,0.761229512115946,0.7612686572881868,0.8184438549812972,0.7743705398267574
0.7720672190343254,0.8065064158653362,0.7533876421384481,0.7553748836727923,0.7937398201122754,0.8014935082754613,0.7734205975447025,0.7618890265614352,0.7751538729059699,0.765572663173954,1.0,0.7565864560358717,0.8479479354195546,0.7590181629865764,0.7476373565010891,0.7793427212490636,0.7836422747072773,0.8270476756869266,0.8053313223242117,0.7801904327860236,0.8188051333661889,0.8285740155781127,0.8281491245290836,0.786162128545798,0.7617722416254626,0.7796697798101712,0.8283944435327506,0.7545743548637907,0.7609881805733099,0.7770661878053227,0.734927174282267,0.8108205625904439,0.03787729799291217,0.816258246861775,0.7964602749482349,0.7584398863893259,0.7646153921670023,0.8152089947848727,0.6839494448343832,0.8353228392668928,0.7393410255793185,0.8087993927963304,0.8396619270810072,0.7545740874754662,0.7562621313649494,0.7531709245167445,0.8128823145538271,0.8124997130519123,0.7533157301931658,0.7738328604312888
0.7656852588969295,0.7668477935114744,0.7497251755975783,0.8287829814327656,0.730989207507591,0.7594149783081177,0.7497081603229725,0.8250382165143093,0.759220652522896,0.8181087493042704,0.7565864560358717,1.0,0.7581392568411072,0.8254274018456306,0.8453192682331918,0.747860245593325,0.7457829892489466,0.7545261562600181,0.7502435240232186,0.7525475158710625,0.7546987974209709,0.7544005543364909,0.7609507015954713,0.7368288714017559,0.7284107968626519,0.7350263858623367,0.7543875781797929,0.8214647871536755,0.7680495609710973,0.7588769260333249,0.7977445781649888,0.7528548328711884,0.04369432821733732,0.7573513772012986,0.7433578416239919,0.7921921054729721,0.7309905028873344,0.7480818491488669,0.7255232260051141,0.7533906868190037,0.8068051848589166,0.7589881361420519,0.757246989209091,0.8211503302581775,0.8221878245023226,0.7607046349820346,0.7556840611723974,0.7557509367415463,0.7974760325969811,0.7715262748839654
0.7708149254048786,0.8112365589388335,0.7573607397695994,0.7603940213499579,0.796840828460407,0.805072954034185,0.7786205172567071,0.768262998924114,0.7775236847815599,0.7690932317068839,0.8479479354195546,0.7581392568411072,1.0,0.7585179066522427,0.7544407333689841,0.7916839996946151,0.7843741198096206,0.8357396547414504,0.8166492276173071,0.7868633382817721,0.8233356027494446,0.8465650744377808,0.8476957883858304,0.7884782934137105,0.7657797952803954,0.7831180892889966,0.8434997053085606,0.7551025008679206,0.7592449422505522,0.776028165944036,0.7404889063578803,0.824569457870037,0.035459904357193484,0.8316924157321257,0.7961834411640685,0.7516620814873964,0.7738628583612243,0.8178778726439611,0.680595585013094,0.84516680407478,0.7408042328542719,0.8112610367353801,0.8392807388431002,0.7562011938726494,0.7555762205141124,0.7576309762526978,0.8126334415630426,0.8118825639266058,0.7505501184860267,0.769409960589188
0.7625313856385941,0.7689823172936634,0.7555105634912381,0.8487538730442155,0.7333330152536088,0.764346144607248,0.757721219809136,0.8242697739434031,0.7727403571527814,0.8292942660350495,0.7590181629865764,0.8254274018456306,0.7585179066522427,1.0,0.8426532844982866,0.7563853112583907,0.7442958422647001,0.7618561721768613,0.7537608373593663,0.7616642419915749,0.7562971455689014,0.7589845074733341,0.7638501209098553,0.736883592017146,0.7284049970180009,0.7355386092531744,0.7617821350495959,0.8378504944902068,0.7752981948276312,0.7576397959217678,0.8136134371741752,0.7562693490978483,0.0487169231309178,0.7588891880323433,0.7434221694634587,0.7969808233009635,0.7382928559959533,0.7532561444447966,0.7267708035928739,0.7555341233232084,0.8220807529628579,0.7610636401898909,0.7615261301234111,0.8343089650765991,0.8283665721843898,0.7654902862754558,0.7575974399327201,0.7578776736963797,0.8122302639026614,0.7813455949288065
0.749444208336794,0.7519117358575991,0.7466435068944355,0.848646211028473,0.7366004939639432,0.7479810471299184,0.7435669518921406,0.8157022350487666,0.7613562278534602,0.8246798220634838,0.7476373565010891,0.8453192682331918,0.7544407333689841,0.8426532844982866,1.0,0.749349898348767,0.739299552955265,0.7526243910732521,0.7436329927261438,0.7483438790410664,0.7476872308407041,0.7492847445117963,0.7537864356838087,0.7310338470739283,0.7216136661103665,0.7336957619173394,0.7525150975461324,0.8182997170186173,0.7563309986717669,0.7502663261308692,0.8192058979380037,0.7497210373069974,0.04409742054224686,0.7498901765844848,0.7321659984809478,0.7890898681552295,0.7294615605897514,0.742349110674632,0.7193130428948699,0.7518256668281484,0.8269675624697511,0.753732600104146,0.7529707818923561,0.8185286071101243,0.814657854982263,0.75946770785693,0.7494591280190193,0.7496352545746297,0.7958060482711116,0.770573472020345
0.7704482790927402,0.785262140853149,0.7565479902528901,0.7606213179922456,0.7648771590393957,0.7808682065149231,0.8945639345992847,0.7625828369110897,0.7755901558581347,0.7622325894980935,0.7793427212490636,0.747860245593325,0.7916839996946151,0.7563853112583907,0.749349898348767,1.0,0.7717605483787369,0.7974384489764292,0.7863740681471634,0.9061843183944889,0.7838387711688182,0.7888489339082589,0.7955282688817389,0.7612144447936305,0.7567597776720837,0.7720700404563217,0.7844129399296829,0.7520574331446556,0.759368150180405,0.7784896096105534,0.743493872323874,0.7855994107693118,0.038676076779347146,0.7870071814211911,0.7755680456165733,0.7540361724143565,0.8919055496774038,0.7699755691332585,0.6865513339574141,0.7758244171397454,0.7430930634622892,0.7739920080997398,0.7816142146808618,0.751841496505463,0.7545904066325336,0.7524751743472603,0.7765299668453959,0.7763059943403628,0.7498190841748468,0.7676113976924105
0.7522673896605794,0.8002774932507317,0.7315769157535492,0.7452979997477469,0.7795477910519796,0.8022066945479729,0.761118243952682,0.7471778526271875,0.7570157017736321,0.7506468641956398,0.7836422747072773,0.7457829892489466,0.7843741198096206,0.7442958422647001,0.739299552955265,0.7717605483787369,1.0,0.7833610688603843,0.7699391712285715,0.7649526416090118,0.7790828451307633,0.7806844264210014,0.7868315396266508,0.8070365036551376,0.7918625334084912,0.7922523298229023,0.775398707493299,0.7378086262693018,0.7561795215418972,0.7475432492403331,0.7316004207850297,0.8041607130462217,0.04324245160504947,0.7844405155072507,0.7909312953706501,0.7396116945018764,0.7542309914479373,0.7697525865695564,0.6758368460864932,0.7752363762007486,0.733735938586388,0.7984242638058269,0.7801993651831683,0.7435489131858001,0.7482208361285132,0.7403787662821862,0.7931870012190566,0.793681481686508,0.7322591223906707,0.7564229479661508
0.7756219000907273,0.8156578493994474,0.755965385042135,0.7588311403745139,0.7718460688343323,0.8072359545941536,0.8032553990856556,0.7679455640715949,0.7715732968076913,0.7629882034144453,0.8270476756869266,0.7545261562600181,0.8357396547414504,0.7618561721768613,0.7526243910732521,0.7974384489764292,0.7833610688603843,1.0,0.8403379208839212,0.8078689707902644,0.8393114059077615,0.847170042434017,0.8504110147164483,0.7793235239118451,0.7588806367341029,0.775744894297554,0.8342034353809022,0.7619332202102999,0.7707459848539444,0.7738044138396856,0.7437861948659023,0.8166621248523663,0.037900135648261335,0.8295142951766887,0.7998970459893681,0.7671916653860525,0.7877948231797238,0.8116162069026119,0.6897243752113409,0.8308740560357354,0.7445785372057483,0.8066930381344763,0.8292425986615489,0.7618205075770236,0.7605441451134374,0.7592380728630367,0.8106508695926925,0.8102000577745727,0.7544044134688972,0.7760060746118677
0.7642871426984633,0.796343914700159,0.7454221103911838,0.7497923369276536,0.7628567491916478,0.7936031765886578,0.7871827834911933,0.7607705558160062,0.757473608506556,0.7529605973370341,0.8053313223242117,0.7502435240232186,0.8166492276173071,0.7537608373593663,0.7436329927261438,0.7863740681471634,0.7699391712285715,0.8403379208839212,1.0,0.7920146622820481,0.8222281633296946,0.8321419620607442,0.8306923024713506,0.7707835048717329,0.7592347711541072,0.7617946310709394,0.8198875824997093,0.7521347837410595,0.7582815198522637,0.7599929444953102,0.7367713897634154,0.803773304009907,0.03585837976823447,0.8161898011416904,0.7900670807760382,0.7565834860647436,0.7737137405039378,0.7999725994250964,0.686262578151341,0.818470796696445,0.7374957104852347,0.7969789707877561,0.8138209489843253,0.7556038137232695,0.7573282636661103,0.7473731736606344,0.790194765177437,0.7900535122906179,0.7468473673248057,0.7664954925460059
0.7787963842180204,0.7904912984891258,0.7600489800005277,0.7601870956791752,0.7479676190960752,0.7828906894908505,0.9410391203446803,0.7637157761868489,0.7720902393688673,0.7600467527093842,0.7801904327860236,0.7525475158710625,0.7868633382817721,0.7616642419915749,0.7483438790410664,0.9061843183944889,0.7649526416090118,0.8078689707902644,0.7920146622820481,1.0,0.795415826121356,0.7954030783223571,0.8056657487067478,0.76052621727762,0.7471973542507762,0.758540803425429,0.7935792807883816,0.7591779952848215,0.7659584348496054,0.7768486689484361,0.7431604982675748,0.7826232310428074,0.04014960709485693,0.7940819562775764,0.7800722388822502,0.7600263518351809,0.9048476428610747,0.7725652420184945,0.6922069667358409,0.7844413862939082,0.7411343774847157,0.7815519209425527,0.7863191896728047,0.7576372116334984,0.7583070451994001,0.7585069665590255,0.7804532959195091,0.7803054133052469,0.7554769514364096,0.7739243268424967
0.7712629877897452,0.8055075589180092,0.7563170422362528,0.7529773700623483,0.774089481508845,0.7990180517922995,0.7903810206433983,0.7619256527175553,0.7690159004282103,0.7615004279245923,0.8188051333661889,0.7546987974209709,0.8233356027494446,0.7562971455689014,0.7476872308407041,0.7838387711688182,0.7790828451307633,0.8393114059077615,0.8222281633296946,0.795415826121356,1.0,0.8356332508085571,0.8400652493688301,0.7723947247607816,0.7566287880414901,0.7720254370650437,0.825927927824162,0.7580739749522613,0.7670598113069624,0.7717322719276504,0.7402570155482178,0.8163268769131833,0.03840908672225918,0.8288112328058259,0.7922419247729972,0.7643774820434299,0.7744111650898216,0.8099879383390989,0.6905761592431259,0.8277654557860832,0.7405078376987413,0.8070768585762433,0.8267508410996627,0.7578762077926562,0.7575385864572863,0.7615105593288272,0.8188073215414466,0.8181802389662755,0.750668893111551,0.7752040457789278
0.7688368130389964,0.810640924810354,0.7568641562011122,0.75466712491053,0.7696194769213235,0.8017798502985274,0.788757352344567,0.7600963366664669,0.7678637186278292,0.7608153461805242,0.8285740155781127,0.7544005543364909,0.8465650744377808,0.7589845074733341,0.7492847445117963,0.7888489339082589,0.7806844264210014,0.847170042434017,0.8321419620607442,0.7954030783223571,0.8356332508085571,1.0,0.8952306191715791,0.7760669556031666,0.7585935539234995,0.7751702044467776,0.8372780157397759,0.7565559119598171,0.7662156969100898,0.7653245753455629,0.7362592626068045,0.816210414194183,0.04301785731641272,0.8628643345282466,0.7984081822925228,0.7566571557043337,0.7739527509631401,0.8161345291629849,0.6815948633942455,0.8399177066355361,0.7343524533891598,0.8073602345940852,0.8389515920711685,0.7569059753428716,0.7547908182913331,0.7545585812236577,0.8070567089098089,0.8069978151303863,0.7527021683156605,0.7728192998283302
0.7781479683774055,0.813930613922548,0.7605645676431763,0.7635736480659562,0.7738930631558452,0.8069519854855224,0.8023226630337792,0.766161952487008,0.7736051203261858,0.7644441352540328,0.8281491245290836,0.7609507015954713,0.8476957883858304,0.7638501209098553,0.7537864356838087,0.7955282688817389,0.7868315396266508,0.8504110147164483,0.8306923024713506,0.8056657487067478,0.8400652493688301,0.8952306191715791,1.0,0.780909489352949,0.7667097085816704,0.7739719579127412,0.8431456310681634,0.7625783285574357,0.7735408016052291,0.7711835651880768,0.7395672875607329,0.8252927553582201,0.04003973341643796,0.8673057494541775,0.7963688864236822,0.76436218272896,0.7869065716124958,0.8197468121440283,0.6886249416082989,0.8413097965663583,0.7407188546710688,0.8075395431552665,0.8404322157939961,0.7632318807209277,0.7649136108522443,0.7623767030269311,0.8062327639354971,0.8071959752254376,0.7561056314460873,0.7784740230800484
0.7486352793931162,0.8131699023330402,0.7334876918110814,0.7418052437024156,0.7649537464706172,0.8092887603555321,0.7583257080898416,0.7496123497357932,0.7584078778650036,0.7483976405766906,0.786162128545798,0.7368288714017559,0.7884782934137105,0.736883592017146,0.7310338470739283,0.7612144447936305,0.8070365036551376,0.7793235239118451,0.7707835048717329,0.76052621727762,0.7723947247607816,0.7760669556031666,0.780909489352949,1.0,0.7941581018885925,0.7852684900823266,0.7790961021824371,0.7342250147999163,0.7473663623737158,0.7528403422799976,0.7242006403223042,0.7807627922272133,0.040330904449505156,0.773731923490115,0.8035540355990277,0.7340001911671379,0.7512319410746625,0.7726592680227682,0.6670170852551711,0.7775014250295138,0.7276129087526757,0.7932278105712036,0.7751284591780414,0.742147580987575,0.744906307848185,0.7329084199830354,0.7880528887722158,0.7874305218189825,0.7323205994125541,0.7500549360646291
0.734904916025211,0.8009012300683389,0.7226694450837357,0.7322359911144277,0.7642915339286871,0.7950041134503623,0.7429027096532412,0.7355521810752078,0.7375588146115906,0.7366278550108489,0.7617722416254626,0.7284107968626519,0.7657797952803954,0.7284049970180009,0.7216136661103665,0.7567597776720837,0.7918625334084912,0.7588806367341029,0.7592347711541072,0.7471973542507762,0.7566287880414901,0.7585935539234995,0.7667097085816704,0.7941581018885925,1.0,0.7973523555496214,0.7603217283802868,0.7245893833210738,0.7322170059464764,0.7310933367678485,0.7215550556536372,0.7868249007251482,0.03843583716291665,0.7596952708237664,0.7827383286755454,0.7199834659129178,0.7380542890498357,0.7610505838423389,0.6564783954728572,0.7556901188464774,0.7218076739406218,0.7671045208495236,0.7657527592496292,0.7380453495786068,0.7365618281699831,0.7265598914332158,0.769697907530718,0.7703956611636587,0.7286057208528612,0.738684265737389
0.7438425909777848,0.7964441356329173,0.7315174570392967,0.7380504848161715,0.7742017974881015,0.7937072648161405,0.7542497173932254,0.7493845503228833,0.7491787745968421,0.7494577777258569,0.7796697798101712,0.7350263858623367,0.7831180892889966,0.7355386092531744,0.7336957619173394,0.7720700404563217,0.7922523298229023,0.775744894297554,0.7617946310709394,0.758540803425429,0.7720254370650437,0.7751702044467776,0.7739719579127412,0.7852684900823266,0.7973523555496214,1.0,0.7726198247943445,0.7340883659649509,0.7383777448391247,0.7481240057328873,0.725869874476097,0.781297514289043,0.04040752740936371,0.7713126012665522,0.7879237532568218,0.7315987863807083,0.7562656949873704,0.7734173802721351,0.6678353627958943,0.7722735322668616,0.7277905163330789,0.7880797286345883,0.7753688144714641,0.7463002472551232,0.7427812390624753,0.7318485253859301,0.7882727312218725,0.7891915372215097,0.7356731657638234,0.7448385430286075
0.7689957583189007,0.808107580194263,0.763078153463298,0.7602913617319503,0.7764129756281501,0.7978109803069615,0.7882461770345565,0.7725429637516897,0.776585651037837,0.7692899712494216,0.8283944435327506,0.7543875781797929,0.8434997053085606,0.7617821350495959,0.7525150975461324,0.7844129399296829,0.775398707493299,0.8342034353809022,0.8198875824997093,0.7935792807883816,0.825927927824162,0.8372780157397759,0.8431456310681634,0.7790961021824371,0.7603217283802868,0.7726198247943445,1.0,0.7646739203929176,0.7675138325748531,0.7703718467674232,0.7472229849311871,0.8129559758629278,0.038127678233882745,0.8256544508554812,0.7919867801655549,0.762239658834345,0.7746887193415092,0.8358925907785382,0.6831258276860203,0.8406375775037982,0.7442091225735554,0.807497876261342,0.8549323529990889,0.7672963679130457,0.7637079662614217,0.7631592987375211,0.8054467552732836,0.8051328338586898,0.758621546806552,0.7731136389396575
0.7638320804841043,0.7746565790081816,0.7530985066296851,0.8394174679014587,0.7243839363749806,0.7600724387715941,0.7557260730086648,0.8805726293339272,0.7599409593858236,0.8291713787897667,0.7545743548637907,0.8214647871536755,0.7551025008679206,0.8378504944902068,0.8182997170186173,0.7520574331446556,0.7378086262693018,0.7619332202102999,0.7521347837410595,0.7591779952848215,0.7580739749522613,0.7565559119598171,0.7625783285574357,0.7342250147999163,0.7245893833210738,0.7340883659649509,0.7646739203929176,1.0,0.7763211274176841,0.7546569002136158,0.8050972920120678,0.7547638548579916,0.04267511295441406,0.757421741318531,0.744121250459745,0.8000572839650227,0.7348739810861722,0.7579019448640705,0.7305510214312902,0.7565838587638904,0.8135248473614168,0.7614194404999104,0.7566610471770085,0.9225327381002129,0.9070649148082821,0.7645316089884557,0.7535414029382493,0.7530919308475446,0.8200528923893233,0.7772656510714078
0.78088870852837,0.7861589130632557,0.759558149947326,0.7647623942944137,0.7362048687669573,0.7791328510824449,0.765720791351683,0.7750000298210352,0.775173786038521,0.7748104778566807,0.7609881805733099,0.7680495609710973,0.7592449422505522,0.7752981948276312,0.7563309986717669,0.759368150180405,0.7561795215418972,0.7707459848539444,0.7582815198522637,0.7659584348496054,0.7670598113069624,0.7662156969100898,0.7735408016052291,0.7473663623737158,0.7322170059464764,0.7383777448391247,0.7675138325748531,0.7763211274176841,1.0,0.7730080114090458,0.7581228642601892,0.7629927689736673,0.04319448877181342,0.7709422649266812,0.7570511553270676,0.7736410229474534,0.7436150460891047,0.7632111554685592,0.7003929373610678,0.7693337230019168,0.7555150916183937,0.7665581630853102,0.7681935095669632,0.7710342357902569,0.7770451320961836,0.787724982287506,0.7737617788788249,0.7727762014850529,0.7684313044488355,0.858980603413515
0.8028465014226841,0.7800096344131788,0.7732118803223795,0.7570147095748101,0.7494811914454005,0.7752617398598132,0.7708802111115415,0.7615929564618834,0.8039135658318028,0.7694454325327489,0.7770661878053227,0.7588769260333249,0.776028165944036,0.7576397959217678,0.7502663261308692,0.7784896096105534,0.7475432492403331,0.7738044138396856,0.7599929444953102,0.7768486689484361,0.7717322719276504,0.7653245753455629,0.7711835651880768,0.7528403422799976,0.7310933367678485,0.7481240057328873,0.7703718467674232,0.7546569002136158,0.7730080114090458,1.0,0.7502507989499598,0.7632359057783076,0.04236029251192974,0.7660410610438825,0.7627216041623174,0.7595287597383196,0.7637217237312931,0.7646436157005393,0.6897361281702181,0.7779733075906695,0.7503430392753823,0.7668037168593274,0.7767982774960285,0.75643528615266,0.7548447675696084,0.767736107256679,0.7759706326386769,0.7753355685750226,0.7583300502504335,0.7859806317741862
0.7481640636752876,0.7499945747408291,0.7422131383829771,0.8181403653497217,0.7282458613288156,0.746681680553285,0.7382707689243516,0.8135187716377208,0.7536591412579285,0.8187157480069351,0.734927174282267,0.7977445781649888,0.7404889063578803,0.8136134371741752,0.8192058979380037,0.743493872323874,0.7316004207850297,0.7437861948659023,0.7367713897634154,0.7431604982675748,0.7402570155482178,0.7362592626068045,0.7395672875607329,0.7242006403223042,0.7215550556536372,0.725869874476097,0.7472229849311871,0.8050972920120678,0.7581228642601892,0.7502507989499598,1.0,0.7421042304501092,0.04474274124768085,0.7391968242508535,0.7312660510542976,0.7775665302547627,0.7233559948829207,0.7395023592764299,0.71102272919919,0.7406714468701905,0.8543959127654881,0.7498456313595108,0.7437937607359771,0.8074934098662637,0.8023813558348235,0.7515065999987026,0.7454882059072512,0.7452531052181317,0.7898616405438613,0.7602695151586225
0.767501789164357,0.7992598674412026,0.7512301104052643,0.7635992667186339,0.7869708152277103,0.7964219566902391,0.7771191060761462,0.7614201644597257,0.7722056875345363,0.7622099309039931,0.8108205625904439,0.7528548328711884,0.824569457870037,0.7562693490978483,0.7497210373069974,0.7855994107693118,0.8041607130462217,0.8166621248523663,0.803773304009907,0.7826232310428074,0.8163268769131833,0.816210414194183,0.8252927553582201,0.7807627922272133,0.7868249007251482,0.781297514289043,0.8129559758629278,0.7547638548579916,0.7629927689736673,0.7632359057783076,0.7421042304501092,1.0,0.040222606516920445,0.8163196276748663,0.7860848701998885,0.7477040951278483,0.7745965643386539,0.8049410702051689,0.6806125852778957,0.8154069141578826,0.7406292423694327,0.8038111366017595,0.8201320558719947,0.7570385689788381,0.7591860450946287,0.7518666316032175,0.8004315901234341,0.800731742276957,0.7474185159660371,0.7659265147913936
0.03569695540752715,0.041511466536385266,0.04089486853715929,0.041465412803146307,0.03597610087043834,0.04640147879522116,0.039104573658402475,0.04053983584592624,0.0386046919623364,0.03885601878032707,0.03787729799291217,0.04369432821733732,0.035459904357193484,0.0487169231309178,0.04409742054224686,0.038676076779347146,0.04324245160504947,0.037900135648261335,0.03585837976823447,0.04014960709485693,0.03840908672225918,0.04301785731641272,0.04003973341643796,0.040330904449505156,0.03843583716291665,0.04040752740936371,0.038127678233882745,0.04267511295441406,0.04319448877181342,0.04236029251192974,0.04474274124768085,0.040222606516920445,1.0,0.04164172829272117,0.043162934153029964,0.03969158362034508,0.038377899142704064,0.03920528861060879,0.03893069676953331,0.03863885674154455,0.04384027445293914,0.03809400510780725,0.03999912799126293,0.04259642980284395,0.04166252483071409,0.04888628001443718,0.040238827007692324,0.040170778623203174,0.045059509629107763,0.044671541276185445
0.7699661172505229,0.8041356021223134,0.7572399319949065,0.7548761624459577,0.7749731421656832,0.8052512836059476,0.790440046939751,0.7655177135683984,0.7720071454117797,0.7587695805676604,0.816258246861775,0.7573513772012986,0.8316924157321257,0.7588891880323433,0.7498901765844848,0.7870071814211911,0.7844405155072507,0.8295142951766887,0.8161898011416904,0.7940819562775764,0.8288112328058259,0.8628643345282466,0.8673057494541775,0.773731923490115,0.7596952708237664,0.7713126012665522,0.8256544508554812,0.757421741318531,0.7709422649266812,0.7660410610438825,0.7391968242508535,0.8163196276748663,0.04164172829272117,1.0,0.790551179309524,0.7670397341115487,0.7719142753077433,0.8120019602184533,0.690752070445805,0.8305805209232938,0.7379903326369925,0.8044059542551307,0.8284234227662022,0.7591590971270322,0.7601079799429263,0.7596725037281973,0.8051045802412513,0.8052962538060497,0.7489150738565511,0.7742477899139613
0.764070072686322,0.8264935370755577,0.7428594626770959,0.747151299331675,0.7586182097272142,0.8220509374224947,0.7778323030672653,0.7498469612286314,0.7593635747278992,0.7548246268022962,0.7964602749482349,0.7433578416239919,0.7961834411640685,0.7434221694634587,0.7321659984809478,0.7755680456165733,0.7909312953706501,0.7998970459893681,0.7900670807760382,0.7800722388822502,0.7922419247729972,0.7984081822925228,0.7963688864236822,0.8035540355990277,0.7827383286755454,0.7879237532568218,0.7919867801655549,0.744121250459745,0.7570511553270676,0.7627216041623174,0.7312660510542976,0.7860848701998885,0.043162934153029964,0.790551179309524,1.0,0.7449892446068349,0.7615121019663658,0.7860321772669978,0.6790507497388826,0.7982857069250493,0.7312036669485673,0.8017300583743032,0.7926170128571296,0.7457376033520258,0.747706468855439,0.7397071367104293,0.7995575774744341,0.7996800247331064,0.7448891838100924,0.7646913142610557
0.7634023891192513,0.7628117378489319,0.7502887263258565,0.793111293667217,0.7275263978529296,0.7588705821114345,0.7589015997455114,0.8031667092843662,0.7660268692688723,0.7969292044541443,0.7584398863893259,0.7921921054729721,0.7516620814873964,0.7969808233009635,0.7890898681552295,0.7540361724143565,0.7396116945018764,0.7671916653860525,0.7565834860647436,0.7600263518351809,0.7643774820434299,0.7566571557043337,0.76436218272896,0.7340001911671379,0.7199834659129178,0.7315987863807083,0.762239658834345,0.8000572839650227,0.7736410229474534,0.7595287597383196,0.7775665302547627,0.7477040951278483,0.03969158362034508,0.7670397341115487,0.7449892446068349,1.0,0.7414895115363527,0.7599894617173205,0.7308217631829341,0.7657788234454143,0.7771948392085422,0.7576943754085037,0.7623073848955919,0.8016268472625969,0.803726462824363,0.7624733919624817,0.7564997542949516,0.7565533186421513,0.7927415694693541,0.7796165341472523
0.7567142444253173,0.7682027797533957,0.7411903457759623,0.7407775545578433,0.7426191774471727,0.7654436864031622,0.8965337808233895,0.7422563770237183,0.7548784221186651,0.7396542126940735,0.7646153921670023,0.7309905028873344,0.7738628583612243,0.7382928559959533,0.7294615605897514,0.8919055496774038,0.7542309914479373,0.7877948231797238,0.7737137405039378,0.9048476428610747,0.7744111650898216,0.7739527509631401,0.7869065716124958,0.7512319410746625,0.7380542890498357,0.7562656949873704,0.7746887193415092,0.7348739810861722,0.7436150460891047,0.7637217237312931,0.7233559948829207,0.7745965643386539,0.038377899142704064,0.7719142753077433,0.7615121019663658,0.7414895115363527,1.0,0.755691985260737,0.6752459554299821,0.7630192892922313,0.7202691237786104,0.7616731868626256,0.7669985487138157,0.7354881500863504,0.7361686140030221,0.7330756591628681,0.7607262809947026,0.7604726446457989,0.7298697999645329,0.7527444137324517
0.7699398217276733,0.8077074935597965,0.7508164775231342,0.7500744444042836,0.7865149574183516,0.7984967776828858,0.7658832318840989,0.7644976829936789,0.7694543365405269,0.7609091011416151,0.8152089947848727,0.7480818491488669,0.8178778726439611,0.7532561444447966,0.742349110674632,0.7699755691332585,0.7697525865695564,0.8116162069026119,0.7999725994250964,0.7725652420184945,0.8099879383390989,0.8161345291629849,0.8197468121440283,0.7726592680227682,0.7610505838423389,0.7734173802721351,0.8358925907785382,0.7579019448640705,0.7632111554685592,0.7646436157005393,0.7395023592764299,0.8049410702051689,0.03920528861060879,0.8120019602184533,0.7860321772669978,0.7599894617173205,0.755691985260737,1.0,0.6929793405865601,0.8274958299331042,0.7403686045985471,0.8016640389918324,0.8433172413239882,0.7599352671760271,0.7578713794355254,0.7588033670814582,0.8066275846566171,0.8065863167919574,0.758508672016506,0.7702420644448473
0.6992950409585801,0.6903231673910795,0.6832130188809742,0.7225958727094732,0.7042607544502989,0.6932308863044503,0.6920347216748433,0.7327219488846634,0.6970555350200381,0.7257747468099296,0.6839494448343832,0.7255232260051141,0.680595585013094,0.7267708035928739,0.7193130428948699,0.6865513339574141,0.6758368460864932,0.6897243752113409,0.686262578151341,0.6922069667358409,0.6905761592431259,0.6815948633942455,0.6886249416082989,0.6670170852551711,0.6564783954728572,0.6678353627958943,0.6831258276860203,0.7305510214312902,0.7003929373610678,0.6897361281702181,0.71102272919919,0.6806125852778957,0.03893069676953331,0.690752070445805,0.6790507497388826,0.7308217631829341,0.6752459554299821,0.6929793405865601,1.0,0.6879555204728091,0.7147641644116718,0.6943499059251065,0.6859268366702355,0.7286670482665691,0.7342211184480183,0.6953294105597616,0.6855150449340228,0.6854076033233178,0.7228101347439992,0.7073861247299944
