../ecoli_genomes/GCF_000163235.1_ASM16323v1_genomic.fna.gz,../ecoli_genomes/GCF_000164555.1_ASM16455v1_genomic.fna.gz,../ecoli_genomes/GCF_000208545.1_ASM20854v2_genomic.fna.gz,../ecoli_genomes/GCF_000233875.1_ASM23387v1_genomic.fna.gz,../ecoli_genomes/GCF_000249735.1_ASM24973v2_genomic.fna.gz,../ecoli_genomes/GCF_000261145.1_Esch_coli_M919_V2_genomic.fna.gz,../ecoli_genomes/GCF_000267705.2_ASM26770v2_genomic.fna.gz,../ecoli_genomes/GCF_000350665.1_Esch_coli_KTE5_V1_genomic.fna.gz,../ecoli_genomes/GCF_000351625.1_Esch_coli_KTE66_V1_genomic.fna.gz,../ecoli_genomes/GCF_000352285.1_Esch_coli_KTE46_V1_genomic.fna.gz,../ecoli_genomes/GCF_000358895.1_ASM35889v1_genomic.fna.gz,../ecoli_genomes/GCF_000456385.1_Esch_coli_HVH_26_4-5703913_V1_genomic.fna.gz,../ecoli_genomes/GCF_000458195.1_Esch_coli_HVH_147_4-5893887_V1_genomic.fna.gz,../ecoli_genomes/GCF_000459755.1_Esch_coli_KOEGE_58_171a_V1_genomic.fna.gz,../ecoli_genomes/GCF_000460055.1_Esch_coli_UMEA_3053-1_V1_genomic.fna.gz,../ecoli_genomes/GCF_000462165.2_ASM46216v2_genomic.fna.gz,../ecoli_genomes/GCF_000601135.1_ASM60113v1_genomic.fna.gz,../ecoli_genomes/GCF_000614595.1_Ec2010EL1058_genomic.fna.gz,../ecoli_genomes/GCF_000617745.1_Ec2010C-4529_genomic.fna.gz,../ecoli_genomes/GCF_000618265.2_EcF6751_genomic.fna.gz,../ecoli_genomes/GCF_000619005.2_Ec2009C-4052_genomic.fna.gz,../ecoli_genomes/GCF_000619105.1_Ec2009C-4780_genomic.fna.gz,../ecoli_genomes/GCF_000619765.2_Ec2009C-3279_genomic.fna.gz,../ecoli_genomes/GCF_000687005.1_ASM68700v1_genomic.fna.gz,../ecoli_genomes/GCF_000687025.1_ASM68702v1_genomic.fna.gz,../ecoli_genomes/GCF_000700125.1_ASM70012v1_genomic.fna.gz,../ecoli_genomes/GCF_000753315.1_FHI35_genomic.fna.gz,../ecoli_genomes/GCF_000776375.1_ASM77637v1_genomic.fna.gz,../ecoli_genomes/GCF_000779395.1_ASM77939v1_genomic.fna.gz,../ecoli_genomes/GCF_000780315.1_ASM78031v1_genomic.fna.gz,../ecoli_genomes/GCF_000781995.1_ASM78199v1_genomic.fna.gz,../ecoli_genomes/GCF_000986765.1_ASM98676v1_genomic.fna.gz,../ecoli_genomes/GCF_001041375.1_ViralProj287958_genomic.fna.gz,../ecoli_genomes/GCF_001265335.1_302014_genomic.fna.gz,../ecoli_genomes/GCF_001265625.1_100854_genomic.fna.gz,../ecoli_genomes/GCF_001267345.1_303289_genomic.fna.gz,../ecoli_genomes/GCF_001309985.1_ASM130998v1_genomic.fna.gz,../ecoli_genomes/GCF_001521695.1_ASM152169v1_genomic.fna.gz,../ecoli_genomes/GCF_001592595.1_ASM159259v1_genomic.fna.gz,../ecoli_genomes/GCF_001614975.1_ASM161497v1_genomic.fna.gz,../ecoli_genomes/GCF_001692775.1_ASM169277v1_genomic.fna.gz,../ecoli_genomes/GCF_001748915.1_ASM174891v1_genomic.fna.gz,../ecoli_genomes/GCF_001749235.1_ASM174923v1_genomic.fna.gz,../ecoli_genomes/GCF_001881155.1_ASM188115v1_genomic.fna.gz,../ecoli_genomes/GCF_001881345.1_ASM188134v1_genomic.fna.gz,../ecoli_genomes/GCF_001892405.1_ASM189240v1_genomic.fna.gz,../ecoli_genomes/GCF_001892585.1_ASM189258v1_genomic.fna.gz,../ecoli_genomes/GCF_001893985.1_ASM189398v1_genomic.fna.gz,../ecoli_genomes/GCF_002001595.1_ASM200159v1_genomic.fna.gz,../ecoli_genomes/GCF_002002145.1_ASM200214v1_genomic.fna.gz
1.0,0.376192186229664,0.3241096458973247,0.34072856210064384,0.32580015801225526,0.3413391106801337,0.36136515576988393,0.34322312457736215,0.43307478729935867,0.3474028444367916,0.3772381503936173,0.34723837331141416,0.37051895336016716,0.3304800417851962,0.32350109386693204,0.35863558170820853,0.3388506953092675,0.3644333646556167,0.3364597428653733,0.361839612364553,0.3477618393057258,0.32957855177115725,0.3696687351373603,0.3545543697362947,0.33847416813607367,0.3461261051619786,0.36702792759863523,0.33705882158901235,0.4022823975321722,0.4342387084935082,0.3049656861847406,0.3581094528712001,0.0,0.3629348971472165,0.3600596779793671,0.3359700409308828,0.3380738754970649,0.370693735401444,0.2736850262248399,0.3715093442422399,0.31481906066484966,0.36022554864145007,0.36833957611526436,0.3422571258042255,0.35204173487965107,0.36858914517244445,0.3564627065825965,0.3565111284221262,0.3302798939677959,0.40691241803375056
0.376192186229664,1.0,0.29309581978560706,0.3272591447298404,0.39999112894346445,0.5155880544097933,0.3910050723847248,0.3309247731378341,0.3463993134838831,0.334533500628986,0.4688595105303295,0.3332450389764797,0.4614191349498832,0.31574535401583903,0.31200321434825173,0.3857954225331043,0.47104881096573437,0.4591472723765708,0.4079832715644286,0.3947840530954426,0.44634135382616014,0.39214013337899634,0.45903516295749913,0.5417108238691644,0.5378245458998958,0.4908761293518894,0.45897373310235523,0.3306091797905686,0.36293229187823295,0.36114580610674907,0.30482938553828587,0.4395581843153722,0.0,0.4520929715304043,0.5756662415914732,0.3199858736820752,0.36932538255837477,0.4665025418892267,0.252452715005847,0.4670389377847899,0.30930371194861506,0.5030949837532646,0.4604049311618039,0.34223221824182304,0.34179111157794273,0.3329367636535848,0.509494939540155,0.5100002351340934,0.3342260746588954,0.3580156754621887
0.3241096458973247,0.29309581978560706,1.0,0.26481763977489947,0.2532929337957893,0.2534276046242857,0.2795039660878159,0.27049917656751943,0.3073370070500293,0.26838126061896095,0.29402800677616847,0.2628406000473549,0.29037763384930804,0.26285123367676955,0.2596872208601957,0.27785417739078366,0.26251457749321694,0.28681431008624614,0.25619934808674205,0.2836962668308455,0.28184056989993134,0.2500406910010382,0.2915476068616645,0.2636360705043622,0.2571988965470976,0.2662251758580114,0.2908618074270114,0.27074148739837833,0.3106628293603979,0.31406201252348853,0.2505096106990893,0.2802027046959934,0.0,0.2868084350690552,0.270503743396757,0.2726502387671359,0.2646859461379505,0.2851434826254442,0.21245385462577748,0.2942199315505841,0.25893559702848135,0.2870208159503762,0.2960843415723019,0.27694569835212735,0.27244678434539504,0.2860507048154336,0.292325870481946,0.29180481424974747,0.2736807773285571,0.3131379812362983
0.34072856210064384,0.3272591447298404,0.26481763977489947,1.0,0.32591512966170155,0.30535766028146627,0.30884344974699585,0.5341345940272997,0.3448424486278765,0.5571972119838122,0.32838963258775444,0.5334395891884618,0.33333464119103484,0.5709984172938651,0.5962272533548271,0.3288672850139661,0.31919902461248084,0.3174116928070353,0.28929198034291304,0.310010773844585,0.30924968405654785,0.28408256418648814,0.32958297102944567,0.31520248563669095,0.3180316619729957,0.32896157259517345,0.31973165565254225,0.5534580447948592,0.3512188716848017,0.3279079697587406,0.5345615970376424,0.3337000587618504,0.0,0.31339308864981164,0.3087066947174234,0.4580797174767899,0.3022400545652798,0.31271147830249324,0.37382113066222644,0.31457321598232124,0.5546454115584944,0.3089398677827222,0.3176725749413748,0.5592045118498836,0.5472247374894957,0.33824365185048766,0.3100608949925723,0.31061412314773595,0.4918758804438764,0.3574025212635853
0.32580015801225526,0.39999112894346445,0.2532929337957893,0.32591512966170155,1.0,0.39504488368869595,0.3384285306470096,0.31564678356135256,0.3496598285798471,0.3239253730470485,0.49109406857500215,0.29329684850627125,0.47285208260336853,0.29813882034417705,0.3235667782422802,0.3811989712535363,0.43181350415215725,0.4142776457836703,0.384236944445856,0.3425272504635837,0.4276981966676737,0.3666077656924971,0.42463505971641524,0.43721580064512666,0.41149103677737464,0.42715766984136894,0.43452120598803456,0.28061129265316764,0.32876271752685204,0.32804878089090117,0.3081104829421165,0.46087028044284617,0.0,0.42059390621743187,0.39767089004859013,0.2850279844576121,0.34218523550580104,0.459333196642183,0.3249870841027235,0.44656435947458717,0.3201613763120962,0.40688930601899,0.4449403858655523,0.29408974566667545,0.29656697854740754,0.3068129692942516,0.4176863488246433,0.41806033873280524,0.2878393173255587,0.3289015713379404
0.3413391106801337,0.5155880544097933,0.2534276046242857,0.30535766028146627,0.39504488368869595,1.0,0.39218662737599264,0.31347419765026197,0.3158085559283682,0.299011638699724,0.4355908866506848,0.2984512534735142,0.42092713145279603,0.29006623878896476,0.2865752673655272,0.40555499964569275,0.44386769375901336,0.4265446888873592,0.4058004151759277,0.3758626635132196,0.4087966244271859,0.48686103233517175,0.4267008187449205,0.5294057363960971,0.5379412097507881,0.48949390093302414,0.40842376542116776,0.2962537328892584,0.33689202692136333,0.3191163901405373,0.2759704861376773,0.4252083024845059,0.0,0.42355224994055585,0.5276700358186925,0.3100285355366992,0.366191682252745,0.4191852163767025,0.24908619419128164,0.42443405635810505,0.2846631387736246,0.46310723108736807,0.41672801728076136,0.30402166961133403,0.3034989959817971,0.31928392793251137,0.46501407862990995,0.4662908158330863,0.2907747661843094,0.3389398357622473
0.36136515576988393,0.3910050723847248,0.2795039660878159,0.30884344974699585,0.3384285306470096,0.39218662737599264,1.0,0.309823758282018,0.34881475775047877,0.30511445327356723,0.3981789458522701,0.29981148622923404,0.39563325785794856,0.2990281210937846,0.29197938720321415,0.7466796270890589,0.364514646632045,0.43833191453518794,0.394640014108536,0.8616819953823336,0.42975606978824565,0.3910563023045073,0.43834691750263954,0.3751042662709748,0.35985587644407935,0.3777457217878999,0.40680435062146936,0.3053018805272012,0.3443628163060769,0.3532257217257627,0.2799485188872274,0.38659918800249315,0.0,0.405002882718545,0.398753401649381,0.32526072823453156,0.7940378525438637,0.38390849829360074,0.25137043789440205,0.4024947722921449,0.28661270350885215,0.3904270364827932,0.40312070227581676,0.3100851844049499,0.30814906512588003,0.3209697706793425,0.38447560336988507,0.38403545812777906,0.2991057400829472,0.3501372359380568
0.34322312457736215,0.3309247731378341,0.27049917656751943,0.5341345940272997,0.31564678356135256,0.31347419765026197,0.309823758282018,1.0,0.3388450970341872,0.5438055744517523,0.327570400846954,0.5020325371311858,0.34007458900762466,0.514928012947647,0.5137353753022902,0.3214574011619046,0.31425931957126285,0.32325607359157493,0.29947882279089677,0.3119212568575833,0.3138401973117375,0.289319536319811,0.329359806960153,0.3242645823763953,0.3096604470620722,0.3253840746274176,0.325249978256282,0.6877644158607604,0.3590850138556081,0.329329908177205,0.4907426770304488,0.33078807755915374,0.0,0.32283669395183634,0.3120386004525072,0.44968230460483083,0.29846769540259366,0.33326676785049414,0.3710234617813435,0.3234897723625143,0.5147356101818205,0.31688745988717737,0.3251288385033049,0.6974237168482054,0.6742506909839783,0.33389594891374497,0.3119159843850562,0.31189573605007326,0.4803937202782631,0.3600833435655383
0.43307478729935867,0.3463993134838831,0.3073370070500293,0.3448424486278765,0.3496598285798471,0.3158085559283682,0.34881475775047877,0.3388450970341872,1.0,0.35081912563605433,0.3685171339322941,0.3189528194431649,0.3696434343956775,0.32940335413203414,0.33694009938364455,0.3648082431373175,0.3354702787384043,0.35428417879364027,0.31361817207017406,0.353181231325683,0.3443930909644356,0.3052482431384024,0.35406070758358954,0.3480950655047971,0.32806137312033923,0.35339062246020714,0.36060972500732846,0.31980119715942734,0.37887158060058335,0.4543227419405713,0.32410080230342164,0.35415377985175933,0.0,0.34721859134743116,0.3418386514553905,0.3361167275042394,0.33827036413979295,0.3450984554521501,0.25592246349359793,0.36289951640037554,0.32834880249684173,0.34690423337584975,0.3633688966588994,0.32757901452275684,0.322490605839562,0.35357098353799865,0.34582945007553323,0.34575201081877127,0.31900390245520593,0.38827036167420703
0.3474028444367916,0.334533500628986,0.26838126061896095,0.5571972119838122,0.3239253730470485,0.299011638699724,0.30511445327356723,0.5438055744517523,0.35081912563605433,1.0,0.337099013007341,0.5045848131745774,0.3411287542201582,0.5339530436827109,0.5352446618905043,0.32751267120673366,0.3069984821668822,0.31729272451199886,0.28977094733210307,0.3074619861693374,0.30989367948730495,0.28015546563531946,0.3182390907410453,0.3105078632956829,0.3103857486585767,0.3273354040313631,0.32190792318725137,0.5384213392255086,0.3544653136230801,0.3389805200796995,0.5401626328526008,0.31936786246223414,0.0,0.3083413847360752,0.30664661635957,0.4639244442283815,0.2986397789063654,0.3224879664385445,0.3792173805214045,0.32762726967006983,0.5547290291207698,0.31228434052968457,0.3198658606511209,0.5463807675052745,0.5452908010472006,0.33560213087011825,0.3134155889053325,0.3131367299706228,0.5097911334374479,0.35181454739172713
0.3772381503936173,0.4688595105303295,0.29402800677616847,0.32838963258775444,0.49109406857500215,0.4355908866506848,0.3981789458522701,0.327570400846954,0.3685171339322941,0.337099013007341,1.0,0.32195281694818556,0.567266908061077,0.32309755925059447,0.3177663610028785,0.40607868452962925,0.4229759762581583,0.5249587309187561,0.48851829699870897,0.4016456468584496,0.5137786744990713,0.4813909239802383,0.5243881439870633,0.4539743584969176,0.42926364731285704,0.4527034808500703,0.5382171817620873,0.32568073042225065,0.36111696842618657,0.37138524043779375,0.30543305337181037,0.49495821183294997,0.0,0.5119553935351668,0.46217770059810115,0.3383743094092285,0.37777134636069365,0.5163487894688081,0.2599167364015861,0.5564426664918909,0.31499412023384754,0.480292780536683,0.5392859638112115,0.33269054961497546,0.3296995360281255,0.3404150388752377,0.4829468390324625,0.48247683680925213,0.32917774776387754,0.3691425796277108
0.34723837331141416,0.3332450389764797,0.2628406000473549,0.5334395891884618,0.29329684850627125,0.2984512534735142,0.29981148622923404,0.5020325371311858,0.3189528194431649,0.5045848131745774,0.32195281694818556,1.0,0.31748237051290495,0.5182826053379073,0.6089798128545969,0.3033760216487751,0.2996754665151721,0.30532639224184543,0.28843624077815744,0.3013570643832447,0.30340858148937455,0.28236865464808614,0.3139386973022572,0.30507379971669213,0.3004602661819201,0.3092748087689008,0.30942990424763006,0.5096445581908764,0.35874013014793515,0.321527632504539,0.46138543170837,0.30863471595425074,0.0,0.3074431229794534,0.30613578037720435,0.43044949436752666,0.2857788363642396,0.3145569891843344,0.37108743527028176,0.312710853685505,0.4847704166407608,0.30372410898722335,0.3121216621745456,0.5145759839022237,0.5133403206989962,0.33218820200560073,0.3092600425043974,0.30950858536314885,0.4624018449932923,0.34904126828083126
0.37051895336016716,0.4614191349498832,0.29037763384930804,0.33333464119103484,0.47285208260336853,0.42092713145279603,0.39563325785794856,0.34007458900762466,0.3696434343956775,0.3411287542201582,0.567266908061077,0.31748237051290495,1.0,0.3179293642797506,0.328835915634518,0.4145832874574634,0.4249432427687353,0.5312675994073892,0.5252625207046633,0.4008581566734515,0.5361041728296568,0.5155902914228967,0.579229313874615,0.45218150922510303,0.421157545152817,0.45138500324278896,0.5633452728907098,0.3226067040471112,0.35446320480445104,0.3756459219214673,0.31366223626936396,0.5372708806251758,0.0,0.5640841802650024,0.4525737350514222,0.32487413429788947,0.3922764513645577,0.5317512797234526,0.25074988602522086,0.5745936768459746,0.3231458274674138,0.4670703890653991,0.5550283545551149,0.32904230916115085,0.32521624939279015,0.3299490563687001,0.46675393459108827,0.4666284740367499,0.3202698715485297,0.36094009478986444
0.3304800417851962,0.31574535401583903,0.26285123367676955,0.5709984172938651,0.29813882034417705,0.29006623878896476,0.2990281210937846,0.514928012947647,0.32940335413203414,0.5339530436827109,0.32309755925059447,0.5182826053379073,0.3179293642797506,1.0,0.5745850432957647,0.3008315152522344,0.2930294947703366,0.31179088133801636,0.2834839006055646,0.3019000945531023,0.30120203531812384,0.2750078539840489,0.3161362299150371,0.28940352542457737,0.28585479075537035,0.29874238964859157,0.3171274662021476,0.5508953941502993,0.35753865307934374,0.32290744534634386,0.5117795998509511,0.30802135282710097,0.0,0.30539532268101954,0.2997950916910622,0.450811747312051,0.28570545408248915,0.3123324587965848,0.36869050362202493,0.3117264783713669,0.5312545364797674,0.30294948259324417,0.31536914879307376,0.5476229658837712,0.5347214401615351,0.3326619916441692,0.30283679413430986,0.30298106687336146,0.48677682490159524,0.3571189095466948
0.32350109386693204,0.31200321434825173,0.2596872208601957,0.5962272533548271,0.3235667782422802,0.2865752673655272,0.29197938720321415,0.5137353753022902,0.33694009938364455,0.5352446618905043,0.3177663610028785,0.6089798128545969,0.328835915634518,0.5745850432957647,1.0,0.3137763643169088,0.30969160892927006,0.30438875637051577,0.2747377780545788,0.29671713375744846,0.2973720107500536,0.2629808724586571,0.3128645292739084,0.30337783583555633,0.30062019802662276,0.31748145342813405,0.3076734833267095,0.5187768715389148,0.3457931370232855,0.32114113931899113,0.5257745271550289,0.31775536694668116,0.0,0.29895149300361423,0.29810907102557116,0.43987164561216907,0.28934597155995434,0.3049242490350802,0.3710684402291895,0.3062217070201988,0.5398331274596293,0.2997103887504946,0.3090818325206329,0.5196728399472407,0.5102416734672541,0.3289537379356655,0.30738739047644126,0.30751010654733,0.47140721805547725,0.35963616070894733
0.35863558170820853,0.3857954225331043,0.27785417739078366,0.3288672850139661,0.3811989712535363,0.40555499964569275,0.7466796270890589,0.3214574011619046,0.3648082431373175,0.32751267120673366,0.40607868452962925,0.3033760216487751,0.4145832874574634,0.3008315152522344,0.3137763643169088,1.0,0.3746117548477763,0.4181112458204189,0.38198784597610524,0.7514821950893283,0.40735839587740474,0.3998767063962526,0.42119014763708484,0.40254209832593946,0.3891810585860307,0.4152154002937699,0.39549226899699685,0.30094967328711286,0.33928287161551807,0.362279817513838,0.29932190312948914,0.39789148091309,0.0,0.3948158292211672,0.39354650562357185,0.31692341539226043,0.729549157738519,0.38162582781157317,0.24190392535426253,0.3980495553765163,0.30762077282687617,0.3872397344348538,0.397340672054298,0.30977674241043074,0.309250738801338,0.3215244707692494,0.3839457603733354,0.38350151694628987,0.3008095869842692,0.3450596889955482
0.3388506953092675,0.47104881096573437,0.26251457749321694,0.31919902461248084,0.43181350415215725,0.44386769375901336,0.364514646632045,0.31425931957126285,0.3354702787384043,0.3069984821668822,0.4229759762581583,0.2996754665151721,0.4249432427687353,0.2930294947703366,0.30969160892927006,0.3746117548477763,1.0,0.4090982954581882,0.37569632873152325,0.3636287036056026,0.40676400373068355,0.3776751045768756,0.43392509169670856,0.5302695103325819,0.5109429410473862,0.5099475751429423,0.41276604976946685,0.2953180662707847,0.33836189886398504,0.32478093788526696,0.29067517774470064,0.4750765727560984,0.0,0.42752249701114753,0.4715412346396123,0.30627529125941955,0.3535537191854651,0.40027658063337734,0.23937581502146876,0.4203288265697843,0.29683076982293044,0.4546471856864477,0.4142273039653489,0.30801720201569094,0.3125837071677535,0.30376607598139305,0.4721257928306577,0.4730882489064868,0.28686098690126316,0.33059616508367373
0.3644333646556167,0.4591472723765708,0.28681431008624614,0.3174116928070353,0.4142776457836703,0.4265446888873592,0.43833191453518794,0.32325607359157493,0.35428417879364027,0.31729272451199886,0.5249587309187561,0.30532639224184543,0.5312675994073892,0.31179088133801636,0.30438875637051577,0.4181112458204189,0.4090982954581882,1.0,0.5198114595356156,0.4395938357880633,0.5556520890077832,0.4916008100055508,0.5724982475773341,0.4345176707637327,0.4031074511454146,0.430988832972514,0.5434816370519978,0.3196737956485787,0.35025574782582325,0.3604866202821948,0.293814867654541,0.4890766615842347,0.0,0.5272698903892117,0.4598757273839156,0.3431138992246403,0.4149371282928148,0.49618702884129195,0.26468228940781446,0.5390270799399128,0.2986418585611096,0.46967652773847335,0.5281350791838312,0.32152163236910747,0.31944313937310065,0.32723365174525443,0.46064642790858634,0.46037469249521257,0.3081651835243704,0.35705127078563825
0.3364597428653733,0.4079832715644286,0.25619934808674205,0.28929198034291304,0.384236944445856,0.4058004151759277,0.394640014108536,0.29947882279089677,0.31361817207017406,0.28977094733210307,0.48851829699870897,0.28843624077815744,0.5252625207046633,0.2834839006055646,0.2747377780545788,0.38198784597610524,0.37569632873152325,0.5198114595356156,1.0,0.3887629124491174,0.5067200639741801,0.5185410401233845,0.5121109223653947,0.39744743869150123,0.37750396615625836,0.38976400471465833,0.4884032045699154,0.29307328553145595,0.3205003161729907,0.32573215439422964,0.2659955662979415,0.4754370383536437,0.0,0.4775237180044206,0.4213161763567941,0.3045671454146045,0.36619057076302985,0.4536662415253955,0.23673323812367963,0.48875374117561965,0.27407036077082214,0.41794043314846785,0.47517645397173847,0.29974087357335155,0.2981611533828038,0.3040337233459386,0.4149812532137299,0.41543063003305924,0.28105817842733705,0.3284490751127126
0.361839612364553,0.3947840530954426,0.2836962668308455,0.310010773844585,0.3425272504635837,0.3758626635132196,0.8616819953823336,0.3119212568575833,0.353181231325683,0.3074619861693374,0.4016456468584496,0.3013570643832447,0.4008581566734515,0.3019000945531023,0.29671713375744846,0.7514821950893283,0.3636287036056026,0.4395938357880633,0.3887629124491174,1.0,0.43173189118724775,0.377892100556421,0.4399043666640583,0.3739347155139804,0.3611685022336989,0.3763804446297555,0.4117891840709812,0.3088329920118157,0.34856285917082064,0.35818853654516614,0.2847080262381747,0.3864036919870746,0.0,0.4065926279992862,0.3999379322418538,0.3255876125600766,0.7855146844692157,0.38878237918519365,0.2507870828883295,0.4076823866243937,0.2910030710081174,0.3952786904728355,0.4082027423883674,0.3118226652409044,0.30903394730341827,0.3250682108439926,0.3888148660233197,0.3883704822549908,0.3043710410204681,0.35516492018940826
0.3477618393057258,0.44634135382616014,0.28184056989993134,0.30924968405654785,0.4276981966676737,0.4087966244271859,0.42975606978824565,0.3138401973117375,0.3443930909644356,0.30989367948730495,0.5137786744990713,0.30340858148937455,0.5361041728296568,0.30120203531812384,0.2973720107500536,0.40735839587740474,0.40676400373068355,0.5556520890077832,0.5067200639741801,0.43173189118724775,1.0,0.48375890351694306,0.5686691000972658,0.4220155045585984,0.3959802925772662,0.4251737714837529,0.5431032270831532,0.31188106766642365,0.34175945912060346,0.3558696386756095,0.2864574347894343,0.49529544182830754,0.0,0.5376214707099464,0.4481072794298345,0.3298534281622141,0.40198349276909595,0.5062785469907725,0.2537412829246327,0.5468916894239465,0.29678529933351483,0.4459822165100299,0.5287879121571684,0.3150497526739484,0.31290794280992196,0.3319641803044301,0.46227883035321693,0.4621563024634531,0.30360136449541675,0.3500947161052934
0.32957855177115725,0.39214013337899634,0.2500406910010382,0.28408256418648814,0.3666077656924971,0.48686103233517175,0.3910563023045073,0.289319536319811,0.3052482431384024,0.28015546563531946,0.4813909239802383,0.28236865464808614,0.5155902914228967,0.2750078539840489,0.2629808724586571,0.3998767063962526,0.3776751045768756,0.4916008100055508,0.5185410401233845,0.377892100556421,0.48375890351694306,1.0,0.6193041560695342,0.41252173191506314,0.41096326113174697,0.4357807418966638,0.47720560742832163,0.2859294248046197,0.306923473424475,0.31238021285652806,0.25433906024743436,0.46584653975507573,0.0,0.5592525721427999,0.40289106161510757,0.29317713057377837,0.35900828912092897,0.45258009230159957,0.23121526054727715,0.49564093490085115,0.26115811646598286,0.40473352254136463,0.47358671435951627,0.29302573710234825,0.2884043798877717,0.30348017331544475,0.40021688080915163,0.4001093405543086,0.2729851688050515,0.31761447872935566
0.3696687351373603,0.45903516295749913,0.2915476068616645,0.32958297102944567,0.42463505971641524,0.4267008187449205,0.43834691750263954,0.329359806960153,0.35406070758358954,0.3182390907410453,0.5243881439870633,0.3139386973022572,0.579229313874615,0.3161362299150371,0.3128645292739084,0.42119014763708484,0.43392509169670856,0.5724982475773341,0.5121109223653947,0.4399043666640583,0.5686691000972658,0.6193041560695342,1.0,0.4311547063000817,0.41599088734855905,0.4334704165311686,0.5645627556432534,0.32913583156887205,0.3542663774038419,0.3593306839247371,0.3003735384476366,0.5246264142081739,0.0,0.6610145139870652,0.4579470080538537,0.3379764034477628,0.4160355697971252,0.5171607609318136,0.27091165960257624,0.5630616723016437,0.30631681365699104,0.4626623794956116,0.5463348686658893,0.33196702459821326,0.33016814422910135,0.3311049018237894,0.46058662996623756,0.4606268514299324,0.3152823184101101,0.35697707770520837
0.3545543697362947,0.5417108238691644,0.2636360705043622,0.31520248563669095,0.43721580064512666,0.5294057363960971,0.3751042662709748,0.3242645823763953,0.3480950655047971,0.3105078632956829,0.4539743584969176,0.30507379971669213,0.45218150922510303,0.28940352542457737,0.30337783583555633,0.40254209832593946,0.5302695103325819,0.4345176707637327,0.39744743869150123,0.3739347155139804,0.4220155045585984,0.41252173191506314,0.4311547063000817,1.0,0.5647725683695171,0.5192903834069595,0.4292352900186298,0.2928425462743487,0.3466334970819769,0.33980983072376725,0.28751546677149253,0.45242822155612994,0.0,0.42729048157602634,0.5560429283206495,0.3108646330016077,0.3631302747314117,0.42051114349238616,0.23723806706307848,0.43408907684613973,0.29638971421168214,0.47669852586271677,0.42416265791598584,0.30780590986995715,0.31146468003696925,0.30992852817308003,0.471006834424917,0.4715612466384699,0.29239127835684886,0.33513762198755215
0.33847416813607367,0.5378245458998958,0.2571988965470976,0.3180316619729957,0.41149103677737464,0.5379412097507881,0.35985587644407935,0.3096604470620722,0.32806137312033923,0.3103857486585767,0.42926364731285704,0.3004602661819201,0.421157545152817,0.28585479075537035,0.30062019802662276,0.3891810585860307,0.5109429410473862,0.4031074511454146,0.37750396615625836,0.3611685022336989,0.3959802925772662,0.41096326113174697,0.41599088734855905,0.5647725683695171,1.0,0.5330182386037148,0.40451285337958154,0.2852513018793803,0.31969561405705027,0.32211129345376777,0.285111592499502,0.4634102201090068,0.0,0.409809976509673,0.5346758687371642,0.2906155654061352,0.34976150677984685,0.4099087636781821,0.2336507642728941,0.4177779866592194,0.29403293390554675,0.4553003880404989,0.4091418346440234,0.31066926384946947,0.30704537939871757,0.3101699311166358,0.45726492758313786,0.45837185273923853,0.29743597102248676,0.31896508195753637
0.3461261051619786,0.4908761293518894,0.2662251758580114,0.32896157259517345,0.42715766984136894,0.48949390093302414,0.3777457217878999,0.3253840746274176,0.35339062246020714,0.3273354040313631,0.4527034808500703,0.3092748087689008,0.45138500324278896,0.29874238964859157,0.31748145342813405,0.4152154002937699,0.5099475751429423,0.430988832972514,0.38976400471465833,0.3763804446297555,0.4251737714837529,0.4357807418966638,0.4334704165311686,0.5192903834069595,0.5330182386037148,1.0,0.4276135674300896,0.29911257321009266,0.33057192611237196,0.34079016006432583,0.30064954093870544,0.4463417523852571,0.0,0.41954740103560195,0.49121129366251526,0.3060512521791321,0.3721763870068777,0.41580273748992735,0.23635177274641517,0.4415127280288549,0.30766776487882674,0.4720749645825829,0.4217098581478721,0.3204720369770526,0.3131594256305922,0.3123934970705099,0.47726501688303635,0.47690337357433954,0.30486261880403187,0.3344807170853694
0.36702792759863523,0.45897373310235523,0.2908618074270114,0.31973165565254225,0.43452120598803456,0.40842376542116776,0.40680435062146936,0.325249978256282,0.36060972500732846,0.32190792318725137,0.5382171817620873,0.30942990424763006,0.5633452728907098,0.3171274662021476,0.3076734833267095,0.39549226899699685,0.41276604976946685,0.5434816370519978,0.4884032045699154,0.4117891840709812,0.5431032270831532,0.47720560742832163,0.5645627556432534,0.4292352900186298,0.40451285337958154,0.4276135674300896,1.0,0.3200547948261162,0.35923019093362973,0.36301085078265627,0.2980058329737092,0.5151275076710087,0.0,0.5368860457098585,0.45013736688930295,0.3295325731042581,0.38481671267570383,0.6033581559513334,0.24796888237936987,0.5741440073840458,0.30674618364743844,0.4587766491575954,0.6403517979707277,0.3267161364667919,0.31974774107531656,0.3376816978633266,0.4572858966183472,0.45719249383472704,0.31907042848298783,0.36349820150190393
0.33705882158901235,0.3306091797905686,0.27074148739837833,0.5534580447948592,0.28061129265316764,0.2962537328892584,0.3053018805272012,0.6877644158607604,0.31980119715942734,0.5384213392255086,0.32568073042225065,0.5096445581908764,0.3226067040471112,0.5508953941502993,0.5187768715389148,0.30094967328711286,0.2953180662707847,0.3196737956485787,0.29307328553145595,0.3088329920118157,0.31188106766642365,0.2859294248046197,0.32913583156887205,0.2928425462743487,0.2852513018793803,0.29911257321009266,0.3200547948261162,1.0,0.3581294090897166,0.3240072416020141,0.4914510644190828,0.3141642439281508,0.0,0.31447998033868285,0.30573093019038156,0.45219209017809825,0.2886131062126642,0.323888378992772,0.3811644916646013,0.3198136514304314,0.5128656723637304,0.31127418450840294,0.31756976041748697,0.8094728290901599,0.7674242276198947,0.33267508080986086,0.31263175852447256,0.3123454513673053,0.4996538223123621,0.3518404116534062
0.4022823975321722,0.36293229187823295,0.3106628293603979,0.3512188716848017,0.32876271752685204,0.33689202692136333,0.3443628163060769,0.3590850138556081,0.37887158060058335,0.3544653136230801,0.36111696842618657,0.35874013014793515,0.35446320480445104,0.35753865307934374,0.3457931370232855,0.33928287161551807,0.33836189886398504,0.35025574782582325,0.3205003161729907,0.34856285917082064,0.34175945912060346,0.306923473424475,0.3542663774038419,0.3466334970819769,0.31969561405705027,0.33057192611237196,0.35923019093362973,0.3581294090897166,1.0,0.3789468325051175,0.3306987831949496,0.346190379199678,0.0,0.352946721669527,0.34628516869812576,0.35860638059008,0.32676414957980193,0.35677686478477977,0.2749099259430895,0.35822100042795324,0.3339793606718221,0.3435905821412346,0.3553843775173786,0.3579620584691442,0.35501955407944286,0.43276106897177014,0.34987480101613855,0.3489409909774279,0.3462178035903072,0.6278050106664239
0.4342387084935082,0.36114580610674907,0.31406201252348853,0.3279079697587406,0.32804878089090117,0.3191163901405373,0.3532257217257627,0.329329908177205,0.4543227419405713,0.3389805200796995,0.37138524043779375,0.321527632504539,0.3756459219214673,0.32290744534634386,0.32114113931899113,0.362279817513838,0.32478093788526696,0.3604866202821948,0.32573215439422964,0.35818853654516614,0.3558696386756095,0.31238021285652806,0.3593306839247371,0.33980983072376725,0.32211129345376777,0.34079016006432583,0.36301085078265627,0.3240072416020141,0.3789468325051175,1.0,0.3138278031090599,0.34168795320855105,0.0,0.3494126373265216,0.34688068820330253,0.3282634403727912,0.3402759150236544,0.3519698585690554,0.26075487912664697,0.37466839127690843,0.32068339094781384,0.3493086514783067,0.36491042175705146,0.3304652401860865,0.3256590989269418,0.3698467380719568,0.3582648397831981,0.3580351113709732,0.32210078091565275,0.39320502231898347
0.3049656861847406,0.30482938553828587,0.2505096106990893,0.5345615970376424,0.3081104829421165,0.2759704861376773,0.2799485188872274,0.4907426770304488,0.32410080230342164,0.5401626328526008,0.30543305337181037,0.46138543170837,0.31366223626936396,0.5117795998509511,0.5257745271550289,0.29932190312948914,0.29067517774470064,0.293814867654541,0.2659955662979415,0.2847080262381747,0.2864574347894343,0.25433906024743436,0.3003735384476366,0.28751546677149253,0.285111592499502,0.30064954093870544,0.2980058329737092,0.4914510644190828,0.3306987831949496,0.3138278031090599,1.0,0.3055401923212461,0.0,0.289076919537954,0.28356055657997115,0.42421798811368727,0.27634573410795027,0.29341952776623914,0.3396060066440718,0.2992141966494468,0.6442828507333489,0.2896908018144648,0.2968847917663474,0.4978735703796451,0.48857436565662016,0.31807668690255475,0.2903658135384397,0.290491074955065,0.45107411262016583,0.3296511058602284
0.3581094528712001,0.4395581843153722,0.2802027046959934,0.3337000587618504,0.46087028044284617,0.4252083024845059,0.38659918800249315,0.33078807755915374,0.35415377985175933,0.31936786246223414,0.49495821183294997,0.30863471595425074,0.5372708806251758,0.30802135282710097,0.31775536694668116,0.39789148091309,0.4750765727560984,0.4890766615842347,0.4754370383536437,0.3864036919870746,0.49529544182830754,0.46584653975507573,0.5246264142081739,0.45242822155612994,0.4634102201090068,0.4463417523852571,0.5151275076710087,0.3141642439281508,0.346190379199678,0.34168795320855105,0.3055401923212461,1.0,0.0,0.5069323611134608,0.4329313402943732,0.3072319601393776,0.3806876220835844,0.5076447936201673,0.24753043306912537,0.5268673268713198,0.30592318722251177,0.44353959644443275,0.5222147935368995,0.3196767564624222,0.32482381367060353,0.3194252920680162,0.453787725094274,0.45421018351395537,0.2950627894458424,0.3377831106642206
0.0,0.0,0.0,0.0,0.0,0.0,0.0,0.0,0.0,0.0,0.0,0.0,0.0,0.0,0.0,0.0,0.0,0.0,0.0,0.0,0.0,0.0,0.0,0.0,0.0,0.0,0.0,0.0,0.0,0.0,0.0,0.0,1.0,0.0,0.0,0.0,0.0,0.0,0.0,0.0,0.0,0.0,0.0,0.0,0.0,0.0,0.0,0.0,0.0,0.0
0.3629348971472165,0.4520929715304043,0.2868084350690552,0.31339308864981164,0.42059390621743187,0.42355224994055585,0.405002882718545,0.32283669395183634,0.34721859134743116,0.3083413847360752,0.5119553935351668,0.3074431229794534,0.5640841802650024,0.30539532268101954,0.29895149300361423,0.3948158292211672,0.42752249701114753,0.5272698903892117,0.4775237180044206,0.4065926279992862,0.5376214707099464,0.5592525721427999,0.6610145139870652,0.42729048157602634,0.409809976509673,0.41954740103560195,0.5368860457098585,0.31447998033868285,0.352946721669527,0.3494126373265216,0.289076919537954,0.5069323611134608,0.0,1.0,0.4480066597179445,0.33745282811312405,0.38265494827873314,0.5055540073390441,0.26740078694972047,0.546256829589588,0.29480734249561047,0.4536345910680114,0.5432092686498635,0.31870480260797507,0.3213826541652445,0.32396451138539595,0.456152354404474,0.45571124730852164,0.3034691022013347,0.3522581508506546
0.3600596779793671,0.5756662415914732,0.270503743396757,0.3087066947174234,0.39767089004859013,0.5276700358186925,0.398753401649381,0.3120386004525072,0.3418386514553905,0.30664661635957,0.46217770059810115,0.30613578037720435,0.4525737350514222,0.2997950916910622,0.29810907102557116,0.39354650562357185,0.4715412346396123,0.4598757273839156,0.4213161763567941,0.3999379322418538,0.4481072794298345,0.40289106161510757,0.4579470080538537,0.5560429283206495,0.5346758687371642,0.49121129366251526,0.45013736688930295,0.30573093019038156,0.34628516869812576,0.34688068820330253,0.28356055657997115,0.4329313402943732,0.0,0.4480066597179445,1.0,0.3161958223237774,0.3742235037392485,0.43703674976055307,0.2510708817451688,0.4600794741759483,0.2930934828781525,0.5024976516360271,0.45372199009250047,0.31089628625955745,0.3113553203910182,0.31898322129847767,0.4936231576340002,0.4934652144859849,0.304728534308761,0.345707561968846
0.3359700409308828,0.3199858736820752,0.2726502387671359,0.4580797174767899,0.2850279844576121,0.3100285355366992,0.32526072823453156,0.44968230460483083,0.3361167275042394,0.4639244442283815,0.3383743094092285,0.43044949436752666,0.32487413429788947,0.450811747312051,0.43987164561216907,0.31692341539226043,0.30627529125941955,0.3431138992246403,0.3045671454146045,0.3255876125600766,0.3298534281622141,0.29317713057377837,0.3379764034477628,0.3108646330016077,0.2906155654061352,0.3060512521791321,0.3295325731042581,0.45219209017809825,0.35860638059008,0.3282634403727912,0.42421798811368727,0.3072319601393776,0.0,0.33745282811312405,0.3161958223237774,1.0,0.3062543067319621,0.3163930373842635,0.3832849089773228,0.3333030882666831,0.4357677034784183,0.320965717666054,0.32383191028435976,0.45788453294475795,0.4594887823286632,0.330922730886242,0.31570391549230603,0.31541542720363214,0.45371845399020305,0.3586152395510849
0.3380738754970649,0.36932538255837477,0.2646859461379505,0.3022400545652798,0.34218523550580104,0.366191682252745,0.7940378525438637,0.29846769540259366,0.33827036413979295,0.2986397789063654,0.37777134636069365,0.2857788363642396,0.3922764513645577,0.28570545408248915,0.28934597155995434,0.729549157738519,0.3535537191854651,0.4149371282928148,0.36619057076302985,0.7855146844692157,0.40198349276909595,0.35900828912092897,0.4160355697971252,0.3631302747314117,0.34976150677984685,0.3721763870068777,0.38481671267570383,0.2886131062126642,0.32676414957980193,0.3402759150236544,0.27634573410795027,0.3806876220835844,0.0,0.38265494827873314,0.3742235037392485,0.3062543067319621,1.0,0.3643119804709041,0.2366022425931904,0.37857288771019193,0.2812575345135728,0.37283553933022096,0.38579784917775994,0.2928061211865248,0.29081636350790596,0.3015435691740195,0.36496045683492473,0.36454399929499637,0.2819508746057613,0.33006800405953385
0.370693735401444,0.4665025418892267,0.2851434826254442,0.31271147830249324,0.459333196642183,0.4191852163767025,0.38390849829360074,0.33326676785049414,0.3450984554521501,0.3224879664385445,0.5163487894688081,0.3145569891843344,0.5317512797234526,0.3123324587965848,0.3049242490350802,0.38162582781157317,0.40027658063337734,0.49618702884129195,0.4536662415253955,0.38878237918519365,0.5062785469907725,0.45258009230159957,0.5171607609318136,0.42051114349238616,0.4099087636781821,0.41580273748992735,0.6033581559513334,0.323888378992772,0.35677686478477977,0.3519698585690554,0.29341952776623914,0.5076447936201673,0.0,0.5055540073390441,0.43703674976055307,0.3163930373842635,0.3643119804709041,1.0,0.28116922917894305,0.5516169166104877,0.3042828058944367,0.45685837582322397,0.6369319543050891,0.3306105236570407,0.3219987102754358,0.3335776692903446,0.4643053465953372,0.4640050269923006,0.3215214131553512,0.35777248302064346
0.2736850262248399,0.252452715005847,0.21245385462577748,0.37382113066222644,0.3249870841027235,0.24908619419128164,0.25137043789440205,0.3710234617813435,0.25592246349359793,0.3792173805214045,0.2599167364015861,0.37108743527028176,0.25074988602522086,0.36869050362202493,0.3710684402291895,0.24190392535426253,0.23937581502146876,0.26468228940781446,0.23673323812367963,0.2507870828883295,0.2537412829246327,0.23121526054727715,0.27091165960257624,0.23723806706307848,0.2336507642728941,0.23635177274641517,0.24796888237936987,0.3811644916646013,0.2749099259430895,0.26075487912664697,0.3396060066440718,0.24753043306912537,0.0,0.26740078694972047,0.2510708817451688,0.3832849089773228,0.2366022425931904,0.28116922917894305,1.0,0.25477458006288123,0.3504302193591444,0.2557241168176635,0.2547766933186243,0.37943883153177227,0.38349287734242066,0.26041016523230576,0.24762174756030242,0.2476035413769737,0.36191254556682306,0.2962369940912488
0.3715093442422399,0.4670389377847899,0.2942199315505841,0.31457321598232124,0.44656435947458717,0.42443405635810505,0.4024947722921449,0.3234897723625143,0.36289951640037554,0.32762726967006983,0.5564426664918909,0.312710853685505,0.5745936768459746,0.3117264783713669,0.3062217070201988,0.3980495553765163,0.4203288265697843,0.5390270799399128,0.48875374117561965,0.4076823866243937,0.5468916894239465,0.49564093490085115,0.5630616723016437,0.43408907684613973,0.4177779866592194,0.4415127280288549,0.5741440073840458,0.3198136514304314,0.35822100042795324,0.37466839127690843,0.2992141966494468,0.5268673268713198,0.0,0.546256829589588,0.4600794741759483,0.3333030882666831,0.37857288771019193,0.5516169166104877,0.25477458006288123,1.0,0.306914153109069,0.47721965249117837,0.5792936828390384,0.3240676779750167,0.3255553380508127,0.3477721254893137,0.493454480751797,0.4931195872940174,0.3201183057257314,0.3688207589339916
