../ecoli_genomes/GCF_000163235.1_ASM16323v1_genomic.fna.gz,../ecoli_genomes/GCF_000164555.1_ASM16455v1_genomic.fna.gz,../ecoli_genomes/GCF_000208545.1_ASM20854v2_genomic.fna.gz,../ecoli_genomes/GCF_000233875.1_ASM23387v1_genomic.fna.gz,../ecoli_genomes/GCF_000249735.1_ASM24973v2_genomic.fna.gz,../ecoli_genomes/GCF_000261145.1_Esch_coli_M919_V2_genomic.fna.gz,../ecoli_genomes/GCF_000267705.2_ASM26770v2_genomic.fna.gz,../ecoli_genomes/GCF_000350665.1_Esch_coli_KTE5_V1_genomic.fna.gz,../ecoli_genomes/GCF_000351625.1_Esch_coli_KTE66_V1_genomic.fna.gz,../ecoli_genomes/GCF_000352285.1_Esch_coli_KTE46_V1_genomic.fna.gz,../ecoli_genomes/GCF_000358895.1_ASM35889v1_genomic.fna.gz,../ecoli_genomes/GCF_000456385.1_Esch_coli_HVH_26_4-5703913_V1_genomic.fna.gz,../ecoli_genomes/GCF_000458195.1_Esch_coli_HVH_147_4-5893887_V1_genomic.fna.gz,../ecoli_genomes/GCF_000459755.1_Esch_coli_KOEGE_58_171a_V1_genomic.fna.gz,../ecoli_genomes/GCF_000460055.1_Esch_coli_UMEA_3053-1_V1_genomic.fna.gz,../ecoli_genomes/GCF_000462165.2_ASM46216v2_genomic.fna.gz,../ecoli_genomes/GCF_000601135.1_ASM60113v1_genomic.fna.gz,../ecoli_genomes/GCF_000614595.1_Ec2010EL1058_genomic.fna.gz,../ecoli_genomes/GCF_000617745.1_Ec2010C-4529_genomic.fna.gz,../ecoli_genomes/GCF_000618265.2_EcF6751_genomic.fna.gz,../ecoli_genomes/GCF_000619005.2_Ec2009C-4052_genomic.fna.gz,../ecoli_genomes/GCF_000619105.1_Ec2009C-4780_genomic.fna.gz,../ecoli_genomes/GCF_000619765.2_Ec2009C-3279_genomic.fna.gz,../ecoli_genomes/GCF_000687005.1_ASM68700v1_genomic.fna.gz,../ecoli_genomes/GCF_000687025.1_ASM68702v1_genomic.fna.gz,../ecoli_genomes/GCF_000700125.1_ASM70012v1_genomic.fna.gz,../ecoli_genomes/GCF_000753315.1_FHI35_genomic.fna.gz,../ecoli_genomes/GCF_000776375.1_ASM77637v1_genomic.fna.gz,../ecoli_genomes/GCF_000779395.1_ASM77939v1_genomic.fna.gz,../ecoli_genomes/GCF_000780315.1_ASM78031v1_genomic.fna.gz,../ecoli_genomes/GCF_000781995.1_ASM78199v1_genomic.fna.gz,../ecoli_genomes/GCF_000986765.1_ASM98676v1_genomic.fna.gz,../ecoli_genomes/GCF_001041375.1_ViralProj287958_genomic.fna.gz,../ecoli_genomes/GCF_001265335.1_302014_genomic.fna.gz,../ecoli_genomes/GCF_001265625.1_100854_genomic.fna.gz,../ecoli_genomes/GCF_001267345.1_303289_genomic.fna.gz,../ecoli_genomes/GCF_001309985.1_ASM130998v1_genomic.fna.gz,../ecoli_genomes/GCF_001521695.1_ASM152169v1_genomic.fna.gz,../ecoli_genomes/GCF_001592595.1_ASM159259v1_genomic.fna.gz,../ecoli_genomes/GCF_001614975.1_ASM161497v1_genomic.fna.gz,../ecoli_genomes/GCF_001692775.1_ASM169277v1_genomic.fna.gz,../ecoli_genomes/GCF_001748915.1_ASM174891v1_genomic.fna.gz,../ecoli_genomes/GCF_001749235.1_ASM174923v1_genomic.fna.gz,../ecoli_genomes/GCF_001881155.1_ASM188115v1_genomic.fna.gz,../ecoli_genomes/GCF_001881345.1_ASM188134v1_genomic.fna.gz,../ecoli_genomes/GCF_001892405.1_ASM189240v1_genomic.fna.gz,../ecoli_genomes/GCF_001892585.1_ASM189258v1_genomic.fna.gz,../ecoli_genomes/GCF_001893985.1_ASM189398v1_genomic.fna.gz,../ecoli_genomes/GCF_002001595.1_ASM200159v1_genomic.fna.gz,../ecoli_genomes/GCF_002002145.1_ASM200214v1_genomic.fna.gz
1.0,0.3757896029610438,0.31716203106905916,0.33827737231779986,0.35822564523679334,0.35457913130090424,0.35343125988813795,0.33859607334414543,0.44490247999950805,0.3567278532912327,0.38604155454425837,0.34602434860111586,0.3636917606058131,0.3347442046065423,0.3231287578773223,0.3641216047924237,0.33280247964771226,0.36239737671378536,0.3078758484504398,0.35622631443447905,0.34779911195658786,0.326176180978049,0.3620820735561182,0.3506126927601604,0.343600387428283,0.27785257491741944,0.3618275142494206,0.32763638691307995,0.3846025470114107,0.4416847495791554,0.31323416248778,0.3529780114330434,0.0,0.3597758466960549,0.3580787001407989,0.33106225067044415,0.3485824865847481,0.3638321511845327,0.27538131834752466,0.37001074851052806,0.3177710890113783,0.35795511958569215,0.3699804650872399,0.3326751313748203,0.3461722973488637,0.3620950990624384,0.3544947104347763,0.3550700087750852,0.32238510794047315,0.39711639471688176
0.3757896029610438,1.0,0.3001825025449282,0.33828001457215295,0.4445536702010441,0.530852003468657,0.39450355189797126,0.3378840860021993,0.3574003401364827,0.34949418041431557,0.4690869543454288,0.3491909606573371,0.4566664677393617,0.33186450725193606,0.32526681203415464,0.3948634354294347,0.47105637812252177,0.45876096869941085,0.3782661310629204,0.40088999751867727,0.44778259042015667,0.3953880182906684,0.45872103796108565,0.5296411613402671,0.5477349771515989,0.3722886343284112,0.45718578652765907,0.3358343509379752,0.3616106195852805,0.3574342232386837,0.314505539928155,0.44298721121136564,0.0,0.4521415910895926,0.572334487500969,0.3250458978224223,0.3815221014070217,0.4627382189708563,0.2387035816573384,0.4638018516190606,0.3184507621292306,0.5024621847590276,0.4669738881890757,0.34662759774345286,0.34734321412323443,0.33887916626514614,0.5083837814757921,0.507781519300187,0.3437722185490759,0.3582247977702041
0.31716203106905916,0.3001825025449282,1.0,0.27478366596378323,0.2734623264594316,0.27339849398768756,0.28319049637695726,0.26934695155421806,0.30859514055697457,0.2805326487882389,0.3038462517751245,0.2724567724209471,0.2923793813633746,0.2753310677359835,0.26824560241809114,0.28668639806770757,0.26446222992774393,0.2916160174358018,0.24581357013911664,0.2891259177007932,0.2867297345900287,0.26165925141797264,0.2944006613371821,0.2627091105071697,0.2692893372892168,0.21719307529423648,0.29531902414210653,0.2725717045306171,0.31075458897822383,0.3125438480984549,0.25841092706012314,0.27673280380138987,0.0,0.29272123161616503,0.2838703134777233,0.2774043319296996,0.27339361695767317,0.2883363885446871,0.1973370135156005,0.30302554486405875,0.2637740570342474,0.29179054330978127,0.3013498618636199,0.27712804846887407,0.2711649042476272,0.2995833003286664,0.29807135681057295,0.2982016900913995,0.2799126347872062,0.3158599570144792
0.33827737231779986,0.33828001457215295,0.27478366596378323,1.0,0.331403598243421,0.3087772289185473,0.31078115339749235,0.52873193344991,0.33227077078233125,0.5567010074434018,0.33263761168760797,0.5544646931125607,0.3271670848635988,0.5847423297396099,0.5943994922709628,0.32356634609459556,0.30259558383768514,0.32037788504898557,0.27164782577556124,0.31450320441298985,0.31164779883009,0.2834996384221281,0.3288402517512764,0.2993039609073431,0.3125385962517262,0.24325460429011203,0.3206413020261628,0.560850291602123,0.3512718879943856,0.32875950188507996,0.5302588833658922,0.3275100922628571,0.0,0.31272160024325923,0.3140244755019167,0.45765910951668765,0.3057620251998623,0.3096938442546,0.3608559937467115,0.3166861657551798,0.5587557894313611,0.32103125814345446,0.32228089933621984,0.5578036779341305,0.55230689147076,0.34256538777416756,0.3181190211461835,0.31820681425658925,0.4913632208694304,0.3605964535005396
0.35822564523679334,0.4445536702010441,0.2734623264594316,0.331403598243421,1.0,0.4370686707749053,0.3730000490479668,0.3323553021534157,0.3629293053394077,0.33918782252739865,0.5516524666316671,0.3246196322378625,0.5028378907116537,0.32505629632184585,0.3366931313393595,0.40193239930361313,0.47004841529328933,0.45624948296538126,0.3876732785749277,0.3793170489196973,0.472302041707065,0.4128908334555278,0.46704629451653,0.46885128431807066,0.4567240225087422,0.3529826344195298,0.4755657277847283,0.3100071460704371,0.34850741457880896,0.35782961575453565,0.3144330468903679,0.4951622751161626,0.0,0.47300675966326866,0.44393481961182213,0.30663147102252275,0.37711263455713595,0.48254101864540855,0.2343266758010858,0.4879320350513371,0.3313789954133971,0.4546164299414308,0.49505907305668373,0.3168352940117801,0.32441233888005494,0.32198029703029496,0.4603142059554882,0.4612621703729175,0.30938721269076086,0.33777920961177943
0.35457913130090424,0.530852003468657,0.27339849398768756,0.3087772289185473,0.4370686707749053,1.0,0.3912072982409771,0.3214081646336897,0.33568837059041423,0.3163383174672738,0.4551981601707955,0.31708353521921706,0.4246101462278292,0.3089910319010919,0.3007127222052456,0.41566744021283986,0.455435443639191,0.43921737068248456,0.3789757201856241,0.38383665758647123,0.4235345031453396,0.46636021935131666,0.4370378143179431,0.5234272518062897,0.53781743505074,0.37536902819383733,0.4198480066119169,0.30559206605099476,0.34600596506581627,0.32965921489107786,0.29255909402264446,0.43194984304762574,0.0,0.43466697100356655,0.5373765748488963,0.31849644438138724,0.3874992474077146,0.4290723071847621,0.23637658472416723,0.4338176642120607,0.29875139429521513,0.4743359145110142,0.43224638215580646,0.31120640755186557,0.31230939502730093,0.32298581206997723,0.47327557078519,0.4740784331433222,0.30317824031219054,0.34548757040554134
0.35343125988813795,0.39450355189797126,0.28319049637695726,0.31078115339749235,0.3730000490479668,0.3912072982409771,1.0,0.31215571430472655,0.3528784221529653,0.31352564757876333,0.4054820403005833,0.306802775577133,0.39326524653607087,0.30788675983653657,0.29845637083562604,0.7433585011737047,0.362925395491011,0.4367251043127257,0.364891770205071,0.858191540710928,0.43442707069333575,0.3877513926708279,0.4446168286079153,0.3656445230401575,0.3742855933777509,0.2959843814705695,0.4044777525909401,0.3045703623311211,0.33986444439008445,0.3467642124387409,0.2911129276693578,0.3872737927301807,0.0,0.40608495413558143,0.40463020555665585,0.329030930654048,0.7936955165504155,0.38120113500978625,0.23098422563654397,0.40310013899670205,0.29061480604173695,0.3931081674634488,0.40542472298604315,0.31041885228672605,0.3129411817771741,0.3198451451803481,0.38698030726598565,0.3870786241982379,0.3004501878686642,0.3432040611343572
0.33859607334414543,0.3378840860021993,0.26934695155421806,0.52873193344991,0.3323553021534157,0.3214081646336897,0.31215571430472655,1.0,0.324608068268995,0.537700014523127,0.32869251193783144,0.5139846211402948,0.32833019782086403,0.5248528062329738,0.5075538278936098,0.3218745850693122,0.30102942243335207,0.32238342672115505,0.27823511692696334,0.314917704163843,0.3129262214351525,0.28676526431411875,0.32165935232567755,0.3063830346731924,0.3083199966909844,0.24396290935282872,0.31838630875459073,0.7024016745697383,0.36026889304363174,0.3250817802898872,0.5013912129342022,0.32362948154980764,0.0,0.3242705422771959,0.3178446609397684,0.45176625372480206,0.30496856276329976,0.3331002784690672,0.3585777086095172,0.3244015103308694,0.5116803319238241,0.32102882431462165,0.3290185627559301,0.6950263855127625,0.6752702736016037,0.3403996063375029,0.31546475441656485,0.31527742569125694,0.4845954640695539,0.3591054781248679
0.44490247999950805,0.3574003401364827,0.30859514055697457,0.33227077078233125,0.3629293053394077,0.33568837059041423,0.3528784221529653,0.324608068268995,1.0,0.34229872604258005,0.37616429136037655,0.3223991923150836,0.36695000663640076,0.3288466340513886,0.32395110908115854,0.3667589843534548,0.3312575835444068,0.36275079976088165,0.30220729355645415,0.36118850256069535,0.3525886456109698,0.3168286022017922,0.36076983656212314,0.3339238259624695,0.3337742339435691,0.26735921431251286,0.3676017299069144,0.31735665321181605,0.3781901253533938,0.4556607063937569,0.3150524453429684,0.3482510553533328,0.0,0.35688168913838314,0.34958111004309544,0.33131762212874893,0.3499050090874537,0.3483664631768666,0.23983855242438512,0.373044321390117,0.3195280569484559,0.357784474683121,0.3730375928237356,0.31894377070970614,0.31662990577372074,0.3612591942808844,0.35288510251001326,0.35319895366812704,0.31887075560651834,0.3917907344318756
0.3567278532912327,0.34949418041431557,0.2805326487882389,0.5567010074434018,0.33918782252739865,0.3163383174672738,0.31352564757876333,0.537700014523127,0.34229872604258005,1.0,0.34485968291277547,0.5335938864364186,0.3419663070150033,0.5483493115788319,0.5339017452348391,0.3290696454331872,0.30093762293550197,0.3253051772063683,0.2782866208545208,0.3177265915169447,0.3141473943354508,0.2903260889952185,0.3199741590053422,0.3072229480708166,0.31442786447508264,0.24916241701116415,0.3261869660283111,0.5423836655141117,0.36462269549260173,0.3378334591616563,0.5429591786885941,0.32360226644795054,0.0,0.32061657108476505,0.3204287299924603,0.4687806695627297,0.3101523641000564,0.3219072662482344,0.3697546108361086,0.3307556878466297,0.5521064329859007,0.3260205106583647,0.3295770900074295,0.5446456163998499,0.5519630830891755,0.34392449781917545,0.3237983551732382,0.3237626057181643,0.5144366332531913,0.3582713201607468
0.38604155454425837,0.4690869543454288,0.3038462517751245,0.33263761168760797,0.5516524666316671,0.4551981601707955,0.4054820403005833,0.32869251193783144,0.37616429136037655,0.34485968291277547,1.0,0.3350300128302387,0.5507602873795652,0.3348158286834614,0.32892367800717437,0.42143222752780385,0.42482739160344596,0.528370055995385,0.43499622610008704,0.41265093440958,0.5195878542044989,0.4866688525593793,0.5293192498213122,0.44947963370542265,0.43474381928046035,0.34798160474659745,0.5299118582483109,0.33114060196326345,0.3580237013302252,0.37454153018235314,0.31468347287722176,0.4911545781159502,0.0,0.5234823557532107,0.4707058828616961,0.33955060036432005,0.4011775676871566,0.5075157310490649,0.24864147905389933,0.5526207705555044,0.320693227507461,0.48869317965885806,0.5412936714867957,0.33253665332000504,0.33405238262027503,0.3455361660471774,0.4812617150173093,0.4810963919031267,0.3290422372676063,0.36913526172009326
0.34602434860111586,0.3491909606573371,0.2724567724209471,0.5544646931125607,0.3246196322378625,0.31708353521921706,0.306802775577133,0.5139846211402948,0.3223991923150836,0.5335938864364186,0.3350300128302387,1.0,0.3256245517492924,0.5418443884093922,0.6336887903989263,0.31715022536088233,0.2966016988011615,0.31568439188030006,0.2743995587382583,0.3089478854766541,0.3151092961354881,0.29252675009555607,0.3218314947924431,0.30730516728188095,0.3103259795159782,0.24857484811208275,0.3161631978580195,0.5246102904288499,0.3608620438256893,0.32940987595168025,0.481698142207876,0.31831682159332986,0.0,0.3174141731497149,0.3230959415116501,0.4454474578141002,0.3001930154052409,0.31928176577810496,0.35020419551232496,0.3227178614982046,0.50866205111383,0.3201837892799865,0.32692190257189635,0.5240810255781094,0.5271095086455126,0.3445381211956525,0.32479259510577696,0.32500723049005253,0.47768070848598565,0.3572041541775598
0.3636917606058131,0.4566664677393617,0.2923793813633746,0.3271670848635988,0.5028378907116537,0.4246101462278292,0.39326524653607087,0.32833019782086403,0.36695000663640076,0.3419663070150033,0.5507602873795652,0.3256245517492924,1.0,0.3213486467609852,0.32822913297215117,0.4102543505886077,0.41885927236754295,0.5200877199986389,0.5291835777418208,0.40151854724307867,0.5347325670932757,0.5378222834228269,0.5714972013995278,0.426762041535653,0.41193696804707414,0.33134373122051475,0.5618983608190518,0.3204176160278499,0.3521700526719934,0.37282456514477524,0.31137094626899653,0.5379037260437223,0.0,0.56487182027572,0.4553561712673989,0.3205772761467447,0.39291404049315826,0.5234506177907947,0.23281404614264434,0.5704576010208156,0.3173996013863234,0.46607160883658083,0.558684578400872,0.3213285622696309,0.3191098478374417,0.3298356899533471,0.4663003144215693,0.46596759834387935,0.31755755284539877,0.3584326435413929
0.3347442046065423,0.33186450725193606,0.2753310677359835,0.5847423297396099,0.32505629632184585,0.3089910319010919,0.30788675983653657,0.5248528062329738,0.3288466340513886,0.5483493115788319,0.3348158286834614,0.5418443884093922,0.3213486467609852,1.0,0.5813285784213205,0.31459767915619097,0.29380537405649776,0.3224607404842964,0.27361858937383343,0.31326215262208945,0.3076421573367304,0.28782161960679864,0.32178375140163484,0.28928931147384496,0.3041550793369414,0.2388205761276766,0.3211600085888615,0.5642546315448704,0.3653960472028366,0.32328953566348906,0.5230388464440943,0.3185328000882175,0.0,0.3125283465547315,0.3129392877624555,0.46195265012335684,0.3002772444724674,0.3169828973322937,0.3531069833738779,0.32093724888593167,0.540482222794447,0.31853054097600253,0.3254994073914994,0.5500089499919358,0.5451434039193181,0.34773959002287813,0.31809621618139716,0.31819187071206423,0.4953995945992792,0.3671119566519778
0.3231287578773223,0.32526681203415464,0.26824560241809114,0.5943994922709628,0.3366931313393595,0.3007127222052456,0.29845637083562604,0.5075538278936098,0.32395110908115854,0.5339017452348391,0.32892367800717437,0.6336887903989263,0.32822913297215117,0.5813285784213205,1.0,0.31431891869037754,0.3053753490710479,0.31050624286231077,0.26607537752666277,0.30402494270319547,0.305305764747428,0.2763743794667205,0.31842988203199296,0.29681461202828097,0.31011489687615146,0.2432121591553451,0.314639683127793,0.5244688310659449,0.344891191825324,0.3229096569840608,0.5225251826674161,0.31970240513274706,0.0,0.3083495692013264,0.31437753438284977,0.44439667251761616,0.29594658021113696,0.311129442360354,0.34742502747134085,0.3138757530154087,0.5426584855323022,0.3152075895906121,0.3191087424137956,0.5181217841684342,0.5146843175952251,0.34072562477453394,0.3229778277322156,0.32318475711668826,0.4753776386081624,0.36266250388641796
0.3641216047924237,0.3948634354294347,0.28668639806770757,0.32356634609459556,0.40193239930361313,0.41566744021283986,0.7433585011737047,0.3218745850693122,0.3667589843534548,0.3290696454331872,0.42143222752780385,0.31715022536088233,0.4102543505886077,0.31459767915619097,0.31431891869037754,1.0,0.37676442420773903,0.4254563384517295,0.365188793974081,0.768650727535819,0.4160660662606178,0.41077627721970544,0.43019444733293377,0.3876530101579613,0.39971006556725963,0.3229409155019808,0.39997782501231616,0.30854852061468174,0.3394729769377477,0.361215342624125,0.30421476660793256,0.39799373737321886,0.0,0.40285405134015795,0.4010218164347211,0.327915066314699,0.751743127437664,0.3875558238039043,0.23331426674192635,0.40450172330515655,0.3076610112809911,0.39716620910910705,0.40507772427705724,0.3141667503562121,0.31757275480419833,0.3277775207966619,0.3921894856169956,0.3924262433518444,0.3044725074168504,0.3473249601323394
0.33280247964771226,0.47105637812252177,0.26446222992774393,0.30259558383768514,0.47004841529328933,0.455435443639191,0.362925395491011,0.30102942243335207,0.3312575835444068,0.30093762293550197,0.42482739160344596,0.2966016988011615,0.41885927236754295,0.29380537405649776,0.3053753490710479,0.37676442420773903,1.0,0.40460200971631843,0.3390516540588864,0.36548055881811115,0.40380812843643166,0.37496238160557527,0.41954534427010604,0.5410119797805417,0.4993694106060642,0.3973866109981752,0.4092707288837639,0.2932201101529893,0.3351739294527213,0.3242606740261923,0.2802147729533908,0.4612524150996552,0.0,0.4229706215433515,0.4745264759729898,0.30008605845708347,0.3615217299178479,0.4001837245691634,0.22095501200239875,0.4124997046548692,0.2868425381355323,0.4534771119032772,0.4156563831165718,0.29909177232803486,0.3052232057870493,0.3024285951770894,0.4637064807080571,0.46546989320887655,0.282748267884255,0.327066629862502
0.36239737671378536,0.45876096869941085,0.2916160174358018,0.32037788504898557,0.45624948296538126,0.43921737068248456,0.4367251043127257,0.32238342672115505,0.36275079976088165,0.3253051772063683,0.528370055995385,0.31568439188030006,0.5200877199986389,0.3224607404842964,0.31050624286231077,0.4254563384517295,0.40460200971631843,1.0,0.47240922392475493,0.4415513528965831,0.5507230117354752,0.49231121530013244,0.5577669249048617,0.4189133050721884,0.4155496644093707,0.3287255798340306,0.5390193274652997,0.31812862010267084,0.3546923036413785,0.36611582706139933,0.3059380276139654,0.48730039996678065,0.0,0.5224734559870324,0.45593040064428036,0.3413641758306638,0.4242794611862861,0.48765466841777605,0.23770790902653705,0.5310891328933263,0.30346912813053195,0.46491629892440167,0.526953523216203,0.31959942528321594,0.3177038456441672,0.33242608060593504,0.4634211536164923,0.4632616120352646,0.31276486993145614,0.36130607900145184
0.3078758484504398,0.3782661310629204,0.24581357013911664,0.27164782577556124,0.3876732785749277,0.3789757201856241,0.364891770205071,0.27823511692696334,0.30220729355645415,0.2782866208545208,0.43499622610008704,0.2743995587382583,0.5291835777418208,0.27361858937383343,0.26607537752666277,0.365188793974081,0.3390516540588864,0.47240922392475493,1.0,0.36225773208787804,0.4640540860227893,0.5235194419026472,0.47587768046121903,0.35500732767850174,0.357087707545648,0.2834608184193558,0.44764432213802174,0.27147352295207383,0.2975966253355379,0.30317638382813505,0.2611049084036161,0.4748404435852215,0.0,0.4416677106703837,0.3854042748974579,0.2868956746350322,0.3543038082646237,0.4196695979593238,0.20307824020819265,0.44771860534182106,0.26101763824895474,0.38503004948465547,0.4430394497792258,0.2752094833457732,0.2748344859194285,0.2826213421368434,0.3775198425535433,0.3782654125596815,0.26442847161339944,0.3071018663415962
0.35622631443447905,0.40088999751867727,0.2891259177007932,0.31450320441298985,0.3793170489196973,0.38383665758647123,0.858191540710928,0.314917704163843,0.36118850256069535,0.3177265915169447,0.41265093440958,0.3089478854766541,0.40151854724307867,0.31326215262208945,0.30402494270319547,0.768650727535819,0.36548055881811115,0.4415513528965831,0.36225773208787804,1.0,0.43786126734065656,0.3825877997510011,0.4436332676737319,0.36572425131440833,0.3782203824990217,0.29904349264246977,0.4110775856609371,0.30961671875750185,0.3440109951621796,0.35390045737773823,0.29614184205600946,0.39129402567867555,0.0,0.4092254894336457,0.4045942538174313,0.33036964019816073,0.8199923147440097,0.38858471034544395,0.23055669154973535,0.4111820384120377,0.2963953553351679,0.3994812714894528,0.4126907790765244,0.3130754088713864,0.3130939631550199,0.32642059179339167,0.3945841481260546,0.3946889740075804,0.3060203618562861,0.34955505907580264
0.34779911195658786,0.44778259042015667,0.2867297345900287,0.31164779883009,0.472302041707065,0.4235345031453396,0.43442707069333575,0.3129262214351525,0.3525886456109698,0.3141473943354508,0.5195878542044989,0.3151092961354881,0.5347325670932757,0.3076421573367304,0.305305764747428,0.4160660662606178,0.40380812843643166,0.5507230117354752,0.4640540860227893,0.43786126734065656,1.0,0.48881550675384655,0.5656960629609196,0.41221385667678545,0.41387115034946365,0.3287648084465,0.5411790192292812,0.3094466520036864,0.3379271432230251,0.3555456650756813,0.2940529046826349,0.501017751849278,0.0,0.5407749191822115,0.4525450920409987,0.3310730202517874,0.4184999188058157,0.5033402941515561,0.23378148704427582,0.5435107341241601,0.2973817698697583,0.4477788147925339,0.5344773246928508,0.31211254716006465,0.3128235195630271,0.3298847066109366,0.46248849428011873,0.46248418521769064,0.3073187342798952,0.3506168503089562
0.326176180978049,0.3953880182906684,0.26165925141797264,0.2834996384221281,0.4128908334555278,0.46636021935131666,0.3877513926708279,0.28676526431411875,0.3168286022017922,0.2903260889952185,0.4866688525593793,0.29252675009555607,0.5378222834228269,0.28782161960679864,0.2763743794667205,0.41077627721970544,0.37496238160557527,0.49231121530013244,0.5235194419026472,0.3825877997510011,0.48881550675384655,1.0,0.6289755952727949,0.39332863220618297,0.39648563706658957,0.31344083172471005,0.48257897531952254,0.2856597495166343,0.31086368325817326,0.3155392401614242,0.2681847311774932,0.4931658017302353,0.0,0.5643650968660221,0.4006651066154858,0.2928151169697948,0.38531338467300247,0.4541241890092901,0.2075940013449794,0.4881575128276332,0.2676348494567333,0.4028704736511073,0.48272149840101275,0.28772701707783666,0.28849547312525936,0.3026236300239632,0.39997369148216044,0.40010667059641913,0.2755094608060157,0.3228540709242912
0.3620820735561182,0.45872103796108565,0.2944006613371821,0.3288402517512764,0.46704629451653,0.4370378143179431,0.4446168286079153,0.32165935232567755,0.36076983656212314,0.3199741590053422,0.5293192498213122,0.3218314947924431,0.5714972013995278,0.32178375140163484,0.31842988203199296,0.43019444733293377,0.41954534427010604,0.5577669249048617,0.47587768046121903,0.4436332676737319,0.5656960629609196,0.6289755952727949,1.0,0.41540318135095533,0.42309548318601287,0.33346121648972016,0.5615932156044431,0.3197641097289766,0.35292677028322494,0.35612048342559255,0.30646620930320656,0.5156867563574077,0.0,0.6521232693353393,0.4540512620523597,0.33283901808253913,0.427117262993041,0.5124768991930313,0.23874128074691658,0.5475068198934285,0.3077792574684187,0.4547160517542399,0.5451477163007545,0.3213547929010301,0.319404765102686,0.3309317393035359,0.45488684301019655,0.45569398184810683,0.3117608798008996,0.3589134904987097
0.3506126927601604,0.5296411613402671,0.2627091105071697,0.2993039609073431,0.46885128431807066,0.5234272518062897,0.3656445230401575,0.3063830346731924,0.3339238259624695,0.3072229480708166,0.44947963370542265,0.30730516728188095,0.426762041535653,0.28928931147384496,0.29681461202828097,0.3876530101579613,0.5410119797805417,0.4189133050721884,0.35500732767850174,0.36572425131440833,0.41221385667678545,0.39332863220618297,0.41540318135095533,1.0,0.574014247455293,0.3690028097024479,0.4139300327965989,0.28534840646136894,0.3345126616162478,0.33498585300110384,0.28150500952007573,0.445231806834562,0.0,0.4182752114317856,0.5494216703027244,0.29637379701611455,0.3678503354939008,0.4053120199943052,0.21814133052772922,0.42046287231309387,0.28814725107220385,0.4692206760797637,0.4204519860641295,0.2946361548837124,0.3005921284870441,0.308012495109812,0.4578964713864274,0.45765694118041955,0.2864000130928923,0.32714500711971806
0.343600387428283,0.5477349771515989,0.2692893372892168,0.3125385962517262,0.4567240225087422,0.53781743505074,0.3742855933777509,0.3083199966909844,0.3337742339435691,0.31442786447508264,0.43474381928046035,0.3103259795159782,0.41193696804707414,0.3041550793369414,0.31011489687615146,0.39971006556725963,0.4993694106060642,0.4155496644093707,0.357087707545648,0.3782203824990217,0.41387115034946365,0.39648563706658957,0.42309548318601287,0.574014247455293,1.0,0.4150927226063138,0.41058451468274304,0.2918185260697894,0.3268487006381775,0.3239428026951835,0.29205626927783135,0.4638114320795781,0.0,0.4110374417768198,0.54788355699346,0.30307320037529106,0.37756775054015923,0.41699310372064946,0.222835176533286,0.4171704924530849,0.2948834754519333,0.4638106033614682,0.42673938002638734,0.31548938259867354,0.31328825127895976,0.3146607046200498,0.4657227009692214,0.4660562728012997,0.30454946632297,0.3234868638837878
0.27785257491741944,0.3722886343284112,0.21719307529423648,0.24325460429011203,0.3529826344195298,0.37536902819383733,0.2959843814705695,0.24396290935282872,0.26735921431251286,0.24916241701116415,0.34798160474659745,0.24857484811208275,0.33134373122051475,0.2388205761276766,0.2432121591553451,0.3229409155019808,0.3973866109981752,0.3287255798340306,0.2834608184193558,0.29904349264246977,0.3287648084465,0.31344083172471005,0.33346121648972016,0.3690028097024479,0.4150927226063138,1.0,0.3254924734743462,0.2313729456348942,0.2554895497792663,0.2614649233315198,0.22883246411567548,0.3417355756105426,0.0,0.3263754311791186,0.36930084174025357,0.2423323510576202,0.3012807462515249,0.36323799703303394,0.1836832126519351,0.3368936593467724,0.23325098620921403,0.3677942727596124,0.3338100696887918,0.25498475500136475,0.2544213096759932,0.25491643826744803,0.3755962301816207,0.38630591688166904,0.23899206692132535,0.2642021446075258
0.3618275142494206,0.45718578652765907,0.29531902414210653,0.3206413020261628,0.4755657277847283,0.4198480066119169,0.4044777525909401,0.31838630875459073,0.3676017299069144,0.3261869660283111,0.5299118582483109,0.3161631978580195,0.5618983608190518,0.3211600085888615,0.314639683127793,0.39997782501231616,0.4092707288837639,0.5390193274652997,0.44764432213802174,0.4110775856609371,0.5411790192292812,0.48257897531952254,0.5615932156044431,0.4139300327965989,0.41058451468274304,0.3254924734743462,1.0,0.31575275698461325,0.35592862022664606,0.3594758914361875,0.30511311510037087,0.5072305048398246,0.0,0.5372647695863926,0.45202315019612327,0.324003667621261,0.394012429013199,0.5844952348511738,0.2272338251144902,0.5767366145959292,0.30815430587351567,0.4612113366754088,0.6297919462366678,0.3197319615867126,0.3132792614234696,0.3358332872552514,0.45706391452775574,0.45708909162030753,0.3176405543479416,0.362084908587473
0.32763638691307995,0.3358343509379752,0.2725717045306171,0.560850291602123,0.3100071460704371,0.30559206605099476,0.3045703623311211,0.7024016745697383,0.31735665321181605,0.5423836655141117,0.33114060196326345,0.5246102904288499,0.3204176160278499,0.5642546315448704,0.5244688310659449,0.30854852061468174,0.2932201101529893,0.31812862010267084,0.27147352295207383,0.30961671875750185,0.3094466520036864,0.2856597495166343,0.3197641097289766,0.28534840646136894,0.2918185260697894,0.2313729456348942,0.31575275698461325,1.0,0.3607243769985321,0.31798827924868667,0.503597744191679,0.3152290687234065,0.0,0.3133422543682296,0.3075435901454534,0.45089946491203303,0.2965406531902721,0.32457384940705625,0.35615141393087446,0.31663511322886084,0.5230664131300262,0.3145253627097334,0.3216642015203429,0.7944678109083754,0.7577012101126464,0.3384576656031282,0.31587863121896353,0.3162404416162343,0.5017786135725721,0.35190291021256825
0.3846025470114107,0.3616106195852805,0.31075458897822383,0.3512718879943856,0.34850741457880896,0.34600596506581627,0.33986444439008445,0.36026889304363174,0.3781901253533938,0.36462269549260173,0.3580237013302252,0.3608620438256893,0.3521700526719934,0.3653960472028366,0.344891191825324,0.3394729769377477,0.3351739294527213,0.3546923036413785,0.2975966253355379,0.3440109951621796,0.3379271432230251,0.31086368325817326,0.35292677028322494,0.3345126616162478,0.3268487006381775,0.2554895497792663,0.35592862022664606,0.3607243769985321,1.0,0.37270156521249886,0.3345035062161166,0.33867580889542104,0.0,0.3483364688216648,0.34169280856448847,0.3547296035955285,0.32876711261341385,0.34633385156924457,0.2550484224061421,0.3574803369961418,0.3349727451847958,0.34588611354367005,0.35560218061291715,0.35595286586914976,0.3539584522226953,0.4324056295868757,0.34440278029628757,0.34473605402544705,0.35104508066432627,0.6248486289657296
0.4416847495791554,0.3574342232386837,0.3125438480984549,0.32875950188507996,0.35782961575453565,0.32965921489107786,0.3467642124387409,0.3250817802898872,0.4556607063937569,0.3378334591616563,0.37454153018235314,0.32940987595168025,0.37282456514477524,0.32328953566348906,0.3229096569840608,0.361215342624125,0.3242606740261923,0.36611582706139933,0.30317638382813505,0.35390045737773823,0.3555456650756813,0.3155392401614242,0.35612048342559255,0.33498585300110384,0.3239428026951835,0.2614649233315198,0.3594758914361875,0.31798827924868667,0.37270156521249886,1.0,0.3116833996946726,0.34678581015559773,0.0,0.35292388250251794,0.348891310246798,0.32880415650110517,0.34308600816157764,0.34858311176773527,0.2622752368187473,0.3747692858058741,0.3173608768942834,0.35461725154554447,0.3704033595316767,0.32109652147740764,0.3185059856144129,0.3708050759580155,0.3598536123498033,0.3595932703118877,0.3202930238435888,0.3873060640115734
0.31323416248778,0.314505539928155,0.25841092706012314,0.5302588833658922,0.3144330468903679,0.29255909402264446,0.2911129276693578,0.5013912129342022,0.3150524453429684,0.5429591786885941,0.31468347287722176,0.481698142207876,0.31137094626899653,0.5230388464440943,0.5225251826674161,0.30421476660793256,0.2802147729533908,0.3059380276139654,0.2611049084036161,0.29614184205600946,0.2940529046826349,0.2681847311774932,0.30646620930320656,0.28150500952007573,0.29205626927783135,0.22883246411567548,0.30511311510037087,0.503597744191679,0.3345035062161166,0.3116833996946726,1.0,0.30509457621411407,0.0,0.303817042054485,0.29542355592512504,0.4380157624878851,0.2892550562711004,0.3000424163847988,0.3333036919923983,0.3046395411295706,0.6442771142938248,0.3032646701895759,0.30474061094594274,0.5063407824780567,0.5025002227936055,0.32561585240145874,0.30170762791610295,0.30179750665053073,0.46593587694898253,0.332746416466133
0.3529780114330434,0.44298721121136564,0.27673280380138987,0.3275100922628571,0.4951622751161626,0.43194984304762574,0.3872737927301807,0.32362948154980764,0.3482510553533328,0.32360226644795054,0.4911545781159502,0.31831682159332986,0.5379037260437223,0.3185328000882175,0.31970240513274706,0.39799373737321886,0.4612524150996552,0.48730039996678065,0.4748404435852215,0.39129402567867555,0.501017751849278,0.4931658017302353,0.5156867563574077,0.445231806834562,0.4638114320795781,0.3417355756105426,0.5072305048398246,0.3152290687234065,0.33867580889542104,0.34678581015559773,0.30509457621411407,1.0,0.0,0.49993493223599894,0.43383217358789017,0.31389723879061937,0.39055109394195564,0.5011691601950249,0.22595567846679632,0.5127599422493373,0.3043214605342047,0.44811850698782807,0.5256280147595745,0.31577223510264807,0.3179213004602315,0.3204785406490488,0.4506882649040619,0.4488832529159722,0.2998425718989137,0.3375892537079441
0.0,0.0,0.0,0.0,0.0,0.0,0.0,0.0,0.0,0.0,0.0,0.0,0.0,0.0,0.0,0.0,0.0,0.0,0.0,0.0,0.0,0.0,0.0,0.0,0.0,0.0,0.0,0.0,0.0,0.0,0.0,0.0,1.0,0.0,0.0,0.0,0.0,0.0,0.0,0.0,0.0,0.0,0.0,0.0,0.0,0.0,0.0,0.0,0.0,0.0
0.3597758466960549,0.4521415910895926,0.29272123161616503,0.31272160024325923,0.47300675966326866,0.43466697100356655,0.40608495413558143,0.3242705422771959,0.35688168913838314,0.32061657108476505,0.5234823557532107,0.3174141731497149,0.56487182027572,0.3125283465547315,0.3083495692013264,0.40285405134015795,0.4229706215433515,0.5224734559870324,0.4416677106703837,0.4092254894336457,0.5407749191822115,0.5643650968660221,0.6521232693353393,0.4182752114317856,0.4110374417768198,0.3263754311791186,0.5372647695863926,0.3133422543682296,0.3483364688216648,0.35292388250251794,0.303817042054485,0.49993493223599894,0.0,1.0,0.45443063845477416,0.3369733320444228,0.39114966517702787,0.5073989310275593,0.2459191243268476,0.5434697637285499,0.3011109783960383,0.45586563257397705,0.5477790637056368,0.31588067959517685,0.3174765201818739,0.3267926028384941,0.45926037509659745,0.45958379904488944,0.30962864122678224,0.35559804626361835
0.3580787001407989,0.572334487500969,0.2838703134777233,0.3140244755019167,0.44393481961182213,0.5373765748488963,0.40463020555665585,0.3178446609397684,0.34958111004309544,0.3204287299924603,0.4707058828616961,0.3230959415116501,0.4553561712673989,0.3129392877624555,0.31437753438284977,0.4010218164347211,0.4745264759729898,0.45593040064428036,0.3854042748974579,0.4045942538174313,0.4525450920409987,0.4006651066154858,0.4540512620523597,0.5494216703027244,0.54788355699346,0.36930084174025357,0.45202315019612327,0.3075435901454534,0.34169280856448847,0.348891310246798,0.29542355592512504,0.43383217358789017,0.0,0.45443063845477416,1.0,0.3214766431162699,0.387027861371929,0.4332181928056217,0.2345381698071597,0.46389584655489513,0.2988116072267496,0.5039027366364889,0.46326170128297295,0.3124623806068918,0.3143657597476358,0.3209677189538237,0.49823096887686014,0.49783852081923574,0.30852548473426744,0.34276762162257557
0.33106225067044415,0.3250458978224223,0.2774043319296996,0.45765910951668765,0.30663147102252275,0.31849644438138724,0.329030930654048,0.45176625372480206,0.33131762212874893,0.4687806695627297,0.33955060036432005,0.4454474578141002,0.3205772761467447,0.46195265012335684,0.44439667251761616,0.327915066314699,0.30008605845708347,0.3413641758306638,0.2868956746350322,0.33036964019816073,0.3310730202517874,0.2928151169697948,0.33283901808253913,0.29637379701611455,0.30307320037529106,0.2423323510576202,0.324003667621261,0.45089946491203303,0.3547296035955285,0.32880415650110517,0.4380157624878851,0.31389723879061937,0.0,0.3369733320444228,0.3214766431162699,1.0,0.3194911871952322,0.3135171895467491,0.3657748148078389,0.3299982976224064,0.4425418207418661,0.32160160118189196,0.3233213643297923,0.4515306946420088,0.45288094525448497,0.33873683952896494,0.3172873999855226,0.31752698270162893,0.4509001482896665,0.3616922423449198
0.3485824865847481,0.3815221014070217,0.27339361695767317,0.3057620251998623,0.37711263455713595,0.3874992474077146,0.7936955165504155,0.30496856276329976,0.3499050090874537,0.3101523641000564,0.4011775676871566,0.3001930154052409,0.39291404049315826,0.3002772444724674,0.29594658021113696,0.751743127437664,0.3615217299178479,0.4242794611862861,0.3543038082646237,0.8199923147440097,0.4184999188058157,0.38531338467300247,0.427117262993041,0.3678503354939008,0.37756775054015923,0.3012807462515249,0.394012429013199,0.2965406531902721,0.32876711261341385,0.34308600816157764,0.2892550562711004,0.39055109394195564,0.0,0.39114966517702787,0.387027861371929,0.3194911871952322,1.0,0.37262624703441993,0.22534122438809612,0.38877871273102815,0.2887953741804876,0.38622520755678114,0.39526483646063737,0.3003777300551682,0.3022567278125954,0.3125631930484244,0.37563669298611446,0.3757218617013931,0.2902796084573598,0.3345105581262511
0.3638321511845327,0.4627382189708563,0.2883363885446871,0.3096938442546,0.48254101864540855,0.4290723071847621,0.38120113500978625,0.3331002784690672,0.3483664631768666,0.3219072662482344,0.5075157310490649,0.31928176577810496,0.5234506177907947,0.3169828973322937,0.311129442360354,0.3875558238039043,0.4001837245691634,0.48765466841777605,0.4196695979593238,0.38858471034544395,0.5033402941515561,0.4541241890092901,0.5124768991930313,0.4053120199943052,0.41699310372064946,0.36323799703303394,0.5844952348511738,0.32457384940705625,0.34633385156924457,0.34858311176773527,0.3000424163847988,0.5011691601950249,0.0,0.5073989310275593,0.4332181928056217,0.3135171895467491,0.37262624703441993,1.0,0.23266022698842315,0.5455627781471372,0.30740906535441836,0.44800633383086763,0.6241898921467475,0.3290825593950131,0.32171484105336967,0.33283452432283644,0.4605356006887338,0.46235102644003623,0.3226510893381437,0.34686972955376505
0.27538131834752466,0.2387035816573384,0.1973370135156005,0.3608559937467115,0.2343266758010858,0.23637658472416723,0.23098422563654397,0.3585777086095172,0.23983855242438512,0.3697546108361086,0.24864147905389933,0.35020419551232496,0.23281404614264434,0.3531069833738779,0.34742502747134085,0.23331426674192635,0.22095501200239875,0.23770790902653705,0.20307824020819265,0.23055669154973535,0.23378148704427582,0.2075940013449794,0.23874128074691658,0.21814133052772922,0.222835176533286,0.1836832126519351,0.2272338251144902,0.35615141393087446,0.2550484224061421,0.2622752368187473,0.3333036919923983,0.22595567846679632,0.0,0.2459191243268476,0.2345381698071597,0.3657748148078389,0.22534122438809612,0.23266022698842315,1.0,0.23465047799301342,0.34594917379302537,0.23639834970417484,0.23464765253287456,0.35906800810778317,0.3636470886687553,0.2381116542947097,0.2311646977366847,0.23102847176648833,0.34519519475901306,0.2623146719665268
0.37001074851052806,0.4638018516190606,0.30302554486405875,0.3166861657551798,0.4879320350513371,0.4338176642120607,0.40310013899670205,0.3244015103308694,0.373044321390117,0.3307556878466297,0.5526207705555044,0.3227178614982046,0.5704576010208156,0.32093724888593167,0.3138757530154087,0.40450172330515655,0.4124997046548692,0.5310891328933263,0.44771860534182106,0.4111820384120377,0.5435107341241601,0.4881575128276332,0.5475068198934285,0.42046287231309387,0.4171704924530849,0.3368936593467724,0.5767366145959292,0.31663511322886084,0.3574803369961418,0.3747692858058741,0.3046395411295706,0.5127599422493373,0.0,0.5434697637285499,0.46389584655489513,0.3299982976224064,0.38877871273102815,0.5455627781471372,0.23465047799301342,1.0,0.305562142691128,0.47152783041421753,0.578720175379152,0.31881495548703775,0.3208911424705515,0.3461926769044249,0.49035175914271223,0.4898065547552114,0.3201168889986161,0.3715656031742196
