../ecoli_genomes/GCF_000163235.1_ASM16323v1_genomic.fna.gz,../ecoli_genomes/GCF_000164555.1_ASM16455v1_genomic.fna.gz,../ecoli_genomes/GCF_000208545.1_ASM20854v2_genomic.fna.gz,../ecoli_genomes/GCF_000233875.1_ASM23387v1_genomic.fna.gz,../ecoli_genomes/GCF_000249735.1_ASM24973v2_genomic.fna.gz,../ecoli_genomes/GCF_000261145.1_Esch_coli_M919_V2_genomic.fna.gz,../ecoli_genomes/GCF_000267705.2_ASM26770v2_genomic.fna.gz,../ecoli_genomes/GCF_000350665.1_Esch_coli_KTE5_V1_genomic.fna.gz,../ecoli_genomes/GCF_000351625.1_Esch_coli_KTE66_V1_genomic.fna.gz,../ecoli_genomes/GCF_000352285.1_Esch_coli_KTE46_V1_genomic.fna.gz,../ecoli_genomes/GCF_000358895.1_ASM35889v1_genomic.fna.gz,../ecoli_genomes/GCF_000456385.1_Esch_coli_HVH_26_4-5703913_V1_genomic.fna.gz,../ecoli_genomes/GCF_000458195.1_Esch_coli_HVH_147_4-5893887_V1_genomic.fna.gz,../ecoli_genomes/GCF_000459755.1_Esch_coli_KOEGE_58_171a_V1_genomic.fna.gz,../ecoli_genomes/GCF_000460055.1_Esch_coli_UMEA_3053-1_V1_genomic.fna.gz,../ecoli_genomes/GCF_000462165.2_ASM46216v2_genomic.fna.gz,../ecoli_genomes/GCF_000601135.1_ASM60113v1_genomic.fna.gz,../ecoli_genomes/GCF_000614595.1_Ec2010EL1058_genomic.fna.gz,../ecoli_genomes/GCF_000617745.1_Ec2010C-4529_genomic.fna.gz,../ecoli_genomes/GCF_000618265.2_EcF6751_genomic.fna.gz,../ecoli_genomes/GCF_000619005.2_Ec2009C-4052_genomic.fna.gz,../ecoli_genomes/GCF_000619105.1_Ec2009C-4780_genomic.fna.gz,../ecoli_genomes/GCF_000619765.2_Ec2009C-3279_genomic.fna.gz,../ecoli_genomes/GCF_000687005.1_ASM68700v1_genomic.fna.gz,../ecoli_genomes/GCF_000687025.1_ASM68702v1_genomic.fna.gz,../ecoli_genomes/GCF_000700125.1_ASM70012v1_genomic.fna.gz,../ecoli_genomes/GCF_000753315.1_FHI35_genomic.fna.gz,../ecoli_genomes/GCF_000776375.1_ASM77637v1_genomic.fna.gz,../ecoli_genomes/GCF_000779395.1_ASM77939v1_genomic.fna.gz,../ecoli_genomes/GCF_000780315.1_ASM78031v1_genomic.fna.gz,../ecoli_genomes/GCF_000781995.1_ASM78199v1_genomic.fna.gz,../ecoli_genomes/GCF_000986765.1_ASM98676v1_genomic.fna.gz,../ecoli_genomes/GCF_001041375.1_ViralProj287958_genomic.fna.gz,../ecoli_genomes/GCF_001265335.1_302014_genomic.fna.gz,../ecoli_genomes/GCF_001265625.1_100854_genomic.fna.gz,../ecoli_genomes/GCF_001267345.1_303289_genomic.fna.gz,../ecoli_genomes/GCF_001309985.1_ASM130998v1_genomic.fna.gz,../ecoli_genomes/GCF_001521695.1_ASM152169v1_genomic.fna.gz,../ecoli_genomes/GCF_001592595.1_ASM159259v1_genomic.fna.gz,../ecoli_genomes/GCF_001614975.1_ASM161497v1_genomic.fna.gz,../ecoli_genomes/GCF_001692775.1_ASM169277v1_genomic.fna.gz,../ecoli_genomes/GCF_001748915.1_ASM174891v1_genomic.fna.gz,../ecoli_genomes/GCF_001749235.1_ASM174923v1_genomic.fna.gz,../ecoli_genomes/GCF_001881155.1_ASM188115v1_genomic.fna.gz,../ecoli_genomes/GCF_001881345.1_ASM188134v1_genomic.fna.gz,../ecoli_genomes/GCF_001892405.1_ASM189240v1_genomic.fna.gz,../ecoli_genomes/GCF_001892585.1_ASM189258v1_genomic.fna.gz,../ecoli_genomes/GCF_001893985.1_ASM189398v1_genomic.fna.gz,../ecoli_genomes/GCF_002001595.1_ASM200159v1_genomic.fna.gz,../ecoli_genomes/GCF_002002145.1_ASM200214v1_genomic.fna.gz
1.0,0.7883172786976541,0.7572215769392285,0.7617799372510328,0.7256297606521259,0.7665194585841429,0.7760751185350132,0.7718272922901879,0.7952743799179379,0.7791193906888846,0.7785282419930286,0.7713293854703863,0.771072385061071,0.7560533190636823,0.7517832546895687,0.7732422985937779,0.7158894774870066,0.7841505066915977,0.7595259106352489,0.7788929814607846,0.7750151841481357,0.7688636416342279,0.7801547428548872,0.7538821947355934,0.7212373146031319,0.6965098390605671,0.780721573825445,0.7676118930505919,0.7839893618374335,0.7943021702450301,0.7541215447686214,0.7750401930083193,0.08466499626752844,0.7748598282707928,0.7665265390391566,0.7656165127003092,0.7668337267264831,0.7873941877764516,0.5410298784142231,0.785750078663497,0.7594786992433223,0.770293009175685,0.7851034256540688,0.7745900289314085,0.7776390373572162,0.7787885729184132,0.770735247562663,0.7737025147175335,0.7584489034260649,0.7908207017633351
0.7883172786976541,1.0,0.7683167928464621,0.7651166171800277,0.7482643520516131,0.8153590820341033,0.785549766041693,0.7741276377754188,0.7771675542692703,0.7792759914761369,0.8046319624145912,0.772952583177792,0.8028634645960548,0.7700749819906132,0.7617241426354711,0.7812527164324728,0.7346532222129856,0.80833899056571,0.7740080725862372,0.7904387336444514,0.8064520218500146,0.7909509586641641,0.811869086073886,0.7829717422777607,0.749516354771373,0.696533725927921,0.8131497509785071,0.7790711130016206,0.7884001630304518,0.7781542766968106,0.7613502832152267,0.7908042631785437,0.08984850112104592,0.7999826628152304,0.8210877426816595,0.7671536174749426,0.7721197983400707,0.8091036100824437,0.5093408416265577,0.8093456847124606,0.7613721878337528,0.8178191600020717,0.8157733621348924,0.7836858618162686,0.7806103539817911,0.7755469742185079,0.8101878789872755,0.8220610582319061,0.7788499884826132,0.7853020437090974
0.7572215769392285,0.7683167928464621,1.0,0.7369884258153461,0.7100027058567584,0.7422878877441934,0.7506328252881955,0.7479870774319322,0.7579951682661036,0.7454789338528922,0.7503483460621273,0.7409839192460347,0.7500521191103153,0.7445126350444993,0.7376579789533237,0.7491422626924167,0.6834608782427132,0.7549905100334331,0.7253607190916309,0.7580986256237332,0.7514992166074554,0.7454513152520538,0.7561292500886545,0.7059651834469256,0.6865078851494351,0.6487412712123768,0.7613269006648131,0.7516701217198128,0.7608165214589898,0.7625976131689844,0.7333278556586074,0.7399217076702629,0.08413945018334901,0.7508351337247051,0.7337194029176137,0.7444423233692609,0.7411819124154515,0.7525559995098362,0.49199100930147777,0.7543532978875429,0.7378437853523703,0.7503178182235364,0.7621512998655828,0.754601790058502,0.7489170856140464,0.7528642083728271,0.7450832796362424,0.7517145313032002,0.7459359954185094,0.7648844302583203
0.7617799372510328,0.7651166171800277,0.7369884258153461,1.0,0.7260831357588675,0.7439341460156446,0.7489249855399402,0.8156184885840136,0.7616946212984914,0.823608768727289,0.7553423344112404,0.8191691053574479,0.7588919207379183,0.8382228331641962,0.848682604301362,0.755151255451417,0.6968360452382889,0.7593905228130149,0.7328532069165912,0.7507209910172654,0.7507109701031536,0.7462180232001332,0.7637614966332334,0.7277948170892679,0.703079100568234,0.6697496212740937,0.7624333754641668,0.8303834839281987,0.7549170751022507,0.7589434927928443,0.8278952304131133,0.754011319037017,0.09287376232963451,0.7472846132078383,0.733597544138731,0.7902146752138988,0.7455051515623153,0.7513477484951063,0.5171955375719137,0.7486217842427147,0.8340710382242394,0.7442349127757892,0.7577957535285997,0.8352570740706777,0.8278304698183678,0.7675873324663555,0.743201390108913,0.7520865403088243,0.8089225979834214,0.7687690239280045
0.7256297606521259,0.7482643520516131,0.7100027058567584,0.7260831357588675,1.0,0.7470615582253113,0.7326864610615054,0.7274082727566438,0.7402041081359019,0.734083022397766,0.7707649902082881,0.7143762918532864,0.7721040510156443,0.7166493280095644,0.7309876942645934,0.7426772409815959,0.7151833030240421,0.750162081952851,0.7325964067471468,0.7351654552845757,0.7587530058101127,0.7339583787283628,0.75041698113233,0.7382572441641525,0.7142054603750632,0.6803233810484115,0.7599972517855818,0.7105052767986348,0.7197704670848796,0.7348444245522605,0.7227856024256173,0.7691712905418101,0.08630123007881874,0.7494074077872269,0.7384672159170016,0.7198368140848419,0.7306399337543548,0.7641969093415282,0.513535224346441,0.759223017959131,0.7305103900283656,0.7450972431587295,0.7663380884090051,0.7196382977783597,0.7216565271614345,0.7266887598632155,0.748489681157319,0.7537309411743369,0.7110376076524116,0.7257322404125439
0.7665194585841429,0.8153590820341033,0.7422878877441934,0.7439341460156446,0.7470615582253113,1.0,0.7793140578212614,0.7583743715070549,0.7587157648172783,0.7492739602531232,0.7810714255584649,0.7499657532978596,0.7826831623707047,0.7456276848144536,0.7440159830249256,0.7728615808880867,0.7396198720078934,0.7918304260016082,0.7690241076355022,0.7736134981944603,0.7839513357751513,0.8003462238764525,0.7970562908921117,0.7834448736372085,0.7551877394764999,0.7047384858253798,0.7866908173302075,0.7515115611620788,0.768503149862941,0.7581454558804948,0.7401434137752474,0.7818663554460661,0.0881522909531397,0.7898945332242984,0.806673431771011,0.7511958947002839,0.7635665745483378,0.7839511031677586,0.5146948311988837,0.7892917114976034,0.7401622011022064,0.80825290802287,0.7886260079668985,0.7603919809364974,0.756271018485289,0.7579245684898457,0.791843440398583,0.7989001124765113,0.7512468514888383,0.7702768732381526
0.7760751185350132,0.785549766041693,0.7506328252881955,0.7489249855399402,0.7326864610615054,0.7793140578212614,1.0,0.7658713008581316,0.7705051531793701,0.7583246781161566,0.7851085744788953,0.7497456708065875,0.7838766684479709,0.7519414702505621,0.7434936946564008,0.8879297349003316,0.7049051043477548,0.8011475596236985,0.780949048137231,0.9369528744015375,0.8021382122174985,0.7915870500032458,0.8029308357634387,0.7395639171307798,0.7102932878668959,0.6787220682208299,0.7951667354954911,0.7615530902313833,0.7713737938841443,0.7683281233404577,0.7507388785639624,0.7733060357144813,0.08684524833634433,0.789058040346696,0.7710047145218089,0.7652730780086839,0.9125183324049845,0.7739546320258988,0.5022314088019921,0.7823984655606214,0.7497655495201634,0.7773401175182252,0.7868981077287607,0.7637780218970638,0.763850435243071,0.763631919258192,0.7658489069394473,0.7750890899660821,0.7582475475451005,0.7746338787326829
0.7718272922901879,0.7741276377754188,0.7479870774319322,0.8156184885840136,0.7274082727566438,0.7583743715070549,0.7658713008581316,1.0,0.7652328565523291,0.8275312852602841,0.7584237177762917,0.8159700248691051,0.7705412180363063,0.8131957317673595,0.8140023723741624,0.7678107400859034,0.7057539053430542,0.76747882345452,0.744216700848094,0.7689787611963558,0.7578555222265044,0.7528157362091676,0.7658972437290055,0.7318580270998398,0.7071531312404261,0.6769229252591852,0.7685096859297986,0.8789124166306442,0.7608614331894945,0.7627442036762868,0.8100685462051642,0.7612616356582889,0.08563790651161907,0.7539578225243673,0.7464263251848378,0.7897919404065126,0.7580546786714735,0.7650100086229579,0.525027611356834,0.765775284388803,0.8173384835312554,0.7624448471560691,0.7669152497685723,0.8823167583710366,0.8745395150606794,0.766351458002769,0.7527796801314726,0.7588596284022453,0.810694187270809,0.768094799944693
0.7952743799179379,0.7771675542692703,0.7579951682661036,0.7616946212984914,0.7402041081359019,0.7587157648172783,0.7705051531793701,0.7652328565523291,1.0,0.7774879869876842,0.7797360891997247,0.7527465855976145,0.780195558416794,0.7586452996771217,0.7602371188656323,0.7745417153791045,0.6985599923547252,0.7771797532281629,0.7504228425544874,0.7748678879664094,0.7779360729400007,0.7665540868157826,0.7817954671944524,0.7316818598194416,0.7068719598458337,0.6724891445884423,0.7846457724340734,0.7589021458719813,0.7730276570205343,0.8115037381813797,0.7592992772795072,0.7679264297942094,0.08319719251049307,0.7706551240682766,0.7552820560282313,0.7657132509354978,0.7637713078105491,0.7657415744185805,0.5050117448327827,0.778079862508704,0.7639275226933623,0.7680686684718374,0.7901405184948133,0.7663373796300336,0.7615339009788508,0.7776194255211014,0.7577877937071633,0.7662662117856041,0.7587267436414349,0.7839150728007739
0.7791193906888846,0.7792759914761369,0.7454789338528922,0.823608768727289,0.734083022397766,0.7492739602531232,0.7583246781161566,0.8275312852602841,0.7774879869876842,1.0,0.76969251576056,0.8104441509638554,0.7733823818230519,0.8193609673986101,0.8206494135571094,0.7660513172229766,0.6957823630750717,0.7683927885593391,0.7437514599790881,0.7622629883947276,0.7598841127162708,0.7524736211889247,0.7616081222062588,0.7277269221780767,0.7018326260744728,0.6733235184469386,0.7685571506222079,0.8309218898779118,0.7668782278246722,0.7718714900038204,0.8321209659317982,0.7579738421449247,0.0900543555994846,0.7526702943405472,0.7437359823786842,0.7976230153964513,0.7575667287259573,0.7594452177374248,0.5173346482795331,0.7625390709924709,0.8355860317163455,0.7526393806560852,0.7701175290303086,0.8298620875885755,0.8317589497572105,0.7752604869496207,0.7478265028722205,0.7566568179529729,0.8204632322773187,0.7750877867840849
0.7785282419930286,0.8046319624145912,0.7503483460621273,0.7553423344112404,0.7707649902082881,0.7810714255584649,0.7851085744788953,0.7584237177762917,0.7797360891997247,0.76969251576056,1.0,0.7526367115819355,0.8334905062243275,0.7649335742298471,0.75276676431315,0.7849894242105225,0.7131675558604162,0.8210443677771002,0.7922472632022011,0.7859530182888415,0.8171233192504969,0.8141608896413279,0.8241833619548096,0.7623795225148347,0.7169280991019802,0.6885722327472541,0.8327642955306042,0.7625878594711676,0.7736559722486636,0.7756904272973614,0.7556447242491942,0.7932630914743914,0.0918992837810787,0.8085554424796647,0.7818615880029176,0.7658823363239197,0.7776107625900075,0.8108989538210902,0.5025397857953486,0.8267339489125716,0.7598150786380901,0.8036702819371001,0.8347914043261557,0.7632521791509637,0.7648841211415485,0.768606440944636,0.7880931945038355,0.7977669620089969,0.7633854051138309,0.7816596524205118
0.7713293854703863,0.772952583177792,0.7409839192460347,0.8191691053574479,0.7143762918532864,0.7499657532978596,0.7497456708065875,0.8159700248691051,0.7527465855976145,0.8104441509638554,0.7526367115819355,1.0,0.7523175811098411,0.8071061845262054,0.8372700825948831,0.7512726009392098,0.7124435365214834,0.7553486099244455,0.732906488778045,0.7527289486234805,0.7522410681095879,0.7463859193431677,0.7568881836693528,0.7314097184033658,0.7086100456018845,0.6837479372306672,0.7581013458607571,0.8236724031927171,0.7676438492588223,0.7617555526952744,0.7984127437152893,0.7531744546310088,0.08875528492274254,0.7519066493733694,0.7404595571069281,0.7845414067932355,0.742880053674096,0.7618856940993117,0.5309612644917424,0.7543274081056347,0.8025972735332334,0.7484541608956158,0.7616464924829867,0.8264055779761068,0.8252567267227825,0.7700398307851538,0.7525551320827396,0.7558365450538379,0.803061585131559,0.7704521662259776
0.771072385061071,0.8028634645960548,0.7500521191103153,0.7588919207379183,0.7721040510156443,0.7826831623707047,0.7838766684479709,0.7705412180363063,0.780195558416794,0.7733823818230519,0.8334905062243275,0.7523175811098411,1.0,0.7614037900081393,0.7618849748480563,0.7916196271066787,0.7197713015099151,0.8258834547895073,0.8171839511988785,0.7876528178603376,0.8246710690127157,0.8257364418056777,0.8360907916331057,0.7638883832850231,0.7176496809189842,0.6885666019695263,0.8412074011020084,0.7605225800279075,0.7756641128217117,0.7800288838722299,0.7553775026267551,0.8101791026725277,0.083475104725802,0.8213440819281375,0.7819254383079378,0.7594325077158395,0.7757232076544632,0.8143563413854255,0.5036700715273529,0.8338526185858687,0.7610132557470475,0.7990645485255314,0.8387092042811919,0.7633273007780937,0.7623454254007546,0.7660370784149363,0.7886212991429287,0.7979978639011205,0.7600943597031832,0.784221242936915
0.7560533190636823,0.7700749819906132,0.7445126350444993,0.8382228331641962,0.7166493280095644,0.7456276848144536,0.7519414702505621,0.8131957317673595,0.7586452996771217,0.8193609673986101,0.7649335742298471,0.8071061845262054,0.7614037900081393,1.0,0.8357314239312885,0.7532338354147533,0.6878465175897547,0.7631366037032242,0.7365847927713038,0.7546515165399617,0.7551259468675569,0.7538480380274335,0.765480275062512,0.7121678798994422,0.6878553349409272,0.6566848567477366,0.7703010361724076,0.8328152105340703,0.7629274214761637,0.7592073784544919,0.8182497896413664,0.7466496068824837,0.09015027384498764,0.7503112439858709,0.735966175318131,0.7943745552465298,0.7450722846022142,0.7565055191316825,0.5010659440910323,0.756935919145992,0.8207233908309668,0.7498124218955403,0.7626598189153655,0.831236921240234,0.8213504702845897,0.7704877024135942,0.7462633141631909,0.7562311065918409,0.8185689682646472,0.7715453979742759
0.7517832546895687,0.7617241426354711,0.7376579789533237,0.848682604301362,0.7309876942645934,0.7440159830249256,0.7434936946564008,0.8140023723741624,0.7602371188656323,0.8206494135571094,0.75276676431315,0.8372700825948831,0.7618849748480563,0.8357314239312885,1.0,0.7529539422141095,0.6966621530539754,0.7537154042396738,0.7301183908541633,0.7490024266435487,0.7521758437379769,0.7420873821445492,0.7534391224995856,0.7210920400200078,0.6944587897866211,0.6637182098842322,0.760464132729452,0.8213987504674947,0.755673550032588,0.7629901551087174,0.8246242501251801,0.7504809248230562,0.0902016756461731,0.7429801678283274,0.7310303159711538,0.7838224163643501,0.7391828058702269,0.7504991398137502,0.5158148475527236,0.7505036641467286,0.8331402150577338,0.7459965481170474,0.7602326751489609,0.8214279687140169,0.815420804023951,0.7627908085673887,0.7459386689938673,0.753493400546986,0.8016287425032603,0.76865140259302
0.7732422985937779,0.7812527164324728,0.7491422626924167,0.755151255451417,0.7426772409815959,0.7728615808880867,0.8879297349003316,0.7678107400859034,0.7745417153791045,0.7660513172229766,0.7849894242105225,0.7512726009392098,0.7916196271066787,0.7532338354147533,0.7529539422141095,1.0,0.7118529116644632,0.7890360585499655,0.7725780164839028,0.8978878975290772,0.7922295226383366,0.7847804025825791,0.7912593158079421,0.7563007999585004,0.7223280384191664,0.6922046658795198,0.7877028985960677,0.7581676648268899,0.7743710718278485,0.7733488922507634,0.7584254491007364,0.7761440520749312,0.07899457847937863,0.7823368409818354,0.7671132111734187,0.7599843021099401,0.888529483820946,0.7739725697644305,0.498966562151286,0.7790357348828231,0.75530320524465,0.7738806308503223,0.7843657105699543,0.7635951629582854,0.7610254082005936,0.7640702405473372,0.7649155719614773,0.772190956474547,0.7524083669462971,0.7778349688288909
0.7158894774870066,0.7346532222129856,0.6834608782427132,0.6968360452382889,0.7151833030240421,0.7396198720078934,0.7049051043477548,0.7057539053430542,0.6985599923547252,0.6957823630750717,0.7131675558604162,0.7124435365214834,0.7197713015099151,0.6878465175897547,0.6966621530539754,0.7118529116644632,1.0,0.7114344097450933,0.6947476897957664,0.7066647274485665,0.7185157981374719,0.7110236928519038,0.7260551277365312,0.7967997582895383,0.8090237388354116,0.8118057044865468,0.7181194595970909,0.6968995195743642,0.7100758590835239,0.7025186142485069,0.6879005409620758,0.7639899102341697,0.08901354768602243,0.7348879254609053,0.7553741237945399,0.69324589359544,0.7025732136484748,0.7483937620497552,0.5577267543834905,0.7444585474291808,0.6859608717446177,0.7281593222698997,0.7260774730068631,0.709998693064354,0.7137255205488491,0.7134740072818411,0.7759889327229742,0.7556710404559939,0.680438405134713,0.707893685400349
0.7841505066915977,0.80833899056571,0.7549905100334331,0.7593905228130149,0.750162081952851,0.7918304260016082,0.8011475596236985,0.76747882345452,0.7771797532281629,0.7683927885593391,0.8210443677771002,0.7553486099244455,0.8258834547895073,0.7631366037032242,0.7537154042396738,0.7890360585499655,0.7114344097450933,1.0,0.8208101512858094,0.8024362772055472,0.8411158430852901,0.8278694377207014,0.8470390955090981,0.7490338511405863,0.7147904386390769,0.6789618899540213,0.8352913386179648,0.7692421606076836,0.7829683479096652,0.7819482104274644,0.7547760397228206,0.8014841955922059,0.09114427338519993,0.8248923390644183,0.7890127817829732,0.7724158549478289,0.7932303657146516,0.8066475999855628,0.5110550136780727,0.8192296258914389,0.7545606183239746,0.8021152256303175,0.8287635659269843,0.7686954906333289,0.7695016474690386,0.7709692452969116,0.7813727762717133,0.7915200851527282,0.7616109085002754,0.785818232729001
0.7595259106352489,0.7740080725862372,0.7253607190916309,0.7328532069165912,0.7325964067471468,0.7690241076355022,0.780949048137231,0.744216700848094,0.7504228425544874,0.7437514599790881,0.7922472632022011,0.732906488778045,0.8171839511988785,0.7365847927713038,0.7301183908541633,0.7725780164839028,0.6947476897957664,0.8208101512858094,1.0,0.7797425609386348,0.817054270633674,0.818737143007154,0.8101810351741571,0.7303436094617604,0.6947582925311031,0.6649252300210722,0.8045199652802815,0.7377339430615264,0.7590785023200968,0.7577665716555327,0.7313421187442996,0.78941522772244,0.08650306371159366,0.7893955483190882,0.763565377202313,0.7508802507560881,0.7719360366931987,0.7766970971692205,0.5016017986772016,0.796525620699188,0.7343130830820357,0.776020543563261,0.8040764145895284,0.7399991346441456,0.739670985154107,0.7509314541797681,0.758796843750915,0.7680777840231683,0.7329865545056968,0.7666186572289672
0.7788929814607846,0.7904387336444514,0.7580986256237332,0.7507209910172654,0.7351654552845757,0.7736134981944603,0.9369528744015375,0.7689787611963558,0.7748678879664094,0.7622629883947276,0.7859530182888415,0.7527289486234805,0.7876528178603376,0.7546515165399617,0.7490024266435487,0.8978878975290772,0.7066647274485665,0.8024362772055472,0.7797425609386348,1.0,0.8054551454639088,0.7882553396914125,0.801671510755037,0.7409134478386193,0.7139636087106269,0.6802842835703098,0.796238205537943,0.7654359084441297,0.7761604629103656,0.7745423741123367,0.7539736022172564,0.7765673298779627,0.08634062535023201,0.7895333823629108,0.7726838680629959,0.7654138596083871,0.9157630618189039,0.7777510727103706,0.5017964465246394,0.7839207561663609,0.753943988363532,0.7816115586345447,0.7919807465479421,0.7654502926286287,0.7650376340608861,0.7668769782251441,0.7719645542543939,0.7806900387289681,0.7587998120421666,0.7805952952422636
0.7750151841481357,0.8064520218500146,0.7514992166074554,0.7507109701031536,0.7587530058101127,0.7839513357751513,0.8021382122174985,0.7578555222265044,0.7779360729400007,0.7598841127162708,0.8171233192504969,0.7522410681095879,0.8246710690127157,0.7551259468675569,0.7521758437379769,0.7922295226383366,0.7185157981374719,0.8411158430852901,0.817054270633674,0.8054551454639088,1.0,0.8250744781499377,0.847887800502376,0.750540138318609,0.719278622342014,0.6861687156295407,0.8352268394366305,0.7591030169163696,0.7740450971283532,0.7770299255780859,0.7497454486823345,0.8060527887339559,0.08791718132028747,0.828285332476552,0.7902972968448507,0.7626486649371136,0.7896841834742733,0.807925380181964,0.5108868654042242,0.8251607387888064,0.753118209145323,0.7965261032392761,0.8332392786234382,0.7605256205903741,0.7611453087354627,0.7711032323362057,0.7918599916017022,0.8019052189779335,0.7578888613414838,0.7817852619376962
0.7688636416342279,0.7909509586641641,0.7454513152520538,0.7462180232001332,0.7339583787283628,0.8003462238764525,0.7915870500032458,0.7528157362091676,0.7665540868157826,0.7524736211889247,0.8141608896413279,0.7463859193431677,0.8257364418056777,0.7538480380274335,0.7420873821445492,0.7847804025825791,0.7110236928519038,0.8278694377207014,0.818737143007154,0.7882553396914125,0.8250744781499377,1.0,0.8730420221355886,0.7467055293162537,0.7117209898355117,0.6795641177982061,0.823813072089701,0.7549434214517854,0.7691648715378288,0.7623724733880616,0.7409152443332541,0.7939621771472583,0.08819597961133263,0.8413078184926952,0.7745805897149184,0.7551835070846881,0.7780342583183674,0.8027350849947665,0.5022387882341421,0.817154574286577,0.7428824206386154,0.7892931499084708,0.8242379280109222,0.7561063727354572,0.7546746687233088,0.7617222793777538,0.778689891357015,0.7873768846285385,0.7530873024827686,0.7767985018899186
0.7801547428548872,0.811869086073886,0.7561292500886545,0.7637614966332334,0.75041698113233,0.7970562908921117,0.8029308357634387,0.7658972437290055,0.7817954671944524,0.7616081222062588,0.8241833619548096,0.7568881836693528,0.8360907916331057,0.765480275062512,0.7534391224995856,0.7912593158079421,0.7260551277365312,0.8470390955090981,0.8101810351741571,0.801671510755037,0.847887800502376,0.8730420221355886,1.0,0.7579401604419642,0.7256289110896295,0.6875811252087118,0.8473763896366268,0.7661947725045748,0.7808779093388364,0.771058271901223,0.7533046559464767,0.8142383515360121,0.09147013411264748,0.8620074704024847,0.7895404699755413,0.7707648603032153,0.7906156686826716,0.8168966277923715,0.508189363036248,0.8252663847515975,0.7547332772169573,0.8027973330581843,0.8351259787208596,0.768554039281042,0.769471948955277,0.7725625718954343,0.7923342411597318,0.8030419794481665,0.7654274000107382,0.7860748963389345
0.7538821947355934,0.7829717422777607,0.7059651834469256,0.7277948170892679,0.7382572441641525,0.7834448736372085,0.7395639171307798,0.7318580270998398,0.7316818598194416,0.7277269221780767,0.7623795225148347,0.7314097184033658,0.7638883832850231,0.7121678798994422,0.7210920400200078,0.7563007999585004,0.7967997582895383,0.7490338511405863,0.7303436094617604,0.7409134478386193,0.750540138318609,0.7467055293162537,0.7579401604419642,1.0,0.8091380224214182,0.7783490259013869,0.7514157660187001,0.7204613764976612,0.7308200384265994,0.7368492589255196,0.7193960474131811,0.7774168396477139,0.0919607355395351,0.7574977875222517,0.7883182228964454,0.7146034475117469,0.7387729904932323,0.7715752586034996,0.5243853895786168,0.7751102824704068,0.720232058857309,0.7686668636849243,0.7554913172956168,0.73545902186431,0.7382559141479262,0.730621503044959,0.785514325403029,0.7786602647073644,0.7135812581787895,0.7379109648104415
0.7212373146031319,0.749516354771373,0.6865078851494351,0.703079100568234,0.7142054603750632,0.7551877394764999,0.7102932878668959,0.7071531312404261,0.7068719598458337,0.7018326260744728,0.7169280991019802,0.7086100456018845,0.7176496809189842,0.6878553349409272,0.6944587897866211,0.7223280384191664,0.8090237388354116,0.7147904386390769,0.6947582925311031,0.7139636087106269,0.719278622342014,0.7117209898355117,0.7256289110896295,0.8091380224214182,1.0,0.8175812148955661,0.7177506869308612,0.6966669503000172,0.698473803462619,0.7053005422465186,0.6925658492613407,0.7619436385518938,0.09242440398770368,0.7345091623938544,0.7735961141168078,0.6880573066397263,0.7094351714772558,0.7500876154903664,0.5503657978043843,0.7469646937124226,0.6951244505645388,0.7358710881652777,0.7270529856211208,0.7147092637570795,0.7174735488903932,0.7097597712909903,0.7713989479333635,0.752864955607202,0.6880499523031757,0.704549362518364
0.6965098390605671,0.696533725927921,0.6487412712123768,0.6697496212740937,0.6803233810484115,0.7047384858253798,0.6787220682208299,0.6769229252591852,0.6724891445884423,0.6733235184469386,0.6885722327472541,0.6837479372306672,0.6885666019695263,0.6566848567477366,0.6637182098842322,0.6922046658795198,0.8118057044865468,0.6789618899540213,0.6649252300210722,0.6802842835703098,0.6861687156295407,0.6795641177982061,0.6875811252087118,0.7783490259013869,0.8175812148955661,1.0,0.6829316338407341,0.6672135700465323,0.6684463131743341,0.6783811146858655,0.6636514212754867,0.725022120961945,0.08342930486681932,0.6988655142489845,0.7293183147255207,0.6607081687317012,0.6764272760898906,0.724313297203482,0.5686450217583235,0.7212861251343268,0.6632054980792947,0.6946692157823562,0.6867918165460987,0.6824231002436205,0.6857865018680256,0.682242602724193,0.750257851488521,0.7229724164350719,0.656372687059432,0.677994181516042
0.780721573825445,0.8131497509785071,0.7613269006648131,0.7624333754641668,0.7599972517855818,0.7866908173302075,0.7951667354954911,0.7685096859297986,0.7846457724340734,0.7685571506222079,0.8327642955306042,0.7581013458607571,0.8412074011020084,0.7703010361724076,0.760464132729452,0.7877028985960677,0.7181194595970909,0.8352913386179648,0.8045199652802815,0.796238205537943,0.8352268394366305,0.823813072089701,0.8473763896366268,0.7514157660187001,0.7177506869308612,0.6829316338407341,1.0,0.7703677555622267,0.7875288933176721,0.7806903870563926,0.7588768453462219,0.807053500204023,0.08742761711261937,0.8230383032188787,0.7850080587286404,0.7722702657198613,0.7813668142327933,0.83266691838397,0.5028066813934735,0.8339021355578193,0.7618847253554335,0.8042338305256097,0.8624940040705691,0.7716421825249924,0.7688732606318663,0.7787385220887081,0.7933662007469191,0.8039079368906025,0.7668144170046791,0.7893225645694831
0.7676118930505919,0.7790711130016206,0.7516701217198128,0.8303834839281987,0.7105052767986348,0.7515115611620788,0.7615530902313833,0.8789124166306442,0.7589021458719813,0.8309218898779118,0.7625878594711676,0.8236724031927171,0.7605225800279075,0.8328152105340703,0.8213987504674947,0.7581676648268899,0.6968995195743642,0.7692421606076836,0.7377339430615264,0.7654359084441297,0.7591030169163696,0.7549434214517854,0.7661947725045748,0.7204613764976612,0.6966669503000172,0.6672135700465323,0.7703677555622267,1.0,0.7666981232266681,0.766142982156715,0.8147232198849126,0.7499550872987426,0.09266216363291346,0.7521667788659343,0.7415546115911273,0.7965277410202023,0.7526628096384461,0.7662827091835409,0.5221402073165482,0.7589064851361017,0.8210961265488801,0.7577087291478177,0.7664961905191158,0.9224828205735216,0.9071778709014313,0.7673188367811379,0.755734182158174,0.7622928424291622,0.8283649314516566,0.7706582219652669
0.7839893618374335,0.7884001630304518,0.7608165214589898,0.7549170751022507,0.7197704670848796,0.768503149862941,0.7713737938841443,0.7608614331894945,0.7730276570205343,0.7668782278246722,0.7736559722486636,0.7676438492588223,0.7756641128217117,0.7629274214761637,0.755673550032588,0.7743710718278485,0.7100758590835239,0.7829683479096652,0.7590785023200968,0.7761604629103656,0.7740450971283532,0.7691648715378288,0.7808779093388364,0.7308200384265994,0.698473803462619,0.6684463131743341,0.7875288933176721,0.7666981232266681,1.0,0.7753725573163822,0.7560196175734507,0.7621643623027388,0.08315871996823232,0.7732135950630707,0.7568357503347695,0.7715567064590886,0.7624663348293896,0.7749511515115926,0.5097396094775306,0.7746547160091521,0.7562301317453304,0.7728150563276024,0.7836921786924383,0.7628129807729362,0.7632624417846039,0.7945681871040515,0.7669417473018414,0.7751030669256576,0.7654016902917447,0.8552222584573277
0.7943021702450301,0.7781542766968106,0.7625976131689844,0.7589434927928443,0.7348444245522605,0.7581454558804948,0.7683281233404577,0.7627442036762868,0.8115037381813797,0.7718714900038204,0.7756904272973614,0.7617555526952744,0.7800288838722299,0.7592073784544919,0.7629901551087174,0.7733488922507634,0.7025186142485069,0.7819482104274644,0.7577665716555327,0.7745423741123367,0.7770299255780859,0.7623724733880616,0.771058271901223,0.7368492589255196,0.7053005422465186,0.6783811146858655,0.7806903870563926,0.766142982156715,0.7753725573163822,1.0,0.7618495684220987,0.7650719066997939,0.09055095365487575,0.7602918663467695,0.7566230516578739,0.7610683559642452,0.7627388936673583,0.7707116237039946,0.5109468925909586,0.780462225838191,0.7615820484610536,0.7625661228106217,0.7854048205948818,0.7669310048875644,0.7621601148306891,0.7837589276214264,0.767546597784059,0.773238185918655,0.762899807395228,0.7873529460241113
0.7541215447686214,0.7613502832152267,0.7333278556586074,0.8278952304131133,0.7227856024256173,0.7401434137752474,0.7507388785639624,0.8100685462051642,0.7592992772795072,0.8321209659317982,0.7556447242491942,0.7984127437152893,0.7553775026267551,0.8182497896413664,0.8246242501251801,0.7584254491007364,0.6879005409620758,0.7547760397228206,0.7313421187442996,0.7539736022172564,0.7497454486823345,0.7409152443332541,0.7533046559464767,0.7193960474131811,0.6925658492613407,0.6636514212754867,0.7588768453462219,0.8147232198849126,0.7560196175734507,0.7618495684220987,1.0,0.7449356633174304,0.08957900599056212,0.7449140586513255,0.7324461600833299,0.7862542218166739,0.7500758437716433,0.7507831463843957,0.506691685572246,0.7481768135909304,0.8685016200799898,0.7480071098968277,0.7578605244751104,0.8174358173277994,0.8118175669480583,0.7617868449297458,0.7380755149416114,0.7469572034575571,0.8038033027262018,0.7624231645257515
0.7750401930083193,0.7908042631785437,0.7399217076702629,0.754011319037017,0.7691712905418101,0.7818663554460661,0.7733060357144813,0.7612616356582889,0.7679264297942094,0.7579738421449247,0.7932630914743914,0.7531744546310088,0.8101791026725277,0.7466496068824837,0.7504809248230562,0.7761440520749312,0.7639899102341697,0.8014841955922059,0.78941522772244,0.7765673298779627,0.8060527887339559,0.7939621771472583,0.8142383515360121,0.7774168396477139,0.7619436385518938,0.725022120961945,0.807053500204023,0.7499550872987426,0.7621643623027388,0.7650719066997939,0.7449356633174304,1.0,0.08615881742209475,0.8093079406883166,0.7802044633791885,0.751991669678524,0.7730256046305694,0.810371915457596,0.5309431047687609,0.8080389116254407,0.7440946575235754,0.7874739113221232,0.8127753698482341,0.7569822599815447,0.7605871069391612,0.7621830032685537,0.7931835459613796,0.7938878071727198,0.7380353133747616,0.7616283781723604
0.08466499626752844,0.08984850112104592,0.08413945018334901,0.09287376232963451,0.08630123007881874,0.0881522909531397,0.08684524833634433,0.08563790651161907,0.08319719251049307,0.0900543555994846,0.0918992837810787,0.08875528492274254,0.083475104725802,0.09015027384498764,0.0902016756461731,0.07899457847937863,0.08901354768602243,0.09114427338519993,0.08650306371159366,0.08634062535023201,0.08791718132028747,0.08819597961133263,0.09147013411264748,0.0919607355395351,0.09242440398770368,0.08342930486681932,0.08742761711261937,0.09266216363291346,0.08315871996823232,0.09055095365487575,0.08957900599056212,0.08615881742209475,1.0,0.08487991056084931,0.08426721776789603,0.09194532845675285,0.08731294300042036,0.08663459751431835,0.06407956004782778,0.08780730539501924,0.09718856451871383,0.08426537449708082,0.09150986596269095,0.09362225029337368,0.09283081355098921,0.09265075219636676,0.09093150792063953,0.09427356277110033,0.0899743511825446,0.08639898182390549
0.7748598282707928,0.7999826628152304,0.7508351337247051,0.7472846132078383,0.7494074077872269,0.7898945332242984,0.789058040346696,0.7539578225243673,0.7706551240682766,0.7526702943405472,0.8085554424796647,0.7519066493733694,0.8213440819281375,0.7503112439858709,0.7429801678283274,0.7823368409818354,0.7348879254609053,0.8248923390644183,0.7893955483190882,0.7895333823629108,0.828285332476552,0.8413078184926952,0.8620074704024847,0.7574977875222517,0.7345091623938544,0.6988655142489845,0.8230383032188787,0.7521667788659343,0.7732135950630707,0.7602918663467695,0.7449140586513255,0.8093079406883166,0.08487991056084931,1.0,0.791870549304859,0.7620626951260955,0.7777199852653456,0.809988444602642,0.5226881751538046,0.8191634224068213,0.7406669997361153,0.797228330348108,0.8319792170348193,0.7561790256804672,0.7573908437721552,0.7664881684891747,0.7914925230375871,0.7977134257452985,0.746501026113304,0.7759460388673576
0.7665265390391566,0.8210877426816595,0.7337194029176137,0.733597544138731,0.7384672159170016,0.806673431771011,0.7710047145218089,0.7464263251848378,0.7552820560282313,0.7437359823786842,0.7818615880029176,0.7404595571069281,0.7819254383079378,0.735966175318131,0.7310303159711538,0.7671132111734187,0.7553741237945399,0.7890127817829732,0.763565377202313,0.7726838680629959,0.7902972968448507,0.7745805897149184,0.7895404699755413,0.7883182228964454,0.7735961141168078,0.7293183147255207,0.7850080587286404,0.7415546115911273,0.7568357503347695,0.7566230516578739,0.7324461600833299,0.7802044633791885,0.08426721776789603,0.791870549304859,1.0,0.7381987017626537,0.7551943895554232,0.7839213709990355,0.5239845476695832,0.7996787929750925,0.7332039202130947,0.7961742357965477,0.7919701265714713,0.7473525089590426,0.7452092961422159,0.7502190666143556,0.8014598422362476,0.8022104539849721,0.7387502265764356,0.7578236531439086
0.7656165127003092,0.7671536174749426,0.7444423233692609,0.7902146752138988,0.7198368140848419,0.7511958947002839,0.7652730780086839,0.7897919404065126,0.7657132509354978,0.7976230153964513,0.7658823363239197,0.7845414067932355,0.7594325077158395,0.7943745552465298,0.7838224163643501,0.7599843021099401,0.69324589359544,0.7724158549478289,0.7508802507560881,0.7654138596083871,0.7626486649371136,0.7551835070846881,0.7707648603032153,0.7146034475117469,0.6880573066397263,0.6607081687317012,0.7722702657198613,0.7965277410202023,0.7715567064590886,0.7610683559642452,0.7862542218166739,0.751991669678524,0.09194532845675285,0.7620626951260955,0.7381987017626537,1.0,0.7545357700441213,0.753718484869723,0.5334713599140017,0.760135760652817,0.786222727854158,0.7521393298847538,0.7669650699835497,0.7967279396078744,0.7974624153124475,0.7746627796502723,0.748297104550159,0.7567059271564918,0.8024031299777268,0.7772710263084265
0.7668337267264831,0.7721197983400707,0.7411819124154515,0.7455051515623153,0.7306399337543548,0.7635665745483378,0.9125183324049845,0.7580546786714735,0.7637713078105491,0.7575667287259573,0.7776107625900075,0.742880053674096,0.7757232076544632,0.7450722846022142,0.7391828058702269,0.888529483820946,0.7025732136484748,0.7932303657146516,0.7719360366931987,0.9157630618189039,0.7896841834742733,0.7780342583183674,0.7906156686826716,0.7387729904932323,0.7094351714772558,0.6764272760898906,0.7813668142327933,0.7526628096384461,0.7624663348293896,0.7627388936673583,0.7500758437716433,0.7730256046305694,0.08731294300042036,0.7777199852653456,0.7551943895554232,0.7545357700441213,1.0,0.766245467540155,0.4979070828834694,0.7663068074711343,0.7472454328157203,0.7654726023456642,0.775195065232944,0.7551677474346045,0.7555427111308203,0.7559677598342665,0.7551202619283685,0.7640386706579836,0.7472122669314817,0.7664596607318166
0.7873941877764516,0.8091036100824437,0.7525559995098362,0.7513477484951063,0.7641969093415282,0.7839511031677586,0.7739546320258988,0.7650100086229579,0.7657415744185805,0.7594452177374248,0.8108989538210902,0.7618856940993117,0.8143563413854255,0.7565055191316825,0.7504991398137502,0.7739725697644305,0.7483937620497552,0.8066475999855628,0.7766970971692205,0.7777510727103706,0.807925380181964,0.8027350849947665,0.8168966277923715,0.7715752586034996,0.7500876154903664,0.724313297203482,0.83266691838397,0.7662827091835409,0.7749511515115926,0.7707116237039946,0.7507831463843957,0.810371915457596,0.08663459751431835,0.809988444602642,0.7839213709990355,0.753718484869723,0.766245467540155,1.0,0.5253614862322797,0.8329372926645875,0.7496856730189052,0.79965411828419,0.8461193890360827,0.7707684741166471,0.7690653575002819,0.7701184066372586,0.8128365042639362,0.8115535658332704,0.7584563154888293,0.775191381876919
0.5410298784142231,0.5093408416265577,0.49199100930147777,0.5171955375719137,0.513535224346441,0.5146948311988837,0.5022314088019921,0.525027611356834,0.5050117448327827,0.5173346482795331,0.5025397857953486,0.5309612644917424,0.5036700715273529,0.5010659440910323,0.5158148475527236,0.498966562151286,0.5577267543834905,0.5110550136780727,0.5016017986772016,0.5017964465246394,0.5108868654042242,0.5022387882341421,0.508189363036248,0.5243853895786168,0.5503657978043843,0.5686450217583235,0.5028066813934735,0.5221402073165482,0.5097396094775306,0.5109468925909586,0.506691685572246,0.5309431047687609,0.06407956004782778,0.5226881751538046,0.5239845476695832,0.5334713599140017,0.4979070828834694,0.5253614862322797,1.0,0.526412681636184,0.5103865296925345,0.4991959762103988,0.5065713144063287,0.5281976712847314,0.5329164928593146,0.51506731973519,0.5353525078491358,0.521158085980144,0.5095647567994341,0.5136623996095419
