../ecoli_genomes/GCF_000163235.1_ASM16323v1_genomic.fna.gz,../ecoli_genomes/GCF_000164555.1_ASM16455v1_genomic.fna.gz,../ecoli_genomes/GCF_000208545.1_ASM20854v2_genomic.fna.gz,../ecoli_genomes/GCF_000233875.1_ASM23387v1_genomic.fna.gz,../ecoli_genomes/GCF_000249735.1_ASM24973v2_genomic.fna.gz,../ecoli_genomes/GCF_000261145.1_Esch_coli_M919_V2_genomic.fna.gz,../ecoli_genomes/GCF_000267705.2_ASM26770v2_genomic.fna.gz,../ecoli_genomes/GCF_000350665.1_Esch_coli_KTE5_V1_genomic.fna.gz,../ecoli_genomes/GCF_000351625.1_Esch_coli_KTE66_V1_genomic.fna.gz,../ecoli_genomes/GCF_000352285.1_Esch_coli_KTE46_V1_genomic.fna.gz,../ecoli_genomes/GCF_000358895.1_ASM35889v1_genomic.fna.gz,../ecoli_genomes/GCF_000456385.1_Esch_coli_HVH_26_4-5703913_V1_genomic.fna.gz,../ecoli_genomes/GCF_000458195.1_Esch_coli_HVH_147_4-5893887_V1_genomic.fna.gz,../ecoli_genomes/GCF_000459755.1_Esch_coli_KOEGE_58_171a_V1_genomic.fna.gz,../ecoli_genomes/GCF_000460055.1_Esch_coli_UMEA_3053-1_V1_genomic.fna.gz,../ecoli_genomes/GCF_000462165.2_ASM46216v2_genomic.fna.gz,../ecoli_genomes/GCF_000601135.1_ASM60113v1_genomic.fna.gz,../ecoli_genomes/GCF_000614595.1_Ec2010EL1058_genomic.fna.gz,../ecoli_genomes/GCF_000617745.1_Ec2010C-4529_genomic.fna.gz,../ecoli_genomes/GCF_000618265.2_EcF6751_genomic.fna.gz,../ecoli_genomes/GCF_000619005.2_Ec2009C-4052_genomic.fna.gz,../ecoli_genomes/GCF_000619105.1_Ec2009C-4780_genomic.fna.gz,../ecoli_genomes/GCF_000619765.2_Ec2009C-3279_genomic.fna.gz,../ecoli_genomes/GCF_000687005.1_ASM68700v1_genomic.fna.gz,../ecoli_genomes/GCF_000687025.1_ASM68702v1_genomic.fna.gz,../ecoli_genomes/GCF_000700125.1_ASM70012v1_genomic.fna.gz,../ecoli_genomes/GCF_000753315.1_FHI35_genomic.fna.gz,../ecoli_genomes/GCF_000776375.1_ASM77637v1_genomic.fna.gz,../ecoli_genomes/GCF_000779395.1_ASM77939v1_genomic.fna.gz,../ecoli_genomes/GCF_000780315.1_ASM78031v1_genomic.fna.gz,../ecoli_genomes/GCF_000781995.1_ASM78199v1_genomic.fna.gz,../ecoli_genomes/GCF_000986765.1_ASM98676v1_genomic.fna.gz,../ecoli_genomes/GCF_001041375.1_ViralProj287958_genomic.fna.gz,../ecoli_genomes/GCF_001265335.1_302014_genomic.fna.gz,../ecoli_genomes/GCF_001265625.1_100854_genomic.fna.gz,../ecoli_genomes/GCF_001267345.1_303289_genomic.fna.gz,../ecoli_genomes/GCF_001309985.1_ASM130998v1_genomic.fna.gz,../ecoli_genomes/GCF_001521695.1_ASM152169v1_genomic.fna.gz,../ecoli_genomes/GCF_001592595.1_ASM159259v1_genomic.fna.gz,../ecoli_genomes/GCF_001614975.1_ASM161497v1_genomic.fna.gz,../ecoli_genomes/GCF_001692775.1_ASM169277v1_genomic.fna.gz,../ecoli_genomes/GCF_001748915.1_ASM174891v1_genomic.fna.gz,../ecoli_genomes/GCF_001749235.1_ASM174923v1_genomic.fna.gz,../ecoli_genomes/GCF_001881155.1_ASM188115v1_genomic.fna.gz,../ecoli_genomes/GCF_001881345.1_ASM188134v1_genomic.fna.gz,../ecoli_genomes/GCF_001892405.1_ASM189240v1_genomic.fna.gz,../ecoli_genomes/GCF_001892585.1_ASM189258v1_genomic.fna.gz,../ecoli_genomes/GCF_001893985.1_ASM189398v1_genomic.fna.gz,../ecoli_genomes/GCF_002001595.1_ASM200159v1_genomic.fna.gz,../ecoli_genomes/GCF_002002145.1_ASM200214v1_genomic.fna.gz
1.0,0.7817586855407731,0.7604819557477716,0.7590095155677714,0.7548767835232166,0.7745028546047503,0.7690512005107373,0.7641018488144556,0.7893217662811243,0.7678364632307255,0.7708639878771657,0.7680155797042942,0.7794444593341618,0.7612963168489504,0.7542801329884709,0.7622884027062986,0.7494265868145729,0.7722995069367162,0.7741209834988827,0.7725736929145317,0.7807300685397809,0.7712708465375913,0.7810608254195698,0.7569755182261878,0.7456699762620064,0.7353322734814396,0.7784710632613597,0.760565699768926,0.787816170332728,0.8018290001548085,0.7525651243333981,0.7710847384668653,0.06198644724105429,0.7617366761242099,0.7599088700184593,0.7601806960071908,0.7501815651956226,0.7734300561103464,0.7405997257816714,0.7827266420320819,0.7549953503175169,0.7794070265070113,0.7813572240871025,0.766716102581839,0.7686903197768638,0.7718654692081803,0.7791100431840003,0.7785186315659949,0.7610956959391604,0.7821404521405366
0.7817586855407731,1.0,0.751074084676399,0.7603769449021788,0.7700545728448049,0.8340517963629519,0.7787541858363365,0.7617315592164444,0.7636925131230873,0.7644197774671129,0.7929737431025613,0.768615305156832,0.8065170644850107,0.7562321390675573,0.75380971671074,0.7726657722534994,0.7896526918638235,0.8092140557174036,0.8000148844608446,0.7807023502092383,0.8022642793331036,0.8030430566810293,0.8114923644638328,0.813141484365873,0.8048646206336816,0.7852511708827329,0.806223144733974,0.7614991653731741,0.7826030413995446,0.7742168373920095,0.7488663384352314,0.7954318672415648,0.05789004892242733,0.7858784281689679,0.8171604070356685,0.7576232795970637,0.7608834027189935,0.8065346582423597,0.7325829607703065,0.8095837042364864,0.7464540038049262,0.8167233901359516,0.8050225390859151,0.7715770594116327,0.7678109095466742,0.7636849375343937,0.8172943624160101,0.81797393509124,0.7661383678453428,0.7674670315476434
0.7604819557477716,0.751074084676399,1.0,0.7389864223828972,0.7232297099346596,0.7443256858048062,0.750187128007687,0.7407995802136418,0.7534456501122523,0.7399557887156136,0.7394626539354499,0.7422640829999343,0.7557712931886831,0.7392961159626841,0.7337838137806914,0.7457636586975955,0.7178757905335628,0.7471971205249297,0.7453272108474994,0.7521421269025236,0.7544890136101379,0.749357203497609,0.7550566240572759,0.7257574071603913,0.7141089978502462,0.7074683705654324,0.752555183932196,0.7338304517038509,0.7562977171650924,0.757538679348554,0.7329660159091888,0.7389754234773791,0.07006895251565826,0.7388718933396774,0.7294317918393831,0.7388453158065184,0.739436994660775,0.742749836822252,0.7172966348692063,0.7539705179561587,0.7325506300167444,0.7500791436345081,0.7519269440465255,0.7418383839869285,0.7361486671882598,0.7434849764881196,0.7560971566166578,0.7556370365732439,0.7357355359081272,0.7467193374505563
0.7590095155677714,0.7603769449021788,0.7389864223828972,1.0,0.7358980158493145,0.7578116363586757,0.748169717807659,0.8300252137524189,0.7573662449389382,0.8317773253125841,0.7416831775046635,0.8319649036738088,0.7570896271842755,0.8520183177633591,0.8482366085546077,0.7473645502776305,0.7314507411492684,0.7545368970969516,0.7419211732548285,0.7488457680439063,0.7525847804248543,0.7448630204022944,0.7566115239890692,0.7353577520852956,0.7281772233679304,0.7237583490306321,0.7577128961159159,0.8416531559146523,0.7649793438316439,0.762319516650268,0.8254264980265962,0.750943601003736,0.060799511957031926,0.7304583749838489,0.7372591297061513,0.7903543470235254,0.734844690368359,0.7504977332273834,0.7683049063030203,0.755980639462714,0.8401583050150857,0.7589152380168475,0.7559506371113722,0.8442614305504028,0.8307728431955328,0.7573305045334116,0.7571473989478614,0.7574235608005556,0.8123850654509048,0.7620143675582177
0.7548767835232166,0.7700545728448049,0.7232297099346596,0.7358980158493145,1.0,0.7818908496790766,0.748036993204318,0.7474836688466796,0.7440717876790559,0.7485647604900677,0.7979974223628779,0.7414973689062958,0.7996355235062729,0.739637970714685,0.7427420471885637,0.75738509988349,0.7762462928797063,0.7796565882529295,0.773184863688146,0.7502544985973678,0.7788251835164882,0.7721422392249169,0.7767025031626413,0.7828044974211703,0.7655460885763147,0.7725815023101392,0.7775575336539922,0.7325002228007143,0.7540317801754286,0.7530586845559153,0.7420452972397993,0.7883490983425592,0.07427093924313244,0.7774650314405431,0.7653536579497128,0.7383548435305924,0.7375390960312889,0.792704003177926,0.7273999322516123,0.792073179521957,0.7375497236882923,0.782561110635957,0.7938229949939437,0.7361038153229958,0.7397878071496464,0.7402486531028202,0.7836544989231009,0.7834134870855038,0.7326786614967334,0.7450430701221684
0.7745028546047503,0.8340517963629519,0.7443256858048062,0.7578116363586757,0.7818908496790766,1.0,0.7820729648802843,0.7589435100439962,0.7598824307786237,0.7552699517675637,0.7919383407651646,0.7610243849887354,0.8048269186642761,0.755192892840602,0.7521097290931293,0.7811866974225699,0.7866868602726145,0.8116582418496612,0.8014299689483879,0.7845054841232955,0.7994368466464897,0.7961427004620347,0.804720799382173,0.8158307261834343,0.8089932172357076,0.7824375728571009,0.8018834723934417,0.753549671377361,0.782851512447057,0.7669021713620756,0.7521398776504333,0.8035515902879821,0.06401921964707258,0.7908914608356319,0.8164674486725898,0.7606081558383819,0.7691421357710427,0.8057229986051302,0.7448887567897005,0.8060868536029688,0.7458196059417714,0.8240053228261962,0.8095094628768144,0.7612697143208578,0.7596894680940176,0.7616742642604604,0.8210310260946057,0.8208777221651204,0.7601066282155093,0.7721274132813735
0.7690512005107373,0.7787541858363365,0.750187128007687,0.748169717807659,0.748036993204318,0.7820729648802843,1.0,0.7590928812831812,0.7667467162177213,0.7471441784376422,0.7781247851835293,0.7548195618103624,0.7847505730105446,0.7482358336278128,0.7439933100101428,0.8961983037245121,0.7537988190903531,0.808483703229115,0.8010585437875793,0.943028915225111,0.8077971539252792,0.7971599199809172,0.8085882318489186,0.7587224826171572,0.7493042758508484,0.745668092495132,0.7882979802336251,0.7490641558992749,0.7682070901998643,0.7690897301222592,0.7438359862170701,0.7773071633566698,0.06736142715700744,0.7738200009211322,0.7690986761933263,0.7588704526624224,0.9079248870099728,0.7757268404962112,0.7327856453786245,0.7873520342048418,0.7394408143365714,0.7860706307896217,0.7871794552589756,0.7596535170086197,0.7516378519191284,0.7509968166488192,0.7739143521571038,0.7745266856179596,0.7512282885004888,0.7600600080787638
0.7641018488144556,0.7617315592164444,0.7407995802136418,0.8300252137524189,0.7474836688466796,0.7589435100439962,0.7590928812831812,1.0,0.758741870975843,0.8273041193403881,0.7500982999463824,0.8226690346189951,0.7650806971996404,0.8256324865118247,0.8159778244420796,0.7551084103833947,0.73963278938044,0.7601645526412764,0.7494433448167448,0.758109890381733,0.7623998877024771,0.7536542630556603,0.7635532418095565,0.7388199656611008,0.727361399078932,0.7271352651115259,0.7623575656118304,0.8828500519081875,0.7719523582378689,0.7708478550395529,0.8134428457183605,0.7507401255321053,0.0583000462729083,0.7431370718059274,0.7399714714734777,0.7995588046030001,0.7423837265340398,0.7632995965681026,0.7790430937500815,0.7626666195212379,0.8155711093291792,0.7600268404635088,0.7635594111453421,0.8864208182850456,0.871408994633767,0.7606691536161186,0.7544565517768389,0.755190313697346,0.812526748784141,0.7649019854755718
0.7893217662811243,0.7636925131230873,0.7534456501122523,0.7573662449389382,0.7440717876790559,0.7598824307786237,0.7667467162177213,0.758741870975843,1.0,0.7544953830663654,0.7597911997709023,0.7568180333652204,0.7742626487306141,0.7564409281621698,0.7557744029089882,0.7670411349079149,0.7364175247266065,0.7664726902971186,0.7579464256236923,0.7686845321877525,0.7697610117404646,0.7619681105110997,0.7702817622967775,0.7514940539753533,0.7366069401180211,0.7350411665028528,0.7725846883961682,0.7503222475910746,0.7766006544667354,0.8031185700559336,0.7492505122044026,0.7593724881012541,0.05985621224619064,0.7518840093505129,0.7518826936931778,0.7570852056237944,0.7551274440905795,0.7624458628028643,0.7291874915805279,0.7735128386948489,0.7492518684247309,0.7737295162925221,0.7732954799213574,0.7591709627721525,0.7544673129477535,0.7615122245096748,0.7684340056256624,0.7684531039385857,0.7501405267111901,0.7770707083986377
0.7678364632307255,0.7644197774671129,0.7399557887156136,0.8317773253125841,0.7485647604900677,0.7552699517675637,0.7471441784376422,0.8273041193403881,0.7544953830663654,1.0,0.7492755028799867,0.8214502739413527,0.7663211154777086,0.8264773790380482,0.8171405918138382,0.7471886720467236,0.7275874836047823,0.752265218577318,0.7414377369449575,0.7469673180262044,0.755731466196718,0.7468329127805591,0.7512105438641308,0.7375889675192207,0.7272555586523324,0.7296744864830892,0.7561858274622684,0.8282407496870726,0.7619962912818261,0.7671172714754084,0.8256679028637264,0.7404821067343033,0.056185060488560756,0.7335909028186761,0.7382554386962075,0.7996294229213278,0.7326679163311729,0.7538047599369161,0.7758819056937047,0.7632870728105177,0.8326532771288724,0.7581314234009867,0.7567492659584438,0.8323733513424697,0.8272039091452883,0.7612236824874736,0.7548180610971761,0.7556630875037548,0.8227207881871393,0.7594452215766868
0.7708639878771657,0.7929737431025613,0.7394626539354499,0.7416831775046635,0.7979974223628779,0.7919383407651646,0.7781247851835293,0.7500982999463824,0.7597911997709023,0.7492755028799867,1.0,0.7544995121231625,0.8413167636001445,0.7439887235312679,0.7464963541733629,0.7735971578450745,0.7678851813029575,0.8246405906649468,0.815008374858774,0.7792366457347972,0.8150755681972321,0.8230208740142834,0.8193999513261319,0.7873973093978264,0.7527811455522023,0.7635652628982172,0.8234197338546039,0.7444202624427899,0.7699680374636022,0.7683898047815315,0.7358823797190706,0.7930165150377723,0.054622584737174185,0.794388514312516,0.789136933307224,0.7566877728429733,0.7627908518164556,0.81725505322542,0.7285384280653657,0.83894034451017,0.7333053419762414,0.8113460005692861,0.830122279793484,0.7473645846086552,0.7420180863058852,0.7550542881002843,0.8051338291256265,0.8044794495713601,0.7476884304501796,0.7677989500059645
0.7680155797042942,0.768615305156832,0.7422640829999343,0.8319649036738088,0.7414973689062958,0.7610243849887354,0.7548195618103624,0.8226690346189951,0.7568180333652204,0.8214502739413527,0.7544995121231625,1.0,0.7679563557525031,0.8284531575654361,0.8489252635152689,0.7478196139608044,0.73881453521165,0.757670026559335,0.7523471424194657,0.754740131634801,0.7693170205965637,0.7580481136767222,0.7667649068766775,0.7454614472484357,0.7326708698299736,0.7315325131070385,0.7668161741046237,0.8218526969856395,0.7741974986975262,0.7670288214495344,0.8009769097151166,0.7555392253656085,0.05603990717278784,0.7429077262194307,0.7431014563331815,0.7911044353732429,0.7387957591177592,0.7600187270830306,0.7745843551284878,0.7652508780708271,0.8096009062346943,0.7641534688946401,0.7685782123545838,0.8282598167487297,0.8277595017851005,0.7646624415971304,0.7634663554349813,0.7647318947947228,0.8054286594312507,0.7653828454821978
0.7794444593341618,0.8065170644850107,0.7557712931886831,0.7570896271842755,0.7996355235062729,0.8048269186642761,0.7847505730105446,0.7650806971996404,0.7742626487306141,0.7663211154777086,0.8413167636001445,0.7679563557525031,1.0,0.7545853574943826,0.7625681037423585,0.7861495558033389,0.7715318717742694,0.8290820878189594,0.828279557864734,0.7860611208673691,0.8278116242301147,0.8426690494441551,0.8428543379390023,0.7939530767661908,0.7663207063803357,0.7690371691220053,0.8404338918830915,0.7549710653312136,0.7809974741218018,0.7830404200220633,0.7536461274749906,0.8103329177093936,0.057844568170073996,0.8129207816188864,0.7957446976121628,0.7620349291247025,0.7726949104313696,0.8264351784719774,0.7345586641266375,0.8469531805565761,0.7518983383839284,0.8128105438431087,0.8402737380932498,0.7602370082995967,0.7552311381860367,0.7621248527262474,0.8105476310527182,0.8105934911168406,0.7627548364511774,0.7717138265328577
0.7612963168489504,0.7562321390675573,0.7392961159626841,0.8520183177633591,0.739637970714685,0.755192892840602,0.7482358336278128,0.8256324865118247,0.7564409281621698,0.8264773790380482,0.7439887235312679,0.8284531575654361,0.7545853574943826,1.0,0.8455018686893496,0.7428156492527245,0.7264171926002623,0.7524446773659469,0.7425357771803718,0.7492308867293881,0.7563293275331107,0.7484394728685264,0.7551587515742484,0.7267378271889484,0.7197476774711007,0.7182018107887462,0.7577073149803979,0.8422060225281175,0.7715233137928548,0.7618019974730567,0.8241983149564325,0.7414295424178055,0.05406767192848194,0.7369650946999268,0.7378897918435283,0.7945228508112642,0.7306220676408978,0.7537631431340708,0.772676580055131,0.7569243847375516,0.8300277795135456,0.7580845753274474,0.7594777942036872,0.8418048296169647,0.8317603551243927,0.76612958829236,0.7569574791497617,0.7574104073620713,0.8149462967712662,0.7729850521845265
0.7542801329884709,0.75380971671074,0.7337838137806914,0.8482366085546077,0.7427420471885637,0.7521097290931293,0.7439933100101428,0.8159778244420796,0.7557744029089882,0.8171405918138382,0.7464963541733629,0.8489252635152689,0.7625681037423585,0.8455018686893496,1.0,0.7437474192601252,0.7349808978046046,0.7519507338396498,0.7393360735456953,0.7452180452775323,0.755292734362331,0.7446914214633285,0.7567488983288096,0.7354735870508802,0.7281091717317129,0.7214933871862748,0.7610843909116786,0.8200931510935272,0.7658782071212209,0.7577032355002918,0.8169640436286012,0.7501015669810661,0.05872748299563335,0.7362481856569265,0.7351871158799534,0.7907881395412921,0.731745383301871,0.7534221377588018,0.7670385774672646,0.7571113263322833,0.8237714019968481,0.7577453269947342,0.7589162683927192,0.8245880823376759,0.8148284310169118,0.76014689419644,0.7570911250280853,0.7570206908098231,0.8024441217013074,0.7658337125827819
0.7622884027062986,0.7726657722534994,0.7457636586975955,0.7473645502776305,0.75738509988349,0.7811866974225699,0.8961983037245121,0.7551084103833947,0.7670411349079149,0.7471886720467236,0.7735971578450745,0.7478196139608044,0.7861495558033389,0.7428156492527245,0.7437474192601252,1.0,0.7518964337026925,0.7958043120459003,0.7990006594075687,0.8998149302121541,0.7921362812158099,0.7926703803483084,0.7963255372206413,0.7592637440176317,0.75257948605127,0.7462520497838356,0.7761890220569508,0.7418418217580802,0.7609892401771229,0.7717134670246122,0.7425976792731006,0.7774190684444686,0.06412005934725395,0.7660122282171151,0.7645100506272777,0.7516212011707886,0.8849485829219229,0.7711845226349189,0.725635220298114,0.7810970276319932,0.7365784000252802,0.7779949346946841,0.783934731887423,0.7508588301052226,0.7444165936523478,0.7449623291939063,0.770352085392745,0.7712461487057718,0.7460591412607132,0.7544132698453038
0.7494265868145729,0.7896526918638235,0.7178757905335628,0.7314507411492684,0.7762462928797063,0.7866868602726145,0.7537988190903531,0.73963278938044,0.7364175247266065,0.7275874836047823,0.7678851813029575,0.73881453521165,0.7715318717742694,0.7264171926002623,0.7349808978046046,0.7518964337026925,1.0,0.7724170281528531,0.7638237879826332,0.7535499124548332,0.7722782515453087,0.7738559518595991,0.7787159450735344,0.8160408131792891,0.797746815215323,0.8100937306869346,0.7640995706578128,0.7287570759886384,0.7502606259917148,0.7436560859718988,0.7222494206448644,0.7991681239264076,0.06202589877132447,0.7746038995834305,0.7805651235162936,0.739351696517704,0.7411198234602987,0.7647778289136028,0.7164904734463627,0.7738986216384693,0.718670753853561,0.7854502587887842,0.7764527293035425,0.734875897156046,0.7380067292037993,0.7285927644129867,0.7871396266255427,0.7851970790386384,0.7251119749631147,0.735990052159856
0.7722995069367162,0.8092140557174036,0.7471971205249297,0.7545368970969516,0.7796565882529295,0.8116582418496612,0.808483703229115,0.7601645526412764,0.7664726902971186,0.752265218577318,0.8246405906649468,0.757670026559335,0.8290820878189594,0.7524446773659469,0.7519507338396498,0.7958043120459003,0.7724170281528531,1.0,0.8488471909037758,0.809121745121718,0.8442883556557091,0.840575726672346,0.8505867472157028,0.7853927410337643,0.767674703416086,0.7669504266592735,0.8374565153309893,0.7537155255852916,0.7811883215873171,0.7754405364142953,0.7456413541324509,0.8056095062213362,0.054321890939357464,0.8058740917344683,0.8018776826552056,0.7678440865012156,0.7936415885591406,0.8143609279274289,0.7335742317031992,0.8288215388355031,0.7406660647211405,0.8126755978987333,0.8259369070957867,0.7597951669041942,0.7527126794722765,0.7609547125423092,0.8063920759792274,0.8060315395878863,0.753293934989886,0.7704123925048526
0.7741209834988827,0.8000148844608446,0.7453272108474994,0.7419211732548285,0.773184863688146,0.8014299689483879,0.8010585437875793,0.7494433448167448,0.7579464256236923,0.7414377369449575,0.815008374858774,0.7523471424194657,0.828279557864734,0.7425357771803718,0.7393360735456953,0.7990006594075687,0.7638237879826332,0.8488471909037758,1.0,0.8022698552545826,0.8313588424187794,0.8329496129955073,0.8387718588023093,0.7770135847620921,0.7655420317115352,0.7552051347503365,0.8248391317326097,0.7433126498590935,0.77086157081556,0.7685394252213811,0.735238358098749,0.806135568979313,0.06493010208916938,0.7957485474732556,0.7893933144364824,0.7530699346237675,0.7891209742196186,0.8087979876418367,0.7251694057525067,0.818857078755882,0.7307089381584432,0.7988475363265527,0.824421252023314,0.750708329377136,0.7466266100134155,0.7528581090866563,0.7965430001848147,0.7974762678220708,0.7425679135104013,0.7629279939345741
0.7725736929145317,0.7807023502092383,0.7521421269025236,0.7488457680439063,0.7502544985973678,0.7845054841232955,0.943028915225111,0.758109890381733,0.7686845321877525,0.7469673180262044,0.7792366457347972,0.754740131634801,0.7860611208673691,0.7492308867293881,0.7452180452775323,0.8998149302121541,0.7535499124548332,0.809121745121718,0.8022698552545826,1.0,0.8055559639788039,0.799359651334141,0.809190689034495,0.7597284471442632,0.7534053399842724,0.7451104066301246,0.7900468084317444,0.7494105532290398,0.7687499268742111,0.7717142181808205,0.7451892698728438,0.7801575361599349,0.06638098258632796,0.7761242701464934,0.7721088464820763,0.7597435333300868,0.9059940664739963,0.778347124484855,0.7301476422886028,0.7900195345474459,0.7390891244627407,0.7863115832445808,0.789446244139173,0.7584437880167192,0.7509878332857961,0.7540462734478468,0.7761685891904093,0.7766166361718699,0.7502199080346358,0.7619268746547131
0.7807300685397809,0.8022642793331036,0.7544890136101379,0.7525847804248543,0.7788251835164882,0.7994368466464897,0.8077971539252792,0.7623998877024771,0.7697610117404646,0.755731466196718,0.8150755681972321,0.7693170205965637,0.8278116242301147,0.7563293275331107,0.755292734362331,0.7921362812158099,0.7722782515453087,0.8442883556557091,0.8313588424187794,0.8055559639788039,1.0,0.8333494892735935,0.8459101114811641,0.7813548794453028,0.7648191145768823,0.7658448583762194,0.829909812094484,0.7550487241683688,0.7783717039311672,0.7789404909665749,0.749968564590997,0.8060165715434382,0.059983436898066955,0.8100583341598664,0.7926991072088317,0.7704734863148924,0.7856371278492802,0.815745572999778,0.7423952733455415,0.8334224282804656,0.7466295381498693,0.7991390719996675,0.8268421667889481,0.7643093466698364,0.75863137464846,0.7716876089419595,0.8095298154525337,0.8087597381749545,0.7584199494438835,0.7736757580212846
0.7712708465375913,0.8030430566810293,0.749357203497609,0.7448630204022944,0.7721422392249169,0.7961427004620347,0.7971599199809172,0.7536542630556603,0.7619681105110997,0.7468329127805591,0.8230208740142834,0.7580481136767222,0.8426690494441551,0.7484394728685264,0.7446914214633285,0.7926703803483084,0.7738559518595991,0.840575726672346,0.8329496129955073,0.799359651334141,0.8333494892735935,1.0,0.8935943943162493,0.7740816059633702,0.763113369299983,0.7577128996286793,0.826476867258514,0.7474095364220741,0.7761042328493939,0.7673639449265569,0.738671312431967,0.8033410805149266,0.05952155343762411,0.8386000460009545,0.7911928869031112,0.75921142127645,0.784507245508057,0.8138426426451452,0.7325207075888576,0.8338151181586677,0.7370766136398137,0.8003665086668624,0.8332908034341533,0.7519565974418749,0.7472091515078896,0.7591584519064988,0.8008144706026656,0.8000811294454102,0.749693093533655,0.7661223144808885
0.7810608254195698,0.8114923644638328,0.7550566240572759,0.7566115239890692,0.7767025031626413,0.804720799382173,0.8085882318489186,0.7635532418095565,0.7702817622967775,0.7512105438641308,0.8193999513261319,0.7667649068766775,0.8428543379390023,0.7551587515742484,0.7567488983288096,0.7963255372206413,0.7787159450735344,0.8505867472157028,0.8387718588023093,0.809190689034495,0.8459101114811641,0.8935943943162493,1.0,0.7817353060267986,0.7720503715151054,0.7633367228900333,0.8407080968602514,0.7559620605158198,0.7854169538951361,0.7740260937510068,0.7485494891542792,0.8189798234115724,0.06254893484429813,0.8427816616762442,0.793162272789874,0.7667443687636688,0.7918617632270262,0.8192341259727374,0.7401055973026683,0.8358114200650124,0.7464840729263754,0.8032891327711374,0.832883620541164,0.761613139113593,0.7566668362549706,0.7637936264588785,0.8057828872716156,0.8047905700618216,0.7557083191426731,0.7728422288280452
0.7569755182261878,0.813141484365873,0.7257574071603913,0.7353577520852956,0.7828044974211703,0.8158307261834343,0.7587224826171572,0.7388199656611008,0.7514940539753533,0.7375889675192207,0.7873973093978264,0.7454614472484357,0.7939530767661908,0.7267378271889484,0.7354735870508802,0.7592637440176317,0.8160408131792891,0.7853927410337643,0.7770135847620921,0.7597284471442632,0.7813548794453028,0.7740816059633702,0.7817353060267986,1.0,0.8189111201682733,0.8128902983639255,0.785441638243453,0.7271096988178054,0.7591368792881682,0.7533072627239953,0.7251546819975971,0.7976359614861325,0.06430214739300821,0.7732954746607047,0.8125997739115494,0.7391934262153519,0.7462542660617097,0.7830777618315844,0.7183094948864448,0.78741302584119,0.729363836100242,0.8039447933074191,0.7894249262562302,0.7364154203033878,0.7400373525167823,0.738907097900517,0.7979468710316842,0.7974635032125903,0.7318081171345563,0.7488072907177655
0.7456699762620064,0.8048646206336816,0.7141089978502462,0.7281772233679304,0.7655460885763147,0.8089932172357076,0.7493042758508484,0.727361399078932,0.7366069401180211,0.7272555586523324,0.7527811455522023,0.7326708698299736,0.7663207063803357,0.7197476774711007,0.7281091717317129,0.75257948605127,0.797746815215323,0.767674703416086,0.7655420317115352,0.7534053399842724,0.7648191145768823,0.763113369299983,0.7720503715151054,0.8189111201682733,1.0,0.7955077706578337,0.7624732871176292,0.7182553635700459,0.7457148242566596,0.7369587488447773,0.721943498609849,0.7955896969392088,0.06678243257362781,0.7623452322570411,0.7927835929843673,0.7250393374872302,0.740288875714894,0.7677055939031964,0.7122087236036507,0.7713376522777031,0.7194732026001373,0.7791965195303427,0.7720778616517625,0.7307677772893456,0.7356896025738247,0.7317019029026057,0.7871234229552198,0.7871124180095272,0.7250696020914754,0.7314240819515003
0.7353322734814396,0.7852511708827329,0.7074683705654324,0.7237583490306321,0.7725815023101392,0.7824375728571009,0.745668092495132,0.7271352651115259,0.7350411665028528,0.7296744864830892,0.7635652628982172,0.7315325131070385,0.7690371691220053,0.7182018107887462,0.7214933871862748,0.7462520497838356,0.8100937306869346,0.7669504266592735,0.7552051347503365,0.7451104066301246,0.7658448583762194,0.7577128996286793,0.7633367228900333,0.8128902983639255,0.7955077706578337,1.0,0.7654217277871506,0.7197755484183114,0.7436824231310284,0.7480290023482108,0.7176490699443046,0.7714440510588756,0.05303863864486602,0.7609799993852995,0.7780860772587023,0.7305495619727813,0.7323407787156303,0.76159679798588,0.7036903756050598,0.7743860863236628,0.7142587141126409,0.7879890688640544,0.7685872180942479,0.7276588551318539,0.7256389426543066,0.7221394453076032,0.7897978248022285,0.7897056532863918,0.7234230974885014,0.736046474395912
0.7784710632613597,0.806223144733974,0.752555183932196,0.7577128961159159,0.7775575336539922,0.8018834723934417,0.7882979802336251,0.7623575656118304,0.7725846883961682,0.7561858274622684,0.8234197338546039,0.7668161741046237,0.8404338918830915,0.7577073149803979,0.7610843909116786,0.7761890220569508,0.7640995706578128,0.8374565153309893,0.8248391317326097,0.7900468084317444,0.829909812094484,0.826476867258514,0.8407080968602514,0.785441638243453,0.7624732871176292,0.7654217277871506,1.0,0.7543691761282549,0.7821818927871769,0.780356478052982,0.7517383063332913,0.810720841016354,0.06499842703442604,0.7970164891675007,0.7920447956127864,0.7671075460188563,0.7701364331402929,0.8421466832319409,0.7254116482566014,0.8406053664609271,0.7471172974921625,0.8042557333800263,0.8537496570734548,0.7634478557221632,0.7539887282649116,0.7727567580946307,0.8053575864917846,0.8057066208146977,0.7604889656285642,0.776305925945515
0.760565699768926,0.7614991653731741,0.7338304517038509,0.8416531559146523,0.7325002228007143,0.753549671377361,0.7490641558992749,0.8828500519081875,0.7503222475910746,0.8282407496870726,0.7444202624427899,0.8218526969856395,0.7549710653312136,0.8422060225281175,0.8200931510935272,0.7418418217580802,0.7287570759886384,0.7537155255852916,0.7433126498590935,0.7494105532290398,0.7550487241683688,0.7474095364220741,0.7559620605158198,0.7271096988178054,0.7182553635700459,0.7197755484183114,0.7543691761282549,1.0,0.7708332689271573,0.7638814494922423,0.809241735010191,0.7393083589192736,0.057724790916080404,0.7366617764378371,0.734203541674098,0.7948482678167132,0.733199032154194,0.7577747284244003,0.7726072520862228,0.7545363737697977,0.8214793658493003,0.7574094307918864,0.755698155570081,0.9225737492394707,0.8960523884540968,0.7567297655545911,0.7523756177924134,0.7530128547295661,0.817473768363928,0.7622905404840994
0.787816170332728,0.7826030413995446,0.7562977171650924,0.7649793438316439,0.7540317801754286,0.782851512447057,0.7682070901998643,0.7719523582378689,0.7766006544667354,0.7619962912818261,0.7699680374636022,0.7741974986975262,0.7809974741218018,0.7715233137928548,0.7658782071212209,0.7609892401771229,0.7502606259917148,0.7811883215873171,0.77086157081556,0.7687499268742111,0.7783717039311672,0.7761042328493939,0.7854169538951361,0.7591368792881682,0.7457148242566596,0.7436824231310284,0.7821818927871769,0.7708332689271573,1.0,0.7817862967734784,0.7625193158777741,0.7700627843200908,0.06095572209091882,0.7695984336469361,0.7634883475503874,0.7733005668832594,0.7487300234601361,0.7754168729280557,0.7379799535689838,0.7816363663853716,0.7570138121137711,0.7798343633961643,0.783529373521748,0.7734700981380409,0.7696625370168102,0.7922019524764473,0.7841597169277218,0.7833892263504288,0.7722533703958163,0.8515215096459079
0.8018290001548085,0.7742168373920095,0.757538679348554,0.762319516650268,0.7530586845559153,0.7669021713620756,0.7690897301222592,0.7708478550395529,0.8031185700559336,0.7671172714754084,0.7683898047815315,0.7670288214495344,0.7830404200220633,0.7618019974730567,0.7577032355002918,0.7717134670246122,0.7436560859718988,0.7754405364142953,0.7685394252213811,0.7717142181808205,0.7789404909665749,0.7673639449265569,0.7740260937510068,0.7533072627239953,0.7369587488447773,0.7480290023482108,0.780356478052982,0.7638814494922423,0.7817862967734784,1.0,0.7607736761355859,0.7609784036780403,0.05693006786567689,0.7549435815137155,0.7571488811311009,0.7621322569411206,0.7571502187399812,0.7691132791760259,0.7362121542787653,0.7840434221933996,0.7577719093490612,0.7771025245341984,0.7827482310734846,0.7706449308660204,0.7643908402034747,0.7778528475295547,0.780006555507397,0.7804136633004612,0.76826793673783,0.7865267696747805
0.7525651243333981,0.7488663384352314,0.7329660159091888,0.8254264980265962,0.7420452972397993,0.7521398776504333,0.7438359862170701,0.8134428457183605,0.7492505122044026,0.8256679028637264,0.7358823797190706,0.8009769097151166,0.7536461274749906,0.8241983149564325,0.8169640436286012,0.7425976792731006,0.7222494206448644,0.7456413541324509,0.735238358098749,0.7451892698728438,0.749968564590997,0.738671312431967,0.7485494891542792,0.7251546819975971,0.721943498609849,0.7176490699443046,0.7517383063332913,0.809241735010191,0.7625193158777741,0.7607736761355859,1.0,0.7398420277103532,0.06374101763861462,0.7323141081733193,0.7323657113010085,0.7929775544549352,0.7298140127078583,0.7447703613561953,0.7642247614715802,0.7500030981878437,0.8658791249766135,0.7533623894641234,0.7555618996786404,0.8177245522196519,0.804266367133074,0.7542949539598718,0.7506909439492527,0.7504542900119412,0.8011559439469947,0.7533690925352465
0.7710847384668653,0.7954318672415648,0.7389754234773791,0.750943601003736,0.7883490983425592,0.8035515902879821,0.7773071633566698,0.7507401255321053,0.7593724881012541,0.7404821067343033,0.7930165150377723,0.7555392253656085,0.8103329177093936,0.7414295424178055,0.7501015669810661,0.7774190684444686,0.7991681239264076,0.8056095062213362,0.806135568979313,0.7801575361599349,0.8060165715434382,0.8033410805149266,0.8189798234115724,0.7976359614861325,0.7955896969392088,0.7714440510588756,0.810720841016354,0.7393083589192736,0.7700627843200908,0.7609784036780403,0.7398420277103532,1.0,0.061958305654855494,0.7944195630458164,0.7757231100566289,0.7454664454397851,0.7672084111238893,0.8045607038516519,0.7269561102817859,0.8166097788083193,0.7322058716548221,0.797140169116354,0.81440760374945,0.7453915101945028,0.751876450564342,0.7498380140729726,0.8063441685125157,0.80635608556783,0.7376995909983455,0.7553058285323445
0.06198644724105429,0.05789004892242733,0.07006895251565826,0.060799511957031926,0.07427093924313244,0.06401921964707258,0.06736142715700744,0.0583000462729083,0.05985621224619064,0.056185060488560756,0.054622584737174185,0.05603990717278784,0.057844568170073996,0.05406767192848194,0.05872748299563335,0.06412005934725395,0.06202589877132447,0.054321890939357464,0.06493010208916938,0.06638098258632796,0.059983436898066955,0.05952155343762411,0.06254893484429813,0.06430214739300821,0.06678243257362781,0.05303863864486602,0.06499842703442604,0.057724790916080404,0.06095572209091882,0.05693006786567689,0.06374101763861462,0.061958305654855494,1.0,0.05481956796089249,0.058470456028567486,0.06321157200965544,0.0686361499362248,0.0675576673400683,0.07106161146381684,0.059610080714956104,0.06234186807204767,0.06287571943914527,0.061659472299228746,0.05957541017023338,0.06184996228109585,0.0670903740156561,0.056273620619800124,0.057391945195399585,0.06206013952767908,0.05896140256555937
0.7617366761242099,0.7858784281689679,0.7388718933396774,0.7304583749838489,0.7774650314405431,0.7908914608356319,0.7738200009211322,0.7431370718059274,0.7518840093505129,0.7335909028186761,0.794388514312516,0.7429077262194307,0.8129207816188864,0.7369650946999268,0.7362481856569265,0.7660122282171151,0.7746038995834305,0.8058740917344683,0.7957485474732556,0.7761242701464934,0.8100583341598664,0.8386000460009545,0.8427816616762442,0.7732954746607047,0.7623452322570411,0.7609799993852995,0.7970164891675007,0.7366617764378371,0.7695984336469361,0.7549435815137155,0.7323141081733193,0.7944195630458164,0.05481956796089249,1.0,0.7761919358670016,0.7572126140262593,0.7602474199411399,0.7951380612510164,0.7322482202986373,0.8113075591507123,0.7297347222165489,0.7908886117113366,0.8124082365382778,0.7419998512473021,0.740481733336616,0.7452161907752531,0.7873398730977879,0.7864817947870882,0.7348114836296399,0.7570974843329582
0.7599088700184593,0.8171604070356685,0.7294317918393831,0.7372591297061513,0.7653536579497128,0.8164674486725898,0.7690986761933263,0.7399714714734777,0.7518826936931778,0.7382554386962075,0.789136933307224,0.7431014563331815,0.7957446976121628,0.7378897918435283,0.7351871158799534,0.7645100506272777,0.7805651235162936,0.8018776826552056,0.7893933144364824,0.7721088464820763,0.7926991072088317,0.7911928869031112,0.793162272789874,0.8125997739115494,0.7927835929843673,0.7780860772587023,0.7920447956127864,0.734203541674098,0.7634883475503874,0.7571488811311009,0.7323657113010085,0.7757231100566289,0.058470456028567486,0.7761919358670016,1.0,0.7463511116137485,0.750325291315697,0.7827461663639061,0.7157119930138945,0.7982776974878709,0.7266274718318266,0.8107589255251693,0.7951354320950599,0.7389193832424489,0.7363242305448607,0.7485883884146749,0.8033863102718017,0.80249838857264,0.7423242841649453,0.7523310483440365
0.7601806960071908,0.7576232795970637,0.7388453158065184,0.7903543470235254,0.7383548435305924,0.7606081558383819,0.7588704526624224,0.7995588046030001,0.7570852056237944,0.7996294229213278,0.7566877728429733,0.7911044353732429,0.7620349291247025,0.7945228508112642,0.7907881395412921,0.7516212011707886,0.739351696517704,0.7678440865012156,0.7530699346237675,0.7597435333300868,0.7704734863148924,0.75921142127645,0.7667443687636688,0.7391934262153519,0.7250393374872302,0.7305495619727813,0.7671075460188563,0.7948482678167132,0.7733005668832594,0.7621322569411206,0.7929775544549352,0.7454664454397851,0.06321157200965544,0.7572126140262593,0.7463511116137485,1.0,0.7433060052771043,0.7545504226700045,0.7807024342740251,0.7650798670779114,0.7923968665723098,0.76397621598668,0.7674824234141913,0.8017892003217919,0.7961749704629756,0.7560814769274105,0.7587485919294739,0.758415338527369,0.7975855409349757,0.766325866998746
0.7501815651956226,0.7608834027189935,0.739436994660775,0.734844690368359,0.7375390960312889,0.7691421357710427,0.9079248870099728,0.7423837265340398,0.7551274440905795,0.7326679163311729,0.7627908518164556,0.7387957591177592,0.7726949104313696,0.7306220676408978,0.731745383301871,0.8849485829219229,0.7411198234602987,0.7936415885591406,0.7891209742196186,0.9059940664739963,0.7856371278492802,0.784507245508057,0.7918617632270262,0.7462542660617097,0.740288875714894,0.7323407787156303,0.7701364331402929,0.733199032154194,0.7487300234601361,0.7571502187399812,0.7298140127078583,0.7672084111238893,0.0686361499362248,0.7602474199411399,0.750325291315697,0.7433060052771043,1.0,0.7601847479853764,0.7162832952998608,0.770278905615736,0.7241124549914912,0.7726175960247197,0.7751620499316554,0.7422505667023337,0.7341692606602916,0.7310354971614688,0.7556177922362793,0.7564502719840595,0.730792156452641,0.7421191852915494
0.7734300561103464,0.8065346582423597,0.742749836822252,0.7504977332273834,0.792704003177926,0.8057229986051302,0.7757268404962112,0.7632995965681026,0.7624458628028643,0.7538047599369161,0.81725505322542,0.7600187270830306,0.8264351784719774,0.7537631431340708,0.7534221377588018,0.7711845226349189,0.7647778289136028,0.8143609279274289,0.8087979876418367,0.778347124484855,0.815745572999778,0.8138426426451452,0.8192341259727374,0.7830777618315844,0.7677055939031964,0.76159679798588,0.8421466832319409,0.7577747284244003,0.7754168729280557,0.7691132791760259,0.7447703613561953,0.8045607038516519,0.0675576673400683,0.7951380612510164,0.7827461663639061,0.7545504226700045,0.7601847479853764,1.0,0.7354684689215167,0.8305318785203679,0.7428651911700861,0.8011409291892271,0.8477338543085957,0.7644738225301195,0.7593593688868159,0.758377327599737,0.8098658735572366,0.8100457775157348,0.7596902131995301,0.7689316530361273
0.7405997257816714,0.7325829607703065,0.7172966348692063,0.7683049063030203,0.7273999322516123,0.7448887567897005,0.7327856453786245,0.7790430937500815,0.7291874915805279,0.7758819056937047,0.7285384280653657,0.7745843551284878,0.7345586641266375,0.772676580055131,0.7670385774672646,0.725635220298114,0.7164904734463627,0.7335742317031992,0.7251694057525067,0.7301476422886028,0.7423952733455415,0.7325207075888576,0.7401055973026683,0.7183094948864448,0.7122087236036507,0.7036903756050598,0.7254116482566014,0.7726072520862228,0.7379799535689838,0.7362121542787653,0.7642247614715802,0.7269561102817859,0.07106161146381684,0.7322482202986373,0.7157119930138945,0.7807024342740251,0.7162832952998608,0.7354684689215167,1.0,0.7391118538302446,0.7675084775678542,0.7396189787933487,0.7373130845161608,0.7773890447725985,0.7859292959388585,0.7267404681467906,0.7356674668905634,0.7352338934814617,0.7727874539740175,0.7325970546408974
