../ecoli_genomes/GCF_000163235.1_ASM16323v1_genomic.fna.gz,../ecoli_genomes/GCF_000164555.1_ASM16455v1_genomic.fna.gz,../ecoli_genomes/GCF_000208545.1_ASM20854v2_genomic.fna.gz,../ecoli_genomes/GCF_000233875.1_ASM23387v1_genomic.fna.gz,../ecoli_genomes/GCF_000249735.1_ASM24973v2_genomic.fna.gz,../ecoli_genomes/GCF_000261145.1_Esch_coli_M919_V2_genomic.fna.gz,../ecoli_genomes/GCF_000267705.2_ASM26770v2_genomic.fna.gz,../ecoli_genomes/GCF_000350665.1_Esch_coli_KTE5_V1_genomic.fna.gz,../ecoli_genomes/GCF_000351625.1_Esch_coli_KTE66_V1_genomic.fna.gz,../ecoli_genomes/GCF_000352285.1_Esch_coli_KTE46_V1_genomic.fna.gz,../ecoli_genomes/GCF_000358895.1_ASM35889v1_genomic.fna.gz,../ecoli_genomes/GCF_000456385.1_Esch_coli_HVH_26_4-5703913_V1_genomic.fna.gz,../ecoli_genomes/GCF_000458195.1_Esch_coli_HVH_147_4-5893887_V1_genomic.fna.gz,../ecoli_genomes/GCF_000459755.1_Esch_coli_KOEGE_58_171a_V1_genomic.fna.gz,../ecoli_genomes/GCF_000460055.1_Esch_coli_UMEA_3053-1_V1_genomic.fna.gz,../ecoli_genomes/GCF_000462165.2_ASM46216v2_genomic.fna.gz,../ecoli_genomes/GCF_000601135.1_ASM60113v1_genomic.fna.gz,../ecoli_genomes/GCF_000614595.1_Ec2010EL1058_genomic.fna.gz,../ecoli_genomes/GCF_000617745.1_Ec2010C-4529_genomic.fna.gz,../ecoli_genomes/GCF_000618265.2_EcF6751_genomic.fna.gz,../ecoli_genomes/GCF_000619005.2_Ec2009C-4052_genomic.fna.gz,../ecoli_genomes/GCF_000619105.1_Ec2009C-4780_genomic.fna.gz,../ecoli_genomes/GCF_000619765.2_Ec2009C-3279_genomic.fna.gz,../ecoli_genomes/GCF_000687005.1_ASM68700v1_genomic.fna.gz,../ecoli_genomes/GCF_000687025.1_ASM68702v1_genomic.fna.gz,../ecoli_genomes/GCF_000700125.1_ASM70012v1_genomic.fna.gz,../ecoli_genomes/GCF_000753315.1_FHI35_genomic.fna.gz,../ecoli_genomes/GCF_000776375.1_ASM77637v1_genomic.fna.gz,../ecoli_genomes/GCF_000779395.1_ASM77939v1_genomic.fna.gz,../ecoli_genomes/GCF_000780315.1_ASM78031v1_genomic.fna.gz,../ecoli_genomes/GCF_000781995.1_ASM78199v1_genomic.fna.gz,../ecoli_genomes/GCF_000986765.1_ASM98676v1_genomic.fna.gz,../ecoli_genomes/GCF_001041375.1_ViralProj287958_genomic.fna.gz,../ecoli_genomes/GCF_001265335.1_302014_genomic.fna.gz,../ecoli_genomes/GCF_001265625.1_100854_genomic.fna.gz,../ecoli_genomes/GCF_001267345.1_303289_genomic.fna.gz,../ecoli_genomes/GCF_001309985.1_ASM130998v1_genomic.fna.gz,../ecoli_genomes/GCF_001521695.1_ASM152169v1_genomic.fna.gz,../ecoli_genomes/GCF_001592595.1_ASM159259v1_genomic.fna.gz,../ecoli_genomes/GCF_001614975.1_ASM161497v1_genomic.fna.gz,../ecoli_genomes/GCF_001692775.1_ASM169277v1_genomic.fna.gz,../ecoli_genomes/GCF_001748915.1_ASM174891v1_genomic.fna.gz,../ecoli_genomes/GCF_001749235.1_ASM174923v1_genomic.fna.gz,../ecoli_genomes/GCF_001881155.1_ASM188115v1_genomic.fna.gz,../ecoli_genomes/GCF_001881345.1_ASM188134v1_genomic.fna.gz,../ecoli_genomes/GCF_001892405.1_ASM189240v1_genomic.fna.gz,../ecoli_genomes/GCF_001892585.1_ASM189258v1_genomic.fna.gz,../ecoli_genomes/GCF_001893985.1_ASM189398v1_genomic.fna.gz,../ecoli_genomes/GCF_002001595.1_ASM200159v1_genomic.fna.gz,../ecoli_genomes/GCF_002002145.1_ASM200214v1_genomic.fna.gz
1.0,0.3274700881787539,0.2551689042130866,0.28386931867222176,0.30837924278067685,0.3127992365529608,0.3002079821066249,0.2890085880565071,0.386789679878783,0.2920147493500185,0.33014061726189914,0.2934461330667514,0.31630068821648527,0.27250153401435995,0.26822416144102246,0.30325858378581083,0.28691420783067456,0.3117967779631541,0.2899113897496681,0.30326921381904315,0.29994207511675874,0.28832399941562237,0.3159474541113806,0.3059677121616582,0.2899266238596794,0.2572927868523166,0.3053057850773029,0.2806040985944639,0.3297934737642997,0.3901108188782457,0.25807453073452236,0.31650625114154374,0.0,0.3105250186633629,0.3139492461100878,0.2723434379191634,0.2831824548379047,0.31634107622757,0.18884088136138044,0.31837106160732365,0.2654629840980557,0.31072451550297786,0.3148299063398018,0.2876421499618008,0.29788041388771047,0.32396472576150614,0.30789445142135385,0.31203473364930423,0.2724021636729367,0.3388897072407817
0.3274700881787539,1.0,0.2357844107945255,0.27407131967266507,0.3887575243636656,0.5237823989017345,0.3543746601652501,0.27807845133911246,0.30405016334156987,0.28407673952880286,0.4294960038124075,0.28371725911112033,0.4206935835963562,0.26936377339867523,0.2642240341237879,0.35430462128098306,0.3666440144508806,0.4288473053740173,0.3864901924008366,0.36053032854299893,0.4123789409818678,0.368434879161191,0.4205745826614936,0.4642373546001042,0.45183852692727056,0.3439858346918885,0.4151205616680592,0.27614121223878674,0.30280774858555537,0.31155671250455663,0.25984518658776634,0.3990229130644497,0.0,0.40682044994634015,0.5505557388543519,0.26415895924442434,0.3334762710263661,0.4247739596905096,0.1419983761206508,0.4183144773872227,0.26263417177571435,0.47487201024694925,0.43172676973076074,0.2879429236581095,0.28609472082856824,0.28550693994717713,0.4714865476926585,0.4764737564920575,0.2841417146043771,0.30120258363928465
0.2551689042130866,0.2357844107945255,1.0,0.20700619653891494,0.20336272446247494,0.21168112976638276,0.21428167050827474,0.2140121473241201,0.2485500549462355,0.21591533276873287,0.2302603615138452,0.21008197471519618,0.22130572341496924,0.21060104594700235,0.20367033595757633,0.2150503050640068,0.1697269098073969,0.22304211018013376,0.2011413008108277,0.21800311468126543,0.22102691717532807,0.20259571739236448,0.2251523730576327,0.18690344809291537,0.17940244663598381,0.15609852127350388,0.22631604743805256,0.2135524151024426,0.24515192449614875,0.2555660303181718,0.2008120126478271,0.21166650811029364,0.0,0.22038843695245758,0.21138880289455042,0.21635255031398393,0.20079423521284667,0.22107248993387618,0.11098615496644737,0.2263543228020738,0.20435622845035506,0.21998529480818563,0.23570474489015814,0.2175689295554295,0.21342035627050016,0.23251303731884287,0.2225752915974586,0.22339658583037492,0.21893773847161158,0.24923754742085247
0.28386931867222176,0.27407131967266507,0.20700619653891494,1.0,0.27784571670045843,0.2648762035705404,0.255763754040388,0.4972727833635705,0.27398596960054233,0.5240556068438433,0.2694070042548554,0.49462176521603896,0.2775449786255798,0.5365291949240585,0.552506049513551,0.25978318102776765,0.2176337948477255,0.2657544602470331,0.24641055252723487,0.2539466321117614,0.2557157838662687,0.2434971413641711,0.27205924466960074,0.24622418681805613,0.23643292928996795,0.19925516283295097,0.2637193816168334,0.5223311704943029,0.30160923530002637,0.2747457109186997,0.48977523352474195,0.2829706976367523,0.0,0.2575281815921203,0.2640588392384109,0.4157666963861787,0.23909320950131763,0.2562221585816812,0.2658611357276599,0.26096297805256996,0.5247737231801088,0.25920834077146016,0.2661096837075029,0.5257369076795941,0.521181003814315,0.29475097316726706,0.2587130619270577,0.2617977506565642,0.45493392739511096,0.30862697658483496
0.30837924278067685,0.3887575243636656,0.20336272446247494,0.27784571670045843,1.0,0.39278951785394944,0.31938404857051805,0.2602653910311119,0.2875729266250705,0.28124911229455263,0.5062942463387505,0.2569096273693757,0.4664306404361841,0.25989680550556216,0.2803356116189556,0.3445024947808599,0.3520170067701819,0.4059812550551217,0.38250071286516596,0.31713469489099755,0.41189749117169117,0.3711886477777151,0.4138520924656909,0.38369970229078376,0.3565066476456592,0.3399808813408499,0.42055439399103345,0.2508253427517291,0.28169952588906944,0.285971208577653,0.2405960251521968,0.4472227385342815,0.0,0.4112846703178882,0.4009801186538393,0.24445015700170347,0.31441663496661043,0.43926051424060786,0.16532008433686018,0.42334684495443387,0.27405054521679595,0.3909935822066283,0.44269236665907685,0.2574268780447637,0.26648072926444955,0.2658539554128069,0.39195188050592933,0.3999509252060124,0.2532025682857042,0.2762271240895189
0.3127992365529608,0.5237823989017345,0.21168112976638276,0.2648762035705404,0.39278951785394944,1.0,0.35406068751151787,0.27424345469956135,0.2838100942244365,0.2679408435833309,0.41223116697997886,0.27069578668029426,0.4014491285745593,0.2587181772303221,0.2567822612375671,0.375025186045733,0.38433858198071524,0.4183614432206195,0.38699961117052917,0.34844552746656343,0.3860936883431173,0.43399158587447384,0.40608259405439295,0.47962806852113093,0.4787932025955566,0.3912829234653298,0.3822673553254269,0.26622305222622067,0.283519905143503,0.2844833598508921,0.24020170569632227,0.40482567022998905,0.0,0.39367220012936044,0.5453791887003956,0.26183164202772236,0.331692225262435,0.39391811000356736,0.1559324579245842,0.3974711668569857,0.2509251516180815,0.4690681457354835,0.40173636209513464,0.27115293365758575,0.2735406423867529,0.26891523809143025,0.45178491064010773,0.4600613187572543,0.2557013144908862,0.28890343983521816
0.3002079821066249,0.3543746601652501,0.21428167050827474,0.255763754040388,0.31938404857051805,0.35406068751151787,1.0,0.2515311357877009,0.28987064494404624,0.258246753527985,0.35404602224252113,0.24829529079941903,0.354806609757613,0.24873804362383845,0.24688468064790126,0.7388791269563662,0.26719412008692,0.38843755677756153,0.3487012521642907,0.8494752803369336,0.38574568580719515,0.34211534977119284,0.3891304399133372,0.3026601435154148,0.29288794727384304,0.2554045796508104,0.3588991545229252,0.2484363696452453,0.2765830308551749,0.29232822245069945,0.23466163758552006,0.34146533945066593,0.0,0.3582105132373802,0.3559160638548454,0.26732408844723543,0.7548292067796876,0.33508607594660433,0.14012041409588205,0.34653914196381475,0.23995527772017788,0.3514853594161974,0.3629494072129532,0.25355644711736103,0.2536167576084183,0.26289024979917,0.33597466756636984,0.3383731333607023,0.24656370209200285,0.28012977730683897
0.2890085880565071,0.27807845133911246,0.2140121473241201,0.4972727833635705,0.2602653910311119,0.27424345469956135,0.2515311357877009,1.0,0.26886601259572196,0.49523897949513684,0.2682166564650399,0.4785407294828721,0.2677232423080316,0.48838471331774946,0.4726538242773862,0.25222955049143625,0.23587780209232423,0.26936523240874866,0.248691882331308,0.25257772211130514,0.256517723813547,0.244668521121845,0.269151253723528,0.26062797611187905,0.24181452189056474,0.21170864388910715,0.2629376330035025,0.6924188154072605,0.3091560637069015,0.2701992305291835,0.4634954511243169,0.27419198686089463,0.0,0.26191002333262625,0.2647947090109313,0.4068299617741883,0.2353003598057435,0.27365199554010544,0.2557071964670249,0.2724423224658217,0.47175830847995914,0.26388149572606934,0.268732564205029,0.698340424833233,0.6769758397046117,0.2955116711808564,0.2625892791342517,0.266041854161036,0.4435007206277324,0.31107299887864714
0.386789679878783,0.30405016334156987,0.2485500549462355,0.27398596960054233,0.2875729266250705,0.2838100942244365,0.28987064494404624,0.26886601259572196,1.0,0.2853980364824029,0.3090079171486064,0.25700778888653686,0.3132439058340859,0.26869526303319147,0.2677782688470739,0.2898739632778755,0.2218633834594792,0.29747221889176867,0.27336068755825105,0.2933778666309942,0.2939720874625269,0.26897813010367744,0.30385000924963834,0.25338168248029014,0.23940496672979206,0.20625463049763237,0.304402297871722,0.27042063436231345,0.3267019936296076,0.4059136004710898,0.2590709444587638,0.287676529868931,0.0,0.29395345122454986,0.29057644371787694,0.2755743357081114,0.2739910197017579,0.2905901609243823,0.15045205865603217,0.30133232956630696,0.26898957041644345,0.29990117670618,0.3128844009041146,0.2725525518132421,0.2712449032555243,0.31008565924113796,0.2897021592278062,0.29170446534921546,0.26882822799177364,0.33777293611817516
0.2920147493500185,0.28407673952880286,0.21591533276873287,0.5240556068438433,0.28124911229455263,0.2679408435833309,0.258246753527985,0.49523897949513684,0.2853980364824029,1.0,0.2811743419803471,0.4674730441264303,0.2876305032265336,0.5013001349125936,0.5018078778550664,0.26113084154875,0.20512571374462707,0.26999069560224254,0.24802475730144913,0.2569397808152942,0.2592096808529798,0.2427661701940118,0.2687467309507773,0.2369352556464337,0.22590416588407114,0.19301901467896743,0.27207603511416123,0.5029359760212841,0.30820751092935383,0.2823522577411257,0.5098588710373846,0.2726025415934903,0.0,0.2610601075165987,0.2644223538288687,0.42520474572011036,0.24051614304732227,0.2629701856991349,0.24817261169540927,0.27040302801884974,0.5298628523965849,0.2682366921770004,0.2720531723895969,0.5047639581373222,0.505495876346117,0.2907035482471615,0.2595229691109805,0.26156440693776983,0.46842468829756023,0.3068691570347264
0.33014061726189914,0.4294960038124075,0.2302603615138452,0.2694070042548554,0.5062942463387505,0.41223116697997886,0.35404602224252113,0.2682166564650399,0.3090079171486064,0.2811743419803471,1.0,0.2661814911579873,0.5248008777745424,0.2698860743613045,0.26410931182569375,0.35969922748189886,0.32841944219051755,0.4850117263606437,0.45555241149352443,0.3580556312087493,0.4789584275202844,0.45746467562484705,0.48976247334782796,0.36562012029477853,0.33719045886972676,0.3143609635018104,0.4986322113691234,0.2720322881727698,0.2950784886238841,0.31066589446615533,0.2564280129061095,0.4505214133028702,0.0,0.47941006657025,0.42053891767546325,0.27465655024920443,0.3346259787716216,0.4751015253264945,0.14729539066174147,0.5071962382130202,0.2626468732154177,0.4413483611538209,0.5060072357816561,0.2735297939448835,0.2733832566012898,0.28565552015634,0.42070092375359625,0.423691637597296,0.27664271852592204,0.3000512706918633
0.2934461330667514,0.28371725911112033,0.21008197471519618,0.49462176521603896,0.2569096273693757,0.27069578668029426,0.24829529079941903,0.4785407294828721,0.25700778888653686,0.4674730441264303,0.2661814911579873,1.0,0.2619971222130525,0.4853351778585119,0.5919055820641781,0.25339462589597095,0.2669506780480315,0.2598854276322293,0.23957085098460362,0.25004978877837347,0.2566268271280394,0.24973786437171563,0.2649564037058493,0.27510091387448454,0.27373095827557037,0.22934572284691546,0.25440318571083187,0.4766686912854563,0.30482646305844807,0.268954129312606,0.4377076881475822,0.27558942974888256,0.0,0.26082908342392563,0.27684259167467595,0.39880361581043144,0.23378090734762247,0.26508161088996707,0.2887751066126272,0.2750856948784043,0.45546296849289225,0.2566254244420513,0.2629314394179577,0.4917942831536677,0.4936416162859525,0.2912008271748018,0.2734406911878374,0.2736142825148611,0.42776054317859746,0.30074386945390374
0.31630068821648527,0.4206935835963562,0.22130572341496924,0.2775449786255798,0.4664306404361841,0.4014491285745593,0.354806609757613,0.2677232423080316,0.3132439058340859,0.2876305032265336,0.5248008777745424,0.2619971222130525,1.0,0.2683154747109382,0.273712872567604,0.3716514426653581,0.31510968273587525,0.48961879643217643,0.49455343505375116,0.3588832455513262,0.5032322238074155,0.5021010332180563,0.5434611129862711,0.36153295691072995,0.3345385986629943,0.29726188462949565,0.5480508401779582,0.26808665352743977,0.3030018672802689,0.3157161051621641,0.25356999397880364,0.4981677240642236,0.0,0.5437384596327797,0.4166117451667293,0.2658025533369842,0.3541013161209261,0.5118419657570363,0.15150153459787064,0.5325313250569186,0.269781470961181,0.42996457975035873,0.5303144676177227,0.26850019273777204,0.2686995559736186,0.276874294096332,0.41606432571995033,0.4193362673622203,0.26708738421860634,0.3028796974388165
0.27250153401435995,0.26936377339867523,0.21060104594700235,0.5365291949240585,0.25989680550556216,0.2587181772303221,0.24873804362383845,0.48838471331774946,0.26869526303319147,0.5013001349125936,0.2698860743613045,0.4853351778585119,0.2683154747109382,1.0,0.5419505050485616,0.25025394471996043,0.20356215085150575,0.26641895638006985,0.2435151885204596,0.25248226450390343,0.2548650264810127,0.23855213776960393,0.26859115583074333,0.22187784180432413,0.21388579370617988,0.1869251153158631,0.26225509433145344,0.5165913021794886,0.30201659427202254,0.26753821201216454,0.48092755022731914,0.26198314112281695,0.0,0.25371749282325895,0.25324535914187507,0.4115438263485327,0.23576288486034191,0.2583752882561905,0.23291552065120147,0.26104966789258865,0.5014337002988857,0.2588215940612054,0.26622389565611526,0.5137009097616512,0.5090434280944816,0.2976804287451883,0.25325826911462934,0.2571222315678613,0.45796411539996806,0.3106251063291203
0.26822416144102246,0.2642240341237879,0.20367033595757633,0.552506049513551,0.2803356116189556,0.2567822612375671,0.24688468064790126,0.4726538242773862,0.2677782688470739,0.5018078778550664,0.26410931182569375,0.5919055820641781,0.273712872567604,0.5419505050485616,1.0,0.2512405087970848,0.2073841203809833,0.25840610083427784,0.23535880400194575,0.2459975620418171,0.25033686081363704,0.2299323980471143,0.2634595244256559,0.2263895169993988,0.2175498208767508,0.19354214355211263,0.25819118534876806,0.4886135346980083,0.2999228758782285,0.26533298184555454,0.4855017881731928,0.2675779074245963,0.0,0.2502987755952515,0.2577949459658133,0.40438081501790946,0.2341621826688698,0.25443408046483873,0.24327233587317432,0.2558646350170539,0.5156703453618319,0.2551714846978096,0.262858606285552,0.4874700836908197,0.48332896076114407,0.2904949440144201,0.2582913874383298,0.26282875902424974,0.44360206001952407,0.31336210666030806
0.30325858378581083,0.35430462128098306,0.2150503050640068,0.25978318102776765,0.3445024947808599,0.375025186045733,0.7388791269563662,0.25222955049143625,0.2898739632778755,0.26113084154875,0.35969922748189886,0.25339462589597095,0.3716514426653581,0.25025394471996043,0.2512405087970848,1.0,0.2754865683591815,0.37556179044052884,0.35128819751598306,0.7491422724822138,0.3653864560271576,0.3678430209152088,0.3765557832774229,0.31263665439519417,0.3075940206048754,0.28685948453285925,0.35331295441106836,0.24894963908230083,0.27587950854725285,0.2946086204264702,0.23390248694746807,0.35114575627288946,0.0,0.3522864683165716,0.3569716887583074,0.26566894837708477,0.710141180337784,0.33604647136198185,0.14041387280584694,0.3443789572408623,0.24377029304640174,0.3525481852725194,0.3601886308210809,0.25266509126775083,0.2553742514010936,0.2631612160960932,0.33701008067817506,0.3408222326752709,0.2460368161860974,0.27898152700781664
0.28691420783067456,0.3666440144508806,0.1697269098073969,0.2176337948477255,0.3520170067701819,0.38433858198071524,0.26719412008692,0.23587780209232423,0.2218633834594792,0.20512571374462707,0.32841944219051755,0.2669506780480315,0.31510968273587525,0.20356215085150575,0.2073841203809833,0.2754865683591815,1.0,0.3154445378188915,0.2868624947231949,0.26926934621337206,0.3050424896360838,0.28726860115423725,0.3154000468976125,0.552893223240714,0.5657727804532514,0.44608824110865053,0.3031101699663732,0.20308841668325484,0.23188821624754807,0.235642689385115,0.18965798432248748,0.4170358885221247,0.0,0.33376507867045624,0.44195064645079607,0.2033396834524115,0.2632542923583443,0.3261617579287007,0.28886551023007057,0.3702713987761119,0.19312531448264014,0.35029284826523155,0.3162575930985515,0.2390241441920088,0.25407857175057114,0.23710118814895687,0.43888733803158453,0.4318259217513155,0.2032594871091069,0.23646935213565934
0.3117967779631541,0.4288473053740173,0.22304211018013376,0.2657544602470331,0.4059812550551217,0.4183614432206195,0.38843755677756153,0.26936523240874866,0.29747221889176867,0.26999069560224254,0.4850117263606437,0.2598854276322293,0.48961879643217643,0.26641895638006985,0.25840610083427784,0.37556179044052884,0.3154445378188915,1.0,0.4907534377069277,0.390427712135048,0.5166267032796719,0.4700909001575594,0.5284998206316492,0.3579678067022608,0.33697013635015194,0.29628796160634385,0.4919252824127537,0.2667242667874724,0.29242393363777697,0.3070052933192564,0.2527506235971436,0.44364256490316945,0.0,0.480832335675924,0.42413725618157083,0.2791581803788087,0.3631249661862678,0.45356835518326544,0.14536370764885942,0.4879795902585974,0.2538922975525181,0.4293854591991667,0.4939296199142411,0.2714747678981394,0.2695662925178227,0.27560498367920205,0.4206667068363924,0.4242654463418223,0.26123958886068,0.2973171784183335
0.2899113897496681,0.3864901924008366,0.2011413008108277,0.24641055252723487,0.38250071286516596,0.38699961117052917,0.3487012521642907,0.248691882331308,0.27336068755825105,0.24802475730144913,0.45555241149352443,0.23957085098460362,0.49455343505375116,0.2435151885204596,0.23535880400194575,0.35128819751598306,0.2868624947231949,0.4907534377069277,1.0,0.34889995489566494,0.47244808724614074,0.4886373486579292,0.4799351308630663,0.32837618618084863,0.31232136860571524,0.27746511240868366,0.4856626222962892,0.2451902129588136,0.2644044569383215,0.2802447876677363,0.22801271364686537,0.44794252565523307,0.0,0.48053473852314876,0.3863309152411709,0.25351473053656703,0.3365711870548659,0.46303892198896535,0.13744747825229742,0.47447100007664733,0.2326383894650107,0.38888783694760565,0.45265149421580786,0.2492324215280134,0.25046808175224033,0.25715628309633864,0.3724991369296283,0.37650611837451364,0.2404777682781426,0.27217719737768886
0.30326921381904315,0.36053032854299893,0.21800311468126543,0.2539466321117614,0.31713469489099755,0.34844552746656343,0.8494752803369336,0.25257772211130514,0.2933778666309942,0.2569397808152942,0.3580556312087493,0.25004978877837347,0.3588832455513262,0.25248226450390343,0.2459975620418171,0.7491422724822138,0.26926934621337206,0.390427712135048,0.34889995489566494,1.0,0.3887061273707234,0.34141174012854114,0.3913144451110717,0.3029099721092334,0.293111254562906,0.25463900831331676,0.3621997410445368,0.24988526016869428,0.27985970813679684,0.29758889188257365,0.2380233561204842,0.3404445449830146,0.0,0.35861905341409084,0.35589669824576764,0.26769485666281945,0.7716277231532995,0.3404327854805549,0.13725172128691043,0.35361459972604514,0.23940018157420861,0.3544457237890488,0.3678813054118826,0.25407076419234664,0.253852733551554,0.2677626059603858,0.3419793420723576,0.3445752866807853,0.2503551328698742,0.28285110656210655
0.29994207511675874,0.4123789409818678,0.22102691717532807,0.2557157838662687,0.41189749117169117,0.3860936883431173,0.38574568580719515,0.256517723813547,0.2939720874625269,0.2592096808529798,0.4789584275202844,0.2566268271280394,0.5032322238074155,0.2548650264810127,0.25033686081363704,0.3653864560271576,0.3050424896360838,0.5166267032796719,0.47244808724614074,0.3887061273707234,1.0,0.47019915227523157,0.5383563378602346,0.3414764630248671,0.32409133348562524,0.29399580921473967,0.5074095059024353,0.25676563668417485,0.2854832674375857,0.3017362774331821,0.24383789884404228,0.459212102608356,0.0,0.5003768559920098,0.4068565428043077,0.27387668970953494,0.362853550063024,0.4675311746852783,0.14112947444385004,0.5022050508082978,0.2479701710190202,0.4057392415207428,0.5047292211358823,0.26234720817668655,0.2622870573258349,0.27790394792343376,0.40732366620083804,0.41071238556579637,0.2553374233478273,0.2927013464092646
0.28832399941562237,0.368434879161191,0.20259571739236448,0.2434971413641711,0.3711886477777151,0.43399158587447384,0.34211534977119284,0.244668521121845,0.26897813010367744,0.2427661701940118,0.45746467562484705,0.24973786437171563,0.5021010332180563,0.23855213776960393,0.2299323980471143,0.3678430209152088,0.28726860115423725,0.4700909001575594,0.4886373486579292,0.34141174012854114,0.47019915227523157,1.0,0.6320435469172088,0.3221393754294186,0.32489188130839863,0.3047290114711684,0.47441492413645514,0.24507108254752685,0.2629946966134721,0.27226080439999534,0.22388321472467154,0.448218826736814,0.0,0.580232501658521,0.36939631793409344,0.24883601250417353,0.3200925899562881,0.4533182193945705,0.13114905105006558,0.4729985500381121,0.2256365307078253,0.3729996853729607,0.46314676472411065,0.246387032003482,0.2462582841869766,0.2569071377923656,0.3595654540750741,0.3621724152337681,0.23309428206153016,0.27201354822290325
0.3159474541113806,0.4205745826614936,0.2251523730576327,0.27205924466960074,0.4138520924656909,0.40608259405439295,0.3891304399133372,0.269151253723528,0.30385000924963834,0.2687467309507773,0.48976247334782796,0.2649564037058493,0.5434611129862711,0.26859115583074333,0.2634595244256559,0.3765557832774229,0.3154000468976125,0.5284998206316492,0.4799351308630663,0.3913144451110717,0.5383563378602346,0.6320435469172088,1.0,0.3473840213281769,0.3352915994706891,0.2915343224928185,0.5258909042856436,0.26757729429992405,0.296650991664006,0.3047162189773819,0.25459051405577726,0.48250795735936036,0.0,0.6424873087426151,0.40934015252803535,0.27295272416253524,0.36899713756790176,0.48695824723636594,0.14541077142550385,0.5149481365326554,0.25697141660260736,0.41558721356840955,0.5211745592626047,0.2707420891995522,0.2706291659023753,0.28346366140164625,0.40698394261735305,0.41007062413199336,0.2657781127923924,0.30242994378660415
0.3059677121616582,0.4642373546001042,0.18690344809291537,0.24622418681805613,0.38369970229078376,0.47962806852113093,0.3026601435154148,0.26062797611187905,0.25338168248029014,0.2369352556464337,0.36562012029477853,0.27510091387448454,0.36153295691072995,0.22187784180432413,0.2263895169993988,0.31263665439519417,0.552893223240714,0.3579678067022608,0.32837618618084863,0.3029099721092334,0.3414764630248671,0.3221393754294186,0.3473840213281769,1.0,0.5681683607920214,0.4495500969044379,0.3438650552825472,0.22271968334214243,0.2558973438758705,0.26672295203016816,0.20936944421484616,0.41940860369196276,0.0,0.35603570366175785,0.5279317950095685,0.2284394801085139,0.29069792140678896,0.3548502290120751,0.23011037866814954,0.3835220470494276,0.2241962689880972,0.4041516757073509,0.3509392309343152,0.2521726122796397,0.2651511210837483,0.25027302194250667,0.4375534390949858,0.4376612264696996,0.22045785015009656,0.25644646053672804
0.2899266238596794,0.45183852692727056,0.17940244663598381,0.23643292928996795,0.3565066476456592,0.4787932025955566,0.29288794727384304,0.24181452189056474,0.23940496672979206,0.22590416588407114,0.33719045886972676,0.27373095827557037,0.3345385986629943,0.21388579370617988,0.2175498208767508,0.3075940206048754,0.5657727804532514,0.33697013635015194,0.31232136860571524,0.293111254562906,0.32409133348562524,0.32489188130839863,0.3352915994706891,0.5681683607920214,1.0,0.4324853578546868,0.31885566929444176,0.2132924260649921,0.23956412395255267,0.24761888840367208,0.20104166680682278,0.42337773164623405,0.0,0.3416548368000176,0.5290307393334955,0.21272489274968054,0.284129879281697,0.3460670350046473,0.28207563944223246,0.38121612756468926,0.20875124288302416,0.3817629183663218,0.33507894029085283,0.253056418313512,0.2588955180274447,0.24812953867365484,0.45041216161384545,0.44436035797882245,0.21603800601982892,0.24320323493030238
0.2572927868523166,0.3439858346918885,0.15609852127350388,0.19925516283295097,0.3399808813408499,0.3912829234653298,0.2554045796508104,0.21170864388910715,0.20625463049763237,0.19301901467896743,0.3143609635018104,0.22934572284691546,0.29726188462949565,0.1869251153158631,0.19354214355211263,0.28685948453285925,0.44608824110865053,0.29628796160634385,0.27746511240868366,0.25463900831331676,0.29399580921473967,0.3047290114711684,0.2915343224928185,0.4495500969044379,0.4324853578546868,1.0,0.2828605659879013,0.19292718501786554,0.21069680966801607,0.21343717317002164,0.17547045069231726,0.34686560528333554,0.0,0.295170755982576,0.3861053885342114,0.1883483528788329,0.24874759733314944,0.308170849721194,0.15848371466872568,0.31109521534407125,0.1805769453145396,0.3422841514173426,0.2946466785568288,0.22279835473431153,0.22880662123600903,0.2063949654880649,0.3546802939852688,0.37365487020662436,0.1922257583595457,0.21912138823941696
0.3053057850773029,0.4151205616680592,0.22631604743805256,0.2637193816168334,0.42055439399103345,0.3822673553254269,0.3588991545229252,0.2629376330035025,0.304402297871722,0.27207603511416123,0.4986322113691234,0.25440318571083187,0.5480508401779582,0.26225509433145344,0.25819118534876806,0.35331295441106836,0.3031101699663732,0.4919252824127537,0.4856626222962892,0.3621997410445368,0.5074095059024353,0.47441492413645514,0.5258909042856436,0.3438650552825472,0.31885566929444176,0.2828605659879013,1.0,0.26153377885013085,0.2948833157499342,0.3059213001898876,0.2503961697262249,0.48402429619533316,0.0,0.5138649031265603,0.4015133521237044,0.264710534197638,0.3377141825544888,0.5806072745126295,0.13602005453028954,0.537665402506524,0.25582020715755815,0.4108005485345869,0.6117534191322935,0.26823647008232265,0.26176560619491984,0.28173863191144033,0.40223450855840626,0.4037188334507058,0.26313175019783963,0.29883007563933484
0.2806040985944639,0.27614121223878674,0.2135524151024426,0.5223311704943029,0.2508253427517291,0.26622305222622067,0.2484363696452453,0.6924188154072605,0.27042063436231345,0.5029359760212841,0.2720322881727698,0.4766686912854563,0.26808665352743977,0.5165913021794886,0.4886135346980083,0.24894963908230083,0.20308841668325484,0.2667242667874724,0.2451902129588136,0.24988526016869428,0.25676563668417485,0.24507108254752685,0.26757729429992405,0.22271968334214243,0.2132924260649921,0.19292718501786554,0.26153377885013085,1.0,0.30810985467427476,0.27106990215272564,0.467334657296711,0.26193223675528843,0.0,0.2560570978792721,0.25191829822363054,0.4121695542042807,0.23132605901302372,0.26651711855687044,0.23292120610329803,0.26112069848376174,0.4856193725841613,0.2607894306953219,0.264693998701634,0.7875493043558754,0.756529549923876,0.29357962619769395,0.25395554760216366,0.2569187658694033,0.45557267216149455,0.307503111480677
0.3297934737642997,0.30280774858555537,0.24515192449614875,0.30160923530002637,0.28169952588906944,0.283519905143503,0.2765830308551749,0.3091560637069015,0.3267019936296076,0.30820751092935383,0.2950784886238841,0.30482646305844807,0.3030018672802689,0.30201659427202254,0.2999228758782285,0.27587950854725285,0.23188821624754807,0.29242393363777697,0.2644044569383215,0.27985970813679684,0.2854832674375857,0.2629946966134721,0.296650991664006,0.2558973438758705,0.23956412395255267,0.21069680966801607,0.2948833157499342,0.30810985467427476,1.0,0.32165224654867663,0.285713065504657,0.28694504224942174,0.0,0.292628748493149,0.28636449374609974,0.30443533113440424,0.2587781010491855,0.28659533568077333,0.16551252934696414,0.29214962897834007,0.28750356019080925,0.2886812593103739,0.2980278914090916,0.30662022698447366,0.3101026804571494,0.388415879793947,0.28230442668695876,0.2838140572705159,0.29813559640685605,0.6123125722779176
0.3901108188782457,0.31155671250455663,0.2555660303181718,0.2747457109186997,0.285971208577653,0.2844833598508921,0.29232822245069945,0.2701992305291835,0.4059136004710898,0.2823522577411257,0.31066589446615533,0.268954129312606,0.3157161051621641,0.26753821201216454,0.26533298184555454,0.2946086204264702,0.235642689385115,0.3070052933192564,0.2802447876677363,0.29758889188257365,0.3017362774331821,0.27226080439999534,0.3047162189773819,0.26672295203016816,0.24761888840367208,0.21343717317002164,0.3059213001898876,0.27106990215272564,0.32165224654867663,1.0,0.25734015211337813,0.28889093431725854,0.0,0.2971394755932345,0.3008241635277302,0.2764121510625295,0.2755327726932697,0.29481424857753524,0.15166959946643277,0.3173128272839091,0.26749171930541604,0.30470475655482965,0.3149801332397505,0.2767267718947265,0.27372158666471835,0.33220778496047076,0.3063519012018754,0.30720812124545693,0.27120022104731445,0.3349288055523072
0.25807453073452236,0.25984518658776634,0.2008120126478271,0.48977523352474195,0.2405960251521968,0.24020170569632227,0.23466163758552006,0.4634954511243169,0.2590709444587638,0.5098588710373846,0.2564280129061095,0.4377076881475822,0.25356999397880364,0.48092755022731914,0.4855017881731928,0.23390248694746807,0.18965798432248748,0.2527506235971436,0.22801271364686537,0.2380233561204842,0.24383789884404228,0.22388321472467154,0.25459051405577726,0.20936944421484616,0.20104166680682278,0.17547045069231726,0.2503961697262249,0.467334657296711,0.285713065504657,0.25734015211337813,1.0,0.243527500977198,0.0,0.24665831172627928,0.2395975147353807,0.3974971980152737,0.22015135663926044,0.2430663402704778,0.2247480185741565,0.25301940098545417,0.6426161434088749,0.24752086663430573,0.25125292592098947,0.4696018245938284,0.46353403164660234,0.28160733827961415,0.24257248161317269,0.2444464337558122,0.4332202702526369,0.29069652409613034
0.31650625114154374,0.3990229130644497,0.21166650811029364,0.2829706976367523,0.4472227385342815,0.40482567022998905,0.34146533945066593,0.27419198686089463,0.287676529868931,0.2726025415934903,0.4505214133028702,0.27558942974888256,0.4981677240642236,0.26198314112281695,0.2675779074245963,0.35114575627288946,0.4170358885221247,0.44364256490316945,0.44794252565523307,0.3404445449830146,0.459212102608356,0.448218826736814,0.48250795735936036,0.41940860369196276,0.42337773164623405,0.34686560528333554,0.48402429619533316,0.26193223675528843,0.28694504224942174,0.28889093431725854,0.243527500977198,1.0,0.0,0.4895916255754351,0.4110460356369504,0.25355714403856744,0.33774039785099685,0.4866570571470782,0.2025590805806975,0.5045405698087291,0.2584438086686507,0.39721708380081944,0.4873460919272775,0.2734576952100415,0.28299265753057234,0.28058434902138885,0.419803316943803,0.4207475780317438,0.25022448496462824,0.28681205683940114
0.0,0.0,0.0,0.0,0.0,0.0,0.0,0.0,0.0,0.0,0.0,0.0,0.0,0.0,0.0,0.0,0.0,0.0,0.0,0.0,0.0,0.0,0.0,0.0,0.0,0.0,0.0,0.0,0.0,0.0,0.0,0.0,1.0,0.0,0.0,0.0,0.0,0.0,0.0,0.0,0.0,0.0,0.0,0.0,0.0,0.0,0.0,0.0,0.0,0.0
0.3105250186633629,0.40682044994634015,0.22038843695245758,0.2575281815921203,0.4112846703178882,0.39367220012936044,0.3582105132373802,0.26191002333262625,0.29395345122454986,0.2610601075165987,0.47941006657025,0.26082908342392563,0.5437384596327797,0.25371749282325895,0.2502987755952515,0.3522864683165716,0.33376507867045624,0.480832335675924,0.48053473852314876,0.35861905341409084,0.5003768559920098,0.580232501658521,0.6424873087426151,0.35603570366175785,0.3416548368000176,0.295170755982576,0.5138649031265603,0.2560570978792721,0.292628748493149,0.2971394755932345,0.24665831172627928,0.4895916255754351,0.0,1.0,0.4055387567743074,0.2756717507990315,0.33909339204105915,0.4939043222330587,0.16512146501813496,0.5176515804987847,0.24667071870083124,0.40653924883988435,0.5112461698656303,0.2612731565086973,0.265610539662289,0.27835191128621173,0.4062920443067243,0.40816337111475753,0.2537763893141106,0.29637896460525004
0.3139492461100878,0.5505557388543519,0.21138880289455042,0.2640588392384109,0.4009801186538393,0.5453791887003956,0.3559160638548454,0.2647947090109313,0.29057644371787694,0.2644223538288687,0.42053891767546325,0.27684259167467595,0.4166117451667293,0.25324535914187507,0.2577949459658133,0.3569716887583074,0.44195064645079607,0.42413725618157083,0.3863309152411709,0.35589669824576764,0.4068565428043077,0.36939631793409344,0.40934015252803535,0.5279317950095685,0.5290307393334955,0.3861053885342114,0.4015133521237044,0.25191829822363054,0.28636449374609974,0.3008241635277302,0.2395975147353807,0.4110460356369504,0.0,0.4055387567743074,1.0,0.2591189893257714,0.3326628341229192,0.39915277713145836,0.19494049994654405,0.4269262185493964,0.2493416075600451,0.4783020709769844,0.4190296010242802,0.26426470138961544,0.26995977879403776,0.2732120490613187,0.48698978265966864,0.48859718999118196,0.2565020040365712,0.2863831936487481
0.2723434379191634,0.26415895924442434,0.21635255031398393,0.4157666963861787,0.24445015700170347,0.26183164202772236,0.26732408844723543,0.4068299617741883,0.2755743357081114,0.42520474572011036,0.27465655024920443,0.39880361581043144,0.2658025533369842,0.4115438263485327,0.40438081501790946,0.26566894837708477,0.2033396834524115,0.2791581803788087,0.25351473053656703,0.26769485666281945,0.27387668970953494,0.24883601250417353,0.27295272416253524,0.2284394801085139,0.21272489274968054,0.1883483528788329,0.264710534197638,0.4121695542042807,0.30443533113440424,0.2764121510625295,0.3974971980152737,0.25355714403856744,0.0,0.2756717507990315,0.2591189893257714,1.0,0.2522250949949031,0.2547338636295208,0.23551542921851754,0.26761715811920195,0.40452736881721063,0.26071958101956527,0.2665731335467978,0.41631684593550866,0.41664858083118583,0.28945280872284396,0.252169163563181,0.25388549997835774,0.4066508030355622,0.3073345775063069
0.2831824548379047,0.3334762710263661,0.20079423521284667,0.23909320950131763,0.31441663496661043,0.331692225262435,0.7548292067796876,0.2353003598057435,0.2739910197017579,0.24051614304732227,0.3346259787716216,0.23378090734762247,0.3541013161209261,0.23576288486034191,0.2341621826688698,0.710141180337784,0.2632542923583443,0.3631249661862678,0.3365711870548659,0.7716277231532995,0.362853550063024,0.3200925899562881,0.36899713756790176,0.29069792140678896,0.284129879281697,0.24874759733314944,0.3377141825544888,0.23132605901302372,0.2587781010491855,0.2755327726932697,0.22015135663926044,0.33774039785099685,0.0,0.33909339204105915,0.3326628341229192,0.2522250949949031,1.0,0.32075363945801083,0.13315260859541522,0.32270868016652166,0.224915714558102,0.334239421263842,0.3469670869821596,0.23534698275275134,0.2360727293478505,0.24547095842849276,0.3177997900849594,0.31987162305868566,0.23022214865922508,0.2635550698284199
0.31634107622757,0.4247739596905096,0.22107248993387618,0.2562221585816812,0.43926051424060786,0.39391811000356736,0.33508607594660433,0.27365199554010544,0.2905901609243823,0.2629701856991349,0.4751015253264945,0.26508161088996707,0.5118419657570363,0.2583752882561905,0.25443408046483873,0.33604647136198185,0.3261617579287007,0.45356835518326544,0.46303892198896535,0.3404327854805549,0.4675311746852783,0.4533182193945705,0.48695824723636594,0.3548502290120751,0.3460670350046473,0.308170849721194,0.5806072745126295,0.26651711855687044,0.28659533568077333,0.29481424857753524,0.2430663402704778,0.4866570571470782,0.0,0.4939043222330587,0.39915277713145836,0.2547338636295208,0.32075363945801083,1.0,0.16216305814129328,0.5173545358932761,0.25143321477188096,0.41125848095559836,0.6046590107136185,0.273511600896441,0.2658384754481833,0.2802186105535751,0.41502149201445726,0.4174422735732004,0.25838844313603715,0.29260387079039785
0.18884088136138044,0.1419983761206508,0.11098615496644737,0.2658611357276599,0.16532008433686018,0.1559324579245842,0.14012041409588205,0.2557071964670249,0.15045205865603217,0.24817261169540927,0.14729539066174147,0.2887751066126272,0.15150153459787064,0.23291552065120147,0.24327233587317432,0.14041387280584694,0.28886551023007057,0.14536370764885942,0.13744747825229742,0.13725172128691043,0.14112947444385004,0.13114905105006558,0.14541077142550385,0.23011037866814954,0.28207563944223246,0.15848371466872568,0.13602005453028954,0.23292120610329803,0.16551252934696414,0.15166959946643277,0.2247480185741565,0.2025590805806975,0.0,0.16512146501813496,0.19494049994654405,0.23551542921851754,0.13315260859541522,0.16216305814129328,1.0,0.1918571296577637,0.2374638246286499,0.14265411325442656,0.14296973794220158,0.25983136273034446,0.27089440799337294,0.1646082803072354,0.21090321409588553,0.19948752970912842,0.2270424086734638,0.17634427065127778
0.31837106160732365,0.4183144773872227,0.2263543228020738,0.26096297805256996,0.42334684495443387,0.3974711668569857,0.34653914196381475,0.2724423224658217,0.30133232956630696,0.27040302801884974,0.5071962382130202,0.2750856948784043,0.5325313250569186,0.26104966789258865,0.2558646350170539,0.3443789572408623,0.3702713987761119,0.4879795902585974,0.47447100007664733,0.35361459972604514,0.5022050508082978,0.4729985500381121,0.5149481365326554,0.3835220470494276,0.38121612756468926,0.31109521534407125,0.537665402506524,0.26112069848376174,0.29214962897834007,0.3173128272839091,0.25301940098545417,0.5045405698087291,0.0,0.5176515804987847,0.4269262185493964,0.26761715811920195,0.32270868016652166,0.5173545358932761,0.1918571296577637,1.0,0.252154976419813,0.41916708368483035,0.5339493101708959,0.27352743551040803,0.27562936475940114,0.29145090358648273,0.45142142092143533,0.4503400490624002,0.2613503078160234,0.3023021942040933
