../ecoli_genomes/GCF_000163235.1_ASM16323v1_genomic.fna.gz,../ecoli_genomes/GCF_000164555.1_ASM16455v1_genomic.fna.gz,../ecoli_genomes/GCF_000208545.1_ASM20854v2_genomic.fna.gz,../ecoli_genomes/GCF_000233875.1_ASM23387v1_genomic.fna.gz,../ecoli_genomes/GCF_000249735.1_ASM24973v2_genomic.fna.gz,../ecoli_genomes/GCF_000261145.1_Esch_coli_M919_V2_genomic.fna.gz,../ecoli_genomes/GCF_000267705.2_ASM26770v2_genomic.fna.gz,../ecoli_genomes/GCF_000350665.1_Esch_coli_KTE5_V1_genomic.fna.gz,../ecoli_genomes/GCF_000351625.1_Esch_coli_KTE66_V1_genomic.fna.gz,../ecoli_genomes/GCF_000352285.1_Esch_coli_KTE46_V1_genomic.fna.gz,../ecoli_genomes/GCF_000358895.1_ASM35889v1_genomic.fna.gz,../ecoli_genomes/GCF_000456385.1_Esch_coli_HVH_26_4-5703913_V1_genomic.fna.gz,../ecoli_genomes/GCF_000458195.1_Esch_coli_HVH_147_4-5893887_V1_genomic.fna.gz,../ecoli_genomes/GCF_000459755.1_Esch_coli_KOEGE_58_171a_V1_genomic.fna.gz,../ecoli_genomes/GCF_000460055.1_Esch_coli_UMEA_3053-1_V1_genomic.fna.gz,../ecoli_genomes/GCF_000462165.2_ASM46216v2_genomic.fna.gz,../ecoli_genomes/GCF_000601135.1_ASM60113v1_genomic.fna.gz,../ecoli_genomes/GCF_000614595.1_Ec2010EL1058_genomic.fna.gz,../ecoli_genomes/GCF_000617745.1_Ec2010C-4529_genomic.fna.gz,../ecoli_genomes/GCF_000618265.2_EcF6751_genomic.fna.gz,../ecoli_genomes/GCF_000619005.2_Ec2009C-4052_genomic.fna.gz,../ecoli_genomes/GCF_000619105.1_Ec2009C-4780_genomic.fna.gz,../ecoli_genomes/GCF_000619765.2_Ec2009C-3279_genomic.fna.gz,../ecoli_genomes/GCF_000687005.1_ASM68700v1_genomic.fna.gz,../ecoli_genomes/GCF_000687025.1_ASM68702v1_genomic.fna.gz,../ecoli_genomes/GCF_000700125.1_ASM70012v1_genomic.fna.gz,../ecoli_genomes/GCF_000753315.1_FHI35_genomic.fna.gz,../ecoli_genomes/GCF_000776375.1_ASM77637v1_genomic.fna.gz,../ecoli_genomes/GCF_000779395.1_ASM77939v1_genomic.fna.gz,../ecoli_genomes/GCF_000780315.1_ASM78031v1_genomic.fna.gz,../ecoli_genomes/GCF_000781995.1_ASM78199v1_genomic.fna.gz,../ecoli_genomes/GCF_000986765.1_ASM98676v1_genomic.fna.gz,../ecoli_genomes/GCF_001041375.1_ViralProj287958_genomic.fna.gz,../ecoli_genomes/GCF_001265335.1_302014_genomic.fna.gz,../ecoli_genomes/GCF_001265625.1_100854_genomic.fna.gz,../ecoli_genomes/GCF_001267345.1_303289_genomic.fna.gz,../ecoli_genomes/GCF_001309985.1_ASM130998v1_genomic.fna.gz,../ecoli_genomes/GCF_001521695.1_ASM152169v1_genomic.fna.gz,../ecoli_genomes/GCF_001592595.1_ASM159259v1_genomic.fna.gz,../ecoli_genomes/GCF_001614975.1_ASM161497v1_genomic.fna.gz,../ecoli_genomes/GCF_001692775.1_ASM169277v1_genomic.fna.gz,../ecoli_genomes/GCF_001748915.1_ASM174891v1_genomic.fna.gz,../ecoli_genomes/GCF_001749235.1_ASM174923v1_genomic.fna.gz,../ecoli_genomes/GCF_001881155.1_ASM188115v1_genomic.fna.gz,../ecoli_genomes/GCF_001881345.1_ASM188134v1_genomic.fna.gz,../ecoli_genomes/GCF_001892405.1_ASM189240v1_genomic.fna.gz,../ecoli_genomes/GCF_001892585.1_ASM189258v1_genomic.fna.gz,../ecoli_genomes/GCF_001893985.1_ASM189398v1_genomic.fna.gz,../ecoli_genomes/GCF_002001595.1_ASM200159v1_genomic.fna.gz,../ecoli_genomes/GCF_002002145.1_ASM200214v1_genomic.fna.gz
1.0,0.32552905004185995,0.25794589376818144,0.2816779277727317,0.2786151395533203,0.3073137492144655,0.2991679910130829,0.2829243789798518,0.390988720098847,0.29377338862491065,0.3203386898051769,0.2820490268505452,0.32018162589540744,0.2781656818865036,0.26533586367865825,0.302678604545352,0.2919702961080477,0.3134001501202257,0.30730808330355963,0.300288439104057,0.2989293571407957,0.3065137637860781,0.31589765232918554,0.3032742558478658,0.2905036654370129,0.2864894470372592,0.3142579212873894,0.2737545120896173,0.34512815944398223,0.38310831632610565,0.26220579626254525,0.3039752766387589,0.0,0.30356140218393324,0.31017462979436483,0.27189539406575836,0.28648840305113854,0.3203257946117719,0.2478345639248607,0.31521406378963734,0.26078885245413164,0.305249634843734,0.31636957119363185,0.2773092817337297,0.28618866672182264,0.3129442299250126,0.30006156779736814,0.3005368534164289,0.27090779469174187,0.34863662058942013
0.32552905004185995,1.0,0.23322216245770067,0.27829437930463785,0.3787311319566887,0.5496603223944464,0.3530382228394653,0.28229391255652014,0.29658179918455607,0.29094878065871,0.4328214070405755,0.2856244127010086,0.4326969431271762,0.2762069938099885,0.2662256822479939,0.35768133211276454,0.47045924177279164,0.4259610447103588,0.41019928774315695,0.35589468902932153,0.4120759127584709,0.41104121727863396,0.42322746260286026,0.5631925226196528,0.5406608181166626,0.4826632208505742,0.42849928167534856,0.2788749040886336,0.2990151510217711,0.3014679691581281,0.267317056707464,0.41550711627758874,0.0,0.407347485791708,0.576719859637542,0.26049401701046526,0.3355836810979811,0.4358644002688675,0.24681745292981783,0.4327143369070434,0.2618942033402033,0.48336248331971754,0.42994882444727056,0.29121977562737955,0.28985848374886725,0.28635974355376714,0.4911367822462689,0.4909315262432635,0.286456123492305,0.30120668675144024
0.25794589376818144,0.23322216245770067,1.0,0.21105578803642333,0.19728099797822662,0.21610399690265147,0.21612279512643673,0.21198682447500639,0.24500508853214975,0.21519282271902307,0.2279557021659736,0.20642591461966864,0.23119549636016823,0.2080673597498378,0.20270370854706354,0.2202809801036385,0.21229925624037538,0.22169618088644494,0.21172241620653742,0.2185107018883643,0.21558149747827082,0.21987392415099505,0.22594458169622178,0.21461225608564583,0.2075581834833371,0.2103945915311538,0.22779846636080758,0.21206372108292737,0.24906653983758753,0.2509910664680488,0.20098405966073585,0.22043548217445974,0.0,0.22182646844622,0.21628859443159065,0.21233132217504302,0.20718685703276873,0.22307566854635352,0.19063981497241123,0.229816330496165,0.1997531695667042,0.22150052295291922,0.2325004009754965,0.21730669117096646,0.21231276136291743,0.23486395304678065,0.23050010582970004,0.23041865447577992,0.2187462301336769,0.25027564588267726
0.2816779277727317,0.27829437930463785,0.21105578803642333,1.0,0.26684671075209865,0.26458489880907754,0.2583819770075422,0.5092358984728027,0.2899380426051573,0.537751017905147,0.27337702657171514,0.5019407977808118,0.28634702754307984,0.5550831237510148,0.5639375047736561,0.2742612725923619,0.2717166598172973,0.2690821297165492,0.254892922484813,0.25868444061008145,0.25837864262723476,0.2572657431616633,0.27338739652532784,0.2604076483197496,0.2595146186190668,0.2622788616236521,0.26524275722900403,0.5294762486720704,0.30442055573868576,0.27557627790756056,0.5109449968493692,0.28300666720760115,0.0,0.2583957423856458,0.2631414714460657,0.41749963261918177,0.2543477892100833,0.26523503712025376,0.41249289608658435,0.2640598340452869,0.5225548497767898,0.2617342635114116,0.2676749422888206,0.5273471548872686,0.5191960284106845,0.29734422883960565,0.2629133508272964,0.2631709518475783,0.4550615842910031,0.31047264020472576
0.2786151395533203,0.3787311319566887,0.19728099797822662,0.26684671075209865,1.0,0.38543781592160165,0.31187451730097304,0.26064748783997316,0.28383708255334283,0.27693913997463626,0.4861060590082049,0.24528075766747315,0.4675538844995356,0.2551809967444404,0.26376320037286083,0.34143401585087296,0.3982045332801165,0.401901419528953,0.39136081380905896,0.31416934167211297,0.4059900736839319,0.3937226424184753,0.4089789293450651,0.3946046923388523,0.3806517363542328,0.3996971919850466,0.4211397893336104,0.2370258084200112,0.27349958639468885,0.27614052927212096,0.25069631736348663,0.43665483510099135,0.0,0.40767635406703195,0.3789379282435007,0.23925214464686384,0.31165040464522176,0.44767548270858204,0.2934035815256618,0.4328153565230203,0.26012000813808656,0.38025037265933126,0.4324045070652689,0.24146925296447264,0.24428025746993998,0.2582680903055059,0.39696444815443843,0.3968269858617315,0.24255777359940522,0.2768201315121782
0.3073137492144655,0.5496603223944464,0.21610399690265147,0.26458489880907754,0.38543781592160165,1.0,0.35661939258516506,0.276497756306475,0.2881443954400311,0.2720658360404592,0.4142815590272657,0.26107006344810435,0.4215453897725602,0.2640001258011917,0.25604025099266736,0.3586018037318669,0.45407422028213384,0.41809038649995933,0.4082326691261152,0.3534711218243265,0.3986364026751903,0.4235494806815461,0.4138697883169393,0.5291764124144411,0.5206035922595214,0.4474102094999791,0.4054750087177278,0.2625605626243883,0.2925658549669451,0.2846486306544769,0.25549572919453256,0.4114994040119403,0.0,0.4057839968964946,0.5561692254612594,0.26270216566370175,0.3380663525538058,0.4153968631488486,0.2590625320941289,0.4179534742740163,0.25340274824655407,0.47185574660883334,0.42063800443089316,0.26678015124359555,0.2678403759606862,0.2735875390313546,0.47777038533862004,0.47923628597766765,0.2644880757830129,0.29404765957912304
0.2991679910130829,0.3530382228394653,0.21612279512643673,0.2583819770075422,0.31187451730097304,0.35661939258516506,1.0,0.2604770614453896,0.29398425230054925,0.25912859911718,0.3605690136048637,0.24789732396356146,0.36008800170855215,0.25153192558975157,0.24660825251538476,0.762733493003747,0.3349558662815917,0.38795219422071425,0.37623043946432766,0.8618039744946647,0.38490143931081455,0.3712052569459411,0.3911789687214011,0.3455886985310015,0.3326956819209521,0.3326801302761476,0.35832329718361966,0.25022049258745327,0.2826190377015897,0.28951541120871804,0.24514938089704508,0.344744430875385,0.0,0.3607519174086601,0.3649277024470301,0.2726000117128984,0.787206047600007,0.3432272595565423,0.2501338590313982,0.36009017632060736,0.2377013177943993,0.35125464008370977,0.35896128996455157,0.2543581813004654,0.2550490336493124,0.26419534063959793,0.34757953853385637,0.3484040337567573,0.25054385417730907,0.288649457694213
0.2829243789798518,0.28229391255652014,0.21198682447500639,0.5092358984728027,0.26064748783997316,0.276497756306475,0.2604770614453896,1.0,0.2855442729626677,0.5096219680866665,0.27517183397437706,0.4743714154190024,0.2871323755861125,0.4915569655569345,0.48306840104590587,0.270404793820734,0.2686219225780274,0.27054829192401997,0.2621287373136534,0.2619807542361544,0.26137625057293956,0.2637694603370162,0.2726222479282303,0.27228844255858164,0.26171266223064904,0.2631299028890245,0.27336598854304306,0.6999495915793966,0.3183067062247177,0.27741323616982694,0.48086329015507734,0.27550920230423825,0.0,0.26353619546565576,0.2670403780514087,0.4097651425202794,0.25184757793737333,0.28064602984683873,0.41127699705262166,0.2756565081004464,0.4723183988800911,0.27076736768712795,0.2741886259038595,0.6966699453289327,0.6705449734300535,0.2944509365374167,0.26441036819019303,0.2646618347231898,0.44632055158530237,0.30647051992399676
0.390988720098847,0.29658179918455607,0.24500508853214975,0.2899380426051573,0.28383708255334283,0.2881443954400311,0.29398425230054925,0.2855442729626677,1.0,0.29716890733232826,0.30354895807023796,0.26473003657153216,0.31802521482190294,0.2841646094461342,0.2863929492515299,0.30716626158194216,0.2882089326636299,0.2967637155569183,0.2840334808321451,0.29649931447611977,0.28461662338593374,0.2899328274357986,0.3006284847520774,0.29100173600280066,0.27806985078281743,0.2842176708393098,0.29993392038126876,0.2700536814662533,0.3294672304931703,0.40478851523605974,0.2787908872542336,0.2930436525940603,0.0,0.29122711060361073,0.29331509927009736,0.2795522949824153,0.2865410829782995,0.29401384815023446,0.24295519680822852,0.30181528136858826,0.2769217440789623,0.29707635781866515,0.3045667150152084,0.27278035929716093,0.2691978119692233,0.3114220286957383,0.2928701076405218,0.29308189112363847,0.26828242927543633,0.34083136982823714
0.29377338862491065,0.29094878065871,0.21519282271902307,0.537751017905147,0.27693913997463626,0.2720658360404592,0.25912859911718,0.5096219680866665,0.29716890733232826,1.0,0.28502352763342265,0.48122737246241454,0.30183646208957127,0.5131519544868686,0.5059184890319812,0.27701307712192025,0.27163544610866,0.2745556169862755,0.2616816646992982,0.26054512071895386,0.2617218154448312,0.26099260596596485,0.2680927720546059,0.2736923791412358,0.26671462472023155,0.27457054551533344,0.2757468731484445,0.5047649426063968,0.31223606105266155,0.28694825330316576,0.5299192423181551,0.27729562529492446,0.0,0.26305756490938415,0.2703048766121724,0.42572627575444943,0.2550694743065234,0.27510364750553684,0.42261766027385184,0.27927080445400554,0.5235778493334053,0.2730155029487754,0.2741657106983989,0.508279754440391,0.509805441006979,0.29560955030546254,0.2711440689699084,0.27087406642411005,0.47123913256510386,0.31073934751081866
0.3203386898051769,0.4328214070405755,0.2279557021659736,0.27337702657171514,0.4861060590082049,0.4142815590272657,0.3605690136048637,0.27517183397437706,0.30354895807023796,0.28502352763342265,1.0,0.2653766834850212,0.5376988123474218,0.2753267339904347,0.26555145755967613,0.3693887103573933,0.3956711221912438,0.4958635819037105,0.47574014785972674,0.3644394753572733,0.48299782249506407,0.4887389603396679,0.49288809118590204,0.4197131784300224,0.38920929087229916,0.40575278477852983,0.5082076504110167,0.27178419779512897,0.30201066881327443,0.30848799004264005,0.2666379416522019,0.4645858095607053,0.0,0.4738019059189039,0.42721402377782103,0.2742716222157705,0.34815350805637335,0.49016795228192545,0.25029169647440397,0.5279708268202378,0.2592359660253528,0.4401416974288559,0.5150103006100815,0.27380484406577155,0.27201225254535466,0.28503037312725554,0.44400305521318373,0.44276362501361577,0.2749783917675772,0.30905263526262305
0.2820490268505452,0.2856244127010086,0.20642591461966864,0.5019407977808118,0.24528075766747315,0.26107006344810435,0.24789732396356146,0.4743714154190024,0.26473003657153216,0.48122737246241454,0.2653766834850212,1.0,0.27140592737773994,0.49772347632641745,0.6001267114682625,0.25610572837874845,0.2556871035080597,0.2587612937328967,0.2476759093454285,0.24953019495235373,0.2538938821470317,0.25364501661563543,0.26376885304270326,0.2609699502106937,0.24532371664463204,0.25297075834200267,0.2595102252888203,0.484063269115508,0.31839363322132896,0.2675114274404693,0.44271079932911794,0.26227542167231577,0.0,0.2543896023345229,0.2620410751236013,0.3980103379978194,0.24063137651573274,0.26353531843983113,0.39867789308634793,0.26422132079922755,0.45359095440452335,0.25293721979736894,0.264127719797267,0.48589137932471216,0.48447307699894226,0.2904178724030858,0.25982861202590535,0.25994316482922175,0.4292642456754465,0.29983929192043357
0.32018162589540744,0.4326969431271762,0.23119549636016823,0.28634702754307984,0.4675538844995356,0.4215453897725602,0.36008800170855215,0.2871323755861125,0.31802521482190294,0.30183646208957127,0.5376988123474218,0.27140592737773994,1.0,0.2777875284403616,0.28249784367403263,0.3784496254534955,0.4127390933591487,0.5078899744545092,0.5033472557829921,0.36370839673716104,0.5144618016602838,0.5498914689507661,0.5637471090850413,0.4256441557738596,0.395261900627635,0.4132926294510749,0.5483055851976726,0.2705629614861389,0.3050482353939086,0.32030447674129525,0.2730728534422113,0.5099973280947734,0.0,0.5410286538960614,0.4339531441222255,0.26990830035306945,0.3511607525054411,0.5191289563354438,0.24698847494243792,0.5607111462862822,0.2720588891099561,0.44217968398219465,0.5461940791339357,0.2740367341952695,0.27157446207342417,0.2851917593614842,0.44738038115561674,0.446946501041829,0.2732777712503366,0.310528076752393
0.2781656818865036,0.2762069938099885,0.2080673597498378,0.5550831237510148,0.2551809967444404,0.2640001258011917,0.25153192558975157,0.4915569655569345,0.2841646094461342,0.5131519544868686,0.2753267339904347,0.49772347632641745,0.2777875284403616,1.0,0.5587240033334461,0.25970513521299865,0.2594181340045514,0.2681083910584302,0.2543177699554855,0.25391703807429,0.25507746962625955,0.2553914367699365,0.26835409095314,0.25587655698063383,0.2503149633164907,0.2551176231786195,0.2639350808485438,0.5185694303843611,0.30881363850062027,0.2743642344069407,0.5023474956074232,0.2672762167281534,0.0,0.26099476047866776,0.26249212106161424,0.4184853778920474,0.24467802081698842,0.26750419193661756,0.41424048229486177,0.26674326853696895,0.5053058065593488,0.2599255996147516,0.26864776414904834,0.5158780968817853,0.5066085818284334,0.30039663373013026,0.2617754349207201,0.2629510831163018,0.45599736560842286,0.3135592028440165
0.26533586367865825,0.2662256822479939,0.20270370854706354,0.5639375047736561,0.26376320037286083,0.25604025099266736,0.24660825251538476,0.48306840104590587,0.2863929492515299,0.5059184890319812,0.26555145755967613,0.6001267114682625,0.28249784367403263,0.5587240033334461,1.0,0.2636235076031156,0.2659053893097062,0.25859756518439636,0.24451855143014822,0.24895913646303836,0.2506484857919523,0.24859439591730492,0.2616067044895095,0.25305465435276076,0.24837412032939377,0.25702216560507385,0.260092803283428,0.49316523348029007,0.3000374056271393,0.27196173743192986,0.5003818648566922,0.2689549330265707,0.0,0.2532462735416796,0.2566525812876327,0.40721568738251346,0.24360954827864245,0.2591126921302357,0.406443100372878,0.26248382108565904,0.5083034195117968,0.25436972745186137,0.26205457680549893,0.4895325291231074,0.4810052251523853,0.29405927850988034,0.2611798672411312,0.2614206732857043,0.4395402752959173,0.31174948835823535
0.302678604545352,0.35768133211276454,0.2202809801036385,0.2742612725923619,0.34143401585087296,0.3586018037318669,0.762733493003747,0.270404793820734,0.30716626158194216,0.27701307712192025,0.3693887103573933,0.25610572837874845,0.3784496254534955,0.25970513521299865,0.2636235076031156,1.0,0.34458037333006886,0.3779023611601966,0.3693833345253349,0.7832441703406207,0.368953099808929,0.36903459148684015,0.3829315198260258,0.3525798396853771,0.34083798784065955,0.34843186525775816,0.3574381431968906,0.25402590390398383,0.2870105192671746,0.30051555783195216,0.2588030458872086,0.3565796197243877,0.0,0.3580220099376312,0.3613784396281139,0.2701619494903954,0.7517489786400687,0.34760852945348875,0.24340353715193908,0.3610409389062009,0.255263129322184,0.3520431683747919,0.35864347464638235,0.254093859255094,0.25543181575595675,0.26732338887975693,0.3528865694774175,0.35302321503321143,0.25689340284948103,0.2896441166129502
0.2919702961080477,0.47045924177279164,0.21229925624037538,0.2717166598172973,0.3982045332801165,0.45407422028213384,0.3349558662815917,0.2686219225780274,0.2882089326636299,0.27163544610866,0.3956711221912438,0.2556871035080597,0.4127390933591487,0.2594181340045514,0.2659053893097062,0.34458037333006886,1.0,0.3948953957612745,0.3810505188287935,0.33437909013718803,0.38572688222925944,0.3832993313987503,0.4002384308854392,0.5333105318904098,0.5008071034867626,0.5412604179295162,0.3944996994147544,0.25402904838504337,0.2869546364084279,0.28316667105059745,0.25334951297590946,0.4456605514912574,0.0,0.3934028791877985,0.47551874226472335,0.2511076024194172,0.3269728526681226,0.3819194641980308,0.23799695689555855,0.4001012471079922,0.25115320152032283,0.43837717529022824,0.3949314293891232,0.25890040040288276,0.26509037361538934,0.25905679958617966,0.4622110459346388,0.46127766378841717,0.2489720765147162,0.2817206201794725
0.3134001501202257,0.4259610447103588,0.22169618088644494,0.2690821297165492,0.401901419528953,0.41809038649995933,0.38795219422071425,0.27054829192401997,0.2967637155569183,0.2745556169862755,0.4958635819037105,0.2587612937328967,0.5078899744545092,0.2681083910584302,0.25859756518439636,0.3779023611601966,0.3948953957612745,1.0,0.5315262019722568,0.3881784601621805,0.516097730684906,0.5143636497575075,0.5291001733017056,0.4116291492822085,0.3821312293020025,0.3937938838519801,0.5070699670322476,0.2664714256638623,0.29418609790713013,0.3000331944481148,0.26051953101569547,0.46247184895493043,0.0,0.48316989382716713,0.4268244528247762,0.27802805967398747,0.37143790516833575,0.46850742638742204,0.25414153194919153,0.5100347300111785,0.2518877898582792,0.4333075092255051,0.49767994973936935,0.26828138831021386,0.2670175457529449,0.2778889607570171,0.43723315152373476,0.4378872438762569,0.26037804732536274,0.30232087905198657
0.30730808330355963,0.41019928774315695,0.21172241620653742,0.254892922484813,0.39136081380905896,0.4082326691261152,0.37623043946432766,0.2621287373136534,0.2840334808321451,0.2616816646992982,0.47574014785972674,0.2476759093454285,0.5033472557829921,0.2543177699554855,0.24451855143014822,0.3693833345253349,0.3810505188287935,0.5315262019722568,1.0,0.37445320652231584,0.5069642694481213,0.510843542908179,0.5167137401518831,0.4008755433847965,0.37566005779256373,0.3800246535558297,0.49284188524445616,0.2537611515576268,0.2851548009545466,0.29149194589848837,0.24579129360398544,0.45664341146895415,0.0,0.47657945598829554,0.42440680868680614,0.2650167942389806,0.3593940946779838,0.463592368531782,0.2464087000085663,0.49908387923026776,0.23720106061859203,0.4185821415397385,0.48863982051941923,0.25673323874069787,0.25640228539099286,0.2688331566863462,0.4195371006441033,0.4198604440944972,0.25247921769378834,0.2902136191841713
0.300288439104057,0.35589468902932153,0.2185107018883643,0.25868444061008145,0.31416934167211297,0.3534711218243265,0.8618039744946647,0.2619807542361544,0.29649931447611977,0.26054512071895386,0.3644394753572733,0.24953019495235373,0.36370839673716104,0.25391703807429,0.24895913646303836,0.7832441703406207,0.33437909013718803,0.3881784601621805,0.37445320652231584,1.0,0.38786914578584786,0.3723018929745028,0.39245518613447494,0.3455491365615414,0.33387169152651386,0.33528396952286554,0.3619308618079682,0.25271754103877453,0.2846592280290564,0.29246278822916827,0.24748855637477551,0.3451474411710771,0.0,0.3589275018027025,0.3637880137990105,0.27160321409603916,0.79970398123375,0.34610271337454535,0.24414973347363278,0.36428628582829503,0.23959804718669053,0.35320064127776263,0.3614442621823243,0.25522755173610745,0.25445406116176517,0.26730786010492613,0.35242702191675734,0.35312723999272255,0.2527639092366162,0.29184004542952346
0.2989293571407957,0.4120759127584709,0.21558149747827082,0.25837864262723476,0.4059900736839319,0.3986364026751903,0.38490143931081455,0.26137625057293956,0.28461662338593374,0.2617218154448312,0.48299782249506407,0.2538938821470317,0.5144618016602838,0.25507746962625955,0.2506484857919523,0.368953099808929,0.38572688222925944,0.516097730684906,0.5069642694481213,0.38786914578584786,1.0,0.5144505608163107,0.5341161259689655,0.3994408192925992,0.3763336751790307,0.3907624075916216,0.5129586966343245,0.25784374974798574,0.28256205999707085,0.2926440572004544,0.24927347324955962,0.47264522559557864,0.0,0.492078277510831,0.4186386225099402,0.2689927598019789,0.36772115853054943,0.4809994750941554,0.24454321288028147,0.5185707570587643,0.24633355836319226,0.4106491941735365,0.49886448912805803,0.26062796394179444,0.2595806427460361,0.2747803348396919,0.4253500047423382,0.42539339792666375,0.2526980514547106,0.2923267511238995
0.3065137637860781,0.41104121727863396,0.21987392415099505,0.2572657431616633,0.3937226424184753,0.4235494806815461,0.3712052569459411,0.2637694603370162,0.2899328274357986,0.26099260596596485,0.4887389603396679,0.25364501661563543,0.5498914689507661,0.2553914367699365,0.24859439591730492,0.36903459148684015,0.3832993313987503,0.5143636497575075,0.510843542908179,0.3723018929745028,0.5144505608163107,1.0,0.7193393428621442,0.3917400028453871,0.37223415487654943,0.37824443735469626,0.5155723465602247,0.2608105445966826,0.2879475661564662,0.29337669601485306,0.24880615130533235,0.47647169841953263,0.0,0.6312815317160885,0.41476252436146543,0.26433141363746016,0.35529704400366147,0.4880300236927483,0.2411065836809303,0.5286857644561584,0.2392617709775704,0.41281921345180606,0.5157207418892042,0.2624482744113288,0.26133702698523364,0.27340313836246954,0.42022905203667826,0.42042186522382463,0.25656375371175244,0.29825876329625023
0.31589765232918554,0.42322746260286026,0.22594458169622178,0.27338739652532784,0.4089789293450651,0.4138697883169393,0.3911789687214011,0.2726222479282303,0.3006284847520774,0.2680927720546059,0.49288809118590204,0.26376885304270326,0.5637471090850413,0.26835409095314,0.2616067044895095,0.3829315198260258,0.4002384308854392,0.5291001733017056,0.5167137401518831,0.39245518613447494,0.5341161259689655,0.7193393428621442,1.0,0.4060160408899566,0.39567260096284207,0.3922022506787405,0.5308902462376968,0.26920577554032277,0.29758617787890507,0.2991316859716846,0.25839101516510343,0.4967089052736572,0.0,0.6409337148201506,0.425873250829906,0.27736040272962814,0.37713347538527375,0.49989271803859947,0.2549677851368224,0.5366763475904327,0.2522406766751042,0.41992085321191963,0.5217605958288187,0.27208748933037297,0.271789504144888,0.2794335633120928,0.4269735751385324,0.4280924458914426,0.26233609857955476,0.30358682328967346
0.3032742558478658,0.5631925226196528,0.21461225608564583,0.2604076483197496,0.3946046923388523,0.5291764124144411,0.3455886985310015,0.27228844255858164,0.29100173600280066,0.2736923791412358,0.4197131784300224,0.2609699502106937,0.4256441557738596,0.25587655698063383,0.25305465435276076,0.3525798396853771,0.5333105318904098,0.4116291492822085,0.4008755433847965,0.3455491365615414,0.3994408192925992,0.3917400028453871,0.4060160408899566,1.0,0.5463698871450644,0.5369048886415864,0.41022258257840905,0.25113022109240435,0.2918618215755089,0.2871329028865449,0.2522722419050143,0.4180347136196306,0.0,0.3973308374594179,0.5686467438500116,0.2537511203855398,0.33187067359704137,0.3963969669883579,0.23759202722523576,0.411721045881395,0.25017906474938245,0.4718017280852902,0.4064797564666872,0.2568964069079497,0.2609718899628447,0.2647648962791893,0.4751144686394374,0.47146195383505574,0.2519028866112667,0.2841452989367863
0.2905036654370129,0.5406608181166626,0.2075581834833371,0.2595146186190668,0.3806517363542328,0.5206035922595214,0.3326956819209521,0.26171266223064904,0.27806985078281743,0.26671462472023155,0.38920929087229916,0.24532371664463204,0.395261900627635,0.2503149633164907,0.24837412032939377,0.34083798784065955,0.5008071034867626,0.3821312293020025,0.37566005779256373,0.33387169152651386,0.3763336751790307,0.37223415487654943,0.39567260096284207,0.5463698871450644,1.0,0.504321630642507,0.38676245143623944,0.24411953573407064,0.2773918904932018,0.26761077088526286,0.24669978076832688,0.4335466581533447,0.0,0.3805418903590665,0.539529398967149,0.24224909622931856,0.3305087880176175,0.38130153651562515,0.22867485769871498,0.3867341615130332,0.2432139399560177,0.43994478144025384,0.3898211954451398,0.2616706724262374,0.25700025752003186,0.26210149631833557,0.44688922357258,0.4473883735625047,0.253262047552994,0.27176071670869806
0.2864894470372592,0.4826632208505742,0.2103945915311538,0.2622788616236521,0.3996971919850466,0.4474102094999791,0.3326801302761476,0.2631299028890245,0.2842176708393098,0.27457054551533344,0.40575278477852983,0.25297075834200267,0.4132926294510749,0.2551176231786195,0.25702216560507385,0.34843186525775816,0.5412604179295162,0.3937938838519801,0.3800246535558297,0.33528396952286554,0.3907624075916216,0.37824443735469626,0.3922022506787405,0.5369048886415864,0.504321630642507,1.0,0.3971330080974935,0.24573030526335182,0.28341489877511583,0.27664165872546365,0.2530124080460249,0.41004896416379066,0.0,0.38054627394888274,0.47981728732076656,0.2469900530791881,0.3289466406564101,0.3887102573996972,0.23105774253124844,0.4015394635309478,0.24974487538449164,0.4463254616303989,0.3908203551909316,0.2590983447952675,0.25403369729333003,0.25919943335858775,0.46227183300184915,0.4594611521075248,0.2569184623146532,0.2780179245473745
0.3142579212873894,0.42849928167534856,0.22779846636080758,0.26524275722900403,0.4211397893336104,0.4054750087177278,0.35832329718361966,0.27336598854304306,0.29993392038126876,0.2757468731484445,0.5082076504110167,0.2595102252888203,0.5483055851976726,0.2639350808485438,0.260092803283428,0.3574381431968906,0.3944996994147544,0.5070699670322476,0.49284188524445616,0.3619308618079682,0.5129586966343245,0.5155723465602247,0.5308902462376968,0.41022258257840905,0.38676245143623944,0.3971330080974935,1.0,0.26481329370507345,0.2998642777660262,0.30363499261532134,0.2601733404137052,0.48959013664407014,0.0,0.49656283891558817,0.4227187354033469,0.26468128350568343,0.34253355277736,0.5874042660205441,0.23977381197474978,0.5518715644472542,0.2544692961871241,0.43101122585138063,0.620922894210166,0.27304052708621374,0.26493843268845396,0.2825636444662838,0.4318507307143672,0.4319088726559327,0.26878835245865906,0.3033171877095354
0.2737545120896173,0.2788749040886336,0.21206372108292737,0.5294762486720704,0.2370258084200112,0.2625605626243883,0.25022049258745327,0.6999495915793966,0.2700536814662533,0.5047649426063968,0.27178419779512897,0.484063269115508,0.2705629614861389,0.5185694303843611,0.49316523348029007,0.25402590390398383,0.25402904838504337,0.2664714256638623,0.2537611515576268,0.25271754103877453,0.25784374974798574,0.2608105445966826,0.26920577554032277,0.25113022109240435,0.24411953573407064,0.24573030526335182,0.26481329370507345,1.0,0.312901445995298,0.2698036908886513,0.47695086191655534,0.2660766601155383,0.0,0.25748183600280805,0.260332088778621,0.4101922495368596,0.2395923170481411,0.27268872019373824,0.4117652994729861,0.2679055105180562,0.48110507120513313,0.25935525127773684,0.26633298740339206,0.8131311342869812,0.7669087229950224,0.2940610067114081,0.26028990821623044,0.2601640637031315,0.4595585997191096,0.30298405741052326
0.34512815944398223,0.2990151510217711,0.24906653983758753,0.30442055573868576,0.27349958639468885,0.2925658549669451,0.2826190377015897,0.3183067062247177,0.3294672304931703,0.31223606105266155,0.30201066881327443,0.31839363322132896,0.3050482353939086,0.30881363850062027,0.3000374056271393,0.2870105192671746,0.2869546364084279,0.29418609790713013,0.2851548009545466,0.2846592280290564,0.28256205999707085,0.2879475661564662,0.29758617787890507,0.2918618215755089,0.2773918904932018,0.28341489877511583,0.2998642777660262,0.312901445995298,1.0,0.32624062798638276,0.2968775528569094,0.28821855135876906,0.0,0.29213209612946167,0.2940461596720456,0.3069561245525464,0.2723391456653854,0.29581525425925126,0.2762583535238299,0.29751273431641423,0.2860229139292132,0.2839728922776452,0.29547056242327363,0.3096184364924591,0.30942906918662805,0.3936834432872187,0.29074447909157464,0.29003974798661025,0.30008942938273975,0.6158182094772129
0.38310831632610565,0.3014679691581281,0.2509910664680488,0.27557627790756056,0.27614052927212096,0.2846486306544769,0.28951541120871804,0.27741323616982694,0.40478851523605974,0.28694825330316576,0.30848799004264005,0.2675114274404693,0.32030447674129525,0.2743642344069407,0.27196173743192986,0.30051555783195216,0.28316667105059745,0.3000331944481148,0.29149194589848837,0.29246278822916827,0.2926440572004544,0.29337669601485306,0.2991316859716846,0.2871329028865449,0.26761077088526286,0.27664165872546365,0.30363499261532134,0.2698036908886513,0.32624062798638276,1.0,0.26535466415177,0.28572205834112596,0.0,0.2928498076332615,0.2906403652231996,0.26960219005453656,0.2794186142433839,0.29610937576941143,0.23810322878975432,0.31485895830671573,0.2651384100130184,0.2897146982797638,0.306879515976309,0.2718990628944622,0.26721286093085295,0.32264929729896186,0.2992671171354976,0.29948455532415497,0.2720333026767493,0.34071510179496567
0.26220579626254525,0.267317056707464,0.20098405966073585,0.5109449968493692,0.25069631736348663,0.25549572919453256,0.24514938089704508,0.48086329015507734,0.2787908872542336,0.5299192423181551,0.2666379416522019,0.44271079932911794,0.2730728534422113,0.5023474956074232,0.5003818648566922,0.2588030458872086,0.25334951297590946,0.26051953101569547,0.24579129360398544,0.24748855637477551,0.24927347324955962,0.24880615130533235,0.25839101516510343,0.2522722419050143,0.24669978076832688,0.2530124080460249,0.2601733404137052,0.47695086191655534,0.2968775528569094,0.26535466415177,1.0,0.25718487222989006,0.0,0.2541578285002647,0.2538638908366997,0.40652956115794336,0.24178816042194418,0.25825308590117924,0.3929721822433797,0.26103615340103814,0.6517558921681734,0.25642163373094606,0.25844833266842837,0.4801537256438645,0.46929397121946914,0.2822977234457107,0.25449458965484273,0.25449009966735037,0.43599625931578456,0.2960427578311572
0.3039752766387589,0.41550711627758874,0.22043548217445974,0.28300666720760115,0.43665483510099135,0.4114994040119403,0.344744430875385,0.27550920230423825,0.2930436525940603,0.27729562529492446,0.4645858095607053,0.26227542167231577,0.5099973280947734,0.2672762167281534,0.2689549330265707,0.3565796197243877,0.4456605514912574,0.46247184895493043,0.45664341146895415,0.3451474411710771,0.47264522559557864,0.47647169841953263,0.4967089052736572,0.4180347136196306,0.4335466581533447,0.41004896416379066,0.48959013664407014,0.2660766601155383,0.28821855135876906,0.28572205834112596,0.25718487222989006,1.0,0.0,0.47907903947040853,0.4065145873890189,0.2548523068463242,0.3418442623598732,0.48597723143462923,0.24248907572973655,0.4983916994606834,0.25672572505300084,0.40716621035574774,0.5024072190979825,0.2656323431758254,0.2690796526771001,0.268708975831381,0.42428043606628185,0.42457010889687496,0.25307229982979873,0.28564986595763786
0.0,0.0,0.0,0.0,0.0,0.0,0.0,0.0,0.0,0.0,0.0,0.0,0.0,0.0,0.0,0.0,0.0,0.0,0.0,0.0,0.0,0.0,0.0,0.0,0.0,0.0,0.0,0.0,0.0,0.0,0.0,0.0,1.0,0.0,0.0,0.0,0.0,0.0,0.0,0.0,0.0,0.0,0.0,0.0,0.0,0.0,0.0,0.0,0.0,0.0
0.30356140218393324,0.407347485791708,0.22182646844622,0.2583957423856458,0.40767635406703195,0.4057839968964946,0.3607519174086601,0.26353619546565576,0.29122711060361073,0.26305756490938415,0.4738019059189039,0.2543896023345229,0.5410286538960614,0.26099476047866776,0.2532462735416796,0.3580220099376312,0.3934028791877985,0.48316989382716713,0.47657945598829554,0.3589275018027025,0.492078277510831,0.6312815317160885,0.6409337148201506,0.3973308374594179,0.3805418903590665,0.38054627394888274,0.49656283891558817,0.25748183600280805,0.29213209612946167,0.2928498076332615,0.2541578285002647,0.47907903947040853,0.0,1.0,0.4152852312814067,0.2804537817552861,0.34325896483035867,0.4826373869401045,0.25925982598333075,0.5123355872023587,0.24479897725335875,0.4091415151305865,0.5078773046105063,0.2594895611728135,0.26236092534938715,0.26570975397466956,0.4182834454894151,0.4186297551467597,0.2531340007921806,0.2990625651682558
0.31017462979436483,0.576719859637542,0.21628859443159065,0.2631414714460657,0.3789379282435007,0.5561692254612594,0.3649277024470301,0.2670403780514087,0.29331509927009736,0.2703048766121724,0.42721402377782103,0.2620410751236013,0.4339531441222255,0.26249212106161424,0.2566525812876327,0.3613784396281139,0.47551874226472335,0.4268244528247762,0.42440680868680614,0.3637880137990105,0.4186386225099402,0.41476252436146543,0.425873250829906,0.5686467438500116,0.539529398967149,0.47981728732076656,0.4227187354033469,0.260332088778621,0.2940461596720456,0.2906403652231996,0.2538638908366997,0.4065145873890189,0.0,0.4152852312814067,1.0,0.26323184453968806,0.34239050266005866,0.4119691885628862,0.2501181533285223,0.4321943565403591,0.24710284062540022,0.48773587930953277,0.43062493687433023,0.2629135013688517,0.2658475132608543,0.27364605961689614,0.4837483140041301,0.483401070122606,0.26177882145211184,0.2937464480999814
0.27189539406575836,0.26049401701046526,0.21233132217504302,0.41749963261918177,0.23925214464686384,0.26270216566370175,0.2726000117128984,0.4097651425202794,0.2795522949824153,0.42572627575444943,0.2742716222157705,0.3980103379978194,0.26990830035306945,0.4184853778920474,0.40721568738251346,0.2701619494903954,0.2511076024194172,0.27802805967398747,0.2650167942389806,0.27160321409603916,0.2689927598019789,0.26433141363746016,0.27736040272962814,0.2537511203855398,0.24224909622931856,0.2469900530791881,0.26468128350568343,0.4101922495368596,0.3069561245525464,0.26960219005453656,0.40652956115794336,0.2548523068463242,0.0,0.2804537817552861,0.26323184453968806,1.0,0.2628960347838071,0.26057345149257616,0.3981554491906908,0.2714351181069491,0.39963631634854424,0.25764112985979704,0.2670192117803668,0.4136609813412099,0.41117491163221964,0.2865317569746948,0.2547990701127356,0.2548136884101191,0.40907514257708943,0.30755291274121743
0.28648840305113854,0.3355836810979811,0.20718685703276873,0.2543477892100833,0.31165040464522176,0.3380663525538058,0.787206047600007,0.25184757793737333,0.2865410829782995,0.2550694743065234,0.34815350805637335,0.24063137651573274,0.3511607525054411,0.24467802081698842,0.24360954827864245,0.7517489786400687,0.3269728526681226,0.37143790516833575,0.3593940946779838,0.79970398123375,0.36772115853054943,0.35529704400366147,0.37713347538527375,0.33187067359704137,0.3305087880176175,0.3289466406564101,0.34253355277736,0.2395923170481411,0.2723391456653854,0.2794186142433839,0.24178816042194418,0.3418442623598732,0.0,0.34325896483035867,0.34239050266005866,0.2628960347838071,1.0,0.32875069953467084,0.23591069974130918,0.34171510987256126,0.23428707109268643,0.33298273653772625,0.3449540402304294,0.24205934661483264,0.24115067491393183,0.2541552719732274,0.3335630665681656,0.334583647479913,0.2384893713372589,0.276303937677856
0.3203257946117719,0.4358644002688675,0.22307566854635352,0.26523503712025376,0.44767548270858204,0.4153968631488486,0.3432272595565423,0.28064602984683873,0.29401384815023446,0.27510364750553684,0.49016795228192545,0.26353531843983113,0.5191289563354438,0.26750419193661756,0.2591126921302357,0.34760852945348875,0.3819194641980308,0.46850742638742204,0.463592368531782,0.34610271337454535,0.4809994750941554,0.4880300236927483,0.49989271803859947,0.3963969669883579,0.38130153651562515,0.3887102573996972,0.5874042660205441,0.27268872019373824,0.29581525425925126,0.29610937576941143,0.25825308590117924,0.48597723143462923,0.0,0.4826373869401045,0.4119691885628862,0.26057345149257616,0.32875069953467084,1.0,0.26197026477400853,0.5298265356236747,0.2568535089282198,0.4252667343850305,0.630442948342766,0.27840146087217754,0.26836091136296203,0.27994411920730344,0.4348478584391211,0.43472384290081945,0.27415865036945497,0.3011664611856013
0.2478345639248607,0.24681745292981783,0.19063981497241123,0.41249289608658435,0.2934035815256618,0.2590625320941289,0.2501338590313982,0.41127699705262166,0.24295519680822852,0.42261766027385184,0.25029169647440397,0.39867789308634793,0.24698847494243792,0.41424048229486177,0.406443100372878,0.24340353715193908,0.23799695689555855,0.25414153194919153,0.2464087000085663,0.24414973347363278,0.24454321288028147,0.2411065836809303,0.2549677851368224,0.23759202722523576,0.22867485769871498,0.23105774253124844,0.23977381197474978,0.4117652994729861,0.2762583535238299,0.23810322878975432,0.3929721822433797,0.24248907572973655,0.0,0.25925982598333075,0.2501181533285223,0.3981554491906908,0.23591069974130918,0.26197026477400853,1.0,0.24857915485484383,0.3866516823474172,0.2512720659255404,0.2508692925910554,0.4133202631269338,0.4151887512987805,0.26148060843983423,0.2434931830099636,0.24393623733183323,0.39146187453642534,0.2750245645532887
0.31521406378963734,0.4327143369070434,0.229816330496165,0.2640598340452869,0.4328153565230203,0.4179534742740163,0.36009017632060736,0.2756565081004464,0.30181528136858826,0.27927080445400554,0.5279708268202378,0.26422132079922755,0.5607111462862822,0.26674326853696895,0.26248382108565904,0.3610409389062009,0.4001012471079922,0.5100347300111785,0.49908387923026776,0.36428628582829503,0.5185707570587643,0.5286857644561584,0.5366763475904327,0.411721045881395,0.3867341615130332,0.4015394635309478,0.5518715644472542,0.2679055105180562,0.29751273431641423,0.31485895830671573,0.26103615340103814,0.4983916994606834,0.0,0.5123355872023587,0.4321943565403591,0.2714351181069491,0.34171510987256126,0.5298265356236747,0.24857915485484383,1.0,0.25481764138249197,0.43702346500080436,0.5535732679166274,0.2710965223351416,0.27016398978029077,0.28765250333823245,0.45663571807986514,0.4566708925541202,0.26986312670087664,0.3122104916651657
