../ecoli_genomes/GCF_000163235.1_ASM16323v1_genomic.fna.gz,../ecoli_genomes/GCF_000164555.1_ASM16455v1_genomic.fna.gz,../ecoli_genomes/GCF_000208545.1_ASM20854v2_genomic.fna.gz,../ecoli_genomes/GCF_000233875.1_ASM23387v1_genomic.fna.gz,../ecoli_genomes/GCF_000249735.1_ASM24973v2_genomic.fna.gz,../ecoli_genomes/GCF_000261145.1_Esch_coli_M919_V2_genomic.fna.gz,../ecoli_genomes/GCF_000267705.2_ASM26770v2_genomic.fna.gz,../ecoli_genomes/GCF_000350665.1_Esch_coli_KTE5_V1_genomic.fna.gz,../ecoli_genomes/GCF_000351625.1_Esch_coli_KTE66_V1_genomic.fna.gz,../ecoli_genomes/GCF_000352285.1_Esch_coli_KTE46_V1_genomic.fna.gz,../ecoli_genomes/GCF_000358895.1_ASM35889v1_genomic.fna.gz,../ecoli_genomes/GCF_000456385.1_Esch_coli_HVH_26_4-5703913_V1_genomic.fna.gz,../ecoli_genomes/GCF_000458195.1_Esch_coli_HVH_147_4-5893887_V1_genomic.fna.gz,../ecoli_genomes/GCF_000459755.1_Esch_coli_KOEGE_58_171a_V1_genomic.fna.gz,../ecoli_genomes/GCF_000460055.1_Esch_coli_UMEA_3053-1_V1_genomic.fna.gz,../ecoli_genomes/GCF_000462165.2_ASM46216v2_genomic.fna.gz,../ecoli_genomes/GCF_000601135.1_ASM60113v1_genomic.fna.gz,../ecoli_genomes/GCF_000614595.1_Ec2010EL1058_genomic.fna.gz,../ecoli_genomes/GCF_000617745.1_Ec2010C-4529_genomic.fna.gz,../ecoli_genomes/GCF_000618265.2_EcF6751_genomic.fna.gz,../ecoli_genomes/GCF_000619005.2_Ec2009C-4052_genomic.fna.gz,../ecoli_genomes/GCF_000619105.1_Ec2009C-4780_genomic.fna.gz,../ecoli_genomes/GCF_000619765.2_Ec2009C-3279_genomic.fna.gz,../ecoli_genomes/GCF_000687005.1_ASM68700v1_genomic.fna.gz,../ecoli_genomes/GCF_000687025.1_ASM68702v1_genomic.fna.gz,../ecoli_genomes/GCF_000700125.1_ASM70012v1_genomic.fna.gz,../ecoli_genomes/GCF_000753315.1_FHI35_genomic.fna.gz,../ecoli_genomes/GCF_000776375.1_ASM77637v1_genomic.fna.gz,../ecoli_genomes/GCF_000779395.1_ASM77939v1_genomic.fna.gz,../ecoli_genomes/GCF_000780315.1_ASM78031v1_genomic.fna.gz,../ecoli_genomes/GCF_000781995.1_ASM78199v1_genomic.fna.gz,../ecoli_genomes/GCF_000986765.1_ASM98676v1_genomic.fna.gz,../ecoli_genomes/GCF_001041375.1_ViralProj287958_genomic.fna.gz,../ecoli_genomes/GCF_001265335.1_302014_genomic.fna.gz,../ecoli_genomes/GCF_001265625.1_100854_genomic.fna.gz,../ecoli_genomes/GCF_001267345.1_303289_genomic.fna.gz,../ecoli_genomes/GCF_001309985.1_ASM130998v1_genomic.fna.gz,../ecoli_genomes/GCF_001521695.1_ASM152169v1_genomic.fna.gz,../ecoli_genomes/GCF_001592595.1_ASM159259v1_genomic.fna.gz,../ecoli_genomes/GCF_001614975.1_ASM161497v1_genomic.fna.gz,../ecoli_genomes/GCF_001692775.1_ASM169277v1_genomic.fna.gz,../ecoli_genomes/GCF_001748915.1_ASM174891v1_genomic.fna.gz,../ecoli_genomes/GCF_001749235.1_ASM174923v1_genomic.fna.gz,../ecoli_genomes/GCF_001881155.1_ASM188115v1_genomic.fna.gz,../ecoli_genomes/GCF_001881345.1_ASM188134v1_genomic.fna.gz,../ecoli_genomes/GCF_001892405.1_ASM189240v1_genomic.fna.gz,../ecoli_genomes/GCF_001892585.1_ASM189258v1_genomic.fna.gz,../ecoli_genomes/GCF_001893985.1_ASM189398v1_genomic.fna.gz,../ecoli_genomes/GCF_002001595.1_ASM200159v1_genomic.fna.gz,../ecoli_genomes/GCF_002002145.1_ASM200214v1_genomic.fna.gz
1.0,0.3797733474502172,0.317007638260673,0.33636384517044426,0.32475118532998737,0.36937293869090926,0.3584422665118011,0.34343871163757833,0.434005003523373,0.3539114773640938,0.379263680063753,0.3492425042333397,0.36928449717108114,0.3319932331309714,0.31680578346053134,0.3547375198861453,0.31695965520513447,0.3693597036266322,0.3486789621782821,0.36400992388082143,0.35475444544254886,0.359962808962208,0.37395531613809596,0.3449640768506451,0.3285246288382748,0.29193621745449805,0.3714087950272149,0.33675444022328693,0.3807420509701286,0.43509930369223115,0.3136798335464618,0.356883823366674,0.0,0.37058840170140384,0.3635871506460133,0.3419467353723269,0.34139807995596805,0.37778490517032237,0.317089703885439,0.3769252753622979,0.3166615444766545,0.36453159095455767,0.3722549492073176,0.34205117513349936,0.35448505907834826,0.36468534139776587,0.36147113358961824,0.3593343582337801,0.3298465329971022,0.3936918498034436
0.3797733474502172,1.0,0.299701157721862,0.33307329570886746,0.411347242834026,0.567163494349909,0.39467283765327177,0.3373956027323829,0.3557679657391448,0.34528371350197407,0.4765580478611805,0.3455401679493545,0.46733742374254206,0.3315824780578762,0.3203049496897131,0.39320819880174096,0.39986978530956396,0.468714820220303,0.43634346032047666,0.40411704620992894,0.45479991294944433,0.45854476884934636,0.4697110710177066,0.49414630808757687,0.46380019047434007,0.35454375785866765,0.46822848857814214,0.3345847021026641,0.3629175440592486,0.3606420104405923,0.316095170452095,0.4488080143946994,0.0,0.4564263736948534,0.5800459218428216,0.3295852907405893,0.3782516152363409,0.4803543612691251,0.3008331928264595,0.4735348824552591,0.3175864668985555,0.5105778791551845,0.47481819000970305,0.3435972187178601,0.3441408769863816,0.3437854790249284,0.5141512514635201,0.5156364388696009,0.3409679809965014,0.365011620240815
0.317007638260673,0.299701157721862,1.0,0.2676402648217706,0.25186300987829535,0.2809993656259341,0.2798981505780722,0.2722316468215501,0.306022038146166,0.27571523666732567,0.2996128189015823,0.2692744877843605,0.2939856994739195,0.26896231774116885,0.26045714038258794,0.2812688399606825,0.22304846629481012,0.2927096665790483,0.27665828613171395,0.2863391403714124,0.28848598657728053,0.28652915223584885,0.29420483645832596,0.24774787400134612,0.2353405700758695,0.19967240410678588,0.2955089426713081,0.2738267656117215,0.30704637367966303,0.3201020062978662,0.2576858733180166,0.2768925640248253,0.0,0.2883994083329442,0.280060248013305,0.2773035538619123,0.26715328629327173,0.2936412604912605,0.24557297112777787,0.29929463558204183,0.26287647799965996,0.2881659793416571,0.29982405606919527,0.27743300731739373,0.27001859036113307,0.29286814992300314,0.29429489582881974,0.29508038737816455,0.2791806773721808,0.31240031510826505
0.33636384517044426,0.33307329570886746,0.2676402648217706,1.0,0.3238416903927793,0.32883114673423885,0.30292721336204476,0.5371510698459288,0.34506522256988015,0.559444821492536,0.32487155376735455,0.5453180393511262,0.34016543116512177,0.583884193258986,0.6028167592224607,0.3199724091350834,0.274473935478046,0.32483922029088574,0.30325124253190294,0.30826135381364506,0.31139967915439926,0.31292788665773386,0.3327949505604675,0.3019874727820727,0.2972005867236074,0.2520953301436559,0.32356223676538187,0.5547881783629875,0.35379289714748663,0.3338990970291038,0.5476799829828073,0.3372439293759739,0.0,0.31541646472984464,0.3153592327874041,0.4542433892881885,0.29522082549696405,0.3174900485536458,0.4409028469340912,0.32118837427706015,0.5628175145015482,0.319222280007439,0.3204258763961326,0.5540253861335966,0.5389549133646772,0.3465216529827526,0.3193524393645971,0.3191027353087744,0.49471300335300616,0.3667953420753105
0.32475118532998737,0.411347242834026,0.25186300987829535,0.3238416903927793,1.0,0.43992347927053843,0.34606457935262813,0.3274218588045361,0.3559701880865178,0.3341263706953692,0.5037975366609795,0.2953806912543464,0.5042845455832315,0.30096459257054875,0.3289183729177141,0.4090387931522381,0.3914224328726892,0.4266179057242844,0.39925188289322855,0.3526201839568266,0.430827407207787,0.4141625022976865,0.4343905430918804,0.4275065203597499,0.407581364422956,0.35598880138838307,0.436249330337509,0.2880816060481536,0.32439438452899094,0.34138708171836796,0.30987120633896925,0.4787502556502141,0.0,0.43431694856305225,0.4110620530874727,0.28625645364432106,0.36254152213663127,0.45058442975462987,0.2978399895504622,0.4544667807105406,0.3213534567563342,0.4190595735043766,0.45418547596013514,0.29755991482468813,0.29735063123279193,0.3017371594604815,0.4291190671610787,0.428835470848123,0.29447667744261685,0.3203644991658031
0.36937293869090926,0.567163494349909,0.2809993656259341,0.32883114673423885,0.43992347927053843,1.0,0.40075464651302417,0.344281835990223,0.35558858863928544,0.33106715998351754,0.46556796508297016,0.32544033041084697,0.46406883769191165,0.322093422118502,0.3153371450387539,0.40087553161561096,0.4274959681948606,0.46303227576920614,0.4359321099809984,0.40524929687095734,0.44494760005513556,0.44324971760107046,0.4641510152013778,0.5146642372957382,0.4903354930193724,0.3741512094275006,0.45535453409864624,0.3241876823962664,0.36229484648615795,0.35241110183971136,0.308628051793155,0.463313703986449,0.0,0.46603443479759044,0.5738192209597951,0.33225161475838305,0.38302505128759623,0.4646440641563331,0.3157819306085118,0.4709226877178513,0.31400493773342375,0.5215708214801175,0.466443533265677,0.33224479926810546,0.3309045383611856,0.337838545863674,0.5151521493463377,0.5149624338929586,0.32426360187498604,0.3679572904523686
0.3584422665118011,0.39467283765327177,0.2798981505780722,0.30292721336204476,0.34606457935262813,0.40075464651302417,1.0,0.309951712111714,0.3463471880460869,0.3073281659786671,0.4006818647162804,0.3026464442447653,0.3976710230283914,0.3005622310382391,0.29281140590118593,0.7151892398992321,0.3043700713547013,0.4405429737976284,0.41872484093815876,0.8552881266893254,0.4384948299953535,0.42250139877271164,0.44201068898745743,0.3462903249426259,0.323441062516305,0.2738070090010447,0.41286024696510837,0.30473483058714756,0.3329384008866524,0.3475639313357213,0.29065954796486104,0.3882794242541543,0.0,0.4128580448254525,0.40495082422851847,0.32049027187766654,0.7642814191122544,0.3918011112227312,0.3016412213682478,0.40628916330731124,0.2872479440577217,0.3971508962918431,0.40945131357940634,0.30946068246141567,0.30550426816514087,0.3207561810472883,0.3886031559175537,0.3898375043542195,0.2997738310430962,0.3432772436568823
0.34343871163757833,0.3373956027323829,0.2722316468215501,0.5371510698459288,0.3274218588045361,0.344281835990223,0.309951712111714,1.0,0.34482203350620644,0.5452067309329128,0.3293079870509481,0.5196441630705071,0.3448423551696794,0.5226369631468297,0.5191444940457904,0.32703543142057334,0.2884287624393066,0.3316520236698829,0.3120095054201959,0.31685486265661555,0.3163642244417675,0.3151372858020278,0.3315742345338947,0.32090064717088784,0.30589357251629934,0.2667417306673564,0.32703864010338046,0.6903657852477291,0.3622926338090183,0.33742465332973315,0.5195726593779338,0.33529649077735413,0.0,0.3301742364245511,0.3230003284361831,0.45836437027740884,0.3010336280972796,0.34043933852465214,0.44937885088063023,0.3331706576943685,0.5206957888251019,0.32811280048933167,0.32932973393917686,0.7011174273971809,0.6738298530487863,0.34235602026094136,0.32429382740193036,0.32366210200582635,0.48643461976118185,0.36989503961991055
0.434005003523373,0.3557679657391448,0.306022038146166,0.34506522256988015,0.3559701880865178,0.35558858863928544,0.3463471880460869,0.34482203350620644,1.0,0.3573607120012715,0.36960485316900193,0.3201446666286678,0.38315975348716813,0.3340995886955347,0.3406993197944831,0.3675922484145656,0.2884464967337331,0.3595140690007853,0.33077573486518175,0.35523888409369087,0.3476054509537049,0.3494196933992134,0.36070621981154594,0.3302228241566344,0.3067721169191867,0.26284753153698026,0.3656370483780855,0.32300266395396404,0.37386641382288244,0.45791786321914796,0.32955550215217677,0.36021349697756644,0.0,0.35182790076865444,0.352112063564063,0.3337530815416303,0.3411670361997534,0.3582491444375875,0.295505270485073,0.3683797915072474,0.33120249615362496,0.35421484355457167,0.3691929481462475,0.32698105335144845,0.32140662389812213,0.36148636657594924,0.3531309190066231,0.35387859733029836,0.32456633060536155,0.38992564149554954
0.3539114773640938,0.34528371350197407,0.27571523666732567,0.559444821492536,0.3341263706953692,0.33106715998351754,0.3073281659786671,0.5452067309329128,0.3573607120012715,1.0,0.34237343775190654,0.5165961916777329,0.3538310943737838,0.5402125529792682,0.5394413968922429,0.32905924610872483,0.26847139784066654,0.32968551725455053,0.3057688537345865,0.3121517586395569,0.31448029390698473,0.31793611833007585,0.32687527908741576,0.305563136622641,0.2957219169345535,0.2503212073887411,0.3305427201971094,0.5364829809181254,0.3630887273523181,0.34401308350377635,0.5615990649047741,0.32935409542646765,0.0,0.3192803972093241,0.32343563654826757,0.47229027522938494,0.30268147160961256,0.3306866860717258,0.4559430229644291,0.3356264830338508,0.5644704498775587,0.32863432023445693,0.3283120893217848,0.5394951736709914,0.5388996353025066,0.34784437459636197,0.3265323521306741,0.32737954877144304,0.5087798447392445,0.36705112231539017
0.379263680063753,0.4765580478611805,0.2996128189015823,0.32487155376735455,0.5037975366609795,0.46556796508297016,0.4006818647162804,0.3293079870509481,0.36960485316900193,0.34237343775190654,1.0,0.33179047633105907,0.5629937947279646,0.3349645956561256,0.3204321095802575,0.40686386362115834,0.36139191661240744,0.5263326111295931,0.4916258063459865,0.4107098503052595,0.5154260710872909,0.5333318209965356,0.5319263033730094,0.42732322138256706,0.38152388678341753,0.33474115933205884,0.543584897166515,0.33010181202873123,0.357528134799568,0.37065842846154506,0.3123432346682027,0.4849948035102407,0.0,0.5158946238721427,0.4856585810410665,0.3464618950529208,0.3867285245063251,0.5318862259036428,0.3130261634935356,0.5623311121446157,0.31750592725647864,0.4915597954736901,0.5496907312855983,0.3327434661646743,0.3341960333838251,0.3449096122620531,0.4853674054633168,0.48609774028304864,0.33693907090451414,0.36824199046165984
0.3492425042333397,0.3455401679493545,0.2692744877843605,0.5453180393511262,0.2953806912543464,0.32544033041084697,0.3026464442447653,0.5196441630705071,0.3201446666286678,0.5165961916777329,0.33179047633105907,1.0,0.3252839960253724,0.5294496385087137,0.6150969147174496,0.30885356946679254,0.28360703486859384,0.32118341155506325,0.30896180492705727,0.30836612698626376,0.3154782058681975,0.3216522084746868,0.32674283850792285,0.31436699470425145,0.30081834367030813,0.27046532466756323,0.3228586107599406,0.5259433326998078,0.36105484368033824,0.3347159814596046,0.48285583984984826,0.3212107476089172,0.0,0.32103414451886747,0.32477405153562955,0.45580467543258607,0.291243684709211,0.32811894692663324,0.45024076018722525,0.3290178981686195,0.497376717082068,0.31881390777382634,0.3256894928047571,0.5382599193266089,0.5374997274738263,0.3500114354605143,0.32658255116671076,0.32472344812954046,0.47631359552717045,0.36739471579969696
0.36928449717108114,0.46733742374254206,0.2939856994739195,0.34016543116512177,0.5042845455832315,0.46406883769191165,0.3976710230283914,0.3448423551696794,0.38315975348716813,0.3538310943737838,0.5629937947279646,0.3252839960253724,1.0,0.3279716795826424,0.3391077641095147,0.42778889899963435,0.3669770592794315,0.5347888001630154,0.5006284065910649,0.4067771778276945,0.5381086076769352,0.5746525114410919,0.5907549989456433,0.4134414083394413,0.3843563948025832,0.3349576988414884,0.57073667771159,0.32406207426387545,0.3581885216624334,0.38112911252318105,0.327044165295434,0.5359203251505897,0.0,0.56195129951921,0.4639072967262098,0.3267459982486338,0.3991262654691474,0.5428708990097514,0.2987668506227792,0.5784114670783154,0.3295504851653679,0.4764510140656759,0.5621560536986254,0.3278845797102937,0.32328393009097145,0.33394924659044223,0.47735353418567583,0.47806566091286185,0.33018569849279356,0.3631794919950655
0.3319932331309714,0.3315824780578762,0.26896231774116885,0.583884193258986,0.30096459257054875,0.322093422118502,0.3005622310382391,0.5226369631468297,0.3340995886955347,0.5402125529792682,0.3349645956561256,0.5294496385087137,0.3279716795826424,1.0,0.5707901858874408,0.30599274564330625,0.25547764211128876,0.3260087265775332,0.30390339598864,0.3091336241475172,0.3096554225738001,0.31758282117341574,0.32809636915043916,0.2818960520471029,0.2667690019591895,0.2294616319486258,0.3260685338264213,0.557361008523469,0.3596790388521679,0.32951670296281066,0.5321680816004354,0.31459907783724006,0.0,0.31338333004692764,0.31501256461035254,0.45820768179552707,0.28754967963638256,0.323704704434863,0.44036202850892603,0.32685828784344384,0.5402111545588413,0.31890114211556897,0.32317784059266375,0.5496228675229566,0.5363948560045202,0.34734185830802644,0.32020568451261056,0.3211673202156775,0.49553314583098507,0.3688313041426855
0.31680578346053134,0.3203049496897131,0.26045714038258794,0.6028167592224607,0.3289183729177141,0.3153371450387539,0.29281140590118593,0.5191444940457904,0.3406993197944831,0.5394413968922429,0.3204321095802575,0.6150969147174496,0.3391077641095147,0.5707901858874408,1.0,0.3161609523303486,0.26473222793487194,0.3113241597955525,0.28996268511831524,0.2986876317189321,0.30007333131988045,0.3028550486443675,0.3187747860763124,0.2884378472736986,0.2814404600419599,0.23782764199696993,0.3138566512729962,0.5190028636230879,0.34524541473356796,0.3266340561511858,0.5385133519236792,0.326066693547601,0.0,0.30412162579213375,0.3049977018023319,0.44203865653087027,0.289550134551127,0.31506835645843156,0.4310675731252406,0.31447830440311875,0.5507653457277335,0.3080265506690888,0.315018073114681,0.5224585985622163,0.5090316651993789,0.34046032321883213,0.31563339160029413,0.3164371509158558,0.4741847446449132,0.3649908817158648
0.3547375198861453,0.39320819880174096,0.2812688399606825,0.3199724091350834,0.4090387931522381,0.40087553161561096,0.7151892398992321,0.32703543142057334,0.3675922484145656,0.32905924610872483,0.40686386362115834,0.30885356946679254,0.42778889899963435,0.30599274564330625,0.3161609523303486,1.0,0.32266282497218113,0.4201390281897124,0.4088415825120334,0.7406693532579463,0.4136638952757913,0.41538335190223297,0.4219452079354301,0.3659345354817807,0.35725702870341003,0.3046577187453776,0.3953387254397219,0.3033475234021057,0.3317917359321153,0.3651172959552068,0.3125720791751534,0.40741137622721046,0.0,0.3995397845466955,0.4042579853147241,0.32532138121500187,0.7413751000615931,0.3990864695764229,0.28828783261139135,0.401292122598218,0.3088954394206683,0.3933588370001092,0.4015327804151162,0.30860720990266133,0.30621306515245095,0.32405906984044563,0.3862469654655699,0.3876019379603327,0.3008851584596077,0.3423304775829331
0.31695965520513447,0.39986978530956396,0.22304846629481012,0.274473935478046,0.3914224328726892,0.4274959681948606,0.3043700713547013,0.2884287624393066,0.2884464967337331,0.26847139784066654,0.36139191661240744,0.28360703486859384,0.3669770592794315,0.25547764211128876,0.26473222793487194,0.32266282497218113,1.0,0.34577204168160325,0.32747917084024425,0.30883978152066904,0.34169044985621844,0.34871790229841926,0.36015076977674065,0.5748820668881902,0.5849809129670663,0.6082235386358198,0.35055732898897973,0.25737038888627195,0.28789023379522594,0.2906732187221829,0.25159315163031215,0.4586924960554163,0.0,0.37792062811201854,0.4195801525631242,0.26125126542637245,0.30596360244712384,0.35467408702874137,0.2671068624879168,0.36717854744408374,0.25268404749410167,0.3864334600499484,0.3571412942486756,0.28897884563529674,0.29834982992888803,0.2669902430770468,0.4131354419167569,0.3982923176794819,0.2519231781511998,0.2909846197233945
0.3693597036266322,0.468714820220303,0.2927096665790483,0.32483922029088574,0.4266179057242844,0.46303227576920614,0.4405429737976284,0.3316520236698829,0.3595140690007853,0.32968551725455053,0.5263326111295931,0.32118341155506325,0.5347888001630154,0.3260087265775332,0.3113241597955525,0.4201390281897124,0.34577204168160325,1.0,0.5573301459212238,0.447880835487135,0.5522742433109049,0.5521223359890681,0.5700609119876822,0.3976185764035479,0.3621122057091479,0.31319509166012427,0.5488162221916302,0.32690776429236557,0.3539160156752168,0.36221308347856607,0.309270982399942,0.4919701774322005,0.0,0.5278123573524149,0.470710748471197,0.34331657333281596,0.41944833222593836,0.5091828397740963,0.31244462660904404,0.5417397508805022,0.30527106770501955,0.4809615283845744,0.535412847071919,0.32728619659512825,0.3242742359275541,0.3339701977116556,0.4732255562779082,0.47408917439854037,0.3202414765330688,0.3618834341483359
0.3486789621782821,0.43634346032047666,0.27665828613171395,0.30325124253190294,0.39925188289322855,0.4359321099809984,0.41872484093815876,0.3120095054201959,0.33077573486518175,0.3057688537345865,0.4916258063459865,0.30896180492705727,0.5006284065910649,0.30390339598864,0.28996268511831524,0.4088415825120334,0.32747917084024425,0.5573301459212238,1.0,0.4185482384190228,0.5348368988122743,0.5380978061822073,0.5444282775629514,0.37090702340774384,0.3486639945326412,0.29187021975717886,0.5154004536904992,0.30884638729169267,0.33502542754455444,0.34007243852917957,0.2906300478885917,0.47102772463191034,0.0,0.5036581919472958,0.45010011436530806,0.32625451872207323,0.40634846686245585,0.48779017707811534,0.29069377646386796,0.5148321034758296,0.2874831563008201,0.43908950077674236,0.5055673587210436,0.30947965804557465,0.3075792087567314,0.3144935895288171,0.4381793264679349,0.439394608028835,0.3034297884171676,0.34038130932909527
0.36400992388082143,0.40411704620992894,0.2863391403714124,0.30826135381364506,0.3526201839568266,0.40524929687095734,0.8552881266893254,0.31685486265661555,0.35523888409369087,0.3121517586395569,0.4107098503052595,0.30836612698626376,0.4067771778276945,0.3091336241475172,0.2986876317189321,0.7406693532579463,0.30883978152066904,0.447880835487135,0.4185482384190228,1.0,0.4421820866589199,0.4282143508937186,0.4444067516176696,0.34930546023828624,0.32731459227842097,0.27928613496488586,0.41765167576021367,0.31209682405451233,0.3399428723192348,0.35661957268199174,0.29597812561970804,0.39403232995551873,0.0,0.41649693161312895,0.40902616009591486,0.3277975115886562,0.774702657061917,0.40246946781654636,0.3012339060120707,0.4167283949514269,0.2928564687373296,0.404847074447915,0.4179422787741197,0.3140315296521544,0.30980685468946334,0.32920281411476493,0.3968288028409026,0.39824733355184117,0.307505522764159,0.3520360661854929
0.35475444544254886,0.45479991294944433,0.28848598657728053,0.31139967915439926,0.430827407207787,0.44494760005513556,0.4384948299953535,0.3163642244417675,0.3476054509537049,0.31448029390698473,0.5154260710872909,0.3154782058681975,0.5381086076769352,0.3096554225738001,0.30007333131988045,0.4136638952757913,0.34169044985621844,0.5522742433109049,0.5348368988122743,0.4421820866589199,1.0,0.5503716989097562,0.5737698933278501,0.39021649439630146,0.36022332467322615,0.31057309158805446,0.5459665582620884,0.3163721521603685,0.34132332988386493,0.3543979582320992,0.29319323605126557,0.5048245338744219,0.0,0.5414816332782548,0.45995024572846455,0.3297652655473613,0.4151704097224962,0.5148063012646924,0.3003685451851361,0.5486845486315787,0.29686580887656844,0.45051430939440296,0.5341337755816085,0.3186588711748203,0.3168611431429409,0.33057133364270974,0.46514387761018494,0.4659860618760562,0.31395345025515087,0.3519436805583406
0.359962808962208,0.45854476884934636,0.28652915223584885,0.31292788665773386,0.4141625022976865,0.44324971760107046,0.42250139877271164,0.3151372858020278,0.3494196933992134,0.31793611833007585,0.5333318209965356,0.3216522084746868,0.5746525114410919,0.31758282117341574,0.3028550486443675,0.41538335190223297,0.34871790229841926,0.5521223359890681,0.5380978061822073,0.4282143508937186,0.5503716989097562,1.0,0.7324903855294431,0.3967345914645155,0.36355982111525065,0.3112023020054625,0.5522146768270971,0.31673963722262033,0.3461471581872566,0.3558530784299838,0.2977585500671377,0.5032198435600483,0.0,0.6433570623137244,0.4655797803869346,0.3345575053706068,0.4091674190416862,0.5272707255482553,0.292327164701485,0.558859615490233,0.2960142129160781,0.4607101208855384,0.5501488624200513,0.3189411247673265,0.31560160880913635,0.3353018569603756,0.46129010401671156,0.4619669881148444,0.31770929044558194,0.36181270213035144
0.37395531613809596,0.4697110710177066,0.29420483645832596,0.3327949505604675,0.4343905430918804,0.4641510152013778,0.44201068898745743,0.3315742345338947,0.36070621981154594,0.32687527908741576,0.5319263033730094,0.32674283850792285,0.5907549989456433,0.32809636915043916,0.3187747860763124,0.4219452079354301,0.36015076977674065,0.5700609119876822,0.5444282775629514,0.4444067516176696,0.5737698933278501,0.7324903855294431,1.0,0.39904770039046644,0.37103601832018995,0.3111317247994312,0.5747958970059994,0.3322890262356658,0.35617879662084984,0.3615130417532382,0.31062488236035823,0.5258416129156002,0.0,0.6652362117215935,0.4685599815943502,0.33784304900706763,0.41623557749894924,0.5349265694503293,0.30917000917634485,0.5639868753518251,0.30892176318012143,0.47054796901663376,0.5573793944146446,0.3312460888383182,0.3292397946370459,0.33290888523663353,0.46545251350927475,0.4664533061017544,0.32429492275020066,0.36305928567057133
0.3449640768506451,0.49414630808757687,0.24774787400134612,0.3019874727820727,0.4275065203597499,0.5146642372957382,0.3462903249426259,0.32090064717088784,0.3302228241566344,0.305563136622641,0.42732322138256706,0.31436699470425145,0.4134414083394413,0.2818960520471029,0.2884378472736986,0.3659345354817807,0.5748820668881902,0.3976185764035479,0.37090702340774384,0.34930546023828624,0.39021649439630146,0.3967345914645155,0.39904770039046644,1.0,0.6017306795311186,0.534622996607883,0.3978898097456268,0.2795944380632053,0.319432495607628,0.3250649087326172,0.28389195331996475,0.4625042940103372,0.0,0.4088150762375431,0.5370515482840863,0.3015288321635058,0.34484423261432695,0.3996447965418922,0.2839537548402534,0.4081839628992169,0.2860358604172455,0.4469643028533088,0.40011489541510825,0.30737377971086777,0.3169652318517955,0.30393395141853696,0.4512719153230159,0.4414630141912259,0.28341415635137823,0.32602624615356646
0.3285246288382748,0.46380019047434007,0.2353405700758695,0.2972005867236074,0.407581364422956,0.4903354930193724,0.323441062516305,0.30589357251629934,0.3067721169191867,0.2957219169345535,0.38152388678341753,0.30081834367030813,0.3843563948025832,0.2667690019591895,0.2814404600419599,0.35725702870341003,0.5849809129670663,0.3621122057091479,0.3486639945326412,0.32731459227842097,0.36022332467322615,0.36355982111525065,0.37103601832018995,0.6017306795311186,1.0,0.6031032807919803,0.3644386441331091,0.2656342144112822,0.2899992713732751,0.3003446486494038,0.27477783784783016,0.47096184637346783,0.0,0.38329070517060015,0.4946413964311791,0.2774939595133087,0.33337666730289073,0.3781157187266625,0.2726436895420582,0.38161358114444244,0.273100854293282,0.40842755951376564,0.37660774742391556,0.3050478436740608,0.3089171038405685,0.285843725484489,0.42775918221852927,0.41359109476307887,0.27093939819005575,0.3007246877545131
0.29193621745449805,0.35454375785866765,0.19967240410678588,0.2520953301436559,0.35598880138838307,0.3741512094275006,0.2738070090010447,0.2667417306673564,0.26284753153698026,0.2503212073887411,0.33474115933205884,0.27046532466756323,0.3349576988414884,0.2294616319486258,0.23782764199696993,0.3046577187453776,0.6082235386358198,0.31319509166012427,0.29187021975717886,0.27928613496488586,0.31057309158805446,0.3112023020054625,0.3111317247994312,0.534622996607883,0.6031032807919803,1.0,0.3128287534555967,0.22806473186713483,0.24877812762097928,0.2673071670595212,0.2298959649440664,0.40325268632572653,0.0,0.32450324169464306,0.38744620798672447,0.2387864410896493,0.2814856423663852,0.32467562184587107,0.24627148209920613,0.3381246426942016,0.2313585500551547,0.34530827186375335,0.31478369306006304,0.26980901409783287,0.27327608740887055,0.24570379353999428,0.3759343203872121,0.3567453762758024,0.23272270355794689,0.26519547596282667
0.3714087950272149,0.46822848857814214,0.2955089426713081,0.32356223676538187,0.436249330337509,0.45535453409864624,0.41286024696510837,0.32703864010338046,0.3656370483780855,0.3305427201971094,0.543584897166515,0.3228586107599406,0.57073667771159,0.3260685338264213,0.3138566512729962,0.3953387254397219,0.35055732898897973,0.5488162221916302,0.5154004536904992,0.41765167576021367,0.5459665582620884,0.5522146768270971,0.5747958970059994,0.3978898097456268,0.3644386441331091,0.3128287534555967,1.0,0.32334324506257406,0.35631098613762147,0.36926452360749085,0.30851172788132675,0.5203137987362858,0.0,0.5362757280497545,0.46631498584638476,0.33107633098655487,0.3908774575832217,0.605879016129428,0.29280673010139346,0.5807090693998095,0.31072645475330474,0.47496290422168075,0.6390168758963297,0.3287597157966865,0.3217750544271434,0.3382304607405111,0.4683190423333278,0.4693348290707279,0.32490489777489906,0.3612425173262065
0.33675444022328693,0.3345847021026641,0.2738267656117215,0.5547881783629875,0.2880816060481536,0.3241876823962664,0.30473483058714756,0.6903657852477291,0.32300266395396404,0.5364829809181254,0.33010181202873123,0.5259433326998078,0.32406207426387545,0.557361008523469,0.5190028636230879,0.3033475234021057,0.25737038888627195,0.32690776429236557,0.30884638729169267,0.31209682405451233,0.3163721521603685,0.31673963722262033,0.3322890262356658,0.2795944380632053,0.2656342144112822,0.22806473186713483,0.32334324506257406,1.0,0.3665540336244446,0.32808821857915194,0.5084470296373373,0.31398849916604277,0.0,0.3209970859189507,0.3140411702705891,0.45685475478446924,0.2884291341556092,0.3332790961136113,0.4509419721060306,0.3269068637642777,0.5183391865162577,0.32071337383465426,0.32227344005955094,0.7942243247160737,0.74665544524563,0.341662811167767,0.3228433629204004,0.3232680670999958,0.5070973315933007,0.36389636671138104
0.3807420509701286,0.3629175440592486,0.30704637367966303,0.35379289714748663,0.32439438452899094,0.36229484648615795,0.3329384008866524,0.3622926338090183,0.37386641382288244,0.3630887273523181,0.357528134799568,0.36105484368033824,0.3581885216624334,0.3596790388521679,0.34524541473356796,0.3317917359321153,0.28789023379522594,0.3539160156752168,0.33502542754455444,0.3399428723192348,0.34132332988386493,0.3461471581872566,0.35617879662084984,0.319432495607628,0.2899992713732751,0.24877812762097928,0.35631098613762147,0.3665540336244446,1.0,0.3745808485577058,0.3439857253099169,0.3440492240762322,0.0,0.3516253217786418,0.3466774243585595,0.3650356290787524,0.31969135798651627,0.3513476196160501,0.3272275795473297,0.35667365746049184,0.34179144976588416,0.34544241861586156,0.3510360617541004,0.3608134491372099,0.35554220821814264,0.42947592584272365,0.3485802803014788,0.3497530518276152,0.35116943090868724,0.6322447595653838
0.43509930369223115,0.3606420104405923,0.3201020062978662,0.3338990970291038,0.34138708171836796,0.35241110183971136,0.3475639313357213,0.33742465332973315,0.45791786321914796,0.34401308350377635,0.37065842846154506,0.3347159814596046,0.38112911252318105,0.32951670296281066,0.3266340561511858,0.3651172959552068,0.2906732187221829,0.36221308347856607,0.34007243852917957,0.35661957268199174,0.3543979582320992,0.3558530784299838,0.3615130417532382,0.3250649087326172,0.3003446486494038,0.2673071670595212,0.36926452360749085,0.32808821857915194,0.3745808485577058,1.0,0.3209152980293324,0.3510529164525007,0.0,0.35080415135442566,0.35586313412677595,0.3324925885674591,0.34034164712436243,0.3616827943866926,0.2947145252830403,0.3790564390379486,0.3240895994016234,0.35632714329776327,0.3725094455390361,0.3329916694843067,0.32769950925792946,0.3763496423252942,0.36766065026185035,0.36716855678834337,0.3289590390054027,0.39498971495906954
0.3136798335464618,0.316095170452095,0.2576858733180166,0.5476799829828073,0.30987120633896925,0.308628051793155,0.29065954796486104,0.5195726593779338,0.32955550215217677,0.5615990649047741,0.3123432346682027,0.48285583984984826,0.327044165295434,0.5321680816004354,0.5385133519236792,0.3125720791751534,0.25159315163031215,0.309270982399942,0.2906300478885917,0.29597812561970804,0.29319323605126557,0.2977585500671377,0.31062488236035823,0.28389195331996475,0.27477783784783016,0.2298959649440664,0.30851172788132675,0.5084470296373373,0.3439857253099169,0.3209152980293324,1.0,0.31399982439011687,0.0,0.3033732400524596,0.29766206030802844,0.44294607304295375,0.28800494338187166,0.30737699874940805,0.415977121054236,0.3120076434581528,0.658272891021656,0.30650349671235333,0.3037470127049817,0.5126858511922232,0.49828101668033087,0.3312722520436885,0.30609654774919826,0.3067516653633289,0.4698712761254492,0.3453041232591878
0.356883823366674,0.4488080143946994,0.2768925640248253,0.3372439293759739,0.4787502556502141,0.463313703986449,0.3882794242541543,0.33529649077735413,0.36021349697756644,0.32935409542646765,0.4849948035102407,0.3212107476089172,0.5359203251505897,0.31459907783724006,0.326066693547601,0.40741137622721046,0.4586924960554163,0.4919701774322005,0.47102772463191034,0.39403232995551873,0.5048245338744219,0.5032198435600483,0.5258416129156002,0.4625042940103372,0.47096184637346783,0.40325268632572653,0.5203137987362858,0.31398849916604277,0.3440492240762322,0.3510529164525007,0.31399982439011687,1.0,0.0,0.5113422212611367,0.44964640426993807,0.3133043484273559,0.39275450418433855,0.5157968420463808,0.29487926147423704,0.5289524032631768,0.3075225218319263,0.4502728301923443,0.526180656211165,0.3234938468739047,0.3237612999896329,0.32082584025233407,0.4604002173650351,0.4562752477158609,0.3016735039014914,0.3424991167386324
0.0,0.0,0.0,0.0,0.0,0.0,0.0,0.0,0.0,0.0,0.0,0.0,0.0,0.0,0.0,0.0,0.0,0.0,0.0,0.0,0.0,0.0,0.0,0.0,0.0,0.0,0.0,0.0,0.0,0.0,0.0,0.0,1.0,0.0,0.0,0.0,0.0,0.0,0.0,0.0,0.0,0.0,0.0,0.0,0.0,0.0,0.0,0.0,0.0,0.0
0.37058840170140384,0.4564263736948534,0.2883994083329442,0.31541646472984464,0.43431694856305225,0.46603443479759044,0.4128580448254525,0.3301742364245511,0.35182790076865444,0.3192803972093241,0.5158946238721427,0.32103414451886747,0.56195129951921,0.31338333004692764,0.30412162579213375,0.3995397845466955,0.37792062811201854,0.5278123573524149,0.5036581919472958,0.41649693161312895,0.5414816332782548,0.6433570623137244,0.6652362117215935,0.4088150762375431,0.38329070517060015,0.32450324169464306,0.5362757280497545,0.3209970859189507,0.3516253217786418,0.35080415135442566,0.3033732400524596,0.5113422212611367,0.0,1.0,0.4615122342857493,0.3441641587887394,0.3902711343383831,0.5208503064436394,0.32522808432744876,0.5455318628827872,0.29824104313408606,0.46275587531441476,0.5451491305324812,0.3245139014646051,0.32695384824406004,0.3276991557598081,0.46334269361656333,0.4627903092257015,0.31540639862137476,0.3579309441505093
0.3635871506460133,0.5800459218428216,0.280060248013305,0.3153592327874041,0.4110620530874727,0.5738192209597951,0.40495082422851847,0.3230003284361831,0.352112063564063,0.32343563654826757,0.4856585810410665,0.32477405153562955,0.4639072967262098,0.31501256461035254,0.3049977018023319,0.4042579853147241,0.4195801525631242,0.470710748471197,0.45010011436530806,0.40902616009591486,0.45995024572846455,0.4655797803869346,0.4685599815943502,0.5370515482840863,0.4946413964311791,0.38744620798672447,0.46631498584638476,0.3140411702705891,0.3466774243585595,0.35586313412677595,0.29766206030802844,0.44964640426993807,0.0,0.4615122342857493,1.0,0.3310694932519822,0.38764320143450126,0.46010503411454684,0.30365303046563563,0.4769921411338004,0.297851176945951,0.512680263131145,0.47723564574347466,0.31977865674779504,0.3197736965591981,0.3337119098783343,0.5106784103534356,0.509568262802115,0.31779804265734835,0.3559658430063193
0.3419467353723269,0.3295852907405893,0.2773035538619123,0.4542433892881885,0.28625645364432106,0.33225161475838305,0.32049027187766654,0.45836437027740884,0.3337530815416303,0.47229027522938494,0.3464618950529208,0.45580467543258607,0.3267459982486338,0.45820768179552707,0.44203865653087027,0.32532138121500187,0.26125126542637245,0.34331657333281596,0.32625451872207323,0.3277975115886562,0.3297652655473613,0.3345575053706068,0.33784304900706763,0.3015288321635058,0.2774939595133087,0.2387864410896493,0.33107633098655487,0.45685475478446924,0.3650356290787524,0.3324925885674591,0.44294607304295375,0.3133043484273559,0.0,0.3441641587887394,0.3310694932519822,1.0,0.30980556479608645,0.3251183269706822,0.44448845944849624,0.3399913394347627,0.44568057986817167,0.33099912125447006,0.328549808340484,0.46113800713722974,0.4635785695660454,0.34742861298136574,0.324693202857945,0.32553388158865015,0.4613816963431485,0.37231388236975227
0.34139807995596805,0.3782516152363409,0.26715328629327173,0.29522082549696405,0.36254152213663127,0.38302505128759623,0.7642814191122544,0.3010336280972796,0.3411670361997534,0.30268147160961256,0.3867285245063251,0.291243684709211,0.3991262654691474,0.28754967963638256,0.289550134551127,0.7413751000615931,0.30596360244712384,0.41944833222593836,0.40634846686245585,0.774702657061917,0.4151704097224962,0.4091674190416862,0.41623557749894924,0.34484423261432695,0.33337666730289073,0.2814856423663852,0.3908774575832217,0.2884291341556092,0.31969135798651627,0.34034164712436243,0.28800494338187166,0.39275450418433855,0.0,0.3902711343383831,0.38764320143450126,0.30980556479608645,1.0,0.3811295514831735,0.279972599836816,0.3860735817031721,0.2828812720941961,0.3799930744112432,0.39541215495529425,0.292562078114593,0.28752959411461343,0.30567592236359487,0.37011926457011046,0.3713970536865535,0.2822625074969439,0.32648508082474303
0.37778490517032237,0.4803543612691251,0.2936412604912605,0.3174900485536458,0.45058442975462987,0.4646440641563331,0.3918011112227312,0.34043933852465214,0.3582491444375875,0.3306866860717258,0.5318862259036428,0.32811894692663324,0.5428708990097514,0.323704704434863,0.31506835645843156,0.3990864695764229,0.35467408702874137,0.5091828397740963,0.48779017707811534,0.40246946781654636,0.5148063012646924,0.5272707255482553,0.5349265694503293,0.3996447965418922,0.3781157187266625,0.32467562184587107,0.605879016129428,0.3332790961136113,0.3513476196160501,0.3616827943866926,0.30737699874940805,0.5157968420463808,0.0,0.5208503064436394,0.46010503411454684,0.3251183269706822,0.3811295514831735,1.0,0.3029486607154235,0.5667226207976302,0.3099938541821555,0.47341939726465343,0.6515726754805751,0.3379042105541814,0.32870810423933905,0.338748351276948,0.4793073822064229,0.47970426676201205,0.3331030026239835,0.3556600942478676
0.317089703885439,0.3008331928264595,0.24557297112777787,0.4409028469340912,0.2978399895504622,0.3157819306085118,0.3016412213682478,0.44937885088063023,0.295505270485073,0.4559430229644291,0.3130261634935356,0.45024076018722525,0.2987668506227792,0.44036202850892603,0.4310675731252406,0.28828783261139135,0.2671068624879168,0.31244462660904404,0.29069377646386796,0.3012339060120707,0.3003685451851361,0.292327164701485,0.30917000917634485,0.2839537548402534,0.2726436895420582,0.24627148209920613,0.29280673010139346,0.4509419721060306,0.3272275795473297,0.2947145252830403,0.415977121054236,0.29487926147423704,0.0,0.32522808432744876,0.30365303046563563,0.44448845944849624,0.279972599836816,0.3029486607154235,1.0,0.30610460142115814,0.4238603245907244,0.3051675589371481,0.3002124478286028,0.4584033218946616,0.4710687699510324,0.30937702767045583,0.30237028057584625,0.3007293576361387,0.43491031742662156,0.32752701031872244
0.3769252753622979,0.4735348824552591,0.29929463558204183,0.32118837427706015,0.4544667807105406,0.4709226877178513,0.40628916330731124,0.3331706576943685,0.3683797915072474,0.3356264830338508,0.5623311121446157,0.3290178981686195,0.5784114670783154,0.32685828784344384,0.31447830440311875,0.401292122598218,0.36717854744408374,0.5417397508805022,0.5148321034758296,0.4167283949514269,0.5486845486315787,0.558859615490233,0.5639868753518251,0.4081839628992169,0.38161358114444244,0.3381246426942016,0.5807090693998095,0.3269068637642777,0.35667365746049184,0.3790564390379486,0.3120076434581528,0.5289524032631768,0.0,0.5455318628827872,0.4769921411338004,0.3399913394347627,0.3860735817031721,0.5667226207976302,0.30610460142115814,1.0,0.3117368804389319,0.4847352651932423,0.5874888277386534,0.3302631902316904,0.33338908040199333,0.3487864997745177,0.5033610886974298,0.5036198636653664,0.33022895628124616,0.3734964870905486
