../ecoli_genomes/GCF_000163235.1_ASM16323v1_genomic.fna.gz,../ecoli_genomes/GCF_000164555.1_ASM16455v1_genomic.fna.gz,../ecoli_genomes/GCF_000208545.1_ASM20854v2_genomic.fna.gz,../ecoli_genomes/GCF_000233875.1_ASM23387v1_genomic.fna.gz,../ecoli_genomes/GCF_000249735.1_ASM24973v2_genomic.fna.gz,../ecoli_genomes/GCF_000261145.1_Esch_coli_M919_V2_genomic.fna.gz,../ecoli_genomes/GCF_000267705.2_ASM26770v2_genomic.fna.gz,../ecoli_genomes/GCF_000350665.1_Esch_coli_KTE5_V1_genomic.fna.gz,../ecoli_genomes/GCF_000351625.1_Esch_coli_KTE66_V1_genomic.fna.gz,../ecoli_genomes/GCF_000352285.1_Esch_coli_KTE46_V1_genomic.fna.gz,../ecoli_genomes/GCF_000358895.1_ASM35889v1_genomic.fna.gz,../ecoli_genomes/GCF_000456385.1_Esch_coli_HVH_26_4-5703913_V1_genomic.fna.gz,../ecoli_genomes/GCF_000458195.1_Esch_coli_HVH_147_4-5893887_V1_genomic.fna.gz,../ecoli_genomes/GCF_000459755.1_Esch_coli_KOEGE_58_171a_V1_genomic.fna.gz,../ecoli_genomes/GCF_000460055.1_Esch_coli_UMEA_3053-1_V1_genomic.fna.gz,../ecoli_genomes/GCF_000462165.2_ASM46216v2_genomic.fna.gz,../ecoli_genomes/GCF_000601135.1_ASM60113v1_genomic.fna.gz,../ecoli_genomes/GCF_000614595.1_Ec2010EL1058_genomic.fna.gz,../ecoli_genomes/GCF_000617745.1_Ec2010C-4529_genomic.fna.gz,../ecoli_genomes/GCF_000618265.2_EcF6751_genomic.fna.gz,../ecoli_genomes/GCF_000619005.2_Ec2009C-4052_genomic.fna.gz,../ecoli_genomes/GCF_000619105.1_Ec2009C-4780_genomic.fna.gz,../ecoli_genomes/GCF_000619765.2_Ec2009C-3279_genomic.fna.gz,../ecoli_genomes/GCF_000687005.1_ASM68700v1_genomic.fna.gz,../ecoli_genomes/GCF_000687025.1_ASM68702v1_genomic.fna.gz,../ecoli_genomes/GCF_000700125.1_ASM70012v1_genomic.fna.gz,../ecoli_genomes/GCF_000753315.1_FHI35_genomic.fna.gz,../ecoli_genomes/GCF_000776375.1_ASM77637v1_genomic.fna.gz,../ecoli_genomes/GCF_000779395.1_ASM77939v1_genomic.fna.gz,../ecoli_genomes/GCF_000780315.1_ASM78031v1_genomic.fna.gz,../ecoli_genomes/GCF_000781995.1_ASM78199v1_genomic.fna.gz,../ecoli_genomes/GCF_000986765.1_ASM98676v1_genomic.fna.gz,../ecoli_genomes/GCF_001041375.1_ViralProj287958_genomic.fna.gz,../ecoli_genomes/GCF_001265335.1_302014_genomic.fna.gz,../ecoli_genomes/GCF_001265625.1_100854_genomic.fna.gz,../ecoli_genomes/GCF_001267345.1_303289_genomic.fna.gz,../ecoli_genomes/GCF_001309985.1_ASM130998v1_genomic.fna.gz,../ecoli_genomes/GCF_001521695.1_ASM152169v1_genomic.fna.gz,../ecoli_genomes/GCF_001592595.1_ASM159259v1_genomic.fna.gz,../ecoli_genomes/GCF_001614975.1_ASM161497v1_genomic.fna.gz,../ecoli_genomes/GCF_001692775.1_ASM169277v1_genomic.fna.gz,../ecoli_genomes/GCF_001748915.1_ASM174891v1_genomic.fna.gz,../ecoli_genomes/GCF_001749235.1_ASM174923v1_genomic.fna.gz,../ecoli_genomes/GCF_001881155.1_ASM188115v1_genomic.fna.gz,../ecoli_genomes/GCF_001881345.1_ASM188134v1_genomic.fna.gz,../ecoli_genomes/GCF_001892405.1_ASM189240v1_genomic.fna.gz,../ecoli_genomes/GCF_001892585.1_ASM189258v1_genomic.fna.gz,../ecoli_genomes/GCF_001893985.1_ASM189398v1_genomic.fna.gz,../ecoli_genomes/GCF_002001595.1_ASM200159v1_genomic.fna.gz,../ecoli_genomes/GCF_002002145.1_ASM200214v1_genomic.fna.gz
1.0,0.32050888500733243,0.25856775092228823,0.27345860336618466,0.28800647294335,0.3037775745082566,0.30199629669694195,0.28240271785336446,0.3859919837881699,0.28782926238709683,0.32075689665273166,0.2894487557411646,0.30958433544919584,0.2722659489755379,0.2604157656559233,0.3006823005610808,0.272008356530949,0.3068476966965734,0.2960487721981053,0.304131585550072,0.2914373388666127,0.2938751779919284,0.30550275155761963,0.28327117279662695,0.2815654629072052,0.2975071387781276,0.30508750868913637,0.27671299557927276,0.3473028094031775,0.38757967369582014,0.25628752027042956,0.29893199235573376,0.0,0.30107751093508994,0.3049609868365105,0.27849376017995053,0.2906997036880802,0.3078467916684329,0.2389167233701116,0.3157056311686143,0.2577559070445792,0.30032219190939036,0.31139672715308,0.2804507432895673,0.28749074378937844,0.3181048138457092,0.29814792311195704,0.3001698546890388,0.27345896983138784,0.3478688895752686
0.32050888500733243,1.0,0.23975510902149932,0.2693891357581437,0.3890401361031852,0.5475914169374567,0.3508972626946363,0.2772394425465353,0.2971737544069011,0.2878432672660429,0.4318289376940222,0.28360990750478254,0.42445566421839587,0.265962872681346,0.25830040552387123,0.3505781743241245,0.4063381943257868,0.4179019930535336,0.40155238030777984,0.3554975339929014,0.3960101628734748,0.4000622451132353,0.4163625616645886,0.4857458737205894,0.5003905893700813,0.47520472031925864,0.41511092596728205,0.2734199565016713,0.30973530307834585,0.30572928785099773,0.2568937217185171,0.4017954366919898,0.0,0.4029218458514785,0.5706129386243086,0.2671779343194599,0.33595005309057424,0.4211963425663522,0.23419806607384364,0.4175478852449399,0.25876465069008314,0.47279076227652994,0.42122815886432297,0.28389797186620325,0.28363795197474406,0.2832976098320902,0.478679190010075,0.48046955731140595,0.2824301719403476,0.3034045528053608
0.25856775092228823,0.23975510902149932,1.0,0.20234851926252895,0.20305239951494125,0.22218701371882288,0.2193944368247378,0.20502677970063343,0.24846764812459787,0.21026134802054108,0.23230534447297702,0.20516385341359988,0.22828391761703126,0.20670287210959248,0.1972968625323237,0.2175477996744376,0.19156742921473002,0.2278512575099042,0.2147944784752024,0.2221937715751806,0.22204695408119768,0.21972941451440686,0.2260632027936944,0.20024420616177196,0.19995634674163976,0.2137348524556253,0.22913823209952833,0.2036584948127984,0.24688668833753957,0.25523022400196216,0.19412958816337444,0.21338008101254502,0.0,0.220933132249295,0.223814699872943,0.21488783991588634,0.20640740156919068,0.2255467196261054,0.18638498698147088,0.2342654363579849,0.1986632901879154,0.22911286944440667,0.23177013578317252,0.20986570207223953,0.20484270282302586,0.22867303696794417,0.22957087529837616,0.22971590682680487,0.21208860928493434,0.24804350977251577
0.27345860336618466,0.2693891357581437,0.20234851926252895,1.0,0.2768495804812656,0.26517459009166666,0.2536178436812967,0.496274823788897,0.28354231217854564,0.5344086437963312,0.26326247330110997,0.5058728912005701,0.2769340185890168,0.5460333564906351,0.5630578079720372,0.27114327309772224,0.2325660955942357,0.2585774479301354,0.25286764523215255,0.2560515443999156,0.24590338138821255,0.24702356451365148,0.2618598139895709,0.24126466939630942,0.24765560192891667,0.2591704187485503,0.25834278007875366,0.5203629354145669,0.29986506067187846,0.2695795762484656,0.5033747429071467,0.2710685777072436,0.0,0.24757390973103333,0.25323062057161594,0.4125155966725683,0.2491378925753982,0.250183335242381,0.3875499343323855,0.25836972593677976,0.525650107730401,0.25162575166383905,0.2548063342855167,0.5182582014680122,0.5120954761210714,0.290305615714736,0.2510513687359588,0.2525873998332273,0.4527282151354789,0.30389324423101005
0.28800647294335,0.3890401361031852,0.20305239951494125,0.2768495804812656,1.0,0.39503043903960144,0.3189438557513856,0.26626782591873865,0.30848238228904334,0.2890240699739417,0.5049308239348944,0.25981567495682645,0.4987057155585545,0.25929142131143856,0.28047909607867383,0.36745562316419655,0.36051186671212887,0.40990067536925745,0.4027045382229566,0.3239397589966554,0.42248785283708523,0.4044074138655266,0.4270100720510849,0.37576132875383306,0.3862953296666719,0.41763912274639037,0.42445748108642456,0.23931095269536506,0.28006255348986153,0.3034938811685578,0.2538085432364334,0.4570891447858624,0.0,0.41702232403270945,0.3877212144882657,0.2509387966390797,0.32892114514471316,0.43385140383269827,0.22983357723044318,0.4342801640428089,0.2755995181653008,0.38997681750730795,0.4396162597389903,0.2443341096283569,0.2540518168859036,0.261537432677001,0.4010438330360351,0.40384227476549694,0.2502746171161152,0.2757681663781918
0.3037775745082566,0.5475914169374567,0.22218701371882288,0.26517459009166666,0.39503043903960144,1.0,0.35068693755341307,0.27456290374171244,0.2925831975073616,0.26995160597944967,0.4157452744186352,0.2658334529783666,0.4148214596722034,0.26310408047146117,0.25743432374990705,0.35086843276937074,0.39647790341408595,0.41453786019454464,0.3992636282081914,0.3497922249094706,0.38019973787132044,0.41603671744146253,0.40868591277078314,0.47721657560276154,0.4968653880783268,0.4513181082765082,0.39786022765004436,0.2597343113584859,0.30118083633526616,0.2958038160866395,0.24667084483874802,0.40887514148805915,0.0,0.40190566306238273,0.5548257729251185,0.2727648177355768,0.339956523315716,0.4056272448361157,0.2502275331327709,0.40213328176225305,0.25503600431359663,0.4666321086152603,0.4088432748019808,0.2651138025208445,0.2662459063850141,0.27301804945781916,0.45971521340013644,0.46453764722252955,0.26614766768965425,0.30017148119928017
0.30199629669694195,0.3508972626946363,0.2193944368247378,0.2536178436812967,0.3189438557513856,0.35068693755341307,1.0,0.252481683610572,0.29786032457682854,0.25699414659492836,0.3622432734366129,0.2536706281843989,0.35524833815649526,0.2511803486191174,0.24391336700591015,0.7501557169734583,0.29173350731211556,0.37773803138655093,0.3694196078086257,0.8638003039534566,0.3725037911012108,0.3660651845961922,0.3876181139306937,0.3078072041113924,0.30364583473965423,0.3335921879358188,0.35475528247524746,0.248405411040708,0.29401129133644865,0.299495305045791,0.23983307342307458,0.332912356401297,0.0,0.3513716944294627,0.35725855371966453,0.2742000434192188,0.7899370800762003,0.3341887642761827,0.23120960584064387,0.3541045454637598,0.2378871110089762,0.34997291589074775,0.35271575088789975,0.25281170407652376,0.25132649256297457,0.2710797544961787,0.3408908057493878,0.3414894215918781,0.25087486480596366,0.2953385618134039
0.28240271785336446,0.2772394425465353,0.20502677970063343,0.496274823788897,0.26626782591873865,0.27456290374171244,0.252481683610572,1.0,0.2740219094305314,0.5053130795726826,0.2632620484525242,0.47532230663189523,0.2738350698839921,0.4830499783258557,0.48007655977531627,0.25817767176489625,0.2484324100155989,0.26034579339772124,0.2553450160356371,0.25607510764275765,0.2500368974507964,0.24922112577874145,0.2649640951050696,0.26438289374198787,0.2560035696230739,0.2654504847915319,0.2602162255616688,0.6699966098088666,0.30383487145843524,0.26882000326045663,0.4749806905666998,0.2660007923037405,0.0,0.2540846355710804,0.2621480574140075,0.40727959364387656,0.2423657597603327,0.2700367239255905,0.3904647918908468,0.2674897411965841,0.47965479842194947,0.26228699152522983,0.263185847496214,0.6855009960470859,0.661766457464807,0.2864895064780002,0.25364302306060693,0.25554179497542795,0.439359429934127,0.3000019139217368
0.3859919837881699,0.2971737544069011,0.24846764812459787,0.28354231217854564,0.30848238228904334,0.2925831975073616,0.29786032457682854,0.2740219094305314,1.0,0.2928325475150708,0.30976998585318105,0.26449025056753905,0.3223925318533435,0.2734778586179418,0.276821609785178,0.3160867874502161,0.2568736969402893,0.29901436134535386,0.2824372097267497,0.3020854837581054,0.28704045611046425,0.2873369030981905,0.30114567244787027,0.27235954162352094,0.2714853527057568,0.29605726983476655,0.30302049392960717,0.2621100643892149,0.3321971627554101,0.4150693374568817,0.26760824886503887,0.29678494082474316,0.0,0.289619820165708,0.2902165160458978,0.2807974791511735,0.29422010240341967,0.28841235955478206,0.23138067818360952,0.3102472357072097,0.27361661043813934,0.2945090054655418,0.3063288668047722,0.26506354513933117,0.26262212760105874,0.30923501574415835,0.28882644655613676,0.28950433606278325,0.26804814410988875,0.3386556964646511
0.28782926238709683,0.2878432672660429,0.21026134802054108,0.5344086437963312,0.2890240699739417,0.26995160597944967,0.25699414659492836,0.5053130795726826,0.2928325475150708,1.0,0.2774317994180555,0.48305899681674747,0.29402048204149545,0.5023246121438312,0.5125704242762381,0.2742400189665656,0.23378534623687086,0.26760571036769343,0.25626714520586513,0.25944992043281845,0.2582633699653849,0.2552160865749985,0.26633993067025297,0.24813871757449546,0.25584972340775003,0.26998567850777666,0.2706297384799379,0.49591276460334865,0.3084564583474787,0.2807071492530818,0.527988439920923,0.27193277276476857,0.0,0.25894470444256346,0.2654403376796137,0.4318165963908136,0.25172395307033224,0.26705547197100155,0.40539434674065344,0.27239018147329175,0.5334451731907377,0.261272902252603,0.26679960974209027,0.499136206931982,0.501111288475647,0.2892686559900405,0.2625501944816535,0.2627671390113516,0.46954388862096696,0.3018647487713274
0.32075689665273166,0.4318289376940222,0.23230534447297702,0.26326247330110997,0.5049308239348944,0.4157452744186352,0.3622432734366129,0.2632620484525242,0.30976998585318105,0.2774317994180555,1.0,0.2664592193717724,0.5378498345864349,0.26856161471892914,0.26142579553014444,0.36441812820619135,0.3499935664645428,0.4931477686661776,0.4693147696979504,0.3668594428360994,0.4863913074459022,0.4907763118390178,0.49776232427368006,0.3788463008575289,0.35924930030894764,0.41093978081322435,0.5026562868298046,0.264447022560759,0.30952605118182575,0.32187832562204177,0.2569856191612979,0.4515646578063711,0.0,0.4765352031786453,0.426450795630429,0.28071391356369657,0.35094169672084696,0.48432804084380554,0.24153667757739217,0.5202959210421978,0.255166558977572,0.4362545258688214,0.5106939030503815,0.2674786557618811,0.2643449081638872,0.2830218113190116,0.43581410617603433,0.435878492277578,0.27276589246826854,0.3083760096457425
0.2894487557411646,0.28360990750478254,0.20516385341359988,0.5058728912005701,0.25981567495682645,0.2658334529783666,0.2536706281843989,0.47532230663189523,0.26449025056753905,0.48305899681674747,0.2664592193717724,1.0,0.262782441126871,0.50011078251147,0.6095999625203914,0.25611569957690783,0.22977911728643863,0.258666371298539,0.25439991176446575,0.25546910079269547,0.2512222802308415,0.24799734570451837,0.26097204408777386,0.2527489695471622,0.24634755043843126,0.25810543185964585,0.25658071585998976,0.48463480940511483,0.31107708804139045,0.27259708507664804,0.44768730421609826,0.2575210687375118,0.0,0.2504546770440521,0.25898134673303874,0.40541102381350047,0.24159605246488558,0.26065643810532935,0.38891465792220337,0.26260410420163416,0.4694884755163211,0.2551072048667419,0.25932518324853293,0.49248746726085413,0.48918496497496644,0.28716770862558816,0.25589297738078376,0.257928090736782,0.4367218871137569,0.30111744564094756
0.30958433544919584,0.42445566421839587,0.22828391761703126,0.2769340185890168,0.4987057155585545,0.4148214596722034,0.35524833815649526,0.2738350698839921,0.3223925318533435,0.29402048204149545,0.5378498345864349,0.262782441126871,1.0,0.26370206059899626,0.2746691173255531,0.37968262078590886,0.35848176414894983,0.4976824683085119,0.4806743565961745,0.3600738931183909,0.5086166845967866,0.5430788804201125,0.5591129591247166,0.3862986802644416,0.37292669060691286,0.41961339393930486,0.5340650834086528,0.26145262586652007,0.30295296922498105,0.32425688697187416,0.26013699051867745,0.4990517295499556,0.0,0.5332484306416252,0.4234386704040535,0.27143009456559675,0.3562515383104221,0.5014618210546008,0.2325025661748369,0.5404303289049084,0.2706543629072157,0.42693448890661856,0.5301400503315534,0.2636771988602705,0.2624595164337882,0.27727499369349984,0.42979620718378964,0.4299812302104583,0.2679998693642882,0.3029353540843276
0.2722659489755379,0.265962872681346,0.20670287210959248,0.5460333564906351,0.25929142131143856,0.26310408047146117,0.2511803486191174,0.4830499783258557,0.2734778586179418,0.5023246121438312,0.26856161471892914,0.50011078251147,0.26370206059899626,1.0,0.5432417960309046,0.2560549052539669,0.2242309063165051,0.2615282876088043,0.25353761601765756,0.25435667937737794,0.24625593079604802,0.2474025882536206,0.2591114522765354,0.23127638892712532,0.23556852259857264,0.25011027805251884,0.2583487262116403,0.5181104026675958,0.30639225205404086,0.2668305994874203,0.48903647604346845,0.25664260574408404,0.0,0.24987791202841358,0.25359627621836756,0.4144162536923003,0.24103387451146618,0.2547822684267895,0.3951163317412305,0.2601136581495125,0.504963049524048,0.2540832504262356,0.2583707538571274,0.5146900781465551,0.5075081907785182,0.29517116786703446,0.2546011610286728,0.2565410042755043,0.45136993505179734,0.3070106088819262
0.2604157656559233,0.25830040552387123,0.1972968625323237,0.5630578079720372,0.28047909607867383,0.25743432374990705,0.24391336700591015,0.48007655977531627,0.276821609785178,0.5125704242762381,0.26142579553014444,0.6095999625203914,0.2746691173255531,0.5432417960309046,1.0,0.26147157121968256,0.2292716908078024,0.25314352796486395,0.24211787541755014,0.247495788351907,0.24083506789088982,0.23916045419492626,0.25348208231583014,0.23812527628521452,0.23851491062457508,0.25550073445052424,0.252774198463916,0.4822540201587706,0.2926408743430493,0.26544719908025427,0.4969464626969755,0.2647274992879076,0.0,0.24191225333640054,0.24864016601199068,0.40646863334492067,0.23983299712831918,0.24784155171304134,0.3888083186200473,0.25516603336273946,0.5178248316720371,0.2474390815870996,0.25200431732761,0.48374729535260863,0.4773370960959632,0.2846435815699091,0.254403673574251,0.2563871493242481,0.43889801133238615,0.3032294032678481
0.3006823005610808,0.3505781743241245,0.2175477996744376,0.27114327309772224,0.36745562316419655,0.35086843276937074,0.7501557169734583,0.25817767176489625,0.3160867874502161,0.2742400189665656,0.36441812820619135,0.25611569957690783,0.37968262078590886,0.2560549052539669,0.26147157121968256,1.0,0.306421618076578,0.36446022822889246,0.3605811031820707,0.7675607875437482,0.3575326596441213,0.3600334276190754,0.37424178146673825,0.3247111195200303,0.32421318281830225,0.3556477856279622,0.34792132025586264,0.24897239586574937,0.2938828891999776,0.3150155559609258,0.2483349194225849,0.3501586824151066,0.0,0.3455568732606754,0.3562077415033855,0.27155890921898096,0.7397371961409681,0.3349520279151774,0.22795175804509127,0.3498350246494677,0.25609947927181875,0.34824000366958363,0.3488383039966676,0.250440628708793,0.2542948368823357,0.2717891430263474,0.3407402351203924,0.34103738780304704,0.25348580895739037,0.29515976979023284
0.272008356530949,0.4063381943257868,0.19156742921473002,0.2325660955942357,0.36051186671212887,0.39647790341408595,0.29173350731211556,0.2484324100155989,0.2568736969402893,0.23378534623687086,0.3499935664645428,0.22977911728643863,0.35848176414894983,0.2242309063165051,0.2292716908078024,0.306421618076578,1.0,0.34142880326961245,0.33215954581638807,0.2937533237091431,0.33106232053332807,0.3353149998764299,0.35057365667579243,0.49768758945606006,0.5122071118751645,0.502229700294594,0.3391552577787651,0.22109037983965152,0.25132528452528746,0.2571418011550528,0.21392834287072104,0.42917432698496216,0.0,0.35177090379218734,0.4197207562359516,0.23242107082523877,0.2882246352274779,0.33397097010740995,0.2046185822875829,0.3547620108599626,0.2186688550179905,0.3775768121884252,0.342287311491414,0.24891037191122434,0.25551235138274675,0.233832961903912,0.3839560747390387,0.3931900659539641,0.21786452328649175,0.25544924560585014
0.3068476966965734,0.4179019930535336,0.2278512575099042,0.2585774479301354,0.40990067536925745,0.41453786019454464,0.37773803138655093,0.26034579339772124,0.29901436134535386,0.26760571036769343,0.4931477686661776,0.258666371298539,0.4976824683085119,0.2615282876088043,0.25314352796486395,0.36446022822889246,0.34142880326961245,1.0,0.514369782413836,0.3790936835101366,0.4967839594423139,0.505418315141557,0.5182848984656115,0.3619064902329745,0.3504009004937585,0.39431448014843906,0.496620230891456,0.2584979902150316,0.2973118481553807,0.3069247428190828,0.2477467478574783,0.4425213435274309,0.0,0.4705186508084618,0.41789030851738473,0.2819067060130459,0.36262763020111766,0.45651328050195683,0.2375649047076135,0.4942764779467106,0.2468706744580419,0.42418450913971584,0.4830077550654289,0.2608005033982398,0.2588816347268501,0.27371465685384677,0.41816050297787577,0.4191619482056156,0.2579593706428369,0.29913844463819605
0.2960487721981053,0.40155238030777984,0.2147944784752024,0.25286764523215255,0.4027045382229566,0.3992636282081914,0.3694196078086257,0.2553450160356371,0.2824372097267497,0.25626714520586513,0.4693147696979504,0.25439991176446575,0.4806743565961745,0.25353761601765756,0.24211787541755014,0.3605811031820707,0.33215954581638807,0.514369782413836,1.0,0.36845597105311856,0.4924587925019883,0.49470094469713577,0.5030481659266807,0.3469929939814479,0.33907692497814934,0.37652667385402816,0.4768791983080435,0.2488616217681625,0.2851444894439472,0.29249807681820394,0.23590842824566105,0.4415932998857506,0.0,0.46443355912551754,0.40918392618919,0.2700573976698103,0.35311965481329344,0.43984852246914796,0.23073853710530579,0.4821064163725137,0.23663473821879155,0.40421084774616245,0.4657863130916178,0.2564848907890841,0.2562197026591625,0.26599976831278593,0.40045128726478796,0.40181999933312007,0.25245270092230565,0.28857312768164034
0.304131585550072,0.3554975339929014,0.2221937715751806,0.2560515443999156,0.3239397589966554,0.3497922249094706,0.8638003039534566,0.25607510764275765,0.3020854837581054,0.25944992043281845,0.3668594428360994,0.25546910079269547,0.3600738931183909,0.25435667937737794,0.247495788351907,0.7675607875437482,0.2937533237091431,0.3790936835101366,0.36845597105311856,1.0,0.372981662854327,0.36699779307074465,0.38724886159628114,0.3097079041239317,0.30622833530633675,0.33779182132798213,0.35796996978605367,0.25167097026178675,0.29775061271556635,0.30443374769197595,0.24309765657120885,0.3361221047151618,0.0,0.3536151161488563,0.35929756142963465,0.27435720644314676,0.7919674683728782,0.3382468337051725,0.23165116670367336,0.35978667546918,0.2406296840087504,0.3551459692056015,0.3572119948854511,0.25534814063749856,0.2536097234416056,0.2752396850643599,0.3455965887027518,0.3462074788750682,0.2545710446114833,0.2995144340917639
0.2914373388666127,0.3960101628734748,0.22204695408119768,0.24590338138821255,0.42248785283708523,0.38019973787132044,0.3725037911012108,0.2500368974507964,0.28704045611046425,0.2582633699653849,0.4863913074459022,0.2512222802308415,0.5086166845967866,0.24625593079604802,0.24083506789088982,0.3575326596441213,0.33106232053332807,0.4967839594423139,0.4924587925019883,0.372981662854327,1.0,0.5079942967695142,0.534122659441316,0.3434245765667516,0.33416002498766706,0.3812799977614443,0.5017135800892869,0.24908902099409946,0.2831782489448761,0.2999355858440548,0.23582669351857377,0.4547563526689945,0.0,0.49623294265667783,0.3993502657378283,0.26952828798413664,0.35534007795771605,0.46753666071413724,0.2325842231515196,0.5045396841090389,0.2396580133677949,0.3953747678190177,0.49356991863504474,0.25179443023167536,0.25208369964018984,0.2708372356291284,0.40618740145416143,0.40685908306914453,0.2536484658945929,0.289475459734889
0.2938751779919284,0.4000622451132353,0.21972941451440686,0.24702356451365148,0.4044074138655266,0.41603671744146253,0.3660651845961922,0.24922112577874145,0.2873369030981905,0.2552160865749985,0.4907763118390178,0.24799734570451837,0.5430788804201125,0.2474025882536206,0.23916045419492626,0.3600334276190754,0.3353149998764299,0.505418315141557,0.49470094469713577,0.36699779307074465,0.5079942967695142,1.0,0.7232186632640356,0.34704114215487125,0.34687961882772556,0.37941469222908697,0.5082667272592916,0.24771070236682569,0.2864090974092012,0.29341432713067617,0.2332895913450136,0.46376324092294885,0.0,0.6239008140761221,0.4037071147675966,0.26514455165256856,0.3511312261645113,0.4738310047625547,0.2280662452023694,0.5120141449566002,0.23131650118552194,0.4010010914671174,0.5080652534484111,0.25093881073019,0.24782494367484564,0.265058227303265,0.40000521322975024,0.40035055774323103,0.252288676544268,0.2915979469121711
0.30550275155761963,0.4163625616645886,0.2260632027936944,0.2618598139895709,0.4270100720510849,0.40868591277078314,0.3876181139306937,0.2649640951050696,0.30114567244787027,0.26633993067025297,0.49776232427368006,0.26097204408777386,0.5591129591247166,0.2591114522765354,0.25348208231583014,0.37424178146673825,0.35057365667579243,0.5182848984656115,0.5030481659266807,0.38724886159628114,0.534122659441316,0.7232186632640356,1.0,0.3595303522159836,0.3589644623079762,0.39270631750017626,0.5269529959370598,0.26150267114712844,0.2983796200273301,0.3039849536098944,0.24409719208410396,0.4832946554584947,0.0,0.6409783700030406,0.41705602887691773,0.278798737119228,0.36953556460073334,0.487253760209179,0.23944236955925924,0.5229654435262814,0.24585600221324477,0.41633000778253226,0.516296022357761,0.2642823349584006,0.26221620163899595,0.2770814060018223,0.41132718386697464,0.4135466805932194,0.26101571473604623,0.3016754213690789
0.28327117279662695,0.4857458737205894,0.20024420616177196,0.24126466939630942,0.37576132875383306,0.47721657560276154,0.3078072041113924,0.26438289374198787,0.27235954162352094,0.24813871757449546,0.3788463008575289,0.2527489695471622,0.3862986802644416,0.23127638892712532,0.23812527628521452,0.3247111195200303,0.49768758945606006,0.3619064902329745,0.3469929939814479,0.3097079041239317,0.3434245765667516,0.34704114215487125,0.3595303522159836,1.0,0.5591526828075866,0.49234344378904704,0.36061150872311853,0.2307946140859901,0.2632959175200261,0.27526445845568825,0.2226273437459919,0.40140978953937023,0.0,0.3560348121435285,0.507154541066573,0.2399694431976852,0.3053516734177453,0.35087415978822833,0.21173344115764015,0.36193109185260564,0.23286288169563873,0.4103885135508517,0.3600463155594219,0.2483720458145725,0.25579910843153264,0.2452934069604925,0.4048666740862106,0.41135085958625495,0.22879003021098931,0.26395684553601984
0.2815654629072052,0.5003905893700813,0.19995634674163976,0.24765560192891667,0.3862953296666719,0.4968653880783268,0.30364583473965423,0.2560035696230739,0.2714853527057568,0.25584972340775003,0.35924930030894764,0.24634755043843126,0.37292669060691286,0.23556852259857264,0.23851491062457508,0.32421318281830225,0.5122071118751645,0.3504009004937585,0.33907692497814934,0.30622833530633675,0.33416002498766706,0.34687961882772556,0.3589644623079762,0.5591526828075866,1.0,0.5045775104016998,0.3491722920378083,0.22717551793836732,0.2629674764262412,0.2698862961509999,0.22568349195793713,0.4399444980054258,0.0,0.35455625040987726,0.5066018783668768,0.23608490778799063,0.3037203157219154,0.352893710689939,0.21201310039318821,0.3578591181994042,0.2353877570028421,0.3987568276756913,0.3532485544082369,0.2565391488927581,0.2610550023812508,0.2514898797215017,0.4067211022145627,0.4135148247719289,0.2391955050269592,0.26475457270989755
0.2975071387781276,0.47520472031925864,0.2137348524556253,0.2591704187485503,0.41763912274639037,0.4513181082765082,0.3335921879358188,0.2654504847915319,0.29605726983476655,0.26998567850777666,0.41093978081322435,0.25810543185964585,0.41961339393930486,0.25011027805251884,0.25550073445052424,0.3556477856279622,0.502229700294594,0.39431448014843906,0.37652667385402816,0.33779182132798213,0.3812799977614443,0.37941469222908697,0.39270631750017626,0.49234344378904704,0.5045775104016998,1.0,0.38842373541492015,0.2440340020914178,0.2812314073891068,0.29721925158864726,0.24500375894914628,0.4154895574712457,0.0,0.38027429409124813,0.47412097036126455,0.25863833266894243,0.3307048848157754,0.38445799823808346,0.22330416313777468,0.404155590586336,0.251327730876415,0.44243499183911084,0.3890056069454013,0.26478987074760607,0.26483857300160485,0.26094596019336147,0.4490605468213974,0.4531424126600153,0.25788501905751593,0.28497117651498527
0.30508750868913637,0.41511092596728205,0.22913823209952833,0.25834278007875366,0.42445748108642456,0.39786022765004436,0.35475528247524746,0.2602162255616688,0.30302049392960717,0.2706297384799379,0.5026562868298046,0.25658071585998976,0.5340650834086528,0.2583487262116403,0.252774198463916,0.34792132025586264,0.3391552577787651,0.496620230891456,0.4768791983080435,0.35796996978605367,0.5017135800892869,0.5082667272592916,0.5269529959370598,0.36061150872311853,0.3491722920378083,0.38842373541492015,1.0,0.2549574339569649,0.2960392444159826,0.3044658075338955,0.24983858604698672,0.4773142515082003,0.0,0.49108534452001973,0.41191948977327075,0.26772324822840343,0.33871670305622936,0.5712901758526324,0.2260922067769271,0.5453385051714711,0.2490368324862985,0.4155363642441312,0.6118573967369785,0.2629934724228711,0.25745069982181756,0.2796680526221307,0.41130247398330855,0.4119871806638832,0.26102632736067255,0.2984052074437469
0.27671299557927276,0.2734199565016713,0.2036584948127984,0.5203629354145669,0.23931095269536506,0.2597343113584859,0.248405411040708,0.6699966098088666,0.2621100643892149,0.49591276460334865,0.264447022560759,0.48463480940511483,0.26145262586652007,0.5181104026675958,0.4822540201587706,0.24897239586574937,0.22109037983965152,0.2584979902150316,0.2488616217681625,0.25167097026178675,0.24908902099409946,0.24771070236682569,0.26150267114712844,0.2307946140859901,0.22717551793836732,0.2440340020914178,0.2549574339569649,1.0,0.30717454763883645,0.26336188336455824,0.46492898378924363,0.2516442778979391,0.0,0.2496665732057164,0.2551760682270209,0.4102253761312321,0.2362654571104753,0.26072288369763563,0.3963647865824921,0.26137588434454784,0.4786166857200923,0.2542228319287163,0.2540737682283478,0.7894950154193684,0.7551435844770954,0.2854223186041328,0.2524307857954866,0.2534352396677435,0.45600617887644124,0.29559171710400667
0.3473028094031775,0.30973530307834585,0.24688668833753957,0.29986506067187846,0.28006255348986153,0.30118083633526616,0.29401129133644865,0.30383487145843524,0.3321971627554101,0.3084564583474787,0.30952605118182575,0.31107708804139045,0.30295296922498105,0.30639225205404086,0.2926408743430493,0.2938828891999776,0.25132528452528746,0.2973118481553807,0.2851444894439472,0.29775061271556635,0.2831782489448761,0.2864090974092012,0.2983796200273301,0.2632959175200261,0.2629674764262412,0.2812314073891068,0.2960392444159826,0.30717454763883645,1.0,0.32897530812171505,0.28817474285676603,0.2851805838141185,0.0,0.2855055843772508,0.2943968268740792,0.30737346278329936,0.2817608196343817,0.29301859143056197,0.2603417263112844,0.3039339143572962,0.28313514254786043,0.28971336836341155,0.2977337188238004,0.3071499097851107,0.3061635015859967,0.39383428134932474,0.29054108437533355,0.2915263159544045,0.30050262170170916,0.615165082008327
0.38757967369582014,0.30572928785099773,0.25523022400196216,0.2695795762484656,0.3034938811685578,0.2958038160866395,0.299495305045791,0.26882000326045663,0.4150693374568817,0.2807071492530818,0.32187832562204177,0.27259708507664804,0.32425688697187416,0.2668305994874203,0.26544719908025427,0.3150155559609258,0.2571418011550528,0.3069247428190828,0.29249807681820394,0.30443374769197595,0.2999355858440548,0.29341432713067617,0.3039849536098944,0.27526445845568825,0.2698862961509999,0.29721925158864726,0.3044658075338955,0.26336188336455824,0.32897530812171505,1.0,0.2579827581841322,0.2936036421909195,0.0,0.2930646650208526,0.2988021982743926,0.2794141546962342,0.2917908688295876,0.2997593865218632,0.23344770687543848,0.31926415275801157,0.2668092107505754,0.2986529509552368,0.30695525901590215,0.2672441225254565,0.2647354333054024,0.3211925113448232,0.3037888979976171,0.30517993391808507,0.26956428618051875,0.3380931901596185
0.25628752027042956,0.2568937217185171,0.19412958816337444,0.5033747429071467,0.2538085432364334,0.24667084483874802,0.23983307342307458,0.4749806905666998,0.26760824886503887,0.527988439920923,0.2569856191612979,0.44768730421609826,0.26013699051867745,0.48903647604346845,0.4969464626969755,0.2483349194225849,0.21392834287072104,0.2477467478574783,0.23590842824566105,0.24309765657120885,0.23582669351857377,0.2332895913450136,0.24409719208410396,0.2226273437459919,0.22568349195793713,0.24500375894914628,0.24983858604698672,0.46492898378924363,0.28817474285676603,0.2579827581841322,1.0,0.2456004694137065,0.0,0.23871757794879866,0.24088808147116425,0.40493993214493784,0.23440193490450822,0.24308087835972692,0.37524745203303345,0.25439772703724706,0.6514834286186807,0.24139669056840762,0.24642866083985038,0.4738738181319101,0.46165224396376825,0.2753066166284518,0.24432684282494666,0.24491967030049888,0.42982374776185195,0.2829431622637275
0.29893199235573376,0.4017954366919898,0.21338008101254502,0.2710685777072436,0.4570891447858624,0.40887514148805915,0.332912356401297,0.2660007923037405,0.29678494082474316,0.27193277276476857,0.4515646578063711,0.2575210687375118,0.4990517295499556,0.25664260574408404,0.2647274992879076,0.3501586824151066,0.42917432698496216,0.4425213435274309,0.4415932998857506,0.3361221047151618,0.4547563526689945,0.46376324092294885,0.4832946554584947,0.40140978953937023,0.4399444980054258,0.4154895574712457,0.4773142515082003,0.2516442778979391,0.2851805838141185,0.2936036421909195,0.2456004694137065,1.0,0.0,0.46931030251347405,0.39684689997822387,0.25453843893525063,0.3332907672385067,0.4664270948223449,0.23524926032082705,0.48830756383800544,0.25254514779122905,0.3962120666519908,0.48465186872788757,0.2602942189811315,0.2696921092139767,0.2673040679504167,0.4087527419337419,0.4130319552126116,0.2454915630444079,0.27882897379188387
0.0,0.0,0.0,0.0,0.0,0.0,0.0,0.0,0.0,0.0,0.0,0.0,0.0,0.0,0.0,0.0,0.0,0.0,0.0,0.0,0.0,0.0,0.0,0.0,0.0,0.0,0.0,0.0,0.0,0.0,0.0,0.0,1.0,0.0,0.0,0.0,0.0,0.0,0.0,0.0,0.0,0.0,0.0,0.0,0.0,0.0,0.0,0.0,0.0,0.0
0.30107751093508994,0.4029218458514785,0.220933132249295,0.24757390973103333,0.41702232403270945,0.40190566306238273,0.3513716944294627,0.2540846355710804,0.289619820165708,0.25894470444256346,0.4765352031786453,0.2504546770440521,0.5332484306416252,0.24987791202841358,0.24191225333640054,0.3455568732606754,0.35177090379218734,0.4705186508084618,0.46443355912551754,0.3536151161488563,0.49623294265667783,0.6239008140761221,0.6409783700030406,0.3560348121435285,0.35455625040987726,0.38027429409124813,0.49108534452001973,0.2496665732057164,0.2855055843772508,0.2930646650208526,0.23871757794879866,0.46931030251347405,0.0,1.0,0.40813984836691686,0.2772897500611804,0.3342973048108726,0.46636323918548805,0.24794233928245812,0.5028070603900807,0.23544955060674344,0.4052845877224286,0.502010286240297,0.2513699965405837,0.25394957229848525,0.26668943541761714,0.4010673963396304,0.40500226108353476,0.25022662192070466,0.292322549112093
0.3049609868365105,0.5706129386243086,0.223814699872943,0.25323062057161594,0.3877212144882657,0.5548257729251185,0.35725855371966453,0.2621480574140075,0.2902165160458978,0.2654403376796137,0.426450795630429,0.25898134673303874,0.4234386704040535,0.25359627621836756,0.24864016601199068,0.3562077415033855,0.4197207562359516,0.41789030851738473,0.40918392618919,0.35929756142963465,0.3993502657378283,0.4037071147675966,0.41705602887691773,0.507154541066573,0.5066018783668768,0.47412097036126455,0.41191948977327075,0.2551760682270209,0.2943968268740792,0.2988021982743926,0.24088808147116425,0.39684689997822387,0.0,0.40813984836691686,1.0,0.2647239071530276,0.33821177011906167,0.39717316806982517,0.2360702574319593,0.4157106243150078,0.24256591467032063,0.4735741365966737,0.417231316275548,0.25713324100974166,0.26146827472508927,0.2734473984481466,0.4696859325979922,0.4713460117353002,0.2561272725846093,0.29373824494944467
0.27849376017995053,0.2671779343194599,0.21488783991588634,0.4125155966725683,0.2509387966390797,0.2727648177355768,0.2742000434192188,0.40727959364387656,0.2807974791511735,0.4318165963908136,0.28071391356369657,0.40541102381350047,0.27143009456559675,0.4144162536923003,0.40646863334492067,0.27155890921898096,0.23242107082523877,0.2819067060130459,0.2700573976698103,0.27435720644314676,0.26952828798413664,0.26514455165256856,0.278798737119228,0.2399694431976852,0.23608490778799063,0.25863833266894243,0.26772324822840343,0.4102253761312321,0.30737346278329936,0.2794141546962342,0.40493993214493784,0.25453843893525063,0.0,0.2772897500611804,0.2647239071530276,1.0,0.25980956140427724,0.2569851622201442,0.39387109284249966,0.27817827039676823,0.4053161980966661,0.2679539948994737,0.2646005261242813,0.4155667338427881,0.4156943620190321,0.2876134388715754,0.26211532182226416,0.2627377477031987,0.4141964659366931,0.30858204655026156
0.2906997036880802,0.33595005309057424,0.20640740156919068,0.2491378925753982,0.32892114514471316,0.339956523315716,0.7899370800762003,0.2423657597603327,0.29422010240341967,0.25172395307033224,0.35094169672084696,0.24159605246488558,0.3562515383104221,0.24103387451146618,0.23983299712831918,0.7397371961409681,0.2882246352274779,0.36262763020111766,0.35311965481329344,0.7919674683728782,0.35534007795771605,0.3511312261645113,0.36953556460073334,0.3053516734177453,0.3037203157219154,0.3307048848157754,0.33871670305622936,0.2362654571104753,0.2817608196343817,0.2917908688295876,0.23440193490450822,0.3332907672385067,0.0,0.3342973048108726,0.33821177011906167,0.25980956140427724,1.0,0.32072790311342736,0.2193177788720445,0.3343643274841218,0.23401162411419074,0.3377123008853692,0.34121846374092524,0.2395807301953614,0.23834712695794202,0.25724581371277633,0.32318220377842155,0.3234605869247754,0.23807453053950278,0.2784689392653592
0.3078467916684329,0.4211963425663522,0.2255467196261054,0.250183335242381,0.43385140383269827,0.4056272448361157,0.3341887642761827,0.2700367239255905,0.28841235955478206,0.26705547197100155,0.48432804084380554,0.26065643810532935,0.5014618210546008,0.2547822684267895,0.24784155171304134,0.3349520279151774,0.33397097010740995,0.45651328050195683,0.43984852246914796,0.3382468337051725,0.46753666071413724,0.4738310047625547,0.487253760209179,0.35087415978822833,0.352893710689939,0.38445799823808346,0.5712901758526324,0.26072288369763563,0.29301859143056197,0.2997593865218632,0.24308087835972692,0.4664270948223449,0.0,0.46636323918548805,0.39717316806982517,0.2569851622201442,0.32072790311342736,1.0,0.23102563038115986,0.5121609250817323,0.2492326264622604,0.4068039249498665,0.6102596047975637,0.268196761502679,0.26297108406451153,0.27245910535241724,0.41912350586327907,0.42078013178112483,0.2671637246521177,0.2911315714528645
0.2389167233701116,0.23419806607384364,0.18638498698147088,0.3875499343323855,0.22983357723044318,0.2502275331327709,0.23120960584064387,0.3904647918908468,0.23138067818360952,0.40539434674065344,0.24153667757739217,0.38891465792220337,0.2325025661748369,0.3951163317412305,0.3888083186200473,0.22795175804509127,0.2046185822875829,0.2375649047076135,0.23073853710530579,0.23165116670367336,0.2325842231515196,0.2280662452023694,0.23944236955925924,0.21173344115764015,0.21201310039318821,0.22330416313777468,0.2260922067769271,0.3963647865824921,0.2603417263112844,0.23344770687543848,0.37524745203303345,0.23524926032082705,0.0,0.24794233928245812,0.2360702574319593,0.39387109284249966,0.2193177788720445,0.23102563038115986,1.0,0.2410623042778094,0.37261797086103154,0.23629580207993195,0.2327750756109458,0.3960837781101636,0.4043480311355696,0.2514407846612443,0.2325533722558436,0.2335126035415036,0.3818170552875796,0.25788653360635383
0.3157056311686143,0.4175478852449399,0.2342654363579849,0.25836972593677976,0.4342801640428089,0.40213328176225305,0.3541045454637598,0.2674897411965841,0.3102472357072097,0.27239018147329175,0.5202959210421978,0.26260410420163416,0.5404303289049084,0.2601136581495125,0.25516603336273946,0.3498350246494677,0.3547620108599626,0.4942764779467106,0.4821064163725137,0.35978667546918,0.5045396841090389,0.5120141449566002,0.5229654435262814,0.36193109185260564,0.3578591181994042,0.404155590586336,0.5453385051714711,0.26137588434454784,0.3039339143572962,0.31926415275801157,0.25439772703724706,0.48830756383800544,0.0,0.5028070603900807,0.4157106243150078,0.27817827039676823,0.3343643274841218,0.5121609250817323,0.2410623042778094,1.0,0.25100798091615895,0.4225746771126301,0.5406936568907674,0.267266562485044,0.2681502627669148,0.2902030640124157,0.43745409117230716,0.43845101797767216,0.26749452436940935,0.3095743359548153
