../ecoli_genomes/GCF_000163235.1_ASM16323v1_genomic.fna.gz,../ecoli_genomes/GCF_000164555.1_ASM16455v1_genomic.fna.gz,../ecoli_genomes/GCF_000208545.1_ASM20854v2_genomic.fna.gz,../ecoli_genomes/GCF_000233875.1_ASM23387v1_genomic.fna.gz,../ecoli_genomes/GCF_000249735.1_ASM24973v2_genomic.fna.gz,../ecoli_genomes/GCF_000261145.1_Esch_coli_M919_V2_genomic.fna.gz,../ecoli_genomes/GCF_000267705.2_ASM26770v2_genomic.fna.gz,../ecoli_genomes/GCF_000350665.1_Esch_coli_KTE5_V1_genomic.fna.gz,../ecoli_genomes/GCF_000351625.1_Esch_coli_KTE66_V1_genomic.fna.gz,../ecoli_genomes/GCF_000352285.1_Esch_coli_KTE46_V1_genomic.fna.gz,../ecoli_genomes/GCF_000358895.1_ASM35889v1_genomic.fna.gz,../ecoli_genomes/GCF_000456385.1_Esch_coli_HVH_26_4-5703913_V1_genomic.fna.gz,../ecoli_genomes/GCF_000458195.1_Esch_coli_HVH_147_4-5893887_V1_genomic.fna.gz,../ecoli_genomes/GCF_000459755.1_Esch_coli_KOEGE_58_171a_V1_genomic.fna.gz,../ecoli_genomes/GCF_000460055.1_Esch_coli_UMEA_3053-1_V1_genomic.fna.gz,../ecoli_genomes/GCF_000462165.2_ASM46216v2_genomic.fna.gz,../ecoli_genomes/GCF_000601135.1_ASM60113v1_genomic.fna.gz,../ecoli_genomes/GCF_000614595.1_Ec2010EL1058_genomic.fna.gz,../ecoli_genomes/GCF_000617745.1_Ec2010C-4529_genomic.fna.gz,../ecoli_genomes/GCF_000618265.2_EcF6751_genomic.fna.gz,../ecoli_genomes/GCF_000619005.2_Ec2009C-4052_genomic.fna.gz,../ecoli_genomes/GCF_000619105.1_Ec2009C-4780_genomic.fna.gz,../ecoli_genomes/GCF_000619765.2_Ec2009C-3279_genomic.fna.gz,../ecoli_genomes/GCF_000687005.1_ASM68700v1_genomic.fna.gz,../ecoli_genomes/GCF_000687025.1_ASM68702v1_genomic.fna.gz,../ecoli_genomes/GCF_000700125.1_ASM70012v1_genomic.fna.gz,../ecoli_genomes/GCF_000753315.1_FHI35_genomic.fna.gz,../ecoli_genomes/GCF_000776375.1_ASM77637v1_genomic.fna.gz,../ecoli_genomes/GCF_000779395.1_ASM77939v1_genomic.fna.gz,../ecoli_genomes/GCF_000780315.1_ASM78031v1_genomic.fna.gz,../ecoli_genomes/GCF_000781995.1_ASM78199v1_genomic.fna.gz,../ecoli_genomes/GCF_000986765.1_ASM98676v1_genomic.fna.gz,../ecoli_genomes/GCF_001041375.1_ViralProj287958_genomic.fna.gz,../ecoli_genomes/GCF_001265335.1_302014_genomic.fna.gz,../ecoli_genomes/GCF_001265625.1_100854_genomic.fna.gz,../ecoli_genomes/GCF_001267345.1_303289_genomic.fna.gz,../ecoli_genomes/GCF_001309985.1_ASM130998v1_genomic.fna.gz,../ecoli_genomes/GCF_001521695.1_ASM152169v1_genomic.fna.gz,../ecoli_genomes/GCF_001592595.1_ASM159259v1_genomic.fna.gz,../ecoli_genomes/GCF_001614975.1_ASM161497v1_genomic.fna.gz,../ecoli_genomes/GCF_001692775.1_ASM169277v1_genomic.fna.gz,../ecoli_genomes/GCF_001748915.1_ASM174891v1_genomic.fna.gz,../ecoli_genomes/GCF_001749235.1_ASM174923v1_genomic.fna.gz,../ecoli_genomes/GCF_001881155.1_ASM188115v1_genomic.fna.gz,../ecoli_genomes/GCF_001881345.1_ASM188134v1_genomic.fna.gz,../ecoli_genomes/GCF_001892405.1_ASM189240v1_genomic.fna.gz,../ecoli_genomes/GCF_001892585.1_ASM189258v1_genomic.fna.gz,../ecoli_genomes/GCF_001893985.1_ASM189398v1_genomic.fna.gz,../ecoli_genomes/GCF_002001595.1_ASM200159v1_genomic.fna.gz,../ecoli_genomes/GCF_002002145.1_ASM200214v1_genomic.fna.gz
1.0,0.7800678499699512,0.764522409663887,0.7639633587215304,0.7429576526195549,0.7726717052303448,0.7718104385194011,0.7649602705148884,0.7944065504195468,0.7686421701198016,0.7832099280678078,0.7680395794687687,0.7755806205115897,0.7635458095237388,0.7498827185773207,0.7743143497954822,0.7634772276636664,0.7775025844355302,0.7551230956102979,0.7764619785348369,0.7681875738667224,0.7752536258687315,0.7798078814295449,0.7547149290191975,0.7474426274257694,0.7538282570079751,0.7747896552128293,0.7629893883513388,0.7833475999554604,0.8010806874820671,0.7533419171007557,0.7641467409148915,0.07988661119568119,0.7671919747291446,0.765756009067803,0.742046187934589,0.7600520325410097,0.7735053988675897,0.7408831637954356,0.776156626079944,0.7529765707416173,0.7679973495983645,0.773078007333533,0.7676654522890727,0.7674561571366634,0.7782141420410682,0.7730369233641963,0.7725181005031969,0.7534034469277477,0.7882079145436894
0.7800678499699512,1.0,0.7619083187851003,0.7582080707935843,0.7645311210631576,0.8276980242845602,0.780967484301823,0.7621328937904429,0.7723462018132048,0.7632825943950204,0.8032786877890519,0.7640004203025855,0.7962242459193938,0.7571929123932761,0.7497338143914077,0.7796819412719901,0.7994261182836491,0.8018496091763225,0.7711726763065335,0.7866331594344445,0.7901914804766103,0.798266497009837,0.8057464450628437,0.806992646464091,0.7916303741227146,0.7913742117412358,0.8022402908437959,0.7644941469730746,0.7705443473546938,0.7689252387056634,0.7478236638010199,0.7853248774123682,0.07695700758197743,0.7870370853401898,0.8278642402056507,0.7455300266071139,0.7677009837606967,0.8052521485244862,0.7305146853077162,0.7994552430278822,0.7541119608370912,0.8051786544018064,0.8012286937890064,0.7670893965066191,0.7662135183538565,0.7636271256295453,0.8176472870715847,0.8176424590390967,0.7618797730749599,0.7701297187517209
0.764522409663887,0.7619083187851003,1.0,0.7440775690374446,0.7143481291147605,0.7489468657174423,0.7565717018948325,0.7408015549706586,0.7580836381813166,0.7522049818931146,0.7524035188203654,0.7435271576982154,0.7487395454808781,0.748093843397394,0.7366586252230125,0.7563187294538958,0.7381003511374779,0.7598160795942475,0.7301475607153898,0.7638935025268393,0.7488544202379811,0.7477636074824356,0.753252368314904,0.727024916488022,0.7202534302213167,0.7304224279314611,0.7557657015896782,0.7435437502330211,0.7626848234983897,0.7604655620109528,0.7332923063521073,0.732873094463037,0.07633288129730476,0.7444753467563626,0.7400664815545068,0.7304377314145465,0.7461163198738295,0.7445559435515949,0.7165795912575272,0.7549031792400889,0.7394453657647826,0.7554018708789748,0.7563826041891126,0.7485299034796822,0.7441254993104973,0.7517038699943597,0.7681767068570168,0.7679080057884574,0.751796664235982,0.7694975238537797
0.7639633587215304,0.7582080707935843,0.7440775690374446,1.0,0.7584956495946855,0.7500525582121406,0.7503942628221452,0.8293792982376575,0.7611896527484248,0.8410301860503524,0.7551153235200587,0.8261360944396166,0.7622765397936636,0.8427063876698434,0.8530990779886314,0.7621758947377021,0.7595366405469532,0.7479870304093896,0.7315560969331887,0.7565899902047226,0.7458984706760508,0.7497769070128688,0.7559047714790188,0.7550471691760893,0.748667918240852,0.7559274925761997,0.7550833831843304,0.825810089875348,0.7621669976084302,0.7635497093793103,0.8315637388477047,0.7633835092447439,0.07346615833195391,0.7470378895149072,0.7439380802138386,0.7655442728013198,0.7415758184510114,0.7467198843163867,0.7582011386540168,0.7502934939215784,0.8390587641437001,0.7484327271349177,0.7498797812975895,0.827508732291626,0.8265974719252929,0.7648875815001646,0.7611484147083327,0.7606687140420628,0.8015075138025308,0.7679371454884187
0.7429576526195549,0.7645311210631576,0.7143481291147605,0.7584956495946855,1.0,0.7709393028680862,0.7391955569623085,0.7481498274194195,0.7588620544022899,0.7568724508807432,0.7834836234768352,0.7281299920720602,0.7985573565419983,0.7315707291510589,0.7527561942055323,0.7603665260556511,0.7743565742717207,0.7617354927119732,0.7418241322916614,0.7412924825467491,0.7594034975374393,0.7649722197572397,0.7675434322655408,0.7835713936813488,0.7741423732853685,0.7866031553212777,0.7709608559587107,0.7237507366271494,0.7293592723879705,0.7475859301411458,0.7462461948091166,0.7983864437655905,0.07513644840880385,0.7674801123904538,0.7566360053123155,0.7132736274404885,0.7391463470755126,0.7784630267380028,0.7186553934216177,0.7717876421196717,0.7492044388395213,0.7646445024787994,0.7710418127600264,0.7342170224022433,0.732691270552898,0.7294638564603124,0.7690894665373613,0.7696599338665299,0.7207629867683503,0.733584118600911
0.7726717052303448,0.8276980242845602,0.7489468657174423,0.7500525582121406,0.7709393028680862,1.0,0.7794368536803284,0.7538375469761268,0.7662070942571537,0.7513426946087818,0.7915927651640182,0.7488229464347254,0.794349808860701,0.75030464062256,0.7463521407369974,0.7795162690732851,0.7947592867406257,0.7952558587523871,0.7736392140531864,0.7798375807845431,0.7835064054866397,0.7926267996533246,0.8002710819056607,0.8047370086919428,0.7956073599472296,0.7898734350050047,0.7936351126853667,0.7507060123033303,0.7617499808043923,0.7633555178976724,0.7411024853673913,0.7872296359420066,0.07234844219031489,0.787581591706195,0.8235957979807047,0.7448476486068843,0.7662979124398718,0.7887096435313592,0.749520722731249,0.7897731483517697,0.7469395549563291,0.8023212813711744,0.7871748717178748,0.75308556033919,0.7489643163138535,0.7548516904223568,0.8060345161916865,0.8068537658721541,0.7474585527429085,0.7720341101162436
0.7718104385194011,0.780967484301823,0.7565717018948325,0.7503942628221452,0.7391955569623085,0.7794368536803284,1.0,0.7524452771638754,0.7651635996898799,0.7502188737025924,0.7802285595290297,0.7490787405886246,0.7730231867883114,0.7518496182653138,0.7447009768500115,0.887772422586733,0.7662917929939287,0.8067355842572028,0.772572638995187,0.9411914821730298,0.8022391415678445,0.7927985585656789,0.8069359597038206,0.7495619783499308,0.7450353576823749,0.7553797873139205,0.7894097954238203,0.7548531058133947,0.7701020780432007,0.7698126124771806,0.7372301971492266,0.7704482090779973,0.07759705812260298,0.7850695088036628,0.7758831891659193,0.751970720257485,0.9048040824236424,0.7784192712040868,0.7340187910944818,0.7817476450193142,0.7374909284673017,0.775838072971589,0.7839554607811628,0.7573526637356036,0.7538000450784133,0.7648529842425149,0.783464985687674,0.7832202567514359,0.7473464678367937,0.7742620082134538
0.7649602705148884,0.7621328937904429,0.7408015549706586,0.8293792982376575,0.7481498274194195,0.7538375469761268,0.7524452771638754,1.0,0.7594734403293085,0.8330313285040711,0.7513927404643914,0.8218551396493746,0.7606222896380503,0.8211636735023528,0.8196366853565455,0.7623062457729688,0.7581673592462171,0.7559862063801993,0.7385434079246128,0.7582501354989707,0.7451184083046634,0.7532157400277146,0.7582469137898438,0.7562437919211712,0.7465862974440989,0.7532898787104165,0.7581296564271172,0.8799191064194813,0.7664432824193599,0.7576975380573228,0.8173263022332293,0.7563148781114624,0.070606871621825,0.7543454043660174,0.7479094960423389,0.7690586118515159,0.7440581287492372,0.7519169499371693,0.7622912581392667,0.7559344908088462,0.8211569406789703,0.75015312246613,0.7552785165959601,0.8802206406684701,0.8735301955316818,0.7650148784190024,0.7594112388892037,0.7587048072735807,0.8050958813734055,0.7708106638812803
0.7944065504195468,0.7723462018132048,0.7580836381813166,0.7611896527484248,0.7588620544022899,0.7662070942571537,0.7651635996898799,0.7594734403293085,1.0,0.7659568720759041,0.7739747194330697,0.7454732142441389,0.7831962282608015,0.7539649966381436,0.7513728970664397,0.7802291685254552,0.7612864583815238,0.7769328100798637,0.7451114500706978,0.7720907218101339,0.7647714440608206,0.7710163243359379,0.7730892059640417,0.7620442837939809,0.7528945068905291,0.7679722031635449,0.7740804016101871,0.7522908900078016,0.7753645781821716,0.8061746567325302,0.757264765396093,0.7685426320346942,0.0785954218770114,0.7640136552541656,0.7608954762737944,0.7334559040437935,0.7629841817174496,0.7678303162164563,0.731315716180936,0.7728848480641185,0.7556059580838221,0.7662633387340143,0.7744789247537744,0.7593282192121776,0.7525196321867897,0.7640354096005448,0.7782095210180281,0.7776254350908317,0.7519097215010082,0.7778521841049897
0.7686421701198016,0.7632825943950204,0.7522049818931146,0.8410301860503524,0.7568724508807432,0.7513426946087818,0.7502188737025924,0.8330313285040711,0.7659568720759041,1.0,0.755811866702818,0.8148752958799139,0.7668539475562606,0.8238429227916785,0.8220410477394926,0.765564305835227,0.7556657023694165,0.7553580812151145,0.7339593397325797,0.7561590728714135,0.7414421295768743,0.7479856772766525,0.7516384635805754,0.755724253036337,0.7472245205274486,0.7535814377597774,0.7562970450150145,0.8244049204977046,0.7644522819044824,0.7589562233631844,0.8335998874088466,0.7576151838826046,0.06973019391823354,0.7451271760663857,0.7485305308789236,0.7709095983424264,0.7465871778165651,0.7502330102955213,0.7632908764583309,0.7509267415197429,0.8312559505939061,0.7525506808986393,0.7517415611662116,0.8272603920963307,0.8297016154188901,0.7635672823110035,0.7649155850211313,0.7636296123090219,0.8110163529408406,0.7625462270973163
0.7832099280678078,0.8032786877890519,0.7524035188203654,0.7551153235200587,0.7834836234768352,0.7915927651640182,0.7802285595290297,0.7513927404643914,0.7739747194330697,0.755811866702818,1.0,0.7567873709464576,0.8306849344012426,0.7565472158504506,0.751636071428262,0.7807236204450507,0.7837959955984548,0.8198199619874801,0.7816509032093737,0.783536563756396,0.8098093845185289,0.8199248815897365,0.8221870125774978,0.787163855343108,0.7632956892183528,0.7818068451591068,0.8298695183998512,0.7564492899592001,0.7668628068767134,0.7775787714826932,0.7434700735053485,0.7998622602925961,0.07920361950552324,0.8062646123041759,0.7953428506434536,0.7398063921926957,0.7661157861762455,0.8142182209094706,0.7306458322870744,0.8360655858954422,0.7446121956314705,0.8005963418405906,0.8238617409049294,0.7588815720577498,0.7534833833016767,0.7633414976996157,0.8119897791195453,0.8115996190141316,0.7539855671214759,0.7735061940491965
0.7680395794687687,0.7640004203025855,0.7435271576982154,0.8261360944396166,0.7281299920720602,0.7488229464347254,0.7490787405886246,0.8218551396493746,0.7454732142441389,0.8148752958799139,0.7567873709464576,1.0,0.750196337719053,0.8297112358819153,0.840989142521853,0.7519200005727312,0.7482277735707197,0.7515941508681049,0.7308789787151316,0.7539470304152944,0.7447460863995304,0.7546970687644499,0.7565325060321633,0.7382485259317375,0.7273134347212211,0.7332356375614997,0.7536032252960402,0.8233207340675696,0.766891164689039,0.762967400838074,0.7974124483679732,0.7406091277181452,0.07072441680925601,0.7475084337804039,0.7453312166700334,0.7701659851104672,0.7373931670536429,0.7488966078564108,0.7665313143261667,0.753374692108242,0.8059270502224724,0.7444713110260124,0.7511067399496443,0.8266201577638709,0.8265009111250313,0.7647858715131222,0.7583478830720096,0.7578587459681692,0.7985805765519056,0.7698980815371153
0.7755806205115897,0.7962242459193938,0.7487395454808781,0.7622765397936636,0.7985573565419983,0.794349808860701,0.7730231867883114,0.7606222896380503,0.7831962282608015,0.7668539475562606,0.8306849344012426,0.750196337719053,1.0,0.7563677497132755,0.7571722057471862,0.7859628172207198,0.7847506122158072,0.825338409698821,0.8042083543244565,0.7775337593285337,0.8170394553544009,0.8397814945634656,0.8358596206045443,0.7961238828007784,0.7735525809188433,0.7876058374069963,0.8380399889607766,0.7585916474903429,0.7635939494358335,0.7786490974637956,0.7561181063341074,0.8276763909340901,0.08140991006230969,0.8254234902394213,0.7927708865251255,0.734944098369181,0.7676903052420474,0.8189712378586007,0.7322792957682402,0.8345019064563037,0.7532636745504295,0.80182656877797,0.8281036072055205,0.7585243108488522,0.7529680348449889,0.7535213263948553,0.8024689479408075,0.8026569009424438,0.7506101427404308,0.7687568988569927
0.7635458095237388,0.7571929123932761,0.748093843397394,0.8427063876698434,0.7315707291510589,0.75030464062256,0.7518496182653138,0.8211636735023528,0.7539649966381436,0.8238429227916785,0.7565472158504506,0.8297112358819153,0.7563677497132755,1.0,0.8398018044664008,0.7560951268704631,0.748497235531999,0.7578214822341481,0.7337936355268421,0.7573815987095117,0.7453492165293913,0.7518310561024653,0.7585988841242796,0.7355873970784625,0.7331915389086514,0.734881608490271,0.7600057589277828,0.8336988271728916,0.7682789554174637,0.7617914902386889,0.8137231139148284,0.7479868956412312,0.067809157178646,0.7502245229755352,0.7396593323183205,0.7768072924272996,0.7410085823895876,0.7494906480470986,0.7583810573124499,0.7517194308883244,0.8207071750780943,0.7471525974594944,0.7532060607140834,0.8351406341909342,0.8282831185259059,0.7740794276978903,0.7605018732020344,0.759988755471805,0.8095984872711172,0.7716644441824116
0.7498827185773207,0.7497338143914077,0.7366586252230125,0.8530990779886314,0.7527561942055323,0.7463521407369974,0.7447009768500115,0.8196366853565455,0.7513728970664397,0.8220410477394926,0.751636071428262,0.840989142521853,0.7571722057471862,0.8398018044664008,1.0,0.7565044051014245,0.7541944676432283,0.7446213028849712,0.7238685581887068,0.7487290721144305,0.7377212549228332,0.7490108239935989,0.7539333081237863,0.7471815690068955,0.7441879665609086,0.7496171043805162,0.7530010221469668,0.8096660151574208,0.7569903529833414,0.7554266293861525,0.8166583014313296,0.7539527765728752,0.07030411586365615,0.7467940826856134,0.7388926602121092,0.7626041002414305,0.7400690706173554,0.7483849157420039,0.7564979384165481,0.7507022556519318,0.8295007364942057,0.7484288962218383,0.7506743450783462,0.8144379020422114,0.8103333529034593,0.7580665390327065,0.7583153906566977,0.7580062805186356,0.7949755449403991,0.7672519535279784
0.7743143497954822,0.7796819412719901,0.7563187294538958,0.7621758947377021,0.7603665260556511,0.7795162690732851,0.887772422586733,0.7623062457729688,0.7802291685254552,0.765564305835227,0.7807236204450507,0.7519200005727312,0.7859628172207198,0.7560951268704631,0.7565044051014245,1.0,0.7775040248882525,0.7955788340431068,0.7639571602255056,0.8951200760119814,0.7887729364149834,0.7895683445745876,0.7945350627239142,0.7660007165878466,0.7635604748058374,0.774277862430727,0.7855300487119312,0.7583929600664667,0.7685219382032888,0.779034009583628,0.7515790985365929,0.7783921580325522,0.07705919373940029,0.7791782252663906,0.7752308531109405,0.7506166520875912,0.8821448504862702,0.7763441754462439,0.7287014655039852,0.7803528706459014,0.7524439259918007,0.7742200934484036,0.7773687575595483,0.7625643974707365,0.7586727858387118,0.7636301163453755,0.7821495750652638,0.7809974934759595,0.7523378904601832,0.7727935739489535
0.7634772276636664,0.7994261182836491,0.7381003511374779,0.7595366405469532,0.7743565742717207,0.7947592867406257,0.7662917929939287,0.7581673592462171,0.7612864583815238,0.7556657023694165,0.7837959955984548,0.7482277735707197,0.7847506122158072,0.748497235531999,0.7541944676432283,0.7775040248882525,1.0,0.777189263400742,0.7521511163768505,0.7693585187030879,0.7692748325517944,0.7794689180037755,0.7889917285198278,0.8028358624773785,0.7934966056096464,0.8133555696978272,0.7858115790268774,0.7443894247159848,0.750206834933439,0.7574364245011473,0.7440875348065555,0.7995399619253869,0.07559944173234479,0.7780379879022012,0.793813947936379,0.7337732472687413,0.7639785432192168,0.7757051482209775,0.7251946853395203,0.7791175389534519,0.7511967780104941,0.7905100064788905,0.7852004435204674,0.7515930038778298,0.7557927162569276,0.7495486757960268,0.7971729496939587,0.798052072240802,0.7393143888919171,0.7578267582391737
0.7775025844355302,0.8018496091763225,0.7598160795942475,0.7479870304093896,0.7617354927119732,0.7952558587523871,0.8067355842572028,0.7559862063801993,0.7769328100798637,0.7553580812151145,0.8198199619874801,0.7515941508681049,0.825338409698821,0.7578214822341481,0.7446213028849712,0.7955788340431068,0.777189263400742,1.0,0.8171052989135535,0.8118851712417376,0.8311853744752838,0.8414442467422771,0.8470998968443604,0.7758460204910607,0.7568592200014654,0.7680688784022808,0.8307892645221633,0.7585980695097807,0.7790390254914815,0.7751322272500694,0.745864790426207,0.8046285798158728,0.07547157555007022,0.8216374115481802,0.7947342887546338,0.7533885440108005,0.7925947494125971,0.8165532487380094,0.7408259615344173,0.8234769762901744,0.7454875985497849,0.8049180024371645,0.82858012186782,0.7609779764570921,0.756773804533363,0.766557385243924,0.8038456099332792,0.8040773335763426,0.7528763338743973,0.7795595522754928
0.7551230956102979,0.7711726763065335,0.7301475607153898,0.7315560969331887,0.7418241322916614,0.7736392140531864,0.772572638995187,0.7385434079246128,0.7451114500706978,0.7339593397325797,0.7816509032093737,0.7308789787151316,0.8042083543244565,0.7337936355268421,0.7238685581887068,0.7639571602255056,0.7521511163768505,0.8171052989135535,1.0,0.7701443347954933,0.8016798474161011,0.8217107993205468,0.8106347545313697,0.7519701115932251,0.7384477103113751,0.7459973007975327,0.7962759304125523,0.7415067732704621,0.7460132523238618,0.7462141056406536,0.7206280266368076,0.783150692110449,0.07663817538724382,0.7914770931754197,0.7702197731222524,0.724202320794166,0.7523185725697812,0.781136826022371,0.7363007678040148,0.7866912000062825,0.7213365135902949,0.7658398587723594,0.7893872933834601,0.7427905531661521,0.7414628140952894,0.736556484683609,0.7651747464073262,0.7661275306343336,0.7319258941136065,0.7519686258081095
0.7764619785348369,0.7866331594344445,0.7638935025268393,0.7565899902047226,0.7412924825467491,0.7798375807845431,0.9411914821730298,0.7582501354989707,0.7720907218101339,0.7561590728714135,0.783536563756396,0.7539470304152944,0.7775337593285337,0.7573815987095117,0.7487290721144305,0.8951200760119814,0.7693585187030879,0.8118851712417376,0.7701443347954933,1.0,0.8034571735305018,0.7963356073618693,0.8076201842514259,0.7540951460474975,0.7473292023311485,0.7599434260042317,0.7940265920654455,0.762770626606881,0.7754685065637101,0.7760021271445638,0.743620403031538,0.7725048305651065,0.07727905829248172,0.7859809994134852,0.7787589883282282,0.7553450937915838,0.9075795803052503,0.7843217291588711,0.7331791661706744,0.7873615067492217,0.7446581935653995,0.7791625102732407,0.7879890199685701,0.7652555351271799,0.7610438033506716,0.7723046152296458,0.7884459402871817,0.7879444555003345,0.7548120855087845,0.7804037385403872
0.7681875738667224,0.7901914804766103,0.7488544202379811,0.7458984706760508,0.7594034975374393,0.7835064054866397,0.8022391415678445,0.7451184083046634,0.7647714440608206,0.7414421295768743,0.8098093845185289,0.7447460863995304,0.8170394553544009,0.7453492165293913,0.7377212549228332,0.7887729364149834,0.7692748325517944,0.8311853744752838,0.8016798474161011,0.8034571735305018,1.0,0.832998399597997,0.84010201765185,0.7674659261926493,0.7517780536628087,0.7657818606615695,0.8278865184610155,0.747958971615244,0.7653620621033594,0.7693025656949855,0.7345544555683872,0.7978902099019447,0.08305135182466827,0.8183738895540853,0.7883700690433326,0.7401502803630783,0.7785681604112462,0.8058156450550086,0.7329106203428195,0.8205552246256175,0.7374734457312548,0.7865988234230299,0.8138677451772043,0.7517780020520172,0.7477022554148285,0.7583200751255216,0.7969635890973101,0.7977445235037728,0.7427738124988881,0.7683915777555599
0.7752536258687315,0.798266497009837,0.7477636074824356,0.7497769070128688,0.7649722197572397,0.7926267996533246,0.7927985585656789,0.7532157400277146,0.7710163243359379,0.7479856772766525,0.8199248815897365,0.7546970687644499,0.8397814945634656,0.7518310561024653,0.7490108239935989,0.7895683445745876,0.7794689180037755,0.8414442467422771,0.8217107993205468,0.7963356073618693,0.832998399597997,1.0,0.8883055593617211,0.777260717714647,0.7590098316456164,0.769718627968588,0.8297574657026345,0.7559044948683091,0.7657496743497179,0.7698875245279925,0.7396682689603875,0.8063484661743314,0.08338648455469233,0.858721585749282,0.7986469056894577,0.7441713339541438,0.7738155343072862,0.8125707351871643,0.744523941962254,0.8292549852203006,0.7421855582183684,0.7960093866721012,0.8314830112481483,0.7595556964760337,0.7519702636411192,0.7544165846594626,0.7981070281598449,0.7983166046002215,0.7509620090628941,0.7695712802282547
0.7798078814295449,0.8057464450628437,0.753252368314904,0.7559047714790188,0.7675434322655408,0.8002710819056607,0.8069359597038206,0.7582469137898438,0.7730892059640417,0.7516384635805754,0.8221870125774978,0.7565325060321633,0.8358596206045443,0.7585988841242796,0.7539333081237863,0.7945350627239142,0.7889917285198278,0.8470998968443604,0.8106347545313697,0.8076201842514259,0.84010201765185,0.8883055593617211,1.0,0.7778920232422166,0.7654387758624643,0.7742053742072753,0.8420822755653409,0.7612340725353359,0.7735265649874948,0.7732722158879591,0.744300321203895,0.8133960896918487,0.08408486216647704,0.8625885648990993,0.8019376171829883,0.7510191831697054,0.788295411924375,0.8217643204806064,0.7400394235660042,0.8324066530686127,0.7492230301877184,0.8013735974925511,0.8382253408674578,0.7638367248698315,0.758613042533934,0.7641839842963198,0.8029638184533274,0.8035718761932773,0.7531292857728391,0.7746022280248384
0.7547149290191975,0.806992646464091,0.727024916488022,0.7550471691760893,0.7835713936813488,0.8047370086919428,0.7495619783499308,0.7562437919211712,0.7620442837939809,0.755724253036337,0.787163855343108,0.7382485259317375,0.7961238828007784,0.7355873970784625,0.7471815690068955,0.7660007165878466,0.8028358624773785,0.7758460204910607,0.7519701115932251,0.7540951460474975,0.7674659261926493,0.777260717714647,0.7778920232422166,1.0,0.8111897625095321,0.8110014810018262,0.7805128263974286,0.7381968885184449,0.7398181938637123,0.7554409084959619,0.7447912802835315,0.7896769945992981,0.06918955380989278,0.7711253493282758,0.8116508548096228,0.724868626849493,0.7462225102079404,0.7707878578966527,0.7171959388487117,0.7765168101710195,0.7499623626695153,0.7882622963969695,0.771470086781671,0.7478196091202698,0.7490298753379627,0.732991115101457,0.7824435705606236,0.7822975469650923,0.7285055402945368,0.752814376563152
0.7474426274257694,0.7916303741227146,0.7202534302213167,0.748667918240852,0.7741423732853685,0.7956073599472296,0.7450353576823749,0.7465862974440989,0.7528945068905291,0.7472245205274486,0.7632956892183528,0.7273134347212211,0.7735525809188433,0.7331915389086514,0.7441879665609086,0.7635604748058374,0.7934966056096464,0.7568592200014654,0.7384477103113751,0.7473292023311485,0.7517780536628087,0.7590098316456164,0.7654387758624643,0.8111897625095321,1.0,0.8071266430052122,0.758292130844303,0.7273986064265519,0.7279584101417474,0.7418226317931018,0.735428156463857,0.7772989670936954,0.07252298910460775,0.7520525859803093,0.7956896329588243,0.7157573457102533,0.748760309014794,0.7608496827110202,0.7073010582615448,0.7563925002537895,0.7430283546914657,0.7682841645792294,0.7559747563518144,0.7407834837521439,0.7421736407614741,0.7315732191651305,0.7690807373079046,0.7696427625760185,0.7230399754125162,0.7397559607352644
0.7538282570079751,0.7913742117412358,0.7304224279314611,0.7559274925761997,0.7866031553212777,0.7898734350050047,0.7553797873139205,0.7532898787104165,0.7679722031635449,0.7535814377597774,0.7818068451591068,0.7332356375614997,0.7876058374069963,0.734881608490271,0.7496171043805162,0.774277862430727,0.8133555696978272,0.7680688784022808,0.7459973007975327,0.7599434260042317,0.7657818606615695,0.769718627968588,0.7742053742072753,0.8110014810018262,0.8071266430052122,1.0,0.7732903301204073,0.7316492757217979,0.7375286185575629,0.7599374070286802,0.744806489953667,0.7854024130886417,0.07156790758805665,0.7646120315574176,0.793254041711796,0.7196623517120725,0.7565138467096146,0.7690691858416845,0.7202661054963817,0.7749342853486787,0.7487974069200818,0.7876600289434856,0.7679714271306293,0.7453513002961908,0.7434440076698408,0.7380263561569813,0.787887918033157,0.7883316327625944,0.7304005595137654,0.7495072164808548
0.7747896552128293,0.8022402908437959,0.7557657015896782,0.7550833831843304,0.7709608559587107,0.7936351126853667,0.7894097954238203,0.7581296564271172,0.7740804016101871,0.7562970450150145,0.8298695183998512,0.7536032252960402,0.8380399889607766,0.7600057589277828,0.7530010221469668,0.7855300487119312,0.7858115790268774,0.8307892645221633,0.7962759304125523,0.7940265920654455,0.8278865184610155,0.8297574657026345,0.8420822755653409,0.7805128263974286,0.758292130844303,0.7732903301204073,1.0,0.7593203645163633,0.7750043343683014,0.775197712262633,0.7482962952639383,0.8117077232278441,0.08271171834737234,0.8216683335294801,0.7942737910873561,0.7374960580609993,0.7768120206877681,0.8481108523341048,0.7280188859578061,0.8461250673809032,0.7525669595326974,0.8038758930982534,0.8582520894061014,0.7642364908923397,0.757753405075875,0.7652032208261669,0.8058491151048002,0.8064196812700873,0.7540504163324256,0.7818900647674162
0.7629893883513388,0.7644941469730746,0.7435437502330211,0.825810089875348,0.7237507366271494,0.7507060123033303,0.7548531058133947,0.8799191064194813,0.7522908900078016,0.8244049204977046,0.7564492899592001,0.8233207340675696,0.7585916474903429,0.8336988271728916,0.8096660151574208,0.7583929600664667,0.7443894247159848,0.7585980695097807,0.7415067732704621,0.762770626606881,0.747958971615244,0.7559044948683091,0.7612340725353359,0.7381968885184449,0.7273986064265519,0.7316492757217979,0.7593203645163633,1.0,0.770523133646203,0.7566681182972474,0.8050328074604495,0.7481179993157766,0.07276621195448207,0.7520385603366944,0.7422366333046511,0.7700317443440946,0.7421571870356711,0.7524412272616727,0.7598096419515897,0.7532484857187782,0.8108252292850168,0.7482718402420634,0.7548906218114674,0.9175582513541249,0.9004367513588436,0.7680978534724602,0.7643725772133876,0.76297494171212,0.8146860264691289,0.7701999881757733
0.7833475999554604,0.7705443473546938,0.7626848234983897,0.7621669976084302,0.7293592723879705,0.7617499808043923,0.7701020780432007,0.7664432824193599,0.7753645781821716,0.7644522819044824,0.7668628068767134,0.766891164689039,0.7635939494358335,0.7682789554174637,0.7569903529833414,0.7685219382032888,0.750206834933439,0.7790390254914815,0.7460132523238618,0.7754685065637101,0.7653620621033594,0.7657496743497179,0.7735265649874948,0.7398181938637123,0.7279584101417474,0.7375286185575629,0.7750043343683014,0.770523133646203,1.0,0.7794697178350909,0.7584257338203821,0.7557048346883353,0.0768439857946358,0.76205466336484,0.7543298649850192,0.7477285989394935,0.7587996003476849,0.7692161202165481,0.7317586680600516,0.7680268118611181,0.7554673697163481,0.7621308186050364,0.7706784078858973,0.7668339080076277,0.7628669261658578,0.787445115415514,0.7729480823525205,0.7722626535208499,0.7642445795373387,0.8496164819777201
0.8010806874820671,0.7689252387056634,0.7604655620109528,0.7635497093793103,0.7475859301411458,0.7633555178976724,0.7698126124771806,0.7576975380573228,0.8061746567325302,0.7589562233631844,0.7775787714826932,0.762967400838074,0.7786490974637956,0.7617914902386889,0.7554266293861525,0.779034009583628,0.7574364245011473,0.7751322272500694,0.7462141056406536,0.7760021271445638,0.7693025656949855,0.7698875245279925,0.7732722158879591,0.7554409084959619,0.7418226317931018,0.7599374070286802,0.775197712262633,0.7566681182972474,0.7794697178350909,1.0,0.753060934551113,0.7637783643687287,0.08282850033108125,0.7625259895629048,0.7569369703945863,0.7390211457794356,0.7596831481637433,0.7682773807053476,0.7347177292959544,0.7805417569960088,0.7525260432418966,0.7656661655662529,0.7755921246962191,0.7612208731099206,0.7550600851036626,0.7758522160114508,0.781016637359546,0.7811622787418273,0.7556226469713171,0.7865326235539123
0.7533419171007557,0.7478236638010199,0.7332923063521073,0.8315637388477047,0.7462461948091166,0.7411024853673913,0.7372301971492266,0.8173263022332293,0.757264765396093,0.8335998874088466,0.7434700735053485,0.7974124483679732,0.7561181063341074,0.8137231139148284,0.8166583014313296,0.7515790985365929,0.7440875348065555,0.745864790426207,0.7206280266368076,0.743620403031538,0.7345544555683872,0.7396682689603875,0.744300321203895,0.7447912802835315,0.735428156463857,0.744806489953667,0.7482962952639383,0.8050328074604495,0.7584257338203821,0.753060934551113,1.0,0.7494969382978185,0.07935468419344271,0.7391974425259633,0.7324735193616412,0.7607256134038805,0.7351753835969521,0.7446479255963452,0.7483859991150061,0.7414514191773869,0.8658023392729799,0.7408364660528967,0.7419737614719992,0.8098794112766863,0.8067515300122515,0.7549029934391829,0.7544204297453283,0.7530878780482411,0.7943209178110681,0.7574004069832004
0.7641467409148915,0.7853248774123682,0.732873094463037,0.7633835092447439,0.7983864437655905,0.7872296359420066,0.7704482090779973,0.7563148781114624,0.7685426320346942,0.7576151838826046,0.7998622602925961,0.7406091277181452,0.8276763909340901,0.7479868956412312,0.7539527765728752,0.7783921580325522,0.7995399619253869,0.8046285798158728,0.783150692110449,0.7725048305651065,0.7978902099019447,0.8063484661743314,0.8133960896918487,0.7896769945992981,0.7772989670936954,0.7854024130886417,0.8117077232278441,0.7481179993157766,0.7557048346883353,0.7637783643687287,0.7494969382978185,1.0,0.07534994348229285,0.8021945348556444,0.775197123902243,0.7258888571267996,0.7648373299562266,0.799963179219296,0.7305466260548483,0.8102274655133599,0.7481413005843816,0.7892561854306626,0.8137678821088309,0.7500608860960397,0.749718333031349,0.7518760335218961,0.7898220640222445,0.7900208843445791,0.7362244997995175,0.7605395808888642
0.07988661119568119,0.07695700758197743,0.07633288129730476,0.07346615833195391,0.07513644840880385,0.07234844219031489,0.07759705812260298,0.070606871621825,0.0785954218770114,0.06973019391823354,0.07920361950552324,0.07072441680925601,0.08140991006230969,0.067809157178646,0.07030411586365615,0.07705919373940029,0.07559944173234479,0.07547157555007022,0.07663817538724382,0.07727905829248172,0.08305135182466827,0.08338648455469233,0.08408486216647704,0.06918955380989278,0.07252298910460775,0.07156790758805665,0.08271171834737234,0.07276621195448207,0.0768439857946358,0.08282850033108125,0.07935468419344271,0.07534994348229285,1.0,0.08943450267287079,0.07082075054674186,0.07752712012927332,0.07379385075003908,0.08415088641175883,0.0716644678439542,0.08750503698604795,0.07384509576849185,0.07503693534344236,0.083631918701488,0.07261093406907693,0.07240119736971073,0.07916212582951854,0.07713381479032166,0.07648633447357078,0.07591220859360748,0.07310792829697965
0.7671919747291446,0.7870370853401898,0.7444753467563626,0.7470378895149072,0.7674801123904538,0.787581591706195,0.7850695088036628,0.7543454043660174,0.7640136552541656,0.7451271760663857,0.8062646123041759,0.7475084337804039,0.8254234902394213,0.7502245229755352,0.7467940826856134,0.7791782252663906,0.7780379879022012,0.8216374115481802,0.7914770931754197,0.7859809994134852,0.8183738895540853,0.858721585749282,0.8625885648990993,0.7711253493282758,0.7520525859803093,0.7646120315574176,0.8216683335294801,0.7520385603366944,0.76205466336484,0.7625259895629048,0.7391974425259633,0.8021945348556444,0.08943450267287079,1.0,0.7869117336586319,0.7454421723330659,0.7675093482281701,0.8053209249603459,0.7421641705695458,0.8197123177562244,0.7422242102598651,0.7912751854472387,0.8199290360108316,0.7584620927523419,0.7532040178884011,0.7541880258068289,0.7915860444845428,0.791337184060488,0.7476021297777664,0.7668197553459809
0.765756009067803,0.8278642402056507,0.7400664815545068,0.7439380802138386,0.7566360053123155,0.8235957979807047,0.7758831891659193,0.7479094960423389,0.7608954762737944,0.7485305308789236,0.7953428506434536,0.7453312166700334,0.7927708865251255,0.7396593323183205,0.7388926602121092,0.7752308531109405,0.793813947936379,0.7947342887546338,0.7702197731222524,0.7787589883282282,0.7883700690433326,0.7986469056894577,0.8019376171829883,0.8116508548096228,0.7956896329588243,0.793254041711796,0.7942737910873561,0.7422366333046511,0.7543298649850192,0.7569369703945863,0.7324735193616412,0.775197123902243,0.07082075054674186,0.7869117336586319,1.0,0.7405584409684044,0.759174505316097,0.7824006285918623,0.730013600468634,0.7913151970956294,0.7379480630861008,0.7987399136448506,0.7902313208118898,0.7475497032616794,0.7456099685116391,0.7446025802691658,0.7953760863860493,0.7956192433892364,0.7373899730503033,0.7595375681470874
0.742046187934589,0.7455300266071139,0.7304377314145465,0.7655442728013198,0.7132736274404885,0.7448476486068843,0.751970720257485,0.7690586118515159,0.7334559040437935,0.7709095983424264,0.7398063921926957,0.7701659851104672,0.734944098369181,0.7768072924272996,0.7626041002414305,0.7506166520875912,0.7337732472687413,0.7533885440108005,0.724202320794166,0.7553450937915838,0.7401502803630783,0.7441713339541438,0.7510191831697054,0.724868626849493,0.7157573457102533,0.7196623517120725,0.7374960580609993,0.7700317443440946,0.7477285989394935,0.7390211457794356,0.7607256134038805,0.7258888571267996,0.07752712012927332,0.7454421723330659,0.7405584409684044,1.0,0.7393515890502389,0.7347008452476361,0.7595068176885436,0.7359732839974419,0.7667723952021027,0.7377283991006143,0.7337900985233883,0.772830215781976,0.7715885665578851,0.7469490401337432,0.7391585177286801,0.7386397941263128,0.7765334286104347,0.748905232583862
0.7600520325410097,0.7677009837606967,0.7461163198738295,0.7415758184510114,0.7391463470755126,0.7662979124398718,0.9048040824236424,0.7440581287492372,0.7629841817174496,0.7465871778165651,0.7661157861762455,0.7373931670536429,0.7676903052420474,0.7410085823895876,0.7400690706173554,0.8821448504862702,0.7639785432192168,0.7925947494125971,0.7523185725697812,0.9075795803052503,0.7785681604112462,0.7738155343072862,0.788295411924375,0.7462225102079404,0.748760309014794,0.7565138467096146,0.7768120206877681,0.7421571870356711,0.7587996003476849,0.7596831481637433,0.7351753835969521,0.7648373299562266,0.07379385075003908,0.7675093482281701,0.759174505316097,0.7393515890502389,1.0,0.7698865339011103,0.7196534216610182,0.7645751017634657,0.7345778121768665,0.7654695835605045,0.7719256358645459,0.7456160877694282,0.744265976201738,0.7502530969047565,0.7693724034647743,0.7686653523338275,0.7353519061893123,0.7606699652017785
0.7735053988675897,0.8052521485244862,0.7445559435515949,0.7467198843163867,0.7784630267380028,0.7887096435313592,0.7784192712040868,0.7519169499371693,0.7678303162164563,0.7502330102955213,0.8142182209094706,0.7488966078564108,0.8189712378586007,0.7494906480470986,0.7483849157420039,0.7763441754462439,0.7757051482209775,0.8165532487380094,0.781136826022371,0.7843217291588711,0.8058156450550086,0.8125707351871643,0.8217643204806064,0.7707878578966527,0.7608496827110202,0.7690691858416845,0.8481108523341048,0.7524412272616727,0.7692161202165481,0.7682773807053476,0.7446479255963452,0.799963179219296,0.08415088641175883,0.8053209249603459,0.7824006285918623,0.7347008452476361,0.7698865339011103,1.0,0.7283296173087122,0.830124776712007,0.7461877911919843,0.7995433713723941,0.8552254056293228,0.7542977763597388,0.747701000051964,0.7610955933757279,0.8106041742030633,0.8111858746407853,0.7506185625062323,0.7700495507523086
0.7408831637954356,0.7305146853077162,0.7165795912575272,0.7582011386540168,0.7186553934216177,0.749520722731249,0.7340187910944818,0.7622912581392667,0.731315716180936,0.7632908764583309,0.7306458322870744,0.7665313143261667,0.7322792957682402,0.7583810573124499,0.7564979384165481,0.7287014655039852,0.7251946853395203,0.7408259615344173,0.7363007678040148,0.7331791661706744,0.7329106203428195,0.744523941962254,0.7400394235660042,0.7171959388487117,0.7073010582615448,0.7202661054963817,0.7280188859578061,0.7598096419515897,0.7317586680600516,0.7347177292959544,0.7483859991150061,0.7305466260548483,0.0716644678439542,0.7421641705695458,0.730013600468634,0.7595068176885436,0.7196534216610182,0.7283296173087122,1.0,0.7258597888867308,0.7470655096397157,0.7366210765175549,0.7333460537645697,0.7649360355137366,0.7595657660640923,0.7256408467988691,0.7341420487392857,0.7332553543837692,0.754314844836759,0.7380778033975208
