../ecoli_genomes/GCF_000163235.1_ASM16323v1_genomic.fna.gz,../ecoli_genomes/GCF_000164555.1_ASM16455v1_genomic.fna.gz,../ecoli_genomes/GCF_000208545.1_ASM20854v2_genomic.fna.gz,../ecoli_genomes/GCF_000233875.1_ASM23387v1_genomic.fna.gz,../ecoli_genomes/GCF_000249735.1_ASM24973v2_genomic.fna.gz,../ecoli_genomes/GCF_000261145.1_Esch_coli_M919_V2_genomic.fna.gz,../ecoli_genomes/GCF_000267705.2_ASM26770v2_genomic.fna.gz,../ecoli_genomes/GCF_000350665.1_Esch_coli_KTE5_V1_genomic.fna.gz,../ecoli_genomes/GCF_000351625.1_Esch_coli_KTE66_V1_genomic.fna.gz,../ecoli_genomes/GCF_000352285.1_Esch_coli_KTE46_V1_genomic.fna.gz,../ecoli_genomes/GCF_000358895.1_ASM35889v1_genomic.fna.gz,../ecoli_genomes/GCF_000456385.1_Esch_coli_HVH_26_4-5703913_V1_genomic.fna.gz,../ecoli_genomes/GCF_000458195.1_Esch_coli_HVH_147_4-5893887_V1_genomic.fna.gz,../ecoli_genomes/GCF_000459755.1_Esch_coli_KOEGE_58_171a_V1_genomic.fna.gz,../ecoli_genomes/GCF_000460055.1_Esch_coli_UMEA_3053-1_V1_genomic.fna.gz,../ecoli_genomes/GCF_000462165.2_ASM46216v2_genomic.fna.gz,../ecoli_genomes/GCF_000601135.1_ASM60113v1_genomic.fna.gz,../ecoli_genomes/GCF_000614595.1_Ec2010EL1058_genomic.fna.gz,../ecoli_genomes/GCF_000617745.1_Ec2010C-4529_genomic.fna.gz,../ecoli_genomes/GCF_000618265.2_EcF6751_genomic.fna.gz,../ecoli_genomes/GCF_000619005.2_Ec2009C-4052_genomic.fna.gz,../ecoli_genomes/GCF_000619105.1_Ec2009C-4780_genomic.fna.gz,../ecoli_genomes/GCF_000619765.2_Ec2009C-3279_genomic.fna.gz,../ecoli_genomes/GCF_000687005.1_ASM68700v1_genomic.fna.gz,../ecoli_genomes/GCF_000687025.1_ASM68702v1_genomic.fna.gz,../ecoli_genomes/GCF_000700125.1_ASM70012v1_genomic.fna.gz,../ecoli_genomes/GCF_000753315.1_FHI35_genomic.fna.gz,../ecoli_genomes/GCF_000776375.1_ASM77637v1_genomic.fna.gz,../ecoli_genomes/GCF_000779395.1_ASM77939v1_genomic.fna.gz,../ecoli_genomes/GCF_000780315.1_ASM78031v1_genomic.fna.gz,../ecoli_genomes/GCF_000781995.1_ASM78199v1_genomic.fna.gz,../ecoli_genomes/GCF_000986765.1_ASM98676v1_genomic.fna.gz,../ecoli_genomes/GCF_001041375.1_ViralProj287958_genomic.fna.gz,../ecoli_genomes/GCF_001265335.1_302014_genomic.fna.gz,../ecoli_genomes/GCF_001265625.1_100854_genomic.fna.gz,../ecoli_genomes/GCF_001267345.1_303289_genomic.fna.gz,../ecoli_genomes/GCF_001309985.1_ASM130998v1_genomic.fna.gz,../ecoli_genomes/GCF_001521695.1_ASM152169v1_genomic.fna.gz,../ecoli_genomes/GCF_001592595.1_ASM159259v1_genomic.fna.gz,../ecoli_genomes/GCF_001614975.1_ASM161497v1_genomic.fna.gz,../ecoli_genomes/GCF_001692775.1_ASM169277v1_genomic.fna.gz,../ecoli_genomes/GCF_001748915.1_ASM174891v1_genomic.fna.gz,../ecoli_genomes/GCF_001749235.1_ASM174923v1_genomic.fna.gz,../ecoli_genomes/GCF_001881155.1_ASM188115v1_genomic.fna.gz,../ecoli_genomes/GCF_001881345.1_ASM188134v1_genomic.fna.gz,../ecoli_genomes/GCF_001892405.1_ASM189240v1_genomic.fna.gz,../ecoli_genomes/GCF_001892585.1_ASM189258v1_genomic.fna.gz,../ecoli_genomes/GCF_001893985.1_ASM189398v1_genomic.fna.gz,../ecoli_genomes/GCF_002001595.1_ASM200159v1_genomic.fna.gz,../ecoli_genomes/GCF_002002145.1_ASM200214v1_genomic.fna.gz
1.0,0.789738847674706,0.7601818968393255,0.7578206409864733,0.7599283825925537,0.7630740982932698,0.7800756782293793,0.766374119970727,0.79434276144756,0.7643311480451876,0.7711847093593716,0.7673766295857574,0.7705668715360772,0.7592455727950722,0.7491115084147296,0.7793610809584869,0.7119962368139472,0.772900780714998,0.7447470004305732,0.782713697697441,0.7729722091588027,0.7562110708678635,0.7763641287821266,0.7521562375484875,0.7154582404312371,0.6735327414758097,0.7727000245551929,0.760818353582969,0.7798150398783257,0.7937680226094674,0.744691812758696,0.7690641973613161,0.07247659567975495,0.7711399159238916,0.7658666262586795,0.7429238764624216,0.7669567669138857,0.7754839859059024,0.6590742716029121,0.7801816373236855,0.7537751271348412,0.7673850288202788,0.7758814301726625,0.7677393418537714,0.770557785857535,0.771024193634578,0.7633464841435192,0.7647850836717502,0.7601646901731596,0.7786621724956313
0.789738847674706,1.0,0.7647169758939081,0.7555541655902595,0.7847154018129443,0.8180167590687237,0.7801865969683618,0.760065877982502,0.7680233779709166,0.76672409307794,0.8077970655828892,0.7690069775628479,0.7999678232341418,0.7547066335864281,0.7530312888184707,0.7807256535542204,0.7309386948139283,0.803764269526897,0.7674211473168542,0.7852748759324766,0.8017943761544685,0.7774757136090509,0.8058592878275743,0.7921888609008055,0.7541627011812105,0.6929688835777083,0.8002388436264694,0.7616597377715152,0.7747395647294724,0.7743694012363342,0.7465076967261177,0.7898036868946525,0.07061245041762676,0.7947876301104138,0.8227322496497534,0.7440717398725094,0.7665820022084984,0.802583895783668,0.6484874118325691,0.804770530131528,0.7575472343917661,0.8158435933130959,0.8050227995428803,0.7717932371789492,0.7676974107594837,0.7678708086382431,0.8102999671762814,0.8142147227144079,0.7685804950053889,0.7818483242599047
0.7601818968393255,0.7647169758939081,1.0,0.7236361280099869,0.7276507699233123,0.7375693058990611,0.7464726222717353,0.7312140329972414,0.755496161162239,0.732390667645243,0.7488114683297845,0.7342876433594001,0.7514188564228134,0.7317371045805185,0.7206279587553448,0.7467670628117257,0.6738637904870801,0.7520471180465598,0.7260328708474924,0.7525232183474916,0.7580555400313161,0.7370104692988872,0.7588875390051907,0.7130871789024595,0.684564697734044,0.6429648436102382,0.7572502131608179,0.7310665978518858,0.7633680886041752,0.7642533652733344,0.7215249658357696,0.7394946493731713,0.07249832844786375,0.7466654310495151,0.7272935449526869,0.7260045784875413,0.7355289001637202,0.7521701092837351,0.6306106441503287,0.7608428343259334,0.726549929453538,0.7375758605210287,0.7574166148136428,0.7370886901106757,0.7346069901494232,0.7505215529135745,0.7379958507973154,0.7400528074715012,0.7396856345009994,0.7646817764638023
0.7578206409864733,0.7555541655902595,0.7236361280099869,1.0,0.7421806800571125,0.7371968711537431,0.7380502879190529,0.8134791537101613,0.7515795645411542,0.8281836043700914,0.7392603004180098,0.8206159741382772,0.7375525714103031,0.8362926285317709,0.8447225845136914,0.7425428159559774,0.6888924672725747,0.73521067419876,0.706715461883861,0.7426741929587473,0.7357352623855169,0.7203647108217837,0.7444385680939392,0.7207033967054887,0.6982115088811971,0.6541096220967608,0.7438542171367544,0.8234112769559565,0.7537318079259203,0.742679651989123,0.813704374260185,0.7409780425049836,0.06710678188185615,0.7350395826431524,0.7366587948235968,0.7663562438158793,0.7269087989984186,0.7397867983689674,0.6798687175424689,0.7410878420509039,0.8307948471274265,0.7349050617948281,0.7431943175039535,0.8261612546770751,0.8235356491459683,0.7585560061084164,0.7367046665195363,0.7385426145097617,0.8040078747832871,0.760094321080267
0.7599283825925537,0.7847154018129443,0.7276507699233123,0.7421806800571125,1.0,0.7764914099214771,0.7552895849624647,0.7453071225274148,0.7531984475215335,0.746382546546129,0.7971548915979031,0.7443531561529677,0.8018523385742937,0.7444436647227484,0.7492923256086195,0.7667060748974351,0.7252084205987077,0.781489583280692,0.7592296941301159,0.7590103132884272,0.7847819185434717,0.7685549569865484,0.7880427029062657,0.7563494333702376,0.7274978508990722,0.6868520403648448,0.7871817752134295,0.738116450146467,0.7529694265958347,0.7564924239823478,0.7366070284247711,0.7929132620105901,0.06589845238019443,0.7821035098178757,0.7688278838210756,0.7242848864605418,0.7516733490001497,0.7877262853076682,0.6503525953814384,0.794561524868472,0.7509156273214126,0.7782772604488195,0.7981280788940104,0.7454505875407993,0.7454586881668532,0.7395345572056966,0.7805717508274664,0.7830721694887556,0.7425316526341157,0.7514055553947178
0.7630740982932698,0.8180167590687237,0.7375693058990611,0.7371968711537431,0.7764914099214771,1.0,0.7794853094491281,0.747308936642362,0.7476418413466105,0.7408481414824315,0.7933663630753807,0.7470374669946053,0.7789952523542459,0.7403578440213074,0.7372949318202495,0.7725383795202974,0.7392581023355189,0.7990667307120631,0.768986634697235,0.777534077056483,0.7943053361855221,0.789213366678113,0.797607258723789,0.7828387140658111,0.7582946261841835,0.696237334521749,0.7848781105398405,0.7418575299428656,0.7598058302388635,0.7532762770658769,0.729236336612066,0.7898956458724109,0.07259260180172333,0.7942438225789183,0.8202895791150961,0.7376308503252849,0.7628724962810287,0.7911903355345584,0.6583565599753063,0.7906055419428004,0.7368561421526075,0.8043394477016643,0.7895613954383554,0.7524863253938789,0.749077101443506,0.7540674583662963,0.8032098679860928,0.8085251127453204,0.7381156334398726,0.770751350722972
0.7800756782293793,0.7801865969683618,0.7464726222717353,0.7380502879190529,0.7552895849624647,0.7794853094491281,1.0,0.743259777270047,0.7678855973940474,0.7426430723139303,0.782802633968144,0.7440362982296367,0.7742192499710584,0.7401840022631394,0.7400985165771339,0.9012208597179839,0.7028102247017038,0.8019140655364327,0.7739486035404272,0.9417334034170345,0.8024104445205386,0.7828186339008892,0.8033755516054807,0.7404178395356095,0.7080133654505736,0.6654222610534195,0.7890144159364888,0.7422459510322997,0.7650909096763081,0.7667058280519135,0.73113635566176,0.7670696355377011,0.07418994232413689,0.7862709688045523,0.7729182498177463,0.7417859247919576,0.9049541155148433,0.7730580998639209,0.6491125383727097,0.781418686342488,0.7390899059994058,0.7787325762038984,0.7767902901644541,0.751147216628686,0.7492314165675854,0.7608113028416923,0.769972015681677,0.772692028508998,0.7449945884746463,0.7744063795133145
0.766374119970727,0.760065877982502,0.7312140329972414,0.8134791537101613,0.7453071225274148,0.747308936642362,0.743259777270047,1.0,0.7536426284488327,0.8142537032986397,0.7516157913248629,0.8145952149281519,0.7515484567350381,0.8103293570379461,0.8033418332857512,0.7482589386177145,0.6962755447001792,0.7506250576466952,0.7201914282484483,0.7494653718763211,0.746137499984048,0.7314153953621484,0.752022479043501,0.7286407757847124,0.6996950763487819,0.6602051870582771,0.7545454172773505,0.8779888284403713,0.7615164702385597,0.7559088958106497,0.8055565295081152,0.7435494729744403,0.0728373048719485,0.7464052862972175,0.7379835001326572,0.7673707929877909,0.7326039507240536,0.7585303402897468,0.6863716388360097,0.7563830415794701,0.8188808242408608,0.7434164419390088,0.7513102341326585,0.8808291416262292,0.8682154781510876,0.7637077155740443,0.7434518203344611,0.7443461833595153,0.8019682539679442,0.7659954336010664
0.79434276144756,0.7680233779709166,0.755496161162239,0.7515795645411542,0.7531984475215335,0.7476418413466105,0.7678855973940474,0.7536426284488327,1.0,0.7567040456233085,0.7653909569156011,0.7477234724954536,0.7678696861582885,0.749852224864731,0.7537852128594028,0.7720489312655976,0.692015699140222,0.7606325711824939,0.734754365906253,0.7731917218588955,0.7681044742315241,0.7463988554220005,0.7654935793704979,0.7359116074619789,0.6972759987514392,0.6613739460507629,0.765961182481222,0.7475381138160649,0.7745803574303675,0.794151082119724,0.7443816324036386,0.7498664318347588,0.07218510325126604,0.7547203298711107,0.7551791023788831,0.737235458164933,0.7557215279026939,0.7569694096069493,0.6396283429372045,0.7710665593890981,0.7520148882435086,0.7609822036788764,0.7671661315142912,0.75390752852141,0.7501359262980967,0.7631568866428301,0.7566675612100107,0.7591876561948044,0.7557836641627663,0.7833307528186128
0.7643311480451876,0.76672409307794,0.732390667645243,0.8281836043700914,0.746382546546129,0.7408481414824315,0.7426430723139303,0.8142537032986397,0.7567040456233085,1.0,0.7553664261138505,0.8123416494878171,0.7518798505502704,0.8160052293468447,0.8146144409458714,0.7477228693558768,0.6874929883060552,0.7446457583202932,0.7160633472041685,0.7483524822996797,0.748054832125551,0.727083946453983,0.7459364053651404,0.7315132911465878,0.6977056562995508,0.6558436027402763,0.7575777845455245,0.82162174804897,0.7629813014385849,0.7594977947379313,0.8140283834257593,0.7431321986152042,0.07265031857552628,0.739166504942841,0.7359096247136636,0.7679155974306942,0.7315502887078948,0.749924338709919,0.6727496693993893,0.7543995431376743,0.8259981685932739,0.7461990945129501,0.7544825410018692,0.824427872124179,0.8254155718007344,0.7571272520715152,0.7441113821080378,0.7457175685681758,0.8119937839806859,0.7629494150041811
0.7711847093593716,0.8077970655828892,0.7488114683297845,0.7392603004180098,0.7971548915979031,0.7933663630753807,0.782802633968144,0.7516157913248629,0.7653909569156011,0.7553664261138505,1.0,0.7503164904836789,0.8380572029830379,0.7459062996849561,0.7414345983581644,0.7839009447750739,0.717276627950069,0.822806825956729,0.7895450789668613,0.7868708352688687,0.8206106723240847,0.8150621084312102,0.8223179552581217,0.773625542553479,0.7269721815476562,0.685192714496448,0.8261526159719587,0.7504038289910024,0.7634456538680177,0.782294333015145,0.7403123943444863,0.800816908978144,0.07580204246163935,0.8132978049533844,0.7906332791319665,0.7432821653933153,0.7676771247581047,0.8130124023671746,0.6430537630290216,0.8351417825139883,0.7424775826105041,0.8100038517466636,0.8251843341491626,0.7560615253417817,0.752856441591909,0.7536701598299961,0.799000060285307,0.8015477902624828,0.7532030273391852,0.7725832568993047
0.7673766295857574,0.7690069775628479,0.7342876433594001,0.8206159741382772,0.7443531561529677,0.7470374669946053,0.7440362982296367,0.8145952149281519,0.7477234724954536,0.8123416494878171,0.7503164904836789,1.0,0.7468601818614418,0.8129821166985403,0.8368117088906553,0.7484745953419794,0.7010730129990685,0.7413711971686545,0.7159217429872153,0.747817577929816,0.7412032907015855,0.7299023108809898,0.7469063593977525,0.737640065823689,0.7036682998766757,0.6697324710266923,0.7490006314919652,0.8151695626604165,0.7636138324304655,0.7546030189529409,0.7983558560565892,0.7461261178150672,0.0730999510723579,0.7444126090912861,0.7472637064840211,0.763712627638871,0.7323177577174234,0.751826895198557,0.6893620861026647,0.7513579349573996,0.8123230403483928,0.7484300099968164,0.7540451298449046,0.8162939073355526,0.8162523315848883,0.7649848356933477,0.7526307522748364,0.7531070847183714,0.7976377889013485,0.7667612386208646
0.7705668715360772,0.7999678232341418,0.7514188564228134,0.7375525714103031,0.8018523385742937,0.7789952523542459,0.7742192499710584,0.7515484567350381,0.7678696861582885,0.7518798505502704,0.8380572029830379,0.7468601818614418,1.0,0.7425611719322549,0.7444237293425711,0.7818330343472614,0.7152673614366957,0.8182846197864473,0.811494328321357,0.7782648889991635,0.8216269647558502,0.8228645036384042,0.832731439161552,0.7692918214110087,0.719968601842677,0.6784184583389509,0.8373864818408845,0.7461770117338054,0.7629788508300072,0.7833542960040052,0.7353772879771467,0.8162291088589211,0.06883014680387256,0.8175999743061262,0.7840606290149449,0.7348518165355071,0.7697772233434141,0.8197867590337932,0.638419845241462,0.8383282096616396,0.7445011337743346,0.7986339640068038,0.8397842179966714,0.7514959718313323,0.751530028466651,0.748662911325077,0.7887210362917472,0.7909077838530769,0.7490480293204371,0.7687807772260912
0.7592455727950722,0.7547066335864281,0.7317371045805185,0.8362926285317709,0.7444436647227484,0.7403578440213074,0.7401840022631394,0.8103293570379461,0.749852224864731,0.8160052293468447,0.7459062996849561,0.8129821166985403,0.7425611719322549,1.0,0.839852108959461,0.7417154693447365,0.6855523699343948,0.7446327490627898,0.7157374177516729,0.7456061848605917,0.7437588792604708,0.7266423587300985,0.7525473843732147,0.7151853112647625,0.6876592488593409,0.6541155126729697,0.7506658099340036,0.8257327526673782,0.7636069987642404,0.7466838519837603,0.8063672423975417,0.7392434432012976,0.06743308725007324,0.7458662864265756,0.7351282876691738,0.7680450633850464,0.7272455102997174,0.7471694698787696,0.6763283867232499,0.751178657484695,0.8224896862960247,0.7436773133575938,0.75343755768304,0.8265830733988296,0.8234729533627357,0.7617714142332713,0.7449186360531135,0.7474857291761936,0.8091478881150824,0.7678296810067179
0.7491115084147296,0.7530312888184707,0.7206279587553448,0.8447225845136914,0.7492923256086195,0.7372949318202495,0.7400985165771339,0.8033418332857512,0.7537852128594028,0.8146144409458714,0.7414345983581644,0.8368117088906553,0.7444237293425711,0.839852108959461,1.0,0.745962588645817,0.6926544555793793,0.7396069260754766,0.7101994817909927,0.7448185632535769,0.7395107570674656,0.723122782563057,0.7483737225911995,0.7226012215854435,0.6906946744427497,0.6521830818153711,0.7447248626587981,0.8087234596357094,0.751312228621635,0.7456777132763879,0.807631354450488,0.7430806003901398,0.06472673548419627,0.7389525565422355,0.7369501907158809,0.7599741514703144,0.7304685221952513,0.7428693024550551,0.6729115545860151,0.7448455211025888,0.8239153735878124,0.7386337215106835,0.7532899930275333,0.8106057640848496,0.8100423330979895,0.7612396360119189,0.7427863620861448,0.7450137411768647,0.7971711195037141,0.7660593170211767
0.7793610809584869,0.7807256535542204,0.7467670628117257,0.7425428159559774,0.7667060748974351,0.7725383795202974,0.9012208597179839,0.7482589386177145,0.7720489312655976,0.7477228693558768,0.7839009447750739,0.7484745953419794,0.7818330343472614,0.7417154693447365,0.745962588645817,1.0,0.7032318715077732,0.7876204291607617,0.767797050056909,0.9068565798642796,0.7913008590240392,0.7768790146019554,0.7974844258754287,0.7412801963812039,0.7096176685417956,0.6703194798250831,0.7847003003740024,0.7464018682803231,0.7639705984085876,0.7730988786100239,0.7337424356890119,0.7733522443111843,0.07266334569536415,0.7815674378484945,0.7670951196694609,0.7396571560821826,0.8959443336167998,0.7751465843227432,0.6471552832323109,0.7816701053650446,0.746043154603961,0.7767791871120376,0.7777044221917979,0.7526976778657604,0.7523275755407386,0.7602566982252242,0.7703039906806359,0.7725370393791773,0.7484593831818973,0.7763213166159912
0.7119962368139472,0.7309386948139283,0.6738637904870801,0.6888924672725747,0.7252084205987077,0.7392581023355189,0.7028102247017038,0.6962755447001792,0.692015699140222,0.6874929883060552,0.717276627950069,0.7010730129990685,0.7152673614366957,0.6855523699343948,0.6926544555793793,0.7032318715077732,1.0,0.7109075343276294,0.6962230276007912,0.704142912699039,0.7165547495021489,0.7046288727579726,0.7231906376479605,0.7978919618764244,0.8059058026830979,0.8062511506282807,0.7159575716506317,0.681227169483708,0.6887676424042153,0.6971200103728102,0.6824894573299968,0.7615543254394482,0.06849831941024531,0.7242249547578977,0.7369887921732065,0.6720670910843116,0.6961070839063218,0.718642229283476,0.7049676502571341,0.7296516327803878,0.6852820989165584,0.7249446166258278,0.7241421472315672,0.6992688128021557,0.6980754143150832,0.6983714064354134,0.7683458646830061,0.758140158511577,0.6859892704848352,0.700936309489078
0.772900780714998,0.803764269526897,0.7520471180465598,0.73521067419876,0.781489583280692,0.7990667307120631,0.8019140655364327,0.7506250576466952,0.7606325711824939,0.7446457583202932,0.822806825956729,0.7413711971686545,0.8182846197864473,0.7446327490627898,0.7396069260754766,0.7876204291607617,0.7109075343276294,1.0,0.8143215330599862,0.8009528922021283,0.8394816293890439,0.819484186100886,0.8399522679721865,0.7578783835400885,0.7187707036644162,0.6760922791258623,0.8266376432050284,0.748956011199569,0.769224729354014,0.7726656007225166,0.73312132702513,0.7959355639729491,0.06494611406175721,0.8158851526670245,0.7924161542029879,0.7507918165219714,0.7817416490133448,0.805880196743276,0.652013046827064,0.826460343320112,0.7386703200464724,0.7941722025150874,0.8196920718155674,0.7566448796997869,0.7540672537556931,0.7566430479899904,0.7927286014226055,0.7954578879896318,0.7469094198344006,0.7752327715198115
0.7447470004305732,0.7674211473168542,0.7260328708474924,0.706715461883861,0.7592296941301159,0.768986634697235,0.7739486035404272,0.7201914282484483,0.734754365906253,0.7160633472041685,0.7895450789668613,0.7159217429872153,0.811494328321357,0.7157374177516729,0.7101994817909927,0.767797050056909,0.6962230276007912,0.8143215330599862,1.0,0.7700256672510899,0.8017504069053684,0.8147172906706022,0.8076402266116373,0.7321809537656008,0.6992067461069151,0.6527146159171808,0.8000436862938569,0.7189549235987112,0.7365276110631831,0.7452918023742657,0.7075664617638563,0.7880984087295659,0.07000580398440759,0.7910756684913284,0.7633088830415317,0.7120935297139923,0.7612830698548902,0.7785221434893288,0.6316245404283738,0.7945108818477395,0.710775612350257,0.7719396029896911,0.7904192090063991,0.7263071974627533,0.7253464674188503,0.729184984727273,0.7588946397747839,0.7626011876076946,0.7176222209021621,0.7437736333287811
0.782713697697441,0.7852748759324766,0.7525232183474916,0.7426741929587473,0.7590103132884272,0.777534077056483,0.9417334034170345,0.7494653718763211,0.7731917218588955,0.7483524822996797,0.7868708352688687,0.747817577929816,0.7782648889991635,0.7456061848605917,0.7448185632535769,0.9068565798642796,0.704142912699039,0.8009528922021283,0.7700256672510899,1.0,0.8024575014437143,0.7790752342385212,0.8074180287474453,0.7410849665002179,0.7088460745263465,0.6674564594025101,0.7911635948025401,0.7485902091839873,0.7692842787175541,0.7725579219894457,0.7356495870911,0.7690188161664981,0.0746171102483344,0.7891902201315446,0.7719794724150517,0.7451209163533785,0.9075839143445941,0.777570107894642,0.6494749751772058,0.7864973655440671,0.7441379386965251,0.7802727442428319,0.7805726765993632,0.7564397065609204,0.7543917121928831,0.7651517081854833,0.7724489423488528,0.7750387698178713,0.7502507353411907,0.7792716259804625
0.7729722091588027,0.8017943761544685,0.7580555400313161,0.7357352623855169,0.7847819185434717,0.7943053361855221,0.8024104445205386,0.746137499984048,0.7681044742315241,0.748054832125551,0.8206106723240847,0.7412032907015855,0.8216269647558502,0.7437588792604708,0.7395107570674656,0.7913008590240392,0.7165547495021489,0.8394816293890439,0.8017504069053684,0.8024575014437143,1.0,0.8209187054440478,0.8429361985602544,0.7580386135206434,0.7232365920771635,0.6800812957313456,0.8268470859441248,0.7434941940174755,0.7718560092342565,0.7742785585124777,0.731988319239321,0.8012004861495257,0.0730224481213001,0.8270046708589077,0.7925589581237006,0.7468711712476437,0.781186798765366,0.8072271489962707,0.6451859330432136,0.8272566403295079,0.7359923123780847,0.7929907827102899,0.8237838046905274,0.75037443444093,0.7475014538601755,0.7606913796806307,0.7931312167358863,0.795738808801765,0.7504865423859076,0.7833179585750587
0.7562110708678635,0.7774757136090509,0.7370104692988872,0.7203647108217837,0.7685549569865484,0.789213366678113,0.7828186339008892,0.7314153953621484,0.7463988554220005,0.727083946453983,0.8150621084312102,0.7299023108809898,0.8228645036384042,0.7266423587300985,0.723122782563057,0.7768790146019554,0.7046288727579726,0.819484186100886,0.8147172906706022,0.7790752342385212,0.8209187054440478,1.0,0.8581306457180542,0.7421411807356936,0.7134018947689482,0.6674961713934471,0.8114434126110781,0.7282942058128028,0.7505681518762441,0.7575064251327037,0.7171417145955725,0.7967350409486627,0.06264919828882876,0.833702403214013,0.7734370142072786,0.7273280823605868,0.7649897801294248,0.7975451495830879,0.6322901768617013,0.8145154676199499,0.7232818586470924,0.7777528489081613,0.8136007835988452,0.7355354512074948,0.7330843065737568,0.743566917257221,0.772571546253214,0.7754622523345869,0.7281301549253149,0.7618303177084718
0.7763641287821266,0.8058592878275743,0.7588875390051907,0.7444385680939392,0.7880427029062657,0.797607258723789,0.8033755516054807,0.752022479043501,0.7654935793704979,0.7459364053651404,0.8223179552581217,0.7469063593977525,0.832731439161552,0.7525473843732147,0.7483737225911995,0.7974844258754287,0.7231906376479605,0.8399522679721865,0.8076402266116373,0.8074180287474453,0.8429361985602544,0.8581306457180542,1.0,0.7584950345427449,0.7244230237747581,0.6772453061249477,0.8366581293437991,0.7500940858646477,0.7697524652334916,0.7752457594292206,0.7374155606888804,0.8126206677290566,0.0635701146057368,0.8638319196295858,0.7922434067142046,0.7460177429216459,0.7864808148106391,0.819202445842621,0.6469631410383547,0.8308239021180199,0.7445878364377183,0.7955592744036186,0.8373725295228451,0.7597466863254034,0.7565653197298318,0.7641942213912768,0.7903068485589072,0.7952036544950327,0.7526168012078032,0.7813753118244583
0.7521562375484875,0.7921888609008055,0.7130871789024595,0.7207033967054887,0.7563494333702376,0.7828387140658111,0.7404178395356095,0.7286407757847124,0.7359116074619789,0.7315132911465878,0.773625542553479,0.737640065823689,0.7692918214110087,0.7151853112647625,0.7226012215854435,0.7412801963812039,0.7978919618764244,0.7578783835400885,0.7321809537656008,0.7410849665002179,0.7580386135206434,0.7421411807356936,0.7584950345427449,1.0,0.8070106494125544,0.7771039733382354,0.7641042000194753,0.7171032178344384,0.7337694486704442,0.7425025059182995,0.7138463531116922,0.777493497949694,0.07353400766605589,0.758191912262413,0.7969118320353408,0.7117855636417981,0.7339878802042596,0.7577621232527784,0.70449171421817,0.7731133051180485,0.7218693344543576,0.7786390426018518,0.764212395740985,0.7300692647456521,0.7311197103844045,0.7275193143310695,0.7952488094740796,0.7872003311777226,0.7263108789655852,0.738950216544447
0.7154582404312371,0.7541627011812105,0.684564697734044,0.6982115088811971,0.7274978508990722,0.7582946261841835,0.7080133654505736,0.6996950763487819,0.6972759987514392,0.6977056562995508,0.7269721815476562,0.7036682998766757,0.719968601842677,0.6876592488593409,0.6906946744427497,0.7096176685417956,0.8059058026830979,0.7187707036644162,0.6992067461069151,0.7088460745263465,0.7232365920771635,0.7134018947689482,0.7244230237747581,0.8070106494125544,1.0,0.7945507481240763,0.7219930002938381,0.6877083523565655,0.6959643720220459,0.7009830178205869,0.6875717302781252,0.7636897733368638,0.06745899485304663,0.7226734116348617,0.7584815977437754,0.6799581845733116,0.7015637784164748,0.7297171321940892,0.6892070440897038,0.7332977067713655,0.6915105402889397,0.7320792638684652,0.7233085151138052,0.7079393130301199,0.7043632345909854,0.7056229142598885,0.7633438189963381,0.7549311946677283,0.6926358779569481,0.7047543053197121
0.6735327414758097,0.6929688835777083,0.6429648436102382,0.6541096220967608,0.6868520403648448,0.696237334521749,0.6654222610534195,0.6602051870582771,0.6613739460507629,0.6558436027402763,0.685192714496448,0.6697324710266923,0.6784184583389509,0.6541155126729697,0.6521830818153711,0.6703194798250831,0.8062511506282807,0.6760922791258623,0.6527146159171808,0.6674564594025101,0.6800812957313456,0.6674961713934471,0.6772453061249477,0.7771039733382354,0.7945507481240763,1.0,0.674954502790825,0.6478648099498115,0.652938915497129,0.6661102973093767,0.6418237093124746,0.7090967266927465,0.059085836590366814,0.6797826368031714,0.7010433452302806,0.6361523392098,0.6602094522929947,0.6792771859985951,0.7039650745351076,0.6936422072122841,0.6500493233028286,0.683427992552939,0.6761046917267785,0.6665502519869884,0.6636123512405901,0.6620974815741956,0.7375753559728373,0.7242495076814939,0.6580969797165805,0.6628684990635678
0.7727000245551929,0.8002388436264694,0.7572502131608179,0.7438542171367544,0.7871817752134295,0.7848781105398405,0.7890144159364888,0.7545454172773505,0.765961182481222,0.7575777845455245,0.8261526159719587,0.7490006314919652,0.8373864818408845,0.7506658099340036,0.7447248626587981,0.7847003003740024,0.7159575716506317,0.8266376432050284,0.8000436862938569,0.7911635948025401,0.8268470859441248,0.8114434126110781,0.8366581293437991,0.7641042000194753,0.7219930002938381,0.674954502790825,1.0,0.750496950267477,0.772855228934315,0.7799296292433603,0.7450328976498884,0.8044228025685344,0.06770053770668538,0.8186072306540646,0.7828468007683334,0.738759337235921,0.7735307883868159,0.8409238101391672,0.6446088143147901,0.8428331081306171,0.7479687066534759,0.802707062314883,0.8598029399885656,0.7607698067322474,0.7569565015526847,0.7569080545210143,0.7882469052770542,0.7916588482381332,0.7537819073316657,0.7777092864800056
0.760818353582969,0.7616597377715152,0.7310665978518858,0.8234112769559565,0.738116450146467,0.7418575299428656,0.7422459510322997,0.8779888284403713,0.7475381138160649,0.82162174804897,0.7504038289910024,0.8151695626604165,0.7461770117338054,0.8257327526673782,0.8087234596357094,0.7464018682803231,0.681227169483708,0.748956011199569,0.7189549235987112,0.7485902091839873,0.7434941940174755,0.7282942058128028,0.7500940858646477,0.7171032178344384,0.6877083523565655,0.6478648099498115,0.750496950267477,1.0,0.7659455954437158,0.7530486906387609,0.8065640858081213,0.7372697063189246,0.06821768138232642,0.745539602272241,0.7351957366291793,0.7687050244883281,0.7310612534543364,0.7529244950654069,0.6775863226936514,0.7534170805649605,0.8199717458110384,0.7424639283448404,0.7476776993798416,0.9182592206859553,0.9021677305102092,0.7624144156287127,0.7426104306255135,0.7435929889183057,0.8139117165219866,0.7651396506688364
0.7798150398783257,0.7747395647294724,0.7633680886041752,0.7537318079259203,0.7529694265958347,0.7598058302388635,0.7650909096763081,0.7615164702385597,0.7745803574303675,0.7629813014385849,0.7634456538680177,0.7636138324304655,0.7629788508300072,0.7636069987642404,0.751312228621635,0.7639705984085876,0.6887676424042153,0.769224729354014,0.7365276110631831,0.7692842787175541,0.7718560092342565,0.7505681518762441,0.7697524652334916,0.7337694486704442,0.6959643720220459,0.652938915497129,0.772855228934315,0.7659455954437158,1.0,0.7740833374761309,0.7531905672724344,0.7519446724896603,0.07120868207436348,0.7645720670631903,0.7515398705882483,0.7489642448876437,0.750075823388811,0.7642174277298512,0.6504537574332587,0.7742817662096148,0.7595984132756773,0.7638348562891095,0.7671981920188506,0.7640293633037358,0.762632956964349,0.7818836380382677,0.7537821063943624,0.7555750715036307,0.7621138358485775,0.849934793369388
0.7937680226094674,0.7743694012363342,0.7642533652733344,0.742679651989123,0.7564924239823478,0.7532762770658769,0.7667058280519135,0.7559088958106497,0.794151082119724,0.7594977947379313,0.782294333015145,0.7546030189529409,0.7833542960040052,0.7466838519837603,0.7456777132763879,0.7730988786100239,0.6971200103728102,0.7726656007225166,0.7452918023742657,0.7725579219894457,0.7742785585124777,0.7575064251327037,0.7752457594292206,0.7425025059182995,0.7009830178205869,0.6661102973093767,0.7799296292433603,0.7530486906387609,0.7740833374761309,1.0,0.7387451909516971,0.7610096523964238,0.07605874087352371,0.7634677376773091,0.7540968262392763,0.7437769996219343,0.7553100235459119,0.7720946026968847,0.6392704837298246,0.7935875725769327,0.7497094326024445,0.7690320497131363,0.7812714399149757,0.7566411712501452,0.7547793602466243,0.774333122684532,0.7666550477308873,0.7693435445458051,0.7532392327176797,0.7843925696331071
0.744691812758696,0.7465076967261177,0.7215249658357696,0.813704374260185,0.7366070284247711,0.729236336612066,0.73113635566176,0.8055565295081152,0.7443816324036386,0.8140283834257593,0.7403123943444863,0.7983558560565892,0.7353772879771467,0.8063672423975417,0.807631354450488,0.7337424356890119,0.6824894573299968,0.73312132702513,0.7075664617638563,0.7356495870911,0.731988319239321,0.7171417145955725,0.7374155606888804,0.7138463531116922,0.6875717302781252,0.6418237093124746,0.7450328976498884,0.8065640858081213,0.7531905672724344,0.7387451909516971,1.0,0.7342497306617977,0.07282688067072707,0.7330664113021705,0.7237636308461854,0.7626414548572836,0.7202627815161505,0.7412588070230659,0.664125559424448,0.7452239930887448,0.8601185745470185,0.7329605528230606,0.7429994699115711,0.8057452389119152,0.8033811738430323,0.7521379373895244,0.7308682061038869,0.7316661051619688,0.795214278801676,0.7547644900543687
0.7690641973613161,0.7898036868946525,0.7394946493731713,0.7409780425049836,0.7929132620105901,0.7898956458724109,0.7670696355377011,0.7435494729744403,0.7498664318347588,0.7431321986152042,0.800816908978144,0.7461261178150672,0.8162291088589211,0.7392434432012976,0.7430806003901398,0.7733522443111843,0.7615543254394482,0.7959355639729491,0.7880984087295659,0.7690188161664981,0.8012004861495257,0.7967350409486627,0.8126206677290566,0.777493497949694,0.7636897733368638,0.7090967266927465,0.8044228025685344,0.7372697063189246,0.7519446724896603,0.7610096523964238,0.7342497306617977,1.0,0.06571342725848972,0.8061646764732693,0.7794701409391113,0.723284651759525,0.7637159648156324,0.8045504432073991,0.6664681607081788,0.810597438806913,0.7371465330096987,0.7884728214653481,0.8153435149885502,0.7475374664609373,0.7491468362683559,0.7476025576958211,0.7997580718905196,0.800404022966289,0.7353235292966591,0.7602353160677904
0.07247659567975495,0.07061245041762676,0.07249832844786375,0.06710678188185615,0.06589845238019443,0.07259260180172333,0.07418994232413689,0.0728373048719485,0.07218510325126604,0.07265031857552628,0.07580204246163935,0.0730999510723579,0.06883014680387256,0.06743308725007324,0.06472673548419627,0.07266334569536415,0.06849831941024531,0.06494611406175721,0.07000580398440759,0.0746171102483344,0.0730224481213001,0.06264919828882876,0.0635701146057368,0.07353400766605589,0.06745899485304663,0.059085836590366814,0.06770053770668538,0.06821768138232642,0.07120868207436348,0.07605874087352371,0.07282688067072707,0.06571342725848972,1.0,0.06669667745054986,0.06927003087323247,0.07091390556878452,0.07211609854464074,0.07807149577005545,0.07876033354647305,0.06756117076549284,0.07064898385740581,0.0751127336606574,0.07242833727164877,0.06783290760058469,0.06970942552927561,0.07156502787524022,0.07179951532265227,0.07175614164186328,0.07337022353161549,0.0700099619324277
0.7711399159238916,0.7947876301104138,0.7466654310495151,0.7350395826431524,0.7821035098178757,0.7942438225789183,0.7862709688045523,0.7464052862972175,0.7547203298711107,0.739166504942841,0.8132978049533844,0.7444126090912861,0.8175999743061262,0.7458662864265756,0.7389525565422355,0.7815674378484945,0.7242249547578977,0.8158851526670245,0.7910756684913284,0.7891902201315446,0.8270046708589077,0.833702403214013,0.8638319196295858,0.758191912262413,0.7226734116348617,0.6797826368031714,0.8186072306540646,0.745539602272241,0.7645720670631903,0.7634677376773091,0.7330664113021705,0.8061646764732693,0.06669667745054986,1.0,0.7868918673051134,0.7442808238928023,0.7715506581564486,0.8082746787347809,0.6619126212669915,0.8248665700712318,0.7369366616622476,0.790460509499771,0.8287400099226039,0.7515528006034635,0.7511588138050312,0.7508814798497632,0.7925821584703892,0.7958530660200719,0.7459814341966493,0.7750398108521469
0.7658666262586795,0.8227322496497534,0.7272935449526869,0.7366587948235968,0.7688278838210756,0.8202895791150961,0.7729182498177463,0.7379835001326572,0.7551791023788831,0.7359096247136636,0.7906332791319665,0.7472637064840211,0.7840606290149449,0.7351282876691738,0.7369501907158809,0.7670951196694609,0.7369887921732065,0.7924161542029879,0.7633088830415317,0.7719794724150517,0.7925589581237006,0.7734370142072786,0.7922434067142046,0.7969118320353408,0.7584815977437754,0.7010433452302806,0.7828468007683334,0.7351957366291793,0.7515398705882483,0.7540968262392763,0.7237636308461854,0.7794701409391113,0.06927003087323247,0.7868918673051134,1.0,0.7359363150638554,0.7551360483873196,0.7761389739241604,0.650142524204292,0.7934130455867536,0.7340855503918928,0.802678495794126,0.7911611357297305,0.7426136928982086,0.7411066880155445,0.74895470496203,0.7996017100896889,0.8026115620694599,0.7368505394424737,0.7650371062740796
0.7429238764624216,0.7440717398725094,0.7260045784875413,0.7663562438158793,0.7242848864605418,0.7376308503252849,0.7417859247919576,0.7673707929877909,0.737235458164933,0.7679155974306942,0.7432821653933153,0.763712627638871,0.7348518165355071,0.7680450633850464,0.7599741514703144,0.7396571560821826,0.6720670910843116,0.7507918165219714,0.7120935297139923,0.7451209163533785,0.7468711712476437,0.7273280823605868,0.7460177429216459,0.7117855636417981,0.6799581845733116,0.6361523392098,0.738759337235921,0.7687050244883281,0.7489642448876437,0.7437769996219343,0.7626414548572836,0.723284651759525,0.07091390556878452,0.7442808238928023,0.7359363150638554,1.0,0.7270643457641877,0.7360844961843833,0.6726802159752543,0.7436552026282899,0.7674130902614242,0.7335841735053921,0.7395394976273864,0.7722485395848655,0.7715983798744767,0.7483561934049048,0.7264631832333339,0.7279880291123315,0.7804860842817842,0.7549354563210149
0.7669567669138857,0.7665820022084984,0.7355289001637202,0.7269087989984186,0.7516733490001497,0.7628724962810287,0.9049541155148433,0.7326039507240536,0.7557215279026939,0.7315502887078948,0.7676771247581047,0.7323177577174234,0.7697772233434141,0.7272455102997174,0.7304685221952513,0.8959443336167998,0.6961070839063218,0.7817416490133448,0.7612830698548902,0.9075839143445941,0.781186798765366,0.7649897801294248,0.7864808148106391,0.7339878802042596,0.7015637784164748,0.6602094522929947,0.7735307883868159,0.7310612534543364,0.750075823388811,0.7553100235459119,0.7202627815161505,0.7637159648156324,0.07211609854464074,0.7715506581564486,0.7551360483873196,0.7270643457641877,1.0,0.7659117567644762,0.6400233594888205,0.7652366404190587,0.7291779935931241,0.767258896636923,0.7662506035717074,0.7382515423675708,0.7372244900136409,0.745160817841412,0.7584661734464744,0.7597013714302762,0.732603766232627,0.7615298990150914
0.7754839859059024,0.802583895783668,0.7521701092837351,0.7397867983689674,0.7877262853076682,0.7911903355345584,0.7730580998639209,0.7585303402897468,0.7569694096069493,0.749924338709919,0.8130124023671746,0.751826895198557,0.8197867590337932,0.7471694698787696,0.7428693024550551,0.7751465843227432,0.718642229283476,0.805880196743276,0.7785221434893288,0.777570107894642,0.8072271489962707,0.7975451495830879,0.819202445842621,0.7577621232527784,0.7297171321940892,0.6792771859985951,0.8409238101391672,0.7529244950654069,0.7642174277298512,0.7720946026968847,0.7412588070230659,0.8045504432073991,0.07807149577005545,0.8082746787347809,0.7761389739241604,0.7360844961843833,0.7659117567644762,1.0,0.650546350066485,0.823263059032605,0.7484340243851945,0.7933128464286205,0.8534596210696739,0.7608511261770212,0.756194402982502,0.7546528737513495,0.7927857234985651,0.7962621628592921,0.7537238491041943,0.7728440728533128
0.6590742716029121,0.6484874118325691,0.6306106441503287,0.6798687175424689,0.6503525953814384,0.6583565599753063,0.6491125383727097,0.6863716388360097,0.6396283429372045,0.6727496693993893,0.6430537630290216,0.6893620861026647,0.638419845241462,0.6763283867232499,0.6729115545860151,0.6471552832323109,0.7049676502571341,0.652013046827064,0.6316245404283738,0.6494749751772058,0.6451859330432136,0.6322901768617013,0.6469631410383547,0.70449171421817,0.6892070440897038,0.7039650745351076,0.6446088143147901,0.6775863226936514,0.6504537574332587,0.6392704837298246,0.664125559424448,0.6664681607081788,0.07876033354647305,0.6619126212669915,0.650142524204292,0.6726802159752543,0.6400233594888205,0.650546350066485,1.0,0.6532600219560875,0.6755269691222792,0.6405890903918674,0.6439310844946091,0.6926184660820663,0.6960118533705328,0.6486536612280773,0.6753004196420131,0.6662119685871978,0.6790344864642804,0.6442276108071441
