../ecoli_genomes/GCF_000163235.1_ASM16323v1_genomic.fna.gz,../ecoli_genomes/GCF_000164555.1_ASM16455v1_genomic.fna.gz,../ecoli_genomes/GCF_000208545.1_ASM20854v2_genomic.fna.gz,../ecoli_genomes/GCF_000233875.1_ASM23387v1_genomic.fna.gz,../ecoli_genomes/GCF_000249735.1_ASM24973v2_genomic.fna.gz,../ecoli_genomes/GCF_000261145.1_Esch_coli_M919_V2_genomic.fna.gz,../ecoli_genomes/GCF_000267705.2_ASM26770v2_genomic.fna.gz,../ecoli_genomes/GCF_000350665.1_Esch_coli_KTE5_V1_genomic.fna.gz,../ecoli_genomes/GCF_000351625.1_Esch_coli_KTE66_V1_genomic.fna.gz,../ecoli_genomes/GCF_000352285.1_Esch_coli_KTE46_V1_genomic.fna.gz,../ecoli_genomes/GCF_000358895.1_ASM35889v1_genomic.fna.gz,../ecoli_genomes/GCF_000456385.1_Esch_coli_HVH_26_4-5703913_V1_genomic.fna.gz,../ecoli_genomes/GCF_000458195.1_Esch_coli_HVH_147_4-5893887_V1_genomic.fna.gz,../ecoli_genomes/GCF_000459755.1_Esch_coli_KOEGE_58_171a_V1_genomic.fna.gz,../ecoli_genomes/GCF_000460055.1_Esch_coli_UMEA_3053-1_V1_genomic.fna.gz,../ecoli_genomes/GCF_000462165.2_ASM46216v2_genomic.fna.gz,../ecoli_genomes/GCF_000601135.1_ASM60113v1_genomic.fna.gz,../ecoli_genomes/GCF_000614595.1_Ec2010EL1058_genomic.fna.gz,../ecoli_genomes/GCF_000617745.1_Ec2010C-4529_genomic.fna.gz,../ecoli_genomes/GCF_000618265.2_EcF6751_genomic.fna.gz,../ecoli_genomes/GCF_000619005.2_Ec2009C-4052_genomic.fna.gz,../ecoli_genomes/GCF_000619105.1_Ec2009C-4780_genomic.fna.gz,../ecoli_genomes/GCF_000619765.2_Ec2009C-3279_genomic.fna.gz,../ecoli_genomes/GCF_000687005.1_ASM68700v1_genomic.fna.gz,../ecoli_genomes/GCF_000687025.1_ASM68702v1_genomic.fna.gz,../ecoli_genomes/GCF_000700125.1_ASM70012v1_genomic.fna.gz,../ecoli_genomes/GCF_000753315.1_FHI35_genomic.fna.gz,../ecoli_genomes/GCF_000776375.1_ASM77637v1_genomic.fna.gz,../ecoli_genomes/GCF_000779395.1_ASM77939v1_genomic.fna.gz,../ecoli_genomes/GCF_000780315.1_ASM78031v1_genomic.fna.gz,../ecoli_genomes/GCF_000781995.1_ASM78199v1_genomic.fna.gz,../ecoli_genomes/GCF_000986765.1_ASM98676v1_genomic.fna.gz,../ecoli_genomes/GCF_001041375.1_ViralProj287958_genomic.fna.gz,../ecoli_genomes/GCF_001265335.1_302014_genomic.fna.gz,../ecoli_genomes/GCF_001265625.1_100854_genomic.fna.gz,../ecoli_genomes/GCF_001267345.1_303289_genomic.fna.gz,../ecoli_genomes/GCF_001309985.1_ASM130998v1_genomic.fna.gz,../ecoli_genomes/GCF_001521695.1_ASM152169v1_genomic.fna.gz,../ecoli_genomes/GCF_001592595.1_ASM159259v1_genomic.fna.gz,../ecoli_genomes/GCF_001614975.1_ASM161497v1_genomic.fna.gz,../ecoli_genomes/GCF_001692775.1_ASM169277v1_genomic.fna.gz,../ecoli_genomes/GCF_001748915.1_ASM174891v1_genomic.fna.gz,../ecoli_genomes/GCF_001749235.1_ASM174923v1_genomic.fna.gz,../ecoli_genomes/GCF_001881155.1_ASM188115v1_genomic.fna.gz,../ecoli_genomes/GCF_001881345.1_ASM188134v1_genomic.fna.gz,../ecoli_genomes/GCF_001892405.1_ASM189240v1_genomic.fna.gz,../ecoli_genomes/GCF_001892585.1_ASM189258v1_genomic.fna.gz,../ecoli_genomes/GCF_001893985.1_ASM189398v1_genomic.fna.gz,../ecoli_genomes/GCF_002001595.1_ASM200159v1_genomic.fna.gz,../ecoli_genomes/GCF_002002145.1_ASM200214v1_genomic.fna.gz
1.0,0.386071348372253,0.30862077337231353,0.3368627750669152,0.36965152147847047,0.365872522940093,0.3552789366011644,0.3388930928437127,0.4303156014811166,0.34315991283753156,0.38425481037572173,0.34603462263388274,0.3746068249345451,0.32586897849860263,0.3189621609573261,0.3589515176080178,0.3303335523844739,0.37315971936520964,0.3402931407019748,0.357178789049692,0.3550646336628016,0.34565785090248313,0.37450446247048164,0.3308639457135186,0.3440874004213945,0.3191627744044796,0.3604716963079526,0.32734324092991474,0.39248031022520313,0.43530393630973585,0.30802091652047603,0.3611467307279257,0.0,0.36134472772632376,0.3671810174942838,0.32806370041848476,0.3374275077220452,0.3685391096362569,0.23946610631048804,0.3750584745418828,0.31372777267059393,0.36753908684006553,0.37160329337893894,0.33602334286121227,0.3455781583968659,0.36633538798085763,0.36250270005758,0.3654157117865706,0.31999360645007535,0.4012360705708785
0.386071348372253,1.0,0.2961346944497725,0.3359475967744944,0.4498230517435712,0.5518152303954786,0.40263255858867286,0.3364632597611039,0.3585802728961246,0.34678518547869486,0.47651606079235564,0.3408905052130311,0.46378243529194396,0.32461767748761006,0.32081197880850754,0.4041792363484996,0.4245094294547256,0.4642221175645722,0.4158475943428608,0.40559782231280506,0.4473134513222261,0.4294979489513183,0.46703956559493265,0.4591399814137137,0.5244312033946654,0.40270570014475626,0.4632674624724672,0.33786496369843244,0.3650572839768357,0.36419479591651205,0.3143519172217152,0.44586350829944177,0.0,0.4437235646047253,0.5748423227790411,0.3267670094257946,0.3796821017436247,0.468526914077686,0.1986220968505774,0.4684534682251914,0.3169664143851648,0.4950067922195658,0.4690660391141115,0.3476518617688348,0.3477434371940825,0.3382871419654335,0.5100201606509409,0.5105282797896937,0.3393102634238372,0.3608320608727087
0.30862077337231353,0.2961346944497725,1.0,0.2630894709523358,0.2691350041285976,0.27095076981678634,0.2740742969686297,0.2635798841964967,0.29908224225634095,0.27251312883810863,0.2976884357867281,0.26529965824846635,0.28729111841022026,0.2600831597241182,0.2562203853335494,0.27604534216782795,0.229661624064199,0.28885992143677375,0.256375568408329,0.2774803700225976,0.2777270338208294,0.2682882465304388,0.286268063085225,0.22762582488529048,0.24982028408033097,0.2180476917271882,0.286092831996722,0.2664950660946227,0.2993684354720726,0.31027355446352733,0.2503302286472707,0.26600916006873965,0.0,0.27555373971563857,0.26916519791546345,0.2682787608853804,0.25911016300694056,0.2814671850687669,0.16133854014396498,0.29042208830581095,0.25662780721328726,0.2799230298736599,0.2915769187318632,0.26987368963763425,0.26468814131897556,0.2823166793108193,0.2870229529631382,0.2866108478424829,0.2682870913604898,0.3047268814548103
0.3368627750669152,0.3359475967744944,0.2630894709523358,1.0,0.32710580099066366,0.32301855738289775,0.3072661365063608,0.5277920499696995,0.3296786692481458,0.5492616211046966,0.33211698274515544,0.5517723657526381,0.3279627801821402,0.5785020225907264,0.5912733429872765,0.31247688013096686,0.27868377441920433,0.32716059873756187,0.30117017512975974,0.3096921357315974,0.3126903528543705,0.30820266331077184,0.33658158528420934,0.2727880448880097,0.3073546021206902,0.26385420109204627,0.32269394304649834,0.5541292763368689,0.3459956736430526,0.32442887670725096,0.5283875842652574,0.325593182550141,0.0,0.3136166395555219,0.31682589478232903,0.4597540764341783,0.29740277276559113,0.3190799745232189,0.3161197071781615,0.32162224221161895,0.5485140169301981,0.3112902228706975,0.32793473798599193,0.5596146952911376,0.5477330813643086,0.3437445627848015,0.3118024649901152,0.31538869389544877,0.4935236898411617,0.36261606084543385
0.36965152147847047,0.4498230517435712,0.2691350041285976,0.32710580099066366,1.0,0.4645039852322318,0.3794436659583138,0.3350984771611084,0.35285138999127563,0.3332444816453505,0.555663399891793,0.3229717812978272,0.5149207535530202,0.3172743495851563,0.3241292728918179,0.40400942094651027,0.44270358337906746,0.45998859910733503,0.428368487854501,0.3813237785474579,0.46873441389797277,0.43697918236289146,0.47414640468876634,0.43758654199782865,0.4509230170925992,0.4256080057628223,0.47608330499551266,0.31579126780304756,0.3543897123261982,0.35871854999658404,0.3113271212425225,0.48384921435326345,0.0,0.4698549510428278,0.4501837732637568,0.3158366213177567,0.3726879768359236,0.4803977460589536,0.20874427705499077,0.4912000808918483,0.32268535751584926,0.45986676091911727,0.5065340780117187,0.32403588880237555,0.3337240032168538,0.32179394091190483,0.4729944101185002,0.4779259913843008,0.3213031810005451,0.34136358534511235
0.365872522940093,0.5518152303954786,0.27095076981678634,0.32301855738289775,0.4645039852322318,1.0,0.39311719167909465,0.33930066239802326,0.3411875828921943,0.3173943740655789,0.4529761103156661,0.32540239754308864,0.4460448555906217,0.3144776360408198,0.3095814884252658,0.3979312592587324,0.43537031481934585,0.4577422188652074,0.41345760368729145,0.39082824833587904,0.4246356806404159,0.4608462469781315,0.4619283806534099,0.4639469891332796,0.5408541285866576,0.40949121993694915,0.4338097754369237,0.318735464489612,0.3486828824421848,0.337600051496602,0.29752604005026495,0.4450743348349583,0.0,0.4496608045963073,0.5581900880941958,0.32533306202252155,0.37317215021308237,0.4463206719999352,0.21279183040279903,0.44712242632328725,0.30272756587946426,0.4978203481818919,0.4563069926990768,0.32881951120614394,0.32948432123691673,0.3233771319651435,0.49291252767269156,0.49644692167160553,0.3156770999455182,0.35371659690198953
0.3552789366011644,0.40263255858867286,0.2740742969686297,0.3072661365063608,0.3794436659583138,0.39311719167909465,1.0,0.3050677156567858,0.3485424875009142,0.30873293030587345,0.41224037988290463,0.3029291707128998,0.4003120435441829,0.3017058949688668,0.29619912368034373,0.7691905842426822,0.3273160576930706,0.4359076249782404,0.3977907395300888,0.8676954997034526,0.43486561568329607,0.3994018746964064,0.44359461578846393,0.3265581953540637,0.3587053943234122,0.31039069955065446,0.40652421375189174,0.3041605771369582,0.3435002533918863,0.34998687271391415,0.2871183759764513,0.3787413069173816,0.0,0.4029120656293078,0.40381771982820913,0.3240159033182627,0.7878402683271043,0.38102023496976345,0.19781535470884148,0.4020607017584502,0.2856539800993243,0.39670002696981077,0.40648404164000895,0.30690041262866474,0.3071210533268368,0.3173146605009607,0.39185707101560685,0.3913019721483837,0.3028527766460175,0.34987034230096814
0.3388930928437127,0.3364632597611039,0.2635798841964967,0.5277920499696995,0.3350984771611084,0.33930066239802326,0.3050677156567858,1.0,0.3237108671823501,0.5310930171631045,0.33341207650476246,0.5227182128069574,0.33337625311353714,0.5212942585319478,0.5074169712444032,0.30940403806605743,0.28651954095758714,0.32567353922198017,0.30078932502555467,0.3068456236942143,0.30677123877049794,0.30344015617526066,0.32971708577377334,0.2942294989321549,0.30879923303236134,0.2752969768171334,0.3228587253689238,0.7081023901208796,0.3548549059337306,0.3237202572746052,0.4958740387616106,0.32093001853620695,0.0,0.32203732521401796,0.32343137608807704,0.45281322706397875,0.29123355697121645,0.3396456032648655,0.3066016269206655,0.3352048867990669,0.5023019113276395,0.32397258507794946,0.3337409560855159,0.708939153010648,0.6836446347603566,0.33330892128217116,0.3181903916853026,0.3201525703339775,0.4842563627608174,0.357681136207477
0.4303156014811166,0.3585802728961246,0.29908224225634095,0.3296786692481458,0.35285138999127563,0.3411875828921943,0.3485424875009142,0.3237108671823501,1.0,0.3415911084240768,0.37578191338694733,0.3162767724929374,0.364725356802012,0.3227100189509198,0.32098306281230715,0.3532258559198662,0.29104610502419637,0.3586720697308148,0.3191705355251009,0.35310860620416573,0.3444525099717144,0.3320365232924132,0.3584125197067455,0.29533386807560225,0.31301038713799645,0.27489304771124823,0.3574568910374526,0.31859011011950666,0.3812805932734352,0.454134421061973,0.3103485694247461,0.3342725538732163,0.0,0.342873870778434,0.3496223667821955,0.3299936418066802,0.3332529035158316,0.34616290865928945,0.20470689666618924,0.3652631345416435,0.31341032268860824,0.352000194094939,0.3716356043221002,0.32087794093427935,0.3164292950141543,0.3578117327054854,0.34873004480292047,0.3497190579205869,0.3168877293369271,0.38945783261029154
0.34315991283753156,0.34678518547869486,0.27251312883810863,0.5492616211046966,0.3332444816453505,0.3173943740655789,0.30873293030587345,0.5310930171631045,0.3415911084240768,1.0,0.346866851512171,0.5197300352897245,0.3381800523602275,0.5378757866636652,0.5269457469730283,0.31672052525419403,0.26573286033996624,0.32902385336542006,0.2972368759478292,0.311833119774377,0.31335726935154906,0.30245385571682026,0.3231604116115556,0.26791531212205877,0.2961524055532927,0.2579844690486166,0.3294371614467255,0.5385090281913415,0.35953017115457075,0.3383319262942954,0.5480601601633827,0.3082114734742487,0.0,0.31154525142562983,0.31810786685839265,0.4710865040033909,0.29523974687670895,0.3226952151802994,0.3133432339982074,0.3344036588123587,0.5503240100702764,0.31860566752170605,0.33075667405302533,0.5377700524102924,0.5417906732365021,0.33684232362349364,0.31963757726038866,0.31958699575064686,0.5129487797053689,0.3574929594768824
0.38425481037572173,0.47651606079235564,0.2976884357867281,0.33211698274515544,0.555663399891793,0.4529761103156661,0.41224037988290463,0.33341207650476246,0.37578191338694733,0.346866851512171,1.0,0.3292900172334583,0.5803412622386366,0.3303586997794462,0.3249268363406086,0.4176701428409697,0.38038827621108273,0.5311152065369018,0.48888005478653784,0.41700536197868376,0.5207783903474053,0.5068407360304363,0.5337225934394093,0.3846349687912769,0.4045695059780047,0.36784946208028335,0.5466841270586056,0.33636813180782854,0.36509475067914066,0.38222857236041063,0.32050723094637557,0.4840260473485979,0.0,0.5165605281967411,0.4733669812011869,0.34157547644526964,0.39371667965170176,0.5303863124566139,0.20541062977448443,0.564895606583264,0.32172226718846286,0.4887279383990849,0.5511249740487091,0.33636761393571524,0.33494137184933215,0.3414363448896556,0.4832401951980565,0.4826186173428165,0.33599693567136013,0.36971882709427406
0.34603462263388274,0.3408905052130311,0.26529965824846635,0.5517723657526381,0.3229717812978272,0.32540239754308864,0.3029291707128998,0.5227182128069574,0.3162767724929374,0.5197300352897245,0.3292900172334583,1.0,0.32686306061127657,0.5304206712140841,0.6130456175859273,0.30636302334306853,0.286599660713308,0.3170805105192761,0.29859136512987905,0.30304612066815806,0.3106869702801516,0.3094000257851093,0.3259147486831523,0.2928005527328347,0.3118810742411239,0.2771439345208311,0.3185709858032588,0.52337699131428,0.3552354627903874,0.32897537844698577,0.4790765791982198,0.3190192949988381,0.0,0.3107220565319143,0.32400082548146036,0.44209637195339524,0.28727318915950895,0.3234728980680054,0.30207465376696063,0.32614658230181226,0.5000532110586128,0.310118349671469,0.3282114725430332,0.5341922766087785,0.5304933655775228,0.34209249455061286,0.3166925233241893,0.3196214365817879,0.4739846374040154,0.3535465219784538
0.3746068249345451,0.46378243529194396,0.28729111841022026,0.3279627801821402,0.5149207535530202,0.4460448555906217,0.4003120435441829,0.33337625311353714,0.364725356802012,0.3381800523602275,0.5803412622386366,0.32686306061127657,1.0,0.3177660218589202,0.3239169197933056,0.4175655077452243,0.37004936455675896,0.530931266505271,0.5387869071850699,0.40417597775094016,0.5344833296085001,0.5627897720902706,0.5736256710493954,0.3780846474510684,0.39597724236162557,0.35510573219726227,0.5830941466984916,0.32591955544362294,0.3553397342066472,0.37796948720998336,0.31158288715326177,0.5166075791775719,0.0,0.5662919234639852,0.4608376877409254,0.32429570269185903,0.3897826208748576,0.5538010636905546,0.20412662711596108,0.5888399187240796,0.3164921262692221,0.4686343833109732,0.5621055201365197,0.32501757031154677,0.32464698861372965,0.33023049969061824,0.4711994268281211,0.47208775889581334,0.3220505462238916,0.35926999342748445
0.32586897849860263,0.32461767748761006,0.2600831597241182,0.5785020225907264,0.3172743495851563,0.3144776360408198,0.3017058949688668,0.5212942585319478,0.3227100189509198,0.5378757866636652,0.3303586997794462,0.5304206712140841,0.3177660218589202,1.0,0.5861016518073061,0.30367108196811543,0.26114215364682414,0.3193505523073702,0.2899107358816092,0.30473818787736495,0.30080686491488107,0.29804391397859786,0.323337807891636,0.25195256436026003,0.28189637560545056,0.24490056486652778,0.3167638007806265,0.5517101298987601,0.34981270880674975,0.31604726246470305,0.5245570933694564,0.30413541744928296,0.0,0.3034194513412948,0.31086411734003583,0.4536220615399764,0.28724073339364586,0.31472733120191565,0.29863082207468783,0.3172578625555562,0.5366110653347054,0.30738214513114703,0.31973478059622884,0.5492256689255204,0.5381083009821597,0.337527885197202,0.3097526973408693,0.3116567472365418,0.48485403203806654,0.35694572521705414
0.3189621609573261,0.32081197880850754,0.2562203853335494,0.5912733429872765,0.3241292728918179,0.3095814884252658,0.29619912368034373,0.5074169712444032,0.32098306281230715,0.5269457469730283,0.3249268363406086,0.6130456175859273,0.3239169197933056,0.5861016518073061,1.0,0.30306336817710644,0.2653357004018452,0.31391270674178584,0.28502968044868116,0.29931895400373787,0.3011317378659245,0.29518035172170387,0.3204087089817188,0.25226731737610786,0.28619940307018754,0.2481389137939809,0.3140189893692843,0.5254922468558711,0.3416432780756238,0.31471748790723375,0.5264003708635707,0.3076088471814199,0.0,0.30376437194803985,0.30796808710946955,0.4477299756541113,0.285797954130552,0.3123388427460243,0.3025873311579781,0.3169782617195175,0.5375244652689883,0.30732389311686914,0.32043438909487554,0.5230484270748074,0.5160211878634353,0.337188019114781,0.3136815402150609,0.31577908865742277,0.47612756438350035,0.36102327716232474
0.3589515176080178,0.4041792363484996,0.27604534216782795,0.31247688013096686,0.40400942094651027,0.3979312592587324,0.7691905842426822,0.30940403806605743,0.3532258559198662,0.31672052525419403,0.4176701428409697,0.30636302334306853,0.4175655077452243,0.30367108196811543,0.30306336817710644,1.0,0.3306758331584756,0.4244824838613823,0.39835160376501655,0.7782274851306813,0.41887190404429664,0.4078879635331254,0.4299801983042968,0.33202014590928774,0.36513461439274386,0.31857010051919255,0.4012534836301749,0.303925175149789,0.34368145039774745,0.36009274321486306,0.29213679403716064,0.382713327991419,0.0,0.39562196180829434,0.3979594346374814,0.3221203856156142,0.7449104403056173,0.38508016653585575,0.1980491301388242,0.40029428962467817,0.2949151001943455,0.3949240968353587,0.40451543945867285,0.3063592666683521,0.30957685153862324,0.3178824161893753,0.3931164932941885,0.3932898877265898,0.3075121228203076,0.3508123411789187
0.3303335523844739,0.4245094294547256,0.229661624064199,0.27868377441920433,0.44270358337906746,0.43537031481934585,0.3273160576930706,0.28651954095758714,0.29104610502419637,0.26573286033996624,0.38038827621108273,0.286599660713308,0.37004936455675896,0.26114215364682414,0.2653357004018452,0.3306758331584756,1.0,0.3660063880111194,0.3347801734116642,0.32712203095697,0.36096461786564216,0.3550971974863365,0.38418221760800053,0.5653300669579542,0.5205287635738653,0.5855407764923037,0.36495272385179267,0.2652578479552542,0.3093950749246698,0.29425096980996135,0.2505892796500325,0.4658311536086789,0.0,0.3884569477582317,0.43975769017669575,0.27379163548580465,0.3182662353560599,0.3684237113511497,0.17364018193431074,0.37614896835784084,0.2535634726213032,0.40043748942892565,0.3776433295241868,0.2942597404684897,0.2975271824331911,0.2810973175987924,0.41417257449452727,0.42072840792317134,0.26027801891616176,0.3004829059023836
0.37315971936520964,0.4642221175645722,0.28885992143677375,0.32716059873756187,0.45998859910733503,0.4577422188652074,0.4359076249782404,0.32567353922198017,0.3586720697308148,0.32902385336542006,0.5311152065369018,0.3170805105192761,0.530931266505271,0.3193505523073702,0.31391270674178584,0.4244824838613823,0.3660063880111194,1.0,0.5296547023226547,0.43867370152254315,0.5442706450892592,0.5200579876145601,0.5637920660702092,0.3666801617465706,0.3944580652593147,0.3484732837682648,0.5302203102023927,0.3254094179150898,0.35594098521554707,0.36369440923120877,0.305628017519303,0.47724782119276854,0.0,0.5151033231936343,0.46533242867661395,0.34089562870431955,0.41357978212745605,0.49074289693594686,0.20460617930107317,0.5258928882561966,0.3054101402081141,0.4673564251937441,0.5251441579785512,0.3247993815362952,0.32293246260723896,0.32794544477201526,0.45997884909682263,0.4607202324302637,0.3118909337234512,0.3603388335768193
0.3402931407019748,0.4158475943428608,0.256375568408329,0.30117017512975974,0.428368487854501,0.41345760368729145,0.3977907395300888,0.30078932502555467,0.3191705355251009,0.2972368759478292,0.48888005478653784,0.29859136512987905,0.5387869071850699,0.2899107358816092,0.28502968044868116,0.39835160376501655,0.3347801734116642,0.5296547023226547,1.0,0.3958483417923847,0.5071868410659157,0.5419205003628306,0.5148683206712832,0.33661554547612405,0.3674208814639266,0.31902680483618784,0.5234066394111097,0.29616026508669613,0.32034143980487007,0.32884345718354246,0.2783790559343816,0.465502025206182,0.0,0.5142929907101597,0.42559623133713576,0.3079766061907262,0.3789048064026789,0.48955751868205133,0.18958649818679418,0.5089455493073736,0.2805862995530417,0.4208437885555786,0.4897638415076079,0.29999328466640385,0.3004238961702346,0.30090122587611334,0.4169022218573053,0.4192382933291664,0.2859149032818936,0.3233074406614094
0.357178789049692,0.40559782231280506,0.2774803700225976,0.3096921357315974,0.3813237785474579,0.39082824833587904,0.8676954997034526,0.3068456236942143,0.35310860620416573,0.311833119774377,0.41700536197868376,0.30304612066815806,0.40417597775094016,0.30473818787736495,0.29931895400373787,0.7782274851306813,0.32712203095697,0.43867370152254315,0.3958483417923847,1.0,0.43546831804341535,0.3987968101110949,0.44211561253856324,0.32570264817855477,0.35690901313193535,0.31085747378613027,0.4098748121662338,0.30724211598181694,0.34694368392370567,0.3542853507662085,0.2882431295132182,0.3786688257454419,0.0,0.40163459794107426,0.4033406327758361,0.32516074485881374,0.7919750799845449,0.3844660808979651,0.1969055126656849,0.405330985977998,0.28887767432738487,0.39732543508134743,0.4090791295774824,0.30866301410245656,0.30799506796562026,0.32202109441457405,0.3928657639923827,0.39246420543673255,0.30604599072251937,0.3538771934508851
0.3550646336628016,0.4473134513222261,0.2777270338208294,0.3126903528543705,0.46873441389797277,0.4246356806404159,0.43486561568329607,0.30677123877049794,0.3444525099717144,0.31335726935154906,0.5207783903474053,0.3106869702801516,0.5344833296085001,0.30080686491488107,0.3011317378659245,0.41887190404429664,0.36096461786564216,0.5442706450892592,0.5071868410659157,0.43546831804341535,1.0,0.5165013510347181,0.567071215639418,0.3572452543336274,0.38654914188283607,0.34350195548268714,0.5305005890027865,0.30966213323303715,0.33962245770825783,0.35385943418528976,0.2895155527676716,0.47867874522286147,0.0,0.5218636177980156,0.4494519042726278,0.3263390698959867,0.41151858853940804,0.4999757788253878,0.19492926680305345,0.5300866549808134,0.29621593563332715,0.43460363616937014,0.5252632676001108,0.3124393547345181,0.3130444274634905,0.32588207880122455,0.4563848921717548,0.45628960401628804,0.30750565429101384,0.3464296892554626
0.34565785090248313,0.4294979489513183,0.2682882465304388,0.30820266331077184,0.43697918236289146,0.4608462469781315,0.3994018746964064,0.30344015617526066,0.3320365232924132,0.30245385571682026,0.5068407360304363,0.3094000257851093,0.5627897720902706,0.29804391397859786,0.29518035172170387,0.4078879635331254,0.3550971974863365,0.5200579876145601,0.5419205003628306,0.3987968101110949,0.5165013510347181,1.0,0.6716847463587419,0.3456072394853257,0.39591716755446715,0.3329470961282285,0.5273566578324171,0.30103839929955245,0.3229531202172836,0.3319708845310061,0.2840680337200815,0.48748171982833477,0.0,0.621528405410839,0.43642771352169674,0.31225560224290194,0.3807267389982968,0.5053461398257648,0.193766561962173,0.5300611706292098,0.28531720143872563,0.4274562922467734,0.5159178699073833,0.30542645206977903,0.30119807931149867,0.3083204970295753,0.42595337327265004,0.42599988014602275,0.29652709236391683,0.33410311098530054
0.37450446247048164,0.46703956559493265,0.286268063085225,0.33658158528420934,0.47414640468876634,0.4619283806534099,0.44359461578846393,0.32971708577377334,0.3584125197067455,0.3231604116115556,0.5337225934394093,0.3259147486831523,0.5736256710493954,0.323337807891636,0.3204087089817188,0.4299801983042968,0.38418221760800053,0.5637920660702092,0.5148683206712832,0.44211561253856324,0.567071215639418,0.6716847463587419,1.0,0.36894740817316984,0.41176585984333913,0.34873456969126315,0.5529802519488286,0.32939964060160587,0.3509211913089404,0.35360186552305595,0.30545489829850403,0.5098889939440789,0.0,0.6416214283239137,0.4642199060534786,0.33462527913404005,0.4219192255833768,0.517975260260904,0.2058337871201762,0.5466625274008609,0.3082810191633468,0.45896655566600253,0.5470467524040351,0.3294260481129143,0.32875831761216645,0.330433225142828,0.45749273764195375,0.4590166439342781,0.3176255649408174,0.35765339746714075
0.3308639457135186,0.4591399814137137,0.22762582488529048,0.2727880448880097,0.43758654199782865,0.4639469891332796,0.3265581953540637,0.2942294989321549,0.29533386807560225,0.26791531212205877,0.3846349687912769,0.2928005527328347,0.3780846474510684,0.25195256436026003,0.25226731737610786,0.33202014590928774,0.5653300669579542,0.3666801617465706,0.33661554547612405,0.32570264817855477,0.3572452543336274,0.3456072394853257,0.36894740817316984,1.0,0.5656285208628336,0.5853919375890222,0.3682890066729284,0.262480953300941,0.3090494364782119,0.2965609514871631,0.24996252317802292,0.4259950755121229,0.0,0.378128956112871,0.4924883499777475,0.2658615590028671,0.31377947910595894,0.3674392262886613,0.16945837736921832,0.37785496963503495,0.2553246391806555,0.4079269018670736,0.3728855271370666,0.29632165875669403,0.2920745771736154,0.2796795860942609,0.40683078775730863,0.4134169540098117,0.25983755866214475,0.2976018295815197
0.3440874004213945,0.5244312033946654,0.24982028408033097,0.3073546021206902,0.4509230170925992,0.5408541285866576,0.3587053943234122,0.30879923303236134,0.31301038713799645,0.2961524055532927,0.4045695059780047,0.3118810742411239,0.39597724236162557,0.28189637560545056,0.28619940307018754,0.36513461439274386,0.5205287635738653,0.3944580652593147,0.3674208814639266,0.35690901313193535,0.38654914188283607,0.39591716755446715,0.41176585984333913,0.5656285208628336,1.0,0.5089013106756501,0.3961151453571429,0.28720730015606855,0.32188267980423524,0.31319558802198477,0.2737430508713431,0.4715709923536894,0.0,0.40148308794725684,0.5326040046968734,0.29226819470192067,0.3465382790131598,0.4042367704520271,0.18424527600677965,0.4032291698805963,0.2756970455898554,0.43555125515201976,0.4131858513119634,0.3228731953015189,0.3156565202487269,0.30840980745316915,0.44940688936352247,0.4537532931721394,0.2933486763311698,0.31849780734369726
0.3191627744044796,0.40270570014475626,0.2180476917271882,0.26385420109204627,0.4256080057628223,0.40949121993694915,0.31039069955065446,0.2752969768171334,0.27489304771124823,0.2579844690486166,0.36784946208028335,0.2771439345208311,0.35510573219726227,0.24490056486652778,0.2481389137939809,0.31857010051919255,0.5855407764923037,0.3484732837682648,0.31902680483618784,0.31085747378613027,0.34350195548268714,0.3329470961282285,0.34873456969126315,0.5853919375890222,0.5089013106756501,1.0,0.34759910130681915,0.2482813604630052,0.2898549465467275,0.2811832239485783,0.24006679290595578,0.41833075910614137,0.0,0.3528753418202041,0.41909600598436725,0.25503915721487735,0.30480617517484443,0.35289226189288636,0.16870024474689105,0.36500517489833817,0.24207400426165515,0.38664357057871857,0.3544461467859952,0.28975270474093195,0.2810206012388916,0.27176431289257075,0.3888387216184035,0.3940849179078505,0.25503976618910484,0.28440117648675245
0.3604716963079526,0.4632674624724672,0.286092831996722,0.32269394304649834,0.47608330499551266,0.4338097754369237,0.40652421375189174,0.3228587253689238,0.3574568910374526,0.3294371614467255,0.5466841270586056,0.3185709858032588,0.5830941466984916,0.3167638007806265,0.3140189893692843,0.4012534836301749,0.36495272385179267,0.5302203102023927,0.5234066394111097,0.4098748121662338,0.5305005890027865,0.5273566578324171,0.5529802519488286,0.3682890066729284,0.3961151453571429,0.34759910130681915,1.0,0.3215445429103342,0.35352974675295157,0.3567466076988314,0.309273734177162,0.5049142391514654,0.0,0.529907066342622,0.45860146411132763,0.3231663753476125,0.3870208761487465,0.6042113818228282,0.19346152193088995,0.5769189704524057,0.3108033923633944,0.4547698528440477,0.6288132071479928,0.3258939458464568,0.31655205461261915,0.33168212544364173,0.45639376305732493,0.45647937508835756,0.31964356523527915,0.35282470740185545
0.32734324092991474,0.33786496369843244,0.2664950660946227,0.5541292763368689,0.31579126780304756,0.318735464489612,0.3041605771369582,0.7081023901208796,0.31859011011950666,0.5385090281913415,0.33636813180782854,0.52337699131428,0.32591955544362294,0.5517101298987601,0.5254922468558711,0.303925175149789,0.2652578479552542,0.3254094179150898,0.29616026508669613,0.30724211598181694,0.30966213323303715,0.30103839929955245,0.32939964060160587,0.262480953300941,0.28720730015606855,0.2482813604630052,0.3215445429103342,1.0,0.351622266178212,0.31794684055954725,0.5047938451062741,0.3123314012021363,0.0,0.3136942870092465,0.31388112648145294,0.45728283051860263,0.28924556414297287,0.33179088231249043,0.2989755581582817,0.3285777907803298,0.5126789975884527,0.3178005581691783,0.32574978914627417,0.8013556282209682,0.7616942160127373,0.32935937349860056,0.3172791119471603,0.31734734194741265,0.49966789941547907,0.35060646891736735
0.39248031022520313,0.3650572839768357,0.2993684354720726,0.3459956736430526,0.3543897123261982,0.3486828824421848,0.3435002533918863,0.3548549059337306,0.3812805932734352,0.35953017115457075,0.36509475067914066,0.3552354627903874,0.3553397342066472,0.34981270880674975,0.3416432780756238,0.34368145039774745,0.3093950749246698,0.35594098521554707,0.32034143980487007,0.34694368392370567,0.33962245770825783,0.3229531202172836,0.3509211913089404,0.3090494364782119,0.32188267980423524,0.2898549465467275,0.35352974675295157,0.351622266178212,1.0,0.3790925897801709,0.33692315385185434,0.3394794161423821,0.0,0.3403446045424292,0.34929231200567423,0.35244335416522254,0.3272636642508129,0.3479620845644944,0.22071951497015796,0.35213336541040663,0.3319914546600957,0.3392099761619908,0.35409202363354253,0.3500904871985293,0.3502531127764513,0.4216790445119465,0.34187443783935423,0.3413216172487249,0.3429578335311836,0.6230780164019366
0.43530393630973585,0.36419479591651205,0.31027355446352733,0.32442887670725096,0.35871854999658404,0.337600051496602,0.34998687271391415,0.3237202572746052,0.454134421061973,0.3383319262942954,0.38222857236041063,0.32897537844698577,0.37796948720998336,0.31604726246470305,0.31471748790723375,0.36009274321486306,0.29425096980996135,0.36369440923120877,0.32884345718354246,0.3542853507662085,0.35385943418528976,0.3319708845310061,0.35360186552305595,0.2965609514871631,0.31319558802198477,0.2811832239485783,0.3567466076988314,0.31794684055954725,0.3790925897801709,1.0,0.3098728792371146,0.3316961726098966,0.0,0.3396125272057289,0.3530817065202948,0.3264421337977428,0.33648501760694927,0.35082284575942047,0.20211622542985108,0.37661275469641897,0.31861895484043545,0.3529233742817024,0.3666213833416506,0.32318616267718103,0.32305771965873575,0.3665401110534968,0.3578074794451963,0.3583643954603192,0.3232197105509155,0.3887122076592002
0.30802091652047603,0.3143519172217152,0.2503302286472707,0.5283875842652574,0.3113271212425225,0.29752604005026495,0.2871183759764513,0.4958740387616106,0.3103485694247461,0.5480601601633827,0.32050723094637557,0.4790765791982198,0.31158288715326177,0.5245570933694564,0.5264003708635707,0.29213679403716064,0.2505892796500325,0.305628017519303,0.2783790559343816,0.2882431295132182,0.2895155527676716,0.2840680337200815,0.30545489829850403,0.24996252317802292,0.2737430508713431,0.24006679290595578,0.309273734177162,0.5047938451062741,0.33692315385185434,0.3098728792371146,1.0,0.29589507107932234,0.0,0.2978224209953677,0.2977688911556512,0.442952820292972,0.2761779926686516,0.30416157558903045,0.28617064023045513,0.3126154762733404,0.6517220155284139,0.29986300564831647,0.30979824455208227,0.5017209052522342,0.4934905318182494,0.319131323008899,0.3006246065583188,0.30070549668032465,0.4685973255753667,0.3355777497684481
0.3611467307279257,0.44586350829944177,0.26600916006873965,0.325593182550141,0.48384921435326345,0.4450743348349583,0.3787413069173816,0.32093001853620695,0.3342725538732163,0.3082114734742487,0.4840260473485979,0.3190192949988381,0.5166075791775719,0.30413541744928296,0.3076088471814199,0.382713327991419,0.4658311536086789,0.47724782119276854,0.465502025206182,0.3786688257454419,0.47867874522286147,0.48748171982833477,0.5098889939440789,0.4259950755121229,0.4715709923536894,0.41833075910614137,0.5049142391514654,0.3123314012021363,0.3394794161423821,0.3316961726098966,0.29589507107932234,1.0,0.0,0.5062052021288437,0.43526903422590435,0.3081956504803578,0.37227125930686344,0.5121638099962009,0.20158271457764232,0.5194194314652525,0.29137232323549056,0.4397458556871454,0.5182789183846911,0.32136965661054606,0.3247329460100138,0.31919838371855347,0.4511345072919233,0.4545037174396407,0.29443386295839336,0.3352174458247964
0.0,0.0,0.0,0.0,0.0,0.0,0.0,0.0,0.0,0.0,0.0,0.0,0.0,0.0,0.0,0.0,0.0,0.0,0.0,0.0,0.0,0.0,0.0,0.0,0.0,0.0,0.0,0.0,0.0,0.0,0.0,0.0,1.0,0.0,0.0,0.0,0.0,0.0,0.0,0.0,0.0,0.0,0.0,0.0,0.0,0.0,0.0,0.0,0.0,0.0
0.36134472772632376,0.4437235646047253,0.27555373971563857,0.3136166395555219,0.4698549510428278,0.4496608045963073,0.4029120656293078,0.32203732521401796,0.342873870778434,0.31154525142562983,0.5165605281967411,0.3107220565319143,0.5662919234639852,0.3034194513412948,0.30376437194803985,0.39562196180829434,0.3884569477582317,0.5151033231936343,0.5142929907101597,0.40163459794107426,0.5218636177980156,0.621528405410839,0.6416214283239137,0.378128956112871,0.40148308794725684,0.3528753418202041,0.529907066342622,0.3136942870092465,0.3403446045424292,0.3396125272057289,0.2978224209953677,0.5062052021288437,0.0,1.0,0.45004675207234157,0.3345345547859473,0.38028336623624504,0.5132527436616422,0.20748910144692234,0.5384879669198204,0.29514756133036435,0.4492059429288273,0.5357369234333592,0.3179038906363725,0.3204446035742251,0.31510244063906045,0.4453041648128129,0.4475294528638808,0.3033238721890774,0.341698854027891
0.3671810174942838,0.5748423227790411,0.26916519791546345,0.31682589478232903,0.4501837732637568,0.5581900880941958,0.40381771982820913,0.32343137608807704,0.3496223667821955,0.31810786685839265,0.4733669812011869,0.32400082548146036,0.4608376877409254,0.31086411734003583,0.30796808710946955,0.3979594346374814,0.43975769017669575,0.46533242867661395,0.42559623133713576,0.4033406327758361,0.4494519042726278,0.43642771352169674,0.4642199060534786,0.4924883499777475,0.5326040046968734,0.41909600598436725,0.45860146411132763,0.31388112648145294,0.34929231200567423,0.3530817065202948,0.2977688911556512,0.43526903422590435,0.0,0.45004675207234157,1.0,0.32220051956559637,0.3778544758983664,0.4445583090951849,0.2007972586941159,0.46465203942666566,0.30073013252377356,0.500081507289882,0.4752273574868049,0.3197519419307816,0.3201257573738734,0.32511073381513667,0.4964753326039294,0.4971973751553159,0.3106474395619988,0.34823808859565397
0.32806370041848476,0.3267670094257946,0.2682787608853804,0.4597540764341783,0.3158366213177567,0.32533306202252155,0.3240159033182627,0.45281322706397875,0.3299936418066802,0.4710865040033909,0.34157547644526964,0.44209637195339524,0.32429570269185903,0.4536220615399764,0.4477299756541113,0.3221203856156142,0.27379163548580465,0.34089562870431955,0.3079766061907262,0.32516074485881374,0.3263390698959867,0.31225560224290194,0.33462527913404005,0.2658615590028671,0.29226819470192067,0.25503915721487735,0.3231663753476125,0.45728283051860263,0.35244335416522254,0.3264421337977428,0.442952820292972,0.3081956504803578,0.0,0.3345345547859473,0.32220051956559637,1.0,0.31004804460886026,0.3119918678979665,0.31054963524523627,0.3334144760912878,0.44515501568477833,0.3209220109620122,0.32526868175398627,0.4567189279892139,0.4615088994536731,0.32544351542898897,0.31493618013522007,0.31515443939819343,0.45185501249511417,0.35346305105744
0.3374275077220452,0.3796821017436247,0.25911016300694056,0.29740277276559113,0.3726879768359236,0.37317215021308237,0.7878402683271043,0.29123355697121645,0.3332529035158316,0.29523974687670895,0.39371667965170176,0.28727318915950895,0.3897826208748576,0.28724073339364586,0.285797954130552,0.7449104403056173,0.3182662353560599,0.41357978212745605,0.3789048064026789,0.7919750799845449,0.41151858853940804,0.3807267389982968,0.4219192255833768,0.31377947910595894,0.3465382790131598,0.30480617517484443,0.3870208761487465,0.28924556414297287,0.3272636642508129,0.33648501760694927,0.2761779926686516,0.37227125930686344,0.0,0.38028336623624504,0.3778544758983664,0.31004804460886026,1.0,0.36535402308324416,0.18946130938369887,0.3754034252242513,0.2740539291303571,0.3770337509552183,0.39029935464110743,0.29113546415482827,0.2922630206386989,0.3012398911481584,0.3715159215276762,0.3712645429367998,0.28614360752851975,0.33402192877435655
0.3685391096362569,0.468526914077686,0.2814671850687669,0.3190799745232189,0.4803977460589536,0.4463206719999352,0.38102023496976345,0.3396456032648655,0.34616290865928945,0.3226952151802994,0.5303863124566139,0.3234728980680054,0.5538010636905546,0.31472733120191565,0.3123388427460243,0.38508016653585575,0.3684237113511497,0.49074289693594686,0.48955751868205133,0.3844660808979651,0.4999757788253878,0.5053461398257648,0.517975260260904,0.3674392262886613,0.4042367704520271,0.35289226189288636,0.6042113818228282,0.33179088231249043,0.3479620845644944,0.35082284575942047,0.30416157558903045,0.5121638099962009,0.0,0.5132527436616422,0.4445583090951849,0.3119918678979665,0.36535402308324416,1.0,0.1963411628915529,0.555273893130895,0.30979938246308447,0.45301235567591336,0.6313689943010858,0.33657092999995086,0.32811936020053234,0.32672868866618454,0.4646271875076333,0.46497320606199755,0.3260055012574079,0.3472013761216548
0.23946610631048804,0.1986220968505774,0.16133854014396498,0.3161197071781615,0.20874427705499077,0.21279183040279903,0.19781535470884148,0.3066016269206655,0.20470689666618924,0.3133432339982074,0.20541062977448443,0.30207465376696063,0.20412662711596108,0.29863082207468783,0.3025873311579781,0.1980491301388242,0.17364018193431074,0.20460617930107317,0.18958649818679418,0.1969055126656849,0.19492926680305345,0.193766561962173,0.2058337871201762,0.16945837736921832,0.18424527600677965,0.16870024474689105,0.19346152193088995,0.2989755581582817,0.22071951497015796,0.20211622542985108,0.28617064023045513,0.20158271457764232,0.0,0.20748910144692234,0.2007972586941159,0.31054963524523627,0.18946130938369887,0.1963411628915529,1.0,0.20204955034110217,0.2950748240407085,0.20476035990637398,0.20765723620827103,0.3025436295096643,0.3097801725649363,0.1982847039024651,0.19628704959453636,0.19721911672271786,0.28953057484879496,0.229858779698644
0.3750584745418828,0.4684534682251914,0.29042208830581095,0.32162224221161895,0.4912000808918483,0.44712242632328725,0.4020607017584502,0.3352048867990669,0.3652631345416435,0.3344036588123587,0.564895606583264,0.32614658230181226,0.5888399187240796,0.3172578625555562,0.3169782617195175,0.40029428962467817,0.37614896835784084,0.5258928882561966,0.5089455493073736,0.405330985977998,0.5300866549808134,0.5300611706292098,0.5466625274008609,0.37785496963503495,0.4032291698805963,0.36500517489833817,0.5769189704524057,0.3285777907803298,0.35213336541040663,0.37661275469641897,0.3126154762733404,0.5194194314652525,0.0,0.5384879669198204,0.46465203942666566,0.3334144760912878,0.3754034252242513,0.555273893130895,0.20204955034110217,1.0,0.31290992054465316,0.4717750342686927,0.5786182114618921,0.3289347121260757,0.3297647277227156,0.34180881907729077,0.4832521243049327,0.4827672624797892,0.32454877588641917,0.3638975169957579
