../ecoli_genomes/GCF_000163235.1_ASM16323v1_genomic.fna.gz,../ecoli_genomes/GCF_000164555.1_ASM16455v1_genomic.fna.gz,../ecoli_genomes/GCF_000208545.1_ASM20854v2_genomic.fna.gz,../ecoli_genomes/GCF_000233875.1_ASM23387v1_genomic.fna.gz,../ecoli_genomes/GCF_000249735.1_ASM24973v2_genomic.fna.gz,../ecoli_genomes/GCF_000261145.1_Esch_coli_M919_V2_genomic.fna.gz,../ecoli_genomes/GCF_000267705.2_ASM26770v2_genomic.fna.gz,../ecoli_genomes/GCF_000350665.1_Esch_coli_KTE5_V1_genomic.fna.gz,../ecoli_genomes/GCF_000351625.1_Esch_coli_KTE66_V1_genomic.fna.gz,../ecoli_genomes/GCF_000352285.1_Esch_coli_KTE46_V1_genomic.fna.gz,../ecoli_genomes/GCF_000358895.1_ASM35889v1_genomic.fna.gz,../ecoli_genomes/GCF_000456385.1_Esch_coli_HVH_26_4-5703913_V1_genomic.fna.gz,../ecoli_genomes/GCF_000458195.1_Esch_coli_HVH_147_4-5893887_V1_genomic.fna.gz,../ecoli_genomes/GCF_000459755.1_Esch_coli_KOEGE_58_171a_V1_genomic.fna.gz,../ecoli_genomes/GCF_000460055.1_Esch_coli_UMEA_3053-1_V1_genomic.fna.gz,../ecoli_genomes/GCF_000462165.2_ASM46216v2_genomic.fna.gz,../ecoli_genomes/GCF_000601135.1_ASM60113v1_genomic.fna.gz,../ecoli_genomes/GCF_000614595.1_Ec2010EL1058_genomic.fna.gz,../ecoli_genomes/GCF_000617745.1_Ec2010C-4529_genomic.fna.gz,../ecoli_genomes/GCF_000618265.2_EcF6751_genomic.fna.gz,../ecoli_genomes/GCF_000619005.2_Ec2009C-4052_genomic.fna.gz,../ecoli_genomes/GCF_000619105.1_Ec2009C-4780_genomic.fna.gz,../ecoli_genomes/GCF_000619765.2_Ec2009C-3279_genomic.fna.gz,../ecoli_genomes/GCF_000687005.1_ASM68700v1_genomic.fna.gz,../ecoli_genomes/GCF_000687025.1_ASM68702v1_genomic.fna.gz,../ecoli_genomes/GCF_000700125.1_ASM70012v1_genomic.fna.gz,../ecoli_genomes/GCF_000753315.1_FHI35_genomic.fna.gz,../ecoli_genomes/GCF_000776375.1_ASM77637v1_genomic.fna.gz,../ecoli_genomes/GCF_000779395.1_ASM77939v1_genomic.fna.gz,../ecoli_genomes/GCF_000780315.1_ASM78031v1_genomic.fna.gz,../ecoli_genomes/GCF_000781995.1_ASM78199v1_genomic.fna.gz,../ecoli_genomes/GCF_000986765.1_ASM98676v1_genomic.fna.gz,../ecoli_genomes/GCF_001041375.1_ViralProj287958_genomic.fna.gz,../ecoli_genomes/GCF_001265335.1_302014_genomic.fna.gz,../ecoli_genomes/GCF_001265625.1_100854_genomic.fna.gz,../ecoli_genomes/GCF_001267345.1_303289_genomic.fna.gz,../ecoli_genomes/GCF_001309985.1_ASM130998v1_genomic.fna.gz,../ecoli_genomes/GCF_001521695.1_ASM152169v1_genomic.fna.gz,../ecoli_genomes/GCF_001592595.1_ASM159259v1_genomic.fna.gz,../ecoli_genomes/GCF_001614975.1_ASM161497v1_genomic.fna.gz,../ecoli_genomes/GCF_001692775.1_ASM169277v1_genomic.fna.gz,../ecoli_genomes/GCF_001748915.1_ASM174891v1_genomic.fna.gz,../ecoli_genomes/GCF_001749235.1_ASM174923v1_genomic.fna.gz,../ecoli_genomes/GCF_001881155.1_ASM188115v1_genomic.fna.gz,../ecoli_genomes/GCF_001881345.1_ASM188134v1_genomic.fna.gz,../ecoli_genomes/GCF_001892405.1_ASM189240v1_genomic.fna.gz,../ecoli_genomes/GCF_001892585.1_ASM189258v1_genomic.fna.gz,../ecoli_genomes/GCF_001893985.1_ASM189398v1_genomic.fna.gz,../ecoli_genomes/GCF_002001595.1_ASM200159v1_genomic.fna.gz,../ecoli_genomes/GCF_002002145.1_ASM200214v1_genomic.fna.gz
1.0,0.3196235184402274,0.25499194963264527,0.283539569433532,0.282385140766515,0.311856854129255,0.29924648476084503,0.2932226748523339,0.38388772122692383,0.29414323245804064,0.30952476870111834,0.2955788349175891,0.30607115541780083,0.2797701792506455,0.2664009115791657,0.30379067179165953,0.28327225329277694,0.30327038055365363,0.2989789652766909,0.3022147742172199,0.2934337112317633,0.2980363947957959,0.3069300938533248,0.29245854623932765,0.29212662581461846,0.24377087574542122,0.30420099574569215,0.2867472003134296,0.34368842333959326,0.38555276066065336,0.265106148799919,0.30382860051149985,0.0,0.30079774660114933,0.3029900765482636,0.2815903764176756,0.28874818932618385,0.31563530649685345,0.2099198833118463,0.3096337733871969,0.2669932095544272,0.3036945580985093,0.31022377935225176,0.28797847919393915,0.29817336081709056,0.31686269433792946,0.2996738219523293,0.3008133163153385,0.2768453783562659,0.3385689806563218
0.3196235184402274,1.0,0.23040014091002092,0.27526611057474504,0.37425771312633216,0.562640687310894,0.3505759071241904,0.2805237323629166,0.2996810211745141,0.286587860536902,0.4249996190925154,0.2842784917913972,0.42396637229943324,0.26801210129898156,0.26302584658258255,0.34946092610075874,0.42322557216613443,0.42082118694371373,0.39912850860273186,0.35579692899476334,0.4109467369762103,0.40785439999396345,0.4157530849071305,0.5007168578480844,0.516393603234804,0.3828213105620757,0.4196788066169762,0.28054495696154125,0.30373286734594906,0.3045523221880706,0.2617015895639453,0.4027732818614742,0.0,0.40586013679098043,0.5717411386724252,0.2698250605646876,0.33127486559542807,0.42680655209801166,0.16650685221195205,0.4283874356820476,0.261231429677074,0.4815172855899874,0.4265587843228037,0.28951365755034597,0.2901413387986478,0.2802308854254554,0.4777074040894319,0.4781281590737616,0.2807149466186858,0.30088211177442814
0.25499194963264527,0.23040014091002092,1.0,0.20386630130044847,0.1988274853226435,0.21863956457094258,0.21329674148048972,0.2124342960673692,0.24182066235988076,0.2118722326169048,0.2310313048864011,0.20728682933579978,0.2275000683737045,0.2049631690599456,0.2002224274790414,0.21783463336764242,0.19195673053072004,0.2224328372195925,0.21587603210723916,0.2160563186311394,0.21989835247606515,0.22073121269777285,0.22453025184825082,0.19707825860390638,0.2022500362441838,0.17441354297020295,0.22677498863162915,0.21115976650657653,0.24654194985515188,0.2469225878101542,0.20102004962559816,0.21745601815302595,0.0,0.2221640447370914,0.21380591522362458,0.21115466594553112,0.20356309106495052,0.2250319506846965,0.1300443214933784,0.23020690392517085,0.20325150470229836,0.2257478137143949,0.23030269169128958,0.21633575782902703,0.21266834068883078,0.23227439070032874,0.22770554587976666,0.22766987816640905,0.21764667378149916,0.24640547473836094
0.283539569433532,0.27526611057474504,0.20386630130044847,1.0,0.2726136458042171,0.278166196821813,0.26009889839385847,0.4994450986788146,0.2850544993234607,0.5205938724945041,0.26108356289186685,0.4951537875355323,0.28049991686715237,0.5406137954990624,0.552622999139891,0.2763633567959036,0.2485799365382343,0.26204674761479696,0.25122160583861763,0.2630622623024338,0.25288152530153185,0.25506141800418347,0.2681506388113548,0.25323650610819604,0.26010869408307635,0.22066279936167987,0.26305956574675704,0.5237941203911499,0.30209814995746176,0.28002113902783443,0.49884740465901267,0.28405657567242515,0.0,0.25511823478827356,0.25900227566738643,0.41412081174453474,0.2528666847160448,0.25585568734459585,0.27117929066235047,0.2570040364419228,0.529946615077283,0.2640102361334199,0.2597312092929519,0.5239967339955647,0.5088946508737018,0.29850793336723047,0.26348288427079347,0.26401007761674367,0.44921938312306053,0.3057593252203653
0.282385140766515,0.37425771312633216,0.1988274853226435,0.2726136458042171,1.0,0.3987566842184974,0.30580149857166306,0.268456603817677,0.29535109490806855,0.2762978422569068,0.48312764996647606,0.2516003395426908,0.47209691786674757,0.25150739288259427,0.2707692465975525,0.346643685240527,0.3915614277352003,0.3981469943921331,0.38867898617559704,0.31244568818424423,0.4116964948916796,0.3973550113472242,0.4121065662661213,0.39655976239213664,0.3865653840193447,0.34286930580862673,0.41584499864492264,0.24349439933543715,0.2796752977709106,0.2919234151591734,0.24837851907606956,0.45467775072042604,0.0,0.4161899835565347,0.38088798887243136,0.23883571762335487,0.3111927079670612,0.4281364551282537,0.20759706074063866,0.4284986953915987,0.2693155913479386,0.38289038176569745,0.4323300733102594,0.24829078126830306,0.254543014267103,0.25739403613936096,0.39320041916280524,0.39390229616099603,0.24267117536118432,0.2778122583580871
0.311856854129255,0.562640687310894,0.21863956457094258,0.278166196821813,0.3987566842184974,1.0,0.365330715708277,0.28821104865417324,0.3025739958518333,0.27595987856198967,0.41657247652711415,0.2738783876597428,0.42635665016344393,0.2681758314604935,0.2678348369200082,0.3676440549329223,0.4409572899955745,0.42636933477481587,0.41270981240522475,0.3637319431961752,0.40299100468506455,0.4059150532081912,0.4207820103410931,0.5135709729012519,0.528659109062148,0.3851945570578649,0.4089710463959526,0.2701724925149589,0.3109524786489406,0.30317162412533405,0.25857789355470195,0.41765624627515885,0.0,0.42483287309859796,0.5728771685151879,0.2773605857051784,0.3483022643039285,0.4229038990760149,0.1831089687975097,0.41894788954551976,0.2669052281760306,0.4808381627727546,0.42486723759543565,0.2745294559739102,0.2743730109342265,0.2792304403709792,0.4762046027242103,0.4781680530309512,0.2665551134079779,0.3037278777189534
0.29924648476084503,0.3505759071241904,0.21329674148048972,0.26009889839385847,0.30580149857166306,0.365330715708277,1.0,0.26214698982516615,0.29285751877293664,0.25981294245526876,0.3515869113541811,0.2521550221640806,0.3551359947960959,0.255050508831267,0.2474536670768398,0.7454022925398871,0.30672610293040337,0.38572716011924113,0.3716667465664024,0.858080981578616,0.3866211271906492,0.3707863473950843,0.3891934279825291,0.31234505780184074,0.31816613802311,0.2787515380709814,0.3566506088055913,0.25502299985646804,0.28968495890847923,0.29527242275591115,0.24451231286424935,0.3418745708516462,0.0,0.3578085593191356,0.35951587656771156,0.27455782608304236,0.7642655957073003,0.3377031636967113,0.1702842801945178,0.35377930873149543,0.24353728546541653,0.3466362093271562,0.353752888332839,0.25963085985015943,0.2571213951879461,0.2668051158429747,0.34294935726107134,0.34294057750393847,0.2526979860954873,0.28955411663752206
0.2932226748523339,0.2805237323629166,0.2124342960673692,0.4994450986788146,0.268456603817677,0.28821104865417324,0.26214698982516615,1.0,0.28477620305342055,0.502172316195302,0.26870715719466665,0.4750505113056417,0.2840520232182794,0.49248491084962764,0.4757767079739572,0.2743601634469547,0.2530032627469432,0.2714336508237064,0.26045066743460743,0.26466163983788393,0.25712440966460703,0.26028837441048436,0.26873330870592593,0.26744249648270113,0.25623737014272285,0.22284333855722005,0.2674935499972809,0.6939101323438952,0.3202509033479657,0.28045751838814614,0.46980324109129934,0.2763552758171768,0.0,0.2681952416795448,0.26451158954355236,0.4128204136180613,0.25335270991297276,0.27840049081968066,0.27382763992872905,0.26942879263238384,0.4833976236441251,0.27042488650503194,0.26918081007056494,0.6894539188653948,0.6625637422875057,0.3004797330408999,0.26720595774191525,0.2678493435984445,0.4453022058904783,0.3139506650967103
0.38388772122692383,0.2996810211745141,0.24182066235988076,0.2850544993234607,0.29535109490806855,0.3025739958518333,0.29285751877293664,0.28477620305342055,1.0,0.29557632305614245,0.30853514829888784,0.2671841679693945,0.3234094697228467,0.2795283755920135,0.28014066407618,0.30809427947738444,0.2677740637783639,0.29865662386017944,0.28482665734858026,0.2985453521955672,0.29290933415021947,0.29359572999403283,0.30245383930515923,0.2755120465369171,0.2746796893495278,0.23614934366769458,0.30574546388727053,0.27726009655711215,0.3310655163393681,0.4104459064637058,0.2731352431751747,0.3017393127176249,0.0,0.29116625177735134,0.2921927131379256,0.27639691802567623,0.28546759599517113,0.2938713912978327,0.1753330625774283,0.3078034934266145,0.27823347988172464,0.3003886271304772,0.31006777061707635,0.2789748405157678,0.273504233030498,0.3176849504718544,0.2945171235555071,0.29487811558153276,0.2699808021342469,0.3367479302900782
0.29414323245804064,0.286587860536902,0.2118722326169048,0.5205938724945041,0.2762978422569068,0.27595987856198967,0.25981294245526876,0.502172316195302,0.29557632305614245,1.0,0.2738263282011233,0.4781887204773212,0.29320960555298015,0.5064711955335497,0.505169963805615,0.2785856722257396,0.24182171864999213,0.2664427055330184,0.25318332325828774,0.26334314650692836,0.2580834162527599,0.2599944303885692,0.266723927446067,0.2512593325649576,0.2540717149464614,0.22149941854031363,0.2687857730780193,0.5056280535567597,0.31321516336659505,0.2903502163001598,0.5180004749188896,0.27445004100360615,0.0,0.2573961856114214,0.26532264510510284,0.42980673214530263,0.2523707690796393,0.2640043819996708,0.2777772874483001,0.2699319875429175,0.5267926447544482,0.26744272643072453,0.26668120143248053,0.5053109475894669,0.5047692257452072,0.30068624562887836,0.26579719893140685,0.265291313404021,0.4752539365618025,0.30720863181475544
0.30952476870111834,0.4249996190925154,0.2310313048864011,0.26108356289186685,0.48312764996647606,0.41657247652711415,0.3515869113541811,0.26870715719466665,0.30853514829888784,0.2738263282011233,1.0,0.26129839193403614,0.5308795570910221,0.2654457851015145,0.26086795413686015,0.354633069387284,0.3600029827435135,0.4823222033019575,0.46336886610477146,0.35792332309205965,0.49020990128247555,0.4932102927766344,0.4935959853424662,0.3793888863185617,0.36671698011874854,0.3259683640333917,0.5015551949672561,0.26982739781209397,0.29999012095576516,0.30953019042995056,0.2556487388686389,0.4571976142184039,0.0,0.4692587993426611,0.4200078231008546,0.273813327063286,0.3343097719079977,0.47812839961615716,0.16577164168779246,0.5199012142995318,0.2564164441066711,0.4346450336001778,0.5095190914232206,0.27043930015962425,0.27128799143824556,0.28182627862276644,0.42785666963695534,0.4272711973491965,0.27069779336588384,0.3047768852966729
0.2955788349175891,0.2842784917913972,0.20728682933579978,0.4951537875355323,0.2516003395426908,0.2738783876597428,0.2521550221640806,0.4750505113056417,0.2671841679693945,0.4781887204773212,0.26129839193403614,1.0,0.26673609481198235,0.48340526768698044,0.594757290527905,0.25919055039256733,0.24919845625617687,0.25576082207119055,0.2501849201813091,0.25374210056956803,0.25013421075053166,0.25266112195459134,0.2599577415463029,0.2560210939742842,0.25197608955873463,0.21983773027105402,0.2559535769371385,0.47927535099030794,0.31716543789083873,0.27293994305291813,0.44130437192187255,0.2646373845816693,0.0,0.2599423066415122,0.2618558957110968,0.3976513951302544,0.24464116521741353,0.26449330448676567,0.26342843200400334,0.2628553464059703,0.45624662256921067,0.26063319519833794,0.262533625560599,0.4889782204618698,0.48331177832156746,0.29409360276804863,0.26392274737502663,0.2649486404554804,0.4309929360626179,0.30171977115269066
0.30607115541780083,0.42396637229943324,0.2275000683737045,0.28049991686715237,0.47209691786674757,0.42635665016344393,0.3551359947960959,0.2840520232182794,0.3234094697228467,0.29320960555298015,0.5308795570910221,0.26673609481198235,1.0,0.2677524134672301,0.28107450741239526,0.3758420279878263,0.3699771390646226,0.5067469719086674,0.4833510812733264,0.3635477967130397,0.5250047756419733,0.5592781943033738,0.5707845836724152,0.39123686389176937,0.37874919769042714,0.33369350999203395,0.549274064220888,0.27207511737475687,0.30416311151075415,0.3229479044321213,0.2657786770383894,0.5136728129984416,0.0,0.5409984214983685,0.42501293818678143,0.26929123648719977,0.3501839069582674,0.5157035727625718,0.16515826635465458,0.554503369342253,0.27600288982229393,0.43848653482343214,0.5479780875764206,0.27205040832937755,0.2677304489055363,0.28191128947394295,0.42925485503419947,0.4288067635281372,0.26771470178088963,0.30633207054832756
0.2797701792506455,0.26801210129898156,0.2049631690599456,0.5406137954990624,0.25150739288259427,0.2681758314604935,0.255050508831267,0.49248491084962764,0.2795283755920135,0.5064711955335497,0.2654457851015145,0.48340526768698044,0.2677524134672301,1.0,0.5313141621795399,0.2625661613530613,0.2306625238835791,0.25976057504906,0.2508272677814751,0.25864906482208705,0.24869100627208196,0.2531088075043165,0.25950158576768423,0.2333505236577249,0.23918110071063814,0.20582357509040794,0.2601897985473096,0.5228300355256543,0.3127567752592132,0.2746404905119426,0.48706784397007186,0.260995003241443,0.0,0.24933527463214977,0.25353598449794135,0.4159797457834479,0.24404195958486474,0.2538417615270122,0.2714195774951049,0.257977723486688,0.5037378599675639,0.25788514106412475,0.25842099951822184,0.5205378732844204,0.5046673153717252,0.29926795960089625,0.25991798545254796,0.2602066690974848,0.45107803610999264,0.3107779706942536
0.2664009115791657,0.26302584658258255,0.2002224274790414,0.552622999139891,0.2707692465975525,0.2678348369200082,0.2474536670768398,0.4757767079739572,0.28014066407618,0.505169963805615,0.26086795413686015,0.594757290527905,0.28107450741239526,0.5313141621795399,1.0,0.2670027675677322,0.24584404552993444,0.25304006902472365,0.24206724455679884,0.2515520872267436,0.24360424259803048,0.24791583218481061,0.25846155079535493,0.24423875203607492,0.2444856038514891,0.2170592822925017,0.2562766139948537,0.49124792635456505,0.303381477676292,0.2736637150113821,0.49136044041491433,0.27264125730458544,0.0,0.24908518824392734,0.2540814459944456,0.4046054160412976,0.24369041672866032,0.25393512183402545,0.2663834521848526,0.2527599203502229,0.510474972954275,0.2566480050828507,0.25797249913780684,0.4894258806772862,0.4762593372224969,0.29494027726402583,0.26468148848407713,0.26455756109486384,0.43823957251356926,0.31126155251896215
0.30379067179165953,0.34946092610075874,0.21783463336764242,0.2763633567959036,0.346643685240527,0.3676440549329223,0.7454022925398871,0.2743601634469547,0.30809427947738444,0.2785856722257396,0.354633069387284,0.25919055039256733,0.3758420279878263,0.2625661613530613,0.2670027675677322,1.0,0.317583708796789,0.3711523061639843,0.376382754755312,0.7619900214116054,0.3686725297436855,0.36760576213151763,0.37773525018367815,0.32585144009033296,0.33347949021853474,0.2951615193350443,0.3528990674742959,0.26028393981417874,0.29816054687015614,0.3121476229188226,0.25655928143014517,0.35798121582117903,0.0,0.35292482976784734,0.35586879150830475,0.2700247828761667,0.7521812201753424,0.34450935748406875,0.16002316268498962,0.3519707026656864,0.26305694707002414,0.34777369175693096,0.3538438992966616,0.2633990729387544,0.2641638493102004,0.26875432075642414,0.3464460006586906,0.3464266506781951,0.2569869209302851,0.29001392845544405
0.28327225329277694,0.42322557216613443,0.19195673053072004,0.2485799365382343,0.3915614277352003,0.4409572899955745,0.30672610293040337,0.2530032627469432,0.2677740637783639,0.24182171864999213,0.3600029827435135,0.24919845625617687,0.3699771390646226,0.2306625238835791,0.24584404552993444,0.317583708796789,1.0,0.3505866457538287,0.34132835226686775,0.3066393392850876,0.34957880733305147,0.3508213187599739,0.36243884348772826,0.5489932090664643,0.497277031756473,0.4185771062173964,0.35954854977249007,0.23430459040226403,0.27700047952396056,0.26728914634836287,0.22774713134787228,0.434554871313245,0.0,0.39194214026988994,0.4495016665378858,0.23854948334020476,0.29866931806799424,0.36316420058092147,0.14950044492756043,0.36155380798961,0.23210266608126529,0.4058926582640444,0.36439251075422585,0.25265891690788644,0.2592747630651132,0.24384082440441013,0.41757967459645484,0.4196452332330374,0.23026089449520815,0.26948042153815044
0.30327038055365363,0.42082118694371373,0.2224328372195925,0.26204674761479696,0.3981469943921331,0.42636933477481587,0.38572716011924113,0.2714336508237064,0.29865662386017944,0.2664427055330184,0.4823222033019575,0.25576082207119055,0.5067469719086674,0.25976057504906,0.25304006902472365,0.3711523061639843,0.3505866457538287,1.0,0.5161223925641796,0.3878912715694386,0.5178812676505904,0.5172643501858594,0.5255349400960208,0.366707821898724,0.36061909860101826,0.32259200630139306,0.5006636446940924,0.26575568081761436,0.2972590570604289,0.3026890670288912,0.2533623358178987,0.458372671387384,0.0,0.48306752228305083,0.4167410019506116,0.2801727961879398,0.36583415638029604,0.4649692864084898,0.17099435176390176,0.5014057505923496,0.25161571069639377,0.43084286032809394,0.48980809326430375,0.2680817552781637,0.26310224866930076,0.2746952385687297,0.423469944868883,0.4236452717568351,0.26009516084886775,0.30133715175986797
0.2989789652766909,0.39912850860273186,0.21587603210723916,0.25122160583861763,0.38867898617559704,0.41270981240522475,0.3716667465664024,0.26045066743460743,0.28482665734858026,0.25318332325828774,0.46336886610477146,0.2501849201813091,0.4833510812733264,0.2508272677814751,0.24206724455679884,0.376382754755312,0.34132835226686775,0.5161223925641796,1.0,0.3685647435513676,0.4997785477361588,0.503369720200634,0.5076893082452629,0.3490862331215747,0.3578727131555086,0.30598751584454464,0.48739320700754085,0.2547645551218992,0.29572520584168316,0.2923855102045976,0.23915800432145362,0.45591889417575215,0.0,0.4663395811136334,0.40413471315223926,0.2656350401637799,0.36405920393687163,0.457398761798281,0.16376603834328618,0.48461214738321146,0.2387026514047278,0.4078406586387068,0.4812940236194876,0.25809443598706316,0.25268584538480676,0.26517967325996905,0.4035766657390931,0.4041609113376061,0.24706082119039663,0.28965828657411996
0.3022147742172199,0.35579692899476334,0.2160563186311394,0.2630622623024338,0.31244568818424423,0.3637319431961752,0.858080981578616,0.26466163983788393,0.2985453521955672,0.26334314650692836,0.35792332309205965,0.25374210056956803,0.3635477967130397,0.25864906482208705,0.2515520872267436,0.7619900214116054,0.3066393392850876,0.3878912715694386,0.3685647435513676,1.0,0.38955174713262664,0.3758363648313078,0.3882600787576116,0.31494971725378096,0.32017388451787965,0.2817910244167311,0.3621395219251029,0.2577300020371187,0.2931903191217171,0.3012826028530804,0.24904197672976025,0.3453644277627652,0.0,0.35840678554110295,0.3591082239501425,0.27328215813503065,0.7803405679594968,0.34428759906370143,0.1652770317419573,0.36160449844772347,0.24768323254932478,0.3534355053666628,0.3614287742024902,0.2616508128308177,0.25892054806638665,0.272419691588186,0.34883139206908265,0.3488238911300814,0.25674453442609124,0.2956957202901864
0.2934337112317633,0.4109467369762103,0.21989835247606515,0.25288152530153185,0.4116964948916796,0.40299100468506455,0.3866211271906492,0.25712440966460703,0.29290933415021947,0.2580834162527599,0.49020990128247555,0.25013421075053166,0.5250047756419733,0.24869100627208196,0.24360424259803048,0.3686725297436855,0.34957880733305147,0.5178812676505904,0.4997785477361588,0.38955174713262664,1.0,0.5271095513638575,0.5429277187260424,0.35930788922412915,0.3597138324368019,0.32029339200966533,0.519636114223309,0.2551334625125826,0.2885199743987521,0.29899265406260045,0.24267664812104395,0.47537518855576777,0.0,0.5032321697896243,0.4138562708088338,0.2661492806302296,0.3684461045185744,0.4842277773538406,0.1604164629415169,0.5228298505417306,0.24536068259309207,0.41363739339952077,0.5117049256972085,0.259348745339928,0.2562594700504962,0.27283659104659597,0.42128057644406736,0.42130146483450914,0.254090613183274,0.29392557374406436
0.2980363947957959,0.40785439999396345,0.22073121269777285,0.25506141800418347,0.3973550113472242,0.4059150532081912,0.3707863473950843,0.26028837441048436,0.29359572999403283,0.2599944303885692,0.4932102927766344,0.25266112195459134,0.5592781943033738,0.2531088075043165,0.24791583218481061,0.36760576213151763,0.3508213187599739,0.5172643501858594,0.503369720200634,0.3758363648313078,0.5271095513638575,1.0,0.7356645639179699,0.3574176682973741,0.35710276296040866,0.31073742885865363,0.5281795055208375,0.2609471931923988,0.29203446562231905,0.297700915997676,0.24481272736181836,0.4805364705133748,0.0,0.64056504124659,0.40928263032205725,0.2656022154551386,0.3548920839643599,0.4930118543362374,0.16327759764695404,0.5318219881191828,0.24494409548983243,0.4145382924284077,0.5260931899776953,0.26334067359313595,0.2585561815220939,0.27333779412329995,0.41200554561940406,0.4121703650848215,0.25682211452523007,0.29622503508344367
0.3069300938533248,0.4157530849071305,0.22453025184825082,0.2681506388113548,0.4121065662661213,0.4207820103410931,0.3891934279825291,0.26873330870592593,0.30245383930515923,0.266723927446067,0.4935959853424662,0.2599577415463029,0.5707845836724152,0.25950158576768423,0.25846155079535493,0.37773525018367815,0.36243884348772826,0.5255349400960208,0.5076893082452629,0.3882600787576116,0.5429277187260424,0.7356645639179699,1.0,0.36352490997602516,0.36814427561026153,0.3232866604841247,0.539990574551666,0.2665536308917672,0.30134887214788153,0.299614240627733,0.2553048329850174,0.4961755214418654,0.0,0.6423657615435747,0.4179995455686196,0.27356319601510615,0.3665186942907679,0.49985968037256656,0.16975568416443299,0.5335973842728149,0.2551037751394546,0.42178233572816826,0.526609199982577,0.27002991412349286,0.26582853252733596,0.2746526913586632,0.41519397409331227,0.41640787150544056,0.2600600610878916,0.29839959924626913
0.29245854623932765,0.5007168578480844,0.19707825860390638,0.25323650610819604,0.39655976239213664,0.5135709729012519,0.31234505780184074,0.26744249648270113,0.2755120465369171,0.2512593325649576,0.3793888863185617,0.2560210939742842,0.39123686389176937,0.2333505236577249,0.24423875203607492,0.32585144009033296,0.5489932090664643,0.366707821898724,0.3490862331215747,0.31494971725378096,0.35930788922412915,0.3574176682973741,0.36352490997602516,1.0,0.5625366505950202,0.41206049356590035,0.368773090765083,0.2360089477941798,0.282156668447763,0.27858398785197824,0.2335413047586884,0.4209088918947578,0.0,0.391737851332435,0.5356501741232614,0.23846077982275282,0.3049470696347657,0.37008490889119283,0.14699690912337648,0.3737859958550245,0.23873461118170025,0.4253734129144162,0.3710637793694167,0.2527188099944452,0.2586978795454171,0.2502632471308637,0.42247060330978514,0.4233086323058898,0.23383613644138024,0.2705837675157561
0.29212662581461846,0.516393603234804,0.2022500362441838,0.26010869408307635,0.3865653840193447,0.528659109062148,0.31816613802311,0.25623737014272285,0.2746796893495278,0.2540717149464614,0.36671698011874854,0.25197608955873463,0.37874919769042714,0.23918110071063814,0.2444856038514891,0.33347949021853474,0.497277031756473,0.36061909860101826,0.3578727131555086,0.32017388451787965,0.3597138324368019,0.35710276296040866,0.36814427561026153,0.5625366505950202,1.0,0.4167056921518656,0.3637425013911494,0.2346544029046408,0.27036594679937553,0.2763277842240385,0.2382227567572568,0.43035899164239255,0.0,0.378163843460566,0.5314901335376353,0.23924953630318813,0.3173621794059369,0.3842608149968306,0.1509757394923068,0.37152559372478466,0.24296243641285342,0.4247823663643565,0.37505529521697833,0.2595944050457534,0.2593107500049603,0.2540239252002997,0.42304992399867003,0.42455949819346983,0.2435993885305756,0.2623784742283516
0.24377087574542122,0.3828213105620757,0.17441354297020295,0.22066279936167987,0.34286930580862673,0.3851945570578649,0.2787515380709814,0.22284333855722005,0.23614934366769458,0.22149941854031363,0.3259683640333917,0.21983773027105402,0.33369350999203395,0.20582357509040794,0.2170592822925017,0.2951615193350443,0.4185771062173964,0.32259200630139306,0.30598751584454464,0.2817910244167311,0.32029339200966533,0.31073742885865363,0.3232866604841247,0.41206049356590035,0.4167056921518656,1.0,0.3229772328142264,0.21027760947594154,0.23567255700130918,0.24080251252923435,0.20558758592314785,0.3394353481011514,0.0,0.3437125692384616,0.40542570061058747,0.2087915517022585,0.27299608812301024,0.3393990652774844,0.13293651136446105,0.32873775927256443,0.20953650727299544,0.36720333970154506,0.32833397436246914,0.23024593781084657,0.22972811812440996,0.21633139249874977,0.37777657579520596,0.3822656007652936,0.21535191143826893,0.23364357133594726
0.30420099574569215,0.4196788066169762,0.22677498863162915,0.26305956574675704,0.41584499864492264,0.4089710463959526,0.3566506088055913,0.2674935499972809,0.30574546388727053,0.2687857730780193,0.5015551949672561,0.2559535769371385,0.549274064220888,0.2601897985473096,0.2562766139948537,0.3528990674742959,0.35954854977249007,0.5006636446940924,0.48739320700754085,0.3621395219251029,0.519636114223309,0.5281795055208375,0.539990574551666,0.368773090765083,0.3637425013911494,0.3229772328142264,1.0,0.2645293960713804,0.2999857793270353,0.30589651810355245,0.2538004308391508,0.4939461983467368,0.0,0.5024604090292857,0.4144067136641313,0.2658813105165666,0.34101978541999145,0.5840083260257147,0.15800791511839196,0.5499730201443522,0.2554583648357329,0.4286829277859049,0.624848389208532,0.2689920059259129,0.26065810934954037,0.28103633502799985,0.41836617403128484,0.41871388638650797,0.26182486483920786,0.3002949846282843
0.2867472003134296,0.28054495696154125,0.21115976650657653,0.5237941203911499,0.24349439933543715,0.2701724925149589,0.25502299985646804,0.6939101323438952,0.27726009655711215,0.5056280535567597,0.26982739781209397,0.47927535099030794,0.27207511737475687,0.5228300355256543,0.49124792635456505,0.26028393981417874,0.23430459040226403,0.26575568081761436,0.2547645551218992,0.2577300020371187,0.2551334625125826,0.2609471931923988,0.2665536308917672,0.2360089477941798,0.2346544029046408,0.21027760947594154,0.2645293960713804,1.0,0.31951716152209464,0.2773938760406568,0.48039463173699637,0.2671424257768833,0.0,0.25834653220444626,0.258012126753673,0.41304269376247393,0.2435436923974783,0.2673057231420839,0.27254617318002317,0.2624687666823059,0.4916731659055833,0.26608892643882964,0.26273629783515207,0.8003107654640236,0.7534673648364713,0.30125292519069313,0.2660392123180261,0.2660557648805143,0.4652665803993228,0.30988937380677994
0.34368842333959326,0.30373286734594906,0.24654194985515188,0.30209814995746176,0.2796752977709106,0.3109524786489406,0.28968495890847923,0.3202509033479657,0.3310655163393681,0.31321516336659505,0.29999012095576516,0.31716543789083873,0.30416311151075415,0.3127567752592132,0.303381477676292,0.29816054687015614,0.27700047952396056,0.2972590570604289,0.29572520584168316,0.2931903191217171,0.2885199743987521,0.29203446562231905,0.30134887214788153,0.282156668447763,0.27036594679937553,0.23567255700130918,0.2999857793270353,0.31951716152209464,1.0,0.3258385868049527,0.29458260682381554,0.29532041878127047,0.0,0.302032338128162,0.29280369961156594,0.3091314289949215,0.2854476437458955,0.3012576377378551,0.18812265188900268,0.2993905300638535,0.2925587255686116,0.29765455877979896,0.2998881313821439,0.31526682054914834,0.3117487450006382,0.391513520305781,0.2946864439424306,0.29425217615013144,0.29890813806742766,0.6179853543300863
0.38555276066065336,0.3045523221880706,0.2469225878101542,0.28002113902783443,0.2919234151591734,0.30317162412533405,0.29527242275591115,0.28045751838814614,0.4104459064637058,0.2903502163001598,0.30953019042995056,0.27293994305291813,0.3229479044321213,0.2746404905119426,0.2736637150113821,0.3121476229188226,0.26728914634836287,0.3026890670288912,0.2923855102045976,0.3012826028530804,0.29899265406260045,0.297700915997676,0.299614240627733,0.27858398785197824,0.2763277842240385,0.24080251252923435,0.30589651810355245,0.2773938760406568,0.3258385868049527,1.0,0.26617928788219725,0.2998941790274724,0.0,0.290400514349314,0.2959261992207527,0.2762904564377989,0.2914687344956265,0.29642171966485753,0.19081711559863934,0.3127026585922179,0.2741507272840207,0.30046251606429975,0.3089433270959189,0.2800566845722232,0.27628412288946824,0.32579568933055036,0.3036374496486932,0.3045465806034142,0.2712141276474843,0.3354454433351367
0.265106148799919,0.2617015895639453,0.20102004962559816,0.49884740465901267,0.24837851907606956,0.25857789355470195,0.24451231286424935,0.46980324109129934,0.2731352431751747,0.5180004749188896,0.2556487388686389,0.44130437192187255,0.2657786770383894,0.48706784397007186,0.49136044041491433,0.25655928143014517,0.22774713134787228,0.2533623358178987,0.23915800432145362,0.24904197672976025,0.24267664812104395,0.24481272736181836,0.2553048329850174,0.2335413047586884,0.2382227567572568,0.20558758592314785,0.2538004308391508,0.48039463173699637,0.29458260682381554,0.26617928788219725,1.0,0.2582378459091089,0.0,0.24588608891292985,0.24828601529453564,0.39833510409546413,0.23888888322901503,0.2492702251589085,0.2596767433676631,0.2534694613979048,0.6495769308878802,0.2526286907443783,0.2522112103723354,0.48285529913275016,0.4692268882852211,0.28549056666570904,0.2537637465765148,0.253660319599735,0.4354756115143016,0.2904203708388646
0.30382860051149985,0.4027732818614742,0.21745601815302595,0.28405657567242515,0.45467775072042604,0.41765624627515885,0.3418745708516462,0.2763552758171768,0.3017393127176249,0.27445004100360615,0.4571976142184039,0.2646373845816693,0.5136728129984416,0.260995003241443,0.27264125730458544,0.35798121582117903,0.434554871313245,0.458372671387384,0.45591889417575215,0.3453644277627652,0.47537518855576777,0.4805364705133748,0.4961755214418654,0.4209088918947578,0.43035899164239255,0.3394353481011514,0.4939461983467368,0.2671424257768833,0.29532041878127047,0.2998941790274724,0.2582378459091089,1.0,0.0,0.49122710689224103,0.40361444574154637,0.25526809952344065,0.3424145672359147,0.48505642994184706,0.16330455055962145,0.5031558516074968,0.26514241149222095,0.4050681300287584,0.5004530288497688,0.2693794696385484,0.2689137693443939,0.2671084758776927,0.4091499385162173,0.4106651472747015,0.24845447516019548,0.28145102016812096
0.0,0.0,0.0,0.0,0.0,0.0,0.0,0.0,0.0,0.0,0.0,0.0,0.0,0.0,0.0,0.0,0.0,0.0,0.0,0.0,0.0,0.0,0.0,0.0,0.0,0.0,0.0,0.0,0.0,0.0,0.0,0.0,1.0,0.0,0.0,0.0,0.0,0.0,0.0,0.0,0.0,0.0,0.0,0.0,0.0,0.0,0.0,0.0,0.0,0.0
0.30079774660114933,0.40586013679098043,0.2221640447370914,0.25511823478827356,0.4161899835565347,0.42483287309859796,0.3578085593191356,0.2681952416795448,0.29116625177735134,0.2573961856114214,0.4692587993426611,0.2599423066415122,0.5409984214983685,0.24933527463214977,0.24908518824392734,0.35292482976784734,0.39194214026988994,0.48306752228305083,0.4663395811136334,0.35840678554110295,0.5032321697896243,0.64056504124659,0.6423657615435747,0.391737851332435,0.378163843460566,0.3437125692384616,0.5024604090292857,0.25834653220444626,0.302032338128162,0.290400514349314,0.24588608891292985,0.49122710689224103,0.0,1.0,0.41988772620358217,0.2777917354253291,0.34117617655985333,0.48711715860282445,0.1775882045841819,0.5073422712574144,0.24454483528066617,0.41415528042892813,0.5115913273955911,0.2618532241503885,0.26188584128999426,0.2702515190460726,0.40995890761939235,0.40968303378078863,0.25002288178243437,0.2974024296267538
0.3029900765482636,0.5717411386724252,0.21380591522362458,0.25900227566738643,0.38088798887243136,0.5728771685151879,0.35951587656771156,0.26451158954355236,0.2921927131379256,0.26532264510510284,0.4200078231008546,0.2618558957110968,0.42501293818678143,0.25353598449794135,0.2540814459944456,0.35586879150830475,0.4495016665378858,0.4167410019506116,0.40413471315223926,0.3591082239501425,0.4138562708088338,0.40928263032205725,0.4179995455686196,0.5356501741232614,0.5314901335376353,0.40542570061058747,0.4144067136641313,0.258012126753673,0.29280369961156594,0.2959261992207527,0.24828601529453564,0.40361444574154637,0.0,0.41988772620358217,1.0,0.2670603639201281,0.33637050337233554,0.4076517275014413,0.16703520839239705,0.4248386647725033,0.2485091971111658,0.4794476806929251,0.4265279330309196,0.2621779834687812,0.2631031745018594,0.2663005880370184,0.4698304146554587,0.46895846236410577,0.25661530020435896,0.28814278911084856
0.2815903764176756,0.2698250605646876,0.21115466594553112,0.41412081174453474,0.23883571762335487,0.2773605857051784,0.27455782608304236,0.4128204136180613,0.27639691802567623,0.42980673214530263,0.273813327063286,0.3976513951302544,0.26929123648719977,0.4159797457834479,0.4046054160412976,0.2700247828761667,0.23854948334020476,0.2801727961879398,0.2656350401637799,0.27328215813503065,0.2661492806302296,0.2656022154551386,0.27356319601510615,0.23846077982275282,0.23924953630318813,0.2087915517022585,0.2658813105165666,0.41304269376247393,0.3091314289949215,0.2762904564377989,0.39833510409546413,0.25526809952344065,0.0,0.2777917354253291,0.2670603639201281,1.0,0.2605605869415103,0.2570471485782154,0.2829980268856902,0.2682338984043041,0.3984159818927655,0.26075121422559555,0.2651432646745395,0.41890665413720507,0.4137405497352994,0.29170911655051024,0.2612012688010231,0.2611028493920712,0.41130592549739864,0.3100710143614053
0.28874818932618385,0.33127486559542807,0.20356309106495052,0.2528666847160448,0.3111927079670612,0.3483022643039285,0.7642655957073003,0.25335270991297276,0.28546759599517113,0.2523707690796393,0.3343097719079977,0.24464116521741353,0.3501839069582674,0.24404195958486474,0.24369041672866032,0.7521812201753424,0.29866931806799424,0.36583415638029604,0.36405920393687163,0.7803405679594968,0.3684461045185744,0.3548920839643599,0.3665186942907679,0.3049470696347657,0.3173621794059369,0.27299608812301024,0.34101978541999145,0.2435436923974783,0.2854476437458955,0.2914687344956265,0.23888888322901503,0.3424145672359147,0.0,0.34117617655985333,0.33637050337233554,0.2605605869415103,1.0,0.3301156569979743,0.1553265914767319,0.33517275908263344,0.2389855596242625,0.331158012566765,0.34084809339490696,0.2478705723090504,0.2458779674368078,0.25341096975809274,0.327326442002554,0.32743310339299947,0.23834798481766384,0.2754828678080793
0.31563530649685345,0.42680655209801166,0.2250319506846965,0.25585568734459585,0.4281364551282537,0.4229038990760149,0.3377031636967113,0.27840049081968066,0.2938713912978327,0.2640043819996708,0.47812839961615716,0.26449330448676567,0.5157035727625718,0.2538417615270122,0.25393512183402545,0.34450935748406875,0.36316420058092147,0.4649692864084898,0.457398761798281,0.34428759906370143,0.4842277773538406,0.4930118543362374,0.49985968037256656,0.37008490889119283,0.3842608149968306,0.3393990652774844,0.5840083260257147,0.2673057231420839,0.3012576377378551,0.29642171966485753,0.2492702251589085,0.48505642994184706,0.0,0.48711715860282445,0.4076517275014413,0.2570471485782154,0.3301156569979743,1.0,0.1683734251885286,0.5202760996928487,0.25244339151883155,0.4245020249527044,0.6287481000160475,0.2723975320795673,0.268306637477715,0.27503367820480906,0.42989323878848595,0.43076492616395234,0.261076674264867,0.29455827027424086
0.2099198833118463,0.16650685221195205,0.1300443214933784,0.27117929066235047,0.20759706074063866,0.1831089687975097,0.1702842801945178,0.27382763992872905,0.1753330625774283,0.2777772874483001,0.16577164168779246,0.26342843200400334,0.16515826635465458,0.2714195774951049,0.2663834521848526,0.16002316268498962,0.14950044492756043,0.17099435176390176,0.16376603834328618,0.1652770317419573,0.1604164629415169,0.16327759764695404,0.16975568416443299,0.14699690912337648,0.1509757394923068,0.13293651136446105,0.15800791511839196,0.27254617318002317,0.18812265188900268,0.19081711559863934,0.2596767433676631,0.16330455055962145,0.0,0.1775882045841819,0.16703520839239705,0.2829980268856902,0.1553265914767319,0.1683734251885286,1.0,0.16321715297032613,0.2602295947700337,0.16535286142240213,0.16194486809951747,0.2754937665791517,0.27648114631787035,0.18032171648036843,0.16589353542992258,0.16573901842077865,0.2627280343531253,0.21121791089591713
0.3096337733871969,0.4283874356820476,0.23020690392517085,0.2570040364419228,0.4284986953915987,0.41894788954551976,0.35377930873149543,0.26942879263238384,0.3078034934266145,0.2699319875429175,0.5199012142995318,0.2628553464059703,0.554503369342253,0.257977723486688,0.2527599203502229,0.3519707026656864,0.36155380798961,0.5014057505923496,0.48461214738321146,0.36160449844772347,0.5228298505417306,0.5318219881191828,0.5335973842728149,0.3737859958550245,0.37152559372478466,0.32873775927256443,0.5499730201443522,0.2624687666823059,0.2993905300638535,0.3127026585922179,0.2534694613979048,0.5031558516074968,0.0,0.5073422712574144,0.4248386647725033,0.2682338984043041,0.33517275908263344,0.5202760996928487,0.16321715297032613,1.0,0.25351069244809543,0.43182735799650807,0.5513509386444271,0.2677369520532129,0.2693077812004486,0.2855196750956239,0.4410532820270684,0.4420113753626981,0.2637487140883249,0.3080977819302335
