../ecoli_genomes/GCF_000163235.1_ASM16323v1_genomic.fna.gz,../ecoli_genomes/GCF_000164555.1_ASM16455v1_genomic.fna.gz,../ecoli_genomes/GCF_000208545.1_ASM20854v2_genomic.fna.gz,../ecoli_genomes/GCF_000233875.1_ASM23387v1_genomic.fna.gz,../ecoli_genomes/GCF_000249735.1_ASM24973v2_genomic.fna.gz,../ecoli_genomes/GCF_000261145.1_Esch_coli_M919_V2_genomic.fna.gz,../ecoli_genomes/GCF_000267705.2_ASM26770v2_genomic.fna.gz,../ecoli_genomes/GCF_000350665.1_Esch_coli_KTE5_V1_genomic.fna.gz,../ecoli_genomes/GCF_000351625.1_Esch_coli_KTE66_V1_genomic.fna.gz,../ecoli_genomes/GCF_000352285.1_Esch_coli_KTE46_V1_genomic.fna.gz,../ecoli_genomes/GCF_000358895.1_ASM35889v1_genomic.fna.gz,../ecoli_genomes/GCF_000456385.1_Esch_coli_HVH_26_4-5703913_V1_genomic.fna.gz,../ecoli_genomes/GCF_000458195.1_Esch_coli_HVH_147_4-5893887_V1_genomic.fna.gz,../ecoli_genomes/GCF_000459755.1_Esch_coli_KOEGE_58_171a_V1_genomic.fna.gz,../ecoli_genomes/GCF_000460055.1_Esch_coli_UMEA_3053-1_V1_genomic.fna.gz,../ecoli_genomes/GCF_000462165.2_ASM46216v2_genomic.fna.gz,../ecoli_genomes/GCF_000601135.1_ASM60113v1_genomic.fna.gz,../ecoli_genomes/GCF_000614595.1_Ec2010EL1058_genomic.fna.gz,../ecoli_genomes/GCF_000617745.1_Ec2010C-4529_genomic.fna.gz,../ecoli_genomes/GCF_000618265.2_EcF6751_genomic.fna.gz,../ecoli_genomes/GCF_000619005.2_Ec2009C-4052_genomic.fna.gz,../ecoli_genomes/GCF_000619105.1_Ec2009C-4780_genomic.fna.gz,../ecoli_genomes/GCF_000619765.2_Ec2009C-3279_genomic.fna.gz,../ecoli_genomes/GCF_000687005.1_ASM68700v1_genomic.fna.gz,../ecoli_genomes/GCF_000687025.1_ASM68702v1_genomic.fna.gz,../ecoli_genomes/GCF_000700125.1_ASM70012v1_genomic.fna.gz,../ecoli_genomes/GCF_000753315.1_FHI35_genomic.fna.gz,../ecoli_genomes/GCF_000776375.1_ASM77637v1_genomic.fna.gz,../ecoli_genomes/GCF_000779395.1_ASM77939v1_genomic.fna.gz,../ecoli_genomes/GCF_000780315.1_ASM78031v1_genomic.fna.gz,../ecoli_genomes/GCF_000781995.1_ASM78199v1_genomic.fna.gz,../ecoli_genomes/GCF_000986765.1_ASM98676v1_genomic.fna.gz,../ecoli_genomes/GCF_001041375.1_ViralProj287958_genomic.fna.gz,../ecoli_genomes/GCF_001265335.1_302014_genomic.fna.gz,../ecoli_genomes/GCF_001265625.1_100854_genomic.fna.gz,../ecoli_genomes/GCF_001267345.1_303289_genomic.fna.gz,../ecoli_genomes/GCF_001309985.1_ASM130998v1_genomic.fna.gz,../ecoli_genomes/GCF_001521695.1_ASM152169v1_genomic.fna.gz,../ecoli_genomes/GCF_001592595.1_ASM159259v1_genomic.fna.gz,../ecoli_genomes/GCF_001614975.1_ASM161497v1_genomic.fna.gz,../ecoli_genomes/GCF_001692775.1_ASM169277v1_genomic.fna.gz,../ecoli_genomes/GCF_001748915.1_ASM174891v1_genomic.fna.gz,../ecoli_genomes/GCF_001749235.1_ASM174923v1_genomic.fna.gz,../ecoli_genomes/GCF_001881155.1_ASM188115v1_genomic.fna.gz,../ecoli_genomes/GCF_001881345.1_ASM188134v1_genomic.fna.gz,../ecoli_genomes/GCF_001892405.1_ASM189240v1_genomic.fna.gz,../ecoli_genomes/GCF_001892585.1_ASM189258v1_genomic.fna.gz,../ecoli_genomes/GCF_001893985.1_ASM189398v1_genomic.fna.gz,../ecoli_genomes/GCF_002001595.1_ASM200159v1_genomic.fna.gz,../ecoli_genomes/GCF_002002145.1_ASM200214v1_genomic.fna.gz
1.0,0.7724302505533273,0.7677465963578505,0.7665708867464881,0.7548850096446675,0.7697572274583486,0.7760399178687434,0.7723638795522588,0.7988234861692416,0.7727650183663191,0.7800621320688403,0.7737297202389974,0.7766547137211248,0.7642208878333301,0.7584431773153653,0.7766595813782319,0.7310388842781025,0.7790126720066176,0.7507781963257706,0.7798174326298777,0.7736480635961385,0.760912527182884,0.7825570436316438,0.7477062821626885,0.7363708436956962,0.712316895411115,0.7795461128619205,0.7678888687035779,0.7846305664375027,0.7996680861672247,0.7552891161386481,0.7700351588891148,0.06028829000353919,0.7761293154404927,0.7670363454428754,0.7623107206778319,0.7664854098957591,0.7787434232807635,0.6619677122817191,0.7807898544758624,0.7584228388587683,0.775726192507227,0.7819613988878242,0.7731653572336805,0.7752005418557381,0.7744895527296113,0.7763087687221538,0.7766249127985593,0.7660548233788391,0.7896281461092727
0.7724302505533273,1.0,0.7514651686526749,0.7530884969985078,0.7633849418631743,0.8066353701483817,0.7715888392217544,0.7571633352992813,0.7588969231161643,0.7591403070324722,0.792468829213994,0.7592215393154526,0.7883077339689454,0.7513432512136955,0.7465700346282679,0.7715429345906442,0.7488817767775108,0.7934537532047263,0.7598543350183984,0.7760461651562482,0.7876196935286118,0.76999315785351,0.7938404389812583,0.7845282994501612,0.7702718904435293,0.7284717403605651,0.7932925141312996,0.7559582505404838,0.7640573544011837,0.7622472509649513,0.7453739265873917,0.7790593304406673,0.060596101765513666,0.7854159034204651,0.8111819600005766,0.7480661364011556,0.7615467553194984,0.79292297772351,0.6600455795833171,0.7933673817526279,0.7471336359837399,0.8011300382237365,0.7949087713752925,0.7629416269048984,0.7605550957811036,0.7551986131113759,0.8051070309709979,0.8058624126313015,0.7593248427330526,0.763412538836182
0.7677465963578505,0.7514651686526749,1.0,0.7424296162395359,0.727559059677989,0.740841796814013,0.7526105886100076,0.7475449279464478,0.7621976763671963,0.7482516796463154,0.7549654402745112,0.7455695164603967,0.7541108963533081,0.745038065581485,0.7406824282128666,0.7537446793374614,0.6993467655352072,0.7583161642025069,0.7284687451043548,0.7584081833840215,0.7574797541920965,0.7400974855211083,0.759899462689734,0.7139352911252395,0.704774408323856,0.681927458200674,0.7595228021503038,0.7482199412233592,0.7623336357679567,0.7656785462467627,0.738116159440144,0.7432961964593867,0.061464675567748706,0.753884701459536,0.7395123356191947,0.746092481408681,0.743998311186074,0.7525686107593259,0.6367939822761726,0.7600591011925312,0.7406914821584338,0.7519559386141497,0.7614005643268308,0.7523530429784371,0.7477912672502596,0.7561875940901145,0.7565588937976233,0.7565192456880516,0.7529074863989068,0.7655854839986223
0.7665708867464881,0.7530884969985078,0.7424296162395359,1.0,0.7474060859106169,0.7529696582170244,0.7521145514722204,0.8281038763317516,0.762608223328482,0.8351805434126917,0.7576720474585603,0.8306473253904558,0.759666292614747,0.8473320514010965,0.8537624226170248,0.7568101393523123,0.7157209614047442,0.7596067734597799,0.7316819663828753,0.756125272871704,0.7544130854645714,0.7408975274178614,0.7642643677720596,0.7291366967377797,0.722731798061984,0.6963678115485672,0.7587609568768678,0.835473086350455,0.7657814457818869,0.7588189183923162,0.8256516538609653,0.7582241325901767,0.06040901990834102,0.7533232527777317,0.7476024170745109,0.79383352646397,0.7454621099860147,0.7530971944524023,0.678449787058629,0.7550084555524376,0.8354906519161298,0.7555978259751108,0.758550056887799,0.838980406677472,0.832407074095946,0.7624972527437227,0.756963380675569,0.7580315358153416,0.8138683068883468,0.7714603028947816
0.7548850096446675,0.7633849418631743,0.727559059677989,0.7474060859106169,1.0,0.7766744128303152,0.7525307397824429,0.7476310929738567,0.7541057031361842,0.7503355383472531,0.7991845735507535,0.7412915268120541,0.7988222269344499,0.7402410685590114,0.746579882270403,0.7657783051689164,0.7472993469878147,0.7781834794434672,0.752450183400133,0.7564384984954813,0.7793530482708412,0.7599177815377889,0.7821881502847289,0.7629132611240887,0.7503432164479328,0.7279902984312027,0.783773104579301,0.7347902534729159,0.7493708261777932,0.752107495585823,0.7378819527520963,0.7924520453517696,0.060139399418369655,0.7825138236824916,0.7684428966157796,0.7324808845986288,0.7519064710648355,0.791933741870715,0.6443495797537842,0.7887019441477986,0.7465997724829964,0.7790399903713011,0.7927745381272455,0.7424263415087586,0.7434474705275753,0.7403731421594859,0.7830631762707919,0.7837025933866909,0.7386183177055777,0.7493506293284458
0.7697572274583486,0.8066353701483817,0.740841796814013,0.7529696582170244,0.7766744128303152,1.0,0.7795965192798959,0.7581389498152769,0.7552139631602149,0.7521082907272099,0.7925804385616126,0.7542944525783386,0.7869031133631855,0.7495253448336963,0.74567857960331,0.7795888901415166,0.7593148465056253,0.7965523864654397,0.768595634276695,0.7784065209778976,0.7853428727572159,0.7908014063467124,0.7957678839315214,0.7918339679197749,0.7844409586605372,0.740676307131221,0.787163934034347,0.7495766296137704,0.7602166321847155,0.7536318919666763,0.741518722339193,0.7877933039855365,0.060401361395510667,0.7924683560260131,0.8182905378775301,0.7510822817739757,0.7689157346727239,0.7916916331868893,0.6497211141652244,0.7912281617406943,0.7460093995212571,0.8098747328716176,0.7927889545051834,0.7570382905586962,0.7560088869616529,0.7523894498353376,0.8077706706857113,0.8096699360222878,0.7497068002300327,0.7634629803370571
0.7760399178687434,0.7715888392217544,0.7526105886100076,0.7521145514722204,0.7525307397824429,0.7795965192798959,1.0,0.7562692531320645,0.7687830741838815,0.7529736929394897,0.781192113159286,0.7531437371047855,0.7791302166063403,0.7506804669058541,0.7464387869873839,0.8979280333718399,0.727152225495078,0.8048421180914174,0.7724065932287221,0.9396350294801138,0.8016583561036272,0.7819176232096077,0.8063520528684633,0.7465801458112675,0.7349542881107343,0.7086517426502386,0.7887388885277069,0.7519113476752214,0.7657615739306348,0.7677773437221342,0.7426571961680419,0.7750965965369568,0.0610840315343778,0.7885217206908846,0.7781379075132402,0.759719818135686,0.912193429379071,0.7745154963509984,0.6479205582794734,0.7841115350947191,0.7434044028425801,0.7814862977649555,0.7877061655725828,0.7581755378585219,0.7565597650453366,0.7578034771172494,0.7777841788890043,0.7783439214165406,0.7523091732170308,0.7699150840744262
0.7723638795522588,0.7571633352992813,0.7475449279464478,0.8281038763317516,0.7476310929738567,0.7581389498152769,0.7562692531320645,1.0,0.7646054786329465,0.831218041965097,0.7606056482354201,0.8248096037960222,0.7650468455614333,0.8240594011624514,0.8191462894129329,0.7584202102298727,0.7176558036344056,0.7639597461881226,0.7380536812633173,0.7599057204657818,0.7586953583767406,0.7460275682683761,0.7668523126426656,0.7338222207748997,0.722734944841146,0.699506757085509,0.7644857296541038,0.8823226101542777,0.7743048350678587,0.7631076456310184,0.8148574467496857,0.7586628886887867,0.061171735337368194,0.7611016874922385,0.7501686825178027,0.7967989416465213,0.7478696529800888,0.7654251714135283,0.6825069440046502,0.7637665001358075,0.8180332633548976,0.7600301608561405,0.7655101858121258,0.8866409629641216,0.8763475055327995,0.7658019319075646,0.759724202022598,0.7601858490922433,0.8157043884282783,0.7743797257081376
0.7988234861692416,0.7588969231161643,0.7621976763671963,0.762608223328482,0.7541057031361842,0.7552139631602149,0.7687830741838815,0.7646054786329465,1.0,0.7699654317027547,0.7713945801553475,0.7576344704919659,0.7756280068164094,0.7609283734536844,0.7607639412474565,0.7745237810293604,0.7120982966885894,0.7720416255151568,0.7410786614869638,0.775159181608512,0.7687878675879802,0.753743903819754,0.7754668322261382,0.7295332293688799,0.7182937302307215,0.6952365568282034,0.7751562481951256,0.7597897273238033,0.7809105690266827,0.8091645006150785,0.7553934781697533,0.7626191823429932,0.06108473407756809,0.7687810099276502,0.7540213073440134,0.7609147768217509,0.7629804700813749,0.7658139325423776,0.6464537648424199,0.7749258170774649,0.7565825820904819,0.7646381973945817,0.7784557384083199,0.7634552064962802,0.759652979211151,0.7727177969497568,0.7666502094207629,0.7668523553331938,0.7625186059873997,0.7867512780669713
0.7727650183663191,0.7591403070324722,0.7482516796463154,0.8351805434126917,0.7503355383472531,0.7521082907272099,0.7529736929394897,0.831218041965097,0.7699654317027547,1.0,0.7671695153204509,0.8220147141943754,0.769448808181276,0.8291925240156154,0.8271122073014802,0.7594115446785459,0.7096430496023481,0.7624014695545922,0.7329687295676816,0.7578850336243571,0.7564742163679696,0.7436325110058577,0.7613955706212175,0.7294203619507234,0.7180235584780648,0.6954691031082636,0.7640952503320269,0.8300036816631275,0.7727686601853991,0.7674570705144643,0.8315650372949264,0.7523005315694727,0.06024985467432631,0.7551192416315834,0.7494799893183052,0.8002393485759793,0.7461871618105798,0.7591028358340872,0.6790361375232574,0.7639295645546453,0.8351546708877701,0.7580152626479396,0.7636660195278098,0.8329019458927421,0.8310101395454291,0.762809272615234,0.7604467260844111,0.7606814231875967,0.8246543593803095,0.7709287093511077
0.7800621320688403,0.792468829213994,0.7549654402745112,0.7576720474585603,0.7991845735507535,0.7925804385616126,0.781192113159286,0.7606056482354201,0.7713945801553475,0.7671695153204509,1.0,0.7594627512888799,0.8359390930504903,0.758563274325828,0.7527034879120393,0.7850554359194358,0.7406227178890352,0.8235683790875706,0.7876678695704195,0.7853735640616333,0.8139058202866077,0.8090417878875549,0.822016630086626,0.7697901213868324,0.7459933299008961,0.7279238182906578,0.826759006522308,0.7598980230423477,0.7681358241335493,0.7750177624837535,0.7507689452708982,0.7992006323552959,0.05948592255216345,0.8124329673988553,0.7961164539956973,0.7600762011413809,0.7717441705614818,0.8181362406930877,0.64551622122434,0.8353003906038934,0.752323098616232,0.8081806804868263,0.8320877592924845,0.7631273776727447,0.7603974202056298,0.7587238261572992,0.8080416869883453,0.8083052764793627,0.7626625766260856,0.7730968187550027
0.7737297202389974,0.7592215393154526,0.7455695164603967,0.8306473253904558,0.7412915268120541,0.7542944525783386,0.7531437371047855,0.8248096037960222,0.7576344704919659,0.8220147141943754,0.7594627512888799,1.0,0.758319196159861,0.8248471374429497,0.8453493033447828,0.7544166744256964,0.7191523113532678,0.7588643072192753,0.7344689514023373,0.7561776822338173,0.7575166694121052,0.7445791611417347,0.7629515230057622,0.7348477702057051,0.7247034834366752,0.7024408184735085,0.7598288829280639,0.8236695948220225,0.7711904342816985,0.7613906843308086,0.8041459250159462,0.7540976314232148,0.06067579921852895,0.7568626380038038,0.7519851229596377,0.7913254910829726,0.7443520198935198,0.7593470879047806,0.6819289602137231,0.7604494350434677,0.8121507548898783,0.756135820240275,0.7622231757100473,0.8296548043976998,0.8273312289230065,0.7653656114166404,0.7614648895264691,0.7618236099754301,0.8076340517930587,0.7707356578528025
0.7766547137211248,0.7883077339689454,0.7541108963533081,0.759666292614747,0.7988222269344499,0.7869031133631855,0.7791302166063403,0.7650468455614333,0.7756280068164094,0.769448808181276,0.8359390930504903,0.758319196159861,1.0,0.7567007865080299,0.7594302004940694,0.787819205362555,0.7378724060786677,0.8250590847440175,0.8132340418926891,0.784832373126776,0.8228243191117602,0.8257134686308517,0.8394960274313598,0.7637378771651443,0.7419762401671887,0.7219190891624943,0.8396094068424599,0.758420505415176,0.7700466147012073,0.7794235939965395,0.7528100142319432,0.8183517990662468,0.06025496625302751,0.8289730193200663,0.7912105391355038,0.754352851151066,0.7756124243985714,0.8225616905244706,0.6437962676213311,0.8407942066979065,0.7558461490381744,0.8017735290811071,0.8382376617762843,0.7613216353599361,0.7582308328898042,0.7573735548465157,0.8034133045059281,0.8033657379037782,0.7602696963369584,0.7724917612321995
0.7642208878333301,0.7513432512136955,0.745038065581485,0.8473320514010965,0.7402410685590114,0.7495253448336963,0.7506804669058541,0.8240594011624514,0.7609283734536844,0.8291925240156154,0.758563274325828,0.8248471374429497,0.7567007865080299,1.0,0.8478965177959876,0.7526018117492579,0.7070875771522745,0.7600209118667198,0.7320297511570449,0.755851746063221,0.7536289123251396,0.7413725618159563,0.7623340060150253,0.7199037818315608,0.7120360885729182,0.6881868069601933,0.7598274938968794,0.8360610297199467,0.7702007070178613,0.7579117705532341,0.822812800371068,0.7503639994205851,0.06091037852669445,0.7536441101379724,0.7455285273216623,0.7949205498946558,0.7424151258170562,0.7548078869225451,0.673859408132403,0.7565417200696191,0.8280987310839227,0.7539677332934477,0.7596011653173422,0.8366413605549232,0.829992136355452,0.7656782029653872,0.7564512035421597,0.7574700090638644,0.8157011238878028,0.7736684400620859
0.7584431773153653,0.7465700346282679,0.7406824282128666,0.8537624226170248,0.746579882270403,0.74567857960331,0.7464387869873839,0.8191462894129329,0.7607639412474565,0.8271122073014802,0.7527034879120393,0.8453493033447828,0.7594302004940694,0.8478965177959876,1.0,0.7522341290195497,0.7091536622525896,0.7545955317155253,0.7270139012970724,0.7514353231136961,0.7505841074088588,0.7365990110937349,0.7584163498680603,0.7215089244734094,0.7139476491049197,0.6903104850435917,0.7553275557745125,0.8213687234295735,0.7643708881528215,0.7565960159345477,0.8238515599371673,0.7520933454964178,0.06078214879787858,0.7499655821203598,0.7422761595117466,0.7896016616774189,0.7409318338018656,0.7511249254293031,0.673839006253991,0.7529306318074027,0.8306873948948847,0.7502730256382489,0.7565923562606467,0.8236037886899338,0.8179699240701307,0.7620198743313678,0.7553789047644927,0.7561501245443449,0.8073871646077956,0.7720737079700761
0.7766595813782319,0.7715429345906442,0.7537446793374614,0.7568101393523123,0.7657783051689164,0.7795888901415166,0.8979280333718399,0.7584202102298727,0.7745237810293604,0.7594115446785459,0.7850554359194358,0.7544166744256964,0.787819205362555,0.7526018117492579,0.7522341290195497,1.0,0.730016968423495,0.7972478691736234,0.7699587075223066,0.9049514299491803,0.7929731001517251,0.7826618225521422,0.7991712059990133,0.7511002410872132,0.7408545295783344,0.7170872366543362,0.7859191635224203,0.7524593161685452,0.7667527140450169,0.775336125830052,0.7473526651308502,0.7779961530375508,0.060925971714955396,0.7851857454040044,0.776713384306001,0.7574081611408073,0.8946460145226856,0.7769013743664979,0.6446937074169958,0.78444982008632,0.749576022544929,0.7799041884606037,0.7869873183639013,0.7572080697850272,0.7557739590347085,0.7594202920852837,0.7793736240252962,0.7796353994021995,0.754638547242835,0.770442205781062
0.7310388842781025,0.7488817767775108,0.6993467655352072,0.7157209614047442,0.7472993469878147,0.7593148465056253,0.727152225495078,0.7176558036344056,0.7120982966885894,0.7096430496023481,0.7406227178890352,0.7191523113532678,0.7378724060786677,0.7070875771522745,0.7091536622525896,0.730016968423495,1.0,0.7395293551981889,0.7149935174174469,0.7284565542865454,0.7350440795201153,0.7252697605723297,0.7446851478862797,0.8103292579250436,0.8074497907678985,0.7920671509873716,0.7379658441790566,0.7067080589232466,0.7150860514458843,0.7123242176597361,0.7025550389322373,0.77167549424002,0.058361752443157666,0.7483469798267002,0.7635586134028953,0.7060575459453884,0.7226638783130966,0.7426470473177335,0.6440426325203528,0.7449964133400586,0.7056611406087214,0.7544016888513114,0.741821304429761,0.7206376058779833,0.7222476066851412,0.7092015130540198,0.7686470175771509,0.7672896828135074,0.7043981149027024,0.7164651183417312
0.7790126720066176,0.7934537532047263,0.7583161642025069,0.7596067734597799,0.7781834794434672,0.7965523864654397,0.8048421180914174,0.7639597461881226,0.7720416255151568,0.7624014695545922,0.8235683790875706,0.7588643072192753,0.8250590847440175,0.7600209118667198,0.7545955317155253,0.7972478691736234,0.7395293551981889,1.0,0.8123271129209113,0.8084412081830645,0.840299818129449,0.8198548195769343,0.8471445123093152,0.7620854000094205,0.7447802827455794,0.720695690398831,0.8331656626554462,0.7614766478508435,0.7732182190987181,0.7748378919345049,0.751911073569554,0.805887161513736,0.060992692390300696,0.8238988759474917,0.7971206997448503,0.7682756320351241,0.7939907511807763,0.8106129925453476,0.6505024872627916,0.8278683331368618,0.751694839061684,0.8072530142862026,0.8287281315181783,0.765252606072744,0.7623453739392674,0.7630478309308022,0.8058704340791101,0.806412495231954,0.7603263896669412,0.7764758448579918
0.7507781963257706,0.7598543350183984,0.7284687451043548,0.7316819663828753,0.752450183400133,0.768595634276695,0.7724065932287221,0.7380536812633173,0.7410786614869638,0.7329687295676816,0.7876678695704195,0.7344689514023373,0.8132340418926891,0.7320297511570449,0.7270139012970724,0.7699587075223066,0.7149935174174469,0.8123271129209113,1.0,0.7724132246197787,0.8033611984680401,0.8169701517316119,0.8089962479546285,0.7339442288766811,0.7238537561587255,0.696322383887378,0.7973019637140257,0.7336258917346663,0.7431726172467628,0.7443204616018968,0.7241142978346439,0.7926740222648846,0.06025196911179953,0.7935164041419075,0.7669047587365296,0.7372038827455067,0.7645663249234019,0.7816762298141335,0.6319561940598613,0.7944392367513384,0.7249171920098249,0.7722885768519389,0.7939989298452247,0.7390862246869763,0.7369377509415611,0.7366257594306518,0.7692683838177945,0.7701563910457645,0.7320448220695351,0.7472854683960252
0.7798174326298777,0.7760461651562482,0.7584081833840215,0.756125272871704,0.7564384984954813,0.7784065209778976,0.9396350294801138,0.7599057204657818,0.775159181608512,0.7578850336243571,0.7853735640616333,0.7561776822338173,0.784832373126776,0.755851746063221,0.7514353231136961,0.9049514299491803,0.7284565542865454,0.8084412081830645,0.7724132246197787,1.0,0.8053896058391825,0.7817759144612623,0.8092899682803901,0.7465248551678987,0.7362794197414582,0.7097068348314433,0.7937303505794662,0.7568752591857775,0.7712990319491768,0.7744390671712563,0.7477256506055563,0.7777197863125702,0.06130013759514985,0.7913296509263448,0.7794306489624339,0.762371979250256,0.915470442935183,0.7795443840978457,0.6476880472945773,0.7901663569752164,0.7483097083331585,0.7851847067731531,0.7931752123033086,0.7616953744417212,0.7593320496620323,0.7640172295035268,0.7831017270408982,0.7836332776171552,0.7580592286033161,0.7757791664233957
0.7736480635961385,0.7876196935286118,0.7574797541920965,0.7544130854645714,0.7793530482708412,0.7853428727572159,0.8016583561036272,0.7586953583767406,0.7687878675879802,0.7564742163679696,0.8139058202866077,0.7575166694121052,0.8228243191117602,0.7536289123251396,0.7505841074088588,0.7929731001517251,0.7350440795201153,0.840299818129449,0.8033611984680401,0.8053896058391825,1.0,0.8151483415632,0.8463965522385057,0.7552851258794164,0.7406210254011898,0.7182310855748922,0.8302551441708899,0.7576718267164984,0.7683650637631279,0.773472831354884,0.7467283920446806,0.8068442931618451,0.06149865871574001,0.8263068266505487,0.789775096882916,0.7628195243683034,0.7899997024539087,0.8117411899986646,0.6478857472218935,0.8277057484191757,0.7488145526276813,0.7948508830218868,0.8258848311743074,0.761878751992681,0.7599420368700913,0.765456207285374,0.8030515331566797,0.8033499593387821,0.7578590710007479,0.7731089377177727
0.760912527182884,0.76999315785351,0.7400974855211083,0.7408975274178614,0.7599177815377889,0.7908014063467124,0.7819176232096077,0.7460275682683761,0.753743903819754,0.7436325110058577,0.8090417878875549,0.7445791611417347,0.8257134686308517,0.7413725618159563,0.7365990110937349,0.7826618225521422,0.7252697605723297,0.8198548195769343,0.8169701517316119,0.7817759144612623,0.8151483415632,1.0,0.8630096510365883,0.7457160726020939,0.7353983197412644,0.7107830851265996,0.8115248771012038,0.7441756631132478,0.7529675168071307,0.7556930530605199,0.733083255468805,0.7998219341466195,0.06041335318186292,0.8359944892510016,0.7757757824904149,0.746327038185925,0.771839832441837,0.799447865734781,0.6369219392594769,0.8128352388545848,0.7327258550009267,0.7804897454664818,0.8137137995134571,0.7484837371098652,0.7452277261771822,0.7473198560761906,0.781979008510566,0.7821242170390242,0.7433803771166319,0.7591524501083082
0.7825570436316438,0.7938404389812583,0.759899462689734,0.7642643677720596,0.7821881502847289,0.7957678839315214,0.8063520528684633,0.7668523126426656,0.7754668322261382,0.7613955706212175,0.822016630086626,0.7629515230057622,0.8394960274313598,0.7623340060150253,0.7584163498680603,0.7991712059990133,0.7446851478862797,0.8471445123093152,0.8089962479546285,0.8092899682803901,0.8463965522385057,0.8630096510365883,1.0,0.7601392813953579,0.7486627319559671,0.7207482172730302,0.8427977133524631,0.7648072828196716,0.7750392190201261,0.7754677563494574,0.7535551433345544,0.8186383505989506,0.06117120247087782,0.8627279085267103,0.7950385222456974,0.7664166969215396,0.7954457353889066,0.8211482346292323,0.6510689267447904,0.8347004271437796,0.7536949681196,0.8036104578673922,0.836601563350102,0.769192732210469,0.7667361857411745,0.7662451021087949,0.8040491458580856,0.8050534696835643,0.7634331225765086,0.7789950302186193
0.7477062821626885,0.7845282994501612,0.7139352911252395,0.7291366967377797,0.7629132611240887,0.7918339679197749,0.7465801458112675,0.7338222207748997,0.7295332293688799,0.7294203619507234,0.7697901213868324,0.7348477702057051,0.7637378771651443,0.7199037818315608,0.7215089244734094,0.7511002410872132,0.8103292579250436,0.7620854000094205,0.7339442288766811,0.7465248551678987,0.7552851258794164,0.7457160726020939,0.7601392813953579,1.0,0.8130279116248843,0.7825349370306633,0.7611337403199567,0.7202277914751132,0.7298960679165755,0.7308595776111375,0.717260921531762,0.7722324722981301,0.05841407594872583,0.7601123440701827,0.8032921055558586,0.7204811460075451,0.7401196869907054,0.7596057407559178,0.6434705658028236,0.7630395926487497,0.722643261973691,0.7798538748366363,0.7604155273042351,0.732577619581081,0.7336527843641847,0.719755721871021,0.7814407501412538,0.7806972952065475,0.7203272183628778,0.7304632066024154
0.7363708436956962,0.7702718904435293,0.704774408323856,0.722731798061984,0.7503432164479328,0.7844409586605372,0.7349542881107343,0.722734944841146,0.7182937302307215,0.7180235584780648,0.7459933299008961,0.7247034834366752,0.7419762401671887,0.7120360885729182,0.7139476491049197,0.7408545295783344,0.8074497907678985,0.7447802827455794,0.7238537561587255,0.7362794197414582,0.7406210254011898,0.7353983197412644,0.7486627319559671,0.8130279116248843,1.0,0.7919152390298205,0.7434009960423558,0.7102661910138778,0.7175692281098198,0.7165467963359772,0.7086100232699324,0.7765183169666333,0.0586957713411268,0.7476984508185154,0.7863184006304301,0.7092698104994726,0.7316976322025592,0.7521590471075437,0.6440856991615935,0.7485885824019585,0.7125835901740192,0.760173984573844,0.7480181574613154,0.7282019244681821,0.7275137100426685,0.7171996322402404,0.7702067583879074,0.7689835232704874,0.7140102413212506,0.7204841711158031
0.712316895411115,0.7284717403605651,0.681927458200674,0.6963678115485672,0.7279902984312027,0.740676307131221,0.7086517426502386,0.699506757085509,0.6952365568282034,0.6954691031082636,0.7279238182906578,0.7024408184735085,0.7219190891624943,0.6881868069601933,0.6903104850435917,0.7170872366543362,0.7920671509873716,0.720695690398831,0.696322383887378,0.7097068348314433,0.7182310855748922,0.7107830851265996,0.7207482172730302,0.7825349370306633,0.7919152390298205,1.0,0.7199686750593013,0.688104885805483,0.6946178293757834,0.6963443791563406,0.6860324271790186,0.7386325712810455,0.05709375690019536,0.7223685793276191,0.747673283705819,0.6869508210446615,0.7051681102508601,0.729365417440257,0.6293708531537326,0.729260109701495,0.6888271965494773,0.7353804387196738,0.7219893287313773,0.7040239652467859,0.7024591153944906,0.6909926974859473,0.7484158909555172,0.7461022355273041,0.690729151361499,0.6980529470221286
0.7795461128619205,0.7932925141312996,0.7595228021503038,0.7587609568768678,0.783773104579301,0.787163934034347,0.7887388885277069,0.7644857296541038,0.7751562481951256,0.7640952503320269,0.826759006522308,0.7598288829280639,0.8396094068424599,0.7598274938968794,0.7553275557745125,0.7859191635224203,0.7379658441790566,0.8331656626554462,0.7973019637140257,0.7937303505794662,0.8302551441708899,0.8115248771012038,0.8427977133524631,0.7611337403199567,0.7434009960423558,0.7199686750593013,1.0,0.760712142757398,0.7742139200734777,0.7763594680470688,0.7529461003649728,0.8117819196015592,0.06080451476833337,0.8247717476323727,0.7921915357378098,0.7612259979583296,0.7794969325502783,0.8413042077864032,0.6448561748001572,0.8418809244832809,0.7540109928945145,0.8043522024132669,0.8602593166016503,0.7670364507501934,0.7616240061626091,0.7658467690556742,0.8034811220955244,0.8037893154295176,0.7641278473731167,0.7772318634101014
0.7678888687035779,0.7559582505404838,0.7482199412233592,0.835473086350455,0.7347902534729159,0.7495766296137704,0.7519113476752214,0.8823226101542777,0.7597897273238033,0.8300036816631275,0.7598980230423477,0.8236695948220225,0.758420505415176,0.8360610297199467,0.8213687234295735,0.7524593161685452,0.7067080589232466,0.7614766478508435,0.7336258917346663,0.7568752591857775,0.7576718267164984,0.7441756631132478,0.7648072828196716,0.7202277914751132,0.7102661910138778,0.688104885805483,0.760712142757398,1.0,0.7740319745891167,0.7610019458794595,0.8147792479169237,0.7517712690503342,0.06088982322947889,0.7562897872880024,0.7447508463110645,0.7957402582021891,0.7429287419820625,0.7612259893425763,0.6785573048609082,0.7598268713133155,0.8183073899507,0.7547433100803864,0.7612897196349037,0.9190888270911387,0.9027870988719122,0.7647309976702006,0.7580209808001306,0.7581051720094535,0.8222558462908598,0.7717674384052327
0.7846305664375027,0.7640573544011837,0.7623336357679567,0.7657814457818869,0.7493708261777932,0.7602166321847155,0.7657615739306348,0.7743048350678587,0.7809105690266827,0.7727686601853991,0.7681358241335493,0.7711904342816985,0.7700466147012073,0.7702007070178613,0.7643708881528215,0.7667527140450169,0.7150860514458843,0.7732182190987181,0.7431726172467628,0.7712990319491768,0.7683650637631279,0.7529675168071307,0.7750392190201261,0.7298960679165755,0.7175692281098198,0.6946178293757834,0.7742139200734777,0.7740319745891167,1.0,0.7799017024482605,0.7613272260199306,0.7617006620560784,0.0609236137948963,0.7697192715275795,0.755033134213217,0.7684827281774742,0.757312124450157,0.7685820189878251,0.6530541642425403,0.7730347616597533,0.7588100071941466,0.7621650656117851,0.7732416236747259,0.7735757555626454,0.7712010230753132,0.7929007997117571,0.7665684424708287,0.7663770677000008,0.7707618038487347,0.8550455188565306
0.7996680861672247,0.7622472509649513,0.7656785462467627,0.7588189183923162,0.752107495585823,0.7536318919666763,0.7677773437221342,0.7631076456310184,0.8091645006150785,0.7674570705144643,0.7750177624837535,0.7613906843308086,0.7794235939965395,0.7579117705532341,0.7565960159345477,0.775336125830052,0.7123242176597361,0.7748378919345049,0.7443204616018968,0.7744390671712563,0.773472831354884,0.7556930530605199,0.7754677563494574,0.7308595776111375,0.7165467963359772,0.6963443791563406,0.7763594680470688,0.7610019458794595,0.7799017024482605,1.0,0.7535764043510595,0.7604275966063617,0.0613926201777909,0.767716911529327,0.7566953391719013,0.7588404053817378,0.7623456248309324,0.7685545743343549,0.6478494352418727,0.7818431198114242,0.755169370476404,0.7647712566328896,0.7793848934540302,0.7637396457878449,0.760017434675039,0.7791975123455049,0.7718814551016683,0.7718337530219491,0.7632031250049852,0.7869786053930686
0.7552891161386481,0.7453739265873917,0.738116159440144,0.8256516538609653,0.7378819527520963,0.741518722339193,0.7426571961680419,0.8148574467496857,0.7553934781697533,0.8315650372949264,0.7507689452708982,0.8041459250159462,0.7528100142319432,0.822812800371068,0.8238515599371673,0.7473526651308502,0.7025550389322373,0.751911073569554,0.7241142978346439,0.7477256506055563,0.7467283920446806,0.733083255468805,0.7535551433345544,0.717260921531762,0.7086100232699324,0.6860324271790186,0.7529461003649728,0.8147792479169237,0.7613272260199306,0.7535764043510595,1.0,0.7446424626280035,0.061508702473080046,0.7472946189648592,0.7376357715412805,0.786483139090382,0.7368893691939234,0.7472500825796367,0.6671875045271243,0.7512846209931506,0.8585903474851786,0.7481293547203302,0.7520428340281984,0.8179468406578079,0.8120456027419346,0.7566474596145625,0.7505451474625167,0.7509637723594575,0.8037079540006362,0.7612996511381098
0.7700351588891148,0.7790593304406673,0.7432961964593867,0.7582241325901767,0.7924520453517696,0.7877933039855365,0.7750965965369568,0.7586628886887867,0.7626191823429932,0.7523005315694727,0.7992006323552959,0.7540976314232148,0.8183517990662468,0.7503639994205851,0.7520933454964178,0.7779961530375508,0.77167549424002,0.805887161513736,0.7926740222648846,0.7777197863125702,0.8068442931618451,0.7998219341466195,0.8186383505989506,0.7722324722981301,0.7765183169666333,0.7386325712810455,0.8117819196015592,0.7517712690503342,0.7617006620560784,0.7604275966063617,0.7446424626280035,1.0,0.0608326017749542,0.8107046324433762,0.7800666986497796,0.746893421269631,0.7727377030240268,0.8101514829224051,0.6489177777589948,0.8140286668439274,0.7451137433835868,0.7904255229912375,0.8173617120909256,0.7579275154100362,0.7585764068664127,0.7540401961204273,0.7963420610995436,0.7964594027841351,0.7464468951017829,0.7614787076359517
0.06028829000353919,0.060596101765513666,0.061464675567748706,0.06040901990834102,0.060139399418369655,0.060401361395510667,0.0610840315343778,0.061171735337368194,0.06108473407756809,0.06024985467432631,0.05948592255216345,0.06067579921852895,0.06025496625302751,0.06091037852669445,0.06078214879787858,0.060925971714955396,0.058361752443157666,0.060992692390300696,0.06025196911179953,0.06130013759514985,0.06149865871574001,0.06041335318186292,0.06117120247087782,0.05841407594872583,0.0586957713411268,0.05709375690019536,0.06080451476833337,0.06088982322947889,0.0609236137948963,0.0613926201777909,0.061508702473080046,0.0608326017749542,1.0,0.06103349985080375,0.05990710243775399,0.06121579168996649,0.060807125683469354,0.060533810449048264,0.05575063291318161,0.06078060333196822,0.06078120686580912,0.06080060498905826,0.0608931031432377,0.06114290133669864,0.0610350196032694,0.062493805399379765,0.061095140008363025,0.06105238565291293,0.060757215361469274,0.06106880337179377
0.7761293154404927,0.7854159034204651,0.753884701459536,0.7533232527777317,0.7825138236824916,0.7924683560260131,0.7885217206908846,0.7611016874922385,0.7687810099276502,0.7551192416315834,0.8124329673988553,0.7568626380038038,0.8289730193200663,0.7536441101379724,0.7499655821203598,0.7851857454040044,0.7483469798267002,0.8238988759474917,0.7935164041419075,0.7913296509263448,0.8263068266505487,0.8359944892510016,0.8627279085267103,0.7601123440701827,0.7476984508185154,0.7223685793276191,0.8247717476323727,0.7562897872880024,0.7697192715275795,0.767716911529327,0.7472946189648592,0.8107046324433762,0.06103349985080375,1.0,0.7912696712200141,0.7641471882624942,0.7781181335963248,0.81316919865863,0.6543665030822761,0.8254540890477466,0.7469552086403206,0.7982456742948035,0.8310085341495822,0.7612703713087583,0.7606543345459722,0.759724364172951,0.7995908193999822,0.800045151062556,0.7558678901669438,0.7722194907888992
0.7670363454428754,0.8111819600005766,0.7395123356191947,0.7476024170745109,0.7684428966157796,0.8182905378775301,0.7781379075132402,0.7501686825178027,0.7540213073440134,0.7494799893183052,0.7961164539956973,0.7519851229596377,0.7912105391355038,0.7455285273216623,0.7422761595117466,0.776713384306001,0.7635586134028953,0.7971206997448503,0.7669047587365296,0.7794306489624339,0.789775096882916,0.7757757824904149,0.7950385222456974,0.8032921055558586,0.7863184006304301,0.747673283705819,0.7921915357378098,0.7447508463110645,0.755033134213217,0.7566953391719013,0.7376357715412805,0.7800666986497796,0.05990710243775399,0.7912696712200141,1.0,0.745682531938288,0.7655506607211053,0.7855140715812552,0.6460315393191137,0.7958918482026961,0.7401721313209986,0.8083221706341985,0.7971206297684648,0.7507330647961803,0.7497435614144914,0.7457984820956097,0.8078829072763843,0.8079851893002776,0.7458674418078217,0.7567417495319451
0.7623107206778319,0.7480661364011556,0.746092481408681,0.79383352646397,0.7324808845986288,0.7510822817739757,0.759719818135686,0.7967989416465213,0.7609147768217509,0.8002393485759793,0.7600762011413809,0.7913254910829726,0.754352851151066,0.7949205498946558,0.7896016616774189,0.7574081611408073,0.7060575459453884,0.7682756320351241,0.7372038827455067,0.762371979250256,0.7628195243683034,0.746327038185925,0.7664166969215396,0.7204811460075451,0.7092698104994726,0.6869508210446615,0.7612259979583296,0.7957402582021891,0.7684827281774742,0.7588404053817378,0.786483139090382,0.746893421269631,0.06121579168996649,0.7641471882624942,0.745682531938288,1.0,0.7497075358770364,0.7522903357061477,0.6817754706917301,0.7598598518265995,0.7879288617300125,0.7544447145184154,0.7596749303091375,0.7998930987064359,0.7987101555252853,0.7603981397911886,0.7539813936238078,0.7542285432052986,0.7999838276972404,0.77015488175108
0.7664854098957591,0.7615467553194984,0.743998311186074,0.7454621099860147,0.7519064710648355,0.7689157346727239,0.912193429379071,0.7478696529800888,0.7629804700813749,0.7461871618105798,0.7717441705614818,0.7443520198935198,0.7756124243985714,0.7424151258170562,0.7409318338018656,0.8946460145226856,0.7226638783130966,0.7939907511807763,0.7645663249234019,0.915470442935183,0.7899997024539087,0.771839832441837,0.7954457353889066,0.7401196869907054,0.7316976322025592,0.7051681102508601,0.7794969325502783,0.7429287419820625,0.757312124450157,0.7623456248309324,0.7368893691939234,0.7727377030240268,0.060807125683469354,0.7781181335963248,0.7655506607211053,0.7497075358770364,1.0,0.7670965578523383,0.6405275209880903,0.7734724818331282,0.7375972540585143,0.7726243315979779,0.7799973032484011,0.7483125814604755,0.7465754359821053,0.748917757975422,0.7687186262122733,0.7690565746098752,0.743063892294787,0.760708501106322
0.7787434232807635,0.79292297772351,0.7525686107593259,0.7530971944524023,0.791933741870715,0.7916916331868893,0.7745154963509984,0.7654251714135283,0.7658139325423776,0.7591028358340872,0.8181362406930877,0.7593470879047806,0.8225616905244706,0.7548078869225451,0.7511249254293031,0.7769013743664979,0.7426470473177335,0.8106129925453476,0.7816762298141335,0.7795443840978457,0.8117411899986646,0.799447865734781,0.8211482346292323,0.7596057407559178,0.7521590471075437,0.729365417440257,0.8413042077864032,0.7612259893425763,0.7685820189878251,0.7685545743343549,0.7472500825796367,0.8101514829224051,0.060533810449048264,0.81316919865863,0.7855140715812552,0.7522903357061477,0.7670965578523383,1.0,0.6514394554987413,0.8315715336629441,0.7500946031480209,0.7989476417191517,0.8547022160747443,0.7669625412536534,0.7624198456252875,0.7616051676141252,0.8077844132522882,0.8074307724336325,0.762280837383077,0.7707639633080083
0.6619677122817191,0.6600455795833171,0.6367939822761726,0.678449787058629,0.6443495797537842,0.6497211141652244,0.6479205582794734,0.6825069440046502,0.6464537648424199,0.6790361375232574,0.64551622122434,0.6819289602137231,0.6437962676213311,0.673859408132403,0.673839006253991,0.6446937074169958,0.6440426325203528,0.6505024872627916,0.6319561940598613,0.6476880472945773,0.6478857472218935,0.6369219392594769,0.6510689267447904,0.6434705658028236,0.6440856991615935,0.6293708531537326,0.6448561748001572,0.6785573048609082,0.6530541642425403,0.6478494352418727,0.6671875045271243,0.6489177777589948,0.05575063291318161,0.6543665030822761,0.6460315393191137,0.6817754706917301,0.6405275209880903,0.6514394554987413,1.0,0.6503241688028916,0.6702139453217709,0.6478154119825359,0.647748041748256,0.6842095502932137,0.6863592495045884,0.6476617728350273,0.6546816611448674,0.652280790233513,0.6756673024002461,0.6543140632301219
