../ecoli_genomes/GCF_000163235.1_ASM16323v1_genomic.fna.gz,../ecoli_genomes/GCF_000164555.1_ASM16455v1_genomic.fna.gz,../ecoli_genomes/GCF_000208545.1_ASM20854v2_genomic.fna.gz,../ecoli_genomes/GCF_000233875.1_ASM23387v1_genomic.fna.gz,../ecoli_genomes/GCF_000249735.1_ASM24973v2_genomic.fna.gz,../ecoli_genomes/GCF_000261145.1_Esch_coli_M919_V2_genomic.fna.gz,../ecoli_genomes/GCF_000267705.2_ASM26770v2_genomic.fna.gz,../ecoli_genomes/GCF_000350665.1_Esch_coli_KTE5_V1_genomic.fna.gz,../ecoli_genomes/GCF_000351625.1_Esch_coli_KTE66_V1_genomic.fna.gz,../ecoli_genomes/GCF_000352285.1_Esch_coli_KTE46_V1_genomic.fna.gz,../ecoli_genomes/GCF_000358895.1_ASM35889v1_genomic.fna.gz,../ecoli_genomes/GCF_000456385.1_Esch_coli_HVH_26_4-5703913_V1_genomic.fna.gz,../ecoli_genomes/GCF_000458195.1_Esch_coli_HVH_147_4-5893887_V1_genomic.fna.gz,../ecoli_genomes/GCF_000459755.1_Esch_coli_KOEGE_58_171a_V1_genomic.fna.gz,../ecoli_genomes/GCF_000460055.1_Esch_coli_UMEA_3053-1_V1_genomic.fna.gz,../ecoli_genomes/GCF_000462165.2_ASM46216v2_genomic.fna.gz,../ecoli_genomes/GCF_000601135.1_ASM60113v1_genomic.fna.gz,../ecoli_genomes/GCF_000614595.1_Ec2010EL1058_genomic.fna.gz,../ecoli_genomes/GCF_000617745.1_Ec2010C-4529_genomic.fna.gz,../ecoli_genomes/GCF_000618265.2_EcF6751_genomic.fna.gz,../ecoli_genomes/GCF_000619005.2_Ec2009C-4052_genomic.fna.gz,../ecoli_genomes/GCF_000619105.1_Ec2009C-4780_genomic.fna.gz,../ecoli_genomes/GCF_000619765.2_Ec2009C-3279_genomic.fna.gz,../ecoli_genomes/GCF_000687005.1_ASM68700v1_genomic.fna.gz,../ecoli_genomes/GCF_000687025.1_ASM68702v1_genomic.fna.gz,../ecoli_genomes/GCF_000700125.1_ASM70012v1_genomic.fna.gz,../ecoli_genomes/GCF_000753315.1_FHI35_genomic.fna.gz,../ecoli_genomes/GCF_000776375.1_ASM77637v1_genomic.fna.gz,../ecoli_genomes/GCF_000779395.1_ASM77939v1_genomic.fna.gz,../ecoli_genomes/GCF_000780315.1_ASM78031v1_genomic.fna.gz,../ecoli_genomes/GCF_000781995.1_ASM78199v1_genomic.fna.gz,../ecoli_genomes/GCF_000986765.1_ASM98676v1_genomic.fna.gz,../ecoli_genomes/GCF_001041375.1_ViralProj287958_genomic.fna.gz,../ecoli_genomes/GCF_001265335.1_302014_genomic.fna.gz,../ecoli_genomes/GCF_001265625.1_100854_genomic.fna.gz,../ecoli_genomes/GCF_001267345.1_303289_genomic.fna.gz,../ecoli_genomes/GCF_001309985.1_ASM130998v1_genomic.fna.gz,../ecoli_genomes/GCF_001521695.1_ASM152169v1_genomic.fna.gz,../ecoli_genomes/GCF_001592595.1_ASM159259v1_genomic.fna.gz,../ecoli_genomes/GCF_001614975.1_ASM161497v1_genomic.fna.gz,../ecoli_genomes/GCF_001692775.1_ASM169277v1_genomic.fna.gz,../ecoli_genomes/GCF_001748915.1_ASM174891v1_genomic.fna.gz,../ecoli_genomes/GCF_001749235.1_ASM174923v1_genomic.fna.gz,../ecoli_genomes/GCF_001881155.1_ASM188115v1_genomic.fna.gz,../ecoli_genomes/GCF_001881345.1_ASM188134v1_genomic.fna.gz,../ecoli_genomes/GCF_001892405.1_ASM189240v1_genomic.fna.gz,../ecoli_genomes/GCF_001892585.1_ASM189258v1_genomic.fna.gz,../ecoli_genomes/GCF_001893985.1_ASM189398v1_genomic.fna.gz,../ecoli_genomes/GCF_002001595.1_ASM200159v1_genomic.fna.gz,../ecoli_genomes/GCF_002002145.1_ASM200214v1_genomic.fna.gz
1.0,0.32454744605983576,0.25707080311849795,0.28012550449482065,0.29787496191118157,0.30067109770834866,0.2956675838643307,0.2887627952506434,0.39102426810483093,0.2963114796824331,0.3118421835316454,0.2943738096716828,0.29522612904487366,0.2734614794006982,0.26842754709463545,0.29055085867259844,0.28873809572237585,0.30358725950932486,0.24864600220443966,0.2964628654811934,0.2927929254006245,0.2748600556302436,0.300475657776317,0.3057841300910611,0.2963873063690742,0.25438818956271736,0.2977482135470977,0.28321646814497214,0.3471762744614596,0.3871773339517851,0.2623255565248088,0.29973218488712017,0.0,0.29085136562111025,0.30323055269145405,0.2577348926413281,0.2758625853502371,0.3158007118282924,0.22800950979627876,0.31163847674246026,0.2633685369154989,0.3058786621871762,0.30963866369825266,0.28838124610445937,0.2997762442309463,0.31540532871012683,0.3028264757277078,0.3040792017192746,0.272847705034052,0.34778054743864284
0.32454744605983576,1.0,0.23626496684511056,0.27230062700479374,0.40851073941810934,0.5331409108950625,0.34750375724208205,0.2809176650109406,0.29894890164946086,0.28240579126794185,0.4282010863977572,0.2844650210067453,0.41358490290242644,0.2653904178106812,0.26398184927660806,0.3439810675402941,0.4293830107875716,0.4173953507767162,0.33324624469351094,0.35499931441907884,0.40441030802173417,0.37973376981792595,0.4122194826120368,0.5222724876224001,0.5157856945351449,0.39094424057741695,0.41046523107871136,0.2755778582224423,0.3140181344402796,0.3061541598525487,0.2560162617381253,0.3962060909392249,0.0,0.3980298529374502,0.5709808702301902,0.24747418134268107,0.3261022132754323,0.43174691033741397,0.18999021284307316,0.42606581020223944,0.25937206568915594,0.47582262001131626,0.42212216150659954,0.28573929227103,0.28625161555090617,0.2851683134965711,0.4839101767228874,0.48351001311654873,0.28052946174941484,0.307062207046906
0.25707080311849795,0.23626496684511056,1.0,0.20524940120769464,0.21039012877924368,0.21392832176627763,0.21139436406861856,0.2104821612474297,0.2455880830139502,0.21354781008140544,0.22987305615750364,0.20664967528715306,0.21832507722488603,0.20543110511976292,0.20256089029446855,0.2127323434497741,0.19357834169973764,0.22435604852251612,0.18030250150773064,0.21568578286233164,0.2171615203373194,0.20445274587534323,0.22232751231153236,0.20604685897034936,0.20117906153351872,0.18052500516507142,0.2181817743054011,0.21001026246009258,0.24429173999957787,0.24977696222154921,0.19617618068496556,0.20909885902188552,0.0,0.21721747105005373,0.21648274590796202,0.19731917317142955,0.19880054683982196,0.2221618111173862,0.1507626770313515,0.22952748218349828,0.20400333809875337,0.22355885895563632,0.22560241706130824,0.21563422887807682,0.2078197174734443,0.22639419088590174,0.22426221476508001,0.22327063489385834,0.21499859537007382,0.24710867826160776
0.28012550449482065,0.27230062700479374,0.20524940120769464,1.0,0.2632763931202434,0.25262108111315407,0.2524734095535204,0.49436981920601797,0.27100214933729694,0.5101451530654639,0.26767256154277386,0.49682842425581264,0.25624836362314973,0.5394811923414464,0.5532725009343404,0.25543225791725965,0.23990372263455784,0.26128404050274445,0.21410237539643606,0.2552134297668165,0.2542767394001728,0.24112920656887027,0.26401700707838616,0.24330884434176747,0.24577314957183416,0.21508464353181467,0.2586110120626244,0.5289138347908988,0.30501535311255623,0.27340262655585423,0.49817035537616283,0.26155298461782117,0.0,0.2454459069044712,0.25534653557460263,0.38754955420432746,0.23695102369095422,0.2645611800211045,0.33122735126102076,0.2590444156788976,0.5207620452874963,0.25584749609466906,0.2620123390736132,0.5305792249604628,0.5170309622335421,0.2986665048547096,0.2556854012291959,0.25725069047967997,0.4527703368877243,0.3097414944520511
0.29787496191118157,0.40851073941810934,0.21039012877924368,0.2632763931202434,1.0,0.39704372255503284,0.3342007516543325,0.2756187065691429,0.29486564053205644,0.27546099605140384,0.5375426434287308,0.26015848213226467,0.45783021142429536,0.2608959296823232,0.26497326113442576,0.3455746267005515,0.3793277093323075,0.42071016544830053,0.348793094253143,0.3377080525486307,0.4326874335498586,0.40359781568745945,0.43946345728077507,0.3884211053915424,0.39764813771511776,0.3578061108674351,0.44131209753613265,0.2594044305269788,0.28949491690919227,0.2881078847982461,0.25632151907057266,0.4419337549129463,0.0,0.4361384235252327,0.40514328898081486,0.23845544957183373,0.32116389188226113,0.46001925482103834,0.21306696780424472,0.46319737448137377,0.2633091197750418,0.4143663319827463,0.4626254063780285,0.26541007684477713,0.27005372587440535,0.26843696726535304,0.4246498323433604,0.4257876352292017,0.26405143055913116,0.2975662031708479
0.30067109770834866,0.5331409108950625,0.21392832176627763,0.25262108111315407,0.39704372255503284,1.0,0.3508365967792345,0.26768878194007073,0.2837932748673224,0.2557270793885237,0.402071669735381,0.25426364953279956,0.39027153274561266,0.24712577627526855,0.24844045519230606,0.3416387703769498,0.4132293424601444,0.40443423121797195,0.3299195734971695,0.3406673995505035,0.37952688141085544,0.40887137509005755,0.39636957882824486,0.4922704461426982,0.49582660339486984,0.36641713733945114,0.3840102726783745,0.2539331089663446,0.29537197534366744,0.28301342633082816,0.23858577812768633,0.38195541067833483,0.0,0.3917388218243385,0.5393089098978192,0.23791147016317604,0.32124762844636634,0.400554248968893,0.1944680875130711,0.39747906192822724,0.24143882975677933,0.4519788257224473,0.40204989033335303,0.25994177382743333,0.2643375694870418,0.2674332765861248,0.4571310750526453,0.4595495845729214,0.25077882055964185,0.29583753564271
0.2956675838643307,0.34750375724208205,0.21139436406861856,0.2524734095535204,0.3342007516543325,0.3508365967792345,1.0,0.2550840509208204,0.29060099429939257,0.25657272102678474,0.355869811246622,0.24826283982652275,0.3374679050887899,0.24818795923662962,0.2460950502182575,0.742482816277694,0.3101680978790403,0.38146789834297845,0.3216555293640263,0.8384920658179464,0.37823466733138555,0.3502990249059984,0.3828773963763692,0.3317697491344179,0.31902102339771,0.2888686401156173,0.3511853427889623,0.24979667932338867,0.28625098329891496,0.29662321014126425,0.23775121159014123,0.3363092736911779,0.0,0.34766414347730346,0.35918083981318805,0.25083242770400893,0.7798654181117457,0.3415167574175253,0.1872400048563423,0.35129670410943015,0.23877064820756055,0.35125642531338985,0.3556520725200458,0.25498704174431397,0.25162304155575255,0.2639698925763989,0.34351893046812365,0.3429952697912104,0.2470948556908047,0.2866632904830356
0.2887627952506434,0.2809176650109406,0.2104821612474297,0.49436981920601797,0.2756187065691429,0.26768878194007073,0.2550840509208204,1.0,0.27551707847176676,0.49544151579507134,0.27057203453690337,0.47590711726076873,0.2661520124473373,0.48182849640801095,0.4730603187250755,0.2579994811569434,0.24559633848483653,0.2644046451525165,0.22762174955255643,0.2589544627264695,0.25593397273611485,0.24690184080411492,0.26656155096865597,0.26288714267299806,0.25453705670696947,0.22576926864281277,0.26476852713428034,0.6961149302026651,0.31278402311491926,0.27740354572278614,0.46947197379508665,0.2627132044088192,0.0,0.25894316112584004,0.26318586396385324,0.38302781288635956,0.23912705618863317,0.28734367926518256,0.31902600683785065,0.27112180479660564,0.47314843118793937,0.2652074016946836,0.27284798152729783,0.700990434781843,0.669035789987872,0.29781794510152426,0.260454845893749,0.26134989703818023,0.4453908403632375,0.3055230612890235
0.39102426810483093,0.29894890164946086,0.2455880830139502,0.27100214933729694,0.29486564053205644,0.2837932748673224,0.29060099429939257,0.27551707847176676,1.0,0.2832489314888338,0.3097195681009982,0.26280695383259556,0.2961914734328177,0.2691148726451845,0.27114908911307556,0.2939504264060252,0.26055297099473085,0.29738341025120885,0.23939310429846228,0.2971384860108882,0.2913946455605949,0.27640477391669127,0.29966165647330745,0.2778480976684806,0.2665116920198072,0.24611335252830235,0.3002977392391013,0.2692744184731979,0.3293151450209715,0.40719764886744203,0.2657176030431906,0.27383539798351597,0.0,0.2845682410407523,0.2944528907399876,0.25794903541836656,0.27497337854564585,0.2977253007330841,0.1980934083648911,0.30556542414782384,0.2638547918514015,0.2982348636400496,0.30748110970849774,0.2710240533976198,0.26474360925607954,0.30859810686927625,0.2962154342798503,0.2953997942133575,0.2673782874146796,0.3396084664017178
0.2963114796824331,0.28240579126794185,0.21354781008140544,0.5101451530654639,0.27546099605140384,0.2557270793885237,0.25657272102678474,0.49544151579507134,0.2832489314888338,1.0,0.2806871594022512,0.47579048367927734,0.2707580608487469,0.49877191630481066,0.491901692553094,0.2601146682481791,0.2349450556466005,0.2646973926228863,0.22000284729784714,0.2610107400326853,0.25548716789568027,0.2434710822247147,0.26129089538756445,0.2507318437201159,0.24803508405703723,0.21993683357196347,0.26354181282847267,0.5014136935261801,0.30991409030666417,0.28176809622920584,0.5191139399790397,0.2518971771609946,0.0,0.2503210103058614,0.2600679225489929,0.3958504643072387,0.24203106213042325,0.26866088902305685,0.33393959285403907,0.2694849674846065,0.5227331598643651,0.26453702866036366,0.267201498839268,0.5055404252348566,0.504353908439134,0.29511461139138573,0.26151065625974423,0.2611432157305914,0.46699699824969076,0.3030624123489798
0.3118421835316454,0.4282010863977572,0.22987305615750364,0.26767256154277386,0.5375426434287308,0.402071669735381,0.355869811246622,0.27057203453690337,0.3097195681009982,0.2806871594022512,1.0,0.26295021259891216,0.5258982800565208,0.2687588652879733,0.26401979198350833,0.3567708278795805,0.362701993662618,0.4853663102005733,0.4077374549304369,0.3646964367468277,0.4806101061106841,0.47630823910199505,0.4926218253037036,0.3966504045000624,0.3685280603776616,0.3436886570218727,0.49576714951610323,0.27054832347532465,0.3037439265285409,0.3124155724077501,0.2582712425306438,0.45105509703845925,0.0,0.4633046699692177,0.42405042774463253,0.2560456416769372,0.3368006709640925,0.4831369700241064,0.1927432040442434,0.5197916593287029,0.2618179573291982,0.43617515542377683,0.5033922775857832,0.2713808190587863,0.2678833898215056,0.2808456075850393,0.43489689701243184,0.4336877258053746,0.26807946385352255,0.30700855782406655
0.2943738096716828,0.2844650210067453,0.20664967528715306,0.49682842425581264,0.26015848213226467,0.25426364953279956,0.24826283982652275,0.47590711726076873,0.26280695383259556,0.47579048367927734,0.26295021259891216,1.0,0.25474846011718577,0.4884050555875248,0.6047798790068517,0.24614453447128926,0.25030849290361723,0.25370957811694816,0.22001726780303532,0.24983573484141264,0.253081854349942,0.2393203500743739,0.2579154055397529,0.2569555145158011,0.25246792954125086,0.22252407322472678,0.2526400221661751,0.4817548805229077,0.3165112465122084,0.2700198862512436,0.44247448934358036,0.25736928632198497,0.0,0.2478747584744313,0.25802985331102735,0.36941381403451645,0.23575183766549968,0.2679232251219221,0.31428659316729224,0.2631608245897854,0.46054079169459816,0.25359173746113306,0.26216501472000586,0.4881445410356994,0.4860691335811117,0.29242914739836434,0.259555444404438,0.2610515138930811,0.42530264756729097,0.29737393487072117
0.29522612904487366,0.41358490290242644,0.21832507722488603,0.25624836362314973,0.45783021142429536,0.39027153274561266,0.3374679050887899,0.2661520124473373,0.2961914734328177,0.2707580608487469,0.5258982800565208,0.25474846011718577,1.0,0.2544440061363512,0.2575235868266357,0.3385000628876932,0.35257449194743207,0.48076367938054,0.49551585605354365,0.3447850865827399,0.49340050231561694,0.5573475596825932,0.5423896017858933,0.3836476973275257,0.35757830341813246,0.32533770138038676,0.5265941669123038,0.25763674222808153,0.2917323149392954,0.2989794759399743,0.25098141655343154,0.49835114123367685,0.0,0.5109151973004261,0.4131870984031426,0.23684882064125024,0.32322580390861655,0.4981735845357299,0.17997942558794122,0.5361224630555927,0.25391571314290207,0.42177931619339337,0.5223094536619285,0.2588135688024169,0.2540341759439504,0.26833644086321806,0.42180717971994086,0.42046096930104826,0.2559687221800845,0.2946944089406056
0.2734614794006982,0.2653904178106812,0.20543110511976292,0.5394811923414464,0.2608959296823232,0.24712577627526855,0.24818795923662962,0.48182849640801095,0.2691148726451845,0.49877191630481066,0.2687588652879733,0.4884050555875248,0.2544440061363512,1.0,0.545829489934135,0.24559112736621913,0.226019029205333,0.2565444210344452,0.21518684207876804,0.2522051492156402,0.24714516705850376,0.24080487252307003,0.2578065183981473,0.2325625953118371,0.2308582418499272,0.2066976550270606,0.25662192823978314,0.5159855346605464,0.3074967719184878,0.2697982948145926,0.4907462104579303,0.2496384579281028,0.0,0.2440477446641275,0.2524947855563947,0.3857576383389417,0.23182647106769505,0.2630725309728281,0.312640030444285,0.256582180092925,0.506219028329814,0.25379112757843714,0.2594923153861024,0.5120550741311696,0.4994254895564275,0.2959939777176307,0.2525565369966556,0.2527222819953421,0.4554113306927523,0.3033559879878186
0.26842754709463545,0.26398184927660806,0.20256089029446855,0.5532725009343404,0.26497326113442576,0.24844045519230606,0.2460950502182575,0.4730603187250755,0.27114908911307556,0.491901692553094,0.26401979198350833,0.6047798790068517,0.2575235868266357,0.545829489934135,1.0,0.24795164260863933,0.2335432668071752,0.2525664010616122,0.21353349484657114,0.24932702598576162,0.24854697054090769,0.23897591146927266,0.25803674551011646,0.2351099997857935,0.23647628396792741,0.21517494809695525,0.25433210478764057,0.49415263748519356,0.3031402857233012,0.2676692488895288,0.492171543998588,0.24993051177567194,0.0,0.24362121682976445,0.25239466683551304,0.3790352653581176,0.233338045568113,0.2615349148064966,0.32039716953688213,0.25790815331410266,0.5050057081166988,0.25100404891089634,0.2609620681565037,0.49316274385803505,0.4806909498655302,0.29792359564746984,0.2577568706198644,0.25877940461411697,0.4414133227571465,0.3131393486103823
0.29055085867259844,0.3439810675402941,0.2127323434497741,0.25543225791725965,0.3455746267005515,0.3416387703769498,0.742482816277694,0.2579994811569434,0.2939504264060252,0.2601146682481791,0.3567708278795805,0.24614453447128926,0.3385000628876932,0.24559112736621913,0.24795164260863933,1.0,0.30638785591574724,0.3656188028124613,0.3159970254437684,0.7426123648810552,0.36069761689611235,0.3416640281411286,0.36589023342648075,0.32645633054774914,0.32576434716782743,0.3218097115773978,0.34197862238717247,0.2507887719723242,0.28265006418684346,0.2982359399135779,0.24021899069288533,0.327318338291928,0.0,0.340436091691803,0.35227546028082724,0.24569096623812514,0.7036836162321332,0.33860391123456635,0.18088643301046092,0.3453527221740472,0.24183399350803514,0.3447049969352084,0.34606032621123783,0.25280456206473767,0.25079877175536613,0.2629559603491789,0.3404552556928302,0.3396650790715793,0.24806660856704066,0.2844698613053068
0.28873809572237585,0.4293830107875716,0.19357834169973764,0.23990372263455784,0.3793277093323075,0.4132293424601444,0.3101680978790403,0.24559633848483653,0.26055297099473085,0.2349450556466005,0.362701993662618,0.25030849290361723,0.35257449194743207,0.226019029205333,0.2335432668071752,0.30638785591574724,1.0,0.3545250773810612,0.29099223107482086,0.3100841830050364,0.3499694143582517,0.3342674193791042,0.3607166509050662,0.5167203383027115,0.5171655433113791,0.4045014476571157,0.3459930583886778,0.2305060418985594,0.2665265958324269,0.2578358954940805,0.21954238209140675,0.4224297076344308,0.0,0.3666197990462138,0.43531858600679774,0.21681479920884583,0.2959773648466909,0.3567577516433498,0.17321514743052369,0.36800956990892764,0.21968824316513702,0.40460012952899727,0.363532052028241,0.25009885103098384,0.2636465899627045,0.24535938846691552,0.4155997095663294,0.4215551752371327,0.22445390250634012,0.2695329610776932
0.30358725950932486,0.4173953507767162,0.22435604852251612,0.26128404050274445,0.42071016544830053,0.40443423121797195,0.38146789834297845,0.2644046451525165,0.29738341025120885,0.2646973926228863,0.4853663102005733,0.25370957811694816,0.48076367938054,0.2565444210344452,0.2525664010616122,0.3656188028124613,0.3545250773810612,1.0,0.42601342742403625,0.3874936308791963,0.5057892126139146,0.4794178148615288,0.5171960624884828,0.38585711118230315,0.3620405758295314,0.326652574282022,0.49464745482992445,0.25954253931954474,0.29694461176473685,0.3072391119972585,0.2482475435141076,0.44065102907254017,0.0,0.4627529837884883,0.4170630057137821,0.2597424314800768,0.36176438266094313,0.4604176268708555,0.19242928044809626,0.48974064426784203,0.2491845426862006,0.4239626420329984,0.4832904148366526,0.2631090687912241,0.257857887467534,0.2740868845184232,0.4219304608929877,0.42059573280866824,0.253113162393519,0.3032379003721123
0.24864600220443966,0.33324624469351094,0.18030250150773064,0.21410237539643606,0.348793094253143,0.3299195734971695,0.3216555293640263,0.22762174955255643,0.23939310429846228,0.22000284729784714,0.4077374549304369,0.22001726780303532,0.49551585605354365,0.21518684207876804,0.21353349484657114,0.3159970254437684,0.29099223107482086,0.42601342742403625,1.0,0.3100484153941605,0.41436235740700444,0.5053873105396336,0.4237875058382068,0.30910612509073443,0.3034867173018235,0.2626791974856899,0.40302086311978025,0.22118891155574605,0.24648041507789198,0.24784906473155277,0.21004429216905984,0.44822008272167546,0.0,0.39414232921715364,0.3396693791567289,0.20920174224704136,0.30279478149232275,0.3866303571919715,0.15487094863596151,0.4016978434494386,0.2088828442104378,0.33708250054561795,0.40275930674905713,0.2238232554645022,0.22142206200839543,0.22695802078928506,0.3379135255522111,0.3387080312964459,0.2061720797960479,0.2457793097127201
0.2964628654811934,0.35499931441907884,0.21568578286233164,0.2552134297668165,0.3377080525486307,0.3406673995505035,0.8384920658179464,0.2589544627264695,0.2971384860108882,0.2610107400326853,0.3646964367468277,0.24983573484141264,0.3447850865827399,0.2522051492156402,0.24932702598576162,0.7426123648810552,0.3100841830050364,0.3874936308791963,0.3100484153941605,1.0,0.38437857675046283,0.3494712499104896,0.3856528270226778,0.33136934182642874,0.31860992108034814,0.29289923363464654,0.35834887129251447,0.25401029120992313,0.2875097981393657,0.3021266571500506,0.241298901438455,0.3336254062841595,0.0,0.34797366890524206,0.360686164350585,0.2538438607691934,0.7608559217136247,0.3463257200604749,0.18790380328202372,0.36119906863620765,0.24297663643113843,0.3559499331064443,0.36076848704745945,0.2584368012130164,0.25457431828557797,0.27126963070278365,0.34876233617931096,0.34824425280626703,0.2532789115446229,0.2945631550742026
0.2927929254006245,0.40441030802173417,0.2171615203373194,0.2542767394001728,0.4326874335498586,0.37952688141085544,0.37823466733138555,0.25593397273611485,0.2913946455605949,0.25548716789568027,0.4806101061106841,0.253081854349942,0.49340050231561694,0.24714516705850376,0.24854697054090769,0.36069761689611235,0.3499694143582517,0.5057892126139146,0.41436235740700444,0.38437857675046283,1.0,0.47904565162874024,0.5312094541845191,0.3761477552328719,0.3536585128608418,0.3299883122296622,0.504109827584666,0.25514717094400996,0.28626292875835113,0.29443512772366476,0.2380590503814224,0.454139286745717,0.0,0.48618477326154796,0.4094865028896705,0.2509231118519022,0.3535193663529822,0.47725885759526354,0.18729961366786785,0.5023589945853786,0.24209792615869474,0.40328067818789615,0.4976269878671783,0.2567049457020517,0.2555229637461127,0.27309176245903777,0.41759930980261506,0.41658128406173744,0.24973034073553546,0.29327255096589655
0.2748600556302436,0.37973376981792595,0.20445274587534323,0.24112920656887027,0.40359781568745945,0.40887137509005755,0.3502990249059984,0.24690184080411492,0.27640477391669127,0.2434710822247147,0.47630823910199505,0.2393203500743739,0.5573475596825932,0.24080487252307003,0.23897591146927266,0.3416640281411286,0.3342674193791042,0.4794178148615288,0.5053873105396336,0.3494712499104896,0.47904565162874024,1.0,0.6632954073326907,0.3531390690809968,0.33667286207711467,0.30273096784237896,0.48075195775267077,0.24431451413012073,0.2696191070304481,0.27525709968488155,0.22697197589835472,0.47079412369064566,0.0,0.5788643245919725,0.3817194457101959,0.231328001691135,0.32953967162393905,0.45954783552668654,0.17196326667260498,0.4856346792127587,0.22977363825672048,0.38531484533749516,0.48202722147368804,0.2460132663715121,0.2409706298106491,0.2542460291450711,0.38600005101959656,0.3850759593752747,0.23707755585058343,0.27844382434586035
0.300475657776317,0.4122194826120368,0.22232751231153236,0.26401700707838616,0.43946345728077507,0.39636957882824486,0.3828773963763692,0.26656155096865597,0.29966165647330745,0.26129089538756445,0.4926218253037036,0.2579154055397529,0.5423896017858933,0.2578065183981473,0.25803674551011646,0.36589023342648075,0.3607166509050662,0.5171960624884828,0.4237875058382068,0.3856528270226778,0.5312094541845191,0.6632954073326907,1.0,0.38022953948363625,0.3689387806966681,0.32568801404797076,0.5294561578076713,0.26269029468362315,0.29626232185096446,0.2936696655051271,0.24482511271244056,0.4767667983188356,0.0,0.6272530053066205,0.4128473273198785,0.25354412653508573,0.36216323337622114,0.4939234447278894,0.19381788266975575,0.5198962846045426,0.24712729908367514,0.4153326470752188,0.514771931988308,0.2661066042899126,0.2625075239064769,0.27375586323609247,0.41469206994363994,0.4145941032663836,0.25541291310507164,0.3009598039757122
0.3057841300910611,0.5222724876224001,0.20604685897034936,0.24330884434176747,0.3884211053915424,0.4922704461426982,0.3317697491344179,0.26288714267299806,0.2778480976684806,0.2507318437201159,0.3966504045000624,0.2569555145158011,0.3836476973275257,0.2325625953118371,0.2351099997857935,0.32645633054774914,0.5167203383027115,0.38585711118230315,0.30910612509073443,0.33136934182642874,0.3761477552328719,0.3531390690809968,0.38022953948363625,1.0,0.5593172029670206,0.40277948008678943,0.37819759650471907,0.24059181152755726,0.28247828538843467,0.2777033437812011,0.23010138230767185,0.39096833213183513,0.0,0.3777265088120364,0.5406379783310918,0.23629710983233743,0.31577034619672417,0.3861289859820374,0.17600700866629249,0.3928760654334499,0.23184714525597117,0.44356705931390794,0.38666132223765204,0.25702965234442643,0.2681719975913458,0.25452790708952033,0.4409601607936976,0.44442358917126346,0.23787892063574878,0.2803065519466762
0.2963873063690742,0.5157856945351449,0.20117906153351872,0.24577314957183416,0.39764813771511776,0.49582660339486984,0.31902102339771,0.25453705670696947,0.2665116920198072,0.24803508405703723,0.3685280603776616,0.25246792954125086,0.35757830341813246,0.2308582418499272,0.23647628396792741,0.32576434716782743,0.5171655433113791,0.3620405758295314,0.3034867173018235,0.31860992108034814,0.3536585128608418,0.33667286207711467,0.3689387806966681,0.5593172029670206,1.0,0.4359430308892768,0.3518735727415866,0.23490335977559618,0.2695152944624668,0.2614161493824222,0.22812892312890742,0.4256189404532501,0.0,0.3656411170497149,0.5246734578033398,0.21668104839451507,0.30626964783640576,0.37596440934191744,0.17455965441833,0.37095019009805275,0.22838780483469434,0.4179303978578842,0.3752931424559638,0.25748606464882307,0.2717027328520769,0.2579330086176628,0.4249510953181965,0.4305804386557598,0.24429640403845154,0.2715886569704693
0.25438818956271736,0.39094424057741695,0.18052500516507142,0.21508464353181467,0.3578061108674351,0.36641713733945114,0.2888686401156173,0.22576926864281277,0.24611335252830235,0.21993683357196347,0.3436886570218727,0.22252407322472678,0.32533770138038676,0.2066976550270606,0.21517494809695525,0.3218097115773978,0.4045014476571157,0.326652574282022,0.2626791974856899,0.29289923363464654,0.3299883122296622,0.30273096784237896,0.32568801404797076,0.40277948008678943,0.4359430308892768,1.0,0.3192289865892026,0.21155402812749935,0.23782982878128678,0.2386411790319679,0.20433096123864047,0.3295023708861744,0.0,0.32075758333816085,0.3997692638555591,0.19722181672909544,0.27710860183776354,0.33099977548500203,0.157273578166523,0.33507143790444893,0.2053436450154198,0.3768469035685028,0.32952948257553594,0.23010063969963568,0.233867429708693,0.22102701380637513,0.37797142623228785,0.37960780946954265,0.21831639625813148,0.2428154699088768
0.2977482135470977,0.41046523107871136,0.2181817743054011,0.2586110120626244,0.44131209753613265,0.3840102726783745,0.3511853427889623,0.26476852713428034,0.3002977392391013,0.26354181282847267,0.49576714951610323,0.2526400221661751,0.5265941669123038,0.25662192823978314,0.25433210478764057,0.34197862238717247,0.3459930583886778,0.49464745482992445,0.40302086311978025,0.35834887129251447,0.504109827584666,0.48075195775267077,0.5294561578076713,0.37819759650471907,0.3518735727415866,0.3192289865892026,1.0,0.25831306115560737,0.29683682854203963,0.3005215240907897,0.24806706304588844,0.46587656063656613,0.0,0.48795872878322066,0.4057475615514038,0.24504389478435207,0.3318133287000433,0.5871252628441195,0.1811069872511799,0.5382617547848917,0.25130383017869384,0.41602069444653655,0.6202531053396593,0.26386527441399366,0.25564500452929195,0.27639094926930996,0.41301054550208227,0.41203439682060694,0.2533087975857333,0.2995985437530694
0.28321646814497214,0.2755778582224423,0.21001026246009258,0.5289138347908988,0.2594044305269788,0.2539331089663446,0.24979667932338867,0.6961149302026651,0.2692744184731979,0.5014136935261801,0.27054832347532465,0.4817548805229077,0.25763674222808153,0.5159855346605464,0.49415263748519356,0.2507887719723242,0.2305060418985594,0.25954253931954474,0.22118891155574605,0.25401029120992313,0.25514717094400996,0.24431451413012073,0.26269029468362315,0.24059181152755726,0.23490335977559618,0.21155402812749935,0.25831306115560737,1.0,0.3116539825803849,0.2762860746861968,0.47868757059750977,0.25510315310647613,0.0,0.2489165892601668,0.25623703183667723,0.38475375266162526,0.23377650008318063,0.27765346606919783,0.32520829436531273,0.26317117993066785,0.4942733169824607,0.2585211670979557,0.2647643603510128,0.8005832208451656,0.7515442790916755,0.29339156346938233,0.25876823520859416,0.25877181116861614,0.4572198240991687,0.3002499621365834
0.3471762744614596,0.3140181344402796,0.24429173999957787,0.30501535311255623,0.28949491690919227,0.29537197534366744,0.28625098329891496,0.31278402311491926,0.3293151450209715,0.30991409030666417,0.3037439265285409,0.3165112465122084,0.2917323149392954,0.3074967719184878,0.3031402857233012,0.28265006418684346,0.2665265958324269,0.29694461176473685,0.24648041507789198,0.2875097981393657,0.28626292875835113,0.2696191070304481,0.29626232185096446,0.28247828538843467,0.2695152944624668,0.23782982878128678,0.29683682854203963,0.3116539825803849,1.0,0.33031964308378714,0.29171682240423236,0.28747234297971136,0.0,0.28636690781437846,0.2946898650100649,0.2859905738516245,0.2686643776381067,0.30390422431722264,0.22396257767726613,0.30089817106074757,0.2899497637822016,0.2925772063714054,0.298185417596892,0.308689887285327,0.3085736397521873,0.3888036146428665,0.293214446086956,0.29389469299075144,0.2976239776572176,0.6097534989269529
0.3871773339517851,0.3061541598525487,0.24977696222154921,0.27340262655585423,0.2881078847982461,0.28301342633082816,0.29662321014126425,0.27740354572278614,0.40719764886744203,0.28176809622920584,0.3124155724077501,0.2700198862512436,0.2989794759399743,0.2697982948145926,0.2676692488895288,0.2982359399135779,0.2578358954940805,0.3072391119972585,0.24784906473155277,0.3021266571500506,0.29443512772366476,0.27525709968488155,0.2936696655051271,0.2777033437812011,0.2614161493824222,0.2386411790319679,0.3005215240907897,0.2762860746861968,0.33031964308378714,1.0,0.2647291549171378,0.27405131980051034,0.0,0.2819088142250782,0.2991056689072391,0.2568527669743337,0.2801789119755612,0.29768567157558956,0.20577357100414861,0.31229696984390065,0.26580161134459945,0.3008923568668458,0.30660817063828616,0.2759458109960181,0.2725963031824752,0.32108795032843773,0.3040527590964287,0.30374316595824746,0.26980035587353246,0.34274996412051617
0.2623255565248088,0.2560162617381253,0.19617618068496556,0.49817035537616283,0.25632151907057266,0.23858577812768633,0.23775121159014123,0.46947197379508665,0.2657176030431906,0.5191139399790397,0.2582712425306438,0.44247448934358036,0.25098141655343154,0.4907462104579303,0.492171543998588,0.24021899069288533,0.21954238209140675,0.2482475435141076,0.21004429216905984,0.241298901438455,0.2380590503814224,0.22697197589835472,0.24482511271244056,0.23010138230767185,0.22812892312890742,0.20433096123864047,0.24806706304588844,0.47868757059750977,0.29171682240423236,0.2647291549171378,1.0,0.2401300598563919,0.0,0.23740827640617157,0.2443392849027013,0.3763809105019881,0.2258745062937879,0.25279404163874086,0.3033978153949445,0.2515329846544634,0.6556500076509426,0.24796441075846087,0.25224461301303225,0.47692998001148024,0.46662287166341176,0.28468484405388195,0.2476701847247793,0.24756648540655835,0.43011334791370304,0.2883137215005057
0.29973218488712017,0.3962060909392249,0.20909885902188552,0.26155298461782117,0.4419337549129463,0.38195541067833483,0.3363092736911779,0.2627132044088192,0.27383539798351597,0.2518971771609946,0.45105509703845925,0.25736928632198497,0.49835114123367685,0.2496384579281028,0.24993051177567194,0.327318338291928,0.4224297076344308,0.44065102907254017,0.44822008272167546,0.3336254062841595,0.454139286745717,0.47079412369064566,0.4767667983188356,0.39096833213183513,0.4256189404532501,0.3295023708861744,0.46587656063656613,0.25510315310647613,0.28747234297971136,0.27405131980051034,0.2401300598563919,1.0,0.0,0.4594427162092608,0.38684933622017426,0.22472670249107984,0.3267886477846377,0.47524000489947504,0.18350092638296978,0.48079171303821033,0.23780398405221936,0.3931632843232892,0.48399030045463387,0.2608194163319748,0.2703033405829999,0.2621458046137942,0.40542082177696626,0.40760704620588795,0.2389864446111709,0.2784160145972856
0.0,0.0,0.0,0.0,0.0,0.0,0.0,0.0,0.0,0.0,0.0,0.0,0.0,0.0,0.0,0.0,0.0,0.0,0.0,0.0,0.0,0.0,0.0,0.0,0.0,0.0,0.0,0.0,0.0,0.0,0.0,0.0,1.0,0.0,0.0,0.0,0.0,0.0,0.0,0.0,0.0,0.0,0.0,0.0,0.0,0.0,0.0,0.0,0.0,0.0
0.29085136562111025,0.3980298529374502,0.21721747105005373,0.2454459069044712,0.4361384235252327,0.3917388218243385,0.34766414347730346,0.25894316112584004,0.2845682410407523,0.2503210103058614,0.4633046699692177,0.2478747584744313,0.5109151973004261,0.2440477446641275,0.24362121682976445,0.340436091691803,0.3666197990462138,0.4627529837884883,0.39414232921715364,0.34797366890524206,0.48618477326154796,0.5788643245919725,0.6272530053066205,0.3777265088120364,0.3656411170497149,0.32075758333816085,0.48795872878322066,0.2489165892601668,0.28636690781437846,0.2819088142250782,0.23740827640617157,0.4594427162092608,0.0,1.0,0.4014234425141989,0.2510173778882918,0.32771683762334536,0.47114165392606877,0.1942488319109299,0.49236249304979374,0.2378162942619474,0.4027520881683566,0.4963781890203063,0.253451938980397,0.2547731905795835,0.26337033857748904,0.40199627996646237,0.40247915584821925,0.24291713269666804,0.2897453499892997
0.30323055269145405,0.5709808702301902,0.21648274590796202,0.25534653557460263,0.40514328898081486,0.5393089098978192,0.35918083981318805,0.26318586396385324,0.2944528907399876,0.2600679225489929,0.42405042774463253,0.25802985331102735,0.4131870984031426,0.2524947855563947,0.25239466683551304,0.35227546028082724,0.43531858600679774,0.4170630057137821,0.3396693791567289,0.360686164350585,0.4094865028896705,0.3817194457101959,0.4128473273198785,0.5406379783310918,0.5246734578033398,0.3997692638555591,0.4057475615514038,0.25623703183667723,0.2946898650100649,0.2991056689072391,0.2443392849027013,0.38684933622017426,0.0,0.4014234425141989,1.0,0.24558125484634763,0.3366083256678063,0.4030059923102498,0.1899004960567171,0.4225958569817503,0.24489979539617612,0.4767769252534554,0.4224571522486743,0.25848950402160886,0.25951544700401585,0.27156305841264505,0.4749395222111341,0.47462699734073555,0.25431765507771376,0.2934025307834426
0.2577348926413281,0.24747418134268107,0.19731917317142955,0.38754955420432746,0.23845544957183373,0.23791147016317604,0.25083242770400893,0.38302781288635956,0.25794903541836656,0.3958504643072387,0.2560456416769372,0.36941381403451645,0.23684882064125024,0.3857576383389417,0.3790352653581176,0.24569096623812514,0.21681479920884583,0.2597424314800768,0.20920174224704136,0.2538438607691934,0.2509231118519022,0.231328001691135,0.25354412653508573,0.23629710983233743,0.21668104839451507,0.19722181672909544,0.24504389478435207,0.38475375266162526,0.2859905738516245,0.2568527669743337,0.3763809105019881,0.22472670249107984,0.0,0.2510173778882918,0.24558125484634763,1.0,0.23501955752856707,0.2420596144319742,0.2989028388637458,0.24821828839279658,0.3797832369723373,0.2431958611020465,0.24299469103650817,0.3883738617239748,0.3838507148125153,0.2698607741271972,0.23725271815344584,0.2370533109057924,0.3960654724853897,0.284932534436533
0.2758625853502371,0.3261022132754323,0.19880054683982196,0.23695102369095422,0.32116389188226113,0.32124762844636634,0.7798654181117457,0.23912705618863317,0.27497337854564585,0.24203106213042325,0.3368006709640925,0.23575183766549968,0.32322580390861655,0.23182647106769505,0.233338045568113,0.7036836162321332,0.2959773648466909,0.36176438266094313,0.30279478149232275,0.7608559217136247,0.3535193663529822,0.32953967162393905,0.36216323337622114,0.31577034619672417,0.30626964783640576,0.27710860183776354,0.3318133287000433,0.23377650008318063,0.2686643776381067,0.2801789119755612,0.2258745062937879,0.3267886477846377,0.0,0.32771683762334536,0.3366083256678063,0.23501955752856707,1.0,0.3219319983821317,0.17235478302656038,0.3277221343147345,0.22523773183394036,0.3304987560984035,0.3368424197247676,0.23776015334179734,0.23441380392826838,0.24973808441677214,0.32495088254859805,0.3243182390970618,0.23213177402512375,0.2717843562538018
0.3158007118282924,0.43174691033741397,0.2221618111173862,0.2645611800211045,0.46001925482103834,0.400554248968893,0.3415167574175253,0.28734367926518256,0.2977253007330841,0.26866088902305685,0.4831369700241064,0.2679232251219221,0.4981735845357299,0.2630725309728281,0.2615349148064966,0.33860391123456635,0.3567577516433498,0.4604176268708555,0.3866303571919715,0.3463257200604749,0.47725885759526354,0.45954783552668654,0.4939234447278894,0.3861289859820374,0.37596440934191744,0.33099977548500203,0.5871252628441195,0.27765346606919783,0.30390422431722264,0.29768567157558956,0.25279404163874086,0.47524000489947504,0.0,0.47114165392606877,0.4030059923102498,0.2420596144319742,0.3219319983821317,1.0,0.19150895964282977,0.5255793447491816,0.25735053015387455,0.4167964734020654,0.6396675965648997,0.2840214700462126,0.27667590412550824,0.28233669916028215,0.43293248323301414,0.4333528885162333,0.263427197748323,0.3059648750089462
0.22800950979627876,0.18999021284307316,0.1507626770313515,0.33122735126102076,0.21306696780424472,0.1944680875130711,0.1872400048563423,0.31902600683785065,0.1980934083648911,0.33393959285403907,0.1927432040442434,0.31428659316729224,0.17997942558794122,0.312640030444285,0.32039716953688213,0.18088643301046092,0.17321514743052369,0.19242928044809626,0.15487094863596151,0.18790380328202372,0.18729961366786785,0.17196326667260498,0.19381788266975575,0.17600700866629249,0.17455965441833,0.157273578166523,0.1811069872511799,0.32520829436531273,0.22396257767726613,0.20577357100414861,0.3033978153949445,0.18350092638296978,0.0,0.1942488319109299,0.1899004960567171,0.2989028388637458,0.17235478302656038,0.19150895964282977,1.0,0.18477458014958703,0.30733689123859986,0.18820440415867035,0.1861165740040447,0.32312604479092466,0.3301323524229509,0.20572577526599645,0.183606229318917,0.18418488714568038,0.3049318312381507,0.23355047150664476
