../ecoli_genomes/GCF_000163235.1_ASM16323v1_genomic.fna.gz,../ecoli_genomes/GCF_000164555.1_ASM16455v1_genomic.fna.gz,../ecoli_genomes/GCF_000208545.1_ASM20854v2_genomic.fna.gz,../ecoli_genomes/GCF_000233875.1_ASM23387v1_genomic.fna.gz,../ecoli_genomes/GCF_000249735.1_ASM24973v2_genomic.fna.gz,../ecoli_genomes/GCF_000261145.1_Esch_coli_M919_V2_genomic.fna.gz,../ecoli_genomes/GCF_000267705.2_ASM26770v2_genomic.fna.gz,../ecoli_genomes/GCF_000350665.1_Esch_coli_KTE5_V1_genomic.fna.gz,../ecoli_genomes/GCF_000351625.1_Esch_coli_KTE66_V1_genomic.fna.gz,../ecoli_genomes/GCF_000352285.1_Esch_coli_KTE46_V1_genomic.fna.gz,../ecoli_genomes/GCF_000358895.1_ASM35889v1_genomic.fna.gz,../ecoli_genomes/GCF_000456385.1_Esch_coli_HVH_26_4-5703913_V1_genomic.fna.gz,../ecoli_genomes/GCF_000458195.1_Esch_coli_HVH_147_4-5893887_V1_genomic.fna.gz,../ecoli_genomes/GCF_000459755.1_Esch_coli_KOEGE_58_171a_V1_genomic.fna.gz,../ecoli_genomes/GCF_000460055.1_Esch_coli_UMEA_3053-1_V1_genomic.fna.gz,../ecoli_genomes/GCF_000462165.2_ASM46216v2_genomic.fna.gz,../ecoli_genomes/GCF_000601135.1_ASM60113v1_genomic.fna.gz,../ecoli_genomes/GCF_000614595.1_Ec2010EL1058_genomic.fna.gz,../ecoli_genomes/GCF_000617745.1_Ec2010C-4529_genomic.fna.gz,../ecoli_genomes/GCF_000618265.2_EcF6751_genomic.fna.gz,../ecoli_genomes/GCF_000619005.2_Ec2009C-4052_genomic.fna.gz,../ecoli_genomes/GCF_000619105.1_Ec2009C-4780_genomic.fna.gz,../ecoli_genomes/GCF_000619765.2_Ec2009C-3279_genomic.fna.gz,../ecoli_genomes/GCF_000687005.1_ASM68700v1_genomic.fna.gz,../ecoli_genomes/GCF_000687025.1_ASM68702v1_genomic.fna.gz,../ecoli_genomes/GCF_000700125.1_ASM70012v1_genomic.fna.gz,../ecoli_genomes/GCF_000753315.1_FHI35_genomic.fna.gz,../ecoli_genomes/GCF_000776375.1_ASM77637v1_genomic.fna.gz,../ecoli_genomes/GCF_000779395.1_ASM77939v1_genomic.fna.gz,../ecoli_genomes/GCF_000780315.1_ASM78031v1_genomic.fna.gz,../ecoli_genomes/GCF_000781995.1_ASM78199v1_genomic.fna.gz,../ecoli_genomes/GCF_000986765.1_ASM98676v1_genomic.fna.gz,../ecoli_genomes/GCF_001041375.1_ViralProj287958_genomic.fna.gz,../ecoli_genomes/GCF_001265335.1_302014_genomic.fna.gz,../ecoli_genomes/GCF_001265625.1_100854_genomic.fna.gz,../ecoli_genomes/GCF_001267345.1_303289_genomic.fna.gz,../ecoli_genomes/GCF_001309985.1_ASM130998v1_genomic.fna.gz,../ecoli_genomes/GCF_001521695.1_ASM152169v1_genomic.fna.gz,../ecoli_genomes/GCF_001592595.1_ASM159259v1_genomic.fna.gz,../ecoli_genomes/GCF_001614975.1_ASM161497v1_genomic.fna.gz,../ecoli_genomes/GCF_001692775.1_ASM169277v1_genomic.fna.gz,../ecoli_genomes/GCF_001748915.1_ASM174891v1_genomic.fna.gz,../ecoli_genomes/GCF_001749235.1_ASM174923v1_genomic.fna.gz,../ecoli_genomes/GCF_001881155.1_ASM188115v1_genomic.fna.gz,../ecoli_genomes/GCF_001881345.1_ASM188134v1_genomic.fna.gz,../ecoli_genomes/GCF_001892405.1_ASM189240v1_genomic.fna.gz,../ecoli_genomes/GCF_001892585.1_ASM189258v1_genomic.fna.gz,../ecoli_genomes/GCF_001893985.1_ASM189398v1_genomic.fna.gz,../ecoli_genomes/GCF_002001595.1_ASM200159v1_genomic.fna.gz,../ecoli_genomes/GCF_002002145.1_ASM200214v1_genomic.fna.gz
1.0,0.7756858184787935,0.7712663959766468,0.7745569254092393,0.7612460261673255,0.7607801995687828,0.7654151004833445,0.7816759195952516,0.799298385289135,0.7825423767159624,0.7775926104343606,0.7750535089118796,0.7753493247669133,0.7677478591574823,0.7582217084590663,0.7704545740826585,0.7545432533417705,0.7773983158130946,0.739417804986849,0.7673457059778204,0.7686829012175268,0.7399813768431128,0.7798337640377669,0.7448847013508371,0.746994420139523,0.7576519196677115,0.7711237717887776,0.7746157712456376,0.7879234292576487,0.8015320837931121,0.7580757407102687,0.7656106342880208,0.06195295295820358,0.7617432229589668,0.7652580497417022,0.7696742802118056,0.759356415737797,0.7711949467973783,0.6490939682210246,0.7757482824546235,0.7656632058633388,0.7756358684080871,0.7821421490633143,0.7752880455456735,0.7762322070706343,0.7746584831549932,0.7740769233153759,0.7738663427922663,0.7672293025836997,0.7889352727691314
0.7756858184787935,1.0,0.7663892381619577,0.7629831138367271,0.7789265611466412,0.8226227744021332,0.7781654408042011,0.7685879036732413,0.7653329425714426,0.7748281770440008,0.7982527215820004,0.773323463879791,0.793957450128794,0.7622101487145544,0.750112546729818,0.7763695619677209,0.7916321148729716,0.7949172632890721,0.7679339947646522,0.7831277423095632,0.7944280349624507,0.7619867881462326,0.8098898998908144,0.791245870287284,0.8080261329959038,0.7919752433663141,0.7937025530681913,0.7661927362880117,0.7835674455056387,0.7766877158841785,0.7528491988253112,0.7832548172511702,0.06004200574839069,0.7867914797368171,0.8263265968608957,0.7656933151612185,0.7711676497570669,0.8048342272485864,0.6368266642209931,0.8054940967588181,0.7571681814501664,0.8158274736369859,0.8046386018599618,0.7730604124259816,0.769032535303523,0.7733299238503963,0.8182073190324184,0.8180031518604983,0.7722921994290118,0.7768156258313487
0.7712663959766468,0.7663892381619577,1.0,0.7500390834181354,0.738450451585266,0.7501537176611783,0.7637002274453315,0.7551034453980842,0.7656448065790236,0.7552671500103116,0.7575024709359395,0.7523578547024021,0.7514880114872247,0.7479947125978712,0.7391303051141848,0.764766486711543,0.7347422852171146,0.7588836963802155,0.7285700898326903,0.7691884398803783,0.7617883291157006,0.7301107329928743,0.7636658933433106,0.7258758900046844,0.7316992165793595,0.7373403446261535,0.7550298808864326,0.7552714027867036,0.7765512474109996,0.7698864132084846,0.7448281597214175,0.7465396016529167,0.052281619984398287,0.7520375187730478,0.7487800635985704,0.7524149398438685,0.7575129250148567,0.7475197047374551,0.6195673509703605,0.7635609291151698,0.7445843068885982,0.7601276299831244,0.7572310555643927,0.7581394476124623,0.754657212937559,0.7607248856443078,0.7703756752747839,0.7692046934187222,0.7645967179889424,0.7756241765957386
0.7745569254092393,0.7629831138367271,0.7500390834181354,1.0,0.7493502174538602,0.7492796999843345,0.7536801222205778,0.8301106612790231,0.7734132250127125,0.8437144176715506,0.7558025033311315,0.8365615555869776,0.7583557481800766,0.8474703577443234,0.8531685041418713,0.7613895021847616,0.7466190732878882,0.7572460172782975,0.729133781016776,0.7562580539387531,0.7553710189940455,0.7279680374354689,0.7638894122345399,0.7307162087418343,0.7449594555922442,0.7515539283075233,0.7509678471343617,0.8434808856134814,0.7753533895320976,0.7690231103786752,0.8217012542466737,0.7591381087493433,0.05580670468113602,0.7420117834991935,0.7476883525997955,0.7985238881260842,0.7533470798346393,0.7453720279227471,0.6657452042542361,0.7596099871498555,0.8367897928154295,0.7631308500156924,0.7543203046267277,0.8422947282275863,0.8368292437825986,0.7781039055694123,0.7598050682626503,0.7589821992003437,0.8189125030921472,0.7800527486779539
0.7612460261673255,0.7789265611466412,0.738450451585266,0.7493502174538602,1.0,0.7735748342279231,0.7602317462600935,0.7553060592661823,0.7644538975102629,0.756370749556656,0.8004586117355942,0.7408915354791679,0.8031707219757215,0.7418500524095015,0.7448101513147913,0.7741951574250241,0.7830631779125148,0.7802347306028636,0.7518484445383002,0.7659144680592622,0.7845263504327136,0.7426600705114251,0.7905946763123115,0.7637435168127866,0.7686885072575683,0.7661779281219071,0.7823351838691883,0.7423998080268945,0.756529382330676,0.7596598492614559,0.7394894270809264,0.8013482793887523,0.06089282698988918,0.7779293335898926,0.7639187823135773,0.7386682453237312,0.7636968841094383,0.7919179252362225,0.623808455255423,0.7889722164709615,0.7458024515385997,0.7811803247552112,0.7950328399228979,0.744093283091819,0.7424094439001299,0.7482091847092929,0.7878381712038737,0.7879360502931636,0.7381297200242647,0.748172919473947
0.7607801995687828,0.8226227744021332,0.7501537176611783,0.7492796999843345,0.7735748342279231,1.0,0.7739432498255816,0.7569092797027905,0.7531837328696376,0.7509868573753488,0.781773191593906,0.7517141659000917,0.7809856768931738,0.7439964441914565,0.7356194403957259,0.7723407587238362,0.7841041046049159,0.7886840103469649,0.7608097548078004,0.7732166409358097,0.780437114432008,0.7814002374336378,0.7965019980611221,0.7939362146635283,0.8011023807242946,0.7736516763879675,0.7757885658069257,0.749158317178511,0.76585095843981,0.7578839717846861,0.7372855683511534,0.7800898655235212,0.056691389304712625,0.7772401803810386,0.8049805071695635,0.7584315189551432,0.7656228204660023,0.7837922629706281,0.6331421210280956,0.785848530539593,0.7428637807772258,0.8036881243291961,0.7901624769656515,0.7532307807581188,0.75086244989653,0.7577057598757969,0.8025459053147238,0.8033730040211512,0.7513485128802356,0.7588143243406843
0.7654151004833445,0.7781654408042011,0.7637002274453315,0.7536801222205778,0.7602317462600935,0.7739432498255816,1.0,0.7635517289588066,0.7679425207480909,0.7529378304775955,0.7795046666423171,0.7501023690416013,0.7745006440335815,0.7426926698411707,0.7389203432609794,0.8955549840392019,0.7568208859244212,0.7977312235402758,0.7660875324744674,0.941971359782987,0.8029312135804187,0.764136719251351,0.8090496077108316,0.7522989012968313,0.753059313555901,0.7578686866550517,0.7839232148700294,0.7560386264388118,0.7663259854195085,0.7665195734208778,0.7401556981696722,0.773579851331152,0.05627167051976634,0.7867942481208459,0.774786653844431,0.7638412320628759,0.9124590309241948,0.7714308564250048,0.6350567653936173,0.7864839060666157,0.7404804315275295,0.7833662786296163,0.7893253803107152,0.7627213447152962,0.7601911894703592,0.7627810039394649,0.7796155823117509,0.7778528524833509,0.7508109445294558,0.7663262877895767
0.7816759195952516,0.7685879036732413,0.7551034453980842,0.8301106612790231,0.7553060592661823,0.7569092797027905,0.7635517289588066,1.0,0.7757053094780889,0.8423409397799712,0.7639882115919849,0.8178361416449664,0.7659721780442375,0.8205343291786582,0.8149951075106366,0.7668069114128675,0.7518306488878997,0.7599841992437972,0.7361135314744023,0.7631685496751418,0.7609099865957395,0.7370454892183527,0.771218304133777,0.7384732465073254,0.743713176088743,0.7565262327601454,0.7568439278999923,0.8823675277153911,0.7802327031333981,0.7713657196214032,0.8104665555701638,0.7596182630345225,0.056081298788698164,0.7542364789792181,0.7534897236297569,0.7975865429753277,0.7582001185134865,0.7574832050421951,0.6690822630085143,0.7684673304465385,0.8159072975527262,0.7666029222430357,0.7613162507072212,0.8846587107394472,0.8763424026386502,0.7758675603888305,0.7608052486153641,0.7598536204690405,0.8133154168840356,0.7727766442562759
0.799298385289135,0.7653329425714426,0.7656448065790236,0.7734132250127125,0.7644538975102629,0.7531837328696376,0.7679425207480909,0.7757053094780889,1.0,0.7771555883943195,0.7676754956803403,0.7608638584673316,0.7740176513389581,0.7678507629802047,0.7670949963441553,0.7778205835527391,0.7442107522341966,0.7712555454749579,0.7321448273344092,0.7723972286437573,0.7675892556631322,0.7353797048483548,0.7745357864989652,0.7407109545943269,0.743589689906335,0.7586463027992105,0.7670108666701572,0.7697615185765707,0.7830650312789573,0.8110890714707282,0.7646123834462086,0.7608334333829476,0.06052301837228058,0.7568244892392286,0.7575096420405608,0.7670216322679082,0.7657579014320055,0.7595236636099209,0.63249376248025,0.7741837771210303,0.767220369746416,0.7709749834969162,0.7821098817711429,0.771629069543703,0.7652294395535599,0.7779078173791582,0.7679495616207221,0.7662028213413863,0.7594480183151353,0.7808226943255759
0.7825423767159624,0.7748281770440008,0.7552671500103116,0.8437144176715506,0.756370749556656,0.7509868573753488,0.7529378304775955,0.8423409397799712,0.7771555883943195,1.0,0.7682743060587969,0.8312645676873146,0.769768163278368,0.83592036909434,0.833027632673473,0.7599631767217991,0.7476961959926514,0.7607863550117114,0.7330760947586846,0.7565583623995509,0.7598530582842776,0.736256437320565,0.7676651687317403,0.7373874604709931,0.7466296418860415,0.7541570521361496,0.7591396020093427,0.8393515832906328,0.7808200307484949,0.7761582036962207,0.833266279685015,0.7569290986215025,0.05993855665223946,0.7492813065170401,0.7551736590026574,0.8040735436550173,0.7506976630330233,0.7564003502260916,0.6731671733870837,0.7704206693689418,0.8400490411966717,0.7670136305345365,0.7628854153944804,0.8383555344124128,0.8382049289741751,0.7750974628690094,0.762421259073527,0.761327424487492,0.8239802916672714,0.7796209005799877
0.7775926104343606,0.7982527215820004,0.7575024709359395,0.7558025033311315,0.8004586117355942,0.781773191593906,0.7795046666423171,0.7639882115919849,0.7676754956803403,0.7682743060587969,1.0,0.7541047725306635,0.8316420002170885,0.7539534365638455,0.7448084421412617,0.7851025734874704,0.7673524877447213,0.8197527268505167,0.7959427530289271,0.7854352175606252,0.8144159936037878,0.7872894923912975,0.8238403035897697,0.7704723905252673,0.7713996522201844,0.7837674563847639,0.8268690342796798,0.7640750393145401,0.7698621859528665,0.7656678621418682,0.7415611106985907,0.8001034213295989,0.05634085007885592,0.804281630744448,0.7925807277788789,0.7610201112396353,0.7719572949227772,0.8158701463529384,0.6335025641067888,0.8351992968467526,0.7458221775254246,0.79924404853739,0.8204655610104747,0.7663554746082147,0.7624028927490054,0.758457695489142,0.8051736556214278,0.8035500146383818,0.7537261571060012,0.7672641309065317
0.7750535089118796,0.773323463879791,0.7523578547024021,0.8365615555869776,0.7408915354791679,0.7517141659000917,0.7501023690416013,0.8178361416449664,0.7608638584673316,0.8312645676873146,0.7541047725306635,1.0,0.7527417209442815,0.8303686781203135,0.8494587632203716,0.7528474401886346,0.7405961663228855,0.7509021787563115,0.7285142373479283,0.7520834021767251,0.7574423968493835,0.7272914408585276,0.7605560413948882,0.7291481595825944,0.7373342376107925,0.7464603427255505,0.7512852176325446,0.8280418721141947,0.7770449272613617,0.76557973266914,0.8078147435084699,0.7470625106237918,0.05819324207856291,0.7431440043759177,0.7504025001526735,0.793865142211554,0.7457566413102632,0.7510565545222752,0.675760006617545,0.757816196181234,0.8197213312737698,0.7571181013530597,0.7556405463970162,0.8303982367915614,0.8253862237999307,0.781503935798292,0.7602524779845865,0.7598411744917989,0.8132236459097367,0.7798394363528891
0.7753493247669133,0.793957450128794,0.7514880114872247,0.7583557481800766,0.8031707219757215,0.7809856768931738,0.7745006440335815,0.7659721780442375,0.7740176513389581,0.769768163278368,0.8316420002170885,0.7527417209442815,1.0,0.7497877510907737,0.7491581216844845,0.7831309934852569,0.763398269009971,0.828885535718951,0.8144926692001068,0.7815342152503901,0.829402423832765,0.8074445655214106,0.8404064528431914,0.7663645907307444,0.7632938774668645,0.7698520818866772,0.8444404953535222,0.7634322011521523,0.7751866085735856,0.7746262615145929,0.7459933314939369,0.8189880161901766,0.06037347255605019,0.8295643909760377,0.7948478552789165,0.7577051905221835,0.7726613169678919,0.832641652051522,0.6295341772179698,0.8410001151431876,0.7505388492496811,0.8009596626063686,0.8334966395992407,0.7632342120824466,0.7597607453007214,0.762554107401977,0.8023876473423432,0.8014842522884453,0.7589129353964463,0.7685162795454468
0.7677478591574823,0.7622101487145544,0.7479947125978712,0.8474703577443234,0.7418500524095015,0.7439964441914565,0.7426926698411707,0.8205343291786582,0.7678507629802047,0.83592036909434,0.7539534365638455,0.8303686781203135,0.7497877510907737,1.0,0.8503765389452862,0.7481108605049549,0.7362469415941302,0.7501811102443174,0.72129734064672,0.7466289148013083,0.7528487667925144,0.7261007636556972,0.7613396533202075,0.7286644295361814,0.7344855635985348,0.7432741857829332,0.7504479546296812,0.8371699462300439,0.7742723421496762,0.763077199137389,0.8257025152145867,0.7438472565467706,0.055578954056635155,0.7387517995656241,0.7467588810031551,0.7983559620898112,0.740983843430114,0.7444262160655495,0.6684369367368872,0.7565037860509084,0.831152619149078,0.7567370693598507,0.7523072228463539,0.8365026652118084,0.8329769988981595,0.7718946121621884,0.7518437191555822,0.7508754924513266,0.8186216536953329,0.7769929236677922
0.7582217084590663,0.750112546729818,0.7391303051141848,0.8531685041418713,0.7448101513147913,0.7356194403957259,0.7389203432609794,0.8149951075106366,0.7670949963441553,0.833027632673473,0.7448084421412617,0.8494587632203716,0.7491581216844845,0.8503765389452862,1.0,0.7471000373403196,0.733178477839071,0.743640280857383,0.7190537129976085,0.7419477703097798,0.7485553022165331,0.7205534933272426,0.7511980965636891,0.7211383820080166,0.728322478626361,0.7432676131474469,0.7442713848909117,0.8224047487715526,0.7643711858205479,0.7584110339457828,0.8278564094308845,0.7470209838071581,0.0556939964943417,0.7327018545382892,0.7324646849819814,0.7858344555635248,0.7378277352824315,0.7380988656082179,0.6697948684511983,0.7473326311239101,0.8380925091220334,0.7473565196927991,0.7455797470058122,0.8210138489350458,0.8164361833628846,0.7663539015326829,0.7477596656454517,0.7465947440495698,0.8084242512346216,0.7706154885993303
0.7704545740826585,0.7763695619677209,0.764766486711543,0.7613895021847616,0.7741951574250241,0.7723407587238362,0.8955549840392019,0.7668069114128675,0.7778205835527391,0.7599631767217991,0.7851025734874704,0.7528474401886346,0.7831309934852569,0.7481108605049549,0.7471000373403196,1.0,0.7579309684680353,0.7956828776921361,0.7649419674583352,0.9071911219988218,0.7966900823437124,0.7650678188067892,0.8027267583647496,0.7570013698311538,0.7674946145507902,0.7734150463744464,0.7820406177499202,0.7566875684089284,0.7666563388616785,0.7690638827493084,0.7446066861532438,0.7806475346165562,0.057820804404044135,0.7856010369424741,0.7755909779886655,0.7590122936402348,0.8908544051075642,0.7725223188098885,0.6313372621580517,0.7838891631704501,0.7461248758162475,0.7808234351247442,0.787126180125656,0.7597329050144143,0.7564497530324675,0.7644462005670618,0.7792683673266145,0.7776655661050167,0.7509950582652947,0.7664451981614324
0.7545432533417705,0.7916321148729716,0.7347422852171146,0.7466190732878882,0.7830631779125148,0.7841041046049159,0.7568208859244212,0.7518306488878997,0.7442107522341966,0.7476961959926514,0.7673524877447213,0.7405961663228855,0.763398269009971,0.7362469415941302,0.733178477839071,0.7579309684680353,1.0,0.7700748094403619,0.7328747580721964,0.758844444669888,0.7633684071760636,0.7348481179489605,0.775240347658777,0.7981746053048943,0.7940928070033286,0.7814567572229234,0.7584276205049547,0.7396809713507201,0.7556561854353219,0.7491083605868352,0.7349214295591779,0.7857436721983165,0.05073131249095564,0.7621395408891077,0.778527294155398,0.740766763130948,0.7538044588684606,0.7625810057504027,0.6227775870689611,0.7659787575748489,0.7346603923242129,0.7911260755562342,0.7698558785386131,0.7450851027566148,0.743150181984985,0.7451028639262036,0.7925664801415159,0.7930730659224188,0.7369138614366207,0.7436692497799214
0.7773983158130946,0.7949172632890721,0.7588836963802155,0.7572460172782975,0.7802347306028636,0.7886840103469649,0.7977312235402758,0.7599841992437972,0.7712555454749579,0.7607863550117114,0.8197527268505167,0.7509021787563115,0.828885535718951,0.7501811102443174,0.743640280857383,0.7956828776921361,0.7700748094403619,1.0,0.8132292789836351,0.8053125663971039,0.8389777599427946,0.8038564113390789,0.8466101824385404,0.7653325708628971,0.7659959662556504,0.7675119151603098,0.8345099064689812,0.762056870867453,0.7755279058603651,0.7742288812473087,0.7479314649863802,0.8079690589640867,0.058316351317730275,0.8194534189919902,0.7978209866195148,0.7640136559561332,0.7921553750157179,0.8096643452578276,0.6321372444565097,0.8297851348033929,0.745251742924625,0.7981355142182675,0.8311654895023048,0.7623383926258902,0.7572164381265896,0.7681503265834848,0.8011133909514991,0.8003223677595758,0.7514558603397318,0.769445856230568
0.739417804986849,0.7679339947646522,0.7285700898326903,0.729133781016776,0.7518484445383002,0.7608097548078004,0.7660875324744674,0.7361135314744023,0.7321448273344092,0.7330760947586846,0.7959427530289271,0.7285142373479283,0.8144926692001068,0.72129734064672,0.7190537129976085,0.7649419674583352,0.7328747580721964,0.8132292789836351,1.0,0.7702764972764375,0.8138828431178564,0.8096349994324211,0.8093352219765219,0.7360026497717809,0.7398830390475372,0.7386563980801311,0.8148208768839098,0.7400279543659212,0.7369610191161524,0.7349802797910159,0.7156032921722488,0.7936330702717935,0.05662833271049428,0.8098661127863248,0.7699738495711681,0.7403516031142976,0.7598146294569079,0.8000891070236419,0.6177167539680186,0.8057483116479279,0.714806784787855,0.7655323926615035,0.7908334938285714,0.7446674038565357,0.7409401030996956,0.7372284443889309,0.767846080368065,0.7671715740902905,0.7283335614250439,0.7369240637588788
0.7673457059778204,0.7831277423095632,0.7691884398803783,0.7562580539387531,0.7659144680592622,0.7732166409358097,0.941971359782987,0.7631685496751418,0.7723972286437573,0.7565583623995509,0.7854352175606252,0.7520834021767251,0.7815342152503901,0.7466289148013083,0.7419477703097798,0.9071911219988218,0.758844444669888,0.8053125663971039,0.7702764972764375,1.0,0.8085031088230763,0.7663151841225081,0.8142693640877771,0.753521632788692,0.7581541493880657,0.7602412312679705,0.7894264043724131,0.7578119904103688,0.7704872856598527,0.770032872481969,0.742954821031431,0.7787086626364771,0.05784507642776482,0.792407350041481,0.7803090689250127,0.7657453764583864,0.9187299419305438,0.7765031519307204,0.6350092907847046,0.7914022618350736,0.7429935107090052,0.7885100353330685,0.797115204871649,0.7629161702441448,0.7594478902420836,0.7683270389397857,0.7860902059534414,0.7844647207880024,0.7550906634825931,0.7702233903105609
0.7686829012175268,0.7944280349624507,0.7617883291157006,0.7553710189940455,0.7845263504327136,0.780437114432008,0.8029312135804187,0.7609099865957395,0.7675892556631322,0.7598530582842776,0.8144159936037878,0.7574423968493835,0.829402423832765,0.7528487667925144,0.7485553022165331,0.7966900823437124,0.7633684071760636,0.8389777599427946,0.8138828431178564,0.8085031088230763,1.0,0.8015765078351309,0.8463562502590469,0.7585044364525744,0.7596389077954188,0.7702794054600124,0.8297142775705995,0.7646909945423804,0.7731582426635034,0.7687642203657481,0.7447592223186842,0.8102608416042109,0.059195251573551544,0.8272320897515307,0.7917014425303199,0.765425413160451,0.7936950582617242,0.8177820292906575,0.6315723220697627,0.8308925893855403,0.7455830359535166,0.7922480114264845,0.8259605755424247,0.7680306705209222,0.7633279636480235,0.7755631558398106,0.807383301002923,0.8062242751488934,0.7617562755447453,0.7699187140962751
0.7399813768431128,0.7619867881462326,0.7301107329928743,0.7279680374354689,0.7426600705114251,0.7814002374336378,0.764136719251351,0.7370454892183527,0.7353797048483548,0.736256437320565,0.7872894923912975,0.7272914408585276,0.8074445655214106,0.7261007636556972,0.7205534933272426,0.7650678188067892,0.7348481179489605,0.8038564113390789,0.8096349994324211,0.7663151841225081,0.8015765078351309,1.0,0.8399885075106197,0.7438423171824644,0.7440889375937869,0.7382483720170505,0.8039330980825234,0.739799847885164,0.7422743760688805,0.7363682773541796,0.7161658950037297,0.7817005714212409,0.05609247903094161,0.8245118852100279,0.7669063092048493,0.7362126244212939,0.7560697357127082,0.7964064600098992,0.6126094887392908,0.8029167057015582,0.7151744622102292,0.7585964285643307,0.790466661637449,0.7447482143015697,0.7379642346652868,0.7405951666348949,0.7617708099347671,0.7608159805502733,0.7325689079698625,0.7392035303213129
0.7798337640377669,0.8098898998908144,0.7636658933433106,0.7638894122345399,0.7905946763123115,0.7965019980611221,0.8090496077108316,0.771218304133777,0.7745357864989652,0.7676651687317403,0.8238403035897697,0.7605560413948882,0.8404064528431914,0.7613396533202075,0.7511980965636891,0.8027267583647496,0.775240347658777,0.8466101824385404,0.8093352219765219,0.8142693640877771,0.8463562502590469,0.8399885075106197,1.0,0.7699863230131131,0.7799207917331487,0.7786865638412871,0.8396807518841364,0.7678527125755494,0.779625826767822,0.7746175761027156,0.7514745666344204,0.8196004390943619,0.05773423000091349,0.8581161626811311,0.8033638247795027,0.7712451515338623,0.8024035600891963,0.8250180407435505,0.6359699378682878,0.8418883487223873,0.7515100651327383,0.8095172166388483,0.8417939505072273,0.7712571583123221,0.7674755986365523,0.7744839585811274,0.8091895752633378,0.8083950647894809,0.7636769251643104,0.7755049346077281
0.7448847013508371,0.791245870287284,0.7258758900046844,0.7307162087418343,0.7637435168127866,0.7939362146635283,0.7522989012968313,0.7384732465073254,0.7407109545943269,0.7373874604709931,0.7704723905252673,0.7291481595825944,0.7663645907307444,0.7286644295361814,0.7211383820080166,0.7570013698311538,0.7981746053048943,0.7653325708628971,0.7360026497717809,0.753521632788692,0.7585044364525744,0.7438423171824644,0.7699863230131131,1.0,0.8120650373693155,0.7772446221669573,0.766353748624354,0.7290443760348984,0.7485685625727915,0.7450823680309732,0.724839173125313,0.770549660712511,0.05581153146587936,0.7558370006502579,0.7995440456389105,0.7373343965306107,0.7455852866328414,0.7579192421098745,0.6170327394019737,0.7644396634473691,0.722298373523671,0.7839964074977765,0.7651028396054453,0.7319255160797541,0.7316185580293847,0.7359417144892741,0.7675256596697722,0.7669915199817504,0.7225905613094714,0.7340294339540165
0.746994420139523,0.8080261329959038,0.7316992165793595,0.7449594555922442,0.7686885072575683,0.8011023807242946,0.753059313555901,0.743713176088743,0.743589689906335,0.7466296418860415,0.7713996522201844,0.7373342376107925,0.7632938774668645,0.7344855635985348,0.728322478626361,0.7674946145507902,0.7940928070033286,0.7659959662556504,0.7398830390475372,0.7581541493880657,0.7596389077954188,0.7440889375937869,0.7799207917331487,0.8120650373693155,1.0,0.8103050869726606,0.764247767442528,0.7340792251515496,0.7452163838931607,0.7423968271908037,0.733328129409778,0.7809788132186002,0.05709769063533787,0.7596990617074053,0.806338727711489,0.7428678379425159,0.7525784336566728,0.7676297333817279,0.6175861873892139,0.7675427362443903,0.7341477393219262,0.7890822554164368,0.7719474189215523,0.7437000636580888,0.7389743361506605,0.7470534072086005,0.7821346056825024,0.7817802499632305,0.7360643881538775,0.7397366359350559
0.7576519196677115,0.7919752433663141,0.7373403446261535,0.7515539283075233,0.7661779281219071,0.7736516763879675,0.7578686866550517,0.7565262327601454,0.7586463027992105,0.7541570521361496,0.7837674563847639,0.7464603427255505,0.7698520818866772,0.7432741857829332,0.7432676131474469,0.7734150463744464,0.7814567572229234,0.7675119151603098,0.7386563980801311,0.7602412312679705,0.7702794054600124,0.7382483720170505,0.7786865638412871,0.7772446221669573,0.8103050869726606,1.0,0.768900719156344,0.7420869451907649,0.7533024881515027,0.753543650205919,0.7397570957700506,0.7699710663686701,0.05820969122881181,0.7601883533909789,0.7852506894978257,0.7475720381393385,0.7534898065557308,0.7657281024115146,0.6260873305236816,0.7759236369938449,0.7372827695575908,0.7857912988067972,0.7723146941149204,0.7509473602114399,0.746212814507622,0.7442133888990246,0.7851229198035525,0.7832434188316781,0.7397785164294441,0.7487343067727632
0.7711237717887776,0.7937025530681913,0.7550298808864326,0.7509678471343617,0.7823351838691883,0.7757885658069257,0.7839232148700294,0.7568439278999923,0.7670108666701572,0.7591396020093427,0.8268690342796798,0.7512852176325446,0.8444404953535222,0.7504479546296812,0.7442713848909117,0.7820406177499202,0.7584276205049547,0.8345099064689812,0.8148208768839098,0.7894264043724131,0.8297142775705995,0.8039330980825234,0.8396807518841364,0.766353748624354,0.764247767442528,0.768900719156344,1.0,0.7581445445943261,0.7716510110009035,0.7685781327152786,0.7451364766259959,0.8094215711703197,0.05678115786874238,0.8232455865381834,0.7923522144550319,0.757683039284429,0.7766952195073298,0.8456788144541708,0.6265542529931709,0.8423239968108502,0.7440542570334983,0.793836659294371,0.8483839386128189,0.7624184404376542,0.7556496164362673,0.7616853656948293,0.795681484435905,0.7944563612221343,0.7537063161617761,0.7640510717472416
0.7746157712456376,0.7661927362880117,0.7552714027867036,0.8434808856134814,0.7423998080268945,0.749158317178511,0.7560386264388118,0.8823675277153911,0.7697615185765707,0.8393515832906328,0.7640750393145401,0.8280418721141947,0.7634322011521523,0.8371699462300439,0.8224047487715526,0.7566875684089284,0.7396809713507201,0.762056870867453,0.7400279543659212,0.7578119904103688,0.7646909945423804,0.739799847885164,0.7678527125755494,0.7290443760348984,0.7340792251515496,0.7420869451907649,0.7581445445943261,1.0,0.7832523050501111,0.7636944287265112,0.8128079018104741,0.7541189086403585,0.05799194568587707,0.7546861746753701,0.7527706612250986,0.8008936933199696,0.751119708027876,0.756809064316014,0.6697190812318725,0.7643933971712187,0.8267049332036236,0.7609463562338621,0.7584142063293882,0.9293185079513181,0.9091083121380479,0.7790122251171254,0.7602514328512724,0.7593610713516374,0.822769483106894,0.7759370512097219
0.7879234292576487,0.7835674455056387,0.7765512474109996,0.7753533895320976,0.756529382330676,0.76585095843981,0.7663259854195085,0.7802327031333981,0.7830650312789573,0.7808200307484949,0.7698621859528665,0.7770449272613617,0.7751866085735856,0.7742723421496762,0.7643711858205479,0.7666563388616785,0.7556561854353219,0.7755279058603651,0.7369610191161524,0.7704872856598527,0.7731582426635034,0.7422743760688805,0.779625826767822,0.7485685625727915,0.7452163838931607,0.7533024881515027,0.7716510110009035,0.7832523050501111,1.0,0.7866076701950946,0.7711898598616367,0.7636049757849384,0.05541425189099969,0.7633466962285098,0.7663143438477249,0.7803332049278542,0.7617252631645424,0.7707690024846079,0.646239485476273,0.7828403257751375,0.7672094517393475,0.7755764716008386,0.7787853700883794,0.782743282477007,0.7767960354942555,0.8067087649326433,0.7811959275158173,0.7802470408786263,0.7718345898107896,0.8576264812877885
0.8015320837931121,0.7766877158841785,0.7698864132084846,0.7690231103786752,0.7596598492614559,0.7578839717846861,0.7665195734208778,0.7713657196214032,0.8110890714707282,0.7761582036962207,0.7656678621418682,0.76557973266914,0.7746262615145929,0.763077199137389,0.7584110339457828,0.7690638827493084,0.7491083605868352,0.7742288812473087,0.7349802797910159,0.770032872481969,0.7687642203657481,0.7363682773541796,0.7746175761027156,0.7450823680309732,0.7423968271908037,0.753543650205919,0.7685781327152786,0.7636944287265112,0.7866076701950946,1.0,0.7620965394016661,0.757863633896565,0.06221511453383677,0.7561172862285389,0.7709243359351624,0.767112612419752,0.7594536279750765,0.7598735787516492,0.6405459568379243,0.7865141819171668,0.7628222285961812,0.7745017641386421,0.7759575733886094,0.7679518573564781,0.7623384056643265,0.7854272289121773,0.7782353944071961,0.7774356940410393,0.7633562109699943,0.7878163235842233
0.7580757407102687,0.7528491988253112,0.7448281597214175,0.8217012542466737,0.7394894270809264,0.7372855683511534,0.7401556981696722,0.8104665555701638,0.7646123834462086,0.833266279685015,0.7415611106985907,0.8078147435084699,0.7459933314939369,0.8257025152145867,0.8278564094308845,0.7446066861532438,0.7349214295591779,0.7479314649863802,0.7156032921722488,0.742954821031431,0.7447592223186842,0.7161658950037297,0.7514745666344204,0.724839173125313,0.733328129409778,0.7397570957700506,0.7451364766259959,0.8128079018104741,0.7711898598616367,0.7620965394016661,1.0,0.7412098801201484,0.05552574698958579,0.7311096833801034,0.7425902849298444,0.7934811122088863,0.7398919452793928,0.7405628612324329,0.660845253869971,0.7507748749250156,0.8683522120410236,0.7501055288824202,0.750427726609487,0.8140285783568568,0.8084834251750758,0.7673895617617394,0.7466890436370575,0.7460104918287488,0.8045528784212426,0.7678186320283336
0.7656106342880208,0.7832548172511702,0.7465396016529167,0.7591381087493433,0.8013482793887523,0.7800898655235212,0.773579851331152,0.7596182630345225,0.7608334333829476,0.7569290986215025,0.8001034213295989,0.7470625106237918,0.8189880161901766,0.7438472565467706,0.7470209838071581,0.7806475346165562,0.7857436721983165,0.8079690589640867,0.7936330702717935,0.7787086626364771,0.8102608416042109,0.7817005714212409,0.8196004390943619,0.770549660712511,0.7809788132186002,0.7699710663686701,0.8094215711703197,0.7541189086403585,0.7636049757849384,0.757863633896565,0.7412098801201484,1.0,0.049679681451600066,0.8122474542386027,0.7749205547826039,0.7509566537117841,0.7759219550445192,0.8085505647510645,0.6281255337242153,0.8107030087146052,0.741051663014386,0.7906156371277002,0.8132918759005057,0.7544656672421495,0.7519830919117811,0.757959436376629,0.7956501071477754,0.7962912679523337,0.7436231770737054,0.7589765014654384
0.06195295295820358,0.06004200574839069,0.052281619984398287,0.05580670468113602,0.06089282698988918,0.056691389304712625,0.05627167051976634,0.056081298788698164,0.06052301837228058,0.05993855665223946,0.05634085007885592,0.05819324207856291,0.06037347255605019,0.055578954056635155,0.0556939964943417,0.057820804404044135,0.05073131249095564,0.058316351317730275,0.05662833271049428,0.05784507642776482,0.059195251573551544,0.05609247903094161,0.05773423000091349,0.05581153146587936,0.05709769063533787,0.05820969122881181,0.05678115786874238,0.05799194568587707,0.05541425189099969,0.06221511453383677,0.05552574698958579,0.049679681451600066,1.0,0.058926079226563455,0.06497458518759325,0.06290878657727583,0.05556856146045808,0.05773990421598818,0.053382683371066886,0.06727761531831011,0.05940702628265848,0.056402863096717715,0.05994017740360447,0.057120562074914005,0.05973623332929401,0.05822994309574259,0.05599255038695472,0.05571058432973208,0.05967022737739558,0.05147438340076982
0.7617432229589668,0.7867914797368171,0.7520375187730478,0.7420117834991935,0.7779293335898926,0.7772401803810386,0.7867942481208459,0.7542364789792181,0.7568244892392286,0.7492813065170401,0.804281630744448,0.7431440043759177,0.8295643909760377,0.7387517995656241,0.7327018545382892,0.7856010369424741,0.7621395408891077,0.8194534189919902,0.8098661127863248,0.792407350041481,0.8272320897515307,0.8245118852100279,0.8581161626811311,0.7558370006502579,0.7596990617074053,0.7601883533909789,0.8232455865381834,0.7546861746753701,0.7633466962285098,0.7561172862285389,0.7311096833801034,0.8122474542386027,0.058926079226563455,1.0,0.786450259747613,0.7563765388577981,0.7786543718807302,0.8154704121751619,0.6295554699179318,0.8231478586028608,0.7343382341722728,0.7946216833854963,0.8287691408611099,0.757495586678032,0.7541936091272943,0.7608989786021698,0.7927496219352715,0.7928648882043138,0.7473113324370831,0.7617026362613438
0.7652580497417022,0.8263265968608957,0.7487800635985704,0.7476883525997955,0.7639187823135773,0.8049805071695635,0.774786653844431,0.7534897236297569,0.7575096420405608,0.7551736590026574,0.7925807277788789,0.7504025001526735,0.7948478552789165,0.7467588810031551,0.7324646849819814,0.7755909779886655,0.778527294155398,0.7978209866195148,0.7699738495711681,0.7803090689250127,0.7917014425303199,0.7669063092048493,0.8033638247795027,0.7995440456389105,0.806338727711489,0.7852506894978257,0.7923522144550319,0.7527706612250986,0.7663143438477249,0.7709243359351624,0.7425902849298444,0.7749205547826039,0.06497458518759325,0.786450259747613,1.0,0.7552142665351114,0.7634332922436293,0.7891600192636987,0.6291885004448325,0.8000138087069191,0.745113418252455,0.8080137675489676,0.7996266295787171,0.7546234957924527,0.7519261843747801,0.7609771775959759,0.8025233349505093,0.8013262016842224,0.7495113934023001,0.759325178207192
0.7696742802118056,0.7656933151612185,0.7524149398438685,0.7985238881260842,0.7386682453237312,0.7584315189551432,0.7638412320628759,0.7975865429753277,0.7670216322679082,0.8040735436550173,0.7610201112396353,0.793865142211554,0.7577051905221835,0.7983559620898112,0.7858344555635248,0.7590122936402348,0.740766763130948,0.7640136559561332,0.7403516031142976,0.7657453764583864,0.765425413160451,0.7362126244212939,0.7712451515338623,0.7373343965306107,0.7428678379425159,0.7475720381393385,0.757683039284429,0.8008936933199696,0.7803332049278542,0.767112612419752,0.7934811122088863,0.7509566537117841,0.06290878657727583,0.7563765388577981,0.7552142665351114,1.0,0.7589374565423608,0.7540932433542686,0.6750586370920381,0.7680252689363883,0.7891698632942696,0.7643651438240149,0.7643977213486628,0.8050662606763233,0.8017017399432373,0.7781902372880093,0.7584343944860087,0.7568228823838608,0.7984832340000529,0.7776793700575725
0.759356415737797,0.7711676497570669,0.7575129250148567,0.7533470798346393,0.7636968841094383,0.7656228204660023,0.9124590309241948,0.7582001185134865,0.7657579014320055,0.7506976630330233,0.7719572949227772,0.7457566413102632,0.7726613169678919,0.740983843430114,0.7378277352824315,0.8908544051075642,0.7538044588684606,0.7921553750157179,0.7598146294569079,0.9187299419305438,0.7936950582617242,0.7560697357127082,0.8024035600891963,0.7455852866328414,0.7525784336566728,0.7534898065557308,0.7766952195073298,0.751119708027876,0.7617252631645424,0.7594536279750765,0.7398919452793928,0.7759219550445192,0.05556856146045808,0.7786543718807302,0.7634332922436293,0.7589374565423608,1.0,0.7679046743564668,0.6314046917341869,0.7748364616846796,0.7396630178271417,0.7744506303103313,0.7846088506243715,0.7551104485062436,0.7520407473925637,0.7578284263934201,0.7719141337253628,0.7703005855391079,0.7448909053708386,0.7587775744898237
0.7711949467973783,0.8048342272485864,0.7475197047374551,0.7453720279227471,0.7919179252362225,0.7837922629706281,0.7714308564250048,0.7574832050421951,0.7595236636099209,0.7564003502260916,0.8158701463529384,0.7510565545222752,0.832641652051522,0.7444262160655495,0.7380988656082179,0.7725223188098885,0.7625810057504027,0.8096643452578276,0.8000891070236419,0.7765031519307204,0.8177820292906575,0.7964064600098992,0.8250180407435505,0.7579192421098745,0.7676297333817279,0.7657281024115146,0.8456788144541708,0.756809064316014,0.7707690024846079,0.7598735787516492,0.7405628612324329,0.8085505647510645,0.05773990421598818,0.8154704121751619,0.7891600192636987,0.7540932433542686,0.7679046743564668,1.0,0.6279560135114222,0.8322471995080649,0.7456523397144996,0.7906577230957156,0.8463514875428401,0.761591630410808,0.7550818849205576,0.7625971255690804,0.8016380261573066,0.8005028076183385,0.7524343504400588,0.7638471630407451
0.6490939682210246,0.6368266642209931,0.6195673509703605,0.6657452042542361,0.623808455255423,0.6331421210280956,0.6350567653936173,0.6690822630085143,0.63249376248025,0.6731671733870837,0.6335025641067888,0.675760006617545,0.6295341772179698,0.6684369367368872,0.6697948684511983,0.6313372621580517,0.6227775870689611,0.6321372444565097,0.6177167539680186,0.6350092907847046,0.6315723220697627,0.6126094887392908,0.6359699378682878,0.6170327394019737,0.6175861873892139,0.6260873305236816,0.6265542529931709,0.6697190812318725,0.646239485476273,0.6405459568379243,0.660845253869971,0.6281255337242153,0.053382683371066886,0.6295554699179318,0.6291885004448325,0.6750586370920381,0.6314046917341869,0.6279560135114222,1.0,0.6337484206515753,0.664449370553575,0.641620985975425,0.6340844198201262,0.6710431472015371,0.6703962796158136,0.6467777321272024,0.6344113523057002,0.6335905159926912,0.6709038141481516,0.6422557527120587
