../ecoli_genomes/GCF_000163235.1_ASM16323v1_genomic.fna.gz,../ecoli_genomes/GCF_000164555.1_ASM16455v1_genomic.fna.gz,../ecoli_genomes/GCF_000208545.1_ASM20854v2_genomic.fna.gz,../ecoli_genomes/GCF_000233875.1_ASM23387v1_genomic.fna.gz,../ecoli_genomes/GCF_000249735.1_ASM24973v2_genomic.fna.gz,../ecoli_genomes/GCF_000261145.1_Esch_coli_M919_V2_genomic.fna.gz,../ecoli_genomes/GCF_000267705.2_ASM26770v2_genomic.fna.gz,../ecoli_genomes/GCF_000350665.1_Esch_coli_KTE5_V1_genomic.fna.gz,../ecoli_genomes/GCF_000351625.1_Esch_coli_KTE66_V1_genomic.fna.gz,../ecoli_genomes/GCF_000352285.1_Esch_coli_KTE46_V1_genomic.fna.gz,../ecoli_genomes/GCF_000358895.1_ASM35889v1_genomic.fna.gz,../ecoli_genomes/GCF_000456385.1_Esch_coli_HVH_26_4-5703913_V1_genomic.fna.gz,../ecoli_genomes/GCF_000458195.1_Esch_coli_HVH_147_4-5893887_V1_genomic.fna.gz,../ecoli_genomes/GCF_000459755.1_Esch_coli_KOEGE_58_171a_V1_genomic.fna.gz,../ecoli_genomes/GCF_000460055.1_Esch_coli_UMEA_3053-1_V1_genomic.fna.gz,../ecoli_genomes/GCF_000462165.2_ASM46216v2_genomic.fna.gz,../ecoli_genomes/GCF_000601135.1_ASM60113v1_genomic.fna.gz,../ecoli_genomes/GCF_000614595.1_Ec2010EL1058_genomic.fna.gz,../ecoli_genomes/GCF_000617745.1_Ec2010C-4529_genomic.fna.gz,../ecoli_genomes/GCF_000618265.2_EcF6751_genomic.fna.gz,../ecoli_genomes/GCF_000619005.2_Ec2009C-4052_genomic.fna.gz,../ecoli_genomes/GCF_000619105.1_Ec2009C-4780_genomic.fna.gz,../ecoli_genomes/GCF_000619765.2_Ec2009C-3279_genomic.fna.gz,../ecoli_genomes/GCF_000687005.1_ASM68700v1_genomic.fna.gz,../ecoli_genomes/GCF_000687025.1_ASM68702v1_genomic.fna.gz,../ecoli_genomes/GCF_000700125.1_ASM70012v1_genomic.fna.gz,../ecoli_genomes/GCF_000753315.1_FHI35_genomic.fna.gz,../ecoli_genomes/GCF_000776375.1_ASM77637v1_genomic.fna.gz,../ecoli_genomes/GCF_000779395.1_ASM77939v1_genomic.fna.gz,../ecoli_genomes/GCF_000780315.1_ASM78031v1_genomic.fna.gz,../ecoli_genomes/GCF_000781995.1_ASM78199v1_genomic.fna.gz,../ecoli_genomes/GCF_000986765.1_ASM98676v1_genomic.fna.gz,../ecoli_genomes/GCF_001041375.1_ViralProj287958_genomic.fna.gz,../ecoli_genomes/GCF_001265335.1_302014_genomic.fna.gz,../ecoli_genomes/GCF_001265625.1_100854_genomic.fna.gz,../ecoli_genomes/GCF_001267345.1_303289_genomic.fna.gz,../ecoli_genomes/GCF_001309985.1_ASM130998v1_genomic.fna.gz,../ecoli_genomes/GCF_001521695.1_ASM152169v1_genomic.fna.gz,../ecoli_genomes/GCF_001592595.1_ASM159259v1_genomic.fna.gz,../ecoli_genomes/GCF_001614975.1_ASM161497v1_genomic.fna.gz,../ecoli_genomes/GCF_001692775.1_ASM169277v1_genomic.fna.gz,../ecoli_genomes/GCF_001748915.1_ASM174891v1_genomic.fna.gz,../ecoli_genomes/GCF_001749235.1_ASM174923v1_genomic.fna.gz,../ecoli_genomes/GCF_001881155.1_ASM188115v1_genomic.fna.gz,../ecoli_genomes/GCF_001881345.1_ASM188134v1_genomic.fna.gz,../ecoli_genomes/GCF_001892405.1_ASM189240v1_genomic.fna.gz,../ecoli_genomes/GCF_001892585.1_ASM189258v1_genomic.fna.gz,../ecoli_genomes/GCF_001893985.1_ASM189398v1_genomic.fna.gz,../ecoli_genomes/GCF_002001595.1_ASM200159v1_genomic.fna.gz,../ecoli_genomes/GCF_002002145.1_ASM200214v1_genomic.fna.gz
1.0,0.7869405009407687,0.759336836880709,0.7547168488856861,0.7489619333238586,0.7734764089838468,0.7684493582003928,0.7612964810236358,0.7931215635003848,0.7561771757568957,0.7657858454316198,0.764480774082397,0.762780683636619,0.7552237185720374,0.7418579113167154,0.7647752736670765,0.7560398683481805,0.7748681080591806,0.7366001583430347,0.769162206791915,0.7638150203196755,0.7565831806782837,0.7751110476418288,0.7436496323421375,0.7383786309121173,0.7038126339148298,0.7815912157331124,0.759771568403439,0.781881654274726,0.7953369037842057,0.7479632576020732,0.7487295899711212,0.05402281095533845,0.7653103987710477,0.7652692097247497,0.7634725882328999,0.756217068106301,0.7742025832432047,0.5868272172345071,0.7731008970125641,0.7449006231381708,0.7708825539308207,0.7733360955569966,0.7667344819617872,0.764113183358999,0.7674598908922257,0.773318929776857,0.7733195637996375,0.751435526918711,0.7868369328755989
0.7869405009407687,1.0,0.7622290718846001,0.7566790770645062,0.7835210261258093,0.8382050148527291,0.7825238267681203,0.7689220692878911,0.7730536689478915,0.7643342520888544,0.7981797504437946,0.7700187098724488,0.8033101280551821,0.7591263062067977,0.7473897733604877,0.7803367701856354,0.8051394009429094,0.8081430103058428,0.7734971835694024,0.7848388018517103,0.7972544670733085,0.7915335744365781,0.8031053773941081,0.8056367301297154,0.7937041944191912,0.7337522778591843,0.8101411230935016,0.7647297715944975,0.7752725669627839,0.7810975014537469,0.7472927186003497,0.7865226420535859,0.06188273581123194,0.7951138758077548,0.8350824932893605,0.7605065884551018,0.7741890573080983,0.8079499572935906,0.5567122772880723,0.8042779670773744,0.751746660708929,0.8188223222722469,0.8063050636509506,0.7731677131872827,0.7691134646076986,0.7598320635239009,0.8249413075044536,0.8241631511128344,0.7628455676332557,0.7763812288558333
0.759336836880709,0.7622290718846001,1.0,0.7349908798232161,0.7301599785299827,0.7463694652719005,0.743076695197128,0.7427341315089789,0.7588516968095547,0.7432168411974449,0.7549143769725816,0.7425529834263414,0.7545902462783615,0.739102479174768,0.7309471497140172,0.7427934335692654,0.739021276429521,0.7537331792840662,0.7224457748374755,0.7462227136901878,0.7542387879905372,0.7452257822495039,0.7523180860375224,0.7275851313728035,0.721269498402764,0.6977544851078561,0.7646332238191439,0.7432529236153034,0.7591465775377031,0.7661885044486622,0.7341244412381109,0.7361922398502728,0.05535498646167225,0.747203884552499,0.7449191769065968,0.7530641274013881,0.7316036821607316,0.7543786082812922,0.5541924110847982,0.7603374105689535,0.731201946618715,0.7548735185994225,0.7533789637612013,0.7512183639405304,0.7384944650231184,0.7584041345621277,0.7645638114611978,0.7631218025743354,0.7488160496516875,0.7645791896179293
0.7547168488856861,0.7566790770645062,0.7349908798232161,1.0,0.7512833250838484,0.7569209416690921,0.7360779512365253,0.8326220782194733,0.7619742939229017,0.8387356044417211,0.7519798519986154,0.8365091726753372,0.7611825431869969,0.8404316704194595,0.8527970192087426,0.747974331155287,0.7422929929566028,0.7495061164097521,0.7181541830931716,0.7414779613948306,0.7404358554816559,0.7379581611899653,0.7514791515490318,0.7349027166352992,0.7285180880022724,0.7070706596819695,0.7526812163462172,0.8335673837968482,0.7610689348058832,0.7631645597116181,0.8241730104761071,0.7502501139279895,0.05709987088127311,0.7507949082100427,0.7435437527109554,0.8009982799436342,0.7348740730361092,0.7463512344657581,0.5837822398901276,0.7505123717004828,0.8370721401240906,0.7574572584455614,0.7483348970985081,0.8363986570186006,0.8268980381666409,0.7494161309981429,0.750376762222847,0.7508610244097622,0.8045577266917445,0.763243557611296
0.7489619333238586,0.7835210261258093,0.7301599785299827,0.7512833250838484,1.0,0.792570075974119,0.7566120811565938,0.7557895740822056,0.7671386077180415,0.7597490097413984,0.8104967854588306,0.7476414229826147,0.8153818972379329,0.7540055080620155,0.751691864818953,0.7777952331868789,0.787734323013584,0.7849024068341075,0.749824298701842,0.7610284589709675,0.7837021382214042,0.773763335472123,0.7862005883457075,0.7840824158003893,0.7567999653238234,0.7219162606725691,0.7942553358464692,0.7379204634956998,0.7518447950862394,0.7707717441599591,0.7419648469233981,0.8003679896707965,0.05443210461837955,0.7896003038873383,0.7759438134366407,0.7439720187833362,0.7572793174422883,0.7981607450687872,0.5479941503500244,0.7998155828166738,0.7537971132234677,0.786300932169214,0.8039425948202259,0.7448094657170907,0.7428707109589807,0.7368633661130424,0.787803637052427,0.7875763253088086,0.7363322364751868,0.7533242495414002
0.7734764089838468,0.8382050148527291,0.7463694652719005,0.7569209416690921,0.792570075974119,1.0,0.7807144792244896,0.7677716889216997,0.7735967563409074,0.7592396114554306,0.7914303228227831,0.7597963084948927,0.800048237495541,0.7583563729194678,0.7497469509240853,0.7826023604673011,0.8144332552774571,0.8057164849826581,0.7715239298234178,0.7828028690659459,0.7907823670181701,0.7847669777519883,0.8062851599679314,0.8083231847913357,0.7960092817181159,0.7345779780390869,0.8044741948262106,0.754784337081343,0.7690143314255086,0.773889204658915,0.745445299599329,0.7920285739165539,0.05774188280364145,0.8009936762284404,0.8292628310365845,0.7647705877865274,0.7714462246975657,0.8048288563296726,0.5663439873888859,0.8021013849013596,0.753100105568639,0.821724648410942,0.802928484391199,0.761551624792745,0.7599160758814596,0.7543740908417188,0.8182507191154542,0.8200466475700706,0.7526434004643773,0.769675639358644
0.7684493582003928,0.7825238267681203,0.743076695197128,0.7360779512365253,0.7566120811565938,0.7807144792244896,1.0,0.7459494448751471,0.7674429026002187,0.7374102408620782,0.76985354242301,0.7449812696303812,0.7713068854753699,0.7379189196116618,0.7326642438452842,0.8967719709244655,0.7637246187696107,0.8034167633073229,0.7723953160684115,0.9468670430634003,0.805202091961617,0.787053338803806,0.8048620814701755,0.7559462644714747,0.7458262525234463,0.7141721210334422,0.7937150771286394,0.7416201828087332,0.7597900345199791,0.770081733293171,0.7328048614144715,0.7662535354511407,0.0552960754455144,0.7862517431066955,0.7757223940255904,0.7622712452522595,0.9158583001875159,0.777327783936046,0.5500542667974828,0.784228303425085,0.7314371767881145,0.7871204524540463,0.7890783969780536,0.7498490588729116,0.7443744717466387,0.7458080839701817,0.7764650643135409,0.7757640755445148,0.7412891753368731,0.7670204146209239
0.7612964810236358,0.7689220692878911,0.7427341315089789,0.8326220782194733,0.7557895740822056,0.7677716889216997,0.7459494448751471,1.0,0.7668019028809129,0.8324900571709051,0.7571426278048924,0.8271285854305043,0.7696271335871919,0.8209446154378466,0.8161454032862117,0.754758680570751,0.7503011680466676,0.7616235814780242,0.7285948498029446,0.7509640404445914,0.7545457337736245,0.7474047065268907,0.7596973552188983,0.7436655380721419,0.7327233614986505,0.7067108627521561,0.76405996886475,0.8858907509714893,0.7739250877170718,0.7734756374426325,0.8112570653133228,0.7517757101672022,0.05574972040134807,0.7603072637517982,0.7543017964911662,0.804470149470716,0.7421061702619269,0.7649837034270264,0.5832054930324958,0.7617767418815864,0.8187333919813669,0.7645078111605362,0.7592990471099533,0.8874049422205952,0.8729611386440768,0.7533114613371964,0.7566416373243214,0.7565304266583892,0.8082439087186568,0.7676884906631779
0.7931215635003848,0.7730536689478915,0.7588516968095547,0.7619742939229017,0.7671386077180415,0.7735967563409074,0.7674429026002187,0.7668019028809129,1.0,0.7700097998188125,0.7754319770865857,0.7604336721592049,0.7822433311966168,0.7622238913170447,0.7561682555155828,0.7785706945977653,0.7640551733989708,0.7726195978086046,0.7406968993226696,0.7729515655282281,0.7671147057843517,0.7627818668406099,0.7739432051593874,0.7539355898168706,0.7410352276203933,0.7077980151773008,0.7830217299299292,0.7589697822610636,0.7843891333978793,0.8097929924430115,0.7572123989248307,0.7614120463118519,0.053040572438639355,0.7695383341781952,0.7680298774906035,0.7685285502577271,0.76322604290915,0.7739356224827071,0.5559364048755759,0.7818102090579455,0.7562509046021039,0.7805953954271965,0.7856967096375336,0.7646506313839818,0.7567151287366636,0.770414525168837,0.772539388004887,0.7709375838480146,0.7567462711655908,0.790639623779429
0.7561771757568957,0.7643342520888544,0.7432168411974449,0.8387356044417211,0.7597490097413984,0.7592396114554306,0.7374102408620782,0.8324900571709051,0.7700097998188125,1.0,0.7579565796302633,0.8256301557816248,0.7687661119075105,0.8252110017737472,0.8233922053077258,0.7501605306778402,0.7413538202381309,0.7544079512968145,0.72169484566428,0.7439857603016559,0.7462666576567454,0.7393236562261103,0.7501160860612887,0.7381601155725332,0.7246129487783027,0.698294492201567,0.7603962594507367,0.8284724784228744,0.7752030935891462,0.770655611380211,0.8333297756170712,0.7471486139967962,0.06247579577792417,0.7494957620955076,0.7473828434619444,0.8088380949871408,0.7364972843550068,0.7545540479166033,0.5870965478699195,0.757317994028692,0.834619336168933,0.7575537557659399,0.7564486562324211,0.831065247884977,0.8246946026490746,0.757817606342592,0.7548300219024856,0.7535837884078431,0.8194984321415071,0.7686952289049727
0.7657858454316198,0.7981797504437946,0.7549143769725816,0.7519798519986154,0.8104967854588306,0.7914303228227831,0.76985354242301,0.7571426278048924,0.7754319770865857,0.7579565796302633,1.0,0.7585351699677356,0.8290015976145645,0.7570715004980837,0.7401226254512674,0.7764193012448063,0.7748127895977172,0.8122873694027168,0.7739847569185071,0.7753054542958757,0.8048472021553085,0.8099193415969681,0.8118420836533232,0.7767796549913887,0.7470038383357376,0.7206549473053715,0.8236485522502901,0.7573427549794907,0.7621455579772435,0.7814493838268348,0.7434032360277978,0.7861465504587415,0.052458900134118136,0.8072738535097925,0.7915159069825717,0.7629429421110201,0.7633956569969852,0.8176862103520348,0.5486246533717642,0.8335328150136473,0.7477641235196747,0.8053859977244785,0.828260145596374,0.7625523345501491,0.7513387959857212,0.7559442687291518,0.8039901986914371,0.8012178083527355,0.7562390504666654,0.7687843503890576
0.764480774082397,0.7700187098724488,0.7425529834263414,0.8365091726753372,0.7476414229826147,0.7597963084948927,0.7449812696303812,0.8271285854305043,0.7604336721592049,0.8256301557816248,0.7585351699677356,1.0,0.7567771321627609,0.8248277301928926,0.8452997088887387,0.750617456643018,0.7419182900464967,0.7549186482911572,0.7266809063804512,0.7481480936322356,0.7526893711234395,0.7436453575716067,0.7554716907740592,0.7371123455494859,0.724376091765478,0.7042342108210249,0.7563754385113542,0.8250198050268496,0.7724493209673533,0.7642814818757347,0.8094843722768348,0.7458447596181151,0.059217058468673756,0.7517656368855724,0.7477122440204509,0.800502998384311,0.7404312177989762,0.75651974273193,0.5972678646168873,0.7553297763455139,0.8184221175219619,0.7639293072317264,0.7561467680483561,0.8300190503711717,0.8240232603382471,0.7569476584437684,0.7552477753069567,0.75586492485873,0.7997637006788559,0.7704705595031107
0.762780683636619,0.8033101280551821,0.7545902462783615,0.7611825431869969,0.8153818972379329,0.800048237495541,0.7713068854753699,0.7696271335871919,0.7822433311966168,0.7687661119075105,0.8290015976145645,0.7567771321627609,1.0,0.7578443107479307,0.7543240051899891,0.7849486572481007,0.7856833166625747,0.8264188950866478,0.800164712835953,0.7778312413938832,0.8173048337909574,0.833133883443159,0.8399844402416715,0.7851499852870724,0.7573982035746061,0.7230769388959183,0.8381608557657876,0.7554175450826418,0.7632029616058381,0.7863386474172421,0.7471451230394559,0.8175401737497865,0.05607286654965782,0.8264512818715571,0.7960098606223003,0.7627854708301124,0.769300975092204,0.8201432990706747,0.5528543104764337,0.8402488154172958,0.751559081561564,0.8024638999967436,0.8324488279500859,0.7595806069729742,0.7520808919028652,0.7450177161968394,0.8028924613796763,0.799715590707585,0.7550173963236737,0.7677862609814792
0.7552237185720374,0.7591263062067977,0.739102479174768,0.8404316704194595,0.7540055080620155,0.7583563729194678,0.7379189196116618,0.8209446154378466,0.7622238913170447,0.8252110017737472,0.7570715004980837,0.8248277301928926,0.7578443107479307,1.0,0.8466770627853398,0.749199317025302,0.742580585075254,0.7566275226587187,0.7256945647642885,0.7449639425295169,0.745758564542307,0.7445173944991812,0.7535684734816647,0.7286164344806925,0.7206309345145298,0.6998950481423942,0.7587700813657582,0.8289779069261888,0.7732920059726963,0.7597305463013366,0.8196442054763382,0.7461714760274575,0.05712426043907004,0.7586877327850701,0.7458103482819058,0.7981986115445696,0.7382790663451025,0.7549265870082482,0.5785474765017934,0.7576297779828998,0.8271504954838896,0.7564649149943021,0.7580732080626821,0.8313765246054594,0.8201314075616984,0.7625933261774258,0.7515097952422879,0.751730269781405,0.8057563816292752,0.7732422882049346
0.7418579113167154,0.7473897733604877,0.7309471497140172,0.8527970192087426,0.751691864818953,0.7497469509240853,0.7326642438452842,0.8161454032862117,0.7561682555155828,0.8233922053077258,0.7401226254512674,0.8452997088887387,0.7543240051899891,0.8466770627853398,1.0,0.7492512707046742,0.7402515666459104,0.746529465702791,0.7146817455369272,0.7388824334399895,0.7392108892742963,0.7358140823892356,0.7470021407117609,0.7270306034807748,0.7201736841653479,0.7057232354747752,0.7434915958972147,0.8100494898581312,0.7597109643291343,0.7551800179922262,0.8241221302662386,0.7447332713203638,0.058503388885033814,0.7484003040840459,0.7356977472052137,0.7903488722427885,0.7354035142108837,0.7440371592601472,0.578331773131406,0.7458030029251934,0.8348981215799129,0.7499560645707304,0.7457935930878032,0.8120354425184741,0.8045115385373014,0.7471719781930009,0.7459397005964525,0.7467938861734121,0.7888865730119101,0.7669170619308595
0.7647752736670765,0.7803367701856354,0.7427934335692654,0.747974331155287,0.7777952331868789,0.7826023604673011,0.8967719709244655,0.754758680570751,0.7785706945977653,0.7501605306778402,0.7764193012448063,0.750617456643018,0.7849486572481007,0.749199317025302,0.7492512707046742,1.0,0.7691434150560921,0.7967451443249719,0.7686302217542741,0.9027315085204627,0.7990867867216289,0.7871059835985843,0.7997742115462723,0.7673560011263599,0.7539208535299669,0.7276339423674818,0.7925503417339316,0.7471110232384329,0.7615923684078049,0.7793707500186564,0.7433247818383842,0.7713371093121092,0.05660240705973052,0.7871133281103024,0.7762597632166967,0.7615093236426256,0.8920116384092036,0.7809403218727982,0.5503562278378444,0.7872694298505883,0.7463848662185375,0.7866721423835062,0.7914388762568385,0.7524652447499756,0.7470692077967476,0.7463996671623321,0.7759703348083815,0.7750093327439512,0.744373540151838,0.7684691143552296
0.7560398683481805,0.8051394009429094,0.739021276429521,0.7422929929566028,0.787734323013584,0.8144332552774571,0.7637246187696107,0.7503011680466676,0.7640551733989708,0.7413538202381309,0.7748127895977172,0.7419182900464967,0.7856833166625747,0.742580585075254,0.7402515666459104,0.7691434150560921,1.0,0.7823044484747644,0.7558870960033519,0.7649661676021715,0.7801339765681524,0.7800846261790547,0.7923512126918392,0.8084932910452822,0.7930001441052643,0.7366920214783381,0.7890862384096912,0.7396058002709345,0.7552315464093277,0.7619811612212267,0.7303265893808786,0.8041833284093659,0.05784922780337787,0.7915397288984375,0.7978003384926874,0.7503705405159776,0.7612498929608613,0.7870126727792126,0.5584792731215442,0.7869986615234461,0.7328087221058128,0.7964929004486488,0.7900898644096799,0.749452826350673,0.7484299420643779,0.7409010738863738,0.7993541273152382,0.8001063295752023,0.7341886077365227,0.7556163798906192
0.7748681080591806,0.8081430103058428,0.7537331792840662,0.7495061164097521,0.7849024068341075,0.8057164849826581,0.8034167633073229,0.7616235814780242,0.7726195978086046,0.7544079512968145,0.8122873694027168,0.7549186482911572,0.8264188950866478,0.7566275226587187,0.746529465702791,0.7967451443249719,0.7823044484747644,1.0,0.8192659477080075,0.8073631592309076,0.8356132585525669,0.8307010002355706,0.8456798118677417,0.774096910509101,0.7592395445310228,0.7192765809961321,0.835962363851984,0.75686237586684,0.7679663189615942,0.7811002352601566,0.744037577351419,0.8043754763257549,0.060052220338628004,0.8230333180263086,0.7985251288645678,0.7720282882465354,0.7951481257620617,0.8145621995832271,0.5643854993289101,0.8339213450479688,0.7438735077901051,0.8122758873156567,0.824559283153117,0.7611474962323078,0.7553824575208481,0.7572392333788777,0.8101987293542908,0.8086714966797979,0.7546244811473558,0.7742440479235498
0.7366001583430347,0.7734971835694024,0.7224457748374755,0.7181541830931716,0.749824298701842,0.7715239298234178,0.7723953160684115,0.7285948498029446,0.7406968993226696,0.72169484566428,0.7739847569185071,0.7266809063804512,0.800164712835953,0.7256945647642885,0.7146817455369272,0.7686302217542741,0.7558870960033519,0.8192659477080075,1.0,0.7746505771058555,0.8011741006625634,0.8195021809618838,0.8116007979743132,0.7480429530105902,0.7381166855742245,0.7026129284185509,0.7972166769540834,0.7236167940791953,0.7329849013225325,0.7446272511576553,0.7136853157486419,0.7832514028892614,0.054081386204070436,0.7906595750411641,0.7654112494915801,0.7422832672047961,0.7669952573312305,0.7805500111979218,0.5489952589098455,0.7904838733900174,0.717538715008827,0.7783706792911647,0.7832287267039638,0.7315985311469723,0.7264738820045449,0.7223224037859654,0.7655475212362317,0.7643563192380605,0.7272130889109929,0.7400638572981425
0.769162206791915,0.7848388018517103,0.7462227136901878,0.7414779613948306,0.7610284589709675,0.7828028690659459,0.9468670430634003,0.7509640404445914,0.7729515655282281,0.7439857603016559,0.7753054542958757,0.7481480936322356,0.7778312413938832,0.7449639425295169,0.7388824334399895,0.9027315085204627,0.7649661676021715,0.8073631592309076,0.7746505771058555,1.0,0.8086502016342162,0.7910675228933924,0.8075844303143036,0.7547853517790759,0.7481989921314527,0.7152012380524206,0.7973764977840898,0.7477323254680595,0.7657064816352472,0.7753142422552388,0.7383482835512996,0.7699556353544454,0.05529189891249864,0.7892731137160471,0.7783992696433363,0.7654511337068299,0.9219131283646067,0.7813115187553902,0.5517299011442393,0.7898916218985592,0.737415391214894,0.7901667658236584,0.7933987366471456,0.7537376214286189,0.7477236119749648,0.7500492281732073,0.7803174894787006,0.7790693327587229,0.747126510668572,0.7717542413751016
0.7638150203196755,0.7972544670733085,0.7542387879905372,0.7404358554816559,0.7837021382214042,0.7907823670181701,0.805202091961617,0.7545457337736245,0.7671147057843517,0.7462666576567454,0.8048472021553085,0.7526893711234395,0.8173048337909574,0.745758564542307,0.7392108892742963,0.7990867867216289,0.7801339765681524,0.8356132585525669,0.8011741006625634,0.8086502016342162,1.0,0.8335886937963521,0.8478151355653715,0.7706394560407567,0.7570091067270933,0.7237339816681594,0.8311489403046542,0.7506732273918213,0.7616791092110958,0.7729504577737606,0.7384072870298481,0.8021861486611485,0.056362022084193275,0.8227809090994141,0.7952241527116103,0.7615948532171675,0.7911366043977885,0.8123739630801473,0.5540204648479552,0.8283400336033435,0.7431875953823395,0.8019188333042944,0.8222477555999148,0.7580668281688934,0.7499403434727874,0.7534227373205675,0.8066499231457841,0.8046566138129088,0.7537765324913749,0.767596605077276
0.7565831806782837,0.7915335744365781,0.7452257822495039,0.7379581611899653,0.773763335472123,0.7847669777519883,0.787053338803806,0.7474047065268907,0.7627818668406099,0.7393236562261103,0.8099193415969681,0.7436453575716067,0.833133883443159,0.7445173944991812,0.7358140823892356,0.7871059835985843,0.7800846261790547,0.8307010002355706,0.8195021809618838,0.7910675228933924,0.8335886937963521,1.0,0.8876713669306633,0.7714163266591787,0.7543759833563413,0.7198769526690092,0.8256976393553334,0.7456412387005233,0.7518585085618017,0.7631266601882647,0.7329532000457539,0.8004092352822699,0.060178945299876774,0.8505573149212948,0.7838855927047343,0.7542158849557415,0.7795311187959177,0.8112905155220862,0.5496364646482994,0.8272440255625173,0.7333522803511041,0.7958258210639892,0.824999202518488,0.7516247621044405,0.7412659846018226,0.7441487284581252,0.7958606059717208,0.7935136097640617,0.7442983005187607,0.7611006894945337
0.7751110476418288,0.8031053773941081,0.7523180860375224,0.7514791515490318,0.7862005883457075,0.8062851599679314,0.8048620814701755,0.7596973552188983,0.7739432051593874,0.7501160860612887,0.8118420836533232,0.7554716907740592,0.8399844402416715,0.7535684734816647,0.7470021407117609,0.7997742115462723,0.7923512126918392,0.8456798118677417,0.8116007979743132,0.8075844303143036,0.8478151355653715,0.8876713669306633,1.0,0.7793495795884087,0.7643712112352617,0.7224337584257257,0.8418863498937028,0.7559423780034082,0.7614462017173367,0.7744352082443104,0.7438192761909297,0.8109923751955949,0.05697569918878165,0.8629167357105044,0.7950184464259014,0.7643350100253264,0.7940319348484493,0.8225236651209562,0.5616689164663653,0.8355047253262725,0.7436910245436387,0.807265573009918,0.8314544447639161,0.7624223483117291,0.7548840993435626,0.7493125240439173,0.8044873146826551,0.8035183308757987,0.7558835022525849,0.7694576073417292
0.7436496323421375,0.8056367301297154,0.7275851313728035,0.7349027166352992,0.7840824158003893,0.8083231847913357,0.7559462644714747,0.7436655380721419,0.7539355898168706,0.7381601155725332,0.7767796549913887,0.7371123455494859,0.7851499852870724,0.7286164344806925,0.7270306034807748,0.7673560011263599,0.8084932910452822,0.774096910509101,0.7480429530105902,0.7547853517790759,0.7706394560407567,0.7714163266591787,0.7793495795884087,1.0,0.8015686684274752,0.729311399181912,0.7825057461267116,0.7271406721578583,0.7435655753677117,0.7562124938282903,0.721154178139187,0.7789065831067469,0.057906110532894184,0.7725233432897569,0.8082136115527738,0.7360978645569818,0.7507781225639477,0.7764112715551461,0.5463087515583487,0.7725289657510224,0.725066034619386,0.7819141226432491,0.775903216989797,0.7320075141601466,0.730773425385475,0.7274617586257048,0.7799330545716732,0.7800274676880661,0.7245686617552614,0.7416098956390511
0.7383786309121173,0.7937041944191912,0.721269498402764,0.7285180880022724,0.7567999653238234,0.7960092817181159,0.7458262525234463,0.7327233614986505,0.7410352276203933,0.7246129487783027,0.7470038383357376,0.724376091765478,0.7573982035746061,0.7206309345145298,0.7201736841653479,0.7539208535299669,0.7930001441052643,0.7592395445310228,0.7381166855742245,0.7481989921314527,0.7570091067270933,0.7543759833563413,0.7643712112352617,0.8015686684274752,1.0,0.736612269128879,0.7672952207556836,0.7210776471552411,0.735890633652756,0.7361188744392788,0.7151945480378266,0.7776895099445424,0.06056402856962384,0.7583751812271684,0.7884449622846985,0.7275516116218799,0.748046917849764,0.7681218585541837,0.5416491198199802,0.7552134540220976,0.71796924263091,0.77940911203403,0.7665862369082952,0.7322810297719065,0.7318604755986785,0.7251994702279009,0.7754662292014436,0.7756774900087452,0.7229374034763032,0.7339759082704954
0.7038126339148298,0.7337522778591843,0.6977544851078561,0.7070706596819695,0.7219162606725691,0.7345779780390869,0.7141721210334422,0.7067108627521561,0.7077980151773008,0.698294492201567,0.7206549473053715,0.7042342108210249,0.7230769388959183,0.6998950481423942,0.7057232354747752,0.7276339423674818,0.7366920214783381,0.7192765809961321,0.7026129284185509,0.7152012380524206,0.7237339816681594,0.7198769526690092,0.7224337584257257,0.729311399181912,0.736612269128879,1.0,0.722608238148011,0.6992825968503319,0.6962334707126012,0.7074805230104462,0.6923276450073492,0.7189958249048295,0.055244522640365945,0.7192103937687522,0.7313891032029467,0.7009407731083271,0.7107897101516696,0.7297536000249769,0.5294281726577413,0.7232571824245542,0.7009680144176911,0.7334384602180508,0.7236600279613743,0.7087204710952386,0.7082684312139331,0.6839945411341675,0.7316808028937067,0.7389101747243325,0.6978829762725083,0.7012223479392747
0.7815912157331124,0.8101411230935016,0.7646332238191439,0.7526812163462172,0.7942553358464692,0.8044741948262106,0.7937150771286394,0.76405996886475,0.7830217299299292,0.7603962594507367,0.8236485522502901,0.7563754385113542,0.8381608557657876,0.7587700813657582,0.7434915958972147,0.7925503417339316,0.7890862384096912,0.835962363851984,0.7972166769540834,0.7973764977840898,0.8311489403046542,0.8256976393553334,0.8418863498937028,0.7825057461267116,0.7672952207556836,0.722608238148011,1.0,0.7568735105811384,0.775684679711467,0.7852569897042121,0.7496064866245968,0.8075932153780875,0.05334233380543074,0.8289769180137962,0.8001562860229368,0.7708415361609973,0.7859056935002176,0.8403807119692555,0.5590552140199413,0.8430794754908018,0.7527145128735351,0.8155436981509255,0.8565437059842074,0.765178868761084,0.7577894517619849,0.7619936256022546,0.810816632106685,0.8084931856459245,0.7574626185480658,0.7775562608204692
0.759771568403439,0.7647297715944975,0.7432529236153034,0.8335673837968482,0.7379204634956998,0.754784337081343,0.7416201828087332,0.8858907509714893,0.7589697822610636,0.8284724784228744,0.7573427549794907,0.8250198050268496,0.7554175450826418,0.8289779069261888,0.8100494898581312,0.7471110232384329,0.7396058002709345,0.75686237586684,0.7236167940791953,0.7477323254680595,0.7506732273918213,0.7456412387005233,0.7559423780034082,0.7271406721578583,0.7210776471552411,0.6992825968503319,0.7568735105811384,1.0,0.7728947496676271,0.7629733964211576,0.8083125830674716,0.7441889460330204,0.058091173096456394,0.7562874525036705,0.7474074056039386,0.8008104063963424,0.7365888800124161,0.7607172518331192,0.5798829728215149,0.7597640796691489,0.8125800402761216,0.75902472957335,0.7561800146255072,0.9216914193943162,0.8962973071638268,0.7538259222534852,0.7555587530702047,0.7546332767894607,0.8223602935312196,0.763864645849871
0.781881654274726,0.7752725669627839,0.7591465775377031,0.7610689348058832,0.7518447950862394,0.7690143314255086,0.7597900345199791,0.7739250877170718,0.7843891333978793,0.7752030935891462,0.7621455579772435,0.7724493209673533,0.7632029616058381,0.7732920059726963,0.7597109643291343,0.7615923684078049,0.7552315464093277,0.7679663189615942,0.7329849013225325,0.7657064816352472,0.7616791092110958,0.7518585085618017,0.7614462017173367,0.7435655753677117,0.735890633652756,0.6962334707126012,0.775684679711467,0.7728947496676271,1.0,0.7784835839018602,0.7642111294482223,0.7498455120325294,0.05497986500089069,0.7586947585539061,0.7594168823245404,0.7790995649562495,0.7563700423131999,0.7633938905731872,0.574949433078115,0.765373263974995,0.7587856588172013,0.7616261248744927,0.7631432424490345,0.7707992333004169,0.7668379276542643,0.7862481737228415,0.7617858266165715,0.7606579282410255,0.7678479889484815,0.85842149620162
0.7953369037842057,0.7810975014537469,0.7661885044486622,0.7631645597116181,0.7707717441599591,0.773889204658915,0.770081733293171,0.7734756374426325,0.8097929924430115,0.770655611380211,0.7814493838268348,0.7642814818757347,0.7863386474172421,0.7597305463013366,0.7551800179922262,0.7793707500186564,0.7619811612212267,0.7811002352601566,0.7446272511576553,0.7753142422552388,0.7729504577737606,0.7631266601882647,0.7744352082443104,0.7562124938282903,0.7361188744392788,0.7074805230104462,0.7852569897042121,0.7629733964211576,0.7784835839018602,1.0,0.753988660894563,0.7585899485462444,0.056366732525693686,0.7702137462955011,0.7702640288198526,0.7706914769732587,0.7659772335530564,0.7785386213563203,0.5602850708284226,0.7887634604308957,0.7579637021917927,0.7835406848354052,0.7881778808332238,0.7693487200141005,0.7620017697917587,0.7699853382809971,0.7788948479436394,0.7781177311354185,0.7645218232514364,0.7892493645781037
0.7479632576020732,0.7472927186003497,0.7341244412381109,0.8241730104761071,0.7419648469233981,0.745445299599329,0.7328048614144715,0.8112570653133228,0.7572123989248307,0.8333297756170712,0.7434032360277978,0.8094843722768348,0.7471451230394559,0.8196442054763382,0.8241221302662386,0.7433247818383842,0.7303265893808786,0.744037577351419,0.7136853157486419,0.7383482835512996,0.7384072870298481,0.7329532000457539,0.7438192761909297,0.721154178139187,0.7151945480378266,0.6923276450073492,0.7496064866245968,0.8083125830674716,0.7642111294482223,0.753988660894563,1.0,0.7333878812155792,0.05897062511295148,0.7421755077181686,0.7342761864194258,0.7883921089135957,0.7303925733673715,0.7420039628338688,0.5877482135529027,0.7492028136066202,0.8607327799357586,0.7447292913521283,0.7474954688903706,0.8124053722738597,0.8025556959146778,0.7533027937530958,0.7456784639745371,0.7444946686911599,0.7950655469961605,0.7575267886634056
0.7487295899711212,0.7865226420535859,0.7361922398502728,0.7502501139279895,0.8003679896707965,0.7920285739165539,0.7662535354511407,0.7517757101672022,0.7614120463118519,0.7471486139967962,0.7861465504587415,0.7458447596181151,0.8175401737497865,0.7461714760274575,0.7447332713203638,0.7713371093121092,0.8041833284093659,0.8043754763257549,0.7832514028892614,0.7699556353544454,0.8021861486611485,0.8004092352822699,0.8109923751955949,0.7789065831067469,0.7776895099445424,0.7189958249048295,0.8075932153780875,0.7441889460330204,0.7498455120325294,0.7585899485462444,0.7333878812155792,1.0,0.0556174135747608,0.8061844567645012,0.7759862066652402,0.7486991332759352,0.7648445346240522,0.8037770861164457,0.5565005851793524,0.806158580071361,0.7385515153719169,0.7918291228737089,0.8110826606499945,0.7491239302507893,0.7482309325009373,0.739641971505687,0.7897721210574233,0.7900856428577573,0.7365291972271294,0.7498848523326287
0.05402281095533845,0.06188273581123194,0.05535498646167225,0.05709987088127311,0.05443210461837955,0.05774188280364145,0.0552960754455144,0.05574972040134807,0.053040572438639355,0.06247579577792417,0.052458900134118136,0.059217058468673756,0.05607286654965782,0.05712426043907004,0.058503388885033814,0.05660240705973052,0.05784922780337787,0.060052220338628004,0.054081386204070436,0.05529189891249864,0.056362022084193275,0.060178945299876774,0.05697569918878165,0.057906110532894184,0.06056402856962384,0.055244522640365945,0.05334233380543074,0.058091173096456394,0.05497986500089069,0.056366732525693686,0.05897062511295148,0.0556174135747608,1.0,0.05676255128811303,0.05763393873141709,0.054432715812739896,0.054518388404661944,0.05408880710497599,0.041802093008771135,0.05567846453126313,0.05332882339293088,0.05592556784033731,0.058609573514972535,0.058163356116086584,0.05717739722973458,0.05550070151919928,0.05731229120373715,0.0565522966380716,0.05235207320091795,0.054193478338299794
0.7653103987710477,0.7951138758077548,0.747203884552499,0.7507949082100427,0.7896003038873383,0.8009936762284404,0.7862517431066955,0.7603072637517982,0.7695383341781952,0.7494957620955076,0.8072738535097925,0.7517656368855724,0.8264512818715571,0.7586877327850701,0.7484003040840459,0.7871133281103024,0.7915397288984375,0.8230333180263086,0.7906595750411641,0.7892731137160471,0.8227809090994141,0.8505573149212948,0.8629167357105044,0.7725233432897569,0.7583751812271684,0.7192103937687522,0.8289769180137962,0.7562874525036705,0.7586947585539061,0.7702137462955011,0.7421755077181686,0.8061844567645012,0.05676255128811303,1.0,0.7908289672754704,0.7687361008357204,0.7763908997010085,0.8153139779050085,0.5648730443750247,0.8242832449069984,0.7442232648310174,0.8063445692784645,0.8320008207133471,0.7628595611088724,0.7593193070781912,0.748814692999875,0.7954756980344835,0.794431921914419,0.751719689692703,0.7644615441357367
0.7652692097247497,0.8350824932893605,0.7449191769065968,0.7435437527109554,0.7759438134366407,0.8292628310365845,0.7757223940255904,0.7543017964911662,0.7680298774906035,0.7473828434619444,0.7915159069825717,0.7477122440204509,0.7960098606223003,0.7458103482819058,0.7356977472052137,0.7762597632166967,0.7978003384926874,0.7985251288645678,0.7654112494915801,0.7783992696433363,0.7952241527116103,0.7838855927047343,0.7950184464259014,0.8082136115527738,0.7884449622846985,0.7313891032029467,0.8001562860229368,0.7474074056039386,0.7594168823245404,0.7702640288198526,0.7342761864194258,0.7759862066652402,0.05763393873141709,0.7908289672754704,1.0,0.7522196308917125,0.7654303939848627,0.788181651569256,0.5541243553596469,0.7953616532258454,0.7348036973352619,0.8084058173348684,0.7989399845405567,0.7509493014661253,0.7459710739312903,0.7515744209697897,0.811185862798373,0.8105952764957125,0.7437647233941269,0.7638490749604491
0.7634725882328999,0.7605065884551018,0.7530641274013881,0.8009982799436342,0.7439720187833362,0.7647705877865274,0.7622712452522595,0.804470149470716,0.7685285502577271,0.8088380949871408,0.7629429421110201,0.800502998384311,0.7627854708301124,0.7981986115445696,0.7903488722427885,0.7615093236426256,0.7503705405159776,0.7720282882465354,0.7422832672047961,0.7654511337068299,0.7615948532171675,0.7542158849557415,0.7643350100253264,0.7360978645569818,0.7275516116218799,0.7009407731083271,0.7708415361609973,0.8008104063963424,0.7790995649562495,0.7706914769732587,0.7883921089135957,0.7486991332759352,0.054432715812739896,0.7687361008357204,0.7522196308917125,1.0,0.7555135366983408,0.7615418497402728,0.6057197914094345,0.7664655026634534,0.7899705092066402,0.7630808539379611,0.7649801500575831,0.8089650345864519,0.8033098528915988,0.7623850118951796,0.7585812732050969,0.757262978668124,0.8015376902888112,0.779832072440616
0.756217068106301,0.7741890573080983,0.7316036821607316,0.7348740730361092,0.7572793174422883,0.7714462246975657,0.9158583001875159,0.7421061702619269,0.76322604290915,0.7364972843550068,0.7633956569969852,0.7404312177989762,0.769300975092204,0.7382790663451025,0.7354035142108837,0.8920116384092036,0.7612498929608613,0.7951481257620617,0.7669952573312305,0.9219131283646067,0.7911366043977885,0.7795311187959177,0.7940319348484493,0.7507781225639477,0.748046917849764,0.7107897101516696,0.7859056935002176,0.7365888800124161,0.7563700423131999,0.7659772335530564,0.7303925733673715,0.7648445346240522,0.054518388404661944,0.7763908997010085,0.7654303939848627,0.7555135366983408,1.0,0.7698273232612057,0.5470591247653307,0.772935929085803,0.7306758759616812,0.7780512854000354,0.7822134545583453,0.7434849229080642,0.7370148807826988,0.7365113067895923,0.7650244520178636,0.763793007782981,0.7365369896327202,0.7619004673575176
0.7742025832432047,0.8079499572935906,0.7543786082812922,0.7463512344657581,0.7981607450687872,0.8048288563296726,0.777327783936046,0.7649837034270264,0.7739356224827071,0.7545540479166033,0.8176862103520348,0.75651974273193,0.8201432990706747,0.7549265870082482,0.7440371592601472,0.7809403218727982,0.7870126727792126,0.8145621995832271,0.7805500111979218,0.7813115187553902,0.8123739630801473,0.8112905155220862,0.8225236651209562,0.7764112715551461,0.7681218585541837,0.7297536000249769,0.8403807119692555,0.7607172518331192,0.7633938905731872,0.7785386213563203,0.7420039628338688,0.8037770861164457,0.05408880710497599,0.8153139779050085,0.788181651569256,0.7615418497402728,0.7698273232612057,1.0,0.5572726045735932,0.8310017611334419,0.7483791364296972,0.8058570904892339,0.854782461906768,0.7705077985407933,0.7647980350291903,0.753932739037884,0.8052798498897341,0.80534565762564,0.7578161721695764,0.7660367247505984
0.5868272172345071,0.5567122772880723,0.5541924110847982,0.5837822398901276,0.5479941503500244,0.5663439873888859,0.5500542667974828,0.5832054930324958,0.5559364048755759,0.5870965478699195,0.5486246533717642,0.5972678646168873,0.5528543104764337,0.5785474765017934,0.578331773131406,0.5503562278378444,0.5584792731215442,0.5643854993289101,0.5489952589098455,0.5517299011442393,0.5540204648479552,0.5496364646482994,0.5616689164663653,0.5463087515583487,0.5416491198199802,0.5294281726577413,0.5590552140199413,0.5798829728215149,0.574949433078115,0.5602850708284226,0.5877482135529027,0.5565005851793524,0.041802093008771135,0.5648730443750247,0.5541243553596469,0.6057197914094345,0.5470591247653307,0.5572726045735932,1.0,0.5583786672016551,0.573463478165344,0.5656846639580908,0.557978858394941,0.5817785881913102,0.5854715667494363,0.5551224873771914,0.5577901041907182,0.5572802198959336,0.5804129430001533,0.570068783299226
