../ecoli_genomes/GCF_000163235.1_ASM16323v1_genomic.fna.gz,../ecoli_genomes/GCF_000164555.1_ASM16455v1_genomic.fna.gz,../ecoli_genomes/GCF_000208545.1_ASM20854v2_genomic.fna.gz,../ecoli_genomes/GCF_000233875.1_ASM23387v1_genomic.fna.gz,../ecoli_genomes/GCF_000249735.1_ASM24973v2_genomic.fna.gz,../ecoli_genomes/GCF_000261145.1_Esch_coli_M919_V2_genomic.fna.gz,../ecoli_genomes/GCF_000267705.2_ASM26770v2_genomic.fna.gz,../ecoli_genomes/GCF_000350665.1_Esch_coli_KTE5_V1_genomic.fna.gz,../ecoli_genomes/GCF_000351625.1_Esch_coli_KTE66_V1_genomic.fna.gz,../ecoli_genomes/GCF_000352285.1_Esch_coli_KTE46_V1_genomic.fna.gz,../ecoli_genomes/GCF_000358895.1_ASM35889v1_genomic.fna.gz,../ecoli_genomes/GCF_000456385.1_Esch_coli_HVH_26_4-5703913_V1_genomic.fna.gz,../ecoli_genomes/GCF_000458195.1_Esch_coli_HVH_147_4-5893887_V1_genomic.fna.gz,../ecoli_genomes/GCF_000459755.1_Esch_coli_KOEGE_58_171a_V1_genomic.fna.gz,../ecoli_genomes/GCF_000460055.1_Esch_coli_UMEA_3053-1_V1_genomic.fna.gz,../ecoli_genomes/GCF_000462165.2_ASM46216v2_genomic.fna.gz,../ecoli_genomes/GCF_000601135.1_ASM60113v1_genomic.fna.gz,../ecoli_genomes/GCF_000614595.1_Ec2010EL1058_genomic.fna.gz,../ecoli_genomes/GCF_000617745.1_Ec2010C-4529_genomic.fna.gz,../ecoli_genomes/GCF_000618265.2_EcF6751_genomic.fna.gz,../ecoli_genomes/GCF_000619005.2_Ec2009C-4052_genomic.fna.gz,../ecoli_genomes/GCF_000619105.1_Ec2009C-4780_genomic.fna.gz,../ecoli_genomes/GCF_000619765.2_Ec2009C-3279_genomic.fna.gz,../ecoli_genomes/GCF_000687005.1_ASM68700v1_genomic.fna.gz,../ecoli_genomes/GCF_000687025.1_ASM68702v1_genomic.fna.gz,../ecoli_genomes/GCF_000700125.1_ASM70012v1_genomic.fna.gz,../ecoli_genomes/GCF_000753315.1_FHI35_genomic.fna.gz,../ecoli_genomes/GCF_000776375.1_ASM77637v1_genomic.fna.gz,../ecoli_genomes/GCF_000779395.1_ASM77939v1_genomic.fna.gz,../ecoli_genomes/GCF_000780315.1_ASM78031v1_genomic.fna.gz,../ecoli_genomes/GCF_000781995.1_ASM78199v1_genomic.fna.gz,../ecoli_genomes/GCF_000986765.1_ASM98676v1_genomic.fna.gz,../ecoli_genomes/GCF_001041375.1_ViralProj287958_genomic.fna.gz,../ecoli_genomes/GCF_001265335.1_302014_genomic.fna.gz,../ecoli_genomes/GCF_001265625.1_100854_genomic.fna.gz,../ecoli_genomes/GCF_001267345.1_303289_genomic.fna.gz,../ecoli_genomes/GCF_001309985.1_ASM130998v1_genomic.fna.gz,../ecoli_genomes/GCF_001521695.1_ASM152169v1_genomic.fna.gz,../ecoli_genomes/GCF_001592595.1_ASM159259v1_genomic.fna.gz,../ecoli_genomes/GCF_001614975.1_ASM161497v1_genomic.fna.gz,../ecoli_genomes/GCF_001692775.1_ASM169277v1_genomic.fna.gz,../ecoli_genomes/GCF_001748915.1_ASM174891v1_genomic.fna.gz,../ecoli_genomes/GCF_001749235.1_ASM174923v1_genomic.fna.gz,../ecoli_genomes/GCF_001881155.1_ASM188115v1_genomic.fna.gz,../ecoli_genomes/GCF_001881345.1_ASM188134v1_genomic.fna.gz,../ecoli_genomes/GCF_001892405.1_ASM189240v1_genomic.fna.gz,../ecoli_genomes/GCF_001892585.1_ASM189258v1_genomic.fna.gz,../ecoli_genomes/GCF_001893985.1_ASM189398v1_genomic.fna.gz,../ecoli_genomes/GCF_002001595.1_ASM200159v1_genomic.fna.gz,../ecoli_genomes/GCF_002002145.1_ASM200214v1_genomic.fna.gz
1.0,0.7886890332288437,0.767329877428742,0.7700651951849055,0.7749058670054787,0.7800922388016263,0.7691978169860122,0.7787872251654012,0.7964056993341937,0.7757821314535831,0.7799670064803693,0.7834765356481197,0.7770101413697585,0.7705493659500692,0.7633692707431792,0.7703136705334177,0.7341044067325455,0.7712838286912614,0.7451130869797127,0.7724588433159059,0.7715228505476065,0.7632161022430068,0.7771393219468657,0.7626226896586966,0.7370890638271398,0.7177910760348325,0.7789784056158879,0.7723809692118098,0.7889345549881551,0.798648519971566,0.7554018056427545,0.7709675211461091,0.04386049132391168,0.7719890863429858,0.7633165184709155,0.7548793515177266,0.7627600612594972,0.7781947796597444,0.6327292886403932,0.7715012707502638,0.7616796996004774,0.7722586377619989,0.7771429725233854,0.7802934975827152,0.7824627360604588,0.776106480515639,0.776839144053924,0.7761506757158151,0.770714226346072,0.7932970646303903
0.7886890332288437,1.0,0.7712748273511983,0.7677122868852729,0.805792897257186,0.8358022064914071,0.7934981237626949,0.7744193566185162,0.7764274099050847,0.7840157783422201,0.8148960075605132,0.7774104357702251,0.8103677212092341,0.7689101352094629,0.7584628695412533,0.7909748364340212,0.7376662977597724,0.8103798325289453,0.7759331073359578,0.7957587961653823,0.8154915003806773,0.7977414199176136,0.8116033265584958,0.7906267495939675,0.76134842641833,0.7353830162806556,0.8158826795988352,0.7757146173431244,0.7834956203086032,0.7912984375968365,0.759061547493713,0.796876226388104,0.045480324785053594,0.8032701719540648,0.8272945228825275,0.7580598397708302,0.7846714859403575,0.8114103610638843,0.6175156145985754,0.8130386766297566,0.7665641612620433,0.8190666203330845,0.8187746194242758,0.7824325073834519,0.7808752293516119,0.7785259440719867,0.8255674173045029,0.8254677316008492,0.7723128890533529,0.7821436492058191
0.767329877428742,0.7712748273511983,1.0,0.7536762047283411,0.7571281976180486,0.7565285941503807,0.7486277672855397,0.7573355862530009,0.7703810156075651,0.754715258783413,0.7608461210467689,0.7523011449900703,0.7641462353424169,0.754479366223703,0.7518330019261028,0.7507324877793858,0.6927048878415596,0.758611344282124,0.7265437812470696,0.7535935542300167,0.7727500113401822,0.7511719125593656,0.762293847219235,0.727961571418632,0.697940381395005,0.6878064736588088,0.7694525541374351,0.760751487870543,0.7610997768612646,0.7781009448091547,0.7444071053053105,0.7507308903054932,0.048664901935016824,0.763336856352402,0.7510951840731943,0.7458498035299794,0.7463250250782177,0.7567772689424698,0.6109120572743971,0.7636624766157363,0.7451619160968415,0.7540225984568534,0.774105135166455,0.7631974299820495,0.7585865686512743,0.7560023649530576,0.7615825500300872,0.7608035322956594,0.7523541940132248,0.7664820582287618
0.7700651951849055,0.7677122868852729,0.7536762047283411,1.0,0.7664040573098296,0.7610808706375233,0.7577013718217391,0.8219707131287421,0.766840794723507,0.8365052947145402,0.7584306993117257,0.8329575360929995,0.7671508701462078,0.8452409041049818,0.8497748086692215,0.7681842205991363,0.7088848262941803,0.7563290404530759,0.7279973601460381,0.7619710606679709,0.7593123176770349,0.7474378802734316,0.7613407560864738,0.7399668822921281,0.714469212856703,0.7026102690975529,0.759210131743369,0.8309880706338115,0.7687713821593388,0.7757807816926565,0.8253300047489392,0.7590834251037432,0.04776057755281471,0.7532233215839146,0.742722251157772,0.7845474897007892,0.7574533857627542,0.7540497645481684,0.6474142831434784,0.7509771795434697,0.8433598949849233,0.7563170939362137,0.7587260372664257,0.8380487750086845,0.8344704783469419,0.7687879217819515,0.7623018115355558,0.7616043145104952,0.8114033853356943,0.7757891165468184
0.7749058670054787,0.805792897257186,0.7571281976180486,0.7664040573098296,1.0,0.8107868816391348,0.7766522447657183,0.7723499822575347,0.779595874622347,0.7727567585068511,0.8218771977683275,0.7679426654716011,0.8225607352903559,0.7630036245354177,0.7632277016280707,0.7942900377251021,0.7402173719770135,0.7952092065202923,0.7650910629840671,0.7798813702558788,0.8082239392693327,0.7910144142155138,0.8008802742097758,0.7796557058077289,0.7505512494847207,0.7394925322108934,0.8054717554258735,0.7593929328043838,0.7696410552527311,0.7970692078479601,0.7564473889810187,0.8113223959673239,0.04416117230180183,0.8028180426295354,0.7935976969525536,0.7452131055727729,0.7771594343702253,0.7994209783569486,0.6176158409879361,0.8096991817560456,0.7645139869197599,0.7956175172815559,0.8161151899476422,0.7686025498736246,0.7707705763799438,0.7600240130661866,0.8112118129439954,0.8108255339962118,0.755291743718736,0.7686004031810685
0.7800922388016263,0.8358022064914071,0.7565285941503807,0.7610808706375233,0.8107868816391348,1.0,0.7930579100084029,0.7748246431872606,0.7768146143174146,0.7674737982582749,0.8078658517056216,0.76667760512497,0.8066676871480969,0.7633422091365683,0.7547467470785258,0.7912323198515958,0.7494904224772632,0.8095690409200418,0.7800082413718231,0.7945534230072582,0.8080604500384939,0.7977152488207514,0.8129379955279719,0.7936678037953113,0.7678725915280329,0.7451408243459823,0.8079829559986409,0.7662042145627133,0.7788043053380106,0.7760797356733847,0.7508012629275452,0.8009444484538015,0.04521351365410786,0.8101102570498779,0.8226285095935174,0.7568369683005043,0.7849552751856459,0.7999872154897223,0.6241966653770015,0.8076796074153485,0.7553053915976886,0.8204045397128054,0.8105411584938016,0.7745685418088044,0.7745214426155194,0.7735982380854092,0.8196249788264575,0.8195275968539016,0.7622643614569321,0.7801290354386525
0.7691978169860122,0.7934981237626949,0.7486277672855397,0.7577013718217391,0.7766522447657183,0.7930579100084029,1.0,0.7642369629513528,0.7679751267392638,0.7639755823769616,0.7830127673129659,0.7630338305366925,0.786899734047485,0.7552580328931934,0.7529047573465337,0.9026900074683472,0.708833529001611,0.8037384263317109,0.7735385709189844,0.947606045256369,0.8087602114830224,0.7892834662795528,0.8015800843235985,0.7466257419058597,0.7240485266411802,0.7155106016262301,0.796920603180584,0.7637599127632799,0.7696253516420943,0.7754333025161586,0.7494137098820824,0.7714771547882738,0.041555382183569356,0.7834075566477696,0.7826480401557268,0.7581773414751074,0.9208016012410052,0.7786570955895848,0.6155173821778003,0.7865497763108854,0.754385089414458,0.7874322308102273,0.7939147866711438,0.7702655388992043,0.7698161269585144,0.7686597057542843,0.7832216587418348,0.7837037217701628,0.7616164225376955,0.7717338069865398
0.7787872251654012,0.7744193566185162,0.7573355862530009,0.8219707131287421,0.7723499822575347,0.7748246431872606,0.7642369629513528,1.0,0.7709579810461228,0.8346751217547899,0.7687534051848703,0.8230264149836222,0.775746621624862,0.8216603216823666,0.8152448825633287,0.7694941788109824,0.7105589453689223,0.7642990853317367,0.7396209452376973,0.767065808321761,0.7689240839142625,0.7559098460966446,0.767189289922446,0.7492313289671566,0.7219280530070246,0.7067786366930086,0.7692350282973528,0.8742703201277137,0.7809618707303955,0.7814128893106321,0.809879377780031,0.761771120844881,0.04477479187298605,0.7643102949737222,0.7522710058855009,0.7886457002218793,0.7602286539830434,0.7673418482556738,0.6496870204860427,0.7608508528329998,0.8207840052235864,0.7637045922395458,0.7676398441671457,0.8847630550881173,0.8759975094921609,0.7731814944163947,0.7667745103371468,0.7670196401455475,0.8141575109789151,0.7842552360788259
0.7964056993341937,0.7764274099050847,0.7703810156075651,0.766840794723507,0.779595874622347,0.7768146143174146,0.7679751267392638,0.7709579810461228,1.0,0.7763370418824351,0.7765990948342876,0.7744311558947916,0.7825269727934885,0.7695087639513923,0.7662864350646593,0.7762706436951958,0.7050648282595383,0.7694543179211982,0.7419120717605255,0.7731511903099637,0.7793830918029955,0.7611307302201442,0.7778009808567933,0.7503914946044978,0.7166537788736744,0.7089278747902561,0.7855686523504948,0.7634532013999173,0.7838855751233837,0.8149255245943503,0.7605847195588847,0.7669370236890689,0.04240409645018317,0.7720981680486999,0.7639666037818358,0.7567990226346006,0.7634646273963753,0.7660022778630047,0.6164321366788268,0.7772840581219689,0.7640624736820427,0.7699500854195608,0.7860845429256141,0.7730672359794959,0.7692724822583012,0.7857838345874011,0.7749160083076432,0.7743838900597975,0.7703462245673502,0.7932113906639482
0.7757821314535831,0.7840157783422201,0.754715258783413,0.8365052947145402,0.7727567585068511,0.7674737982582749,0.7639755823769616,0.8346751217547899,0.7763370418824351,1.0,0.7734120590033141,0.8266986639384982,0.7803513621997091,0.8360196032808982,0.8267302097883102,0.7709266587701604,0.6988252347062965,0.7618863820122155,0.735707012307983,0.7682729992062182,0.7686993189854424,0.7553107053831867,0.7673798855956776,0.7406392644577968,0.7093887816744342,0.7040020757428934,0.7706572760356256,0.8333771084985507,0.7774989087639672,0.7872678227030689,0.829803642860729,0.7584470034195221,0.04573442906256597,0.7602314418437975,0.7546490014432913,0.7966349649890128,0.7614624861065785,0.7629715437626216,0.6459288494181308,0.7651783964696754,0.8449150120571198,0.7643030791901602,0.7727702736140757,0.8414414668351425,0.8394230135531481,0.7746889929013845,0.7685435286514566,0.7682571697019207,0.8289424283374638,0.7788370414716079
0.7799670064803693,0.8148960075605132,0.7608461210467689,0.7584306993117257,0.8218771977683275,0.8078658517056216,0.7830127673129659,0.7687534051848703,0.7765990948342876,0.7734120590033141,1.0,0.7604157936176856,0.8362503493993545,0.7645794720053299,0.7538173412571352,0.7877017798406802,0.7216618745272642,0.8172040575864628,0.7874451320374916,0.7865386235168403,0.817883550196759,0.8140193691611561,0.8145319315002256,0.7748758180335683,0.7326608727045407,0.7278005085267566,0.823403223984887,0.7720443735754416,0.764691586764219,0.7926534241055014,0.7504371967576824,0.7989194723862331,0.04355550345511339,0.8118463610464881,0.8069936126937227,0.7560942661156562,0.7788321366803096,0.8088953773440051,0.6220265928930758,0.8315201050959928,0.755354182458951,0.81175456455942,0.8294575261563664,0.7740580359456186,0.7728703863735513,0.7641056562014344,0.8141197126898715,0.8134352993797889,0.7661539911690723,0.768090289960993
0.7834765356481197,0.7774104357702251,0.7523011449900703,0.8329575360929995,0.7679426654716011,0.76667760512497,0.7630338305366925,0.8230264149836222,0.7744311558947916,0.8266986639384982,0.7604157936176856,1.0,0.7644272106998842,0.8307519746523037,0.8542268371371058,0.7689545432941177,0.7177887501298246,0.7545861499916144,0.7319143093628182,0.7659967073708109,0.763256474241794,0.7484711096917072,0.7589293823992463,0.7484514452161463,0.7216657964360094,0.7079554469620124,0.7671428566304361,0.8260323278078158,0.7813761546452518,0.77657517487546,0.804022844312942,0.7619505262603464,0.04495735299731363,0.7628900559579017,0.7501522216476822,0.7826753784993119,0.7575037384962898,0.7629924285441577,0.6444568598769989,0.7594694913653947,0.8173828202032328,0.7594534025302663,0.7634655502984443,0.832753250234756,0.8329186628827709,0.773045778197062,0.768309334440113,0.7679244119952386,0.8123121054661826,0.7830028786583332
0.7770101413697585,0.8103677212092341,0.7641462353424169,0.7671508701462078,0.8225607352903559,0.8066676871480969,0.786899734047485,0.775746621624862,0.7825269727934885,0.7803513621997091,0.8362503493993545,0.7644272106998842,1.0,0.7695800970185908,0.7636007135420715,0.7995325911933042,0.7215121302973406,0.8292067266154143,0.819128827676274,0.791352649826576,0.8360419176879612,0.8444593259912538,0.8413916358427951,0.7706250699270815,0.7301338048308864,0.7290145502510469,0.839549838757103,0.7722143198986136,0.7724477787438683,0.790197227313531,0.7593863104130357,0.8225410962311639,0.03984693033242681,0.8340844192580792,0.801499930558002,0.7589260342290333,0.7866120876296239,0.8161891242956684,0.6190441160250986,0.841957118689513,0.763848125026813,0.8057409182657301,0.8417894786512179,0.7763331698671277,0.7725267458822813,0.7689074704956449,0.8103133927168933,0.8103418611407797,0.7663991999400046,0.7769847157803675
0.7705493659500692,0.7689101352094629,0.754479366223703,0.8452409041049818,0.7630036245354177,0.7633422091365683,0.7552580328931934,0.8216603216823666,0.7695087639513923,0.8360196032808982,0.7645794720053299,0.8307519746523037,0.7695800970185908,1.0,0.8450807499664179,0.7603598255591292,0.6986673322744137,0.7561558858003294,0.730952372858964,0.7597368732429155,0.7626250477157474,0.7519294383322369,0.7626344511461571,0.73622450737047,0.7053459390704837,0.6961230050983018,0.7710368679382016,0.8365432262949597,0.7715141449682534,0.7717776998170791,0.8211831693684333,0.7612014584417631,0.04383632398076909,0.7565747053839633,0.7435916311986865,0.7846195502068986,0.7518788209837259,0.7621842718145577,0.6372672540227965,0.7567058132494389,0.8344859488746512,0.7560442913140781,0.7660613288436433,0.8372491836352483,0.8329092392850235,0.7711083543862323,0.7641263567639976,0.7638518989699061,0.8118660273686641,0.7834980028957801
0.7633692707431792,0.7584628695412533,0.7518330019261028,0.8497748086692215,0.7632277016280707,0.7547467470785258,0.7529047573465337,0.8152448825633287,0.7662864350646593,0.8267302097883102,0.7538173412571352,0.8542268371371058,0.7636007135420715,0.8450807499664179,1.0,0.7626447595176467,0.6937630015723222,0.7457145748084596,0.721967113340775,0.757115228612022,0.7578403226401479,0.743618517273746,0.7551475294131768,0.7295885447366257,0.7009751123425451,0.6985550659586353,0.7592734269823749,0.8207678967571065,0.7681227767577424,0.7733409443746071,0.8212160508125637,0.753556206507842,0.046780386803184526,0.7497995236482664,0.7414299796416249,0.7809081694961906,0.7509317812017781,0.7551653057200445,0.638285959002166,0.750936333573062,0.8352644969293119,0.7474956995056508,0.7567501507319828,0.82231574994606,0.8181845411967777,0.7665129675664307,0.7602363381310195,0.7598893822525877,0.8091669003683362,0.7823852247036467
0.7703136705334177,0.7909748364340212,0.7507324877793858,0.7681842205991363,0.7942900377251021,0.7912323198515958,0.9026900074683472,0.7694941788109824,0.7762706436951958,0.7709266587701604,0.7877017798406802,0.7689545432941177,0.7995325911933042,0.7603598255591292,0.7626447595176467,1.0,0.71433284267527,0.7966007626879009,0.7757778991551343,0.9104224061706168,0.8074645772392723,0.7934102074137124,0.7996743222918875,0.7565911719271787,0.7301060183426908,0.7250030103859477,0.792105046947814,0.7641240227978103,0.7701240661661841,0.7855218154510716,0.7580628577365044,0.7779013960779492,0.04245046155607235,0.7852248671614619,0.784195849767479,0.7588217962813619,0.9013948458510483,0.7801832577490688,0.6140727410907301,0.7880313306976768,0.7663235106905182,0.7845192293036203,0.7954255622800261,0.7716672476208981,0.7714933096494025,0.7667969791497784,0.7868307963052172,0.7871486996910716,0.7659393864527941,0.7725726697107491
0.7341044067325455,0.7376662977597724,0.6927048878415596,0.7088848262941803,0.7402173719770135,0.7494904224772632,0.708833529001611,0.7105589453689223,0.7050648282595383,0.6988252347062965,0.7216618745272642,0.7177887501298246,0.7215121302973406,0.6986673322744137,0.6937630015723222,0.71433284267527,1.0,0.723247740119084,0.7031492654820408,0.710509724224641,0.7195059332710936,0.7187625780960959,0.7246729339622894,0.7978569550967907,0.8122059707507687,0.7395145127138711,0.721863531261131,0.7008204313816938,0.7014952194188431,0.716617697974224,0.6883064026044333,0.761313253648209,0.045654300192824016,0.7367556870617199,0.7294090588565931,0.6845422859545653,0.7071838914304422,0.7237904915039228,0.5805609972710812,0.7261432370314287,0.6980855296396391,0.7376912676872351,0.7245735638497666,0.7181519746942078,0.7221020874428296,0.7076094998206305,0.7493923690836636,0.7473581525792059,0.6937619624205749,0.7101273667935413
0.7712838286912614,0.8103798325289453,0.758611344282124,0.7563290404530759,0.7952092065202923,0.8095690409200418,0.8037384263317109,0.7642990853317367,0.7694543179211982,0.7618863820122155,0.8172040575864628,0.7545861499916144,0.8292067266154143,0.7561558858003294,0.7457145748084596,0.7966007626879009,0.723247740119084,1.0,0.810730549714293,0.8075045306967532,0.8431738312430963,0.8304157587739072,0.8428313071609896,0.7587910299406122,0.7316478191080955,0.7205912703640733,0.8262039796783156,0.7659274396291684,0.7702797752146913,0.7779006024256612,0.7509496304233011,0.7989494867240114,0.041195766647853294,0.8216869658790498,0.7957018151996751,0.760215355454509,0.7943103607360291,0.797449795909747,0.618588884185574,0.8250378588095975,0.7545231174838289,0.8104161617572555,0.8230232649966469,0.7686972486782895,0.7669084112259433,0.7608503114631364,0.8088543987772481,0.8081620773026981,0.7535543515359421,0.7717694250186184
0.7451130869797127,0.7759331073359578,0.7265437812470696,0.7279973601460381,0.7650910629840671,0.7800082413718231,0.7735385709189844,0.7396209452376973,0.7419120717605255,0.735707012307983,0.7874451320374916,0.7319143093628182,0.819128827676274,0.730952372858964,0.721967113340775,0.7757778991551343,0.7031492654820408,0.810730549714293,1.0,0.7759144877717244,0.8021147765183902,0.8198301826940294,0.8057570736123657,0.7344514560457615,0.7106448770284247,0.6986353659761839,0.7909556320888286,0.7382741438590676,0.7471649705497196,0.7467946159643004,0.7187376472986672,0.7857319166708758,0.039872582707368376,0.7892202853616632,0.7727693939394036,0.7327041147531619,0.7676056840446734,0.7689147707427796,0.6015864888257628,0.7839404911447263,0.7222524574264197,0.7730282999603255,0.7922500886052508,0.7430166586108864,0.7400349134654287,0.7345247906310568,0.7711525021589849,0.7707449406133893,0.7289966491515107,0.7448365520163259
0.7724588433159059,0.7957587961653823,0.7535935542300167,0.7619710606679709,0.7798813702558788,0.7945534230072582,0.947606045256369,0.767065808321761,0.7731511903099637,0.7682729992062182,0.7865386235168403,0.7659967073708109,0.791352649826576,0.7597368732429155,0.757115228612022,0.9104224061706168,0.710509724224641,0.8075045306967532,0.7759144877717244,1.0,0.8125144157812866,0.7929443344678049,0.8048670665619415,0.7488314369462772,0.7263375090640103,0.7164108567450282,0.7996041630761841,0.7683002766049682,0.7734835994922851,0.7812673825362668,0.7548419017013102,0.7747354168862777,0.03922492935678601,0.7857344817150766,0.7827775679097887,0.7609574246898961,0.9240527345934532,0.780921892392004,0.6152955613568671,0.7915219746687713,0.7601189295225329,0.7895951439797316,0.7984516141038838,0.7735953040318018,0.7727290931106443,0.7732091036022964,0.787168701684673,0.7878303378627947,0.7645992924547254,0.7772967226742049
0.7715228505476065,0.8154915003806773,0.7727500113401822,0.7593123176770349,0.8082239392693327,0.8080604500384939,0.8087602114830224,0.7689240839142625,0.7793830918029955,0.7686993189854424,0.817883550196759,0.763256474241794,0.8360419176879612,0.7626250477157474,0.7578403226401479,0.8074645772392723,0.7195059332710936,0.8431738312430963,0.8021147765183902,0.8125144157812866,1.0,0.831225893464318,0.8430295444577917,0.7652997999440556,0.7341981285322072,0.7229078834365598,0.8318080996877848,0.7682538584311043,0.7768768093723482,0.7865306917412141,0.7557011412416664,0.8138365651287511,0.04368121245714296,0.8284505751161106,0.8052165363404478,0.760259594160273,0.8030998073788529,0.8058834328385973,0.6155675840957137,0.8296317143960072,0.7591670441924641,0.7988860126205497,0.8306764329936503,0.7732445704706737,0.7689227846288872,0.7750905832052015,0.8112009416929498,0.811201652412781,0.7607186179089445,0.7805974756691865
0.7632161022430068,0.7977414199176136,0.7511719125593656,0.7474378802734316,0.7910144142155138,0.7977152488207514,0.7892834662795528,0.7559098460966446,0.7611307302201442,0.7553107053831867,0.8140193691611561,0.7484711096917072,0.8444593259912538,0.7519294383322369,0.743618517273746,0.7934102074137124,0.7187625780960959,0.8304157587739072,0.8198301826940294,0.7929443344678049,0.831225893464318,1.0,0.8839888000199256,0.7535339353377113,0.726892047093221,0.7166256248484573,0.82232667338021,0.7542535349648992,0.7642430819534464,0.7698740661896062,0.7424068023044541,0.8048035700555746,0.0435206698615761,0.8565289329958854,0.7945599356713001,0.7511173297599923,0.785629829623531,0.8021344060239368,0.6136215963889138,0.8236740518082183,0.7454508764697727,0.7904452238446751,0.8277435222694317,0.7599353733493164,0.7558865133929413,0.7543770564896375,0.7981772574470221,0.797963274196865,0.750815942222429,0.7693529105401489
0.7771393219468657,0.8116033265584958,0.762293847219235,0.7613407560864738,0.8008802742097758,0.8129379955279719,0.8015800843235985,0.767189289922446,0.7778009808567933,0.7673798855956776,0.8145319315002256,0.7589293823992463,0.8413916358427951,0.7626344511461571,0.7551475294131768,0.7996743222918875,0.7246729339622894,0.8428313071609896,0.8057570736123657,0.8048670665619415,0.8430295444577917,0.8839888000199256,1.0,0.7588007853661018,0.7341895164551999,0.7221894257074717,0.8414982149758052,0.7677776603907935,0.7764973972791631,0.7818504958204026,0.7568875634713269,0.8156242328697509,0.03905790450543456,0.8615883391624802,0.7984881755066349,0.7654871663899963,0.7967610669480059,0.8164219685076513,0.6226156306726465,0.8316623812296513,0.7587558361654705,0.7999811072845245,0.8389793042237534,0.7717080777611424,0.7677090790990375,0.7693886852064254,0.8038519363292485,0.804008510541174,0.762124176178703,0.7794560837101108
0.7626226896586966,0.7906267495939675,0.727961571418632,0.7399668822921281,0.7796557058077289,0.7936678037953113,0.7466257419058597,0.7492313289671566,0.7503914946044978,0.7406392644577968,0.7748758180335683,0.7484514452161463,0.7706250699270815,0.73622450737047,0.7295885447366257,0.7565911719271787,0.7978569550967907,0.7587910299406122,0.7344514560457615,0.7488314369462772,0.7652997999440556,0.7535339353377113,0.7588007853661018,1.0,0.8166821510588733,0.7501692809161578,0.7622174793966379,0.7339867937651584,0.7377456121956536,0.7548897665700084,0.7275156941488099,0.7821165228617819,0.04625681015239291,0.7632698133540736,0.792192607043056,0.7237153470252098,0.7457430134213963,0.7618231788366787,0.6016992461021866,0.7711821201385056,0.7392905582000175,0.7735916820600632,0.7633031389690388,0.7505711516534249,0.7518074387208051,0.7412018233670342,0.7766784316158541,0.7757014938595528,0.7301995381040819,0.7471967614630967
0.7370890638271398,0.76134842641833,0.697940381395005,0.714469212856703,0.7505512494847207,0.7678725915280329,0.7240485266411802,0.7219280530070246,0.7166537788736744,0.7093887816744342,0.7326608727045407,0.7216657964360094,0.7301338048308864,0.7053459390704837,0.7009751123425451,0.7301060183426908,0.8122059707507687,0.7316478191080955,0.7106448770284247,0.7263375090640103,0.7341981285322072,0.726892047093221,0.7341895164551999,0.8166821510588733,1.0,0.7408503885251286,0.7317187128820473,0.7099954071129091,0.7144833556433368,0.7234056070392059,0.6995994178053835,0.7724840493943855,0.043203348861012736,0.7379566129264807,0.7557176127445365,0.694921379800642,0.7232094168717722,0.7403924169722834,0.5880880100721264,0.7405263000775537,0.7083181698834936,0.7464117662710587,0.7360497619346458,0.7290523402292941,0.7281210422178408,0.7222823038070851,0.755128821575043,0.753797823868122,0.7069095387407147,0.724059902371369
0.7177910760348325,0.7353830162806556,0.6878064736588088,0.7026102690975529,0.7394925322108934,0.7451408243459823,0.7155106016262301,0.7067786366930086,0.7089278747902561,0.7040020757428934,0.7278005085267566,0.7079554469620124,0.7290145502510469,0.6961230050983018,0.6985550659586353,0.7250030103859477,0.7395145127138711,0.7205912703640733,0.6986353659761839,0.7164108567450282,0.7229078834365598,0.7166256248484573,0.7221894257074717,0.7501692809161578,0.7408503885251286,1.0,0.7194302063215958,0.6960509805861896,0.7003413020340427,0.7175088241703671,0.6887203022036309,0.7330358842770208,0.04490450810024216,0.7294522950294091,0.7347731473263439,0.687415278845132,0.7146251106408428,0.7389103178706072,0.5781173055012937,0.7284739798891182,0.6939627346548581,0.7349634873534969,0.7254971865597657,0.7133418175284281,0.7125205652055009,0.7024706282250812,0.7478308984951921,0.7533446490070483,0.694145693076708,0.7074306528357716
0.7789784056158879,0.8158826795988352,0.7694525541374351,0.759210131743369,0.8054717554258735,0.8079829559986409,0.796920603180584,0.7692350282973528,0.7855686523504948,0.7706572760356256,0.823403223984887,0.7671428566304361,0.839549838757103,0.7710368679382016,0.7592734269823749,0.792105046947814,0.721863531261131,0.8262039796783156,0.7909556320888286,0.7996041630761841,0.8318080996877848,0.82232667338021,0.8414982149758052,0.7622174793966379,0.7317187128820473,0.7194302063215958,1.0,0.7685260353357372,0.7779423127916004,0.7894915574112621,0.7559784654575524,0.8144419567480653,0.03937682510094076,0.8241830443050985,0.8021178584175535,0.7632663344445633,0.7864031595428541,0.8335126742916897,0.6175399880620656,0.8409126786854686,0.759576715799549,0.803373738651207,0.860728844531671,0.7736324145930756,0.7691504234087986,0.7735685308375796,0.812917524139782,0.812237402571231,0.7637705061008986,0.7836103101364099
0.7723809692118098,0.7757146173431244,0.760751487870543,0.8309880706338115,0.7593929328043838,0.7662042145627133,0.7637599127632799,0.8742703201277137,0.7634532013999173,0.8333771084985507,0.7720443735754416,0.8260323278078158,0.7722143198986136,0.8365432262949597,0.8207678967571065,0.7641240227978103,0.7008204313816938,0.7659274396291684,0.7382741438590676,0.7683002766049682,0.7682538584311043,0.7542535349648992,0.7677776603907935,0.7339867937651584,0.7099954071129091,0.6960509805861896,0.7685260353357372,1.0,0.7806481600757696,0.778833684714034,0.8116556058522131,0.7575308307511488,0.042921389468091764,0.7604096154289866,0.7492752516755139,0.7867961933266209,0.7585876872700172,0.7629665826666169,0.643290249503816,0.7628158750760108,0.8199143076075138,0.7632801070036948,0.7655783843565857,0.9171368699397968,0.9048543741894165,0.7737736767476718,0.7707408876369835,0.7705773448517049,0.8210673559522672,0.7812287319833511
0.7889345549881551,0.7834956203086032,0.7610997768612646,0.7687713821593388,0.7696410552527311,0.7788043053380106,0.7696253516420943,0.7809618707303955,0.7838855751233837,0.7774989087639672,0.764691586764219,0.7813761546452518,0.7724477787438683,0.7715141449682534,0.7681227767577424,0.7701240661661841,0.7014952194188431,0.7702797752146913,0.7471649705497196,0.7734835994922851,0.7768768093723482,0.7642430819534464,0.7764973972791631,0.7377456121956536,0.7144833556433368,0.7003413020340427,0.7779423127916004,0.7806481600757696,1.0,0.785406002712936,0.7623305570390142,0.7641778946196559,0.042737028959991874,0.7700396380025456,0.7620784931953095,0.7655194980276208,0.7644156495390777,0.7677189366692123,0.6279787838834836,0.7677816842562413,0.765005697913877,0.7687715700664979,0.7780310217180293,0.7827018561197698,0.7842387495067219,0.7900443957975373,0.7729952960809148,0.7726481669007386,0.7668876412671953,0.8585409409070582
0.798648519971566,0.7912984375968365,0.7781009448091547,0.7757807816926565,0.7970692078479601,0.7760797356733847,0.7754333025161586,0.7814128893106321,0.8149255245943503,0.7872678227030689,0.7926534241055014,0.77657517487546,0.790197227313531,0.7717776998170791,0.7733409443746071,0.7855218154510716,0.716617697974224,0.7779006024256612,0.7467946159643004,0.7812673825362668,0.7865306917412141,0.7698740661896062,0.7818504958204026,0.7548897665700084,0.7234056070392059,0.7175088241703671,0.7894915574112621,0.778833684714034,0.785406002712936,1.0,0.7694195966318631,0.7726044489270282,0.04317374853746758,0.777535224168819,0.7725348768721373,0.7643729215185215,0.7752178072930751,0.7704062549196216,0.6160485791415244,0.7891821598588066,0.7729527588478615,0.7797406053986736,0.792110608261346,0.7827507372391078,0.7791477586754538,0.7907336231177947,0.7895807773936648,0.789177245305921,0.7770343322401208,0.7956663379547798
0.7554018056427545,0.759061547493713,0.7444071053053105,0.8253300047489392,0.7564473889810187,0.7508012629275452,0.7494137098820824,0.809879377780031,0.7605847195588847,0.829803642860729,0.7504371967576824,0.804022844312942,0.7593863104130357,0.8211831693684333,0.8212160508125637,0.7580628577365044,0.6883064026044333,0.7509496304233011,0.7187376472986672,0.7548419017013102,0.7557011412416664,0.7424068023044541,0.7568875634713269,0.7275156941488099,0.6995994178053835,0.6887203022036309,0.7559784654575524,0.8116556058522131,0.7623305570390142,0.7694195966318631,1.0,0.7453192171593399,0.040827399550779075,0.748726231637476,0.7364187268122486,0.7766596632163096,0.7482371213597521,0.7515426442868544,0.631703214264881,0.7517712318663616,0.8617245906943627,0.7468981949881739,0.7549296225011088,0.812807265166616,0.8107166686268372,0.7612670781103688,0.7588213352257759,0.7583352063122761,0.7937910439336449,0.7647873097876553
0.7709675211461091,0.796876226388104,0.7507308903054932,0.7590834251037432,0.8113223959673239,0.8009444484538015,0.7714771547882738,0.761771120844881,0.7669370236890689,0.7584470034195221,0.7989194723862331,0.7619505262603464,0.8225410962311639,0.7612014584417631,0.753556206507842,0.7779013960779492,0.761313253648209,0.7989494867240114,0.7857319166708758,0.7747354168862777,0.8138365651287511,0.8048035700555746,0.8156242328697509,0.7821165228617819,0.7724840493943855,0.7330358842770208,0.8144419567480653,0.7575308307511488,0.7641778946196559,0.7726044489270282,0.7453192171593399,1.0,0.04074259801535718,0.8131947342685719,0.7799448142894312,0.7401710186839034,0.7717516574014939,0.8005503264668944,0.6090890897819576,0.8145415865653329,0.745243189867259,0.7889034633630215,0.8159143498828043,0.7643615797413411,0.7629796613413431,0.7591321504124758,0.8031345515437508,0.802537759518309,0.7460565160703072,0.768116760016043
0.04386049132391168,0.045480324785053594,0.048664901935016824,0.04776057755281471,0.04416117230180183,0.04521351365410786,0.041555382183569356,0.04477479187298605,0.04240409645018317,0.04573442906256597,0.04355550345511339,0.04495735299731363,0.03984693033242681,0.04383632398076909,0.046780386803184526,0.04245046155607235,0.045654300192824016,0.041195766647853294,0.039872582707368376,0.03922492935678601,0.04368121245714296,0.0435206698615761,0.03905790450543456,0.04625681015239291,0.043203348861012736,0.04490450810024216,0.03937682510094076,0.042921389468091764,0.042737028959991874,0.04317374853746758,0.040827399550779075,0.04074259801535718,1.0,0.04451884507630133,0.0452475411169041,0.04556757757221308,0.040878811626917755,0.045895972619223624,0.0451490247822095,0.0418603785587901,0.04870571080234665,0.03985247394535607,0.04050566016615087,0.049119896209387504,0.0455844909257872,0.04048455622588287,0.048309211158894194,0.04816503640228986,0.04678863841211789,0.04682119459755141
0.7719890863429858,0.8032701719540648,0.763336856352402,0.7532233215839146,0.8028180426295354,0.8101102570498779,0.7834075566477696,0.7643102949737222,0.7720981680486999,0.7602314418437975,0.8118463610464881,0.7628900559579017,0.8340844192580792,0.7565747053839633,0.7497995236482664,0.7852248671614619,0.7367556870617199,0.8216869658790498,0.7892202853616632,0.7857344817150766,0.8284505751161106,0.8565289329958854,0.8615883391624802,0.7632698133540736,0.7379566129264807,0.7294522950294091,0.8241830443050985,0.7604096154289866,0.7700396380025456,0.777535224168819,0.748726231637476,0.8131947342685719,0.04451884507630133,1.0,0.7980723786803602,0.7625362621641192,0.7763088872512737,0.8089693011829358,0.6190975663692656,0.8285449598965504,0.7484993265256069,0.7946625310634909,0.8354653433453811,0.765431023619477,0.7628584137866683,0.7648525919686823,0.803878460481588,0.8044174068625605,0.7568693204731725,0.7731759933452502
0.7633165184709155,0.8272945228825275,0.7510951840731943,0.742722251157772,0.7935976969525536,0.8226285095935174,0.7826480401557268,0.7522710058855009,0.7639666037818358,0.7546490014432913,0.8069936126937227,0.7501522216476822,0.801499930558002,0.7435916311986865,0.7414299796416249,0.784195849767479,0.7294090588565931,0.7957018151996751,0.7727693939394036,0.7827775679097887,0.8052165363404478,0.7945599356713001,0.7984881755066349,0.792192607043056,0.7557176127445365,0.7347731473263439,0.8021178584175535,0.7492752516755139,0.7620784931953095,0.7725348768721373,0.7364187268122486,0.7799448142894312,0.0452475411169041,0.7980723786803602,1.0,0.7501650371881476,0.7745995220335914,0.7870839271504115,0.6165489639578339,0.8031893958022416,0.7449713370229785,0.8054158206139297,0.8083355682138373,0.7570419209197935,0.7552932760756405,0.7557720435305958,0.7999446931646333,0.7995082329228367,0.7494381657988942,0.7613812800753907
0.7548793515177266,0.7580598397708302,0.7458498035299794,0.7845474897007892,0.7452131055727729,0.7568369683005043,0.7581773414751074,0.7886457002218793,0.7567990226346006,0.7966349649890128,0.7560942661156562,0.7826753784993119,0.7589260342290333,0.7846195502068986,0.7809081694961906,0.7588217962813619,0.6845422859545653,0.760215355454509,0.7327041147531619,0.7609574246898961,0.760259594160273,0.7511173297599923,0.7654871663899963,0.7237153470252098,0.694921379800642,0.687415278845132,0.7632663344445633,0.7867961933266209,0.7655194980276208,0.7643729215185215,0.7766596632163096,0.7401710186839034,0.04556757757221308,0.7625362621641192,0.7501650371881476,1.0,0.7533870602328283,0.7473210285707704,0.6464433894744652,0.7499533246583887,0.7822126760117218,0.7486918797320621,0.759067306667924,0.7920796515740822,0.7908796111801413,0.7550360419257164,0.7513437556836751,0.7510482937686391,0.7902818657745836,0.7687376103418604
0.7627600612594972,0.7846714859403575,0.7463250250782177,0.7574533857627542,0.7771594343702253,0.7849552751856459,0.9208016012410052,0.7602286539830434,0.7634646273963753,0.7614624861065785,0.7788321366803096,0.7575037384962898,0.7866120876296239,0.7518788209837259,0.7509317812017781,0.9013948458510483,0.7071838914304422,0.7943103607360291,0.7676056840446734,0.9240527345934532,0.8030998073788529,0.785629829623531,0.7967610669480059,0.7457430134213963,0.7232094168717722,0.7146251106408428,0.7864031595428541,0.7585876872700172,0.7644156495390777,0.7752178072930751,0.7482371213597521,0.7717516574014939,0.040878811626917755,0.7763088872512737,0.7745995220335914,0.7533870602328283,1.0,0.7692621887392574,0.614178854738362,0.7798518323912019,0.7526420893110218,0.7788360426056732,0.7848052355406511,0.7638314694610662,0.7636443914980531,0.7613814841760925,0.776209308257874,0.7763399347847739,0.7551968828080686,0.7657416028046491
0.7781947796597444,0.8114103610638843,0.7567772689424698,0.7540497645481684,0.7994209783569486,0.7999872154897223,0.7786570955895848,0.7673418482556738,0.7660022778630047,0.7629715437626216,0.8088953773440051,0.7629924285441577,0.8161891242956684,0.7621842718145577,0.7551653057200445,0.7801832577490688,0.7237904915039228,0.797449795909747,0.7689147707427796,0.780921892392004,0.8058834328385973,0.8021344060239368,0.8164219685076513,0.7618231788366787,0.7403924169722834,0.7389103178706072,0.8335126742916897,0.7629665826666169,0.7677189366692123,0.7704062549196216,0.7515426442868544,0.8005503264668944,0.045895972619223624,0.8089693011829358,0.7870839271504115,0.7473210285707704,0.7692621887392574,1.0,0.6165558609703399,0.8232126557787018,0.7586946130044677,0.7898328787870201,0.8422616550547662,0.772885068198855,0.7676148751673011,0.7679674751743436,0.8070663107945923,0.8084042121543338,0.760444301290549,0.7731971082949721
0.6327292886403932,0.6175156145985754,0.6109120572743971,0.6474142831434784,0.6176158409879361,0.6241966653770015,0.6155173821778003,0.6496870204860427,0.6164321366788268,0.6459288494181308,0.6220265928930758,0.6444568598769989,0.6190441160250986,0.6372672540227965,0.638285959002166,0.6140727410907301,0.5805609972710812,0.618588884185574,0.6015864888257628,0.6152955613568671,0.6155675840957137,0.6136215963889138,0.6226156306726465,0.6016992461021866,0.5880880100721264,0.5781173055012937,0.6175399880620656,0.643290249503816,0.6279787838834836,0.6160485791415244,0.631703214264881,0.6090890897819576,0.0451490247822095,0.6190975663692656,0.6165489639578339,0.6464433894744652,0.614178854738362,0.6165558609703399,1.0,0.6110231166825908,0.6396710943992369,0.6199390138730911,0.6222188575641041,0.6549943905603179,0.6531380442080148,0.6108024647662438,0.6153073477699585,0.6146996120384283,0.6448151899111545,0.628707035786457
