../ecoli_genomes/GCF_000163235.1_ASM16323v1_genomic.fna.gz,../ecoli_genomes/GCF_000164555.1_ASM16455v1_genomic.fna.gz,../ecoli_genomes/GCF_000208545.1_ASM20854v2_genomic.fna.gz,../ecoli_genomes/GCF_000233875.1_ASM23387v1_genomic.fna.gz,../ecoli_genomes/GCF_000249735.1_ASM24973v2_genomic.fna.gz,../ecoli_genomes/GCF_000261145.1_Esch_coli_M919_V2_genomic.fna.gz,../ecoli_genomes/GCF_000267705.2_ASM26770v2_genomic.fna.gz,../ecoli_genomes/GCF_000350665.1_Esch_coli_KTE5_V1_genomic.fna.gz,../ecoli_genomes/GCF_000351625.1_Esch_coli_KTE66_V1_genomic.fna.gz,../ecoli_genomes/GCF_000352285.1_Esch_coli_KTE46_V1_genomic.fna.gz,../ecoli_genomes/GCF_000358895.1_ASM35889v1_genomic.fna.gz,../ecoli_genomes/GCF_000456385.1_Esch_coli_HVH_26_4-5703913_V1_genomic.fna.gz,../ecoli_genomes/GCF_000458195.1_Esch_coli_HVH_147_4-5893887_V1_genomic.fna.gz,../ecoli_genomes/GCF_000459755.1_Esch_coli_KOEGE_58_171a_V1_genomic.fna.gz,../ecoli_genomes/GCF_000460055.1_Esch_coli_UMEA_3053-1_V1_genomic.fna.gz,../ecoli_genomes/GCF_000462165.2_ASM46216v2_genomic.fna.gz,../ecoli_genomes/GCF_000601135.1_ASM60113v1_genomic.fna.gz,../ecoli_genomes/GCF_000614595.1_Ec2010EL1058_genomic.fna.gz,../ecoli_genomes/GCF_000617745.1_Ec2010C-4529_genomic.fna.gz,../ecoli_genomes/GCF_000618265.2_EcF6751_genomic.fna.gz,../ecoli_genomes/GCF_000619005.2_Ec2009C-4052_genomic.fna.gz,../ecoli_genomes/GCF_000619105.1_Ec2009C-4780_genomic.fna.gz,../ecoli_genomes/GCF_000619765.2_Ec2009C-3279_genomic.fna.gz,../ecoli_genomes/GCF_000687005.1_ASM68700v1_genomic.fna.gz,../ecoli_genomes/GCF_000687025.1_ASM68702v1_genomic.fna.gz,../ecoli_genomes/GCF_000700125.1_ASM70012v1_genomic.fna.gz,../ecoli_genomes/GCF_000753315.1_FHI35_genomic.fna.gz,../ecoli_genomes/GCF_000776375.1_ASM77637v1_genomic.fna.gz,../ecoli_genomes/GCF_000779395.1_ASM77939v1_genomic.fna.gz,../ecoli_genomes/GCF_000780315.1_ASM78031v1_genomic.fna.gz,../ecoli_genomes/GCF_000781995.1_ASM78199v1_genomic.fna.gz,../ecoli_genomes/GCF_000986765.1_ASM98676v1_genomic.fna.gz,../ecoli_genomes/GCF_001041375.1_ViralProj287958_genomic.fna.gz,../ecoli_genomes/GCF_001265335.1_302014_genomic.fna.gz,../ecoli_genomes/GCF_001265625.1_100854_genomic.fna.gz,../ecoli_genomes/GCF_001267345.1_303289_genomic.fna.gz,../ecoli_genomes/GCF_001309985.1_ASM130998v1_genomic.fna.gz,../ecoli_genomes/GCF_001521695.1_ASM152169v1_genomic.fna.gz,../ecoli_genomes/GCF_001592595.1_ASM159259v1_genomic.fna.gz,../ecoli_genomes/GCF_001614975.1_ASM161497v1_genomic.fna.gz,../ecoli_genomes/GCF_001692775.1_ASM169277v1_genomic.fna.gz,../ecoli_genomes/GCF_001748915.1_ASM174891v1_genomic.fna.gz,../ecoli_genomes/GCF_001749235.1_ASM174923v1_genomic.fna.gz,../ecoli_genomes/GCF_001881155.1_ASM188115v1_genomic.fna.gz,../ecoli_genomes/GCF_001881345.1_ASM188134v1_genomic.fna.gz,../ecoli_genomes/GCF_001892405.1_ASM189240v1_genomic.fna.gz,../ecoli_genomes/GCF_001892585.1_ASM189258v1_genomic.fna.gz,../ecoli_genomes/GCF_001893985.1_ASM189398v1_genomic.fna.gz,../ecoli_genomes/GCF_002001595.1_ASM200159v1_genomic.fna.gz,../ecoli_genomes/GCF_002002145.1_ASM200214v1_genomic.fna.gz
1.0,0.3789128653952164,0.3166974242751571,0.3408753751182678,0.3508659490192113,0.3563172874491608,0.358864824652798,0.34488684637468703,0.4393758970220224,0.34901939165800844,0.3735333045177387,0.34980496492251145,0.35743473828505923,0.3318085940974521,0.3214526953209873,0.36441335476897496,0.30812175880573944,0.362244894725984,0.3016309108435442,0.3624377330082653,0.3536298238112143,0.3289561080789055,0.3681949256416063,0.32969420182795783,0.31830627574030756,0.3373532231962554,0.3635511279849659,0.33505975265335697,0.3901103103771565,0.43969069835345,0.31165060488831164,0.35270296951564106,0.0,0.3549907171742662,0.3560475144957309,0.33753507536897853,0.34326771125337663,0.3720034526585868,0.2603306635499809,0.3672911646803001,0.31323232519229893,0.3557152032330969,0.3696537895070974,0.3386343673070772,0.3500083350782416,0.3656814532324483,0.3583347892357662,0.3579934551654088,0.3289159112823472,0.397032799281987
0.3789128653952164,1.0,0.2993920656485686,0.33510564777081664,0.4390505156576424,0.5365078994834516,0.40209363161973366,0.34204050133152286,0.3594910596507065,0.3459524798368234,0.47017384450429,0.3449607612975668,0.4495958064414459,0.3332315077282393,0.32589501679893706,0.4035817860543741,0.3996228704530441,0.45831193708398965,0.37007691902990847,0.4088589625656023,0.448380355234302,0.39847316450489345,0.4597102374036637,0.48378350593223596,0.45949013817176587,0.4820500402620388,0.4593947878924831,0.3367127653815113,0.36479159402358385,0.362362098042336,0.31672169942536066,0.43473552889561873,0.0,0.4398778428539052,0.5623466013443501,0.3248865965498766,0.38136341663773277,0.4626987159410264,0.20463921955629816,0.45818890765480713,0.315586752345153,0.5010826309619645,0.4652837715753221,0.3496667540147772,0.346221130559874,0.34018506223021316,0.5055612986658264,0.5075578589063036,0.34158734717964667,0.3628256873592015
0.3166974242751571,0.2993920656485686,1.0,0.2676128638706704,0.26634735914217167,0.26980525637233443,0.2781616941819377,0.2696478852581773,0.3116476901648555,0.27350150857728395,0.29577013767120497,0.26790760331967545,0.28312561981009365,0.26694269276849303,0.264143957704262,0.2804221367303954,0.22379603455822206,0.28613306413666384,0.23523517025321183,0.2828870345332698,0.28882826625486524,0.2556810443835771,0.287274300638517,0.2435844385263316,0.23242214019449903,0.2584616736107611,0.29000367839819985,0.26900782802398493,0.30952832970469457,0.31353647815093943,0.2527384517951924,0.2693149644968619,0.0,0.27891402908312113,0.2722629390893969,0.27318911963706005,0.26535313952458106,0.2819679742295955,0.16955649327747158,0.2885264308984855,0.2576806684695312,0.2854806293284886,0.2942915028143428,0.2753547180633712,0.26928292331071924,0.2889813927005769,0.28590236397141,0.28609207019413296,0.27826258326324915,0.3121642914892889
0.3408753751182678,0.33510564777081664,0.2676128638706704,1.0,0.3180064105216446,0.31037842934492577,0.30837274398162495,0.5350551171525009,0.33216419474726977,0.5539992312824212,0.327052607088661,0.5442161293131671,0.31930038232760405,0.5825453433421214,0.6046371358477047,0.3155688589177039,0.2654341563495676,0.32062095926842715,0.2623440318124919,0.31123058265017567,0.31211157583886784,0.28547726179256305,0.3294743573209168,0.28189809089185036,0.2794366780440525,0.29923253897634017,0.31945222927108097,0.5627992194310185,0.35871912543452344,0.32865659441602935,0.5262377381455294,0.3239469946207221,0.0,0.3054225381617226,0.3093587614839278,0.46258387453173666,0.2968439937157753,0.31812261727016145,0.32167001965691866,0.3111076033277731,0.5439600769119427,0.30986981828375304,0.31911842270278734,0.5617091485601862,0.5534949000025358,0.3446035421082426,0.3107627851342273,0.31191672800449866,0.4942709101484105,0.3614800896362288
0.3508659490192113,0.4390505156576424,0.26634735914217167,0.3180064105216446,1.0,0.43342099710319537,0.37511263089052016,0.3236571103748991,0.35111568045898334,0.33023312017332607,0.5323631822799264,0.31525729760401544,0.488482882851518,0.31473394455160986,0.32277870203134273,0.39168905066181703,0.3777348679820499,0.45091549395845654,0.37523099062948095,0.3789715708598076,0.4583831686801225,0.40503267937357756,0.46486315833767244,0.4070328599764662,0.3847995704337762,0.44165250568430847,0.4731329645513105,0.30540867900628177,0.34122383629491415,0.346434886872086,0.30188912579439786,0.46675354716258177,0.0,0.4671220470174302,0.43802653500724,0.3041449453086992,0.3654506598126426,0.49320551958784387,0.22145301145246843,0.48345183561745875,0.3099596633314198,0.4396569302212855,0.4902213124660366,0.3111471603385898,0.3162656977114412,0.3203509712327587,0.45745500532796557,0.4578495407766511,0.3144696926104362,0.3388520580520157
0.3563172874491608,0.5365078994834516,0.26980525637233443,0.31037842934492577,0.43342099710319537,1.0,0.3987373641124259,0.32335593896800496,0.3365836515881704,0.3148311049590016,0.4465789906863633,0.3056721316187109,0.4217308605985972,0.3075166667389657,0.3018374248624245,0.40857907042851827,0.39316174964656847,0.4397557037471136,0.37226496338112613,0.39145874022826666,0.41728910799808805,0.4625091669548027,0.4420473785130401,0.48503689697701835,0.46615931415799605,0.47424919406049426,0.42316069641634524,0.30587289661153527,0.33985336171281544,0.32925134258747046,0.28945138661272574,0.42631021229127053,0.0,0.43698060911324965,0.5407066925434505,0.3177191771068002,0.37395604963054574,0.4349103028610044,0.2176592873227845,0.4353157388588499,0.2894125029737512,0.48379481087393106,0.43967881514621876,0.3130951546723263,0.31614559877792314,0.32317524964602773,0.47929824502462126,0.4820129549767843,0.30744498326853087,0.34411957626369016
0.358864824652798,0.40209363161973366,0.2781616941819377,0.30837274398162495,0.37511263089052016,0.3987373641124259,1.0,0.3116435660881641,0.35365929077403757,0.3077340595815601,0.40781961860897153,0.2976730886161336,0.38968653155151034,0.302452622719278,0.29760868752322966,0.7478829363232431,0.3149330510644266,0.4432758651765596,0.36551533914593193,0.8608754570582171,0.44088465937394206,0.3920469652389149,0.44566479959432237,0.3459621412478119,0.32840552479865703,0.36561039987686295,0.408499000888473,0.3029395726954306,0.34143970732446216,0.3426638358703552,0.2873542914669108,0.38993774282143123,0.0,0.4049568366199532,0.4009873815267331,0.328712112324161,0.7823551782313253,0.3841557509276876,0.20821967253896756,0.40013867539321046,0.2830805161398747,0.4013341907368221,0.41001080203089046,0.3085756126975129,0.3092482402234089,0.3165624888239842,0.3887333891006388,0.3896607364296635,0.30334510853955976,0.34486301130227426
0.34488684637468703,0.34204050133152286,0.2696478852581773,0.5350551171525009,0.3236571103748991,0.32335593896800496,0.3116435660881641,1.0,0.33186955826955145,0.5419651097732495,0.33479630454527765,0.5197229607557003,0.3323494310460189,0.5232131671083975,0.5119754894756012,0.31755815716277447,0.28399098042033577,0.32915346336151796,0.27626293637244514,0.31384397587243673,0.3173663107073649,0.29113805680876703,0.3267115150232557,0.3061510537783373,0.29147607909866957,0.3079298906106066,0.3290608497916534,0.696311510324925,0.36473579780411536,0.32839578717095097,0.5019290316482263,0.3257592991549638,0.0,0.32142303613707834,0.3190592985680224,0.4577223049783308,0.2978491951977562,0.3463723159742963,0.3298192530398195,0.33210595893107475,0.5071433290958816,0.320468083072311,0.33078874786674883,0.7103832065804687,0.6876781932109493,0.3483960059488409,0.3202792784759676,0.3211538598914274,0.4882623659779153,0.36160951774579664
0.4393758970220224,0.3594910596507065,0.3116476901648555,0.33216419474726977,0.35111568045898334,0.3365836515881704,0.35365929077403757,0.33186955826955145,1.0,0.3426311974679658,0.37302608907670254,0.3177757825042068,0.3647744665842185,0.3300261030377807,0.32895522120136156,0.36013455880813905,0.27690770227374895,0.36068160655011117,0.29009962868951167,0.3595423177528092,0.35451374529712043,0.31754331926303514,0.36142407431012435,0.3051470037186871,0.2875861812155863,0.3228219594070765,0.36817560929655113,0.32183060569521993,0.38111496058719274,0.4651675171571964,0.3162007439648761,0.3392261874187792,0.0,0.34591976095342847,0.3437632521634836,0.3356257908169611,0.3411263778049023,0.3518250676558258,0.21017376697718126,0.3662358231115955,0.31614422219131244,0.35665247483474827,0.3742434068152609,0.32531325219886675,0.3227028893498486,0.36244491760105224,0.3501844156825551,0.35138761246305394,0.32617885941982283,0.3936036946678777
0.34901939165800844,0.3459524798368234,0.27350150857728395,0.5539992312824212,0.33023312017332607,0.3148311049590016,0.3077340595815601,0.5419651097732495,0.3426311974679658,1.0,0.34182106224637665,0.5159061267815941,0.33511649650847986,0.552014447959944,0.5408423218962636,0.3181061338818644,0.2541252349541324,0.3226482497661878,0.26917729607712826,0.3113190408337785,0.31664805693553355,0.2911585038012502,0.3226985601899979,0.2822564797648056,0.2723723221901072,0.30174879316412406,0.329499957444079,0.5410231205846486,0.3619798036224805,0.33885075798195774,0.548763121186725,0.31454593628920113,0.0,0.309153348789723,0.31034559180526633,0.47227806970428887,0.2952314043430537,0.32832562191494885,0.3072483574041691,0.3267610014262827,0.548072841607504,0.3167590810902702,0.3285625863799986,0.5456038815035953,0.5467858859409421,0.3452167399313547,0.3137411878658749,0.31394464092406915,0.5150894179272022,0.3568411857849427
0.3735333045177387,0.47017384450429,0.29577013767120497,0.327052607088661,0.5323631822799264,0.4465789906863633,0.40781961860897153,0.33479630454527765,0.37302608907670254,0.34182106224637665,1.0,0.3206639468142344,0.5723622638789959,0.3337222674029593,0.3252549774130552,0.41412686213105676,0.349341679091137,0.5293504703195712,0.4535950409139252,0.41335943129980746,0.5192256217392447,0.5008264206179163,0.5347594548206582,0.4009168490921059,0.3610975410644224,0.4244498497703406,0.5558216387083728,0.3308945211330522,0.3621052680750433,0.369705873926909,0.31401000312300176,0.4921126311176255,0.0,0.5176093732887843,0.4540404356449168,0.3394484800387241,0.38710371496938367,0.5281000522276588,0.2120081591882741,0.5600129306620689,0.3144956999782499,0.47688298647891425,0.5508150794303786,0.3324553483138608,0.3309099601485518,0.3433355846575803,0.47001487437468237,0.47046180003546745,0.33236048560309206,0.36694726463682736
0.34980496492251145,0.3449607612975668,0.26790760331967545,0.5442161293131671,0.31525729760401544,0.3056721316187109,0.2976730886161336,0.5197229607557003,0.3177757825042068,0.5159061267815941,0.3206639468142344,1.0,0.31434654209097157,0.5289128165294692,0.6193829537378658,0.3020124245845325,0.31687503297964037,0.31008959691427473,0.2612108221718399,0.3006743528356721,0.31303576060743266,0.27971144368586154,0.3164311480512251,0.3275748656423172,0.31373211227173126,0.314759914304787,0.3135953675442711,0.5184973803618543,0.3584426328446182,0.3260490360524805,0.473713337030057,0.32300246929128706,0.0,0.3120547052519914,0.3263702432065496,0.4403468807292996,0.28672840748474604,0.32734317003635693,0.3641295684151531,0.3268447906036971,0.493792323116264,0.30339438364160787,0.3175434204860691,0.5324009245517307,0.5316567909717291,0.3481228344398355,0.32963305520728126,0.329163673492589,0.4688851812073721,0.35468558286455765
0.35743473828505923,0.4495958064414459,0.28312561981009365,0.31930038232760405,0.488482882851518,0.4217308605985972,0.38968653155151034,0.3323494310460189,0.3647744665842185,0.33511649650847986,0.5723622638789959,0.31434654209097157,1.0,0.3207984842211524,0.32300816140690813,0.40033206326180537,0.34353114243623406,0.5155813815584664,0.5380039667326456,0.39599928466504775,0.5286182932785919,0.557695981200087,0.5710235185877193,0.3823114193337871,0.3494987376776628,0.4039416320991158,0.5768022019177741,0.31771786375693933,0.3504726687800349,0.36429416156476746,0.30717121741119235,0.5390355264892499,0.0,0.5591023685759389,0.4331187724782438,0.31985558476705056,0.3766200348964458,0.5427563690085194,0.20598986183733325,0.572811743857829,0.30918734731626185,0.45605454778367227,0.5653043845779471,0.31963217517335096,0.31823704301350275,0.32467910455441673,0.44821315918953075,0.4489317713854456,0.3174626634363764,0.35300460360728825
0.3318085940974521,0.3332315077282393,0.26694269276849303,0.5825453433421214,0.31473394455160986,0.3075166667389657,0.302452622719278,0.5232131671083975,0.3300261030377807,0.552014447959944,0.3337222674029593,0.5289128165294692,0.3207984842211524,1.0,0.5881854109145734,0.30639312761308013,0.2481235118146038,0.3205009370255164,0.2644416779340292,0.30640775796808206,0.31038200921331927,0.28238053343039227,0.3216539002914912,0.26903383859597463,0.25711629897174637,0.28714081907020317,0.3257055978001938,0.5550158614497798,0.3616436542882414,0.32473072874620434,0.5248934274878854,0.30909509447581773,0.0,0.30586735691419553,0.3055770119877925,0.45747895803079286,0.29038771531095586,0.319953865808279,0.29914870424019824,0.3149170719500507,0.5389622537326227,0.3101714527358552,0.323755643239391,0.5486592287440961,0.5398169601002497,0.3451051500262552,0.30890676681559626,0.30991785910299474,0.49705104342909434,0.3605881313401519
0.3214526953209873,0.32589501679893706,0.264143957704262,0.6046371358477047,0.32277870203134273,0.3018374248624245,0.29760868752322966,0.5119754894756012,0.32895522120136156,0.5408423218962636,0.3252549774130552,0.6193829537378658,0.32300816140690813,0.5881854109145734,1.0,0.30759728904147465,0.25391475615232706,0.3131436485299022,0.2589960168102934,0.30188451652616755,0.30753252530029873,0.27721211709968385,0.3189059518962437,0.2706951754814616,0.2617444060585581,0.29045859873927593,0.3180677513869048,0.5276547987586664,0.35238479843446013,0.323856263612893,0.5252502623895787,0.3113470131411571,0.0,0.3006978211526097,0.30215415656914324,0.45386516005910726,0.2895404097382648,0.3171512605825595,0.29655498617576925,0.31051813613526147,0.5378405455733285,0.3036011725602761,0.3193368014650051,0.5263449066194704,0.5185765333292687,0.3459918285076651,0.31382422688102796,0.314961295885436,0.4865747184252933,0.3646107854104993
0.36441335476897496,0.4035817860543741,0.2804221367303954,0.3155688589177039,0.39168905066181703,0.40857907042851827,0.7478829363232431,0.31755815716277447,0.36013455880813905,0.3181061338818644,0.41412686213105676,0.3020124245845325,0.40033206326180537,0.30639312761308013,0.30759728904147465,1.0,0.3184996491525637,0.4302313565687733,0.37304118530819663,0.7668512096632165,0.424286958882097,0.4036179824219729,0.43425066845083604,0.3543972874769451,0.33658226738307606,0.38168005673097116,0.4066104866446878,0.30384208016565595,0.3460540829109656,0.3538384094292495,0.29322706803351717,0.3923897745864664,0.0,0.40276062192709483,0.3981099191972036,0.3266929639060241,0.7495974987934865,0.3898145369991267,0.20414505842821173,0.3982798211746773,0.2951167825717821,0.39997270061622614,0.4074156323488115,0.30750593672425985,0.3101631166526466,0.3197806983593803,0.3896026783277019,0.39039147688934517,0.3061304871956617,0.34574770824946177
0.30812175880573944,0.3996228704530441,0.22379603455822206,0.2654341563495676,0.3777348679820499,0.39316174964656847,0.3149330510644266,0.28399098042033577,0.27690770227374895,0.2541252349541324,0.349341679091137,0.31687503297964037,0.34353114243623406,0.2481235118146038,0.25391475615232706,0.3184996491525637,1.0,0.3431408736282858,0.28899047033040315,0.31449505693962143,0.34143895129598956,0.3160367990758668,0.3530243146991039,0.5788701824109288,0.5735210401436208,0.5249910442126164,0.34365621052696205,0.24927134390094852,0.28267454360699384,0.27990905994136395,0.2372643049687435,0.43852236018531354,0.0,0.38810567594765855,0.47958769546195523,0.2581640695617059,0.3054958308092901,0.3700052440108532,0.3910949812181421,0.40070999509410354,0.23627714171318226,0.3804806791614568,0.3532151298897408,0.28265485939707125,0.28769744007425735,0.2754725993955697,0.46651390330931586,0.4625061748637864,0.24841040250542834,0.2816189259908891
0.362244894725984,0.45831193708398965,0.28613306413666384,0.32062095926842715,0.45091549395845654,0.4397557037471136,0.4432758651765596,0.32915346336151796,0.36068160655011117,0.3226482497661878,0.5293504703195712,0.31008959691427473,0.5155813815584664,0.3205009370255164,0.3131436485299022,0.4302313565687733,0.3431408736282858,1.0,0.4655299149643377,0.44654260864506545,0.5576464979772059,0.49779128270805084,0.5663532677795449,0.3865426469926262,0.35392776131669645,0.40345037737456535,0.5396918523879165,0.31891708818375764,0.35463590004404677,0.35751895224743746,0.30254805323955236,0.4804266385321728,0.0,0.5093614151489326,0.44646318128776297,0.34211896064248903,0.4229256861033657,0.4921541829585515,0.21129609863943832,0.5258586973418717,0.2984214149521308,0.45956624290432657,0.5276134653187854,0.32236506044621804,0.3191196010318629,0.3284554411977666,0.45261600845154737,0.45414114046571175,0.3107257572229044,0.36041369631391407
0.3016309108435442,0.37007691902990847,0.23523517025321183,0.2623440318124919,0.37523099062948095,0.37226496338112613,0.36551533914593193,0.27626293637244514,0.29009962868951167,0.26917729607712826,0.4535950409139252,0.2612108221718399,0.5380039667326456,0.2644416779340292,0.2589960168102934,0.37304118530819663,0.28899047033040315,0.4655299149643377,1.0,0.3627656786941281,0.4592735214999395,0.5317883749885113,0.46151984675357827,0.3246253783442865,0.3069493687955053,0.33103652952917895,0.4604508987767858,0.26513794256502654,0.2897833644902772,0.28888291663661736,0.24933149741569816,0.48532113573051805,0.0,0.45195345210240323,0.3708701704958167,0.27794783936831646,0.3576677307951811,0.4416273592081349,0.1782857090282921,0.4550083577994848,0.2470629068005349,0.3731984560953474,0.4442357763058675,0.2705532819064529,0.27145672904847606,0.2700681757540261,0.36509254931745705,0.366821537935083,0.25950316100515725,0.2932697704989643
0.3624377330082653,0.4088589625656023,0.2828870345332698,0.31123058265017567,0.3789715708598076,0.39145874022826666,0.8608754570582171,0.31384397587243673,0.3595423177528092,0.3113190408337785,0.41335943129980746,0.3006743528356721,0.39599928466504775,0.30640775796808206,0.30188451652616755,0.7668512096632165,0.31449505693962143,0.44654260864506545,0.3627656786941281,1.0,0.4444619671164962,0.38608194023925724,0.44618426392016153,0.3448625864537952,0.3264801821421225,0.3670384545655577,0.4140301543973086,0.3075895003855631,0.34628991323471003,0.3502334288917863,0.29157358464837535,0.3901234608461043,0.0,0.40621418562675315,0.4002624196237484,0.3292252946121561,0.7887217740988507,0.38967758344288317,0.20382324233724047,0.40578667053451534,0.2875954124460398,0.4046422762746489,0.4163750114622231,0.3111816150314993,0.31090915516287576,0.32149028372382427,0.39385860349646484,0.3948090668670696,0.3078304634096839,0.35010331354541224
0.3536298238112143,0.448380355234302,0.28882826625486524,0.31211157583886784,0.4583831686801225,0.41728910799808805,0.44088465937394206,0.3173663107073649,0.35451374529712043,0.31664805693553355,0.5192256217392447,0.31303576060743266,0.5286182932785919,0.31038200921331927,0.30753252530029873,0.424286958882097,0.34143895129598956,0.5576464979772059,0.4592735214999395,0.4444619671164962,1.0,0.49904179339812726,0.5789862530050434,0.3795932084156005,0.35102800861346695,0.4037711744488558,0.5404292850949419,0.3129345341530354,0.34226283223258835,0.3548113707538866,0.29623474507104386,0.5010148888065189,0.0,0.5319804145785353,0.4422300002849626,0.3305643863070703,0.4202434176788382,0.5010328975192249,0.20503580715462744,0.5336350064348443,0.2974554019110709,0.4394108364345325,0.532867485228361,0.3164541957999649,0.31693584059404856,0.32787253705254227,0.4495418941610668,0.4507358602557222,0.31003379638990836,0.3539699355589966
0.3289561080789055,0.39847316450489345,0.2556810443835771,0.28547726179256305,0.40503267937357756,0.4625091669548027,0.3920469652389149,0.29113805680876703,0.31754331926303514,0.2911585038012502,0.5008264206179163,0.27971144368586154,0.557695981200087,0.28238053343039227,0.27721211709968385,0.4036179824219729,0.3160367990758668,0.49779128270805084,0.5317883749885113,0.38608194023925724,0.49904179339812726,1.0,0.6330977035620298,0.364598023902469,0.3444664852068505,0.38518825756588293,0.5013525434085455,0.2827795686440161,0.30999481348424196,0.31314368549764615,0.26644809685033755,0.4964004052822839,0.0,0.5836642481281679,0.396038576621622,0.29974562703456953,0.3681994971846019,0.4805205388649103,0.1896795503703279,0.507808551494032,0.26355890164374596,0.4046094672683228,0.49861583535389864,0.2895705501515622,0.2879792187653516,0.298370007200332,0.39883270156433215,0.3999606148110698,0.27717011624566446,0.32257887140959984
0.3681949256416063,0.4597102374036637,0.287274300638517,0.3294743573209168,0.46486315833767244,0.4420473785130401,0.44566479959432237,0.3267115150232557,0.36142407431012435,0.3226985601899979,0.5347594548206582,0.3164311480512251,0.5710235185877193,0.3216539002914912,0.3189059518962437,0.43425066845083604,0.3530243146991039,0.5663532677795449,0.46151984675357827,0.44618426392016153,0.5789862530050434,0.6330977035620298,1.0,0.38712400780294476,0.3602246016852114,0.40638265590672473,0.565477110922425,0.3232364262634645,0.35538571608184544,0.3556760950721466,0.3031171095406372,0.5169411730546943,0.0,0.6457188265814979,0.4469028295142423,0.3378733697768749,0.42245286876464405,0.5215755602454453,0.20889756955186833,0.5546985603192016,0.3019743759791228,0.4550972754065069,0.5563610671690293,0.32616607538171283,0.32335897491247856,0.32874643732749265,0.4487877619411892,0.4509332028444407,0.31553078625948894,0.35711918445265856
0.32969420182795783,0.48378350593223596,0.2435844385263316,0.28189809089185036,0.4070328599764662,0.48503689697701835,0.3459621412478119,0.3061510537783373,0.3051470037186871,0.2822564797648056,0.4009168490921059,0.3275748656423172,0.3823114193337871,0.26903383859597463,0.2706951754814616,0.3543972874769451,0.5788701824109288,0.3865426469926262,0.3246253783442865,0.3448625864537952,0.3795932084156005,0.364598023902469,0.38712400780294476,1.0,0.5645302466091342,0.5314233849030527,0.3875019302745224,0.2671788597280361,0.30570020242404783,0.31128803324843934,0.2558545264103256,0.4325917010096315,0.0,0.4117578806084331,0.5547106273621787,0.2777088581624839,0.3313041742695937,0.3992431788458328,0.3145283106762078,0.42164572853872473,0.259816331281841,0.43426281596274885,0.3911105587294491,0.2939401411184852,0.295948798217908,0.29624226845451684,0.4817223608278154,0.4794657974252563,0.2688457572817905,0.3070196412662707
0.31830627574030756,0.45949013817176587,0.23242214019449903,0.2794366780440525,0.3847995704337762,0.46615931415799605,0.32840552479865703,0.29147607909866957,0.2875861812155863,0.2723723221901072,0.3610975410644224,0.31373211227173126,0.3494987376776628,0.25711629897174637,0.2617444060585581,0.33658226738307606,0.5735210401436208,0.35392776131669645,0.3069493687955053,0.3264801821421225,0.35102800861346695,0.3444664852068505,0.3602246016852114,0.5645302466091342,1.0,0.523328031605202,0.3533725880216938,0.25411826071239063,0.2841392867533832,0.2879681965365035,0.24842309701867593,0.44620377117455823,0.0,0.3764485290129904,0.5345455929767167,0.263730975089012,0.3191111855446097,0.3839842510861682,0.36902125814285336,0.40543923047300257,0.24814942345544344,0.395384351795914,0.3647679569377966,0.2941049093073852,0.29514590943877606,0.28877288776651366,0.4693681148767235,0.4646375304766889,0.26735622341649123,0.2879072924533689
0.3373532231962554,0.4820500402620388,0.2584616736107611,0.29923253897634017,0.44165250568430847,0.47424919406049426,0.36561039987686295,0.3079298906106066,0.3228219594070765,0.30174879316412406,0.4244498497703406,0.314759914304787,0.4039416320991158,0.28714081907020317,0.29045859873927593,0.38168005673097116,0.5249910442126164,0.40345037737456535,0.33103652952917895,0.3670384545655577,0.4037711744488558,0.38518825756588293,0.40638265590672473,0.5314233849030527,0.523328031605202,1.0,0.4047605883480452,0.28358255707240243,0.3221407157205898,0.3258005802796724,0.2775783661339717,0.43868433508568916,0.0,0.4240590339789143,0.5184235937305216,0.2921554218795397,0.35264965015167804,0.4159380110190013,0.2723149698454065,0.43162739571353037,0.2776576886739617,0.4563290888042102,0.4103832809637329,0.3099345869912884,0.3061310755952731,0.31017891477581017,0.4938130216863966,0.48973131441888884,0.298429861408517,0.32208476300841227
0.3635511279849659,0.4593947878924831,0.29000367839819985,0.31945222927108097,0.4731329645513105,0.42316069641634524,0.408499000888473,0.3290608497916534,0.36817560929655113,0.329499957444079,0.5558216387083728,0.3135953675442711,0.5768022019177741,0.3257055978001938,0.3180677513869048,0.4066104866446878,0.34365621052696205,0.5396918523879165,0.4604508987767858,0.4140301543973086,0.5404292850949419,0.5013525434085455,0.565477110922425,0.3875019302745224,0.3533725880216938,0.4047605883480452,1.0,0.3211454159384044,0.3569812780262207,0.36376151047545546,0.3104899020527353,0.5164960192935679,0.0,0.5394221335579182,0.4440585716825197,0.3282363382972152,0.3883105226047715,0.6098921963633732,0.20011072069285085,0.5821163457897834,0.30837441715489133,0.4646751953279753,0.6485352319334241,0.32746424779356076,0.3187910568730199,0.3419832602221613,0.4552905374003213,0.45716548962310977,0.3243067804172717,0.36157073910943527
0.33505975265335697,0.3367127653815113,0.26900782802398493,0.5627992194310185,0.30540867900628177,0.30587289661153527,0.3029395726954306,0.696311510324925,0.32183060569521993,0.5410231205846486,0.3308945211330522,0.5184973803618543,0.31771786375693933,0.5550158614497798,0.5276547987586664,0.30384208016565595,0.24927134390094852,0.31891708818375764,0.26513794256502654,0.3075895003855631,0.3129345341530354,0.2827795686440161,0.3232364262634645,0.2671788597280361,0.25411826071239063,0.28358255707240243,0.3211454159384044,1.0,0.3590546362979091,0.3206301430235369,0.5043005817194917,0.31195649347030907,0.0,0.3103468681513598,0.3013599747951897,0.44952939562972305,0.2888538625969632,0.32900542560522716,0.29768891851036017,0.31543996672658614,0.5174428080592242,0.3134693213779556,0.3220125657708467,0.7939720061253493,0.7612940881040595,0.3370492007206718,0.3082034612222273,0.3088044618921112,0.49629590077575403,0.349440636954221
0.3901103103771565,0.36479159402358385,0.30952832970469457,0.35871912543452344,0.34122383629491415,0.33985336171281544,0.34143970732446216,0.36473579780411536,0.38111496058719274,0.3619798036224805,0.3621052680750433,0.3584426328446182,0.3504726687800349,0.3616436542882414,0.35238479843446013,0.3460540829109656,0.28267454360699384,0.35463590004404677,0.2897833644902772,0.34628991323471003,0.34226283223258835,0.30999481348424196,0.35538571608184544,0.30570020242404783,0.2841392867533832,0.3221407157205898,0.3569812780262207,0.3590546362979091,1.0,0.37228702146334025,0.3392846046687149,0.33805672460795255,0.0,0.34552758031545316,0.34310014591807914,0.35625923320190556,0.32804533327682583,0.3526281396896104,0.22382053637227994,0.35126439424945877,0.3334907748642183,0.3453048482214899,0.3565793740564691,0.357361662485275,0.3552223449294992,0.4299584137361224,0.3405706525726664,0.3407817080031761,0.34895638190870215,0.6248246189019265
0.43969069835345,0.362362098042336,0.31353647815093943,0.32865659441602935,0.346434886872086,0.32925134258747046,0.3426638358703552,0.32839578717095097,0.4651675171571964,0.33885075798195774,0.369705873926909,0.3260490360524805,0.36429416156476746,0.32473072874620434,0.323856263612893,0.3538384094292495,0.27990905994136395,0.35751895224743746,0.28888291663661736,0.3502334288917863,0.3548113707538866,0.31314368549764615,0.3556760950721466,0.31128803324843934,0.2879681965365035,0.3258005802796724,0.36376151047545546,0.3206301430235369,0.37228702146334025,1.0,0.31355558626762814,0.33593826066712906,0.0,0.33960585034672686,0.34143911198886756,0.33009568658472965,0.33064998940951995,0.3548149852201986,0.23055570263154668,0.36883877701450274,0.3177247716672713,0.3488040257996118,0.36921075498861156,0.32465302624164605,0.32094444478387785,0.37187227415052193,0.3574009656822206,0.3580416347500207,0.3277948163265726,0.387627055700553
0.31165060488831164,0.31672169942536066,0.2527384517951924,0.5262377381455294,0.30188912579439786,0.28945138661272574,0.2873542914669108,0.5019290316482263,0.3162007439648761,0.548763121186725,0.31401000312300176,0.473713337030057,0.30717121741119235,0.5248934274878854,0.5252502623895787,0.29322706803351717,0.2372643049687435,0.30254805323955236,0.24933149741569816,0.29157358464837535,0.29623474507104386,0.26644809685033755,0.3031171095406372,0.2558545264103256,0.24842309701867593,0.2775783661339717,0.3104899020527353,0.5043005817194917,0.3392846046687149,0.31355558626762814,1.0,0.29604809085657335,0.0,0.2924714821764943,0.2869526678053925,0.439873298598044,0.277188097914399,0.30459712048333365,0.280660015825416,0.3034295079462591,0.6409378368983574,0.2957934860817649,0.3081230026282761,0.5077069365182605,0.5003923148784448,0.3293401091020287,0.2971577547466987,0.29760422590720725,0.4690179544973593,0.3368586007623978
0.35270296951564106,0.43473552889561873,0.2693149644968619,0.3239469946207221,0.46675354716258177,0.42631021229127053,0.38993774282143123,0.3257592991549638,0.3392261874187792,0.31454593628920113,0.4921126311176255,0.32300246929128706,0.5390355264892499,0.30909509447581773,0.3113470131411571,0.3923897745864664,0.43852236018531354,0.4804266385321728,0.48532113573051805,0.3901234608461043,0.5010148888065189,0.4964004052822839,0.5169411730546943,0.4325917010096315,0.44620377117455823,0.43868433508568916,0.5164960192935679,0.31195649347030907,0.33805672460795255,0.33593826066712906,0.29604809085657335,1.0,0.0,0.5090769502498991,0.44484739812102236,0.30911696743764316,0.38309134327876315,0.5132017107206714,0.2596997894252997,0.5324616810718987,0.291172138305971,0.4299851932280625,0.5177510003890967,0.3185412484490141,0.3259236450517048,0.31561915478955116,0.456201118776853,0.45557559866236763,0.29867417073180047,0.33171892519867274
0.0,0.0,0.0,0.0,0.0,0.0,0.0,0.0,0.0,0.0,0.0,0.0,0.0,0.0,0.0,0.0,0.0,0.0,0.0,0.0,0.0,0.0,0.0,0.0,0.0,0.0,0.0,0.0,0.0,0.0,0.0,0.0,1.0,0.0,0.0,0.0,0.0,0.0,0.0,0.0,0.0,0.0,0.0,0.0,0.0,0.0,0.0,0.0,0.0,0.0
0.3549907171742662,0.4398778428539052,0.27891402908312113,0.3054225381617226,0.4671220470174302,0.43698060911324965,0.4049568366199532,0.32142303613707834,0.34591976095342847,0.309153348789723,0.5176093732887843,0.3120547052519914,0.5591023685759389,0.30586735691419553,0.3006978211526097,0.40276062192709483,0.38810567594765855,0.5093614151489326,0.45195345210240323,0.40621418562675315,0.5319804145785353,0.5836642481281679,0.6457188265814979,0.4117578806084331,0.3764485290129904,0.4240590339789143,0.5394221335579182,0.3103468681513598,0.34552758031545316,0.33960585034672686,0.2924714821764943,0.5090769502498991,0.0,1.0,0.4520189096672369,0.3315170498613971,0.3866997513522058,0.5159659492235702,0.23627357184731856,0.5444524153058682,0.28699411825473264,0.44776930899235423,0.543689573143375,0.3132794326884055,0.3148512359384118,0.31708690715050947,0.4450835369849514,0.4454872906202161,0.30177406925508143,0.3431795211775813
0.3560475144957309,0.5623466013443501,0.2722629390893969,0.3093587614839278,0.43802653500724,0.5407066925434505,0.4009873815267331,0.3190592985680224,0.3437632521634836,0.31034559180526633,0.4540404356449168,0.3263702432065496,0.4331187724782438,0.3055770119877925,0.30215415656914324,0.3981099191972036,0.47958769546195523,0.44646318128776297,0.3708701704958167,0.4002624196237484,0.4422300002849626,0.396038576621622,0.4469028295142423,0.5547106273621787,0.5345455929767167,0.5184235937305216,0.4440585716825197,0.3013599747951897,0.34310014591807914,0.34143911198886756,0.2869526678053925,0.44484739812102236,0.0,0.4520189096672369,1.0,0.3137288529868908,0.3769987752185804,0.4379653291493313,0.2726803604353307,0.4608414697806742,0.286863836085391,0.4948874861384176,0.4529750439577045,0.3136391374139621,0.31620354640928006,0.3218261576408207,0.5150987007981738,0.5127856733130085,0.3050893222318166,0.34110615477504125
0.33753507536897853,0.3248865965498766,0.27318911963706005,0.46258387453173666,0.3041449453086992,0.3177191771068002,0.328712112324161,0.4577223049783308,0.3356257908169611,0.47227806970428887,0.3394484800387241,0.4403468807292996,0.31985558476705056,0.45747895803079286,0.45386516005910726,0.3266929639060241,0.2581640695617059,0.34211896064248903,0.27794783936831646,0.3292252946121561,0.3305643863070703,0.29974562703456953,0.3378733697768749,0.2777088581624839,0.263730975089012,0.2921554218795397,0.3282363382972152,0.44952939562972305,0.35625923320190556,0.33009568658472965,0.439873298598044,0.30911696743764316,0.0,0.3315170498613971,0.3137288529868908,1.0,0.31279049614998966,0.31924574362663316,0.31309484566037105,0.32592228374662635,0.43742031709149665,0.31992871508675336,0.32769163914125043,0.45686713920034794,0.45655278094458907,0.34197333165021415,0.3127663475781013,0.3136544299990317,0.453983166674225,0.35776499648020665
0.34326771125337663,0.38136341663773277,0.26535313952458106,0.2968439937157753,0.3654506598126426,0.37395604963054574,0.7823551782313253,0.2978491951977562,0.3411263778049023,0.2952314043430537,0.38710371496938367,0.28672840748474604,0.3766200348964458,0.29038771531095586,0.2895404097382648,0.7495974987934865,0.3054958308092901,0.4229256861033657,0.3576677307951811,0.7887217740988507,0.4202434176788382,0.3681994971846019,0.42245286876464405,0.3313041742695937,0.3191111855446097,0.35264965015167804,0.3883105226047715,0.2888538625969632,0.32804533327682583,0.33064998940951995,0.277188097914399,0.38309134327876315,0.0,0.3866997513522058,0.3769987752185804,0.31279049614998966,1.0,0.36600707187966885,0.19654469781686368,0.375410617598841,0.2745170968977806,0.37876901450047273,0.3906260334120105,0.29266816733603296,0.29326850993549947,0.2998467074253527,0.3701122840153217,0.37097528846780625,0.28741005100457584,0.3277382922634603
0.3720034526585868,0.4626987159410264,0.2819679742295955,0.31812261727016145,0.49320551958784387,0.4349103028610044,0.3841557509276876,0.3463723159742963,0.3518250676558258,0.32832562191494885,0.5281000522276588,0.32734317003635693,0.5427563690085194,0.319953865808279,0.3171512605825595,0.3898145369991267,0.3700052440108532,0.4921541829585515,0.4416273592081349,0.38967758344288317,0.5010328975192249,0.4805205388649103,0.5215755602454453,0.3992431788458328,0.3839842510861682,0.4159380110190013,0.6098921963633732,0.32900542560522716,0.3526281396896104,0.3548149852201986,0.30459712048333365,0.5132017107206714,0.0,0.5159659492235702,0.4379653291493313,0.31924574362663316,0.36600707187966885,1.0,0.23390435658514985,0.5588809094688962,0.30564548609207376,0.45279485654276574,0.634988599604503,0.3403531342798366,0.32944044639313885,0.3382710575972683,0.4650516675316705,0.4657759695702679,0.32886496311515445,0.3529355296356832
0.2603306635499809,0.20463921955629816,0.16955649327747158,0.32167001965691866,0.22145301145246843,0.2176592873227845,0.20821967253896756,0.3298192530398195,0.21017376697718126,0.3072483574041691,0.2120081591882741,0.3641295684151531,0.20598986183733325,0.29914870424019824,0.29655498617576925,0.20414505842821173,0.3910949812181421,0.21129609863943832,0.1782857090282921,0.20382324233724047,0.20503580715462744,0.1896795503703279,0.20889756955186833,0.3145283106762078,0.36902125814285336,0.2723149698454065,0.20011072069285085,0.29768891851036017,0.22382053637227994,0.23055570263154668,0.280660015825416,0.2596997894252997,0.0,0.23627357184731856,0.2726803604353307,0.31309484566037105,0.19654469781686368,0.23390435658514985,1.0,0.260120248517846,0.28958518651957266,0.20768703943205857,0.20872983804468337,0.33755746857479885,0.34050371758304177,0.2291563796588233,0.27966968320558594,0.2737618161807426,0.2944042810907419,0.2283183372595331
0.3672911646803001,0.45818890765480713,0.2885264308984855,0.3111076033277731,0.48345183561745875,0.4353157388588499,0.40013867539321046,0.33210595893107475,0.3662358231115955,0.3267610014262827,0.5600129306620689,0.3268447906036971,0.572811743857829,0.3149170719500507,0.31051813613526147,0.3982798211746773,0.40070999509410354,0.5258586973418717,0.4550083577994848,0.40578667053451534,0.5336350064348443,0.507808551494032,0.5546985603192016,0.42164572853872473,0.40543923047300257,0.43162739571353037,0.5821163457897834,0.31543996672658614,0.35126439424945877,0.36883877701450274,0.3034295079462591,0.5324616810718987,0.0,0.5444524153058682,0.4608414697806742,0.32592228374662635,0.375410617598841,0.5588809094688962,0.260120248517846,1.0,0.2983722855187252,0.4636438907547531,0.5743064898352145,0.32612750627706655,0.32553820417301504,0.34538222013030495,0.49737133803750155,0.4976579034038131,0.3154092929465899,0.3640641191471842
