../ecoli_genomes/GCF_000163235.1_ASM16323v1_genomic.fna.gz,../ecoli_genomes/GCF_000164555.1_ASM16455v1_genomic.fna.gz,../ecoli_genomes/GCF_000208545.1_ASM20854v2_genomic.fna.gz,../ecoli_genomes/GCF_000233875.1_ASM23387v1_genomic.fna.gz,../ecoli_genomes/GCF_000249735.1_ASM24973v2_genomic.fna.gz,../ecoli_genomes/GCF_000261145.1_Esch_coli_M919_V2_genomic.fna.gz,../ecoli_genomes/GCF_000267705.2_ASM26770v2_genomic.fna.gz,../ecoli_genomes/GCF_000350665.1_Esch_coli_KTE5_V1_genomic.fna.gz,../ecoli_genomes/GCF_000351625.1_Esch_coli_KTE66_V1_genomic.fna.gz,../ecoli_genomes/GCF_000352285.1_Esch_coli_KTE46_V1_genomic.fna.gz,../ecoli_genomes/GCF_000358895.1_ASM35889v1_genomic.fna.gz,../ecoli_genomes/GCF_000456385.1_Esch_coli_HVH_26_4-5703913_V1_genomic.fna.gz,../ecoli_genomes/GCF_000458195.1_Esch_coli_HVH_147_4-5893887_V1_genomic.fna.gz,../ecoli_genomes/GCF_000459755.1_Esch_coli_KOEGE_58_171a_V1_genomic.fna.gz,../ecoli_genomes/GCF_000460055.1_Esch_coli_UMEA_3053-1_V1_genomic.fna.gz,../ecoli_genomes/GCF_000462165.2_ASM46216v2_genomic.fna.gz,../ecoli_genomes/GCF_000601135.1_ASM60113v1_genomic.fna.gz,../ecoli_genomes/GCF_000614595.1_Ec2010EL1058_genomic.fna.gz,../ecoli_genomes/GCF_000617745.1_Ec2010C-4529_genomic.fna.gz,../ecoli_genomes/GCF_000618265.2_EcF6751_genomic.fna.gz,../ecoli_genomes/GCF_000619005.2_Ec2009C-4052_genomic.fna.gz,../ecoli_genomes/GCF_000619105.1_Ec2009C-4780_genomic.fna.gz,../ecoli_genomes/GCF_000619765.2_Ec2009C-3279_genomic.fna.gz,../ecoli_genomes/GCF_000687005.1_ASM68700v1_genomic.fna.gz,../ecoli_genomes/GCF_000687025.1_ASM68702v1_genomic.fna.gz,../ecoli_genomes/GCF_000700125.1_ASM70012v1_genomic.fna.gz,../ecoli_genomes/GCF_000753315.1_FHI35_genomic.fna.gz,../ecoli_genomes/GCF_000776375.1_ASM77637v1_genomic.fna.gz,../ecoli_genomes/GCF_000779395.1_ASM77939v1_genomic.fna.gz,../ecoli_genomes/GCF_000780315.1_ASM78031v1_genomic.fna.gz,../ecoli_genomes/GCF_000781995.1_ASM78199v1_genomic.fna.gz,../ecoli_genomes/GCF_000986765.1_ASM98676v1_genomic.fna.gz,../ecoli_genomes/GCF_001041375.1_ViralProj287958_genomic.fna.gz,../ecoli_genomes/GCF_001265335.1_302014_genomic.fna.gz,../ecoli_genomes/GCF_001265625.1_100854_genomic.fna.gz,../ecoli_genomes/GCF_001267345.1_303289_genomic.fna.gz,../ecoli_genomes/GCF_001309985.1_ASM130998v1_genomic.fna.gz,../ecoli_genomes/GCF_001521695.1_ASM152169v1_genomic.fna.gz,../ecoli_genomes/GCF_001592595.1_ASM159259v1_genomic.fna.gz,../ecoli_genomes/GCF_001614975.1_ASM161497v1_genomic.fna.gz,../ecoli_genomes/GCF_001692775.1_ASM169277v1_genomic.fna.gz,../ecoli_genomes/GCF_001748915.1_ASM174891v1_genomic.fna.gz,../ecoli_genomes/GCF_001749235.1_ASM174923v1_genomic.fna.gz,../ecoli_genomes/GCF_001881155.1_ASM188115v1_genomic.fna.gz,../ecoli_genomes/GCF_001881345.1_ASM188134v1_genomic.fna.gz,../ecoli_genomes/GCF_001892405.1_ASM189240v1_genomic.fna.gz,../ecoli_genomes/GCF_001892585.1_ASM189258v1_genomic.fna.gz,../ecoli_genomes/GCF_001893985.1_ASM189398v1_genomic.fna.gz,../ecoli_genomes/GCF_002001595.1_ASM200159v1_genomic.fna.gz,../ecoli_genomes/GCF_002002145.1_ASM200214v1_genomic.fna.gz
1.0,0.32649130819979144,0.25180085696050536,0.2736686651675966,0.2808552574398908,0.31285919501984283,0.3032134601878924,0.28375112778266776,0.38070060875384015,0.2845530429896438,0.320681223943751,0.2891715035979616,0.30509682611425015,0.26992442398896577,0.2587902725175141,0.3025519356965314,0.2590765348697318,0.3055578413676574,0.2617953968200428,0.3032958270351197,0.2967548810656395,0.29508261914492784,0.30846882650315055,0.3102985742106158,0.2721064165855166,0.26344904809574665,0.3124400238386156,0.2761933706468571,0.3378175230409407,0.3811867334749848,0.255009211471913,0.3043176760338976,0.0,0.30838873833183833,0.31098262649855957,0.2692987045158812,0.28869871299986216,0.31749912168699446,0.2601349605282559,0.31564712714614807,0.25672945810621384,0.3039567317988707,0.31452727492161625,0.28476422980716964,0.29411225881885295,0.31181727937278736,0.3074128032720077,0.3090164251172929,0.2664621120842189,0.34256065929349744
0.32649130819979144,1.0,0.23315391618823078,0.26671132601110004,0.3652634648295373,0.5631054728878144,0.35103280411783233,0.2779440943541701,0.29691806809224774,0.2782045248235381,0.436750603957593,0.2809905192936535,0.4127138148497801,0.26366183923395625,0.259011176174638,0.3550250573379169,0.323675172257589,0.41113471734606866,0.34555238138374056,0.3530695516557203,0.40260658568138086,0.39683696090997533,0.4146778732125188,0.49704785839584675,0.40237852618134273,0.3830052783843817,0.4181035513924283,0.2752692758614512,0.30289216516014994,0.30378823131466837,0.2571520493034588,0.3908841520381845,0.0,0.4000668166211646,0.5687949224873394,0.2610428205951618,0.3342876321289515,0.43096607279037447,0.22559175771315132,0.4236911531601494,0.25613078913550646,0.4683677971553314,0.42807394607046534,0.28511220573662743,0.28696315327265054,0.2788679884669891,0.47551177623731244,0.4741082439227339,0.28096066484156645,0.29794360676501974
0.25180085696050536,0.23315391618823078,1.0,0.2090684254463665,0.19929947898705924,0.21936623749231376,0.21591885445319314,0.21358349093495832,0.24777540075059679,0.2113361296093036,0.23379294344278956,0.21172512945367028,0.22358128737437188,0.20973116036529837,0.20613110536529444,0.22047713158947357,0.15541559079285272,0.2228562106093882,0.18689670282949966,0.21836539650557896,0.21872689731318218,0.21406559164422034,0.22340065887859972,0.20323754403661154,0.1647580885119747,0.1771223715475213,0.22654032504049793,0.21272060892991895,0.25070690059873113,0.25011666180883163,0.19815766504453447,0.21143183696125012,0.0,0.21939880079200735,0.21524283449086834,0.21015320202720222,0.20727799806387726,0.22467963257038237,0.17687133896015705,0.2273344364430503,0.2043372468312824,0.22104274768594967,0.23191112056896157,0.21460294024886561,0.21200314953096588,0.2282174312465206,0.2242998330008361,0.22354458464769522,0.21401035731669704,0.25421018509288984
0.2736686651675966,0.26671132601110004,0.2090684254463665,1.0,0.27175161202434395,0.2613345283417754,0.25032915953990853,0.5025462623623578,0.2908150272938165,0.522241948623174,0.26476873706648674,0.5003327421961143,0.27452540136491277,0.5431108144642491,0.5523826211543424,0.2713510702251313,0.2059480650761869,0.254681256250442,0.21371604967742353,0.25162382762254154,0.2500984460557527,0.24376855086208638,0.2632929304399717,0.2604500580274437,0.21983571425704718,0.2256513912431396,0.25882972813793637,0.5128600016204355,0.2997424262543231,0.2842330860444764,0.4991502440732728,0.2752818724773216,0.0,0.2493539169830261,0.25400656991015025,0.40644563997938055,0.24765269849914073,0.2528427879440004,0.38324127561317334,0.2573598380229756,0.5232265215899896,0.25417529077718204,0.25932677909655744,0.510825621019694,0.5032093690563991,0.2886469938614371,0.252285020637222,0.25297897977873507,0.4456802435591095,0.3060300559969884
0.2808552574398908,0.3652634648295373,0.19929947898705924,0.27175161202434395,1.0,0.39647232049408876,0.3052474039817641,0.2727751035745235,0.3002778527017962,0.27541542257421525,0.4727355969812135,0.24501472970920202,0.4494487920813086,0.2513024584354402,0.27731902441974077,0.34283631871269116,0.29974419420054355,0.383382345965925,0.3303640780088627,0.3051987979653059,0.3936735066596504,0.37363654615960074,0.39598007124690904,0.3788933861158762,0.3247015287221634,0.34589180532476127,0.40699888479311863,0.23898496774030575,0.27168941429690785,0.2888482550825173,0.25836822713807495,0.42951156215297315,0.0,0.39394821999483554,0.36882122707797815,0.2334071742260796,0.31289016998471897,0.42717109818594023,0.22004930754891072,0.4202578718611679,0.2714651335769531,0.381610313329636,0.4235859909469868,0.24348074146116827,0.24855010263834854,0.25859596283244657,0.3849291606564197,0.3859651081348291,0.23935942414714406,0.27445176362937884
0.31285919501984283,0.5631054728878144,0.21936623749231376,0.2613345283417754,0.39647232049408876,1.0,0.3625142401972251,0.28001583721521484,0.3014008616625714,0.2687338151540868,0.4276872950779913,0.26303827826467097,0.4185626859755083,0.26251646331002576,0.2618583489196924,0.3657900673854477,0.33735531727107915,0.4194626981935975,0.3514597225972803,0.3606958408356864,0.4023959034992054,0.3968407964467354,0.42086160309584075,0.5014331126972914,0.41793878482276425,0.38826989128300016,0.41444659144129936,0.2622334406427521,0.3057888362465945,0.2996207204460861,0.24917536787208883,0.4030075634713276,0.0,0.4175424241481467,0.5691422065380938,0.2655033013920547,0.34844636286677266,0.4266688068721348,0.23927799078912892,0.4256669779279699,0.25543208341739343,0.4772695856823055,0.42986196311944247,0.2686301233041023,0.2675472156823012,0.2833529257397619,0.48159873326017755,0.4836081611468268,0.2681901851194646,0.3041060621791002
0.3032134601878924,0.35103280411783233,0.21591885445319314,0.25032915953990853,0.3052474039817641,0.3625142401972251,1.0,0.25566048243971373,0.29574525065573765,0.2560049874122361,0.3606948715459126,0.2515270074934284,0.35000077581353817,0.24960837196176666,0.2453348792135457,0.7527853964964978,0.24215739644564527,0.38165804326106556,0.3224166975124003,0.8645167944422394,0.3894328696229301,0.3648764589977668,0.3911948802522426,0.3163442468410196,0.2614493233315366,0.27974352369917566,0.3605120649446103,0.2541945506627694,0.29229874433417546,0.29185457973639106,0.23668621461720385,0.3353772973613268,0.0,0.3555942081439747,0.3637462383498826,0.2658281324033539,0.7901991887271794,0.3445828720380669,0.22260806149295753,0.3585832034970938,0.2360170693234377,0.35156508873528036,0.36141621021672843,0.25530050820034456,0.2543082576264347,0.2678717331434123,0.34289327375422296,0.34235386439669213,0.25084183420759043,0.29122555611351775
0.28375112778266776,0.2779440943541701,0.21358349093495832,0.5025462623623578,0.2727751035745235,0.28001583721521484,0.25566048243971373,1.0,0.2877767544719292,0.5095990619144812,0.27036298387543367,0.47675803948206474,0.28455526284247157,0.4889447001097478,0.47278708451727325,0.2731142476359707,0.22804241373246847,0.26324889692989006,0.22907153689413584,0.2566471879513623,0.2588591120001821,0.2548127805233885,0.268145272753721,0.2802666026436442,0.23693008450756714,0.2385201174010273,0.2678606760556902,0.6882376403065515,0.31364495877409027,0.2844697772866017,0.473878434836672,0.27913485538244764,0.0,0.261960645385949,0.26057521559997754,0.4022037979317059,0.24943194584783956,0.27734076358434023,0.387599065587829,0.27095495704902894,0.4814146826154122,0.2617251753710367,0.26920613586961106,0.6919642527593921,0.6664076576983835,0.29147579016605063,0.2612798961831423,0.2614263716742571,0.4392530622501092,0.3070510449266398
0.38070060875384015,0.29691806809224774,0.24777540075059679,0.2908150272938165,0.3002778527017962,0.3014008616625714,0.29574525065573765,0.2877767544719292,1.0,0.29735121076637505,0.30647622664928575,0.26101586893739315,0.318859934705508,0.27491804784676177,0.283227204566151,0.31353524819850387,0.21147957153632901,0.2950251689070925,0.2431660898978325,0.2974485052316532,0.28558981167803443,0.2828903610771928,0.29798397650403385,0.2903311090077242,0.22614253705670517,0.24765777868205718,0.304357250603134,0.2659326956898904,0.32587925161252596,0.41104263547476994,0.2749050300558853,0.2959439030406097,0.0,0.28903952080967577,0.2920527856622921,0.2721044734240913,0.29143197972380996,0.2933794576304558,0.22440005654897321,0.30464724473142757,0.27834421023358435,0.2981406169492078,0.3072937678034501,0.2664287358597204,0.26279702607411126,0.30275141624165713,0.2887340949753515,0.2883910472484643,0.26442203740523484,0.3344405437791016
0.2845530429896438,0.2782045248235381,0.2113361296093036,0.522241948623174,0.27541542257421525,0.2687338151540868,0.2560049874122361,0.5095990619144812,0.29735121076637505,1.0,0.2745368471363354,0.47614628084155797,0.2888198703150683,0.5025875991677267,0.5027481226917829,0.27635736362579033,0.18920013530032698,0.2616850868567736,0.22411873779724956,0.2573356335639865,0.2528855694062394,0.25056594052261816,0.2608624706230559,0.2503982386299466,0.20740193595180112,0.2207465720017613,0.2663521196404981,0.49413694481798043,0.31122381183479797,0.28898382767036257,0.5196672585726518,0.2670508812853941,0.0,0.2542285910562849,0.25651547551903886,0.4156313848572364,0.2537303405180322,0.26400543064709747,0.38569042149290733,0.26498796400922375,0.5255197645137522,0.2587692379564175,0.2657683573092653,0.49529605488959294,0.498000404899134,0.28602121841201833,0.25416564595114277,0.2534312000301724,0.4605966548650129,0.305922884923009
0.320681223943751,0.436750603957593,0.23379294344278956,0.26476873706648674,0.4727355969812135,0.4276872950779913,0.3606948715459126,0.27036298387543367,0.30647622664928575,0.2745368471363354,1.0,0.26806492773931545,0.5213941980772704,0.26979221495627403,0.25962168920635653,0.35956475061717863,0.2823864753748443,0.4885358734031616,0.4208262346398167,0.36376031520923036,0.48582833185660845,0.49417086809783295,0.49934589344632785,0.38051330297229524,0.2983043448752467,0.3361453058369205,0.5117162137185358,0.2714481799526508,0.305443459715528,0.3142198908223165,0.25241589636571915,0.44688357050495875,0.0,0.4706256156326235,0.4334874406644549,0.2720565334689704,0.3412181866572349,0.4940568072657484,0.22699947259918285,0.5283526622045642,0.2558998952026206,0.4487183563341902,0.5162016069836867,0.27279052179653573,0.27196475861136993,0.2861051549476934,0.4412241075579635,0.43968642456709484,0.2758478441424723,0.30738257723789
0.2891715035979616,0.2809905192936535,0.21172512945367028,0.5003327421961143,0.24501472970920202,0.26303827826467097,0.2515270074934284,0.47675803948206474,0.26101586893739315,0.47614628084155797,0.26806492773931545,1.0,0.26095498291749486,0.4999726377805288,0.598494077650283,0.2560423380247716,0.2367775041203276,0.25345807841191503,0.22691732137122334,0.25207981329749485,0.2556860847014325,0.2514626117906599,0.26098626370057443,0.2695903694360179,0.24291377651410961,0.22489076249845807,0.25929878287891694,0.4846508120000764,0.30934273169951687,0.27016455978786935,0.43320350955142095,0.2648139186985389,0.0,0.2565143621681467,0.26050398625818016,0.39607268776853755,0.24126850904032815,0.2606901617721751,0.3922373892684433,0.260617853519552,0.4540789099642156,0.24978542550614502,0.2639729288221001,0.49209485414251863,0.4907272493064627,0.2906372281371614,0.2634036385384546,0.26458036352060443,0.4275844683134966,0.3024034296562814
0.30509682611425015,0.4127138148497801,0.22358128737437188,0.27452540136491277,0.4494487920813086,0.4185626859755083,0.35000077581353817,0.28455526284247157,0.318859934705508,0.2888198703150683,0.5213941980772704,0.26095498291749486,1.0,0.2670680019691196,0.27959348075824086,0.37236046567893766,0.2821718655188461,0.4837987992475662,0.4897959043934098,0.351798606026667,0.4985562485451913,0.5592032749113405,0.5420105104052921,0.39035710225760456,0.30002733936946124,0.3343300219176273,0.5312223567362637,0.265873049201092,0.2960157126960393,0.3150666890623737,0.2628007364559196,0.5066223339507009,0.0,0.5105933952098927,0.41511274952383115,0.2579819973845656,0.3501682912323991,0.49794429577123633,0.21908851157308895,0.5312166618201288,0.27004153020395416,0.4284633674117607,0.5231538925434283,0.2645277070453269,0.26224028623690465,0.2695039970515771,0.41729260961332093,0.41556392668804054,0.264971868024641,0.29693492525284537
0.26992442398896577,0.26366183923395625,0.20973116036529837,0.5431108144642491,0.2513024584354402,0.26251646331002576,0.24960837196176666,0.4889447001097478,0.27491804784676177,0.5025875991677267,0.26979221495627403,0.4999726377805288,0.2670680019691196,1.0,0.544507470685202,0.25831540060339486,0.1807374070698229,0.259065634468564,0.22093160343013551,0.2528158995141574,0.24906296322702748,0.24883142143397718,0.26142559802838206,0.23334124041842375,0.19265179967092927,0.2067606223763997,0.26113389796433006,0.5172401629947088,0.30725517650109513,0.27196350849394446,0.49088922142428704,0.2538702527751119,0.0,0.2524643668716068,0.2554292072573012,0.41257905542166573,0.2413471865629362,0.25766012496217583,0.3941367152060059,0.2578965035529679,0.5083978940801298,0.25270037140336954,0.26230916919690905,0.5104288184623593,0.5052550241986522,0.2906407162758382,0.25307027010576744,0.25351758598964047,0.44677826092154216,0.3119891825574741
0.2587902725175141,0.259011176174638,0.20613110536529444,0.5523826211543424,0.27731902441974077,0.2618583489196924,0.2453348792135457,0.47278708451727325,0.283227204566151,0.5027481226917829,0.25962168920635653,0.598494077650283,0.27959348075824086,0.544507470685202,1.0,0.269775354658791,0.1911838917175308,0.2493524138407035,0.21573070873197675,0.24573395430367284,0.24524919732132777,0.24332645546133858,0.2569667107513963,0.2502059242234913,0.20122086190884303,0.2213669956521782,0.2570092191929034,0.4813899998222554,0.29753143113913694,0.27233114932867086,0.4878096691804936,0.26759474080521195,0.0,0.24859428308894826,0.25300130266757226,0.4007297871015414,0.24371534487340607,0.2525721759784434,0.375243274681355,0.25170910824889403,0.5051881864253005,0.24759575586650762,0.25976692835791915,0.4744866873768634,0.47002519697178446,0.28651367835204844,0.2533492347196947,0.2537516474020338,0.4311662401324933,0.310767587765852
0.3025519356965314,0.3550250573379169,0.22047713158947357,0.2713510702251313,0.34283631871269116,0.3657900673854477,0.7527853964964978,0.2731142476359707,0.31353524819850387,0.27635736362579033,0.35956475061717863,0.2560423380247716,0.37236046567893766,0.25831540060339486,0.269775354658791,1.0,0.25263880241637215,0.3722374091818088,0.31463919312076205,0.764298779742777,0.37116731271569514,0.3607005880442564,0.38379942145783663,0.3379223878856942,0.2783080264410335,0.3083874914484721,0.35816791929769365,0.25637854840032204,0.29268808231434373,0.30548681472061057,0.2565092527819949,0.34964780650311256,0.0,0.35151425868390374,0.36080563635265106,0.2670621215458616,0.7422638776415699,0.34568946905662234,0.2195037706068267,0.35781603456619426,0.25810875991628646,0.3519963497075371,0.3601784780546654,0.256079720229887,0.2583048509331376,0.2686332667442386,0.34633205500188813,0.3465967047335611,0.25569711821839725,0.2929198830105185
0.2590765348697318,0.323675172257589,0.15541559079285272,0.2059480650761869,0.29974419420054355,0.33735531727107915,0.24215739644564527,0.22804241373246847,0.21147957153632901,0.18920013530032698,0.2823864753748443,0.2367775041203276,0.2821718655188461,0.1807374070698229,0.1911838917175308,0.25263880241637215,1.0,0.2697150215440578,0.22872598738574146,0.24158854647672878,0.2714143374825242,0.26641225861807905,0.28194483321083375,0.5180970557117222,0.6184335770624774,0.41733870613612034,0.2728186955517333,0.19130655963739418,0.20390213188957695,0.2172457246629731,0.17700083575534376,0.4056819513692437,0.0,0.30218485362883385,0.3329760068593498,0.18554624308156809,0.2436178963777843,0.27981808737936953,0.26772153398894194,0.2935350653627047,0.17661847620634885,0.30353715182599694,0.28412568569201113,0.2310870108729821,0.2320160038054634,0.21832566687130672,0.35823970725968113,0.36438174272019064,0.1787110887290957,0.20446414601620588
0.3055578413676574,0.41113471734606866,0.2228562106093882,0.254681256250442,0.383382345965925,0.4194626981935975,0.38165804326106556,0.26324889692989006,0.2950251689070925,0.2616850868567736,0.4885358734031616,0.25345807841191503,0.4837987992475662,0.259065634468564,0.2493524138407035,0.3722374091818088,0.2697150215440578,1.0,0.4508680562012335,0.38474451733914816,0.5019811160418017,0.5012665990165511,0.5207121762603723,0.3679005273751067,0.2853977701883299,0.31400487955061007,0.4984317553755746,0.2598314089456215,0.2977577175377505,0.29843141846742216,0.2422305338757489,0.43750370131329264,0.0,0.4637633632344452,0.41775403509566855,0.2722954043025333,0.3654859886799259,0.4613516385730786,0.22568581780973918,0.493183839472048,0.24440360023726737,0.423979532365539,0.48567834701238766,0.2588291412389059,0.2571272427709457,0.27285041882978045,0.41617890030064564,0.41491370101088887,0.2571086640813688,0.29941118591511307
0.2617953968200428,0.34555238138374056,0.18689670282949966,0.21371604967742353,0.3303640780088627,0.3514597225972803,0.3224166975124003,0.22907153689413584,0.2431660898978325,0.22411873779724956,0.4208262346398167,0.22691732137122334,0.4897959043934098,0.22093160343013551,0.21573070873197675,0.31463919312076205,0.22872598738574146,0.4508680562012335,1.0,0.31704961122755926,0.4354549874449042,0.5124012267178311,0.44126438558713355,0.3068997487549284,0.25021725890915825,0.2613989564455761,0.4206432617413167,0.22837351499235448,0.2509140247074467,0.2492138996065082,0.21350601260357704,0.427451361012812,0.0,0.4054603966540772,0.35363471073974084,0.2300455180120109,0.3041770176013088,0.39604602194162175,0.19010955701413412,0.42177270065649397,0.21110690783940023,0.35053642732544465,0.41709732482612116,0.23055790744753857,0.22832140758032238,0.2332009001261801,0.3464493155961571,0.3466473773998868,0.2201805320305752,0.2520190852917077
0.3032958270351197,0.3530695516557203,0.21836539650557896,0.25162382762254154,0.3051987979653059,0.3606958408356864,0.8645167944422394,0.2566471879513623,0.2974485052316532,0.2573356335639865,0.36376031520923036,0.25207981329749485,0.351798606026667,0.2528158995141574,0.24573395430367284,0.764298779742777,0.24158854647672878,0.38474451733914816,0.31704961122755926,1.0,0.38746974549740176,0.3655789682802154,0.3923974011430381,0.3150357844761662,0.25887001003317167,0.2811303505221635,0.3638212783396193,0.2553854258792839,0.29334954349400544,0.29412416056825796,0.23605885258765313,0.3346408197341817,0.0,0.3529340432829987,0.3629796544471666,0.2665058247713713,0.7935528278516597,0.34690265559111044,0.2221504768281667,0.36214396540057725,0.2378084790462328,0.3522952627597382,0.36260234146023784,0.25597756365455904,0.2546439611982485,0.27137674071398565,0.34482245252014354,0.3442849010484994,0.25366774582219975,0.2942835400648435
0.2967548810656395,0.40260658568138086,0.21872689731318218,0.2500984460557527,0.3936735066596504,0.4023959034992054,0.3894328696229301,0.2588591120001821,0.28558981167803443,0.2528855694062394,0.48582833185660845,0.2556860847014325,0.4985562485451913,0.24906296322702748,0.24524919732132777,0.37116731271569514,0.2714143374825242,0.5019811160418017,0.4354549874449042,0.38746974549740176,1.0,0.5123517994200982,0.5457012206631247,0.3643517508333093,0.2868310221532472,0.3145942628178935,0.5092655747450181,0.2573601185163975,0.28361407400879735,0.29311358628355655,0.2354610254333418,0.45246559865466107,0.0,0.49718485039156457,0.4141465435777597,0.26732633983268184,0.36590893114132783,0.4770410328480317,0.22228197541540062,0.5081285174788019,0.24002448531107778,0.4029663797273939,0.502167083827858,0.2573031845676249,0.2573583585964536,0.2727928518110293,0.41065263703624255,0.4095572888261795,0.25632546899910913,0.29192977718615376
0.29508261914492784,0.39683696090997533,0.21406559164422034,0.24376855086208638,0.37363654615960074,0.3968407964467354,0.3648764589977668,0.2548127805233885,0.2828903610771928,0.25056594052261816,0.49417086809783295,0.2514626117906599,0.5592032749113405,0.24883142143397718,0.24332645546133858,0.3607005880442564,0.26641225861807905,0.5012665990165511,0.5124012267178311,0.3655789682802154,0.5123517994200982,1.0,0.714361368132477,0.34963446265484466,0.27892428110019096,0.3052914268131671,0.5149809568421664,0.25427128074782956,0.28276396338064613,0.2873115669242112,0.23499507495471816,0.47161445124766266,0.0,0.61722132868673,0.40423591972751505,0.2567999111153172,0.34476488844646425,0.4774769927694038,0.21311207139628607,0.5125439733713653,0.23421418658632076,0.4029310145130204,0.5118870487712658,0.2551185103805217,0.25171575302052007,0.26310359051886967,0.39735594277464126,0.3963100091351317,0.2521417287120925,0.288901942782559
0.30846882650315055,0.4146778732125188,0.22340065887859972,0.2632929304399717,0.39598007124690904,0.42086160309584075,0.3911948802522426,0.268145272753721,0.29798397650403385,0.2608624706230559,0.49934589344632785,0.26098626370057443,0.5420105104052921,0.26142559802838206,0.2569667107513963,0.38379942145783663,0.28194483321083375,0.5207121762603723,0.44126438558713355,0.3923974011430381,0.5457012206631247,0.714361368132477,1.0,0.36993117249452645,0.29951319673096843,0.32385391486082893,0.5329596302012549,0.26630743402245927,0.29469681014453075,0.29739800327127963,0.2480500816862431,0.47906438459332,0.0,0.6311963208334557,0.42142960003920016,0.27030396505141496,0.3737084346918018,0.4921810500967343,0.23011474018858113,0.5250315376310486,0.24800189770111591,0.41789909423850746,0.5224824653653986,0.26533247037577146,0.2635954034299456,0.2718332002501608,0.41018273767950253,0.40970040508319727,0.2623780258377991,0.2987820739443492
0.3102985742106158,0.49704785839584675,0.20323754403661154,0.2604500580274437,0.3788933861158762,0.5014331126972914,0.3163442468410196,0.2802666026436442,0.2903311090077242,0.2503982386299466,0.38051330297229524,0.2695903694360179,0.39035710225760456,0.23334124041842375,0.2502059242234913,0.3379223878856942,0.5180970557117222,0.3679005273751067,0.3068997487549284,0.3150357844761662,0.3643517508333093,0.34963446265484466,0.36993117249452645,1.0,0.5665744249622697,0.4406063604950553,0.3741502881642129,0.23913007653313145,0.2667119328848827,0.28994421115351554,0.2369202295687476,0.4277725911691187,0.0,0.3726526810796025,0.5065082203745364,0.23515312427380064,0.31457278928939825,0.3690935792731803,0.25169823712407646,0.3794843975429507,0.24205303132049116,0.4242541958661733,0.37463331373455355,0.2593657567051588,0.2606802881302641,0.2598395872430298,0.4418726616980405,0.4448494007028504,0.23311235063889757,0.2664323752665908
0.2721064165855166,0.40237852618134273,0.1647580885119747,0.21983571425704718,0.3247015287221634,0.41793878482276425,0.2614493233315366,0.23693008450756714,0.22614253705670517,0.20740193595180112,0.2983043448752467,0.24291377651410961,0.30002733936946124,0.19265179967092927,0.20122086190884303,0.2783080264410335,0.6184335770624774,0.2853977701883299,0.25021725890915825,0.25887001003317167,0.2868310221532472,0.27892428110019096,0.29951319673096843,0.5665744249622697,1.0,0.44109812291764616,0.29055823318703633,0.19698097292001504,0.21751665646314067,0.23030280985047658,0.1952400369114582,0.4192640304938736,0.0,0.3129832065202607,0.4106569151076078,0.19285547852891005,0.2608803740566614,0.3046260358262456,0.25837199509115294,0.30835082160778404,0.1946107090531407,0.334466536741974,0.304973418284196,0.23971702067049294,0.23724211558441222,0.22976167373044243,0.37925324528135096,0.3847275371075003,0.1980450067675652,0.2138143946311456
0.26344904809574665,0.3830052783843817,0.1771223715475213,0.2256513912431396,0.34589180532476127,0.38826989128300016,0.27974352369917566,0.2385201174010273,0.24765777868205718,0.2207465720017613,0.3361453058369205,0.22489076249845807,0.3343300219176273,0.2067606223763997,0.2213669956521782,0.3083874914484721,0.41733870613612034,0.31400487955061007,0.2613989564455761,0.2811303505221635,0.3145942628178935,0.3052914268131671,0.32385391486082893,0.4406063604950553,0.44109812291764616,1.0,0.31866190971470354,0.21256871954115086,0.23140560545595723,0.2429131787251284,0.20767482048101638,0.37007029171307915,0.0,0.3246096326642306,0.3956255446666306,0.20369490231436616,0.28178356241452496,0.32731289355552684,0.21577796047947706,0.33073157279340937,0.20846555538161604,0.3651969887353792,0.32523696402867186,0.2390062288161663,0.23606213230203088,0.22306243623839705,0.3925928642250893,0.40456866644724865,0.21280704651679283,0.23067401522622966
0.3124400238386156,0.4181035513924283,0.22654032504049793,0.25882972813793637,0.40699888479311863,0.41444659144129936,0.3605120649446103,0.2678606760556902,0.304357250603134,0.2663521196404981,0.5117162137185358,0.25929878287891694,0.5312223567362637,0.26113389796433006,0.2570092191929034,0.35816791929769365,0.2728186955517333,0.4984317553755746,0.4206432617413167,0.3638212783396193,0.5092655747450181,0.5149809568421664,0.5329596302012549,0.3741502881642129,0.29055823318703633,0.31866190971470354,1.0,0.2620398695425975,0.300228677440853,0.3057315063564572,0.24716810796124833,0.4710816067630662,0.0,0.49786467357568776,0.4183362734765854,0.2653476608218963,0.3463053351588864,0.5835547127245657,0.21978529144228576,0.5488348675806834,0.2487424406980674,0.4232967235317091,0.6187884818174711,0.26575143890123143,0.2610185672816502,0.281755846634436,0.41338987528384286,0.41260148447919875,0.2653091955066683,0.3029967131320024
0.2761933706468571,0.2752692758614512,0.21272060892991895,0.5128600016204355,0.23898496774030575,0.2622334406427521,0.2541945506627694,0.6882376403065515,0.2659326956898904,0.49413694481798043,0.2714481799526508,0.4846508120000764,0.265873049201092,0.5172401629947088,0.4813899998222554,0.25637854840032204,0.19130655963739418,0.2598314089456215,0.22837351499235448,0.2553854258792839,0.2573601185163975,0.25427128074782956,0.26630743402245927,0.23913007653313145,0.19698097292001504,0.21256871954115086,0.2620398695425975,1.0,0.30838697658551784,0.2694325741325142,0.46460480399950954,0.2581314594308233,0.0,0.2562994626387546,0.25565373412716796,0.4068132802154214,0.2413245991628853,0.2698525218465463,0.3778932606057316,0.2614899694369245,0.4826021872423819,0.2544775651288841,0.263213006166064,0.7947121391321004,0.7611249852293519,0.28470966484794813,0.2569843420368666,0.2567643316477416,0.45105046265287263,0.30136753617135814
0.3378175230409407,0.30289216516014994,0.25070690059873113,0.2997424262543231,0.27168941429690785,0.3057888362465945,0.29229874433417546,0.31364495877409027,0.32587925161252596,0.31122381183479797,0.305443459715528,0.30934273169951687,0.2960157126960393,0.30725517650109513,0.29753143113913694,0.29268808231434373,0.20390213188957695,0.2977577175377505,0.2509140247074467,0.29334954349400544,0.28361407400879735,0.28276396338064613,0.29469681014453075,0.2667119328848827,0.21751665646314067,0.23140560545595723,0.300228677440853,0.30838697658551784,1.0,0.32161000880385116,0.29043187863832753,0.27960856268380485,0.0,0.29017892989263927,0.2918218059011828,0.3064259030149321,0.2783751064490084,0.29707500334273185,0.25241474585238144,0.297979025026057,0.28888559800867897,0.28708487720171805,0.30044200380499997,0.3062518216374427,0.30513644260853434,0.39030170986343893,0.2901205550983341,0.2889788136913778,0.29966502374906034,0.6197175389223742
0.3811867334749848,0.30378823131466837,0.25011666180883163,0.2842330860444764,0.2888482550825173,0.2996207204460861,0.29185457973639106,0.2844697772866017,0.41104263547476994,0.28898382767036257,0.3142198908223165,0.27016455978786935,0.3150666890623737,0.27196350849394446,0.27233114932867086,0.30548681472061057,0.2172457246629731,0.29843141846742216,0.2492138996065082,0.29412416056825796,0.29311358628355655,0.2873115669242112,0.29739800327127963,0.28994421115351554,0.23030280985047658,0.2429131787251284,0.3057315063564572,0.2694325741325142,0.32161000880385116,1.0,0.26651102567644613,0.28426794297411007,0.0,0.2879144551253463,0.2974415868427881,0.26890756295086526,0.28136935741416513,0.2972364517381608,0.23918501403516956,0.313110757472989,0.27245149017277737,0.30220926777543855,0.3097248387663678,0.27232795683653654,0.26938107574022585,0.3161425878231019,0.30259193291065156,0.3019412195353084,0.2721702531413228,0.3286763546652115
0.255009211471913,0.2571520493034588,0.19815766504453447,0.4991502440732728,0.25836822713807495,0.24917536787208883,0.23668621461720385,0.473878434836672,0.2749050300558853,0.5196672585726518,0.25241589636571915,0.43320350955142095,0.2628007364559196,0.49088922142428704,0.4878096691804936,0.2565092527819949,0.17700083575534376,0.2422305338757489,0.21350601260357704,0.23605885258765313,0.2354610254333418,0.23499507495471816,0.2480500816862431,0.2369202295687476,0.1952400369114582,0.20767482048101638,0.24716810796124833,0.46460480399950954,0.29043187863832753,0.26651102567644613,1.0,0.25414599423353,0.0,0.2433538208276036,0.2411960642156692,0.3933259433857048,0.23314851137975912,0.2425545558481602,0.35156831413401857,0.2470330844674402,0.6515467777621509,0.2426227388290776,0.24614368936495845,0.4667485176504592,0.4627924664453493,0.27057665873643977,0.23996412073374906,0.23927382875063474,0.42434379698107605,0.2874465591143923
0.3043176760338976,0.3908841520381845,0.21143183696125012,0.2752818724773216,0.42951156215297315,0.4030075634713276,0.3353772973613268,0.27913485538244764,0.2959439030406097,0.2670508812853941,0.44688357050495875,0.2648139186985389,0.5066223339507009,0.2538702527751119,0.26759474080521195,0.34964780650311256,0.4056819513692437,0.43750370131329264,0.427451361012812,0.3346408197341817,0.45246559865466107,0.47161445124766266,0.47906438459332,0.4277725911691187,0.4192640304938736,0.37007029171307915,0.4710816067630662,0.2581314594308233,0.27960856268380485,0.28426794297411007,0.25414599423353,1.0,0.0,0.4658486089676098,0.3896255112598288,0.24554384285132758,0.3361997759929416,0.4682403276090744,0.24053948563101557,0.48488492808565065,0.2540154807069962,0.3953328232064647,0.48332265440211997,0.2670853927921901,0.27007511944220164,0.26844417658694364,0.40996172784536855,0.4124970774337382,0.244539303748618,0.2772524956754955
0.0,0.0,0.0,0.0,0.0,0.0,0.0,0.0,0.0,0.0,0.0,0.0,0.0,0.0,0.0,0.0,0.0,0.0,0.0,0.0,0.0,0.0,0.0,0.0,0.0,0.0,0.0,0.0,0.0,0.0,0.0,0.0,1.0,0.0,0.0,0.0,0.0,0.0,0.0,0.0,0.0,0.0,0.0,0.0,0.0,0.0,0.0,0.0,0.0,0.0
0.30838873833183833,0.4000668166211646,0.21939880079200735,0.2493539169830261,0.39394821999483554,0.4175424241481467,0.3555942081439747,0.261960645385949,0.28903952080967577,0.2542285910562849,0.4706256156326235,0.2565143621681467,0.5105933952098927,0.2524643668716068,0.24859428308894826,0.35151425868390374,0.30218485362883385,0.4637633632344452,0.4054603966540772,0.3529340432829987,0.49718485039156457,0.61722132868673,0.6311963208334557,0.3726526810796025,0.3129832065202607,0.3246096326642306,0.49786467357568776,0.2562994626387546,0.29017892989263927,0.2879144551253463,0.2433538208276036,0.4658486089676098,0.0,1.0,0.41655424285715714,0.27441912855893535,0.33368968567818047,0.477640251274303,0.23758907693621034,0.5013601622125052,0.24173451718876016,0.40716357984522,0.5090996514983442,0.25961639150459526,0.26376541710270307,0.26725160194196684,0.40738993058106265,0.40851919709618767,0.2519095451307174,0.2952057882251623
0.31098262649855957,0.5687949224873394,0.21524283449086834,0.25400656991015025,0.36882122707797815,0.5691422065380938,0.3637462383498826,0.26057521559997754,0.2920527856622921,0.25651547551903886,0.4334874406644549,0.26050398625818016,0.41511274952383115,0.2554292072573012,0.25300130266757226,0.36080563635265106,0.3329760068593498,0.41775403509566855,0.35363471073974084,0.3629796544471666,0.4141465435777597,0.40423591972751505,0.42142960003920016,0.5065082203745364,0.4106569151076078,0.3956255446666306,0.4183362734765854,0.25565373412716796,0.2918218059011828,0.2974415868427881,0.2411960642156692,0.3896255112598288,0.0,0.41655424285715714,1.0,0.2598772689279433,0.3424479381704768,0.4085160643607496,0.22976051202954162,0.4267562447830807,0.24376378266022392,0.4763707515310863,0.4319789120630385,0.2563774486157716,0.26011025580651825,0.27076958083609726,0.4725929099194385,0.47306780353834677,0.2590809582290142,0.2924358355779926
0.2692987045158812,0.2610428205951618,0.21015320202720222,0.40644563997938055,0.2334071742260796,0.2655033013920547,0.2658281324033539,0.4022037979317059,0.2721044734240913,0.4156313848572364,0.2720565334689704,0.39607268776853755,0.2579819973845656,0.41257905542166573,0.4007297871015414,0.2670621215458616,0.18554624308156809,0.2722954043025333,0.2300455180120109,0.2665058247713713,0.26732633983268184,0.2567999111153172,0.27030396505141496,0.23515312427380064,0.19285547852891005,0.20369490231436616,0.2653476608218963,0.4068132802154214,0.3064259030149321,0.26890756295086526,0.3933259433857048,0.24554384285132758,0.0,0.27441912855893535,0.2598772689279433,1.0,0.25306190545809193,0.25491429673574584,0.3792305111348304,0.26656586468517307,0.39717930339885577,0.2561065459930597,0.2632944164645581,0.4082328426740538,0.4083457723388876,0.27894232560893395,0.25318927490451804,0.2525903382066259,0.40666873635715517,0.3066614579052086
0.28869871299986216,0.3342876321289515,0.20727799806387726,0.24765269849914073,0.31289016998471897,0.34844636286677266,0.7901991887271794,0.24943194584783956,0.29143197972380996,0.2537303405180322,0.3412181866572349,0.24126850904032815,0.3501682912323991,0.2413471865629362,0.24371534487340607,0.7422638776415699,0.2436178963777843,0.3654859886799259,0.3041770176013088,0.7935528278516597,0.36590893114132783,0.34476488844646425,0.3737084346918018,0.31457278928939825,0.2608803740566614,0.28178356241452496,0.3463053351588864,0.2413245991628853,0.2783751064490084,0.28136935741416513,0.23314851137975912,0.3361997759929416,0.0,0.33368968567818047,0.3424479381704768,0.25306190545809193,1.0,0.33035211303842726,0.2114537408685938,0.3385880487275922,0.23403756633640138,0.3370642208983763,0.34628396975131204,0.24296773256811288,0.2419786090651571,0.2544098575965754,0.3264491925994475,0.3264424361374253,0.23859262628458733,0.2779704202379989
0.31749912168699446,0.43096607279037447,0.22467963257038237,0.2528427879440004,0.42717109818594023,0.4266688068721348,0.3445828720380669,0.27734076358434023,0.2933794576304558,0.26400543064709747,0.4940568072657484,0.2606901617721751,0.49794429577123633,0.25766012496217583,0.2525721759784434,0.34568946905662234,0.27981808737936953,0.4613516385730786,0.39604602194162175,0.34690265559111044,0.4770410328480317,0.4774769927694038,0.4921810500967343,0.3690935792731803,0.3046260358262456,0.32731289355552684,0.5835547127245657,0.2698525218465463,0.29707500334273185,0.2972364517381608,0.2425545558481602,0.4682403276090744,0.0,0.477640251274303,0.4085160643607496,0.25491429673574584,0.33035211303842726,1.0,0.226180681036541,0.5244069286916456,0.24709576913054487,0.4210084651671173,0.6276291277687633,0.27425297411650096,0.269797708621465,0.279510884659839,0.42217270495116355,0.4219087118339856,0.268440813239755,0.2968943239088945
0.2601349605282559,0.22559175771315132,0.17687133896015705,0.38324127561317334,0.22004930754891072,0.23927799078912892,0.22260806149295753,0.387599065587829,0.22440005654897321,0.38569042149290733,0.22699947259918285,0.3922373892684433,0.21908851157308895,0.3941367152060059,0.375243274681355,0.2195037706068267,0.26772153398894194,0.22568581780973918,0.19010955701413412,0.2221504768281667,0.22228197541540062,0.21311207139628607,0.23011474018858113,0.25169823712407646,0.25837199509115294,0.21577796047947706,0.21978529144228576,0.3778932606057316,0.25241474585238144,0.23918501403516956,0.35156831413401857,0.24053948563101557,0.0,0.23758907693621034,0.22976051202954162,0.3792305111348304,0.2114537408685938,0.226180681036541,1.0,0.22658325773023114,0.35566324957723616,0.22386468549893757,0.22450002221565135,0.3928482396120285,0.3961756377485538,0.24464963481978097,0.23340962170336532,0.2341323041932838,0.36207796932424496,0.2522645810948294
0.31564712714614807,0.4236911531601494,0.2273344364430503,0.2573598380229756,0.4202578718611679,0.4256669779279699,0.3585832034970938,0.27095495704902894,0.30464724473142757,0.26498796400922375,0.5283526622045642,0.260617853519552,0.5312166618201288,0.2578965035529679,0.25170910824889403,0.35781603456619426,0.2935350653627047,0.493183839472048,0.42177270065649397,0.36214396540057725,0.5081285174788019,0.5125439733713653,0.5250315376310486,0.3794843975429507,0.30835082160778404,0.33073157279340937,0.5488348675806834,0.2614899694369245,0.297979025026057,0.313110757472989,0.2470330844674402,0.48488492808565065,0.0,0.5013601622125052,0.4267562447830807,0.26656586468517307,0.3385880487275922,0.5244069286916456,0.22658325773023114,1.0,0.24886189166333328,0.43289432641879355,0.5518969890746583,0.2652086168010046,0.26699020476754154,0.2897455949683183,0.4439881683941195,0.44242904362259095,0.26502125479987493,0.3082752248769127
