../ecoli_genomes/GCF_000163235.1_ASM16323v1_genomic.fna.gz,../ecoli_genomes/GCF_000164555.1_ASM16455v1_genomic.fna.gz,../ecoli_genomes/GCF_000208545.1_ASM20854v2_genomic.fna.gz,../ecoli_genomes/GCF_000233875.1_ASM23387v1_genomic.fna.gz,../ecoli_genomes/GCF_000249735.1_ASM24973v2_genomic.fna.gz,../ecoli_genomes/GCF_000261145.1_Esch_coli_M919_V2_genomic.fna.gz,../ecoli_genomes/GCF_000267705.2_ASM26770v2_genomic.fna.gz,../ecoli_genomes/GCF_000350665.1_Esch_coli_KTE5_V1_genomic.fna.gz,../ecoli_genomes/GCF_000351625.1_Esch_coli_KTE66_V1_genomic.fna.gz,../ecoli_genomes/GCF_000352285.1_Esch_coli_KTE46_V1_genomic.fna.gz,../ecoli_genomes/GCF_000358895.1_ASM35889v1_genomic.fna.gz,../ecoli_genomes/GCF_000456385.1_Esch_coli_HVH_26_4-5703913_V1_genomic.fna.gz,../ecoli_genomes/GCF_000458195.1_Esch_coli_HVH_147_4-5893887_V1_genomic.fna.gz,../ecoli_genomes/GCF_000459755.1_Esch_coli_KOEGE_58_171a_V1_genomic.fna.gz,../ecoli_genomes/GCF_000460055.1_Esch_coli_UMEA_3053-1_V1_genomic.fna.gz,../ecoli_genomes/GCF_000462165.2_ASM46216v2_genomic.fna.gz,../ecoli_genomes/GCF_000601135.1_ASM60113v1_genomic.fna.gz,../ecoli_genomes/GCF_000614595.1_Ec2010EL1058_genomic.fna.gz,../ecoli_genomes/GCF_000617745.1_Ec2010C-4529_genomic.fna.gz,../ecoli_genomes/GCF_000618265.2_EcF6751_genomic.fna.gz,../ecoli_genomes/GCF_000619005.2_Ec2009C-4052_genomic.fna.gz,../ecoli_genomes/GCF_000619105.1_Ec2009C-4780_genomic.fna.gz,../ecoli_genomes/GCF_000619765.2_Ec2009C-3279_genomic.fna.gz,../ecoli_genomes/GCF_000687005.1_ASM68700v1_genomic.fna.gz,../ecoli_genomes/GCF_000687025.1_ASM68702v1_genomic.fna.gz,../ecoli_genomes/GCF_000700125.1_ASM70012v1_genomic.fna.gz,../ecoli_genomes/GCF_000753315.1_FHI35_genomic.fna.gz,../ecoli_genomes/GCF_000776375.1_ASM77637v1_genomic.fna.gz,../ecoli_genomes/GCF_000779395.1_ASM77939v1_genomic.fna.gz,../ecoli_genomes/GCF_000780315.1_ASM78031v1_genomic.fna.gz,../ecoli_genomes/GCF_000781995.1_ASM78199v1_genomic.fna.gz,../ecoli_genomes/GCF_000986765.1_ASM98676v1_genomic.fna.gz,../ecoli_genomes/GCF_001041375.1_ViralProj287958_genomic.fna.gz,../ecoli_genomes/GCF_001265335.1_302014_genomic.fna.gz,../ecoli_genomes/GCF_001265625.1_100854_genomic.fna.gz,../ecoli_genomes/GCF_001267345.1_303289_genomic.fna.gz,../ecoli_genomes/GCF_001309985.1_ASM130998v1_genomic.fna.gz,../ecoli_genomes/GCF_001521695.1_ASM152169v1_genomic.fna.gz,../ecoli_genomes/GCF_001592595.1_ASM159259v1_genomic.fna.gz,../ecoli_genomes/GCF_001614975.1_ASM161497v1_genomic.fna.gz,../ecoli_genomes/GCF_001692775.1_ASM169277v1_genomic.fna.gz,../ecoli_genomes/GCF_001748915.1_ASM174891v1_genomic.fna.gz,../ecoli_genomes/GCF_001749235.1_ASM174923v1_genomic.fna.gz,../ecoli_genomes/GCF_001881155.1_ASM188115v1_genomic.fna.gz,../ecoli_genomes/GCF_001881345.1_ASM188134v1_genomic.fna.gz,../ecoli_genomes/GCF_001892405.1_ASM189240v1_genomic.fna.gz,../ecoli_genomes/GCF_001892585.1_ASM189258v1_genomic.fna.gz,../ecoli_genomes/GCF_001893985.1_ASM189398v1_genomic.fna.gz,../ecoli_genomes/GCF_002001595.1_ASM200159v1_genomic.fna.gz,../ecoli_genomes/GCF_002002145.1_ASM200214v1_genomic.fna.gz
1.0,0.3172685218533431,0.26650488132685046,0.2789607552346056,0.2850174194878119,0.31423211528752093,0.300087545953138,0.2872045249978208,0.3881511723101829,0.29547925118399154,0.3223601307405841,0.287550735687808,0.3188016620604207,0.27649685367626875,0.2671732775587671,0.29860185808685846,0.2753620497828897,0.3067131577283234,0.30143874431835904,0.2990053545239951,0.2960641120292461,0.30304710837961757,0.3121045465745118,0.30424236544926064,0.2767991713260982,0.24971194566744315,0.3088764502804784,0.2777727527073133,0.34237201304650444,0.3804787596060081,0.2611140909369153,0.3061348597705017,0.0,0.30735690011989236,0.304741035191301,0.2783911328164156,0.283782480560106,0.315723866398511,0.24498330656708067,0.31415233005060095,0.2636586794478635,0.3034012415199506,0.31421523639289484,0.28176641497993404,0.28889589766947044,0.3171324661408004,0.3064010440249436,0.3060467144639163,0.27161437734483984,0.34390474986140773
0.3172685218533431,1.0,0.2418719772476956,0.27658194467547137,0.37556727114801236,0.5593184068862793,0.35093947862059405,0.2830834152434515,0.2958549283437927,0.28912484803455785,0.43162594860183046,0.28508984249479885,0.4240062097291204,0.270525908975326,0.2680930477190958,0.3528964778369552,0.37897418883482237,0.41464305633848864,0.3987234874429588,0.35178660399103645,0.40209780795965333,0.4105404630218292,0.417556165976289,0.5153803163786161,0.4515492786290187,0.3469912704306226,0.41993635803240503,0.2758729134493596,0.30272448377072836,0.30169098359370417,0.26197253181160374,0.4030889389525817,0.0,0.4036288202079795,0.5498445992381293,0.2660413921100827,0.32908438273457363,0.4220002845548906,0.20033912495188488,0.42508152378759945,0.26510459541624243,0.46871559140156616,0.42598806610263795,0.28774637469320774,0.2878895717474843,0.27736285319380605,0.4645867430720625,0.47668214722140556,0.2830720765035811,0.2938475936274737
0.26650488132685046,0.2418719772476956,1.0,0.21400344914440916,0.20060768947130914,0.22623413110767254,0.22147293264743606,0.21968013392062535,0.25521898369203544,0.22107254249025732,0.24048049477748257,0.21208705189815225,0.2376127660755154,0.21740912960197767,0.21030079436332327,0.22255554258345722,0.18559836537303276,0.2313503522761039,0.2210597505789943,0.22324278053807967,0.22941722238578244,0.2301165709348133,0.23503230807237852,0.2096338840768237,0.1868041386820699,0.16282726976020345,0.2351478272332096,0.21699392746763468,0.25711456912867126,0.25935605941857587,0.20427012185509974,0.22133592742874608,0.0,0.22963745310918493,0.21955356863974151,0.2168690451430073,0.2074683755925001,0.22890916063335454,0.1646137315125068,0.2412271330446193,0.2053773269545769,0.2297698111920805,0.2412577720190351,0.22269074324416194,0.21877700677863365,0.24014538005622454,0.22861881492541902,0.233379784787199,0.22799415633615827,0.2596020380278419
0.2789607552346056,0.27658194467547137,0.21400344914440916,1.0,0.27234131254837246,0.2748918626597482,0.2531461433365605,0.5004929557538131,0.2836886334758988,0.5245885198916285,0.26870653820891666,0.5119966490070325,0.2797216520775663,0.5416111232099939,0.5653602426641314,0.265280636518482,0.2375615614023262,0.26049947558025,0.25305828078122916,0.25351571254530425,0.25603131252075473,0.25661184866802,0.26820352977801576,0.2573959503828638,0.23570187402993337,0.2103007278405592,0.2593033589470386,0.5152801131654792,0.30246399905619004,0.2784336912682528,0.49654983952849685,0.2824761190172701,0.0,0.25310567355940217,0.2553129419999236,0.4177498115539787,0.24449404634981153,0.25855289785437463,0.34158452365784286,0.2559828672495107,0.5129147624227645,0.25750518440339387,0.2635838669478119,0.5185616665078221,0.5124348743248835,0.293157307505555,0.2544007559661201,0.2576589719748189,0.45074781604457426,0.3049857990730832
0.2850174194878119,0.37556727114801236,0.20060768947130914,0.27234131254837246,1.0,0.3980599224391944,0.3119445993261375,0.2672697555660858,0.3006050512816263,0.280542033200179,0.4867920379917966,0.26103813643531837,0.4738583880400643,0.25794117741464173,0.2716958886640386,0.3465629038788811,0.35141188977329607,0.3902319789110721,0.3838067817085392,0.3099465217819678,0.39956579484139254,0.39443248976709455,0.40308164919623535,0.40005217875179355,0.34930281722934553,0.32828467384439197,0.40911269971039355,0.2344738229395643,0.27281839021098586,0.29400160305497924,0.2520497755420875,0.4515753516283414,0.0,0.4056940053543009,0.37423594270501426,0.23877225158798077,0.3157516920063811,0.43769717511218664,0.22064309744494148,0.4186575646675278,0.2733661826042202,0.38781703291824676,0.43123816475439725,0.24540601650862892,0.2504308842700924,0.2523698886852427,0.38810989229558024,0.3950279146815002,0.24239770277448447,0.2701343127913576
0.31423211528752093,0.5593184068862793,0.22623413110767254,0.2748918626597482,0.3980599224391944,1.0,0.36285811633248366,0.28639155881898826,0.30040588966998993,0.2797383014153585,0.4209061502180447,0.2746336532251491,0.42888155186765586,0.26878211767314464,0.2679004888940859,0.3638297179005161,0.4121493202690114,0.4162789499285807,0.4017337043884822,0.35964823771279963,0.39177443821346425,0.40735302938600826,0.4170052683047146,0.5324460084581426,0.47835683314585686,0.3740778972053266,0.40645889000361246,0.26448558965446045,0.30460182839112127,0.2993878564393233,0.25979770482707387,0.4196704666763954,0.0,0.419534715366069,0.5543925366874929,0.27123442450639823,0.3504456535184891,0.41383126001095305,0.24195601211606532,0.41881298763415575,0.2649153235491676,0.4690236136467345,0.4237055936231422,0.27022931675318207,0.272005667857926,0.2739692528591736,0.47627848724929867,0.48127251609046073,0.26509974637927214,0.29738965858789
0.300087545953138,0.35093947862059405,0.22147293264743606,0.2531461433365605,0.3119445993261375,0.36285811633248366,1.0,0.2576912380144436,0.29396264448891596,0.25770956263513956,0.3648805301643744,0.2522443135751562,0.36101670762372406,0.2500379792820756,0.24564336653609475,0.7579001193322907,0.28567076529787816,0.3869920133309209,0.3768453523644939,0.8708425738422225,0.3861412418757948,0.3731983683426673,0.3887062832569129,0.33135250868690724,0.28637033234994536,0.25330414980714444,0.36120713593512055,0.24776557067811678,0.28714257183870595,0.2955386503310965,0.24061947894445002,0.343840697226781,0.0,0.36129842351779184,0.3558832269972897,0.2666722810023887,0.7824621475384859,0.3368578647706695,0.19534325760871674,0.36399717382080365,0.23825283337292846,0.3583196617473535,0.3649905984242905,0.2551180866296954,0.2562906201368259,0.26368407862068366,0.3408998888422783,0.34871453195003754,0.24622320417811572,0.29078331393781764
0.2872045249978208,0.2830834152434515,0.21968013392062535,0.5004929557538131,0.2672697555660858,0.28639155881898826,0.2576912380144436,1.0,0.27918843342672717,0.5093173569283675,0.27251733238159503,0.48527046676680075,0.285589363992372,0.49306851683266806,0.48459379211185705,0.2632380139745869,0.2377740978321944,0.2667852109459715,0.2613769279329058,0.25723490764801327,0.25874285920816775,0.26266124477782227,0.26973977988650877,0.26837236189502056,0.23534214897029948,0.20998539952408912,0.2666855684064431,0.678129030912306,0.3129895514100408,0.2777885109379651,0.4749705177102109,0.2733944112551453,0.0,0.26337026720622914,0.2622256195272247,0.41314708210767226,0.24737180698877004,0.28158455835418306,0.3488248788892795,0.27013955171420645,0.4766780588261964,0.26781806625907745,0.2748327792028811,0.6912496373090026,0.6698017386999927,0.2931700812444701,0.2624090392465761,0.26560840096804483,0.4445113387132218,0.3090711831581767
0.3881511723101829,0.2958549283437927,0.25521898369203544,0.2836886334758988,0.3006050512816263,0.30040588966998993,0.29396264448891596,0.27918843342672717,1.0,0.2955373284664221,0.31449700904752953,0.2705943904694694,0.3237700108280199,0.2765379104940686,0.27990342793299716,0.30876808778695686,0.24933395397076263,0.298592829654143,0.28797759130161404,0.2946565060771069,0.2919574836467128,0.2957182807465585,0.3016223667793936,0.2814708310239975,0.2493750095734043,0.220770277674333,0.3055848288395103,0.2604432670158976,0.3289054195992107,0.4110194188878382,0.2685171595146486,0.3000980231939292,0.0,0.2958362619989404,0.28354109704821084,0.27948606121987096,0.28624851227564063,0.2922489851664605,0.2091143026937472,0.30676054137481357,0.2734380607848206,0.298108310487741,0.3131014067072233,0.2700914087430265,0.26852326154639783,0.3138716094561784,0.2881753500443367,0.29493267543009427,0.2658513040597682,0.3411225471060273
0.29547925118399154,0.28912484803455785,0.22107254249025732,0.5245885198916285,0.280542033200179,0.2797383014153585,0.25770956263513956,0.5093173569283675,0.2955373284664221,1.0,0.28211516909183354,0.48706665552671535,0.29185935225728,0.5175606249437722,0.506390903229375,0.2687168753929342,0.22765620225811878,0.2643059563215381,0.2582081338361525,0.25713911619250085,0.25931714556332863,0.2616770742668415,0.265861045472805,0.25770938383423425,0.23241249444822043,0.20312688204307638,0.27201364173919507,0.4932750956716264,0.31461750139649625,0.28790775155830595,0.5204995699039026,0.2738677258643556,0.0,0.26094800576800603,0.2575710569790839,0.42912124908048765,0.2491602687808825,0.2670030659292041,0.34344177076902127,0.2706407597011383,0.5269856988695893,0.2672423049057918,0.2726203049828342,0.506989685660767,0.5090728540047609,0.2953226562406749,0.2605914230101548,0.26606601688079046,0.4716298400117853,0.3074670587021282
0.3223601307405841,0.43162594860183046,0.24048049477748257,0.26870653820891666,0.4867920379917966,0.4209061502180447,0.3648805301643744,0.27251733238159503,0.31449700904752953,0.28211516909183354,1.0,0.2672117628044399,0.533759817771262,0.27431741412047084,0.2654977062160162,0.36249569548711047,0.32521167494494463,0.48846057088921446,0.4705549226638691,0.3654273984527221,0.49361020773977626,0.5045959605465238,0.5013803069842129,0.395245190732349,0.3347175092839253,0.3023073609494966,0.5077842545551448,0.26510048890088667,0.3069775900180074,0.3118477158279913,0.2610835910037339,0.4542072517050608,0.0,0.4869832039169424,0.42035902953293514,0.275850422850331,0.34089783388737394,0.4828105495435181,0.2015591936542368,0.530887989866023,0.2626956597846106,0.4502597438194076,0.5155559549465967,0.27124314621267787,0.27191443637612855,0.28619075336987543,0.43021843289403716,0.4406986481534513,0.27246085592916447,0.31016005012314785
0.287550735687808,0.28508984249479885,0.21208705189815225,0.5119966490070325,0.26103813643531837,0.2746336532251491,0.2522443135751562,0.48527046676680075,0.2705943904694694,0.48706665552671535,0.2672117628044399,1.0,0.2738423251775618,0.49737310400486157,0.6024838518197493,0.25525259350307306,0.25306979819532727,0.25548303295287367,0.25408458116413524,0.25017360164012514,0.25650137482202084,0.2553872446702756,0.26154442285144375,0.27662837922528427,0.2516210070083298,0.2410976952450521,0.2589722736028224,0.48404558941799647,0.3051154232034524,0.27297221022931595,0.4480200268420539,0.2769544673050117,0.0,0.26030149930586177,0.2647711908815239,0.39986352972832884,0.24267861456860107,0.2700016199925712,0.367599636769653,0.2622135626586075,0.4634384921887832,0.2619256448937882,0.2686594798206048,0.49328256279191096,0.48940530991052544,0.288611432378299,0.27509451938838103,0.27135211221241895,0.4293512170329563,0.29947488770624753
0.3188016620604207,0.4240062097291204,0.2376127660755154,0.2797216520775663,0.4738583880400643,0.42888155186765586,0.36101670762372406,0.285589363992372,0.3237700108280199,0.29185935225728,0.533759817771262,0.2738423251775618,1.0,0.271385243069332,0.2795515515921083,0.38046247959435653,0.33601014978894517,0.5024579545458046,0.4920845247338397,0.3594083848848355,0.5207587671025917,0.5587110216165414,0.5626600553914363,0.4090042279117152,0.33985920729281205,0.3116703187151073,0.5426830834321617,0.2612768934715557,0.3018053942004074,0.3290788966612036,0.26496257995594563,0.5060580408801456,0.0,0.5435562550168679,0.41622462421687434,0.26700195537555926,0.35614009109413114,0.5081708748161229,0.2008748095504037,0.5546515498580971,0.27462826447167943,0.441523201864077,0.5415369149705992,0.2694295192258307,0.26831189437164227,0.27763435759865596,0.4279718599652279,0.43849255935544185,0.2664963871522944,0.3034194534617173
0.27649685367626875,0.270525908975326,0.21740912960197767,0.5416111232099939,0.25794117741464173,0.26878211767314464,0.2500379792820756,0.49306851683266806,0.2765379104940686,0.5175606249437722,0.27431741412047084,0.49737310400486157,0.271385243069332,1.0,0.5485735370758765,0.25535481764629653,0.21613380781988556,0.2610944928631803,0.25089356838024757,0.2507641092358819,0.2539077513564024,0.25911761751664264,0.26660908308060594,0.24235466085193502,0.21666326372467393,0.19049656945432847,0.2628038250811746,0.5170367651366536,0.3087294651715291,0.2724905567426332,0.49315610615065475,0.2630378296842324,0.0,0.25431929016072163,0.2519840052257606,0.41292464073272916,0.23907927371286408,0.26064894599829613,0.3261083063900877,0.26107429437097407,0.5043371221811588,0.2589949907737841,0.26576398770168785,0.5168413893785899,0.5124697473430374,0.2956705722375733,0.2554878091938535,0.2614887653204284,0.4537883122263774,0.30749541208384934
0.2671732775587671,0.2680930477190958,0.21030079436332327,0.5653602426641314,0.2716958886640386,0.2679004888940859,0.24564336653609475,0.48459379211185705,0.27990342793299716,0.506390903229375,0.2654977062160162,0.6024838518197493,0.2795515515921083,0.5485735370758765,1.0,0.261610145145001,0.2265851017486904,0.25404486979971275,0.24439219678507218,0.24598588560901358,0.2511953373374449,0.2528862478324727,0.26183398013484804,0.24851886795419686,0.22351883346524848,0.1985574284028866,0.2578855653295634,0.4902090942784382,0.3002439121854036,0.2720798761196088,0.4955325882882041,0.2735294529352307,0.0,0.24945426190420994,0.2512574982793673,0.40805919347792985,0.2396647687395228,0.2556125257621714,0.3320874984393207,0.25827917529384525,0.5061070689028984,0.256667879329634,0.26346117585183926,0.4935167765389623,0.48824726100104743,0.2909090180800086,0.2596600234110399,0.2659930345243282,0.44174069748575373,0.31257720031101965
0.29860185808685846,0.3528964778369552,0.22255554258345722,0.265280636518482,0.3465629038788811,0.3638297179005161,0.7579001193322907,0.2632380139745869,0.30876808778695686,0.2687168753929342,0.36249569548711047,0.25525259350307306,0.38046247959435653,0.25535481764629653,0.261610145145001,1.0,0.2863884223265408,0.37303073128886866,0.3644333977895474,0.7640351949348221,0.3663281976800823,0.3648486331614099,0.37378504349628405,0.3396645129626519,0.2926180038859012,0.2666829287154395,0.3552190493747499,0.24726740714187267,0.28471105813640085,0.3120645121291974,0.25027113104837084,0.3532750904152717,0.0,0.35136019163373833,0.3513682145118908,0.2615687702066284,0.727194893906578,0.336506392988975,0.1951711937835121,0.3578183358484196,0.2527781260684707,0.3547568677396781,0.35857496377725495,0.2529487226025503,0.2529968992187811,0.26676962870077825,0.34095283210097915,0.3489005245638245,0.2501361104738197,0.29016914093658097
0.2753620497828897,0.37897418883482237,0.18559836537303276,0.2375615614023262,0.35141188977329607,0.4121493202690114,0.28567076529787816,0.2377740978321944,0.24933395397076263,0.22765620225811878,0.32521167494494463,0.25306979819532727,0.33601014978894517,0.21613380781988556,0.2265851017486904,0.2863884223265408,1.0,0.3181498721720749,0.308285112529569,0.28196045638259615,0.30976803291519883,0.3193294239060587,0.32851874015447413,0.535918767894836,0.5388907422831983,0.5904317721310476,0.3170270873189499,0.22463765583247308,0.25092493614966516,0.24723233697550784,0.20906620900628803,0.4213733732971823,0.0,0.35168891194714835,0.4370779032014622,0.21928301552803908,0.2795221642519651,0.35780543537458875,0.3595641003540011,0.333001863883409,0.2168283705220686,0.3583400281951168,0.32668330545619884,0.23732443773196854,0.23550174396734214,0.23742312316865966,0.4429250373500804,0.4002887181238006,0.2069526297659583,0.2500990095240134
0.3067131577283234,0.41464305633848864,0.2313503522761039,0.26049947558025,0.3902319789110721,0.4162789499285807,0.3869920133309209,0.2667852109459715,0.298592829654143,0.2643059563215381,0.48846057088921446,0.25548303295287367,0.5024579545458046,0.2610944928631803,0.25404486979971275,0.37303073128886866,0.3181498721720749,1.0,0.5294371983376805,0.38626608146050156,0.5155587366964661,0.515687235855395,0.5220583151151996,0.38117430852442125,0.3202143254721447,0.2886985796252133,0.4990208544058611,0.25775655993877733,0.2943033844369145,0.29870944376933684,0.2471134018986877,0.4509290451849829,0.0,0.4804654154535636,0.40769696243051523,0.2755930422430901,0.36590102715835604,0.4532722510907037,0.2006869754329832,0.49912737658870365,0.2450332675556527,0.42150513183944327,0.4921022948833178,0.2617472260263892,0.26318071638703344,0.2658969693262513,0.4098920280130921,0.4204357772500448,0.25451731027560753,0.2943586032268102
0.30143874431835904,0.3987234874429588,0.2210597505789943,0.25305828078122916,0.3838067817085392,0.4017337043884822,0.3768453523644939,0.2613769279329058,0.28797759130161404,0.2582081338361525,0.4705549226638691,0.25408458116413524,0.4920845247338397,0.25089356838024757,0.24439219678507218,0.3644333977895474,0.308285112529569,0.5294371983376805,1.0,0.3718336541096503,0.5025537201813717,0.5098530699655407,0.5101786905507124,0.37031923827372937,0.3183289197714049,0.2794480209410417,0.4854139673093446,0.2508749662454114,0.28642456699505026,0.29169606858162744,0.2413519975398828,0.44348034114121493,0.0,0.4745218282305388,0.40570066129955873,0.2667976098107171,0.359643076616851,0.44829242077144105,0.19487484981585124,0.4902788831418369,0.23823327020600915,0.41502545215175324,0.48803485674020874,0.2577773233874062,0.2586875450434577,0.2648354545446274,0.3983414055780826,0.40832563628631513,0.24915476891028387,0.28797828925934
0.2990053545239951,0.35178660399103645,0.22324278053807967,0.25351571254530425,0.3099465217819678,0.35964823771279963,0.8708425738422225,0.25723490764801327,0.2946565060771069,0.25713911619250085,0.3654273984527221,0.25017360164012514,0.3594083848848355,0.2507641092358819,0.24598588560901358,0.7640351949348221,0.28196045638259615,0.38626608146050156,0.3718336541096503,1.0,0.3845805974919606,0.3704929683601339,0.38600736088048815,0.3269645051467147,0.2843873092044469,0.2511880025657387,0.36111023784068486,0.24774433852479438,0.2881229400619155,0.2947674491351028,0.24007734645217937,0.3404213681688749,0.0,0.35743544094332047,0.3538264881748079,0.26659022492201856,0.7795142475611265,0.33766674847439526,0.19487684541700312,0.36376252735454495,0.2385791301747432,0.3546830265809575,0.363256340202314,0.25395157006862346,0.2539130489676755,0.2646754598944828,0.33809056246591773,0.34583618040878994,0.2471590968200188,0.2912758532654799
0.2960641120292461,0.40209780795965333,0.22941722238578244,0.25603131252075473,0.39956579484139254,0.39177443821346425,0.3861412418757948,0.25874285920816775,0.2919574836467128,0.25931714556332863,0.49361020773977626,0.25650137482202084,0.5207587671025917,0.2539077513564024,0.2511953373374449,0.3663281976800823,0.30976803291519883,0.5155587366964661,0.5025537201813717,0.3845805974919606,1.0,0.5281279856403325,0.5469139578067403,0.37017196635970695,0.3122911836836869,0.28652670381295164,0.5131341575820241,0.25424148101996524,0.2856281724818497,0.2970447133193941,0.24333923696634874,0.4636192228053052,0.0,0.5065008711480602,0.39773923665789745,0.266972939094001,0.3642923290182227,0.47105021633249455,0.19735420112091795,0.5143797513022783,0.24460449987253474,0.40347263498741104,0.5025351650673271,0.2598426059779769,0.26254525352126223,0.2708893562560365,0.4062624789171806,0.41608645648934084,0.25017923815584897,0.29139142265027707
0.30304710837961757,0.4105404630218292,0.2301165709348133,0.25661184866802,0.39443248976709455,0.40735302938600826,0.3731983683426673,0.26266124477782227,0.2957182807465585,0.2616770742668415,0.5045959605465238,0.2553872446702756,0.5587110216165414,0.25911761751664264,0.2528862478324727,0.3648486331614099,0.3193294239060587,0.515687235855395,0.5098530699655407,0.3704929683601339,0.5281279856403325,1.0,0.7389601588193124,0.37448712029419273,0.3244150918774803,0.2847465687144577,0.5236369253998352,0.25617116453408284,0.2879429689480373,0.29612422887831225,0.2461578488582178,0.4722106475148319,0.0,0.6468795652563565,0.40491676612026195,0.2651649556826151,0.3517100164730028,0.48681122071418625,0.19613053825145355,0.5299401629623922,0.24224900260960613,0.4253744347985058,0.531865490040641,0.26156649427330625,0.26038508589202614,0.26964570618372263,0.4124263332120376,0.42243386044991194,0.2574965176708084,0.2944005701486524
0.3121045465745118,0.417556165976289,0.23503230807237852,0.26820352977801576,0.40308164919623535,0.4170052683047146,0.3887062832569129,0.26973977988650877,0.3016223667793936,0.265861045472805,0.5013803069842129,0.26154442285144375,0.5626600553914363,0.26660908308060594,0.26183398013484804,0.37378504349628405,0.32851874015447413,0.5220583151151996,0.5101786905507124,0.38600736088048815,0.5469139578067403,0.7389601588193124,1.0,0.38196005612358874,0.33111368355023785,0.2873141951069901,0.534848604359095,0.2653155687197746,0.29712116325826154,0.29926939296152244,0.2536864561416303,0.49061764391995644,0.0,0.6467380226251733,0.40959872130020014,0.2722902000107955,0.3668944058354199,0.4888006485469677,0.2016800516638445,0.5297270249414134,0.25148259820350405,0.4243723788477345,0.5280509114951994,0.2684558485676193,0.2684809949524749,0.2723370002331852,0.4103734900273609,0.420925827254522,0.26147973573502004,0.29833189336217947
0.30424236544926064,0.5153803163786161,0.2096338840768237,0.2573959503828638,0.40005217875179355,0.5324460084581426,0.33135250868690724,0.26837236189502056,0.2814708310239975,0.25770938383423425,0.395245190732349,0.27662837922528427,0.4090042279117152,0.24235466085193502,0.24851886795419686,0.3396645129626519,0.535918767894836,0.38117430852442125,0.37031923827372937,0.3269645051467147,0.37017196635970695,0.37448712029419273,0.38196005612358874,1.0,0.5645538142082028,0.5335197338637203,0.3809313637768075,0.2435590934553007,0.27945930779211225,0.28849120072543466,0.23927496256519398,0.42284628224236254,0.0,0.3925257664252647,0.5650125374491289,0.24532426406972263,0.32575850518732896,0.39647450087634417,0.30253115382294027,0.3927897576681795,0.24510083956244266,0.4381503683630339,0.38713359243072143,0.25723768542324643,0.2564505385508937,0.2570331818411329,0.4814555584999719,0.4581762522470545,0.23710142162944547,0.273510181603971
0.2767991713260982,0.4515492786290187,0.1868041386820699,0.23570187402993337,0.34930281722934553,0.47835683314585686,0.28637033234994536,0.23534214897029948,0.2493750095734043,0.23241249444822043,0.3347175092839253,0.2516210070083298,0.33985920729281205,0.21666326372467393,0.22351883346524848,0.2926180038859012,0.5388907422831983,0.3202143254721447,0.3183289197714049,0.2843873092044469,0.3122911836836869,0.3244150918774803,0.33111368355023785,0.5645538142082028,1.0,0.5493197892025552,0.3236939757239784,0.22100731722021016,0.24280610054851992,0.24753098895832482,0.21816906270140268,0.4240148782632266,0.0,0.3484982848238679,0.5056196195754326,0.21469390985722858,0.2808555718738587,0.36405536324218735,0.34101300908922005,0.3379116418277912,0.21944269510759862,0.3697688221494524,0.3357737579704537,0.2416673502943939,0.23548515627266653,0.23717661036626758,0.4431396783971676,0.4056653668986052,0.21915439009049742,0.2425837637922419
0.24971194566744315,0.3469912704306226,0.16282726976020345,0.2103007278405592,0.32828467384439197,0.3740778972053266,0.25330414980714444,0.20998539952408912,0.220770277674333,0.20312688204307638,0.3023073609494966,0.2410976952450521,0.3116703187151073,0.19049656945432847,0.1985574284028866,0.2666829287154395,0.5904317721310476,0.2886985796252133,0.2794480209410417,0.2511880025657387,0.28652670381295164,0.2847465687144577,0.2873141951069901,0.5335197338637203,0.5493197892025552,1.0,0.28939314770307256,0.2002910111744678,0.22356514570735875,0.22748443984882905,0.18941173175848713,0.36615801774255885,0.0,0.3110180107944004,0.41795705834782626,0.19079086739613427,0.25355945122254353,0.34885350059592934,0.393553115556722,0.3109124538279697,0.19489203591133686,0.3318696906269639,0.2941390776826788,0.21929623303298817,0.20815197072215463,0.2115221804871349,0.433390330860857,0.3754878722744803,0.1941008048927978,0.223457473668206
0.3088764502804784,0.41993635803240503,0.2351478272332096,0.2593033589470386,0.40911269971039355,0.40645889000361246,0.36120713593512055,0.2666855684064431,0.3055848288395103,0.27201364173919507,0.5077842545551448,0.2589722736028224,0.5426830834321617,0.2628038250811746,0.2578855653295634,0.3552190493747499,0.3170270873189499,0.4990208544058611,0.4854139673093446,0.36111023784068486,0.5131341575820241,0.5236369253998352,0.534848604359095,0.3809313637768075,0.3236939757239784,0.28939314770307256,1.0,0.25751502578208973,0.2993161900354834,0.30354204286867303,0.25414584992094924,0.4799827095939153,0.0,0.5030207239575466,0.4027942942444339,0.2666897961878205,0.3414594209351627,0.5746443582008497,0.1920341201398551,0.5453750046397946,0.25386072242310387,0.4240650430371895,0.6255895580805381,0.2673191153182337,0.2622125459401897,0.27993626948725736,0.4106693089638779,0.42034394460609814,0.26184674689302356,0.2988228662997403
0.2777727527073133,0.2758729134493596,0.21699392746763468,0.5152801131654792,0.2344738229395643,0.26448558965446045,0.24776557067811678,0.678129030912306,0.2604432670158976,0.4932750956716264,0.26510048890088667,0.48404558941799647,0.2612768934715557,0.5170367651366536,0.4902090942784382,0.24726740714187267,0.22463765583247308,0.25775655993877733,0.2508749662454114,0.24774433852479438,0.25424148101996524,0.25617116453408284,0.2653155687197746,0.2435590934553007,0.22100731722021016,0.2002910111744678,0.25751502578208973,1.0,0.31055622243442715,0.26313550507880024,0.47022131691499214,0.259385527166196,0.0,0.25347884531088205,0.25305397918832573,0.4052104075313153,0.2322611299437639,0.27043327432933395,0.34713762803599,0.25829516869665947,0.472440887445457,0.25682461493649644,0.2611824541430271,0.7805373679274108,0.759005694320138,0.28522211187889324,0.2582077378973835,0.2599190623419565,0.4544881252673164,0.2966541849803538
0.34237201304650444,0.30272448377072836,0.25711456912867126,0.30246399905619004,0.27281839021098586,0.30460182839112127,0.28714257183870595,0.3129895514100408,0.3289054195992107,0.31461750139649625,0.3069775900180074,0.3051154232034524,0.3018053942004074,0.3087294651715291,0.3002439121854036,0.28471105813640085,0.25092493614966516,0.2943033844369145,0.28642456699505026,0.2881229400619155,0.2856281724818497,0.2879429689480373,0.29712116325826154,0.27945930779211225,0.24280610054851992,0.22356514570735875,0.2993161900354834,0.31055622243442715,1.0,0.3172457648999447,0.29183784077234365,0.29270123729771436,0.0,0.29424657581458535,0.28498827148503003,0.3106219292818466,0.2684108154347482,0.29827391622908705,0.23033416321568345,0.3005795312964379,0.288243942613862,0.2909474469132045,0.30188430481520456,0.31051567054694307,0.3129306402434313,0.3908553093467957,0.2859898300832555,0.2909596313810291,0.2990761722733264,0.6177821415632603
0.3804787596060081,0.30169098359370417,0.25935605941857587,0.2784336912682528,0.29400160305497924,0.2993878564393233,0.2955386503310965,0.2777885109379651,0.4110194188878382,0.28790775155830595,0.3118477158279913,0.27297221022931595,0.3290788966612036,0.2724905567426332,0.2720798761196088,0.3120645121291974,0.24723233697550784,0.29870944376933684,0.29169606858162744,0.2947674491351028,0.2970447133193941,0.29612422887831225,0.29926939296152244,0.28849120072543466,0.24753098895832482,0.22748443984882905,0.30354204286867303,0.26313550507880024,0.3172457648999447,1.0,0.26183933035323104,0.2971206358200609,0.0,0.28979078839220673,0.2907429470281766,0.27107331051493566,0.2887795195527052,0.2939898579332477,0.2092007861439027,0.31339085880534,0.2677399446858154,0.2998500127022644,0.3086445548427189,0.27291666722935537,0.2690109357283128,0.32097308930073976,0.2978946329335067,0.3036950814156567,0.26711007119678476,0.3318574583102877
0.2611140909369153,0.26197253181160374,0.20427012185509974,0.49654983952849685,0.2520497755420875,0.25979770482707387,0.24061947894445002,0.4749705177102109,0.2685171595146486,0.5204995699039026,0.2610835910037339,0.4480200268420539,0.26496257995594563,0.49315610615065475,0.4955325882882041,0.25027113104837084,0.20906620900628803,0.2471134018986877,0.2413519975398828,0.24007734645217937,0.24333923696634874,0.2461578488582178,0.2536864561416303,0.23927496256519398,0.21816906270140268,0.18941173175848713,0.25414584992094924,0.47022131691499214,0.29183784077234365,0.26183933035323104,1.0,0.25462693127171754,0.0,0.2435067958312973,0.2439651903139437,0.40049895614368847,0.2332050395691324,0.2481020663092175,0.3152438130185049,0.2541442652639344,0.65075240178293,0.2530942441574465,0.25611530500843327,0.4808776292286583,0.4738298908364068,0.27885153083967085,0.24453129930132866,0.2497555747759993,0.43535586963853945,0.287351239282844
0.3061348597705017,0.4030889389525817,0.22133592742874608,0.2824761190172701,0.4515753516283414,0.4196704666763954,0.343840697226781,0.2733944112551453,0.3000980231939292,0.2738677258643556,0.4542072517050608,0.2769544673050117,0.5060580408801456,0.2630378296842324,0.2735294529352307,0.3532750904152717,0.4213733732971823,0.4509290451849829,0.44348034114121493,0.3404213681688749,0.4636192228053052,0.4722106475148319,0.49061764391995644,0.42284628224236254,0.4240148782632266,0.36615801774255885,0.4799827095939153,0.259385527166196,0.29270123729771436,0.2971206358200609,0.25462693127171754,1.0,0.0,0.48051520537574643,0.40253248642363326,0.2557491201685528,0.3411647727255307,0.4813457541486188,0.24658595938492867,0.4950318831094591,0.2619463755319946,0.404316975686415,0.49464863124409597,0.264662872845673,0.270147774160589,0.2703017636723366,0.4273983099262326,0.42432308057929424,0.24849612345022098,0.28636871255437224
0.0,0.0,0.0,0.0,0.0,0.0,0.0,0.0,0.0,0.0,0.0,0.0,0.0,0.0,0.0,0.0,0.0,0.0,0.0,0.0,0.0,0.0,0.0,0.0,0.0,0.0,0.0,0.0,0.0,0.0,0.0,0.0,1.0,0.0,0.0,0.0,0.0,0.0,0.0,0.0,0.0,0.0,0.0,0.0,0.0,0.0,0.0,0.0,0.0,0.0
0.30735690011989236,0.4036288202079795,0.22963745310918493,0.25310567355940217,0.4056940053543009,0.419534715366069,0.36129842351779184,0.26337026720622914,0.2958362619989404,0.26094800576800603,0.4869832039169424,0.26030149930586177,0.5435562550168679,0.25431929016072163,0.24945426190420994,0.35136019163373833,0.35168891194714835,0.4804654154535636,0.4745218282305388,0.35743544094332047,0.5065008711480602,0.6468795652563565,0.6467380226251733,0.3925257664252647,0.3484982848238679,0.3110180107944004,0.5030207239575466,0.25347884531088205,0.29424657581458535,0.28979078839220673,0.2435067958312973,0.48051520537574643,0.0,1.0,0.41271105157310495,0.2745495388477188,0.3384145379958674,0.4800408204877936,0.23426573364570702,0.5126462794884608,0.2417031951751173,0.41459063216766545,0.5161481078483843,0.2575194589481783,0.26083870366578155,0.26685805223642545,0.4195238891723606,0.42242769756540754,0.2501386075932799,0.2949098459258498
0.304741035191301,0.5498445992381293,0.21955356863974151,0.2553129419999236,0.37423594270501426,0.5543925366874929,0.3558832269972897,0.2622256195272247,0.28354109704821084,0.2575710569790839,0.42035902953293514,0.2647711908815239,0.41622462421687434,0.2519840052257606,0.2512574982793673,0.3513682145118908,0.4370779032014622,0.40769696243051523,0.40570066129955873,0.3538264881748079,0.39773923665789745,0.40491676612026195,0.40959872130020014,0.5650125374491289,0.5056196195754326,0.41795705834782626,0.4027942942444339,0.25305397918832573,0.28498827148503003,0.2907429470281766,0.2439651903139437,0.40253248642363326,0.0,0.41271105157310495,1.0,0.259791916742237,0.335123335135878,0.4004298318930667,0.25208543747645074,0.41836481824599525,0.24454272149476586,0.4664172692045562,0.4187916910328927,0.2570501216705625,0.2571616982838416,0.26370164537236995,0.47677632820241256,0.4709667979916706,0.2505039598620624,0.27886760347033246
0.2783911328164156,0.2660413921100827,0.2168690451430073,0.4177498115539787,0.23877225158798077,0.27123442450639823,0.2666722810023887,0.41314708210767226,0.27948606121987096,0.42912124908048765,0.275850422850331,0.39986352972832884,0.26700195537555926,0.41292464073272916,0.40805919347792985,0.2615687702066284,0.21928301552803908,0.2755930422430901,0.2667976098107171,0.26659022492201856,0.266972939094001,0.2651649556826151,0.2722902000107955,0.24532426406972263,0.21469390985722858,0.19079086739613427,0.2666897961878205,0.4052104075313153,0.3106219292818466,0.27107331051493566,0.40049895614368847,0.2557491201685528,0.0,0.2745495388477188,0.259791916742237,1.0,0.2533192034899985,0.253339862795704,0.32096263205583053,0.2669590208409277,0.40023141700506304,0.2650538439348147,0.2675659831357444,0.41475016118599384,0.4165528167267306,0.28964622555891173,0.252553846446784,0.25810656660766274,0.4030668262030871,0.3062158137995791
0.283782480560106,0.32908438273457363,0.2074683755925001,0.24449404634981153,0.3157516920063811,0.3504456535184891,0.7824621475384859,0.24737180698877004,0.28624851227564063,0.2491602687808825,0.34089783388737394,0.24267861456860107,0.35614009109413114,0.23907927371286408,0.2396647687395228,0.727194893906578,0.2795221642519651,0.36590102715835604,0.359643076616851,0.7795142475611265,0.3642923290182227,0.3517100164730028,0.3668944058354199,0.32575850518732896,0.2808555718738587,0.25355945122254353,0.3414594209351627,0.2322611299437639,0.2684108154347482,0.2887795195527052,0.2332050395691324,0.3411647727255307,0.0,0.3384145379958674,0.335123335135878,0.2533192034899985,1.0,0.3183016768798117,0.1866674844364543,0.3397839049953968,0.23284597680447916,0.3393676930902382,0.3472410454818282,0.24014147818258746,0.2404594527237931,0.2486612857634487,0.3244393681740756,0.33140389871435516,0.2308451620525237,0.27315010731768785
0.315723866398511,0.4220002845548906,0.22890916063335454,0.25855289785437463,0.43769717511218664,0.41383126001095305,0.3368578647706695,0.28158455835418306,0.2922489851664605,0.2670030659292041,0.4828105495435181,0.2700016199925712,0.5081708748161229,0.26064894599829613,0.2556125257621714,0.336506392988975,0.35780543537458875,0.4532722510907037,0.44829242077144105,0.33766674847439526,0.47105021633249455,0.48681122071418625,0.4888006485469677,0.39647450087634417,0.36405536324218735,0.34885350059592934,0.5746443582008497,0.27043327432933395,0.29827391622908705,0.2939898579332477,0.2481020663092175,0.4813457541486188,0.0,0.4800408204877936,0.4004298318930667,0.253339862795704,0.3183016768798117,1.0,0.25707018333649745,0.5146777957339226,0.252329467598816,0.40960934586275366,0.6122894255437379,0.27824123063720874,0.2714745253019677,0.27521733349922384,0.4351624712371325,0.4295966525024233,0.2662352788248732,0.29758309370154634
0.24498330656708067,0.20033912495188488,0.1646137315125068,0.34158452365784286,0.22064309744494148,0.24195601211606532,0.19534325760871674,0.3488248788892795,0.2091143026937472,0.34344177076902127,0.2015591936542368,0.367599636769653,0.2008748095504037,0.3261083063900877,0.3320874984393207,0.1951711937835121,0.3595641003540011,0.2006869754329832,0.19487484981585124,0.19487684541700312,0.19735420112091795,0.19613053825145355,0.2016800516638445,0.30253115382294027,0.34101300908922005,0.393553115556722,0.1920341201398551,0.34713762803599,0.23033416321568345,0.2092007861439027,0.3152438130185049,0.24658595938492867,0.0,0.23426573364570702,0.25208543747645074,0.32096263205583053,0.1866674844364543,0.25707018333649745,1.0,0.20807336679177513,0.31399839199183854,0.19874755109683706,0.20229950257186546,0.3565098500088836,0.3500444631957569,0.22374595992350055,0.27450453077589243,0.22730726981537364,0.31182203712943835,0.2303982102932537
0.31415233005060095,0.42508152378759945,0.2412271330446193,0.2559828672495107,0.4186575646675278,0.41881298763415575,0.36399717382080365,0.27013955171420645,0.30676054137481357,0.2706407597011383,0.530887989866023,0.2622135626586075,0.5546515498580971,0.26107429437097407,0.25827917529384525,0.3578183358484196,0.333001863883409,0.49912737658870365,0.4902788831418369,0.36376252735454495,0.5143797513022783,0.5299401629623922,0.5297270249414134,0.3927897576681795,0.3379116418277912,0.3109124538279697,0.5453750046397946,0.25829516869665947,0.3005795312964379,0.31339085880534,0.2541442652639344,0.4950318831094591,0.0,0.5126462794884608,0.41836481824599525,0.2669590208409277,0.3397839049953968,0.5146777957339226,0.20807336679177513,1.0,0.2517338511744436,0.4373175869472271,0.5493555681447864,0.2649285796278641,0.26696341304598237,0.2858170411905002,0.44529143792011017,0.45319115005151644,0.26276579791526367,0.30997222316807993
