../ecoli_genomes/GCF_000163235.1_ASM16323v1_genomic.fna.gz,../ecoli_genomes/GCF_000164555.1_ASM16455v1_genomic.fna.gz,../ecoli_genomes/GCF_000208545.1_ASM20854v2_genomic.fna.gz,../ecoli_genomes/GCF_000233875.1_ASM23387v1_genomic.fna.gz,../ecoli_genomes/GCF_000249735.1_ASM24973v2_genomic.fna.gz,../ecoli_genomes/GCF_000261145.1_Esch_coli_M919_V2_genomic.fna.gz,../ecoli_genomes/GCF_000267705.2_ASM26770v2_genomic.fna.gz,../ecoli_genomes/GCF_000350665.1_Esch_coli_KTE5_V1_genomic.fna.gz,../ecoli_genomes/GCF_000351625.1_Esch_coli_KTE66_V1_genomic.fna.gz,../ecoli_genomes/GCF_000352285.1_Esch_coli_KTE46_V1_genomic.fna.gz,../ecoli_genomes/GCF_000358895.1_ASM35889v1_genomic.fna.gz,../ecoli_genomes/GCF_000456385.1_Esch_coli_HVH_26_4-5703913_V1_genomic.fna.gz,../ecoli_genomes/GCF_000458195.1_Esch_coli_HVH_147_4-5893887_V1_genomic.fna.gz,../ecoli_genomes/GCF_000459755.1_Esch_coli_KOEGE_58_171a_V1_genomic.fna.gz,../ecoli_genomes/GCF_000460055.1_Esch_coli_UMEA_3053-1_V1_genomic.fna.gz,../ecoli_genomes/GCF_000462165.2_ASM46216v2_genomic.fna.gz,../ecoli_genomes/GCF_000601135.1_ASM60113v1_genomic.fna.gz,../ecoli_genomes/GCF_000614595.1_Ec2010EL1058_genomic.fna.gz,../ecoli_genomes/GCF_000617745.1_Ec2010C-4529_genomic.fna.gz,../ecoli_genomes/GCF_000618265.2_EcF6751_genomic.fna.gz,../ecoli_genomes/GCF_000619005.2_Ec2009C-4052_genomic.fna.gz,../ecoli_genomes/GCF_000619105.1_Ec2009C-4780_genomic.fna.gz,../ecoli_genomes/GCF_000619765.2_Ec2009C-3279_genomic.fna.gz,../ecoli_genomes/GCF_000687005.1_ASM68700v1_genomic.fna.gz,../ecoli_genomes/GCF_000687025.1_ASM68702v1_genomic.fna.gz,../ecoli_genomes/GCF_000700125.1_ASM70012v1_genomic.fna.gz,../ecoli_genomes/GCF_000753315.1_FHI35_genomic.fna.gz,../ecoli_genomes/GCF_000776375.1_ASM77637v1_genomic.fna.gz,../ecoli_genomes/GCF_000779395.1_ASM77939v1_genomic.fna.gz,../ecoli_genomes/GCF_000780315.1_ASM78031v1_genomic.fna.gz,../ecoli_genomes/GCF_000781995.1_ASM78199v1_genomic.fna.gz,../ecoli_genomes/GCF_000986765.1_ASM98676v1_genomic.fna.gz,../ecoli_genomes/GCF_001041375.1_ViralProj287958_genomic.fna.gz,../ecoli_genomes/GCF_001265335.1_302014_genomic.fna.gz,../ecoli_genomes/GCF_001265625.1_100854_genomic.fna.gz,../ecoli_genomes/GCF_001267345.1_303289_genomic.fna.gz,../ecoli_genomes/GCF_001309985.1_ASM130998v1_genomic.fna.gz,../ecoli_genomes/GCF_001521695.1_ASM152169v1_genomic.fna.gz,../ecoli_genomes/GCF_001592595.1_ASM159259v1_genomic.fna.gz,../ecoli_genomes/GCF_001614975.1_ASM161497v1_genomic.fna.gz,../ecoli_genomes/GCF_001692775.1_ASM169277v1_genomic.fna.gz,../ecoli_genomes/GCF_001748915.1_ASM174891v1_genomic.fna.gz,../ecoli_genomes/GCF_001749235.1_ASM174923v1_genomic.fna.gz,../ecoli_genomes/GCF_001881155.1_ASM188115v1_genomic.fna.gz,../ecoli_genomes/GCF_001881345.1_ASM188134v1_genomic.fna.gz,../ecoli_genomes/GCF_001892405.1_ASM189240v1_genomic.fna.gz,../ecoli_genomes/GCF_001892585.1_ASM189258v1_genomic.fna.gz,../ecoli_genomes/GCF_001893985.1_ASM189398v1_genomic.fna.gz,../ecoli_genomes/GCF_002001595.1_ASM200159v1_genomic.fna.gz,../ecoli_genomes/GCF_002002145.1_ASM200214v1_genomic.fna.gz
1.0,0.8057514786813333,0.7823583323158105,0.7793923093177159,0.7926549794724541,0.7920241157702528,0.7933928943149885,0.7909425283864481,0.8096387005456309,0.7888517714624214,0.7974365058256663,0.7878814570445156,0.7990267799505393,0.7769705477206184,0.7737591810384239,0.7907990394635144,0.7735499222782274,0.7924165843525101,0.776768859347594,0.7921677216408815,0.7946106704024812,0.7848873608129712,0.793933460274655,0.7800398657076592,0.7749025112448117,0.7776837797179665,0.8028648661324196,0.7902547239807651,0.8041670691374052,0.8204123350542882,0.775991915871278,0.7901565591686274,0.08183804336498623,0.794911459348458,0.7851901393119584,0.777068059251357,0.783128719358559,0.7992519959350376,0.7202616759163183,0.8001946052365551,0.7834976927467054,0.7961114511486044,0.8077842492656309,0.7937359502982789,0.7949192264582639,0.7990197233971627,0.797501012180905,0.7953516655055526,0.7836816431439961,0.8051582399764793
0.8057514786813333,1.0,0.7749632888540333,0.7809257053387333,0.8107440807907298,0.8481936965990309,0.7990345954108361,0.7900388256435329,0.7917747221977095,0.7925624436138157,0.8163270841555973,0.7864951787270156,0.8193470195619588,0.7831731090273295,0.7755597329796704,0.7961608161586544,0.8129980761281589,0.8172516947803209,0.7935259458299947,0.7972220114992696,0.8152171513181187,0.8084174938750639,0.8165179504818547,0.8289465573483105,0.8273409879224911,0.8234349208689433,0.8290276950925403,0.7922522292004295,0.7960478356582219,0.7966942587068667,0.7761719110084404,0.8145968679085759,0.07522898356390084,0.8094215902138189,0.840829219758791,0.7806702612752118,0.7883806284704016,0.8248990228720139,0.7120551218524156,0.8280909509860039,0.784929835294635,0.8364100506155163,0.8288911241106302,0.8010649921273617,0.7978047617170769,0.7878106913930848,0.8398351875208838,0.8376463493978153,0.7900300038172011,0.7923586308970215
0.7823583323158105,0.7749632888540333,1.0,0.7549608293596052,0.7608188370740887,0.768088874769515,0.7687280434964094,0.7653034528623106,0.7807690294834709,0.7593306852394265,0.7767516783160795,0.7593926368569451,0.7733357787488567,0.7575106670067971,0.7549807037225114,0.7682193889536472,0.7579043348392471,0.7683301341564547,0.7528332921877836,0.7696989764061242,0.7790686228079188,0.7610863895108448,0.7699660509908792,0.7590092568025042,0.7490620065826541,0.7582040015129403,0.7754559883199265,0.7636053452235041,0.7736286774285108,0.7867921777666709,0.7497368515469482,0.7701608840130456,0.08078411168010013,0.7740947145361015,0.7661052767081175,0.7626409247717003,0.7581405320804612,0.7629233473244909,0.6891642772243746,0.7800330194182412,0.7549372681228477,0.7687742225239304,0.7769639403756521,0.7666721474692455,0.7598411492570691,0.7728369472423042,0.7787163034905695,0.7759612306341226,0.7609330508890343,0.7802767125124034
0.7793923093177159,0.7809257053387333,0.7549608293596052,1.0,0.7720994715262195,0.7718111882837735,0.7678956105220576,0.8340518222314348,0.7779791095808432,0.8424679851196452,0.7676261997018123,0.8321979903937944,0.7748066686346564,0.8520761148968159,0.859427080497762,0.767178589180751,0.7546863120061512,0.7696110536617586,0.7557845967254149,0.7684157529158507,0.7735217132631806,0.7630985818406689,0.7725693870000361,0.7573553116948187,0.7544585841167868,0.7643808528931275,0.7750088384358389,0.8467647812766403,0.7870183735937392,0.7778826123241322,0.830883789944429,0.7684716167727937,0.07350721114795589,0.7677949872877297,0.7646791424300435,0.8056808759306099,0.7573751136488356,0.7647844335538169,0.7363096619668901,0.7744327090268717,0.8415217733483519,0.7675250015319475,0.7719268433921223,0.8514158969513878,0.8361981569812348,0.7829022097619653,0.7722851763262939,0.7711271632676937,0.831459978914036,0.786600085311233
0.7926549794724541,0.8107440807907298,0.7608188370740887,0.7720994715262195,1.0,0.8145610982575531,0.787250642663885,0.777319751788206,0.7870230816425167,0.7788446816814025,0.824515156493479,0.7740428961631922,0.8294062865086443,0.771324738566504,0.7768847964688455,0.7885421322244417,0.8035166215505598,0.8013854903384963,0.7916579097196343,0.7827238818751453,0.8093086107822449,0.8026051459336333,0.8113063023751265,0.8039756613115318,0.8060624605805808,0.8120576225125601,0.8193813845404886,0.7726200706831337,0.7887152007666303,0.7820458380512068,0.7674034811338848,0.8225002171402164,0.07587144258133494,0.814621544491333,0.8001329990314346,0.7586036681933745,0.7808207814318884,0.8222777480216394,0.7055429442651338,0.8208313212742623,0.7790377670115629,0.8074535042421397,0.8257028277763458,0.780304567420113,0.7774420492003387,0.7832780323080245,0.81492291432284,0.8143838675472003,0.7727342093733923,0.7810710932239577
0.7920241157702528,0.8481936965990309,0.768088874769515,0.7718111882837735,0.8145610982575531,1.0,0.7991049366551823,0.7833228266906036,0.7919086725979654,0.7751292300673379,0.8100952253348344,0.7689812437433617,0.8144289077095342,0.7742399411130918,0.7682364407738103,0.7943102523777821,0.8162618762529746,0.8151151989363994,0.794289015196322,0.7962689586421414,0.8130059386445585,0.8014793862679426,0.8133473047369375,0.8283555593129635,0.8306756486832453,0.8168420496630637,0.8149070077548513,0.7812335151818647,0.7905416740505878,0.7887425740013387,0.7646020652852166,0.8176171757445081,0.07191074592199309,0.8128961645519905,0.8355754588720861,0.7776284846586394,0.7892564884598938,0.8153289399579778,0.7085555873289382,0.8187706761718356,0.7713342976391646,0.8350902974955748,0.8182946537009129,0.7862729690933634,0.7800441861744061,0.7822589118761076,0.8364439860296378,0.8370153315908531,0.7706642769516118,0.791274591707639
0.7933928943149885,0.7990345954108361,0.7687280434964094,0.7678956105220576,0.787250642663885,0.7991049366551823,1.0,0.7793910407340958,0.7812428508715776,0.7660670549724268,0.7918299122853095,0.7658517254179269,0.7970563466586587,0.7645448060678163,0.7629599291212574,0.9130265858956577,0.7863453099666186,0.8137172619662625,0.7857205064816668,0.9480622317703549,0.8197187678742807,0.7992399230521051,0.8141816284439988,0.7881248734401579,0.7809289975384618,0.7899881268824163,0.8072344396179325,0.776087892762502,0.7863813356238274,0.7859811397368187,0.7645251493892222,0.7981245409525491,0.06927056672301435,0.8007320227233974,0.7913554621892445,0.766920142838897,0.9228919349823134,0.7910762844612281,0.694697422830226,0.801308682842512,0.7691470413882109,0.7958549283589237,0.8026726851063917,0.7803186457895164,0.7737209170053455,0.7800013796984433,0.7971102513945512,0.7952605499003338,0.7710962668471938,0.7871958011488012
0.7909425283864481,0.7900388256435329,0.7653034528623106,0.8340518222314348,0.777319751788206,0.7833228266906036,0.7793910407340958,1.0,0.7831852044150611,0.8366893767504411,0.7723399637688269,0.8319939484582035,0.783869277551206,0.8324815922373523,0.8270709605521246,0.7794872377206695,0.7603112381497171,0.774401361855765,0.7633301739416003,0.7788423407906478,0.7827150935864331,0.7678718257446,0.7758880610735901,0.7715184124978807,0.7576809495623187,0.7656384284759143,0.782373184176345,0.8957020354663714,0.8012486330746249,0.7892350745442145,0.8218281174062844,0.770409037971582,0.07388319644497776,0.7779624320012806,0.7734178578838149,0.813259781678327,0.7682835562298134,0.776815223527626,0.7403980895137099,0.7856518363512297,0.8286883293569999,0.7805751440327127,0.7814797150714049,0.8970364424774151,0.8811524792653381,0.7913386782500612,0.7834867941595101,0.7817527646537232,0.8241577030587358,0.8021386661425227
0.8096387005456309,0.7917747221977095,0.7807690294834709,0.7779791095808432,0.7870230816425167,0.7919086725979654,0.7812428508715776,0.7831852044150611,1.0,0.7815755350662836,0.7921692043887285,0.7719578143651209,0.7970333728601584,0.7819410282633591,0.7804107279371115,0.7831537923179746,0.7722528565065534,0.7867927058259387,0.7704030167506779,0.7783682596797381,0.7865666768745779,0.7809697756721807,0.785571762410697,0.7809125798279765,0.7754244357605433,0.7814131719040661,0.7934378907839802,0.7802376286941606,0.7978674131055292,0.8181343791023504,0.7723568425811388,0.781809159072288,0.06881717698632939,0.7856668175902991,0.7899092856755641,0.777232491589233,0.7680879044588762,0.7831751140871545,0.7074991548516185,0.7969136138770245,0.7744078166930034,0.7909388664201955,0.7954462984112995,0.7861313100317233,0.7783007683019827,0.7890775454925019,0.7935234163230794,0.7910199204439246,0.7786346913397515,0.8007230210448351
0.7888517714624214,0.7925624436138157,0.7593306852394265,0.8424679851196452,0.7788446816814025,0.7751292300673379,0.7660670549724268,0.8366893767504411,0.7815755350662836,1.0,0.7794411318715034,0.8337816303721117,0.7870954756885871,0.8330359276182949,0.8386756657246126,0.7692585348584625,0.7560448319768602,0.7695709349007046,0.7605766669997035,0.7656214762661396,0.773306792881691,0.7686033658955301,0.7684721603902982,0.7652489556169523,0.7578142881107321,0.7647449438908992,0.7830803675472671,0.8384015417963718,0.7950964891220944,0.791485680803514,0.8396435380389479,0.7701950893463807,0.06859222828131617,0.7703429025026571,0.7710708362365717,0.8118066825925485,0.7562385041750543,0.7721119424798479,0.7426489136599863,0.7841987164172026,0.8423170778340523,0.7750427920697491,0.7814990528178568,0.8426366779150221,0.8436457326156901,0.7861576394418999,0.7793780126882102,0.777803398895303,0.8349082693669654,0.7923247369226551
0.7974365058256663,0.8163270841555973,0.7767516783160795,0.7676261997018123,0.824515156493479,0.8100952253348344,0.7918299122853095,0.7723399637688269,0.7921692043887285,0.7794411318715034,1.0,0.7646960426075745,0.8508663036172559,0.7779564819295076,0.7730924078112262,0.7937232858691159,0.7916833701875821,0.8330339943885856,0.8102710019795529,0.7910846675496894,0.8260594582641834,0.8364648252506321,0.8368091375210911,0.8004830605904916,0.7905405381397548,0.8081611818588388,0.8374083462512385,0.7765369633596294,0.7834218571300805,0.7941256657588709,0.7655316477231635,0.8245410147042516,0.07382605790322583,0.8265306872380159,0.811786767894136,0.7736334974180128,0.7785283386695812,0.8179242778131265,0.6981539543641446,0.8464214927380543,0.768724305770322,0.8204405229463256,0.8395136693749792,0.7781346477651013,0.7714973603088311,0.778271724247186,0.8235888283542598,0.8212717333579889,0.778035156515983,0.787272339927689
0.7878814570445156,0.7864951787270156,0.7593926368569451,0.8321979903937944,0.7740428961631922,0.7689812437433617,0.7658517254179269,0.8319939484582035,0.7719578143651209,0.8337816303721117,0.7646960426075745,1.0,0.7745938825713607,0.8299657989153962,0.8503395874495691,0.7621736106220226,0.7498822547632529,0.7635898077169578,0.7518983131813293,0.7659819752837964,0.7744703337467991,0.7589834556640307,0.765661432925079,0.7590543145704007,0.7543830743530668,0.7586465952394619,0.7728958291943228,0.83777138745641,0.7878896497820542,0.7812045170331368,0.8198626118029504,0.7650731465825331,0.0731469476232367,0.7711920501378196,0.7670239898128862,0.8021738652541748,0.7553803339670913,0.7718506611136686,0.7372642005317895,0.7760499842904999,0.82694429834444,0.7715427155576651,0.7778384836510286,0.8407022916217778,0.834413684909609,0.787495588419851,0.7758306253660903,0.7746468154573246,0.8203539412607586,0.7865238272598104
0.7990267799505393,0.8193470195619588,0.7733357787488567,0.7748066686346564,0.8294062865086443,0.8144289077095342,0.7970563466586587,0.783869277551206,0.7970333728601584,0.7870954756885871,0.8508663036172559,0.7745938825713607,1.0,0.7765013829899251,0.7811500869297331,0.7994463177724497,0.7946643475150981,0.8349744792651156,0.8285018056439063,0.7947369693610336,0.8432158973868802,0.8516290496842638,0.8491618891738149,0.8074692383496067,0.7921791932344645,0.8080699130391867,0.8487947168641463,0.7785147818201464,0.7918657622467411,0.7967509513764448,0.7711474611219021,0.8335344625696914,0.07449443628693908,0.8392592707832673,0.8143897241293158,0.7725831998268031,0.7879630244412058,0.8269439003471913,0.6991405159476974,0.8558672722509723,0.7804787671645762,0.8211434604401086,0.8436919694449907,0.7822064900547665,0.7781499807707045,0.7841634126944721,0.8248170261192312,0.8226072041718536,0.7794381081930972,0.7894135369377548
0.7769705477206184,0.7831731090273295,0.7575106670067971,0.8520761148968159,0.771324738566504,0.7742399411130918,0.7645448060678163,0.8324815922373523,0.7819410282633591,0.8330359276182949,0.7779564819295076,0.8299657989153962,0.7765013829899251,1.0,0.8544724524888566,0.7647393323866385,0.7567372620968889,0.7726913399309946,0.7545047266971856,0.7646590068573672,0.7695649690939534,0.7657773767327792,0.7706112025796608,0.7587693818058073,0.7557254340455579,0.7668675992401938,0.7770809498888556,0.847678692051562,0.7897100457362177,0.7766298448178492,0.830994930398919,0.7678605535646181,0.07373001233164211,0.7704047104214884,0.7708705418780589,0.8045315682848955,0.7531760101045029,0.7639234972352297,0.7277642504082913,0.7762158733464823,0.8386259158679503,0.7760575522767018,0.7741742515944378,0.8486820349317175,0.8355784743228516,0.7836154229102137,0.7797026472091403,0.77835588188738,0.8331639412141092,0.7876427078629521
0.7737591810384239,0.7755597329796704,0.7549807037225114,0.859427080497762,0.7768847964688455,0.7682364407738103,0.7629599291212574,0.8270709605521246,0.7804107279371115,0.8386756657246126,0.7730924078112262,0.8503395874495691,0.7811500869297331,0.8544724524888566,1.0,0.7625274858361093,0.7561148009395622,0.7676577213240703,0.7535944417804544,0.7616415297611288,0.7718693696525339,0.7614813893870477,0.7692150638417156,0.7596932349141365,0.75454642500136,0.7654428853117687,0.7739216772758144,0.8318209224202057,0.7875299737193613,0.7769018967496875,0.841498105810647,0.7688658323070436,0.07370187974923892,0.7653966793876651,0.7629354584768783,0.8016238166253455,0.7534037326330114,0.7623476957911005,0.7297709602395817,0.77213440975532,0.8402120631932745,0.7672612983405492,0.7713494086634856,0.8365075925952613,0.8220576690802195,0.7844732797754372,0.776404354293951,0.7751179445326501,0.8245144572677767,0.7918471835956808
0.7907990394635144,0.7961608161586544,0.7682193889536472,0.767178589180751,0.7885421322244417,0.7943102523777821,0.9130265858956577,0.7794872377206695,0.7831537923179746,0.7692585348584625,0.7937232858691159,0.7621736106220226,0.7994463177724497,0.7647393323866385,0.7625274858361093,1.0,0.7847925755475345,0.8027014542641321,0.7896517920602619,0.911896890394898,0.8091221466373341,0.7985470390154856,0.8071748802771357,0.7823957997713349,0.7783562435043023,0.786994085579885,0.8025949776640329,0.7749223168970218,0.7823461853569625,0.7887275819613212,0.7629155654039494,0.7945140645236217,0.06314447943432866,0.7975274770836036,0.7838633982279676,0.762623662569433,0.9016119522749919,0.7882563218597889,0.6929279093894953,0.7955993546138316,0.7704400004307216,0.7914751463267484,0.796339393616395,0.7788754988349176,0.7734972432258664,0.7754373122785108,0.7943805625103402,0.7931659338563442,0.7702980995585849,0.786002531772529
0.7735499222782274,0.8129980761281589,0.7579043348392471,0.7546863120061512,0.8035166215505598,0.8162618762529746,0.7863453099666186,0.7603112381497171,0.7722528565065534,0.7560448319768602,0.7916833701875821,0.7498822547632529,0.7946643475150981,0.7567372620968889,0.7561148009395622,0.7847925755475345,1.0,0.7936797663395748,0.7770508663603574,0.7818188204976406,0.7957568669082729,0.7875319239496863,0.8001610598505643,0.8329838819044395,0.819070359435741,0.8349924470956224,0.8001568382138712,0.7584278262999734,0.7676491782036281,0.7681043430179826,0.7484798500336565,0.8144424074080526,0.07717169783129352,0.7950406177582302,0.8097463940496037,0.7546119729882026,0.779753473184891,0.7887913943980025,0.6896225868862772,0.7978892547515017,0.7529190257471025,0.8065018494226229,0.7935170097916091,0.7631913006834414,0.7601430998204668,0.7586634853105686,0.8156905201934006,0.8159444063163147,0.7509027830969123,0.7662094551151877
0.7924165843525101,0.8172516947803209,0.7683301341564547,0.7696110536617586,0.8013854903384963,0.8151151989363994,0.8137172619662625,0.774401361855765,0.7867927058259387,0.7695709349007046,0.8330339943885856,0.7635898077169578,0.8349744792651156,0.7726913399309946,0.7676577213240703,0.8027014542641321,0.7936797663395748,1.0,0.8282462243646023,0.8123179271899068,0.8433202337977632,0.8443209443521793,0.8542674485645587,0.7970285225639284,0.7898153327236148,0.7995525757794182,0.8432348500491009,0.7770920077215592,0.7879998627382887,0.784333304871558,0.7688446730387652,0.8216959534952568,0.07045375607495685,0.8323631358941254,0.8093992074181502,0.778680992397429,0.8005914101113945,0.8115546133771852,0.6922317245438061,0.8418190502468825,0.769222351139317,0.8168550271106757,0.835589429716707,0.7805248126662664,0.7738519568886015,0.7768267851559139,0.8158446714644463,0.8146255638616783,0.764695249575611,0.7877793636768367
0.776768859347594,0.7935259458299947,0.7528332921877836,0.7557845967254149,0.7916579097196343,0.794289015196322,0.7857205064816668,0.7633301739416003,0.7704030167506779,0.7605766669997035,0.8102710019795529,0.7518983131813293,0.8285018056439063,0.7545047266971856,0.7535944417804544,0.7896517920602619,0.7770508663603574,0.8282462243646023,1.0,0.7837036997530415,0.8255162448069654,0.8388214632445425,0.8204690518443695,0.7802231819054699,0.7768480270722657,0.7772483732023755,0.8140260989928629,0.7592258198505835,0.7669630020424394,0.7743403580132057,0.7467481811681651,0.8138888376937135,0.07580153112819243,0.8094003404735358,0.7868121801531446,0.7599847922083001,0.7802259385944188,0.7943364658085785,0.6872565647562454,0.8178621236019753,0.753682166388134,0.7963878324940245,0.8107640822242417,0.7626931826693923,0.7599795199885976,0.7678974136207073,0.7944584167673502,0.7938736242173947,0.7574486182667621,0.7736067554426322
0.7921677216408815,0.7972220114992696,0.7696989764061242,0.7684157529158507,0.7827238818751453,0.7962689586421414,0.9480622317703549,0.7788423407906478,0.7783682596797381,0.7656214762661396,0.7910846675496894,0.7659819752837964,0.7947369693610336,0.7646590068573672,0.7616415297611288,0.911896890394898,0.7818188204976406,0.8123179271899068,0.7837036997530415,1.0,0.8191967337273368,0.7976518077317165,0.8139237411615671,0.7828188423227945,0.7759778459564273,0.7865965259621852,0.8076077292522625,0.7777299034250487,0.7868351640582859,0.7858267034823785,0.7659545583100498,0.7949024048367533,0.06821361016806549,0.7999986850416976,0.7896195402151975,0.7660634697289013,0.9192289858706861,0.7903315571807104,0.6911295626379297,0.8009440149284784,0.7697006795664113,0.7934242695481577,0.8027689148839998,0.780793194740378,0.7732623639278425,0.7812839400025983,0.7959805776271031,0.794478675669347,0.7720009231702984,0.7877458112230797
0.7946106704024812,0.8152171513181187,0.7790686228079188,0.7735217132631806,0.8093086107822449,0.8130059386445585,0.8197187678742807,0.7827150935864331,0.7865666768745779,0.773306792881691,0.8260594582641834,0.7744703337467991,0.8432158973868802,0.7695649690939534,0.7718693696525339,0.8091221466373341,0.7957568669082729,0.8433202337977632,0.8255162448069654,0.8191967337273368,1.0,0.8406878679479939,0.8542745351989977,0.7979937209428785,0.7909527293796664,0.8018312509419218,0.84589664671887,0.7801801640601215,0.7877397452976254,0.7892863037846675,0.768849128405872,0.8290673655012747,0.0780596522748932,0.8435930845439381,0.8085353425005837,0.7824188033979953,0.8065051459770803,0.8197127576689189,0.7064479108517921,0.8430555980099865,0.7750848040804205,0.8113344038150991,0.8348713215166093,0.7840266842089407,0.7795699473166624,0.7857858354659933,0.817593905319252,0.8162586507070496,0.7759851590324758,0.7891700377969784
0.7848873608129712,0.8084174938750639,0.7610863895108448,0.7630985818406689,0.8026051459336333,0.8014793862679426,0.7992399230521051,0.7678718257446,0.7809697756721807,0.7686033658955301,0.8364648252506321,0.7589834556640307,0.8516290496842638,0.7657773767327792,0.7614813893870477,0.7985470390154856,0.7875319239496863,0.8443209443521793,0.8388214632445425,0.7976518077317165,0.8406878679479939,1.0,0.8950873575722327,0.7910709183074099,0.7823838386545089,0.7922481297656603,0.8374803530845522,0.7703025334590408,0.7770883883143733,0.7800251673241255,0.7580604281941987,0.8258948182564798,0.07684121722443149,0.8615964130590561,0.7998463209182358,0.767451050723934,0.7921033288072066,0.8123802506731885,0.6901935826920332,0.8390034279385971,0.762208647928581,0.8086541764546206,0.8311357333515387,0.7728949196949768,0.7666086791878919,0.7711683073751214,0.8093576017240669,0.807362836763708,0.7656124146716566,0.77955366067763
0.793933460274655,0.8165179504818547,0.7699660509908792,0.7725693870000361,0.8113063023751265,0.8133473047369375,0.8141816284439988,0.7758880610735901,0.785571762410697,0.7684721603902982,0.8368091375210911,0.765661432925079,0.8491618891738149,0.7706112025796608,0.7692150638417156,0.8071748802771357,0.8001610598505643,0.8542674485645587,0.8204690518443695,0.8139237411615671,0.8542745351989977,0.8950873575722327,1.0,0.8005078897429583,0.7938216127128974,0.8017003039276809,0.8530894567638355,0.7785936922354936,0.7856544337565763,0.7855962467852738,0.7684391733156208,0.8372239840999615,0.07548774957774396,0.8714704556582036,0.8091230801352903,0.7732671020678972,0.8056271646013242,0.8206397686991943,0.6946338728315185,0.8431774385349031,0.7731893959211413,0.8145831376131122,0.8357843215553575,0.7830293268805341,0.7750514214080662,0.7783786440927435,0.8178678890233849,0.8167835046960709,0.7727268095641855,0.7855568772937769
0.7800398657076592,0.8289465573483105,0.7590092568025042,0.7573553116948187,0.8039756613115318,0.8283555593129635,0.7881248734401579,0.7715184124978807,0.7809125798279765,0.7652489556169523,0.8004830605904916,0.7590543145704007,0.8074692383496067,0.7587693818058073,0.7596932349141365,0.7823957997713349,0.8329838819044395,0.7970285225639284,0.7802231819054699,0.7828188423227945,0.7979937209428785,0.7910709183074099,0.8005078897429583,1.0,0.8272128385077557,0.8298431338872743,0.802593367237169,0.7623602710307917,0.7730752581416048,0.7777996500231221,0.7521389805783096,0.8078166600987179,0.07531192798876707,0.7939303671269091,0.8368298273052617,0.762137022396066,0.7789368218105998,0.7887420824586862,0.694355339660844,0.8059968940402835,0.7567768696847419,0.8101300291039026,0.7976231747906745,0.7684676078769079,0.7666701944442089,0.7652587753259936,0.8135076402145861,0.8132673718817951,0.7554154750860376,0.771816803117642
0.7749025112448117,0.8273409879224911,0.7490620065826541,0.7544585841167868,0.8060624605805808,0.8306756486832453,0.7809289975384618,0.7576809495623187,0.7754244357605433,0.7578142881107321,0.7905405381397548,0.7543830743530668,0.7921791932344645,0.7557254340455579,0.75454642500136,0.7783562435043023,0.819070359435741,0.7898153327236148,0.7768480270722657,0.7759778459564273,0.7909527293796664,0.7823838386545089,0.7938216127128974,0.8272128385077557,1.0,0.826038770229248,0.796535662492347,0.7536347189142573,0.7651963722668783,0.7697949373321791,0.7451734896205147,0.815614459219441,0.07153970698371614,0.7877030946644236,0.8213098323850105,0.7536732689487847,0.778101023010084,0.799097642513293,0.6945629214060207,0.7989073611365477,0.7574118937458751,0.8065360258326593,0.798909640428258,0.7648352094152716,0.7653524231349023,0.7661951705272592,0.8122985172304051,0.8129466662253118,0.756506053953862,0.7665055152312599
0.7776837797179665,0.8234349208689433,0.7582040015129403,0.7643808528931275,0.8120576225125601,0.8168420496630637,0.7899881268824163,0.7656384284759143,0.7814131719040661,0.7647449438908992,0.8081611818588388,0.7586465952394619,0.8080699130391867,0.7668675992401938,0.7654428853117687,0.786994085579885,0.8349924470956224,0.7995525757794182,0.7772483732023755,0.7865965259621852,0.8018312509419218,0.7922481297656603,0.8017003039276809,0.8298431338872743,0.826038770229248,1.0,0.8104152936361453,0.7616334752160356,0.7745431025664011,0.7742906042160402,0.7604038184918748,0.8146440110263576,0.07235644473346559,0.7971712047810504,0.8214370976242392,0.7596225515675744,0.7835418567877965,0.8021665021315216,0.6981576822259012,0.8130098688819162,0.7663021484496957,0.812546894524577,0.8061961917796349,0.7721094155343199,0.7667287418675987,0.7704181621503844,0.823936028596807,0.8238106807242187,0.762196179216588,0.7717142127956367
0.8028648661324196,0.8290276950925403,0.7754559883199265,0.7750088384358389,0.8193813845404886,0.8149070077548513,0.8072344396179325,0.782373184176345,0.7934378907839802,0.7830803675472671,0.8374083462512385,0.7728958291943228,0.8487947168641463,0.7770809498888556,0.7739216772758144,0.8025949776640329,0.8001568382138712,0.8432348500491009,0.8140260989928629,0.8076077292522625,0.84589664671887,0.8374803530845522,0.8530894567638355,0.802593367237169,0.796535662492347,0.8104152936361453,1.0,0.7813026976007016,0.7963900575840284,0.7944714622147129,0.7766991408062842,0.8363227319257046,0.07487494070188971,0.8365708939902086,0.8114980793334103,0.7761738044527555,0.7964755474557166,0.852958562993629,0.7045880610499509,0.8578942628770586,0.7848290847865687,0.8207480228727617,0.8672372806865872,0.7879062156083723,0.7799605170870229,0.7882691428136999,0.8239441528384925,0.822309971958659,0.7801990393411403,0.793594637463777
0.7902547239807651,0.7922522292004295,0.7636053452235041,0.8467647812766403,0.7726200706831337,0.7812335151818647,0.776087892762502,0.8957020354663714,0.7802376286941606,0.8384015417963718,0.7765369633596294,0.83777138745641,0.7785147818201464,0.847678692051562,0.8318209224202057,0.7749223168970218,0.7584278262999734,0.7770920077215592,0.7592258198505835,0.7777299034250487,0.7801801640601215,0.7703025334590408,0.7785936922354936,0.7623602710307917,0.7536347189142573,0.7616334752160356,0.7813026976007016,1.0,0.7993130186394194,0.7875501957905708,0.8266832908202957,0.7688209990812036,0.07231719783473833,0.7745982176361734,0.7700755893795899,0.8127933983478992,0.7645770695797758,0.7750957474115004,0.7376551598033659,0.7852068198764827,0.8339087497061493,0.7800681249339794,0.7794208315539197,0.929355561178471,0.9071013604711196,0.787077675520331,0.7847978313377597,0.782248497310382,0.8345563603407221,0.794863040755253
0.8041670691374052,0.7960478356582219,0.7736286774285108,0.7870183735937392,0.7887152007666303,0.7905416740505878,0.7863813356238274,0.8012486330746249,0.7978674131055292,0.7950964891220944,0.7834218571300805,0.7878896497820542,0.7918657622467411,0.7897100457362177,0.7875299737193613,0.7823461853569625,0.7676491782036281,0.7879998627382887,0.7669630020424394,0.7868351640582859,0.7877397452976254,0.7770883883143733,0.7856544337565763,0.7730752581416048,0.7651963722668783,0.7745431025664011,0.7963900575840284,0.7993130186394194,1.0,0.7950872383616892,0.790771064560154,0.7790771043052034,0.07206200099459426,0.7856007940081466,0.781748521005346,0.7842392340461697,0.775413799775828,0.7840630969894071,0.7110765035839118,0.7975611618325522,0.7899155831207644,0.7911904541209485,0.7918465621495242,0.8009288521386965,0.7918554540591627,0.8046205974732088,0.7875732055005948,0.784746045235399,0.7908875992479019,0.8604237903346984
0.8204123350542882,0.7966942587068667,0.7867921777666709,0.7778826123241322,0.7820458380512068,0.7887425740013387,0.7859811397368187,0.7892350745442145,0.8181343791023504,0.791485680803514,0.7941256657588709,0.7812045170331368,0.7967509513764448,0.7766298448178492,0.7769018967496875,0.7887275819613212,0.7681043430179826,0.784333304871558,0.7743403580132057,0.7858267034823785,0.7892863037846675,0.7800251673241255,0.7855962467852738,0.7777996500231221,0.7697949373321791,0.7742906042160402,0.7944714622147129,0.7875501957905708,0.7950872383616892,1.0,0.7751217421598983,0.7811666272140739,0.07477321329717157,0.7837445374435061,0.7839003978554441,0.7815862503758682,0.778329469782822,0.7871797398128404,0.7107576131545779,0.7986117716470367,0.7790577968431043,0.7913980258330939,0.7956122837015204,0.7929563905155373,0.787742912061156,0.7978217701376047,0.7955270808214141,0.793168143215844,0.7825720103121596,0.7985956171751136
0.775991915871278,0.7761719110084404,0.7497368515469482,0.830883789944429,0.7674034811338848,0.7646020652852166,0.7645251493892222,0.8218281174062844,0.7723568425811388,0.8396435380389479,0.7655316477231635,0.8198626118029504,0.7711474611219021,0.830994930398919,0.841498105810647,0.7629155654039494,0.7484798500336565,0.7688446730387652,0.7467481811681651,0.7659545583100498,0.768849128405872,0.7580604281941987,0.7684391733156208,0.7521389805783096,0.7451734896205147,0.7604038184918748,0.7766991408062842,0.8266832908202957,0.790771064560154,0.7751217421598983,1.0,0.7624964958462286,0.07575408827709984,0.7650935267461094,0.7613767414404833,0.7966194312227084,0.7558035717521242,0.7633017670883433,0.7258599003039659,0.7726462024722668,0.8661413422614949,0.7647848279241029,0.7732177162688745,0.8295637784412134,0.8194383102850891,0.7797803655725924,0.7727308198117049,0.7706377188369646,0.8173477715688622,0.7866656988856755
0.7901565591686274,0.8145968679085759,0.7701608840130456,0.7684716167727937,0.8225002171402164,0.8176171757445081,0.7981245409525491,0.770409037971582,0.781809159072288,0.7701950893463807,0.8245410147042516,0.7650731465825331,0.8335344625696914,0.7678605535646181,0.7688658323070436,0.7945140645236217,0.8144424074080526,0.8216959534952568,0.8138888376937135,0.7949024048367533,0.8290673655012747,0.8258948182564798,0.8372239840999615,0.8078166600987179,0.815614459219441,0.8146440110263576,0.8363227319257046,0.7688209990812036,0.7790771043052034,0.7811666272140739,0.7624964958462286,1.0,0.07451695174734518,0.8303754352499773,0.8052368746628104,0.7652915868109581,0.7930528857159184,0.8244032285539962,0.6990712640150194,0.8339652155056767,0.771050874543609,0.8112258577868127,0.8316237741736845,0.7758197313636512,0.7732375428988014,0.777190088654016,0.821542649567762,0.8215766799482788,0.7675189770519131,0.7772626611464574
0.08183804336498623,0.07522898356390084,0.08078411168010013,0.07350721114795589,0.07587144258133494,0.07191074592199309,0.06927056672301435,0.07388319644497776,0.06881717698632939,0.06859222828131617,0.07382605790322583,0.0731469476232367,0.07449443628693908,0.07373001233164211,0.07370187974923892,0.06314447943432866,0.07717169783129352,0.07045375607495685,0.07580153112819243,0.06821361016806549,0.0780596522748932,0.07684121722443149,0.07548774957774396,0.07531192798876707,0.07153970698371614,0.07235644473346559,0.07487494070188971,0.07231719783473833,0.07206200099459426,0.07477321329717157,0.07575408827709984,0.07451695174734518,1.0,0.07662152329711791,0.07596309048273409,0.07781960335976446,0.06654041726522375,0.07820023571367485,0.06479331958749257,0.0750552141976768,0.07318703920695135,0.06910909853699554,0.07840897380560019,0.07277221190493632,0.07178800301697297,0.07834700376080161,0.07326087888599431,0.07247718959440774,0.06982271234185944,0.0706423151215605
0.794911459348458,0.8094215902138189,0.7740947145361015,0.7677949872877297,0.814621544491333,0.8128961645519905,0.8007320227233974,0.7779624320012806,0.7856668175902991,0.7703429025026571,0.8265306872380159,0.7711920501378196,0.8392592707832673,0.7704047104214884,0.7653966793876651,0.7975274770836036,0.7950406177582302,0.8323631358941254,0.8094003404735358,0.7999986850416976,0.8435930845439381,0.8615964130590561,0.8714704556582036,0.7939303671269091,0.7877030946644236,0.7971712047810504,0.8365708939902086,0.7745982176361734,0.7856007940081466,0.7837445374435061,0.7650935267461094,0.8303754352499773,0.07662152329711791,1.0,0.8072860350486555,0.7800321783598659,0.7921984011615637,0.8167134509932534,0.7042810814053404,0.83714392134871,0.7708175936844346,0.8111125930015332,0.8354807275861398,0.7777115890276353,0.7748399586937263,0.7822334737357122,0.8139966921483864,0.8127754152215423,0.7721133658224831,0.7866955007327668
0.7851901393119584,0.840829219758791,0.7661052767081175,0.7646791424300435,0.8001329990314346,0.8355754588720861,0.7913554621892445,0.7734178578838149,0.7899092856755641,0.7710708362365717,0.811786767894136,0.7670239898128862,0.8143897241293158,0.7708705418780589,0.7629354584768783,0.7838633982279676,0.8097463940496037,0.8093992074181502,0.7868121801531446,0.7896195402151975,0.8085353425005837,0.7998463209182358,0.8091230801352903,0.8368298273052617,0.8213098323850105,0.8214370976242392,0.8114980793334103,0.7700755893795899,0.781748521005346,0.7839003978554441,0.7613767414404833,0.8052368746628104,0.07596309048273409,0.8072860350486555,1.0,0.7736700656568729,0.7786704981811543,0.7933045292550436,0.6985173711813498,0.8172770926686677,0.7636037782717604,0.8233539786590307,0.8112998855524289,0.7756968737641988,0.7700470340605646,0.7774257388022907,0.8218699644062368,0.820291594332053,0.7706159716052097,0.7824395340279457
0.777068059251357,0.7806702612752118,0.7626409247717003,0.8056808759306099,0.7586036681933745,0.7776284846586394,0.766920142838897,0.813259781678327,0.777232491589233,0.8118066825925485,0.7736334974180128,0.8021738652541748,0.7725831998268031,0.8045315682848955,0.8016238166253455,0.762623662569433,0.7546119729882026,0.778680992397429,0.7599847922083001,0.7660634697289013,0.7824188033979953,0.767451050723934,0.7732671020678972,0.762137022396066,0.7536732689487847,0.7596225515675744,0.7761738044527555,0.8127933983478992,0.7842392340461697,0.7815862503758682,0.7966194312227084,0.7652915868109581,0.07781960335976446,0.7800321783598659,0.7736700656568729,1.0,0.7542820978497659,0.7671253568928236,0.7340164176145731,0.7786916997643512,0.8016413983869473,0.7810214962794385,0.7765647142725501,0.8171338166074233,0.8107417866427736,0.7765677158336088,0.7735768500651327,0.7713634331980931,0.8167929860507458,0.7793400287695872
0.783128719358559,0.7883806284704016,0.7581405320804612,0.7573751136488356,0.7808207814318884,0.7892564884598938,0.9228919349823134,0.7682835562298134,0.7680879044588762,0.7562385041750543,0.7785283386695812,0.7553803339670913,0.7879630244412058,0.7531760101045029,0.7534037326330114,0.9016119522749919,0.779753473184891,0.8005914101113945,0.7802259385944188,0.9192289858706861,0.8065051459770803,0.7921033288072066,0.8056271646013242,0.7789368218105998,0.778101023010084,0.7835418567877965,0.7964755474557166,0.7645770695797758,0.775413799775828,0.778329469782822,0.7558035717521242,0.7930528857159184,0.06654041726522375,0.7921984011615637,0.7786704981811543,0.7542820978497659,1.0,0.7863323978827862,0.6860111818759087,0.7850395634613158,0.7626931040837255,0.7849786969957331,0.7953093192674635,0.7692116537649232,0.7639511565703689,0.7684148651657783,0.7874345856225644,0.7859398373860048,0.757774663883593,0.7749479306939225
0.7992519959350376,0.8248990228720139,0.7629233473244909,0.7647844335538169,0.8222777480216394,0.8153289399579778,0.7910762844612281,0.776815223527626,0.7831751140871545,0.7721119424798479,0.8179242778131265,0.7718506611136686,0.8269439003471913,0.7639234972352297,0.7623476957911005,0.7882563218597889,0.7887913943980025,0.8115546133771852,0.7943364658085785,0.7903315571807104,0.8197127576689189,0.8123802506731885,0.8206397686991943,0.7887420824586862,0.799097642513293,0.8021665021315216,0.852958562993629,0.7750957474115004,0.7840630969894071,0.7871797398128404,0.7633017670883433,0.8244032285539962,0.07820023571367485,0.8167134509932534,0.7933045292550436,0.7671253568928236,0.7863323978827862,1.0,0.7072033183079744,0.8338145033268372,0.7772279404992768,0.8085522365387563,0.8677299181915796,0.7820095467167621,0.7776446285291441,0.7811128129273274,0.8194553242553164,0.8180116469172101,0.7770743116915878,0.7818568760304374
0.7202616759163183,0.7120551218524156,0.6891642772243746,0.7363096619668901,0.7055429442651338,0.7085555873289382,0.694697422830226,0.7403980895137099,0.7074991548516185,0.7426489136599863,0.6981539543641446,0.7372642005317895,0.6991405159476974,0.7277642504082913,0.7297709602395817,0.6929279093894953,0.6896225868862772,0.6922317245438061,0.6872565647562454,0.6911295626379297,0.7064479108517921,0.6901935826920332,0.6946338728315185,0.694355339660844,0.6945629214060207,0.6981576822259012,0.7045880610499509,0.7376551598033659,0.7110765035839118,0.7107576131545779,0.7258599003039659,0.6990712640150194,0.06479331958749257,0.7042810814053404,0.6985173711813498,0.7340164176145731,0.6860111818759087,0.7072033183079744,1.0,0.6999055393927212,0.7375642415633639,0.7115875443855695,0.7090444941880658,0.7444802878378335,0.7466696354677562,0.7056118306483117,0.702727918742699,0.7021944547956136,0.7365906810314093,0.7068511257709451
