../ecoli_genomes/GCF_000163235.1_ASM16323v1_genomic.fna.gz,../ecoli_genomes/GCF_000164555.1_ASM16455v1_genomic.fna.gz,../ecoli_genomes/GCF_000208545.1_ASM20854v2_genomic.fna.gz,../ecoli_genomes/GCF_000233875.1_ASM23387v1_genomic.fna.gz,../ecoli_genomes/GCF_000249735.1_ASM24973v2_genomic.fna.gz,../ecoli_genomes/GCF_000261145.1_Esch_coli_M919_V2_genomic.fna.gz,../ecoli_genomes/GCF_000267705.2_ASM26770v2_genomic.fna.gz,../ecoli_genomes/GCF_000350665.1_Esch_coli_KTE5_V1_genomic.fna.gz,../ecoli_genomes/GCF_000351625.1_Esch_coli_KTE66_V1_genomic.fna.gz,../ecoli_genomes/GCF_000352285.1_Esch_coli_KTE46_V1_genomic.fna.gz,../ecoli_genomes/GCF_000358895.1_ASM35889v1_genomic.fna.gz,../ecoli_genomes/GCF_000456385.1_Esch_coli_HVH_26_4-5703913_V1_genomic.fna.gz,../ecoli_genomes/GCF_000458195.1_Esch_coli_HVH_147_4-5893887_V1_genomic.fna.gz,../ecoli_genomes/GCF_000459755.1_Esch_coli_KOEGE_58_171a_V1_genomic.fna.gz,../ecoli_genomes/GCF_000460055.1_Esch_coli_UMEA_3053-1_V1_genomic.fna.gz,../ecoli_genomes/GCF_000462165.2_ASM46216v2_genomic.fna.gz,../ecoli_genomes/GCF_000601135.1_ASM60113v1_genomic.fna.gz,../ecoli_genomes/GCF_000614595.1_Ec2010EL1058_genomic.fna.gz,../ecoli_genomes/GCF_000617745.1_Ec2010C-4529_genomic.fna.gz,../ecoli_genomes/GCF_000618265.2_EcF6751_genomic.fna.gz,../ecoli_genomes/GCF_000619005.2_Ec2009C-4052_genomic.fna.gz,../ecoli_genomes/GCF_000619105.1_Ec2009C-4780_genomic.fna.gz,../ecoli_genomes/GCF_000619765.2_Ec2009C-3279_genomic.fna.gz,../ecoli_genomes/GCF_000687005.1_ASM68700v1_genomic.fna.gz,../ecoli_genomes/GCF_000687025.1_ASM68702v1_genomic.fna.gz,../ecoli_genomes/GCF_000700125.1_ASM70012v1_genomic.fna.gz,../ecoli_genomes/GCF_000753315.1_FHI35_genomic.fna.gz,../ecoli_genomes/GCF_000776375.1_ASM77637v1_genomic.fna.gz,../ecoli_genomes/GCF_000779395.1_ASM77939v1_genomic.fna.gz,../ecoli_genomes/GCF_000780315.1_ASM78031v1_genomic.fna.gz,../ecoli_genomes/GCF_000781995.1_ASM78199v1_genomic.fna.gz,../ecoli_genomes/GCF_000986765.1_ASM98676v1_genomic.fna.gz,../ecoli_genomes/GCF_001041375.1_ViralProj287958_genomic.fna.gz,../ecoli_genomes/GCF_001265335.1_302014_genomic.fna.gz,../ecoli_genomes/GCF_001265625.1_100854_genomic.fna.gz,../ecoli_genomes/GCF_001267345.1_303289_genomic.fna.gz,../ecoli_genomes/GCF_001309985.1_ASM130998v1_genomic.fna.gz,../ecoli_genomes/GCF_001521695.1_ASM152169v1_genomic.fna.gz,../ecoli_genomes/GCF_001592595.1_ASM159259v1_genomic.fna.gz,../ecoli_genomes/GCF_001614975.1_ASM161497v1_genomic.fna.gz,../ecoli_genomes/GCF_001692775.1_ASM169277v1_genomic.fna.gz,../ecoli_genomes/GCF_001748915.1_ASM174891v1_genomic.fna.gz,../ecoli_genomes/GCF_001749235.1_ASM174923v1_genomic.fna.gz,../ecoli_genomes/GCF_001881155.1_ASM188115v1_genomic.fna.gz,../ecoli_genomes/GCF_001881345.1_ASM188134v1_genomic.fna.gz,../ecoli_genomes/GCF_001892405.1_ASM189240v1_genomic.fna.gz,../ecoli_genomes/GCF_001892585.1_ASM189258v1_genomic.fna.gz,../ecoli_genomes/GCF_001893985.1_ASM189398v1_genomic.fna.gz,../ecoli_genomes/GCF_002001595.1_ASM200159v1_genomic.fna.gz,../ecoli_genomes/GCF_002002145.1_ASM200214v1_genomic.fna.gz
1.0,0.7772425420513396,0.7616834852340693,0.7570004781337699,0.7442754602452867,0.7618026637353139,0.7753788246332455,0.7626511130707083,0.8035153393280106,0.7691772674032251,0.7729942406521453,0.7681390740239831,0.7732391803743145,0.756093415609992,0.7489036401540828,0.7760130795012085,0.7325442328813878,0.7608500615779922,0.7584102281978407,0.773012011188356,0.7601066053184536,0.7660075179330205,0.7676259871442181,0.7271147829600122,0.7311602963749197,0.6941533840366677,0.7709615131366696,0.7569753243089615,0.766483332282847,0.8013426984406372,0.7361551700481584,0.7576702656189395,0.05875738675092579,0.7570921116811701,0.7555306010655317,0.770848710888353,0.7621029820702743,0.7691597898117117,0.5746982318105636,0.7633341432771299,0.7515855196395135,0.775029271912707,0.7702706403142686,0.7646508470804181,0.7692457950540516,0.7627037046189022,0.7658790261228248,0.7650288883601776,0.7597217427182904,0.7835370704910964
0.7772425420513396,1.0,0.7581565016541467,0.7497203292842286,0.7662035133990954,0.8322071148112514,0.7705101291609115,0.7543467414246678,0.7689736579896876,0.7601606204576197,0.794808411863827,0.7644716905216187,0.7975418823583249,0.7458120393378267,0.7427723164125073,0.7717603435268087,0.769054056996266,0.7940910275594059,0.7765125446124855,0.7731229752932982,0.7921368198032024,0.7866031569498048,0.8003236609530393,0.7644641392216673,0.7718908516828613,0.7174215144062523,0.7990641108729087,0.7511699674791971,0.7636291638374859,0.7663300491068588,0.7333196836494786,0.7867947028155355,0.05536091138834709,0.7918595435677033,0.8145062675309105,0.7542693170003983,0.7599838378959402,0.7957045899601983,0.5560219853765318,0.7930420121907078,0.7491429746563225,0.8121501177684494,0.7995409888146049,0.7579186166923726,0.7569818769621726,0.7590104284252547,0.8102195563172405,0.80950080950056,0.7584947715981066,0.7638471562251541
0.7616834852340693,0.7581565016541467,1.0,0.7182242638828531,0.7154787284388997,0.7443080816537111,0.7458317018125711,0.7337535000240196,0.7580735043328005,0.7366321843451348,0.7472849010773013,0.7355224067196682,0.7558309752426583,0.7265574182361418,0.7221826051109718,0.7484091453245121,0.7104339443189027,0.749480193244471,0.7369141005334789,0.7512338477352167,0.7506072276534504,0.7477334619254017,0.7556984934358603,0.6988596564103297,0.7020815829047501,0.6712789239313046,0.7523808966483712,0.7341103465384189,0.7515035982072211,0.7591343300473152,0.706389832857776,0.7389338397158918,0.052758687610816035,0.7410340574368559,0.7355301369385778,0.7428215640307583,0.7351298697436666,0.7421667226629619,0.5398010739471955,0.7496241773268824,0.7219246878611768,0.7516140828215874,0.7580143733092156,0.7333261058617946,0.7301450850738922,0.7474869051779073,0.7537413842143841,0.7531569674267202,0.7370357116126283,0.7576814647089388
0.7570004781337699,0.7497203292842286,0.7182242638828531,1.0,0.7215687959320527,0.7401149882005215,0.7362422948948042,0.8138876869586341,0.7557056698870994,0.8291618115953653,0.750111911203111,0.822175721585653,0.7478209154685879,0.838748976605915,0.843670102521702,0.7430859908535308,0.7132107369026786,0.7380483196025305,0.7365056826246413,0.7365157374302216,0.7384001788839218,0.7448060023439245,0.7480641832852916,0.7066816149491743,0.7164634678811923,0.6744094005731821,0.7466757890136386,0.819661795900883,0.7485113844713551,0.7500713475762194,0.8186659977712551,0.7456957097699726,0.06231036015035063,0.734018840731269,0.73406119944715,0.7867914911412297,0.7299419436686239,0.7425247642116566,0.5806584762224538,0.7359166872360794,0.8300190786032133,0.7476243418516006,0.7421396821686881,0.8263025120077342,0.8183580735073495,0.752578399149581,0.7455830506533123,0.7443790671223621,0.8010265678401586,0.7577244742469111
0.7442754602452867,0.7662035133990954,0.7154787284388997,0.7215687959320527,1.0,0.7814743635460297,0.7331139186924153,0.727204497046508,0.7416486242202214,0.7309206224419251,0.7982572665345105,0.730974870160036,0.78666370109889,0.7167205543914659,0.7225751618688709,0.7465279745566487,0.7689027723129386,0.7523786334294712,0.7639280348259271,0.731776372281963,0.7658771095559616,0.7694372072408929,0.7645633259087898,0.7566224384034851,0.7518829788322106,0.7217263639109054,0.7756180883022191,0.7159713480972354,0.7248733347283752,0.7344693313765355,0.7116139831558448,0.7804639813116327,0.05251268811962184,0.7807806995042859,0.7672080283409146,0.7297669716021205,0.7283773080966937,0.794286804583987,0.541696767821899,0.776716142323898,0.730755658041679,0.7739454736954873,0.784246812818063,0.7275806473276916,0.7297783390407441,0.7205346092982254,0.7745931729028118,0.7750328239976907,0.7304398573565904,0.7274748521364407
0.7618026637353139,0.8322071148112514,0.7443080816537111,0.7401149882005215,0.7814743635460297,1.0,0.7690462092717487,0.7467919545343353,0.7601437461980879,0.7474866249030181,0.7896807095722174,0.7490899605988692,0.794270733130113,0.7353684157214049,0.7318361960050208,0.7706292183980479,0.7742279854786593,0.7843628166443373,0.7796077259761653,0.7666630623665975,0.786710359290854,0.7901533553370133,0.7958327272085612,0.7721933197192835,0.7815605863188617,0.7230146915326341,0.7883627672968917,0.7366731685654512,0.7530125044064258,0.7506263804048179,0.7159564610040365,0.7946413926004501,0.061070204147298246,0.8007933590103009,0.8189278420094315,0.7541581732548803,0.7605095656238892,0.7913868060608312,0.5582211687168231,0.7892613661218837,0.7367727846596535,0.8075140596176968,0.7939383209287512,0.7452654776026248,0.74397651023672,0.7477551579086542,0.8060764913038037,0.8076772532530179,0.7472595238318751,0.75990581751105
0.7753788246332455,0.7705101291609115,0.7458317018125711,0.7362422948948042,0.7331139186924153,0.7690462092717487,1.0,0.7410924162681705,0.7604269929751066,0.745596301090323,0.7695862340866086,0.7475214720253558,0.7750565586362598,0.7325071815818622,0.7276052167439107,0.9002543776666732,0.7358222378303396,0.7890310066246633,0.7765401933126408,0.9437380441800796,0.7888988371758342,0.79150562508351,0.7917393696443581,0.7255106834471451,0.7311301147207154,0.6948802790371993,0.7795589539487565,0.73470462182441,0.7436840658575625,0.7571577845160853,0.7149657781576466,0.7765906388582109,0.05785310306191482,0.7739256199068612,0.7604842379026677,0.755626083424717,0.9150018777924322,0.7628409597278764,0.5535291955336807,0.7735631772163533,0.7249027320965175,0.7734220669466563,0.7759701943935826,0.7417239570979786,0.7456427394288985,0.7404892797587537,0.7700862194807548,0.7686929218987113,0.7427407260053465,0.7543752338300845
0.7626511130707083,0.7543467414246678,0.7337535000240196,0.8138876869586341,0.727204497046508,0.7467919545343353,0.7410924162681705,1.0,0.7601403635353526,0.8196552100436959,0.7551331910959594,0.8102638214135791,0.7554085097644607,0.810540904355658,0.8017396549634297,0.7454027427164198,0.7183413248953834,0.7479992966727053,0.7439281516321398,0.742050079377232,0.7467761293517764,0.7504727279507287,0.7554324342536409,0.710002129483289,0.7143473319377425,0.6767343892861942,0.7564635111812477,0.8830558774647544,0.7586234792923252,0.7598745582834904,0.7967167452796282,0.7429819403281797,0.0652764037383674,0.7456269984326395,0.7384377393155145,0.7927815263640559,0.7308952843159773,0.7554995928484906,0.5798259202668286,0.749930748551033,0.8015683750585164,0.7519072833950785,0.7509775304471707,0.8843640391179663,0.872624609656697,0.7574674722157352,0.7467841749715173,0.7464154229751241,0.8063695833499864,0.7636630199988683
0.8035153393280106,0.7689736579896876,0.7580735043328005,0.7557056698870994,0.7416486242202214,0.7601437461980879,0.7604269929751066,0.7601403635353526,1.0,0.7629972439618166,0.7709792600571794,0.7557987865330675,0.7740432205244315,0.7514793536562792,0.7503530550645314,0.7659609207466664,0.7311063802029462,0.7607167331296687,0.748350889066713,0.764453803525114,0.7597644091960158,0.7639547334886012,0.7695269790758001,0.7250775960665213,0.719317995136743,0.6930205125510926,0.7705827301379796,0.7544460320403585,0.7665731814783704,0.8003469892530333,0.7390313105429493,0.7583302650645103,0.0588455493118617,0.7571729221820485,0.7532094826579633,0.7642880666698812,0.7523990060826771,0.7614762207801565,0.5547088789439538,0.7628792715232184,0.7552520429189739,0.770544107781725,0.7746344539268569,0.7584787353610793,0.7568111418284674,0.7728349127586052,0.7663004240206202,0.7659284409883109,0.7592175985610174,0.7790290945005738
0.7691772674032251,0.7601606204576197,0.7366321843451348,0.8291618115953653,0.7309206224419251,0.7474866249030181,0.745596301090323,0.8196552100436959,0.7629972439618166,1.0,0.7591649919601888,0.8214242986026106,0.761982283013666,0.8247041926439901,0.8225274625755663,0.7538127702366791,0.7162369620785041,0.7431651356837536,0.7428962016048795,0.7493715364617,0.7449549986770105,0.7509296229663576,0.7507803764521698,0.7086929894830022,0.7103417914000931,0.6802702857393828,0.7575681395477039,0.817962826387552,0.7601378243782464,0.7614283554251928,0.8184027014964174,0.7407498396576722,0.05812586840273104,0.738352005710483,0.7395847085916377,0.8024945076503323,0.7376203774416566,0.7496254546254657,0.5794083117500419,0.7473643237239445,0.8316213441555861,0.7547002499863945,0.7516432976417481,0.8216527036460812,0.8192135326426109,0.7640772315202173,0.7542625060132728,0.7533406130862832,0.8177754184254076,0.7688214676390658
0.7729942406521453,0.794808411863827,0.7472849010773013,0.750111911203111,0.7982572665345105,0.7896807095722174,0.7695862340866086,0.7551331910959594,0.7709792600571794,0.7591649919601888,1.0,0.7562267268045597,0.8438235842990285,0.7495924588463585,0.7422050234874722,0.7740749980286066,0.7558681133662006,0.8084671997391859,0.7964348045525396,0.7681835509210725,0.8136209056723454,0.8214441736793513,0.8195233591208629,0.754222994690241,0.7459523684626235,0.7170157849769929,0.8252632944526377,0.7476406401054448,0.7494417453730813,0.7718749336015746,0.7326246707203437,0.8040742119251663,0.05786582420085307,0.8006181744936025,0.7887100090462666,0.7640298201380811,0.7569040396533905,0.8132015804014715,0.5494546292793979,0.8352532702025173,0.7463892325976305,0.8075945748028012,0.8258551603139608,0.753481069011707,0.7511757814602952,0.7523035297372483,0.7998239060967987,0.7976612627393531,0.7568271473449153,0.7619941006584143
0.7681390740239831,0.7644716905216187,0.7355224067196682,0.822175721585653,0.730974870160036,0.7490899605988692,0.7475214720253558,0.8102638214135791,0.7557987865330675,0.8214242986026106,0.7562267268045597,1.0,0.7586045852412762,0.8179413316851357,0.8458448291262232,0.7499927694511054,0.7207391377456067,0.7455279194841254,0.7443581422348822,0.7482869901790856,0.7488024012187118,0.7542426338663295,0.7572120682954578,0.7081203347064302,0.7193654753798626,0.6857127360654923,0.7590131712127899,0.809858597060469,0.7650453442512499,0.758829460818614,0.7841158789338794,0.7466956329544385,0.05927233529620668,0.7462122711623803,0.7432719350849106,0.787929649464526,0.7377595459146356,0.7540052443949061,0.5813862737535543,0.7470605739442376,0.7979595679086291,0.7522307776834636,0.7540104011822026,0.8149086505028513,0.813511636610098,0.7563750876443988,0.7549432518530149,0.7543243077338067,0.7958449874866875,0.7655766210603727
0.7732391803743145,0.7975418823583249,0.7558309752426583,0.7478209154685879,0.78666370109889,0.794270733130113,0.7750565586362598,0.7554085097644607,0.7740432205244315,0.761982283013666,0.8438235842990285,0.7586045852412762,1.0,0.7428133718339963,0.7437220932120628,0.7841596944549712,0.7529405706408531,0.8148183517463843,0.8103902008630032,0.7766210334547409,0.8164686016112443,0.8363213066248929,0.8402708534862602,0.7496208606997351,0.741206068578452,0.7141175908820214,0.840711809087002,0.7436723030776602,0.753593648885889,0.7732191523593126,0.7289085042053668,0.8148348943858117,0.05891239846392993,0.8150970221288212,0.7942067886047979,0.7589636094549238,0.7679664902067392,0.8217618719432902,0.5481942759871132,0.8401324497584951,0.7470402743898392,0.8042929681080436,0.8407059950125659,0.7477150230217394,0.7444356108617263,0.7575019810049676,0.8019956506903072,0.8011457791275906,0.7516214861952698,0.7671223164179917
0.756093415609992,0.7458120393378267,0.7265574182361418,0.838748976605915,0.7167205543914659,0.7353684157214049,0.7325071815818622,0.810540904355658,0.7514793536562792,0.8247041926439901,0.7495924588463585,0.8179413316851357,0.7428133718339963,1.0,0.8336709208278257,0.7365548708422447,0.7079362313177632,0.7422129172820513,0.736516622967212,0.7356365244748795,0.7389620012900723,0.7431778180645496,0.7476387849242729,0.6943246020762277,0.7032647096984239,0.667687992593087,0.7515518550507575,0.8251468851989079,0.7585282704094376,0.7531043108542167,0.8049379999632102,0.7384208364583678,0.05726065205458575,0.7311593103907259,0.7274630178180576,0.787536523428603,0.7245110727102941,0.7431976328717382,0.5721651825455445,0.7410028842100271,0.8175973409622456,0.7436535902808197,0.7431195391637779,0.8235344790225546,0.8179642257083033,0.7548351409274089,0.7450572755834662,0.7439146053684396,0.7987945707942616,0.7643407726348279
0.7489036401540828,0.7427723164125073,0.7221826051109718,0.843670102521702,0.7225751618688709,0.7318361960050208,0.7276052167439107,0.8017396549634297,0.7503530550645314,0.8225274625755663,0.7422050234874722,0.8458448291262232,0.7437220932120628,0.8336709208278257,1.0,0.7346965243977446,0.7096950639612011,0.7287325733617871,0.7281848799452453,0.7305215388266445,0.7346838700514742,0.740564781758452,0.7424923751918489,0.6946199960396326,0.7067995274007914,0.6720023666233559,0.7486490596110429,0.8100874813485293,0.7473131887764015,0.7471813628933525,0.8084765570667216,0.7360289312743473,0.05680247740286215,0.7306338966352426,0.7257898965209141,0.781705379055922,0.7225183476197614,0.7438539884564397,0.578024934934565,0.7345760751104298,0.8203318177190665,0.7398024232786363,0.7416345078106601,0.8154630707106528,0.8073860210462149,0.7530129412631639,0.7426511951228713,0.741689584749563,0.792978267725216,0.762335531337651
0.7760130795012085,0.7717603435268087,0.7484091453245121,0.7430859908535308,0.7465279745566487,0.7706292183980479,0.9002543776666732,0.7454027427164198,0.7659609207466664,0.7538127702366791,0.7740749980286066,0.7499927694511054,0.7841596944549712,0.7365548708422447,0.7346965243977446,1.0,0.7386713880606024,0.7775316309386248,0.7807379411926655,0.8976661448676134,0.782444834782257,0.7892426661013422,0.7850477460721955,0.7265947056827955,0.7360624314615822,0.7028245297237375,0.7770939864399142,0.7366023089810145,0.7427670701262623,0.763410444183985,0.7242937492856854,0.7801893253088719,0.05815668293097409,0.7705845736126744,0.761291730376925,0.7557040611112065,0.8911498420857313,0.7673347489649317,0.5498626146374546,0.7747234057583078,0.7356339303351233,0.7755273969565328,0.7779991874895361,0.7457083405728957,0.7491299084259069,0.7428084578634633,0.7724228596732314,0.771262812281636,0.745833193381908,0.7541282457911538
0.7325442328813878,0.769054056996266,0.7104339443189027,0.7132107369026786,0.7689027723129386,0.7742279854786593,0.7358222378303396,0.7183413248953834,0.7311063802029462,0.7162369620785041,0.7558681133662006,0.7207391377456067,0.7529405706408531,0.7079362313177632,0.7096950639612011,0.7386713880606024,1.0,0.7381786587792619,0.7388874428190053,0.7319153040899222,0.7500091131194008,0.7546574802406298,0.7544537973606054,0.799006934745412,0.7812817406177038,0.7352397602677401,0.7553607700445648,0.7080025282768866,0.7252955352186342,0.7220856841383797,0.700547813408065,0.7826079841332723,0.05395460278550501,0.7583245891727984,0.7647591508373087,0.7251563724132126,0.7278350115893972,0.752519389036433,0.5375786330285679,0.7486556760832676,0.71258016298366,0.7675029664441407,0.7511627126325959,0.7203948079084856,0.7221200952881319,0.7103417354695147,0.7651353336241165,0.7660238511833303,0.7138794375890424,0.7218223806668344
0.7608500615779922,0.7940910275594059,0.749480193244471,0.7380483196025305,0.7523786334294712,0.7843628166443373,0.7890310066246633,0.7479992966727053,0.7607167331296687,0.7431651356837536,0.8084671997391859,0.7455279194841254,0.8148183517463843,0.7422129172820513,0.7287325733617871,0.7775316309386248,0.7381786587792619,1.0,0.8193228559538049,0.7910362561063486,0.8300200810529677,0.8289370111151972,0.8377254033793992,0.7276312216360242,0.7248579450109354,0.7015991567866835,0.8155740349692286,0.7467460650896973,0.7520217841209786,0.7600644867652813,0.7190883321617041,0.8032817895871212,0.059559710914390385,0.8046520269851193,0.7799831597562488,0.7617100837997419,0.7743151634352455,0.7900345185566284,0.5552831941338321,0.8160154147857817,0.7299508424141353,0.8007402821215589,0.8151092245319516,0.7447363393008326,0.7439340423656366,0.7444099513267806,0.79200321948485,0.7898961109317175,0.740746903401833,0.7533573609875271
0.7584102281978407,0.7765125446124855,0.7369141005334789,0.7365056826246413,0.7639280348259271,0.7796077259761653,0.7765401933126408,0.7439281516321398,0.748350889066713,0.7428962016048795,0.7964348045525396,0.7443581422348822,0.8103902008630032,0.736516622967212,0.7281848799452453,0.7807379411926655,0.7388874428190053,0.8193228559538049,1.0,0.773562822671308,0.814180164025681,0.8216894082601458,0.8194114367277967,0.7307230634500103,0.7433546632546353,0.6994266963062252,0.802097901637151,0.7321997685824528,0.746913005132616,0.7500099660854942,0.7179539389559211,0.7994271799040793,0.06554933539471075,0.798594791021328,0.7785512165450563,0.7517101548328716,0.7690687099917124,0.7858450532089525,0.5453761117997088,0.7988243222322945,0.7338867617206387,0.7852490750173637,0.8017243273748699,0.739000581760874,0.7389482924684996,0.7381065713345522,0.7769260758193353,0.7753855559637381,0.7381586922208925,0.7487473029009035
0.773012011188356,0.7731229752932982,0.7512338477352167,0.7365157374302216,0.731776372281963,0.7666630623665975,0.9437380441800796,0.742050079377232,0.764453803525114,0.7493715364617,0.7681835509210725,0.7482869901790856,0.7766210334547409,0.7356365244748795,0.7305215388266445,0.8976661448676134,0.7319153040899222,0.7910362561063486,0.773562822671308,1.0,0.7916922456215281,0.7878451319713203,0.7936850025870321,0.7199862877290355,0.7255669702424057,0.6931093467441196,0.7786037134068025,0.7387837224673027,0.7467566692078905,0.7592739699285758,0.718126674050384,0.7746409903913037,0.059684668563233734,0.7717334737340075,0.7575377709347586,0.7580406126689476,0.9176617270480119,0.7638262402421927,0.5517970425582883,0.7753388878970284,0.7274482459759122,0.7757436027097097,0.778022037648157,0.7418916108463274,0.7451355669962478,0.7429402179253626,0.7720741597917126,0.7711624480100936,0.7445176733703678,0.7562852516020138
0.7601066053184536,0.7921368198032024,0.7506072276534504,0.7384001788839218,0.7658771095559616,0.786710359290854,0.7888988371758342,0.7467761293517764,0.7597644091960158,0.7449549986770105,0.8136209056723454,0.7488024012187118,0.8164686016112443,0.7389620012900723,0.7346838700514742,0.782444834782257,0.7500091131194008,0.8300200810529677,0.814180164025681,0.7916922456215281,1.0,0.8266673243395324,0.839384863218178,0.7374720521767296,0.742749414346747,0.7091226530296257,0.8200956366995805,0.7425753735572374,0.750909963230037,0.7568042104059454,0.7194854932973546,0.8108567674403528,0.05548084137333531,0.811911561121757,0.7826409674931596,0.763444902266815,0.7761144379007308,0.8044530638444775,0.5528882076629074,0.8170826757552071,0.7354907129453686,0.7937063754696884,0.818534569149121,0.7442374200325352,0.7454884067616961,0.7504394438012086,0.7979199628925798,0.7960746117500987,0.7379813424921042,0.7539635551700993
0.7660075179330205,0.7866031569498048,0.7477334619254017,0.7448060023439245,0.7694372072408929,0.7901533553370133,0.79150562508351,0.7504727279507287,0.7639547334886012,0.7509296229663576,0.8214441736793513,0.7542426338663295,0.8363213066248929,0.7431778180645496,0.740564781758452,0.7892426661013422,0.7546574802406298,0.8289370111151972,0.8216894082601458,0.7878451319713203,0.8266673243395324,1.0,0.8856201207676972,0.7399695610337906,0.7442752441315714,0.7121195554735398,0.826736973095486,0.7429646036038273,0.7492449080813762,0.7609702742878903,0.7252008237189731,0.8114096827907862,0.06090346727065865,0.8478410832606154,0.7823577738548435,0.7637459665967601,0.775775721138586,0.8067373693238425,0.5562228701890493,0.8248668481992679,0.7372767455092739,0.7984742571309908,0.8237906510369734,0.7497359502504057,0.747575102108198,0.7465537097711745,0.7942874633133602,0.7929694599528401,0.7482497867855578,0.7633210128731992
0.7676259871442181,0.8003236609530393,0.7556984934358603,0.7480641832852916,0.7645633259087898,0.7958327272085612,0.7917393696443581,0.7554324342536409,0.7695269790758001,0.7507803764521698,0.8195233591208629,0.7572120682954578,0.8402708534862602,0.7476387849242729,0.7424923751918489,0.7850477460721955,0.7544537973606054,0.8377254033793992,0.8194114367277967,0.7936850025870321,0.839384863218178,0.8856201207676972,1.0,0.7371355406318771,0.7402744022119474,0.7102981509393379,0.8321541564042456,0.7513236559253216,0.75603643391403,0.7617273771431853,0.7294603367235519,0.8185177261577772,0.06083586433029875,0.8475692656620359,0.7860763413627005,0.767403489911649,0.7792409190045386,0.8071157847838947,0.5555136825375302,0.8275811096827221,0.7397216967877458,0.8022169583395693,0.8274772352688016,0.7512786309498812,0.7500972451738046,0.7494064076244458,0.7988934429319337,0.7966834052605538,0.7501168758167213,0.75791967861711
0.7271147829600122,0.7644641392216673,0.6988596564103297,0.7066816149491743,0.7566224384034851,0.7721933197192835,0.7255106834471451,0.710002129483289,0.7250775960665213,0.7086929894830022,0.754222994690241,0.7081203347064302,0.7496208606997351,0.6943246020762277,0.6946199960396326,0.7265947056827955,0.799006934745412,0.7276312216360242,0.7307230634500103,0.7199862877290355,0.7374720521767296,0.7399695610337906,0.7371355406318771,1.0,0.7825562671814346,0.7285371567517682,0.7453065529256602,0.6926929217409893,0.7118039211348576,0.7162967452618603,0.6916994302432289,0.756607718475061,0.05079956196751445,0.7373665765691607,0.7746597731701608,0.7106583753437381,0.714804077753606,0.7491326496033673,0.5298173848947063,0.7343228115513776,0.7058414497951813,0.7577438392439325,0.7427240869175461,0.7081561987087215,0.7109012932353661,0.705109733462936,0.7555615688641981,0.7560936900775279,0.7039700893872058,0.716257974249386
0.7311602963749197,0.7718908516828613,0.7020815829047501,0.7164634678811923,0.7518829788322106,0.7815605863188617,0.7311301147207154,0.7143473319377425,0.719317995136743,0.7103417914000931,0.7459523684626235,0.7193654753798626,0.741206068578452,0.7032647096984239,0.7067995274007914,0.7360624314615822,0.7812817406177038,0.7248579450109354,0.7433546632546353,0.7255669702424057,0.742749414346747,0.7442752441315714,0.7402744022119474,0.7825562671814346,1.0,0.7399607312606453,0.7438292493165441,0.7009817203000162,0.7076482472215473,0.7084493833272001,0.6969104481550532,0.7722449425896133,0.06388455866086962,0.7435863171274474,0.7775262159721891,0.721071570484838,0.7268724722770776,0.7515767536199877,0.5381462229070813,0.7352268221950549,0.7133633200632553,0.7576854379450767,0.7416677497616222,0.7222018428898337,0.724752190595459,0.7061158205442388,0.7554288142007307,0.7580092151728963,0.7131698603771623,0.7178884522989399
0.6941533840366677,0.7174215144062523,0.6712789239313046,0.6744094005731821,0.7217263639109054,0.7230146915326341,0.6948802790371993,0.6767343892861942,0.6930205125510926,0.6802702857393828,0.7170157849769929,0.6857127360654923,0.7141175908820214,0.667687992593087,0.6720023666233559,0.7028245297237375,0.7352397602677401,0.7015991567866835,0.6994266963062252,0.6931093467441196,0.7091226530296257,0.7121195554735398,0.7102981509393379,0.7285371567517682,0.7399607312606453,1.0,0.7159739832499111,0.6671355893708384,0.676742415876994,0.6892366674272112,0.6643245641123674,0.7165493424333733,0.0522772670693924,0.7066481432033833,0.7284918884862682,0.681444484988702,0.6875130631020849,0.7204469255038328,0.5170215539732597,0.7119443814800124,0.6770733342401916,0.7216222006468132,0.7137932322887555,0.6817354834391753,0.6840581483657147,0.6713341246209421,0.7209432656072339,0.7231709280342575,0.6754118405106464,0.6824142487701985
0.7709615131366696,0.7990641108729087,0.7523808966483712,0.7466757890136386,0.7756180883022191,0.7883627672968917,0.7795589539487565,0.7564635111812477,0.7705827301379796,0.7575681395477039,0.8252632944526377,0.7590131712127899,0.840711809087002,0.7515518550507575,0.7486490596110429,0.7770939864399142,0.7553607700445648,0.8155740349692286,0.802097901637151,0.7786037134068025,0.8200956366995805,0.826736973095486,0.8321541564042456,0.7453065529256602,0.7438292493165441,0.7159739832499111,1.0,0.7449767093916311,0.7600821461948923,0.7637182667974196,0.7355127759137785,0.8127385391455938,0.057131848142783825,0.8048208917907957,0.7820207727617348,0.7607858629365698,0.7666853004727516,0.8366603709440442,0.5525133734125774,0.83092229542635,0.7471240496300755,0.7986727298088058,0.8514879304011561,0.753714449207374,0.7511887593597764,0.757607511875073,0.7969664730290706,0.7951177088527586,0.756773988556829,0.767595158959643
0.7569753243089615,0.7511699674791971,0.7341103465384189,0.819661795900883,0.7159713480972354,0.7366731685654512,0.73470462182441,0.8830558774647544,0.7544460320403585,0.817962826387552,0.7476406401054448,0.809858597060469,0.7436723030776602,0.8251468851989079,0.8100874813485293,0.7366023089810145,0.7080025282768866,0.7467460650896973,0.7321997685824528,0.7387837224673027,0.7425753735572374,0.7429646036038273,0.7513236559253216,0.6926929217409893,0.7009817203000162,0.6671355893708384,0.7449767093916311,1.0,0.757797752440361,0.7566336200852246,0.7942099463981948,0.7349272195849985,0.06099540947795623,0.7390622880845393,0.7280874704349807,0.7916186756642285,0.7257935997913869,0.7466873143980872,0.5780277364746176,0.740181997963997,0.8044322885785133,0.7487719671188624,0.745000670620378,0.9159505131825665,0.8960524651178022,0.7569944097302044,0.7457040706856155,0.7452296676534705,0.8082725964529858,0.7577137720884239
0.766483332282847,0.7636291638374859,0.7515035982072211,0.7485113844713551,0.7248733347283752,0.7530125044064258,0.7436840658575625,0.7586234792923252,0.7665731814783704,0.7601378243782464,0.7494417453730813,0.7650453442512499,0.753593648885889,0.7585282704094376,0.7473131887764015,0.7427670701262623,0.7252955352186342,0.7520217841209786,0.746913005132616,0.7467566692078905,0.750909963230037,0.7492449080813762,0.75603643391403,0.7118039211348576,0.7076482472215473,0.676742415876994,0.7600821461948923,0.757797752440361,1.0,0.7635805577287358,0.7386572980567192,0.741915579723909,0.05711115731304239,0.7497180320159575,0.7387329349452201,0.762726301628073,0.732793902197198,0.7532446297176465,0.5523228219252652,0.7496617067791537,0.7487736459307125,0.7581532965363534,0.7582517525031747,0.7532667059302238,0.7535690730577888,0.7820006622205452,0.7542288585067498,0.7529153880797582,0.7505556553797537,0.8376829908042573
0.8013426984406372,0.7663300491068588,0.7591343300473152,0.7500713475762194,0.7344693313765355,0.7506263804048179,0.7571577845160853,0.7598745582834904,0.8003469892530333,0.7614283554251928,0.7718749336015746,0.758829460818614,0.7732191523593126,0.7531043108542167,0.7471813628933525,0.763410444183985,0.7220856841383797,0.7600644867652813,0.7500099660854942,0.7592739699285758,0.7568042104059454,0.7609702742878903,0.7617273771431853,0.7162967452618603,0.7084493833272001,0.6892366674272112,0.7637182667974196,0.7566336200852246,0.7635805577287358,1.0,0.7340034825301918,0.7459248053677624,0.05456779856785343,0.7481568026115857,0.7475272870802812,0.7662963051320255,0.7484370461995615,0.7575559035057527,0.5679699092543038,0.766078027657554,0.7458988325902495,0.7700048935882668,0.7680713164038152,0.7595552437737036,0.7567541848774592,0.7744662721543472,0.7625651406847453,0.7619409945302559,0.7568369012336315,0.7845233116284954
0.7361551700481584,0.7333196836494786,0.706389832857776,0.8186659977712551,0.7116139831558448,0.7159564610040365,0.7149657781576466,0.7967167452796282,0.7390313105429493,0.8184027014964174,0.7326246707203437,0.7841158789338794,0.7289085042053668,0.8049379999632102,0.8084765570667216,0.7242937492856854,0.700547813408065,0.7190883321617041,0.7179539389559211,0.718126674050384,0.7194854932973546,0.7252008237189731,0.7294603367235519,0.6916994302432289,0.6969104481550532,0.6643245641123674,0.7355127759137785,0.7942099463981948,0.7386572980567192,0.7340034825301918,1.0,0.7247199559936731,0.056527505028346914,0.718941421171323,0.7110872693123302,0.7735390522586159,0.709701606277261,0.7320757584942302,0.5674841039593519,0.7229974485515114,0.8448058087435044,0.7305444418186702,0.7297179827709516,0.8041434325506502,0.7949766426842753,0.7381381384363294,0.7295106518110404,0.7286414817771619,0.7835407832115459,0.7420723586826068
0.7576702656189395,0.7867947028155355,0.7389338397158918,0.7456957097699726,0.7804639813116327,0.7946413926004501,0.7765906388582109,0.7429819403281797,0.7583302650645103,0.7407498396576722,0.8040742119251663,0.7466956329544385,0.8148348943858117,0.7384208364583678,0.7360289312743473,0.7801893253088719,0.7826079841332723,0.8032817895871212,0.7994271799040793,0.7746409903913037,0.8108567674403528,0.8114096827907862,0.8185177261577772,0.756607718475061,0.7722449425896133,0.7165493424333733,0.8127385391455938,0.7349272195849985,0.741915579723909,0.7459248053677624,0.7247199559936731,1.0,0.06579935277483129,0.8050423138943139,0.7761156079553164,0.7532239489807279,0.7726340095853987,0.8069914556549602,0.5544144059190201,0.8115947446009047,0.7400132593979434,0.797177014236949,0.8089594902828816,0.7425385230531593,0.7442198281856238,0.741916630011074,0.7900294404412596,0.7892833289392215,0.738763935516696,0.7476182382107266
0.05875738675092579,0.05536091138834709,0.052758687610816035,0.06231036015035063,0.05251268811962184,0.061070204147298246,0.05785310306191482,0.0652764037383674,0.0588455493118617,0.05812586840273104,0.05786582420085307,0.05927233529620668,0.05891239846392993,0.05726065205458575,0.05680247740286215,0.05815668293097409,0.05395460278550501,0.059559710914390385,0.06554933539471075,0.059684668563233734,0.05548084137333531,0.06090346727065865,0.06083586433029875,0.05079956196751445,0.06388455866086962,0.0522772670693924,0.057131848142783825,0.06099540947795623,0.05711115731304239,0.05456779856785343,0.056527505028346914,0.06579935277483129,1.0,0.059469753252464175,0.05787887663208802,0.0540148197859206,0.05709795335109358,0.059516703097581614,0.05015286027216859,0.058930398955073904,0.060252564264409725,0.05740922982911578,0.05837205856797978,0.06230326495466121,0.062399674981510334,0.060354074776058475,0.056595217495113426,0.056394634393023724,0.05780917825023224,0.0587798012940729
0.7570921116811701,0.7918595435677033,0.7410340574368559,0.734018840731269,0.7807806995042859,0.8007933590103009,0.7739256199068612,0.7456269984326395,0.7571729221820485,0.738352005710483,0.8006181744936025,0.7462122711623803,0.8150970221288212,0.7311593103907259,0.7306338966352426,0.7705845736126744,0.7583245891727984,0.8046520269851193,0.798594791021328,0.7717334737340075,0.811911561121757,0.8478410832606154,0.8475692656620359,0.7373665765691607,0.7435863171274474,0.7066481432033833,0.8048208917907957,0.7390622880845393,0.7497180320159575,0.7481568026115857,0.718941421171323,0.8050423138943139,0.059469753252464175,1.0,0.7796753028045601,0.7613290442409705,0.7585568394172193,0.7996684122985075,0.5521197693537527,0.8100033966930444,0.7297291630999314,0.7965241961221606,0.8130451664377772,0.7450968725280983,0.7434709285562668,0.7402465644506317,0.7889131585407536,0.7886991471069495,0.7402018679312806,0.7555535460181342
0.7555306010655317,0.8145062675309105,0.7355301369385778,0.73406119944715,0.7672080283409146,0.8189278420094315,0.7604842379026677,0.7384377393155145,0.7532094826579633,0.7395847085916377,0.7887100090462666,0.7432719350849106,0.7942067886047979,0.7274630178180576,0.7257898965209141,0.761291730376925,0.7647591508373087,0.7799831597562488,0.7785512165450563,0.7575377709347586,0.7826409674931596,0.7823577738548435,0.7860763413627005,0.7746597731701608,0.7775262159721891,0.7284918884862682,0.7820207727617348,0.7280874704349807,0.7387329349452201,0.7475272870802812,0.7110872693123302,0.7761156079553164,0.05787887663208802,0.7796753028045601,1.0,0.7425156582623911,0.7470604134479324,0.7729588850497796,0.5499644877191301,0.7849318102236361,0.7290735421473749,0.7939019506516645,0.7868629119859922,0.7364511028555483,0.7341034030668997,0.7335136653413464,0.7922049354309354,0.7915625182307782,0.7350254335717139,0.7430267530641111
0.770848710888353,0.7542693170003983,0.7428215640307583,0.7867914911412297,0.7297669716021205,0.7541581732548803,0.755626083424717,0.7927815263640559,0.7642880666698812,0.8024945076503323,0.7640298201380811,0.787929649464526,0.7589636094549238,0.787536523428603,0.781705379055922,0.7557040611112065,0.7251563724132126,0.7617100837997419,0.7517101548328716,0.7580406126689476,0.763444902266815,0.7637459665967601,0.767403489911649,0.7106583753437381,0.721071570484838,0.681444484988702,0.7607858629365698,0.7916186756642285,0.762726301628073,0.7662963051320255,0.7735390522586159,0.7532239489807279,0.0540148197859206,0.7613290442409705,0.7425156582623911,1.0,0.7451821955871383,0.7539163756410787,0.5950728978779193,0.755052377119831,0.7790354723021251,0.7570092984293934,0.7590472545181377,0.7964154112107522,0.7984834995956932,0.762463765382066,0.7533941918789524,0.7518078675522653,0.795313816539456,0.7729527317186194
0.7621029820702743,0.7599838378959402,0.7351298697436666,0.7299419436686239,0.7283773080966937,0.7605095656238892,0.9150018777924322,0.7308952843159773,0.7523990060826771,0.7376203774416566,0.7569040396533905,0.7377595459146356,0.7679664902067392,0.7245110727102941,0.7225183476197614,0.8911498420857313,0.7278350115893972,0.7743151634352455,0.7690687099917124,0.9176617270480119,0.7761144379007308,0.775775721138586,0.7792409190045386,0.714804077753606,0.7268724722770776,0.6875130631020849,0.7666853004727516,0.7257935997913869,0.732793902197198,0.7484370461995615,0.709701606277261,0.7726340095853987,0.05709795335109358,0.7585568394172193,0.7470604134479324,0.7451821955871383,1.0,0.7541528821628879,0.5461385664457714,0.7598369194685404,0.7195376377262411,0.7626602085392642,0.7665580846990476,0.7311170546960479,0.733844593334928,0.7294940624927204,0.7596382836581359,0.7585932088709526,0.7328540913139361,0.7430499295701989
0.7691597898117117,0.7957045899601983,0.7421667226629619,0.7425247642116566,0.794286804583987,0.7913868060608312,0.7628409597278764,0.7554995928484906,0.7614762207801565,0.7496254546254657,0.8132015804014715,0.7540052443949061,0.8217618719432902,0.7431976328717382,0.7438539884564397,0.7673347489649317,0.752519389036433,0.7900345185566284,0.7858450532089525,0.7638262402421927,0.8044530638444775,0.8067373693238425,0.8071157847838947,0.7491326496033673,0.7515767536199877,0.7204469255038328,0.8366603709440442,0.7466873143980872,0.7532446297176465,0.7575559035057527,0.7320757584942302,0.8069914556549602,0.059516703097581614,0.7996684122985075,0.7729588850497796,0.7539163756410787,0.7541528821628879,1.0,0.5518687413421786,0.8180700718051348,0.7431260724788806,0.7936255734968279,0.84696253204173,0.7544086386709825,0.7517642466953232,0.7525970550214619,0.7988648822264298,0.7983833556292014,0.7524611897284857,0.7582487161336883
0.5746982318105636,0.5560219853765318,0.5398010739471955,0.5806584762224538,0.541696767821899,0.5582211687168231,0.5535291955336807,0.5798259202668286,0.5547088789439538,0.5794083117500419,0.5494546292793979,0.5813862737535543,0.5481942759871132,0.5721651825455445,0.578024934934565,0.5498626146374546,0.5375786330285679,0.5552831941338321,0.5453761117997088,0.5517970425582883,0.5528882076629074,0.5562228701890493,0.5555136825375302,0.5298173848947063,0.5381462229070813,0.5170215539732597,0.5525133734125774,0.5780277364746176,0.5523228219252652,0.5679699092543038,0.5674841039593519,0.5544144059190201,0.05015286027216859,0.5521197693537527,0.5499644877191301,0.5950728978779193,0.5461385664457714,0.5518687413421786,1.0,0.5526440317162598,0.5755432257995414,0.5555418127187023,0.54681751504287,0.583364045304821,0.5865888926965279,0.552197996722638,0.5576828060988029,0.5575520756753618,0.5788753434979957,0.5673612019639047
