../ecoli_genomes/GCF_000163235.1_ASM16323v1_genomic.fna.gz,../ecoli_genomes/GCF_000164555.1_ASM16455v1_genomic.fna.gz,../ecoli_genomes/GCF_000208545.1_ASM20854v2_genomic.fna.gz,../ecoli_genomes/GCF_000233875.1_ASM23387v1_genomic.fna.gz,../ecoli_genomes/GCF_000249735.1_ASM24973v2_genomic.fna.gz,../ecoli_genomes/GCF_000261145.1_Esch_coli_M919_V2_genomic.fna.gz,../ecoli_genomes/GCF_000267705.2_ASM26770v2_genomic.fna.gz,../ecoli_genomes/GCF_000350665.1_Esch_coli_KTE5_V1_genomic.fna.gz,../ecoli_genomes/GCF_000351625.1_Esch_coli_KTE66_V1_genomic.fna.gz,../ecoli_genomes/GCF_000352285.1_Esch_coli_KTE46_V1_genomic.fna.gz,../ecoli_genomes/GCF_000358895.1_ASM35889v1_genomic.fna.gz,../ecoli_genomes/GCF_000456385.1_Esch_coli_HVH_26_4-5703913_V1_genomic.fna.gz,../ecoli_genomes/GCF_000458195.1_Esch_coli_HVH_147_4-5893887_V1_genomic.fna.gz,../ecoli_genomes/GCF_000459755.1_Esch_coli_KOEGE_58_171a_V1_genomic.fna.gz,../ecoli_genomes/GCF_000460055.1_Esch_coli_UMEA_3053-1_V1_genomic.fna.gz,../ecoli_genomes/GCF_000462165.2_ASM46216v2_genomic.fna.gz,../ecoli_genomes/GCF_000601135.1_ASM60113v1_genomic.fna.gz,../ecoli_genomes/GCF_000614595.1_Ec2010EL1058_genomic.fna.gz,../ecoli_genomes/GCF_000617745.1_Ec2010C-4529_genomic.fna.gz,../ecoli_genomes/GCF_000618265.2_EcF6751_genomic.fna.gz,../ecoli_genomes/GCF_000619005.2_Ec2009C-4052_genomic.fna.gz,../ecoli_genomes/GCF_000619105.1_Ec2009C-4780_genomic.fna.gz,../ecoli_genomes/GCF_000619765.2_Ec2009C-3279_genomic.fna.gz,../ecoli_genomes/GCF_000687005.1_ASM68700v1_genomic.fna.gz,../ecoli_genomes/GCF_000687025.1_ASM68702v1_genomic.fna.gz,../ecoli_genomes/GCF_000700125.1_ASM70012v1_genomic.fna.gz,../ecoli_genomes/GCF_000753315.1_FHI35_genomic.fna.gz,../ecoli_genomes/GCF_000776375.1_ASM77637v1_genomic.fna.gz,../ecoli_genomes/GCF_000779395.1_ASM77939v1_genomic.fna.gz,../ecoli_genomes/GCF_000780315.1_ASM78031v1_genomic.fna.gz,../ecoli_genomes/GCF_000781995.1_ASM78199v1_genomic.fna.gz,../ecoli_genomes/GCF_000986765.1_ASM98676v1_genomic.fna.gz,../ecoli_genomes/GCF_001041375.1_ViralProj287958_genomic.fna.gz,../ecoli_genomes/GCF_001265335.1_302014_genomic.fna.gz,../ecoli_genomes/GCF_001265625.1_100854_genomic.fna.gz,../ecoli_genomes/GCF_001267345.1_303289_genomic.fna.gz,../ecoli_genomes/GCF_001309985.1_ASM130998v1_genomic.fna.gz,../ecoli_genomes/GCF_001521695.1_ASM152169v1_genomic.fna.gz,../ecoli_genomes/GCF_001592595.1_ASM159259v1_genomic.fna.gz,../ecoli_genomes/GCF_001614975.1_ASM161497v1_genomic.fna.gz,../ecoli_genomes/GCF_001692775.1_ASM169277v1_genomic.fna.gz,../ecoli_genomes/GCF_001748915.1_ASM174891v1_genomic.fna.gz,../ecoli_genomes/GCF_001749235.1_ASM174923v1_genomic.fna.gz,../ecoli_genomes/GCF_001881155.1_ASM188115v1_genomic.fna.gz,../ecoli_genomes/GCF_001881345.1_ASM188134v1_genomic.fna.gz,../ecoli_genomes/GCF_001892405.1_ASM189240v1_genomic.fna.gz,../ecoli_genomes/GCF_001892585.1_ASM189258v1_genomic.fna.gz,../ecoli_genomes/GCF_001893985.1_ASM189398v1_genomic.fna.gz,../ecoli_genomes/GCF_002001595.1_ASM200159v1_genomic.fna.gz,../ecoli_genomes/GCF_002002145.1_ASM200214v1_genomic.fna.gz
1.0,0.38043145779287957,0.3142109629157731,0.33866290045284786,0.34904261054244434,0.34780159428881186,0.34709268427748685,0.34204040170743844,0.4365005824917625,0.3539712427909254,0.380887275191923,0.33397557494405306,0.3641455598520531,0.33258680721013323,0.3169818266917994,0.35281545439469897,0.35412427939869606,0.3646217927005546,0.33844978230903533,0.355136888429623,0.3518109018265443,0.33010082772657556,0.37252304974163164,0.34367389536762816,0.32002956055916865,0.3538226854693196,0.3669113117681495,0.3340573066348431,0.3969065090097421,0.44435995263688144,0.31433115233469067,0.35076102540285325,0.0,0.3613103437054578,0.364609969793369,0.329112305179292,0.33835991452576175,0.3686474060566941,0.28282601122153495,0.3735168481923551,0.321462411735278,0.36457968019957465,0.3692045847283778,0.3374695392861907,0.34616781096797,0.36287100114337956,0.35857069978779355,0.35900821369000857,0.3237822156682313,0.3991939427059078
0.38043145779287957,1.0,0.2974733481379054,0.33393480416677956,0.42644492072471163,0.5238265729483063,0.384536082486277,0.33869349593739206,0.3556036566111298,0.34728999119040627,0.470662025732279,0.3384651973099281,0.4633613970096393,0.325242949441652,0.31836339098619215,0.39699788087600074,0.5035400780461936,0.4597588431284225,0.41283656787268475,0.40002316552378103,0.43961864465443656,0.4024145962593012,0.46179300821230085,0.5214145977608591,0.4925184428714414,0.5013822321726944,0.46223639175960984,0.33582656985743653,0.3622561326422672,0.3650502076084141,0.3102922061404825,0.43859304127467813,0.0,0.44798839647625677,0.5780916203031343,0.3202212974246904,0.37740846995761357,0.4662651257389495,0.2817681374509927,0.46690781653441205,0.3186109543462634,0.5080463365866144,0.4662672853763342,0.3458078636228913,0.3461122224880053,0.33627515326408053,0.5163293817236831,0.5172985788918663,0.3402464655022306,0.3609490930169763
0.3142109629157731,0.2974733481379054,1.0,0.2620658908713135,0.26401720182250255,0.26389317313827987,0.270529166064826,0.26656250050205377,0.3070985300206722,0.27261376035095986,0.2905094982814064,0.26195801594341817,0.28993484580423434,0.2636814260773762,0.2579234115493989,0.2779135452089724,0.274589076784154,0.2894545506885353,0.2606410875899785,0.2788349602549792,0.2816457590622504,0.25579026631764556,0.28743784283921514,0.2587834811941677,0.243696546360206,0.2697030347936814,0.2906472527806556,0.2635754643146685,0.30601918676867745,0.3117874732754522,0.24820763175834737,0.2709057697134244,0.0,0.28457734897571885,0.2790956684917121,0.2684789829186779,0.2628608316083205,0.284100058773199,0.23183141705635646,0.29531189705151284,0.25809141278101866,0.28321488244763193,0.2940374830152479,0.2689180018057695,0.2642711289519659,0.2857412663886564,0.2912015581522057,0.29066297953154396,0.27411138115322653,0.3106409373891684
0.33866290045284786,0.33393480416677956,0.2620658908713135,1.0,0.3368315658198521,0.30747516539972075,0.295069598836481,0.5296305250494164,0.34331275090973623,0.5598019143728625,0.32557735885408035,0.5373456865165802,0.33134767298494594,0.5767406998148707,0.5981368492330663,0.3124564785995454,0.3227882638387376,0.3188721993434058,0.29031511033520185,0.3029230222602848,0.3060663791824709,0.2854065866572567,0.32557816246969196,0.3133964393023263,0.306563004011037,0.3342560499662489,0.3209925088081864,0.5509311328953275,0.34712069430872006,0.3258196281327287,0.5268583338899576,0.327576083654171,0.0,0.31053702902692737,0.3242865865695954,0.445284575956749,0.2911376533631953,0.3132863075301462,0.40612122705008213,0.3171167940306876,0.5518743771536416,0.31688672094820014,0.3187536892305972,0.5584599955323948,0.5487763320257071,0.34100421754837396,0.31739655428706426,0.31748944364178344,0.4909464434171269,0.35196073987254173
0.34904261054244434,0.42644492072471163,0.26401720182250255,0.3368315658198521,1.0,0.4089412003738375,0.3507433718900187,0.32694797480138604,0.36370070284323885,0.34231421604685086,0.5246299440398604,0.300050613651232,0.4998568235706571,0.31711792361678914,0.3351419932356736,0.387407223348756,0.4381944781284125,0.44113979370829715,0.40729017719783356,0.3638029777539955,0.44970513488990893,0.39546031238429713,0.4552664688276431,0.4127234394918564,0.4002890373951873,0.44994766719861823,0.45450207687694744,0.2953909874373296,0.33640754616862456,0.34662976575311044,0.3230146790315894,0.4670527057046612,0.0,0.45502410600243004,0.4274411013266649,0.30171149872905256,0.3570147904920724,0.4793896361267307,0.2907215556700057,0.47241634163029644,0.33315256049042596,0.4332332998665016,0.4716852047467224,0.3110481455128258,0.316920483018415,0.3123182377286936,0.4446615930485348,0.4454416560189194,0.3031585028717316,0.33499504189767937
0.34780159428881186,0.5238265729483063,0.26389317313827987,0.30747516539972075,0.4089412003738375,1.0,0.40518885679272365,0.3170600412298803,0.3288540780461864,0.3152586086051765,0.44247727210953336,0.30884102217762144,0.4235907275739713,0.30258185235362,0.29092049492323757,0.40202241522712834,0.4578628106593874,0.43088813436689655,0.401731451157323,0.3813784203229972,0.40441457287935856,0.484218673818157,0.4324102250708808,0.5086050804080321,0.4875454852489256,0.4862825509395914,0.41149602839531085,0.3051670686335308,0.33528585191198257,0.3257462713220596,0.28423199576883595,0.4244963500547704,0.0,0.421130858893802,0.5525115359200348,0.31728378092574194,0.38202312010028405,0.42560852644480496,0.28193690784675984,0.4257894930236834,0.2919397279647191,0.4709539861746116,0.4220280449173891,0.30801168990359207,0.3114496395976364,0.3153357398858261,0.46588952160492003,0.4672969797349499,0.3010686247198616,0.3383610449530621
0.34709268427748685,0.384536082486277,0.270529166064826,0.295069598836481,0.3507433718900187,0.40518885679272365,1.0,0.302225870768114,0.3339393157441599,0.3005974252865413,0.40249593333169775,0.29917109106416595,0.382884000008633,0.29309187770462586,0.28068760594405784,0.760126094387942,0.37747903430725505,0.42091352916304015,0.39168607898072594,0.8269627700803429,0.4170247667273109,0.42366078534866847,0.4252720948603572,0.376754382812562,0.34900212858997626,0.3981682795309305,0.3939270177605403,0.29512982319074166,0.3320716676728849,0.33368793428464305,0.27182935064058744,0.38300026213994276,0.0,0.38931657780012274,0.41444230844510865,0.3225299282054873,0.7966545794812132,0.3748820348273194,0.26598329102922236,0.3931104645260959,0.273970920528249,0.3854900318941433,0.38933193657465104,0.297518546333549,0.2980437257449168,0.3180100760525514,0.3762996287960185,0.37598146653216913,0.28732915948680837,0.34546515494255814
0.34204040170743844,0.33869349593739206,0.26656250050205377,0.5296305250494164,0.32694797480138604,0.3170600412298803,0.302225870768114,1.0,0.3356672194365221,0.5404681896845902,0.32729982953197,0.5092023902521976,0.3347125558688093,0.5199347719701004,0.5067069616355915,0.31580355573359964,0.3260816301334084,0.3256813192946785,0.29889602120075087,0.30855802050702463,0.3116691019672484,0.2924146222912548,0.32849197773541017,0.3119614089347049,0.2922476827052892,0.32665416575267714,0.32725949017661315,0.7075486158624242,0.3589809277926469,0.3298293087145201,0.49783135562201164,0.32190738064034774,0.0,0.3174452907302586,0.3234097567527051,0.4468478834833721,0.2960248506450176,0.33795827313855575,0.41524917690295227,0.3307202091643907,0.5091101801674272,0.32466313514400313,0.32773492653578773,0.7045769013024048,0.6793953448711134,0.34461473169924717,0.3181899902666594,0.3186889798261324,0.48594027235540693,0.3562689411467398
0.4365005824917625,0.3556036566111298,0.3070985300206722,0.34331275090973623,0.36370070284323885,0.3288540780461864,0.3339393157441599,0.3356672194365221,1.0,0.35842614478195334,0.36878379304257936,0.31418641007751125,0.3714798810112241,0.33180556175913667,0.3352122100298116,0.3553103234648176,0.34804097888383556,0.3560133728539542,0.31870966155592484,0.3482246059978905,0.34124043201358256,0.3114858810158523,0.3576312978859375,0.32960878001849336,0.3095157298029704,0.34988212750689285,0.3610062325627047,0.3200016680676159,0.38138627445374707,0.4602798082453289,0.32344895114075245,0.34118047530610585,0.0,0.34880729847187897,0.35218918955385314,0.33010040428021703,0.33486060731568656,0.3455895443123532,0.27341350346625404,0.3656872682243617,0.3291701615131827,0.3573799211159614,0.364503666659317,0.3261061506112217,0.3218947385718278,0.35743849286843554,0.35376593627359587,0.3535093795381081,0.3222119263676867,0.39480038306961474
0.3539712427909254,0.34728999119040627,0.27261376035095986,0.5598019143728625,0.34231421604685086,0.3152586086051765,0.3005974252865413,0.5404681896845902,0.35842614478195334,1.0,0.3396117936072245,0.513036726132309,0.34443302587211766,0.5383362119397246,0.5363332645259584,0.3205120211410647,0.3246630144899313,0.32918626525965067,0.29489533623461295,0.3086800477835079,0.3091881198028269,0.2876258066604942,0.32210285901733327,0.3068577303133512,0.3016408584250593,0.3330003836301234,0.3308109768588817,0.533608362242991,0.3612638806114049,0.3400815986912761,0.5449581479912635,0.3251616270710923,0.0,0.31761806691894146,0.32439456393923927,0.4598237512255535,0.29862289383968443,0.32510263400949624,0.42354584356743696,0.3307151395298832,0.5573967344313637,0.32518903906438235,0.32863884707361235,0.5379080909221563,0.5372935319726226,0.3494914491820611,0.322491447559782,0.322600079931759,0.5132537705461608,0.36038431567154494
0.380887275191923,0.470662025732279,0.2905094982814064,0.32557735885408035,0.5246299440398604,0.44247727210953336,0.40249593333169775,0.32729982953197,0.36878379304257936,0.3396117936072245,1.0,0.3208479030323701,0.5644905320750806,0.3259498191645823,0.3182444549292842,0.41205429214883893,0.44533852689687803,0.5242803486787031,0.4836615442769462,0.4086280173750436,0.5092015298997246,0.4920462463744334,0.5249249805859466,0.4441107231859305,0.39063659370556203,0.46199602939127715,0.527025170644819,0.32304887882232014,0.3592581973854623,0.3714878206502369,0.31102333289091777,0.48202126864531525,0.0,0.5052780290678434,0.47706741946319287,0.33580879700204225,0.39264352702750294,0.5107989685763783,0.2857407676479997,0.5546617413103629,0.3174441913322641,0.48654815840913435,0.5387474283143411,0.3254394619029456,0.32456093875163294,0.33884479241907195,0.47893792575282557,0.47843334116069913,0.32703705172180664,0.36815733918259774
0.33397557494405306,0.3384651973099281,0.26195801594341817,0.5373456865165802,0.300050613651232,0.30884102217762144,0.29917109106416595,0.5092023902521976,0.31418641007751125,0.513036726132309,0.3208479030323701,1.0,0.31232230547887463,0.5231097051485821,0.602590692955322,0.2996459942637878,0.30750429028187864,0.30960720957640886,0.290687172535289,0.2982003217471533,0.3053457192800896,0.29341928439263654,0.3147428940918563,0.30967841188465073,0.282166487116732,0.31743456354705835,0.31330967197000903,0.518372266028562,0.35780848405064714,0.32034491584860203,0.4686607074401933,0.3023307429014359,0.0,0.30919129480902374,0.32357496153543985,0.4359541006015837,0.28574911744001696,0.31410718228195533,0.4015291548272856,0.3172107033899141,0.49474113253135166,0.3086897161295843,0.31629980994397144,0.5215011838213368,0.5218626471836209,0.34200066819277763,0.31359844068343723,0.3143606158637804,0.470107438058569,0.3489711502000422
0.3641455598520531,0.4633613970096393,0.28993484580423434,0.33134767298494594,0.4998568235706571,0.4235907275739713,0.382884000008633,0.3347125558688093,0.3714798810112241,0.34443302587211766,0.5644905320750806,0.31232230547887463,1.0,0.3183873426392815,0.32738694241192023,0.40645966844908965,0.445400815126221,0.5308873841528287,0.525386468156598,0.39886937142631396,0.5297648900103498,0.5238378995581637,0.5799251458067594,0.4279982253037816,0.38529421069865666,0.44781408080920737,0.565343146725728,0.3175390281120456,0.357689736191239,0.3711457960067376,0.3125853179449448,0.5260445009228292,0.0,0.5566870713590257,0.4613913288116984,0.31821030809634265,0.3828282941154041,0.5340091808495143,0.27884623444164425,0.5758138012214258,0.3217471859106166,0.4694254835859818,0.5647382614309346,0.3194210885355958,0.3154437872716739,0.32764255503984574,0.47008405089383776,0.4702392845851421,0.32426253255184423,0.3582656755330592
0.33258680721013323,0.325242949441652,0.2636814260773762,0.5767406998148707,0.31711792361678914,0.30258185235362,0.29309187770462586,0.5199347719701004,0.33180556175913667,0.5383362119397246,0.3259498191645823,0.5231097051485821,0.3183873426392815,1.0,0.5807630817450349,0.3020066251511958,0.3080842878598602,0.31783760232952973,0.287103455700772,0.30339932122940905,0.3003917322285059,0.28146448647087396,0.32073157125433693,0.2867732772579571,0.27741279384804385,0.30880066723540023,0.32051648524411547,0.5533901638008447,0.35522369490609096,0.32165819537263163,0.5221589806311402,0.30818366355242466,0.0,0.309013131518477,0.31591608733391763,0.4409304486884694,0.2871369439723317,0.3190108942379134,0.4059710784795435,0.31803934214939944,0.5405424986656928,0.31453780855043334,0.3193949487566182,0.5493273515276906,0.5384086178613312,0.34786062410034957,0.3184489060736386,0.31840277582698995,0.4954024105959087,0.35995255259443637
0.3169818266917994,0.31836339098619215,0.2579234115493989,0.5981368492330663,0.3351419932356736,0.29092049492323757,0.28068760594405784,0.5067069616355915,0.3352122100298116,0.5363332645259584,0.3182444549292842,0.602590692955322,0.32738694241192023,0.5807630817450349,1.0,0.3025109275311493,0.3204403910803867,0.30927280096629317,0.27785008399530975,0.29188530916904976,0.2965124047685781,0.2705999497303193,0.3133009872793564,0.29489175554715363,0.28555466012061415,0.3172391358375801,0.3120079789124154,0.518720033041171,0.3445754949835721,0.3166025151673564,0.5252917408060622,0.31659956495027475,0.0,0.3035999750207523,0.31081495775972434,0.4361193235138796,0.281090193894889,0.3095341672883074,0.4000064909815536,0.31205743982964496,0.547415644574375,0.3079369443939147,0.31538996994160207,0.5182194511123218,0.5089158775854296,0.34212989761088985,0.318093032573208,0.31803538477852544,0.47792118721255794,0.3575269300499906
0.35281545439469897,0.39699788087600074,0.2779135452089724,0.3124564785995454,0.387407223348756,0.40202241522712834,0.760126094387942,0.31580355573359964,0.3553103234648176,0.3205120211410647,0.41205429214883893,0.2996459942637878,0.40645966844908965,0.3020066251511958,0.3025109275311493,1.0,0.39125488477357184,0.4172134665692734,0.3915652998279634,0.7656610923526915,0.4058775071936884,0.4063261220281137,0.4236438830737652,0.3761432843236111,0.3592965206362997,0.40888824760388953,0.39717998360383344,0.30159704930038267,0.3407307491652689,0.34885737383374804,0.2932991555934983,0.39022634456883876,0.0,0.39403135302962944,0.41178201490505384,0.31964508677924064,0.7569434214836552,0.3839973085817755,0.26695353692741,0.40030474142868977,0.29521045927410683,0.39053022738503085,0.39701643464024716,0.300232996772837,0.3019777695604896,0.32109097164994294,0.38851473939440906,0.388320878431169,0.29687394377252574,0.34798112507699086
0.35412427939869606,0.5035400780461936,0.274589076784154,0.3227882638387376,0.4381944781284125,0.4578628106593874,0.37747903430725505,0.3260816301334084,0.34804097888383556,0.3246630144899313,0.44533852689687803,0.30750429028187864,0.445400815126221,0.3080842878598602,0.3204403910803867,0.39125488477357184,1.0,0.42940217660611324,0.38986769335966753,0.38380692427772345,0.42024278876737986,0.3966833122745409,0.4458404831628795,0.48181987744815713,0.47011138809895014,0.5249258101996058,0.4323778203137091,0.306265662723194,0.33959366250543266,0.33908958139967704,0.30116124088192253,0.4800315360935473,0.0,0.4444636247380068,0.5000943216440576,0.31421112199725143,0.3734153088637693,0.4233898391830825,0.2683750671275493,0.4400349359081134,0.30668252592303447,0.4785167982670915,0.435942285306424,0.31482453259787835,0.3243346181452099,0.3135258440115445,0.48897020554246484,0.4894938480244986,0.30228843477645506,0.3395825871328444
0.3646217927005546,0.4597588431284225,0.2894545506885353,0.3188721993434058,0.44113979370829715,0.43088813436689655,0.42091352916304015,0.3256813192946785,0.3560133728539542,0.32918626525965067,0.5242803486787031,0.30960720957640886,0.5308873841528287,0.31783760232952973,0.30927280096629317,0.4172134665692734,0.42940217660611324,1.0,0.5196725513296123,0.43260930209789883,0.5493886301440863,0.5011627710746103,0.5650630321266984,0.41017935282011375,0.37264649578309994,0.4275634852703565,0.5377979658259628,0.3182397706190122,0.3566845186749258,0.3655487728828767,0.30228908212715055,0.48342591679368696,0.0,0.5208047261411366,0.45875918204381827,0.33820834587465465,0.4106694607904552,0.498350539023244,0.2887307883984056,0.5397364933642541,0.3064923679105217,0.4673500146331768,0.5280652417697413,0.3181829682867048,0.31510059072528307,0.3300983962708459,0.4693506843468581,0.4690218600036892,0.3176340134546164,0.36238113527599003
0.33844978230903533,0.41283656787268475,0.2606410875899785,0.29031511033520185,0.40729017719783356,0.401731451157323,0.39168607898072594,0.29889602120075087,0.31870966155592484,0.29489533623461295,0.4836615442769462,0.290687172535289,0.525386468156598,0.287103455700772,0.27785008399530975,0.3915652998279634,0.38986769335966753,0.5196725513296123,1.0,0.3906391687045351,0.5015007533580811,0.5208934562433472,0.5106826660459434,0.3846151023276543,0.3562378306007611,0.3967172928481074,0.48290089631606636,0.28939851503459424,0.3181037503588686,0.33146986593710737,0.2743011505287605,0.4746592048511339,0.0,0.4702244584492319,0.4292378930070284,0.30686015257472465,0.37686817869249223,0.4566050839408905,0.2636191391824665,0.48469015958495687,0.27840339283106164,0.42039460380420224,0.47599585715108383,0.29584116419165074,0.2952112471795646,0.29988091518248594,0.41090350677298937,0.4111808886573206,0.28706594107588923,0.32666953466078097
0.355136888429623,0.40002316552378103,0.2788349602549792,0.3029230222602848,0.3638029777539955,0.3813784203229972,0.8269627700803429,0.30855802050702463,0.3482246059978905,0.3086800477835079,0.4086280173750436,0.2982003217471533,0.39886937142631396,0.30339932122940905,0.29188530916904976,0.7656610923526915,0.38380692427772345,0.43260930209789883,0.3906391687045351,1.0,0.42635008952530973,0.39076683458618666,0.4359994019260439,0.3693215780309599,0.3419799590082687,0.38666444459176563,0.4100845513273149,0.30218044805516364,0.34359071511856376,0.3475419207133338,0.2821164347350028,0.3847887198435809,0.0,0.40105821509015116,0.4078727260271964,0.3203212995962794,0.7977341846980269,0.38745333870763843,0.26748434546531963,0.4086058181550176,0.28523907654497016,0.39757463670334103,0.40523544582326065,0.30373038178458767,0.3016684765669583,0.32412930769880544,0.3922001884228645,0.3920122264394592,0.2992282932074781,0.35371254138481667
0.3518109018265443,0.43961864465443656,0.2816457590622504,0.3060663791824709,0.44970513488990893,0.40441457287935856,0.4170247667273109,0.3116691019672484,0.34124043201358256,0.3091881198028269,0.5092015298997246,0.3053457192800896,0.5297648900103498,0.3003917322285059,0.2965124047685781,0.4058775071936884,0.42024278876737986,0.5493886301440863,0.5015007533580811,0.42635008952530973,1.0,0.4926165402505984,0.5646211886051141,0.3987458255425612,0.3641973192263822,0.428288551763383,0.5391035990299125,0.30653122973461566,0.3386412018278683,0.3536687072325162,0.28722752822914543,0.48919374208532385,0.0,0.5281180114654154,0.44447254956385207,0.3212890118599412,0.4014764413593682,0.5071441453458136,0.27441285994793374,0.5399538276762266,0.29708463132784213,0.44208365315541587,0.5317850620705065,0.3086239921273195,0.3082591524067957,0.3227548404210331,0.45717918226611154,0.45733167537987107,0.3060595289662337,0.34658508069741156
0.33010082772657556,0.4024145962593012,0.25579026631764556,0.2854065866572567,0.39546031238429713,0.484218673818157,0.42366078534866847,0.2924146222912548,0.3114858810158523,0.2876258066604942,0.4920462463744334,0.29341928439263654,0.5238378995581637,0.28146448647087396,0.2705999497303193,0.4063261220281137,0.3966833122745409,0.5011627710746103,0.5208934562433472,0.39076683458618666,0.4926165402505984,1.0,0.6341754195909612,0.3955436888432763,0.36764418506191887,0.4202352036135363,0.4831630984500437,0.2879540203783183,0.31141442920051765,0.3194789622297953,0.263810878323555,0.47276472392041224,0.0,0.5668548721560034,0.4390582447208333,0.3088830991556628,0.3930394917527812,0.46541771739671767,0.254180865507757,0.49436699897374425,0.26717765145577654,0.41004904794172803,0.48504915421925776,0.2898220830272463,0.2886980185941598,0.30084812712380105,0.4072179543784529,0.40720515018003967,0.2802733825524557,0.32584540607781853
0.37252304974163164,0.46179300821230085,0.28743784283921514,0.32557816246969196,0.4552664688276431,0.4324102250708808,0.4252720948603572,0.32849197773541017,0.3576312978859375,0.32210285901733327,0.5249249805859466,0.3147428940918563,0.5799251458067594,0.32073157125433693,0.3133009872793564,0.4236438830737652,0.4458404831628795,0.5650630321266984,0.5106826660459434,0.4359994019260439,0.5646211886051141,0.6341754195909612,1.0,0.4150060749352523,0.3876932375738139,0.43250568190777583,0.5664841254431725,0.3234478479421333,0.35675182370881975,0.3593729121836162,0.3056415337402605,0.5174573906778481,0.0,0.6501693501761532,0.46123394757546177,0.3290461097180497,0.41456869771783167,0.5244248319530694,0.2847731861820275,0.5593219247257384,0.3100220319463818,0.46372701357809587,0.5512094067778603,0.3250550431067709,0.32156112101057766,0.32767064652793565,0.4621154394988064,0.46227097876990386,0.31952861147987066,0.3566051717444466
0.34367389536762816,0.5214145977608591,0.2587834811941677,0.3133964393023263,0.4127234394918564,0.5086050804080321,0.376754382812562,0.3119614089347049,0.32960878001849336,0.3068577303133512,0.4441107231859305,0.30967841188465073,0.4279982253037816,0.2867732772579571,0.29489175554715363,0.3761432843236111,0.48181987744815713,0.41017935282011375,0.3846151023276543,0.3693215780309599,0.3987458255425612,0.3955436888432763,0.4150060749352523,1.0,0.5863331714305569,0.5512790717652086,0.41116609710308105,0.28854538640322247,0.31627475426310514,0.32848028921278005,0.28189527635967315,0.42982940669979375,0.0,0.41208694107922994,0.5424162597523965,0.30695656580906416,0.3648874691382451,0.39943055945221784,0.2524679017927457,0.41493843532906616,0.2891060484434804,0.4615352646619565,0.4137555680788061,0.30346202135926525,0.3126548099908305,0.29864861311366975,0.4480617899406928,0.4535344237007298,0.2871044798402749,0.3245511080052176
0.32002956055916865,0.4925184428714414,0.243696546360206,0.306563004011037,0.4002890373951873,0.4875454852489256,0.34900212858997626,0.2922476827052892,0.3095157298029704,0.3016408584250593,0.39063659370556203,0.282166487116732,0.38529421069865666,0.27741279384804385,0.28555466012061415,0.3592965206362997,0.47011138809895014,0.37264649578309994,0.3562378306007611,0.3419799590082687,0.3641973192263822,0.36764418506191887,0.3876932375738139,0.5863331714305569,1.0,0.539875475502009,0.3719322456435893,0.2701409531625093,0.29905454967279954,0.29747325801441726,0.275022707662269,0.44834914914110413,0.0,0.3796286378546522,0.4972867700236856,0.27729747202498956,0.3447104439534384,0.3812049870218356,0.24181847602696882,0.3811642782660325,0.27961490539362366,0.4178933072701052,0.3796065543909406,0.29286031290285597,0.29890744258539237,0.2915566866495247,0.41733441738388966,0.42295242651787957,0.27692196798217295,0.30501191824570306
0.3538226854693196,0.5013822321726944,0.2697030347936814,0.3342560499662489,0.44994766719861823,0.4862825509395914,0.3981682795309305,0.32665416575267714,0.34988212750689285,0.3330003836301234,0.46199602939127715,0.31743456354705835,0.44781408080920737,0.30880066723540023,0.3172391358375801,0.40888824760388953,0.5249258101996058,0.4275634852703565,0.3967172928481074,0.38666444459176563,0.428288551763383,0.4202352036135363,0.43250568190777583,0.5512790717652086,0.539875475502009,1.0,0.4340464568117447,0.3019281873223263,0.3325159943300585,0.3438687736866368,0.308056655301885,0.4504181432211849,0.0,0.42143152415040475,0.5208229944962801,0.31555233862306775,0.38907732636504366,0.4274132754154625,0.2641749364829097,0.4455742123854497,0.31245039240932637,0.47900412562397265,0.42776174480228246,0.32203631630661644,0.32159672776824066,0.31443079278016817,0.4821263774458472,0.48498002384688554,0.3117146068051577,0.34128078877449974
0.3669113117681495,0.46223639175960984,0.2906472527806556,0.3209925088081864,0.45450207687694744,0.41149602839531085,0.3939270177605403,0.32725949017661315,0.3610062325627047,0.3308109768588817,0.527025170644819,0.31330967197000903,0.565343146725728,0.32051648524411547,0.3120079789124154,0.39717998360383344,0.4323778203137091,0.5377979658259628,0.48290089631606636,0.4100845513273149,0.5391035990299125,0.4831630984500437,0.5664841254431725,0.41116609710308105,0.3719322456435893,0.4340464568117447,1.0,0.32091873968346984,0.3602875102233787,0.36508841731113484,0.3037549638927133,0.5053596302271022,0.0,0.5278929789643525,0.45623405078260826,0.32612532562401053,0.38692899589303864,0.599378028263744,0.2750681816021995,0.5749776876805264,0.31187100762105224,0.463967566681623,0.6382486355104676,0.32762227103898367,0.3174499026744412,0.3370917026570961,0.46157597945007656,0.46159479689847405,0.326416879383711,0.3621951163401883
0.3340573066348431,0.33582656985743653,0.2635754643146685,0.5509311328953275,0.2953909874373296,0.3051670686335308,0.29512982319074166,0.7075486158624242,0.3200016680676159,0.533608362242991,0.32304887882232014,0.518372266028562,0.3175390281120456,0.5533901638008447,0.518720033041171,0.30159704930038267,0.306265662723194,0.3182397706190122,0.28939851503459424,0.30218044805516364,0.30653122973461566,0.2879540203783183,0.3234478479421333,0.28854538640322247,0.2701409531625093,0.3019281873223263,0.32091873968346984,1.0,0.35531414166592257,0.3221803035828328,0.5030097157400789,0.3040380984660046,0.0,0.3081921229010133,0.3140800675633818,0.44095380346091273,0.28675092557256376,0.32843005460859276,0.4089095217688321,0.3197088829625412,0.5192012341330859,0.3141104724949766,0.31868075392375284,0.7956738937736512,0.752886443077461,0.34255154574689106,0.31691023775527416,0.317968500446671,0.4986947662498432,0.3526047068280752
0.3969065090097421,0.3622561326422672,0.30601918676867745,0.34712069430872006,0.33640754616862456,0.33528585191198257,0.3320716676728849,0.3589809277926469,0.38138627445374707,0.3612638806114049,0.3592581973854623,0.35780848405064714,0.357689736191239,0.35522369490609096,0.3445754949835721,0.3407307491652689,0.33959366250543266,0.3566845186749258,0.3181037503588686,0.34359071511856376,0.3386412018278683,0.31141442920051765,0.35675182370881975,0.31627475426310514,0.29905454967279954,0.3325159943300585,0.3602875102233787,0.35531414166592257,1.0,0.38314295473700655,0.3348401285599024,0.34218822048944153,0.0,0.3497003530499613,0.34910367700029876,0.3496951732327942,0.32568595836941405,0.3511737916682063,0.303949342790382,0.36384215241578066,0.3326453353344213,0.34964399755925757,0.3570720542654172,0.3514406701267744,0.35595901892736037,0.4300941479759002,0.3508771446325477,0.35177774819428287,0.3456835843388386,0.6307800525580457
0.44435995263688144,0.3650502076084141,0.3117874732754522,0.3258196281327287,0.34662976575311044,0.3257462713220596,0.33368793428464305,0.3298293087145201,0.4602798082453289,0.3400815986912761,0.3714878206502369,0.32034491584860203,0.3711457960067376,0.32165819537263163,0.3166025151673564,0.34885737383374804,0.33908958139967704,0.3655487728828767,0.33146986593710737,0.3475419207133338,0.3536687072325162,0.3194789622297953,0.3593729121836162,0.32848028921278005,0.29747325801441726,0.3438687736866368,0.36508841731113484,0.3221803035828328,0.38314295473700655,1.0,0.3123333218712765,0.332137732431085,0.0,0.34773407245453336,0.3562012647246269,0.32706791094390286,0.3299688460939466,0.35206816231138216,0.2747726939355347,0.3807281741282691,0.3187965034339917,0.36066466537605923,0.3686018577438718,0.32584728746952907,0.32260092520762673,0.37065779411274036,0.36246965228485306,0.3620551227526143,0.32512129313968474,0.3936886950011279
0.31433115233469067,0.3102922061404825,0.24820763175834737,0.5268583338899576,0.3230146790315894,0.28423199576883595,0.27182935064058744,0.49783135562201164,0.32344895114075245,0.5449581479912635,0.31102333289091777,0.4686607074401933,0.3125853179449448,0.5221589806311402,0.5252917408060622,0.2932991555934983,0.30116124088192253,0.30228908212715055,0.2743011505287605,0.2821164347350028,0.28722752822914543,0.263810878323555,0.3056415337402605,0.28189527635967315,0.275022707662269,0.308056655301885,0.3037549638927133,0.5030097157400789,0.3348401285599024,0.3123333218712765,1.0,0.3054245924359502,0.0,0.2996471172649757,0.29916492823927976,0.42485268180696056,0.27505351591016025,0.30109212950587905,0.3833602485725224,0.3048624930333659,0.6584739003416211,0.2973839617338515,0.30283484460437726,0.5056472456627947,0.4979278367000828,0.3261525397933348,0.30493946134655536,0.30463124020606347,0.46117335890524425,0.3321749291371221
0.35076102540285325,0.43859304127467813,0.2709057697134244,0.327576083654171,0.4670527057046612,0.4244963500547704,0.38300026213994276,0.32190738064034774,0.34118047530610585,0.3251616270710923,0.48202126864531525,0.3023307429014359,0.5260445009228292,0.30818366355242466,0.31659956495027475,0.39022634456883876,0.4800315360935473,0.48342591679368696,0.4746592048511339,0.3847887198435809,0.48919374208532385,0.47276472392041224,0.5174573906778481,0.42982940669979375,0.44834914914110413,0.4504181432211849,0.5053596302271022,0.3040380984660046,0.34218822048944153,0.332137732431085,0.3054245924359502,1.0,0.0,0.4992737950303062,0.43568762051441245,0.3076650895450098,0.37775069066378886,0.5028718430304504,0.2674304581707674,0.5177016241069357,0.3020779176582977,0.43769123904055085,0.5154102988823984,0.30887176969843366,0.31804187687511476,0.3168413785203069,0.44727475355421853,0.4485283292051304,0.2975253172514909,0.3355896870810451
0.0,0.0,0.0,0.0,0.0,0.0,0.0,0.0,0.0,0.0,0.0,0.0,0.0,0.0,0.0,0.0,0.0,0.0,0.0,0.0,0.0,0.0,0.0,0.0,0.0,0.0,0.0,0.0,0.0,0.0,0.0,0.0,1.0,0.0,0.0,0.0,0.0,0.0,0.0,0.0,0.0,0.0,0.0,0.0,0.0,0.0,0.0,0.0,0.0,0.0
0.3613103437054578,0.44798839647625677,0.28457734897571885,0.31053702902692737,0.45502410600243004,0.421130858893802,0.38931657780012274,0.3174452907302586,0.34880729847187897,0.31761806691894146,0.5052780290678434,0.30919129480902374,0.5566870713590257,0.309013131518477,0.3035999750207523,0.39403135302962944,0.4444636247380068,0.5208047261411366,0.4702244584492319,0.40105821509015116,0.5281180114654154,0.5668548721560034,0.6501693501761532,0.41208694107922994,0.3796286378546522,0.42143152415040475,0.5278929789643525,0.3081921229010133,0.3497003530499613,0.34773407245453336,0.2996471172649757,0.4992737950303062,0.0,1.0,0.451470786341573,0.3361134623303442,0.3799801336420976,0.5056391980057557,0.2918938090469013,0.5393759488094937,0.3025152541944104,0.450591154258154,0.5423749887878689,0.31242970127319625,0.31641920664585066,0.3171374230664,0.45378650777280904,0.45425410943899525,0.30766052980739267,0.35137380423079156
0.364609969793369,0.5780916203031343,0.2790956684917121,0.3242865865695954,0.4274411013266649,0.5525115359200348,0.41444230844510865,0.3234097567527051,0.35218918955385314,0.32439456393923927,0.47706741946319287,0.32357496153543985,0.4613913288116984,0.31591608733391763,0.31081495775972434,0.41178201490505384,0.5000943216440576,0.45875918204381827,0.4292378930070284,0.4078727260271964,0.44447254956385207,0.4390582447208333,0.46123394757546177,0.5424162597523965,0.4972867700236856,0.5208229944962801,0.45623405078260826,0.3140800675633818,0.34910367700029876,0.3562012647246269,0.29916492823927976,0.43568762051441245,0.0,0.451470786341573,1.0,0.3287571460669062,0.39176532405081754,0.4420209599082884,0.28153530248511505,0.4634328454470774,0.3053343302766479,0.5094525263507903,0.4622669236325213,0.3183722799665051,0.32123470383893027,0.3266736477296147,0.49850707364548896,0.49864167938597026,0.31301473401380575,0.35291389776618187
0.329112305179292,0.3202212974246904,0.2684789829186779,0.445284575956749,0.30171149872905256,0.31728378092574194,0.3225299282054873,0.4468478834833721,0.33010040428021703,0.4598237512255535,0.33580879700204225,0.4359541006015837,0.31821030809634265,0.4409304486884694,0.4361193235138796,0.31964508677924064,0.31421112199725143,0.33820834587465465,0.30686015257472465,0.3203212995962794,0.3212890118599412,0.3088830991556628,0.3290461097180497,0.30695656580906416,0.27729747202498956,0.31555233862306775,0.32612532562401053,0.44095380346091273,0.3496951732327942,0.32706791094390286,0.42485268180696056,0.3076650895450098,0.0,0.3361134623303442,0.3287571460669062,1.0,0.3088994868763041,0.31485202685212343,0.41101145635749237,0.3290410072532205,0.43709014875260166,0.3195691906953042,0.3231373758658168,0.4448324007345458,0.4468536698183192,0.34164779131083034,0.31396332624846557,0.3136520911725812,0.44409721942553526,0.3599242732641762
0.33835991452576175,0.37740846995761357,0.2628608316083205,0.2911376533631953,0.3570147904920724,0.38202312010028405,0.7966545794812132,0.2960248506450176,0.33486060731568656,0.29862289383968443,0.39264352702750294,0.28574911744001696,0.3828282941154041,0.2871369439723317,0.281090193894889,0.7569434214836552,0.3734153088637693,0.4106694607904552,0.37686817869249223,0.7977341846980269,0.4014764413593682,0.3930394917527812,0.41456869771783167,0.3648874691382451,0.3447104439534384,0.38907732636504366,0.38692899589303864,0.28675092557256376,0.32568595836941405,0.3299688460939466,0.27505351591016025,0.37775069066378886,0.0,0.3799801336420976,0.39176532405081754,0.3088994868763041,1.0,0.3660016131790602,0.2538970484489569,0.37970084821378514,0.27374217671822065,0.375421979238315,0.38232033558216527,0.28633147884366095,0.28636942154198297,0.3056431432406136,0.36683294529473054,0.36665350168228217,0.279177011155904,0.3318440727567359
0.3686474060566941,0.4662651257389495,0.284100058773199,0.3132863075301462,0.4793896361267307,0.42560852644480496,0.3748820348273194,0.33795827313855575,0.3455895443123532,0.32510263400949624,0.5107989685763783,0.31410718228195533,0.5340091808495143,0.3190108942379134,0.3095341672883074,0.3839973085817755,0.4233898391830825,0.498350539023244,0.4566050839408905,0.38745333870763843,0.5071441453458136,0.46541771739671767,0.5244248319530694,0.39943055945221784,0.3812049870218356,0.4274132754154625,0.599378028263744,0.32843005460859276,0.3511737916682063,0.35206816231138216,0.30109212950587905,0.5028718430304504,0.0,0.5056391980057557,0.4420209599082884,0.31485202685212343,0.3660016131790602,1.0,0.28411341449517724,0.5491560694446416,0.31259964470630797,0.4567127846978565,0.6307466740712526,0.33234072678260906,0.32738931689633166,0.32952449827720187,0.4681813320600051,0.4689475358460715,0.32984302416355726,0.35325741693330703
0.28282601122153495,0.2817681374509927,0.23183141705635646,0.40612122705008213,0.2907215556700057,0.28193690784675984,0.26598329102922236,0.41524917690295227,0.27341350346625404,0.42354584356743696,0.2857407676479997,0.4015291548272856,0.27884623444164425,0.4059710784795435,0.4000064909815536,0.26695353692741,0.2683750671275493,0.2887307883984056,0.2636191391824665,0.26748434546531963,0.27441285994793374,0.254180865507757,0.2847731861820275,0.2524679017927457,0.24181847602696882,0.2641749364829097,0.2750681816021995,0.4089095217688321,0.303949342790382,0.2747726939355347,0.3833602485725224,0.2674304581707674,0.0,0.2918938090469013,0.28153530248511505,0.41101145635749237,0.2538970484489569,0.28411341449517724,1.0,0.28490602284368094,0.3913054155072664,0.2861795487298102,0.2815813942841203,0.4109549248693668,0.41602504415886055,0.29184208025488223,0.27981918286689056,0.2795333499930628,0.4018438112989908,0.30149547003658617
0.3735168481923551,0.46690781653441205,0.29531189705151284,0.3171167940306876,0.47241634163029644,0.4257894930236834,0.3931104645260959,0.3307202091643907,0.3656872682243617,0.3307151395298832,0.5546617413103629,0.3172107033899141,0.5758138012214258,0.31803934214939944,0.31205743982964496,0.40030474142868977,0.4400349359081134,0.5397364933642541,0.48469015958495687,0.4086058181550176,0.5399538276762266,0.49436699897374425,0.5593219247257384,0.41493843532906616,0.3811642782660325,0.4455742123854497,0.5749776876805264,0.3197088829625412,0.36384215241578066,0.3807281741282691,0.3048624930333659,0.5177016241069357,0.0,0.5393759488094937,0.4634328454470774,0.3290410072532205,0.37970084821378514,0.5491560694446416,0.28490602284368094,1.0,0.31072123498919435,0.4728832582697686,0.5835026573733376,0.32134053757259773,0.32205331625458233,0.34312715097339885,0.4925610822738623,0.4927022295487201,0.3251590878290307,0.3730136811300697
