../ecoli_genomes/GCF_000163235.1_ASM16323v1_genomic.fna.gz,../ecoli_genomes/GCF_000164555.1_ASM16455v1_genomic.fna.gz,../ecoli_genomes/GCF_000208545.1_ASM20854v2_genomic.fna.gz,../ecoli_genomes/GCF_000233875.1_ASM23387v1_genomic.fna.gz,../ecoli_genomes/GCF_000249735.1_ASM24973v2_genomic.fna.gz,../ecoli_genomes/GCF_000261145.1_Esch_coli_M919_V2_genomic.fna.gz,../ecoli_genomes/GCF_000267705.2_ASM26770v2_genomic.fna.gz,../ecoli_genomes/GCF_000350665.1_Esch_coli_KTE5_V1_genomic.fna.gz,../ecoli_genomes/GCF_000351625.1_Esch_coli_KTE66_V1_genomic.fna.gz,../ecoli_genomes/GCF_000352285.1_Esch_coli_KTE46_V1_genomic.fna.gz,../ecoli_genomes/GCF_000358895.1_ASM35889v1_genomic.fna.gz,../ecoli_genomes/GCF_000456385.1_Esch_coli_HVH_26_4-5703913_V1_genomic.fna.gz,../ecoli_genomes/GCF_000458195.1_Esch_coli_HVH_147_4-5893887_V1_genomic.fna.gz,../ecoli_genomes/GCF_000459755.1_Esch_coli_KOEGE_58_171a_V1_genomic.fna.gz,../ecoli_genomes/GCF_000460055.1_Esch_coli_UMEA_3053-1_V1_genomic.fna.gz,../ecoli_genomes/GCF_000462165.2_ASM46216v2_genomic.fna.gz,../ecoli_genomes/GCF_000601135.1_ASM60113v1_genomic.fna.gz,../ecoli_genomes/GCF_000614595.1_Ec2010EL1058_genomic.fna.gz,../ecoli_genomes/GCF_000617745.1_Ec2010C-4529_genomic.fna.gz,../ecoli_genomes/GCF_000618265.2_EcF6751_genomic.fna.gz,../ecoli_genomes/GCF_000619005.2_Ec2009C-4052_genomic.fna.gz,../ecoli_genomes/GCF_000619105.1_Ec2009C-4780_genomic.fna.gz,../ecoli_genomes/GCF_000619765.2_Ec2009C-3279_genomic.fna.gz,../ecoli_genomes/GCF_000687005.1_ASM68700v1_genomic.fna.gz,../ecoli_genomes/GCF_000687025.1_ASM68702v1_genomic.fna.gz,../ecoli_genomes/GCF_000700125.1_ASM70012v1_genomic.fna.gz,../ecoli_genomes/GCF_000753315.1_FHI35_genomic.fna.gz,../ecoli_genomes/GCF_000776375.1_ASM77637v1_genomic.fna.gz,../ecoli_genomes/GCF_000779395.1_ASM77939v1_genomic.fna.gz,../ecoli_genomes/GCF_000780315.1_ASM78031v1_genomic.fna.gz,../ecoli_genomes/GCF_000781995.1_ASM78199v1_genomic.fna.gz,../ecoli_genomes/GCF_000986765.1_ASM98676v1_genomic.fna.gz,../ecoli_genomes/GCF_001041375.1_ViralProj287958_genomic.fna.gz,../ecoli_genomes/GCF_001265335.1_302014_genomic.fna.gz,../ecoli_genomes/GCF_001265625.1_100854_genomic.fna.gz,../ecoli_genomes/GCF_001267345.1_303289_genomic.fna.gz,../ecoli_genomes/GCF_001309985.1_ASM130998v1_genomic.fna.gz,../ecoli_genomes/GCF_001521695.1_ASM152169v1_genomic.fna.gz,../ecoli_genomes/GCF_001592595.1_ASM159259v1_genomic.fna.gz,../ecoli_genomes/GCF_001614975.1_ASM161497v1_genomic.fna.gz,../ecoli_genomes/GCF_001692775.1_ASM169277v1_genomic.fna.gz,../ecoli_genomes/GCF_001748915.1_ASM174891v1_genomic.fna.gz,../ecoli_genomes/GCF_001749235.1_ASM174923v1_genomic.fna.gz,../ecoli_genomes/GCF_001881155.1_ASM188115v1_genomic.fna.gz,../ecoli_genomes/GCF_001881345.1_ASM188134v1_genomic.fna.gz,../ecoli_genomes/GCF_001892405.1_ASM189240v1_genomic.fna.gz,../ecoli_genomes/GCF_001892585.1_ASM189258v1_genomic.fna.gz,../ecoli_genomes/GCF_001893985.1_ASM189398v1_genomic.fna.gz,../ecoli_genomes/GCF_002001595.1_ASM200159v1_genomic.fna.gz,../ecoli_genomes/GCF_002002145.1_ASM200214v1_genomic.fna.gz
1.0,0.32142507780557483,0.2631755053208973,0.29051542197917546,0.30158863296648186,0.30136711399945726,0.3034822106271924,0.29540155035285554,0.3965969497638956,0.3024095855143324,0.31537657895618076,0.30223232893866714,0.3038924221317607,0.2801170839692626,0.2780392672360038,0.309209189311363,0.2543568478995162,0.30181308423649855,0.2631932983758779,0.30421408442792586,0.29267178578932973,0.2877150676005309,0.3053201544912637,0.2764005143263072,0.27265954862105557,0.27274602943003634,0.3051796047690859,0.28562835649920193,0.3394452626252902,0.3900655721702192,0.263471148602345,0.30069633442841326,0.0,0.301554161939696,0.2999512777681662,0.281702549899148,0.2908092522702773,0.31410454092230466,0.2473757601076988,0.30809762981901245,0.26662789823967226,0.30212708834992386,0.3113874139861297,0.2913576864413747,0.3013341871257933,0.31933590579252125,0.3002449364788371,0.3019797638528714,0.2749570993801712,0.3513675088433589
0.32142507780557483,1.0,0.23976005541729728,0.277098848734769,0.40927120749365764,0.5472375894844649,0.3543721032581767,0.27960837272211014,0.29711786273271246,0.28847090269129827,0.4305418478138203,0.2925033146121274,0.4151256428156189,0.267129459559587,0.2679649864376509,0.35911276658038926,0.3652417675725509,0.4151122859700348,0.35689386205988416,0.35415649961038664,0.40905384786067567,0.3929552385908186,0.4167240159407558,0.46445756729886223,0.45773161880769575,0.43712554874943943,0.41914423671886725,0.27797050767593323,0.30583625301352113,0.3062029842780156,0.2578256547039165,0.40347650532808765,0.0,0.40855783486180486,0.5710843242742033,0.26960102963376564,0.3391372444614983,0.4334034921556914,0.20817307938295615,0.4264261938222792,0.2568367929806562,0.4718512517660285,0.4307756282651233,0.28846772085976946,0.2913669547872584,0.2847605505876155,0.4872134634410379,0.48658451060086627,0.28493269371960295,0.2976866925059596
0.2631755053208973,0.23976005541729728,1.0,0.21349894214721488,0.21666640892488276,0.2185258481822936,0.21993397350166854,0.21752136588673632,0.2503589939169779,0.22180895848315596,0.2356463358802955,0.21734877784700413,0.22303799946164782,0.21086214638927525,0.21298026926323566,0.2230164384246366,0.1692212242255957,0.22778821645213754,0.19500070481848608,0.22111840530972837,0.22222662879210398,0.21487321795042957,0.2277235215861687,0.18778744533511482,0.17969118137193385,0.19243426823661292,0.22491461499252396,0.21530996224991217,0.2498638195974605,0.25235930944192286,0.20069340517361556,0.21441872165348785,0.0,0.22572393017213588,0.2153782923792824,0.22015515654720685,0.20940590683690619,0.22418884286159335,0.16805784125203038,0.23156922431877647,0.20477070869233072,0.22545182288716303,0.23176393023372044,0.22025683429192522,0.21503006716927253,0.2340023713671774,0.23323021502532004,0.2325698165249892,0.22253497576309167,0.25152540627526476
0.29051542197917546,0.277098848734769,0.21349894214721488,1.0,0.26821861867374197,0.26092875862546583,0.26132327384188425,0.4896555727746753,0.27807660234543086,0.5216110540090704,0.27447073104232655,0.5098096980572168,0.2673629267705079,0.5438181138584868,0.5486077605177019,0.2649202528481278,0.21057845038202072,0.26230287066293967,0.22946124440854154,0.26337471017138403,0.25979400757993787,0.250470464308723,0.2684190531623337,0.2273061372192391,0.2251862445288163,0.2319616754777799,0.26776307093027696,0.5237654210149292,0.3056378906945437,0.27197269952534375,0.4870534731592092,0.2676889005400557,0.0,0.25560077955822036,0.25757092525557224,0.4245310043350633,0.2502765990516451,0.2664608008009304,0.37553493990040776,0.2690110279624601,0.5083611959636568,0.26064947165214913,0.2689184865376577,0.5273154278031384,0.5218011173760673,0.29883062992638365,0.2623001590390357,0.26419101998898575,0.45671961112954995,0.3150319812357587
0.30158863296648186,0.40927120749365764,0.21666640892488276,0.26821861867374197,1.0,0.4123856472328741,0.33095458509462794,0.27034262504261797,0.286701030301061,0.2705566803208347,0.5283843023579315,0.2717656673327864,0.45250662422833243,0.26539560450126587,0.2667159094276418,0.34651134357735114,0.3620398794061006,0.4232059821992612,0.3731999986470411,0.33251420549028377,0.43322624420451994,0.41214193201897087,0.4354676894967574,0.3938484382205679,0.36520558869495545,0.41899134333464605,0.44986353493036424,0.25729389454094553,0.3005243010146418,0.2879565241795311,0.24798810789471204,0.45450456661869576,0.0,0.43593220728863036,0.40429108115181356,0.26076256998596237,0.3231485524324239,0.4566992642990386,0.21887798552928484,0.4561104055965194,0.25773901557165957,0.4002047375769282,0.46793627766623735,0.2706267624213463,0.2768676924365663,0.27752637529319435,0.4228092536927096,0.4243258588361537,0.26006587451588203,0.29303395206675587
0.30136711399945726,0.5472375894844649,0.2185258481822936,0.26092875862546583,0.4123856472328741,1.0,0.35101927088136153,0.2757447130416961,0.29099302538344785,0.26244972876590944,0.41631960454679895,0.26515402161335166,0.405148735782609,0.2567695084662853,0.2551206352214749,0.35447345453431334,0.3755098767647248,0.41007529379065866,0.3556132153428325,0.3471166410394063,0.3918017670422844,0.4089637663729627,0.4121968771203208,0.46727985488848733,0.46360267212295103,0.431315745961226,0.4040022887481115,0.25824652803718917,0.29678868515810375,0.2898873340261926,0.2393256838988913,0.4026370330252397,0.0,0.4138280656119119,0.5526819996481467,0.26819149837316647,0.3373372836089067,0.4155660068442286,0.2252482925208733,0.41333478040566796,0.24592942071046042,0.45823032785893336,0.4228031163139022,0.26863114823148104,0.2702690648471655,0.27591862414420343,0.4711377911419877,0.47425776782385753,0.2607932894666647,0.29650681551407165
0.3034822106271924,0.3543721032581767,0.21993397350166854,0.26132327384188425,0.33095458509462794,0.35101927088136153,1.0,0.26339116511567207,0.3004146121839171,0.2639181230440997,0.3633936446351276,0.2588547062206591,0.3521897479580266,0.2536461189517031,0.2533910060247545,0.7764178535723352,0.26028950548938923,0.38553876937827636,0.33477017812990617,0.8672942474889659,0.38578230821810244,0.3614391626194142,0.38838437994091646,0.2927650867958661,0.28388311151823353,0.30536083804565795,0.3609873793363927,0.25916312861955115,0.2876938603025092,0.3014013600048496,0.24246681640304724,0.3415244225864952,0.0,0.3555697466080211,0.35688193761800424,0.27375152182954177,0.796632653986673,0.34572476292874466,0.2118227638867125,0.3589981127314351,0.24261303420843472,0.3463598856377743,0.3626491271508415,0.2643488413783165,0.2646341468533441,0.2702683920617682,0.34660000056468854,0.346324184817585,0.2572304326374467,0.29557278130373543
0.29540155035285554,0.27960837272211014,0.21752136588673632,0.4896555727746753,0.27034262504261797,0.2757447130416961,0.26339116511567207,1.0,0.27260876134250667,0.49420256703787224,0.27662613331720176,0.49354976967956365,0.2719854146003309,0.4731015847342783,0.47031407807571746,0.26510351024238055,0.22489114610678085,0.26599849535437436,0.23349661057221238,0.2645743694485655,0.2619947264012804,0.2537331375696492,0.26769772259105484,0.24951282591474044,0.23715818609567674,0.24352664995405138,0.27045352876954754,0.6814094404487498,0.31813148392375246,0.2736263485094874,0.46012869873927564,0.2690561961612038,0.0,0.26858303649143733,0.26744403570554476,0.41190679743030456,0.2500801022463133,0.2855182450531456,0.36033382207079867,0.27748416080387983,0.4721726690757332,0.27017035998394356,0.277907343803961,0.6933515998643623,0.666663938831731,0.29876190665506464,0.2662151748522219,0.26739092572908196,0.43932930208822174,0.31526321214192077
0.3965969497638956,0.29711786273271246,0.2503589939169779,0.27807660234543086,0.286701030301061,0.29099302538344785,0.3004146121839171,0.27260876134250667,1.0,0.2854703128700691,0.31197533275868494,0.2706548427097868,0.2986377084987035,0.2734440109977173,0.2717563403392321,0.30083271248383414,0.21780642178448362,0.29366721791630357,0.24787979860202225,0.3030817287701585,0.2861989949886605,0.2822002287068177,0.29888588353498124,0.2528134792879787,0.23583155215992269,0.24933219065306644,0.3024663077379298,0.2676049250915259,0.33285529912564116,0.4098661115861799,0.25674059972294794,0.28006407429340874,0.0,0.29156028407189605,0.29015057326847526,0.28569042095915675,0.2865552430563403,0.29565811801690345,0.221159573375606,0.30770281440738445,0.2602901059662531,0.2951012035135153,0.3093148641433584,0.2734317911087494,0.26957355827575746,0.3178047491818037,0.29281836623205515,0.2932659574034533,0.2699686616179814,0.3440516845046534
0.3024095855143324,0.28847090269129827,0.22180895848315596,0.5216110540090704,0.2705566803208347,0.26244972876590944,0.2639181230440997,0.49420256703787224,0.2854703128700691,1.0,0.28731882904617534,0.4902722790855163,0.2785517430700085,0.5044745089908507,0.4931305143834378,0.26851298935489787,0.1984264932055616,0.26667076350056484,0.2310654512560293,0.26651846499249787,0.26248105979385294,0.25660344603761565,0.26739241854665086,0.22378199983907388,0.21559543294982408,0.23375818082299504,0.275025451742255,0.5034765419161334,0.314140004721542,0.27888141686627477,0.5005245666038087,0.25721896782378295,0.0,0.26217739469706836,0.2587074450911614,0.44172558651009663,0.252137077216795,0.27651601754456656,0.3714562467262401,0.2785729799962392,0.5100649981090076,0.26648072340477336,0.2733053741887461,0.5072408901435939,0.5103985992282876,0.30112135915072313,0.2672557018630606,0.2671660839576798,0.47601300790116263,0.3135659281431278
0.31537657895618076,0.4305418478138203,0.2356463358802955,0.27447073104232655,0.5283843023579315,0.41631960454679895,0.3633936446351276,0.27662613331720176,0.31197533275868494,0.28731882904617534,1.0,0.2709198370502479,0.5239523377807954,0.2700037287690319,0.2713839954718772,0.3694043301807942,0.30798422064820985,0.4827194368956196,0.4216428564455813,0.366547037941505,0.48179871587094003,0.4764768112626765,0.4896621976265245,0.36046249050207246,0.33005735277231196,0.37094373085114685,0.5116997977933895,0.2741344202974948,0.3059258720828777,0.3154833495804864,0.2556413535734755,0.45902357471214317,0.0,0.4828797809875722,0.42490264832904545,0.2832807758908209,0.34873733026161446,0.49094250284002117,0.2172089368625285,0.527093848161116,0.25857287935344386,0.43679192858097327,0.5134851943671537,0.2764722472176985,0.2756502700009753,0.2849937204199232,0.4392786673756539,0.4379037631502193,0.27540885926136993,0.3131417095149379
0.30223232893866714,0.2925033146121274,0.21734877784700413,0.5098096980572168,0.2717656673327864,0.26515402161335166,0.2588547062206591,0.49354976967956365,0.2706548427097868,0.4902722790855163,0.2709198370502479,1.0,0.2689778598365393,0.5016796693817748,0.6234059830019634,0.26521091654216067,0.23415159340592784,0.25853810214368866,0.23437784165124764,0.25959007449634275,0.2606268663580361,0.25200562785716196,0.2648101272943997,0.25647074361023325,0.2525724346607976,0.2475510531542956,0.26483526560524884,0.49266757217623103,0.3138929268549224,0.2745377640131741,0.4497369163099839,0.27047157796196464,0.0,0.26241431227158474,0.2658982769556336,0.40523044553021215,0.24873916484494585,0.2769063873024412,0.36803650219954265,0.2724953184016712,0.46723384961522607,0.2606298386924777,0.27591181693956734,0.503141715352247,0.5006902725924691,0.3001054173528861,0.2680097224399306,0.2705092182515584,0.4374834804482115,0.3083438210341489
0.3038924221317607,0.4151256428156189,0.22303799946164782,0.2673629267705079,0.45250662422833243,0.405148735782609,0.3521897479580266,0.2719854146003309,0.2986377084987035,0.2785517430700085,0.5239523377807954,0.2689778598365393,1.0,0.25959093600879224,0.2656462432449749,0.35779400044959575,0.29668706389110344,0.4889973307182659,0.5051807888892502,0.3530020835812112,0.5044856257031767,0.5734710388581501,0.5537383212229994,0.3471200889441517,0.3207484706219169,0.35107286092451684,0.5319759696246709,0.2617472690982374,0.2936255249148879,0.3045707457394028,0.2466176061005313,0.5015613386741147,0.0,0.5376935569679039,0.4183058239898628,0.27149812332747214,0.3420142865724236,0.5041699055778059,0.2160261202562398,0.5363895682540121,0.2543980119210969,0.4160850175228399,0.526162633151458,0.26685664595808445,0.2649503495075345,0.2709755095258517,0.4218535021073683,0.421460791585912,0.26380581710655027,0.29853873593565694
0.2801170839692626,0.267129459559587,0.21086214638927525,0.5438181138584868,0.26539560450126587,0.2567695084662853,0.2536461189517031,0.4731015847342783,0.2734440109977173,0.5044745089908507,0.2700037287690319,0.5016796693817748,0.25959093600879224,1.0,0.5480371918365243,0.2558356378633153,0.19477840810120461,0.2574834552305876,0.22648601957117087,0.2562647717009052,0.25148459204884577,0.246275345668601,0.26090858660568184,0.21034859081960666,0.20776933549478727,0.2207960018499977,0.263324920672075,0.5082733192449659,0.30443697704708805,0.2687535294156792,0.48930041599486895,0.2545107629680786,0.0,0.25340237310591507,0.25338084180416454,0.4167232258500959,0.2434641208957462,0.2625640245953632,0.36033969679600963,0.2638620042688449,0.5083393917714947,0.2545370156940233,0.26543318192239984,0.5065394492336837,0.49974409743276305,0.29630061570449173,0.25670667412238934,0.2578139718617357,0.4510738591956073,0.3120514725971616
0.2780392672360038,0.2679649864376509,0.21298026926323566,0.5486077605177019,0.2667159094276418,0.2551206352214749,0.2533910060247545,0.47031407807571746,0.2717563403392321,0.4931305143834378,0.2713839954718772,0.6234059830019634,0.2656462432449749,0.5480371918365243,1.0,0.2561729700373001,0.19798200883381967,0.2566083872226119,0.2244067884665335,0.2558788678426488,0.2531267962338095,0.24827831118386023,0.26096817991500887,0.21732824482822022,0.2083059761982623,0.2233729677693882,0.26356110993314485,0.4862598921532596,0.3022812942235732,0.26598615503766687,0.4825755045935175,0.2569025483197708,0.0,0.2550487363703461,0.2540614389454109,0.4135235063623779,0.24339096026013385,0.2662692162783423,0.36161664727057774,0.26719142003847485,0.5018073109249974,0.2552920007438918,0.2676082168280173,0.491863066882392,0.4842803086600497,0.29653251456061636,0.26331579510206027,0.26451027974236596,0.4456333935794168,0.319221076629459
0.309209189311363,0.35911276658038926,0.2230164384246366,0.2649202528481278,0.34651134357735114,0.35447345453431334,0.7764178535723352,0.26510351024238055,0.30083271248383414,0.26851298935489787,0.3694043301807942,0.26521091654216067,0.35779400044959575,0.2558356378633153,0.2561729700373001,1.0,0.2627266708494692,0.37451974683192424,0.3417761348883688,0.7744220601716879,0.3699109940191243,0.36493691695722597,0.38330218844203867,0.2993095762668644,0.2906928646336078,0.3146300838528613,0.3590728874057736,0.2616829385694177,0.2915661146095181,0.30976496920474417,0.24454325221684547,0.34456079209959445,0.0,0.35301183749908616,0.3564171716330884,0.27367307023681464,0.749759217625905,0.3523099168099034,0.21028349039230332,0.357806519569287,0.24641575142963412,0.3483459575760053,0.3648286707690782,0.2674026717349208,0.26951670603363387,0.2719333188435388,0.35271450933839044,0.35199501598664074,0.2620899277543559,0.2953567963912468
0.2543568478995162,0.3652417675725509,0.1692212242255957,0.21057845038202072,0.3620398794061006,0.3755098767647248,0.26028950548938923,0.22489114610678085,0.21780642178448362,0.1984264932055616,0.30798422064820985,0.23415159340592784,0.29668706389110344,0.19477840810120461,0.19798200883381967,0.2627266708494692,1.0,0.29944796180224653,0.26499774279426724,0.259033030221988,0.29942308539131,0.29226878033914727,0.3113764299153373,0.5443869090464883,0.5582527863098967,0.5180255348717513,0.30240647215428396,0.20147065613846915,0.2362807361505923,0.22370567971306432,0.18284599525538503,0.4009277228656438,0.0,0.3300175195410542,0.37497599906748313,0.20659832639580622,0.2525981866187821,0.3067942403053604,0.20084765465023346,0.31164659279247964,0.18367703553216264,0.33586806906116806,0.31059927722280345,0.22931065494235814,0.2296472457909784,0.22628111023406905,0.37693405174853656,0.3842486069748784,0.19573669596360976,0.2267281922765626
0.30181308423649855,0.4151122859700348,0.22778821645213754,0.26230287066293967,0.4232059821992612,0.41007529379065866,0.38553876937827636,0.26599849535437436,0.29366721791630357,0.26667076350056484,0.4827194368956196,0.25853810214368866,0.4889973307182659,0.2574834552305876,0.2566083872226119,0.37451974683192424,0.29944796180224653,1.0,0.45679719865375246,0.3840137921939172,0.5170073405238482,0.4963558661676304,0.5232531850398072,0.3385816193299003,0.31914317568595785,0.3503580015216934,0.4998217847280365,0.2601545843762483,0.2896336380353781,0.2990904042896372,0.243967710878911,0.4472566567400339,0.0,0.4839022605530724,0.4144639184471377,0.2793704144749205,0.36734812243377657,0.464899955515648,0.21542797479653875,0.49710610448722725,0.24550806923781765,0.4170672538399621,0.4878627492128027,0.2626273789799274,0.26270637473571923,0.26967170576614474,0.41348078680686695,0.4128341252489347,0.25841268236044135,0.2945017389061013
0.2631932983758779,0.35689386205988416,0.19500070481848608,0.22946124440854154,0.3731999986470411,0.3556132153428325,0.33477017812990617,0.23349661057221238,0.24787979860202225,0.2310654512560293,0.4216428564455813,0.23437784165124764,0.5051807888892502,0.22648601957117087,0.2244067884665335,0.3417761348883688,0.26499774279426724,0.45679719865375246,1.0,0.3259744259152412,0.4480729381827492,0.506214887885581,0.4519361257109472,0.29561789542758987,0.2875559785851064,0.30189900814309023,0.42629980244891763,0.22789980869819426,0.24779147002897106,0.2576231656543433,0.2146020670301403,0.44956112180127006,0.0,0.4156549416925426,0.357829979138087,0.2389338325429139,0.3302079301227887,0.4072019380466819,0.18267761032684549,0.43078640182236283,0.21452346456008353,0.35327644245049794,0.42404653356405253,0.2336555845137661,0.23440888113878577,0.2344887204306989,0.3544575684468554,0.354989578356974,0.2220533766860302,0.2532978206644124
0.30421408442792586,0.35415649961038664,0.22111840530972837,0.26337471017138403,0.33251420549028377,0.3471166410394063,0.8672942474889659,0.2645743694485655,0.3030817287701585,0.26651846499249787,0.366547037941505,0.25959007449634275,0.3530020835812112,0.2562647717009052,0.2558788678426488,0.7744220601716879,0.259033030221988,0.3840137921939172,0.3259744259152412,1.0,0.38578741373914727,0.3586558234123114,0.386994405606643,0.29149188805478266,0.2839383728960547,0.3057578050713097,0.36269894142292447,0.2604164544971562,0.28953955825362776,0.3031179986439495,0.24308805626940566,0.34064809751099145,0.0,0.35548953172254294,0.3563455133031258,0.2743108048266685,0.7926780449182091,0.34774606544225306,0.20890965265404748,0.36081416703916835,0.24510565391138717,0.3468606322055221,0.36439034325545805,0.2651214867434907,0.26480544120236094,0.27223136848547946,0.3475906870186022,0.3473213918076914,0.25975689021404313,0.2977796182795889
0.29267178578932973,0.40905384786067567,0.22222662879210398,0.25979400757993787,0.43322624420451994,0.3918017670422844,0.38578230821810244,0.2619947264012804,0.2861989949886605,0.26248105979385294,0.48179871587094003,0.2606268663580361,0.5044856257031767,0.25148459204884577,0.2531267962338095,0.3699109940191243,0.29942308539131,0.5170073405238482,0.4480729381827492,0.38578741373914727,1.0,0.5059779607597321,0.5424665229110939,0.33071652467618773,0.3156586756252854,0.35488823438344863,0.5086970499260952,0.2609334883135713,0.28660296569223254,0.29457811780809096,0.238175073102048,0.4680501044357267,0.0,0.5072617207212866,0.41026062533442675,0.27419371359568034,0.3662895234851671,0.47658775994301195,0.20543023201291277,0.5149120375752312,0.2441940624603971,0.39948426503004564,0.5011074896374041,0.2636728235510172,0.2636661253428203,0.2748320878244376,0.41458382785630365,0.4136184008727358,0.25690440203347065,0.2918001562485337
0.2877150676005309,0.3929552385908186,0.21487321795042957,0.250470464308723,0.41214193201897087,0.4089637663729627,0.3614391626194142,0.2537331375696492,0.2822002287068177,0.25660344603761565,0.4764768112626765,0.25200562785716196,0.5734710388581501,0.246275345668601,0.24827831118386023,0.36493691695722597,0.29226878033914727,0.4963558661676304,0.506214887885581,0.3586558234123114,0.5059779607597321,1.0,0.6963253959898746,0.32298834158582734,0.30857976548479715,0.33597474262071914,0.4963428526102188,0.24913702308340813,0.2777655446628666,0.28420870333299486,0.23287000306776717,0.47991597457039403,0.0,0.6188745738948218,0.3946521515670999,0.25923304598580965,0.34848277170251685,0.4706275456763539,0.2010829554296767,0.49865447795514084,0.2345336400464516,0.3927944914045588,0.49916075219083134,0.25345399636871546,0.2515117233090137,0.25917293632209526,0.3946532744923882,0.3934596960157233,0.2496209631251427,0.2842239123274807
0.3053201544912637,0.4167240159407558,0.2277235215861687,0.2684190531623337,0.4354676894967574,0.4121968771203208,0.38838437994091646,0.26769772259105484,0.29888588353498124,0.26739241854665086,0.4896621976265245,0.2648101272943997,0.5537383212229994,0.26090858660568184,0.26096817991500887,0.38330218844203867,0.3113764299153373,0.5232531850398072,0.4519361257109472,0.386994405606643,0.5424665229110939,0.6963253959898746,1.0,0.339267721274082,0.3278858078356841,0.35461148506921647,0.5285878377868485,0.26656843314752376,0.29706563816792775,0.29697404292677854,0.24662103027347515,0.4884216149090329,0.0,0.6510437508747241,0.41900439636789877,0.2762212345591024,0.368784554395309,0.4946002953793499,0.21660440776489975,0.5237390283124118,0.24826843500400286,0.4127497734089445,0.5194679304343759,0.2705429133835734,0.2693331106773693,0.27355784346947576,0.4170550657762129,0.4171334358933446,0.2635416297749178,0.2999850918165923
0.2764005143263072,0.46445756729886223,0.18778744533511482,0.2273061372192391,0.3938484382205679,0.46727985488848733,0.2927650867958661,0.24951282591474044,0.2528134792879787,0.22378199983907388,0.36046249050207246,0.25647074361023325,0.3471200889441517,0.21034859081960666,0.21732824482822022,0.2993095762668644,0.5443869090464883,0.3385816193299003,0.29561789542758987,0.29149188805478266,0.33071652467618773,0.32298834158582734,0.339267721274082,1.0,0.6010599556816818,0.5358610973455076,0.345823315516797,0.22048000568869708,0.26949556625275417,0.2499127343985258,0.20323723968374785,0.4027246017765296,0.0,0.35613094801299994,0.48307827098924316,0.22687887218306058,0.284890188202675,0.3506765720487043,0.207502034453386,0.35091033772161306,0.20537331957022997,0.38827066848396463,0.3489731408591672,0.2408224925256197,0.24103926757098926,0.2470408050313505,0.4105297503481311,0.41570271462234665,0.21788228199833726,0.2521038283352126
0.27265954862105557,0.45773161880769575,0.17969118137193385,0.2251862445288163,0.36520558869495545,0.46360267212295103,0.28388311151823353,0.23715818609567674,0.23583155215992269,0.21559543294982408,0.33005735277231196,0.2525724346607976,0.3207484706219169,0.20776933549478727,0.2083059761982623,0.2906928646336078,0.5582527863098967,0.31914317568595785,0.2875559785851064,0.2839383728960547,0.3156586756252854,0.30857976548479715,0.3278858078356841,0.6010599556816818,1.0,0.4929535347073426,0.32279737918449813,0.21265160476388156,0.24641953283744678,0.23663872057872848,0.19749779248791988,0.4054606419729012,0.0,0.33725179971082486,0.4615712436802324,0.21494613146453623,0.2780077099385716,0.3372804967201841,0.20973474989146723,0.3311418323502767,0.19926881189819956,0.36818124651467576,0.33875901293894706,0.24912623061821382,0.24656914370681116,0.24320797119541127,0.40036556862782435,0.40913124322779915,0.2175027699768194,0.2382046626572435
0.27274602943003634,0.43712554874943943,0.19243426823661292,0.2319616754777799,0.41899134333464605,0.431315745961226,0.30536083804565795,0.24352664995405138,0.24933219065306644,0.23375818082299504,0.37094373085114685,0.2475510531542956,0.35107286092451684,0.2207960018499977,0.2233729677693882,0.3146300838528613,0.5180255348717513,0.3503580015216934,0.30189900814309023,0.3057578050713097,0.35488823438344863,0.33597474262071914,0.35461148506921647,0.5358610973455076,0.4929535347073426,1.0,0.353787463556234,0.22665165837353451,0.2753345005791905,0.25901286566410087,0.21265198381074146,0.40008973829704675,0.0,0.3533474937095158,0.4454109107663441,0.23663511890965128,0.2990053404513735,0.3604081741689247,0.2062228975340722,0.3625440257809076,0.21393676259123762,0.40513849971099836,0.3649808922678538,0.24862621662475615,0.24987756907837522,0.2456256940358007,0.43124652094935556,0.43117442638053516,0.23431964109204118,0.2620988875383077
0.3051796047690859,0.41914423671886725,0.22491461499252396,0.26776307093027696,0.44986353493036424,0.4040022887481115,0.3609873793363927,0.27045352876954754,0.3024663077379298,0.275025451742255,0.5116997977933895,0.26483526560524884,0.5319759696246709,0.263324920672075,0.26356110993314485,0.3590728874057736,0.30240647215428396,0.4998217847280365,0.42629980244891763,0.36269894142292447,0.5086970499260952,0.4963428526102188,0.5285878377868485,0.345823315516797,0.32279737918449813,0.353787463556234,1.0,0.2642179914503425,0.29638532949495633,0.30170588431527223,0.24848344400134348,0.48051904526420564,0.0,0.5068525819862066,0.4161752795320809,0.27381620143140406,0.34384381230783057,0.5896031132978045,0.20657951707280342,0.5488886607091406,0.2533525074260742,0.4198084048876758,0.6238045755550111,0.27156517007354086,0.26620918303436203,0.2827938059805202,0.42106177079240636,0.4205406240157835,0.26774705895022977,0.30454167921639785
0.28562835649920193,0.27797050767593323,0.21530996224991217,0.5237654210149292,0.25729389454094553,0.25824652803718917,0.25916312861955115,0.6814094404487498,0.2676049250915259,0.5034765419161334,0.2741344202974948,0.49266757217623103,0.2617472690982374,0.5082733192449659,0.4862598921532596,0.2616829385694177,0.20147065613846915,0.2601545843762483,0.22789980869819426,0.2604164544971562,0.2609334883135713,0.24913702308340813,0.26656843314752376,0.22048000568869708,0.21265160476388156,0.22665165837353451,0.2642179914503425,1.0,0.3150565867274562,0.27023022174414035,0.47069844425228835,0.2595898929575693,0.0,0.25798694303632075,0.25869936193258647,0.4101806540113093,0.2472385143223147,0.2768869131606114,0.350901409950256,0.26973742492914,0.48111873194316535,0.25991344490770274,0.2660218256153819,0.7908312705851948,0.750824150494483,0.2957686211933662,0.26304790598191885,0.26253752111573836,0.45221880173279794,0.30692810039198803
0.3394452626252902,0.30583625301352113,0.2498638195974605,0.3056378906945437,0.3005243010146418,0.29678868515810375,0.2876938603025092,0.31813148392375246,0.33285529912564116,0.314140004721542,0.3059258720828777,0.3138929268549224,0.2936255249148879,0.30443697704708805,0.3022812942235732,0.2915661146095181,0.2362807361505923,0.2896336380353781,0.24779147002897106,0.28953955825362776,0.28660296569223254,0.2777655446628666,0.29706563816792775,0.26949556625275417,0.24641953283744678,0.2753345005791905,0.29638532949495633,0.3150565867274562,1.0,0.33048316995190796,0.29137800822523985,0.28782191855067374,0.0,0.29277315640197166,0.2919216057475036,0.3094619427697477,0.2765442960822646,0.2991189657670684,0.24832230038238412,0.2985498355341438,0.28733629768199553,0.28817879568068894,0.2999895313664881,0.3131309390444662,0.315723754028744,0.3876787001175952,0.2959313826932972,0.2944939078108504,0.3000552217266028,0.6108447710291351
0.3900655721702192,0.3062029842780156,0.25235930944192286,0.27197269952534375,0.2879565241795311,0.2898873340261926,0.3014013600048496,0.2736263485094874,0.4098661115861799,0.27888141686627477,0.3154833495804864,0.2745377640131741,0.3045707457394028,0.2687535294156792,0.26598615503766687,0.30976496920474417,0.22370567971306432,0.2990904042896372,0.2576231656543433,0.3031179986439495,0.29457811780809096,0.28420870333299486,0.29697404292677854,0.2499127343985258,0.23663872057872848,0.25901286566410087,0.30170588431527223,0.27023022174414035,0.33048316995190796,1.0,0.25808735612667477,0.2777631633968669,0.0,0.2901561813878105,0.29272705952116995,0.28251515387139836,0.29282322293567975,0.2989835867339171,0.2425131443189268,0.31300458640751483,0.2572289764085157,0.2996121547213463,0.30785939489114633,0.2733312435869214,0.26976755706571,0.3249116472784772,0.30329885370335896,0.30209705005857446,0.26904095380566484,0.3467718868967372
0.263471148602345,0.2578256547039165,0.20069340517361556,0.4870534731592092,0.24798810789471204,0.2393256838988913,0.24246681640304724,0.46012869873927564,0.25674059972294794,0.5005245666038087,0.2556413535734755,0.4497369163099839,0.2466176061005313,0.48930041599486895,0.4825755045935175,0.24454325221684547,0.18284599525538503,0.243967710878911,0.2146020670301403,0.24308805626940566,0.238175073102048,0.23287000306776717,0.24662103027347515,0.20323723968374785,0.19749779248791988,0.21265198381074146,0.24848344400134348,0.47069844425228835,0.29137800822523985,0.25808735612667477,1.0,0.24152541334056032,0.0,0.24039355848830757,0.23482564460678446,0.3984140968088036,0.23346089545788107,0.25129826688137413,0.3283281764895145,0.2516665433927363,0.6269386822628904,0.2434356121560276,0.2521402594843929,0.47380283368756637,0.4672472565689566,0.2820339561134476,0.24576161676462027,0.24542584266852374,0.4266755698507767,0.2893122052839592
0.30069633442841326,0.40347650532808765,0.21441872165348785,0.2676889005400557,0.45450456661869576,0.4026370330252397,0.3415244225864952,0.2690561961612038,0.28006407429340874,0.25721896782378295,0.45902357471214317,0.27047157796196464,0.5015613386741147,0.2545107629680786,0.2569025483197708,0.34456079209959445,0.4009277228656438,0.4472566567400339,0.44956112180127006,0.34064809751099145,0.4680501044357267,0.47991597457039403,0.4884216149090329,0.4027246017765296,0.4054606419729012,0.40008973829704675,0.48051904526420564,0.2595898929575693,0.28782191855067374,0.2777631633968669,0.24152541334056032,1.0,0.0,0.47829884170508274,0.39837740457401605,0.256082420540108,0.3367661423759971,0.4777995935129786,0.22047752766464546,0.4910236573451231,0.2415629801281387,0.39674945986430743,0.4946018596601357,0.2731418963032597,0.27662117634573824,0.2696332648470323,0.41319699388034026,0.4155504564951217,0.24985980705059074,0.2810739123742876
0.0,0.0,0.0,0.0,0.0,0.0,0.0,0.0,0.0,0.0,0.0,0.0,0.0,0.0,0.0,0.0,0.0,0.0,0.0,0.0,0.0,0.0,0.0,0.0,0.0,0.0,0.0,0.0,0.0,0.0,0.0,0.0,1.0,0.0,0.0,0.0,0.0,0.0,0.0,0.0,0.0,0.0,0.0,0.0,0.0,0.0,0.0,0.0,0.0,0.0
0.301554161939696,0.40855783486180486,0.22572393017213588,0.25560077955822036,0.43593220728863036,0.4138280656119119,0.3555697466080211,0.26858303649143733,0.29156028407189605,0.26217739469706836,0.4828797809875722,0.26241431227158474,0.5376935569679039,0.25340237310591507,0.2550487363703461,0.35301183749908616,0.3300175195410542,0.4839022605530724,0.4156549416925426,0.35548953172254294,0.5072617207212866,0.6188745738948218,0.6510437508747241,0.35613094801299994,0.33725179971082486,0.3533474937095158,0.5068525819862066,0.25798694303632075,0.29277315640197166,0.2901561813878105,0.24039355848830757,0.47829884170508274,0.0,1.0,0.41394234404323405,0.27904167082452336,0.33837564864364367,0.48525927103340727,0.22933223099295375,0.5110932245302188,0.23906597156607645,0.4068964785211987,0.5131718504560123,0.26327581331949257,0.26546476099254,0.269887683783534,0.4158978981317567,0.4155119701627892,0.25527657820863525,0.2965657858890507
0.2999512777681662,0.5710843242742033,0.2153782923792824,0.25757092525557224,0.40429108115181356,0.5526819996481467,0.35688193761800424,0.26744403570554476,0.29015057326847526,0.2587074450911614,0.42490264832904545,0.2658982769556336,0.4183058239898628,0.25338084180416454,0.2540614389454109,0.3564171716330884,0.37497599906748313,0.4144639184471377,0.357829979138087,0.3563455133031258,0.41026062533442675,0.3946521515670999,0.41900439636789877,0.48307827098924316,0.4615712436802324,0.4454109107663441,0.4161752795320809,0.25869936193258647,0.2919216057475036,0.29272705952116995,0.23482564460678446,0.39837740457401605,0.0,0.41394234404323405,1.0,0.26341551315914846,0.33771597483036364,0.4091800401345218,0.21122292412695753,0.4252210619690987,0.23763985452399294,0.4713098682940021,0.4301831288328768,0.26210871217031495,0.2649139639034742,0.2702406433068677,0.47441359666185556,0.47335086245118996,0.25421747415891527,0.288535690766063
0.281702549899148,0.26960102963376564,0.22015515654720685,0.4245310043350633,0.26076256998596237,0.26819149837316647,0.27375152182954177,0.41190679743030456,0.28569042095915675,0.44172558651009663,0.2832807758908209,0.40523044553021215,0.27149812332747214,0.4167232258500959,0.4135235063623779,0.27367307023681464,0.20659832639580622,0.2793704144749205,0.2389338325429139,0.2743108048266685,0.27419371359568034,0.25923304598580965,0.2762212345591024,0.22687887218306058,0.21494613146453623,0.23663511890965128,0.27381620143140406,0.4101806540113093,0.3094619427697477,0.28251515387139836,0.3984140968088036,0.256082420540108,0.0,0.27904167082452336,0.26341551315914846,1.0,0.26072763519118125,0.26766903877928294,0.3590583696315347,0.27982235027577285,0.4082266228997057,0.26625206269770096,0.273621070050992,0.4170601645768104,0.41751508141397475,0.2923490791658787,0.2634673841218327,0.26350819415450855,0.41457656726541847,0.3144520599445506
0.2908092522702773,0.3391372444614983,0.20940590683690619,0.2502765990516451,0.3231485524324239,0.3373372836089067,0.796632653986673,0.2500801022463133,0.2865552430563403,0.252137077216795,0.34873733026161446,0.24873916484494585,0.3420142865724236,0.2434641208957462,0.24339096026013385,0.749759217625905,0.2525981866187821,0.36734812243377657,0.3302079301227887,0.7926780449182091,0.3662895234851671,0.34848277170251685,0.368784554395309,0.284890188202675,0.2780077099385716,0.2990053404513735,0.34384381230783057,0.2472385143223147,0.2765442960822646,0.29282322293567975,0.23346089545788107,0.3367661423759971,0.0,0.33837564864364367,0.33771597483036364,0.26072763519118125,1.0,0.3332803377488103,0.20014667876922976,0.3383362571681636,0.23233303716864162,0.33264856915824825,0.34838960791584894,0.2517481820492693,0.2519435968913122,0.2572670306810739,0.3329323311290352,0.33200139027382036,0.24467133004966812,0.28045369539353326
0.31410454092230466,0.4334034921556914,0.22418884286159335,0.2664608008009304,0.4566992642990386,0.4155660068442286,0.34572476292874466,0.2855182450531456,0.29565811801690345,0.27651601754456656,0.49094250284002117,0.2769063873024412,0.5041699055778059,0.2625640245953632,0.2662692162783423,0.3523099168099034,0.3067942403053604,0.464899955515648,0.4072019380466819,0.34774606544225306,0.47658775994301195,0.4706275456763539,0.4946002953793499,0.3506765720487043,0.3372804967201841,0.3604081741689247,0.5896031132978045,0.2768869131606114,0.2991189657670684,0.2989835867339171,0.25129826688137413,0.4777995935129786,0.0,0.48525927103340727,0.4091800401345218,0.26766903877928294,0.3332803377488103,1.0,0.21419654592351556,0.5268584448598767,0.25553445752826465,0.4252536726886492,0.6325884278704128,0.2842257681406787,0.27689830062395704,0.2837562770536576,0.4303012957978005,0.4294051332460368,0.2710570533628762,0.29857694423431724
0.2473757601076988,0.20817307938295615,0.16805784125203038,0.37553493990040776,0.21887798552928484,0.2252482925208733,0.2118227638867125,0.36033382207079867,0.221159573375606,0.3714562467262401,0.2172089368625285,0.36803650219954265,0.2160261202562398,0.36033969679600963,0.36161664727057774,0.21028349039230332,0.20084765465023346,0.21542797479653875,0.18267761032684549,0.20890965265404748,0.20543023201291277,0.2010829554296767,0.21660440776489975,0.207502034453386,0.20973474989146723,0.2062228975340722,0.20657951707280342,0.350901409950256,0.24832230038238412,0.2425131443189268,0.3283281764895145,0.22047752766464546,0.0,0.22933223099295375,0.21122292412695753,0.3590583696315347,0.20014667876922976,0.21419654592351556,1.0,0.21652647897263155,0.34258263611391104,0.21102620110039172,0.21442730648709818,0.3609922541960733,0.3649046749000051,0.22541188255592504,0.21306787839982222,0.21500857484826563,0.33406026301700054,0.2538566665377281
0.30809762981901245,0.4264261938222792,0.23156922431877647,0.2690110279624601,0.4561104055965194,0.41333478040566796,0.3589981127314351,0.27748416080387983,0.30770281440738445,0.2785729799962392,0.527093848161116,0.2724953184016712,0.5363895682540121,0.2638620042688449,0.26719142003847485,0.357806519569287,0.31164659279247964,0.49710610448722725,0.43078640182236283,0.36081416703916835,0.5149120375752312,0.49865447795514084,0.5237390283124118,0.35091033772161306,0.3311418323502767,0.3625440257809076,0.5488886607091406,0.26973742492914,0.2985498355341438,0.31300458640751483,0.2516665433927363,0.4910236573451231,0.0,0.5110932245302188,0.4252210619690987,0.27982235027577285,0.3383362571681636,0.5268584448598767,0.21652647897263155,1.0,0.2532330090905801,0.4268469545345024,0.5514776331362772,0.2751519721919955,0.2729022259572059,0.2898451705874885,0.44707463895077426,0.44661906811471064,0.2702247712505029,0.31007970649140726
