../ecoli_genomes/GCF_000163235.1_ASM16323v1_genomic.fna.gz,../ecoli_genomes/GCF_000164555.1_ASM16455v1_genomic.fna.gz,../ecoli_genomes/GCF_000208545.1_ASM20854v2_genomic.fna.gz,../ecoli_genomes/GCF_000233875.1_ASM23387v1_genomic.fna.gz,../ecoli_genomes/GCF_000249735.1_ASM24973v2_genomic.fna.gz,../ecoli_genomes/GCF_000261145.1_Esch_coli_M919_V2_genomic.fna.gz,../ecoli_genomes/GCF_000267705.2_ASM26770v2_genomic.fna.gz,../ecoli_genomes/GCF_000350665.1_Esch_coli_KTE5_V1_genomic.fna.gz,../ecoli_genomes/GCF_000351625.1_Esch_coli_KTE66_V1_genomic.fna.gz,../ecoli_genomes/GCF_000352285.1_Esch_coli_KTE46_V1_genomic.fna.gz,../ecoli_genomes/GCF_000358895.1_ASM35889v1_genomic.fna.gz,../ecoli_genomes/GCF_000456385.1_Esch_coli_HVH_26_4-5703913_V1_genomic.fna.gz,../ecoli_genomes/GCF_000458195.1_Esch_coli_HVH_147_4-5893887_V1_genomic.fna.gz,../ecoli_genomes/GCF_000459755.1_Esch_coli_KOEGE_58_171a_V1_genomic.fna.gz,../ecoli_genomes/GCF_000460055.1_Esch_coli_UMEA_3053-1_V1_genomic.fna.gz,../ecoli_genomes/GCF_000462165.2_ASM46216v2_genomic.fna.gz,../ecoli_genomes/GCF_000601135.1_ASM60113v1_genomic.fna.gz,../ecoli_genomes/GCF_000614595.1_Ec2010EL1058_genomic.fna.gz,../ecoli_genomes/GCF_000617745.1_Ec2010C-4529_genomic.fna.gz,../ecoli_genomes/GCF_000618265.2_EcF6751_genomic.fna.gz,../ecoli_genomes/GCF_000619005.2_Ec2009C-4052_genomic.fna.gz,../ecoli_genomes/GCF_000619105.1_Ec2009C-4780_genomic.fna.gz,../ecoli_genomes/GCF_000619765.2_Ec2009C-3279_genomic.fna.gz,../ecoli_genomes/GCF_000687005.1_ASM68700v1_genomic.fna.gz,../ecoli_genomes/GCF_000687025.1_ASM68702v1_genomic.fna.gz,../ecoli_genomes/GCF_000700125.1_ASM70012v1_genomic.fna.gz,../ecoli_genomes/GCF_000753315.1_FHI35_genomic.fna.gz,../ecoli_genomes/GCF_000776375.1_ASM77637v1_genomic.fna.gz,../ecoli_genomes/GCF_000779395.1_ASM77939v1_genomic.fna.gz,../ecoli_genomes/GCF_000780315.1_ASM78031v1_genomic.fna.gz,../ecoli_genomes/GCF_000781995.1_ASM78199v1_genomic.fna.gz,../ecoli_genomes/GCF_000986765.1_ASM98676v1_genomic.fna.gz,../ecoli_genomes/GCF_001041375.1_ViralProj287958_genomic.fna.gz,../ecoli_genomes/GCF_001265335.1_302014_genomic.fna.gz,../ecoli_genomes/GCF_001265625.1_100854_genomic.fna.gz,../ecoli_genomes/GCF_001267345.1_303289_genomic.fna.gz,../ecoli_genomes/GCF_001309985.1_ASM130998v1_genomic.fna.gz,../ecoli_genomes/GCF_001521695.1_ASM152169v1_genomic.fna.gz,../ecoli_genomes/GCF_001592595.1_ASM159259v1_genomic.fna.gz,../ecoli_genomes/GCF_001614975.1_ASM161497v1_genomic.fna.gz,../ecoli_genomes/GCF_001692775.1_ASM169277v1_genomic.fna.gz,../ecoli_genomes/GCF_001748915.1_ASM174891v1_genomic.fna.gz,../ecoli_genomes/GCF_001749235.1_ASM174923v1_genomic.fna.gz,../ecoli_genomes/GCF_001881155.1_ASM188115v1_genomic.fna.gz,../ecoli_genomes/GCF_001881345.1_ASM188134v1_genomic.fna.gz,../ecoli_genomes/GCF_001892405.1_ASM189240v1_genomic.fna.gz,../ecoli_genomes/GCF_001892585.1_ASM189258v1_genomic.fna.gz,../ecoli_genomes/GCF_001893985.1_ASM189398v1_genomic.fna.gz,../ecoli_genomes/GCF_002001595.1_ASM200159v1_genomic.fna.gz,../ecoli_genomes/GCF_002002145.1_ASM200214v1_genomic.fna.gz
1.0,0.7905058116866122,0.7730036864030695,0.760773007405267,0.7500464497972691,0.7660247198124608,0.7744161836907494,0.7606096374794649,0.794054483344772,0.7668632285168075,0.7782608043086711,0.772634472264605,0.7705585398059425,0.763617466058243,0.7490371279085153,0.7701377308941177,0.754971324646482,0.7787964486925112,0.7641736340927443,0.7749212300320882,0.7746882206475059,0.757987465270402,0.7771788678432047,0.7537580837968675,0.7453176973820073,0.7524676522323985,0.7794337061500147,0.7587379575818056,0.7912524759205285,0.7994076080845713,0.743724138983576,0.7577536248729211,0.04891357064438673,0.7751343491525445,0.7706095739232203,0.7729974359941667,0.7601774711658952,0.7732353131762904,0.6857126699756151,0.7824899905817304,0.7525203756085381,0.7794185914991684,0.7820214555143505,0.7622110489735409,0.7640330386323859,0.7754945095979839,0.7814939434009444,0.7811622904431588,0.7690016185898088,0.7957568759016989
0.7905058116866122,1.0,0.7600471652905118,0.7693068779830023,0.7816993032933076,0.8229299755050364,0.7829907077670496,0.7664015948518526,0.7687192653400305,0.7750494793750526,0.8059697515690503,0.7722822906157356,0.7991908340456503,0.7744455786615061,0.7594402016083129,0.7819853045786999,0.7938095026196927,0.8035581378617213,0.790356183471738,0.7846449727267567,0.8000390301859204,0.7838146011145277,0.8074534811115937,0.8017360608493679,0.7996521762155316,0.7973506368991745,0.8071149016477176,0.7683531669763033,0.7809841041884429,0.7776691193933318,0.75472096505466,0.7926811898514438,0.04332774327537103,0.8005565041828626,0.8241711541240583,0.767939240885092,0.7709461221378714,0.8048153726839155,0.6846875168015946,0.8092839597461396,0.7621716711396778,0.8157826295143498,0.810719269422903,0.7737202092408436,0.768203921431342,0.7666832986370369,0.8246688328903553,0.8239691687273224,0.7742638781824364,0.7785734337277502
0.7730036864030695,0.7600471652905118,1.0,0.7445441545382158,0.7339475094535804,0.7411288922751045,0.7538314292349216,0.7411256448411259,0.7550238329308364,0.7548265285810415,0.7618541241333259,0.7467122863512794,0.7611510780722507,0.7437292975870694,0.7396938845757997,0.7551097993060361,0.7339830619835941,0.7636970791511604,0.7451642519194153,0.7547341445301073,0.7629204330751218,0.7462210128454052,0.7648858183051224,0.7272424517365392,0.7189984901380326,0.737372012734282,0.7619158865759942,0.7438518201483546,0.7697781234363514,0.7668892416752416,0.7318177811671516,0.7474416637099393,0.04899721406452051,0.7634703186333971,0.7416464138310543,0.753989775918751,0.745050088043403,0.7497248032415045,0.6671233282998432,0.7653184564004376,0.7381403056413647,0.7529853525539582,0.7678329528210461,0.7493808063526609,0.7424235944684423,0.7507573247920729,0.7642349852863122,0.7626712934031543,0.7512872446273535,0.7719862609418622
0.760773007405267,0.7693068779830023,0.7445441545382158,1.0,0.7594867297521736,0.7581061757442462,0.7540397895825806,0.8240379164788608,0.7593949905637524,0.8300436795373132,0.7568018066254929,0.8262267054767123,0.759430505355327,0.8482850193814963,0.8536527122107131,0.7606187633155421,0.7538554518648454,0.7609945920808218,0.7430283396370829,0.7551364541566574,0.7614755477826285,0.7425982216205873,0.7645926005532764,0.742374559329416,0.7410368532562868,0.7521052374922882,0.7561262463108267,0.8350342268482546,0.7673779841171806,0.759567034419694,0.8323660868628205,0.7639902823520367,0.04775088066530142,0.7578373137655212,0.7513528950388846,0.7945112231892886,0.7456305643885062,0.753650950743037,0.7229136158355993,0.7632537622089408,0.8420383758703265,0.7567912521427176,0.7587727381411203,0.8361329440176656,0.8241473535711203,0.7658422364767712,0.7671739936827,0.7675211131757564,0.8090346644430193,0.7741266476814587
0.7500464497972691,0.7816993032933076,0.7339475094535804,0.7594867297521736,1.0,0.7896533162025351,0.757901469765303,0.7552262591662953,0.760980519447276,0.7587819223748223,0.7991400426300929,0.7510542573040102,0.8019439231864532,0.7556241336124349,0.7555379917700721,0.7784282359109476,0.7855640297638571,0.7785584327427163,0.7594919122633934,0.7600150249374454,0.7796070546571682,0.7586460061051475,0.7857085892024156,0.7814000537690579,0.7769204983187585,0.7843803623957142,0.7815085833726323,0.7420210332067225,0.7619162648001665,0.7567467252322697,0.7432061426887426,0.7954339225233135,0.05774584587581211,0.7826528391934494,0.7768884315622305,0.7429864150951692,0.7579376711735633,0.7829146168179497,0.6715580015771436,0.7967004418133791,0.7520607494222644,0.7791600614747398,0.7902141625339165,0.7442362166631291,0.7449439558352999,0.7416709047577258,0.786423042648578,0.7861718893742967,0.7407437422993031,0.7507522884685863
0.7660247198124608,0.8229299755050364,0.7411288922751045,0.7581061757442462,0.7896533162025351,1.0,0.7764206176392763,0.7553469731064968,0.755593652978161,0.7609162433790205,0.7992553685324131,0.7532506248687338,0.7934818089688801,0.7600580757208786,0.7446358454667363,0.7761576781795705,0.7902674225051379,0.8006450563919473,0.7830352412367645,0.7766469924130895,0.7884542800900924,0.7960005585764501,0.8016421660374624,0.795160153868628,0.8023773505587308,0.7912851084656256,0.7920765433205688,0.7495257585499193,0.7706469557035944,0.7616026082062995,0.7474335835343359,0.788144944895604,0.04644850704112746,0.7983714897196708,0.8144489391109793,0.7656486188766696,0.7647120169577426,0.7914546581379148,0.692592621417204,0.7981042543019854,0.7495025330162937,0.8078388518217137,0.7971374457181538,0.7542976253973791,0.7522616242457587,0.7568984516053077,0.8154018359728371,0.8142865725554154,0.7540546366819222,0.7687183196910452
0.7744161836907494,0.7829907077670496,0.7538314292349216,0.7540397895825806,0.757901469765303,0.7764206176392763,1.0,0.7478851537288307,0.766846428801919,0.7535873128845252,0.7849014351680074,0.7468073368384343,0.7767145985938227,0.7544982087157941,0.7450796052115867,0.9029104235099746,0.7611063118449168,0.8033727030414135,0.7832294521668587,0.9436721416385404,0.8011886499720002,0.7795411596238018,0.8003735085472702,0.7599118661721228,0.7553439348431911,0.764471792194561,0.7852375409920307,0.7514781284771348,0.7718685572378274,0.7700006624016522,0.7393144475133232,0.7712594219042503,0.05220828227098606,0.7934927582764678,0.7798001234658922,0.7657123229593246,0.9155741721361041,0.7697381575559512,0.6880638060541227,0.7872659267297833,0.7448196199194648,0.7837221347444676,0.7869284979944141,0.7541125219296907,0.7514570002756074,0.7596572199033088,0.7846513535996337,0.784273228260472,0.7587704356044889,0.7709445963825758
0.7606096374794649,0.7664015948518526,0.7411256448411259,0.8240379164788608,0.7552262591662953,0.7553469731064968,0.7478851537288307,1.0,0.7494831349848154,0.8251389184081251,0.7550371667742288,0.8228743223015005,0.7574206269396984,0.8190817635320546,0.8150361581036063,0.754134802305494,0.7479878988728326,0.754911389887976,0.7381118808294644,0.7480213932603075,0.7529417071654166,0.7356294136069845,0.7559895512403461,0.7462503001207772,0.7360963170005534,0.7490464815552542,0.7515705856426528,0.873306016660759,0.7626096507752389,0.7570396540845475,0.8104372985202076,0.7522555284073065,0.04449500351499458,0.7499233648004772,0.7478986793891647,0.788165019509447,0.7383046826902031,0.7607437926950271,0.7173880716123286,0.7613290633963746,0.8248430039552214,0.7579004692561073,0.7528558927538228,0.8763519917629153,0.867680960506049,0.7585839438920976,0.7601800437907185,0.7600249425607134,0.8095958441768727,0.7644903141870443
0.794054483344772,0.7687192653400305,0.7550238329308364,0.7593949905637524,0.760980519447276,0.755593652978161,0.766846428801919,0.7494831349848154,1.0,0.7613241974044435,0.7687680851374241,0.7470407700050503,0.776487741823339,0.7557313663173916,0.7561929661881904,0.7759480728890764,0.7471638949791263,0.7686893006149925,0.7449776902258756,0.7703726067431631,0.7650446078990948,0.7481719292204847,0.768254312861385,0.7475470969887656,0.7354541552314131,0.7523172351646654,0.7694570237806984,0.7452941772882622,0.7783306497505863,0.8078865237516341,0.7457542511683442,0.7622238205319821,0.049779172848662845,0.7660226940757173,0.7558981036644986,0.7543981717890085,0.7587323989932829,0.7547342939476946,0.6773415372584471,0.7721112905197013,0.7480102885327564,0.7644980032990059,0.7738125656708637,0.7485164841914668,0.745910204065978,0.7636662944603204,0.7664810489153601,0.7657084649577879,0.7493884061578935,0.7829831191844208
0.7668632285168075,0.7750494793750526,0.7548265285810415,0.8300436795373132,0.7587819223748223,0.7609162433790205,0.7535873128845252,0.8251389184081251,0.7613241974044435,1.0,0.7681206515336785,0.8195189995480777,0.7677599276658511,0.8278853142844718,0.8253729258625103,0.7635237618059649,0.7521401760557695,0.7614563668200811,0.7430720823616819,0.7565308614547782,0.7568122712966954,0.7415695547550565,0.7561843534670538,0.7432665697884708,0.7402987381337414,0.7591723039459676,0.7559391941512643,0.8298055466889328,0.7721451119080563,0.7674214767061025,0.828141176975548,0.7500896271969708,0.04746516395049927,0.7565107294582519,0.7501048166551306,0.8039203225500611,0.7489019889152588,0.7566242176789916,0.7194651028737309,0.769969586172404,0.8338718628620948,0.7589533837930332,0.7586301426736064,0.8288049378023613,0.8261992678025103,0.7601225250796294,0.7676309503616632,0.766187138399943,0.8233292057007379,0.7680012336197428
0.7782608043086711,0.8059697515690503,0.7618541241333259,0.7568018066254929,0.7991400426300929,0.7992553685324131,0.7849014351680074,0.7550371667742288,0.7687680851374241,0.7681206515336785,1.0,0.7557373897140078,0.8376547216784339,0.7622484047685544,0.7489086230382296,0.7845488806449592,0.775394455769072,0.823842842595595,0.8064247058419854,0.7852290973006693,0.8137682131258859,0.809498558601748,0.8231900086788696,0.7789698508571516,0.7609872575284302,0.7833247666055506,0.8264864004889707,0.7591504254344121,0.7767990711082952,0.7807112245425669,0.7469020953619491,0.7990938926799842,0.050867092555808124,0.8136601485291892,0.7970707742047488,0.7694995493260453,0.7732473686746338,0.8101666215668747,0.6807622241159671,0.8400598445944308,0.7517966436283448,0.8141943826345213,0.8307684090099346,0.7613307615239233,0.7566133050480892,0.7613271635442997,0.8174376170404738,0.8160833589436596,0.7586458212308393,0.7760711264377411
0.772634472264605,0.7722822906157356,0.7467122863512794,0.8262267054767123,0.7510542573040102,0.7532506248687338,0.7468073368384343,0.8228743223015005,0.7470407700050503,0.8195189995480777,0.7557373897140078,1.0,0.7561464872415037,0.8226166517557858,0.8423970486394704,0.7478281733149197,0.7479781943950334,0.7558023011233393,0.7434562787248873,0.7492700980892562,0.7572382341046473,0.7384683731562276,0.7577012052966452,0.7423763002618327,0.7357725943482416,0.7474151158827858,0.7558786171616889,0.8258792383350084,0.7746319882223909,0.7647898025803996,0.8018757378426444,0.7553449684081438,0.04660677995647278,0.7564229666269496,0.7541681256908465,0.7894474738298669,0.7387958906646251,0.7563803035970181,0.7177560211790025,0.768473012090328,0.8137672983681616,0.7592621202728791,0.760151231221536,0.828642741092251,0.8245320076753574,0.770378477777045,0.7642751436953572,0.7644233479095301,0.8102264073626775,0.7757426923251587
0.7705585398059425,0.7991908340456503,0.7611510780722507,0.759430505355327,0.8019439231864532,0.7934818089688801,0.7767145985938227,0.7574206269396984,0.776487741823339,0.7677599276658511,0.8376547216784339,0.7561464872415037,1.0,0.7592020152687337,0.7598195366412039,0.7882393263676492,0.7774654033240072,0.8228953868998208,0.8135125559319432,0.779161309864417,0.8177598420008468,0.8244414932740025,0.8351001786175016,0.7852863569249825,0.7634498635062373,0.7841719933676154,0.8309097011823221,0.7509836327057141,0.7733421372696465,0.78019587337708,0.7531989046427385,0.8149960339730031,0.048927739207089926,0.8263190929235019,0.7949717335921689,0.7548104872589076,0.772032724965382,0.8105464129953137,0.6813381525984221,0.8379848000330379,0.7543987807581825,0.8044130828685698,0.8355021714046678,0.7519362182302815,0.7459145651210481,0.7546851195127983,0.8080973441791774,0.8057334468450562,0.7530459403418812,0.7729155071764466
0.763617466058243,0.7744455786615061,0.7437292975870694,0.8482850193814963,0.7556241336124349,0.7600580757208786,0.7544982087157941,0.8190817635320546,0.7557313663173916,0.8278853142844718,0.7622484047685544,0.8226166517557858,0.7592020152687337,1.0,0.8433823742221036,0.7588759334241181,0.7566897962945996,0.7629812388586581,0.7442608709900018,0.7578619580669521,0.7629164610613344,0.7464579291995715,0.7644411290775288,0.7441957986711096,0.7385687938711893,0.7522876275605286,0.76270234877249,0.8329648240838912,0.7673684546169299,0.7656933008602476,0.8274310235592199,0.7567321910831915,0.05220631047713109,0.758820614802038,0.7560428696286563,0.801941600295417,0.744235170326587,0.7590332828222515,0.7210362896622476,0.7681444548895707,0.8368782441452898,0.7636468080446174,0.7640099653763367,0.8357205572354491,0.8311302229322364,0.7671769258524452,0.7694401111367651,0.7692832569949052,0.8191844248491535,0.7754953307391872
0.7490371279085153,0.7594402016083129,0.7396938845757997,0.8536527122107131,0.7555379917700721,0.7446358454667363,0.7450796052115867,0.8150361581036063,0.7561929661881904,0.8253729258625103,0.7489086230382296,0.8423970486394704,0.7598195366412039,0.8433823742221036,1.0,0.7571363977791639,0.7447954680902755,0.7539287340598775,0.7350011413098411,0.7491059076425679,0.7538387710021002,0.7339041334569539,0.7529068897609212,0.7351965884916505,0.7324567744182084,0.7489725362998445,0.7525898996545887,0.817197362399078,0.7629009160038838,0.7602511162857122,0.8255749045685907,0.7527398650221728,0.05208631993108492,0.7474021575021472,0.7447844548809257,0.7881842206788047,0.7401749007869634,0.7458508512219189,0.710063774969324,0.75907409241681,0.8344604469586305,0.750742982945986,0.755922759091582,0.8184475284982704,0.8094722946749411,0.7617008785878688,0.757969965450557,0.7576936083791478,0.8066581693275126,0.7702090453381458
0.7701377308941177,0.7819853045786999,0.7551097993060361,0.7606187633155421,0.7784282359109476,0.7761576781795705,0.9029104235099746,0.754134802305494,0.7759480728890764,0.7635237618059649,0.7845488806449592,0.7478281733149197,0.7882393263676492,0.7588759334241181,0.7571363977791639,1.0,0.766634229110468,0.7919025942311417,0.7734866215690115,0.9089506368421585,0.7899782848432241,0.7741607833235592,0.7898391924092847,0.7634295471034538,0.762475210715008,0.7739295655297493,0.7782956747844317,0.7531681071855818,0.773404839148591,0.7717986115771978,0.7499297493741806,0.7767648316350146,0.05129769885010815,0.7879430702474435,0.7784975029330785,0.7634439702621184,0.8972219540797792,0.7688501355967848,0.6832728412844531,0.7857406714287027,0.7523999341578953,0.7782981337422561,0.7842497691736401,0.7530107395690988,0.749645367853988,0.7602591066969455,0.7810691747678069,0.7801288297028369,0.757761851842208,0.7702891581476758
0.754971324646482,0.7938095026196927,0.7339830619835941,0.7538554518648454,0.7855640297638571,0.7902674225051379,0.7611063118449168,0.7479878988728326,0.7471638949791263,0.7521401760557695,0.775394455769072,0.7479781943950334,0.7774654033240072,0.7566897962945996,0.7447954680902755,0.766634229110468,1.0,0.7810558241135795,0.757383961624095,0.7621062400478822,0.7733180894251002,0.7592573824808072,0.7823121712788466,0.8221915855075994,0.8077863842018168,0.807273462160363,0.7735011188794374,0.739033157557555,0.7572582601915696,0.7478404448982878,0.7367346870356264,0.7922221045276593,0.04660683110147901,0.7802358945506639,0.7890466162772366,0.7558939275215029,0.7537465140890475,0.7651443824501762,0.6868560929801666,0.7791408090476685,0.7390299792002167,0.7885767861255648,0.777019976648584,0.7450845739644917,0.7453245758534175,0.7345923464547065,0.7935868588532515,0.7930360428694053,0.7464528330523919,0.7523594474079239
0.7787964486925112,0.8035581378617213,0.7636970791511604,0.7609945920808218,0.7785584327427163,0.8006450563919473,0.8033727030414135,0.754911389887976,0.7686893006149925,0.7614563668200811,0.823842842595595,0.7558023011233393,0.8228953868998208,0.7629812388586581,0.7539287340598775,0.7919025942311417,0.7810558241135795,1.0,0.82951519979402,0.8009097053574409,0.8397168520908921,0.8222038095319294,0.8427469479580348,0.7843691477417674,0.7638483389291948,0.7849115066123197,0.8284827209060929,0.7545863890713056,0.7752454854925093,0.7734146843438853,0.7438502560395057,0.808526710319145,0.05129039279154468,0.8278673098900677,0.7991568111279499,0.7707453331245797,0.7895208745495436,0.8014182357544263,0.6914251553331918,0.828592329832945,0.7516294103791114,0.8093036604863356,0.828576163901681,0.7576277031761522,0.7523377191884786,0.7591713837369138,0.8129994351053993,0.8123128673252105,0.7543493163884725,0.7782159206873156
0.7641736340927443,0.790356183471738,0.7451642519194153,0.7430283396370829,0.7594919122633934,0.7830352412367645,0.7832294521668587,0.7381118808294644,0.7449776902258756,0.7430720823616819,0.8064247058419854,0.7434562787248873,0.8135125559319432,0.7442608709900018,0.7350011413098411,0.7734866215690115,0.757383961624095,0.82951519979402,1.0,0.7790453685125229,0.8198579391218874,0.8280461513359063,0.8166639845472907,0.7587371111248259,0.7507019320141776,0.7593941143940367,0.8057599883745934,0.7378781755675037,0.7546653534801704,0.758750280529526,0.7292702172295713,0.7930750276327235,0.05232654658735747,0.799638119425067,0.7878112065361993,0.7531486625495121,0.7667928313436907,0.7838391888746806,0.6775271663388329,0.8078469389437385,0.733393314272166,0.7901314264935,0.8076285493956464,0.7406410786884128,0.7372690042814679,0.742137958833865,0.7903501542227745,0.790687185731083,0.7384089426085233,0.7621927774816928
0.7749212300320882,0.7846449727267567,0.7547341445301073,0.7551364541566574,0.7600150249374454,0.7766469924130895,0.9436721416385404,0.7480213932603075,0.7703726067431631,0.7565308614547782,0.7852290973006693,0.7492700980892562,0.779161309864417,0.7578619580669521,0.7491059076425679,0.9089506368421585,0.7621062400478822,0.8009097053574409,0.7790453685125229,1.0,0.7990619775634946,0.7788908991953869,0.7998298652831435,0.7600739009328723,0.7560579725896053,0.7648333117081165,0.78604502130172,0.7537997157467218,0.7737584257485398,0.7737934872294039,0.7429844851422154,0.7718144276636105,0.052798122123933644,0.7925195101332287,0.7797335820405626,0.7678718023250796,0.9199627367203962,0.770647318343138,0.6853378917138019,0.7923736199367712,0.7463311700238051,0.7848803836500637,0.7895432984870747,0.7559647213491419,0.752131222629925,0.7632403195335422,0.785073311745262,0.7849145000632,0.761561174894138,0.7738198881936338
0.7746882206475059,0.8000390301859204,0.7629204330751218,0.7614755477826285,0.7796070546571682,0.7884542800900924,0.8011886499720002,0.7529417071654166,0.7650446078990948,0.7568122712966954,0.8137682131258859,0.7572382341046473,0.8177598420008468,0.7629164610613344,0.7538387710021002,0.7899782848432241,0.7733180894251002,0.8397168520908921,0.8198579391218874,0.7990619775634946,1.0,0.8219710187988871,0.8437541225033738,0.7701090361388339,0.7627604956432429,0.7800783846460818,0.824653627481926,0.7563670804431746,0.7689513764736279,0.7774639748236761,0.7457164732952489,0.8031671246531373,0.04966125316876313,0.828035088069159,0.7940907481976244,0.7694355189038857,0.7881571422720772,0.8077287017416628,0.6868493500005608,0.8293620145533414,0.751760413617833,0.7963895430275123,0.8317815447579411,0.7591272871197028,0.7547180652100626,0.760653656069348,0.8088745812634512,0.8085104940040959,0.76190365200821,0.7734605126318571
0.757987465270402,0.7838146011145277,0.7462210128454052,0.7425982216205873,0.7586460061051475,0.7960005585764501,0.7795411596238018,0.7356294136069845,0.7481719292204847,0.7415695547550565,0.809498558601748,0.7384683731562276,0.8244414932740025,0.7464579291995715,0.7339041334569539,0.7741607833235592,0.7592573824808072,0.8222038095319294,0.8280461513359063,0.7788908991953869,0.8219710187988871,1.0,0.8592752898926994,0.7556658074910784,0.7512188097852756,0.762372700888389,0.8054354429388328,0.7399615488801439,0.7537782902537153,0.7559089489811259,0.7288702504758002,0.7978356629483281,0.052364033939758525,0.837144079362715,0.7805106470886065,0.7494327659996075,0.7681662404736742,0.7886826472331538,0.675968954469074,0.8129950269174362,0.7315674879779794,0.7868978180252386,0.8119316123390979,0.7435522728190026,0.7347685151428878,0.7506750732999019,0.7937621698557883,0.7929764098054355,0.7387249335020045,0.7648495031178204
0.7771788678432047,0.8074534811115937,0.7648858183051224,0.7645926005532764,0.7857085892024156,0.8016421660374624,0.8003735085472702,0.7559895512403461,0.768254312861385,0.7561843534670538,0.8231900086788696,0.7577012052966452,0.8351001786175016,0.7644411290775288,0.7529068897609212,0.7898391924092847,0.7823121712788466,0.8427469479580348,0.8166639845472907,0.7998298652831435,0.8437541225033738,0.8592752898926994,1.0,0.780190395315061,0.7681056854638101,0.7840173710883354,0.840224960333255,0.7583145675371574,0.775814261823163,0.773934477348992,0.7447344939137781,0.8166769159378757,0.052433955800864185,0.86470670626664,0.7976535526063173,0.7696535109372055,0.788199957649501,0.8108547613116908,0.6915198459152024,0.8328790799371864,0.750261211303064,0.8105116958238184,0.8339495919006695,0.7608191212620411,0.7558136785620304,0.7673145761518876,0.8147997796260191,0.8143322711916725,0.7587431817033652,0.7772378282112944
0.7537580837968675,0.8017360608493679,0.7272424517365392,0.742374559329416,0.7814000537690579,0.795160153868628,0.7599118661721228,0.7462503001207772,0.7475470969887656,0.7432665697884708,0.7789698508571516,0.7423763002618327,0.7852863569249825,0.7441957986711096,0.7351965884916505,0.7634295471034538,0.8221915855075994,0.7843691477417674,0.7587371111248259,0.7600739009328723,0.7701090361388339,0.7556658074910784,0.780190395315061,1.0,0.8050297862586469,0.806762643541892,0.7769790897422406,0.7319643032387844,0.7535015530906286,0.7488540059653417,0.727447272664581,0.7819268640731272,0.043737924911806725,0.7713188190937281,0.8030726268289106,0.7476238921914469,0.7520923561355584,0.7595289193632178,0.6759068666387558,0.7748558594746444,0.7360981739590741,0.7869732427388516,0.7748735226558622,0.7360985696577411,0.7351926117804033,0.7266750173834575,0.783275054540832,0.782387194026885,0.7388002031750998,0.7492192015153634
0.7453176973820073,0.7996521762155316,0.7189984901380326,0.7410368532562868,0.7769204983187585,0.8023773505587308,0.7553439348431911,0.7360963170005534,0.7354541552314131,0.7402987381337414,0.7609872575284302,0.7357725943482416,0.7634498635062373,0.7385687938711893,0.7324567744182084,0.762475210715008,0.8077863842018168,0.7638483389291948,0.7507019320141776,0.7560579725896053,0.7627604956432429,0.7512188097852756,0.7681056854638101,0.8050297862586469,1.0,0.8085265499209916,0.7634982257250289,0.724654235472741,0.7409608074046535,0.7385689213816773,0.7273259607336995,0.7835310930645701,0.045172666104626225,0.758509253695606,0.791722154767547,0.7380419601641701,0.7528183693803543,0.7553961181282709,0.6670817845098552,0.7668850685604277,0.7329101102020266,0.7727066204426799,0.7665164174106767,0.7354231434264733,0.7344605358201712,0.7253210033863529,0.7791364349845291,0.7796067118589238,0.7362691061544439,0.7336458173323746
0.7524676522323985,0.7973506368991745,0.737372012734282,0.7521052374922882,0.7843803623957142,0.7912851084656256,0.764471792194561,0.7490464815552542,0.7523172351646654,0.7591723039459676,0.7833247666055506,0.7474151158827858,0.7841719933676154,0.7522876275605286,0.7489725362998445,0.7739295655297493,0.807273462160363,0.7849115066123197,0.7593941143940367,0.7648333117081165,0.7800783846460818,0.762372700888389,0.7840173710883354,0.806762643541892,0.8085265499209916,1.0,0.7855769605510405,0.7409454835819879,0.751252142210513,0.7576391552080612,0.7373040506642994,0.7842482045799196,0.049481936583925634,0.7689316337445355,0.7927327772850691,0.7430965102830327,0.7624993417127197,0.7694292227934763,0.6751487094837079,0.782704759860041,0.7470114709170494,0.791911071088955,0.7778641680001849,0.7479319741898282,0.7437000271929677,0.7337246424762196,0.7964280149694131,0.7942687603705335,0.7466287676610195,0.7527039853273837
0.7794337061500147,0.8071149016477176,0.7619158865759942,0.7561262463108267,0.7815085833726323,0.7920765433205688,0.7852375409920307,0.7515705856426528,0.7694570237806984,0.7559391941512643,0.8264864004889707,0.7558786171616889,0.8309097011823221,0.76270234877249,0.7525898996545887,0.7782956747844317,0.7735011188794374,0.8284827209060929,0.8057599883745934,0.78604502130172,0.824653627481926,0.8054354429388328,0.840224960333255,0.7769790897422406,0.7634982257250289,0.7855769605510405,1.0,0.7508715090147637,0.7757580915097183,0.7822310367917465,0.7415831795938206,0.8071134586822332,0.052026092121296386,0.8142523323719917,0.7984367702140582,0.7586666687690825,0.7716762860070039,0.8288457920328166,0.6850046461404039,0.8388788546542761,0.7504347205983835,0.8120862261231835,0.8561945311311399,0.7547460682348555,0.7471190293196155,0.7575236906920153,0.8104116161894038,0.8095313919097689,0.7567538534300484,0.7732763942353339
0.7587379575818056,0.7683531669763033,0.7438518201483546,0.8350342268482546,0.7420210332067225,0.7495257585499193,0.7514781284771348,0.873306016660759,0.7452941772882622,0.8298055466889328,0.7591504254344121,0.8258792383350084,0.7509836327057141,0.8329648240838912,0.817197362399078,0.7531681071855818,0.739033157557555,0.7545863890713056,0.7378781755675037,0.7537997157467218,0.7563670804431746,0.7399615488801439,0.7583145675371574,0.7319643032387844,0.724654235472741,0.7409454835819879,0.7508715090147637,1.0,0.7674697180535589,0.7608263646856638,0.8147105222172227,0.7492827646790249,0.044357346954675636,0.7475857581384381,0.7417534056346184,0.7892289955864413,0.742330462705599,0.7561153380946879,0.7120861690304388,0.7613255166399501,0.8258780451964783,0.753580099019097,0.7505705144121865,0.9291503965683109,0.898060527004441,0.7641262573308343,0.7605432082228014,0.7597148137545497,0.8166026008630748,0.7673764615117928
0.7912524759205285,0.7809841041884429,0.7697781234363514,0.7673779841171806,0.7619162648001665,0.7706469557035944,0.7718685572378274,0.7626096507752389,0.7783306497505863,0.7721451119080563,0.7767990711082952,0.7746319882223909,0.7733421372696465,0.7673684546169299,0.7629009160038838,0.773404839148591,0.7572582601915696,0.7752454854925093,0.7546653534801704,0.7737584257485398,0.7689513764736279,0.7537782902537153,0.775814261823163,0.7535015530906286,0.7409608074046535,0.751252142210513,0.7757580915097183,0.7674697180535589,1.0,0.7814096997424721,0.7564010717010891,0.7619336029248781,0.04573089515813422,0.7728503463227505,0.7669527049673276,0.7749681039101308,0.7630081094223687,0.7676225040858033,0.6902089889663154,0.7827611397737552,0.7590329464069038,0.7747834690171835,0.7738767045068304,0.7669835064756434,0.7641881993180335,0.7938952265947475,0.7763147121137024,0.7751105484746966,0.7707506697425484,0.8567332304309271
0.7994076080845713,0.7776691193933318,0.7668892416752416,0.759567034419694,0.7567467252322697,0.7616026082062995,0.7700006624016522,0.7570396540845475,0.8078865237516341,0.7674214767061025,0.7807112245425669,0.7647898025803996,0.78019587337708,0.7656933008602476,0.7602511162857122,0.7717986115771978,0.7478404448982878,0.7734146843438853,0.758750280529526,0.7737934872294039,0.7774639748236761,0.7559089489811259,0.773934477348992,0.7488540059653417,0.7385689213816773,0.7576391552080612,0.7822310367917465,0.7608263646856638,0.7814096997424721,1.0,0.7563316378348375,0.7582097119602038,0.04937328527664753,0.7729159805612308,0.7615994688790819,0.7605230583755404,0.7622808670572361,0.7633140346488205,0.6769421357013855,0.7859216687247832,0.756702601728575,0.7759679347599802,0.7804854907350075,0.7634552910386796,0.7579952709688802,0.773897086230283,0.7794655510840036,0.7791084946454537,0.7654040814719045,0.7885219762423967
0.743724138983576,0.75472096505466,0.7318177811671516,0.8323660868628205,0.7432061426887426,0.7474335835343359,0.7393144475133232,0.8104372985202076,0.7457542511683442,0.828141176975548,0.7469020953619491,0.8018757378426444,0.7531989046427385,0.8274310235592199,0.8255749045685907,0.7499297493741806,0.7367346870356264,0.7438502560395057,0.7292702172295713,0.7429844851422154,0.7457164732952489,0.7288702504758002,0.7447344939137781,0.727447272664581,0.7273259607336995,0.7373040506642994,0.7415831795938206,0.8147105222172227,0.7564010717010891,0.7563316378348375,1.0,0.7452349037004435,0.04951637635594108,0.7451347854052675,0.7375209495324659,0.7802066194932,0.7326941435537643,0.7411065656734654,0.710275995760101,0.7506508101920523,0.8578756143787438,0.7438566478441778,0.7449248259958052,0.814014812116089,0.807451713932343,0.7513212852098472,0.7525802079894792,0.7515151332713833,0.7977431664695358,0.7536429658868922
0.7577536248729211,0.7926811898514438,0.7474416637099393,0.7639902823520367,0.7954339225233135,0.788144944895604,0.7712594219042503,0.7522555284073065,0.7622238205319821,0.7500896271969708,0.7990938926799842,0.7553449684081438,0.8149960339730031,0.7567321910831915,0.7527398650221728,0.7767648316350146,0.7922221045276593,0.808526710319145,0.7930750276327235,0.7718144276636105,0.8031671246531373,0.7978356629483281,0.8166769159378757,0.7819268640731272,0.7835310930645701,0.7842482045799196,0.8071134586822332,0.7492827646790249,0.7619336029248781,0.7582097119602038,0.7452349037004435,1.0,0.05429646888648221,0.8041918343680676,0.783301804719772,0.7449103940803483,0.7657307658191308,0.7984150386561022,0.6808659696346394,0.8105625409480309,0.7450800904162318,0.7905343954855765,0.8131423303455811,0.7518222805199994,0.7477984808261219,0.7462126533710618,0.797493003361142,0.7960796566890262,0.7395274402484546,0.7598072780996245
0.04891357064438673,0.04332774327537103,0.04899721406452051,0.04775088066530142,0.05774584587581211,0.04644850704112746,0.05220828227098606,0.04449500351499458,0.049779172848662845,0.04746516395049927,0.050867092555808124,0.04660677995647278,0.048927739207089926,0.05220631047713109,0.05208631993108492,0.05129769885010815,0.04660683110147901,0.05129039279154468,0.05232654658735747,0.052798122123933644,0.04966125316876313,0.052364033939758525,0.052433955800864185,0.043737924911806725,0.045172666104626225,0.049481936583925634,0.052026092121296386,0.044357346954675636,0.04573089515813422,0.04937328527664753,0.04951637635594108,0.05429646888648221,1.0,0.052163776607847545,0.04505484087466527,0.05252876908539783,0.05146188487447367,0.05033971761801259,0.052140710442783456,0.054016197431769886,0.04971307996461849,0.05234477783113789,0.05020791789209955,0.042324070782063905,0.04397005474500204,0.04986561338530182,0.05015454548408915,0.050030421512562206,0.05121925339182909,0.045081645645976276
0.7751343491525445,0.8005565041828626,0.7634703186333971,0.7578373137655212,0.7826528391934494,0.7983714897196708,0.7934927582764678,0.7499233648004772,0.7660226940757173,0.7565107294582519,0.8136601485291892,0.7564229666269496,0.8263190929235019,0.758820614802038,0.7474021575021472,0.7879430702474435,0.7802358945506639,0.8278673098900677,0.799638119425067,0.7925195101332287,0.828035088069159,0.837144079362715,0.86470670626664,0.7713188190937281,0.758509253695606,0.7689316337445355,0.8142523323719917,0.7475857581384381,0.7728503463227505,0.7729159805612308,0.7451347854052675,0.8041918343680676,0.052163776607847545,1.0,0.8004849049891483,0.7713719010793205,0.7830707921144209,0.8022124880133851,0.7024742420244292,0.8240376769411573,0.7452750597143367,0.8048587780494986,0.8319767759386822,0.7532184932562913,0.7500002293702741,0.7596413407954313,0.8099275355439194,0.8101883550487566,0.7530957322529968,0.7762536303685645
0.7706095739232203,0.8241711541240583,0.7416464138310543,0.7513528950388846,0.7768884315622305,0.8144489391109793,0.7798001234658922,0.7478986793891647,0.7558981036644986,0.7501048166551306,0.7970707742047488,0.7541681256908465,0.7949717335921689,0.7560428696286563,0.7447844548809257,0.7784975029330785,0.7890466162772366,0.7991568111279499,0.7878112065361993,0.7797335820405626,0.7940907481976244,0.7805106470886065,0.7976535526063173,0.8030726268289106,0.791722154767547,0.7927327772850691,0.7984367702140582,0.7417534056346184,0.7669527049673276,0.7615994688790819,0.7375209495324659,0.783301804719772,0.04505484087466527,0.8004849049891483,1.0,0.7594981583380562,0.765926126303192,0.7856459188514353,0.6884630250011448,0.8045035004534763,0.7416427712903917,0.8053406943783475,0.8031645973297858,0.7451078388154864,0.741945943757702,0.7527194618228479,0.8101776440897559,0.8093257161443248,0.751567886535513,0.767627117751055
0.7729974359941667,0.767939240885092,0.753989775918751,0.7945112231892886,0.7429864150951692,0.7656486188766696,0.7657123229593246,0.788165019509447,0.7543981717890085,0.8039203225500611,0.7694995493260453,0.7894474738298669,0.7548104872589076,0.801941600295417,0.7881842206788047,0.7634439702621184,0.7558939275215029,0.7707453331245797,0.7531486625495121,0.7678718023250796,0.7694355189038857,0.7494327659996075,0.7696535109372055,0.7476238921914469,0.7380419601641701,0.7430965102830327,0.7586666687690825,0.7892289955864413,0.7749681039101308,0.7605230583755404,0.7802066194932,0.7449103940803483,0.05252876908539783,0.7713719010793205,0.7594981583380562,1.0,0.7542434243596369,0.7507787915657513,0.7311355360725249,0.7704669144008297,0.7878336521654575,0.7640246324655633,0.7678462389718803,0.7914292162234255,0.7933974995596126,0.7575532734642119,0.77003910463582,0.7695651047049974,0.8037701354652229,0.7712030346086713
0.7601774711658952,0.7709461221378714,0.745050088043403,0.7456305643885062,0.7579376711735633,0.7647120169577426,0.9155741721361041,0.7383046826902031,0.7587323989932829,0.7489019889152588,0.7732473686746338,0.7387958906646251,0.772032724965382,0.744235170326587,0.7401749007869634,0.8972219540797792,0.7537465140890475,0.7895208745495436,0.7667928313436907,0.9199627367203962,0.7881571422720772,0.7681662404736742,0.788199957649501,0.7520923561355584,0.7528183693803543,0.7624993417127197,0.7716762860070039,0.742330462705599,0.7630081094223687,0.7622808670572361,0.7326941435537643,0.7657307658191308,0.05146188487447367,0.7830707921144209,0.765926126303192,0.7542434243596369,1.0,0.7611127534261842,0.6748617095758638,0.7746027622004689,0.7372957885261975,0.7716003738179718,0.775509185618541,0.7437454635726969,0.7406109422099595,0.7520604594439858,0.7726587799750323,0.7718623708209111,0.7474295086082593,0.7595736634585285
0.7732353131762904,0.8048153726839155,0.7497248032415045,0.753650950743037,0.7829146168179497,0.7914546581379148,0.7697381575559512,0.7607437926950271,0.7547342939476946,0.7566242176789916,0.8101666215668747,0.7563803035970181,0.8105464129953137,0.7590332828222515,0.7458508512219189,0.7688501355967848,0.7651443824501762,0.8014182357544263,0.7838391888746806,0.770647318343138,0.8077287017416628,0.7886826472331538,0.8108547613116908,0.7595289193632178,0.7553961181282709,0.7694292227934763,0.8288457920328166,0.7561153380946879,0.7676225040858033,0.7633140346488205,0.7411065656734654,0.7984150386561022,0.05033971761801259,0.8022124880133851,0.7856459188514353,0.7507787915657513,0.7611127534261842,1.0,0.6836720171230428,0.8183309309739659,0.7489355714087176,0.8024509128891599,0.8445430949431303,0.7597126441727003,0.7540636242529748,0.7509271041591554,0.8065866024614845,0.8058571270875364,0.7579978428880919,0.7678695382954039
0.6857126699756151,0.6846875168015946,0.6671233282998432,0.7229136158355993,0.6715580015771436,0.692592621417204,0.6880638060541227,0.7173880716123286,0.6773415372584471,0.7194651028737309,0.6807622241159671,0.7177560211790025,0.6813381525984221,0.7210362896622476,0.710063774969324,0.6832728412844531,0.6868560929801666,0.6914251553331918,0.6775271663388329,0.6853378917138019,0.6868493500005608,0.675968954469074,0.6915198459152024,0.6759068666387558,0.6670817845098552,0.6751487094837079,0.6850046461404039,0.7120861690304388,0.6902089889663154,0.6769421357013855,0.710275995760101,0.6808659696346394,0.052140710442783456,0.7024742420244292,0.6884630250011448,0.7311355360725249,0.6748617095758638,0.6836720171230428,1.0,0.687530856352147,0.7192609278382621,0.6910425609718709,0.6927429781038887,0.7157165037652042,0.7178135217046222,0.6785037375564662,0.6873459496836012,0.688416494121302,0.7205273844589759,0.6849044875534489
