../ecoli_genomes/GCF_000163235.1_ASM16323v1_genomic.fna.gz,../ecoli_genomes/GCF_000164555.1_ASM16455v1_genomic.fna.gz,../ecoli_genomes/GCF_000208545.1_ASM20854v2_genomic.fna.gz,../ecoli_genomes/GCF_000233875.1_ASM23387v1_genomic.fna.gz,../ecoli_genomes/GCF_000249735.1_ASM24973v2_genomic.fna.gz,../ecoli_genomes/GCF_000261145.1_Esch_coli_M919_V2_genomic.fna.gz,../ecoli_genomes/GCF_000267705.2_ASM26770v2_genomic.fna.gz,../ecoli_genomes/GCF_000350665.1_Esch_coli_KTE5_V1_genomic.fna.gz,../ecoli_genomes/GCF_000351625.1_Esch_coli_KTE66_V1_genomic.fna.gz,../ecoli_genomes/GCF_000352285.1_Esch_coli_KTE46_V1_genomic.fna.gz,../ecoli_genomes/GCF_000358895.1_ASM35889v1_genomic.fna.gz,../ecoli_genomes/GCF_000456385.1_Esch_coli_HVH_26_4-5703913_V1_genomic.fna.gz,../ecoli_genomes/GCF_000458195.1_Esch_coli_HVH_147_4-5893887_V1_genomic.fna.gz,../ecoli_genomes/GCF_000459755.1_Esch_coli_KOEGE_58_171a_V1_genomic.fna.gz,../ecoli_genomes/GCF_000460055.1_Esch_coli_UMEA_3053-1_V1_genomic.fna.gz,../ecoli_genomes/GCF_000462165.2_ASM46216v2_genomic.fna.gz,../ecoli_genomes/GCF_000601135.1_ASM60113v1_genomic.fna.gz,../ecoli_genomes/GCF_000614595.1_Ec2010EL1058_genomic.fna.gz,../ecoli_genomes/GCF_000617745.1_Ec2010C-4529_genomic.fna.gz,../ecoli_genomes/GCF_000618265.2_EcF6751_genomic.fna.gz,../ecoli_genomes/GCF_000619005.2_Ec2009C-4052_genomic.fna.gz,../ecoli_genomes/GCF_000619105.1_Ec2009C-4780_genomic.fna.gz,../ecoli_genomes/GCF_000619765.2_Ec2009C-3279_genomic.fna.gz,../ecoli_genomes/GCF_000687005.1_ASM68700v1_genomic.fna.gz,../ecoli_genomes/GCF_000687025.1_ASM68702v1_genomic.fna.gz,../ecoli_genomes/GCF_000700125.1_ASM70012v1_genomic.fna.gz,../ecoli_genomes/GCF_000753315.1_FHI35_genomic.fna.gz,../ecoli_genomes/GCF_000776375.1_ASM77637v1_genomic.fna.gz,../ecoli_genomes/GCF_000779395.1_ASM77939v1_genomic.fna.gz,../ecoli_genomes/GCF_000780315.1_ASM78031v1_genomic.fna.gz,../ecoli_genomes/GCF_000781995.1_ASM78199v1_genomic.fna.gz,../ecoli_genomes/GCF_000986765.1_ASM98676v1_genomic.fna.gz,../ecoli_genomes/GCF_001041375.1_ViralProj287958_genomic.fna.gz,../ecoli_genomes/GCF_001265335.1_302014_genomic.fna.gz,../ecoli_genomes/GCF_001265625.1_100854_genomic.fna.gz,../ecoli_genomes/GCF_001267345.1_303289_genomic.fna.gz,../ecoli_genomes/GCF_001309985.1_ASM130998v1_genomic.fna.gz,../ecoli_genomes/GCF_001521695.1_ASM152169v1_genomic.fna.gz,../ecoli_genomes/GCF_001592595.1_ASM159259v1_genomic.fna.gz,../ecoli_genomes/GCF_001614975.1_ASM161497v1_genomic.fna.gz,../ecoli_genomes/GCF_001692775.1_ASM169277v1_genomic.fna.gz,../ecoli_genomes/GCF_001748915.1_ASM174891v1_genomic.fna.gz,../ecoli_genomes/GCF_001749235.1_ASM174923v1_genomic.fna.gz,../ecoli_genomes/GCF_001881155.1_ASM188115v1_genomic.fna.gz,../ecoli_genomes/GCF_001881345.1_ASM188134v1_genomic.fna.gz,../ecoli_genomes/GCF_001892405.1_ASM189240v1_genomic.fna.gz,../ecoli_genomes/GCF_001892585.1_ASM189258v1_genomic.fna.gz,../ecoli_genomes/GCF_001893985.1_ASM189398v1_genomic.fna.gz,../ecoli_genomes/GCF_002001595.1_ASM200159v1_genomic.fna.gz,../ecoli_genomes/GCF_002002145.1_ASM200214v1_genomic.fna.gz
1.0,0.7718372225470101,0.7671469628322583,0.7678895738960256,0.7396380296509706,0.7720889136105532,0.7608693250999023,0.7698435053922075,0.7997235146160074,0.7679668208954816,0.7746476472001049,0.7666993127295259,0.7744376853181694,0.7618117778694766,0.7549538704467368,0.7576062552884432,0.7122702021239999,0.7652215467271879,0.7414373681129766,0.7622315498901759,0.7576827034722262,0.7526533893211347,0.7686068073623855,0.7410121761277871,0.7161132060056628,0.6672188305615475,0.7704483489807771,0.7659994431477698,0.7821961540251107,0.8038491516286247,0.7544559445531623,0.7649985060907312,0.048250507713319624,0.7633078402803806,0.7582629626344475,0.7576887172684761,0.7396236898755809,0.7661580681566333,0.6497558277590552,0.7715438724898549,0.7551559385257809,0.770086673492862,0.7760882622585149,0.7725258234430094,0.7725642834666229,0.7696687828905573,0.7694695947816667,0.7702351503118253,0.7658135241497457,0.7862254448987894
0.7718372225470101,1.0,0.758231585470236,0.7521118249547959,0.7580100594376789,0.8300839276930481,0.7657547303408136,0.7597554398290034,0.77385527644006,0.7602736046919999,0.7956577906194965,0.7614162203061918,0.7929634108218704,0.7536795081195453,0.7441168831562205,0.7666511641189747,0.7288550015898114,0.797336360127508,0.7672607023949,0.7697000759444832,0.7847546012849801,0.7814044115986105,0.7944277824419776,0.7893061220303447,0.7509285323843244,0.6805691343935582,0.7976955140310497,0.7621872514282283,0.7665904296546093,0.761047151128877,0.7466264215458283,0.7833053904520482,0.056642272612122735,0.7960417477356728,0.8168284992687934,0.7508156099197529,0.7521357719395566,0.7840072970825465,0.6243054357629718,0.7868399491710565,0.7456937228388796,0.8058954787191863,0.7965645896880116,0.7701687253716814,0.76782196442421,0.7550693771847299,0.7983506273616265,0.7977247335881862,0.7644840698337374,0.7636793628098487
0.7671469628322583,0.758231585470236,1.0,0.7334404773930625,0.7179414144754146,0.7506670821502478,0.7483384122008239,0.7377456831700229,0.766271026434523,0.7415666191857455,0.7544875484917934,0.7379309444870084,0.7459245071303019,0.7377926637843696,0.731510094013191,0.7453964426975375,0.6834968443834752,0.7516228930911343,0.7161766861027932,0.7515395708226662,0.7525330729013648,0.7390481754651327,0.7523350474268536,0.7232808122923702,0.6907343633900731,0.6467537369751897,0.750536946263975,0.7406146814417905,0.7487140308302674,0.7654832263133048,0.7364996264481534,0.7437457465748973,0.05472245967201639,0.7502591635179666,0.7400827629003057,0.7446540252646712,0.7297252296708931,0.7393000994206458,0.6253208663748169,0.7493878101726497,0.7318493125598333,0.7456846431129365,0.7577138324735188,0.7464492577129143,0.7410530444822232,0.742251348584498,0.7466012935073709,0.746467052382209,0.7530078758704333,0.7562920690491153
0.7678895738960256,0.7521118249547959,0.7334404773930625,1.0,0.7349401549372636,0.7515583435737939,0.7394833639016671,0.8245462725807631,0.7619452314567094,0.832859073392983,0.7483572860500363,0.8220366555714556,0.7600355464150693,0.845160736295748,0.8518581993296741,0.7386337493423363,0.6928209555548194,0.7478881848700528,0.7271751274481771,0.7410738839778901,0.7511760927018774,0.7382326445810595,0.7516240718284974,0.7208628157273902,0.6969959603961124,0.6493618342910497,0.7538345550706766,0.8321042828213401,0.7595049259165756,0.7570919478824454,0.8242290156024246,0.7569647319121462,0.05248236216577706,0.7455470008519886,0.7339567191347582,0.7924597604217257,0.7239316831873767,0.7445934579706286,0.6648202777492462,0.7458341442414338,0.8346954310717412,0.7470966266219232,0.7543197289933725,0.8368195576708761,0.8319883966120911,0.7550035925800761,0.7452019375277393,0.7450832598672945,0.8020658937896705,0.7602336627048608
0.7396380296509706,0.7580100594376789,0.7179414144754146,0.7349401549372636,1.0,0.7739142978245381,0.7350909865183097,0.7386420921647341,0.7437498080423954,0.7453980266606481,0.7864701900825708,0.7328339040473462,0.7952290754158637,0.7236110464594079,0.7359978723329657,0.7521312203692895,0.7189607757519945,0.7606297091119892,0.7389339811823215,0.7371600960144254,0.7620568274232136,0.7517418773507667,0.7673010011186581,0.7486959673323208,0.7200641378591282,0.6801560419053188,0.7724291177908702,0.7244416997840037,0.7356808370654824,0.7361308232616697,0.7291674492132303,0.7789092026066693,0.04989794010343618,0.7687947261286944,0.7547580311012988,0.7199878326013781,0.7322657852524751,0.7768854177487303,0.6330710442104385,0.7761522103460615,0.7369232875035413,0.771664387286436,0.7805866362433742,0.7338008933637914,0.7339372266463804,0.7202332378031313,0.7686726071850767,0.7687487114494832,0.7228332834596533,0.7357124306149723
0.7720889136105532,0.8300839276930481,0.7506670821502478,0.7515583435737939,0.7739142978245381,1.0,0.7697263549357849,0.7620929788153061,0.764715881411151,0.7565718626556979,0.794756286402706,0.7558905021881234,0.7892993514701051,0.7470035148758586,0.7424144485847175,0.7697201754164292,0.7372716930584324,0.7973074595545678,0.7609103215653955,0.7705906913530418,0.7853319993760229,0.7778166477261153,0.7943614766943145,0.7836201832466761,0.7568937973950008,0.6939120675416636,0.7899253214465795,0.7574303743332966,0.7647860948907494,0.7624709088712961,0.7474563824271518,0.7840524820664169,0.05142964544580053,0.7970806040662626,0.8170172834573242,0.7585345618836594,0.7559866067890967,0.79217442747489,0.6435947847855783,0.789481166105988,0.7490860922403064,0.8164257415168671,0.7975644548976367,0.7676839249802616,0.7640569119882441,0.7520312224464208,0.8043365402480005,0.8052308021516874,0.7594964363259392,0.7666471989662714
0.7608693250999023,0.7657547303408136,0.7483384122008239,0.7394833639016671,0.7350909865183097,0.7697263549357849,1.0,0.7419662130029128,0.7584723149562688,0.7415101087566408,0.7671410992615748,0.7397097891303266,0.7700555162459478,0.7365958953113254,0.7327460141958477,0.8937518724731032,0.6913034342391565,0.7964809908479901,0.7612353154527615,0.941574267088459,0.7954615606344821,0.7760777305630613,0.7949680800123591,0.7298408860506037,0.7032611289747246,0.6503998418995773,0.7804435068066424,0.7395654103480915,0.7521128397030808,0.7601137172508514,0.7292827939130554,0.7595937142721486,0.04898730544368324,0.7762007290976808,0.7642456753083309,0.7498192462512308,0.9033917744481823,0.7539450977380673,0.6268035195886148,0.7694165612535395,0.7317357940279952,0.7694359662466078,0.7775891398608966,0.7480850423423011,0.7458335053374603,0.7441155349482143,0.7622213079648477,0.7614461618101862,0.7500704674333056,0.7598350104411942
0.7698435053922075,0.7597554398290034,0.7377456831700229,0.8245462725807631,0.7386420921647341,0.7620929788153061,0.7419662130029128,1.0,0.7627179144812081,0.8247988485852624,0.7559091105516386,0.8171284441918372,0.7619749961592416,0.8148677703584675,0.8164425577356331,0.7385325314883588,0.7037494412469316,0.7518427087553436,0.7343314426367212,0.7421620151951629,0.7524074280355056,0.7422938188731818,0.7523378456320695,0.7351001086003284,0.704246423421222,0.6648043639157917,0.7573490747191838,0.8734569602494224,0.7639466369859549,0.7560374038696926,0.8107799065791872,0.7560319161056728,0.05185841927782031,0.7543125091844942,0.7455656477252974,0.7958119287323804,0.7236979788359638,0.7624253382974122,0.6800584728992435,0.7572762463805134,0.8134868641977039,0.7538334199405403,0.7602518480376907,0.8809840498770504,0.8687941842998596,0.7583830984580271,0.7519063844647182,0.7521300443149863,0.8023949402325296,0.7640837761099345
0.7997235146160074,0.77385527644006,0.766271026434523,0.7619452314567094,0.7437498080423954,0.764715881411151,0.7584723149562688,0.7627179144812081,1.0,0.7710941814443755,0.7723749439423409,0.7554393445184082,0.7719775928412069,0.7591833624960433,0.758265297370655,0.7608599781827969,0.6951373319093674,0.7644995553777488,0.7391777286977463,0.7613756445688074,0.7567261035601335,0.762233120329794,0.7707468658591321,0.7332167359219814,0.7022989786401395,0.646345421930774,0.7697473351741513,0.7545700891501987,0.773060827597257,0.8053272058071834,0.7541821953451675,0.760795708071688,0.051218644843948447,0.7618884465522855,0.7471357945518535,0.7618081553938546,0.7455082890680851,0.7560714787500527,0.6282802662249098,0.7654562478768374,0.7538685405116278,0.7639866956889632,0.77558100598625,0.7614730128707188,0.7591745732760513,0.7659248465800421,0.7549343169054197,0.7552661972421489,0.7595693774288019,0.7814446673270387
0.7679668208954816,0.7602736046919999,0.7415666191857455,0.832859073392983,0.7453980266606481,0.7565718626556979,0.7415101087566408,0.8247988485852624,0.7710941814443755,1.0,0.7585519706781194,0.816164104263366,0.7661519578110199,0.820780744507772,0.8247579217731738,0.7426510780956235,0.6872190567295492,0.7480170273284277,0.7306728939628226,0.7432861622693325,0.7489543300373767,0.7379872561953846,0.7457871150475754,0.7236528982508896,0.6955299748533191,0.6480885477276066,0.7549483263790407,0.8190781561955458,0.7712721482417603,0.764629605127389,0.8312838305397844,0.749007959406524,0.051456814938668716,0.7461462825741652,0.7411578234573915,0.8052135783218726,0.7268003485253652,0.7481624910659775,0.6686510270426471,0.7525427206755555,0.8338098600759772,0.7522413784559419,0.7566334456129674,0.826707388420068,0.8232430966056352,0.7588898805963742,0.7514587439332959,0.7502848976731229,0.8119396933829116,0.7689013081857403
0.7746476472001049,0.7956577906194965,0.7544875484917934,0.7483572860500363,0.7864701900825708,0.794756286402706,0.7671410992615748,0.7559091105516386,0.7723749439423409,0.7585519706781194,1.0,0.7505660972000068,0.8337753504746948,0.750080188573411,0.7418127910995627,0.7678968178201543,0.7122527848541169,0.8139596929899465,0.7782162868701858,0.7690187700304584,0.8096260947545226,0.8078940046805636,0.8172671151734018,0.7650987667816392,0.7160557732854249,0.673782772565185,0.8289927940555396,0.756370729163791,0.7636841010931419,0.7742560458433809,0.7474258526567001,0.7954362690932926,0.05305180556762068,0.8062458707466418,0.7862371680236839,0.7530938476171639,0.7511276605851538,0.8028208158662782,0.6275254959714055,0.8267371760742801,0.7486284035218307,0.8029856300317106,0.8333613086096548,0.7600803605612626,0.7560528482826578,0.7450111792090754,0.7903486821346561,0.7895457855192413,0.7564487931707803,0.7632937484031012
0.7666993127295259,0.7614162203061918,0.7379309444870084,0.8220366555714556,0.7328339040473462,0.7558905021881234,0.7397097891303266,0.8171284441918372,0.7554393445184082,0.816164104263366,0.7505660972000068,1.0,0.7516265145665931,0.8192314157788669,0.8373995676309345,0.7383218260010855,0.7159289483535891,0.7465125009859055,0.7333759541767887,0.7409883995120561,0.7556263425495272,0.7397546059092306,0.7488246498128805,0.7488966195433673,0.7186150407662921,0.6816284107624673,0.7502056735048143,0.8177250617518383,0.7598889134550472,0.757140506874077,0.8024673454029154,0.7528374451705889,0.05337697342807701,0.7546003262515258,0.7519366031263846,0.7902396235420246,0.7234340861078187,0.7535910476887716,0.7063839649835011,0.7572026635474493,0.8075741102923796,0.7498780389391443,0.7568304879865215,0.8281242030377217,0.8278041814154974,0.759632944123625,0.757539663812225,0.7572636293616313,0.8027930988092555,0.7559908137406222
0.7744376853181694,0.7929634108218704,0.7459245071303019,0.7600355464150693,0.7952290754158637,0.7892993514701051,0.7700555162459478,0.7619749961592416,0.7719775928412069,0.7661519578110199,0.8337753504746948,0.7516265145665931,1.0,0.7502897905411624,0.7522750712118673,0.7778930430648978,0.7121368295299316,0.8158741034239283,0.7998314181962647,0.7728382470209957,0.8113402417732806,0.8260422511256229,0.8334740136769083,0.7623606855732615,0.7145953994310434,0.6731192245627196,0.8331189137672239,0.760540988370925,0.7630983225406068,0.7751374156127724,0.748866925745914,0.813543109629834,0.04968763450542535,0.8252046884663649,0.7838724075480108,0.7457048314964749,0.7611388456701312,0.8110833570903391,0.6179878432487048,0.8253824315180974,0.7536294532933628,0.8057720233376219,0.8348573816508513,0.7602368328968518,0.7570287512030346,0.7408233251165462,0.7929643820373489,0.7926198279104046,0.7530923601783963,0.7672230141184487
0.7618117778694766,0.7536795081195453,0.7377926637843696,0.845160736295748,0.7236110464594079,0.7470035148758586,0.7365958953113254,0.8148677703584675,0.7591833624960433,0.820780744507772,0.750080188573411,0.8192314157788669,0.7502897905411624,1.0,0.8474075158594868,0.731728505470626,0.6854941992170407,0.7465617694218883,0.731312941918439,0.7388768679674893,0.7480351265763375,0.7391531021204147,0.7478516525751042,0.716989517708122,0.6858774819266495,0.6421015097208751,0.7529223156097722,0.8254328194073534,0.7592269345408149,0.7523860488355807,0.8196905055696544,0.744372053750527,0.05001880758090527,0.7456532843915238,0.7320561506103883,0.7897140636983129,0.7191590680182934,0.7427120500353075,0.659682230043547,0.7409242377811042,0.8238006095648219,0.7432527758639299,0.7514466380883871,0.830129001369064,0.8258765778317487,0.7555479729865571,0.7404452130424304,0.7403660108036652,0.7986798099809977,0.7602880699992818
0.7549538704467368,0.7441168831562205,0.731510094013191,0.8518581993296741,0.7359978723329657,0.7424144485847175,0.7327460141958477,0.8164425577356331,0.758265297370655,0.8247579217731738,0.7418127910995627,0.8373995676309345,0.7522750712118673,0.8474075158594868,1.0,0.7311829857958856,0.6882941204535247,0.7414508558071593,0.7233312294444594,0.7341345092958944,0.7439872424122898,0.7302767626046744,0.7386559632466494,0.7196463701827835,0.6888430565124455,0.6489707479859975,0.7462491604251089,0.8169511683169174,0.7542635041664438,0.7497491788970376,0.8247790199569888,0.747228182297951,0.047705382483549164,0.7393426669517336,0.7293665755737944,0.7896200809878366,0.7181933829340365,0.738455169684144,0.6655912002215658,0.7386360322087692,0.8297972887442058,0.7435330687655272,0.7496309069839754,0.8186076487638425,0.8137875170388595,0.7497015320899392,0.7460802840248344,0.7450741911158335,0.7930852561366143,0.7578465046744371
0.7576062552884432,0.7666511641189747,0.7453964426975375,0.7386337493423363,0.7521312203692895,0.7697201754164292,0.8937518724731032,0.7385325314883588,0.7608599781827969,0.7426510780956235,0.7678968178201543,0.7383218260010855,0.7778930430648978,0.731728505470626,0.7311829857958856,1.0,0.696198607820633,0.7848518139998601,0.7568681535888604,0.9006624677791483,0.7822297333649856,0.7729164332834543,0.7888439098755244,0.733796145725994,0.7113230850276532,0.6646594536165524,0.773355921791957,0.7313652435511222,0.7513413720170135,0.7658753541236143,0.7282900407055202,0.7646388985907548,0.04896882029862193,0.7749784524067037,0.7662805322509153,0.7394405483175339,0.8862946870336811,0.7527542042384152,0.620060205658362,0.7667449793901999,0.7311341602909821,0.7643796374931312,0.7767082343677365,0.7400387186984247,0.7391746069907894,0.7422314734077895,0.7609022374373445,0.759755978745792,0.7451600522054622,0.7586164049509015
0.7122702021239999,0.7288550015898114,0.6834968443834752,0.6928209555548194,0.7189607757519945,0.7372716930584324,0.6913034342391565,0.7037494412469316,0.6951373319093674,0.6872190567295492,0.7122527848541169,0.7159289483535891,0.7121368295299316,0.6854941992170407,0.6882941204535247,0.696198607820633,1.0,0.7105783219559823,0.6899772764262501,0.690553137067948,0.7095675858412037,0.7033627943471814,0.7149163405893741,0.8016602639480547,0.8081468340292602,0.8025665192478337,0.7083827783993166,0.6931044394143393,0.7033754649700202,0.6878523288606736,0.6845261490243719,0.7525118555034824,0.04303907739546753,0.7230477675260678,0.7575356711469857,0.682911922169636,0.6841568955173837,0.7386986641907319,0.7102262403844891,0.7386305787723146,0.6873459721063406,0.7230376481981673,0.7137114842208525,0.7127384214335115,0.7125028361859598,0.6885831630877468,0.7698289868264628,0.7727905850931375,0.6857200320676369,0.697201701887149
0.7652215467271879,0.797336360127508,0.7516228930911343,0.7478881848700528,0.7606297091119892,0.7973074595545678,0.7964809908479901,0.7518427087553436,0.7644995553777488,0.7480170273284277,0.8139596929899465,0.7465125009859055,0.8158741034239283,0.7465617694218883,0.7414508558071593,0.7848518139998601,0.7105783219559823,1.0,0.8072489835162766,0.7966628608215642,0.8308423518978889,0.8218971426577674,0.839241787803028,0.7547271564917469,0.7201570353688633,0.6694430689459886,0.8187928085012344,0.7526020555045065,0.7583823691880034,0.7620786651492062,0.7452871666849852,0.8024241113834248,0.04900248852497868,0.8129696266316304,0.7864958860659839,0.7560800896217055,0.7805556871024406,0.7937757618953571,0.6277647781740749,0.8139497792835189,0.7425070741681167,0.8018137982873266,0.8185572104087222,0.7554935916397559,0.7523518778055591,0.7436617232702025,0.7883067827902456,0.7879062622820145,0.7483141052509742,0.7585026951172823
0.7414373681129766,0.7672607023949,0.7161766861027932,0.7271751274481771,0.7389339811823215,0.7609103215653955,0.7612353154527615,0.7343314426367212,0.7391777286977463,0.7306728939628226,0.7782162868701858,0.7333759541767887,0.7998314181962647,0.731312941918439,0.7233312294444594,0.7568681535888604,0.6899772764262501,0.8072489835162766,1.0,0.7628729416179323,0.7959282857354968,0.811740920940666,0.8046912279660894,0.7257245803477186,0.7018937900428621,0.6518201057254793,0.7833901689627081,0.733988297803982,0.7340286837767668,0.734949703716251,0.7217721250543991,0.7824025242224653,0.04962454354840262,0.7898307577226199,0.7604491833601463,0.7359494292141382,0.747454786567936,0.7633633787780177,0.6165524467699881,0.7836010957051575,0.7243181982924236,0.7719376374573443,0.7842504387212058,0.7354324854108597,0.7340274914856308,0.7224933417545862,0.7566679484372902,0.7590423295380713,0.7295952780918904,0.7370950997872212
0.7622315498901759,0.7697000759444832,0.7515395708226662,0.7410738839778901,0.7371600960144254,0.7705906913530418,0.941574267088459,0.7421620151951629,0.7613756445688074,0.7432861622693325,0.7690187700304584,0.7409883995120561,0.7728382470209957,0.7388768679674893,0.7341345092958944,0.9006624677791483,0.690553137067948,0.7966628608215642,0.7628729416179323,1.0,0.7953571692277366,0.7801019921933252,0.7987276380957012,0.7289729025969185,0.7036419176430293,0.6504022935284877,0.7822954553138475,0.741500856556293,0.7551864547955595,0.7651811600093358,0.731584073351031,0.7612895264116614,0.0497169355243694,0.7809091315478941,0.7657435579303882,0.751053852724313,0.9012806794362471,0.7559966821160555,0.6233440153916983,0.7733104967524375,0.7328590766026049,0.7708900847413243,0.7818340868025287,0.7481059479881176,0.7459574157279827,0.7455889845996904,0.7637302004842397,0.7628950005571067,0.7539735726851303,0.7616558993575212
0.7576827034722262,0.7847546012849801,0.7525330729013648,0.7511760927018774,0.7620568274232136,0.7853319993760229,0.7954615606344821,0.7524074280355056,0.7567261035601335,0.7489543300373767,0.8096260947545226,0.7556263425495272,0.8113402417732806,0.7480351265763375,0.7439872424122898,0.7822297333649856,0.7095675858412037,0.8308423518978889,0.7959282857354968,0.7953571692277366,1.0,0.8188962009362586,0.8408396037861295,0.7499667153732558,0.7164946458195467,0.6654257691383887,0.8265525099614945,0.7531428007456413,0.7528372648681727,0.7596414021694827,0.7439682216401139,0.7978732620365483,0.05573475883740797,0.8162811244612868,0.7775714833227656,0.7539208237605023,0.7781823713703782,0.7925289739680008,0.630178192808782,0.8126562350572464,0.7459105254924363,0.7939045968944428,0.8190389900146634,0.7588770610289775,0.7583504771797255,0.7481188438122446,0.7871443138302923,0.7866819117149445,0.7544639934432498,0.7567679799558528
0.7526533893211347,0.7814044115986105,0.7390481754651327,0.7382326445810595,0.7517418773507667,0.7778166477261153,0.7760777305630613,0.7422938188731818,0.762233120329794,0.7379872561953846,0.8078940046805636,0.7397546059092306,0.8260422511256229,0.7391531021204147,0.7302767626046744,0.7729164332834543,0.7033627943471814,0.8218971426577674,0.811740920940666,0.7801019921933252,0.8188962009362586,1.0,0.8814098652659621,0.7448492913232297,0.7101596018122824,0.663216761555573,0.8134637718290818,0.7433162623023504,0.7472379368558536,0.7550615452491223,0.7287993766827965,0.7902623567314736,0.05109322603749544,0.8504337055700096,0.7748458508878168,0.7396762875864619,0.761241972526134,0.7932169825213644,0.6224387995489821,0.8152656144087711,0.7282971833026572,0.789194815222889,0.820058841535668,0.7485659975617891,0.7440966372057083,0.7353210544769344,0.7764752483035845,0.7764621939107358,0.7454437601424799,0.7538930286708236
0.7686068073623855,0.7944277824419776,0.7523350474268536,0.7516240718284974,0.7673010011186581,0.7943614766943145,0.7949680800123591,0.7523378456320695,0.7707468658591321,0.7457871150475754,0.8172671151734018,0.7488246498128805,0.8334740136769083,0.7478516525751042,0.7386559632466494,0.7888439098755244,0.7149163405893741,0.839241787803028,0.8046912279660894,0.7987276380957012,0.8408396037861295,0.8814098652659621,1.0,0.7541424761029829,0.721346480110125,0.667475328411401,0.8332464018556793,0.7531138754713598,0.7596590755591658,0.7625304284604031,0.7389544488201147,0.8083968378992794,0.05167870737944946,0.8613213275000298,0.784381254559304,0.7536567101192323,0.780269062746827,0.804175566191417,0.6265604237549689,0.8198832540870727,0.7413932260171492,0.802313789337485,0.8320170598803963,0.7580968735124807,0.75535726088294,0.7470668679047682,0.7864015878176962,0.7872053549202093,0.7564393428763114,0.7606547274497569
0.7410121761277871,0.7893061220303447,0.7232808122923702,0.7208628157273902,0.7486959673323208,0.7836201832466761,0.7298408860506037,0.7351001086003284,0.7332167359219814,0.7236528982508896,0.7650987667816392,0.7488966195433673,0.7623606855732615,0.716989517708122,0.7196463701827835,0.733796145725994,0.8016602639480547,0.7547271564917469,0.7257245803477186,0.7289729025969185,0.7499667153732558,0.7448492913232297,0.7541424761029829,1.0,0.8074661566376431,0.770315991003728,0.7557257393488945,0.7240952731829103,0.7298739602396973,0.7296451002108045,0.7159619307427934,0.7686427000515643,0.04650722893416892,0.7599114628937338,0.8117948955204548,0.7189400726065414,0.7217142974911255,0.771960165567828,0.6824771557802265,0.7754476084576429,0.7193787411139951,0.7703648089988432,0.7576991018352862,0.7362874213588111,0.7348843752858434,0.7183318575662005,0.7981661628743855,0.7974931061736288,0.7233542924538935,0.7302494448462473
0.7161132060056628,0.7509285323843244,0.6907343633900731,0.6969959603961124,0.7200641378591282,0.7568937973950008,0.7032611289747246,0.704246423421222,0.7022989786401395,0.6955299748533191,0.7160557732854249,0.7186150407662921,0.7145953994310434,0.6858774819266495,0.6888430565124455,0.7113230850276532,0.8081468340292602,0.7201570353688633,0.7018937900428621,0.7036419176430293,0.7164946458195467,0.7101596018122824,0.721346480110125,0.8074661566376431,1.0,0.785296621506062,0.715177462532242,0.6931153788364152,0.7017706360779561,0.6943333855117235,0.6894124875673459,0.7551870649645577,0.04441363862268377,0.7280773203915547,0.7829452760889644,0.6908714158536564,0.6979652239413603,0.7502335975488922,0.7027990535832951,0.7451849060129665,0.6921299668196649,0.7326729055541581,0.7244894470734008,0.7140420515012951,0.7153070999729307,0.6916433531506654,0.7715310427562847,0.7738634879324233,0.6960256316271434,0.698110792479107
0.6672188305615475,0.6805691343935582,0.6467537369751897,0.6493618342910497,0.6801560419053188,0.6939120675416636,0.6503998418995773,0.6648043639157917,0.646345421930774,0.6480885477276066,0.673782772565185,0.6816284107624673,0.6731192245627196,0.6421015097208751,0.6489707479859975,0.6646594536165524,0.8025665192478337,0.6694430689459886,0.6518201057254793,0.6504022935284877,0.6654257691383887,0.663216761555573,0.667475328411401,0.770315991003728,0.785296621506062,1.0,0.6686284707031322,0.6510344384696198,0.657140957201755,0.650522943705961,0.6492946053735411,0.7045488113427798,0.04558427632495432,0.6783057601409415,0.7211847949197729,0.6457855879242831,0.6479595646455951,0.7072807696102703,0.710863317075126,0.7045032698558473,0.6476817529572418,0.6813545521419865,0.6748710035730162,0.6722342533548333,0.6705487793675453,0.6497686251339703,0.7296745701839735,0.7320318018936887,0.6497429164783928,0.6527963050525335
0.7704483489807771,0.7976955140310497,0.750536946263975,0.7538345550706766,0.7724291177908702,0.7899253214465795,0.7804435068066424,0.7573490747191838,0.7697473351741513,0.7549483263790407,0.8289927940555396,0.7502056735048143,0.8331189137672239,0.7529223156097722,0.7462491604251089,0.773355921791957,0.7083827783993166,0.8187928085012344,0.7833901689627081,0.7822954553138475,0.8265525099614945,0.8134637718290818,0.8332464018556793,0.7557257393488945,0.715177462532242,0.6686284707031322,1.0,0.7560120673985606,0.7643645497074931,0.7689757783005999,0.7468830558915427,0.8029633008948293,0.048606907874855,0.8173950074693079,0.7873455491396488,0.7516555538465526,0.7645458226521762,0.827278299015761,0.6239504121597749,0.8266225166669411,0.7503292426000905,0.8024340956862129,0.8587865795280041,0.7635712074945968,0.7593723195975263,0.755621048549915,0.7881838680475304,0.788695678638324,0.756306383132166,0.7636905049459679
0.7659994431477698,0.7621872514282283,0.7406146814417905,0.8321042828213401,0.7244416997840037,0.7574303743332966,0.7395654103480915,0.8734569602494224,0.7545700891501987,0.8190781561955458,0.756370729163791,0.8177250617518383,0.760540988370925,0.8254328194073534,0.8169511683169174,0.7313652435511222,0.6931044394143393,0.7526020555045065,0.733988297803982,0.741500856556293,0.7531428007456413,0.7433162623023504,0.7531138754713598,0.7240952731829103,0.6931153788364152,0.6510344384696198,0.7560120673985606,1.0,0.7634878936524884,0.751301187807863,0.8087092124849774,0.7526222161334164,0.05062525241994631,0.7518276182259575,0.741754871493148,0.7974923267409125,0.720098584526422,0.7531683331624277,0.6686022185545415,0.7538330247504859,0.8094989063981134,0.7527690273207251,0.757776696122153,0.9147740942710407,0.8994044496510006,0.7553699224740631,0.7517528130902662,0.7515934687535576,0.8087377976578236,0.7586976313604481
0.7821961540251107,0.7665904296546093,0.7487140308302674,0.7595049259165756,0.7356808370654824,0.7647860948907494,0.7521128397030808,0.7639466369859549,0.773060827597257,0.7712721482417603,0.7636841010931419,0.7598889134550472,0.7630983225406068,0.7592269345408149,0.7542635041664438,0.7513413720170135,0.7033754649700202,0.7583823691880034,0.7340286837767668,0.7551864547955595,0.7528372648681727,0.7472379368558536,0.7596590755591658,0.7298739602396973,0.7017706360779561,0.657140957201755,0.7643645497074931,0.7634878936524884,1.0,0.7717074603083804,0.7553579676397473,0.7566001983122799,0.047950034419391274,0.7572832665054977,0.753456607175607,0.7637039793204526,0.7360259531871024,0.7488009527676137,0.6352293113038883,0.7573834224184379,0.747438180257078,0.7569453407549965,0.7661584806232556,0.7668391949478722,0.7634731815875498,0.7805198751310787,0.75329278431933,0.7525238888375383,0.7599896874648426,0.8497608064109835
0.8038491516286247,0.761047151128877,0.7654832263133048,0.7570919478824454,0.7361308232616697,0.7624709088712961,0.7601137172508514,0.7560374038696926,0.8053272058071834,0.764629605127389,0.7742560458433809,0.757140506874077,0.7751374156127724,0.7523860488355807,0.7497491788970376,0.7658753541236143,0.6878523288606736,0.7620786651492062,0.734949703716251,0.7651811600093358,0.7596414021694827,0.7550615452491223,0.7625304284604031,0.7296451002108045,0.6943333855117235,0.650522943705961,0.7689757783005999,0.751301187807863,0.7717074603083804,1.0,0.7506953393590652,0.7553913366603401,0.049434397355385906,0.75701136356516,0.7506266666239128,0.7572413990096324,0.7467924111337753,0.7548562331725811,0.6284053175607736,0.7703563475859149,0.7517706651092396,0.7633484934060294,0.7777134936957963,0.7580375738481406,0.7534541125936246,0.7745223470295656,0.7575594099800754,0.757074392630903,0.7606204478569896,0.7835665598634224
0.7544559445531623,0.7466264215458283,0.7364996264481534,0.8242290156024246,0.7291674492132303,0.7474563824271518,0.7292827939130554,0.8107799065791872,0.7541821953451675,0.8312838305397844,0.7474258526567001,0.8024673454029154,0.748866925745914,0.8196905055696544,0.8247790199569888,0.7282900407055202,0.6845261490243719,0.7452871666849852,0.7217721250543991,0.731584073351031,0.7439682216401139,0.7287993766827965,0.7389544488201147,0.7159619307427934,0.6894124875673459,0.6492946053735411,0.7468830558915427,0.8087092124849774,0.7553579676397473,0.7506953393590652,1.0,0.7433482621515144,0.057036360701334665,0.7386993725491373,0.7292555181404763,0.7980334604713664,0.7157872258609757,0.7435438420123454,0.6615983442149016,0.749126123730476,0.8634380088114321,0.7421372691684525,0.7504862650534078,0.8195299407617047,0.8136439370473338,0.7531875999829696,0.7426106326987267,0.7422194386875027,0.7953214719919032,0.7537955044516259
0.7649985060907312,0.7833053904520482,0.7437457465748973,0.7569647319121462,0.7789092026066693,0.7840524820664169,0.7595937142721486,0.7560319161056728,0.760795708071688,0.749007959406524,0.7954362690932926,0.7528374451705889,0.813543109629834,0.744372053750527,0.747228182297951,0.7646388985907548,0.7525118555034824,0.8024241113834248,0.7824025242224653,0.7612895264116614,0.7978732620365483,0.7902623567314736,0.8083968378992794,0.7686427000515643,0.7551870649645577,0.7045488113427798,0.8029633008948293,0.7526222161334164,0.7566001983122799,0.7553913366603401,0.7433482621515144,1.0,0.0515773001254235,0.8043057433621749,0.7756487722781622,0.7444456089001452,0.7530869997006353,0.8036408851161967,0.6552609163236314,0.8084530651637158,0.7440679815498918,0.7865380279267098,0.812593648327157,0.759404608354152,0.7587293933409781,0.735477244671601,0.7877948264471131,0.7899663906044161,0.7464493257571971,0.747967470004228
0.048250507713319624,0.056642272612122735,0.05472245967201639,0.05248236216577706,0.04989794010343618,0.05142964544580053,0.04898730544368324,0.05185841927782031,0.051218644843948447,0.051456814938668716,0.05305180556762068,0.05337697342807701,0.04968763450542535,0.05001880758090527,0.047705382483549164,0.04896882029862193,0.04303907739546753,0.04900248852497868,0.04962454354840262,0.0497169355243694,0.05573475883740797,0.05109322603749544,0.05167870737944946,0.04650722893416892,0.04441363862268377,0.04558427632495432,0.048606907874855,0.05062525241994631,0.047950034419391274,0.049434397355385906,0.057036360701334665,0.0515773001254235,1.0,0.05160360916842344,0.04612355368119547,0.05674461150253052,0.047888430519903324,0.05031051817759635,0.04691188708260585,0.05227931906499417,0.05333521009771003,0.045385486515890916,0.04725533452474051,0.051708145337588385,0.05150615256992963,0.05055534474464174,0.046491793059971864,0.04703560708153176,0.055566270787912875,0.04986285627843112
0.7633078402803806,0.7960417477356728,0.7502591635179666,0.7455470008519886,0.7687947261286944,0.7970806040662626,0.7762007290976808,0.7543125091844942,0.7618884465522855,0.7461462825741652,0.8062458707466418,0.7546003262515258,0.8252046884663649,0.7456532843915238,0.7393426669517336,0.7749784524067037,0.7230477675260678,0.8129696266316304,0.7898307577226199,0.7809091315478941,0.8162811244612868,0.8504337055700096,0.8613213275000298,0.7599114628937338,0.7280773203915547,0.6783057601409415,0.8173950074693079,0.7518276182259575,0.7572832665054977,0.75701136356516,0.7386993725491373,0.8043057433621749,0.05160360916842344,1.0,0.7924934859287972,0.749183158947177,0.7603273182326378,0.805261145727864,0.6421074411253305,0.8194347937154395,0.7383228285284422,0.7966773162936163,0.828224491064975,0.758593179758192,0.7569284725218985,0.7462356520497913,0.7878049945021764,0.7884765484194651,0.7550345901464017,0.759707668897057
0.7582629626344475,0.8168284992687934,0.7400827629003057,0.7339567191347582,0.7547580311012988,0.8170172834573242,0.7642456753083309,0.7455656477252974,0.7471357945518535,0.7411578234573915,0.7862371680236839,0.7519366031263846,0.7838724075480108,0.7320561506103883,0.7293665755737944,0.7662805322509153,0.7575356711469857,0.7864958860659839,0.7604491833601463,0.7657435579303882,0.7775714833227656,0.7748458508878168,0.784381254559304,0.8117948955204548,0.7829452760889644,0.7211847949197729,0.7873455491396488,0.741754871493148,0.753456607175607,0.7506266666239128,0.7292555181404763,0.7756487722781622,0.04612355368119547,0.7924934859287972,1.0,0.7375737253858621,0.7474114075633189,0.78107852623165,0.6559646875622479,0.791909510332372,0.7336721398173005,0.8068374917694285,0.7938669558794721,0.7515142479826797,0.7499900558384128,0.7425526658946817,0.8092967558850894,0.809204051277119,0.7407895668105554,0.7526150076554765
0.7576887172684761,0.7508156099197529,0.7446540252646712,0.7924597604217257,0.7199878326013781,0.7585345618836594,0.7498192462512308,0.7958119287323804,0.7618081553938546,0.8052135783218726,0.7530938476171639,0.7902396235420246,0.7457048314964749,0.7897140636983129,0.7896200809878366,0.7394405483175339,0.682911922169636,0.7560800896217055,0.7359494292141382,0.751053852724313,0.7539208237605023,0.7396762875864619,0.7536567101192323,0.7189400726065414,0.6908714158536564,0.6457855879242831,0.7516555538465526,0.7974923267409125,0.7637039793204526,0.7572413990096324,0.7980334604713664,0.7444456089001452,0.05674461150253052,0.749183158947177,0.7375737253858621,1.0,0.7308917958274304,0.7405967293460725,0.668204497338972,0.7496061653178956,0.7899320320852462,0.7514866619110797,0.7524819973126156,0.8026943550164263,0.8012560430016188,0.7537765322990256,0.7399321426862798,0.7400875071322826,0.7933336680825386,0.7597538959173209
0.7396236898755809,0.7521357719395566,0.7297252296708931,0.7239316831873767,0.7322657852524751,0.7559866067890967,0.9033917744481823,0.7236979788359638,0.7455082890680851,0.7268003485253652,0.7511276605851538,0.7234340861078187,0.7611388456701312,0.7191590680182934,0.7181933829340365,0.8862946870336811,0.6841568955173837,0.7805556871024406,0.747454786567936,0.9012806794362471,0.7781823713703782,0.761241972526134,0.780269062746827,0.7217142974911255,0.6979652239413603,0.6479595646455951,0.7645458226521762,0.720098584526422,0.7360259531871024,0.7467924111337753,0.7157872258609757,0.7530869997006353,0.047888430519903324,0.7603273182326378,0.7474114075633189,0.7308917958274304,1.0,0.7435979388634351,0.6144114137653325,0.7520654197824179,0.717512743190909,0.7540848607120794,0.7656757868532664,0.7277493540893802,0.7260328268562919,0.72491430600593,0.7481461776457121,0.7470098709355542,0.7301581308289644,0.7430646475125353
0.7661580681566333,0.7840072970825465,0.7393000994206458,0.7445934579706286,0.7768854177487303,0.79217442747489,0.7539450977380673,0.7624253382974122,0.7560714787500527,0.7481624910659775,0.8028208158662782,0.7535910476887716,0.8110833570903391,0.7427120500353075,0.738455169684144,0.7527542042384152,0.7386986641907319,0.7937757618953571,0.7633633787780177,0.7559966821160555,0.7925289739680008,0.7932169825213644,0.804175566191417,0.771960165567828,0.7502335975488922,0.7072807696102703,0.827278299015761,0.7531683331624277,0.7488009527676137,0.7548562331725811,0.7435438420123454,0.8036408851161967,0.05031051817759635,0.805261145727864,0.78107852623165,0.7405967293460725,0.7435979388634351,1.0,0.6609171954894674,0.8262998696970909,0.7438923055592672,0.7937227100498561,0.8509892524847158,0.7635185146745819,0.7612072413231711,0.7363837120910786,0.8044831186584498,0.8058089792502788,0.7527014335491559,0.7513760968297856
0.6497558277590552,0.6243054357629718,0.6253208663748169,0.6648202777492462,0.6330710442104385,0.6435947847855783,0.6268035195886148,0.6800584728992435,0.6282802662249098,0.6686510270426471,0.6275254959714055,0.7063839649835011,0.6179878432487048,0.659682230043547,0.6655912002215658,0.620060205658362,0.7102262403844891,0.6277647781740749,0.6165524467699881,0.6233440153916983,0.630178192808782,0.6224387995489821,0.6265604237549689,0.6824771557802265,0.7027990535832951,0.710863317075126,0.6239504121597749,0.6686022185545415,0.6352293113038883,0.6284053175607736,0.6615983442149016,0.6552609163236314,0.04691188708260585,0.6421074411253305,0.6559646875622479,0.668204497338972,0.6144114137653325,0.6609171954894674,1.0,0.6628870193471502,0.6600959264119417,0.6277696719094568,0.6271742569768739,0.68941007553233,0.691139892009678,0.6418396710899708,0.6705222525640759,0.6727719296153492,0.6601735042248185,0.6365821173088846
