../ecoli_genomes/GCF_000163235.1_ASM16323v1_genomic.fna.gz,../ecoli_genomes/GCF_000164555.1_ASM16455v1_genomic.fna.gz,../ecoli_genomes/GCF_000208545.1_ASM20854v2_genomic.fna.gz,../ecoli_genomes/GCF_000233875.1_ASM23387v1_genomic.fna.gz,../ecoli_genomes/GCF_000249735.1_ASM24973v2_genomic.fna.gz,../ecoli_genomes/GCF_000261145.1_Esch_coli_M919_V2_genomic.fna.gz,../ecoli_genomes/GCF_000267705.2_ASM26770v2_genomic.fna.gz,../ecoli_genomes/GCF_000350665.1_Esch_coli_KTE5_V1_genomic.fna.gz,../ecoli_genomes/GCF_000351625.1_Esch_coli_KTE66_V1_genomic.fna.gz,../ecoli_genomes/GCF_000352285.1_Esch_coli_KTE46_V1_genomic.fna.gz,../ecoli_genomes/GCF_000358895.1_ASM35889v1_genomic.fna.gz,../ecoli_genomes/GCF_000456385.1_Esch_coli_HVH_26_4-5703913_V1_genomic.fna.gz,../ecoli_genomes/GCF_000458195.1_Esch_coli_HVH_147_4-5893887_V1_genomic.fna.gz,../ecoli_genomes/GCF_000459755.1_Esch_coli_KOEGE_58_171a_V1_genomic.fna.gz,../ecoli_genomes/GCF_000460055.1_Esch_coli_UMEA_3053-1_V1_genomic.fna.gz,../ecoli_genomes/GCF_000462165.2_ASM46216v2_genomic.fna.gz,../ecoli_genomes/GCF_000601135.1_ASM60113v1_genomic.fna.gz,../ecoli_genomes/GCF_000614595.1_Ec2010EL1058_genomic.fna.gz,../ecoli_genomes/GCF_000617745.1_Ec2010C-4529_genomic.fna.gz,../ecoli_genomes/GCF_000618265.2_EcF6751_genomic.fna.gz,../ecoli_genomes/GCF_000619005.2_Ec2009C-4052_genomic.fna.gz,../ecoli_genomes/GCF_000619105.1_Ec2009C-4780_genomic.fna.gz,../ecoli_genomes/GCF_000619765.2_Ec2009C-3279_genomic.fna.gz,../ecoli_genomes/GCF_000687005.1_ASM68700v1_genomic.fna.gz,../ecoli_genomes/GCF_000687025.1_ASM68702v1_genomic.fna.gz,../ecoli_genomes/GCF_000700125.1_ASM70012v1_genomic.fna.gz,../ecoli_genomes/GCF_000753315.1_FHI35_genomic.fna.gz,../ecoli_genomes/GCF_000776375.1_ASM77637v1_genomic.fna.gz,../ecoli_genomes/GCF_000779395.1_ASM77939v1_genomic.fna.gz,../ecoli_genomes/GCF_000780315.1_ASM78031v1_genomic.fna.gz,../ecoli_genomes/GCF_000781995.1_ASM78199v1_genomic.fna.gz,../ecoli_genomes/GCF_000986765.1_ASM98676v1_genomic.fna.gz,../ecoli_genomes/GCF_001041375.1_ViralProj287958_genomic.fna.gz,../ecoli_genomes/GCF_001265335.1_302014_genomic.fna.gz,../ecoli_genomes/GCF_001265625.1_100854_genomic.fna.gz,../ecoli_genomes/GCF_001267345.1_303289_genomic.fna.gz,../ecoli_genomes/GCF_001309985.1_ASM130998v1_genomic.fna.gz,../ecoli_genomes/GCF_001521695.1_ASM152169v1_genomic.fna.gz,../ecoli_genomes/GCF_001592595.1_ASM159259v1_genomic.fna.gz,../ecoli_genomes/GCF_001614975.1_ASM161497v1_genomic.fna.gz,../ecoli_genomes/GCF_001692775.1_ASM169277v1_genomic.fna.gz,../ecoli_genomes/GCF_001748915.1_ASM174891v1_genomic.fna.gz,../ecoli_genomes/GCF_001749235.1_ASM174923v1_genomic.fna.gz,../ecoli_genomes/GCF_001881155.1_ASM188115v1_genomic.fna.gz,../ecoli_genomes/GCF_001881345.1_ASM188134v1_genomic.fna.gz,../ecoli_genomes/GCF_001892405.1_ASM189240v1_genomic.fna.gz,../ecoli_genomes/GCF_001892585.1_ASM189258v1_genomic.fna.gz,../ecoli_genomes/GCF_001893985.1_ASM189398v1_genomic.fna.gz,../ecoli_genomes/GCF_002001595.1_ASM200159v1_genomic.fna.gz,../ecoli_genomes/GCF_002002145.1_ASM200214v1_genomic.fna.gz
1.0,0.3188687165581664,0.2571512202658375,0.2848983983741944,0.309871651437038,0.2991394236672582,0.29664291603649884,0.2874454009714118,0.3939304440369794,0.2954067542535247,0.3169762881913213,0.28912780816423045,0.31292098233228927,0.27482614549003614,0.26267779766329624,0.3011227454728783,0.26404703129810436,0.3084462687725341,0.28068299297058796,0.29901018068197305,0.29439341483323056,0.28813588593772155,0.30802283249869755,0.3140491240071045,0.27088786295348344,0.2642914152572463,0.30485124917859774,0.28296028117416583,0.34170159256260035,0.39010650334741925,0.2620731637311784,0.3088518858781121,0.0,0.2998257471929593,0.3147727897910634,0.27751836218238135,0.2866475020773247,0.3238551985221282,0.21463468896270388,0.31593810205438555,0.26488465902696945,0.3069365548378986,0.31092538600523023,0.29075706613148844,0.29717849150291187,0.3163024362184058,0.3119908838759299,0.31185610688275645,0.26993204089746026,0.3467298414628296
0.3188687165581664,1.0,0.23459343520083198,0.27540087940097546,0.414485983277212,0.5222469653857724,0.350602858481446,0.2786846682198656,0.30127721022971077,0.2856901448300925,0.42991455527939537,0.2741930294474879,0.42340505398316464,0.26792532010821624,0.2573162344127595,0.35815440299631307,0.3420855653609567,0.41830634022462965,0.3768128903068686,0.3546196291196586,0.40049412415591656,0.38466021252347693,0.41034230109894276,0.5004089913002292,0.414279756250319,0.35679838393330965,0.4175084759716623,0.27520120022741545,0.30602447485705153,0.30824784444639997,0.25979295212049036,0.39807496508161266,0.0,0.3927180876140175,0.5571785630104349,0.26845632084518667,0.33904526572812743,0.42309872301572726,0.16315443528919038,0.41907564700062105,0.2605407079456351,0.48115763106626186,0.424851929183511,0.2868423220290023,0.28446949001993826,0.2825746034744874,0.4605590178068417,0.4747247795632201,0.2805904204182864,0.3052826066631815
0.2571512202658375,0.23459343520083198,1.0,0.21451133782424792,0.22273278876169256,0.21562763717860067,0.2149530246414364,0.21544591930518708,0.24642966230779795,0.22204982773800674,0.23731985834750224,0.20943501656285957,0.23182089564081954,0.21195332622091378,0.2077029166606157,0.22293215405472222,0.1678249108156935,0.22354776681486022,0.20582328017675833,0.21826809751862708,0.22482972575840332,0.21247422583721987,0.2238443929505557,0.20282133384438272,0.17588201559132655,0.16578755200514161,0.22949932929692696,0.21248208355262288,0.2481981848209306,0.24948806959580572,0.2040469280510271,0.21986606928839303,0.0,0.2211691725236169,0.21684918303519296,0.21852712160204946,0.20678894197898634,0.22339579415041044,0.13588387720287376,0.22844061763018453,0.20869169628055073,0.2247923910797026,0.23418989156983694,0.21950239628443302,0.21591484108328363,0.23043078433850384,0.22351186059578532,0.22807566947457258,0.22134832521176928,0.24913364306956542
0.2848983983741944,0.27540087940097546,0.21451133782424792,1.0,0.2713655556858322,0.2605131962781605,0.2554525448628071,0.4995332357519927,0.2796527922526798,0.5234466861767895,0.2730261478979422,0.5117498670611927,0.26798072400163797,0.556026988617482,0.5546076859111615,0.2629922849191334,0.20848865443061204,0.2602889595787302,0.24318978608831754,0.2571844078294815,0.25749866651171305,0.2492502010949844,0.2699983824270187,0.2492126747133503,0.21712931511709377,0.21074281176391607,0.26449010927310845,0.5293172727959632,0.3101510961538375,0.27244168251144707,0.5017462305847918,0.2715145909867701,0.0,0.25235683782042573,0.26311025760230455,0.42779063052144994,0.24933766394489743,0.2653976057221189,0.29439856888423244,0.2644614118553664,0.516825267906381,0.26196598685813055,0.2660198781735622,0.5311387844992043,0.5236971477919228,0.29995075000660143,0.2607952924442557,0.2636037626592306,0.4623300101070228,0.3188402728685439
0.309871651437038,0.414485983277212,0.22273278876169256,0.2713655556858322,1.0,0.39642095960051726,0.33565371316729065,0.2723384032775211,0.3006969606806531,0.2807939833482641,0.5561082868449201,0.2616484232276286,0.49015601472987236,0.26468173776399484,0.26292203844183826,0.35333942232833315,0.32417844201532675,0.4406222647573804,0.4122180677296585,0.3398935175588378,0.4474338046934452,0.42443510241213056,0.450179987399271,0.37744264192656685,0.340452329769636,0.32868626174450355,0.4643757412596756,0.2598572216868197,0.2952232415617474,0.30045073490510643,0.25914671377245635,0.4618526043612162,0.0,0.4454750599618734,0.4134545533179449,0.257740208942574,0.3282512469968344,0.469522998301682,0.18571918667354537,0.4783777035399863,0.26356961565381487,0.4172077479096348,0.4798094087981384,0.26649922801857084,0.2698138813444869,0.26976075953936685,0.4252485218763119,0.4330762311493428,0.26441259952096685,0.29430290279887794
0.2991394236672582,0.5222469653857724,0.21562763717860067,0.2605131962781605,0.39642095960051726,1.0,0.34761343338239037,0.2661400117315581,0.2883894573584447,0.2560311371778682,0.39765111747158854,0.24833967805296842,0.3939829275681642,0.25280809227388035,0.23895114586407573,0.3494080697274843,0.34671477790278105,0.3985969368231117,0.3741983239233926,0.33666420676793696,0.3734655666571487,0.414992401538389,0.39477330682468026,0.4734499007918611,0.40824173239727324,0.35133347883084753,0.386396387099607,0.25430974661058037,0.2964838973474485,0.2843631418449998,0.23723604055027847,0.38564325433955693,0.0,0.38906844350387304,0.5221491019832732,0.25751988719428776,0.32398881678013935,0.39686780030932334,0.19326707815513156,0.393165977852055,0.24414522987498055,0.44712662198676156,0.3969101260600024,0.26055309880465416,0.2590470760533069,0.26502924268669203,0.4388491793234315,0.4451093763336461,0.2532584917950069,0.29436300262890325
0.29664291603649884,0.350602858481446,0.2149530246414364,0.2554525448628071,0.33565371316729065,0.34761343338239037,1.0,0.2522935084252286,0.2993317989132266,0.25499463088808993,0.3564425876187628,0.24201720233173074,0.35473135465272265,0.2495310472582265,0.2406073274333933,0.7611165086009175,0.2511684108467511,0.38095330549168305,0.35495628858462847,0.8553116908417485,0.37992102227955304,0.3614391634599238,0.38552917744269233,0.3114712517912882,0.2628429588506995,0.2549691903431812,0.3600285164419432,0.24541839007070665,0.28924534369827837,0.29547388402040076,0.23788036865434692,0.3426656323773487,0.0,0.3474375554759753,0.35381631510216716,0.26675446851985196,0.799988035826549,0.3395294133861154,0.16413665465020943,0.3546749772265927,0.23745806501055144,0.34907793696163536,0.3590415125370894,0.25258851478172195,0.25234757427982113,0.26606381089830133,0.3317814402326319,0.3400893945528807,0.24667196985968032,0.29316047869685513
0.2874454009714118,0.2786846682198656,0.21544591930518708,0.4995332357519927,0.2723384032775211,0.2661400117315581,0.2522935084252286,1.0,0.27887186006208364,0.501825382616325,0.2733800025086033,0.4771597759319325,0.2729304875508527,0.489379508068171,0.47268643396699206,0.25890523693440337,0.22026126839648386,0.2630606070458701,0.2472841880184663,0.2544251947442068,0.25476788184590904,0.249658556323194,0.26836922073633873,0.26383018607420694,0.22514234019897117,0.21372160961550335,0.26528090137257554,0.691573750685228,0.31871863335907147,0.27209729149082496,0.47043412272677176,0.2704613052252802,0.0,0.2607799938376779,0.2669613013420038,0.41363708472597827,0.24547059496038293,0.28394065357017895,0.2997151812196073,0.2700441184957042,0.4816340560738075,0.26251613586647016,0.26736711497636534,0.7013496845400823,0.6779239796510887,0.29934140149583277,0.26409885132744915,0.2668105540731064,0.44711187106885497,0.3217862014239482
0.3939304440369794,0.30127721022971077,0.24642966230779795,0.2796527922526798,0.3006969606806531,0.2883894573584447,0.2993317989132266,0.27887186006208364,1.0,0.29203617145736405,0.30921766257629946,0.2632200132919785,0.3089792999967995,0.2772498648255405,0.2719255010661785,0.3093618800297341,0.21497768247808435,0.29906317100280644,0.27256458921702653,0.30384801899435976,0.28969857965999546,0.2859115428106994,0.30062376947778646,0.2784860787623873,0.22300529648246548,0.22099311922421772,0.305262023183803,0.27203643382625986,0.3346609874127705,0.4059317864318074,0.2719049744968566,0.29043372602910167,0.0,0.2875785084680571,0.29161972535094516,0.28653154925213475,0.2919002997995709,0.2939901041134607,0.16420489668823146,0.30520591641243355,0.2722908916724097,0.3055992171694141,0.30969990810746184,0.2769420105271264,0.27241463069930094,0.30894666341138555,0.2914382964131793,0.2988152732130349,0.27381136816152907,0.3400379823299192
0.2954067542535247,0.2856901448300925,0.22204982773800674,0.5234466861767895,0.2807939833482641,0.2560311371778682,0.25499463088808993,0.501825382616325,0.29203617145736405,1.0,0.2838392561453258,0.4770353681329583,0.2827437828226822,0.5145139262789311,0.4967860666246309,0.2656503810035421,0.19331212262570197,0.26361098284977924,0.24658967175303315,0.25798107054674735,0.25800122952768567,0.25249652871858763,0.26477809967487076,0.24103966750170247,0.20458810943425276,0.20098297444939506,0.2696727692428461,0.5044437538780618,0.3192089486055393,0.2840525785063134,0.5233537058423487,0.26203078849533934,0.0,0.25495392194104793,0.2605890566993717,0.43781110547932245,0.24714219683429783,0.27090477176839467,0.2787283507767583,0.271835516521552,0.5197762195060007,0.26790750149451603,0.269063839948144,0.5101348945249293,0.5101338601414445,0.29765981843094924,0.26000567147385567,0.26568789303762275,0.47902487786336845,0.31636173731006867
0.3169762881913213,0.42991455527939537,0.23731985834750224,0.2730261478979422,0.5561082868449201,0.39765111747158854,0.3564425876187628,0.2733800025086033,0.30921766257629946,0.2838392561453258,1.0,0.258099072640944,0.5463001753227452,0.27333523285948835,0.26104004784140866,0.36524085805795004,0.2946462253940435,0.4914802135104479,0.4587529660398175,0.361947428810789,0.4887137442719548,0.48733797629798015,0.49982617637425675,0.3789344267399696,0.3060067557136612,0.3093206896210715,0.5142923635357195,0.27368441713911407,0.3052724893801404,0.3158022863676929,0.26190394154739105,0.47119534633589955,0.0,0.4742627337628742,0.4237638407595492,0.2763204854723559,0.3454382345507293,0.4948914669609681,0.16760732095018505,0.5248644294429431,0.26129202216804037,0.44589299128120086,0.5249652500983328,0.27559747655984035,0.2751987630197398,0.2822313561682336,0.422291356143083,0.4333193661836534,0.2738074941379496,0.310964498564705
0.28912780816423045,0.2741930294474879,0.20943501656285957,0.5117498670611927,0.2616484232276286,0.24833967805296842,0.24201720233173074,0.4771597759319325,0.2632200132919785,0.4770353681329583,0.258099072640944,1.0,0.2577615000601323,0.4925822145607762,0.6049280361676279,0.2466982133520892,0.2541894039596263,0.24349835256503216,0.236389010318932,0.24325316001377373,0.24836133828791507,0.24074403720036552,0.25443036170783195,0.2792701952654728,0.25443469190757073,0.24417354114499867,0.2499821766496778,0.4812215655650707,0.3063183917728275,0.26831946000513585,0.44212139272037576,0.270808658971614,0.0,0.2506472775775136,0.26697479715842976,0.4038388591229509,0.2333020596290929,0.27361062330429187,0.34638017245913055,0.26629325937593873,0.46224386151893515,0.24789888609078103,0.2580480642239079,0.4966350443897599,0.49522669106881256,0.29407333287051796,0.2799457981140132,0.2737385198208222,0.4297275804479418,0.30460542630004384
0.31292098233228927,0.42340505398316464,0.23182089564081954,0.26798072400163797,0.49015601472987236,0.3939829275681642,0.35473135465272265,0.2729304875508527,0.3089792999967995,0.2827437828226822,0.5463001753227452,0.2577615000601323,1.0,0.26439995290033225,0.26372149206649054,0.368306643287476,0.29505248791878524,0.5062464962249916,0.505945293636589,0.3598108872457223,0.516004247289375,0.5536542366186297,0.5603919031953936,0.3724573866138693,0.3028925083734193,0.30310424658479496,0.54503053720598,0.2658651068827729,0.30428757558777597,0.3132609235345325,0.2612651959361516,0.5071304519183761,0.0,0.5279413259917746,0.4171653217514709,0.2678761673818709,0.34664535490530735,0.5142416805937817,0.16343034314173477,0.5494785520621837,0.26112321405008787,0.4305336075000601,0.5391591899712089,0.2699626879316904,0.267537387490165,0.27709573699014345,0.41304628626678885,0.4235715865749117,0.26792884396367744,0.305845169139468
0.27482614549003614,0.26792532010821624,0.21195332622091378,0.556026988617482,0.26468173776399484,0.25280809227388035,0.2495310472582265,0.489379508068171,0.2772498648255405,0.5145139262789311,0.27333523285948835,0.4925822145607762,0.26439995290033225,1.0,0.5485122096052512,0.25412835047739957,0.18834006536021097,0.2579476189524502,0.24023563824760064,0.2525794475619706,0.24976768991255793,0.24816008413534307,0.2634762978343814,0.2331477418952167,0.196130882663624,0.1910759348101726,0.2625175120932225,0.5240646209324612,0.3119270555668149,0.2674886879444791,0.4980109751570003,0.2591231855641438,0.0,0.24961243286135404,0.25515360118530206,0.4219914514558719,0.24233579154903717,0.26270223394673653,0.2720592729685132,0.26076278897134164,0.5109692764253088,0.2575582899234746,0.26470917708435293,0.5214396857493029,0.5124062718914256,0.30047223571346116,0.2519916502280731,0.25839116575400367,0.4593136628192417,0.3158313830230507
0.26267779766329624,0.2573162344127595,0.2077029166606157,0.5546076859111615,0.26292203844183826,0.23895114586407573,0.2406073274333933,0.47268643396699206,0.2719255010661785,0.4967860666246309,0.26104004784140866,0.6049280361676279,0.26372149206649054,0.5485122096052512,1.0,0.2500207359065355,0.18836889518858124,0.24509618475189743,0.23012908395603082,0.24451970860898598,0.24428161572653762,0.2391411258406706,0.2573741724704337,0.22704520425333252,0.19124895578800516,0.1872250274994769,0.25515347826691803,0.49090558429335684,0.30027754428083764,0.26219638589609207,0.48990078532002324,0.2526488010030933,0.0,0.2426514488138355,0.2457951840406506,0.41881438910429014,0.23537129424878223,0.25549837212636806,0.2689928824617134,0.2524153615254121,0.5020406043148564,0.24593717906601065,0.25728914966355054,0.4928995444994081,0.48835013275011585,0.2932175464431803,0.25041127218030534,0.25649389094674346,0.44325774911074567,0.3138480208796849
0.3011227454728783,0.35815440299631307,0.22293215405472222,0.2629922849191334,0.35333942232833315,0.3494080697274843,0.7611165086009175,0.25890523693440337,0.3093618800297341,0.2656503810035421,0.36524085805795004,0.2466982133520892,0.368306643287476,0.25412835047739957,0.2500207359065355,1.0,0.25413453164446653,0.3755781563501701,0.35112478252350543,0.7780242691896871,0.36816084266066695,0.36005478431802374,0.37841065896751913,0.3160767330132941,0.2665346544565067,0.2620114160498559,0.3621324353160291,0.25130765936099997,0.2937292230435272,0.30408576854015956,0.24860958894706264,0.3450338225957884,0.0,0.3454061765616131,0.353565401423076,0.26792489354676563,0.7331245738687967,0.34730477855807773,0.16036828247612145,0.36077077095451593,0.2471599421124806,0.35573675410791916,0.36198704314509034,0.2534213697160075,0.2547199163276057,0.27199186641034423,0.3414021252157371,0.3493088962662829,0.25507793820155167,0.296926450753497
0.26404703129810436,0.3420855653609567,0.1678249108156935,0.20848865443061204,0.32417844201532675,0.34671477790278105,0.2511684108467511,0.22026126839648386,0.21497768247808435,0.19331212262570197,0.2946462253940435,0.2541894039596263,0.29505248791878524,0.18834006536021097,0.18836889518858124,0.25413453164446653,1.0,0.28984402206973514,0.27295496051153256,0.25241412997145707,0.2832686054192721,0.27756371942570335,0.2999390003764374,0.5366891549699135,0.604805765929379,0.5548259442863567,0.29313793987555103,0.20443045869478238,0.21994346167994094,0.22225037181031437,0.1807130113762524,0.4106120738014212,0.0,0.3190301643813688,0.41943211689158333,0.1949141831795187,0.2449824161601658,0.35253108932690325,0.4760798319517471,0.3495854324084796,0.18172198893579983,0.322354195615811,0.295157309082675,0.23131506106921418,0.22964042380386807,0.22152604003443777,0.4661322420836689,0.418839868694052,0.18606953399368775,0.23120090318481212
0.3084462687725341,0.41830634022462965,0.22354776681486022,0.2602889595787302,0.4406222647573804,0.3985969368231117,0.38095330549168305,0.2630606070458701,0.29906317100280644,0.26361098284977924,0.4914802135104479,0.24349835256503216,0.5062464962249916,0.2579476189524502,0.24509618475189743,0.3755781563501701,0.28984402206973514,1.0,0.49349060353922725,0.382011543902004,0.5131160586753074,0.4898924479876128,0.5225127867608564,0.3694616672902139,0.29776054218013603,0.2947303572188221,0.5056951799556602,0.25884437620331435,0.2988162076415396,0.30514466845302113,0.2474842626920809,0.4542979803575622,0.0,0.4735131772725003,0.41151108220955734,0.27438945086689337,0.3683505155013984,0.4664932196805568,0.16528760299686607,0.4977325904468949,0.2454221315528312,0.4244765873328017,0.49679147591642925,0.262855797296192,0.26093818264444,0.27152506311852675,0.4058018930891253,0.41668794340119997,0.25390381620216373,0.2988684908380047
0.28068299297058796,0.3768128903068686,0.20582328017675833,0.24318978608831754,0.4122180677296585,0.3741983239233926,0.35495628858462847,0.2472841880184663,0.27256458921702653,0.24658967175303315,0.4587529660398175,0.236389010318932,0.505945293636589,0.24023563824760064,0.23012908395603082,0.35112478252350543,0.27295496051153256,0.49349060353922725,1.0,0.3499048707376715,0.47568763352805865,0.5090409016184546,0.4822146298310973,0.3343505114416423,0.2838476545049041,0.27076075877581895,0.46381997650339024,0.2421862614487965,0.271638813229945,0.27890240403111544,0.23179783619282446,0.45705021011781033,0.0,0.43902946937125775,0.37974295864026475,0.2523082811168995,0.34127301817929667,0.435967228009976,0.15711233256625612,0.4572972695583848,0.22821199332869957,0.38278090891408345,0.461417227817396,0.25055774163658584,0.24848183438406657,0.2519476968959198,0.36511967877093054,0.37485843591850954,0.23591268654322428,0.27348670616537596
0.29901018068197305,0.3546196291196586,0.21826809751862708,0.2571844078294815,0.3398935175588378,0.33666420676793696,0.8553116908417485,0.2544251947442068,0.30384801899435976,0.25798107054674735,0.361947428810789,0.24325316001377373,0.3598108872457223,0.2525794475619706,0.24451970860898598,0.7780242691896871,0.25241412997145707,0.382011543902004,0.3499048707376715,1.0,0.3831656306477881,0.3536098634373205,0.38393380745800043,0.31302055339035917,0.2654893463650422,0.25767594019471585,0.3652178377198886,0.24866590166789504,0.29199747051667024,0.3000320363226582,0.24113280309479102,0.3465760278035138,0.0,0.3471071430053959,0.35379430614191143,0.26744705227559484,0.8144122873288631,0.3446074138683748,0.16127168476001164,0.3603156726115937,0.24095046717747526,0.3536500526949379,0.36449767659855126,0.25392609007010825,0.2519887639536351,0.27058089925746975,0.33669597391993344,0.3451566803369923,0.25056488380283337,0.29728892307511157
0.29439341483323056,0.40049412415591656,0.22482972575840332,0.25749866651171305,0.4474338046934452,0.3734655666571487,0.37992102227955304,0.25476788184590904,0.28969857965999546,0.25800122952768567,0.4887137442719548,0.24836133828791507,0.516004247289375,0.24976768991255793,0.24428161572653762,0.36816084266066695,0.2832686054192721,0.5131160586753074,0.47568763352805865,0.3831656306477881,1.0,0.493687682119927,0.5358808817475316,0.35296433861064735,0.28899335057884923,0.2940003144708436,0.517752898926177,0.2512309295334936,0.2852554127382173,0.29862458030884065,0.24016716966574458,0.4702658753365404,0.0,0.4901414540793715,0.39770972173220187,0.2647763532929469,0.36494398512143067,0.4790146432418798,0.16143966585699387,0.5114664025306159,0.24416550094169132,0.40209192422747086,0.5059795682669694,0.2570548214851469,0.25646008150838984,0.2735594419710312,0.3948445262525051,0.4053504151085182,0.25173808105052564,0.2921069389979001
0.28813588593772155,0.38466021252347693,0.21247422583721987,0.2492502010949844,0.42443510241213056,0.414992401538389,0.3614391634599238,0.249658556323194,0.2859115428106994,0.25249652871858763,0.48733797629798015,0.24074403720036552,0.5536542366186297,0.24816008413534307,0.2391411258406706,0.36005478431802374,0.27756371942570335,0.4898924479876128,0.5090409016184546,0.3536098634373205,0.493687682119927,1.0,0.6863634935844376,0.3388810915969027,0.283792923951821,0.2789532084486043,0.4996222480329424,0.24654622034139773,0.2763875854571606,0.2864447926205832,0.23673487908794544,0.47753313753203286,0.0,0.5961606070306367,0.38462909922910504,0.2519890539277566,0.3424906710369179,0.4696986437930072,0.15529101428355152,0.49527404843831635,0.2345554856484613,0.39601694214634053,0.5021812164047925,0.2518647988599467,0.24935149622214947,0.2591579397938565,0.37646847977609943,0.3864543625797523,0.24579168914995475,0.2851795411594633
0.30802283249869755,0.41034230109894276,0.2238443929505557,0.2699983824270187,0.450179987399271,0.39477330682468026,0.38552917744269233,0.26836922073633873,0.30062376947778646,0.26477809967487076,0.49982617637425675,0.25443036170783195,0.5603919031953936,0.2634762978343814,0.2573741724704337,0.37841065896751913,0.2999390003764374,0.5225127867608564,0.4822146298310973,0.38393380745800043,0.5358808817475316,0.6863634935844376,1.0,0.3649044725962092,0.307749727558717,0.2942138159531472,0.5387424205677305,0.263662125039022,0.2965869874025754,0.29801582179594666,0.2512674315118172,0.49492796092677094,0.0,0.6305463749618582,0.4055110872018295,0.27207377934688526,0.3707670753284521,0.49615584321605977,0.1751199859319148,0.5230165768356074,0.251030192921176,0.41458119808214433,0.5268208891963386,0.26872690167744007,0.2671518989548086,0.27399903619368393,0.3972998533297132,0.4083243372612205,0.26003394240690414,0.3014056243286457
0.3140491240071045,0.5004089913002292,0.20282133384438272,0.2492126747133503,0.37744264192656685,0.4734499007918611,0.3114712517912882,0.26383018607420694,0.2784860787623873,0.24103966750170247,0.3789344267399696,0.2792701952654728,0.3724573866138693,0.2331477418952167,0.22704520425333252,0.3160767330132941,0.5366891549699135,0.3694616672902139,0.3343505114416423,0.31302055339035917,0.35296433861064735,0.3388810915969027,0.3649044725962092,1.0,0.574507839020838,0.49940276507611536,0.36636358768695243,0.2440931308445421,0.27547483421943075,0.2731604299109709,0.2256139911430809,0.4145035665171696,0.0,0.369906326572924,0.5466715207158734,0.24050176491826336,0.30198879678757873,0.40577569781285316,0.3656374302244807,0.4027783416881914,0.22979618425247816,0.41856181205563625,0.3650119268284958,0.26325882460214745,0.26239760690337266,0.2620054817719021,0.49578874831042596,0.46719598495842674,0.2313993122330219,0.27926459786856817
0.27088786295348344,0.414279756250319,0.17588201559132655,0.21712931511709377,0.340452329769636,0.40824173239727324,0.2628429588506995,0.22514234019897117,0.22300529648246548,0.20458810943425276,0.3060067557136612,0.25443469190757073,0.3028925083734193,0.196130882663624,0.19124895578800516,0.2665346544565067,0.604805765929379,0.29776054218013603,0.2838476545049041,0.2654893463650422,0.28899335057884923,0.283792923951821,0.307749727558717,0.574507839020838,1.0,0.5332780409102804,0.29886319304888287,0.207906656063372,0.22276500651433684,0.22588789072108084,0.18709697016357218,0.4118547757854887,0.0,0.31586362499058485,0.4871524991071674,0.19600888258987748,0.25972993035795433,0.35946190683437285,0.44116271662380246,0.3493371850898078,0.18736171221154885,0.34275364444939116,0.30683633926061915,0.2391667981317418,0.23180473433930604,0.23172321420422026,0.4635058414932236,0.4227121311094897,0.20003280706868498,0.2322337010753628
0.2642914152572463,0.35679838393330965,0.16578755200514161,0.21074281176391607,0.32868626174450355,0.35133347883084753,0.2549691903431812,0.21372160961550335,0.22099311922421772,0.20098297444939506,0.3093206896210715,0.24417354114499867,0.30310424658479496,0.1910759348101726,0.1872250274994769,0.2620114160498559,0.5548259442863567,0.2947303572188221,0.27076075877581895,0.25767594019471585,0.2940003144708436,0.2789532084486043,0.2942138159531472,0.49940276507611536,0.5332780409102804,1.0,0.2978087226092173,0.20765992346287987,0.22075294990172667,0.2246965291052304,0.1867000851327396,0.3696301468346107,0.0,0.3048550214576282,0.4348303184839496,0.19374631066555714,0.2502739082581785,0.36691731513155446,0.3834323584328221,0.3240079342284591,0.18598779455840853,0.3412360240864598,0.30023554226478577,0.22990719601565968,0.22679542973646494,0.2215269169462143,0.4451339490022552,0.3842786942241664,0.19651241926957286,0.23230075084613488
0.30485124917859774,0.4175084759716623,0.22949932929692696,0.26449010927310845,0.4643757412596756,0.386396387099607,0.3600285164419432,0.26528090137257554,0.305262023183803,0.2696727692428461,0.5142923635357195,0.2499821766496778,0.54503053720598,0.2625175120932225,0.25515347826691803,0.3621324353160291,0.29313793987555103,0.5056951799556602,0.46381997650339024,0.3652178377198886,0.517752898926177,0.4996222480329424,0.5387424205677305,0.36636358768695243,0.29886319304888287,0.2978087226092173,1.0,0.2598553288714701,0.30326476813085945,0.30831791070797054,0.2538761681279884,0.4966778781532233,0.0,0.5029573103739571,0.40480671938613344,0.26537275827897566,0.3472188129167517,0.5888738977693359,0.15932546240366108,0.5491423600075094,0.2542869235658738,0.4245567783628642,0.629716964878052,0.26837391417448586,0.26223504295699573,0.27903971663923155,0.40271678085004803,0.4139649122194162,0.26270168139413863,0.3044109926660288
0.28296028117416583,0.27520120022741545,0.21248208355262288,0.5293172727959632,0.2598572216868197,0.25430974661058037,0.24541839007070665,0.691573750685228,0.27203643382625986,0.5044437538780618,0.27368441713911407,0.4812215655650707,0.2658651068827729,0.5240646209324612,0.49090558429335684,0.25130765936099997,0.20443045869478238,0.25884437620331435,0.2421862614487965,0.24866590166789504,0.2512309295334936,0.24654622034139773,0.263662125039022,0.2440931308445421,0.207906656063372,0.20765992346287987,0.2598553288714701,1.0,0.31560470003304164,0.2698442127610994,0.47828801564342516,0.26275403221161364,0.0,0.2513983818626686,0.25929758177538076,0.41263220114906785,0.23692925043613755,0.27287310259113196,0.2880256286690456,0.26060766963303916,0.48939792187828934,0.2592768654210169,0.2603028643555596,0.7934471673593019,0.7580953738252747,0.29672527667840776,0.25883227381728036,0.26011926066728686,0.4590202047358093,0.3131880863499118
0.34170159256260035,0.30602447485705153,0.2481981848209306,0.3101510961538375,0.2952232415617474,0.2964838973474485,0.28924534369827837,0.31871863335907147,0.3346609874127705,0.3192089486055393,0.3052724893801404,0.3063183917728275,0.30428757558777597,0.3119270555668149,0.30027754428083764,0.2937292230435272,0.21994346167994094,0.2988162076415396,0.271638813229945,0.29199747051667024,0.2852554127382173,0.2763875854571606,0.2965869874025754,0.27547483421943075,0.22276500651433684,0.22075294990172667,0.30326476813085945,0.31560470003304164,1.0,0.3255752195951004,0.2949011271378671,0.28769292903400145,0.0,0.2867144421805726,0.29119581490191304,0.3128366812641077,0.28021257304122904,0.30011204005688175,0.1921264085176151,0.29956207513314737,0.2949075220133909,0.29929630971624177,0.3013846984077725,0.31659970938195614,0.3159573828572463,0.38962642707530404,0.2919821597477926,0.29685801377658905,0.3002461062330253,0.6141502817539319
0.39010650334741925,0.30824784444639997,0.24948806959580572,0.27244168251144707,0.30045073490510643,0.2843631418449998,0.29547388402040076,0.27209729149082496,0.4059317864318074,0.2840525785063134,0.3158022863676929,0.26831946000513585,0.3132609235345325,0.2674886879444791,0.26219638589609207,0.30408576854015956,0.22225037181031437,0.30514466845302113,0.27890240403111544,0.3000320363226582,0.29862458030884065,0.2864447926205832,0.29801582179594666,0.2731604299109709,0.22588789072108084,0.2246965291052304,0.30831791070797054,0.2698442127610994,0.3255752195951004,1.0,0.2623350641159803,0.2881264263666329,0.0,0.2862393448892624,0.29593802417483117,0.27837702234724804,0.28346935518083083,0.30184150362406603,0.16995618751694952,0.31885667705357323,0.2653763515863907,0.3071387806475515,0.31276410581005376,0.2742580877781655,0.27071726989205436,0.3212382285291737,0.30293451133927174,0.30818065596884203,0.270507300253225,0.34134742606882096
0.2620731637311784,0.25979295212049036,0.2040469280510271,0.5017462305847918,0.25914671377245635,0.23723604055027847,0.23788036865434692,0.47043412272677176,0.2719049744968566,0.5233537058423487,0.26190394154739105,0.44212139272037576,0.2612651959361516,0.4980109751570003,0.48990078532002324,0.24860958894706264,0.1807130113762524,0.2474842626920809,0.23179783619282446,0.24113280309479102,0.24016716966574458,0.23673487908794544,0.2512674315118172,0.2256139911430809,0.18709697016357218,0.1867000851327396,0.2538761681279884,0.47828801564342516,0.2949011271378671,0.2623350641159803,1.0,0.2474273290548008,0.0,0.24179712277495746,0.24115195211930296,0.41164697419418494,0.23337001021491133,0.251402465433878,0.25946317725256896,0.2519453647207528,0.6460830954439925,0.2493414316938305,0.2533022837132147,0.48019376406690706,0.47246532950766873,0.28235820071251705,0.24361711406523834,0.24877612506111113,0.43954652808540906,0.29420487965535114
0.3088518858781121,0.39807496508161266,0.21986606928839303,0.2715145909867701,0.4618526043612162,0.38564325433955693,0.3426656323773487,0.2704613052252802,0.29043372602910167,0.26203078849533934,0.47119534633589955,0.270808658971614,0.5071304519183761,0.2591231855641438,0.2526488010030933,0.3450338225957884,0.4106120738014212,0.4542979803575622,0.45705021011781033,0.3465760278035138,0.4702658753365404,0.47753313753203286,0.49492796092677094,0.4145035665171696,0.4118547757854887,0.3696301468346107,0.4966778781532233,0.26275403221161364,0.28769292903400145,0.2881264263666329,0.2474273290548008,1.0,0.0,0.47179893057844147,0.41217724061367433,0.2516402929954523,0.33738972220100305,0.5054259476267526,0.25753072954021716,0.5160380033673054,0.24344996922366224,0.4006265838229468,0.505230958243271,0.2740554476207646,0.272278333712192,0.2756144826383663,0.43504960944430193,0.43080740711858356,0.24890249232674988,0.29233839822522445
0.0,0.0,0.0,0.0,0.0,0.0,0.0,0.0,0.0,0.0,0.0,0.0,0.0,0.0,0.0,0.0,0.0,0.0,0.0,0.0,0.0,0.0,0.0,0.0,0.0,0.0,0.0,0.0,0.0,0.0,0.0,0.0,1.0,0.0,0.0,0.0,0.0,0.0,0.0,0.0,0.0,0.0,0.0,0.0,0.0,0.0,0.0,0.0,0.0,0.0
0.2998257471929593,0.3927180876140175,0.2211691725236169,0.25235683782042573,0.4454750599618734,0.38906844350387304,0.3474375554759753,0.2607799938376779,0.2875785084680571,0.25495392194104793,0.4742627337628742,0.2506472775775136,0.5279413259917746,0.24961243286135404,0.2426514488138355,0.3454061765616131,0.3190301643813688,0.4735131772725003,0.43902946937125775,0.3471071430053959,0.4901414540793715,0.5961606070306367,0.6305463749618582,0.369906326572924,0.31586362499058485,0.3048550214576282,0.5029573103739571,0.2513983818626686,0.2867144421805726,0.2862393448892624,0.24179712277495746,0.47179893057844147,0.0,1.0,0.40173231187209046,0.2684942987371508,0.33227552670753835,0.48163012354655144,0.2021035610981149,0.5044109505787837,0.24134546727911244,0.40151710004133867,0.5053550166939191,0.2577483183322775,0.2586190027687145,0.2639628297771799,0.3966278114145474,0.40230703072509544,0.24840376465323144,0.29034506409859384
0.3147727897910634,0.5571785630104349,0.21684918303519296,0.26311025760230455,0.4134545533179449,0.5221491019832732,0.35381631510216716,0.2669613013420038,0.29161972535094516,0.2605890566993717,0.4237638407595492,0.26697479715842976,0.4171653217514709,0.25515360118530206,0.2457951840406506,0.353565401423076,0.41943211689158333,0.41151108220955734,0.37974295864026475,0.35379430614191143,0.39770972173220187,0.38462909922910504,0.4055110872018295,0.5466715207158734,0.4871524991071674,0.4348303184839496,0.40480671938613344,0.25929758177538076,0.29119581490191304,0.29593802417483117,0.24115195211930296,0.41217724061367433,0.0,0.40173231187209046,1.0,0.26219150023563076,0.33491910472441266,0.41737831158944694,0.24383967287816433,0.424321353019926,0.24201882526933216,0.47454559825103204,0.41709159512821425,0.2674314395297508,0.2688383746148343,0.27271236764569273,0.4852593439738281,0.47927188502719065,0.2553122815357255,0.2952696998951554
0.27751836218238135,0.26845632084518667,0.21852712160204946,0.42779063052144994,0.257740208942574,0.25751988719428776,0.26675446851985196,0.41363708472597827,0.28653154925213475,0.43781110547932245,0.2763204854723559,0.4038388591229509,0.2678761673818709,0.4219914514558719,0.41881438910429014,0.26792489354676563,0.1949141831795187,0.27438945086689337,0.2523082811168995,0.26744705227559484,0.2647763532929469,0.2519890539277566,0.27207377934688526,0.24050176491826336,0.19600888258987748,0.19374631066555714,0.26537275827897566,0.41263220114906785,0.3128366812641077,0.27837702234724804,0.41164697419418494,0.2516402929954523,0.0,0.2684942987371508,0.26219150023563076,1.0,0.25646497898613063,0.25497745313157183,0.2637578237079752,0.2662605117460154,0.41290498207146364,0.26251919316859484,0.26384449159154244,0.4184159548790245,0.417519777313596,0.29118035434026457,0.2509650716841393,0.25681093857101245,0.4115802003910931,0.31684055060235006
0.2866475020773247,0.33904526572812743,0.20678894197898634,0.24933766394489743,0.3282512469968344,0.32398881678013935,0.799988035826549,0.24547059496038293,0.2919002997995709,0.24714219683429783,0.3454382345507293,0.2333020596290929,0.34664535490530735,0.24233579154903717,0.23537129424878223,0.7331245738687967,0.2449824161601658,0.3683505155013984,0.34127301817929667,0.8144122873288631,0.36494398512143067,0.3424906710369179,0.3707670753284521,0.30198879678757873,0.25972993035795433,0.2502739082581785,0.3472188129167517,0.23692925043613755,0.28021257304122904,0.28346935518083083,0.23337001021491133,0.33738972220100305,0.0,0.33227552670753835,0.33491910472441266,0.25646497898613063,1.0,0.32763924546262635,0.15739097075137587,0.33860910896337526,0.23110453936188224,0.33740543214316376,0.3465305791067681,0.24319422859674666,0.24224093385156387,0.25611544643867523,0.32016459843372924,0.3278608928712968,0.2378046473712726,0.28223793808605646
0.3238551985221282,0.42309872301572726,0.22339579415041044,0.2653976057221189,0.469522998301682,0.39686780030932334,0.3395294133861154,0.28394065357017895,0.2939901041134607,0.27090477176839467,0.4948914669609681,0.27361062330429187,0.5142416805937817,0.26270223394673653,0.25549837212636806,0.34730477855807773,0.35253108932690325,0.4664932196805568,0.435967228009976,0.3446074138683748,0.4790146432418798,0.4696986437930072,0.49615584321605977,0.40577569781285316,0.35946190683437285,0.36691731513155446,0.5888738977693359,0.27287310259113196,0.30011204005688175,0.30184150362406603,0.251402465433878,0.5054259476267526,0.0,0.48163012354655144,0.41737831158944694,0.25497745313157183,0.32763924546262635,1.0,0.23298673029738448,0.5380247787013188,0.25489837032646034,0.4139850973623239,0.6292705792223829,0.2818340913772357,0.27218564619210994,0.2836195301503911,0.44256066118665893,0.4360701048601826,0.26856259194237475,0.3048917876079045
0.21463468896270388,0.16315443528919038,0.13588387720287376,0.29439856888423244,0.18571918667354537,0.19326707815513156,0.16413665465020943,0.2997151812196073,0.16420489668823146,0.2787283507767583,0.16760732095018505,0.34638017245913055,0.16343034314173477,0.2720592729685132,0.2689928824617134,0.16036828247612145,0.4760798319517471,0.16528760299686607,0.15711233256625612,0.16127168476001164,0.16143966585699387,0.15529101428355152,0.1751199859319148,0.3656374302244807,0.44116271662380246,0.3834323584328221,0.15932546240366108,0.2880256286690456,0.1921264085176151,0.16995618751694952,0.25946317725256896,0.25753072954021716,0.0,0.2021035610981149,0.24383967287816433,0.2637578237079752,0.15739097075137587,0.23298673029738448,1.0,0.22317882185408322,0.26085728058199475,0.16080649844137074,0.1623015045875279,0.3162930040285805,0.3129415553883679,0.2070507479003152,0.3020319497467119,0.25172188137501106,0.25730445962004733,0.1993495784668461
0.31593810205438555,0.41907564700062105,0.22844061763018453,0.2644614118553664,0.4783777035399863,0.393165977852055,0.3546749772265927,0.2700441184957042,0.30520591641243355,0.271835516521552,0.5248644294429431,0.26629325937593873,0.5494785520621837,0.26076278897134164,0.2524153615254121,0.36077077095451593,0.3495854324084796,0.4977325904468949,0.4572972695583848,0.3603156726115937,0.5114664025306159,0.49527404843831635,0.5230165768356074,0.4027783416881914,0.3493371850898078,0.3240079342284591,0.5491423600075094,0.26060766963303916,0.29956207513314737,0.31885667705357323,0.2519453647207528,0.5160380033673054,0.0,0.5044109505787837,0.424321353019926,0.2662605117460154,0.33860910896337526,0.5380247787013188,0.22317882185408322,1.0,0.2513579332159165,0.4273289999040537,0.55445455952789,0.27111511721109094,0.27126570989403453,0.28974776168350425,0.44697126628323713,0.45356204858352345,0.2629407845637681,0.30966662309721027
