../ecoli_genomes/GCF_000163235.1_ASM16323v1_genomic.fna.gz,../ecoli_genomes/GCF_000164555.1_ASM16455v1_genomic.fna.gz,../ecoli_genomes/GCF_000208545.1_ASM20854v2_genomic.fna.gz,../ecoli_genomes/GCF_000233875.1_ASM23387v1_genomic.fna.gz,../ecoli_genomes/GCF_000249735.1_ASM24973v2_genomic.fna.gz,../ecoli_genomes/GCF_000261145.1_Esch_coli_M919_V2_genomic.fna.gz,../ecoli_genomes/GCF_000267705.2_ASM26770v2_genomic.fna.gz,../ecoli_genomes/GCF_000350665.1_Esch_coli_KTE5_V1_genomic.fna.gz,../ecoli_genomes/GCF_000351625.1_Esch_coli_KTE66_V1_genomic.fna.gz,../ecoli_genomes/GCF_000352285.1_Esch_coli_KTE46_V1_genomic.fna.gz,../ecoli_genomes/GCF_000358895.1_ASM35889v1_genomic.fna.gz,../ecoli_genomes/GCF_000456385.1_Esch_coli_HVH_26_4-5703913_V1_genomic.fna.gz,../ecoli_genomes/GCF_000458195.1_Esch_coli_HVH_147_4-5893887_V1_genomic.fna.gz,../ecoli_genomes/GCF_000459755.1_Esch_coli_KOEGE_58_171a_V1_genomic.fna.gz,../ecoli_genomes/GCF_000460055.1_Esch_coli_UMEA_3053-1_V1_genomic.fna.gz,../ecoli_genomes/GCF_000462165.2_ASM46216v2_genomic.fna.gz,../ecoli_genomes/GCF_000601135.1_ASM60113v1_genomic.fna.gz,../ecoli_genomes/GCF_000614595.1_Ec2010EL1058_genomic.fna.gz,../ecoli_genomes/GCF_000617745.1_Ec2010C-4529_genomic.fna.gz,../ecoli_genomes/GCF_000618265.2_EcF6751_genomic.fna.gz,../ecoli_genomes/GCF_000619005.2_Ec2009C-4052_genomic.fna.gz,../ecoli_genomes/GCF_000619105.1_Ec2009C-4780_genomic.fna.gz,../ecoli_genomes/GCF_000619765.2_Ec2009C-3279_genomic.fna.gz,../ecoli_genomes/GCF_000687005.1_ASM68700v1_genomic.fna.gz,../ecoli_genomes/GCF_000687025.1_ASM68702v1_genomic.fna.gz,../ecoli_genomes/GCF_000700125.1_ASM70012v1_genomic.fna.gz,../ecoli_genomes/GCF_000753315.1_FHI35_genomic.fna.gz,../ecoli_genomes/GCF_000776375.1_ASM77637v1_genomic.fna.gz,../ecoli_genomes/GCF_000779395.1_ASM77939v1_genomic.fna.gz,../ecoli_genomes/GCF_000780315.1_ASM78031v1_genomic.fna.gz,../ecoli_genomes/GCF_000781995.1_ASM78199v1_genomic.fna.gz,../ecoli_genomes/GCF_000986765.1_ASM98676v1_genomic.fna.gz,../ecoli_genomes/GCF_001041375.1_ViralProj287958_genomic.fna.gz,../ecoli_genomes/GCF_001265335.1_302014_genomic.fna.gz,../ecoli_genomes/GCF_001265625.1_100854_genomic.fna.gz,../ecoli_genomes/GCF_001267345.1_303289_genomic.fna.gz,../ecoli_genomes/GCF_001309985.1_ASM130998v1_genomic.fna.gz,../ecoli_genomes/GCF_001521695.1_ASM152169v1_genomic.fna.gz,../ecoli_genomes/GCF_001592595.1_ASM159259v1_genomic.fna.gz,../ecoli_genomes/GCF_001614975.1_ASM161497v1_genomic.fna.gz,../ecoli_genomes/GCF_001692775.1_ASM169277v1_genomic.fna.gz,../ecoli_genomes/GCF_001748915.1_ASM174891v1_genomic.fna.gz,../ecoli_genomes/GCF_001749235.1_ASM174923v1_genomic.fna.gz,../ecoli_genomes/GCF_001881155.1_ASM188115v1_genomic.fna.gz,../ecoli_genomes/GCF_001881345.1_ASM188134v1_genomic.fna.gz,../ecoli_genomes/GCF_001892405.1_ASM189240v1_genomic.fna.gz,../ecoli_genomes/GCF_001892585.1_ASM189258v1_genomic.fna.gz,../ecoli_genomes/GCF_001893985.1_ASM189398v1_genomic.fna.gz,../ecoli_genomes/GCF_002001595.1_ASM200159v1_genomic.fna.gz,../ecoli_genomes/GCF_002002145.1_ASM200214v1_genomic.fna.gz
1.0,0.38177698608172095,0.3153438974487257,0.3295039351816589,0.35266889029797466,0.34371691007271843,0.3553683568844913,0.34024798586202143,0.43448157292596756,0.34626976232093454,0.3854641483255422,0.34544872599999954,0.3781991917875567,0.3288196749981912,0.3192091960592782,0.35841816588327813,0.3185541351782605,0.36633880355205317,0.35995105385795,0.3563269807958537,0.3488126862781078,0.34098529604854333,0.3716893030283729,0.3637195692266998,0.3251960126076614,0.29138732297315206,0.3648327054236189,0.3360420776056766,0.39748617058317315,0.43297506184923484,0.30872478065087017,0.36925753864218713,0.0,0.365622849751827,0.3657423132497971,0.3269744598159461,0.345844579100689,0.372946620729276,0.3104273199753179,0.3760607600757545,0.31268631800580604,0.3641550172365632,0.3715198471977571,0.338870044698372,0.34935243359855095,0.3666170036429608,0.3630889004090141,0.36181786865408705,0.32251060215204663,0.40235485649407443
0.38177698608172095,1.0,0.3009533090492934,0.3256881479576529,0.4232156304425847,0.5270928718797783,0.39038649835601646,0.33145006885589,0.3483294905155888,0.33879957476546707,0.4781339273451404,0.3347819247105134,0.4706997696269788,0.3264540326873808,0.31547355061574733,0.39384717207751496,0.3980548451662047,0.4660714028792504,0.4427618647346673,0.39575295968589397,0.4443582514014611,0.4167309654929009,0.4637059376298339,0.5080531305101328,0.46083991889047227,0.3885009764087457,0.456363001504247,0.3329906162459978,0.3632626322850282,0.3608785639752524,0.30687215456820116,0.44008592903413335,0.0,0.44528724913933593,0.5794231591545342,0.32361285710953946,0.37670500517305927,0.4672571125457966,0.2899558452206311,0.4695353993483081,0.3131980754285245,0.49846711305823843,0.46564570809679096,0.34148973820758843,0.3437068008732934,0.33726255048984377,0.5071250160823928,0.5061299513374944,0.33616530177064474,0.3645363359610685
0.3153438974487257,0.3009533090492934,1.0,0.2628059520418934,0.27029207474941574,0.2625864852131331,0.27847472990689137,0.2632322167676624,0.30354192325577034,0.2724912441176014,0.3061738154835647,0.26225009458556003,0.2996636768434031,0.2685297299653081,0.25876584689181714,0.28109431738434265,0.22350540366664673,0.28902841230424625,0.27530002897390116,0.2831383691374283,0.28564272601375507,0.269195694451864,0.29348513053692293,0.2576415868589892,0.23603180774308552,0.21853292842658756,0.29185486225960455,0.2653662745381391,0.308844025657268,0.315228850457541,0.25078970524930644,0.27838440625257443,0.0,0.284085768027181,0.28130118691547856,0.273792859934597,0.2679588535312193,0.2918540128758289,0.2423370069335773,0.30057954672340836,0.2600505441362252,0.28507442532660887,0.2984797379625913,0.2696992918476402,0.26476513774272836,0.2903973989448829,0.2866899096711546,0.2853261621403179,0.2772896365590308,0.3143830833684512
0.3295039351816589,0.3256881479576529,0.2628059520418934,1.0,0.3421926953948268,0.3036772649413154,0.29889658910871975,0.5322126993526163,0.34929226074821484,0.56272869419338,0.32197932233012316,0.5228941814161603,0.34167442403507575,0.5739798619899865,0.592102957937481,0.32823420337328,0.2751816686203732,0.3155590938953442,0.3072204461982029,0.301531776840681,0.3037032823692535,0.28716644844801775,0.32165267087189287,0.31292170552806164,0.29317643880884203,0.2667554099297109,0.3156873142246728,0.5425102987233115,0.3564890805848938,0.3269759225021096,0.5375745360562405,0.34127219568515277,0.0,0.30387295644113954,0.3117571517249933,0.45417971548692826,0.30151010446095294,0.3084951535215986,0.4428761689114218,0.31186361557310116,0.5620245724823482,0.31192234217650816,0.3149939566049853,0.5468241665494804,0.5347900010483162,0.3389908085053127,0.30922425861180447,0.30777842922288157,0.4839228893597003,0.3605499852497397
0.35266889029797466,0.4232156304425847,0.27029207474941574,0.3421926953948268,1.0,0.42648708535511604,0.3675281344094583,0.3399732200771811,0.3714024999321984,0.35418803983420133,0.5270487337583524,0.3105469339132807,0.5323979321182213,0.3208424460073567,0.34567033023714355,0.41826350496091125,0.3778588175388319,0.4410341849703012,0.44094105592437494,0.3676258113154256,0.4545748265093509,0.4133752317111383,0.4547606736747002,0.43769662641205254,0.40610276950472557,0.38474199635720396,0.4615187319663502,0.2966056093210755,0.3410861592700386,0.3481522051464594,0.3246074612881217,0.4958129909379215,0.0,0.46372856771487825,0.42938663648204745,0.2983098641377082,0.37931799765465724,0.46807049445227444,0.2899052615556992,0.4808079207758965,0.3403735194667985,0.4447491897394358,0.4856980006618187,0.309520944657219,0.3135118556733052,0.3148412921078604,0.4538263156126032,0.45407721254978006,0.3054871744995393,0.3374553003221855
0.34371691007271843,0.5270928718797783,0.2625864852131331,0.3036772649413154,0.42648708535511604,1.0,0.38639048666297693,0.31871966472856894,0.32665555939509483,0.30947085229714477,0.4349105392334973,0.2970623886053467,0.441055457476185,0.3024627023077314,0.29747077908531816,0.3813865282618565,0.37948421209599004,0.4358360739526119,0.43337122445886667,0.376680203186436,0.406677866325141,0.4707700249271246,0.43623521378571184,0.4822463545235115,0.44220641544776595,0.3720093392909234,0.41388310869534384,0.301916418482604,0.3411510318012815,0.3258027058007873,0.28451384764353893,0.4188962643706121,0.0,0.4289377039233083,0.5366395706336765,0.3087061556897228,0.3709105086929684,0.42539704983735893,0.3046759172786895,0.43137964749578606,0.2932271174085139,0.47747328392733934,0.43305803145548005,0.3065273365919805,0.3080168176981162,0.3096366803747719,0.4729578308711522,0.47444506941107456,0.30112461491540654,0.34052794252142293
0.3553683568844913,0.39038649835601646,0.27847472990689137,0.29889658910871975,0.3675281344094583,0.38639048666297693,1.0,0.3056326401629962,0.3448974868461998,0.30645308169506746,0.41274794123356984,0.29402353360699574,0.4046997545259484,0.3020257666466951,0.29007108403132154,0.7422325016527694,0.3102122083643891,0.43816664410727524,0.42543049990518755,0.8518906832351577,0.4345032227283946,0.4006340690942056,0.44157980465619573,0.36420060368853413,0.3231042785162136,0.30754384151763836,0.4080511518696692,0.29860157234964113,0.3365917705445227,0.3461561493551224,0.2802817828150017,0.3830927013256735,0.0,0.40480290312122746,0.4082815694574816,0.31904029498940134,0.7940493840462106,0.3857930461034704,0.2930725887995359,0.4048149784011156,0.2836736087279135,0.40018262190212406,0.4077178051277015,0.3038191671384959,0.30135805698400175,0.31511879982456015,0.38643739926205933,0.38477854541637724,0.29804504194509895,0.3461980504448898
0.34024798586202143,0.33145006885589,0.2632322167676624,0.5322126993526163,0.3399732200771811,0.31871966472856894,0.3056326401629962,1.0,0.3427817579800877,0.5443941886229389,0.32476770874414307,0.5021755669647512,0.34666246976669846,0.5184237520409818,0.5166785200657888,0.3276961992468811,0.2825451876346238,0.3217297246440234,0.313525534995997,0.30773761960711976,0.3039433845094416,0.2931309231311042,0.3226475797561188,0.32789340632974706,0.30115098554842057,0.2755831771227055,0.3190200612500107,0.6855202269510632,0.36078129904056133,0.32937683364010306,0.5017157874663243,0.3384932672326695,0.0,0.3169043172692644,0.3198697352188281,0.4456508901283919,0.3035195248559015,0.32968586850308046,0.4441913804143265,0.3248069280634175,0.5178874428428959,0.3201407381745627,0.3250699629939173,0.68807626010005,0.664992573153702,0.33512812584637164,0.31336274498543315,0.3122999470968074,0.47709792394582584,0.35584664680619627
0.43448157292596756,0.3483294905155888,0.30354192325577034,0.34929226074821484,0.3714024999321984,0.32665555939509483,0.3448974868461998,0.3427817579800877,1.0,0.36031841606253967,0.36593486444040346,0.31209647772458915,0.384984476979777,0.3343521924451519,0.34220909061137594,0.3696985200559788,0.2835802868511217,0.35111081146085055,0.3349211567523658,0.349274411941657,0.33866759450677,0.32235767413522054,0.35536168452061956,0.33713330981375744,0.29908594207553174,0.28275070740335795,0.355339899682686,0.3195973042603538,0.37750237818550647,0.4536842319814526,0.3295236800225425,0.35632448936859784,0.0,0.3428401940525123,0.3432504101547508,0.3320054144846645,0.3451328771734151,0.3440825543693785,0.2882376738549688,0.3603655559551532,0.3353343057001128,0.3484267099109669,0.3604883772932843,0.32280412249343104,0.319127228554541,0.3598030720533365,0.34749729062860113,0.3464303727317245,0.318168770728825,0.388627853339783
0.34626976232093454,0.33879957476546707,0.2724912441176014,0.56272869419338,0.35418803983420133,0.30947085229714477,0.30645308169506746,0.5443941886229389,0.36031841606253967,1.0,0.33954036715098246,0.503059123991544,0.35980666741465517,0.5424503540980301,0.5436042881657602,0.3335704127988204,0.2634467237627537,0.3211641052449107,0.3132845083774689,0.3091074480796341,0.3099786711469116,0.29357900874177667,0.32098297435280077,0.3141714222148758,0.2865826449612775,0.2726346122155615,0.32619112232698666,0.5318242378644846,0.36221910600011487,0.34256994640619765,0.554772874093868,0.33177732388130066,0.0,0.3113768177243338,0.3215083191840079,0.46934518140044157,0.3074600128594972,0.32226785070614217,0.4502985944392063,0.33115380892499946,0.5703261537621402,0.32112353386386006,0.32716989112318506,0.5390691704700079,0.5378030275781525,0.33663495909172714,0.3198717518330496,0.31822587976450856,0.5102400336917041,0.36011207290125136
0.3854641483255422,0.4781339273451404,0.3061738154835647,0.32197932233012316,0.5270487337583524,0.4349105392334973,0.41274794123356984,0.32476770874414307,0.36593486444040346,0.33954036715098246,1.0,0.3218223456394218,0.5716312462715878,0.33275790124171334,0.31729284206654074,0.41817279763357973,0.3621717009487949,0.5285921438411947,0.5133962708783907,0.4156758600194722,0.5233188101306003,0.49403656149645403,0.5382733295906152,0.4263293864788784,0.37051991190240896,0.36276808269289795,0.5394547227002529,0.32677324655683126,0.3641889687111015,0.3718355535486302,0.3085576963629285,0.48817167478514567,0.0,0.5153243263361573,0.47820913515451235,0.3381486579384676,0.40266932383243004,0.5249718199384588,0.29955341071154185,0.5625129183746629,0.31399561153449296,0.4883643669832318,0.5563661666652431,0.3296801432303439,0.32785695905784273,0.34390227682161145,0.48872010066917904,0.4852350479436447,0.3317978886996704,0.37274514860930186
0.34544872599999954,0.3347819247105134,0.26225009458556003,0.5228941814161603,0.3105469339132807,0.2970623886053467,0.29402353360699574,0.5021755669647512,0.31209647772458915,0.503059123991544,0.3218223456394218,1.0,0.321805638330114,0.5178026543987412,0.6011575557172213,0.30080201399103457,0.28157472188296795,0.30971542479070224,0.304855423703458,0.2955694694427824,0.305109130392077,0.2886746423427561,0.3166267305580368,0.308881879502377,0.28756668281611075,0.25734207474871174,0.31249687405434856,0.5114975269793638,0.36281394414722723,0.31693637864724533,0.4680066499577107,0.3182860460862633,0.0,0.31212692723947544,0.3153286455810682,0.43641682185923514,0.28810241137366477,0.3204164555398369,0.4404879120685232,0.31543000705342683,0.4859865727319239,0.30758464294938137,0.31792018481509177,0.5189201229892316,0.5182801779777328,0.33634709037722654,0.31630054071864,0.316019279417908,0.4630979297883858,0.35204226275980044
0.3781991917875567,0.4706997696269788,0.2996636768434031,0.34167442403507575,0.5323979321182213,0.441055457476185,0.4046997545259484,0.34666246976669846,0.384984476979777,0.35980666741465517,0.5716312462715878,0.321805638330114,1.0,0.3303161381607974,0.34164782445064246,0.4326713314487576,0.37223017018310967,0.5363388894577203,0.5296665521873195,0.4071306131080733,0.539619625300976,0.5352257122820898,0.5903289776822902,0.4477687455003099,0.388475727918013,0.3732948612224969,0.5691110092401634,0.3221642711916237,0.3621052408394908,0.3816915758395578,0.3215191449126479,0.5400256419275818,0.0,0.5616654806654764,0.47567260156882396,0.32800453379435357,0.4083421197397892,0.5439225189600845,0.30037677297835497,0.5833706190552814,0.3304387345149863,0.48003033958205976,0.5745755047310708,0.32667254126114387,0.32291700837405846,0.3373569830484153,0.48227372249096,0.4804010030140582,0.32700234749451607,0.3699328175863532
0.3288196749981912,0.3264540326873808,0.2685297299653081,0.5739798619899865,0.3208424460073567,0.3024627023077314,0.3020257666466951,0.5184237520409818,0.3343521924451519,0.5424503540980301,0.33275790124171334,0.5178026543987412,0.3303161381607974,1.0,0.5823172707263332,0.3129356614023139,0.25171269131729423,0.31891238729201765,0.3077511918726461,0.30601306792008687,0.3028616516715412,0.29200262620670137,0.32306131312670827,0.2883361201648331,0.2684281040237281,0.25056743783119406,0.31903318469002695,0.5497909465033409,0.3616478756454844,0.3229589495140285,0.5210703384632578,0.31750597381946144,0.0,0.31087409989060444,0.314899393777721,0.4579610147516209,0.2969205773792769,0.3158416975595283,0.4384912176718416,0.3184565576642323,0.5370996836726866,0.3148619118620535,0.32258657736090024,0.5470589595574473,0.5345455400023826,0.34212038076207296,0.31397311404412676,0.31344981429727337,0.49041204473993194,0.36592610414221305
0.3192091960592782,0.31547355061574733,0.25876584689181714,0.592102957937481,0.34567033023714355,0.29747077908531816,0.29007108403132154,0.5166785200657888,0.34220909061137594,0.5436042881657602,0.31729284206654074,0.6011575557172213,0.34164782445064246,0.5823172707263332,1.0,0.31943948058111404,0.2611353390114143,0.30701745130031766,0.29498059937671894,0.29268578622187447,0.29466576031728553,0.2841157022366799,0.3148407088857553,0.301520832837727,0.27846381612330706,0.26833498623268837,0.3096364376976556,0.5178364318343841,0.35016714009156136,0.3219101237632783,0.5282325571777873,0.32891809943876626,0.0,0.30315173601298306,0.30484788927277784,0.4442445708492233,0.29342369677776037,0.3090948314198003,0.4328270054373491,0.3101470717151831,0.5458284019699968,0.30459521918529153,0.3138617556324471,0.5177583130738164,0.5079947710666779,0.3357303098452883,0.3115989869573954,0.3112010719024565,0.4756824389470016,0.3658022552493465
0.35841816588327813,0.39384717207751496,0.28109431738434265,0.32823420337328,0.41826350496091125,0.3813865282618565,0.7422325016527694,0.3276961992468811,0.3696985200559788,0.3335704127988204,0.41817279763357973,0.30080201399103457,0.4326713314487576,0.3129356614023139,0.31943948058111404,1.0,0.32556691127851334,0.42355204225556264,0.4176832090918299,0.7518066419837031,0.4160070464190275,0.3940003637967765,0.4272180773992281,0.3853408713964179,0.345966662535545,0.34688567754244404,0.40045875995476754,0.30465533561815883,0.3434532982361642,0.36294133622919933,0.3046638839537651,0.40296332781697686,0.0,0.4009957202020348,0.402994076055896,0.31840965420677136,0.7379751963458006,0.38929166574259366,0.2853709811123665,0.399580031604004,0.31042319657065087,0.3982255265108108,0.40691718872186267,0.30718977159802285,0.3070077088261558,0.31900062769496085,0.38794930015548446,0.38740923934971894,0.3042646286869064,0.3458580226078597
0.3185541351782605,0.3980548451662047,0.22350540366664673,0.2751816686203732,0.3778588175388319,0.37948421209599004,0.3102122083643891,0.2825451876346238,0.2835802868511217,0.2634467237627537,0.3621717009487949,0.28157472188296795,0.37223017018310967,0.25171269131729423,0.2611353390114143,0.32556691127851334,1.0,0.34510929107471655,0.34120639160521626,0.3067670048066631,0.34188089331625005,0.32924137507872275,0.36359917681781984,0.5723668127766651,0.5826533297290701,0.4140692140518277,0.3511709645200819,0.25115843038371655,0.27284644477342335,0.2834034751908623,0.24674390440242133,0.45284277704893794,0.0,0.37038559675619,0.40692832893737474,0.2573577894327913,0.31122178865038985,0.3488752498075153,0.31866908602880284,0.3725446705697041,0.24946888001548595,0.3795962121519356,0.3586984847446484,0.27853962237749175,0.2835536783747745,0.2741762225248938,0.41633193865965823,0.41423265644574614,0.24406860808506647,0.2728307352916466
0.36633880355205317,0.4660714028792504,0.28902841230424625,0.3155590938953442,0.4410341849703012,0.4358360739526119,0.43816664410727524,0.3217297246440234,0.35111081146085055,0.3211641052449107,0.5285921438411947,0.30971542479070224,0.5363388894577203,0.31891238729201765,0.30701745130031766,0.42355204225556264,0.34510929107471655,1.0,0.5585851882927693,0.43704641518114595,0.5460168793138296,0.5118140317537367,0.5693811043516747,0.40666388742214,0.35660435256037026,0.34106113063833976,0.5336475870682588,0.31880310753135954,0.3537221192730803,0.359624833820823,0.2982891994382827,0.4804335137465935,0.0,0.516286107300604,0.4652029901881215,0.34132283667753915,0.4203118440786806,0.49513067647480047,0.30721215163894566,0.5321910261649336,0.3022376655676039,0.46611512950249123,0.5280304388405996,0.31997292885327133,0.31608719185060963,0.32739647546705497,0.461004041446185,0.45973361317839645,0.31488110883829723,0.36197261409572656
0.35995105385795,0.4427618647346673,0.27530002897390116,0.3072204461982029,0.44094105592437494,0.43337122445886667,0.42543049990518755,0.313525534995997,0.3349211567523658,0.3132845083774689,0.5133962708783907,0.304855423703458,0.5296665521873195,0.3077511918726461,0.29498059937671894,0.4176832090918299,0.34120639160521626,0.5585851882927693,1.0,0.42089590009269817,0.5400846542981168,0.5281717710488375,0.5538473637395938,0.4010030146133482,0.3536555986524986,0.3386916584113582,0.5202392114302838,0.30724362190367815,0.3400568306133326,0.34375809096431154,0.28412485588220815,0.47316445920073413,0.0,0.5066992710146028,0.46223090537206735,0.32495411877331826,0.4089856856259485,0.48245726018403945,0.29371971252271967,0.5190845352471756,0.2912682405173965,0.4565436817302928,0.517244462166048,0.31450027503235034,0.3121338000076942,0.31909622736207977,0.44589168005585755,0.4446751083648611,0.3065020507409436,0.3478883506244599
0.3563269807958537,0.39575295968589397,0.2831383691374283,0.301531776840681,0.3676258113154256,0.376680203186436,0.8518906832351577,0.30773761960711976,0.349274411941657,0.3091074480796341,0.4156758600194722,0.2955694694427824,0.4071306131080733,0.30601306792008687,0.29268578622187447,0.7518066419837031,0.3067670048066631,0.43704641518114595,0.42089590009269817,1.0,0.43676651379724674,0.3924195315056277,0.4399822190051229,0.3580569871349687,0.3237648747522993,0.30594007424722547,0.4107128059200309,0.3026564736291162,0.3409033882772977,0.3493326597625287,0.28220648186733843,0.38466634755105644,0.0,0.4009883663938555,0.4053429214869608,0.32111409778511235,0.7936128083903505,0.38950174746020017,0.28831079938231663,0.4097814294694464,0.28622201013022674,0.39501903333521726,0.40892242642152155,0.30504775610630397,0.3022745867161507,0.3208893013571871,0.38789533884690786,0.38709222984957947,0.30225421299065625,0.35046404204306547
0.3488126862781078,0.4443582514014611,0.28564272601375507,0.3037032823692535,0.4545748265093509,0.406677866325141,0.4345032227283946,0.3039433845094416,0.33866759450677,0.3099786711469116,0.5233188101306003,0.305109130392077,0.539619625300976,0.3028616516715412,0.29466576031728553,0.4160070464190275,0.34188089331625005,0.5460168793138296,0.5400846542981168,0.43676651379724674,1.0,0.5119764715545929,0.5784481739489118,0.3984691844465349,0.3510097821370052,0.34536389731537376,0.5464700804798526,0.30483970416416095,0.34011627498357044,0.3478756048499385,0.2815127410894511,0.4891490238440992,0.0,0.535164475333894,0.45171828057456287,0.32328102191770625,0.4162904024462206,0.5088264538008653,0.28691821326996325,0.5397112181755283,0.29193563265496014,0.4362607338724762,0.5348707203971514,0.3073850179496318,0.306144110827683,0.32638926744522545,0.4551557668483517,0.45422567255482427,0.3062525367474429,0.3478608615202743
0.34098529604854333,0.4167309654929009,0.269195694451864,0.28716644844801775,0.4133752317111383,0.4707700249271246,0.4006340690942056,0.2931309231311042,0.32235767413522054,0.29357900874177667,0.49403656149645403,0.2886746423427561,0.5352257122820898,0.29200262620670137,0.2841157022366799,0.3940003637967765,0.32924137507872275,0.5118140317537367,0.5281717710488375,0.3924195315056277,0.5119764715545929,1.0,0.6598334411170156,0.3792292903527965,0.33395822749195947,0.31961788600074015,0.5061651893320323,0.29127950726168683,0.3238031840734418,0.32675979162151714,0.26818559689930643,0.4593935021768252,0.0,0.5887341451705361,0.42686918525873396,0.3034103896701189,0.3852034565286455,0.4766740757499518,0.2752224067164296,0.5099437086433776,0.2741898631385503,0.4239670012683756,0.5135780979346406,0.29735561312393965,0.29370994017458885,0.3048538808958371,0.4233862045449869,0.4215537787440832,0.2909706929966557,0.33422059182612507
0.3716893030283729,0.4637059376298339,0.29348513053692293,0.32165267087189287,0.4547606736747002,0.43623521378571184,0.44157980465619573,0.3226475797561188,0.35536168452061956,0.32098297435280077,0.5382733295906152,0.3166267305580368,0.5903289776822902,0.32306131312670827,0.3148407088857553,0.4272180773992281,0.36359917681781984,0.5693811043516747,0.5538473637395938,0.4399822190051229,0.5784481739489118,0.6598334411170156,1.0,0.4148091885616292,0.3719295608912828,0.34276818878574933,0.5719869686455156,0.3215575094894574,0.35475255169754716,0.35410534092502766,0.2963426569099811,0.521002815283473,0.0,0.6496577117011992,0.46890073249464637,0.33084422566217986,0.422754045290467,0.5291562274989872,0.30843563592568046,0.561310272526033,0.3017905647292901,0.4612458925109175,0.5589044128746282,0.3237101758934291,0.320639552635537,0.3338800869821963,0.46028244709878496,0.45917241633498984,0.3168236836403098,0.3625527866829137
0.3637195692266998,0.5080531305101328,0.2576415868589892,0.31292170552806164,0.43769662641205254,0.4822463545235115,0.36420060368853413,0.32789340632974706,0.33713330981375744,0.3141714222148758,0.4263293864788784,0.308881879502377,0.4477687455003099,0.2883361201648331,0.301520832837727,0.3853408713964179,0.5723668127766651,0.40666388742214,0.4010030146133482,0.3580569871349687,0.3984691844465349,0.3792292903527965,0.4148091885616292,1.0,0.604099942281644,0.431454303409459,0.4116839675497159,0.2859630286801478,0.31840496012102104,0.33649308143332846,0.28822059413827206,0.46460310376647895,0.0,0.4132736848003321,0.5264671826291449,0.2938370335200404,0.36498830320862796,0.39923752358508247,0.32442610583351983,0.42343931377582333,0.29681668716939813,0.4565949421783252,0.41407934824107295,0.3102445206262041,0.3121460460460469,0.31039909750470474,0.4682987360676565,0.46441147622599044,0.2846460006438426,0.32058247329263
0.3251960126076614,0.46083991889047227,0.23603180774308552,0.29317643880884203,0.40610276950472557,0.44220641544776595,0.3231042785162136,0.30115098554842057,0.29908594207553174,0.2865826449612775,0.37051991190240896,0.28756668281611075,0.388475727918013,0.2684281040237281,0.27846381612330706,0.345966662535545,0.5826533297290701,0.35660435256037026,0.3536555986524986,0.3237648747522993,0.3510097821370052,0.33395822749195947,0.3719295608912828,0.604099942281644,1.0,0.42933608158985825,0.36155053054632524,0.2614010991902104,0.2869688240272201,0.29541242153737424,0.26730514677564976,0.45197917541543775,0.0,0.37213862018940747,0.4769813529913155,0.26168965648729936,0.3269049659163772,0.3655137746727445,0.3152030387250243,0.37916979219640545,0.2698727800387073,0.40102261267677275,0.37068513923978197,0.29563053844767895,0.2940574908442988,0.28770693419639204,0.4281664868898112,0.4281733381728471,0.26693187122609285,0.28622629410078193
0.29138732297315206,0.3885009764087457,0.21853292842658756,0.2667554099297109,0.38474199635720396,0.3720093392909234,0.30754384151763836,0.2755831771227055,0.28275070740335795,0.2726346122155615,0.36276808269289795,0.25734207474871174,0.3732948612224969,0.25056743783119406,0.26833498623268837,0.34688567754244404,0.4140692140518277,0.34106113063833976,0.3386916584113582,0.30594007424722547,0.34536389731537376,0.31961788600074015,0.34276818878574933,0.431454303409459,0.42933608158985825,1.0,0.3417585430430291,0.24893142515303168,0.26788171123805005,0.27945152411429763,0.2520129524858826,0.3728346527048707,0.0,0.35212348794085035,0.4029367953370545,0.24960497156616146,0.3114686669296669,0.35949401804225056,0.2533037991711281,0.35822125087282775,0.254397848611592,0.38205534270408525,0.3513820146700619,0.271881073563388,0.2700247581486651,0.2570408609893188,0.3941074240980208,0.410960504277355,0.25316315645978205,0.27189277449879967
0.3648327054236189,0.456363001504247,0.29185486225960455,0.3156873142246728,0.4615187319663502,0.41388310869534384,0.4080511518696692,0.3190200612500107,0.355339899682686,0.32619112232698666,0.5394547227002529,0.31249687405434856,0.5691110092401634,0.31903318469002695,0.3096364376976556,0.40045875995476754,0.3511709645200819,0.5336475870682588,0.5202392114302838,0.4107128059200309,0.5464700804798526,0.5061651893320323,0.5719869686455156,0.4116839675497159,0.36155053054632524,0.3417585430430291,1.0,0.31375546870433635,0.353696685215127,0.3559198613958212,0.2989188854586824,0.5081829975452485,0.0,0.5278268183491802,0.4638462673916509,0.32639194517606973,0.3925192083948188,0.5984242639959971,0.28681379915144767,0.5706539627877507,0.3058489098362992,0.4573633029864599,0.6399080119177611,0.32244990645497207,0.31463605825873875,0.33383628673381616,0.4588843455492029,0.4568221816185515,0.31940779295012656,0.3605492608172953
0.3360420776056766,0.3329906162459978,0.2653662745381391,0.5425102987233115,0.2966056093210755,0.301916418482604,0.29860157234964113,0.6855202269510632,0.3195973042603538,0.5318242378644846,0.32677324655683126,0.5114975269793638,0.3221642711916237,0.5497909465033409,0.5178364318343841,0.30465533561815883,0.25115843038371655,0.31880310753135954,0.30724362190367815,0.3026564736291162,0.30483970416416095,0.29127950726168683,0.3215575094894574,0.2859630286801478,0.2614010991902104,0.24893142515303168,0.31375546870433635,1.0,0.3651944588148647,0.32213873772476176,0.49569525893934163,0.31906528494857633,0.0,0.3110031853883266,0.31361561365504464,0.45269063592518444,0.29176551268868,0.32181893830800834,0.4443652299127133,0.31632180842613455,0.5084875235757081,0.3132670470353994,0.31782862965760006,0.7958860594482564,0.767978479726201,0.3328441827651687,0.31160459947349106,0.3110859570784955,0.4996951137866733,0.3535952711897814
0.39748617058317315,0.3632626322850282,0.308844025657268,0.3564890805848938,0.3410861592700386,0.3411510318012815,0.3365917705445227,0.36078129904056133,0.37750237818550647,0.36221910600011487,0.3641889687111015,0.36281394414722723,0.3621052408394908,0.3616478756454844,0.35016714009156136,0.3434532982361642,0.27284644477342335,0.3537221192730803,0.3400568306133326,0.3409033882772977,0.34011627498357044,0.3238031840734418,0.35475255169754716,0.31840496012102104,0.2869688240272201,0.26788171123805005,0.353696685215127,0.3651944588148647,1.0,0.37675703132174665,0.3392185743875903,0.33981518579450276,0.0,0.3454907074229322,0.3528120863146632,0.3598974050575372,0.3261977445469312,0.3529357764927471,0.3141692770185398,0.35723120720195034,0.3401801171380763,0.34716141205920414,0.355490522919653,0.36018893349857584,0.35954555463465154,0.4277819040840677,0.3487191850279677,0.3480741793280161,0.35247651093729415,0.6344139829647107
0.43297506184923484,0.3608785639752524,0.315228850457541,0.3269759225021096,0.3481522051464594,0.3258027058007873,0.3461561493551224,0.32937683364010306,0.4536842319814526,0.34256994640619765,0.3718355535486302,0.31693637864724533,0.3816915758395578,0.3229589495140285,0.3219101237632783,0.36294133622919933,0.2834034751908623,0.359624833820823,0.34375809096431154,0.3493326597625287,0.3478756048499385,0.32675979162151714,0.35410534092502766,0.33649308143332846,0.29541242153737424,0.27945152411429763,0.3559198613958212,0.32213873772476176,0.37675703132174665,1.0,0.3145486698652884,0.3423977014214348,0.0,0.34228370029587574,0.35504590664357816,0.3285337567769312,0.3411353166522476,0.3510594722995838,0.28636038279738607,0.37094091957821385,0.3202693408838865,0.35034684329297716,0.362278828955258,0.32224178438174933,0.3192265237895707,0.37381700795612804,0.355455084493726,0.3542172944555475,0.3183356333371631,0.3890065117202123
0.30872478065087017,0.30687215456820116,0.25078970524930644,0.5375745360562405,0.3246074612881217,0.28451384764353893,0.2802817828150017,0.5017157874663243,0.3295236800225425,0.554772874093868,0.3085576963629285,0.4680066499577107,0.3215191449126479,0.5210703384632578,0.5282325571777873,0.3046638839537651,0.24674390440242133,0.2982891994382827,0.28412485588220815,0.28220648186733843,0.2815127410894511,0.26818559689930643,0.2963426569099811,0.28822059413827206,0.26730514677564976,0.2520129524858826,0.2989188854586824,0.49569525893934163,0.3392185743875903,0.3145486698652884,1.0,0.31096801897826765,0.0,0.29313781157916274,0.29333965939368023,0.43133173634501876,0.2825987542328068,0.298323999912499,0.40375121816627013,0.2995390779960282,0.6573054247376071,0.2949992793342774,0.3005374651631446,0.49610904485965224,0.48816440781255266,0.31955808877305003,0.29725300823191547,0.2958784443870731,0.4603887357129143,0.3359463037338718
0.36925753864218713,0.44008592903413335,0.27838440625257443,0.34127219568515277,0.4958129909379215,0.4188962643706121,0.3830927013256735,0.3384932672326695,0.35632448936859784,0.33177732388130066,0.48817167478514567,0.3182860460862633,0.5400256419275818,0.31750597381946144,0.32891809943876626,0.40296332781697686,0.45284277704893794,0.4804335137465935,0.47316445920073413,0.38466634755105644,0.4891490238440992,0.4593935021768252,0.521002815283473,0.46460310376647895,0.45197917541543775,0.3728346527048707,0.5081829975452485,0.31906528494857633,0.33981518579450276,0.3423977014214348,0.31096801897826765,1.0,0.0,0.5040158979140548,0.4348512189460272,0.3099925737507655,0.38628131301553936,0.5025390452458007,0.31433707427528146,0.5215491357815683,0.309059313738125,0.4421465407088424,0.5241703145940195,0.3232204829574923,0.33155364257857367,0.32368850504680624,0.45685660411374873,0.4558564202898231,0.299734425989576,0.33958903504627236
0.0,0.0,0.0,0.0,0.0,0.0,0.0,0.0,0.0,0.0,0.0,0.0,0.0,0.0,0.0,0.0,0.0,0.0,0.0,0.0,0.0,0.0,0.0,0.0,0.0,0.0,0.0,0.0,0.0,0.0,0.0,0.0,1.0,0.0,0.0,0.0,0.0,0.0,0.0,0.0,0.0,0.0,0.0,0.0,0.0,0.0,0.0,0.0,0.0,0.0
0.365622849751827,0.44528724913933593,0.284085768027181,0.30387295644113954,0.46372856771487825,0.4289377039233083,0.40480290312122746,0.3169043172692644,0.3428401940525123,0.3113768177243338,0.5153243263361573,0.31212692723947544,0.5616654806654764,0.31087409989060444,0.30315173601298306,0.4009957202020348,0.37038559675619,0.516286107300604,0.5066992710146028,0.4009883663938555,0.535164475333894,0.5887341451705361,0.6496577117011992,0.4132736848003321,0.37213862018940747,0.35212348794085035,0.5278268183491802,0.3110031853883266,0.3454907074229322,0.34228370029587574,0.29313781157916274,0.5040158979140548,0.0,1.0,0.45766822435952825,0.33495835790080297,0.38762592709630606,0.5092586324210994,0.3165899856177965,0.539711956850844,0.29469337745522983,0.45143709111744523,0.5457989274773752,0.3153054230904586,0.31796147255061635,0.3236301207303319,0.452741042082615,0.4518006653288881,0.305095799898049,0.35507758669288625
0.3657423132497971,0.5794231591545342,0.28130118691547856,0.3117571517249933,0.42938663648204745,0.5366395706336765,0.4082815694574816,0.3198697352188281,0.3432504101547508,0.3215083191840079,0.47820913515451235,0.3153286455810682,0.47567260156882396,0.314899393777721,0.30484788927277784,0.402994076055896,0.40692832893737474,0.4652029901881215,0.46223090537206735,0.4053429214869608,0.45171828057456287,0.42686918525873396,0.46890073249464637,0.5264671826291449,0.4769813529913155,0.4029367953370545,0.4638462673916509,0.31361561365504464,0.3528120863146632,0.35504590664357816,0.29333965939368023,0.4348512189460272,0.0,0.45766822435952825,1.0,0.3215073497210251,0.38876404428947886,0.449931689555219,0.2985961284458877,0.4734646256776728,0.30027576146742274,0.509054084573839,0.47185759738929334,0.3188695696722731,0.31910831213638646,0.3263590102545928,0.5074694901058113,0.5054429302288426,0.31513535789128955,0.35488095733085023
0.3269744598159461,0.32361285710953946,0.273792859934597,0.45417971548692826,0.2983098641377082,0.3087061556897228,0.31904029498940134,0.4456508901283919,0.3320054144846645,0.46934518140044157,0.3381486579384676,0.43641682185923514,0.32800453379435357,0.4579610147516209,0.4442445708492233,0.31840965420677136,0.2573577894327913,0.34132283667753915,0.32495411877331826,0.32111409778511235,0.32328102191770625,0.3034103896701189,0.33084422566217986,0.2938370335200404,0.26168965648729936,0.24960497156616146,0.32639194517606973,0.45269063592518444,0.3598974050575372,0.3285337567769312,0.43133173634501876,0.3099925737507655,0.0,0.33495835790080297,0.3215073497210251,1.0,0.30861598469784735,0.3147285063644406,0.4395985578127194,0.33102349694722855,0.4411850829720503,0.3191815464090756,0.32579805724455124,0.4558386404465281,0.4548947103684301,0.33852037620937814,0.3152915859193053,0.31340000137761526,0.45517134931338754,0.3657735086299839
0.345844579100689,0.37670500517305927,0.2679588535312193,0.30151010446095294,0.37931799765465724,0.3709105086929684,0.7940493840462106,0.3035195248559015,0.3451328771734151,0.3074600128594972,0.40266932383243004,0.28810241137366477,0.4083421197397892,0.2969205773792769,0.29342369677776037,0.7379751963458006,0.31122178865038985,0.4203118440786806,0.4089856856259485,0.7936128083903505,0.4162904024462206,0.3852034565286455,0.422754045290467,0.36498830320862796,0.3269049659163772,0.3114686669296669,0.3925192083948188,0.29176551268868,0.3261977445469312,0.3411353166522476,0.2825987542328068,0.38628131301553936,0.0,0.38762592709630606,0.38876404428947886,0.30861598469784735,1.0,0.3749765655781683,0.278057606133873,0.3882730770892313,0.28460653790871093,0.3897097943118464,0.39765080118727514,0.2938058701500279,0.2923216349545329,0.3025740201190099,0.37393885429215334,0.3727527196961733,0.2879827877218093,0.3336159720276657
0.372946620729276,0.4672571125457966,0.2918540128758289,0.3084951535215986,0.46807049445227444,0.42539704983735893,0.3857930461034704,0.32968586850308046,0.3440825543693785,0.32226785070614217,0.5249718199384588,0.3204164555398369,0.5439225189600845,0.3158416975595283,0.3090948314198003,0.38929166574259366,0.3488752498075153,0.49513067647480047,0.48245726018403945,0.38950174746020017,0.5088264538008653,0.4766740757499518,0.5291562274989872,0.39923752358508247,0.3655137746727445,0.35949401804225056,0.5984242639959971,0.32181893830800834,0.3529357764927471,0.3510594722995838,0.298323999912499,0.5025390452458007,0.0,0.5092586324210994,0.449931689555219,0.3147285063644406,0.3749765655781683,1.0,0.29297758580072486,0.5496952349633555,0.30518328628010094,0.45890120550204005,0.6364030287773454,0.3291531695465537,0.3235997742635761,0.33588080530364617,0.47115973808476563,0.4715498299071994,0.32612403504799536,0.356241415658311
0.3104273199753179,0.2899558452206311,0.2423370069335773,0.4428761689114218,0.2899052615556992,0.3046759172786895,0.2930725887995359,0.4441913804143265,0.2882376738549688,0.4502985944392063,0.29955341071154185,0.4404879120685232,0.30037677297835497,0.4384912176718416,0.4328270054373491,0.2853709811123665,0.31866908602880284,0.30721215163894566,0.29371971252271967,0.28831079938231663,0.28691821326996325,0.2752224067164296,0.30843563592568046,0.32442610583351983,0.3152030387250243,0.2533037991711281,0.28681379915144767,0.4443652299127133,0.3141692770185398,0.28636038279738607,0.40375121816627013,0.31433707427528146,0.0,0.3165899856177965,0.2985961284458877,0.4395985578127194,0.278057606133873,0.29297758580072486,1.0,0.3036271283969876,0.42002660250751855,0.2956887976656202,0.2947071414199318,0.45624477904010874,0.4596459406991573,0.30320791214129894,0.30013118521831084,0.29864619874830023,0.4184044641433353,0.3147492144259818
0.3760607600757545,0.4695353993483081,0.30057954672340836,0.31186361557310116,0.4808079207758965,0.43137964749578606,0.4048149784011156,0.3248069280634175,0.3603655559551532,0.33115380892499946,0.5625129183746629,0.31543000705342683,0.5833706190552814,0.3184565576642323,0.3101470717151831,0.399580031604004,0.3725446705697041,0.5321910261649336,0.5190845352471756,0.4097814294694464,0.5397112181755283,0.5099437086433776,0.561310272526033,0.42343931377582333,0.37916979219640545,0.35822125087282775,0.5706539627877507,0.31632180842613455,0.35723120720195034,0.37094091957821385,0.2995390779960282,0.5215491357815683,0.0,0.539711956850844,0.4734646256776728,0.33102349694722855,0.3882730770892313,0.5496952349633555,0.3036271283969876,1.0,0.30700888256842285,0.47497028308977784,0.5801463940795513,0.3235459951181211,0.32721080328471597,0.34370942978010943,0.49641127698685794,0.494795290374206,0.3237611240700795,0.37590025051412224
