../ecoli_genomes/GCF_000163235.1_ASM16323v1_genomic.fna.gz,../ecoli_genomes/GCF_000164555.1_ASM16455v1_genomic.fna.gz,../ecoli_genomes/GCF_000208545.1_ASM20854v2_genomic.fna.gz,../ecoli_genomes/GCF_000233875.1_ASM23387v1_genomic.fna.gz,../ecoli_genomes/GCF_000249735.1_ASM24973v2_genomic.fna.gz,../ecoli_genomes/GCF_000261145.1_Esch_coli_M919_V2_genomic.fna.gz,../ecoli_genomes/GCF_000267705.2_ASM26770v2_genomic.fna.gz,../ecoli_genomes/GCF_000350665.1_Esch_coli_KTE5_V1_genomic.fna.gz,../ecoli_genomes/GCF_000351625.1_Esch_coli_KTE66_V1_genomic.fna.gz,../ecoli_genomes/GCF_000352285.1_Esch_coli_KTE46_V1_genomic.fna.gz,../ecoli_genomes/GCF_000358895.1_ASM35889v1_genomic.fna.gz,../ecoli_genomes/GCF_000456385.1_Esch_coli_HVH_26_4-5703913_V1_genomic.fna.gz,../ecoli_genomes/GCF_000458195.1_Esch_coli_HVH_147_4-5893887_V1_genomic.fna.gz,../ecoli_genomes/GCF_000459755.1_Esch_coli_KOEGE_58_171a_V1_genomic.fna.gz,../ecoli_genomes/GCF_000460055.1_Esch_coli_UMEA_3053-1_V1_genomic.fna.gz,../ecoli_genomes/GCF_000462165.2_ASM46216v2_genomic.fna.gz,../ecoli_genomes/GCF_000601135.1_ASM60113v1_genomic.fna.gz,../ecoli_genomes/GCF_000614595.1_Ec2010EL1058_genomic.fna.gz,../ecoli_genomes/GCF_000617745.1_Ec2010C-4529_genomic.fna.gz,../ecoli_genomes/GCF_000618265.2_EcF6751_genomic.fna.gz,../ecoli_genomes/GCF_000619005.2_Ec2009C-4052_genomic.fna.gz,../ecoli_genomes/GCF_000619105.1_Ec2009C-4780_genomic.fna.gz,../ecoli_genomes/GCF_000619765.2_Ec2009C-3279_genomic.fna.gz,../ecoli_genomes/GCF_000687005.1_ASM68700v1_genomic.fna.gz,../ecoli_genomes/GCF_000687025.1_ASM68702v1_genomic.fna.gz,../ecoli_genomes/GCF_000700125.1_ASM70012v1_genomic.fna.gz,../ecoli_genomes/GCF_000753315.1_FHI35_genomic.fna.gz,../ecoli_genomes/GCF_000776375.1_ASM77637v1_genomic.fna.gz,../ecoli_genomes/GCF_000779395.1_ASM77939v1_genomic.fna.gz,../ecoli_genomes/GCF_000780315.1_ASM78031v1_genomic.fna.gz,../ecoli_genomes/GCF_000781995.1_ASM78199v1_genomic.fna.gz,../ecoli_genomes/GCF_000986765.1_ASM98676v1_genomic.fna.gz,../ecoli_genomes/GCF_001041375.1_ViralProj287958_genomic.fna.gz,../ecoli_genomes/GCF_001265335.1_302014_genomic.fna.gz,../ecoli_genomes/GCF_001265625.1_100854_genomic.fna.gz,../ecoli_genomes/GCF_001267345.1_303289_genomic.fna.gz,../ecoli_genomes/GCF_001309985.1_ASM130998v1_genomic.fna.gz,../ecoli_genomes/GCF_001521695.1_ASM152169v1_genomic.fna.gz,../ecoli_genomes/GCF_001592595.1_ASM159259v1_genomic.fna.gz,../ecoli_genomes/GCF_001614975.1_ASM161497v1_genomic.fna.gz,../ecoli_genomes/GCF_001692775.1_ASM169277v1_genomic.fna.gz,../ecoli_genomes/GCF_001748915.1_ASM174891v1_genomic.fna.gz,../ecoli_genomes/GCF_001749235.1_ASM174923v1_genomic.fna.gz,../ecoli_genomes/GCF_001881155.1_ASM188115v1_genomic.fna.gz,../ecoli_genomes/GCF_001881345.1_ASM188134v1_genomic.fna.gz,../ecoli_genomes/GCF_001892405.1_ASM189240v1_genomic.fna.gz,../ecoli_genomes/GCF_001892585.1_ASM189258v1_genomic.fna.gz,../ecoli_genomes/GCF_001893985.1_ASM189398v1_genomic.fna.gz,../ecoli_genomes/GCF_002001595.1_ASM200159v1_genomic.fna.gz,../ecoli_genomes/GCF_002002145.1_ASM200214v1_genomic.fna.gz
1.0,0.3240704402625789,0.2550846976583221,0.28630935003561053,0.2834842417439478,0.29796859987021485,0.2988819082775873,0.2892244254748201,0.39702088332538543,0.2961100677032622,0.3188020908721081,0.3045241313167675,0.30163032507501075,0.2754479073128049,0.27706812118074575,0.30118902324905195,0.27128088743836054,0.30499066542930453,0.26878285154507076,0.29852213099854763,0.29613125979164534,0.2721909430734366,0.3082399547589666,0.2928153702671159,0.2893221529711836,0.29756182572305234,0.30687293381306324,0.2869345598589699,0.3391376045325375,0.39813244667450265,0.26453626165471156,0.30206986322430374,0.0,0.30508136797704766,0.3055930647942031,0.283498217089596,0.28863772867350024,0.3160417920476739,0.2423374241899563,0.3014678120355313,0.26406218429616235,0.3008271607905051,0.3088260489326986,0.2878560908833069,0.2942472988237266,0.3194670090821081,0.31088377474074846,0.3094138810499758,0.2742116652069523,0.34758088927040076
0.3240704402625789,1.0,0.23682910742064645,0.2756390026712656,0.3827797303462257,0.5094480615016725,0.3501653389935516,0.28527657352291,0.30256623642683367,0.28823555716792826,0.42367312535909163,0.28953185792526426,0.41304260520998015,0.26784334922704933,0.27029639211373846,0.3460475871636748,0.389023010567492,0.41742891515892555,0.3541237461512047,0.35309384114845765,0.4012836821638398,0.34539895682007427,0.41096817395022334,0.4929837351985571,0.4739571578890963,0.46318355381823784,0.4142787529214458,0.28141519182389696,0.31146991228164056,0.3098226544034788,0.25927126135038636,0.39701866374690653,0.0,0.4035725904679569,0.5693318872920059,0.27455607194037956,0.33632815423108153,0.4243571314892278,0.15805189319058555,0.41106188342156924,0.26386409362069707,0.4754744477934103,0.420758387943142,0.2933911967921504,0.2949998542636917,0.2884181045097929,0.47833971768666006,0.4826992811812315,0.28633519079751546,0.30805295736163085
0.2550846976583221,0.23682910742064645,1.0,0.21060370771694226,0.2089047218080069,0.2071263948355686,0.2147623175565474,0.21243307724264882,0.24746731061711935,0.2163554005310715,0.23525117808664542,0.21309178323791533,0.22422672455808002,0.21061429842790658,0.21158006679538122,0.21498123343635656,0.18437955558286423,0.22256709714936462,0.19413604884466695,0.21747541416605298,0.22005286452341155,0.18909092945111394,0.2228008535292818,0.1993935755865296,0.1910306904258745,0.20735087971755628,0.22594997126146843,0.21302161044530465,0.24782017972519932,0.25193682311823873,0.20147230448471454,0.2141531280798772,0.0,0.22190724413144713,0.21780315115193083,0.21635884408022477,0.20600674351911286,0.22272510315894145,0.12564932447707344,0.22595101773849413,0.20732926917311256,0.22833308411644293,0.23060992873027109,0.21818571469094117,0.215032277793886,0.23295183341717163,0.23476109233231657,0.236390347128546,0.22208030753298202,0.2499056769879936
0.28630935003561053,0.2756390026712656,0.21060370771694226,1.0,0.261937772099438,0.2497388078715963,0.2543015722183303,0.4962743728013067,0.2805136856685556,0.527960248354596,0.26987786896886845,0.5063349474614048,0.2683863680329719,0.5355991228638306,0.5561103000675716,0.25731574579250205,0.2269950156411653,0.2662156164215478,0.23172378735230736,0.25575687154060756,0.2569650291208416,0.22742517246077487,0.27279497298450217,0.24336381544503127,0.2375360050696288,0.2560934407716813,0.26382375174804007,0.5241953240024289,0.30590587739490793,0.2754437630132175,0.4945931561206175,0.26898601586447646,0.0,0.26223341396800015,0.25934543125657283,0.42407370794816046,0.2482994827259124,0.264339924514734,0.284881407038611,0.25657776592848514,0.512592280903872,0.2578866923351468,0.263188867563126,0.5250562837249475,0.5190618585365128,0.2939121530269958,0.26234493441051365,0.26369797765035063,0.45515711256264013,0.3176444470158478
0.2834842417439478,0.3827797303462257,0.2089047218080069,0.261937772099438,1.0,0.36743275272294573,0.31497519478083613,0.26007676396246593,0.28392403375794173,0.26506685403646724,0.5076457342488051,0.2576110738111381,0.4457178769012351,0.252116657581397,0.2624880503726973,0.329499366874321,0.3573560756077331,0.40849920519519467,0.357974691142373,0.31928556576371003,0.42011408938627115,0.3586696566636185,0.42345843670687144,0.39724166749328993,0.3470135616169985,0.4010423611474059,0.43076308574766453,0.2475002575153602,0.290616209894073,0.2896970610195668,0.2442379552608378,0.4394606662079762,0.0,0.42449503313141035,0.37985203470144235,0.24759944905475118,0.3112723472895672,0.4520345931657048,0.17537075648537925,0.42635339571328246,0.25736855105488476,0.39008518317117924,0.4389712005977163,0.24977151776741158,0.2584860902620214,0.26557712795728117,0.40135659921490896,0.40469445786795,0.255750090282564,0.28061856513193395
0.29796859987021485,0.5094480615016725,0.2071263948355686,0.2497388078715963,0.36743275272294573,1.0,0.33948736891770115,0.2629719673765659,0.2745427836029106,0.2579335362091535,0.38787360638372614,0.25178794570589225,0.3772568963164048,0.24196360856997223,0.24241187141703602,0.37952287447424415,0.37688193917744794,0.38848807262152574,0.3476573021466761,0.3304897356222912,0.3664182589043712,0.43658316241340844,0.3850023630262005,0.4932267889384455,0.46600661747756056,0.47517706391267556,0.3753890696888077,0.2518462056926337,0.28685013707062235,0.28002424297626727,0.23475351516199505,0.3809227878602335,0.0,0.3809929187984361,0.5151551964892205,0.2645354690652155,0.34575942895350253,0.3974848491266205,0.16066550879761632,0.37495669433629586,0.23807112090833715,0.4337796349373054,0.3805649101389005,0.2579520985361139,0.2610084810589839,0.26913286202092246,0.44157153192224985,0.44411120596143194,0.2507474611496904,0.2915927674190145
0.2988819082775873,0.3501653389935516,0.2147623175565474,0.2543015722183303,0.31497519478083613,0.33948736891770115,1.0,0.25817113070018005,0.2951533365876968,0.2551878489217997,0.36174619280531917,0.24983650731609264,0.3490297525169722,0.24538139473805842,0.24853197265734728,0.7513775323299964,0.2816096098338494,0.3797534432255707,0.3302786570483053,0.8599785402511724,0.37518004667879934,0.3339953985137991,0.38795936384455076,0.3157592843959328,0.29666911190863166,0.3339311828424979,0.35706468478979925,0.25169513593319304,0.2854436859762809,0.2907190457876959,0.23819475545369084,0.3381110391073642,0.0,0.3609206055294297,0.3587146135458894,0.2673978742654769,0.7852732020448167,0.3391565891062047,0.15278118210171043,0.34934965080899116,0.2347759334552142,0.3433590987884848,0.3564412356617659,0.2567418539794005,0.25741713753087114,0.27180232607112087,0.34283520584804195,0.3459239688976803,0.25027878154375505,0.2937456990085684
0.2892244254748201,0.28527657352291,0.21243307724264882,0.4962743728013067,0.26007676396246593,0.2629719673765659,0.25817113070018005,1.0,0.2818678095989515,0.5058436649853402,0.274700793532753,0.4806153454178229,0.27601072222290146,0.49045779429585,0.4751638060178579,0.25912937096291566,0.22650194624479159,0.2687571003414483,0.23782002804484037,0.25845767420759536,0.2611817160767569,0.23833010309468772,0.27459442524082056,0.25779148569724863,0.2419528783582685,0.26368771664165025,0.2710247207820492,0.6952146651872086,0.31541576485886447,0.27569358418559187,0.47451860385170885,0.2672830321418971,0.0,0.26783633994508926,0.26709581241735003,0.4182752907018694,0.24710973729233165,0.28607809002115125,0.2723264087177687,0.26769498668541214,0.4788424007343617,0.26626493995564504,0.2712979480304307,0.6956959078871044,0.674269770927033,0.29190744658804946,0.26752232296866574,0.2683775014019838,0.4463055899730748,0.31297377499027135
0.39702088332538543,0.30256623642683367,0.24746731061711935,0.2805136856685556,0.28392403375794173,0.2745427836029106,0.2951533365876968,0.2818678095989515,1.0,0.2951307374134514,0.3125623735482559,0.2752316384520075,0.30549856508443674,0.277316603338165,0.28216653824010074,0.2945495844215369,0.23800851598504458,0.30007647454797226,0.2568883037881805,0.299536132270396,0.2924361025386836,0.25316392751754846,0.3005723502887653,0.26524340184833695,0.25062722764866285,0.2799616984641101,0.3075276893392178,0.27591765397947077,0.32918096740628844,0.4216753667570017,0.2692192245739401,0.2844317218972555,0.0,0.2961083587787263,0.2952042259435643,0.2844898314322166,0.28354757281857923,0.2938999286615075,0.17560789368554552,0.29601955628280174,0.2706263073028552,0.2952739804642627,0.3112409536550298,0.2786115476740004,0.27552107752146937,0.3125642669501757,0.2966561442341712,0.2985656702782379,0.2766238867774854,0.33903114624050523
0.2961100677032622,0.28823555716792826,0.2163554005310715,0.527960248354596,0.26506685403646724,0.2579335362091535,0.2551878489217997,0.5058436649853402,0.2951307374134514,1.0,0.28232690168187413,0.4890648894385047,0.2791421274191517,0.515020202576389,0.5104393177631954,0.26432678713909774,0.21531941782071762,0.269314085786458,0.23255566995775545,0.2573653946763875,0.25888169892273327,0.23806226793723873,0.26525190988349256,0.24223220389226852,0.23199547513469898,0.2609374915954067,0.2724433912835923,0.5137292888515979,0.3169666856539993,0.28816006282689954,0.5179115488208123,0.2573095485325495,0.0,0.2637476652953026,0.26077758340653867,0.443722358921935,0.24941814169650534,0.2735918094972477,0.2796031732358646,0.26573168342438935,0.5208036126877643,0.2648482365617536,0.26961650204390797,0.517594028516712,0.5205148309317102,0.2969269180270119,0.2686391306553646,0.2705768486497352,0.4693276481708444,0.31768341604488504
0.3188020908721081,0.42367312535909163,0.23525117808664542,0.26987786896886845,0.5076457342488051,0.38787360638372614,0.36174619280531917,0.274700793532753,0.3125623735482559,0.28232690168187413,1.0,0.2739062898570995,0.5307615653330664,0.2717701584108667,0.2685765883704354,0.36080134145554354,0.3314829478842033,0.4894543129059642,0.4329846167926683,0.3663479791194888,0.48960426289792036,0.4349363774261291,0.4990680324800083,0.37812932606378813,0.3509609975672713,0.40514388554135405,0.5082783361906085,0.27554982851130216,0.31584137029728787,0.32040114540176046,0.2616798876049278,0.46314845366655566,0.0,0.4864477151245524,0.4220645776216828,0.2830133383526531,0.3479820555730033,0.49112963379429064,0.160895885003574,0.5069658182603345,0.2610836611108649,0.4378929165092533,0.5111602906110257,0.277328932193875,0.2756587841232324,0.290411070963868,0.43926865642304236,0.44224749532676844,0.27798199517301925,0.316013410062174
0.3045241313167675,0.28953185792526426,0.21309178323791533,0.5063349474614048,0.2576110738111381,0.25178794570589225,0.24983650731609264,0.4806153454178229,0.2752316384520075,0.4890648894385047,0.2739062898570995,1.0,0.26683705527401136,0.4920515929273874,0.6115029496651596,0.25143697227548933,0.23870551927380634,0.26306071880583404,0.2324588271799426,0.2502592121998677,0.2591615824483823,0.22824953344054466,0.2664103864059517,0.2581419739226791,0.2527492841142065,0.2617529546371541,0.2639810340660995,0.4880082829201463,0.32068418557227485,0.27837268110729285,0.4504467307268393,0.2667471608177616,0.0,0.26213611902448,0.2642455654459118,0.40721993034557025,0.2405361778505336,0.2731356745296404,0.28706556393546667,0.2645013029881085,0.4655282359262122,0.2579695514951932,0.2689646230037296,0.49409121902762043,0.4918634391977482,0.2985552352746169,0.2752023532251683,0.27389861521883774,0.43400173245139007,0.3184971127639413
0.30163032507501075,0.41304260520998015,0.22422672455808002,0.2683863680329719,0.4457178769012351,0.3772568963164048,0.3490297525169722,0.27601072222290146,0.30549856508443674,0.2791421274191517,0.5307615653330664,0.26683705527401136,1.0,0.2621888884572573,0.2700092589219537,0.35745848506748956,0.3246357240917128,0.491993172159059,0.5103504812066975,0.3533365343010394,0.5037248864111963,0.49720505801757364,0.5509549805368694,0.36869533906008,0.33407296867641734,0.38391065885649567,0.5342108214363488,0.2673068021988858,0.29944706737694227,0.313575189448162,0.25385621203675657,0.5035392464624497,0.0,0.5356836296396328,0.40984409430892477,0.2650478557524537,0.3466409773431711,0.4994871002793154,0.15374870803382368,0.5256083649662566,0.2594644850088149,0.420563525120599,0.5274466902530204,0.26803654933345644,0.2676089759494571,0.27675596496264243,0.42475541151225127,0.42878090939799673,0.2657319584842709,0.3000045545523249
0.2754479073128049,0.26784334922704933,0.21061429842790658,0.5355991228638306,0.252116657581397,0.24196360856997223,0.24538139473805842,0.49045779429585,0.277316603338165,0.515020202576389,0.2717701584108667,0.4920515929273874,0.2621888884572573,1.0,0.5471580175277533,0.24437644835775107,0.2092884696267555,0.26154579937250366,0.22858380705429948,0.2482320996740338,0.25174758446811973,0.22586901787256253,0.26496775472163636,0.22537664415477954,0.2204056013999085,0.24558865415905962,0.26363442569733286,0.5213845279343763,0.3167079495530635,0.26820912867791113,0.4905242816501767,0.2547950470379782,0.0,0.2591015158935859,0.2545362104053436,0.4202704753674429,0.2362958406855692,0.26241548202436904,0.2749957745578103,0.2557461319372303,0.505841961651686,0.2568159105626252,0.2615631998519996,0.519394423283753,0.5125434729524823,0.29582900949662283,0.2595711545171776,0.2624751813373599,0.45389542295472407,0.3220575583533196
0.27706812118074575,0.27029639211373846,0.21158006679538122,0.5561103000675716,0.2624880503726973,0.24241187141703602,0.24853197265734728,0.4751638060178579,0.28216653824010074,0.5104393177631954,0.2685765883704354,0.6115029496651596,0.2700092589219537,0.5471580175277533,1.0,0.25158121295920544,0.21894175435302987,0.26122774275141547,0.22541047568030181,0.25131885379816177,0.25289423337706807,0.22317094310986152,0.26597681375907456,0.2319713764220388,0.22498526359221205,0.2500356908451349,0.26515033925585985,0.4942077423745038,0.3126852618621526,0.27569281700262993,0.49399539609293186,0.2608971145446758,0.0,0.2573527421932993,0.25756250540919723,0.41634863719998794,0.2412380052719243,0.2647183287206403,0.27008257615545783,0.2563437190299688,0.5054486092444405,0.25521380755621215,0.2640863809563363,0.4945659587356168,0.488196537851336,0.295264220300677,0.2677252805093677,0.27078405768225455,0.4456788973028899,0.3260121504381708
0.30118902324905195,0.3460475871636748,0.21498123343635656,0.25731574579250205,0.329499366874321,0.37952287447424415,0.7513775323299964,0.25912937096291566,0.2945495844215369,0.26432678713909774,0.36080134145554354,0.25143697227548933,0.35745848506748956,0.24437644835775107,0.25158121295920544,1.0,0.28358027988887824,0.3675609806501593,0.33066034085875007,0.7479924664970996,0.3579264279948555,0.37012110594378667,0.37431433843545014,0.33440593130346297,0.30824259059986814,0.3637324745710222,0.3473755845016072,0.2539409686037314,0.2837079807831465,0.2947779948316691,0.24109408802243704,0.34656753912797156,0.0,0.35048203683301393,0.3526580490043483,0.2670432459876574,0.7703546109230428,0.34684552353644105,0.14710150868484406,0.344824060181282,0.240988086914544,0.341287497680934,0.3510964418972694,0.2543701178231783,0.2607292390211743,0.2728698429174842,0.3429830449456541,0.3464352192842507,0.25127594627896355,0.2930994275786617
0.27128088743836054,0.389023010567492,0.18437955558286423,0.2269950156411653,0.3573560756077331,0.37688193917744794,0.2816096098338494,0.22650194624479159,0.23800851598504458,0.21531941782071762,0.3314829478842033,0.23870551927380634,0.3246357240917128,0.2092884696267555,0.21894175435302987,0.28358027988887824,1.0,0.3206771002095551,0.28100947165862333,0.2827165941138291,0.31897839428086894,0.28324937228294644,0.33086393364847344,0.5436855776715522,0.5321395300900982,0.48853943608372696,0.3234735139677615,0.227687630374644,0.2656890443626574,0.24041152009089906,0.2038839880398986,0.41210251172457013,0.0,0.33461876244083877,0.4115406442363583,0.22149448455859022,0.2795710616749326,0.338794498824316,0.2547264604353673,0.3264731552354958,0.20460615100091495,0.363903820141387,0.3271512315158579,0.2231620025251807,0.2274089256473466,0.22632781864052454,0.4187573349419015,0.39340304637531687,0.21097317049671604,0.2547840039494935
0.30499066542930453,0.41742891515892555,0.22256709714936462,0.2662156164215478,0.40849920519519467,0.38848807262152574,0.3797534432255707,0.2687571003414483,0.30007647454797226,0.269314085786458,0.4894543129059642,0.26306071880583404,0.491993172159059,0.26154579937250366,0.26122774275141547,0.3675609806501593,0.3206771002095551,1.0,0.4642474098536249,0.38246910881705976,0.5121811655601346,0.4423720191442213,0.5214296027269227,0.3623717750295976,0.33616025183022513,0.38329950474460295,0.5013308120583653,0.265563942973445,0.3036186905520206,0.3064481670426751,0.25010580656841264,0.4474662419133356,0.0,0.482859148218024,0.41279992565706203,0.2814666501996915,0.36525374321442095,0.460031376295964,0.15690094945532196,0.48258277501846814,0.24939972681138578,0.4237018787587258,0.48633663500141056,0.26836641599536437,0.26615331584293744,0.2793102082356642,0.42333528262853914,0.42752349159616043,0.2615616372522699,0.3048669551899046
0.26878285154507076,0.3541237461512047,0.19413604884466695,0.23172378735230736,0.357974691142373,0.3476573021466761,0.3302786570483053,0.23782002804484037,0.2568883037881805,0.23255566995775545,0.4329846167926683,0.2324588271799426,0.5103504812066975,0.22858380705429948,0.22541047568030181,0.33066034085875007,0.28100947165862333,0.4642474098536249,1.0,0.3289708808724894,0.4519044842141503,0.4860545925325309,0.4539995259584997,0.3187042047307067,0.29865850194129495,0.33619943452743284,0.43238608114596466,0.23233723710527354,0.2604237986322685,0.26623948263254893,0.21482492118762164,0.45343910444669155,0.0,0.42289231023698626,0.3623727687835846,0.24530942259287847,0.32570140827094174,0.40899800610437687,0.13767388868500918,0.42915051127167925,0.2159028973061905,0.36220505410468484,0.4318969783865787,0.23688399658209058,0.23509132880571926,0.24865996580466931,0.3595589830915482,0.3648882267675476,0.22848538507360927,0.26705298458319227
0.29852213099854763,0.35309384114845765,0.21747541416605298,0.25575687154060756,0.31928556576371003,0.3304897356222912,0.8599785402511724,0.25845767420759536,0.299536132270396,0.2573653946763875,0.3663479791194888,0.2502592121998677,0.3533365343010394,0.2482320996740338,0.25131885379816177,0.7479924664970996,0.2827165941138291,0.38246910881705976,0.3289708808724894,1.0,0.3778734109658377,0.32217648419138734,0.3878788449688696,0.3120399921532029,0.29886512529069664,0.33075339059783604,0.3617899506134251,0.2531326147684456,0.28710881432264246,0.29396290149426885,0.23997770555011566,0.3399452527665956,0.0,0.3615825586961984,0.35875974072314865,0.26696520495131226,0.7854895509157716,0.34253043881167666,0.1514340098568332,0.3533952252489888,0.2382255369964983,0.34690595696332505,0.3621600822758496,0.257969669471264,0.2567989376431763,0.27490407787989857,0.34634204076923436,0.3493409896352663,0.25345497543529216,0.2972938808251342
0.29613125979164534,0.4012836821638398,0.22005286452341155,0.2569650291208416,0.42011408938627115,0.3664182589043712,0.37518004667879934,0.2611817160767569,0.2924361025386836,0.25888169892273327,0.48960426289792036,0.2591615824483823,0.5037248864111963,0.25174758446811973,0.25289423337706807,0.3579264279948555,0.31897839428086894,0.5121811655601346,0.4519044842141503,0.3778734109658377,1.0,0.44756674228967364,0.5321403300520148,0.35176471607566273,0.3299692777733033,0.38367581702384035,0.5111594947287659,0.26111022138251594,0.29051452002381184,0.2980120551838964,0.2390334039289459,0.4676763902073994,0.0,0.5065293837231191,0.4064075983380746,0.27224914684050416,0.35994625384993306,0.47922745804031097,0.1540862716500141,0.5016426068708598,0.24316174166937,0.3999782966656805,0.5052406398495077,0.2638598267547987,0.2638590516054121,0.27634403345567693,0.415778408402363,0.4195629165238055,0.25639252501518306,0.297233920549006
0.2721909430734366,0.34539895682007427,0.18909092945111394,0.22742517246077487,0.3586696566636185,0.43658316241340844,0.3339953985137991,0.23833010309468772,0.25316392751754846,0.23806226793723873,0.4349363774261291,0.22824953344054466,0.49720505801757364,0.22586901787256253,0.22317094310986152,0.37012110594378667,0.28324937228294644,0.4423720191442213,0.4860545925325309,0.32217648419138734,0.44756674228967364,1.0,0.599020840783862,0.34216329047585614,0.3139530099668276,0.38575478492808746,0.44358601536995057,0.23276323593885873,0.25708609445589314,0.2566838536757331,0.21149094329924323,0.44350374199364584,0.0,0.5347659141386633,0.3502539654921931,0.24589745376128302,0.34010619125191544,0.43835484274377423,0.13452719767143284,0.4443903761864949,0.21264575551713027,0.35306122375812077,0.4437902965205339,0.23914998861813352,0.24038766333925254,0.2510324185989463,0.35606110725178675,0.359121597997056,0.22580416938942582,0.26964174693344733
0.3082399547589666,0.41096817395022334,0.2228008535292818,0.27279497298450217,0.42345843670687144,0.3850023630262005,0.38795936384455076,0.27459442524082056,0.3005723502887653,0.26525190988349256,0.4990680324800083,0.2664103864059517,0.5509549805368694,0.26496775472163636,0.26597681375907456,0.37431433843545014,0.33086393364847344,0.5214296027269227,0.4539995259584997,0.3878788449688696,0.5321403300520148,0.599020840783862,1.0,0.3573854056045316,0.33973555039271575,0.38144052967069253,0.5347169490079999,0.2708826074933668,0.3023688522619349,0.3008239741568989,0.24907531476284994,0.48716463647368,0.0,0.6504823392526238,0.41070227952482663,0.2794462497503356,0.37027211188535236,0.49591038609916005,0.16002886613303224,0.5129640517333269,0.25117832382840033,0.414816368987297,0.5210963518908154,0.27468808605690287,0.2721687907697239,0.2818937802129775,0.4128429327894475,0.4173418528015983,0.2634389880060064,0.3043901182493671
0.2928153702671159,0.4929837351985571,0.1993935755865296,0.24336381544503127,0.39724166749328993,0.4932267889384455,0.3157592843959328,0.25779148569724863,0.26524340184833695,0.24223220389226852,0.37812932606378813,0.2581419739226791,0.36869533906008,0.22537664415477954,0.2319713764220388,0.33440593130346297,0.5436855776715522,0.3623717750295976,0.3187042047307067,0.3120399921532029,0.35176471607566273,0.34216329047585614,0.3573854056045316,1.0,0.5677046186948442,0.5219120541483284,0.3598000951449407,0.24176304320767772,0.2897453834287752,0.2707877039065758,0.22227587474589905,0.4087532657417621,0.0,0.3550335246856636,0.5157056642187536,0.24227824967472367,0.31652583423189073,0.373670472378378,0.2142197811695924,0.3600359552626309,0.22494219348279065,0.4181994197288599,0.3610642196409275,0.24366900972222738,0.24887438386063898,0.2527225587046743,0.4422214701293329,0.42667834260089366,0.23140291293781368,0.27884336250368824
0.2893221529711836,0.4739571578890963,0.1910306904258745,0.2375360050696288,0.3470135616169985,0.46600661747756056,0.29666911190863166,0.2419528783582685,0.25062722764866285,0.23199547513469898,0.3509609975672713,0.2527492841142065,0.33407296867641734,0.2204056013999085,0.22498526359221205,0.30824259059986814,0.5321395300900982,0.33616025183022513,0.29865850194129495,0.29886512529069664,0.3299692777733033,0.3139530099668276,0.33973555039271575,0.5677046186948442,1.0,0.483024075207227,0.33600843000132197,0.2343023077342118,0.2630650431755368,0.25292074946308274,0.21306194770744302,0.4150485596020994,0.0,0.3348481290116675,0.49041612854041294,0.22917970625936523,0.2968813115157437,0.3627192305969552,0.24341888410202728,0.33883861123367565,0.21767364685443502,0.3918390472005364,0.3421618415738068,0.24352925902816436,0.2403214970863209,0.24952590676711583,0.42977020790157205,0.40771843863275625,0.2326404589961869,0.2625042542514553
0.29756182572305234,0.46318355381823784,0.20735087971755628,0.2560934407716813,0.4010423611474059,0.47517706391267556,0.3339311828424979,0.26368771664165025,0.2799616984641101,0.2609374915954067,0.40514388554135405,0.2617529546371541,0.38391065885649567,0.24558865415905962,0.2500356908451349,0.3637324745710222,0.48853943608372696,0.38329950474460295,0.33619943452743284,0.33075339059783604,0.38367581702384035,0.38575478492808746,0.38144052967069253,0.5219120541483284,0.483024075207227,1.0,0.384474305415309,0.252767082779046,0.2949627972710238,0.2852792104922486,0.24075829034364882,0.40691852894764535,0.0,0.3761318632580396,0.46862468358417453,0.26160823986060455,0.33991624843694135,0.39177783193751536,0.18975315963813866,0.38659895009838896,0.24104595715785204,0.4362198114759116,0.38205360900856355,0.2625220195545185,0.2639420591796223,0.26712205181437054,0.46110915384892714,0.454441651674506,0.25645595437174185,0.2906129594495226
0.30687293381306324,0.4142787529214458,0.22594997126146843,0.26382375174804007,0.43076308574766453,0.3753890696888077,0.35706468478979925,0.2710247207820492,0.3075276893392178,0.2724433912835923,0.5082783361906085,0.2639810340660995,0.5342108214363488,0.26363442569733286,0.26515033925585985,0.3473755845016072,0.3234735139677615,0.5013308120583653,0.43238608114596466,0.3617899506134251,0.5111594947287659,0.44358601536995057,0.5347169490079999,0.3598000951449407,0.33600843000132197,0.384474305415309,1.0,0.2650467276769075,0.30562426699023126,0.3060150463379572,0.2531096070327128,0.48579490852851814,0.0,0.5105576953818987,0.40817301583015764,0.2722787685091621,0.3402518653274901,0.5834696899379673,0.15374139906925577,0.5298831006061762,0.25516475112801706,0.4250801966404659,0.6237607297301235,0.27197784208385734,0.2666989571846409,0.283569856201374,0.4202369589137376,0.42379612419761326,0.26840217178878434,0.3078504721457409
0.2869345598589699,0.28141519182389696,0.21302161044530465,0.5241953240024289,0.2475002575153602,0.2518462056926337,0.25169513593319304,0.6952146651872086,0.27591765397947077,0.5137292888515979,0.27554982851130216,0.4880082829201463,0.2673068021988858,0.5213845279343763,0.4942077423745038,0.2539409686037314,0.227687630374644,0.265563942973445,0.23233723710527354,0.2531326147684456,0.26111022138251594,0.23276323593885873,0.2708826074933668,0.24176304320767772,0.2343023077342118,0.252767082779046,0.2650467276769075,1.0,0.3184005743762496,0.27169338479507876,0.4814316635203286,0.2635080311810115,0.0,0.26259263983227965,0.2612533555015757,0.41916383084316067,0.24256487655332204,0.2789045771957299,0.2765346093835098,0.2616233958889008,0.4913164804393303,0.2618124128996664,0.26255551039987224,0.7980073083623332,0.7592426673144343,0.2906117893965924,0.2682654132668304,0.26795746467529236,0.4628709172395332,0.3097109842702126
0.3391376045325375,0.31146991228164056,0.24782017972519932,0.30590587739490793,0.290616209894073,0.28685013707062235,0.2854436859762809,0.31541576485886447,0.32918096740628844,0.3169666856539993,0.31584137029728787,0.32068418557227485,0.29944706737694227,0.3167079495530635,0.3126852618621526,0.2837079807831465,0.2656890443626574,0.3036186905520206,0.2604237986322685,0.28710881432264246,0.29051452002381184,0.25708609445589314,0.3023688522619349,0.2897453834287752,0.2630650431755368,0.2949627972710238,0.30562426699023126,0.3184005743762496,1.0,0.32688950305107956,0.2994665507750802,0.2953785472261514,0.0,0.2963919771820065,0.29827023630672866,0.3065368452253485,0.2756943000598734,0.30140274717780535,0.18164788329113668,0.29560611514645074,0.2956924095079758,0.29503431033871363,0.3019123181585035,0.3155051737713256,0.31572842650002086,0.39440356536893295,0.2986683190711874,0.30005499663228474,0.3099966037825631,0.6177938655838509
0.39813244667450265,0.3098226544034788,0.25193682311823873,0.2754437630132175,0.2896970610195668,0.28002424297626727,0.2907190457876959,0.27569358418559187,0.4216753667570017,0.28816006282689954,0.32040114540176046,0.27837268110729285,0.313575189448162,0.26820912867791113,0.27569281700262993,0.2947779948316691,0.24041152009089906,0.3064481670426751,0.26623948263254893,0.29396290149426885,0.2980120551838964,0.2566838536757331,0.3008239741568989,0.2707877039065758,0.25292074946308274,0.2852792104922486,0.3060150463379572,0.27169338479507876,0.32688950305107956,1.0,0.2638693281214137,0.2848763481987703,0.0,0.29649827769742076,0.29766339781838613,0.2771350160932562,0.28254550763678576,0.2985093969338757,0.19554879945353065,0.3068033033646749,0.2659199050422172,0.30366119197640695,0.3080956978379097,0.2739358293395212,0.2704175651034094,0.3216677833832372,0.30464475959207993,0.30726329893987103,0.27429752612697544,0.339478883764739
0.26453626165471156,0.25927126135038636,0.20147230448471454,0.4945931561206175,0.2442379552608378,0.23475351516199505,0.23819475545369084,0.47451860385170885,0.2692192245739401,0.5179115488208123,0.2616798876049278,0.4504467307268393,0.25385621203675657,0.4905242816501767,0.49399539609293186,0.24109408802243704,0.2038839880398986,0.25010580656841264,0.21482492118762164,0.23997770555011566,0.2390334039289459,0.21149094329924323,0.24907531476284994,0.22227587474589905,0.21306194770744302,0.24075829034364882,0.2531096070327128,0.4814316635203286,0.2994665507750802,0.2638693281214137,1.0,0.24139197154416392,0.0,0.24841299326898225,0.24226613930943253,0.41060162915030474,0.23130904554674858,0.2511145369065658,0.2550702051446492,0.24396374762320072,0.646603574422006,0.24549811058521875,0.24925317562125449,0.48182160588553,0.4770618606589041,0.2773233412495024,0.24935253549201009,0.25100882916496037,0.43147149078389724,0.2978997275594404
0.30206986322430374,0.39701866374690653,0.2141531280798772,0.26898601586447646,0.4394606662079762,0.3809227878602335,0.3381110391073642,0.2672830321418971,0.2844317218972555,0.2573095485325495,0.46314845366655566,0.2667471608177616,0.5035392464624497,0.2547950470379782,0.2608971145446758,0.34656753912797156,0.41210251172457013,0.4474662419133356,0.45343910444669155,0.3399452527665956,0.4676763902073994,0.44350374199364584,0.48716463647368,0.4087532657417621,0.4150485596020994,0.40691852894764535,0.48579490852851814,0.2635080311810115,0.2953785472261514,0.2848763481987703,0.24139197154416392,1.0,0.0,0.47488292265349985,0.39558053483529954,0.2569601955454195,0.3436249590291204,0.48743282910743957,0.18399976760540604,0.47651137699911417,0.2439154448523685,0.40416827049058934,0.4982643170154787,0.26287643704518804,0.267541283889809,0.2724895753943417,0.4214055824285987,0.41815058420414397,0.24711090352468013,0.2885992288625244
0.0,0.0,0.0,0.0,0.0,0.0,0.0,0.0,0.0,0.0,0.0,0.0,0.0,0.0,0.0,0.0,0.0,0.0,0.0,0.0,0.0,0.0,0.0,0.0,0.0,0.0,0.0,0.0,0.0,0.0,0.0,0.0,1.0,0.0,0.0,0.0,0.0,0.0,0.0,0.0,0.0,0.0,0.0,0.0,0.0,0.0,0.0,0.0,0.0,0.0
0.30508136797704766,0.4035725904679569,0.22190724413144713,0.26223341396800015,0.42449503313141035,0.3809929187984361,0.3609206055294297,0.26783633994508926,0.2961083587787263,0.2637476652953026,0.4864477151245524,0.26213611902448,0.5356836296396328,0.2591015158935859,0.2573527421932993,0.35048203683301393,0.33461876244083877,0.482859148218024,0.42289231023698626,0.3615825586961984,0.5065293837231191,0.5347659141386633,0.6504823392526238,0.3550335246856636,0.3348481290116675,0.3761318632580396,0.5105576953818987,0.26259263983227965,0.2963919771820065,0.29649827769742076,0.24841299326898225,0.47488292265349985,0.0,1.0,0.4130918976962358,0.28218528862495507,0.344005876693254,0.485718827745625,0.1663003774372156,0.49870477681315206,0.24720720781234562,0.406755053009082,0.5162202476070568,0.2639481229994499,0.26618950501254746,0.2757255766376895,0.4121953421872495,0.4157861881865217,0.2578881847852902,0.3002691738762817
0.3055930647942031,0.5693318872920059,0.21780315115193083,0.25934543125657283,0.37985203470144235,0.5151551964892205,0.3587146135458894,0.26709581241735003,0.2952042259435643,0.26077758340653867,0.4220645776216828,0.2642455654459118,0.40984409430892477,0.2545362104053436,0.25756250540919723,0.3526580490043483,0.4115406442363583,0.41279992565706203,0.3623727687835846,0.35875974072314865,0.4064075983380746,0.3502539654921931,0.41070227952482663,0.5157056642187536,0.49041612854041294,0.46862468358417453,0.40817301583015764,0.2612533555015757,0.29827023630672866,0.29766339781838613,0.24226613930943253,0.39558053483529954,0.0,0.4130918976962358,1.0,0.26654408499898274,0.34244187141898086,0.40038765706974966,0.1659285236872503,0.40490733929052625,0.24299360317032082,0.4756596760580525,0.41775337263405643,0.26160414250462694,0.26474231178213137,0.2748331255085499,0.47434030223563695,0.4755478882144012,0.25681147409930527,0.29610412835372346
0.283498217089596,0.27455607194037956,0.21635884408022477,0.42407370794816046,0.24759944905475118,0.2645354690652155,0.2673978742654769,0.4182752907018694,0.2844898314322166,0.443722358921935,0.2830133383526531,0.40721993034557025,0.2650478557524537,0.4202704753674429,0.41634863719998794,0.2670432459876574,0.22149448455859022,0.2814666501996915,0.24530942259287847,0.26696520495131226,0.27224914684050416,0.24589745376128302,0.2794462497503356,0.24227824967472367,0.22917970625936523,0.26160823986060455,0.2722787685091621,0.41916383084316067,0.3065368452253485,0.2771350160932562,0.41060162915030474,0.2569601955454195,0.0,0.28218528862495507,0.26654408499898274,1.0,0.2558563077825762,0.2643136335546056,0.27190148550372495,0.27093979635436816,0.4100871625178919,0.2688649573863482,0.2671932011250774,0.4269131343701704,0.42681110352098495,0.2908257223640922,0.2650110932447014,0.26663944983510346,0.41780663240896276,0.3099567392274851
0.28863772867350024,0.33632815423108153,0.20600674351911286,0.2482994827259124,0.3112723472895672,0.34575942895350253,0.7852732020448167,0.24710973729233165,0.28354757281857923,0.24941814169650534,0.3479820555730033,0.2405361778505336,0.3466409773431711,0.2362958406855692,0.2412380052719243,0.7703546109230428,0.2795710616749326,0.36525374321442095,0.32570140827094174,0.7854895509157716,0.35994625384993306,0.34010619125191544,0.37027211188535236,0.31652583423189073,0.2968813115157437,0.33991624843694135,0.3402518653274901,0.24256487655332204,0.2756943000598734,0.28254550763678576,0.23130904554674858,0.3436249590291204,0.0,0.344005876693254,0.34244187141898086,0.2558563077825762,1.0,0.3314590953183122,0.14444385486172784,0.332970688518614,0.228040309051878,0.33146530861784207,0.3446950231012995,0.24437655805357317,0.24593003567672833,0.26217137243557165,0.33209595395415026,0.33643882566079664,0.23941189569748278,0.28536637261904163
0.3160417920476739,0.4243571314892278,0.22272510315894145,0.264339924514734,0.4520345931657048,0.3974848491266205,0.3391565891062047,0.28607809002115125,0.2938999286615075,0.2735918094972477,0.49112963379429064,0.2731356745296404,0.4994871002793154,0.26241548202436904,0.2647183287206403,0.34684552353644105,0.338794498824316,0.460031376295964,0.40899800610437687,0.34253043881167666,0.47922745804031097,0.43835484274377423,0.49591038609916005,0.373670472378378,0.3627192305969552,0.39177783193751536,0.5834696899379673,0.2789045771957299,0.30140274717780535,0.2985093969338757,0.2511145369065658,0.48743282910743957,0.0,0.485718827745625,0.40038765706974966,0.2643136335546056,0.3314590953183122,1.0,0.17802848388252113,0.5064832210419071,0.25802043751449055,0.4145887227587606,0.623020097631938,0.2843602905204189,0.2734443120635449,0.2828879491047954,0.4275103730446128,0.4279363509253852,0.2729940914798863,0.2993074971707006
0.2423374241899563,0.15805189319058555,0.12564932447707344,0.284881407038611,0.17537075648537925,0.16066550879761632,0.15278118210171043,0.2723264087177687,0.17560789368554552,0.2796031732358646,0.160895885003574,0.28706556393546667,0.15374870803382368,0.2749957745578103,0.27008257615545783,0.14710150868484406,0.2547264604353673,0.15690094945532196,0.13767388868500918,0.1514340098568332,0.1540862716500141,0.13452719767143284,0.16002886613303224,0.2142197811695924,0.24341888410202728,0.18975315963813866,0.15374139906925577,0.2765346093835098,0.18164788329113668,0.19554879945353065,0.2550702051446492,0.18399976760540604,0.0,0.1663003774372156,0.1659285236872503,0.27190148550372495,0.14444385486172784,0.17802848388252113,1.0,0.16125971705490505,0.25426125377603925,0.15652208423721148,0.15672049763471574,0.2731260900413953,0.27251527143795673,0.17038758776519292,0.18880669534079952,0.16860606492786345,0.25257403151718827,0.19521458173952255
0.3014678120355313,0.41106188342156924,0.22595101773849413,0.25657776592848514,0.42635339571328246,0.37495669433629586,0.34934965080899116,0.26769498668541214,0.29601955628280174,0.26573168342438935,0.5069658182603345,0.2645013029881085,0.5256083649662566,0.2557461319372303,0.2563437190299688,0.344824060181282,0.3264731552354958,0.48258277501846814,0.42915051127167925,0.3533952252489888,0.5016426068708598,0.4443903761864949,0.5129640517333269,0.3600359552626309,0.33883861123367565,0.38659895009838896,0.5298831006061762,0.2616233958889008,0.29560611514645074,0.3068033033646749,0.24396374762320072,0.47651137699911417,0.0,0.49870477681315206,0.40490733929052625,0.27093979635436816,0.332970688518614,0.5064832210419071,0.16125971705490505,1.0,0.2465979694654732,0.41554431113585155,0.531153780947885,0.26438028216801934,0.2656490173913968,0.28587722039656105,0.4332373556910676,0.435480311324535,0.2627287607371048,0.30679945346901905
