../ecoli_genomes/GCF_000163235.1_ASM16323v1_genomic.fna.gz,../ecoli_genomes/GCF_000164555.1_ASM16455v1_genomic.fna.gz,../ecoli_genomes/GCF_000208545.1_ASM20854v2_genomic.fna.gz,../ecoli_genomes/GCF_000233875.1_ASM23387v1_genomic.fna.gz,../ecoli_genomes/GCF_000249735.1_ASM24973v2_genomic.fna.gz,../ecoli_genomes/GCF_000261145.1_Esch_coli_M919_V2_genomic.fna.gz,../ecoli_genomes/GCF_000267705.2_ASM26770v2_genomic.fna.gz,../ecoli_genomes/GCF_000350665.1_Esch_coli_KTE5_V1_genomic.fna.gz,../ecoli_genomes/GCF_000351625.1_Esch_coli_KTE66_V1_genomic.fna.gz,../ecoli_genomes/GCF_000352285.1_Esch_coli_KTE46_V1_genomic.fna.gz,../ecoli_genomes/GCF_000358895.1_ASM35889v1_genomic.fna.gz,../ecoli_genomes/GCF_000456385.1_Esch_coli_HVH_26_4-5703913_V1_genomic.fna.gz,../ecoli_genomes/GCF_000458195.1_Esch_coli_HVH_147_4-5893887_V1_genomic.fna.gz,../ecoli_genomes/GCF_000459755.1_Esch_coli_KOEGE_58_171a_V1_genomic.fna.gz,../ecoli_genomes/GCF_000460055.1_Esch_coli_UMEA_3053-1_V1_genomic.fna.gz,../ecoli_genomes/GCF_000462165.2_ASM46216v2_genomic.fna.gz,../ecoli_genomes/GCF_000601135.1_ASM60113v1_genomic.fna.gz,../ecoli_genomes/GCF_000614595.1_Ec2010EL1058_genomic.fna.gz,../ecoli_genomes/GCF_000617745.1_Ec2010C-4529_genomic.fna.gz,../ecoli_genomes/GCF_000618265.2_EcF6751_genomic.fna.gz,../ecoli_genomes/GCF_000619005.2_Ec2009C-4052_genomic.fna.gz,../ecoli_genomes/GCF_000619105.1_Ec2009C-4780_genomic.fna.gz,../ecoli_genomes/GCF_000619765.2_Ec2009C-3279_genomic.fna.gz,../ecoli_genomes/GCF_000687005.1_ASM68700v1_genomic.fna.gz,../ecoli_genomes/GCF_000687025.1_ASM68702v1_genomic.fna.gz,../ecoli_genomes/GCF_000700125.1_ASM70012v1_genomic.fna.gz,../ecoli_genomes/GCF_000753315.1_FHI35_genomic.fna.gz,../ecoli_genomes/GCF_000776375.1_ASM77637v1_genomic.fna.gz,../ecoli_genomes/GCF_000779395.1_ASM77939v1_genomic.fna.gz,../ecoli_genomes/GCF_000780315.1_ASM78031v1_genomic.fna.gz,../ecoli_genomes/GCF_000781995.1_ASM78199v1_genomic.fna.gz,../ecoli_genomes/GCF_000986765.1_ASM98676v1_genomic.fna.gz,../ecoli_genomes/GCF_001041375.1_ViralProj287958_genomic.fna.gz,../ecoli_genomes/GCF_001265335.1_302014_genomic.fna.gz,../ecoli_genomes/GCF_001265625.1_100854_genomic.fna.gz,../ecoli_genomes/GCF_001267345.1_303289_genomic.fna.gz,../ecoli_genomes/GCF_001309985.1_ASM130998v1_genomic.fna.gz,../ecoli_genomes/GCF_001521695.1_ASM152169v1_genomic.fna.gz,../ecoli_genomes/GCF_001592595.1_ASM159259v1_genomic.fna.gz,../ecoli_genomes/GCF_001614975.1_ASM161497v1_genomic.fna.gz,../ecoli_genomes/GCF_001692775.1_ASM169277v1_genomic.fna.gz,../ecoli_genomes/GCF_001748915.1_ASM174891v1_genomic.fna.gz,../ecoli_genomes/GCF_001749235.1_ASM174923v1_genomic.fna.gz,../ecoli_genomes/GCF_001881155.1_ASM188115v1_genomic.fna.gz,../ecoli_genomes/GCF_001881345.1_ASM188134v1_genomic.fna.gz,../ecoli_genomes/GCF_001892405.1_ASM189240v1_genomic.fna.gz,../ecoli_genomes/GCF_001892585.1_ASM189258v1_genomic.fna.gz,../ecoli_genomes/GCF_001893985.1_ASM189398v1_genomic.fna.gz,../ecoli_genomes/GCF_002001595.1_ASM200159v1_genomic.fna.gz,../ecoli_genomes/GCF_002002145.1_ASM200214v1_genomic.fna.gz
1.0,0.3185517492542933,0.2563645554195976,0.27007424571313565,0.2721858459107963,0.2801075509168609,0.2927773644556624,0.2773060612055822,0.3797225423455175,0.28623017236685244,0.31506957293463345,0.2835934014785563,0.3059169873012725,0.26973987830189816,0.25933825554445633,0.29569380262123957,0.28090352051192347,0.30273805466537285,0.28236493718870814,0.29468044336974963,0.2889327657708385,0.282617651880368,0.3076798296211041,0.2671978208291035,0.26252920996950213,0.23611450526664035,0.30367092538059604,0.274621056010647,0.3439674633984995,0.3787218312587669,0.2563903759750439,0.30040365523322454,0.0,0.30315877837716754,0.2998926479950488,0.25576949867817456,0.2800885702996945,0.30114112090105305,0.21304725853870043,0.30008913601206977,0.25734290110841584,0.2964387696363413,0.30553321382628396,0.27689811283525245,0.2869020618258592,0.3077331611623445,0.29595531290774035,0.29621217038909364,0.2595871649971604,0.3415382478943263
0.3185517492542933,1.0,0.23124573878727572,0.26835266988785045,0.366818738644641,0.5021954914910454,0.34551678874581504,0.27428425001472234,0.29634769797261684,0.2780982205942685,0.41693021648275963,0.2809702975227808,0.4108342453300713,0.2624685669339468,0.25959275677341687,0.3481279184030802,0.46221627544248123,0.4118607700242197,0.3765134253444804,0.34931557783807554,0.3956337928110121,0.3712212528477695,0.4087969402076088,0.48901153529972097,0.4875286723863299,0.38623454425503634,0.40731608178678247,0.26755223208869905,0.3021248234780277,0.2990157433193307,0.25394788539787627,0.3999931172898592,0.0,0.39920530036014157,0.5648225057314045,0.24027061002026795,0.3296467344383527,0.4082357211579737,0.1947255646205287,0.4123943640527844,0.2536483760549956,0.46651033674923503,0.41399194618045376,0.28070879992936526,0.28110834244176,0.27434729235850164,0.4779166034648735,0.47813708496518026,0.27377442924043716,0.2971753868968894
0.2563645554195976,0.23124573878727572,1.0,0.20530804453214835,0.19854360918911051,0.2033856772580931,0.2191385779231373,0.21027330261523403,0.2410447739112086,0.21170335989417632,0.23378485852461584,0.2106924556588694,0.2269512206809401,0.20610367971834676,0.20216147397275308,0.2225181860709715,0.20845847406799023,0.2247076896151312,0.20808929456370895,0.2218378729196161,0.219419525723354,0.2109618175199084,0.22765009004832515,0.19616987137278785,0.18969182064881263,0.17850248816890346,0.2247771092131413,0.20776560667077348,0.2495344615070696,0.2483087771774236,0.20079370517996886,0.2238236654129433,0.0,0.22573352822042858,0.21730423535946275,0.2010973991394981,0.21077835214244256,0.22239284985033902,0.15701679326911577,0.22642062420675657,0.20402662922582004,0.22006701624901004,0.23091561178841435,0.21529435477338066,0.21045093077322885,0.22460586290958973,0.22767447159188758,0.22755954013161006,0.20915811620705516,0.24918246844114889
0.27007424571313565,0.26835266988785045,0.20530804453214835,1.0,0.25207952392384014,0.24217458724578556,0.25179327651540584,0.4928793599399127,0.2739216594193935,0.5237258598694137,0.2607285647983837,0.5047296551277752,0.2651015693093375,0.5451450073905766,0.5566465081293512,0.2629425720467615,0.2523335960325763,0.251558003777104,0.2410081459462442,0.252617754609494,0.24600552356192018,0.23313659932532804,0.2612507644696912,0.23616143828184,0.24342486431579857,0.21736760510707642,0.2546103004817202,0.5148038398822963,0.2958115315555039,0.2708310168501281,0.49817985243574225,0.27029702256196564,0.0,0.24711389671112738,0.25450763919184294,0.39105375613654914,0.24202760845204796,0.24672240334768536,0.34806181292182437,0.24661839390558105,0.5241171316932788,0.25334695630002835,0.254730351268287,0.5193305633508343,0.5089374039048826,0.2843678036688613,0.24828727917142834,0.248560823529419,0.4510805698740553,0.30050917392512644
0.2721858459107963,0.366818738644641,0.19854360918911051,0.25207952392384014,1.0,0.3587242554707305,0.30468243125397443,0.2488858055228923,0.2815000798659836,0.2576726739300512,0.4770658408547397,0.23905070318938237,0.44242202062987646,0.2393990758354304,0.2539503097078709,0.3354423314928229,0.39175639491890835,0.3904708484372409,0.3620579943044552,0.30829289333588206,0.3987223853754226,0.36426848706923287,0.39951575838379405,0.3558652322884953,0.3470702778664172,0.31755922372179535,0.4053993510879893,0.2244099856722952,0.27044186893307964,0.2863808518682003,0.23652346649280598,0.42050674820943834,0.0,0.3989403407170309,0.36960143343099183,0.21812940688899496,0.30671488239407874,0.4318354312721173,0.2151585927824411,0.41618870037075173,0.24819663324027852,0.37724612604478336,0.42125947012603504,0.23312664858941035,0.23849185551820773,0.2473881846600926,0.3813210415483189,0.3816244269917707,0.2314538105401529,0.2669081747241958
0.2801075509168609,0.5021954914910454,0.2033856772580931,0.24217458724578556,0.3587242554707305,1.0,0.32919249283045326,0.25012945914345275,0.27149247540031285,0.24339029306487037,0.37989295434380355,0.24132830600354604,0.38294270538264863,0.23182801441846335,0.2355346156116922,0.33240717959874366,0.42317854974992053,0.3877743486545232,0.3622885077327823,0.3268524727784179,0.36411732791748286,0.4248218534182293,0.3782359176150123,0.4555872114693804,0.4554959532342687,0.3480963049161939,0.3670364134150649,0.2368325523505519,0.2766539150405748,0.2730182401489454,0.22432063863621698,0.3814389545273186,0.0,0.3790918557357913,0.514809064598609,0.22972326399604726,0.31578229514888956,0.37510180886794753,0.1964161119283805,0.3751331892099268,0.2292707769246045,0.4338873890137851,0.3867910014208362,0.24404013749087117,0.24844986643958655,0.24944209736762435,0.4387631853306707,0.4395319266699409,0.23509244246724825,0.27817218715627823
0.2927773644556624,0.34551678874581504,0.2191385779231373,0.25179327651540584,0.30468243125397443,0.32919249283045326,1.0,0.2501604390364146,0.2961568191641921,0.2505307192144738,0.3588919810267017,0.24932388187555088,0.35118535476327406,0.24588562644164447,0.24147554428773688,0.7517631380014734,0.3321830928046947,0.3866817640697052,0.3583619343527529,0.856475816147573,0.3829032474361058,0.3471055066716565,0.38283252634064113,0.3107270291329993,0.29955674585265557,0.2777606927926949,0.35236690972485907,0.24403381007578673,0.2840239979426752,0.2909981331658693,0.23490751886391392,0.34164700558602834,0.0,0.35569423854032567,0.3588718051897972,0.25202955130657567,0.7627698568773122,0.3268837298504881,0.20158174730867795,0.3490553585457863,0.23431190223809673,0.34548539296205205,0.3551878950782482,0.2537775252921608,0.2515070093445678,0.2607409931240564,0.338584209919767,0.33798491984499857,0.2443681490211166,0.28682272323406377
0.2773060612055822,0.27428425001472234,0.21027330261523403,0.4928793599399127,0.2488858055228923,0.25012945914345275,0.2501604390364146,1.0,0.2701145862539317,0.4963183812064256,0.2592439545004732,0.47309186280898097,0.2709812636869977,0.48528482011959606,0.46914833197358297,0.2607749987693133,0.2511388259670041,0.25470178262619325,0.24949815858467084,0.252736212487798,0.2457521806999159,0.24112381873628796,0.2603026274728337,0.24123919983799802,0.23265388630757833,0.21360411544152003,0.25967893509471696,0.6811280507510218,0.30592177240770957,0.27065953061001,0.4687926312285885,0.26614738859043985,0.0,0.2573436828120358,0.25814985310135297,0.3774098411716935,0.2425034664917648,0.26637557530933065,0.32873623898298165,0.2544355599375019,0.48008610063866475,0.25481932253401174,0.26011713355866506,0.6892829738814575,0.6610816026164718,0.2828116484745188,0.2532375466322859,0.25336954971706616,0.43682910686954246,0.2986908420761546
0.3797225423455175,0.29634769797261684,0.2410447739112086,0.2739216594193935,0.2815000798659836,0.27149247540031285,0.2961568191641921,0.2701145862539317,1.0,0.28532123613784943,0.3047424909166251,0.2622501967294407,0.30984923934827036,0.2692760263552205,0.270487634494728,0.3099761662035966,0.2757123063265351,0.2934970589074526,0.26717841780837215,0.301820321450714,0.2868194138532033,0.2756042432237249,0.3009319395457811,0.25841619190310916,0.2527929359096671,0.2382438151487415,0.29870990955563415,0.2582226010075399,0.3274845369192185,0.40843291903710854,0.2621159353766285,0.29466952674191316,0.0,0.2912083647057758,0.2895478411620229,0.25647254121749585,0.28621998970268303,0.2854361449707383,0.20468337111799795,0.29930216014463074,0.26431964274997044,0.29040650257526024,0.30128250031540116,0.26414286474842175,0.2601155709526086,0.29923467932422376,0.28427606972254427,0.28426445825248925,0.25886639430617286,0.3326302481110459
0.28623017236685244,0.2780982205942685,0.21170335989417632,0.5237258598694137,0.2576726739300512,0.24339029306487037,0.2505307192144738,0.4963183812064256,0.28532123613784943,1.0,0.2694054917867543,0.48099146759330935,0.2769948071316779,0.5043254194376163,0.4998042262837714,0.2663587958103495,0.24936239681588313,0.25446881799395193,0.24152208216588988,0.25273941218207807,0.2466666152808915,0.2383567473085748,0.2539383328133059,0.2329011946038937,0.23816309274133862,0.2187885845151739,0.260921673785952,0.4931593967614192,0.30605272790947724,0.2803388012920843,0.5155093664065837,0.2638503875589914,0.0,0.25159366702938024,0.2560326502084791,0.3964785290350673,0.24272677391665554,0.2516344187714181,0.3474964753878613,0.25712863008616127,0.5199527643327189,0.25447368550965255,0.2580103661348788,0.5029286884419448,0.5051560179576233,0.2837291179148337,0.25306162026641466,0.25293249360382974,0.4619100059113669,0.30367145041762555
0.31506957293463345,0.41693021648275963,0.23378485852461584,0.2607285647983837,0.4770658408547397,0.37989295434380355,0.3588919810267017,0.2592439545004732,0.3047424909166251,0.2694054917867543,1.0,0.2583664612025319,0.5324402182767758,0.2595574184944692,0.25514513508094383,0.36468681694228566,0.3876041730522517,0.4861962184382057,0.4517169416493513,0.36175241279971615,0.477476154795462,0.46208328690012435,0.48864388554128124,0.3714049075650525,0.3456267468154478,0.3391571002849739,0.49478798974160587,0.25836191402228303,0.29834888894581313,0.311060864444349,0.2505730985773331,0.4628331629615484,0.0,0.47688424853205713,0.41867150116780794,0.25111070345641695,0.34432188259125607,0.47041401784931136,0.20044592531306515,0.5076155361824094,0.24846461457831448,0.4323055022458874,0.5020647187727729,0.26356495118245193,0.2616417259944299,0.27516470356683376,0.4266884568024345,0.42561718975477436,0.25953558709389324,0.30080121375730184
0.2835934014785563,0.2809702975227808,0.2106924556588694,0.5047296551277752,0.23905070318938237,0.24132830600354604,0.24932388187555088,0.47309186280898097,0.2622501967294407,0.48099146759330935,0.2583664612025319,1.0,0.26179028547201566,0.49384418503226635,0.6023813757673167,0.2530658479970139,0.244336889975027,0.246883934742397,0.2442089884527059,0.2502915015558149,0.24730190828989096,0.23647429773101858,0.2558792863691548,0.2377420612722967,0.22871657340577933,0.20995384525826855,0.2553411665757037,0.48187582595634704,0.3152140051503788,0.270067757156901,0.4436074486892806,0.2583125637298005,0.0,0.2517948587548752,0.25925402640721285,0.38170217149024477,0.23939139366133022,0.25279702750681665,0.3337784524913956,0.25128346766159615,0.46533373512751075,0.25047713614774014,0.25927704694870946,0.4889892046207457,0.4862499108041881,0.28490355325976224,0.2582930747970068,0.25855769362682013,0.42930290204900146,0.29820500562566465
0.3059169873012725,0.4108342453300713,0.2269512206809401,0.2651015693093375,0.44242202062987646,0.38294270538264863,0.35118535476327406,0.2709812636869977,0.30984923934827036,0.2769948071316779,0.5324402182767758,0.26179028547201566,1.0,0.25787632695426266,0.2690658443111661,0.3694498837811856,0.391129730212334,0.49289279032189925,0.500192778719385,0.3540872227223133,0.5054983522507184,0.533225785791622,0.5494019712482021,0.37360849973071797,0.3522576663115379,0.3393819986648299,0.5418887168247613,0.2541593204848409,0.2970778229041944,0.32000759481389185,0.2553790555484353,0.5117459216488676,0.0,0.5448141325291768,0.4187650907485184,0.24369134437503304,0.34801384985713146,0.5020528083439129,0.20114368281771888,0.532634068536133,0.2580422606315125,0.42946723147096444,0.5265869539489942,0.26200740283019375,0.25766634818872314,0.2711522430204023,0.425025386718652,0.4246252966182519,0.2541708741531016,0.2997218236786585
0.26973987830189816,0.2624685669339468,0.20610367971834676,0.5451450073905766,0.2393990758354304,0.23182801441846335,0.24588562644164447,0.48528482011959606,0.2692760263552205,0.5043254194376163,0.2595574184944692,0.49384418503226635,0.25787632695426266,1.0,0.5471438045320578,0.2518911456635584,0.23954443531512615,0.25111442755461255,0.23948715510690666,0.24951980818548813,0.24148233095058846,0.23309823448125544,0.2548724971757559,0.21820433799116667,0.21805279237598607,0.20575967853542465,0.25591961306879885,0.5149051794046895,0.2995552318000021,0.2645828069945765,0.49311024987727714,0.25443630997524946,0.0,0.24509309522756761,0.2470701519377434,0.38537954877642067,0.23395202155122663,0.2513627315876693,0.34020834147804524,0.24859453857052072,0.511977680507975,0.25000470256075,0.25374617443071923,0.5158445305514132,0.504030887257826,0.2849220603483055,0.2471839680846284,0.24759048134589134,0.45275010215637146,0.30082017347723156
0.25933825554445633,0.25959275677341687,0.20216147397275308,0.5566465081293512,0.2539503097078709,0.2355346156116922,0.24147554428773688,0.46914833197358297,0.270487634494728,0.4998042262837714,0.25514513508094383,0.6023813757673167,0.2690658443111661,0.5471438045320578,1.0,0.25737509035757844,0.2495628045914876,0.24686154523277026,0.23533069210660196,0.24477635363239325,0.240515799001373,0.23086822581302213,0.2541109489982962,0.2260651227568513,0.22721633575334377,0.21275979433515557,0.2522398996130317,0.4825900314973107,0.29328553514417544,0.26693106021950974,0.4881843236642813,0.26214467210759484,0.0,0.24380716314843964,0.24974925145759075,0.38265657730962976,0.23765402661790225,0.2484758505070277,0.33417015685873563,0.24768235425457552,0.5110702459073933,0.24758227998607285,0.25353052082406324,0.4846769946265067,0.4737229018232091,0.28346197820986274,0.253228255713875,0.25349338457035475,0.43792060271647093,0.3054991249115069
0.29569380262123957,0.3481279184030802,0.2225181860709715,0.2629425720467615,0.3354423314928229,0.33240717959874366,0.7517631380014734,0.2607749987693133,0.3099761662035966,0.2663587958103495,0.36468681694228566,0.2530658479970139,0.3694498837811856,0.2518911456635584,0.25737509035757844,1.0,0.34389373207559293,0.3746754982557421,0.3556282967007769,0.7697445864121009,0.36600319574999585,0.34348634792516686,0.3712370298747514,0.31632615257820274,0.3119202607748951,0.29260388410313276,0.34958200533060724,0.24979353006349836,0.2898458279609688,0.3092421621687791,0.24902038051889264,0.3546587515426819,0.0,0.351814656005622,0.3576256909149761,0.2499250445693172,0.7535566644105071,0.33247024013586923,0.1930978561822717,0.3462913175039669,0.24871543489546344,0.34776600083626885,0.35311779944461985,0.25235208570789336,0.2531804856533231,0.262603740281947,0.3396337905493898,0.33917323147847134,0.24768060676943604,0.28866748432844125
0.28090352051192347,0.46221627544248123,0.20845847406799023,0.2523335960325763,0.39175639491890835,0.42317854974992053,0.3321830928046947,0.2511388259670041,0.2757123063265351,0.24936239681588313,0.3876041730522517,0.244336889975027,0.391129730212334,0.23954443531512615,0.2495628045914876,0.34389373207559293,1.0,0.3801474180075459,0.3509689696383279,0.32971912768925193,0.3707616550989653,0.35495621686294276,0.3893919898373842,0.46727633627210574,0.4550835514001714,0.3925110563317904,0.3762718092120295,0.23812834954388618,0.28615023269587825,0.2821127619837599,0.23359220925397117,0.4314968523188485,0.0,0.39278524213351773,0.4666127146547784,0.23501862993820755,0.3303952889485178,0.37090840928696067,0.19099391933522303,0.38128026941408444,0.23528687714119412,0.43129852500643784,0.3943157543383844,0.2484508208405739,0.2562000007295372,0.2561741088864663,0.4468648133307773,0.44630849117059945,0.2362591869689109,0.2763444500815847
0.30273805466537285,0.4118607700242197,0.2247076896151312,0.251558003777104,0.3904708484372409,0.3877743486545232,0.3866817640697052,0.25470178262619325,0.2934970589074526,0.25446881799395193,0.4861962184382057,0.246883934742397,0.49289279032189925,0.25111442755461255,0.24686154523277026,0.3746754982557421,0.3801474180075459,1.0,0.4929876784631464,0.3885216912817434,0.5070273330839676,0.4782456403016965,0.5146635518224227,0.36603622210736164,0.3422184312625203,0.3270283898248536,0.4936421991560185,0.24886032518371604,0.28578109398626816,0.30227541935334923,0.2408914985359094,0.4525584179266222,0.0,0.4754361083328923,0.4196536261805992,0.2576579168794808,0.36703598892465084,0.4475004874270113,0.20176321664285146,0.4904470372858568,0.23926105811235077,0.4238551007511151,0.4855878785461756,0.2542631800877928,0.2513165410732453,0.26605912261250664,0.42185289681008853,0.4219281629451035,0.2507245068293773,0.2900374367211763
0.28236493718870814,0.3765134253444804,0.20808929456370895,0.2410081459462442,0.3620579943044552,0.3622885077327823,0.3583619343527529,0.24949815858467084,0.26717841780837215,0.24152208216588988,0.4517169416493513,0.2442089884527059,0.500192778719385,0.23948715510690666,0.23533069210660196,0.3556282967007769,0.3509689696383279,0.4929876784631464,1.0,0.3557238964250127,0.4773886332730659,0.5011302437944205,0.4761517292605024,0.3328924474217205,0.3177793536259387,0.30154257176982635,0.47162188295662555,0.24206572993308273,0.26791082280073675,0.28107101797906353,0.23062026384177448,0.4528986657683969,0.0,0.46553877842769587,0.38858346941830035,0.23908805194608784,0.3470843735276098,0.4472447279129099,0.19077222859021425,0.4529170175327779,0.22919349641420572,0.38452639910130904,0.45091469728864664,0.25104296921410374,0.24851543390353004,0.24785139900255448,0.3841751450784038,0.38437810253642923,0.2372774560047044,0.26965865032911807
0.29468044336974963,0.34931557783807554,0.2218378729196161,0.252617754609494,0.30829289333588206,0.3268524727784179,0.856475816147573,0.252736212487798,0.301820321450714,0.25273941218207807,0.36175241279971615,0.2502915015558149,0.3540872227223133,0.24951980818548813,0.24477635363239325,0.7697445864121009,0.32971912768925193,0.3885216912817434,0.3557238964250127,1.0,0.3840296905089161,0.34543753748263584,0.3813520256753187,0.30855662653692384,0.29801865953801254,0.28000935444862163,0.35498618167965823,0.24777924541856966,0.2865730146135972,0.2954534024962766,0.23721664202741022,0.34412997777056487,0.0,0.35372077405010116,0.35649244819640324,0.2512863729394118,0.7733340287864703,0.33044978499493816,0.19564931239760286,0.35365192966010084,0.23662108250582425,0.346510008837824,0.3574597044704263,0.2539612510986241,0.25110456887662314,0.2646094518683606,0.34196311586192096,0.342207377152673,0.24742160592704088,0.291459424094362
0.2889327657708385,0.3956337928110121,0.219419525723354,0.24600552356192018,0.3987223853754226,0.36411732791748286,0.3829032474361058,0.2457521806999159,0.2868194138532033,0.2466666152808915,0.477476154795462,0.24730190828989096,0.5054983522507184,0.24148233095058846,0.240515799001373,0.36600319574999585,0.3707616550989653,0.5070273330839676,0.4773886332730659,0.3840296905089161,1.0,0.4787415903202561,0.5276546394222748,0.3543923479666121,0.33183095021228737,0.3234800760425719,0.4984454069549692,0.24260731646696643,0.2804776140729902,0.29581407949778005,0.23256521215791703,0.4636099630541043,0.0,0.4948253466159408,0.4074989540614703,0.24674976163228668,0.3582564242371733,0.45481904154930786,0.1910540452688515,0.5164812079308037,0.23639151472918718,0.40090784126853085,0.4912221150148288,0.24918503997343844,0.24708947721011787,0.26509626620531934,0.41157394082803267,0.4114949619857692,0.2430373539400117,0.2874860684093966
0.282617651880368,0.3712212528477695,0.2109618175199084,0.23313659932532804,0.36426848706923287,0.4248218534182293,0.3471055066716565,0.24112381873628796,0.2756042432237249,0.2383567473085748,0.46208328690012435,0.23647429773101858,0.533225785791622,0.23309823448125544,0.23086822581302213,0.34348634792516686,0.35495621686294276,0.4782456403016965,0.5011302437944205,0.34543753748263584,0.4787415903202561,1.0,0.6569526712116696,0.33201864478081644,0.31417608046675016,0.29869125289592824,0.48670784299012226,0.2376328018220587,0.27083191313871136,0.27854307070292783,0.22426864039471073,0.46084816888605484,0.0,0.6078855974314608,0.37984482164390254,0.23143830029296697,0.3308462445589737,0.45708470493423503,0.18513278070939354,0.4768365058301043,0.2233484849528622,0.3800519773849603,0.48098309062532396,0.24265667457283246,0.23938457332732577,0.25221617109975225,0.38030370447590167,0.3796792471122813,0.23178256720347268,0.27548335147342884
0.3076798296211041,0.4087969402076088,0.22765009004832515,0.2612507644696912,0.39951575838379405,0.3782359176150123,0.38283252634064113,0.2603026274728337,0.3009319395457811,0.2539383328133059,0.48864388554128124,0.2558792863691548,0.5494019712482021,0.2548724971757559,0.2541109489982962,0.3712370298747514,0.3893919898373842,0.5146635518224227,0.4761517292605024,0.3813520256753187,0.5276546394222748,0.6569526712116696,1.0,0.3618859616462161,0.3465902079880049,0.32428888061747363,0.523787113084574,0.2556937320152426,0.29431091518726904,0.2990517022880754,0.24461648150122073,0.49239910963492983,0.0,0.6480942210850091,0.41427456899562654,0.2533230177124123,0.3602191056511731,0.47492947422334675,0.20438451958868942,0.5138156753036578,0.24513453200138224,0.40810250163143724,0.5117593553985222,0.25951665171648863,0.25628873853593814,0.27116514486562726,0.4098388908505487,0.4100714185170041,0.25169850662554194,0.295285390279718
0.2671978208291035,0.48901153529972097,0.19616987137278785,0.23616143828184,0.3558652322884953,0.4555872114693804,0.3107270291329993,0.24123919983799802,0.25841619190310916,0.2329011946038937,0.3714049075650525,0.2377420612722967,0.37360849973071797,0.21820433799116667,0.2260651227568513,0.31632615257820274,0.46727633627210574,0.36603622210736164,0.3328924474217205,0.30855662653692384,0.3543923479666121,0.33201864478081644,0.3618859616462161,1.0,0.5718239138551044,0.39790483675115607,0.3603932188409369,0.21968398497133568,0.2687114830235984,0.2649539925279544,0.21488079934340198,0.38593409822775826,0.0,0.3616121151798184,0.5072357808526518,0.2179909312734173,0.301925479035533,0.34658809296254944,0.175714486411233,0.363471037652653,0.22039625980962596,0.4164374940631477,0.36869334704223644,0.23425914363535494,0.23730955849115576,0.2345646987772777,0.41287049200220416,0.41451288865886315,0.2204559710688011,0.2653836581128317
0.26252920996950213,0.4875286723863299,0.18969182064881263,0.24342486431579857,0.3470702778664172,0.4554959532342687,0.29955674585265557,0.23265388630757833,0.2527929359096671,0.23816309274133862,0.3456267468154478,0.22871657340577933,0.3522576663115379,0.21805279237598607,0.22721633575334377,0.3119202607748951,0.4550835514001714,0.3422184312625203,0.3177793536259387,0.29801865953801254,0.33183095021228737,0.31417608046675016,0.3465902079880049,0.5718239138551044,1.0,0.4006063184392862,0.33940875147071703,0.21418670016577912,0.2566916027966337,0.2554170582565285,0.21723553739342405,0.40983354887693435,0.0,0.3472084633199587,0.48757532585661234,0.20927775669637305,0.29478444667590364,0.3373747150399182,0.17237582243914062,0.35005291055788246,0.22276261813235732,0.3929133014204703,0.35273510700462396,0.23656877148440758,0.2396491933119156,0.23826159006576952,0.40204018375397044,0.4050293446311819,0.22568643767457275,0.25504624536111975
0.23611450526664035,0.38623454425503634,0.17850248816890346,0.21736760510707642,0.31755922372179535,0.3480963049161939,0.2777606927926949,0.21360411544152003,0.2382438151487415,0.2187885845151739,0.3391571002849739,0.20995384525826855,0.3393819986648299,0.20575967853542465,0.21275979433515557,0.29260388410313276,0.3925110563317904,0.3270283898248536,0.30154257176982635,0.28000935444862163,0.3234800760425719,0.29869125289592824,0.32428888061747363,0.39790483675115607,0.4006063184392862,1.0,0.3261088364739182,0.1998919136281767,0.23393175825681,0.24503215871309358,0.20551226091621688,0.33234477788155437,0.0,0.32053319842141603,0.39009282403447487,0.19555491371899958,0.27670102742480684,0.36164246900962893,0.1645696018814059,0.33365306161017005,0.2051502177869059,0.36943731703833516,0.3285217856697532,0.21458917534251976,0.21216062266736513,0.21123079025290403,0.3767991773804604,0.37789543864085406,0.21209837881366078,0.23436692027564587
0.30367092538059604,0.40731608178678247,0.2247771092131413,0.2546103004817202,0.4053993510879893,0.3670364134150649,0.35236690972485907,0.25967893509471696,0.29870990955563415,0.260921673785952,0.49478798974160587,0.2553411665757037,0.5418887168247613,0.25591961306879885,0.2522398996130317,0.34958200533060724,0.3762718092120295,0.4936421991560185,0.47162188295662555,0.35498618167965823,0.4984454069549692,0.48670784299012226,0.523787113084574,0.3603932188409369,0.33940875147071703,0.3261088364739182,1.0,0.25039307085646856,0.291922511759513,0.2990348584437653,0.24665139752625131,0.4854045711867999,0.0,0.49996264842868354,0.40776789709968575,0.2446510353716559,0.3349692069433704,0.5692129188135386,0.1929507074758534,0.5347177624696493,0.24691379478229714,0.4163881115850784,0.6082921558248188,0.26209316757199064,0.2557662307996962,0.27431322357779797,0.41461729434638317,0.41453917214195346,0.25408189202020603,0.29289166545596534
0.274621056010647,0.26755223208869905,0.20776560667077348,0.5148038398822963,0.2244099856722952,0.2368325523505519,0.24403381007578673,0.6811280507510218,0.2582226010075399,0.4931593967614192,0.25836191402228303,0.48187582595634704,0.2541593204848409,0.5149051794046895,0.4825900314973107,0.24979353006349836,0.23812834954388618,0.24886032518371604,0.24206572993308273,0.24777924541856966,0.24260731646696643,0.2376328018220587,0.2556937320152426,0.21968398497133568,0.21418670016577912,0.1998919136281767,0.25039307085646856,1.0,0.30479949058174693,0.26124086119736656,0.4670735307634132,0.2539985079945487,0.0,0.24654606279518343,0.24990442427444826,0.37650989618755293,0.23477987115902088,0.25619249735132976,0.33011259509703916,0.24480345083868005,0.4849504882321426,0.24668309639688446,0.24787694665725135,0.7881747736425493,0.747365868211553,0.2765133921035964,0.2489029653999475,0.24929950371805776,0.44951850050410924,0.2937637573275411
0.3439674633984995,0.3021248234780277,0.2495344615070696,0.2958115315555039,0.27044186893307964,0.2766539150405748,0.2840239979426752,0.30592177240770957,0.3274845369192185,0.30605272790947724,0.29834888894581313,0.3152140051503788,0.2970778229041944,0.2995552318000021,0.29328553514417544,0.2898458279609688,0.28615023269587825,0.28578109398626816,0.26791082280073675,0.2865730146135972,0.2804776140729902,0.27083191313871136,0.29431091518726904,0.2687114830235984,0.2566916027966337,0.23393175825681,0.291922511759513,0.30479949058174693,1.0,0.3225550914939932,0.2895219162941025,0.2922283742578309,0.0,0.28970478797934507,0.29149838714653176,0.28344679330417377,0.2731610182956794,0.28219549708068803,0.22734997019189895,0.29102563936125514,0.2866594281336099,0.2859601087972875,0.2910978225696078,0.3047635039132467,0.30466961658528924,0.3877677711446079,0.2863024083390262,0.2865613392741624,0.29026243244694416,0.615455667292482
0.3787218312587669,0.2990157433193307,0.2483087771774236,0.2708310168501281,0.2863808518682003,0.2730182401489454,0.2909981331658693,0.27065953061001,0.40843291903710854,0.2803388012920843,0.311060864444349,0.270067757156901,0.32000759481389185,0.2645828069945765,0.26693106021950974,0.3092421621687791,0.2821127619837599,0.30227541935334923,0.28107101797906353,0.2954534024962766,0.29581407949778005,0.27854307070292783,0.2990517022880754,0.2649539925279544,0.2554170582565285,0.24503215871309358,0.2990348584437653,0.26124086119736656,0.3225550914939932,1.0,0.2635472225914537,0.29614736592672686,0.0,0.29274546118198463,0.2953325908705666,0.251161071024669,0.28628637273803503,0.2848415346964053,0.22331561251277454,0.30921681492721076,0.2639526022875567,0.29274441245069116,0.30438082409404243,0.26777981250477845,0.26432034413743744,0.31112278561059925,0.2934440344964355,0.2932913024903083,0.25858412247991325,0.3309042289810792
0.2563903759750439,0.25394788539787627,0.20079370517996886,0.49817985243574225,0.23652346649280598,0.22432063863621698,0.23490751886391392,0.4687926312285885,0.2621159353766285,0.5155093664065837,0.2505730985773331,0.4436074486892806,0.2553790555484353,0.49311024987727714,0.4881843236642813,0.24902038051889264,0.23359220925397117,0.2408914985359094,0.23062026384177448,0.23721664202741022,0.23256521215791703,0.22426864039471073,0.24461648150122073,0.21488079934340198,0.21723553739342405,0.20551226091621688,0.24665139752625131,0.4670735307634132,0.2895219162941025,0.2635472225914537,1.0,0.2467214767940733,0.0,0.24121514662960197,0.23819368796833373,0.37603008265952176,0.22950242435283963,0.23921017831529845,0.32312174536357974,0.24092182315703736,0.6580721853297687,0.24034256525008457,0.24546553312413555,0.47759116456612427,0.4654389604941749,0.2728469324552242,0.24006749582037168,0.23994569083356276,0.4304376898722805,0.2877102011110948
0.30040365523322454,0.3999931172898592,0.2238236654129433,0.27029702256196564,0.42050674820943834,0.3814389545273186,0.34164700558602834,0.26614738859043985,0.29466952674191316,0.2638503875589914,0.4628331629615484,0.2583125637298005,0.5117459216488676,0.25443630997524946,0.26214467210759484,0.3546587515426819,0.4314968523188485,0.4525584179266222,0.4528986657683969,0.34412997777056487,0.4636099630541043,0.46084816888605484,0.49239910963492983,0.38593409822775826,0.40983354887693435,0.33234477788155437,0.4854045711867999,0.2539985079945487,0.2922283742578309,0.29614736592672686,0.2467214767940733,1.0,0.0,0.489526892159608,0.3958198932002479,0.23817618218471093,0.3417281657939355,0.47673266396049174,0.19620686943410715,0.49436620733411896,0.24554762636920546,0.40493302556952315,0.4958245443132784,0.25643302903790366,0.2640880946822879,0.2647493424317571,0.41498161290516933,0.41503517475617946,0.24231711247663457,0.2832733586649512
0.0,0.0,0.0,0.0,0.0,0.0,0.0,0.0,0.0,0.0,0.0,0.0,0.0,0.0,0.0,0.0,0.0,0.0,0.0,0.0,0.0,0.0,0.0,0.0,0.0,0.0,0.0,0.0,0.0,0.0,0.0,0.0,1.0,0.0,0.0,0.0,0.0,0.0,0.0,0.0,0.0,0.0,0.0,0.0,0.0,0.0,0.0,0.0,0.0,0.0
0.30315877837716754,0.39920530036014157,0.22573352822042858,0.24711389671112738,0.3989403407170309,0.3790918557357913,0.35569423854032567,0.2573436828120358,0.2912083647057758,0.25159366702938024,0.47688424853205713,0.2517948587548752,0.5448141325291768,0.24509309522756761,0.24380716314843964,0.351814656005622,0.39278524213351773,0.4754361083328923,0.46553877842769587,0.35372077405010116,0.4948253466159408,0.6078855974314608,0.6480942210850091,0.3616121151798184,0.3472084633199587,0.32053319842141603,0.49996264842868354,0.24654606279518343,0.28970478797934507,0.29274546118198463,0.24121514662960197,0.489526892159608,0.0,1.0,0.4093139443469994,0.2549997861895241,0.33664505518488963,0.4708030125070306,0.20991947085848817,0.49950414271657084,0.23669044004098672,0.4069933110577846,0.5079974804852342,0.2521624172381003,0.25324814837253784,0.26527709865232196,0.4099815548410338,0.40975067712644886,0.24295257971974982,0.2890352038720666
0.2998926479950488,0.5648225057314045,0.21730423535946275,0.25450763919184294,0.36960143343099183,0.514809064598609,0.3588718051897972,0.25814985310135297,0.2895478411620229,0.2560326502084791,0.41867150116780794,0.25925402640721285,0.4187650907485184,0.2470701519377434,0.24974925145759075,0.3576256909149761,0.4666127146547784,0.4196536261805992,0.38858346941830035,0.35649244819640324,0.4074989540614703,0.37984482164390254,0.41427456899562654,0.5072357808526518,0.48757532585661234,0.39009282403447487,0.40776789709968575,0.24990442427444826,0.29149838714653176,0.2953325908705666,0.23819368796833373,0.3958198932002479,0.0,0.4093139443469994,1.0,0.245518197152222,0.33838353431715995,0.3893920902605644,0.20298314964410868,0.41539550252952984,0.23904880928215944,0.4746742998048744,0.42042194295760926,0.2562932578342626,0.25766384896129624,0.26161030145779074,0.470836352071038,0.47021393978507364,0.2498933824282462,0.2874235629736699
0.25576949867817456,0.24027061002026795,0.2010973991394981,0.39105375613654914,0.21812940688899496,0.22972326399604726,0.25202955130657567,0.3774098411716935,0.25647254121749585,0.3964785290350673,0.25111070345641695,0.38170217149024477,0.24369134437503304,0.38537954877642067,0.38265657730962976,0.2499250445693172,0.23501862993820755,0.2576579168794808,0.23908805194608784,0.2512863729394118,0.24674976163228668,0.23143830029296697,0.2533230177124123,0.2179909312734173,0.20927775669637305,0.19555491371899958,0.2446510353716559,0.37650989618755293,0.28344679330417377,0.251161071024669,0.37603008265952176,0.23817618218471093,0.0,0.2549997861895241,0.245518197152222,1.0,0.23766105826664308,0.23091335276887004,0.3208044345133678,0.24636509929674755,0.3841638706402918,0.23989303878388046,0.2441080881149349,0.3880166091040854,0.3872841355705824,0.2623938529171852,0.23549846687566378,0.23500218705493725,0.38898557279408785,0.28437533518362257
0.2800885702996945,0.3296467344383527,0.21077835214244256,0.24202760845204796,0.30671488239407874,0.31578229514888956,0.7627698568773122,0.2425034664917648,0.28621998970268303,0.24272677391665554,0.34432188259125607,0.23939139366133022,0.34801384985713146,0.23395202155122663,0.23765402661790225,0.7535566644105071,0.3303952889485178,0.36703598892465084,0.3470843735276098,0.7733340287864703,0.3582564242371733,0.3308462445589737,0.3602191056511731,0.301925479035533,0.29478444667590364,0.27670102742480684,0.3349692069433704,0.23477987115902088,0.2731610182956794,0.28628637273803503,0.22950242435283963,0.3417281657939355,0.0,0.33664505518488963,0.33838353431715995,0.23766105826664308,1.0,0.3172508999726493,0.1829425220429589,0.328738809711583,0.2283149872106922,0.3280825190889013,0.3388547178127054,0.23863908175044624,0.23662472376155508,0.2461172920461191,0.32267022218591845,0.3226287278069755,0.230495489511515,0.2718219717126945
0.30114112090105305,0.4082357211579737,0.22239284985033902,0.24672240334768536,0.4318354312721173,0.37510180886794753,0.3268837298504881,0.26637557530933065,0.2854361449707383,0.2516344187714181,0.47041401784931136,0.25279702750681665,0.5020528083439129,0.2513627315876693,0.2484758505070277,0.33247024013586923,0.37090840928696067,0.4475004874270113,0.4472447279129099,0.33044978499493816,0.45481904154930786,0.45708470493423503,0.47492947422334675,0.34658809296254944,0.3373747150399182,0.36164246900962893,0.5692129188135386,0.25619249735132976,0.28219549708068803,0.2848415346964053,0.23921017831529845,0.47673266396049174,0.0,0.4708030125070306,0.3893920902605644,0.23091335276887004,0.3172508999726493,1.0,0.19967978527895047,0.4954011115017941,0.24509319029855836,0.4024033641608018,0.6032598932068807,0.26694987736845477,0.26124321939542716,0.26462814000456514,0.4152650782784757,0.4153246337775758,0.2545358386992015,0.28131302235754707
0.21304725853870043,0.1947255646205287,0.15701679326911577,0.34806181292182437,0.2151585927824411,0.1964161119283805,0.20158174730867795,0.32873623898298165,0.20468337111799795,0.3474964753878613,0.20044592531306515,0.3337784524913956,0.20114368281771888,0.34020834147804524,0.33417015685873563,0.1930978561822717,0.19099391933522303,0.20176321664285146,0.19077222859021425,0.19564931239760286,0.1910540452688515,0.18513278070939354,0.20438451958868942,0.175714486411233,0.17237582243914062,0.1645696018814059,0.1929507074758534,0.33011259509703916,0.22734997019189895,0.22331561251277454,0.32312174536357974,0.19620686943410715,0.0,0.20991947085848817,0.20298314964410868,0.3208044345133678,0.1829425220429589,0.19967978527895047,1.0,0.19472961841305358,0.3276594537969767,0.20325578815585355,0.20278827965670154,0.3371001900549535,0.3440997487821208,0.2092938747347074,0.19816933269213854,0.19778084049968103,0.3180546328578092,0.22846011327184945
