../ecoli_genomes/GCF_000163235.1_ASM16323v1_genomic.fna.gz,../ecoli_genomes/GCF_000164555.1_ASM16455v1_genomic.fna.gz,../ecoli_genomes/GCF_000208545.1_ASM20854v2_genomic.fna.gz,../ecoli_genomes/GCF_000233875.1_ASM23387v1_genomic.fna.gz,../ecoli_genomes/GCF_000249735.1_ASM24973v2_genomic.fna.gz,../ecoli_genomes/GCF_000261145.1_Esch_coli_M919_V2_genomic.fna.gz,../ecoli_genomes/GCF_000267705.2_ASM26770v2_genomic.fna.gz,../ecoli_genomes/GCF_000350665.1_Esch_coli_KTE5_V1_genomic.fna.gz,../ecoli_genomes/GCF_000351625.1_Esch_coli_KTE66_V1_genomic.fna.gz,../ecoli_genomes/GCF_000352285.1_Esch_coli_KTE46_V1_genomic.fna.gz,../ecoli_genomes/GCF_000358895.1_ASM35889v1_genomic.fna.gz,../ecoli_genomes/GCF_000456385.1_Esch_coli_HVH_26_4-5703913_V1_genomic.fna.gz,../ecoli_genomes/GCF_000458195.1_Esch_coli_HVH_147_4-5893887_V1_genomic.fna.gz,../ecoli_genomes/GCF_000459755.1_Esch_coli_KOEGE_58_171a_V1_genomic.fna.gz,../ecoli_genomes/GCF_000460055.1_Esch_coli_UMEA_3053-1_V1_genomic.fna.gz,../ecoli_genomes/GCF_000462165.2_ASM46216v2_genomic.fna.gz,../ecoli_genomes/GCF_000601135.1_ASM60113v1_genomic.fna.gz,../ecoli_genomes/GCF_000614595.1_Ec2010EL1058_genomic.fna.gz,../ecoli_genomes/GCF_000617745.1_Ec2010C-4529_genomic.fna.gz,../ecoli_genomes/GCF_000618265.2_EcF6751_genomic.fna.gz,../ecoli_genomes/GCF_000619005.2_Ec2009C-4052_genomic.fna.gz,../ecoli_genomes/GCF_000619105.1_Ec2009C-4780_genomic.fna.gz,../ecoli_genomes/GCF_000619765.2_Ec2009C-3279_genomic.fna.gz,../ecoli_genomes/GCF_000687005.1_ASM68700v1_genomic.fna.gz,../ecoli_genomes/GCF_000687025.1_ASM68702v1_genomic.fna.gz,../ecoli_genomes/GCF_000700125.1_ASM70012v1_genomic.fna.gz,../ecoli_genomes/GCF_000753315.1_FHI35_genomic.fna.gz,../ecoli_genomes/GCF_000776375.1_ASM77637v1_genomic.fna.gz,../ecoli_genomes/GCF_000779395.1_ASM77939v1_genomic.fna.gz,../ecoli_genomes/GCF_000780315.1_ASM78031v1_genomic.fna.gz,../ecoli_genomes/GCF_000781995.1_ASM78199v1_genomic.fna.gz,../ecoli_genomes/GCF_000986765.1_ASM98676v1_genomic.fna.gz,../ecoli_genomes/GCF_001041375.1_ViralProj287958_genomic.fna.gz,../ecoli_genomes/GCF_001265335.1_302014_genomic.fna.gz,../ecoli_genomes/GCF_001265625.1_100854_genomic.fna.gz,../ecoli_genomes/GCF_001267345.1_303289_genomic.fna.gz,../ecoli_genomes/GCF_001309985.1_ASM130998v1_genomic.fna.gz,../ecoli_genomes/GCF_001521695.1_ASM152169v1_genomic.fna.gz,../ecoli_genomes/GCF_001592595.1_ASM159259v1_genomic.fna.gz,../ecoli_genomes/GCF_001614975.1_ASM161497v1_genomic.fna.gz,../ecoli_genomes/GCF_001692775.1_ASM169277v1_genomic.fna.gz,../ecoli_genomes/GCF_001748915.1_ASM174891v1_genomic.fna.gz,../ecoli_genomes/GCF_001749235.1_ASM174923v1_genomic.fna.gz,../ecoli_genomes/GCF_001881155.1_ASM188115v1_genomic.fna.gz,../ecoli_genomes/GCF_001881345.1_ASM188134v1_genomic.fna.gz,../ecoli_genomes/GCF_001892405.1_ASM189240v1_genomic.fna.gz,../ecoli_genomes/GCF_001892585.1_ASM189258v1_genomic.fna.gz,../ecoli_genomes/GCF_001893985.1_ASM189398v1_genomic.fna.gz,../ecoli_genomes/GCF_002001595.1_ASM200159v1_genomic.fna.gz,../ecoli_genomes/GCF_002002145.1_ASM200214v1_genomic.fna.gz
1.0,0.7867611535143338,0.7715525799685294,0.7755819717129792,0.7578819021676435,0.7666213049286672,0.779098121764179,0.7771663488766197,0.8021419343628072,0.7815694080859429,0.7830446820789476,0.7817927516491495,0.770040908876314,0.7741938164059226,0.7688165525112732,0.7815614100039591,0.7592101651839906,0.7875042845827238,0.726748468311077,0.7835048602666334,0.7731327373455407,0.7459548870659922,0.7881264092368707,0.7632937215514983,0.760893008298265,0.7543084685192614,0.7852794930469459,0.7779801152151087,0.7890793883231899,0.8045938856225673,0.76369194412289,0.7728951586993265,0.06504185070858082,0.7841441239085158,0.7610161650932807,0.773949613328912,0.7691710584833292,0.7862450516398611,0.7498076294199361,0.7796972502183322,0.7699968916728122,0.7841744250779525,0.7790231907235815,0.7758999661785145,0.7777298223452881,0.7707819355032951,0.7848773801882946,0.7851194686835865,0.769975045322866,0.794650483964422
0.7867611535143338,1.0,0.7688096225177659,0.7721343114610046,0.7865298990169707,0.815254829070953,0.7948340117039747,0.7747844523481944,0.7744040952317145,0.7798895107758519,0.8140331029880329,0.7747656388733077,0.807307898308173,0.7669217676669563,0.7630731356985223,0.7959389735818259,0.8005882036754999,0.8134259816246641,0.752658261495335,0.7992155193342177,0.8090277638831745,0.7684015523640135,0.818023316886747,0.8247254203805295,0.8216647009928923,0.8171027152508603,0.8211995441296509,0.7763204576041494,0.7859825147305586,0.7859734647592711,0.7672511067197483,0.8057174208292424,0.06822053837134989,0.8134335499463426,0.8353065041644837,0.7684080647310614,0.7832838981670338,0.8125428542751278,0.7449846016180859,0.8202497997032859,0.7698788015063501,0.8255132194170042,0.8134490291564498,0.7811878005845801,0.7787343605476932,0.7719059659644693,0.8321855299343217,0.8329309629070722,0.7803276140315601,0.785240682043387
0.7715525799685294,0.7688096225177659,1.0,0.754361744059908,0.7379911453838112,0.7467266886838311,0.7606835402424509,0.7550245543397603,0.7665521017922449,0.7579160370282797,0.7586856071219485,0.7552435129181791,0.7544406896871899,0.7562631390693719,0.7489000059814707,0.764650629912043,0.7421335525415985,0.7686357959448047,0.7110906235664267,0.7655547088752734,0.7605965593893883,0.7328377628910869,0.7695359989150901,0.7463699997149156,0.7407998475643883,0.7423358238916841,0.7660735505628378,0.7579882341896764,0.7661958247615241,0.7684969028592593,0.7460498502324491,0.7512132450764951,0.06806977706998862,0.7674923754397165,0.7485272182490643,0.754665796534973,0.7514022188147995,0.760163976661101,0.7392239097981527,0.7655394620156537,0.7525247734330203,0.7583933436539754,0.7604337965931411,0.7587277247340826,0.755712687934859,0.7521084870023925,0.7697875361186105,0.7700504872055486,0.7606362950792555,0.7776226648861433
0.7755819717129792,0.7721343114610046,0.754361744059908,1.0,0.7424708446751316,0.7495864596888759,0.7597694749112591,0.8348380733236775,0.767264847930057,0.8385907092544104,0.7607036726336076,0.8342133213834574,0.7578011503234371,0.857589322702971,0.8523666467945611,0.7621806404431896,0.7464781296041243,0.7726491821953627,0.7196630778434634,0.7635874086603472,0.7572637330274679,0.732248646164814,0.7738183036181305,0.7443051928873228,0.7473346985030304,0.7429012038535643,0.7722885583617325,0.8432191419672802,0.7711929045911698,0.7704283179444931,0.8267128055049948,0.7652855065989136,0.06696112073175631,0.7621986989117973,0.7484178415020252,0.8036183412898955,0.752988953397633,0.7627172647240561,0.7793110333908027,0.7649934505497731,0.8381389294133492,0.7664568963191789,0.768730120607325,0.8411035819798478,0.8343153139916587,0.7612703465334296,0.7715073902091356,0.7724817185581503,0.821810011851331,0.7799979212373573
0.7578819021676435,0.7865298990169707,0.7379911453838112,0.7424708446751316,1.0,0.7766113099901962,0.7664830951722836,0.7452807044184901,0.7599656377884711,0.7494901027122404,0.8092267441814468,0.74263119096172,0.7949717897906995,0.7390520999208492,0.7423323910123527,0.7782023159719031,0.7759452132884711,0.796166724955502,0.7348961861924865,0.7718326567515208,0.7905875092025829,0.7533354909370122,0.7926107217876821,0.7802549254704555,0.7740362498566229,0.7773053352290433,0.7986578875319255,0.7409952678468423,0.7620724687208387,0.7684382552151972,0.7359390953752076,0.7840947413539017,0.06271144514067606,0.798221468331614,0.7759066979098816,0.7414291096363663,0.7622213520210512,0.8073982864868492,0.7446646892549951,0.8019525969435288,0.7476819173150941,0.7950066907115759,0.8020390270032747,0.7426375009691146,0.7440670900249103,0.7490033834123211,0.79753681150969,0.7972475535061889,0.7449644906010661,0.7607602153722134
0.7666213049286672,0.815254829070953,0.7467266886838311,0.7495864596888759,0.7766113099901962,1.0,0.7819119652466939,0.7551579577891447,0.7586758764955084,0.7513804704899614,0.7884971103095694,0.7459876928907194,0.785264314302893,0.7449341277667999,0.7487779686224973,0.7797312888187227,0.7906972884327758,0.8001281717692584,0.7453275759634268,0.781083114901995,0.7880634778073871,0.7975558826921345,0.8012334847780743,0.8065376085835329,0.8222957970672627,0.7880339487097247,0.7940371050790591,0.7524441299482745,0.7637376474533288,0.762492912041658,0.7372993774616683,0.7909591921225918,0.0632117928809498,0.8103766166994326,0.8139884879930677,0.7496676238950273,0.7701152754682412,0.8001310761936768,0.7412533518606911,0.797456369940706,0.7450212311330251,0.8011822312010027,0.7934139158962257,0.7559057023617899,0.7514537954126144,0.7500574743991806,0.8045943011526734,0.8062743721161916,0.7446228281109281,0.7717257004277982
0.779098121764179,0.7948340117039747,0.7606835402424509,0.7597694749112591,0.7664830951722836,0.7819119652466939,1.0,0.7640449829053781,0.7716715945581609,0.7634243121507864,0.7886580469866351,0.7609272411878802,0.7830163584125882,0.7582334235925742,0.7544764031077479,0.9100503395495239,0.7744853627802133,0.8153530274650451,0.7504582110523451,0.9482161926024607,0.8113311063450145,0.7708839014668506,0.8141660490297978,0.7797847321798019,0.7834538907295678,0.7696427275986708,0.8063735632907695,0.7607600968134342,0.7721805496544699,0.7787329422407037,0.7500354331408454,0.7846443335575264,0.06541063095648669,0.8048240060845535,0.791364981432704,0.7674739893716499,0.9167454669487063,0.7915556177235068,0.7451158355362346,0.792922414848448,0.7568634656862623,0.7958464062586698,0.7977008696979903,0.7629516064144205,0.762389161409172,0.7540599142157067,0.7932952657605935,0.7934582412249721,0.7551711401899892,0.7792698922355857
0.7771663488766197,0.7747844523481944,0.7550245543397603,0.8348380733236775,0.7452807044184901,0.7551579577891447,0.7640449829053781,1.0,0.7689025638095237,0.837828860551223,0.7673340901400586,0.8261891595957409,0.7634114730332238,0.8293786295053055,0.8228873936505762,0.7641810278294987,0.7467810503696604,0.7766869400294272,0.7205842342079325,0.7688294171233219,0.7623392468748069,0.7360036097581559,0.7717041222457423,0.7513146279395063,0.7512219808852817,0.7441694894719282,0.7759140576090083,0.8952952048788402,0.7803076660665355,0.7691066116674701,0.820679284146195,0.759435892852153,0.06898851459232358,0.7690038857972602,0.7563087028266757,0.8032831039141148,0.7533433379321988,0.7714420010799083,0.7827326396974845,0.7712787757377675,0.8280664859117844,0.7707913150763555,0.7714053904803589,0.8916425386681941,0.8786100568809554,0.7574109647754603,0.7705174055567676,0.7709794853162875,0.824926793123062,0.7786954197360394
0.8021419343628072,0.7744040952317145,0.7665521017922449,0.767264847930057,0.7599656377884711,0.7586758764955084,0.7716715945581609,0.7689025638095237,1.0,0.7770576338342545,0.7801605639943412,0.7708435923930441,0.768542647479322,0.7603299974532619,0.7678310504033741,0.7756671505069913,0.7540041743832092,0.779116859639619,0.7185629045917714,0.7757670996368191,0.7726796175101387,0.7346380123859577,0.7749251739196495,0.7601688089573019,0.752853697917238,0.7509527458647298,0.7824215761243507,0.764774231274059,0.7916367075589257,0.8104404413588567,0.7659757043078393,0.7633340147866523,0.06770641495473473,0.7772760370490625,0.7583192384517078,0.7702171368174875,0.7614640705989625,0.7796637334227814,0.7429512600601238,0.7829418122838614,0.7694271037009734,0.7795646907824912,0.7828583453096076,0.7662275110077157,0.7632527639818784,0.7664509564191855,0.7825252279281373,0.7828395870490983,0.7636378806015964,0.7976321793280731
0.7815694080859429,0.7798895107758519,0.7579160370282797,0.8385907092544104,0.7494901027122404,0.7513804704899614,0.7634243121507864,0.837828860551223,0.7770576338342545,1.0,0.769265392991696,0.8327200437074802,0.7649075575146406,0.8344642177433853,0.8316789841048688,0.7668048678572852,0.7414571916773219,0.7775445018329777,0.7217214997990398,0.7689314885552889,0.7622395736523184,0.7354593261755484,0.7751375559294201,0.7500448765064536,0.7479999179709582,0.7404456924167866,0.7789672080369306,0.8411947784898625,0.7830647213628126,0.7755991264065324,0.8331965732749141,0.7596131947079328,0.06413684920797624,0.7687313325666423,0.7564557116368316,0.8083475744164874,0.754408183796236,0.7685270845828598,0.7838565871432283,0.7714410479413049,0.8436061568083426,0.7674321791349871,0.7742261080862026,0.8378194247372323,0.837493645068704,0.7651784851310377,0.7711113707594084,0.771124416840857,0.8326966992018467,0.7844176015256548
0.7830446820789476,0.8140331029880329,0.7586856071219485,0.7607036726336076,0.8092267441814468,0.7884971103095694,0.7886580469866351,0.7673340901400586,0.7801605639943412,0.769265392991696,1.0,0.7669145315886805,0.8273905795242041,0.757666506041672,0.7531057695780567,0.7914525887182673,0.7886119697881699,0.8260764749515602,0.7535910207719131,0.7928744486163014,0.8156582210167735,0.7829079768440227,0.8229700694486572,0.7937354032338636,0.7897173007927272,0.7947571173834991,0.8319443803919151,0.7674015092337089,0.7833566171293821,0.786351553597413,0.7530628848815419,0.8009479442226322,0.06430427500050961,0.8203428444736284,0.8000082793574721,0.7624885938781735,0.77910986017503,0.8340328165214825,0.7412164130311119,0.8391868131029409,0.7584311641900938,0.817293557607806,0.8407270263498503,0.7655623063680727,0.7640210332371029,0.7561335442950106,0.8185074767345439,0.8178244585200601,0.7655848235428302,0.7813464989024316
0.7817927516491495,0.7747656388733077,0.7552435129181791,0.8342133213834574,0.74263119096172,0.7459876928907194,0.7609272411878802,0.8261891595957409,0.7708435923930441,0.8327200437074802,0.7669145315886805,1.0,0.7631506824983779,0.8265462687702102,0.852622420868981,0.767238500764502,0.7475000959807856,0.7719900137447236,0.7199343692764515,0.7647216952980936,0.7646416957249277,0.7339642187263018,0.7711959000737235,0.7450704938905741,0.7435759924177152,0.7391961766071867,0.7768435700952915,0.8260556404979803,0.7837758771493759,0.7765038930938668,0.8076541739806901,0.764039145031395,0.070119582275876,0.7671003055952206,0.7503855019301977,0.8031632461276881,0.7512521984326126,0.7694388463426123,0.7774694630690129,0.7732093275702695,0.8184050543087611,0.765331834986395,0.7733141787411444,0.8269291531784763,0.8257226829327307,0.7594041772635185,0.773454358818033,0.7738710661823395,0.8111690695580775,0.7818677839087665
0.770040908876314,0.807307898308173,0.7544406896871899,0.7578011503234371,0.7949717897906995,0.785264314302893,0.7830163584125882,0.7634114730332238,0.768542647479322,0.7649075575146406,0.8273905795242041,0.7631506824983779,1.0,0.7551821507048597,0.7543203176226031,0.7940407707644357,0.7773552229050344,0.8254368609141538,0.8114952540682591,0.7871245842318877,0.8214577987503432,0.8170058347199985,0.8419400914575886,0.7858376611020905,0.7780994059258552,0.7860351367205517,0.8368703173009792,0.761569793433097,0.7736308501239596,0.775101319708696,0.7511063963715703,0.82865467954346,0.06139716612725021,0.8334862386679536,0.7967291814381188,0.7574970033351874,0.7766550119764564,0.8259133217898955,0.7355835453846091,0.8417499559158776,0.754755137530155,0.8095180730555861,0.8359521985239963,0.7604579313043581,0.7568042185848409,0.7535345941749165,0.8085960126553324,0.8089022407554748,0.75871417495986,0.7698063398281214
0.7741938164059226,0.7669217676669563,0.7562631390693719,0.857589322702971,0.7390520999208492,0.7449341277667999,0.7582334235925742,0.8293786295053055,0.7603299974532619,0.8344642177433853,0.757666506041672,0.8265462687702102,0.7551821507048597,1.0,0.8528510165838569,0.7604256326259865,0.7398065622020016,0.7705820918657387,0.7152351997904236,0.7627256635717661,0.7552561423265535,0.7277332929355278,0.7706953341393566,0.7397749807697624,0.7456385752494403,0.7374067714461695,0.7693063935121248,0.842350700160049,0.7766340320504956,0.7651310608159851,0.8273338466026434,0.7583250154605028,0.06846258057046484,0.763340067610774,0.7518185794645367,0.8013875553231558,0.7504879229747313,0.7589662157367822,0.7756420857767811,0.7634674405130658,0.834161748181667,0.760529259441947,0.7690396533767432,0.8393241860562415,0.8331723812017535,0.7619075932878145,0.7681008514289333,0.7692260869563081,0.8157845795983157,0.7793516866748073
0.7688165525112732,0.7630731356985223,0.7489000059814707,0.8523666467945611,0.7423323910123527,0.7487779686224973,0.7544764031077479,0.8228873936505762,0.7678310504033741,0.8316789841048688,0.7531057695780567,0.852622420868981,0.7543203176226031,0.8528510165838569,1.0,0.7577794673369043,0.7423377493929377,0.76359548279598,0.7120123561813725,0.758397664884406,0.7486983730395845,0.7246426498490528,0.7656065061755475,0.7371595401765212,0.7402022840055102,0.73857290977754,0.7645457607639978,0.8271918818403465,0.7744701989210001,0.7695739245037747,0.8290674310187124,0.7549668762241449,0.06894678121469033,0.7609278418446168,0.7470503610535577,0.7995336175726668,0.7462052205093836,0.7563381388439772,0.7744340182869444,0.7614799932281536,0.8393372477579714,0.7588211316846416,0.7639796517338634,0.8264431354413945,0.8222546166953357,0.760815304535237,0.7672104682283156,0.7679458405481252,0.8073134930937641,0.7840829288341724
0.7815614100039591,0.7959389735818259,0.764650629912043,0.7621806404431896,0.7782023159719031,0.7797312888187227,0.9100503395495239,0.7641810278294987,0.7756671505069913,0.7668048678572852,0.7914525887182673,0.767238500764502,0.7940407707644357,0.7604256326259865,0.7577794673369043,1.0,0.7722855739002207,0.8134626951866808,0.7492788538437815,0.9170788249880097,0.8071749540027598,0.7727489174919862,0.8106604308112273,0.7813734434433333,0.7785653373946941,0.7734711695012755,0.8069334626574438,0.7614504996463247,0.779165877937471,0.7910951538548189,0.7537382536230924,0.7873849146047184,0.0652133835654829,0.8043500124247537,0.7892287868791281,0.770364999354511,0.9008148213114457,0.7951339728577757,0.7428520996488384,0.7978664590980128,0.7604311564383942,0.7972607450585161,0.8008135392852723,0.7618419120479987,0.7614311046660527,0.7622446883195115,0.7992850701603376,0.7990217942086059,0.7618987041808493,0.7830816462581182
0.7592101651839906,0.8005882036754999,0.7421335525415985,0.7464781296041243,0.7759452132884711,0.7906972884327758,0.7744853627802133,0.7467810503696604,0.7540041743832092,0.7414571916773219,0.7886119697881699,0.7475000959807856,0.7773552229050344,0.7398065622020016,0.7423377493929377,0.7722855739002207,1.0,0.7807392413900229,0.7301294131033849,0.7754084590675571,0.782871926156513,0.7517076590602434,0.7930559750776539,0.8058044688155088,0.8064059743584738,0.8163062336717726,0.7878964689200687,0.7438235954026691,0.7593516454165048,0.76051999556634,0.7295672500860564,0.7990221393146003,0.06637161017336368,0.794935644007809,0.7916345784037946,0.7430226446477434,0.7634007102890399,0.7836325646187564,0.732054276740663,0.7872539850229536,0.7382656310534561,0.7938864956848009,0.78786451032747,0.7460028113517414,0.7486578864701465,0.7523243214677066,0.8042598668035316,0.8067887295076792,0.737147274629196,0.7689518124569633
0.7875042845827238,0.8134259816246641,0.7686357959448047,0.7726491821953627,0.796166724955502,0.8001281717692584,0.8153530274650451,0.7766869400294272,0.779116859639619,0.7775445018329777,0.8260764749515602,0.7719900137447236,0.8254368609141538,0.7705820918657387,0.76359548279598,0.8134626951866808,0.7807392413900229,1.0,0.7886700171157859,0.8210414505196035,0.8437588526125256,0.8017464255550639,0.8509826645989236,0.7930379187846173,0.7847970725999048,0.7843539602998422,0.8439317253242962,0.7740092385429039,0.7830108210259388,0.7854953313640975,0.7632775742433104,0.8146511909868928,0.06372188942356682,0.8358402105356946,0.8085943000305975,0.7784819822789342,0.8039590800361629,0.8224525713419923,0.7586761917405922,0.8382811262752867,0.7679503496871374,0.8172714329237468,0.8299606644682208,0.7755987365117308,0.7723602490307508,0.7643764814585571,0.8166937896161172,0.816633388540227,0.7688599946599591,0.7856477289337899
0.726748468311077,0.752658261495335,0.7110906235664267,0.7196630778434634,0.7348961861924865,0.7453275759634268,0.7504582110523451,0.7205842342079325,0.7185629045917714,0.7217214997990398,0.7535910207719131,0.7199343692764515,0.8114952540682591,0.7152351997904236,0.7120123561813725,0.7492788538437815,0.7301294131033849,0.7886700171157859,1.0,0.7505448246552375,0.7781934969176032,0.7929175522852981,0.7830937203908374,0.7312303930399948,0.7300896839107871,0.7239438006617602,0.7733611306124761,0.7175715482765357,0.7269654938966221,0.7301176589040348,0.7122074803053429,0.7938055102462351,0.0611395514560551,0.7668738164195736,0.747362533100826,0.716680957254614,0.7431332588383149,0.7563778145596525,0.7058832945840827,0.7753089296636264,0.7152092920470133,0.7491411770275567,0.7655773782729962,0.7187323187640868,0.7166723976542781,0.7163235642988824,0.7479477973095101,0.7484915650090246,0.7150771109820684,0.7270536914617751
0.7835048602666334,0.7992155193342177,0.7655547088752734,0.7635874086603472,0.7718326567515208,0.781083114901995,0.9482161926024607,0.7688294171233219,0.7757670996368191,0.7689314885552889,0.7928744486163014,0.7647216952980936,0.7871245842318877,0.7627256635717661,0.758397664884406,0.9170788249880097,0.7754084590675571,0.8210414505196035,0.7505448246552375,1.0,0.8146925736102238,0.7702861997012153,0.8164430397938581,0.7812498932644977,0.7857076614916105,0.7719705177593276,0.8112219177064778,0.7659904067423249,0.7791623123227336,0.7843778856144106,0.7557687623968623,0.7862741542864188,0.0655695367159973,0.8064456468330328,0.7938649386537684,0.7727988814561131,0.9213395128401184,0.7948803605583123,0.7498873964942894,0.7985375691393216,0.7615339255690076,0.7987599741357593,0.8022059400387797,0.7673224511324029,0.766452845643598,0.7610616061618241,0.7968268785122659,0.7969377840242874,0.7616921492056462,0.785278206668439
0.7731327373455407,0.8090277638831745,0.7605965593893883,0.7572637330274679,0.7905875092025829,0.7880634778073871,0.8113311063450145,0.7623392468748069,0.7726796175101387,0.7622395736523184,0.8156582210167735,0.7646416957249277,0.8214577987503432,0.7552561423265535,0.7486983730395845,0.8071749540027598,0.782871926156513,0.8437588526125256,0.7781934969176032,0.8146925736102238,1.0,0.7982736426567403,0.8552986275787988,0.7912368485281391,0.7896796438160194,0.7772982735353913,0.8366025863820001,0.7623803307305987,0.7757457101327647,0.7834843994350835,0.7490579433307287,0.8129569956543229,0.06862304672196295,0.8340876218965767,0.8031651311838356,0.7693974671705921,0.7958238128679279,0.8171863995166008,0.7426888501603492,0.8324974079589449,0.759209954807838,0.8088830421932407,0.8289287951217803,0.7639089462818887,0.7624203057981189,0.762418752592569,0.8103954798397146,0.8106763212164327,0.7609964454871665,0.7776773492936138
0.7459548870659922,0.7684015523640135,0.7328377628910869,0.732248646164814,0.7533354909370122,0.7975558826921345,0.7708839014668506,0.7360036097581559,0.7346380123859577,0.7354593261755484,0.7829079768440227,0.7339642187263018,0.8170058347199985,0.7277332929355278,0.7246426498490528,0.7727489174919862,0.7517076590602434,0.8017464255550639,0.7929175522852981,0.7702861997012153,0.7982736426567403,1.0,0.840429787044729,0.7585265691130039,0.7719030442002381,0.7524516151411503,0.7919796943582571,0.7342233188971743,0.7453029544244164,0.7432683632737387,0.7237519205516004,0.7987895343950466,0.061419696196733375,0.8216672518450017,0.765265982386558,0.7341884391093976,0.7591454233620577,0.7899749543437995,0.7126611478021034,0.795694571306305,0.7266757217285147,0.7668329937234227,0.7957983175520094,0.732727170687755,0.7283256452695704,0.7291908393717441,0.7700422401092375,0.7702019580307656,0.7290975215771613,0.7457451858858715
0.7881264092368707,0.818023316886747,0.7695359989150901,0.7738183036181305,0.7926107217876821,0.8012334847780743,0.8141660490297978,0.7717041222457423,0.7749251739196495,0.7751375559294201,0.8229700694486572,0.7711959000737235,0.8419400914575886,0.7706953341393566,0.7656065061755475,0.8106604308112273,0.7930559750776539,0.8509826645989236,0.7830937203908374,0.8164430397938581,0.8552986275787988,0.840429787044729,1.0,0.7948149820146067,0.7953202743280288,0.7873736423950245,0.8445034571157284,0.7710461843140474,0.7825122718240672,0.7828940431759288,0.7609062996397016,0.8276160049398102,0.06273127658011002,0.873965909902983,0.8090911911249903,0.7750555309049274,0.8035198263465574,0.8289897374664159,0.7513804675528015,0.8401142392391086,0.7653945943554175,0.815139536391244,0.8345808777318188,0.7724413913408725,0.7686478857341092,0.7677531311704232,0.8177348019757997,0.818935989882885,0.7682402172323248,0.7876361512032918
0.7632937215514983,0.8247254203805295,0.7463699997149156,0.7443051928873228,0.7802549254704555,0.8065376085835329,0.7797847321798019,0.7513146279395063,0.7601688089573019,0.7500448765064536,0.7937354032338636,0.7450704938905741,0.7858376611020905,0.7397749807697624,0.7371595401765212,0.7813734434433333,0.8058044688155088,0.7930379187846173,0.7312303930399948,0.7812498932644977,0.7912368485281391,0.7585265691130039,0.7948149820146067,1.0,0.816434742706556,0.8136098444296552,0.7966404619356471,0.7467235568074817,0.7649985391052351,0.7595957113030154,0.7373713830125477,0.7834900395517407,0.06851729227031367,0.793302848586134,0.8194455677112296,0.745092696789875,0.7694959491196454,0.794543245746243,0.7211387943255761,0.7925629686941404,0.7429684445554949,0.8140435977488534,0.7914673531221601,0.7479191315528344,0.7462835534553631,0.7445609566562456,0.8041336586083574,0.8043628787906457,0.7444151334602801,0.7641677021572622
0.760893008298265,0.8216647009928923,0.7407998475643883,0.7473346985030304,0.7740362498566229,0.8222957970672627,0.7834538907295678,0.7512219808852817,0.752853697917238,0.7479999179709582,0.7897173007927272,0.7435759924177152,0.7780994059258552,0.7456385752494403,0.7402022840055102,0.7785653373946941,0.8064059743584738,0.7847970725999048,0.7300896839107871,0.7857076614916105,0.7896796438160194,0.7719030442002381,0.7953202743280288,0.816434742706556,1.0,0.8140910446610229,0.7879924385484883,0.7505782065767443,0.758173157706753,0.7550665600013929,0.7342588044749385,0.7984302357186625,0.06550071521929679,0.7919609160120167,0.8190221094384108,0.74427600660216,0.7716165491894911,0.7851122373644894,0.7271311870956565,0.7915930413743999,0.741522519339495,0.8008717049613334,0.7936311605750735,0.7572954237848828,0.7534980279550586,0.7477947580815576,0.8014598196434279,0.8031636993819149,0.7463131526859139,0.7639739132900549
0.7543084685192614,0.8171027152508603,0.7423358238916841,0.7429012038535643,0.7773053352290433,0.7880339487097247,0.7696427275986708,0.7441694894719282,0.7509527458647298,0.7404456924167866,0.7947571173834991,0.7391961766071867,0.7860351367205517,0.7374067714461695,0.73857290977754,0.7734711695012755,0.8163062336717726,0.7843539602998422,0.7239438006617602,0.7719705177593276,0.7772982735353913,0.7524516151411503,0.7873736423950245,0.8136098444296552,0.8140910446610229,1.0,0.7949561869772112,0.7425115599524403,0.7555620103024441,0.7561111060218212,0.7322317584356766,0.7888908718799388,0.06145171529261895,0.783960146152844,0.7968517368684164,0.740437547383443,0.7620127898423237,0.7859939201058064,0.7188951672925796,0.791109782695077,0.7382111041890087,0.7989812697388019,0.785045879844079,0.7454683476430705,0.7428184588571232,0.7442599778902369,0.8023599266533781,0.8030751831948595,0.750280374171734,0.7582645801334624
0.7852794930469459,0.8211995441296509,0.7660735505628378,0.7722885583617325,0.7986578875319255,0.7940371050790591,0.8063735632907695,0.7759140576090083,0.7824215761243507,0.7789672080369306,0.8319443803919151,0.7768435700952915,0.8368703173009792,0.7693063935121248,0.7645457607639978,0.8069334626574438,0.7878964689200687,0.8439317253242962,0.7733611306124761,0.8112219177064778,0.8366025863820001,0.7919796943582571,0.8445034571157284,0.7966404619356471,0.7879924385484883,0.7949561869772112,1.0,0.7761823181425787,0.7841738738340375,0.7894747051451565,0.7669669772990753,0.8248534706094048,0.0649184825168837,0.8336122456237824,0.810532673257176,0.7722039521284361,0.7960277524844537,0.8515503804614514,0.7500204024438385,0.8502804813659065,0.7748940756648949,0.8193083137226171,0.8609460700538757,0.7786990121448428,0.7728257599239129,0.7677153579124147,0.8149339509613633,0.8147581574265308,0.777133323137983,0.7846393499618792
0.7779801152151087,0.7763204576041494,0.7579882341896764,0.8432191419672802,0.7409952678468423,0.7524441299482745,0.7607600968134342,0.8952952048788402,0.764774231274059,0.8411947784898625,0.7674015092337089,0.8260556404979803,0.761569793433097,0.842350700160049,0.8271918818403465,0.7614504996463247,0.7438235954026691,0.7740092385429039,0.7175715482765357,0.7659904067423249,0.7623803307305987,0.7342233188971743,0.7710461843140474,0.7467235568074817,0.7505782065767443,0.7425115599524403,0.7761823181425787,1.0,0.780546513520462,0.7669427179103042,0.822313701207299,0.7595923261719356,0.069713752034533,0.7655130478750081,0.755829112704808,0.8034357865442463,0.7502227077134338,0.7690535821976445,0.7803218816594049,0.7694048021196691,0.830969255349177,0.7645305271455802,0.7715057515112554,0.9353212629641248,0.9105345039285596,0.7587830543122236,0.7692410533584102,0.7698566771996219,0.8290520200566651,0.7774294883065035
0.7890793883231899,0.7859825147305586,0.7661958247615241,0.7711929045911698,0.7620724687208387,0.7637376474533288,0.7721805496544699,0.7803076660665355,0.7916367075589257,0.7830647213628126,0.7833566171293821,0.7837758771493759,0.7736308501239596,0.7766340320504956,0.7744701989210001,0.779165877937471,0.7593516454165048,0.7830108210259388,0.7269654938966221,0.7791623123227336,0.7757457101327647,0.7453029544244164,0.7825122718240672,0.7649985391052351,0.758173157706753,0.7555620103024441,0.7841738738340375,0.780546513520462,1.0,0.7833144670231625,0.7713928119394485,0.7753236888221505,0.07009397874659462,0.7829883242797955,0.7651694914921375,0.7760009543892185,0.7620874864634416,0.7828449534346451,0.7453938987888693,0.7837359442304404,0.7739075447625002,0.776082038500109,0.7854004844919891,0.7755918027434466,0.7744870649779457,0.7894723837293569,0.7860679824644361,0.7857768871702775,0.7697320069089884,0.8597368142264485
0.8045938856225673,0.7859734647592711,0.7684969028592593,0.7704283179444931,0.7684382552151972,0.762492912041658,0.7787329422407037,0.7691066116674701,0.8104404413588567,0.7755991264065324,0.786351553597413,0.7765038930938668,0.775101319708696,0.7651310608159851,0.7695739245037747,0.7910951538548189,0.76051999556634,0.7854953313640975,0.7301176589040348,0.7843778856144106,0.7834843994350835,0.7432683632737387,0.7828940431759288,0.7595957113030154,0.7550665600013929,0.7561111060218212,0.7894747051451565,0.7669427179103042,0.7833144670231625,1.0,0.7639280233742929,0.7707952076849454,0.07055622170256914,0.7831071893477735,0.765091616693443,0.7709880732567369,0.7714055544676675,0.7812219428182056,0.7429189459749934,0.7926502847842195,0.7734650070785305,0.7820600560337325,0.7849113551016209,0.766749137550926,0.7630561281347404,0.7767515769811955,0.7889582943157148,0.7888540940999891,0.7676820620787734,0.7909961726291634
0.76369194412289,0.7672511067197483,0.7460498502324491,0.8267128055049948,0.7359390953752076,0.7372993774616683,0.7500354331408454,0.820679284146195,0.7659757043078393,0.8331965732749141,0.7530628848815419,0.8076541739806901,0.7511063963715703,0.8273338466026434,0.8290674310187124,0.7537382536230924,0.7295672500860564,0.7632775742433104,0.7122074803053429,0.7557687623968623,0.7490579433307287,0.7237519205516004,0.7609062996397016,0.7373713830125477,0.7342588044749385,0.7322317584356766,0.7669669772990753,0.822313701207299,0.7713928119394485,0.7639280233742929,1.0,0.7468698372572589,0.06697724791914839,0.754840270008621,0.744371630524785,0.7938358778771086,0.7418751510302553,0.7553739508404955,0.7644453315966738,0.7582359571731603,0.8700184189774055,0.7561587446727558,0.7593377664149314,0.8226340476552878,0.8168700803841289,0.7560151211060228,0.7618152304972584,0.7620011134683913,0.8116628602539119,0.7706578239803226
0.7728951586993265,0.8057174208292424,0.7512132450764951,0.7652855065989136,0.7840947413539017,0.7909591921225918,0.7846443335575264,0.759435892852153,0.7633340147866523,0.7596131947079328,0.8009479442226322,0.764039145031395,0.82865467954346,0.7583250154605028,0.7549668762241449,0.7873849146047184,0.7990221393146003,0.8146511909868928,0.7938055102462351,0.7862741542864188,0.8129569956543229,0.7987895343950466,0.8276160049398102,0.7834900395517407,0.7984302357186625,0.7888908718799388,0.8248534706094048,0.7595923261719356,0.7753236888221505,0.7707952076849454,0.7468698372572589,1.0,0.060090902155142456,0.8220394386156227,0.7915486318042111,0.7553051209947426,0.7771408382360352,0.8117384538456578,0.7406816856337661,0.8259331284791654,0.7510709474408174,0.8002473194405709,0.8210818605188319,0.7607855822045295,0.758122869226008,0.7639134634958596,0.806451602614186,0.8080169854487013,0.7590782815521466,0.7733129014467894
0.06504185070858082,0.06822053837134989,0.06806977706998862,0.06696112073175631,0.06271144514067606,0.0632117928809498,0.06541063095648669,0.06898851459232358,0.06770641495473473,0.06413684920797624,0.06430427500050961,0.070119582275876,0.06139716612725021,0.06846258057046484,0.06894678121469033,0.0652133835654829,0.06637161017336368,0.06372188942356682,0.0611395514560551,0.0655695367159973,0.06862304672196295,0.061419696196733375,0.06273127658011002,0.06851729227031367,0.06550071521929679,0.06145171529261895,0.0649184825168837,0.069713752034533,0.07009397874659462,0.07055622170256914,0.06697724791914839,0.060090902155142456,1.0,0.062191583353854774,0.06381254211597487,0.06844001019432733,0.06212357005881575,0.0663434045742356,0.061610314178733416,0.06535137627314613,0.06889601283984548,0.0705807085005753,0.06850306807952333,0.06988559730506672,0.06936529463537733,0.07195952772677561,0.06614586756584917,0.06652069019101547,0.07108928686166072,0.07580155603139904
0.7841441239085158,0.8134335499463426,0.7674923754397165,0.7621986989117973,0.798221468331614,0.8103766166994326,0.8048240060845535,0.7690038857972602,0.7772760370490625,0.7687313325666423,0.8203428444736284,0.7671003055952206,0.8334862386679536,0.763340067610774,0.7609278418446168,0.8043500124247537,0.794935644007809,0.8358402105356946,0.7668738164195736,0.8064456468330328,0.8340876218965767,0.8216672518450017,0.873965909902983,0.793302848586134,0.7919609160120167,0.783960146152844,0.8336122456237824,0.7655130478750081,0.7829883242797955,0.7831071893477735,0.754840270008621,0.8220394386156227,0.062191583353854774,1.0,0.808299941686453,0.7773074829857747,0.7942811033699125,0.8298234607114879,0.7594344841107521,0.8365355584049915,0.7584120007906073,0.8137717064316123,0.8377369335489252,0.7664609405300999,0.7651161227063636,0.7653987060967766,0.8156375250944767,0.8172140796136154,0.762787885540824,0.786838124234642
0.7610161650932807,0.8353065041644837,0.7485272182490643,0.7484178415020252,0.7759066979098816,0.8139884879930677,0.791364981432704,0.7563087028266757,0.7583192384517078,0.7564557116368316,0.8000082793574721,0.7503855019301977,0.7967291814381188,0.7518185794645367,0.7470503610535577,0.7892287868791281,0.7916345784037946,0.8085943000305975,0.747362533100826,0.7938649386537684,0.8031651311838356,0.765265982386558,0.8090911911249903,0.8194455677112296,0.8190221094384108,0.7968517368684164,0.810532673257176,0.755829112704808,0.7651694914921375,0.765091616693443,0.744371630524785,0.7915486318042111,0.06381254211597487,0.808299941686453,1.0,0.757478090532494,0.7778880198004265,0.7940633978709305,0.7338839438679886,0.808963553401143,0.7490229830920566,0.8131216276303787,0.8073082390536225,0.758902138069938,0.756132070487735,0.7498939520435267,0.8134068446977804,0.8139099839770523,0.7525308798236985,0.7692841663879706
0.773949613328912,0.7684080647310614,0.754665796534973,0.8036183412898955,0.7414291096363663,0.7496676238950273,0.7674739893716499,0.8032831039141148,0.7702171368174875,0.8083475744164874,0.7624885938781735,0.8031632461276881,0.7574970033351874,0.8013875553231558,0.7995336175726668,0.770364999354511,0.7430226446477434,0.7784819822789342,0.716680957254614,0.7727988814561131,0.7693974671705921,0.7341884391093976,0.7750555309049274,0.745092696789875,0.74427600660216,0.740437547383443,0.7722039521284361,0.8034357865442463,0.7760009543892185,0.7709880732567369,0.7938358778771086,0.7553051209947426,0.06844001019432733,0.7773074829857747,0.757478090532494,1.0,0.7579964099411372,0.7645645727677742,0.7803034594396702,0.7682998456795539,0.7989153968815568,0.7633890897260294,0.7681154931577776,0.8032021170110722,0.8047353983150743,0.759493580925425,0.7668189972172933,0.7672737918176934,0.8077747737627685,0.7796702234388493
0.7691710584833292,0.7832838981670338,0.7514022188147995,0.752988953397633,0.7622213520210512,0.7701152754682412,0.9167454669487063,0.7533433379321988,0.7614640705989625,0.754408183796236,0.77910986017503,0.7512521984326126,0.7766550119764564,0.7504879229747313,0.7462052205093836,0.9008148213114457,0.7634007102890399,0.8039590800361629,0.7431332588383149,0.9213395128401184,0.7958238128679279,0.7591454233620577,0.8035198263465574,0.7694959491196454,0.7716165491894911,0.7620127898423237,0.7960277524844537,0.7502227077134338,0.7620874864634416,0.7714055544676675,0.7418751510302553,0.7771408382360352,0.06212357005881575,0.7942811033699125,0.7778880198004265,0.7579964099411372,1.0,0.782378910327302,0.736763962407753,0.7805726993457223,0.7484745600983765,0.7866428647174304,0.7875234818190007,0.7510342688501958,0.7503635762119284,0.7440640258023428,0.780733193729173,0.7807224942794667,0.7467263693358355,0.7670856217406286
0.7862450516398611,0.8125428542751278,0.760163976661101,0.7627172647240561,0.8073982864868492,0.8001310761936768,0.7915556177235068,0.7714420010799083,0.7796637334227814,0.7685270845828598,0.8340328165214825,0.7694388463426123,0.8259133217898955,0.7589662157367822,0.7563381388439772,0.7951339728577757,0.7836325646187564,0.8224525713419923,0.7563778145596525,0.7948803605583123,0.8171863995166008,0.7899749543437995,0.8289897374664159,0.794543245746243,0.7851122373644894,0.7859939201058064,0.8515503804614514,0.7690535821976445,0.7828449534346451,0.7812219428182056,0.7553739508404955,0.8117384538456578,0.0663434045742356,0.8298234607114879,0.7940633978709305,0.7645645727677742,0.782378910327302,1.0,0.7466265925570573,0.8369948944678711,0.7628772966646609,0.8167312572850505,0.8629224127485958,0.769038741490353,0.7626325032630275,0.7579486946937387,0.8133883735556058,0.8133038841312055,0.7708812556284974,0.7819422994278262
0.7498076294199361,0.7449846016180859,0.7392239097981527,0.7793110333908027,0.7446646892549951,0.7412533518606911,0.7451158355362346,0.7827326396974845,0.7429512600601238,0.7838565871432283,0.7412164130311119,0.7774694630690129,0.7355835453846091,0.7756420857767811,0.7744340182869444,0.7428520996488384,0.732054276740663,0.7586761917405922,0.7058832945840827,0.7498873964942894,0.7426888501603492,0.7126611478021034,0.7513804675528015,0.7211387943255761,0.7271311870956565,0.7188951672925796,0.7500204024438385,0.7803218816594049,0.7453938987888693,0.7429189459749934,0.7644453315966738,0.7406816856337661,0.061610314178733416,0.7594344841107521,0.7338839438679886,0.7803034594396702,0.736763962407753,0.7466265925570573,1.0,0.7501964351141315,0.7777485995215356,0.7521794472043635,0.7467696833125834,0.7820215240093379,0.7828140663580336,0.7348260082890832,0.7503320173464252,0.750642553722067,0.7738577086611862,0.7507127046369071
