../ecoli_genomes/GCF_000163235.1_ASM16323v1_genomic.fna.gz,../ecoli_genomes/GCF_000164555.1_ASM16455v1_genomic.fna.gz,../ecoli_genomes/GCF_000208545.1_ASM20854v2_genomic.fna.gz,../ecoli_genomes/GCF_000233875.1_ASM23387v1_genomic.fna.gz,../ecoli_genomes/GCF_000249735.1_ASM24973v2_genomic.fna.gz,../ecoli_genomes/GCF_000261145.1_Esch_coli_M919_V2_genomic.fna.gz,../ecoli_genomes/GCF_000267705.2_ASM26770v2_genomic.fna.gz,../ecoli_genomes/GCF_000350665.1_Esch_coli_KTE5_V1_genomic.fna.gz,../ecoli_genomes/GCF_000351625.1_Esch_coli_KTE66_V1_genomic.fna.gz,../ecoli_genomes/GCF_000352285.1_Esch_coli_KTE46_V1_genomic.fna.gz,../ecoli_genomes/GCF_000358895.1_ASM35889v1_genomic.fna.gz,../ecoli_genomes/GCF_000456385.1_Esch_coli_HVH_26_4-5703913_V1_genomic.fna.gz,../ecoli_genomes/GCF_000458195.1_Esch_coli_HVH_147_4-5893887_V1_genomic.fna.gz,../ecoli_genomes/GCF_000459755.1_Esch_coli_KOEGE_58_171a_V1_genomic.fna.gz,../ecoli_genomes/GCF_000460055.1_Esch_coli_UMEA_3053-1_V1_genomic.fna.gz,../ecoli_genomes/GCF_000462165.2_ASM46216v2_genomic.fna.gz,../ecoli_genomes/GCF_000601135.1_ASM60113v1_genomic.fna.gz,../ecoli_genomes/GCF_000614595.1_Ec2010EL1058_genomic.fna.gz,../ecoli_genomes/GCF_000617745.1_Ec2010C-4529_genomic.fna.gz,../ecoli_genomes/GCF_000618265.2_EcF6751_genomic.fna.gz,../ecoli_genomes/GCF_000619005.2_Ec2009C-4052_genomic.fna.gz,../ecoli_genomes/GCF_000619105.1_Ec2009C-4780_genomic.fna.gz,../ecoli_genomes/GCF_000619765.2_Ec2009C-3279_genomic.fna.gz,../ecoli_genomes/GCF_000687005.1_ASM68700v1_genomic.fna.gz,../ecoli_genomes/GCF_000687025.1_ASM68702v1_genomic.fna.gz,../ecoli_genomes/GCF_000700125.1_ASM70012v1_genomic.fna.gz,../ecoli_genomes/GCF_000753315.1_FHI35_genomic.fna.gz,../ecoli_genomes/GCF_000776375.1_ASM77637v1_genomic.fna.gz,../ecoli_genomes/GCF_000779395.1_ASM77939v1_genomic.fna.gz,../ecoli_genomes/GCF_000780315.1_ASM78031v1_genomic.fna.gz,../ecoli_genomes/GCF_000781995.1_ASM78199v1_genomic.fna.gz,../ecoli_genomes/GCF_000986765.1_ASM98676v1_genomic.fna.gz,../ecoli_genomes/GCF_001041375.1_ViralProj287958_genomic.fna.gz,../ecoli_genomes/GCF_001265335.1_302014_genomic.fna.gz,../ecoli_genomes/GCF_001265625.1_100854_genomic.fna.gz,../ecoli_genomes/GCF_001267345.1_303289_genomic.fna.gz,../ecoli_genomes/GCF_001309985.1_ASM130998v1_genomic.fna.gz,../ecoli_genomes/GCF_001521695.1_ASM152169v1_genomic.fna.gz,../ecoli_genomes/GCF_001592595.1_ASM159259v1_genomic.fna.gz,../ecoli_genomes/GCF_001614975.1_ASM161497v1_genomic.fna.gz,../ecoli_genomes/GCF_001692775.1_ASM169277v1_genomic.fna.gz,../ecoli_genomes/GCF_001748915.1_ASM174891v1_genomic.fna.gz,../ecoli_genomes/GCF_001749235.1_ASM174923v1_genomic.fna.gz,../ecoli_genomes/GCF_001881155.1_ASM188115v1_genomic.fna.gz,../ecoli_genomes/GCF_001881345.1_ASM188134v1_genomic.fna.gz,../ecoli_genomes/GCF_001892405.1_ASM189240v1_genomic.fna.gz,../ecoli_genomes/GCF_001892585.1_ASM189258v1_genomic.fna.gz,../ecoli_genomes/GCF_001893985.1_ASM189398v1_genomic.fna.gz,../ecoli_genomes/GCF_002001595.1_ASM200159v1_genomic.fna.gz,../ecoli_genomes/GCF_002002145.1_ASM200214v1_genomic.fna.gz
1.0,0.7891491903752458,0.7680379150453768,0.7655121358800224,0.7516767052036747,0.767385301690455,0.7853570196425903,0.773168557587399,0.8025013095983572,0.7745015724297029,0.7771350468545567,0.7765712917364729,0.7810049691941221,0.7686295758377203,0.7671508293284142,0.7908090981184726,0.7078489349522978,0.7790390783288603,0.7729680176183102,0.7880327653020346,0.7743212649001168,0.7619886493811031,0.7861580515724419,0.7409838918753602,0.7157724318909269,0.66448249034235,0.7802580352065233,0.7632498228386436,0.7844188295542335,0.8096464338085478,0.7530550637830451,0.7791373503537224,0.06395229035059724,0.775966955528251,0.7498181353383436,0.7605183304380781,0.7800618098669547,0.7844870151924608,0.6457543321388794,0.7809037732996341,0.7569156439646261,0.7702410996468345,0.7816715003172761,0.7684292788698961,0.7675317181608915,0.7725244061796648,0.7699152612689487,0.7721885605749707,0.7652338972544414,0.7842780923460979
0.7891491903752458,1.0,0.7592630797060387,0.7534863011734756,0.7641217821870873,0.8244833948619884,0.7873163635465366,0.7581418457904456,0.7604665265094016,0.7644667064169187,0.8067255060460508,0.7606887310395938,0.800513062296081,0.7627910315177884,0.7547363756227456,0.784154001595224,0.7358908510410267,0.8087340276877977,0.7895239861775823,0.7881997932184409,0.799602057863195,0.7777879581889979,0.8068676381957101,0.795655758446317,0.7521811065413906,0.6879402462739892,0.8071960204279315,0.7554597776126077,0.7615354979587311,0.7656092649571935,0.7460929222055939,0.7758971056284291,0.06316415124939978,0.7866366892487026,0.8327808398564415,0.7531872646640422,0.7756218809507078,0.7999122865677002,0.6252602827462856,0.8010700851767589,0.7470814069761271,0.8214537921612807,0.8018910750877837,0.7602360838990578,0.7529052200192007,0.7499366706617332,0.8191812885567682,0.8238975128424542,0.7552007891925003,0.7550728189594025
0.7680379150453768,0.7592630797060387,1.0,0.7342515854126128,0.7155236499928241,0.7376947931360389,0.7541480996097092,0.7401931588554298,0.7608754656904002,0.7525226202332678,0.7447810955699787,0.7385476897548229,0.7480898871482451,0.7471355764267426,0.7375937696371087,0.7545826431833981,0.6809403248519181,0.7502615640342143,0.7400975259579803,0.7584274128624644,0.7485215806452709,0.7300270582419566,0.7512349507183571,0.7074848785479918,0.6839909759620463,0.6391751307357334,0.7535289066130322,0.7376397757187805,0.7469251582011642,0.7681695854958189,0.7371475241310861,0.7354089289516099,0.06489272624234477,0.7432474913005376,0.7250940352824715,0.7419256623177319,0.7473988462287975,0.7492921097934755,0.6199479573622817,0.7539288798195425,0.739937412949621,0.7483045092103812,0.7540319805466711,0.7436093439407927,0.7345429351549171,0.7498783916681617,0.7513901052362375,0.7531930568986669,0.7507290947533131,0.7549457812975575
0.7655121358800224,0.7534863011734756,0.7342515854126128,1.0,0.7379395033614562,0.7393220365247837,0.7488291990215337,0.8288562987628689,0.7596157895460658,0.8390544408695015,0.7450069042016014,0.8250992105656424,0.7563786637820833,0.8484435691476908,0.8562272870407235,0.7584811429594359,0.6784116897456807,0.7501040680193998,0.7389869972048081,0.7514119183813581,0.7425490002610604,0.7308230416101951,0.7565535743729482,0.7063443754356993,0.685637862552418,0.6406800962045411,0.7454436076727073,0.8303644113367883,0.7537510714187396,0.7622608390798873,0.8164718955253942,0.7521791851437607,0.0599779482327607,0.7409488609497579,0.7166294642562776,0.7867159842171799,0.7483776038436539,0.7512754951126197,0.6662265669114622,0.7486615356451488,0.8314565467166141,0.738254961878531,0.7488372267976098,0.8334202367023117,0.8265521220457132,0.7583823435639498,0.73417769525478,0.7375766568960469,0.8070992140004992,0.7619395068278009
0.7516767052036747,0.7641217821870873,0.7155236499928241,0.7379395033614562,1.0,0.7738065242459542,0.7400256336738855,0.7410035425029212,0.7410463619880844,0.7435899104724111,0.7856754377298372,0.7367350802872425,0.7987667365089155,0.731679845515762,0.744455613183103,0.7655577052747531,0.7257368786174649,0.7667943477870007,0.7660568548128671,0.7437149941898951,0.7721050510780098,0.7472510887167951,0.7732223388298518,0.7570350229806141,0.7301633340314126,0.6877577321323891,0.773450624524814,0.7221371044969678,0.7439666015091786,0.7436142820863553,0.7213962306568756,0.7964798622591687,0.07299154611596292,0.7749037638774056,0.7517695860817402,0.7264913398809179,0.746048076088274,0.7881173248535678,0.6261814938116956,0.7824662392774812,0.7400259785006827,0.7616427714556326,0.7783073695419283,0.7337499538312311,0.7318950049245803,0.7349297326222124,0.7750194858425103,0.7778027462197872,0.7236575408626135,0.7363185052310743
0.767385301690455,0.8244833948619884,0.7376947931360389,0.7393220365247837,0.7738065242459542,1.0,0.7710982728969407,0.7412756407616654,0.738307514019968,0.7425818437869136,0.789857902489614,0.741020103508353,0.7865156347656019,0.7454181291761324,0.7362049954383475,0.7685610646526959,0.7472003267056883,0.7961283265611155,0.7809533497927782,0.7644238860342548,0.7825775406284939,0.7845869194413637,0.7884260969648655,0.7977173104818944,0.7627965969779651,0.7003342277341396,0.7811507523158543,0.7265489008139755,0.7429675064619672,0.734997770750361,0.7268358835062816,0.7752848016156539,0.0655677915264763,0.7862014250458826,0.8265986279646154,0.736082028311011,0.7551987543422671,0.782935017424391,0.6328918659559397,0.7820190182726269,0.7339092286805668,0.812739484084718,0.7819061901590744,0.7337357373794232,0.7297162939298653,0.7343074543270671,0.8126790982540091,0.8163233516497335,0.7291695293986582,0.7407166860630076
0.7853570196425903,0.7873163635465366,0.7541480996097092,0.7488291990215337,0.7400256336738855,0.7710982728969407,1.0,0.7566603110094539,0.7689842821686965,0.7584070158083697,0.7791643614004048,0.7570686639841674,0.7764414742580618,0.7554714412343169,0.7546064684150451,0.894229482831713,0.6998744046904574,0.796572807229079,0.7890575650305942,0.935700307367651,0.7971646986146013,0.7735623537913509,0.8040625361344473,0.733438461565084,0.6999394921192936,0.6499060550221645,0.7916969790672007,0.7519232859500468,0.7687069677999911,0.7700357337986609,0.7416285927287061,0.7665895411784932,0.07393749068006739,0.7926751418816761,0.7566635106867693,0.7654833874054234,0.9133920285511697,0.7746598765069346,0.6481968837485621,0.7802913735023962,0.7414769665300686,0.768965684732176,0.7831029791474513,0.7573615885111518,0.7523642431242998,0.757615623741374,0.7714975808037808,0.7751503313187396,0.7559730866836687,0.771694557284796
0.773168557587399,0.7581418457904456,0.7401931588554298,0.8288562987628689,0.7410035425029212,0.7412756407616654,0.7566603110094539,1.0,0.7683969753541249,0.8377388499955902,0.7517177322936242,0.8224699882204844,0.7629529492782233,0.8292178279162756,0.824557033341266,0.7623612054230299,0.6880875560451305,0.7521710019152436,0.7485567325752224,0.7585623267093746,0.7499837418233706,0.7357108611451952,0.7637138299994543,0.7122880087126633,0.689707362072442,0.649032274448117,0.7542492680543232,0.877492011931531,0.7669185457784465,0.7686515250318757,0.8101197224103271,0.751249186860508,0.0626121934665792,0.7591485280642492,0.7213840193918774,0.7953533382016594,0.7532257473929802,0.7665757493616225,0.6751582355944226,0.7579047277382013,0.8214387741735112,0.7399486904641317,0.7566056572647846,0.8839173326199024,0.8686386062690934,0.7669221415316021,0.7413295640250808,0.7431706763905983,0.8199455030964292,0.7717184864818911
0.8025013095983572,0.7604665265094016,0.7608754656904002,0.7596157895460658,0.7410463619880844,0.738307514019968,0.7689842821686965,0.7683969753541249,1.0,0.7740173366370342,0.7644004832428,0.7610165057987394,0.7757449727701181,0.7646091527375519,0.7677901430516341,0.7795599151068322,0.6730310440573392,0.7668084472599158,0.757386642018392,0.7750141926867978,0.7648477341602434,0.7457536074926241,0.7756109849788191,0.7075965140472517,0.6790767178205359,0.6323293265478795,0.7742179369603408,0.7567053078817507,0.7775667290848067,0.8148350947182552,0.7543847117139013,0.7548404213437248,0.06582630382494403,0.7664022032592331,0.7251491308873987,0.7664941274655885,0.7695570555705313,0.7684683198452128,0.6304068525733718,0.7716272278600871,0.7621105978080386,0.7469819397001365,0.7737160544874051,0.7623925697575547,0.7545999958026194,0.7747402166851086,0.7476156782289585,0.7512553644640755,0.7650634642836558,0.7892033609114871
0.7745015724297029,0.7644667064169187,0.7525226202332678,0.8390544408695015,0.7435899104724111,0.7425818437869136,0.7584070158083697,0.8377388499955902,0.7740173366370342,1.0,0.7561319362570394,0.8206578097125412,0.7695627726314361,0.8385205601040677,0.8302950251803788,0.771240500740374,0.6803246008825701,0.7565491159607152,0.7475408157524664,0.7633636399066585,0.752024246557916,0.73869818399413,0.7614613301504659,0.7128567894010002,0.6879597771230885,0.6408263046828693,0.7596290278188409,0.8290707280519021,0.7713182131235524,0.7781619376703175,0.8263443540550728,0.7516933683074678,0.062299075165407,0.7514428126393426,0.7279454967467163,0.8067414183666703,0.7577907649131489,0.7598615102202894,0.666261121813613,0.7623448500734031,0.8342205366669134,0.7441047636184679,0.7599810279376776,0.8325185393198137,0.8273485416057212,0.7634979516534436,0.7435942105182678,0.7463494484855594,0.8233951968318997,0.766428662370505
0.7771350468545567,0.8067255060460508,0.7447810955699787,0.7450069042016014,0.7856754377298372,0.789857902489614,0.7791643614004048,0.7517177322936242,0.7644004832428,0.7561319362570394,1.0,0.7465024623103883,0.8372189850112197,0.749954862709884,0.7477125140657268,0.783988538606267,0.705432582948377,0.8297291277166542,0.8033515349761965,0.782696389585442,0.8110755724362564,0.8023702039512801,0.8222845186558876,0.7554575764872467,0.7108737470995168,0.6666800844789729,0.8281493970025187,0.745460469745457,0.7573186806981516,0.7689367487718588,0.7323580937514484,0.790231707587888,0.07585307969091482,0.8090998174610752,0.7883560509903351,0.7613183705176918,0.771305073441698,0.8193761709706061,0.6288866911362132,0.8383755668631203,0.7366100294226559,0.8060005173423554,0.8334399173067797,0.7470200159008172,0.7388687808862748,0.7439993566391703,0.8004202146614673,0.8046870196983116,0.7474448080631146,0.7570055627028753
0.7765712917364729,0.7606887310395938,0.7385476897548229,0.8250992105656424,0.7367350802872425,0.741020103508353,0.7570686639841674,0.8224699882204844,0.7610165057987394,0.8206578097125412,0.7465024623103883,1.0,0.7598209863845736,0.8306256445943312,0.849251253690214,0.7629140278442528,0.6855972702184507,0.7510126480780199,0.7463606912394789,0.7589359701673603,0.7528527641532453,0.7389246639342171,0.7609738278080371,0.7145590704917583,0.6899604858226736,0.6479287531323787,0.7559625430052712,0.8190261852579787,0.768281716700339,0.7685718033815436,0.7973454243528504,0.7492379381281131,0.06394830939056984,0.7510264138814727,0.7217646140846556,0.7844832626982728,0.753674143237274,0.7660496246282538,0.6636960836718505,0.7607848588594759,0.8068077843371089,0.7408917710860417,0.7597741071614387,0.822326417496071,0.8175803563375559,0.7697466141692039,0.7446241955952849,0.74568750200748,0.8054793635817884,0.7705932452012099
0.7810049691941221,0.800513062296081,0.7480898871482451,0.7563786637820833,0.7987667365089155,0.7865156347656019,0.7764414742580618,0.7629529492782233,0.7757449727701181,0.7695627726314361,0.8372189850112197,0.7598209863845736,1.0,0.7573096059065723,0.7614919690900199,0.7919285602601721,0.7015863287179886,0.8273727105995464,0.8191495194323529,0.7828924716510939,0.829918682230683,0.8144698052261798,0.8459226191993008,0.75346834038609,0.7123555609338289,0.6632718036809825,0.8417837200348802,0.7512129335710634,0.7670304947656745,0.7764618082905749,0.7388947331553635,0.8062920291999862,0.06906720616895756,0.8296952743639802,0.7828954192900983,0.7643833934917889,0.7753757555271058,0.8253648743039872,0.6308430595328417,0.8425066183840046,0.754867395962176,0.7961299950111967,0.8395348494769863,0.7552870012519649,0.7494597596107605,0.7502688491504166,0.791002356195488,0.7955200100314948,0.7593238200365501,0.7645675389501647
0.7686295758377203,0.7627910315177884,0.7471355764267426,0.8484435691476908,0.731679845515762,0.7454181291761324,0.7554714412343169,0.8292178279162756,0.7646091527375519,0.8385205601040677,0.749954862709884,0.8306256445943312,0.7573096059065723,1.0,0.849493618650998,0.7588756360109102,0.6786116369411543,0.7576884147810485,0.7486593500984857,0.7571588951395258,0.7520394754153972,0.7384203874628696,0.7591491707964256,0.709011269183361,0.6821538821189363,0.6366922939803745,0.7581666438963237,0.8409145812996461,0.7663202087830783,0.7680081560297665,0.8191221375474156,0.7484413009416528,0.0659044089598173,0.7475843323551635,0.7265219313910727,0.7985618489065471,0.7490060700619483,0.7596879709234846,0.6648096376024172,0.7568492383472127,0.8251922112539998,0.7443312669841782,0.7553324919815957,0.8343747861459495,0.8273130515290776,0.7671835554014526,0.7424451394908254,0.7464184996364994,0.8165409851956226,0.7722050539580325
0.7671508293284142,0.7547363756227456,0.7375937696371087,0.8562272870407235,0.744455613183103,0.7362049954383475,0.7546064684150451,0.824557033341266,0.7677901430516341,0.8302950251803788,0.7477125140657268,0.849251253690214,0.7614919690900199,0.849493618650998,1.0,0.7686738526101193,0.6798332538989853,0.751595824645683,0.7438650745827543,0.7594726534652562,0.7491954516357837,0.7331386903410568,0.758837049885282,0.7113943019669542,0.6839440292476415,0.6394563462000931,0.7508665276805772,0.8204435875308299,0.7625962942051833,0.7708069212358594,0.820018503955618,0.757212305563004,0.060594049372806214,0.7490854393035069,0.7188163193322936,0.7876917235819076,0.7552445145015992,0.7579856218770091,0.6565026023465814,0.7561280863323991,0.8311860590295055,0.7360315863270519,0.7552097720074177,0.8221436352943434,0.8152830178162639,0.7678390257231428,0.7406150807467885,0.7439693775695864,0.80342909016506,0.7783077077529993
0.7908090981184726,0.784154001595224,0.7545826431833981,0.7584811429594359,0.7655577052747531,0.7685610646526959,0.894229482831713,0.7623612054230299,0.7795599151068322,0.771240500740374,0.783988538606267,0.7629140278442528,0.7919285602601721,0.7588756360109102,0.7686738526101193,1.0,0.7049425766822444,0.7921573004471586,0.789798418895175,0.9026229795265367,0.7876776115542206,0.7745421715614976,0.7991441526438593,0.7425910000220017,0.7109356827266986,0.6590209058876872,0.7909080316489215,0.7543523150887267,0.7712401834254319,0.7837979286988209,0.7508539697683313,0.7800787553088186,0.07386012519007668,0.790416038390537,0.7537694296827078,0.7618465904944779,0.9007813953268248,0.7787338066537048,0.6399273047424492,0.7830159074764936,0.7553774219432952,0.7670621633113216,0.7872981308768046,0.7616798015884041,0.7580638439381706,0.7598874241361542,0.7758346220095672,0.7787232744068509,0.7585002577970166,0.7739423018109122
0.7078489349522978,0.7358908510410267,0.6809403248519181,0.6784116897456807,0.7257368786174649,0.7472003267056883,0.6998744046904574,0.6880875560451305,0.6730310440573392,0.6803246008825701,0.705432582948377,0.6855972702184507,0.7015863287179886,0.6786116369411543,0.6798332538989853,0.7049425766822444,1.0,0.7135709956042405,0.7041312528990842,0.6981447294934545,0.708665164135994,0.6979976048684027,0.7161321828504451,0.8041925637811538,0.8080639094844405,0.8134702198623904,0.7018714336401723,0.6784016387989766,0.6772795791966113,0.6818036673604759,0.6766213198159498,0.744497884680489,0.0607388527527547,0.7138188491256197,0.7413088923926818,0.666531709208757,0.6939259508553072,0.7216549505314582,0.6068509192967946,0.7044972380401439,0.6746867071417297,0.7370543876807873,0.7034977699641847,0.6955079550998673,0.6913902952244504,0.6696139722752537,0.7565731258668742,0.7459343085505661,0.6639523553590931,0.6742418751933703
0.7790390783288603,0.8087340276877977,0.7502615640342143,0.7501040680193998,0.7667943477870007,0.7961283265611155,0.796572807229079,0.7521710019152436,0.7668084472599158,0.7565491159607152,0.8297291277166542,0.7510126480780199,0.8273727105995464,0.7576884147810485,0.751595824645683,0.7921573004471586,0.7135709956042405,1.0,0.8386534766790816,0.7990073187764928,0.8422758046536936,0.8135379796947346,0.8430011753911836,0.7574221842142386,0.7164219979936068,0.6681453349032755,0.8270926289456142,0.7493905415330278,0.7604352242464631,0.7674906986218463,0.7381722231601112,0.7922742896871396,0.07270199030119062,0.8189960206475815,0.7932240148026809,0.7685266894256163,0.787188220523092,0.8033973384530687,0.6366682771451635,0.8212303322095345,0.7442115148491201,0.8042011278271294,0.8242651034058711,0.748139091488145,0.7402159728021884,0.7465063396081079,0.7970672392939813,0.8017054614203261,0.748601642947568,0.762031029722399
0.7729680176183102,0.7895239861775823,0.7400975259579803,0.7389869972048081,0.7660568548128671,0.7809533497927782,0.7890575650305942,0.7485567325752224,0.757386642018392,0.7475408157524664,0.8033515349761965,0.7463606912394789,0.8191495194323529,0.7486593500984857,0.7438650745827543,0.789798418895175,0.7041312528990842,0.8386534766790816,1.0,0.7884905809073327,0.8408622058681492,0.8149286897039076,0.8379666103730077,0.7410456869811614,0.7123985902605657,0.6573482943678052,0.8250390094026926,0.745310601900387,0.760714674721718,0.758554682649678,0.7286818241657713,0.7918567355564422,0.06819125234263268,0.8143258847710636,0.7785452602581663,0.7611379816986699,0.7851311047583311,0.8068187523030192,0.633733245222686,0.8173584112021933,0.7333733690361903,0.776871411183212,0.8149877163258362,0.7481959149842057,0.740162584227062,0.7463466841704983,0.7788157927629707,0.7830830905407951,0.7473844296101344,0.7666981569936682
0.7880327653020346,0.7881997932184409,0.7584274128624644,0.7514119183813581,0.7437149941898951,0.7644238860342548,0.935700307367651,0.7585623267093746,0.7750141926867978,0.7633636399066585,0.782696389585442,0.7589359701673603,0.7828924716510939,0.7571588951395258,0.7594726534652562,0.9026229795265367,0.6981447294934545,0.7990073187764928,0.7884905809073327,1.0,0.7985300897073409,0.7723749077505709,0.8073033167010639,0.7304042658594004,0.6991474960532277,0.6484666862493427,0.7943248554065279,0.7558568148347051,0.7752311144040963,0.7775511960870776,0.7469773018441133,0.7708879337325691,0.074874046863742,0.7956118092443063,0.7544603687055473,0.7672179266278112,0.9207985935470544,0.7789614921149305,0.6417846816373508,0.7870097695828636,0.7446276398776621,0.7692365814271669,0.7882253960123812,0.759256539429807,0.7547209529304237,0.7645360005131387,0.7730457303513889,0.7769238166484852,0.7598150728811828,0.7776904272649691
0.7743212649001168,0.799602057863195,0.7485215806452709,0.7425490002610604,0.7721050510780098,0.7825775406284939,0.7971646986146013,0.7499837418233706,0.7648477341602434,0.752024246557916,0.8110755724362564,0.7528527641532453,0.829918682230683,0.7520394754153972,0.7491954516357837,0.7876776115542206,0.708665164135994,0.8422758046536936,0.8408622058681492,0.7985300897073409,1.0,0.8125638689340409,0.852170461648381,0.7458105558350188,0.7142368214340679,0.663902687660828,0.8272100093459309,0.749624145512966,0.7645756674386128,0.7643156545534784,0.7330209857836221,0.8014694775953484,0.0709070046026351,0.8265379021969239,0.7866814611538283,0.7670408028101002,0.7874823528169765,0.8127593638934183,0.6372614171112778,0.8271511261015229,0.7389559584074683,0.7863080779538907,0.8234474399528573,0.7520002896653368,0.7467799021711329,0.7558598213816548,0.7923170293891968,0.7960027636691102,0.7509867405737555,0.7655044636242325
0.7619886493811031,0.7777879581889979,0.7300270582419566,0.7308230416101951,0.7472510887167951,0.7845869194413637,0.7735623537913509,0.7357108611451952,0.7457536074926241,0.73869818399413,0.8023702039512801,0.7389246639342171,0.8144698052261798,0.7384203874628696,0.7331386903410568,0.7745421715614976,0.6979976048684027,0.8135379796947346,0.8149286897039076,0.7723749077505709,0.8125638689340409,1.0,0.8543524265224164,0.7297396095398105,0.7086726481744117,0.6545447265454059,0.8054437005334387,0.7310514739513254,0.7478166588234939,0.7472509693567657,0.7191377765282159,0.7784279400849251,0.07316089906799816,0.8293548067242378,0.7616004773379039,0.7426732414028132,0.7614243943983082,0.7958217036880179,0.630756657500871,0.8042018492721881,0.7212736396257944,0.7667930201729852,0.80727027199513,0.7335732323954272,0.7257485823683284,0.7354276451014163,0.7672925579851939,0.7704994397618243,0.7330315081341927,0.7538451430925599
0.7861580515724419,0.8068676381957101,0.7512349507183571,0.7565535743729482,0.7732223388298518,0.7884260969648655,0.8040625361344473,0.7637138299994543,0.7756109849788191,0.7614613301504659,0.8222845186558876,0.7609738278080371,0.8459226191993008,0.7591491707964256,0.758837049885282,0.7991441526438593,0.7161321828504451,0.8430011753911836,0.8379666103730077,0.8073033167010639,0.852170461648381,0.8543524265224164,1.0,0.7477532153747568,0.7195145184474354,0.6678273273800837,0.8422262662985774,0.7614295301559373,0.7743033855909801,0.7712546583331729,0.7443889822296681,0.8093361508904229,0.06989682122327745,0.8696515855481279,0.7795384935497685,0.7712390043912191,0.7943846631607978,0.8256391480318074,0.6453892156306354,0.8366969786519622,0.7464883860395235,0.7894832688853956,0.8386343775024931,0.7644950727464036,0.7570044930645051,0.7646930898695575,0.7891806070312846,0.7928851835854517,0.7654540442842852,0.7756910925529403
0.7409838918753602,0.795655758446317,0.7074848785479918,0.7063443754356993,0.7570350229806141,0.7977173104818944,0.733438461565084,0.7122880087126633,0.7075965140472517,0.7128567894010002,0.7554575764872467,0.7145590704917583,0.75346834038609,0.709011269183361,0.7113943019669542,0.7425910000220017,0.8041925637811538,0.7574221842142386,0.7410456869811614,0.7304042658594004,0.7458105558350188,0.7297396095398105,0.7477532153747568,1.0,0.8077211417843349,0.7784956756629655,0.7416377968233319,0.6960053341296865,0.7041617081195813,0.7144094085122905,0.697613235794744,0.7587889571289856,0.05980407120920428,0.7362265192620288,0.8056949171662988,0.6973408669228238,0.7262866134699617,0.748966533980312,0.6028368717061139,0.739725933966596,0.7061827674276904,0.7815748921749344,0.739650889914411,0.7110064373613012,0.7052686157070417,0.6908237632765624,0.7861620528749715,0.7800342100631057,0.6933541111042996,0.7018024552236197
0.7157724318909269,0.7521811065413906,0.6839909759620463,0.685637862552418,0.7301633340314126,0.7627965969779651,0.6999394921192936,0.689707362072442,0.6790767178205359,0.6879597771230885,0.7108737470995168,0.6899604858226736,0.7123555609338289,0.6821538821189363,0.6839440292476415,0.7109356827266986,0.8080639094844405,0.7164219979936068,0.7123985902605657,0.6991474960532277,0.7142368214340679,0.7086726481744117,0.7195145184474354,0.8077211417843349,1.0,0.8101923883044625,0.7080363951322892,0.6767367558546236,0.6790955577488271,0.6833536362694291,0.679988107424925,0.749205515631866,0.06144108687574512,0.7141513910817016,0.7589851563321592,0.6706531246826086,0.6964611278175017,0.7339282405877514,0.59923115182306,0.7121182220535294,0.6825724550146168,0.7315678058954875,0.706892521394769,0.6993944437876254,0.6948439144655241,0.6800486665553409,0.7586380560155954,0.747077287687101,0.6720773155809543,0.6791577189730591
0.66448249034235,0.6879402462739892,0.6391751307357334,0.6406800962045411,0.6877577321323891,0.7003342277341396,0.6499060550221645,0.649032274448117,0.6323293265478795,0.6408263046828693,0.6666800844789729,0.6479287531323787,0.6632718036809825,0.6366922939803745,0.6394563462000931,0.6590209058876872,0.8134702198623904,0.6681453349032755,0.6573482943678052,0.6484666862493427,0.663902687660828,0.6545447265454059,0.6678273273800837,0.7784956756629655,0.8101923883044625,1.0,0.6567926603740785,0.6359336814090959,0.6348173523281704,0.6416610292366336,0.6320938293211891,0.6922383142284398,0.06271593979819023,0.6601305283720967,0.7012212967126554,0.6258853046215034,0.6439705927872516,0.6889626151266888,0.5793988854018925,0.6636980835849318,0.634652289965816,0.6848132494438957,0.6534589138886117,0.6568088194983309,0.6500212804903203,0.6307316543929296,0.7138256553355571,0.6985091549671518,0.62688675223188,0.6333046193202103
0.7802580352065233,0.8071960204279315,0.7535289066130322,0.7454436076727073,0.773450624524814,0.7811507523158543,0.7916969790672007,0.7542492680543232,0.7742179369603408,0.7596290278188409,0.8281493970025187,0.7559625430052712,0.8417837200348802,0.7581666438963237,0.7508665276805772,0.7909080316489215,0.7018714336401723,0.8270926289456142,0.8250390094026926,0.7943248554065279,0.8272100093459309,0.8054437005334387,0.8422262662985774,0.7416377968233319,0.7080363951322892,0.6567926603740785,1.0,0.7526156804777969,0.7741565180114491,0.7734635600318275,0.7401696954353547,0.8005451923833511,0.07235140449342481,0.8221023154870702,0.7800264533231529,0.7666713116470012,0.7825704628024532,0.8420286915401216,0.6304874913176193,0.8390758978222799,0.7428003036421161,0.7878321938432038,0.8571534326071489,0.7571256649729744,0.7461778401091346,0.7647564456002286,0.7890655381033996,0.7932880648167712,0.7623371825085419,0.7717731100760312
0.7632498228386436,0.7554597776126077,0.7376397757187805,0.8303644113367883,0.7221371044969678,0.7265489008139755,0.7519232859500468,0.877492011931531,0.7567053078817507,0.8290707280519021,0.745460469745457,0.8190261852579787,0.7512129335710634,0.8409145812996461,0.8204435875308299,0.7543523150887267,0.6784016387989766,0.7493905415330278,0.745310601900387,0.7558568148347051,0.749624145512966,0.7310514739513254,0.7614295301559373,0.6960053341296865,0.6767367558546236,0.6359336814090959,0.7526156804777969,1.0,0.768366817685875,0.7616275003497632,0.8090440554220641,0.7466245735360912,0.06131903604550204,0.7520962441136563,0.713568512273833,0.7933207377669457,0.7480928414414915,0.7626685794062318,0.669425680243296,0.7541329188513555,0.8170175506986223,0.7307930389174891,0.7531022582720518,0.9148534972789926,0.8944413727580337,0.7663150778248766,0.7348467888301555,0.7366113992919854,0.8245258145268944,0.7680114622386572
0.7844188295542335,0.7615354979587311,0.7469251582011642,0.7537510714187396,0.7439666015091786,0.7429675064619672,0.7687069677999911,0.7669185457784465,0.7775667290848067,0.7713182131235524,0.7573186806981516,0.768281716700339,0.7670304947656745,0.7663202087830783,0.7625962942051833,0.7712401834254319,0.6772795791966113,0.7604352242464631,0.760714674721718,0.7752311144040963,0.7645756674386128,0.7478166588234939,0.7743033855909801,0.7041617081195813,0.6790955577488271,0.6348173523281704,0.7741565180114491,0.768366817685875,1.0,0.7753681172601273,0.7539748188148079,0.7610458535558362,0.06920449558862274,0.7702241698482064,0.7222697620375855,0.7692346843600665,0.7632069297453703,0.7774021550120761,0.6365478016852137,0.7771670663342561,0.7524641056312475,0.7460845817750507,0.7758287188248378,0.7637141527437882,0.7602921095188258,0.8015059768221677,0.7472331377707903,0.7502120643160112,0.770799279162004,0.8529134814625194
0.8096464338085478,0.7656092649571935,0.7681695854958189,0.7622608390798873,0.7436142820863553,0.734997770750361,0.7700357337986609,0.7686515250318757,0.8148350947182552,0.7781619376703175,0.7689367487718588,0.7685718033815436,0.7764618082905749,0.7680081560297665,0.7708069212358594,0.7837979286988209,0.6818036673604759,0.7674906986218463,0.758554682649678,0.7775511960870776,0.7643156545534784,0.7472509693567657,0.7712546583331729,0.7144094085122905,0.6833536362694291,0.6416610292366336,0.7734635600318275,0.7616275003497632,0.7753681172601273,1.0,0.7577770576143433,0.7579876436542771,0.0662912489393237,0.7600970071005048,0.7309454786428911,0.763985555872324,0.7707110910439408,0.7650287005387364,0.6327493187520503,0.7774645748203002,0.7672561928901194,0.7486460432049361,0.7709965432136123,0.7658926638060598,0.7572677155075731,0.7809203619831798,0.7531957560509557,0.7564417838364499,0.7687165538829456,0.7878706189372967
0.7530550637830451,0.7460929222055939,0.7371475241310861,0.8164718955253942,0.7213962306568756,0.7268358835062816,0.7416285927287061,0.8101197224103271,0.7543847117139013,0.8263443540550728,0.7323580937514484,0.7973454243528504,0.7388947331553635,0.8191221375474156,0.820018503955618,0.7508539697683313,0.6766213198159498,0.7381722231601112,0.7286818241657713,0.7469773018441133,0.7330209857836221,0.7191377765282159,0.7443889822296681,0.697613235794744,0.679988107424925,0.6320938293211891,0.7401696954353547,0.8090440554220641,0.7539748188148079,0.7577770576143433,1.0,0.7363584288851218,0.06772977747491338,0.7365987177264416,0.7087184764376306,0.7784916205595397,0.7421675211421759,0.7420675145052289,0.6546086082822244,0.7442272304671194,0.8445910434533915,0.7287633636973994,0.7382121738688747,0.8106930239344401,0.8029270192329521,0.753058915392728,0.7360208962283545,0.73797743310967,0.8005453192015941,0.7562268714095547
0.7791373503537224,0.7758971056284291,0.7354089289516099,0.7521791851437607,0.7964798622591687,0.7752848016156539,0.7665895411784932,0.751249186860508,0.7548404213437248,0.7516933683074678,0.790231707587888,0.7492379381281131,0.8062920291999862,0.7484413009416528,0.757212305563004,0.7800787553088186,0.744497884680489,0.7922742896871396,0.7918567355564422,0.7708879337325691,0.8014694775953484,0.7784279400849251,0.8093361508904229,0.7587889571289856,0.749205515631866,0.6922383142284398,0.8005451923833511,0.7466245735360912,0.7610458535558362,0.7579876436542771,0.7363584288851218,1.0,0.0685870500566007,0.8037736686729203,0.750157063818933,0.7489232919505554,0.7696041136357717,0.8119667484972343,0.629874193298864,0.8080207243589831,0.7420512023608075,0.7718996971653405,0.8083815641107187,0.7544918278071256,0.7536334749046365,0.754881785492244,0.7850782185540975,0.7854205566447673,0.7366898900138052,0.7597558846220055
0.06395229035059724,0.06316415124939978,0.06489272624234477,0.0599779482327607,0.07299154611596292,0.0655677915264763,0.07393749068006739,0.0626121934665792,0.06582630382494403,0.062299075165407,0.07585307969091482,0.06394830939056984,0.06906720616895756,0.0659044089598173,0.060594049372806214,0.07386012519007668,0.0607388527527547,0.07270199030119062,0.06819125234263268,0.074874046863742,0.0709070046026351,0.07316089906799816,0.06989682122327745,0.05980407120920428,0.06144108687574512,0.06271593979819023,0.07235140449342481,0.06131903604550204,0.06920449558862274,0.0662912489393237,0.06772977747491338,0.0685870500566007,1.0,0.07191748150828603,0.06042012292845822,0.06868277139689982,0.07272771423553004,0.07013040799074854,0.05724895584096701,0.06742095182579866,0.0655759278724729,0.06797462440813717,0.07145521243897368,0.06009273463489784,0.06011441964324882,0.06564641901959611,0.06758628937060607,0.0674774117065241,0.06411109126559489,0.06615139153683969
0.775966955528251,0.7866366892487026,0.7432474913005376,0.7409488609497579,0.7749037638774056,0.7862014250458826,0.7926751418816761,0.7591485280642492,0.7664022032592331,0.7514428126393426,0.8090998174610752,0.7510264138814727,0.8296952743639802,0.7475843323551635,0.7490854393035069,0.790416038390537,0.7138188491256197,0.8189960206475815,0.8143258847710636,0.7956118092443063,0.8265379021969239,0.8293548067242378,0.8696515855481279,0.7362265192620288,0.7141513910817016,0.6601305283720967,0.8221023154870702,0.7520962441136563,0.7702241698482064,0.7600970071005048,0.7365987177264416,0.8037736686729203,0.07191748150828603,1.0,0.7669821962411018,0.7654704988897507,0.7860498003538321,0.8171040381467076,0.6494088416155761,0.8249535423145888,0.7388613238626986,0.7810419708867291,0.8327500140913591,0.7552686997935987,0.7503057186311962,0.7614417697352658,0.7864731759939371,0.7895581554072877,0.7522679648258725,0.7724408827469427
0.7498181353383436,0.8327808398564415,0.7250940352824715,0.7166294642562776,0.7517695860817402,0.8265986279646154,0.7566635106867693,0.7213840193918774,0.7251491308873987,0.7279454967467163,0.7883560509903351,0.7217646140846556,0.7828954192900983,0.7265219313910727,0.7188163193322936,0.7537694296827078,0.7413088923926818,0.7932240148026809,0.7785452602581663,0.7544603687055473,0.7866814611538283,0.7616004773379039,0.7795384935497685,0.8056949171662988,0.7589851563321592,0.7012212967126554,0.7800264533231529,0.713568512273833,0.7222697620375855,0.7309454786428911,0.7087184764376306,0.750157063818933,0.06042012292845822,0.7669821962411018,1.0,0.7243019313324214,0.7430433958860134,0.7714290333834368,0.6117075580031821,0.7768625335248338,0.7151245168973762,0.8104810849731074,0.7764185849802465,0.7183247546814834,0.7139784780115046,0.7156129299661089,0.805282050296039,0.80691053768526,0.7118572370143784,0.7169418583438352
0.7605183304380781,0.7531872646640422,0.7419256623177319,0.7867159842171799,0.7264913398809179,0.736082028311011,0.7654833874054234,0.7953533382016594,0.7664941274655885,0.8067414183666703,0.7613183705176918,0.7844832626982728,0.7643833934917889,0.7985618489065471,0.7876917235819076,0.7618465904944779,0.666531709208757,0.7685266894256163,0.7611379816986699,0.7672179266278112,0.7670408028101002,0.7426732414028132,0.7712390043912191,0.6973408669228238,0.6706531246826086,0.6258853046215034,0.7666713116470012,0.7933207377669457,0.7692346843600665,0.763985555872324,0.7784916205595397,0.7489232919505554,0.06868277139689982,0.7654704988897507,0.7243019313324214,1.0,0.7590917476574564,0.7588632064754846,0.6622683860409763,0.7719626968853472,0.7857651722329329,0.7419728639558818,0.7641506027801902,0.7895916982130093,0.781652526932689,0.7664390051601794,0.7353681444395854,0.7387394080128344,0.800391245493907,0.7730862915704679
0.7800618098669547,0.7756218809507078,0.7473988462287975,0.7483776038436539,0.746048076088274,0.7551987543422671,0.9133920285511697,0.7532257473929802,0.7695570555705313,0.7577907649131489,0.771305073441698,0.753674143237274,0.7753757555271058,0.7490060700619483,0.7552445145015992,0.9007813953268248,0.6939259508553072,0.787188220523092,0.7851311047583311,0.9207985935470544,0.7874823528169765,0.7614243943983082,0.7943846631607978,0.7262866134699617,0.6964611278175017,0.6439705927872516,0.7825704628024532,0.7480928414414915,0.7632069297453703,0.7707110910439408,0.7421675211421759,0.7696041136357717,0.07272771423553004,0.7860498003538321,0.7430433958860134,0.7590917476574564,1.0,0.770415967352529,0.6412580948208246,0.7737621878365346,0.7411959060383717,0.7578577567345155,0.7768931189762396,0.7541785239422336,0.7493197394715769,0.7563734293428843,0.7635621444585229,0.7672341653092155,0.750925015625004,0.768450071045852
0.7844870151924608,0.7999122865677002,0.7492921097934755,0.7512754951126197,0.7881173248535678,0.782935017424391,0.7746598765069346,0.7665757493616225,0.7684683198452128,0.7598615102202894,0.8193761709706061,0.7660496246282538,0.8253648743039872,0.7596879709234846,0.7579856218770091,0.7787338066537048,0.7216549505314582,0.8033973384530687,0.8068187523030192,0.7789614921149305,0.8127593638934183,0.7958217036880179,0.8256391480318074,0.748966533980312,0.7339282405877514,0.6889626151266888,0.8420286915401216,0.7626685794062318,0.7774021550120761,0.7650287005387364,0.7420675145052289,0.8119667484972343,0.07013040799074854,0.8171040381467076,0.7714290333834368,0.7588632064754846,0.770415967352529,1.0,0.6382726520473534,0.8332133519520384,0.7456629495006581,0.7853147774160467,0.8546259132387262,0.7683174571401818,0.7578518889773579,0.7652630525455563,0.8024227787253693,0.8014181187089444,0.7623544388757898,0.7746316774853784
0.6457543321388794,0.6252602827462856,0.6199479573622817,0.6662265669114622,0.6261814938116956,0.6328918659559397,0.6481968837485621,0.6751582355944226,0.6304068525733718,0.666261121813613,0.6288866911362132,0.6636960836718505,0.6308430595328417,0.6648096376024172,0.6565026023465814,0.6399273047424492,0.6068509192967946,0.6366682771451635,0.633733245222686,0.6417846816373508,0.6372614171112778,0.630756657500871,0.6453892156306354,0.6028368717061139,0.59923115182306,0.5793988854018925,0.6304874913176193,0.669425680243296,0.6365478016852137,0.6327493187520503,0.6546086082822244,0.629874193298864,0.05724895584096701,0.6494088416155761,0.6117075580031821,0.6622683860409763,0.6412580948208246,0.6382726520473534,1.0,0.6315842100737565,0.6572073765080391,0.621763206256302,0.6348717485927746,0.6797552214374674,0.6769238302172544,0.6329993340264563,0.6254412521451282,0.6239126052549759,0.6642858702775705,0.6379083144091187
