../ecoli_genomes/GCF_000163235.1_ASM16323v1_genomic.fna.gz,../ecoli_genomes/GCF_000164555.1_ASM16455v1_genomic.fna.gz,../ecoli_genomes/GCF_000208545.1_ASM20854v2_genomic.fna.gz,../ecoli_genomes/GCF_000233875.1_ASM23387v1_genomic.fna.gz,../ecoli_genomes/GCF_000249735.1_ASM24973v2_genomic.fna.gz,../ecoli_genomes/GCF_000261145.1_Esch_coli_M919_V2_genomic.fna.gz,../ecoli_genomes/GCF_000267705.2_ASM26770v2_genomic.fna.gz,../ecoli_genomes/GCF_000350665.1_Esch_coli_KTE5_V1_genomic.fna.gz,../ecoli_genomes/GCF_000351625.1_Esch_coli_KTE66_V1_genomic.fna.gz,../ecoli_genomes/GCF_000352285.1_Esch_coli_KTE46_V1_genomic.fna.gz,../ecoli_genomes/GCF_000358895.1_ASM35889v1_genomic.fna.gz,../ecoli_genomes/GCF_000456385.1_Esch_coli_HVH_26_4-5703913_V1_genomic.fna.gz,../ecoli_genomes/GCF_000458195.1_Esch_coli_HVH_147_4-5893887_V1_genomic.fna.gz,../ecoli_genomes/GCF_000459755.1_Esch_coli_KOEGE_58_171a_V1_genomic.fna.gz,../ecoli_genomes/GCF_000460055.1_Esch_coli_UMEA_3053-1_V1_genomic.fna.gz,../ecoli_genomes/GCF_000462165.2_ASM46216v2_genomic.fna.gz,../ecoli_genomes/GCF_000601135.1_ASM60113v1_genomic.fna.gz,../ecoli_genomes/GCF_000614595.1_Ec2010EL1058_genomic.fna.gz,../ecoli_genomes/GCF_000617745.1_Ec2010C-4529_genomic.fna.gz,../ecoli_genomes/GCF_000618265.2_EcF6751_genomic.fna.gz,../ecoli_genomes/GCF_000619005.2_Ec2009C-4052_genomic.fna.gz,../ecoli_genomes/GCF_000619105.1_Ec2009C-4780_genomic.fna.gz,../ecoli_genomes/GCF_000619765.2_Ec2009C-3279_genomic.fna.gz,../ecoli_genomes/GCF_000687005.1_ASM68700v1_genomic.fna.gz,../ecoli_genomes/GCF_000687025.1_ASM68702v1_genomic.fna.gz,../ecoli_genomes/GCF_000700125.1_ASM70012v1_genomic.fna.gz,../ecoli_genomes/GCF_000753315.1_FHI35_genomic.fna.gz,../ecoli_genomes/GCF_000776375.1_ASM77637v1_genomic.fna.gz,../ecoli_genomes/GCF_000779395.1_ASM77939v1_genomic.fna.gz,../ecoli_genomes/GCF_000780315.1_ASM78031v1_genomic.fna.gz,../ecoli_genomes/GCF_000781995.1_ASM78199v1_genomic.fna.gz,../ecoli_genomes/GCF_000986765.1_ASM98676v1_genomic.fna.gz,../ecoli_genomes/GCF_001041375.1_ViralProj287958_genomic.fna.gz,../ecoli_genomes/GCF_001265335.1_302014_genomic.fna.gz,../ecoli_genomes/GCF_001265625.1_100854_genomic.fna.gz,../ecoli_genomes/GCF_001267345.1_303289_genomic.fna.gz,../ecoli_genomes/GCF_001309985.1_ASM130998v1_genomic.fna.gz,../ecoli_genomes/GCF_001521695.1_ASM152169v1_genomic.fna.gz,../ecoli_genomes/GCF_001592595.1_ASM159259v1_genomic.fna.gz,../ecoli_genomes/GCF_001614975.1_ASM161497v1_genomic.fna.gz,../ecoli_genomes/GCF_001692775.1_ASM169277v1_genomic.fna.gz,../ecoli_genomes/GCF_001748915.1_ASM174891v1_genomic.fna.gz,../ecoli_genomes/GCF_001749235.1_ASM174923v1_genomic.fna.gz,../ecoli_genomes/GCF_001881155.1_ASM188115v1_genomic.fna.gz,../ecoli_genomes/GCF_001881345.1_ASM188134v1_genomic.fna.gz,../ecoli_genomes/GCF_001892405.1_ASM189240v1_genomic.fna.gz,../ecoli_genomes/GCF_001892585.1_ASM189258v1_genomic.fna.gz,../ecoli_genomes/GCF_001893985.1_ASM189398v1_genomic.fna.gz,../ecoli_genomes/GCF_002001595.1_ASM200159v1_genomic.fna.gz,../ecoli_genomes/GCF_002002145.1_ASM200214v1_genomic.fna.gz
1.0,0.309256111209982,0.2582678692189794,0.26890927808968945,0.28355318283737874,0.2928442851942942,0.3000820479147772,0.27945276325425084,0.377231318213072,0.28444816828309893,0.3086301043698997,0.27897123482518393,0.29895843329436,0.27023953094425535,0.2577083182067924,0.29658477738317457,0.28681256371063146,0.3015343812255925,0.2572679232577024,0.30173156217551267,0.29062753487061554,0.2803516812750656,0.30428196394667983,0.28343739591684536,0.2870217398510373,0.2684043298112143,0.30505027360302395,0.26903140217376464,0.3355363979499244,0.3847845038793105,0.25073170886299334,0.2977360101517298,0.0,0.3036133371382046,0.3014101264455037,0.26687110457978613,0.28638472164437234,0.3160069354404651,0.25334326508383875,0.30744178088245466,0.2537880688745896,0.29574715753702163,0.30618162223671996,0.2769971217546887,0.2871399575803656,0.3142695957428151,0.29580438706093104,0.2978451818088582,0.2627406296566992,0.338538109636511
0.309256111209982,1.0,0.23080699016653838,0.26424357798720954,0.36513970429417053,0.540792995777975,0.3439267182864981,0.26940569349799526,0.2904355623354704,0.2732422989768146,0.4190977261344604,0.27542923649298745,0.4035892129180988,0.2616671824730913,0.2528785117350558,0.3415049712958743,0.3908588023129431,0.4126574752676775,0.34856644698904404,0.34857904264335704,0.4000527078658215,0.37640086737534084,0.4081230676719756,0.4629267746165867,0.48720240264989134,0.32968517794953933,0.41485727643624204,0.2664078144826696,0.29530681961832494,0.3035610507171239,0.24841926629020317,0.386194323153374,0.0,0.40097741200397363,0.5658217095097211,0.2531911183023444,0.3275457499922737,0.4278293865204076,0.22512817028562981,0.4157787935780546,0.25285537164577543,0.4635682099947189,0.4119017047781466,0.2765957581467765,0.2757206153469367,0.2763781898410693,0.4850678744009356,0.48490085717813514,0.2707268284631258,0.29696375063545366
0.2582678692189794,0.23080699016653838,1.0,0.20476881405988456,0.19860354765930022,0.21126906664946432,0.21547844281961814,0.2076455187965034,0.2473075910219129,0.21129165265475713,0.2289333153945493,0.20706239284974104,0.21946045201139597,0.21046170394769392,0.20314823756884848,0.2131189112542553,0.18049209183578363,0.22107848516145812,0.1910340553099925,0.21780750866913134,0.22016281997449083,0.20895826286220986,0.2254928844238402,0.18510083247768483,0.19411940873883815,0.15034348983095447,0.22634919878383497,0.20886539194952758,0.2419865524812661,0.25557345885441163,0.19887755815390595,0.20911786743617866,0.0,0.22302157287676472,0.21458215184964258,0.20953294971067593,0.2049315909059265,0.22228078993102962,0.18569491459446774,0.2250971261004331,0.20463265953395526,0.21980266345154298,0.2288622695103365,0.21268461420571483,0.2067867392058229,0.23186816870900917,0.2253047450292902,0.22439259174141346,0.21620934081588083,0.24857294375209626
0.26890927808968945,0.26424357798720954,0.20476881405988456,1.0,0.28487612891792613,0.2565826869318878,0.2523515041411154,0.48595468057840074,0.2880572645077756,0.5322904243388736,0.25957108279377283,0.48935366057925833,0.27697593772978213,0.5417219812900427,0.5496659842319376,0.27077988170284106,0.23172460992695665,0.2553932397576477,0.2164634427296922,0.253110691387024,0.24948956334037398,0.23388473875562432,0.260416966863783,0.23426879433192715,0.25902103354165285,0.20499519328663662,0.25843421284746215,0.5098094685011343,0.29553477587843335,0.276959474538379,0.5050989251073574,0.2822351521637212,0.0,0.2501812945335007,0.25338145478679974,0.40988569367914496,0.25428548109900484,0.2572031714988412,0.40269105035325925,0.2522269057601306,0.5340204618557647,0.2507668993458434,0.2564450421411102,0.5118055588396733,0.5045912940475875,0.2902559749542044,0.2519266107418249,0.25320474791745107,0.44808888437096406,0.2990130136352924
0.28355318283737874,0.36513970429417053,0.19860354765930022,0.28487612891792613,1.0,0.3858482963881604,0.30860509233179967,0.26808697012792004,0.30013446895236395,0.29254774940564987,0.47687699483761625,0.241740120601316,0.4584216057998858,0.2540303219878688,0.28365335310490913,0.34598991121475187,0.3796774864881751,0.3842585131265879,0.33469652154589913,0.3096373855690092,0.39688121294373957,0.3664777618624877,0.4011637050418535,0.38983374473491095,0.4032516609464023,0.3199625941184907,0.4123499769492366,0.2365625123886147,0.2784567362268202,0.28929448079077247,0.2610375927968962,0.45876440968648513,0.0,0.4092555316525964,0.3821097059917511,0.23528153953998565,0.31646599617585314,0.4255489175107837,0.2245356340819198,0.42094905218033796,0.28065485107036914,0.3803832311836167,0.4234467445796085,0.24510897212931038,0.2516312700794133,0.25355279399049435,0.3878445235419171,0.3908455414853521,0.2389035567091966,0.2712410907237054
0.2928442851942942,0.540792995777975,0.21126906664946432,0.2565826869318878,0.3858482963881604,1.0,0.34769287173999497,0.26530542900700516,0.28949276432717663,0.2628359111499262,0.401762115982672,0.25207479467953353,0.3981549003473719,0.2536983081198866,0.24874158131043422,0.3471766182528273,0.39981432153812047,0.3999715839251611,0.34741266510424307,0.3466712168727111,0.38502986347639767,0.40094094778350664,0.3984628923337886,0.4708386040765036,0.4980246128416883,0.33223581004632086,0.39660134764774646,0.2507403638490956,0.2953915326806972,0.29455408460971266,0.24086723320993508,0.3899647340252802,0.0,0.40732308440816056,0.5526007290863784,0.2565366654186635,0.3343569673137893,0.4075709479920867,0.23379534943133062,0.4007530064696654,0.24977698792372593,0.4549952892275454,0.4050581322151344,0.2568939136997853,0.2555660085276723,0.2664278338531537,0.46478436388410116,0.46752303150909913,0.25223030326129947,0.29412686055468096
0.3000820479147772,0.3439267182864981,0.21547844281961814,0.2523515041411154,0.30860509233179967,0.34769287173999497,1.0,0.25873603296089587,0.2912617894919788,0.2547903968256673,0.35565184610861456,0.25030914287220885,0.3441728122454776,0.2490163524635074,0.2424895721612229,0.7455839180625092,0.2844247063250527,0.3758917030551332,0.3271299112798486,0.868004871804713,0.3755938312603262,0.35019140895413736,0.38834680795031495,0.2976511270640402,0.3090555509153964,0.24367082715859134,0.3579137585176655,0.25023368987535555,0.28197671851541184,0.2939440128151455,0.23516330682620434,0.3302842899514755,0.0,0.35891469354074024,0.3562763336965783,0.2635703930933164,0.7896883371649421,0.34260092399484,0.22727766763165802,0.35228691253817046,0.23689315392264554,0.34597819330695045,0.35362565636536947,0.25676602097232826,0.25685138255335893,0.2669931815090222,0.34491995503760575,0.34481451648938266,0.24801151551015688,0.291809450983307
0.27945276325425084,0.26940569349799526,0.2076455187965034,0.48595468057840074,0.26808697012792004,0.26530542900700516,0.25873603296089587,1.0,0.27840303102685104,0.49629943634220175,0.262472176259975,0.4708589406039527,0.27193206337844567,0.47694909912699446,0.46829148574742774,0.26413532348201085,0.23682586147333884,0.258675127331351,0.22950339439497125,0.25935858307966153,0.25486817007470064,0.2450693635331891,0.26594456921350695,0.2489803421276845,0.25327359173220587,0.21155756550908755,0.26017422421672665,0.6769236861124677,0.30403525640261364,0.27367306871445407,0.46850003154754183,0.26783018232577527,0.0,0.2656129385071725,0.25617181826490276,0.4035959986119717,0.24953834637628058,0.28106128306637945,0.39136958663194965,0.26249345050419426,0.47956642189843046,0.26404711818335447,0.2623925499237473,0.6861692210593544,0.6531799369892421,0.2902582433741938,0.25694287796430837,0.25806031031783194,0.4425885039793078,0.3030320121548534
0.377231318213072,0.2904355623354704,0.2473075910219129,0.2880572645077756,0.30013446895236395,0.28949276432717663,0.2912617894919788,0.27840303102685104,1.0,0.30337063680446796,0.30162790011703167,0.2604950601548466,0.31239883849339045,0.27722342634264385,0.28733602012965087,0.3074372886606994,0.24782099807202596,0.295787971507508,0.2483600143335144,0.29458905592131146,0.28669519314313463,0.27371127253842964,0.2981176802201857,0.2580433381589069,0.2677716389976068,0.21419978627142866,0.30169173107385394,0.2618025862332205,0.3289533184263418,0.40475503005480495,0.2763757899431796,0.29316211590647023,0.0,0.2916220646085096,0.28873489130642627,0.2735677870849408,0.2873441098656837,0.2914567010816892,0.23671341905083465,0.29937236437529746,0.2811361083104412,0.28642504023487425,0.301083083599206,0.264463181297632,0.260221941870888,0.310854960692453,0.2896282179379228,0.2892116175675815,0.2658196106395304,0.33784978256217
0.28444816828309893,0.2732422989768146,0.21129165265475713,0.5322904243388736,0.29254774940564987,0.2628359111499262,0.2547903968256673,0.49629943634220175,0.30337063680446796,1.0,0.27451238198106587,0.4718370250948355,0.2921057225921987,0.5121027761926611,0.5117334261888435,0.27554986389616454,0.22771289368117364,0.2620677370503649,0.22803000545096253,0.25642444683770393,0.2561216434983382,0.2443675824796655,0.26216905082363207,0.23348176882911542,0.2547549184993486,0.2025024784672036,0.26547242289067075,0.49394818893730097,0.30478670009318354,0.2910095042166957,0.5313140775933485,0.27520727092445185,0.0,0.25868389096285993,0.25754979720619453,0.4235176622458314,0.25500211050779886,0.2658048444979785,0.4130784939477935,0.26477429028994315,0.5416980717928876,0.25953144084406965,0.26275801631378615,0.497113598548347,0.4958357722873331,0.29540371747359206,0.2602305054503705,0.25955866670867367,0.4720329924543847,0.2989258246303066
0.3086301043698997,0.4190977261344604,0.2289333153945493,0.25957108279377283,0.47687699483761625,0.401762115982672,0.35565184610861456,0.262472176259975,0.30162790011703167,0.27451238198106587,1.0,0.2609563699303856,0.5091873586203688,0.26350547280493264,0.25771655889875167,0.35792697262056095,0.3285375332389847,0.47114225993727576,0.41578903812893453,0.35899641376188696,0.4749957361633168,0.4669238901116809,0.48547050988260443,0.35334695671707006,0.347705866482113,0.2851477200752125,0.4951301119311644,0.26489086395189787,0.2949381941932899,0.31090111516575436,0.25058352544339146,0.4421644810785724,0.0,0.4732911799877798,0.419062337584746,0.26721101645895806,0.34287106184989546,0.4750535797658787,0.23180918061425826,0.5120693079090333,0.25507419198788006,0.4316542631224879,0.49622528542314936,0.26268634468310614,0.2630009628451653,0.27808283863629624,0.42933852878718315,0.4276903461082424,0.2640570906447194,0.30073360160549223
0.27897123482518393,0.27542923649298745,0.20706239284974104,0.48935366057925833,0.241740120601316,0.25207479467953353,0.25030914287220885,0.4708589406039527,0.2604950601548466,0.4718370250948355,0.2609563699303856,1.0,0.2558849923432196,0.49379320317502473,0.5844719046728377,0.247783130562641,0.22218002377657042,0.24928900220799677,0.22182433728592899,0.25182048548234803,0.2511521298736731,0.24101198157710935,0.25882019902022313,0.23304735000375243,0.23691142505305673,0.1966998837704379,0.25422243451481963,0.48016440116457504,0.3115662511783096,0.2700428447820179,0.44456873648389994,0.25653573108269223,0.0,0.25577229570738913,0.25248998329058525,0.4005347347975592,0.23828396597317225,0.2631273709900246,0.3863281888187059,0.2584067505734605,0.4624546427578533,0.25336454533662534,0.25771910763292305,0.489846274429084,0.4863724666286784,0.2955749767357231,0.25743977561655706,0.25855859856038577,0.4353866957765147,0.2991063086601007
0.29895843329436,0.4035892129180988,0.21946045201139597,0.27697593772978213,0.4584216057998858,0.3981549003473719,0.3441728122454776,0.27193206337844567,0.31239883849339045,0.2921057225921987,0.5091873586203688,0.2558849923432196,1.0,0.2616055037808114,0.2787060066947843,0.3647358822386244,0.33321799044647604,0.4788527939909569,0.4967508819316271,0.3469200377604058,0.49989239752782944,0.5384349785063265,0.5351250220273593,0.3545673745032256,0.3575315181358676,0.28578963749808917,0.5303035963614078,0.25981548567043466,0.286684105285944,0.3155460218027999,0.262782339001701,0.5129169580982307,0.0,0.5258933089326892,0.4085296246923755,0.2547439910097845,0.34531440276788394,0.4976358276854558,0.2288325520353529,0.5271104745260929,0.27194449367367546,0.41718799521968863,0.522265845722687,0.2595084032531909,0.2559055787890264,0.26914444587511677,0.41594633405999415,0.4153966705103975,0.2536787875200255,0.29225207363044625
0.27023953094425535,0.2616671824730913,0.21046170394769392,0.5417219812900427,0.2540303219878688,0.2536983081198866,0.2490163524635074,0.47694909912699446,0.27722342634264385,0.5121027761926611,0.26350547280493264,0.49379320317502473,0.2616055037808114,1.0,0.5392210830714932,0.254549577412842,0.21259089851192325,0.2552713623139484,0.2211665342028517,0.2505749032168052,0.2454364950804837,0.23985763685733885,0.2586067966071758,0.21467239732463528,0.22870962142697338,0.1818283919451945,0.2577716039243275,0.5078579961233592,0.30383728685956146,0.2725684943737816,0.49516499480849596,0.2583944757325173,0.0,0.2512528892051443,0.24890878255352877,0.41381357595969603,0.2424751551961788,0.2577971861238483,0.4114179142367269,0.251606872235805,0.512653900094423,0.24793819556229735,0.25613080196224447,0.5049778088341789,0.49510915361687025,0.29409719737788487,0.2520808966125252,0.2524900788205795,0.45955563952095224,0.30388440339899037
0.2577083182067924,0.2528785117350558,0.20314823756884848,0.5496659842319376,0.28365335310490913,0.24874158131043422,0.2424895721612229,0.46829148574742774,0.28733602012965087,0.5117334261888435,0.25771655889875167,0.5844719046728377,0.2787060066947843,0.5392210830714932,1.0,0.26290588554741534,0.23064544476717108,0.2468756101080517,0.21083673003853398,0.2452965039855366,0.24328818701751076,0.23306206221260595,0.2559818949933338,0.22531812546409602,0.2474587459439045,0.198388344897225,0.25261882543125647,0.4774749125244878,0.2968718951947493,0.26991802257526,0.4988442560717695,0.2767147171188419,0.0,0.2485145972166114,0.24620279309312998,0.4028765973025963,0.24398956066310007,0.2519484463557725,0.3904243475574718,0.2483883397412635,0.5169360872165789,0.24691500308527725,0.25366139269689714,0.4776816640632042,0.4693053045958637,0.28895056151106235,0.2539972588435463,0.25395186018121063,0.43835795974859926,0.3032574403253586
0.29658477738317457,0.3415049712958743,0.2131189112542553,0.27077988170284106,0.34598991121475187,0.3471766182528273,0.7455839180625092,0.26413532348201085,0.3074372886606994,0.27554986389616454,0.35792697262056095,0.247783130562641,0.3647358822386244,0.254549577412842,0.26290588554741534,1.0,0.30024748574657123,0.35866691234607107,0.31403653436022894,0.7549656481819229,0.35566143423736407,0.34071229608269393,0.37182894416869294,0.3107301848523484,0.3330287680535765,0.2675732117417714,0.35020350810346124,0.2508397113074353,0.28225426195490844,0.3080532862172606,0.25287470805860646,0.3472213754725978,0.0,0.3511384733331965,0.3517990689006013,0.2568894896997791,0.7457760931877087,0.3416868069374881,0.22488149766975407,0.3473647346122123,0.25757283431392775,0.33948621853068417,0.34724950112838127,0.2531428487264178,0.2547429689509383,0.2670134226277926,0.34444834842095295,0.3449892944047869,0.2486015387877687,0.2893929274590553
0.28681256371063146,0.3908588023129431,0.18049209183578363,0.23172460992695665,0.3796774864881751,0.39981432153812047,0.2844247063250527,0.23682586147333884,0.24782099807202596,0.22771289368117364,0.3285375332389847,0.22218002377657042,0.33321799044647604,0.21259089851192325,0.23064544476717108,0.30024748574657123,1.0,0.31928530750126016,0.27274579312828684,0.28487480909906926,0.3194315450296399,0.30289803601853893,0.33074841829628,0.5233487340871081,0.49706536701871207,0.5419852032928296,0.3222541925406289,0.2102397719103436,0.2508692060149884,0.25471384890402704,0.2122480779964282,0.42031490867209675,0.0,0.34706415142143476,0.4251496690835116,0.21750798012832429,0.2814734390968111,0.33278791951322895,0.19511251694712695,0.33580151109938594,0.21382153147911875,0.36957617032441237,0.3321917749051254,0.23433160270229625,0.24165283451598285,0.2262523046040067,0.3845505939292816,0.39269587826768704,0.2039835154769778,0.24578528308964298
0.3015343812255925,0.4126574752676775,0.22107848516145812,0.2553932397576477,0.3842585131265879,0.3999715839251611,0.3758917030551332,0.258675127331351,0.295787971507508,0.2620677370503649,0.47114225993727576,0.24928900220799677,0.4788527939909569,0.2552713623139484,0.2468756101080517,0.35866691234607107,0.31928530750126016,1.0,0.46217572890292535,0.37791015685559204,0.5127216740602913,0.4807247877101566,0.519102295638679,0.34056079408440354,0.34382247978803937,0.27503089383965285,0.4975323335019538,0.25592974687404024,0.2873386591455963,0.3025914600704209,0.24090557727115813,0.4366606391619311,0.0,0.47893189614710374,0.4112992775754952,0.2683395965000581,0.3585810084748715,0.4606423612949365,0.23167591918032504,0.49296478135287647,0.24182404532315183,0.41632451275064264,0.4841685148526499,0.25738674387849947,0.25475127966606903,0.2676988123464331,0.42036291747554455,0.41937636940167644,0.2516177885945614,0.2933635393948637
0.2572679232577024,0.34856644698904404,0.1910340553099925,0.2164634427296922,0.33469652154589913,0.34741266510424307,0.3271299112798486,0.22950339439497125,0.2483600143335144,0.22803000545096253,0.41578903812893453,0.22182433728592899,0.4967508819316271,0.2211665342028517,0.21083673003853398,0.31403653436022894,0.27274579312828684,0.46217572890292535,1.0,0.3247133065163602,0.44748626885122744,0.4996434741526078,0.45194741225103285,0.291825967764326,0.29854714627431933,0.2336449725779881,0.43406486718145076,0.22586248452293878,0.24872927170681702,0.26002611401965314,0.20698279760187066,0.4382863522245555,0.0,0.42643155778425046,0.35367693287269575,0.22749148123780927,0.309017051508084,0.40707975231031057,0.19875594017543652,0.4325638349595796,0.20965868829275847,0.3551999395728791,0.4247627424663585,0.22869833241034943,0.22708966986001,0.23376625590373878,0.35856920202527587,0.3591227803503406,0.2146261678190784,0.25416786646886436
0.30173156217551267,0.34857904264335704,0.21780750866913134,0.253110691387024,0.3096373855690092,0.3466712168727111,0.868004871804713,0.25935858307966153,0.29458905592131146,0.25642444683770393,0.35899641376188696,0.25182048548234803,0.3469200377604058,0.2505749032168052,0.2452965039855366,0.7549656481819229,0.28487480909906926,0.37791015685559204,0.3247133065163602,1.0,0.37725207530016014,0.3507817970338306,0.3869265424641344,0.29658498773963304,0.3106798625044138,0.24478176795633166,0.36047333245237967,0.25184787262014496,0.28514481892801236,0.29648378453557256,0.23809849002124694,0.3320295309490777,0.0,0.3591878661894038,0.3556409251854791,0.2637404811062032,0.7783756328046805,0.34529819144076923,0.2258747996669509,0.3559291164847701,0.23973363091341393,0.3484868284713305,0.35617418876617446,0.2560016192375223,0.25495072758111714,0.270578820939102,0.3483285817651435,0.34808897841670916,0.25032031825054835,0.2947225953817594
0.29062753487061554,0.4000527078658215,0.22016281997449083,0.24948956334037398,0.39688121294373957,0.38502986347639767,0.3755938312603262,0.25486817007470064,0.28669519314313463,0.2561216434983382,0.4749957361633168,0.2511521298736731,0.49989239752782944,0.2454364950804837,0.24328818701751076,0.35566143423736407,0.3194315450296399,0.5127216740602913,0.44748626885122744,0.37725207530016014,1.0,0.4920424802144763,0.5376114048960844,0.33917204235284226,0.34058006931491314,0.27835044925596586,0.507900906144932,0.2523276507435439,0.2775412887566926,0.297176528979034,0.23388037319289823,0.45967289252909405,0.0,0.5087525023251619,0.40494970331409164,0.262646268748151,0.35710013236425475,0.47944760172211265,0.22421427687513173,0.5125535834669922,0.24166797105054638,0.3981605601084789,0.4963683803820801,0.2551900544528386,0.2544221399868646,0.2710852733397917,0.41463094444156245,0.41395765251081895,0.24630241442167844,0.2886957636645897
0.2803516812750656,0.37640086737534084,0.20895826286220986,0.23388473875562432,0.3664777618624877,0.40094094778350664,0.35019140895413736,0.2450693635331891,0.27371127253842964,0.2443675824796655,0.4669238901116809,0.24101198157710935,0.5384349785063265,0.23985763685733885,0.23306206221260595,0.34071229608269393,0.30289803601853893,0.4807247877101566,0.4996434741526078,0.3507817970338306,0.4920424802144763,1.0,0.6737803580450143,0.3170649728389555,0.3193450380866596,0.25476794267545144,0.48350304782905795,0.2432542496709218,0.2692255588332727,0.2819364999085009,0.22541624086873413,0.4590785049752011,0.0,0.6033830175509904,0.37742948745985383,0.2461272771160754,0.33528142062500543,0.4553891361340363,0.21737823904545495,0.4892367120678368,0.22694279737014267,0.37695242668771733,0.482460804980948,0.24499899149171078,0.24129558690607977,0.2556034300505683,0.38128640718830753,0.38069508715045175,0.23597334430336314,0.2769124215033
0.30428196394667983,0.4081230676719756,0.2254928844238402,0.260416966863783,0.4011637050418535,0.3984628923337886,0.38834680795031495,0.26594456921350695,0.2981176802201857,0.26216905082363207,0.48547050988260443,0.25882019902022313,0.5351250220273593,0.2586067966071758,0.2559818949933338,0.37182894416869294,0.33074841829628,0.519102295638679,0.45194741225103285,0.3869265424641344,0.5376114048960844,0.6737803580450143,1.0,0.34283739488790843,0.3539859082475567,0.2761964157290576,0.5267894654364551,0.2615074671759956,0.29028688737776365,0.29799605504412485,0.24429096585127008,0.473891684949612,0.0,0.6471815860954258,0.40942140451097364,0.2701321123811449,0.3693095302633087,0.48853880465824195,0.23762960197745753,0.5231108491508838,0.24894255100076979,0.4071039821339405,0.5141927343554091,0.26366256651427133,0.2631026176829986,0.27303336657305444,0.40701222292079986,0.40698840481608944,0.2530533981696189,0.2966273790093218
0.28343739591684536,0.4629267746165867,0.18510083247768483,0.23426879433192715,0.38983374473491095,0.4708386040765036,0.2976511270640402,0.2489803421276845,0.2580433381589069,0.23348176882911542,0.35334695671707006,0.23304735000375243,0.3545673745032256,0.21467239732463528,0.22531812546409602,0.3107301848523484,0.5233487340871081,0.34056079408440354,0.291825967764326,0.29658498773963304,0.33917204235284226,0.3170649728389555,0.34283739488790843,1.0,0.5447856508717073,0.42921754747387153,0.34330930024215456,0.2153647967121709,0.2585457590911068,0.264814405298054,0.2107159927007779,0.40298967994293455,0.0,0.35999194802497514,0.500595986857227,0.22015987673374648,0.29116301242582854,0.3524271757843298,0.1998678267649776,0.34727648675505907,0.21759155236231342,0.39699692276432885,0.3447012054511195,0.24032337866018005,0.2478306033854466,0.2379688583575178,0.39476016694638316,0.4030902469521245,0.2138131731399603,0.2548357949006257
0.2870217398510373,0.48720240264989134,0.19411940873883815,0.25902103354165285,0.4032516609464023,0.4980246128416883,0.3090555509153964,0.25327359173220587,0.2677716389976068,0.2547549184993486,0.347705866482113,0.23691142505305673,0.3575315181358676,0.22870962142697338,0.2474587459439045,0.3330287680535765,0.49706536701871207,0.34382247978803937,0.29854714627431933,0.3106798625044138,0.34058006931491314,0.3193450380866596,0.3539859082475567,0.5447856508717073,1.0,0.45861028270751747,0.34854927377623235,0.22175722439728485,0.25539062260483614,0.2668542414912425,0.23146195231520528,0.4269561699041745,0.0,0.3549964750108817,0.5141456375346392,0.22638703669402183,0.3196943725680086,0.36174682687829307,0.20642967413818902,0.349685655815024,0.2389532050598262,0.3970586211120134,0.36210180355907395,0.25503808226001223,0.25958044098510746,0.2429865574978879,0.40670538736324047,0.4147749826831427,0.22894937042669095,0.25691558298140516
0.2684043298112143,0.32968517794953933,0.15034348983095447,0.20499519328663662,0.3199625941184907,0.33223581004632086,0.24367082715859134,0.21155756550908755,0.21419978627142866,0.2025024784672036,0.2851477200752125,0.1966998837704379,0.28578963749808917,0.1818283919451945,0.198388344897225,0.2675732117417714,0.5419852032928296,0.27503089383965285,0.2336449725779881,0.24478176795633166,0.27835044925596586,0.25476794267545144,0.2761964157290576,0.42921754747387153,0.45861028270751747,1.0,0.27425597663868584,0.17660807584629112,0.19903923028293147,0.22526408248671714,0.18530609339358772,0.34686419557050574,0.0,0.2890678310678968,0.3581966594660554,0.18284117975922065,0.24810554474371826,0.2885571377358923,0.17176045410539154,0.29116400612482873,0.18951638955214434,0.31499248779159006,0.2791224159321073,0.21048526010128266,0.21225186717444333,0.1960902391489041,0.3229673874434674,0.3324041035509837,0.18084485739467404,0.21218370055539326
0.30505027360302395,0.41485727643624204,0.22634919878383497,0.25843421284746215,0.4123499769492366,0.39660134764774646,0.3579137585176655,0.26017422421672665,0.30169173107385394,0.26547242289067075,0.4951301119311644,0.25422243451481963,0.5303035963614078,0.2577716039243275,0.25261882543125647,0.35020350810346124,0.3222541925406289,0.4975323335019538,0.43406486718145076,0.36047333245237967,0.507900906144932,0.48350304782905795,0.5267894654364551,0.34330930024215456,0.34854927377623235,0.27425597663868584,1.0,0.2548504268648595,0.29270757543785364,0.305841192271222,0.24630550829243336,0.47951259165877735,0.0,0.505469006311926,0.4085380620774167,0.26261675621994984,0.3428523654183713,0.5948816931139815,0.22320189258856504,0.5445007285328409,0.24966034976598095,0.4148386080663192,0.6227984588223883,0.2605889484895132,0.25270365262918504,0.2801492017596514,0.41970175684422373,0.4190415514973347,0.25817829209208676,0.3008033799737472
0.26903140217376464,0.2664078144826696,0.20886539194952758,0.5098094685011343,0.2365625123886147,0.2507403638490956,0.25023368987535555,0.6769236861124677,0.2618025862332205,0.49394818893730097,0.26489086395189787,0.48016440116457504,0.25981548567043466,0.5078579961233592,0.4774749125244878,0.2508397113074353,0.2102397719103436,0.25592974687404024,0.22586248452293878,0.25184787262014496,0.2523276507435439,0.2432542496709218,0.2615074671759956,0.2153647967121709,0.22175722439728485,0.17660807584629112,0.2548504268648595,1.0,0.3065763104624123,0.2685460093508175,0.46937000252985317,0.2551453023045326,0.0,0.25468955644341307,0.25087372982536604,0.4044798157579471,0.24109219254695025,0.27195153764967905,0.3891019625003055,0.253933644641294,0.48495799942323925,0.25358271736881843,0.25425199444410096,0.7820328157666397,0.7378592437423903,0.28632794754649427,0.25582459732130647,0.25477548657442795,0.4581704334808534,0.2944377223221981
0.3355363979499244,0.29530681961832494,0.2419865524812661,0.29553477587843335,0.2784567362268202,0.2953915326806972,0.28197671851541184,0.30403525640261364,0.3289533184263418,0.30478670009318354,0.2949381941932899,0.3115662511783096,0.286684105285944,0.30383728685956146,0.2968718951947493,0.28225426195490844,0.2508692060149884,0.2873386591455963,0.24872927170681702,0.28514481892801236,0.2775412887566926,0.2692255588332727,0.29028688737776365,0.2585457590911068,0.25539062260483614,0.19903923028293147,0.29270757543785364,0.3065763104624123,1.0,0.32765551053660624,0.2866854484148551,0.2830411356176241,0.0,0.2899588612971732,0.2808212775000902,0.29802090546771787,0.2708179425688375,0.2951894503331347,0.2506304315439496,0.2889679014337361,0.28720812589508005,0.28002009241424297,0.2876122249212789,0.302540763325551,0.3037350096132775,0.3943753562978005,0.2826584603181388,0.28214106343375356,0.29453392452630855,0.620663291969924
0.3847845038793105,0.3035610507171239,0.25557345885441163,0.276959474538379,0.28929448079077247,0.29455408460971266,0.2939440128151455,0.27367306871445407,0.40475503005480495,0.2910095042166957,0.31090111516575436,0.2700428447820179,0.3155460218027999,0.2725684943737816,0.26991802257526,0.3080532862172606,0.25471384890402704,0.3025914600704209,0.26002611401965314,0.29648378453557256,0.297176528979034,0.2819364999085009,0.29799605504412485,0.264814405298054,0.2668542414912425,0.22526408248671714,0.305841192271222,0.2685460093508175,0.32765551053660624,1.0,0.2644254557606758,0.2890154765803534,0.0,0.2964221493848185,0.29979284021382957,0.2682316807748336,0.2902740030749066,0.30096067373984703,0.2365749980332732,0.3108812961024483,0.27113816841364957,0.2932399086675117,0.30787739386347623,0.2711472144943877,0.2658755720797079,0.32512879097011094,0.3053943176363597,0.3060159519023111,0.27242956735005897,0.3427746796674934
0.25073170886299334,0.24841926629020317,0.19887755815390595,0.5050989251073574,0.2610375927968962,0.24086723320993508,0.23516330682620434,0.46850003154754183,0.2763757899431796,0.5313140775933485,0.25058352544339146,0.44456873648389994,0.262782339001701,0.49516499480849596,0.4988442560717695,0.25287470805860646,0.2122480779964282,0.24090557727115813,0.20698279760187066,0.23809849002124694,0.23388037319289823,0.22541624086873413,0.24429096585127008,0.2107159927007779,0.23146195231520528,0.18530609339358772,0.24630550829243336,0.46937000252985317,0.2866854484148551,0.2644254557606758,1.0,0.2543802058247646,0.0,0.24119003526099336,0.23467568466359612,0.3976718416806846,0.23685960097946357,0.24500402724410952,0.3737298447517745,0.24314210863194197,0.6638245357924685,0.23752953081238537,0.2438364864721383,0.4707626657564824,0.4602735676445089,0.27975215935454745,0.24137846509824057,0.24051812951589924,0.4370924149447125,0.28061828581749426
0.2977360101517298,0.386194323153374,0.20911786743617866,0.2822351521637212,0.45876440968648513,0.3899647340252802,0.3302842899514755,0.26783018232577527,0.29316211590647023,0.27520727092445185,0.4421644810785724,0.25653573108269223,0.5129169580982307,0.2583944757325173,0.2767147171188419,0.3472213754725978,0.42031490867209675,0.4366606391619311,0.4382863522245555,0.3320295309490777,0.45967289252909405,0.4590785049752011,0.473891684949612,0.40298967994293455,0.4269561699041745,0.34686419557050574,0.47951259165877735,0.2551453023045326,0.2830411356176241,0.2890154765803534,0.2543802058247646,1.0,0.0,0.46668806050051426,0.3961285443059541,0.24267799063752848,0.3308021868113151,0.4758581916047866,0.22526837609114625,0.48393464521305984,0.26091178682425153,0.3870219055349907,0.4885277284772336,0.26130438631219666,0.26751884980967,0.2594179965409391,0.403661237825904,0.40776987746047044,0.2385528590595778,0.27764153179410445
0.0,0.0,0.0,0.0,0.0,0.0,0.0,0.0,0.0,0.0,0.0,0.0,0.0,0.0,0.0,0.0,0.0,0.0,0.0,0.0,0.0,0.0,0.0,0.0,0.0,0.0,0.0,0.0,0.0,0.0,0.0,0.0,1.0,0.0,0.0,0.0,0.0,0.0,0.0,0.0,0.0,0.0,0.0,0.0,0.0,0.0,0.0,0.0,0.0,0.0
0.3036133371382046,0.40097741200397363,0.22302157287676472,0.2501812945335007,0.4092555316525964,0.40732308440816056,0.35891469354074024,0.2656129385071725,0.2916220646085096,0.25868389096285993,0.4732911799877798,0.25577229570738913,0.5258933089326892,0.2512528892051443,0.2485145972166114,0.3511384733331965,0.34706415142143476,0.47893189614710374,0.42643155778425046,0.3591878661894038,0.5087525023251619,0.6033830175509904,0.6471815860954258,0.35999194802497514,0.3549964750108817,0.2890678310678968,0.505469006311926,0.25468955644341307,0.2899588612971732,0.2964221493848185,0.24119003526099336,0.46668806050051426,0.0,1.0,0.41200692987727006,0.274266062432136,0.34103778952005903,0.4814549207910911,0.2418946416152704,0.5109725671914799,0.2433160694434391,0.4026502604416381,0.5049669540245527,0.2597715091368371,0.25911057163691364,0.2685318617117911,0.4070675485210834,0.40791860989367723,0.24890106943079993,0.2970800602116779
0.3014101264455037,0.5658217095097211,0.21458215184964258,0.25338145478679974,0.3821097059917511,0.5526007290863784,0.3562763336965783,0.25617181826490276,0.28873489130642627,0.25754979720619453,0.419062337584746,0.25248998329058525,0.4085296246923755,0.24890878255352877,0.24620279309312998,0.3517990689006013,0.4251496690835116,0.4112992775754952,0.35367693287269575,0.3556409251854791,0.40494970331409164,0.37742948745985383,0.40942140451097364,0.500595986857227,0.5141456375346392,0.3581966594660554,0.4085380620774167,0.25087372982536604,0.2808212775000902,0.29979284021382957,0.23467568466359612,0.3961285443059541,0.0,0.41200692987727006,1.0,0.24971681012317704,0.3377093356636389,0.4031112822982832,0.22259428533347125,0.4145744699078795,0.24189306625127782,0.4650970473115694,0.41573289706327654,0.25681078423542014,0.25860887853933623,0.2645213086984801,0.47472305261498726,0.47612621873304395,0.24813970040976163,0.2872706644087232
0.26687110457978613,0.2531911183023444,0.20953294971067593,0.40988569367914496,0.23528153953998565,0.2565366654186635,0.2635703930933164,0.4035959986119717,0.2735677870849408,0.4235176622458314,0.26721101645895806,0.4005347347975592,0.2547439910097845,0.41381357595969603,0.4028765973025963,0.2568894896997791,0.21750798012832429,0.2683395965000581,0.22749148123780927,0.2637404811062032,0.262646268748151,0.2461272771160754,0.2701321123811449,0.22015987673374648,0.22638703669402183,0.18284117975922065,0.26261675621994984,0.4044798157579471,0.29802090546771787,0.2682316807748336,0.3976718416806846,0.24267799063752848,0.0,0.274266062432136,0.24971681012317704,1.0,0.2511497691628901,0.2535982357982539,0.39540618948483397,0.26084965375946134,0.4055693390920707,0.2591791179566676,0.2572867295389034,0.40920658980199365,0.4066387838513664,0.28683304286140987,0.2537381236574837,0.25362406056934683,0.4088325016556742,0.30287734446242554
0.28638472164437234,0.3275457499922737,0.2049315909059265,0.25428548109900484,0.31646599617585314,0.3343569673137893,0.7896883371649421,0.24953834637628058,0.2873441098656837,0.25500211050779886,0.34287106184989546,0.23828396597317225,0.34531440276788394,0.2424751551961788,0.24398956066310007,0.7457760931877087,0.2814734390968111,0.3585810084748715,0.309017051508084,0.7783756328046805,0.35710013236425475,0.33528142062500543,0.3693095302633087,0.29116301242582854,0.3196943725680086,0.24810554474371826,0.3428523654183713,0.24109219254695025,0.2708179425688375,0.2902740030749066,0.23685960097946357,0.3308021868113151,0.0,0.34103778952005903,0.3377093356636389,0.2511497691628901,1.0,0.3280820772608767,0.21550450685550837,0.3312732433229375,0.2385946765077952,0.3283618474572345,0.3422338280265209,0.24138895769847757,0.24213819795693148,0.25339365439658135,0.3303303667288552,0.3299442549278192,0.23423452995362493,0.2765180751830211
0.3160069354404651,0.4278293865204076,0.22228078993102962,0.2572031714988412,0.4255489175107837,0.4075709479920867,0.34260092399484,0.28106128306637945,0.2914567010816892,0.2658048444979785,0.4750535797658787,0.2631273709900246,0.4976358276854558,0.2577971861238483,0.2519484463557725,0.3416868069374881,0.33278791951322895,0.4606423612949365,0.40707975231031057,0.34529819144076923,0.47944760172211265,0.4553891361340363,0.48853880465824195,0.3524271757843298,0.36174682687829307,0.2885571377358923,0.5948816931139815,0.27195153764967905,0.2951894503331347,0.30096067373984703,0.24500402724410952,0.4758581916047866,0.0,0.4814549207910911,0.4031112822982832,0.2535982357982539,0.3280820772608767,1.0,0.23106665668629234,0.5191007676336811,0.24909041638009,0.41246342918773216,0.6273523064702284,0.2791465464558479,0.2680221499382469,0.2780840418201076,0.42981869241571347,0.4302863287555839,0.2674644580081781,0.2966429965248406
0.25334326508383875,0.22512817028562981,0.18569491459446774,0.40269105035325925,0.2245356340819198,0.23379534943133062,0.22727766763165802,0.39136958663194965,0.23671341905083465,0.4130784939477935,0.23180918061425826,0.3863281888187059,0.2288325520353529,0.4114179142367269,0.3904243475574718,0.22488149766975407,0.19511251694712695,0.23167591918032504,0.19875594017543652,0.2258747996669509,0.22421427687513173,0.21737823904545495,0.23762960197745753,0.1998678267649776,0.20642967413818902,0.17176045410539154,0.22320189258856504,0.3891019625003055,0.2506304315439496,0.2365749980332732,0.3737298447517745,0.22526837609114625,0.0,0.2418946416152704,0.22259428533347125,0.39540618948483397,0.21550450685550837,0.23106665668629234,1.0,0.2281219264711768,0.38972372424324997,0.2338790588604962,0.22859010629950338,0.3949863385962432,0.39800021669962193,0.2459863420584184,0.22699792759298776,0.22706548779327118,0.3835399794305906,0.25696837183252796
0.30744178088245466,0.4157787935780546,0.2250971261004331,0.2522269057601306,0.42094905218033796,0.4007530064696654,0.35228691253817046,0.26249345050419426,0.29937236437529746,0.26477429028994315,0.5120693079090333,0.2584067505734605,0.5271104745260929,0.251606872235805,0.2483883397412635,0.3473647346122123,0.33580151109938594,0.49296478135287647,0.4325638349595796,0.3559291164847701,0.5125535834669922,0.4892367120678368,0.5231108491508838,0.34727648675505907,0.349685655815024,0.29116400612482873,0.5445007285328409,0.253933644641294,0.2889679014337361,0.3108812961024483,0.24314210863194197,0.48393464521305984,0.0,0.5109725671914799,0.4145744699078795,0.26084965375946134,0.3312732433229375,0.5191007676336811,0.2281219264711768,1.0,0.24583780553852153,0.42159465865305523,0.5407112488741375,0.25937209418829743,0.2582582466969705,0.2815144521848971,0.4395687160871402,0.4392850442150785,0.2550799547300251,0.30250048448576117
