../ecoli_genomes/GCF_000163235.1_ASM16323v1_genomic.fna.gz,../ecoli_genomes/GCF_000164555.1_ASM16455v1_genomic.fna.gz,../ecoli_genomes/GCF_000208545.1_ASM20854v2_genomic.fna.gz,../ecoli_genomes/GCF_000233875.1_ASM23387v1_genomic.fna.gz,../ecoli_genomes/GCF_000249735.1_ASM24973v2_genomic.fna.gz,../ecoli_genomes/GCF_000261145.1_Esch_coli_M919_V2_genomic.fna.gz,../ecoli_genomes/GCF_000267705.2_ASM26770v2_genomic.fna.gz,../ecoli_genomes/GCF_000350665.1_Esch_coli_KTE5_V1_genomic.fna.gz,../ecoli_genomes/GCF_000351625.1_Esch_coli_KTE66_V1_genomic.fna.gz,../ecoli_genomes/GCF_000352285.1_Esch_coli_KTE46_V1_genomic.fna.gz,../ecoli_genomes/GCF_000358895.1_ASM35889v1_genomic.fna.gz,../ecoli_genomes/GCF_000456385.1_Esch_coli_HVH_26_4-5703913_V1_genomic.fna.gz,../ecoli_genomes/GCF_000458195.1_Esch_coli_HVH_147_4-5893887_V1_genomic.fna.gz,../ecoli_genomes/GCF_000459755.1_Esch_coli_KOEGE_58_171a_V1_genomic.fna.gz,../ecoli_genomes/GCF_000460055.1_Esch_coli_UMEA_3053-1_V1_genomic.fna.gz,../ecoli_genomes/GCF_000462165.2_ASM46216v2_genomic.fna.gz,../ecoli_genomes/GCF_000601135.1_ASM60113v1_genomic.fna.gz,../ecoli_genomes/GCF_000614595.1_Ec2010EL1058_genomic.fna.gz,../ecoli_genomes/GCF_000617745.1_Ec2010C-4529_genomic.fna.gz,../ecoli_genomes/GCF_000618265.2_EcF6751_genomic.fna.gz,../ecoli_genomes/GCF_000619005.2_Ec2009C-4052_genomic.fna.gz,../ecoli_genomes/GCF_000619105.1_Ec2009C-4780_genomic.fna.gz,../ecoli_genomes/GCF_000619765.2_Ec2009C-3279_genomic.fna.gz,../ecoli_genomes/GCF_000687005.1_ASM68700v1_genomic.fna.gz,../ecoli_genomes/GCF_000687025.1_ASM68702v1_genomic.fna.gz,../ecoli_genomes/GCF_000700125.1_ASM70012v1_genomic.fna.gz,../ecoli_genomes/GCF_000753315.1_FHI35_genomic.fna.gz,../ecoli_genomes/GCF_000776375.1_ASM77637v1_genomic.fna.gz,../ecoli_genomes/GCF_000779395.1_ASM77939v1_genomic.fna.gz,../ecoli_genomes/GCF_000780315.1_ASM78031v1_genomic.fna.gz,../ecoli_genomes/GCF_000781995.1_ASM78199v1_genomic.fna.gz,../ecoli_genomes/GCF_000986765.1_ASM98676v1_genomic.fna.gz,../ecoli_genomes/GCF_001041375.1_ViralProj287958_genomic.fna.gz,../ecoli_genomes/GCF_001265335.1_302014_genomic.fna.gz,../ecoli_genomes/GCF_001265625.1_100854_genomic.fna.gz,../ecoli_genomes/GCF_001267345.1_303289_genomic.fna.gz,../ecoli_genomes/GCF_001309985.1_ASM130998v1_genomic.fna.gz,../ecoli_genomes/GCF_001521695.1_ASM152169v1_genomic.fna.gz,../ecoli_genomes/GCF_001592595.1_ASM159259v1_genomic.fna.gz,../ecoli_genomes/GCF_001614975.1_ASM161497v1_genomic.fna.gz,../ecoli_genomes/GCF_001692775.1_ASM169277v1_genomic.fna.gz,../ecoli_genomes/GCF_001748915.1_ASM174891v1_genomic.fna.gz,../ecoli_genomes/GCF_001749235.1_ASM174923v1_genomic.fna.gz,../ecoli_genomes/GCF_001881155.1_ASM188115v1_genomic.fna.gz,../ecoli_genomes/GCF_001881345.1_ASM188134v1_genomic.fna.gz,../ecoli_genomes/GCF_001892405.1_ASM189240v1_genomic.fna.gz,../ecoli_genomes/GCF_001892585.1_ASM189258v1_genomic.fna.gz,../ecoli_genomes/GCF_001893985.1_ASM189398v1_genomic.fna.gz,../ecoli_genomes/GCF_002001595.1_ASM200159v1_genomic.fna.gz,../ecoli_genomes/GCF_002002145.1_ASM200214v1_genomic.fna.gz
1.0,0.38315611661098703,0.3138950054635895,0.33672750044129585,0.33823106022906846,0.3599907871342717,0.36017366995208655,0.3456453890619232,0.43795878268696875,0.35167629728795724,0.382558112778306,0.34915710716920323,0.3649958713664907,0.3346441314643388,0.324526177839379,0.35677842988650055,0.342791358642081,0.3677387844966977,0.3174976917829745,0.35991051790494155,0.34996667504133117,0.33281603595341425,0.3745620270318377,0.357576525065734,0.33741200547444494,0.32893810150135916,0.36718711682599803,0.3362302058536657,0.3916077685461593,0.43715394035076893,0.31792352120162715,0.3572272773114856,0.0,0.35991180618215823,0.36586055305139886,0.33078581255039075,0.34482436076788425,0.3636212448816164,0.30329801243357046,0.37492085390578334,0.32487349274832267,0.36318703649225714,0.3715982235082368,0.3400047483527102,0.3499462497872792,0.36775370746741753,0.36170036986844734,0.36572996469805463,0.32763862387210274,0.39630917484926786
0.38315611661098703,1.0,0.2875497638802287,0.32555247058354697,0.41214412216008767,0.5269149671036528,0.39932899570138725,0.33178592243954763,0.34803562050668035,0.3359820946213923,0.47538602227085314,0.33366535645445927,0.45281702296910264,0.3205747802469232,0.309149807783587,0.39711600184849094,0.47479883709732174,0.4604443987789879,0.3860344939259618,0.40063056343684655,0.4457547096083204,0.39916114628749066,0.4602031615685803,0.5464678802679739,0.5259111577394224,0.4683502384470096,0.4584662026573605,0.33234445749375585,0.3551800040671278,0.3590831677970283,0.3076474685037661,0.44665282517984906,0.0,0.44299817855515544,0.5789897132681183,0.3128203489282311,0.37858566647778613,0.45822549192725814,0.28578887769531136,0.4664810355921124,0.31070536016278405,0.48553406365692287,0.46341884084634877,0.3421378418141686,0.34102132682668485,0.3361272181637506,0.5116743532021174,0.511256742326335,0.333567916809841,0.35239001504323486
0.3138950054635895,0.2875497638802287,1.0,0.2594526241764761,0.24852730398334755,0.2575400866669141,0.27521015953711314,0.2658850403274887,0.2945184400321099,0.27151548963044947,0.29720154044367153,0.25957228213677663,0.2806322586336315,0.26503334501684883,0.2555495735117067,0.27623966272467115,0.2580075825381868,0.2834257937354928,0.23973667014425126,0.27787542529223197,0.2761656710864492,0.25524922881122325,0.28472369393388197,0.2578726694224256,0.2519455667555941,0.24793153712697924,0.28326007199296377,0.26945550823472475,0.3000260667122946,0.3048130129981541,0.24977993502214957,0.27083040286120985,0.0,0.27600813617662523,0.2706557236873618,0.263231337175046,0.2627661128217067,0.27455424177586996,0.23519273965095255,0.2922774088289847,0.257059548852861,0.2768493428587282,0.2878783826747645,0.2724282890024029,0.26649645100871056,0.2798067360007831,0.28711200421218974,0.285668583692792,0.2761270448245453,0.30370360552644016
0.33672750044129585,0.32555247058354697,0.2594526241764761,1.0,0.3182147004351865,0.30931196468396094,0.3111167979151811,0.5250619280944888,0.3361816083298771,0.5550226454127339,0.325855729258931,0.5360574525575237,0.3225109796199005,0.5799950564054352,0.5969044785195259,0.3169623330457313,0.3170627336551457,0.31375631002736826,0.27399675775141996,0.31199631333452404,0.30469807865713583,0.28233149719736594,0.3249776376827148,0.3054159746596832,0.3100679982049165,0.3011605316011299,0.3168400819884819,0.5478160725469607,0.35055712250429283,0.32818234221119846,0.531277522117728,0.3331420998161989,0.0,0.3003323807356706,0.3151800824451798,0.4472518062023886,0.30451804931684,0.3052234516552982,0.43781575564572384,0.3119495825242834,0.5625922857174197,0.312249099546255,0.3178185760295147,0.5593278404477879,0.5438573416717718,0.342247607418554,0.31400067499034023,0.3186388851772275,0.48537146004772047,0.3599356889083428
0.33823106022906846,0.41214412216008767,0.24852730398334755,0.3182147004351865,1.0,0.420501514356035,0.3488675184466892,0.31031539412450615,0.33307727464820636,0.3202887219532423,0.5092293055335736,0.299807448410106,0.48040101108609257,0.30315402597095686,0.3190626269416418,0.37089167395207545,0.4316571256631613,0.4270815201092323,0.37718062538422326,0.35134378229598495,0.4382686292486345,0.3851621869328178,0.439797400799518,0.43727133613094515,0.40579060730878835,0.4351401892489778,0.4420999609281351,0.29034576372087184,0.32966481945641635,0.33076673865247774,0.294519459561823,0.46384462312936015,0.0,0.4327107337944879,0.41781159904926324,0.2840713266717211,0.3511220620680885,0.4626938589176166,0.2865727649204355,0.46080168964261237,0.3146355441974684,0.4263949672797801,0.4612000365208505,0.2968549910433952,0.2983297603342032,0.3080561993839652,0.430247367188229,0.432955634961407,0.28822273181851166,0.3204031200091624
0.3599907871342717,0.5269149671036528,0.2575400866669141,0.30931196468396094,0.420501514356035,1.0,0.39128383669637745,0.32290303331928805,0.33230021343050553,0.31277265514997576,0.458925882557647,0.3074627485439624,0.4249929857895013,0.30386460044024577,0.29472937303181956,0.40541341099397477,0.45630593412843223,0.43756582377780795,0.37891393905136883,0.38459596976260424,0.41765685025248933,0.4655452096587478,0.43338884437833713,0.5012480142098512,0.5094941603789793,0.4928967075267594,0.41928971079263155,0.3108252698457685,0.3344161812728911,0.32934848304670283,0.28578663963389217,0.44311099387373154,0.0,0.42624677450517845,0.5425238496709431,0.3077079983794375,0.3690684728081798,0.43043649380481086,0.29609647967679653,0.4342331909655579,0.29644186274045103,0.4761895157253143,0.4348547282333358,0.3142695499311985,0.31552417365471086,0.31247670587569576,0.4783726902380444,0.4824674214712289,0.3020382509937912,0.3382645312916873
0.36017366995208655,0.39932899570138725,0.27521015953711314,0.3111167979151811,0.3488675184466892,0.39128383669637745,1.0,0.31568087557643054,0.34364159920867865,0.3116112286973822,0.4159405053658699,0.3047628562750814,0.39241350600132197,0.3082728290320531,0.2950692165721447,0.7571126500922998,0.3772261829814796,0.44421796397276636,0.3760372160079962,0.8648806266682277,0.4397367753596808,0.3894665350749611,0.44659226949041075,0.386195776272774,0.3667067213722057,0.36776313835225694,0.4079147594456223,0.3083646614324004,0.3357663082732012,0.339098977471032,0.291769011787382,0.3942410770775847,0.0,0.40380613268635956,0.4105641123174347,0.32212531058247496,0.7930459517485362,0.381365181407487,0.2949050547551747,0.40377499837405384,0.29348842954243615,0.390849934513959,0.41192626701547985,0.3139284946587294,0.3126665882798053,0.3197118291948525,0.3868340013814845,0.38698375750899094,0.30109905941688675,0.3467078684107825
0.3456453890619232,0.33178592243954763,0.2658850403274887,0.5250619280944888,0.31031539412450615,0.32290303331928805,0.31568087557643054,1.0,0.3313693907496337,0.5328082843589799,0.3302985545974174,0.5121537443466777,0.3324738162795159,0.515309008812912,0.5097979172395661,0.3162962997643063,0.3101622013370774,0.3191847317132752,0.28474850353560077,0.3153503688777647,0.3109963417265833,0.2929454407674572,0.32872686662067274,0.31862095706184024,0.2957190166538113,0.3016177180064076,0.32488880057042535,0.6982690755262626,0.3605874964993733,0.3296564615014017,0.5010154307523162,0.3246577336635589,0.0,0.3187077301662896,0.32075212392278074,0.443229941083944,0.3033695644004484,0.3292675484709716,0.4282123858673149,0.3279797833232868,0.5113564257621357,0.3246934296965214,0.32710503189390605,0.7062517071062764,0.6793614565582183,0.3374538078927003,0.31568702040380037,0.3180005874887032,0.4813365051007351,0.36050777468323403
0.43795878268696875,0.34803562050668035,0.2945184400321099,0.3361816083298771,0.33307727464820636,0.33230021343050553,0.34364159920867865,0.3313693907496337,1.0,0.3447312879343205,0.36188622405806314,0.3174553195557691,0.3560916130145384,0.32780946966862423,0.3315370130696078,0.3530551618811377,0.3290440984676626,0.34781197940317987,0.29428212261886355,0.34752925455950967,0.3368592851287858,0.30706072134352935,0.3494044458493508,0.33832234890448354,0.31977236112952634,0.31947941825195747,0.3519354678201697,0.3160867112459472,0.3705887399189818,0.45416341959793016,0.320403662531751,0.3427579686865575,0.0,0.33179563261408307,0.3407905186339817,0.32193826468890596,0.33489542463027144,0.33208836388538254,0.28731339557510593,0.3553091026703513,0.3282563437544973,0.3427443498700725,0.3595303449243378,0.3244748789534505,0.31752335172963986,0.3531350243566408,0.3417106436034355,0.34398054655145704,0.31831217301506454,0.38038839571260374
0.35167629728795724,0.3359820946213923,0.27151548963044947,0.5550226454127339,0.3202887219532423,0.31277265514997576,0.3116112286973822,0.5328082843589799,0.3447312879343205,1.0,0.33993873373873695,0.5079224938907492,0.3379074282647343,0.5360135101793126,0.5336653437582555,0.3184585119491171,0.306888688045295,0.31861934787355695,0.27562087364638876,0.31315955481300417,0.30790195283798816,0.2871687662990763,0.3199563045874807,0.31033532748473347,0.3021360822143757,0.30172170371589213,0.3267281898768445,0.5313788468297267,0.36110226122713074,0.3384423356943813,0.5503246844551712,0.3196392638778759,0.0,0.3094562152518521,0.31711584523338676,0.4561532452315641,0.30351343664620367,0.3149824353395104,0.4426974197373479,0.32804469777037726,0.5564489275483226,0.31873140977421965,0.3249092646016105,0.5390050515542598,0.5370386144274071,0.3392087224003535,0.3192773679541391,0.3195381396692256,0.50993377865831,0.3566588547127959
0.382558112778306,0.47538602227085314,0.29720154044367153,0.325855729258931,0.5092293055335736,0.458925882557647,0.4159405053658699,0.3302985545974174,0.36188622405806314,0.33993873373873695,1.0,0.3244365947723282,0.5609716899401522,0.3283143369184467,0.31666464178045484,0.42556189476253903,0.42762751009920164,0.5309058780471837,0.4515104363145348,0.4192582613682334,0.5178968715780685,0.4942235238688174,0.5352372098839875,0.4557908353968221,0.4254474502984935,0.4491674021319342,0.5424099598224179,0.3303841846860157,0.35812172511963525,0.36940814455278603,0.312356243122333,0.49375336217737453,0.0,0.5103074795078516,0.48136818649968505,0.3309104566627684,0.3964160701873426,0.5178628371697073,0.29294099533384,0.5720771304284265,0.31487759066711496,0.4845942246177214,0.551060258939293,0.331712709569812,0.32711723445620644,0.3402722620948053,0.4887952186898611,0.48697467123581095,0.32998212107954794,0.36307385552446436
0.34915710716920323,0.33366535645445927,0.25957228213677663,0.5360574525575237,0.299807448410106,0.3074627485439624,0.3047628562750814,0.5121537443466777,0.3174553195557691,0.5079224938907492,0.3244365947723282,1.0,0.3152363045416612,0.5187459408724457,0.6098941882108893,0.3074060532085926,0.301561095775994,0.30716655088589007,0.2732651194855459,0.3039030290405269,0.30401845165944397,0.2856765017395776,0.3136841365174806,0.30694922996390017,0.2900153514145235,0.2965471027859302,0.31044546350937796,0.509198592101999,0.3612482918610024,0.3207776768308871,0.46960190097801713,0.30932831156516505,0.0,0.3014088518252741,0.3150035062336688,0.4278437969869906,0.2912245434603268,0.31329249807717385,0.42758352951465417,0.32132731092890976,0.4912722188728701,0.3077986144083923,0.31742719651553253,0.5194124614025221,0.5172511863748893,0.3417733123340916,0.3100511794333881,0.3136841365174806,0.46196854227710704,0.3512153659741092
0.3649958713664907,0.45281702296910264,0.2806322586336315,0.3225109796199005,0.48040101108609257,0.4249929857895013,0.39241350600132197,0.3324738162795159,0.3560916130145384,0.3379074282647343,0.5609716899401522,0.3152363045416612,1.0,0.3147021117936897,0.32317524319071045,0.40617649695227886,0.41788798646863,0.5182541718747686,0.5225134427198388,0.3965624156279517,0.5277060484857486,0.5361302931819746,0.5735593553422025,0.4381144801715128,0.40350818195329896,0.41101931591377994,0.5684032079811862,0.32023203473383566,0.34913024385754177,0.3663389006355172,0.3066029335122973,0.5379312175495745,0.0,0.5528160124249062,0.45421891658845637,0.3090897595852934,0.3889172560280647,0.5383022939528138,0.2933677607970746,0.5721624284259449,0.3150918136580705,0.456623756523995,0.556347845375798,0.32108410395182774,0.3145295051094247,0.3224022890470808,0.46224728741856413,0.46037855675792727,0.31604883759973534,0.3478134905633433
0.3346441314643388,0.3205747802469232,0.26503334501684883,0.5799950564054352,0.30315402597095686,0.30386460044024577,0.3082728290320531,0.515309008812912,0.32780946966862423,0.5360135101793126,0.3283143369184467,0.5187459408724457,0.3147021117936897,1.0,0.5740308047336311,0.30846805272535616,0.30460967676992534,0.3146714030682698,0.27179212676804776,0.3113190731293619,0.3022902053616463,0.2826597368002548,0.32293714372145865,0.2944603052420103,0.28956870599033346,0.28751107119392494,0.3186042883436965,0.5470652938439273,0.3559021943427749,0.3211495994728839,0.5268922677868761,0.3153231497799297,0.0,0.30549467774387884,0.3100584381032302,0.44050481553987053,0.2979542854240358,0.310089636616266,0.42296825405455984,0.3155344648201204,0.5406219402950467,0.3132478253221138,0.3204252709169281,0.5487586465216276,0.5361684814618338,0.3477316632508136,0.315183793730908,0.31842216214526,0.4876464792998323,0.36133849507763893
0.324526177839379,0.309149807783587,0.2555495735117067,0.5969044785195259,0.3190626269416418,0.29472937303181956,0.2950692165721447,0.5097979172395661,0.3315370130696078,0.5336653437582555,0.31666464178045484,0.6098941882108893,0.32317524319071045,0.5740308047336311,1.0,0.30213498303600894,0.30986301715143083,0.30269006258513775,0.26212375594706905,0.2974227113230523,0.2926124585411125,0.2722279263289309,0.31393191551810284,0.2948516427864841,0.2905535823301708,0.2906220695217133,0.3095093175001733,0.5198150662836709,0.34758156026813836,0.3200854102651536,0.5246591086369795,0.3213629572948945,0.0,0.2951923508369696,0.30222826579564377,0.43789786089932115,0.2921735573511858,0.30175517139833685,0.43535424952875823,0.3088567909180897,0.5490962992328493,0.3070096376273186,0.31433377865948575,0.5252683364332739,0.5124427183751254,0.336560198300496,0.3124300856196107,0.3163101666432713,0.47180341319706287,0.362436294005981
0.35677842988650055,0.39711600184849094,0.27623966272467115,0.3169623330457313,0.37089167395207545,0.40541341099397477,0.7571126500922998,0.3162962997643063,0.3530551618811377,0.3184585119491171,0.42556189476253903,0.3074060532085926,0.40617649695227886,0.30846805272535616,0.30213498303600894,1.0,0.3810865442805411,0.4239227060417865,0.36830693144307747,0.7701680149319845,0.41694812383012403,0.4075275271945701,0.43249985067456287,0.38929226701413355,0.3715961198870813,0.3886936121009281,0.4017025937799822,0.30922171253870123,0.3339555483051504,0.35306642716576964,0.29320545867209624,0.39083025075525524,0.0,0.39325565065385104,0.4026115074969632,0.3160430750975981,0.7393792201927635,0.3853290284088766,0.28386687754629325,0.40254696701953063,0.3009560996617856,0.38662051887831794,0.4074625947008924,0.31004047237127597,0.30748942194324613,0.32085105888421717,0.3879371835471904,0.3857955685854332,0.30492066396813644,0.3432728551795029
0.342791358642081,0.47479883709732174,0.2580075825381868,0.3170627336551457,0.4316571256631613,0.45630593412843223,0.3772261829814796,0.3101622013370774,0.3290440984676626,0.306888688045295,0.42762751009920164,0.301561095775994,0.41788798646863,0.30460967676992534,0.30986301715143083,0.3810865442805411,1.0,0.4172010778022952,0.3592773286557488,0.3736473101640506,0.40998062917469447,0.3742349206706028,0.4338304515779441,0.5273036792558627,0.5058499587187018,0.540623285416166,0.4135802276028464,0.29662151998405417,0.3237417907115534,0.32632867127859666,0.28668021216810613,0.4723217904903073,0.0,0.4225848820139029,0.4822414407789333,0.29923676101326435,0.36792242208133574,0.4012202064216104,0.28176871238639456,0.42106198203730294,0.2968315707570962,0.45178320343974876,0.421765890481133,0.3067797009851434,0.31511770755281876,0.3089730313771021,0.47607356442594684,0.48067056070624603,0.29236118625334806,0.32656559896317616
0.3677387844966977,0.4604443987789879,0.2834257937354928,0.31375631002736826,0.4270815201092323,0.43756582377780795,0.44421796397276636,0.3191847317132752,0.34781197940317987,0.31861934787355695,0.5309058780471837,0.30716655088589007,0.5182541718747686,0.3146714030682698,0.30269006258513775,0.4239227060417865,0.4172010778022952,1.0,0.4912505944441853,0.4423017992031407,0.5492806065361222,0.4933058881851903,0.5601528769057589,0.43462443002777074,0.4041339499096911,0.40552869006390146,0.5374018654785307,0.3132960973435298,0.34835595528007546,0.35239004300072796,0.30019593010442247,0.48936740097281695,0.0,0.5095339160737182,0.4646004255990718,0.3286461053109673,0.4212710932551006,0.4874659447967008,0.29391536169578525,0.5328871942934876,0.2993960706159402,0.4627319494568566,0.5282646307057064,0.31726103720044585,0.31387828181842825,0.323778235338785,0.45941936653023807,0.4587060472869908,0.30660623442947965,0.3551579241384244
0.3174976917829745,0.3860344939259618,0.23973667014425126,0.27399675775141996,0.37718062538422326,0.37891393905136883,0.3760372160079962,0.28474850353560077,0.29428212261886355,0.27562087364638876,0.4515104363145348,0.2732651194855459,0.5225134427198388,0.27179212676804776,0.26212375594706905,0.36830693144307747,0.3592773286557488,0.4912505944441853,1.0,0.3725825458623139,0.471052014524287,0.5042404644313919,0.4763778751605534,0.37302669131086774,0.35272647560611414,0.3483399447211414,0.4694936445403133,0.27548431189657585,0.2941216344649006,0.30213739779578264,0.25696872915790625,0.4756361592184314,0.0,0.45976879724813613,0.398164094939343,0.28119890563943073,0.36135905527030265,0.4560199038432806,0.2608419036788612,0.45709489436387973,0.2607155974338178,0.3921782409506944,0.4528043913840132,0.28177726989460095,0.2796325516402165,0.2849550292847538,0.38981695374037173,0.39023849243736297,0.2661095759792863,0.30205575546781915
0.35991051790494155,0.40063056343684655,0.27787542529223197,0.31199631333452404,0.35134378229598495,0.38459596976260424,0.8648806266682277,0.3153503688777647,0.34752925455950967,0.31315955481300417,0.4192582613682334,0.3039030290405269,0.3965624156279517,0.3113190731293619,0.2974227113230523,0.7701680149319845,0.3736473101640506,0.4423017992031407,0.3725825458623139,1.0,0.4398594713624996,0.385538339635333,0.44506440840062833,0.38392951241709083,0.36562501966896466,0.36417840918298205,0.41160494866219255,0.3099588050110703,0.3381859037897056,0.3449548628259185,0.2951060020014614,0.39177331449037345,0.0,0.4028147961569516,0.408305740943508,0.31891530429185455,0.8043399715958822,0.3845667495698748,0.28514539058081456,0.4090006582333101,0.2955985743896419,0.3918824545044022,0.4138741395338409,0.3126581218339587,0.30999137405889887,0.3240003720728406,0.3917273252079605,0.39145759180976925,0.3051828770555659,0.34950222948060616
0.34996667504133117,0.4457547096083204,0.2761656710864492,0.30469807865713583,0.4382686292486345,0.41765685025248933,0.4397367753596808,0.3109963417265833,0.3368592851287858,0.30790195283798816,0.5178968715780685,0.30401845165944397,0.5277060484857486,0.3022902053616463,0.2926124585411125,0.41694812383012403,0.40998062917469447,0.5492806065361222,0.471052014524287,0.4398594713624996,1.0,0.4864641887916711,0.5680060108020992,0.42598495210605103,0.39625991507255964,0.4051134087738324,0.5392613967991546,0.309672909436407,0.3376553975685559,0.3468331615706183,0.28829227851569306,0.499036519587159,0.0,0.517464332649044,0.45334345548500066,0.316920127176891,0.41668415266403047,0.4999074541716416,0.27937114186317347,0.5391330464885201,0.2925207502140852,0.4360400502090792,0.530195252283783,0.3131825661948263,0.3110384098359099,0.3219731183450081,0.4583897371056266,0.4567036705656996,0.303885747092979,0.34284033075917686
0.33281603595341425,0.39916114628749066,0.25524922881122325,0.28233149719736594,0.3851621869328178,0.4655452096587478,0.3894665350749611,0.2929454407674572,0.30706072134352935,0.2871687662990763,0.4942235238688174,0.2856765017395776,0.5361302931819746,0.2826597368002548,0.2722279263289309,0.4075275271945701,0.3742349206706028,0.4933058881851903,0.5042404644313919,0.385538339635333,0.4864641887916711,1.0,0.62097624113349,0.37480218561002476,0.37415718050451674,0.41399989753340016,0.48588952618682735,0.2944309727789207,0.30275852619667254,0.312240879950752,0.2631975738428841,0.4847828822156377,0.0,0.5568892477607792,0.40610528525217515,0.29103706837091814,0.3679175051207634,0.46986429955727327,0.26271197439403104,0.49687713391698296,0.26461255959635044,0.3977450702570082,0.48041668239530555,0.2934276157598419,0.291328890730736,0.2886382503275148,0.4058884221553729,0.40483937321066976,0.2782169014469683,0.3157853761277565
0.3745620270318377,0.4602031615685803,0.28472369393388197,0.3249776376827148,0.439797400799518,0.43338884437833713,0.44659226949041075,0.32872686662067274,0.3494044458493508,0.3199563045874807,0.5352372098839875,0.3136841365174806,0.5735593553422025,0.32293714372145865,0.31393191551810284,0.43249985067456287,0.4338304515779441,0.5601528769057589,0.4763778751605534,0.44506440840062833,0.5680060108020992,0.62097624113349,1.0,0.4339150718623992,0.4145687276000113,0.4064884426664057,0.5587798529899402,0.32380598236725033,0.3523018892912274,0.3536009166727516,0.3016976528844445,0.5194663083779492,0.0,0.633711329533673,0.4607568984044673,0.32660168941565404,0.4287407345370936,0.5135222184672004,0.2970261966151766,0.5510147756611774,0.3052647911266154,0.45288454332838957,0.5435889411728008,0.33000961228210846,0.3259632557868162,0.3306786030699804,0.460633423662566,0.4605400091749202,0.31833299049231367,0.35592169956593134
0.357576525065734,0.5464678802679739,0.2578726694224256,0.3054159746596832,0.43727133613094515,0.5012480142098512,0.386195776272774,0.31862095706184024,0.33832234890448354,0.31033532748473347,0.4557908353968221,0.30694922996390017,0.4381144801715128,0.2944603052420103,0.2948516427864841,0.38929226701413355,0.5273036792558627,0.43462443002777074,0.37302669131086774,0.38392951241709083,0.42598495210605103,0.37480218561002476,0.4339150718623992,1.0,0.5308366302857097,0.532956673303701,0.42946006119199887,0.30038335295850327,0.33711399376094875,0.3403628020001066,0.2859726262874399,0.4429217336550567,0.0,0.42431417065921373,0.5590503794410482,0.3019473439704502,0.37304006040185267,0.4132723574558933,0.285765714710997,0.4308386949384738,0.29625308531356565,0.4710602295990842,0.43068141959041917,0.3061799779703528,0.31188557868313116,0.30833614327371106,0.47696535397088147,0.4751450919496769,0.29859785149173323,0.3311102093811099
0.33741200547444494,0.5259111577394224,0.2519455667555941,0.3100679982049165,0.40579060730878835,0.5094941603789793,0.3667067213722057,0.2957190166538113,0.31977236112952634,0.3021360822143757,0.4254474502984935,0.2900153514145235,0.40350818195329896,0.28956870599033346,0.2905535823301708,0.3715961198870813,0.5058499587187018,0.4041339499096911,0.35272647560611414,0.36562501966896466,0.39625991507255964,0.37415718050451674,0.4145687276000113,0.5308366302857097,1.0,0.5241473279689086,0.39948767572755517,0.28323835346256376,0.31236671699856655,0.3171321237286494,0.28012541367295185,0.4562823535296612,0.0,0.39409271036390114,0.5401449809942895,0.28623280001730467,0.3534231702467687,0.397567134372768,0.27717469797388183,0.40338212841918775,0.28719832962078107,0.43622101705426763,0.4120297308094859,0.30265309152855746,0.3039052055726281,0.3098718514548847,0.4536158149351275,0.45869250523930427,0.2945053129277728,0.31118618220211425
0.32893810150135916,0.4683502384470096,0.24793153712697924,0.3011605316011299,0.4351401892489778,0.4928967075267594,0.36776313835225694,0.3016177180064076,0.31947941825195747,0.30172170371589213,0.4491674021319342,0.2965471027859302,0.41101931591377994,0.28751107119392494,0.2906220695217133,0.3886936121009281,0.540623285416166,0.40552869006390146,0.3483399447211414,0.36417840918298205,0.4051134087738324,0.41399989753340016,0.4064884426664057,0.532956673303701,0.5241473279689086,1.0,0.4036915710445045,0.2843640980531933,0.31231612543333975,0.320512100035622,0.28030744125223517,0.43966015828503735,0.0,0.3895817901752473,0.4832680942631795,0.2859545103717278,0.3538318581168479,0.397372315410387,0.2711762991678698,0.41794857056415347,0.2864741823300556,0.4496167311099999,0.4076390085387195,0.3005819216796828,0.2994539887403175,0.2964940922087126,0.457802320903966,0.4601723112548164,0.28848972840032094,0.3084712858842622
0.36718711682599803,0.4584662026573605,0.28326007199296377,0.3168400819884819,0.4420999609281351,0.41928971079263155,0.4079147594456223,0.32488880057042535,0.3519354678201697,0.3267281898768445,0.5424099598224179,0.31044546350937796,0.5684032079811862,0.3186042883436965,0.3095093175001733,0.4017025937799822,0.4135802276028464,0.5374018654785307,0.4694936445403133,0.41160494866219255,0.5392613967991546,0.48588952618682735,0.5587798529899402,0.42946006119199887,0.39948767572755517,0.4036915710445045,1.0,0.3167932258948337,0.3492015825078155,0.3534166701786392,0.3057678829215398,0.5197604705564042,0.0,0.5256206330552231,0.4528049656137859,0.31439918965631675,0.3930788143686731,0.5918524532207592,0.2781051776910407,0.5722097215998039,0.3085958917085392,0.45286407821233576,0.6339992628578183,0.32618022598023866,0.3157484479317444,0.3305073586406816,0.4548438951263277,0.45386220842135083,0.31884208933426894,0.35119042677687184
0.3362302058536657,0.33234445749375585,0.26945550823472475,0.5478160725469607,0.29034576372087184,0.3108252698457685,0.3083646614324004,0.6982690755262626,0.3160867112459472,0.5313788468297267,0.3303841846860157,0.509198592101999,0.32023203473383566,0.5470652938439273,0.5198150662836709,0.30922171253870123,0.29662151998405417,0.3132960973435298,0.27548431189657585,0.3099588050110703,0.309672909436407,0.2944309727789207,0.32380598236725033,0.30038335295850327,0.28323835346256376,0.2843640980531933,0.3167932258948337,1.0,0.358602583102112,0.317402166652906,0.49998618301186604,0.3196207391070871,0.0,0.3109526220307306,0.3131483323857355,0.44315518480026905,0.2947831382435637,0.31937876456027414,0.4252134149392164,0.3197235206202319,0.5131759927916082,0.31238879980537904,0.3170905301341824,0.7902227361328783,0.7623165642120391,0.332005698441042,0.31652911358825586,0.3159298650381801,0.4970928941169357,0.35211249763333496
0.3916077685461593,0.3551800040671278,0.3000260667122946,0.35055712250429283,0.32966481945641635,0.3344161812728911,0.3357663082732012,0.3605874964993733,0.3705887399189818,0.36110226122713074,0.35812172511963525,0.3612482918610024,0.34913024385754177,0.3559021943427749,0.34758156026813836,0.3339555483051504,0.3237417907115534,0.34835595528007546,0.2941216344649006,0.3381859037897056,0.3376553975685559,0.30275852619667254,0.3523018892912274,0.33711399376094875,0.31236671699856655,0.31231612543333975,0.3492015825078155,0.358602583102112,1.0,0.3651118694528789,0.33625408331203055,0.33547966340698976,0.0,0.34209234404642797,0.3397277799888314,0.3455255645508657,0.3199926244854262,0.34305555251657927,0.3073012660792994,0.35615264204024455,0.3384008332980659,0.3334259250482695,0.3478163724495227,0.35600220642656744,0.3534446463240717,0.42372901251011996,0.33854362693747475,0.3388125050838531,0.3494051031608708,0.6294047423180935
0.43715394035076893,0.3590831677970283,0.3048130129981541,0.32818234221119846,0.33076673865247774,0.32934848304670283,0.339098977471032,0.3296564615014017,0.45416341959793016,0.3384423356943813,0.36940814455278603,0.3207776768308871,0.3663389006355172,0.3211495994728839,0.3200854102651536,0.35306642716576964,0.32632867127859666,0.35239004300072796,0.30213739779578264,0.3449548628259185,0.3468331615706183,0.312240879950752,0.3536009166727516,0.3403628020001066,0.3171321237286494,0.320512100035622,0.3534166701786392,0.317402166652906,0.3651118694528789,1.0,0.3154487226696727,0.3381655357298742,0.0,0.33432485104541954,0.3527131191965567,0.3181122279433958,0.33205587275221715,0.3404730307374716,0.2807257564271265,0.3700520376329295,0.3260065386782337,0.34574350901328144,0.36071747268090404,0.32415112116011835,0.31831888670186437,0.36834617739321107,0.35630812789028266,0.3574564800900206,0.3190777013289203,0.3795347583451445
0.31792352120162715,0.3076474685037661,0.24977993502214957,0.531277522117728,0.294519459561823,0.28578663963389217,0.291769011787382,0.5010154307523162,0.320403662531751,0.5503246844551712,0.312356243122333,0.46960190097801713,0.3066029335122973,0.5268922677868761,0.5246591086369795,0.29320545867209624,0.28668021216810613,0.30019593010442247,0.25696872915790625,0.2951060020014614,0.28829227851569306,0.2631975738428841,0.3016976528844445,0.2859726262874399,0.28012541367295185,0.28030744125223517,0.3057678829215398,0.49998618301186604,0.33625408331203055,0.3154487226696727,1.0,0.30098364515017784,0.0,0.291145309800634,0.29576370982869593,0.42446473241481064,0.2846545155546547,0.2940535161133121,0.39973816330206935,0.3047020366862424,0.6595464947920118,0.3010492821395042,0.3063163621217917,0.5078176930614938,0.49826943458715944,0.32444444679765194,0.3017235956366341,0.3040358202596011,0.46577130770551667,0.3369976862405687
0.3572272773114856,0.44665282517984906,0.27083040286120985,0.3331420998161989,0.46384462312936015,0.44311099387373154,0.3942410770775847,0.3246577336635589,0.3427579686865575,0.3196392638778759,0.49375336217737453,0.30932831156516505,0.5379312175495745,0.3153231497799297,0.3213629572948945,0.39083025075525524,0.4723217904903073,0.48936740097281695,0.4756361592184314,0.39177331449037345,0.499036519587159,0.4847828822156377,0.5194663083779492,0.4429217336550567,0.4562823535296612,0.43966015828503735,0.5197604705564042,0.3196207391070871,0.33547966340698976,0.3381655357298742,0.30098364515017784,1.0,0.0,0.5038841821848548,0.4399193618179701,0.3057900477097635,0.38680281758690926,0.5086944326209171,0.2992340723432909,0.5247303387192185,0.3080414696540674,0.44917217182584335,0.5278840626494765,0.32108958638116014,0.32743947674754226,0.32209211010245964,0.45572385516073355,0.4602633440760854,0.2971494865702009,0.3328642718759913
0.0,0.0,0.0,0.0,0.0,0.0,0.0,0.0,0.0,0.0,0.0,0.0,0.0,0.0,0.0,0.0,0.0,0.0,0.0,0.0,0.0,0.0,0.0,0.0,0.0,0.0,0.0,0.0,0.0,0.0,0.0,0.0,1.0,0.0,0.0,0.0,0.0,0.0,0.0,0.0,0.0,0.0,0.0,0.0,0.0,0.0,0.0,0.0,0.0,0.0
0.35991180618215823,0.44299817855515544,0.27600813617662523,0.3003323807356706,0.4327107337944879,0.42624677450517845,0.40380613268635956,0.3187077301662896,0.33179563261408307,0.3094562152518521,0.5103074795078516,0.3014088518252741,0.5528160124249062,0.30549467774387884,0.2951923508369696,0.39325565065385104,0.4225848820139029,0.5095339160737182,0.45976879724813613,0.4028147961569516,0.517464332649044,0.5568892477607792,0.633711329533673,0.42431417065921373,0.39409271036390114,0.3895817901752473,0.5256206330552231,0.3109526220307306,0.34209234404642797,0.33432485104541954,0.291145309800634,0.5038841821848548,0.0,1.0,0.4447459883198285,0.322941436241856,0.3873680124547487,0.502521748045742,0.2991481959499296,0.5313829107332908,0.2892504439478981,0.4444008729422543,0.5349275498005577,0.31361524088777737,0.3146332564503366,0.31389732970283024,0.44632352997859603,0.44592005440089366,0.302361029348863,0.3463903611808916
0.36586055305139886,0.5789897132681183,0.2706557236873618,0.3151800824451798,0.41781159904926324,0.5425238496709431,0.4105641123174347,0.32075212392278074,0.3407905186339817,0.31711584523338676,0.48136818649968505,0.3150035062336688,0.45421891658845637,0.3100584381032302,0.30222826579564377,0.4026115074969632,0.4822414407789333,0.4646004255990718,0.398164094939343,0.408305740943508,0.45334345548500066,0.40610528525217515,0.4607568984044673,0.5590503794410482,0.5401449809942895,0.4832680942631795,0.4528049656137859,0.3131483323857355,0.3397277799888314,0.3527131191965567,0.29576370982869593,0.4399193618179701,0.0,0.4447459883198285,1.0,0.3127136970356894,0.38404088734083575,0.4374816581631097,0.295277338066814,0.46388441779826606,0.2996235662353077,0.49493232318001334,0.467936657795063,0.31564683596536647,0.3176803615547824,0.32276333948230806,0.5061518992307554,0.5058347465711582,0.31066700315398244,0.34212329882661907
0.33078581255039075,0.3128203489282311,0.263231337175046,0.4472518062023886,0.2840713266717211,0.3077079983794375,0.32212531058247496,0.443229941083944,0.32193826468890596,0.4561532452315641,0.3309104566627684,0.4278437969869906,0.3090897595852934,0.44050481553987053,0.43789786089932115,0.3160430750975981,0.29923676101326435,0.3286461053109673,0.28119890563943073,0.31891530429185455,0.316920127176891,0.29103706837091814,0.32660168941565404,0.3019473439704502,0.28623280001730467,0.2859545103717278,0.31439918965631675,0.44315518480026905,0.3455255645508657,0.3181122279433958,0.42446473241481064,0.3057900477097635,0.0,0.322941436241856,0.3127136970356894,1.0,0.30873180051728855,0.2990928229335106,0.419314319129211,0.31909695946627314,0.4330591698831874,0.31198711842665094,0.3119837725492266,0.44745908279463487,0.44391714411647076,0.3236324879340028,0.3100968582783099,0.31113106051786865,0.4369443903708655,0.3553180126572032
0.34482436076788425,0.37858566647778613,0.2627661128217067,0.30451804931684,0.3511220620680885,0.3690684728081798,0.7930459517485362,0.3033695644004484,0.33489542463027144,0.30351343664620367,0.3964160701873426,0.2912245434603268,0.3889172560280647,0.2979542854240358,0.2921735573511858,0.7393792201927635,0.36792242208133574,0.4212710932551006,0.36135905527030265,0.8043399715958822,0.41668415266403047,0.3679175051207634,0.4287407345370936,0.37304006040185267,0.3534231702467687,0.3538318581168479,0.3930788143686731,0.2947831382435637,0.3199926244854262,0.33205587275221715,0.2846545155546547,0.38680281758690926,0.0,0.3873680124547487,0.38404088734083575,0.30873180051728855,1.0,0.36808265678765584,0.28233409606011695,0.38370913371643245,0.2861131659796966,0.37737817298315957,0.3985224345971241,0.299660075283289,0.2969783869515641,0.3046850605047986,0.37082979002390826,0.3705406476453962,0.28875528849289356,0.33194661645143575
0.3636212448816164,0.45822549192725814,0.27455424177586996,0.3052234516552982,0.4626938589176166,0.43043649380481086,0.381365181407487,0.3292675484709716,0.33208836388538254,0.3149824353395104,0.5178628371697073,0.31329249807717385,0.5383022939528138,0.310089636616266,0.30175517139833685,0.3853290284088766,0.4012202064216104,0.4874659447967008,0.4560199038432806,0.3845667495698748,0.4999074541716416,0.46986429955727327,0.5135222184672004,0.4132723574558933,0.397567134372768,0.397372315410387,0.5918524532207592,0.31937876456027414,0.34305555251657927,0.3404730307374716,0.2940535161133121,0.5086944326209171,0.0,0.502521748045742,0.4374816581631097,0.2990928229335106,0.36808265678765584,1.0,0.28264190318153626,0.547122407111943,0.30040439901069027,0.4465268135439916,0.6214599643741148,0.32692603771155315,0.31601028295140665,0.3268608501073653,0.4623647369493089,0.46181893606084135,0.3180662136727447,0.34267308572184085
0.30329801243357046,0.28578887769531136,0.23519273965095255,0.43781575564572384,0.2865727649204355,0.29609647967679653,0.2949050547551747,0.4282123858673149,0.28731339557510593,0.4426974197373479,0.29294099533384,0.42758352951465417,0.2933677607970746,0.42296825405455984,0.43535424952875823,0.28386687754629325,0.28176871238639456,0.29391536169578525,0.2608419036788612,0.28514539058081456,0.27937114186317347,0.26271197439403104,0.2970261966151766,0.285765714710997,0.27717469797388183,0.2711762991678698,0.2781051776910407,0.4252134149392164,0.3073012660792994,0.2807257564271265,0.39973816330206935,0.2992340723432909,0.0,0.2991481959499296,0.295277338066814,0.419314319129211,0.28233409606011695,0.28264190318153626,1.0,0.28309982828112235,0.4197358101018923,0.29063750907461705,0.29205396721799326,0.436462855194812,0.4395374107109661,0.2891371172158045,0.2831519745924125,0.286717316658749,0.40731716794139683,0.30666664978919267
0.37492085390578334,0.4664810355921124,0.2922774088289847,0.3119495825242834,0.46080168964261237,0.4342331909655579,0.40377499837405384,0.3279797833232868,0.3553091026703513,0.32804469777037726,0.5720771304284265,0.32132731092890976,0.5721624284259449,0.3155344648201204,0.3088567909180897,0.40254696701953063,0.42106198203730294,0.5328871942934876,0.45709489436387973,0.4090006582333101,0.5391330464885201,0.49687713391698296,0.5510147756611774,0.4308386949384738,0.40338212841918775,0.41794857056415347,0.5722097215998039,0.3197235206202319,0.35615264204024455,0.3700520376329295,0.3047020366862424,0.5247303387192185,0.0,0.5313829107332908,0.46388441779826606,0.31909695946627314,0.38370913371643245,0.547122407111943,0.28309982828112235,1.0,0.3060161354342045,0.4719211206429208,0.5788637196340949,0.32365089298466776,0.323871158763151,0.3439100190217643,0.4929355805799589,0.4921995536357324,0.3187209661282171,0.36667847766049666
