../ecoli_genomes/GCF_000163235.1_ASM16323v1_genomic.fna.gz,../ecoli_genomes/GCF_000164555.1_ASM16455v1_genomic.fna.gz,../ecoli_genomes/GCF_000208545.1_ASM20854v2_genomic.fna.gz,../ecoli_genomes/GCF_000233875.1_ASM23387v1_genomic.fna.gz,../ecoli_genomes/GCF_000249735.1_ASM24973v2_genomic.fna.gz,../ecoli_genomes/GCF_000261145.1_Esch_coli_M919_V2_genomic.fna.gz,../ecoli_genomes/GCF_000267705.2_ASM26770v2_genomic.fna.gz,../ecoli_genomes/GCF_000350665.1_Esch_coli_KTE5_V1_genomic.fna.gz,../ecoli_genomes/GCF_000351625.1_Esch_coli_KTE66_V1_genomic.fna.gz,../ecoli_genomes/GCF_000352285.1_Esch_coli_KTE46_V1_genomic.fna.gz,../ecoli_genomes/GCF_000358895.1_ASM35889v1_genomic.fna.gz,../ecoli_genomes/GCF_000456385.1_Esch_coli_HVH_26_4-5703913_V1_genomic.fna.gz,../ecoli_genomes/GCF_000458195.1_Esch_coli_HVH_147_4-5893887_V1_genomic.fna.gz,../ecoli_genomes/GCF_000459755.1_Esch_coli_KOEGE_58_171a_V1_genomic.fna.gz,../ecoli_genomes/GCF_000460055.1_Esch_coli_UMEA_3053-1_V1_genomic.fna.gz,../ecoli_genomes/GCF_000462165.2_ASM46216v2_genomic.fna.gz,../ecoli_genomes/GCF_000601135.1_ASM60113v1_genomic.fna.gz,../ecoli_genomes/GCF_000614595.1_Ec2010EL1058_genomic.fna.gz,../ecoli_genomes/GCF_000617745.1_Ec2010C-4529_genomic.fna.gz,../ecoli_genomes/GCF_000618265.2_EcF6751_genomic.fna.gz,../ecoli_genomes/GCF_000619005.2_Ec2009C-4052_genomic.fna.gz,../ecoli_genomes/GCF_000619105.1_Ec2009C-4780_genomic.fna.gz,../ecoli_genomes/GCF_000619765.2_Ec2009C-3279_genomic.fna.gz,../ecoli_genomes/GCF_000687005.1_ASM68700v1_genomic.fna.gz,../ecoli_genomes/GCF_000687025.1_ASM68702v1_genomic.fna.gz,../ecoli_genomes/GCF_000700125.1_ASM70012v1_genomic.fna.gz,../ecoli_genomes/GCF_000753315.1_FHI35_genomic.fna.gz,../ecoli_genomes/GCF_000776375.1_ASM77637v1_genomic.fna.gz,../ecoli_genomes/GCF_000779395.1_ASM77939v1_genomic.fna.gz,../ecoli_genomes/GCF_000780315.1_ASM78031v1_genomic.fna.gz,../ecoli_genomes/GCF_000781995.1_ASM78199v1_genomic.fna.gz,../ecoli_genomes/GCF_000986765.1_ASM98676v1_genomic.fna.gz,../ecoli_genomes/GCF_001041375.1_ViralProj287958_genomic.fna.gz,../ecoli_genomes/GCF_001265335.1_302014_genomic.fna.gz,../ecoli_genomes/GCF_001265625.1_100854_genomic.fna.gz,../ecoli_genomes/GCF_001267345.1_303289_genomic.fna.gz,../ecoli_genomes/GCF_001309985.1_ASM130998v1_genomic.fna.gz,../ecoli_genomes/GCF_001521695.1_ASM152169v1_genomic.fna.gz,../ecoli_genomes/GCF_001592595.1_ASM159259v1_genomic.fna.gz,../ecoli_genomes/GCF_001614975.1_ASM161497v1_genomic.fna.gz,../ecoli_genomes/GCF_001692775.1_ASM169277v1_genomic.fna.gz,../ecoli_genomes/GCF_001748915.1_ASM174891v1_genomic.fna.gz,../ecoli_genomes/GCF_001749235.1_ASM174923v1_genomic.fna.gz,../ecoli_genomes/GCF_001881155.1_ASM188115v1_genomic.fna.gz,../ecoli_genomes/GCF_001881345.1_ASM188134v1_genomic.fna.gz,../ecoli_genomes/GCF_001892405.1_ASM189240v1_genomic.fna.gz,../ecoli_genomes/GCF_001892585.1_ASM189258v1_genomic.fna.gz,../ecoli_genomes/GCF_001893985.1_ASM189398v1_genomic.fna.gz,../ecoli_genomes/GCF_002001595.1_ASM200159v1_genomic.fna.gz,../ecoli_genomes/GCF_002002145.1_ASM200214v1_genomic.fna.gz
1.0,0.7906753448006391,0.7741979037312334,0.7740633331387766,0.7385572129199605,0.7615295529066803,0.7743406858283136,0.7811922115066716,0.8009010055800643,0.7780052095040773,0.7789631074110297,0.7857568206427896,0.7825746943298052,0.7731655792037011,0.7698111463221947,0.775439626435313,0.7452786695761635,0.7767521297082784,0.7567949437812762,0.7794491304856896,0.7765070107210861,0.7520769023463965,0.781959666809455,0.7573647302033405,0.7664099328355501,0.7737571342023621,0.7810453687365169,0.7722861649592707,0.797527029009266,0.8052260723304628,0.763154245580566,0.7732518970018022,0.06361382574022534,0.7801949966096446,0.7732683810004,0.7743046044320265,0.7610144471698909,0.775967031297288,0.7020302799004354,0.7880348150529148,0.7713797757780896,0.7848303088236788,0.7799535170129452,0.7772896636670517,0.7779150035641911,0.7833332766722022,0.7825016799438418,0.7811879702702547,0.7752372403228667,0.8007092137299772
0.7906753448006391,1.0,0.7630273021523061,0.7633938623596763,0.7510169358316555,0.8101562584534895,0.7735507444145167,0.7719616176305261,0.7771161118062073,0.7657511501982444,0.8023161315024342,0.7739872824238847,0.806581080324209,0.767341014730188,0.7627610095403263,0.7776703200633637,0.770317839888045,0.8041361883106016,0.7751266324266786,0.779132648381669,0.804603256755418,0.7746992256215979,0.8095816755127881,0.7874530148867064,0.8206808927113345,0.8144233154093226,0.8110884784834786,0.7680964463824099,0.7866172922909995,0.7736661934579486,0.7592287363548553,0.7984365150695576,0.059896487610435756,0.8083435280139367,0.8240407673013326,0.7622876166848623,0.764318144723729,0.8065401955037543,0.6945115482048061,0.8079894044929685,0.761811094934384,0.82080243851572,0.8091908098894905,0.7751478588047551,0.7697615281163799,0.7715659025066371,0.8224843510351756,0.8221242450579851,0.7770058276287878,0.7848265335142528
0.7741979037312334,0.7630273021523061,1.0,0.7424454459731498,0.7116890294805576,0.7306039831255791,0.7460555617420098,0.7459834434609771,0.755509135688146,0.7383030193006046,0.756922193256022,0.7440143893126014,0.757266590996387,0.7380483978508814,0.7347948535890524,0.7517252404311978,0.7074958876469875,0.7570047663127462,0.7358381166300223,0.7514482983121012,0.7577156810348433,0.7348503759490959,0.7622011141507996,0.7187417142954775,0.7346783856043257,0.7446682078608328,0.7583409100915378,0.7406578240690704,0.7635953304268192,0.7711038122155157,0.7402547475389276,0.7529585420393585,0.06338570519239461,0.7526125245988096,0.7432428957772945,0.7518412121814511,0.7367155191284016,0.7479058676825769,0.6791842263245318,0.7725171823418973,0.744433737085032,0.7568148080545027,0.759339787136642,0.7432266443310045,0.7385135627083254,0.7603997459225008,0.7585945438149776,0.756852043473285,0.7542624583865833,0.7714611293348341
0.7740633331387766,0.7633938623596763,0.7424454459731498,1.0,0.7278326442447605,0.7476518589438857,0.7436004279557356,0.8307188324551661,0.7655699546846514,0.8391812539556467,0.7538387867700899,0.8349859501490158,0.7582532216480247,0.84398483142238,0.8524721733045927,0.7504830116532468,0.7350666432756015,0.7522644079665599,0.7322828433329334,0.7494644497912423,0.7515060626110117,0.7355103750845788,0.7656227252672534,0.7362597034410603,0.7573642666779324,0.7559775854587192,0.761299935387715,0.8400146519611982,0.7773046673280265,0.7678608125787888,0.8280751201228701,0.7593872985342376,0.06653408367004054,0.7548908237383801,0.7489071645285854,0.7978152890249384,0.7371303478004732,0.7561226371476095,0.7355447223918246,0.754962410280214,0.8439017948350012,0.7600288957116367,0.7610849999172451,0.8464438041355415,0.8397888588190602,0.7733550829758572,0.7560698399261114,0.7558848511970034,0.8185810537408214,0.7813811373785109
0.7385572129199605,0.7510169358316555,0.7116890294805576,0.7278326442447605,1.0,0.7553401304636291,0.7364352586995182,0.7320266096779089,0.7322962816424984,0.7292432603427946,0.7872053360075226,0.7288835704622483,0.7822875989336535,0.7248043773229194,0.7287843452429876,0.7514084647280442,0.7746513647179569,0.7596875890360054,0.7474593638874778,0.7437776555426516,0.7683322426197806,0.7466868452244446,0.768146561665099,0.7821236192548496,0.7758986625311581,0.7617245101507478,0.7677918578684112,0.7168285847359201,0.7494798981764896,0.7280756220633893,0.7301436338103456,0.7860081578120538,0.05813156318848689,0.7707513568798161,0.7624625690363304,0.7230526456945677,0.7377255236813015,0.7753719489719701,0.6780023780345164,0.7687106443610668,0.7281009635585527,0.7647055787400233,0.7728755983210691,0.7254263922955612,0.7258178887766622,0.7345796610944608,0.7631635920362645,0.7619323953369852,0.7205355001623379,0.742757153691382
0.7615295529066803,0.8101562584534895,0.7306039831255791,0.7476518589438857,0.7553401304636291,1.0,0.7671260399387491,0.7521546744782159,0.758164968369952,0.74403454824801,0.7879673135548214,0.7495989053444516,0.7833955119915355,0.746876728927723,0.7442227276271259,0.7756724583798189,0.7645379329728569,0.7890881346440966,0.774413951816352,0.7662480576817543,0.7844274810253661,0.8003377453330709,0.7900084831516483,0.7754761413171072,0.8089566431274665,0.7964884941904353,0.7855462949966368,0.7437275307871961,0.7633649801634662,0.7485590863230667,0.7394105156746205,0.7932950788302184,0.06074634498931408,0.7906194010886544,0.8045379413572762,0.7462772360583445,0.7559546051863018,0.7866960904872737,0.6938811207454998,0.7894387139417975,0.7428252634865435,0.7999159077490082,0.787644654856237,0.749911257361653,0.7451420412070378,0.7514666532260446,0.7960146753678927,0.7959951064823875,0.7478872487253068,0.7629576622949066
0.7743406858283136,0.7735507444145167,0.7460555617420098,0.7436004279557356,0.7364352586995182,0.7671260399387491,1.0,0.7476141625557053,0.7677752115155532,0.7402089329243007,0.7754032098921944,0.7475116559392229,0.7779140500719655,0.7428084493810423,0.7387941376398383,0.8962263368741342,0.7386880325060325,0.7991145532433195,0.7756816960127327,0.9390040200698767,0.802684208320539,0.7778847802567864,0.8083003602746724,0.7408040161064211,0.7590314040316826,0.760591808644703,0.7818125383504659,0.7418140753186457,0.7655386602373433,0.7658681995136127,0.7396680227635389,0.7795348772285081,0.0567726791950085,0.7914391357975479,0.7746350761586595,0.7647793889387421,0.9057173789259337,0.7675429560187838,0.7041403140341195,0.7831037760763717,0.7371420954723495,0.7731226760097912,0.7829601475989794,0.7463851836454538,0.7429314355309908,0.7641492411707426,0.7755165819851723,0.7750443726384687,0.744067783795147,0.7708302966249477
0.7811922115066716,0.7719616176305261,0.7459834434609771,0.8307188324551661,0.7320266096779089,0.7521546744782159,0.7476141625557053,1.0,0.765440202007082,0.834119921781437,0.7591131133966876,0.8312419865280852,0.7655762703013896,0.8209584806187176,0.8198568865951192,0.7519673341383649,0.7354544631386823,0.7609257361540416,0.7448877297692718,0.7530329608645976,0.7602566547950518,0.7417116227869085,0.7669734393820142,0.7360951811867718,0.75551758559984,0.7595622323895961,0.7681981921275249,0.8815905416998779,0.7811295222515566,0.7685511700496866,0.8200867325161315,0.762887634937863,0.07107384674750039,0.7628247398185121,0.7508306906378579,0.8002028075774494,0.7424341520788628,0.7673194048046068,0.7368609578908791,0.7641029443794569,0.8295342369889417,0.7660771727347293,0.7687145530315185,0.8876876523433733,0.8729363074196581,0.7761271227429482,0.7594240657655167,0.7585212237684537,0.8142598134460484,0.7829290610089936
0.8009010055800643,0.7771161118062073,0.755509135688146,0.7655699546846514,0.7322962816424984,0.758164968369952,0.7677752115155532,0.765440202007082,1.0,0.7712755336545183,0.7767428982753688,0.7660559529994315,0.7799440635715867,0.7667223472578207,0.7648641939680163,0.7719566673142815,0.7427045937639218,0.7733917259527907,0.7505061304194838,0.7739344700887052,0.7658204235204131,0.7526595073682929,0.7807317613925457,0.7489164698951594,0.7658449493750245,0.7718633875779769,0.7783162770746482,0.7569812959964963,0.7809936075422098,0.804576196276596,0.7592541642008099,0.76898634420218,0.062338655828096945,0.7710316725317835,0.76397511089508,0.7657312357507527,0.7604145566860254,0.7659672247884823,0.6835953501464123,0.782907497944078,0.7597372464604142,0.7825557004557715,0.7805785828334125,0.765000841524991,0.7585499585289268,0.775443833627915,0.7799847956450893,0.7797501208104187,0.7639554105790454,0.7901790561381709
0.7780052095040773,0.7657511501982444,0.7383030193006046,0.8391812539556467,0.7292432603427946,0.74403454824801,0.7402089329243007,0.834119921781437,0.7712755336545183,1.0,0.7583935116364298,0.832659482144402,0.7663126810746936,0.8292098851825227,0.8237860501545937,0.7473801843994976,0.7310797045636395,0.751106912503363,0.7333661434448119,0.7458148376359297,0.7496063652326509,0.7345740940007945,0.75573929546502,0.7326781558957863,0.7506928253815768,0.7551326380970464,0.7624488380785888,0.8340075649830885,0.7802876608733178,0.7699406847328709,0.8284246239343631,0.7545803049302592,0.06294213204859722,0.7518389382383445,0.7451064206312568,0.8007327378746087,0.7346142827925546,0.7578624076452704,0.7394122842246442,0.7645663995407269,0.8379490597647136,0.7584144701287363,0.7644164139945494,0.8370560820063628,0.8342818599547347,0.7685758619403696,0.7580327617237596,0.7566489022779728,0.8255656773106298,0.7764183531606853
0.7789631074110297,0.8023161315024342,0.756922193256022,0.7538387867700899,0.7872053360075226,0.7879673135548214,0.7754032098921944,0.7591131133966876,0.7767428982753688,0.7583935116364298,1.0,0.7562650579214257,0.8384808304179225,0.7564547030977808,0.7529422445970013,0.787316125546194,0.767502627132696,0.820157237694217,0.7901501099025882,0.7820140251771545,0.8124952244842081,0.8013864832905022,0.823406232556356,0.7858610316344348,0.7893541821994374,0.798457862980509,0.8261448911624472,0.7559204196740639,0.7802000142530342,0.771639673796543,0.7511333388862574,0.8035310539133267,0.0539460391468326,0.815614511215708,0.7975117716144771,0.7685152972879605,0.7646436657497561,0.8156703947367336,0.6931998442658953,0.8355796471024037,0.7514956598177595,0.8101562577113082,0.829169019708083,0.7573465179280545,0.752530783364175,0.7700383803273736,0.8109321208840018,0.8095366091390116,0.7620345308959808,0.782245379828213
0.7857568206427896,0.7739872824238847,0.7440143893126014,0.8349859501490158,0.7288835704622483,0.7495989053444516,0.7475116559392229,0.8312419865280852,0.7660559529994315,0.832659482144402,0.7562650579214257,1.0,0.7606754291455279,0.8314815525096182,0.8501410313087909,0.753140605333617,0.7340938320031682,0.7551683201653309,0.738727846648531,0.7523209279131364,0.7565364417921072,0.7414374102518249,0.7617463663442805,0.7377074507956138,0.7569770108917375,0.7593867732679371,0.7613674240832925,0.8317694598804928,0.7850881451297667,0.7719314390350797,0.8063270959644442,0.7594362002682847,0.06462545018800492,0.7555281117638994,0.7491147227882156,0.7969033886773729,0.7413109077605027,0.7580125082456977,0.737811212334217,0.7634002486225953,0.8171759695371592,0.7614549452837288,0.7626206538977841,0.8340326001772816,0.8343667392128515,0.7768859070116899,0.7616367481872086,0.7605203357666351,0.8155386202172892,0.7858207952395475
0.7825746943298052,0.806581080324209,0.757266590996387,0.7582532216480247,0.7822875989336535,0.7833955119915355,0.7779140500719655,0.7655762703013896,0.7799440635715867,0.7663126810746936,0.8384808304179225,0.7606754291455279,1.0,0.759749737068967,0.7604422794875472,0.788163275042665,0.7628264645920609,0.8276974689717663,0.8179932037006719,0.7858397173546003,0.8229097089611905,0.8188904469230237,0.844371498532077,0.7807404311623118,0.793618758212441,0.7950133617496279,0.8436053425807942,0.7578932226825182,0.7839939399868605,0.7806540527170975,0.7597460891285472,0.8254036101738901,0.060691099194960296,0.8382587379335054,0.8000014696496194,0.7633642364945674,0.77327663802477,0.8177980008835686,0.6926203020981766,0.8465486028945092,0.7599481720452604,0.8087411366706817,0.8438620710727476,0.7607606204271962,0.7545948398676993,0.7693999719270057,0.8135854677781937,0.8110148980362195,0.7640728237007848,0.7842538751291903
0.7731655792037011,0.767341014730188,0.7380483978508814,0.84398483142238,0.7248043773229194,0.746876728927723,0.7428084493810423,0.8209584806187176,0.7667223472578207,0.8292098851825227,0.7564547030977808,0.8314815525096182,0.759749737068967,1.0,0.8494190913369879,0.7453636680659239,0.7237169070881541,0.7578278430856067,0.739960238885988,0.7487447158045276,0.753317038553045,0.737678091789058,0.7653810967306652,0.7229129035129888,0.7483041736223506,0.7487896674149993,0.7618516015474797,0.8328064261153757,0.778354311837451,0.7649877328418178,0.8195122399589709,0.7544368397011318,0.06578965678054949,0.7568010146789252,0.7411008222469542,0.7984106666973769,0.7358040274945659,0.7528859138270968,0.7290998691506767,0.7593964081126785,0.8231606306851041,0.7585038596107903,0.7590364907837315,0.8336834210806019,0.8260280172491432,0.7690935976462749,0.7567836092824747,0.7562438642130356,0.8227705414784392,0.7795977053932825
0.7698111463221947,0.7627610095403263,0.7347948535890524,0.8524721733045927,0.7287843452429876,0.7442227276271259,0.7387941376398383,0.8198568865951192,0.7648641939680163,0.8237860501545937,0.7529422445970013,0.8501410313087909,0.7604422794875472,0.8494190913369879,1.0,0.746897922361224,0.7329330692462734,0.7492282684470839,0.7294495426830608,0.7453948679393261,0.7447579545121483,0.7280756609700718,0.7591725845825273,0.732680337069815,0.7516832840414667,0.7513315540783585,0.7565845769057462,0.8241825944962082,0.775325309347553,0.7656813499853272,0.8281422886569643,0.755961554454616,0.06776887937346632,0.7509078434911345,0.7416979946663992,0.7898591393606964,0.7348086486321659,0.7539097736170047,0.7288620599085875,0.7567438935799966,0.8329051154246219,0.7549062094645553,0.7555106107013512,0.8287936899767343,0.8229007099954097,0.7687307541391993,0.7558374346045124,0.754360164862677,0.811138532429821,0.7820563780670255
0.775439626435313,0.7776703200633637,0.7517252404311978,0.7504830116532468,0.7514084647280442,0.7756724583798189,0.8962263368741342,0.7519673341383649,0.7719566673142815,0.7473801843994976,0.787316125546194,0.753140605333617,0.788163275042665,0.7453636680659239,0.746897922361224,1.0,0.7460564715576522,0.7940050590043884,0.7771016611954928,0.9009931226085715,0.7948421860461712,0.7864681490855406,0.8017147212679366,0.7483598394149953,0.7689740827875624,0.7744847901790217,0.7815213279639294,0.746005495839439,0.7735697601319115,0.7746526012949173,0.7481469415167745,0.7863197006778067,0.054824204046482694,0.7888887691168162,0.7774416755011286,0.7657332049392476,0.8824412356624802,0.7758595331592195,0.6959894576353246,0.7872657153524523,0.7456116675208802,0.7768985562366607,0.7850628433318011,0.7491403198898559,0.7456626701620338,0.7677227251423983,0.7764765236699814,0.7760727074922878,0.7497581157157236,0.7746122801139819
0.7452786695761635,0.770317839888045,0.7074958876469875,0.7350666432756015,0.7746513647179569,0.7645379329728569,0.7386880325060325,0.7354544631386823,0.7427045937639218,0.7310797045636395,0.767502627132696,0.7340938320031682,0.7628264645920609,0.7237169070881541,0.7329330692462734,0.7460564715576522,1.0,0.7586888025121458,0.7450197065033204,0.7466487795983814,0.7592432522176202,0.7379165354120236,0.7711092230693698,0.8201424497587761,0.8036566362743165,0.7853434795923598,0.766862887018069,0.7183769391482986,0.7469181178823535,0.7323669225469513,0.7300436775206022,0.7913267386119107,0.055803128702138105,0.7683963809216078,0.7805023496098127,0.7335046965367302,0.7425534092944217,0.7569218996478768,0.6724854907569588,0.7637008083484811,0.7249275355269229,0.7817359366090526,0.7687348052398908,0.7322159668637995,0.7351725957716673,0.7348531934228824,0.7811629649727249,0.7799297497925651,0.7234252153673273,0.7505957107836365
0.7767521297082784,0.8041361883106016,0.7570047663127462,0.7522644079665599,0.7596875890360054,0.7890881346440966,0.7991145532433195,0.7609257361540416,0.7733917259527907,0.751106912503363,0.820157237694217,0.7551683201653309,0.8276974689717663,0.7578278430856067,0.7492282684470839,0.7940050590043884,0.7586888025121458,1.0,0.8144942213552546,0.8024969266955373,0.839911746444733,0.8096231746080056,0.8429398349271435,0.7659639003089721,0.7805330738036348,0.7863413414790522,0.8316143182550383,0.7587924712058333,0.7799044142634048,0.770949168239967,0.74676266926941,0.8105668303147516,0.060629708789921466,0.8269560012081995,0.8001011974860618,0.776357528468065,0.7861664825550814,0.8022179514851374,0.7033943208651832,0.8263778605099427,0.7523934549573954,0.8119695366197007,0.8290961944486535,0.7589197569980579,0.7516567989996333,0.769782542337586,0.8129298324895353,0.812153704089671,0.7612199269797555,0.7811490311430963
0.7567949437812762,0.7751266324266786,0.7358381166300223,0.7322828433329334,0.7474593638874778,0.774413951816352,0.7756816960127327,0.7448877297692718,0.7505061304194838,0.7333661434448119,0.7901501099025882,0.738727846648531,0.8179932037006719,0.739960238885988,0.7294495426830608,0.7771016611954928,0.7450197065033204,0.8144942213552546,1.0,0.7770697473131727,0.8061781152502029,0.8085593977239465,0.8098948277033847,0.7524587116134256,0.7679914920181887,0.7655706121615597,0.8036834729622536,0.7322734331699172,0.7539399880075047,0.7484949621989426,0.7315574705322211,0.8035132825150669,0.060700482296987546,0.7974505751765055,0.7795337581511967,0.7463825142621662,0.7681750668816058,0.7725849439786321,0.684420008455023,0.8012301662166271,0.7307504755987855,0.7807151551904314,0.7939678747220641,0.7385058823322079,0.7308648429498312,0.7487796889379771,0.775820778724787,0.7748181182220132,0.7353467646638819,0.7609626404051685
0.7794491304856896,0.779132648381669,0.7514482983121012,0.7494644497912423,0.7437776555426516,0.7662480576817543,0.9390040200698767,0.7530329608645976,0.7739344700887052,0.7458148376359297,0.7820140251771545,0.7523209279131364,0.7858397173546003,0.7487447158045276,0.7453948679393261,0.9009931226085715,0.7466487795983814,0.8024969266955373,0.7770697473131727,1.0,0.8091661005460085,0.7766647605626074,0.8138831947967532,0.7458782571176321,0.7670179384636788,0.7650543604445083,0.7901023353538847,0.7481932795239347,0.770734185934542,0.7713522983996798,0.7469340014999972,0.7860660205947507,0.05704682243289516,0.7955708129162051,0.7783958554501313,0.7714772782271149,0.9101350751319542,0.7763986414116035,0.7028710857875706,0.7907081081219738,0.743268534471248,0.781227084994575,0.7917136099056462,0.7530675022506241,0.7489408878332525,0.7721731158473444,0.7833751761854061,0.7826589565055805,0.751276353903264,0.7787242465451321
0.7765070107210861,0.804603256755418,0.7577156810348433,0.7515060626110117,0.7683322426197806,0.7844274810253661,0.802684208320539,0.7602566547950518,0.7658204235204131,0.7496063652326509,0.8124952244842081,0.7565364417921072,0.8229097089611905,0.753317038553045,0.7447579545121483,0.7948421860461712,0.7592432522176202,0.839911746444733,0.8061781152502029,0.8091661005460085,1.0,0.803578082105245,0.8469109804702791,0.7688105167574666,0.7816844922397603,0.787178828126168,0.8311106319746893,0.7546102334622925,0.7789171357458863,0.7681098379360408,0.7461281802082169,0.8117552390466525,0.06312411582832311,0.8307773585627056,0.7948444324711167,0.7708321843169638,0.7891530824298254,0.8067311903945653,0.7028811885766386,0.8268719759986008,0.7463269735452278,0.8006811680954409,0.8268711962522688,0.7594668675660405,0.7538193948467165,0.767516724276084,0.808956527152146,0.8080171973947322,0.7582874396051288,0.7815048003894363
0.7520769023463965,0.7746992256215979,0.7348503759490959,0.7355103750845788,0.7466868452244446,0.8003377453330709,0.7778847802567864,0.7417116227869085,0.7526595073682929,0.7345740940007945,0.8013864832905022,0.7414374102518249,0.8188904469230237,0.737678091789058,0.7280756609700718,0.7864681490855406,0.7379165354120236,0.8096231746080056,0.8085593977239465,0.7766647605626074,0.803578082105245,1.0,0.8491159437293188,0.7399479060565364,0.763744035870648,0.7751657545173981,0.8015033270137502,0.7366394766745684,0.7530151484254858,0.7509041222256846,0.7317025049964504,0.7969009389286608,0.06006768868967649,0.8282175402096054,0.7709090727414518,0.7449734488538079,0.7613517818374802,0.7835965457108804,0.6799506602546171,0.808569583483919,0.7290457820231893,0.7748092458424454,0.8066251145706882,0.7403741448900238,0.7305685040490878,0.7494804149430359,0.7757044702941148,0.775555596392607,0.7358523956376688,0.758865214325404
0.781959666809455,0.8095816755127881,0.7622011141507996,0.7656227252672534,0.768146561665099,0.7900084831516483,0.8083003602746724,0.7669734393820142,0.7807317613925457,0.75573929546502,0.823406232556356,0.7617463663442805,0.844371498532077,0.7653810967306652,0.7591725845825273,0.8017147212679366,0.7711092230693698,0.8429398349271435,0.8098948277033847,0.8138831947967532,0.8469109804702791,0.8491159437293188,1.0,0.7688896889982099,0.7903559395382213,0.7915272720108909,0.8446086459361759,0.7633649608600449,0.7851144966375484,0.7765715977937402,0.7592787804122783,0.8269200639291234,0.06447966097097091,0.8692150645350254,0.8002406703537366,0.7742360229773652,0.7960669804006569,0.815683699556046,0.7036003741799488,0.8370454835017218,0.7576457273374395,0.8144179456554439,0.8416062940932546,0.7693754802517224,0.7637675637808159,0.7764813833696891,0.8163529168439598,0.8154302213655088,0.769159682594672,0.7886820859355961
0.7573647302033405,0.7874530148867064,0.7187417142954775,0.7362597034410603,0.7821236192548496,0.7754761413171072,0.7408040161064211,0.7360951811867718,0.7489164698951594,0.7326781558957863,0.7858610316344348,0.7377074507956138,0.7807404311623118,0.7229129035129888,0.732680337069815,0.7483598394149953,0.8201424497587761,0.7659639003089721,0.7524587116134256,0.7458782571176321,0.7688105167574666,0.7399479060565364,0.7688896889982099,1.0,0.8175510319026482,0.7913146268852241,0.7740387002738434,0.7180435061492512,0.7528416144856415,0.7417490096924813,0.7304218885447675,0.783353400042968,0.056150270333390706,0.7728826585439516,0.8094651108242265,0.7322787152102924,0.7395978752580863,0.7582327388026047,0.6696458989645411,0.7683794475173347,0.7300673810514069,0.7862339323818648,0.7689824968459065,0.7309429235182415,0.7332517279642268,0.7358113979406476,0.7821573069804176,0.7814304029465104,0.7263525458600556,0.7519598119703951
0.7664099328355501,0.8206808927113345,0.7346783856043257,0.7573642666779324,0.7758986625311581,0.8089566431274665,0.7590314040316826,0.75551758559984,0.7658449493750245,0.7506928253815768,0.7893541821994374,0.7569770108917375,0.793618758212441,0.7483041736223506,0.7516832840414667,0.7689740827875624,0.8036566362743165,0.7805330738036348,0.7679914920181887,0.7670179384636788,0.7816844922397603,0.763744035870648,0.7903559395382213,0.8175510319026482,1.0,0.8164632212215643,0.7898992140353395,0.740418048257506,0.7672249349110292,0.7532140383388797,0.7508143327484125,0.8062377580919643,0.057396661178840014,0.7845185806358526,0.821049848550813,0.7458112152231411,0.7585557513527257,0.7801690927435467,0.688472296148842,0.7884952219352109,0.7490690387922697,0.802855932237886,0.7935578356676193,0.7581550480209499,0.7531665382318062,0.761637125473327,0.800475160862691,0.8001108638167308,0.7557992472192616,0.7684858812072017
0.7737571342023621,0.8144233154093226,0.7446682078608328,0.7559775854587192,0.7617245101507478,0.7964884941904353,0.760591808644703,0.7595622323895961,0.7718633875779769,0.7551326380970464,0.798457862980509,0.7593867732679371,0.7950133617496279,0.7487896674149993,0.7513315540783585,0.7744847901790217,0.7853434795923598,0.7863413414790522,0.7655706121615597,0.7650543604445083,0.787178828126168,0.7751657545173981,0.7915272720108909,0.7913146268852241,0.8164632212215643,1.0,0.791417724023177,0.7468282541296085,0.7729904292272107,0.7631353653509871,0.7566498255375866,0.7969203048671394,0.05858289193557897,0.7847149161677979,0.8060937403232659,0.752146282575479,0.7552291423346869,0.7853113370291795,0.6846496384846779,0.7945391496017415,0.7501191435162591,0.8062714895981322,0.794098213967238,0.7583693547761886,0.7540554419414645,0.7588246370317947,0.8004925793626855,0.8001081190946627,0.7548405742464664,0.7746046253314967
0.7810453687365169,0.8110884784834786,0.7583409100915378,0.761299935387715,0.7677918578684112,0.7855462949966368,0.7818125383504659,0.7681981921275249,0.7783162770746482,0.7624488380785888,0.8261448911624472,0.7613674240832925,0.8436053425807942,0.7618516015474797,0.7565845769057462,0.7815213279639294,0.766862887018069,0.8316143182550383,0.8036834729622536,0.7901023353538847,0.8311106319746893,0.8015033270137502,0.8446086459361759,0.7740387002738434,0.7898992140353395,0.791417724023177,1.0,0.7609113017263713,0.7870957321059128,0.7734866942491472,0.7568090092897357,0.8220692232465946,0.05494969024956975,0.829470339196639,0.7978005914005768,0.7697868352192349,0.7730950655414746,0.8368484174100884,0.699203227305968,0.84461690296161,0.7606911363613766,0.8137027925391844,0.8615399857283059,0.7673032284585164,0.7586730252432299,0.7751905883469681,0.8087163347778237,0.8080878981573498,0.769351001859724,0.7859609836852246
0.7722861649592707,0.7680964463824099,0.7406578240690704,0.8400146519611982,0.7168285847359201,0.7437275307871961,0.7418140753186457,0.8815905416998779,0.7569812959964963,0.8340075649830885,0.7559204196740639,0.8317694598804928,0.7578932226825182,0.8328064261153757,0.8241825944962082,0.746005495839439,0.7183769391482986,0.7587924712058333,0.7322734331699172,0.7481932795239347,0.7546102334622925,0.7366394766745684,0.7633649608600449,0.7180435061492512,0.740418048257506,0.7468282541296085,0.7609113017263713,1.0,0.7801434671836961,0.7637700273411517,0.8114399685400019,0.7519111549497112,0.06720008691407564,0.7568837681832039,0.7416010244932034,0.7985452428264836,0.7356820421426713,0.761435416829229,0.7364278029216345,0.7549053046730918,0.8249026749407656,0.7604075612020951,0.7632043217850597,0.9140636453670445,0.900772104976334,0.7690296926768051,0.7548901854292791,0.7530336796518702,0.8232412452679023,0.7744272331980057
0.797527029009266,0.7866172922909995,0.7635953304268192,0.7773046673280265,0.7494798981764896,0.7633649801634662,0.7655386602373433,0.7811295222515566,0.7809936075422098,0.7802876608733178,0.7802000142530342,0.7850881451297667,0.7839939399868605,0.778354311837451,0.775325309347553,0.7735697601319115,0.7469181178823535,0.7799044142634048,0.7539399880075047,0.770734185934542,0.7789171357458863,0.7530151484254858,0.7851144966375484,0.7528416144856415,0.7672249349110292,0.7729904292272107,0.7870957321059128,0.7801434671836961,1.0,0.77875132880777,0.7696559210309623,0.7822292400121773,0.06271560677994203,0.7803690763742324,0.7689307443918649,0.7790353320990623,0.7554171746580585,0.7808414117901571,0.7097507715563194,0.7854150042627669,0.7712055803241598,0.7803304894622382,0.7826265349364829,0.7786030029533284,0.777708955130492,0.7993406288148908,0.7782985660483205,0.7759274185336748,0.7767297861723191,0.8561512815153591
0.8052260723304628,0.7736661934579486,0.7711038122155157,0.7678608125787888,0.7280756220633893,0.7485590863230667,0.7658681995136127,0.7685511700496866,0.804576196276596,0.7699406847328709,0.771639673796543,0.7719314390350797,0.7806540527170975,0.7649877328418178,0.7656813499853272,0.7746526012949173,0.7323669225469513,0.770949168239967,0.7484949621989426,0.7713522983996798,0.7681098379360408,0.7509041222256846,0.7765715977937402,0.7417490096924813,0.7532140383388797,0.7631353653509871,0.7734866942491472,0.7637700273411517,0.77875132880777,1.0,0.7678181102013404,0.7652664847094806,0.062057943370683266,0.7623089901436853,0.760044345141507,0.770894770956688,0.7601906299976321,0.7652405381342624,0.6944073890626128,0.7800921567992188,0.7692405159958368,0.7724452741239932,0.7754730326852026,0.7684161912991652,0.7635049902049288,0.7826052438297499,0.7746847385763941,0.7749295759293149,0.7667935032019225,0.7904840486050712
0.763154245580566,0.7592287363548553,0.7402547475389276,0.8280751201228701,0.7301436338103456,0.7394105156746205,0.7396680227635389,0.8200867325161315,0.7592541642008099,0.8284246239343631,0.7511333388862574,0.8063270959644442,0.7597460891285472,0.8195122399589709,0.8281422886569643,0.7481469415167745,0.7300436775206022,0.74676266926941,0.7315574705322211,0.7469340014999972,0.7461281802082169,0.7317025049964504,0.7592787804122783,0.7304218885447675,0.7508143327484125,0.7566498255375866,0.7568090092897357,0.8114399685400019,0.7696559210309623,0.7678181102013404,1.0,0.7570756240875954,0.06182312814544,0.7520109623588105,0.736003038134794,0.7905170835447088,0.7363654512476241,0.7508709027251713,0.721310528745896,0.7560061075348585,0.8640760541519772,0.756078959205552,0.7593430534502794,0.8194289107320685,0.8113286199158662,0.7674903284570692,0.7530714969639961,0.7528114772254525,0.8039475254118336,0.7734031327063744
0.7732518970018022,0.7984365150695576,0.7529585420393585,0.7593872985342376,0.7860081578120538,0.7932950788302184,0.7795348772285081,0.762887634937863,0.76898634420218,0.7545803049302592,0.8035310539133267,0.7594362002682847,0.8254036101738901,0.7544368397011318,0.755961554454616,0.7863197006778067,0.7913267386119107,0.8105668303147516,0.8035132825150669,0.7860660205947507,0.8117552390466525,0.7969009389286608,0.8269200639291234,0.783353400042968,0.8062377580919643,0.7969203048671394,0.8220692232465946,0.7519111549497112,0.7822292400121773,0.7652664847094806,0.7570756240875954,1.0,0.05937409215696976,0.8199895136350857,0.795730181324338,0.7568905250279601,0.778412188330367,0.8138246893755683,0.702285031234348,0.8166587772602371,0.7563744647807713,0.8061353351527241,0.8253386800425918,0.7597757510271357,0.7575147224992245,0.764961068048821,0.8080342712030029,0.8069775852543378,0.7527761988350921,0.7795717906012939
0.06361382574022534,0.059896487610435756,0.06338570519239461,0.06653408367004054,0.05813156318848689,0.06074634498931408,0.0567726791950085,0.07107384674750039,0.062338655828096945,0.06294213204859722,0.0539460391468326,0.06462545018800492,0.060691099194960296,0.06578965678054949,0.06776887937346632,0.054824204046482694,0.055803128702138105,0.060629708789921466,0.060700482296987546,0.05704682243289516,0.06312411582832311,0.06006768868967649,0.06447966097097091,0.056150270333390706,0.057396661178840014,0.05858289193557897,0.05494969024956975,0.06720008691407564,0.06271560677994203,0.062057943370683266,0.06182312814544,0.05937409215696976,1.0,0.06319063045226003,0.05620217770078395,0.06309616042955934,0.062262956787911494,0.05712537470800816,0.05758809421225575,0.059814892572331524,0.07244033058436017,0.062491494865756114,0.0576868994995241,0.06857056128209338,0.06667472484068548,0.06491379533811936,0.06187338696849365,0.06175260053922349,0.06786651494980278,0.06715150573181583
0.7801949966096446,0.8083435280139367,0.7526125245988096,0.7548908237383801,0.7707513568798161,0.7906194010886544,0.7914391357975479,0.7628247398185121,0.7710316725317835,0.7518389382383445,0.815614511215708,0.7555281117638994,0.8382587379335054,0.7568010146789252,0.7509078434911345,0.7888887691168162,0.7683963809216078,0.8269560012081995,0.7974505751765055,0.7955708129162051,0.8307773585627056,0.8282175402096054,0.8692150645350254,0.7728826585439516,0.7845185806358526,0.7847149161677979,0.829470339196639,0.7568837681832039,0.7803690763742324,0.7623089901436853,0.7520109623588105,0.8199895136350857,0.06319063045226003,1.0,0.7999076204326341,0.7722352079299648,0.7772001826678427,0.8089525377931653,0.7060703391623872,0.8297872319080865,0.7524499434927632,0.8083049540742839,0.8337213316481646,0.76085943649474,0.7572938634408475,0.7682788066496797,0.8099216409091177,0.8083538531658397,0.7575281472981432,0.7839700135745791
0.7732683810004,0.8240407673013326,0.7432428957772945,0.7489071645285854,0.7624625690363304,0.8045379413572762,0.7746350761586595,0.7508306906378579,0.76397511089508,0.7451064206312568,0.7975117716144771,0.7491147227882156,0.8000014696496194,0.7411008222469542,0.7416979946663992,0.7774416755011286,0.7805023496098127,0.8001011974860618,0.7795337581511967,0.7783958554501313,0.7948444324711167,0.7709090727414518,0.8002406703537366,0.8094651108242265,0.821049848550813,0.8060937403232659,0.7978005914005768,0.7416010244932034,0.7689307443918649,0.760044345141507,0.736003038134794,0.795730181324338,0.05620217770078395,0.7999076204326341,1.0,0.7484274997961559,0.7673722123097466,0.7788544156146684,0.6897736299740345,0.7960763930455369,0.7382024018227897,0.8093989727643371,0.8033547582245412,0.7462954740559218,0.7445421720863041,0.7567013001708576,0.8089020439259197,0.8073504250129347,0.7469345453757696,0.7659637541586535
0.7743046044320265,0.7622876166848623,0.7518412121814511,0.7978152890249384,0.7230526456945677,0.7462772360583445,0.7647793889387421,0.8002028075774494,0.7657312357507527,0.8007327378746087,0.7685152972879605,0.7969033886773729,0.7633642364945674,0.7984106666973769,0.7898591393606964,0.7657332049392476,0.7335046965367302,0.776357528468065,0.7463825142621662,0.7714772782271149,0.7708321843169638,0.7449734488538079,0.7742360229773652,0.7322787152102924,0.7458112152231411,0.752146282575479,0.7697868352192349,0.7985452428264836,0.7790353320990623,0.770894770956688,0.7905170835447088,0.7568905250279601,0.06309616042955934,0.7722352079299648,0.7484274997961559,1.0,0.755472419565755,0.7578487538603472,0.7537366595207333,0.7694603847114951,0.7984556026385394,0.7686491621380553,0.7651252397181858,0.8002450337279213,0.7988096215409473,0.7732502632507311,0.7644150832172423,0.7630871805909131,0.8094040917696331,0.7832578741106562
0.7610144471698909,0.764318144723729,0.7367155191284016,0.7371303478004732,0.7377255236813015,0.7559546051863018,0.9057173789259337,0.7424341520788628,0.7604145566860254,0.7346142827925546,0.7646436657497561,0.7413109077605027,0.77327663802477,0.7358040274945659,0.7348086486321659,0.8824412356624802,0.7425534092944217,0.7861664825550814,0.7681750668816058,0.9101350751319542,0.7891530824298254,0.7613517818374802,0.7960669804006569,0.7395978752580863,0.7585557513527257,0.7552291423346869,0.7730950655414746,0.7356820421426713,0.7554171746580585,0.7601906299976321,0.7363654512476241,0.778412188330367,0.062262956787911494,0.7772001826678427,0.7673722123097466,0.755472419565755,1.0,0.7615258411203771,0.6940560985385622,0.7722826492086541,0.7315674868975579,0.7673881851274201,0.7747274426778675,0.7398958878818491,0.7356908238987095,0.7535407200586323,0.7681397618791599,0.7669051618886819,0.7351104209683086,0.7615863287616446
0.775967031297288,0.8065401955037543,0.7479058676825769,0.7561226371476095,0.7753719489719701,0.7866960904872737,0.7675429560187838,0.7673194048046068,0.7659672247884823,0.7578624076452704,0.8156703947367336,0.7580125082456977,0.8177980008835686,0.7528859138270968,0.7539097736170047,0.7758595331592195,0.7569218996478768,0.8022179514851374,0.7725849439786321,0.7763986414116035,0.8067311903945653,0.7835965457108804,0.815683699556046,0.7582327388026047,0.7801690927435467,0.7853113370291795,0.8368484174100884,0.761435416829229,0.7808414117901571,0.7652405381342624,0.7508709027251713,0.8138246893755683,0.05712537470800816,0.8089525377931653,0.7788544156146684,0.7578487538603472,0.7615258411203771,1.0,0.6980955504366808,0.8267312282765351,0.7572169156027919,0.8008354354580591,0.8546322875433778,0.7660632061680446,0.7620872069715959,0.7622572819937593,0.8020509410936376,0.8013003192547082,0.7660183338926493,0.7741551855909925
0.7020302799004354,0.6945115482048061,0.6791842263245318,0.7355447223918246,0.6780023780345164,0.6938811207454998,0.7041403140341195,0.7368609578908791,0.6835953501464123,0.7394122842246442,0.6931998442658953,0.737811212334217,0.6926203020981766,0.7290998691506767,0.7288620599085875,0.6959894576353246,0.6724854907569588,0.7033943208651832,0.684420008455023,0.7028710857875706,0.7028811885766386,0.6799506602546171,0.7036003741799488,0.6696458989645411,0.688472296148842,0.6846496384846779,0.699203227305968,0.7364278029216345,0.7097507715563194,0.6944073890626128,0.721310528745896,0.702285031234348,0.05758809421225575,0.7060703391623872,0.6897736299740345,0.7537366595207333,0.6940560985385622,0.6980955504366808,1.0,0.6998606801114986,0.7275222316882599,0.6988211708234262,0.6946048057427507,0.7408163889101234,0.7428540073090057,0.6954059034377917,0.6910666233698857,0.6899268755871384,0.7342203719019705,0.7020996498525665
