../ecoli_genomes/GCF_000163235.1_ASM16323v1_genomic.fna.gz,../ecoli_genomes/GCF_000164555.1_ASM16455v1_genomic.fna.gz,../ecoli_genomes/GCF_000208545.1_ASM20854v2_genomic.fna.gz,../ecoli_genomes/GCF_000233875.1_ASM23387v1_genomic.fna.gz,../ecoli_genomes/GCF_000249735.1_ASM24973v2_genomic.fna.gz,../ecoli_genomes/GCF_000261145.1_Esch_coli_M919_V2_genomic.fna.gz,../ecoli_genomes/GCF_000267705.2_ASM26770v2_genomic.fna.gz,../ecoli_genomes/GCF_000350665.1_Esch_coli_KTE5_V1_genomic.fna.gz,../ecoli_genomes/GCF_000351625.1_Esch_coli_KTE66_V1_genomic.fna.gz,../ecoli_genomes/GCF_000352285.1_Esch_coli_KTE46_V1_genomic.fna.gz,../ecoli_genomes/GCF_000358895.1_ASM35889v1_genomic.fna.gz,../ecoli_genomes/GCF_000456385.1_Esch_coli_HVH_26_4-5703913_V1_genomic.fna.gz,../ecoli_genomes/GCF_000458195.1_Esch_coli_HVH_147_4-5893887_V1_genomic.fna.gz,../ecoli_genomes/GCF_000459755.1_Esch_coli_KOEGE_58_171a_V1_genomic.fna.gz,../ecoli_genomes/GCF_000460055.1_Esch_coli_UMEA_3053-1_V1_genomic.fna.gz,../ecoli_genomes/GCF_000462165.2_ASM46216v2_genomic.fna.gz,../ecoli_genomes/GCF_000601135.1_ASM60113v1_genomic.fna.gz,../ecoli_genomes/GCF_000614595.1_Ec2010EL1058_genomic.fna.gz,../ecoli_genomes/GCF_000617745.1_Ec2010C-4529_genomic.fna.gz,../ecoli_genomes/GCF_000618265.2_EcF6751_genomic.fna.gz,../ecoli_genomes/GCF_000619005.2_Ec2009C-4052_genomic.fna.gz,../ecoli_genomes/GCF_000619105.1_Ec2009C-4780_genomic.fna.gz,../ecoli_genomes/GCF_000619765.2_Ec2009C-3279_genomic.fna.gz,../ecoli_genomes/GCF_000687005.1_ASM68700v1_genomic.fna.gz,../ecoli_genomes/GCF_000687025.1_ASM68702v1_genomic.fna.gz,../ecoli_genomes/GCF_000700125.1_ASM70012v1_genomic.fna.gz,../ecoli_genomes/GCF_000753315.1_FHI35_genomic.fna.gz,../ecoli_genomes/GCF_000776375.1_ASM77637v1_genomic.fna.gz,../ecoli_genomes/GCF_000779395.1_ASM77939v1_genomic.fna.gz,../ecoli_genomes/GCF_000780315.1_ASM78031v1_genomic.fna.gz,../ecoli_genomes/GCF_000781995.1_ASM78199v1_genomic.fna.gz,../ecoli_genomes/GCF_000986765.1_ASM98676v1_genomic.fna.gz,../ecoli_genomes/GCF_001041375.1_ViralProj287958_genomic.fna.gz,../ecoli_genomes/GCF_001265335.1_302014_genomic.fna.gz,../ecoli_genomes/GCF_001265625.1_100854_genomic.fna.gz,../ecoli_genomes/GCF_001267345.1_303289_genomic.fna.gz,../ecoli_genomes/GCF_001309985.1_ASM130998v1_genomic.fna.gz,../ecoli_genomes/GCF_001521695.1_ASM152169v1_genomic.fna.gz,../ecoli_genomes/GCF_001592595.1_ASM159259v1_genomic.fna.gz,../ecoli_genomes/GCF_001614975.1_ASM161497v1_genomic.fna.gz,../ecoli_genomes/GCF_001692775.1_ASM169277v1_genomic.fna.gz,../ecoli_genomes/GCF_001748915.1_ASM174891v1_genomic.fna.gz,../ecoli_genomes/GCF_001749235.1_ASM174923v1_genomic.fna.gz,../ecoli_genomes/GCF_001881155.1_ASM188115v1_genomic.fna.gz,../ecoli_genomes/GCF_001881345.1_ASM188134v1_genomic.fna.gz,../ecoli_genomes/GCF_001892405.1_ASM189240v1_genomic.fna.gz,../ecoli_genomes/GCF_001892585.1_ASM189258v1_genomic.fna.gz,../ecoli_genomes/GCF_001893985.1_ASM189398v1_genomic.fna.gz,../ecoli_genomes/GCF_002001595.1_ASM200159v1_genomic.fna.gz,../ecoli_genomes/GCF_002002145.1_ASM200214v1_genomic.fna.gz
1.0,0.32622722400537696,0.2509026963792942,0.2829406124269598,0.29509887008130986,0.315350091445354,0.3018258621892469,0.293159388172028,0.3896504200871822,0.29559889556039565,0.3221645971213394,0.29154873181542396,0.3174480402623996,0.2765568231434711,0.2704297308746426,0.3050524242470739,0.26318366118903,0.307317993534471,0.2853696148983057,0.3004302553756132,0.3017820963100557,0.30563294810445596,0.31066663201726297,0.30196816845193675,0.2959135174317178,0.27602246062344693,0.31559840172632103,0.27812413228692645,0.33227650841447,0.3892466999000732,0.2616142912097462,0.31342100181501664,0.0,0.3125641219772922,0.3139800651219422,0.2799241893215525,0.2885776840245997,0.32320353013827874,0.23788825690330273,0.32202584048735217,0.270172639113601,0.310092752345711,0.32026166732911854,0.2894551660312151,0.29775418812610666,0.317845806425877,0.3040280719002072,0.3062093306526096,0.27702681275864316,0.34794222578562095
0.32622722400537696,1.0,0.23659242059609875,0.2735662295634753,0.3753042805008914,0.5614869510668252,0.34857481753680886,0.28068621949123473,0.29669387509883893,0.2796123238908669,0.4221449266616646,0.2842336169061638,0.4192265455484574,0.2621901353662851,0.2599363659386549,0.349947205077216,0.36325203866880007,0.41509794135334943,0.3661868631874504,0.35141707687782375,0.4082838201669645,0.4001616154993546,0.416885088135561,0.5105701657785168,0.4741690690763225,0.41799819815251305,0.42008346648982386,0.2765805637029889,0.3028639297825362,0.30928693352472714,0.25357022679271346,0.4010509957455054,0.0,0.4093725107758699,0.5666586036712852,0.27003510927619034,0.33113697451063595,0.4251372531280302,0.19971875923534033,0.42372864897890783,0.2578501984077537,0.47914035851875825,0.42585945244817647,0.28605403621452097,0.2881510722219016,0.28355716316741253,0.4822374119005247,0.48329461850221267,0.27833982733305607,0.3001903077385252
0.2509026963792942,0.23659242059609875,1.0,0.20507077980706434,0.19486950555449378,0.22216460135298988,0.2137996372172175,0.21140710713186794,0.24275899874038143,0.2135582238668764,0.22819890001874,0.20948655198776334,0.22602430856009548,0.20890557761776984,0.20489045071345546,0.2166772283924201,0.16592322224461464,0.22301340293988137,0.19669101323217564,0.21705813271430918,0.22027264361875687,0.212848253077198,0.22193594696854624,0.1985451969496912,0.18825166149976924,0.1847328569258626,0.2252554497141641,0.21173534115412895,0.2439882784009485,0.2500203167649866,0.19967806659442355,0.2124991500173743,0.0,0.22158614504227858,0.21633545120399245,0.2094545297026934,0.20545507876591973,0.22107509912847412,0.15320626374974533,0.22761047055130723,0.20600038007362698,0.2208731037512921,0.23022792387975555,0.21541112990131095,0.21081199779951065,0.23051546323321115,0.22714279953174477,0.22729464293228252,0.21319693209493318,0.24959410240993485
0.2829406124269598,0.2735662295634753,0.20507077980706434,1.0,0.25654869417545567,0.2664505807273537,0.2561701123078073,0.5056958734914714,0.28244079796698873,0.5245374054270897,0.2658638989376588,0.5120490538239977,0.27197840466982437,0.5466490336820549,0.5577215178717244,0.2612745429847647,0.21346663819962441,0.2591177136199818,0.23745540303266754,0.2530487661741406,0.25257780295943855,0.25330310768092135,0.2660426649728461,0.25059063894560796,0.2426702331715198,0.23302308785481796,0.26634155706214013,0.518188573949316,0.30001310612447685,0.27880699812597964,0.5048589027751202,0.26996930729886115,0.0,0.25674984725013694,0.25733597044205747,0.42220371476675944,0.25044030675582873,0.2639023775351417,0.3384323670148608,0.25943889388726493,0.5246472789475285,0.2586856165516074,0.26545865020665793,0.5272584392536344,0.5164308073913448,0.29731036541581013,0.2565254585970995,0.25724240214948535,0.457208494547369,0.3145138853109989
0.29509887008130986,0.3753042805008914,0.19486950555449378,0.25654869417545567,1.0,0.40148685826395714,0.3024892759496415,0.25990666033307996,0.2970028453788307,0.27083495765463217,0.4860592888106896,0.24464729721503253,0.46239936838981754,0.2443085181826724,0.2598609703781489,0.33635701481010816,0.3936087117995878,0.3861357354115992,0.36086835808450246,0.30006067087555266,0.39905673972397393,0.3942235061143432,0.3984532631698605,0.4372365758871771,0.41388483999296777,0.44586609199666616,0.4208871089645545,0.23053307608050533,0.29365233564779714,0.29315163080497786,0.2563093994982427,0.4654461250593993,0.0,0.42441212692007246,0.3966014607137188,0.23890184284192328,0.3072803971782774,0.4411498094074592,0.19259805858367507,0.4299530647464861,0.2643413808059907,0.3961879014111803,0.42950864660111754,0.247826856843128,0.2517229355435753,0.2521351404104376,0.3914388843430636,0.3941250056227984,0.24499417593622108,0.2750705522132426
0.315350091445354,0.5614869510668252,0.22216460135298988,0.2664505807273537,0.40148685826395714,1.0,0.35713148837124387,0.27875320370455914,0.3006187790099364,0.26814371926274283,0.4218909566371588,0.26506397345453914,0.4222193988062034,0.2590461600485061,0.26091295141836357,0.35758183700870083,0.3761498331739208,0.4163762533925718,0.37198485619261534,0.35337722113381576,0.4008972751708555,0.3980460748229394,0.41311760416016063,0.5132200875518558,0.4852687991728676,0.42079438903012645,0.4123587196581343,0.2626686497838594,0.309225312806216,0.3011835801818439,0.2542537733549376,0.40846812539544997,0.0,0.41576409500932043,0.5628109983359062,0.2736623927540939,0.3438412036588324,0.4180447252948726,0.209259692746794,0.4195820692716401,0.256430274582896,0.4817803883940419,0.42291515656668166,0.2699866475819678,0.2712634844253441,0.2803701607603314,0.4742384682349339,0.476969165416381,0.2679762268797241,0.30456969927453903
0.3018258621892469,0.34857481753680886,0.2137996372172175,0.2561701123078073,0.3024892759496415,0.35713148837124387,1.0,0.2562180397370073,0.29260221430323174,0.256730910157312,0.3534304441276688,0.25022677005742977,0.35475786894933226,0.25252040687176724,0.2454661901993248,0.7463859300140956,0.2630464428028513,0.38430733562191,0.34586368288631286,0.8609786530032222,0.38369005201974615,0.36400066421514377,0.38390529995262723,0.3245918591487785,0.2954133378451378,0.29486100133061677,0.3602595058077155,0.25002650202141063,0.28676661497353095,0.2923340741070133,0.24024470112394947,0.3360248544473343,0.0,0.35587416796674787,0.35118800061606814,0.26993273987049016,0.7905403840126302,0.3381432863293192,0.19759640159895764,0.35478828803049434,0.2421256115379744,0.34753207536187236,0.3567400495696418,0.25703567118122206,0.25547751106672933,0.26841102540478146,0.34401724012829926,0.3442468272470305,0.2533915123336705,0.29249614014099246
0.293159388172028,0.28068621949123473,0.21140710713186794,0.5056958734914714,0.25990666033307996,0.27875320370455914,0.2562180397370073,1.0,0.28143331453016285,0.5140369886708642,0.2669850797812193,0.4835732815028255,0.27686265752784955,0.49140947238871435,0.4871913471392326,0.2637486924250264,0.23114749014504032,0.26093201154804435,0.23665495593356467,0.25467636306064,0.2540483318976081,0.2560643914081523,0.2654446622358103,0.2644410185760274,0.25573050923017193,0.2415083761086637,0.2671200349712347,0.6938554315609742,0.3078573979036895,0.2813126458730548,0.48070595917736914,0.26929987542187206,0.0,0.26320567869618094,0.2600535991746319,0.4180091463259078,0.25017044756115603,0.2835297093472352,0.33991086439542806,0.27025196379213434,0.4894293833452541,0.26555188691696885,0.27075638865203533,0.7068636321306072,0.6787739201242116,0.2932797859855094,0.25874346943623994,0.2605714830335506,0.44993566216824077,0.3086017850691307
0.3896504200871822,0.29669387509883893,0.24275899874038143,0.28244079796698873,0.2970028453788307,0.3006187790099364,0.29260221430323174,0.28143331453016285,1.0,0.29305702058906535,0.3085183364688986,0.2649605479697821,0.3131376384221398,0.2724509937455374,0.2815341044758115,0.30372101926138295,0.23479088453446473,0.2963691882010635,0.26494477874216704,0.2934402757987916,0.2911598930010574,0.2917990520570459,0.30030170725157856,0.28313052266063365,0.26914463700915847,0.2671166895648718,0.3062564401894985,0.26138151789574193,0.3281240121771165,0.4198669502394833,0.27116043887263874,0.2979063893744863,0.0,0.2994553534368155,0.29809608636361085,0.27930213807560433,0.2879335488808221,0.2939069279869666,0.21067231366564787,0.30682085420768035,0.28023848132986573,0.3005574752550375,0.3119867730692264,0.2695240469500009,0.2662902195807947,0.3102630347825108,0.29500741050508505,0.29534716944244555,0.2719722750505157,0.34071172975329855
0.29559889556039565,0.2796123238908669,0.2135582238668764,0.5245374054270897,0.27083495765463217,0.26814371926274283,0.256730910157312,0.5140369886708642,0.29305702058906535,1.0,0.27826288985892333,0.490341951446983,0.28434980080722383,0.5135006120629839,0.5050449872294709,0.2669976751340397,0.21161693294854234,0.2639292106872062,0.2369582867488802,0.2553020580213662,0.2581654344622726,0.2561212857824461,0.25937466477417404,0.2549712573048354,0.24718553195502724,0.24307571952497042,0.27422173959048146,0.5027268187466063,0.30948412696826055,0.292337966557798,0.5252823239451232,0.2664427927920998,0.0,0.26206815184085064,0.2606242963082829,0.4384417585933119,0.24955660337509444,0.2690678970199263,0.3521887800883783,0.27299262057227625,0.5414962409166637,0.26459118921771774,0.26854284430960806,0.512694276803928,0.5130287107587259,0.2983198440392092,0.2623511173260512,0.2634938930005353,0.4788513143785458,0.31619069161109503
0.3221645971213394,0.4221449266616646,0.22819890001874,0.2658638989376588,0.4860592888106896,0.4218909566371588,0.3534304441276688,0.2669850797812193,0.3085183364688986,0.27826288985892333,1.0,0.2633982256514926,0.529881365253008,0.26593334447788697,0.2638553389218308,0.356833337875172,0.31336419532429827,0.47987465289963915,0.4275140797631838,0.3524012836143482,0.4830989686481486,0.4848754210221047,0.48802499474202043,0.40672468272363493,0.35677877699188876,0.3627783700512017,0.5072976562477145,0.2588703958502667,0.2975779945074928,0.31325326997492997,0.2530697687191916,0.45237252813627227,0.0,0.4832598505889957,0.42947407130647475,0.28099637817586987,0.3388701490802274,0.48314428166098733,0.20548611255176474,0.5158298882720915,0.26419105564822076,0.44607046345097656,0.5115802814018813,0.26794559909891214,0.2674397752241503,0.2842948645255936,0.43079120833177265,0.4312002074238305,0.270165084740542,0.30808040786143476
0.29154873181542396,0.2842336169061638,0.20948655198776334,0.5120490538239977,0.24464729721503253,0.26506397345453914,0.25022677005742977,0.4835732815028255,0.2649605479697821,0.490341951446983,0.2633982256514926,1.0,0.2639515545319505,0.505095122339663,0.6138995439884027,0.25395180255387284,0.20901256782021926,0.25554099270720276,0.23421611443168655,0.24808008459024966,0.25444020223948505,0.24986377271225435,0.2594546809031849,0.2519009382503167,0.23724440464073815,0.22795257573889038,0.2606499945265509,0.4893018377249243,0.3131148028705568,0.2723792556389444,0.45196464418052096,0.2571308397863561,0.0,0.25630648256009037,0.25622353878239035,0.41029694429006636,0.24133514923681132,0.2664689477192024,0.3335071424544531,0.2603952452359447,0.4730430031097642,0.25542111834479575,0.2639163880668104,0.497610236893528,0.49521647680084,0.2967142759012448,0.25901415958983987,0.2600764815812957,0.43612004217957734,0.3098592995275712
0.3174480402623996,0.4192265455484574,0.22602430856009548,0.27197840466982437,0.46239936838981754,0.4222193988062034,0.35475786894933226,0.27686265752784955,0.3131376384221398,0.28434980080722383,0.529881365253008,0.2639515545319505,1.0,0.2651207188609569,0.2741840963287413,0.3742296431087946,0.3140836529840372,0.49586863983049834,0.48391086017329377,0.3557596817769333,0.511709817688946,0.558143967439184,0.5520128071484387,0.3943083984677701,0.35589722293291326,0.3595309181961974,0.5438422288362981,0.2576795871750175,0.29946162903339824,0.31958010520922553,0.26298054837526574,0.5038139445697158,0.0,0.5400239320407352,0.41970838816260236,0.27192369347719225,0.3529275653078199,0.5068348413237127,0.2038748456748426,0.5419826203961995,0.2706478817203445,0.4348210939277507,0.5352698437784719,0.2659637314385518,0.262241179963409,0.2777445674203788,0.42736861993782005,0.42801690122632996,0.2707366853949629,0.3082360250937749
0.2765568231434711,0.2621901353662851,0.20890557761776984,0.5466490336820549,0.2443085181826724,0.2590461600485061,0.25252040687176724,0.49140947238871435,0.2724509937455374,0.5135006120629839,0.26593334447788697,0.505095122339663,0.2651207188609569,1.0,0.548091209130575,0.2557537904831946,0.19951176262114856,0.25734016537872506,0.22974690084079996,0.2520684922125279,0.2482381643554511,0.2507565292112084,0.2578691874297001,0.2363413803924609,0.2261072526557235,0.22268230505059594,0.26362558491380605,0.51092599244953,0.3013767706397854,0.27117475871984154,0.4953049851902227,0.2543615463742074,0.0,0.25399433393961934,0.24980554151636758,0.41904421507165246,0.2444631917283141,0.26223508730281375,0.33765708841493136,0.25659000733029713,0.5093906072309105,0.25248678621060194,0.2624925655244361,0.5144081368838654,0.504412633516417,0.29452390317257826,0.25318540153585967,0.25391204551219204,0.45525433752152866,0.31101419914720685
0.2704297308746426,0.2599363659386549,0.20489045071345546,0.5577215178717244,0.2598609703781489,0.26091295141836357,0.2454661901993248,0.4871913471392326,0.2815341044758115,0.5050449872294709,0.2638553389218308,0.6138995439884027,0.2741840963287413,0.548091209130575,1.0,0.2554823845995613,0.21534584778777133,0.25217891724221586,0.22697034127840365,0.24496124498512417,0.24859999692076495,0.24645089548070798,0.2567765845534752,0.24571656152875432,0.2356867747851007,0.23086556335702524,0.26090373776579523,0.4822597015656538,0.2981916459975982,0.2745177879326084,0.49729483308880085,0.2605455764042178,0.0,0.25254958590408305,0.25045783236188,0.41250663370001195,0.2424613451775971,0.25987446661493707,0.34070731997371895,0.2558090728210515,0.5178864452620783,0.25623192878853696,0.2587643061886996,0.4916271843977742,0.4849053770201923,0.29434562151943855,0.2597580015521753,0.2612979588627987,0.44119080305437763,0.3194221438939495
0.3050524242470739,0.349947205077216,0.2166772283924201,0.2612745429847647,0.33635701481010816,0.35758183700870083,0.7463859300140956,0.2637486924250264,0.30372101926138295,0.2669976751340397,0.356833337875172,0.25395180255387284,0.3742296431087946,0.2557537904831946,0.2554823845995613,1.0,0.2699799911883368,0.3701561437485358,0.3374521814618586,0.7553339627654513,0.36426447496456604,0.3618030571639288,0.37083182291200834,0.3314107792266042,0.30713413154614544,0.3074155122636133,0.35625820639328054,0.2494423053146808,0.28582499873432954,0.3096817397300212,0.25143027613177316,0.340970568393432,0.0,0.35355865060455816,0.3484141586442764,0.26802399538699606,0.7427914300698615,0.3443626790860115,0.19941220756335765,0.3528163522395297,0.25259695198307086,0.3490747785414796,0.3548729756970438,0.25649937647444043,0.2584620139088386,0.26816996906966273,0.34709236922541997,0.3479875075463009,0.2570607082494989,0.29447843382387295
0.26318366118903,0.36325203866880007,0.16592322224461464,0.21346663819962441,0.3936087117995878,0.3761498331739208,0.2630464428028513,0.23114749014504032,0.23479088453446473,0.21161693294854234,0.31336419532429827,0.20901256782021926,0.3140836529840372,0.19951176262114856,0.21534584778777133,0.2699799911883368,1.0,0.2902471582488392,0.272876536559584,0.25814901811439295,0.2925257614797996,0.30295897948180595,0.3085904439016339,0.5142556408558583,0.5464305245840129,0.5316443631533303,0.3046481208124425,0.19463357516866853,0.2541468034618256,0.2350621326879555,0.20763161247596318,0.40399529425866265,0.0,0.3414227748146308,0.40033615955275337,0.20891789674663785,0.25624259699795404,0.3096124861391871,0.1618576486908735,0.3133796423365921,0.20881687084871903,0.35344466790827067,0.30618270718053175,0.23065294142146509,0.2356967233905497,0.21995378136450894,0.3521598773841885,0.3610681989187864,0.2007584891323574,0.2405031045651026
0.307317993534471,0.41509794135334943,0.22301340293988137,0.2591177136199818,0.3861357354115992,0.4163762533925718,0.38430733562191,0.26093201154804435,0.2963691882010635,0.2639292106872062,0.47987465289963915,0.25554099270720276,0.49586863983049834,0.25734016537872506,0.25217891724221586,0.3701561437485358,0.2902471582488392,1.0,0.47858231607411317,0.38635054395444957,0.5181034125908488,0.5118874654571266,0.5300252796412737,0.3660039039186992,0.33255623570867343,0.3382903301138249,0.5067164267905099,0.2568799653586451,0.29419855139616236,0.3065694281156457,0.2428314901617662,0.4494426964537557,0.0,0.48290377825581887,0.4140193175619896,0.27820232252607824,0.36711566695014397,0.46368619869486327,0.19873347734399938,0.4983046707079093,0.24622856870265253,0.41530889379941494,0.4978939961207589,0.2582436362073378,0.25613186613738925,0.27529824102248523,0.42126792015708336,0.4211831224154732,0.25821818582380096,0.2969880009242799
0.2853696148983057,0.3661868631874504,0.19669101323217564,0.23745540303266754,0.36086835808450246,0.37198485619261534,0.34586368288631286,0.23665495593356467,0.26494477874216704,0.2369582867488802,0.4275140797631838,0.23421611443168655,0.48391086017329377,0.22974690084079996,0.22697034127840365,0.3374521814618586,0.272876536559584,0.47858231607411317,1.0,0.33771128803711703,0.4613262142709873,0.5009663810524725,0.46468267898639615,0.3362191078039872,0.31374689495340935,0.3032888396249771,0.4517156229418481,0.22883296512284068,0.2592540309676922,0.276255708679344,0.22114048470424785,0.43631774846120175,0.0,0.4291920497103692,0.3723638168861687,0.24888850909705407,0.32833209997503854,0.41754189252237806,0.18177506527173204,0.4460046260479841,0.22505497837366628,0.3702313426872236,0.4419176208280272,0.23710664615886146,0.23547423918399413,0.24848241072665056,0.3695533694445705,0.37177533387697137,0.23401468266450365,0.2672338466876055
0.3004302553756132,0.35141707687782375,0.21705813271430918,0.2530487661741406,0.30006067087555266,0.35337722113381576,0.8609786530032222,0.25467636306064,0.2934402757987916,0.2553020580213662,0.3524012836143482,0.24808008459024966,0.3557596817769333,0.2520684922125279,0.24496124498512417,0.7553339627654513,0.25814901811439295,0.38635054395444957,0.33771128803711703,1.0,0.38506377311844875,0.36043371723833084,0.38438090051690066,0.3165033515910347,0.29150505917420066,0.29253231737820073,0.36097214489470775,0.251658811328756,0.2900766138595171,0.29337265297841564,0.23739256520114504,0.33515436712666835,0.0,0.3529061288036043,0.3488213648717463,0.2665124289620403,0.7944060346717972,0.3393210184946359,0.19291782271586488,0.35698654742794556,0.24046759101302406,0.34793742610355427,0.3581357933763524,0.25365150848076135,0.2517391167206503,0.2705831600406057,0.3469044899489855,0.3478516961130925,0.2518546024865964,0.29391311968820444
0.3017820963100557,0.4082838201669645,0.22027264361875687,0.25257780295943855,0.39905673972397393,0.4008972751708555,0.38369005201974615,0.2540483318976081,0.2911598930010574,0.2581654344622726,0.4830989686481486,0.25444020223948505,0.511709817688946,0.2482381643554511,0.24859999692076495,0.36426447496456604,0.2925257614797996,0.5181034125908488,0.4613262142709873,0.38506377311844875,1.0,0.513418004641284,0.5400582806273113,0.36625214342440915,0.3330957380096957,0.3401405063753673,0.5179896053774593,0.2514386055731932,0.2848716178848987,0.30143396015885937,0.23757060759790827,0.46661861567475793,0.0,0.5023446655962982,0.40677817168215546,0.2732748918872563,0.36341440226903454,0.4780440060384058,0.19406624492966418,0.5121659313991147,0.24731845665456087,0.4023658381970371,0.50834430252671,0.25418554835085894,0.2542390148991711,0.27573616557752667,0.4159818836790897,0.4160459752638591,0.25506826476222944,0.2920152985406901
0.30563294810445596,0.4001616154993546,0.212848253077198,0.25330310768092135,0.3942235061143432,0.3980460748229394,0.36400066421514377,0.2560643914081523,0.2917990520570459,0.2561212857824461,0.4848754210221047,0.24986377271225435,0.558143967439184,0.2507565292112084,0.24645089548070798,0.3618030571639288,0.30295897948180595,0.5118874654571266,0.5009663810524725,0.36043371723833084,0.513418004641284,1.0,0.7062792933724817,0.3697431688956677,0.3402758073731458,0.3361969468591678,0.5199981992810117,0.24702637376991876,0.27656607670074973,0.2957235680761069,0.23972487058312908,0.4758529974053102,0.0,0.6314035064491514,0.4040577775948453,0.2658510137926845,0.34717341693868486,0.4801860211375738,0.19382673764476044,0.5147137723653668,0.24507255067367395,0.40228981890134685,0.5145763417634147,0.25680121079290164,0.2523697351125359,0.2680420730566163,0.4027844473457248,0.4039810975984035,0.25734095136160495,0.2942811192759087
0.31066663201726297,0.416885088135561,0.22193594696854624,0.2660426649728461,0.3984532631698605,0.41311760416016063,0.38390529995262723,0.2654446622358103,0.30030170725157856,0.25937466477417404,0.48802499474202043,0.2594546809031849,0.5520128071484387,0.2578691874297001,0.2567765845534752,0.37083182291200834,0.3085904439016339,0.5300252796412737,0.46468267898639615,0.38438090051690066,0.5400582806273113,0.7062792933724817,1.0,0.37056672878287,0.3405807239337194,0.3395355550252942,0.5363143338580724,0.26084729764695747,0.29400719795916574,0.2977961306879917,0.24825271272911265,0.4846624688922325,0.0,0.6401823826675499,0.40826983775655135,0.2742968017220456,0.36696079509721946,0.49057082423591125,0.2003332087119737,0.5264993571477243,0.2509628402562072,0.40957056130812985,0.5266142711226598,0.2632268027696635,0.2612173749706729,0.2788067531869496,0.41449325586901054,0.41532370081395087,0.2608828585979259,0.2985022058799557
0.30196816845193675,0.5105701657785168,0.1985451969496912,0.25059063894560796,0.4372365758871771,0.5132200875518558,0.3245918591487785,0.2644410185760274,0.28313052266063365,0.2549712573048354,0.40672468272363493,0.2519009382503167,0.3943083984677701,0.2363413803924609,0.24571656152875432,0.3314107792266042,0.5142556408558583,0.3660039039186992,0.3362191078039872,0.3165033515910347,0.36625214342440915,0.3697431688956677,0.37056672878287,1.0,0.5753356394838787,0.5193661609415989,0.38195569511977845,0.23075200638463267,0.28615782085630037,0.2867272462904106,0.2422877869848321,0.42731416984633463,0.0,0.39512427837190134,0.5501681277891873,0.25416952241362123,0.31125953327571376,0.37795779559556875,0.1880774402498,0.3821669170528327,0.251394304624437,0.4537141386082414,0.37935308541508894,0.2555115866105775,0.25880248655627847,0.25866848504231443,0.42866620815080536,0.4319906564191067,0.2417688152142976,0.27844929995252976
0.2959135174317178,0.4741690690763225,0.18825166149976924,0.2426702331715198,0.41388483999296777,0.4852687991728676,0.2954133378451378,0.25573050923017193,0.26914463700915847,0.24718553195502724,0.35677877699188876,0.23724440464073815,0.35589722293291326,0.2261072526557235,0.2356867747851007,0.30713413154614544,0.5464305245840129,0.33255623570867343,0.31374689495340935,0.29150505917420066,0.3330957380096957,0.3402758073731458,0.3405807239337194,0.5753356394838787,1.0,0.5220924044290731,0.3502853664206429,0.2169587522822769,0.2596069229007023,0.26884766259330095,0.23339657390944957,0.42888133744035706,0.0,0.3609214872790236,0.5072476082108599,0.23195212182468827,0.29273577512231197,0.3584933330435538,0.1809244226477691,0.35755569207827587,0.23682831796001091,0.4106200445702912,0.35324116324338894,0.2601913780460383,0.25636514951192635,0.2430468111099119,0.3956089213626425,0.4025710377362006,0.23952457100380686,0.2602699095073058
0.27602246062344693,0.41799819815251305,0.1847328569258626,0.23302308785481796,0.44586609199666616,0.42079438903012645,0.29486100133061677,0.2415083761086637,0.2671166895648718,0.24307571952497042,0.3627783700512017,0.22795257573889038,0.3595309181961974,0.22268230505059594,0.23086556335702524,0.3074155122636133,0.5316443631533303,0.3382903301138249,0.3032888396249771,0.29253231737820073,0.3401405063753673,0.3361969468591678,0.3395355550252942,0.5193661609415989,0.5220924044290731,1.0,0.3502856838163103,0.21398082965749865,0.28633072534507953,0.26910502720822393,0.2316278357210957,0.4054535242653584,0.0,0.36756923339713266,0.45407266010310965,0.2295515258143891,0.2937126448699948,0.3483722442371331,0.17434638167380545,0.3559558234509803,0.23353611349067582,0.42312363682479237,0.3439104269836398,0.24175740111189103,0.237170938493097,0.239101322250721,0.40473882095940694,0.4075118526749585,0.231972903181356,0.2618548696760945
0.31559840172632103,0.42008346648982386,0.2252554497141641,0.26634155706214013,0.4208871089645545,0.4123587196581343,0.3602595058077155,0.2671200349712347,0.3062564401894985,0.27422173959048146,0.5072976562477145,0.2606499945265509,0.5438422288362981,0.26362558491380605,0.26090373776579523,0.35625820639328054,0.3046481208124425,0.5067164267905099,0.4517156229418481,0.36097214489470775,0.5179896053774593,0.5199981992810117,0.5363143338580724,0.38195569511977845,0.3502853664206429,0.3502856838163103,1.0,0.25694118210266415,0.2937290985817389,0.30726419534069105,0.2546148466937159,0.4859819880445252,0.0,0.511560170925837,0.41391468696589595,0.2739880430326951,0.3439146683811536,0.5868547277368024,0.19790973994739547,0.5536176887352919,0.26057934952881456,0.4226644353960862,0.6287651529984856,0.26852079078881774,0.2614496279796864,0.2820171767643195,0.42119678217010825,0.42266462561717166,0.27102621815757444,0.30418001082434165
0.27812413228692645,0.2765805637029889,0.21173534115412895,0.518188573949316,0.23053307608050533,0.2626686497838594,0.25002650202141063,0.6938554315609742,0.26138151789574193,0.5027268187466063,0.2588703958502667,0.4893018377249243,0.2576795871750175,0.51092599244953,0.4822597015656538,0.2494423053146808,0.19463357516866853,0.2568799653586451,0.22883296512284068,0.251658811328756,0.2514386055731932,0.24702637376991876,0.26084729764695747,0.23075200638463267,0.2169587522822769,0.21398082965749865,0.25694118210266415,1.0,0.30274301341026255,0.2679925684505692,0.47056852919745273,0.2520707040659139,0.0,0.25210977631595266,0.24867386388223378,0.41152048049093537,0.23976576800718852,0.2704815492401925,0.33264688880997173,0.2583788872410051,0.48611384757531484,0.25187620540437994,0.2588291172699464,0.7889666965704538,0.7472330545524747,0.2923957114976664,0.2557395218143853,0.256696723378392,0.4529569075797599,0.300085625764669
0.33227650841447,0.3028639297825362,0.2439882784009485,0.30001310612447685,0.29365233564779714,0.309225312806216,0.28676661497353095,0.3078573979036895,0.3281240121771165,0.30948412696826055,0.2975779945074928,0.3131148028705568,0.29946162903339824,0.3013767706397854,0.2981916459975982,0.28582499873432954,0.2541468034618256,0.29419855139616236,0.2592540309676922,0.2900766138595171,0.2848716178848987,0.27656607670074973,0.29400719795916574,0.28615782085630037,0.2596069229007023,0.28633072534507953,0.2937290985817389,0.30274301341026255,1.0,0.32414807676766155,0.2895852534087415,0.2926478363612518,0.0,0.2974695907961904,0.2947914201693169,0.3020689229763506,0.27662691237372916,0.29321127868107255,0.22015605241902347,0.29429219783274063,0.28804970499415405,0.2920283511448122,0.29732719999733304,0.30102014313374537,0.2994406649916297,0.3871910835734975,0.2916374461699103,0.29201592186026304,0.29467018283880053,0.6117634637608508
0.3892466999000732,0.30928693352472714,0.2500203167649866,0.27880699812597964,0.29315163080497786,0.3011835801818439,0.2923340741070133,0.2813126458730548,0.4198669502394833,0.292337966557798,0.31325326997492997,0.2723792556389444,0.31958010520922553,0.27117475871984154,0.2745177879326084,0.3096817397300212,0.2350621326879555,0.3065694281156457,0.276255708679344,0.29337265297841564,0.30143396015885937,0.2957235680761069,0.2977961306879917,0.2867272462904106,0.26884766259330095,0.26910502720822393,0.30726419534069105,0.2679925684505692,0.32414807676766155,1.0,0.2731241811119469,0.294923140870639,0.0,0.29796064584037674,0.30277851990352767,0.2783232664093912,0.2873490316503764,0.30017742557875404,0.21905824762917236,0.3200416382697733,0.28156352891026704,0.30251649126092794,0.3098288502271169,0.2753813769486061,0.2725535374943169,0.3196830080380654,0.3054202263754635,0.3065594494883599,0.27367965055477295,0.3396750218154969
0.2616142912097462,0.25357022679271346,0.19967806659442355,0.5048589027751202,0.2563093994982427,0.2542537733549376,0.24024470112394947,0.48070595917736914,0.27116043887263874,0.5252823239451232,0.2530697687191916,0.45196464418052096,0.26298054837526574,0.4953049851902227,0.49729483308880085,0.25143027613177316,0.20763161247596318,0.2428314901617662,0.22114048470424785,0.23739256520114504,0.23757060759790827,0.23972487058312908,0.24825271272911265,0.2422877869848321,0.23339657390944957,0.2316278357210957,0.2546148466937159,0.47056852919745273,0.2895852534087415,0.2731241811119469,1.0,0.2540719742175266,0.0,0.24781248279088375,0.24338752898903293,0.4042195533949573,0.236007614620387,0.25076843325790943,0.32181566870327505,0.2499847226739509,0.662770243895077,0.2449078546395096,0.25003358800958797,0.4787295213690793,0.4660955422239744,0.281694181655618,0.2462043627330569,0.24687226898854342,0.43177154701581566,0.292503873650081
0.31342100181501664,0.4010509957455054,0.2124991500173743,0.26996930729886115,0.4654461250593993,0.40846812539544997,0.3360248544473343,0.26929987542187206,0.2979063893744863,0.2664427927920998,0.45237252813627227,0.2571308397863561,0.5038139445697158,0.2543615463742074,0.2605455764042178,0.340970568393432,0.40399529425866265,0.4494426964537557,0.43631774846120175,0.33515436712666835,0.46661861567475793,0.4758529974053102,0.4846624688922325,0.42731416984633463,0.42888133744035706,0.4054535242653584,0.4859819880445252,0.2520707040659139,0.2926478363612518,0.294923140870639,0.2540719742175266,1.0,0.0,0.482287154382965,0.40509696516310667,0.2564652811182869,0.33416962057751287,0.4752629636777368,0.19828969169977706,0.49709840580568854,0.2535562971136147,0.40122581501189436,0.4933305519319622,0.26192042069797816,0.2657726712351126,0.2686627847579319,0.4031943973886316,0.405892926771809,0.25095455621451046,0.2842021514371883
0.0,0.0,0.0,0.0,0.0,0.0,0.0,0.0,0.0,0.0,0.0,0.0,0.0,0.0,0.0,0.0,0.0,0.0,0.0,0.0,0.0,0.0,0.0,0.0,0.0,0.0,0.0,0.0,0.0,0.0,0.0,0.0,1.0,0.0,0.0,0.0,0.0,0.0,0.0,0.0,0.0,0.0,0.0,0.0,0.0,0.0,0.0,0.0,0.0,0.0
0.3125641219772922,0.4093725107758699,0.22158614504227858,0.25674984725013694,0.42441212692007246,0.41576409500932043,0.35587416796674787,0.26320567869618094,0.2994553534368155,0.26206815184085064,0.4832598505889957,0.25630648256009037,0.5400239320407352,0.25399433393961934,0.25254958590408305,0.35355865060455816,0.3414227748146308,0.48290377825581887,0.4291920497103692,0.3529061288036043,0.5023446655962982,0.6314035064491514,0.6401823826675499,0.39512427837190134,0.3609214872790236,0.36756923339713266,0.511560170925837,0.25210977631595266,0.2974695907961904,0.29796064584037674,0.24781248279088375,0.482287154382965,0.0,1.0,0.4237768347401558,0.2814895422988819,0.3381610986551583,0.4820003588382942,0.20630980159660428,0.5132662767370015,0.24916624851638447,0.41397990136626406,0.5178986793391702,0.2596425798578118,0.26101054623291053,0.27283831631512745,0.4117883244284659,0.41378397672056,0.26047226263643053,0.30014509420903157
0.3139800651219422,0.5666586036712852,0.21633545120399245,0.25733597044205747,0.3966014607137188,0.5628109983359062,0.35118800061606814,0.2600535991746319,0.29809608636361085,0.2606242963082829,0.42947407130647475,0.25622353878239035,0.41970838816260236,0.24980554151636758,0.25045783236188,0.3484141586442764,0.40033615955275337,0.4140193175619896,0.3723638168861687,0.3488213648717463,0.40677817168215546,0.4040577775948453,0.40826983775655135,0.5501681277891873,0.5072476082108599,0.45407266010310965,0.41391468696589595,0.24867386388223378,0.2947914201693169,0.30277851990352767,0.24338752898903293,0.40509696516310667,0.0,0.4237768347401558,1.0,0.2651859382126086,0.33215199528543005,0.40452820641873444,0.19844050485330866,0.4198601187819948,0.2490396136861026,0.4906860561097903,0.42077955345609874,0.2576387362183604,0.25729396082914213,0.2692911400871779,0.46825496794351873,0.46949913327560344,0.2560363040811223,0.292711887064224
0.2799241893215525,0.27003510927619034,0.2094545297026934,0.42220371476675944,0.23890184284192328,0.2736623927540939,0.26993273987049016,0.4180091463259078,0.27930213807560433,0.4384417585933119,0.28099637817586987,0.41029694429006636,0.27192369347719225,0.41904421507165246,0.41250663370001195,0.26802399538699606,0.20891789674663785,0.27820232252607824,0.24888850909705407,0.2665124289620403,0.2732748918872563,0.2658510137926845,0.2742968017220456,0.25416952241362123,0.23195212182468827,0.2295515258143891,0.2739880430326951,0.41152048049093537,0.3020689229763506,0.2783232664093912,0.4042195533949573,0.2564652811182869,0.0,0.2814895422988819,0.2651859382126086,1.0,0.2576082590613553,0.2620947746973712,0.34482117428672976,0.2775232782105401,0.4152188976177422,0.26828569169451555,0.27118492350490064,0.4234678302139878,0.42142298947776224,0.2924365783836469,0.26542536017133567,0.26574189256139036,0.4163185064829378,0.310185212278021
0.2885776840245997,0.33113697451063595,0.20545507876591973,0.25044030675582873,0.3072803971782774,0.3438412036588324,0.7905403840126302,0.25017044756115603,0.2879335488808221,0.24955660337509444,0.3388701490802274,0.24133514923681132,0.3529275653078199,0.2444631917283141,0.2424613451775971,0.7427914300698615,0.25624259699795404,0.36711566695014397,0.32833209997503854,0.7944060346717972,0.36341440226903454,0.34717341693868486,0.36696079509721946,0.31125953327571376,0.29273577512231197,0.2937126448699948,0.3439146683811536,0.23976576800718852,0.27662691237372916,0.2873490316503764,0.236007614620387,0.33416962057751287,0.0,0.3381610986551583,0.33215199528543005,0.2576082590613553,1.0,0.32845725706917583,0.19028181362897,0.3359093761217721,0.23487859167164804,0.33443084249017874,0.34297926440391835,0.24695959010735713,0.24540654541621065,0.2561511002439786,0.3288306100111832,0.3285170067072568,0.24082370799757025,0.28112097522028745
0.32320353013827874,0.4251372531280302,0.22107509912847412,0.2639023775351417,0.4411498094074592,0.4180447252948726,0.3381432863293192,0.2835297093472352,0.2939069279869666,0.2690678970199263,0.48314428166098733,0.2664689477192024,0.5068348413237127,0.26223508730281375,0.25987446661493707,0.3443626790860115,0.3096124861391871,0.46368619869486327,0.41754189252237806,0.3393210184946359,0.4780440060384058,0.4801860211375738,0.49057082423591125,0.37795779559556875,0.3584933330435538,0.3483722442371331,0.5868547277368024,0.2704815492401925,0.29321127868107255,0.30017742557875404,0.25076843325790943,0.4752629636777368,0.0,0.4820003588382942,0.40452820641873444,0.2620947746973712,0.32845725706917583,1.0,0.2032585872575492,0.5167060539863071,0.25687259128080053,0.41505912957659785,0.6208713501944365,0.28140016115821775,0.27232171162236196,0.2785201659388661,0.4214164429327464,0.4227383414759933,0.2748750391717716,0.2972073239426377
0.23788825690330273,0.19971875923534033,0.15320626374974533,0.3384323670148608,0.19259805858367507,0.209259692746794,0.19759640159895764,0.33991086439542806,0.21067231366564787,0.3521887800883783,0.20548611255176474,0.3335071424544531,0.2038748456748426,0.33765708841493136,0.34070731997371895,0.19941220756335765,0.1618576486908735,0.19873347734399938,0.18177506527173204,0.19291782271586488,0.19406624492966418,0.19382673764476044,0.2003332087119737,0.1880774402498,0.1809244226477691,0.17434638167380545,0.19790973994739547,0.33264688880997173,0.22015605241902347,0.21905824762917236,0.32181566870327505,0.19828969169977706,0.0,0.20630980159660428,0.19844050485330866,0.34482117428672976,0.19028181362897,0.2032585872575492,1.0,0.1966216384824816,0.32757007803059135,0.20083540437860536,0.19983885782498967,0.33953298014777644,0.34266082436245415,0.21146205368268844,0.1938380709606442,0.19458403412032665,0.32432942823097444,0.23420736885650129
0.32202584048735217,0.42372864897890783,0.22761047055130723,0.25943889388726493,0.4299530647464861,0.4195820692716401,0.35478828803049434,0.27025196379213434,0.30682085420768035,0.27299262057227625,0.5158298882720915,0.2603952452359447,0.5419826203961995,0.25659000733029713,0.2558090728210515,0.3528163522395297,0.3133796423365921,0.4983046707079093,0.4460046260479841,0.35698654742794556,0.5121659313991147,0.5147137723653668,0.5264993571477243,0.3821669170528327,0.35755569207827587,0.3559558234509803,0.5536176887352919,0.2583788872410051,0.29429219783274063,0.3200416382697733,0.2499847226739509,0.49709840580568854,0.0,0.5132662767370015,0.4198601187819948,0.2775232782105401,0.3359093761217721,0.5167060539863071,0.1966216384824816,1.0,0.2563919056945546,0.4268634620516327,0.5477614956653691,0.266033409422449,0.2686379063675949,0.2853798724189379,0.44153881767891145,0.4431505970099646,0.26523414561159664,0.30598412468609226
