../ecoli_genomes/GCF_000163235.1_ASM16323v1_genomic.fna.gz,../ecoli_genomes/GCF_000164555.1_ASM16455v1_genomic.fna.gz,../ecoli_genomes/GCF_000208545.1_ASM20854v2_genomic.fna.gz,../ecoli_genomes/GCF_000233875.1_ASM23387v1_genomic.fna.gz,../ecoli_genomes/GCF_000249735.1_ASM24973v2_genomic.fna.gz,../ecoli_genomes/GCF_000261145.1_Esch_coli_M919_V2_genomic.fna.gz,../ecoli_genomes/GCF_000267705.2_ASM26770v2_genomic.fna.gz,../ecoli_genomes/GCF_000350665.1_Esch_coli_KTE5_V1_genomic.fna.gz,../ecoli_genomes/GCF_000351625.1_Esch_coli_KTE66_V1_genomic.fna.gz,../ecoli_genomes/GCF_000352285.1_Esch_coli_KTE46_V1_genomic.fna.gz,../ecoli_genomes/GCF_000358895.1_ASM35889v1_genomic.fna.gz,../ecoli_genomes/GCF_000456385.1_Esch_coli_HVH_26_4-5703913_V1_genomic.fna.gz,../ecoli_genomes/GCF_000458195.1_Esch_coli_HVH_147_4-5893887_V1_genomic.fna.gz,../ecoli_genomes/GCF_000459755.1_Esch_coli_KOEGE_58_171a_V1_genomic.fna.gz,../ecoli_genomes/GCF_000460055.1_Esch_coli_UMEA_3053-1_V1_genomic.fna.gz,../ecoli_genomes/GCF_000462165.2_ASM46216v2_genomic.fna.gz,../ecoli_genomes/GCF_000601135.1_ASM60113v1_genomic.fna.gz,../ecoli_genomes/GCF_000614595.1_Ec2010EL1058_genomic.fna.gz,../ecoli_genomes/GCF_000617745.1_Ec2010C-4529_genomic.fna.gz,../ecoli_genomes/GCF_000618265.2_EcF6751_genomic.fna.gz,../ecoli_genomes/GCF_000619005.2_Ec2009C-4052_genomic.fna.gz,../ecoli_genomes/GCF_000619105.1_Ec2009C-4780_genomic.fna.gz,../ecoli_genomes/GCF_000619765.2_Ec2009C-3279_genomic.fna.gz,../ecoli_genomes/GCF_000687005.1_ASM68700v1_genomic.fna.gz,../ecoli_genomes/GCF_000687025.1_ASM68702v1_genomic.fna.gz,../ecoli_genomes/GCF_000700125.1_ASM70012v1_genomic.fna.gz,../ecoli_genomes/GCF_000753315.1_FHI35_genomic.fna.gz,../ecoli_genomes/GCF_000776375.1_ASM77637v1_genomic.fna.gz,../ecoli_genomes/GCF_000779395.1_ASM77939v1_genomic.fna.gz,../ecoli_genomes/GCF_000780315.1_ASM78031v1_genomic.fna.gz,../ecoli_genomes/GCF_000781995.1_ASM78199v1_genomic.fna.gz,../ecoli_genomes/GCF_000986765.1_ASM98676v1_genomic.fna.gz,../ecoli_genomes/GCF_001041375.1_ViralProj287958_genomic.fna.gz,../ecoli_genomes/GCF_001265335.1_302014_genomic.fna.gz,../ecoli_genomes/GCF_001265625.1_100854_genomic.fna.gz,../ecoli_genomes/GCF_001267345.1_303289_genomic.fna.gz,../ecoli_genomes/GCF_001309985.1_ASM130998v1_genomic.fna.gz,../ecoli_genomes/GCF_001521695.1_ASM152169v1_genomic.fna.gz,../ecoli_genomes/GCF_001592595.1_ASM159259v1_genomic.fna.gz,../ecoli_genomes/GCF_001614975.1_ASM161497v1_genomic.fna.gz,../ecoli_genomes/GCF_001692775.1_ASM169277v1_genomic.fna.gz,../ecoli_genomes/GCF_001748915.1_ASM174891v1_genomic.fna.gz,../ecoli_genomes/GCF_001749235.1_ASM174923v1_genomic.fna.gz,../ecoli_genomes/GCF_001881155.1_ASM188115v1_genomic.fna.gz,../ecoli_genomes/GCF_001881345.1_ASM188134v1_genomic.fna.gz,../ecoli_genomes/GCF_001892405.1_ASM189240v1_genomic.fna.gz,../ecoli_genomes/GCF_001892585.1_ASM189258v1_genomic.fna.gz,../ecoli_genomes/GCF_001893985.1_ASM189398v1_genomic.fna.gz,../ecoli_genomes/GCF_002001595.1_ASM200159v1_genomic.fna.gz,../ecoli_genomes/GCF_002002145.1_ASM200214v1_genomic.fna.gz
1.0,0.3816593584829271,0.3098354898979079,0.3360100590293831,0.34450101631791286,0.34942866736593214,0.3533372753707533,0.3375341460993423,0.4388517877183603,0.349322777689163,0.37694492314400696,0.34054097439008446,0.3627826723949975,0.33360626735117527,0.3220163126930533,0.3594107177780411,0.338323670259875,0.3636646350483732,0.31466846278734695,0.3588558659019464,0.3507883687508865,0.32989625007054124,0.3691015203118977,0.35130255098682095,0.3340897179667246,0.28922832109955,0.366009030167714,0.3331025787948936,0.3926019902928889,0.4388922531882552,0.3120068518487519,0.3478332652585654,0.0,0.3643994014183596,0.35238175602147026,0.31868308396021516,0.34396702829631987,0.37435814882291496,0.2751493157333734,0.3719232290602634,0.3175931158527392,0.3585362330531501,0.36947543809958105,0.3341676765888736,0.3455157291654567,0.3670212941457206,0.35844527470223864,0.36060935985470244,0.32810763328266024,0.40125683453859495
0.3816593584829271,1.0,0.2925825411268077,0.32966044791821314,0.4245225054909033,0.5351573897040859,0.39179449861569826,0.3326383954590951,0.35669817728557474,0.33844674706244704,0.4718013820276298,0.33907658201677393,0.4558855029809922,0.3271352289893026,0.31893631011459445,0.39982671220494126,0.4843389101576058,0.4589389244244011,0.3904610904907615,0.39955600621514265,0.4397509244778477,0.40994221113131823,0.46199248955652306,0.5572677739662706,0.53921113332424,0.40448911804207566,0.4633950246055002,0.3333473547027124,0.3611859347207369,0.36557390578049487,0.309704401046333,0.44080765622228724,0.0,0.45146759817737314,0.5749591203979896,0.3160614319089644,0.3765064437710792,0.4741394364873782,0.2615788533501837,0.4669588621580173,0.3144465282887008,0.49865024999138163,0.4676249032362084,0.3436198598921636,0.34413317300308,0.336978691392011,0.5137386429965327,0.5144637235553016,0.3405710742242557,0.3646532306261778
0.3098354898979079,0.2925825411268077,1.0,0.2615093940066612,0.2597176764815927,0.26017698110360665,0.271015713763587,0.2629223642201469,0.3023936248053014,0.2696789062147509,0.2923961031404052,0.2598002265204258,0.2791056778043117,0.26135024876158575,0.25484495831560416,0.2774435296841208,0.2580819968217851,0.2782444512129737,0.2410316825658726,0.2761266033150813,0.2760713108704258,0.25745520411948564,0.28441578101510634,0.2659616024329122,0.2542640701343135,0.21772356653648395,0.2860689140741116,0.2663638684216515,0.29762140751464505,0.3031159011746256,0.24990483997616342,0.26696444793638485,0.0,0.28584535534400224,0.27003860962772064,0.2600385942210497,0.2619129817867518,0.28596626536501857,0.21610517664866635,0.29244496309660906,0.25753293452876036,0.2769980057044894,0.29226742843304176,0.2727978158960157,0.2661780478622814,0.2810947809118366,0.28549463443613843,0.2855263807353875,0.27336674649569337,0.3039290997752421
0.3360100590293831,0.32966044791821314,0.2615093940066612,1.0,0.3405122780309344,0.30908620295316847,0.3092020067038358,0.5263535771645926,0.3428899920292372,0.5603156239275957,0.3267002470943682,0.5311553293175343,0.3290489632338287,0.577488008156287,0.5988938100247854,0.32097853882602456,0.3153216710979473,0.321443228817348,0.27279314650812425,0.31332753291279447,0.312852928344191,0.2848424266593893,0.33065733938001485,0.3171772293404759,0.3138568561823949,0.2655776516948949,0.3253577346753158,0.5587374444007098,0.35441330911183455,0.332283828643794,0.5340104528186171,0.3356407734290081,0.0,0.31371242640112573,0.3121349387777107,0.444320872906126,0.30608713857147285,0.3216134264860716,0.3945360916026468,0.31727899368496015,0.5596171565483647,0.31534027446594626,0.3215929887926894,0.5603863148123961,0.550220568501266,0.34647498759900053,0.3153463786881052,0.31628796388765745,0.49328191630512275,0.3658454480771298
0.34450101631791286,0.4245225054909033,0.2597176764815927,0.3405122780309344,1.0,0.4227989825355978,0.3567948914484508,0.32678171980181636,0.3586158570407215,0.345815310458786,0.5298787298299166,0.30557525216956616,0.4968868895194176,0.3216859189342548,0.3436437681471075,0.3811986460995179,0.450675358370924,0.4419650126925585,0.37573164079220966,0.36363367826821313,0.44941161945275543,0.39855664862573836,0.4554549118089781,0.45267267081286655,0.4384026197309676,0.3691075672232327,0.4673033429828015,0.3084841744762412,0.34532465794104394,0.35307871241893407,0.3191530427640439,0.48571345349948625,0.0,0.4544109858324994,0.4281358344064776,0.2957767541176838,0.36284522515784157,0.4913835495161838,0.26548595023243937,0.47540688225955463,0.33902291959110864,0.43451599869322,0.4872670758149138,0.3131897262210318,0.31898214961291793,0.31418355735158854,0.44321152404073527,0.44509592065951875,0.3035679959684574,0.33627675478061547
0.34942866736593214,0.5351573897040859,0.26017698110360665,0.30908620295316847,0.4227989825355978,1.0,0.3870787225672002,0.320942356471007,0.3365034125611316,0.31285737016013215,0.4369383688994778,0.2992049955765126,0.43074286437400056,0.30837516080563043,0.3041676949424632,0.3928990453924537,0.4612031818172946,0.4471947070744978,0.3832100128288456,0.38303757416770223,0.41201477476444937,0.4579235998294483,0.4461813830502954,0.5141085470332085,0.5000169369459386,0.37481000334099757,0.4205136117395195,0.30792357540840676,0.3433732634361424,0.33195391863956003,0.29017944879164215,0.4273774309392312,0.0,0.4400212957077043,0.5328190619911106,0.303806662833914,0.3684162328598568,0.4369505620691039,0.265555407217406,0.4325549315688809,0.29978528684763617,0.46999949409499364,0.43407565900584266,0.30746920702004643,0.3105097729534475,0.3140492885195504,0.47622973958156223,0.4795374051310006,0.3052707737061442,0.34364406976296646
0.3533372753707533,0.39179449861569826,0.271015713763587,0.3092020067038358,0.3567948914484508,0.3870787225672002,1.0,0.31039650605884406,0.35105817405099937,0.3112227989672556,0.40036065309542646,0.30284706103823567,0.38727194358182715,0.30640237482753974,0.29975377580828,0.7618483505861484,0.3713450201801477,0.433075812722567,0.37380565654427267,0.8495222479561816,0.4279317293325249,0.3903915107848769,0.43959411299771,0.3814162448817481,0.3655936964534794,0.31480843676221515,0.40640425292720683,0.3063700885052302,0.33678450464467435,0.3445125749848469,0.28823231627275236,0.3796897779043188,0.0,0.4016839098086036,0.39874972526893004,0.31495555054190816,0.7805148718918101,0.38849724548359854,0.2618780502614253,0.3963125433844834,0.2914072257713206,0.38676147111843706,0.3992613682708406,0.31202961188832445,0.3111386097171047,0.31467718952868307,0.38153055858892837,0.3818892224534399,0.3050086672927753,0.34629216771672244
0.3375341460993423,0.3326383954590951,0.2629223642201469,0.5263535771645926,0.32678171980181636,0.320942356471007,0.31039650605884406,1.0,0.33565909442770536,0.5353951739176435,0.328591132637715,0.5044450128852929,0.3335764839006802,0.5185688326465616,0.503306286886865,0.3189976220531757,0.31155466686596867,0.3258356156539045,0.28959960859977285,0.3151616251469145,0.31469407986516273,0.2939446314552213,0.32897009570136104,0.32407493055124736,0.30796168185168293,0.2622847114177469,0.328760586723157,0.7026580534951509,0.36127326946408367,0.3308817133508124,0.4934687682307719,0.32529115089558003,0.0,0.3243322038252131,0.31677900606669807,0.43713316482977793,0.3032498707787691,0.3465808695776259,0.3931223467259991,0.32812568884260507,0.5086463539428528,0.3251029091873623,0.33215472387577405,0.7007201164841934,0.6735815160547466,0.3413800976180399,0.3182414571843044,0.3185906869487465,0.48813767735483515,0.36085229497808835
0.4388517877183603,0.35669817728557474,0.3023936248053014,0.3428899920292372,0.3586158570407215,0.3365034125611316,0.35105817405099937,0.33565909442770536,1.0,0.35343952844119386,0.3717939707526242,0.32129691562136065,0.36769900436794967,0.33587468996745895,0.33865523756217775,0.3625468669458429,0.3395381063002042,0.35864952062052446,0.3023845267880605,0.3587617144692149,0.3473434086421022,0.3220062058396045,0.3609733936262016,0.35135196169194294,0.3322474321881461,0.28735054605949606,0.3685402437752141,0.3292429498727074,0.38715480021679227,0.46020998988357875,0.3247761695616149,0.35087570664142975,0.0,0.3538686227630574,0.3452128610744085,0.32407647061942935,0.3441450464375164,0.3602109841732367,0.27006048445925335,0.3688824608444762,0.3317967654962196,0.3542643049476576,0.37039549705480357,0.3318262571977728,0.32720918142438316,0.3619147407697343,0.35356465684660965,0.3535662624479996,0.32630027225476566,0.39653636808318027
0.349322777689163,0.33844674706244704,0.2696789062147509,0.5603156239275957,0.345815310458786,0.31285737016013215,0.3112227989672556,0.5353951739176435,0.35343952844119386,1.0,0.3395631403167023,0.5118873266111863,0.3441272337361976,0.5413588372993816,0.5402688331611927,0.325228891888906,0.3157406741304618,0.32872647287131496,0.2838772919784408,0.3171300307559838,0.3149423936900436,0.2957514721722999,0.3254082531901894,0.325513605556663,0.3147634175005988,0.270833284497352,0.3323292151846535,0.542409551414639,0.3679930671511764,0.3429521738438088,0.548323000713105,0.32824147120139413,0.0,0.31936640659367865,0.31712763606388905,0.4534527655019983,0.30879073091912546,0.33025855140808946,0.4073950380744511,0.3324975345207295,0.5598794725055434,0.3201161147408267,0.32802880731447925,0.5451013279754221,0.5451045937700172,0.3443407069133173,0.3214946151412349,0.3216032171289067,0.5094588694423654,0.36324986605901866
0.37694492314400696,0.4718013820276298,0.2923961031404052,0.3267002470943682,0.5298787298299166,0.4369383688994778,0.40036065309542646,0.328591132637715,0.3717939707526242,0.3395631403167023,1.0,0.32615088295821715,0.5617542034151681,0.332907398390498,0.3267726480035914,0.4122845673985053,0.4344886277814739,0.5190909732300029,0.4527831839020411,0.4084385784927017,0.51515963360376,0.49101237013211574,0.5301850983827117,0.45725414404359566,0.41571307447692873,0.36575211541509545,0.539431117489878,0.33049977129337915,0.3633625558224284,0.3758075089380898,0.31522784154723216,0.4923624696116775,0.0,0.518080270797814,0.462455745442915,0.32835354901694536,0.38448953382891893,0.5279970870017121,0.27114408794641887,0.5615360312162687,0.3194738716836669,0.4817845275171728,0.5494593230246785,0.33125614262488834,0.32748714719335126,0.34071454865003326,0.4802037445878552,0.48051683391199707,0.33188158642569177,0.37127092375069903
0.34054097439008446,0.33907658201677393,0.2598002265204258,0.5311553293175343,0.30557525216956616,0.2992049955765126,0.30284706103823567,0.5044450128852929,0.32129691562136065,0.5118873266111863,0.32615088295821715,1.0,0.3212402364521719,0.5295414363447011,0.6148394042706045,0.31152856481527424,0.2995254779423919,0.31273584313212754,0.27851379889941164,0.3059451240919391,0.31162668318314657,0.288490023726777,0.31979692369394364,0.31366850944147084,0.29737060492958145,0.26987712270359854,0.31805714032666,0.5160399430350695,0.3602584627542478,0.32604106149399703,0.47329826724603186,0.3068635363966937,0.0,0.31354907611850735,0.3144421035308186,0.4265752871558842,0.29337157616814147,0.3257157375504661,0.38444579983911986,0.3211512487533271,0.49354054468527253,0.30513094382548756,0.32234844992527745,0.5206115492765646,0.5183042653666577,0.34811249719566506,0.3146598306410495,0.3155676339079948,0.473453841111802,0.3578499394537964
0.3627826723949975,0.4558855029809922,0.2791056778043117,0.3290489632338287,0.4968868895194176,0.43074286437400056,0.38727194358182715,0.3335764839006802,0.36769900436794967,0.3441272337361976,0.5617542034151681,0.3212402364521719,1.0,0.32390295266230607,0.3333496462728247,0.4099038715825215,0.42545149850677777,0.5157297644664268,0.5233151537949458,0.39536418549005814,0.5201719648398928,0.5518218784296967,0.5703604047949339,0.4457622760014779,0.4056014715737444,0.3565860232981506,0.5593291894999641,0.3266540142192318,0.3491878199678712,0.3756006461306951,0.3154049506812311,0.5402327771472517,0.0,0.5536004462548392,0.45166696576156207,0.31201661984001483,0.38442356674506073,0.5377568543079936,0.26057332042251746,0.5663920835797891,0.3265771658903146,0.4600173753795085,0.5567241789762146,0.32783507866089334,0.32309468609694403,0.3253051355758533,0.4636195545953299,0.46404145893552906,0.3225463013845472,0.35507070404402175
0.33360626735117527,0.3271352289893026,0.26135024876158575,0.577488008156287,0.3216859189342548,0.30837516080563043,0.30640237482753974,0.5185688326465616,0.33587468996745895,0.5413588372993816,0.332907398390498,0.5295414363447011,0.32390295266230607,1.0,0.5823233088162212,0.31347026965715274,0.3030442730253742,0.32328364146078814,0.28342306308248744,0.3113982865283488,0.31023663520229916,0.2924128010013297,0.3262010705001571,0.3058766132603712,0.2975943750470925,0.25556472590721113,0.3249341745918769,0.5538080216715902,0.3583774152829836,0.3272136718200904,0.5202067648458764,0.31666748828858005,0.0,0.3159143079957559,0.3116434452847938,0.44066425045709745,0.2976409893226376,0.32668017056087706,0.38970119519845825,0.32095067082071804,0.5373982443896623,0.3164530167141216,0.3245648189609929,0.5497083854439185,0.5405495608331758,0.3468380061737756,0.31956975117081565,0.3205136997830893,0.4957676805942175,0.3662168482299777
0.3220163126930533,0.31893631011459445,0.25484495831560416,0.5988938100247854,0.3436437681471075,0.3041676949424632,0.29975377580828,0.503306286886865,0.33865523756217775,0.5402688331611927,0.3267726480035914,0.6148394042706045,0.3333496462728247,0.5823233088162212,1.0,0.3158997726609517,0.3174848161890036,0.3126358071204677,0.2716881948874381,0.3058418666088363,0.3075042709983995,0.2847422433284059,0.32235995292056463,0.3176547195102687,0.3085634985848098,0.2641695244097113,0.3195920864303675,0.5256611008314342,0.3540799340736335,0.32737894110342647,0.5292354169309528,0.32886747211407663,0.0,0.3087416073771978,0.30994019591177324,0.43603643156782235,0.3010874899887259,0.3207697412411127,0.38826374006848463,0.31548809697313995,0.549058863296654,0.31173819837187855,0.31931739935871783,0.5229118051478219,0.5143638986876946,0.34481864359172065,0.3184214672760307,0.3191775406728192,0.4817242586404593,0.36701681000493935
0.3594107177780411,0.39982671220494126,0.2774435296841208,0.32097853882602456,0.3811986460995179,0.3928990453924537,0.7618483505861484,0.3189976220531757,0.3625468669458429,0.325228891888906,0.4122845673985053,0.31152856481527424,0.4099038715825215,0.31347026965715274,0.3158997726609517,1.0,0.37855797419560966,0.42503207046851665,0.37670145025306667,0.780006021285934,0.4144052984647417,0.3944493738464472,0.4331809666947396,0.39345339556814607,0.373578288702926,0.3326385303307823,0.40490059903571884,0.31493608210079005,0.3431691569034334,0.3633801507070876,0.2998455062547416,0.3914373619831355,0.0,0.4041954031345393,0.4026991715728022,0.3165744281500902,0.7476424582878778,0.39614425465701064,0.26124509284943764,0.4026418354974296,0.3075413091099517,0.3923413456258029,0.4052322088808096,0.31854113136325424,0.3181518349350415,0.3221218020267138,0.39244294506569366,0.39280458381316885,0.31443007661016287,0.3543212535805963
0.338323670259875,0.4843389101576058,0.2580819968217851,0.3153216710979473,0.450675358370924,0.4612031818172946,0.3713450201801477,0.31155466686596867,0.3395381063002042,0.3157406741304618,0.4344886277814739,0.2995254779423919,0.42545149850677777,0.3030442730253742,0.3174848161890036,0.37855797419560966,1.0,0.4234860426281898,0.35518857973667306,0.3746093016081983,0.41454327509800093,0.385419748983177,0.440119271266895,0.5407262266138689,0.5081718018768737,0.4129162791469174,0.42581447182959276,0.29992235641716025,0.3411604283107996,0.3321917013272525,0.29656968839265296,0.4751490171832703,0.0,0.4375579812650552,0.4858327525254914,0.3050990575458936,0.36958718682622305,0.4259337436113948,0.25107113759290633,0.4268808317995505,0.30153956713556296,0.45495790212369247,0.43150769052226845,0.3076726088799523,0.31420377944932576,0.30827379411878897,0.47363094120100624,0.4767537660266661,0.2975655310191695,0.3322960423419725
0.3636646350483732,0.4589389244244011,0.2782444512129737,0.321443228817348,0.4419650126925585,0.4471947070744978,0.433075812722567,0.3258356156539045,0.35864952062052446,0.32872647287131496,0.5190909732300029,0.31273584313212754,0.5157297644664268,0.32328364146078814,0.3126358071204677,0.42503207046851665,0.4234860426281898,1.0,0.48734840126324264,0.43570655512645384,0.5464244774158203,0.5098264162850782,0.5626322778398168,0.43183793032480733,0.40475434722770265,0.35134519685394494,0.5303510048820276,0.32267999817361337,0.35018601508378,0.36431753530074396,0.3078213277503963,0.4849707337752457,0.0,0.516186441375128,0.45292074141159844,0.33179076493450677,0.4170182064107677,0.5049388939165099,0.26975537500936664,0.5309682842720771,0.30919821185547347,0.4534448035392026,0.5254715274023604,0.3251281784466675,0.322169704717991,0.32662627334495464,0.45884368679532506,0.45929612233271133,0.3170691320830086,0.35794345735743627
0.31466846278734695,0.3904610904907615,0.2410316825658726,0.27279314650812425,0.37573164079220966,0.3832100128288456,0.37380565654427267,0.28959960859977285,0.3023845267880605,0.2838772919784408,0.4527831839020411,0.27851379889941164,0.5233151537949458,0.28342306308248744,0.2716881948874381,0.37670145025306667,0.35518857973667306,0.48734840126324264,1.0,0.3704627510199908,0.4690420253616199,0.5282485532602412,0.47884392933977515,0.3642878378703478,0.34949641294247924,0.3016648351396146,0.4506139730868578,0.2869923109065181,0.30165937245677177,0.30953109669107715,0.2645896424785036,0.4678997734245257,0.0,0.4391674654094976,0.3934920700227227,0.2812017555061179,0.36266134719514154,0.436260554679628,0.23096025470485326,0.4535457515828929,0.26839778791638846,0.38334038446901264,0.44787196845957267,0.288238857690283,0.28741275078874673,0.28675508379806025,0.387725300851232,0.38897652172624864,0.2754001603891505,0.3091383808070829
0.3588558659019464,0.39955600621514265,0.2761266033150813,0.31332753291279447,0.36363367826821313,0.38303757416770223,0.8495222479561816,0.3151616251469145,0.3587617144692149,0.3171300307559838,0.4084385784927017,0.3059451240919391,0.39536418549005814,0.3113982865283488,0.3058418666088363,0.780006021285934,0.3746093016081983,0.43570655512645384,0.3704627510199908,1.0,0.4306437589929446,0.3867536264287387,0.4390492183838961,0.3822368815969891,0.37332774260118406,0.3187189959832263,0.4095364402771482,0.3115086831160374,0.34274379562441815,0.35213167156497804,0.2942826966740455,0.38431406335147844,0.0,0.40445134155417506,0.40164633732741994,0.31637024142465764,0.8004032556898111,0.3969267486734305,0.25982913086622605,0.40434482132107197,0.29702310522919595,0.393130896972934,0.4072704098506458,0.31386799280787936,0.31187737092029166,0.32082843100888514,0.389247554791726,0.38962242382532253,0.31173838713905966,0.3532527148461786
0.3507883687508865,0.4397509244778477,0.2760713108704258,0.312852928344191,0.44941161945275543,0.41201477476444937,0.4279317293325249,0.31469407986516273,0.3473434086421022,0.3149423936900436,0.51515963360376,0.31162668318314657,0.5201719648398928,0.31023663520229916,0.3075042709983995,0.4144052984647417,0.41454327509800093,0.5464244774158203,0.4690420253616199,0.4306437589929446,1.0,0.49831179570236384,0.5686498060142886,0.4216336818243239,0.3979839406311596,0.3560351193724898,0.5351254546704534,0.3151497317324772,0.3375634128452225,0.3589500120202024,0.29564437800762466,0.496189959421964,0.0,0.5274707642702469,0.4416180424121541,0.32248113709478654,0.40827212443620786,0.5158122380039394,0.2598834895636446,0.5393298990837383,0.30281673317152213,0.43530792050550904,0.5288411540734516,0.3180791939592721,0.31760540272225,0.3261366106497937,0.4552521804814752,0.4550200529488899,0.31195398592637746,0.3481879824116021
0.32989625007054124,0.40994221113131823,0.25745520411948564,0.2848424266593893,0.39855664862573836,0.4579235998294483,0.3903915107848769,0.2939446314552213,0.3220062058396045,0.2957514721722999,0.49101237013211574,0.288490023726777,0.5518218784296967,0.2924128010013297,0.2847422433284059,0.3944493738464472,0.385419748983177,0.5098264162850782,0.5282485532602412,0.3867536264287387,0.49831179570236384,1.0,0.643834566351532,0.3842944148825713,0.3639229772736372,0.32045662553918763,0.4946809628951885,0.294860656076655,0.3145790886144493,0.32712632771810024,0.277699510895432,0.48446820438436455,0.0,0.577989615265782,0.40532815054763716,0.29259039483500227,0.3712313434850213,0.479854450112124,0.24329614022271728,0.5022053081094328,0.2795085523694397,0.413056398366507,0.4991804132481117,0.29540742251854324,0.2924447792827537,0.2994989476683029,0.4127474371136589,0.41325628659175295,0.2901796516194479,0.3229856831779272
0.3691015203118977,0.46199248955652306,0.28441578101510634,0.33065733938001485,0.4554549118089781,0.4461813830502954,0.43959411299771,0.32897009570136104,0.3609733936262016,0.3254082531901894,0.5301850983827117,0.31979692369394364,0.5703604047949339,0.3262010705001571,0.32235995292056463,0.4331809666947396,0.440119271266895,0.5626322778398168,0.47884392933977515,0.4390492183838961,0.5686498060142886,0.643834566351532,1.0,0.4323979813166683,0.4203556816032813,0.36226263225247635,0.5662578436442087,0.32853732138062686,0.3569948277850514,0.3626418671527797,0.3104227436815533,0.519307715418444,0.0,0.6519812743144524,0.457952063984719,0.3303005805949595,0.4203089546919302,0.534318700153712,0.27107100703358755,0.5547071209181611,0.31500154939020564,0.455623348547483,0.5504994130472489,0.3308572384516373,0.3285251863380414,0.3300564250157404,0.46131658435558043,0.4620780114682802,0.32300725985792356,0.3607093959910843
0.35130255098682095,0.5572677739662706,0.2659616024329122,0.3171772293404759,0.45267267081286655,0.5141085470332085,0.3814162448817481,0.32407493055124736,0.35135196169194294,0.325513605556663,0.45725414404359566,0.31366850944147084,0.4457622760014779,0.3058766132603712,0.3176547195102687,0.39345339556814607,0.5407262266138689,0.43183793032480733,0.3642878378703478,0.3822368815969891,0.4216336818243239,0.3842944148825713,0.4323979813166683,1.0,0.5503223037447477,0.4031221277257936,0.43710179693970574,0.30608558421136733,0.3488170567403037,0.35117890892477255,0.30098109693621666,0.45204902269802594,0.0,0.4342338161330963,0.5614314289221849,0.3057296369955391,0.37723354743163573,0.4347654873918897,0.2523046678521095,0.43714875121180985,0.3082812842470094,0.4790327094967243,0.4350959276468481,0.3125421827643128,0.32072715039802346,0.3142471619561452,0.477652060823725,0.4798798631181729,0.3053070944493863,0.3405646641137169
0.3340897179667246,0.53921113332424,0.2542640701343135,0.3138568561823949,0.4384026197309676,0.5000169369459386,0.3655936964534794,0.30796168185168293,0.3322474321881461,0.3147634175005988,0.41571307447692873,0.29737060492958145,0.4056014715737444,0.2975943750470925,0.3085634985848098,0.373578288702926,0.5081718018768737,0.40475434722770265,0.34949641294247924,0.37332774260118406,0.3979839406311596,0.3639229772736372,0.4203556816032813,0.5503223037447477,1.0,0.42479232572467973,0.40764563577015156,0.2917170968193451,0.3307877873425906,0.32494650057686847,0.2905785505574474,0.4666573121376768,0.0,0.4053690290485539,0.5402956063455147,0.288654307213834,0.3708255065299543,0.4196372893453014,0.23868634558669943,0.4040073216398554,0.2989668496104998,0.44496183006919454,0.42493995066759194,0.30909303698317125,0.313253854168723,0.3120729478560512,0.45391829204153067,0.4573320983213235,0.3004166554172961,0.3283626845714327
0.28922832109955,0.40448911804207566,0.21772356653648395,0.2655776516948949,0.3691075672232327,0.37481000334099757,0.31480843676221515,0.2622847114177469,0.28735054605949606,0.270833284497352,0.36575211541509545,0.26987712270359854,0.3565860232981506,0.25556472590721113,0.2641695244097113,0.3326385303307823,0.4129162791469174,0.35134519685394494,0.3016648351396146,0.3187189959832263,0.3560351193724898,0.32045662553918763,0.36226263225247635,0.4031221277257936,0.42479232572467973,1.0,0.35841408334220703,0.2506706995571555,0.27641909906428663,0.28168686464856263,0.25145410433386894,0.36761228970837767,0.0,0.3521446505038054,0.4061691795672334,0.251217585226543,0.3144756770805074,0.37044839070472335,0.21294125198550207,0.3640888637817806,0.25637525076768564,0.38068201966335147,0.3582593212606733,0.2684375522258666,0.27366117510120347,0.2562056299672856,0.39955013867621303,0.40110397108730844,0.25737317114852054,0.2771282819646801
0.366009030167714,0.4633950246055002,0.2860689140741116,0.3253577346753158,0.4673033429828015,0.4205136117395195,0.40640425292720683,0.328760586723157,0.3685402437752141,0.3323292151846535,0.539431117489878,0.31805714032666,0.5593291894999641,0.3249341745918769,0.3195920864303675,0.40490059903571884,0.42581447182959276,0.5303510048820276,0.4506139730868578,0.4095364402771482,0.5351254546704534,0.4946809628951885,0.5662578436442087,0.43710179693970574,0.40764563577015156,0.35841408334220703,1.0,0.32689548922803446,0.358375955219008,0.3693699912196986,0.31139799193827367,0.5144114999085929,0.0,0.532562668735909,0.4516212384482863,0.3206973803888642,0.38856012312429666,0.6145944336082774,0.25959763795423585,0.5725726877289,0.3171284649253072,0.4552012860911785,0.6361150412961656,0.33239130705500874,0.32521125290962694,0.3382302775481014,0.45976208874321844,0.45971554164977324,0.3268030388556977,0.3632237846640337
0.3331025787948936,0.3333473547027124,0.2663638684216515,0.5587374444007098,0.3084841744762412,0.30792357540840676,0.3063700885052302,0.7026580534951509,0.3292429498727074,0.542409551414639,0.33049977129337915,0.5160399430350695,0.3266540142192318,0.5538080216715902,0.5256611008314342,0.31493608210079005,0.29992235641716025,0.32267999817361337,0.2869923109065181,0.3115086831160374,0.3151497317324772,0.294860656076655,0.32853732138062686,0.30608558421136733,0.2917170968193451,0.2506706995571555,0.32689548922803446,1.0,0.3594200541779091,0.3285807965629852,0.5033452955015387,0.3163148976626179,0.0,0.3189102554016131,0.30994542629015,0.444930146661747,0.2964574390040342,0.33746723235544673,0.39874105407531724,0.3233530833723175,0.5232320219097344,0.3159973984697726,0.3242378391720808,0.8212277839974947,0.7716047324386428,0.3437061481041588,0.31997452340854304,0.32020354891773084,0.5069150743871433,0.35846575707120454
0.3926019902928889,0.3611859347207369,0.29762140751464505,0.35441330911183455,0.34532465794104394,0.3433732634361424,0.33678450464467435,0.36127326946408367,0.38715480021679227,0.3679930671511764,0.3633625558224284,0.3602584627542478,0.3491878199678712,0.3583774152829836,0.3540799340736335,0.3431691569034334,0.3411604283107996,0.35018601508378,0.30165937245677177,0.34274379562441815,0.3375634128452225,0.3145790886144493,0.3569948277850514,0.3488170567403037,0.3307877873425906,0.27641909906428663,0.358375955219008,0.3594200541779091,1.0,0.3794048677672617,0.34174416725298473,0.34222877368365356,0.0,0.3475996270011038,0.3447089669172584,0.34340064133136006,0.32591573176779065,0.3613597646480564,0.28735498564092854,0.35552748846238125,0.34243394877647293,0.34349059201682997,0.3537131970855848,0.3586796625388984,0.35829902652305823,0.42863907024749015,0.3469507324027803,0.3480180783409369,0.3529935117751126,0.6317903951681849
0.4388922531882552,0.36557390578049487,0.3031159011746256,0.332283828643794,0.35307871241893407,0.33195391863956003,0.3445125749848469,0.3308817133508124,0.46020998988357875,0.3429521738438088,0.3758075089380898,0.32604106149399703,0.3756006461306951,0.3272136718200904,0.32737894110342647,0.3633801507070876,0.3321917013272525,0.36431753530074396,0.30953109669107715,0.35213167156497804,0.3589500120202024,0.32712632771810024,0.3626418671527797,0.35117890892477255,0.32494650057686847,0.28168686464856263,0.3693699912196986,0.3285807965629852,0.3794048677672617,1.0,0.31392149707856554,0.34465019183611145,0.0,0.3545839304873618,0.35387022703493975,0.31750455072028494,0.33661060507170115,0.36480290677537297,0.27675824206045363,0.3810367134901662,0.32530956836583147,0.3523676056652706,0.3719525014946249,0.3316235052932486,0.32445686111556327,0.37223646546391,0.3651734779298993,0.36561707953709344,0.3251170623437456,0.3949358182133962
0.3120068518487519,0.309704401046333,0.24990483997616342,0.5340104528186171,0.3191530427640439,0.29017944879164215,0.28823231627275236,0.4934687682307719,0.3247761695616149,0.548323000713105,0.31522784154723216,0.47329826724603186,0.3154049506812311,0.5202067648458764,0.5292354169309528,0.2998455062547416,0.29656968839265296,0.3078213277503963,0.2645896424785036,0.2942826966740455,0.29564437800762466,0.277699510895432,0.3104227436815533,0.30098109693621666,0.2905785505574474,0.25145410433386894,0.31139799193827367,0.5033452955015387,0.34174416725298473,0.31392149707856554,1.0,0.30952671789844544,0.0,0.30073384329259023,0.29179878102548007,0.4223484343793773,0.2874108393239505,0.3088905846470126,0.37304518835270173,0.3112971124390407,0.6552808876944464,0.29930345086545573,0.30795720145617245,0.5080659055358447,0.49718165173727624,0.3245497676449127,0.3062123068357685,0.3061569265136366,0.4671116329168715,0.33784254579814677
0.3478332652585654,0.44080765622228724,0.26696444793638485,0.3356407734290081,0.48571345349948625,0.4273774309392312,0.3796897779043188,0.32529115089558003,0.35087570664142975,0.32824147120139413,0.4923624696116775,0.3068635363966937,0.5402327771472517,0.31666748828858005,0.32886747211407663,0.3914373619831355,0.4751490171832703,0.4849707337752457,0.4678997734245257,0.38431406335147844,0.496189959421964,0.48446820438436455,0.519307715418444,0.45204902269802594,0.4666573121376768,0.36761228970837767,0.5144114999085929,0.3163148976626179,0.34222877368365356,0.34465019183611145,0.30952671789844544,1.0,0.0,0.5020567168348582,0.43255374170337113,0.299632568315777,0.38264263475612137,0.5183798794184875,0.25850445683916956,0.5161082581975458,0.3163930764500713,0.4402955048586732,0.5298182521319709,0.31821735051735645,0.32469387752629286,0.316963147237991,0.44473444447990396,0.4474577258833963,0.2994076541511431,0.3402349451360629
0.0,0.0,0.0,0.0,0.0,0.0,0.0,0.0,0.0,0.0,0.0,0.0,0.0,0.0,0.0,0.0,0.0,0.0,0.0,0.0,0.0,0.0,0.0,0.0,0.0,0.0,0.0,0.0,0.0,0.0,0.0,0.0,1.0,0.0,0.0,0.0,0.0,0.0,0.0,0.0,0.0,0.0,0.0,0.0,0.0,0.0,0.0,0.0,0.0,0.0
0.3643994014183596,0.45146759817737314,0.28584535534400224,0.31371242640112573,0.4544109858324994,0.4400212957077043,0.4016839098086036,0.3243322038252131,0.3538686227630574,0.31936640659367865,0.518080270797814,0.31354907611850735,0.5536004462548392,0.3159143079957559,0.3087416073771978,0.4041954031345393,0.4375579812650552,0.516186441375128,0.4391674654094976,0.40445134155417506,0.5274707642702469,0.577989615265782,0.6519812743144524,0.4342338161330963,0.4053690290485539,0.3521446505038054,0.532562668735909,0.3189102554016131,0.3475996270011038,0.3545839304873618,0.30073384329259023,0.5020567168348582,0.0,1.0,0.4515377359059476,0.3299794045488966,0.3863528614385784,0.514941777436058,0.28552140514814217,0.538414408428258,0.30455485347652667,0.4539546711973782,0.5468295760096775,0.3190900290727332,0.32090547680476333,0.32437239028000153,0.4533703957658225,0.4554211512611178,0.3121209759236435,0.3558479159560184
0.35238175602147026,0.5749591203979896,0.27003860962772064,0.3121349387777107,0.4281358344064776,0.5328190619911106,0.39874972526893004,0.31677900606669807,0.3452128610744085,0.31712763606388905,0.462455745442915,0.3144421035308186,0.45166696576156207,0.3116434452847938,0.30994019591177324,0.4026991715728022,0.4858327525254914,0.45292074141159844,0.3934920700227227,0.40164633732741994,0.4416180424121541,0.40532815054763716,0.457952063984719,0.5614314289221849,0.5402956063455147,0.4061691795672334,0.4516212384482863,0.30994542629015,0.3447089669172584,0.35387022703493975,0.29179878102548007,0.43255374170337113,0.0,0.4515377359059476,1.0,0.31075256024189923,0.3789105238155219,0.4448679461969406,0.264209500434914,0.45967671754068673,0.2998196548702696,0.4893991748469154,0.4555155164566267,0.3129116255774307,0.31377235861971686,0.32336422967680145,0.4910579624425475,0.4916530443640367,0.31123796652963187,0.34827022276588193
0.31868308396021516,0.3160614319089644,0.2600385942210497,0.444320872906126,0.2957767541176838,0.303806662833914,0.31495555054190816,0.43713316482977793,0.32407647061942935,0.4534527655019983,0.32835354901694536,0.4265752871558842,0.31201661984001483,0.44066425045709745,0.43603643156782235,0.3165744281500902,0.3050990575458936,0.33179076493450677,0.2812017555061179,0.31637024142465764,0.32248113709478654,0.29259039483500227,0.3303005805949595,0.3057296369955391,0.288654307213834,0.251217585226543,0.3206973803888642,0.444930146661747,0.34340064133136006,0.31750455072028494,0.4223484343793773,0.299632568315777,0.0,0.3299794045488966,0.31075256024189923,1.0,0.3041908131974793,0.31252793428326586,0.3844688792155865,0.32185331119320937,0.42948699819906,0.309760585173219,0.314408286273576,0.447422410013817,0.44701154502892637,0.32360533035593486,0.3090525304931945,0.309550886522889,0.44498976152484204,0.3488108295688317
0.34396702829631987,0.3765064437710792,0.2619129817867518,0.30608713857147285,0.36284522515784157,0.3684162328598568,0.7805148718918101,0.3032498707787691,0.3441450464375164,0.30879073091912546,0.38448953382891893,0.29337157616814147,0.38442356674506073,0.2976409893226376,0.3010874899887259,0.7476424582878778,0.36958718682622305,0.4170182064107677,0.36266134719514154,0.8004032556898111,0.40827212443620786,0.3712313434850213,0.4203089546919302,0.37723354743163573,0.3708255065299543,0.3144756770805074,0.38856012312429666,0.2964574390040342,0.32591573176779065,0.33661060507170115,0.2874108393239505,0.38264263475612137,0.0,0.3863528614385784,0.3789105238155219,0.3041908131974793,1.0,0.3745664070065282,0.2498402585937416,0.38052055305487376,0.2902358613115116,0.3750772263347347,0.38721715148019376,0.3009381308240132,0.3003689151681309,0.3013905666282035,0.3688340149308539,0.36997801452988033,0.2935990183256757,0.335647970727308
0.37435814882291496,0.4741394364873782,0.28596626536501857,0.3216134264860716,0.4913835495161838,0.4369505620691039,0.38849724548359854,0.3465808695776259,0.3602109841732367,0.33025855140808946,0.5279970870017121,0.3257157375504661,0.5377568543079936,0.32668017056087706,0.3207697412411127,0.39614425465701064,0.4259337436113948,0.5049388939165099,0.436260554679628,0.3969267486734305,0.5158122380039394,0.479854450112124,0.534318700153712,0.4347654873918897,0.4196372893453014,0.37044839070472335,0.6145944336082774,0.33746723235544673,0.3613597646480564,0.36480290677537297,0.3088905846470126,0.5183798794184875,0.0,0.514941777436058,0.4448679461969406,0.31252793428326586,0.3745664070065282,1.0,0.26967826523854277,0.5591492330395567,0.3169083351954267,0.45293029390144746,0.6498184482143854,0.33954434964131797,0.32965706241015613,0.33753034893562006,0.47425060109483497,0.4754991178396214,0.32908327620455047,0.36490635122484705
0.2751493157333734,0.2615788533501837,0.21610517664866635,0.3945360916026468,0.26548595023243937,0.265555407217406,0.2618780502614253,0.3931223467259991,0.27006048445925335,0.4073950380744511,0.27114408794641887,0.38444579983911986,0.26057332042251746,0.38970119519845825,0.38826374006848463,0.26124509284943764,0.25107113759290633,0.26975537500936664,0.23096025470485326,0.25982913086622605,0.2598834895636446,0.24329614022271728,0.27107100703358755,0.2523046678521095,0.23868634558669943,0.21294125198550207,0.25959763795423585,0.39874105407531724,0.28735498564092854,0.27675824206045363,0.37304518835270173,0.25850445683916956,0.0,0.28552140514814217,0.264209500434914,0.3844688792155865,0.2498402585937416,0.26967826523854277,1.0,0.2685169480111128,0.37677756293186115,0.2642428246984473,0.26750834645680555,0.3984905587208727,0.40335674581504966,0.27303917646814235,0.2595442401996597,0.26057883221014966,0.3851974401522186,0.29311682733609656
0.3719232290602634,0.4669588621580173,0.29244496309660906,0.31727899368496015,0.47540688225955463,0.4325549315688809,0.3963125433844834,0.32812568884260507,0.3688824608444762,0.3324975345207295,0.5615360312162687,0.3211512487533271,0.5663920835797891,0.32095067082071804,0.31548809697313995,0.4026418354974296,0.4268808317995505,0.5309682842720771,0.4535457515828929,0.40434482132107197,0.5393298990837383,0.5022053081094328,0.5547071209181611,0.43714875121180985,0.4040073216398554,0.3640888637817806,0.5725726877289,0.3233530833723175,0.35552748846238125,0.3810367134901662,0.3112971124390407,0.5161082581975458,0.0,0.538414408428258,0.45967671754068673,0.32185331119320937,0.38052055305487376,0.5591492330395567,0.2685169480111128,1.0,0.3124199439487826,0.4676501086741306,0.5798145438320772,0.3248111658296913,0.3244217416536992,0.3385021538427311,0.48808008800732927,0.4888530533174785,0.32317199493874216,0.37055832810632106
