../ecoli_genomes/GCF_000163235.1_ASM16323v1_genomic.fna.gz,../ecoli_genomes/GCF_000164555.1_ASM16455v1_genomic.fna.gz,../ecoli_genomes/GCF_000208545.1_ASM20854v2_genomic.fna.gz,../ecoli_genomes/GCF_000233875.1_ASM23387v1_genomic.fna.gz,../ecoli_genomes/GCF_000249735.1_ASM24973v2_genomic.fna.gz,../ecoli_genomes/GCF_000261145.1_Esch_coli_M919_V2_genomic.fna.gz,../ecoli_genomes/GCF_000267705.2_ASM26770v2_genomic.fna.gz,../ecoli_genomes/GCF_000350665.1_Esch_coli_KTE5_V1_genomic.fna.gz,../ecoli_genomes/GCF_000351625.1_Esch_coli_KTE66_V1_genomic.fna.gz,../ecoli_genomes/GCF_000352285.1_Esch_coli_KTE46_V1_genomic.fna.gz,../ecoli_genomes/GCF_000358895.1_ASM35889v1_genomic.fna.gz,../ecoli_genomes/GCF_000456385.1_Esch_coli_HVH_26_4-5703913_V1_genomic.fna.gz,../ecoli_genomes/GCF_000458195.1_Esch_coli_HVH_147_4-5893887_V1_genomic.fna.gz,../ecoli_genomes/GCF_000459755.1_Esch_coli_KOEGE_58_171a_V1_genomic.fna.gz,../ecoli_genomes/GCF_000460055.1_Esch_coli_UMEA_3053-1_V1_genomic.fna.gz,../ecoli_genomes/GCF_000462165.2_ASM46216v2_genomic.fna.gz,../ecoli_genomes/GCF_000601135.1_ASM60113v1_genomic.fna.gz,../ecoli_genomes/GCF_000614595.1_Ec2010EL1058_genomic.fna.gz,../ecoli_genomes/GCF_000617745.1_Ec2010C-4529_genomic.fna.gz,../ecoli_genomes/GCF_000618265.2_EcF6751_genomic.fna.gz,../ecoli_genomes/GCF_000619005.2_Ec2009C-4052_genomic.fna.gz,../ecoli_genomes/GCF_000619105.1_Ec2009C-4780_genomic.fna.gz,../ecoli_genomes/GCF_000619765.2_Ec2009C-3279_genomic.fna.gz,../ecoli_genomes/GCF_000687005.1_ASM68700v1_genomic.fna.gz,../ecoli_genomes/GCF_000687025.1_ASM68702v1_genomic.fna.gz,../ecoli_genomes/GCF_000700125.1_ASM70012v1_genomic.fna.gz,../ecoli_genomes/GCF_000753315.1_FHI35_genomic.fna.gz,../ecoli_genomes/GCF_000776375.1_ASM77637v1_genomic.fna.gz,../ecoli_genomes/GCF_000779395.1_ASM77939v1_genomic.fna.gz,../ecoli_genomes/GCF_000780315.1_ASM78031v1_genomic.fna.gz,../ecoli_genomes/GCF_000781995.1_ASM78199v1_genomic.fna.gz,../ecoli_genomes/GCF_000986765.1_ASM98676v1_genomic.fna.gz,../ecoli_genomes/GCF_001041375.1_ViralProj287958_genomic.fna.gz,../ecoli_genomes/GCF_001265335.1_302014_genomic.fna.gz,../ecoli_genomes/GCF_001265625.1_100854_genomic.fna.gz,../ecoli_genomes/GCF_001267345.1_303289_genomic.fna.gz,../ecoli_genomes/GCF_001309985.1_ASM130998v1_genomic.fna.gz,../ecoli_genomes/GCF_001521695.1_ASM152169v1_genomic.fna.gz,../ecoli_genomes/GCF_001592595.1_ASM159259v1_genomic.fna.gz,../ecoli_genomes/GCF_001614975.1_ASM161497v1_genomic.fna.gz,../ecoli_genomes/GCF_001692775.1_ASM169277v1_genomic.fna.gz,../ecoli_genomes/GCF_001748915.1_ASM174891v1_genomic.fna.gz,../ecoli_genomes/GCF_001749235.1_ASM174923v1_genomic.fna.gz,../ecoli_genomes/GCF_001881155.1_ASM188115v1_genomic.fna.gz,../ecoli_genomes/GCF_001881345.1_ASM188134v1_genomic.fna.gz,../ecoli_genomes/GCF_001892405.1_ASM189240v1_genomic.fna.gz,../ecoli_genomes/GCF_001892585.1_ASM189258v1_genomic.fna.gz,../ecoli_genomes/GCF_001893985.1_ASM189398v1_genomic.fna.gz,../ecoli_genomes/GCF_002001595.1_ASM200159v1_genomic.fna.gz,../ecoli_genomes/GCF_002002145.1_ASM200214v1_genomic.fna.gz
1.0,0.8101356069473533,0.7846813692367871,0.7827778061523935,0.7858131432041828,0.7934629365090397,0.7951170968442047,0.7889306071940281,0.7927094527117324,0.7897538993349069,0.7986274123926055,0.7955982525576821,0.7932838518454307,0.7911493249492549,0.7800709146595506,0.7966848807254933,0.7593091256609426,0.7982338850395746,0.7674243981756964,0.798905209963056,0.7825826040036817,0.7821851356295586,0.7986806347589187,0.7509938264533769,0.7706221914218754,0.7693794277557219,0.7936537214726348,0.7820683035081613,0.7925469524484383,0.790330169568018,0.7809703007622975,0.7851928279116728,0.08206735607719517,0.7909964003027352,0.7850523612667578,0.7826193525289344,0.7883486980648862,0.8027086857688509,0.7682960810096093,0.7956577580929038,0.7810815137972773,0.7847033207091253,0.7894758992557163,0.7916929002265262,0.7913843098299551,0.7697381195365759,0.790290709234083,0.7865794865408989,0.7862907213051193,0.8011517660577563
0.8101356069473533,1.0,0.7760675041916535,0.7821918849828284,0.806234100046725,0.8386452470800465,0.80676860120704,0.7869408292836145,0.7703995593920027,0.7878923121657834,0.8223106026433857,0.7967829140572724,0.8124225300932114,0.7895215329221947,0.786645271088687,0.8053923463118184,0.7895374812326812,0.8239529159412385,0.7881775208776993,0.8114954109399243,0.8042540377941307,0.8023524628402534,0.820600578310142,0.7859471246889246,0.8207149766925083,0.8038437306659206,0.8191794962498933,0.7799563552525026,0.7798199834348847,0.7775582288650082,0.7812719721328317,0.8066329514376719,0.0778163061014614,0.8143608445928483,0.8369366829731368,0.7783254494222936,0.7993545013931835,0.8318029575369456,0.7615447581855322,0.8196925866176593,0.785056867834572,0.8217710047598589,0.8154686154340205,0.796081723678704,0.7946501961992741,0.7659669962171023,0.8346304789027751,0.8308932375196968,0.7933159917875245,0.7879132030218313
0.7846813692367871,0.7760675041916535,1.0,0.7397831082881912,0.7495497521989956,0.7401610069411435,0.7527152067783052,0.7518427772751002,0.7643766030785819,0.756927804405837,0.7587461917617673,0.7555386279926728,0.7597151339151523,0.7586466651811437,0.7533671941648652,0.7588972801413831,0.7096531595715246,0.7627809226183542,0.7377715880598447,0.7581185721017363,0.7605106522516616,0.7512432115269291,0.7629114470210472,0.6936847958670593,0.7188298148582127,0.7174673338639332,0.7751206405527676,0.754549456116357,0.7697991135839262,0.7677086991203027,0.7491096642031843,0.757977707360384,0.07748325074778406,0.7575451552787654,0.7369880758991901,0.7642438675753558,0.7526191686134892,0.7684984570963564,0.7320941791533062,0.7699080303360916,0.7476698698538066,0.7376407711707247,0.76532356510514,0.7585343601246936,0.7572025057735956,0.7651702305191372,0.7522309271071655,0.7459917186883387,0.7704381741326747,0.7808809954882705
0.7827778061523935,0.7821918849828284,0.7397831082881912,1.0,0.7694094171415188,0.7864793834569102,0.7785054079264322,0.836440434356849,0.734294311926359,0.8402843805436452,0.776457368199164,0.8393147127245653,0.7624646806718267,0.8537708474574544,0.8571746006730584,0.7812221109214595,0.7730519580890425,0.7687560955515392,0.7385957173122397,0.7797576177441635,0.7500067451229675,0.7576397546077687,0.7738826758178867,0.7672959440799193,0.7753604253085139,0.7758803304935268,0.7589323016925866,0.8296430252256527,0.74620949374036,0.7298834602668925,0.8399978719516498,0.7600162510204079,0.06991946087321865,0.7654914503260197,0.7763597958115596,0.7877677063906046,0.7689611541729268,0.7670690485705978,0.7956865447384925,0.7590605424194228,0.8526460923954642,0.7850189811720604,0.7500116641514728,0.8532078357726254,0.8456561661106707,0.729560227915557,0.7770211376852689,0.7782159661306217,0.8090213795343931,0.7608960879653196
0.7858131432041828,0.806234100046725,0.7495497521989956,0.7694094171415188,1.0,0.8082669128140983,0.7837942627288046,0.7734390278798466,0.759500310647731,0.7691282047830753,0.830526244215743,0.7710354592142883,0.8237052225749297,0.77115681871521,0.7736060064025148,0.7977525184365666,0.7677261249733874,0.8056055788307859,0.7839920448830228,0.7876894504776522,0.8039664166154372,0.7998337704423002,0.809129043844877,0.7605630750571809,0.7863060782777704,0.7815739160047923,0.8033977408927249,0.7552475396447315,0.7617215752984909,0.7592133334711069,0.7652181848727103,0.8119575094434466,0.07105623790870386,0.8083788816387345,0.7886023598306842,0.7589090344974599,0.7842147403512703,0.8268660066577631,0.7522281985056833,0.8152335211813244,0.7726323588192419,0.7919429759789189,0.8122799713504621,0.7684892241862556,0.7679252916210647,0.7458400912630269,0.8074277748614122,0.8046783543787335,0.7626042796646151,0.7654924057222428
0.7934629365090397,0.8386452470800465,0.7401610069411435,0.7864793834569102,0.8082669128140983,1.0,0.8113396268001539,0.7769805972935598,0.7363278819778352,0.7670673469280562,0.8198863760646852,0.779038645378983,0.7988239653752465,0.7758514267776437,0.7708249392823856,0.8066490163321907,0.8229531007472926,0.8089852683001454,0.7730849387884944,0.811894322995421,0.7807281384729285,0.7909392375859121,0.8061329307518167,0.8279472967057347,0.8386225894821103,0.8221263914031045,0.7847182314891885,0.7568203363275474,0.7461637770509504,0.7350704273670906,0.7687059889257493,0.7840141441581627,0.07484039270032417,0.8069613474559981,0.8500874533865951,0.763238705346313,0.7993044236058138,0.8053813834079944,0.7638071048163865,0.7993553855959892,0.7800034697677093,0.847795587965836,0.7854496168631766,0.781787236728328,0.7784889517353104,0.7255743523357933,0.8395915657458087,0.8427376288666164,0.762154811070158,0.7623079692278312
0.7951170968442047,0.80676860120704,0.7527152067783052,0.7785054079264322,0.7837942627288046,0.8113396268001539,1.0,0.7703540648993598,0.7507124232826263,0.7677345329039895,0.8098600455237086,0.7748014478562903,0.790318546612984,0.7716271233466735,0.7708927948104981,0.9073931456722596,0.7842853036907564,0.8167112177834448,0.777123578722407,0.9398827613832297,0.7988185521639302,0.8005255416788549,0.8125647133287583,0.7762952053050955,0.7882687566426994,0.7855462157254516,0.7894495174444474,0.7547787784238861,0.7577998674903186,0.753895817957468,0.7655814250995399,0.7839800660937459,0.07600004321601483,0.8088515105848674,0.8057782687316392,0.7730000390774643,0.9151834674043585,0.7924560362487919,0.7604225401308905,0.7956567177326028,0.770359942968432,0.8032640489272922,0.7897103505599916,0.776726799284964,0.7725161375179811,0.7365708955516191,0.802738689973008,0.801153878123466,0.7648484252385284,0.7708741159640768
0.7889306071940281,0.7869408292836145,0.7518427772751002,0.836440434356849,0.7734390278798466,0.7769805972935598,0.7703540648993598,1.0,0.7517263106822746,0.8389291994741754,0.7731405544547056,0.8320120921133581,0.7730015661352277,0.8379161627212321,0.8308825349761675,0.7747800470637323,0.7433188962650914,0.775186619194725,0.7525583284925261,0.7720051959408967,0.7619437437839098,0.7627706456715153,0.7756945876981125,0.7353913751957685,0.7521520918069913,0.7500364592196898,0.7740770313344829,0.8835382488129603,0.7692444361689416,0.7519587585821346,0.8285164296007846,0.771056170833803,0.07675744768530646,0.7719240931387509,0.7608342921330927,0.8070926016484408,0.7651134168137131,0.7828713828410041,0.8046998337067538,0.7709636862419907,0.8248327539668546,0.7671381202048696,0.7653224528295753,0.891880922713683,0.8856782866984787,0.7524385300939026,0.7689011147511641,0.7657743954649253,0.821677352867168,0.7757257662193527
0.7927094527117324,0.7703995593920027,0.7643766030785819,0.734294311926359,0.759500310647731,0.7363278819778352,0.7507124232826263,0.7517263106822746,1.0,0.757174676414309,0.7569674981673569,0.7501023914568941,0.769643366817351,0.7571917926491482,0.7571505014217995,0.7597969859496164,0.6898640794288672,0.7702922478327865,0.7485373254725423,0.7577783746932067,0.7660941640457356,0.7591690729833084,0.7688907065510389,0.6778892353304709,0.7098327827066961,0.7027327273165951,0.7837666406599272,0.7518160594379908,0.7818610172961936,0.803462351717674,0.7497992700188469,0.7702483517137104,0.08642039931231171,0.7600548953802266,0.7295717911972504,0.7672687262203012,0.7557592910070967,0.768746014201383,0.7347354237478866,0.7707938189708702,0.7386193125801233,0.7248980492266424,0.7820990419657028,0.7462550700145314,0.746940709647004,0.7729220273623839,0.7428544613327963,0.7347739886338858,0.7665718650182999,0.7898676987107742
0.7897538993349069,0.7878923121657834,0.756927804405837,0.8402843805436452,0.7691282047830753,0.7670673469280562,0.7677345329039895,0.8389291994741754,0.757174676414309,1.0,0.7788715081961255,0.8336772780279782,0.7747927896392375,0.8423146276935701,0.8375750667510738,0.7739749494882835,0.7390910172084062,0.7693834718420678,0.7424956706382315,0.7731432383661243,0.7611980158509406,0.7583379425730539,0.7751956759853522,0.7344764395042731,0.7502274178378611,0.7510584594994743,0.77840572852436,0.8343366030643755,0.7693709927411878,0.7571430654031331,0.849266275936751,0.7644029968277597,0.07679184768774183,0.7655461548378851,0.7582276541148861,0.8086422892986034,0.7655913622055127,0.7780105269866514,0.798102276079879,0.7721934674812562,0.8450418946913925,0.7628674692292154,0.7668817097456117,0.8430573707736404,0.8409214065001068,0.7511921753138417,0.7684662130752559,0.7657369382313449,0.8348308256003945,0.7771208153418018
0.7986274123926055,0.8223106026433857,0.7587461917617673,0.776457368199164,0.830526244215743,0.8198863760646852,0.8098600455237086,0.7731405544547056,0.7569674981673569,0.7788715081961255,1.0,0.7798576652753144,0.8459361899848591,0.7811238262204622,0.7727471659174099,0.809370466903373,0.7834580481214021,0.8425300677720684,0.7980676367405026,0.8127887710749793,0.8165494828953009,0.8318474687367019,0.8390627484994935,0.7806133903947539,0.7902115333497837,0.7961581339432281,0.8335450526662712,0.766582114073267,0.7676484528938611,0.7654519840773005,0.7758065655643374,0.8094749034423133,0.07328042500236132,0.8323128421830601,0.8125495708362805,0.772194880741768,0.7997591823216906,0.8388350906494516,0.7670370614193239,0.8492589086107758,0.7775678642029284,0.8203176744126423,0.8352383621335724,0.7808282799517251,0.776318203723267,0.7486692067995101,0.8262552901242969,0.8231399464650805,0.7731806482485999,0.7828827016970282
0.7955982525576821,0.7967829140572724,0.7555386279926728,0.8393147127245653,0.7710354592142883,0.779038645378983,0.7748014478562903,0.8320120921133581,0.7501023914568941,0.8336772780279782,0.7798576652753144,1.0,0.7702242744126941,0.8416380159652471,0.8625747670443639,0.7763957487122741,0.7552607339848338,0.7749476809835908,0.7473866870633714,0.7780164587395545,0.7627256703541856,0.7624057384960145,0.774872920820533,0.7482381743581109,0.7597908776178751,0.7641107722239299,0.7738048733830795,0.8270200589259955,0.7689262775484403,0.7539603884931979,0.8201624050980982,0.7673761865442221,0.07893526862122247,0.7708056282093204,0.7737172608584022,0.8020901489327504,0.7684514665159279,0.7838746285314337,0.7965012826579893,0.7731715531635432,0.8314753875122005,0.7741921364022852,0.7657471186893773,0.8397647237848076,0.8372486602288401,0.7542048799159089,0.7792908470793937,0.7777791053116596,0.8186704598049368,0.775901197086369
0.7932838518454307,0.8124225300932114,0.7597151339151523,0.7624646806718267,0.8237052225749297,0.7988239653752465,0.790318546612984,0.7730015661352277,0.769643366817351,0.7747927896392375,0.8459361899848591,0.7702242744126941,1.0,0.7686550961724423,0.7679993691327769,0.8000293634100815,0.7538370858764412,0.8343137825154644,0.8221804078275124,0.7947494563686377,0.8296126890307665,0.8522804974815109,0.851412673979578,0.7496472572807018,0.7675023393751548,0.7712929345993842,0.8473353967048997,0.7642363687208158,0.7721105362879053,0.7794581047798169,0.767878776597803,0.829489481671644,0.07846062116043984,0.8433395103732845,0.7912462088214527,0.7713122647150692,0.7903943819979817,0.8410333097279954,0.7588533690300178,0.8545833163795469,0.7605340387463,0.7902259423274756,0.8451143313570241,0.7719553183790431,0.76828691969748,0.7608131584000254,0.8079800694871463,0.8024884755482311,0.7703888253830498,0.7859490433059094
0.7911493249492549,0.7895215329221947,0.7586466651811437,0.8537708474574544,0.77115681871521,0.7758514267776437,0.7716271233466735,0.8379161627212321,0.7571917926491482,0.8423146276935701,0.7811238262204622,0.8416380159652471,0.7686550961724423,1.0,0.8611013614324563,0.7752459182684841,0.7475061707574713,0.7759061474014248,0.7444050833705429,0.7774515217811042,0.7609174181307676,0.7646152361903408,0.7791892899098808,0.7373558598148611,0.7579653213710912,0.7580016114663519,0.777091135342415,0.8403356942479429,0.7731269926878245,0.7544063632497913,0.8387550486819083,0.7701141178225506,0.07829731828618613,0.7672624426117709,0.7654227102744497,0.8075769953885197,0.7678844626483585,0.7781069955502038,0.7999696492951434,0.7710739451213723,0.8387019047328095,0.769186572463298,0.7658419501981035,0.8487195001609661,0.8429435245787124,0.7549552169838725,0.7727615386952165,0.7706192708522637,0.8313757504002701,0.7834265506531956
0.7800709146595506,0.786645271088687,0.7533671941648652,0.8571746006730584,0.7736060064025148,0.7708249392823856,0.7708927948104981,0.8308825349761675,0.7571505014217995,0.8375750667510738,0.7727471659174099,0.8625747670443639,0.7679993691327769,0.8611013614324563,1.0,0.7767259431529375,0.7489970118813779,0.7699691011179587,0.7418359797741579,0.7759448765684183,0.7602038761136451,0.7590680027051078,0.7741055435045512,0.7384240242697668,0.7553165105993253,0.7552033415641694,0.7695081096573152,0.8219333051631763,0.760276308520818,0.7523188908391469,0.8382562777136586,0.7667916040343065,0.07698162757348692,0.7628206613632436,0.7642590680041729,0.7986148019045741,0.7667650461851225,0.7775837382451348,0.7960864078198522,0.7680178355601132,0.8421614911621937,0.7656454744844019,0.7621296871228127,0.8314599449352831,0.8276247812787627,0.7511782122491218,0.7748988201343042,0.7731948762119119,0.8203600987647359,0.778061880514014
0.7966848807254933,0.8053923463118184,0.7588972801413831,0.7812221109214595,0.7977525184365666,0.8066490163321907,0.9073931456722596,0.7747800470637323,0.7597969859496164,0.7739749494882835,0.809370466903373,0.7763957487122741,0.8000293634100815,0.7752459182684841,0.7767259431529375,1.0,0.7804486642463102,0.8098838306465562,0.7766361250663747,0.9124623994189038,0.7919268528439046,0.7998995203506583,0.80894550765158,0.7742061156126783,0.7887438050809071,0.7871940901984195,0.7887239942694828,0.757164870579963,0.7629754605747571,0.7652555182158145,0.7733404017972321,0.7878799852327755,0.07372178066814339,0.8028620929811964,0.7998004926211699,0.7731105066911255,0.8958122653343368,0.7927070148902498,0.7574190501634834,0.7962570366824075,0.7759907309324527,0.7958104117531699,0.7888000815924922,0.7762226003817738,0.7729312701325878,0.743077647557842,0.8008890062089364,0.7990202263185536,0.7687266184449416,0.7747394455781207
0.7593091256609426,0.7895374812326812,0.7096531595715246,0.7730519580890425,0.7677261249733874,0.8229531007472926,0.7842853036907564,0.7433188962650914,0.6898640794288672,0.7390910172084062,0.7834580481214021,0.7552607339848338,0.7538370858764412,0.7475061707574713,0.7489970118813779,0.7804486642463102,1.0,0.7649169522397399,0.7219717662729368,0.7827637912514069,0.7380361826545412,0.7488237118714705,0.7612166648239485,0.8500370414678599,0.8382565011294446,0.8467414918938887,0.737684483893994,0.7173591023644552,0.7035625305384228,0.6898070046380388,0.7408694373460557,0.7502602822629674,0.06822254651017878,0.7621585164336054,0.8231682305571764,0.7216670377546117,0.7700742788589197,0.7560511709448375,0.7317249202061438,0.7522412548936995,0.7631082060066455,0.8286998899258675,0.7362134387831272,0.7577185677497027,0.7535274414027973,0.6770099380042847,0.8139810942348806,0.8218308923023506,0.7235672842953418,0.7193676939937498
0.7982338850395746,0.8239529159412385,0.7627809226183542,0.7687560955515392,0.8056055788307859,0.8089852683001454,0.8167112177834448,0.775186619194725,0.7702922478327865,0.7693834718420678,0.8425300677720684,0.7749476809835908,0.8343137825154644,0.7759061474014248,0.7699691011179587,0.8098838306465562,0.7649169522397399,1.0,0.8216149835638709,0.8182916470363069,0.8397389803557208,0.8423343331857926,0.8554694591520594,0.7587978366853732,0.7760311498462359,0.7770555462659864,0.8408593496520317,0.7663341390267624,0.7755705979824813,0.7728931530808187,0.769227224378474,0.8187708430399389,0.07618746595752923,0.8389652960436007,0.8049812361169103,0.781626935602598,0.8089232481708116,0.8276280229784578,0.7598900164594597,0.844331958589938,0.766664408630438,0.8030231424339784,0.8362193361619646,0.7757502170251438,0.772274803588673,0.757856880296866,0.8102992500031412,0.805567450939413,0.7726931010423378,0.7857958766718838
0.7674243981756964,0.7881775208776993,0.7377715880598447,0.7385957173122397,0.7839920448830228,0.7730849387884944,0.777123578722407,0.7525583284925261,0.7485373254725423,0.7424956706382315,0.7980676367405026,0.7473866870633714,0.8221804078275124,0.7444050833705429,0.7418359797741579,0.7766361250663747,0.7219717662729368,0.8216149835638709,1.0,0.7790864274870697,0.818935848958464,0.8290061493643871,0.8200007515554414,0.717507264236841,0.7407163814039336,0.732105404383459,0.8074698505013603,0.7475835151954948,0.7537985797327265,0.7489008614013595,0.7425457082290764,0.8079261189904343,0.08320137485376855,0.8083537408890702,0.7654050537592667,0.7584213868956152,0.7748056652079369,0.8034490099284018,0.7379846075730419,0.808904902374231,0.7374206452456051,0.757989292685938,0.8071431288066712,0.7507426150816583,0.7477235079849414,0.7476341775256888,0.7741680659144452,0.7682600717757645,0.7500069858739893,0.7622807166426466
0.798905209963056,0.8114954109399243,0.7581185721017363,0.7797576177441635,0.7876894504776522,0.811894322995421,0.9398827613832297,0.7720051959408967,0.7577783746932067,0.7731432383661243,0.8127887710749793,0.7780164587395545,0.7947494563686377,0.7774515217811042,0.7759448765684183,0.9124623994189038,0.7827637912514069,0.8182916470363069,0.7790864274870697,1.0,0.8047505807335688,0.8031130864566236,0.8152665455461442,0.7729232395642801,0.792042999958055,0.7862702145581725,0.7949105569450823,0.7589196609822669,0.763836638339805,0.759204922933508,0.7701772302924195,0.789281019622611,0.07453141117700135,0.808968018318721,0.8072924625429208,0.7771946538109664,0.9207370881115571,0.796734024527394,0.7605000946621867,0.8014751052279745,0.774830336129491,0.8036053941818063,0.792640138869403,0.7783349445574905,0.7734072868972652,0.7431816548918639,0.8057492400789016,0.8041048131890065,0.7712202867254363,0.7769335322424064
0.7825826040036817,0.8042540377941307,0.7605106522516616,0.7500067451229675,0.8039664166154372,0.7807281384729285,0.7988185521639302,0.7619437437839098,0.7660941640457356,0.7611980158509406,0.8165494828953009,0.7627256703541856,0.8296126890307665,0.7609174181307676,0.7602038761136451,0.7919268528439046,0.7380361826545412,0.8397389803557208,0.818935848958464,0.8047505807335688,1.0,0.8363124581835343,0.8515322061403512,0.7283703910071262,0.7531539729067266,0.7492513209724796,0.8404647183663025,0.7596745450339365,0.7689753698769255,0.7705258243796189,0.7550619085698226,0.8218539363383714,0.08037404896024491,0.8341888743041405,0.7776134915419225,0.7785498984143302,0.7954974477674168,0.8275218807213154,0.7543087228800637,0.8368623314253927,0.752756000831318,0.7698106955315439,0.8346526287214053,0.765133500815736,0.7633379347639129,0.7681528222028744,0.797670830578618,0.7909054050185721,0.7688171360609902,0.7809223352170354
0.7821851356295586,0.8023524628402534,0.7512432115269291,0.7576397546077687,0.7998337704423002,0.7909392375859121,0.8005255416788549,0.7627706456715153,0.7591690729833084,0.7583379425730539,0.8318474687367019,0.7624057384960145,0.8522804974815109,0.7646152361903408,0.7590680027051078,0.7998995203506583,0.7488237118714705,0.8423343331857926,0.8290061493643871,0.8031130864566236,0.8363124581835343,1.0,0.8918429779075383,0.7390513977398441,0.759507761317802,0.7577036790886601,0.8368868944033805,0.7573294451486031,0.7642368761918048,0.7641829453824742,0.7599586273999526,0.8214762453419152,0.0802682786096699,0.8709662252942498,0.7866023781414901,0.7702138841074497,0.7959245945658712,0.826882989787211,0.7545928000907363,0.8410603830696822,0.7500908195262863,0.7812335205454877,0.8399007363547206,0.7660839111394999,0.7592329446503798,0.7536152620764551,0.7965125689145914,0.7908540737574158,0.7618979453683922,0.7799983603014287
0.7986806347589187,0.820600578310142,0.7629114470210472,0.7738826758178867,0.809129043844877,0.8061329307518167,0.8125647133287583,0.7756945876981125,0.7688907065510389,0.7751956759853522,0.8390627484994935,0.774872920820533,0.851412673979578,0.7791892899098808,0.7741055435045512,0.80894550765158,0.7612166648239485,0.8554694591520594,0.8200007515554414,0.8152665455461442,0.8515322061403512,0.8918429779075383,1.0,0.7499593345852564,0.7734349732638696,0.7695180613536667,0.8503958122957253,0.7734532765631438,0.7720903346246344,0.7729523524017213,0.7729941128979938,0.8293758325626904,0.08231045784481683,0.8726438484895906,0.800449683470301,0.7796293379061848,0.8078965882330069,0.8405201940221124,0.761044791809402,0.85116042386295,0.7642147107771513,0.7934904230374185,0.843222893929028,0.7798185276245746,0.7761671307359165,0.7653831550847204,0.8120612235172731,0.8069786400436002,0.77525959462868,0.7889985180667047
0.7509938264533769,0.7859471246889246,0.6936847958670593,0.7672959440799193,0.7605630750571809,0.8279472967057347,0.7762952053050955,0.7353913751957685,0.6778892353304709,0.7344764395042731,0.7806133903947539,0.7482381743581109,0.7496472572807018,0.7373558598148611,0.7384240242697668,0.7742061156126783,0.8500370414678599,0.7587978366853732,0.717507264236841,0.7729232395642801,0.7283703910071262,0.7390513977398441,0.7499593345852564,1.0,0.8436960451312809,0.843575900947205,0.7312826425064783,0.7053877554280048,0.68977221465326,0.6791755098336116,0.7352444064790387,0.7338075247006488,0.06822600741190465,0.7522704356612241,0.8294018734142783,0.711608254668219,0.761718354211701,0.745892292021822,0.7235770129893049,0.744753814172898,0.7583086254344362,0.8305078752292641,0.7290897293950338,0.7464607805146846,0.7431872024954893,0.6611414652591121,0.8012931506146309,0.8097639754789648,0.7104728428781686,0.7052264720922665
0.7706221914218754,0.8207149766925083,0.7188298148582127,0.7753604253085139,0.7863060782777704,0.8386225894821103,0.7882687566426994,0.7521520918069913,0.7098327827066961,0.7502274178378611,0.7902115333497837,0.7597908776178751,0.7675023393751548,0.7579653213710912,0.7553165105993253,0.7887438050809071,0.8382565011294446,0.7760311498462359,0.7407163814039336,0.792042999958055,0.7531539729067266,0.759507761317802,0.7734349732638696,0.8436960451312809,1.0,0.8482557951698654,0.7520594701067007,0.7257446750124577,0.716986274156932,0.7040326680940621,0.7501522373947224,0.7682981095854531,0.07255684682280983,0.7717803452622465,0.8431981295586206,0.7295690038511147,0.77981549580342,0.7740971434488866,0.7328462000180034,0.76688583956195,0.7684651392786321,0.8224849790946847,0.755287361727757,0.7635147674098574,0.7593766724645359,0.6953107477319445,0.8108593258855108,0.8160759540767109,0.7368396802720745,0.731736911491125
0.7693794277557219,0.8038437306659206,0.7174673338639332,0.7758803304935268,0.7815739160047923,0.8221263914031045,0.7855462157254516,0.7500364592196898,0.7027327273165951,0.7510584594994743,0.7961581339432281,0.7641107722239299,0.7712929345993842,0.7580016114663519,0.7552033415641694,0.7871940901984195,0.8467414918938887,0.7770555462659864,0.732105404383459,0.7862702145581725,0.7492513209724796,0.7577036790886601,0.7695180613536667,0.843575900947205,0.8482557951698654,1.0,0.7549883167379327,0.7249965280248889,0.7127549561335185,0.7050757932862728,0.7487595545386052,0.7577845899856106,0.06578308812501987,0.767914252607633,0.8296477187802305,0.7277250129051942,0.7749677667568031,0.7716654283301645,0.7355835848645877,0.7668292602103943,0.7669123767515367,0.8299310957120163,0.7524241199762005,0.7644442322002841,0.759221592797581,0.6869913707070552,0.8144203189301942,0.8192894311984658,0.7342674573406689,0.7272247372296125
0.7936537214726348,0.8191794962498933,0.7751206405527676,0.7589323016925866,0.8033977408927249,0.7847182314891885,0.7894495174444474,0.7740770313344829,0.7837666406599272,0.77840572852436,0.8335450526662712,0.7738048733830795,0.8473353967048997,0.777091135342415,0.7695081096573152,0.7887239942694828,0.737684483893994,0.8408593496520317,0.8074698505013603,0.7949105569450823,0.8404647183663025,0.8368868944033805,0.8503958122957253,0.7312826425064783,0.7520594701067007,0.7549883167379327,1.0,0.7728291834693165,0.7824872371664972,0.7904677970826831,0.7734415754694981,0.8280419291515804,0.07737801323533189,0.8321578440920542,0.7838274859340886,0.7861500035761002,0.7896011217001744,0.8552373552710083,0.7539066428287251,0.8529014947427104,0.7622811142194774,0.780166587028291,0.8717514503508832,0.7754579119123375,0.7719784707777917,0.7774303307549133,0.796717187763343,0.7885309671345887,0.7830484227892835,0.7953012262396661
0.7820683035081613,0.7799563552525026,0.754549456116357,0.8296430252256527,0.7552475396447315,0.7568203363275474,0.7547787784238861,0.8835382488129603,0.7518160594379908,0.8343366030643755,0.766582114073267,0.8270200589259955,0.7642363687208158,0.8403356942479429,0.8219333051631763,0.757164870579963,0.7173591023644552,0.7663341390267624,0.7475835151954948,0.7589196609822669,0.7596745450339365,0.7573294451486031,0.7734532765631438,0.7053877554280048,0.7257446750124577,0.7249965280248889,0.7728291834693165,1.0,0.7742156195493761,0.7542638260052935,0.8245610733572977,0.7645302284082696,0.07966623448119314,0.7660759749973398,0.7433972946629637,0.8056439469735592,0.7528361595506762,0.7771745635087706,0.7952441060838176,0.7665065924893704,0.8141332776499678,0.7469042984674984,0.7605115032441525,0.9126424301056136,0.9031125718603449,0.7613428995866405,0.7574249939636729,0.7528094315074902,0.8301975189292231,0.7791720122540713
0.7925469524484383,0.7798199834348847,0.7697991135839262,0.74620949374036,0.7617215752984909,0.7461637770509504,0.7577998674903186,0.7692444361689416,0.7818610172961936,0.7693709927411878,0.7676484528938611,0.7689262775484403,0.7721105362879053,0.7731269926878245,0.760276308520818,0.7629754605747571,0.7035625305384228,0.7755705979824813,0.7537985797327265,0.763836638339805,0.7689753698769255,0.7642368761918048,0.7720903346246344,0.68977221465326,0.716986274156932,0.7127549561335185,0.7824872371664972,0.7742156195493761,1.0,0.7800866073499566,0.7661041728364855,0.7673486148824535,0.08558215927502988,0.766640828864608,0.7370670621807766,0.7793587031542331,0.7562963495333876,0.7828932825726711,0.7395457449521863,0.7731562998291652,0.7560932690630852,0.7319384157007636,0.7732472068112882,0.7701967579630941,0.7674854858460433,0.7954409880522969,0.7490376263160416,0.74223983077835,0.7785723138723002,0.8581765903486246
0.790330169568018,0.7775582288650082,0.7677086991203027,0.7298834602668925,0.7592133334711069,0.7350704273670906,0.753895817957468,0.7519587585821346,0.803462351717674,0.7571430654031331,0.7654519840773005,0.7539603884931979,0.7794581047798169,0.7544063632497913,0.7523188908391469,0.7652555182158145,0.6898070046380388,0.7728931530808187,0.7489008614013595,0.759204922933508,0.7705258243796189,0.7641829453824742,0.7729523524017213,0.6791755098336116,0.7040326680940621,0.7050757932862728,0.7904677970826831,0.7542638260052935,0.7800866073499566,1.0,0.7512309100913416,0.768110320198264,0.0853123761192186,0.7642875467782086,0.7299224748686479,0.7641732492688325,0.7570070906111841,0.7774452712958853,0.7341180057655604,0.7865240175757389,0.7383400940795416,0.7259677813061289,0.7892616579684325,0.7488013788617396,0.7483588184937923,0.7860079042901078,0.7515793494141039,0.7429538932964657,0.7649747320268501,0.7938905028392444
0.7809703007622975,0.7812719721328317,0.7491096642031843,0.8399978719516498,0.7652181848727103,0.7687059889257493,0.7655814250995399,0.8285164296007846,0.7497992700188469,0.849266275936751,0.7758065655643374,0.8201624050980982,0.767878776597803,0.8387550486819083,0.8382562777136586,0.7733404017972321,0.7408694373460557,0.769227224378474,0.7425457082290764,0.7701772302924195,0.7550619085698226,0.7599586273999526,0.7729941128979938,0.7352444064790387,0.7501522373947224,0.7487595545386052,0.7734415754694981,0.8245610733572977,0.7661041728364855,0.7512309100913416,1.0,0.7608740398774451,0.0784879994646197,0.7680965236318833,0.7598450153238119,0.7965167805980198,0.7625009498344371,0.776226034775889,0.7848797572669575,0.7672051760370909,0.8704098864689471,0.7627101723240262,0.7638488808440734,0.8349494829193758,0.8291700963101654,0.748679774398279,0.7683431173108345,0.7656550159253317,0.8157496424307988,0.7727612934932935
0.7851928279116728,0.8066329514376719,0.757977707360384,0.7600162510204079,0.8119575094434466,0.7840141441581627,0.7839800660937459,0.771056170833803,0.7702483517137104,0.7644029968277597,0.8094749034423133,0.7673761865442221,0.829489481671644,0.7701141178225506,0.7667916040343065,0.7878799852327755,0.7502602822629674,0.8187708430399389,0.8079261189904343,0.789281019622611,0.8218539363383714,0.8214762453419152,0.8293758325626904,0.7338075247006488,0.7682981095854531,0.7577845899856106,0.8280419291515804,0.7645302284082696,0.7673486148824535,0.768110320198264,0.7608740398774451,1.0,0.08227570740455903,0.819848551918694,0.7781820269240116,0.7678766794687332,0.7879659866175329,0.8276226881619859,0.7510718887267165,0.8293399979537227,0.7535221299073303,0.7742572121239625,0.8295495495501403,0.7669603032644294,0.7689492833315024,0.7571082231757671,0.791873672352847,0.7858306151103742,0.7689771205293878,0.7742482305956442
0.08206735607719517,0.0778163061014614,0.07748325074778406,0.06991946087321865,0.07105623790870386,0.07484039270032417,0.07600004321601483,0.07675744768530646,0.08642039931231171,0.07679184768774183,0.07328042500236132,0.07893526862122247,0.07846062116043984,0.07829731828618613,0.07698162757348692,0.07372178066814339,0.06822254651017878,0.07618746595752923,0.08320137485376855,0.07453141117700135,0.08037404896024491,0.0802682786096699,0.08231045784481683,0.06822600741190465,0.07255684682280983,0.06578308812501987,0.07737801323533189,0.07966623448119314,0.08558215927502988,0.0853123761192186,0.0784879994646197,0.08227570740455903,1.0,0.07799935923313084,0.07752749329027597,0.08215927641866094,0.07491031575295815,0.07639601346498648,0.08494976385648767,0.08001698846025784,0.07277767280600866,0.06706764965817436,0.07687728216069523,0.07609734938099644,0.0764181231223301,0.08675758657288068,0.07498855485957323,0.07416431355173014,0.07448417117352646,0.08622823572388816
0.7909964003027352,0.8143608445928483,0.7575451552787654,0.7654914503260197,0.8083788816387345,0.8069613474559981,0.8088515105848674,0.7719240931387509,0.7600548953802266,0.7655461548378851,0.8323128421830601,0.7708056282093204,0.8433395103732845,0.7672624426117709,0.7628206613632436,0.8028620929811964,0.7621585164336054,0.8389652960436007,0.8083537408890702,0.808968018318721,0.8341888743041405,0.8709662252942498,0.8726438484895906,0.7522704356612241,0.7717803452622465,0.767914252607633,0.8321578440920542,0.7660759749973398,0.766640828864608,0.7642875467782086,0.7680965236318833,0.819848551918694,0.07799935923313084,1.0,0.80123196290716,0.7776556134718077,0.8002179022753124,0.8328555979344666,0.7638260797947878,0.8406478986989168,0.7574318503663555,0.7980033837962814,0.8384591847336434,0.7756198741502864,0.7709393523369672,0.7547323894023663,0.8107600542517922,0.8059945161213413,0.7643322745077927,0.7801996275403347
0.7850523612667578,0.8369366829731368,0.7369880758991901,0.7763597958115596,0.7886023598306842,0.8500874533865951,0.8057782687316392,0.7608342921330927,0.7295717911972504,0.7582276541148861,0.8125495708362805,0.7737172608584022,0.7912462088214527,0.7654227102744497,0.7642590680041729,0.7998004926211699,0.8231682305571764,0.8049812361169103,0.7654050537592667,0.8072924625429208,0.7776134915419225,0.7866023781414901,0.800449683470301,0.8294018734142783,0.8431981295586206,0.8296477187802305,0.7838274859340886,0.7433972946629637,0.7370670621807766,0.7299224748686479,0.7598450153238119,0.7781820269240116,0.07752749329027597,0.80123196290716,1.0,0.7503022372669572,0.7884609152608513,0.7959301601125197,0.7477112462218275,0.7941229806351104,0.7698655475773521,0.8351829887301383,0.7855267835836041,0.770773791034171,0.7663803626163366,0.7154619345640434,0.8295650761940877,0.8308565294780357,0.7525327127299225,0.7497638588374635
0.7826193525289344,0.7783254494222936,0.7642438675753558,0.7877677063906046,0.7589090344974599,0.763238705346313,0.7730000390774643,0.8070926016484408,0.7672687262203012,0.8086422892986034,0.772194880741768,0.8020901489327504,0.7713122647150692,0.8075769953885197,0.7986148019045741,0.7731105066911255,0.7216670377546117,0.781626935602598,0.7584213868956152,0.7771946538109664,0.7785498984143302,0.7702138841074497,0.7796293379061848,0.711608254668219,0.7295690038511147,0.7277250129051942,0.7861500035761002,0.8056439469735592,0.7793587031542331,0.7641732492688325,0.7965167805980198,0.7678766794687332,0.08215927641866094,0.7776556134718077,0.7503022372669572,1.0,0.7702566772331272,0.7751714706952344,0.7948421142754354,0.7742908628600708,0.7889739469658442,0.7520065508248239,0.7729364580871947,0.806691108721045,0.8056891067216305,0.7644599696627717,0.7596484724005772,0.7542858807947742,0.8092729194969295,0.7941817373306131
0.7883486980648862,0.7993545013931835,0.7526191686134892,0.7689611541729268,0.7842147403512703,0.7993044236058138,0.9151834674043585,0.7651134168137131,0.7557592910070967,0.7655913622055127,0.7997591823216906,0.7684514665159279,0.7903943819979817,0.7678844626483585,0.7667650461851225,0.8958122653343368,0.7700742788589197,0.8089232481708116,0.7748056652079369,0.9207370881115571,0.7954974477674168,0.7959245945658712,0.8078965882330069,0.761718354211701,0.77981549580342,0.7749677667568031,0.7896011217001744,0.7528361595506762,0.7562963495333876,0.7570070906111841,0.7625009498344371,0.7879659866175329,0.07491031575295815,0.8002179022753124,0.7884609152608513,0.7702566772331272,1.0,0.7869464380313398,0.7510196416316873,0.7914890939722833,0.7641425950393204,0.789262359333339,0.7860103978757175,0.768941472458113,0.7659500963219108,0.7344951320800671,0.7919607852492705,0.7891308108177417,0.7625635564368461,0.7673310331690857
0.8027086857688509,0.8318029575369456,0.7684984570963564,0.7670690485705978,0.8268660066577631,0.8053813834079944,0.7924560362487919,0.7828713828410041,0.768746014201383,0.7780105269866514,0.8388350906494516,0.7838746285314337,0.8410333097279954,0.7781069955502038,0.7775837382451348,0.7927070148902498,0.7560511709448375,0.8276280229784578,0.8034490099284018,0.796734024527394,0.8275218807213154,0.826882989787211,0.8405201940221124,0.745892292021822,0.7740971434488866,0.7716654283301645,0.8552373552710083,0.7771745635087706,0.7828932825726711,0.7774452712958853,0.776226034775889,0.8276226881619859,0.07639601346498648,0.8328555979344666,0.7959301601125197,0.7751714706952344,0.7869464380313398,1.0,0.760499547374178,0.8472339806335266,0.7712366722870299,0.7943287907664297,0.8661817479716579,0.7833219590156526,0.7799821695602385,0.7700968204557505,0.8154075861856918,0.8091442163828055,0.7833708093919511,0.7893237318773404
0.7682960810096093,0.7615447581855322,0.7320941791533062,0.7956865447384925,0.7522281985056833,0.7638071048163865,0.7604225401308905,0.8046998337067538,0.7347354237478866,0.798102276079879,0.7670370614193239,0.7965012826579893,0.7588533690300178,0.7999696492951434,0.7960864078198522,0.7574190501634834,0.7317249202061438,0.7598900164594597,0.7379846075730419,0.7605000946621867,0.7543087228800637,0.7545928000907363,0.761044791809402,0.7235770129893049,0.7328462000180034,0.7355835848645877,0.7539066428287251,0.7952441060838176,0.7395457449521863,0.7341180057655604,0.7848797572669575,0.7510718887267165,0.08494976385648767,0.7638260797947878,0.7477112462218275,0.7948421142754354,0.7510196416316873,0.760499547374178,1.0,0.7536159720903073,0.7887134283859245,0.7550597086856495,0.7530939010959068,0.8046646146399056,0.8080761271079618,0.7291205160379158,0.7558440248952081,0.7539256046824443,0.7944111033077855,0.7504178689197276
