../ecoli_genomes/GCF_000163235.1_ASM16323v1_genomic.fna.gz,../ecoli_genomes/GCF_000164555.1_ASM16455v1_genomic.fna.gz,../ecoli_genomes/GCF_000208545.1_ASM20854v2_genomic.fna.gz,../ecoli_genomes/GCF_000233875.1_ASM23387v1_genomic.fna.gz,../ecoli_genomes/GCF_000249735.1_ASM24973v2_genomic.fna.gz,../ecoli_genomes/GCF_000261145.1_Esch_coli_M919_V2_genomic.fna.gz,../ecoli_genomes/GCF_000267705.2_ASM26770v2_genomic.fna.gz,../ecoli_genomes/GCF_000350665.1_Esch_coli_KTE5_V1_genomic.fna.gz,../ecoli_genomes/GCF_000351625.1_Esch_coli_KTE66_V1_genomic.fna.gz,../ecoli_genomes/GCF_000352285.1_Esch_coli_KTE46_V1_genomic.fna.gz,../ecoli_genomes/GCF_000358895.1_ASM35889v1_genomic.fna.gz,../ecoli_genomes/GCF_000456385.1_Esch_coli_HVH_26_4-5703913_V1_genomic.fna.gz,../ecoli_genomes/GCF_000458195.1_Esch_coli_HVH_147_4-5893887_V1_genomic.fna.gz,../ecoli_genomes/GCF_000459755.1_Esch_coli_KOEGE_58_171a_V1_genomic.fna.gz,../ecoli_genomes/GCF_000460055.1_Esch_coli_UMEA_3053-1_V1_genomic.fna.gz,../ecoli_genomes/GCF_000462165.2_ASM46216v2_genomic.fna.gz,../ecoli_genomes/GCF_000601135.1_ASM60113v1_genomic.fna.gz,../ecoli_genomes/GCF_000614595.1_Ec2010EL1058_genomic.fna.gz,../ecoli_genomes/GCF_000617745.1_Ec2010C-4529_genomic.fna.gz,../ecoli_genomes/GCF_000618265.2_EcF6751_genomic.fna.gz,../ecoli_genomes/GCF_000619005.2_Ec2009C-4052_genomic.fna.gz,../ecoli_genomes/GCF_000619105.1_Ec2009C-4780_genomic.fna.gz,../ecoli_genomes/GCF_000619765.2_Ec2009C-3279_genomic.fna.gz,../ecoli_genomes/GCF_000687005.1_ASM68700v1_genomic.fna.gz,../ecoli_genomes/GCF_000687025.1_ASM68702v1_genomic.fna.gz,../ecoli_genomes/GCF_000700125.1_ASM70012v1_genomic.fna.gz,../ecoli_genomes/GCF_000753315.1_FHI35_genomic.fna.gz,../ecoli_genomes/GCF_000776375.1_ASM77637v1_genomic.fna.gz,../ecoli_genomes/GCF_000779395.1_ASM77939v1_genomic.fna.gz,../ecoli_genomes/GCF_000780315.1_ASM78031v1_genomic.fna.gz,../ecoli_genomes/GCF_000781995.1_ASM78199v1_genomic.fna.gz,../ecoli_genomes/GCF_000986765.1_ASM98676v1_genomic.fna.gz,../ecoli_genomes/GCF_001041375.1_ViralProj287958_genomic.fna.gz,../ecoli_genomes/GCF_001265335.1_302014_genomic.fna.gz,../ecoli_genomes/GCF_001265625.1_100854_genomic.fna.gz,../ecoli_genomes/GCF_001267345.1_303289_genomic.fna.gz,../ecoli_genomes/GCF_001309985.1_ASM130998v1_genomic.fna.gz,../ecoli_genomes/GCF_001521695.1_ASM152169v1_genomic.fna.gz,../ecoli_genomes/GCF_001592595.1_ASM159259v1_genomic.fna.gz,../ecoli_genomes/GCF_001614975.1_ASM161497v1_genomic.fna.gz,../ecoli_genomes/GCF_001692775.1_ASM169277v1_genomic.fna.gz,../ecoli_genomes/GCF_001748915.1_ASM174891v1_genomic.fna.gz,../ecoli_genomes/GCF_001749235.1_ASM174923v1_genomic.fna.gz,../ecoli_genomes/GCF_001881155.1_ASM188115v1_genomic.fna.gz,../ecoli_genomes/GCF_001881345.1_ASM188134v1_genomic.fna.gz,../ecoli_genomes/GCF_001892405.1_ASM189240v1_genomic.fna.gz,../ecoli_genomes/GCF_001892585.1_ASM189258v1_genomic.fna.gz,../ecoli_genomes/GCF_001893985.1_ASM189398v1_genomic.fna.gz,../ecoli_genomes/GCF_002001595.1_ASM200159v1_genomic.fna.gz,../ecoli_genomes/GCF_002002145.1_ASM200214v1_genomic.fna.gz
1.0,0.7865471130244162,0.7674931672300888,0.7616481195645866,0.766328543686901,0.7841351468832196,0.7835466940226187,0.7749089202240902,0.8018680796844333,0.7644966437310263,0.7877562824849638,0.7749575060002065,0.7833228166306365,0.7647753425043876,0.7549946476255095,0.7868502097536265,0.7331624214041661,0.7862583104293678,0.7571739355358929,0.785204289913944,0.7755066890370507,0.7745190945975526,0.7869736998661709,0.7479692127116835,0.7281762933154878,0.6891888271960045,0.7834354126962793,0.7707945043469594,0.788664608830898,0.8002318442927934,0.754112115254827,0.7701767026216833,0.056536856927191015,0.7848039814553376,0.7824146220481444,0.7733599053838117,0.7781523061334829,0.786931811187104,0.6607913399284546,0.7945842691979427,0.7571241286454834,0.7910008065351405,0.7845092437590857,0.7782762849777407,0.7812382814524093,0.785952129142134,0.7846237041952163,0.7848077661428813,0.767678114507681,0.7965842443870159
0.7865471130244162,1.0,0.7549537731538066,0.7680098493248723,0.7825288567696453,0.8345179879380902,0.7910358639441604,0.7707832148836818,0.7734924701858246,0.7687952265411381,0.8015397185504514,0.7780163739279916,0.8019307859080134,0.7646892301300157,0.7569642277205938,0.7926452268035444,0.7456365485131844,0.8096295988554765,0.7753014073189677,0.7943558908353098,0.8058437599138509,0.7963792413257237,0.8101040073145969,0.7796575869861326,0.7574334223577702,0.6894998482168171,0.8142955127968088,0.7722751419425098,0.7778694184012493,0.781774343144772,0.7574757019687712,0.7961404325087607,0.0637524687169927,0.7993530742424316,0.8330639700260085,0.7666662524469482,0.7850135332136208,0.8103021763500322,0.6335002685273607,0.8119562844552562,0.7587447158571623,0.8235333740943293,0.8145200951427518,0.7790156222466769,0.7799316318176005,0.7813288838558881,0.8245450843458302,0.8241496931194876,0.7704896449289164,0.7785631120302009
0.7674931672300888,0.7549537731538066,1.0,0.7422993709392123,0.7295620069465532,0.7458456068144887,0.7457065855697476,0.7486969372803812,0.758500612538545,0.7383586115491318,0.7504318525262508,0.7470214539616719,0.7509224444233379,0.7396897992106023,0.7370704787253635,0.7535989808380386,0.6900047370055544,0.7526316301112673,0.7205885241776246,0.7509948074031059,0.7522726518146331,0.7461775291628416,0.7488347130049297,0.6991923262129254,0.6855345258857204,0.6384112520051244,0.7487716909948656,0.7509225571896662,0.759811462363277,0.7636206727187951,0.7429533867901987,0.7385474511340309,0.05555175522431133,0.7561145212899435,0.7410635273840596,0.749616430151928,0.7436633453917312,0.7460555452863828,0.6218884477383589,0.763623649079874,0.7436793140405946,0.7602935957716441,0.7564645392056796,0.7524792128697101,0.7488318669604175,0.7634900643102467,0.7569494618141424,0.7563998296347327,0.7482706852093397,0.7613052306668169
0.7616481195645866,0.7680098493248723,0.7422993709392123,1.0,0.7544526862783439,0.7590940606524772,0.7465952123412328,0.832659272757529,0.7618251580374197,0.8368740342416301,0.7604081716179494,0.8396144407598668,0.7549106360052652,0.847709683552319,0.8584174878320227,0.7556887607622088,0.7055115940694395,0.7550720152367542,0.725734315499742,0.7493415072564809,0.754622624103767,0.7424330513816839,0.758005096329672,0.7231557160527036,0.7103572141601038,0.659714775312852,0.7602087285275646,0.8399334343753829,0.7617708886304391,0.7668663029388167,0.83320461037235,0.7473847358229568,0.07330591722462809,0.7540632733256168,0.7506296847568881,0.7958988115479355,0.746186998203302,0.7495488670086221,0.6643853825031525,0.7556182036037203,0.8394349499367039,0.7618839791114375,0.755546504516714,0.8387832357126268,0.8339788937941646,0.7721536313697046,0.7506623636720131,0.7503119634215496,0.8219983724035661,0.7718993614184633
0.766328543686901,0.7825288567696453,0.7295620069465532,0.7544526862783439,1.0,0.8009357738466836,0.7605243344063075,0.75984546649728,0.7592871387387515,0.7560389852485697,0.8095668017829953,0.7558602344036345,0.8112692060877191,0.7412814641798275,0.7498960657531645,0.782975129521284,0.74015189421254,0.7841179679659991,0.7569547909115008,0.7617852598918955,0.792389892410233,0.7770796036996485,0.7911358063234603,0.7640952065678696,0.7409182381495192,0.6931843169649492,0.7954561439251547,0.7428709622488183,0.75747401304732,0.7641658232385116,0.7457922429754877,0.802427011636722,0.0764548278535977,0.7904708598000023,0.7783681790449664,0.7440011654017538,0.7656687387401948,0.7970722769747499,0.6211337484295113,0.8031305007826011,0.7521670042982725,0.7920118981054882,0.7949507890120554,0.7498276126836638,0.7512293575769848,0.7564855310383116,0.7950361379550395,0.7959578972662256,0.7442930830005752,0.7562609520145598
0.7841351468832196,0.8345179879380902,0.7458456068144887,0.7590940606524772,0.8009357738466836,1.0,0.7905448360974799,0.7695311892112772,0.7658883519338082,0.755436085168553,0.7972424866325275,0.7654376285344985,0.7955653457126839,0.7572109778389513,0.7532458503781152,0.7925184024726606,0.749247941916389,0.810596665261661,0.7762457660437394,0.7912945258673634,0.7972539654659835,0.7885702172259078,0.8064149844307577,0.7782252742840633,0.7620223340946228,0.7002495972613542,0.7996974234642469,0.7593770267585225,0.770266068500548,0.7678885474782345,0.748775414395894,0.7953773843743586,0.06844918522575971,0.8064182163773692,0.8233382986759721,0.7633018930564557,0.7859566092654164,0.8004786913535988,0.6366403249922599,0.8060380392486394,0.7552138934200747,0.8214066066076913,0.8018572040554803,0.7671664783572113,0.7690781686019061,0.7742819030599999,0.8188754514512268,0.8197240760879511,0.758221245687357,0.770864066509217
0.7835466940226187,0.7910358639441604,0.7457065855697476,0.7465952123412328,0.7605243344063075,0.7905448360974799,1.0,0.7570684847203343,0.7641823901362771,0.7470386474782582,0.7758929026754916,0.7565875943320187,0.7793867806500424,0.7476200261438288,0.7461799446574946,0.8990558605509438,0.7235320606087515,0.8047935626883123,0.7734061579569953,0.9432068747018226,0.8020455359357412,0.7891677560007069,0.8079164349758541,0.7391375637043871,0.7239071148231184,0.6707533828021646,0.7900419660993926,0.7495573131757178,0.7579061933380985,0.7654862912119715,0.7433974577746678,0.7753227928469274,0.06455890277127085,0.7928863004005213,0.7886005381154615,0.7650983858350624,0.917686684537046,0.778693842547431,0.6276970358721643,0.7890190732760873,0.7429064362543292,0.7903446612621489,0.7804604194515801,0.7582597471866053,0.7589852120056005,0.7702283907908088,0.7836251133547026,0.7832887322253173,0.7538402358495352,0.7651727971869933
0.7749089202240902,0.7707832148836818,0.7486969372803812,0.832659272757529,0.75984546649728,0.7695311892112772,0.7570684847203343,1.0,0.7664879441754237,0.8373856874311219,0.7626707760895806,0.8336000335994211,0.7617313459452225,0.8284018962126963,0.8229656691450533,0.7658239425699702,0.7123721399048211,0.7631000699805012,0.7320710560020272,0.7589809469823792,0.7560436396888068,0.7466210292152635,0.7582875306592701,0.7298669854229456,0.7152056930906023,0.668735152287915,0.767003608167756,0.8816634300803639,0.7701404229042084,0.7724408912925513,0.8203550378235764,0.74895178404165,0.07031593018263171,0.7587750917289349,0.7597704746114182,0.802861192887091,0.7550672956527608,0.7639390902471399,0.6663590449953072,0.7640068954707987,0.8246399154897961,0.7640649574790017,0.7631218269001168,0.88761091051055,0.8774770047085314,0.7777133187752476,0.7570102228500181,0.7571488425000545,0.8222811415975082,0.7790375498460216
0.8018680796844333,0.7734924701858246,0.758500612538545,0.7618251580374197,0.7592871387387515,0.7658883519338082,0.7641823901362771,0.7664879441754237,1.0,0.7655888314138504,0.7755986301812325,0.7638664217136296,0.7806198850964435,0.756882571451264,0.7587552169002512,0.7805245798540406,0.709188440760582,0.775898112127903,0.7398876433111203,0.7689106662062151,0.7744951262413613,0.7646534130127375,0.777557238558217,0.7306649003691887,0.7055628634901899,0.6618326195928212,0.7747147708523857,0.7634928344690387,0.7799751728646895,0.8164569379128505,0.7564514485903114,0.7629057943370403,0.06362804440459002,0.7710882723238232,0.7653825632597603,0.7652693035575008,0.7666872375103776,0.7635776084880683,0.6319184323937106,0.7851647114078639,0.759115271142137,0.7753729487296294,0.7810462623864716,0.7630132477943807,0.7586856759900068,0.784126646698434,0.7705288650000136,0.770517967682302,0.7625256346548192,0.7913618483382904
0.7644966437310263,0.7687952265411381,0.7383586115491318,0.8368740342416301,0.7560389852485697,0.755436085168553,0.7470386474782582,0.8373856874311219,0.7655888314138504,1.0,0.7696102753693781,0.8295574137577223,0.7657302770666337,0.8320136890770062,0.8253950237666282,0.7594743634614004,0.6972887923264472,0.7561721238094519,0.7253119824424017,0.7500972020801326,0.7553156201333384,0.7446513616598108,0.7528548721163093,0.7230079097032083,0.6998004357627099,0.655920976874546,0.7649082114577163,0.8365976035774966,0.7683012742516491,0.7732786636534134,0.8374543601311446,0.7381774615379468,0.06662293397495322,0.7503646035252197,0.7518936874943156,0.8041348227689924,0.747097021774731,0.7565719722522064,0.6669468187972463,0.7636081362926922,0.8412822452585627,0.7594695609732591,0.7583278847673182,0.830913017488378,0.8348122787991994,0.7652896251151639,0.7540932887357014,0.7531795052009637,0.8283625330586892,0.7667810629594902
0.7877562824849638,0.8015397185504514,0.7504318525262508,0.7604081716179494,0.8095668017829953,0.7972424866325275,0.7758929026754916,0.7626707760895806,0.7755986301812325,0.7696102753693781,1.0,0.7665044277607012,0.8383841430499348,0.7651360765309051,0.7522769226876413,0.7825355621243363,0.726978276182002,0.8159586877946098,0.7894090737559896,0.7800104637584415,0.8176559416186906,0.8184358143792818,0.8217959251872125,0.758958897843675,0.7210873293084112,0.6791229331728983,0.8283765775586704,0.7638695051615672,0.7719853680723842,0.7811755947846782,0.753192781660364,0.8008566983817191,0.061276019244115076,0.8197376940377338,0.8057367314977528,0.7648821520089011,0.7723549712320554,0.8199558501207626,0.6349626593726101,0.8387439861628248,0.7551063811314,0.8196536743176244,0.8320524799067912,0.764747355308124,0.7642158769801383,0.7691699282162932,0.8183549837781308,0.8174610315537404,0.762510343354966,0.7775394794529771
0.7749575060002065,0.7780163739279916,0.7470214539616719,0.8396144407598668,0.7558602344036345,0.7654376285344985,0.7565875943320187,0.8336000335994211,0.7638664217136296,0.8295574137577223,0.7665044277607012,1.0,0.762961808112568,0.825766082350387,0.8470717393604488,0.7631705463536311,0.7142138978931425,0.7612995171120301,0.73628560960291,0.7582989903193962,0.7660726648645019,0.7556252629631166,0.7650753913002526,0.7347428630839585,0.7166943220707586,0.6717495539594008,0.7686096073452128,0.8288482450182024,0.7715887105628642,0.7709777854278367,0.8108599204682636,0.7497072179235578,0.07006657770075753,0.7601421716055413,0.7640305863141164,0.798246644077446,0.7534761101372333,0.7660885299917268,0.6625944422298751,0.7690566064337124,0.8180426371044481,0.7668418118569003,0.767980291970455,0.831713815002554,0.8338583876635692,0.7823533027119371,0.7645353295121777,0.7642514583835115,0.8121058295417898,0.7773440212881169
0.7833228166306365,0.8019307859080134,0.7509224444233379,0.7549106360052652,0.8112692060877191,0.7955653457126839,0.7793867806500424,0.7617313459452225,0.7806198850964435,0.7657302770666337,0.8383841430499348,0.762961808112568,1.0,0.7546306808286619,0.7575236198439597,0.7969684989820561,0.72045721077276,0.825984582757047,0.8081339844177196,0.7844522584789243,0.8217449553111784,0.8338308531193542,0.829247844863126,0.7505640197896974,0.7210736710177277,0.6756740790916632,0.8370144538047783,0.7557216884078393,0.7767498162975703,0.7883549122208149,0.7534607532217921,0.8173430794275116,0.06392623638148043,0.8221717750044435,0.8013040044809314,0.7536776387811455,0.782564688059503,0.817505695482702,0.62207468221879,0.8468197902036118,0.7548698771006909,0.8056090848133979,0.8270047518795504,0.7550252980784464,0.753223976266419,0.7715118982535581,0.813645320141348,0.8130572584540176,0.7565899005034128,0.7814042771094627
0.7647753425043876,0.7646892301300157,0.7396897992106023,0.847709683552319,0.7412814641798275,0.7572109778389513,0.7476200261438288,0.8284018962126963,0.756882571451264,0.8320136890770062,0.7651360765309051,0.825766082350387,0.7546306808286619,1.0,0.8482740091370685,0.753954718160795,0.6975403322480558,0.7620577348248067,0.7281471387727749,0.7508304208704772,0.7531317990854599,0.7485605394730195,0.7565456656260604,0.708144697018134,0.6946407912198316,0.6497937661130171,0.7594108230580213,0.8433498280736358,0.7668356826381559,0.7630305084955004,0.8301618962217094,0.7423048237856799,0.06869059777600872,0.7545874148483664,0.7505786254924867,0.7966665563548281,0.742746797029069,0.7563052429945576,0.6600864049641644,0.7622835524101637,0.8292825396583572,0.7607996240994405,0.7577911069425805,0.8376208518789675,0.8366045899705645,0.7760428921120734,0.7552635401202428,0.75505912687159,0.8116804384359455,0.7748201044751715
0.7549946476255095,0.7569642277205938,0.7370704787253635,0.8584174878320227,0.7498960657531645,0.7532458503781152,0.7461799446574946,0.8229656691450533,0.7587552169002512,0.8253950237666282,0.7522769226876413,0.8470717393604488,0.7575236198439597,0.8482740091370685,1.0,0.7573470246891365,0.6979678738730017,0.7571118597820414,0.7240145312215885,0.7475639487412402,0.7538479900744688,0.7421234755803603,0.7522479460175108,0.7147876185652391,0.6984903562035968,0.6507634144246879,0.7563724155346734,0.8209111055071763,0.7569181270076677,0.7613282103264057,0.8301567991868471,0.7406679707496562,0.07273680349348344,0.7512062264640169,0.7456985315787301,0.790199450313472,0.7453674276658068,0.7491386293022837,0.6597996727403708,0.7563331067825694,0.833855974527988,0.753699268080185,0.7524465875196777,0.8194201747717584,0.8181508000768416,0.773247454905295,0.7485819277415489,0.7489380963911397,0.8078368652264669,0.7712672068521469
0.7868502097536265,0.7926452268035444,0.7535989808380386,0.7556887607622088,0.782975129521284,0.7925184024726606,0.8990558605509438,0.7658239425699702,0.7805245798540406,0.7594743634614004,0.7825355621243363,0.7631705463536311,0.7969684989820561,0.753954718160795,0.7573470246891365,1.0,0.7320799364383561,0.8048389184763908,0.7707915699981183,0.9066866954992551,0.8016624631757118,0.7941747768091726,0.8044213265693199,0.7492906113904179,0.7327119870971046,0.6821604957784813,0.7929366877868422,0.7532644456073048,0.7681827054291019,0.7850704723757089,0.7546640702612022,0.7841522619391877,0.06904622047589493,0.7959928404765346,0.7872193087795956,0.7671816499638027,0.9026642820744282,0.7817694282194894,0.6286085040239996,0.7972617598020035,0.7557580107197286,0.7908243545101906,0.7833584321996353,0.7595441681329211,0.7607284632886856,0.7807784126741706,0.7882977860208427,0.7878932950052244,0.7620709573647607,0.7761816801047291
0.7331624214041661,0.7456365485131844,0.6900047370055544,0.7055115940694395,0.74015189421254,0.749247941916389,0.7235320606087515,0.7123721399048211,0.709188440760582,0.6972887923264472,0.726978276182002,0.7142138978931425,0.72045721077276,0.6975403322480558,0.6979678738730017,0.7320799364383561,1.0,0.725300773947818,0.7022104886133629,0.7234073131762008,0.72734995246495,0.7272325177250221,0.7402582675229876,0.8110804877421236,0.8089391706006863,0.8042137665332614,0.7245534471436548,0.696595562520484,0.7047125076247369,0.7142833006362677,0.6956439433211286,0.7689236899816123,0.06456650241767581,0.7438013753349553,0.75110824228789,0.700920595053351,0.7200553197877321,0.7323638713727544,0.595871842365586,0.7365642196901762,0.693205085835507,0.7444547937952715,0.7353191802884207,0.7181572153928288,0.7198597794510406,0.7125215670734055,0.7466378933211203,0.7474004102712333,0.694557866046476,0.7095931640116796
0.7862583104293678,0.8096295988554765,0.7526316301112673,0.7550720152367542,0.7841179679659991,0.810596665261661,0.8047935626883123,0.7631000699805012,0.775898112127903,0.7561721238094519,0.8159586877946098,0.7612995171120301,0.825984582757047,0.7620577348248067,0.7571118597820414,0.8048389184763908,0.725300773947818,1.0,0.8219734950805505,0.8095153509177287,0.8445581480683013,0.8330896124254549,0.8473100816404113,0.7482044602508414,0.7223084283904817,0.6761017972076193,0.8293514144318241,0.7580941556380915,0.7795047396946779,0.7788038900794506,0.7527927697318196,0.8084349289776647,0.05923562694423523,0.8288853180591861,0.8066836988493229,0.7732254795160742,0.8028315521650038,0.8109229542949561,0.6331333058111998,0.8290434330944172,0.753205797615913,0.8117140435220683,0.827997875675524,0.7609908211976685,0.7609170140952191,0.7776164958032116,0.8078007558257039,0.8076629108220663,0.7608921961835998,0.7849518502511212
0.7571739355358929,0.7753014073189677,0.7205885241776246,0.725734315499742,0.7569547909115008,0.7762457660437394,0.7734061579569953,0.7320710560020272,0.7398876433111203,0.7253119824424017,0.7894090737559896,0.73628560960291,0.8081339844177196,0.7281471387727749,0.7240145312215885,0.7707915699981183,0.7022104886133629,0.8219734950805505,1.0,0.7758489842474607,0.8093318019498614,0.8217270280550475,0.8106150321512353,0.7203978420101709,0.7064742730221034,0.6539161591882399,0.7964853185895733,0.7277140107235454,0.7448108996096747,0.7464146615480028,0.7188179869131226,0.7913424818609212,0.06378937449131339,0.7922679482667064,0.7812751659303006,0.7399323628047174,0.772211342981245,0.7830023777079071,0.6068105034308544,0.8004405593226698,0.7200593117021297,0.7769295835159327,0.7942541679490566,0.7335219286195336,0.7315646382122362,0.7484377659606211,0.7750989280862939,0.7756448345255327,0.7315688539651337,0.7519280968966835
0.785204289913944,0.7943558908353098,0.7509948074031059,0.7493415072564809,0.7617852598918955,0.7912945258673634,0.9432068747018226,0.7589809469823792,0.7689106662062151,0.7500972020801326,0.7800104637584415,0.7582989903193962,0.7844522584789243,0.7508304208704772,0.7475639487412402,0.9066866954992551,0.7234073131762008,0.8095153509177287,0.7758489842474607,1.0,0.806346960226296,0.794132395340291,0.8109589661266017,0.7385258660464542,0.7254835764007477,0.6713607555897867,0.7922974482887818,0.752427009116865,0.7639737060964203,0.7710642863993048,0.7460479922825276,0.777920387690295,0.06315001206676718,0.7942319154409505,0.7896101152184114,0.766293866171015,0.9205494153344308,0.7813431600940386,0.6270192969482321,0.7946367841062314,0.7453783830916566,0.7920112418663837,0.7854936990494155,0.7590561256615327,0.7591436689199323,0.7749632902198368,0.7872803042909826,0.7870037884284048,0.7567352727069572,0.7707053766221524
0.7755066890370507,0.8058437599138509,0.7522726518146331,0.754622624103767,0.792389892410233,0.7972539654659835,0.8020455359357412,0.7560436396888068,0.7744951262413613,0.7553156201333384,0.8176559416186906,0.7660726648645019,0.8217449553111784,0.7531317990854599,0.7538479900744688,0.8016624631757118,0.72734995246495,0.8445581480683013,0.8093318019498614,0.806346960226296,1.0,0.8306621922286133,0.8499773188552017,0.7513691309255364,0.7254571981344459,0.6749240088783184,0.8347844900545062,0.7534651744168599,0.7700138048156064,0.7789876364956027,0.7465376375495991,0.8049552483962933,0.0633003755640551,0.8298121499443125,0.8075027157356123,0.7660973827590553,0.7969747434201233,0.8160917348984107,0.628388495244733,0.8345231579033858,0.751269378172489,0.801678057844379,0.8306759622958682,0.7559564597835922,0.7563312294177618,0.7782888480315145,0.8091553389591559,0.8090171564834676,0.7583451441213787,0.7784096757341834
0.7745190945975526,0.7963792413257237,0.7461775291628416,0.7424330513816839,0.7770796036996485,0.7885702172259078,0.7891677560007069,0.7466210292152635,0.7646534130127375,0.7446513616598108,0.8184358143792818,0.7556252629631166,0.8338308531193542,0.7485605394730195,0.7421234755803603,0.7941747768091726,0.7272325177250221,0.8330896124254549,0.8217270280550475,0.794132395340291,0.8306621922286133,1.0,0.878708522588994,0.7453363883053513,0.7213218018307328,0.6731001783490018,0.8199068081702349,0.7446477834084505,0.760290600765008,0.7669701215355971,0.7370704407385085,0.8036879094730536,0.06325937398541281,0.8507154244777368,0.7958796006837378,0.7573992100021172,0.7861574904229865,0.8103418283025058,0.6219607529914168,0.8270805992058601,0.7389584372722535,0.7961123695354639,0.8255231562096043,0.7497989832023052,0.7474931086607687,0.7657190216482275,0.7995742847601454,0.7986791123027277,0.7494965005151561,0.77193595184918
0.7869736998661709,0.8101040073145969,0.7488347130049297,0.758005096329672,0.7911358063234603,0.8064149844307577,0.8079164349758541,0.7582875306592701,0.777557238558217,0.7528548721163093,0.8217959251872125,0.7650753913002526,0.829247844863126,0.7565456656260604,0.7522479460175108,0.8044213265693199,0.7402582675229876,0.8473100816404113,0.8106150321512353,0.8109589661266017,0.8499773188552017,0.878708522588994,1.0,0.7602718927035043,0.7360863792228172,0.6832338616630713,0.8382900713450729,0.7545212800349677,0.7680008735319374,0.7736070247132419,0.7445623060735007,0.8167472223452956,0.06794133236150735,0.8617062622708757,0.8084951427100854,0.7672190383825432,0.8035355987303254,0.8230472656089076,0.6311579544731025,0.8355311046477145,0.7502732056854885,0.811628426529258,0.8331059800796438,0.7620044936583106,0.7603784929346225,0.778353363432069,0.8065184587125895,0.8071794620358295,0.7589297031932174,0.7798146430036534
0.7479692127116835,0.7796575869861326,0.6991923262129254,0.7231557160527036,0.7640952065678696,0.7782252742840633,0.7391375637043871,0.7298669854229456,0.7306649003691887,0.7230079097032083,0.758958897843675,0.7347428630839585,0.7505640197896974,0.708144697018134,0.7147876185652391,0.7492906113904179,0.8110804877421236,0.7482044602508414,0.7203978420101709,0.7385258660464542,0.7513691309255364,0.7453363883053513,0.7602718927035043,1.0,0.8121513041020659,0.7840244726213914,0.7580303039901759,0.7126032231437363,0.721167605629832,0.7379731907848248,0.7098447606666546,0.7718589863712262,0.06973251482433573,0.759126128326979,0.7973390963922823,0.7171414817479926,0.7355215628246226,0.7499327216068622,0.6086273761480567,0.7602974548207335,0.7138622798821506,0.7684890074974349,0.7564112581235022,0.7308533679745404,0.7333591846363723,0.7238592545856728,0.7638831429936737,0.7634198056209992,0.7155394655112519,0.7234576950056748
0.7281762933154878,0.7574334223577702,0.6855345258857204,0.7103572141601038,0.7409182381495192,0.7620223340946228,0.7239071148231184,0.7152056930906023,0.7055628634901899,0.6998004357627099,0.7210873293084112,0.7166943220707586,0.7210736710177277,0.6946407912198316,0.6984903562035968,0.7327119870971046,0.8089391706006863,0.7223084283904817,0.7064742730221034,0.7254835764007477,0.7254571981344459,0.7213218018307328,0.7360863792228172,0.8121513041020659,1.0,0.8066459826977855,0.7284022661228151,0.6953475820818729,0.7005315887720087,0.7162179731124019,0.6895875009993864,0.7634674657701974,0.07388491985903367,0.7368345081653795,0.7627905349001185,0.6984653517958872,0.7240957276583502,0.7271787738563842,0.5947104653956328,0.7315409966225253,0.6952789413301101,0.7397773071640741,0.7336036191993359,0.7238416691137041,0.7214077155357573,0.7172878004804231,0.7356679853479517,0.7358725768975651,0.7022557760841295,0.7111883629823368
0.6891888271960045,0.6894998482168171,0.6384112520051244,0.659714775312852,0.6931843169649492,0.7002495972613542,0.6707533828021646,0.668735152287915,0.6618326195928212,0.655920976874546,0.6791229331728983,0.6717495539594008,0.6756740790916632,0.6497937661130171,0.6507634144246879,0.6821604957784813,0.8042137665332614,0.6761017972076193,0.6539161591882399,0.6713607555897867,0.6749240088783184,0.6731001783490018,0.6832338616630713,0.7840244726213914,0.8066459826977855,1.0,0.6794357381488905,0.646805414917833,0.6571719672375631,0.6687154290280795,0.6424381709186991,0.7111154114847094,0.06319780594979851,0.6899763878854221,0.706978336088383,0.6556719134885897,0.6682135015620683,0.6823312950862919,0.5684584287198526,0.6899908053343621,0.6481935593957937,0.6889938624577336,0.6844095164907406,0.6754749012078669,0.6759799148336987,0.6660226005428032,0.6924733731421389,0.6922894620636713,0.653518872173243,0.6657726105884251
0.7834354126962793,0.8142955127968088,0.7487716909948656,0.7602087285275646,0.7954561439251547,0.7996974234642469,0.7900419660993926,0.767003608167756,0.7747147708523857,0.7649082114577163,0.8283765775586704,0.7686096073452128,0.8370144538047783,0.7594108230580213,0.7563724155346734,0.7929366877868422,0.7245534471436548,0.8293514144318241,0.7964853185895733,0.7922974482887818,0.8347844900545062,0.8199068081702349,0.8382900713450729,0.7580303039901759,0.7284022661228151,0.6794357381488905,1.0,0.7643962665442213,0.7692030093584924,0.7770893048397605,0.752344413070797,0.8072164517350068,0.06261958419567593,0.8208825673806095,0.8035232922141764,0.7647325874994779,0.7828652568238674,0.8399276941035048,0.6296110743037819,0.8440138794593515,0.7577263045832414,0.8065212350093045,0.8537000722310764,0.7691649653977892,0.7653483881127862,0.7748524134744209,0.806308020526983,0.8054704935221183,0.763676636131583,0.7744052735169121
0.7707945043469594,0.7722751419425098,0.7509225571896662,0.8399334343753829,0.7428709622488183,0.7593770267585225,0.7495573131757178,0.8816634300803639,0.7634928344690387,0.8365976035774966,0.7638695051615672,0.8288482450182024,0.7557216884078393,0.8433498280736358,0.8209111055071763,0.7532644456073048,0.696595562520484,0.7580941556380915,0.7277140107235454,0.752427009116865,0.7534651744168599,0.7446477834084505,0.7545212800349677,0.7126032231437363,0.6953475820818729,0.646805414917833,0.7643962665442213,1.0,0.7734787574600513,0.7687437247918738,0.8238136705385432,0.7404845031586048,0.06495704055661466,0.7532969511746721,0.7541085811070523,0.8030865667480664,0.7446002113158671,0.7599335860141079,0.6639258133342225,0.7606326977367994,0.8256475687075104,0.7615652335178771,0.7593346436065337,0.9186292699709853,0.9042085329828292,0.7766514780373392,0.7560784329564215,0.7552442020289163,0.8251216946447786,0.7751430507623743
0.788664608830898,0.7778694184012493,0.759811462363277,0.7617708886304391,0.75747401304732,0.770266068500548,0.7579061933380985,0.7701404229042084,0.7799751728646895,0.7683012742516491,0.7719853680723842,0.7715887105628642,0.7767498162975703,0.7668356826381559,0.7569181270076677,0.7681827054291019,0.7047125076247369,0.7795047396946779,0.7448108996096747,0.7639737060964203,0.7700138048156064,0.760290600765008,0.7680008735319374,0.721167605629832,0.7005315887720087,0.6571719672375631,0.7692030093584924,0.7734787574600513,1.0,0.7835315199691386,0.7536697034271614,0.7573194143458177,0.05668546914687422,0.7699500645254649,0.7654814573212857,0.7761462512947591,0.7565590686117623,0.7632614233272504,0.6375052949608795,0.7816563820636817,0.755850769574927,0.7734486998533388,0.7735754737353928,0.7693579407432195,0.770080473926039,0.7949935154589899,0.7696044260976785,0.7695405027766272,0.7680014378521858,0.8566155492174718
0.8002318442927934,0.781774343144772,0.7636206727187951,0.7668663029388167,0.7641658232385116,0.7678885474782345,0.7654862912119715,0.7724408912925513,0.8164569379128505,0.7732786636534134,0.7811755947846782,0.7709777854278367,0.7883549122208149,0.7630305084955004,0.7613282103264057,0.7850704723757089,0.7142833006362677,0.7788038900794506,0.7464146615480028,0.7710642863993048,0.7789876364956027,0.7669701215355971,0.7736070247132419,0.7379731907848248,0.7162179731124019,0.6687154290280795,0.7770893048397605,0.7687437247918738,0.7835315199691386,1.0,0.7592116868319552,0.7619763603143068,0.0649049598720216,0.7691778214265433,0.7734719430469221,0.7708616444848125,0.7672499734519651,0.7679269173036025,0.6350896638182092,0.7940746255368457,0.7626605353054475,0.7806971603924518,0.7796488122381683,0.7704946795585539,0.7675054054791941,0.7873007718026725,0.7818014619343254,0.7814053508698184,0.7713451438865561,0.7972694615492857
0.754112115254827,0.7574757019687712,0.7429533867901987,0.83320461037235,0.7457922429754877,0.748775414395894,0.7433974577746678,0.8203550378235764,0.7564514485903114,0.8374543601311446,0.753192781660364,0.8108599204682636,0.7534607532217921,0.8301618962217094,0.8301567991868471,0.7546640702612022,0.6956439433211286,0.7527927697318196,0.7188179869131226,0.7460479922825276,0.7465376375495991,0.7370704407385085,0.7445623060735007,0.7098447606666546,0.6895875009993864,0.6424381709186991,0.752344413070797,0.8238136705385432,0.7536697034271614,0.7592116868319552,1.0,0.7403159079757864,0.06724883875072585,0.7451029705245389,0.7430017032773497,0.7928042371586821,0.7421121380791147,0.7431231884461824,0.6524943856219466,0.7552307604110535,0.8720330350952863,0.7543702405064918,0.7470692560732926,0.8174996005471944,0.8169980289088634,0.7668838046656921,0.7473040847576164,0.7465717041169374,0.8120817157426474,0.7581293829569036
0.7701767026216833,0.7961404325087607,0.7385474511340309,0.7473847358229568,0.802427011636722,0.7953773843743586,0.7753227928469274,0.74895178404165,0.7629057943370403,0.7381774615379468,0.8008566983817191,0.7497072179235578,0.8173430794275116,0.7423048237856799,0.7406679707496562,0.7841522619391877,0.7689236899816123,0.8084349289776647,0.7913424818609212,0.777920387690295,0.8049552483962933,0.8036879094730536,0.8167472223452956,0.7718589863712262,0.7634674657701974,0.7111154114847094,0.8072164517350068,0.7404845031586048,0.7573194143458177,0.7619763603143068,0.7403159079757864,1.0,0.0649208920584704,0.8112409824987742,0.7908264559199767,0.7479683382570579,0.7787026734330693,0.8054843787229158,0.6201934000385629,0.8190464813596565,0.7371931434369057,0.7969710759765082,0.8135165029821344,0.7484365794476934,0.7500435928472456,0.7673778212322995,0.7990384239551825,0.799622428822751,0.7390447463861893,0.7631296165121426
0.056536856927191015,0.0637524687169927,0.05555175522431133,0.07330591722462809,0.0764548278535977,0.06844918522575971,0.06455890277127085,0.07031593018263171,0.06362804440459002,0.06662293397495322,0.061276019244115076,0.07006657770075753,0.06392623638148043,0.06869059777600872,0.07273680349348344,0.06904622047589493,0.06456650241767581,0.05923562694423523,0.06378937449131339,0.06315001206676718,0.0633003755640551,0.06325937398541281,0.06794133236150735,0.06973251482433573,0.07388491985903367,0.06319780594979851,0.06261958419567593,0.06495704055661466,0.05668546914687422,0.0649049598720216,0.06724883875072585,0.0649208920584704,1.0,0.0657969364707045,0.06356377445850303,0.061229158351869706,0.06819585419269036,0.05959923564769465,0.05770459085293056,0.05920335327290349,0.07154791796013193,0.06623788025107125,0.05873314081017056,0.06382729952214417,0.06425200283078003,0.056111873433618564,0.06218871403062787,0.06204053534460163,0.05973088664909565,0.05638990487838125
0.7848039814553376,0.7993530742424316,0.7561145212899435,0.7540632733256168,0.7904708598000023,0.8064182163773692,0.7928863004005213,0.7587750917289349,0.7710882723238232,0.7503646035252197,0.8197376940377338,0.7601421716055413,0.8221717750044435,0.7545874148483664,0.7512062264640169,0.7959928404765346,0.7438013753349553,0.8288853180591861,0.7922679482667064,0.7942319154409505,0.8298121499443125,0.8507154244777368,0.8617062622708757,0.759126128326979,0.7368345081653795,0.6899763878854221,0.8208825673806095,0.7532969511746721,0.7699500645254649,0.7691778214265433,0.7451029705245389,0.8112409824987742,0.0657969364707045,1.0,0.8068489842859473,0.7714788222334219,0.7894806709947152,0.8113787706549249,0.6376028529486522,0.8256586215761933,0.7492603802664151,0.8118853873071694,0.8298662055034314,0.7600373136343815,0.7598111814722136,0.774476911717437,0.8022940362083129,0.8029439024905765,0.7545571742883763,0.776600096798385
0.7824146220481444,0.8330639700260085,0.7410635273840596,0.7506296847568881,0.7783681790449664,0.8233382986759721,0.7886005381154615,0.7597704746114182,0.7653825632597603,0.7518936874943156,0.8057367314977528,0.7640305863141164,0.8013040044809314,0.7505786254924867,0.7456985315787301,0.7872193087795956,0.75110824228789,0.8066836988493229,0.7812751659303006,0.7896101152184114,0.8075027157356123,0.7958796006837378,0.8084951427100854,0.7973390963922823,0.7627905349001185,0.706978336088383,0.8035232922141764,0.7541085811070523,0.7654814573212857,0.7734719430469221,0.7430017032773497,0.7908264559199767,0.06356377445850303,0.8068489842859473,1.0,0.7614720325609513,0.7798730366136042,0.7978789455177054,0.6305895935881021,0.8109729912277938,0.7434990845475848,0.8180100446084384,0.8111362063296416,0.7618414847977437,0.7617366502190974,0.7696801396445611,0.8127287314077423,0.8129509787257494,0.7540695702029886,0.7695391601528137
0.7733599053838117,0.7666662524469482,0.749616430151928,0.7958988115479355,0.7440011654017538,0.7633018930564557,0.7650983858350624,0.802861192887091,0.7652693035575008,0.8041348227689924,0.7648821520089011,0.798246644077446,0.7536776387811455,0.7966665563548281,0.790199450313472,0.7671816499638027,0.700920595053351,0.7732254795160742,0.7399323628047174,0.766293866171015,0.7660973827590553,0.7573992100021172,0.7672190383825432,0.7171414817479926,0.6984653517958872,0.6556719134885897,0.7647325874994779,0.8030865667480664,0.7761462512947591,0.7708616444848125,0.7928042371586821,0.7479683382570579,0.061229158351869706,0.7714788222334219,0.7614720325609513,1.0,0.7585648286089707,0.7584782614112237,0.6720870894861044,0.7710387178485749,0.7956430343475966,0.7715086439208295,0.7632559278706195,0.8059890659140486,0.8086218894240483,0.7752671505726307,0.7624335880122826,0.7620262034361787,0.8109412374834664,0.783338831869269
0.7781523061334829,0.7850135332136208,0.7436633453917312,0.746186998203302,0.7656687387401948,0.7859566092654164,0.917686684537046,0.7550672956527608,0.7666872375103776,0.747097021774731,0.7723549712320554,0.7534761101372333,0.782564688059503,0.742746797029069,0.7453674276658068,0.9026642820744282,0.7200553197877321,0.8028315521650038,0.772211342981245,0.9205494153344308,0.7969747434201233,0.7861574904229865,0.8035355987303254,0.7355215628246226,0.7240957276583502,0.6682135015620683,0.7828652568238674,0.7446002113158671,0.7565590686117623,0.7672499734519651,0.7421121380791147,0.7787026734330693,0.06819585419269036,0.7894806709947152,0.7798730366136042,0.7585648286089707,1.0,0.7736865224102788,0.6237969673636354,0.7868857937192052,0.7422948278334023,0.7864191439396963,0.7756943573233495,0.7518358291014464,0.752267727056294,0.7684621616050291,0.781475607220417,0.7811829911862898,0.7519465188231403,0.7660547073362677
0.786931811187104,0.8103021763500322,0.7460555452863828,0.7495488670086221,0.7970722769747499,0.8004786913535988,0.778693842547431,0.7639390902471399,0.7635776084880683,0.7565719722522064,0.8199558501207626,0.7660885299917268,0.817505695482702,0.7563052429945576,0.7491386293022837,0.7817694282194894,0.7323638713727544,0.8109229542949561,0.7830023777079071,0.7813431600940386,0.8160917348984107,0.8103418283025058,0.8230472656089076,0.7499327216068622,0.7271787738563842,0.6823312950862919,0.8399276941035048,0.7599335860141079,0.7632614233272504,0.7679269173036025,0.7431231884461824,0.8054843787229158,0.05959923564769465,0.8113787706549249,0.7978789455177054,0.7584782614112237,0.7736865224102788,1.0,0.6337436897050127,0.8335383236397566,0.749906044018332,0.8099555862933354,0.8517333947876531,0.7669895308170906,0.7643121276096223,0.7638028699328293,0.8152979067756434,0.8153480502896185,0.7534755145912015,0.767683290026832
0.6607913399284546,0.6335002685273607,0.6218884477383589,0.6643853825031525,0.6211337484295113,0.6366403249922599,0.6276970358721643,0.6663590449953072,0.6319184323937106,0.6669468187972463,0.6349626593726101,0.6625944422298751,0.62207468221879,0.6600864049641644,0.6597996727403708,0.6286085040239996,0.595871842365586,0.6331333058111998,0.6068105034308544,0.6270192969482321,0.628388495244733,0.6219607529914168,0.6311579544731025,0.6086273761480567,0.5947104653956328,0.5684584287198526,0.6296110743037819,0.6639258133342225,0.6375052949608795,0.6350896638182092,0.6524943856219466,0.6201934000385629,0.05770459085293056,0.6376028529486522,0.6305895935881021,0.6720870894861044,0.6237969673636354,0.6337436897050127,1.0,0.6252007627393776,0.6556503956489794,0.6364243401863428,0.6327086499332006,0.6649040335800385,0.669160476026047,0.6376730218023161,0.6258887788292726,0.6257316968702453,0.6668623301820991,0.6435413776965915
