../ecoli_genomes/GCF_000163235.1_ASM16323v1_genomic.fna.gz,../ecoli_genomes/GCF_000164555.1_ASM16455v1_genomic.fna.gz,../ecoli_genomes/GCF_000208545.1_ASM20854v2_genomic.fna.gz,../ecoli_genomes/GCF_000233875.1_ASM23387v1_genomic.fna.gz,../ecoli_genomes/GCF_000249735.1_ASM24973v2_genomic.fna.gz,../ecoli_genomes/GCF_000261145.1_Esch_coli_M919_V2_genomic.fna.gz,../ecoli_genomes/GCF_000267705.2_ASM26770v2_genomic.fna.gz,../ecoli_genomes/GCF_000350665.1_Esch_coli_KTE5_V1_genomic.fna.gz,../ecoli_genomes/GCF_000351625.1_Esch_coli_KTE66_V1_genomic.fna.gz,../ecoli_genomes/GCF_000352285.1_Esch_coli_KTE46_V1_genomic.fna.gz,../ecoli_genomes/GCF_000358895.1_ASM35889v1_genomic.fna.gz,../ecoli_genomes/GCF_000456385.1_Esch_coli_HVH_26_4-5703913_V1_genomic.fna.gz,../ecoli_genomes/GCF_000458195.1_Esch_coli_HVH_147_4-5893887_V1_genomic.fna.gz,../ecoli_genomes/GCF_000459755.1_Esch_coli_KOEGE_58_171a_V1_genomic.fna.gz,../ecoli_genomes/GCF_000460055.1_Esch_coli_UMEA_3053-1_V1_genomic.fna.gz,../ecoli_genomes/GCF_000462165.2_ASM46216v2_genomic.fna.gz,../ecoli_genomes/GCF_000601135.1_ASM60113v1_genomic.fna.gz,../ecoli_genomes/GCF_000614595.1_Ec2010EL1058_genomic.fna.gz,../ecoli_genomes/GCF_000617745.1_Ec2010C-4529_genomic.fna.gz,../ecoli_genomes/GCF_000618265.2_EcF6751_genomic.fna.gz,../ecoli_genomes/GCF_000619005.2_Ec2009C-4052_genomic.fna.gz,../ecoli_genomes/GCF_000619105.1_Ec2009C-4780_genomic.fna.gz,../ecoli_genomes/GCF_000619765.2_Ec2009C-3279_genomic.fna.gz,../ecoli_genomes/GCF_000687005.1_ASM68700v1_genomic.fna.gz,../ecoli_genomes/GCF_000687025.1_ASM68702v1_genomic.fna.gz,../ecoli_genomes/GCF_000700125.1_ASM70012v1_genomic.fna.gz,../ecoli_genomes/GCF_000753315.1_FHI35_genomic.fna.gz,../ecoli_genomes/GCF_000776375.1_ASM77637v1_genomic.fna.gz,../ecoli_genomes/GCF_000779395.1_ASM77939v1_genomic.fna.gz,../ecoli_genomes/GCF_000780315.1_ASM78031v1_genomic.fna.gz,../ecoli_genomes/GCF_000781995.1_ASM78199v1_genomic.fna.gz,../ecoli_genomes/GCF_000986765.1_ASM98676v1_genomic.fna.gz,../ecoli_genomes/GCF_001041375.1_ViralProj287958_genomic.fna.gz,../ecoli_genomes/GCF_001265335.1_302014_genomic.fna.gz,../ecoli_genomes/GCF_001265625.1_100854_genomic.fna.gz,../ecoli_genomes/GCF_001267345.1_303289_genomic.fna.gz,../ecoli_genomes/GCF_001309985.1_ASM130998v1_genomic.fna.gz,../ecoli_genomes/GCF_001521695.1_ASM152169v1_genomic.fna.gz,../ecoli_genomes/GCF_001592595.1_ASM159259v1_genomic.fna.gz,../ecoli_genomes/GCF_001614975.1_ASM161497v1_genomic.fna.gz,../ecoli_genomes/GCF_001692775.1_ASM169277v1_genomic.fna.gz,../ecoli_genomes/GCF_001748915.1_ASM174891v1_genomic.fna.gz,../ecoli_genomes/GCF_001749235.1_ASM174923v1_genomic.fna.gz,../ecoli_genomes/GCF_001881155.1_ASM188115v1_genomic.fna.gz,../ecoli_genomes/GCF_001881345.1_ASM188134v1_genomic.fna.gz,../ecoli_genomes/GCF_001892405.1_ASM189240v1_genomic.fna.gz,../ecoli_genomes/GCF_001892585.1_ASM189258v1_genomic.fna.gz,../ecoli_genomes/GCF_001893985.1_ASM189398v1_genomic.fna.gz,../ecoli_genomes/GCF_002001595.1_ASM200159v1_genomic.fna.gz,../ecoli_genomes/GCF_002002145.1_ASM200214v1_genomic.fna.gz
1.0,0.7784444789136904,0.76095500151692,0.7488718394806733,0.75357573317703,0.7652291743266257,0.7598702928496323,0.7476083980030063,0.789371581482306,0.7583455081407373,0.7740321403292667,0.74770265296573,0.7777163239363813,0.7475905217499401,0.7387669624015911,0.7639640306509976,0.7365696383086454,0.7686828498258447,0.7444759423993927,0.7633087747394436,0.75630801762406,0.749894342932566,0.7775898283937339,0.7412499817023199,0.722011317113666,0.6770596302607783,0.7632771362501554,0.7441619085661115,0.7796496650029985,0.7943373451823462,0.7344043026690348,0.7619335940181736,0.06971887855051417,0.7760289628999488,0.7660290919275791,0.7498570436660819,0.7534479594973167,0.7649405297011544,0.5870713771925387,0.7726675662744326,0.7387838049982942,0.7684115558629248,0.7661100819265707,0.7481006345213479,0.7526045063176231,0.7654578589441046,0.7556913903592853,0.7623612648275209,0.7516031835928306,0.7798930790285393
0.7784444789136904,1.0,0.7633718616256153,0.7636558865820927,0.7748153978411499,0.8117504449204465,0.7798081336816532,0.7597163603017236,0.774837191141364,0.763991553632141,0.7991720349201531,0.7611476693215949,0.8025979074704017,0.7587704288068504,0.753576896409034,0.7854702130535843,0.7646952253916874,0.8031493866034619,0.7737969885950731,0.7871802278867165,0.7926295603357133,0.7705722110341369,0.8081948706525011,0.7934010328811218,0.7634777101090885,0.7049655408382374,0.8011529649201579,0.7575269504017763,0.772446913986654,0.7855582482770753,0.7473597423035776,0.7861053887800283,0.05885194670371863,0.8023389074686595,0.8221271367449179,0.7571168702947432,0.7734858844704575,0.7999547808703551,0.5719222542722024,0.8049467337945733,0.7522039074830469,0.8191861280776317,0.8023649614177184,0.7667138104328555,0.7670466133514371,0.7725938213961174,0.790286783371954,0.7986503560458011,0.7650588423838962,0.7718952744570874
0.76095500151692,0.7633718616256153,1.0,0.7421179038984684,0.7334479911545326,0.737133231206943,0.7388625694438091,0.7342053355851803,0.7649704415214079,0.742698011107566,0.7543815013419064,0.7368022192907276,0.7621215590845769,0.7391767559856458,0.7361748903984668,0.7434257403789459,0.7100081986622668,0.7575206390041329,0.7324262900516052,0.7483760334153209,0.7573415224601641,0.732667892579401,0.7637568159108177,0.7160739863731541,0.7003643480395467,0.65581337167092,0.7581134046635642,0.7364204970975947,0.7582396286791322,0.7740215743134953,0.7310241392637359,0.7368737118098854,0.06330007320120457,0.7603020084198419,0.7403898847166411,0.74206085129967,0.7325633925777386,0.7464340229564992,0.5662608732432073,0.7581322244219526,0.7342897612668571,0.757837583055359,0.7536685582870077,0.742752545638927,0.7388721898880983,0.7540640347484555,0.7322306503193794,0.7385608495438165,0.7448987355302019,0.7653597060781769
0.7488718394806733,0.7636558865820927,0.7421179038984684,1.0,0.7451022810738593,0.7443451399008503,0.7480561053679448,0.830342395049994,0.7602532793193449,0.8304984029992578,0.7536450247099588,0.8283056027576203,0.7568283787946836,0.8431845673466198,0.8498330658238115,0.7563027822371757,0.715897881763937,0.7514070523881171,0.7269722225593503,0.754556902738016,0.7376350495017152,0.7300214475343745,0.7576717115915015,0.72044181771393,0.7039826186258935,0.6580448186197219,0.7455537967809076,0.8376303721195637,0.7685844168514948,0.7655208103581714,0.8136286057472024,0.7491803469983138,0.05726042612682869,0.7476498216530103,0.7371128217948117,0.7948986848333883,0.7430458984566104,0.7366821607161818,0.5998138931665772,0.7496104109566375,0.8307272343948433,0.7537157165394686,0.7423047457167821,0.840373876825983,0.8349255227518175,0.7564099942332939,0.7251337343800603,0.7315596000333844,0.8081133566911044,0.772701488027107
0.75357573317703,0.7748153978411499,0.7334479911545326,0.7451022810738593,1.0,0.7753036341975635,0.756456574486589,0.7398394021627149,0.7614155078167416,0.7469758884229967,0.80094680107439,0.7358844084946181,0.8059053563987835,0.738202046923726,0.7421690860513803,0.768104301303029,0.7577238461159603,0.7747109325610287,0.7529519472470515,0.7595153582314168,0.774724157700181,0.7544665087905297,0.7842363721589394,0.7705830113800628,0.735888043738153,0.6965221296319051,0.7772350804854633,0.7307509019320758,0.7595035301096543,0.7655220096371693,0.7270001336955998,0.7933880550514633,0.05493954552863778,0.7839384908563409,0.7652515130522399,0.733061208812863,0.7591756349578058,0.788432853401343,0.5675901590313146,0.7944428677190386,0.7448088493213989,0.7792788909441601,0.7900537278824992,0.7378960866213209,0.7379699101130267,0.7410496274584432,0.7612176340689141,0.7680752795959738,0.737876219080283,0.7493354496238408
0.7652291743266257,0.8117504449204465,0.737133231206943,0.7443451399008503,0.7753036341975635,1.0,0.7717239109251044,0.7466502325925728,0.7591742173016724,0.7448544771637506,0.782769881768447,0.7438251759495376,0.7876312700186805,0.7387676013664808,0.7352526625722843,0.7737883911457099,0.762830604617688,0.7876219767746984,0.7641947936924691,0.7718525470061248,0.7736142611724641,0.7820743345919277,0.7923614622828402,0.7873613137673425,0.7630938667370577,0.7084833247325752,0.7810614025631017,0.7404331390050994,0.7564920978491312,0.7604991840955542,0.7277236842677427,0.7828451908780718,0.06165142328388484,0.7862033833672275,0.8154428864924155,0.7455721415592316,0.7644436736428102,0.7816619465801566,0.5746671261309904,0.7908476180711795,0.7343888131595833,0.7995698468131514,0.7798385094506041,0.7460572242340022,0.7476929450524772,0.7456679964029369,0.77751833305733,0.7848289654617993,0.741473545665608,0.7543843588458605
0.7598702928496323,0.7798081336816532,0.7388625694438091,0.7480561053679448,0.756456574486589,0.7717239109251044,1.0,0.7485374851168449,0.765358531205498,0.7519359496614768,0.7805807485528212,0.7441820285426584,0.7839810799248171,0.743860369760521,0.7397221561151257,0.9032689135172245,0.7309791355687932,0.8064241908822491,0.766740756108435,0.9437887109154137,0.7969717254397102,0.7698046337761545,0.803637434868568,0.7404062409266158,0.7131077416663906,0.6729396842354076,0.784809361932137,0.7428419588581858,0.76199236750658,0.7687324841845982,0.7360273649747785,0.7668301128920917,0.06496855287688685,0.7881550465280988,0.7721735231404441,0.7559144227827568,0.915710517800561,0.7686562254344289,0.5729274888392459,0.7823363427841523,0.7364895149709749,0.7800970573400995,0.7784240695065809,0.751075000859535,0.7510678890459348,0.7494444089091643,0.747159904029248,0.7549897364657395,0.7444850648809141,0.7654496899815002
0.7476083980030063,0.7597163603017236,0.7342053355851803,0.830342395049994,0.7398394021627149,0.7466502325925728,0.7485374851168449,1.0,0.7567102390362465,0.827638534001219,0.7516007515775913,0.8226151073592782,0.7553072287605802,0.827659659721414,0.813992655677863,0.7534063938757736,0.7142167022555975,0.7496085412280389,0.7297886653879595,0.7546013070130111,0.7438166009938998,0.7301190479661064,0.7537479847690457,0.7249792394399783,0.7052642765900694,0.666235407095894,0.7502522160671496,0.8843759846378716,0.7727870850249392,0.756897820227145,0.810342922509206,0.7444304259211818,0.056585874042003326,0.7500522167176227,0.7411191940977733,0.7941473259802768,0.7435878685748996,0.7484886882606803,0.603834294042984,0.7532547829596169,0.8134766759871289,0.753106669541068,0.7461269562807533,0.8879198030918137,0.8731468922588533,0.7570479201581152,0.7288612582227774,0.7346259228982863,0.8059794183292102,0.7743546773863973
0.789371581482306,0.774837191141364,0.7649704415214079,0.7602532793193449,0.7614155078167416,0.7591742173016724,0.765358531205498,0.7567102390362465,1.0,0.7594403354249617,0.7768705095274642,0.7494500158205192,0.7783438279190138,0.7604902552274927,0.7594079074239051,0.7723516162821129,0.7186158085958075,0.7701078738797075,0.7414521916413874,0.7732452885846618,0.7670903022528066,0.7482178802245202,0.778945002352031,0.7330187019052725,0.7051908209376913,0.6579347095959345,0.7692751173732558,0.7512115108693475,0.7710080762916542,0.8139731610954087,0.749880511961378,0.7568272039454381,0.06447227801569422,0.7694036629171438,0.7533498729513928,0.7569278399468387,0.7583271730803915,0.7602033284672913,0.5650960872433051,0.7730439729574525,0.7538824983780552,0.7669736373323842,0.773959018307333,0.7554012793976439,0.7517951130087361,0.7637617301758186,0.7447893682186583,0.753122057657986,0.7516689136600726,0.7821362313360375
0.7583455081407373,0.763991553632141,0.742698011107566,0.8304984029992578,0.7469758884229967,0.7448544771637506,0.7519359496614768,0.827638534001219,0.7594403354249617,1.0,0.7635271562985904,0.8177005961985329,0.7681070951332036,0.8307023100927521,0.8229829765956678,0.7597690693956061,0.7151208961356118,0.7598480616804537,0.7365900173809791,0.7568195845986001,0.747108325878453,0.7333392568795065,0.7552235591999212,0.724387795476432,0.696414877241737,0.6589212518679345,0.7528186914550572,0.8240683732767581,0.7654214101636169,0.7697459974161186,0.8218659914154551,0.7460582222231327,0.06459481409223378,0.7540052077277262,0.7403448798716734,0.802319995806731,0.747897671289696,0.7424476093554953,0.5942265619459193,0.7550565430249803,0.8316061278058531,0.7605748599024462,0.7513465026423933,0.8276613217156397,0.826982477465534,0.7575573305176944,0.7309548639443604,0.7377481255921079,0.8194264581325239,0.7689396979060237
0.7740321403292667,0.7991720349201531,0.7543815013419064,0.7536450247099588,0.80094680107439,0.782769881768447,0.7805807485528212,0.7516007515775913,0.7768705095274642,0.7635271562985904,1.0,0.7486707376291247,0.8306435381395566,0.7564191190415412,0.7482189840718682,0.7894602810827143,0.7398483350113145,0.8226722299447695,0.7851826857921477,0.7871657601958939,0.8045657027154987,0.8033118934426948,0.8232662860067753,0.7595893427315592,0.7251497326990985,0.6890177038321059,0.8169973343442921,0.7499322010035565,0.7637478513262377,0.7854048620759574,0.745708983305589,0.7919593347144,0.05688000810759619,0.808257065385502,0.7849202050581484,0.7608546450094568,0.7769417295005262,0.8065630091662921,0.5643694902854341,0.8323619461795095,0.7473700253199403,0.805915178343907,0.8253245468960926,0.7539093365859074,0.7514891111791269,0.7567018691005443,0.7741096343766237,0.7828442467144241,0.7566638842678505,0.7683041465603877
0.74770265296573,0.7611476693215949,0.7368022192907276,0.8283056027576203,0.7358844084946181,0.7438251759495376,0.7441820285426584,0.8226151073592782,0.7494500158205192,0.8177005961985329,0.7486707376291247,1.0,0.7513794752019086,0.8163759286778081,0.8396412322621166,0.7508037863342527,0.7213955435708506,0.7488634319301127,0.7286345828144274,0.7488040203579497,0.7397489662783789,0.7328456332019018,0.7544626824880316,0.7301138757746999,0.7158891276406251,0.6790660286022604,0.7439460592789053,0.8145082803527365,0.7674172861571145,0.7573409158264257,0.7949553522961816,0.7469568043717417,0.06283394648986251,0.7494143225021086,0.7480760988290145,0.7889894284417643,0.7379319101414206,0.7405924085854279,0.6059827294686531,0.7514954828802949,0.8030678082563211,0.7536132164768863,0.7435532588531346,0.8193217922262458,0.8207617569405916,0.7592494735541434,0.7376752200032693,0.7430776162261223,0.7923211964144272,0.7658901637401765
0.7777163239363813,0.8025979074704017,0.7621215590845769,0.7568283787946836,0.8059053563987835,0.7876312700186805,0.7839810799248171,0.7553072287605802,0.7783438279190138,0.7681070951332036,0.8306435381395566,0.7513794752019086,1.0,0.7557633773520207,0.756926843660836,0.792347535258019,0.7477102293054375,0.8326003054079134,0.8159068509598185,0.7888781313875897,0.8230124496023932,0.8191252735146329,0.8495403313894905,0.761702456470306,0.7268258328459584,0.6819997046435496,0.8389209939425608,0.7494680639684475,0.7723284774960715,0.7909815455279853,0.7437945672227134,0.8172165877487999,0.05779898317106846,0.838218357095284,0.7888525363792698,0.7582741641210134,0.7828161174354633,0.8203431171011042,0.5663456205022144,0.8392323943503093,0.7504684365118305,0.8036694181614135,0.8368380913143404,0.7546704573247193,0.7515898842559805,0.76027866113398,0.7707539839765164,0.7798398189446032,0.7541949599149124,0.776802619536874
0.7475905217499401,0.7587704288068504,0.7391767559856458,0.8431845673466198,0.738202046923726,0.7387676013664808,0.743860369760521,0.827659659721414,0.7604902552274927,0.8307023100927521,0.7564191190415412,0.8163759286778081,0.7557633773520207,1.0,0.8429473898138327,0.7492562760538635,0.7058165874947739,0.752549708510265,0.7273354419297351,0.7510349347071572,0.7389206053076889,0.7279333049639176,0.752208083054254,0.7159013067529304,0.6913854062049205,0.6499641456281102,0.7494996213163524,0.8371284979353937,0.7658449246905523,0.7577388072276299,0.8210665407272397,0.7377818930212523,0.0643649999399245,0.7466536387072553,0.7362197069376444,0.8033178256765668,0.7363925112061318,0.7381154537423664,0.5951126750262561,0.7510517748028878,0.8292464791676293,0.756722514362105,0.7458223570743953,0.8378192584111875,0.8293793202452062,0.7573900053831122,0.7248550759849881,0.7318625631367943,0.8093735240596804,0.7712570993493566
0.7387669624015911,0.753576896409034,0.7361748903984668,0.8498330658238115,0.7421690860513803,0.7352526625722843,0.7397221561151257,0.813992655677863,0.7594079074239051,0.8229829765956678,0.7482189840718682,0.8396412322621166,0.756926843660836,0.8429473898138327,1.0,0.7492411175079934,0.7090184781361011,0.7496341775400025,0.7234970098780145,0.746078625900453,0.73891956367711,0.7220048647740027,0.7512631400342046,0.7161304546701657,0.6944267890829544,0.6524732710695216,0.745731749639538,0.8154872082166787,0.7588304858698323,0.7592609242175545,0.8125487660872277,0.7441176129992944,0.06243075414565691,0.7439147316940644,0.7333925093274414,0.7973217416123498,0.7361350191874902,0.7340622799998766,0.5911381273528824,0.7458339872340765,0.8225062842329923,0.7476288880862232,0.7434217033666406,0.8177495390512594,0.8148731714035753,0.7557372243355551,0.7232298289762856,0.7301711479379458,0.7964266693361569,0.7686943463085751
0.7639640306509976,0.7854702130535843,0.7434257403789459,0.7563027822371757,0.768104301303029,0.7737883911457099,0.9032689135172245,0.7534063938757736,0.7723516162821129,0.7597690693956061,0.7894602810827143,0.7508037863342527,0.792347535258019,0.7492562760538635,0.7492411175079934,1.0,0.732542638603187,0.7986022608446974,0.7658382381932269,0.912350986021684,0.7869639312500951,0.7761753306959789,0.803461460931998,0.7453198300273887,0.7172976429014337,0.6805283707795755,0.7834273128695799,0.7472316664961021,0.7616774215021338,0.7791235226734539,0.7378006114761713,0.7730477391236805,0.06598655738880466,0.7859798201627339,0.7692228891112869,0.7542895862819989,0.9035002803735619,0.7719404632767753,0.571796852698655,0.7820141588908718,0.7437767976915262,0.7837845281411024,0.7804197699766086,0.7524907528641768,0.7563689585976635,0.752276024084127,0.7520053835512988,0.7603787929044775,0.7521223268959655,0.7669830679973326
0.7365696383086454,0.7646952253916874,0.7100081986622668,0.715897881763937,0.7577238461159603,0.762830604617688,0.7309791355687932,0.7142167022555975,0.7186158085958075,0.7151208961356118,0.7398483350113145,0.7213955435708506,0.7477102293054375,0.7058165874947739,0.7090184781361011,0.732542638603187,1.0,0.7380762992640266,0.7168914065586172,0.7318481192540869,0.7335684865804403,0.7240331032645573,0.7542448276161856,0.818879888180962,0.7988410515647214,0.7836249135479243,0.7329505592595804,0.709393488204421,0.7445358021579729,0.7248546944539778,0.7005298021737043,0.7776431779205834,0.06085487268665135,0.763857902222341,0.7786731632326204,0.7210772711686096,0.7277856904007821,0.7552599197514082,0.6077582085511677,0.7619067305106819,0.7026998046802484,0.7585156238103494,0.7400602299661057,0.7171091591061276,0.7235502058546066,0.7281531793403512,0.7941279464797255,0.792085582504019,0.7031531952485567,0.7229094090318227
0.7686828498258447,0.8031493866034619,0.7575206390041329,0.7514070523881171,0.7747109325610287,0.7876219767746984,0.8064241908822491,0.7496085412280389,0.7701078738797075,0.7598480616804537,0.8226722299447695,0.7488634319301127,0.8326003054079134,0.752549708510265,0.7496341775400025,0.7986022608446974,0.7380762992640266,1.0,0.8160785319347914,0.8090642230988662,0.8348301436165722,0.8100472416899165,0.8471813047933535,0.7541805835971941,0.7212260942043086,0.6785910320139641,0.8293984413246112,0.750273606147554,0.7695521133813228,0.7829307352010888,0.7419883819567528,0.7995319110795185,0.060875659226955814,0.8269740935947666,0.7919736161990438,0.7613838893443077,0.7951373668619297,0.8042414548060371,0.5683313310037346,0.8232670730410454,0.7393035943065416,0.8049347170645713,0.8215580623784585,0.7551721103641178,0.7539051802162158,0.7541953287632185,0.7651873285055917,0.773439314268557,0.7491679155600877,0.7733577114679198
0.7444759423993927,0.7737969885950731,0.7324262900516052,0.7269722225593503,0.7529519472470515,0.7641947936924691,0.766740756108435,0.7297886653879595,0.7414521916413874,0.7365900173809791,0.7851826857921477,0.7286345828144274,0.8159068509598185,0.7273354419297351,0.7234970098780145,0.7658382381932269,0.7168914065586172,0.8160785319347914,1.0,0.7680052182632656,0.8053625782127946,0.8014836714548117,0.810312705658113,0.7311168940676127,0.7113969587894499,0.6650144193732772,0.7988893483521058,0.7265743871235594,0.7381585434140484,0.7508197056677502,0.7163703326688642,0.7822619270847859,0.05634774764655415,0.7991485982452655,0.7689062592265581,0.7414869101456445,0.7615144395984417,0.7763646378865631,0.5615544659086329,0.79837407566998,0.7186630583515641,0.7741796623722977,0.7918389636328821,0.7346606356935994,0.7325506718332535,0.7327836286913187,0.7383903420336577,0.7453360127399151,0.7288257444179513,0.7432123884123175
0.7633087747394436,0.7871802278867165,0.7483760334153209,0.754556902738016,0.7595153582314168,0.7718525470061248,0.9437887109154137,0.7546013070130111,0.7732452885846618,0.7568195845986001,0.7871657601958939,0.7488040203579497,0.7888781313875897,0.7510349347071572,0.746078625900453,0.912350986021684,0.7318481192540869,0.8090642230988662,0.7680052182632656,1.0,0.8007717852360874,0.7708585836427176,0.8073760291928482,0.7412925707011024,0.7185191135849212,0.6763426087016718,0.7895713666875358,0.74886860746387,0.7664031303267038,0.7766519708714084,0.7403616291926682,0.7715970938697468,0.06490072348878118,0.7903993012443911,0.7741269470140884,0.7580438855883493,0.9200266054654505,0.7725299680997082,0.5736689015587187,0.7887845895133997,0.7427468840579806,0.7844953037009486,0.7836920952423011,0.7559758750057071,0.7551914345001192,0.7556800192569505,0.7525208271286296,0.7604898153888782,0.7509945899476187,0.7717075439986195
0.75630801762406,0.7926295603357133,0.7573415224601641,0.7376350495017152,0.774724157700181,0.7736142611724641,0.7969717254397102,0.7438166009938998,0.7670903022528066,0.747108325878453,0.8045657027154987,0.7397489662783789,0.8230124496023932,0.7389206053076889,0.73891956367711,0.7869639312500951,0.7335684865804403,0.8348301436165722,0.8053625782127946,0.8007717852360874,1.0,0.801345544437398,0.8439226790037844,0.7447698191067358,0.7194245019563197,0.6765466491608403,0.828099274165946,0.7427990726377625,0.7557505013237737,0.7739775699131639,0.7325237777614098,0.7942831067793032,0.05809186823384782,0.8257109559981458,0.7864640847272164,0.7496979472281291,0.7849028525242383,0.8047404575773748,0.5657431247349349,0.8229299279266558,0.7349621473807975,0.790114712728514,0.8211513959913376,0.7479383486378658,0.7465697942988982,0.7557338814267833,0.7645247424009829,0.7726787285885622,0.7397590291920888,0.7653251192274138
0.749894342932566,0.7705722110341369,0.732667892579401,0.7300214475343745,0.7544665087905297,0.7820743345919277,0.7698046337761545,0.7301190479661064,0.7482178802245202,0.7333392568795065,0.8033118934426948,0.7328456332019018,0.8191252735146329,0.7279333049639176,0.7220048647740027,0.7761753306959789,0.7240331032645573,0.8100472416899165,0.8014836714548117,0.7708585836427176,0.801345544437398,1.0,0.856263434053349,0.7372638257157522,0.7206451095502486,0.67920912937085,0.8031273943898541,0.7260371571667992,0.7428628652655884,0.7521155804153659,0.7132245992249528,0.7846698603390784,0.057228029466278474,0.8269375449560463,0.7658286266195298,0.7368178423904304,0.7616505970762044,0.7845615428140135,0.5573946753408567,0.8035276609879655,0.7140828813493965,0.7796238003537554,0.8039156242459768,0.7325885234384311,0.7331909242877117,0.7388498184037389,0.7435137293697722,0.7513239239877175,0.7274510161347996,0.749370072961212
0.7775898283937339,0.8081948706525011,0.7637568159108177,0.7576717115915015,0.7842363721589394,0.7923614622828402,0.803637434868568,0.7537479847690457,0.778945002352031,0.7552235591999212,0.8232662860067753,0.7544626824880316,0.8495403313894905,0.752208083054254,0.7512631400342046,0.803461460931998,0.7542448276161856,0.8471813047933535,0.810312705658113,0.8073760291928482,0.8439226790037844,0.856263434053349,1.0,0.7618601346815705,0.7364095122954999,0.6892799715824265,0.844568328233749,0.7518246593676007,0.7736947902733688,0.7865868750431669,0.739224869421827,0.8169756506221005,0.061012800890159924,0.8688821202768173,0.7939246660705441,0.7621004423618392,0.7935752223031824,0.8154395919819313,0.5735306049461106,0.8344540191275761,0.74353329191009,0.803498222036895,0.8329779618464661,0.7571742351276929,0.7589217708085485,0.7624529659827816,0.7748057826698628,0.7833343479189324,0.753443482689089,0.7767033445487732
0.7412499817023199,0.7934010328811218,0.7160739863731541,0.72044181771393,0.7705830113800628,0.7873613137673425,0.7404062409266158,0.7249792394399783,0.7330187019052725,0.724387795476432,0.7595893427315592,0.7301138757746999,0.761702456470306,0.7159013067529304,0.7161304546701657,0.7453198300273887,0.818879888180962,0.7541805835971941,0.7311168940676127,0.7412925707011024,0.7447698191067358,0.7372638257157522,0.7618601346815705,1.0,0.8042940665083841,0.7749241500698619,0.7586249122428298,0.7172757051563015,0.7480404090058546,0.7352273187781644,0.7073433215473863,0.7776962089764818,0.05601599600882656,0.7601583061032418,0.8046437325422486,0.7263417192110962,0.7363557424683724,0.7696387989342115,0.6002089094784454,0.7710262958013975,0.7112063709557312,0.7695195864478919,0.7528025369876931,0.72570333894724,0.7307403868035829,0.7345058642965411,0.7901587778512144,0.7910469402008793,0.7150766948088607,0.7311668389645307
0.722011317113666,0.7634777101090885,0.7003643480395467,0.7039826186258935,0.735888043738153,0.7630938667370577,0.7131077416663906,0.7052642765900694,0.7051908209376913,0.696414877241737,0.7251497326990985,0.7158891276406251,0.7268258328459584,0.6913854062049205,0.6944267890829544,0.7172976429014337,0.7988410515647214,0.7212260942043086,0.7113969587894499,0.7185191135849212,0.7194245019563197,0.7206451095502486,0.7364095122954999,0.8042940665083841,1.0,0.8064183061642777,0.7220623175050654,0.6983477161099201,0.7325942799082681,0.7086122591714672,0.6839537912334488,0.7645699942235299,0.05584173876592924,0.7421337048875143,0.7876665902244,0.7007686532271933,0.7115237947632239,0.7525167683112088,0.6262942109488417,0.7537471479546781,0.6864957745506282,0.7388765412433101,0.7256076273643685,0.7126222826220397,0.7164827199977919,0.7231782434644984,0.792881749905526,0.7882897693262456,0.6941287727426028,0.7075305713708476
0.6770596302607783,0.7049655408382374,0.65581337167092,0.6580448186197219,0.6965221296319051,0.7084833247325752,0.6729396842354076,0.666235407095894,0.6579347095959345,0.6589212518679345,0.6890177038321059,0.6790660286022604,0.6819997046435496,0.6499641456281102,0.6524732710695216,0.6805283707795755,0.7836249135479243,0.6785910320139641,0.6650144193732772,0.6763426087016718,0.6765466491608403,0.67920912937085,0.6892799715824265,0.7749241500698619,0.8064183061642777,1.0,0.6763083449858085,0.66039506650419,0.6976797806643986,0.6666759708720693,0.6481396296183688,0.7133844933923016,0.05278244336873916,0.6966592836962484,0.7287351025078274,0.6609048588230335,0.6712924029245715,0.7197311322423088,0.6279783124025566,0.7157951840739738,0.6484182316785202,0.692303301614763,0.6834423048156008,0.6714614215160111,0.676076140942061,0.6841028913743414,0.7710499841263746,0.7615021662651634,0.6578556922252377,0.6660364337503912
0.7632771362501554,0.8011529649201579,0.7581134046635642,0.7455537967809076,0.7772350804854633,0.7810614025631017,0.784809361932137,0.7502522160671496,0.7692751173732558,0.7528186914550572,0.8169973343442921,0.7439460592789053,0.8389209939425608,0.7494996213163524,0.745731749639538,0.7834273128695799,0.7329505592595804,0.8293984413246112,0.7988893483521058,0.7895713666875358,0.828099274165946,0.8031273943898541,0.844568328233749,0.7586249122428298,0.7220623175050654,0.6763083449858085,1.0,0.7453460533322446,0.7639687988101187,0.7765176205412725,0.7366305762888602,0.7987826254686503,0.05702574943313088,0.8229137377773694,0.7857750939348728,0.7546795324511848,0.7743720408231456,0.8314400124462493,0.5569556385809735,0.8304240417830785,0.7394252027029995,0.8026430459947274,0.8553045241366325,0.752246241965926,0.7488481261313569,0.7589071668225124,0.7568625023268125,0.7651894311456797,0.7507077211028392,0.7724008357025454
0.7441619085661115,0.7575269504017763,0.7364204970975947,0.8376303721195637,0.7307509019320758,0.7404331390050994,0.7428419588581858,0.8843759846378716,0.7512115108693475,0.8240683732767581,0.7499322010035565,0.8145082803527365,0.7494680639684475,0.8371284979353937,0.8154872082166787,0.7472316664961021,0.709393488204421,0.750273606147554,0.7265743871235594,0.74886860746387,0.7427990726377625,0.7260371571667992,0.7518246593676007,0.7172757051563015,0.6983477161099201,0.66039506650419,0.7453460533322446,1.0,0.7658559087661885,0.7550261557337337,0.8104684000399963,0.7410317967322633,0.05761709890652311,0.7480329628651372,0.7375080020172332,0.7900277664806241,0.7383607163957606,0.7453512044035562,0.6029313159271148,0.7510985635925833,0.8137551545218235,0.7502531349541858,0.7434942061246206,0.9202334755632726,0.901698489459901,0.7479522872840046,0.7287072432184575,0.7340680951049188,0.8084782318192428,0.762435543940125
0.7796496650029985,0.772446913986654,0.7582396286791322,0.7685844168514948,0.7595035301096543,0.7564920978491312,0.76199236750658,0.7727870850249392,0.7710080762916542,0.7654214101636169,0.7637478513262377,0.7674172861571145,0.7723284774960715,0.7658449246905523,0.7588304858698323,0.7616774215021338,0.7445358021579729,0.7695521133813228,0.7381585434140484,0.7664031303267038,0.7557505013237737,0.7428628652655884,0.7736947902733688,0.7480404090058546,0.7325942799082681,0.6976797806643986,0.7639687988101187,0.7658559087661885,1.0,0.7774933325996833,0.7554210374784889,0.7678424784328154,0.06405237845012224,0.7736198023148979,0.7597340177931735,0.7578615677171179,0.7553510815457881,0.766428543820345,0.5958168579444469,0.7727446272207681,0.7500789258864209,0.7663702255606767,0.7599956465216221,0.7701329993780253,0.7671657371849516,0.7918273689032148,0.7609413091378356,0.7660621744135878,0.7632185266425058,0.8493867476952012
0.7943373451823462,0.7855582482770753,0.7740215743134953,0.7655208103581714,0.7655220096371693,0.7604991840955542,0.7687324841845982,0.756897820227145,0.8139731610954087,0.7697459974161186,0.7854048620759574,0.7573409158264257,0.7909815455279853,0.7577388072276299,0.7592609242175545,0.7791235226734539,0.7248546944539778,0.7829307352010888,0.7508197056677502,0.7766519708714084,0.7739775699131639,0.7521155804153659,0.7865868750431669,0.7352273187781644,0.7086122591714672,0.6666759708720693,0.7765176205412725,0.7550261557337337,0.7774933325996833,1.0,0.7481203206857022,0.7632969096571468,0.06175335356272704,0.7784573438735213,0.763737086066323,0.7581092828881192,0.7635156930719396,0.7682813807147231,0.5701220246683958,0.7850668514926034,0.7581851438114966,0.7758799164775911,0.7822894153233922,0.7579863651456338,0.7564063476543486,0.7762076480960196,0.7565002778775208,0.7647579624957695,0.758812528718781,0.7859083736841297
0.7344043026690348,0.7473597423035776,0.7310241392637359,0.8136286057472024,0.7270001336955998,0.7277236842677427,0.7360273649747785,0.810342922509206,0.749880511961378,0.8218659914154551,0.745708983305589,0.7949553522961816,0.7437945672227134,0.8210665407272397,0.8125487660872277,0.7378006114761713,0.7005298021737043,0.7419883819567528,0.7163703326688642,0.7403616291926682,0.7325237777614098,0.7132245992249528,0.739224869421827,0.7073433215473863,0.6839537912334488,0.6481396296183688,0.7366305762888602,0.8104684000399963,0.7554210374784889,0.7481203206857022,1.0,0.7256589713059458,0.06882872033720411,0.7374490323618152,0.7280010010909232,0.7874589854315444,0.7290468917283967,0.7274569585057022,0.5878366272927384,0.743429604968258,0.8491149392139344,0.7503124982240598,0.736317041012694,0.8166092029697772,0.8074520878799071,0.7541056695576345,0.72188531479605,0.7279919419535523,0.7924661081728591,0.7562476321029148
0.7619335940181736,0.7861053887800283,0.7368737118098854,0.7491803469983138,0.7933880550514633,0.7828451908780718,0.7668301128920917,0.7444304259211818,0.7568272039454381,0.7460582222231327,0.7919593347144,0.7469568043717417,0.8172165877487999,0.7377818930212523,0.7441176129992944,0.7730477391236805,0.7776431779205834,0.7995319110795185,0.7822619270847859,0.7715970938697468,0.7942831067793032,0.7846698603390784,0.8169756506221005,0.7776962089764818,0.7645699942235299,0.7133844933923016,0.7987826254686503,0.7410317967322633,0.7678424784328154,0.7632969096571468,0.7256589713059458,1.0,0.058464668262255715,0.8110807774177269,0.7809893713268212,0.7411537591598357,0.7669687943608243,0.7993726966161311,0.5864461406890927,0.8163370144944204,0.7318613852951288,0.7843168598988418,0.8020950399307288,0.7451916328860655,0.7505741594973693,0.7531329959056996,0.7747530774491294,0.7801569916637344,0.7336213565733094,0.7566760576275258
0.06971887855051417,0.05885194670371863,0.06330007320120457,0.05726042612682869,0.05493954552863778,0.06165142328388484,0.06496855287688685,0.056585874042003326,0.06447227801569422,0.06459481409223378,0.05688000810759619,0.06283394648986251,0.05779898317106846,0.0643649999399245,0.06243075414565691,0.06598655738880466,0.06085487268665135,0.060875659226955814,0.05634774764655415,0.06490072348878118,0.05809186823384782,0.057228029466278474,0.061012800890159924,0.05601599600882656,0.05584173876592924,0.05278244336873916,0.05702574943313088,0.05761709890652311,0.06405237845012224,0.06175335356272704,0.06882872033720411,0.058464668262255715,1.0,0.060715753208260725,0.056262617539178494,0.06430208613203725,0.06447743359633185,0.05369372079916768,0.05122441664876465,0.05707373658860848,0.060418174313441986,0.06191115374523881,0.05591632793862944,0.06136520958490188,0.06280339808525925,0.06822738858896094,0.05364872050137015,0.0538942310349706,0.06302963638167558,0.06891821259708775
0.7760289628999488,0.8023389074686595,0.7603020084198419,0.7476498216530103,0.7839384908563409,0.7862033833672275,0.7881550465280988,0.7500522167176227,0.7694036629171438,0.7540052077277262,0.808257065385502,0.7494143225021086,0.838218357095284,0.7466536387072553,0.7439147316940644,0.7859798201627339,0.763857902222341,0.8269740935947666,0.7991485982452655,0.7903993012443911,0.8257109559981458,0.8269375449560463,0.8688821202768173,0.7601583061032418,0.7421337048875143,0.6966592836962484,0.8229137377773694,0.7480329628651372,0.7736198023148979,0.7784573438735213,0.7374490323618152,0.8110807774177269,0.060715753208260725,1.0,0.794096260735299,0.7666814362965698,0.7789272748954751,0.8144182898397093,0.5875545761873713,0.8283637596984476,0.7391465804845752,0.7984623900880552,0.8270349950039565,0.7539432646066705,0.7547764091017981,0.7639169051599448,0.7754639457322625,0.7822200666836971,0.7533585070863987,0.7718530852094683
0.7660290919275791,0.8221271367449179,0.7403898847166411,0.7371128217948117,0.7652515130522399,0.8154428864924155,0.7721735231404441,0.7411191940977733,0.7533498729513928,0.7403448798716734,0.7849202050581484,0.7480760988290145,0.7888525363792698,0.7362197069376444,0.7333925093274414,0.7692228891112869,0.7786731632326204,0.7919736161990438,0.7689062592265581,0.7741269470140884,0.7864640847272164,0.7658286266195298,0.7939246660705441,0.8046437325422486,0.7876665902244,0.7287351025078274,0.7857750939348728,0.7375080020172332,0.7597340177931735,0.763737086066323,0.7280010010909232,0.7809893713268212,0.056262617539178494,0.794096260735299,1.0,0.7466692725454788,0.7624624181485545,0.7891370818694515,0.5845100046864087,0.8052827282205698,0.7246362004966513,0.7991561073616068,0.7908016789637798,0.7428813648111576,0.7470253804724056,0.7533243002888608,0.7979827391268037,0.8027686359096747,0.7391388212837537,0.7500591412930728
0.7498570436660819,0.7571168702947432,0.74206085129967,0.7948986848333883,0.733061208812863,0.7455721415592316,0.7559144227827568,0.7941473259802768,0.7569278399468387,0.802319995806731,0.7608546450094568,0.7889894284417643,0.7582741641210134,0.8033178256765668,0.7973217416123498,0.7542895862819989,0.7210772711686096,0.7613838893443077,0.7414869101456445,0.7580438855883493,0.7496979472281291,0.7368178423904304,0.7621004423618392,0.7263417192110962,0.7007686532271933,0.6609048588230335,0.7546795324511848,0.7900277664806241,0.7578615677171179,0.7581092828881192,0.7874589854315444,0.7411537591598357,0.06430208613203725,0.7666814362965698,0.7466692725454788,1.0,0.7487412939228493,0.7422365488704743,0.6035515941442903,0.7572913761075692,0.7889119319423191,0.7602498008476457,0.7528093202987837,0.7954320902543123,0.7934142463865461,0.7560595129842016,0.7285895396256106,0.7345204786927495,0.7922095974379406,0.7625052874193375
0.7534479594973167,0.7734858844704575,0.7325633925777386,0.7430458984566104,0.7591756349578058,0.7644436736428102,0.915710517800561,0.7435878685748996,0.7583271730803915,0.747897671289696,0.7769417295005262,0.7379319101414206,0.7828161174354633,0.7363925112061318,0.7361350191874902,0.9035002803735619,0.7277856904007821,0.7951373668619297,0.7615144395984417,0.9200266054654505,0.7849028525242383,0.7616505970762044,0.7935752223031824,0.7363557424683724,0.7115237947632239,0.6712924029245715,0.7743720408231456,0.7383607163957606,0.7553510815457881,0.7635156930719396,0.7290468917283967,0.7669687943608243,0.06447743359633185,0.7789272748954751,0.7624624181485545,0.7487412939228493,1.0,0.7644251770028485,0.5695893423310385,0.7722177682760716,0.7304196388678448,0.7729727262643712,0.7714486361763746,0.7455645800127686,0.7456331504955831,0.7410592032612895,0.7414934349259411,0.7488177026696192,0.7378155468630555,0.7562890974698844
0.7649405297011544,0.7999547808703551,0.7464340229564992,0.7366821607161818,0.788432853401343,0.7816619465801566,0.7686562254344289,0.7484886882606803,0.7602033284672913,0.7424476093554953,0.8065630091662921,0.7405924085854279,0.8203431171011042,0.7381154537423664,0.7340622799998766,0.7719404632767753,0.7552599197514082,0.8042414548060371,0.7763646378865631,0.7725299680997082,0.8047404575773748,0.7845615428140135,0.8154395919819313,0.7696387989342115,0.7525167683112088,0.7197311322423088,0.8314400124462493,0.7453512044035562,0.766428543820345,0.7682813807147231,0.7274569585057022,0.7993726966161311,0.05369372079916768,0.8144182898397093,0.7891370818694515,0.7422365488704743,0.7644251770028485,1.0,0.5864781621528301,0.8328040423217116,0.7336870862782028,0.7900132953404794,0.840659046858556,0.7532179590314123,0.748475065454127,0.7613895187609355,0.7923578553751187,0.7972406590864839,0.7460950038722131,0.7637732931429618
0.5870713771925387,0.5719222542722024,0.5662608732432073,0.5998138931665772,0.5675901590313146,0.5746671261309904,0.5729274888392459,0.603834294042984,0.5650960872433051,0.5942265619459193,0.5643694902854341,0.6059827294686531,0.5663456205022144,0.5951126750262561,0.5911381273528824,0.571796852698655,0.6077582085511677,0.5683313310037346,0.5615544659086329,0.5736689015587187,0.5657431247349349,0.5573946753408567,0.5735306049461106,0.6002089094784454,0.6262942109488417,0.6279783124025566,0.5569556385809735,0.6029313159271148,0.5958168579444469,0.5701220246683958,0.5878366272927384,0.5864461406890927,0.05122441664876465,0.5875545761873713,0.5845100046864087,0.6035515941442903,0.5695893423310385,0.5864781621528301,1.0,0.5894030932665764,0.592586815337313,0.5694335034225133,0.5678921729623251,0.6097137387130058,0.6111346422313255,0.5794161957420927,0.6190586985230806,0.6131996539503686,0.5904719891198095,0.5759915259764461
