../ecoli_genomes/GCF_000163235.1_ASM16323v1_genomic.fna.gz,../ecoli_genomes/GCF_000164555.1_ASM16455v1_genomic.fna.gz,../ecoli_genomes/GCF_000208545.1_ASM20854v2_genomic.fna.gz,../ecoli_genomes/GCF_000233875.1_ASM23387v1_genomic.fna.gz,../ecoli_genomes/GCF_000249735.1_ASM24973v2_genomic.fna.gz,../ecoli_genomes/GCF_000261145.1_Esch_coli_M919_V2_genomic.fna.gz,../ecoli_genomes/GCF_000267705.2_ASM26770v2_genomic.fna.gz,../ecoli_genomes/GCF_000350665.1_Esch_coli_KTE5_V1_genomic.fna.gz,../ecoli_genomes/GCF_000351625.1_Esch_coli_KTE66_V1_genomic.fna.gz,../ecoli_genomes/GCF_000352285.1_Esch_coli_KTE46_V1_genomic.fna.gz,../ecoli_genomes/GCF_000358895.1_ASM35889v1_genomic.fna.gz,../ecoli_genomes/GCF_000456385.1_Esch_coli_HVH_26_4-5703913_V1_genomic.fna.gz,../ecoli_genomes/GCF_000458195.1_Esch_coli_HVH_147_4-5893887_V1_genomic.fna.gz,../ecoli_genomes/GCF_000459755.1_Esch_coli_KOEGE_58_171a_V1_genomic.fna.gz,../ecoli_genomes/GCF_000460055.1_Esch_coli_UMEA_3053-1_V1_genomic.fna.gz,../ecoli_genomes/GCF_000462165.2_ASM46216v2_genomic.fna.gz,../ecoli_genomes/GCF_000601135.1_ASM60113v1_genomic.fna.gz,../ecoli_genomes/GCF_000614595.1_Ec2010EL1058_genomic.fna.gz,../ecoli_genomes/GCF_000617745.1_Ec2010C-4529_genomic.fna.gz,../ecoli_genomes/GCF_000618265.2_EcF6751_genomic.fna.gz,../ecoli_genomes/GCF_000619005.2_Ec2009C-4052_genomic.fna.gz,../ecoli_genomes/GCF_000619105.1_Ec2009C-4780_genomic.fna.gz,../ecoli_genomes/GCF_000619765.2_Ec2009C-3279_genomic.fna.gz,../ecoli_genomes/GCF_000687005.1_ASM68700v1_genomic.fna.gz,../ecoli_genomes/GCF_000687025.1_ASM68702v1_genomic.fna.gz,../ecoli_genomes/GCF_000700125.1_ASM70012v1_genomic.fna.gz,../ecoli_genomes/GCF_000753315.1_FHI35_genomic.fna.gz,../ecoli_genomes/GCF_000776375.1_ASM77637v1_genomic.fna.gz,../ecoli_genomes/GCF_000779395.1_ASM77939v1_genomic.fna.gz,../ecoli_genomes/GCF_000780315.1_ASM78031v1_genomic.fna.gz,../ecoli_genomes/GCF_000781995.1_ASM78199v1_genomic.fna.gz,../ecoli_genomes/GCF_000986765.1_ASM98676v1_genomic.fna.gz,../ecoli_genomes/GCF_001041375.1_ViralProj287958_genomic.fna.gz,../ecoli_genomes/GCF_001265335.1_302014_genomic.fna.gz,../ecoli_genomes/GCF_001265625.1_100854_genomic.fna.gz,../ecoli_genomes/GCF_001267345.1_303289_genomic.fna.gz,../ecoli_genomes/GCF_001309985.1_ASM130998v1_genomic.fna.gz,../ecoli_genomes/GCF_001521695.1_ASM152169v1_genomic.fna.gz,../ecoli_genomes/GCF_001592595.1_ASM159259v1_genomic.fna.gz,../ecoli_genomes/GCF_001614975.1_ASM161497v1_genomic.fna.gz,../ecoli_genomes/GCF_001692775.1_ASM169277v1_genomic.fna.gz,../ecoli_genomes/GCF_001748915.1_ASM174891v1_genomic.fna.gz,../ecoli_genomes/GCF_001749235.1_ASM174923v1_genomic.fna.gz,../ecoli_genomes/GCF_001881155.1_ASM188115v1_genomic.fna.gz,../ecoli_genomes/GCF_001881345.1_ASM188134v1_genomic.fna.gz,../ecoli_genomes/GCF_001892405.1_ASM189240v1_genomic.fna.gz,../ecoli_genomes/GCF_001892585.1_ASM189258v1_genomic.fna.gz,../ecoli_genomes/GCF_001893985.1_ASM189398v1_genomic.fna.gz,../ecoli_genomes/GCF_002001595.1_ASM200159v1_genomic.fna.gz,../ecoli_genomes/GCF_002002145.1_ASM200214v1_genomic.fna.gz
1.0,0.31539918547031665,0.256208664418357,0.2909547610911579,0.315597471252555,0.310455100976772,0.29398197242816815,0.2987878440622077,0.39024793347705866,0.29853472046954477,0.3182887427740736,0.3019828235105868,0.3133210257694453,0.2755088776041432,0.2783535582840576,0.3052748633514828,0.2757704140512194,0.300380771553184,0.2841269811926296,0.29342157905226207,0.2925807250336666,0.2915688320743882,0.30723827411625537,0.30515128955048176,0.28752849199431496,0.255699068712844,0.2980695249156271,0.2843406832723503,0.33541919142486243,0.3879161214648179,0.26884072207091925,0.3147802493786097,0.0,0.30330215554460627,0.30498060307399666,0.2716177627368209,0.2820780582152711,0.3102185562562293,0.25011286571711266,0.3069506328709716,0.2713513612199886,0.29959634713379146,0.30620921474717966,0.29986901989460557,0.30817649636281896,0.3190802804061562,0.30372832028431507,0.30296936720991674,0.27251399668931087,0.3488717450649691
0.31539918547031665,1.0,0.2303104464971376,0.2718307184436566,0.4028672437493357,0.5386893887889008,0.3413470212792218,0.2706353827489464,0.29532603322177686,0.2794642910209859,0.4188214714120586,0.27393267680462674,0.4152573783753617,0.25911942947629985,0.25585098221790126,0.3424351754128725,0.36646303470155595,0.41153632953398145,0.37342031848122903,0.34286618880564435,0.39731245206226806,0.38430084527476793,0.41153114178385974,0.4777420824104177,0.45086905514864395,0.32857052138019927,0.411378261946039,0.2676807229452156,0.29898891654177473,0.3009620164879694,0.2507880068336592,0.3957050347846174,0.0,0.3948811025529245,0.5529278788737574,0.25023036160600187,0.32015237723904955,0.42539983768369305,0.2151392142696712,0.41736461594060736,0.25454601999463533,0.46602514986311516,0.41609175887247796,0.27961572909195476,0.27912882970930597,0.27864978815163466,0.47419263404464684,0.47613939405393135,0.27365252486561376,0.29663674119694694
0.256208664418357,0.2303104464971376,1.0,0.2025172553589656,0.20981582530863574,0.2127349423479542,0.21131996413927834,0.20497040779882125,0.24293443746830068,0.21028175250112846,0.22825667850389808,0.20457743245392646,0.22760344006265987,0.20689709068312534,0.20232508540341232,0.21415495819178165,0.168021647199596,0.22089175257827764,0.20513314311099518,0.21252161751568377,0.21939783937060808,0.2119920309144222,0.22366594734807355,0.18919386732300436,0.1766991290486356,0.14995349606463637,0.2247672785126904,0.20516634278769041,0.23742949138582015,0.24999780851425069,0.19281081268529998,0.2138185548918532,0.0,0.22043182431511388,0.2115005930748649,0.2020901099066621,0.2003079144979153,0.22476952066024558,0.1758347985179587,0.22748530866717642,0.19778093540844555,0.22038480647288683,0.230988737614658,0.2081338004520168,0.20340244821309805,0.22565076788194838,0.22438287186066708,0.22461766646886838,0.2079590975493094,0.24147560332137707
0.2909547610911579,0.2718307184436566,0.2025172553589656,1.0,0.2611808670568545,0.26839196993597914,0.25324806716149817,0.4940530604311252,0.2729062337017688,0.5175572050633348,0.26964560808336435,0.49898737762506495,0.26310566218545295,0.5384470311699112,0.5441734735362315,0.25779596593563825,0.2178658507945569,0.2579593287142885,0.24694328577068647,0.25410651667152095,0.2545747450079425,0.253617139777769,0.27084528641010586,0.24071513531696964,0.23143089199708766,0.19841727567689926,0.26118429011847044,0.5206664346177514,0.29380166202711455,0.27214883056263683,0.494552136005209,0.26834914523605347,0.0,0.2543448918921575,0.25857820796234177,0.40645191321813756,0.24450037637854227,0.26042694872882854,0.38256120560365314,0.25808752125617096,0.5098549076979284,0.2541568797408832,0.26379067008775237,0.5296026101723373,0.5212389916865598,0.29390991376755293,0.2595507692875607,0.25977432899796427,0.4602303424058438,0.30784213853493714
0.315597471252555,0.4028672437493357,0.20981582530863574,0.2611808670568545,1.0,0.4160147243119109,0.32760655533286054,0.26578977302135165,0.29830794587717113,0.2656040128603361,0.5461974346251146,0.26539567197145975,0.47613052196909533,0.2558662136844615,0.2609822257409846,0.34731000867572903,0.37214282422440126,0.4259232364537011,0.4036503773690283,0.32887918956643236,0.4305277476334948,0.4207617601710194,0.44027890665768077,0.41200215146621455,0.36782092808617906,0.3344530129725872,0.44955972052679183,0.24565546801951954,0.29751738146415607,0.29733326160655627,0.2510281082989424,0.46263038875428597,0.0,0.45906801618336046,0.42464405944186157,0.24794530728003195,0.3152188272639138,0.4615568659528748,0.21627697603145912,0.45584089900115443,0.2561767914900154,0.4153537528455784,0.4638480513713016,0.2662602035510052,0.27121976989198926,0.27197836663325226,0.42587015893875857,0.42524026425648564,0.2557564342777322,0.2967946843942604
0.310455100976772,0.5386893887889008,0.2127349423479542,0.26839196993597914,0.4160147243119109,1.0,0.342448346277614,0.2756218219313735,0.28904122527167597,0.2612177641737691,0.4056830009010699,0.2645591438812013,0.404052267413741,0.25579639689885647,0.25398881898166525,0.3444216518805,0.38746884617243993,0.4035891794475208,0.38096544132315346,0.3409727602121293,0.38507412989244083,0.40990318496472,0.40489363788539423,0.48999553978226273,0.4621423979617041,0.3449514362970475,0.39386352702027383,0.2606619924325977,0.30090553644924267,0.29174313686962083,0.24481057276067852,0.40288555751809263,0.0,0.41325272968346305,0.5533113168213406,0.25449415787989316,0.32355414641936875,0.4057139491800955,0.23623374703543498,0.40631594417364336,0.2489953429822891,0.45577307118604227,0.40724034264463815,0.27057306280437776,0.27473521322803385,0.2726232326993101,0.4609146565856249,0.4627311300149992,0.25925568942114097,0.30265586845163706
0.29398197242816815,0.3413470212792218,0.21131996413927834,0.25324806716149817,0.32760655533286054,0.342448346277614,1.0,0.2531855254441838,0.28890081125293177,0.25122619871228813,0.3549955693522101,0.24166452987165266,0.3509187376634474,0.24486837918270854,0.24010056509944855,0.7689892772177829,0.2633721266517819,0.37272126903914127,0.3490982193678336,0.8693503574940031,0.3734771671330933,0.3541943183933345,0.3818277678296169,0.3059058634565568,0.2777965852442622,0.23791760069717893,0.35447472042773753,0.2440113705191056,0.2736727614016353,0.28848993197084405,0.23232488581155808,0.33522081039834106,0.0,0.3499433330784232,0.3493551769937725,0.25329417348701744,0.7868803390540453,0.3364772000884233,0.2149559985002586,0.35218190078354306,0.23259727018606569,0.33850306498142047,0.35649165729496124,0.24906190536879624,0.24935618110658597,0.26412531135245665,0.3367745606081691,0.33652372642769146,0.24516080854981326,0.2826337855054303
0.2987878440622077,0.2706353827489464,0.20497040779882125,0.4940530604311252,0.26578977302135165,0.2756218219313735,0.2531855254441838,1.0,0.26974455711876233,0.49854719175616435,0.27073602306596767,0.47226854868216506,0.2709035468441162,0.478839911398084,0.4685075906720293,0.2578792295922647,0.2290746382631228,0.25886317826574556,0.2506782801298133,0.25198949897462597,0.2551554083893489,0.2556412809627603,0.2672329410718034,0.2562789262298717,0.2367588557144359,0.21225378875816092,0.26126792111497177,0.6883745089857678,0.3054276840444895,0.27334295953562693,0.4616825246447138,0.2656510706908779,0.0,0.26150982236418174,0.2603562517809832,0.3969874806202962,0.24158558072131386,0.27804475233750414,0.38317442884824016,0.2684810486668552,0.46850291045099335,0.2596778929199304,0.2685164898163238,0.6988535922765856,0.6769446675085127,0.29066353817436397,0.26011863119203016,0.2596669008932585,0.4413691799512175,0.30932429851304777
0.39024793347705866,0.29532603322177686,0.24293443746830068,0.2729062337017688,0.29830794587717113,0.28904122527167597,0.28890081125293177,0.26974455711876233,1.0,0.27875569934366273,0.3136728191010679,0.26249086023816803,0.30503326688180343,0.26928448630211166,0.2680143380223948,0.2960527476297917,0.224343336941783,0.29473882977303556,0.27510356606760733,0.29037172687282486,0.2877167568435386,0.2897828984143851,0.30136834220405373,0.26250509077267326,0.23609328700414833,0.2031078824864082,0.300968540196511,0.26115803699480356,0.3154096946926638,0.4021677792942847,0.2567719391163388,0.2858284707707667,0.0,0.29083690887379643,0.2926762252232883,0.2672488415751666,0.276846930537477,0.29464957848955065,0.22815453851122747,0.30817549289387247,0.25765612348297073,0.29337947670904463,0.30722183137160597,0.26995186080586175,0.2661690228123642,0.3030549535741206,0.292473053486776,0.29131571013920765,0.26116024584397735,0.33551558990534336
0.29853472046954477,0.2794642910209859,0.21028175250112846,0.5175572050633348,0.2656040128603361,0.2612177641737691,0.25122619871228813,0.49854719175616435,0.27875569934366273,1.0,0.2812104072860183,0.47182418125174685,0.2747208859356173,0.5023443093662209,0.494769105156345,0.2571313366724628,0.2046219914398385,0.26189480372351204,0.24642480664255118,0.2524217822996402,0.2553055712524278,0.2525209676546961,0.2662288686269201,0.23024649560976318,0.2178125530096947,0.18432776050891764,0.2680380650693751,0.4994799712273198,0.30547761008778673,0.28021970370788873,0.5116640580784035,0.25365820778138215,0.0,0.2562617917137432,0.2575190060555348,0.4159393239777316,0.23874401350748964,0.26935280766619707,0.3938784948856373,0.26942996675738706,0.5152131271895075,0.25544808242276296,0.2693293302374674,0.5066297559546156,0.5077769548102601,0.29410334413917016,0.260180858942218,0.26027515568264437,0.4753507309746092,0.3051753364380857
0.3182887427740736,0.4188214714120586,0.22825667850389808,0.26964560808336435,0.5461974346251146,0.4056830009010699,0.3549955693522101,0.27073602306596767,0.3136728191010679,0.2812104072860183,1.0,0.2629306443827255,0.5348334296722949,0.2665832440650514,0.2661507436988535,0.3648170403952826,0.3167569276670764,0.4840210731603244,0.45555827062642884,0.3570175392597559,0.4732496346077084,0.47856446216134274,0.49072186330760115,0.3727108728986408,0.33322263286117404,0.29091246435322726,0.4995690087087771,0.26687715007853763,0.29443728242322587,0.3140029761986245,0.25597720118812983,0.46204438154969774,0.0,0.46648986311190443,0.4191953702868244,0.26837831001597834,0.33593924088304095,0.483674207958095,0.22891835072188726,0.5079939068966708,0.25884104788253315,0.43486095727589835,0.5056017516749629,0.27416105901139787,0.27366848355266427,0.2833719204860624,0.43154481555940316,0.4302112567592399,0.27298602996422294,0.3048605312553365
0.3019828235105868,0.27393267680462674,0.20457743245392646,0.49898737762506495,0.26539567197145975,0.2645591438812013,0.24166452987165266,0.47226854868216506,0.26249086023816803,0.47182418125174685,0.2629306443827255,1.0,0.25866308011336847,0.4759524558938867,0.6002512616510884,0.24607481027198808,0.23394431217203537,0.24666214340150072,0.23803534244971847,0.24046164032503037,0.2507655990367734,0.24470472588467873,0.25658993526651064,0.253490383308562,0.2430476955888946,0.21902962290894235,0.25207006324037007,0.46949830005910254,0.2986053368453446,0.26949266848165565,0.43910213761033545,0.2646986022715515,0.0,0.25813880083316665,0.2524922914963027,0.3889606067406117,0.23025540202754735,0.2617217725743627,0.3794317489850323,0.2561367343846771,0.4557333426547473,0.25147296419455245,0.25962399008921266,0.4832327374769292,0.48162532112800616,0.287848820742852,0.2587266932388895,0.25789558426228676,0.4198325381710285,0.3003899462037021
0.3133210257694453,0.4152573783753617,0.22760344006265987,0.26310566218545295,0.47613052196909533,0.404052267413741,0.3509187376634474,0.2709035468441162,0.30503326688180343,0.2747208859356173,0.5348334296722949,0.25866308011336847,1.0,0.25741396099281366,0.26195903538656584,0.36275922643460135,0.3108712760867044,0.49611472938796053,0.5085558187980858,0.3519670592446804,0.5007319219319469,0.5525804327908896,0.5546914972089398,0.3647173426256294,0.3242815658679815,0.28301942954857007,0.534074063430261,0.25781168678774236,0.28981775101150453,0.31195864068187595,0.2504637424973798,0.4996171089195397,0.0,0.5263010674807365,0.41818337011199413,0.25893974252746843,0.33552981323375053,0.5066012767863856,0.22327876790781298,0.5376928754773336,0.2543710643365247,0.42563867095026253,0.5286292171088335,0.2659751877241717,0.26399824687320894,0.2753940748133652,0.4304061414250707,0.42800827676849573,0.26602645760537635,0.3052745973913529
0.2755088776041432,0.25911942947629985,0.20689709068312534,0.5384470311699112,0.2558662136844615,0.25579639689885647,0.24486837918270854,0.478839911398084,0.26928448630211166,0.5023443093662209,0.2665832440650514,0.4759524558938867,0.25741396099281366,1.0,0.5361969583195991,0.24685055251647647,0.19730600225031025,0.25504548391772774,0.23614620952187015,0.24684755279883974,0.24562751603739463,0.24597869818284224,0.2601106072403324,0.21707993790574343,0.20526543217875515,0.175940979122314,0.25645453128717954,0.5098288649704605,0.2993985906461979,0.2651362812588328,0.49019481133545617,0.2483569592104654,0.0,0.24719247173432402,0.2461170061318495,0.3999368435820687,0.23329951798279436,0.2577552886119533,0.3809589119186948,0.2543451228868121,0.5013023327830431,0.24615831799433674,0.26000061736093794,0.5048123010335439,0.5000484921837146,0.29359722504412766,0.25204333864805917,0.2521325727052862,0.4534703638940857,0.3059896917843953
0.2783535582840576,0.25585098221790126,0.20232508540341232,0.5441734735362315,0.2609822257409846,0.25398881898166525,0.24010056509944855,0.4685075906720293,0.2680143380223948,0.494769105156345,0.2661507436988535,0.6002512616510884,0.26195903538656584,0.5361969583195991,1.0,0.2473830254752889,0.20913616740887098,0.24982587898829134,0.23547918621866593,0.24229307873267403,0.24566307026619272,0.2450143635183435,0.26041619685841777,0.23047822711905064,0.21502898690909145,0.18637553454479716,0.2541591921169828,0.4866418329442278,0.2953378276342947,0.2664806673163135,0.4882302414029419,0.2541669233745406,0.0,0.24716637250265894,0.24972768692205294,0.3992509060258491,0.23135042492523894,0.25503509354645704,0.38086353313704824,0.2547907279979923,0.4988437719910892,0.24513841654673374,0.25898853427620994,0.4907120804309756,0.48454608003115307,0.29366422706449347,0.2584497323103919,0.2578649935866343,0.44316070555726816,0.3129395519909791
0.3052748633514828,0.3424351754128725,0.21415495819178165,0.25779596593563825,0.34731000867572903,0.3444216518805,0.7689892772177829,0.2578792295922647,0.2960527476297917,0.2571313366724628,0.3648170403952826,0.24607481027198808,0.36275922643460135,0.24685055251647647,0.2473830254752889,1.0,0.26591090435819753,0.36342676298507604,0.3476303007750422,0.7791728975246587,0.3571711453861288,0.3561470917625599,0.37339897799834243,0.3119133377860509,0.28172656219601366,0.2491757602876653,0.3499886062880939,0.24623225814826544,0.27695792884340587,0.30058297559854674,0.2376143967987704,0.33774159912995627,0.0,0.34607337181744646,0.3510379810911175,0.25406414411313083,0.7298068006526631,0.339455346272308,0.2138973107692529,0.3499821429865231,0.23951435071510774,0.3394272336315869,0.35432113321366443,0.254406709179796,0.25628735127344804,0.2683669578874367,0.3428978297578461,0.34138041340224534,0.2492899346241445,0.2889729897359393
0.2757704140512194,0.36646303470155595,0.168021647199596,0.2178658507945569,0.37214282422440126,0.38746884617243993,0.2633721266517819,0.2290746382631228,0.224343336941783,0.2046219914398385,0.3167569276670764,0.23394431217203537,0.3108712760867044,0.19730600225031025,0.20913616740887098,0.26591090435819753,1.0,0.3030162262335311,0.29060907355427334,0.2608909695599978,0.3036894879579075,0.30115062545741567,0.3124729280516587,0.5548545307162694,0.5643363152485623,0.5874978922120155,0.30410818127898753,0.20187590229487973,0.24276009614922522,0.23366240418565776,0.1929495302957881,0.40797327428972074,0.0,0.35242818746299853,0.41137928376871935,0.20469177627001978,0.25033026711343986,0.31434219314435063,0.18960254178421398,0.32010792847710545,0.19462945851590707,0.34986260298833805,0.3176228299421202,0.2509275743431366,0.2535003639505323,0.22818909877579252,0.36805333680429597,0.36909311501117503,0.20179393954124625,0.2494629237090754
0.300380771553184,0.41153632953398145,0.22089175257827764,0.2579593287142885,0.4259232364537011,0.4035891794475208,0.37272126903914127,0.25886317826574556,0.29473882977303556,0.26189480372351204,0.4840210731603244,0.24666214340150072,0.49611472938796053,0.25504548391772774,0.24982587898829134,0.36342676298507604,0.3030162262335311,1.0,0.4869821052793474,0.3724225085200157,0.5110798053333905,0.497668007420877,0.5281602926002174,0.35633682169676295,0.3163224701144257,0.2757781122822929,0.505184792617257,0.25251572718656323,0.2858602049864599,0.3029985653477223,0.2413316083393,0.4495100174148602,0.0,0.4763959492282356,0.4101756069572312,0.26542343317015626,0.3519022392890625,0.46943677434086906,0.2245035512617518,0.49616665203558263,0.24173553538133574,0.4147174815851369,0.49500603749195793,0.2560979486584807,0.25480630108667646,0.2729373315374508,0.4247015453319467,0.4246771175137528,0.25429701565110074,0.29318855341129557
0.2841269811926296,0.37342031848122903,0.20513314311099518,0.24694328577068647,0.4036503773690283,0.38096544132315346,0.3490982193678336,0.2506782801298133,0.27510356606760733,0.24642480664255118,0.45555827062642884,0.23803534244971847,0.5085558187980858,0.23614620952187015,0.23547918621866593,0.3476303007750422,0.29060907355427334,0.4869821052793474,1.0,0.34456574964875486,0.47184024604885044,0.5059618401436831,0.4833383672707353,0.3362801884991461,0.30344058596870893,0.259213506475961,0.4601544739784278,0.23935236976373886,0.2713310359297514,0.2848385908508595,0.22466436595668726,0.4535586706479906,0.0,0.4418087897747669,0.3851938923353898,0.24954169063738052,0.33352779037788227,0.4368346127316558,0.21145880363589953,0.46072093912677237,0.2291994986178285,0.3826107762606956,0.45664701258240037,0.24736794831518294,0.24571893197135186,0.2575025491608324,0.3834997755601528,0.38293311742661384,0.23785887639666825,0.28155664883867126
0.29342157905226207,0.34286618880564435,0.21252161751568377,0.25410651667152095,0.32887918956643236,0.3409727602121293,0.8693503574940031,0.25198949897462597,0.29037172687282486,0.2524217822996402,0.3570175392597559,0.24046164032503037,0.3519670592446804,0.24684755279883974,0.24229307873267403,0.7791728975246587,0.2608909695599978,0.3724225085200157,0.34456574964875486,1.0,0.3728452479794194,0.35265634682762603,0.379479684585044,0.3024619326035002,0.2786759573521367,0.23793984257872192,0.355835411826379,0.24519904760503897,0.2761529387534366,0.29169611497341663,0.23392939560636128,0.3338955191039251,0.0,0.3475009444735657,0.3487657181538064,0.2519134262377709,0.7871156680841647,0.3378518200496172,0.2114628100116558,0.35481315235041444,0.23420645884092284,0.3382335565747332,0.3571997675164643,0.24860419021918245,0.24817633747981482,0.26664183731252633,0.33852513166048104,0.33855514012098264,0.2474041799913239,0.28429377663694
0.2925807250336666,0.39731245206226806,0.21939783937060808,0.2545747450079425,0.4305277476334948,0.38507412989244083,0.3734771671330933,0.2551554083893489,0.2877167568435386,0.2553055712524278,0.4732496346077084,0.2507655990367734,0.5007319219319469,0.24562751603739463,0.24566307026619272,0.3571711453861288,0.3036894879579075,0.5110798053333905,0.47184024604885044,0.3728452479794194,1.0,0.4877864196702111,0.5303934175599415,0.349815454880529,0.3168401763913977,0.28101993205552,0.5092776258220859,0.2523553483764601,0.2793107428440793,0.29670940916763844,0.23392194278150125,0.45997798066620854,0.0,0.49348204323292844,0.4036648662386303,0.26116343758906335,0.3501490298706743,0.4738017497789353,0.22374140464894188,0.5057188994679787,0.24062757026024695,0.39828685749869985,0.4944082629393266,0.25664123579712284,0.2568346825986447,0.2723811281554963,0.41396134235168314,0.4137867934534022,0.2504549946676712,0.2899255660349038
0.2915688320743882,0.38430084527476793,0.2119920309144222,0.253617139777769,0.4207617601710194,0.40990318496472,0.3541943183933345,0.2556412809627603,0.2897828984143851,0.2525209676546961,0.47856446216134274,0.24470472588467873,0.5525804327908896,0.24597869818284224,0.2450143635183435,0.3561470917625599,0.30115062545741567,0.497668007420877,0.5059618401436831,0.35265634682762603,0.4877864196702111,1.0,0.6956773305289917,0.33943621585781536,0.31186385663719896,0.2707901394211839,0.4943180144646381,0.2467842067386764,0.2733565642808158,0.2917415110551027,0.23267062836802221,0.4722489112685736,0.0,0.6043796475992449,0.38694328795016786,0.25146215175715525,0.3371340857514947,0.4732129531530551,0.21653738280824775,0.4971816405535716,0.23652273882101527,0.3905947874079969,0.4983585628241174,0.25333595675473564,0.2508014814611632,0.26727299898789814,0.40093788283366316,0.3993418354136178,0.2475223912453226,0.2923087572843508
0.30723827411625537,0.41153114178385974,0.22366594734807355,0.27084528641010586,0.44027890665768077,0.40489363788539423,0.3818277678296169,0.2672329410718034,0.30136834220405373,0.2662288686269201,0.49072186330760115,0.25658993526651064,0.5546914972089398,0.2601106072403324,0.26041619685841777,0.37339897799834243,0.3124729280516587,0.5281602926002174,0.4833383672707353,0.379479684585044,0.5303934175599415,0.6956773305289917,1.0,0.35623914440664584,0.3266508307036631,0.2788875413512195,0.5329962805631052,0.2617730709967756,0.2896181803369867,0.30475486004611085,0.24992372243282035,0.4910988313258774,0.0,0.6343810371645814,0.410094614992607,0.2685870295853645,0.359811738508393,0.498544735893669,0.22906589212259842,0.5225866963982061,0.2531331593732059,0.4135247731684204,0.5208899505066742,0.2668993352639365,0.2655310960559406,0.2785267029694569,0.420368110841443,0.4208064616596485,0.2631093303722979,0.29944007283207275
0.30515128955048176,0.4777420824104177,0.18919386732300436,0.24071513531696964,0.41200215146621455,0.48999553978226273,0.3059058634565568,0.2562789262298717,0.26250509077267326,0.23024649560976318,0.3727108728986408,0.253490383308562,0.3647173426256294,0.21707993790574343,0.23047822711905064,0.3119133377860509,0.5548545307162694,0.35633682169676295,0.3362801884991461,0.3024619326035002,0.349815454880529,0.33943621585781536,0.35623914440664584,1.0,0.6077101517321264,0.5304182785115832,0.3529538984223969,0.22172966202739686,0.26669622608490684,0.2695787619192257,0.21910705886689053,0.41533807733988726,0.0,0.3738081687961534,0.5275951019508693,0.2275863109556705,0.2916791358062687,0.35241974494499395,0.20325098568762745,0.3598585004432221,0.22174827850066303,0.4118355183616479,0.3617564726821134,0.2669207490650447,0.2714985503237902,0.25267161967482354,0.4153394287740191,0.41604658784442394,0.22478541214386416,0.27476665505751274
0.28752849199431496,0.45086905514864395,0.1766991290486356,0.23143089199708766,0.36782092808617906,0.4621423979617041,0.2777965852442622,0.2367588557144359,0.23609328700414833,0.2178125530096947,0.33322263286117404,0.2430476955888946,0.3242815658679815,0.20526543217875515,0.21502898690909145,0.28172656219601366,0.5643363152485623,0.3163224701144257,0.30344058596870893,0.2786759573521367,0.3168401763913977,0.31186385663719896,0.3266508307036631,0.6077101517321264,1.0,0.5843346925173669,0.31813039236531115,0.20600302406836668,0.2406242354068472,0.24311222201643723,0.20250951332541856,0.4127586819236826,0.0,0.34488310182328386,0.48526563644665166,0.20797294639027653,0.268186510463704,0.3321142709704321,0.19821228452155293,0.33345434455204537,0.20535402730606356,0.37178209304625387,0.33353127854603737,0.2673334117097562,0.26656141865236194,0.24135452460667228,0.3875482411856904,0.38924249213380047,0.2215098403458019,0.2517664294171128
0.255699068712844,0.32857052138019927,0.14995349606463637,0.19841727567689926,0.3344530129725872,0.3449514362970475,0.23791760069717893,0.21225378875816092,0.2031078824864082,0.18432776050891764,0.29091246435322726,0.21902962290894235,0.28301942954857007,0.175940979122314,0.18637553454479716,0.2491757602876653,0.5874978922120155,0.2757781122822929,0.259213506475961,0.23793984257872192,0.28101993205552,0.2707901394211839,0.2788875413512195,0.5304182785115832,0.5843346925173669,1.0,0.27584719974331395,0.17840341753071143,0.20399567613521652,0.21391561669847248,0.17413348526461436,0.3575339901032205,0.0,0.3151780583567191,0.3749365639402915,0.17956247642769563,0.22894879732019457,0.2852622744003743,0.16580704543150682,0.29521831643921326,0.17521902164074932,0.31879103680406085,0.28489098107218824,0.2441451601957656,0.23710353571220155,0.2088422984943431,0.33293480135555686,0.33307196738579636,0.1884565784797949,0.2214987834023403
0.2980695249156271,0.411378261946039,0.2247672785126904,0.26118429011847044,0.44955972052679183,0.39386352702027383,0.35447472042773753,0.26126792111497177,0.300968540196511,0.2680380650693751,0.4995690087087771,0.25207006324037007,0.534074063430261,0.25645453128717954,0.2541591921169828,0.3499886062880939,0.30410818127898753,0.505184792617257,0.4601544739784278,0.355835411826379,0.5092776258220859,0.4943180144646381,0.5329962805631052,0.3529538984223969,0.31813039236531115,0.27584719974331395,1.0,0.2549896877212363,0.2925349027685852,0.3029403379093959,0.24603486639854677,0.48454744961108187,0.0,0.49464473379225105,0.4064870719880711,0.2590040360890298,0.3323794635978846,0.5873713289890524,0.21666247531620786,0.5450766720329399,0.248005758563958,0.416979533268359,0.6195039734106165,0.2613106356824656,0.2575672062176936,0.27873844842072826,0.4213485466088468,0.42117173383301065,0.26301142985863335,0.2991279072600277
0.2843406832723503,0.2676807229452156,0.20516634278769041,0.5206664346177514,0.24565546801951954,0.2606619924325977,0.2440113705191056,0.6883745089857678,0.26115803699480356,0.4994799712273198,0.26687715007853763,0.46949830005910254,0.25781168678774236,0.5098288649704605,0.4866418329442278,0.24623225814826544,0.20187590229487973,0.25251572718656323,0.23935236976373886,0.24519904760503897,0.2523553483764601,0.2467842067386764,0.2617730709967756,0.22172966202739686,0.20600302406836668,0.17840341753071143,0.2549896877212363,1.0,0.30481537897296185,0.2667787914363773,0.46944356290239597,0.2524858700884639,0.0,0.24950381029859925,0.2481285166945414,0.39287172281282157,0.23245886233409152,0.268987409624181,0.38025015076499913,0.25807418358510015,0.4789776710797442,0.250499278301622,0.25754608367027876,0.7797988344412483,0.7473220872905164,0.29034372931479147,0.25540402877547197,0.25588841234517834,0.45482164126537794,0.29916601503809137
0.33541919142486243,0.29898891654177473,0.23742949138582015,0.29380166202711455,0.29751738146415607,0.30090553644924267,0.2736727614016353,0.3054276840444895,0.3154096946926638,0.30547761008778673,0.29443728242322587,0.2986053368453446,0.28981775101150453,0.2993985906461979,0.2953378276342947,0.27695792884340587,0.24276009614922522,0.2858602049864599,0.2713310359297514,0.2761529387534366,0.2793107428440793,0.2733565642808158,0.2896181803369867,0.26669622608490684,0.2406242354068472,0.20399567613521652,0.2925349027685852,0.30481537897296185,1.0,0.3183147996067248,0.2854806883137926,0.28588381823289355,0.0,0.29163029876368274,0.29041848302680684,0.28601997426423065,0.26050944771711537,0.29212181227421896,0.24566837215691006,0.2912076229524537,0.2821521970670987,0.28287898262701616,0.29035912149922793,0.30052542928161996,0.3049034298513862,0.3863946382794984,0.2878301779528347,0.28870382566174746,0.2888500017237817,0.6067953965870824
0.3879161214648179,0.3009620164879694,0.24999780851425069,0.27214883056263683,0.29733326160655627,0.29174313686962083,0.28848993197084405,0.27334295953562693,0.4021677792942847,0.28021970370788873,0.3140029761986245,0.26949266848165565,0.31195864068187595,0.2651362812588328,0.2664806673163135,0.30058297559854674,0.23366240418565776,0.3029985653477223,0.2848385908508595,0.29169611497341663,0.29670940916763844,0.2917415110551027,0.30475486004611085,0.2695787619192257,0.24311222201643723,0.21391561669847248,0.3029403379093959,0.2667787914363773,0.3183147996067248,1.0,0.2555068953549018,0.2891532319267097,0.0,0.29434745650902117,0.2982912898091977,0.2662106225554072,0.2766739259683668,0.2980787660781098,0.22939550311754808,0.3151937955808325,0.25990733676712807,0.29450051545090716,0.3083385327595983,0.27422625447758275,0.2707702616207891,0.3216640447158222,0.3019118901859773,0.30182934583706555,0.2677856221469235,0.3360508500280034
0.26884072207091925,0.2507880068336592,0.19281081268529998,0.494552136005209,0.2510281082989424,0.24481057276067852,0.23232488581155808,0.4616825246447138,0.2567719391163388,0.5116640580784035,0.25597720118812983,0.43910213761033545,0.2504637424973798,0.49019481133545617,0.4882302414029419,0.2376143967987704,0.1929495302957881,0.2413316083393,0.22466436595668726,0.23392939560636128,0.23392194278150125,0.23267062836802221,0.24992372243282035,0.21910705886689053,0.20250951332541856,0.17413348526461436,0.24603486639854677,0.46944356290239597,0.2854806883137926,0.2555068953549018,1.0,0.2399766420611228,0.0,0.23992659851262677,0.2407004026720898,0.3879171985350838,0.22156909580590045,0.24526808195005967,0.3584017973139473,0.2441462429749084,0.649747721153169,0.23594540087571825,0.24749769088933937,0.4733074466758219,0.46810447229398755,0.27679313394515404,0.24169203820541796,0.2416492753876366,0.4314744053282856,0.28598146461991225
0.3147802493786097,0.3957050347846174,0.2138185548918532,0.26834914523605347,0.46263038875428597,0.40288555751809263,0.33522081039834106,0.2656510706908779,0.2858284707707667,0.25365820778138215,0.46204438154969774,0.2646986022715515,0.4996171089195397,0.2483569592104654,0.2541669233745406,0.33774159912995627,0.40797327428972074,0.4495100174148602,0.4535586706479906,0.3338955191039251,0.45997798066620854,0.4722489112685736,0.4910988313258774,0.41533807733988726,0.4127586819236826,0.3575339901032205,0.48454744961108187,0.2524858700884639,0.28588381823289355,0.2891532319267097,0.2399766420611228,1.0,0.0,0.4840528786018923,0.4065445665153168,0.24617442263940714,0.32216848065304005,0.4866904688873379,0.2256844133700795,0.49535049182409774,0.2377251711052234,0.4074212191649481,0.49783443088330237,0.2730337410421543,0.2792687497853952,0.26961770908876825,0.41667571867106423,0.4163464884174407,0.24559507886223308,0.29028288421150517
0.0,0.0,0.0,0.0,0.0,0.0,0.0,0.0,0.0,0.0,0.0,0.0,0.0,0.0,0.0,0.0,0.0,0.0,0.0,0.0,0.0,0.0,0.0,0.0,0.0,0.0,0.0,0.0,0.0,0.0,0.0,0.0,1.0,0.0,0.0,0.0,0.0,0.0,0.0,0.0,0.0,0.0,0.0,0.0,0.0,0.0,0.0,0.0,0.0,0.0
0.30330215554460627,0.3948811025529245,0.22043182431511388,0.2543448918921575,0.45906801618336046,0.41325272968346305,0.3499433330784232,0.26150982236418174,0.29083690887379643,0.2562617917137432,0.46648986311190443,0.25813880083316665,0.5263010674807365,0.24719247173432402,0.24716637250265894,0.34607337181744646,0.35242818746299853,0.4763959492282356,0.4418087897747669,0.3475009444735657,0.49348204323292844,0.6043796475992449,0.6343810371645814,0.3738081687961534,0.34488310182328386,0.3151780583567191,0.49464473379225105,0.24950381029859925,0.29163029876368274,0.29434745650902117,0.23992659851262677,0.4840528786018923,0.0,1.0,0.41563570724045973,0.268269735841398,0.3293826585837708,0.48000241187639336,0.23392176056522718,0.49680424142245816,0.23980813030447357,0.4028011417896227,0.4997473756115921,0.257700620450359,0.26111208425069754,0.27068302889914897,0.4103036629973996,0.4102784913079952,0.24990009999255802,0.29868918280630474
0.30498060307399666,0.5529278788737574,0.2115005930748649,0.25857820796234177,0.42464405944186157,0.5533113168213406,0.3493551769937725,0.2603562517809832,0.2926762252232883,0.2575190060555348,0.4191953702868244,0.2524922914963027,0.41818337011199413,0.2461170061318495,0.24972768692205294,0.3510379810911175,0.41137928376871935,0.4101756069572312,0.3851938923353898,0.3487657181538064,0.4036648662386303,0.38694328795016786,0.410094614992607,0.5275951019508693,0.48526563644665166,0.3749365639402915,0.4064870719880711,0.2481285166945414,0.29041848302680684,0.2982912898091977,0.2407004026720898,0.4065445665153168,0.0,0.41563570724045973,1.0,0.2526933156560508,0.327149597645361,0.40123303362667795,0.2216395127379719,0.418358465885053,0.24215493934445842,0.47041235997834197,0.4163896065215382,0.2614792908310122,0.2646665068225019,0.2721909962134703,0.46701755324007954,0.4686429936915668,0.252532800550183,0.2935750145277214
0.2716177627368209,0.25023036160600187,0.2020901099066621,0.40645191321813756,0.24794530728003195,0.25449415787989316,0.25329417348701744,0.3969874806202962,0.2672488415751666,0.4159393239777316,0.26837831001597834,0.3889606067406117,0.25893974252746843,0.3999368435820687,0.3992509060258491,0.25406414411313083,0.20469177627001978,0.26542343317015626,0.24954169063738052,0.2519134262377709,0.26116343758906335,0.25146215175715525,0.2685870295853645,0.2275863109556705,0.20797294639027653,0.17956247642769563,0.2590040360890298,0.39287172281282157,0.28601997426423065,0.2662106225554072,0.3879171985350838,0.24617442263940714,0.0,0.268269735841398,0.2526933156560508,1.0,0.24088702245146332,0.24751892635742245,0.3629261005755233,0.2615529258496231,0.3938264496942373,0.24867677689335022,0.25640719768999876,0.4012044310517626,0.401027306716915,0.273321513697783,0.24691835094138304,0.24570745054815413,0.3989111589828901,0.29897292696615707
0.2820780582152711,0.32015237723904955,0.2003079144979153,0.24450037637854227,0.3152188272639138,0.32355414641936875,0.7868803390540453,0.24158558072131386,0.276846930537477,0.23874401350748964,0.33593924088304095,0.23025540202754735,0.33552981323375053,0.23329951798279436,0.23135042492523894,0.7298068006526631,0.25033026711343986,0.3519022392890625,0.33352779037788227,0.7871156680841647,0.3501490298706743,0.3371340857514947,0.359811738508393,0.2916791358062687,0.268186510463704,0.22894879732019457,0.3323794635978846,0.23245886233409152,0.26050944771711537,0.2766739259683668,0.22156909580590045,0.32216848065304005,0.0,0.3293826585837708,0.327149597645361,0.24088702245146332,1.0,0.31979570003541,0.20149253255580424,0.32882628257524726,0.2201817298040829,0.31686362459643813,0.3357692153752977,0.23763400773968502,0.23783513327829964,0.2508396949033218,0.31658176527407755,0.3160918200791524,0.23114439425958078,0.26968207236116715
0.3102185562562293,0.42539983768369305,0.22476952066024558,0.26042694872882854,0.4615568659528748,0.4057139491800955,0.3364772000884233,0.27804475233750414,0.29464957848955065,0.26935280766619707,0.483674207958095,0.2617217725743627,0.5066012767863856,0.2577552886119533,0.25503509354645704,0.339455346272308,0.31434219314435063,0.46943677434086906,0.4368346127316558,0.3378518200496172,0.4738017497789353,0.4732129531530551,0.498544735893669,0.35241974494499395,0.3321142709704321,0.2852622744003743,0.5873713289890524,0.268987409624181,0.29212181227421896,0.2980787660781098,0.24526808195005967,0.4866904688873379,0.0,0.48000241187639336,0.40123303362667795,0.24751892635742245,0.31979570003541,1.0,0.22683816326590445,0.5245847603608895,0.2503261925924042,0.4136789140886895,0.6353858016845972,0.27496489225912557,0.26603471762499764,0.2775883646912146,0.42898262513435803,0.4289478390119117,0.2686434760708055,0.2967434892915858
0.25011286571711266,0.2151392142696712,0.1758347985179587,0.38256120560365314,0.21627697603145912,0.23623374703543498,0.2149559985002586,0.38317442884824016,0.22815453851122747,0.3938784948856373,0.22891835072188726,0.3794317489850323,0.22327876790781298,0.3809589119186948,0.38086353313704824,0.2138973107692529,0.18960254178421398,0.2245035512617518,0.21145880363589953,0.2114628100116558,0.22374140464894188,0.21653738280824775,0.22906589212259842,0.20325098568762745,0.19821228452155293,0.16580704543150682,0.21666247531620786,0.38025015076499913,0.24566837215691006,0.22939550311754808,0.3584017973139473,0.2256844133700795,0.0,0.23392176056522718,0.2216395127379719,0.3629261005755233,0.20149253255580424,0.22683816326590445,1.0,0.22440351652697355,0.36569582329807093,0.2196128744867688,0.22406233618462368,0.3889279129540332,0.387299811516133,0.23846917829096503,0.22570529517578053,0.22478559076271598,0.36782741424773746,0.25273481965576783
0.3069506328709716,0.41736461594060736,0.22748530866717642,0.25808752125617096,0.45584089900115443,0.40631594417364336,0.35218190078354306,0.2684810486668552,0.30817549289387247,0.26942996675738706,0.5079939068966708,0.2561367343846771,0.5376928754773336,0.2543451228868121,0.2547907279979923,0.3499821429865231,0.32010792847710545,0.49616665203558263,0.46072093912677237,0.35481315235041444,0.5057188994679787,0.4971816405535716,0.5225866963982061,0.3598585004432221,0.33345434455204537,0.29521831643921326,0.5450766720329399,0.25807418358510015,0.2912076229524537,0.3151937955808325,0.2441462429749084,0.49535049182409774,0.0,0.49680424142245816,0.418358465885053,0.2615529258496231,0.32882628257524726,0.5245847603608895,0.22440351652697355,1.0,0.24626249305726966,0.4284537179797818,0.5453056740365765,0.26362359186995765,0.2642628616378324,0.2844306727571677,0.4371045203938483,0.43772256425888934,0.26019913819362783,0.30214463002158454
