../ecoli_genomes/GCF_000163235.1_ASM16323v1_genomic.fna.gz,../ecoli_genomes/GCF_000164555.1_ASM16455v1_genomic.fna.gz,../ecoli_genomes/GCF_000208545.1_ASM20854v2_genomic.fna.gz,../ecoli_genomes/GCF_000233875.1_ASM23387v1_genomic.fna.gz,../ecoli_genomes/GCF_000249735.1_ASM24973v2_genomic.fna.gz,../ecoli_genomes/GCF_000261145.1_Esch_coli_M919_V2_genomic.fna.gz,../ecoli_genomes/GCF_000267705.2_ASM26770v2_genomic.fna.gz,../ecoli_genomes/GCF_000350665.1_Esch_coli_KTE5_V1_genomic.fna.gz,../ecoli_genomes/GCF_000351625.1_Esch_coli_KTE66_V1_genomic.fna.gz,../ecoli_genomes/GCF_000352285.1_Esch_coli_KTE46_V1_genomic.fna.gz,../ecoli_genomes/GCF_000358895.1_ASM35889v1_genomic.fna.gz,../ecoli_genomes/GCF_000456385.1_Esch_coli_HVH_26_4-5703913_V1_genomic.fna.gz,../ecoli_genomes/GCF_000458195.1_Esch_coli_HVH_147_4-5893887_V1_genomic.fna.gz,../ecoli_genomes/GCF_000459755.1_Esch_coli_KOEGE_58_171a_V1_genomic.fna.gz,../ecoli_genomes/GCF_000460055.1_Esch_coli_UMEA_3053-1_V1_genomic.fna.gz,../ecoli_genomes/GCF_000462165.2_ASM46216v2_genomic.fna.gz,../ecoli_genomes/GCF_000601135.1_ASM60113v1_genomic.fna.gz,../ecoli_genomes/GCF_000614595.1_Ec2010EL1058_genomic.fna.gz,../ecoli_genomes/GCF_000617745.1_Ec2010C-4529_genomic.fna.gz,../ecoli_genomes/GCF_000618265.2_EcF6751_genomic.fna.gz,../ecoli_genomes/GCF_000619005.2_Ec2009C-4052_genomic.fna.gz,../ecoli_genomes/GCF_000619105.1_Ec2009C-4780_genomic.fna.gz,../ecoli_genomes/GCF_000619765.2_Ec2009C-3279_genomic.fna.gz,../ecoli_genomes/GCF_000687005.1_ASM68700v1_genomic.fna.gz,../ecoli_genomes/GCF_000687025.1_ASM68702v1_genomic.fna.gz,../ecoli_genomes/GCF_000700125.1_ASM70012v1_genomic.fna.gz,../ecoli_genomes/GCF_000753315.1_FHI35_genomic.fna.gz,../ecoli_genomes/GCF_000776375.1_ASM77637v1_genomic.fna.gz,../ecoli_genomes/GCF_000779395.1_ASM77939v1_genomic.fna.gz,../ecoli_genomes/GCF_000780315.1_ASM78031v1_genomic.fna.gz,../ecoli_genomes/GCF_000781995.1_ASM78199v1_genomic.fna.gz,../ecoli_genomes/GCF_000986765.1_ASM98676v1_genomic.fna.gz,../ecoli_genomes/GCF_001041375.1_ViralProj287958_genomic.fna.gz,../ecoli_genomes/GCF_001265335.1_302014_genomic.fna.gz,../ecoli_genomes/GCF_001265625.1_100854_genomic.fna.gz,../ecoli_genomes/GCF_001267345.1_303289_genomic.fna.gz,../ecoli_genomes/GCF_001309985.1_ASM130998v1_genomic.fna.gz,../ecoli_genomes/GCF_001521695.1_ASM152169v1_genomic.fna.gz,../ecoli_genomes/GCF_001592595.1_ASM159259v1_genomic.fna.gz,../ecoli_genomes/GCF_001614975.1_ASM161497v1_genomic.fna.gz,../ecoli_genomes/GCF_001692775.1_ASM169277v1_genomic.fna.gz,../ecoli_genomes/GCF_001748915.1_ASM174891v1_genomic.fna.gz,../ecoli_genomes/GCF_001749235.1_ASM174923v1_genomic.fna.gz,../ecoli_genomes/GCF_001881155.1_ASM188115v1_genomic.fna.gz,../ecoli_genomes/GCF_001881345.1_ASM188134v1_genomic.fna.gz,../ecoli_genomes/GCF_001892405.1_ASM189240v1_genomic.fna.gz,../ecoli_genomes/GCF_001892585.1_ASM189258v1_genomic.fna.gz,../ecoli_genomes/GCF_001893985.1_ASM189398v1_genomic.fna.gz,../ecoli_genomes/GCF_002001595.1_ASM200159v1_genomic.fna.gz,../ecoli_genomes/GCF_002002145.1_ASM200214v1_genomic.fna.gz
1.0,0.3151534850637473,0.24783661219817277,0.2812358502776181,0.2985883448580212,0.30975979964243183,0.2942510752331403,0.290007378414597,0.379700134035457,0.2853209809905587,0.3084554077926135,0.29722026778445476,0.2981155147845127,0.26319078900547244,0.26046237057615074,0.30302566126520536,0.2768551141973137,0.30416547433530006,0.26446175245657244,0.2951774745804522,0.2927111148229693,0.2849171126357475,0.30374518685519813,0.2992580704428732,0.27752351521893603,0.24141594508708497,0.2952302124797638,0.2712910840735713,0.3246971640287959,0.379790885359804,0.25280778905818446,0.31487902785782185,0.0,0.3048916411767678,0.31254989342328177,0.26445575796063936,0.2835643245126853,0.3105447493179565,0.23159986314364112,0.31087980791831116,0.2558551015228616,0.2962436856538885,0.3064776544759823,0.2910210659812221,0.2994835724066889,0.3191767244340912,0.2997757118691844,0.30525482417971805,0.26052802505992145,0.3343806463585053
0.3151534850637473,1.0,0.2351131475081134,0.273914292655022,0.3895844592559988,0.5581488894522233,0.3438364176465468,0.28088160295496234,0.2984593951875706,0.2836538129897257,0.41968933700263145,0.27994669226087654,0.41073646273445563,0.26442393826048527,0.2613113506169974,0.3482004073689955,0.2994261286877117,0.4168931966467605,0.35735544380189355,0.34725880288209765,0.4011696386878374,0.3842226099155024,0.41106605257461293,0.37848553256931494,0.3586761735468189,0.24834180914962745,0.4018442209750177,0.2766997061286742,0.30474587173147794,0.3034902239818662,0.25589442293461717,0.3797951084206259,0.0,0.3998510755799982,0.5419154555086445,0.258906674736858,0.3270878641856856,0.4155873689398981,0.20656254502123528,0.4107163459966251,0.25642953125433876,0.4718542660882582,0.41695475022139716,0.28268938223619433,0.28467413880238146,0.279257804103924,0.46707120645465794,0.47156548963766654,0.27559694658480327,0.29994749336714677
0.24783661219817277,0.2351131475081134,1.0,0.20712763473101825,0.20831101825057474,0.22154464255667794,0.2200488187712274,0.21040275290567179,0.2430842531594174,0.21231538797142868,0.22964402988046972,0.2028669849865664,0.2217749724148379,0.2044309356249716,0.20129495318527546,0.22304357599290614,0.1429988910039831,0.22200884766071238,0.19479082136626125,0.22123556999110539,0.22105267305953968,0.21071204906119778,0.2244950404212962,0.15913218438063592,0.14780772952325238,0.11611976523124645,0.22042135637375415,0.20908763386551932,0.24165475473522868,0.2524895763128858,0.19299049779908883,0.20706476692155396,0.0,0.22017728692641092,0.2118545422783541,0.21026069026636773,0.20842326092354035,0.22151343602781648,0.16182702824065853,0.22341311754563353,0.20040694713433482,0.2216245108510274,0.22966814301091643,0.2114567067583757,0.20726820789616618,0.23127276200372304,0.22450969880035876,0.22666029631157703,0.21166964221151852,0.24204121749181684
0.2812358502776181,0.273914292655022,0.20712763473101825,1.0,0.25624557915115,0.2669943169251888,0.2534621042701183,0.4965787746585014,0.2735149338835444,0.5194505659537751,0.2628568581323001,0.5087174546056776,0.2578921247442679,0.5424237731696889,0.5502741318731198,0.2570599510154611,0.18869912864111815,0.2606810692782515,0.22765827002682937,0.2541111257820037,0.25146900494485613,0.24580447406607553,0.26582086189465115,0.21191121588242678,0.202738294424763,0.16076326324869972,0.2562092717115311,0.5281410848697408,0.2956497882794451,0.27403498880735133,0.4956627134230156,0.25930059903988656,0.0,0.25318515395829944,0.2580438449776614,0.4221638127978681,0.24241906410898661,0.2540678028995512,0.35632241813315724,0.2573669718209731,0.5133122942175248,0.2573875834884565,0.25838889135010323,0.5286408693228082,0.5212221958169809,0.29934960114670794,0.2550968344859085,0.2577868377242096,0.45850084394551927,0.30465897413738197
0.2985883448580212,0.3895844592559988,0.20831101825057474,0.25624557915115,1.0,0.4231946865695021,0.32267938885736325,0.25736862408658656,0.28074660681155417,0.26596332320186455,0.5005955976698347,0.2559546333899003,0.4521893232389004,0.24490573618577616,0.26370503756911545,0.33597116112571757,0.34404914423464295,0.40425751977329605,0.36437450275034755,0.3221782255194656,0.41916934718212784,0.39546666597720304,0.4196081042579053,0.35104878843099563,0.32527373582920294,0.29883290237885174,0.42172434205852083,0.24716444411714045,0.29527973086470705,0.2919181801389359,0.23890934826152288,0.45056371585180477,0.0,0.4238492422337632,0.40541377784290367,0.2442645682823983,0.3159391902081784,0.44385683656094554,0.2216324585254964,0.43627495423248575,0.252953383269771,0.40025118230573486,0.44572013145154543,0.26189675920514477,0.2683792199297812,0.2712842436359366,0.41374461919097016,0.4199769217761756,0.24453238826807056,0.28848951413130475
0.30975979964243183,0.5581488894522233,0.22154464255667794,0.2669943169251888,0.4231946865695021,1.0,0.35302047257852753,0.27927965281140965,0.2945054168662601,0.2710570695856921,0.4166873849301934,0.2638550908947732,0.41358395751997246,0.25854651163321873,0.25957097563885834,0.3549283029017597,0.34122572254217953,0.41841866221756596,0.365676973013072,0.35122188633490203,0.3993178067559504,0.39007221744077847,0.41497203860194887,0.43046498766820795,0.40918291291474707,0.29744557840168395,0.3994476871145526,0.26132289132426345,0.30632642342576455,0.29850240683423157,0.24985178291736165,0.40423307342648507,0.0,0.41894510946493335,0.5597983121559975,0.26213386975840847,0.3378644582808169,0.4134936386054142,0.22242261039827427,0.4121157731980889,0.2539844032187304,0.4761358587138169,0.421057650836693,0.2743630804398016,0.27428257435710035,0.27730301083535613,0.47676633589289963,0.48671360035701006,0.26159275535310766,0.30058974167912633
0.2942510752331403,0.3438364176465468,0.2200488187712274,0.2534621042701183,0.32267938885736325,0.35302047257852753,1.0,0.2585370720476383,0.30036929541762747,0.25211587931185087,0.35818364041793715,0.2467775118729696,0.34544487808634305,0.24912818103603296,0.24232649736724665,0.7804901448688286,0.22491384385482505,0.38362957429692424,0.3296109352065546,0.8692408562488055,0.3799735593697182,0.357993217388219,0.3861796927447926,0.26007959444899287,0.2366642016478372,0.1912856766105442,0.35101221976329955,0.2499100750504729,0.2832269298784378,0.2965219855424944,0.23459533046489134,0.3292235912888747,0.0,0.35711330253949314,0.3529675544768397,0.2671191873047588,0.8071809274336192,0.3334110251147192,0.20441813631232075,0.3484600985758666,0.23682393739522856,0.35080875282042157,0.3566206718720505,0.25593392033912665,0.25589693515064227,0.2673756261486152,0.33448026602363035,0.33917041469993425,0.24251703145157122,0.28804007388680486
0.290007378414597,0.28088160295496234,0.21040275290567179,0.4965787746585014,0.25736862408658656,0.27927965281140965,0.2585370720476383,1.0,0.26763177086112633,0.4966914932751494,0.2662784571935085,0.4881733122423113,0.2641877323408903,0.47296245574127627,0.4654605107965255,0.2632649500925358,0.22385998798405615,0.26362469218651674,0.2361713184142301,0.25787823189555714,0.2547058720444717,0.25089764983051344,0.265471485661112,0.24717541803287135,0.22795086544913146,0.1964729852942032,0.2625413494058785,0.6834876044204411,0.3027611758678993,0.27436101940962,0.4572181829922739,0.26894167057725105,0.0,0.2643909038669636,0.2737283271472575,0.40579744051777744,0.24269008978591222,0.2784310704871634,0.36405980303057606,0.26976702718405776,0.46539402385651407,0.2644933077607118,0.2662824747722623,0.7020634800704046,0.6770092708306501,0.29834696783038706,0.2619565255244942,0.2653420725341372,0.44232704698674186,0.30137830271115773
0.379700134035457,0.2984593951875706,0.2430842531594174,0.2735149338835444,0.28074660681155417,0.2945054168662601,0.30036929541762747,0.26763177086112633,1.0,0.2811538489718365,0.3097767950794895,0.2571562696364037,0.30027860484333646,0.26827725094274113,0.26653905635538666,0.30265200013226834,0.18601605843982127,0.30194466016877597,0.2609130661243041,0.301719937433366,0.29352691133870834,0.2847682414287802,0.3011472426509527,0.21171186834458,0.18924362448783538,0.15094775155007822,0.29769286833492337,0.2671538476463161,0.3303401440722903,0.4013841407170554,0.25614934989723104,0.2701326830886548,0.0,0.29144459372191456,0.2885990048941989,0.26931153589028156,0.2871826887915817,0.28521950160785403,0.20413715140294086,0.3036446611758218,0.26078489772280433,0.29751413460333653,0.3052026886233009,0.26640499221980796,0.26268510803012524,0.30965755825856534,0.2878101273242446,0.2905385779222448,0.262079676970836,0.3369002697500165
0.2853209809905587,0.2836538129897257,0.21231538797142868,0.5194505659537751,0.26596332320186455,0.2710570695856921,0.25211587931185087,0.4966914932751494,0.2811538489718365,1.0,0.2748611844593364,0.4718726137572935,0.27254364157516353,0.50234473814369,0.49622882423246173,0.25739315112269456,0.16896157163002168,0.2638189049418045,0.23029390879965572,0.2539044555239319,0.2516849761086096,0.2474437289515956,0.25962300060134214,0.1888578635920536,0.17765528066855318,0.13826261271701812,0.26353518065793347,0.509862489703615,0.30675249681306593,0.27930131213564957,0.5127568021276802,0.24260083145359468,0.0,0.2529064047035704,0.25621318317533237,0.42790524923543516,0.24274795846969788,0.26027723097752575,0.35714872752043547,0.26680945449666627,0.5241743137825929,0.2671845225646968,0.2623291181267756,0.5042007106878962,0.5103913130924886,0.29757026643863416,0.2619887670247434,0.2646260796651132,0.4732096043715869,0.3034261109197953
0.3084554077926135,0.41968933700263145,0.22964402988046972,0.2628568581323001,0.5005955976698347,0.4166873849301934,0.35818364041793715,0.2662784571935085,0.3097767950794895,0.2748611844593364,1.0,0.2630741087237304,0.5300161535823895,0.26241489026126685,0.2597901527027877,0.3653052785972821,0.26183979361534804,0.48003966430219025,0.43975579544981025,0.35674746912236677,0.47920942951386514,0.4803367811997137,0.4888189021606121,0.2995493785678902,0.27222353635289764,0.2186491896356031,0.5017283072464749,0.2651979813105779,0.29805105839145796,0.30986391923701695,0.24973545014565246,0.4416749768364381,0.0,0.4770099962623747,0.4197248073249532,0.27244056168508435,0.3442883923331671,0.4933250389821564,0.20353210579176528,0.510047877956596,0.25412123558661603,0.4289255367587592,0.5054301381018258,0.26471675956591734,0.26479588634950313,0.28239597319587373,0.4307185474000941,0.43473572506564595,0.26085983411149394,0.30236633500655274
0.29722026778445476,0.27994669226087654,0.2028669849865664,0.5087174546056776,0.2559546333899003,0.2638550908947732,0.2467775118729696,0.4881733122423113,0.2571562696364037,0.4718726137572935,0.2630741087237304,1.0,0.2503026396405863,0.48093711353871216,0.5850682269581683,0.25197197786241243,0.25204646999399527,0.24790487870726619,0.2213642777658642,0.24381655252519407,0.24559256812242958,0.2417468401889986,0.25443650950521,0.26603556593098077,0.26149385560669636,0.20786629240827903,0.24925427061900696,0.4799917032403135,0.29337918404935304,0.26959595031579586,0.4376365515069721,0.27421261792307905,0.0,0.2550855518938401,0.2805481013055152,0.3982943957609738,0.23460079343196305,0.2608951160640991,0.39960947609199315,0.26227772519032166,0.4549531425474437,0.24801911051564762,0.25401991590605577,0.5009560013216932,0.5007225236375075,0.2992480297944172,0.2733103431644356,0.27104272248757066,0.42347219017052773,0.292291489926085
0.2981155147845127,0.41073646273445563,0.2217749724148379,0.2578921247442679,0.4521893232389004,0.41358395751997246,0.34544487808634305,0.2641877323408903,0.30027860484333646,0.27254364157516353,0.5300161535823895,0.2503026396405863,1.0,0.2538770932934097,0.25972455638980685,0.3524501790480997,0.25671537973084824,0.4933381307224812,0.5134386636990824,0.3484744639466425,0.5078986745648082,0.5636210667631867,0.5508575760604181,0.2898377787717028,0.25852311174215403,0.20755500098802826,0.5488041611824898,0.2600202276885678,0.29186322085404415,0.309563934677238,0.2441814805825927,0.48267374124681584,0.0,0.5385530716618148,0.401613678610683,0.25589793268210914,0.33540319125842377,0.5188909275746492,0.19993695487521868,0.5421784847273092,0.2517016215553384,0.42076771816925296,0.5336779535535334,0.25766257785519375,0.2576494690893195,0.27286157839454406,0.42061916554020296,0.42465405227622144,0.2548019643632409,0.29180474124250777
0.26319078900547244,0.26442393826048527,0.2044309356249716,0.5424237731696889,0.24490573618577616,0.25854651163321873,0.24912818103603296,0.47296245574127627,0.26827725094274113,0.50234473814369,0.26241489026126685,0.48093711353871216,0.2538770932934097,1.0,0.5455969287443598,0.25073500777280944,0.16071656863580785,0.25806773622460843,0.2237048852391249,0.2510484353256047,0.24514652492680744,0.2422685791873913,0.25829826246956433,0.1774990362479537,0.16687191939607549,0.13201168331995805,0.25377447305891954,0.512987701003286,0.2985928035574815,0.2678213985718041,0.4915655164699999,0.2377251595101164,0.0,0.2465363747685706,0.246750936292795,0.4138722489407767,0.2369867686017476,0.25002227560890133,0.3408061523678938,0.25385821554197674,0.5055958018054645,0.25238546221003444,0.25434117784540977,0.5007062207971129,0.4953192566805461,0.2930510672544102,0.249965483285444,0.25286460182444004,0.4458015512221649,0.2997661118854813
0.26046237057615074,0.2613113506169974,0.20129495318527546,0.5502741318731198,0.26370503756911545,0.25957097563885834,0.24232649736724665,0.4654605107965255,0.26653905635538666,0.49622882423246173,0.2597901527027877,0.5850682269581683,0.25972455638980685,0.5455969287443598,1.0,0.24694636719207652,0.17232171207593194,0.25046511898239654,0.21946422776764607,0.24405055912946227,0.2432569731239521,0.23801560430943836,0.2548978565422537,0.18578676561463614,0.17271696797285874,0.142004772881832,0.2511072903966255,0.4968040156487039,0.29208411867817596,0.26321065734961,0.4893177097672988,0.24411939988057174,0.0,0.2431989250997234,0.24596861629717515,0.41135489967264804,0.23128067123223672,0.24874356495050742,0.34317915442332814,0.2506710113775379,0.5109922774608382,0.2509717847757825,0.25336535463090193,0.48769642807438995,0.48383102017352286,0.29043212418841236,0.25370952262911906,0.25779175698099166,0.4410308715364427,0.3019582061865006
0.30302566126520536,0.3482004073689955,0.22304357599290614,0.2570599510154611,0.33597116112571757,0.3549283029017597,0.7804901448688286,0.2632649500925358,0.30265200013226834,0.25739315112269456,0.3653052785972821,0.25197197786241243,0.3524501790480997,0.25073500777280944,0.24694636719207652,1.0,0.23657993786755827,0.3728728249813177,0.32929991401799963,0.7900079877404595,0.36917714656584444,0.35727658911060967,0.3789378384589822,0.27099048775032086,0.24886335643168478,0.21490098220138176,0.34716290759470547,0.2533261140791133,0.2851449424591944,0.3059494884310143,0.2361072217537996,0.3341138293194168,0.0,0.3547698746649892,0.3540462293980656,0.2643915163989916,0.7444262826959416,0.34254941837537367,0.19983875831239173,0.3493647842569946,0.2412222974054753,0.35160965157629187,0.3562928955695668,0.25820825144562964,0.2610619443420137,0.27396632464011594,0.3383182177847692,0.3454032549405679,0.24786424082596292,0.2903846384811055
0.2768551141973137,0.2994261286877117,0.1429988910039831,0.18869912864111815,0.34404914423464295,0.34122572254217953,0.22491384385482505,0.22385998798405615,0.18601605843982127,0.16896157163002168,0.26183979361534804,0.25204646999399527,0.25671537973084824,0.16071656863580785,0.17232171207593194,0.23657993786755827,1.0,0.25402454895992443,0.2235872005144396,0.22304408143370058,0.2555440374771367,0.2521202712825217,0.2662117004655222,0.5922482924144921,0.5896321268908614,0.5473000718297343,0.25081289039627697,0.16476853918930645,0.2000791634132092,0.2091933270736841,0.15566182880457702,0.4172983965171594,0.0,0.30495501744716347,0.3916881910681881,0.1676090975611466,0.21838935531307602,0.2729820199955494,0.29228263944069144,0.2892010519378333,0.1573294115273759,0.2941236757103449,0.2654670137183003,0.23996870760944045,0.23963996279814126,0.2097194646455035,0.34967088766282184,0.3426882344948917,0.16034246408656927,0.20630046013607628
0.30416547433530006,0.4168931966467605,0.22200884766071238,0.2606810692782515,0.40425751977329605,0.41841866221756596,0.38362957429692424,0.26362469218651674,0.30194466016877597,0.2638189049418045,0.48003966430219025,0.24790487870726619,0.4933381307224812,0.25806773622460843,0.25046511898239654,0.3728728249813177,0.25402454895992443,1.0,0.4722307745424871,0.38317634110503496,0.5149859400214437,0.5006225431997765,0.524432844765349,0.291506559624122,0.2637987964653845,0.20750715652523044,0.4910718268570706,0.2602205474608875,0.29401496722880527,0.3058003333474063,0.2473032068157055,0.429930697881439,0.0,0.4786755093724113,0.41057899103346485,0.2750534950523067,0.36595249082561443,0.4546190345161726,0.2032269043342455,0.48369804670812666,0.24901832096766996,0.4228938319159782,0.4910010253335496,0.2580094965360369,0.2571676974388223,0.27383276722195726,0.41733000016009403,0.42194777892844526,0.2536073973623668,0.2983495000084506
0.26446175245657244,0.35735544380189355,0.19479082136626125,0.22765827002682937,0.36437450275034755,0.365676973013072,0.3296109352065546,0.2361713184142301,0.2609130661243041,0.23029390879965572,0.43975579544981025,0.2213642777658642,0.5134386636990824,0.2237048852391249,0.21946422776764607,0.32929991401799963,0.2235872005144396,0.4722307745424871,1.0,0.32731865313444586,0.4551330437744384,0.5147503844478925,0.45437234636189916,0.25615228567601334,0.23392921600272287,0.18518679000164096,0.46779305802904114,0.22950560781787532,0.25342500106775345,0.26605012118227145,0.21460900012142403,0.43208956695334955,0.0,0.447687402849381,0.36127061954575657,0.23741217207632792,0.32043611682351736,0.4388780767551712,0.18345197529584567,0.4563299062351175,0.21586096309054037,0.36836067002081374,0.4361772464007655,0.2300381185396776,0.22876417745611588,0.2438523599072353,0.36151353761359606,0.3664607289021762,0.22164162989453562,0.25707694452029883
0.2951774745804522,0.34725880288209765,0.22123556999110539,0.2541111257820037,0.3221782255194656,0.35122188633490203,0.8692408562488055,0.25787823189555714,0.301719937433366,0.2539044555239319,0.35674746912236677,0.24381655252519407,0.3484744639466425,0.2510484353256047,0.24405055912946227,0.7900079877404595,0.22304408143370058,0.38317634110503496,0.32731865313444586,1.0,0.3795732164143021,0.3550077837049975,0.3855627430110701,0.2540859027646193,0.23290940647756564,0.1868269520817698,0.35339788700475905,0.2517146890390616,0.2853055101682952,0.2998409817553891,0.23650198545390955,0.32523604794279937,0.0,0.3555915004824859,0.3474659344188751,0.2627165221149733,0.8037471401075635,0.33402937724131043,0.20149473541994956,0.3500987071265922,0.23824835631929497,0.3513142452593363,0.3569365213109036,0.2542158694617095,0.2544993992938267,0.268545556192605,0.3365523604808721,0.3412878143860907,0.24539912371427786,0.2899091059426828
0.2927111148229693,0.4011696386878374,0.22105267305953968,0.25146900494485613,0.41916934718212784,0.3993178067559504,0.3799735593697182,0.2547058720444717,0.29352691133870834,0.2516849761086096,0.47920942951386514,0.24559256812242958,0.5078986745648082,0.24514652492680744,0.2432569731239521,0.36917714656584444,0.2555440374771367,0.5149859400214437,0.4551330437744384,0.3795732164143021,1.0,0.5032120718148216,0.5427173498898936,0.28749902717249065,0.260769678264551,0.21666261873306436,0.5048546845785752,0.24885159864315098,0.2821761284594173,0.3009478183001586,0.23635009084073022,0.44926189391244353,0.0,0.506725507717525,0.3973485918153372,0.263846567322484,0.3617971932035501,0.47897341081067735,0.19992424214651494,0.5025062978081909,0.24239020632653108,0.4000914862686398,0.5024190191348088,0.2519303406591885,0.2516346384464695,0.27368671543477185,0.4075967613420367,0.4129712948634122,0.24693411569964185,0.2909542687597123
0.2849171126357475,0.3842226099155024,0.21071204906119778,0.24580447406607553,0.39546666597720304,0.39007221744077847,0.357993217388219,0.25089764983051344,0.2847682414287802,0.2474437289515956,0.4803367811997137,0.2417468401889986,0.5636210667631867,0.2422685791873913,0.23801560430943836,0.35727658911060967,0.2521202712825217,0.5006225431997765,0.5147503844478925,0.3550077837049975,0.5032120718148216,1.0,0.6926763761985874,0.280077632142013,0.2567716629456245,0.20957441087457418,0.5121844459015532,0.24494429415878216,0.2711773630474389,0.2872070655787693,0.2323461339234656,0.4631541762498378,0.0,0.629319960998042,0.38576918669961235,0.25209421856263214,0.3441503494750925,0.486772642789969,0.1938498094946276,0.5100792636528132,0.2325389652956843,0.3950400166248029,0.5010089694511388,0.2466073754828716,0.24403153525368015,0.2613292751192514,0.3891739895456655,0.39460681931062913,0.2377259763633638,0.2793723971434917
0.30374518685519813,0.41106605257461293,0.2244950404212962,0.26582086189465115,0.4196081042579053,0.41497203860194887,0.3861796927447926,0.265471485661112,0.3011472426509527,0.25962300060134214,0.4888189021606121,0.25443650950521,0.5508575760604181,0.25829826246956433,0.2548978565422537,0.3789378384589822,0.2662117004655222,0.524432844765349,0.45437234636189916,0.3855627430110701,0.5427173498898936,0.6926763761985874,1.0,0.29501719569248097,0.26999378349380565,0.218341801600764,0.5256988778981755,0.26077376454825296,0.2906940527972999,0.30306296055616266,0.2475230520766858,0.4675532482112976,0.0,0.6422510354146546,0.40443814086403684,0.2706876162055637,0.37170946419699,0.49005271754392266,0.20737474743920448,0.5169574364943714,0.24874542082135076,0.41564370595117006,0.5244777797544851,0.2628192790205647,0.26146019779541885,0.27453846278683436,0.4103993242804871,0.4162605566710442,0.2519756816975278,0.29507233630674523
0.2992580704428732,0.37848553256931494,0.15913218438063592,0.21191121588242678,0.35104878843099563,0.43046498766820795,0.26007959444899287,0.24717541803287135,0.21171186834458,0.1888578635920536,0.2995493785678902,0.26603556593098077,0.2898377787717028,0.1774990362479537,0.18578676561463614,0.27099048775032086,0.5922482924144921,0.291506559624122,0.25615228567601334,0.2540859027646193,0.28749902717249065,0.280077632142013,0.29501719569248097,1.0,0.6731998119820607,0.5400730269577423,0.28317871739819067,0.182377953329384,0.21547801803808553,0.2299386837351658,0.17189993284696714,0.42050392642305146,0.0,0.3301474084502982,0.47334910423527166,0.18835092958400168,0.25075425801566753,0.3019312993664768,0.2561962472296774,0.3151128274725794,0.17587379304703177,0.33809279712781914,0.2964172567285306,0.2556331238905193,0.2548152512713713,0.22583483878273747,0.3639752525508938,0.368252959752539,0.17884003926125225,0.23012428291957276
0.27752351521893603,0.3586761735468189,0.14780772952325238,0.202738294424763,0.32527373582920294,0.40918291291474707,0.2366642016478372,0.22795086544913146,0.18924362448783538,0.17765528066855318,0.27222353635289764,0.26149385560669636,0.25852311174215403,0.16687191939607549,0.17271696797285874,0.24886335643168478,0.5896321268908614,0.2637987964653845,0.23392921600272287,0.23290940647756564,0.260769678264551,0.2567716629456245,0.26999378349380565,0.6731998119820607,1.0,0.5279062066580675,0.2560738642080783,0.1705144192563678,0.19815417574521965,0.20918471559528862,0.1614577587264967,0.41384913065047935,0.0,0.3002603033010033,0.4501161053798466,0.17680548830903509,0.2295366846951995,0.28444773915684496,0.2808390647541481,0.29471534844935254,0.16358553500124184,0.30805169617441774,0.2735745753453077,0.24997707081918075,0.24722686030454177,0.21681521171133233,0.35266411722548496,0.3514209009258844,0.17619776615587923,0.21080620737315614
0.24141594508708497,0.24834180914962745,0.11611976523124645,0.16076326324869972,0.29883290237885174,0.29744557840168395,0.1912856766105442,0.1964729852942032,0.15094775155007822,0.13826261271701812,0.2186491896356031,0.20786629240827903,0.20755500098802826,0.13201168331995805,0.142004772881832,0.21490098220138176,0.5473000718297343,0.20750715652523044,0.18518679000164096,0.1868269520817698,0.21666261873306436,0.20957441087457418,0.218341801600764,0.5400730269577423,0.5279062066580675,1.0,0.2014447719105017,0.137022552544666,0.1638632896975173,0.17103146044124706,0.1284973101722735,0.3459581443693056,0.0,0.2557356062830688,0.32447601253313785,0.14041026638323562,0.18416152496721094,0.24592062703607265,0.1536968019549766,0.23328193073009806,0.1281310622766405,0.24992966129154104,0.2184301812075634,0.2196752871445402,0.21770607434430944,0.1745566783709498,0.2551503199568508,0.28077373001622397,0.13717781710849064,0.180601006851702
0.2952302124797638,0.4018442209750177,0.22042135637375415,0.2562092717115311,0.42172434205852083,0.3994476871145526,0.35101221976329955,0.2625413494058785,0.29769286833492337,0.26353518065793347,0.5017283072464749,0.24925427061900696,0.5488041611824898,0.25377447305891954,0.2511072903966255,0.34716290759470547,0.25081289039627697,0.4910718268570706,0.46779305802904114,0.35339788700475905,0.5048546845785752,0.5121844459015532,0.5256988778981755,0.28317871739819067,0.2560738642080783,0.2014447719105017,1.0,0.2572225250958262,0.28852830591780054,0.3014865775002916,0.2452305292174095,0.4650688147602613,0.0,0.5045274582902362,0.3947656535248939,0.2546523790207471,0.3382419957875368,0.5857460102944687,0.19431857264782615,0.5370153421562116,0.24744301996596463,0.41173323082539703,0.6135476634444851,0.26052274861129865,0.25549106208777617,0.27694277775996157,0.40641586038873223,0.41103180534163,0.25030014742786866,0.29062398443113246
0.2712910840735713,0.2766997061286742,0.20908763386551932,0.5281410848697408,0.24716444411714045,0.26132289132426345,0.2499100750504729,0.6834876044204411,0.2671538476463161,0.509862489703615,0.2651979813105779,0.4799917032403135,0.2600202276885678,0.512987701003286,0.4968040156487039,0.2533261140791133,0.16476853918930645,0.2602205474608875,0.22950560781787532,0.2517146890390616,0.24885159864315098,0.24494429415878216,0.26077376454825296,0.182377953329384,0.1705144192563678,0.137022552544666,0.2572225250958262,1.0,0.3029765420660717,0.2689741390078585,0.4717809658479343,0.2431505417012484,0.0,0.24848298239117572,0.2483365957160233,0.4057243669534407,0.2385588541864666,0.2639778646043631,0.34244146842375023,0.25731963276432945,0.48761468514705364,0.25544810689300734,0.25554979737641703,0.7752437961927162,0.7401637327867543,0.2883917761680158,0.2542282654514306,0.2572931430458061,0.45692937516386867,0.2938436121756166
0.3246971640287959,0.30474587173147794,0.24165475473522868,0.2956497882794451,0.29527973086470705,0.30632642342576455,0.2832269298784378,0.3027611758678993,0.3303401440722903,0.30675249681306593,0.29805105839145796,0.29337918404935304,0.29186322085404415,0.2985928035574815,0.29208411867817596,0.2851449424591944,0.2000791634132092,0.29401496722880527,0.25342500106775345,0.2853055101682952,0.2821761284594173,0.2711773630474389,0.2906940527972999,0.21547801803808553,0.19815417574521965,0.1638632896975173,0.28852830591780054,0.3029765420660717,1.0,0.32124239146320976,0.2843462142133042,0.2787316686653548,0.0,0.28542613123830196,0.28545538871609477,0.29080663591770173,0.27084950377458517,0.285134516292337,0.22330572282083516,0.2927837610303238,0.2869805715206475,0.2848023921756718,0.29107973725318625,0.2960359332029554,0.29811667383518237,0.3885179301620104,0.2845544379685905,0.28711875736729653,0.28834739865869363,0.6068343012760049
0.379790885359804,0.3034902239818662,0.2524895763128858,0.27403498880735133,0.2919181801389359,0.29850240683423157,0.2965219855424944,0.27436101940962,0.4013841407170554,0.27930131213564957,0.30986391923701695,0.26959595031579586,0.309563934677238,0.2678213985718041,0.26321065734961,0.3059494884310143,0.2091933270736841,0.3058003333474063,0.26605012118227145,0.2998409817553891,0.3009478183001586,0.2872070655787693,0.30306296055616266,0.2299386837351658,0.20918471559528862,0.17103146044124706,0.3014865775002916,0.2689741390078585,0.32124239146320976,1.0,0.2567301344928611,0.27905742561044156,0.0,0.2930058922895803,0.2963104471715938,0.26781993391074144,0.2873822007660104,0.29539927012731193,0.21296924979888687,0.31655745336239405,0.2617814799306535,0.2994117970272461,0.3100622893003585,0.27338504657534046,0.2708520479601373,0.32493296326243504,0.301261271979549,0.30439661492912873,0.266802950692013,0.332849501141968
0.25280778905818446,0.25589442293461717,0.19299049779908883,0.4956627134230156,0.23890934826152288,0.24985178291736165,0.23459533046489134,0.4572181829922739,0.25614934989723104,0.5127568021276802,0.24973545014565246,0.4376365515069721,0.2441814805825927,0.4915655164699999,0.4893177097672988,0.2361072217537996,0.15566182880457702,0.2473032068157055,0.21460900012142403,0.23650198545390955,0.23635009084073022,0.2323461339234656,0.2475230520766858,0.17189993284696714,0.1614577587264967,0.1284973101722735,0.2452305292174095,0.4717809658479343,0.2843462142133042,0.2567301344928611,1.0,0.22953843883784775,0.0,0.2386380822544909,0.23427855439382483,0.4008313760551997,0.22556546353666396,0.24096308263450883,0.3274077800028211,0.2458235593863093,0.6523650183646363,0.2438486219180227,0.2443821041329598,0.4658015305948906,0.4622467615521654,0.27740365110073395,0.24056221460266014,0.24296335819166837,0.4342425414897676,0.2824794366874791
0.31487902785782185,0.3797951084206259,0.20706476692155396,0.25930059903988656,0.45056371585180477,0.40423307342648507,0.3292235912888747,0.26894167057725105,0.2701326830886548,0.24260083145359468,0.4416749768364381,0.27421261792307905,0.48267374124681584,0.2377251595101164,0.24411939988057174,0.3341138293194168,0.4172983965171594,0.429930697881439,0.43208956695334955,0.32523604794279937,0.44926189391244353,0.4631541762498378,0.4675532482112976,0.42050392642305146,0.41384913065047935,0.3459581443693056,0.4650688147602613,0.2431505417012484,0.2787316686653548,0.27905742561044156,0.22953843883784775,1.0,0.0,0.47760911415344,0.41241368867020334,0.23551805467509035,0.31916123434299826,0.4766351219021978,0.23797115582837636,0.48954291106425174,0.2304939776157311,0.3854738397272075,0.47643531822871854,0.27458836060128466,0.2774156014422111,0.2703999124913362,0.4111965241298353,0.41561177416633677,0.22996626736792503,0.2757751365443819
0.0,0.0,0.0,0.0,0.0,0.0,0.0,0.0,0.0,0.0,0.0,0.0,0.0,0.0,0.0,0.0,0.0,0.0,0.0,0.0,0.0,0.0,0.0,0.0,0.0,0.0,0.0,0.0,0.0,0.0,0.0,0.0,1.0,0.0,0.0,0.0,0.0,0.0,0.0,0.0,0.0,0.0,0.0,0.0,0.0,0.0,0.0,0.0,0.0,0.0
0.3048916411767678,0.3998510755799982,0.22017728692641092,0.25318515395829944,0.4238492422337632,0.41894510946493335,0.35711330253949314,0.2643909038669636,0.29144459372191456,0.2529064047035704,0.4770099962623747,0.2550855518938401,0.5385530716618148,0.2465363747685706,0.2431989250997234,0.3547698746649892,0.30495501744716347,0.4786755093724113,0.447687402849381,0.3555915004824859,0.506725507717525,0.629319960998042,0.6422510354146546,0.3301474084502982,0.3002603033010033,0.2557356062830688,0.5045274582902362,0.24848298239117572,0.28542613123830196,0.2930058922895803,0.2386380822544909,0.47760911415344,0.0,1.0,0.4086855518568805,0.26916818626257333,0.34030896165314106,0.4886606017449284,0.22771976804902427,0.5104381199033315,0.23743187420955347,0.4025179263744034,0.5082829464685448,0.2592280546722807,0.2606512034243792,0.2698458386969238,0.40620432646831706,0.41020489887486977,0.2408282109553186,0.2901160852747454
0.31254989342328177,0.5419154555086445,0.2118545422783541,0.2580438449776614,0.40541377784290367,0.5597983121559975,0.3529675544768397,0.2737283271472575,0.2885990048941989,0.25621318317533237,0.4197248073249532,0.2805481013055152,0.401613678610683,0.246750936292795,0.24596861629717515,0.3540462293980656,0.3916881910681881,0.41057899103346485,0.36127061954575657,0.3474659344188751,0.3973485918153372,0.38576918669961235,0.40443814086403684,0.47334910423527166,0.4501161053798466,0.32447601253313785,0.3947656535248939,0.2483365957160233,0.28545538871609477,0.2963104471715938,0.23427855439382483,0.41241368867020334,0.0,0.4086855518568805,1.0,0.25655822121116034,0.3340315560733098,0.39236428853711147,0.257045376949257,0.41414940522831256,0.23938163472241114,0.46585816625253074,0.4157905565839063,0.27095713082537565,0.27239424297953907,0.27603723798492075,0.4752736119120512,0.47276865545519187,0.24384809099299343,0.28911459609648194
0.26445575796063936,0.258906674736858,0.21026069026636773,0.4221638127978681,0.2442645682823983,0.26213386975840847,0.2671191873047588,0.40579744051777744,0.26931153589028156,0.42790524923543516,0.27244056168508435,0.3982943957609738,0.25589793268210914,0.4138722489407767,0.41135489967264804,0.2643915163989916,0.1676090975611466,0.2750534950523067,0.23741217207632792,0.2627165221149733,0.263846567322484,0.25209421856263214,0.2706876162055637,0.18835092958400168,0.17680548830903509,0.14041026638323562,0.2546523790207471,0.4057243669534407,0.29080663591770173,0.26781993391074144,0.4008313760551997,0.23551805467509035,0.0,0.26916818626257333,0.25655822121116034,1.0,0.2513266581665554,0.24993664808511018,0.33453200024107854,0.2629455770418422,0.4069454074105119,0.2576782353757161,0.258654193932779,0.40733584429702974,0.4071957123732354,0.2887675642301901,0.2523545705517841,0.2553997370499572,0.4027034615010865,0.29640974727927216
0.2835643245126853,0.3270878641856856,0.20842326092354035,0.24241906410898661,0.3159391902081784,0.3378644582808169,0.8071809274336192,0.24269008978591222,0.2871826887915817,0.24274795846969788,0.3442883923331671,0.23460079343196305,0.33540319125842377,0.2369867686017476,0.23128067123223672,0.7444262826959416,0.21838935531307602,0.36595249082561443,0.32043611682351736,0.8037471401075635,0.3617971932035501,0.3441503494750925,0.37170946419699,0.25075425801566753,0.2295366846951995,0.18416152496721094,0.3382419957875368,0.2385588541864666,0.27084950377458517,0.2873822007660104,0.22556546353666396,0.31916123434299826,0.0,0.34030896165314106,0.3340315560733098,0.2513266581665554,1.0,0.32084657630436575,0.19127633396078647,0.33221081622061677,0.22618109145954912,0.33784437738325446,0.3454871230350238,0.24311888412804172,0.24377321653342565,0.2538305762532739,0.32108198704693913,0.32602752310108685,0.23102116326896183,0.2721540034694572
0.3105447493179565,0.4155873689398981,0.22151343602781648,0.2540678028995512,0.44385683656094554,0.4134936386054142,0.3334110251147192,0.2784310704871634,0.28521950160785403,0.26027723097752575,0.4933250389821564,0.2608951160640991,0.5188909275746492,0.25002227560890133,0.24874356495050742,0.34254941837537367,0.2729820199955494,0.4546190345161726,0.4388780767551712,0.33402937724131043,0.47897341081067735,0.486772642789969,0.49005271754392266,0.3019312993664768,0.28444773915684496,0.24592062703607265,0.5857460102944687,0.2639778646043631,0.285134516292337,0.29539927012731193,0.24096308263450883,0.4766351219021978,0.0,0.4886606017449284,0.39236428853711147,0.24993664808511018,0.32084657630436575,1.0,0.21017317007196934,0.5136589300936785,0.24595882697358895,0.4054677468547888,0.6170647626570428,0.27483277831410646,0.268209761600795,0.2767986264510732,0.41335400814478196,0.42153609600364217,0.2558091083144458,0.2902808111819394
0.23159986314364112,0.20656254502123528,0.16182702824065853,0.35632241813315724,0.2216324585254964,0.22242261039827427,0.20441813631232075,0.36405980303057606,0.20413715140294086,0.35714872752043547,0.20353210579176528,0.39960947609199315,0.19993695487521868,0.3408061523678938,0.34317915442332814,0.19983875831239173,0.29228263944069144,0.2032269043342455,0.18345197529584567,0.20149473541994956,0.19992424214651494,0.1938498094946276,0.20737474743920448,0.2561962472296774,0.2808390647541481,0.1536968019549766,0.19431857264782615,0.34244146842375023,0.22330572282083516,0.21296924979888687,0.3274077800028211,0.23797115582837636,0.0,0.22771976804902427,0.257045376949257,0.33453200024107854,0.19127633396078647,0.21017317007196934,1.0,0.22116941856950634,0.3343007260918718,0.2073143533267099,0.2014718447902062,0.3671883049392277,0.37126104298566265,0.2386402034756061,0.26642693936012474,0.24007405754696698,0.3278206274521951,0.23382273964671485
0.31087980791831116,0.4107163459966251,0.22341311754563353,0.2573669718209731,0.43627495423248575,0.4121157731980889,0.3484600985758666,0.26976702718405776,0.3036446611758218,0.26680945449666627,0.510047877956596,0.26227772519032166,0.5421784847273092,0.25385821554197674,0.2506710113775379,0.3493647842569946,0.2892010519378333,0.48369804670812666,0.4563299062351175,0.3500987071265922,0.5025062978081909,0.5100792636528132,0.5169574364943714,0.3151128274725794,0.29471534844935254,0.23328193073009806,0.5370153421562116,0.25731963276432945,0.2927837610303238,0.31655745336239405,0.2458235593863093,0.48954291106425174,0.0,0.5104381199033315,0.41414940522831256,0.2629455770418422,0.33221081622061677,0.5136589300936785,0.22116941856950634,1.0,0.24817012476530198,0.4163645496794969,0.5330127985612353,0.2670784740287807,0.2693198728258307,0.29023201717448377,0.43691601124177815,0.4402233307599783,0.25464055019046894,0.3025497273332549
