../ecoli_genomes/GCF_000163235.1_ASM16323v1_genomic.fna.gz,../ecoli_genomes/GCF_000164555.1_ASM16455v1_genomic.fna.gz,../ecoli_genomes/GCF_000208545.1_ASM20854v2_genomic.fna.gz,../ecoli_genomes/GCF_000233875.1_ASM23387v1_genomic.fna.gz,../ecoli_genomes/GCF_000249735.1_ASM24973v2_genomic.fna.gz,../ecoli_genomes/GCF_000261145.1_Esch_coli_M919_V2_genomic.fna.gz,../ecoli_genomes/GCF_000267705.2_ASM26770v2_genomic.fna.gz,../ecoli_genomes/GCF_000350665.1_Esch_coli_KTE5_V1_genomic.fna.gz,../ecoli_genomes/GCF_000351625.1_Esch_coli_KTE66_V1_genomic.fna.gz,../ecoli_genomes/GCF_000352285.1_Esch_coli_KTE46_V1_genomic.fna.gz,../ecoli_genomes/GCF_000358895.1_ASM35889v1_genomic.fna.gz,../ecoli_genomes/GCF_000456385.1_Esch_coli_HVH_26_4-5703913_V1_genomic.fna.gz,../ecoli_genomes/GCF_000458195.1_Esch_coli_HVH_147_4-5893887_V1_genomic.fna.gz,../ecoli_genomes/GCF_000459755.1_Esch_coli_KOEGE_58_171a_V1_genomic.fna.gz,../ecoli_genomes/GCF_000460055.1_Esch_coli_UMEA_3053-1_V1_genomic.fna.gz,../ecoli_genomes/GCF_000462165.2_ASM46216v2_genomic.fna.gz,../ecoli_genomes/GCF_000601135.1_ASM60113v1_genomic.fna.gz,../ecoli_genomes/GCF_000614595.1_Ec2010EL1058_genomic.fna.gz,../ecoli_genomes/GCF_000617745.1_Ec2010C-4529_genomic.fna.gz,../ecoli_genomes/GCF_000618265.2_EcF6751_genomic.fna.gz,../ecoli_genomes/GCF_000619005.2_Ec2009C-4052_genomic.fna.gz,../ecoli_genomes/GCF_000619105.1_Ec2009C-4780_genomic.fna.gz,../ecoli_genomes/GCF_000619765.2_Ec2009C-3279_genomic.fna.gz,../ecoli_genomes/GCF_000687005.1_ASM68700v1_genomic.fna.gz,../ecoli_genomes/GCF_000687025.1_ASM68702v1_genomic.fna.gz,../ecoli_genomes/GCF_000700125.1_ASM70012v1_genomic.fna.gz,../ecoli_genomes/GCF_000753315.1_FHI35_genomic.fna.gz,../ecoli_genomes/GCF_000776375.1_ASM77637v1_genomic.fna.gz,../ecoli_genomes/GCF_000779395.1_ASM77939v1_genomic.fna.gz,../ecoli_genomes/GCF_000780315.1_ASM78031v1_genomic.fna.gz,../ecoli_genomes/GCF_000781995.1_ASM78199v1_genomic.fna.gz,../ecoli_genomes/GCF_000986765.1_ASM98676v1_genomic.fna.gz,../ecoli_genomes/GCF_001041375.1_ViralProj287958_genomic.fna.gz,../ecoli_genomes/GCF_001265335.1_302014_genomic.fna.gz,../ecoli_genomes/GCF_001265625.1_100854_genomic.fna.gz,../ecoli_genomes/GCF_001267345.1_303289_genomic.fna.gz,../ecoli_genomes/GCF_001309985.1_ASM130998v1_genomic.fna.gz,../ecoli_genomes/GCF_001521695.1_ASM152169v1_genomic.fna.gz,../ecoli_genomes/GCF_001592595.1_ASM159259v1_genomic.fna.gz,../ecoli_genomes/GCF_001614975.1_ASM161497v1_genomic.fna.gz,../ecoli_genomes/GCF_001692775.1_ASM169277v1_genomic.fna.gz,../ecoli_genomes/GCF_001748915.1_ASM174891v1_genomic.fna.gz,../ecoli_genomes/GCF_001749235.1_ASM174923v1_genomic.fna.gz,../ecoli_genomes/GCF_001881155.1_ASM188115v1_genomic.fna.gz,../ecoli_genomes/GCF_001881345.1_ASM188134v1_genomic.fna.gz,../ecoli_genomes/GCF_001892405.1_ASM189240v1_genomic.fna.gz,../ecoli_genomes/GCF_001892585.1_ASM189258v1_genomic.fna.gz,../ecoli_genomes/GCF_001893985.1_ASM189398v1_genomic.fna.gz,../ecoli_genomes/GCF_002001595.1_ASM200159v1_genomic.fna.gz,../ecoli_genomes/GCF_002002145.1_ASM200214v1_genomic.fna.gz
1.0,0.3786157599207107,0.32008314951263317,0.338317629734607,0.3327316210579836,0.3547961715427931,0.3570130992319206,0.34092142072979836,0.4406434336711095,0.34717027796327105,0.3761768048365315,0.3478404932930488,0.3653648447752904,0.33428177051388686,0.32217451996291013,0.35944665524135966,0.3250397204225951,0.365108025733597,0.3147088609338058,0.35863465944595874,0.3525046617788893,0.34089497588989615,0.3673648234186978,0.3539229262976793,0.3265670301543643,0.3014888140676254,0.3650525351085635,0.33513767538189654,0.3944175578081991,0.43986494491918016,0.3155877375679106,0.3567867301374211,0.0,0.3650983431937539,0.3619492196447982,0.33268864417506794,0.34455195703356667,0.3723261208802293,0.2069953793520556,0.3712470577222595,0.32162312286004435,0.3648473201228245,0.369495889515689,0.3410049284597485,0.3493288763727459,0.3658654233001847,0.3634785083102009,0.36488504996763826,0.32656424861801414,0.39796214695280185
0.3786157599207107,1.0,0.29812525990096794,0.33680762410958354,0.41158744404898195,0.5431809479858474,0.3949243572793222,0.33331023449811215,0.3531640093355709,0.3440619270426888,0.47282486151500214,0.3434705138367097,0.45765589515177807,0.3315199082185156,0.3230876253493957,0.3996897226039471,0.41433308358316334,0.4639056545188869,0.3901509731426548,0.39994812522639267,0.4475164845325771,0.42616844377161145,0.4648606833169576,0.5238207042151932,0.48304684243964735,0.37675696128165514,0.46450971385453,0.3308920099486725,0.3673752829539525,0.36637992698059463,0.3153787544564167,0.44936914542297146,0.0,0.45599989296702415,0.5766973992780413,0.32482551664838477,0.3800564018103366,0.4600646282665609,0.17664686495243598,0.4587107817225675,0.3213272057935971,0.5075159255750384,0.4694655166449859,0.34379154319723426,0.3435157556194718,0.33589854040167155,0.5014056144443599,0.516194554083216,0.33327775118557557,0.36416007007346196
0.32008314951263317,0.29812525990096794,1.0,0.2691153329461494,0.25608600135955195,0.2647280969916783,0.27896788340249923,0.2733546475732488,0.3125956108636613,0.27980402891362277,0.29909360044725897,0.2698530247640357,0.2920628610307118,0.2739844874379366,0.2659157790418024,0.2859177895917595,0.22976833776710692,0.28915291304757995,0.24545239831651622,0.28423698186331214,0.2850895991410627,0.27247934211071034,0.291435932290405,0.26070654278631533,0.23656557305184478,0.20990210552986743,0.2917510613092811,0.27365767478229286,0.3098516329732245,0.31996321000833694,0.26098695829494534,0.2784174313467228,0.0,0.2890988334447886,0.27483535583998475,0.2729422901589653,0.2722638083759946,0.28194211378967515,0.14280621834683183,0.29171065443653743,0.26832559388625754,0.28648794962839175,0.2987451482331567,0.27961829569859864,0.2729846050559519,0.2951837327467154,0.2892970068084926,0.29574570652225096,0.2735947582470105,0.31918202986258337
0.338317629734607,0.33680762410958354,0.2691153329461494,1.0,0.32274573850491417,0.31601898299862474,0.3126484973557375,0.535282222890411,0.34264253069517736,0.5528125775752877,0.32634378062237257,0.5380596699956841,0.33055643535010903,0.5763642903168119,0.5956160210609602,0.3328048597740262,0.2869209131157181,0.32319811007622423,0.2820363200870156,0.3148612610673315,0.31573343104785445,0.30347042336040597,0.3291469834916524,0.3165539461587118,0.3027931417975225,0.2637880866753487,0.3258770248358426,0.5591933281409054,0.35467194680378844,0.3357760058141003,0.5409485085084891,0.3386604640594443,0.0,0.31827204687036303,0.3158836258288862,0.4559865123414272,0.3122665668714114,0.31774407589449905,0.2600109607447405,0.32024984795600153,0.5590909193500526,0.3162282143244154,0.3248227708460476,0.5611237266299909,0.5493886751628945,0.3449973169139141,0.31815460608254953,0.32424769911031714,0.4807794806652501,0.36154772322448936
0.3327316210579836,0.41158744404898195,0.25608600135955195,0.32274573850491417,1.0,0.401185983796549,0.34334475937914977,0.3205123753854858,0.3378945849463093,0.3236452104093531,0.498055758407263,0.30455985295551957,0.47441380159251056,0.3007090432357479,0.3218640113368513,0.3856809167683053,0.36704295660546116,0.42008466986647675,0.36021265274045944,0.3476385151503697,0.4297713205336313,0.3968877790318196,0.43113734625264544,0.4124762257666268,0.3782187574515543,0.34024612774065277,0.44122644513172693,0.2849879499825475,0.3151918328103114,0.33849268043043335,0.3073299741610295,0.4560036222400682,0.0,0.43528127982410336,0.40176062368720145,0.28517412227120986,0.3511440468301158,0.469542455426198,0.23001947273773993,0.4451784022150834,0.31653185119769944,0.40921471751531246,0.4562014440024734,0.29691303420464077,0.300028545451713,0.30147515550017634,0.4184406272510557,0.42598691999618155,0.2886713741682453,0.3195061376271626
0.3547961715427931,0.5431809479858474,0.2647280969916783,0.31601898299862474,0.401185983796549,1.0,0.39618439359242164,0.327419847884864,0.3325873225924193,0.31133721057828156,0.4381971652353245,0.3132111146111485,0.43092590819729004,0.30984997463780406,0.3038952414109777,0.3895276222971261,0.40977619960297895,0.44614739614018806,0.37564335269765736,0.38308089574819915,0.41878710750993997,0.4530421216957654,0.436590915764253,0.5032746042927005,0.46873701323891803,0.38016791065082634,0.4254510598933836,0.3105207694356579,0.343288959090123,0.3383745763141103,0.2954366373658073,0.42951501248932067,0.0,0.443795835950335,0.5357138789441165,0.3167751490382823,0.3742177865602705,0.43513746292706657,0.2009266806887393,0.43164036340436673,0.30125333463160153,0.4832466615655029,0.43667697373205117,0.3155081598558189,0.31412654208446134,0.31391202628273795,0.4812455701553746,0.48855105494395423,0.30159645915455724,0.34888523188757503
0.3570130992319206,0.3949243572793222,0.27896788340249923,0.3126484973557375,0.34334475937914977,0.39618439359242164,1.0,0.31115157610278865,0.3470641813723948,0.3093595366221513,0.40637266549118733,0.3057726866752698,0.3889517766708229,0.30751719286751,0.2999064744438661,0.7636691598692258,0.31706810908845795,0.43748418558865776,0.36959254591822943,0.8627221420462291,0.43183277369537165,0.40522499754576347,0.44009925101535985,0.36691138433305426,0.32540090604115957,0.28695197786871907,0.40513266767587675,0.30235283568057514,0.3429047390610004,0.34786362980985386,0.2897976644101631,0.3842659700661447,0.0,0.40117002339181274,0.39473565436715985,0.3267075172491779,0.805063124331862,0.3734257855499926,0.17434537264239403,0.39202716719859787,0.2909890871232308,0.3939783781641033,0.4052201730146948,0.30934338460315547,0.3110852488192535,0.3166869907245383,0.3754678145184953,0.3853285796544771,0.29646722699950845,0.3503447438597542
0.34092142072979836,0.33331023449811215,0.2733546475732488,0.535282222890411,0.3205123753854858,0.327419847884864,0.31115157610278865,1.0,0.33578968997169634,0.5399507604018641,0.3247073056909733,0.5161039397720963,0.33351329671819696,0.5206137671981985,0.5092352014953182,0.3258067041674835,0.2816391358015119,0.32177993976260644,0.2817198122731075,0.312481005410189,0.30945856329833976,0.3014990772715991,0.32469965197211403,0.32268242637224875,0.29397990613537517,0.26136269728459527,0.3229317352728994,0.6956851518094349,0.3611720458207589,0.3324377700731551,0.5102275733744757,0.3298103428852155,0.0,0.32640426584332993,0.31683599282259844,0.4487996819144947,0.3071771111910253,0.33208535178375453,0.2627643774103643,0.32410269667835734,0.5230301058745159,0.32234556664240477,0.3275025659298667,0.6987844247985469,0.6760696911185409,0.3430779943164678,0.3151289069786164,0.3208932542072903,0.47477288127715545,0.36484269525904756
0.4406434336711095,0.3531640093355709,0.3125956108636613,0.34264253069517736,0.3378945849463093,0.3325873225924193,0.3470641813723948,0.33578968997169634,1.0,0.3483602008433595,0.36202398359162724,0.3266961265773627,0.3654101079571249,0.3319484374802236,0.3416245941126337,0.3713300750565154,0.2893381985958635,0.3504163076507816,0.2943728196838885,0.3529879280089403,0.34260840680527715,0.32609539807046295,0.3526992732315378,0.33958669276622644,0.3014237071140935,0.2661378483272575,0.35554106087718496,0.319940365783964,0.3835021237552966,0.46228271484945127,0.32694201649386645,0.35000785944223445,0.0,0.348398525559258,0.338684883046808,0.33263406469934687,0.34922243929592767,0.3368466525841961,0.16940862453951055,0.35257383181351687,0.33131349290665246,0.3488515454327137,0.36366898261992453,0.32704073350574014,0.3223489975975462,0.3613133213711678,0.34218184438239696,0.3506235554671312,0.315127490729348,0.39816636426687124
0.34717027796327105,0.3440619270426888,0.27980402891362277,0.5528125775752877,0.3236452104093531,0.31133721057828156,0.3093595366221513,0.5399507604018641,0.3483602008433595,1.0,0.33504450681298514,0.5237981964663763,0.3412681402494523,0.5470390182237843,0.5429121826908678,0.3328390925202046,0.2662812493553529,0.32251297783047517,0.2773041165819594,0.31277530361289796,0.3112029156938163,0.3034214732520727,0.32069702373332765,0.310894626806261,0.28419760734534827,0.25398592295621625,0.32809900758673904,0.5388427212270147,0.35871895945367893,0.34550430431214674,0.5555462920978376,0.3230209257081288,0.0,0.31780291868969235,0.3095620080836533,0.46756477372260763,0.3075770540926731,0.31803436619416736,0.2568695428669726,0.3242151700971574,0.5617073354929208,0.31765740293233524,0.32765040654697364,0.543732833883126,0.5448055461607371,0.34641533568480387,0.3143262740511116,0.321434553943432,0.5084328222782339,0.3594164608402599
0.3761768048365315,0.47282486151500214,0.29909360044725897,0.32634378062237257,0.498055758407263,0.4381971652353245,0.40637266549118733,0.3247073056909733,0.36202398359162724,0.33504450681298514,1.0,0.32254367118057903,0.5714905540381644,0.3296206320553259,0.3191220490415728,0.41256487532114117,0.3644829736812705,0.5298394901379231,0.46618358311629704,0.41279282055490363,0.5192734051835917,0.517481916014207,0.5325707765080674,0.42153953687396584,0.3730072544682683,0.3381653509892406,0.539009026371391,0.3236885295714862,0.3538426190739439,0.37162955239148143,0.31133322671053576,0.4992631170696017,0.0,0.5202128899235432,0.4567695042884704,0.3384131360716417,0.3966819315148503,0.5087596452284162,0.1791337802459485,0.5457902595310512,0.31629326180697726,0.48261813676271614,0.5482504341609329,0.3282644718135994,0.3259998569741246,0.3397371663631573,0.46691637341376957,0.47905897743411485,0.32366625914058855,0.3672764155678938
0.3478404932930488,0.3434705138367097,0.2698530247640357,0.5380596699956841,0.30455985295551957,0.3132111146111485,0.3057726866752698,0.5161039397720963,0.3266961265773627,0.5237981964663763,0.32254367118057903,1.0,0.32280657620265263,0.5313879044350789,0.6117128149163771,0.3145498442788174,0.30214898021487346,0.31672762674592647,0.28001317913823986,0.30646173313473846,0.3145555022465639,0.3036410973253253,0.3256478250913577,0.326849498128562,0.30934505164465853,0.29048781628173814,0.3204437834662497,0.5215218301310902,0.3636161170195602,0.3346500057408237,0.4881039687397266,0.3266156949543785,0.0,0.3238158712886029,0.32602211970462724,0.44278012035575964,0.2999726064167516,0.33327197462817937,0.2926142125262309,0.3268424207412399,0.5072889868831005,0.3141815773397416,0.32598413904084333,0.5292603741584994,0.5230043166949365,0.34733975278137386,0.3314753393152984,0.3295194286027656,0.4667890431555528,0.3598042231404426
0.3653648447752904,0.45765589515177807,0.2920628610307118,0.33055643535010903,0.47441380159251056,0.43092590819729004,0.3889517766708229,0.33351329671819696,0.3654101079571249,0.3412681402494523,0.5714905540381644,0.32280657620265263,1.0,0.32135464528203106,0.33361751284757246,0.41135630799920353,0.3674091867803475,0.5254050483925914,0.5400246291091948,0.39462129919514743,0.52658950874346,0.5778283752180612,0.5711608277049062,0.43126372417111714,0.37672022271805705,0.33702059719109534,0.5574659873806638,0.31487129582886675,0.34978959216074645,0.3738237552932502,0.3191208102071542,0.5545075519082057,0.0,0.5565253651104776,0.44665076550789806,0.32516977761863286,0.38709176834199066,0.5184079146072709,0.17602304527604673,0.5545758990044294,0.3228904542739176,0.4694449286911806,0.5592283239895146,0.31972635750242395,0.3172310999647101,0.3266240241928172,0.4539433850069795,0.46574481763571396,0.31609876695173433,0.360446476159624
0.33428177051388686,0.3315199082185156,0.2739844874379366,0.5763642903168119,0.3007090432357479,0.30984997463780406,0.30751719286751,0.5206137671981985,0.3319484374802236,0.5470390182237843,0.3296206320553259,0.5313879044350789,0.32135464528203106,1.0,0.5789363586245084,0.3164790584234266,0.2608047196132388,0.3232116462702592,0.27978967322327375,0.31164936706615676,0.308205370107536,0.3044128582729835,0.3229222727408768,0.292337193121738,0.2721584859451103,0.2393055642901949,0.3241760279964907,0.555030755023229,0.3625236767595206,0.3300623606505332,0.5233229944311446,0.31693269286226167,0.0,0.31283137276264505,0.30806901146824905,0.4578596585393665,0.30284913228769317,0.3137360688734355,0.25057952078266366,0.3181101748941898,0.5435098615854989,0.31499560236415647,0.3237124623084362,0.5498320736376121,0.5382172952929407,0.34792323177020235,0.31173660588730745,0.32004187994433964,0.491878017306034,0.3664073818009782
0.32217451996291013,0.3230876253493957,0.2659157790418024,0.5956160210609602,0.3218640113368513,0.3038952414109777,0.2999064744438661,0.5092352014953182,0.3416245941126337,0.5429121826908678,0.3191220490415728,0.6117128149163771,0.33361751284757246,0.5789363586245084,1.0,0.3245707053564061,0.27802574132214675,0.31129922744608185,0.2693787188625967,0.3039382516241236,0.3055700729576991,0.29431413562185627,0.3197930001317132,0.30748867571798755,0.2843885957446558,0.24804048472844553,0.31810316950881035,0.5175689018396558,0.34776334970287903,0.33144465775623855,0.5394214610274748,0.3311757789391815,0.0,0.31084625495961105,0.3045976751937992,0.4485121998799798,0.3056371872410232,0.3121376129233099,0.24881665201387027,0.31100727755219326,0.5519669787744246,0.3115125334701484,0.32240487217607583,0.5204860746318578,0.5105792892331291,0.3436914107388267,0.31338397627368775,0.3208759186299228,0.47231478581220976,0.36638092956637436
0.35944665524135966,0.3996897226039471,0.2859177895917595,0.3328048597740262,0.3856809167683053,0.3895276222971261,0.7636691598692258,0.3258067041674835,0.3713300750565154,0.3328390925202046,0.41256487532114117,0.3145498442788174,0.41135630799920353,0.3164790584234266,0.3245707053564061,1.0,0.3294714468241895,0.4222469929699646,0.35748135947624105,0.7851272364818768,0.41725830520441576,0.3955653728070828,0.42801983231672847,0.3857557148621935,0.3478941905065096,0.30601773361960904,0.4061573712272424,0.30601235288493145,0.3449435032430974,0.3690638378064772,0.31585710123575816,0.3990487744960137,0.0,0.4001560044170023,0.39756506404016323,0.32708783617366055,0.7587937965978859,0.381172648738492,0.17065610463677117,0.3991115423550555,0.3166723213916317,0.3938212448180556,0.4071732603000907,0.31133662390555283,0.3127441368788775,0.3221554427341762,0.38190301185010633,0.3913935592175096,0.3065918519658114,0.35362242268252964
0.3250397204225951,0.41433308358316334,0.22976833776710692,0.2869209131157181,0.36704295660546116,0.40977619960297895,0.31706810908845795,0.2816391358015119,0.2893381985958635,0.2662812493553529,0.3644829736812705,0.30214898021487346,0.3674091867803475,0.2608047196132388,0.27802574132214675,0.3294714468241895,1.0,0.35843332066881706,0.30343380689491584,0.3180173931497282,0.35376409128060005,0.33958616947225373,0.3683847688455486,0.5455094116547698,0.5744110305959466,0.615252015631959,0.3603986530039405,0.2706483757362266,0.28883215479522106,0.2933942765077864,0.2548653755350935,0.4380060056805539,0.0,0.3925851954536329,0.4682748704339479,0.2645494025888778,0.31212376936633857,0.42696697280015405,0.3470911953282959,0.418412714704937,0.26054729532401066,0.39213591377394263,0.36673544055915586,0.2862560328865199,0.2796366045185653,0.27513104391970267,0.4936795951192924,0.4523065552808887,0.2502391017102613,0.2980407167110648
0.365108025733597,0.4639056545188869,0.28915291304757995,0.32319811007622423,0.42008466986647675,0.44614739614018806,0.43748418558865776,0.32177993976260644,0.3504163076507816,0.32251297783047517,0.5298394901379231,0.31672762674592647,0.5254050483925914,0.3232116462702592,0.31129922744608185,0.4222469929699646,0.35843332066881706,1.0,0.49296700619695155,0.4368728725591484,0.5483807233645188,0.5310779166498047,0.5672472014262985,0.41527677288755227,0.3686136924201059,0.32586745059483724,0.5363461049321261,0.31888323208258396,0.348341442837926,0.361632614585509,0.30461527413551026,0.4944564311038334,0.0,0.5227938596195714,0.4526503759885788,0.34304179212614017,0.420491564664751,0.4847630272479052,0.18014737063148079,0.5198202829008036,0.3057503118981926,0.4717682823328896,0.5305600327043034,0.32143814647706914,0.32006365777634493,0.3247396633803836,0.46046687656109264,0.47251984623988463,0.3100008890718794,0.3589512965971948
0.3147088609338058,0.3901509731426548,0.24545239831651622,0.2820363200870156,0.36021265274045944,0.37564335269765736,0.36959254591822943,0.2817198122731075,0.2943728196838885,0.2773041165819594,0.46618358311629704,0.28001317913823986,0.5400246291091948,0.27978967322327375,0.2693787188625967,0.35748135947624105,0.30343380689491584,0.49296700619695155,1.0,0.36668285965752545,0.4714528870043151,0.5436539821238062,0.47823521135522695,0.3518775861378065,0.31651176976799744,0.27572698023975195,0.4589448366374108,0.27695781771306605,0.29806626793385227,0.3064529209300585,0.26054807900830224,0.47799202457486845,0.0,0.44505823993868043,0.3893816802137391,0.29110919532968926,0.35503093787754947,0.4214671928915328,0.15618817179458588,0.44838954190704394,0.26572895556024956,0.3930810371903245,0.4536005267928702,0.281424147015392,0.28091159038361657,0.2808495916802676,0.38165310673754826,0.3917227621717273,0.26894215835238544,0.30799318207074144
0.35863465944595874,0.39994812522639267,0.28423698186331214,0.3148612610673315,0.3476385151503697,0.38308089574819915,0.8627221420462291,0.312481005410189,0.3529879280089403,0.31277530361289796,0.41279282055490363,0.30646173313473846,0.39462129919514743,0.31164936706615676,0.3039382516241236,0.7851272364818768,0.3180173931497282,0.4368728725591484,0.36668285965752545,1.0,0.4347436891022425,0.39805313573232726,0.4399110156450192,0.36585026090932615,0.32931753565692845,0.2890376958353603,0.41100030080768757,0.3053007934906514,0.3441382455834423,0.3543535106146092,0.2936335761068899,0.3884555435294288,0.0,0.40519503597620044,0.3970611880501478,0.32856077549153817,0.8220846051773146,0.37907783977209786,0.1728639543622148,0.39952109519552237,0.29549566726742016,0.39803156831624453,0.41080504211095314,0.30982519289485655,0.3088908964744914,0.32324414624632325,0.3819665855485559,0.39175705458194576,0.30117604824741573,0.35558716587515904
0.3525046617788893,0.4475164845325771,0.2850895991410627,0.31573343104785445,0.4297713205336313,0.41878710750993997,0.43183277369537165,0.30945856329833976,0.34260840680527715,0.3112029156938163,0.5192734051835917,0.3145555022465639,0.52658950874346,0.308205370107536,0.3055700729576991,0.41725830520441576,0.35376409128060005,0.5483807233645188,0.4714528870043151,0.4347436891022425,1.0,0.5251542120292596,0.5743970075235815,0.41480709576782726,0.3597911778684505,0.32718989187415437,0.5463289925582119,0.30941289236713887,0.33845884508007607,0.3549931034732702,0.29455221511417307,0.5050424024539425,0.0,0.5405294032285546,0.4433733881994193,0.3314802107287851,0.4174293252077732,0.49612175416115956,0.1727166168329788,0.534430746539546,0.30235907460108447,0.4442966110015478,0.5347273162098443,0.31591259367766655,0.3151488499694002,0.32868360307858313,0.4491199806554528,0.460582108039966,0.3050124753317306,0.3523098871663829
0.34089497588989615,0.42616844377161145,0.27247934211071034,0.30347042336040597,0.3968877790318196,0.4530421216957654,0.40522499754576347,0.3014990772715991,0.32609539807046295,0.3034214732520727,0.517481916014207,0.3036410973253253,0.5778283752180612,0.3044128582729835,0.29431413562185627,0.3955653728070828,0.33958616947225373,0.5310779166498047,0.5436539821238062,0.39805313573232726,0.5251542120292596,1.0,0.6773741536187369,0.3809940058877118,0.34188231178845596,0.3046098966423315,0.5199947571378435,0.3021944532132812,0.327885471115944,0.3353083452487232,0.28462974849436684,0.5076909457460792,0.0,0.6134886968629898,0.420307385170652,0.314485418617946,0.38450698605051836,0.4808427930501744,0.1688294903440608,0.5124404372957871,0.2872876260612248,0.4321250703374273,0.5234377704859434,0.3050915491288815,0.30143958574577623,0.3071697982830789,0.4206284678914377,0.4313698378304417,0.29634602533844867,0.3394336612216269
0.3673648234186978,0.4648606833169576,0.291435932290405,0.3291469834916524,0.43113734625264544,0.436590915764253,0.44009925101535985,0.32469965197211403,0.3526992732315378,0.32069702373332765,0.5325707765080674,0.3256478250913577,0.5711608277049062,0.3229222727408768,0.3197930001317132,0.42801983231672847,0.3683847688455486,0.5672472014262985,0.47823521135522695,0.4399110156450192,0.5743970075235815,0.6773741536187369,1.0,0.42010176463162163,0.36927847248045265,0.3267484534182138,0.5677916307212578,0.32110019970913406,0.35493655997262896,0.3576116690071812,0.30555230051462823,0.5221252544617325,0.0,0.6610420894034097,0.4509324401958944,0.33947260846579397,0.4225380182930141,0.5098096526169993,0.18169589682752463,0.5433016268127553,0.309625501063741,0.464546608150338,0.5557711336378468,0.32658711592742184,0.32520764838367566,0.32631381413612326,0.4504591202462842,0.4632692336278621,0.3156582649070697,0.36193313245469483
0.3539229262976793,0.5238207042151932,0.26070654278631533,0.3165539461587118,0.4124762257666268,0.5032746042927005,0.36691138433305426,0.32268242637224875,0.33958669276622644,0.310894626806261,0.42153953687396584,0.326849498128562,0.43126372417111714,0.292337193121738,0.30748867571798755,0.3857557148621935,0.5455094116547698,0.41527677288755227,0.3518775861378065,0.36585026090932615,0.41480709576782726,0.3809940058877118,0.42010176463162163,1.0,0.5884048907032007,0.5423784468406745,0.4180974149003127,0.2947174418237676,0.31991674770518186,0.34099100655677417,0.295957844357018,0.4500933552836688,0.0,0.428113579054168,0.5670951911822739,0.3034747348575615,0.362699183904448,0.4464846706274157,0.27948932092650236,0.44872224039599173,0.3012550641790851,0.455225853258564,0.4160783233496399,0.31029125446636463,0.30735124353790055,0.3051692261286344,0.5045964256661324,0.4824754847709365,0.2852445734551444,0.33175165517098326
0.3265670301543643,0.48304684243964735,0.23656557305184478,0.3027931417975225,0.3782187574515543,0.46873701323891803,0.32540090604115957,0.29397990613537517,0.3014237071140935,0.28419760734534827,0.3730072544682683,0.30934505164465853,0.37672022271805705,0.2721584859451103,0.2843885957446558,0.3478941905065096,0.5744110305959466,0.3686136924201059,0.31651176976799744,0.32931753565692845,0.3597911778684505,0.34188231178845596,0.36927847248045265,0.5884048907032007,1.0,0.6005836132373833,0.3652504629114508,0.2789748473021252,0.2925590621363656,0.3026613410961494,0.26920401538779193,0.44406414780866676,0.0,0.3860191303063487,0.5371471050401079,0.2681373235797688,0.32812826487907065,0.43189945754446035,0.32735265419688353,0.41890745102906257,0.27416435542623063,0.4054885517797634,0.3755267722112944,0.30022969823364376,0.28833032686593585,0.2866959873263637,0.4869304562173524,0.4506753674888718,0.2709853283839322,0.29995623112662884
0.3014888140676254,0.37675696128165514,0.20990210552986743,0.2637880866753487,0.34024612774065277,0.38016791065082634,0.28695197786871907,0.26136269728459527,0.2661378483272575,0.25398592295621625,0.3381653509892406,0.29048781628173814,0.33702059719109534,0.2393055642901949,0.24804048472844553,0.30601773361960904,0.615252015631959,0.32586745059483724,0.27572698023975195,0.2890376958353603,0.32718989187415437,0.3046098966423315,0.3267484534182138,0.5423784468406745,0.6005836132373833,1.0,0.3283401298002845,0.251015826992664,0.25962108705157205,0.2767329971444872,0.24009726337235582,0.3904030142181628,0.0,0.3553459196073173,0.4457496382926577,0.2395664132693076,0.2857496941534321,0.41468468314413665,0.38286157121205533,0.4032505870689068,0.24221330555224874,0.35765262078583016,0.3301592173675796,0.27105401430662357,0.25612754121826364,0.2577633187379208,0.47112705632690977,0.41639769709939656,0.23972857753107868,0.2728539738306943
0.3650525351085635,0.46450971385453,0.2917510613092811,0.3258770248358426,0.44122644513172693,0.4254510598933836,0.40513266767587675,0.3229317352728994,0.35554106087718496,0.32809900758673904,0.539009026371391,0.3204437834662497,0.5574659873806638,0.3241760279964907,0.31810316950881035,0.4061573712272424,0.3603986530039405,0.5363461049321261,0.4589448366374108,0.41100030080768757,0.5463289925582119,0.5199947571378435,0.5677916307212578,0.4180974149003127,0.3652504629114508,0.3283401298002845,1.0,0.3188415227368433,0.3536327357811343,0.36268236387262065,0.31060444414659627,0.5241662768945157,0.0,0.5396856496492184,0.44664268661556206,0.33179892026712954,0.3933082306581409,0.5818676060558932,0.17057907949686046,0.5603737805292683,0.31434867956258294,0.46910083402841374,0.635823839598562,0.32636430194484733,0.31925254996115604,0.33813991977659197,0.4507465127132576,0.46276528987649956,0.3194874294517148,0.36306074326354965
0.33513767538189654,0.3308920099486725,0.27365767478229286,0.5591933281409054,0.2849879499825475,0.3105207694356579,0.30235283568057514,0.6956851518094349,0.319940365783964,0.5388427212270147,0.3236885295714862,0.5215218301310902,0.31487129582886675,0.555030755023229,0.5175689018396558,0.30601235288493145,0.2706483757362266,0.31888323208258396,0.27695781771306605,0.3053007934906514,0.30941289236713887,0.3021944532132812,0.32110019970913406,0.2947174418237676,0.2789748473021252,0.251015826992664,0.3188415227368433,1.0,0.35707621338806017,0.3242369290869346,0.5045480161895533,0.31651210085333226,0.0,0.3151065071113772,0.3087772256568124,0.4503486915320506,0.2934495758512654,0.3257723853752311,0.2677747608520512,0.31774426080699647,0.5233233239976212,0.3122879331092189,0.32049395117063006,0.8071926813509213,0.7616865657580985,0.34102011108516495,0.3164007720224763,0.3207693421286193,0.49039553576491435,0.35751443534182314
0.3944175578081991,0.3673752829539525,0.3098516329732245,0.35467194680378844,0.3151918328103114,0.343288959090123,0.3429047390610004,0.3611720458207589,0.3835021237552966,0.35871895945367893,0.3538426190739439,0.3636161170195602,0.34978959216074645,0.3625236767595206,0.34776334970287903,0.3449435032430974,0.28883215479522106,0.348341442837926,0.29806626793385227,0.3441382455834423,0.33845884508007607,0.327885471115944,0.35493655997262896,0.31991674770518186,0.2925590621363656,0.25962108705157205,0.3536327357811343,0.35707621338806017,1.0,0.3784453245983228,0.3401176902733397,0.33724484190747084,0.0,0.3496645137163591,0.34564392929058707,0.35792056895117963,0.32972235305531605,0.34333897931393087,0.19772226727807674,0.34864860037615153,0.34076852584259487,0.34526169759456204,0.3537013225949066,0.35910609585202913,0.35656390655059533,0.4339368016754096,0.34057937780931624,0.3478339409934743,0.34687712030911166,0.6459308435276637
0.43986494491918016,0.36637992698059463,0.31996321000833694,0.3357760058141003,0.33849268043043335,0.3383745763141103,0.34786362980985386,0.3324377700731551,0.46228271484945127,0.34550430431214674,0.37162955239148143,0.3346500057408237,0.3738237552932502,0.3300623606505332,0.33144465775623855,0.3690638378064772,0.2933942765077864,0.361632614585509,0.3064529209300585,0.3543535106146092,0.3549931034732702,0.3353083452487232,0.3576116690071812,0.34099100655677417,0.3026613410961494,0.2767329971444872,0.36268236387262065,0.3242369290869346,0.3784453245983228,1.0,0.32656770092492804,0.34816989062910764,0.0,0.35192888081838913,0.3498664081802969,0.33082758785883837,0.34381158502252196,0.3469337712123123,0.17676410352743266,0.37015043242564216,0.32988661229907257,0.3566783604870467,0.3699918920425498,0.33092276839997437,0.3257666315855905,0.3734999808256564,0.3564666201558844,0.3640266142717168,0.3238304959238206,0.39674360311989576
0.3155877375679106,0.3153787544564167,0.26098695829494534,0.5409485085084891,0.3073299741610295,0.2954366373658073,0.2897976644101631,0.5102275733744757,0.32694201649386645,0.5555462920978376,0.31133322671053576,0.4881039687397266,0.3191208102071542,0.5233229944311446,0.5394214610274748,0.31585710123575816,0.2548653755350935,0.30461527413551026,0.26054807900830224,0.2936335761068899,0.29455221511417307,0.28462974849436684,0.30555230051462823,0.295957844357018,0.26920401538779193,0.24009726337235582,0.31060444414659627,0.5045480161895533,0.3401176902733397,0.32656770092492804,1.0,0.3135497912467977,0.0,0.3007667347982268,0.29483260134209566,0.43928932489704065,0.2914105228251719,0.3001244800390649,0.23795507460088205,0.3069893387161782,0.6724797416441466,0.3000525708316434,0.3073474802688343,0.510245599199555,0.5003296177240453,0.33162213200878754,0.2969739120235,0.3038876319668363,0.46076595484536753,0.3407967239006824
0.3567867301374211,0.44936914542297146,0.2784174313467228,0.3386604640594443,0.4560036222400682,0.42951501248932067,0.3842659700661447,0.3298103428852155,0.35000785944223445,0.3230209257081288,0.4992631170696017,0.3266156949543785,0.5545075519082057,0.31693269286226167,0.3311757789391815,0.3990487744960137,0.4380060056805539,0.4944564311038334,0.47799202457486845,0.3884555435294288,0.5050424024539425,0.5076909457460792,0.5221252544617325,0.4500933552836688,0.44406414780866676,0.3904030142181628,0.5241662768945157,0.31651210085333226,0.33724484190747084,0.34816989062910764,0.3135497912467977,1.0,0.0,0.5153058863353396,0.4416253831914412,0.3128700887511413,0.3868073712247224,0.5325942494601488,0.21858248527208823,0.5345285248290328,0.3140229642177935,0.4520300888200156,0.5386057044096713,0.3245517967137279,0.32094381411498063,0.3154653075882039,0.46888393213172974,0.4685454977539991,0.3018800698401032,0.34063428775243143
0.0,0.0,0.0,0.0,0.0,0.0,0.0,0.0,0.0,0.0,0.0,0.0,0.0,0.0,0.0,0.0,0.0,0.0,0.0,0.0,0.0,0.0,0.0,0.0,0.0,0.0,0.0,0.0,0.0,0.0,0.0,0.0,1.0,0.0,0.0,0.0,0.0,0.0,0.0,0.0,0.0,0.0,0.0,0.0,0.0,0.0,0.0,0.0,0.0,0.0
0.3650983431937539,0.45599989296702415,0.2890988334447886,0.31827204687036303,0.43528127982410336,0.443795835950335,0.40117002339181274,0.32640426584332993,0.348398525559258,0.31780291868969235,0.5202128899235432,0.3238158712886029,0.5565253651104776,0.31283137276264505,0.31084625495961105,0.4001560044170023,0.3925851954536329,0.5227938596195714,0.44505823993868043,0.40519503597620044,0.5405294032285546,0.6134886968629898,0.6610420894034097,0.428113579054168,0.3860191303063487,0.3553459196073173,0.5396856496492184,0.3151065071113772,0.3496645137163591,0.35192888081838913,0.3007667347982268,0.5153058863353396,0.0,1.0,0.45632111211108684,0.3417035141677045,0.3850389672430128,0.5156031374782541,0.21149569356009768,0.5416005989510219,0.30360382069296354,0.4574448876105104,0.550072477390905,0.32193351203331244,0.32186915700776353,0.32332798561476783,0.46201065360214233,0.46756106656042473,0.3107467443045234,0.3568816310521452
0.3619492196447982,0.5766973992780413,0.27483535583998475,0.3158836258288862,0.40176062368720145,0.5357138789441165,0.39473565436715985,0.31683599282259844,0.338684883046808,0.3095620080836533,0.4567695042884704,0.32602211970462724,0.44665076550789806,0.30806901146824905,0.3045976751937992,0.39756506404016323,0.4682748704339479,0.4526503759885788,0.3893816802137391,0.3970611880501478,0.4433733881994193,0.420307385170652,0.4509324401958944,0.5670951911822739,0.5371471050401079,0.4457496382926577,0.44664268661556206,0.3087772256568124,0.34564392929058707,0.3498664081802969,0.29483260134209566,0.4416253831914412,0.0,0.45632111211108684,1.0,0.31556995573057245,0.37834647589171333,0.4475688765052006,0.22822702939244455,0.46775556138191243,0.2985756778375336,0.49426225228343557,0.457612214057858,0.31394636128753783,0.3115195863943562,0.32157565864009674,0.510889366262685,0.5077570758769419,0.29909610643682816,0.3481994050586338
0.33268864417506794,0.32482551664838477,0.2729422901589653,0.4559865123414272,0.28517412227120986,0.3167751490382823,0.3267075172491779,0.4487996819144947,0.33263406469934687,0.46756477372260763,0.3384131360716417,0.44278012035575964,0.32516977761863286,0.4578596585393665,0.4485121998799798,0.32708783617366055,0.2645494025888778,0.34304179212614017,0.29110919532968926,0.32856077549153817,0.3314802107287851,0.314485418617946,0.33947260846579397,0.3034747348575615,0.2681373235797688,0.2395664132693076,0.33179892026712954,0.4503486915320506,0.35792056895117963,0.33082758785883837,0.43928932489704065,0.3128700887511413,0.0,0.3417035141677045,0.31556995573057245,1.0,0.317401401110171,0.30989428171793765,0.25117011200776496,0.328471778240377,0.44289437634875106,0.32684036522367377,0.32742463261518884,0.4540267769024394,0.45397162221941956,0.34178596460292343,0.3165402752110804,0.3238507796617831,0.4503818988314914,0.3671933485987221
0.34455195703356667,0.3800564018103366,0.2722638083759946,0.3122665668714114,0.3511440468301158,0.3742177865602705,0.805063124331862,0.3071771111910253,0.34922243929592767,0.3075770540926731,0.3966819315148503,0.2999726064167516,0.38709176834199066,0.30284913228769317,0.3056371872410232,0.7587937965978859,0.31212376936633857,0.420491564664751,0.35503093787754947,0.8220846051773146,0.4174293252077732,0.38450698605051836,0.4225380182930141,0.362699183904448,0.32812826487907065,0.2857496941534321,0.3933082306581409,0.2934495758512654,0.32972235305531605,0.34381158502252196,0.2914105228251719,0.3868073712247224,0.0,0.3850389672430128,0.37834647589171333,0.317401401110171,1.0,0.3663271720675294,0.166896113861299,0.3809026061509563,0.2911341912564872,0.3828417707976449,0.3954890602766393,0.2988801105842481,0.29814214110133186,0.30887106900788963,0.36538780754318223,0.374351716722477,0.2885842263744951,0.34250703254345616
0.3723261208802293,0.4600646282665609,0.28194211378967515,0.31774407589449905,0.469542455426198,0.43513746292706657,0.3734257855499926,0.33208535178375453,0.3368466525841961,0.31803436619416736,0.5087596452284162,0.33327197462817937,0.5184079146072709,0.3137360688734355,0.3121376129233099,0.381172648738492,0.42696697280015405,0.4847630272479052,0.4214671928915328,0.37907783977209786,0.49612175416115956,0.4808427930501744,0.5098096526169993,0.4464846706274157,0.43189945754446035,0.41468468314413665,0.5818676060558932,0.3257723853752311,0.34333897931393087,0.3469337712123123,0.3001244800390649,0.5325942494601488,0.0,0.5156031374782541,0.4475688765052006,0.30989428171793765,0.3663271720675294,1.0,0.25731141619336173,0.5554259551316223,0.3073679602002738,0.45029039712015273,0.6193578838328235,0.33339552018548135,0.31942764655949174,0.32985178500702983,0.4876321989008334,0.4792050837244549,0.3156485212131145,0.3530497629036641
0.2069953793520556,0.17664686495243598,0.14280621834683183,0.2600109607447405,0.23001947273773993,0.2009266806887393,0.17434537264239403,0.2627643774103643,0.16940862453951055,0.2568695428669726,0.1791337802459485,0.2926142125262309,0.17602304527604673,0.25057952078266366,0.24881665201387027,0.17065610463677117,0.3470911953282959,0.18014737063148079,0.15618817179458588,0.1728639543622148,0.1727166168329788,0.1688294903440608,0.18169589682752463,0.27948932092650236,0.32735265419688353,0.38286157121205533,0.17057907949686046,0.2677747608520512,0.19772226727807674,0.17676410352743266,0.23795507460088205,0.21858248527208823,0.0,0.21149569356009768,0.22822702939244455,0.25117011200776496,0.166896113861299,0.25731141619336173,1.0,0.23200392267191272,0.2415574700617068,0.18014689237991877,0.1800758492537302,0.2761934008200094,0.2683146258669331,0.19569593456618284,0.2581621494022791,0.21601412797197594,0.24473762067912286,0.201583753696721
0.3712470577222595,0.4587107817225675,0.29171065443653743,0.32024984795600153,0.4451784022150834,0.43164036340436673,0.39202716719859787,0.32410269667835734,0.35257383181351687,0.3242151700971574,0.5457902595310512,0.3268424207412399,0.5545758990044294,0.3181101748941898,0.31100727755219326,0.3991115423550555,0.418412714704937,0.5198202829008036,0.44838954190704394,0.39952109519552237,0.534430746539546,0.5124404372957871,0.5433016268127553,0.44872224039599173,0.41890745102906257,0.4032505870689068,0.5603737805292683,0.31774426080699647,0.34864860037615153,0.37015043242564216,0.3069893387161782,0.5345285248290328,0.0,0.5416005989510219,0.46775556138191243,0.328471778240377,0.3809026061509563,0.5554259551316223,0.23200392267191272,1.0,0.3106902651285506,0.45926834845441533,0.5664945842187512,0.32352431131074066,0.32142712911466487,0.3408846808933287,0.4988062477356594,0.4955374428050575,0.31318722750135974,0.36325268635459207
