../ecoli_genomes/GCF_000163235.1_ASM16323v1_genomic.fna.gz,../ecoli_genomes/GCF_000164555.1_ASM16455v1_genomic.fna.gz,../ecoli_genomes/GCF_000208545.1_ASM20854v2_genomic.fna.gz,../ecoli_genomes/GCF_000233875.1_ASM23387v1_genomic.fna.gz,../ecoli_genomes/GCF_000249735.1_ASM24973v2_genomic.fna.gz,../ecoli_genomes/GCF_000261145.1_Esch_coli_M919_V2_genomic.fna.gz,../ecoli_genomes/GCF_000267705.2_ASM26770v2_genomic.fna.gz,../ecoli_genomes/GCF_000350665.1_Esch_coli_KTE5_V1_genomic.fna.gz,../ecoli_genomes/GCF_000351625.1_Esch_coli_KTE66_V1_genomic.fna.gz,../ecoli_genomes/GCF_000352285.1_Esch_coli_KTE46_V1_genomic.fna.gz,../ecoli_genomes/GCF_000358895.1_ASM35889v1_genomic.fna.gz,../ecoli_genomes/GCF_000456385.1_Esch_coli_HVH_26_4-5703913_V1_genomic.fna.gz,../ecoli_genomes/GCF_000458195.1_Esch_coli_HVH_147_4-5893887_V1_genomic.fna.gz,../ecoli_genomes/GCF_000459755.1_Esch_coli_KOEGE_58_171a_V1_genomic.fna.gz,../ecoli_genomes/GCF_000460055.1_Esch_coli_UMEA_3053-1_V1_genomic.fna.gz,../ecoli_genomes/GCF_000462165.2_ASM46216v2_genomic.fna.gz,../ecoli_genomes/GCF_000601135.1_ASM60113v1_genomic.fna.gz,../ecoli_genomes/GCF_000614595.1_Ec2010EL1058_genomic.fna.gz,../ecoli_genomes/GCF_000617745.1_Ec2010C-4529_genomic.fna.gz,../ecoli_genomes/GCF_000618265.2_EcF6751_genomic.fna.gz,../ecoli_genomes/GCF_000619005.2_Ec2009C-4052_genomic.fna.gz,../ecoli_genomes/GCF_000619105.1_Ec2009C-4780_genomic.fna.gz,../ecoli_genomes/GCF_000619765.2_Ec2009C-3279_genomic.fna.gz,../ecoli_genomes/GCF_000687005.1_ASM68700v1_genomic.fna.gz,../ecoli_genomes/GCF_000687025.1_ASM68702v1_genomic.fna.gz,../ecoli_genomes/GCF_000700125.1_ASM70012v1_genomic.fna.gz,../ecoli_genomes/GCF_000753315.1_FHI35_genomic.fna.gz,../ecoli_genomes/GCF_000776375.1_ASM77637v1_genomic.fna.gz,../ecoli_genomes/GCF_000779395.1_ASM77939v1_genomic.fna.gz,../ecoli_genomes/GCF_000780315.1_ASM78031v1_genomic.fna.gz,../ecoli_genomes/GCF_000781995.1_ASM78199v1_genomic.fna.gz,../ecoli_genomes/GCF_000986765.1_ASM98676v1_genomic.fna.gz,../ecoli_genomes/GCF_001041375.1_ViralProj287958_genomic.fna.gz,../ecoli_genomes/GCF_001265335.1_302014_genomic.fna.gz,../ecoli_genomes/GCF_001265625.1_100854_genomic.fna.gz,../ecoli_genomes/GCF_001267345.1_303289_genomic.fna.gz,../ecoli_genomes/GCF_001309985.1_ASM130998v1_genomic.fna.gz,../ecoli_genomes/GCF_001521695.1_ASM152169v1_genomic.fna.gz,../ecoli_genomes/GCF_001592595.1_ASM159259v1_genomic.fna.gz,../ecoli_genomes/GCF_001614975.1_ASM161497v1_genomic.fna.gz,../ecoli_genomes/GCF_001692775.1_ASM169277v1_genomic.fna.gz,../ecoli_genomes/GCF_001748915.1_ASM174891v1_genomic.fna.gz,../ecoli_genomes/GCF_001749235.1_ASM174923v1_genomic.fna.gz,../ecoli_genomes/GCF_001881155.1_ASM188115v1_genomic.fna.gz,../ecoli_genomes/GCF_001881345.1_ASM188134v1_genomic.fna.gz,../ecoli_genomes/GCF_001892405.1_ASM189240v1_genomic.fna.gz,../ecoli_genomes/GCF_001892585.1_ASM189258v1_genomic.fna.gz,../ecoli_genomes/GCF_001893985.1_ASM189398v1_genomic.fna.gz,../ecoli_genomes/GCF_002001595.1_ASM200159v1_genomic.fna.gz,../ecoli_genomes/GCF_002002145.1_ASM200214v1_genomic.fna.gz
1.0,0.38733922368460416,0.31450888426340284,0.34294089424542584,0.349071175975322,0.3571701906795889,0.36700196630270565,0.3559709485752611,0.44182638245714756,0.3612412986417599,0.392116053336803,0.3538161270130904,0.37944362219403704,0.3372633548581373,0.32952127166838685,0.3731519299557281,0.3278962353156798,0.37523028447941253,0.3382897978977212,0.3685494293069571,0.35901052152942914,0.34944727544604715,0.3762088888505841,0.3537754428352152,0.33316000595346384,0.29291875972990755,0.3658334547895491,0.3444667114457447,0.39611692799405684,0.4432807739477651,0.31505286734581706,0.3660217074971883,0.0,0.37496807855030445,0.37171354623864494,0.3361614740119129,0.35357311890046683,0.37021005576405186,0.32056534098605327,0.37679891650746145,0.32520309656525526,0.36472697202542004,0.3722387260959742,0.3477079046531377,0.36550946211736046,0.3701411147574347,0.3663138634955899,0.3644631882518302,0.3327007930885667,0.40889643685019983
0.38733922368460416,1.0,0.2988975961346322,0.3369351465646404,0.4248502930864265,0.544874997768074,0.40078801180096013,0.3453557410329636,0.36339575081465236,0.3486257406539508,0.4829958675337015,0.3440693984108921,0.47037665679905294,0.3318868699706078,0.3266705675833408,0.40769368613105117,0.40681973196525234,0.4638715723912682,0.4118988090338064,0.40414162401648934,0.45307945450026077,0.42829664078414975,0.4644452624169795,0.48918396371664297,0.46378650648711484,0.3650112947063028,0.46532992136011875,0.3434599342847604,0.3611857364047447,0.3706192421488982,0.31912227071463295,0.4434661578488417,0.0,0.45495231987614937,0.5893648784467441,0.3209756921497189,0.382890132050716,0.4761384232932161,0.29527871696982555,0.4766845780811786,0.321009578589907,0.5047737626061897,0.4695549069635082,0.3525910301167531,0.3546849264996881,0.33880376387981803,0.5161146254045033,0.5166614435084216,0.34605545135679616,0.364754700799099
0.31450888426340284,0.2988975961346322,1.0,0.25964641856509807,0.25743910030886086,0.26599456124114307,0.27882312752591243,0.2705863590004556,0.30867835052552406,0.2746683718929245,0.3011588101913216,0.26472477490743984,0.2932884607117664,0.26416396532489317,0.2620380403443413,0.2846544886966428,0.22404116614822678,0.2885970544934575,0.25679585877669053,0.2815096879742929,0.28010448806023536,0.27235038528393907,0.2899319417318691,0.24341357937168828,0.22645567953380707,0.19921868693509037,0.2876988547901066,0.2717281622616785,0.30321239907280284,0.31570970308741264,0.25405433064902616,0.2665438401697118,0.0,0.2861013147463599,0.27753660857530305,0.26843602064928695,0.2682986750724068,0.28087711035868224,0.24235640054471175,0.2964344172940845,0.2570561417772893,0.28489332546840573,0.29413002248219633,0.2713821432903153,0.2689773665763435,0.28430278621940563,0.2891561354166594,0.2892784423242847,0.2772998696938527,0.30727684261622945
0.34294089424542584,0.3369351465646404,0.25964641856509807,1.0,0.3254846218673699,0.31472167264443096,0.3118780671612833,0.5430301105365849,0.3408749662573549,0.5586353876882016,0.32669280559851843,0.543933805578919,0.3356540081035897,0.567617174482189,0.5958030438355142,0.33208691853067784,0.28198864537660884,0.31997035808184104,0.2950887564475282,0.31259191274194653,0.311323396416624,0.30275551204244555,0.33119893000107314,0.2951409701492025,0.29061198532570354,0.24991233652629175,0.31736555032514424,0.5436872829218928,0.34798347579431854,0.32996644516050655,0.5340532408138277,0.3371294452414846,0.0,0.3181529751013237,0.3170349024078718,0.4427006801036786,0.3070301602816179,0.316894659524505,0.43736836406651847,0.31830131619826074,0.5547521793740241,0.3162369874572072,0.320865898039135,0.543356709485411,0.5434595873636305,0.34625092725341333,0.32033138326630295,0.32017029091984484,0.4912851119338,0.3669249041462984
0.349071175975322,0.4248502930864265,0.25743910030886086,0.3254846218673699,1.0,0.42046101974034467,0.3614542323174522,0.3308167373813815,0.35544347143811783,0.3328191718384823,0.5125784434351925,0.3108852736288321,0.4927186760213378,0.31238874757433,0.332234634053013,0.4001892957721219,0.3843009959888065,0.43533775913671513,0.3988395713353534,0.364022611226294,0.4408928399890507,0.4123741315333922,0.44496853464658626,0.4086775689127087,0.38105593422295236,0.3496229216468155,0.44767070528953645,0.2966950844591505,0.3265325720404403,0.3466167710769633,0.3096410893444095,0.4680133222796987,0.0,0.4501217977306333,0.4287683387608229,0.2935926391709346,0.3637669629336424,0.46127915509179873,0.330431779862697,0.46671681842816115,0.32470662559248187,0.43055211850933695,0.4729683704374198,0.30245665749237505,0.31372194258153085,0.3047476433320703,0.44567893729943664,0.44435306897489313,0.30112849548854626,0.33329486074053527
0.3571701906795889,0.544874997768074,0.26599456124114307,0.31472167264443096,0.42046101974034467,1.0,0.39422021315310174,0.33238746918196604,0.342483723023681,0.318655286654173,0.45430112751431595,0.31556183074930666,0.44389508315292725,0.31255989802018214,0.30896663373939115,0.39951912582593796,0.41646053244225567,0.45027352705169765,0.4147431433198383,0.3921541704885263,0.4274458852197923,0.4589039260238422,0.44719831526935716,0.47911717666343023,0.478411584882534,0.37175293596120307,0.4274223068031796,0.31427294234674574,0.34176627351266753,0.34174333928391787,0.2967594249692965,0.43988612594653864,0.0,0.4441263573943546,0.5570878452952728,0.3179165670994485,0.3797601725199913,0.43965320616959813,0.3063535379974661,0.4460890173464831,0.3032949660305301,0.49230208714200396,0.443783931138485,0.31809829918855803,0.3263341487236475,0.3204996774244113,0.49023300416901383,0.4913136343425425,0.31215022119692115,0.35113673731523065
0.36700196630270565,0.40078801180096013,0.27882312752591243,0.3118780671612833,0.3614542323174522,0.39422021315310174,1.0,0.3187587185840961,0.3558194670176067,0.3119184674091189,0.41679543470336455,0.3093646652643871,0.40701513888565455,0.3036871850513265,0.30136544396304443,0.7584427867594519,0.32310618522567447,0.44819180027797356,0.3950471238148956,0.8680370256368765,0.4426750585812508,0.41211433388529806,0.45426206575169314,0.35244514443768193,0.32491589217929484,0.282862409021008,0.41331138355749863,0.3088430841860984,0.3416872187601959,0.3515904104401981,0.2903818513523374,0.38806118828935454,0.0,0.4234376396544728,0.4107831129068453,0.33040033280010883,0.8065792056286438,0.3905370669213263,0.30119816252371934,0.40801747385563414,0.29063735562605864,0.40438799614773124,0.41146283576268383,0.31072097874879834,0.31827982974807345,0.3177956597705208,0.3897059242165761,0.39019864985161157,0.30749441010592105,0.3502680230987003
0.3559709485752611,0.3453557410329636,0.2705863590004556,0.5430301105365849,0.3308167373813815,0.33238746918196604,0.3187587185840961,1.0,0.3446675818111832,0.5434073341203406,0.3347518548254399,0.5224504574241434,0.3478936251279575,0.5214219791620234,0.5167115199752315,0.332690455312432,0.2947439949846028,0.336303599593895,0.3072956488959361,0.31972106190724037,0.32338215056139474,0.31320238496298825,0.3394756069525322,0.323507695343654,0.2999161325268611,0.26720115359333596,0.32854563702807493,0.7015011512388865,0.3659094175403115,0.3412184485009728,0.5092819033573852,0.3383313385688633,0.0,0.33459311394578717,0.33361529215939223,0.4497213437756368,0.31089657875115595,0.33887382432833557,0.4511285332497049,0.336183353589915,0.5104677953957737,0.3363033191341328,0.3345228658102831,0.6889421635305915,0.6871170253237047,0.34129474601835885,0.328227954462431,0.32687364070916114,0.489252686288422,0.36567612198536925
0.44182638245714756,0.36339575081465236,0.30867835052552406,0.3408749662573549,0.35544347143811783,0.342483723023681,0.3558194670176067,0.3446675818111832,1.0,0.35339378747959904,0.37630669238292447,0.3286009700134813,0.38031099379725664,0.33461127780635125,0.3432786974479114,0.37845909426712154,0.29482324134062754,0.36235818009079035,0.3197281645029877,0.3600410358268338,0.35155888963193027,0.33698612525789196,0.3629367084476144,0.31963435954467356,0.295589823575809,0.25958929236023776,0.36565296305237716,0.32804528626352436,0.3772083180704776,0.46027021157353787,0.32740993457216083,0.34977140760995273,0.0,0.3561672763664542,0.3568047472735405,0.3314118885285894,0.3503912253593149,0.3545502879511262,0.2943219623415285,0.37205096476785793,0.3304635289955834,0.3609269341643231,0.37138019482328166,0.3278433710675529,0.3294333091514072,0.363387365432413,0.3573077638534452,0.35795024292665234,0.327309694831586,0.3964798885852815
0.3612412986417599,0.3486257406539508,0.2746683718929245,0.5586353876882016,0.3328191718384823,0.318655286654173,0.3119184674091189,0.5434073341203406,0.35339378747959904,1.0,0.34888721768022923,0.519399429746944,0.3523902362299367,0.541690065873192,0.5354333938016101,0.3338922929688889,0.2676837416262734,0.32782004338367543,0.29682358397757713,0.3146109632500299,0.31685647119364435,0.3041276247177628,0.32549819249180256,0.29716126107802066,0.2802163159207778,0.2416085047453802,0.32707382745390423,0.5395682465290599,0.3638904776916051,0.3486617162613824,0.5534553871037986,0.3243732288187279,0.0,0.3207078817889345,0.32467298294142943,0.4551369802363563,0.3073143864780181,0.32568860039323166,0.4507538089698494,0.3345821012010196,0.5596662603125813,0.32298608411637086,0.32743755674859154,0.5292745682569173,0.5417832631344992,0.3431445610901168,0.3265745881652461,0.32627164127131547,0.5187367523649199,0.3658982156773254
0.392116053336803,0.4829958675337015,0.3011588101913216,0.32669280559851843,0.5125784434351925,0.45430112751431595,0.41679543470336455,0.3347518548254399,0.37630669238292447,0.34888721768022923,1.0,0.328781918202365,0.5617367761807017,0.32997283982646386,0.32216515602283724,0.4239160659755189,0.36971767773356345,0.5307345642015081,0.46912763868646024,0.4193170912717711,0.5224857099843783,0.5052648428702147,0.5271562760191735,0.4239254604728204,0.37522875089030605,0.33255227521581954,0.5431875415731566,0.33408577858167887,0.35956122492062736,0.37779694293133403,0.3153153890670971,0.4892808847011195,0.0,0.5212199467455807,0.48563248459618324,0.33675868424330435,0.39939981120097146,0.5320817796280053,0.3159074973529574,0.5735149754991218,0.3197814865388918,0.49403500954543456,0.5521240244459555,0.3326141161544781,0.33821050156803856,0.3409435310168112,0.48847647226322444,0.4869864489791145,0.33915316484012437,0.37266760375947994
0.3538161270130904,0.3440693984108921,0.26472477490743984,0.543933805578919,0.3108852736288321,0.31556183074930666,0.3093646652643871,0.5224504574241434,0.3286009700134813,0.519399429746944,0.328781918202365,1.0,0.32954860080225346,0.5308762781640737,0.6252073447169586,0.3165307610803153,0.29098791618942077,0.3165940152626263,0.2963944174853341,0.30814881241255154,0.31686254048855866,0.3022563321089151,0.32614809629880126,0.3158623868434228,0.2981905722394085,0.26612608922784353,0.3179934210885367,0.5194667560138588,0.36640719077258266,0.3327924811291124,0.47949242379104884,0.3272198628002826,0.0,0.32100136242282695,0.32572547566553856,0.43804028991086696,0.2985329483911613,0.3201095431772958,0.4363466741383838,0.32496429460849097,0.49437570412691034,0.31905289355074395,0.32369812561647826,0.5222395183620389,0.5328600409582935,0.34264611552940927,0.3249325379062127,0.3237199116519883,0.4750635708877883,0.3633145385862826
0.37944362219403704,0.47037665679905294,0.2932884607117664,0.3356540081035897,0.4927186760213378,0.44389508315292725,0.40701513888565455,0.3478936251279575,0.38031099379725664,0.3523902362299367,0.5617367761807017,0.32954860080225346,1.0,0.3240348345988817,0.3370036162240021,0.43193937737505106,0.3624596715021313,0.5367556309231228,0.5290656650914953,0.41103016220181987,0.5378457321323854,0.5643260778791085,0.5821465899372296,0.41081891739195886,0.3634785754254951,0.3246690304555193,0.5698801692657505,0.32985113532055,0.35870822634890465,0.380063316418649,0.32054271158943204,0.5259194222138444,0.0,0.5677324938352802,0.47327522211349604,0.3259560027861462,0.4001601509130489,0.5322604686894908,0.30400325192348143,0.580542522799054,0.32571967559437254,0.47472249291842405,0.5655913122858177,0.3272410949218112,0.330655857822611,0.3252098947822828,0.47661338816920185,0.4761787232507163,0.3279753770009185,0.3642410228059819
0.3372633548581373,0.3318868699706078,0.26416396532489317,0.567617174482189,0.31238874757433,0.31255989802018214,0.3036871850513265,0.5214219791620234,0.33461127780635125,0.541690065873192,0.32997283982646386,0.5308762781640737,0.3240348345988817,1.0,0.5828649544611578,0.3141886610381759,0.25996179533440655,0.3186602933866691,0.2902695054887571,0.3074829869856782,0.3071687644064848,0.2978239051777333,0.3231633319897489,0.27617640239536245,0.2623557568763931,0.2294551208656349,0.317964095125715,0.5487986929226014,0.351152041526821,0.3284106347079412,0.5222590639510905,0.31327561820339855,0.0,0.3127071882826491,0.3167179651024391,0.4416822595473592,0.2943996468963116,0.3194652009690486,0.42202895553642095,0.32081417853534056,0.5351259602496483,0.313713608935419,0.3199229852382345,0.5379052801370254,0.5406662980720309,0.34639670830344726,0.31931935892540364,0.32129227550327555,0.4991117918266841,0.3703866336499263
0.32952127166838685,0.3266705675833408,0.2620380403443413,0.5958030438355142,0.332234634053013,0.30896663373939115,0.30136544396304443,0.5167115199752315,0.3432786974479114,0.5354333938016101,0.32216515602283724,0.6252073447169586,0.3370036162240021,0.5828649544611578,1.0,0.3243460302011997,0.271421279792215,0.3122146792012165,0.2854846212903803,0.3047591088376126,0.3066838569727891,0.29641128416786744,0.3220296283694818,0.28548781380302524,0.2743843967521781,0.23647465787104094,0.31407037553189143,0.5218477751099031,0.34968612652656716,0.32813813290794847,0.5312332324310935,0.3266315428829888,0.0,0.3113948273045446,0.31453622533416303,0.44061488880463673,0.29870228463094817,0.31528218729296875,0.4272427303420856,0.3164600530682167,0.5426676116587583,0.3127151298304941,0.3199125674339708,0.5129088310640286,0.5150538983012639,0.34328517783318857,0.32210083230484554,0.3236391134278971,0.4833579490763078,0.37240910990220255
0.3731519299557281,0.40769368613105117,0.2846544886966428,0.33208691853067784,0.4001892957721219,0.39951912582593796,0.7584427867594519,0.332690455312432,0.37845909426712154,0.3338922929688889,0.4239160659755189,0.3165307610803153,0.43193937737505106,0.3141886610381759,0.3243460302011997,1.0,0.3271474405980288,0.43658394361013764,0.39504926644590377,0.7736597909356413,0.42745764372219297,0.41518365084714925,0.44648964324513407,0.35830723716602275,0.3362374247651947,0.29217229158314517,0.41051358863271736,0.313537572145274,0.3477097392298486,0.3697919972100715,0.3076906616665096,0.3977054316196912,0.0,0.4175963373105368,0.40921269894470513,0.3286391928763278,0.7375224021633642,0.39777316067083635,0.2931677300505594,0.4135961972112969,0.31281931076274627,0.40470122085787463,0.41550613146346893,0.31273954448882435,0.31875460528586086,0.32494534804293296,0.39936261271292095,0.4001536944406371,0.3178507776960974,0.3550957706847482
0.3278962353156798,0.40681973196525234,0.22404116614822678,0.28198864537660884,0.3843009959888065,0.41646053244225567,0.32310618522567447,0.2947439949846028,0.29482324134062754,0.2676837416262734,0.36971767773356345,0.29098791618942077,0.3624596715021313,0.25996179533440655,0.271421279792215,0.3271474405980288,1.0,0.3541987376875114,0.32616093735443574,0.31790743881763894,0.3523331698372689,0.3417499179939312,0.36704125727090864,0.5796942889733645,0.5721959404820257,0.6212427757324459,0.3501136104059056,0.25860298602522547,0.28239213934542373,0.2955537699868316,0.25293244766045364,0.4518124455905337,0.0,0.3822442663156628,0.43295544959200905,0.26398384134470976,0.3094653839156366,0.35488008533576865,0.27302084379488,0.3671084809369023,0.25780423091216575,0.3881039493530857,0.36494588304717746,0.2947433098525085,0.30196491590794605,0.2718866685232675,0.4247478558739669,0.4088544248346281,0.2561519583234553,0.2966865602378923
0.37523028447941253,0.4638715723912682,0.2885970544934575,0.31997035808184104,0.43533775913671513,0.45027352705169765,0.44819180027797356,0.336303599593895,0.36235818009079035,0.32782004338367543,0.5307345642015081,0.3165940152626263,0.5367556309231228,0.3186602933866691,0.3122146792012165,0.43658394361013764,0.3541987376875114,1.0,0.526157037367375,0.44971136554771507,0.5491602531879729,0.5350113484606482,0.5744438653162416,0.3936013959907415,0.3574357281628572,0.31582971995224396,0.5394476523076124,0.3264040623147286,0.35335785806694897,0.36239779421221363,0.30267687220503203,0.48268578733497747,0.0,0.5305494773490083,0.4671965216213463,0.3380932661825554,0.43175163793126503,0.4973158016232907,0.30900660944992775,0.5366653111004028,0.303042208141617,0.47480978486158953,0.5286736391924156,0.3241964638299203,0.3288703335290979,0.32517011730183265,0.46931833129565537,0.46984729164174965,0.3174043024198533,0.36398837035819187
0.3382897978977212,0.4118988090338064,0.25679585877669053,0.2950887564475282,0.3988395713353534,0.4147431433198383,0.3950471238148956,0.3072956488959361,0.3197281645029877,0.29682358397757713,0.46912763868646024,0.2963944174853341,0.5290656650914953,0.2902695054887571,0.2854846212903803,0.39504926644590377,0.32616093735443574,0.526157037367375,1.0,0.3961196789861403,0.5043814414352958,0.5411003516397006,0.5165062199566582,0.3548340868836797,0.3353301308316968,0.28268750932777464,0.4799645040483693,0.29473534222238607,0.3167708329318424,0.32418940135465557,0.2756175922127415,0.48009168333684493,0.0,0.4802016870147361,0.4242560569246502,0.30180652689854837,0.3801805010498581,0.4490519308034858,0.27819085605806737,0.484092779850095,0.2763015459591228,0.4213105096986167,0.4803637312764607,0.2984111323549625,0.30254118226490245,0.3018512696847734,0.4170434126548951,0.41853662043376383,0.2870677420997084,0.3291190249130036
0.3685494293069571,0.40414162401648934,0.2815096879742929,0.31259191274194653,0.364022611226294,0.3921541704885263,0.8680370256368765,0.31972106190724037,0.3600410358268338,0.3146109632500299,0.4193170912717711,0.30814881241255154,0.41103016220181987,0.3074829869856782,0.3047591088376126,0.7736597909356413,0.31790743881763894,0.44971136554771507,0.3961196789861403,1.0,0.44459013454317164,0.4120987905700869,0.45519462577116176,0.34519737701724273,0.3219230075009768,0.2814572111725828,0.4152031263360819,0.3125875854679393,0.3457762886448553,0.3548550634646067,0.29126954938498584,0.38718048276026273,0.0,0.41984014670323855,0.4060672465459859,0.32821246395225845,0.8174352313782499,0.39335248515560794,0.2969924442437656,0.411738844453607,0.29229480664695906,0.40378222799651053,0.4141045900818654,0.31064682918789366,0.3162692197925301,0.32077760030033464,0.3917369513276394,0.3933773886495603,0.31092064682401865,0.3550543008813487
0.35901052152942914,0.45307945450026077,0.28010448806023536,0.311323396416624,0.4408928399890507,0.4274458852197923,0.4426750585812508,0.32338215056139474,0.35155888963193027,0.31685647119364435,0.5224857099843783,0.31686254048855866,0.5378457321323854,0.3071687644064848,0.3066838569727891,0.42745764372219297,0.3523331698372689,0.5491602531879729,0.5043814414352958,0.44459013454317164,1.0,0.523825355059023,0.5732137363996518,0.38634979898674493,0.35107082841349246,0.3142079474738124,0.5418094838487708,0.31818573158074126,0.3384713721314411,0.35701158857985227,0.29694679776474575,0.4891810828073977,0.0,0.5381158665939563,0.4592739970111589,0.3274528365662852,0.4231860882429178,0.5047586988575925,0.2937999854528587,0.5426788623184196,0.29858391927055294,0.4487363388897321,0.5315267279704872,0.316551805441702,0.3231615373201573,0.32317165444766127,0.45550587918079455,0.45618210440222284,0.3124412838688352,0.35070771666146394
0.34944727544604715,0.42829664078414975,0.27235038528393907,0.30275551204244555,0.4123741315333922,0.4589039260238422,0.41211433388529806,0.31320238496298825,0.33698612525789196,0.3041276247177628,0.5052648428702147,0.3022563321089151,0.5643260778791085,0.2978239051777333,0.29641128416786744,0.41518365084714925,0.3417499179939312,0.5350113484606482,0.5411003516397006,0.4120987905700869,0.523825355059023,1.0,0.6797532960517343,0.36417008485417157,0.352185491451669,0.29751622896637453,0.5145202634165817,0.30644074882529204,0.3319459319699204,0.3378443400255776,0.28317022894919364,0.4911926169307306,0.0,0.6206959385789492,0.43814580309637596,0.3099276717888033,0.3960553807477971,0.4830012074693054,0.2856838924293421,0.521731536889113,0.2848669773576389,0.43518265214450846,0.5222061055621754,0.30785040793046714,0.30822267847993656,0.31090417087720346,0.4319990974717086,0.4316222712445945,0.29978423464469606,0.34118638333264073
0.3762088888505841,0.4644452624169795,0.2899319417318691,0.33119893000107314,0.44496853464658626,0.44719831526935716,0.45426206575169314,0.3394756069525322,0.3629367084476144,0.32549819249180256,0.5271562760191735,0.32614809629880126,0.5821465899372296,0.3231633319897489,0.3220296283694818,0.44648964324513407,0.36704125727090864,0.5744438653162416,0.5165062199566582,0.45519462577116176,0.5732137363996518,0.6797532960517343,1.0,0.39259443899236846,0.3637377091213475,0.3155170339412554,0.5640869201693426,0.3302633267786491,0.35746734970806315,0.3594448380285986,0.3093225613598043,0.5140989472331303,0.0,0.6677001406163106,0.4666770735905985,0.33676344314654083,0.43444583596872666,0.5227296045562068,0.310695661590774,0.5568206063739438,0.30872608433141413,0.46429133965885816,0.553040121570306,0.3311723209570946,0.33564171015396915,0.3313114247279231,0.461975340610284,0.46373898245143275,0.3219053150865322,0.36810214408853936
0.3537754428352152,0.48918396371664297,0.24341357937168828,0.2951409701492025,0.4086775689127087,0.47911717666343023,0.35244514443768193,0.323507695343654,0.31963435954467356,0.29716126107802066,0.4239254604728204,0.3158623868434228,0.41081891739195886,0.27617640239536245,0.28548781380302524,0.35830723716602275,0.5796942889733645,0.3936013959907415,0.3548340868836797,0.34519737701724273,0.38634979898674493,0.36417008485417157,0.39259443899236846,1.0,0.6016659842984045,0.5594675238849924,0.39777678385346993,0.2792798796133368,0.3041579584791956,0.3254073352230836,0.2754168068986189,0.44810369222591584,0.0,0.40692164953065335,0.5234334611679863,0.28994714348934536,0.3395313129086329,0.3927140349045388,0.2787417413637606,0.4043351006746546,0.281792713614336,0.43682515988944026,0.3979647291591698,0.30846006495737455,0.31870582188552166,0.2844926781302721,0.4530400205391728,0.4362464491429112,0.27920240825817655,0.3086164608828885
0.33316000595346384,0.46378650648711484,0.22645567953380707,0.29061198532570354,0.38105593422295236,0.478411584882534,0.32491589217929484,0.2999161325268611,0.295589823575809,0.2802163159207778,0.37522875089030605,0.2981905722394085,0.3634785754254951,0.2623557568763931,0.2743843967521781,0.3362374247651947,0.5721959404820257,0.3574357281628572,0.3353301308316968,0.3219230075009768,0.35107082841349246,0.352185491451669,0.3637377091213475,0.6016659842984045,1.0,0.5749240282695975,0.3514708496758264,0.26009535192948996,0.28026492642571,0.2940182625506951,0.26155474417028457,0.4666292137127388,0.0,0.37285604768698166,0.4843648398726339,0.26552270034311143,0.31871615577619195,0.366802759756638,0.26319305967279394,0.3670457246832436,0.26445801421947,0.39812257446650434,0.3654463042153062,0.3076518515306903,0.3031040186410975,0.2833228219956574,0.42179863632726755,0.4083459000978593,0.2677990372522745,0.2886850151126604
0.29291875972990755,0.3650112947063028,0.19921868693509037,0.24991233652629175,0.3496229216468155,0.37175293596120307,0.282862409021008,0.26720115359333596,0.25958929236023776,0.2416085047453802,0.33255227521581954,0.26612608922784353,0.3246690304555193,0.2294551208656349,0.23647465787104094,0.29217229158314517,0.6212427757324459,0.31582971995224396,0.28268750932777464,0.2814572111725828,0.3142079474738124,0.29751622896637453,0.3155170339412554,0.5594675238849924,0.5749240282695975,1.0,0.31216111833909144,0.22693338841097666,0.2499297398118342,0.2652675937169998,0.22737243488157022,0.39334502510989044,0.0,0.3304491009188415,0.38891062279005895,0.2357215508332715,0.2781261642630898,0.31881551597931446,0.2389985559603418,0.33272036879234357,0.23068225485827742,0.3480245550093388,0.3150846016119797,0.274298422439053,0.26746764662366895,0.23963244975305686,0.38209401225687734,0.3603480294231528,0.2336135466882001,0.25764216556206554
0.3658334547895491,0.46532992136011875,0.2876988547901066,0.31736555032514424,0.44767070528953645,0.4274223068031796,0.41331138355749863,0.32854563702807493,0.36565296305237716,0.32707382745390423,0.5431875415731566,0.3179934210885367,0.5698801692657505,0.317964095125715,0.31407037553189143,0.41051358863271736,0.3501136104059056,0.5394476523076124,0.4799645040483693,0.4152031263360819,0.5418094838487708,0.5145202634165817,0.5640869201693426,0.39777678385346993,0.3514708496758264,0.31216111833909144,1.0,0.3205184996853291,0.35140482592930067,0.36067481639284904,0.30586062200694764,0.5056014362613572,0.0,0.5363357280135703,0.4605238093930384,0.32223827181419507,0.39729763451654865,0.5968033251020751,0.28692080137763865,0.5781934439317804,0.3059971402212668,0.45909341653441016,0.6347729053499792,0.3220663333364977,0.32107435184237043,0.3302532866292778,0.45919529151381655,0.45893795722397535,0.32139756245157514,0.36011084525513304
0.3444667114457447,0.3434599342847604,0.2717281622616785,0.5436872829218928,0.2966950844591505,0.31427294234674574,0.3088430841860984,0.7015011512388865,0.32804528626352436,0.5395682465290599,0.33408577858167887,0.5194667560138588,0.32985113532055,0.5487986929226014,0.5218477751099031,0.313537572145274,0.25860298602522547,0.3264040623147286,0.29473534222238607,0.3125875854679393,0.31818573158074126,0.30644074882529204,0.3302633267786491,0.2792798796133368,0.26009535192948996,0.22693338841097666,0.3205184996853291,1.0,0.36448758718856333,0.33207294228652284,0.5056971439056748,0.31427779473379946,0.0,0.32148734683058755,0.31912915478482673,0.4489538555247201,0.2957573969210483,0.33356966601499616,0.4376206912785714,0.3275630345354409,0.5120617636625209,0.32459502028995546,0.3244286333016293,0.7681832627547682,0.7645446144353807,0.3418578075530514,0.32407624263938506,0.3245889617701343,0.5103440787416251,0.3600361007165913
0.39611692799405684,0.3611857364047447,0.30321239907280284,0.34798347579431854,0.3265325720404403,0.34176627351266753,0.3416872187601959,0.3659094175403115,0.3772083180704776,0.3638904776916051,0.35956122492062736,0.36640719077258266,0.35870822634890465,0.351152041526821,0.34968612652656716,0.3477097392298486,0.28239213934542373,0.35335785806694897,0.3167708329318424,0.3457762886448553,0.3384713721314411,0.3319459319699204,0.35746734970806315,0.3041579584791956,0.28026492642571,0.2499297398118342,0.35140482592930067,0.36448758718856333,1.0,0.3789817130612956,0.338861183273817,0.3361976299078324,0.0,0.34843971072463464,0.34457738942906624,0.35672613722057733,0.32780614351905446,0.34177017968470313,0.32892249644981375,0.35627067598173845,0.33339871147054323,0.34369904938224594,0.35300192051873247,0.3546890771047505,0.36557125986776906,0.4150695158872967,0.3445607024531451,0.34452108314078556,0.35534455606624515,0.6272546873640759
0.4432807739477651,0.3706192421488982,0.31570970308741264,0.32996644516050655,0.3466167710769633,0.34174333928391787,0.3515904104401981,0.3412184485009728,0.46027021157353787,0.3486617162613824,0.37779694293133403,0.3327924811291124,0.380063316418649,0.3284106347079412,0.32813813290794847,0.3697919972100715,0.2955537699868316,0.36239779421221363,0.32418940135465557,0.3548550634646067,0.35701158857985227,0.3378443400255776,0.3594448380285986,0.3254073352230836,0.2940182625506951,0.2652675937169998,0.36067481639284904,0.33207294228652284,0.3789817130612956,1.0,0.32198814843304935,0.34085510026308463,0.0,0.3548119381496949,0.36092136814121045,0.3274524503041506,0.3415077494104103,0.35224153057717367,0.2882490193578342,0.3830578841608776,0.32755851460077745,0.3567176006536339,0.36418913862498825,0.3307642105999632,0.3313436841103944,0.37606860709472256,0.3639256206359228,0.36331141412261747,0.33263605164913246,0.3998754908494042
0.31505286734581706,0.31912227071463295,0.25405433064902616,0.5340532408138277,0.3096410893444095,0.2967594249692965,0.2903818513523374,0.5092819033573852,0.32740993457216083,0.5534553871037986,0.3153153890670971,0.47949242379104884,0.32054271158943204,0.5222590639510905,0.5312332324310935,0.3076906616665096,0.25293244766045364,0.30267687220503203,0.2756175922127415,0.29126954938498584,0.29694679776474575,0.28317022894919364,0.3093225613598043,0.2754168068986189,0.26155474417028457,0.22737243488157022,0.30586062200694764,0.5056971439056748,0.338861183273817,0.32198814843304935,1.0,0.3059924420100164,0.0,0.3009162594922413,0.3044018235139381,0.4233059784300125,0.2839896104397748,0.30048653243197154,0.4035808272224285,0.30973272360444715,0.6542155286207303,0.3013542535689372,0.3041155570405585,0.4975152116103613,0.4974004071035708,0.3233193971181477,0.3077157515466775,0.3066789692063816,0.47142399125579726,0.34241994601664427
0.3660217074971883,0.4434661578488417,0.2665438401697118,0.3371294452414846,0.4680133222796987,0.43988612594653864,0.38806118828935454,0.3383313385688633,0.34977140760995273,0.3243732288187279,0.4892808847011195,0.3272198628002826,0.5259194222138444,0.31327561820339855,0.3266315428829888,0.3977054316196912,0.4518124455905337,0.48268578733497747,0.48009168333684493,0.38718048276026273,0.4891810828073977,0.4911926169307306,0.5140989472331303,0.44810369222591584,0.4666292137127388,0.39334502510989044,0.5056014362613572,0.31427779473379946,0.3361976299078324,0.34085510026308463,0.3059924420100164,1.0,0.0,0.5026883076741783,0.442924825952951,0.30827152048944073,0.38291050968203544,0.5074912736771605,0.2936022069390347,0.5144924352232826,0.3059474570483022,0.4417362697423992,0.5178972134781141,0.3242602512224714,0.3352089207186706,0.3193885227041622,0.45739574503213243,0.4549999624388612,0.3006372723385443,0.3417389160154919
0.0,0.0,0.0,0.0,0.0,0.0,0.0,0.0,0.0,0.0,0.0,0.0,0.0,0.0,0.0,0.0,0.0,0.0,0.0,0.0,0.0,0.0,0.0,0.0,0.0,0.0,0.0,0.0,0.0,0.0,0.0,0.0,1.0,0.0,0.0,0.0,0.0,0.0,0.0,0.0,0.0,0.0,0.0,0.0,0.0,0.0,0.0,0.0,0.0,0.0
0.37496807855030445,0.45495231987614937,0.2861013147463599,0.3181529751013237,0.4501217977306333,0.4441263573943546,0.4234376396544728,0.33459311394578717,0.3561672763664542,0.3207078817889345,0.5212199467455807,0.32100136242282695,0.5677324938352802,0.3127071882826491,0.3113948273045446,0.4175963373105368,0.3822442663156628,0.5305494773490083,0.4802016870147361,0.41984014670323855,0.5381158665939563,0.6206959385789492,0.6677001406163106,0.40692164953065335,0.37285604768698166,0.3304491009188415,0.5363357280135703,0.32148734683058755,0.34843971072463464,0.3548119381496949,0.3009162594922413,0.5026883076741783,0.0,1.0,0.4696732617700148,0.33638177077472786,0.40148428444367046,0.5073780865714201,0.3249552056424151,0.5485603693354184,0.30063222998355776,0.4601124459737661,0.553938297380993,0.32399970659092836,0.33394227397569587,0.32199240935032736,0.4617982395112158,0.46061073151099396,0.3125371222507003,0.3563841547403327
0.37171354623864494,0.5893648784467441,0.27753660857530305,0.3170349024078718,0.4287683387608229,0.5570878452952728,0.4107831129068453,0.33361529215939223,0.3568047472735405,0.32467298294142943,0.48563248459618324,0.32572547566553856,0.47327522211349604,0.3167179651024391,0.31453622533416303,0.40921269894470513,0.43295544959200905,0.4671965216213463,0.4242560569246502,0.4060672465459859,0.4592739970111589,0.43814580309637596,0.4666770735905985,0.5234334611679863,0.4843648398726339,0.38891062279005895,0.4605238093930384,0.31912915478482673,0.34457738942906624,0.36092136814121045,0.3044018235139381,0.442924825952951,0.0,0.4696732617700148,1.0,0.32254788785013244,0.38591325492995177,0.44906927109839345,0.31064520873115065,0.4736762050964287,0.3084547778430524,0.5136852647278849,0.47326855054198635,0.32142577804326444,0.3294909366231473,0.3156139376455188,0.5087962559808339,0.507136531853828,0.31461064904302594,0.348629802939029
0.3361614740119129,0.3209756921497189,0.26843602064928695,0.4427006801036786,0.2935926391709346,0.3179165670994485,0.33040033280010883,0.4497213437756368,0.3314118885285894,0.4551369802363563,0.33675868424330435,0.43804028991086696,0.3259560027861462,0.4416822595473592,0.44061488880463673,0.3286391928763278,0.26398384134470976,0.3380932661825554,0.30180652689854837,0.32821246395225845,0.3274528365662852,0.3099276717888033,0.33676344314654083,0.28994714348934536,0.26552270034311143,0.2357215508332715,0.32223827181419507,0.4489538555247201,0.35672613722057733,0.3274524503041506,0.4233059784300125,0.30827152048944073,0.0,0.33638177077472786,0.32254788785013244,1.0,0.31733528126631605,0.3157896254783559,0.4282760765733873,0.3283631114692398,0.42816376276891643,0.32617613918775024,0.32197777704897357,0.44520657010895615,0.45646262681010863,0.32825685624639156,0.32012252790679685,0.31930099618973773,0.4448553739187461,0.36037975631160335
0.35357311890046683,0.382890132050716,0.2682986750724068,0.3070301602816179,0.3637669629336424,0.3797601725199913,0.8065792056286438,0.31089657875115595,0.3503912253593149,0.3073143864780181,0.39939981120097146,0.2985329483911613,0.4001601509130489,0.2943996468963116,0.29870228463094817,0.7375224021633642,0.3094653839156366,0.43175163793126503,0.3801805010498581,0.8174352313782499,0.4231860882429178,0.3960553807477971,0.43444583596872666,0.3395313129086329,0.31871615577619195,0.2781261642630898,0.39729763451654865,0.2957573969210483,0.32780614351905446,0.3415077494104103,0.2839896104397748,0.38291050968203544,0.0,0.40148428444367046,0.38591325492995177,0.31733528126631605,1.0,0.37856269321247593,0.2839979939743018,0.3903858956356503,0.2867205566721638,0.38863705864630027,0.396077861833388,0.2959673131830515,0.3015728840378311,0.30507130603937715,0.3750849244005843,0.37647431242333484,0.294982921067274,0.33671832865283335
0.37021005576405186,0.4761384232932161,0.28087711035868224,0.316894659524505,0.46127915509179873,0.43965320616959813,0.3905370669213263,0.33887382432833557,0.3545502879511262,0.32568860039323166,0.5320817796280053,0.3201095431772958,0.5322604686894908,0.3194652009690486,0.31528218729296875,0.39777316067083635,0.35488008533576865,0.4973158016232907,0.4490519308034858,0.39335248515560794,0.5047586988575925,0.4830012074693054,0.5227296045562068,0.3927140349045388,0.366802759756638,0.31881551597931446,0.5968033251020751,0.33356966601499616,0.34177017968470313,0.35224153057717367,0.30048653243197154,0.5074912736771605,0.0,0.5073780865714201,0.44906927109839345,0.3157896254783559,0.37856269321247593,1.0,0.3000726428897317,0.5490359174472581,0.31065508896578586,0.4606224842717198,0.6369238127714186,0.3351036222932642,0.335852643929174,0.3308082709020056,0.4702734759112357,0.47078686516182655,0.3272936252414038,0.3531275555386716
0.32056534098605327,0.29527871696982555,0.24235640054471175,0.43736836406651847,0.330431779862697,0.3063535379974661,0.30119816252371934,0.4511285332497049,0.2943219623415285,0.4507538089698494,0.3159074973529574,0.4363466741383838,0.30400325192348143,0.42202895553642095,0.4272427303420856,0.2931677300505594,0.27302084379488,0.30900660944992775,0.27819085605806737,0.2969924442437656,0.2937999854528587,0.2856838924293421,0.310695661590774,0.2787417413637606,0.26319305967279394,0.2389985559603418,0.28692080137763865,0.4376206912785714,0.32892249644981375,0.2882490193578342,0.4035808272224285,0.2936022069390347,0.0,0.3249552056424151,0.31064520873115065,0.4282760765733873,0.2839979939743018,0.3000726428897317,1.0,0.29946508336173916,0.4154700013698943,0.3071240241152966,0.30160439348656376,0.4409408328210789,0.46040373602435913,0.30002813911074855,0.30100085330697623,0.29981695627639804,0.42093427397507865,0.32488368021819847
0.37679891650746145,0.4766845780811786,0.2964344172940845,0.31830131619826074,0.46671681842816115,0.4460890173464831,0.40801747385563414,0.336183353589915,0.37205096476785793,0.3345821012010196,0.5735149754991218,0.32496429460849097,0.580542522799054,0.32081417853534056,0.3164600530682167,0.4135961972112969,0.3671084809369023,0.5366653111004028,0.484092779850095,0.411738844453607,0.5426788623184196,0.521731536889113,0.5568206063739438,0.4043351006746546,0.3670457246832436,0.33272036879234357,0.5781934439317804,0.3275630345354409,0.35627067598173845,0.3830578841608776,0.30973272360444715,0.5144924352232826,0.0,0.5485603693354184,0.4736762050964287,0.3283631114692398,0.3903858956356503,0.5490359174472581,0.29946508336173916,1.0,0.30958795759613134,0.4728112459948648,0.576723215943741,0.3253165342056178,0.33227865082648866,0.3422522527821372,0.49265350888013126,0.4911952776008224,0.3263053260921658,0.3740399122346545
