../ecoli_genomes/GCF_000163235.1_ASM16323v1_genomic.fna.gz,../ecoli_genomes/GCF_000164555.1_ASM16455v1_genomic.fna.gz,../ecoli_genomes/GCF_000208545.1_ASM20854v2_genomic.fna.gz,../ecoli_genomes/GCF_000233875.1_ASM23387v1_genomic.fna.gz,../ecoli_genomes/GCF_000249735.1_ASM24973v2_genomic.fna.gz,../ecoli_genomes/GCF_000261145.1_Esch_coli_M919_V2_genomic.fna.gz,../ecoli_genomes/GCF_000267705.2_ASM26770v2_genomic.fna.gz,../ecoli_genomes/GCF_000350665.1_Esch_coli_KTE5_V1_genomic.fna.gz,../ecoli_genomes/GCF_000351625.1_Esch_coli_KTE66_V1_genomic.fna.gz,../ecoli_genomes/GCF_000352285.1_Esch_coli_KTE46_V1_genomic.fna.gz,../ecoli_genomes/GCF_000358895.1_ASM35889v1_genomic.fna.gz,../ecoli_genomes/GCF_000456385.1_Esch_coli_HVH_26_4-5703913_V1_genomic.fna.gz,../ecoli_genomes/GCF_000458195.1_Esch_coli_HVH_147_4-5893887_V1_genomic.fna.gz,../ecoli_genomes/GCF_000459755.1_Esch_coli_KOEGE_58_171a_V1_genomic.fna.gz,../ecoli_genomes/GCF_000460055.1_Esch_coli_UMEA_3053-1_V1_genomic.fna.gz,../ecoli_genomes/GCF_000462165.2_ASM46216v2_genomic.fna.gz,../ecoli_genomes/GCF_000601135.1_ASM60113v1_genomic.fna.gz,../ecoli_genomes/GCF_000614595.1_Ec2010EL1058_genomic.fna.gz,../ecoli_genomes/GCF_000617745.1_Ec2010C-4529_genomic.fna.gz,../ecoli_genomes/GCF_000618265.2_EcF6751_genomic.fna.gz,../ecoli_genomes/GCF_000619005.2_Ec2009C-4052_genomic.fna.gz,../ecoli_genomes/GCF_000619105.1_Ec2009C-4780_genomic.fna.gz,../ecoli_genomes/GCF_000619765.2_Ec2009C-3279_genomic.fna.gz,../ecoli_genomes/GCF_000687005.1_ASM68700v1_genomic.fna.gz,../ecoli_genomes/GCF_000687025.1_ASM68702v1_genomic.fna.gz,../ecoli_genomes/GCF_000700125.1_ASM70012v1_genomic.fna.gz,../ecoli_genomes/GCF_000753315.1_FHI35_genomic.fna.gz,../ecoli_genomes/GCF_000776375.1_ASM77637v1_genomic.fna.gz,../ecoli_genomes/GCF_000779395.1_ASM77939v1_genomic.fna.gz,../ecoli_genomes/GCF_000780315.1_ASM78031v1_genomic.fna.gz,../ecoli_genomes/GCF_000781995.1_ASM78199v1_genomic.fna.gz,../ecoli_genomes/GCF_000986765.1_ASM98676v1_genomic.fna.gz,../ecoli_genomes/GCF_001041375.1_ViralProj287958_genomic.fna.gz,../ecoli_genomes/GCF_001265335.1_302014_genomic.fna.gz,../ecoli_genomes/GCF_001265625.1_100854_genomic.fna.gz,../ecoli_genomes/GCF_001267345.1_303289_genomic.fna.gz,../ecoli_genomes/GCF_001309985.1_ASM130998v1_genomic.fna.gz,../ecoli_genomes/GCF_001521695.1_ASM152169v1_genomic.fna.gz,../ecoli_genomes/GCF_001592595.1_ASM159259v1_genomic.fna.gz,../ecoli_genomes/GCF_001614975.1_ASM161497v1_genomic.fna.gz,../ecoli_genomes/GCF_001692775.1_ASM169277v1_genomic.fna.gz,../ecoli_genomes/GCF_001748915.1_ASM174891v1_genomic.fna.gz,../ecoli_genomes/GCF_001749235.1_ASM174923v1_genomic.fna.gz,../ecoli_genomes/GCF_001881155.1_ASM188115v1_genomic.fna.gz,../ecoli_genomes/GCF_001881345.1_ASM188134v1_genomic.fna.gz,../ecoli_genomes/GCF_001892405.1_ASM189240v1_genomic.fna.gz,../ecoli_genomes/GCF_001892585.1_ASM189258v1_genomic.fna.gz,../ecoli_genomes/GCF_001893985.1_ASM189398v1_genomic.fna.gz,../ecoli_genomes/GCF_002001595.1_ASM200159v1_genomic.fna.gz,../ecoli_genomes/GCF_002002145.1_ASM200214v1_genomic.fna.gz
1.0,0.3726998245548925,0.31827572101813684,0.3271405088864179,0.330422416033222,0.34279404968086413,0.3454887325200461,0.33505275748703944,0.4385545537040112,0.3469743757274457,0.37788640198302403,0.33507815178127653,0.3678230296147015,0.323363839474497,0.3134036443639556,0.3533851206088976,0.31580139433466914,0.3715614550498473,0.33144296680948826,0.3539822468444802,0.3490062988041489,0.3241073484830803,0.363552398192844,0.32219260241138115,0.3311888205276242,0.32314906505193897,0.3629804667312363,0.32832230386563455,0.39547995702826144,0.44063795593697774,0.30399384532754004,0.35607384256389074,0.0,0.3484075224696336,0.35510116097362565,0.33180729453906754,0.33527681743551807,0.3710365475840468,0.2648680137916746,0.37295116614683754,0.3131442435584494,0.35767725199667866,0.37310552436762623,0.33121595671318993,0.3446466438814332,0.3608766177149021,0.35957663129269,0.35923148859923193,0.3252433762099963,0.397815903808991
0.3726998245548925,1.0,0.30443898932781266,0.32537150815783444,0.4129847189363737,0.5285334219821759,0.3868078437282034,0.33600129596117356,0.3578704978596292,0.3412296060183667,0.47384234031213557,0.340276836810961,0.46207525592805365,0.3188893853475411,0.31611628074747244,0.3961268553118633,0.45315435316521324,0.46401761042025946,0.4096590043254912,0.4015964124083078,0.44440986174570074,0.3982752070114951,0.4586233842637901,0.5173418313038034,0.5536649309953832,0.4797126340033874,0.45984113636118296,0.3313940588208957,0.36606464972638486,0.3583844968055325,0.307498845567157,0.44581349080755706,0.0,0.43683131623434646,0.5820795923470415,0.31976162623651794,0.3775902270758308,0.4730036066883766,0.192597681366667,0.46782097161347447,0.3115676497255182,0.5024311496048023,0.4650449202267314,0.3432531383074623,0.3440576391200999,0.3391826020405134,0.5170523512187568,0.5179831509411645,0.34091548125501137,0.3607539532891696
0.31827572101813684,0.30443898932781266,1.0,0.2653487399186971,0.25980682702220903,0.2655538920730377,0.27615022038585135,0.2700875646705827,0.31484560817798246,0.274715317880888,0.30853521821785845,0.2650408464743709,0.29833111083402475,0.2639683347037064,0.2615676462274661,0.28287893792443464,0.25065753237361255,0.29590939951535433,0.2637547489338865,0.28642959815778557,0.28794498226810417,0.263143891838754,0.2956845630708278,0.25506979603491,0.2659056867442242,0.2629731420139415,0.29514480667832477,0.26892177645513304,0.3111396021773941,0.3127342926509561,0.25063507514228456,0.27922465182048284,0.0,0.28888184998558175,0.28315428614875315,0.27223097561686116,0.2686010311538205,0.29361055146685144,0.1618274022942504,0.30390492653761303,0.25740972044485266,0.28775410535676493,0.30419921131128735,0.27577443584211403,0.27104430274078883,0.2907552645572843,0.29343533991472137,0.2917818520536951,0.27692543386910773,0.31384767603780916
0.3271405088864179,0.32537150815783444,0.2653487399186971,1.0,0.2965719615409357,0.2974518048654323,0.3033675489331471,0.524131971799886,0.3290995245257896,0.545534692883036,0.3251395009440422,0.541262163136055,0.3245301249320942,0.5811510052180957,0.595240101692899,0.30746309225935287,0.28313844190331616,0.3194165271409083,0.2928648263992961,0.31006380407097345,0.3070946994198295,0.28202790178944714,0.3306362919226291,0.2815839235863685,0.3006220835028991,0.29382034908606103,0.31756641852319056,0.5537994304105716,0.35000751851688106,0.3221297908035625,0.5218129720433566,0.3282876615155427,0.0,0.30300672771722104,0.30728503705339094,0.4521164292712776,0.29690648674252407,0.31522731135777704,0.30620615338152635,0.3155932234422003,0.5516689211662069,0.30752332354031675,0.31858443033314154,0.5586124881775085,0.548903094795622,0.3437521236878399,0.3109894450550158,0.31041428017666306,0.4960366004780641,0.35821963970771975
0.330422416033222,0.4129847189363737,0.25980682702220903,0.2965719615409357,1.0,0.4062284811793009,0.3421472307395149,0.29929632535015493,0.33031512062498747,0.3118671102544579,0.505711314857821,0.29321561373081106,0.47552749879068246,0.29132478179477694,0.3038806982783687,0.363259335215079,0.4520477748689824,0.42889286683443517,0.39759555817630443,0.35149604700671455,0.43408573042369847,0.37986532177140064,0.4375839326117903,0.4440749850772179,0.44058149627638143,0.42486740318440064,0.443604987761142,0.2843460768283659,0.34405291227832124,0.3311944767596742,0.2859531264600248,0.46877581757794373,0.0,0.4430308197385332,0.4188401354318393,0.2836261146102905,0.3478945377717517,0.490907877063514,0.20735141887342912,0.45962087327698053,0.29940589994975075,0.42262763667398173,0.4589091007689394,0.2932601452417031,0.29943282827470075,0.30855548538027444,0.4369187267154635,0.4357580396139815,0.28964319163136176,0.32936600682378847
0.34279404968086413,0.5285334219821759,0.2655538920730377,0.2974518048654323,0.4062284811793009,1.0,0.3741853684629781,0.31020026868167694,0.32869378005896943,0.30839242641279585,0.42964165390620834,0.2950065367190031,0.42141702954003535,0.29231919839171705,0.2903353390624922,0.383034058563521,0.43695840658932006,0.4370989715362321,0.39771307661630273,0.3764641655899117,0.4047067530719276,0.4749071767811811,0.42729869457711667,0.48332579898715256,0.5122651191377623,0.4314497376062014,0.41209956038014395,0.2952274588006285,0.345016776052936,0.3243190642039543,0.27990574708975124,0.42021928271629294,0.0,0.4190251860608697,0.5315191589014656,0.30529766958688787,0.36090771559615475,0.43291235415312956,0.1957873208859161,0.4322742034527147,0.2868671606920945,0.468252107188905,0.42446307753904233,0.30222015308265027,0.3084191079826877,0.31525478858999034,0.479928448579808,0.4816352531806509,0.29807551204859606,0.34342893587156254
0.3454887325200461,0.3868078437282034,0.27615022038585135,0.3033675489331471,0.3421472307395149,0.3741853684629781,1.0,0.3039019960439834,0.35085160468695475,0.30512832807806856,0.4020807484693548,0.2934567144199356,0.3942422889320726,0.2940218266300998,0.2891572698685384,0.7791939013980028,0.3364988137209035,0.4254988398548404,0.3876871450536079,0.8319770084739434,0.42210391184900864,0.39093686168258357,0.43226372895098575,0.34973342808242924,0.36245116420299583,0.3846152419523604,0.40066890009681644,0.2937833670477509,0.33786573382643403,0.34532007576002166,0.2787604065676278,0.3757872557716476,0.0,0.3921559486769567,0.39782973614322237,0.3132767249988532,0.8029307817217036,0.379953242742623,0.1895713538642937,0.3956982311719506,0.28320548339882057,0.38835954324955246,0.39643128076100576,0.3016991466355825,0.30035463441975785,0.31482889436869155,0.38598222467309296,0.38394940008725764,0.2970567484639367,0.3451539462267278
0.33505275748703944,0.33600129596117356,0.2700875646705827,0.524131971799886,0.29929632535015493,0.31020026868167694,0.3039019960439834,1.0,0.3307924931002486,0.5370005386706884,0.33182002474892347,0.513011596887263,0.33311330708740683,0.5148005893786101,0.505266945427159,0.30839747884402346,0.28003260785281137,0.3244876612971498,0.30188780157037187,0.3129158048262666,0.3122265630080161,0.28926411116859296,0.32879482568278107,0.2978315805428958,0.3009682620551011,0.29726990112624496,0.3251010700154122,0.6850519443838874,0.3606240383904047,0.3241573791575364,0.4915731741121204,0.3194170403194485,0.0,0.31772950132622935,0.317633166788894,0.4459753448712218,0.29421169924144763,0.33916617340290267,0.29254390015104736,0.32957494927300024,0.5121425742282268,0.316151855402361,0.32805064256285077,0.7087117476023016,0.6734074048344446,0.3435256652480354,0.31782609924841554,0.3164075136216006,0.4877681526587655,0.35846572998073956
0.4385545537040112,0.3578704978596292,0.31484560817798246,0.3290995245257896,0.33031512062498747,0.32869378005896943,0.35085160468695475,0.3307924931002486,1.0,0.3447347986106315,0.37968571578978727,0.32248715650428117,0.37423736699568677,0.32613434365140925,0.32641515691958434,0.36113669151115046,0.31037501835352554,0.36767312834331556,0.3256886991070147,0.3644964525307385,0.3519049612949019,0.3232758079366075,0.36685847950931927,0.32086669192313055,0.3314732944284763,0.32715817235991773,0.36675966526794956,0.31892389693026824,0.3905233868841458,0.46044875369036353,0.31512558670608193,0.34810431365377725,0.0,0.3489479027095268,0.35155356112809466,0.3361790019570261,0.34654465231679343,0.3566452704441906,0.20659808264934176,0.3731655596576392,0.3222812236742695,0.36279966978433975,0.3758443626209711,0.3290086905296479,0.32285217360530394,0.3648155784832119,0.35775663322139917,0.35593917678683695,0.32569976592510896,0.3991115425943018
0.3469743757274457,0.3412296060183667,0.274715317880888,0.545534692883036,0.3118671102544579,0.30839242641279585,0.30512832807806856,0.5370005386706884,0.3447347986106315,1.0,0.34456387970845526,0.5176341717041284,0.343977872636693,0.5377495304208271,0.5322322219218312,0.31331110431856823,0.2867024899885007,0.32679212783388567,0.30257878233926905,0.31489002811714906,0.3142842370933444,0.29409500562588875,0.3240852545361773,0.29458496565410386,0.3104783165926265,0.30522748441659686,0.3292910153445048,0.5331727631507646,0.36327390731128983,0.33653246151079186,0.535399299844266,0.32222496506021414,0.0,0.3103158681648709,0.31745409026223625,0.46895641933760135,0.30067453261394594,0.3263553160942202,0.30196363302177764,0.33299757453558565,0.5552724955172155,0.3193673433573032,0.3315171558298522,0.5455913148068199,0.5464191167037955,0.3440792276344762,0.32438421388609806,0.3229424231089475,0.514892409748165,0.3586774667149234
0.37788640198302403,0.47384234031213557,0.30853521821785845,0.3251395009440422,0.505711314857821,0.42964165390620834,0.4020807484693548,0.33182002474892347,0.37968571578978727,0.34456387970845526,1.0,0.32334734433335144,0.5777833337353137,0.32682488308514,0.3199091372462255,0.41288498530754436,0.4050247115979463,0.5402176759633786,0.4895139028720098,0.41604816156017943,0.5236401521651012,0.4849511589148259,0.5401872508033024,0.42218050875105717,0.4278520099214307,0.4424649639364323,0.5441076074934115,0.32654316217731083,0.3673851229748327,0.3740002144026874,0.31024503155447924,0.5003121795769098,0.0,0.5090357131944614,0.47158707906730435,0.3342260087757736,0.39434999878152865,0.5280910102276148,0.20598264002519606,0.5702963812547849,0.31745786074629667,0.48985140798692983,0.5543835436324771,0.3334726589914906,0.33127401866740236,0.34115593304097647,0.4914214558803358,0.48853160264375084,0.3345546961204855,0.3694424449717546
0.33507815178127653,0.340276836810961,0.2650408464743709,0.541262163136055,0.29321561373081106,0.2950065367190031,0.2934567144199356,0.513011596887263,0.32248715650428117,0.5176341717041284,0.32334734433335144,1.0,0.3237886352707675,0.5285256849332871,0.6251679373420203,0.29942577230831924,0.2763973548629224,0.3115346677463249,0.29156141091208776,0.30164790791023366,0.3077592093476357,0.27878373659697775,0.3195835443546471,0.2862903463689286,0.293993721782858,0.292106021346921,0.3144072242258318,0.5171811750203918,0.35652504919059547,0.3220777574426539,0.466322862157048,0.31304220026198715,0.0,0.3063595413537942,0.31222493544581487,0.43590188874144553,0.2854824616095545,0.3213468008720376,0.28830822830091374,0.321311378493758,0.49751921927295106,0.3062655231658523,0.3212471793564112,0.5231958445326702,0.5259008397444942,0.3436633829132253,0.31527248794023577,0.314653503014104,0.4699082100973836,0.35054025403796407
0.3678230296147015,0.46207525592805365,0.29833111083402475,0.3245301249320942,0.47552749879068246,0.42141702954003535,0.3942422889320726,0.33311330708740683,0.37423736699568677,0.343977872636693,0.5777833337353137,0.3237886352707675,1.0,0.3205666124414789,0.32734694551702626,0.4098932066417028,0.4007214618290893,0.5453178639888372,0.5422217813132771,0.4088198822433834,0.5471448922628195,0.5306575263718785,0.589753852144695,0.41618753507934136,0.4219322640017147,0.42772671778042104,0.5743540116132094,0.3214027714365959,0.36114461919211494,0.3782964401393767,0.30784109172762486,0.5375768504561955,0.0,0.5552799827113236,0.462520354582976,0.3214362766729061,0.39281841377296545,0.5413188034306671,0.19624293877551713,0.5865733911299926,0.3176907376543783,0.47426290697690066,0.5751315694246693,0.3271641885780565,0.32188656017104444,0.3331752967743965,0.47641852384051964,0.4731703706072884,0.3222077800634906,0.3653841529762787
0.323363839474497,0.3188893853475411,0.2639683347037064,0.5811510052180957,0.29132478179477694,0.29231919839171705,0.2940218266300998,0.5148005893786101,0.32613434365140925,0.5377495304208271,0.32682488308514,0.5285256849332871,0.3205666124414789,1.0,0.5842371199965928,0.29834709999796805,0.2719990780015591,0.3137962887152598,0.28953194568384644,0.30270315259562475,0.3007916197393533,0.2834463212128395,0.32111637772593726,0.2733873153958527,0.2867242886953184,0.28580564606912173,0.3149501754688523,0.5494855983870071,0.35223803375720997,0.3176421139045038,0.5183480460702805,0.3101259381469095,0.0,0.29898829260043613,0.30458389708465716,0.4506308542053381,0.2859382951008832,0.314198770821952,0.30346698090811286,0.31569669633630315,0.539236992922123,0.304241086848393,0.31695653948936897,0.5508770459240274,0.5387198567565218,0.33803341201283676,0.3072261790420905,0.30680999474087545,0.49407139437016656,0.354433396268395
0.3134036443639556,0.31611628074747244,0.2615676462274661,0.595240101692899,0.3038806982783687,0.2903353390624922,0.2891572698685384,0.505266945427159,0.32641515691958434,0.5322322219218312,0.3199091372462255,0.6251679373420203,0.32734694551702626,0.5842371199965928,1.0,0.2973285991745006,0.2819256814976331,0.3101333904818995,0.28199040808430853,0.29976538664744434,0.30076710240568383,0.27585074585774805,0.31830795725090555,0.27969522898101806,0.2942662297568148,0.2914473681549985,0.310327168618984,0.5212140595547435,0.34788094357562216,0.3181238984934246,0.516380205186427,0.3183364287737277,0.0,0.29729253492086904,0.30470842390595376,0.44313780155299265,0.2863837885582434,0.31194821722139165,0.2904243408071271,0.31513233892710124,0.5420709598706424,0.30388642189906334,0.31464695429366285,0.5259472611778412,0.5169134469002907,0.3385395414127067,0.3141439465538022,0.3127455495247561,0.47918620500321385,0.3588323223817289
0.3533851206088976,0.3961268553118633,0.28287893792443464,0.30746309225935287,0.363259335215079,0.383034058563521,0.7791939013980028,0.30839747884402346,0.36113669151115046,0.31331110431856823,0.41288498530754436,0.29942577230831924,0.4098932066417028,0.29834709999796805,0.2973285991745006,1.0,0.3473431214834962,0.4256304819006327,0.3907992501499781,0.7858758390658145,0.41413380466069016,0.39072358536467555,0.42794241400668864,0.3597056440991607,0.3783899978848574,0.3987770175085287,0.40438299239557085,0.2986171895036205,0.3448684238622354,0.36223752420450994,0.2824614534889519,0.3816170916546088,0.0,0.3914320700167434,0.4018913007276472,0.31820177222283397,0.7507185177816542,0.39000117157304715,0.1857404001354599,0.40266731738745754,0.29018963625412,0.3949995493228199,0.4034024807289722,0.30459061654353836,0.3050430865030297,0.32227298368131274,0.39583697602077683,0.3934526546762729,0.30621666391211644,0.3513477926708488
0.31580139433466914,0.45315435316521324,0.25065753237361255,0.28313844190331616,0.4520477748689824,0.43695840658932006,0.3364988137209035,0.28003260785281137,0.31037501835352554,0.2867024899885007,0.4050247115979463,0.2763973548629224,0.4007214618290893,0.2719990780015591,0.2819256814976331,0.3473431214834962,1.0,0.39406006078752853,0.3571375534206067,0.3440820589699465,0.3838929656460569,0.35133694146277983,0.40152006156777065,0.5618813151181159,0.525643285843832,0.4873852237580776,0.3925542592976228,0.27284670518760734,0.34867969577485347,0.30598160077599823,0.2653296641166082,0.47131482935709035,0.0,0.4007558461753663,0.4603909597148643,0.2796048320767245,0.33549925211506904,0.39223333256782467,0.1722025792694054,0.39865974768719414,0.26862666240252453,0.4381562650236951,0.399058683450906,0.2793822556114379,0.28895447785174355,0.29110313856998216,0.4519391006227089,0.45172748164425724,0.27433041609257725,0.31727484767201874
0.3715614550498473,0.46401761042025946,0.29590939951535433,0.3194165271409083,0.42889286683443517,0.4370989715362321,0.4254988398548404,0.3244876612971498,0.36767312834331556,0.32679212783388567,0.5402176759633786,0.3115346677463249,0.5453178639888372,0.3137962887152598,0.3101333904818995,0.4256304819006327,0.39406006078752853,1.0,0.5235350204645911,0.43776912567910076,0.5523824873595031,0.5001391554304667,0.5658193838683305,0.41177616422700036,0.41514274141749363,0.4198422428480173,0.5385587830242846,0.31851111329123283,0.36348482473556887,0.36835881521145786,0.29824669533336834,0.4941358541416263,0.0,0.5110225441617005,0.46281904592831,0.33810501399608706,0.41670033477119073,0.5061639924052403,0.1995860241949885,0.5393039719206756,0.30237597626066337,0.4727385066012606,0.532189807477619,0.3228477849260517,0.32024812694283133,0.3329375497310968,0.4743499299931322,0.47192922896963974,0.31542288284104747,0.36774432055738004
0.33144296680948826,0.4096590043254912,0.2637547489338865,0.2928648263992961,0.39759555817630443,0.39771307661630273,0.3876871450536079,0.30188780157037187,0.3256886991070147,0.30257878233926905,0.4895139028720098,0.29156141091208776,0.5422217813132771,0.28953194568384644,0.28199040808430853,0.3907992501499781,0.3571375534206067,0.5235350204645911,1.0,0.3944366158460997,0.5016791413889784,0.5028571660921147,0.5084604115492856,0.365035465231082,0.3771497362684252,0.3762400658992192,0.4864055393782567,0.29139889836151434,0.3210924428292914,0.3300175845907528,0.27274785887707464,0.4784968580401173,0.0,0.46112289531070016,0.41780314417081865,0.3012432332560534,0.37816102779453686,0.4593128588362879,0.1791998698262951,0.4904209631595542,0.2800807785508207,0.42233689687567644,0.48143360628311094,0.29771834463495483,0.29539422141786376,0.3040148453100785,0.41920961036318327,0.417174297927431,0.2892144884227492,0.3274906535335601
0.3539822468444802,0.4015964124083078,0.28642959815778557,0.31006380407097345,0.35149604700671455,0.3764641655899117,0.8319770084739434,0.3129158048262666,0.3644964525307385,0.31489002811714906,0.41604816156017943,0.30164790791023366,0.4088198822433834,0.30270315259562475,0.29976538664744434,0.7858758390658145,0.3440820589699465,0.43776912567910076,0.3944366158460997,1.0,0.4350501781860241,0.3807842156462814,0.4412388293323225,0.3581404206803458,0.3741829317549059,0.374501035670351,0.41513453934512046,0.3039352474510071,0.34863495215371876,0.3588279742704795,0.2887991663209536,0.3863538868607663,0.0,0.3997383354857851,0.40783484809948156,0.3236024368439887,0.802389195341886,0.39115092261560613,0.19318801783862227,0.4112373822359616,0.2933081671492822,0.4005369963835044,0.4106921899788787,0.3099108600894669,0.3066435884220293,0.3256011440591118,0.39898451611521313,0.39686385217307985,0.30772085855473075,0.3534668472508887
0.3490062988041489,0.44440986174570074,0.28794498226810417,0.3070946994198295,0.43408573042369847,0.4047067530719276,0.42210391184900864,0.3122265630080161,0.3519049612949019,0.3142842370933444,0.5236401521651012,0.3077592093476357,0.5471448922628195,0.3007916197393533,0.30076710240568383,0.41413380466069016,0.3838929656460569,0.5523824873595031,0.5016791413889784,0.4350501781860241,1.0,0.48832846241157646,0.572237042307443,0.3950786374778802,0.40383477489854247,0.41546562261431474,0.5485587505720173,0.3081204921144971,0.3458660258392571,0.35295811603735094,0.28863120687821386,0.49802293361255856,0.0,0.5246208961980197,0.4496320954290386,0.32440170485128983,0.4144532158448002,0.5105431748527707,0.19378312819241672,0.5465411962437182,0.2967008253112351,0.4438781476830753,0.5351662106242356,0.3140375640180163,0.31171136670066757,0.32819497987138324,0.4666197400519829,0.4640984281274927,0.3054898745143795,0.3527922381974874
0.3241073484830803,0.3982752070114951,0.263143891838754,0.28202790178944714,0.37986532177140064,0.4749071767811811,0.39093686168258357,0.28926411116859296,0.3232758079366075,0.29409500562588875,0.4849511589148259,0.27878373659697775,0.5306575263718785,0.2834463212128395,0.27585074585774805,0.39072358536467555,0.35133694146277983,0.5001391554304667,0.5028571660921147,0.3807842156462814,0.48832846241157646,1.0,0.6295371512995123,0.35426453947640646,0.3645508228443852,0.37621828155741244,0.4893308149691771,0.28134446448457584,0.31123743664042414,0.3166709329296039,0.26472309148891526,0.45571667857157117,0.0,0.5484861719302984,0.40156664073439685,0.2932517243089645,0.372280490493327,0.46949256386461635,0.17371124137314686,0.4987685549608365,0.2690851484187722,0.40914349190342414,0.4912577302170129,0.289820064388871,0.28866230045197394,0.29785287065119437,0.4128717223186392,0.4103503820153084,0.2805851271020433,0.3318026882141536
0.363552398192844,0.4586233842637901,0.2956845630708278,0.3306362919226291,0.4375839326117903,0.42729869457711667,0.43226372895098575,0.32879482568278107,0.36685847950931927,0.3240852545361773,0.5401872508033024,0.3195835443546471,0.589753852144695,0.32111637772593726,0.31830795725090555,0.42794241400668864,0.40152006156777065,0.5658193838683305,0.5084604115492856,0.4412388293323225,0.572237042307443,0.6295371512995123,1.0,0.40243150943641726,0.42472837689789245,0.41622977182487464,0.5699250962878554,0.3237960090870804,0.3584631099676985,0.357160361614522,0.30833421986409326,0.5211983663402677,0.0,0.6359624940541018,0.4600597100438075,0.3321937898840246,0.420167873479107,0.529163607283365,0.20200320237443714,0.5618022842709871,0.3113810790552959,0.4648449643317817,0.5566944282119544,0.3300015693166617,0.3278164091253438,0.3330937568183482,0.46669929733119075,0.46465513749814913,0.3167047386710672,0.3636572898108231
0.32219260241138115,0.5173418313038034,0.25506979603491,0.2815839235863685,0.4440749850772179,0.48332579898715256,0.34973342808242924,0.2978315805428958,0.32086669192313055,0.29458496565410386,0.42218050875105717,0.2862903463689286,0.41618753507934136,0.2733873153958527,0.27969522898101806,0.3597056440991607,0.5618813151181159,0.41177616422700036,0.365035465231082,0.3581404206803458,0.3950786374778802,0.35426453947640646,0.40243150943641726,1.0,0.5613689263635595,0.476964065734758,0.4062839705438681,0.2785963547172,0.35200884387826603,0.3169484370958211,0.26484292163276923,0.4409236434640036,0.0,0.3987221077737554,0.5323089682351112,0.28598142142564253,0.3493202777386393,0.40114628297184096,0.17459084856824636,0.40537850969366096,0.27231021465818084,0.4564516980401383,0.4076542802126545,0.2826499851641723,0.2918389023001192,0.2921605564033046,0.45581980059498794,0.456866135926967,0.28197893498505155,0.31963982006827474
0.3311888205276242,0.5536649309953832,0.2659056867442242,0.3006220835028991,0.44058149627638143,0.5122651191377623,0.36245116420299583,0.3009682620551011,0.3314732944284763,0.3104783165926265,0.4278520099214307,0.293993721782858,0.4219322640017147,0.2867242886953184,0.2942662297568148,0.3783899978848574,0.525643285843832,0.41514274141749363,0.3771497362684252,0.3741829317549059,0.40383477489854247,0.3645508228443852,0.42472837689789245,0.5613689263635595,1.0,0.5051536454934225,0.4180154354680542,0.2872832456006218,0.3440783460503708,0.32307754767206,0.28135035237937045,0.4772349479237512,0.0,0.40870371292880314,0.5480440364915701,0.2933761670967746,0.36793623438630874,0.41709639091481443,0.18190719428936397,0.4228462498684975,0.28623589330886934,0.46612858133112534,0.4235616694222145,0.3059884612548438,0.312110476798253,0.3138853611376926,0.4784487427451818,0.4820103249514034,0.3037083308942271,0.32661429723428304
0.32314906505193897,0.4797126340033874,0.2629731420139415,0.29382034908606103,0.42486740318440064,0.4314497376062014,0.3846152419523604,0.29726990112624496,0.32715817235991773,0.30522748441659686,0.4424649639364323,0.292106021346921,0.42772671778042104,0.28580564606912173,0.2914473681549985,0.3987770175085287,0.4873852237580776,0.4198422428480173,0.3762400658992192,0.374501035670351,0.41546562261431474,0.37621828155741244,0.41622977182487464,0.476964065734758,0.5051536454934225,1.0,0.4179440659500172,0.28262597361919084,0.33358055904452166,0.32874757767350216,0.27685773304429806,0.42361770260762366,0.0,0.40256156540942645,0.4744595081791485,0.29518297532371607,0.3758816227125217,0.4127794114623339,0.19240771338879714,0.42693437460977735,0.28259090670618003,0.45745307202761554,0.41682314263679254,0.3013873859942374,0.30134599908319304,0.3002986286759475,0.46873787860714067,0.46742771273429307,0.2988157648429366,0.32919996901967463
0.3629804667312363,0.45984113636118296,0.29514480667832477,0.31756641852319056,0.443604987761142,0.41209956038014395,0.40066890009681644,0.3251010700154122,0.36675966526794956,0.3292910153445048,0.5441076074934115,0.3144072242258318,0.5743540116132094,0.3149501754688523,0.310327168618984,0.40438299239557085,0.3925542592976228,0.5385587830242846,0.4864055393782567,0.41513453934512046,0.5485587505720173,0.4893308149691771,0.5699250962878554,0.4062839705438681,0.4180154354680542,0.4179440659500172,1.0,0.3146507216909986,0.3619945081121061,0.3635478263257069,0.3017812316361189,0.5093449666254013,0.0,0.5261877856355546,0.4591693172920245,0.3242117465556089,0.39424492132804356,0.5978615042684707,0.1917070241969765,0.5792949306700375,0.3077732091887003,0.4675015735202579,0.6383900120327868,0.32622447587679637,0.31737009345740874,0.33684484974589823,0.46657636970482486,0.4642229993310488,0.3206556769380796,0.36337275671964686
0.32832230386563455,0.3313940588208957,0.26892177645513304,0.5537994304105716,0.2843460768283659,0.2952274588006285,0.2937833670477509,0.6850519443838874,0.31892389693026824,0.5331727631507646,0.32654316217731083,0.5171811750203918,0.3214027714365959,0.5494855983870071,0.5212140595547435,0.2986171895036205,0.27284670518760734,0.31851111329123283,0.29139889836151434,0.3039352474510071,0.3081204921144971,0.28134446448457584,0.3237960090870804,0.2785963547172,0.2872832456006218,0.28262597361919084,0.3146507216909986,1.0,0.3539308187820215,0.31580269031846875,0.4934508291251213,0.31434885430779147,0.0,0.30638882518588606,0.30789161943680543,0.44227378850666677,0.28532493637194534,0.3272512841448886,0.2921489789958033,0.3187076436880989,0.5178568383292156,0.30821314622384954,0.31726661918811805,0.792796370326848,0.753789996501558,0.3362829471439215,0.31277672660663447,0.3117858333418617,0.5027264440029884,0.34819553224330535
0.39547995702826144,0.36606464972638486,0.3111396021773941,0.35000751851688106,0.34405291227832124,0.345016776052936,0.33786573382643403,0.3606240383904047,0.3905233868841458,0.36327390731128983,0.3673851229748327,0.35652504919059547,0.36114461919211494,0.35223803375720997,0.34788094357562216,0.3448684238622354,0.34867969577485347,0.36348482473556887,0.3210924428292914,0.34863495215371876,0.3458660258392571,0.31123743664042414,0.3584631099676985,0.35200884387826603,0.3440783460503708,0.33358055904452166,0.3619945081121061,0.3539308187820215,1.0,0.3788910723743715,0.3361922460717536,0.3602501073144686,0.0,0.3466341624139213,0.35451264130809756,0.3541954226481385,0.3314601509553957,0.36023477605055376,0.21427362500902025,0.3639593240330017,0.3364492900155567,0.3520530348701705,0.36011868350179055,0.3561790604004611,0.35742431517946804,0.42910869780958893,0.35535017050557305,0.35424709804825116,0.34628465145643395,0.6326973648433634
0.44063795593697774,0.3583844968055325,0.3127342926509561,0.3221297908035625,0.3311944767596742,0.3243190642039543,0.34532007576002166,0.3241573791575364,0.46044875369036353,0.33653246151079186,0.3740002144026874,0.3220777574426539,0.3782964401393767,0.3176421139045038,0.3181238984934246,0.36223752420450994,0.30598160077599823,0.36835881521145786,0.3300175845907528,0.3588279742704795,0.35295811603735094,0.3166709329296039,0.357160361614522,0.3169484370958211,0.32307754767206,0.32874757767350216,0.3635478263257069,0.31580269031846875,0.3788910723743715,1.0,0.30622479389993507,0.3382044858184615,0.0,0.34120981357870983,0.35057058713160394,0.32716802585673266,0.34110049835106715,0.3540078634009286,0.2366996914062265,0.37636647045519844,0.314584882866906,0.3549150605291901,0.36836735501277973,0.3225540328858377,0.3167329928909366,0.3697285911275595,0.3626446778310446,0.36079372598930304,0.32244451737281965,0.39623303297520995
0.30399384532754004,0.307498845567157,0.25063507514228456,0.5218129720433566,0.2859531264600248,0.27990574708975124,0.2787604065676278,0.4915731741121204,0.31512558670608193,0.535399299844266,0.31024503155447924,0.466322862157048,0.30784109172762486,0.5183480460702805,0.516380205186427,0.2824614534889519,0.2653296641166082,0.29824669533336834,0.27274785887707464,0.2887991663209536,0.28863120687821386,0.26472309148891526,0.30833421986409326,0.26484292163276923,0.28135035237937045,0.27685773304429806,0.3017812316361189,0.4934508291251213,0.3361922460717536,0.30622479389993507,1.0,0.2985130122510419,0.0,0.2923383639932602,0.2907506670033322,0.4301557672711991,0.2738240230555018,0.30059797341996997,0.27250535958241806,0.30420847404194007,0.6486146635805403,0.29380755027526395,0.3007058772027049,0.5080350608551327,0.4969937823526226,0.3245657738399701,0.29659341734599776,0.2954211891397104,0.4642981696755255,0.3346923847266039
0.35607384256389074,0.44581349080755706,0.27922465182048284,0.3282876615155427,0.46877581757794373,0.42021928271629294,0.3757872557716476,0.3194170403194485,0.34810431365377725,0.32222496506021414,0.5003121795769098,0.31304220026198715,0.5375768504561955,0.3101259381469095,0.3183364287737277,0.3816170916546088,0.47131482935709035,0.4941358541416263,0.4784968580401173,0.3863538868607663,0.49802293361255856,0.45571667857157117,0.5211983663402677,0.4409236434640036,0.4772349479237512,0.42361770260762366,0.5093449666254013,0.31434885430779147,0.3602501073144686,0.3382044858184615,0.2985130122510419,1.0,0.0,0.49063299793314263,0.4369885971515107,0.3024188098638446,0.38071354543870606,0.5102563325377993,0.19251637257227994,0.5236973697698446,0.30307027357100824,0.4481238034758226,0.5286688861603339,0.3162391706449932,0.3260116342352436,0.3210551434926713,0.4652706616826936,0.4631645204382048,0.3008518917629862,0.33983214767942904
0.0,0.0,0.0,0.0,0.0,0.0,0.0,0.0,0.0,0.0,0.0,0.0,0.0,0.0,0.0,0.0,0.0,0.0,0.0,0.0,0.0,0.0,0.0,0.0,0.0,0.0,0.0,0.0,0.0,0.0,0.0,0.0,1.0,0.0,0.0,0.0,0.0,0.0,0.0,0.0,0.0,0.0,0.0,0.0,0.0,0.0,0.0,0.0,0.0,0.0
0.3484075224696336,0.43683131623434646,0.28888184998558175,0.30300672771722104,0.4430308197385332,0.4190251860608697,0.3921559486769567,0.31772950132622935,0.3489479027095268,0.3103158681648709,0.5090357131944614,0.3063595413537942,0.5552799827113236,0.29898829260043613,0.29729253492086904,0.3914320700167434,0.4007558461753663,0.5110225441617005,0.46112289531070016,0.3997383354857851,0.5246208961980197,0.5484861719302984,0.6359624940541018,0.3987221077737554,0.40870371292880314,0.40256156540942645,0.5261877856355546,0.30638882518588606,0.3466341624139213,0.34120981357870983,0.2923383639932602,0.49063299793314263,0.0,1.0,0.4458039268988455,0.3299038618657566,0.38116165342514763,0.5067722951515592,0.20365533096468225,0.5319598740705351,0.2957059760959603,0.4536486577655475,0.5399658425321989,0.3118343916612526,0.3133333444337698,0.3179280728705268,0.4499655939772661,0.44847088504207155,0.30171146156710116,0.34982597507347457
0.35510116097362565,0.5820795923470415,0.28315428614875315,0.30728503705339094,0.4188401354318393,0.5315191589014656,0.39782973614322237,0.317633166788894,0.35155356112809466,0.31745409026223625,0.47158707906730435,0.31222493544581487,0.462520354582976,0.30458389708465716,0.30470842390595376,0.4018913007276472,0.4603909597148643,0.46281904592831,0.41780314417081865,0.40783484809948156,0.4496320954290386,0.40156664073439685,0.4600597100438075,0.5323089682351112,0.5480440364915701,0.4744595081791485,0.4591693172920245,0.30789161943680543,0.35451264130809756,0.35057058713160394,0.2907506670033322,0.4369885971515107,0.0,0.4458039268988455,1.0,0.3166193937792593,0.3889948474927043,0.44552151138553486,0.1946252861532668,0.46923867221568605,0.29523315943046713,0.5094102716359432,0.4686682756333912,0.31066988702966447,0.31418758182548856,0.3196701845872254,0.5097091641468557,0.5074975863946019,0.31228452523287886,0.34624005399150104
0.33180729453906754,0.31976162623651794,0.27223097561686116,0.4521164292712776,0.2836261146102905,0.30529766958688787,0.3132767249988532,0.4459753448712218,0.3361790019570261,0.46895641933760135,0.3342260087757736,0.43590188874144553,0.3214362766729061,0.4506308542053381,0.44313780155299265,0.31820177222283397,0.2796048320767245,0.33810501399608706,0.3012432332560534,0.3236024368439887,0.32440170485128983,0.2932517243089645,0.3321937898840246,0.28598142142564253,0.2933761670967746,0.29518297532371607,0.3242117465556089,0.44227378850666677,0.3541954226481385,0.32716802585673266,0.4301557672711991,0.3024188098638446,0.0,0.3299038618657566,0.3166193937792593,1.0,0.30348418975155045,0.3144045572068379,0.3166067894764274,0.32925468680580783,0.4391060024872466,0.3139026080490873,0.32095878466201555,0.4517342218251047,0.4509326067681835,0.3321582998794763,0.3135501267933748,0.3120321457694768,0.4478869238053256,0.3569771068848666
0.33527681743551807,0.3775902270758308,0.2686010311538205,0.29690648674252407,0.3478945377717517,0.36090771559615475,0.8029307817217036,0.29421169924144763,0.34654465231679343,0.30067453261394594,0.39434999878152865,0.2854824616095545,0.39281841377296545,0.2859382951008832,0.2863837885582434,0.7507185177816542,0.33549925211506904,0.41670033477119073,0.37816102779453686,0.802389195341886,0.4144532158448002,0.372280490493327,0.420167873479107,0.3493202777386393,0.36793623438630874,0.3758816227125217,0.39424492132804356,0.28532493637194534,0.3314601509553957,0.34110049835106715,0.2738240230555018,0.38071354543870606,0.0,0.38116165342514763,0.3889948474927043,0.30348418975155045,1.0,0.37363581543445423,0.1824755015347066,0.3851209693647456,0.2789662379059,0.3833110227769094,0.3929522223239411,0.29135662755711067,0.28827103502251383,0.306241525233406,0.38010860006739233,0.3773174543851583,0.2882651296037302,0.3353868527143353
0.3710365475840468,0.4730036066883766,0.29361055146685144,0.31522731135777704,0.490907877063514,0.43291235415312956,0.379953242742623,0.33916617340290267,0.3566452704441906,0.3263553160942202,0.5280910102276148,0.3213468008720376,0.5413188034306671,0.314198770821952,0.31194821722139165,0.39000117157304715,0.39223333256782467,0.5061639924052403,0.4593128588362879,0.39115092261560613,0.5105431748527707,0.46949256386461635,0.529163607283365,0.40114628297184096,0.41709639091481443,0.4127794114623339,0.5978615042684707,0.3272512841448886,0.36023477605055376,0.3540078634009286,0.30059797341996997,0.5102563325377993,0.0,0.5067722951515592,0.44552151138553486,0.3144045572068379,0.37363581543445423,1.0,0.2025013173122534,0.553951025946055,0.30644007026089815,0.4594016673123025,0.6425729341157427,0.3361570725495504,0.32593982195706905,0.33734415953875985,0.4761833716892535,0.474818384609879,0.32587828209479053,0.36265715012986366
0.2648680137916746,0.192597681366667,0.1618274022942504,0.30620615338152635,0.20735141887342912,0.1957873208859161,0.1895713538642937,0.29254390015104736,0.20659808264934176,0.30196363302177764,0.20598264002519606,0.28830822830091374,0.19624293877551713,0.30346698090811286,0.2904243408071271,0.1857404001354599,0.1722025792694054,0.1995860241949885,0.1791998698262951,0.19318801783862227,0.19378312819241672,0.17371124137314686,0.20200320237443714,0.17459084856824636,0.18190719428936397,0.19240771338879714,0.1917070241969765,0.2921489789958033,0.21427362500902025,0.2366996914062265,0.27250535958241806,0.19251637257227994,0.0,0.20365533096468225,0.1946252861532668,0.3166067894764274,0.1824755015347066,0.2025013173122534,1.0,0.19741747039722546,0.281227989316844,0.19583983632562774,0.19826634782652997,0.29662838738915065,0.3026243787373042,0.19963569482714205,0.19460820015469216,0.1941522861226611,0.2884745192465169,0.23071170878989122
0.37295116614683754,0.46782097161347447,0.30390492653761303,0.3155932234422003,0.45962087327698053,0.4322742034527147,0.3956982311719506,0.32957494927300024,0.3731655596576392,0.33299757453558565,0.5702963812547849,0.321311378493758,0.5865733911299926,0.31569669633630315,0.31513233892710124,0.40266731738745754,0.39865974768719414,0.5393039719206756,0.4904209631595542,0.4112373822359616,0.5465411962437182,0.4987685549608365,0.5618022842709871,0.40537850969366096,0.4228462498684975,0.42693437460977735,0.5792949306700375,0.3187076436880989,0.3639593240330017,0.37636647045519844,0.30420847404194007,0.5236973697698446,0.0,0.5319598740705351,0.46923867221568605,0.32925468680580783,0.3851209693647456,0.553951025946055,0.19741747039722546,1.0,0.307627853088992,0.4778645440881305,0.5853474897148643,0.32597312699183567,0.3249829133913028,0.34601312973242426,0.49867746248164424,0.4958755067331838,0.321977476621505,0.3748546615827817
