../ecoli_genomes/GCF_000163235.1_ASM16323v1_genomic.fna.gz,../ecoli_genomes/GCF_000164555.1_ASM16455v1_genomic.fna.gz,../ecoli_genomes/GCF_000208545.1_ASM20854v2_genomic.fna.gz,../ecoli_genomes/GCF_000233875.1_ASM23387v1_genomic.fna.gz,../ecoli_genomes/GCF_000249735.1_ASM24973v2_genomic.fna.gz,../ecoli_genomes/GCF_000261145.1_Esch_coli_M919_V2_genomic.fna.gz,../ecoli_genomes/GCF_000267705.2_ASM26770v2_genomic.fna.gz,../ecoli_genomes/GCF_000350665.1_Esch_coli_KTE5_V1_genomic.fna.gz,../ecoli_genomes/GCF_000351625.1_Esch_coli_KTE66_V1_genomic.fna.gz,../ecoli_genomes/GCF_000352285.1_Esch_coli_KTE46_V1_genomic.fna.gz,../ecoli_genomes/GCF_000358895.1_ASM35889v1_genomic.fna.gz,../ecoli_genomes/GCF_000456385.1_Esch_coli_HVH_26_4-5703913_V1_genomic.fna.gz,../ecoli_genomes/GCF_000458195.1_Esch_coli_HVH_147_4-5893887_V1_genomic.fna.gz,../ecoli_genomes/GCF_000459755.1_Esch_coli_KOEGE_58_171a_V1_genomic.fna.gz,../ecoli_genomes/GCF_000460055.1_Esch_coli_UMEA_3053-1_V1_genomic.fna.gz,../ecoli_genomes/GCF_000462165.2_ASM46216v2_genomic.fna.gz,../ecoli_genomes/GCF_000601135.1_ASM60113v1_genomic.fna.gz,../ecoli_genomes/GCF_000614595.1_Ec2010EL1058_genomic.fna.gz,../ecoli_genomes/GCF_000617745.1_Ec2010C-4529_genomic.fna.gz,../ecoli_genomes/GCF_000618265.2_EcF6751_genomic.fna.gz,../ecoli_genomes/GCF_000619005.2_Ec2009C-4052_genomic.fna.gz,../ecoli_genomes/GCF_000619105.1_Ec2009C-4780_genomic.fna.gz,../ecoli_genomes/GCF_000619765.2_Ec2009C-3279_genomic.fna.gz,../ecoli_genomes/GCF_000687005.1_ASM68700v1_genomic.fna.gz,../ecoli_genomes/GCF_000687025.1_ASM68702v1_genomic.fna.gz,../ecoli_genomes/GCF_000700125.1_ASM70012v1_genomic.fna.gz,../ecoli_genomes/GCF_000753315.1_FHI35_genomic.fna.gz,../ecoli_genomes/GCF_000776375.1_ASM77637v1_genomic.fna.gz,../ecoli_genomes/GCF_000779395.1_ASM77939v1_genomic.fna.gz,../ecoli_genomes/GCF_000780315.1_ASM78031v1_genomic.fna.gz,../ecoli_genomes/GCF_000781995.1_ASM78199v1_genomic.fna.gz,../ecoli_genomes/GCF_000986765.1_ASM98676v1_genomic.fna.gz,../ecoli_genomes/GCF_001041375.1_ViralProj287958_genomic.fna.gz,../ecoli_genomes/GCF_001265335.1_302014_genomic.fna.gz,../ecoli_genomes/GCF_001265625.1_100854_genomic.fna.gz,../ecoli_genomes/GCF_001267345.1_303289_genomic.fna.gz,../ecoli_genomes/GCF_001309985.1_ASM130998v1_genomic.fna.gz,../ecoli_genomes/GCF_001521695.1_ASM152169v1_genomic.fna.gz,../ecoli_genomes/GCF_001592595.1_ASM159259v1_genomic.fna.gz,../ecoli_genomes/GCF_001614975.1_ASM161497v1_genomic.fna.gz,../ecoli_genomes/GCF_001692775.1_ASM169277v1_genomic.fna.gz,../ecoli_genomes/GCF_001748915.1_ASM174891v1_genomic.fna.gz,../ecoli_genomes/GCF_001749235.1_ASM174923v1_genomic.fna.gz,../ecoli_genomes/GCF_001881155.1_ASM188115v1_genomic.fna.gz,../ecoli_genomes/GCF_001881345.1_ASM188134v1_genomic.fna.gz,../ecoli_genomes/GCF_001892405.1_ASM189240v1_genomic.fna.gz,../ecoli_genomes/GCF_001892585.1_ASM189258v1_genomic.fna.gz,../ecoli_genomes/GCF_001893985.1_ASM189398v1_genomic.fna.gz,../ecoli_genomes/GCF_002001595.1_ASM200159v1_genomic.fna.gz,../ecoli_genomes/GCF_002002145.1_ASM200214v1_genomic.fna.gz
1.0,0.324292633181701,0.25775996258671086,0.2854688279747989,0.27414063129878175,0.30936138862579743,0.31279175655259894,0.2864892298861944,0.38920858540779435,0.3011306287657399,0.316897962550846,0.29514830953808224,0.3069627290962271,0.2801569657698073,0.2713717330586033,0.304664684264513,0.2819053647353319,0.3049105537218605,0.2868915287138958,0.3111893327406753,0.2961633581786218,0.2849980681302957,0.31351681532530606,0.28672462642944896,0.2905258765358856,0.28339116190674496,0.3017448252945434,0.2776693726443523,0.34389223876890285,0.3863518417057933,0.2664003756591219,0.2938148588934487,0.0,0.3008467914684404,0.30905569000647826,0.2689761761388182,0.29419173821285804,0.3109969369759328,0.2590251356397343,0.30711278626320526,0.269246522483787,0.30501153908973744,0.312591966130503,0.2840030777650424,0.2921396214822545,0.32170737628301294,0.30151771608554323,0.30269746649931384,0.2755970110623335,0.35109049073378584
0.324292633181701,1.0,0.23463702678593423,0.27889902373166353,0.3726476710054959,0.5522777854184278,0.3629104214820469,0.27978648491239544,0.3014643113090335,0.29106760247072905,0.42993363371195326,0.2922242752520765,0.42327315144872835,0.27053258007658154,0.267649283845261,0.35559269607425426,0.44581077781950396,0.418707712020551,0.380058023063783,0.3616892139039357,0.40733164949787126,0.38108037315713683,0.4234872687661867,0.5010305385038092,0.5187583717477072,0.4573212528481595,0.415190891910048,0.27401433768332717,0.30972533553333226,0.30772550501273643,0.26274747078437355,0.40064131305642525,0.0,0.4039025727051573,0.570201890256185,0.2558133362023096,0.34013174975931215,0.42673109418786836,0.2404920150145593,0.42670486320744727,0.26658723251025596,0.47774826140148474,0.4259919825972286,0.2894325166018471,0.28829206947075403,0.2953252380121735,0.48667161217740584,0.48712211337099054,0.2828671890236515,0.31605298849809527
0.25775996258671086,0.23463702678593423,1.0,0.21000759846638806,0.19456596431306283,0.215159363678872,0.2209280843591943,0.21209739522513804,0.24354274638503037,0.21582083663309715,0.22905799889718026,0.20961070472965604,0.22628067529119422,0.21049606822416045,0.20554230118550654,0.21822133440368519,0.1982941223233975,0.22193181490645664,0.2035725814197895,0.22178463315030683,0.21779328834998535,0.20465572960673972,0.22521530257542954,0.19966849928596742,0.19930523911576425,0.199615985302124,0.2252861601137901,0.21184806112534527,0.24642383574488957,0.24828490623299038,0.19862370663376727,0.21484282165251956,0.0,0.22026338827261793,0.21565409573333405,0.20050783129651062,0.20673809097955864,0.22611259042179,0.19014174017900087,0.22812311121368611,0.20308114568600777,0.2242394362405371,0.23164334620932736,0.21629324004517558,0.21205970155008846,0.22825737528046264,0.23371789864600878,0.2333596877420181,0.21597692764769627,0.24993760816018917
0.2854688279747989,0.27889902373166353,0.21000759846638806,1.0,0.23511464587422382,0.2667435687688452,0.26562555757062656,0.49144958541519257,0.2721030831719573,0.5288257734684967,0.2679732960683332,0.5191161810041632,0.2652272781944961,0.5435346807002855,0.5507028993545111,0.2603020983508928,0.25442648379748034,0.26289010112629296,0.2421395535743871,0.26332035879292737,0.25651879376830233,0.24153832335231806,0.26821574677228877,0.24995718374203646,0.2513644110799592,0.25130994942495355,0.26066250061140284,0.5219866977242977,0.30218519896199136,0.2760328079695771,0.5059163821050348,0.2563040293386747,0.0,0.2554062662605949,0.266964772915651,0.4033322353735256,0.2490923864334511,0.2638304655828082,0.41260271696128525,0.2630126041912354,0.5235421447029591,0.26972764760741563,0.26367615091342467,0.5244951321534149,0.5158320398384638,0.3013944490798731,0.2698092389079624,0.2696092875640671,0.46154655775861164,0.3177203660799075
0.27414063129878175,0.3726476710054959,0.19456596431306283,0.23511464587422382,1.0,0.36964896422692006,0.3044485728358114,0.2426725265486116,0.26587338050304743,0.24632975332887952,0.4864262562739837,0.23820549677924208,0.4287999542697081,0.23495672068133666,0.23664604904754138,0.3230960328495852,0.38261081942944697,0.38607723372397673,0.37524833248113976,0.3057297905266483,0.3994248107036642,0.37690484763759513,0.40499745009920496,0.3890378513686984,0.37026009968496765,0.39058646127164853,0.40747723048921614,0.22805285221959537,0.27735782311076795,0.2662057118961103,0.2281261893581651,0.4239556414881185,0.0,0.39781432366474034,0.3760189037354087,0.22074260734823659,0.30136213486614216,0.4215745047503593,0.2575568664553277,0.4166817550433949,0.23253340494819885,0.3729533155602339,0.4293475133465433,0.23286776903999118,0.23910307208494308,0.2526151974272032,0.3856068298238886,0.38725674630134344,0.23231984970526864,0.2715273462914495
0.30936138862579743,0.5522777854184278,0.215159363678872,0.2667435687688452,0.36964896422692006,1.0,0.3613173165159611,0.28274317250543246,0.2876188982603429,0.27491226396948,0.4247543811289952,0.2747705950599417,0.4048982659736422,0.26658890256964396,0.25589506646442595,0.35612891680526626,0.46611572414063984,0.4074674993703934,0.37636751528672185,0.355129057198042,0.38910112463658597,0.4109803330191608,0.41538323968491897,0.5353577439259762,0.5447074652682911,0.4576663227463612,0.39245503113658076,0.2584656800022058,0.30080970931563733,0.28969786926672214,0.2555602055973787,0.39900557492764366,0.0,0.402538947523029,0.5713429052984665,0.2564984652895226,0.3373479064995504,0.4159163702056097,0.2527833220703153,0.40623787485970675,0.26482998997906426,0.4817622539381252,0.40682080073889815,0.2723116022808145,0.27014076843751866,0.28217562580907396,0.4743571012714607,0.47609898262990025,0.26108638683960483,0.3078063809736551
0.31279175655259894,0.3629104214820469,0.2209280843591943,0.26562555757062656,0.3044485728358114,0.3613173165159611,1.0,0.2657974890546655,0.29641598142118153,0.26721610135409146,0.3582748449874721,0.26523414420361036,0.350754754820517,0.26127900403135784,0.25259514131170613,0.73750553735835,0.3354012857761727,0.37897464991561114,0.34695390893184364,0.8734858291012799,0.38003385763730324,0.34443111826358463,0.38748683635704495,0.3337603325157892,0.3297586562803637,0.32994080492470856,0.35091255280459943,0.25592765937375406,0.2909960833700197,0.2914891542779122,0.24708757131760728,0.340003194183621,0.0,0.35630753293707584,0.37523319020079327,0.25993068388234875,0.7797783701806811,0.34075781369291835,0.24317317198932153,0.3528483776834562,0.2499196180103539,0.36699079681741553,0.35480376047942364,0.26368918737123115,0.2627606081230741,0.27181073479648354,0.3570592815737148,0.35688003886080166,0.2537866461732654,0.30156058895238425
0.2864892298861944,0.27978648491239544,0.21209739522513804,0.49144958541519257,0.2426725265486116,0.28274317250543246,0.2657974890546655,1.0,0.26850566280330945,0.5029564401253204,0.265583903495601,0.4880356755887192,0.27140551056550044,0.4852907928045471,0.4704568488729095,0.2615461631144208,0.2665198002506599,0.26298654114217135,0.2444264341391721,0.2621356475863944,0.2520244392815779,0.24412501768136974,0.26812026539610645,0.26543079024098504,0.25799131990325375,0.2610559831909528,0.26129673686331256,0.6863175585120119,0.30667137315643234,0.2708275487145928,0.4652954285579832,0.25634996845294156,0.0,0.2608422762098749,0.2768408868909381,0.3899913260865717,0.24698938296368977,0.28426542824220924,0.39603247275132447,0.26552631185850584,0.482044165050146,0.2760715861937091,0.2667621263762364,0.6920858647136086,0.6696645876002385,0.3018499919271622,0.26872315869935304,0.2695325001969542,0.44291248009730444,0.31730314833185325
0.38920858540779435,0.3014643113090335,0.24354274638503037,0.2721030831719573,0.26587338050304743,0.2876188982603429,0.29641598142118153,0.26850566280330945,1.0,0.2832637310940692,0.3050288254127924,0.2706218375445053,0.30326303547453226,0.2695905340997148,0.2694198468034371,0.2955256895475492,0.26390654977819483,0.29568943153591465,0.26895705907955125,0.29834559221234846,0.28534652199434163,0.27067196640580427,0.30293579993937103,0.2714844940442265,0.26066495816430124,0.26812938835554767,0.29836280404366256,0.26143491542523767,0.32778358365056104,0.3931525486520675,0.2556619527251689,0.27977889456039307,0.0,0.28672244202544084,0.2935236268375231,0.2585675409948033,0.28263581207107435,0.2885037503315585,0.238639743716474,0.3005188189108996,0.25968132766148766,0.2984141020357397,0.30600898114451136,0.26465025697370526,0.26196794698031767,0.3110643085571967,0.2960261357147582,0.29641671561613414,0.26561659156932427,0.33860969110870054
0.3011306287657399,0.29106760247072905,0.21582083663309715,0.5288257734684967,0.24632975332887952,0.27491226396948,0.26721610135409146,0.5029564401253204,0.2832637310940692,1.0,0.2807282046357157,0.4993310780586252,0.27720679916828317,0.5157967453972991,0.4988135362144047,0.26397369283529704,0.25957125754727306,0.2672905574387454,0.24562216381212365,0.2671535669227638,0.2601678937974661,0.24331728266273844,0.26846149862061397,0.2539962238020599,0.2555710450668558,0.2583060699275229,0.2685689297459454,0.5115645453371123,0.31603476735834946,0.2829076871362488,0.5171994117334886,0.2542254587388353,0.0,0.2585485703871995,0.27652540860187524,0.4137636621856612,0.25014816259087125,0.27182832608589647,0.4242943304963924,0.27448039044337547,0.5246914717349243,0.2806312353789967,0.27127468990669834,0.5162449685266748,0.5218484616543325,0.3049911503982131,0.27619861224639175,0.27572733141818306,0.47808135777305816,0.3200837468220451
0.316897962550846,0.42993363371195326,0.22905799889718026,0.2679732960683332,0.4864262562739837,0.4247543811289952,0.3582748449874721,0.265583903495601,0.3050288254127924,0.2807282046357157,1.0,0.2704178871567441,0.5364946146900433,0.2662587917760415,0.2597254961735802,0.3628120098973586,0.3711479641470633,0.481942085318425,0.4611082431311545,0.360685905173723,0.4804014584879419,0.49112817889951754,0.4996947050997981,0.3911946086265159,0.38599357450106353,0.3962059159827066,0.5058535005296648,0.26518623299936617,0.3057966816334836,0.31055918778879366,0.2517831680122694,0.46898158295738335,0.0,0.4789372960076351,0.42453207801469883,0.259334229390883,0.34164440692082276,0.4911367712646091,0.23511194136345837,0.5299926304891243,0.2559583431904864,0.43338340906504447,0.5158420571358283,0.26742274237615904,0.2660150251709844,0.28679390647840575,0.4357734969968097,0.4356013838191496,0.2698643513909391,0.31331336073697147
0.29514830953808224,0.2922242752520765,0.20961070472965604,0.5191161810041632,0.23820549677924208,0.2747705950599417,0.26523414420361036,0.4880356755887192,0.2706218375445053,0.4993310780586252,0.2704178871567441,1.0,0.26660569030460146,0.5075044533585487,0.6275606805373045,0.26174858137910684,0.2647885615817023,0.2596139147729215,0.2415522031540004,0.2608820071729415,0.25875533630800285,0.24916391838454355,0.26376431961604596,0.268570961521999,0.26421092496865084,0.2617455051835602,0.2591003128207231,0.4884319900236229,0.31086214609591944,0.28228021805050174,0.45723805877706625,0.25764366597193433,0.0,0.25940249934788795,0.2778587994166637,0.3956794459327132,0.24647035669716766,0.27096189341326027,0.4151491172553228,0.2639491322442449,0.48396064133449923,0.27449331375936115,0.26756169186320544,0.49904385341565793,0.4991486364888458,0.30524336876308944,0.27613880329457563,0.276168769940231,0.4424884801722203,0.3168596948449387
0.3069627290962271,0.42327315144872835,0.22628067529119422,0.2652272781944961,0.4287999542697081,0.4048982659736422,0.350754754820517,0.27140551056550044,0.30326303547453226,0.27720679916828317,0.5364946146900433,0.26660569030460146,1.0,0.2608519523631373,0.26340692956648126,0.35366278470043255,0.36185060677628933,0.49383792482497024,0.5024140074817536,0.3524458889520472,0.5102070771077107,0.5276127411957574,0.5590543280190652,0.3709183443536336,0.366760876241089,0.3779670008176953,0.5518993203740377,0.2626539849763818,0.3000441319820485,0.3119441998267526,0.25147917398021835,0.493818359455255,0.0,0.5481412996992809,0.4200481998228145,0.2505010130696913,0.3373149185925193,0.5173676075051016,0.23484575651961304,0.5619543203223358,0.2554035874900511,0.4270793213378421,0.5348755393668866,0.2637043681797393,0.26393241600857464,0.2795257550533601,0.42892813003372066,0.4281102648792947,0.2669946709545824,0.3080116711079365
0.2801569657698073,0.27053258007658154,0.21049606822416045,0.5435346807002855,0.23495672068133666,0.26658890256964396,0.26127900403135784,0.4852907928045471,0.2695905340997148,0.5157967453972991,0.2662587917760415,0.5075044533585487,0.2608519523631373,1.0,0.5462183652905661,0.2551888182369003,0.2573298914547877,0.2626106911134156,0.23925390659495294,0.2598953705822814,0.2511225622169281,0.23924329588216697,0.2648504936820366,0.24619718734908758,0.24671739111516833,0.25018398960744137,0.2620897005671655,0.5146708844810738,0.3119033189429572,0.27018253336919074,0.49167530965855444,0.2509732483492543,0.0,0.2510951334318554,0.26750667399468864,0.3990934329754289,0.24294274520360848,0.26754049497610355,0.4070571700473886,0.2632898708532556,0.5168118881698909,0.2707313100530562,0.26405686810731377,0.516258463314565,0.5089812774683408,0.3058440729819124,0.26772028005173176,0.2684271635238267,0.457790204323406,0.3215305724080467
0.2713717330586033,0.267649283845261,0.20554230118550654,0.5507028993545111,0.23664604904754138,0.25589506646442595,0.25259514131170613,0.4704568488729095,0.2694198468034371,0.4988135362144047,0.2597254961735802,0.6275606805373045,0.26340692956648126,0.5462183652905661,1.0,0.25248289049876316,0.250149645602331,0.2556591831924523,0.2325448704555182,0.2529271526117458,0.25035271702593553,0.23337160391879253,0.2603457135152617,0.23882358733196252,0.23869391093005177,0.24284209883783114,0.25362298562675,0.4943661554204013,0.29956357517482857,0.269909874179035,0.48876574044052556,0.25373105896068926,0.0,0.24755824137013782,0.2602945950188822,0.394617257101063,0.2375967643334761,0.25727043020812845,0.4045711873610144,0.2590311690945982,0.5039483382425916,0.2609199834142486,0.26006134392840874,0.4931607594349736,0.4866254544705447,0.3007157018105696,0.2700222118560196,0.2703262726066432,0.4491366434544113,0.3206721689198697
0.304664684264513,0.35559269607425426,0.21822133440368519,0.2603020983508928,0.3230960328495852,0.35612891680526626,0.73750553735835,0.2615461631144208,0.2955256895475492,0.26397369283529704,0.3628120098973586,0.26174858137910684,0.35366278470043255,0.2551888182369003,0.25248289049876316,1.0,0.32705043431559966,0.35914425600447075,0.34674529950566135,0.7452020886082047,0.3588732164714641,0.3597958863569569,0.37039617531127333,0.34263201778163965,0.3449124695796104,0.3636638809142715,0.34286490814463577,0.25271626755026744,0.28463379384504284,0.2919722655303736,0.24547491079544703,0.3398307611935719,0.0,0.3492602353837314,0.3658997747259155,0.2532761245701699,0.7234457497156053,0.33709588338274343,0.2264383202607323,0.3440662038748117,0.24802117532967038,0.35791426892716116,0.3495163047352332,0.2566647694784848,0.2585933847544982,0.27038722639494306,0.35125217338200176,0.3502629965499766,0.24965668331627688,0.2978935706945808
0.2819053647353319,0.44581077781950396,0.1982941223233975,0.25442648379748034,0.38261081942944697,0.46611572414063984,0.3354012857761727,0.2665198002506599,0.26390654977819483,0.25957125754727306,0.3711479641470633,0.2647885615817023,0.36185060677628933,0.2573298914547877,0.250149645602331,0.32705043431559966,1.0,0.3560333506653687,0.3290355537516627,0.32299076943320415,0.34901362618280196,0.34620069219644567,0.3665626525997425,0.5496186689931226,0.49980808547480216,0.5222565182999797,0.3513066213175716,0.24117218577244104,0.27946076155497535,0.26464841699113684,0.2502265920671116,0.40922300407935586,0.0,0.36559655963478144,0.48300028799074357,0.2395853579720405,0.3151467911921594,0.3667854371549152,0.23914387823031646,0.3555930654812246,0.2599034249261686,0.45023871360769185,0.3642094843155431,0.2645537723910786,0.2693941256931638,0.25949016710028605,0.4385276361998922,0.440982339970316,0.24079841459353402,0.2878621997534063
0.3049105537218605,0.418707712020551,0.22193181490645664,0.26289010112629296,0.38607723372397673,0.4074674993703934,0.37897464991561114,0.26298654114217135,0.29568943153591465,0.2672905574387454,0.481942085318425,0.2596139147729215,0.49383792482497024,0.2626106911134156,0.2556591831924523,0.35914425600447075,0.3560333506653687,1.0,0.479665925155777,0.3800737270904907,0.5088023535467645,0.46528444699313687,0.5216050471902822,0.3635351146607929,0.35507584084790234,0.3662191710010759,0.4916890629617805,0.2592821032247429,0.29678589461054905,0.30459783012410513,0.2461844079432709,0.4403436520754087,0.0,0.4685424602545507,0.416289089013546,0.2620678004693566,0.3589973044162982,0.4573618765834421,0.24185609828331112,0.490897711336827,0.24769490240749525,0.4225676162804348,0.4897510506308653,0.26151665965846405,0.25994697429673597,0.2785554448765002,0.42370087539794,0.4233593298131526,0.26007980934413577,0.30470872168725505
0.2868915287138958,0.380058023063783,0.2035725814197895,0.2421395535743871,0.37524833248113976,0.37636751528672185,0.34695390893184364,0.2444264341391721,0.26895705907955125,0.24562216381212365,0.4611082431311545,0.2415522031540004,0.5024140074817536,0.23925390659495294,0.2325448704555182,0.34674529950566135,0.3290355537516627,0.479665925155777,1.0,0.34287919021135216,0.46768869008118463,0.49755856692246314,0.4781871440472334,0.3407841348473968,0.3480781555209511,0.3445280138925986,0.48372628150616537,0.23675509506019377,0.2743891183313899,0.2722611647376604,0.22300522478952822,0.4547803793653802,0.0,0.4804418083036902,0.38164972916898554,0.24339013370389673,0.33777640039430223,0.4589598999603619,0.22542865767880427,0.4759769250201443,0.22491872298876014,0.38194739024434454,0.4546176865741265,0.24217068352149618,0.2414895226135031,0.25484593108043296,0.381709715049822,0.3827396189788014,0.24062188541419527,0.27934398685280637
0.3111893327406753,0.3616892139039357,0.22178463315030683,0.26332035879292737,0.3057297905266483,0.355129057198042,0.8734858291012799,0.2621356475863944,0.29834559221234846,0.2671535669227638,0.360685905173723,0.2608820071729415,0.3524458889520472,0.2598953705822814,0.2529271526117458,0.7452020886082047,0.32299076943320415,0.3800737270904907,0.34287919021135216,1.0,0.37915817527824847,0.3396334988780184,0.3849351858905058,0.3210663583666781,0.3218741843662264,0.32504565228427007,0.3516496329903135,0.25664107201172326,0.2915962206718302,0.2926438735191177,0.24490089690476735,0.33776749974183007,0.0,0.3523508930802831,0.3677790061502533,0.2566914970274007,0.7848272281694902,0.3389905868917664,0.23562686517860187,0.3544099538883688,0.24725368215953003,0.3607493979397405,0.3571266827867927,0.26037700400748576,0.25903622348816513,0.2714748837967892,0.3552403884261951,0.3550765605157089,0.2546945727149801,0.301379254493891
0.2961633581786218,0.40733164949787126,0.21779328834998535,0.25651879376830233,0.3994248107036642,0.38910112463658597,0.38003385763730324,0.2520244392815779,0.28534652199434163,0.2601678937974661,0.4804014584879419,0.25875533630800285,0.5102070771077107,0.2511225622169281,0.25035271702593553,0.3588732164714641,0.34901362618280196,0.5088023535467645,0.46768869008118463,0.37915817527824847,1.0,0.4716325369349115,0.5353919162697862,0.35197265711519554,0.35007872541121376,0.36635190617636515,0.5055747847972828,0.2510188844178832,0.2869575729715752,0.29575825362673824,0.23706235569406486,0.46463323827846037,0.0,0.4928360217712531,0.40455828191244547,0.253879679494592,0.3559941288861094,0.474333466371195,0.23394502776681825,0.5101351506948206,0.24184330072102966,0.40074191558214345,0.5042912105309587,0.25389855155405583,0.25307131540609895,0.2713054272764378,0.4154216216509412,0.4147959420905003,0.253301607972105,0.29941761141333956
0.2849980681302957,0.38108037315713683,0.20465572960673972,0.24153832335231806,0.37690484763759513,0.4109803330191608,0.34443111826358463,0.24412501768136974,0.27067196640580427,0.24331728266273844,0.49112817889951754,0.24916391838454355,0.5276127411957574,0.23924329588216697,0.23337160391879253,0.3597958863569569,0.34620069219644567,0.46528444699313687,0.49755856692246314,0.3396334988780184,0.4716325369349115,1.0,0.6546711511044716,0.3781036521323675,0.3809300155148575,0.3725027160219575,0.49197686383088224,0.2358347643983283,0.26954769185970084,0.2741356350881704,0.22247669962389138,0.47314493267727176,0.0,0.5959393827420854,0.38542905611439016,0.23843599239444446,0.33487062291525116,0.4796570918703513,0.22004889020118756,0.49321092751052276,0.225268584443992,0.38344541001959853,0.47906211606107707,0.2453171645281963,0.2405215810993917,0.25957074691578963,0.3850948834368738,0.38491174006709716,0.2378952052115152,0.2821435340625241
0.31351681532530606,0.4234872687661867,0.22521530257542954,0.26821574677228877,0.40499745009920496,0.41538323968491897,0.38748683635704495,0.26812026539610645,0.30293579993937103,0.26846149862061397,0.4996947050997981,0.26376431961604596,0.5590543280190652,0.2648504936820366,0.2603457135152617,0.37039617531127333,0.3665626525997425,0.5216050471902822,0.4781871440472334,0.3849351858905058,0.5353919162697862,0.6546711511044716,1.0,0.3680517074906412,0.3697716624247649,0.3705362266333424,0.5348992585849877,0.26366690141392146,0.2989824460558007,0.30112959475128054,0.24573582746622602,0.48881314696135414,0.0,0.6362650053950046,0.41996054851810916,0.26103548293938494,0.36501522884994364,0.4941508947453619,0.24687062592654374,0.5248868298919718,0.24971813638538765,0.4189369646411928,0.529418828576528,0.2650840777724909,0.2648582651675049,0.278942693325697,0.42033138492475497,0.4207544835603373,0.2618824235770265,0.308217933578946
0.28672462642944896,0.5010305385038092,0.19966849928596742,0.24995718374203646,0.3890378513686984,0.5353577439259762,0.3337603325157892,0.26543079024098504,0.2714844940442265,0.2539962238020599,0.3911946086265159,0.268570961521999,0.3709183443536336,0.24619718734908758,0.23882358733196252,0.34263201778163965,0.5496186689931226,0.3635351146607929,0.3407841348473968,0.3210663583666781,0.35197265711519554,0.3781036521323675,0.3680517074906412,1.0,0.5588955940688013,0.5090420701054575,0.35981367365890515,0.23368731109926266,0.2845651971787251,0.2707634440610738,0.24532608564756275,0.39347174324760015,0.0,0.3641462765898873,0.5386706593837769,0.23471090581913834,0.3206189148652461,0.37376188869197735,0.22160204446455334,0.36119002811569,0.2526826364785302,0.4518803201665257,0.36300393869564085,0.2540008726610484,0.25824213498863313,0.26179532427854035,0.43266900653727747,0.43305436756866034,0.2363816760962204,0.283477200710634
0.2905258765358856,0.5187583717477072,0.19930523911576425,0.2513644110799592,0.37026009968496765,0.5447074652682911,0.3297586562803637,0.25799131990325375,0.26066495816430124,0.2555710450668558,0.38599357450106353,0.26421092496865084,0.366760876241089,0.24671739111516833,0.23869391093005177,0.3449124695796104,0.49980808547480216,0.35507584084790234,0.3480781555209511,0.3218741843662264,0.35007872541121376,0.3809300155148575,0.3697716624247649,0.5588955940688013,1.0,0.4990304568095931,0.3533389539824967,0.2318211078936525,0.26893684346089985,0.2613434432397327,0.23849882440995518,0.42801987264092045,0.0,0.36148082966214656,0.5372377301418715,0.2323992289494794,0.31798737398630106,0.376959464851942,0.22429593440187678,0.3624290118085822,0.24600643539779654,0.43226439342942924,0.37233325297848474,0.26483480504135504,0.2624379782900679,0.26685842616042166,0.43245178648940397,0.4340058596962584,0.2461797666840264,0.28030753455400925
0.28339116190674496,0.4573212528481595,0.199615985302124,0.25130994942495355,0.39058646127164853,0.4576663227463612,0.32994080492470856,0.2610559831909528,0.26812938835554767,0.2583060699275229,0.3962059159827066,0.2617455051835602,0.3779670008176953,0.25018398960744137,0.24284209883783114,0.3636638809142715,0.5222565182999797,0.3662191710010759,0.3445280138925986,0.32504565228427007,0.36635190617636515,0.3725027160219575,0.3705362266333424,0.5090420701054575,0.4990304568095931,1.0,0.3637926986361475,0.24019247819754674,0.2772464110837236,0.2730978889162805,0.24442108574048071,0.3884057614654449,0.0,0.3621182989832954,0.4745292172976914,0.2380275761435915,0.32455865641738413,0.3813450206989627,0.22475392950595596,0.37385655400817963,0.25086645032307053,0.4490019320498496,0.3711778511616879,0.26349271776947925,0.2636093720921845,0.26210335812520624,0.44877847337969967,0.44931159939563514,0.25035519879978696,0.2875810119052665
0.3017448252945434,0.415190891910048,0.2252861601137901,0.26066250061140284,0.40747723048921614,0.39245503113658076,0.35091255280459943,0.26129673686331256,0.29836280404366256,0.2685689297459454,0.5058535005296648,0.2591003128207231,0.5518993203740377,0.2620897005671655,0.25362298562675,0.34286490814463577,0.3513066213175716,0.4916890629617805,0.48372628150616537,0.3516496329903135,0.5055747847972828,0.49197686383088224,0.5348992585849877,0.35981367365890515,0.3533389539824967,0.3637926986361475,1.0,0.2562947997831436,0.29912224032099566,0.30113493754187526,0.24583433104587948,0.48487835450574757,0.0,0.5074063095563897,0.4072325607790005,0.25020359944679726,0.3303265584253102,0.5857756939344825,0.2274435035445237,0.5480476006577388,0.24919969548108956,0.4156938814554374,0.6195706904653,0.26152713186643406,0.2567319966449597,0.28213017125071727,0.41422151850562183,0.4140543412980373,0.2631875847504408,0.30439442177480547
0.2776693726443523,0.27401433768332717,0.21184806112534527,0.5219866977242977,0.22805285221959537,0.2584656800022058,0.25592765937375406,0.6863175585120119,0.26143491542523767,0.5115645453371123,0.26518623299936617,0.4884319900236229,0.2626539849763818,0.5146708844810738,0.4943661554204013,0.25271626755026744,0.24117218577244104,0.2592821032247429,0.23675509506019377,0.25664107201172326,0.2510188844178832,0.2358347643983283,0.26366690141392146,0.23368731109926266,0.2318211078936525,0.24019247819754674,0.2562947997831436,1.0,0.3084158712071243,0.26583532613344085,0.4668447445878744,0.25069240786636826,0.0,0.24980098445539756,0.25620334976026904,0.392424502716887,0.239895494492957,0.2671451076554736,0.4020378332166378,0.2596460116637469,0.48321471419710993,0.26153018911233017,0.25965666753504324,0.8014491004134955,0.7614218031053829,0.2956178529373882,0.26370279149499287,0.26351701239107017,0.45593555024861976,0.3073310716593106
0.34389223876890285,0.30972533553333226,0.24642383574488957,0.30218519896199136,0.27735782311076795,0.30080970931563733,0.2909960833700197,0.30667137315643234,0.32778358365056104,0.31603476735834946,0.3057966816334836,0.31086214609591944,0.3000441319820485,0.3119033189429572,0.29956357517482857,0.28463379384504284,0.27946076155497535,0.29678589461054905,0.2743891183313899,0.2915962206718302,0.2869575729715752,0.26954769185970084,0.2989824460558007,0.2845651971787251,0.26893684346089985,0.2772464110837236,0.29912224032099566,0.3084158712071243,1.0,0.32668510249945637,0.2903478198853585,0.28893684627177885,0.0,0.2882250515079464,0.2915244728513716,0.291978826830523,0.274333563810532,0.2967494115908872,0.26906465985991446,0.29985211554612456,0.2892512222030159,0.29166633305413747,0.3009001865191182,0.3058874904404507,0.30746872622292365,0.39457787556379575,0.2950131358096474,0.2952927084223277,0.30135255046315534,0.6131459767217896
0.3863518417057933,0.30772550501273643,0.24828490623299038,0.2760328079695771,0.2662057118961103,0.28969786926672214,0.2914891542779122,0.2708275487145928,0.3931525486520675,0.2829076871362488,0.31055918778879366,0.28228021805050174,0.3119441998267526,0.27018253336919074,0.269909874179035,0.2919722655303736,0.26464841699113684,0.30459783012410513,0.2722611647376604,0.2926438735191177,0.29575825362673824,0.2741356350881704,0.30112959475128054,0.2707634440610738,0.2613434432397327,0.2730978889162805,0.30113493754187526,0.26583532613344085,0.32668510249945637,1.0,0.2608247826593185,0.2777272500793324,0.0,0.2857013004274048,0.2975821617555585,0.25720489384564427,0.2757531558662285,0.2935401188471818,0.24521476912293316,0.31139524043028954,0.266310382772328,0.30193576693534174,0.3072311210212795,0.2691096029953013,0.26533709923797266,0.32182731876146387,0.3055765700234433,0.3056922296723966,0.27009638221985444,0.34196706074431704
0.2664003756591219,0.26274747078437355,0.19862370663376727,0.5059163821050348,0.2281261893581651,0.2555602055973787,0.24708757131760728,0.4652954285579832,0.2556619527251689,0.5171994117334886,0.2517831680122694,0.45723805877706625,0.25147917398021835,0.49167530965855444,0.48876574044052556,0.24547491079544703,0.2502265920671116,0.2461844079432709,0.22300522478952822,0.24490089690476735,0.23706235569406486,0.22247669962389138,0.24573582746622602,0.24532608564756275,0.23849882440995518,0.24442108574048071,0.24583433104587948,0.4668447445878744,0.2903478198853585,0.2608247826593185,1.0,0.23789721876444803,0.0,0.24066420016959,0.2573780654549994,0.3878140361858752,0.23140318691735762,0.2536405047788437,0.38136158999203684,0.2497923566708955,0.6542787094133617,0.26094851142029074,0.2461676285961819,0.4732233553516336,0.46871762990686583,0.28647384308426427,0.25659650600857475,0.25640256405902684,0.42987168538926157,0.2969954023892154
0.2938148588934487,0.40064131305642525,0.21484282165251956,0.2563040293386747,0.4239556414881185,0.39900557492764366,0.340003194183621,0.25634996845294156,0.27977889456039307,0.2542254587388353,0.46898158295738335,0.25764366597193433,0.493818359455255,0.2509732483492543,0.25373105896068926,0.3398307611935719,0.40922300407935586,0.4403436520754087,0.4547803793653802,0.33776749974183007,0.46463323827846037,0.47314493267727176,0.48881314696135414,0.39347174324760015,0.42801987264092045,0.3884057614654449,0.48487835450574757,0.25069240786636826,0.28893684627177885,0.2777272500793324,0.23789721876444803,1.0,0.0,0.47627586523806653,0.3952273144287324,0.2384244284742103,0.33333722747785755,0.48752321171588264,0.22690525380201876,0.48812774410316684,0.23616987961025593,0.3940227356428977,0.4945886692077074,0.2555045171217135,0.2575470132332136,0.268016271935412,0.40675047771493966,0.4081581644244131,0.244275199527777,0.28877204404642465
0.0,0.0,0.0,0.0,0.0,0.0,0.0,0.0,0.0,0.0,0.0,0.0,0.0,0.0,0.0,0.0,0.0,0.0,0.0,0.0,0.0,0.0,0.0,0.0,0.0,0.0,0.0,0.0,0.0,0.0,0.0,0.0,1.0,0.0,0.0,0.0,0.0,0.0,0.0,0.0,0.0,0.0,0.0,0.0,0.0,0.0,0.0,0.0,0.0,0.0
0.3008467914684404,0.4039025727051573,0.22026338827261793,0.2554062662605949,0.39781432366474034,0.402538947523029,0.35630753293707584,0.2608422762098749,0.28672244202544084,0.2585485703871995,0.4789372960076351,0.25940249934788795,0.5481412996992809,0.2510951334318554,0.24755824137013782,0.3492602353837314,0.36559655963478144,0.4685424602545507,0.4804418083036902,0.3523508930802831,0.4928360217712531,0.5959393827420854,0.6362650053950046,0.3641462765898873,0.36148082966214656,0.3621182989832954,0.5074063095563897,0.24980098445539756,0.2882250515079464,0.2857013004274048,0.24066420016959,0.47627586523806653,0.0,1.0,0.4098374244525974,0.26068239319650777,0.34002483473506007,0.4862148354128578,0.25138239674776397,0.5095909276434125,0.242247853206621,0.40780454263271537,0.5063466833893693,0.2543170088918546,0.2549882157906431,0.26620049642060906,0.41092387265146224,0.41174654745577555,0.24662337657790678,0.29641794187984616
0.30905569000647826,0.570201890256185,0.21565409573333405,0.266964772915651,0.3760189037354087,0.5713429052984665,0.37523319020079327,0.2768408868909381,0.2935236268375231,0.27652540860187524,0.42453207801469883,0.2778587994166637,0.4200481998228145,0.26750667399468864,0.2602945950188822,0.3658997747259155,0.48300028799074357,0.416289089013546,0.38164972916898554,0.3677790061502533,0.40455828191244547,0.38542905611439016,0.41996054851810916,0.5386706593837769,0.5372377301418715,0.4745292172976914,0.4072325607790005,0.25620334976026904,0.2915244728513716,0.2975821617555585,0.2573780654549994,0.3952273144287324,0.0,0.4098374244525974,1.0,0.25369027727330473,0.34813081088044495,0.40837668622401135,0.24400520890967847,0.4152642382350954,0.26713141815264974,0.4969477452643042,0.417825033930902,0.2694511239516859,0.26938428172151063,0.2812317272121061,0.4808280174743963,0.4807871976183309,0.2609546848617812,0.30827394042797684
0.2689761761388182,0.2558133362023096,0.20050783129651062,0.4033322353735256,0.22074260734823659,0.2564984652895226,0.25993068388234875,0.3899913260865717,0.2585675409948033,0.4137636621856612,0.259334229390883,0.3956794459327132,0.2505010130696913,0.3990934329754289,0.394617257101063,0.2532761245701699,0.2395853579720405,0.2620678004693566,0.24339013370389673,0.2566914970274007,0.253879679494592,0.23843599239444446,0.26103548293938494,0.23471090581913834,0.2323992289494794,0.2380275761435915,0.25020359944679726,0.392424502716887,0.291978826830523,0.25720489384564427,0.3878140361858752,0.2384244284742103,0.0,0.26068239319650777,0.25369027727330473,1.0,0.24567371644846392,0.2475132911903648,0.3788528894906864,0.2566627933937389,0.3927632975640635,0.25623406490586476,0.2525729170573444,0.3970929458571052,0.3965341452226435,0.2782077391167248,0.2527695108227095,0.25259255826376914,0.3997491746398095,0.296150721726977
0.29419173821285804,0.34013174975931215,0.20673809097955864,0.2490923864334511,0.30136213486614216,0.3373479064995504,0.7797783701806811,0.24698938296368977,0.28263581207107435,0.25014816259087125,0.34164440692082276,0.24647035669716766,0.3373149185925193,0.24294274520360848,0.2375967643334761,0.7234457497156053,0.3151467911921594,0.3589973044162982,0.33777640039430223,0.7848272281694902,0.3559941288861094,0.33487062291525116,0.36501522884994364,0.3206189148652461,0.31798737398630106,0.32455865641738413,0.3303265584253102,0.239895494492957,0.274333563810532,0.2757531558662285,0.23140318691735762,0.33333722747785755,0.0,0.34002483473506007,0.34813081088044495,0.24567371644846392,1.0,0.32371770563543234,0.22246923907771898,0.3288194633698893,0.23357870680238602,0.34702081187499134,0.3388342582957753,0.24386900721619165,0.24395919557232315,0.2552615939905273,0.3357839981434373,0.3352273387687874,0.23543948308658513,0.28575077991432696
0.3109969369759328,0.42673109418786836,0.22611259042179,0.2638304655828082,0.4215745047503593,0.4159163702056097,0.34075781369291835,0.28426542824220924,0.2885037503315585,0.27182832608589647,0.4911367712646091,0.27096189341326027,0.5173676075051016,0.26754049497610355,0.25727043020812845,0.33709588338274343,0.3667854371549152,0.4573618765834421,0.4589598999603619,0.3389905868917664,0.474333466371195,0.4796570918703513,0.4941508947453619,0.37376188869197735,0.376959464851942,0.3813450206989627,0.5857756939344825,0.2671451076554736,0.2967494115908872,0.2935401188471818,0.2536405047788437,0.48752321171588264,0.0,0.4862148354128578,0.40837668622401135,0.2475132911903648,0.32371770563543234,1.0,0.243975157425126,0.5190058140549041,0.2598296077146458,0.42255410152266526,0.6154984779490532,0.27628491346975703,0.27048661776762817,0.2821890552771694,0.42607779433793014,0.42701031311591386,0.26448797022474035,0.3060506084740847
0.2590251356397343,0.2404920150145593,0.19014174017900087,0.41260271696128525,0.2575568664553277,0.2527833220703153,0.24317317198932153,0.39603247275132447,0.238639743716474,0.4242943304963924,0.23511194136345837,0.4151491172553228,0.23484575651961304,0.4070571700473886,0.4045711873610144,0.2264383202607323,0.23914387823031646,0.24185609828331112,0.22542865767880427,0.23562686517860187,0.23394502776681825,0.22004889020118756,0.24687062592654374,0.22160204446455334,0.22429593440187678,0.22475392950595596,0.2274435035445237,0.4020378332166378,0.26906465985991446,0.24521476912293316,0.38136158999203684,0.22690525380201876,0.0,0.25138239674776397,0.24400520890967847,0.3788528894906864,0.22246923907771898,0.243975157425126,1.0,0.2357320976740238,0.38810850561767984,0.2494119742430565,0.2353333740095288,0.40581097882651207,0.4106933772014245,0.26182645648991676,0.24073132801346508,0.2404268960450876,0.38216935007607766,0.279063539597728
0.30711278626320526,0.42670486320744727,0.22812311121368611,0.2630126041912354,0.4166817550433949,0.40623787485970675,0.3528483776834562,0.26552631185850584,0.3005188189108996,0.27448039044337547,0.5299926304891243,0.2639491322442449,0.5619543203223358,0.2632898708532556,0.2590311690945982,0.3440662038748117,0.3555930654812246,0.490897711336827,0.4759769250201443,0.3544099538883688,0.5101351506948206,0.49321092751052276,0.5248868298919718,0.36119002811569,0.3624290118085822,0.37385655400817963,0.5480476006577388,0.2596460116637469,0.29985211554612456,0.31139524043028954,0.2497923566708955,0.48812774410316684,0.0,0.5095909276434125,0.4152642382350954,0.2566627933937389,0.3288194633698893,0.5190058140549041,0.2357320976740238,1.0,0.25296350348680685,0.4222412691572853,0.5463441270817873,0.26191223285247,0.2619290493397145,0.28958056760941675,0.4385548837290675,0.43833575671138025,0.26231099437472594,0.313728913888604
