../ecoli_genomes/GCF_000163235.1_ASM16323v1_genomic.fna.gz,../ecoli_genomes/GCF_000164555.1_ASM16455v1_genomic.fna.gz,../ecoli_genomes/GCF_000208545.1_ASM20854v2_genomic.fna.gz,../ecoli_genomes/GCF_000233875.1_ASM23387v1_genomic.fna.gz,../ecoli_genomes/GCF_000249735.1_ASM24973v2_genomic.fna.gz,../ecoli_genomes/GCF_000261145.1_Esch_coli_M919_V2_genomic.fna.gz,../ecoli_genomes/GCF_000267705.2_ASM26770v2_genomic.fna.gz,../ecoli_genomes/GCF_000350665.1_Esch_coli_KTE5_V1_genomic.fna.gz,../ecoli_genomes/GCF_000351625.1_Esch_coli_KTE66_V1_genomic.fna.gz,../ecoli_genomes/GCF_000352285.1_Esch_coli_KTE46_V1_genomic.fna.gz,../ecoli_genomes/GCF_000358895.1_ASM35889v1_genomic.fna.gz,../ecoli_genomes/GCF_000456385.1_Esch_coli_HVH_26_4-5703913_V1_genomic.fna.gz,../ecoli_genomes/GCF_000458195.1_Esch_coli_HVH_147_4-5893887_V1_genomic.fna.gz,../ecoli_genomes/GCF_000459755.1_Esch_coli_KOEGE_58_171a_V1_genomic.fna.gz,../ecoli_genomes/GCF_000460055.1_Esch_coli_UMEA_3053-1_V1_genomic.fna.gz,../ecoli_genomes/GCF_000462165.2_ASM46216v2_genomic.fna.gz,../ecoli_genomes/GCF_000601135.1_ASM60113v1_genomic.fna.gz,../ecoli_genomes/GCF_000614595.1_Ec2010EL1058_genomic.fna.gz,../ecoli_genomes/GCF_000617745.1_Ec2010C-4529_genomic.fna.gz,../ecoli_genomes/GCF_000618265.2_EcF6751_genomic.fna.gz,../ecoli_genomes/GCF_000619005.2_Ec2009C-4052_genomic.fna.gz,../ecoli_genomes/GCF_000619105.1_Ec2009C-4780_genomic.fna.gz,../ecoli_genomes/GCF_000619765.2_Ec2009C-3279_genomic.fna.gz,../ecoli_genomes/GCF_000687005.1_ASM68700v1_genomic.fna.gz,../ecoli_genomes/GCF_000687025.1_ASM68702v1_genomic.fna.gz,../ecoli_genomes/GCF_000700125.1_ASM70012v1_genomic.fna.gz,../ecoli_genomes/GCF_000753315.1_FHI35_genomic.fna.gz,../ecoli_genomes/GCF_000776375.1_ASM77637v1_genomic.fna.gz,../ecoli_genomes/GCF_000779395.1_ASM77939v1_genomic.fna.gz,../ecoli_genomes/GCF_000780315.1_ASM78031v1_genomic.fna.gz,../ecoli_genomes/GCF_000781995.1_ASM78199v1_genomic.fna.gz,../ecoli_genomes/GCF_000986765.1_ASM98676v1_genomic.fna.gz,../ecoli_genomes/GCF_001041375.1_ViralProj287958_genomic.fna.gz,../ecoli_genomes/GCF_001265335.1_302014_genomic.fna.gz,../ecoli_genomes/GCF_001265625.1_100854_genomic.fna.gz,../ecoli_genomes/GCF_001267345.1_303289_genomic.fna.gz,../ecoli_genomes/GCF_001309985.1_ASM130998v1_genomic.fna.gz,../ecoli_genomes/GCF_001521695.1_ASM152169v1_genomic.fna.gz,../ecoli_genomes/GCF_001592595.1_ASM159259v1_genomic.fna.gz,../ecoli_genomes/GCF_001614975.1_ASM161497v1_genomic.fna.gz,../ecoli_genomes/GCF_001692775.1_ASM169277v1_genomic.fna.gz,../ecoli_genomes/GCF_001748915.1_ASM174891v1_genomic.fna.gz,../ecoli_genomes/GCF_001749235.1_ASM174923v1_genomic.fna.gz,../ecoli_genomes/GCF_001881155.1_ASM188115v1_genomic.fna.gz,../ecoli_genomes/GCF_001881345.1_ASM188134v1_genomic.fna.gz,../ecoli_genomes/GCF_001892405.1_ASM189240v1_genomic.fna.gz,../ecoli_genomes/GCF_001892585.1_ASM189258v1_genomic.fna.gz,../ecoli_genomes/GCF_001893985.1_ASM189398v1_genomic.fna.gz,../ecoli_genomes/GCF_002001595.1_ASM200159v1_genomic.fna.gz,../ecoli_genomes/GCF_002002145.1_ASM200214v1_genomic.fna.gz
1.0,0.7984260048573687,0.7813993518644866,0.770146415438614,0.7540473827103287,0.7782830646301875,0.778472093688743,0.7721166958678638,0.8173494720317462,0.7828045336151275,0.7813307246555111,0.7793558269496161,0.775748710480387,0.7543657389231221,0.7605124255554622,0.7822174959024354,0.7255642528244369,0.7770987621134768,0.7331729290989428,0.7832202743811605,0.7772752416345575,0.7656483099886353,0.7920619211931881,0.7372532053989316,0.7550971315112558,0.7029249282505996,0.7825707721222374,0.758974834937694,0.7879355639550071,0.8087750258274442,0.7481869123560609,0.7820721322767394,0.05393203115773304,0.777133966683256,0.7769039177306981,0.768279421600145,0.7629065876479233,0.7768556874785886,0.6933849373517854,0.7849174197852712,0.7555769327638049,0.7771775580302954,0.7816737040573255,0.7677614329166293,0.7726711968099846,0.778030389458918,0.7784430476173312,0.7787177857351758,0.7690845754839726,0.7951531298974318
0.7984260048573687,1.0,0.7789505104682517,0.7815120049835711,0.7760194503868703,0.8212528191261659,0.7908170407248428,0.7756209582245944,0.7895416042806342,0.7919772515241962,0.8081955481877336,0.7886357604435624,0.8071105482885724,0.764125850458182,0.773583699381835,0.7978670767986835,0.7484655383641647,0.8129599723279646,0.7556188394303142,0.797964534265482,0.8071772354246052,0.786015855873198,0.8158651394827812,0.7726979403484721,0.7901146034446231,0.716284815628794,0.8147288020093677,0.7671100254378853,0.7892778181079352,0.7943635292066298,0.763335690948304,0.8008600980085996,0.05499736514699727,0.8036881678223747,0.8319694573071057,0.7744558697840127,0.7784865813757172,0.8064726369215656,0.6866777151404132,0.8182323423916497,0.7713060720792908,0.8186115968720212,0.8131658274099491,0.7756818434369226,0.7791125894700176,0.7741647432721582,0.8235771161451881,0.8226948904225746,0.7832724759288611,0.7872663134057465
0.7813993518644866,0.7789505104682517,1.0,0.7578702705712037,0.7353234437431662,0.7535888717223638,0.7662930228680658,0.7533272776571001,0.773825486865985,0.7622374688114587,0.7640138590078636,0.7594411052245738,0.7638516223718936,0.7398369199381574,0.7514198939632736,0.7714202123138056,0.7063118983469567,0.7713591849975441,0.7253909739504567,0.772646193731671,0.77143208767669,0.7510247792014509,0.7731373494679958,0.7063161690868385,0.7255735221083003,0.6766744634757218,0.772283980884996,0.7445985718072157,0.7722073824763871,0.7816475178230833,0.7374752677980738,0.752946551589496,0.06100854583799875,0.7645512488087772,0.7547429870151587,0.758265447894555,0.7511008564046713,0.7584659902772257,0.6660171852910055,0.7732070116057858,0.745369184743122,0.7641305980777702,0.7721769671831924,0.7537937702270885,0.7536585799613583,0.763305238318132,0.7662861565492995,0.7648765393379471,0.762335807209518,0.7787069832835284
0.770146415438614,0.7815120049835711,0.7578702705712037,1.0,0.7481257935746006,0.7571341330039671,0.7563892352975927,0.8350724660481343,0.7690467124807316,0.8397907384253774,0.7663411928729769,0.8419323392827148,0.7651415892883499,0.844542705131152,0.8572538003332306,0.7662021234356352,0.7170010784505892,0.7751923160318546,0.7208872675990654,0.763588255853621,0.7713717816303463,0.7488313638351276,0.7835233115804829,0.7165439292141176,0.737410937400067,0.6878634554977963,0.7695696298982577,0.8279287358257894,0.7682012903666395,0.7714197440375374,0.8207930114146522,0.768256012380405,0.05487940083033438,0.7618728054086134,0.7639269325362257,0.8074920038402732,0.7453301281004205,0.7608306464047616,0.7134946346241766,0.7712770283285131,0.8390218096953953,0.7636348403852458,0.7643555816660257,0.8430924348079882,0.8392932701176955,0.7680663368698752,0.7686894054964423,0.7700016427492153,0.8245312827537508,0.7782924984083225
0.7540473827103287,0.7760194503868703,0.7353234437431662,0.7481257935746006,1.0,0.7779349010523022,0.7570080066107704,0.7409507837900604,0.7582748345872261,0.7522704323935565,0.7939455827397386,0.7465029603662735,0.7865585411627344,0.737555521409407,0.7476199278962022,0.7681967546672425,0.754653988447924,0.7810849247769893,0.7331818083359862,0.7608220806587722,0.7828238777713439,0.7607011265210352,0.7872680070985802,0.7614119545459046,0.7624530448167123,0.7178231753264771,0.7848112954025326,0.7263719150441996,0.7492484170642955,0.7537047903446432,0.7346313115110925,0.7978789591946132,0.05013652713409822,0.7873161731608738,0.7792875618316919,0.7399542863152542,0.7536493480258319,0.7842718462796185,0.6781950217413615,0.7907845180803896,0.7472425593781542,0.7789817842253397,0.7908804153569745,0.7363669303494285,0.7392395734043775,0.7422831632253397,0.7810923613763621,0.7819683659672936,0.7393843292029496,0.7516503241332997
0.7782830646301875,0.8212528191261659,0.7535888717223638,0.7571341330039671,0.7779349010523022,1.0,0.7877702184982609,0.7536859529571831,0.7796848488270072,0.7577146613363905,0.7875294192259478,0.7588249873073645,0.7889227654058916,0.7376571379535584,0.75000640871366,0.7899035413708032,0.7490526750993991,0.7979669311305997,0.7507597646514005,0.7898633881977444,0.7913380005697819,0.798862647596825,0.8034701405883802,0.7654778620423517,0.7813056387600292,0.7125360939569131,0.7887792050704243,0.7437273916109075,0.7676272556634667,0.7685203010662692,0.7354754364999971,0.7902873465159078,0.05027159520303881,0.794184107943117,0.8175718607255742,0.7577832187329083,0.7764018474791684,0.7871468502948933,0.6781273268698222,0.796590700106169,0.743730774300329,0.8039959062959533,0.7924711924789581,0.7517720658081632,0.7551200960842857,0.7634897748435446,0.8071740462413526,0.8087005421416545,0.7497183048124497,0.7733882764155127
0.778472093688743,0.7908170407248428,0.7662930228680658,0.7563892352975927,0.7570080066107704,0.7877702184982609,1.0,0.7551890839124838,0.7838353152326301,0.7609308751690024,0.7795754127221919,0.7620985477346968,0.782513134995405,0.7464241799689394,0.7563988837261517,0.9070263255814146,0.7211954896902084,0.8134624807275319,0.7555692120461752,0.940947983089081,0.8040352512781557,0.786986781699472,0.8116439293578124,0.7291278744175034,0.7464957103402031,0.6904645407006837,0.7913029385986429,0.7440698459029875,0.7757216739094264,0.775004623069249,0.7439680894841645,0.7777503861548148,0.04995284541527156,0.7971494640199237,0.7872158357305159,0.7649052780737333,0.9146696515397511,0.7730231439646207,0.6728135451559916,0.792891443067949,0.7488628639394017,0.7834542236123067,0.7932773188214681,0.7519014304723465,0.7520877482302001,0.7671372466412097,0.7822179046265609,0.7816369001559085,0.7503010764668296,0.7813519457188907
0.7721166958678638,0.7756209582245944,0.7533272776571001,0.8350724660481343,0.7409507837900604,0.7536859529571831,0.7551890839124838,1.0,0.7691843502611981,0.8332639537926307,0.762718916037495,0.8310373858850068,0.7623499711168366,0.813843712697333,0.8201570341235009,0.7622279616760864,0.7111902886868718,0.7670414306970152,0.7219145136051023,0.760684328367735,0.7616243225675127,0.745724293830281,0.7739891266553044,0.7202923578043203,0.7327049433637068,0.6829581067516293,0.7673557349129508,0.8857369617181021,0.7748038362770487,0.7682153905294486,0.8220868991500259,0.7649620772504964,0.061199193507356586,0.758191833809273,0.7568417604195927,0.8030075468870717,0.7404494698086814,0.7644734690472216,0.705494383021626,0.7697505890673395,0.8168600245800729,0.7587238956155593,0.7656890270716958,0.8926339367476408,0.8809190488849162,0.7705620205440131,0.7579334029217029,0.7587839686484121,0.8201655814347389,0.7783609855726221
0.8173494720317462,0.7895416042806342,0.773825486865985,0.7690467124807316,0.7582748345872261,0.7796848488270072,0.7838353152326301,0.7691843502611981,1.0,0.7787874587804137,0.7783975591480197,0.7735948831705052,0.7782602182144843,0.7538395607825464,0.7632769724253781,0.789799452199426,0.7197880334640414,0.7792774933036651,0.7336872735662993,0.7900445111495282,0.7843633597606172,0.7723560219466351,0.792076762952548,0.7306548309795071,0.7430917911442205,0.6900014268746175,0.7820184487410632,0.7568156756998279,0.7836812059359565,0.8158756493270934,0.7505959861645042,0.7819704649508441,0.04844713897795261,0.7801864803244482,0.7737845426639579,0.7737200938740978,0.7719234275774418,0.7669227371978651,0.6858735844375143,0.7878438317037364,0.7624903116253927,0.7738735759738709,0.7859584640758637,0.7612152390245182,0.7637282282650184,0.7771238976926917,0.7802566916742101,0.7811651710376251,0.7655851937551323,0.7920915360513849
0.7828045336151275,0.7919772515241962,0.7622374688114587,0.8397907384253774,0.7522704323935565,0.7577146613363905,0.7609308751690024,0.8332639537926307,0.7787874587804137,1.0,0.77445880296548,0.8375238444080414,0.7762909240793123,0.8233260580685009,0.8312465109037201,0.7717926498443148,0.7110393389081741,0.7730640323586476,0.7238714766650892,0.7685633796201519,0.7721367761468672,0.7554399504783602,0.7759156151007015,0.720178126705477,0.7380957757496192,0.6829400911089323,0.7751844133358471,0.823664770742283,0.7837292334717014,0.7797742151946625,0.8244516205407011,0.762304225171672,0.053220504215014786,0.7613470694022902,0.768274581118835,0.8142864489091107,0.7470047241058637,0.7693994429318282,0.7149434219746784,0.7819666794682385,0.8438708771853167,0.766739237941316,0.7729143568840379,0.8317078713044311,0.8332922627171159,0.768685097531553,0.7734112482309399,0.7724334708208933,0.8365924257402699,0.7826267901110605
0.7813307246555111,0.8081955481877336,0.7640138590078636,0.7663411928729769,0.7939455827397386,0.7875294192259478,0.7795754127221919,0.762718916037495,0.7783975591480197,0.77445880296548,1.0,0.769910681329754,0.8366985671860134,0.7515604911950684,0.7605053325504179,0.784316427871606,0.7304770341460401,0.8256338763478132,0.7694391772124234,0.7843763841907699,0.8218802776130845,0.8060125946157,0.8240866576324943,0.751305781117164,0.7432332923011546,0.7014646941847171,0.8318280428022701,0.7555884405014803,0.7674638261142674,0.7846841279779805,0.7465549298925056,0.8003773083935231,0.05210861117324783,0.8100157498942695,0.797022011498272,0.7685194387733725,0.7678976412332983,0.8133493131490559,0.6777654982961352,0.8393209481714783,0.7598667532897163,0.8087667683983408,0.8265633505394516,0.7601715584009557,0.7589135002359514,0.7528126222237557,0.8069942056397822,0.8051374693272674,0.7652072585302794,0.7715508152474763
0.7793558269496161,0.7886357604435624,0.7594411052245738,0.8419323392827148,0.7465029603662735,0.7588249873073645,0.7620985477346968,0.8310373858850068,0.7735948831705052,0.8375238444080414,0.769910681329754,1.0,0.7670909035262046,0.8252170447672695,0.8613651784088117,0.7714651650288541,0.7236938708855074,0.7693779155974347,0.7270224256049324,0.7687412517005351,0.7687969849683569,0.7562933458329333,0.7801000510570727,0.7264933602434571,0.7463368842944154,0.695972992709201,0.770945206728221,0.8175169494468988,0.7772097298561662,0.7728148984245415,0.8040193229453294,0.7691028884905438,0.057597345025362956,0.7626307872452163,0.7631678252465208,0.8059849479532294,0.7480669851404562,0.7650047440687373,0.7140341510902368,0.7762921804178841,0.8200878815337571,0.7687085191807037,0.7692853502383051,0.8367235451506765,0.836182753537019,0.775100827497412,0.7743094661802647,0.7756128877600159,0.8205474399607624,0.7830888676156295
0.775748710480387,0.8071105482885724,0.7638516223718936,0.7651415892883499,0.7865585411627344,0.7889227654058916,0.782513134995405,0.7623499711168366,0.7782602182144843,0.7762909240793123,0.8366985671860134,0.7670909035262046,1.0,0.7468543721999906,0.7558531235202173,0.7908931921953583,0.7296999379586758,0.8271398390273694,0.8164946575309099,0.7894475799568477,0.8251835247666385,0.8391230830722569,0.8396850844724697,0.7500439491199531,0.7461497654108311,0.7021088598149718,0.8467032269312075,0.750128958339816,0.7706598411457106,0.7840928836050863,0.7447686462687533,0.8186510948176198,0.05382660790116789,0.8286136029808289,0.7985774101463508,0.7556177298987634,0.7772245467504333,0.8221288230222399,0.6751743361085418,0.8478386276567027,0.7601866279626464,0.8022990035800693,0.8370042495072733,0.7541467116673972,0.7548918475639579,0.7572157625710699,0.8020426574412886,0.8001287243608805,0.758056930324273,0.7721120280177816
0.7543657389231221,0.764125850458182,0.7398369199381574,0.844542705131152,0.737555521409407,0.7376571379535584,0.7464241799689394,0.813843712697333,0.7538395607825464,0.8233260580685009,0.7515604911950684,0.8252170447672695,0.7468543721999906,1.0,0.8476989197364396,0.7545014711722027,0.695929590686891,0.7580932368867551,0.7107841142693696,0.7542382773021288,0.7544054729721356,0.7369389020963459,0.766890740157977,0.6983225534715374,0.7210905304194346,0.6655646568678828,0.7562632425443214,0.8139331009738959,0.7561139435748827,0.7588627242968142,0.8131344892300902,0.7476696298623633,0.05853857358189296,0.7467521768876375,0.7473891921064097,0.7979362884415971,0.7355687477974509,0.7477963487401885,0.7030532624928412,0.756937262272183,0.8279620703205599,0.7496162073584443,0.7517493524405972,0.8271293623556031,0.82507957061541,0.7627940211426896,0.7527760758555169,0.754262245911103,0.8177118478286851,0.7663332289610243
0.7605124255554622,0.773583699381835,0.7514198939632736,0.8572538003332306,0.7476199278962022,0.75000640871366,0.7563988837261517,0.8201570341235009,0.7632769724253781,0.8312465109037201,0.7605053325504179,0.8613651784088117,0.7558531235202173,0.8476989197364396,1.0,0.7648443556649048,0.7112247202248179,0.7677767215916155,0.7162133684197025,0.7635761936272115,0.7611869843987483,0.7424614315013428,0.7732098134157974,0.7094636961276151,0.7356330820347283,0.6780410621419362,0.7639577427433021,0.8119685611052032,0.7670062551708472,0.766796491649476,0.8191677222434237,0.7615105816646882,0.05286890539579736,0.7534735285176662,0.7553224856426859,0.8018461850681321,0.7439874990814734,0.7598855724236586,0.7067255345087724,0.7634350490281121,0.833490484993307,0.7615506602565796,0.7625621035377377,0.8257890960406411,0.8246762087078395,0.770109994523903,0.7662550152064249,0.7682561141281371,0.8171829757430081,0.7802956463579851
0.7822174959024354,0.7978670767986835,0.7714202123138056,0.7662021234356352,0.7681967546672425,0.7899035413708032,0.9070263255814146,0.7622279616760864,0.789799452199426,0.7717926498443148,0.784316427871606,0.7714651650288541,0.7908931921953583,0.7545014711722027,0.7648443556649048,1.0,0.7298404056733394,0.81054456607179,0.7561931781520349,0.9154814248978655,0.8013969519468147,0.7882294813651654,0.8125061154585818,0.737819494811678,0.7564110002616891,0.7032020981927898,0.7957356652354297,0.7501451936274321,0.7775018316275045,0.7858920811371167,0.7502291824348839,0.7836212599576322,0.05179908390594756,0.7986496158921371,0.7897400658982072,0.7703649170344999,0.8920994654260914,0.7816219708314879,0.6761145130841872,0.7979505908632113,0.7584366853316065,0.7877230304433606,0.7928774961304164,0.7580302799597314,0.7581233440860937,0.7711799464556393,0.7875003862262024,0.786933667628284,0.7612213409946462,0.7852895961309048
0.7255642528244369,0.7484655383641647,0.7063118983469567,0.7170010784505892,0.754653988447924,0.7490526750993991,0.7211954896902084,0.7111902886868718,0.7197880334640414,0.7110393389081741,0.7304770341460401,0.7236938708855074,0.7296999379586758,0.695929590686891,0.7112247202248179,0.7298404056733394,1.0,0.7322850181067535,0.6899097599625592,0.725493677307858,0.7360823585574734,0.7205924005855929,0.7481070499136546,0.8221652163731947,0.8028109735216326,0.8240244061511017,0.7317767334543814,0.6927533348853491,0.7121931939886488,0.7152643063243651,0.6948291907362083,0.774956508465982,0.05100056620020077,0.740712451294953,0.7579815442044673,0.7075943908000788,0.7199139023966329,0.7306803134718861,0.6307436735090193,0.7444680681876736,0.7030754331774167,0.7463314841175045,0.7363745936750584,0.7125600754402461,0.7169814687388961,0.7062775080477519,0.7491074174200267,0.7539508471110412,0.6990870094446417,0.7119995924536667
0.7770987621134768,0.8129599723279646,0.7713591849975441,0.7751923160318546,0.7810849247769893,0.7979669311305997,0.8134624807275319,0.7670414306970152,0.7792774933036651,0.7730640323586476,0.8256338763478132,0.7693779155974347,0.8271398390273694,0.7580932368867551,0.7677767215916155,0.81054456607179,0.7322850181067535,1.0,0.7959416403605453,0.8144000006102796,0.8432131716585896,0.8228245688730003,0.8467903482160586,0.7439970229600705,0.7507126794293474,0.7039707098379303,0.8366469651038434,0.756818250953935,0.7758876968226902,0.7875040469240404,0.7526955749787927,0.8066318717573498,0.051895927974317635,0.8261381607310627,0.8006998138730735,0.7752306905880757,0.8026787902299679,0.8081558694995311,0.68267610334942,0.8329169372015787,0.7646689921707555,0.8078561105195694,0.8362317217252919,0.7650583036357107,0.7648475293505782,0.7648327461899651,0.8103200571658971,0.8096185917381408,0.764342199120259,0.7799980824124907
0.7331729290989428,0.7556188394303142,0.7253909739504567,0.7208872675990654,0.7331818083359862,0.7507597646514005,0.7555692120461752,0.7219145136051023,0.7336872735662993,0.7238714766650892,0.7694391772124234,0.7270224256049324,0.8164946575309099,0.7107841142693696,0.7162133684197025,0.7561931781520349,0.6899097599625592,0.7959416403605453,1.0,0.7567870331426214,0.787140387616615,0.8216556916890961,0.7906855699988891,0.706817036687142,0.7128085119336713,0.6681990624793215,0.7947826626338363,0.7108235331642729,0.7316745191434457,0.734704368682624,0.7020765228865946,0.7836739592682556,0.04922706951723865,0.7814348124496668,0.7507831602914098,0.7247616711874687,0.746983101201393,0.7754116874040743,0.6426534501072207,0.787648642904907,0.7166766951744381,0.7555710246958867,0.7809210442626138,0.7195894188284808,0.7201594662867206,0.7260609774666291,0.7571761161771772,0.7572475183333186,0.7136480183335184,0.7311889659269771
0.7832202743811605,0.797964534265482,0.772646193731671,0.763588255853621,0.7608220806587722,0.7898633881977444,0.940947983089081,0.760684328367735,0.7900445111495282,0.7685633796201519,0.7843763841907699,0.7687412517005351,0.7894475799568477,0.7542382773021288,0.7635761936272115,0.9154814248978655,0.725493677307858,0.8144000006102796,0.7567870331426214,1.0,0.8105920042732022,0.78903334055273,0.8163311984378285,0.7315158578539156,0.7523058393619979,0.6952736202737572,0.7967414009858336,0.751583412303378,0.7823446897237679,0.7819810450309062,0.7488868962053985,0.7822992897315104,0.05080319271016143,0.8013304024318575,0.7923978776865496,0.7694945616546909,0.9108196268945936,0.7788558623902497,0.6765489111280152,0.7997510360869886,0.7549871199582545,0.7876991240944461,0.7940209527847254,0.7595862064220298,0.7592504708270484,0.775192982099893,0.7880780907357298,0.7875106755656283,0.7582653787080667,0.78818611449213
0.7772752416345575,0.8071772354246052,0.77143208767669,0.7713717816303463,0.7828238777713439,0.7913380005697819,0.8040352512781557,0.7616243225675127,0.7843633597606172,0.7721367761468672,0.8218802776130845,0.7687969849683569,0.8251835247666385,0.7544054729721356,0.7611869843987483,0.8013969519468147,0.7360823585574734,0.8432131716585896,0.787140387616615,0.8105920042732022,1.0,0.8223447450574168,0.8493253940998561,0.7458867451183743,0.7538012093744583,0.7097616248583315,0.8345604325252184,0.7551013036231967,0.7747672187328659,0.784893460305116,0.7505666978460791,0.8102571574960957,0.05252902364923129,0.8286537625744373,0.8011361741503096,0.7706229929712054,0.7930636170160789,0.8093785257113156,0.677463755784021,0.8392438772306846,0.7607403830839105,0.7997730787950097,0.8259336591517406,0.7634752214892757,0.7636846552216694,0.773179245627131,0.8139000398777796,0.812554759745438,0.7618817252331389,0.7806964831794786
0.7656483099886353,0.786015855873198,0.7510247792014509,0.7488313638351276,0.7607011265210352,0.798862647596825,0.786986781699472,0.745724293830281,0.7723560219466351,0.7554399504783602,0.8060125946157,0.7562933458329333,0.8391230830722569,0.7369389020963459,0.7424614315013428,0.7882294813651654,0.7205924005855929,0.8228245688730003,0.8216556916890961,0.78903334055273,0.8223447450574168,1.0,0.8643933367609163,0.7296144531327757,0.7318018899845413,0.6932008241501504,0.8206261397808999,0.7382472397704893,0.7566164519087245,0.7644720120523307,0.7270999655148679,0.7975802051534796,0.052421485736013906,0.8345966645848352,0.7802312596440746,0.7482199715353399,0.773810933652028,0.7973897298143535,0.6652967254978754,0.8209550277894092,0.7383836091056879,0.7788576307516136,0.8141053373516605,0.7428076841865148,0.7448552482144373,0.752634630322865,0.7919535981247395,0.7900505651052011,0.742512101137038,0.7645907590667328
0.7920619211931881,0.8158651394827812,0.7731373494679958,0.7835233115804829,0.7872680070985802,0.8034701405883802,0.8116439293578124,0.7739891266553044,0.792076762952548,0.7759156151007015,0.8240866576324943,0.7801000510570727,0.8396850844724697,0.766890740157977,0.7732098134157974,0.8125061154585818,0.7481070499136546,0.8467903482160586,0.7906855699988891,0.8163311984378285,0.8493253940998561,0.8643933367609163,1.0,0.7527060223977771,0.7664021064154555,0.7130364663978778,0.8421765049057668,0.7643567627415364,0.7809004274868854,0.7848197339499511,0.7562690804109473,0.8253673011030219,0.05521359457118291,0.8607810758110337,0.8078265604045822,0.7714589521923911,0.8013739287671899,0.8216108524346347,0.6887400949251147,0.8409426213861981,0.7651995190077128,0.8096121631290567,0.832761672982558,0.773253706074664,0.7727282170808124,0.7754052710913821,0.8109880464641838,0.8112504667147353,0.7703976618315038,0.78773687498673
0.7372532053989316,0.7726979403484721,0.7063161690868385,0.7165439292141176,0.7614119545459046,0.7654778620423517,0.7291278744175034,0.7202923578043203,0.7306548309795071,0.720178126705477,0.751305781117164,0.7264933602434571,0.7500439491199531,0.6983225534715374,0.7094636961276151,0.737819494811678,0.8221652163731947,0.7439970229600705,0.706817036687142,0.7315158578539156,0.7458867451183743,0.7296144531327757,0.7527060223977771,1.0,0.8171244790552975,0.8099607771192325,0.7525411865209383,0.6990959282630438,0.7244512462545025,0.7276411409011708,0.6996865091845363,0.7768492814135709,0.05423051645252852,0.7481282368928038,0.788264403227141,0.7106568431073961,0.7268024258556607,0.7450495324395121,0.6386190034817498,0.754819889229096,0.707576169928992,0.7590231885596571,0.7480440353806924,0.7139314455965201,0.7190971321387658,0.7051292609684229,0.7510964835488366,0.7537354102141469,0.7060851581484835,0.7223295899238951
0.7550971315112558,0.7901146034446231,0.7255735221083003,0.737410937400067,0.7624530448167123,0.7813056387600292,0.7464957103402031,0.7327049433637068,0.7430917911442205,0.7380957757496192,0.7432332923011546,0.7463368842944154,0.7461497654108311,0.7210905304194346,0.7356330820347283,0.7564110002616891,0.8028109735216326,0.7507126794293474,0.7128085119336713,0.7523058393619979,0.7538012093744583,0.7318018899845413,0.7664021064154555,0.8171244790552975,1.0,0.7922843613493054,0.7576749678011512,0.7114131528028151,0.7368154003338785,0.7386011114248141,0.7201711693838224,0.7928578288823565,0.053510299099729486,0.7625083009825433,0.7981227569692846,0.7292479158430121,0.7451348538301248,0.7602198574600678,0.6531801877939112,0.7604967204430777,0.7232920670231849,0.7702459951186356,0.7599201802286881,0.7342433402304658,0.7375191040254245,0.7358816960521888,0.7698228551727653,0.7739377499017093,0.7268777401133701,0.7390823183897843
0.7029249282505996,0.716284815628794,0.6766744634757218,0.6878634554977963,0.7178231753264771,0.7125360939569131,0.6904645407006837,0.6829581067516293,0.6900014268746175,0.6829400911089323,0.7014646941847171,0.695972992709201,0.7021088598149718,0.6655646568678828,0.6780410621419362,0.7032020981927898,0.8240244061511017,0.7039707098379303,0.6681990624793215,0.6952736202737572,0.7097616248583315,0.6932008241501504,0.7130364663978778,0.8099607771192325,0.7922843613493054,1.0,0.7060350591629926,0.6627372194830612,0.679371598057163,0.6893491259411539,0.665003134167874,0.7445110540419477,0.049051667379120034,0.7097746913486355,0.7272650778244831,0.6714322392748429,0.6888932177787446,0.7087412787643018,0.612645113035622,0.7196394688956991,0.6727847655139865,0.7116872044686156,0.7063091951333991,0.6870628594166964,0.6885522611631998,0.6772250257384138,0.7147306423891251,0.7189844217036054,0.672025504117405,0.6853677615600473
0.7825707721222374,0.8147288020093677,0.772283980884996,0.7695696298982577,0.7848112954025326,0.7887792050704243,0.7913029385986429,0.7673557349129508,0.7820184487410632,0.7751844133358471,0.8318280428022701,0.770945206728221,0.8467032269312075,0.7562632425443214,0.7639577427433021,0.7957356652354297,0.7317767334543814,0.8366469651038434,0.7947826626338363,0.7967414009858336,0.8345604325252184,0.8206261397808999,0.8421765049057668,0.7525411865209383,0.7576749678011512,0.7060350591629926,1.0,0.7575053094293986,0.7786733061863613,0.7830276173440807,0.7536383921505976,0.8171197227263307,0.05813699283740836,0.8265358080168532,0.80171543864146,0.7680724514151241,0.7818561404397872,0.8431992177137844,0.6719565121797499,0.847454890835595,0.763235562050302,0.8103478969640263,0.8533815272098669,0.7646723263856725,0.7637433615770167,0.7654280818892176,0.8069516112675293,0.8055853731979823,0.7682543462208014,0.7771905974211144
0.758974834937694,0.7671100254378853,0.7445985718072157,0.8279287358257894,0.7263719150441996,0.7437273916109075,0.7440698459029875,0.8857369617181021,0.7568156756998279,0.823664770742283,0.7555884405014803,0.8175169494468988,0.750128958339816,0.8139331009738959,0.8119685611052032,0.7501451936274321,0.6927533348853491,0.756818250953935,0.7108235331642729,0.751583412303378,0.7551013036231967,0.7382472397704893,0.7643567627415364,0.6990959282630438,0.7114131528028151,0.6627372194830612,0.7575053094293986,1.0,0.7669796934884385,0.7595614375683959,0.828764640587153,0.7460298841480515,0.05812459690471106,0.7463960729131114,0.7449829603973226,0.7953417544756796,0.7300159997477701,0.7516305926405376,0.7001948541067251,0.7586255125739123,0.8125609775361083,0.749069061520955,0.7502376438823743,0.9165672017402575,0.90009929711109,0.7605797196260404,0.7502941497178153,0.7494068386136892,0.818793238551771,0.7662858802706393
0.7879355639550071,0.7892778181079352,0.7722073824763871,0.7682012903666395,0.7492484170642955,0.7676272556634667,0.7757216739094264,0.7748038362770487,0.7836812059359565,0.7837292334717014,0.7674638261142674,0.7772097298561662,0.7706598411457106,0.7561139435748827,0.7670062551708472,0.7775018316275045,0.7121931939886488,0.7758876968226902,0.7316745191434457,0.7823446897237679,0.7747672187328659,0.7566164519087245,0.7809004274868854,0.7244512462545025,0.7368154003338785,0.679371598057163,0.7786733061863613,0.7669796934884385,1.0,0.7763811161871325,0.7532139422737449,0.7691640011815635,0.052706609581089414,0.7686732333504107,0.7688072784118134,0.7718509285892403,0.7619095809202499,0.7679487074035241,0.6758096985491109,0.77683289532489,0.7572822454116725,0.7725425806868624,0.7724623410689478,0.7697962860567316,0.7712424664443868,0.7904128636494838,0.7702743458430433,0.7693094357370326,0.770189808382763,0.8541555198748544
0.8087750258274442,0.7943635292066298,0.7816475178230833,0.7714197440375374,0.7537047903446432,0.7685203010662692,0.775004623069249,0.7682153905294486,0.8158756493270934,0.7797742151946625,0.7846841279779805,0.7728148984245415,0.7840928836050863,0.7588627242968142,0.766796491649476,0.7858920811371167,0.7152643063243651,0.7875040469240404,0.734704368682624,0.7819810450309062,0.784893460305116,0.7644720120523307,0.7848197339499511,0.7276411409011708,0.7386011114248141,0.6893491259411539,0.7830276173440807,0.7595614375683959,0.7763811161871325,1.0,0.754741077115106,0.7712406681739463,0.05590094275638102,0.7689853697738086,0.778917923907241,0.7742975561967846,0.7623164702901841,0.7697196300500428,0.6865377287992003,0.7945306932758647,0.763838585668737,0.7756581457265084,0.7839059098072125,0.763688406633877,0.7637427096366979,0.7764117645127844,0.78223132489313,0.7814370124473934,0.7694864902068923,0.7955942641390177
0.7481869123560609,0.763335690948304,0.7374752677980738,0.8207930114146522,0.7346313115110925,0.7354754364999971,0.7439680894841645,0.8220868991500259,0.7505959861645042,0.8244516205407011,0.7465549298925056,0.8040193229453294,0.7447686462687533,0.8131344892300902,0.8191677222434237,0.7502291824348839,0.6948291907362083,0.7526955749787927,0.7020765228865946,0.7488868962053985,0.7505666978460791,0.7270999655148679,0.7562690804109473,0.6996865091845363,0.7201711693838224,0.665003134167874,0.7536383921505976,0.828764640587153,0.7532139422737449,0.754741077115106,1.0,0.7453215275812015,0.05403346889106597,0.7438730832408369,0.7456672867048788,0.7848308134631886,0.7324114240021706,0.7450270628355029,0.6959883011452059,0.7541105784710578,0.8507324191368087,0.7483424327244288,0.7474506433070394,0.829314433777292,0.8239871335246465,0.7485812861357226,0.747416930064674,0.7467044609395478,0.8064198212659364,0.7548543139549853
0.7820721322767394,0.8008600980085996,0.752946551589496,0.768256012380405,0.7978789591946132,0.7902873465159078,0.7777503861548148,0.7649620772504964,0.7819704649508441,0.762304225171672,0.8003773083935231,0.7691028884905438,0.8186510948176198,0.7476696298623633,0.7615105816646882,0.7836212599576322,0.774956508465982,0.8066318717573498,0.7836739592682556,0.7822992897315104,0.8102571574960957,0.7975802051534796,0.8253673011030219,0.7768492814135709,0.7928578288823565,0.7445110540419477,0.8171197227263307,0.7460298841480515,0.7691640011815635,0.7712406681739463,0.7453215275812015,1.0,0.04995838572765987,0.8077670327785603,0.7885580943765665,0.7533594453479171,0.7748780158142043,0.8156978838751764,0.673307870598052,0.8213610673616528,0.752078542314095,0.7969014572396682,0.8206278248697272,0.7608813686058585,0.7641103811507324,0.7580186405787787,0.7920772667356168,0.7941055352662404,0.7491476757755342,0.7697384741796605
0.05393203115773304,0.05499736514699727,0.06100854583799875,0.05487940083033438,0.05013652713409822,0.05027159520303881,0.04995284541527156,0.061199193507356586,0.04844713897795261,0.053220504215014786,0.05210861117324783,0.057597345025362956,0.05382660790116789,0.05853857358189296,0.05286890539579736,0.05179908390594756,0.05100056620020077,0.051895927974317635,0.04922706951723865,0.05080319271016143,0.05252902364923129,0.052421485736013906,0.05521359457118291,0.05423051645252852,0.053510299099729486,0.049051667379120034,0.05813699283740836,0.05812459690471106,0.052706609581089414,0.05590094275638102,0.05403346889106597,0.04995838572765987,1.0,0.061706257487222804,0.053215702694449196,0.058401898639820815,0.049650861576380656,0.05176874718270841,0.047312196347802815,0.05411723527247436,0.054343691092164415,0.05502341135587563,0.05331046559620767,0.058699596634190554,0.056315171189625035,0.05771245097011457,0.051576483252723015,0.051328783106124654,0.05676278777862409,0.05433411053233084
0.777133966683256,0.8036881678223747,0.7645512488087772,0.7618728054086134,0.7873161731608738,0.794184107943117,0.7971494640199237,0.758191833809273,0.7801864803244482,0.7613470694022902,0.8100157498942695,0.7626307872452163,0.8286136029808289,0.7467521768876375,0.7534735285176662,0.7986496158921371,0.740712451294953,0.8261381607310627,0.7814348124496668,0.8013304024318575,0.8286537625744373,0.8345966645848352,0.8607810758110337,0.7481282368928038,0.7625083009825433,0.7097746913486355,0.8265358080168532,0.7463960729131114,0.7686732333504107,0.7689853697738086,0.7438730832408369,0.8077670327785603,0.061706257487222804,1.0,0.8037385914567408,0.7672829335013491,0.7862683727805593,0.8096638177161162,0.675837601384254,0.8304831074569595,0.7529248556280383,0.8049290625009626,0.8301082938177284,0.7548899026409448,0.7549609347247104,0.7629110608529626,0.7999201528444413,0.7996646475546397,0.7558051559292317,0.7746144655529208
0.7769039177306981,0.8319694573071057,0.7547429870151587,0.7639269325362257,0.7792875618316919,0.8175718607255742,0.7872158357305159,0.7568417604195927,0.7737845426639579,0.768274581118835,0.797022011498272,0.7631678252465208,0.7985774101463508,0.7473891921064097,0.7553224856426859,0.7897400658982072,0.7579815442044673,0.8006998138730735,0.7507831602914098,0.7923978776865496,0.8011361741503096,0.7802312596440746,0.8078265604045822,0.788264403227141,0.7981227569692846,0.7272650778244831,0.80171543864146,0.7449829603973226,0.7688072784118134,0.778917923907241,0.7456672867048788,0.7885580943765665,0.053215702694449196,0.8037385914567408,1.0,0.7602087582013315,0.7772821064095321,0.7890767598570122,0.6759562103156174,0.8081625988870782,0.7522852925301244,0.812827971910079,0.8009875387970791,0.7511987466146761,0.7534178607004528,0.7580881988483008,0.806168984720717,0.806381596967965,0.7542991369892382,0.7727651539661798
0.768279421600145,0.7744558697840127,0.758265447894555,0.8074920038402732,0.7399542863152542,0.7577832187329083,0.7649052780737333,0.8030075468870717,0.7737200938740978,0.8142864489091107,0.7685194387733725,0.8059849479532294,0.7556177298987634,0.7979362884415971,0.8018461850681321,0.7703649170344999,0.7075943908000788,0.7752306905880757,0.7247616711874687,0.7694945616546909,0.7706229929712054,0.7482199715353399,0.7714589521923911,0.7106568431073961,0.7292479158430121,0.6714322392748429,0.7680724514151241,0.7953417544756796,0.7718509285892403,0.7742975561967846,0.7848308134631886,0.7533594453479171,0.058401898639820815,0.7672829335013491,0.7602087582013315,1.0,0.7514600984556886,0.755412425425412,0.7159747644110959,0.7743713386761779,0.7989093751319691,0.76599023222584,0.7619131882701553,0.8016856614728674,0.8050797781743191,0.7710569335687467,0.7690025725476717,0.7687134977780536,0.8085150542643263,0.7766767080194044
0.7629065876479233,0.7784865813757172,0.7511008564046713,0.7453301281004205,0.7536493480258319,0.7764018474791684,0.9146696515397511,0.7404494698086814,0.7719234275774418,0.7470047241058637,0.7678976412332983,0.7480669851404562,0.7772245467504333,0.7355687477974509,0.7439874990814734,0.8920994654260914,0.7199139023966329,0.8026787902299679,0.746983101201393,0.9108196268945936,0.7930636170160789,0.773810933652028,0.8013739287671899,0.7268024258556607,0.7451348538301248,0.6888932177787446,0.7818561404397872,0.7300159997477701,0.7619095809202499,0.7623164702901841,0.7324114240021706,0.7748780158142043,0.049650861576380656,0.7862683727805593,0.7772821064095321,0.7514600984556886,1.0,0.7645865495811115,0.6612005715860978,0.7789341032389033,0.7366335879009842,0.7736077283432053,0.783264236026341,0.7385956764733865,0.7393257143535963,0.7550322836205476,0.7703476223354421,0.7698745707591955,0.734850193805334,0.7638352932589504
0.7768556874785886,0.8064726369215656,0.7584659902772257,0.7608306464047616,0.7842718462796185,0.7871468502948933,0.7730231439646207,0.7644734690472216,0.7669227371978651,0.7693994429318282,0.8133493131490559,0.7650047440687373,0.8221288230222399,0.7477963487401885,0.7598855724236586,0.7816219708314879,0.7306803134718861,0.8081558694995311,0.7754116874040743,0.7788558623902497,0.8093785257113156,0.7973897298143535,0.8216108524346347,0.7450495324395121,0.7602198574600678,0.7087412787643018,0.8431992177137844,0.7516305926405376,0.7679487074035241,0.7697196300500428,0.7450270628355029,0.8156978838751764,0.05176874718270841,0.8096638177161162,0.7890767598570122,0.755412425425412,0.7645865495811115,1.0,0.6758986229151693,0.8312017003152247,0.7541492030234094,0.7999755295324011,0.8442456747049389,0.7627939899274694,0.7591094237824194,0.7590329662946815,0.8022278551031456,0.8021542556186954,0.7637184405873584,0.771711382536032
0.6933849373517854,0.6866777151404132,0.6660171852910055,0.7134946346241766,0.6781950217413615,0.6781273268698222,0.6728135451559916,0.705494383021626,0.6858735844375143,0.7149434219746784,0.6777654982961352,0.7140341510902368,0.6751743361085418,0.7030532624928412,0.7067255345087724,0.6761145130841872,0.6307436735090193,0.68267610334942,0.6426534501072207,0.6765489111280152,0.677463755784021,0.6652967254978754,0.6887400949251147,0.6386190034817498,0.6531801877939112,0.612645113035622,0.6719565121797499,0.7001948541067251,0.6758096985491109,0.6865377287992003,0.6959883011452059,0.673307870598052,0.047312196347802815,0.675837601384254,0.6759562103156174,0.7159747644110959,0.6612005715860978,0.6758986229151693,1.0,0.6813226664507197,0.7040077847502286,0.6787937380695729,0.6779743827756165,0.705659100128307,0.7080212429407067,0.6815410046680614,0.6799841143040977,0.6809891575673293,0.7084500194904517,0.6817940889593554
