../ecoli_genomes/GCF_000163235.1_ASM16323v1_genomic.fna.gz,../ecoli_genomes/GCF_000164555.1_ASM16455v1_genomic.fna.gz,../ecoli_genomes/GCF_000208545.1_ASM20854v2_genomic.fna.gz,../ecoli_genomes/GCF_000233875.1_ASM23387v1_genomic.fna.gz,../ecoli_genomes/GCF_000249735.1_ASM24973v2_genomic.fna.gz,../ecoli_genomes/GCF_000261145.1_Esch_coli_M919_V2_genomic.fna.gz,../ecoli_genomes/GCF_000267705.2_ASM26770v2_genomic.fna.gz,../ecoli_genomes/GCF_000350665.1_Esch_coli_KTE5_V1_genomic.fna.gz,../ecoli_genomes/GCF_000351625.1_Esch_coli_KTE66_V1_genomic.fna.gz,../ecoli_genomes/GCF_000352285.1_Esch_coli_KTE46_V1_genomic.fna.gz,../ecoli_genomes/GCF_000358895.1_ASM35889v1_genomic.fna.gz,../ecoli_genomes/GCF_000456385.1_Esch_coli_HVH_26_4-5703913_V1_genomic.fna.gz,../ecoli_genomes/GCF_000458195.1_Esch_coli_HVH_147_4-5893887_V1_genomic.fna.gz,../ecoli_genomes/GCF_000459755.1_Esch_coli_KOEGE_58_171a_V1_genomic.fna.gz,../ecoli_genomes/GCF_000460055.1_Esch_coli_UMEA_3053-1_V1_genomic.fna.gz,../ecoli_genomes/GCF_000462165.2_ASM46216v2_genomic.fna.gz,../ecoli_genomes/GCF_000601135.1_ASM60113v1_genomic.fna.gz,../ecoli_genomes/GCF_000614595.1_Ec2010EL1058_genomic.fna.gz,../ecoli_genomes/GCF_000617745.1_Ec2010C-4529_genomic.fna.gz,../ecoli_genomes/GCF_000618265.2_EcF6751_genomic.fna.gz,../ecoli_genomes/GCF_000619005.2_Ec2009C-4052_genomic.fna.gz,../ecoli_genomes/GCF_000619105.1_Ec2009C-4780_genomic.fna.gz,../ecoli_genomes/GCF_000619765.2_Ec2009C-3279_genomic.fna.gz,../ecoli_genomes/GCF_000687005.1_ASM68700v1_genomic.fna.gz,../ecoli_genomes/GCF_000687025.1_ASM68702v1_genomic.fna.gz,../ecoli_genomes/GCF_000700125.1_ASM70012v1_genomic.fna.gz,../ecoli_genomes/GCF_000753315.1_FHI35_genomic.fna.gz,../ecoli_genomes/GCF_000776375.1_ASM77637v1_genomic.fna.gz,../ecoli_genomes/GCF_000779395.1_ASM77939v1_genomic.fna.gz,../ecoli_genomes/GCF_000780315.1_ASM78031v1_genomic.fna.gz,../ecoli_genomes/GCF_000781995.1_ASM78199v1_genomic.fna.gz,../ecoli_genomes/GCF_000986765.1_ASM98676v1_genomic.fna.gz,../ecoli_genomes/GCF_001041375.1_ViralProj287958_genomic.fna.gz,../ecoli_genomes/GCF_001265335.1_302014_genomic.fna.gz,../ecoli_genomes/GCF_001265625.1_100854_genomic.fna.gz,../ecoli_genomes/GCF_001267345.1_303289_genomic.fna.gz,../ecoli_genomes/GCF_001309985.1_ASM130998v1_genomic.fna.gz,../ecoli_genomes/GCF_001521695.1_ASM152169v1_genomic.fna.gz,../ecoli_genomes/GCF_001592595.1_ASM159259v1_genomic.fna.gz,../ecoli_genomes/GCF_001614975.1_ASM161497v1_genomic.fna.gz,../ecoli_genomes/GCF_001692775.1_ASM169277v1_genomic.fna.gz,../ecoli_genomes/GCF_001748915.1_ASM174891v1_genomic.fna.gz,../ecoli_genomes/GCF_001749235.1_ASM174923v1_genomic.fna.gz,../ecoli_genomes/GCF_001881155.1_ASM188115v1_genomic.fna.gz,../ecoli_genomes/GCF_001881345.1_ASM188134v1_genomic.fna.gz,../ecoli_genomes/GCF_001892405.1_ASM189240v1_genomic.fna.gz,../ecoli_genomes/GCF_001892585.1_ASM189258v1_genomic.fna.gz,../ecoli_genomes/GCF_001893985.1_ASM189398v1_genomic.fna.gz,../ecoli_genomes/GCF_002001595.1_ASM200159v1_genomic.fna.gz,../ecoli_genomes/GCF_002002145.1_ASM200214v1_genomic.fna.gz
1.0,0.3781962836332936,0.31490978403205727,0.3361227541174896,0.3517178024247364,0.35128636247272005,0.35557869755908866,0.34599607479294103,0.43556038098598004,0.34816280252343823,0.37947797574783915,0.355431135005043,0.35462897949865135,0.3296476685369498,0.31708477124714074,0.3568168397663284,0.32872991279395947,0.35983862393583466,0.28162415257245743,0.3558023653797686,0.35438605359279207,0.3105757609383193,0.3669069399782525,0.33111165980568114,0.32291509412029773,0.2771899743826479,0.3665495228106257,0.3404043655050881,0.39171700337484405,0.43192714803808663,0.3091626304771069,0.36335677150343537,0.0,0.371886142245361,0.36999842855200227,0.3379053461342386,0.34028982531887986,0.3683274322826471,0.2516768889303619,0.3739846321293716,0.311853923276461,0.35890352370761225,0.37011648883369064,0.3442197915439654,0.35684505263525035,0.3685428727822796,0.3637428989860464,0.36329132546124143,0.32708995314929934,0.40106970735918623
0.3781962836332936,1.0,0.3024538237720592,0.32603221067157195,0.41285074665997934,0.5195796457283115,0.40546110443548344,0.33637651796417334,0.3501785268155505,0.33938497330345274,0.47150183988672467,0.3409333574411776,0.4336315669855003,0.3209107876803059,0.3163709438539247,0.40343258293766937,0.3859362166207815,0.4627209542778289,0.3405348705210406,0.40768233548716815,0.4442810284552474,0.37537302174277265,0.46172251757856064,0.43610028807873125,0.42912696637950787,0.3236154209588684,0.46055144220616473,0.33462862223597045,0.36459025264667444,0.36341388685956344,0.30634836640006735,0.42115489472709444,0.0,0.44515726749563067,0.5837487858853059,0.3251616070198904,0.38446736924538016,0.4674422165188068,0.22972102605200617,0.46337942256511033,0.31096827828553963,0.4981299508674877,0.4655412884655614,0.3448545054327855,0.3462868354043568,0.34165599383276,0.5024475297278415,0.5086720570694656,0.33697488804570763,0.3596412752710173
0.31490978403205727,0.3024538237720592,1.0,0.2623349430491244,0.2600066890902396,0.26818005805595735,0.28589727843698265,0.26969156141513473,0.30643635786862666,0.2733921190594162,0.3050238238396602,0.2687569046797186,0.28310078298489305,0.2683794815379136,0.25974417183346654,0.2829407788326179,0.22070945560733013,0.29297275574027126,0.21893985343076017,0.2873695919416869,0.2867130971416937,0.24827374272166303,0.2971894997737917,0.2228421934965048,0.21904028746829185,0.1757153825840001,0.295406630805085,0.2729299670229446,0.31263242161835003,0.3173162386337324,0.25374543099321245,0.26810615331275567,0.0,0.2891006113581809,0.2872834944039483,0.27651606678808793,0.27017713947486854,0.28633678456499134,0.18985386141353378,0.29890598747765984,0.2583829513670882,0.2907113409384109,0.301863790452389,0.27673861534068744,0.27145212848942935,0.295524604787764,0.29353541088504653,0.295267707062171,0.27561246302159825,0.3176368225059525
0.3361227541174896,0.32603221067157195,0.2623349430491244,1.0,0.3294099138468415,0.3004178571361188,0.3119350061943561,0.5273049960633203,0.3463790432182018,0.562976552761314,0.32369587909599395,0.5463090179509319,0.32274475404430913,0.5746203544060834,0.601150349566405,0.325073641233788,0.26385653000431897,0.3146038568463224,0.24443406015070956,0.31318745647248925,0.3070232810210817,0.26421718942260175,0.32480424598902746,0.27800081509382846,0.2754701076740954,0.21812667601410551,0.32026393131422026,0.5512840503057923,0.3553438124288848,0.3332577934787939,0.5308699539948307,0.3258184109472806,0.0,0.3083301981528963,0.3099807550454766,0.45234896162252025,0.30743226494551545,0.31069515006730186,0.32943545705379074,0.30990830132557046,0.5540367397767534,0.31418617660121984,0.3173012232266378,0.5484792167085748,0.5393844621099931,0.33926389450545036,0.31320440597960786,0.31359177730258414,0.4873027650666494,0.36045272161192843
0.3517178024247364,0.41285074665997934,0.2600066890902396,0.3294099138468415,1.0,0.4123905413339042,0.35806485026320867,0.3260598046691938,0.35471583541595275,0.3370720967420233,0.5104511956587499,0.3089324906486447,0.475675618647468,0.31026766182674714,0.3292298666815615,0.38953618833488934,0.3930376340464533,0.4283589553798475,0.33793270437425194,0.35979929309646885,0.4352494839061498,0.3693882886053208,0.44106071521822765,0.40829080210249125,0.3819236392643488,0.31107392192585104,0.44912527218632736,0.29266552675714885,0.3455963773976999,0.3452388044832667,0.2994855506564741,0.4772373884284584,0.0,0.44785561090463144,0.43126323160376,0.3002988031032523,0.3644569601100557,0.4667628072759601,0.22970909444220222,0.46062034221646253,0.3188395796124317,0.42607237735403947,0.4676531527450192,0.30129027609876824,0.3109186658171941,0.31457872957363653,0.4375909754518843,0.4385555923527651,0.2947819960968927,0.33527308116499766
0.35128636247272005,0.5195796457283115,0.26818005805595735,0.3004178571361188,0.4123905413339042,1.0,0.3878477624587776,0.3140743942696359,0.3284707805893553,0.3100316998705819,0.42956860491484516,0.29971475408785586,0.4025818864068518,0.29858487867374695,0.29144014023347986,0.38454810022363584,0.40092619046000977,0.4322643884581261,0.33471056399105725,0.3758520151203877,0.40057475971864875,0.4675985183099749,0.43122182586973623,0.4398540458746898,0.43724924241069907,0.325255654038921,0.4148795621174586,0.3006085099850323,0.3358018454152989,0.3306089192580939,0.28289058079609986,0.416132663977516,0.0,0.424590305922814,0.5300722446534987,0.311018395116606,0.3686570592874746,0.42081176431145406,0.2354838250700042,0.42616769953333844,0.2878377557709826,0.4647906656735351,0.42876226501505166,0.3059889111255327,0.3115218059000501,0.31332244800249553,0.47292695356227465,0.47344589556990335,0.29801104187561567,0.3378037761606123
0.35557869755908866,0.40546110443548344,0.28589727843698265,0.3119350061943561,0.35806485026320867,0.3878477624587776,1.0,0.3167530302742564,0.35675592234221964,0.31631084185477276,0.4148096743821855,0.3110928443412291,0.38622337805550355,0.3091969505479767,0.3015593624476782,0.7674959942024039,0.3043852341641675,0.4446075424200643,0.33635043912032714,0.8775605121732573,0.43860502113512034,0.3780319310286755,0.44459896619200845,0.31330285327557195,0.30330783168780984,0.2483066765046138,0.41267161012693165,0.3142761237579441,0.3498671724150135,0.3524899159771602,0.288061052693277,0.3732999882653555,0.0,0.4104265238918481,0.41439393808145175,0.33157967615553474,0.7974200653243311,0.3878064488599049,0.22936552578194036,0.4081268675643628,0.29090947528413846,0.4022824059800336,0.4117461541621388,0.31728597781996104,0.3152615260113455,0.3272684016542594,0.3895501337676778,0.3923314653135296,0.3072610229303073,0.3568980939864905
0.34599607479294103,0.33637651796417334,0.26969156141513473,0.5273049960633203,0.3260598046691938,0.3140743942696359,0.3167530302742564,1.0,0.3401760834656131,0.542346243062948,0.3309208303895601,0.5161947062859198,0.3272659594912335,0.5171689819315679,0.5071676126326617,0.3250729115022164,0.26763306562131617,0.32348735441286214,0.25406845314173887,0.3193747822886521,0.31175088721521127,0.2745349182107828,0.328013732394403,0.28097075957176043,0.26845265084926295,0.22293225032576847,0.32817276427098685,0.7003116409770627,0.36992067585598254,0.33951033433463973,0.4984119124890546,0.3245202045648785,0.0,0.3224044024378594,0.32182546146074253,0.44846575301794145,0.30522957793987293,0.3363917966115557,0.3450598449829121,0.32810301805598496,0.5117014818299315,0.32175364505949067,0.330873823792981,0.6996522461083845,0.6710723285599433,0.34822202034902416,0.31676099286671233,0.31836218229163216,0.4815320537714366,0.36340700364974343
0.43556038098598004,0.3501785268155505,0.30643635786862666,0.3463790432182018,0.35471583541595275,0.3284707805893553,0.35675592234221964,0.3401760834656131,1.0,0.36103666577248095,0.3766686616938444,0.32854250089516956,0.3615980304817268,0.33524866261167563,0.34116598562813094,0.3707655188983685,0.27794091484138905,0.35593608589113024,0.2685461355643718,0.3592956874104244,0.344965199894282,0.29900601820942263,0.3574511067973821,0.2910294748396609,0.2785894702661873,0.22515916287651627,0.36432380723568136,0.32615074840633107,0.37805933365578415,0.46282542356841827,0.3187198351934418,0.3427935591789022,0.0,0.3514618386234807,0.35066384438820086,0.3429748207092427,0.34945318326529906,0.34613481676570157,0.23500816291228455,0.3633913236179711,0.3297708708284669,0.35631238903663076,0.36908454446340877,0.3295969073532965,0.32442926801856764,0.3593824940590793,0.35256051138510025,0.3535561360478171,0.3278454834814719,0.39402302393819444
0.34816280252343823,0.33938497330345274,0.2733921190594162,0.562976552761314,0.3370720967420233,0.3100316998705819,0.31631084185477276,0.542346243062948,0.36103666577248095,1.0,0.34169809724684885,0.5229542872000112,0.34040062177082087,0.5444899201542699,0.5435472333374305,0.3310374614264313,0.2555412771408071,0.3229068611018825,0.2519792929681881,0.318087224647426,0.31286875100044875,0.27465989489654574,0.32111425283628725,0.27043265090921165,0.2621205771557008,0.21000029937594666,0.3311977367988239,0.5351217661628898,0.365027702211177,0.35038954922522003,0.5503946240221298,0.3193434646973332,0.0,0.31518376374185386,0.31960911286417293,0.463400368093021,0.3111879143638292,0.3212717819845107,0.3400953315843428,0.3254489514195019,0.5630109658755266,0.31961615880506244,0.32655411736755124,0.5382280531437793,0.5415082821305244,0.347230085006369,0.3189071831889957,0.320245095367936,0.5076404714772477,0.363686236742506
0.37947797574783915,0.47150183988672467,0.3050238238396602,0.32369587909599395,0.5104511956587499,0.42956860491484516,0.4148096743821855,0.3309208303895601,0.3766686616938444,0.34169809724684885,1.0,0.3254122694835444,0.5445570274855847,0.3301436329204359,0.31717471982252043,0.4161794899963125,0.343802017570627,0.528878518736851,0.41207485518681297,0.41751527974449965,0.5156330620907135,0.4541570588225968,0.5259166814869509,0.3619264111207785,0.34313189701268265,0.28247563285476607,0.5425892512205983,0.3297590124799473,0.37077902199667945,0.3794002672938812,0.3064189167983048,0.4775392558660779,0.0,0.5109491525258479,0.4768606870994153,0.3384790487262431,0.3965931113676373,0.5103517702066331,0.23028990249478154,0.5609817023472572,0.31116966466053897,0.48377990504129575,0.5496131839644618,0.3309073156887866,0.3294141348976659,0.34391896898638163,0.47444492203600186,0.4768272471460082,0.33382041041858523,0.37918772357032327
0.355431135005043,0.3409333574411776,0.2687569046797186,0.5463090179509319,0.3089324906486447,0.29971475408785586,0.3110928443412291,0.5161947062859198,0.32854250089516956,0.5229542872000112,0.3254122694835444,1.0,0.31502459469001953,0.5377721638794183,0.628253993508401,0.3126353965828934,0.28152164044898764,0.3126228149159189,0.25027016420880766,0.3123278544326141,0.31141309845183673,0.27151101891219975,0.32303516888797634,0.2917872795234603,0.283019679380377,0.2409243941191983,0.3179965903267238,0.527787852332099,0.3649296891920981,0.33571771666124384,0.47703853849605504,0.31907694443054924,0.0,0.3190268955427312,0.32122420238211236,0.44569973482164604,0.2978944696557738,0.3211891590239162,0.3493315581581945,0.31820215967312593,0.5004050377055846,0.31048695711469454,0.3215607245245612,0.532118878251119,0.5318229306390831,0.3503554977307254,0.32163724390951753,0.3213907659776106,0.4759176575579315,0.362269566010342
0.35462897949865135,0.4336315669855003,0.28310078298489305,0.32274475404430913,0.475675618647468,0.4025818864068518,0.38622337805550355,0.3272659594912335,0.3615980304817268,0.34040062177082087,0.5445570274855847,0.31502459469001953,1.0,0.3145433282946686,0.3265952708686617,0.40457883500229175,0.33441902785236954,0.5007309076008032,0.5294402424366269,0.3890074419787941,0.5120390383622588,0.5180201196157126,0.5417301709203874,0.3538174928023131,0.33073657098211817,0.2723906237823728,0.5418555524393089,0.3098243558806445,0.3484525877309468,0.3624546893513355,0.30251094741663087,0.5337650051974139,0.0,0.5219438727006878,0.4401039683987955,0.31347242673950004,0.38599343595984237,0.4996403928903024,0.21652376146359464,0.5411855415369249,0.31512282284989035,0.4453606222159152,0.5373689783637632,0.31276279851040567,0.30922666839417257,0.3183047229964099,0.4420203512938574,0.44313831401761483,0.31526459533812035,0.3498675825413653
0.3296476685369498,0.3209107876803059,0.2683794815379136,0.5746203544060834,0.31026766182674714,0.29858487867374695,0.3091969505479767,0.5171689819315679,0.33524866261167563,0.5444899201542699,0.3301436329204359,0.5377721638794183,0.3145433282946686,1.0,0.5786883976342021,0.31446021138489033,0.24152857439182052,0.31480593242129584,0.2454933312898725,0.31132722276623803,0.3024055068356081,0.2688209703078617,0.3187164475957436,0.24899651041717374,0.24385296418255398,0.1960026169715774,0.31940337312521583,0.5518054591119697,0.3579369812225859,0.3289487791524386,0.5171903388340207,0.30496199838879645,0.0,0.30822616323982943,0.30793556990832927,0.4467848398700901,0.29912628848066436,0.31348995556611925,0.3207160358577694,0.31356586831889066,0.5339123814645501,0.3079392099638023,0.31779851333974196,0.5455392466437913,0.5340500725529463,0.3476206406037411,0.310793049073949,0.3131635048357826,0.49298333835904984,0.36201125531040546
0.31708477124714074,0.3163709438539247,0.25974417183346654,0.601150349566405,0.3292298666815615,0.29144014023347986,0.3015593624476782,0.5071676126326617,0.34116598562813094,0.5435472333374305,0.31717471982252043,0.628253993508401,0.3265952708686617,0.5786883976342021,1.0,0.31857186118974945,0.2513440569293315,0.30846768902577903,0.2408328264307118,0.3040171488784146,0.2993710325487846,0.26165716782930826,0.31654254532518866,0.26326263039266673,0.25403873305272096,0.20638331445845914,0.312409954050768,0.51540060126309,0.35134233230431156,0.3325361500911803,0.5197243476712194,0.3145780278175683,0.0,0.302247846233498,0.3069531420243531,0.4421385491955575,0.298090739639849,0.30926440597204774,0.3280980255307101,0.3067558911849152,0.5446595345246464,0.30351958031921156,0.3148292143524849,0.5148721994462874,0.5051432751762702,0.34258910908210227,0.3123138927397655,0.315197300566598,0.4762657674200007,0.3643844268248634
0.3568168397663284,0.40343258293766937,0.2829407788326179,0.325073641233788,0.38953618833488934,0.38454810022363584,0.7674959942024039,0.3250729115022164,0.3707655188983685,0.3310374614264313,0.4161794899963125,0.3126353965828934,0.40457883500229175,0.31446021138489033,0.31857186118974945,1.0,0.31278455292241014,0.4273044335403675,0.33005010699519166,0.7695814332891969,0.4183357538581636,0.3652637737054566,0.4305099747684421,0.32439802063431444,0.31629309480681045,0.26805768509611627,0.40530832238863335,0.3110125150605142,0.3485270591387415,0.3647025325668025,0.29493353986930404,0.3834579012637773,0.0,0.40525228119618595,0.41209573549506895,0.33130518102815154,0.7512236015913389,0.3919190141257025,0.2282905009276005,0.40172908774701266,0.3070804078492436,0.3980983290825544,0.40745512910698634,0.31266998623384046,0.31514295479089116,0.3278391376670009,0.39173856918268213,0.3931196624248542,0.30907891725646286,0.3568059351684233
0.32872991279395947,0.3859362166207815,0.22070945560733013,0.26385653000431897,0.3930376340464533,0.40092619046000977,0.3043852341641675,0.26763306562131617,0.27794091484138905,0.2555412771408071,0.343802017570627,0.28152164044898764,0.33441902785236954,0.24152857439182052,0.2513440569293315,0.31278455292241014,1.0,0.33373983036291077,0.2608503646670527,0.3049872813437101,0.3285554022247781,0.2914365955941234,0.34458281487776987,0.5461383286020414,0.5437670729260986,0.518941067135359,0.33404621208752017,0.25518336415467535,0.28302670933853635,0.2862467310153666,0.23665188462398423,0.4446172505783017,0.0,0.36964666677378055,0.4147543236728326,0.25961132633460104,0.3041647926688573,0.3385156612760575,0.22527935335573435,0.36578162082219223,0.23796910558846107,0.3692261066862821,0.3444365516077955,0.2689867379372122,0.2786717093253426,0.26285473350428823,0.4331321679711606,0.4141105738495122,0.2422306803703993,0.29142091175806706
0.35983862393583466,0.4627209542778289,0.29297275574027126,0.3146038568463224,0.4283589553798475,0.4322643884581261,0.4446075424200643,0.32348735441286214,0.35593608589113024,0.3229068611018825,0.528878518736851,0.3126228149159189,0.5007309076008032,0.31480593242129584,0.30846768902577903,0.4273044335403675,0.33373983036291077,1.0,0.42573453155507957,0.44188173480782367,0.5411059073478631,0.472856687090516,0.5631169333523238,0.34871561169175,0.33325426290523674,0.26909195152296206,0.5335180908713997,0.3201847176039774,0.354802875743212,0.35903076029694525,0.2937818705261036,0.46498933867650494,0.0,0.5115151230548667,0.46586476824603584,0.33759088001202786,0.4207206522897081,0.48614852567055156,0.22965569727717217,0.5277531691702264,0.29546144020300746,0.4605298562575745,0.5280155766331209,0.32166677725398696,0.3167693083833766,0.32991079711609295,0.4585446008487726,0.4616136388402081,0.3157581310577393,0.3629847445947071
0.28162415257245743,0.3405348705210406,0.21893985343076017,0.24443406015070956,0.33793270437425194,0.33471056399105725,0.33635043912032714,0.25406845314173887,0.2685461355643718,0.2519792929681881,0.41207485518681297,0.25027016420880766,0.5294402424366269,0.2454933312898725,0.2408328264307118,0.33005010699519166,0.2608503646670527,0.42573453155507957,1.0,0.33210030363321186,0.4175324937994106,0.5061727455186575,0.42050644832396356,0.26979348599304065,0.2618105767082365,0.20978604257877698,0.4029910571089068,0.2470337002680535,0.2721384154595663,0.27199606794293296,0.22950823157139488,0.45543615301941553,0.0,0.3956168080653345,0.35976447430518654,0.2595734571505781,0.32336501024939013,0.3737701040572261,0.18402204871109418,0.40567176308949116,0.23451330031087003,0.34911505930253184,0.4037576363660459,0.2525208600888219,0.2500570477239572,0.2515477186598981,0.33982523006638854,0.3411441295381691,0.2409220476568733,0.2752332312758581
0.3558023653797686,0.40768233548716815,0.2873695919416869,0.31318745647248925,0.35979929309646885,0.3758520151203877,0.8775605121732573,0.3193747822886521,0.3592956874104244,0.318087224647426,0.41751527974449965,0.3123278544326141,0.3890074419787941,0.31132722276623803,0.3040171488784146,0.7695814332891969,0.3049872813437101,0.44188173480782367,0.33210030363321186,1.0,0.4370176591430155,0.36304935364918645,0.44364719711829226,0.3140672334831207,0.3060033175050043,0.2491320827383039,0.4140567786874424,0.3168614005834818,0.3504686002212112,0.3552427117921112,0.2908801331980888,0.37514764990278826,0.0,0.4104974452752559,0.4146177002651663,0.3325550823080803,0.7983034354884047,0.39045601565287713,0.2275728312843457,0.4105115517781127,0.29326098523856436,0.40395636407900914,0.41478256818307857,0.3184344457303274,0.3160426012376155,0.32949982802504585,0.39219341992182266,0.3948576464715927,0.3098891860802393,0.3582913189656013
0.35438605359279207,0.4442810284552474,0.2867130971416937,0.3070232810210817,0.4352494839061498,0.40057475971864875,0.43860502113512034,0.31175088721521127,0.344965199894282,0.31286875100044875,0.5156330620907135,0.31141309845183673,0.5120390383622588,0.3024055068356081,0.2993710325487846,0.4183357538581636,0.3285554022247781,0.5411059073478631,0.4175324937994106,0.4370176591430155,1.0,0.46215272639603266,0.5700844664144153,0.33946110457556733,0.32169485355461136,0.26837475085847573,0.5378533393930123,0.31083780264128436,0.3442795989570028,0.3531927652122975,0.28483241806639825,0.47421150338847073,0.0,0.5361430987189546,0.45056941856706967,0.3270719137653427,0.4161006512425638,0.4937771758527638,0.22712692022043202,0.5393463429029455,0.2896137160826755,0.4406648231535196,0.5273425087400043,0.31229692153191313,0.3126881833995623,0.3291008961749057,0.44992713310368504,0.45337968221617964,0.30942039780833597,0.3535492358180681
0.3105757609383193,0.37537302174277265,0.24827374272166303,0.26421718942260175,0.3693882886053208,0.4675985183099749,0.3780319310286755,0.2745349182107828,0.29900601820942263,0.27465989489654574,0.4541570588225968,0.27151101891219975,0.5180201196157126,0.2688209703078617,0.26165716782930826,0.3652637737054566,0.2914365955941234,0.472856687090516,0.5061727455186575,0.36304935364918645,0.46215272639603266,1.0,0.5870176839224972,0.2902569829968935,0.284588292978756,0.23167418951657182,0.45767867504046955,0.27096338303696776,0.2998470173623684,0.2981006771412924,0.24785843607408964,0.44695933232137397,0.0,0.5339032309091835,0.3862660605623618,0.28554538547599495,0.354381338742237,0.4247609197118736,0.19795686856271033,0.4613485204965764,0.2511293848815487,0.3819721036021193,0.45945375731137994,0.27463326395209986,0.2737668130326768,0.2778526590877637,0.37992177092675294,0.38108447750734664,0.26880748361623064,0.3066793577787773
0.3669069399782525,0.46172251757856064,0.2971894997737917,0.32480424598902746,0.44106071521822765,0.43122182586973623,0.44459896619200845,0.328013732394403,0.3574511067973821,0.32111425283628725,0.5259166814869509,0.32303516888797634,0.5417301709203874,0.3187164475957436,0.31654254532518866,0.4305099747684421,0.34458281487776987,0.5631169333523238,0.42050644832396356,0.44364719711829226,0.5700844664144153,0.5870176839224972,1.0,0.3471431031497454,0.3401428949553763,0.27761822792865165,0.5614093549393684,0.3269212987272353,0.35951012612001343,0.3589162267049685,0.30095982896883966,0.49353802407472125,0.0,0.6523065112256687,0.46419574845008127,0.33628253823117316,0.4251006880921536,0.5167526037084222,0.2345833147467572,0.5541052364441357,0.30132126347883825,0.45614442128528776,0.550678149897427,0.3284981906960518,0.3255011895328571,0.33234473829776423,0.45081931447277956,0.4555333207733282,0.3204713544232256,0.36285632214649677
0.33111165980568114,0.43610028807873125,0.2228421934965048,0.27800081509382846,0.40829080210249125,0.4398540458746898,0.31330285327557195,0.28097075957176043,0.2910294748396609,0.27043265090921165,0.3619264111207785,0.2917872795234603,0.3538174928023131,0.24899651041717374,0.26326263039266673,0.32439802063431444,0.5461383286020414,0.34871561169175,0.26979348599304065,0.3140672334831207,0.33946110457556733,0.2902569829968935,0.3471431031497454,1.0,0.6046875812252336,0.4593505570884182,0.34934148972324275,0.25684476654642485,0.29084455913223994,0.2948643133636961,0.24542445882052955,0.43820919228693256,0.0,0.36124337040575294,0.46788802910334903,0.26331949765438856,0.31191711775359077,0.3462789566869273,0.2112608291534499,0.37057684286871195,0.25627509583795494,0.3858624360281392,0.35365057844385006,0.268530406623657,0.28034739236855677,0.2686696571233532,0.4118762932469524,0.40697912108317713,0.24925214029081688,0.29074424921050146
0.32291509412029773,0.42912696637950787,0.21904028746829185,0.2754701076740954,0.3819236392643488,0.43724924241069907,0.30330783168780984,0.26845265084926295,0.2785894702661873,0.2621205771557008,0.34313189701268265,0.283019679380377,0.33073657098211817,0.24385296418255398,0.25403873305272096,0.31629309480681045,0.5437670729260986,0.33325426290523674,0.2618105767082365,0.3060033175050043,0.32169485355461136,0.284588292978756,0.3401428949553763,0.6046875812252336,1.0,0.5132558855409601,0.33536041740635314,0.2531638925130306,0.2751319091980192,0.28094110145769413,0.23753599340999876,0.4437590717553941,0.0,0.35640855001797966,0.4591637605476173,0.2473386928666903,0.3083688231508095,0.34594445246749816,0.2152553848832356,0.35771626393689415,0.2450266023924762,0.3697711876325199,0.3443854649761181,0.27491141490137927,0.2789831179087592,0.2663626725255015,0.4157831504850945,0.4003199494358385,0.24825065516909073,0.2847337379520456
0.2771899743826479,0.3236154209588684,0.1757153825840001,0.21812667601410551,0.31107392192585104,0.325255654038921,0.2483066765046138,0.22293225032576847,0.22515916287651627,0.21000029937594666,0.28247563285476607,0.2409243941191983,0.2723906237823728,0.1960026169715774,0.20638331445845914,0.26805768509611627,0.518941067135359,0.26909195152296206,0.20978604257877698,0.2491320827383039,0.26837475085847573,0.23167418951657182,0.27761822792865165,0.4593505570884182,0.5132558855409601,1.0,0.27171094225935544,0.21108412269402088,0.21597691796668717,0.23716194719821282,0.18995671684348048,0.3527182572830475,0.0,0.29159580234725724,0.34275351038813373,0.20318301740001743,0.25419912286871815,0.3154382073951226,0.17973843086000263,0.31000929697104906,0.1958570559633388,0.3006613637659462,0.2739899088346458,0.2315467001041167,0.24266046945436603,0.21430270107402405,0.3613850681760188,0.3533215186654207,0.20039145835351202,0.23582544005151362
0.3665495228106257,0.46055144220616473,0.295406630805085,0.32026393131422026,0.44912527218632736,0.4148795621174586,0.41267161012693165,0.32817276427098685,0.36432380723568136,0.3311977367988239,0.5425892512205983,0.3179965903267238,0.5418555524393089,0.31940337312521583,0.312409954050768,0.40530832238863335,0.33404621208752017,0.5335180908713997,0.4029910571089068,0.4140567786874424,0.5378533393930123,0.45767867504046955,0.5614093549393684,0.34934148972324275,0.33536041740635314,0.27171094225935544,1.0,0.322774685953121,0.3621459137496693,0.36522838096429955,0.30245917572077097,0.4918394276871595,0.0,0.525450344508454,0.4584641337412154,0.32896603593796425,0.39775867006262167,0.586762480275791,0.21876605299576346,0.570471695469802,0.30816831915112053,0.46234878231553866,0.6422763401315916,0.3302366084535444,0.3193327203553017,0.33802090798800943,0.4531313758007095,0.4561566507802771,0.3278342606391862,0.36736409095294964
0.3404043655050881,0.33462862223597045,0.2729299670229446,0.5512840503057923,0.29266552675714885,0.3006085099850323,0.3142761237579441,0.7003116409770627,0.32615074840633107,0.5351217661628898,0.3297590124799473,0.527787852332099,0.3098243558806445,0.5518054591119697,0.51540060126309,0.3110125150605142,0.25518336415467535,0.3201847176039774,0.2470337002680535,0.3168614005834818,0.31083780264128436,0.27096338303696776,0.3269212987272353,0.25684476654642485,0.2531638925130306,0.21108412269402088,0.322774685953121,1.0,0.3649815720423808,0.3321981852144158,0.5012570555672378,0.30615277628714355,0.0,0.3126005110980139,0.3140970810300481,0.4471899058542401,0.29771907162465017,0.3273094889850493,0.3321203547735282,0.3214607461994534,0.5086506826713102,0.3149852934116777,0.3248704359944141,0.8124615560854684,0.763775631609859,0.3456446265956108,0.31687351439263856,0.3171246981864869,0.5000733064178635,0.35748559849610295
0.39171700337484405,0.36459025264667444,0.31263242161835003,0.3553438124288848,0.3455963773976999,0.3358018454152989,0.3498671724150135,0.36992067585598254,0.37805933365578415,0.365027702211177,0.37077902199667945,0.3649296891920981,0.3484525877309468,0.3579369812225859,0.35134233230431156,0.3485270591387415,0.28302670933853635,0.354802875743212,0.2721384154595663,0.3504686002212112,0.3442795989570028,0.2998470173623684,0.35951012612001343,0.29084455913223994,0.2751319091980192,0.21597691796668717,0.3621459137496693,0.3649815720423808,1.0,0.3781501227617632,0.34140496612443705,0.3387063662172016,0.0,0.3483477274492387,0.3548160742402946,0.3629396477638527,0.33471692962374844,0.35359177339140013,0.25429498876581025,0.35900469425928605,0.3381905553527229,0.34875313141596054,0.36360418743006595,0.3642645886227138,0.3625647941662883,0.4320959918914522,0.34887065809359363,0.3505288545814984,0.3566779941486907,0.6247600218888101
0.43192714803808663,0.36341388685956344,0.3173162386337324,0.3332577934787939,0.3452388044832667,0.3306089192580939,0.3524899159771602,0.33951033433463973,0.46282542356841827,0.35038954922522003,0.3794002672938812,0.33571771666124384,0.3624546893513355,0.3289487791524386,0.3325361500911803,0.3647025325668025,0.2862467310153666,0.35903076029694525,0.27199606794293296,0.3552427117921112,0.3531927652122975,0.2981006771412924,0.3589162267049685,0.2948643133636961,0.28094110145769413,0.23716194719821282,0.36522838096429955,0.3321981852144158,0.3781501227617632,1.0,0.3191147720759636,0.33871407907275397,0.0,0.3510399023461126,0.35992607991945214,0.33327367924728823,0.34129158845110263,0.35132922824817747,0.23612532949941556,0.3734149348002961,0.32331327626209294,0.35494304809180977,0.36893100501874176,0.3354343413292624,0.3288125903151715,0.37473765135834924,0.36235692960877874,0.36381973340064777,0.329709652567282,0.3952751936524972
0.3091626304771069,0.30634836640006735,0.25374543099321245,0.5308699539948307,0.2994855506564741,0.28289058079609986,0.288061052693277,0.4984119124890546,0.3187198351934418,0.5503946240221298,0.3064189167983048,0.47703853849605504,0.30251094741663087,0.5171903388340207,0.5197243476712194,0.29493353986930404,0.23665188462398423,0.2937818705261036,0.22950823157139488,0.2908801331980888,0.28483241806639825,0.24785843607408964,0.30095982896883966,0.24542445882052955,0.23753599340999876,0.18995671684348048,0.30245917572077097,0.5012570555672378,0.34140496612443705,0.3191147720759636,1.0,0.29231418921408847,0.0,0.29052402155933865,0.29011448925851413,0.42485230524842665,0.28069078647817447,0.29671322438746073,0.31417221780316185,0.2992829194589026,0.6512140043886001,0.29270301421186384,0.2999224382486687,0.5028441111515365,0.4939360222220772,0.327616143568749,0.2976574329513456,0.2995264357970382,0.46230201124131387,0.3351095216367683
0.36335677150343537,0.42115489472709444,0.26810615331275567,0.3258184109472806,0.4772373884284584,0.416132663977516,0.3732999882653555,0.3245202045648785,0.3427935591789022,0.3193434646973332,0.4775392558660779,0.31907694443054924,0.5337650051974139,0.30496199838879645,0.3145780278175683,0.3834579012637773,0.4446172505783017,0.46498933867650494,0.45543615301941553,0.37514764990278826,0.47421150338847073,0.44695933232137397,0.49353802407472125,0.43820919228693256,0.4437590717553941,0.3527182572830475,0.4918394276871595,0.30615277628714355,0.3387063662172016,0.33871407907275397,0.29231418921408847,1.0,0.0,0.4905725238865978,0.43351580498523257,0.30252763450197895,0.3751565626376073,0.4864726410102934,0.24188972777047013,0.509013867114587,0.2971302009535356,0.42067795059503,0.5054221949863937,0.3127140784871162,0.3200677188704736,0.3129780365616526,0.4427171353961976,0.44025545023273716,0.29326396398615495,0.33787204415565375
0.0,0.0,0.0,0.0,0.0,0.0,0.0,0.0,0.0,0.0,0.0,0.0,0.0,0.0,0.0,0.0,0.0,0.0,0.0,0.0,0.0,0.0,0.0,0.0,0.0,0.0,0.0,0.0,0.0,0.0,0.0,0.0,1.0,0.0,0.0,0.0,0.0,0.0,0.0,0.0,0.0,0.0,0.0,0.0,0.0,0.0,0.0,0.0,0.0,0.0
0.371886142245361,0.44515726749563067,0.2891006113581809,0.3083301981528963,0.44785561090463144,0.424590305922814,0.4104265238918481,0.3224044024378594,0.3514618386234807,0.31518376374185386,0.5109491525258479,0.3190268955427312,0.5219438727006878,0.30822616323982943,0.302247846233498,0.40525228119618595,0.36964666677378055,0.5115151230548667,0.3956168080653345,0.4104974452752559,0.5361430987189546,0.5339032309091835,0.6523065112256687,0.36124337040575294,0.35640855001797966,0.29159580234725724,0.525450344508454,0.3126005110980139,0.3483477274492387,0.3510399023461126,0.29052402155933865,0.4905725238865978,0.0,1.0,0.459225673531659,0.34019792174849506,0.395656783331957,0.49442245253003936,0.25801774969778124,0.5373810583586259,0.2908801191309327,0.4494870518521302,0.5383413015708001,0.317141818144955,0.32031883898590496,0.3269042596812515,0.45000056098922736,0.4523691970229037,0.3083989476217558,0.3580293287367663
0.36999842855200227,0.5837487858853059,0.2872834944039483,0.3099807550454766,0.43126323160376,0.5300722446534987,0.41439393808145175,0.32182546146074253,0.35066384438820086,0.31960911286417293,0.4768606870994153,0.32122420238211236,0.4401039683987955,0.30793556990832927,0.3069531420243531,0.41209573549506895,0.4147543236728326,0.46586476824603584,0.35976447430518654,0.4146177002651663,0.45056941856706967,0.3862660605623618,0.46419574845008127,0.46788802910334903,0.4591637605476173,0.34275351038813373,0.4584641337412154,0.3140970810300481,0.3548160742402946,0.35992607991945214,0.29011448925851413,0.43351580498523257,0.0,0.459225673531659,1.0,0.32639644683336544,0.4005249834939584,0.4456581444181015,0.23878538336330724,0.4660478140934664,0.2958988742258212,0.5100584224925405,0.4693688109751728,0.31723329473927875,0.3224819756224099,0.33031228641287613,0.5068880767023352,0.5076707513651211,0.31706878467426824,0.35526362268305123
0.3379053461342386,0.3251616070198904,0.27651606678808793,0.45234896162252025,0.3002988031032523,0.311018395116606,0.33157967615553474,0.44846575301794145,0.3429748207092427,0.463400368093021,0.3384790487262431,0.44569973482164604,0.31347242673950004,0.4467848398700901,0.4421385491955575,0.33130518102815154,0.25961132633460104,0.33759088001202786,0.2595734571505781,0.3325550823080803,0.3270719137653427,0.28554538547599495,0.33628253823117316,0.26331949765438856,0.2473386928666903,0.20318301740001743,0.32896603593796425,0.4471899058542401,0.3629396477638527,0.33327367924728823,0.42485230524842665,0.30252763450197895,0.0,0.34019792174849506,0.32639644683336544,1.0,0.31704893705929893,0.3108403930788768,0.3612358857289961,0.3328712183361815,0.4318998127330166,0.32479740041436644,0.3273026656118142,0.44885297631711296,0.44841196113631654,0.34500475094624417,0.31881452068231586,0.3197393094489418,0.45073294427414723,0.3655377840473908
0.34028982531887986,0.38446736924538016,0.27017713947486854,0.30743226494551545,0.3644569601100557,0.3686570592874746,0.7974200653243311,0.30522957793987293,0.34945318326529906,0.3111879143638292,0.3965931113676373,0.2978944696557738,0.38599343595984237,0.29912628848066436,0.298090739639849,0.7512236015913389,0.3041647926688573,0.4207206522897081,0.32336501024939013,0.7983034354884047,0.4161006512425638,0.354381338742237,0.4251006880921536,0.31191711775359077,0.3083688231508095,0.25419912286871815,0.39775867006262167,0.29771907162465017,0.33471692962374844,0.34129158845110263,0.28069078647817447,0.3751565626376073,0.0,0.395656783331957,0.4005249834939584,0.31704893705929893,1.0,0.3764685687904732,0.22218437858055373,0.3883322598728213,0.28669730101722224,0.39003445339345877,0.4002793228764008,0.3012548678400576,0.29941780122338313,0.31056023123924414,0.377300254412139,0.37875629566233016,0.2925159694171422,0.3394031555306106
0.3683274322826471,0.4674422165188068,0.28633678456499134,0.31069515006730186,0.4667628072759601,0.42081176431145406,0.3878064488599049,0.3363917966115557,0.34613481676570157,0.3212717819845107,0.5103517702066331,0.3211891590239162,0.4996403928903024,0.31348995556611925,0.30926440597204774,0.3919190141257025,0.3385156612760575,0.48614852567055156,0.3737701040572261,0.39045601565287713,0.4937771758527638,0.4247609197118736,0.5167526037084222,0.3462789566869273,0.34594445246749816,0.3154382073951226,0.586762480275791,0.3273094889850493,0.35359177339140013,0.35132922824817747,0.29671322438746073,0.4864726410102934,0.0,0.49442245253003936,0.4456581444181015,0.3108403930788768,0.3764685687904732,1.0,0.22919260305370648,0.5426185621735533,0.30100303192183475,0.4461176679715746,0.6262749172079157,0.3325496263683647,0.3257027179399422,0.3330590685181837,0.4611311095097981,0.4676164795153912,0.32016763149113614,0.35640182939191767
0.2516768889303619,0.22972102605200617,0.18985386141353378,0.32943545705379074,0.22970909444220222,0.2354838250700042,0.22936552578194036,0.3450598449829121,0.23500816291228455,0.3400953315843428,0.23028990249478154,0.3493315581581945,0.21652376146359464,0.3207160358577694,0.3280980255307101,0.2282905009276005,0.22527935335573435,0.22965569727717217,0.18402204871109418,0.2275728312843457,0.22712692022043202,0.19795686856271033,0.2345833147467572,0.2112608291534499,0.2152553848832356,0.17973843086000263,0.21876605299576346,0.3321203547735282,0.25429498876581025,0.23612532949941556,0.31417221780316185,0.24188972777047013,0.0,0.25801774969778124,0.23878538336330724,0.3612358857289961,0.22218437858055373,0.22919260305370648,1.0,0.2363927529471943,0.3123379987328486,0.22944911198133122,0.22891258612747045,0.3396870959487528,0.3508158287987635,0.24612046216678685,0.24118351966375118,0.2370118499924454,0.3278590090375093,0.25183237546214177
0.3739846321293716,0.46337942256511033,0.29890598747765984,0.30990830132557046,0.46062034221646253,0.42616769953333844,0.4081268675643628,0.32810301805598496,0.3633913236179711,0.3254489514195019,0.5609817023472572,0.31820215967312593,0.5411855415369249,0.31356586831889066,0.3067558911849152,0.40172908774701266,0.36578162082219223,0.5277531691702264,0.40567176308949116,0.4105115517781127,0.5393463429029455,0.4613485204965764,0.5541052364441357,0.37057684286871195,0.35771626393689415,0.31000929697104906,0.570471695469802,0.3214607461994534,0.35900469425928605,0.3734149348002961,0.2992829194589026,0.509013867114587,0.0,0.5373810583586259,0.4660478140934664,0.3328712183361815,0.3883322598728213,0.5426185621735533,0.2363927529471943,1.0,0.2998110396689164,0.4694003401169937,0.5777291311811426,0.3247584382045212,0.3252030629090117,0.3471861913632297,0.48048612172016025,0.4839276630058169,0.31949863772582754,0.3734260544426288
