../ecoli_genomes/GCF_000163235.1_ASM16323v1_genomic.fna.gz,../ecoli_genomes/GCF_000164555.1_ASM16455v1_genomic.fna.gz,../ecoli_genomes/GCF_000208545.1_ASM20854v2_genomic.fna.gz,../ecoli_genomes/GCF_000233875.1_ASM23387v1_genomic.fna.gz,../ecoli_genomes/GCF_000249735.1_ASM24973v2_genomic.fna.gz,../ecoli_genomes/GCF_000261145.1_Esch_coli_M919_V2_genomic.fna.gz,../ecoli_genomes/GCF_000267705.2_ASM26770v2_genomic.fna.gz,../ecoli_genomes/GCF_000350665.1_Esch_coli_KTE5_V1_genomic.fna.gz,../ecoli_genomes/GCF_000351625.1_Esch_coli_KTE66_V1_genomic.fna.gz,../ecoli_genomes/GCF_000352285.1_Esch_coli_KTE46_V1_genomic.fna.gz,../ecoli_genomes/GCF_000358895.1_ASM35889v1_genomic.fna.gz,../ecoli_genomes/GCF_000456385.1_Esch_coli_HVH_26_4-5703913_V1_genomic.fna.gz,../ecoli_genomes/GCF_000458195.1_Esch_coli_HVH_147_4-5893887_V1_genomic.fna.gz,../ecoli_genomes/GCF_000459755.1_Esch_coli_KOEGE_58_171a_V1_genomic.fna.gz,../ecoli_genomes/GCF_000460055.1_Esch_coli_UMEA_3053-1_V1_genomic.fna.gz,../ecoli_genomes/GCF_000462165.2_ASM46216v2_genomic.fna.gz,../ecoli_genomes/GCF_000601135.1_ASM60113v1_genomic.fna.gz,../ecoli_genomes/GCF_000614595.1_Ec2010EL1058_genomic.fna.gz,../ecoli_genomes/GCF_000617745.1_Ec2010C-4529_genomic.fna.gz,../ecoli_genomes/GCF_000618265.2_EcF6751_genomic.fna.gz,../ecoli_genomes/GCF_000619005.2_Ec2009C-4052_genomic.fna.gz,../ecoli_genomes/GCF_000619105.1_Ec2009C-4780_genomic.fna.gz,../ecoli_genomes/GCF_000619765.2_Ec2009C-3279_genomic.fna.gz,../ecoli_genomes/GCF_000687005.1_ASM68700v1_genomic.fna.gz,../ecoli_genomes/GCF_000687025.1_ASM68702v1_genomic.fna.gz,../ecoli_genomes/GCF_000700125.1_ASM70012v1_genomic.fna.gz,../ecoli_genomes/GCF_000753315.1_FHI35_genomic.fna.gz,../ecoli_genomes/GCF_000776375.1_ASM77637v1_genomic.fna.gz,../ecoli_genomes/GCF_000779395.1_ASM77939v1_genomic.fna.gz,../ecoli_genomes/GCF_000780315.1_ASM78031v1_genomic.fna.gz,../ecoli_genomes/GCF_000781995.1_ASM78199v1_genomic.fna.gz,../ecoli_genomes/GCF_000986765.1_ASM98676v1_genomic.fna.gz,../ecoli_genomes/GCF_001041375.1_ViralProj287958_genomic.fna.gz,../ecoli_genomes/GCF_001265335.1_302014_genomic.fna.gz,../ecoli_genomes/GCF_001265625.1_100854_genomic.fna.gz,../ecoli_genomes/GCF_001267345.1_303289_genomic.fna.gz,../ecoli_genomes/GCF_001309985.1_ASM130998v1_genomic.fna.gz,../ecoli_genomes/GCF_001521695.1_ASM152169v1_genomic.fna.gz,../ecoli_genomes/GCF_001592595.1_ASM159259v1_genomic.fna.gz,../ecoli_genomes/GCF_001614975.1_ASM161497v1_genomic.fna.gz,../ecoli_genomes/GCF_001692775.1_ASM169277v1_genomic.fna.gz,../ecoli_genomes/GCF_001748915.1_ASM174891v1_genomic.fna.gz,../ecoli_genomes/GCF_001749235.1_ASM174923v1_genomic.fna.gz,../ecoli_genomes/GCF_001881155.1_ASM188115v1_genomic.fna.gz,../ecoli_genomes/GCF_001881345.1_ASM188134v1_genomic.fna.gz,../ecoli_genomes/GCF_001892405.1_ASM189240v1_genomic.fna.gz,../ecoli_genomes/GCF_001892585.1_ASM189258v1_genomic.fna.gz,../ecoli_genomes/GCF_001893985.1_ASM189398v1_genomic.fna.gz,../ecoli_genomes/GCF_002001595.1_ASM200159v1_genomic.fna.gz,../ecoli_genomes/GCF_002002145.1_ASM200214v1_genomic.fna.gz
1.0,0.37910476303978224,0.31936860303438286,0.3358278986735368,0.3367219413821062,0.3365603152590033,0.3619963776767975,0.34233174176910686,0.4338958452683581,0.3483503017493388,0.3828804334068474,0.3480726436518139,0.36945933390412,0.33091377076457884,0.31543707807044397,0.3599485232882772,0.33721018154490245,0.3657272054194053,0.33484014326578637,0.36194661850718113,0.35458011449093285,0.3249129113177679,0.3737647368359328,0.34909290983754226,0.3412197715941331,0.3325732649456743,0.36719664129480467,0.3397118215698648,0.39644286541356655,0.4367680881666769,0.31254812310205715,0.35539745725176153,0.0,0.3672380278885302,0.36182909948464836,0.3357251720461195,0.3485190396150508,0.37071446033541433,0.2739081635739754,0.37397926176548535,0.3152503562983717,0.36377231203514737,0.370166262312118,0.34103532847000617,0.34956848664552664,0.3643792253751922,0.3576969198034903,0.35907275823408547,0.3252052921621228,0.40027980237017835
0.37910476303978224,1.0,0.3017014092646647,0.3252402799743942,0.4123426994277558,0.5030673171866458,0.3925966151920245,0.3300995248113535,0.3560059205778302,0.3354448858038419,0.47348535776642164,0.338699011104454,0.4608326273537847,0.32153084806983545,0.312755650699698,0.38508664353337696,0.47281397529512303,0.4628437748477584,0.4087790079306636,0.3954724205502659,0.44334256982720033,0.38485362094987985,0.457722106359571,0.5348046742788173,0.5233134505834804,0.46746801830135964,0.46679138180292,0.3284625341001909,0.36401234343477806,0.3622979863114558,0.31011191600056964,0.44360240501943715,0.0,0.45080082477413375,0.5753376715884114,0.3151974232419308,0.37226948775927315,0.47445393425822757,0.242880711731159,0.46824635682025484,0.3097107640350437,0.499456408495506,0.46666963892836877,0.3412552299622632,0.339987028056974,0.3347549451291578,0.5102122279235042,0.5113087309617004,0.33547002112404,0.35860916255038755
0.31936860303438286,0.3017014092646647,1.0,0.26487964615484727,0.26272695777173716,0.25862049577305124,0.28548112456867947,0.2680979029601904,0.30875639300263835,0.2744434664168971,0.3048857497890053,0.268278365430372,0.2929626437538354,0.2702671340171119,0.2615982339184256,0.28250893864379334,0.2652660500568166,0.290501335568369,0.25899385004214037,0.2867664485460254,0.28701235493891286,0.2540063805715651,0.2928486385472121,0.26618825012954905,0.2639562423227224,0.2606106128232518,0.29573755798835266,0.2669738682393821,0.3141962877074884,0.3151579447689371,0.25750575526342145,0.28108801564676866,0.0,0.2883602011628401,0.2773948695348577,0.2720408825881093,0.27093514079801595,0.29266118193646296,0.20581627411190384,0.3013775150334448,0.2585644923970638,0.2875046440956117,0.29946139252435156,0.27509807742538916,0.26770334382067507,0.291917652070825,0.2952135136889239,0.29547062701480675,0.27757863771204905,0.315668128986751
0.3358278986735368,0.3252402799743942,0.26487964615484727,1.0,0.3252264543414488,0.2936828276147192,0.3039460582687723,0.5325047865984125,0.3371349108976627,0.5647472001959802,0.32258330405306057,0.540870157899663,0.3268498304531883,0.5880443368899346,0.5853776884716748,0.31896477519613475,0.3102360642848584,0.3108209886342316,0.2834302068161061,0.30263457991137477,0.29881124494852396,0.2644244063266423,0.3194720577858734,0.3014143371442861,0.30718409712762196,0.302787654049569,0.31505777443919414,0.5538989057406469,0.3536014520429789,0.32673189579587525,0.5390006324156382,0.32747546026650864,0.0,0.30491519591560645,0.30937801484495053,0.45826872640582883,0.29521363634921094,0.31306742235827,0.37311240455400163,0.3050508922216709,0.5625283374662278,0.31135363807617866,0.3109388838679267,0.550418488720261,0.5350156488713497,0.33709704985684763,0.31131022404958697,0.31361245547528405,0.4877196224165463,0.3614838301937495
0.3367219413821062,0.4123426994277558,0.26272695777173716,0.3252264543414488,1.0,0.40613593662413916,0.36077171365533467,0.3193258401369339,0.37022093801478084,0.3427136257261356,0.5088745809337184,0.3018800664965636,0.513903051929046,0.30635011637826215,0.34090426537860385,0.39532964316650976,0.4547044275437986,0.4357350963957294,0.3949345935672447,0.36022747995565374,0.4431356938236267,0.3703880234471566,0.4458170121604864,0.4246877829947603,0.44021512492933723,0.44384386730466385,0.45308420692754625,0.2894832083861659,0.34055978512725815,0.3520122941897993,0.29897288848102543,0.5016686731472157,0.0,0.44803486333686904,0.42178841388952504,0.2922678254414277,0.36615718487498816,0.4577987187790261,0.22649326381336077,0.4658154319597517,0.3259454215236477,0.4269730876552308,0.4664610406224301,0.2949713600814128,0.2984718730772593,0.3032393728564884,0.43748770903002465,0.4395708533785285,0.2929926233938588,0.3330849782791766
0.3365603152590033,0.5030673171866458,0.25862049577305124,0.2936828276147192,0.40613593662413916,1.0,0.3788110586648893,0.3038197316834892,0.3222193394890638,0.2953322543279272,0.4104695373028161,0.28757540972683293,0.4124591433158702,0.2883035748739732,0.2804149331489785,0.3868964808503599,0.4331255275841819,0.4276156542515739,0.4015912453331921,0.361693162694,0.3951872519633357,0.485982108496565,0.4171874240104352,0.5057146231828832,0.48669111939118703,0.44756746927960145,0.40268166712456155,0.28798912545818867,0.33088966508750894,0.31799199346502605,0.27148446801964476,0.4049209755521853,0.0,0.409900744563369,0.5129439308662094,0.29889040235451425,0.36745344930475454,0.41984586617926756,0.2400703170050582,0.42065300930051996,0.28089922336447126,0.45368171585980477,0.4136768501550866,0.2933843479219955,0.29816825268918856,0.3073263187931147,0.458326945907212,0.46020786036259964,0.2846871337922645,0.3353487416951654
0.3619963776767975,0.3925966151920245,0.28548112456867947,0.3039460582687723,0.36077171365533467,0.3788110586648893,1.0,0.305970920131418,0.35245048759058506,0.30781675698860644,0.40933998890191003,0.3021754842430061,0.39766605289832624,0.30250639313820915,0.29190894943010426,0.7460489695207831,0.3675224944771044,0.436495683543797,0.3944734157903045,0.8689317671232237,0.42859110808851497,0.38256072143238473,0.4396349048574918,0.3793398498537379,0.3701884286894287,0.3668106436460955,0.40884873694517,0.29902652351783243,0.34071425454392656,0.35369940556069734,0.28748810818748816,0.3941475275574077,0.0,0.40255056970259206,0.40052977221382935,0.32349014123371334,0.7933588807081495,0.3935358159811366,0.24664621411868548,0.4044328123941445,0.2869668667293609,0.39654304687894415,0.4048103526639788,0.30447300808516253,0.30383673675092226,0.32009517399470555,0.3891210408017999,0.39079750102848343,0.3004642005322228,0.3468398817814642
0.34233174176910686,0.3300995248113535,0.2680979029601904,0.5325047865984125,0.3193258401369339,0.3038197316834892,0.305970920131418,1.0,0.3314453656863844,0.5365455574055287,0.32449001109047804,0.5113606860249416,0.33226226593011043,0.5205511976371568,0.504632193011078,0.3151805979627169,0.30895330451788217,0.3176407732454598,0.29560109581733707,0.30514496575287686,0.30363337197480744,0.2807186548216627,0.32433767686378256,0.31251252260483264,0.30856604764660533,0.30414051992438484,0.3202869696200953,0.6972009815810364,0.36293475312784595,0.3247481125706244,0.5069665075616472,0.3237616209141033,0.0,0.3220064473948745,0.31471957241829807,0.44954599852659083,0.29693634393371626,0.3346954479429597,0.3754427558257929,0.31990430009759785,0.505100389939275,0.3128231967525048,0.32269223549374537,0.7025007806637402,0.6742742405782308,0.3408769801490277,0.31446533620432415,0.31551842075809455,0.4756885009839088,0.3608662400957333
0.4338958452683581,0.3560059205778302,0.30875639300263835,0.3371349108976627,0.37022093801478084,0.3222193394890638,0.35245048759058506,0.3314453656863844,1.0,0.35417903984532684,0.36938524443694265,0.31861325265956675,0.3821434087626342,0.3290916404783194,0.33408873395625815,0.3665568958417009,0.343695987857491,0.3544550097334621,0.31711491417169624,0.3549791169085934,0.34552297667942633,0.3045838225919304,0.3617144876412993,0.3329306781666703,0.34038094992369805,0.3363097887274852,0.36146239259725366,0.31768405411532263,0.3816308883417281,0.4638197656127031,0.323129070394762,0.3631121440367443,0.0,0.3556514365756924,0.349042707841571,0.3283019936837138,0.34640963173224604,0.350468841463775,0.2513751163685033,0.36437669395427885,0.32416782462926486,0.3557986053639923,0.3661638118337708,0.3214464121313366,0.31437041599969595,0.3533608806327775,0.3541148996475184,0.35505497903334016,0.3204848008479958,0.39019576341224027
0.3483503017493388,0.3354448858038419,0.2744434664168971,0.5647472001959802,0.3427136257261356,0.2953322543279272,0.30781675698860644,0.5365455574055287,0.35417903984532684,1.0,0.3398116154561309,0.511937377494484,0.34884452974686353,0.5447252775123996,0.5401863177020197,0.32719023977649897,0.31025833955450444,0.31729539886027136,0.28815318717221183,0.30890063578942983,0.3055879116403021,0.2755021870495533,0.3191481679081466,0.30998874453464864,0.31441567313831253,0.308232757129267,0.32281162160845245,0.5373268887704519,0.36363606115225733,0.3411566963297885,0.5523731549357362,0.32861042878290403,0.0,0.3140489880198858,0.31507770718224826,0.4668327244616852,0.3028951381338899,0.31967878902642655,0.37329937849599315,0.3228560595234653,0.556391216226209,0.31708921808284996,0.319285295830779,0.5397843440394052,0.5378207159004229,0.33679599695795315,0.3202609612706847,0.321230332830132,0.5046675086525316,0.3600030611638897
0.3828804334068474,0.47348535776642164,0.3048857497890053,0.32258330405306057,0.5088745809337184,0.4104695373028161,0.40933998890191003,0.32449001109047804,0.36938524443694265,0.3398116154561309,1.0,0.3342917474485604,0.5575256929789627,0.33070737618988055,0.32333918698177433,0.40861546776449964,0.4245762122100495,0.5279482418532648,0.4661401906061451,0.4129965740417523,0.5208496728453087,0.45924385454865446,0.5335401600651586,0.45098418742974966,0.4135005947243168,0.42947759746207725,0.5455935163199344,0.32698719258517195,0.3643413210243338,0.37269134348961896,0.31814375062098843,0.49801687283371077,0.0,0.5173646574174728,0.4709350309190974,0.3389842212783232,0.3905641550193266,0.5270891736054227,0.2511948746969501,0.5617539244760122,0.3162098112840651,0.4903507337783377,0.5476829568729566,0.3295885417488834,0.3276252200034234,0.33894543964494805,0.48064388543473846,0.48194686779724094,0.3293713024574124,0.37016265434250084
0.3480726436518139,0.338699011104454,0.268278365430372,0.540870157899663,0.3018800664965636,0.28757540972683293,0.3021754842430061,0.5113606860249416,0.31861325265956675,0.511937377494484,0.3342917474485604,1.0,0.3203285966926228,0.5317941413516274,0.6055697436195104,0.3030390432541341,0.29493148255834845,0.312440694676446,0.2955843929789146,0.30272735043233157,0.30833011367370133,0.27980800768934244,0.321509211011734,0.30880899554080943,0.2934857651397934,0.2934588138804296,0.32049808954729564,0.5234321891128603,0.36534605499929496,0.3262845630157486,0.4835930883510541,0.31462167398490415,0.0,0.31605104212245205,0.31697534813367045,0.4514990980027178,0.29022115291580197,0.323187750240054,0.3684441208116378,0.3170199648860883,0.49400874842437503,0.30833667463738057,0.31825062590844944,0.5250932738488325,0.5197692523529078,0.3438033636799237,0.3168933392853862,0.31865384316811385,0.47061624983694406,0.36089078857480184
0.36945933390412,0.4608326273537847,0.2929626437538354,0.3268498304531883,0.513903051929046,0.4124591433158702,0.39766605289832624,0.33226226593011043,0.3821434087626342,0.34884452974686353,0.5575256929789627,0.3203285966926228,1.0,0.31823739714928767,0.3353772056054205,0.4155275419081075,0.4346475300527376,0.5232243712138627,0.5114081858857098,0.39929760003431647,0.5361044647337698,0.4949586406177472,0.5747501524782439,0.43544292288586695,0.4189180061165312,0.4288956564201162,0.5657391402879814,0.31702059120010695,0.36239711718577616,0.3793152624128793,0.31692094976813023,0.5502237143059259,0.0,0.5598127040238436,0.4603583758619342,0.3154526180245967,0.39309886853333964,0.5366357818803118,0.24833564081096693,0.5687346010306888,0.32328323934455305,0.4735938840778763,0.5607264623890821,0.3196712350959283,0.31592416722569094,0.32454478469523484,0.46972787833083685,0.47076233490831687,0.3180575253927338,0.35984910239052403
0.33091377076457884,0.32153084806983545,0.2702671340171119,0.5880443368899346,0.30635011637826215,0.2883035748739732,0.30250639313820915,0.5205511976371568,0.3290916404783194,0.5447252775123996,0.33070737618988055,0.5317941413516274,0.31823739714928767,1.0,0.5806779429787254,0.30341675687663616,0.29596894184755085,0.3143276103838899,0.28937526856798557,0.30410532696373294,0.3002696088072918,0.2747255810393642,0.32135930059627893,0.2923446026794966,0.2896859209578001,0.28647750813498607,0.31805645931416504,0.5494126202314646,0.35869379216510233,0.3259002534008322,0.5257525171872299,0.3165325756676881,0.0,0.3072277180242977,0.3083289842850041,0.4603679181363536,0.2901737439944191,0.31792462409365474,0.36389979127427974,0.3125297561143706,0.5316227729810461,0.3106514093090038,0.31600668387529574,0.5478443246480273,0.531762020726659,0.3474873704013792,0.3106750285217982,0.3128839010217911,0.49580827246097114,0.3637658393165303
0.31543707807044397,0.312755650699698,0.2615982339184256,0.5853776884716748,0.34090426537860385,0.2804149331489785,0.29190894943010426,0.504632193011078,0.33408873395625815,0.5401863177020197,0.32333918698177433,0.6055697436195104,0.3353772056054205,0.5806779429787254,1.0,0.3059022275246993,0.3125479753750331,0.30296934852414814,0.2758926255919866,0.2939814381219379,0.2947558188836825,0.26145857060103717,0.3143057638952712,0.29441764800661463,0.29917499249255564,0.2908562802673691,0.3121201577651742,0.5113632242101671,0.3497996618908278,0.32318024021998615,0.5316944670803659,0.32849699571781443,0.0,0.3017194933376355,0.30183906998873367,0.4421539204079614,0.2882881495892904,0.3093913205573271,0.3587777091815165,0.3054899509219887,0.5431330440849584,0.3004626242608952,0.309941514308155,0.5124702537654187,0.49807000523927536,0.3377490449346602,0.3116929985030972,0.3139363449941802,0.4713211677700655,0.36150977037778265
0.3599485232882772,0.38508664353337696,0.28250893864379334,0.31896477519613475,0.39532964316650976,0.3868964808503599,0.7460489695207831,0.3151805979627169,0.3665568958417009,0.32719023977649897,0.40861546776449964,0.3030390432541341,0.4155275419081075,0.30341675687663616,0.3059022275246993,1.0,0.37401720378932135,0.4141654988036083,0.37898737521592063,0.7436656257362175,0.40486336318890725,0.39641776012195273,0.42116166854897563,0.4030821072048385,0.39378953814418827,0.4052921549006051,0.39541859568422255,0.299526502436545,0.334423101633079,0.36459456601524254,0.29773614688919336,0.4037636062632939,0.0,0.39009888307839535,0.3979445870166113,0.32376636728061725,0.7331228466701044,0.39086207230065695,0.23588967388637794,0.3990294661417363,0.30118263287740554,0.3855882303682536,0.3911254158205424,0.3023994967747117,0.30491345225929545,0.3242662127892466,0.38449659127985747,0.3858331174889411,0.297543699823861,0.34734136556265127
0.33721018154490245,0.47281397529512303,0.2652660500568166,0.3102360642848584,0.4547044275437986,0.4331255275841819,0.3675224944771044,0.30895330451788217,0.343695987857491,0.31025833955450444,0.4245762122100495,0.29493148255834845,0.4346475300527376,0.29596894184755085,0.3125479753750331,0.37401720378932135,1.0,0.41598437255027754,0.3699162108287931,0.36599486327931785,0.4062860361201588,0.3596305345865438,0.42613630752082166,0.5270352406957232,0.5087292772661589,0.5395603300393866,0.4180019627094528,0.28987610004134623,0.3323954414840711,0.3352330887988145,0.2848702934467495,0.4801166143844008,0.0,0.4272222587519535,0.48190963499157635,0.29983936990033777,0.3601766467498412,0.4098398679327738,0.23966680116504369,0.4244460214182336,0.29309062854716894,0.4588879089952218,0.42718073757428165,0.2966992832310632,0.3065730797017898,0.30221431530107823,0.47229545928136496,0.47602704428892184,0.28570729975849685,0.324435136893667
0.3657272054194053,0.4628437748477584,0.290501335568369,0.3108209886342316,0.4357350963957294,0.4276156542515739,0.436495683543797,0.3176407732454598,0.3544550097334621,0.31729539886027136,0.5279482418532648,0.312440694676446,0.5232243712138627,0.3143276103838899,0.30296934852414814,0.4141654988036083,0.41598437255027754,1.0,0.521846041459655,0.4363670541118819,0.5478345989746853,0.4882044229963891,0.57009985405003,0.4267021754048257,0.41297653967324377,0.4140709161663019,0.5375808463102292,0.31529688606716777,0.35920477711640153,0.3571485954723448,0.3016999760098713,0.4933244392480324,0.0,0.5188763546481356,0.4631680065332917,0.33151605135758067,0.41800834873400083,0.505588807717273,0.2509216497010581,0.5269750496160372,0.29990240551465663,0.47147911795933517,0.5281524287207509,0.31764775038784976,0.31390661535276276,0.3243934127794549,0.47145049468821143,0.47233898745483893,0.31163474546254877,0.36050636890773946
0.33484014326578637,0.4087790079306636,0.25899385004214037,0.2834302068161061,0.3949345935672447,0.4015912453331921,0.3944734157903045,0.29560109581733707,0.31711491417169624,0.28815318717221183,0.4661401906061451,0.2955843929789146,0.5114081858857098,0.28937526856798557,0.2758926255919866,0.37898737521592063,0.3699162108287931,0.521846041459655,1.0,0.38876656434637147,0.49584943240723045,0.4973124738728978,0.5039234186832473,0.382038163366868,0.3675838792179522,0.36805456203905607,0.4825479479770799,0.2913926862033731,0.3226654581437568,0.3207247704488245,0.2745220588620567,0.4745886229318773,0.0,0.4663162325943082,0.4146952094784877,0.30026717175611795,0.37815465744412535,0.4581429540414472,0.230726542923554,0.4759057055757242,0.2732107487618076,0.4202643553267049,0.4735567285134691,0.29705804148928794,0.2942576153094192,0.3019885171112432,0.41409000714944744,0.4169372510371743,0.28579319473687126,0.32895752002538103
0.36194661850718113,0.3954724205502659,0.2867664485460254,0.30263457991137477,0.36022747995565374,0.361693162694,0.8689317671232237,0.30514496575287686,0.3549791169085934,0.30890063578942983,0.4129965740417523,0.30272735043233157,0.39929760003431647,0.30410532696373294,0.2939814381219379,0.7436656257362175,0.36599486327931785,0.4363670541118819,0.38876656434637147,1.0,0.4279589722327303,0.3653698072207603,0.43958349665124496,0.37338322068502683,0.37084839849883366,0.36350754842456545,0.41084899457788504,0.3008758742657188,0.3420830428227103,0.3559584916523153,0.2897696469103339,0.39443702700958927,0.0,0.40350083596727104,0.3989824318237475,0.32396020606565523,0.7927760049263135,0.39482277403439336,0.24200962981509377,0.407143647798504,0.28786202608224654,0.39745057518509674,0.40588177752031684,0.304324230458348,0.3021839795370438,0.3215151411161652,0.39123006254929693,0.3927816886304065,0.3038206251637655,0.3487373547184629
0.35458011449093285,0.44334256982720033,0.28701235493891286,0.29881124494852396,0.4431356938236267,0.3951872519633357,0.42859110808851497,0.30363337197480744,0.34552297667942633,0.3055879116403021,0.5208496728453087,0.30833011367370133,0.5361044647337698,0.3002696088072918,0.2947558188836825,0.40486336318890725,0.4062860361201588,0.5478345989746853,0.49584943240723045,0.4279589722327303,1.0,0.4756501267588721,0.5710011650089593,0.414640397671143,0.39621747784014694,0.40680886162710894,0.5434948074763964,0.30341492117194213,0.34564283130752627,0.35254753167101194,0.28917032544945054,0.5013986420831281,0.0,0.5380566652416251,0.44958022084092786,0.3190192747816658,0.4043629542060526,0.5157392852210176,0.23989513357948777,0.5429865068870565,0.2917233660331131,0.4410627055822174,0.5315277847043255,0.306348653274796,0.30479450746867387,0.32286722019700165,0.4577752358634115,0.458482653823687,0.3039659908482222,0.3507587889608791
0.3249129113177679,0.38485362094987985,0.2540063805715651,0.2644244063266423,0.3703880234471566,0.485982108496565,0.38256072143238473,0.2807186548216627,0.3045838225919304,0.2755021870495533,0.45924385454865446,0.27980800768934244,0.4949586406177472,0.2747255810393642,0.26145857060103717,0.39641776012195273,0.3596305345865438,0.4882044229963891,0.4973124738728978,0.3653698072207603,0.4756501267588721,1.0,0.6085457074461755,0.4022251204062782,0.367773320298442,0.39392228908592397,0.4721862576853548,0.27787215028781,0.3083325580680101,0.3064541147197938,0.2595052820260375,0.4447380807747787,0.0,0.5421262068596946,0.4004090753547641,0.29269295209999635,0.37387012974153555,0.46296389644781233,0.21627452502530653,0.4802834240999906,0.2556564341925164,0.3957868298851862,0.47117785984722005,0.2817911827632811,0.28095170284773086,0.29809394764726815,0.3991741250938168,0.39999420890030657,0.27020687209873484,0.3220875714597864
0.3737647368359328,0.457722106359571,0.2928486385472121,0.3194720577858734,0.4458170121604864,0.4171874240104352,0.4396349048574918,0.32433767686378256,0.3617144876412993,0.3191481679081466,0.5335401600651586,0.321509211011734,0.5747501524782439,0.32135930059627893,0.3143057638952712,0.42116166854897563,0.42613630752082166,0.57009985405003,0.5039234186832473,0.43958349665124496,0.5710011650089593,0.6085457074461755,1.0,0.42779575045294205,0.41357754060062735,0.4172554827740982,0.5699706071348307,0.31900586976593526,0.36082696309853945,0.35685967581803957,0.30606038849149364,0.5255022472013731,0.0,0.6545747555797445,0.4634814135298846,0.3310690122810347,0.42007211048063886,0.5369954428491873,0.25521144136482976,0.555485664879942,0.30557458071066124,0.4650982176510945,0.5544545568199071,0.3228019877500161,0.319268319367077,0.3292323341714636,0.4622765920501336,0.4639648527063104,0.31663649916991055,0.36433337288244005
0.34909290983754226,0.5348046742788173,0.26618825012954905,0.3014143371442861,0.4246877829947603,0.5057146231828832,0.3793398498537379,0.31251252260483264,0.3329306781666703,0.30998874453464864,0.45098418742974966,0.30880899554080943,0.43544292288586695,0.2923446026794966,0.29441764800661463,0.4030821072048385,0.5270352406957232,0.4267021754048257,0.382038163366868,0.37338322068502683,0.414640397671143,0.4022251204062782,0.42779575045294205,1.0,0.5633815973675951,0.5552012342795278,0.4302665722698962,0.29466256509931643,0.33205190798529594,0.3319510184225787,0.2786330176065781,0.4424131395357189,0.0,0.4234473891361613,0.56206435318673,0.31295029517964623,0.3756410980040157,0.42607044400023486,0.2337685376311559,0.4386257258667393,0.28626420800251773,0.47966176778978364,0.4249786097701357,0.30059413006370217,0.31059094677021326,0.31425646520364825,0.46949118349453034,0.4710063847108993,0.2892079632538779,0.33727577704808176
0.3412197715941331,0.5233134505834804,0.2639562423227224,0.30718409712762196,0.44021512492933723,0.48669111939118703,0.3701884286894287,0.30856604764660533,0.34038094992369805,0.31441567313831253,0.4135005947243168,0.2934857651397934,0.4189180061165312,0.2896859209578001,0.29917499249255564,0.39378953814418827,0.5087292772661589,0.41297653967324377,0.3675838792179522,0.37084839849883366,0.39621747784014694,0.367773320298442,0.41357754060062735,0.5633815973675951,1.0,0.5391042734065431,0.40441667757851774,0.28139323007505435,0.3261941374356081,0.32502819826651286,0.2822593972398689,0.46535972738937514,0.0,0.4017714569994202,0.5474353149471924,0.2993097829479737,0.37672457165704143,0.4211566299285794,0.22883294926613995,0.4156449172689328,0.29105894928110965,0.4561973260958879,0.41851615524464036,0.30120791137798464,0.30555802905624496,0.30968558614845465,0.4532576101032755,0.456941309239559,0.2937867011997033,0.32540713360443496
0.3325732649456743,0.46746801830135964,0.2606106128232518,0.302787654049569,0.44384386730466385,0.44756746927960145,0.3668106436460955,0.30414051992438484,0.3363097887274852,0.308232757129267,0.42947759746207725,0.2934588138804296,0.4288956564201162,0.28647750813498607,0.2908562802673691,0.4052921549006051,0.5395603300393866,0.4140709161663019,0.36805456203905607,0.36350754842456545,0.40680886162710894,0.39392228908592397,0.4172554827740982,0.5552012342795278,0.5391042734065431,1.0,0.4104936860992614,0.28414640730915697,0.33038600704978094,0.3273488011540515,0.28210501954642875,0.44410235521755204,0.0,0.40175892310518724,0.4866216564545588,0.3036504118266399,0.37522337748721546,0.4186699250974979,0.22577136032110112,0.4269995823565268,0.2891651395022439,0.45464579651016435,0.41174551659872827,0.2958679012593016,0.2998174340223153,0.3053922561712289,0.4650340466360112,0.4664866084955904,0.2874973035324466,0.331014784525995
0.36719664129480467,0.46679138180292,0.29573755798835266,0.31505777443919414,0.45308420692754625,0.40268166712456155,0.40884873694517,0.3202869696200953,0.36146239259725366,0.32281162160845245,0.5455935163199344,0.32049808954729564,0.5657391402879814,0.31805645931416504,0.3121201577651742,0.39541859568422255,0.4180019627094528,0.5375808463102292,0.4825479479770799,0.41084899457788504,0.5434948074763964,0.4721862576853548,0.5699706071348307,0.4302665722698962,0.40441667757851774,0.4104936860992614,1.0,0.3139410307514606,0.36353047624609425,0.35983789975943126,0.3068760945857463,0.5182083951695069,0.0,0.5414963166516522,0.4588622943865488,0.3235262608167009,0.38865750285978573,0.6016925433527601,0.24005850809394935,0.5731531873008479,0.30714328472339003,0.46742965913212386,0.6321038617443219,0.32371012346801953,0.31429008315117457,0.3317136396975283,0.46480222176753927,0.46586333872394714,0.31865750571839546,0.361491061211475
0.3397118215698648,0.3284625341001909,0.2669738682393821,0.5538989057406469,0.2894832083861659,0.28798912545818867,0.29902652351783243,0.6972009815810364,0.31768405411532263,0.5373268887704519,0.32698719258517195,0.5234321891128603,0.31702059120010695,0.5494126202314646,0.5113632242101671,0.299526502436545,0.28987610004134623,0.31529688606716777,0.2913926862033731,0.3008758742657188,0.30341492117194213,0.27787215028781,0.31900586976593526,0.29466256509931643,0.28139323007505435,0.28414640730915697,0.3139410307514606,1.0,0.36102541760292595,0.3193343891795275,0.5061758196088946,0.310018501835741,0.0,0.30957004917924846,0.3072789137526648,0.4533103048395163,0.2882192323692032,0.324611118525732,0.37406001502271224,0.31102642868383845,0.5095165866191589,0.307738122184124,0.3110868801346016,0.7993419422538399,0.7553863149544925,0.3380136389034015,0.31259050068542116,0.31339391580794806,0.4938597210556783,0.3541185490131292
0.39644286541356655,0.36401234343477806,0.3141962877074884,0.3536014520429789,0.34055978512725815,0.33088966508750894,0.34071425454392656,0.36293475312784595,0.3816308883417281,0.36363606115225733,0.3643413210243338,0.36534605499929496,0.36239711718577616,0.35869379216510233,0.3497996618908278,0.334423101633079,0.3323954414840711,0.35920477711640153,0.3226654581437568,0.3420830428227103,0.34564283130752627,0.3083325580680101,0.36082696309853945,0.33205190798529594,0.3261941374356081,0.33038600704978094,0.36353047624609425,0.36102541760292595,1.0,0.37426757757420126,0.34244467677570545,0.34920758869366375,0.0,0.35600763989817497,0.3493114390998715,0.3619456404979715,0.3223490306854624,0.36033829822406593,0.28410017308118474,0.3641339600639213,0.3393663522313616,0.34839490583788346,0.3613344140500232,0.36120769359595895,0.3589006230289803,0.42863248520524666,0.35054972780423976,0.3507926116494626,0.35137929836121384,0.6318121760726036
0.4367680881666769,0.3622979863114558,0.3151579447689371,0.32673189579587525,0.3520122941897993,0.31799199346502605,0.35369940556069734,0.3247481125706244,0.4638197656127031,0.3411566963297885,0.37269134348961896,0.3262845630157486,0.3793152624128793,0.3259002534008322,0.32318024021998615,0.36459456601524254,0.3352330887988145,0.3571485954723448,0.3207247704488245,0.3559584916523153,0.35254753167101194,0.3064541147197938,0.35685967581803957,0.3319510184225787,0.32502819826651286,0.3273488011540515,0.35983789975943126,0.3193343891795275,0.37426757757420126,1.0,0.3164140582687216,0.3509403007909254,0.0,0.35000507762797495,0.35113468140439774,0.32777657552692985,0.3413132133312049,0.35213178272881807,0.2633333694372375,0.37449102454935546,0.32176617402765884,0.3525741539929602,0.3615443251242708,0.32381275558780753,0.31854861069472995,0.37546718734871876,0.3604862445431627,0.36200304675328765,0.3223004176609382,0.38682864094134317
0.31254812310205715,0.31011191600056964,0.25750575526342145,0.5390006324156382,0.29897288848102543,0.27148446801964476,0.28748810818748816,0.5069665075616472,0.323129070394762,0.5523731549357362,0.31814375062098843,0.4835930883510541,0.31692094976813023,0.5257525171872299,0.5316944670803659,0.29773614688919336,0.2848702934467495,0.3016999760098713,0.2745220588620567,0.2897696469103339,0.28917032544945054,0.2595052820260375,0.30606038849149364,0.2786330176065781,0.2822593972398689,0.28210501954642875,0.3068760945857463,0.5061758196088946,0.34244467677570545,0.3164140582687216,1.0,0.3037001447355131,0.0,0.29743877455241086,0.2897778307545258,0.4382021348453362,0.28100077244875465,0.3047996759923238,0.34882238741313776,0.30515453903264533,0.646524921712283,0.2964732033431918,0.3023489033101814,0.5091136405958431,0.49454638279630625,0.3267140510871619,0.30244045775771644,0.3034744972862914,0.4713230819973372,0.3424422865942919
0.35539745725176153,0.44360240501943715,0.28108801564676866,0.32747546026650864,0.5016686731472157,0.4049209755521853,0.3941475275574077,0.3237616209141033,0.3631121440367443,0.32861042878290403,0.49801687283371077,0.31462167398490415,0.5502237143059259,0.3165325756676881,0.32849699571781443,0.4037636062632939,0.4801166143844008,0.4933244392480324,0.4745886229318773,0.39443702700958927,0.5013986420831281,0.4447380807747787,0.5255022472013731,0.4424131395357189,0.46535972738937514,0.44410235521755204,0.5182083951695069,0.310018501835741,0.34920758869366375,0.3509403007909254,0.3037001447355131,1.0,0.0,0.5056138114457089,0.44266447706051315,0.31020024216754527,0.39496086407546604,0.5222381721214713,0.24662714989918744,0.5253371888094718,0.31058219794438147,0.45009295401047056,0.5268952537492401,0.30963118248707766,0.31395496593573313,0.3183813016210759,0.45988539794437866,0.46157546805747307,0.3018167725028127,0.3440331580902456
0.0,0.0,0.0,0.0,0.0,0.0,0.0,0.0,0.0,0.0,0.0,0.0,0.0,0.0,0.0,0.0,0.0,0.0,0.0,0.0,0.0,0.0,0.0,0.0,0.0,0.0,0.0,0.0,0.0,0.0,0.0,0.0,1.0,0.0,0.0,0.0,0.0,0.0,0.0,0.0,0.0,0.0,0.0,0.0,0.0,0.0,0.0,0.0,0.0,0.0
0.3672380278885302,0.45080082477413375,0.2883602011628401,0.30491519591560645,0.44803486333686904,0.409900744563369,0.40255056970259206,0.3220064473948745,0.3556514365756924,0.3140489880198858,0.5173646574174728,0.31605104212245205,0.5598127040238436,0.3072277180242977,0.3017194933376355,0.39009888307839535,0.4272222587519535,0.5188763546481356,0.4663162325943082,0.40350083596727104,0.5380566652416251,0.5421262068596946,0.6545747555797445,0.4234473891361613,0.4017714569994202,0.40175892310518724,0.5414963166516522,0.30957004917924846,0.35600763989817497,0.35000507762797495,0.29743877455241086,0.5056138114457089,0.0,1.0,0.45596392500511107,0.3312079196096974,0.38280408771613617,0.5190493265841603,0.2625547375422549,0.5472058617685025,0.2964341428624524,0.4582731086056745,0.5497954236201297,0.3154765795507637,0.31630614289914716,0.32007669374634207,0.46110496746530316,0.4627774358022948,0.3076461254209215,0.35752319932646437
0.36182909948464836,0.5753376715884114,0.2773948695348577,0.30937801484495053,0.42178841388952504,0.5129439308662094,0.40052977221382935,0.31471957241829807,0.349042707841571,0.31507770718224826,0.4709350309190974,0.31697534813367045,0.4603583758619342,0.3083289842850041,0.30183906998873367,0.3979445870166113,0.48190963499157635,0.4631680065332917,0.4146952094784877,0.3989824318237475,0.44958022084092786,0.4004090753547641,0.4634814135298846,0.56206435318673,0.5474353149471924,0.4866216564545588,0.4588622943865488,0.3072789137526648,0.3493114390998715,0.35113468140439774,0.2897778307545258,0.44266447706051315,0.0,0.45596392500511107,1.0,0.3193951722650642,0.37917189495191506,0.4523232920011214,0.246503026892388,0.4735136297509678,0.29383056408591546,0.5109696528697236,0.4678528968791582,0.3101147029244625,0.31372285325225224,0.3217370516875717,0.5018355703256379,0.5027527245038743,0.30657763886057887,0.34791380704511243
0.3357251720461195,0.3151974232419308,0.2720408825881093,0.45826872640582883,0.2922678254414277,0.29889040235451425,0.32349014123371334,0.44954599852659083,0.3283019936837138,0.4668327244616852,0.3389842212783232,0.4514990980027178,0.3154526180245967,0.4603679181363536,0.4421539204079614,0.32376636728061725,0.29983936990033777,0.33151605135758067,0.30026717175611795,0.32396020606565523,0.3190192747816658,0.29269295209999635,0.3310690122810347,0.31295029517964623,0.2993097829479737,0.3036504118266399,0.3235262608167009,0.4533103048395163,0.3619456404979715,0.32777657552692985,0.4382021348453362,0.31020024216754527,0.0,0.3312079196096974,0.3193951722650642,1.0,0.3161251802971011,0.3176416896476473,0.3834046326233431,0.32442361403679854,0.43725118761523607,0.31218439132507647,0.31773132270114257,0.4565418517909633,0.45778765243052455,0.33527191628739794,0.3133535950630072,0.31444022738906663,0.447696645726658,0.3643214108741415
0.3485190396150508,0.37226948775927315,0.27093514079801595,0.29521363634921094,0.36615718487498816,0.36745344930475454,0.7933588807081495,0.29693634393371626,0.34640963173224604,0.3028951381338899,0.3905641550193266,0.29022115291580197,0.39309886853333964,0.2901737439944191,0.2882881495892904,0.7331228466701044,0.3601766467498412,0.41800834873400083,0.37815465744412535,0.7927760049263135,0.4043629542060526,0.37387012974153555,0.42007211048063886,0.3756410980040157,0.37672457165704143,0.37522337748721546,0.38865750285978573,0.2882192323692032,0.3223490306854624,0.3413132133312049,0.28100077244875465,0.39496086407546604,0.0,0.38280408771613617,0.37917189495191506,0.3161251802971011,1.0,0.3812453861462063,0.2330861950854104,0.3825221294889676,0.279579034685575,0.3811026657438462,0.38747464354498873,0.2898368885227064,0.28995515622287504,0.3070259953523684,0.37262540620158335,0.3737642613736577,0.28365390447579464,0.3322539903749121
0.37071446033541433,0.47445393425822757,0.29266118193646296,0.31306742235827,0.4577987187790261,0.41984586617926756,0.3935358159811366,0.3346954479429597,0.350468841463775,0.31967878902642655,0.5270891736054227,0.323187750240054,0.5366357818803118,0.31792462409365474,0.3093913205573271,0.39086207230065695,0.4098398679327738,0.505588807717273,0.4581429540414472,0.39482277403439336,0.5157392852210176,0.46296389644781233,0.5369954428491873,0.42607044400023486,0.4211566299285794,0.4186699250974979,0.6016925433527601,0.324611118525732,0.36033829822406593,0.35213178272881807,0.3047996759923238,0.5222381721214713,0.0,0.5190493265841603,0.4523232920011214,0.3176416896476473,0.3812453861462063,1.0,0.24437420889796269,0.561213785608478,0.30650840639399546,0.4582181893560128,0.6331645349697358,0.32944676721014543,0.32145267533282695,0.33579071692038953,0.478903920985411,0.4786199979214132,0.3187308849201842,0.36080396137325144
0.2739081635739754,0.242880711731159,0.20581627411190384,0.37311240455400163,0.22649326381336077,0.2400703170050582,0.24664621411868548,0.3754427558257929,0.2513751163685033,0.37329937849599315,0.2511948746969501,0.3684441208116378,0.24833564081096693,0.36389979127427974,0.3587777091815165,0.23588967388637794,0.23966680116504369,0.2509216497010581,0.230726542923554,0.24200962981509377,0.23989513357948777,0.21627452502530653,0.25521144136482976,0.2337685376311559,0.22883294926613995,0.22577136032110112,0.24005850809394935,0.37406001502271224,0.28410017308118474,0.2633333694372375,0.34882238741313776,0.24662714989918744,0.0,0.2625547375422549,0.246503026892388,0.3834046326233431,0.2330861950854104,0.24437420889796269,1.0,0.2525749782094757,0.34418247487581066,0.24598034122239032,0.24799042725024334,0.3766422448159359,0.380755040462722,0.24847678810178364,0.24856405746600796,0.24834042707047865,0.35301361563593814,0.27395460171880726
0.37397926176548535,0.46824635682025484,0.3013775150334448,0.3050508922216709,0.4658154319597517,0.42065300930051996,0.4044328123941445,0.31990430009759785,0.36437669395427885,0.3228560595234653,0.5617539244760122,0.3170199648860883,0.5687346010306888,0.3125297561143706,0.3054899509219887,0.3990294661417363,0.4244460214182336,0.5269750496160372,0.4759057055757242,0.407143647798504,0.5429865068870565,0.4802834240999906,0.555485664879942,0.4386257258667393,0.4156449172689328,0.4269995823565268,0.5731531873008479,0.31102642868383845,0.3641339600639213,0.37449102454935546,0.30515453903264533,0.5253371888094718,0.0,0.5472058617685025,0.4735136297509678,0.32442361403679854,0.3825221294889676,0.561213785608478,0.2525749782094757,1.0,0.30292801945995984,0.4771884119085382,0.5781554997321077,0.31774549981811584,0.32237866219820055,0.3463454476428526,0.5016689095666065,0.4996094095884569,0.3161035716263343,0.3695288345749138
