../ecoli_genomes/GCF_000163235.1_ASM16323v1_genomic.fna.gz,../ecoli_genomes/GCF_000164555.1_ASM16455v1_genomic.fna.gz,../ecoli_genomes/GCF_000208545.1_ASM20854v2_genomic.fna.gz,../ecoli_genomes/GCF_000233875.1_ASM23387v1_genomic.fna.gz,../ecoli_genomes/GCF_000249735.1_ASM24973v2_genomic.fna.gz,../ecoli_genomes/GCF_000261145.1_Esch_coli_M919_V2_genomic.fna.gz,../ecoli_genomes/GCF_000267705.2_ASM26770v2_genomic.fna.gz,../ecoli_genomes/GCF_000350665.1_Esch_coli_KTE5_V1_genomic.fna.gz,../ecoli_genomes/GCF_000351625.1_Esch_coli_KTE66_V1_genomic.fna.gz,../ecoli_genomes/GCF_000352285.1_Esch_coli_KTE46_V1_genomic.fna.gz,../ecoli_genomes/GCF_000358895.1_ASM35889v1_genomic.fna.gz,../ecoli_genomes/GCF_000456385.1_Esch_coli_HVH_26_4-5703913_V1_genomic.fna.gz,../ecoli_genomes/GCF_000458195.1_Esch_coli_HVH_147_4-5893887_V1_genomic.fna.gz,../ecoli_genomes/GCF_000459755.1_Esch_coli_KOEGE_58_171a_V1_genomic.fna.gz,../ecoli_genomes/GCF_000460055.1_Esch_coli_UMEA_3053-1_V1_genomic.fna.gz,../ecoli_genomes/GCF_000462165.2_ASM46216v2_genomic.fna.gz,../ecoli_genomes/GCF_000601135.1_ASM60113v1_genomic.fna.gz,../ecoli_genomes/GCF_000614595.1_Ec2010EL1058_genomic.fna.gz,../ecoli_genomes/GCF_000617745.1_Ec2010C-4529_genomic.fna.gz,../ecoli_genomes/GCF_000618265.2_EcF6751_genomic.fna.gz,../ecoli_genomes/GCF_000619005.2_Ec2009C-4052_genomic.fna.gz,../ecoli_genomes/GCF_000619105.1_Ec2009C-4780_genomic.fna.gz,../ecoli_genomes/GCF_000619765.2_Ec2009C-3279_genomic.fna.gz,../ecoli_genomes/GCF_000687005.1_ASM68700v1_genomic.fna.gz,../ecoli_genomes/GCF_000687025.1_ASM68702v1_genomic.fna.gz,../ecoli_genomes/GCF_000700125.1_ASM70012v1_genomic.fna.gz,../ecoli_genomes/GCF_000753315.1_FHI35_genomic.fna.gz,../ecoli_genomes/GCF_000776375.1_ASM77637v1_genomic.fna.gz,../ecoli_genomes/GCF_000779395.1_ASM77939v1_genomic.fna.gz,../ecoli_genomes/GCF_000780315.1_ASM78031v1_genomic.fna.gz,../ecoli_genomes/GCF_000781995.1_ASM78199v1_genomic.fna.gz,../ecoli_genomes/GCF_000986765.1_ASM98676v1_genomic.fna.gz,../ecoli_genomes/GCF_001041375.1_ViralProj287958_genomic.fna.gz,../ecoli_genomes/GCF_001265335.1_302014_genomic.fna.gz,../ecoli_genomes/GCF_001265625.1_100854_genomic.fna.gz,../ecoli_genomes/GCF_001267345.1_303289_genomic.fna.gz,../ecoli_genomes/GCF_001309985.1_ASM130998v1_genomic.fna.gz,../ecoli_genomes/GCF_001521695.1_ASM152169v1_genomic.fna.gz,../ecoli_genomes/GCF_001592595.1_ASM159259v1_genomic.fna.gz,../ecoli_genomes/GCF_001614975.1_ASM161497v1_genomic.fna.gz,../ecoli_genomes/GCF_001692775.1_ASM169277v1_genomic.fna.gz,../ecoli_genomes/GCF_001748915.1_ASM174891v1_genomic.fna.gz,../ecoli_genomes/GCF_001749235.1_ASM174923v1_genomic.fna.gz,../ecoli_genomes/GCF_001881155.1_ASM188115v1_genomic.fna.gz,../ecoli_genomes/GCF_001881345.1_ASM188134v1_genomic.fna.gz,../ecoli_genomes/GCF_001892405.1_ASM189240v1_genomic.fna.gz,../ecoli_genomes/GCF_001892585.1_ASM189258v1_genomic.fna.gz,../ecoli_genomes/GCF_001893985.1_ASM189398v1_genomic.fna.gz,../ecoli_genomes/GCF_002001595.1_ASM200159v1_genomic.fna.gz,../ecoli_genomes/GCF_002002145.1_ASM200214v1_genomic.fna.gz
1.0,0.32093373618363574,0.24875650179555486,0.2854007699447514,0.2862221138736383,0.28970848200421784,0.2963637921430704,0.28805614333627205,0.3947481542913539,0.29797716201117497,0.32392962063181663,0.2894024601703018,0.3099304972912972,0.275334502589906,0.2684182382708702,0.3007538588263524,0.2935648086666617,0.29849387694759144,0.26613891914098253,0.29687678081126556,0.2898493338205892,0.2763344804043243,0.3084519798556856,0.2938570289928659,0.3011672609359656,0.3029355076563566,0.3002390920020426,0.27349219491979604,0.3328109631887416,0.38377104799585415,0.2559840432788101,0.30039543868800445,0.0,0.3100158661975363,0.3076160752538629,0.27372578668563985,0.28396643654078435,0.3104108471954944,0.252767865110625,0.30134321622505356,0.2664114084738043,0.3000900726411627,0.30768983370157277,0.28339139098690225,0.29596684974634135,0.31370506753410476,0.29821261104779584,0.2971285563512115,0.2695378396920015,0.3438973293959038
0.32093373618363574,1.0,0.23008636440927144,0.2697654008782112,0.34938275868162916,0.4784410480316642,0.34327414401068634,0.27452035638451744,0.2955317755717961,0.2750028471402831,0.42348076717777416,0.27784232928085284,0.405264228013667,0.25855637942171483,0.25495098471935174,0.3357894021682716,0.4513179368046448,0.41342238742385906,0.3398561564581759,0.34694852841443247,0.39557433210466597,0.33822606782972353,0.4121961097164989,0.48495797266799523,0.5292194248023032,0.4727753430704704,0.4092035666478576,0.2676317723214151,0.29990777252452816,0.30319746030977646,0.2524561534864199,0.39415885284094654,0.0,0.40218220830409657,0.5651246221991851,0.2556587705278468,0.32338775486967997,0.42004718585469647,0.23027560522331447,0.41692310165562196,0.2469355769246815,0.4647708205144294,0.4137556766770707,0.27944102743105537,0.2784487899093546,0.28062608222020424,0.4738964388938518,0.4746733143781512,0.27277657822608503,0.2976277058254949
0.24875650179555486,0.23008636440927144,1.0,0.1996020700865051,0.17875306117330936,0.19341571035898963,0.20684984479229962,0.2031436522891874,0.2368235382614955,0.20477770720733535,0.2216529968757518,0.20123044850784,0.21323308323269907,0.20194999211174158,0.19626000781971487,0.2029396436636598,0.2012348791570856,0.21581519118577996,0.18126516140058413,0.20938541523582344,0.2101971744007003,0.17960595203570473,0.21756432692925254,0.19078557517764339,0.20282568034584758,0.20629848410273333,0.2170869420141175,0.20206796257677528,0.24091555834408795,0.24419772176184418,0.18967086949201406,0.2053961536227551,0.0,0.2150461272463704,0.2138542529725751,0.20012023091117082,0.1948134713416615,0.2167489828521043,0.17968101993164176,0.21995270699932612,0.18986242893839955,0.21626448878548465,0.22262584161086962,0.20792636653576302,0.20473261631158934,0.22519603638554797,0.21824694273878298,0.21835643837257324,0.20546887041167472,0.2429023106789686
0.2854007699447514,0.2697654008782112,0.1996020700865051,1.0,0.22939117364499817,0.23840059680448122,0.25134362430442436,0.49938118609083115,0.2725492195972563,0.5150543349146092,0.2601884309097132,0.5129905738607193,0.25700190962056046,0.5440422570802965,0.5431191727024192,0.25355133605530866,0.24088582211865917,0.2552496980439356,0.2196184441723923,0.25341543005336087,0.24558723713614472,0.221708583236345,0.26159051309157544,0.23077249829206425,0.24552229065530606,0.24543098390739948,0.2537802978022684,0.5234710366237192,0.301412062639811,0.2665365450260927,0.48804910636348997,0.2622407571971074,0.0,0.24969483746605803,0.2548065129943272,0.40678461619104866,0.24043115748176103,0.2517395849180938,0.407032752159601,0.24919791088242405,0.5042874205210945,0.25304996058956786,0.25481798310811343,0.5244426504950104,0.5177339507557217,0.291683596402593,0.25591630356767103,0.2558455520628825,0.45498702332317364,0.3041561705976128
0.2862221138736383,0.34938275868162916,0.17875306117330936,0.22939117364499817,1.0,0.33457567498365237,0.2881109151185316,0.237378142779745,0.27036632652245063,0.23969698372838377,0.4642998376791002,0.22681253016981484,0.41245199905256624,0.22012367031520585,0.22958201014104296,0.30232126654485914,0.3958737230026709,0.36343189751814253,0.32535095909552547,0.28915731031825254,0.3734466274254781,0.32669166355771173,0.37856358631828635,0.3781776594699624,0.37701410783512734,0.37300725012378244,0.37953731212108566,0.21376645116783966,0.26038685638306336,0.26662290955132584,0.20797809731819716,0.406707518007847,0.0,0.39241724370887854,0.36447462779881956,0.22664773996399767,0.28391463608882794,0.43390995820527445,0.2595090788080525,0.39386313938917983,0.23156624240831736,0.3649840360183654,0.3990338476770521,0.23212090393593443,0.23873184890373889,0.24316887425047895,0.37937161688064536,0.3788260009845096,0.22045605874948582,0.2654464913847525
0.28970848200421784,0.4784410480316642,0.19341571035898963,0.23840059680448122,0.33457567498365237,1.0,0.3253528151125519,0.249334967263947,0.26298263485434026,0.24211242332110572,0.3822136891484501,0.23381269091756285,0.36243345347408285,0.2320833035981209,0.22519711744081494,0.34389066462748563,0.4116572166866992,0.37496918399530177,0.3342091009183671,0.31922950067635425,0.3509655049190905,0.4604749508320999,0.36757723874875103,0.45640033659187185,0.5050447986025968,0.442064659877465,0.35145314721814636,0.2307594686454627,0.2743239110700544,0.26268612905197763,0.21766541101760606,0.3708672369088917,0.0,0.37037297522089785,0.4967876647947701,0.24786774987954574,0.32152287329742557,0.3640435323610811,0.23038142013372132,0.36895049160238647,0.2178840893778471,0.418059951829591,0.3677702563597819,0.23856314277885415,0.24635625966631725,0.2542842850042737,0.42125115100353216,0.4211697254617415,0.2299791820614262,0.2817195062730553
0.2963637921430704,0.34327414401068634,0.20684984479229962,0.25134362430442436,0.2881109151185316,0.3253528151125519,1.0,0.2577119764465805,0.28626991954544667,0.24902079714544567,0.3521805513835842,0.24857467529231925,0.3363652553443257,0.24392677538776464,0.24248895651393754,0.7342947978772727,0.3161352858627178,0.3774991296528607,0.3222605478306694,0.8548549645246888,0.37223568993267697,0.31725982767709393,0.38042151594828566,0.30334054030516655,0.32752775953107405,0.33363380395803055,0.3447631220540125,0.24434258642982654,0.28088216404344446,0.28743049624695305,0.23450110177918093,0.33776039253348833,0.0,0.35244369676223,0.350075427247042,0.2603655004526557,0.7797371488384023,0.3292368203389814,0.24250838357526905,0.3447451131312951,0.22949999880032823,0.34228386353852436,0.34774576150075587,0.25081162564780113,0.25139042146427004,0.2651523215281899,0.33795125160334827,0.33789537916079404,0.24021337027192002,0.2871023368866288
0.28805614333627205,0.27452035638451744,0.2031436522891874,0.49938118609083115,0.237378142779745,0.249334967263947,0.2577119764465805,1.0,0.27323990559465705,0.5014713609665786,0.26898283780359933,0.4871693112175838,0.2680073773830507,0.49532647900000293,0.4759943880374944,0.25901490990086884,0.2497050234032454,0.2620152460248959,0.23073896743819078,0.2585105495936225,0.25166677704593265,0.22808172296997853,0.263482044692414,0.24692349925240165,0.2518367467869095,0.25247946728128134,0.2648405914545412,0.6974492129937957,0.31057236104421615,0.26697450065252304,0.4706984988541407,0.2629662082523624,0.0,0.2620399137958891,0.25943909489395345,0.4078407494781192,0.245141085338605,0.2760107654483407,0.40819224320769987,0.2613515049888936,0.46994665493994936,0.25714165790188526,0.27001491044708004,0.7079180625638102,0.6782126272164706,0.2897388459310444,0.2602032872346277,0.2590538592069668,0.4445830294059826,0.3066734121705944
0.3947481542913539,0.2955317755717961,0.2368235382614955,0.2725492195972563,0.27036632652245063,0.26298263485434026,0.28626991954544667,0.27323990559465705,1.0,0.28086697393119553,0.30746693620581,0.26696071754500406,0.3035848273384272,0.273159589604813,0.26826386894419796,0.28683300001919776,0.2763833950211366,0.2899262899122016,0.25153285796779257,0.29015870675849065,0.2834274338550906,0.2508640860649859,0.2956519128877143,0.2734817604974462,0.2822596264021533,0.2879900295895521,0.2953306814978175,0.259111804881644,0.32929308539224567,0.4022306453690654,0.2530301949865784,0.28643397810669513,0.0,0.2974498273278008,0.2963811110478052,0.2717924658707721,0.27167112330341736,0.2884031179315898,0.240343310908685,0.29764921064312266,0.2601956265522294,0.2934842587413733,0.30036111175267177,0.2703316284762364,0.2695836337149493,0.3064506027459294,0.2922921240506007,0.291758182753032,0.26427061507045346,0.33824839191202705
0.29797716201117497,0.2750028471402831,0.20477770720733535,0.5150543349146092,0.23969698372838377,0.24211242332110572,0.24902079714544567,0.5014713609665786,0.28086697393119553,1.0,0.27377501226340983,0.4845502338926473,0.26571206379672074,0.5060301025039242,0.48749563389728434,0.25517228204846865,0.2405355689993821,0.2582706404157842,0.2218873368609271,0.2529023029196755,0.24872904034533772,0.2264892149931762,0.2567332012471868,0.23781687128734408,0.25146642134335084,0.25297748653271246,0.25970332490201353,0.4965373842228926,0.30511698639151497,0.2759779218125781,0.5060718166033829,0.2535093192823623,0.0,0.2552154597134474,0.2565347330771435,0.41655241464196624,0.23800470442539945,0.2628483575756728,0.41033139288714304,0.2605209469074953,0.508639361723983,0.2545890942394724,0.2627097003479226,0.5047707927119119,0.5084637609370577,0.291084125500364,0.2590926981202586,0.2586078059822433,0.47007443567151286,0.30592377636468404
0.32392962063181663,0.42348076717777416,0.2216529968757518,0.2601884309097132,0.4642998376791002,0.3822136891484501,0.3521805513835842,0.26898283780359933,0.30746693620581,0.27377501226340983,1.0,0.26167354523328845,0.5224088098552402,0.26481704641904413,0.2596304582821929,0.35867366339165685,0.3934051866403918,0.477258691529001,0.40937111455958586,0.35649411733254655,0.4728752173108224,0.42305642723483894,0.4842406469215451,0.38379205292075824,0.39598487904519974,0.4241878561195541,0.4875324839537948,0.2593210937735311,0.29451536082947327,0.3111166575706651,0.25063470357548057,0.4624246234795726,0.0,0.4775663481309569,0.4309526334441862,0.27117040406947,0.3427165338671273,0.47747221176942756,0.24245655469765837,0.508355615422483,0.25170469633656245,0.4364676639752264,0.499311088515593,0.267156817960739,0.26863461061280647,0.2833727221650302,0.4333981208153589,0.4317425277509147,0.26243711951139725,0.30598012030286426
0.2894024601703018,0.27784232928085284,0.20123044850784,0.5129905738607193,0.22681253016981484,0.23381269091756285,0.24857467529231925,0.4871693112175838,0.26696071754500406,0.4845502338926473,0.26167354523328845,1.0,0.25735266113766875,0.5021395565161014,0.6140331984044914,0.24903991267225578,0.24193822786274277,0.24851266700350283,0.22331683508932088,0.248696852595641,0.24616522074902725,0.22172305372768364,0.2553587398102579,0.23477845394916563,0.2444843439921186,0.24749753342447012,0.2521636633936164,0.4830970678059576,0.30320926281923155,0.2655962276083831,0.45138198722206224,0.2544219470255886,0.0,0.25129940336510204,0.2561863080936403,0.39384884531461484,0.23630002508035153,0.2557525848472886,0.3968889197093717,0.2533658496068246,0.4599331388429142,0.24614089302434727,0.2606743187046483,0.49067458549206255,0.4901348913284108,0.2936350703987123,0.2563306000840996,0.2559878692590617,0.4343230948717609,0.30212847916016594
0.3099304972912972,0.405264228013667,0.21323308323269907,0.25700190962056046,0.41245199905256624,0.36243345347408285,0.3363652553443257,0.2680073773830507,0.3035848273384272,0.26571206379672074,0.5224088098552402,0.25735266113766875,1.0,0.25123301677346876,0.25579143573475904,0.34569163984730666,0.3809793941470466,0.48528964912099093,0.4912476469196664,0.34104389824110604,0.4937379499347001,0.4788597363940845,0.5425014732101006,0.37103446854198974,0.38056750600444866,0.40018788187304755,0.5210970641410417,0.250743482668771,0.2925993570568368,0.3104279641371883,0.24110953030746696,0.5207155584960114,0.0,0.5318137342602729,0.4175613336817099,0.2539913893065524,0.3301311828093083,0.4968848301560622,0.233087882093294,0.5336106060284704,0.24737020519445307,0.4189944869290674,0.5217804338899384,0.260615365383261,0.25802273445501667,0.2690261394135792,0.4198588820153475,0.41783560738386427,0.24834650118646195,0.3005414228740422
0.275334502589906,0.25855637942171483,0.20194999211174158,0.5440422570802965,0.22012367031520585,0.2320833035981209,0.24392677538776464,0.49532647900000293,0.273159589604813,0.5060301025039242,0.26481704641904413,0.5021395565161014,0.25123301677346876,1.0,0.5398854419953911,0.24358024426849012,0.2304595818048627,0.2548673114120815,0.2152110277573991,0.24758740492685782,0.24164354202575244,0.21969419466972373,0.25509821815300127,0.21790246679214742,0.23024815611938,0.23691590671137597,0.2542284391652996,0.5163330528221818,0.30462499995820447,0.264039768694426,0.48497010902135973,0.24931404255839706,0.0,0.24561976269436014,0.2450829106339253,0.4031064622046502,0.23243869550639895,0.2558528958727002,0.40091940048785435,0.25104232140101546,0.49319850380110675,0.24596076133309097,0.2523963553348515,0.5125478521034319,0.5044502376251524,0.29601825512608904,0.25039495673230094,0.25019570306373506,0.4516484125002489,0.30523328756971335
0.2684182382708702,0.25495098471935174,0.19626000781971487,0.5431191727024192,0.22958201014104296,0.22519711744081494,0.24248895651393754,0.4759943880374944,0.26826386894419796,0.48749563389728434,0.2596304582821929,0.6140331984044914,0.25579143573475904,0.5398854419953911,1.0,0.24455727669173122,0.24214591011804154,0.2463140734025574,0.21427666534243706,0.24497357632295647,0.23931061473413873,0.2131823403022295,0.25169392231135324,0.2227066151209478,0.23191799098980947,0.2383028855176781,0.2494062859259102,0.48451967989536115,0.2948705671613009,0.25993178703598796,0.47588062018751354,0.25317349805258593,0.0,0.24640375021659244,0.24584771336206035,0.39933210691677234,0.23134999519377042,0.2526539471661563,0.4006414947228786,0.2464327580722907,0.4891056396821919,0.2438688453459228,0.25240742130531313,0.4867350383461688,0.48001629831179804,0.2928695233874322,0.2582162353044226,0.2578706857286087,0.43781318343354725,0.30681091199456434
0.3007538588263524,0.3357894021682716,0.2029396436636598,0.25355133605530866,0.30232126654485914,0.34389066462748563,0.7342947978772727,0.25901490990086884,0.28683300001919776,0.25517228204846865,0.35867366339165685,0.24903991267225578,0.34569163984730666,0.24358024426849012,0.24455727669173122,1.0,0.31755690384213886,0.36298596922394344,0.3183622628622991,0.7385942277723724,0.35236390033487097,0.3483816520578856,0.36612969864371503,0.3234246957932714,0.3361473700637222,0.3630406906417154,0.33614239556193626,0.24312117570912473,0.2783006060653268,0.2904371312680747,0.23224059573366074,0.3408888554070236,0.0,0.34213824390362746,0.3492659759152027,0.25916597675131114,0.746352302340556,0.3280551129752127,0.2367985571291884,0.33722784287388596,0.23462347994049337,0.33772463013161436,0.3402769061127261,0.25090772381960214,0.2527201843055408,0.26568231336029446,0.3397091180724051,0.3386895589488218,0.24000228278387747,0.2872026747571419
0.2935648086666617,0.4513179368046448,0.2012348791570856,0.24088582211865917,0.3958737230026709,0.4116572166866992,0.3161352858627178,0.2497050234032454,0.2763833950211366,0.2405355689993821,0.3934051866403918,0.24193822786274277,0.3809793941470466,0.2304595818048627,0.24214591011804154,0.31755690384213886,1.0,0.36656495721861715,0.31632323964595765,0.3158006774469333,0.3586228022884764,0.32390089179977666,0.37722721392862146,0.5077016344977052,0.48765299138080465,0.47717903911439585,0.3662472878610844,0.233267760368136,0.2917338213512487,0.27609956400987745,0.22017593490863474,0.4256677356511419,0.0,0.3915681304007136,0.4649224206737661,0.2432717831605341,0.31124117708459176,0.3681596545507476,0.22853310323583076,0.36906381702729774,0.2262154599189269,0.42581872110094676,0.37852306532152413,0.24741970858373452,0.25586891603942563,0.24876940099645073,0.43937959465545995,0.4394241429194645,0.23456275728006015,0.277192151328686
0.29849387694759144,0.41342238742385906,0.21581519118577996,0.2552496980439356,0.36343189751814253,0.37496918399530177,0.3774991296528607,0.2620152460248959,0.2899262899122016,0.2582706404157842,0.477258691529001,0.24851266700350283,0.48528964912099093,0.2548673114120815,0.2463140734025574,0.36298596922394344,0.36656495721861715,1.0,0.44063517437884325,0.3785020916161096,0.5040308417252517,0.4319396527735464,0.5170203680158225,0.35578741280797477,0.37839533974831585,0.3919590800692414,0.48837815977807064,0.2523698564024547,0.2904086672735964,0.29993474360182226,0.24040594785349345,0.44885102950724964,0.0,0.47753567434620503,0.41748647301204467,0.2696614572685506,0.35992012303860144,0.4556914346381937,0.2392726904537572,0.49160223336571995,0.2370436101743939,0.41429861382640887,0.4804802136570221,0.255990544325574,0.25512155136414494,0.2697520238447858,0.4169345776867214,0.4164736409566704,0.2497530701279056,0.2920879625662728
0.26613891914098253,0.3398561564581759,0.18126516140058413,0.2196184441723923,0.32535095909552547,0.3342091009183671,0.3222605478306694,0.23073896743819078,0.25153285796779257,0.2218873368609271,0.40937111455958586,0.22331683508932088,0.4912476469196664,0.2152110277573991,0.21427666534243706,0.3183622628622991,0.31632323964595765,0.44063517437884325,1.0,0.31446820568793976,0.4332960121778424,0.4566275139321615,0.43107152776640634,0.3120726312493901,0.33680344867591194,0.3351455431277206,0.4057861510294458,0.21463739462476628,0.24683344040304778,0.25456620389540296,0.20712957982470037,0.4444401661935681,0.0,0.4136924255917065,0.35453556363923444,0.22898765895774176,0.3104911345472856,0.38755721826140677,0.2066044020383604,0.4132413503410868,0.20703298541901483,0.34663718486767314,0.4069542497055376,0.22629975387197532,0.2244935583663411,0.23008771968209307,0.3425265513443292,0.34264457242694624,0.2087357642817418,0.2503184385346816
0.29687678081126556,0.34694852841443247,0.20938541523582344,0.25341543005336087,0.28915731031825254,0.31922950067635425,0.8548549645246888,0.2585105495936225,0.29015870675849065,0.2529023029196755,0.35649411733254655,0.248696852595641,0.34104389824110604,0.24758740492685782,0.24497357632295647,0.7385942277723724,0.3158006774469333,0.3785020916161096,0.31446820568793976,1.0,0.3725061794508956,0.31197708872136576,0.3800661473957384,0.3049004628340939,0.32610059858113083,0.3332355952573116,0.3497390234844405,0.2471292627352778,0.2824591328042947,0.29226206088341333,0.23749116863579012,0.3384355002110644,0.0,0.3501731376243693,0.35119940907310954,0.25968768080605276,0.7711273749195995,0.33420028941064184,0.23497847851478038,0.35087508022254654,0.2332899302716499,0.34421714493006506,0.35077209646291274,0.25211542449874336,0.2513576048291377,0.2698058547267761,0.34251025897664966,0.3427397503143743,0.24392235015326047,0.2901793623026978
0.2898493338205892,0.39557433210466597,0.2101971744007003,0.24558723713614472,0.3734466274254781,0.3509655049190905,0.37223568993267697,0.25166677704593265,0.2834274338550906,0.24872904034533772,0.4728752173108224,0.24616522074902725,0.4937379499347001,0.24164354202575244,0.23931061473413873,0.35236390033487097,0.3586228022884764,0.5040308417252517,0.4332960121778424,0.3725061794508956,1.0,0.4312260276295913,0.5320409064935465,0.34536096606856814,0.3627251714385322,0.38610640348060554,0.49590767028409566,0.2459174264402949,0.27799648981033853,0.29095334845317145,0.23034913137895963,0.4609994982890435,0.0,0.5042616704541407,0.40722313281985323,0.25908316250883,0.35154992149888176,0.46783833087211935,0.23247992104934445,0.502578286153389,0.23193688478336394,0.3962758286631871,0.4891836157238947,0.25035573121522126,0.2494108803530929,0.27178715795375596,0.40736739077812667,0.4069215089302356,0.2423084901984235,0.28376088808538125
0.2763344804043243,0.33822606782972353,0.17960595203570473,0.221708583236345,0.32669166355771173,0.4604749508320999,0.31725982767709393,0.22808172296997853,0.2508640860649859,0.2264892149931762,0.42305642723483894,0.22172305372768364,0.4788597363940845,0.21969419466972373,0.2131823403022295,0.3483816520578856,0.32390089179977666,0.4319396527735464,0.4566275139321615,0.31197708872136576,0.4312260276295913,1.0,0.5763729519427079,0.33165670663209035,0.3566368519928256,0.37947107619511344,0.42203385588399955,0.21366158965430537,0.2499128266508409,0.2520213760714407,0.20464292853537203,0.43771583818361315,0.0,0.5254399787916767,0.35252415067290954,0.23134601732232363,0.32131966080578,0.4059516893046927,0.2054949815097611,0.4413076341158573,0.20544501679915128,0.3477398345664944,0.42491387223470134,0.22590148343698457,0.22918435083463906,0.24250466321781827,0.3484031086674382,0.3470660402193714,0.20797445826295569,0.2608142901856785
0.3084519798556856,0.4121961097164989,0.21756432692925254,0.26159051309157544,0.37856358631828635,0.36757723874875103,0.38042151594828566,0.263482044692414,0.2956519128877143,0.2567332012471868,0.4842406469215451,0.2553587398102579,0.5425014732101006,0.25509821815300127,0.25169392231135324,0.36612969864371503,0.37722721392862146,0.5170203680158225,0.43107152776640634,0.3800661473957384,0.5320409064935465,0.5763729519427079,1.0,0.3590230172995713,0.38168917746785735,0.39371468623409267,0.5252785051715554,0.2569001124549469,0.29434380561167606,0.29755550230202643,0.24456406229910133,0.4851127278943226,0.0,0.6478068198731456,0.41659408932679376,0.2666514328137931,0.36264454044711647,0.48871412922049695,0.24144515716170223,0.5239021094337832,0.24162389458059585,0.41768194548439086,0.5101759382818261,0.26007436750104906,0.25802743432730413,0.27309323176169953,0.41039509834397225,0.4111804136509376,0.2497840263442196,0.29252632463495
0.2938570289928659,0.48495797266799523,0.19078557517764339,0.23077249829206425,0.3781776594699624,0.45640033659187185,0.30334054030516655,0.24692349925240165,0.2734817604974462,0.23781687128734408,0.38379205292075824,0.23477845394916563,0.37103446854198974,0.21790246679214742,0.2227066151209478,0.3234246957932714,0.5077016344977052,0.35578741280797477,0.3120726312493901,0.3049004628340939,0.34536096606856814,0.33165670663209035,0.3590230172995713,1.0,0.5324160255249941,0.45304232024265867,0.35627257329179574,0.21879123726023775,0.27701750501910494,0.2690201122433612,0.2085133060890616,0.3880813157666505,0.0,0.3693341914530345,0.5100529909730509,0.23769327710078758,0.30718233593190447,0.3570388964324819,0.21027393600515598,0.356710238330771,0.22157599444946652,0.41986791534330703,0.36073080813033986,0.23577326180426772,0.24440731613307531,0.24326573986100186,0.41563464928137694,0.4144911552124868,0.2221211664342666,0.2677957990432679
0.3011672609359656,0.5292194248023032,0.20282568034584758,0.24552229065530606,0.37701410783512734,0.5050447986025968,0.32752775953107405,0.2518367467869095,0.2822596264021533,0.25146642134335084,0.39598487904519974,0.2444843439921186,0.38056750600444866,0.23024815611938,0.23191799098980947,0.3361473700637222,0.48765299138080465,0.37839533974831585,0.33680344867591194,0.32610059858113083,0.3627251714385322,0.3566368519928256,0.38168917746785735,0.5324160255249941,1.0,0.5097876517874981,0.37208037084087153,0.2306786268734079,0.27976110015127453,0.2792930983884828,0.22524421737194011,0.4173183144442236,0.0,0.3809470296237414,0.5491393267340403,0.2484841915777104,0.3256182160436374,0.379066950928996,0.2189547480193278,0.37550744535935987,0.23397440203103248,0.44074487796956563,0.384189375840686,0.25769959467287795,0.25916570025986596,0.25589404290129236,0.4414564779083052,0.4412242380622826,0.2458848827636354,0.27433153140774047
0.3029355076563566,0.4727753430704704,0.20629848410273333,0.24543098390739948,0.37300725012378244,0.442064659877465,0.33363380395803055,0.25247946728128134,0.2879900295895521,0.25297748653271246,0.4241878561195541,0.24749753342447012,0.40018788187304755,0.23691590671137597,0.2383028855176781,0.3630406906417154,0.47717903911439585,0.3919590800692414,0.3351455431277206,0.3332355952573116,0.38610640348060554,0.37947107619511344,0.39371468623409267,0.45304232024265867,0.5097876517874981,1.0,0.38562762314544763,0.23264881853750363,0.2791596544741941,0.28805300665473443,0.22996054690711543,0.40313921743082315,0.0,0.3899100579808572,0.4838184285866871,0.2537589269330458,0.34254922043000613,0.38603294188007664,0.22420693135201974,0.39657384209899493,0.23821586038288567,0.45453832723532483,0.3911523998986016,0.2558517945179293,0.25623557325259505,0.25695424279344203,0.45719017480144597,0.4560275754962583,0.24752105798902413,0.2829156751002566
0.3002390920020426,0.4092035666478576,0.2170869420141175,0.2537802978022684,0.37953731212108566,0.35145314721814636,0.3447631220540125,0.2648405914545412,0.2953306814978175,0.25970332490201353,0.4875324839537948,0.2521636633936164,0.5210970641410417,0.2542284391652996,0.2494062859259102,0.33614239556193626,0.3662472878610844,0.48837815977807064,0.4057861510294458,0.3497390234844405,0.49590767028409566,0.42203385588399955,0.5252785051715554,0.35627257329179574,0.37208037084087153,0.38562762314544763,1.0,0.25190545851513557,0.29517679754866233,0.29939178729141536,0.24369619677374343,0.4767354717489194,0.0,0.4998012700430364,0.4121689924388836,0.2560159727414222,0.3292267585319183,0.5786384220026561,0.2274306113711827,0.5325968454153501,0.2409223586966749,0.41165249567142925,0.6095307499229592,0.26081506036660784,0.2561458451273112,0.2785346471003003,0.40739384172826787,0.40726337347083874,0.2541648060651026,0.29615277021344066
0.27349219491979604,0.2676317723214151,0.20206796257677528,0.5234710366237192,0.21376645116783966,0.2307594686454627,0.24434258642982654,0.6974492129937957,0.259111804881644,0.4965373842228926,0.2593210937735311,0.4830970678059576,0.250743482668771,0.5163330528221818,0.48451967989536115,0.24312117570912473,0.233267760368136,0.2523698564024547,0.21463739462476628,0.2471292627352778,0.2459174264402949,0.21366158965430537,0.2569001124549469,0.21879123726023775,0.2306786268734079,0.23264881853750363,0.25190545851513557,1.0,0.30218066053679704,0.2583882090462982,0.46972192195610074,0.25074138300946336,0.0,0.24867912012991777,0.2471785806080764,0.3913561510170306,0.23269698800304828,0.2628111655782285,0.39508522731681084,0.2480214007872361,0.4742567573631049,0.24344195352158282,0.25130086103755744,0.7856640188472339,0.749066992954458,0.28244231139641196,0.25062206645654683,0.2508136182535804,0.4503765823795277,0.2920230599834055
0.3328109631887416,0.29990777252452816,0.24091555834408795,0.301412062639811,0.26038685638306336,0.2743239110700544,0.28088216404344446,0.31057236104421615,0.32929308539224567,0.30511698639151497,0.29451536082947327,0.30320926281923155,0.2925993570568368,0.30462499995820447,0.2948705671613009,0.2783006060653268,0.2917338213512487,0.2904086672735964,0.24683344040304778,0.2824591328042947,0.27799648981033853,0.2499128266508409,0.29434380561167606,0.27701750501910494,0.27976110015127453,0.2791596544741941,0.29517679754866233,0.30218066053679704,1.0,0.31688606319159185,0.28673268095266025,0.2888126076443581,0.0,0.29095374922277095,0.28797723941735054,0.29259056849873477,0.26654221737560246,0.2898041985614881,0.2635027509425206,0.28902667003964133,0.27904664919417643,0.2839375823214194,0.2938551858281644,0.30089924114224265,0.30285985517971425,0.3852472401709407,0.28233157777941287,0.28291262061160993,0.2948034607359368,0.6065380206689737
0.38377104799585415,0.30319746030977646,0.24419772176184418,0.2665365450260927,0.26662290955132584,0.26268612905197763,0.28743049624695305,0.26697450065252304,0.4022306453690654,0.2759779218125781,0.3111166575706651,0.2655962276083831,0.3104279641371883,0.264039768694426,0.25993178703598796,0.2904371312680747,0.27609956400987745,0.29993474360182226,0.25456620389540296,0.29226206088341333,0.29095334845317145,0.2520213760714407,0.29755550230202643,0.2690201122433612,0.2792930983884828,0.28805300665473443,0.29939178729141536,0.2583882090462982,0.31688606319159185,1.0,0.2531239341294873,0.28476617281292216,0.0,0.29481562056557165,0.30028301281945746,0.2593029475550259,0.27679000969790635,0.2955776717218529,0.2266933168128542,0.3076727675203125,0.2574954432085731,0.29247609828873244,0.3047525183500448,0.26499003757725825,0.26156350399259654,0.31898703490962177,0.30083178675924793,0.30084414351121147,0.26086434882003007,0.33050961190397954
0.2559840432788101,0.2524561534864199,0.18967086949201406,0.48804910636348997,0.20797809731819716,0.21766541101760606,0.23450110177918093,0.4706984988541407,0.2530301949865784,0.5060718166033829,0.25063470357548057,0.45138198722206224,0.24110953030746696,0.48497010902135973,0.47588062018751354,0.23224059573366074,0.22017593490863474,0.24040594785349345,0.20712957982470037,0.23749116863579012,0.23034913137895963,0.20464292853537203,0.24456406229910133,0.2085133060890616,0.22524421737194011,0.22996054690711543,0.24369619677374343,0.46972192195610074,0.28673268095266025,0.2531239341294873,1.0,0.2378434663417055,0.0,0.2392897057474409,0.2339539251235635,0.38277978300187887,0.22329381921768998,0.24545344731776675,0.37452279078112505,0.24154362989393652,0.6266892568201325,0.23834157592732452,0.2422025081260063,0.47303988265236874,0.46524504676990464,0.27925985089421246,0.24042107523127232,0.24036104401091063,0.4253926711622268,0.28536902837693023
0.30039543868800445,0.39415885284094654,0.2053961536227551,0.2622407571971074,0.406707518007847,0.3708672369088917,0.33776039253348833,0.2629662082523624,0.28643397810669513,0.2535093192823623,0.4624246234795726,0.2544219470255886,0.5207155584960114,0.24931404255839706,0.25317349805258593,0.3408888554070236,0.4256677356511419,0.44885102950724964,0.4444401661935681,0.3384355002110644,0.4609994982890435,0.43771583818361315,0.4851127278943226,0.3880813157666505,0.4173183144442236,0.40313921743082315,0.4767354717489194,0.25074138300946336,0.2888126076443581,0.28476617281292216,0.2378434663417055,1.0,0.0,0.4764708491304801,0.39877354814776333,0.24914210178208696,0.33820666740001026,0.4728374151238318,0.23434426065940384,0.48673948871912054,0.23879059184529172,0.40414533885419535,0.49082111410660323,0.2580962761204011,0.26309175741835156,0.2604898703040267,0.41232783882419755,0.4110048316275121,0.23971328100306477,0.28120304825833564
0.0,0.0,0.0,0.0,0.0,0.0,0.0,0.0,0.0,0.0,0.0,0.0,0.0,0.0,0.0,0.0,0.0,0.0,0.0,0.0,0.0,0.0,0.0,0.0,0.0,0.0,0.0,0.0,0.0,0.0,0.0,0.0,1.0,0.0,0.0,0.0,0.0,0.0,0.0,0.0,0.0,0.0,0.0,0.0,0.0,0.0,0.0,0.0,0.0,0.0
0.3100158661975363,0.40218220830409657,0.2150461272463704,0.24969483746605803,0.39241724370887854,0.37037297522089785,0.35244369676223,0.2620399137958891,0.2974498273278008,0.2552154597134474,0.4775663481309569,0.25129940336510204,0.5318137342602729,0.24561976269436014,0.24640375021659244,0.34213824390362746,0.3915681304007136,0.47753567434620503,0.4136924255917065,0.3501731376243693,0.5042616704541407,0.5254399787916767,0.6478068198731456,0.3693341914530345,0.3809470296237414,0.3899100579808572,0.4998012700430364,0.24867912012991777,0.29095374922277095,0.29481562056557165,0.2392897057474409,0.4764708491304801,0.0,1.0,0.41558796460908676,0.26944776537171966,0.3327165807731095,0.479983962990581,0.2563142472588421,0.510233411298017,0.23667754677000852,0.4136947041213448,0.5104815382206538,0.2561959624548378,0.2594752201488003,0.2669474635893053,0.4111930142103668,0.4111957431315276,0.24635047311829417,0.2917252377225803
0.3076160752538629,0.5651246221991851,0.2138542529725751,0.2548065129943272,0.36447462779881956,0.4967876647947701,0.350075427247042,0.25943909489395345,0.2963811110478052,0.2565347330771435,0.4309526334441862,0.2561863080936403,0.4175613336817099,0.2450829106339253,0.24584771336206035,0.3492659759152027,0.4649224206737661,0.41748647301204467,0.35453556363923444,0.35119940907310954,0.40722313281985323,0.35252415067290954,0.41659408932679376,0.5100529909730509,0.5491393267340403,0.4838184285866871,0.4121689924388836,0.2471785806080764,0.28797723941735054,0.30028301281945746,0.2339539251235635,0.39877354814776333,0.0,0.41558796460908676,1.0,0.2580471473674807,0.33578914236904034,0.40400378288204764,0.24030857000400396,0.4182410092710578,0.23825098055899874,0.47366886881346226,0.41861791547597704,0.25547756760598495,0.2591208663989155,0.2669967091230273,0.4692205131001461,0.4686609799565138,0.25253536859646286,0.28875091871615366
0.27372578668563985,0.2556587705278468,0.20012023091117082,0.40678461619104866,0.22664773996399767,0.24786774987954574,0.2603655004526557,0.4078407494781192,0.2717924658707721,0.41655241464196624,0.27117040406947,0.39384884531461484,0.2539913893065524,0.4031064622046502,0.39933210691677234,0.25916597675131114,0.2432717831605341,0.2696614572685506,0.22898765895774176,0.25968768080605276,0.25908316250883,0.23134601732232363,0.2666514328137931,0.23769327710078758,0.2484841915777104,0.2537589269330458,0.2560159727414222,0.3913561510170306,0.29259056849873477,0.2593029475550259,0.38277978300187887,0.24914210178208696,0.0,0.26944776537171966,0.2580471473674807,1.0,0.24529758487649422,0.25552766633783797,0.38114406993013583,0.26047423451210117,0.3851321159785239,0.25276262286993123,0.25646134400058695,0.40536643109073567,0.40384043256296165,0.27754545667659425,0.2575885405108025,0.25671594620936866,0.39197973063163927,0.29998203514683996
0.28396643654078435,0.32338775486967997,0.1948134713416615,0.24043115748176103,0.28391463608882794,0.32152287329742557,0.7797371488384023,0.245141085338605,0.27167112330341736,0.23800470442539945,0.3427165338671273,0.23630002508035153,0.3301311828093083,0.23243869550639895,0.23134999519377042,0.746352302340556,0.31124117708459176,0.35992012303860144,0.3104911345472856,0.7711273749195995,0.35154992149888176,0.32131966080578,0.36264454044711647,0.30718233593190447,0.3256182160436374,0.34254922043000613,0.3292267585319183,0.23269698800304828,0.26654221737560246,0.27679000969790635,0.22329381921768998,0.33820666740001026,0.0,0.3327165807731095,0.33578914236904034,0.24529758487649422,1.0,0.31536560771392774,0.22552897077446799,0.3240314385410603,0.2193656639201479,0.32797763263630675,0.3342892982606218,0.23794072078533346,0.2387370321845631,0.25114984154284403,0.3239990235615918,0.324062457784023,0.22589589535142096,0.2736015836193335
0.3104108471954944,0.42004718585469647,0.2167489828521043,0.2517395849180938,0.43390995820527445,0.3640435323610811,0.3292368203389814,0.2760107654483407,0.2884031179315898,0.2628483575756728,0.47747221176942756,0.2557525848472886,0.4968848301560622,0.2558528958727002,0.2526539471661563,0.3280551129752127,0.3681596545507476,0.4556914346381937,0.38755721826140677,0.33420028941064184,0.46783833087211935,0.4059516893046927,0.48871412922049695,0.3570388964324819,0.379066950928996,0.38603294188007664,0.5786384220026561,0.2628111655782285,0.2898041985614881,0.2955776717218529,0.24545344731776675,0.4728374151238318,0.0,0.479983962990581,0.40400378288204764,0.25552766633783797,0.31536560771392774,1.0,0.24627558025481855,0.5112304959693117,0.24572787603828972,0.40716067025369707,0.6243273826333118,0.2716834331184105,0.263093907770636,0.2756912463414285,0.4199306156899145,0.41930673384401285,0.25992916005523115,0.29151836905608486
0.252767865110625,0.23027560522331447,0.17968101993164176,0.407032752159601,0.2595090788080525,0.23038142013372132,0.24250838357526905,0.40819224320769987,0.240343310908685,0.41033139288714304,0.24245655469765837,0.3968889197093717,0.233087882093294,0.40091940048785435,0.4006414947228786,0.2367985571291884,0.22853310323583076,0.2392726904537572,0.2066044020383604,0.23497847851478038,0.23247992104934445,0.2054949815097611,0.24144515716170223,0.21027393600515598,0.2189547480193278,0.22420693135201974,0.2274306113711827,0.39508522731681084,0.2635027509425206,0.2266933168128542,0.37452279078112505,0.23434426065940384,0.0,0.2563142472588421,0.24030857000400396,0.38114406993013583,0.22552897077446799,0.24627558025481855,1.0,0.2316447166234208,0.38308648899474085,0.24016272883353718,0.23770590888260268,0.40507806749203445,0.41371598550579725,0.2513349317890975,0.23559214009725993,0.23425177984018986,0.37703129330198093,0.2694338758448913
