../ecoli_genomes/GCF_000163235.1_ASM16323v1_genomic.fna.gz,../ecoli_genomes/GCF_000164555.1_ASM16455v1_genomic.fna.gz,../ecoli_genomes/GCF_000208545.1_ASM20854v2_genomic.fna.gz,../ecoli_genomes/GCF_000233875.1_ASM23387v1_genomic.fna.gz,../ecoli_genomes/GCF_000249735.1_ASM24973v2_genomic.fna.gz,../ecoli_genomes/GCF_000261145.1_Esch_coli_M919_V2_genomic.fna.gz,../ecoli_genomes/GCF_000267705.2_ASM26770v2_genomic.fna.gz,../ecoli_genomes/GCF_000350665.1_Esch_coli_KTE5_V1_genomic.fna.gz,../ecoli_genomes/GCF_000351625.1_Esch_coli_KTE66_V1_genomic.fna.gz,../ecoli_genomes/GCF_000352285.1_Esch_coli_KTE46_V1_genomic.fna.gz,../ecoli_genomes/GCF_000358895.1_ASM35889v1_genomic.fna.gz,../ecoli_genomes/GCF_000456385.1_Esch_coli_HVH_26_4-5703913_V1_genomic.fna.gz,../ecoli_genomes/GCF_000458195.1_Esch_coli_HVH_147_4-5893887_V1_genomic.fna.gz,../ecoli_genomes/GCF_000459755.1_Esch_coli_KOEGE_58_171a_V1_genomic.fna.gz,../ecoli_genomes/GCF_000460055.1_Esch_coli_UMEA_3053-1_V1_genomic.fna.gz,../ecoli_genomes/GCF_000462165.2_ASM46216v2_genomic.fna.gz,../ecoli_genomes/GCF_000601135.1_ASM60113v1_genomic.fna.gz,../ecoli_genomes/GCF_000614595.1_Ec2010EL1058_genomic.fna.gz,../ecoli_genomes/GCF_000617745.1_Ec2010C-4529_genomic.fna.gz,../ecoli_genomes/GCF_000618265.2_EcF6751_genomic.fna.gz,../ecoli_genomes/GCF_000619005.2_Ec2009C-4052_genomic.fna.gz,../ecoli_genomes/GCF_000619105.1_Ec2009C-4780_genomic.fna.gz,../ecoli_genomes/GCF_000619765.2_Ec2009C-3279_genomic.fna.gz,../ecoli_genomes/GCF_000687005.1_ASM68700v1_genomic.fna.gz,../ecoli_genomes/GCF_000687025.1_ASM68702v1_genomic.fna.gz,../ecoli_genomes/GCF_000700125.1_ASM70012v1_genomic.fna.gz,../ecoli_genomes/GCF_000753315.1_FHI35_genomic.fna.gz,../ecoli_genomes/GCF_000776375.1_ASM77637v1_genomic.fna.gz,../ecoli_genomes/GCF_000779395.1_ASM77939v1_genomic.fna.gz,../ecoli_genomes/GCF_000780315.1_ASM78031v1_genomic.fna.gz,../ecoli_genomes/GCF_000781995.1_ASM78199v1_genomic.fna.gz,../ecoli_genomes/GCF_000986765.1_ASM98676v1_genomic.fna.gz,../ecoli_genomes/GCF_001041375.1_ViralProj287958_genomic.fna.gz,../ecoli_genomes/GCF_001265335.1_302014_genomic.fna.gz,../ecoli_genomes/GCF_001265625.1_100854_genomic.fna.gz,../ecoli_genomes/GCF_001267345.1_303289_genomic.fna.gz,../ecoli_genomes/GCF_001309985.1_ASM130998v1_genomic.fna.gz,../ecoli_genomes/GCF_001521695.1_ASM152169v1_genomic.fna.gz,../ecoli_genomes/GCF_001592595.1_ASM159259v1_genomic.fna.gz,../ecoli_genomes/GCF_001614975.1_ASM161497v1_genomic.fna.gz,../ecoli_genomes/GCF_001692775.1_ASM169277v1_genomic.fna.gz,../ecoli_genomes/GCF_001748915.1_ASM174891v1_genomic.fna.gz,../ecoli_genomes/GCF_001749235.1_ASM174923v1_genomic.fna.gz,../ecoli_genomes/GCF_001881155.1_ASM188115v1_genomic.fna.gz,../ecoli_genomes/GCF_001881345.1_ASM188134v1_genomic.fna.gz,../ecoli_genomes/GCF_001892405.1_ASM189240v1_genomic.fna.gz,../ecoli_genomes/GCF_001892585.1_ASM189258v1_genomic.fna.gz,../ecoli_genomes/GCF_001893985.1_ASM189398v1_genomic.fna.gz,../ecoli_genomes/GCF_002001595.1_ASM200159v1_genomic.fna.gz,../ecoli_genomes/GCF_002002145.1_ASM200214v1_genomic.fna.gz
1.0,0.3294481478677649,0.25792762036579275,0.2793913069961348,0.29421828802387207,0.30851867743382855,0.2989864022156338,0.2892164637156126,0.3889999156965771,0.29704591887544807,0.31599313744076873,0.28241530461831366,0.3063488588685599,0.2752834763571588,0.26680206011829743,0.29793990048751584,0.29913925422082077,0.30478769019648433,0.26459196643687144,0.29952421940089247,0.29595895929279226,0.28155474718104545,0.31269549350436254,0.31767417763785166,0.29244468185599437,0.23996564508848628,0.3075898090309822,0.284223970970639,0.33937596827745864,0.38619525720026704,0.2606483284606983,0.30434179615470935,0.0,0.30875739489951415,0.3095145126889529,0.27920552707506163,0.28404647829140106,0.31442839463365324,0.23060966846189968,0.3072512912606582,0.2642047183364433,0.3095568830819799,0.3135742258888782,0.28498618035890166,0.2949479442341518,0.31229300864374054,0.3008427849367139,0.3010610205896953,0.268499076881088,0.3399886524702098
0.3294481478677649,1.0,0.23305956012719398,0.2771292078068194,0.3961224261569005,0.515607522278148,0.35115489427576396,0.28316285344291237,0.3001706535721612,0.287950003319733,0.426714437913872,0.285791405725207,0.4199060858321576,0.2661116332084563,0.26672305333290436,0.34918926016077034,0.47214927650451155,0.42141235535900323,0.3500348501571211,0.35338822690421456,0.40836175372059624,0.36504255357351223,0.42002658918363023,0.561791973357584,0.5173676424284329,0.3463531685550204,0.4178415398117057,0.2803372453682367,0.3077946332429179,0.30788393602358655,0.2607110101416963,0.40350729410197994,0.0,0.41514120726949966,0.5689301034178281,0.2677538627307303,0.3324750203281863,0.4278656061514944,0.22720538474481422,0.42433413830767985,0.26379942311074356,0.47335777054375894,0.42473262514413235,0.2920240874835883,0.29430109114788117,0.2835497969142641,0.48288312817023915,0.4808400324769312,0.2789949706860527,0.3073298401508622
0.25792762036579275,0.23305956012719398,1.0,0.20674309627610843,0.21164468021467298,0.20989341410590756,0.21316624273159468,0.20727838380039332,0.2465238300206729,0.21154137026762754,0.23243802800629376,0.20491418600107392,0.2242718827695006,0.20402772027171912,0.20313858002558982,0.21349385062711013,0.2176214518062981,0.2216438222167989,0.18845214625197093,0.21549577924027274,0.22105546531514197,0.19640960923877837,0.2227531085377108,0.218489187767282,0.20639089969662927,0.1601964858463274,0.2223367841456988,0.20840949152215416,0.24578621248436983,0.24973822637254273,0.19578797979337548,0.21448231560470632,0.0,0.22049374766313512,0.21820510288776895,0.21033786883614725,0.2027525899128918,0.2209516892054132,0.17215877705347693,0.22630882112442652,0.20194226677946736,0.22334908408616627,0.23116652794671066,0.2120610081554265,0.20662808659234355,0.228370853710537,0.23242524272191567,0.23120027741723392,0.20753813013361966,0.24822985922633978
0.2793913069961348,0.2771292078068194,0.20674309627610843,1.0,0.2625271143612584,0.2525254409476183,0.26041354793564464,0.49001032305765224,0.27630322295694476,0.5239357541828887,0.26859467779757495,0.4985671896836408,0.2677472159490164,0.5436836091390305,0.5577779820597336,0.261839154683966,0.2566905925168652,0.2682472156116329,0.23257115169810727,0.26005758768814635,0.2606731985357057,0.23740144654411954,0.27470657994325975,0.26052133715487036,0.25394867951146716,0.1946944760176621,0.27134133018860873,0.5253960040775945,0.30485499336208133,0.27137485122202765,0.5032984505271991,0.26719437093678144,0.0,0.2612347347572266,0.2625929747446356,0.4261132246217155,0.24930563498795533,0.26464029496919095,0.3802925692507193,0.26069159024234656,0.5151214506568687,0.25767212190633226,0.2721040303631872,0.5275440591987883,0.5151678890734724,0.30181808463277604,0.2593871420672502,0.2591857899631441,0.4626358480287527,0.31139947199804074
0.29421828802387207,0.3961224261569005,0.21164468021467298,0.2625271143612584,1.0,0.3782336289431295,0.32769233680011156,0.2657253727702038,0.28556408938545996,0.2708613103484683,0.5149260761511274,0.2566778033030406,0.4580534530169521,0.25762899358610336,0.26257348263830116,0.3380863628936668,0.3891499610474052,0.42427856776230677,0.3580774625680403,0.33017175169000723,0.43336696815144604,0.3796313042650764,0.43653251169756946,0.38493462473017837,0.36936456094212555,0.3138106470483949,0.442973028450113,0.2569982307538371,0.2860174896496753,0.2897376495234457,0.2536950895056743,0.42774308095388014,0.0,0.4318352074074583,0.39119195177658594,0.2523445074899321,0.3141426767222627,0.44946183810534546,0.28115502955200944,0.45086608535099804,0.2607697717795039,0.4030210508719817,0.4582241783273473,0.2625398951830691,0.26799459598882336,0.2669099163027491,0.4125189143188037,0.4129889676561065,0.2603266562817048,0.2864340336109623
0.30851867743382855,0.515607522278148,0.20989341410590756,0.2525254409476183,0.3782336289431295,1.0,0.3477062548005382,0.27532484519505085,0.27582281085501836,0.25912623552419434,0.40134302767861885,0.2565043591664722,0.3902336781074006,0.24751407764908562,0.24445793519985326,0.36485064889959695,0.4430361735221112,0.39743045082225514,0.3475867749864434,0.33972369387195167,0.37958105838337297,0.4306829456719644,0.39648447703524003,0.5656260649016267,0.5203489261479226,0.34963352585624907,0.3803642574944729,0.25732550490161044,0.2967354602665153,0.2850064771686798,0.2348679513783749,0.39869351221685767,0.0,0.39960348392794753,0.5262977032395839,0.26366938873407886,0.3326362473252623,0.4089790662673958,0.23215662743984855,0.39438938310868477,0.2382105718792351,0.4493305038982103,0.39318798362275587,0.2656356680806785,0.266118067480955,0.27113541590402435,0.4487075393848984,0.4490017913958191,0.24850317526559595,0.29796786856426805
0.2989864022156338,0.35115489427576396,0.21316624273159468,0.26041354793564464,0.32769233680011156,0.3477062548005382,1.0,0.2616285448619844,0.2966076960927745,0.2604860984579924,0.35703923314541797,0.2508026497124861,0.3540643132314678,0.2537089785189298,0.24903882227704177,0.765649855201344,0.3446678012923855,0.3813670816188166,0.32871803562672486,0.8679354603764327,0.38144703265612767,0.34197218821878284,0.3936578568406929,0.3515813668560306,0.328006425813579,0.26992516279755896,0.36109185032743174,0.2585423136543116,0.28738958774177736,0.2984247088922044,0.24080026411538702,0.3422053562144952,0.0,0.3670152269151836,0.36586827563523383,0.27077416719449965,0.7896630384860065,0.3384537373077926,0.2279480261237442,0.352243585865337,0.2417648080379331,0.34665574654883846,0.35801896789987897,0.26365889034286727,0.26349766854220436,0.27112797133341926,0.3442058012685514,0.34460238487097283,0.24919037995662774,0.2939490354631138
0.2892164637156126,0.28316285344291237,0.20727838380039332,0.49001032305765224,0.2657253727702038,0.27532484519505085,0.2616285448619844,1.0,0.2746572675393746,0.4969386784739348,0.2735289458565878,0.466862484717921,0.27617067444550025,0.4743726416450328,0.4622040243951523,0.26317708498859016,0.2589572978511653,0.2693986898588391,0.24051563293718203,0.26059852332815125,0.26189990404467267,0.24562233902481312,0.2722077581566906,0.2779980978104829,0.25062928901129367,0.20494145510511863,0.2757118026462584,0.6959277245026567,0.31570344428995034,0.27717028165733726,0.46313245066059205,0.2682562210108633,0.0,0.2713793525770837,0.268330131769991,0.4095489504612069,0.24760467180444967,0.28738577562791146,0.37814385818017404,0.27083519107824205,0.4734407874315971,0.27089256332071154,0.2798696283914982,0.6966058980473667,0.6681170709607837,0.29786541339134154,0.26204895482286406,0.2618052969235367,0.43986861044449344,0.3098122621909749
0.3889999156965771,0.3001706535721612,0.2465238300206729,0.27630322295694476,0.28556408938545996,0.27582281085501836,0.2966076960927745,0.2746572675393746,1.0,0.28555083024165784,0.30920853747444343,0.26288112916823825,0.3007960787489359,0.26972304943604486,0.26973649807715394,0.2970321085503318,0.2844782794923125,0.2953795620678926,0.24787796035417053,0.300028604765312,0.28737468409373657,0.26235786562112295,0.30181152915609044,0.29414990838738164,0.26313810366940027,0.21065915351264697,0.3010334142579132,0.27350499802300543,0.3263751026625723,0.4054270974060066,0.2637551395942229,0.2821672167970358,0.0,0.2973511018809104,0.29151165662483947,0.27663628328765444,0.28417291541594336,0.2873712152646878,0.22472794115411399,0.2998642093121522,0.2632829106874581,0.29737054946369845,0.3068948100023816,0.2754454992290821,0.2692990215829194,0.308559762616578,0.2925335732525721,0.29134493796909755,0.2643082411347083,0.3369616806731971
0.29704591887544807,0.287950003319733,0.21154137026762754,0.5239357541828887,0.2708613103484683,0.25912623552419434,0.2604860984579924,0.4969386784739348,0.28555083024165784,1.0,0.2774390305437937,0.47383883699752904,0.28251363635789384,0.501390575911226,0.49172997637047666,0.2652326089749505,0.2560106363933937,0.26884966947850875,0.2358820971282547,0.2623302479800331,0.26128276327876276,0.23999798783006765,0.2673889596048987,0.2670675348273226,0.2497715280878957,0.19863916628992795,0.27538635036447656,0.5127842544784356,0.3143299840026661,0.2833816725176319,0.5110117071785976,0.2641742813084562,0.0,0.2656919017433431,0.2653238174899972,0.4272248481972628,0.24975848850632787,0.2709231221509114,0.3883111014921653,0.27243925529294577,0.5164000457674001,0.2685368895863569,0.27493136247418515,0.5129260969133367,0.5146056098793779,0.3023835092099031,0.2661055640768275,0.26508966227662345,0.47435708242163754,0.3101857459092503
0.31599313744076873,0.426714437913872,0.23243802800629376,0.26859467779757495,0.5149260761511274,0.40134302767861885,0.35703923314541797,0.2735289458565878,0.30920853747444343,0.2774390305437937,1.0,0.266876426022138,0.5213365940418344,0.2685439747674553,0.26242916881147427,0.35847292209402526,0.4033291821184616,0.48770468033501213,0.41773572158806227,0.3601385169342096,0.4826347630120217,0.4492085744598542,0.4943369469167841,0.4260278729165956,0.37752637490916774,0.29943244819518333,0.495895242579961,0.27113397882675916,0.3013738442099422,0.31362458656336356,0.2588554106268077,0.4643706944552837,0.0,0.47992592376072196,0.42618124187589634,0.2746597454250177,0.33768819634177016,0.4801370302263568,0.23238634014950288,0.5139367553809897,0.2617820534037225,0.4346756737302152,0.5058669425964739,0.2755619539383023,0.2716191004760158,0.28211001532286684,0.4306461392910238,0.42839877905662926,0.27032877250663856,0.3079859244501266
0.28241530461831366,0.285791405725207,0.20491418600107392,0.4985671896836408,0.2566778033030406,0.2565043591664722,0.2508026497124861,0.466862484717921,0.26288112916823825,0.47383883699752904,0.266876426022138,1.0,0.26015418722177597,0.4783550238381755,0.5950100791233852,0.252560236231146,0.2553866484145123,0.2610358267101889,0.2269358939671604,0.2510799231060383,0.2530727041543439,0.23838350438133504,0.26402819370995756,0.26400222541174057,0.2485810351840292,0.1996781133095893,0.2605089333558025,0.47795769106494057,0.30544473378741166,0.26651566179373165,0.4480861488504382,0.2596453053498915,0.0,0.2600030549657528,0.261230934484458,0.39988601227353615,0.23958053445832295,0.2674308943813195,0.3655069307399852,0.256600483451796,0.4551978867923888,0.2567221740445862,0.2661799281431738,0.4831204572313882,0.48094511808938056,0.28967644327315845,0.2612823294724519,0.2619271797370133,0.42536468070987254,0.2973034445745758
0.3063488588685599,0.4199060858321576,0.2242718827695006,0.2677472159490164,0.4580534530169521,0.3902336781074006,0.3540643132314678,0.27617067444550025,0.3007960787489359,0.28251363635789384,0.5213365940418344,0.26015418722177597,1.0,0.2615051217296567,0.26817523866765536,0.3557708210820797,0.3960632418459321,0.4947249435287706,0.5039651283727369,0.35732945935096583,0.5115698131017052,0.5113321237122863,0.5467513751053565,0.4126400606273545,0.35951951826247375,0.2922225380734733,0.5320123103500326,0.2699287028290088,0.2983418678436106,0.31168568775800254,0.2594482576453774,0.5001081485499045,0.0,0.5304248087267165,0.4193875194552922,0.2653637428625697,0.3386574763979837,0.5004774973419058,0.22494571164876542,0.5366066725175513,0.26329294236125167,0.4211546989500332,0.5260804039691626,0.27041350786036655,0.2682921200129236,0.27555969135236114,0.4216321169922117,0.41943882908020524,0.2647465460544478,0.30278912292315585
0.2752834763571588,0.2661116332084563,0.20402772027171912,0.5436836091390305,0.25762899358610336,0.24751407764908562,0.2537089785189298,0.4743726416450328,0.26972304943604486,0.501390575911226,0.2685439747674553,0.4783550238381755,0.2615051217296567,1.0,0.5393040802700333,0.25263419130374687,0.2496252468193907,0.2597064055329742,0.2280472295156385,0.2542170541456794,0.24957788523939373,0.233024338519094,0.2627434885969735,0.2520091078342933,0.2390979105056409,0.1873328814000924,0.2648915982060067,0.5118633148003204,0.3043679521994439,0.26732787629726673,0.4911696394280587,0.2560689238698153,0.0,0.2561418836808901,0.25822195537079795,0.41245344055846966,0.24178820955468727,0.26289597334909665,0.3782087884458398,0.2564925168193628,0.5019833190960259,0.2554911754077074,0.26951471337198296,0.5106238031419268,0.4984172419030838,0.29649786594089844,0.255753357412029,0.25504118180503776,0.4512267583901478,0.3035094863030089
0.26680206011829743,0.26672305333290436,0.20313858002558982,0.5577779820597336,0.26257348263830116,0.24445793519985326,0.24903882227704177,0.4622040243951523,0.26973649807715394,0.49172997637047666,0.26242916881147427,0.5950100791233852,0.26817523866765536,0.5393040802700333,1.0,0.25287793714184914,0.2579001643002743,0.25883140861824727,0.22480734389815193,0.2513121705524254,0.25188643634026453,0.2269204672166023,0.2615444410107568,0.2551026206488809,0.24274898897066421,0.1977812828701051,0.26263914030186597,0.48943071269290805,0.29825470802414067,0.2663589105213522,0.4878531438866779,0.25839478277403094,0.0,0.25347056832986825,0.2579143177191062,0.410273181615496,0.2415313340963634,0.26063365091675894,0.375483708085665,0.25723086974410714,0.4950874151944482,0.2520601978359933,0.26680829035918274,0.4892335907794113,0.47961309116977224,0.2926618856182679,0.26227062701726156,0.261773460350738,0.4429767865096329,0.30772750191582765
0.29793990048751584,0.34918926016077034,0.21349385062711013,0.261839154683966,0.3380863628936668,0.36485064889959695,0.765649855201344,0.26317708498859016,0.2970321085503318,0.2652326089749505,0.35847292209402526,0.252560236231146,0.3557708210820797,0.25263419130374687,0.25287793714184914,1.0,0.3473105094257347,0.3709053412345734,0.32506840765904954,0.7666073720074641,0.3652089960658699,0.36285501611370197,0.38073188911542144,0.366869124918748,0.33853319923298,0.296968966363635,0.353025492030249,0.2567726850919625,0.28536115518024896,0.2987577958451165,0.24394036434097988,0.34013764942318814,0.0,0.3588718788574985,0.3595031374264326,0.2679515914723515,0.7306521349132133,0.3436279439538533,0.21978899727127255,0.3511144331121502,0.24479084932199158,0.3453719868909062,0.3519524495068498,0.26233331106232616,0.26337908851097125,0.2721281059191909,0.3433980418215562,0.344040157089739,0.24960379354140316,0.29299241517726293
0.29913925422082077,0.47214927650451155,0.2176214518062981,0.2566905925168652,0.3891499610474052,0.4430361735221112,0.3446678012923855,0.2589572978511653,0.2844782794923125,0.2560106363933937,0.4033291821184616,0.2553866484145123,0.3960632418459321,0.2496252468193907,0.2579001643002743,0.3473105094257347,1.0,0.3945667262810578,0.3332400158672898,0.344225189613545,0.3936666826905225,0.36713960167951876,0.4122844602715148,0.4905077098420174,0.4738621053845581,0.3784254799395388,0.3902260278350971,0.25337499491769,0.29028222404428516,0.2921685545075494,0.23892555493927614,0.43542331645347643,0.0,0.40736702129126046,0.4723225301451115,0.2635816220448003,0.33497972819069444,0.3847378315172184,0.22797517514694932,0.39903356399492507,0.24386647275285445,0.4348987856749488,0.4023084508058111,0.26181245935600117,0.2689078149149402,0.26455371372930625,0.45361889920135035,0.45675755832287623,0.24431614210305896,0.290958367548802
0.30478769019648433,0.42141235535900323,0.2216438222167989,0.2682472156116329,0.42427856776230677,0.39743045082225514,0.3813670816188166,0.2693986898588391,0.2953795620678926,0.26884966947850875,0.48770468033501213,0.2610358267101889,0.4947249435287706,0.2597064055329742,0.25883140861824727,0.3709053412345734,0.3945667262810578,1.0,0.459447771602425,0.3818016056200044,0.5125483308396575,0.4597390956770854,0.5252874340535579,0.4144780076365777,0.3694769733177089,0.2944745094195227,0.5030404419401654,0.26551154227577645,0.29912811103085835,0.30467209286513774,0.25355925968217763,0.4552464743805562,0.0,0.4851197724446046,0.4298756964004874,0.281176502635912,0.36124287004636235,0.4626313941382626,0.23344517820855637,0.4972425887778624,0.25291125160498285,0.4263904740467148,0.4953320503439598,0.2686701514332289,0.2661008929356552,0.2759958835370998,0.4220981598373509,0.4203624585698824,0.25687371919249957,0.30376049393436766
0.26459196643687144,0.3500348501571211,0.18845214625197093,0.23257115169810727,0.3580774625680403,0.3475867749864434,0.32871803562672486,0.24051563293718203,0.24787796035417053,0.2358820971282547,0.41773572158806227,0.2269358939671604,0.5039651283727369,0.2280472295156385,0.22480734389815193,0.32506840765904954,0.3332400158672898,0.459447771602425,1.0,0.3260558620412157,0.4441914008372746,0.48849900069535734,0.449750830699966,0.3531647226476897,0.32071389081221113,0.2571366001203669,0.4310322936123072,0.2340605096672279,0.2547097605319969,0.261844867765861,0.2184452203645586,0.45545856259998885,0.0,0.4195290301507548,0.36338197327700805,0.23874023056934324,0.31218872345349435,0.40177631191507046,0.19770674569081226,0.4277713920663463,0.22092152653435737,0.35575646884638024,0.4231395028232857,0.23875043270853735,0.2364789243798957,0.2390087354276491,0.3509766492310511,0.35046598240371096,0.2222450427030075,0.2615102647238037
0.29952421940089247,0.35338822690421456,0.21549577924027274,0.26005758768814635,0.33017175169000723,0.33972369387195167,0.8679354603764327,0.26059852332815125,0.300028604765312,0.2623302479800331,0.3601385169342096,0.2510799231060383,0.35732945935096583,0.2542170541456794,0.2513121705524254,0.7666073720074641,0.344225189613545,0.3818016056200044,0.3260558620412157,1.0,0.3843957630565361,0.3331729856249227,0.3919636795654726,0.3499977069626099,0.3262720505467276,0.267892621956345,0.3641630676580032,0.25871180634845214,0.287887608201572,0.3009225864110997,0.24248894602388293,0.34078048868028266,0.0,0.36578453641722697,0.3640522520574162,0.27091752869177466,0.7918872716523049,0.3406003868637838,0.2252648461465172,0.35632721159475356,0.24408551158282943,0.34983454711361894,0.36190593435631613,0.26283733553961,0.26109857501003286,0.2730923764199482,0.3471985663853765,0.34746850400295426,0.2519751430000763,0.29546688423283984
0.29595895929279226,0.40836175372059624,0.22105546531514197,0.2606731985357057,0.43336696815144604,0.37958105838337297,0.38144703265612767,0.26189990404467267,0.28737468409373657,0.26128276327876276,0.4826347630120217,0.2530727041543439,0.5115698131017052,0.24957788523939373,0.25188643634026453,0.3652089960658699,0.3936666826905225,0.5125483308396575,0.4441914008372746,0.3843957630565361,1.0,0.465050656476939,0.5468470248770276,0.4020486195029681,0.3649697319208488,0.3058223647106332,0.514014050423945,0.26050951757956,0.28739901762220144,0.299014029147044,0.24453157758428423,0.47208927385335464,0.0,0.5114613437683235,0.4187979891415118,0.2750993526835598,0.36258200094313353,0.47218405593936763,0.22413940243524366,0.5133016875353873,0.25093111730131956,0.40606747072352223,0.5005416156670259,0.2657265160975122,0.2640828859947736,0.2736560498290699,0.41887060831538425,0.41729869524306995,0.2525223329072409,0.2959838026566486
0.28155474718104545,0.36504255357351223,0.19640960923877837,0.23740144654411954,0.3796313042650764,0.4306829456719644,0.34197218821878284,0.24562233902481312,0.26235786562112295,0.23999798783006765,0.4492085744598542,0.23838350438133504,0.5113321237122863,0.233024338519094,0.2269204672166023,0.36285501611370197,0.36713960167951876,0.4597390956770854,0.48849900069535734,0.3331729856249227,0.465050656476939,1.0,0.6228822353216393,0.4178891688714911,0.3693447433392758,0.29179607261201435,0.4563606711503192,0.23912183453879376,0.2649072388020658,0.2678894979181691,0.21897376727259177,0.46830342425327487,0.0,0.5532005841977123,0.3757984220123811,0.24585550355954333,0.3327409733487542,0.45024071724217574,0.2005810078768523,0.4645185941644008,0.22049162222900665,0.3677154589020035,0.4576422100820412,0.24708054686961745,0.2437541169970343,0.2567513770956906,0.368433534392555,0.3670906575446833,0.2269452344119779,0.2773652284970892
0.31269549350436254,0.42002658918363023,0.2227531085377108,0.27470657994325975,0.43653251169756946,0.39648447703524003,0.3936578568406929,0.2722077581566906,0.30181152915609044,0.2673889596048987,0.4943369469167841,0.26402819370995756,0.5467513751053565,0.2627434885969735,0.2615444410107568,0.38073188911542144,0.4122844602715148,0.5252874340535579,0.449750830699966,0.3919636795654726,0.5468470248770276,0.6228822353216393,1.0,0.41455956379535674,0.3811195661520199,0.3087645509463758,0.5345272932023155,0.2687505890394841,0.29952936163092037,0.3027101491787726,0.253657012935249,0.4971148139799755,0.0,0.6516270551481047,0.4271947435371011,0.27623794789381173,0.37572478148877686,0.49556033210372474,0.23685692225526445,0.526067943679021,0.25479680976028096,0.4153810190220627,0.5239448673006566,0.27465902255965124,0.2722842582719056,0.2828330712690118,0.4191424385025271,0.4190709511359815,0.25923136016474446,0.30596588406357594
0.31767417763785166,0.561791973357584,0.218489187767282,0.26052133715487036,0.38493462473017837,0.5656260649016267,0.3515813668560306,0.2779980978104829,0.29414990838738164,0.2670675348273226,0.4260278729165956,0.26400222541174057,0.4126400606273545,0.2520091078342933,0.2551026206488809,0.366869124918748,0.4905077098420174,0.4144780076365777,0.3531647226476897,0.3499977069626099,0.4020486195029681,0.4178891688714911,0.41455956379535674,1.0,0.5380184548438642,0.36465949287313604,0.40523146339205096,0.26105125268660423,0.2940650311043749,0.2996435491662576,0.24261270255547052,0.40535777464070166,0.0,0.40804008804153735,0.5677655845249128,0.26761801202813174,0.3410409409879679,0.4018984026671576,0.2192072521074293,0.4094613236997774,0.24794178402700207,0.4651373250449504,0.40908247749055016,0.2709287198500091,0.2729949552449451,0.27358821782044596,0.46403923488630516,0.46394904559150163,0.2523174238448713,0.30035331975716517
0.29244468185599437,0.5173676424284329,0.20639089969662927,0.25394867951146716,0.36936456094212555,0.5203489261479226,0.328006425813579,0.25062928901129367,0.26313810366940027,0.2497715280878957,0.37752637490916774,0.2485810351840292,0.35951951826247375,0.2390979105056409,0.24274898897066421,0.33853319923298,0.4738621053845581,0.3694769733177089,0.32071389081221113,0.3262720505467276,0.3649697319208488,0.3693447433392758,0.3811195661520199,0.5380184548438642,1.0,0.3834184384827285,0.36288870421247776,0.24008629665980885,0.2709904087618481,0.27087601142629636,0.22558329458837967,0.41978956418667823,0.0,0.37242205599302725,0.5213565540787254,0.246804457927848,0.32190775159681806,0.3748188583819264,0.20762946467217147,0.3698409231196035,0.23157123415293124,0.4129806911165472,0.3766010879324424,0.2604400063235155,0.26316601199942813,0.26099409739256385,0.4284601378803845,0.43189617229333543,0.2439775528430762,0.27470925098602794
0.23996564508848628,0.3463531685550204,0.1601964858463274,0.1946944760176621,0.3138106470483949,0.34963352585624907,0.26992516279755896,0.20494145510511863,0.21065915351264697,0.19863916628992795,0.29943244819518333,0.1996781133095893,0.2922225380734733,0.1873328814000924,0.1977812828701051,0.296968966363635,0.3784254799395388,0.2944745094195227,0.2571366001203669,0.267892621956345,0.3058223647106332,0.29179607261201435,0.3087645509463758,0.36465949287313604,0.3834184384827285,1.0,0.2891465460195072,0.19404807327471207,0.21202566009466528,0.2222537450162273,0.18379174074255045,0.3047748037018547,0.0,0.3008647473417472,0.36436130434772096,0.19683524202188296,0.2609273231178373,0.34781370302110937,0.1630082538958434,0.3071280366032696,0.1855423564077393,0.3345231436007864,0.29102040893323156,0.21295636906584126,0.22832168511037665,0.20702206309065652,0.3532099730716737,0.3687448551881064,0.19176833042382857,0.22152345864631973
0.3075898090309822,0.4178415398117057,0.2223367841456988,0.27134133018860873,0.442973028450113,0.3803642574944729,0.36109185032743174,0.2757118026462584,0.3010334142579132,0.27538635036447656,0.495895242579961,0.2605089333558025,0.5320123103500326,0.2648915982060067,0.26263914030186597,0.353025492030249,0.3902260278350971,0.5030404419401654,0.4310322936123072,0.3641630676580032,0.514014050423945,0.4563606711503192,0.5345272932023155,0.40523146339205096,0.36288870421247776,0.2891465460195072,1.0,0.26991563375250416,0.2992260609904277,0.3067037353756037,0.2573872505446422,0.48316639857553023,0.0,0.5080770616978416,0.41456753464169016,0.2730003131512264,0.3435319019980123,0.5734200775495099,0.22408324728111528,0.5396848877404987,0.260086575812025,0.4198107536493306,0.6182301479254575,0.27631012769158814,0.26857380566003997,0.2815524239392475,0.4174764213362663,0.4154690520891823,0.2665604814205327,0.30398925738246274
0.284223970970639,0.2803372453682367,0.20840949152215416,0.5253960040775945,0.2569982307538371,0.25732550490161044,0.2585423136543116,0.6959277245026567,0.27350499802300543,0.5127842544784356,0.27113397882675916,0.47795769106494057,0.2699287028290088,0.5118633148003204,0.48943071269290805,0.2567726850919625,0.25337499491769,0.26551154227577645,0.2340605096672279,0.25871180634845214,0.26050951757956,0.23912183453879376,0.2687505890394841,0.26105125268660423,0.24008629665980885,0.19404807327471207,0.26991563375250416,1.0,0.3129817151214057,0.2759697173834843,0.47695077579480916,0.26574410264123527,0.0,0.2621151733831917,0.26339907543306995,0.412281403601646,0.24607414182864085,0.2829948322064142,0.3774005140193697,0.2628192610109762,0.4927166665832572,0.2608771401616672,0.2730781925401615,0.8068565635577437,0.7625821628501884,0.2977879362275393,0.2632982117513164,0.26254512042902844,0.4604986561308434,0.3059519134872708
0.33937596827745864,0.3077946332429179,0.24578621248436983,0.30485499336208133,0.2860174896496753,0.2967354602665153,0.28738958774177736,0.31570344428995034,0.3263751026625723,0.3143299840026661,0.3013738442099422,0.30544473378741166,0.2983418678436106,0.3043679521994439,0.29825470802414067,0.28536115518024896,0.29028222404428516,0.29912811103085835,0.2547097605319969,0.287887608201572,0.28739901762220144,0.2649072388020658,0.29952936163092037,0.2940650311043749,0.2709904087618481,0.21202566009466528,0.2992260609904277,0.3129817151214057,1.0,0.3262341474313627,0.2878192146998694,0.28678272302957863,0.0,0.2963845695621662,0.299367021531904,0.30446112003083314,0.2722905449669467,0.2939726481591305,0.25698794099457956,0.29667261628341945,0.28869707580872817,0.29684529484740974,0.30021038067237527,0.31337870923777833,0.3117053366399285,0.39082108061524024,0.29273980242494113,0.2919535667389046,0.2953109022368756,0.6238408874780383
0.38619525720026704,0.30788393602358655,0.24973822637254273,0.27137485122202765,0.2897376495234457,0.2850064771686798,0.2984247088922044,0.27717028165733726,0.4054270974060066,0.2833816725176319,0.31362458656336356,0.26651566179373165,0.31168568775800254,0.26732787629726673,0.2663589105213522,0.2987577958451165,0.2921685545075494,0.30467209286513774,0.261844867765861,0.3009225864110997,0.299014029147044,0.2678894979181691,0.3027101491787726,0.2996435491662576,0.27087601142629636,0.2222537450162273,0.3067037353756037,0.2759697173834843,0.3262341474313627,1.0,0.26010452767900705,0.2836751848196838,0.0,0.29872404961842036,0.30550733353302406,0.27560502281250654,0.28483073727605224,0.29457543337459424,0.22670296919543054,0.31469136988132684,0.2633261473315863,0.30066108892338517,0.3096256984465251,0.27995813160258554,0.27461494309714074,0.32241991550179006,0.3072845077967983,0.3064203448274625,0.2670104425380495,0.34234135322543724
0.2606483284606983,0.2607110101416963,0.19578797979337548,0.5032984505271991,0.2536950895056743,0.2348679513783749,0.24080026411538702,0.46313245066059205,0.2637551395942229,0.5110117071785976,0.2588554106268077,0.4480861488504382,0.2594482576453774,0.4911696394280587,0.4878531438866779,0.24394036434097988,0.23892555493927614,0.25355925968217763,0.2184452203645586,0.24248894602388293,0.24453157758428423,0.21897376727259177,0.253657012935249,0.24261270255547052,0.22558329458837967,0.18379174074255045,0.2573872505446422,0.47695077579480916,0.2878192146998694,0.26010452767900705,1.0,0.251266640915804,0.0,0.25209656668508706,0.24561102016489578,0.40202767575469345,0.22935809624734904,0.25353982839309785,0.36028656998409636,0.25009073264218296,0.6422769901239207,0.2484283767103882,0.25760243898545576,0.47883942666375645,0.4705783112665306,0.2842588560137479,0.2485809909402722,0.24763609730968117,0.43237531034425236,0.2848316617362664
0.30434179615470935,0.40350729410197994,0.21448231560470632,0.26719437093678144,0.42774308095388014,0.39869351221685767,0.3422053562144952,0.2682562210108633,0.2821672167970358,0.2641742813084562,0.4643706944552837,0.2596453053498915,0.5001081485499045,0.2560689238698153,0.25839478277403094,0.34013764942318814,0.43542331645347643,0.4552464743805562,0.45545856259998885,0.34078048868028266,0.47208927385335464,0.46830342425327487,0.4971148139799755,0.40535777464070166,0.41978956418667823,0.3047748037018547,0.48316639857553023,0.26574410264123527,0.28678272302957863,0.2836751848196838,0.251266640915804,1.0,0.0,0.4796145701971738,0.3966945513779062,0.25980477562988336,0.3304962444359346,0.4849575866787784,0.22979526787150262,0.4980653616543549,0.24922506024806645,0.39850925712988505,0.4979930470188386,0.2686413963980009,0.27530997624594766,0.2691152965192751,0.41094922247394394,0.41128987033039355,0.2495950016282884,0.28289841953301564
0.0,0.0,0.0,0.0,0.0,0.0,0.0,0.0,0.0,0.0,0.0,0.0,0.0,0.0,0.0,0.0,0.0,0.0,0.0,0.0,0.0,0.0,0.0,0.0,0.0,0.0,0.0,0.0,0.0,0.0,0.0,0.0,1.0,0.0,0.0,0.0,0.0,0.0,0.0,0.0,0.0,0.0,0.0,0.0,0.0,0.0,0.0,0.0,0.0,0.0
0.30875739489951415,0.41514120726949966,0.22049374766313512,0.2612347347572266,0.4318352074074583,0.39960348392794753,0.3670152269151836,0.2713793525770837,0.2973511018809104,0.2656919017433431,0.47992592376072196,0.2600030549657528,0.5304248087267165,0.2561418836808901,0.25347056832986825,0.3588718788574985,0.40736702129126046,0.4851197724446046,0.4195290301507548,0.36578453641722697,0.5114613437683235,0.5532005841977123,0.6516270551481047,0.40804008804153735,0.37242205599302725,0.3008647473417472,0.5080770616978416,0.2621151733831917,0.2963845695621662,0.29872404961842036,0.25209656668508706,0.4796145701971738,0.0,1.0,0.421252834734669,0.2799475313031209,0.34428126398789316,0.4807523268502024,0.24839108452656933,0.5106765954437934,0.2503302508485733,0.41477354520317333,0.5142464379250204,0.26799253576069804,0.2687437059594089,0.2752705267380582,0.41716511904873466,0.41635378063955486,0.25560349657097947,0.30106942520020374
0.3095145126889529,0.5689301034178281,0.21820510288776895,0.2625929747446356,0.39119195177658594,0.5262977032395839,0.36586827563523383,0.268330131769991,0.29151165662483947,0.2653238174899972,0.42618124187589634,0.261230934484458,0.4193875194552922,0.25822195537079795,0.2579143177191062,0.3595031374264326,0.4723225301451115,0.4298756964004874,0.36338197327700805,0.3640522520574162,0.4187979891415118,0.3757984220123811,0.4271947435371011,0.5677655845249128,0.5213565540787254,0.36436130434772096,0.41456753464169016,0.26339907543306995,0.299367021531904,0.30550733353302406,0.24561102016489578,0.3966945513779062,0.0,0.421252834734669,1.0,0.26776418973197413,0.34111813294319604,0.4026752630514858,0.22888973612666874,0.4233307459912593,0.24801888946459627,0.4738640801762194,0.42314029241230533,0.26766082668288527,0.2689832237987899,0.273865228280475,0.47272034748609815,0.4719302879255225,0.25572219687244446,0.29881894366755113
0.27920552707506163,0.2677538627307303,0.21033786883614725,0.4261132246217155,0.2523445074899321,0.26366938873407886,0.27077416719449965,0.4095489504612069,0.27663628328765444,0.4272248481972628,0.2746597454250177,0.39988601227353615,0.2653637428625697,0.41245344055846966,0.410273181615496,0.2679515914723515,0.2635816220448003,0.281176502635912,0.23874023056934324,0.27091752869177466,0.2750993526835598,0.24585550355954333,0.27623794789381173,0.26761801202813174,0.246804457927848,0.19683524202188296,0.2730003131512264,0.412281403601646,0.30446112003083314,0.27560502281250654,0.40202767575469345,0.25980477562988336,0.0,0.2799475313031209,0.26776418973197413,1.0,0.2611071052311358,0.2619879936624071,0.37695637532646165,0.2712279254936846,0.40746896151138556,0.26397694884312395,0.27335909636647315,0.4186600598806399,0.41670610999696744,0.2945201890112795,0.2625752352023789,0.2614371095103182,0.4064726796862209,0.3088278937010823
0.28404647829140106,0.3324750203281863,0.2027525899128918,0.24930563498795533,0.3141426767222627,0.3326362473252623,0.7896630384860065,0.24760467180444967,0.28417291541594336,0.24975848850632787,0.33768819634177016,0.23958053445832295,0.3386574763979837,0.24178820955468727,0.2415313340963634,0.7306521349132133,0.33497972819069444,0.36124287004636235,0.31218872345349435,0.7918872716523049,0.36258200094313353,0.3327409733487542,0.37572478148877686,0.3410409409879679,0.32190775159681806,0.2609273231178373,0.3435319019980123,0.24607414182864085,0.2722905449669467,0.28483073727605224,0.22935809624734904,0.3304962444359346,0.0,0.34428126398789316,0.34111813294319604,0.2611071052311358,1.0,0.3269696172481581,0.21327989797561153,0.33350895890140586,0.22992361451800591,0.32786247990809736,0.3432846569377669,0.2514669278136351,0.25147361039885874,0.2584699341391581,0.3268965125363057,0.3269899268674886,0.23565916363505202,0.2797463268424527
0.31442839463365324,0.4278656061514944,0.2209516892054132,0.26464029496919095,0.44946183810534546,0.4089790662673958,0.3384537373077926,0.28738577562791146,0.2873712152646878,0.2709231221509114,0.4801370302263568,0.2674308943813195,0.5004774973419058,0.26289597334909665,0.26063365091675894,0.3436279439538533,0.3847378315172184,0.4626313941382626,0.40177631191507046,0.3406003868637838,0.47218405593936763,0.45024071724217574,0.49556033210372474,0.4018984026671576,0.3748188583819264,0.34781370302110937,0.5734200775495099,0.2829948322064142,0.2939726481591305,0.29457543337459424,0.25353982839309785,0.4849575866787784,0.0,0.4807523268502024,0.4026752630514858,0.2619879936624071,0.3269696172481581,1.0,0.2325185687254685,0.5126651443338244,0.25785354921513415,0.4136139765085778,0.6169632185916514,0.2903576930729569,0.28381024455553727,0.27676123671815334,0.4268160333678366,0.4292841811004392,0.26848014757570005,0.29574050462770873
0.23060966846189968,0.22720538474481422,0.17215877705347693,0.3802925692507193,0.28115502955200944,0.23215662743984855,0.2279480261237442,0.37814385818017404,0.22472794115411399,0.3883111014921653,0.23238634014950288,0.3655069307399852,0.22494571164876542,0.3782087884458398,0.375483708085665,0.21978899727127255,0.22797517514694932,0.23344517820855637,0.19770674569081226,0.2252648461465172,0.22413940243524366,0.2005810078768523,0.23685692225526445,0.2192072521074293,0.20762946467217147,0.1630082538958434,0.22408324728111528,0.3774005140193697,0.25698794099457956,0.22670296919543054,0.36028656998409636,0.22979526787150262,0.0,0.24839108452656933,0.22888973612666874,0.37695637532646165,0.21327989797561153,0.2325185687254685,1.0,0.22995084146580813,0.3630563749274933,0.23121204532913353,0.2369595138041347,0.38175617370977377,0.3830274418934756,0.2501949393403563,0.22939510573725963,0.22850744299524928,0.3620754808226836,0.2541975231996614
0.3072512912606582,0.42433413830767985,0.22630882112442652,0.26069159024234656,0.45086608535099804,0.39438938310868477,0.352243585865337,0.27083519107824205,0.2998642093121522,0.27243925529294577,0.5139367553809897,0.256600483451796,0.5366066725175513,0.2564925168193628,0.25723086974410714,0.3511144331121502,0.39903356399492507,0.4972425887778624,0.4277713920663463,0.35632721159475356,0.5133016875353873,0.4645185941644008,0.526067943679021,0.4094613236997774,0.3698409231196035,0.3071280366032696,0.5396848877404987,0.2628192610109762,0.29667261628341945,0.31469136988132684,0.25009073264218296,0.4980653616543549,0.0,0.5106765954437934,0.4233307459912593,0.2712279254936846,0.33350895890140586,0.5126651443338244,0.22995084146580813,1.0,0.2526317202250131,0.43021099564292054,0.5410144370443981,0.26851714005564986,0.26975551420078436,0.2863226158365533,0.44680635483620457,0.44567968812249126,0.2593953001329844,0.3093999801560193
