../ecoli_genomes/GCF_000163235.1_ASM16323v1_genomic.fna.gz,../ecoli_genomes/GCF_000164555.1_ASM16455v1_genomic.fna.gz,../ecoli_genomes/GCF_000208545.1_ASM20854v2_genomic.fna.gz,../ecoli_genomes/GCF_000233875.1_ASM23387v1_genomic.fna.gz,../ecoli_genomes/GCF_000249735.1_ASM24973v2_genomic.fna.gz,../ecoli_genomes/GCF_000261145.1_Esch_coli_M919_V2_genomic.fna.gz,../ecoli_genomes/GCF_000267705.2_ASM26770v2_genomic.fna.gz,../ecoli_genomes/GCF_000350665.1_Esch_coli_KTE5_V1_genomic.fna.gz,../ecoli_genomes/GCF_000351625.1_Esch_coli_KTE66_V1_genomic.fna.gz,../ecoli_genomes/GCF_000352285.1_Esch_coli_KTE46_V1_genomic.fna.gz,../ecoli_genomes/GCF_000358895.1_ASM35889v1_genomic.fna.gz,../ecoli_genomes/GCF_000456385.1_Esch_coli_HVH_26_4-5703913_V1_genomic.fna.gz,../ecoli_genomes/GCF_000458195.1_Esch_coli_HVH_147_4-5893887_V1_genomic.fna.gz,../ecoli_genomes/GCF_000459755.1_Esch_coli_KOEGE_58_171a_V1_genomic.fna.gz,../ecoli_genomes/GCF_000460055.1_Esch_coli_UMEA_3053-1_V1_genomic.fna.gz,../ecoli_genomes/GCF_000462165.2_ASM46216v2_genomic.fna.gz,../ecoli_genomes/GCF_000601135.1_ASM60113v1_genomic.fna.gz,../ecoli_genomes/GCF_000614595.1_Ec2010EL1058_genomic.fna.gz,../ecoli_genomes/GCF_000617745.1_Ec2010C-4529_genomic.fna.gz,../ecoli_genomes/GCF_000618265.2_EcF6751_genomic.fna.gz,../ecoli_genomes/GCF_000619005.2_Ec2009C-4052_genomic.fna.gz,../ecoli_genomes/GCF_000619105.1_Ec2009C-4780_genomic.fna.gz,../ecoli_genomes/GCF_000619765.2_Ec2009C-3279_genomic.fna.gz,../ecoli_genomes/GCF_000687005.1_ASM68700v1_genomic.fna.gz,../ecoli_genomes/GCF_000687025.1_ASM68702v1_genomic.fna.gz,../ecoli_genomes/GCF_000700125.1_ASM70012v1_genomic.fna.gz,../ecoli_genomes/GCF_000753315.1_FHI35_genomic.fna.gz,../ecoli_genomes/GCF_000776375.1_ASM77637v1_genomic.fna.gz,../ecoli_genomes/GCF_000779395.1_ASM77939v1_genomic.fna.gz,../ecoli_genomes/GCF_000780315.1_ASM78031v1_genomic.fna.gz,../ecoli_genomes/GCF_000781995.1_ASM78199v1_genomic.fna.gz,../ecoli_genomes/GCF_000986765.1_ASM98676v1_genomic.fna.gz,../ecoli_genomes/GCF_001041375.1_ViralProj287958_genomic.fna.gz,../ecoli_genomes/GCF_001265335.1_302014_genomic.fna.gz,../ecoli_genomes/GCF_001265625.1_100854_genomic.fna.gz,../ecoli_genomes/GCF_001267345.1_303289_genomic.fna.gz,../ecoli_genomes/GCF_001309985.1_ASM130998v1_genomic.fna.gz,../ecoli_genomes/GCF_001521695.1_ASM152169v1_genomic.fna.gz,../ecoli_genomes/GCF_001592595.1_ASM159259v1_genomic.fna.gz,../ecoli_genomes/GCF_001614975.1_ASM161497v1_genomic.fna.gz,../ecoli_genomes/GCF_001692775.1_ASM169277v1_genomic.fna.gz,../ecoli_genomes/GCF_001748915.1_ASM174891v1_genomic.fna.gz,../ecoli_genomes/GCF_001749235.1_ASM174923v1_genomic.fna.gz,../ecoli_genomes/GCF_001881155.1_ASM188115v1_genomic.fna.gz,../ecoli_genomes/GCF_001881345.1_ASM188134v1_genomic.fna.gz,../ecoli_genomes/GCF_001892405.1_ASM189240v1_genomic.fna.gz,../ecoli_genomes/GCF_001892585.1_ASM189258v1_genomic.fna.gz,../ecoli_genomes/GCF_001893985.1_ASM189398v1_genomic.fna.gz,../ecoli_genomes/GCF_002001595.1_ASM200159v1_genomic.fna.gz,../ecoli_genomes/GCF_002002145.1_ASM200214v1_genomic.fna.gz
1.0,0.32408773543161173,0.26180569182991664,0.27957630310167036,0.2730386258989098,0.3032228066575533,0.29772959958396483,0.28646723494358683,0.3857744911001624,0.29062123240042315,0.31373629736027786,0.28874849113532053,0.305373389699528,0.2834954242659208,0.2601383822615274,0.29370840575717494,0.2805084426761989,0.3112139305640417,0.263770886930198,0.299500863528566,0.2949566569380513,0.28292187584154493,0.309291742881615,0.2968809890488734,0.2837345032541958,0.2541215031847186,0.30452010957269726,0.27760937596028423,0.34439875436766443,0.37786749790688556,0.26280646373948047,0.3061878065188457,0.0,0.30365018023646406,0.3043160398082779,0.2752136445877582,0.2799258027864443,0.3059794916138394,0.23672539125844416,0.31065428606253,0.2651420095548971,0.3097421745924551,0.31249702673990887,0.28623901972647314,0.29520103664400754,0.3156895437923104,0.30699376296843905,0.30507723568534695,0.27261554452526526,0.34274652958536966
0.32408773543161173,1.0,0.23979328835322955,0.27076508545646916,0.3464944984496644,0.5333985377588999,0.34313937430343044,0.2786126748173595,0.29660383471588825,0.28261572880525554,0.4190309435603543,0.2821362623245254,0.4008942704342434,0.2720869479773994,0.25370288941948127,0.33870497251336706,0.37542280737977407,0.41517876583512003,0.3506377005622495,0.34676973126000077,0.3976008675990521,0.3723388071371605,0.4081646725414336,0.4803837212150238,0.44778076512898746,0.3330546160295297,0.40929247378815536,0.27441901527617896,0.30568228334683123,0.30441845940745627,0.25814984457224044,0.38831320063492336,0.0,0.3983013983689261,0.5566166544492565,0.2669025806368449,0.322090690268244,0.41142851780124323,0.2285117442976189,0.41256860114624894,0.2627951642006692,0.47036781810946016,0.4188886808342628,0.28408902501267186,0.28610369191035234,0.28484348612809474,0.48669852580076356,0.48665725674137494,0.27995650663672744,0.3059065575091493
0.26180569182991664,0.23979328835322955,1.0,0.20847726957853574,0.199955448611711,0.21894912869348393,0.22707782728507597,0.21500777636758794,0.2526270118854047,0.21822011557531706,0.23764755542141713,0.20870688045412578,0.2262769353700822,0.21306844816453507,0.1991884138800536,0.22587776473523447,0.18486952805449308,0.2304223294455795,0.19379658581708215,0.2287736891448806,0.2244907235102125,0.21098153187355206,0.22945893788974014,0.2028845469816125,0.1890433393253823,0.16161902659588612,0.22867180671448162,0.21332436137682187,0.2573754739608416,0.25436748832397416,0.19977534067434455,0.21793171982920656,0.0,0.2272086713617062,0.21878928074189996,0.21675185614253278,0.21230857097740263,0.22464956087827204,0.17978399063104045,0.23499250243789815,0.20693712785951257,0.23087673718821067,0.23500235850983153,0.21718374981634214,0.21297193126386615,0.23622798195264683,0.23589785855206458,0.23492899369791953,0.21545643823914207,0.2589103124135145
0.27957630310167036,0.27076508545646916,0.20847726957853574,1.0,0.29423597998914064,0.26738321415933886,0.2524680669956946,0.5117854507669681,0.30688170811636273,0.5356040123432144,0.26247971137550874,0.5002382493345087,0.2847799232063616,0.54882213368108,0.5662749232708597,0.2685648911762485,0.25523040657271245,0.26328964660656273,0.22632008383107205,0.2527771950901735,0.2537538408710803,0.23662587737829222,0.26918887155909266,0.2723395204295145,0.2658099809329403,0.23205539678623643,0.2591734073542008,0.5154284660976468,0.303487324904948,0.29008879373825647,0.5113019743191269,0.29315384352112195,0.0,0.2545239966372913,0.25673578079384085,0.41282898657377687,0.2526713494462919,0.25177574542488557,0.38296577084209793,0.2558136165057975,0.5407126091785599,0.26671806524661124,0.2635513384696748,0.5291633520394974,0.5231210618432126,0.30081615885005775,0.261573993854994,0.26159291801107154,0.4471117404453403,0.3107400522867022
0.2730386258989098,0.3464944984496644,0.199955448611711,0.29423597998914064,1.0,0.36335960071533524,0.29069301840358386,0.2755890636756222,0.3135079801917401,0.2893257744438432,0.44188381418110123,0.2415313351059294,0.4525316314482204,0.26017156934771857,0.2929538342557626,0.33410036043955205,0.35857978134040014,0.37365596621049635,0.324345821239321,0.292693175279252,0.3824610513915905,0.3420143538758377,0.3827069759984264,0.3815797466282669,0.37317098455319464,0.3319217660334234,0.38203309439932265,0.22648199658754353,0.2622910694430073,0.2975442686684938,0.27600114395726105,0.4404694385976138,0.0,0.38250450105310063,0.35596882281717757,0.22420122833507306,0.3122544138342759,0.4127574482388835,0.2893170407529654,0.39420821645228177,0.28619075145632666,0.3705001303010925,0.40675149381288467,0.24845037083266353,0.2512188394970335,0.24765828035141102,0.37389097259676585,0.37314565094749286,0.2349544036182326,0.26681727551486
0.3032228066575533,0.5333985377588999,0.21894912869348393,0.26738321415933886,0.36335960071533524,1.0,0.3519822111476246,0.28090323647789706,0.29237067092089597,0.2667285493485402,0.413789955753775,0.2699684111007402,0.3930211848560937,0.2665222576927744,0.2543685462657116,0.36155316932954684,0.39981095385535503,0.40196053198178483,0.35240224939647935,0.34108501981554495,0.38243126946895456,0.41647282101707594,0.3982279367236694,0.4993136814961999,0.4834596974779688,0.3712371298100374,0.3783562156875919,0.25814061877072114,0.29078587912466414,0.29346894903720455,0.25105983994748304,0.4000290812488768,0.0,0.3876735684487279,0.5375174853582001,0.26283053355811803,0.33433630283315285,0.3869772163958862,0.23780760519448874,0.39149295635629733,0.25830583251443684,0.45176898310669633,0.3970844073573915,0.2690772614252974,0.2681901469896748,0.27665334632257965,0.4529634630196586,0.45391256442612216,0.25763306230168714,0.2948875363429978
0.29772959958396483,0.34313937430343044,0.22707782728507597,0.2524680669956946,0.29069301840358386,0.3519822111476246,1.0,0.25408349726351875,0.29092033976893683,0.2554973825141774,0.35288448177924725,0.249481168834375,0.34264961568176644,0.2576931959421329,0.23856981056812254,0.7334840027655665,0.2848055556490231,0.38945826158560215,0.32580586192175864,0.8640733018261727,0.38407694451195096,0.3518952727423412,0.3851242259786044,0.3079172876574078,0.2895746237354423,0.25624022545237646,0.35298624217532126,0.2490004503907639,0.2871850649285246,0.29362929332288723,0.23571119643680172,0.3358857481764136,0.0,0.35213275203672,0.35283618457895727,0.2662809956239046,0.7656029022799077,0.3334849519685368,0.22802872412945685,0.34967242962556366,0.23803684124219848,0.34976068195598886,0.35507135692505454,0.25344165793244233,0.2529892713525389,0.27086592636952267,0.3486763873917149,0.34811211545964704,0.24883877232836815,0.2967447195535613
0.28646723494358683,0.2786126748173595,0.21500777636758794,0.5117854507669681,0.2755890636756222,0.28090323647789706,0.25408349726351875,1.0,0.29917547134481226,0.5133351518878945,0.2641106378306909,0.4771214128041994,0.28374347326799576,0.4858648639146096,0.47567294391605375,0.2706047384348593,0.2539349330395273,0.26865076045648284,0.2293221015147161,0.25383511679698234,0.2545846998930491,0.2443220403570876,0.2684785244165703,0.28502587234618204,0.2665532379692567,0.23925897467244084,0.2621515623418459,0.6652524501782634,0.3103917869187949,0.29068323358434733,0.4736324977367097,0.2831176307942992,0.0,0.26230820456601056,0.2653116316122547,0.40623882246477383,0.24891570332078483,0.2692737735216959,0.37952937096893213,0.2653564996898842,0.4955476962126818,0.26998768647169447,0.2686204455172281,0.6882904614242682,0.6633137260495545,0.2968576457844734,0.26676915209475205,0.26548999163282005,0.4397056575844642,0.30870985086607694
0.3857744911001624,0.29660383471588825,0.2526270118854047,0.30688170811636273,0.3135079801917401,0.29237067092089597,0.29092033976893683,0.29917547134481226,1.0,0.3174670600830193,0.30002403846325865,0.2737870601364131,0.3285497794295913,0.2937700007287407,0.3022203621898132,0.3149194330647336,0.2578692242602676,0.298521223680981,0.24840569973100113,0.2940417564252472,0.2884202464595499,0.2633998613522701,0.29443329579560296,0.2918594517656834,0.27518668561209725,0.24171968294276402,0.29974368124519446,0.271561055150761,0.3279215723603591,0.41620301030575557,0.2914497793406834,0.3055071051480829,0.0,0.28614736279520236,0.29049327700738126,0.27625862742929697,0.2900351059014633,0.28233866190241397,0.23830541309641362,0.2967423688476878,0.29896569433570463,0.30125034731820166,0.30584841786712325,0.2818078965988905,0.27911135177520485,0.31245313312698353,0.2977164571281,0.29716274408238885,0.27120115157722224,0.3401771794306967
0.29062123240042315,0.28261572880525554,0.21822011557531706,0.5356040123432144,0.2893257744438432,0.2667285493485402,0.2554973825141774,0.5133351518878945,0.3174670600830193,1.0,0.2691968973021802,0.4747485573915643,0.2940993174377263,0.5095264137631826,0.5084681875561995,0.27186345946540247,0.23680414420769036,0.2679757832257842,0.22205251160458228,0.25714086832123884,0.2549577311023091,0.23606310021564847,0.260272708402593,0.26492690446438516,0.25321299592882784,0.22071608760150596,0.26528526271381825,0.49400402132246746,0.3164841627153647,0.3004125765396758,0.5270937011298718,0.27739896279604737,0.0,0.25720705466646254,0.2596965751883953,0.4180264376347228,0.25467057580572805,0.2566802990656841,0.3971160039054653,0.2652476929082399,0.5391604103573755,0.2698643095584621,0.2648225890463938,0.5058859617655238,0.5061759662935309,0.2999875777647124,0.26914399072221984,0.26798888542254373,0.46344922477818973,0.3107024920530419
0.31373629736027786,0.4190309435603543,0.23764755542141713,0.26247971137550874,0.44188381418110123,0.413789955753775,0.35288448177924725,0.2641106378306909,0.30002403846325865,0.2691968973021802,1.0,0.26612506158454474,0.5093161531812803,0.2680695756277802,0.25552905078225663,0.3542416654311056,0.3333801794388812,0.4764070117315249,0.4206326192828381,0.3546380060557197,0.4753133107216789,0.4753382611128516,0.4824923304150516,0.3843159390764104,0.33620220183756055,0.3048893960298624,0.49228236515082124,0.267643259315701,0.30340904260494406,0.30414536457038954,0.25084815550319206,0.4416270019432058,0.0,0.47416363573127496,0.41993582887158276,0.27024073546926564,0.3318479856129819,0.47235147842966374,0.23194897116718494,0.5085983188140086,0.25535111064304683,0.4409086900813961,0.4995283423237089,0.26997392609059656,0.2693308657566784,0.28458328514111464,0.4318405887182498,0.42945819814666597,0.26829082433245466,0.3093114784768518
0.28874849113532053,0.2821362623245254,0.20870688045412578,0.5002382493345087,0.2415313351059294,0.2699684111007402,0.249481168834375,0.4771214128041994,0.2737870601364131,0.4747485573915643,0.26612506158454474,1.0,0.26294342576055196,0.4902904870533439,0.5855866075714146,0.25287982102724715,0.2484184510865468,0.25787102870328626,0.22678846888619586,0.24694973796016695,0.25433783570063584,0.24490478661401371,0.2598359752206969,0.26949113753274756,0.25450427060882785,0.23255901954165714,0.25720505080362066,0.47580235515872393,0.30766768270124434,0.2797723825444832,0.4410448675156392,0.2676488808772062,0.0,0.2558899149459537,0.2640376654785468,0.39995103891890327,0.2349149371364173,0.258366229875969,0.3790037950312528,0.2585935576382291,0.4670484279150915,0.263515925788779,0.2645915570605708,0.4953192067572616,0.4932154850033317,0.297261270741053,0.2683884623125762,0.2672301239504339,0.4297005624205058,0.30313941669026945
0.305373389699528,0.4008942704342434,0.2262769353700822,0.2847799232063616,0.4525316314482204,0.3930211848560937,0.34264961568176644,0.28374347326799576,0.3285497794295913,0.2940993174377263,0.5093161531812803,0.26294342576055196,1.0,0.2699890566113039,0.28410149562995723,0.36687725218846845,0.34228699298786225,0.48498193940631684,0.48411609503597075,0.34688690956073376,0.5013715541311987,0.5238017316919195,0.5381815734209741,0.3876072059443637,0.34951095280685784,0.31465988843628157,0.5341154353212971,0.2573562605327704,0.29871286527435215,0.3288978174958148,0.2730895493814679,0.512868791794902,0.0,0.5394759392424924,0.4080138249565165,0.25654833437165825,0.3527543124776156,0.4957360377437233,0.22793482688915856,0.5331662920117561,0.28168139677406856,0.42682198064518806,0.5217169461769017,0.26532879999263936,0.2639172941048147,0.27428447546673806,0.423265967325415,0.4203561639439021,0.2611170793321477,0.30398018341241206
0.2834954242659208,0.2720869479773994,0.21306844816453507,0.54882213368108,0.26017156934771857,0.2665222576927744,0.2576931959421329,0.4858648639146096,0.2937700007287407,0.5095264137631826,0.2680695756277802,0.4902904870533439,0.2699890566113039,1.0,0.5335396322929679,0.25841983029502125,0.22883913419291702,0.26824227782249166,0.22857310457979552,0.2589042495996151,0.2550042354376906,0.24347058430326274,0.26910535541203306,0.24226930787537182,0.23085294087828823,0.2015681198839624,0.26389735007163106,0.5115327338559241,0.310501975654076,0.28067129959464554,0.501353149877189,0.2656857732448684,0.0,0.25751344182891034,0.2602284559527763,0.4157697278639111,0.24518452898073773,0.25994855715692167,0.38564782175617496,0.26229617611840017,0.5199322712091627,0.2690765927247636,0.26890538376425543,0.5159586410386288,0.5088640565793456,0.30464252122205315,0.2670117327477638,0.26755082402079944,0.4555601126941916,0.31698975346927194
0.2601383822615274,0.25370288941948127,0.1991884138800536,0.5662749232708597,0.2929538342557626,0.2543685462657116,0.23856981056812254,0.47567294391605375,0.3022203621898132,0.5084681875561995,0.25552905078225663,0.5855866075714146,0.28410149562995723,0.5335396322929679,1.0,0.26064512138364493,0.24284432962166091,0.25022759484353085,0.21136660758057013,0.23975339524702965,0.2419850201843592,0.22294655098623217,0.25324673843804746,0.2613405748359372,0.24599484431734742,0.21516871230272228,0.2497215752207802,0.46230449888355307,0.29085399905795817,0.2820083803265768,0.50328682314187,0.27637365281970705,0.0,0.24299929398939524,0.24738544802655305,0.392505350607549,0.2429087432241771,0.2434205108533839,0.3779802105162825,0.24761176004481733,0.5297717525427059,0.2598220717621754,0.2555045829216631,0.4802899414313654,0.4757341406206306,0.28834841088308016,0.2578856259584954,0.25762916116346957,0.424197474237743,0.30398226114104465
0.29370840575717494,0.33870497251336706,0.22587776473523447,0.2685648911762485,0.33410036043955205,0.36155316932954684,0.7334840027655665,0.2706047384348593,0.3149194330647336,0.27186345946540247,0.3542416654311056,0.25287982102724715,0.36687725218846845,0.25841983029502125,0.26064512138364493,1.0,0.29870223110458516,0.3673323912730929,0.3205478500560416,0.7354554622012313,0.3615223349728093,0.35028017974977255,0.3674559866502246,0.33828124327191367,0.32620256283166094,0.28942595677575744,0.3411890438358043,0.24906794849356084,0.2840193416726934,0.3137113564297499,0.2527177302914341,0.3562489086143297,0.0,0.33979249827056834,0.34830426525176594,0.25671819855518774,0.7137998624387263,0.3327898074433181,0.22005231127329505,0.3389675163803093,0.2570215650805,0.3448495305610886,0.35014024907023045,0.25310229068874013,0.2527492166482548,0.2671010923998235,0.3426813192497553,0.3409287290606051,0.24585769311245775,0.2913580071582069
0.2805084426761989,0.37542280737977407,0.18486952805449308,0.25523040657271245,0.35857978134040014,0.39981095385535503,0.2848055556490231,0.2539349330395273,0.2578692242602676,0.23680414420769036,0.3333801794388812,0.2484184510865468,0.34228699298786225,0.22883913419291702,0.24284432962166091,0.29870223110458516,1.0,0.32102982543217373,0.28365987916845314,0.2838872501084304,0.317055131839852,0.30261341353751314,0.3383038688521882,0.5383101269723056,0.5548701741520269,0.5870687905957386,0.3187162353739864,0.21484886374081558,0.2404644172478606,0.2590211491664881,0.2219275655357772,0.42524594528648774,0.0,0.3402753721846604,0.39789422006591313,0.21748042306758175,0.28975979259914375,0.32009085682006266,0.21070764408877718,0.33396518619563,0.23209054748367908,0.3702828265877579,0.3328086850986335,0.25740016213391215,0.25696897738445024,0.23266683651841114,0.39902044952557647,0.3904840772260484,0.21357769331046572,0.25150712688666776
0.3112139305640417,0.41517876583512003,0.2304223294455795,0.26328964660656273,0.37365596621049635,0.40196053198178483,0.38945826158560215,0.26865076045648284,0.298521223680981,0.2679757832257842,0.4764070117315249,0.25787102870328626,0.48498193940631684,0.26824227782249166,0.25022759484353085,0.3673323912730929,0.32102982543217373,1.0,0.4587532591702932,0.3902057739840731,0.5171798877620328,0.47676077690131036,0.5248921964102694,0.35841529293380336,0.3232474214230453,0.28862194063601154,0.5006895302201633,0.26454494023309205,0.3051980510952077,0.3121799770967173,0.2510236377929488,0.44636616586972266,0.0,0.4735539492169495,0.4134848779506496,0.274671281520522,0.3661581632332839,0.4554719651687881,0.23109154700903378,0.4975919492151276,0.25375061521452935,0.42907921722804987,0.49609964974632004,0.2664309580576065,0.2652524534501489,0.2815479688974505,0.4271966566297084,0.42500082341115875,0.26458126665763015,0.3091231900414261
0.263770886930198,0.3506377005622495,0.19379658581708215,0.22632008383107205,0.324345821239321,0.35240224939647935,0.32580586192175864,0.2293221015147161,0.24840569973100113,0.22205251160458228,0.4206326192828381,0.22678846888619586,0.48411609503597075,0.22857310457979552,0.21136660758057013,0.3205478500560416,0.28365987916845314,0.4587532591702932,1.0,0.32356026666831217,0.44453260092006297,0.5004264149853959,0.4511554377646275,0.3138673191437241,0.29051834688427536,0.25249017929647544,0.45445249617874806,0.2261716936211141,0.2523438858740794,0.2591736361700556,0.21272525922543917,0.44163552295657127,0.0,0.4423957500600103,0.358148879248571,0.23543131572457066,0.30614321689973956,0.42681784060332206,0.19564997171156395,0.44923293244717555,0.2130595566680712,0.36186264018226755,0.4306352513691055,0.23226834867934143,0.23284866347274746,0.24203131687644353,0.35801228644759653,0.35854343724417825,0.22356245593314716,0.26078255357508306
0.299500863528566,0.34676973126000077,0.2287736891448806,0.2527771950901735,0.292693175279252,0.34108501981554495,0.8640733018261727,0.25383511679698234,0.2940417564252472,0.25714086832123884,0.3546380060557197,0.24694973796016695,0.34688690956073376,0.2589042495996151,0.23975339524702965,0.7354554622012313,0.2838872501084304,0.3902057739840731,0.32356026666831217,1.0,0.3856554862284285,0.3447983797796462,0.3853228634678283,0.30484130649617847,0.2869102255004997,0.25361407627361054,0.3566545223527692,0.250197349968993,0.29083322344239493,0.29703449994648656,0.2370953082720667,0.33552423484425176,0.0,0.35244197372098907,0.3518698235804939,0.26436181194046193,0.7599668242408727,0.3371807167458558,0.22049453741622127,0.35453654249450184,0.2406418176882863,0.35302370852212783,0.36062286899105445,0.2525441041203107,0.2517927550584603,0.27377257793865406,0.35255917336026865,0.35199494517009633,0.25230618296443774,0.299652993213238
0.2949566569380513,0.3976008675990521,0.2244907235102125,0.2537538408710803,0.3824610513915905,0.38243126946895456,0.38407694451195096,0.2545846998930491,0.2884202464595499,0.2549577311023091,0.4753133107216789,0.25433783570063584,0.5013715541311987,0.2550042354376906,0.2419850201843592,0.3615223349728093,0.317055131839852,0.5171798877620328,0.44453260092006297,0.3856554862284285,1.0,0.48365296770872546,0.5361105696876681,0.34940002213963994,0.31903597345936663,0.28995502435135323,0.5081588311994284,0.2545965576972773,0.28807894837385173,0.30199875309203095,0.24086322789246561,0.4605033095558435,0.0,0.5001659045452245,0.40528947189268205,0.2625309332127249,0.3629913890258897,0.4695124714571608,0.22028234782337752,0.5097931489858263,0.24689339842917546,0.40624691156082615,0.5039899840183392,0.25503691632784764,0.2555424307172305,0.2771219480271392,0.4222461356028385,0.4199346163316052,0.2548005690975873,0.2958147930924999
0.28292187584154493,0.3723388071371605,0.21098153187355206,0.23662587737829222,0.3420143538758377,0.41647282101707594,0.3518952727423412,0.2443220403570876,0.2633998613522701,0.23606310021564847,0.4753382611128516,0.24490478661401371,0.5238017316919195,0.24347058430326274,0.22294655098623217,0.35028017974977255,0.30261341353751314,0.47676077690131036,0.5004264149853959,0.3447983797796462,0.48365296770872546,1.0,0.6464563962915566,0.34580610201049766,0.3193520594530086,0.28359285767914344,0.48905912301244037,0.24461049171257576,0.27248793860156084,0.2775876790622607,0.22235788440705484,0.46077263267004664,0.0,0.6024336109422105,0.37774479815011486,0.24719502458419207,0.32395529233359543,0.4706343233469976,0.2058311797367276,0.4948433341551738,0.22344064062655322,0.3839469217110122,0.47660338304929994,0.2451219894739477,0.2429437076907256,0.263062635885309,0.383050860143743,0.38062398752846704,0.2411408640784023,0.280407136925537
0.309291742881615,0.4081646725414336,0.22945893788974014,0.26918887155909266,0.3827069759984264,0.3982279367236694,0.3851242259786044,0.2684785244165703,0.29443329579560296,0.260272708402593,0.4824923304150516,0.2598359752206969,0.5381815734209741,0.26910535541203306,0.25324673843804746,0.3674559866502246,0.3383038688521882,0.5248921964102694,0.4511554377646275,0.3853228634678283,0.5361105696876681,0.6464563962915566,1.0,0.35448110856420134,0.33023499095916375,0.285751620457684,0.5254609429385748,0.2655877334872714,0.30020892527003307,0.3009804835528408,0.24870944208540802,0.48174024722031683,0.0,0.6333674119476829,0.4068091382887059,0.2716885151853746,0.36295126390113197,0.48038243115431967,0.2313992147038184,0.5210366165045917,0.2545615463188172,0.4153953809163228,0.519157753269551,0.2688664142931797,0.2677202602115605,0.2831912941040986,0.41809474853274764,0.4189487767651805,0.26459227261887164,0.3070092972575732
0.2968809890488734,0.4803837212150238,0.2028845469816125,0.2723395204295145,0.3815797466282669,0.4993136814961999,0.3079172876574078,0.28502587234618204,0.2918594517656834,0.26492690446438516,0.3843159390764104,0.26949113753274756,0.3876072059443637,0.24226930787537182,0.2613405748359372,0.33828124327191367,0.5383101269723056,0.35841529293380336,0.3138673191437241,0.30484130649617847,0.34940002213963994,0.34580610201049766,0.35448110856420134,1.0,0.6072449551215264,0.5472622226249466,0.35559219144022114,0.23428051276300055,0.25506536958280246,0.29186456390698257,0.24422990307339842,0.41697866911958825,0.0,0.3617485996350842,0.5080821044712276,0.23619511855041786,0.30903728247716056,0.3503877149029475,0.21409763206821053,0.36323924231550997,0.25551984096473435,0.4206702801466864,0.3642505542372094,0.26889804644113147,0.2706635322433706,0.248963893664092,0.42583142196821755,0.4163559735588189,0.23081333380197544,0.2671100922630829
0.2837345032541958,0.44778076512898746,0.1890433393253823,0.2658099809329403,0.37317098455319464,0.4834596974779688,0.2895746237354423,0.2665532379692567,0.27518668561209725,0.25321299592882784,0.33620220183756055,0.25450427060882785,0.34951095280685784,0.23085294087828823,0.24599484431734742,0.32620256283166094,0.5548701741520269,0.3232474214230453,0.29051834688427536,0.2869102255004997,0.31903597345936663,0.3193520594530086,0.33023499095916375,0.6072449551215264,1.0,0.589094783170699,0.31827368022684577,0.21552110456238138,0.24008377558708083,0.26957683723044823,0.23576125322350006,0.4324987099756811,0.0,0.3321675693644588,0.46916580897597226,0.218552631822319,0.2991119340940196,0.3306484832561909,0.20722263662333185,0.3328210781305979,0.24344724459240308,0.37992573460897117,0.3382280603393977,0.2639782602968017,0.2597696888438481,0.2373621278339817,0.39222712941674487,0.385153628187905,0.22388085498611454,0.24917468796994457
0.2541215031847186,0.3330546160295297,0.16161902659588612,0.23205539678623643,0.3319217660334234,0.3712371298100374,0.25624022545237646,0.23925897467244084,0.24171968294276402,0.22071608760150596,0.3048893960298624,0.23255901954165714,0.31465988843628157,0.2015681198839624,0.21516871230272228,0.28942595677575744,0.5870687905957386,0.28862194063601154,0.25249017929647544,0.25361407627361054,0.28995502435135323,0.28359285767914344,0.285751620457684,0.5472622226249466,0.589094783170699,1.0,0.28370404013944217,0.189307801280014,0.2113262108659083,0.23921102458579324,0.2059469147054115,0.3785860674324699,0.0,0.2952440232082182,0.36268878321210685,0.19229344437885965,0.2663068122659763,0.28806899755309023,0.1886573122224796,0.30351382351411427,0.2115556604988713,0.33730297317129054,0.2916098442295664,0.23926131829786224,0.23290030044356247,0.20246262443267493,0.35682324099890095,0.34220212039998354,0.19543666035092178,0.22019773026203204
0.30452010957269726,0.40929247378815536,0.22867180671448162,0.2591734073542008,0.38203309439932265,0.3783562156875919,0.35298624217532126,0.2621515623418459,0.29974368124519446,0.26528526271381825,0.49228236515082124,0.25720505080362066,0.5341154353212971,0.26389735007163106,0.2497215752207802,0.3411890438358043,0.3187162353739864,0.5006895302201633,0.45445249617874806,0.3566545223527692,0.5081588311994284,0.48905912301244037,0.5254609429385748,0.35559219144022114,0.31827368022684577,0.28370404013944217,1.0,0.2586414499573604,0.2971206694972588,0.3049496131787345,0.24868702441103108,0.47549054932708135,0.0,0.51089343486871,0.4028973518000536,0.2633857878103111,0.3336911968811823,0.5746619224218874,0.2188357810688869,0.5411508412061166,0.25336820336935184,0.4191996470335325,0.6125855956330415,0.2658915648870922,0.26150821929091916,0.2827233137411759,0.4168263842381684,0.4144070601306654,0.2614458152058091,0.30098488562438475
0.27760937596028423,0.27441901527617896,0.21332436137682187,0.5154284660976468,0.22648199658754353,0.25814061877072114,0.2490004503907639,0.6652524501782634,0.271561055150761,0.49400402132246746,0.267643259315701,0.47580235515872393,0.2573562605327704,0.5115327338559241,0.46230449888355307,0.24906794849356084,0.21484886374081558,0.26454494023309205,0.2261716936211141,0.250197349968993,0.2545965576972773,0.24461049171257576,0.2655877334872714,0.23428051276300055,0.21552110456238138,0.189307801280014,0.2586414499573604,1.0,0.31140492353813853,0.2738984119046798,0.4646649356701714,0.25555033790766124,0.0,0.2548303046574092,0.25356516294633413,0.40877718935665763,0.23310323115737397,0.2604125545179271,0.37534669005667454,0.2583339802832203,0.4783943601652896,0.26215083783474635,0.2609264823664613,0.7815242494368345,0.7520414868328528,0.2941924071505708,0.2616511348812087,0.2607927446813796,0.4592953969542035,0.3017155076484592
0.34439875436766443,0.30568228334683123,0.2573754739608416,0.303487324904948,0.2622910694430073,0.29078587912466414,0.2871850649285246,0.3103917869187949,0.3279215723603591,0.3164841627153647,0.30340904260494406,0.30766768270124434,0.29871286527435215,0.310501975654076,0.29085399905795817,0.2840193416726934,0.2404644172478606,0.3051980510952077,0.2523438858740794,0.29083322344239493,0.28807894837385173,0.27248793860156084,0.30020892527003307,0.25506536958280246,0.24008377558708083,0.2113262108659083,0.2971206694972588,0.31140492353813853,1.0,0.3221294243571545,0.2943269112454584,0.2913543397169024,0.0,0.29004775272349403,0.2879416846839681,0.3039177227296478,0.2751651785316427,0.2872071880896624,0.2566854115145577,0.302467581519841,0.29389451343936,0.2953766509914343,0.29918523049447565,0.3057322986210632,0.3074871934266544,0.3978607032751167,0.29948380565352983,0.29815076686588216,0.3027894324924276,0.6132925821289853
0.37786749790688556,0.30441845940745627,0.25436748832397416,0.29008879373825647,0.2975442686684938,0.29346894903720455,0.29362929332288723,0.29068323358434733,0.41620301030575557,0.3004125765396758,0.30414536457038954,0.2797723825444832,0.3288978174958148,0.28067129959464554,0.2820083803265768,0.3137113564297499,0.2590211491664881,0.3121799770967173,0.2591736361700556,0.29703449994648656,0.30199875309203095,0.2775876790622607,0.3009804835528408,0.29186456390698257,0.26957683723044823,0.23921102458579324,0.3049496131787345,0.2738984119046798,0.3221294243571545,1.0,0.2770509645028951,0.30076159085127807,0.0,0.29574009970826887,0.2981868108934381,0.2761729454134769,0.2897404851147417,0.2944785215274195,0.23291168964598552,0.3131219730301059,0.28371265970572734,0.31002032915794464,0.31076947999110216,0.2815893158125691,0.27752919134355003,0.3212719041088662,0.30888854623677964,0.30815704594487947,0.27413387651206345,0.3362788207987175
0.26280646373948047,0.25814984457224044,0.19977534067434455,0.5113019743191269,0.27600114395726105,0.25105983994748304,0.23571119643680172,0.4736324977367097,0.2914497793406834,0.5270937011298718,0.25084815550319206,0.4410448675156392,0.2730895493814679,0.501353149877189,0.50328682314187,0.2527177302914341,0.2219275655357772,0.2510236377929488,0.21272525922543917,0.2370953082720667,0.24086322789246561,0.22235788440705484,0.24870944208540802,0.24422990307339842,0.23576125322350006,0.2059469147054115,0.24868702441103108,0.4646649356701714,0.2943269112454584,0.2770509645028951,1.0,0.26490525580398616,0.0,0.24767973337531235,0.24599517107868085,0.3919055497350882,0.23581012189808537,0.24126895231993628,0.3620467833233306,0.24621754227402426,0.6686744942476304,0.2538467648032,0.2517660151174721,0.474425295398997,0.46909851315140805,0.2821335316612671,0.25340714482740667,0.252564649337095,0.4242148004853896,0.29140618652426287
0.3061878065188457,0.38831320063492336,0.21793171982920656,0.29315384352112195,0.4404694385976138,0.4000290812488768,0.3358857481764136,0.2831176307942992,0.3055071051480829,0.27739896279604737,0.4416270019432058,0.2676488808772062,0.512868791794902,0.2656857732448684,0.27637365281970705,0.3562489086143297,0.42524594528648774,0.44636616586972266,0.44163552295657127,0.33552423484425176,0.4605033095558435,0.46077263267004664,0.48174024722031683,0.41697866911958825,0.4324987099756811,0.3785860674324699,0.47549054932708135,0.25555033790766124,0.2913543397169024,0.30076159085127807,0.26490525580398616,1.0,0.0,0.47199364649079345,0.390752943354004,0.24799764591419926,0.34306851018032325,0.46815639128469466,0.22163013026703293,0.4882845970439197,0.2705203125616913,0.4000938185296624,0.48585865524828087,0.2719076140325192,0.27624119845559447,0.2726255502661403,0.4091192410932315,0.40570861975220207,0.24801208480314707,0.2873777227196217
0.0,0.0,0.0,0.0,0.0,0.0,0.0,0.0,0.0,0.0,0.0,0.0,0.0,0.0,0.0,0.0,0.0,0.0,0.0,0.0,0.0,0.0,0.0,0.0,0.0,0.0,0.0,0.0,0.0,0.0,0.0,0.0,1.0,0.0,0.0,0.0,0.0,0.0,0.0,0.0,0.0,0.0,0.0,0.0,0.0,0.0,0.0,0.0,0.0,0.0
0.30365018023646406,0.3983013983689261,0.2272086713617062,0.2545239966372913,0.38250450105310063,0.3876735684487279,0.35213275203672,0.26230820456601056,0.28614736279520236,0.25720705466646254,0.47416363573127496,0.2558899149459537,0.5394759392424924,0.25751344182891034,0.24299929398939524,0.33979249827056834,0.3402753721846604,0.4735539492169495,0.4423957500600103,0.35244197372098907,0.5001659045452245,0.6024336109422105,0.6333674119476829,0.3617485996350842,0.3321675693644588,0.2952440232082182,0.51089343486871,0.2548303046574092,0.29004775272349403,0.29574009970826887,0.24767973337531235,0.47199364649079345,0.0,1.0,0.402804127814378,0.2701276501816666,0.3301070106357823,0.4879575978845472,0.2341812616793384,0.5144627057979537,0.2479627672958976,0.4065921518729694,0.5098984427492941,0.2594404599220872,0.2634063784592816,0.2713141466554384,0.4169859928385369,0.41500619168053243,0.2553237436143657,0.2951999559918751
0.3043160398082779,0.5566166544492565,0.21878928074189996,0.25673578079384085,0.35596882281717757,0.5375174853582001,0.35283618457895727,0.2653116316122547,0.29049327700738126,0.2596965751883953,0.41993582887158276,0.2640376654785468,0.4080138249565165,0.2602284559527763,0.24738544802655305,0.34830426525176594,0.39789422006591313,0.4134848779506496,0.358148879248571,0.3518698235804939,0.40528947189268205,0.37774479815011486,0.4068091382887059,0.5080821044712276,0.46916580897597226,0.36268878321210685,0.4028973518000536,0.25356516294633413,0.2879416846839681,0.2981868108934381,0.24599517107868085,0.390752943354004,0.0,0.402804127814378,1.0,0.25916453050609,0.33341210612614947,0.38904307982780717,0.228137070312593,0.40901777143937823,0.2517524912482052,0.47477182931626405,0.4198118214484846,0.26169505666984294,0.2634241310281976,0.2706506022259584,0.4768222769972764,0.47275225513490315,0.25741750047733214,0.2905241781250367
0.2752136445877582,0.2669025806368449,0.21675185614253278,0.41282898657377687,0.22420122833507306,0.26283053355811803,0.2662809956239046,0.40623882246477383,0.27625862742929697,0.4180264376347228,0.27024073546926564,0.39995103891890327,0.25654833437165825,0.4157697278639111,0.392505350607549,0.25671819855518774,0.21748042306758175,0.274671281520522,0.23543131572457066,0.26436181194046193,0.2625309332127249,0.24719502458419207,0.2716885151853746,0.23619511855041786,0.218552631822319,0.19229344437885965,0.2633857878103111,0.40877718935665763,0.3039177227296478,0.2761729454134769,0.3919055497350882,0.24799764591419926,0.0,0.2701276501816666,0.25916453050609,1.0,0.2491251962208596,0.25012998912585505,0.3708495247755318,0.265077422499685,0.4001685310454002,0.2676527365640645,0.2638448423851666,0.4140153701028675,0.41326053238322835,0.28922586809099804,0.26064385167537274,0.2603166463099129,0.4076004545067774,0.30794977457292894
0.2799258027864443,0.322090690268244,0.21230857097740263,0.2526713494462919,0.3122544138342759,0.33433630283315285,0.7656029022799077,0.24891570332078483,0.2900351059014633,0.25467057580572805,0.3318479856129819,0.2349149371364173,0.3527543124776156,0.24518452898073773,0.2429087432241771,0.7137998624387263,0.28975979259914375,0.3661581632332839,0.30614321689973956,0.7599668242408727,0.3629913890258897,0.32395529233359543,0.36295126390113197,0.30903728247716056,0.2991119340940196,0.2663068122659763,0.3336911968811823,0.23310323115737397,0.2751651785316427,0.2897404851147417,0.23581012189808537,0.34306851018032325,0.0,0.3301070106357823,0.33341210612614947,0.2491251962208596,1.0,0.3168904654140706,0.21358965514340356,0.32260832966955477,0.23874317399484302,0.336452271847123,0.33819808146594965,0.23802548823850156,0.23793791437271639,0.2504242173131239,0.3306989024634198,0.32840772232103077,0.23083159476991055,0.2808178380430617
0.3059794916138394,0.41142851780124323,0.22464956087827204,0.25177574542488557,0.4127574482388835,0.3869772163958862,0.3334849519685368,0.2692737735216959,0.28233866190241397,0.2566802990656841,0.47235147842966374,0.258366229875969,0.4957360377437233,0.25994855715692167,0.2434205108533839,0.3327898074433181,0.32009085682006266,0.4554719651687881,0.42681784060332206,0.3371807167458558,0.4695124714571608,0.4706343233469976,0.48038243115431967,0.3503877149029475,0.3306484832561909,0.28806899755309023,0.5746619224218874,0.2604125545179271,0.2872071880896624,0.2944785215274195,0.24126895231993628,0.46815639128469466,0.0,0.4879575978845472,0.38904307982780717,0.25012998912585505,0.3168904654140706,1.0,0.23851836448735697,0.5092034851245918,0.24816312457419198,0.41045215864258644,0.612546640220432,0.26788523907220163,0.26211115117126627,0.2724756680247059,0.4158939062343101,0.4130539095266572,0.26461823774209636,0.28883474556959154
0.23672539125844416,0.2285117442976189,0.17978399063104045,0.38296577084209793,0.2893170407529654,0.23780760519448874,0.22802872412945685,0.37952937096893213,0.23830541309641362,0.3971160039054653,0.23194897116718494,0.3790037950312528,0.22793482688915856,0.38564782175617496,0.3779802105162825,0.22005231127329505,0.21070764408877718,0.23109154700903378,0.19564997171156395,0.22049453741622127,0.22028234782337752,0.2058311797367276,0.2313992147038184,0.21409763206821053,0.20722263662333185,0.1886573122224796,0.2188357810688869,0.37534669005667454,0.2566854115145577,0.23291168964598552,0.3620467833233306,0.22163013026703293,0.0,0.2341812616793384,0.228137070312593,0.3708495247755318,0.21358965514340356,0.23851836448735697,1.0,0.22587381716215105,0.3719181225440016,0.22772288146038644,0.22491846797979143,0.38430636875995416,0.38713762897872805,0.25229203223187424,0.22906705414769135,0.22777297894163495,0.3640388806156273,0.26420831529424227
0.31065428606253,0.41256860114624894,0.23499250243789815,0.2558136165057975,0.39420821645228177,0.39149295635629733,0.34967242962556366,0.2653564996898842,0.2967423688476878,0.2652476929082399,0.5085983188140086,0.2585935576382291,0.5331662920117561,0.26229617611840017,0.24761176004481733,0.3389675163803093,0.33396518619563,0.4975919492151276,0.44923293244717555,0.35453654249450184,0.5097931489858263,0.4948433341551738,0.5210366165045917,0.36323924231550997,0.3328210781305979,0.30351382351411427,0.5411508412061166,0.2583339802832203,0.302467581519841,0.3131219730301059,0.24621754227402426,0.4882845970439197,0.0,0.5144627057979537,0.40901777143937823,0.265077422499685,0.32260832966955477,0.5092034851245918,0.22587381716215105,1.0,0.2515047236938843,0.42587084221797167,0.5350801829243057,0.2639050155368696,0.2636962823269151,0.2893109379442447,0.43929892001477977,0.4379486974359166,0.2609658051638952,0.31223117292279645
