../ecoli_genomes/GCF_000163235.1_ASM16323v1_genomic.fna.gz,../ecoli_genomes/GCF_000164555.1_ASM16455v1_genomic.fna.gz,../ecoli_genomes/GCF_000208545.1_ASM20854v2_genomic.fna.gz,../ecoli_genomes/GCF_000233875.1_ASM23387v1_genomic.fna.gz,../ecoli_genomes/GCF_000249735.1_ASM24973v2_genomic.fna.gz,../ecoli_genomes/GCF_000261145.1_Esch_coli_M919_V2_genomic.fna.gz,../ecoli_genomes/GCF_000267705.2_ASM26770v2_genomic.fna.gz,../ecoli_genomes/GCF_000350665.1_Esch_coli_KTE5_V1_genomic.fna.gz,../ecoli_genomes/GCF_000351625.1_Esch_coli_KTE66_V1_genomic.fna.gz,../ecoli_genomes/GCF_000352285.1_Esch_coli_KTE46_V1_genomic.fna.gz,../ecoli_genomes/GCF_000358895.1_ASM35889v1_genomic.fna.gz,../ecoli_genomes/GCF_000456385.1_Esch_coli_HVH_26_4-5703913_V1_genomic.fna.gz,../ecoli_genomes/GCF_000458195.1_Esch_coli_HVH_147_4-5893887_V1_genomic.fna.gz,../ecoli_genomes/GCF_000459755.1_Esch_coli_KOEGE_58_171a_V1_genomic.fna.gz,../ecoli_genomes/GCF_000460055.1_Esch_coli_UMEA_3053-1_V1_genomic.fna.gz,../ecoli_genomes/GCF_000462165.2_ASM46216v2_genomic.fna.gz,../ecoli_genomes/GCF_000601135.1_ASM60113v1_genomic.fna.gz,../ecoli_genomes/GCF_000614595.1_Ec2010EL1058_genomic.fna.gz,../ecoli_genomes/GCF_000617745.1_Ec2010C-4529_genomic.fna.gz,../ecoli_genomes/GCF_000618265.2_EcF6751_genomic.fna.gz,../ecoli_genomes/GCF_000619005.2_Ec2009C-4052_genomic.fna.gz,../ecoli_genomes/GCF_000619105.1_Ec2009C-4780_genomic.fna.gz,../ecoli_genomes/GCF_000619765.2_Ec2009C-3279_genomic.fna.gz,../ecoli_genomes/GCF_000687005.1_ASM68700v1_genomic.fna.gz,../ecoli_genomes/GCF_000687025.1_ASM68702v1_genomic.fna.gz,../ecoli_genomes/GCF_000700125.1_ASM70012v1_genomic.fna.gz,../ecoli_genomes/GCF_000753315.1_FHI35_genomic.fna.gz,../ecoli_genomes/GCF_000776375.1_ASM77637v1_genomic.fna.gz,../ecoli_genomes/GCF_000779395.1_ASM77939v1_genomic.fna.gz,../ecoli_genomes/GCF_000780315.1_ASM78031v1_genomic.fna.gz,../ecoli_genomes/GCF_000781995.1_ASM78199v1_genomic.fna.gz,../ecoli_genomes/GCF_000986765.1_ASM98676v1_genomic.fna.gz,../ecoli_genomes/GCF_001041375.1_ViralProj287958_genomic.fna.gz,../ecoli_genomes/GCF_001265335.1_302014_genomic.fna.gz,../ecoli_genomes/GCF_001265625.1_100854_genomic.fna.gz,../ecoli_genomes/GCF_001267345.1_303289_genomic.fna.gz,../ecoli_genomes/GCF_001309985.1_ASM130998v1_genomic.fna.gz,../ecoli_genomes/GCF_001521695.1_ASM152169v1_genomic.fna.gz,../ecoli_genomes/GCF_001592595.1_ASM159259v1_genomic.fna.gz,../ecoli_genomes/GCF_001614975.1_ASM161497v1_genomic.fna.gz,../ecoli_genomes/GCF_001692775.1_ASM169277v1_genomic.fna.gz,../ecoli_genomes/GCF_001748915.1_ASM174891v1_genomic.fna.gz,../ecoli_genomes/GCF_001749235.1_ASM174923v1_genomic.fna.gz,../ecoli_genomes/GCF_001881155.1_ASM188115v1_genomic.fna.gz,../ecoli_genomes/GCF_001881345.1_ASM188134v1_genomic.fna.gz,../ecoli_genomes/GCF_001892405.1_ASM189240v1_genomic.fna.gz,../ecoli_genomes/GCF_001892585.1_ASM189258v1_genomic.fna.gz,../ecoli_genomes/GCF_001893985.1_ASM189398v1_genomic.fna.gz,../ecoli_genomes/GCF_002001595.1_ASM200159v1_genomic.fna.gz,../ecoli_genomes/GCF_002002145.1_ASM200214v1_genomic.fna.gz
1.0,0.38561211982477117,0.31519615042946547,0.343906707128261,0.36010629629261437,0.3706866230530662,0.35705726112817027,0.34630182027504763,0.4424144694882436,0.3553631733633328,0.38548458616641557,0.35096353537771163,0.39112640752371597,0.3334368879315398,0.32681187795971756,0.3637762476738928,0.35727157253895103,0.37239363982187024,0.3674837251826839,0.35741287607701255,0.3538827457288366,0.35463975995895547,0.3789118820213496,0.3683645944426436,0.3590466660891174,0.35737130643645876,0.3723796357828203,0.33006347530220626,0.3896097292212638,0.4326257005552884,0.31381950798263203,0.3755368957506533,0.0,0.37663421117687024,0.37375002175476324,0.32986634792846803,0.3428760211685681,0.3817476121077401,0.2894031364018548,0.3769950571317986,0.32692567597988786,0.3730773061088838,0.38485142087757573,0.34539430545569894,0.3570568776078755,0.36164629721675534,0.37195202248355697,0.3738401770404448,0.32535864880659204,0.39877832395881563
0.38561211982477117,1.0,0.3001194599279139,0.3353136799711067,0.41449921737554274,0.5615286521678873,0.3986215536386343,0.3424132047204441,0.36647476779123844,0.3528317386439075,0.47629826215940396,0.34723065946801257,0.4719385760190288,0.3301836104835676,0.3222813187842314,0.39768287484484466,0.4895530411929515,0.46863741451832486,0.44517354189751424,0.4051212384480942,0.44724269785695336,0.4216346891043312,0.4590866578292051,0.5417883851835372,0.5412644830548505,0.5020670591116485,0.4694882531395329,0.3412204715100706,0.36500652413437307,0.3680540084855676,0.32274664568258793,0.4453740327723522,0.0,0.4508717179369496,0.5848508556385251,0.32723098341148393,0.37821500247706197,0.47702557999478634,0.2832100196335149,0.4726608835125402,0.32337368478897444,0.5105909749743972,0.4777562522479243,0.35243272153548544,0.3493607311608321,0.33892207227975735,0.5204245919489583,0.5208052282967535,0.34968293746149937,0.3686233975610227
0.31519615042946547,0.3001194599279139,1.0,0.25983200329682776,0.2530499317877297,0.2751079433017194,0.27841268774950845,0.26817986754823875,0.3061383685534034,0.27201127168296113,0.297020859251791,0.2666153774736103,0.2909063340167819,0.2642528991491294,0.2565744271727015,0.2794300905427315,0.26836984884830095,0.2872123755569588,0.2739365903069272,0.2834338413846629,0.28161248153857055,0.2686818091143943,0.2908388744497731,0.2696413623134212,0.26745714038151813,0.26583774525052073,0.2912640342070911,0.26792678782063883,0.3053764306983824,0.31115551890755266,0.25148583895628007,0.2717769370335117,0.0,0.2892706207631738,0.2813924313140135,0.26888248568808915,0.26424684181929714,0.2884286548677615,0.22785306607994704,0.2973283577563761,0.25784865803263535,0.2860314841238286,0.296614957111621,0.2731484366116198,0.269303685348933,0.28747684805450024,0.2933336470610233,0.2931225711493166,0.27572935527335574,0.3133759710455739
0.343906707128261,0.3353136799711067,0.25983200329682776,1.0,0.33958253980617803,0.32626911796616265,0.30621411943939403,0.535496904053226,0.3545546628990145,0.566546649746134,0.33118837148656977,0.5496348579179197,0.3523702086947491,0.5789335569852256,0.603364852325199,0.32545374934401594,0.3199232250132398,0.32103759340588656,0.3097353809817208,0.310552100588269,0.3109447175891643,0.30163950464815903,0.3270475708950046,0.3258871755224474,0.3317709273567493,0.3294984188638419,0.32310405446759405,0.5426072820476221,0.3530218615257975,0.3399768676789011,0.5331634416594271,0.3438195139760646,0.0,0.3147030808646831,0.3230695147090523,0.45426670529615754,0.3002314636562654,0.3220570242447319,0.4250560509469825,0.31861598156037585,0.565893028849882,0.31943350346031096,0.32901137832935823,0.5569098758664561,0.5496271232672484,0.342628038073301,0.3194690361397423,0.3205649384169432,0.48908230938697006,0.3663184606204939
0.36010629629261437,0.41449921737554274,0.2530499317877297,0.33958253980617803,1.0,0.42096731659328523,0.3479674594453531,0.3320141073279308,0.3661616619026111,0.3404291279908571,0.5120487707790177,0.3182604554045142,0.5145746149305522,0.31046993056900796,0.3402810575819354,0.3916545531625357,0.4569890691654289,0.42675229991278996,0.4276119216411606,0.35194201260298397,0.4331352548187729,0.4103823651172259,0.4352900837999135,0.4526686241086638,0.4445898253751768,0.47400525774601376,0.4426323265654438,0.287021229348691,0.3241343627713892,0.3526182025969703,0.3099933713399521,0.49528082868947454,0.0,0.43706247966501977,0.42284336886209695,0.295607052429505,0.3552856777103254,0.4573105298884028,0.3032471477995302,0.4545139480134517,0.3337776397957103,0.42051264826395185,0.4680963701432973,0.3096628104579887,0.31716834528234905,0.3028380007163908,0.43144085575814994,0.4348771832180903,0.29678503848353643,0.3252839869134584
0.3706866230530662,0.5615286521678873,0.2751079433017194,0.32626911796616265,0.42096731659328523,1.0,0.39541131590630174,0.3342901316037431,0.35406174419471637,0.3289742449978782,0.449227237176001,0.32186928086085975,0.4582449299526177,0.31736683023839285,0.31552566525267645,0.3971608205934113,0.47265608050534835,0.4487778530103175,0.4486082786112289,0.3932559411090558,0.426326196301973,0.46236642576439546,0.44901289827582536,0.5251949029750123,0.5278929834409155,0.4784246961674741,0.44090220530102187,0.316081306512659,0.356802977230561,0.3471377074383436,0.3073618365500411,0.4419455050918646,0.0,0.45410570459539135,0.5604600563162138,0.3251068631431906,0.38146316358670473,0.44868581111996964,0.29600118678928977,0.44786123778591747,0.3149085524743336,0.4886453523356058,0.4555940389251093,0.3255242805472487,0.3268666828588044,0.3217649407651555,0.498343857989906,0.4999597336790663,0.3217101608096691,0.35541340894858553
0.35705726112817027,0.3986215536386343,0.27841268774950845,0.30621411943939403,0.3479674594453531,0.39541131590630174,1.0,0.3110326115632618,0.3480658055849678,0.31199758779276543,0.4049308566729324,0.3039281387556555,0.39981686406009664,0.30273928663139893,0.2939955132614327,0.7538423932214986,0.3765924851115152,0.43310962398317965,0.4266028281066281,0.8387586091346521,0.425261652268498,0.392656055730612,0.4370767487592302,0.3709144439684493,0.37259963345836034,0.3733807904104851,0.40405551094418135,0.30327232601960874,0.3401253934471754,0.34560967162478073,0.2893429404642196,0.3897326197519758,0.0,0.4063974482024324,0.4042966928888677,0.32318403480603786,0.7772924728216147,0.3872074294622755,0.27849310442551445,0.3979441508266789,0.29007861892567666,0.397339015417581,0.4090904059774847,0.31064424442168403,0.3117664899332395,0.3130644828829481,0.3928325471884725,0.39284811506063466,0.30562989225947845,0.3423972369319045
0.34630182027504763,0.3424132047204441,0.26817986754823875,0.535496904053226,0.3320141073279308,0.3342901316037431,0.3110326115632618,1.0,0.34763713602021573,0.5391342281264017,0.33346757181608055,0.5175096264554495,0.35326022775507593,0.5172009514033897,0.514538793658621,0.3225391560177088,0.3233375957862866,0.32637965796322743,0.32017046168499075,0.31183731794744707,0.31596555998220544,0.30380108421289787,0.3287427290598055,0.33174277064882074,0.3251852428276404,0.3272080587722157,0.32901415918291177,0.6883158136273129,0.3642958302879735,0.33518686179741985,0.5060239927342529,0.33720980320554217,0.0,0.32674346163560275,0.3278288569104464,0.4462714130828145,0.29843773015204256,0.341119631369734,0.4189405972024586,0.3290800642112254,0.5228023801613405,0.3291280056780178,0.34117165922839554,0.7059722863777496,0.685548046534733,0.34135579711565145,0.3240266514901978,0.3244254272854913,0.4870642323903325,0.36923247161760153
0.4424144694882436,0.36647476779123844,0.3061383685534034,0.3545546628990145,0.3661616619026111,0.35406174419471637,0.3480658055849678,0.34763713602021573,1.0,0.36549192685949095,0.37412889162743856,0.3393355322464686,0.3915891700665849,0.3374198226932178,0.3471579888799594,0.36733738930784887,0.35118199966052466,0.36024456281689277,0.3424517180981824,0.35526768437166334,0.3491396548015626,0.3415279745121609,0.3648965138678726,0.3672753039493414,0.35012181512676654,0.36082158851785795,0.363113009933949,0.32349604257153497,0.3751645832903503,0.4614059205107385,0.3304355642315121,0.36652821834006033,0.0,0.35705788903641256,0.3597528032575945,0.3368602578953279,0.33914633037126285,0.356791311444529,0.294073242649341,0.36554291445564513,0.34138829864114717,0.3631816336465842,0.3727343780013471,0.33701442736010034,0.33426701869676934,0.35880971746859147,0.35632543449587517,0.3575163760542035,0.330374529897436,0.38924516218064065
0.3553631733633328,0.3528317386439075,0.27201127168296113,0.566546649746134,0.3404291279908571,0.3289742449978782,0.31199758779276543,0.5391342281264017,0.36549192685949095,1.0,0.3454494362202345,0.5227192345636233,0.35850861031854064,0.5377613627201856,0.5369926843649973,0.3272608504327663,0.3219955386070287,0.3297801113581291,0.3123738599556085,0.31648552078385805,0.3151869805696518,0.3033185361367189,0.32598764867592467,0.3263174316169484,0.3305124173888099,0.33492963993361635,0.33163384402136964,0.5306923434558304,0.36601466951868844,0.3494010207319964,0.550220886183203,0.33630772571390843,0.0,0.32076834090244055,0.3278556567046941,0.46426252210723684,0.30314921014418184,0.33159122022598975,0.4293811025468023,0.33380102613239304,0.5638670246358186,0.3298241512196247,0.33751852916614666,0.5413646322066386,0.5448649907083054,0.345416944861377,0.32927739623573393,0.32957258167728143,0.510740162074036,0.36675762729912187
0.38548458616641557,0.47629826215940396,0.297020859251791,0.33118837148656977,0.5120487707790177,0.449227237176001,0.4049308566729324,0.33346757181608055,0.37412889162743856,0.3454494362202345,1.0,0.33085327018722877,0.5738665299813324,0.33228247546676815,0.3259761965438569,0.4097133847030121,0.43988901419316806,0.52641899179097,0.5015545385798996,0.4130502638859186,0.5148604821792595,0.49380600918059614,0.5302057506356139,0.4472256333239859,0.42173750987634195,0.453271145258355,0.5418077802071752,0.3331203848710206,0.35760291806034805,0.3714194386501041,0.31622388714571004,0.49338699116741114,0.0,0.5222363894663693,0.47488721218168894,0.3368189199715256,0.3857041535467809,0.523912052917292,0.2895563266579454,0.5632989636192349,0.3204637918016692,0.48607201540647793,0.5515454051048108,0.33796054333726244,0.33663339413811866,0.34036965077587833,0.4819801192844292,0.48193179770360095,0.33691115359841106,0.37383957063824247
0.35096353537771163,0.34723065946801257,0.2666153774736103,0.5496348579179197,0.3182604554045142,0.32186928086085975,0.3039281387556555,0.5175096264554495,0.3393355322464686,0.5227192345636233,0.33085327018722877,1.0,0.34221083112094597,0.5317493279198502,0.6228014791993441,0.31281690015989083,0.3110334740733661,0.31464518058308066,0.31340098628641877,0.3047851476675447,0.3119540312622753,0.3037216895088226,0.32267118842549647,0.32145999711212836,0.31177092048164345,0.3150053005220914,0.32406266472676537,0.5237398764625207,0.3681778315326758,0.33522470894511514,0.4831413652425478,0.32677683279321534,0.0,0.3164118305564587,0.32448075437183066,0.4433090331368009,0.29485591498334507,0.3264269729969821,0.4184588059817457,0.32411357501036364,0.5131098921998262,0.3188674685221331,0.3326740390044244,0.5330308090346045,0.5323059902886017,0.3397079534247963,0.32314117209375237,0.32367429677306137,0.4736357459311533,0.36079127740944084
0.39112640752371597,0.4719385760190288,0.2909063340167819,0.3523702086947491,0.5145746149305522,0.4582449299526177,0.39981686406009664,0.35326022775507593,0.3915891700665849,0.35850861031854064,0.5738665299813324,0.34221083112094597,1.0,0.33133759317013534,0.3487232735124668,0.42539823298312784,0.45295598861288944,0.540723118125126,0.5213953690512656,0.4069611584336592,0.5445036230717983,0.5491040919620451,0.5931168578518428,0.4614694687628347,0.43632821538030153,0.46613424113212176,0.5812171910735517,0.32890141302955167,0.35693685451295865,0.3904729668920154,0.32594514243633665,0.5529099834810094,0.0,0.57939255360551,0.4777251179990675,0.33215399152548575,0.39607086789862433,0.5524732686582605,0.29946519891588896,0.587677407004324,0.34067686307874223,0.475219001622152,0.5801522282864016,0.3395837008070245,0.33772241159217153,0.3344767714840913,0.47923348142941724,0.4799805857856124,0.33072514596256763,0.3707837966352223
0.3334368879315398,0.3301836104835676,0.2642528991491294,0.5789335569852256,0.31046993056900796,0.31736683023839285,0.30273928663139893,0.5172009514033897,0.3374198226932178,0.5377613627201856,0.33228247546676815,0.5317493279198502,0.33133759317013534,1.0,0.575768752214429,0.30752862701484607,0.3104361102549611,0.32139544525975927,0.3071440884090224,0.30592038842613467,0.3087794701080335,0.29729163211408627,0.3226782172092846,0.3029761906876747,0.3061405669618301,0.31036042935680797,0.3256531820298314,0.545719897634429,0.3594565991081965,0.32707644962685545,0.5149841976518912,0.3205637119543925,0.0,0.31267029300445226,0.3172536486079458,0.45157797603106864,0.2894253806209508,0.3246647009807223,0.41041050243097077,0.32240098976510156,0.5342499777644099,0.31778135392280793,0.32895309640366366,0.5474760316272289,0.5404750226446413,0.3440981361226282,0.3201001767030556,0.32078694487072024,0.49018919686464846,0.3641152230274657
0.32681187795971756,0.3222813187842314,0.2565744271727015,0.603364852325199,0.3402810575819354,0.31552566525267645,0.2939955132614327,0.514538793658621,0.3471579888799594,0.5369926843649973,0.3259761965438569,0.6228014791993441,0.3487232735124668,0.575768752214429,1.0,0.3181683355152657,0.32087624961210104,0.3084998458621999,0.29956177659579053,0.2972318012875612,0.3029304767835659,0.2930719519484992,0.31490388624126064,0.3205301684107983,0.3231855320821704,0.3243379468008991,0.3174267758125763,0.5127540980957828,0.34728291395597877,0.33130249890545826,0.5242070469202798,0.3340924883650236,0.0,0.3065213821870504,0.31478943334923604,0.4440274602410771,0.2918712658903462,0.31677752941815274,0.4195608811066638,0.3128649173701584,0.5545834912291563,0.30953767391299036,0.3221446877512437,0.522861662687041,0.516713704382023,0.3367846653335914,0.3177077495844097,0.3182262294957777,0.47207028408465324,0.365782859275257
0.3637762476738928,0.39768287484484466,0.2794300905427315,0.32545374934401594,0.3916545531625357,0.3971608205934113,0.7538423932214986,0.3225391560177088,0.36733738930784887,0.3272608504327663,0.4097133847030121,0.31281690015989083,0.42539823298312784,0.30752862701484607,0.3181683355152657,1.0,0.38472542708933144,0.42114187188840124,0.42300237583567224,0.7581003240170295,0.4096555206710423,0.3919593614329441,0.423928660448737,0.39066241829247694,0.38799529583101544,0.3983561526679682,0.3975712551562136,0.3011880658686634,0.3402628260840028,0.3622384421398067,0.3044455461147363,0.4064391296128137,0.0,0.4030643787357703,0.4046340877672219,0.31941100383202525,0.7639207793905242,0.38958689721223916,0.2808200273248449,0.39438185774661305,0.3118074584609837,0.3970411243189741,0.4070240232291693,0.3122792742261147,0.3135414685862282,0.3137643894219806,0.3936573833653878,0.39394233863046135,0.30690305582531496,0.33924650533702794
0.35727157253895103,0.4895530411929515,0.26836984884830095,0.3199232250132398,0.4569890691654289,0.47265608050534835,0.3765924851115152,0.3233375957862866,0.35118199966052466,0.3219955386070287,0.43988901419316806,0.3110334740733661,0.45295598861288944,0.3104361102549611,0.32087624961210104,0.38472542708933144,1.0,0.42320120747898804,0.4156853807268637,0.374019394737922,0.4116619471436386,0.3991855165505178,0.43068143511928714,0.5326722582910322,0.5130611751212877,0.5618791494441677,0.42958916648250767,0.2994713461010823,0.3417747031723607,0.3415026059078343,0.299489463638145,0.48824143194075675,0.0,0.43988838673859776,0.4941142733302156,0.3129632248218476,0.36781855775374106,0.4292452467057407,0.28012242560195777,0.4303643810445834,0.30469030657666885,0.46975652916943,0.43942711332407725,0.3139710601226946,0.3232514775682481,0.3081665236935578,0.47799586947801476,0.4806995257267771,0.30176099083122576,0.3432518276167712
0.37239363982187024,0.46863741451832486,0.2872123755569588,0.32103759340588656,0.42675229991278996,0.4487778530103175,0.43310962398317965,0.32637965796322743,0.36024456281689277,0.3297801113581291,0.52641899179097,0.31464518058308066,0.540723118125126,0.32139544525975927,0.3084998458621999,0.42114187188840124,0.42320120747898804,1.0,0.5517318502203112,0.44015290753911407,0.5516330257884455,0.5151255229478497,0.5710460151698591,0.42491082691858917,0.41373645018738403,0.43038988939348755,0.5413544274333577,0.32334998104431545,0.35294788697137924,0.36580579256294965,0.3063835383982423,0.49152669532965854,0.0,0.5234599279825862,0.46801355089781904,0.3408266802900699,0.41342894674547703,0.5033669390482679,0.28821270382939657,0.5351678857749418,0.307042823520123,0.4671558818164503,0.5339323466784247,0.32739008062865105,0.3246989051566348,0.3274932906251039,0.4699640096982275,0.46990084527577924,0.32057544495684975,0.36333403903879236
0.3674837251826839,0.44517354189751424,0.2739365903069272,0.3097353809817208,0.4276119216411606,0.4486082786112289,0.4266028281066281,0.32017046168499075,0.3424517180981824,0.3123738599556085,0.5015545385798996,0.31340098628641877,0.5213953690512656,0.3071440884090224,0.29956177659579053,0.42300237583567224,0.4156853807268637,0.5517318502203112,1.0,0.4146532145502926,0.5307856916340057,0.5225216802783523,0.5413660414770327,0.4118479471915113,0.41258570932457284,0.40979534084317515,0.5191126730003173,0.31085144596135494,0.34170551384554737,0.3433485251426375,0.28872527212720556,0.49236063018625,0.0,0.5118871146048345,0.45218014911378834,0.3223294829099854,0.41012507864570846,0.489308964566578,0.275563462275049,0.5137102062638712,0.2940438736878539,0.4442901757669292,0.5142169960514622,0.31964540389029905,0.318175526753084,0.31150356921331024,0.4440142162586105,0.4454444512317868,0.30680381835944115,0.34345297305165845
0.35741287607701255,0.4051212384480942,0.2834338413846629,0.310552100588269,0.35194201260298397,0.3932559411090558,0.8387586091346521,0.31183731794744707,0.35526768437166334,0.31648552078385805,0.4130502638859186,0.3047851476675447,0.4069611584336592,0.30592038842613467,0.2972318012875612,0.7581003240170295,0.374019394737922,0.44015290753911407,0.4146532145502926,1.0,0.4303257716245772,0.3937236053114497,0.439801734629629,0.3709548303774912,0.3739726300646119,0.37812702474150683,0.41070956364781985,0.30823290495907196,0.3427015545326775,0.35237048309012775,0.29431418600581727,0.3886402394300288,0.0,0.4075126691175378,0.40791182173244467,0.32463344870989197,0.7727749627186312,0.3925673048352555,0.272998616075923,0.40657309230211525,0.29570941786353633,0.40403838926573565,0.4145043920562618,0.31267171749639766,0.3113563499414933,0.3205323106338164,0.39806875562317356,0.39809737595514805,0.31140782927692157,0.3484496991199221
0.3538827457288366,0.44724269785695336,0.28161248153857055,0.3109447175891643,0.4331352548187729,0.426326196301973,0.425261652268498,0.31596555998220544,0.3491396548015626,0.3151869805696518,0.5148604821792595,0.3119540312622753,0.5445036230717983,0.3087794701080335,0.3029304767835659,0.4096555206710423,0.4116619471436386,0.5516330257884455,0.5307856916340057,0.4303257716245772,1.0,0.5145358271145972,0.5719954519074146,0.41051606535175844,0.3991152503329354,0.4206810616758091,0.5445204535665422,0.3139441577972235,0.3395687408161253,0.3543274157102593,0.2959053824654314,0.4991103051213892,0.0,0.5369430287636364,0.44836880726683404,0.3303292244317012,0.4025010121606477,0.5144654132512805,0.2764143434521654,0.53989109002998,0.3022656618768049,0.44094469858477525,0.5379608878861311,0.3172297100933442,0.3161435239432482,0.32708347948976546,0.45971698534827854,0.4598177512824392,0.31527849333695146,0.35228983798667246
0.35463975995895547,0.4216346891043312,0.2686818091143943,0.30163950464815903,0.4103823651172259,0.46236642576439546,0.392656055730612,0.30380108421289787,0.3415279745121609,0.3033185361367189,0.49380600918059614,0.3037216895088226,0.5491040919620451,0.29729163211408627,0.2930719519484992,0.3919593614329441,0.3991855165505178,0.5151255229478497,0.5225216802783523,0.3937236053114497,0.5145358271145972,1.0,0.6772365006067722,0.39332069469537756,0.3813887179726744,0.3995421464099713,0.5145959081196216,0.30085488632963886,0.3249428058929291,0.3392375787716293,0.2839674288199713,0.4774724437376541,0.0,0.6056624966463415,0.4258066121599231,0.30930234608621654,0.374768315797014,0.4884625476530614,0.26420173021895665,0.5191853141306306,0.2878330268008559,0.4255477785455255,0.51668431933344,0.30747953937096417,0.3044034182696297,0.30545183241259477,0.42690339650753806,0.42741585136951155,0.30008110457400194,0.33746055529203767
0.3789118820213496,0.4590866578292051,0.2908388744497731,0.3270475708950046,0.4352900837999135,0.44901289827582536,0.4370767487592302,0.3287427290598055,0.3648965138678726,0.32598764867592467,0.5302057506356139,0.32267118842549647,0.5931168578518428,0.3226782172092846,0.31490388624126064,0.423928660448737,0.43068143511928714,0.5710460151698591,0.5413660414770327,0.439801734629629,0.5719954519074146,0.6772365006067722,1.0,0.4196445761225569,0.41481155744112375,0.42503224654029204,0.5669701988601086,0.3277043134259684,0.35520757027453,0.3610250497952595,0.3089288084530135,0.5213650334187958,0.0,0.6664913983941873,0.4587608956973387,0.3387979562939488,0.41490915701316244,0.5286472601558998,0.29092706750525865,0.5587744750510376,0.31097803596961227,0.45486399880176975,0.5575246928954378,0.3314130007446999,0.33021177946631863,0.32847951306355216,0.4568520125966018,0.4574378846599848,0.324250146491212,0.36056779497300284
0.3683645944426436,0.5417883851835372,0.2696413623134212,0.3258871755224474,0.4526686241086638,0.5251949029750123,0.3709144439684493,0.33174277064882074,0.3672753039493414,0.3263174316169484,0.4472256333239859,0.32145999711212836,0.4614694687628347,0.3029761906876747,0.3205301684107983,0.39066241829247694,0.5326722582910322,0.42491082691858917,0.4118479471915113,0.3709548303774912,0.41051606535175844,0.39332069469537756,0.4196445761225569,1.0,0.5462693495058993,0.5382927676092766,0.43228037239084105,0.2963050158413505,0.3378628921124648,0.3477313716500069,0.3019435468444649,0.45179884915076496,0.0,0.4230110655801209,0.5583513780349293,0.3121386268256324,0.3676309432704771,0.42590902346808346,0.27422270242021884,0.4271492002756807,0.31540348929336526,0.4757241586536879,0.43107677712010173,0.3151007803944892,0.3230603587353944,0.3089218443475039,0.47501647251373047,0.4757538740464502,0.3010294093139787,0.34183849909814457
0.3590466660891174,0.5412644830548505,0.26745714038151813,0.3317709273567493,0.4445898253751768,0.5278929834409155,0.37259963345836034,0.3251852428276404,0.35012181512676654,0.3305124173888099,0.42173750987634195,0.31177092048164345,0.43632821538030153,0.3061405669618301,0.3231855320821704,0.38799529583101544,0.5130611751212877,0.41373645018738403,0.41258570932457284,0.3739726300646119,0.3991152503329354,0.3813887179726744,0.41481155744112375,0.5462693495058993,1.0,0.5403970902770918,0.41733303337080707,0.2962708064154932,0.32611695584063216,0.3370323167879665,0.3031567022141608,0.46446930858564506,0.0,0.4094771303629303,0.5528069699431857,0.3105820292975566,0.378383866092892,0.4202874102037417,0.2746292476511287,0.40634682604549743,0.3139123417647064,0.45915793685292994,0.4285222223692826,0.3216546749935588,0.32407167384551205,0.3031645552888159,0.46305943741419453,0.46581043994460736,0.3068830851945561,0.32788448012390137
0.35737130643645876,0.5020670591116485,0.26583774525052073,0.3294984188638419,0.47400525774601376,0.4784246961674741,0.3733807904104851,0.3272080587722157,0.36082158851785795,0.33492963993361635,0.453271145258355,0.3150053005220914,0.46613424113212176,0.31036042935680797,0.3243379468008991,0.3983561526679682,0.5618791494441677,0.43038988939348755,0.40979534084317515,0.37812702474150683,0.4206810616758091,0.3995421464099713,0.42503224654029204,0.5382927676092766,0.5403970902770918,1.0,0.43345856160304874,0.29926566396125664,0.3355748593082617,0.35403250493559724,0.31265749701341283,0.4627242425441598,0.0,0.4218501536556454,0.5086289132303987,0.31086717189318824,0.37486345076568006,0.4333964281731393,0.2723289654247937,0.4318025482633935,0.3190063266755494,0.4835843576779667,0.43612263445943333,0.32352165064476335,0.32194073889217145,0.30983629482808117,0.4817790392044622,0.48375766998899705,0.3133929555912237,0.34212663517488107
0.3723796357828203,0.4694882531395329,0.2912640342070911,0.32310405446759405,0.4426323265654438,0.44090220530102187,0.40405551094418135,0.32901415918291177,0.363113009933949,0.33163384402136964,0.5418077802071752,0.32406266472676537,0.5812171910735517,0.3256531820298314,0.3174267758125763,0.3975712551562136,0.42958916648250767,0.5413544274333577,0.5191126730003173,0.41070956364781985,0.5445204535665422,0.5145959081196216,0.5669701988601086,0.43228037239084105,0.41733303337080707,0.43345856160304874,1.0,0.3269684141652206,0.35564793938083183,0.3638736982939196,0.3104315500796172,0.5190601369800798,0.0,0.5429030720447864,0.46518161839438565,0.3333174134113739,0.3845662020928995,0.6098481323564295,0.2775543831276016,0.5776394235171776,0.31487842709444347,0.4657611093583153,0.6403386436741572,0.3350792457910632,0.327465800669999,0.3385574093261442,0.46784707118611757,0.46762651970693714,0.33127787388494356,0.36452577952988496
0.33006347530220626,0.3412204715100706,0.26792678782063883,0.5426072820476221,0.287021229348691,0.316081306512659,0.30327232601960874,0.6883158136273129,0.32349604257153497,0.5306923434558304,0.3331203848710206,0.5237398764625207,0.32890141302955167,0.545719897634429,0.5127540980957828,0.3011880658686634,0.2994713461010823,0.32334998104431545,0.31085144596135494,0.30823290495907196,0.3139441577972235,0.30085488632963886,0.3277043134259684,0.2963050158413505,0.2962708064154932,0.29926566396125664,0.3269684141652206,1.0,0.36735631224060794,0.32210597615769077,0.5053559899627933,0.31332529507783047,0.0,0.31710181036402263,0.31437590627381906,0.44303778648118797,0.2859685787578746,0.3364148371034519,0.4088056653711838,0.326438965448149,0.5178053903921328,0.3191895337327184,0.33146118469819874,0.800619272329101,0.7545629918036574,0.3419021853103833,0.32216808147487863,0.3221813630580652,0.5034608493050217,0.36042736250969687
0.3896097292212638,0.36500652413437307,0.3053764306983824,0.3530218615257975,0.3241343627713892,0.356802977230561,0.3401253934471754,0.3642958302879735,0.3751645832903503,0.36601466951868844,0.35760291806034805,0.3681778315326758,0.35693685451295865,0.3594565991081965,0.34728291395597877,0.3402628260840028,0.3417747031723607,0.35294788697137924,0.34170551384554737,0.3427015545326775,0.3395687408161253,0.3249428058929291,0.35520757027453,0.3378628921124648,0.32611695584063216,0.3355748593082617,0.35564793938083183,0.36735631224060794,1.0,0.37143642647764274,0.3383209908545254,0.3465173471740679,0.0,0.3507382437552331,0.3459905777783111,0.3561171257216448,0.3247446314659297,0.3572617764320938,0.3044249834313819,0.3569186726057145,0.33838137415934266,0.34802524833460446,0.3584474049051545,0.36455552991353235,0.3645266187909332,0.4325726571499311,0.35050006319200444,0.35074858625209615,0.35821681441348296,0.6286220542626011
0.4326257005552884,0.3680540084855676,0.31115551890755266,0.3399768676789011,0.3526182025969703,0.3471377074383436,0.34560967162478073,0.33518686179741985,0.4614059205107385,0.3494010207319964,0.3714194386501041,0.33522470894511514,0.3904729668920154,0.32707644962685545,0.33130249890545826,0.3622384421398067,0.3415026059078343,0.36580579256294965,0.3433485251426375,0.35237048309012775,0.3543274157102593,0.3392375787716293,0.3610250497952595,0.3477313716500069,0.3370323167879665,0.35403250493559724,0.3638736982939196,0.32210597615769077,0.37143642647764274,1.0,0.3230514848214684,0.35385259548203707,0.0,0.35345049708713594,0.35840080690977705,0.32761274412056485,0.33577570636946774,0.3571865653113775,0.279147362355718,0.37265970092623835,0.33103704717817073,0.35670664111480477,0.37315401839437135,0.3291850124152518,0.3281309829813066,0.36924874598579527,0.3629281733084827,0.36386545601145215,0.32372382274920686,0.3869707862589419
0.31381950798263203,0.32274664568258793,0.25148583895628007,0.5331634416594271,0.3099933713399521,0.3073618365500411,0.2893429404642196,0.5060239927342529,0.3304355642315121,0.550220886183203,0.31622388714571004,0.4831413652425478,0.32594514243633665,0.5149841976518912,0.5242070469202798,0.3044455461147363,0.299489463638145,0.3063835383982423,0.28872527212720556,0.29431418600581727,0.2959053824654314,0.2839674288199713,0.3089288084530135,0.3019435468444649,0.3031567022141608,0.31265749701341283,0.3104315500796172,0.5053559899627933,0.3383209908545254,0.3230514848214684,1.0,0.3123762538203163,0.0,0.3025444111947603,0.30134747463346334,0.4325473142535724,0.2811513204526481,0.3091904059754582,0.3896830867116414,0.309281270173115,0.6469586747715097,0.30451512829190386,0.3128234821589203,0.5112354016593643,0.5085960955765638,0.32897642549809103,0.30683109176775414,0.30697103969600636,0.46693856496604114,0.34217312210715833
0.3755368957506533,0.4453740327723522,0.2717769370335117,0.3438195139760646,0.49528082868947454,0.4419455050918646,0.3897326197519758,0.33720980320554217,0.36652821834006033,0.33630772571390843,0.49338699116741114,0.32677683279321534,0.5529099834810094,0.3205637119543925,0.3340924883650236,0.4064391296128137,0.48824143194075675,0.49152669532965854,0.49236063018625,0.3886402394300288,0.4991103051213892,0.4774724437376541,0.5213650334187958,0.45179884915076496,0.46446930858564506,0.4627242425441598,0.5190601369800798,0.31332529507783047,0.3465173471740679,0.35385259548203707,0.3123762538203163,1.0,0.0,0.509616594029632,0.4376902011568998,0.3146384872268527,0.3932076520554021,0.5161192307736412,0.2882559679034733,0.5212211557937005,0.32213620857185565,0.44720359802501786,0.5350317450162981,0.3292644392151519,0.3307610045266953,0.3196473519352441,0.4581420801895556,0.4603711291521021,0.30727705527481486,0.34341970797957444
0.0,0.0,0.0,0.0,0.0,0.0,0.0,0.0,0.0,0.0,0.0,0.0,0.0,0.0,0.0,0.0,0.0,0.0,0.0,0.0,0.0,0.0,0.0,0.0,0.0,0.0,0.0,0.0,0.0,0.0,0.0,0.0,1.0,0.0,0.0,0.0,0.0,0.0,0.0,0.0,0.0,0.0,0.0,0.0,0.0,0.0,0.0,0.0,0.0,0.0
0.37663421117687024,0.4508717179369496,0.2892706207631738,0.3147030808646831,0.43706247966501977,0.45410570459539135,0.4063974482024324,0.32674346163560275,0.35705788903641256,0.32076834090244055,0.5222363894663693,0.3164118305564587,0.57939255360551,0.31267029300445226,0.3065213821870504,0.4030643787357703,0.43988838673859776,0.5234599279825862,0.5118871146048345,0.4075126691175378,0.5369430287636364,0.6056624966463415,0.6664913983941873,0.4230110655801209,0.4094771303629303,0.4218501536556454,0.5429030720447864,0.31710181036402263,0.3507382437552331,0.35345049708713594,0.3025444111947603,0.509616594029632,0.0,1.0,0.4562323601257354,0.33933259011094963,0.3855909709838031,0.5194598260243757,0.293444632592766,0.5490911301496535,0.3021707587546635,0.4544806817814071,0.5543124451235302,0.32400158540613233,0.3267415375797571,0.32133936726253165,0.456689222004114,0.457578575339078,0.3171437452355069,0.35853422367514687
0.37375002175476324,0.5848508556385251,0.2813924313140135,0.3230695147090523,0.42284336886209695,0.5604600563162138,0.4042966928888677,0.3278288569104464,0.3597528032575945,0.3278556567046941,0.47488721218168894,0.32448075437183066,0.4777251179990675,0.3172536486079458,0.31478943334923604,0.4046340877672219,0.4941142733302156,0.46801355089781904,0.45218014911378834,0.40791182173244467,0.44836880726683404,0.4258066121599231,0.4587608956973387,0.5583513780349293,0.5528069699431857,0.5086289132303987,0.46518161839438565,0.31437590627381906,0.3459905777783111,0.35840080690977705,0.30134747463346334,0.4376902011568998,0.0,0.4562323601257354,1.0,0.32320647728292606,0.38405803334659916,0.45249355174304107,0.28502403444533986,0.46733822804967384,0.3079146295887698,0.5112181390671482,0.4766134804475025,0.32403423543135756,0.32748112875230384,0.32362369134678504,0.5087472289393626,0.5098634594517344,0.31970653796073334,0.35581002333566736
0.32986634792846803,0.32723098341148393,0.26888248568808915,0.45426670529615754,0.295607052429505,0.3251068631431906,0.32318403480603786,0.4462714130828145,0.3368602578953279,0.46426252210723684,0.3368189199715256,0.4433090331368009,0.33215399152548575,0.45157797603106864,0.4440274602410771,0.31941100383202525,0.3129632248218476,0.3408266802900699,0.3223294829099854,0.32463344870989197,0.3303292244317012,0.30930234608621654,0.3387979562939488,0.3121386268256324,0.3105820292975566,0.31086717189318824,0.3333174134113739,0.44303778648118797,0.3561171257216448,0.32761274412056485,0.4325473142535724,0.3146384872268527,0.0,0.33933259011094963,0.32320647728292606,1.0,0.3093425840896443,0.316949237281546,0.4186374876923864,0.33013901802884127,0.4404915752813551,0.31992884910214825,0.3315289091971788,0.4527284257620089,0.45419996318631295,0.33830348528571674,0.3174015935266824,0.31728495432711656,0.44973272732601355,0.3632152148529322
0.3428760211685681,0.37821500247706197,0.26424684181929714,0.3002314636562654,0.3552856777103254,0.38146316358670473,0.7772924728216147,0.29843773015204256,0.33914633037126285,0.30314921014418184,0.3857041535467809,0.29485591498334507,0.39607086789862433,0.2894253806209508,0.2918712658903462,0.7639207793905242,0.36781855775374106,0.41342894674547703,0.41012507864570846,0.7727749627186312,0.4025010121606477,0.374768315797014,0.41490915701316244,0.3676309432704771,0.378383866092892,0.37486345076568006,0.3845662020928995,0.2859685787578746,0.3247446314659297,0.33577570636946774,0.2811513204526481,0.3932076520554021,0.0,0.3855909709838031,0.38405803334659916,0.3093425840896443,1.0,0.36910518190766184,0.2650828151760638,0.3710051635473236,0.2867815419964693,0.3776964392301877,0.3926708746692025,0.295646549169551,0.2954100838036495,0.29531433683632535,0.37163256087056407,0.37215438963474423,0.286258561433945,0.32147896486030814
0.3817476121077401,0.47702557999478634,0.2884286548677615,0.3220570242447319,0.4573105298884028,0.44868581111996964,0.3872074294622755,0.341119631369734,0.356791311444529,0.33159122022598975,0.523912052917292,0.3264269729969821,0.5524732686582605,0.3246647009807223,0.31677752941815274,0.38958689721223916,0.4292452467057407,0.5033669390482679,0.489308964566578,0.3925673048352555,0.5144654132512805,0.4884625476530614,0.5286472601558998,0.42590902346808346,0.4202874102037417,0.4333964281731393,0.6098481323564295,0.3364148371034519,0.3572617764320938,0.3571865653113775,0.3091904059754582,0.5161192307736412,0.0,0.5194598260243757,0.45249355174304107,0.316949237281546,0.36910518190766184,1.0,0.2846795746420242,0.5563099061015857,0.3160518047513631,0.45904457194179626,0.6459294327756574,0.3430940495744146,0.33665088652905417,0.3370016690769605,0.4769472677364045,0.4775044213186799,0.3350990637669956,0.3620414002290371
0.2894031364018548,0.2832100196335149,0.22785306607994704,0.4250560509469825,0.3032471477995302,0.29600118678928977,0.27849310442551445,0.4189405972024586,0.294073242649341,0.4293811025468023,0.2895563266579454,0.4184588059817457,0.29946519891588896,0.41041050243097077,0.4195608811066638,0.2808200273248449,0.28012242560195777,0.28821270382939657,0.275563462275049,0.272998616075923,0.2764143434521654,0.26420173021895665,0.29092706750525865,0.27422270242021884,0.2746292476511287,0.2723289654247937,0.2775543831276016,0.4088056653711838,0.3044249834313819,0.279147362355718,0.3896830867116414,0.2882559679034733,0.0,0.293444632592766,0.28502403444533986,0.4186374876923864,0.2650828151760638,0.2846795746420242,1.0,0.28096877815936516,0.4109856983390813,0.2793118583369908,0.2893351992870836,0.42548821042547746,0.43035387873863107,0.2885008511869591,0.2817957315679799,0.2834533860964651,0.4038959629594585,0.3070661077501562
0.3769950571317986,0.4726608835125402,0.2973283577563761,0.31861598156037585,0.4545139480134517,0.44786123778591747,0.3979441508266789,0.3290800642112254,0.36554291445564513,0.33380102613239304,0.5632989636192349,0.32411357501036364,0.587677407004324,0.32240098976510156,0.3128649173701584,0.39438185774661305,0.4303643810445834,0.5351678857749418,0.5137102062638712,0.40657309230211525,0.53989109002998,0.5191853141306306,0.5587744750510376,0.4271492002756807,0.40634682604549743,0.4318025482633935,0.5776394235171776,0.326438965448149,0.3569186726057145,0.37265970092623835,0.309281270173115,0.5212211557937005,0.0,0.5490911301496535,0.46733822804967384,0.33013901802884127,0.3710051635473236,0.5563099061015857,0.28096877815936516,1.0,0.30916212515717545,0.4714904175986647,0.5846420003315936,0.32884479899017416,0.33176895320730204,0.3420202202225594,0.4918990617389907,0.49231884639643997,0.32775017000226647,0.374846089068697
