../ecoli_genomes/GCF_000163235.1_ASM16323v1_genomic.fna.gz,../ecoli_genomes/GCF_000164555.1_ASM16455v1_genomic.fna.gz,../ecoli_genomes/GCF_000208545.1_ASM20854v2_genomic.fna.gz,../ecoli_genomes/GCF_000233875.1_ASM23387v1_genomic.fna.gz,../ecoli_genomes/GCF_000249735.1_ASM24973v2_genomic.fna.gz,../ecoli_genomes/GCF_000261145.1_Esch_coli_M919_V2_genomic.fna.gz,../ecoli_genomes/GCF_000267705.2_ASM26770v2_genomic.fna.gz,../ecoli_genomes/GCF_000350665.1_Esch_coli_KTE5_V1_genomic.fna.gz,../ecoli_genomes/GCF_000351625.1_Esch_coli_KTE66_V1_genomic.fna.gz,../ecoli_genomes/GCF_000352285.1_Esch_coli_KTE46_V1_genomic.fna.gz,../ecoli_genomes/GCF_000358895.1_ASM35889v1_genomic.fna.gz,../ecoli_genomes/GCF_000456385.1_Esch_coli_HVH_26_4-5703913_V1_genomic.fna.gz,../ecoli_genomes/GCF_000458195.1_Esch_coli_HVH_147_4-5893887_V1_genomic.fna.gz,../ecoli_genomes/GCF_000459755.1_Esch_coli_KOEGE_58_171a_V1_genomic.fna.gz,../ecoli_genomes/GCF_000460055.1_Esch_coli_UMEA_3053-1_V1_genomic.fna.gz,../ecoli_genomes/GCF_000462165.2_ASM46216v2_genomic.fna.gz,../ecoli_genomes/GCF_000601135.1_ASM60113v1_genomic.fna.gz,../ecoli_genomes/GCF_000614595.1_Ec2010EL1058_genomic.fna.gz,../ecoli_genomes/GCF_000617745.1_Ec2010C-4529_genomic.fna.gz,../ecoli_genomes/GCF_000618265.2_EcF6751_genomic.fna.gz,../ecoli_genomes/GCF_000619005.2_Ec2009C-4052_genomic.fna.gz,../ecoli_genomes/GCF_000619105.1_Ec2009C-4780_genomic.fna.gz,../ecoli_genomes/GCF_000619765.2_Ec2009C-3279_genomic.fna.gz,../ecoli_genomes/GCF_000687005.1_ASM68700v1_genomic.fna.gz,../ecoli_genomes/GCF_000687025.1_ASM68702v1_genomic.fna.gz,../ecoli_genomes/GCF_000700125.1_ASM70012v1_genomic.fna.gz,../ecoli_genomes/GCF_000753315.1_FHI35_genomic.fna.gz,../ecoli_genomes/GCF_000776375.1_ASM77637v1_genomic.fna.gz,../ecoli_genomes/GCF_000779395.1_ASM77939v1_genomic.fna.gz,../ecoli_genomes/GCF_000780315.1_ASM78031v1_genomic.fna.gz,../ecoli_genomes/GCF_000781995.1_ASM78199v1_genomic.fna.gz,../ecoli_genomes/GCF_000986765.1_ASM98676v1_genomic.fna.gz,../ecoli_genomes/GCF_001041375.1_ViralProj287958_genomic.fna.gz,../ecoli_genomes/GCF_001265335.1_302014_genomic.fna.gz,../ecoli_genomes/GCF_001265625.1_100854_genomic.fna.gz,../ecoli_genomes/GCF_001267345.1_303289_genomic.fna.gz,../ecoli_genomes/GCF_001309985.1_ASM130998v1_genomic.fna.gz,../ecoli_genomes/GCF_001521695.1_ASM152169v1_genomic.fna.gz,../ecoli_genomes/GCF_001592595.1_ASM159259v1_genomic.fna.gz,../ecoli_genomes/GCF_001614975.1_ASM161497v1_genomic.fna.gz,../ecoli_genomes/GCF_001692775.1_ASM169277v1_genomic.fna.gz,../ecoli_genomes/GCF_001748915.1_ASM174891v1_genomic.fna.gz,../ecoli_genomes/GCF_001749235.1_ASM174923v1_genomic.fna.gz,../ecoli_genomes/GCF_001881155.1_ASM188115v1_genomic.fna.gz,../ecoli_genomes/GCF_001881345.1_ASM188134v1_genomic.fna.gz,../ecoli_genomes/GCF_001892405.1_ASM189240v1_genomic.fna.gz,../ecoli_genomes/GCF_001892585.1_ASM189258v1_genomic.fna.gz,../ecoli_genomes/GCF_001893985.1_ASM189398v1_genomic.fna.gz,../ecoli_genomes/GCF_002001595.1_ASM200159v1_genomic.fna.gz,../ecoli_genomes/GCF_002002145.1_ASM200214v1_genomic.fna.gz
1.0,0.31809021697854145,0.2563205479875965,0.2771228254007133,0.290716976825909,0.3036338307363521,0.3047040155440103,0.2876980079200323,0.38391691489509217,0.29003194440750635,0.3097672668809309,0.29192935363135386,0.29817051425072516,0.27216923630170786,0.2642757311590366,0.30001606710628514,0.2889885665860058,0.30421915571433966,0.25743971600758175,0.3022089791096395,0.29441335011571645,0.2844208442470497,0.3097257598900899,0.28854373235470077,0.29153187861232766,0.27143172514673575,0.2995668587814725,0.27765273397054513,0.3364518152533825,0.3840086924490931,0.2534586721428246,0.29240391809196986,0.0,0.3040347126842351,0.302476794005307,0.2760386971409816,0.28757043692368545,0.308079467198784,0.25664667036599376,0.3110475425106396,0.25704909070052073,0.30476710984786104,0.3048446710195165,0.27994421211842335,0.2923907325070092,0.3181508922894525,0.29906447482013754,0.3000086214892683,0.26711379665813084,0.333547738479947
0.31809021697854145,1.0,0.23673447046320306,0.2704081083682318,0.3914689693594603,0.5360306989653096,0.3500980012501158,0.2768824775574742,0.2996411252550678,0.28367500130949375,0.4185655906219292,0.28518590180487735,0.40369137747261286,0.26221335536160173,0.2614606598559249,0.347190342757962,0.4279555131925774,0.41721747330789116,0.33343067472025645,0.35022458291189706,0.397885689614071,0.380736655857691,0.41244807925132543,0.5260907824144301,0.5395893972523502,0.3746750216440091,0.4121059472037354,0.2713272877202355,0.2958830043242986,0.30767364071231695,0.2523690747931855,0.39076806110308115,0.0,0.40171170228030095,0.5639664191138316,0.2667760489457921,0.3331054133537287,0.42649576167852565,0.24836385757939783,0.4192959014248926,0.2547875838883469,0.473113602671538,0.4175417813271828,0.2873559288438956,0.28971715589240266,0.28404012113826027,0.47900544109438137,0.4800179335318471,0.28489705445651325,0.29359306442835376
0.2563205479875965,0.23673447046320306,1.0,0.20418922034079767,0.2118559639828237,0.21651002411093923,0.2201844840222914,0.21347614977580476,0.24806363297294465,0.2180523051428347,0.2346868222300349,0.2110602303227883,0.224682235638769,0.2113037938411617,0.2073107989648949,0.21813321742574732,0.19971515987420263,0.22703301415950294,0.18616781297875695,0.2201429196660759,0.22422749823309063,0.21101784274201674,0.2282861730882062,0.2098641424919998,0.2129206040297077,0.1776163963706222,0.23084835922377978,0.2104020213578861,0.24305384967950527,0.2519072726393563,0.19787763825043247,0.21397109250186752,0.0,0.2266158905776301,0.21954549124343636,0.21912508803652309,0.20813901877021002,0.22808243573844866,0.19678902769647066,0.23198344751913968,0.2032031592017154,0.22654775578974418,0.23461015365476479,0.22029941114353202,0.21382106179854976,0.23364514979336182,0.2299684224746903,0.23015795986913734,0.22281539015762342,0.24586884219860838
0.2771228254007133,0.2704081083682318,0.20418922034079767,1.0,0.28361892154479384,0.2636838846225714,0.2564738147984915,0.4889010805657711,0.28621682360719813,0.5246417660886786,0.2601288105407822,0.4960007243965713,0.2709128144081562,0.5387214892137366,0.5553319266019174,0.264950899722563,0.2454484500186953,0.256693770727081,0.21552844469876553,0.2559619381215491,0.24892099178583516,0.23922374054304751,0.26787549507448916,0.25698659356149234,0.2630617790079164,0.21566513144011457,0.25677992394665805,0.511593212121185,0.29522500851399636,0.27835669111620365,0.4960313811129696,0.266848681424697,0.0,0.25162194838996677,0.2572357349117824,0.4121236789632975,0.2508038247643295,0.2557025433302499,0.4107471674166945,0.25459203864039603,0.5261131953616878,0.2595439731224033,0.2570639654581799,0.5084367346853756,0.5015897863678564,0.28899280608971345,0.2571440139942054,0.2591520024365469,0.4524068214016589,0.2975613981470684
0.290716976825909,0.3914689693594603,0.2118559639828237,0.28361892154479384,1.0,0.4041416610267339,0.3184160172476569,0.2781318401701337,0.3111817297181233,0.2913483547997282,0.5032321959898292,0.2617053167162686,0.46760425661465854,0.2646008695093397,0.2847813906946717,0.34563565531348117,0.39662609837398,0.4122297351087827,0.3463327105256203,0.31832235579130164,0.4224300831359896,0.39566464064611684,0.4279499996390288,0.4185968686296224,0.4137369939931099,0.33092132237369754,0.4328307106522208,0.2479124274158021,0.2894071731536604,0.30445379199044553,0.26420582149618344,0.4539790495360949,0.0,0.42689418872460594,0.39407183652188615,0.2495370924003263,0.32392582089620137,0.44673863516689705,0.25522131337900267,0.4388672748185237,0.27992901871763476,0.402097663024649,0.45059709887470756,0.25087027712657883,0.2578928535886853,0.26321934337307595,0.4046071433614773,0.4068069219197229,0.2508818758046002,0.2821797599865561
0.3036338307363521,0.5360306989653096,0.21651002411093923,0.2636838846225714,0.4041416610267339,1.0,0.3535790937055837,0.2740067313615655,0.2939190969390102,0.2634162384252101,0.39993628370242573,0.2652584570317317,0.39331141715600837,0.25820866893976646,0.2517275073191034,0.34550255951200304,0.42286948762187593,0.4136964768382553,0.3419249203065281,0.34808329117229586,0.38849223508646247,0.394153103930562,0.40810272811885606,0.5126680829257844,0.5321411433310359,0.356288421500667,0.3953002214571789,0.25816019595857587,0.29936760215227964,0.2914405035005049,0.2391703283603901,0.40091445392099945,0.0,0.40548044622892254,0.5559058872369264,0.2655678637623021,0.3416834987776969,0.4131859194795523,0.26088013833876,0.4072080319520026,0.24786850815722117,0.4657474160201608,0.401650783003232,0.26519438072835877,0.2667100202552851,0.27682583730649357,0.4676376160837572,0.4685513303376968,0.25873869913377145,0.2892559250088065
0.3047040155440103,0.3500980012501158,0.2201844840222914,0.2564738147984915,0.3184160172476569,0.3535790937055837,1.0,0.25975714563962893,0.2990985378651393,0.25782520890977256,0.3532285643213662,0.24985314538694858,0.34376661712022727,0.25262616459578235,0.24210466181513945,0.759219770358399,0.30416167429926566,0.3844343936386304,0.3188635973929631,0.870230169372418,0.38258976286308344,0.3501488011210121,0.3853036209261509,0.328452071197576,0.3256394456763496,0.26965291791901014,0.35728105472429106,0.25328621031345844,0.2850622960128153,0.30417022483076317,0.23475978034843714,0.3378716798388606,0.0,0.3543638968798304,0.354195908543243,0.26925993274659454,0.7892721262256865,0.3420086473831271,0.24749938931841653,0.355551182660901,0.2380513133149854,0.3521694180672157,0.35240999866732003,0.258279501956461,0.25749654610190964,0.27118607931146654,0.34435710064186575,0.3451661999081832,0.2524251331701316,0.28815992667659707
0.2876980079200323,0.2768824775574742,0.21347614977580476,0.4889010805657711,0.2781318401701337,0.2740067313615655,0.25975714563962893,1.0,0.2800419462909367,0.5023622302632009,0.2624990173340238,0.47153014714618713,0.27103262102970815,0.4752369113987043,0.4707031093941815,0.2635652854360264,0.24660836970414302,0.26388514100421545,0.22105432289750537,0.25940551578573,0.25382920398754416,0.24393566081451434,0.2687090304973645,0.2673606411851154,0.2647445777404662,0.2143372420227332,0.25910852266697226,0.6928887333840524,0.31112480108027174,0.27607640021959756,0.4603877588049029,0.26346262072157944,0.0,0.2633489395872487,0.2630774090701722,0.4033617392150961,0.24939203361072548,0.278021768239914,0.4116121904956689,0.2630429033147854,0.4692654534220081,0.2637193816168334,0.26804714345096625,0.6899236103492665,0.6692443049386824,0.2922597510470534,0.26085892460728455,0.2623226252555162,0.44103757619341144,0.30072621110708864
0.38391691489509217,0.2996411252550678,0.24806363297294465,0.28621682360719813,0.3111817297181233,0.2939190969390102,0.2990985378651393,0.2800419462909367,1.0,0.29964691667957233,0.3029402940878848,0.26323115053750556,0.31070948311981306,0.2776932837713386,0.28187429335093805,0.30326275785820633,0.2690618986238301,0.30032468465680295,0.24438625787497825,0.29889813399696163,0.2887132392047469,0.27578539847187666,0.29910825831975496,0.288122360421723,0.29135509742932664,0.2403049028749955,0.3017275420542883,0.2649893125923579,0.32386911185895495,0.4100998014908327,0.2658087243979379,0.29003575436397655,0.0,0.29210764066658335,0.2917616315848327,0.2762776619804608,0.2905280034879649,0.2931869758823977,0.24625135143852017,0.3017103655019332,0.2729209354707277,0.2983492065675246,0.3043841953720774,0.26936046385729584,0.26670255931770903,0.3087136226612517,0.2948042383785522,0.29574822005192847,0.2680332441791994,0.33180014503922195
0.29003194440750635,0.28367500130949375,0.2180523051428347,0.5246417660886786,0.2913483547997282,0.2634162384252101,0.25782520890977256,0.5023622302632009,0.29964691667957233,1.0,0.2731520748472407,0.48062559615213685,0.28014741352227,0.5011569791924707,0.5058828808054725,0.26942972771746254,0.24595531121554504,0.26221328605355054,0.21693509152438661,0.258079966629839,0.2548760624226386,0.24248991332383196,0.2621530107896676,0.26480953441327226,0.2677243186771656,0.2229379069423314,0.26630306078252564,0.4944181644136926,0.3068437774996403,0.291074126961841,0.5131198844085305,0.25974871939865585,0.0,0.25503720192010015,0.2588346704557053,0.4281055274860718,0.2533326609675042,0.26516638771678136,0.4260303481198623,0.26777718346946944,0.5216252743121704,0.26616028802979785,0.2632938547223962,0.4992087928718597,0.5018972172925378,0.2974798190509613,0.26310953680231386,0.2638237679259402,0.4692382214241121,0.3013618033764157
0.3097672668809309,0.4185655906219292,0.2346868222300349,0.2601288105407822,0.5032321959898292,0.39993628370242573,0.3532285643213662,0.2624990173340238,0.3029402940878848,0.2731520748472407,1.0,0.2661879724731566,0.5113591442817582,0.2650831764874315,0.2571910535594413,0.35469984342932226,0.3629458840484022,0.4837199620826629,0.41235455914001606,0.3531438065564877,0.4794064628790642,0.4839465263364604,0.49610975014406633,0.3965149223470147,0.3883700430487703,0.3269652443731951,0.49908681892441775,0.260622156337873,0.29159183568967517,0.31167987037559275,0.24490950310202353,0.4569428975316391,0.0,0.48050227541713275,0.4215984350908125,0.2762992034732633,0.3373488561900321,0.4864285537361044,0.25150716270325757,0.5087608120438405,0.24764547714574492,0.43444671226022946,0.5001284798015775,0.2651223011299557,0.26507781471876113,0.2836435541119786,0.4272916868316897,0.4260234814535072,0.2683751167922319,0.2984619371785726
0.29192935363135386,0.28518590180487735,0.2110602303227883,0.4960007243965713,0.2617053167162686,0.2652584570317317,0.24985314538694858,0.47153014714618713,0.26323115053750556,0.48062559615213685,0.2661879724731566,1.0,0.2572267513372317,0.4887968668159498,0.6017526002406606,0.2554271512520946,0.2391833030024043,0.2547412286772387,0.21709645900044217,0.24893837686812315,0.2513170470308982,0.24704117860540253,0.2647685870560149,0.2527383036876696,0.2538452313019006,0.2099844441782227,0.25377027528305185,0.4802807303849925,0.31307353250343417,0.2706571173720451,0.436351404943926,0.2545033160573873,0.0,0.255217747652864,0.2625000073280137,0.3955554938041048,0.24105339887832633,0.2649193996238537,0.40202192150501836,0.2595485687964232,0.4594108999035589,0.258732488689254,0.25891597929526955,0.48093217442681624,0.4847617952008332,0.2906363989237235,0.26055972736087973,0.26202559353328714,0.43145570558570334,0.29588310909593474
0.29817051425072516,0.40369137747261286,0.224682235638769,0.2709128144081562,0.46760425661465854,0.39331141715600837,0.34376661712022727,0.27103262102970815,0.31070948311981306,0.28014741352227,0.5113591442817582,0.2572267513372317,1.0,0.25530923212734047,0.26888819165115196,0.3539489054742343,0.36037585975352415,0.48077128460800267,0.5078963100720006,0.34362849380678173,0.49511917717156695,0.5548699953314413,0.5410936551608541,0.3933223741709576,0.37761909166479235,0.32375295627703116,0.5250004926885499,0.25646064514120115,0.2888147455663991,0.3182561331095676,0.25148853734465926,0.5156158268640594,0.0,0.523719788572913,0.40714552081549316,0.2566904021306854,0.33919597385127154,0.49641791812826086,0.23775473833245653,0.5248266468784115,0.25817424103050457,0.41668168950994655,0.517781887518541,0.2583283622604081,0.25605712965273797,0.26959656285208633,0.4110566570235067,0.41124333064992935,0.25740364044977615,0.29102078791818575
0.27216923630170786,0.26221335536160173,0.2113037938411617,0.5387214892137366,0.2646008695093397,0.25820866893976646,0.25262616459578235,0.4752369113987043,0.2776932837713386,0.5011569791924707,0.2650831764874315,0.4887968668159498,0.25530923212734047,1.0,0.5394412127379126,0.2501058262256892,0.2292930925542983,0.25370952343292386,0.2133633627874807,0.2520905375801168,0.24399841769050767,0.23858676294213377,0.26010874957332397,0.2403040244764384,0.2467083031758205,0.20413575094465863,0.25712604420537577,0.5103816046485208,0.3011361762468039,0.2690747701682774,0.4837303735374877,0.25014312225482616,0.0,0.25184089508360785,0.252713814374241,0.41285705455650024,0.24044972902261696,0.25711338220858937,0.4105531511089804,0.25452440082685,0.500981506336291,0.25333417741751196,0.25728612968327513,0.5055944602339364,0.4960354634587938,0.29277656046946166,0.25392222286422006,0.25461495104428356,0.4525481144307325,0.301820749904126
0.2642757311590366,0.2614606598559249,0.2073107989648949,0.5553319266019174,0.2847813906946717,0.2517275073191034,0.24210466181513945,0.4707031093941815,0.28187429335093805,0.5058828808054725,0.2571910535594413,0.6017526002406606,0.26888819165115196,0.5394412127379126,1.0,0.2526658612197743,0.24638090314107963,0.25011231824197855,0.2066772043360856,0.2428441998919465,0.243026020194409,0.23126978206230409,0.2598371170484156,0.25183707987839776,0.2551909857634377,0.21259001702561808,0.2537260469042114,0.4834802945774114,0.2962381677133836,0.2736256645780861,0.4879824913734305,0.25931522032614207,0.0,0.24862763050054737,0.24994839987117212,0.40308511214340603,0.23940411065060208,0.2550919668155157,0.40745629031607145,0.25262455609722234,0.5101598060210253,0.2498546739412647,0.2546506046966446,0.47944630844310754,0.47170307702509384,0.28723895380835895,0.2592829154143429,0.2606078915922311,0.4391569935629721,0.3050991328524666
0.30001606710628514,0.347190342757962,0.21813321742574732,0.264950899722563,0.34563565531348117,0.34550255951200304,0.759219770358399,0.2635652854360264,0.30326275785820633,0.26942972771746254,0.35469984342932226,0.2554271512520946,0.3539489054742343,0.2501058262256892,0.2526658612197743,1.0,0.30913547726406543,0.36895978650525996,0.31819601485879334,0.7592193734194868,0.36794558165874214,0.3515842249737309,0.37226028050167737,0.33603383848922075,0.3350321215606611,0.28684604650608936,0.35121327704854544,0.24882497046642893,0.2803743361456764,0.31264961342021913,0.23990703352248133,0.3467572625472054,0.0,0.34525033965832386,0.34954348853621253,0.2653095825798867,0.7508269975308297,0.33660495550168257,0.24228096752042216,0.35095738582380753,0.2486992309810261,0.3502065726998874,0.34785994329201486,0.2518967690941435,0.25389269554636995,0.27127665315991123,0.3418388105267004,0.3428958173826595,0.25081023771833366,0.28401936326985144
0.2889885665860058,0.4279555131925774,0.19971515987420263,0.2454484500186953,0.39662609837398,0.42286948762187593,0.30416167429926566,0.24660836970414302,0.2690618986238301,0.24595531121554504,0.3629458840484022,0.2391833030024043,0.36037585975352415,0.2292930925542983,0.24638090314107963,0.30913547726406543,1.0,0.35793875952154164,0.29303830020587907,0.3029794560286321,0.34818231913922393,0.34387889978056896,0.36513649505358625,0.4715871290593132,0.4702101714089396,0.5039448673337681,0.35907501851755785,0.23140908598623078,0.26608950748508875,0.2715121758617045,0.2237339264298701,0.41279057139431385,0.0,0.3664984884412388,0.43526114918362735,0.23787012135946572,0.3006920769258643,0.3592636031427836,0.2321758930810749,0.36878172518228103,0.22812550265042786,0.4082697476005708,0.3652959305060627,0.2366585220061468,0.24431092370656216,0.2454197697046382,0.4177196111568192,0.41810146877536214,0.2294982452398472,0.25859796426096515
0.30421915571433966,0.41721747330789116,0.22703301415950294,0.256693770727081,0.4122297351087827,0.4136964768382553,0.3844343936386304,0.26388514100421545,0.30032468465680295,0.26221328605355054,0.4837199620826629,0.2547412286772387,0.48077128460800267,0.25370952343292386,0.25011231824197855,0.36895978650525996,0.35793875952154164,1.0,0.43932285460101617,0.38231911336385327,0.5116379820979706,0.4892239408796324,0.5274175261868299,0.3915165460607323,0.3800658995627124,0.3145697073177335,0.4980830494705232,0.25757931863141026,0.28698858626472734,0.3054367591947623,0.24025970585398126,0.44267424921035725,0.0,0.48423574925374946,0.4206703060014041,0.2767304545662732,0.36869839053407094,0.46667430660999587,0.25428624520493104,0.4896112249867811,0.241437490132288,0.4299949081988991,0.4877049383342553,0.26131076177139334,0.2578954770817853,0.27381268535225856,0.41970986700492086,0.41975090923879654,0.25781866184290003,0.290975972368687
0.25743971600758175,0.33343067472025645,0.18616781297875695,0.21552844469876553,0.3463327105256203,0.3419249203065281,0.3188635973929631,0.22105432289750537,0.24438625787497825,0.21693509152438661,0.41235455914001606,0.21709645900044217,0.5078963100720006,0.2133633627874807,0.2066772043360856,0.31819601485879334,0.29303830020587907,0.43932285460101617,1.0,0.3148161931897815,0.432629591358621,0.5113613325720259,0.4385253334270951,0.3181413539094383,0.312176818536419,0.25649955486224574,0.4103559336309749,0.21560785947139804,0.24107546280433156,0.2549557617766238,0.1957235518184013,0.4531320667310428,0.0,0.41034935930322824,0.34695362101392635,0.23298588176184576,0.3101819366165841,0.3944804948994346,0.21757598407267764,0.4152925057128539,0.20118465408932007,0.34904830215128324,0.41157066594050185,0.22041277391412972,0.21931118456160315,0.23249386167463815,0.337827320523687,0.33892808277890496,0.21472201267266988,0.2436706533365831
0.3022089791096395,0.35022458291189706,0.2201429196660759,0.2559619381215491,0.31832235579130164,0.34808329117229586,0.870230169372418,0.25940551578573,0.29889813399696163,0.258079966629839,0.3531438065564877,0.24893837686812315,0.34362849380678173,0.2520905375801168,0.2428441998919465,0.7592193734194868,0.3029794560286321,0.38231911336385327,0.3148161931897815,1.0,0.3802201521248213,0.34639514031089835,0.381630116066651,0.3260471095328149,0.3264468781663008,0.26883223629450137,0.3567006448458736,0.25354784969857347,0.2849045674267189,0.3036986484472479,0.23584775910715639,0.3341430663931598,0.0,0.3510067168867175,0.35181587087526933,0.2688938010580523,0.7821395970856315,0.34184373650123256,0.24389846772388946,0.35569577329772417,0.23890475579333403,0.35189797728265737,0.3524097851707946,0.25734920507826253,0.25583193574292806,0.2709320661249268,0.3427489016581039,0.3435632197997912,0.25265656157156835,0.28775176152342563
0.29441335011571645,0.397885689614071,0.22422749823309063,0.24892099178583516,0.4224300831359896,0.38849223508646247,0.38258976286308344,0.25382920398754416,0.2887132392047469,0.2548760624226386,0.4794064628790642,0.2513170470308982,0.49511917717156695,0.24399841769050767,0.243026020194409,0.36794558165874214,0.34818231913922393,0.5116379820979706,0.432629591358621,0.3802201521248213,1.0,0.4884550784657459,0.5316478206890867,0.3725065502499484,0.36540704408190094,0.3143712227466843,0.5040909217828147,0.2513564586948176,0.27465665542526674,0.2992384067127044,0.23201510581937046,0.4601687243047149,0.0,0.49425411189253987,0.40400837476232376,0.2667431982308789,0.3663156424505971,0.4777768518080071,0.241178488563634,0.5030127876004233,0.23970613145525055,0.4020849907506395,0.49242180490570353,0.25445802846192456,0.25313068181000964,0.2733240055642352,0.4100095225231286,0.41020658076875094,0.25190709431388725,0.2833660503846098
0.2844208442470497,0.380736655857691,0.21101784274201674,0.23922374054304751,0.39566464064611684,0.394153103930562,0.3501488011210121,0.24393566081451434,0.27578539847187666,0.24248991332383196,0.4839465263364604,0.24704117860540253,0.5548699953314413,0.23858676294213377,0.23126978206230409,0.3515842249737309,0.34387889978056896,0.4892239408796324,0.5113613325720259,0.34639514031089835,0.4884550784657459,1.0,0.6743211410852112,0.35698319784825727,0.36353634755893693,0.30010793669186686,0.4878001559355841,0.24100864359660423,0.27103166294179715,0.2892514556336927,0.22017117668944108,0.4852877747560468,0.0,0.6017376218291091,0.3921894184325272,0.2505417162342921,0.3412001256436342,0.46890213737010933,0.23121311253940047,0.4900569125434995,0.2220556498223425,0.39381289471766034,0.49025400358412197,0.2465661990088649,0.24256580690872442,0.2625458487785426,0.3836267587239046,0.3835228686774983,0.2402344479322044,0.27360647381251313
0.3097257598900899,0.41244807925132543,0.2282861730882062,0.26787549507448916,0.4279499996390288,0.40810272811885606,0.3853036209261509,0.2687090304973645,0.29910825831975496,0.2621530107896676,0.49610975014406633,0.2647685870560149,0.5410936551608541,0.26010874957332397,0.2598371170484156,0.37226028050167737,0.36513649505358625,0.5274175261868299,0.4385253334270951,0.381630116066651,0.5316478206890867,0.6743211410852112,1.0,0.3833551783655611,0.38280790995291836,0.3126986703282395,0.5314523964937554,0.26614222865078097,0.28976612755870623,0.306778773505035,0.2435512419502155,0.47969564811331555,0.0,0.6441823444521362,0.4122631346243517,0.2724743093049532,0.367804165303395,0.49954148460439707,0.2546678633873035,0.5169123456951092,0.2459336807910768,0.417832800916482,0.5194185226749038,0.26866254242247944,0.2666990689459613,0.27720075670243804,0.4111861006577716,0.41260340685818186,0.2611961699439972,0.29351403928680353
0.28854373235470077,0.5260907824144301,0.2098641424919998,0.25698659356149234,0.4185968686296224,0.5126680829257844,0.328452071197576,0.2673606411851154,0.288122360421723,0.26480953441327226,0.3965149223470147,0.2527383036876696,0.3933223741709576,0.2403040244764384,0.25183707987839776,0.33603383848922075,0.4715871290593132,0.3915165460607323,0.3181413539094383,0.3260471095328149,0.3725065502499484,0.35698319784825727,0.3833551783655611,1.0,0.5539122991794059,0.36662349120355786,0.3853028323643325,0.24040223368040825,0.2793749534778506,0.2900298117160328,0.23678390438443708,0.39938599820469933,0.0,0.3797721575821901,0.5473810420978287,0.24887697985758672,0.3261002817976343,0.3875904458385524,0.23726711345277518,0.3903790377346258,0.24479555794671648,0.44812016526649656,0.38360950198064636,0.24664361835976878,0.2532977825885304,0.25717472772273753,0.4415164204600819,0.4394480994110258,0.2434239910036975,0.270181283862689
0.29153187861232766,0.5395893972523502,0.2129206040297077,0.2630617790079164,0.4137369939931099,0.5321411433310359,0.3256394456763496,0.2647445777404662,0.29135509742932664,0.2677243186771656,0.3883700430487703,0.2538452313019006,0.37761909166479235,0.2467083031758205,0.2551909857634377,0.3350321215606611,0.4702101714089396,0.3800658995627124,0.312176818536419,0.3264468781663008,0.36540704408190094,0.36353634755893693,0.38280790995291836,0.5539122991794059,1.0,0.4153860475265413,0.3749720565030562,0.24307196209431192,0.2717909735635664,0.28507219421195173,0.24236872406621512,0.4155274829233504,0.0,0.3698052468904781,0.5478459728723044,0.24670418776072578,0.32430875764917333,0.3912582410949643,0.23783615599713726,0.38108509600583096,0.2443659043216173,0.44341244894438325,0.38566338298846115,0.26231608842860876,0.26097542884983105,0.26474361436594107,0.44310467819309185,0.44469620832420387,0.2575698858645712,0.2667572476779999
0.27143172514673575,0.3746750216440091,0.1776163963706222,0.21566513144011457,0.33092132237369754,0.356288421500667,0.26965291791901014,0.2143372420227332,0.2403049028749955,0.2229379069423314,0.3269652443731951,0.2099844441782227,0.32375295627703116,0.20413575094465863,0.21259001702561808,0.28684604650608936,0.5039448673337681,0.3145697073177335,0.25649955486224574,0.26883223629450137,0.3143712227466843,0.30010793669186686,0.3126986703282395,0.36662349120355786,0.4153860475265413,1.0,0.3154280976180923,0.20024400227971717,0.22610563903285708,0.24903294152238775,0.20249217117255447,0.3361347808764211,0.0,0.31076587897862507,0.3818573618561881,0.2075175016044395,0.27528617636791985,0.31326559189426617,0.20279180386863316,0.3310781616653866,0.20453752412837145,0.361561709871133,0.313583222038918,0.21082774085062606,0.20917074409426095,0.21517114668659776,0.3670853517146273,0.36695256114445696,0.21261072501210865,0.23052795270087956
0.2995668587814725,0.4121059472037354,0.23084835922377978,0.25677992394665805,0.4328307106522208,0.3953002214571789,0.35728105472429106,0.25910852266697226,0.3017275420542883,0.26630306078252564,0.49908681892441775,0.25377027528305185,0.5250004926885499,0.25712604420537577,0.2537260469042114,0.35121327704854544,0.35907501851755785,0.4980830494705232,0.4103559336309749,0.3567006448458736,0.5040909217828147,0.4878001559355841,0.5314523964937554,0.3853028323643325,0.3749720565030562,0.3154280976180923,1.0,0.2557952686934183,0.29124330696643863,0.3126222178207694,0.24261042269078625,0.4827878718128791,0.0,0.5046412536277429,0.4090935509204572,0.2641783615090454,0.3428278695988769,0.5889289801234101,0.23532631900444834,0.5405613056391244,0.24545246692111888,0.4244994853700683,0.6126438927237353,0.2619451863764234,0.2544304923689382,0.2797463938886702,0.4151202115637025,0.41501048498115,0.26118112918930236,0.29663938058860406
0.27765273397054513,0.2713272877202355,0.2104020213578861,0.511593212121185,0.2479124274158021,0.25816019595857587,0.25328621031345844,0.6928887333840524,0.2649893125923579,0.4944181644136926,0.260622156337873,0.4802807303849925,0.25646064514120115,0.5103816046485208,0.4834802945774114,0.24882497046642893,0.23140908598623078,0.25757931863141026,0.21560785947139804,0.25354784969857347,0.2513564586948176,0.24100864359660423,0.26614222865078097,0.24040223368040825,0.24307196209431192,0.20024400227971717,0.2557952686934183,1.0,0.3061040555961848,0.26704370950873035,0.4607188602697353,0.250200092732084,0.0,0.2541679713152445,0.25435396314446135,0.4028778313189131,0.23849805145854008,0.26906535892188566,0.40806531436223414,0.258687756006741,0.47553626422636686,0.2543861214845464,0.257816253098336,0.7991213533749331,0.7516329246184166,0.29108517778582155,0.25816060062379975,0.2585841766687237,0.45404058649592915,0.29568584623003724
0.3364518152533825,0.2958830043242986,0.24305384967950527,0.29522500851399636,0.2894071731536604,0.29936760215227964,0.2850622960128153,0.31112480108027174,0.32386911185895495,0.3068437774996403,0.29159183568967517,0.31307353250343417,0.2888147455663991,0.3011361762468039,0.2962381677133836,0.2803743361456764,0.26608950748508875,0.28698858626472734,0.24107546280433156,0.2849045674267189,0.27465665542526674,0.27103166294179715,0.28976612755870623,0.2793749534778506,0.2717909735635664,0.22610563903285708,0.29124330696643863,0.3061040555961848,1.0,0.31690883190650687,0.2814873937737955,0.27736364313021256,0.0,0.2903897210312065,0.2854854139394922,0.3011265875240998,0.27080920112489837,0.29566339080012427,0.2745671098482726,0.2924717798153218,0.2834286280422611,0.28580418704528154,0.29102572854434894,0.30724065741305484,0.3055941215334512,0.39368400420277294,0.28111788486692224,0.2819529461232373,0.2909635285222375,0.5989855019983443
0.3840086924490931,0.30767364071231695,0.2519072726393563,0.27835669111620365,0.30445379199044553,0.2914405035005049,0.30417022483076317,0.27607640021959756,0.4100998014908327,0.291074126961841,0.31167987037559275,0.2706571173720451,0.3182561331095676,0.2690747701682774,0.2736256645780861,0.31264961342021913,0.2715121758617045,0.3054367591947623,0.2549557617766238,0.3036986484472479,0.2992384067127044,0.2892514556336927,0.306778773505035,0.2900298117160328,0.28507219421195173,0.24903294152238775,0.3126222178207694,0.26704370950873035,0.31690883190650687,1.0,0.2609889787135481,0.29124922687930255,0.0,0.30015992474343833,0.2976098629925007,0.27339989080260285,0.29536654608115887,0.3033478962946764,0.24247921343706524,0.31712438925181563,0.26805893390153823,0.3034101832367728,0.31010738751772104,0.2694377111092646,0.26603592527604447,0.31753834275592663,0.3032723441137647,0.3043664290914997,0.2695515029203046,0.32634939543875274
0.2534586721428246,0.2523690747931855,0.19787763825043247,0.4960313811129696,0.26420582149618344,0.2391703283603901,0.23475978034843714,0.4603877588049029,0.2658087243979379,0.5131198844085305,0.24490950310202353,0.436351404943926,0.25148853734465926,0.4837303735374877,0.4879824913734305,0.23990703352248133,0.2237339264298701,0.24025970585398126,0.1957235518184013,0.23584775910715639,0.23201510581937046,0.22017117668944108,0.2435512419502155,0.23678390438443708,0.24236872406621512,0.20249217117255447,0.24261042269078625,0.4607188602697353,0.2814873937737955,0.2609889787135481,1.0,0.24103647230955194,0.0,0.23745896828847923,0.23744934114780325,0.39363014405875163,0.22905319079905506,0.24408612314371536,0.3849205086169797,0.24178614329728054,0.6449408916697988,0.2404574124127541,0.24178720069985404,0.4623598405509499,0.45463959792531905,0.2762429263949979,0.24505554859707612,0.2455927134475906,0.42607755622258037,0.2753028096262289
0.29240391809196986,0.39076806110308115,0.21397109250186752,0.266848681424697,0.4539790495360949,0.40091445392099945,0.3378716798388606,0.26346262072157944,0.29003575436397655,0.25974871939865585,0.4569428975316391,0.2545033160573873,0.5156158268640594,0.25014312225482616,0.25931522032614207,0.3467572625472054,0.41279057139431385,0.44267424921035725,0.4531320667310428,0.3341430663931598,0.4601687243047149,0.4852877747560468,0.47969564811331555,0.39938599820469933,0.4155274829233504,0.3361347808764211,0.4827878718128791,0.250200092732084,0.27736364313021256,0.29124922687930255,0.24103647230955194,1.0,0.0,0.463044833099689,0.39293365044696227,0.24580826330987515,0.3414614124202925,0.4832585808221802,0.23812498852983754,0.48512545098870585,0.24196864313767075,0.4014713600811187,0.497609684104105,0.25270921657847,0.25469373024436115,0.26256780275187364,0.402044705363262,0.40150205720240595,0.24178738338567185,0.2704966917020879
0.0,0.0,0.0,0.0,0.0,0.0,0.0,0.0,0.0,0.0,0.0,0.0,0.0,0.0,0.0,0.0,0.0,0.0,0.0,0.0,0.0,0.0,0.0,0.0,0.0,0.0,0.0,0.0,0.0,0.0,0.0,0.0,1.0,0.0,0.0,0.0,0.0,0.0,0.0,0.0,0.0,0.0,0.0,0.0,0.0,0.0,0.0,0.0,0.0,0.0
0.3040347126842351,0.40171170228030095,0.2266158905776301,0.25162194838996677,0.42689418872460594,0.40548044622892254,0.3543638968798304,0.2633489395872487,0.29210764066658335,0.25503720192010015,0.48050227541713275,0.255217747652864,0.523719788572913,0.25184089508360785,0.24862763050054737,0.34525033965832386,0.3664984884412388,0.48423574925374946,0.41034935930322824,0.3510067168867175,0.49425411189253987,0.6017376218291091,0.6441823444521362,0.3797721575821901,0.3698052468904781,0.31076587897862507,0.5046412536277429,0.2541679713152445,0.2903897210312065,0.30015992474343833,0.23745896828847923,0.463044833099689,0.0,1.0,0.4071266939388638,0.27286609642867554,0.3366683152238573,0.48357159511853653,0.2569851507304338,0.5027156005491165,0.23636678958696133,0.40811258716532495,0.5095481252279668,0.2587612513358438,0.25969489245880994,0.2675452854253094,0.4092429758062094,0.4101872623638194,0.24878244942864924,0.28868921375945833
0.302476794005307,0.5639664191138316,0.21954549124343636,0.2572357349117824,0.39407183652188615,0.5559058872369264,0.354195908543243,0.2630774090701722,0.2917616315848327,0.2588346704557053,0.4215984350908125,0.2625000073280137,0.40714552081549316,0.252713814374241,0.24994839987117212,0.34954348853621253,0.43526114918362735,0.4206703060014041,0.34695362101392635,0.35181587087526933,0.40400837476232376,0.3921894184325272,0.4122631346243517,0.5473810420978287,0.5478459728723044,0.3818573618561881,0.4090935509204572,0.25435396314446135,0.2854854139394922,0.2976098629925007,0.23744934114780325,0.39293365044696227,0.0,0.4071266939388638,1.0,0.261883115349415,0.33967447592951394,0.4088954901342807,0.2475094593513668,0.4201892055965626,0.24136555272290294,0.48027874251011793,0.41511937609847316,0.26050159422138297,0.26168802182477147,0.2701365458775489,0.46979674314493414,0.46861455897687077,0.25856323711161144,0.2809115136075554
0.2760386971409816,0.2667760489457921,0.21912508803652309,0.4121236789632975,0.2495370924003263,0.2655678637623021,0.26925993274659454,0.4033617392150961,0.2762776619804608,0.4281055274860718,0.2762992034732633,0.3955554938041048,0.2566904021306854,0.41285705455650024,0.40308511214340603,0.2653095825798867,0.23787012135946572,0.2767304545662732,0.23298588176184576,0.2688938010580523,0.2667431982308789,0.2505417162342921,0.2724743093049532,0.24887697985758672,0.24670418776072578,0.2075175016044395,0.2641783615090454,0.4028778313189131,0.3011265875240998,0.27339989080260285,0.39363014405875163,0.24580826330987515,0.0,0.27286609642867554,0.261883115349415,1.0,0.2570894474240645,0.26077035288526296,0.40349010352693304,0.267569383992328,0.40023326201655485,0.2612066237969588,0.26514729222012956,0.4117742203211333,0.40931997233748996,0.28893048636152563,0.2607420032524329,0.2614504171690114,0.4107468362183425,0.30046828867951325
0.28757043692368545,0.3331054133537287,0.20813901877021002,0.2508038247643295,0.32392582089620137,0.3416834987776969,0.7892721262256865,0.24939203361072548,0.2905280034879649,0.2533326609675042,0.3373488561900321,0.24105339887832633,0.33919597385127154,0.24044972902261696,0.23940411065060208,0.7508269975308297,0.3006920769258643,0.36869839053407094,0.3101819366165841,0.7821395970856315,0.3663156424505971,0.3412001256436342,0.367804165303395,0.3261002817976343,0.32430875764917333,0.27528617636791985,0.3428278695988769,0.23849805145854008,0.27080920112489837,0.29536654608115887,0.22905319079905506,0.3414614124202925,0.0,0.3366683152238573,0.33967447592951394,0.2570894474240645,1.0,0.326293008075062,0.23694540467410086,0.3354721207052024,0.23416591780661222,0.3393597796686576,0.33930879504971256,0.24192141295868097,0.24079981712816945,0.25844928485347773,0.32750086344102336,0.3279751612967079,0.2375316186978007,0.27275511924835416
0.308079467198784,0.42649576167852565,0.22808243573844866,0.2557025433302499,0.44673863516689705,0.4131859194795523,0.3420086473831271,0.278021768239914,0.2931869758823977,0.26516638771678136,0.4864285537361044,0.2649193996238537,0.49641791812826086,0.25711338220858937,0.2550919668155157,0.33660495550168257,0.3592636031427836,0.46667430660999587,0.3944804948994346,0.34184373650123256,0.4777768518080071,0.46890213737010933,0.49954148460439707,0.3875904458385524,0.3912582410949643,0.31326559189426617,0.5889289801234101,0.26906535892188566,0.29566339080012427,0.3033478962946764,0.24408612314371536,0.4832585808221802,0.0,0.48357159511853653,0.4088954901342807,0.26077035288526296,0.326293008075062,1.0,0.2576427621117867,0.5273769624071615,0.24521180839481516,0.42262868825512456,0.6297051687874324,0.27417583597086825,0.2669781610962991,0.2807673793213932,0.42946945567233596,0.4288701704941478,0.26609907724001836,0.2965162321105156
0.25664667036599376,0.24836385757939783,0.19678902769647066,0.4107471674166945,0.25522131337900267,0.26088013833876,0.24749938931841653,0.4116121904956689,0.24625135143852017,0.4260303481198623,0.25150716270325757,0.40202192150501836,0.23775473833245653,0.4105531511089804,0.40745629031607145,0.24228096752042216,0.2321758930810749,0.25428624520493104,0.21757598407267764,0.24389846772388946,0.241178488563634,0.23121311253940047,0.2546678633873035,0.23726711345277518,0.23783615599713726,0.20279180386863316,0.23532631900444834,0.40806531436223414,0.2745671098482726,0.24247921343706524,0.3849205086169797,0.23812498852983754,0.0,0.2569851507304338,0.2475094593513668,0.40349010352693304,0.23694540467410086,0.2576427621117867,1.0,0.2486324719844656,0.38912257917982274,0.24506370231230712,0.24651434602796074,0.41355561592925083,0.42333996719734246,0.26074867059425133,0.24607284228393722,0.24501400785924887,0.39487980163056335,0.28624936042918736
0.3110475425106396,0.4192959014248926,0.23198344751913968,0.25459203864039603,0.4388672748185237,0.4072080319520026,0.355551182660901,0.2630429033147854,0.3017103655019332,0.26777718346946944,0.5087608120438405,0.2595485687964232,0.5248266468784115,0.25452440082685,0.25262455609722234,0.35095738582380753,0.36878172518228103,0.4896112249867811,0.4152925057128539,0.35569577329772417,0.5030127876004233,0.4900569125434995,0.5169123456951092,0.3903790377346258,0.38108509600583096,0.3310781616653866,0.5405613056391244,0.258687756006741,0.2924717798153218,0.31712438925181563,0.24178614329728054,0.48512545098870585,0.0,0.5027156005491165,0.4201892055965626,0.267569383992328,0.3354721207052024,0.5273769624071615,0.2486324719844656,1.0,0.2416934040502613,0.4304379005740906,0.5399225917397665,0.26243761084239503,0.2675164912541633,0.2888733602856842,0.4429864709392829,0.4407397127770697,0.260158409311667,0.30249129612304604
