../ecoli_genomes/GCF_000163235.1_ASM16323v1_genomic.fna.gz,../ecoli_genomes/GCF_000164555.1_ASM16455v1_genomic.fna.gz,../ecoli_genomes/GCF_000208545.1_ASM20854v2_genomic.fna.gz,../ecoli_genomes/GCF_000233875.1_ASM23387v1_genomic.fna.gz,../ecoli_genomes/GCF_000249735.1_ASM24973v2_genomic.fna.gz,../ecoli_genomes/GCF_000261145.1_Esch_coli_M919_V2_genomic.fna.gz,../ecoli_genomes/GCF_000267705.2_ASM26770v2_genomic.fna.gz,../ecoli_genomes/GCF_000350665.1_Esch_coli_KTE5_V1_genomic.fna.gz,../ecoli_genomes/GCF_000351625.1_Esch_coli_KTE66_V1_genomic.fna.gz,../ecoli_genomes/GCF_000352285.1_Esch_coli_KTE46_V1_genomic.fna.gz,../ecoli_genomes/GCF_000358895.1_ASM35889v1_genomic.fna.gz,../ecoli_genomes/GCF_000456385.1_Esch_coli_HVH_26_4-5703913_V1_genomic.fna.gz,../ecoli_genomes/GCF_000458195.1_Esch_coli_HVH_147_4-5893887_V1_genomic.fna.gz,../ecoli_genomes/GCF_000459755.1_Esch_coli_KOEGE_58_171a_V1_genomic.fna.gz,../ecoli_genomes/GCF_000460055.1_Esch_coli_UMEA_3053-1_V1_genomic.fna.gz,../ecoli_genomes/GCF_000462165.2_ASM46216v2_genomic.fna.gz,../ecoli_genomes/GCF_000601135.1_ASM60113v1_genomic.fna.gz,../ecoli_genomes/GCF_000614595.1_Ec2010EL1058_genomic.fna.gz,../ecoli_genomes/GCF_000617745.1_Ec2010C-4529_genomic.fna.gz,../ecoli_genomes/GCF_000618265.2_EcF6751_genomic.fna.gz,../ecoli_genomes/GCF_000619005.2_Ec2009C-4052_genomic.fna.gz,../ecoli_genomes/GCF_000619105.1_Ec2009C-4780_genomic.fna.gz,../ecoli_genomes/GCF_000619765.2_Ec2009C-3279_genomic.fna.gz,../ecoli_genomes/GCF_000687005.1_ASM68700v1_genomic.fna.gz,../ecoli_genomes/GCF_000687025.1_ASM68702v1_genomic.fna.gz,../ecoli_genomes/GCF_000700125.1_ASM70012v1_genomic.fna.gz,../ecoli_genomes/GCF_000753315.1_FHI35_genomic.fna.gz,../ecoli_genomes/GCF_000776375.1_ASM77637v1_genomic.fna.gz,../ecoli_genomes/GCF_000779395.1_ASM77939v1_genomic.fna.gz,../ecoli_genomes/GCF_000780315.1_ASM78031v1_genomic.fna.gz,../ecoli_genomes/GCF_000781995.1_ASM78199v1_genomic.fna.gz,../ecoli_genomes/GCF_000986765.1_ASM98676v1_genomic.fna.gz,../ecoli_genomes/GCF_001041375.1_ViralProj287958_genomic.fna.gz,../ecoli_genomes/GCF_001265335.1_302014_genomic.fna.gz,../ecoli_genomes/GCF_001265625.1_100854_genomic.fna.gz,../ecoli_genomes/GCF_001267345.1_303289_genomic.fna.gz,../ecoli_genomes/GCF_001309985.1_ASM130998v1_genomic.fna.gz,../ecoli_genomes/GCF_001521695.1_ASM152169v1_genomic.fna.gz,../ecoli_genomes/GCF_001592595.1_ASM159259v1_genomic.fna.gz,../ecoli_genomes/GCF_001614975.1_ASM161497v1_genomic.fna.gz,../ecoli_genomes/GCF_001692775.1_ASM169277v1_genomic.fna.gz,../ecoli_genomes/GCF_001748915.1_ASM174891v1_genomic.fna.gz,../ecoli_genomes/GCF_001749235.1_ASM174923v1_genomic.fna.gz,../ecoli_genomes/GCF_001881155.1_ASM188115v1_genomic.fna.gz,../ecoli_genomes/GCF_001881345.1_ASM188134v1_genomic.fna.gz,../ecoli_genomes/GCF_001892405.1_ASM189240v1_genomic.fna.gz,../ecoli_genomes/GCF_001892585.1_ASM189258v1_genomic.fna.gz,../ecoli_genomes/GCF_001893985.1_ASM189398v1_genomic.fna.gz,../ecoli_genomes/GCF_002001595.1_ASM200159v1_genomic.fna.gz,../ecoli_genomes/GCF_002002145.1_ASM200214v1_genomic.fna.gz
1.0,0.3782754461352096,0.3274159196500045,0.34259583498222757,0.3242779511832582,0.3607024909201966,0.35595364350937464,0.3581816597388715,0.4304357670155202,0.35088492163868623,0.3866664545727755,0.3607504958196571,0.3742548932746915,0.3374782267510439,0.31840024546533896,0.3667881054877665,0.319145230319113,0.36944600491364943,0.3538583176501271,0.36007260687635045,0.3534265402572401,0.34228348143314835,0.36750632315057774,0.36600990146379786,0.3378527320518597,0.26738394380316577,0.3745337538724689,0.34599821006945586,0.3875603154728463,0.44446716364329364,0.31579527105750127,0.3754648015517811,0.0,0.37457536668964575,0.3729212839499808,0.3361029731698256,0.346944041720887,0.37792322308806536,0.2934237181363618,0.37642274021085287,0.3162897833102074,0.36462751857201736,0.37595210291747405,0.35780819979154554,0.3671851663842137,0.37465234628546995,0.3647484737323118,0.36351042625457786,0.33280033330669745,0.40362231214969946
0.3782754461352096,1.0,0.30508313633428097,0.3365281588336996,0.3815438266359209,0.5404875410998645,0.4009629888734191,0.34716892603599425,0.35432984943286283,0.3469890459512791,0.4892634358415072,0.34817966207422746,0.4665472439470235,0.33411292340453835,0.313114931175844,0.40398892832348643,0.3371589212794681,0.462475236577915,0.4400246590978779,0.4048265774798001,0.4523359584137745,0.4252898658113111,0.46388854356530906,0.451721874682517,0.4088063455082269,0.27331626305064705,0.46855040683747795,0.34718338068033017,0.3632341425610027,0.3646405287046598,0.31968361958977465,0.4366020714114399,0.0,0.45572380810015156,0.5801404602933575,0.33433459710416114,0.3857543051335435,0.47550906130456494,0.2817804253758809,0.4707311436105147,0.3188833666066624,0.5095489806388325,0.4745257219309239,0.35445996542096236,0.3545756835425956,0.343538949937662,0.506706590620706,0.5109094828800093,0.35011589777198804,0.3657831991844456
0.3274159196500045,0.30508313633428097,1.0,0.2715199625651834,0.2458857775025427,0.27659404471930016,0.28137394010528627,0.28116866209641256,0.3118793279833567,0.2808158324997826,0.3129207175687043,0.2760683300365653,0.2988713670345703,0.27941155934973716,0.26162178655659984,0.2868208939812472,0.19543764325742452,0.2939249337920693,0.2825908154440203,0.28662188704657454,0.29087313069002596,0.2731931113323206,0.2939789462190393,0.23341499542248967,0.21608414689774535,0.15802371751379662,0.30292089501661634,0.2837519944928144,0.31383096194876337,0.322921878748357,0.2617922575997307,0.27877898205724816,0.0,0.2924028156681522,0.28463073521064564,0.28358123749967934,0.27237942232946,0.29498649253604936,0.23783821750681866,0.30283607151183,0.2654777597093049,0.29601043744502187,0.30551735474234454,0.28423840700429437,0.27917477425008286,0.29818514932178986,0.2963212814863069,0.2974494613419999,0.282975502710232,0.3203681824557445
0.34259583498222757,0.3365281588336996,0.2715199625651834,1.0,0.34859548439485255,0.33336698452689595,0.3125245122953981,0.5515680386705762,0.3645740564295873,0.5778458214109546,0.3335066463781441,0.5461577780081295,0.3626204945991329,0.5826778998104101,0.6118818336109105,0.3432946639729947,0.26072150060923494,0.3252094374823091,0.3018508877615904,0.31363132664691706,0.31458343537421585,0.2926451049907747,0.3239180278499534,0.31009479518809224,0.29120610708584127,0.2187815684276938,0.32669426945720126,0.5496199823126975,0.35062988743027235,0.3475416326539986,0.5580825850456116,0.35920266787315747,0.0,0.31331296375575624,0.3269235537170212,0.45260698964563373,0.31998445074826254,0.31814071490807994,0.40893113041887985,0.31856631442477235,0.5784007675458713,0.3267981809415794,0.32356232268028484,0.5513847111588501,0.5400816012582621,0.338988523464022,0.3181236274437692,0.3193030350546867,0.4918306501592947,0.36026940189335976
0.3242779511832582,0.3815438266359209,0.2458857775025427,0.34859548439485255,1.0,0.40242760692246216,0.32608827129864393,0.34025704928393663,0.3542343462224018,0.34819873588475503,0.46795721100835586,0.3041384533727197,0.49241270096834233,0.30015938083624427,0.3467240900678068,0.38645943924052284,0.34571444382324146,0.3971886731611334,0.3813334826098139,0.3297778020233534,0.40125970788902177,0.3674408130666589,0.4013804852562457,0.40761150476290453,0.373736597180775,0.29192778811607045,0.41510149754919345,0.28970724595997754,0.31113772583420696,0.34027759411743175,0.32202123055192744,0.48038276115137446,0.0,0.40830358653508814,0.3923140034417055,0.27550441280253435,0.3486467218684748,0.436617295951931,0.3111481769745692,0.4255658160045812,0.33989688694150966,0.4017836597810732,0.4270289911701507,0.29993164943530215,0.3055750174425257,0.2941864166087157,0.3968768803597288,0.39929937985627895,0.28530653400647166,0.31666360800653726
0.3607024909201966,0.5404875410998645,0.27659404471930016,0.33336698452689595,0.40242760692246216,1.0,0.3926113941699554,0.3421768599779357,0.3424418569804978,0.3247563750655109,0.44705883201048235,0.32558172039305955,0.4487935936961348,0.3155818151395797,0.3072086352089184,0.4043937918560272,0.37215855853397095,0.44467034195842825,0.43159958429802836,0.3881980234885496,0.4169377156560682,0.4816131745342316,0.4428369455020229,0.46893313608849985,0.4389841665284959,0.31707095951819075,0.4324597830373075,0.3273613554871073,0.34731060728396557,0.3454612566525812,0.30376349688931437,0.43966697938061694,0.0,0.4440412864499069,0.5464849871358732,0.3226418175071174,0.3799158219498362,0.4386625163432195,0.290783164507322,0.44109625382312045,0.31099717363438995,0.4889250132659645,0.44320990881944844,0.3320935946649818,0.33087504238144483,0.31861284528043465,0.4810841806470457,0.4823081899369679,0.3146965510352019,0.3466528418114191
0.35595364350937464,0.4009629888734191,0.28137394010528627,0.3125245122953981,0.32608827129864393,0.3926113941699554,1.0,0.3190818660028615,0.34721079922501474,0.31446849649140607,0.41587083830252536,0.3102382770559666,0.398899523958424,0.31125836128472795,0.2919056524219483,0.7432663717492034,0.26862216750040346,0.44272907999636646,0.4243907679720238,0.8682005938899097,0.441096248088945,0.4042810532302422,0.4473167931428651,0.32563709659943585,0.2963026482402603,0.22189328339087466,0.4155503217807117,0.31548338245506147,0.3406159095849959,0.34719459973636824,0.28950449681916646,0.38266291764143534,0.0,0.40896449053311346,0.406283264178662,0.33388243494286995,0.7991335867745373,0.3891777032124005,0.2791896609897272,0.40582463954335246,0.2913797405724037,0.39714070329200335,0.41005034369679527,0.3194903415845748,0.3203213509982682,0.32555181928218935,0.38540627877625355,0.3883572383691304,0.3122048074280698,0.3481356516415357
0.3581816597388715,0.34716892603599425,0.28116866209641256,0.5515680386705762,0.34025704928393663,0.3421768599779357,0.3190818660028615,1.0,0.355938563273531,0.5544374192243953,0.3432551464573008,0.5340946120810658,0.3652207662278659,0.5332837750422929,0.524614596550006,0.34764113710599653,0.27668997114377103,0.33420262898113506,0.31662845566074105,0.3210468445158513,0.32381029018527185,0.30641791442771216,0.3338369581690054,0.33128152136696354,0.3024711916568028,0.2360594551455385,0.33693592669578054,0.6980814753888624,0.36259186585974834,0.3501362653834973,0.5185634858349016,0.3579337395543305,0.0,0.33364906518171344,0.3382579449724874,0.4517546106931555,0.31992044675697384,0.3470065891908093,0.419159755054646,0.33640633971309397,0.5272844361358116,0.33396792153121035,0.3366875678104244,0.7041493225983717,0.6828770023026987,0.3465725841974706,0.3280816744460061,0.32929690945427226,0.49277573411282105,0.3663880253917674
0.4304357670155202,0.35432984943286283,0.3118793279833567,0.3645740564295873,0.3542343462224018,0.3424418569804978,0.34721079922501474,0.355938563273531,1.0,0.3695680912926613,0.3719068239881912,0.3288396606173638,0.3918165697714755,0.34531521287838807,0.3568148477715697,0.38297691033550174,0.2502970090007164,0.3593118131390467,0.33136840668792433,0.3523534020476464,0.3411849680447675,0.32374178360418493,0.3556417194021775,0.310033192553807,0.28134827323633393,0.21112017271837458,0.3663525091563846,0.3305194842738606,0.3794987729702809,0.4680840869627376,0.342931486933964,0.36623925708984806,0.0,0.3512783446192743,0.3511779709995061,0.33922115627074634,0.3558700333299397,0.3465565678361069,0.28045484869919535,0.36227132707816156,0.34688016622440976,0.3560893781699729,0.3667271698226281,0.33235542188831846,0.3269112455860562,0.3596531142690753,0.34376282191627217,0.34569812986600046,0.3249013454781067,0.39193856334872756
0.35088492163868623,0.3469890459512791,0.2808158324997826,0.5778458214109546,0.34819873588475503,0.3247563750655109,0.31446849649140607,0.5544374192243953,0.3695680912926613,1.0,0.3472764654401709,0.5243912987573875,0.37531294606642696,0.5518215899077401,0.548799576073509,0.3473530764094289,0.2368606733460087,0.32916081224603144,0.30691754607905775,0.3171202137824657,0.31705763184625024,0.29482289162547093,0.3211409704259618,0.2922943528298958,0.26958287458622954,0.20043375604007063,0.3346625342937194,0.5425537850378492,0.35695781576990926,0.35667667235719347,0.560076625873307,0.342265484566705,0.0,0.31738641465279205,0.3288114942133561,0.462602967715666,0.3209931961125706,0.32848971793303194,0.4197256759761504,0.3304976158938825,0.5723228852255953,0.3303327924418189,0.33132600983241667,0.5409648102897218,0.5416474170636775,0.3427977067203112,0.3212427140229386,0.32285246252551014,0.5116821332383832,0.3580708116958098
0.3866664545727755,0.4892634358415072,0.3129207175687043,0.3335066463781441,0.46795721100835586,0.44705883201048235,0.41587083830252536,0.3432551464573008,0.3719068239881912,0.3472764654401709,1.0,0.33980418172602656,0.5683654028111547,0.3430833515119538,0.31964980099166707,0.42163760323238175,0.3064504411391181,0.5422913431684677,0.5112281964605347,0.42218927615639834,0.5309071124094227,0.5036623399783559,0.5411384386026775,0.3805693853769231,0.3359398556421247,0.25215144517514276,0.5572239504618195,0.3456294280924216,0.3669633553624764,0.3819295910217583,0.3205507203821937,0.4871303532640945,0.0,0.528408578103631,0.4837423063976095,0.34746919587902947,0.4026052665152985,0.5314394257692319,0.2897598426014556,0.5751067838545366,0.3215740732487111,0.49550769437397735,0.5655722260527727,0.34653709758197815,0.3449083896896944,0.35168032267717,0.4846661910449952,0.4881224940793043,0.34356359793766655,0.37630278894555247
0.3607504958196571,0.34817966207422746,0.2760683300365653,0.5461577780081295,0.3041384533727197,0.32558172039305955,0.3102382770559666,0.5340946120810658,0.3288396606173638,0.5243912987573875,0.33980418172602656,1.0,0.33572979796859403,0.5341696496001926,0.5961849334436129,0.32231438376270705,0.2840356278339179,0.32148887355036904,0.31118109461966625,0.311348008004838,0.3187717610966525,0.29994182012909076,0.32463091839839153,0.32493806161604855,0.3022338132231076,0.2424837720049986,0.32588365830187527,0.5331545082922682,0.36103913680973043,0.33799643950788694,0.4857257743016198,0.33943863852609757,0.0,0.32328472444241085,0.33011807687532935,0.44498482815400486,0.3039257699752408,0.3301196176695951,0.41499741229692966,0.32893812365944775,0.4996650459387333,0.3216757119498014,0.3288444662683486,0.5432815867006301,0.5421112989553378,0.3446598517515871,0.33154631898173104,0.33093175386138995,0.4819522530878212,0.3606127827137582
0.3742548932746915,0.4665472439470235,0.2988713670345703,0.3626204945991329,0.49241270096834233,0.4487935936961348,0.398899523958424,0.3652207662278659,0.3918165697714755,0.37531294606642696,0.5683654028111547,0.33572979796859403,1.0,0.3393065919080832,0.3563706085236986,0.43565629927352656,0.3187144877182372,0.528972831730065,0.5109140983655038,0.4036209002331562,0.5339227706103749,0.5264198192066282,0.5775901220278863,0.3975448368653295,0.34922187209477573,0.2620748202470369,0.5720102439398786,0.34009782663706734,0.36009803000619256,0.39182769304649534,0.3403753476269855,0.535862021315743,0.0,0.5630115535799018,0.4660656456515888,0.3304398544396926,0.41083925217364525,0.5343573544801481,0.28327052357548177,0.5775067437025361,0.35053848726809567,0.4817068616621787,0.5687651818595545,0.3398592417753965,0.3365309174615537,0.33969570547033645,0.4654607383330106,0.468187713986594,0.3324685278712005,0.3662824160314798
0.3374782267510439,0.33411292340453835,0.27941155934973716,0.5826778998104101,0.30015938083624427,0.3155818151395797,0.31125836128472795,0.5332837750422929,0.34531521287838807,0.5518215899077401,0.3430833515119538,0.5341696496001926,0.3393065919080832,1.0,0.5728528795202397,0.3240409063294195,0.22382885421663523,0.3286278209953519,0.30987937613233774,0.3141300550679359,0.31643940432202644,0.29582490511344195,0.3252976782588194,0.26933037971465834,0.24887325120471526,0.18326683053319248,0.33013142883904123,0.5607268489642012,0.3612717237767509,0.335321167428824,0.5323344243383829,0.3248778624737926,0.0,0.3138762754370521,0.3226990333213948,0.46064224072531845,0.30863711791546367,0.32411273789795203,0.41469112379518946,0.3216483407193016,0.5403058787005579,0.31748995661276014,0.3265859591933231,0.5540090443212101,0.5405748583911778,0.34863277852038344,0.31794824011986167,0.32047314279720407,0.50503334035777,0.36969663415503584
0.31840024546533896,0.313114931175844,0.26162178655659984,0.6118818336109105,0.3467240900678068,0.3072086352089184,0.2919056524219483,0.524614596550006,0.3568148477715697,0.548799576073509,0.31964980099166707,0.5961849334436129,0.3563706085236986,0.5728528795202397,1.0,0.3280391323941274,0.23649452640376545,0.3077125114620237,0.284183956684383,0.29363039195785223,0.29877732332615825,0.27789330913770915,0.3082926737167283,0.2846555225077917,0.26514842061593336,0.20133754163128248,0.3129906182603662,0.5106403421196317,0.3401196133145822,0.33460778466608154,0.5463225248850594,0.3422284512869751,0.0,0.29976271348522354,0.308427301871537,0.43071030360467566,0.3033450876673883,0.3075396632733197,0.3967615553420627,0.3054499924153581,0.5590703811562839,0.30672346230291747,0.31274928839973903,0.5087731410892015,0.49901674117317796,0.3300712246097166,0.3078939630132528,0.3100133519075299,0.46658991182332776,0.3538940413643338
0.3667881054877665,0.40398892832348643,0.2868208939812472,0.3432946639729947,0.38645943924052284,0.4043937918560272,0.7432663717492034,0.34764113710599653,0.38297691033550174,0.3473530764094289,0.42163760323238175,0.32231438376270705,0.43565629927352656,0.3240409063294195,0.3280391323941274,1.0,0.29481191555361974,0.4289540930638618,0.41028003042531525,0.7588052922275773,0.4188480621512267,0.4046942334124253,0.4360112855290349,0.3552108759021102,0.32889624767374614,0.25502987897357476,0.4094367930361875,0.32060326424495245,0.3400306208130722,0.37295448955434196,0.3205489175019086,0.4103271681089602,0.0,0.4085447392112658,0.40602537367672387,0.3306002315645047,0.7385423529515966,0.3944364953809283,0.2805853889822114,0.4097234520340751,0.3247910871693187,0.4045479521290096,0.40955257972486203,0.3235477138236681,0.3258353659598966,0.3284449538412757,0.39047715496081126,0.3938526659195948,0.3198746227925816,0.3501460099582535
0.319145230319113,0.3371589212794681,0.19543764325742452,0.26072150060923494,0.34571444382324146,0.37215855853397095,0.26862216750040346,0.27668997114377103,0.2502970090007164,0.2368606733460087,0.3064504411391181,0.2840356278339179,0.3187144877182372,0.22382885421663523,0.23649452640376545,0.29481191555361974,1.0,0.2961004054729086,0.29022057579525806,0.2684678945959126,0.29503636373561326,0.2836441786699915,0.3071796329271199,0.6147333438140363,0.6318695852753812,0.5930747936945743,0.300155740073185,0.24342954957249818,0.24596757556440685,0.26196511663795097,0.22228379787410768,0.4494532673756918,0.0,0.3457219135158871,0.37144409330433803,0.2284023595830873,0.2746826190547744,0.31315897080051713,0.2462851411435546,0.3318466207994406,0.22560060738898047,0.33455097630342834,0.30815170008834203,0.28252749065974914,0.29113462204723883,0.23273235525255176,0.38814397367102005,0.3719944197953964,0.2177159388287906,0.2543175115084281
0.36944600491364943,0.462475236577915,0.2939249337920693,0.3252094374823091,0.3971886731611334,0.44467034195842825,0.44272907999636646,0.33420262898113506,0.3593118131390467,0.32916081224603144,0.5422913431684677,0.32148887355036904,0.528972831730065,0.3286278209953519,0.3077125114620237,0.4289540930638618,0.2961004054729086,1.0,0.5614376936176608,0.44340859896048523,0.5514992184754124,0.5223301228701,0.568948060509239,0.3644570390971946,0.31894764070878523,0.24045435343845867,0.5443197919474567,0.33326480296864947,0.3578014696844589,0.3668615353877479,0.3073311267466705,0.47894538008659926,0.0,0.5260566783596164,0.4640333111818833,0.3495799500397465,0.4243169366979961,0.4949925565856289,0.28854532085256845,0.5341824251115546,0.3070170602022618,0.47298212729545475,0.5301943412643807,0.33156697187407846,0.32796840562635177,0.3365089568894529,0.45775304331851885,0.4609175753687642,0.3221246930349767,0.36317298520357477
0.3538583176501271,0.4400246590978779,0.2825908154440203,0.3018508877615904,0.3813334826098139,0.43159958429802836,0.4243907679720238,0.31662845566074105,0.33136840668792433,0.30691754607905775,0.5112281964605347,0.31118109461966625,0.5109140983655038,0.30987937613233774,0.284183956684383,0.41028003042531525,0.29022057579525806,0.5614376936176608,1.0,0.42315561185960127,0.5422322626713338,0.515761762394614,0.5487465724857489,0.352279916668117,0.31118879076379347,0.23579719594026827,0.5289682500926596,0.31653044358529314,0.3391120111255218,0.34624800887737095,0.2863689092851667,0.4642438306679748,0.0,0.5051158613347735,0.452142427708621,0.33024464866415415,0.40668331054111184,0.4902449089599472,0.2737310221531498,0.5241333200780189,0.286233862759822,0.45486542858851386,0.5189315139163724,0.31733757087785885,0.31338385414671877,0.32421378466724626,0.4321303692884242,0.4359126057718079,0.3082766673923647,0.3490497019171275
0.36007260687635045,0.4048265774798001,0.28662188704657454,0.31363132664691706,0.3297778020233534,0.3881980234885496,0.8682005938899097,0.3210468445158513,0.3523534020476464,0.3171202137824657,0.42218927615639834,0.311348008004838,0.4036209002331562,0.3141300550679359,0.29363039195785223,0.7588052922275773,0.2684678945959126,0.44340859896048523,0.42315561185960127,1.0,0.44071283210445056,0.402565345244149,0.44593667802679104,0.324403652324349,0.2975433948577545,0.2219971738622869,0.4194243069402259,0.31947569592711367,0.3454148248542599,0.3537945679645612,0.2929862697640371,0.38482835373184576,0.0,0.41081921774732033,0.40625835267826815,0.3344692734764121,0.8088867934287074,0.39529889062364953,0.27368447403565477,0.4127281453964381,0.2935929943811395,0.4034388067886674,0.4159069181563896,0.3200457612460633,0.31909163532602147,0.32972961647272514,0.39055094393112255,0.39328028700776996,0.3155814343919451,0.35199898994878076
0.3534265402572401,0.4523359584137745,0.29087313069002596,0.31458343537421585,0.40125970788902177,0.4169377156560682,0.441096248088945,0.32381029018527185,0.3411849680447675,0.31705763184625024,0.5309071124094227,0.3187717610966525,0.5339227706103749,0.31643940432202644,0.29877732332615825,0.4188480621512267,0.29503636373561326,0.5514992184754124,0.5422322626713338,0.44071283210445056,1.0,0.5137170733075668,0.5726021375689299,0.3568393702535495,0.317510671587656,0.24522270109565503,0.5459125867102403,0.3250372991996293,0.34274742490062005,0.3544114684597992,0.29377799963688556,0.48652935683778653,0.0,0.5368876363885232,0.4496440041893317,0.33806194579124793,0.4222873274748664,0.5060873456697652,0.28079410476791566,0.5461581943112155,0.3010108265059318,0.44659501443528493,0.532880297924029,0.3263078580929438,0.3241720480151936,0.3359547636249858,0.45216490898893036,0.45602395111901084,0.31645701976094653,0.3541338655588602
0.34228348143314835,0.4252898658113111,0.2731931113323206,0.2926451049907747,0.3674408130666589,0.4816131745342316,0.4042810532302422,0.30641791442771216,0.32374178360418493,0.29482289162547093,0.5036623399783559,0.29994182012909076,0.5264198192066282,0.29582490511344195,0.27789330913770915,0.4046942334124253,0.2836441786699915,0.5223301228701,0.515761762394614,0.402565345244149,0.5137170733075668,1.0,0.6628172818541276,0.3373598337832958,0.3061582444102715,0.23985316952938018,0.5150564237100285,0.309655919578838,0.3259616542301852,0.3314818907049799,0.274639855557095,0.4562437565907409,0.0,0.5970495975126245,0.43121812385236136,0.3083552119160289,0.3838821171282816,0.4841855443184887,0.25914144582466203,0.5161021532849964,0.27440142858479843,0.42994289196081825,0.5148491482305464,0.3068009539813308,0.3032083991311305,0.3130334013424191,0.42143977055579684,0.4240862522899862,0.2984624274218425,0.33591094175306135
0.36750632315057774,0.46388854356530906,0.2939789462190393,0.3239180278499534,0.4013804852562457,0.4428369455020229,0.4473167931428651,0.3338369581690054,0.3556417194021775,0.3211409704259618,0.5411384386026775,0.32463091839839153,0.5775901220278863,0.3252976782588194,0.3082926737167283,0.4360112855290349,0.3071796329271199,0.568948060509239,0.5487465724857489,0.44593667802679104,0.5726021375689299,0.6628172818541276,1.0,0.36863595508871727,0.33134704916079305,0.24691532561493212,0.5682762416717996,0.3310930489964379,0.35424466250026343,0.35742708485101315,0.3024067085185672,0.5026233535163702,0.0,0.6536115753791201,0.46325985689564686,0.3397298618185599,0.4285243325899115,0.5273477983981274,0.28753380365560754,0.5545797919291561,0.30294980387186066,0.46192750166304497,0.5546042899043975,0.33123388695440426,0.3275738319128274,0.3372215512780129,0.4515437025966609,0.4554096825627679,0.3221839881221624,0.3610511813567989
0.36600990146379786,0.451721874682517,0.23341499542248967,0.31009479518809224,0.40761150476290453,0.46893313608849985,0.32563709659943585,0.33128152136696354,0.310033192553807,0.2922943528298958,0.3805693853769231,0.32493806161604855,0.3975448368653295,0.26933037971465834,0.2846555225077917,0.3552108759021102,0.6147333438140363,0.3644570390971946,0.352279916668117,0.324403652324349,0.3568393702535495,0.3373598337832958,0.36863595508871727,1.0,0.6338900777101205,0.49563220439371336,0.3704653564285605,0.28166499571359305,0.2912646297656831,0.31961338443417064,0.2706855466337592,0.4831708624179665,0.0,0.39788486081635954,0.49040782378798053,0.2725915044803491,0.33032919330808563,0.3669462065318053,0.26886950193868187,0.3922855171251953,0.27837591855571253,0.41256728073710913,0.37028966090681026,0.3210472066855442,0.32914486026191425,0.2780641566362635,0.4315476802837537,0.42332192855170103,0.2634977754046316,0.30122048597292583
0.3378527320518597,0.4088063455082269,0.21608414689774535,0.29120610708584127,0.373736597180775,0.4389841665284959,0.2963026482402603,0.3024711916568028,0.28134827323633393,0.26958287458622954,0.3359398556421247,0.3022338132231076,0.34922187209477573,0.24887325120471526,0.26514842061593336,0.32889624767374614,0.6318695852753812,0.31894764070878523,0.31118879076379347,0.2975433948577545,0.317510671587656,0.3061582444102715,0.33134704916079305,0.6338900777101205,1.0,0.5783058647199399,0.3250131989683639,0.2617239099688148,0.25736197837998254,0.2846244354783819,0.25212415003743116,0.46633228023381434,0.0,0.355120895204715,0.4447162329798088,0.2401271052928461,0.30722695028710445,0.34032848518674863,0.25655990257268846,0.3503630121942589,0.2561307882611251,0.36534367392530054,0.3354821935797848,0.30488510384333234,0.3061799037338986,0.25737069670958623,0.40398698851529735,0.38786334224980124,0.2490717143955825,0.27298958390330375
0.26738394380316577,0.27331626305064705,0.15802371751379662,0.2187815684276938,0.29192778811607045,0.31707095951819075,0.22189328339087466,0.2360594551455385,0.21112017271837458,0.20043375604007063,0.25215144517514276,0.2424837720049986,0.2620748202470369,0.18326683053319248,0.20133754163128248,0.25502987897357476,0.5930747936945743,0.24045435343845867,0.23579719594026827,0.2219971738622869,0.24522270109565503,0.23985316952938018,0.24691532561493212,0.49563220439371336,0.5783058647199399,1.0,0.2439142593109178,0.2057137797134504,0.1924317150447461,0.21734293373652902,0.18736501720240284,0.3623306658934893,0.0,0.2819010692172501,0.31093521026924964,0.18044454787393394,0.2267555670339082,0.27224592392341207,0.20226113234357168,0.2766826263201133,0.19056198248623835,0.2758514243410505,0.2522532969880812,0.24754744616901625,0.25080986970830255,0.19014551596394935,0.3291844671081793,0.31950239757321763,0.18255056595577202,0.20665840431167126
0.3745337538724689,0.46855040683747795,0.30292089501661634,0.32669426945720126,0.41510149754919345,0.4324597830373075,0.4155503217807117,0.33693592669578054,0.3663525091563846,0.3346625342937194,0.5572239504618195,0.32588365830187527,0.5720102439398786,0.33013142883904123,0.3129906182603662,0.4094367930361875,0.300155740073185,0.5443197919474567,0.5289682500926596,0.4194243069402259,0.5459125867102403,0.5150564237100285,0.5682762416717996,0.3704653564285605,0.3250131989683639,0.2439142593109178,1.0,0.3334084373423092,0.3628863831357563,0.3678687784671343,0.3116136380705651,0.5078786134118611,0.0,0.5412251626385278,0.465426356941509,0.33736107377708946,0.4053617244585037,0.5966429465136056,0.2798196966852965,0.5800561665491899,0.31427186145338293,0.47080891430736516,0.6398512398374758,0.3390920698769426,0.33039668369648656,0.3450786506479523,0.4564554390306296,0.45946119413370257,0.3309336359429432,0.3680201950067874
0.34599821006945586,0.34718338068033017,0.2837519944928144,0.5496199823126975,0.28970724595997754,0.3273613554871073,0.31548338245506147,0.6980814753888624,0.3305194842738606,0.5425537850378492,0.3456294280924216,0.5331545082922682,0.34009782663706734,0.5607268489642012,0.5106403421196317,0.32060326424495245,0.24342954957249818,0.33326480296864947,0.31653044358529314,0.31947569592711367,0.3250372991996293,0.309655919578838,0.3310930489964379,0.28166499571359305,0.2617239099688148,0.2057137797134504,0.3334084373423092,1.0,0.3648422446331433,0.3371545614006499,0.5096807071316208,0.32790489138375334,0.0,0.32666746327732177,0.3244968325982751,0.46036114127012195,0.3053322969899688,0.3407644473700575,0.41545828105873017,0.3321304336073406,0.5156207779533011,0.32674257334016577,0.3326901856153438,0.8052074916663557,0.7559074464160407,0.3505995684952071,0.32984042025172466,0.32999170035244496,0.5136104645632558,0.36326930168595406
0.3875603154728463,0.3632341425610027,0.31383096194876337,0.35062988743027235,0.31113772583420696,0.34731060728396557,0.3406159095849959,0.36259186585974834,0.3794987729702809,0.35695781576990926,0.3669633553624764,0.36103913680973043,0.36009803000619256,0.3612717237767509,0.3401196133145822,0.3400306208130722,0.24596757556440685,0.3578014696844589,0.3391120111255218,0.3454148248542599,0.34274742490062005,0.3259616542301852,0.35424466250026343,0.2912646297656831,0.25736197837998254,0.1924317150447461,0.3628863831357563,0.3648422446331433,1.0,0.3775254492029845,0.33524430832771357,0.33733460066241516,0.0,0.35167009604317967,0.34560461380225593,0.3596558662515601,0.3296322865370662,0.3545055988969703,0.29965380282569587,0.3546576691165222,0.3335334629585006,0.3480450945863477,0.3589923677904069,0.35796455867535826,0.3552844015802492,0.43269292027719497,0.34152763660712626,0.3425311099610119,0.3510171893956715,0.633747186717157
0.44446716364329364,0.3646405287046598,0.322921878748357,0.3475416326539986,0.34027759411743175,0.3454612566525812,0.34719459973636824,0.3501362653834973,0.4680840869627376,0.35667667235719347,0.3819295910217583,0.33799643950788694,0.39182769304649534,0.335321167428824,0.33460778466608154,0.37295448955434196,0.26196511663795097,0.3668615353877479,0.34624800887737095,0.3537945679645612,0.3544114684597992,0.3314818907049799,0.35742708485101315,0.31961338443417064,0.2846244354783819,0.21734293373652902,0.3678687784671343,0.3371545614006499,0.3775254492029845,1.0,0.32620112991728,0.3559388397045954,0.0,0.3528918410761097,0.3607549745008246,0.3354304099228367,0.3501687230400701,0.35691651097726174,0.2808702757590842,0.37841029228240397,0.33591626633338756,0.36477344986496874,0.3732235801591076,0.33740333805829426,0.3350903134667076,0.380457899828731,0.3647700704678213,0.3655695740931738,0.3309962321440797,0.3935892676746585
0.31579527105750127,0.31968361958977465,0.2617922575997307,0.5580825850456116,0.32202123055192744,0.30376349688931437,0.28950449681916646,0.5185634858349016,0.342931486933964,0.560076625873307,0.3205507203821937,0.4857257743016198,0.3403753476269855,0.5323344243383829,0.5463225248850594,0.3205489175019086,0.22228379787410768,0.3073311267466705,0.2863689092851667,0.2929862697640371,0.29377799963688556,0.274639855557095,0.3024067085185672,0.2706855466337592,0.25212415003743116,0.18736501720240284,0.3116136380705651,0.5096807071316208,0.33524430832771357,0.32620112991728,1.0,0.32685240274262894,0.0,0.3007276648355248,0.3022584758998317,0.43522717970556934,0.29793005972478914,0.30493356728683463,0.387084025966146,0.30605424292298633,0.6595329603198179,0.30735716001516633,0.30755070865303813,0.509272529507375,0.49921787067874523,0.3251635804842351,0.30053835726989875,0.3020190944418698,0.4665444509216209,0.33651388354716094
0.3754648015517811,0.4366020714114399,0.27877898205724816,0.35920266787315747,0.48038276115137446,0.43966697938061694,0.38266291764143534,0.3579337395543305,0.36623925708984806,0.342265484566705,0.4871303532640945,0.33943863852609757,0.535862021315743,0.3248778624737926,0.3422284512869751,0.4103271681089602,0.4494532673756918,0.47894538008659926,0.4642438306679748,0.38482835373184576,0.48652935683778653,0.4562437565907409,0.5026233535163702,0.4831708624179665,0.46633228023381434,0.3623306658934893,0.5078786134118611,0.32790489138375334,0.33733460066241516,0.3559388397045954,0.32685240274262894,1.0,0.0,0.5065875349172271,0.4417646722518306,0.3106767382004483,0.39159788691797504,0.5047280482041344,0.29149737790559904,0.5247247510761524,0.32695669805126315,0.4435625754752215,0.5184743064147993,0.34083850422865336,0.3422477782654859,0.3215757317112241,0.4540648856064684,0.45186438734197065,0.3046267111287122,0.3431075484179362
0.0,0.0,0.0,0.0,0.0,0.0,0.0,0.0,0.0,0.0,0.0,0.0,0.0,0.0,0.0,0.0,0.0,0.0,0.0,0.0,0.0,0.0,0.0,0.0,0.0,0.0,0.0,0.0,0.0,0.0,0.0,0.0,1.0,0.0,0.0,0.0,0.0,0.0,0.0,0.0,0.0,0.0,0.0,0.0,0.0,0.0,0.0,0.0,0.0,0.0
0.37457536668964575,0.45572380810015156,0.2924028156681522,0.31331296375575624,0.40830358653508814,0.4440412864499069,0.40896449053311346,0.33364906518171344,0.3512783446192743,0.31738641465279205,0.528408578103631,0.32328472444241085,0.5630115535799018,0.3138762754370521,0.29976271348522354,0.4085447392112658,0.3457219135158871,0.5260566783596164,0.5051158613347735,0.41081921774732033,0.5368876363885232,0.5970495975126245,0.6536115753791201,0.39788486081635954,0.355120895204715,0.2819010692172501,0.5412251626385278,0.32666746327732177,0.35167009604317967,0.3528918410761097,0.3007276648355248,0.5065875349172271,0.0,1.0,0.4629082107206094,0.34166096126134415,0.39247440848894277,0.5190801152386151,0.3006904690815977,0.5455723760952012,0.2975279324829042,0.45823437733661876,0.5507639006829312,0.33103094527884236,0.3323495268379931,0.3291746398387754,0.4563647462015835,0.45870638511023754,0.3141511107897672,0.35522454943485693
0.3729212839499808,0.5801404602933575,0.28463073521064564,0.3269235537170212,0.3923140034417055,0.5464849871358732,0.406283264178662,0.3382579449724874,0.3511779709995061,0.3288114942133561,0.4837423063976095,0.33011807687532935,0.4660656456515888,0.3226990333213948,0.308427301871537,0.40602537367672387,0.37144409330433803,0.4640333111818833,0.452142427708621,0.40625835267826815,0.4496440041893317,0.43121812385236136,0.46325985689564686,0.49040782378798053,0.4447162329798088,0.31093521026924964,0.465426356941509,0.3244968325982751,0.34560461380225593,0.3607549745008246,0.3022584758998317,0.4417646722518306,0.0,0.4629082107206094,1.0,0.3288475293496912,0.38929153127085414,0.44714125108050917,0.2904952808647686,0.47234721847553485,0.3064866406955671,0.5097204653732593,0.4748980370698711,0.3329029375372332,0.33302759980622587,0.3321122538416561,0.4985641778073242,0.5005196150077207,0.32101220341601666,0.3553400331469405
0.3361029731698256,0.33433459710416114,0.28358123749967934,0.45260698964563373,0.27550441280253435,0.3226418175071174,0.33388243494286995,0.4517546106931555,0.33922115627074634,0.462602967715666,0.34746919587902947,0.44498482815400486,0.3304398544396926,0.46064224072531845,0.43071030360467566,0.3306002315645047,0.2284023595830873,0.3495799500397465,0.33024464866415415,0.3344692734764121,0.33806194579124793,0.3083552119160289,0.3397298618185599,0.2725915044803491,0.2401271052928461,0.18044454787393394,0.33736107377708946,0.46036114127012195,0.3596558662515601,0.3354304099228367,0.43522717970556934,0.3106767382004483,0.0,0.34166096126134415,0.3288475293496912,1.0,0.3230003371419733,0.32146264906408173,0.4164268728970475,0.3360866896836542,0.43762025393450577,0.32520703719534216,0.3286640495177574,0.45998646418799816,0.4588830870720254,0.3450822950078093,0.3196675469726926,0.3216785985683487,0.45976225620687905,0.3657352887361045
0.346944041720887,0.3857543051335435,0.27237942232946,0.31998445074826254,0.3486467218684748,0.3799158219498362,0.7991335867745373,0.31992044675697384,0.3558700333299397,0.3209931961125706,0.4026052665152985,0.3039257699752408,0.41083925217364525,0.30863711791546367,0.3033450876673883,0.7385423529515966,0.2746826190547744,0.4243169366979961,0.40668331054111184,0.8088867934287074,0.4222873274748664,0.3838821171282816,0.4285243325899115,0.33032919330808563,0.30722695028710445,0.2267555670339082,0.4053617244585037,0.3053322969899688,0.3296322865370662,0.3501687230400701,0.29793005972478914,0.39159788691797504,0.0,0.39247440848894277,0.38929153127085414,0.3230003371419733,1.0,0.3789657156661854,0.26785270989634014,0.3931995609472462,0.2997644602825592,0.38986771218641736,0.40111965871145605,0.31014359684763215,0.3088777255530315,0.3152033716377689,0.3743038173136778,0.3772400705327493,0.3022549224718022,0.33610366019868565
0.37792322308806536,0.47550906130456494,0.29498649253604936,0.31814071490807994,0.436617295951931,0.4386625163432195,0.3891777032124005,0.3470065891908093,0.3465565678361069,0.32848971793303194,0.5314394257692319,0.3301196176695951,0.5343573544801481,0.32411273789795203,0.3075396632733197,0.3944364953809283,0.31315897080051713,0.4949925565856289,0.4902449089599472,0.39529889062364953,0.5060873456697652,0.4841855443184887,0.5273477983981274,0.3669462065318053,0.34032848518674863,0.27224592392341207,0.5966429465136056,0.3407644473700575,0.3545055988969703,0.35691651097726174,0.30493356728683463,0.5047280482041344,0.0,0.5190801152386151,0.44714125108050917,0.32146264906408173,0.3789657156661854,1.0,0.30275690027579794,0.5538989840974047,0.30920416580411425,0.4632378235693244,0.6353402096785907,0.34508915909119176,0.33531867305643626,0.34426132562620493,0.4659141115728793,0.47014156379577643,0.3319386832600788,0.36458327836656823
0.2934237181363618,0.2817804253758809,0.23783821750681866,0.40893113041887985,0.3111481769745692,0.290783164507322,0.2791896609897272,0.419159755054646,0.28045484869919535,0.4197256759761504,0.2897598426014556,0.41499741229692966,0.28327052357548177,0.41469112379518946,0.3967615553420627,0.2805853889822114,0.2462851411435546,0.28854532085256845,0.2737310221531498,0.27368447403565477,0.28079410476791566,0.25914144582466203,0.28753380365560754,0.26886950193868187,0.25655990257268846,0.20226113234357168,0.2798196966852965,0.41545828105873017,0.29965380282569587,0.2808702757590842,0.387084025966146,0.29149737790559904,0.0,0.3006904690815977,0.2904952808647686,0.4164268728970475,0.26785270989634014,0.30275690027579794,1.0,0.28630741744796384,0.3936209602049958,0.27737097518209264,0.2813234597287997,0.4239339444061605,0.4316808664215016,0.2947102632283747,0.2853435192447087,0.28258193847448576,0.4081762737377178,0.31659869891128944
0.37642274021085287,0.4707311436105147,0.30283607151183,0.31856631442477235,0.4255658160045812,0.44109625382312045,0.40582463954335246,0.33640633971309397,0.36227132707816156,0.3304976158938825,0.5751067838545366,0.32893812365944775,0.5775067437025361,0.3216483407193016,0.3054499924153581,0.4097234520340751,0.3318466207994406,0.5341824251115546,0.5241333200780189,0.4127281453964381,0.5461581943112155,0.5161021532849964,0.5545797919291561,0.3922855171251953,0.3503630121942589,0.2766826263201133,0.5800561665491899,0.3321304336073406,0.3546576691165222,0.37841029228240397,0.30605424292298633,0.5247247510761524,0.0,0.5455723760952012,0.47234721847553485,0.3360866896836542,0.3931995609472462,0.5538989840974047,0.28630741744796384,1.0,0.30614073753448645,0.4793686972879322,0.5871190900208452,0.3356614395884112,0.3353168674871547,0.34630385779780704,0.48687625857957784,0.4879448205285697,0.328947823018681,0.36977599362230484
