../ecoli_genomes/GCF_000163235.1_ASM16323v1_genomic.fna.gz,../ecoli_genomes/GCF_000164555.1_ASM16455v1_genomic.fna.gz,../ecoli_genomes/GCF_000208545.1_ASM20854v2_genomic.fna.gz,../ecoli_genomes/GCF_000233875.1_ASM23387v1_genomic.fna.gz,../ecoli_genomes/GCF_000249735.1_ASM24973v2_genomic.fna.gz,../ecoli_genomes/GCF_000261145.1_Esch_coli_M919_V2_genomic.fna.gz,../ecoli_genomes/GCF_000267705.2_ASM26770v2_genomic.fna.gz,../ecoli_genomes/GCF_000350665.1_Esch_coli_KTE5_V1_genomic.fna.gz,../ecoli_genomes/GCF_000351625.1_Esch_coli_KTE66_V1_genomic.fna.gz,../ecoli_genomes/GCF_000352285.1_Esch_coli_KTE46_V1_genomic.fna.gz,../ecoli_genomes/GCF_000358895.1_ASM35889v1_genomic.fna.gz,../ecoli_genomes/GCF_000456385.1_Esch_coli_HVH_26_4-5703913_V1_genomic.fna.gz,../ecoli_genomes/GCF_000458195.1_Esch_coli_HVH_147_4-5893887_V1_genomic.fna.gz,../ecoli_genomes/GCF_000459755.1_Esch_coli_KOEGE_58_171a_V1_genomic.fna.gz,../ecoli_genomes/GCF_000460055.1_Esch_coli_UMEA_3053-1_V1_genomic.fna.gz,../ecoli_genomes/GCF_000462165.2_ASM46216v2_genomic.fna.gz,../ecoli_genomes/GCF_000601135.1_ASM60113v1_genomic.fna.gz,../ecoli_genomes/GCF_000614595.1_Ec2010EL1058_genomic.fna.gz,../ecoli_genomes/GCF_000617745.1_Ec2010C-4529_genomic.fna.gz,../ecoli_genomes/GCF_000618265.2_EcF6751_genomic.fna.gz,../ecoli_genomes/GCF_000619005.2_Ec2009C-4052_genomic.fna.gz,../ecoli_genomes/GCF_000619105.1_Ec2009C-4780_genomic.fna.gz,../ecoli_genomes/GCF_000619765.2_Ec2009C-3279_genomic.fna.gz,../ecoli_genomes/GCF_000687005.1_ASM68700v1_genomic.fna.gz,../ecoli_genomes/GCF_000687025.1_ASM68702v1_genomic.fna.gz,../ecoli_genomes/GCF_000700125.1_ASM70012v1_genomic.fna.gz,../ecoli_genomes/GCF_000753315.1_FHI35_genomic.fna.gz,../ecoli_genomes/GCF_000776375.1_ASM77637v1_genomic.fna.gz,../ecoli_genomes/GCF_000779395.1_ASM77939v1_genomic.fna.gz,../ecoli_genomes/GCF_000780315.1_ASM78031v1_genomic.fna.gz,../ecoli_genomes/GCF_000781995.1_ASM78199v1_genomic.fna.gz,../ecoli_genomes/GCF_000986765.1_ASM98676v1_genomic.fna.gz,../ecoli_genomes/GCF_001041375.1_ViralProj287958_genomic.fna.gz,../ecoli_genomes/GCF_001265335.1_302014_genomic.fna.gz,../ecoli_genomes/GCF_001265625.1_100854_genomic.fna.gz,../ecoli_genomes/GCF_001267345.1_303289_genomic.fna.gz,../ecoli_genomes/GCF_001309985.1_ASM130998v1_genomic.fna.gz,../ecoli_genomes/GCF_001521695.1_ASM152169v1_genomic.fna.gz,../ecoli_genomes/GCF_001592595.1_ASM159259v1_genomic.fna.gz,../ecoli_genomes/GCF_001614975.1_ASM161497v1_genomic.fna.gz,../ecoli_genomes/GCF_001692775.1_ASM169277v1_genomic.fna.gz,../ecoli_genomes/GCF_001748915.1_ASM174891v1_genomic.fna.gz,../ecoli_genomes/GCF_001749235.1_ASM174923v1_genomic.fna.gz,../ecoli_genomes/GCF_001881155.1_ASM188115v1_genomic.fna.gz,../ecoli_genomes/GCF_001881345.1_ASM188134v1_genomic.fna.gz,../ecoli_genomes/GCF_001892405.1_ASM189240v1_genomic.fna.gz,../ecoli_genomes/GCF_001892585.1_ASM189258v1_genomic.fna.gz,../ecoli_genomes/GCF_001893985.1_ASM189398v1_genomic.fna.gz,../ecoli_genomes/GCF_002001595.1_ASM200159v1_genomic.fna.gz,../ecoli_genomes/GCF_002002145.1_ASM200214v1_genomic.fna.gz
1.0,0.37920314032614544,0.3115499853461636,0.34629799452223076,0.35656896142274597,0.3522602921282497,0.3540977933146048,0.35528841205930883,0.45157917241692846,0.35821051331792253,0.38091912462901634,0.3558595677167018,0.37574098395172584,0.32876623724231435,0.32728976205095683,0.36566973223314236,0.34439403248918565,0.3548033646381562,0.3569105727092291,0.35452631335254625,0.3464356604748936,0.34033313283378896,0.36270129626319536,0.3464477986948574,0.3452328315071159,0.3324894932462571,0.3629602066687332,0.3358392941140206,0.38668552059064776,0.43971502323639744,0.3220869548135348,0.36455095611372335,0.0,0.3465891347421678,0.3582654747684597,0.31580479909063097,0.34396660202800355,0.3589614124640179,0.30022627407485536,0.3627359265736765,0.3278388110117586,0.3631788176292662,0.3617592298412997,0.3454468986683332,0.357764747230052,0.3532701984367669,0.35219588626510057,0.3534931655309318,0.32705001953604307,0.39962072192890596
0.37920314032614544,1.0,0.29097763013173816,0.32571954747308873,0.42178487360904193,0.5204202151706611,0.39760931095423246,0.3385883727623433,0.3510390686964042,0.3412789743679815,0.46851559783980035,0.34671892309037,0.47004252158856985,0.31378064444377285,0.31053156425559914,0.3958778780389167,0.4692456199390367,0.4587792683520191,0.4361099415974128,0.40283001955184405,0.44477245114538677,0.41192511105347696,0.4565490687815459,0.502648242114591,0.5101982428178853,0.46747688752152583,0.45888210867746093,0.3325907787276764,0.35818469911342166,0.3570040058490376,0.30977859415280096,0.44586759923874697,0.0,0.43081496335845315,0.5612217675812807,0.2999445378974871,0.3811949108335648,0.45867813103029,0.26434782305972837,0.46129241543176425,0.3122209191170876,0.5061094832513523,0.4603045233133093,0.3437338943244451,0.34429606093023424,0.3311383647995748,0.5133177803109208,0.5141707605432588,0.3363815352906617,0.3524369467639996
0.3115499853461636,0.29097763013173816,1.0,0.2545680550683419,0.2534084799054397,0.2569902206731177,0.2707152228569659,0.26413373457562594,0.30563670707471524,0.2674942438895701,0.2917105780539867,0.2592712292183246,0.29078733841387916,0.25542504077222195,0.24733174582395712,0.2729440808742226,0.2501720815756301,0.28254040760591304,0.2619169914878132,0.2748907210542457,0.27988054490033665,0.2589093556844204,0.2808239788156941,0.24399251791695786,0.2438474825743543,0.247934200827843,0.284252319127265,0.26272707303052234,0.3026564219192609,0.3141201500621922,0.2465711841724545,0.27557112679044515,0.0,0.27135512879488377,0.2636608670691273,0.2506631097602523,0.25951610962123917,0.2766591925757649,0.21108595106696781,0.29453728486421016,0.24978278403170995,0.2766084004965078,0.2894711206935868,0.26605647999674753,0.26237493243536736,0.2838513637425393,0.2840305289098666,0.2838551155955059,0.2694162156280162,0.30829886775849147
0.34629799452223076,0.32571954747308873,0.2545680550683419,1.0,0.3350785904935013,0.30934788175449357,0.3081919650469678,0.526604001038078,0.3310237030573526,0.5439685006487608,0.3254603234354897,0.5471239059851901,0.33421603851938764,0.5622346710327337,0.5843234067479337,0.3171485944549982,0.30893770332843606,0.30833602957820927,0.31243511572939286,0.30663124803064734,0.3032915511372325,0.298364209341654,0.32768675447376516,0.3020670772227241,0.30573056509852214,0.3006072488912398,0.3222030495820839,0.5446288898815634,0.3382067818578324,0.31619129190962125,0.5202581830944976,0.34059709220705736,0.0,0.30290236738445064,0.3165055904176761,0.4146552118818213,0.2982127449790225,0.3066149484486468,0.39184636147535823,0.3146564734117473,0.5431193959857048,0.316334286147012,0.3189866413759963,0.5508190499469052,0.5502003135184081,0.3325396562325035,0.30974356921548485,0.3115841119182031,0.489308275204977,0.35530323126700203
0.35656896142274597,0.42178487360904193,0.2534084799054397,0.3350785904935013,1.0,0.4229583448101527,0.369091048297442,0.3218094321516042,0.34308936181144023,0.3331679157502285,0.5416291169299424,0.31719015739256684,0.5034107065702386,0.30629044494428315,0.327783351175439,0.3987167542814508,0.4364906739656855,0.4287563383771714,0.441561558559471,0.36775766762394846,0.4426071753638414,0.4203591721397574,0.44600914649792345,0.43164457203739826,0.4280894629120864,0.43512500425718137,0.46860934416597,0.29340222580047526,0.32625294528812143,0.3363437018948211,0.30312667632737533,0.48958909608916,0.0,0.45974610432918317,0.43952663288992466,0.2853166546201882,0.36530876224028197,0.46645311001614087,0.27034813192218965,0.4671159908364999,0.3247477331977634,0.44161202967182,0.4782444939085314,0.31664389721168684,0.32528012350484825,0.30535820196721974,0.4481599831683789,0.44728633629639747,0.3094174693397218,0.3395057513485007
0.3522602921282497,0.5204202151706611,0.2569902206731177,0.30934788175449357,0.4229583448101527,1.0,0.39890120992676237,0.326478818631455,0.3296310467437782,0.30404674179511304,0.44501927045381373,0.31919404932635864,0.43054401879381876,0.2927207835966631,0.29237199740656195,0.42050760846627877,0.4545042490029497,0.4334125454544576,0.4398665067796377,0.386107248021903,0.41069539423003043,0.4688607638406709,0.4283550383565886,0.5153584301193409,0.5353709309802857,0.4933189952637782,0.4140060582391337,0.29969004304609403,0.332982560964182,0.323787970950563,0.2810206388300066,0.45055531440294017,0.0,0.4208880629172782,0.5392783009496249,0.2951009716043429,0.37488132911503136,0.4307282104368453,0.26576911480374144,0.42127549917249485,0.28752409728012684,0.4728125269036989,0.4243212673134942,0.31517829009932874,0.3180050569178866,0.309966621985735,0.4720602346693581,0.4736527606717823,0.2973052379750911,0.3403666296285207
0.3540977933146048,0.39760931095423246,0.2707152228569659,0.3081919650469678,0.369091048297442,0.39890120992676237,1.0,0.31068898269348466,0.34929056099822064,0.30811771173246016,0.41474274680828127,0.3047818697034427,0.40948364505219337,0.2901239790751464,0.29011579728529957,0.7578379402607749,0.3689579452335815,0.442253008523938,0.4311096767885211,0.8556629008830935,0.43915247288894577,0.4126616697198884,0.4457010585384781,0.3690634300013058,0.3694738613182149,0.3765034910804044,0.4081136309030079,0.3019057396925118,0.3363870238435773,0.33901182963961785,0.2837053164009916,0.4023748418425308,0.0,0.3960163139948035,0.41095831250271464,0.3103123392476784,0.7869767532914577,0.3817771102345665,0.2623049502477819,0.402845987172756,0.2843485292122082,0.39481029740630724,0.4034715919314299,0.3052802279129132,0.31208272187167263,0.3110903615945594,0.38805887964032904,0.38837702774400285,0.29856974346372955,0.3401026943980704
0.35528841205930883,0.3385883727623433,0.26413373457562594,0.526604001038078,0.3218094321516042,0.326478818631455,0.31068898269348466,1.0,0.3293180672151098,0.5340441990314878,0.3286973440218427,0.5286512203402769,0.33883478544195045,0.5035854503271697,0.5023697147263535,0.31901721560404983,0.3129103737933385,0.3205477024906972,0.3237098042738995,0.31109579241033547,0.3109863005147958,0.30987032647401347,0.3260188279400791,0.320140239025413,0.30811823975845143,0.306197529059669,0.3233468814736635,0.6969109388887603,0.3540056286878207,0.32378603756645297,0.4935080205263025,0.32792548539528477,0.0,0.31077341891186416,0.3215098815269085,0.4154008071263896,0.29918087877801547,0.33149866795702754,0.4034639476377664,0.3286613575694677,0.49131155263821036,0.32471480367322936,0.3290142671935472,0.6982582839437697,0.6885075513516422,0.3298542998181532,0.317571313222328,0.31899593153213845,0.4841693162498375,0.35308927513742705
0.45157917241692846,0.3510390686964042,0.30563670707471524,0.3310237030573526,0.34308936181144023,0.3296310467437782,0.34929056099822064,0.3293180672151098,1.0,0.3421531176901178,0.370992873830558,0.323345237490519,0.369473452076847,0.3162669187072804,0.31899312386414413,0.35685028652013606,0.3252150454744639,0.34563679198214736,0.33464565505479604,0.3527888048212231,0.33993506553589947,0.3290994019302943,0.3508356022388125,0.3259658676354181,0.31748734886375285,0.31639848197247367,0.35756037911866323,0.3182912531378087,0.372517175315651,0.4498839563859345,0.3093594894366011,0.34330586588878165,0.0,0.3373050908895139,0.3450802899229646,0.31082762177618295,0.33947223255320014,0.33835152551774705,0.269729472212222,0.3604783009750211,0.315556686470324,0.3537208736035159,0.36496602856292715,0.324850127909185,0.3255980331173204,0.3530957558194805,0.3451567171607465,0.34634088560247867,0.3181284984135653,0.3915884370247872
0.35821051331792253,0.3412789743679815,0.2674942438895701,0.5439685006487608,0.3331679157502285,0.30404674179511304,0.30811771173246016,0.5340441990314878,0.3421531176901178,1.0,0.3428229267943991,0.5215290656291776,0.35161825750014475,0.520652075439976,0.5289382503827919,0.32005246339733995,0.2979182795520775,0.31504638343741054,0.31101667603173155,0.31008097750679364,0.3101639848018989,0.2957579171721697,0.3169240335159075,0.30357481452431556,0.29999136586038455,0.29949408739480265,0.33145790308650225,0.5318112732537376,0.3518392330200265,0.3306338849714723,0.5415247889086299,0.32462067950343976,0.0,0.30288982960908883,0.3145678174825761,0.43220053391471214,0.30031019672443127,0.31837426563852056,0.41011063755330324,0.33002787147417745,0.5506513765656333,0.32055338038299164,0.32708842016316975,0.5325994053916256,0.5442002611608361,0.3314601536744355,0.31782711880575465,0.3180540850645378,0.5167774314586693,0.3560612005487106
0.38091912462901634,0.46851559783980035,0.2917105780539867,0.3254603234354897,0.5416291169299424,0.44501927045381373,0.41474274680828127,0.3286973440218427,0.370992873830558,0.3428229267943991,1.0,0.32702666479211195,0.5695736289344879,0.3135882922503518,0.3194089506614729,0.4335165689848124,0.4269816322879735,0.5154186553892081,0.4949351500135859,0.41773387642970417,0.5086638145193101,0.5100457809509908,0.5185245176949842,0.4419226016562632,0.4252919997369553,0.44922786916017066,0.531198982583795,0.32055677547440997,0.3501562880015384,0.3700946363013531,0.31327613875989035,0.5029891565497842,0.0,0.48625947843895156,0.46450705097523737,0.31121787032038506,0.4030289022846908,0.5027451812994015,0.27090030804560195,0.5564802560058635,0.3131038470123655,0.4839422399502219,0.5382203595313488,0.3271792026081628,0.33059298470663445,0.32232794858929603,0.4811681028334702,0.4804739329057135,0.32975232895712514,0.3639264220263393
0.3558595677167018,0.34671892309037,0.2592712292183246,0.5471239059851901,0.31719015739256684,0.31919404932635864,0.3047818697034427,0.5286512203402769,0.323345237490519,0.5215290656291776,0.32702666479211195,1.0,0.331466820543453,0.5164512749650416,0.6148011644816023,0.3175457891835439,0.3139837772207369,0.3116177887820675,0.31735078471741796,0.3026792000193306,0.3082271677016696,0.3129057822617908,0.3233924260098875,0.32263154244319514,0.31120025976615484,0.3112049040945867,0.31983444413373785,0.517903420952589,0.35385187182816014,0.32547181701473193,0.48290399636538284,0.33058729490980177,0.0,0.3047474465826825,0.32466781734663575,0.4174513319635087,0.2927563231536583,0.32186091106174874,0.3983602564921894,0.3210536623929773,0.4999196673361098,0.31547637148168195,0.3240071308485619,0.5254591976427884,0.5345152888742779,0.3375364873212833,0.31679567392260544,0.31903829811998774,0.47346320046799983,0.35447776907877315
0.37574098395172584,0.47004252158856985,0.29078733841387916,0.33421603851938764,0.5034107065702386,0.43054401879381876,0.40948364505219337,0.33883478544195045,0.369473452076847,0.35161825750014475,0.5695736289344879,0.331466820543453,1.0,0.31566461617573194,0.33098834843714775,0.4223077087007965,0.4212056163779122,0.5341033053787947,0.5169322025107693,0.4115541635591544,0.5409037766660216,0.5356301608203602,0.5796756471943763,0.4302191824195306,0.4045094425884225,0.42660690337415663,0.5814221603910785,0.32223422529494417,0.35770550729009964,0.3716037796787648,0.3173926809116242,0.5325398044883389,0.0,0.540897117960988,0.4646550125013158,0.30835779071198355,0.40425831377535604,0.5269624236812338,0.2741044482968906,0.5798982078732119,0.32350639552555505,0.4787583049705012,0.5692505435136186,0.32723851476591737,0.3284839960505277,0.3224890721774927,0.4809645729017792,0.4799351899368286,0.32947314179076026,0.3642311948274788
0.32876623724231435,0.31378064444377285,0.25542504077222195,0.5622346710327337,0.30629044494428315,0.2927207835966631,0.2901239790751464,0.5035854503271697,0.3162669187072804,0.520652075439976,0.3135882922503518,0.5164512749650416,0.31566461617573194,1.0,0.5619470701762812,0.29301790000402317,0.2857997318799692,0.30323493703560667,0.2945293574507022,0.293724745786898,0.2914088797066384,0.2808596239121326,0.31264132134397216,0.27309927272551526,0.27285287070505204,0.2748986630184228,0.31061197872430857,0.531310783741698,0.34352575463961477,0.30561802602325006,0.5088420986929947,0.31021250999766703,0.0,0.2880392643492158,0.29782447124871225,0.410877939916635,0.2807614494077797,0.30452099472520633,0.3756633862863017,0.30681754358052227,0.516372639137648,0.301286941567833,0.30950165545220887,0.522054037227744,0.5221310396184541,0.3328379457653834,0.3026290581381449,0.3043321952816509,0.4799506724874545,0.34902432797616145
0.32728976205095683,0.31053156425559914,0.24733174582395712,0.5843234067479337,0.327783351175439,0.29237199740656195,0.29011579728529957,0.5023697147263535,0.31899312386414413,0.5289382503827919,0.3194089506614729,0.6148011644816023,0.33098834843714775,0.5619470701762812,1.0,0.30031231058306596,0.2959480344913764,0.29783571139351483,0.2933963927122608,0.2909774274496836,0.2937656468912191,0.2846144255062705,0.3088357010406394,0.2897301459234749,0.2875693741820564,0.2883916131323877,0.31188872461946027,0.5098451431929705,0.3327401089989729,0.30832278249512346,0.516092470932394,0.32145441573705835,0.0,0.28963207119528134,0.30315427965466957,0.4085349181565564,0.28239072003753163,0.2988877994592172,0.3896665249293527,0.31022729525905224,0.5298141241642015,0.3058686458975315,0.3107730230045799,0.5108665632442635,0.5107383623016715,0.3279487063634019,0.30893568971971486,0.3097985156148463,0.4748817884962586,0.358156328701532
0.36566973223314236,0.3958778780389167,0.2729440808742226,0.3171485944549982,0.3987167542814508,0.42050760846627877,0.7578379402607749,0.31901721560404983,0.35685028652013606,0.32005246339733995,0.4335165689848124,0.3175457891835439,0.4223077087007965,0.29301790000402317,0.30031231058306596,1.0,0.3804665974340554,0.4256847544537917,0.43446610711006717,0.7575891849432774,0.41660954806257633,0.44232197604309187,0.42493993834665233,0.40101850657663163,0.40444231426430055,0.41054766385735864,0.403069738898844,0.3021269533859354,0.3340359901839214,0.3510333654639898,0.29560720717823985,0.4118985486244855,0.0,0.3935984752930821,0.4194565661617402,0.3089465508923598,0.7339518444803045,0.38789729637858883,0.260626738272708,0.40052567137065065,0.29752644943002227,0.3995066798403971,0.4022583793887893,0.31203853409085347,0.3188816490241052,0.3141018274103222,0.39185629384682485,0.3914543672030477,0.304606897510756,0.34294218866154
0.34439403248918565,0.4692456199390367,0.2501720815756301,0.30893770332843606,0.4364906739656855,0.4545042490029497,0.3689579452335815,0.3129103737933385,0.3252150454744639,0.2979182795520775,0.4269816322879735,0.3139837772207369,0.4212056163779122,0.2857997318799692,0.2959480344913764,0.3804665974340554,1.0,0.4031201275025764,0.4045283497834916,0.3659580948954493,0.401443380181988,0.40684948260155107,0.4238959442895528,0.5375463620682341,0.5054297959375618,0.5335862734204284,0.4090993212865437,0.2934772561757224,0.321592642742068,0.3188715081597808,0.27754861136334497,0.4722706940335405,0.0,0.4355877720646858,0.4921730858294343,0.28692980503576504,0.36238388235555696,0.4024625759727367,0.2532236646133559,0.410250270219611,0.283580343698945,0.45482464354565477,0.4164920015756889,0.3100638335927035,0.3212870379489655,0.30229569003821755,0.47070994432742896,0.4719599973654288,0.2881279385153387,0.33690022438000644
0.3548033646381562,0.4587792683520191,0.28254040760591304,0.30833602957820927,0.4287563383771714,0.4334125454544576,0.442253008523938,0.3205477024906972,0.34563679198214736,0.31504638343741054,0.5154186553892081,0.3116177887820675,0.5341033053787947,0.30323493703560667,0.29783571139351483,0.4256847544537917,0.4031201275025764,1.0,0.5518884318774179,0.442545545345165,0.5461385662834157,0.5127736033144394,0.5595913358339626,0.40594996359015034,0.3910347019609004,0.4105128845923226,0.5305495024627476,0.310591414250027,0.34642459362988276,0.3485395857978145,0.29504461824471306,0.4891055476518962,0.0,0.4992183896787873,0.4561500034968615,0.3197354344915083,0.4227433687417873,0.4850386203420243,0.26606965590449727,0.527751364837094,0.2916211235609316,0.46597573681169924,0.5255225608966902,0.3099054407463673,0.3126477180836308,0.3151763726954069,0.4652207324125307,0.46522146034123424,0.30694651176820453,0.3503883051824921
0.3569105727092291,0.4361099415974128,0.2619169914878132,0.31243511572939286,0.441561558559471,0.4398665067796377,0.4311096767885211,0.3237098042738995,0.33464565505479604,0.31101667603173155,0.4949351500135859,0.31735078471741796,0.5169322025107693,0.2945293574507022,0.2933963927122608,0.43446610711006717,0.4045283497834916,0.5518884318774179,1.0,0.42531546057641123,0.5255801040903094,0.5208172013932072,0.5376419509697465,0.4118092707119171,0.40962791342173643,0.41761264144211996,0.5036096322429049,0.29992790743971776,0.3350280126914169,0.33574452883906913,0.28676552471966943,0.4894506728244382,0.0,0.4847071449649101,0.4559632644496071,0.3108140580924019,0.4150532004664138,0.4622469309150278,0.26576534094752,0.5020705204699509,0.288776350945945,0.44677984287023553,0.49633149582834857,0.31203627864327843,0.3164449564976086,0.30837151559804765,0.43690948938533514,0.43690377039917605,0.298607529475325,0.34221474810510544
0.35452631335254625,0.40283001955184405,0.2748907210542457,0.30663124803064734,0.36775766762394846,0.386107248021903,0.8556629008830935,0.31109579241033547,0.3527888048212231,0.31008097750679364,0.41773387642970417,0.3026792000193306,0.4115541635591544,0.293724745786898,0.2909774274496836,0.7575891849432774,0.3659580948954493,0.442545545345165,0.42531546057641123,1.0,0.44032459573693805,0.4002657045883411,0.44344299190397074,0.35954993654281064,0.36008809669250585,0.3665079638545684,0.4117660635594901,0.3036571462599438,0.33893289812175553,0.3430634742428684,0.28787842933835617,0.39578175123496173,0.0,0.3970863571498128,0.40232797308626644,0.30907348364282283,0.7973175805812515,0.38386494940859794,0.2568647309187029,0.4084235238281805,0.28617967790872223,0.3994606324675031,0.40838111970919444,0.3044263457671038,0.30904911853438477,0.31457093425567595,0.3927280961042936,0.39290968396308257,0.30242767160685724,0.34291978020276537
0.3464356604748936,0.44477245114538677,0.27988054490033665,0.3032915511372325,0.4426071753638414,0.41069539423003043,0.43915247288894577,0.3109863005147958,0.33993506553589947,0.3101639848018989,0.5086638145193101,0.3082271677016696,0.5409037766660216,0.2914088797066384,0.2937656468912191,0.41660954806257633,0.401443380181988,0.5461385662834157,0.5255801040903094,0.44032459573693805,1.0,0.5038360594616471,0.5645336994416976,0.39303849986440464,0.38075551784926365,0.40463066643997514,0.537304819092781,0.30550106578960956,0.3342621971170343,0.3427797559874427,0.2871919114137782,0.49188127660713066,0.0,0.5100975678542997,0.44228174425746447,0.3091249214620657,0.41935790891925007,0.4947929394108084,0.2601200413548649,0.5379189596544098,0.2924502252784925,0.44484014558958096,0.5290039320910667,0.305873968654114,0.30934042641289816,0.31786459345513196,0.4667210475644855,0.4665531042572836,0.3082584855756412,0.34319026420584464
0.34033313283378896,0.41192511105347696,0.2589093556844204,0.298364209341654,0.4203591721397574,0.4688607638406709,0.4126616697198884,0.30987032647401347,0.3290994019302943,0.2957579171721697,0.5100457809509908,0.3129057822617908,0.5356301608203602,0.2808596239121326,0.2846144255062705,0.44232197604309187,0.40684948260155107,0.5127736033144394,0.5208172013932072,0.4002657045883411,0.5038360594616471,1.0,0.6501594353624909,0.427299310705603,0.4432545373314465,0.45223633598876556,0.5005384815283296,0.2889730020503153,0.314386339846185,0.32665068887596627,0.2780835631271896,0.5066789401980534,0.0,0.5695031213603292,0.44369461014258327,0.29591961542364387,0.3910867576611241,0.4824311337225553,0.2514341491369382,0.5048575417236902,0.2735952926956232,0.4270641612266274,0.5058714395513759,0.30468702051713537,0.30256074743213435,0.29980742170403274,0.42388834152095456,0.42331809237811646,0.2891229011979214,0.3281949003859126
0.36270129626319536,0.4565490687815459,0.2808239788156941,0.32768675447376516,0.44600914649792345,0.4283550383565886,0.4457010585384781,0.3260188279400791,0.3508356022388125,0.3169240335159075,0.5185245176949842,0.3233924260098875,0.5796756471943763,0.31264132134397216,0.3088357010406394,0.42493993834665233,0.4238959442895528,0.5595913358339626,0.5376419509697465,0.44344299190397074,0.5645336994416976,0.6501594353624909,1.0,0.39930969357365664,0.4019757199460805,0.4072789691178893,0.5605795496390548,0.3195275362992789,0.3470101931311863,0.3463519366617278,0.30070595841808057,0.5258059693132027,0.0,0.6211271815128623,0.4532730366205321,0.31475535165216073,0.4202402489944683,0.5098918974280051,0.26752667766560845,0.5455066417938224,0.30138467302574057,0.45858447636804955,0.548113252252194,0.32290472644903834,0.3247358860610411,0.3197272161022031,0.4586873610204957,0.45997308043378227,0.3158943082100105,0.35042817285395544
0.3464477986948574,0.502648242114591,0.24399251791695786,0.3020670772227241,0.43164457203739826,0.5153584301193409,0.3690634300013058,0.320140239025413,0.3259658676354181,0.30357481452431556,0.4419226016562632,0.32263154244319514,0.4302191824195306,0.27309927272551526,0.2897301459234749,0.40101850657663163,0.5375463620682341,0.40594996359015034,0.4118092707119171,0.35954993654281064,0.39303849986440464,0.427299310705603,0.39930969357365664,1.0,0.5463566134893518,0.5437538516656168,0.4046538186937304,0.28182584595598903,0.31190415056814047,0.3195459524039087,0.27632882512365486,0.4419671264749392,0.0,0.4114310243023741,0.5539341002477123,0.2813518493235987,0.3596490470109359,0.39600450982220237,0.24431892889369233,0.40304747385902184,0.2861240350866132,0.45474382674996083,0.40532477013153045,0.3072873302442445,0.31529882984531465,0.2874951597446397,0.45060807563408445,0.4515331640044826,0.28297051471088264,0.3256622411300577
0.3452328315071159,0.5101982428178853,0.2438474825743543,0.30573056509852214,0.4280894629120864,0.5353709309802857,0.3694738613182149,0.30811823975845143,0.31748734886375285,0.29999136586038455,0.4252919997369553,0.31120025976615484,0.4045094425884225,0.27285287070505204,0.2875693741820564,0.40444231426430055,0.5054297959375618,0.3910347019609004,0.40962791342173643,0.36008809669250585,0.38075551784926365,0.4432545373314465,0.4019757199460805,0.5463566134893518,1.0,0.536166872219605,0.39533083029247307,0.2775089188617945,0.3010059566630522,0.31077155958983915,0.27508912032631005,0.47243365558366934,0.0,0.4021306802965602,0.5484366352985156,0.273456299772331,0.3580564314963631,0.3988821109280405,0.2501481985854006,0.3900638840313999,0.28056498276051234,0.44536233215309273,0.4013055083552307,0.3240433419397607,0.3180939487796903,0.3042462475236891,0.443934117363987,0.444696221009786,0.29290757523712085,0.3198494283365012
0.3324894932462571,0.46747688752152583,0.247934200827843,0.3006072488912398,0.43512500425718137,0.4933189952637782,0.3765034910804044,0.306197529059669,0.31639848197247367,0.29949408739480265,0.44922786916017066,0.3112049040945867,0.42660690337415663,0.2748986630184228,0.2883916131323877,0.41054766385735864,0.5335862734204284,0.4105128845923226,0.41761264144211996,0.3665079638545684,0.40463066643997514,0.45223633598876556,0.4072789691178893,0.5437538516656168,0.536166872219605,1.0,0.411189400006023,0.2824649705907093,0.3142649556338003,0.3134190313117037,0.27421513020033383,0.4532039939554201,0.0,0.4197553214766805,0.509068809910969,0.28595817959523795,0.36296770479176177,0.40929834564792633,0.2494391508769932,0.4187846346370493,0.2791113281559223,0.45972847150869334,0.41266438531061744,0.31624340364298653,0.31105465936950616,0.2996425668375159,0.4677903119596942,0.46447675703964064,0.29577973526466794,0.33098939551126283
0.3629602066687332,0.45888210867746093,0.284252319127265,0.3222030495820839,0.46860934416597,0.4140060582391337,0.4081136309030079,0.3233468814736635,0.35756037911866323,0.33145790308650225,0.531198982583795,0.31983444413373785,0.5814221603910785,0.31061197872430857,0.31188872461946027,0.403069738898844,0.4090993212865437,0.5305495024627476,0.5036096322429049,0.4117660635594901,0.537304819092781,0.5005384815283296,0.5605795496390548,0.4046538186937304,0.39533083029247307,0.411189400006023,1.0,0.3111706207762438,0.3481196635804735,0.35468317397866367,0.3039939157789976,0.5208658363783976,0.0,0.5112622382727494,0.4488748836604075,0.30331904611272065,0.39535052578133845,0.5824696455533103,0.2577185395338215,0.5672581131932481,0.3075905462042715,0.459680718265969,0.6344230482732782,0.32049667227138345,0.31727418853378264,0.3250615223848806,0.46269950858368325,0.46253797393934337,0.32061481983397233,0.35410753508537585
0.3358392941140206,0.3325907787276764,0.26272707303052234,0.5446288898815634,0.29340222580047526,0.29969004304609403,0.3019057396925118,0.6969109388887603,0.3182912531378087,0.5318112732537376,0.32055677547440997,0.517903420952589,0.32223422529494417,0.531310783741698,0.5098451431929705,0.3021269533859354,0.2934772561757224,0.310591414250027,0.29992790743971776,0.3036571462599438,0.30550106578960956,0.2889730020503153,0.3195275362992789,0.28182584595598903,0.2775089188617945,0.2824649705907093,0.3111706207762438,1.0,0.3500070692359081,0.31574569139197217,0.4940240741606712,0.3158826318087412,0.0,0.29639018121402794,0.3046411455064195,0.41126989716106066,0.28969781775322967,0.31888627834190064,0.3904863928990937,0.31556971315923454,0.5017213355874413,0.308180739507934,0.31333172225329387,0.7553087048539758,0.7428747435338618,0.32819820842895664,0.3149977349577259,0.31548191135850334,0.4926468359801649,0.34511038903847846
0.38668552059064776,0.35818469911342166,0.3026564219192609,0.3382067818578324,0.32625294528812143,0.332982560964182,0.3363870238435773,0.3540056286878207,0.372517175315651,0.3518392330200265,0.3501562880015384,0.35385187182816014,0.35770550729009964,0.34352575463961477,0.3327401089989729,0.3340359901839214,0.321592642742068,0.34642459362988276,0.3350280126914169,0.33893289812175553,0.3342621971170343,0.314386339846185,0.3470101931311863,0.31190415056814047,0.3010059566630522,0.3142649556338003,0.3481196635804735,0.3500070692359081,1.0,0.3676968302581429,0.32840100831031716,0.3382444871854562,0.0,0.340077806757736,0.3379040369593077,0.3297297080217101,0.3244677037016258,0.33921277364227975,0.2811290136613088,0.3503882190078659,0.3264334386959815,0.3374481262619652,0.3492954130634631,0.3401177241683693,0.3422217772259496,0.41480610077405144,0.33966285994290235,0.33958874786961246,0.3355220176468725,0.6208995234080388
0.43971502323639744,0.3570040058490376,0.3141201500621922,0.31619129190962125,0.3363437018948211,0.323787970950563,0.33901182963961785,0.32378603756645297,0.4498839563859345,0.3306338849714723,0.3700946363013531,0.32547181701473193,0.3716037796787648,0.30561802602325006,0.30832278249512346,0.3510333654639898,0.3188715081597808,0.3485395857978145,0.33574452883906913,0.3430634742428684,0.3427797559874427,0.32665068887596627,0.3463519366617278,0.3195459524039087,0.31077155958983915,0.3134190313117037,0.35468317397866367,0.31574569139197217,0.3676968302581429,1.0,0.31097148886705317,0.3381048783185433,0.0,0.32914913056525674,0.34321669432920265,0.30583221115246106,0.33483704663208236,0.34025018645097094,0.2602259187280733,0.3672267187974787,0.30961105619310214,0.35238564685383045,0.35869010048619143,0.32054728587810033,0.32147068772241805,0.36050813564189665,0.35346816479783527,0.3532406867652844,0.3161275568242343,0.38926177207735935
0.3220869548135348,0.30977859415280096,0.2465711841724545,0.5202581830944976,0.30312667632737533,0.2810206388300066,0.2837053164009916,0.4935080205263025,0.3093594894366011,0.5415247889086299,0.31327613875989035,0.48290399636538284,0.3173926809116242,0.5088420986929947,0.516092470932394,0.29560720717823985,0.27754861136334497,0.29504461824471306,0.28676552471966943,0.28787842933835617,0.2871919114137782,0.2780835631271896,0.30070595841808057,0.27632882512365486,0.27508912032631005,0.27421513020033383,0.3039939157789976,0.4940240741606712,0.32840100831031716,0.31097148886705317,1.0,0.3006391105437334,0.0,0.2873532092454012,0.29314307370771664,0.4019889734650973,0.2810084868684922,0.29086672020935445,0.3712481622439494,0.30372510093257976,0.6298672297294233,0.29821543111525406,0.3023863129425197,0.4953737316590996,0.4946906557322974,0.3143591148374669,0.2969294381636919,0.29700533149938246,0.4676428744778798,0.333819673230203
0.36455095611372335,0.44586759923874697,0.27557112679044515,0.34059709220705736,0.48958909608916,0.45055531440294017,0.4023748418425308,0.32792548539528477,0.34330586588878165,0.32462067950343976,0.5029891565497842,0.33058729490980177,0.5325398044883389,0.31021250999766703,0.32145441573705835,0.4118985486244855,0.4722706940335405,0.4891055476518962,0.4894506728244382,0.39578175123496173,0.49188127660713066,0.5066789401980534,0.5258059693132027,0.4419671264749392,0.47243365558366934,0.4532039939554201,0.5208658363783976,0.3158826318087412,0.3382444871854562,0.3381048783185433,0.3006391105437334,1.0,0.0,0.5024978134019875,0.4561257497066613,0.2972663367553564,0.39443755226885213,0.5035229929114966,0.2667122363901765,0.5199461200416062,0.30459797303596914,0.4571819737601873,0.5277958475702417,0.3257688886983373,0.3331171644418376,0.3147468872472622,0.4636241398432144,0.4631457263178099,0.3052569582024005,0.34546801500510493
0.0,0.0,0.0,0.0,0.0,0.0,0.0,0.0,0.0,0.0,0.0,0.0,0.0,0.0,0.0,0.0,0.0,0.0,0.0,0.0,0.0,0.0,0.0,0.0,0.0,0.0,0.0,0.0,0.0,0.0,0.0,0.0,1.0,0.0,0.0,0.0,0.0,0.0,0.0,0.0,0.0,0.0,0.0,0.0,0.0,0.0,0.0,0.0,0.0,0.0
0.3465891347421678,0.43081496335845315,0.27135512879488377,0.30290236738445064,0.45974610432918317,0.4208880629172782,0.3960163139948035,0.31077341891186416,0.3373050908895139,0.30288982960908883,0.48625947843895156,0.3047474465826825,0.540897117960988,0.2880392643492158,0.28963207119528134,0.3935984752930821,0.4355877720646858,0.4992183896787873,0.4847071449649101,0.3970863571498128,0.5100975678542997,0.5695031213603292,0.6211271815128623,0.4114310243023741,0.4021306802965602,0.4197553214766805,0.5112622382727494,0.29639018121402794,0.340077806757736,0.32914913056525674,0.2873532092454012,0.5024978134019875,0.0,1.0,0.44370515812704414,0.3091177647519263,0.3809773004320368,0.4816584335159424,0.2665244435765459,0.5103620225820494,0.2856928793718424,0.44250682245783,0.5336564975379661,0.3012963168050141,0.30780078122258325,0.3057805078202305,0.4465607664706779,0.4454967849956173,0.29628618877233526,0.3459025804859186
0.3582654747684597,0.5612217675812807,0.2636608670691273,0.3165055904176761,0.43952663288992466,0.5392783009496249,0.41095831250271464,0.3215098815269085,0.3450802899229646,0.3145678174825761,0.46450705097523737,0.32466781734663575,0.4646550125013158,0.29782447124871225,0.30315427965466957,0.4194565661617402,0.4921730858294343,0.4561500034968615,0.4559632644496071,0.40232797308626644,0.44228174425746447,0.44369461014258327,0.4532730366205321,0.5539341002477123,0.5484366352985156,0.509068809910969,0.4488748836604075,0.3046411455064195,0.3379040369593077,0.34321669432920265,0.29314307370771664,0.4561257497066613,0.0,0.44370515812704414,1.0,0.30329062780428084,0.3875261313145517,0.42557620604353763,0.26769247354793524,0.4508422391984216,0.29569853425347326,0.4950450262671907,0.45491878372160977,0.3148328209784097,0.3196156805775041,0.31110352778177863,0.49393720564623567,0.49323903601131536,0.30529322056701313,0.34250659333515854
0.31580479909063097,0.2999445378974871,0.2506631097602523,0.4146552118818213,0.2853166546201882,0.2951009716043429,0.3103123392476784,0.4154008071263896,0.31082762177618295,0.43220053391471214,0.31121787032038506,0.4174513319635087,0.30835779071198355,0.410877939916635,0.4085349181565564,0.3089465508923598,0.28692980503576504,0.3197354344915083,0.3108140580924019,0.30907348364282283,0.3091249214620657,0.29591961542364387,0.31475535165216073,0.2813518493235987,0.273456299772331,0.28595817959523795,0.30331904611272065,0.41126989716106066,0.3297297080217101,0.30583221115246106,0.4019889734650973,0.2972663367553564,0.0,0.3091177647519263,0.30329062780428084,1.0,0.29407972648699865,0.29107099596063213,0.364987943669123,0.3091926674113338,0.40412156988599546,0.2975466021361419,0.30197812363879384,0.4110616954591455,0.41857618987056966,0.30332747571448704,0.29395580922951625,0.2939026420263122,0.4302371119790186,0.3323059015405402
0.34396660202800355,0.3811949108335648,0.25951610962123917,0.2982127449790225,0.36530876224028197,0.37488132911503136,0.7869767532914577,0.29918087877801547,0.33947223255320014,0.30031019672443127,0.4030289022846908,0.2927563231536583,0.40425831377535604,0.2807614494077797,0.28239072003753163,0.7339518444803045,0.36238388235555696,0.4227433687417873,0.4150532004664138,0.7973175805812515,0.41935790891925007,0.3910867576611241,0.4202402489944683,0.3596490470109359,0.3580564314963631,0.36296770479176177,0.39535052578133845,0.28969781775322967,0.3244677037016258,0.33483704663208236,0.2810084868684922,0.39443755226885213,0.0,0.3809773004320368,0.3875261313145517,0.29407972648699865,1.0,0.36816914988499183,0.24852739304672455,0.38369249371351677,0.27844354902701773,0.3840616222387827,0.3901324594048271,0.29308251451931644,0.29767019049548105,0.29856333757187903,0.37427660733154033,0.37362784097912694,0.28662902165966975,0.3263842732219664
0.3589614124640179,0.45867813103029,0.2766591925757649,0.3066149484486468,0.46645311001614087,0.4307282104368453,0.3817771102345665,0.33149866795702754,0.33835152551774705,0.31837426563852056,0.5027451812994015,0.32186091106174874,0.5269624236812338,0.30452099472520633,0.2988877994592172,0.38789729637858883,0.4024625759727367,0.4850386203420243,0.4622469309150278,0.38386494940859794,0.4947929394108084,0.4824311337225553,0.5098918974280051,0.39600450982220237,0.3988821109280405,0.40929834564792633,0.5824696455533103,0.31888627834190064,0.33921277364227975,0.34025018645097094,0.29086672020935445,0.5035229929114966,0.0,0.4816584335159424,0.42557620604353763,0.29107099596063213,0.36816914988499183,1.0,0.2602496287293472,0.533478761063116,0.29453494908310107,0.4451624501166147,0.6111843198100431,0.32426926791628496,0.3173903734322002,0.3142476604355767,0.46451273636552315,0.4652766912107805,0.3185374457770319,0.34134163586908495
0.30022627407485536,0.26434782305972837,0.21108595106696781,0.39184636147535823,0.27034813192218965,0.26576911480374144,0.2623049502477819,0.4034639476377664,0.269729472212222,0.41011063755330324,0.27090030804560195,0.3983602564921894,0.2741044482968906,0.3756633862863017,0.3896665249293527,0.260626738272708,0.2532236646133559,0.26606965590449727,0.26576534094752,0.2568647309187029,0.2601200413548649,0.2514341491369382,0.26752667766560845,0.24431892889369233,0.2501481985854006,0.2494391508769932,0.2577185395338215,0.3904863928990937,0.2811290136613088,0.2602259187280733,0.3712481622439494,0.2667122363901765,0.0,0.2665244435765459,0.26769247354793524,0.364987943669123,0.24852739304672455,0.2602496287293472,1.0,0.2642640441650378,0.37571809450095783,0.273762139804378,0.267748218617226,0.39341859248229305,0.40547551902432244,0.2572113480291447,0.2601665643426092,0.26042618473537404,0.38564957161739144,0.2902803103423831
0.3627359265736765,0.46129241543176425,0.29453728486421016,0.3146564734117473,0.4671159908364999,0.42127549917249485,0.402845987172756,0.3286613575694677,0.3604783009750211,0.33002787147417745,0.5564802560058635,0.3210536623929773,0.5798982078732119,0.30681754358052227,0.31022729525905224,0.40052567137065065,0.410250270219611,0.527751364837094,0.5020705204699509,0.4084235238281805,0.5379189596544098,0.5048575417236902,0.5455066417938224,0.40304747385902184,0.3900638840313999,0.4187846346370493,0.5672581131932481,0.31556971315923454,0.3503882190078659,0.3672267187974787,0.30372510093257976,0.5199461200416062,0.0,0.5103620225820494,0.4508422391984216,0.3091926674113338,0.38369249371351677,0.533478761063116,0.2642640441650378,1.0,0.3037335670941812,0.4686051751649838,0.5785163597705654,0.3176222863460142,0.3226097105511815,0.3293214568421017,0.4912822344721697,0.49109936036665947,0.320278910712548,0.3635511632131133
