../ecoli_genomes/GCF_000163235.1_ASM16323v1_genomic.fna.gz,../ecoli_genomes/GCF_000164555.1_ASM16455v1_genomic.fna.gz,../ecoli_genomes/GCF_000208545.1_ASM20854v2_genomic.fna.gz,../ecoli_genomes/GCF_000233875.1_ASM23387v1_genomic.fna.gz,../ecoli_genomes/GCF_000249735.1_ASM24973v2_genomic.fna.gz,../ecoli_genomes/GCF_000261145.1_Esch_coli_M919_V2_genomic.fna.gz,../ecoli_genomes/GCF_000267705.2_ASM26770v2_genomic.fna.gz,../ecoli_genomes/GCF_000350665.1_Esch_coli_KTE5_V1_genomic.fna.gz,../ecoli_genomes/GCF_000351625.1_Esch_coli_KTE66_V1_genomic.fna.gz,../ecoli_genomes/GCF_000352285.1_Esch_coli_KTE46_V1_genomic.fna.gz,../ecoli_genomes/GCF_000358895.1_ASM35889v1_genomic.fna.gz,../ecoli_genomes/GCF_000456385.1_Esch_coli_HVH_26_4-5703913_V1_genomic.fna.gz,../ecoli_genomes/GCF_000458195.1_Esch_coli_HVH_147_4-5893887_V1_genomic.fna.gz,../ecoli_genomes/GCF_000459755.1_Esch_coli_KOEGE_58_171a_V1_genomic.fna.gz,../ecoli_genomes/GCF_000460055.1_Esch_coli_UMEA_3053-1_V1_genomic.fna.gz,../ecoli_genomes/GCF_000462165.2_ASM46216v2_genomic.fna.gz,../ecoli_genomes/GCF_000601135.1_ASM60113v1_genomic.fna.gz,../ecoli_genomes/GCF_000614595.1_Ec2010EL1058_genomic.fna.gz,../ecoli_genomes/GCF_000617745.1_Ec2010C-4529_genomic.fna.gz,../ecoli_genomes/GCF_000618265.2_EcF6751_genomic.fna.gz,../ecoli_genomes/GCF_000619005.2_Ec2009C-4052_genomic.fna.gz,../ecoli_genomes/GCF_000619105.1_Ec2009C-4780_genomic.fna.gz,../ecoli_genomes/GCF_000619765.2_Ec2009C-3279_genomic.fna.gz,../ecoli_genomes/GCF_000687005.1_ASM68700v1_genomic.fna.gz,../ecoli_genomes/GCF_000687025.1_ASM68702v1_genomic.fna.gz,../ecoli_genomes/GCF_000700125.1_ASM70012v1_genomic.fna.gz,../ecoli_genomes/GCF_000753315.1_FHI35_genomic.fna.gz,../ecoli_genomes/GCF_000776375.1_ASM77637v1_genomic.fna.gz,../ecoli_genomes/GCF_000779395.1_ASM77939v1_genomic.fna.gz,../ecoli_genomes/GCF_000780315.1_ASM78031v1_genomic.fna.gz,../ecoli_genomes/GCF_000781995.1_ASM78199v1_genomic.fna.gz,../ecoli_genomes/GCF_000986765.1_ASM98676v1_genomic.fna.gz,../ecoli_genomes/GCF_001041375.1_ViralProj287958_genomic.fna.gz,../ecoli_genomes/GCF_001265335.1_302014_genomic.fna.gz,../ecoli_genomes/GCF_001265625.1_100854_genomic.fna.gz,../ecoli_genomes/GCF_001267345.1_303289_genomic.fna.gz,../ecoli_genomes/GCF_001309985.1_ASM130998v1_genomic.fna.gz,../ecoli_genomes/GCF_001521695.1_ASM152169v1_genomic.fna.gz,../ecoli_genomes/GCF_001592595.1_ASM159259v1_genomic.fna.gz,../ecoli_genomes/GCF_001614975.1_ASM161497v1_genomic.fna.gz,../ecoli_genomes/GCF_001692775.1_ASM169277v1_genomic.fna.gz,../ecoli_genomes/GCF_001748915.1_ASM174891v1_genomic.fna.gz,../ecoli_genomes/GCF_001749235.1_ASM174923v1_genomic.fna.gz,../ecoli_genomes/GCF_001881155.1_ASM188115v1_genomic.fna.gz,../ecoli_genomes/GCF_001881345.1_ASM188134v1_genomic.fna.gz,../ecoli_genomes/GCF_001892405.1_ASM189240v1_genomic.fna.gz,../ecoli_genomes/GCF_001892585.1_ASM189258v1_genomic.fna.gz,../ecoli_genomes/GCF_001893985.1_ASM189398v1_genomic.fna.gz,../ecoli_genomes/GCF_002001595.1_ASM200159v1_genomic.fna.gz,../ecoli_genomes/GCF_002002145.1_ASM200214v1_genomic.fna.gz
1.0,0.38645422693206166,0.32081208043255793,0.3430773022620488,0.3495824663739312,0.3583943730180189,0.3606833547087034,0.3468653858696815,0.4493303727125867,0.35434381457730757,0.3932124593291836,0.35205513519166975,0.3717066616254875,0.33333396497222034,0.32851658450018817,0.3656347949189084,0.34164850061992635,0.37118547298162974,0.3194314912554551,0.3599945353240358,0.3582649075349913,0.33881056475412086,0.3730093710446837,0.3668308278213951,0.35228890693547343,0.336081960988057,0.374961152789242,0.33475983086234495,0.3981527153761505,0.4485469598771298,0.3189639892458067,0.3647095955825952,0.0,0.36659475420566423,0.3725899011155883,0.3434563197921645,0.34094922000445504,0.37371087393330626,0.2825747410476449,0.3753539236201545,0.32345351460762395,0.3724480702687759,0.37793724926365446,0.3458840774653087,0.3530349384612441,0.37120672859137505,0.36578458966931504,0.3680110881971481,0.33704785351123057,0.406347158975486
0.38645422693206166,1.0,0.30714099859268484,0.3367625638243047,0.43762045615912115,0.5280433211090814,0.4004546082932966,0.34158852701368914,0.35987213837626997,0.3462106109099268,0.47899223424723836,0.34780412658312865,0.4617663671813036,0.3262132987898645,0.3232505786892177,0.39690234415589265,0.4694256040638438,0.4661697460356714,0.3851597724449187,0.4047590732821079,0.4470981653094884,0.3926792653986436,0.46500716648015494,0.5541823811369334,0.5246156314875936,0.4566909263152552,0.4641296430628181,0.3348012957501918,0.36827871528314415,0.3702555845159943,0.31455434046841013,0.443483907166472,0.0,0.4534703985920895,0.5800198322251164,0.32390386577470476,0.37729334360802824,0.48319797996353897,0.25944549295120434,0.470813554435654,0.31980234804301644,0.514310087177545,0.476832494665806,0.3471191206250265,0.34657072556587354,0.3430395080770128,0.521534919702232,0.5221706044750773,0.3389951945898245,0.36850865537244737
0.32081208043255793,0.30714099859268484,1.0,0.2696586022651113,0.2632151034612441,0.26836355597918793,0.2845815666695497,0.27503313383713357,0.3119960374201226,0.27555980785337963,0.30426882348153683,0.27182104998529744,0.2909896282457539,0.27369182371958256,0.2627767575602564,0.2830393522234025,0.25995017079300897,0.2954630070802048,0.24657820120054585,0.2892983732960831,0.29055442665323483,0.2553025414647989,0.29511038582101234,0.2722995844317211,0.25862301050399084,0.2500732208854879,0.29621540356538,0.27437279737726405,0.31805112768124877,0.3221442428691095,0.2544573274656097,0.27945591470689357,0.0,0.2870929813566325,0.28323725168614866,0.27423467883642594,0.2705779230979718,0.29379689192412073,0.21700143798222116,0.30074117161094394,0.26181668169993755,0.29191198538448193,0.30494637925752555,0.27805305952319115,0.2739335460081508,0.28995808700729764,0.29817930785758395,0.29808700634076635,0.278385033482193,0.3190620199111648
0.3430773022620488,0.3367625638243047,0.2696586022651113,1.0,0.32870256046996915,0.314394031727084,0.30892944100903386,0.538801141930044,0.3415849539881638,0.5574901293247534,0.3326280466736472,0.546245116066924,0.3308281121670348,0.5763146402783148,0.5884210196334185,0.32192402727023073,0.3071348693144714,0.3173861091109783,0.27740004233705085,0.3096923198273057,0.30856930252488046,0.2838668858056348,0.3237200857388751,0.32174561819503145,0.3220889046480796,0.2985987638883747,0.32181742514561296,0.5568764574048164,0.35308446024263795,0.33560951617912504,0.5167693691213229,0.33271766148014337,0.0,0.31196142984271313,0.3187819108078529,0.45462269881558226,0.29605290112545957,0.3149732031647592,0.4028780310487219,0.31483856828693657,0.5458134170427935,0.32292266118849533,0.3200258140311293,0.5652267468138878,0.5533758349382615,0.345113324025464,0.32026464338001004,0.3237800330585088,0.49791199916116735,0.366521297930419
0.3495824663739312,0.43762045615912115,0.2632151034612441,0.32870256046996915,1.0,0.4224082067895656,0.3560293007330755,0.32220142159029797,0.35116481570646485,0.3352729291487855,0.5290208313864788,0.3136284200273526,0.4969085308927653,0.31412307149217455,0.32584430692569044,0.3961985401586897,0.4688638159667715,0.4380979893620961,0.37956815624355644,0.3574665639009862,0.440304726794867,0.38790641626811684,0.4440249823459782,0.4809881833010765,0.46548785669110804,0.4753663919011839,0.4624117619810937,0.2980479792209819,0.34206508711819184,0.35166030903459555,0.30742841390461495,0.4983613796329377,0.0,0.45700326534173263,0.44100711742939,0.3007229244545795,0.3558698212424921,0.482737442400482,0.2962231259495125,0.4685913825745599,0.319086851199727,0.44111539082432716,0.4757882090616107,0.30958271559838557,0.31279706672859686,0.31469304730279,0.4471998106285894,0.4511985044510247,0.3044953912215572,0.34994628756348933
0.3583943730180189,0.5280433211090814,0.26836355597918793,0.314394031727084,0.4224082067895656,1.0,0.3909152833323961,0.3240439739940366,0.33519208065181294,0.3143602706800478,0.45250927132579677,0.3132264127775395,0.42453963900283287,0.3020967957088936,0.29957453024008096,0.4030609085734417,0.4415438244883715,0.43514405865522143,0.3770817348161717,0.3803320905165729,0.4134077005798549,0.4773931171125473,0.428592146438884,0.5094376040550508,0.5226320873060706,0.46431493502982935,0.42132590443930473,0.3103876638867217,0.34007499729445456,0.33483761417358215,0.28748373144229544,0.43441070745861565,0.0,0.4321589089908183,0.5356611514821218,0.3172484737192133,0.3582515434591873,0.4287643199268786,0.2690624994786901,0.4295326727709502,0.29364051535033653,0.475391501599683,0.43293668026478593,0.3180463380245492,0.31971228313085065,0.31864122520255,0.4774454016713717,0.4810889957876878,0.3029205850027866,0.35040098071096193
0.3606833547087034,0.4004546082932966,0.2845815666695497,0.30892944100903386,0.3560293007330755,0.3909152833323961,1.0,0.3106473697043004,0.35062413285766325,0.3110900866067794,0.41085809254353034,0.3075444973305933,0.39373915021165773,0.30126108446474875,0.29541778597461177,0.7448826129257711,0.3604193659896091,0.4337749583274799,0.37132765107971977,0.8558585772181955,0.43478759214629537,0.385697048243258,0.44598062784675474,0.3820009043598367,0.371962944721937,0.35558089111488445,0.4097455804922039,0.3042967793838478,0.34287346935988317,0.3532479412370054,0.2856365078884744,0.38922249321850455,0.0,0.40421882602768766,0.40488866409377455,0.3274392502819238,0.7753997605099996,0.38594574261942494,0.25681022382964847,0.402586631248083,0.2877073511729549,0.4003295927399566,0.4096911229547814,0.31312108093776925,0.31345018764737875,0.3185170549565498,0.3934041330868031,0.39431935127596773,0.3027083803694923,0.3481229142817993
0.3468653858696815,0.34158852701368914,0.27503313383713357,0.538801141930044,0.32220142159029797,0.3240439739940366,0.3106473697043004,1.0,0.3359015903439009,0.5469610948132284,0.34031241651587585,0.5244116548476818,0.33513278922331446,0.5278019154937157,0.5121204748934365,0.31625804488351517,0.30786572134789747,0.33045491911656655,0.2829942189953689,0.3100372839326,0.3142919787737686,0.2914475536311564,0.3288578969269125,0.3247391270262737,0.3139210094554029,0.29831249636077173,0.32951819002797544,0.705360883209794,0.36468125335501733,0.33600029772495266,0.49838434714566227,0.32938023346782086,0.0,0.32206641016892534,0.31940591853949274,0.45301183142571844,0.29354187282601063,0.33594209677381603,0.4051169278655782,0.3250998395479432,0.5079546155951185,0.3332424187360824,0.3330140513607929,0.7150037507416676,0.6894025206291678,0.34160205278318867,0.32285740758829096,0.32473763603562544,0.49059838142805845,0.3620518330934651
0.4493303727125867,0.35987213837626997,0.3119960374201226,0.3415849539881638,0.35116481570646485,0.33519208065181294,0.35062413285766325,0.3359015903439009,1.0,0.35393435475843793,0.38313232899292304,0.32952887801992836,0.37099953670004326,0.3366806459649617,0.33662472349964545,0.360864392597009,0.3300804643017108,0.36211439147936975,0.3007207411128655,0.354289703045344,0.3489441750086094,0.31127256454243146,0.3579774255936061,0.3520140431769675,0.3321235173898722,0.324719618422577,0.3672991393982018,0.32311812515070804,0.38389868040315944,0.4690701508593833,0.323806291391626,0.3487104898206862,0.0,0.35058422318507176,0.3543235007048521,0.34106390115684204,0.33484283222285094,0.35347428505436296,0.2749630848690623,0.3682905825093771,0.3291426756923488,0.3592332008884681,0.37264460660707,0.33285339705135164,0.3277569814031993,0.3617537165214083,0.35782882572640407,0.3593601228599298,0.3320003075912892,0.3929885183646219
0.35434381457730757,0.3462106109099268,0.27555980785337963,0.5574901293247534,0.3352729291487855,0.3143602706800478,0.3110900866067794,0.5469610948132284,0.35393435475843793,1.0,0.34820034286137114,0.5260394064038594,0.3404932105440961,0.540129956296337,0.5315391791657472,0.32495050973446915,0.31182762042543943,0.3235970448216947,0.2797218088127442,0.3121513339914955,0.3099062877408556,0.2910107403915557,0.32294376582944584,0.3247683464290174,0.3145824899903156,0.30579689964812995,0.3306962457671767,0.5411713722666455,0.3633020016170392,0.3485986293262552,0.555132286486462,0.32305705388365924,0.0,0.3156249421556364,0.320633943721901,0.46435241009319506,0.29651965865224983,0.3275744167501904,0.4037892188992458,0.3279518976421928,0.5613948668438096,0.32691705720109654,0.3269071565049565,0.5546226451624294,0.5524263059083219,0.3413824326263938,0.3248958854316364,0.32588558706421855,0.5093434141314699,0.3619300417929404
0.3932124593291836,0.47899223424723836,0.30426882348153683,0.3326280466736472,0.5290208313864788,0.45250927132579677,0.41085809254353034,0.34031241651587585,0.38313232899292304,0.34820034286137114,1.0,0.3403874330751834,0.5639744861908393,0.33477402775997134,0.3283522948581584,0.4105659525187797,0.42461896295563584,0.530174662826993,0.4526028631468493,0.41323617142418134,0.522286285835857,0.474202167720964,0.5303813344466091,0.47735825624677575,0.43414887569030003,0.4277614495539923,0.5569141316247863,0.3350798517255045,0.3706452412986083,0.3876489124120671,0.32088296861657895,0.49982276707924944,0.0,0.5181460417505103,0.48199344009268164,0.34445939343759047,0.38707910346454577,0.5340251609569835,0.2756530126417803,0.5698842567375841,0.32417765693712486,0.49700730542898663,0.5578725224717092,0.34457803131430786,0.3425410321185288,0.3447013535525125,0.49404062709070884,0.4954335544286185,0.34053047856055596,0.3791475977328975
0.35205513519166975,0.34780412658312865,0.27182104998529744,0.546245116066924,0.3136284200273526,0.3132264127775395,0.3075444973305933,0.5244116548476818,0.32952887801992836,0.5260394064038594,0.3403874330751834,1.0,0.3264061103150634,0.538499128882026,0.6327830135952244,0.3077986497267746,0.29792939531084595,0.3178277469327203,0.2790365193588764,0.30601451876247454,0.31229193645098763,0.28857357560565966,0.3218102028095122,0.3209546127258769,0.3077850047732773,0.2923433079125396,0.3263584544830188,0.5297804290087824,0.3619118308046022,0.33668305026391965,0.4780890679118396,0.31751122914292007,0.0,0.31681641347857936,0.3245632216722312,0.4488246469155671,0.29018423254158676,0.3266529217489411,0.3997126433842293,0.322228168409606,0.5025312264191558,0.32555047616760846,0.33184192964116743,0.5421486718909652,0.5374982972890726,0.34747636191319453,0.3249286303105031,0.32656516100761956,0.48596630262266516,0.3618758097840842
0.3717066616254875,0.4617663671813036,0.2909896282457539,0.3308281121670348,0.4969085308927653,0.42453963900283287,0.39373915021165773,0.33513278922331446,0.37099953670004326,0.3404932105440961,0.5639744861908393,0.3264061103150634,1.0,0.32133718886679263,0.32672753291446144,0.4142469991383657,0.40981183552271805,0.5215764301231043,0.5171626412166044,0.3972471245484206,0.5274383146758544,0.5254280670140943,0.5707296369462882,0.454323180073534,0.4120284961302647,0.40692940286077794,0.5634638072014262,0.3149577835573224,0.35667211538975474,0.3780121942178579,0.30971859316065176,0.5367351986033136,0.0,0.5497626721439677,0.45754746988024175,0.31841903777365843,0.3871795608393118,0.5339372630523085,0.267510561863874,0.5615867930900666,0.318641609278829,0.47206158899817463,0.5612433679596855,0.3229572115576771,0.31950481511122275,0.323854342075402,0.4680998043476722,0.47030983656155634,0.3198869705560702,0.3581925642584163
0.33333396497222034,0.3262132987898645,0.27369182371958256,0.5763146402783148,0.31412307149217455,0.3020967957088936,0.30126108446474875,0.5278019154937157,0.3366806459649617,0.540129956296337,0.33477402775997134,0.538499128882026,0.32133718886679263,1.0,0.581701199516408,0.305506292280427,0.2933583408294419,0.31764906490967026,0.27455357438353833,0.3035604927747654,0.3029598736886914,0.2790774168807588,0.3212709438800452,0.30649412380764485,0.29757952164776535,0.28586591776797776,0.32143586610953234,0.5547256860826733,0.36676014227455056,0.33249298085896717,0.5098589244925276,0.31494666372303415,0.0,0.3082814992907721,0.31326854600108545,0.45077417058068825,0.2854032098011652,0.317396558017666,0.39349675582449584,0.31600109823586364,0.5338610690640704,0.31672872780227734,0.320059788892168,0.5585672762959313,0.5502456970418335,0.34603156116545786,0.31878145971017813,0.32096845025844956,0.49950288999078285,0.36640203917196
0.32851658450018817,0.3232505786892177,0.2627767575602564,0.5884210196334185,0.32584430692569044,0.29957453024008096,0.29541778597461177,0.5121204748934365,0.33662472349964545,0.5315391791657472,0.3283522948581584,0.6327830135952244,0.32672753291446144,0.581701199516408,1.0,0.3095888011605582,0.3088438982923023,0.30640137425888847,0.2664955024412293,0.29769334804508174,0.29903398452715846,0.2713024754586425,0.31354516622403295,0.31442405769809156,0.3075411636181141,0.2923312390320051,0.3174243255525735,0.5219730437768846,0.3466512891788617,0.33013240742773853,0.51574041679474,0.3197994011934028,0.0,0.3040659738798408,0.3103520314461179,0.4450384024619709,0.28574905191781674,0.31131789432490253,0.3938451905080904,0.3120767978484127,0.5383059592907178,0.3132862893378364,0.3174920046258237,0.5293176725542117,0.5193351203527825,0.3403805586400206,0.3188118501097086,0.3211952052928553,0.48401354159783316,0.3627753144713516
0.3656347949189084,0.39690234415589265,0.2830393522234025,0.32192402727023073,0.3961985401586897,0.4030609085734417,0.7448826129257711,0.31625804488351517,0.360864392597009,0.32495050973446915,0.4105659525187797,0.3077986497267746,0.4142469991383657,0.305506292280427,0.3095888011605582,1.0,0.36789747464377,0.41229435005967296,0.36114123443143953,0.7492097259190704,0.40637675685688823,0.3830512974615158,0.4221723608194793,0.39239664806322916,0.3809299783412855,0.3738455044764316,0.39973583401694746,0.30562996160567635,0.34044074957265,0.36543715907404284,0.2968805396120825,0.39814275072415917,0.0,0.3974144686210367,0.39817802915018596,0.32041470394206795,0.7437739793518425,0.38542300901453563,0.26081578083577683,0.39214723690808195,0.3027342425962022,0.39637734807284175,0.40511698126559137,0.31022847899957606,0.31243839056393197,0.3129125901660471,0.39214048799787826,0.39413389210171035,0.30419711036226404,0.34321980301399824
0.34164850061992635,0.4694256040638438,0.25995017079300897,0.3071348693144714,0.4688638159667715,0.4415438244883715,0.3604193659896091,0.30786572134789747,0.3300804643017108,0.31182762042543943,0.42461896295563584,0.29792939531084595,0.40981183552271805,0.2933583408294419,0.3088438982923023,0.36789747464377,1.0,0.3991751256109214,0.3413946551063688,0.35749218091271395,0.39526107187724335,0.35785523510830575,0.4087594185381752,0.5621556033356228,0.5367707688161427,0.5697879551324093,0.40895350673302133,0.29351069476233527,0.34279931042681755,0.3291680799176856,0.29537156792634744,0.4695254727336572,0.0,0.436298911272352,0.49279048722055085,0.3043041536329013,0.3488540819425697,0.4058791975062743,0.24768878336193212,0.4041119784298799,0.2959183354969641,0.45792184543768255,0.41166164095901325,0.30623312797056146,0.31100346484048547,0.2981019062699346,0.46314869338868014,0.46614649024898336,0.2913954161283486,0.33854241898845927
0.37118547298162974,0.4661697460356714,0.2954630070802048,0.3173861091109783,0.4380979893620961,0.43514405865522143,0.4337749583274799,0.33045491911656655,0.36211439147936975,0.3235970448216947,0.530174662826993,0.3178277469327203,0.5215764301231043,0.31764906490967026,0.30640137425888847,0.41229435005967296,0.3991751256109214,1.0,0.47786491502482265,0.43442076646714767,0.5560031923677742,0.4808019670988255,0.5639199998660627,0.43341504336508196,0.40356021909511886,0.3993220069579039,0.5380835586651959,0.32173350922752464,0.36247672930485975,0.3680355822096848,0.29770660643086566,0.4874910235467025,0.0,0.5079258632189217,0.45903874537745204,0.33977421812339303,0.4050712087849311,0.5016056164122562,0.2635274324788659,0.5343851004177884,0.3007616627468723,0.4721561535257015,0.531220324745111,0.326362402806043,0.32503965868798723,0.3318738871854794,0.47379376627178293,0.47443437631700636,0.3143171613593304,0.36291185571140216
0.3194314912554551,0.3851597724449187,0.24657820120054585,0.27740004233705085,0.37956815624355644,0.3770817348161717,0.37132765107971977,0.2829942189953689,0.3007207411128655,0.2797218088127442,0.4526028631468493,0.2790365193588764,0.5171626412166044,0.27455357438353833,0.2664955024412293,0.36114123443143953,0.3413946551063688,0.47786491502482265,1.0,0.3639516290392517,0.4634298954315166,0.506341805434471,0.4714877985040429,0.37115488050946,0.35704813579740535,0.33288293143967607,0.45305473846051403,0.2739724555954062,0.2973845377307759,0.3103043180042555,0.25543784498230937,0.4703481876647989,0.0,0.43672063081643986,0.39418013660211304,0.2903776235097838,0.3534374088523904,0.4243366774560817,0.22881485780169497,0.44762635919784055,0.2593069664757903,0.3923794991563715,0.4433981066166729,0.2853110864706512,0.2839171780558599,0.2808320704019647,0.3884747077566547,0.39091939183518987,0.2695144815835978,0.30609443397546054
0.3599945353240358,0.4047590732821079,0.2892983732960831,0.3096923198273057,0.3574665639009862,0.3803320905165729,0.8558585772181955,0.3100372839326,0.354289703045344,0.3121513339914955,0.41323617142418134,0.30601451876247454,0.3972471245484206,0.3035604927747654,0.29769334804508174,0.7492097259190704,0.35749218091271395,0.43442076646714767,0.3639516290392517,1.0,0.434354580296331,0.37169684759061405,0.44181169616457705,0.38176054256503966,0.3659533087493655,0.3535044067139771,0.4136621228396268,0.3053544499483415,0.34425472762964027,0.35720000626549275,0.28708634922089626,0.3872990913841744,0.0,0.40184739969714944,0.4006250846140711,0.32331869267970104,0.7754870428303946,0.391717860310954,0.2517346691176342,0.40808992987585657,0.29004326092372,0.401804125961573,0.41467180395210756,0.311626913302391,0.31028588944210345,0.3229567836681988,0.39798882677777414,0.3986362892693345,0.3060480145166048,0.3511878618564842
0.3582649075349913,0.4470981653094884,0.29055442665323483,0.30856930252488046,0.440304726794867,0.4134077005798549,0.43478759214629537,0.3142919787737686,0.3489441750086094,0.3099062877408556,0.522286285835857,0.31229193645098763,0.5274383146758544,0.3029598736886914,0.29903398452715846,0.40637675685688823,0.39526107187724335,0.5560031923677742,0.4634298954315166,0.434354580296331,1.0,0.4834393315702511,0.5755120446556283,0.4221123034509616,0.395394734871959,0.39449565507712114,0.5461792886520229,0.30739223661579995,0.3448825077184827,0.3594065570340128,0.28578900672276153,0.49508474623777843,0.0,0.5245828730070897,0.44587800377107256,0.32825816866148283,0.40456098909477634,0.5105693189205697,0.25539429095430455,0.5433976020380235,0.29345429161175374,0.4481432395461745,0.5349363045666771,0.31529920454590876,0.31466426673436276,0.3272922885638957,0.4646734846363427,0.46514060356802267,0.3061088662933368,0.35403563326194765
0.33881056475412086,0.3926792653986436,0.2553025414647989,0.2838668858056348,0.38790641626811684,0.4773931171125473,0.385697048243258,0.2914475536311564,0.31127256454243146,0.2910107403915557,0.474202167720964,0.28857357560565966,0.5254280670140943,0.2790774168807588,0.2713024754586425,0.3830512974615158,0.35785523510830575,0.4808019670988255,0.506341805434471,0.37169684759061405,0.4834393315702511,1.0,0.5996949688203184,0.3804144506245375,0.387206762912669,0.3815636631363488,0.47597050056561163,0.28831512317895447,0.306402697575619,0.3144459663967889,0.26211110325606246,0.4783712335095759,0.0,0.5418253487125542,0.403972462850683,0.29269332314709895,0.35288417979015485,0.4502629219048101,0.22763952963354872,0.48058164114105184,0.2644930793131196,0.3991866475076473,0.4727337050131135,0.29423068963148,0.2956073795929812,0.28730672209235086,0.4026355914799926,0.40388053295751347,0.2761128349293255,0.315605906064928
0.3730093710446837,0.46500716648015494,0.29511038582101234,0.3237200857388751,0.4440249823459782,0.428592146438884,0.44598062784675474,0.3288578969269125,0.3579774255936061,0.32294376582944584,0.5303813344466091,0.3218102028095122,0.5707296369462882,0.3212709438800452,0.31354516622403295,0.4221723608194793,0.4087594185381752,0.5639199998660627,0.4714877985040429,0.44181169616457705,0.5755120446556283,0.5996949688203184,1.0,0.4384084872433658,0.41355014766475096,0.39857017397618055,0.566595548657268,0.3235216415602167,0.3576500371203175,0.3608278959430422,0.3013235569533901,0.5135607095904527,0.0,0.6469287799495713,0.46413631869936145,0.3346967873898431,0.4150885097389728,0.5275428679153922,0.26568348537391373,0.5531288653338211,0.3043848159716732,0.465442328489456,0.5564322579008114,0.33058191577669416,0.32788034114866393,0.32938267236686736,0.46501281857878873,0.46547703486740555,0.31775620580155206,0.359730976561334
0.3668308278213951,0.5541823811369334,0.2722995844317211,0.32174561819503145,0.4809881833010765,0.5094376040550508,0.3820009043598367,0.3247391270262737,0.3520140431769675,0.3247683464290174,0.47735825624677575,0.3209546127258769,0.454323180073534,0.30649412380764485,0.31442405769809156,0.39239664806322916,0.5621556033356228,0.43341504336508196,0.37115488050946,0.38176054256503966,0.4221123034509616,0.3804144506245375,0.4384084872433658,1.0,0.5780445097663713,0.5599265059126822,0.45016380388371424,0.3048400960712496,0.35377141302151904,0.3528051136524075,0.3007944249307162,0.4560910391746893,0.0,0.4506931308113761,0.5814979856837128,0.31411513633231425,0.36690653673048623,0.43714760552519005,0.26530200658563174,0.43580840633315765,0.3094517957742565,0.5020986054160607,0.4470190738823857,0.31914822077171534,0.3212284384134906,0.315413694677778,0.48496839481002574,0.4883746201603295,0.3103755246230585,0.3526885969779924
0.35228890693547343,0.5246156314875936,0.25862301050399084,0.3220889046480796,0.46548785669110804,0.5226320873060706,0.371962944721937,0.3139210094554029,0.3321235173898722,0.3145824899903156,0.43414887569030003,0.3077850047732773,0.4120284961302647,0.29757952164776535,0.3075411636181141,0.3809299783412855,0.5367707688161427,0.40356021909511886,0.35704813579740535,0.3659533087493655,0.395394734871959,0.387206762912669,0.41355014766475096,0.5780445097663713,1.0,0.5399215332177952,0.41256540817862253,0.28957131523648894,0.3286856142483482,0.32739536014273785,0.29348744959957185,0.4764692077939813,0.0,0.4163372862125341,0.5555002404405811,0.30572826887977445,0.3609091719457409,0.4133891626053179,0.25934353880443006,0.4050495361423372,0.29741903464224495,0.4624845434945206,0.41600457583777595,0.31749169510784003,0.3166971121072767,0.3036447377350848,0.454252835577757,0.45844658876841704,0.3036513617695572,0.3350246796091918
0.336081960988057,0.4566909263152552,0.2500732208854879,0.2985987638883747,0.4753663919011839,0.46431493502982935,0.35558089111488445,0.29831249636077173,0.324719618422577,0.30579689964812995,0.4277614495539923,0.2923433079125396,0.40692940286077794,0.28586591776797776,0.2923312390320051,0.3738455044764316,0.5697879551324093,0.3993220069579039,0.33288293143967607,0.3535044067139771,0.39449565507712114,0.3815636631363488,0.39857017397618055,0.5599265059126822,0.5399215332177952,1.0,0.4017890173381129,0.2834452000884431,0.3329540892106613,0.3235139431511217,0.2864873356376757,0.43870592078049986,0.0,0.41600205494106945,0.48494732740135094,0.2958265735722182,0.3423351634011219,0.403039323393526,0.24146041704495635,0.40608030175985643,0.2865804680156353,0.45077442573155757,0.4036398783958167,0.30124239844660716,0.30158828122021,0.2929033079146425,0.4526748282727978,0.4551589829609013,0.2938440022270623,0.33142812932266263
0.374961152789242,0.4641296430628181,0.29621540356538,0.32181742514561296,0.4624117619810937,0.42132590443930473,0.4097455804922039,0.32951819002797544,0.3672991393982018,0.3306962457671767,0.5569141316247863,0.3263584544830188,0.5634638072014262,0.32143586610953234,0.3174243255525735,0.39973583401694746,0.40895350673302133,0.5380835586651959,0.45305473846051403,0.4136621228396268,0.5461792886520229,0.47597050056561163,0.566595548657268,0.45016380388371424,0.41256540817862253,0.4017890173381129,1.0,0.31753082134744404,0.3605021420764325,0.37085180923709915,0.30590245287703866,0.5134192655366183,0.0,0.530424148933914,0.46004504817585723,0.33008931212616666,0.3858340048103508,0.6075964768774391,0.26251527854446544,0.580646615875349,0.3113249590930903,0.4693577297189858,0.6421943043887839,0.33254411906345305,0.3257118329168772,0.3338801717878004,0.4667114457277164,0.4678405931401656,0.32691997620785795,0.36609325653344293
0.33475983086234495,0.3348012957501918,0.27437279737726405,0.5568764574048164,0.2980479792209819,0.3103876638867217,0.3042967793838478,0.705360883209794,0.32311812515070804,0.5411713722666455,0.3350798517255045,0.5297804290087824,0.3149577835573224,0.5547256860826733,0.5219730437768846,0.30562996160567635,0.29351069476233527,0.32173350922752464,0.2739724555954062,0.3053544499483415,0.30739223661579995,0.28831512317895447,0.3235216415602167,0.3048400960712496,0.28957131523648894,0.2834452000884431,0.31753082134744404,1.0,0.3621357123866613,0.3277660441854736,0.49770125478256977,0.3167341667371284,0.0,0.3099589952974722,0.30914121703150066,0.44647367544005157,0.28720103346888026,0.32423935839505436,0.3910813128090711,0.31511328604738387,0.5139036482968184,0.3185963000193106,0.31953227112077665,0.7999259267825372,0.7700811547482751,0.33635966719820176,0.3190824143366614,0.3196334698527823,0.4979744293257755,0.35065323487892675
0.3981527153761505,0.36827871528314415,0.31805112768124877,0.35308446024263795,0.34206508711819184,0.34007499729445456,0.34287346935988317,0.36468125335501733,0.38389868040315944,0.3633020016170392,0.3706452412986083,0.3619118308046022,0.35667211538975474,0.36676014227455056,0.3466512891788617,0.34044074957265,0.34279931042681755,0.36247672930485975,0.2973845377307759,0.34425472762964027,0.3448825077184827,0.306402697575619,0.3576500371203175,0.35377141302151904,0.3286856142483482,0.3329540892106613,0.3605021420764325,0.3621357123866613,1.0,0.3900222493766604,0.3383858750259334,0.35059601980539334,0.0,0.35466667778800975,0.35657797728160234,0.35778931925908863,0.32486254410472026,0.35871522105452236,0.29188872245114916,0.35890519336152304,0.335030816296812,0.3545560247112768,0.36151276544610944,0.35871344320885823,0.3600862223436191,0.4313856192348686,0.36000386415015406,0.3594038069364298,0.3557558636148168,0.6188201673179956
0.4485469598771298,0.3702555845159943,0.3221442428691095,0.33560951617912504,0.35166030903459555,0.33483761417358215,0.3532479412370054,0.33600029772495266,0.4690701508593833,0.3485986293262552,0.3876489124120671,0.33668305026391965,0.3780121942178579,0.33249298085896717,0.33013240742773853,0.36543715907404284,0.3291680799176856,0.3680355822096848,0.3103043180042555,0.35720000626549275,0.3594065570340128,0.3144459663967889,0.3608278959430422,0.3528051136524075,0.32739536014273785,0.3235139431511217,0.37085180923709915,0.3277660441854736,0.3900222493766604,1.0,0.3186016379066232,0.3508281459009709,0.0,0.35009110795681064,0.3594693413891211,0.33772671229249507,0.3397371066705157,0.36119317394503814,0.2740735806882756,0.3813381914036845,0.32539331370177615,0.3626784187182659,0.37545958114051403,0.3357278488092491,0.32978031992875834,0.3786083339335634,0.36976229372223746,0.3714788767770414,0.33208731403369707,0.4037166471630872
0.3189639892458067,0.31455434046841013,0.2544573274656097,0.5167693691213229,0.30742841390461495,0.28748373144229544,0.2856365078884744,0.49838434714566227,0.323806291391626,0.555132286486462,0.32088296861657895,0.4780890679118396,0.30971859316065176,0.5098589244925276,0.51574041679474,0.2968805396120825,0.29537156792634744,0.29770660643086566,0.25543784498230937,0.28708634922089626,0.28578900672276153,0.26211110325606246,0.3013235569533901,0.3007944249307162,0.29348744959957185,0.2864873356376757,0.30590245287703866,0.49770125478256977,0.3383858750259334,0.3186016379066232,1.0,0.3033881540432988,0.0,0.2962420040590704,0.2971922720771035,0.42714370210211405,0.2766681657021488,0.3032623920824423,0.37079449573077994,0.30305905347484874,0.6515689157635653,0.3059277766446301,0.30408727292928395,0.5109169067816507,0.5013147505183415,0.32292058446955163,0.30355761050076946,0.30470363509971243,0.46088034394900657,0.33656203856933575
0.3647095955825952,0.443483907166472,0.27945591470689357,0.33271766148014337,0.4983613796329377,0.43441070745861565,0.38922249321850455,0.32938023346782086,0.3487104898206862,0.32305705388365924,0.49982276707924944,0.31751122914292007,0.5367351986033136,0.31494666372303415,0.3197994011934028,0.39814275072415917,0.4695254727336572,0.4874910235467025,0.4703481876647989,0.3872990913841744,0.49508474623777843,0.4783712335095759,0.5135607095904527,0.4560910391746893,0.4764692077939813,0.43870592078049986,0.5134192655366183,0.3167341667371284,0.35059601980539334,0.3508281459009709,0.3033881540432988,1.0,0.0,0.49655939080693057,0.44344692390441887,0.3120507743894272,0.3826999551783572,0.5123831732036177,0.2683001023886473,0.5162530920999178,0.30531527773619915,0.446453273843186,0.5220188307658798,0.3206435082818131,0.32493299975733425,0.3203972177426939,0.455532392363025,0.45919078082462406,0.3041388375260552,0.3463495283455692
0.0,0.0,0.0,0.0,0.0,0.0,0.0,0.0,0.0,0.0,0.0,0.0,0.0,0.0,0.0,0.0,0.0,0.0,0.0,0.0,0.0,0.0,0.0,0.0,0.0,0.0,0.0,0.0,0.0,0.0,0.0,0.0,1.0,0.0,0.0,0.0,0.0,0.0,0.0,0.0,0.0,0.0,0.0,0.0,0.0,0.0,0.0,0.0,0.0,0.0
0.36659475420566423,0.4534703985920895,0.2870929813566325,0.31196142984271313,0.45700326534173263,0.4321589089908183,0.40421882602768766,0.32206641016892534,0.35058422318507176,0.3156249421556364,0.5181460417505103,0.31681641347857936,0.5497626721439677,0.3082814992907721,0.3040659738798408,0.3974144686210367,0.436298911272352,0.5079258632189217,0.43672063081643986,0.40184739969714944,0.5245828730070897,0.5418253487125542,0.6469287799495713,0.4506931308113761,0.4163372862125341,0.41600205494106945,0.530424148933914,0.3099589952974722,0.35466667778800975,0.35009110795681064,0.2962420040590704,0.49655939080693057,0.0,1.0,0.466618247863837,0.33531542851871965,0.3793154924284766,0.5100912000795168,0.2717394473978407,0.533032831461435,0.2964387456406611,0.46045531056588673,0.5392602916652025,0.3182858974467654,0.3191944348495569,0.3157615680121747,0.4563733754405116,0.458495070860073,0.30849055899243316,0.3537610614854144
0.3725899011155883,0.5800198322251164,0.28323725168614866,0.3187819108078529,0.44100711742939,0.5356611514821218,0.40488866409377455,0.31940591853949274,0.3543235007048521,0.320633943721901,0.48199344009268164,0.3245632216722312,0.45754746988024175,0.31326854600108545,0.3103520314461179,0.39817802915018596,0.49279048722055085,0.45903874537745204,0.39418013660211304,0.4006250846140711,0.44587800377107256,0.403972462850683,0.46413631869936145,0.5814979856837128,0.5555002404405811,0.48494732740135094,0.46004504817585723,0.30914121703150066,0.35657797728160234,0.3594693413891211,0.2971922720771035,0.44344692390441887,0.0,0.466618247863837,1.0,0.3220310218632979,0.37587013639113165,0.4470320169274694,0.2627111916723369,0.46253072877614465,0.30269943546909295,0.5127335068102263,0.4683269136006124,0.3192698239203726,0.32033660226992855,0.3218488575516105,0.49997306308121725,0.5018289676345344,0.3154468818258098,0.3565762788535899
0.3434563197921645,0.32390386577470476,0.27423467883642594,0.45462269881558226,0.3007229244545795,0.3172484737192133,0.3274392502819238,0.45301183142571844,0.34106390115684204,0.46435241009319506,0.34445939343759047,0.4488246469155671,0.31841903777365843,0.45077417058068825,0.4450384024619709,0.32041470394206795,0.3043041536329013,0.33977421812339303,0.2903776235097838,0.32331869267970104,0.32825816866148283,0.29269332314709895,0.3346967873898431,0.31411513633231425,0.30572826887977445,0.2958265735722182,0.33008931212616666,0.44647367544005157,0.35778931925908863,0.33772671229249507,0.42714370210211405,0.3120507743894272,0.0,0.33531542851871965,0.3220310218632979,1.0,0.30540437268969123,0.3183514501946356,0.4014433322123653,0.3296688968495818,0.42918106407709955,0.3265577997374469,0.3298760417124893,0.4594076068708628,0.4593537510728123,0.3405160648972979,0.3180838755362687,0.3197371555807005,0.4531096200280502,0.36294297800877473
0.34094922000445504,0.37729334360802824,0.2705779230979718,0.29605290112545957,0.3558698212424921,0.3582515434591873,0.7753997605099996,0.29354187282601063,0.33484283222285094,0.29651965865224983,0.38707910346454577,0.29018423254158676,0.3871795608393118,0.2854032098011652,0.28574905191781674,0.7437739793518425,0.3488540819425697,0.4050712087849311,0.3534374088523904,0.7754870428303946,0.40456098909477634,0.35288417979015485,0.4150885097389728,0.36690653673048623,0.3609091719457409,0.3423351634011219,0.3858340048103508,0.28720103346888026,0.32486254410472026,0.3397371066705157,0.2766681657021488,0.3826999551783572,0.0,0.3793154924284766,0.37587013639113165,0.30540437268969123,1.0,0.3655310525222586,0.2429608912081468,0.373931620764237,0.27662475501853356,0.3772841527597174,0.3902949022838387,0.29221271287554074,0.2924480271208305,0.29654657918260563,0.37259480149693947,0.37419194324681326,0.28250835496622373,0.325465316948536
0.37371087393330626,0.48319797996353897,0.29379689192412073,0.3149732031647592,0.482737442400482,0.4287643199268786,0.38594574261942494,0.33594209677381603,0.35347428505436296,0.3275744167501904,0.5340251609569835,0.3266529217489411,0.5339372630523085,0.317396558017666,0.31131789432490253,0.38542300901453563,0.4058791975062743,0.5016056164122562,0.4243366774560817,0.391717860310954,0.5105693189205697,0.4502629219048101,0.5275428679153922,0.43714760552519005,0.4133891626053179,0.403039323393526,0.6075964768774391,0.32423935839505436,0.35871522105452236,0.36119317394503814,0.3032623920824423,0.5123831732036177,0.0,0.5100912000795168,0.4470320169274694,0.3183514501946356,0.3655310525222586,1.0,0.27330610491670104,0.5578824075932345,0.3073190943731038,0.46618134046841564,0.640770947798684,0.33315151641475804,0.3266742052018321,0.33492847334987264,0.4721807527605417,0.47263090258699514,0.32594588332585783,0.3633487505267411
0.2825747410476449,0.25944549295120434,0.21700143798222116,0.4028780310487219,0.2962231259495125,0.2690624994786901,0.25681022382964847,0.4051169278655782,0.2749630848690623,0.4037892188992458,0.2756530126417803,0.3997126433842293,0.267510561863874,0.39349675582449584,0.3938451905080904,0.26081578083577683,0.24768878336193212,0.2635274324788659,0.22881485780169497,0.2517346691176342,0.25539429095430455,0.22763952963354872,0.26568348537391373,0.26530200658563174,0.25934353880443006,0.24146041704495635,0.26251527854446544,0.3910813128090711,0.29188872245114916,0.2740735806882756,0.37079449573077994,0.2683001023886473,0.0,0.2717394473978407,0.2627111916723369,0.4014433322123653,0.2429608912081468,0.27330610491670104,1.0,0.26209407893244285,0.3742348517184656,0.2716479201974623,0.26585286142903697,0.3978793954681331,0.40146926360349755,0.2768150081999756,0.26471995743280563,0.26737541473747417,0.38195326787976946,0.3057661249374044
0.3753539236201545,0.470813554435654,0.30074117161094394,0.31483856828693657,0.4685913825745599,0.4295326727709502,0.402586631248083,0.3250998395479432,0.3682905825093771,0.3279518976421928,0.5698842567375841,0.322228168409606,0.5615867930900666,0.31600109823586364,0.3120767978484127,0.39214723690808195,0.4041119784298799,0.5343851004177884,0.44762635919784055,0.40808992987585657,0.5433976020380235,0.48058164114105184,0.5531288653338211,0.43580840633315765,0.4050495361423372,0.40608030175985643,0.580646615875349,0.31511328604738387,0.35890519336152304,0.3813381914036845,0.30305905347484874,0.5162530920999178,0.0,0.533032831461435,0.46253072877614465,0.3296688968495818,0.373931620764237,0.5578824075932345,0.26209407893244285,1.0,0.30462694914641886,0.4724093840603806,0.5880333354545608,0.32396296800343405,0.32480330934130863,0.3443166113809747,0.49713277883370366,0.49778646719271946,0.31936099061232537,0.370404995538995
