../ecoli_genomes/GCF_000163235.1_ASM16323v1_genomic.fna.gz,../ecoli_genomes/GCF_000164555.1_ASM16455v1_genomic.fna.gz,../ecoli_genomes/GCF_000208545.1_ASM20854v2_genomic.fna.gz,../ecoli_genomes/GCF_000233875.1_ASM23387v1_genomic.fna.gz,../ecoli_genomes/GCF_000249735.1_ASM24973v2_genomic.fna.gz,../ecoli_genomes/GCF_000261145.1_Esch_coli_M919_V2_genomic.fna.gz,../ecoli_genomes/GCF_000267705.2_ASM26770v2_genomic.fna.gz,../ecoli_genomes/GCF_000350665.1_Esch_coli_KTE5_V1_genomic.fna.gz,../ecoli_genomes/GCF_000351625.1_Esch_coli_KTE66_V1_genomic.fna.gz,../ecoli_genomes/GCF_000352285.1_Esch_coli_KTE46_V1_genomic.fna.gz,../ecoli_genomes/GCF_000358895.1_ASM35889v1_genomic.fna.gz,../ecoli_genomes/GCF_000456385.1_Esch_coli_HVH_26_4-5703913_V1_genomic.fna.gz,../ecoli_genomes/GCF_000458195.1_Esch_coli_HVH_147_4-5893887_V1_genomic.fna.gz,../ecoli_genomes/GCF_000459755.1_Esch_coli_KOEGE_58_171a_V1_genomic.fna.gz,../ecoli_genomes/GCF_000460055.1_Esch_coli_UMEA_3053-1_V1_genomic.fna.gz,../ecoli_genomes/GCF_000462165.2_ASM46216v2_genomic.fna.gz,../ecoli_genomes/GCF_000601135.1_ASM60113v1_genomic.fna.gz,../ecoli_genomes/GCF_000614595.1_Ec2010EL1058_genomic.fna.gz,../ecoli_genomes/GCF_000617745.1_Ec2010C-4529_genomic.fna.gz,../ecoli_genomes/GCF_000618265.2_EcF6751_genomic.fna.gz,../ecoli_genomes/GCF_000619005.2_Ec2009C-4052_genomic.fna.gz,../ecoli_genomes/GCF_000619105.1_Ec2009C-4780_genomic.fna.gz,../ecoli_genomes/GCF_000619765.2_Ec2009C-3279_genomic.fna.gz,../ecoli_genomes/GCF_000687005.1_ASM68700v1_genomic.fna.gz,../ecoli_genomes/GCF_000687025.1_ASM68702v1_genomic.fna.gz,../ecoli_genomes/GCF_000700125.1_ASM70012v1_genomic.fna.gz,../ecoli_genomes/GCF_000753315.1_FHI35_genomic.fna.gz,../ecoli_genomes/GCF_000776375.1_ASM77637v1_genomic.fna.gz,../ecoli_genomes/GCF_000779395.1_ASM77939v1_genomic.fna.gz,../ecoli_genomes/GCF_000780315.1_ASM78031v1_genomic.fna.gz,../ecoli_genomes/GCF_000781995.1_ASM78199v1_genomic.fna.gz,../ecoli_genomes/GCF_000986765.1_ASM98676v1_genomic.fna.gz,../ecoli_genomes/GCF_001041375.1_ViralProj287958_genomic.fna.gz,../ecoli_genomes/GCF_001265335.1_302014_genomic.fna.gz,../ecoli_genomes/GCF_001265625.1_100854_genomic.fna.gz,../ecoli_genomes/GCF_001267345.1_303289_genomic.fna.gz,../ecoli_genomes/GCF_001309985.1_ASM130998v1_genomic.fna.gz,../ecoli_genomes/GCF_001521695.1_ASM152169v1_genomic.fna.gz,../ecoli_genomes/GCF_001592595.1_ASM159259v1_genomic.fna.gz,../ecoli_genomes/GCF_001614975.1_ASM161497v1_genomic.fna.gz,../ecoli_genomes/GCF_001692775.1_ASM169277v1_genomic.fna.gz,../ecoli_genomes/GCF_001748915.1_ASM174891v1_genomic.fna.gz,../ecoli_genomes/GCF_001749235.1_ASM174923v1_genomic.fna.gz,../ecoli_genomes/GCF_001881155.1_ASM188115v1_genomic.fna.gz,../ecoli_genomes/GCF_001881345.1_ASM188134v1_genomic.fna.gz,../ecoli_genomes/GCF_001892405.1_ASM189240v1_genomic.fna.gz,../ecoli_genomes/GCF_001892585.1_ASM189258v1_genomic.fna.gz,../ecoli_genomes/GCF_001893985.1_ASM189398v1_genomic.fna.gz,../ecoli_genomes/GCF_002001595.1_ASM200159v1_genomic.fna.gz,../ecoli_genomes/GCF_002002145.1_ASM200214v1_genomic.fna.gz
1.0,0.7755165050772101,0.7568019193066917,0.7459678994517605,0.7453351175846681,0.7685109163564907,0.7550174994815112,0.7548948356113901,0.7753242889235628,0.751576247374082,0.7738712238943933,0.7533040926067441,0.7631703396303383,0.7418482724913678,0.7417757494803283,0.7549412722663603,0.7546007599561633,0.7670709247543236,0.740795162034255,0.7596733089775309,0.7572859563306567,0.7512770418881107,0.7690848683541753,0.7503309562623146,0.7440150416325199,0.7147437571139722,0.7592115516164397,0.7459413318517154,0.7725743960809688,0.7714429060394525,0.7305108821506174,0.76253903659283,0.04775773824744434,0.7545835576476628,0.7489840685485673,0.743585818024883,0.743939405752369,0.7644612872515901,0.6184698817850516,0.7669573933625405,0.7370002092130516,0.7467095380662363,0.7668856698246073,0.7532936668512542,0.7590408052878933,0.7681372862006821,0.765591971935202,0.7655377063642698,0.750067489036659,0.7728949497402204
0.7755165050772101,1.0,0.7462597467047289,0.7571371307337674,0.7609710559191727,0.8313569604967256,0.7726037231687907,0.7614595151128016,0.7665346946757328,0.7665618292665135,0.8014815509757771,0.7642943995052209,0.7975248156854187,0.753048086889534,0.7537086455246118,0.770066086477608,0.7915888780858603,0.8097038341353513,0.7685547941274911,0.7799496643179233,0.7997880397492569,0.7944274777716662,0.801258189229257,0.8077842793906439,0.8054714019167403,0.7383829445796528,0.7826986454782793,0.7586972990804529,0.7798778231189369,0.7692271563450647,0.7466536371901931,0.7962484667134961,0.04142170648922794,0.7974568950557295,0.829303312020901,0.758577463811164,0.7583108015170047,0.7965201683039342,0.6022335172217231,0.7826011037011192,0.7486758781839349,0.7686167692940123,0.7964584308241275,0.7686556315449671,0.765477990309176,0.7593189194763448,0.8139967067336618,0.8142467150249539,0.7668996927152147,0.7521948892018819
0.7568019193066917,0.7462597467047289,1.0,0.7327513160761168,0.7121992013546203,0.7456150210054207,0.7456616748281735,0.73757316834385,0.7452229593337025,0.7377499614623451,0.7444163199156434,0.7339981255482659,0.7447856589531414,0.7392589164370189,0.7314690636442802,0.7444902359685273,0.7158073531017409,0.7448920059671187,0.7234315491489522,0.750921805164714,0.7400804460256019,0.740351178123211,0.7476176644117983,0.7185059653470345,0.7152401054933667,0.6830792553208141,0.7381961233497236,0.7351805412016863,0.754197231240151,0.7539340225529257,0.7280050176558701,0.7331844727626652,0.041384083357531076,0.7408995877089168,0.7277328047247502,0.731463193098999,0.7332523287977205,0.7412696732689501,0.595755847145532,0.7421521619305573,0.7347507381653077,0.7243034715226124,0.7504870611767798,0.743187142639944,0.7409605961007146,0.7520233721367875,0.7512044767999235,0.7517448205821553,0.7375986063666682,0.7517696477236643
0.7459678994517605,0.7571371307337674,0.7327513160761168,1.0,0.7163997092140233,0.75489226758997,0.7532699253522348,0.8254801577726594,0.7654005294183,0.8392320235022352,0.7398334109649471,0.8237672466643096,0.7478054598040655,0.8376186827831532,0.8503948426920677,0.7579191510637295,0.7287209884095106,0.7597224386305337,0.7238121895758238,0.7580449216904637,0.7504204417284279,0.7473907720020823,0.7511256398699486,0.7337370029266461,0.7353816928774366,0.6740557631560822,0.7285892447812288,0.836528878137577,0.7703215201107565,0.7568666828261744,0.8251748037759016,0.7473554080908504,0.04284845702112716,0.7519406058987423,0.7461845408419676,0.7976164803975458,0.744972257170848,0.7333095544595885,0.6375360762918335,0.7234945946433358,0.8313480563144452,0.6993506794266233,0.741975788876027,0.8347448445706003,0.8308958885269115,0.7563358504119584,0.7502323158999121,0.7499529814279245,0.8024321499928289,0.7418862997497827
0.7453351175846681,0.7609710559191727,0.7121992013546203,0.7163997092140233,1.0,0.7786938444086658,0.7245968753408352,0.7182412452317493,0.7244018446269282,0.7225827025125847,0.7908812391109886,0.7135756722382208,0.7859016870354374,0.7095738300540277,0.7185592238218563,0.7365266164835669,0.7680952334755002,0.7655756137643038,0.7343261703108597,0.7296674681352842,0.7607622506734275,0.7493783167408394,0.7660700144445611,0.7731447699790125,0.7469324851700412,0.7349401206991142,0.7649681813921129,0.7095140161683597,0.732069964791306,0.7247869563055926,0.7078254015784597,0.7755409255381006,0.03771689807186551,0.7612028227856786,0.7491354293384709,0.7090217558830736,0.7221571941125017,0.7811438198880392,0.6177563134723196,0.7725975197657614,0.7187869364993782,0.7471555466766997,0.7763061891711666,0.7201094774071839,0.7235985784694348,0.7230354096772997,0.7615771675410596,0.7618362469525869,0.7118869029991247,0.7289150808552588
0.7685109163564907,0.8313569604967256,0.7456150210054207,0.75489226758997,0.7786938444086658,1.0,0.7781980274097158,0.7601126869040619,0.7600925178647162,0.7637137193572285,0.7961803649887733,0.7531688511042856,0.8070188408836996,0.7528246192949268,0.7561282680251842,0.7815265827657163,0.7884419119628554,0.8107050022154195,0.7754175083042598,0.7831625739815001,0.7984393851010417,0.7927739894805901,0.8080643819005455,0.8155016849164517,0.8044051002155472,0.7386241772568194,0.7854947353690052,0.755488806782761,0.7795418995201209,0.7614031312355901,0.7444008875890464,0.7958537166459181,0.03761336345562838,0.8027032806020784,0.8215548650043683,0.7627015596057427,0.7659434732290147,0.8066582039534445,0.6092196358748938,0.7909069680089834,0.7494594992028746,0.7807780683481246,0.8034264807745903,0.7618106099184325,0.7614648621004748,0.7553864305507075,0.8156201368992745,0.8165509455366936,0.7551682401749009,0.759980536910403
0.7550174994815112,0.7726037231687907,0.7456616748281735,0.7532699253522348,0.7245968753408352,0.7781980274097158,1.0,0.7552434720359978,0.7617985759284432,0.7584785971348638,0.770351660292381,0.7517654278538655,0.7711468406658304,0.749480765656558,0.7483418180783505,0.9000303298053982,0.7437934181209482,0.8017769361383893,0.7686420299912387,0.9401231321313138,0.7950320203717725,0.7852015727401656,0.7918131016693916,0.7512564173789867,0.7459838138613655,0.6974669125370372,0.761874336813176,0.7495829690937369,0.7643963104285746,0.7669193112984518,0.7429998624523598,0.7680067882332793,0.05004902866470973,0.7876786158057232,0.7731945321022566,0.7679242785156318,0.9054167460171081,0.7643105612501366,0.6138327348379874,0.7561305193080028,0.7457147097262529,0.7275851818346852,0.7714881433245173,0.7561903092298445,0.7547432727009029,0.7544339271955827,0.7678173982882897,0.7683437052821023,0.7485366846618842,0.7406209529529231
0.7548948356113901,0.7614595151128016,0.73757316834385,0.8254801577726594,0.7182412452317493,0.7601126869040619,0.7552434720359978,1.0,0.7680622962919466,0.8349425025490058,0.747304896002533,0.8226659901611011,0.7562123017915886,0.8227211562110802,0.8183717122261236,0.7595787150371659,0.7268174848507087,0.7596210445915637,0.7282764842790566,0.7598337061008067,0.7547868148888068,0.7521520171528435,0.7531693395031932,0.7363001481747076,0.7329784701448352,0.6874881717554766,0.740180775139204,0.8872157119755241,0.7767241729482892,0.7650935789356577,0.8142635263313387,0.7439431035922595,0.04065467427105196,0.7569377986086866,0.746437578563955,0.7964432888775478,0.7422621772253557,0.7511374267196818,0.6341033353138212,0.736290851098211,0.8222853894670266,0.7066296764522495,0.7493833962080659,0.8871605572649736,0.8747274555975405,0.7612025020874447,0.7539076565912176,0.7541872627464308,0.8084572722871022,0.741267663415182
0.7753242889235628,0.7665346946757328,0.7452229593337025,0.7654005294183,0.7244018446269282,0.7600925178647162,0.7617985759284432,0.7680622962919466,1.0,0.7710166849453047,0.7605164584767711,0.7525939162105144,0.7673115190580448,0.7598348953713477,0.7629654320677994,0.7670421316877843,0.7378914639665006,0.7699085110451936,0.7373302908922609,0.7690635844288549,0.766189494103631,0.766313268537554,0.7619469854766692,0.74654411527352,0.731901711451295,0.6868842881827296,0.7396398341284265,0.7612723881489477,0.7756742596999073,0.8115492769532076,0.7547837976499974,0.7518413255580898,0.04843873318193592,0.7614949415044979,0.7584404016183844,0.7607341709293309,0.7489898606987044,0.7488394878442126,0.605047537763911,0.7439508183495519,0.7570290576572489,0.7123302171576487,0.7582319135053741,0.7662241672097749,0.7617078924218367,0.7573522376776958,0.7619865920842267,0.7617679112416327,0.7597776667254867,0.7442744442374154
0.751576247374082,0.7665618292665135,0.7377499614623451,0.8392320235022352,0.7225827025125847,0.7637137193572285,0.7584785971348638,0.8349425025490058,0.7710166849453047,1.0,0.7535130840279844,0.8149318044280779,0.7642917584549165,0.8267643445111014,0.8277448111024529,0.7663763537336881,0.7298371000630791,0.7649327106477859,0.7312479370335704,0.7638443374959225,0.7546378251275241,0.7535413998491778,0.7521369482523212,0.7396653800512667,0.7348434228777447,0.6845915399202456,0.7393862845441839,0.8335530609559382,0.7759426354397586,0.7675059747453881,0.8319493411921857,0.7474334420811233,0.03994793425853693,0.7584384878781194,0.7515669514157933,0.8033287393298754,0.7494030958921953,0.7401708671981195,0.6343503047584255,0.7339962983943458,0.8415133166699496,0.7056892606875862,0.7471319687891733,0.8354086450564491,0.8346377688683566,0.7595108134292295,0.754845975565744,0.7552908244149692,0.8204937339076996,0.7421270330097154
0.7738712238943933,0.8014815509757771,0.7444163199156434,0.7398334109649471,0.7908812391109886,0.7961803649887733,0.770351660292381,0.747304896002533,0.7605164584767711,0.7535130840279844,1.0,0.7437852399875071,0.8256486499269906,0.7412716771549621,0.7389378539497066,0.7736741224345589,0.7707943841273018,0.8228147083931944,0.7731741207509355,0.7778798917259332,0.804546311970233,0.8048816360108916,0.8120756833051075,0.7828976107346746,0.7571908249569874,0.7341657877565514,0.8090370522786787,0.7430578874796261,0.7627015507694297,0.7609287558649364,0.7351811211717276,0.7946712229844889,0.03869796523587099,0.8006594896676893,0.7863145689407519,0.7534614944702288,0.7600145186186164,0.809314998150093,0.5983504116805027,0.8150322830750826,0.7392009472886845,0.7630623686739294,0.8178599670538348,0.749918556247308,0.7499172674177171,0.7449172581935024,0.7973019359707466,0.797606507201202,0.7487775838219868,0.750702554226997
0.7533040926067441,0.7642943995052209,0.7339981255482659,0.8237672466643096,0.7135756722382208,0.7531688511042856,0.7517654278538655,0.8226659901611011,0.7525939162105144,0.8149318044280779,0.7437852399875071,1.0,0.7450141998532502,0.8141109686009755,0.8411844074049085,0.753073623616227,0.7271513107709477,0.7559037150066173,0.7272187260775113,0.7570542751060455,0.7494327969963066,0.7464672819938687,0.7438419050954286,0.7357442487562855,0.7295611370893791,0.6806071122101744,0.7262565520750288,0.8224543075302013,0.771247357285054,0.7578415521268859,0.7995545095523818,0.7379002131517711,0.041111500849633886,0.7518852406924423,0.7487485640229503,0.7916263443730152,0.7429614231877134,0.738833657954664,0.6349565883791668,0.72525598870581,0.8062622031187276,0.7016977003109064,0.743590702551122,0.8248303060864844,0.8229894980437946,0.7537267835336658,0.7522363888002049,0.7523498854557005,0.7965280143312784,0.7360445131748931
0.7631703396303383,0.7975248156854187,0.7447856589531414,0.7478054598040655,0.7859016870354374,0.8070188408836996,0.7711468406658304,0.7562123017915886,0.7673115190580448,0.7642917584549165,0.8256486499269906,0.7450141998532502,1.0,0.7439323287121892,0.7545557678709345,0.7820920745242369,0.7626936982852585,0.8302237608356022,0.8073031717078833,0.7794416654712581,0.8230310678637762,0.8360405860162798,0.8399724716354255,0.7859575577465673,0.7630947147485883,0.7244052742908523,0.8308142053904042,0.7514019203441541,0.766527864432903,0.7678930727018257,0.7422811685351439,0.8148902226541983,0.044367403134524586,0.826076404041978,0.7900142193360485,0.7546665379267069,0.7653391027281171,0.8225668010743139,0.5947462700097805,0.8333974068473063,0.7517334797104301,0.7728015665560143,0.8291443418262476,0.7566904976055037,0.7543215841508691,0.7482301982120274,0.8057979667746926,0.806491101899575,0.7489630824831288,0.7599592894092833
0.7418482724913678,0.753048086889534,0.7392589164370189,0.8376186827831532,0.7095738300540277,0.7528246192949268,0.749480765656558,0.8227211562110802,0.7598348953713477,0.8267643445111014,0.7412716771549621,0.8141109686009755,0.7439323287121892,1.0,0.8423442660113212,0.750473903361265,0.7187975746634798,0.7549757134317077,0.7205323392354012,0.7551269715768449,0.7496540713361217,0.7487663816125141,0.7491153113570236,0.7233217328574955,0.7242420366872935,0.6754000416344499,0.7286199929047574,0.8344990220376746,0.7659195647999437,0.7551910060898933,0.8198175938345535,0.7356518620444467,0.0389635812445448,0.750159657404601,0.7419937335528377,0.7924421709055331,0.7383709860538019,0.7361569753069235,0.6310105920002843,0.724549399060471,0.8189789723203168,0.6949125614034731,0.7437610226329701,0.837303800789456,0.8266863828096258,0.750332334711147,0.745147776318507,0.7448523278958455,0.8065152023312517,0.7353170822685998
0.7417757494803283,0.7537086455246118,0.7314690636442802,0.8503948426920677,0.7185592238218563,0.7561282680251842,0.7483418180783505,0.8183717122261236,0.7629654320677994,0.8277448111024529,0.7389378539497066,0.8411844074049085,0.7545557678709345,0.8423442660113212,1.0,0.7553049240549479,0.7267521655140984,0.755199799871058,0.7228753495558535,0.7545682398480922,0.7511800024487191,0.7479757549981407,0.7496676484289071,0.7318629044741838,0.7322560560682814,0.6745560741854667,0.7307569143755414,0.8225137606896876,0.767602431772177,0.7572602620849126,0.8197186864996884,0.7442854858098484,0.03736642713480132,0.7491816268466758,0.7439875960175143,0.795385307060277,0.7411066922193843,0.736596065877107,0.6326134454051675,0.7245821540107158,0.8289254557205197,0.6971687661115518,0.7436605463424815,0.8259642222095288,0.8189876322319103,0.7544784597000053,0.7553220401239435,0.7551984436981376,0.8021880225986244,0.736568007171319
0.7549412722663603,0.770066086477608,0.7444902359685273,0.7579191510637295,0.7365266164835669,0.7815265827657163,0.9000303298053982,0.7595787150371659,0.7670421316877843,0.7663763537336881,0.7736741224345589,0.753073623616227,0.7820920745242369,0.750473903361265,0.7553049240549479,1.0,0.7458501068327429,0.7964036768697337,0.7639923835308222,0.9075144114491489,0.7884683137051055,0.7828513356722439,0.7881818909393692,0.7532345311852592,0.7465581860210959,0.703496047275526,0.7592241883333044,0.7511026832428216,0.7631659903251361,0.7766659642101413,0.7481789741055767,0.7696332905584319,0.04946763937635701,0.7861114113131547,0.7734428123077469,0.7612437733304442,0.8882195545568987,0.7648166709403421,0.6112167627275614,0.7542353591960693,0.7535393120552495,0.7231220101220042,0.770797033068241,0.7560891774770041,0.7538947999033111,0.7514027303020521,0.7676994185591319,0.7676620761340485,0.7496427370868876,0.740802063158031
0.7546007599561633,0.7915888780858603,0.7158073531017409,0.7287209884095106,0.7680952334755002,0.7884419119628554,0.7437934181209482,0.7268174848507087,0.7378914639665006,0.7298371000630791,0.7707943841273018,0.7271513107709477,0.7626936982852585,0.7187975746634798,0.7267521655140984,0.7458501068327429,1.0,0.7704023343621361,0.7317615080080235,0.7487796535253273,0.7606582594870064,0.7547056997371795,0.7677631329379113,0.8153239420059841,0.8026661865355148,0.7748889876363603,0.7467443437473408,0.7192705618339335,0.7474723955586215,0.7369131712789259,0.7178081405006738,0.7930660818814433,0.04333686109221513,0.770746613482836,0.7756521269653711,0.7285395471668323,0.7379468004891947,0.7536779754313283,0.5859431207473494,0.7489651809905925,0.7211508013892357,0.7470212217951404,0.764171970280978,0.7264264398505418,0.7316490446112662,0.7284829442215524,0.7751618606028621,0.7755112015757892,0.7251265282031447,0.7237680122679688
0.7670709247543236,0.8097038341353513,0.7448920059671187,0.7597224386305337,0.7655756137643038,0.8107050022154195,0.8017769361383893,0.7596210445915637,0.7699085110451936,0.7649327106477859,0.8228147083931944,0.7559037150066173,0.8302237608356022,0.7549757134317077,0.755199799871058,0.7964036768697337,0.7704023343621361,1.0,0.8154381712115666,0.808464985772854,0.8400645457546402,0.8370545513800807,0.8491667518452415,0.7892642903627576,0.773229640621364,0.7259598831613192,0.8219966845237742,0.7590148028798522,0.7704955557983642,0.7702227926806144,0.7496292761780028,0.8079038520578616,0.04323304135345829,0.8258522317378049,0.8017878802190646,0.766325919495582,0.7910364698931163,0.8072035824531507,0.5997117899820831,0.8121842235844478,0.7499809872825245,0.7732674772506554,0.8242412233327557,0.7661341445648002,0.763949462601328,0.7567998075861279,0.8119619873787358,0.8123481290223812,0.7554171638304941,0.7603756917948272
0.740795162034255,0.7685547941274911,0.7234315491489522,0.7238121895758238,0.7343261703108597,0.7754175083042598,0.7686420299912387,0.7282764842790566,0.7373302908922609,0.7312479370335704,0.7731741207509355,0.7272187260775113,0.8073031717078833,0.7205323392354012,0.7228753495558535,0.7639923835308222,0.7317615080080235,0.8154381712115666,1.0,0.7717430391917199,0.8036463856367093,0.8178491342813227,0.8065679918826475,0.7522187222397203,0.7386712094690138,0.6964939457589967,0.7845041988759847,0.7247326115429548,0.7341482355106129,0.7347807511269069,0.7156071823630316,0.7891865093361267,0.04204494826850902,0.7874878840923326,0.7671303678956185,0.7389101937516667,0.7551585506274663,0.7733457300177156,0.5915056771525282,0.7877640140269248,0.7161145367496204,0.7473769807132464,0.7869008025739709,0.73146306142467,0.7318455939188127,0.7308604526714093,0.7732787691237498,0.7733651116756886,0.7260727089110863,0.7359269051749536
0.7596733089775309,0.7799496643179233,0.750921805164714,0.7580449216904637,0.7296674681352842,0.7831625739815001,0.9401231321313138,0.7598337061008067,0.7690635844288549,0.7638443374959225,0.7778798917259332,0.7570542751060455,0.7794416654712581,0.7551269715768449,0.7545682398480922,0.9075144114491489,0.7487796535253273,0.808464985772854,0.7717430391917199,1.0,0.803005018890319,0.7920283240780841,0.7972137624419408,0.7560893450583305,0.7511879292365252,0.7020604071470671,0.7691324139289543,0.7554657476123422,0.7701783404933122,0.7744705964470098,0.7485674594367187,0.7734543961797135,0.05037100196042665,0.7921903599773679,0.7778867713501901,0.7713920054999865,0.9113528754992323,0.771990205822769,0.6143337277072032,0.762986983585684,0.7505482796606258,0.7323940847624477,0.7785675348808098,0.7612770484391806,0.7588216089933062,0.7604761108239493,0.7763645145962594,0.776738104099431,0.7562385458760399,0.7470354445126229
0.7572859563306567,0.7997880397492569,0.7400804460256019,0.7504204417284279,0.7607622506734275,0.7984393851010417,0.7950320203717725,0.7547868148888068,0.766189494103631,0.7546378251275241,0.804546311970233,0.7494327969963066,0.8230310678637762,0.7496540713361217,0.7511800024487191,0.7884683137051055,0.7606582594870064,0.8400645457546402,0.8036463856367093,0.803005018890319,1.0,0.8252694458677687,0.8388231379698377,0.7724474418136992,0.7644867817665593,0.7161567673327625,0.8114517159499288,0.7520426947134484,0.7623026182361642,0.7649624232276911,0.7451786416384447,0.8033840156240001,0.045840046147327174,0.8249270387654984,0.7963129505309623,0.7631564967014777,0.781844891919101,0.8075973206455305,0.601537004818187,0.8068958922069347,0.7441455409893369,0.7543918751391854,0.8155003675581538,0.7605036339698319,0.7593055525151869,0.7565586260027913,0.8015699684299594,0.8016219634063658,0.750303195710432,0.7482454436666348
0.7512770418881107,0.7944274777716662,0.740351178123211,0.7473907720020823,0.7493783167408394,0.7927739894805901,0.7852015727401656,0.7521520171528435,0.766313268537554,0.7535413998491778,0.8048816360108916,0.7464672819938687,0.8360405860162798,0.7487663816125141,0.7479757549981407,0.7828513356722439,0.7547056997371795,0.8370545513800807,0.8178491342813227,0.7920283240780841,0.8252694458677687,1.0,0.8806434574427865,0.7701369139298094,0.7543141647190535,0.7079927041541472,0.8102857021291098,0.7518898722431812,0.757003330669264,0.7637309490186099,0.7428532567662238,0.7997046016869392,0.0445356438335448,0.8532778899834887,0.7921489713483153,0.7593984892350405,0.7743639805459921,0.8003545357174431,0.5941434065494737,0.8070286155240367,0.7425524038036729,0.7566180777264306,0.8172046072821302,0.7554251921112184,0.7525242986706004,0.7461196607150178,0.7966689592533522,0.7970700401863788,0.749535448066804,0.7468541260611538
0.7690848683541753,0.801258189229257,0.7476176644117983,0.7511256398699486,0.7660700144445611,0.8080643819005455,0.7918131016693916,0.7531693395031932,0.7619469854766692,0.7521369482523212,0.8120756833051075,0.7438419050954286,0.8399724716354255,0.7491153113570236,0.7496676484289071,0.7881818909393692,0.7677631329379113,0.8491667518452415,0.8065679918826475,0.7972137624419408,0.8388231379698377,0.8806434574427865,1.0,0.7827785724674923,0.770698573321249,0.7233526800146877,0.8361299105109239,0.752213091643069,0.7662525086002595,0.7609440740154144,0.7428891498085852,0.8143996398825635,0.046097765267058666,0.8564367729233354,0.7950704304862591,0.7568502398823875,0.7828685802394666,0.8174265433991279,0.5945364579179107,0.828593078557158,0.746427399282118,0.7836932412116328,0.8294839994738281,0.7603206485289151,0.7574304526580659,0.7534787900256815,0.8060658186185422,0.8063230654409907,0.7467480462215724,0.767493285935676
0.7503309562623146,0.8077842793906439,0.7185059653470345,0.7337370029266461,0.7731447699790125,0.8155016849164517,0.7512564173789867,0.7363001481747076,0.74654411527352,0.7396653800512667,0.7828976107346746,0.7357442487562855,0.7859575577465673,0.7233217328574955,0.7318629044741838,0.7532345311852592,0.8153239420059841,0.7892642903627576,0.7522187222397203,0.7560893450583305,0.7724474418136992,0.7701369139298094,0.7827785724674923,1.0,0.8058996123025873,0.7567685153715955,0.7710409956249824,0.7247634240454055,0.7571799213113874,0.7409416842735808,0.7228279871131638,0.7833170896823263,0.03979654843777547,0.7806294604309879,0.8088446846338139,0.7351489651782643,0.7437254226324501,0.7716382096992292,0.5888765996494307,0.7669732959522295,0.728547539673684,0.7649495941099108,0.7740605978423458,0.7348097106224922,0.7370674960678174,0.7337092371129259,0.7887741347393505,0.7894085402543382,0.7239897450971542,0.738902939235824
0.7440150416325199,0.8054714019167403,0.7152401054933667,0.7353816928774366,0.7469324851700412,0.8044051002155472,0.7459838138613655,0.7329784701448352,0.731901711451295,0.7348434228777447,0.7571908249569874,0.7295611370893791,0.7630947147485883,0.7242420366872935,0.7322560560682814,0.7465581860210959,0.8026661865355148,0.773229640621364,0.7386712094690138,0.7511879292365252,0.7644867817665593,0.7543141647190535,0.770698573321249,0.8058996123025873,1.0,0.7484063944521422,0.7509821992110496,0.7263975735987658,0.7436962789477501,0.7297511188298205,0.71997073861923,0.7932676144049469,0.03440169941673166,0.765462730085623,0.7940244993127186,0.7296952602679867,0.7401524622660831,0.7645873128991034,0.5859605914704499,0.7499090018142285,0.722098420354707,0.7462371480025995,0.7691360094599664,0.7386534563513238,0.7370036660878805,0.7309579889892814,0.7793204426771354,0.7787100996252869,0.7277125767053401,0.7236629539562509
0.7147437571139722,0.7383829445796528,0.6830792553208141,0.6740557631560822,0.7349401206991142,0.7386241772568194,0.6974669125370372,0.6874881717554766,0.6868842881827296,0.6845915399202456,0.7341657877565514,0.6806071122101744,0.7244052742908523,0.6754000416344499,0.6745560741854667,0.703496047275526,0.7748889876363603,0.7259598831613192,0.6964939457589967,0.7020604071470671,0.7161567673327625,0.7079927041541472,0.7233526800146877,0.7567685153715955,0.7484063944521422,1.0,0.72280634553305,0.676394322170043,0.7017724235925429,0.6846603537485074,0.6746662177015241,0.7349384103012642,0.04049269672458067,0.7123226215888099,0.7219326219350781,0.6816434199105414,0.6927130106444689,0.7336771733677614,0.5614770821620809,0.729187147629321,0.6755459533485306,0.7320070495189417,0.7298804662673211,0.6890220889534632,0.6874483803789342,0.690435045297366,0.733408495533912,0.7348291487218281,0.6890592602882581,0.7013998436804989
0.7592115516164397,0.7826986454782793,0.7381961233497236,0.7285892447812288,0.7649681813921129,0.7854947353690052,0.761874336813176,0.740180775139204,0.7396398341284265,0.7393862845441839,0.8090370522786787,0.7262565520750288,0.8308142053904042,0.7286199929047574,0.7307569143755414,0.7592241883333044,0.7467443437473408,0.8219966845237742,0.7845041988759847,0.7691324139289543,0.8114517159499288,0.8102857021291098,0.8361299105109239,0.7710409956249824,0.7509821992110496,0.72280634553305,1.0,0.7338112799557086,0.7512726143438068,0.7364169193351343,0.7263894704587761,0.8002728898260684,0.042004370827798176,0.7993713373566146,0.7709611944934369,0.73633200935711,0.7548181620032686,0.8423295985738203,0.5848262068017938,0.8440362450699876,0.7304229957292128,0.7967424803581556,0.8539989616846239,0.7463035219288103,0.7414339992743135,0.7460739064048202,0.7938238780255281,0.7942124593265871,0.7311547752758405,0.7729402761455202
0.7459413318517154,0.7586972990804529,0.7351805412016863,0.836528878137577,0.7095140161683597,0.755488806782761,0.7495829690937369,0.8872157119755241,0.7612723881489477,0.8335530609559382,0.7430578874796261,0.8224543075302013,0.7514019203441541,0.8344990220376746,0.8225137606896876,0.7511026832428216,0.7192705618339335,0.7590148028798522,0.7247326115429548,0.7554657476123422,0.7520426947134484,0.7518898722431812,0.752213091643069,0.7247634240454055,0.7263975735987658,0.676394322170043,0.7338112799557086,1.0,0.7742875314985733,0.7621661458690255,0.8169412175348609,0.7400436924766116,0.0416403456484552,0.7526292864123664,0.7419782581675293,0.7966868131631805,0.7381387123564449,0.7458194570334684,0.6319115697155813,0.7319547227541918,0.8284057592354094,0.702433557538239,0.7442685659581754,0.9201823588069008,0.8994539923712841,0.7594835518879652,0.7540275891975533,0.7540375087264668,0.814115306270433,0.7386839553495581
0.7725743960809688,0.7798778231189369,0.754197231240151,0.7703215201107565,0.732069964791306,0.7795418995201209,0.7643963104285746,0.7767241729482892,0.7756742596999073,0.7759426354397586,0.7627015507694297,0.771247357285054,0.766527864432903,0.7659195647999437,0.767602431772177,0.7631659903251361,0.7474723955586215,0.7704955557983642,0.7341482355106129,0.7701783404933122,0.7623026182361642,0.757003330669264,0.7662525086002595,0.7571799213113874,0.7436962789477501,0.7017724235925429,0.7512726143438068,0.7742875314985733,1.0,0.7672264487555069,0.7667423514083614,0.7568167843472289,0.04450871824911806,0.7679607384164617,0.7593352380689347,0.7657703674941122,0.7533018987523024,0.7567087493378798,0.608201595376715,0.7506403641566646,0.7604910528587113,0.7274057294661965,0.7604497176558878,0.7750726223656124,0.7736952513250487,0.7805820730969948,0.7657515327229498,0.7661401127406492,0.7652954357754795,0.8205163912783588
0.7714429060394525,0.7692271563450647,0.7539340225529257,0.7568666828261744,0.7247869563055926,0.7614031312355901,0.7669193112984518,0.7650935789356577,0.8115492769532076,0.7675059747453881,0.7609287558649364,0.7578415521268859,0.7678930727018257,0.7551910060898933,0.7572602620849126,0.7766659642101413,0.7369131712789259,0.7702227926806144,0.7347807511269069,0.7744705964470098,0.7649624232276911,0.7637309490186099,0.7609440740154144,0.7409416842735808,0.7297511188298205,0.6846603537485074,0.7364169193351343,0.7621661458690255,0.7672264487555069,1.0,0.7541169471007598,0.746463520656031,0.042892793600661006,0.7602169861940367,0.7572493178475981,0.75741214598121,0.757651005080427,0.7492031971510504,0.6012974519841283,0.7445438733196095,0.756236764908339,0.7077907876686869,0.7598365602029278,0.766354288328416,0.7649288662755744,0.7557177743060934,0.7664368526658402,0.7666638682485101,0.7540200248918981,0.7370133397815031
0.7305108821506174,0.7466536371901931,0.7280050176558701,0.8251748037759016,0.7078254015784597,0.7444008875890464,0.7429998624523598,0.8142635263313387,0.7547837976499974,0.8319493411921857,0.7351811211717276,0.7995545095523818,0.7422811685351439,0.8198175938345535,0.8197186864996884,0.7481789741055767,0.7178081405006738,0.7496292761780028,0.7156071823630316,0.7485674594367187,0.7451786416384447,0.7428532567662238,0.7428891498085852,0.7228279871131638,0.71997073861923,0.6746662177015241,0.7263894704587761,0.8169412175348609,0.7667423514083614,0.7541169471007598,1.0,0.7368349503714813,0.04535890317136004,0.7449221567158901,0.7328811267499873,0.790605558392816,0.7330582026987722,0.7273178339710302,0.6291038951998874,0.719054390488411,0.8607807847278296,0.6938138352417698,0.7321813687985905,0.8191368265308339,0.8152813611122547,0.7532912891724588,0.7411163493157158,0.7415494090296233,0.7998358092579974,0.7322164217447871
0.76253903659283,0.7962484667134961,0.7331844727626652,0.7473554080908504,0.7755409255381006,0.7958537166459181,0.7680067882332793,0.7439431035922595,0.7518413255580898,0.7474334420811233,0.7946712229844889,0.7379002131517711,0.8148902226541983,0.7356518620444467,0.7442854858098484,0.7696332905584319,0.7930660818814433,0.8079038520578616,0.7891865093361267,0.7734543961797135,0.8033840156240001,0.7997046016869392,0.8143996398825635,0.7833170896823263,0.7932676144049469,0.7349384103012642,0.8002728898260684,0.7400436924766116,0.7568167843472289,0.746463520656031,0.7368349503714813,1.0,0.04565259041008474,0.803783911384667,0.7772793823301519,0.7402023254066279,0.7626110872434305,0.8085067745032969,0.5937467356419488,0.7984816284406792,0.7391373990361277,0.7679691131109467,0.8149765970602256,0.7477072097631638,0.7503832810664303,0.7491355319144506,0.7968484099842668,0.7973225252497723,0.7381994927241934,0.7475662798796463
0.04775773824744434,0.04142170648922794,0.041384083357531076,0.04284845702112716,0.03771689807186551,0.03761336345562838,0.05004902866470973,0.04065467427105196,0.04843873318193592,0.03994793425853693,0.03869796523587099,0.041111500849633886,0.044367403134524586,0.0389635812445448,0.03736642713480132,0.04946763937635701,0.04333686109221513,0.04323304135345829,0.04204494826850902,0.05037100196042665,0.045840046147327174,0.0445356438335448,0.046097765267058666,0.03979654843777547,0.03440169941673166,0.04049269672458067,0.042004370827798176,0.0416403456484552,0.04450871824911806,0.042892793600661006,0.04535890317136004,0.04565259041008474,1.0,0.04288004830106951,0.04049349613284947,0.04131062203306535,0.05017757680981638,0.04209403446254156,0.03936520395562726,0.0415524712247749,0.04322852112657827,0.03825117478137241,0.04051735434563308,0.04123717470504373,0.04171877834846205,0.04814478016730084,0.040387504396146356,0.040898228601390696,0.04665724077673905,0.050416607740381814
0.7545835576476628,0.7974568950557295,0.7408995877089168,0.7519406058987423,0.7612028227856786,0.8027032806020784,0.7876786158057232,0.7569377986086866,0.7614949415044979,0.7584384878781194,0.8006594896676893,0.7518852406924423,0.826076404041978,0.750159657404601,0.7491816268466758,0.7861114113131547,0.770746613482836,0.8258522317378049,0.7874878840923326,0.7921903599773679,0.8249270387654984,0.8532778899834887,0.8564367729233354,0.7806294604309879,0.765462730085623,0.7123226215888099,0.7993713373566146,0.7526292864123664,0.7679607384164617,0.7602169861940367,0.7449221567158901,0.803783911384667,0.04288004830106951,1.0,0.7944064239979797,0.7657853362675017,0.7745742952801524,0.7986513962777717,0.5995868159535849,0.798817221254293,0.7470815002717551,0.7544279312858619,0.8122669119084376,0.7570180741274035,0.7580602376449457,0.7520364806284173,0.796683431428087,0.7974018120188586,0.7480586482171656,0.7430995361405672
0.7489840685485673,0.829303312020901,0.7277328047247502,0.7461845408419676,0.7491354293384709,0.8215548650043683,0.7731945321022566,0.746437578563955,0.7584404016183844,0.7515669514157933,0.7863145689407519,0.7487485640229503,0.7900142193360485,0.7419937335528377,0.7439875960175143,0.7734428123077469,0.7756521269653711,0.8017878802190646,0.7671303678956185,0.7778867713501901,0.7963129505309623,0.7921489713483153,0.7950704304862591,0.8088446846338139,0.7940244993127186,0.7219326219350781,0.7709611944934369,0.7419782581675293,0.7593352380689347,0.7572493178475981,0.7328811267499873,0.7772793823301519,0.04049349613284947,0.7944064239979797,1.0,0.7452704502008993,0.7587552293293366,0.7795938086935575,0.6022959292049337,0.7700758399375954,0.7379485392679073,0.7553397682171914,0.7900412539489386,0.7462540956735377,0.744022108859671,0.7333369208785746,0.7997264468780709,0.7991965867272112,0.7396352128942827,0.7354050935719829
0.743585818024883,0.758577463811164,0.731463193098999,0.7976164803975458,0.7090217558830736,0.7627015596057427,0.7679242785156318,0.7964432888775478,0.7607341709293309,0.8033287393298754,0.7534614944702288,0.7916263443730152,0.7546665379267069,0.7924421709055331,0.795385307060277,0.7612437733304442,0.7285395471668323,0.766325919495582,0.7389101937516667,0.7713920054999865,0.7631564967014777,0.7593984892350405,0.7568502398823875,0.7351489651782643,0.7296952602679867,0.6816434199105414,0.73633200935711,0.7966868131631805,0.7657703674941122,0.75741214598121,0.790605558392816,0.7402023254066279,0.04131062203306535,0.7657853362675017,0.7452704502008993,1.0,0.7566404391779054,0.7417116867053837,0.6401256685783543,0.734753565442235,0.7933257603387069,0.7050192061159897,0.746008469756827,0.7983693584912425,0.8001970522070224,0.754634907393168,0.7528728710451623,0.7530737219228391,0.8004502581046034,0.7371733885943977
0.743939405752369,0.7583108015170047,0.7332523287977205,0.744972257170848,0.7221571941125017,0.7659434732290147,0.9054167460171081,0.7422621772253557,0.7489898606987044,0.7494030958921953,0.7600145186186164,0.7429614231877134,0.7653391027281171,0.7383709860538019,0.7411066922193843,0.8882195545568987,0.7379468004891947,0.7910364698931163,0.7551585506274663,0.9113528754992323,0.781844891919101,0.7743639805459921,0.7828685802394666,0.7437254226324501,0.7401524622660831,0.6927130106444689,0.7548181620032686,0.7381387123564449,0.7533018987523024,0.757651005080427,0.7330582026987722,0.7626110872434305,0.05017757680981638,0.7745742952801524,0.7587552293293366,0.7566404391779054,1.0,0.7566018645863739,0.6068117563178664,0.7473482481495881,0.7349460725499454,0.7215932294989291,0.76491131662407,0.7434768445956998,0.74244053646829,0.7432664637383055,0.7584413954268793,0.7587708459654477,0.7355025654859382,0.734634895103534
0.7644612872515901,0.7965201683039342,0.7412696732689501,0.7333095544595885,0.7811438198880392,0.8066582039534445,0.7643105612501366,0.7511374267196818,0.7488394878442126,0.7401708671981195,0.809314998150093,0.738833657954664,0.8225668010743139,0.7361569753069235,0.736596065877107,0.7648166709403421,0.7536779754313283,0.8072035824531507,0.7733457300177156,0.771990205822769,0.8075973206455305,0.8003545357174431,0.8174265433991279,0.7716382096992292,0.7645873128991034,0.7336771733677614,0.8423295985738203,0.7458194570334684,0.7567087493378798,0.7492031971510504,0.7273178339710302,0.8085067745032969,0.04209403446254156,0.7986513962777717,0.7795938086935575,0.7417116867053837,0.7566018645863739,1.0,0.5950579081192706,0.8280393399401496,0.7327710230869416,0.7876829928756207,0.866316314656254,0.7546621965431655,0.7507616487416356,0.7460103953332706,0.805122226407041,0.804734451557954,0.7454965400019234,0.7604705459599246
0.6184698817850516,0.6022335172217231,0.595755847145532,0.6375360762918335,0.6177563134723196,0.6092196358748938,0.6138327348379874,0.6341033353138212,0.605047537763911,0.6343503047584255,0.5983504116805027,0.6349565883791668,0.5947462700097805,0.6310105920002843,0.6326134454051675,0.6112167627275614,0.5859431207473494,0.5997117899820831,0.5915056771525282,0.6143337277072032,0.601537004818187,0.5941434065494737,0.5945364579179107,0.5888765996494307,0.5859605914704499,0.5614770821620809,0.5848262068017938,0.6319115697155813,0.608201595376715,0.6012974519841283,0.6291038951998874,0.5937467356419488,0.03936520395562726,0.5995868159535849,0.6022959292049337,0.6401256685783543,0.6068117563178664,0.5950579081192706,1.0,0.5860540483528969,0.6362239461551451,0.5716287775606553,0.5922006200796597,0.6336156601275598,0.635820872721667,0.6024112998238604,0.5969232382290115,0.5973246837409212,0.6329991831310748,0.5973587995476252
