../ecoli_genomes/GCF_000163235.1_ASM16323v1_genomic.fna.gz,../ecoli_genomes/GCF_000164555.1_ASM16455v1_genomic.fna.gz,../ecoli_genomes/GCF_000208545.1_ASM20854v2_genomic.fna.gz,../ecoli_genomes/GCF_000233875.1_ASM23387v1_genomic.fna.gz,../ecoli_genomes/GCF_000249735.1_ASM24973v2_genomic.fna.gz,../ecoli_genomes/GCF_000261145.1_Esch_coli_M919_V2_genomic.fna.gz,../ecoli_genomes/GCF_000267705.2_ASM26770v2_genomic.fna.gz,../ecoli_genomes/GCF_000350665.1_Esch_coli_KTE5_V1_genomic.fna.gz,../ecoli_genomes/GCF_000351625.1_Esch_coli_KTE66_V1_genomic.fna.gz,../ecoli_genomes/GCF_000352285.1_Esch_coli_KTE46_V1_genomic.fna.gz,../ecoli_genomes/GCF_000358895.1_ASM35889v1_genomic.fna.gz,../ecoli_genomes/GCF_000456385.1_Esch_coli_HVH_26_4-5703913_V1_genomic.fna.gz,../ecoli_genomes/GCF_000458195.1_Esch_coli_HVH_147_4-5893887_V1_genomic.fna.gz,../ecoli_genomes/GCF_000459755.1_Esch_coli_KOEGE_58_171a_V1_genomic.fna.gz,../ecoli_genomes/GCF_000460055.1_Esch_coli_UMEA_3053-1_V1_genomic.fna.gz,../ecoli_genomes/GCF_000462165.2_ASM46216v2_genomic.fna.gz,../ecoli_genomes/GCF_000601135.1_ASM60113v1_genomic.fna.gz,../ecoli_genomes/GCF_000614595.1_Ec2010EL1058_genomic.fna.gz,../ecoli_genomes/GCF_000617745.1_Ec2010C-4529_genomic.fna.gz,../ecoli_genomes/GCF_000618265.2_EcF6751_genomic.fna.gz,../ecoli_genomes/GCF_000619005.2_Ec2009C-4052_genomic.fna.gz,../ecoli_genomes/GCF_000619105.1_Ec2009C-4780_genomic.fna.gz,../ecoli_genomes/GCF_000619765.2_Ec2009C-3279_genomic.fna.gz,../ecoli_genomes/GCF_000687005.1_ASM68700v1_genomic.fna.gz,../ecoli_genomes/GCF_000687025.1_ASM68702v1_genomic.fna.gz,../ecoli_genomes/GCF_000700125.1_ASM70012v1_genomic.fna.gz,../ecoli_genomes/GCF_000753315.1_FHI35_genomic.fna.gz,../ecoli_genomes/GCF_000776375.1_ASM77637v1_genomic.fna.gz,../ecoli_genomes/GCF_000779395.1_ASM77939v1_genomic.fna.gz,../ecoli_genomes/GCF_000780315.1_ASM78031v1_genomic.fna.gz,../ecoli_genomes/GCF_000781995.1_ASM78199v1_genomic.fna.gz,../ecoli_genomes/GCF_000986765.1_ASM98676v1_genomic.fna.gz,../ecoli_genomes/GCF_001041375.1_ViralProj287958_genomic.fna.gz,../ecoli_genomes/GCF_001265335.1_302014_genomic.fna.gz,../ecoli_genomes/GCF_001265625.1_100854_genomic.fna.gz,../ecoli_genomes/GCF_001267345.1_303289_genomic.fna.gz,../ecoli_genomes/GCF_001309985.1_ASM130998v1_genomic.fna.gz,../ecoli_genomes/GCF_001521695.1_ASM152169v1_genomic.fna.gz,../ecoli_genomes/GCF_001592595.1_ASM159259v1_genomic.fna.gz,../ecoli_genomes/GCF_001614975.1_ASM161497v1_genomic.fna.gz,../ecoli_genomes/GCF_001692775.1_ASM169277v1_genomic.fna.gz,../ecoli_genomes/GCF_001748915.1_ASM174891v1_genomic.fna.gz,../ecoli_genomes/GCF_001749235.1_ASM174923v1_genomic.fna.gz,../ecoli_genomes/GCF_001881155.1_ASM188115v1_genomic.fna.gz,../ecoli_genomes/GCF_001881345.1_ASM188134v1_genomic.fna.gz,../ecoli_genomes/GCF_001892405.1_ASM189240v1_genomic.fna.gz,../ecoli_genomes/GCF_001892585.1_ASM189258v1_genomic.fna.gz,../ecoli_genomes/GCF_001893985.1_ASM189398v1_genomic.fna.gz,../ecoli_genomes/GCF_002001595.1_ASM200159v1_genomic.fna.gz,../ecoli_genomes/GCF_002002145.1_ASM200214v1_genomic.fna.gz
1.0,0.36843598374369824,0.3098005750749694,0.33632337241785115,0.334562080113348,0.36077823237357565,0.35065055758228025,0.33536176255586747,0.4352269237532935,0.34703891209646265,0.3719907081406266,0.3429096068251182,0.3634261908631078,0.32763713958074236,0.3155901292611041,0.3557560860986829,0.35147898299861224,0.3536910212870761,0.35542526999914914,0.3553482735216863,0.34416020351214316,0.35350566194808763,0.36825968546618426,0.3554975122730074,0.33883272477020954,0.34446813751186434,0.3604571831766481,0.3012936838043375,0.38960552304168194,0.4370136912053997,0.3107899700906894,0.3527478038004678,0.0,0.3514167532353464,0.35349677316417905,0.31983770117268995,0.3398922132325112,0.36352203804461813,0.27556587238239816,0.36332921529940343,0.31165900086181597,0.353088248442631,0.3623804898641785,0.3376408825286348,0.33712779725239894,0.36305944024220593,0.35179454705434954,0.35191735637013477,0.31810826412787463,0.39192375135789503
0.36843598374369824,1.0,0.28683606102743686,0.3264083080238117,0.41373740499312517,0.5684396657317341,0.3857240176737482,0.3310690505684012,0.34826035222507323,0.33835239737985645,0.4650021729742235,0.3385256800951908,0.45962104243556745,0.3196965959801257,0.3107797580739827,0.3871287908441313,0.49497486845429595,0.44847661311315123,0.43342255113628314,0.390858658069559,0.4329304080482502,0.43954313726939065,0.45446466186129897,0.5575880762088316,0.5184927783591422,0.5064795869595186,0.45835314906059255,0.3012560627206732,0.3602292399726089,0.3591756477014023,0.30652692838233253,0.4411529051204638,0.0,0.4343445804433076,0.5698199011694522,0.31217884371822746,0.36746160661293437,0.4692786399142662,0.24963806588433402,0.4632643807247755,0.31006614206005245,0.4974988152108477,0.4623160668122728,0.34125864566470465,0.3315649982215899,0.3335793801467155,0.5072733818465928,0.5082682129725388,0.33299631344351577,0.35719296122702626
0.3098005750749694,0.28683606102743686,1.0,0.25558276958535475,0.2512154279927008,0.26791211314210994,0.26307582701474863,0.2538869439801663,0.2966193038876961,0.2628363922531757,0.28670131031171897,0.25664239590467497,0.28225469112595547,0.25503464549031063,0.24893719708303652,0.2680368735843739,0.263823985032258,0.27206769393413066,0.26294633793365796,0.26709059884089614,0.2676963164340297,0.27053438615003467,0.2763912734212197,0.2611787953021869,0.2518781873455189,0.263955836239964,0.278905089548418,0.23192391760187636,0.2952768971843144,0.30733607228294135,0.24363585184647552,0.2692152830903696,0.0,0.2688899704887361,0.2640422098974087,0.25713920046171945,0.2527823892149641,0.27851585730357564,0.20328186869456744,0.2831523931331815,0.2497468151801201,0.2713534127265286,0.2837032430399338,0.25872144784623685,0.24555486865310916,0.27676580489491764,0.27938267383552084,0.27843495537211704,0.262800875370245,0.2993286799688216
0.33632337241785115,0.3264083080238117,0.25558276958535475,1.0,0.33507069387332555,0.32300450542683834,0.29856220550128154,0.5354168917456743,0.34202023581104957,0.5607063025804111,0.32182925119457617,0.5477799203939329,0.3288704583768399,0.5797185183143015,0.6012081410608319,0.3150017782210359,0.3249113253581456,0.30864488489048025,0.30606608187662976,0.30287632768068706,0.29848568981712265,0.3004608721973836,0.3225769709901658,0.32831045096765865,0.3133442880460967,0.3326122868083844,0.3147818337657018,0.49214731128707767,0.3521397385270153,0.33525560387370246,0.5327292194358315,0.3339958816585946,0.0,0.3000157630578837,0.3150231710116571,0.446709968548472,0.29441886178649,0.3107540679864811,0.3811246705625193,0.3119433924079372,0.5505452636786445,0.3133777645899096,0.3132737985063818,0.5533337115504096,0.5283065176033838,0.33821962908068715,0.31185203718014665,0.3119250276059705,0.4910278371075375,0.35795979228335706
0.334562080113348,0.41373740499312517,0.2512154279927008,0.33507069387332555,1.0,0.4437449087421613,0.3483536030053571,0.32883133565155676,0.3519058042368153,0.3326640932019974,0.5142081990231353,0.3152772894206308,0.4987719536432649,0.3038299054851332,0.33539317989048734,0.3868614918433265,0.43979378792526613,0.4263765359751589,0.4282234005509217,0.3533269025350356,0.4403969584275844,0.4212728879296923,0.44299580093923197,0.4438479818634308,0.4275762666199717,0.4596045184056293,0.44605632863329525,0.2637737589501218,0.3273361945368499,0.34398613408557466,0.31574026305394776,0.48182288070295465,0.0,0.4479841314025672,0.41881553160195706,0.2848996265591779,0.35566736204313176,0.4722242577733827,0.23872518259329922,0.46004651459579704,0.3186860471387659,0.43199378690139467,0.4667932846552907,0.3014103060053429,0.3016635825412082,0.3043432885315679,0.43261386724749795,0.4317194556867685,0.29244919244711565,0.3253911355111738
0.36077823237357565,0.5684396657317341,0.26791211314210994,0.32300450542683834,0.4437449087421613,1.0,0.3960468525352876,0.3346125494272121,0.3494020971303132,0.3252361559520388,0.453574410371374,0.32520248588895573,0.4565223893019069,0.3166170695388636,0.3096292474527954,0.40018859594241396,0.4880064974990044,0.454670927290001,0.4472194387085583,0.39743731408004535,0.43367861544743536,0.4368708138740768,0.45985657554966974,0.5552437285380539,0.5266457242714961,0.4924333240889416,0.44009772376065137,0.28779032687854134,0.3588199954052529,0.34648577938639347,0.3022358899060823,0.4453229515600804,0.0,0.45155042643268617,0.5753943458564541,0.31864251005111355,0.37923155200176417,0.4606220736409036,0.2612182196524224,0.4529259019745586,0.309255859999534,0.49857404851661546,0.45650959837961047,0.3239335196481987,0.3179927798035599,0.3307023050258643,0.5007429784020705,0.5046546625295157,0.3152011252828759,0.35934220425790964
0.35065055758228025,0.3857240176737482,0.26307582701474863,0.29856220550128154,0.3483536030053571,0.3960468525352876,1.0,0.30138892734608036,0.3425781876249774,0.3018099145903266,0.4029136917401229,0.29950563780697004,0.3900012712249743,0.29574624272904904,0.2886765559299609,0.7397183644567207,0.37542741032457994,0.44143187442621723,0.42842309442777904,0.8623596542198512,0.4298278300339028,0.4142691290217535,0.4315136508589694,0.3820591630027116,0.34770038687870275,0.3749352764663917,0.4019689809981929,0.2709225359739026,0.32963694971591906,0.34486284624380137,0.27857449703296133,0.38066633064321587,0.0,0.3936303322774105,0.3977479505915662,0.32168058232286967,0.7913797503316173,0.3781370199144052,0.2518396050196752,0.3973018502350747,0.27816678170918774,0.3876785282606343,0.39906267195843637,0.30183697368533613,0.29411319991995566,0.3133001681868913,0.3814847309427757,0.38139842891447706,0.2897398360174678,0.3411786229196403
0.33536176255586747,0.3310690505684012,0.2538869439801663,0.5354168917456743,0.32883133565155676,0.3346125494272121,0.30138892734608036,1.0,0.33657748847529767,0.544424862010138,0.32205678636326485,0.5220159906233424,0.3294529016223309,0.5188373051053454,0.5096672041791706,0.31533788281641495,0.32739035977937503,0.3116405268082032,0.3076458443727399,0.3051139390352242,0.30044144536675665,0.3013662600301167,0.315264663566034,0.33560268737926957,0.3059518800539196,0.3289973255880304,0.31422202623260087,0.6426838995174579,0.3597355545965998,0.3331802492290582,0.5101139296617863,0.32115825783471497,0.0,0.30367450328341894,0.31698024906494116,0.43967972394727595,0.293833173635627,0.32672635966464025,0.3738064139265357,0.3207457598257869,0.515550109839682,0.3170231215673309,0.3177922542741338,0.6998999785206506,0.6634257900116456,0.33190942372628096,0.3126133421252596,0.31251491956356514,0.4758391249767292,0.3562892491321863
0.4352269237532935,0.34826035222507323,0.2966193038876961,0.34202023581104957,0.3519058042368153,0.3494020971303132,0.3425781876249774,0.33657748847529767,1.0,0.3502468396579761,0.36091819576448725,0.3288987900882776,0.36572023167960144,0.32891921311974115,0.33602653436619134,0.3616002615757129,0.34643097315477056,0.34263556134461515,0.328956145080481,0.34877244432631516,0.33557037098746334,0.3368841935596404,0.3496442484664868,0.3679993434653571,0.3238564908568068,0.3514062859808704,0.35046016821403003,0.290107093229827,0.38254077751496174,0.4594725320887424,0.3262172461104468,0.34466346299810025,0.0,0.3351899614845185,0.3465559766406556,0.3226343697330377,0.3379064383948238,0.3433802096605437,0.2517118212888536,0.35478406424949804,0.32536554581764054,0.3477921272760969,0.3567187220055298,0.32284493987184393,0.3112511890943589,0.3500772361755746,0.34598021831442216,0.34528950890542753,0.3119174252508452,0.3872366160834788
0.34703891209646265,0.33835239737985645,0.2628363922531757,0.5607063025804111,0.3326640932019974,0.3252361559520388,0.3018099145903266,0.544424862010138,0.3502468396579761,1.0,0.3357630237035534,0.5268818359766745,0.34120953621195493,0.5373976794965902,0.5417536052844821,0.31770320742635216,0.32264255615643267,0.3119598086568448,0.30528640021987863,0.3057336573742684,0.3009649644370582,0.3055098248750959,0.3116823527585322,0.32967182109661264,0.31060886000624566,0.33524019714887143,0.32231131415910796,0.4815593350146964,0.3668855175015716,0.34376019752058984,0.5566211911616958,0.32377055008894084,0.0,0.30051818979314404,0.3157786730921657,0.46015865965820113,0.29767965216409076,0.3193867945797412,0.3837563876446034,0.3252185821743552,0.5567834581399329,0.3157145075376704,0.3193111027040155,0.5381878191477063,0.5257678204441554,0.3405588010816034,0.31546005039953884,0.3145881013028595,0.5019939556226383,0.35895674948566425
0.3719907081406266,0.4650021729742235,0.28670131031171897,0.32182925119457617,0.5142081990231353,0.453574410371374,0.4029136917401229,0.32205678636326485,0.36091819576448725,0.3357630237035534,1.0,0.3231689551095529,0.5672381312480665,0.323651063975822,0.31639027975822054,0.41016428901441015,0.44149576168496074,0.5179647884151486,0.5027275067962367,0.4094301597713147,0.5094613614728569,0.5253338094764277,0.5295159788623431,0.45580984810412595,0.401174201526986,0.45974511848628863,0.536222492184146,0.2954728822146774,0.3627026836930032,0.375328784613823,0.3093217577916151,0.48754394775794185,0.0,0.4984072140985002,0.4670773854707182,0.33222115942846275,0.3881090086902119,0.5159356331730536,0.2575469779179821,0.5578887843814355,0.30774752404174677,0.48099698735453955,0.5466059204572493,0.3243481894502185,0.3152483161854136,0.3364981876553418,0.47691218092395105,0.4743979262749942,0.3266384563856669,0.3674812882577456
0.3429096068251182,0.3385256800951908,0.25664239590467497,0.5477799203939329,0.3152772894206308,0.32520248588895573,0.29950563780697004,0.5220159906233424,0.3288987900882776,0.5268818359766745,0.3231689551095529,1.0,0.32422201366939685,0.5325524104921455,0.624240252269154,0.31038215330544405,0.3110812641121544,0.3072891759319619,0.3078227242496475,0.30343492239663794,0.30363136120079237,0.3039441801739521,0.3157168299985369,0.32612824943419305,0.30010403493499904,0.31907986139676925,0.314804205535828,0.465372527608209,0.36002498573261155,0.3381317006239529,0.48439635119133584,0.3147295010808966,0.0,0.30489616436922873,0.317588495341635,0.4437781425047428,0.2909545593137354,0.31926692428821535,0.375791429641112,0.3162310177167559,0.506156687165337,0.31353978853440867,0.3219794554881801,0.5262830621987419,0.5072044656190975,0.3389363024028961,0.31643424610966153,0.31634580125563927,0.4721856533409282,0.35641641136766444
0.3634261908631078,0.45962104243556745,0.28225469112595547,0.3288704583768399,0.4987719536432649,0.4565223893019069,0.3900012712249743,0.3294529016223309,0.36572023167960144,0.34120953621195493,0.5672381312480665,0.32422201366939685,1.0,0.31558934415830153,0.32951317515660317,0.4118952321537378,0.44710775796618385,0.5235703528879422,0.5170378513266811,0.3952014689817982,0.5399180326565628,0.5724554890380833,0.5859078236539921,0.468438891698138,0.40834853215056377,0.46397491634525123,0.5681005606507783,0.2842577310274055,0.3548671504710531,0.3768344883195214,0.31591833516510703,0.5253840086164047,0.0,0.5494638812822215,0.45868871375327436,0.3139650214586456,0.3872166699113492,0.5404868732584892,0.2485552692501698,0.5837249148923369,0.3141121425682677,0.4738863541987358,0.5674691665020871,0.31225993020913245,0.3035475960661419,0.3236858508487006,0.4686384863462333,0.46650614240180477,0.31346255003764156,0.35776638366924796
0.32763713958074236,0.3196965959801257,0.25503464549031063,0.5797185183143015,0.3038299054851332,0.3166170695388636,0.29574624272904904,0.5188373051053454,0.32891921311974115,0.5373976794965902,0.323651063975822,0.5325524104921455,0.31558934415830153,1.0,0.5706356137167621,0.3028830525345575,0.3050753831728453,0.30483082334867606,0.30074614780599496,0.2998554317268449,0.2934579159030053,0.30218763255931047,0.3153697696987551,0.30223570123930565,0.28735456509125334,0.3087315503532081,0.31261617328700353,0.4905788206530829,0.35768316841539805,0.3248184674024821,0.5171815785685214,0.30690398597439283,0.0,0.29620256150162405,0.3084089874659566,0.44154647237462596,0.2854906096542045,0.3135630373796716,0.36715416955232694,0.3125259386465653,0.532836576696766,0.3061502421152559,0.3118353897392302,0.543928318370873,0.5175472475109352,0.33829312713976223,0.308369537336981,0.3083502056397198,0.48519001823851504,0.35510661220314366
0.3155901292611041,0.3107797580739827,0.24893719708303652,0.6012081410608319,0.33539317989048734,0.3096292474527954,0.2886765559299609,0.5096672041791706,0.33602653436619134,0.5417536052844821,0.31639027975822054,0.624240252269154,0.32951317515660317,0.5706356137167621,1.0,0.3103102285019488,0.3234715538142754,0.2969054616824709,0.29219255167184466,0.2938584169497347,0.29040121076296654,0.292809621885583,0.31006869215114097,0.3214087734961848,0.30566766392298106,0.32733940584826693,0.30751774509735286,0.46174490653387634,0.3437021109237093,0.3289129664255628,0.5265393471072191,0.32461188077160885,0.0,0.29046285999943877,0.3063988095098178,0.4388252139536889,0.2865297092082658,0.30594092239492165,0.3642730578853728,0.3081024155057609,0.536628588099136,0.3004817636795297,0.3100970982050971,0.5141378906365136,0.4911210447366888,0.33456123534103965,0.30945314424104486,0.3094854144287933,0.469547688242388,0.35909276593965367
0.3557560860986829,0.3871287908441313,0.2680368735843739,0.3150017782210359,0.3868614918433265,0.40018859594241396,0.7397183644567207,0.31533788281641495,0.3616002615757129,0.31770320742635216,0.41016428901441015,0.31038215330544405,0.4118952321537378,0.3028830525345575,0.3103102285019488,1.0,0.3856466598100501,0.41943503145048533,0.41459987641993734,0.7596703167601898,0.4097727752412119,0.4048016488633821,0.4158619132932502,0.39869008888952306,0.3654091698412991,0.3934754420788521,0.39422320143550627,0.27074038533323375,0.33031357695040964,0.36512899528496967,0.29800351574131523,0.38829155358233436,0.0,0.3877161898390614,0.39400314214556564,0.3177731145270062,0.7510748968455258,0.3819248680603059,0.24573064315496296,0.3984692823170535,0.29669477235670194,0.3887383617757275,0.39812250526741666,0.30357810625974146,0.29712772488958494,0.31506963853572945,0.38417939058357686,0.3839296446916244,0.29596104382724864,0.34057975323541645
0.35147898299861224,0.49497486845429595,0.263823985032258,0.3249113253581456,0.43979378792526613,0.4880064974990044,0.37542741032457994,0.32739035977937503,0.34643097315477056,0.32264255615643267,0.44149576168496074,0.3110812641121544,0.44710775796618385,0.3050753831728453,0.3234715538142754,0.3856466598100501,1.0,0.424778877223553,0.418367132633672,0.3778001694379971,0.4152114743102189,0.42596586607464115,0.44842260334557105,0.5177266574990342,0.4890504205597973,0.5345152090809011,0.4343120493540805,0.31202482682757093,0.3331690825784893,0.34362194472680696,0.3050463095860493,0.48564129591932736,0.0,0.43031441369308254,0.49111076058560643,0.3059407889222413,0.3695093205772366,0.4208425068252529,0.2440124046301816,0.43410216037626814,0.3051161039438486,0.4699101207196925,0.4414885552982787,0.3255526363181592,0.33887117750565166,0.30672820960552905,0.4888661290208446,0.48866087105072853,0.2940992963099941,0.33291187341161455
0.3536910212870761,0.44847661311315123,0.27206769393413066,0.30864488489048025,0.4263765359751589,0.454670927290001,0.44143187442621723,0.3116405268082032,0.34263556134461515,0.3119598086568448,0.5179647884151486,0.3072891759319619,0.5235703528879422,0.30483082334867606,0.2969054616824709,0.41943503145048533,0.424778877223553,1.0,0.5662495863875088,0.4387659375472269,0.5567803651396288,0.5401944381775092,0.5575193841168471,0.4405642527586612,0.39069603105942774,0.4376645427429676,0.5288788075707289,0.2804177973160512,0.3434700774507091,0.3551015635169975,0.2899120638346855,0.4816629793790197,0.0,0.5036264499504941,0.4604136192936973,0.3353941890035317,0.417511594675517,0.4853391587135354,0.2620542211419753,0.5244708867543013,0.29027047858756627,0.45954668607270144,0.5141128202359544,0.30893459601706796,0.3005737046885064,0.3170721509398633,0.45936561942976517,0.4579464894822427,0.30104650300177704,0.352413510259616
0.35542526999914914,0.43342255113628314,0.26294633793365796,0.30606608187662976,0.4282234005509217,0.4472194387085583,0.42842309442777904,0.3076458443727399,0.328956145080481,0.30528640021987863,0.5027275067962367,0.3078227242496475,0.5170378513266811,0.30074614780599496,0.29219255167184466,0.41459987641993734,0.418367132633672,0.5662495863875088,1.0,0.4238624636563517,0.5415559044465785,0.5466487466456096,0.5500617238517433,0.42763072936110824,0.3913581883018259,0.424442117474225,0.521079218709382,0.27395940680731123,0.3362288006520713,0.3457167028378879,0.2806124382360534,0.4783555053025409,0.0,0.49551937275658553,0.45467507045107125,0.322813957737189,0.40544280112379616,0.483890775378915,0.2510280610223292,0.5186531857908948,0.2815864156205512,0.44890046223114455,0.509460542722155,0.3066911068829483,0.29750676797839415,0.3164778244382195,0.442978974892967,0.4425514833835056,0.2960453643267894,0.34689236819422586
0.3553482735216863,0.390858658069559,0.26709059884089614,0.30287632768068706,0.3533269025350356,0.39743731408004535,0.8623596542198512,0.3051139390352242,0.34877244432631516,0.3057336573742684,0.4094301597713147,0.30343492239663794,0.3952014689817982,0.2998554317268449,0.2938584169497347,0.7596703167601898,0.3778001694379971,0.4387659375472269,0.4238624636563517,1.0,0.4296033976583391,0.41244768931694076,0.4308060614808623,0.38533168640499293,0.3529099884641237,0.37996902396141374,0.40667392985543815,0.2745338994562456,0.33554693323578,0.3512502955533855,0.2835516470171342,0.38447791023785216,0.0,0.39462517504746164,0.39976787927769464,0.32286454541567533,0.8000579472250942,0.3844281637812855,0.250749600720932,0.4040160694511863,0.28300822909207224,0.39204135226595627,0.4041729964566264,0.3046187540002715,0.2963492788437888,0.31938402624020956,0.3878465055800403,0.3876164903420748,0.29494962023443816,0.3473417971143762
0.34416020351214316,0.4329304080482502,0.2676963164340297,0.29848568981712265,0.4403969584275844,0.43367861544743536,0.4298278300339028,0.30044144536675665,0.33557037098746334,0.3009649644370582,0.5094613614728569,0.30363136120079237,0.5399180326565628,0.2934579159030053,0.29040121076296654,0.4097727752412119,0.4152114743102189,0.5567803651396288,0.5415559044465785,0.4296033976583391,1.0,0.5490937647472117,0.5706959741057864,0.42477230468511973,0.37846393968395886,0.4294698087721849,0.5391782269975594,0.27323812818784343,0.3336564804766867,0.3497324523362061,0.27868668666476704,0.49259012171233796,0.0,0.5240735230254111,0.4444574336864947,0.32289464005854673,0.4092610583736699,0.5040236529476623,0.2537440875403236,0.5421687375124364,0.2842946797653445,0.4399516876609002,0.5293135145956209,0.3024192595885907,0.29505660476925655,0.3206822581561498,0.45777064947474355,0.45633957513948276,0.2950559369782252,0.34595929901308664
0.35350566194808763,0.43954313726939065,0.27053438615003467,0.3004608721973836,0.4212728879296923,0.4368708138740768,0.4142691290217535,0.3013662600301167,0.3368841935596404,0.3055098248750959,0.5253338094764277,0.3039441801739521,0.5724554890380833,0.30218763255931047,0.292809621885583,0.4048016488633821,0.42596586607464115,0.5401944381775092,0.5466487466456096,0.41244768931694076,0.5490937647472117,1.0,0.7315757083430482,0.4239782001698682,0.3833709221760506,0.422634369589567,0.5427984751250867,0.2751300072900731,0.3392314250996874,0.3500388223418549,0.2816956700274127,0.49610820658968424,0.0,0.6267574735649906,0.4484055265864234,0.3146757123368127,0.3942181847617515,0.5113112390623609,0.24859408658916693,0.5510412721979856,0.2812832669222136,0.4495552036237592,0.5442016756351113,0.30324377622314214,0.291475372468431,0.31861577702241484,0.452498431238866,0.45108384876814955,0.2989556047518538,0.34840266088834704
0.36825968546618426,0.45446466186129897,0.2763912734212197,0.3225769709901658,0.44299580093923197,0.45985657554966974,0.4315136508589694,0.315264663566034,0.3496442484664868,0.3116823527585322,0.5295159788623431,0.3157168299985369,0.5859078236539921,0.3153697696987551,0.31006869215114097,0.4158619132932502,0.44842260334557105,0.5575193841168471,0.5500617238517433,0.4308060614808623,0.5706959741057864,0.7315757083430482,1.0,0.4431862699330116,0.40356371449788053,0.44236975404407064,0.5655651529823325,0.2879933549983794,0.35235898615867534,0.3581301154515373,0.2965408057505263,0.5209575659154217,0.0,0.6376961919189235,0.46078733279174244,0.32374816868137735,0.409172785809247,0.5257317878462563,0.2615584791807132,0.5567736639830653,0.29650170968822676,0.4631964350583482,0.5527452936257335,0.3178265980353422,0.3084644656767629,0.32570129976147844,0.46500783803441803,0.4645055339134285,0.308583650284717,0.35991676867356337
0.3554975122730074,0.5575880762088316,0.2611787953021869,0.32831045096765865,0.4438479818634308,0.5552437285380539,0.3820591630027116,0.33560268737926957,0.3679993434653571,0.32967182109661264,0.45580984810412595,0.32612824943419305,0.468438891698138,0.30223570123930565,0.3214087734961848,0.39869008888952306,0.5177266574990342,0.4405642527586612,0.42763072936110824,0.38533168640499293,0.42477230468511973,0.4239782001698682,0.4431862699330116,1.0,0.5371223475265033,0.5331878565949235,0.44080367899595696,0.27850182229693476,0.341384108404455,0.3536384129978356,0.31155222106126035,0.45505485726754247,0.0,0.4243910274403093,0.5674686498206467,0.30754021107322893,0.3769374673416166,0.42778151916474816,0.2436979220833113,0.4399950323846734,0.31361292296309984,0.4882986587842325,0.44567854764758585,0.31564588552112793,0.3182559377457145,0.31411697150577933,0.4816033144942393,0.4855566168811106,0.3012700200862799,0.3428360995745643
0.33883272477020954,0.5184927783591422,0.2518781873455189,0.3133442880460967,0.4275762666199717,0.5266457242714961,0.34770038687870275,0.3059518800539196,0.3238564908568068,0.31060886000624566,0.401174201526986,0.30010403493499904,0.40834853215056377,0.28735456509125334,0.30566766392298106,0.3654091698412991,0.4890504205597973,0.39069603105942774,0.3913581883018259,0.3529099884641237,0.37846393968395886,0.3833709221760506,0.40356371449788053,0.5371223475265033,1.0,0.5227130473893875,0.3957681007898901,0.2541201213052816,0.30843111806359547,0.3191778749309555,0.28958953205529514,0.4590891646319887,0.0,0.3788613222820155,0.5233443535843634,0.28001804127202157,0.34933077570359583,0.3943542228920712,0.2260191776946031,0.39874688400089586,0.29190820083075053,0.43302626682833567,0.4062909223526,0.30747548151848947,0.3094478211985616,0.2969792257493403,0.4438651256052749,0.44977197040801276,0.28782833907949246,0.3118074186583649
0.34446813751186434,0.5064795869595186,0.263955836239964,0.3326122868083844,0.4596045184056293,0.4924333240889416,0.3749352764663917,0.3289973255880304,0.3514062859808704,0.33524019714887143,0.45974511848628863,0.31907986139676925,0.46397491634525123,0.3087315503532081,0.32733940584826693,0.3934754420788521,0.5345152090809011,0.4376645427429676,0.424442117474225,0.37996902396141374,0.4294698087721849,0.422634369589567,0.44236975404407064,0.5331878565949235,0.5227130473893875,1.0,0.4422468375192421,0.2776843690946995,0.33651673098516044,0.3503501981085272,0.3170189493402743,0.45821400441435023,0.0,0.4176352380608208,0.5099679811643665,0.30791825254688,0.37308959222745286,0.4326567413804179,0.2425449967437887,0.4490137743664766,0.3170854134883204,0.4841652819471237,0.4440920266085877,0.3271204972527846,0.3223117248055608,0.315339421928035,0.494227988943965,0.49370252923624924,0.31409270721902405,0.34428680520310306
0.3604571831766481,0.45835314906059255,0.278905089548418,0.3147818337657018,0.44605632863329525,0.44009772376065137,0.4019689809981929,0.31422202623260087,0.35046016821403003,0.32231131415910796,0.536222492184146,0.314804205535828,0.5681005606507783,0.31261617328700353,0.30751774509735286,0.39422320143550627,0.4343120493540805,0.5288788075707289,0.521079218709382,0.40667392985543815,0.5391782269975594,0.5427984751250867,0.5655651529823325,0.44080367899595696,0.3957681007898901,0.4422468375192421,1.0,0.28276282211342874,0.35182163636845576,0.357461583726297,0.29884871575953076,0.5154369968760283,0.0,0.5206742991070832,0.4508271648481965,0.3153991055942774,0.3855622002521326,0.5973729426079035,0.24806474660662992,0.5718716379720392,0.302158293456003,0.462982086761458,0.6346786420390245,0.3189831984892214,0.30344238926368783,0.33220362443266327,0.4598624728273667,0.457804680918779,0.31347462490220035,0.3553289067328659
0.3012936838043375,0.3012560627206732,0.23192391760187636,0.49214731128707767,0.2637737589501218,0.28779032687854134,0.2709225359739026,0.6426838995174579,0.290107093229827,0.4815593350146964,0.2954728822146774,0.465372527608209,0.2842577310274055,0.4905788206530829,0.46174490653387634,0.27074038533323375,0.31202482682757093,0.2804177973160512,0.27395940680731123,0.2745338994562456,0.27323812818784343,0.2751300072900731,0.2879933549983794,0.27850182229693476,0.2541201213052816,0.2776843690946995,0.28276282211342874,1.0,0.32763868003486774,0.2952958403892234,0.45081149285935307,0.2777862695678254,0.0,0.2708279527860711,0.28169585156512134,0.40013714599144,0.2576474007386651,0.29081136289022813,0.34276453897742076,0.2848752284372128,0.46359930944513994,0.28288768881655413,0.28393899096768227,0.7232734693044551,0.7423607339120863,0.3014742599235738,0.2844175126574968,0.2834987855939938,0.44279560040081467,0.31992615692046733
0.38960552304168194,0.3602292399726089,0.2952768971843144,0.3521397385270153,0.3273361945368499,0.3588199954052529,0.32963694971591906,0.3597355545965998,0.38254077751496174,0.3668855175015716,0.3627026836930032,0.36002498573261155,0.3548671504710531,0.35768316841539805,0.3437021109237093,0.33031357695040964,0.3331690825784893,0.3434700774507091,0.3362288006520713,0.33554693323578,0.3336564804766867,0.3392314250996874,0.35235898615867534,0.341384108404455,0.30843111806359547,0.33651673098516044,0.35182163636845576,0.32763868003486774,1.0,0.37514144764916046,0.3421051449621737,0.34183169063766683,0.0,0.33994744389065745,0.34067724639775643,0.34905893415187117,0.31770903469814316,0.35254249310585084,0.2768498634581207,0.35043812335089997,0.33708001046871905,0.338425003454791,0.35241243420196433,0.35260985454188076,0.34459032403932854,0.4263139736600786,0.3395654386449658,0.33852360876650156,0.3452361206907998,0.6217115093678794
0.4370136912053997,0.3591756477014023,0.30733607228294135,0.33525560387370246,0.34398613408557466,0.34648577938639347,0.34486284624380137,0.3331802492290582,0.4594725320887424,0.34376019752058984,0.375328784613823,0.3381317006239529,0.3768344883195214,0.3248184674024821,0.3289129664255628,0.36512899528496967,0.34362194472680696,0.3551015635169975,0.3457167028378879,0.3512502955533855,0.3497324523362061,0.3500388223418549,0.3581301154515373,0.3536384129978356,0.3191778749309555,0.3503501981085272,0.357461583726297,0.2952958403892234,0.37514144764916046,1.0,0.31998486734136,0.34377856637112125,0.0,0.33786924316760414,0.3488328564824581,0.32653695606592403,0.3419945869527622,0.3520940041253814,0.26823968746745597,0.3729689774687287,0.32169075031960104,0.3482879412277816,0.3648256181971481,0.32710845696978363,0.31510680266341295,0.36576060613811834,0.35739645819495125,0.3566705711473275,0.31760659299546046,0.3901460795932046
0.3107899700906894,0.30652692838233253,0.24363585184647552,0.5327292194358315,0.31574026305394776,0.3022358899060823,0.27857449703296133,0.5101139296617863,0.3262172461104468,0.5566211911616958,0.3093217577916151,0.48439635119133584,0.31591833516510703,0.5171815785685214,0.5265393471072191,0.29800351574131523,0.3050463095860493,0.2899120638346855,0.2806124382360534,0.2835516470171342,0.27868668666476704,0.2816956700274127,0.2965408057505263,0.31155222106126035,0.28958953205529514,0.3170189493402743,0.29884871575953076,0.45081149285935307,0.3421051449621737,0.31998486734136,1.0,0.30856884634934467,0.0,0.28262515133572574,0.29262692832995507,0.42711404215452686,0.27862745189578086,0.29654443991531787,0.3476421407353233,0.2993416440184654,0.6483895473552803,0.29496870004314335,0.2958411923600359,0.5024929881874967,0.48062339161529044,0.31999182903436485,0.29769923220762606,0.2964746297639099,0.4587871748168769,0.3335165401723661
0.3527478038004678,0.4411529051204638,0.2692152830903696,0.3339958816585946,0.48182288070295465,0.4453229515600804,0.38066633064321587,0.32115825783471497,0.34466346299810025,0.32377055008894084,0.48754394775794185,0.3147295010808966,0.5253840086164047,0.30690398597439283,0.32461188077160885,0.38829155358233436,0.48564129591932736,0.4816629793790197,0.4783555053025409,0.38447791023785216,0.49259012171233796,0.49610820658968424,0.5209575659154217,0.45505485726754247,0.4590891646319887,0.45821400441435023,0.5154369968760283,0.2777862695678254,0.34183169063766683,0.34377856637112125,0.30856884634934467,1.0,0.0,0.4885596971656503,0.4367988957077863,0.30172738543891575,0.37803894319456366,0.5082734361989615,0.24190599492741838,0.523687182609492,0.30065061480708777,0.4526253996156866,0.529879376662489,0.30942043537905795,0.31168279333089866,0.31271628674388674,0.45820045582273083,0.456673380726777,0.29510249802212096,0.3358115729686292
0.0,0.0,0.0,0.0,0.0,0.0,0.0,0.0,0.0,0.0,0.0,0.0,0.0,0.0,0.0,0.0,0.0,0.0,0.0,0.0,0.0,0.0,0.0,0.0,0.0,0.0,0.0,0.0,0.0,0.0,0.0,0.0,1.0,0.0,0.0,0.0,0.0,0.0,0.0,0.0,0.0,0.0,0.0,0.0,0.0,0.0,0.0,0.0,0.0,0.0
0.3514167532353464,0.4343445804433076,0.2688899704887361,0.3000157630578837,0.4479841314025672,0.45155042643268617,0.3936303322774105,0.30367450328341894,0.3351899614845185,0.30051818979314404,0.4984072140985002,0.30489616436922873,0.5494638812822215,0.29620256150162405,0.29046285999943877,0.3877161898390614,0.43031441369308254,0.5036264499504941,0.49551937275658553,0.39462517504746164,0.5240735230254111,0.6267574735649906,0.6376961919189235,0.4243910274403093,0.3788613222820155,0.4176352380608208,0.5206742991070832,0.2708279527860711,0.33994744389065745,0.33786924316760414,0.28262515133572574,0.4885596971656503,0.0,1.0,0.44088027651584694,0.3225144830040343,0.37522287721828496,0.5018028487211352,0.26232618160118104,0.5272540559516423,0.2823401845979041,0.4479982031207824,0.5342099349625589,0.2998652553365496,0.29579837969864087,0.3140393656577962,0.44211337180584687,0.4418157156146675,0.2930255622621024,0.3439825805768856
0.35349677316417905,0.5698199011694522,0.2640422098974087,0.3150231710116571,0.41881553160195706,0.5753943458564541,0.3977479505915662,0.31698024906494116,0.3465559766406556,0.3157786730921657,0.4670773854707182,0.317588495341635,0.45868871375327436,0.3084089874659566,0.3063988095098178,0.39400314214556564,0.49111076058560643,0.4604136192936973,0.45467507045107125,0.39976787927769464,0.4444574336864947,0.4484055265864234,0.46078733279174244,0.5674686498206467,0.5233443535843634,0.5099679811643665,0.4508271648481965,0.28169585156512134,0.34067724639775643,0.3488328564824581,0.29262692832995507,0.4367988957077863,0.0,0.44088027651584694,1.0,0.3134966459480879,0.37651605195781157,0.4398276899453728,0.2508826345878542,0.4613629975009296,0.2944658434234396,0.4932904368097216,0.4587894176717545,0.31084197944981296,0.30515659679477825,0.3209279083761971,0.4971473027719475,0.4958185369525039,0.3059554279247849,0.34527210205613
0.31983770117268995,0.31217884371822746,0.25713920046171945,0.446709968548472,0.2848996265591779,0.31864251005111355,0.32168058232286967,0.43967972394727595,0.3226343697330377,0.46015865965820113,0.33222115942846275,0.4437781425047428,0.3139650214586456,0.44154647237462596,0.4388252139536889,0.3177731145270062,0.3059407889222413,0.3353941890035317,0.322813957737189,0.32286454541567533,0.32289464005854673,0.3146757123368127,0.32374816868137735,0.30754021107322893,0.28001804127202157,0.30791825254688,0.3153991055942774,0.40013714599144,0.34905893415187117,0.32653695606592403,0.42711404215452686,0.30172738543891575,0.0,0.3225144830040343,0.3134966459480879,1.0,0.30647136007444475,0.30686217936350546,0.38698166202963724,0.32069777988614945,0.43256830904659205,0.3146240510388876,0.3152998000649998,0.44370467577605144,0.4285446061766779,0.3274556125699585,0.30886917798442937,0.3080102219593932,0.4394714848583485,0.35263459218164106
0.3398922132325112,0.36746160661293437,0.2527823892149641,0.29441886178649,0.35566736204313176,0.37923155200176417,0.7913797503316173,0.293833173635627,0.3379064383948238,0.29767965216409076,0.3881090086902119,0.2909545593137354,0.3872166699113492,0.2854906096542045,0.2865297092082658,0.7510748968455258,0.3695093205772366,0.417511594675517,0.40544280112379616,0.8000579472250942,0.4092610583736699,0.3942181847617515,0.409172785809247,0.3769374673416166,0.34933077570359583,0.37308959222745286,0.3855622002521326,0.2576474007386651,0.31770903469814316,0.3419945869527622,0.27862745189578086,0.37803894319456366,0.0,0.37522287721828496,0.37651605195781157,0.30647136007444475,1.0,0.3639155168504724,0.23850759786960463,0.3791828594171971,0.2744333483466468,0.37092125324774805,0.3830893142198273,0.2877931977040967,0.27939149875544134,0.29887111370548125,0.36550878377565865,0.36500096512476377,0.27545253694920147,0.32424821432234074
0.36352203804461813,0.4692786399142662,0.27851585730357564,0.3107540679864811,0.4722242577733827,0.4606220736409036,0.3781370199144052,0.32672635966464025,0.3433802096605437,0.3193867945797412,0.5159356331730536,0.31926692428821535,0.5404868732584892,0.3135630373796716,0.30594092239492165,0.3819248680603059,0.4208425068252529,0.4853391587135354,0.483890775378915,0.3844281637812855,0.5040236529476623,0.5113112390623609,0.5257317878462563,0.42778151916474816,0.3943542228920712,0.4326567413804179,0.5973729426079035,0.29081136289022813,0.35254249310585084,0.3520940041253814,0.29654443991531787,0.5082734361989615,0.0,0.5018028487211352,0.4398276899453728,0.30686217936350546,0.3639155168504724,1.0,0.2538683933565382,0.552103167061983,0.3021083797558768,0.4562254561564131,0.6421734662841545,0.3244940596202023,0.30816258195806423,0.32934206014409695,0.46502002205840787,0.4641866947004404,0.31737599158618335,0.3540238538433662
0.27556587238239816,0.24963806588433402,0.20328186869456744,0.3811246705625193,0.23872518259329922,0.2612182196524224,0.2518396050196752,0.3738064139265357,0.2517118212888536,0.3837563876446034,0.2575469779179821,0.375791429641112,0.2485552692501698,0.36715416955232694,0.3642730578853728,0.24573064315496296,0.2440124046301816,0.2620542211419753,0.2510280610223292,0.250749600720932,0.2537440875403236,0.24859408658916693,0.2615584791807132,0.2436979220833113,0.2260191776946031,0.2425449967437887,0.24806474660662992,0.34276453897742076,0.2768498634581207,0.26823968746745597,0.3476421407353233,0.24190599492741838,0.0,0.26232618160118104,0.2508826345878542,0.38698166202963724,0.23850759786960463,0.2538683933565382,1.0,0.25017338707480075,0.36329769772820797,0.25519424315796446,0.2507183779153799,0.37842671579542475,0.37229433409034196,0.2560349811067031,0.24800879447965174,0.24800623681756562,0.3588603913581889,0.28143230600014646
0.36332921529940343,0.4632643807247755,0.2831523931331815,0.3119433924079372,0.46004651459579704,0.4529259019745586,0.3973018502350747,0.3207457598257869,0.35478406424949804,0.3252185821743552,0.5578887843814355,0.3162310177167559,0.5837249148923369,0.3125259386465653,0.3081024155057609,0.3984692823170535,0.43410216037626814,0.5244708867543013,0.5186531857908948,0.4040160694511863,0.5421687375124364,0.5510412721979856,0.5567736639830653,0.4399950323846734,0.39874688400089586,0.4490137743664766,0.5718716379720392,0.2848752284372128,0.35043812335089997,0.3729689774687287,0.2993416440184654,0.523687182609492,0.0,0.5272540559516423,0.4613629975009296,0.32069777988614945,0.3791828594171971,0.552103167061983,0.25017338707480075,1.0,0.3014761167523432,0.4715477157304284,0.5788914241193415,0.3145410027104736,0.3080847320123289,0.3359594946896708,0.49085540934751437,0.489941046303781,0.312360916836533,0.3666509061358968
