../ecoli_genomes/GCF_000163235.1_ASM16323v1_genomic.fna.gz,../ecoli_genomes/GCF_000164555.1_ASM16455v1_genomic.fna.gz,../ecoli_genomes/GCF_000208545.1_ASM20854v2_genomic.fna.gz,../ecoli_genomes/GCF_000233875.1_ASM23387v1_genomic.fna.gz,../ecoli_genomes/GCF_000249735.1_ASM24973v2_genomic.fna.gz,../ecoli_genomes/GCF_000261145.1_Esch_coli_M919_V2_genomic.fna.gz,../ecoli_genomes/GCF_000267705.2_ASM26770v2_genomic.fna.gz,../ecoli_genomes/GCF_000350665.1_Esch_coli_KTE5_V1_genomic.fna.gz,../ecoli_genomes/GCF_000351625.1_Esch_coli_KTE66_V1_genomic.fna.gz,../ecoli_genomes/GCF_000352285.1_Esch_coli_KTE46_V1_genomic.fna.gz,../ecoli_genomes/GCF_000358895.1_ASM35889v1_genomic.fna.gz,../ecoli_genomes/GCF_000456385.1_Esch_coli_HVH_26_4-5703913_V1_genomic.fna.gz,../ecoli_genomes/GCF_000458195.1_Esch_coli_HVH_147_4-5893887_V1_genomic.fna.gz,../ecoli_genomes/GCF_000459755.1_Esch_coli_KOEGE_58_171a_V1_genomic.fna.gz,../ecoli_genomes/GCF_000460055.1_Esch_coli_UMEA_3053-1_V1_genomic.fna.gz,../ecoli_genomes/GCF_000462165.2_ASM46216v2_genomic.fna.gz,../ecoli_genomes/GCF_000601135.1_ASM60113v1_genomic.fna.gz,../ecoli_genomes/GCF_000614595.1_Ec2010EL1058_genomic.fna.gz,../ecoli_genomes/GCF_000617745.1_Ec2010C-4529_genomic.fna.gz,../ecoli_genomes/GCF_000618265.2_EcF6751_genomic.fna.gz,../ecoli_genomes/GCF_000619005.2_Ec2009C-4052_genomic.fna.gz,../ecoli_genomes/GCF_000619105.1_Ec2009C-4780_genomic.fna.gz,../ecoli_genomes/GCF_000619765.2_Ec2009C-3279_genomic.fna.gz,../ecoli_genomes/GCF_000687005.1_ASM68700v1_genomic.fna.gz,../ecoli_genomes/GCF_000687025.1_ASM68702v1_genomic.fna.gz,../ecoli_genomes/GCF_000700125.1_ASM70012v1_genomic.fna.gz,../ecoli_genomes/GCF_000753315.1_FHI35_genomic.fna.gz,../ecoli_genomes/GCF_000776375.1_ASM77637v1_genomic.fna.gz,../ecoli_genomes/GCF_000779395.1_ASM77939v1_genomic.fna.gz,../ecoli_genomes/GCF_000780315.1_ASM78031v1_genomic.fna.gz,../ecoli_genomes/GCF_000781995.1_ASM78199v1_genomic.fna.gz,../ecoli_genomes/GCF_000986765.1_ASM98676v1_genomic.fna.gz,../ecoli_genomes/GCF_001041375.1_ViralProj287958_genomic.fna.gz,../ecoli_genomes/GCF_001265335.1_302014_genomic.fna.gz,../ecoli_genomes/GCF_001265625.1_100854_genomic.fna.gz,../ecoli_genomes/GCF_001267345.1_303289_genomic.fna.gz,../ecoli_genomes/GCF_001309985.1_ASM130998v1_genomic.fna.gz,../ecoli_genomes/GCF_001521695.1_ASM152169v1_genomic.fna.gz,../ecoli_genomes/GCF_001592595.1_ASM159259v1_genomic.fna.gz,../ecoli_genomes/GCF_001614975.1_ASM161497v1_genomic.fna.gz,../ecoli_genomes/GCF_001692775.1_ASM169277v1_genomic.fna.gz,../ecoli_genomes/GCF_001748915.1_ASM174891v1_genomic.fna.gz,../ecoli_genomes/GCF_001749235.1_ASM174923v1_genomic.fna.gz,../ecoli_genomes/GCF_001881155.1_ASM188115v1_genomic.fna.gz,../ecoli_genomes/GCF_001881345.1_ASM188134v1_genomic.fna.gz,../ecoli_genomes/GCF_001892405.1_ASM189240v1_genomic.fna.gz,../ecoli_genomes/GCF_001892585.1_ASM189258v1_genomic.fna.gz,../ecoli_genomes/GCF_001893985.1_ASM189398v1_genomic.fna.gz,../ecoli_genomes/GCF_002001595.1_ASM200159v1_genomic.fna.gz,../ecoli_genomes/GCF_002002145.1_ASM200214v1_genomic.fna.gz
1.0,0.32374556863723525,0.26131878112899554,0.28088813248745936,0.2801923289805244,0.30548040305335344,0.2983627549932367,0.28847211575486964,0.39175478973446387,0.2881044291723869,0.3063283668663025,0.29346059568302574,0.3084591039105651,0.27224403603974967,0.268230027512225,0.29920939256467505,0.2526745759471921,0.30594144871290607,0.28561865627349914,0.2980010333876424,0.2981593440440441,0.28896973314075125,0.3096899923617732,0.2846962558991277,0.2674683853457118,0.2560388213888444,0.3077772612896855,0.2784886091889357,0.3388111550693793,0.388686362356904,0.26014258728570006,0.3053596342791902,0.0,0.30274759340039714,0.3080436848295469,0.2639056372004457,0.28273499119093704,0.32064264562992384,0.2092358546969193,0.3143805450848749,0.26358929808622333,0.30213810703563293,0.31103565797870825,0.2866563537227812,0.29598690235492964,0.3124681687073777,0.30427392691944766,0.3042340693485738,0.2678527195121877,0.3406327861809848
0.32374556863723525,1.0,0.23894242558217027,0.2794151093960652,0.3837504396880477,0.5461128056940434,0.3499414045933892,0.28209968924833484,0.31067998040288736,0.28387179288931086,0.42581317664251117,0.2872825922941392,0.4217740216852516,0.2704630178069489,0.26967236406380246,0.354787562119776,0.3241991625262117,0.41886963829854784,0.37966436218604616,0.3525560221248908,0.4074383150106249,0.385457405171756,0.4203982402580405,0.4540104184017897,0.3973189710433239,0.33886524910945337,0.42068286235940633,0.2787487634435384,0.3076430780706445,0.31086384428005,0.25928078040339786,0.4032083057770397,0.0,0.40948159073634094,0.5706141406849493,0.2591699677236736,0.33438630026296234,0.4372120787493413,0.14553756835739484,0.42837182768132387,0.2598292590566351,0.47269779146670166,0.4290441679308985,0.28841558182929994,0.28764577904079147,0.28393783586262,0.4742257799854901,0.4767220553662955,0.28702601647751824,0.3041925574508344
0.26131878112899554,0.23894242558217027,1.0,0.20994783289838304,0.20230765263553707,0.2159774484763648,0.22136056037224294,0.21320607645518352,0.25706299953231715,0.21220595260758035,0.23059919058839284,0.21054866795070415,0.23420982564604487,0.20993381702275005,0.21122711451978105,0.22588961052874357,0.15510810646015083,0.2279825687563598,0.21037766556835846,0.2240356255094491,0.2268556086715221,0.21445907301397538,0.23163221819493918,0.18637717158378286,0.1668687825911106,0.16308147248453575,0.23032361187730588,0.21283867912576182,0.24868648893535794,0.25800056458476794,0.20105184140209487,0.2188510290038871,0.0,0.22868363083067356,0.222057778983216,0.20615460307997524,0.21156870504733283,0.23134355543070428,0.11354765699120506,0.2368304078267639,0.20534039222707223,0.22713371049837094,0.23688223088351001,0.2166825386720358,0.2118962425526112,0.23110511749544538,0.23194211934390208,0.23214403545761542,0.2214825780140658,0.25549778049879723
0.28088813248745936,0.2794151093960652,0.20994783289838304,1.0,0.25673732501730895,0.26640178390185754,0.2589799507535806,0.49581840279566014,0.2870773052224501,0.5198999195805127,0.26250226763859974,0.5053988587077642,0.27519998008256374,0.544757020050633,0.5502524820835413,0.2657867456233316,0.1988651324300773,0.26254637941999104,0.24492469995018828,0.2589278857695414,0.26016870401437386,0.2482933819634514,0.2710327675504055,0.23169241663308104,0.21155911685867912,0.2042768560097088,0.26655935556329347,0.5282697156747568,0.3001814719034859,0.27476280387379814,0.5009981988739711,0.27728070974875385,0.0,0.25625272598898374,0.2585908479416257,0.4095017915755309,0.24863356485398924,0.26985646862402457,0.2566599056276073,0.26548596603061325,0.5239375927410344,0.2574137859196284,0.2673793400233234,0.525288865445004,0.5165184845037316,0.295322042417557,0.26275660893145036,0.2628370600918999,0.45327065677642,0.3111818147121823
0.2801923289805244,0.3837504396880477,0.20230765263553707,0.25673732501730895,1.0,0.40926137434377674,0.3071349401327912,0.25651533686833383,0.2852182445821717,0.2570433282231963,0.48262654165136754,0.25530325244565066,0.44125401791427976,0.24459695694155514,0.25742288043822326,0.32383878558564483,0.32531212327833603,0.39612364725834615,0.37422448416430065,0.30769238783782993,0.41507812283685386,0.37797635215147674,0.40790615716372314,0.37840237337363836,0.31770114251898185,0.3107812783162457,0.41278260150615576,0.24117670648136103,0.2927961474369789,0.2824099445488828,0.2394607020938191,0.4362036544806631,0.0,0.40931454557190805,0.3851943358241732,0.22712560657385583,0.3011446467227349,0.4390166718929214,0.1405891473187505,0.43015962300899524,0.2553017552879241,0.3892531250704687,0.4313109817438865,0.24375949669031405,0.2463026175769789,0.2627501581546946,0.3960645947389255,0.3978876935353566,0.2469184667434593,0.2762605062786927
0.30548040305335344,0.5461128056940434,0.2159774484763648,0.26640178390185754,0.40926137434377674,1.0,0.357301721178496,0.27604779943519553,0.2962550935077112,0.2618051503554787,0.415151035214691,0.2701064699467012,0.4063783552814766,0.2558830650384659,0.2576084548848464,0.3550842861176038,0.34574908975118945,0.4098192252410541,0.39038656126825133,0.34999971443483757,0.39639449521334336,0.41900538857975334,0.4093583266937595,0.46530761346906546,0.4247358943315923,0.3500314143349207,0.3947361169646372,0.2629992251905854,0.30874299472621736,0.29337503240020646,0.24355837208022635,0.4096718145523044,0.0,0.41019354761138427,0.550904056738381,0.2560549507462023,0.33819247895281723,0.4148117207641753,0.14953319522936992,0.41024124194268285,0.25365945241679166,0.46073505375762847,0.4116981507494786,0.2651090827619671,0.27068905822692413,0.2815968070061149,0.46244853816505127,0.4640016954889816,0.26148135978462117,0.30092055421495734
0.2983627549932367,0.3499414045933892,0.22136056037224294,0.2589799507535806,0.3071349401327912,0.357301721178496,1.0,0.25762625037987597,0.29700865342645877,0.25794533957738475,0.3461823049922512,0.24670793286439885,0.3513249829604047,0.2501122344186779,0.2470147239823316,0.7788900357949464,0.23403590698434174,0.3855879051875274,0.3571144190789687,0.8530835645089286,0.38721250797743234,0.3594065805984751,0.3917469575576876,0.2812523523260003,0.2500246671464166,0.24328488646334656,0.35568023710708907,0.25237220459938436,0.2806161263878283,0.29233420982068237,0.23864925170807294,0.3377562509800257,0.0,0.3561664181897498,0.35796269199702746,0.2642191853983318,0.7917117375507265,0.3445016798547087,0.14341501742456741,0.3562741681241225,0.23983519526564523,0.3469813623272462,0.3576315482415494,0.25326627488973164,0.25432561607019044,0.26090726863087566,0.3367129980039568,0.33750481571026825,0.2499221261156438,0.2889249244094111
0.28847211575486964,0.28209968924833484,0.21320607645518352,0.49581840279566014,0.25651533686833383,0.27604779943519553,0.25762625037987597,1.0,0.28243750503815235,0.4943354412048926,0.2632739272201381,0.4804168669100415,0.2787494255340194,0.48400929492079037,0.47309302258425956,0.26395115918417644,0.21520979792718664,0.2646419546140988,0.2528805809288086,0.2572663874570791,0.26118370846235783,0.25325551759833664,0.2688484902363133,0.2506896556096019,0.22306224502314786,0.21848688080253942,0.26873933582274434,0.6901489976208156,0.30614983619723757,0.2756607037655836,0.4655583578136694,0.27475706946738365,0.0,0.26631309472560916,0.2658880099114974,0.3953277094928882,0.24551055323574866,0.2847528573656406,0.246105526366312,0.2741100197884063,0.47578103268248306,0.2626716223607064,0.2745079843891085,0.697971409639746,0.6685769621649577,0.2906216695197942,0.26620567789049077,0.2654996358785431,0.43940893823956984,0.3056689938187025
0.39175478973446387,0.31067998040288736,0.25706299953231715,0.2870773052224501,0.2852182445821717,0.2962550935077112,0.29700865342645877,0.28243750503815235,1.0,0.29463864708491416,0.31161917013589413,0.27625930099295126,0.31525520267999996,0.2841125678929596,0.2850676710485035,0.30712811317302713,0.20346161357502102,0.30301233260349747,0.2780069421395651,0.30042340072067286,0.29830731287852175,0.2858007384442881,0.3088976577263427,0.2585805926906738,0.21334025329913098,0.2137105146533126,0.31278296430941366,0.27499250916191564,0.3313631339477646,0.4165024724114148,0.2728104056413946,0.2937434594508743,0.0,0.29802890596026577,0.29708034671816896,0.2766949612788917,0.2867710338719488,0.3072051862329892,0.15831184383666774,0.3174049335089151,0.27733930759182057,0.30075525558007987,0.3158187917546862,0.27537092779899563,0.27043493019312237,0.31464232657402236,0.30169789470580666,0.3019285726021148,0.2749536102993587,0.34280878426290085
0.2881044291723869,0.28387179288931086,0.21220595260758035,0.5198999195805127,0.2570433282231963,0.2618051503554787,0.25794533957738475,0.4943354412048926,0.29463864708491416,1.0,0.27075015235890787,0.48011724612768747,0.28048535125707863,0.507080781352613,0.49675043305441513,0.26728148269656493,0.17841489569088598,0.26392891677944275,0.24627918806699367,0.25786679907492505,0.25871950884639516,0.2496751878554906,0.2611892846497271,0.22126920286455465,0.19361991962900815,0.1895303481690498,0.27123493721381875,0.5015744004427835,0.3039381502594931,0.28166624981872856,0.5174797838818793,0.262866410812303,0.0,0.25592839125182953,0.2564098775276348,0.4114002124381778,0.24773794538844107,0.2722911472803613,0.24895316544478352,0.27032990432462567,0.5245693269227004,0.2601036666447831,0.2696044002779894,0.5011945039728689,0.4996871413319339,0.28942234062215155,0.26216719818867973,0.2623857049435967,0.46444319277092827,0.3051703197868627
0.3063283668663025,0.42581317664251117,0.23059919058839284,0.26250226763859974,0.48262654165136754,0.415151035214691,0.3461823049922512,0.2632739272201381,0.31161917013589413,0.27075015235890787,1.0,0.2598169345741037,0.5292922845645549,0.2616352246098984,0.2616767938270427,0.35212165628640335,0.2739457982721796,0.47891677317674175,0.45132795683496363,0.34947035417087946,0.47836357890265924,0.47712349197258563,0.4892400400030711,0.3529837278231318,0.29273591429803114,0.28828217079689267,0.49566634500291085,0.2645412593656461,0.2873796334824158,0.3093124306726428,0.2529695621661042,0.44640816375871895,0.0,0.47435095902216606,0.4215918999051599,0.26045336915132267,0.32961481709314777,0.48316999400682714,0.1449631225964978,0.5161962387639045,0.25599093086872604,0.43453809111161146,0.5017196872607679,0.2646882290590633,0.2639573377259168,0.2777391464786324,0.43133282542397033,0.43164264290955034,0.2672530199852763,0.2977281880720686
0.29346059568302574,0.2872825922941392,0.21054866795070415,0.5053988587077642,0.25530325244565066,0.2701064699467012,0.24670793286439885,0.4804168669100415,0.27625930099295126,0.48011724612768747,0.2598169345741037,1.0,0.26989965588183373,0.490636414866222,0.6222026844272319,0.2536974855850307,0.23097996592422143,0.25616828286302906,0.2424122731521643,0.24673202137371253,0.25675437880675345,0.249494484125923,0.2616312385097277,0.2568348789073803,0.23931085053978907,0.2315104184879221,0.2606888918625083,0.4793580442513802,0.308257475732872,0.27361578581780766,0.4418356379624353,0.27568161102642985,0.0,0.2590895605674455,0.26331379843379366,0.38616307483874945,0.2374005809051698,0.2725655838598643,0.24572358143003947,0.2672070822329291,0.46286393328350106,0.25230915995273084,0.2672776725731274,0.4912387861199208,0.48872686253155484,0.29203296070381957,0.26998397680040775,0.26954637882085586,0.4298502660894905,0.30215076348054815
0.3084591039105651,0.4217740216852516,0.23420982564604487,0.27519998008256374,0.44125401791427976,0.4063783552814766,0.3513249829604047,0.2787494255340194,0.31525520267999996,0.28048535125707863,0.5292922845645549,0.26989965588183373,1.0,0.26545828463371235,0.2728157548881809,0.3646504855735423,0.27544827451749865,0.49642917321197155,0.49605300948339326,0.3549534103245383,0.5072696111077963,0.539681237846726,0.5539718779289482,0.3432997001084258,0.28481612468544604,0.2866415420438977,0.5433113064608214,0.27174586445332327,0.2924148825334474,0.32126892088176484,0.2582163801797468,0.4947328795196908,0.0,0.5458618800903349,0.419264730274427,0.25343005511798444,0.3413964667506779,0.5172717347361615,0.14312844500824506,0.549873477722131,0.2647134366444329,0.4274719741712578,0.5429507012045881,0.26853528179821695,0.26545968699224165,0.2758758480449399,0.4261998166715253,0.42727805161591237,0.2702485352721644,0.30151943712991114
0.27224403603974967,0.2704630178069489,0.20993381702275005,0.544757020050633,0.24459695694155514,0.2558830650384659,0.2501122344186779,0.48400929492079037,0.2841125678929596,0.507080781352613,0.2616352246098984,0.490636414866222,0.26545828463371235,1.0,0.5439321357602336,0.2544315065959242,0.1739192441620363,0.2588212903576259,0.24185125755838544,0.25290651978033707,0.25347591697024474,0.24274124011847875,0.2615537929396783,0.20971261375106642,0.18558278081763457,0.18170092880310018,0.26511039013583904,0.5196617539929704,0.30764215348299695,0.2708581098944224,0.4891730569748193,0.2554022143169199,0.0,0.25073249572987844,0.251016175408886,0.4003144677279922,0.2398880652677089,0.26954051376461474,0.23775043827587183,0.2620703031356576,0.5019034715366106,0.25284744172772633,0.2648676068600415,0.5122793088149379,0.5033089916836586,0.29689710920462264,0.25739282033881306,0.2582766531364219,0.45621614118564313,0.31034089680165533
0.268230027512225,0.26967236406380246,0.21122711451978105,0.5502524820835413,0.25742288043822326,0.2576084548848464,0.2470147239823316,0.47309302258425956,0.2850676710485035,0.49675043305441513,0.2616767938270427,0.6222026844272319,0.2728157548881809,0.5439321357602336,1.0,0.2571826005455332,0.18467081591224943,0.25560097667901815,0.2376492333768222,0.24926304485727058,0.25485906520929336,0.24174878409577327,0.26203832721073805,0.22148012737235245,0.19041877915076033,0.1876622115767711,0.2638934562208596,0.4922875447934466,0.2979871016004939,0.27239751503652276,0.48460404804794743,0.264744030575085,0.0,0.25091361886478125,0.25656454013016317,0.3982420048962999,0.23883493859068639,0.26960703289968924,0.24364981790980367,0.26109672021694874,0.5043630366454774,0.2535693916497127,0.266683008212931,0.48870556019536526,0.48127417771901926,0.2916035961750668,0.2657018824016154,0.26618150111663785,0.44790408439016693,0.3125777532981463
0.29920939256467505,0.354787562119776,0.22588961052874357,0.2657867456233316,0.32383878558564483,0.3550842861176038,0.7788900357949464,0.26395115918417644,0.30712811317302713,0.26728148269656493,0.35212165628640335,0.2536974855850307,0.3646504855735423,0.2544315065959242,0.2571826005455332,1.0,0.23791798245015316,0.3796460322845455,0.34577430005417675,0.7938046043526943,0.3749015615366652,0.3546906003583684,0.3839626622123574,0.2879355385754009,0.24961294820662783,0.24825509815394264,0.35779906731366173,0.25580863051276015,0.2835641210435563,0.3034169090927914,0.24692043874466907,0.33923374977543497,0.0,0.3534913632407719,0.356530474671662,0.26282712819245346,0.7375640384867674,0.3503523380186496,0.14158034550545295,0.36007896419639007,0.2512560450140847,0.3494452036888981,0.36035077049850495,0.25425684615831423,0.25588623326447735,0.2661895967626783,0.3411958597730791,0.3418615963542423,0.2565035068222741,0.29344716815240535
0.2526745759471921,0.3241991625262117,0.15510810646015083,0.1988651324300773,0.32531212327833603,0.34574908975118945,0.23403590698434174,0.21520979792718664,0.20346161357502102,0.17841489569088598,0.2739457982721796,0.23097996592422143,0.27544827451749865,0.1739192441620363,0.18467081591224943,0.23791798245015316,1.0,0.2679264099352654,0.2467946403079786,0.23207963727229497,0.266657323554669,0.2578309996096545,0.2753264987643822,0.5869625929779854,0.590379170377423,0.5508260511235877,0.2706463288900185,0.18489872364181315,0.2169997915763715,0.21243690020467998,0.16923994564838152,0.40365168889494285,0.0,0.2954417532271213,0.3452267721827238,0.17839739642815644,0.22892794870158828,0.2828970694374,0.12556202317156928,0.28707869463896096,0.17184024092864503,0.30633111103985633,0.27607642027975055,0.2239936022036152,0.2302704668175375,0.20313386449181603,0.34900358145791666,0.3425637295273678,0.17540780334848372,0.20829864343256677
0.30594144871290607,0.41886963829854784,0.2279825687563598,0.26254637941999104,0.39612364725834615,0.4098192252410541,0.3855879051875274,0.2646419546140988,0.30301233260349747,0.26392891677944275,0.47891677317674175,0.25616828286302906,0.49642917321197155,0.2588212903576259,0.25560097667901815,0.3796460322845455,0.2679264099352654,1.0,0.4898620383438749,0.3845298837613079,0.5130990654593308,0.4878622315733624,0.5249888984122578,0.3328993961977713,0.2828568700194437,0.2821451142336382,0.5006842111561431,0.26248507655520803,0.2878039510276116,0.3070809285310073,0.24897929452151357,0.43936368879036136,0.0,0.4777624335251798,0.4171111028460097,0.2692428260108417,0.3645847745605125,0.4681060823179811,0.1468656070218447,0.4950824128587863,0.2486623633601256,0.42262982105684843,0.4902469262278274,0.26248330945688547,0.26097111873062884,0.2718747813318597,0.4211037186777685,0.42217345129130135,0.26052458674895895,0.29733026554442543
0.28561865627349914,0.37966436218604616,0.21037766556835846,0.24492469995018828,0.37422448416430065,0.39038656126825133,0.3571144190789687,0.2528805809288086,0.2780069421395651,0.24627918806699367,0.45132795683496363,0.2424122731521643,0.49605300948339326,0.24185125755838544,0.2376492333768222,0.34577430005417675,0.2467946403079786,0.4898620383438749,1.0,0.35097562162415397,0.4829071375642906,0.5066991481558298,0.47682861094002926,0.306256125898817,0.2653894588975143,0.2536955124218898,0.4549054915218389,0.2465115782668701,0.2736646636961447,0.2818360114571635,0.22905694854817904,0.4422746226346934,0.0,0.4712852281253719,0.38697510947883895,0.2470336937135469,0.33614324872647505,0.4360039297547945,0.13828945635974876,0.4575705707241453,0.23187243703658722,0.38299593881889227,0.4561531279249257,0.24972035241582402,0.24996962118539257,0.2562955111082388,0.37600425772598034,0.3785331711004707,0.24311318943299287,0.2741851075122912
0.2980010333876424,0.3525560221248908,0.2240356255094491,0.2589278857695414,0.30769238783782993,0.34999971443483757,0.8530835645089286,0.2572663874570791,0.30042340072067286,0.25786679907492505,0.34947035417087946,0.24673202137371253,0.3549534103245383,0.25290651978033707,0.24926304485727058,0.7938046043526943,0.23207963727229497,0.3845298837613079,0.35097562162415397,1.0,0.38728371921400684,0.35236320793578235,0.3891373002163283,0.280507247701404,0.24785831294566407,0.24424313674471987,0.36009319432802234,0.2532711176472251,0.2816589990170427,0.29630770024183706,0.24128311639300692,0.3360258398659579,0.0,0.35341329107872055,0.3531210284179771,0.26190278847745463,0.7992771137220582,0.347765678196839,0.13981457943356934,0.3599450887990403,0.24211785155518395,0.3475471929340245,0.36067263126185123,0.25379566645808427,0.253555280365088,0.2647303312093563,0.3407413184820084,0.34154828261014447,0.25322570538034106,0.2924414634936693
0.2981593440440441,0.4074383150106249,0.2268556086715221,0.26016870401437386,0.41507812283685386,0.39639449521334336,0.38721250797743234,0.26118370846235783,0.29830731287852175,0.25871950884639516,0.47836357890265924,0.25675437880675345,0.5072696111077963,0.25347591697024474,0.25485906520929336,0.3749015615366652,0.266657323554669,0.5130990654593308,0.4829071375642906,0.38728371921400684,1.0,0.4982859959746343,0.5436400007053375,0.3249970570508931,0.2829106990978708,0.28193654310654204,0.5107570385134741,0.26128121351209643,0.28360823540763846,0.30175288515882526,0.2434683013546325,0.4607107398493806,0.0,0.5019673503384381,0.41156054157006283,0.26455613179816706,0.36953388988309765,0.4874563456201988,0.14443469691178967,0.509448276360839,0.24771071773554076,0.4057715466866839,0.5055090777268296,0.263106718488759,0.2635743525665253,0.2749137415725099,0.41471778438749207,0.4159175529311393,0.25886145881239875,0.29177162205553375
0.28896973314075125,0.385457405171756,0.21445907301397538,0.2482933819634514,0.37797635215147674,0.41900538857975334,0.3594065805984751,0.25325551759833664,0.2858007384442881,0.2496751878554906,0.47712349197258563,0.249494484125923,0.539681237846726,0.24274124011847875,0.24174878409577327,0.3546906003583684,0.2578309996096545,0.4878622315733624,0.5066991481558298,0.35236320793578235,0.4982859959746343,1.0,0.6707882562700691,0.30797709401129925,0.2840757423983401,0.265445261835083,0.48677056304432165,0.2528119140443602,0.27236022821025463,0.28273708929148134,0.2325467950643686,0.46088568737644553,0.0,0.6129904656733254,0.3909729699854897,0.24804702185887084,0.3393331532390167,0.4636302157517833,0.14072371611849976,0.4919227299458011,0.23364537752749703,0.3885730148450174,0.48724640790539775,0.25255055274939164,0.2523366629625148,0.2590070900560024,0.3896464891760869,0.38963837515357325,0.24744901385419038,0.279713927395307
0.3096899923617732,0.4203982402580405,0.23163221819493918,0.2710327675504055,0.40790615716372314,0.4093583266937595,0.3917469575576876,0.2688484902363133,0.3088976577263427,0.2611892846497271,0.4892400400030711,0.2616312385097277,0.5539718779289482,0.2615537929396783,0.26203832721073805,0.3839626622123574,0.2753264987643822,0.5249888984122578,0.47682861094002926,0.3891373002163283,0.5436400007053375,0.6707882562700691,1.0,0.33357706524630504,0.29081637744455036,0.28222861325349025,0.5354917182630847,0.26408083286065,0.29025769840337123,0.303362789333087,0.2500994462498882,0.47819151447372144,0.0,0.6479125938037036,0.41873409745478485,0.268621400755354,0.3763068968092308,0.5021555399918654,0.1485385283641939,0.5265206114982592,0.2514209933343149,0.41461975880976865,0.5212794693966369,0.2670914643939678,0.266328407301207,0.27387676465078103,0.41472780325093095,0.41623276088950356,0.2642531556124461,0.29576508058411877
0.2846962558991277,0.4540104184017897,0.18637717158378286,0.23169241663308104,0.37840237337363836,0.46530761346906546,0.2812523523260003,0.2506896556096019,0.2585805926906738,0.22126920286455465,0.3529837278231318,0.2568348789073803,0.3432997001084258,0.20971261375106642,0.22148012737235245,0.2879355385754009,0.5869625929779854,0.3328993961977713,0.306256125898817,0.280507247701404,0.3249970570508931,0.30797709401129925,0.33357706524630504,1.0,0.5928001786527555,0.48445881813888325,0.33571350344164397,0.2163882723646996,0.2636608687830938,0.2564387490712301,0.20651193273410073,0.4202860858133576,0.0,0.34460785609129896,0.4743454079236258,0.2112609154397499,0.2722815142688414,0.3466688676130123,0.13583095795190137,0.3438801165033124,0.21021551146780904,0.38275723888145563,0.3362518520576663,0.24510964387686462,0.2503508510746806,0.23780151631045165,0.401583306420613,0.39835931889075904,0.2118338052426213,0.24974943511812708
0.2674683853457118,0.3973189710433239,0.1668687825911106,0.21155911685867912,0.31770114251898185,0.4247358943315923,0.2500246671464166,0.22306224502314786,0.21334025329913098,0.19361991962900815,0.29273591429803114,0.23931085053978907,0.28481612468544604,0.18558278081763457,0.19041877915076033,0.24961294820662783,0.590379170377423,0.2828568700194437,0.2653894588975143,0.24785831294566407,0.2829106990978708,0.2840757423983401,0.29081637744455036,0.5928001786527555,1.0,0.533594862906563,0.2826590780631383,0.19381422688176908,0.21999880275698336,0.218393865792902,0.177892305673085,0.41174668055246144,0.0,0.30155068819499997,0.4155572432240717,0.18337141263013812,0.2419777806193788,0.30633565359615833,0.13070236523827006,0.29899631768093193,0.17989193548543625,0.32262342153449663,0.29093187495138906,0.23595013727003478,0.24038241467571664,0.21652494544811773,0.3604426761410656,0.35423706597621907,0.19379790214844594,0.21775103695416742
0.2560388213888444,0.33886524910945337,0.16308147248453575,0.2042768560097088,0.3107812783162457,0.3500314143349207,0.24328488646334656,0.21848688080253942,0.2137105146533126,0.1895303481690498,0.28828217079689267,0.2315104184879221,0.2866415420438977,0.18170092880310018,0.1876622115767711,0.24825509815394264,0.5508260511235877,0.2821451142336382,0.2536955124218898,0.24424313674471987,0.28193654310654204,0.265445261835083,0.28222861325349025,0.48445881813888325,0.533594862906563,1.0,0.2813777644456571,0.19041424207850932,0.21206372388352457,0.2198678954045984,0.17690109126960796,0.36778656345538485,0.0,0.29473761013183764,0.35293265794165996,0.18046840427469912,0.23693782651572448,0.29250826235543304,0.12594943830704308,0.30118413349798134,0.17968343971368717,0.3223576260829133,0.2829813680890879,0.2326382754631392,0.23688109566289417,0.20197740750471227,0.36172398533559025,0.3453166477329733,0.1922227039395602,0.2200267415265137
0.3077772612896855,0.42068286235940633,0.23032361187730588,0.26655935556329347,0.41278260150615576,0.3947361169646372,0.35568023710708907,0.26873933582274434,0.31278296430941366,0.27123493721381875,0.49566634500291085,0.2606888918625083,0.5433113064608214,0.26511039013583904,0.2638934562208596,0.35779906731366173,0.2706463288900185,0.5006842111561431,0.4549054915218389,0.36009319432802234,0.5107570385134741,0.48677056304432165,0.5354917182630847,0.33571350344164397,0.2826590780631383,0.2813777644456571,1.0,0.2647513835999836,0.29394927829921036,0.31298733453994443,0.2528271995178414,0.4779605230247074,0.0,0.5007060398353251,0.4144071993663784,0.2558093312928563,0.34514669916048335,0.5865413884088497,0.1403219350873559,0.5461935513852891,0.25495103253146245,0.4205283798455228,0.6136447805577748,0.2675476102381287,0.2639858621021529,0.2784604204897192,0.4133574593236652,0.4142651990057995,0.26812243599502594,0.2983025187955627
0.2784886091889357,0.2787487634435384,0.21283867912576182,0.5282697156747568,0.24117670648136103,0.2629992251905854,0.25237220459938436,0.6901489976208156,0.27499250916191564,0.5015744004427835,0.2645412593656461,0.4793580442513802,0.27174586445332327,0.5196617539929704,0.4922875447934466,0.25580863051276015,0.18489872364181315,0.26248507655520803,0.2465115782668701,0.2532711176472251,0.26128121351209643,0.2528119140443602,0.26408083286065,0.2163882723646996,0.19381422688176908,0.19041424207850932,0.2647513835999836,1.0,0.3029111687932139,0.26911507754336217,0.4752818941779532,0.26255812317811733,0.0,0.25516111050700196,0.2536115613493425,0.3999951402266234,0.24031489934774652,0.2769781058584423,0.242110108235284,0.26557041477324583,0.4883175249810757,0.25618686392175016,0.2658350643615226,0.7898143132632993,0.7505293888543578,0.28595565816549307,0.2609678276954307,0.26104766435843996,0.4588128555096367,0.3010080593292972
0.3388111550693793,0.3076430780706445,0.24868648893535794,0.3001814719034859,0.2927961474369789,0.30874299472621736,0.2806161263878283,0.30614983619723757,0.3313631339477646,0.3039381502594931,0.2873796334824158,0.308257475732872,0.2924148825334474,0.30764215348299695,0.2979871016004939,0.2835641210435563,0.2169997915763715,0.2878039510276116,0.2736646636961447,0.2816589990170427,0.28360823540763846,0.27236022821025463,0.29025769840337123,0.2636608687830938,0.21999880275698336,0.21206372388352457,0.29394927829921036,0.3029111687932139,1.0,0.32352219520835124,0.28473411706439056,0.2879611665019445,0.0,0.2884235903865483,0.290313185202155,0.2915627346212525,0.265411838123081,0.3026176799378323,0.1663367812852583,0.29601904533094026,0.28582336532015384,0.2877517016983687,0.29547710037772557,0.30109659808956124,0.3025907627033658,0.38820868971646716,0.2888563389629276,0.2900154659794578,0.2966950283336248,0.6141778700556852
0.388686362356904,0.31086384428005,0.25800056458476794,0.27476280387379814,0.2824099445488828,0.29337503240020646,0.29233420982068237,0.2756607037655836,0.4165024724114148,0.28166624981872856,0.3093124306726428,0.27361578581780766,0.32126892088176484,0.2708581098944224,0.27239751503652276,0.3034169090927914,0.21243690020467998,0.3070809285310073,0.2818360114571635,0.29630770024183706,0.30175288515882526,0.28273708929148134,0.303362789333087,0.2564387490712301,0.218393865792902,0.2198678954045984,0.31298733453994443,0.26911507754336217,0.32352219520835124,1.0,0.26002261542107197,0.28936078202964566,0.0,0.29403509923800986,0.30016211286565253,0.2674416987907857,0.2843246888452472,0.3067462791442952,0.14857461459237342,0.3214579413221017,0.2670233702832101,0.3026318872267467,0.3176344739394453,0.27248750836504776,0.2673819240101396,0.32584952459926675,0.30712217387680407,0.30749740274561244,0.27256417416726797,0.34111221780923706
0.26014258728570006,0.25928078040339786,0.20105184140209487,0.5009981988739711,0.2394607020938191,0.24355837208022635,0.23864925170807294,0.4655583578136694,0.2728104056413946,0.5174797838818793,0.2529695621661042,0.4418356379624353,0.2582163801797468,0.4891730569748193,0.48460404804794743,0.24692043874466907,0.16923994564838152,0.24897929452151357,0.22905694854817904,0.24128311639300692,0.2434683013546325,0.2325467950643686,0.2500994462498882,0.20651193273410073,0.177892305673085,0.17690109126960796,0.2528271995178414,0.4752818941779532,0.28473411706439056,0.26002261542107197,1.0,0.24534672324678952,0.0,0.24346751441629577,0.23703694708697154,0.38722531570043395,0.2307294817865172,0.25525627204169166,0.23223022224529655,0.25207679483543954,0.6496403802781976,0.24098410141862459,0.252087759796884,0.47330468017123595,0.4662825007267254,0.2792083507003228,0.24772377700024206,0.2481869626265163,0.4327964013634221,0.28865159437191645
0.3053596342791902,0.4032083057770397,0.2188510290038871,0.27728070974875385,0.4362036544806631,0.4096718145523044,0.3377562509800257,0.27475706946738365,0.2937434594508743,0.262866410812303,0.44640816375871895,0.27568161102642985,0.4947328795196908,0.2554022143169199,0.264744030575085,0.33923374977543497,0.40365168889494285,0.43936368879036136,0.4422746226346934,0.3360258398659579,0.4607107398493806,0.46088568737644553,0.47819151447372144,0.4202860858133576,0.41174668055246144,0.36778656345538485,0.4779605230247074,0.26255812317811733,0.2879611665019445,0.28936078202964566,0.24534672324678952,1.0,0.0,0.47717606898108667,0.40109018482403846,0.24187286544967657,0.3296347869852517,0.4831734055517256,0.14603261882472307,0.48919477974221726,0.24873581855669413,0.39774968638820907,0.48761181991137903,0.27224611924641706,0.27898675338451273,0.26650163190444287,0.4138148430668718,0.4128354099206534,0.253259472043327,0.27935734178663174
0.0,0.0,0.0,0.0,0.0,0.0,0.0,0.0,0.0,0.0,0.0,0.0,0.0,0.0,0.0,0.0,0.0,0.0,0.0,0.0,0.0,0.0,0.0,0.0,0.0,0.0,0.0,0.0,0.0,0.0,0.0,0.0,1.0,0.0,0.0,0.0,0.0,0.0,0.0,0.0,0.0,0.0,0.0,0.0,0.0,0.0,0.0,0.0,0.0,0.0
0.30274759340039714,0.40948159073634094,0.22868363083067356,0.25625272598898374,0.40931454557190805,0.41019354761138427,0.3561664181897498,0.26631309472560916,0.29802890596026577,0.25592839125182953,0.47435095902216606,0.2590895605674455,0.5458618800903349,0.25073249572987844,0.25091361886478125,0.3534913632407719,0.2954417532271213,0.4777624335251798,0.4712852281253719,0.35341329107872055,0.5019673503384381,0.6129904656733254,0.6479125938037036,0.34460785609129896,0.30155068819499997,0.29473761013183764,0.5007060398353251,0.25516111050700196,0.2884235903865483,0.29403509923800986,0.24346751441629577,0.47717606898108667,0.0,1.0,0.4141104334512663,0.2690119069324698,0.33636703595052553,0.4856001117863745,0.15486509486207056,0.5093705493988292,0.24302875104284738,0.4046292921549435,0.512028642894493,0.2597654019952773,0.26332890378244345,0.2684319580352176,0.40663080272659524,0.40750332414808665,0.2543370526814551,0.2908688779479882
0.3080436848295469,0.5706141406849493,0.222057778983216,0.2585908479416257,0.3851943358241732,0.550904056738381,0.35796269199702746,0.2658880099114974,0.29708034671816896,0.2564098775276348,0.4215918999051599,0.26331379843379366,0.419264730274427,0.251016175408886,0.25656454013016317,0.356530474671662,0.3452267721827238,0.4171111028460097,0.38697510947883895,0.3531210284179771,0.41156054157006283,0.3909729699854897,0.41873409745478485,0.4743454079236258,0.4155572432240717,0.35293265794165996,0.4144071993663784,0.2536115613493425,0.290313185202155,0.30016211286565253,0.23703694708697154,0.40109018482403846,0.0,0.4141104334512663,1.0,0.25365507836292744,0.3360264723339449,0.4124209083995659,0.14805451968772376,0.4260675859165055,0.24103005378454023,0.47044651374642577,0.4267427657023444,0.25709767552295626,0.2617843863255108,0.2690945095364834,0.4611628558862275,0.46149021309642646,0.2551828878966961,0.2883836617075308
0.2639056372004457,0.2591699677236736,0.20615460307997524,0.4095017915755309,0.22712560657385583,0.2560549507462023,0.2642191853983318,0.3953277094928882,0.2766949612788917,0.4114002124381778,0.26045336915132267,0.38616307483874945,0.25343005511798444,0.4003144677279922,0.3982420048962999,0.26282712819245346,0.17839739642815644,0.2692428260108417,0.2470336937135469,0.26190278847745463,0.26455613179816706,0.24804702185887084,0.268621400755354,0.2112609154397499,0.18337141263013812,0.18046840427469912,0.2558093312928563,0.3999951402266234,0.2915627346212525,0.2674416987907857,0.38722531570043395,0.24187286544967657,0.0,0.2690119069324698,0.25365507836292744,1.0,0.2510241783895856,0.24954686314478292,0.25112247660911946,0.2621172359256354,0.3907406357631432,0.25503052849099206,0.2554498764308121,0.4015521414917116,0.40008093433333514,0.27700239984930863,0.2519769525359198,0.2527048061406023,0.3939156939460695,0.2991206365551434
0.28273499119093704,0.33438630026296234,0.21156870504733283,0.24863356485398924,0.3011446467227349,0.33819247895281723,0.7917117375507265,0.24551055323574866,0.2867710338719488,0.24773794538844107,0.32961481709314777,0.2374005809051698,0.3413964667506779,0.2398880652677089,0.23883493859068639,0.7375640384867674,0.22892794870158828,0.3645847745605125,0.33614324872647505,0.7992771137220582,0.36953388988309765,0.3393331532390167,0.3763068968092308,0.2722815142688414,0.2419777806193788,0.23693782651572448,0.34514669916048335,0.24031489934774652,0.265411838123081,0.2843246888452472,0.2307294817865172,0.3296347869852517,0.0,0.33636703595052553,0.3360264723339449,0.2510241783895856,1.0,0.334307495550194,0.1332943118017298,0.34157912180656214,0.2326601840859367,0.3307961012573941,0.34526195671511606,0.24140080633184302,0.24167799318141858,0.249158774199982,0.3228685804332162,0.323614703513609,0.2382555992796076,0.27581840823069836
0.32064264562992384,0.4372120787493413,0.23134355543070428,0.26985646862402457,0.4390166718929214,0.4148117207641753,0.3445016798547087,0.2847528573656406,0.3072051862329892,0.2722911472803613,0.48316999400682714,0.2725655838598643,0.5172717347361615,0.26954051376461474,0.26960703289968924,0.3503523380186496,0.2828970694374,0.4681060823179811,0.4360039297547945,0.347765678196839,0.4874563456201988,0.4636302157517833,0.5021555399918654,0.3466688676130123,0.30633565359615833,0.29250826235543304,0.5865413884088497,0.2769781058584423,0.3026176799378323,0.3067462791442952,0.25525627204169166,0.4831734055517256,0.0,0.4856001117863745,0.4124209083995659,0.24954686314478292,0.334307495550194,1.0,0.14530017972287412,0.5322997047126374,0.26035703676792166,0.4247000111173198,0.6308707301658214,0.28129893356475977,0.2741406377530321,0.27788615326155863,0.42923316988052296,0.43014742339478684,0.2754523781420636,0.30073473255076333
0.2092358546969193,0.14553756835739484,0.11354765699120506,0.2566599056276073,0.1405891473187505,0.14953319522936992,0.14341501742456741,0.246105526366312,0.15831184383666774,0.24895316544478352,0.1449631225964978,0.24572358143003947,0.14312844500824506,0.23775043827587183,0.24364981790980367,0.14158034550545295,0.12556202317156928,0.1468656070218447,0.13828945635974876,0.13981457943356934,0.14443469691178967,0.14072371611849976,0.1485385283641939,0.13583095795190137,0.13070236523827006,0.12594943830704308,0.1403219350873559,0.242110108235284,0.1663367812852583,0.14857461459237342,0.23223022224529655,0.14603261882472307,0.0,0.15486509486207056,0.14805451968772376,0.25112247660911946,0.1332943118017298,0.14530017972287412,1.0,0.14530228358909536,0.2343208119570097,0.14138714532618635,0.14490182116270112,0.247958077533589,0.2502775760265018,0.15333671290887163,0.14509617146801235,0.14500541869101635,0.22883028450614185,0.17846096641091214
0.3143805450848749,0.42837182768132387,0.2368304078267639,0.26548596603061325,0.43015962300899524,0.41024124194268285,0.3562741681241225,0.2741100197884063,0.3174049335089151,0.27032990432462567,0.5161962387639045,0.2672070822329291,0.549873477722131,0.2620703031356576,0.26109672021694874,0.36007896419639007,0.28707869463896096,0.4950824128587863,0.4575705707241453,0.3599450887990403,0.509448276360839,0.4919227299458011,0.5265206114982592,0.3438801165033124,0.29899631768093193,0.30118413349798134,0.5461935513852891,0.26557041477324583,0.29601904533094026,0.3214579413221017,0.25207679483543954,0.48919477974221726,0.0,0.5093705493988292,0.4260675859165055,0.2621172359256354,0.34157912180656214,0.5322997047126374,0.14530228358909536,1.0,0.2525477409516037,0.4294655444627137,0.5515616288872546,0.2696416261373229,0.27058685769456026,0.2897351961541117,0.4448292157605215,0.4448211978013107,0.26752545390646176,0.3076650215050514
