../ecoli_genomes/GCF_000163235.1_ASM16323v1_genomic.fna.gz,../ecoli_genomes/GCF_000164555.1_ASM16455v1_genomic.fna.gz,../ecoli_genomes/GCF_000208545.1_ASM20854v2_genomic.fna.gz,../ecoli_genomes/GCF_000233875.1_ASM23387v1_genomic.fna.gz,../ecoli_genomes/GCF_000249735.1_ASM24973v2_genomic.fna.gz,../ecoli_genomes/GCF_000261145.1_Esch_coli_M919_V2_genomic.fna.gz,../ecoli_genomes/GCF_000267705.2_ASM26770v2_genomic.fna.gz,../ecoli_genomes/GCF_000350665.1_Esch_coli_KTE5_V1_genomic.fna.gz,../ecoli_genomes/GCF_000351625.1_Esch_coli_KTE66_V1_genomic.fna.gz,../ecoli_genomes/GCF_000352285.1_Esch_coli_KTE46_V1_genomic.fna.gz,../ecoli_genomes/GCF_000358895.1_ASM35889v1_genomic.fna.gz,../ecoli_genomes/GCF_000456385.1_Esch_coli_HVH_26_4-5703913_V1_genomic.fna.gz,../ecoli_genomes/GCF_000458195.1_Esch_coli_HVH_147_4-5893887_V1_genomic.fna.gz,../ecoli_genomes/GCF_000459755.1_Esch_coli_KOEGE_58_171a_V1_genomic.fna.gz,../ecoli_genomes/GCF_000460055.1_Esch_coli_UMEA_3053-1_V1_genomic.fna.gz,../ecoli_genomes/GCF_000462165.2_ASM46216v2_genomic.fna.gz,../ecoli_genomes/GCF_000601135.1_ASM60113v1_genomic.fna.gz,../ecoli_genomes/GCF_000614595.1_Ec2010EL1058_genomic.fna.gz,../ecoli_genomes/GCF_000617745.1_Ec2010C-4529_genomic.fna.gz,../ecoli_genomes/GCF_000618265.2_EcF6751_genomic.fna.gz,../ecoli_genomes/GCF_000619005.2_Ec2009C-4052_genomic.fna.gz,../ecoli_genomes/GCF_000619105.1_Ec2009C-4780_genomic.fna.gz,../ecoli_genomes/GCF_000619765.2_Ec2009C-3279_genomic.fna.gz,../ecoli_genomes/GCF_000687005.1_ASM68700v1_genomic.fna.gz,../ecoli_genomes/GCF_000687025.1_ASM68702v1_genomic.fna.gz,../ecoli_genomes/GCF_000700125.1_ASM70012v1_genomic.fna.gz,../ecoli_genomes/GCF_000753315.1_FHI35_genomic.fna.gz,../ecoli_genomes/GCF_000776375.1_ASM77637v1_genomic.fna.gz,../ecoli_genomes/GCF_000779395.1_ASM77939v1_genomic.fna.gz,../ecoli_genomes/GCF_000780315.1_ASM78031v1_genomic.fna.gz,../ecoli_genomes/GCF_000781995.1_ASM78199v1_genomic.fna.gz,../ecoli_genomes/GCF_000986765.1_ASM98676v1_genomic.fna.gz,../ecoli_genomes/GCF_001041375.1_ViralProj287958_genomic.fna.gz,../ecoli_genomes/GCF_001265335.1_302014_genomic.fna.gz,../ecoli_genomes/GCF_001265625.1_100854_genomic.fna.gz,../ecoli_genomes/GCF_001267345.1_303289_genomic.fna.gz,../ecoli_genomes/GCF_001309985.1_ASM130998v1_genomic.fna.gz,../ecoli_genomes/GCF_001521695.1_ASM152169v1_genomic.fna.gz,../ecoli_genomes/GCF_001592595.1_ASM159259v1_genomic.fna.gz,../ecoli_genomes/GCF_001614975.1_ASM161497v1_genomic.fna.gz,../ecoli_genomes/GCF_001692775.1_ASM169277v1_genomic.fna.gz,../ecoli_genomes/GCF_001748915.1_ASM174891v1_genomic.fna.gz,../ecoli_genomes/GCF_001749235.1_ASM174923v1_genomic.fna.gz,../ecoli_genomes/GCF_001881155.1_ASM188115v1_genomic.fna.gz,../ecoli_genomes/GCF_001881345.1_ASM188134v1_genomic.fna.gz,../ecoli_genomes/GCF_001892405.1_ASM189240v1_genomic.fna.gz,../ecoli_genomes/GCF_001892585.1_ASM189258v1_genomic.fna.gz,../ecoli_genomes/GCF_001893985.1_ASM189398v1_genomic.fna.gz,../ecoli_genomes/GCF_002001595.1_ASM200159v1_genomic.fna.gz,../ecoli_genomes/GCF_002002145.1_ASM200214v1_genomic.fna.gz
1.0,0.7833862529152846,0.7753522626476655,0.7720454184975392,0.7489734622140451,0.7746941614706941,0.7722753150523574,0.7762694896476008,0.7964083092752618,0.7694777825476141,0.7712700481242664,0.7797720558428668,0.773395660197391,0.7648613625275269,0.7549825428902838,0.767165232630907,0.7632349010604131,0.7773369326690016,0.7759368853926591,0.7716860278429098,0.7637301232746664,0.765909748166171,0.7802625431878363,0.7642391876332582,0.7450813797666384,0.7553063584660233,0.7740225341589821,0.7675442380193906,0.7855724459036519,0.7976675934547744,0.7524401709535367,0.7663688093238448,0.0586410685513159,0.7781648138331737,0.7606487918561016,0.7721781985883189,0.7556234516473228,0.7789543768107667,0.7168413193020093,0.7800336438456764,0.7499451017532088,0.7813069581043908,0.7818802093067534,0.7759160286325455,0.7776012510598476,0.7843871739029461,0.7708486066866871,0.7704052276273963,0.777951667197218,0.7883997138372403
0.7833862529152846,1.0,0.7730740730030776,0.7659399306185453,0.7724608266856968,0.8273574375941579,0.7946320094232361,0.7668739059812815,0.7792714361462825,0.7691513943890654,0.80753531172351,0.7765731323160567,0.8065666607836084,0.7654845700264732,0.7569375478334047,0.7913055883512039,0.7948384094571977,0.8097058771434075,0.8007456062895484,0.7991858333284283,0.8027616796164407,0.7879583672052077,0.8128741918968754,0.816968299663916,0.8009552023871179,0.8053495016530486,0.812240414589912,0.7671579548906473,0.7855116154320416,0.7843438351606878,0.759632104406822,0.7917645093903232,0.06256713902786426,0.8103093108535773,0.83207468473586,0.7624492973183485,0.7805906244919871,0.8067195758467757,0.7115235459426497,0.8147882606839889,0.7528665235337529,0.822822524391874,0.8143938745171694,0.775129952807265,0.7721291577748437,0.7766983593614458,0.822748581660788,0.8229664421999897,0.7780463536172483,0.7839270075202861
0.7753522626476655,0.7730740730030776,1.0,0.748937972510296,0.7328020591725222,0.7527994989192517,0.7608334699492636,0.7530309178780528,0.7703193801500106,0.7517960596471978,0.7658873711349052,0.7588289810572784,0.767688720040486,0.7468752093520017,0.7397296037550861,0.7641504124600973,0.7408833830262264,0.7714955392630334,0.762500089404394,0.7663398987683137,0.7670784603444609,0.7604563742414624,0.7753177288502374,0.7455541153884484,0.729626175255872,0.7463437928479777,0.76960122324178,0.7547933939840399,0.7716472118031106,0.7726070028616776,0.7415794607493753,0.7497055840487106,0.06293974410291969,0.7693075984334832,0.7548521453543202,0.7581684281942427,0.7509689530495127,0.7614979306260548,0.6923332419277062,0.769962555980388,0.7351814121627525,0.7675536863108666,0.770819217426288,0.7576311486857371,0.7524832088896427,0.762979894121959,0.7622758043932986,0.7627278988325783,0.76482348018458,0.7725078928003529
0.7720454184975392,0.7659399306185453,0.748937972510296,1.0,0.7628142880305064,0.7611315828038967,0.7564449456822647,0.8367549530195233,0.7744344406895366,0.8377346708137143,0.7611725829192136,0.8409732419859857,0.7659184713498742,0.8492391145762375,0.8526283311564532,0.7651281129744865,0.7564104107158529,0.7632995845969728,0.7539948191335473,0.756647608647455,0.7528784766082469,0.7475963883901502,0.7648764785259867,0.7589035101925152,0.7419849179961586,0.7600741106204127,0.7627213714290516,0.8378554277331018,0.7669622605397864,0.7703192853963279,0.8303777986474791,0.7624006789858843,0.05056538643458908,0.7548730491822502,0.7493209615413519,0.8049306094301003,0.7478125033057338,0.7586472880517596,0.738391011741236,0.7570164510848816,0.8314756287894199,0.7666249329590884,0.7648107226387026,0.8441566116238778,0.8369530709321301,0.7715942731843933,0.7572787733609072,0.7572000633519166,0.8182891477237211,0.7737801033898497
0.7489734622140451,0.7724608266856968,0.7328020591725222,0.7628142880305064,1.0,0.7819119278576614,0.752090316026905,0.7581570828814785,0.7677613695931018,0.7512689024258702,0.7998076208987512,0.7468837582430221,0.8156051206133506,0.7439655438866271,0.7554434796378476,0.7739459049782947,0.7845523312840931,0.7790954631839533,0.7770071923851111,0.7550789178000358,0.7772402926479509,0.7652533654109965,0.7792923838586178,0.7877001463241573,0.7728932504134862,0.79240238291836,0.787792293570082,0.7370531334196928,0.7503223113852014,0.7586089981337651,0.7409642434704925,0.8065234007804015,0.06036653159812644,0.7815035958490136,0.7705145640709077,0.733279822712291,0.7511217438838643,0.7854469193460214,0.6871444162132402,0.7977744910787083,0.7456431972626985,0.7898583902761859,0.7940973707240826,0.7467248092112715,0.7471341101128297,0.7421455393426031,0.7824285163551697,0.7818664620116438,0.7391487286643513,0.7471855893943393
0.7746941614706941,0.8273574375941579,0.7527994989192517,0.7611315828038967,0.7819119278576614,1.0,0.7840002617469607,0.7642078645839666,0.7710740579392312,0.7526421210818636,0.7929938483404533,0.7581177819003145,0.7966753968539038,0.7536833748083622,0.7469693423619652,0.7810680107647694,0.7887648750390908,0.803583605250463,0.8030878402958834,0.7839245666278369,0.7864432154361952,0.8028908819060214,0.8012377760494771,0.8201021859441534,0.806295560765085,0.7922890929554549,0.7962747358491348,0.7540562729627415,0.777909288822762,0.7701402025466044,0.7449293845843246,0.795707938499164,0.056131373158069486,0.7985158918252658,0.8256596458111077,0.7547928854855377,0.7717295589751557,0.7990957379127054,0.7061677019189897,0.8000170461141007,0.7448517782336777,0.8177834886454,0.80200584117914,0.7585102076134149,0.7554844971409034,0.7621551638519481,0.805502350629128,0.8060657836119234,0.7591625518814078,0.7765457332488954
0.7722753150523574,0.7946320094232361,0.7608334699492636,0.7564449456822647,0.752090316026905,0.7840002617469607,1.0,0.7568711158492684,0.7737568898784049,0.7524847922210218,0.7866878866784381,0.7538284243508255,0.7818040220141851,0.7476661651834257,0.7413586195152324,0.8930570278301615,0.7533356561127544,0.8055305382398263,0.8025435789438979,0.9464991517341905,0.8087575572034035,0.7855058482772792,0.804856014133684,0.7706217257804876,0.75124047495824,0.7692016026436239,0.798847751001154,0.7580080125746311,0.7713846552468231,0.771641935849178,0.7432610245623035,0.7813354844494926,0.06472318657439491,0.7983176732044753,0.7818834171638992,0.7664859221395619,0.9063109401212429,0.7793173416846051,0.7050039649051105,0.7961147009560283,0.7371196166690677,0.7938019308849675,0.7944394196207716,0.7640409270988772,0.7619246078138381,0.7626416559778391,0.7787619473636378,0.7787140540623656,0.7600980031711846,0.7708761013519674
0.7762694896476008,0.7668739059812815,0.7530309178780528,0.8367549530195233,0.7581570828814785,0.7642078645839666,0.7568711158492684,1.0,0.7708856479903492,0.8287882448989073,0.7597987846461277,0.8313319252951236,0.7648147409892774,0.8297816311005278,0.8185459313363852,0.7621493012064606,0.7553244221007476,0.7675899583692036,0.7582117071375624,0.7583547668409015,0.7554888063986149,0.7536051061917461,0.7641011837533322,0.7587782811854332,0.7400278912800476,0.7587947905259355,0.7652366412253082,0.8813461875048711,0.7711688579886706,0.7653104013228424,0.820878778337989,0.7609249555930467,0.05386321300415198,0.7599834530358544,0.7510814802129087,0.797017598132836,0.7461938391411304,0.7664693365563549,0.7397685756047289,0.7604310086653042,0.8145241331367377,0.7664316841102007,0.7649167687861795,0.8865857282518314,0.875085849292016,0.7673828716848953,0.752083608555524,0.7526633983653472,0.8180354947707792,0.7709307650719757
0.7964083092752618,0.7792714361462825,0.7703193801500106,0.7744344406895366,0.7677613695931018,0.7710740579392312,0.7737568898784049,0.7708856479903492,1.0,0.7740710276195737,0.7805852071875578,0.7647881842165423,0.7878003336558347,0.7647349726392952,0.7605998912261984,0.7856509816981735,0.7609956047332337,0.7808285403228241,0.7713251647623788,0.7760472284563756,0.7712350237976753,0.7612815914376698,0.7785634446831299,0.7650511920791644,0.7446754162308261,0.766158331209965,0.7769889079213906,0.7616527699605933,0.7798908837905463,0.815917006260302,0.7658165078329402,0.7725002014664687,0.0641251178109492,0.7772974016664476,0.7625849300000531,0.7681259242051177,0.7694887682904556,0.7707100383519976,0.7081974327710037,0.785378270094355,0.7589780782425716,0.7838140166940566,0.7855769206809405,0.7660806723913608,0.7620410955523723,0.7741614371474301,0.7723275428404494,0.7720828290642056,0.7707108410515447,0.780973080028618
0.7694777825476141,0.7691513943890654,0.7517960596471978,0.8377346708137143,0.7512689024258702,0.7526421210818636,0.7524847922210218,0.8287882448989073,0.7740710276195737,1.0,0.7621009467020682,0.8239123548810403,0.7656470894902103,0.8319626608048598,0.8199615718440684,0.7603814647893864,0.7466744270982388,0.7665801836678316,0.7517723030320783,0.7548521856307984,0.7482551423741861,0.7498351479276268,0.7631721727159508,0.7528753422629679,0.7350342652628394,0.7516410850006594,0.7623294820313371,0.8296777096835446,0.772746761250104,0.7601521371699299,0.8300705408386264,0.7570034854490191,0.05833722422579002,0.7570316756336795,0.7520813436279907,0.8042514520039292,0.7451959419015085,0.7602873422437568,0.740787203826236,0.7615863049612183,0.8211311686962596,0.7604925013299368,0.7620022290733297,0.8316295751114008,0.8286226957344277,0.7637232940976906,0.7549067911996277,0.7552372021659711,0.8245046044453307,0.7654337313803846
0.7712700481242664,0.80753531172351,0.7658873711349052,0.7611725829192136,0.7998076208987512,0.7929938483404533,0.7866878866784381,0.7597987846461277,0.7805852071875578,0.7621009467020682,1.0,0.7619061762479296,0.8425006515723734,0.7637475188645514,0.7509962527642694,0.7904893097592374,0.7745967489548451,0.8291960453434956,0.8139411349301593,0.7907579407075247,0.8151790628718804,0.8053240317863918,0.8234714365862748,0.7964806576402066,0.7614927650014467,0.786378411406557,0.8331832336009758,0.7618653550046772,0.7795666410424147,0.7792616096530727,0.7535512940349435,0.8042635432045915,0.06109910139163255,0.8142895912861556,0.8025675910748926,0.7671163336908973,0.776147368337642,0.8210773073796767,0.7119510778277891,0.8450988057864743,0.7448078715029796,0.8230287036193896,0.8365992840316842,0.7680938402087631,0.7645297455680649,0.7710623307350732,0.8144166121357047,0.8131342126929221,0.7694355994300184,0.778541514371259
0.7797720558428668,0.7765731323160567,0.7588289810572784,0.8409732419859857,0.7468837582430221,0.7581177819003145,0.7538284243508255,0.8313319252951236,0.7647881842165423,0.8239123548810403,0.7619061762479296,1.0,0.7636918719069651,0.8335154660422542,0.852729647706757,0.7564265313294287,0.753822327311509,0.767462811932451,0.7588284322497348,0.7549198729869661,0.7578084392019636,0.7532559764317177,0.7679670497863232,0.7552013854628433,0.7391234929898984,0.7531526609349808,0.76542409990278,0.8288358388877533,0.7685613550754398,0.7649479940754944,0.8132922486894449,0.7579895910889947,0.05401356896545084,0.7615101507971143,0.7531723275275584,0.7994356764126901,0.7432940103497521,0.7642439233567306,0.7379208982618546,0.7592433616904579,0.8163126994611354,0.7647239734209315,0.7644258143419499,0.8366801428577038,0.834468974825721,0.7757683838334914,0.7602106282893266,0.7610539444951055,0.8169786072785257,0.7689795039832253
0.773395660197391,0.8065666607836084,0.767688720040486,0.7659184713498742,0.8156051206133506,0.7966753968539038,0.7818040220141851,0.7648147409892774,0.7878003336558347,0.7656470894902103,0.8425006515723734,0.7636918719069651,1.0,0.7591724276367351,0.7607213410131054,0.7961616519376062,0.7867633079800214,0.8351130081356646,0.8191452954161781,0.7865527720560955,0.8214430894562181,0.8217010883795534,0.8448753203712192,0.8017912607183015,0.7686485872474883,0.8010525516914039,0.8404431682253013,0.7589777984784412,0.7775457972339171,0.7867125639476372,0.7556511837170522,0.825994521386946,0.056433066188769754,0.8385883915275586,0.8053722479776148,0.7605946432252042,0.7792215985151351,0.8213078883113955,0.7054032306977529,0.8511830620174946,0.7498766394069856,0.8190207080669101,0.8392197517649259,0.7645460061291044,0.7592742250872035,0.7711661715559941,0.8096578438537555,0.8072929561666903,0.7667307640126497,0.7790789326349324
0.7648613625275269,0.7654845700264732,0.7468752093520017,0.8492391145762375,0.7439655438866271,0.7536833748083622,0.7476661651834257,0.8297816311005278,0.7647349726392952,0.8319626608048598,0.7637475188645514,0.8335154660422542,0.7591724276367351,1.0,0.8401058944068835,0.750969122474011,0.7431768065769204,0.764577857568541,0.7520240058934126,0.7510515597246967,0.7515150748662217,0.7507886102648977,0.7645001369528605,0.7457134335109395,0.7280106825510237,0.7435906653519577,0.7645098409815902,0.8418202579093313,0.7691397829024424,0.7616074358818071,0.82289218223468,0.7528593927449603,0.05539669936748115,0.7548068380159336,0.7491880184416743,0.8020669031985497,0.7374442877751626,0.7602919137505315,0.7501637638323807,0.7590461275636425,0.815813145595216,0.7614179326819237,0.7659693521819885,0.8424570192914085,0.833570728220117,0.7689953913335811,0.7529526870737779,0.7534456226404904,0.8180946965706053,0.7699606139394265
0.7549825428902838,0.7569375478334047,0.7397296037550861,0.8526283311564532,0.7554434796378476,0.7469693423619652,0.7413586195152324,0.8185459313363852,0.7605998912261984,0.8199615718440684,0.7509962527642694,0.852729647706757,0.7607213410131054,0.8401058944068835,1.0,0.7548473060567523,0.7452775915476686,0.7550304926502903,0.742281225194988,0.7442358101078109,0.7440197878776468,0.7401505923342913,0.7552156680087392,0.7494845015460723,0.7377696500264477,0.7515915992135195,0.7570337660545281,0.8161366427500057,0.7545116073336142,0.758191788672333,0.8176347934815812,0.7545057352020835,0.053749982008991615,0.7460272040758078,0.7426726969204354,0.788448750625786,0.7344505880254077,0.7512448327371619,0.7361414578104754,0.7547811981818164,0.8229150633603806,0.7541753221876291,0.7539025634682188,0.8210181731524844,0.8131779190338045,0.7635671855370898,0.7517795769342241,0.7526096345260027,0.7988941059676777,0.7639893260411643
0.767165232630907,0.7913055883512039,0.7641504124600973,0.7651281129744865,0.7739459049782947,0.7810680107647694,0.8930570278301615,0.7621493012064606,0.7856509816981735,0.7603814647893864,0.7904893097592374,0.7564265313294287,0.7961616519376062,0.750969122474011,0.7548473060567523,1.0,0.7616426235024365,0.8015310453063244,0.7951064075960774,0.9007774887096827,0.8009533185464184,0.7827119747569168,0.7979160839964058,0.7807756462233614,0.755913927987956,0.7799397906459731,0.792869336569832,0.7552344930357477,0.770249230552879,0.7831757380920491,0.750932747813938,0.7876464855509874,0.06439501411997606,0.7926576140653865,0.7779555500355446,0.7662432031405778,0.8953358738755677,0.7781098908232142,0.7054220033070148,0.7943833332655224,0.7477708311644019,0.7913841250523116,0.7916668029236757,0.7594144290151581,0.7567354509128514,0.7630727451852953,0.7799003707752838,0.7793337857441186,0.7607715010059944,0.7718609879535667
0.7632349010604131,0.7948384094571977,0.7408833830262264,0.7564104107158529,0.7845523312840931,0.7887648750390908,0.7533356561127544,0.7553244221007476,0.7609956047332337,0.7466744270982388,0.7745967489548451,0.753822327311509,0.7867633079800214,0.7431768065769204,0.7452775915476686,0.7616426235024365,1.0,0.7709759717995952,0.7667369163205016,0.7556842624057841,0.7713121790125563,0.7632888550008623,0.7839315557973525,0.813444516833078,0.8070878198573918,0.823620427195686,0.7738452496640625,0.7408684038704623,0.7589240843978553,0.7567340688807455,0.7347022967769062,0.8073928903870988,0.05609434050533335,0.7874726757040716,0.7910882335310847,0.7447668842697034,0.7479544367132636,0.7682509100878501,0.7005040970516201,0.7788883764556902,0.738440929095793,0.7931871850653429,0.7774760310596529,0.7532391604752989,0.7569156883067127,0.7514758180266463,0.7929854844015958,0.7910675765329664,0.7452835499411015,0.7565990348656668
0.7773369326690016,0.8097058771434075,0.7714955392630334,0.7632995845969728,0.7790954631839533,0.803583605250463,0.8055305382398263,0.7675899583692036,0.7808285403228241,0.7665801836678316,0.8291960453434956,0.767462811932451,0.8351130081356646,0.764577857568541,0.7550304926502903,0.8015310453063244,0.7709759717995952,1.0,0.8476887506036188,0.8088070599811205,0.836536664865296,0.8339546749684799,0.8463667368924734,0.7911121327822375,0.7613938629327585,0.780130970019042,0.8324747371972481,0.7686727263582193,0.783011973551296,0.7824715928160199,0.7588141500907658,0.809137590329401,0.05768130090290202,0.8306526230422144,0.7999787248479199,0.77557800254438,0.7908623717425207,0.8151043179304384,0.7129574027577553,0.8397750039174269,0.7498600677425863,0.8134802668398402,0.8327365494751509,0.773026120317224,0.7683039152260278,0.7682255493930976,0.8072590547842738,0.8066768409061809,0.7713410586452754,0.7801447976774045
0.7759368853926591,0.8007456062895484,0.762500089404394,0.7539948191335473,0.7770071923851111,0.8030878402958834,0.8025435789438979,0.7582117071375624,0.7713251647623788,0.7517723030320783,0.8139411349301593,0.7588284322497348,0.8191452954161781,0.7520240058934126,0.742281225194988,0.7951064075960774,0.7667369163205016,0.8476887506036188,1.0,0.8038706942797793,0.8288058617965536,0.8226115265777024,0.8334260081195055,0.7809404871877634,0.761311713884361,0.7697091706587663,0.8268567606181398,0.7556724341204271,0.7751679288107242,0.7715467316536555,0.7465405506586883,0.8091261291911767,0.05999682733123268,0.8180582902525647,0.8010757768952389,0.7622796910871426,0.7876172016519174,0.8073951941728138,0.7028837982612663,0.8338018948888674,0.7376731999701511,0.8107620665769293,0.820068881680543,0.7648479239373437,0.7599331430586571,0.7665857214954037,0.8012906965728948,0.8017934163311143,0.7603650085254999,0.7755689303642577
0.7716860278429098,0.7991858333284283,0.7663398987683137,0.756647608647455,0.7550789178000358,0.7839245666278369,0.9464991517341905,0.7583547668409015,0.7760472284563756,0.7548521856307984,0.7907579407075247,0.7549198729869661,0.7865527720560955,0.7510515597246967,0.7442358101078109,0.9007774887096827,0.7556842624057841,0.8088070599811205,0.8038706942797793,1.0,0.8114323397697342,0.7863296365193332,0.8072120190382904,0.7685675009941944,0.7540859328282402,0.7701237054932877,0.8030012472202572,0.7607321553062734,0.7756699394605251,0.7754366587762161,0.7454967604803049,0.7839734020908242,0.0645146215393656,0.800420940066711,0.7828862203544095,0.7683958457713251,0.9113945216665504,0.7825524729778068,0.7072520889010004,0.8008810933217662,0.7405541024603457,0.7962779985351573,0.7974981646575121,0.764798816874449,0.7625239441081819,0.767992904226352,0.7816253880292428,0.7822595333955251,0.7626111416608929,0.7750672918569268
0.7637301232746664,0.8027616796164407,0.7670784603444609,0.7528784766082469,0.7772402926479509,0.7864432154361952,0.8087575572034035,0.7554888063986149,0.7712350237976753,0.7482551423741861,0.8151790628718804,0.7578084392019636,0.8214430894562181,0.7515150748662217,0.7440197878776468,0.8009533185464184,0.7713121790125563,0.836536664865296,0.8288058617965536,0.8114323397697342,1.0,0.8154071356350234,0.8400360218723169,0.7757886627877905,0.7605960351050951,0.7857601860291049,0.8315557462174157,0.7581646474106377,0.770289835922873,0.7687131380366614,0.745556615575766,0.810553577238675,0.06331080543708045,0.8295378477629204,0.7983447345855006,0.7632041611201882,0.7940909242475229,0.8100674626033266,0.7026740719202971,0.8357916412673783,0.7373051316327467,0.7986898719497395,0.8278187037948038,0.7650765984215766,0.7620632562485157,0.767162948526613,0.8051470943466916,0.8048999507407603,0.7590181968485503,0.7724699130711453
0.765909748166171,0.7879583672052077,0.7604563742414624,0.7475963883901502,0.7652533654109965,0.8028908819060214,0.7855058482772792,0.7536051061917461,0.7612815914376698,0.7498351479276268,0.8053240317863918,0.7532559764317177,0.8217010883795534,0.7507886102648977,0.7401505923342913,0.7827119747569168,0.7632888550008623,0.8339546749684799,0.8226115265777024,0.7863296365193332,0.8154071356350234,1.0,0.8709930311093687,0.7868740572203239,0.7622625326697318,0.7722564437084974,0.819109986104817,0.7552689975250714,0.7662136480239936,0.7599304512792904,0.7414389904084352,0.8009260865200115,0.06631532602005452,0.8423903102510469,0.7915420818386816,0.7551990735344081,0.7706265231133202,0.8034085756360173,0.7013565390263292,0.8217837676664013,0.7326664260598521,0.7931804906593269,0.8214913887411075,0.7593347079079655,0.7541636071784237,0.757821033570258,0.7844880311978928,0.7838166782981362,0.7579284992410014,0.7663631693627306
0.7802625431878363,0.8128741918968754,0.7753177288502374,0.7648764785259867,0.7792923838586178,0.8012377760494771,0.804856014133684,0.7641011837533322,0.7785634446831299,0.7631721727159508,0.8234714365862748,0.7679670497863232,0.8448753203712192,0.7645001369528605,0.7552156680087392,0.7979160839964058,0.7839315557973525,0.8463667368924734,0.8334260081195055,0.8072120190382904,0.8400360218723169,0.8709930311093687,1.0,0.7910323642170926,0.7740155107338925,0.7926982779825842,0.8454478786482842,0.7662773027814017,0.7824327282261356,0.7781221047960803,0.7622160554489172,0.8273842542668925,0.06308001777171723,0.8667167345352809,0.8046322755092281,0.7724302881035419,0.7911043935747669,0.8235699811218371,0.7111956176679582,0.8421225148504001,0.7475638047784288,0.8112865619459217,0.8403841135386845,0.7714529687560869,0.7671908849049216,0.7766848460663173,0.8047055544295743,0.8046942608871267,0.7719653327817998,0.7834393866682998
0.7642391876332582,0.816968299663916,0.7455541153884484,0.7589035101925152,0.7877001463241573,0.8201021859441534,0.7706217257804876,0.7587782811854332,0.7650511920791644,0.7528753422629679,0.7964806576402066,0.7552013854628433,0.8017912607183015,0.7457134335109395,0.7494845015460723,0.7807756462233614,0.813444516833078,0.7911121327822375,0.7809404871877634,0.7685675009941944,0.7757886627877905,0.7868740572203239,0.7910323642170926,1.0,0.8137584574065136,0.8211967172908716,0.7929449218259159,0.7439570908075503,0.7625255474945074,0.7695631291657253,0.7432920694620944,0.7829825989738788,0.05541880895866691,0.7865712611811435,0.8216559117875603,0.747674724862132,0.7639201269240362,0.7769969062606087,0.7001708248670184,0.7864592091945248,0.7393124732685541,0.8020396156445825,0.7904605073180024,0.7559771044189327,0.7556387815816079,0.7491922175771858,0.7923271615461389,0.7891667834882452,0.7468977323806301,0.7651233711283532
0.7450813797666384,0.8009552023871179,0.729626175255872,0.7419849179961586,0.7728932504134862,0.806295560765085,0.75124047495824,0.7400278912800476,0.7446754162308261,0.7350342652628394,0.7614927650014467,0.7391234929898984,0.7686485872474883,0.7280106825510237,0.7377696500264477,0.755913927987956,0.8070878198573918,0.7613938629327585,0.761311713884361,0.7540859328282402,0.7605960351050951,0.7622625326697318,0.7740155107338925,0.8137584574065136,1.0,0.7982749443183264,0.7665951076341802,0.725037240667639,0.7420636199692842,0.7441255873379706,0.7277507986185998,0.7962341897576468,0.05951002588980825,0.7706886545560497,0.8015405937209252,0.7252492114247694,0.7475771096873705,0.7614039690141208,0.6901040789117711,0.7663198494458354,0.7273569032658846,0.7801513364441973,0.7701934442355755,0.7393659198778639,0.7410829998848454,0.7360716069604514,0.772802984367593,0.7733862879546481,0.73424701365964,0.7391063467082442
0.7553063584660233,0.8053495016530486,0.7463437928479777,0.7600741106204127,0.79240238291836,0.7922890929554549,0.7692016026436239,0.7587947905259355,0.766158331209965,0.7516410850006594,0.786378411406557,0.7531526609349808,0.8010525516914039,0.7435906653519577,0.7515915992135195,0.7799397906459731,0.823620427195686,0.780130970019042,0.7697091706587663,0.7701237054932877,0.7857601860291049,0.7722564437084974,0.7926982779825842,0.8211967172908716,0.7982749443183264,1.0,0.789290187848589,0.7463401322651496,0.7586761947158124,0.7620373973653167,0.7406548421415258,0.7888623748231607,0.06385884612878079,0.7893675568997925,0.7969512639015042,0.7433255929224007,0.7641798771137369,0.776553808747068,0.6961632104357203,0.7909491953148482,0.7404137963790995,0.799483102909467,0.7887025983873892,0.7583500559863929,0.755662451020222,0.746938684723355,0.7972290603555353,0.7942107752777525,0.7538970158534474,0.759106223888327
0.7740225341589821,0.812240414589912,0.76960122324178,0.7627213714290516,0.787792293570082,0.7962747358491348,0.798847751001154,0.7652366412253082,0.7769889079213906,0.7623294820313371,0.8331832336009758,0.76542409990278,0.8404431682253013,0.7645098409815902,0.7570337660545281,0.792869336569832,0.7738452496640625,0.8324747371972481,0.8268567606181398,0.8030012472202572,0.8315557462174157,0.819109986104817,0.8454478786482842,0.7929449218259159,0.7665951076341802,0.789290187848589,1.0,0.7656745955684049,0.7816147770376776,0.7765409317418605,0.7565781624976601,0.8142696523862037,0.06497195161700353,0.8321884318979939,0.8002525878945981,0.7663484780591794,0.7856142608806893,0.8436719670013765,0.7075013332113151,0.8499136592433626,0.7479918198545574,0.8181751959866794,0.8652093970278942,0.7727735670443491,0.767175306176744,0.7758335162679728,0.8123471732831359,0.8123852571310518,0.7739315653332525,0.7851211667126592
0.7675442380193906,0.7671579548906473,0.7547933939840399,0.8378554277331018,0.7370531334196928,0.7540562729627415,0.7580080125746311,0.8813461875048711,0.7616527699605933,0.8296777096835446,0.7618653550046772,0.8288358388877533,0.7589777984784412,0.8418202579093313,0.8161366427500057,0.7552344930357477,0.7408684038704623,0.7686727263582193,0.7556724341204271,0.7607321553062734,0.7581646474106377,0.7552689975250714,0.7662773027814017,0.7439570908075503,0.725037240667639,0.7463401322651496,0.7656745955684049,1.0,0.7710716617623012,0.76160556321866,0.8154473157303029,0.7486841938790486,0.05407496552986524,0.7584047956845626,0.7470795559886096,0.8012306374741778,0.7443670896388794,0.767589697407264,0.7363631665610132,0.7623259490005487,0.8051819986294533,0.7604765616742908,0.7649324740810258,0.919141911460493,0.8981263304267735,0.7664531698863518,0.7530497621386936,0.7542223161046082,0.8299602269291873,0.7697650900771431
0.7855724459036519,0.7855116154320416,0.7716472118031106,0.7669622605397864,0.7503223113852014,0.777909288822762,0.7713846552468231,0.7711688579886706,0.7798908837905463,0.772746761250104,0.7795666410424147,0.7685613550754398,0.7775457972339171,0.7691397829024424,0.7545116073336142,0.770249230552879,0.7589240843978553,0.783011973551296,0.7751679288107242,0.7756699394605251,0.770289835922873,0.7662136480239936,0.7824327282261356,0.7625255474945074,0.7420636199692842,0.7586761947158124,0.7816147770376776,0.7710716617623012,1.0,0.7800706759043676,0.7576430404422896,0.7666333751114722,0.06008915464422271,0.7749267475131352,0.7719960496088902,0.769882747245664,0.7566168332401855,0.7739147659084021,0.706368160304281,0.7801022630017944,0.7510784130455685,0.7808689757618186,0.777137867386982,0.7724027968017879,0.7659141362245707,0.7985743466558919,0.7763690309508247,0.7764489857329752,0.7834546271359065,0.8619906754292452
0.7976675934547744,0.7843438351606878,0.7726070028616776,0.7703192853963279,0.7586089981337651,0.7701402025466044,0.771641935849178,0.7653104013228424,0.815917006260302,0.7601521371699299,0.7792616096530727,0.7649479940754944,0.7867125639476372,0.7616074358818071,0.758191788672333,0.7831757380920491,0.7567340688807455,0.7824715928160199,0.7715467316536555,0.7754366587762161,0.7687131380366614,0.7599304512792904,0.7781221047960803,0.7695631291657253,0.7441255873379706,0.7620373973653167,0.7765409317418605,0.76160556321866,0.7800706759043676,1.0,0.7537721738957395,0.7679184820962687,0.060379190184154496,0.7725333566546022,0.7632457396563069,0.7627900957014735,0.7633713144936685,0.7664653744657598,0.7003961621433887,0.7865328237509375,0.747166294608671,0.7785440231612266,0.7802355379771088,0.7658612633832378,0.7620993849361064,0.7808608441715507,0.7725183010956884,0.7726383331965978,0.768177525858806,0.7868213463667737
0.7524401709535367,0.759632104406822,0.7415794607493753,0.8303777986474791,0.7409642434704925,0.7449293845843246,0.7432610245623035,0.820878778337989,0.7658165078329402,0.8300705408386264,0.7535512940349435,0.8132922486894449,0.7556511837170522,0.82289218223468,0.8176347934815812,0.750932747813938,0.7347022967769062,0.7588141500907658,0.7465405506586883,0.7454967604803049,0.745556615575766,0.7414389904084352,0.7622160554489172,0.7432920694620944,0.7277507986185998,0.7406548421415258,0.7565781624976601,0.8154473157303029,0.7576430404422896,0.7537721738957395,1.0,0.7491277164510332,0.05317401720781556,0.7457608630110371,0.7408669415776761,0.7901525422512925,0.735785926421523,0.7514673965486696,0.724375564396398,0.7526508521589292,0.8403945310037487,0.7498534363888494,0.7552171055732962,0.821266218461296,0.810834646868591,0.7609295715498354,0.7443422553619089,0.7449332827219489,0.804418249068658,0.7535465812369788
0.7663688093238448,0.7917645093903232,0.7497055840487106,0.7624006789858843,0.8065234007804015,0.795707938499164,0.7813354844494926,0.7609249555930467,0.7725002014664687,0.7570034854490191,0.8042635432045915,0.7579895910889947,0.825994521386946,0.7528593927449603,0.7545057352020835,0.7876464855509874,0.8073928903870988,0.809137590329401,0.8091261291911767,0.7839734020908242,0.810553577238675,0.8009260865200115,0.8273842542668925,0.7829825989738788,0.7962341897576468,0.7888623748231607,0.8142696523862037,0.7486841938790486,0.7666333751114722,0.7679184820962687,0.7491277164510332,1.0,0.0627273171138032,0.8199935391270908,0.7908433111037445,0.7538609559177599,0.7758218485652808,0.8078650606442409,0.6974263126270589,0.8202965707655854,0.7438339527219693,0.8042304844986877,0.8202712337284521,0.7580362180219857,0.7588659546004066,0.7624534444405822,0.795934690159113,0.7956140203611614,0.7520946170384493,0.7601301526123578
0.0586410685513159,0.06256713902786426,0.06293974410291969,0.05056538643458908,0.06036653159812644,0.056131373158069486,0.06472318657439491,0.05386321300415198,0.0641251178109492,0.05833722422579002,0.06109910139163255,0.05401356896545084,0.056433066188769754,0.05539669936748115,0.053749982008991615,0.06439501411997606,0.05609434050533335,0.05768130090290202,0.05999682733123268,0.0645146215393656,0.06331080543708045,0.06631532602005452,0.06308001777171723,0.05541880895866691,0.05951002588980825,0.06385884612878079,0.06497195161700353,0.05407496552986524,0.06008915464422271,0.060379190184154496,0.05317401720781556,0.0627273171138032,1.0,0.06305348368969543,0.06192130565279297,0.0588919768291124,0.061543806934580725,0.06181681507385195,0.051449616563793654,0.06120775755028829,0.0516833062618165,0.06347433293672677,0.06316110055191182,0.05625658097619124,0.053114183158154527,0.05920929375344097,0.0646245108354061,0.0643915421761646,0.05819582621181385,0.05849216956830816
0.7781648138331737,0.8103093108535773,0.7693075984334832,0.7548730491822502,0.7815035958490136,0.7985158918252658,0.7983176732044753,0.7599834530358544,0.7772974016664476,0.7570316756336795,0.8142895912861556,0.7615101507971143,0.8385883915275586,0.7548068380159336,0.7460272040758078,0.7926576140653865,0.7874726757040716,0.8306526230422144,0.8180582902525647,0.800420940066711,0.8295378477629204,0.8423903102510469,0.8667167345352809,0.7865712611811435,0.7706886545560497,0.7893675568997925,0.8321884318979939,0.7584047956845626,0.7749267475131352,0.7725333566546022,0.7457608630110371,0.8199935391270908,0.06305348368969543,1.0,0.8039985732753779,0.7694714982791047,0.7833530253468742,0.8145805029495321,0.7085257618666485,0.8311838645360554,0.7401231162929243,0.8116359192468989,0.8389212809555335,0.7656727310794949,0.7635373644479946,0.7655560312748713,0.800605988963562,0.8005411774521742,0.7622684826142844,0.7767910097414944
0.7606487918561016,0.83207468473586,0.7548521453543202,0.7493209615413519,0.7705145640709077,0.8256596458111077,0.7818834171638992,0.7510814802129087,0.7625849300000531,0.7520813436279907,0.8025675910748926,0.7531723275275584,0.8053722479776148,0.7491880184416743,0.7426726969204354,0.7779555500355446,0.7910882335310847,0.7999787248479199,0.8010757768952389,0.7828862203544095,0.7983447345855006,0.7915420818386816,0.8046322755092281,0.8216559117875603,0.8015405937209252,0.7969512639015042,0.8002525878945981,0.7470795559886096,0.7719960496088902,0.7632457396563069,0.7408669415776761,0.7908433111037445,0.06192130565279297,0.8039985732753779,1.0,0.7501948346948123,0.7678265107725205,0.7873336579500373,0.7010783345101497,0.8026491383463772,0.7313115141234343,0.8133076664928042,0.809835185323582,0.7532900778945313,0.7504846859569007,0.7564769839866151,0.8124189048656072,0.8111759222169166,0.7536561908143288,0.7689551922044633
0.7721781985883189,0.7624492973183485,0.7581684281942427,0.8049306094301003,0.733279822712291,0.7547928854855377,0.7664859221395619,0.797017598132836,0.7681259242051177,0.8042514520039292,0.7671163336908973,0.7994356764126901,0.7605946432252042,0.8020669031985497,0.788448750625786,0.7662432031405778,0.7447668842697034,0.77557800254438,0.7622796910871426,0.7683958457713251,0.7632041611201882,0.7551990735344081,0.7724302881035419,0.747674724862132,0.7252492114247694,0.7433255929224007,0.7663484780591794,0.8012306374741778,0.769882747245664,0.7627900957014735,0.7901525422512925,0.7538609559177599,0.0588919768291124,0.7694714982791047,0.7501948346948123,1.0,0.7558408089786679,0.7582035070800451,0.7459145653132968,0.7660866765093397,0.7837480272952889,0.7645660718579406,0.7620452001302079,0.8060347490921023,0.8024493154421215,0.7649487370257747,0.7550019277119713,0.7548194579441293,0.808036282175162,0.769051168014067
0.7556234516473228,0.7805906244919871,0.7509689530495127,0.7478125033057338,0.7511217438838643,0.7717295589751557,0.9063109401212429,0.7461938391411304,0.7694887682904556,0.7451959419015085,0.776147368337642,0.7432940103497521,0.7792215985151351,0.7374442877751626,0.7344505880254077,0.8953358738755677,0.7479544367132636,0.7908623717425207,0.7876172016519174,0.9113945216665504,0.7940909242475229,0.7706265231133202,0.7911043935747669,0.7639201269240362,0.7475771096873705,0.7641798771137369,0.7856142608806893,0.7443670896388794,0.7566168332401855,0.7633713144936685,0.735785926421523,0.7758218485652808,0.061543806934580725,0.7833530253468742,0.7678265107725205,0.7558408089786679,1.0,0.76731388874303,0.6966737045736608,0.7796519295264468,0.7301891110716927,0.7840348442206974,0.7846084756316365,0.7500126705287895,0.7476253204295977,0.752523537294393,0.765431290717774,0.7652421178143154,0.7473698347795898,0.7561168371524108
0.7789543768107667,0.8067195758467757,0.7614979306260548,0.7586472880517596,0.7854469193460214,0.7990957379127054,0.7793173416846051,0.7664693365563549,0.7707100383519976,0.7602873422437568,0.8210773073796767,0.7642439233567306,0.8213078883113955,0.7602919137505315,0.7512448327371619,0.7781098908232142,0.7682509100878501,0.8151043179304384,0.8073951941728138,0.7825524729778068,0.8100674626033266,0.8034085756360173,0.8235699811218371,0.7769969062606087,0.7614039690141208,0.776553808747068,0.8436719670013765,0.767589697407264,0.7739147659084021,0.7664653744657598,0.7514673965486696,0.8078650606442409,0.06181681507385195,0.8145805029495321,0.7873336579500373,0.7582035070800451,0.76731388874303,1.0,0.7047850218670755,0.8392559173358463,0.7425175953585328,0.8051916869868266,0.8569004502860359,0.7704460743106969,0.7639396472320003,0.7682163757213204,0.8044594533028806,0.8053604605149084,0.7705031984721373,0.7716900549833139
0.7168413193020093,0.7115235459426497,0.6923332419277062,0.738391011741236,0.6871444162132402,0.7061677019189897,0.7050039649051105,0.7397685756047289,0.7081974327710037,0.740787203826236,0.7119510778277891,0.7379208982618546,0.7054032306977529,0.7501637638323807,0.7361414578104754,0.7054220033070148,0.7005040970516201,0.7129574027577553,0.7028837982612663,0.7072520889010004,0.7026740719202971,0.7013565390263292,0.7111956176679582,0.7001708248670184,0.6901040789117711,0.6961632104357203,0.7075013332113151,0.7363631665610132,0.706368160304281,0.7003961621433887,0.724375564396398,0.6974263126270589,0.051449616563793654,0.7085257618666485,0.7010783345101497,0.7459145653132968,0.6966737045736608,0.7047850218670755,1.0,0.7065610473379064,0.7243341953384403,0.7101599110960883,0.7076631567147684,0.7431827101427155,0.7407873587717007,0.6967559591738666,0.7040051020703213,0.7033156281751989,0.742303299803005,0.7119855446778073
