../ecoli_genomes/GCF_000163235.1_ASM16323v1_genomic.fna.gz,../ecoli_genomes/GCF_000164555.1_ASM16455v1_genomic.fna.gz,../ecoli_genomes/GCF_000208545.1_ASM20854v2_genomic.fna.gz,../ecoli_genomes/GCF_000233875.1_ASM23387v1_genomic.fna.gz,../ecoli_genomes/GCF_000249735.1_ASM24973v2_genomic.fna.gz,../ecoli_genomes/GCF_000261145.1_Esch_coli_M919_V2_genomic.fna.gz,../ecoli_genomes/GCF_000267705.2_ASM26770v2_genomic.fna.gz,../ecoli_genomes/GCF_000350665.1_Esch_coli_KTE5_V1_genomic.fna.gz,../ecoli_genomes/GCF_000351625.1_Esch_coli_KTE66_V1_genomic.fna.gz,../ecoli_genomes/GCF_000352285.1_Esch_coli_KTE46_V1_genomic.fna.gz,../ecoli_genomes/GCF_000358895.1_ASM35889v1_genomic.fna.gz,../ecoli_genomes/GCF_000456385.1_Esch_coli_HVH_26_4-5703913_V1_genomic.fna.gz,../ecoli_genomes/GCF_000458195.1_Esch_coli_HVH_147_4-5893887_V1_genomic.fna.gz,../ecoli_genomes/GCF_000459755.1_Esch_coli_KOEGE_58_171a_V1_genomic.fna.gz,../ecoli_genomes/GCF_000460055.1_Esch_coli_UMEA_3053-1_V1_genomic.fna.gz,../ecoli_genomes/GCF_000462165.2_ASM46216v2_genomic.fna.gz,../ecoli_genomes/GCF_000601135.1_ASM60113v1_genomic.fna.gz,../ecoli_genomes/GCF_000614595.1_Ec2010EL1058_genomic.fna.gz,../ecoli_genomes/GCF_000617745.1_Ec2010C-4529_genomic.fna.gz,../ecoli_genomes/GCF_000618265.2_EcF6751_genomic.fna.gz,../ecoli_genomes/GCF_000619005.2_Ec2009C-4052_genomic.fna.gz,../ecoli_genomes/GCF_000619105.1_Ec2009C-4780_genomic.fna.gz,../ecoli_genomes/GCF_000619765.2_Ec2009C-3279_genomic.fna.gz,../ecoli_genomes/GCF_000687005.1_ASM68700v1_genomic.fna.gz,../ecoli_genomes/GCF_000687025.1_ASM68702v1_genomic.fna.gz,../ecoli_genomes/GCF_000700125.1_ASM70012v1_genomic.fna.gz,../ecoli_genomes/GCF_000753315.1_FHI35_genomic.fna.gz,../ecoli_genomes/GCF_000776375.1_ASM77637v1_genomic.fna.gz,../ecoli_genomes/GCF_000779395.1_ASM77939v1_genomic.fna.gz,../ecoli_genomes/GCF_000780315.1_ASM78031v1_genomic.fna.gz,../ecoli_genomes/GCF_000781995.1_ASM78199v1_genomic.fna.gz,../ecoli_genomes/GCF_000986765.1_ASM98676v1_genomic.fna.gz,../ecoli_genomes/GCF_001041375.1_ViralProj287958_genomic.fna.gz,../ecoli_genomes/GCF_001265335.1_302014_genomic.fna.gz,../ecoli_genomes/GCF_001265625.1_100854_genomic.fna.gz,../ecoli_genomes/GCF_001267345.1_303289_genomic.fna.gz,../ecoli_genomes/GCF_001309985.1_ASM130998v1_genomic.fna.gz,../ecoli_genomes/GCF_001521695.1_ASM152169v1_genomic.fna.gz,../ecoli_genomes/GCF_001592595.1_ASM159259v1_genomic.fna.gz,../ecoli_genomes/GCF_001614975.1_ASM161497v1_genomic.fna.gz,../ecoli_genomes/GCF_001692775.1_ASM169277v1_genomic.fna.gz,../ecoli_genomes/GCF_001748915.1_ASM174891v1_genomic.fna.gz,../ecoli_genomes/GCF_001749235.1_ASM174923v1_genomic.fna.gz,../ecoli_genomes/GCF_001881155.1_ASM188115v1_genomic.fna.gz,../ecoli_genomes/GCF_001881345.1_ASM188134v1_genomic.fna.gz,../ecoli_genomes/GCF_001892405.1_ASM189240v1_genomic.fna.gz,../ecoli_genomes/GCF_001892585.1_ASM189258v1_genomic.fna.gz,../ecoli_genomes/GCF_001893985.1_ASM189398v1_genomic.fna.gz,../ecoli_genomes/GCF_002001595.1_ASM200159v1_genomic.fna.gz,../ecoli_genomes/GCF_002002145.1_ASM200214v1_genomic.fna.gz
1.0,0.3213920778755469,0.2565880298671538,0.27937817901089723,0.286513441499911,0.3116369864874615,0.29856227316964057,0.2785596244884554,0.39323193315181504,0.2906637931003747,0.3179717140440258,0.28010354403308513,0.3206746606222768,0.27237363288235106,0.267099822622224,0.3063485117718676,0.29014365601027503,0.3041521852879714,0.29990686326707383,0.29863355456591,0.29607005279201093,0.30391988566355366,0.30954433282458604,0.3032130180639683,0.2871176753766881,0.2864172376685926,0.30646041414942726,0.2741994314438403,0.33749368332930607,0.3911459126647997,0.25736528469628717,0.30906041941814144,0.0,0.3031634896095662,0.3040037002717354,0.2739383961248163,0.291474859237852,0.3095732439728224,0.25400243479360163,0.3094170512360026,0.26191089914680243,0.2990242266869103,0.30716617763934173,0.27661804054316774,0.28708075464065885,0.31512280615017174,0.2987261352325471,0.2984487404704228,0.26688536510766236,0.3361260081153027
0.3213920778755469,1.0,0.23182433620924747,0.2728515874898416,0.36745918579976167,0.5538172521497404,0.35277003469154766,0.2765947195055827,0.29990762943326754,0.280629359037191,0.4228748206366192,0.28028005411680235,0.42088797707248415,0.26658923755432073,0.2662179901654048,0.3560895198174685,0.46309627737671744,0.41693126768473043,0.40413344434942833,0.3543777757548119,0.40194081324139297,0.40215699340539734,0.4119450202634146,0.5414750035417795,0.5321246854668109,0.47777774904284975,0.4150639529861613,0.2733765956654439,0.3092348515102129,0.3098966225894759,0.2579855647094008,0.4095565350534237,0.0,0.3988499465299935,0.5677910912847158,0.2664643993974166,0.3410330201009699,0.42286838597716625,0.2387619216653244,0.423236980725596,0.2627362745303642,0.4741519474090782,0.4205885642200152,0.2848540064474735,0.28633580532848424,0.2831722778132776,0.4847286872923432,0.48462936822086233,0.2787051316579243,0.308401341697243
0.2565880298671538,0.23182433620924747,1.0,0.20255291492323613,0.19176246445483525,0.21411489298164454,0.21500995906480524,0.20852201369240275,0.24215759131839543,0.2091601681258768,0.22387847322551135,0.19986824205560128,0.22650057664697776,0.20360969493443448,0.1998717317737635,0.21801401705295398,0.20696925079105877,0.22012394637611055,0.21278599586523472,0.21717807353006358,0.21756601240474105,0.21498116988421845,0.22197929917155945,0.20837180704164282,0.20655612070682372,0.2052761625037569,0.22371940856693773,0.20647488341164866,0.2419226838768873,0.24647974953763852,0.19457569291880727,0.21484940011447495,0.0,0.21887205554683398,0.21159624969226987,0.20571755260196423,0.2076071872305396,0.220569242663592,0.18442431731267628,0.22597702614566062,0.1986319132241482,0.21776322445276308,0.22855119981649208,0.2152290141549421,0.20835675982477697,0.22818182926474773,0.22557137682233208,0.2254639924478108,0.21109616672401776,0.24557398126181962
0.27937817901089723,0.2728515874898416,0.20255291492323613,1.0,0.2643860851590667,0.26930413381577434,0.2549949081263534,0.49781224165643534,0.27916089669137556,0.5226559747844057,0.27014496758485407,0.4889135618162638,0.27999789575456635,0.5417826929771531,0.5573266001476084,0.2629981887560441,0.25748675162171786,0.2625992055762385,0.2607136341811339,0.25345772588467563,0.25332737283270634,0.2564088033921156,0.2668987871310676,0.25963570831537386,0.25654684636945724,0.2522915084780635,0.2624316119237696,0.5221595270506625,0.30335918365810566,0.27358390125688037,0.4907955192269595,0.27924813641210955,0.0,0.2546382914466975,0.262052004287771,0.41871223723024453,0.25034946607879016,0.25831470732138184,0.408256812290019,0.25570268597411194,0.5164997015861841,0.26020240633631464,0.26228540852727067,0.5265772003230427,0.5161573586000747,0.2953316091667204,0.25711114815000136,0.2574562554504488,0.45188850611832654,0.3112030971895654
0.286513441499911,0.36745918579976167,0.19176246445483525,0.2643860851590667,1.0,0.3887984345040699,0.30794913334095686,0.2587608572024698,0.2822794751401355,0.26659162973938566,0.4935508229826211,0.2476009095233659,0.459320213449245,0.25225355801933624,0.2662601951582235,0.32949049757586835,0.3926646933022633,0.38920451230746855,0.39438250265145636,0.3070371046401291,0.4009203146969348,0.3960240416615666,0.40053970307801345,0.39376918328857347,0.36658004919755527,0.38868531482197266,0.4081585043111664,0.240985097459961,0.2740864807796267,0.2841327350918681,0.2364831748034102,0.4429565329452331,0.0,0.4112590862715676,0.3726689350856629,0.24128357171829573,0.3072988134032366,0.44155514294875886,0.24966575937259228,0.41659899250031385,0.2621961648881088,0.38008668800043277,0.4264046565158065,0.251987856935328,0.25498918559190886,0.25099794842006473,0.38328652857844125,0.3836304596831841,0.24303523901015833,0.2732961086481437
0.3116369864874615,0.5538172521497404,0.21411489298164454,0.26930413381577434,0.3887984345040699,1.0,0.350778630481816,0.27753270793247276,0.30171085719362023,0.2722056166351632,0.41502657619828776,0.2673949466707133,0.42113755731393476,0.2621884936457445,0.262101529212607,0.3574309651686228,0.4575263925840608,0.41602483937805057,0.40566363966592744,0.35050767548500317,0.39347141918916284,0.3962796251938112,0.40929596794828893,0.5319476264563953,0.522731513183049,0.4621557178460135,0.4028656784388467,0.26402245569663263,0.30888519435009987,0.30132744069204764,0.2519697896413835,0.411112945513886,0.0,0.4091950614169856,0.5637810625962176,0.26800779185534984,0.34286484030272313,0.4101265959111744,0.2543675861708212,0.41172205012417307,0.25900559444723537,0.4710136164897386,0.4151498388422863,0.26906021248571677,0.26829605201643736,0.27502907685893185,0.47799615590974354,0.4804815389141205,0.26586057303839217,0.3067450620557556
0.29856227316964057,0.35277003469154766,0.21500995906480524,0.2549949081263534,0.30794913334095686,0.350778630481816,1.0,0.2554245747537648,0.3004768937834409,0.25818030261461533,0.3555649785148679,0.24523241725098688,0.35751428280828645,0.2513905138908725,0.24917865531655803,0.768367689615637,0.3252092868787406,0.3823184347434051,0.3680786884942645,0.8680189065518148,0.37967144835114963,0.36287450969956037,0.3790093095237509,0.33303459502456334,0.3209200344740911,0.32549160880372596,0.3504323851666362,0.2516524798364601,0.282932431178175,0.2924017126385988,0.23700731194547364,0.34147090696886484,0.0,0.34858911045000096,0.35277839263603383,0.26149276293819623,0.8089708178258227,0.3336756369503592,0.2393941206505633,0.3507179618613848,0.2414281741149915,0.3424544162919263,0.35217917107805086,0.2568403131943131,0.25638763280680077,0.2639633102577865,0.3420023895157407,0.34231812017116714,0.24694360439225083,0.2921931624527343
0.2785596244884554,0.2765947195055827,0.20852201369240275,0.49781224165643534,0.2587608572024698,0.27753270793247276,0.2554245747537648,1.0,0.2779469801164468,0.5044081568149017,0.27201706553509963,0.47602056898052914,0.28134218418134127,0.488332302401815,0.47842552489091794,0.2630169839401594,0.25516601873053346,0.26830116056954445,0.2659197337152306,0.2565069505408052,0.2568976243909292,0.2589605897198215,0.2692635546836528,0.2723543921281453,0.25390087864307587,0.25459795402901386,0.2667326395286237,0.6977984782228779,0.30695917692552177,0.27158598843767845,0.467283663986788,0.2708434617679032,0.0,0.2639445157012774,0.26356690297905194,0.41184584413654846,0.2500045103278299,0.27727747676729186,0.410360191521696,0.26617653762047455,0.47736216516819474,0.2620602398739297,0.27203295389382687,0.7041498732421474,0.6777596138207173,0.29638337770270273,0.26073234013299684,0.2614634309222049,0.44471353058450613,0.30779197843359174
0.39323193315181504,0.29990762943326754,0.24215759131839543,0.27916089669137556,0.2822794751401355,0.30171085719362023,0.3004768937834409,0.2779469801164468,1.0,0.285592105293756,0.3097587175529567,0.2630799008710455,0.32071555793094964,0.27376389246393373,0.2768373892662821,0.3096235907109245,0.28147016493118837,0.2976625772523165,0.28820749069169227,0.3015158467198963,0.2906013638991066,0.29516906597326653,0.3010652881288073,0.29818980528033934,0.27777123042552,0.2815929661514025,0.30347043643780625,0.2705598414722987,0.32711865783205696,0.410237861416183,0.25843682399529244,0.29759981707247163,0.0,0.29701377770042636,0.29784211749579625,0.27639092453492997,0.29485363620992266,0.28983847570325416,0.24878651261353102,0.3021099251611815,0.26591000761473416,0.29489783249974566,0.30294469608082053,0.27720054749441847,0.27207662696980117,0.3071390488644147,0.2945414558217502,0.29413785231889544,0.26345176824136574,0.3367276604274234
0.2906637931003747,0.280629359037191,0.2091601681258768,0.5226559747844057,0.26659162973938566,0.2722056166351632,0.25818030261461533,0.5044081568149017,0.285592105293756,1.0,0.27999484176592637,0.47096358979791764,0.2887652299879572,0.5055139809113117,0.5045197501886832,0.268251869847286,0.2552466607317122,0.2647376385843919,0.2588630231677489,0.25827465488325696,0.2563769507583894,0.25780554506833286,0.2638502413725453,0.2641501618684263,0.25314060134413674,0.2598092178500193,0.2685013861006813,0.5032622686420478,0.3083345027324276,0.28180147297366276,0.5077297155523085,0.2684641125483176,0.0,0.2595046501373184,0.26489243578484745,0.42832248451121535,0.2526861715407407,0.26265981628929047,0.4235445877831918,0.26843020794066275,0.5239240352506815,0.26150516346709796,0.268359587582376,0.5116537517973545,0.5132948173796598,0.2937363313847734,0.2624264722143512,0.2621090358880601,0.46105341478263984,0.30690288354082684
0.3179717140440258,0.4228748206366192,0.22387847322551135,0.27014496758485407,0.4935508229826211,0.41502657619828776,0.3555649785148679,0.27201706553509963,0.3097587175529567,0.27999484176592637,1.0,0.26254132605460856,0.5417895725252122,0.26972633494421916,0.266786787624232,0.3635426953444173,0.3986823038725912,0.48028470161064396,0.472466300418383,0.3575424577208912,0.4911157483515918,0.49279086055908794,0.49620379411606963,0.420392616115295,0.3894154635184969,0.4108910293063288,0.5055917870966287,0.2666739787166629,0.30006264286877427,0.3162206758895767,0.2571393064029378,0.4699798680197922,0.0,0.4801807775912361,0.4227159292475191,0.27643033803725436,0.3486415668387751,0.48407847766712686,0.246625462152415,0.5181631808997207,0.2612469896837458,0.4366196081053332,0.512367767730527,0.2731008412878262,0.27281074109720516,0.28094141472969336,0.4277988340231932,0.4275461304834348,0.27089087952059354,0.30732884711799524
0.28010354403308513,0.28028005411680235,0.19986824205560128,0.4889135618162638,0.2476009095233659,0.2673949466707133,0.24523241725098688,0.47602056898052914,0.2630799008710455,0.47096358979791764,0.26254132605460856,1.0,0.26491436828747716,0.48225203915784687,0.5949200911339247,0.25278757435031773,0.2504659522005652,0.25340631540678904,0.2506117151562397,0.246255228361153,0.24976859918734617,0.24660142108261596,0.25740521615099743,0.2534830065314534,0.24379421204633933,0.24840472989894757,0.2540157343643823,0.47801990660688143,0.311651745929305,0.2673044602128344,0.4423384728926939,0.2606362851082956,0.0,0.2554258729973258,0.2568682732771145,0.391361784602116,0.23948233918089057,0.2638081757259886,0.4006824817748943,0.2564220277972138,0.4519602941853593,0.2498494436462595,0.25962923273586835,0.48358794340627664,0.48064475685175456,0.2886414795819656,0.259356701061238,0.2606881257848219,0.41307535079168567,0.29644178442482993
0.3206746606222768,0.42088797707248415,0.22650057664697776,0.27999789575456635,0.459320213449245,0.42113755731393476,0.35751428280828645,0.28134218418134127,0.32071555793094964,0.2887652299879572,0.5417895725252122,0.26491436828747716,1.0,0.2694778195213864,0.2784701283349441,0.37338776020126785,0.40385824988569274,0.4936286537337522,0.49695935457169327,0.3597397138414197,0.5137595716647299,0.5600868055652084,0.5651712984928292,0.4190004003393265,0.38472129468534055,0.40426165860317465,0.5495790115094519,0.26865888176442376,0.3045728796352636,0.32438765350560383,0.2573731275164388,0.5137661781762399,0.0,0.5435264828664972,0.4280461990362693,0.270572387474905,0.35509472615072457,0.5116231332149712,0.24356527894261393,0.5483660224098275,0.27118330461035567,0.43132461585854986,0.5414923267684733,0.27373661484478395,0.27083554674451105,0.2782145017062332,0.4296007415287636,0.4286767967767837,0.27053969246928666,0.31161655673817024
0.27237363288235106,0.26658923755432073,0.20360969493443448,0.5417826929771531,0.25225355801933624,0.2621884936457445,0.2513905138908725,0.488332302401815,0.27376389246393373,0.5055139809113117,0.26972633494421916,0.48225203915784687,0.2694778195213864,1.0,0.5454207624741036,0.25567356705490263,0.24478263935641642,0.25882859231852884,0.2510471416271507,0.25253110562665027,0.2498905096781685,0.2551475180481386,0.26272525810456093,0.24650406677855974,0.2416204269939074,0.24612381760529345,0.2633082996202474,0.5194882314206757,0.3075151409496498,0.2675593716729011,0.48708042003865104,0.2646990575289325,0.0,0.2524349171598883,0.257360058123012,0.4138351642559197,0.24518844072430868,0.262364946262696,0.4064833242624678,0.2551108398595785,0.5012590026589778,0.25766013260532117,0.2637072197143846,0.5161635309750945,0.5058265662529061,0.298845678987543,0.2577864198270381,0.2580095230777131,0.4521907147737422,0.310172803920441
0.267099822622224,0.2662179901654048,0.1998717317737635,0.5573266001476084,0.2662601951582235,0.262101529212607,0.24917865531655803,0.47842552489091794,0.2768373892662821,0.5045197501886832,0.266786787624232,0.5949200911339247,0.2784701283349441,0.5454207624741036,1.0,0.2592750018838065,0.2552443378280518,0.2583313066230578,0.2497729353776622,0.24968316462440754,0.24723256880031474,0.25090121895958717,0.26273851111872604,0.2557975359938711,0.24700038757003406,0.25069701484885676,0.2598590373192802,0.4934616621548912,0.3037986569660682,0.27210700279239697,0.4875545084131844,0.2696384244282912,0.0,0.25064742379328353,0.25908370876556264,0.4092385488535464,0.2455784761736587,0.25871083665474115,0.409696461067808,0.25530391714828626,0.5044768059309532,0.2535236062953721,0.2619563098833325,0.49795927925602446,0.4877173940980397,0.29273655507862006,0.2598408586249068,0.2600427076467321,0.4379088196353125,0.3122764777923446
0.3063485117718676,0.3560895198174685,0.21801401705295398,0.2629981887560441,0.32949049757586835,0.3574309651686228,0.768367689615637,0.2630169839401594,0.3096235907109245,0.268251869847286,0.3635426953444173,0.25278757435031773,0.37338776020126785,0.25567356705490263,0.2592750018838065,1.0,0.33884463348147165,0.3721052241277849,0.36787296131329816,0.7808217273212279,0.36740778608923685,0.36666641312127213,0.37606909350666395,0.3523308991798342,0.33362350998606527,0.3381395531488568,0.3517567336759442,0.25484046676190253,0.2838560042434677,0.3035427369039033,0.2442259013848609,0.35178871297205905,0.0,0.34973191300640916,0.3535377076750752,0.2634299020941263,0.7612239240290986,0.33829929451693297,0.23615825892139242,0.35118824149956374,0.2498820414129842,0.3463863528773269,0.35421744846337655,0.26006833835911625,0.2622436718127451,0.26810206609818177,0.34754047728607895,0.3475646343209067,0.2515046182141981,0.29380797610337994
0.29014365601027503,0.46309627737671744,0.20696925079105877,0.25748675162171786,0.3926646933022633,0.4575263925840608,0.3252092868787406,0.25516601873053346,0.28147016493118837,0.2552466607317122,0.3986823038725912,0.2504659522005652,0.40385824988569274,0.24478263935641642,0.2552443378280518,0.33884463348147165,1.0,0.38092203233889677,0.37552379550573955,0.3253999451775935,0.37531252109297186,0.3827144171821356,0.3897844597648905,0.5172373817697122,0.47519135056960105,0.5384333855054848,0.38288472766015136,0.24380159842137072,0.2919236951799089,0.27926687908334535,0.23191417928413371,0.43895224346978257,0.0,0.3894903367709939,0.46575160643017743,0.25444011927731414,0.32421116037421494,0.3768101054534865,0.22724225579516266,0.3909967953607075,0.24301397707202588,0.4337400158913164,0.39472724000579407,0.25286637438707804,0.2605947862805966,0.256940782762594,0.451043728287987,0.4515252100161007,0.24475101416612877,0.28599064094232596
0.3041521852879714,0.41693126768473043,0.22012394637611055,0.2625992055762385,0.38920451230746855,0.41602483937805057,0.3823184347434051,0.26830116056954445,0.2976625772523165,0.2647376385843919,0.48028470161064396,0.25340631540678904,0.4936286537337522,0.25882859231852884,0.2583313066230578,0.3721052241277849,0.38092203233889677,1.0,0.5223921382435758,0.3810626933406366,0.5116308441144591,0.5103602881533917,0.5217005182567745,0.395386964276757,0.3711311009083925,0.3897990133648118,0.49651815007801237,0.2623388070001974,0.29463710636877793,0.3071521718675765,0.24875044669580115,0.4579929141153899,0.0,0.47400985777408866,0.4195837714955213,0.2759775182246442,0.36988105717042774,0.45871899280559036,0.24658063453721102,0.49174578128643,0.25081464731776215,0.4214269470050791,0.48522486812763765,0.26450639681363974,0.2633285414871862,0.2699898367518053,0.4226667730940943,0.42238497783026296,0.2596836480594853,0.3023468812906822
0.29990686326707383,0.40413344434942833,0.21278599586523472,0.2607136341811339,0.39438250265145636,0.40566363966592744,0.3680786884942645,0.2659197337152306,0.28820749069169227,0.2588630231677489,0.472466300418383,0.2506117151562397,0.49695935457169327,0.2510471416271507,0.2497729353776622,0.36787296131329816,0.37552379550573955,0.5223921382435758,1.0,0.3660660951330521,0.5096326517862635,0.5077725534188857,0.5077713833790745,0.391023442846851,0.370672318932716,0.37666701298649696,0.49495596946630704,0.25665256136103654,0.28784111543645285,0.29492785381158215,0.24265393151569326,0.46316553080076306,0.0,0.4693680364761712,0.4139933308432766,0.268499057278503,0.3593800500605996,0.45655844969824677,0.2343383650236801,0.48649590097206985,0.24498186767055163,0.41109909645571796,0.48355506789543745,0.26260544464956803,0.2608045027418249,0.2660707796290661,0.4055935244611262,0.40723643790862774,0.2529156636714467,0.2972245404150248
0.29863355456591,0.3543777757548119,0.21717807353006358,0.25345772588467563,0.3070371046401291,0.35050767548500317,0.8680189065518148,0.2565069505408052,0.3015158467198963,0.25827465488325696,0.3575424577208912,0.246255228361153,0.3597397138414197,0.25253110562665027,0.24968316462440754,0.7808217273212279,0.3253999451775935,0.3810626933406366,0.3660660951330521,1.0,0.3814881065553132,0.3649816052159307,0.37981114028083807,0.33420354358856474,0.32301859149514955,0.3272242819116068,0.35214621355466835,0.2534712883448561,0.28442384843835666,0.29522828856178085,0.23918346116893707,0.3427149534415854,0.0,0.34927435994275324,0.3532098553095987,0.2619584544404684,0.8291928599698547,0.33609910496092055,0.23791397260139757,0.3544520615024457,0.24126805039381727,0.3443960146090388,0.354639177042925,0.25686847145955527,0.2556931985122962,0.2664621683570606,0.34547604771746065,0.3455125124262425,0.24842165523546234,0.29433486026625333
0.29607005279201093,0.40194081324139297,0.21756601240474105,0.25332737283270634,0.4009203146969348,0.39347141918916284,0.37967144835114963,0.2568976243909292,0.2906013638991066,0.2563769507583894,0.4911157483515918,0.24976859918734617,0.5137595716647299,0.2498905096781685,0.24723256880031474,0.36740778608923685,0.37531252109297186,0.5116308441144591,0.5096326517862635,0.3814881065553132,1.0,0.5205848368410859,0.5418311642428977,0.38382301544224884,0.3599342358567891,0.3839352965474845,0.5189330796427609,0.25464332954144087,0.2861848457352999,0.2971469016205459,0.24006745455909373,0.48016871275237016,0.0,0.5016693601001021,0.41010898856224254,0.2676610467820377,0.36679363473694115,0.47860266261180806,0.2344390998642828,0.5130855727468473,0.2457994734193294,0.39904450007929815,0.5042773703133895,0.25831621267212523,0.2572398284878802,0.26977230057284407,0.41548662866515906,0.41506458194481366,0.2513456670402393,0.29419828982288765
0.30391988566355366,0.40215699340539734,0.21498116988421845,0.2564088033921156,0.3960240416615666,0.3962796251938112,0.36287450969956037,0.2589605897198215,0.29516906597326653,0.25780554506833286,0.49279086055908794,0.24660142108261596,0.5600868055652084,0.2551475180481386,0.25090121895958717,0.36666641312127213,0.3827144171821356,0.5103602881533917,0.5077725534188857,0.3649816052159307,0.5205848368410859,1.0,0.7427566255729117,0.3820683200923105,0.3682004503772274,0.37965270343883817,0.5202151765851639,0.2555206975255714,0.2853858480277852,0.2976441280918569,0.24080807169796625,0.48544571950564164,0.0,0.6327702769899843,0.40498552580483294,0.262465277418088,0.35401312713382327,0.48819518253063265,0.23581265656511308,0.5198473434551514,0.24449369070712434,0.4036296504862992,0.5211646556964796,0.25801000559690224,0.2546859788230742,0.26869826408267694,0.41010996262600075,0.40909330824738765,0.2545906764117509,0.29914578321935725
0.30954433282458604,0.4119450202634146,0.22197929917155945,0.2668987871310676,0.40053970307801345,0.40929596794828893,0.3790093095237509,0.2692635546836528,0.3010652881288073,0.2638502413725453,0.49620379411606963,0.25740521615099743,0.5651712984928292,0.26272525810456093,0.26273851111872604,0.37606909350666395,0.3897844597648905,0.5217005182567745,0.5077713833790745,0.37981114028083807,0.5418311642428977,0.7427566255729117,1.0,0.3870436842252094,0.37380748581803036,0.38633146273995267,0.5365165895586932,0.2659761931030892,0.29883351969580296,0.30028431534098166,0.25108653451814267,0.4971754996955047,0.0,0.6348963940216379,0.41455429799459664,0.27053632063556676,0.36670225675501267,0.49890318518686616,0.24876862487204454,0.5257144026180254,0.25247447479020657,0.41335786310363654,0.5242964117264824,0.2676525737961809,0.26610674932099043,0.2723482630738594,0.41391571498344304,0.41410495450757223,0.2608207109707046,0.30362012940359484
0.3032130180639683,0.5414750035417795,0.20837180704164282,0.25963570831537386,0.39376918328857347,0.5319476264563953,0.33303459502456334,0.2723543921281453,0.29818980528033934,0.2641501618684263,0.420392616115295,0.2534830065314534,0.4190004003393265,0.24650406677855974,0.2557975359938711,0.3523308991798342,0.5172373817697122,0.395386964276757,0.391023442846851,0.33420354358856474,0.38382301544224884,0.3820683200923105,0.3870436842252094,1.0,0.5545972644194386,0.5199186669188158,0.3939941542653759,0.24865877468551445,0.2982518567114325,0.2958270232934619,0.23931738158603044,0.4171476460129133,0.0,0.3883243250496452,0.5507607014596549,0.26016004918103,0.33044069835306455,0.38410680628595006,0.2264309514036681,0.39377345625775073,0.2505985074581947,0.45730055283645654,0.39738444073758106,0.26077881998043306,0.2639590471583181,0.2643857023683658,0.4520344790974159,0.45192097901666095,0.2530609415754529,0.29048720466380873
0.2871176753766881,0.5321246854668109,0.20655612070682372,0.25654684636945724,0.36658004919755527,0.522731513183049,0.3209200344740911,0.25390087864307587,0.27777123042552,0.25314060134413674,0.3894154635184969,0.24379421204633933,0.38472129468534055,0.2416204269939074,0.24700038757003406,0.33362350998606527,0.47519135056960105,0.3711311009083925,0.370672318932716,0.32301859149514955,0.3599342358567891,0.3682004503772274,0.37380748581803036,0.5545972644194386,1.0,0.4924864147619131,0.372616459423626,0.237924330090324,0.27752834497713896,0.27749547935398167,0.2343519156334989,0.41423822996401305,0.0,0.3698374622862227,0.5339978905058025,0.24759581659914254,0.3217888302928674,0.3785389476305665,0.22962429504441062,0.37086537521299945,0.23741468473940408,0.43120353577849224,0.3818143791122617,0.2594880479014202,0.25812651910543316,0.2559923915794313,0.43575589120702696,0.43522520765632977,0.2533622335720047,0.2786430555469659
0.2864172376685926,0.47777774904284975,0.2052761625037569,0.2522915084780635,0.38868531482197266,0.4621557178460135,0.32549160880372596,0.25459795402901386,0.2815929661514025,0.2598092178500193,0.4108910293063288,0.24840472989894757,0.40426165860317465,0.24612381760529345,0.25069701484885676,0.3381395531488568,0.5384333855054848,0.3897990133648118,0.37666701298649696,0.3272242819116068,0.3839352965474845,0.37965270343883817,0.38633146273995267,0.5199186669188158,0.4924864147619131,1.0,0.38446547967603173,0.24356011341649564,0.2885146855532196,0.28328976483973256,0.23847897277779695,0.40286914159625886,0.0,0.3773782397430826,0.4738539547911047,0.25151758748044517,0.32513740499858956,0.38313894052142694,0.22372532121166433,0.39431240602042883,0.24373934198162284,0.4512548892458855,0.3845050682547715,0.26235313611579836,0.2617474125674276,0.25736544513576143,0.4597980872775904,0.45936272455163096,0.25865177123511973,0.28636919558905405
0.30646041414942726,0.4150639529861613,0.22371940856693773,0.2624316119237696,0.4081585043111664,0.4028656784388467,0.3504323851666362,0.2667326395286237,0.30347043643780625,0.2685013861006813,0.5055917870966287,0.2540157343643823,0.5495790115094519,0.2633082996202474,0.2598590373192802,0.3517567336759442,0.38288472766015136,0.49651815007801237,0.49495596946630704,0.35214621355466835,0.5189330796427609,0.5202151765851639,0.5365165895586932,0.3939941542653759,0.372616459423626,0.38446547967603173,1.0,0.2613747077860612,0.2982101701105452,0.30638713636824877,0.24980430519542518,0.4926067446313468,0.0,0.5057253302339177,0.4137535312211007,0.2677880387542011,0.3396248910098233,0.5818392782389135,0.23345644431701507,0.5450336612868254,0.2555040911465911,0.41722022566549555,0.6197755996087262,0.2690473715763563,0.2622863994073874,0.27778616931892885,0.41661079706139714,0.4165074854591222,0.26336987037185366,0.30406004694354816
0.2741994314438403,0.2733765956654439,0.20647488341164866,0.5221595270506625,0.240985097459961,0.26402245569663263,0.2516524798364601,0.6977984782228779,0.2705598414722987,0.5032622686420478,0.2666739787166629,0.47801990660688143,0.26865888176442376,0.5194882314206757,0.4934616621548912,0.25484046676190253,0.24380159842137072,0.2623388070001974,0.25665256136103654,0.2534712883448561,0.25464332954144087,0.2555206975255714,0.2659761931030892,0.24865877468551445,0.237924330090324,0.24356011341649564,0.2613747077860612,1.0,0.3048116270129696,0.26488701602058007,0.4736875446082456,0.2626913827345264,0.0,0.25476696511297736,0.25486995259041056,0.41073586622850733,0.24415685904223294,0.2680250140221401,0.4082580405466282,0.2597212612326907,0.4840084169988408,0.254477573510024,0.2624246817912552,0.7917702192579471,0.7576865044025969,0.29307504428001174,0.2571243502014773,0.2572044981929701,0.4541834291990692,0.30440717508061166
0.33749368332930607,0.3092348515102129,0.2419226838768873,0.30335918365810566,0.2740864807796267,0.30888519435009987,0.282932431178175,0.30695917692552177,0.32711865783205696,0.3083345027324276,0.30006264286877427,0.311651745929305,0.3045728796352636,0.3075151409496498,0.3037986569660682,0.2838560042434677,0.2919236951799089,0.29463710636877793,0.28784111543645285,0.28442384843835666,0.2861848457352999,0.2853858480277852,0.29883351969580296,0.2982518567114325,0.27752834497713896,0.2885146855532196,0.2982101701105452,0.3048116270129696,1.0,0.3175868316746723,0.28931085271799173,0.29994046893042736,0.0,0.29010519559964154,0.2965291993946526,0.30276224819752173,0.2742091715115057,0.29304947539001047,0.27194375725343944,0.2949737825315538,0.29122376427719043,0.29054757912445817,0.29189395305136256,0.30519523076438004,0.30521309246414097,0.3876211977124734,0.2940563818264956,0.294070837109762,0.29952680425280365,0.6095375064346366
0.3911459126647997,0.3098966225894759,0.24647974953763852,0.27358390125688037,0.2841327350918681,0.30132744069204764,0.2924017126385988,0.27158598843767845,0.410237861416183,0.28180147297366276,0.3162206758895767,0.2673044602128344,0.32438765350560383,0.2675593716729011,0.27210700279239697,0.3035427369039033,0.27926687908334535,0.3071521718675765,0.29492785381158215,0.29522828856178085,0.2971469016205459,0.2976441280918569,0.30028431534098166,0.2958270232934619,0.27749547935398167,0.28328976483973256,0.30638713636824877,0.26488701602058007,0.3175868316746723,1.0,0.2560664339080828,0.2972314825961706,0.0,0.292573441568854,0.3034486870693388,0.2687848466652737,0.2870583101299814,0.29580210625958325,0.24481842191414172,0.3146097200674628,0.2642128655620245,0.29783480538987994,0.3078192085473138,0.2696373202751431,0.2661531912167364,0.3193832513479501,0.3007719785715084,0.3006355024973816,0.26206239825698274,0.33354912281180593
0.25736528469628717,0.2579855647094008,0.19457569291880727,0.4907955192269595,0.2364831748034102,0.2519697896413835,0.23700731194547364,0.467283663986788,0.25843682399529244,0.5077297155523085,0.2571393064029378,0.4423384728926939,0.2573731275164388,0.48708042003865104,0.4875545084131844,0.2442259013848609,0.23191417928413371,0.24875044669580115,0.24265393151569326,0.23918346116893707,0.24006745455909373,0.24080807169796625,0.25108653451814267,0.23931738158603044,0.2343519156334989,0.23847897277779695,0.24980430519542518,0.4736875446082456,0.28931085271799173,0.2560664339080828,1.0,0.24778413565983648,0.0,0.2472000292586093,0.2435952536855871,0.40222349822657,0.23305020214028882,0.24742796482307428,0.38367892980562046,0.24855835502398227,0.6388074422455159,0.24270336590799468,0.24736090033334734,0.48016118849289546,0.4703415438253161,0.27774012429649386,0.24428706162132408,0.2442519293482165,0.4260754570846055,0.28732035327854
0.30906041941814144,0.4095565350534237,0.21484940011447495,0.27924813641210955,0.4429565329452331,0.411112945513886,0.34147090696886484,0.2708434617679032,0.29759981707247163,0.2684641125483176,0.4699798680197922,0.2606362851082956,0.5137661781762399,0.2646990575289325,0.2696384244282912,0.35178871297205905,0.43895224346978257,0.4579929141153899,0.46316553080076306,0.3427149534415854,0.48016871275237016,0.48544571950564164,0.4971754996955047,0.4171476460129133,0.41423822996401305,0.40286914159625886,0.4926067446313468,0.2626913827345264,0.29994046893042736,0.2972314825961706,0.24778413565983648,1.0,0.0,0.4815071021509002,0.4077080862863073,0.25988503659489404,0.34129299240479904,0.49308272756495597,0.23660925986303094,0.5015324419236096,0.25786453830347666,0.4057457240224964,0.5070306676963284,0.26836478843835265,0.2709893132019239,0.2643690206633885,0.41952724045262746,0.4202201956739483,0.25408056513949884,0.29158832886102837
0.0,0.0,0.0,0.0,0.0,0.0,0.0,0.0,0.0,0.0,0.0,0.0,0.0,0.0,0.0,0.0,0.0,0.0,0.0,0.0,0.0,0.0,0.0,0.0,0.0,0.0,0.0,0.0,0.0,0.0,0.0,0.0,1.0,0.0,0.0,0.0,0.0,0.0,0.0,0.0,0.0,0.0,0.0,0.0,0.0,0.0,0.0,0.0,0.0,0.0
0.3031634896095662,0.3988499465299935,0.21887205554683398,0.2546382914466975,0.4112590862715676,0.4091950614169856,0.34858911045000096,0.2639445157012774,0.29701377770042636,0.2595046501373184,0.4801807775912361,0.2554258729973258,0.5435264828664972,0.2524349171598883,0.25064742379328353,0.34973191300640916,0.3894903367709939,0.47400985777408866,0.4693680364761712,0.34927435994275324,0.5016693601001021,0.6327702769899843,0.6348963940216379,0.3883243250496452,0.3698374622862227,0.3773782397430826,0.5057253302339177,0.25476696511297736,0.29010519559964154,0.292573441568854,0.2472000292586093,0.4815071021509002,0.0,1.0,0.40520626378284186,0.27466141593325955,0.3374913551290395,0.4796281348292576,0.24864090081477797,0.5023791289509416,0.24620722917932092,0.3990881216754849,0.5169905132391949,0.25981522398011003,0.2609846061685763,0.26605175870851117,0.40516992217664416,0.4052014674409903,0.24977744214313502,0.29488432162523526
0.3040037002717354,0.5677910912847158,0.21159624969226987,0.262052004287771,0.3726689350856629,0.5637810625962176,0.35277839263603383,0.26356690297905194,0.29784211749579625,0.26489243578484745,0.4227159292475191,0.2568682732771145,0.4280461990362693,0.257360058123012,0.25908370876556264,0.3535377076750752,0.46575160643017743,0.4195837714955213,0.4139933308432766,0.3532098553095987,0.41010898856224254,0.40498552580483294,0.41455429799459664,0.5507607014596549,0.5339978905058025,0.4738539547911047,0.4137535312211007,0.25486995259041056,0.2965291993946526,0.3034486870693388,0.2435952536855871,0.4077080862863073,0.0,0.40520626378284186,1.0,0.2632194701820255,0.3395541621863414,0.40078347101514056,0.23925969274897396,0.4219502713224106,0.2494610700940485,0.4761426664576749,0.42438196861360544,0.25964829388951993,0.2620559791307093,0.2716319304040836,0.47364732806434695,0.4734132454946308,0.25709729625771705,0.29651538366716546
0.2739383961248163,0.2664643993974166,0.20571755260196423,0.41871223723024453,0.24128357171829573,0.26800779185534984,0.26149276293819623,0.41184584413654846,0.27639092453492997,0.42832248451121535,0.27643033803725436,0.391361784602116,0.270572387474905,0.4138351642559197,0.4092385488535464,0.2634299020941263,0.25444011927731414,0.2759775182246442,0.268499057278503,0.2619584544404684,0.2676610467820377,0.262465277418088,0.27053632063556676,0.26016004918103,0.24759581659914254,0.25151758748044517,0.2677880387542011,0.41073586622850733,0.30276224819752173,0.2687848466652737,0.40222349822657,0.25988503659489404,0.0,0.27466141593325955,0.2632194701820255,1.0,0.2545059189895389,0.25577495829243013,0.40642276622884144,0.2657196870004763,0.40891100621571586,0.25663975871824074,0.26279264680302894,0.41654226384203163,0.41746102398528395,0.2881946139712327,0.2585056914181917,0.2581901364438831,0.4115875758512141,0.3058090236445269
0.291474859237852,0.3410330201009699,0.2076071872305396,0.25034946607879016,0.3072988134032366,0.34286484030272313,0.8089708178258227,0.2500045103278299,0.29485363620992266,0.2526861715407407,0.3486415668387751,0.23948233918089057,0.35509472615072457,0.24518844072430868,0.2455784761736587,0.7612239240290986,0.32421116037421494,0.36988105717042774,0.3593800500605996,0.8291928599698547,0.36679363473694115,0.35401312713382327,0.36670225675501267,0.33044069835306455,0.3217888302928674,0.32513740499858956,0.3396248910098233,0.24415685904223294,0.2742091715115057,0.2870583101299814,0.23305020214028882,0.34129299240479904,0.0,0.3374913551290395,0.3395541621863414,0.2545059189895389,1.0,0.33020587515262323,0.2302209082393475,0.33813645597247777,0.23584292360931758,0.3336751540065873,0.34673330798425195,0.24865351091332966,0.248071517076495,0.2559227957724647,0.33196149275418174,0.3330623817938587,0.23866488491627869,0.2833489080439554
0.3095732439728224,0.42286838597716625,0.220569242663592,0.25831470732138184,0.44155514294875886,0.4101265959111744,0.3336756369503592,0.27727747676729186,0.28983847570325416,0.26265981628929047,0.48407847766712686,0.2638081757259886,0.5116231332149712,0.262364946262696,0.25871083665474115,0.33829929451693297,0.3768101054534865,0.45871899280559036,0.45655844969824677,0.33609910496092055,0.47860266261180806,0.48819518253063265,0.49890318518686616,0.38410680628595006,0.3785389476305665,0.38313894052142694,0.5818392782389135,0.2680250140221401,0.29304947539001047,0.29580210625958325,0.24742796482307428,0.49308272756495597,0.0,0.4796281348292576,0.40078347101514056,0.25577495829243013,0.33020587515262323,1.0,0.25093227224830716,0.5182802485293097,0.25173240801664265,0.4087446021426412,0.616606639304655,0.27297459268429813,0.2686922631028892,0.27764080581643724,0.4237697886259325,0.42451889109690777,0.2647254452428398,0.2989184446426084
0.25400243479360163,0.2387619216653244,0.18442431731267628,0.408256812290019,0.24966575937259228,0.2543675861708212,0.2393941206505633,0.410360191521696,0.24878651261353102,0.4235445877831918,0.246625462152415,0.4006824817748943,0.24356527894261393,0.4064833242624678,0.409696461067808,0.23615825892139242,0.22724225579516266,0.24658063453721102,0.2343383650236801,0.23791397260139757,0.2344390998642828,0.23581265656511308,0.24876862487204454,0.2264309514036681,0.22962429504441062,0.22372532121166433,0.23345644431701507,0.4082580405466282,0.27194375725343944,0.24481842191414172,0.38367892980562046,0.23660925986303094,0.0,0.24864090081477797,0.23925969274897396,0.40642276622884144,0.2302209082393475,0.25093227224830716,1.0,0.23601024058121312,0.3891932961196818,0.23727823597898945,0.2402595004893835,0.4139606936065229,0.41924058398748876,0.2590344050897836,0.2364879917192665,0.2366624425340026,0.3938427126257602,0.27592328277705136
0.3094170512360026,0.423236980725596,0.22597702614566062,0.25570268597411194,0.41659899250031385,0.41172205012417307,0.3507179618613848,0.26617653762047455,0.3021099251611815,0.26843020794066275,0.5181631808997207,0.2564220277972138,0.5483660224098275,0.2551108398595785,0.25530391714828626,0.35118824149956374,0.3909967953607075,0.49174578128643,0.48649590097206985,0.3544520615024457,0.5130855727468473,0.5198473434551514,0.5257144026180254,0.39377345625775073,0.37086537521299945,0.39431240602042883,0.5450336612868254,0.2597212612326907,0.2949737825315538,0.3146097200674628,0.24855835502398227,0.5015324419236096,0.0,0.5023791289509416,0.4219502713224106,0.2657196870004763,0.33813645597247777,0.5182802485293097,0.23601024058121312,1.0,0.24925722968412434,0.4251882567042069,0.5464865065284306,0.26483010544833696,0.26516824945782524,0.2836404529278289,0.4427824772360953,0.44294805921078195,0.26247353372800686,0.30743971157707484
