../ecoli_genomes/GCF_000163235.1_ASM16323v1_genomic.fna.gz,../ecoli_genomes/GCF_000164555.1_ASM16455v1_genomic.fna.gz,../ecoli_genomes/GCF_000208545.1_ASM20854v2_genomic.fna.gz,../ecoli_genomes/GCF_000233875.1_ASM23387v1_genomic.fna.gz,../ecoli_genomes/GCF_000249735.1_ASM24973v2_genomic.fna.gz,../ecoli_genomes/GCF_000261145.1_Esch_coli_M919_V2_genomic.fna.gz,../ecoli_genomes/GCF_000267705.2_ASM26770v2_genomic.fna.gz,../ecoli_genomes/GCF_000350665.1_Esch_coli_KTE5_V1_genomic.fna.gz,../ecoli_genomes/GCF_000351625.1_Esch_coli_KTE66_V1_genomic.fna.gz,../ecoli_genomes/GCF_000352285.1_Esch_coli_KTE46_V1_genomic.fna.gz,../ecoli_genomes/GCF_000358895.1_ASM35889v1_genomic.fna.gz,../ecoli_genomes/GCF_000456385.1_Esch_coli_HVH_26_4-5703913_V1_genomic.fna.gz,../ecoli_genomes/GCF_000458195.1_Esch_coli_HVH_147_4-5893887_V1_genomic.fna.gz,../ecoli_genomes/GCF_000459755.1_Esch_coli_KOEGE_58_171a_V1_genomic.fna.gz,../ecoli_genomes/GCF_000460055.1_Esch_coli_UMEA_3053-1_V1_genomic.fna.gz,../ecoli_genomes/GCF_000462165.2_ASM46216v2_genomic.fna.gz,../ecoli_genomes/GCF_000601135.1_ASM60113v1_genomic.fna.gz,../ecoli_genomes/GCF_000614595.1_Ec2010EL1058_genomic.fna.gz,../ecoli_genomes/GCF_000617745.1_Ec2010C-4529_genomic.fna.gz,../ecoli_genomes/GCF_000618265.2_EcF6751_genomic.fna.gz,../ecoli_genomes/GCF_000619005.2_Ec2009C-4052_genomic.fna.gz,../ecoli_genomes/GCF_000619105.1_Ec2009C-4780_genomic.fna.gz,../ecoli_genomes/GCF_000619765.2_Ec2009C-3279_genomic.fna.gz,../ecoli_genomes/GCF_000687005.1_ASM68700v1_genomic.fna.gz,../ecoli_genomes/GCF_000687025.1_ASM68702v1_genomic.fna.gz,../ecoli_genomes/GCF_000700125.1_ASM70012v1_genomic.fna.gz,../ecoli_genomes/GCF_000753315.1_FHI35_genomic.fna.gz,../ecoli_genomes/GCF_000776375.1_ASM77637v1_genomic.fna.gz,../ecoli_genomes/GCF_000779395.1_ASM77939v1_genomic.fna.gz,../ecoli_genomes/GCF_000780315.1_ASM78031v1_genomic.fna.gz,../ecoli_genomes/GCF_000781995.1_ASM78199v1_genomic.fna.gz,../ecoli_genomes/GCF_000986765.1_ASM98676v1_genomic.fna.gz,../ecoli_genomes/GCF_001041375.1_ViralProj287958_genomic.fna.gz,../ecoli_genomes/GCF_001265335.1_302014_genomic.fna.gz,../ecoli_genomes/GCF_001265625.1_100854_genomic.fna.gz,../ecoli_genomes/GCF_001267345.1_303289_genomic.fna.gz,../ecoli_genomes/GCF_001309985.1_ASM130998v1_genomic.fna.gz,../ecoli_genomes/GCF_001521695.1_ASM152169v1_genomic.fna.gz,../ecoli_genomes/GCF_001592595.1_ASM159259v1_genomic.fna.gz,../ecoli_genomes/GCF_001614975.1_ASM161497v1_genomic.fna.gz,../ecoli_genomes/GCF_001692775.1_ASM169277v1_genomic.fna.gz,../ecoli_genomes/GCF_001748915.1_ASM174891v1_genomic.fna.gz,../ecoli_genomes/GCF_001749235.1_ASM174923v1_genomic.fna.gz,../ecoli_genomes/GCF_001881155.1_ASM188115v1_genomic.fna.gz,../ecoli_genomes/GCF_001881345.1_ASM188134v1_genomic.fna.gz,../ecoli_genomes/GCF_001892405.1_ASM189240v1_genomic.fna.gz,../ecoli_genomes/GCF_001892585.1_ASM189258v1_genomic.fna.gz,../ecoli_genomes/GCF_001893985.1_ASM189398v1_genomic.fna.gz,../ecoli_genomes/GCF_002001595.1_ASM200159v1_genomic.fna.gz,../ecoli_genomes/GCF_002002145.1_ASM200214v1_genomic.fna.gz
1.0,0.3808605958144443,0.3202940842505778,0.34191818385571326,0.3475417529954604,0.358276893351292,0.36343621105135493,0.3480291722967197,0.4345247389714657,0.3516507807146486,0.3812443793724183,0.35060611609546055,0.36140190900033375,0.3308980384309471,0.3211549431976116,0.36316335786369114,0.2898764998113331,0.36710727565633694,0.29891545367094796,0.3670036966238416,0.3572225886430176,0.3420540100751125,0.3743732034877345,0.3130453665070031,0.3102522598768218,0.25231703370363046,0.3679861532869225,0.3388639133676993,0.390404818499654,0.4381493039388741,0.31357549284101005,0.3693305628248509,0.0,0.3668248536734551,0.3639161649275101,0.33116527917958516,0.35076680116353487,0.3699377655303394,0.27604092311399,0.38135922351640594,0.31758604830528414,0.3584867440327807,0.37581192149758014,0.34654262448030904,0.3606916045781031,0.3722265869554755,0.36746191208551715,0.36577412765976225,0.32791287486576504,0.3980440155083671
0.3808605958144443,1.0,0.2999156296195997,0.33388670302026513,0.43018272543730185,0.5580141658453903,0.4043357737704787,0.334956794387834,0.35776164984840664,0.339963904711308,0.4757673586587954,0.3381284087750601,0.45387243576051584,0.3241692509877093,0.31804998132937756,0.40263566663084116,0.34113102880835866,0.45995410443849605,0.3689461317024101,0.4081796404159812,0.4512682496015571,0.42910726379558595,0.4645625318226202,0.42518094560211483,0.40729920213089066,0.2736208165989962,0.4671905555251461,0.33196025762527126,0.36094528879793386,0.36275805453966603,0.3128075240419588,0.43705474518364384,0.0,0.4447981563205674,0.5777803351436246,0.32556059582217856,0.3869321574717116,0.469044392471468,0.24124335759221216,0.46915053755222236,0.3173500678336757,0.5066814147921554,0.4698178275967009,0.3438646316944248,0.3429390095641288,0.337802903562593,0.5103499825105196,0.514065453289942,0.3377887892333594,0.3609448325254657
0.3202940842505778,0.2999156296195997,1.0,0.26422003530608196,0.26194390107335386,0.2734801512800501,0.287956745554784,0.2694091948949424,0.3127158115667479,0.27479287206394243,0.3020420825885416,0.26535806081376034,0.2852684653865596,0.26873729897637966,0.2611412114128834,0.2887441711513541,0.1914429230323782,0.2921502726991282,0.23581516097709554,0.29141327576684084,0.2889918157625626,0.27636538306620684,0.29441374097967554,0.2180410689903618,0.20541730119975865,0.15592241487961145,0.29591855541229684,0.2710525647046528,0.3074560903100769,0.31569752410471874,0.25332740502040885,0.26800756282069416,0.0,0.2853415384249238,0.279178900244347,0.2756156587957025,0.2784176901996064,0.2874865274080671,0.2004233051330243,0.29923917980682135,0.257520171243493,0.2877250513209263,0.2999204484070632,0.27536103421610547,0.27018611058116526,0.2913095303760457,0.2898728942824086,0.29099720648088834,0.2776264753941071,0.31340761057338373
0.34191818385571326,0.33388670302026513,0.26422003530608196,1.0,0.3329635988157946,0.3221447318718792,0.31390703207498327,0.5319201033499366,0.34438640336230353,0.5583157909737955,0.32978146596773283,0.5376490058143577,0.3316520755129837,0.5781629816878167,0.5974637611943336,0.3316774126574381,0.2418757464003254,0.3223317154938784,0.2638964122405584,0.31591597241174474,0.31112014266300037,0.29873233544360045,0.3310147539853662,0.2740717904722101,0.2639590480946534,0.2031301482848995,0.3246383197249121,0.5511872620632375,0.3585011107293311,0.34078432623863897,0.5362200225601379,0.33140747446355845,0.0,0.3087049259018858,0.31591704670518883,0.46006017153141643,0.31226116695525186,0.31786727944245574,0.367800369891763,0.318851924405142,0.5577701110488759,0.31643549864477793,0.3239916621373403,0.5547034043849499,0.5454679406930054,0.3488736439409853,0.3159720850073984,0.31705447329812997,0.4915265962600456,0.3674043032222897
0.3475417529954604,0.43018272543730185,0.26194390107335386,0.3329635988157946,1.0,0.4348138307315077,0.36393601192392633,0.329965022332506,0.3506925955799949,0.34113693182385585,0.5199373744439695,0.3108030378939992,0.48808929863038686,0.3123037583752888,0.33279510138730695,0.40094228566995915,0.34718711802611124,0.4362443705622415,0.3593113288628429,0.36849575122586387,0.4499262036896431,0.4146402026635815,0.4533430308120906,0.40443899343813616,0.36108711498392354,0.280009117485698,0.4601460946497088,0.3017593267043498,0.3361822692250962,0.3523985117788815,0.3082159295727408,0.4747135702045514,0.0,0.4514695240108748,0.4293327616884792,0.3033314511669156,0.36903185665238114,0.4768395644836313,0.25717563864307713,0.47354737706496974,0.32938582803093186,0.43243948470220184,0.47544439225173374,0.3095180390580512,0.31742619335721756,0.311551009029576,0.4488768094552176,0.4499435949893157,0.3062569267135604,0.3287240728555908
0.358276893351292,0.5580141658453903,0.2734801512800501,0.3221447318718792,0.4348138307315077,1.0,0.40574770982259845,0.32933092692915433,0.3462263493051687,0.32000450757715504,0.4531678075206501,0.3159970065115355,0.44118857719977755,0.31228424284986744,0.3086800717638696,0.4047152106095103,0.35935678931478365,0.45302919073917247,0.36654502704861935,0.3993450926456047,0.4302900940840294,0.4435133587778183,0.4592629331835203,0.4441868109567987,0.42198462062475073,0.29486621156577664,0.4431720532847545,0.31170990029565515,0.35421677804394747,0.3436337509024475,0.2967655310566335,0.4360824919492948,0.0,0.44724535473301386,0.5593004065398455,0.3184814668139868,0.38230982958728543,0.44176367422362717,0.2560960577506731,0.44697412445367146,0.30357517037096526,0.488552591579575,0.44941402565923994,0.31886621055323594,0.32077920900241597,0.3263664745803715,0.491545150527685,0.4934086200202634,0.3099397399398872,0.3483909886463037
0.36343621105135493,0.4043357737704787,0.287956745554784,0.31390703207498327,0.36393601192392633,0.40574770982259845,1.0,0.3150333356554236,0.3584363329372312,0.31274357578306244,0.4142361433718047,0.30486328758115067,0.3927743949550756,0.30814833189911217,0.3020029981146305,0.7591628734745701,0.2657243985231209,0.43764399536226406,0.35568656178441027,0.8643112472653128,0.4394123212306841,0.4122184630990934,0.4469573535326975,0.3090918003295213,0.2865061677090781,0.21796677646235574,0.41499012300560734,0.30825344998413384,0.34761375707495346,0.3546644291231845,0.2903621837848347,0.37456391430626834,0.0,0.4081809038366424,0.41481340712714343,0.33034940653827105,0.7896012893888896,0.3826324081452921,0.24369723827336076,0.4098441681141065,0.28906274067895954,0.4026414943452209,0.409613705503193,0.31474612958743364,0.31594361549261296,0.32881426397615743,0.3892050242065108,0.3914400999829605,0.30651649885285714,0.35414611052742384
0.3480291722967197,0.334956794387834,0.2694091948949424,0.5319201033499366,0.329965022332506,0.32933092692915433,0.3150333356554236,1.0,0.33991851614857593,0.537162629105486,0.33266049268612097,0.5110549615097273,0.3326322577619357,0.5155788032716141,0.5057069888645873,0.3250777194564326,0.2578336148323842,0.32306646133912176,0.26481062914174724,0.3172421897997856,0.3145016188872328,0.30031835993332345,0.32671965939077197,0.2939079259664138,0.2753411707418151,0.22312802173535373,0.3273426803156888,0.6945219047113882,0.3683681696480965,0.33938501064994997,0.49772324201254503,0.32448793707270496,0.0,0.3192220098937868,0.3190298020761123,0.449778685956024,0.30747731367301523,0.3413591288873815,0.37209473714029284,0.3337522454419143,0.508456914653084,0.32227266053283565,0.33289066571512216,0.6992806383387211,0.6736639382127605,0.3505701965625596,0.3192080960958025,0.3189532366775788,0.4887236975596575,0.3643230137889161
0.4345247389714657,0.35776164984840664,0.3127158115667479,0.34438640336230353,0.3506925955799949,0.3462263493051687,0.3584363329372312,0.33991851614857593,1.0,0.3585339806005262,0.3718977986714249,0.3186662256653203,0.36648626089746184,0.3339929884745193,0.3373489422453573,0.3722172358339422,0.23927436878162345,0.359001679428977,0.2881642891648102,0.36414929582024747,0.3503446316724088,0.3357835442680095,0.362409846476097,0.2831888672455277,0.254574787695541,0.19497968821614053,0.36935024881451006,0.3290213827473709,0.3898613079321356,0.4705436000191551,0.32424018925718834,0.34020822716056665,0.0,0.34852874656570554,0.34719488813026844,0.3381347006528004,0.35258875886169816,0.35337113768514616,0.24135580909442456,0.3671026273122421,0.3277866666725493,0.35549224051457196,0.373208076299704,0.32874825419207854,0.3233455430205646,0.3602415033933001,0.34890637587783535,0.3502514540520564,0.32555977818132065,0.39884774708809856
0.3516507807146486,0.339963904711308,0.27479287206394243,0.5583157909737955,0.34113693182385585,0.32000450757715504,0.31274357578306244,0.537162629105486,0.3585339806005262,1.0,0.34390494354871115,0.5109710581435788,0.3456444500472504,0.5440853548773974,0.5410055125361926,0.3338079359661493,0.2207886999390336,0.3264122170182696,0.2657849958981263,0.3181421387975012,0.31487609744751865,0.30111178521929927,0.3255469753262721,0.26013182546021885,0.24543968090913781,0.18649794147181786,0.3342024954883328,0.536121096572721,0.37020726379462465,0.3497344609592329,0.5480527822335675,0.3180782395407148,0.0,0.31480228201679983,0.3162537512496273,0.4692704980687027,0.3105577751295062,0.32791939028749384,0.361113559536393,0.3326474334431885,0.5589628362104562,0.3207973616970847,0.329536003740028,0.5348086156290676,0.537344468157592,0.3492091971661211,0.3185842831367721,0.31982174069229974,0.5079902625991455,0.36750961083304934
0.3812443793724183,0.4757673586587954,0.3020420825885416,0.32978146596773283,0.5199373744439695,0.4531678075206501,0.4142361433718047,0.33266049268612097,0.3718977986714249,0.34390494354871115,1.0,0.3233037927265672,0.5454815627193166,0.3316099617739041,0.3245301674652885,0.41697223431486785,0.3021919229686755,0.5247176111087468,0.41645900837735894,0.42049410751722327,0.5233306462206831,0.5082222440185277,0.5375933420689886,0.3559722362684543,0.3197901839334655,0.25162387913960826,0.5467006143574268,0.33221587438435374,0.3624598353797832,0.37297559874131825,0.3189020236708744,0.46666566909715146,0.0,0.51554907392034,0.47492585471854076,0.34501490011870817,0.3990972767853348,0.5181386996465611,0.25201080261424447,0.5620054959334542,0.3203352844057076,0.4896870341112547,0.548061061998697,0.33248939656967436,0.333761799591637,0.34224617450437556,0.4793554832000444,0.48186988669180375,0.3351647985598427,0.3692412833057249
0.35060611609546055,0.3381284087750601,0.26535806081376034,0.5376490058143577,0.3108030378939992,0.3159970065115355,0.30486328758115067,0.5110549615097273,0.3186662256653203,0.5109710581435788,0.3233037927265672,1.0,0.3167721878198194,0.5209117760702919,0.6019933246679041,0.312362461350841,0.26126588649826676,0.3118083039727245,0.2615743729726139,0.3056257925754756,0.30830850260831866,0.2957089261242748,0.32084983279957147,0.29251365641346105,0.279543499241371,0.23542261771378015,0.31495943548463545,0.5091162091597369,0.3740306854795725,0.33014412624856015,0.46577595480572287,0.3192810266299839,0.0,0.3124776828966864,0.3159335595494033,0.4390421049783212,0.2966664477795684,0.32162488467341943,0.37624771585610517,0.32411483668831054,0.48668567065053614,0.31241548011447484,0.3227576685858311,0.5244628291224608,0.526468196683317,0.35058853948841484,0.31995749238020565,0.31944949072157247,0.46444810788807256,0.3581361302401266
0.36140190900033375,0.45387243576051584,0.2852684653865596,0.3316520755129837,0.48808929863038686,0.44118857719977755,0.3927743949550756,0.3326322577619357,0.36648626089746184,0.3456444500472504,0.5454815627193166,0.3167721878198194,1.0,0.3225672863561797,0.33357193212676295,0.41097570066246947,0.29326612125068474,0.5160306786684119,0.5332543198371945,0.39818638908259296,0.5225912126826475,0.5857745843793065,0.5676856189540502,0.35446437514311435,0.3144253859151279,0.24297306574864475,0.5571188170356876,0.3183329093118169,0.34568023544898296,0.3754444369889477,0.31305749682279904,0.5273881719908096,0.0,0.5465505519841568,0.4532970560450438,0.3233839826592708,0.3877904828662555,0.5179292197461018,0.2403422852799928,0.5623146600738583,0.32284151135294004,0.4605730363355104,0.5438851968073755,0.3181916095196339,0.3173625897438451,0.32674734349800916,0.4547553476781042,0.4575250143639793,0.31797426676596485,0.35303644686957636
0.3308980384309471,0.3241692509877093,0.26873729897637966,0.5781629816878167,0.3123037583752888,0.31228424284986744,0.30814833189911217,0.5155788032716141,0.3339929884745193,0.5440853548773974,0.3316099617739041,0.5209117760702919,0.3225672863561797,1.0,0.5769335574079932,0.31565419379663706,0.21196793197267094,0.32015024717880336,0.26191647206395585,0.312220139305589,0.3072685405177862,0.29950855785180863,0.32402361091736376,0.24108082246146156,0.2295137574201047,0.17494918492951161,0.3262011371465362,0.5495081987088677,0.3680008418872486,0.33171333701531636,0.5178568958496145,0.3068159373090946,0.0,0.3050644131980601,0.3081775396807527,0.45621200252245275,0.30157802848852766,0.3206491044324433,0.35043325697471395,0.32161591594373207,0.531979251424835,0.31316916047189847,0.32640336778079504,0.5406820828424602,0.5313806418014857,0.34662872365730424,0.3107371097731815,0.3126267703766763,0.4950887735459284,0.3694762591668531
0.3211549431976116,0.31804998132937756,0.2611412114128834,0.5974637611943336,0.33279510138730695,0.3086800717638696,0.3020029981146305,0.5057069888645873,0.3373489422453573,0.5410055125361926,0.3245301674652885,0.6019933246679041,0.33357193212676295,0.5769335574079932,1.0,0.32523248182912134,0.21753099542403742,0.31192715057039133,0.25691308947538627,0.30612003611123106,0.30212542952033183,0.29349787283855033,0.31926703118187183,0.252666271385687,0.23476507874454589,0.18276467774901062,0.3184585552455814,0.5172442186021713,0.3559338292583826,0.3329139286102991,0.5247372385321869,0.31593115069034183,0.0,0.30083285653363445,0.3067459367604729,0.44673228273028853,0.3036959674568498,0.31140823280104923,0.346773635541315,0.3140285736303857,0.5429203407778787,0.30781140012204444,0.3203663011010436,0.5103203789001087,0.5033961846317248,0.33905895038227873,0.31066517806856664,0.3126573013620222,0.4736073267904425,0.3680329658358904
0.36316335786369114,0.40263566663084116,0.2887441711513541,0.3316774126574381,0.40094228566995915,0.4047152106095103,0.7591628734745701,0.3250777194564326,0.3722172358339422,0.3338079359661493,0.41697223431486785,0.312362461350841,0.41097570066246947,0.31565419379663706,0.32523248182912134,1.0,0.27183795541321976,0.4228081992268725,0.35466119159131737,0.770195506842347,0.421078016370267,0.4059640037848362,0.43408678001141654,0.3206911053341216,0.2982468796973311,0.2324818394439433,0.4093573652442546,0.31310650399231954,0.3489841882186052,0.3722517314723437,0.3045046305419332,0.3901265493722593,0.0,0.40267419479056343,0.41007050616144725,0.3293373706584092,0.7652420078045373,0.38450771473646705,0.2418081585456695,0.4053262411975048,0.31062329981823966,0.4007967207625721,0.40698933626247735,0.31375592183792367,0.3177012454855358,0.3311227861143682,0.39339589897751603,0.39564147533585803,0.31232022392590897,0.3524325321477736
0.2898764998113331,0.34113102880835866,0.1914429230323782,0.2418757464003254,0.34718711802611124,0.35935678931478365,0.2657243985231209,0.2578336148323842,0.23927436878162345,0.2207886999390336,0.3021919229686755,0.26126588649826676,0.29326612125068474,0.21196793197267094,0.21753099542403742,0.27183795541321976,1.0,0.2905731295749219,0.23744158196238063,0.26643201801034067,0.28906373538005004,0.2825699868005934,0.30549279852726896,0.5997006530924629,0.6250419620393352,0.5754058988387076,0.2937770650391466,0.21545058607131917,0.2477394467070636,0.2437771966453206,0.2042446512964684,0.42912742955502803,0.0,0.33162085487936366,0.361012100863775,0.21954241199029678,0.261102410182517,0.2963335887381342,0.3733972088126385,0.324419927367532,0.20887673085126268,0.3215729562963219,0.2951304067073952,0.2623432515032519,0.2676475994763827,0.2508428246904715,0.38704421713956705,0.3673597495352545,0.208390187409221,0.2397445335966285
0.36710727565633694,0.45995410443849605,0.2921502726991282,0.3223317154938784,0.4362443705622415,0.45302919073917247,0.43764399536226406,0.32306646133912176,0.359001679428977,0.3264122170182696,0.5247176111087468,0.3118083039727245,0.5160306786684119,0.32015024717880336,0.31192715057039133,0.4228081992268725,0.2905731295749219,1.0,0.46200064261311546,0.4394830249239171,0.5511403471089528,0.525132450136446,0.5598981795673847,0.3408349732909224,0.31116719598826104,0.23761420281085166,0.5340086171605203,0.3184194633084718,0.35376944157746226,0.3672900932731499,0.30701042050723315,0.4633630395535455,0.0,0.5116919883850879,0.46058037050933887,0.34532869883244166,0.42010999173437213,0.48637231071691756,0.24803426194133826,0.5336385538411634,0.3046205473980197,0.46768767815541423,0.5228153421357812,0.31922543316501784,0.31745655052387534,0.33177620225535254,0.4631110285360869,0.46531407907954425,0.3158795923531472,0.3624889480817398
0.29891545367094796,0.3689461317024101,0.23581516097709554,0.2638964122405584,0.3593113288628429,0.36654502704861935,0.35568656178441027,0.26481062914174724,0.2881642891648102,0.2657849958981263,0.41645900837735894,0.2615743729726139,0.5332543198371945,0.26191647206395585,0.25691308947538627,0.35466119159131737,0.23744158196238063,0.46200064261311546,1.0,0.35499183358250597,0.44894555370013045,0.536615455864528,0.45665658817988497,0.2774382186620461,0.2571608580514547,0.1958224528086504,0.43446260909500745,0.2588026306213119,0.2834993554204711,0.29451661854821953,0.2488921880370002,0.456898032139451,0.0,0.4226162863659537,0.3758437470701441,0.2740589829453416,0.34890425695458804,0.40508763869832787,0.19953823616287658,0.43652861568815404,0.24984169611471696,0.3753745034424365,0.4272549264259816,0.2613510878762839,0.260380411826747,0.27105256892184326,0.36633029711850573,0.3691087569620639,0.25755750923215903,0.2882031021069613
0.3670036966238416,0.4081796404159812,0.29141327576684084,0.31591597241174474,0.36849575122586387,0.3993450926456047,0.8643112472653128,0.3172421897997856,0.36414929582024747,0.3181421387975012,0.42049410751722327,0.3056257925754756,0.39818638908259296,0.312220139305589,0.30612003611123106,0.770195506842347,0.26643201801034067,0.4394830249239171,0.35499183358250597,1.0,0.4422556566558059,0.40848652610580294,0.4469063821042889,0.31009632955831057,0.2882266214230307,0.21957119936043556,0.4189909749774716,0.3122016683147506,0.35001058468484103,0.3588984640994435,0.29389211732558684,0.3777881023021723,0.0,0.409513643697887,0.4160537206321995,0.32982484386954714,0.8058558590768666,0.3878564944781844,0.24260670703674014,0.4161889657213559,0.292965425534488,0.4075065072913744,0.41519987837717287,0.3148844312445357,0.3148922871317117,0.333160531781022,0.3949667693606852,0.3970991412752306,0.3112414091314233,0.35920262564246574
0.3572225886430176,0.4512682496015571,0.2889918157625626,0.31112014266300037,0.4499262036896431,0.4302900940840294,0.4394123212306841,0.3145016188872328,0.3503446316724088,0.31487609744751865,0.5233306462206831,0.30830850260831866,0.5225912126826475,0.3072685405177862,0.30212542952033183,0.421078016370267,0.28906373538005004,0.5511403471089528,0.44894555370013045,0.4422556566558059,1.0,0.52768359000403,0.5720340874453883,0.33430718309866714,0.3087732603099822,0.24258654008353198,0.5386676863355582,0.3144256752986041,0.3400917750843002,0.3587469063934129,0.2944940612807949,0.47390678020112875,0.0,0.5325173367061373,0.4535774893254032,0.3351388512642487,0.41957988118250933,0.5011169401866262,0.24507996268424126,0.5404196333960379,0.29954888442706384,0.4496337300609152,0.5316493283630448,0.31630060807592975,0.3195594279152494,0.32844103831055116,0.45483249642953705,0.45682354482435494,0.31230357853210655,0.35069030930529976
0.3420540100751125,0.42910726379558595,0.27636538306620684,0.29873233544360045,0.4146402026635815,0.4435133587778183,0.4122184630990934,0.30031835993332345,0.3357835442680095,0.30111178521929927,0.5082222440185277,0.2957089261242748,0.5857745843793065,0.29950855785180863,0.29349787283855033,0.4059640037848362,0.2825699868005934,0.525132450136446,0.536615455864528,0.40848652610580294,0.52768359000403,1.0,0.6906812898758201,0.31670299437492644,0.2934812331430048,0.22801753761136512,0.5268818418908323,0.2990372209970523,0.3281190769446918,0.3388315487756517,0.2861337978328251,0.4898337894750482,0.0,0.6201426790177973,0.42956786944242464,0.3137676049627993,0.392076053402578,0.48985019327326795,0.2304974358495563,0.5319280523296264,0.2830983835590438,0.4338873980561959,0.5249527313788375,0.3010454342106461,0.2974947787845791,0.3148590656365603,0.42949205200772467,0.431470416313399,0.2992032583298717,0.3380817263613495
0.3743732034877345,0.4645625318226202,0.29441374097967554,0.3310147539853662,0.4533430308120906,0.4592629331835203,0.4469573535326975,0.32671965939077197,0.362409846476097,0.3255469753262721,0.5375933420689886,0.32084983279957147,0.5676856189540502,0.32402361091736376,0.31926703118187183,0.43408678001141654,0.30549279852726896,0.5598981795673847,0.45665658817988497,0.4469063821042889,0.5720340874453883,0.6906812898758201,1.0,0.34249097037733944,0.3190115001197775,0.24317580274120554,0.5692775040262805,0.3253897131706801,0.35663656211093897,0.36134852184444044,0.3084493343219403,0.5016076031046521,0.0,0.6573076175672352,0.4647702254641013,0.3416626101543794,0.42605753067416385,0.5163424949993674,0.2530158229095071,0.559469079650369,0.30850710194464326,0.4647491247469303,0.5523099937971196,0.325931328930814,0.32600823688642677,0.33657590470566934,0.459843840063875,0.4626736760864738,0.3212022951589394,0.3614995457639182
0.3130453665070031,0.42518094560211483,0.2180410689903618,0.2740717904722101,0.40443899343813616,0.4441868109567987,0.3090918003295213,0.2939079259664138,0.2831888672455277,0.26013182546021885,0.3559722362684543,0.29251365641346105,0.35446437514311435,0.24108082246146156,0.252666271385687,0.3206911053341216,0.5997006530924629,0.3408349732909224,0.2774382186620461,0.31009632955831057,0.33430718309866714,0.31670299437492644,0.34249097037733944,1.0,0.6189754111191748,0.495982583928966,0.3450490848417219,0.2423921884088942,0.27984981429017397,0.2862033382299717,0.2356733215078881,0.43140312030628114,0.0,0.36060906775779467,0.45626843842070397,0.246279641529369,0.3037193411953816,0.3465539900500175,0.3168801318426592,0.3631388783403201,0.2475883719620372,0.37957339379217137,0.34170373031288237,0.288604835252691,0.2884500589153778,0.2796816727025718,0.40843712115389863,0.3976112603804556,0.23893777434925711,0.2754918830115335
0.3102522598768218,0.40729920213089066,0.20541730119975865,0.2639590480946534,0.36108711498392354,0.42198462062475073,0.2865061677090781,0.2753411707418151,0.254574787695541,0.24543968090913781,0.3197901839334655,0.279543499241371,0.3144253859151279,0.2295137574201047,0.23476507874454589,0.2982468796973311,0.6250419620393352,0.31116719598826104,0.2571608580514547,0.2882266214230307,0.3087732603099822,0.2934812331430048,0.3190115001197775,0.6189754111191748,1.0,0.5840113615241271,0.3141412305612421,0.22518444696383166,0.2548139210026562,0.2587899384231712,0.22135608719142796,0.44714999757883833,0.0,0.34038822261692636,0.43067773396597797,0.22813609897479803,0.2842847624734828,0.32893234547715233,0.36134074154356743,0.3433848611244875,0.2275593085903106,0.34384581646336887,0.32091838785489724,0.28519078587235847,0.2856445763808847,0.27444887940546814,0.40092510105812684,0.38331906224072154,0.23221326214673865,0.25493081894451397
0.25231703370363046,0.2736208165989962,0.15592241487961145,0.2031301482848995,0.280009117485698,0.29486621156577664,0.21796677646235574,0.22312802173535373,0.19497968821614053,0.18649794147181786,0.25162387913960826,0.23542261771378015,0.24297306574864475,0.17494918492951161,0.18276467774901062,0.2324818394439433,0.5754058988387076,0.23761420281085166,0.1958224528086504,0.21957119936043556,0.24258654008353198,0.22801753761136512,0.24317580274120554,0.495982583928966,0.5840113615241271,1.0,0.23994603742509235,0.17266011718436525,0.18676010574676383,0.204593206100383,0.17258985925623438,0.3391057817029387,0.0,0.2707223433749202,0.3027896889606748,0.17571606274761198,0.21396635904109218,0.24895223878746253,0.3548625069212912,0.27495527833561584,0.17522390344393712,0.2671828097411796,0.2420581426317462,0.23260206163763875,0.23185285159168445,0.21050424321637207,0.32810316174218646,0.3092100193892502,0.17816048789917094,0.19529833043812717
0.3679861532869225,0.4671905555251461,0.29591855541229684,0.3246383197249121,0.4601460946497088,0.4431720532847545,0.41499012300560734,0.3273426803156888,0.36935024881451006,0.3342024954883328,0.5467006143574268,0.31495943548463545,0.5571188170356876,0.3262011371465362,0.3184585552455814,0.4093573652442546,0.2937770650391466,0.5340086171605203,0.43446260909500745,0.4189909749774716,0.5386676863355582,0.5268818418908323,0.5692775040262805,0.3450490848417219,0.3141412305612421,0.23994603742509235,1.0,0.3220607046673799,0.3584197791226489,0.3653926228556177,0.3095558761994367,0.4937413376980828,0.0,0.5304332710533682,0.46152253851608516,0.33383967659559566,0.3986329561506955,0.5948006632921577,0.23769642577259198,0.5747395875754705,0.31176486789732827,0.4648077738614166,0.6367451377662705,0.3294177209577136,0.3206959531267308,0.3406650553425443,0.4575281944371974,0.460195309432162,0.3258804646257353,0.3646527347334272
0.3388639133676993,0.33196025762527126,0.2710525647046528,0.5511872620632375,0.3017593267043498,0.31170990029565515,0.30825344998413384,0.6945219047113882,0.3290213827473709,0.536121096572721,0.33221587438435374,0.5091162091597369,0.3183329093118169,0.5495081987088677,0.5172442186021713,0.31310650399231954,0.21545058607131917,0.3184194633084718,0.2588026306213119,0.3122016683147506,0.3144256752986041,0.2990372209970523,0.3253897131706801,0.2423921884088942,0.22518444696383166,0.17266011718436525,0.3220607046673799,1.0,0.37084299087647443,0.3314191505399058,0.5063320446245343,0.30315484576397655,0.0,0.3081126193718621,0.30885729226578373,0.45461495000211105,0.300549602179087,0.33096372100652216,0.35772095866466935,0.32208758406350046,0.5125688518117119,0.3156839685302283,0.3212927241934035,0.7844805367084575,0.754936559937119,0.34235813009483607,0.3117054736790771,0.3130432138690543,0.5040172931247321,0.36041240454253054
0.390404818499654,0.36094528879793386,0.3074560903100769,0.3585011107293311,0.3361822692250962,0.35421677804394747,0.34761375707495346,0.3683681696480965,0.3898613079321356,0.37020726379462465,0.3624598353797832,0.3740306854795725,0.34568023544898296,0.3680008418872486,0.3559338292583826,0.3489841882186052,0.2477394467070636,0.35376944157746226,0.2834993554204711,0.35001058468484103,0.3400917750843002,0.3281190769446918,0.35663656211093897,0.27984981429017397,0.2548139210026562,0.18676010574676383,0.3584197791226489,0.37084299087647443,1.0,0.38043967445787485,0.3437877482985605,0.342439662323032,0.0,0.34771344742501176,0.3412355195355319,0.36318268544612076,0.33640218486130813,0.3520556305804765,0.26467259607942417,0.3556805678194548,0.3389359647492334,0.3451461237172434,0.35286905793169876,0.3639888863517382,0.36665783652245143,0.43342913772267166,0.34400869091168973,0.3449152898411636,0.35332572888630265,0.6260137884150749
0.4381493039388741,0.36275805453966603,0.31569752410471874,0.34078432623863897,0.3523985117788815,0.3436337509024475,0.3546644291231845,0.33938501064994997,0.4705436000191551,0.3497344609592329,0.37297559874131825,0.33014412624856015,0.3754444369889477,0.33171333701531636,0.3329139286102991,0.3722517314723437,0.2437771966453206,0.3672900932731499,0.29451661854821953,0.3588984640994435,0.3587469063934129,0.3388315487756517,0.36134852184444044,0.2862033382299717,0.2587899384231712,0.204593206100383,0.3653926228556177,0.3314191505399058,0.38043967445787485,1.0,0.32340779391243246,0.3385333350733679,0.0,0.3476211637486455,0.35058303721633843,0.33378699066072637,0.3511633527629926,0.35414383449893516,0.24642448834189867,0.37684841709474703,0.33066960130053935,0.3579259741286601,0.369306863540636,0.3326498279775988,0.32834731109515036,0.37233841938299017,0.35677008400712706,0.3580072308185025,0.32697774055047557,0.3969952870911101
0.31357549284101005,0.3128075240419588,0.25332740502040885,0.5362200225601379,0.3082159295727408,0.2967655310566335,0.2903621837848347,0.49772324201254503,0.32424018925718834,0.5480527822335675,0.3189020236708744,0.46577595480572287,0.31305749682279904,0.5178568958496145,0.5247372385321869,0.3045046305419332,0.2042446512964684,0.30701042050723315,0.2488921880370002,0.29389211732558684,0.2944940612807949,0.2861337978328251,0.3084493343219403,0.2356733215078881,0.22135608719142796,0.17258985925623438,0.3095558761994367,0.5063320446245343,0.3437877482985605,0.32340779391243246,1.0,0.29510209919358255,0.0,0.2935421273671197,0.29443420575976453,0.4389531760447217,0.28762604171089423,0.3051925781982524,0.33273533915850484,0.3122616183397373,0.6474717175431912,0.2999786948396951,0.3092464829875746,0.5018683166044793,0.49358753341361794,0.3294557822080191,0.30157927144259455,0.3040493457105685,0.4717104456922716,0.3415734265377812
0.3693305628248509,0.43705474518364384,0.26800756282069416,0.33140747446355845,0.4747135702045514,0.4360824919492948,0.37456391430626834,0.32448793707270496,0.34020822716056665,0.3180782395407148,0.46666566909715146,0.3192810266299839,0.5273881719908096,0.3068159373090946,0.31593115069034183,0.3901265493722593,0.42912742955502803,0.4633630395535455,0.456898032139451,0.3777881023021723,0.47390678020112875,0.4898337894750482,0.5016076031046521,0.43140312030628114,0.44714999757883833,0.3391057817029387,0.4937413376980828,0.30315484576397655,0.342439662323032,0.3385333350733679,0.29510209919358255,1.0,0.0,0.4942476582033083,0.4336374237272702,0.30123952378241947,0.37842535562788393,0.48550903908025467,0.28993637622171187,0.5093880203829908,0.299372247453627,0.42261512496734643,0.49964082705604174,0.3164787708012967,0.32620522018986486,0.32200624376125964,0.4538540253195853,0.44790763280018586,0.2911533272749042,0.3305997615557863
0.0,0.0,0.0,0.0,0.0,0.0,0.0,0.0,0.0,0.0,0.0,0.0,0.0,0.0,0.0,0.0,0.0,0.0,0.0,0.0,0.0,0.0,0.0,0.0,0.0,0.0,0.0,0.0,0.0,0.0,0.0,0.0,1.0,0.0,0.0,0.0,0.0,0.0,0.0,0.0,0.0,0.0,0.0,0.0,0.0,0.0,0.0,0.0,0.0,0.0
0.3668248536734551,0.4447981563205674,0.2853415384249238,0.3087049259018858,0.4514695240108748,0.44724535473301386,0.4081809038366424,0.3192220098937868,0.34852874656570554,0.31480228201679983,0.51554907392034,0.3124776828966864,0.5465505519841568,0.3050644131980601,0.30083285653363445,0.40267419479056343,0.33162085487936366,0.5116919883850879,0.4226162863659537,0.409513643697887,0.5325173367061373,0.6201426790177973,0.6573076175672352,0.36060906775779467,0.34038822261692636,0.2707223433749202,0.5304332710533682,0.3081126193718621,0.34771344742501176,0.3476211637486455,0.2935421273671197,0.4942476582033083,0.0,1.0,0.45556947393181,0.33950738137812386,0.3920485229718752,0.5042271676328929,0.27177124681482756,0.5439427633503076,0.29407685082398516,0.4496138136412159,0.5362432070298071,0.3159305011241291,0.3196993131250101,0.32425874922836706,0.4524628314565945,0.4536552120074171,0.30502174988971886,0.3481047196298369
0.3639161649275101,0.5777803351436246,0.279178900244347,0.31591704670518883,0.4293327616884792,0.5593004065398455,0.41481340712714343,0.3190298020761123,0.34719488813026844,0.3162537512496273,0.47492585471854076,0.3159335595494033,0.4532970560450438,0.3081775396807527,0.3067459367604729,0.41007050616144725,0.361012100863775,0.46058037050933887,0.3758437470701441,0.4160537206321995,0.4535774893254032,0.42956786944242464,0.4647702254641013,0.45626843842070397,0.43067773396597797,0.3027896889606748,0.46152253851608516,0.30885729226578373,0.3412355195355319,0.35058303721633843,0.29443420575976453,0.4336374237272702,0.0,0.45556947393181,1.0,0.322024695254841,0.3979114039994279,0.4397380531890458,0.2551188164273889,0.4655615816827334,0.2959167966357966,0.5059907675840619,0.46678592923031914,0.3130942491530233,0.3164112024790322,0.32538096933879046,0.49630534231268797,0.49751652509421185,0.3078471786250824,0.34297797382843653
0.33116527917958516,0.32556059582217856,0.2756156587957025,0.46006017153141643,0.3033314511669156,0.3184814668139868,0.33034940653827105,0.449778685956024,0.3381347006528004,0.4692704980687027,0.34501490011870817,0.4390421049783212,0.3233839826592708,0.45621200252245275,0.44673228273028853,0.3293373706584092,0.21954241199029678,0.34532869883244166,0.2740589829453416,0.32982484386954714,0.3351388512642487,0.3137676049627993,0.3416626101543794,0.246279641529369,0.22813609897479803,0.17571606274761198,0.33383967659559566,0.45461495000211105,0.36318268544612076,0.33378699066072637,0.4389531760447217,0.30123952378241947,0.0,0.33950738137812386,0.322024695254841,1.0,0.31575686399202263,0.3169186430894536,0.35008877059544763,0.33410940689578383,0.4417532473670617,0.32330357581527236,0.33060138986755594,0.4582213208041591,0.4594775167237338,0.3378428780364541,0.3134986061828742,0.31498607215098695,0.45539440960331734,0.3659375162194125
0.35076680116353487,0.3869321574717116,0.2784176901996064,0.31226116695525186,0.36903185665238114,0.38230982958728543,0.7896012893888896,0.30747731367301523,0.35258875886169816,0.3105577751295062,0.3990972767853348,0.2966664477795684,0.3877904828662555,0.30157802848852766,0.3036959674568498,0.7652420078045373,0.261102410182517,0.42010999173437213,0.34890425695458804,0.8058558590768666,0.41957988118250933,0.392076053402578,0.42605753067416385,0.3037193411953816,0.2842847624734828,0.21396635904109218,0.3986329561506955,0.300549602179087,0.33640218486130813,0.3511633527629926,0.28762604171089423,0.37842535562788393,0.0,0.3920485229718752,0.3979114039994279,0.31575686399202263,1.0,0.3679031021766229,0.23314036581806807,0.39115192515565433,0.28753477110702497,0.3865375198843203,0.39659409375113686,0.3016704861053906,0.3016211940006045,0.3158895003167389,0.3757503690364249,0.3780046459380384,0.2950330059173608,0.3412716259451044
0.3699377655303394,0.469044392471468,0.2874865274080671,0.31786727944245574,0.4768395644836313,0.44176367422362717,0.3826324081452921,0.3413591288873815,0.35337113768514616,0.32791939028749384,0.5181386996465611,0.32162488467341943,0.5179292197461018,0.3206491044324433,0.31140823280104923,0.38450771473646705,0.2963335887381342,0.48637231071691756,0.40508763869832787,0.3878564944781844,0.5011169401866262,0.48985019327326795,0.5163424949993674,0.3465539900500175,0.32893234547715233,0.24895223878746253,0.5948006632921577,0.33096372100652216,0.3520556305804765,0.35414383449893516,0.3051925781982524,0.48550903908025467,0.0,0.5042271676328929,0.4397380531890458,0.3169186430894536,0.3679031021766229,1.0,0.24361964360918897,0.5486645450822745,0.30875274691642807,0.45125339662679764,0.6279338202107282,0.3416615224131424,0.32840678509731225,0.3332240619208534,0.45828306877719027,0.4616760664597076,0.32802037053784516,0.3520760025383649
0.27604092311399,0.24124335759221216,0.2004233051330243,0.367800369891763,0.25717563864307713,0.2560960577506731,0.24369723827336076,0.37209473714029284,0.24135580909442456,0.361113559536393,0.25201080261424447,0.37624771585610517,0.2403422852799928,0.35043325697471395,0.346773635541315,0.2418081585456695,0.3733972088126385,0.24803426194133826,0.19953823616287658,0.24260670703674014,0.24507996268424126,0.2304974358495563,0.2530158229095071,0.3168801318426592,0.36134074154356743,0.3548625069212912,0.23769642577259198,0.35772095866466935,0.26467259607942417,0.24642448834189867,0.33273533915850484,0.28993637622171187,0.0,0.27177124681482756,0.2551188164273889,0.35008877059544763,0.23314036581806807,0.24361964360918897,1.0,0.26456714103762,0.3402425098327936,0.24595038773113542,0.24703587285334094,0.37802461502449547,0.3917675260834401,0.26951004714704163,0.2877896754513385,0.27136412311267266,0.35118814109503715,0.26062283923347307
0.38135922351640594,0.46915053755222236,0.29923917980682135,0.318851924405142,0.47354737706496974,0.44697412445367146,0.4098441681141065,0.3337522454419143,0.3671026273122421,0.3326474334431885,0.5620054959334542,0.32411483668831054,0.5623146600738583,0.32161591594373207,0.3140285736303857,0.4053262411975048,0.324419927367532,0.5336385538411634,0.43652861568815404,0.4161889657213559,0.5404196333960379,0.5319280523296264,0.559469079650369,0.3631388783403201,0.3433848611244875,0.27495527833561584,0.5747395875754705,0.32208758406350046,0.3556805678194548,0.37684841709474703,0.3122616183397373,0.5093880203829908,0.0,0.5439427633503076,0.4655615816827334,0.33410940689578383,0.39115192515565433,0.5486645450822745,0.26456714103762,1.0,0.3104606541540421,0.47291657876487936,0.578632228465541,0.3294064198828909,0.3321705200103775,0.34971212640977,0.4911930566434467,0.4925536427915691,0.32452197799135907,0.372808712499357
