../ecoli_genomes/GCF_000163235.1_ASM16323v1_genomic.fna.gz,../ecoli_genomes/GCF_000164555.1_ASM16455v1_genomic.fna.gz,../ecoli_genomes/GCF_000208545.1_ASM20854v2_genomic.fna.gz,../ecoli_genomes/GCF_000233875.1_ASM23387v1_genomic.fna.gz,../ecoli_genomes/GCF_000249735.1_ASM24973v2_genomic.fna.gz,../ecoli_genomes/GCF_000261145.1_Esch_coli_M919_V2_genomic.fna.gz,../ecoli_genomes/GCF_000267705.2_ASM26770v2_genomic.fna.gz,../ecoli_genomes/GCF_000350665.1_Esch_coli_KTE5_V1_genomic.fna.gz,../ecoli_genomes/GCF_000351625.1_Esch_coli_KTE66_V1_genomic.fna.gz,../ecoli_genomes/GCF_000352285.1_Esch_coli_KTE46_V1_genomic.fna.gz,../ecoli_genomes/GCF_000358895.1_ASM35889v1_genomic.fna.gz,../ecoli_genomes/GCF_000456385.1_Esch_coli_HVH_26_4-5703913_V1_genomic.fna.gz,../ecoli_genomes/GCF_000458195.1_Esch_coli_HVH_147_4-5893887_V1_genomic.fna.gz,../ecoli_genomes/GCF_000459755.1_Esch_coli_KOEGE_58_171a_V1_genomic.fna.gz,../ecoli_genomes/GCF_000460055.1_Esch_coli_UMEA_3053-1_V1_genomic.fna.gz,../ecoli_genomes/GCF_000462165.2_ASM46216v2_genomic.fna.gz,../ecoli_genomes/GCF_000601135.1_ASM60113v1_genomic.fna.gz,../ecoli_genomes/GCF_000614595.1_Ec2010EL1058_genomic.fna.gz,../ecoli_genomes/GCF_000617745.1_Ec2010C-4529_genomic.fna.gz,../ecoli_genomes/GCF_000618265.2_EcF6751_genomic.fna.gz,../ecoli_genomes/GCF_000619005.2_Ec2009C-4052_genomic.fna.gz,../ecoli_genomes/GCF_000619105.1_Ec2009C-4780_genomic.fna.gz,../ecoli_genomes/GCF_000619765.2_Ec2009C-3279_genomic.fna.gz,../ecoli_genomes/GCF_000687005.1_ASM68700v1_genomic.fna.gz,../ecoli_genomes/GCF_000687025.1_ASM68702v1_genomic.fna.gz,../ecoli_genomes/GCF_000700125.1_ASM70012v1_genomic.fna.gz,../ecoli_genomes/GCF_000753315.1_FHI35_genomic.fna.gz,../ecoli_genomes/GCF_000776375.1_ASM77637v1_genomic.fna.gz,../ecoli_genomes/GCF_000779395.1_ASM77939v1_genomic.fna.gz,../ecoli_genomes/GCF_000780315.1_ASM78031v1_genomic.fna.gz,../ecoli_genomes/GCF_000781995.1_ASM78199v1_genomic.fna.gz,../ecoli_genomes/GCF_000986765.1_ASM98676v1_genomic.fna.gz,../ecoli_genomes/GCF_001041375.1_ViralProj287958_genomic.fna.gz,../ecoli_genomes/GCF_001265335.1_302014_genomic.fna.gz,../ecoli_genomes/GCF_001265625.1_100854_genomic.fna.gz,../ecoli_genomes/GCF_001267345.1_303289_genomic.fna.gz,../ecoli_genomes/GCF_001309985.1_ASM130998v1_genomic.fna.gz,../ecoli_genomes/GCF_001521695.1_ASM152169v1_genomic.fna.gz,../ecoli_genomes/GCF_001592595.1_ASM159259v1_genomic.fna.gz,../ecoli_genomes/GCF_001614975.1_ASM161497v1_genomic.fna.gz,../ecoli_genomes/GCF_001692775.1_ASM169277v1_genomic.fna.gz,../ecoli_genomes/GCF_001748915.1_ASM174891v1_genomic.fna.gz,../ecoli_genomes/GCF_001749235.1_ASM174923v1_genomic.fna.gz,../ecoli_genomes/GCF_001881155.1_ASM188115v1_genomic.fna.gz,../ecoli_genomes/GCF_001881345.1_ASM188134v1_genomic.fna.gz,../ecoli_genomes/GCF_001892405.1_ASM189240v1_genomic.fna.gz,../ecoli_genomes/GCF_001892585.1_ASM189258v1_genomic.fna.gz,../ecoli_genomes/GCF_001893985.1_ASM189398v1_genomic.fna.gz,../ecoli_genomes/GCF_002001595.1_ASM200159v1_genomic.fna.gz,../ecoli_genomes/GCF_002002145.1_ASM200214v1_genomic.fna.gz
1.0,0.3290223345042892,0.26137077924820207,0.28595642504975216,0.28135684718256737,0.3131710387048392,0.30988495553888273,0.28651793172431494,0.3860085636647522,0.2995029644010899,0.3172530691904508,0.2988123488695128,0.3165927159648817,0.28450518309149464,0.27402633419625966,0.30762866375171427,0.2664969355794934,0.3097881568026343,0.2889103410404721,0.31086607056078785,0.3023237057261762,0.2999365237499072,0.31873384292741047,0.27777808823001726,0.2829654940257469,0.27368811274234695,0.3129659781594156,0.2855161642588203,0.3465043894513934,0.3921418173237686,0.26645392036873405,0.30599845663312975,0.0,0.30373927662745936,0.3088674208146607,0.26750318771758363,0.2957284305680964,0.31250311855344826,0.26706672933679576,0.3155071139481036,0.26708502886327223,0.3069781791992712,0.3190066743022274,0.28600708904331984,0.29864683636984635,0.32074609211862715,0.30766914069978724,0.3094081636601249,0.27939201113342704,0.35027547240040124
0.3290223345042892,1.0,0.2380976334341104,0.27917007341702094,0.3781156252071969,0.5547117845938934,0.35160452627846983,0.2841556785703221,0.30049623392266456,0.2886141447219577,0.42286160250812166,0.2938725968749122,0.4129444536049931,0.27288462559142845,0.26660323938817043,0.34906716292946727,0.4213104045715115,0.4105007923643378,0.3714727860122884,0.3539272599238734,0.4019531663586906,0.3951185866367113,0.41346732235571015,0.4871379060428427,0.5033916551088726,0.439449208316519,0.4142304894879062,0.2826757675473981,0.3119386475137156,0.303815527762056,0.265562326875878,0.3938332798607944,0.0,0.39467985491528057,0.5575346523935859,0.2583841909256135,0.33141053188474245,0.41595014725429347,0.25081893860881255,0.41673027456597656,0.26524000876347875,0.47179739509644614,0.420120429188899,0.2935462459078504,0.29448603817649166,0.2917692644231298,0.47767016091178804,0.476776481048407,0.2864899287056014,0.3078101422545676
0.26137077924820207,0.2380976334341104,1.0,0.20783957566107414,0.20084643989460538,0.22396320923165536,0.224922511985036,0.21623642997199466,0.24838802063886078,0.21483383805901846,0.2312213856749996,0.21296915491727386,0.2282912652458995,0.2134743115485872,0.20450162047761655,0.2252704164932784,0.1955616433590196,0.22409524012093462,0.20671268890310746,0.22726671640055562,0.22001977637622017,0.2199367497706679,0.22871923167451558,0.19685689718450894,0.20665524794926893,0.1970468490028352,0.22975873991624163,0.21926162135891858,0.25404278102346556,0.2521112678705604,0.2031829316985695,0.21272249113927044,0.0,0.22206463819685796,0.22317487637286682,0.20529910237804572,0.21310004313928332,0.22394153951941043,0.19345015598410753,0.2300324253797259,0.2078210918674661,0.2266659379710786,0.23524588012332714,0.2219855795406387,0.2176046744797525,0.23428633086155892,0.23213314884671188,0.2310759192313061,0.22150412300818745,0.25659311446396316
0.28595642504975216,0.27917007341702094,0.20783957566107414,1.0,0.30378254760577006,0.28299042108810013,0.25578676854984483,0.5017900202799033,0.2945347462660223,0.5377273644300669,0.2676503894727068,0.5032511864837355,0.29498591824500453,0.5408158265177889,0.5619873136417134,0.282745246546108,0.25583906019991765,0.26154108043149693,0.2391927542461919,0.25704774914213324,0.25436164284595175,0.24978148257608568,0.27484815996803214,0.2597294125559011,0.2772509994090194,0.266317418171626,0.2666796933128329,0.5205149719151567,0.3050680973041252,0.284206099318587,0.5104508486580182,0.2960772168485236,0.0,0.25401022991255273,0.2663831752258127,0.401074457286286,0.25611529359635454,0.2572382956532605,0.40989736266663634,0.258127214529027,0.5346897744144289,0.26316162260424514,0.26533154658814273,0.5172142982233993,0.5079084484661878,0.2973147388359423,0.2587745830096425,0.25934559088082754,0.4518715312359367,0.31222580270913636
0.28135684718256737,0.3781156252071969,0.20084643989460538,0.30378254760577006,1.0,0.4159773320969512,0.31112740243046055,0.2878410939331114,0.30980878457492633,0.3030269724741267,0.47920691372167246,0.25831037677082425,0.47428625155587023,0.2678448336890692,0.3044977287833789,0.3668460723227813,0.4244371143512009,0.3964638678586674,0.3557087707940535,0.31485062597881575,0.4030553223721842,0.3772249378318191,0.40691264961215,0.42911333104527427,0.41181093448297423,0.4398184770406208,0.4151599019706854,0.2544430002753194,0.2885571910762035,0.29823160026310636,0.2761673263759571,0.4692052459768842,0.0,0.41040060741640827,0.3898211482052475,0.23891139218294588,0.32313304414998134,0.4243260247763314,0.23141615460280074,0.414298227212066,0.2995436690284621,0.38690531687941854,0.426194156268317,0.2587991185192653,0.26384275241729493,0.26469189233683466,0.39729013385168377,0.3968389964708636,0.24704447415463204,0.2817107781911712
0.3131710387048392,0.5547117845938934,0.22396320923165536,0.28299042108810013,0.4159773320969512,1.0,0.35325535582074163,0.2926682768645883,0.3030704673414053,0.2833157803994012,0.41567422702305445,0.2764358169994381,0.4168075954647509,0.2738270422082373,0.27319714164622966,0.35987803676258945,0.43794029718928074,0.4122384681354756,0.37049505632057045,0.3551576480640124,0.39038229554142434,0.3858766411609782,0.4157617514108066,0.5030413388887196,0.5160543229698059,0.43972225451633695,0.3985055787955526,0.27445438818485224,0.3115733994383979,0.2986117758369077,0.2624263322483541,0.4112870298037963,0.0,0.40329096479260484,0.5536701171993712,0.268764953099892,0.3432407740481104,0.4103760958044592,0.2750915850092226,0.4062666529987806,0.27386363287393256,0.4727416482014626,0.4136226086558231,0.28138266181985394,0.2841860271288714,0.2872901269100592,0.47526830124911834,0.47857223293186946,0.27242273246641224,0.3119027783607369
0.30988495553888273,0.35160452627846983,0.224922511985036,0.25578676854984483,0.31112740243046055,0.35325535582074163,1.0,0.25774928283030196,0.29636071983985,0.25416335093777287,0.3550889901403582,0.25807170151485137,0.3531082965986564,0.25257681168907264,0.24743036135060226,0.7428927247743802,0.3100086485375201,0.37953675808858356,0.35536405709805075,0.8675130727615615,0.3788502623335164,0.3618522600210976,0.3885940672512843,0.3098193089318829,0.31578656342488776,0.31368431090658155,0.35553498394925187,0.2552068742566177,0.2878807736856266,0.2957706541929971,0.23997230542514703,0.33589892485952955,0.0,0.3454843624216988,0.35598600810895287,0.2613868371447726,0.7876332939796544,0.33076210520492966,0.24600508787769326,0.349926060978315,0.2408423187542834,0.3495733058450827,0.3536026062132279,0.2621343674227282,0.2617074808624358,0.2722301652720369,0.3448609293888738,0.34422078380906984,0.24980604054320266,0.2946918604181922
0.28651793172431494,0.2841556785703221,0.21623642997199466,0.5017900202799033,0.2878410939331114,0.2926682768645883,0.25774928283030196,1.0,0.28665063822283654,0.5000523620811657,0.27124686285553046,0.47662132170938565,0.2892453874532941,0.48200622971935514,0.4746156936376149,0.2748166195025089,0.2586359586926623,0.2651773267195848,0.24589882315215994,0.25870488722663776,0.2592759497160132,0.2541780629825918,0.27507525111085473,0.27135891173744064,0.277308321939679,0.2641184071791478,0.267513496588639,0.6852461705151262,0.3109686621868375,0.28151114979021374,0.4697208137780513,0.2847312726518968,0.0,0.2633113067827474,0.27009321894627225,0.3926161641163497,0.25448415015640324,0.2772568025060712,0.4054598228763374,0.2690691397203049,0.4803997146039509,0.27368499851445993,0.2757271495959417,0.6809848602031546,0.6519323334957317,0.29666957517686054,0.26474827797808276,0.2649870170281934,0.4410997988851829,0.3054056213064653
0.3860085636647522,0.30049623392266456,0.24838802063886078,0.2945347462660223,0.30980878457492633,0.3030704673414053,0.29636071983985,0.28665063822283654,1.0,0.3035331849240216,0.3038225947403528,0.2722526732700872,0.32164047433530607,0.2834821926459651,0.2918880727377082,0.31727081270870827,0.273005265338086,0.29948768455528696,0.2665553596571165,0.2999036916594524,0.2903022963317614,0.2857672287482883,0.3019350236213837,0.2767007905930261,0.28327977891247524,0.2863667500291255,0.30657896900041925,0.2720374603041369,0.3319557637549784,0.41426265321170563,0.27647338400053567,0.30190077793329306,0.0,0.2859082947289564,0.2973738643084195,0.26076909973215523,0.292952066526311,0.29132153801568583,0.24319823153470155,0.3020239477422272,0.2819528499579984,0.3006000934578116,0.3085910812817274,0.27157990651254016,0.2665751765184111,0.30976812982388713,0.29610595052727995,0.29551177736638623,0.26789434003770995,0.34237268676895904
0.2995029644010899,0.2886141447219577,0.21483383805901846,0.5377273644300669,0.3030269724741267,0.2833157803994012,0.25416335093777287,0.5000523620811657,0.3035331849240216,1.0,0.2766151095683429,0.4810669322119909,0.3018257817350397,0.5048689482923487,0.5153556943945201,0.28326554778100865,0.24757633018719594,0.2631255454441336,0.23748510341824147,0.2566537783985915,0.25410085984735353,0.2524491831352478,0.26659576310356425,0.25852051351880345,0.267619212108135,0.2676615977632997,0.2729994901506566,0.5001897252346115,0.31044612658409276,0.29500580711286206,0.5241392691992599,0.2847853430840246,0.0,0.25715569317691167,0.2640362680813988,0.406275130339144,0.2551789970941246,0.26383949091176917,0.42151844071994105,0.2682217453444333,0.5342791697146918,0.2670103818819446,0.26920923312942613,0.4960168029521601,0.499897859006751,0.29625473497424415,0.26551678030709935,0.2649088232692638,0.46395393850599886,0.3083224460434878
0.3172530691904508,0.42286160250812166,0.2312213856749996,0.2676503894727068,0.47920691372167246,0.41567422702305445,0.3550889901403582,0.27124686285553046,0.3038225947403528,0.2766151095683429,1.0,0.2736274819587372,0.5234749520213717,0.2716667371998305,0.26303560926928904,0.35488997897338903,0.36497634553754565,0.4828930394077937,0.45147185831290315,0.3591120545181432,0.4731550334710496,0.48877488109984013,0.4901461627995294,0.38074793046931044,0.3608075626818811,0.37428663514167737,0.504013659539296,0.2757650892995793,0.3052448554443947,0.30674891177533625,0.25551526115589673,0.4524246865046089,0.0,0.47119953367161993,0.42706796791449386,0.2631871141538846,0.33794935365568535,0.4784290778962721,0.2585854563694425,0.5124506013956863,0.2595883415711182,0.4455993351944473,0.5018997986082054,0.27720385073401577,0.2777757807260821,0.2858569190217235,0.43060468137087915,0.42757451342866504,0.26852521064637613,0.3072883359774906
0.2988123488695128,0.2938725968749122,0.21296915491727386,0.5032511864837355,0.25831037677082425,0.2764358169994381,0.25807170151485137,0.47662132170938565,0.2722526732700872,0.4810669322119909,0.2736274819587372,1.0,0.2750633151306656,0.49858061370871765,0.6066274399068496,0.26151681149410944,0.24516754515986305,0.2612485014425222,0.24684615859382186,0.2574128585648193,0.25650270540109454,0.25863816585905486,0.2757473023260554,0.2569892108878977,0.2593730479284385,0.24747775262017968,0.266170291584897,0.4892922519035152,0.3152981157585216,0.27906634805222774,0.4486072175542445,0.2694602498554425,0.0,0.260063029251009,0.2657244400828004,0.38935669502647496,0.24936654173464756,0.2646496890013622,0.4148753782439777,0.2636084619631289,0.46269926962774965,0.26461306125735307,0.2700748404961052,0.4912422418501966,0.4889965789789018,0.3019420734989373,0.26648792282605915,0.2678219944050163,0.43753907058649866,0.305109371654949
0.3165927159648817,0.4129444536049931,0.2282912652458995,0.29498591824500453,0.47428625155587023,0.4168075954647509,0.3531082965986564,0.2892453874532941,0.32164047433530607,0.3018257817350397,0.5234749520213717,0.2750633151306656,1.0,0.2716368220527755,0.2951362207002304,0.38583486032693237,0.3677492867953176,0.48860955733947864,0.4809539582747002,0.3564536104447057,0.5004354483733471,0.5504600658943986,0.5492214672629807,0.37837164043748417,0.36937474775732426,0.38087745973819276,0.5472750718984283,0.27389910108337323,0.3079040995296527,0.3211309175718765,0.27245279212430296,0.5118211712942895,0.0,0.5367392957720016,0.4121430917238076,0.2567302239502208,0.35264461318827,0.5048721082112485,0.25370970304791074,0.5375754327566418,0.2848834249748383,0.4235439141886057,0.5183875668876885,0.27215935886320886,0.27111537607136726,0.27940313072721823,0.4216036567509478,0.41865995708319104,0.263679464927993,0.3087785839686217
0.28450518309149464,0.27288462559142845,0.2134743115485872,0.5408158265177889,0.2678448336890692,0.2738270422082373,0.25257681168907264,0.48200622971935514,0.2834821926459651,0.5048689482923487,0.2716667371998305,0.49858061370871765,0.2716368220527755,1.0,0.5412709003687848,0.2597182231980196,0.2402423587241117,0.2584194673388053,0.23826149469523994,0.2554413446422178,0.2487411035566921,0.2512486365654464,0.2679445849824663,0.23554184081667962,0.24756671535183672,0.2438102805377742,0.26578846600579165,0.5117007076695526,0.3113543258168797,0.2753327788968635,0.49124825904799274,0.26654442574852333,0.0,0.2519789682927488,0.2615793043843815,0.39895060391611503,0.2433750323775692,0.25913463832270955,0.4095553191085849,0.25797786381518795,0.5060328204349223,0.26034638559500034,0.2661765156872158,0.5057928180876257,0.49744146491414065,0.3014768357168147,0.25800266723830667,0.2584878585649212,0.45202932123759276,0.31238389913592146
0.27402633419625966,0.26660323938817043,0.20450162047761655,0.5619873136417134,0.3044977287833789,0.27319714164622966,0.24743036135060226,0.4746156936376149,0.2918880727377082,0.5153556943945201,0.26303560926928904,0.6066274399068496,0.2951362207002304,0.5412709003687848,1.0,0.27714690202684367,0.2565262401236841,0.2519427818237734,0.22805379519887037,0.24962261010430886,0.24638670202242852,0.2455921887650686,0.2675191811357829,0.24926370174411094,0.2652183421131261,0.26033985389947023,0.2598446999271674,0.48246066239267205,0.29720920341571544,0.2821484586583637,0.49727769338612826,0.28531355686041693,0.0,0.24935647104809067,0.25675306678484866,0.38971957896088705,0.25175581049409845,0.253785542580229,0.40011713945399174,0.2524303724902176,0.5185945537185763,0.256676440541145,0.2608054665896692,0.4767497454497851,0.46974439756911845,0.29704517212571624,0.26053229565953995,0.26040765524216314,0.43700151802795006,0.31183509136885446
0.30762866375171427,0.34906716292946727,0.2252704164932784,0.282745246546108,0.3668460723227813,0.35987803676258945,0.7428927247743802,0.2748166195025089,0.31727081270870827,0.28326554778100865,0.35488997897338903,0.26151681149410944,0.38583486032693237,0.2597182231980196,0.27714690202684367,1.0,0.3222311219123273,0.36470565295872515,0.3451777243734345,0.7572409187715978,0.3596560135820528,0.3502448072986697,0.3766010037608407,0.32822198618696274,0.3357894230377131,0.33702294151746526,0.34939992059313174,0.25634745033136763,0.2879532119922844,0.31622810941674107,0.2619318011287425,0.3584205208963833,0.0,0.3421465042033993,0.353116652759066,0.25652517893976057,0.7365182678717943,0.3322030637286105,0.24070734129571858,0.3451330740385943,0.2716784506394472,0.34621956135666,0.34831492595083435,0.2591193943321476,0.2614948403503541,0.27028001633601484,0.344606000347513,0.3435396849947693,0.2519567179867619,0.2932497842404578
0.2664969355794934,0.4213104045715115,0.1955616433590196,0.25583906019991765,0.4244371143512009,0.43794029718928074,0.3100086485375201,0.2586359586926623,0.273005265338086,0.24757633018719594,0.36497634553754565,0.24516754515986305,0.3677492867953176,0.2402423587241117,0.2565262401236841,0.3222311219123273,1.0,0.34990751008738696,0.31836663495783446,0.3085096190246931,0.3451216562406725,0.3387585723586046,0.36703076208590557,0.5408324858871374,0.48827852625680657,0.5442854105868334,0.34685523670976837,0.23627241753102468,0.2885587959205148,0.26256796355405065,0.23420712471197647,0.4275866280192807,0.0,0.38002097487365705,0.4500191604875091,0.23569591682868585,0.31094244601447973,0.3476480412267742,0.2328434689889063,0.34920609140159453,0.240001084264453,0.4006842196355833,0.3577358172634083,0.2466480480301183,0.2551033927563684,0.2527739975447457,0.4174484776897581,0.41798821761425564,0.2269450236445646,0.2750027791021016
0.3097881568026343,0.4105007923643378,0.22409524012093462,0.26154108043149693,0.3964638678586674,0.4122384681354756,0.37953675808858356,0.2651773267195848,0.29948768455528696,0.2631255454441336,0.4828930394077937,0.2612485014425222,0.48860955733947864,0.2584194673388053,0.2519427818237734,0.36470565295872515,0.34990751008738696,1.0,0.4779363000513286,0.3798280475684953,0.5075986562982184,0.49656415766436557,0.5166891860939609,0.3556125197329453,0.35123258317555284,0.3577673635486277,0.49183621896740826,0.2654035025928313,0.29818980601134504,0.30279018407023406,0.2463734540392406,0.44463215958746205,0.0,0.4648634587744168,0.4136088983520443,0.26471761747446176,0.36124263689516856,0.4509880537987716,0.24733274107016423,0.48825435592802835,0.24778460911611855,0.4252998674923847,0.4859214982836093,0.26717868106547094,0.2646190473533103,0.27583293712801815,0.4143502740350148,0.4117771200665693,0.25407231875506053,0.29934146296057784
0.2889103410404721,0.3714727860122884,0.20671268890310746,0.2391927542461919,0.3557087707940535,0.37049505632057045,0.35536405709805075,0.24589882315215994,0.2665553596571165,0.23748510341824147,0.45147185831290315,0.24684615859382186,0.4809539582747002,0.23826149469523994,0.22805379519887037,0.3451777243734345,0.31836663495783446,0.4779363000513286,1.0,0.35088469613078166,0.46353706635247227,0.5006451931058786,0.46961000326943414,0.32083904231951543,0.32520163143015646,0.3182852863648251,0.47542285493964054,0.24660383296316946,0.2721433730302186,0.2736894528797724,0.22073741476046682,0.43789638329504843,0.0,0.4596639356900548,0.3833823839585696,0.2420566934659415,0.3411967472324151,0.4475825242925102,0.23344377299212038,0.47129128390769104,0.2232204479843216,0.38391290169296866,0.4453078967070295,0.2504814222456274,0.2501883500744284,0.25645883188251306,0.37415131120983736,0.3738595857520365,0.23630395986194308,0.27579336570781077
0.31086607056078785,0.3539272599238734,0.22726671640055562,0.25704774914213324,0.31485062597881575,0.3551576480640124,0.8675130727615615,0.25870488722663776,0.2999036916594524,0.2566537783985915,0.3591120545181432,0.2574128585648193,0.3564536104447057,0.2554413446422178,0.24962261010430886,0.7572409187715978,0.3085096190246931,0.3798280475684953,0.35088469613078166,1.0,0.37962153275918664,0.3608001728653457,0.3864777670113658,0.31013793254927047,0.3180929849451771,0.3147960248184418,0.35749275445694595,0.2568162591863482,0.28892040746816805,0.2995595751544198,0.24267966129669827,0.3372451548750951,0.0,0.34553891294376304,0.35497222413627494,0.25988404641102925,0.7864763451637983,0.33473468655595384,0.24260939375762136,0.3534727945515309,0.2438087237888923,0.3512187110607806,0.35652829830693766,0.2608888347336418,0.25979238626036694,0.27554146974745497,0.34777644349674897,0.34713796471529257,0.2527582963110703,0.29766944069884527
0.3023237057261762,0.4019531663586906,0.22001977637622017,0.25436164284595175,0.4030553223721842,0.39038229554142434,0.3788502623335164,0.2592759497160132,0.2903022963317614,0.25410085984735353,0.4731550334710496,0.25650270540109454,0.5004354483733471,0.2487411035566921,0.24638670202242852,0.3596560135820528,0.3451216562406725,0.5075986562982184,0.46353706635247227,0.37962153275918664,1.0,0.49755093714569476,0.5264815390233749,0.3454363583483834,0.34464534367392663,0.3566997493095396,0.49730226156161195,0.2596698517766377,0.2824538512393575,0.29557571466350907,0.23796331335956356,0.4518203305938502,0.0,0.48017207252042804,0.40363016437670385,0.2554224656402706,0.35870436295823416,0.46158080805748813,0.24193160135137493,0.49464864170763423,0.24318135679028818,0.39823731976826615,0.48751450139776864,0.26338492711071604,0.26252542708293525,0.27553845077398165,0.4118526424224066,0.4095960762484434,0.24862881206777843,0.2909629798920982
0.2999365237499072,0.3951185866367113,0.2199367497706679,0.24978148257608568,0.3772249378318191,0.3858766411609782,0.3618522600210976,0.2541780629825918,0.2857672287482883,0.2524491831352478,0.48877488109984013,0.25863816585905486,0.5504600658943986,0.2512486365654464,0.2455921887650686,0.3502448072986697,0.3387585723586046,0.49656415766436557,0.5006451931058786,0.3608001728653457,0.49755093714569476,1.0,0.7008139056455502,0.33690440732558646,0.33460298392668286,0.34051743675708723,0.5179913295843972,0.26025754506589815,0.2885106235034721,0.28889707609580784,0.23847486461385747,0.46063153345266805,0.0,0.6365530047167356,0.39806859094383273,0.24804613846137347,0.3400425877976926,0.4875343053896214,0.24281788018851003,0.5152401477991562,0.23778234831627776,0.40405998745727423,0.5004107586529192,0.26062839037496444,0.2583176285943516,0.26876351850397184,0.40073625388021816,0.39812797046472503,0.2510600285721193,0.29228198861924726
0.31873384292741047,0.41346732235571015,0.22871923167451558,0.27484815996803214,0.40691264961215,0.4157617514108066,0.3885940672512843,0.27507525111085473,0.3019350236213837,0.26659576310356425,0.4901461627995294,0.2757473023260554,0.5492214672629807,0.2679445849824663,0.2675191811357829,0.3766010037608407,0.36703076208590557,0.5166891860939609,0.46961000326943414,0.3864777670113658,0.5264815390233749,0.7008139056455502,1.0,0.35750345841696085,0.3647695238520473,0.3621624609808629,0.5253591942087767,0.2753732852093722,0.30279234952756073,0.29960070619137336,0.2535965652803236,0.48536043588942657,0.0,0.6216944197866695,0.4167523328477998,0.26431464630265866,0.3711701616329114,0.4823070556005373,0.25789781570786263,0.5116880206668046,0.25667525037713046,0.41752999399524104,0.5133837024670374,0.2790040847585794,0.2773166440290301,0.28347941893462414,0.41502881459501095,0.4145423277782101,0.26208386027467034,0.30687771174271716
0.27777808823001726,0.4871379060428427,0.19685689718450894,0.2597294125559011,0.42911333104527427,0.5030413388887196,0.3098193089318829,0.27135891173744064,0.2767007905930261,0.25852051351880345,0.38074793046931044,0.2569892108878977,0.37837164043748417,0.23554184081667962,0.24926370174411094,0.32822198618696274,0.5408324858871374,0.3556125197329453,0.32083904231951543,0.31013793254927047,0.3454363583483834,0.33690440732558646,0.35750345841696085,1.0,0.5508505273598711,0.5400638813465788,0.3534955536437615,0.23968386139688647,0.28944753425229897,0.27450769875665637,0.23847884310863388,0.40493625539048383,0.0,0.371981308479717,0.5193910053998096,0.23369879409201622,0.3044505794387856,0.35072496133650666,0.23030595246227836,0.354091976775077,0.24747699624866304,0.412065808896392,0.3527922631657914,0.2547248856856593,0.25764183057446977,0.2567747125317139,0.41517924014914764,0.41635822326085825,0.23214898649925042,0.27480914608178697
0.2829654940257469,0.5033916551088726,0.20665524794926893,0.2772509994090194,0.41181093448297423,0.5160543229698059,0.31578656342488776,0.277308321939679,0.28327977891247524,0.267619212108135,0.3608075626818811,0.2593730479284385,0.36937474775732426,0.24756671535183672,0.2652183421131261,0.3357894230377131,0.48827852625680657,0.35123258317555284,0.32520163143015646,0.3180929849451771,0.34464534367392663,0.33460298392668286,0.3647695238520473,0.5508505273598711,1.0,0.5072393870367949,0.34947852082688147,0.24363786090317452,0.27801970611464644,0.2723448873934624,0.25071948594434246,0.4204817254333407,0.0,0.35421535333480014,0.5186242008358498,0.23518733506987566,0.3167389291048932,0.36188328778888346,0.2442830827202953,0.3547642899481591,0.2536757899891108,0.40890456265281505,0.3619202041270695,0.2670898380117689,0.2682282747008681,0.2592788271304495,0.41732450414271594,0.42189172090389493,0.24672403616731375,0.27192600627582253
0.27368811274234695,0.439449208316519,0.1970468490028352,0.266317418171626,0.4398184770406208,0.43972225451633695,0.31368431090658155,0.2641184071791478,0.2863667500291255,0.2676615977632997,0.37428663514167737,0.24747775262017968,0.38087745973819276,0.2438102805377742,0.26033985389947023,0.33702294151746526,0.5442854105868334,0.3577673635486277,0.3182852863648251,0.3147960248184418,0.3566997493095396,0.34051743675708723,0.3621624609808629,0.5400638813465788,0.5072393870367949,1.0,0.3579340338399447,0.23988914883769297,0.28380933706615663,0.27747705928277044,0.24915271117133164,0.40705067077149837,0.0,0.3718593752298516,0.46015128373513325,0.23383264235675616,0.3127661926595504,0.36237779614248555,0.22527124566145618,0.3643159741656674,0.25331033933252145,0.40988458248022974,0.35965284647946016,0.2576534967992101,0.2583500857498895,0.25578356513645706,0.4255344690834918,0.4237262662790371,0.24429090378807283,0.27551430404609967
0.3129659781594156,0.4142304894879062,0.22975873991624163,0.2666796933128329,0.4151599019706854,0.3985055787955526,0.35553498394925187,0.267513496588639,0.30657896900041925,0.2729994901506566,0.504013659539296,0.266170291584897,0.5472750718984283,0.26578846600579165,0.2598446999271674,0.34939992059313174,0.34685523670976837,0.49183621896740826,0.47542285493964054,0.35749275445694595,0.49730226156161195,0.5179913295843972,0.5253591942087767,0.3534955536437615,0.34947852082688147,0.3579340338399447,1.0,0.26850485928245893,0.2992507787160308,0.3023618597792702,0.2528176327274023,0.48994261172651266,0.0,0.5002901012421719,0.40851602787975827,0.25632628523738044,0.3386005041245965,0.5834322523173636,0.23642182019843394,0.543713604617039,0.2569448059671684,0.418698171962553,0.610931231887255,0.27408448443845745,0.26749212882658735,0.2808751306219779,0.4115450200999251,0.4091468687568425,0.2610588581322375,0.30552580794332995
0.2855161642588203,0.2826757675473981,0.21926162135891858,0.5205149719151567,0.2544430002753194,0.27445438818485224,0.2552068742566177,0.6852461705151262,0.2720374603041369,0.5001897252346115,0.2757650892995793,0.4892922519035152,0.27389910108337323,0.5117007076695526,0.48246066239267205,0.25634745033136763,0.23627241753102468,0.2654035025928313,0.24660383296316946,0.2568162591863482,0.2596698517766377,0.26025754506589815,0.2753732852093722,0.23968386139688647,0.24363786090317452,0.23988914883769297,0.26850485928245893,1.0,0.3155783226195712,0.2724550132018493,0.47190093034185465,0.2669655165087377,0.0,0.2591485622697549,0.266056371544924,0.40072035955137086,0.24270423779535877,0.2730006108940064,0.41259109831387397,0.2671265838325494,0.48405920066006336,0.26849518581268284,0.26913085236909406,0.8024944882204934,0.7527674838528573,0.29696215577482776,0.26537195125899704,0.26448872615218944,0.4634833858044791,0.3061350568922723
0.3465043894513934,0.3119386475137156,0.25404278102346556,0.3050680973041252,0.2885571910762035,0.3115733994383979,0.2878807736856266,0.3109686621868375,0.3319557637549784,0.31044612658409276,0.3052448554443947,0.3152981157585216,0.3079040995296527,0.3113543258168797,0.29720920341571544,0.2879532119922844,0.2885587959205148,0.29818980601134504,0.2721433730302186,0.28892040746816805,0.2824538512393575,0.2885106235034721,0.30279234952756073,0.28944753425229897,0.27801970611464644,0.28380933706615663,0.2992507787160308,0.3155783226195712,1.0,0.3299347457919135,0.29042423155515606,0.2935161779384444,0.0,0.29609139118476,0.30533727977539005,0.29432379740530645,0.2711997715492541,0.29525687955113045,0.28840723446196037,0.30020765640445557,0.28994382648730477,0.29512217166556176,0.3012618109858659,0.3112753567633674,0.31539289172553064,0.3944444345754061,0.2955515284932485,0.29565738998917657,0.2994888216628685,0.6213831053553811
0.3921418173237686,0.303815527762056,0.2521112678705604,0.284206099318587,0.29823160026310636,0.2986117758369077,0.2957706541929971,0.28151114979021374,0.41426265321170563,0.29500580711286206,0.30674891177533625,0.27906634805222774,0.3211309175718765,0.2753327788968635,0.2821484586583637,0.31622810941674107,0.26256796355405065,0.30279018407023406,0.2736894528797724,0.2995595751544198,0.29557571466350907,0.28889707609580784,0.29960070619137336,0.27450769875665637,0.2723448873934624,0.27747705928277044,0.3023618597792702,0.2724550132018493,0.3299347457919135,1.0,0.270601599738749,0.2906606859401367,0.0,0.28611793104129823,0.29810160919468454,0.25828051283544273,0.2904380347874139,0.2898956817934826,0.2404694287086505,0.310211857096905,0.2779188255411742,0.29999473198454896,0.3029869431401465,0.2722763551191041,0.2705565363190775,0.320907070694867,0.3040263294349109,0.3031318091082996,0.2696790553260163,0.33882486065568673
0.26645392036873405,0.265562326875878,0.2031829316985695,0.5104508486580182,0.2761673263759571,0.2624263322483541,0.23997230542514703,0.4697208137780513,0.27647338400053567,0.5241392691992599,0.25551526115589673,0.4486072175542445,0.27245279212430296,0.49124825904799274,0.49727769338612826,0.2619318011287425,0.23420712471197647,0.2463734540392406,0.22073741476046682,0.24267966129669827,0.23796331335956356,0.23847486461385747,0.2535965652803236,0.23847884310863388,0.25071948594434246,0.24915271117133164,0.2528176327274023,0.47190093034185465,0.29042423155515606,0.270601599738749,1.0,0.266772406189682,0.0,0.24396182810681888,0.2465913561149108,0.38437025431925076,0.24052141901360546,0.24614457000226597,0.3816371093144004,0.25061833227452124,0.6512927415070372,0.25013787957759515,0.2521799986266441,0.4677601237932132,0.4640022764449837,0.2836859429980425,0.25010864676599487,0.24991176270081028,0.4276172313347977,0.2889627345914233
0.30599845663312975,0.3938332798607944,0.21272249113927044,0.2960772168485236,0.4692052459768842,0.4112870298037963,0.33589892485952955,0.2847312726518968,0.30190077793329306,0.2847853430840246,0.4524246865046089,0.2694602498554425,0.5118211712942895,0.26654442574852333,0.28531355686041693,0.3584205208963833,0.4275866280192807,0.44463215958746205,0.43789638329504843,0.3372451548750951,0.4518203305938502,0.46063153345266805,0.48536043588942657,0.40493625539048383,0.4204817254333407,0.40705067077149837,0.48994261172651266,0.2669655165087377,0.2935161779384444,0.2906606859401367,0.266772406189682,1.0,0.0,0.4712923564573155,0.40055337089030263,0.24511974173391593,0.34242190171849884,0.4808686918975278,0.2517792309945467,0.4868911117094835,0.27236389617160506,0.4022982112793573,0.49071728528162617,0.26999378845153343,0.2753845482721434,0.270914195415048,0.40757093926053733,0.40936507551890955,0.24668394922822523,0.286105557686376
0.0,0.0,0.0,0.0,0.0,0.0,0.0,0.0,0.0,0.0,0.0,0.0,0.0,0.0,0.0,0.0,0.0,0.0,0.0,0.0,0.0,0.0,0.0,0.0,0.0,0.0,0.0,0.0,0.0,0.0,0.0,0.0,1.0,0.0,0.0,0.0,0.0,0.0,0.0,0.0,0.0,0.0,0.0,0.0,0.0,0.0,0.0,0.0,0.0,0.0
0.30373927662745936,0.39467985491528057,0.22206463819685796,0.25401022991255273,0.41040060741640827,0.40329096479260484,0.3454843624216988,0.2633113067827474,0.2859082947289564,0.25715569317691167,0.47119953367161993,0.260063029251009,0.5367392957720016,0.2519789682927488,0.24935647104809067,0.3421465042033993,0.38002097487365705,0.4648634587744168,0.4596639356900548,0.34553891294376304,0.48017207252042804,0.6365530047167356,0.6216944197866695,0.371981308479717,0.35421535333480014,0.3718593752298516,0.5002901012421719,0.2591485622697549,0.29609139118476,0.28611793104129823,0.24396182810681888,0.4712923564573155,0.0,1.0,0.4121848323954427,0.2596740456198402,0.32952342798071277,0.4796547303291211,0.25841792010097864,0.4973150289710079,0.24252477902872493,0.4010286884891029,0.4975694657184886,0.26093291312443734,0.26308985898736315,0.2695617670869279,0.40524184883460257,0.40201992196986136,0.24631312836877084,0.29512883257906786
0.3088674208146607,0.5575346523935859,0.22317487637286682,0.2663831752258127,0.3898211482052475,0.5536701171993712,0.35598600810895287,0.27009321894627225,0.2973738643084195,0.2640362680813988,0.42706796791449386,0.2657244400828004,0.4121430917238076,0.2615793043843815,0.25675306678484866,0.353116652759066,0.4500191604875091,0.4136088983520443,0.3833823839585696,0.35497222413627494,0.40363016437670385,0.39806859094383273,0.4167523328477998,0.5193910053998096,0.5186242008358498,0.46015128373513325,0.40851602787975827,0.266056371544924,0.30533727977539005,0.29810160919468454,0.2465913561149108,0.40055337089030263,0.0,0.4121848323954427,1.0,0.25588720244540497,0.333034008905033,0.39877177892586657,0.26146994840332616,0.4163457568348481,0.2498878290333404,0.4724420355812451,0.4176543579766,0.2687676308738439,0.275422311111453,0.27869340097543405,0.4701950123433507,0.4701879727085819,0.25548180925506225,0.29863988055497515
0.26750318771758363,0.2583841909256135,0.20529910237804572,0.401074457286286,0.23891139218294588,0.268764953099892,0.2613868371447726,0.3926161641163497,0.26076909973215523,0.406275130339144,0.2631871141538846,0.38935669502647496,0.2567302239502208,0.39895060391611503,0.38971957896088705,0.25652517893976057,0.23569591682868585,0.26471761747446176,0.2420566934659415,0.25988404641102925,0.2554224656402706,0.24804613846137347,0.26431464630265866,0.23369879409201622,0.23518733506987566,0.23383264235675616,0.25632628523738044,0.40072035955137086,0.29432379740530645,0.25828051283544273,0.38437025431925076,0.24511974173391593,0.0,0.2596740456198402,0.25588720244540497,1.0,0.24968232710694394,0.24869625624018887,0.39347363138967917,0.2574248970819565,0.3911272516766898,0.2549772961594494,0.2549187802613352,0.40455175054609593,0.4043231760576568,0.28134994560183735,0.25180332742091815,0.25060300701590466,0.3995104600221474,0.30010388321612325
0.2957284305680964,0.33141053188474245,0.21310004313928332,0.25611529359635454,0.32313304414998134,0.3432407740481104,0.7876332939796544,0.25448415015640324,0.292952066526311,0.2551789970941246,0.33794935365568535,0.24936654173464756,0.35264461318827,0.2433750323775692,0.25175581049409845,0.7365182678717943,0.31094244601447973,0.36124263689516856,0.3411967472324151,0.7864763451637983,0.35870436295823416,0.3400425877976926,0.3711701616329114,0.3044505794387856,0.3167389291048932,0.3127661926595504,0.3386005041245965,0.24270423779535877,0.2711997715492541,0.2904380347874139,0.24052141901360546,0.34242190171849884,0.0,0.32952342798071277,0.333034008905033,0.24968232710694394,1.0,0.31722425094483986,0.23186883527729962,0.32709144288111336,0.24259848060889944,0.33222619552471433,0.3376545642077585,0.24910932273108444,0.2474703025951136,0.25736836173340194,0.32900194925199755,0.32836384058955503,0.2365218149721353,0.2808753733557062
0.31250311855344826,0.41595014725429347,0.22394153951941043,0.2572382956532605,0.4243260247763314,0.4103760958044592,0.33076210520492966,0.2772568025060712,0.29132153801568583,0.26383949091176917,0.4784290778962721,0.2646496890013622,0.5048721082112485,0.25913463832270955,0.253785542580229,0.3322030637286105,0.3476480412267742,0.4509880537987716,0.4475825242925102,0.33473468655595384,0.46158080805748813,0.4875343053896214,0.4823070556005373,0.35072496133650666,0.36188328778888346,0.36237779614248555,0.5834322523173636,0.2730006108940064,0.29525687955113045,0.2898956817934826,0.24614457000226597,0.4808686918975278,0.0,0.4796547303291211,0.39877177892586657,0.24869625624018887,0.31722425094483986,1.0,0.2442496026327169,0.5143685441725622,0.2524837181207219,0.4075798432091494,0.6052540244063713,0.278022829829072,0.2706456040770753,0.27812251799138543,0.4189241551174687,0.4181654843029161,0.2669613793291037,0.29697796000233934
0.26706672933679576,0.25081893860881255,0.19345015598410753,0.40989736266663634,0.23141615460280074,0.2750915850092226,0.24600508787769326,0.4054598228763374,0.24319823153470155,0.42151844071994105,0.2585854563694425,0.4148753782439777,0.25370970304791074,0.4095553191085849,0.40011713945399174,0.24070734129571858,0.2328434689889063,0.24733274107016423,0.23344377299212038,0.24260939375762136,0.24193160135137493,0.24281788018851003,0.25789781570786263,0.23030595246227836,0.2442830827202953,0.22527124566145618,0.23642182019843394,0.41259109831387397,0.28840723446196037,0.2404694287086505,0.3816371093144004,0.2517792309945467,0.0,0.25841792010097864,0.26146994840332616,0.39347363138967917,0.23186883527729962,0.2442496026327169,1.0,0.2578593968265339,0.39130159263704,0.2583051130202767,0.25528096856742066,0.4171686015446112,0.4386100880379241,0.26069391674544373,0.2502860419092571,0.2560861922421951,0.3909418072964562,0.2738482243492155
0.3155071139481036,0.41673027456597656,0.2300324253797259,0.258127214529027,0.414298227212066,0.4062666529987806,0.349926060978315,0.2690691397203049,0.3020239477422272,0.2682217453444333,0.5124506013956863,0.2636084619631289,0.5375754327566418,0.25797786381518795,0.2524303724902176,0.3451330740385943,0.34920609140159453,0.48825435592802835,0.47129128390769104,0.3534727945515309,0.49464864170763423,0.5152401477991562,0.5116880206668046,0.354091976775077,0.3547642899481591,0.3643159741656674,0.543713604617039,0.2671265838325494,0.30020765640445557,0.310211857096905,0.25061833227452124,0.4868911117094835,0.0,0.4973150289710079,0.4163457568348481,0.2574248970819565,0.32709144288111336,0.5143685441725622,0.2578593968265339,1.0,0.24951348104770876,0.42154219124355485,0.536186099387667,0.26797726484687956,0.27673976496977803,0.288381905319817,0.4314977937453216,0.436707282998523,0.25828495253326944,0.3055705624537204
