../ecoli_genomes/GCF_000163235.1_ASM16323v1_genomic.fna.gz,../ecoli_genomes/GCF_000164555.1_ASM16455v1_genomic.fna.gz,../ecoli_genomes/GCF_000208545.1_ASM20854v2_genomic.fna.gz,../ecoli_genomes/GCF_000233875.1_ASM23387v1_genomic.fna.gz,../ecoli_genomes/GCF_000249735.1_ASM24973v2_genomic.fna.gz,../ecoli_genomes/GCF_000261145.1_Esch_coli_M919_V2_genomic.fna.gz,../ecoli_genomes/GCF_000267705.2_ASM26770v2_genomic.fna.gz,../ecoli_genomes/GCF_000350665.1_Esch_coli_KTE5_V1_genomic.fna.gz,../ecoli_genomes/GCF_000351625.1_Esch_coli_KTE66_V1_genomic.fna.gz,../ecoli_genomes/GCF_000352285.1_Esch_coli_KTE46_V1_genomic.fna.gz,../ecoli_genomes/GCF_000358895.1_ASM35889v1_genomic.fna.gz,../ecoli_genomes/GCF_000456385.1_Esch_coli_HVH_26_4-5703913_V1_genomic.fna.gz,../ecoli_genomes/GCF_000458195.1_Esch_coli_HVH_147_4-5893887_V1_genomic.fna.gz,../ecoli_genomes/GCF_000459755.1_Esch_coli_KOEGE_58_171a_V1_genomic.fna.gz,../ecoli_genomes/GCF_000460055.1_Esch_coli_UMEA_3053-1_V1_genomic.fna.gz,../ecoli_genomes/GCF_000462165.2_ASM46216v2_genomic.fna.gz,../ecoli_genomes/GCF_000601135.1_ASM60113v1_genomic.fna.gz,../ecoli_genomes/GCF_000614595.1_Ec2010EL1058_genomic.fna.gz,../ecoli_genomes/GCF_000617745.1_Ec2010C-4529_genomic.fna.gz,../ecoli_genomes/GCF_000618265.2_EcF6751_genomic.fna.gz,../ecoli_genomes/GCF_000619005.2_Ec2009C-4052_genomic.fna.gz,../ecoli_genomes/GCF_000619105.1_Ec2009C-4780_genomic.fna.gz,../ecoli_genomes/GCF_000619765.2_Ec2009C-3279_genomic.fna.gz,../ecoli_genomes/GCF_000687005.1_ASM68700v1_genomic.fna.gz,../ecoli_genomes/GCF_000687025.1_ASM68702v1_genomic.fna.gz,../ecoli_genomes/GCF_000700125.1_ASM70012v1_genomic.fna.gz,../ecoli_genomes/GCF_000753315.1_FHI35_genomic.fna.gz,../ecoli_genomes/GCF_000776375.1_ASM77637v1_genomic.fna.gz,../ecoli_genomes/GCF_000779395.1_ASM77939v1_genomic.fna.gz,../ecoli_genomes/GCF_000780315.1_ASM78031v1_genomic.fna.gz,../ecoli_genomes/GCF_000781995.1_ASM78199v1_genomic.fna.gz,../ecoli_genomes/GCF_000986765.1_ASM98676v1_genomic.fna.gz,../ecoli_genomes/GCF_001041375.1_ViralProj287958_genomic.fna.gz,../ecoli_genomes/GCF_001265335.1_302014_genomic.fna.gz,../ecoli_genomes/GCF_001265625.1_100854_genomic.fna.gz,../ecoli_genomes/GCF_001267345.1_303289_genomic.fna.gz,../ecoli_genomes/GCF_001309985.1_ASM130998v1_genomic.fna.gz,../ecoli_genomes/GCF_001521695.1_ASM152169v1_genomic.fna.gz,../ecoli_genomes/GCF_001592595.1_ASM159259v1_genomic.fna.gz,../ecoli_genomes/GCF_001614975.1_ASM161497v1_genomic.fna.gz,../ecoli_genomes/GCF_001692775.1_ASM169277v1_genomic.fna.gz,../ecoli_genomes/GCF_001748915.1_ASM174891v1_genomic.fna.gz,../ecoli_genomes/GCF_001749235.1_ASM174923v1_genomic.fna.gz,../ecoli_genomes/GCF_001881155.1_ASM188115v1_genomic.fna.gz,../ecoli_genomes/GCF_001881345.1_ASM188134v1_genomic.fna.gz,../ecoli_genomes/GCF_001892405.1_ASM189240v1_genomic.fna.gz,../ecoli_genomes/GCF_001892585.1_ASM189258v1_genomic.fna.gz,../ecoli_genomes/GCF_001893985.1_ASM189398v1_genomic.fna.gz,../ecoli_genomes/GCF_002001595.1_ASM200159v1_genomic.fna.gz,../ecoli_genomes/GCF_002002145.1_ASM200214v1_genomic.fna.gz
1.0,0.7860524813875661,0.7717834647546123,0.7642102914733508,0.7595447519923821,0.7671340517026128,0.7680947359061779,0.7718504553603313,0.8016513059480982,0.7707935384405692,0.7736028851126238,0.7679567455979479,0.7783013581473258,0.7691340755413171,0.7630518843572635,0.7681885042096585,0.7661017769915526,0.7756953765635095,0.7640559103295377,0.7737658567176668,0.7720579750817799,0.7607670003247178,0.7837973240421767,0.7667393112467662,0.7493940909826478,0.7694962732310426,0.7811747242909028,0.7642124892518692,0.7887901913144585,0.8004527022965975,0.7613059126006698,0.7652109038399107,0.06591014609321721,0.7844828772412921,0.7666388348764959,0.7681702124755742,0.7572225876606906,0.784374283853774,0.6667520413717658,0.777898757845015,0.7603365408572719,0.7790149739018013,0.7819157513465096,0.7712104485917279,0.7706352065200974,0.7778450162562147,0.7749280082662857,0.7759776906323017,0.7629475269663882,0.7942498236550102
0.7860524813875661,1.0,0.7640931636113532,0.7556275910487764,0.7793741113381294,0.8194892482850991,0.7740917134811947,0.7660500357055485,0.7684907246567576,0.7654809167532273,0.7973181261371275,0.7697464554173074,0.7991819555355004,0.7670018241291838,0.75716226160617,0.7730366069762731,0.8019048060225711,0.7988148425386414,0.7871884449729967,0.7798042633457027,0.8003733060960488,0.7791404434382537,0.8052786352338703,0.8127940608949975,0.8013240190492061,0.8110116865723277,0.8022656039404851,0.7659521340225692,0.7764638064586631,0.7766888272907848,0.759326983126756,0.7957594954174879,0.0726971205387098,0.802148951309752,0.8330630406886828,0.7638483460496748,0.7591981969252197,0.8072156459204698,0.6492048507684147,0.8020932267664651,0.7553159983615627,0.8134011050595873,0.8028428984521097,0.7752324814357987,0.769976572355359,0.7668375236789342,0.8274554749336842,0.828220190344566,0.7662834148155147,0.7739809883319835
0.7717834647546123,0.7640931636113532,1.0,0.7255898892477632,0.7279916159645541,0.7361171409530296,0.7483021704889842,0.737701998529649,0.7668554296990289,0.7357327602153338,0.7495980822503892,0.7366019638762522,0.7541100724972217,0.7317081470544714,0.7275460732362203,0.7464245794684601,0.7379010849640196,0.757808674761695,0.7462438306732957,0.7533914753423636,0.7649759255476254,0.7411474866993177,0.7656935467979332,0.7354976035889642,0.7213041053189266,0.7428987253308414,0.7642520107533404,0.7406727555463297,0.7650026117785438,0.766574356577242,0.7292585164593426,0.7444118294757516,0.06602675203540231,0.7618801306987777,0.7468234853499646,0.7471961747131548,0.7367486988554837,0.755384889877917,0.6463479547859713,0.7621644180509501,0.7320625022621101,0.7493509660892882,0.7575368466545526,0.743259522553142,0.7356315551606534,0.7581470972720865,0.7591402919552623,0.7587539917074089,0.7380402476984953,0.7658139775429299
0.7642102914733508,0.7556275910487764,0.7255898892477632,1.0,0.7592327666904516,0.7424341190640138,0.7321634040801676,0.8321879104826684,0.7669459379605408,0.8289321778269743,0.7431671655975187,0.824559833495282,0.7595919343207111,0.8445292296081189,0.8504514801876388,0.7449322995389533,0.7511088809660965,0.7522875777153659,0.7425479293512849,0.7379928994598559,0.7481021665059888,0.7309270576948825,0.7588330377177739,0.7518060002356939,0.7360622946108494,0.7510760513825061,0.7519225945172215,0.8322174763176097,0.7579977899286718,0.7563840256101356,0.8251515724674229,0.7660669698732727,0.05779989790537443,0.7526427457515094,0.7411365809353978,0.7955231985148781,0.724987864387328,0.7526293683567823,0.6865677467070004,0.7475291571974878,0.8273112028278828,0.7508631681214046,0.7516191843652995,0.8367133274401453,0.8307003899451122,0.764023303758921,0.7550678153733283,0.7563223075616647,0.806673136347619,0.7759122896529284
0.7595447519923821,0.7793741113381294,0.7279916159645541,0.7592327666904516,1.0,0.7773795578131979,0.7485883342942916,0.7546555206594956,0.7635477650765106,0.761098534637274,0.8056167886702769,0.7472870435245403,0.8173308411276615,0.7523527772685836,0.7606636515667172,0.7679118520579273,0.7877552123440293,0.7810228840960314,0.7757915919386498,0.7536919646155642,0.7835292848187214,0.7606942939155086,0.7881033953515204,0.795133344706643,0.7718262574554311,0.7971399722872784,0.786373856129827,0.7362824843972255,0.7444578170865825,0.7604770523714794,0.7564446147925518,0.8048323375163182,0.06711507470796785,0.7906928341980001,0.7779607548386418,0.744222022083122,0.7453028630605834,0.7984232392387789,0.6407072730438472,0.7937011287112085,0.7672331585370026,0.7894725284140017,0.8050754732288314,0.7489543428665499,0.745630019233483,0.738648249091651,0.7938586316419809,0.7946826854805222,0.741670143786594,0.7474758487276211
0.7671340517026128,0.8194892482850991,0.7361171409530296,0.7424341190640138,0.7773795578131979,1.0,0.7705871774896952,0.7510326372484478,0.761952918054304,0.7478986737475397,0.779317227186878,0.7444194648852823,0.7888384654687464,0.7488609759747566,0.7435194266456376,0.7681766050121199,0.7820042510089034,0.7922037827537095,0.7862699044302611,0.7700541777765499,0.781025961860507,0.7973794321652243,0.7948184246421117,0.7946969066695075,0.802306762793081,0.7917456607713933,0.7786562025550082,0.7454963402477055,0.7543332491514854,0.7566979305593129,0.7447832376725252,0.7835386673805951,0.07228356779504364,0.7949328399282588,0.8182101691520516,0.7518264606802266,0.7587398562373088,0.7871760024286903,0.6512012808247056,0.7869436565713838,0.7406294147964381,0.8050530865183558,0.7868729366438212,0.7499697092978703,0.7464819994743461,0.748493581095314,0.8092963366281338,0.8108863900799386,0.7437426011532271,0.7642349247768505
0.7680947359061779,0.7740917134811947,0.7483021704889842,0.7321634040801676,0.7485883342942916,0.7705871774896952,1.0,0.7451722527235546,0.7738049292540927,0.7404981759671186,0.7731156376065174,0.7389435978747428,0.7799196411644705,0.7394002932923656,0.7334384971427584,0.8995034558009495,0.7613682011107773,0.8034201802237101,0.7907805342565358,0.9462436718337602,0.8008136828855513,0.7810248636019712,0.8061333422163524,0.7632540982161204,0.7519020331154838,0.7718746860849549,0.7830172685907864,0.738401787986189,0.7603296475323054,0.7689557749863887,0.7438687016293564,0.7765982775719549,0.06809424563112487,0.7870624127558037,0.7753033745246097,0.7558401550287128,0.9140335645717941,0.7694932356184343,0.6481128574855897,0.7839110299749661,0.7362564680938037,0.7735841780136701,0.7779410086322017,0.7458570998907222,0.7400188329113851,0.7505280296140622,0.7703769375859303,0.7715229179088884,0.741131539608504,0.769022216617383
0.7718504553603313,0.7660500357055485,0.737701998529649,0.8321879104826684,0.7546555206594956,0.7510326372484478,0.7451722527235546,1.0,0.767913027169999,0.8314428368357573,0.748113530194649,0.8267470777767214,0.7641870053927164,0.8278335605163749,0.8201587619005168,0.7507087807767561,0.7562844286161284,0.763583750893961,0.7481516044585461,0.7483860533153932,0.7569886107799876,0.7369312469761059,0.7626091764891487,0.7618573978181148,0.7367896327578429,0.7538000468710712,0.7565544759688181,0.8869771767644392,0.7749953395722611,0.7677729794606839,0.8210098170657116,0.7678551409340273,0.061738579836141616,0.7611030731049744,0.7469838799568098,0.7998197285846171,0.7351736452312307,0.7592131503718591,0.6950842769817811,0.7554848255867407,0.8129804514385254,0.7590069487134922,0.7573490623389849,0.8919944883439617,0.8776391001767411,0.7648274093924887,0.7591094898924694,0.7600013378777324,0.8191871926454917,0.7823122538687497
0.8016513059480982,0.7684907246567576,0.7668554296990289,0.7669459379605408,0.7635477650765106,0.761952918054304,0.7738049292540927,0.767913027169999,1.0,0.7745069684500503,0.7703668735919641,0.7572862438195531,0.7863662290510391,0.766077150137272,0.7673000681080249,0.781162623950884,0.764865991891427,0.7783298019762684,0.7604165078542614,0.7805289036584315,0.7702683979455811,0.7603153247204141,0.7807034035399272,0.7681017350802017,0.7498974881419134,0.7699730765452797,0.7772212024843831,0.7570185982556445,0.7852925432247342,0.8099762060216232,0.7643608257934277,0.7692834431432481,0.06589895474078111,0.779340056783818,0.7655351069812669,0.7659739938025751,0.7656717314390524,0.7668382523844358,0.65614077039731,0.7793516060621536,0.7599436945897782,0.7702376183616476,0.778117418377072,0.7636798969440034,0.7572975668602357,0.7810439564426063,0.7776979796402363,0.7782130480394172,0.7602045929097714,0.7907995171165915
0.7707935384405692,0.7654809167532273,0.7357327602153338,0.8289321778269743,0.761098534637274,0.7478986737475397,0.7404981759671186,0.8314428368357573,0.7745069684500503,1.0,0.7545938892613644,0.8235545723324748,0.7686128311816507,0.8300946100477868,0.8203163520007484,0.7523110054531228,0.7562702906667977,0.7533914928944517,0.742369562978793,0.7450536062957492,0.7531826616699827,0.737681043253804,0.7633318536458384,0.7618119175410077,0.7385846861235286,0.7622371869062282,0.7553600309019897,0.8219235234778483,0.7740714531126616,0.7659281518489638,0.8315661738826943,0.7600374611464287,0.05331709301384102,0.7634664261988156,0.7460292509715639,0.8069326305713412,0.7324637609697364,0.7577168289157439,0.6878877366410773,0.7561933443828573,0.8304892184994543,0.7557939525389341,0.7557972268370244,0.827964053180444,0.8245746435634345,0.7692682061380565,0.7590843359462267,0.759193301127265,0.8192105573341886,0.7804657121876211
0.7736028851126238,0.7973181261371275,0.7495980822503892,0.7431671655975187,0.8056167886702769,0.779317227186878,0.7731156376065174,0.748113530194649,0.7703668735919641,0.7545938892613644,1.0,0.75077349630214,0.8421744058474141,0.7498672269659622,0.7425947689964119,0.7763897158298037,0.779141900292454,0.8198568474273475,0.8016559438778457,0.7774316672941921,0.8090326420730305,0.797563058732974,0.8211944474525016,0.7966431288230956,0.757993303905074,0.7991233196980921,0.8201079023060862,0.7472017352178264,0.7579245189388248,0.7800612967904562,0.7497236525917217,0.7979865262429975,0.06389672117350165,0.8149056807129202,0.7987569956204855,0.7613279147760386,0.7588336006014245,0.809509217923071,0.6451933853724686,0.8343740718160397,0.7473324667082188,0.8031953058624035,0.8284894365608608,0.7521107053509373,0.7474506757058472,0.7525883825274867,0.8096047347023921,0.8094838848242053,0.7532372242801371,0.7607352010775164
0.7679567455979479,0.7697464554173074,0.7366019638762522,0.824559833495282,0.7472870435245403,0.7444194648852823,0.7389435978747428,0.8267470777767214,0.7572862438195531,0.8235545723324748,0.75077349630214,1.0,0.7598317531924708,0.8247275425137256,0.841780418212684,0.7430506439911784,0.7460350025123207,0.7567367391987047,0.7465363533098739,0.7430554394551978,0.7579518949191306,0.7350487616112205,0.7572472000773203,0.7506132933545447,0.7305208648323249,0.7586222148242703,0.7519852682508454,0.822958323933691,0.7665122073250215,0.7609909002865318,0.807197072928564,0.755836562594126,0.0575611137284161,0.7555288964935674,0.7478317396717772,0.8045524229290655,0.7284955180809176,0.7554489324234551,0.6894894627409662,0.7551019445229492,0.8162450343290256,0.7475104320896523,0.7546944272573092,0.8298939897002274,0.8281426771718426,0.7667136417631284,0.7594947934633521,0.7606442330678184,0.8008568303770447,0.7754948049225486
0.7783013581473258,0.7991819555355004,0.7541100724972217,0.7595919343207111,0.8173308411276615,0.7888384654687464,0.7799196411644705,0.7641870053927164,0.7863662290510391,0.7686128311816507,0.8421744058474141,0.7598317531924708,1.0,0.7604829806081576,0.7588080264380914,0.789834261549671,0.7818420771361453,0.8253733703529268,0.8162347641683204,0.7865540608574516,0.8231068187071177,0.8105232141093289,0.8374636683484205,0.8025002552296311,0.7647688988022658,0.8049967484337712,0.8341023315185223,0.7536686141232739,0.768299804123243,0.789316959566814,0.7607322718416334,0.8160365023441867,0.062057101038650364,0.8336135272343919,0.8060321589489485,0.7662300800784312,0.7714047504359659,0.8169090042477828,0.6504122646447807,0.8471010621136504,0.7582620778481834,0.807520380114369,0.8381676666426463,0.7587625472185289,0.7525432908949635,0.7598017857462527,0.8099393759230751,0.809946989143284,0.7564635088834798,0.7704488614135797
0.7691340755413171,0.7670018241291838,0.7317081470544714,0.8445292296081189,0.7523527772685836,0.7488609759747566,0.7394002932923656,0.8278335605163749,0.766077150137272,0.8300946100477868,0.7498672269659622,0.8247275425137256,0.7604829806081576,1.0,0.8455783469567596,0.7430960539608247,0.750522184777063,0.760356323861382,0.7508210840206593,0.745035861318405,0.7535546005764968,0.7383525294873008,0.7622570087593701,0.7530016865176721,0.7307780464188742,0.7485005745232738,0.7558932723561738,0.8360902857992353,0.7698572189853169,0.7601338304347394,0.8316984872758212,0.7585423613581858,0.06006744750947435,0.7596233993023705,0.751097486033886,0.8034405044076053,0.7293278812110091,0.7583626035101956,0.6821624833458353,0.7552219246285434,0.826623919341803,0.7577456326554085,0.7550916142275805,0.8379811531144274,0.8315267983420649,0.772541637678416,0.759860780926534,0.7610621514249304,0.8082725561873094,0.7804766789283002
0.7630518843572635,0.75716226160617,0.7275460732362203,0.8504514801876388,0.7606636515667172,0.7435194266456376,0.7334384971427584,0.8201587619005168,0.7673000681080249,0.8203163520007484,0.7425947689964119,0.841780418212684,0.7588080264380914,0.8455783469567596,1.0,0.7433443137749229,0.7542957516135805,0.749031050752857,0.7414203623750231,0.7368736594275341,0.7478300485207259,0.7284620378498827,0.7555496197380049,0.7511366555323884,0.7330441100295677,0.7571023562218819,0.749616265938718,0.8175054514627849,0.7578776002779104,0.754560279026405,0.8257341816786743,0.7612882349719726,0.06372020211824936,0.7502152312942637,0.7426652514863795,0.7948212693669389,0.7258883793366129,0.7557883251387255,0.686839516298171,0.7488215084895806,0.8287844339673693,0.7530642693849385,0.7536464995925309,0.8236850675340073,0.8161646177640313,0.7620674323368798,0.7555614057325111,0.7571329227147872,0.7946224437619598,0.771774027607516
0.7681885042096585,0.7730366069762731,0.7464245794684601,0.7449322995389533,0.7679118520579273,0.7681766050121199,0.8995034558009495,0.7507087807767561,0.781162623950884,0.7523110054531228,0.7763897158298037,0.7430506439911784,0.789834261549671,0.7430960539608247,0.7433443137749229,1.0,0.7620430362284873,0.792920786621525,0.7882754273796599,0.9041566125416585,0.7880526116498071,0.7767630093198086,0.7984262228492303,0.7744371996390585,0.7585102007424338,0.777447344904899,0.7778572738017475,0.7372575465286602,0.7578055997213207,0.7740723065371935,0.751309572243082,0.7781442043779652,0.07013239228630608,0.7833536825638547,0.7753435021801047,0.7536723327959981,0.8949519652736877,0.7661543146343694,0.6459306507522962,0.7825392430492739,0.7453933541042406,0.7720278269514522,0.7754085468932691,0.7446595694068415,0.7395372914377581,0.7508120131885963,0.7682256968842378,0.7686909642889439,0.7470389770346666,0.7655406157786414
0.7661017769915526,0.8019048060225711,0.7379010849640196,0.7511088809660965,0.7877552123440293,0.7820042510089034,0.7613682011107773,0.7562844286161284,0.764865991891427,0.7562702906667977,0.779141900292454,0.7460350025123207,0.7818420771361453,0.750522184777063,0.7542957516135805,0.7620430362284873,1.0,0.7780960720341503,0.7681843789995567,0.7637914682469706,0.7791078055497765,0.7596003701667244,0.7836304196107047,0.8145938995157792,0.800841162091882,0.8037041911968923,0.7756163732496486,0.7451583508020876,0.7596024667919509,0.7597784894089912,0.7528482269341312,0.8058160456610993,0.06741964677057688,0.7860871793060499,0.7884685280332335,0.7524498772468285,0.7532002075556445,0.776430862901946,0.6410826912629335,0.7844381601379141,0.7504778761665285,0.7931987956164328,0.7807202454293724,0.7549271993360687,0.7511580693731797,0.7519433007075498,0.7989914636579567,0.8000875722353316,0.741892713155895,0.7549714920976334
0.7756953765635095,0.7988148425386414,0.757808674761695,0.7522875777153659,0.7810228840960314,0.7922037827537095,0.8034201802237101,0.763583750893961,0.7783298019762684,0.7533914928944517,0.8198568474273475,0.7567367391987047,0.8253733703529268,0.760356323861382,0.749031050752857,0.792920786621525,0.7780960720341503,1.0,0.8412555286643135,0.8056453922371449,0.8410019257166548,0.8182496180852777,0.8469341122493871,0.7834788807085317,0.7654082063657454,0.7861531998610098,0.8325833205709952,0.7580344348989437,0.7685415494350435,0.779836142437837,0.7537822976735616,0.808793349325696,0.06920456444097633,0.8276846974625546,0.7986099470891135,0.7700459693324062,0.7869912207131325,0.8111103328968785,0.6599735457641884,0.8272942746538934,0.7468377489214301,0.8055962462664714,0.8252471580720285,0.7631927340691086,0.7547809762183311,0.7660319303938774,0.8058642368524581,0.807758266096039,0.7548297870673704,0.7735416986079158
0.7640559103295377,0.7871884449729967,0.7462438306732957,0.7425479293512849,0.7757915919386498,0.7862699044302611,0.7907805342565358,0.7481516044585461,0.7604165078542614,0.742369562978793,0.8016559438778457,0.7465363533098739,0.8162347641683204,0.7508210840206593,0.7414203623750231,0.7882754273796599,0.7681843789995567,0.8412555286643135,1.0,0.7924384187273568,0.8299745730688182,0.8131966098623202,0.8311889163297237,0.7710701906363613,0.7604985698825462,0.77779711079246,0.8187657616195845,0.7416830593184789,0.7514918411503146,0.7608594875335803,0.7425603234585485,0.7970292281283332,0.07653990573958003,0.8107551585188504,0.7926598892874583,0.7614762553716969,0.7796822144413816,0.8048930216142037,0.6495305723233233,0.8107530312170033,0.7352523814866976,0.7880208316706797,0.811834944952287,0.7489029805727581,0.7426107289308419,0.75278706964756,0.7911968036707865,0.7929795726077322,0.7438891903157521,0.7569387791738031
0.7737658567176668,0.7798042633457027,0.7533914753423636,0.7379928994598559,0.7536919646155642,0.7700541777765499,0.9462436718337602,0.7483860533153932,0.7805289036584315,0.7450536062957492,0.7774316672941921,0.7430554394551978,0.7865540608574516,0.745035861318405,0.7368736594275341,0.9041566125416585,0.7637914682469706,0.8056453922371449,0.7924384187273568,1.0,0.8028435295964766,0.7810473001096979,0.8081917920425659,0.7661647411566319,0.7557730417981385,0.7761001047095728,0.7880665576683222,0.7417826736727728,0.7645412377935434,0.7769419345294092,0.7490809631173564,0.7804542671301351,0.06926646972302619,0.7895551880843201,0.7780831660973045,0.7569871585078919,0.9155975249374295,0.774420879562005,0.6466161763473136,0.7910185896996161,0.7419086952143279,0.7784134594045027,0.7834552205115308,0.749579687747324,0.7427095389244097,0.7574783072589075,0.7773440497397646,0.7780783700631695,0.7469567895270215,0.7732597380095546
0.7720579750817799,0.8003733060960488,0.7649759255476254,0.7481021665059888,0.7835292848187214,0.781025961860507,0.8008136828855513,0.7569886107799876,0.7702683979455811,0.7531826616699827,0.8090326420730305,0.7579518949191306,0.8231068187071177,0.7535546005764968,0.7478300485207259,0.7880526116498071,0.7791078055497765,0.8410019257166548,0.8299745730688182,0.8028435295964766,1.0,0.8113692353874682,0.8475572791517533,0.7777126485972523,0.7602749996789704,0.7895678056692321,0.8301893817154817,0.7551533659811374,0.7684333104008824,0.7757974271610293,0.7539132039083281,0.8090218208580665,0.07324484006664145,0.8306672312797653,0.7931674419490577,0.7709118076191859,0.7825050688947536,0.8102905604963768,0.6600084808184671,0.8261107686205987,0.750385463139077,0.7956713575063402,0.8253819951917551,0.7599487536964474,0.7554328023980902,0.768853326845887,0.8073842015603709,0.808110595397918,0.7561539310219323,0.7690485505428093
0.7607670003247178,0.7791404434382537,0.7411474866993177,0.7309270576948825,0.7606942939155086,0.7973794321652243,0.7810248636019712,0.7369312469761059,0.7603153247204141,0.737681043253804,0.797563058732974,0.7350487616112205,0.8105232141093289,0.7383525294873008,0.7284620378498827,0.7767630093198086,0.7596003701667244,0.8182496180852777,0.8131966098623202,0.7810473001096979,0.8113692353874682,1.0,0.8608079161370394,0.7635896597308596,0.7482164276024139,0.7675505626815005,0.8054025221374572,0.7352967030434879,0.7513522255989846,0.7599323428733652,0.7349887594626621,0.7872416718263175,0.06638866686229261,0.8390701318609303,0.7834848845222525,0.7490085715380299,0.7669436856326022,0.7893614175208055,0.6391367424839838,0.8122412920664146,0.7273255514173185,0.7790381882869006,0.8092674705612087,0.7381105344480137,0.7319474886018342,0.750955814608151,0.7859319105822116,0.7863430635615917,0.7354640002136925,0.7621518923215775
0.7837973240421767,0.8052786352338703,0.7656935467979332,0.7588330377177739,0.7881033953515204,0.7948184246421117,0.8061333422163524,0.7626091764891487,0.7807034035399272,0.7633318536458384,0.8211944474525016,0.7572472000773203,0.8374636683484205,0.7622570087593701,0.7555496197380049,0.7984262228492303,0.7836304196107047,0.8469341122493871,0.8311889163297237,0.8081917920425659,0.8475572791517533,0.8608079161370394,1.0,0.7885582084618418,0.7703832777887196,0.7903749635784827,0.8405223723635705,0.762864913548131,0.7767883155581021,0.7836008012516249,0.7594640225032592,0.8195185950902817,0.06995433310228938,0.8715284313140683,0.8071112812535445,0.7730084173056473,0.7905508380253504,0.8182736199713722,0.6594163762217182,0.8346360209266126,0.752704211241974,0.8090196720307555,0.8424650956105341,0.7660235574940426,0.7601062104065667,0.77266458208784,0.8094566233355687,0.8104885744613161,0.7629379639552238,0.7821649751477875
0.7667393112467662,0.8127940608949975,0.7354976035889642,0.7518060002356939,0.795133344706643,0.7946969066695075,0.7632540982161204,0.7618573978181148,0.7681017350802017,0.7618119175410077,0.7966431288230956,0.7506132933545447,0.8025002552296311,0.7530016865176721,0.7511366555323884,0.7744371996390585,0.8145938995157792,0.7834788807085317,0.7710701906363613,0.7661647411566319,0.7777126485972523,0.7635896597308596,0.7885582084618418,1.0,0.8036996885192981,0.8031163323901502,0.7925721032189712,0.747592933302327,0.7572343505787568,0.7691688440201185,0.7554714587763031,0.7953926378108583,0.06632271654722455,0.7856893033539097,0.8144827038494639,0.7497468069459985,0.75685248527924,0.7800251606463979,0.6381275553540233,0.7902056981090255,0.753105287713961,0.8026826553428802,0.7857611284607976,0.7547717563037303,0.7521291711317242,0.743617160097136,0.7916180466874642,0.7921228359186656,0.7464718153220303,0.7564452070148439
0.7493940909826478,0.8013240190492061,0.7213041053189266,0.7360622946108494,0.7718262574554311,0.802306762793081,0.7519020331154838,0.7367896327578429,0.7498974881419134,0.7385846861235286,0.757993303905074,0.7305208648323249,0.7647688988022658,0.7307780464188742,0.7330441100295677,0.7585102007424338,0.800841162091882,0.7654082063657454,0.7604985698825462,0.7557730417981385,0.7602749996789704,0.7482164276024139,0.7703832777887196,0.8036996885192981,1.0,0.8070286722323933,0.7610051588551564,0.7218968076846405,0.7376702770315959,0.7382144202148554,0.7290789851748465,0.7977423078520929,0.07111658008531452,0.765941011675201,0.7892016737868456,0.7320869511384482,0.7502797389737974,0.7627629855481289,0.6304284414495914,0.7638160047906409,0.7317326392392625,0.7767083680216825,0.7638840732094531,0.7381697417610056,0.7358580032727986,0.7365127262155203,0.7769952813850769,0.7790470501026652,0.7268688052338942,0.7414762828699126
0.7694962732310426,0.8110116865723277,0.7428987253308414,0.7510760513825061,0.7971399722872784,0.7917456607713933,0.7718746860849549,0.7538000468710712,0.7699730765452797,0.7622371869062282,0.7991233196980921,0.7586222148242703,0.8049967484337712,0.7485005745232738,0.7571023562218819,0.777447344904899,0.8037041911968923,0.7861531998610098,0.77779711079246,0.7761001047095728,0.7895678056692321,0.7675505626815005,0.7903749635784827,0.8031163323901502,0.8070286722323933,1.0,0.7914642839443355,0.7411811755913552,0.7513865606540653,0.7651624524702391,0.7539680586559209,0.794386050921441,0.06394456160590123,0.7852684076543656,0.80331039605222,0.7495806602682507,0.762609565181015,0.7878534258778684,0.6443931435856484,0.8010472442037143,0.7555009813360904,0.7971504596862515,0.7926774753901222,0.7551573245197787,0.7514209736525586,0.7495859407837837,0.80529103810349,0.805975370069312,0.7491604065394873,0.759426003666302
0.7811747242909028,0.8022656039404851,0.7642520107533404,0.7519225945172215,0.786373856129827,0.7786562025550082,0.7830172685907864,0.7565544759688181,0.7772212024843831,0.7553600309019897,0.8201079023060862,0.7519852682508454,0.8341023315185223,0.7558932723561738,0.749616265938718,0.7778572738017475,0.7756163732496486,0.8325833205709952,0.8187657616195845,0.7880665576683222,0.8301893817154817,0.8054025221374572,0.8405223723635705,0.7925721032189712,0.7610051588551564,0.7914642839443355,1.0,0.7520082547604634,0.7701617140208254,0.7790653385955305,0.756934309386148,0.805951816739159,0.06514531250101507,0.8220705678270858,0.8010087670057342,0.766183667317613,0.7673371671093778,0.8327988188519881,0.650144798314193,0.8394528718313445,0.7490363161475979,0.8020348062538453,0.8587774286432973,0.7596336669531532,0.7506934916870787,0.7661666535380134,0.8041685053346481,0.8044474852273041,0.7586346380124374,0.7725981009916534
0.7642124892518692,0.7659521340225692,0.7406727555463297,0.8322174763176097,0.7362824843972255,0.7454963402477055,0.738401787986189,0.8869771767644392,0.7570185982556445,0.8219235234778483,0.7472017352178264,0.822958323933691,0.7536686141232739,0.8360902857992353,0.8175054514627849,0.7372575465286602,0.7451583508020876,0.7580344348989437,0.7416830593184789,0.7417826736727728,0.7551533659811374,0.7352967030434879,0.762864913548131,0.747592933302327,0.7218968076846405,0.7411811755913552,0.7520082547604634,1.0,0.7697196011500033,0.7607171682907927,0.8138896557166768,0.7589443518756467,0.06484754321717656,0.7558653820490582,0.7422318464132711,0.8004479218811313,0.7247573334193389,0.755333788866738,0.6956074804369334,0.7532673758831132,0.8070148570938053,0.752195218772719,0.7509545498540868,0.9171430150649846,0.9018757166848843,0.7625177361584472,0.758641632825064,0.7595709877550896,0.8202078184509166,0.7756599313255637
0.7887901913144585,0.7764638064586631,0.7650026117785438,0.7579977899286718,0.7444578170865825,0.7543332491514854,0.7603296475323054,0.7749953395722611,0.7852925432247342,0.7740714531126616,0.7579245189388248,0.7665122073250215,0.768299804123243,0.7698572189853169,0.7578776002779104,0.7578055997213207,0.7596024667919509,0.7685415494350435,0.7514918411503146,0.7645412377935434,0.7684333104008824,0.7513522255989846,0.7767883155581021,0.7572343505787568,0.7376702770315959,0.7513865606540653,0.7701617140208254,0.7697196011500033,1.0,0.7821663938315329,0.7628632289964432,0.7657361579185679,0.059427604494129094,0.7761758634129474,0.7601507247129766,0.7726421003007237,0.747166710353823,0.7626203539707973,0.6562761994813204,0.7689786988207031,0.7565157968941131,0.7652607026786303,0.7638851914916183,0.7711384877462322,0.7677817691599144,0.805343319594893,0.7698970414314015,0.7699334795780715,0.7618528357022598,0.8535382570344554
0.8004527022965975,0.7766888272907848,0.766574356577242,0.7563840256101356,0.7604770523714794,0.7566979305593129,0.7689557749863887,0.7677729794606839,0.8099762060216232,0.7659281518489638,0.7800612967904562,0.7609909002865318,0.789316959566814,0.7601338304347394,0.754560279026405,0.7740723065371935,0.7597784894089912,0.779836142437837,0.7608594875335803,0.7769419345294092,0.7757974271610293,0.7599323428733652,0.7836008012516249,0.7691688440201185,0.7382144202148554,0.7651624524702391,0.7790653385955305,0.7607171682907927,0.7821663938315329,1.0,0.7625677667193145,0.7636120791313199,0.06525595120779204,0.7827432159377739,0.7751748300545027,0.7609449516235872,0.7563745938835085,0.7692349495537996,0.6565690672894218,0.7880611498449601,0.7544431264501729,0.7747234434108712,0.7820237172983412,0.7633489086339684,0.7568656512592722,0.7765899714408336,0.7822441399228508,0.7830281067377726,0.7608929187765026,0.7920412388528066
0.7613059126006698,0.759326983126756,0.7292585164593426,0.8251515724674229,0.7564446147925518,0.7447832376725252,0.7438687016293564,0.8210098170657116,0.7643608257934277,0.8315661738826943,0.7497236525917217,0.807197072928564,0.7607322718416334,0.8316984872758212,0.8257341816786743,0.751309572243082,0.7528482269341312,0.7537822976735616,0.7425603234585485,0.7490809631173564,0.7539132039083281,0.7349887594626621,0.7594640225032592,0.7554714587763031,0.7290789851748465,0.7539680586559209,0.756934309386148,0.8138896557166768,0.7628632289964432,0.7625677667193145,1.0,0.7581767982492639,0.06561098366591245,0.758771326279946,0.7472662584493297,0.797513735335741,0.7369471060256715,0.7507400849876107,0.6786085607435814,0.7515281764393196,0.8554332216114272,0.7562353903403312,0.7532243491901461,0.8207366250706594,0.8145649826043256,0.7602726601746082,0.7549497083973761,0.755179792632218,0.7996710926845307,0.7688439278482574
0.7652109038399107,0.7957594954174879,0.7444118294757516,0.7660669698732727,0.8048323375163182,0.7835386673805951,0.7765982775719549,0.7678551409340273,0.7692834431432481,0.7600374611464287,0.7979865262429975,0.755836562594126,0.8160365023441867,0.7585423613581858,0.7612882349719726,0.7781442043779652,0.8058160456610993,0.808793349325696,0.7970292281283332,0.7804542671301351,0.8090218208580665,0.7872416718263175,0.8195185950902817,0.7953926378108583,0.7977423078520929,0.794386050921441,0.805951816739159,0.7589443518756467,0.7657361579185679,0.7636120791313199,0.7581767982492639,1.0,0.06841791896427685,0.8116449567201375,0.7912384085891291,0.7585083262127668,0.7706753881469626,0.8034050202151991,0.6469768049836768,0.8133829593517887,0.7526365201485492,0.7924837158847372,0.815977820956182,0.7648343073830516,0.7611763764734356,0.7582370201354633,0.8003489363125214,0.801303166446143,0.748487070735601,0.7628285475494646
0.06591014609321721,0.0726971205387098,0.06602675203540231,0.05779989790537443,0.06711507470796785,0.07228356779504364,0.06809424563112487,0.061738579836141616,0.06589895474078111,0.05331709301384102,0.06389672117350165,0.0575611137284161,0.062057101038650364,0.06006744750947435,0.06372020211824936,0.07013239228630608,0.06741964677057688,0.06920456444097633,0.07653990573958003,0.06926646972302619,0.07324484006664145,0.06638866686229261,0.06995433310228938,0.06632271654722455,0.07111658008531452,0.06394456160590123,0.06514531250101507,0.06484754321717656,0.059427604494129094,0.06525595120779204,0.06561098366591245,0.06841791896427685,1.0,0.0692451133598595,0.07351238886606837,0.056361086159901985,0.0720329894225773,0.06574362620398655,0.052727311123563214,0.06643886235379459,0.05975232324654478,0.07211875463378126,0.06723199853419226,0.06579207180471702,0.0664983898824889,0.06336050627771894,0.06369324321701908,0.06475805076424601,0.05650353980344225,0.061240001018954215
0.7844828772412921,0.802148951309752,0.7618801306987777,0.7526427457515094,0.7906928341980001,0.7949328399282588,0.7870624127558037,0.7611030731049744,0.779340056783818,0.7634664261988156,0.8149056807129202,0.7555288964935674,0.8336135272343919,0.7596233993023705,0.7502152312942637,0.7833536825638547,0.7860871793060499,0.8276846974625546,0.8107551585188504,0.7895551880843201,0.8306672312797653,0.8390701318609303,0.8715284313140683,0.7856893033539097,0.765941011675201,0.7852684076543656,0.8220705678270858,0.7558653820490582,0.7761758634129474,0.7827432159377739,0.758771326279946,0.8116449567201375,0.0692451133598595,1.0,0.8016468264398091,0.774158210655153,0.7737915055733962,0.8153114975421725,0.6596140796235102,0.8312297467925934,0.7499926629566187,0.8062601641446423,0.837490139089933,0.7589906955023558,0.7545295527466807,0.7666661195698067,0.8070208640465956,0.8082293276832748,0.7549961037512164,0.7798268290190047
0.7666388348764959,0.8330630406886828,0.7468234853499646,0.7411365809353978,0.7779607548386418,0.8182101691520516,0.7753033745246097,0.7469838799568098,0.7655351069812669,0.7460292509715639,0.7987569956204855,0.7478317396717772,0.8060321589489485,0.751097486033886,0.7426652514863795,0.7753435021801047,0.7884685280332335,0.7986099470891135,0.7926598892874583,0.7780831660973045,0.7931674419490577,0.7834848845222525,0.8071112812535445,0.8144827038494639,0.7892016737868456,0.80331039605222,0.8010087670057342,0.7422318464132711,0.7601507247129766,0.7751748300545027,0.7472662584493297,0.7912384085891291,0.07351238886606837,0.8016468264398091,1.0,0.7528232266132708,0.7601144081934339,0.7885056941870426,0.6434870008805433,0.8063752134552641,0.7399721310345945,0.8065430046402706,0.8049676220076125,0.747007968933029,0.7412170379621106,0.7547050728831587,0.8123883986161835,0.8129893293740292,0.7436277634433346,0.7630639796058524
0.7681702124755742,0.7638483460496748,0.7471961747131548,0.7955231985148781,0.744222022083122,0.7518264606802266,0.7558401550287128,0.7998197285846171,0.7659739938025751,0.8069326305713412,0.7613279147760386,0.8045524229290655,0.7662300800784312,0.8034405044076053,0.7948212693669389,0.7536723327959981,0.7524498772468285,0.7700459693324062,0.7614762553716969,0.7569871585078919,0.7709118076191859,0.7490085715380299,0.7730084173056473,0.7497468069459985,0.7320869511384482,0.7495806602682507,0.766183667317613,0.8004479218811313,0.7726421003007237,0.7609449516235872,0.797513735335741,0.7585083262127668,0.056361086159901985,0.774158210655153,0.7528232266132708,1.0,0.7419103703726133,0.75769827188449,0.7031613092322895,0.7641536180922137,0.7936150414768111,0.759158758399264,0.762561231028648,0.8035531377397338,0.8007079015478396,0.7676663526572078,0.7609859265030305,0.7619256882481722,0.7994408707904326,0.7787464175539114
0.7572225876606906,0.7591981969252197,0.7367486988554837,0.724987864387328,0.7453028630605834,0.7587398562373088,0.9140335645717941,0.7351736452312307,0.7656717314390524,0.7324637609697364,0.7588336006014245,0.7284955180809176,0.7714047504359659,0.7293278812110091,0.7258883793366129,0.8949519652736877,0.7532002075556445,0.7869912207131325,0.7796822144413816,0.9155975249374295,0.7825050688947536,0.7669436856326022,0.7905508380253504,0.75685248527924,0.7502797389737974,0.762609565181015,0.7673371671093778,0.7247573334193389,0.747166710353823,0.7563745938835085,0.7369471060256715,0.7706753881469626,0.0720329894225773,0.7737915055733962,0.7601144081934339,0.7419103703726133,1.0,0.7611602623842088,0.6380727957497474,0.7675845790938182,0.7303472374626635,0.761552182159942,0.7665002582912337,0.7336714359962103,0.7275753074928448,0.7390312364776395,0.755312677973427,0.7566567702103775,0.7289807902652903,0.7560439674226056
0.784374283853774,0.8072156459204698,0.755384889877917,0.7526293683567823,0.7984232392387789,0.7871760024286903,0.7694932356184343,0.7592131503718591,0.7668382523844358,0.7577168289157439,0.809509217923071,0.7554489324234551,0.8169090042477828,0.7583626035101956,0.7557883251387255,0.7661543146343694,0.776430862901946,0.8111103328968785,0.8048930216142037,0.774420879562005,0.8102905604963768,0.7893614175208055,0.8182736199713722,0.7800251606463979,0.7627629855481289,0.7878534258778684,0.8327988188519881,0.755333788866738,0.7626203539707973,0.7692349495537996,0.7507400849876107,0.8034050202151991,0.06574362620398655,0.8153114975421725,0.7885056941870426,0.75769827188449,0.7611602623842088,1.0,0.6548316250682021,0.8236269982058175,0.7518877638240968,0.7995478556495157,0.8559114174803458,0.7642234072099192,0.7555796364044478,0.760538135228136,0.8032427404698507,0.804941709794826,0.7588527730547157,0.7686065017980541
0.6667520413717658,0.6492048507684147,0.6463479547859713,0.6865677467070004,0.6407072730438472,0.6512012808247056,0.6481128574855897,0.6950842769817811,0.65614077039731,0.6878877366410773,0.6451933853724686,0.6894894627409662,0.6504122646447807,0.6821624833458353,0.686839516298171,0.6459306507522962,0.6410826912629335,0.6599735457641884,0.6495305723233233,0.6466161763473136,0.6600084808184671,0.6391367424839838,0.6594163762217182,0.6381275553540233,0.6304284414495914,0.6443931435856484,0.650144798314193,0.6956074804369334,0.6562761994813204,0.6565690672894218,0.6786085607435814,0.6469768049836768,0.052727311123563214,0.6596140796235102,0.6434870008805433,0.7031613092322895,0.6380727957497474,0.6548316250682021,1.0,0.6549351463543693,0.6805512609531681,0.6507189729433158,0.6534749959729362,0.6975912815324232,0.6947178357954823,0.6543157147553905,0.651280995926059,0.6521550552026777,0.6872939957366462,0.6700450717791653
