../ecoli_genomes/GCF_000163235.1_ASM16323v1_genomic.fna.gz,../ecoli_genomes/GCF_000164555.1_ASM16455v1_genomic.fna.gz,../ecoli_genomes/GCF_000208545.1_ASM20854v2_genomic.fna.gz,../ecoli_genomes/GCF_000233875.1_ASM23387v1_genomic.fna.gz,../ecoli_genomes/GCF_000249735.1_ASM24973v2_genomic.fna.gz,../ecoli_genomes/GCF_000261145.1_Esch_coli_M919_V2_genomic.fna.gz,../ecoli_genomes/GCF_000267705.2_ASM26770v2_genomic.fna.gz,../ecoli_genomes/GCF_000350665.1_Esch_coli_KTE5_V1_genomic.fna.gz,../ecoli_genomes/GCF_000351625.1_Esch_coli_KTE66_V1_genomic.fna.gz,../ecoli_genomes/GCF_000352285.1_Esch_coli_KTE46_V1_genomic.fna.gz,../ecoli_genomes/GCF_000358895.1_ASM35889v1_genomic.fna.gz,../ecoli_genomes/GCF_000456385.1_Esch_coli_HVH_26_4-5703913_V1_genomic.fna.gz,../ecoli_genomes/GCF_000458195.1_Esch_coli_HVH_147_4-5893887_V1_genomic.fna.gz,../ecoli_genomes/GCF_000459755.1_Esch_coli_KOEGE_58_171a_V1_genomic.fna.gz,../ecoli_genomes/GCF_000460055.1_Esch_coli_UMEA_3053-1_V1_genomic.fna.gz,../ecoli_genomes/GCF_000462165.2_ASM46216v2_genomic.fna.gz,../ecoli_genomes/GCF_000601135.1_ASM60113v1_genomic.fna.gz,../ecoli_genomes/GCF_000614595.1_Ec2010EL1058_genomic.fna.gz,../ecoli_genomes/GCF_000617745.1_Ec2010C-4529_genomic.fna.gz,../ecoli_genomes/GCF_000618265.2_EcF6751_genomic.fna.gz,../ecoli_genomes/GCF_000619005.2_Ec2009C-4052_genomic.fna.gz,../ecoli_genomes/GCF_000619105.1_Ec2009C-4780_genomic.fna.gz,../ecoli_genomes/GCF_000619765.2_Ec2009C-3279_genomic.fna.gz,../ecoli_genomes/GCF_000687005.1_ASM68700v1_genomic.fna.gz,../ecoli_genomes/GCF_000687025.1_ASM68702v1_genomic.fna.gz,../ecoli_genomes/GCF_000700125.1_ASM70012v1_genomic.fna.gz,../ecoli_genomes/GCF_000753315.1_FHI35_genomic.fna.gz,../ecoli_genomes/GCF_000776375.1_ASM77637v1_genomic.fna.gz,../ecoli_genomes/GCF_000779395.1_ASM77939v1_genomic.fna.gz,../ecoli_genomes/GCF_000780315.1_ASM78031v1_genomic.fna.gz,../ecoli_genomes/GCF_000781995.1_ASM78199v1_genomic.fna.gz,../ecoli_genomes/GCF_000986765.1_ASM98676v1_genomic.fna.gz,../ecoli_genomes/GCF_001041375.1_ViralProj287958_genomic.fna.gz,../ecoli_genomes/GCF_001265335.1_302014_genomic.fna.gz,../ecoli_genomes/GCF_001265625.1_100854_genomic.fna.gz,../ecoli_genomes/GCF_001267345.1_303289_genomic.fna.gz,../ecoli_genomes/GCF_001309985.1_ASM130998v1_genomic.fna.gz,../ecoli_genomes/GCF_001521695.1_ASM152169v1_genomic.fna.gz,../ecoli_genomes/GCF_001592595.1_ASM159259v1_genomic.fna.gz,../ecoli_genomes/GCF_001614975.1_ASM161497v1_genomic.fna.gz,../ecoli_genomes/GCF_001692775.1_ASM169277v1_genomic.fna.gz,../ecoli_genomes/GCF_001748915.1_ASM174891v1_genomic.fna.gz,../ecoli_genomes/GCF_001749235.1_ASM174923v1_genomic.fna.gz,../ecoli_genomes/GCF_001881155.1_ASM188115v1_genomic.fna.gz,../ecoli_genomes/GCF_001881345.1_ASM188134v1_genomic.fna.gz,../ecoli_genomes/GCF_001892405.1_ASM189240v1_genomic.fna.gz,../ecoli_genomes/GCF_001892585.1_ASM189258v1_genomic.fna.gz,../ecoli_genomes/GCF_001893985.1_ASM189398v1_genomic.fna.gz,../ecoli_genomes/GCF_002001595.1_ASM200159v1_genomic.fna.gz,../ecoli_genomes/GCF_002002145.1_ASM200214v1_genomic.fna.gz
1.0,0.392979184661459,0.32825674499964863,0.34787862497363864,0.34402354272276814,0.3781329709200133,0.36693653101625034,0.35351995113872425,0.44297288099597243,0.3635466370129644,0.38550164349697824,0.36084147923511234,0.37434248081342436,0.34898340170643616,0.33084280836348623,0.3704013613575595,0.34504255489546287,0.3775257338722342,0.34408897218928647,0.37293962862196584,0.35675601520453293,0.35528257404417896,0.3806450712248204,0.3334482463897771,0.3326615237633691,0.3516574862794707,0.37780114126115016,0.3480819760656866,0.39733924125436326,0.4391541264903346,0.32508021335100934,0.35852297612657935,0.0,0.37284726804473967,0.3764515923414188,0.34238577976461704,0.3479078638812454,0.38472169771231457,0.29699857420505404,0.3775977434059067,0.33175812003732097,0.37614721364519577,0.3786205848513591,0.3549218135340091,0.3646848873976475,0.36845134154359727,0.37139785188538377,0.3725046569882082,0.33899494133618424,0.40536470493570564
0.392979184661459,1.0,0.3047036669988691,0.345734036975174,0.419228104111078,0.5650071021822658,0.40889206252904287,0.35220316441702015,0.3608456883960909,0.35243610956588367,0.47963618936229535,0.36106269607202823,0.46406812877646686,0.34317770925018,0.32877922628989786,0.4137275301506489,0.4787683288768091,0.4700799045460856,0.415173969962523,0.416872473439597,0.4493948962033627,0.4391317409491684,0.46820454673761713,0.49778316757608454,0.5086267621586011,0.5001441967995929,0.47001580016735245,0.35110138427737025,0.36656167661302597,0.36950200143943446,0.32502171118463863,0.4460125611388681,0.0,0.4602740379192213,0.5868329355828663,0.32793546321477485,0.38722487328688815,0.4802997485666719,0.2780468925205042,0.47381455093293634,0.3287945622969296,0.5171632414953924,0.4748933626924413,0.3664697274430626,0.3656898191122251,0.3404272820226639,0.5245020010530099,0.5240817779466103,0.3553020994500745,0.37341304198072456
0.32825674499964863,0.3047036669988691,1.0,0.26836480294595555,0.26010713112476624,0.28287125326481866,0.2804553970699225,0.2730783287867883,0.30987415833576004,0.2766484607256914,0.3008925467740604,0.27428315282639104,0.28976786660466125,0.2754088831571442,0.262443891515717,0.2850427264856147,0.26165966617710434,0.29051899368695655,0.2587617444324838,0.28644627942216827,0.2843456316878912,0.27303543382726236,0.2908622723941231,0.24884111941151899,0.25014350087752324,0.26683576568656253,0.29379763054489394,0.2749615496105854,0.3038250409684352,0.3201601942951293,0.25599129447631475,0.27344355975608947,0.0,0.2873311434713046,0.28350749533757713,0.26551360503319354,0.26696353950829843,0.29296727739825823,0.22260170604943796,0.29188273325008984,0.2619545286857834,0.29095095883937094,0.2993331862726569,0.2836994552597696,0.27661788298780066,0.2893754159167521,0.29629276204256927,0.29499968637327456,0.2796831010236902,0.31422170248471704
0.34787862497363864,0.345734036975174,0.26836480294595555,1.0,0.3698845732361338,0.352003256694419,0.33060220931875883,0.5527090409789406,0.36472617531649154,0.5687009108695292,0.34906578421571877,0.5534230600569863,0.35960337779904694,0.5855518798981534,0.5981594186197392,0.3556646000651208,0.33926674431108617,0.3421680951724734,0.3011635296547066,0.33493319160537205,0.3142696118330296,0.3150346511663509,0.3423726723305356,0.3361705135961439,0.3452661343523947,0.35138292846243535,0.3340751581725919,0.5495525984626468,0.34874053132712945,0.3394231699967408,0.5366253453917241,0.3618968472805396,0.0,0.3281283734390199,0.3446310331436697,0.44830506090403965,0.3251237200639485,0.32696001584444456,0.41854821392331487,0.3252496581617651,0.565756607177371,0.34678559695577194,0.3334208923008116,0.5600606170740838,0.5493408690977316,0.34327935046499247,0.33114968596726224,0.3351784328183217,0.49341890200720484,0.3724496152756751
0.34402354272276814,0.419228104111078,0.26010713112476624,0.3698845732361338,1.0,0.4453650865845159,0.36096085026591795,0.35096421877352424,0.36831923376149533,0.3637239375613345,0.5121421815527838,0.32596859249497534,0.5165004131717834,0.33535162914356476,0.3605195189620073,0.4124005451850258,0.45820180194720805,0.4394385284859641,0.392505858828471,0.3667517780019899,0.43352809577215823,0.4118047272258235,0.44687557635649655,0.4514378700176086,0.4334108300126571,0.4738848059670202,0.4507018712392784,0.304325483252055,0.32834714176021995,0.3437545612418109,0.32757839654360055,0.4971406599682132,0.0,0.44862322296402724,0.43290932404861404,0.30272233106371715,0.3707276130492856,0.45561200021259773,0.2995768946611662,0.4560453867186528,0.36162347099070136,0.4399877076334382,0.46520918274026435,0.32139143138147874,0.32549399806815327,0.3032483138610159,0.4344330898010623,0.4383501346606612,0.31336099467378664,0.32993159684820494
0.3781329709200133,0.5650071021822658,0.28287125326481866,0.352003256694419,0.4453650865845159,1.0,0.41619511551569666,0.3541685607417865,0.35355506785265023,0.33488198064773633,0.4948031504960988,0.34600915627783335,0.45706884276683946,0.3390975477542951,0.3274592285190884,0.42541322138280524,0.4956631077702458,0.4703359602564712,0.4228727162272904,0.41779935685222747,0.4284627452269053,0.47103267459373,0.4636234751760163,0.5405898647713808,0.5494757485118615,0.5042027676355029,0.45070781925832903,0.3268789596031757,0.3592366353442834,0.34451857271615016,0.3130902690520896,0.4587877426797875,0.0,0.46793063798115586,0.5819380603644736,0.33390918409554604,0.3932910124628367,0.4661318596953872,0.3025629903113499,0.4612585533662872,0.3268304442695037,0.526477305244907,0.4573996286440891,0.3478317780743284,0.3423108371916491,0.3262207595932306,0.5080530498557528,0.5149711764244063,0.3365685141458876,0.3686187285999737
0.36693653101625034,0.40889206252904287,0.2804553970699225,0.33060220931875883,0.36096085026591795,0.41619511551569666,1.0,0.32670872991191835,0.35829018558552517,0.32438000865299965,0.41756570254290604,0.32504057255924423,0.399512444361402,0.3277246924111201,0.3117974694657275,0.7377630375431636,0.37638156279411894,0.4485200315832506,0.40511082192098735,0.8541191870599333,0.4346357677056011,0.40962868065233016,0.4575312550392665,0.36092025996491583,0.364798784796429,0.3849688435714782,0.4162808210735208,0.3204596702636825,0.3435271986182774,0.347316687057061,0.3005527369207216,0.39012360549185854,0.0,0.4217259296449092,0.4243067831507128,0.3357234284950563,0.7649573036196193,0.3893892219210561,0.2794492887762563,0.4060604362640532,0.3043903096575492,0.41314845911077835,0.408310061107353,0.3334582505646213,0.3310295000699137,0.3224472417188441,0.3987809263238796,0.3993427485821025,0.31942408749409645,0.36158794149195583
0.35351995113872425,0.35220316441702015,0.2730783287867883,0.5527090409789406,0.35096421877352424,0.3541685607417865,0.32670872991191835,1.0,0.3559406712193425,0.5574220685428903,0.3422778410536944,0.5330165058623151,0.3561914443714297,0.5366660987929339,0.5246396873571273,0.3457493795544123,0.3253992855336386,0.3385364137698649,0.30457607631227146,0.3316060443213884,0.3177330767508043,0.3172074702972354,0.34054930771573,0.32493947401694157,0.31847757988858905,0.33916934999331516,0.3401571881139448,0.6983304623590333,0.3666772603552223,0.3433078832636631,0.5202154334744982,0.34535662958137603,0.0,0.3374070192617934,0.3382729896345278,0.4515573145324838,0.3155329692456279,0.3464496481648016,0.4140062730770524,0.33699612456886874,0.5351567697881265,0.3428631010705222,0.3392160665751217,0.703142241603145,0.677402339450474,0.3460362326508756,0.33337929135709743,0.33441184489660924,0.4881332182336451,0.3717789019086196
0.44297288099597243,0.3608456883960909,0.30987415833576004,0.36472617531649154,0.36831923376149533,0.35355506785265023,0.35829018558552517,0.3559406712193425,1.0,0.3704723456013672,0.36800989864998535,0.33972474515574835,0.3813308226062011,0.35188390740531217,0.35153091253388813,0.38100115565006765,0.3386533233530199,0.3627584117981746,0.3220380773839234,0.366236172652998,0.34897967412674324,0.33770865722587684,0.36269709919072013,0.32835442135491455,0.32460004803124576,0.3551105929203584,0.36741384621555795,0.3353269483464133,0.38524360885703435,0.4618512507676523,0.34016931854825183,0.3559647275643427,0.0,0.3578647190754959,0.3561021224685921,0.3385282651644279,0.3505452748807888,0.3544920632294143,0.2882849031974295,0.3610733114536745,0.35142792756015706,0.3624409062625592,0.3703293540387681,0.34392469984446683,0.3387456608583963,0.3638529943959705,0.35562556106482024,0.3557540353907297,0.3331315801074761,0.3959087453181134
0.3635466370129644,0.35243610956588367,0.2766484607256914,0.5687009108695292,0.3637239375613345,0.33488198064773633,0.32438000865299965,0.5574220685428903,0.3704723456013672,1.0,0.34517770365002287,0.5329526448946131,0.36562054274793065,0.5456529082431556,0.5501594364534503,0.3497272754965036,0.31760548648643283,0.337518276473039,0.29984178976750875,0.32989782860277395,0.31851789570239897,0.30967755160042065,0.3331217451026329,0.31013626612154666,0.3135667128065006,0.33839884700285017,0.33935798413103324,0.5449655451435758,0.36329562584798814,0.35536377305774747,0.5532484636099231,0.34225690721673674,0.0,0.32999659987725416,0.33437891817638143,0.4570307144509762,0.31782223026206724,0.33912636347378433,0.4227323764041646,0.3363759963060581,0.5704358434048071,0.33734103403007987,0.3377040102824951,0.5487852639114355,0.5485565593822733,0.34514282619247616,0.3332354845608695,0.3344595358087714,0.5060263419311828,0.3618550557446002
0.38550164349697824,0.47963618936229535,0.3008925467740604,0.34906578421571877,0.5121421815527838,0.4948031504960988,0.41756570254290604,0.3422778410536944,0.36800989864998535,0.34517770365002287,1.0,0.350803419573392,0.5560677499995026,0.35175835911677344,0.3375980857463423,0.4217324596139127,0.4437170220056572,0.5400366219680556,0.47477254986036266,0.42596099449840585,0.5118048227670747,0.518439164319193,0.5355893206226875,0.4371477457044515,0.42158766732479114,0.4537064209106738,0.5440354258348196,0.3396420472383611,0.3521481152977616,0.3690277373903471,0.31990915798958264,0.4824078901442377,0.0,0.5288512990471745,0.4913747274396918,0.3447047712604505,0.39427122473102283,0.5272179054203012,0.28808292283731673,0.5584507639575982,0.32845009475959264,0.5139617844295372,0.5435506361806177,0.3553132459091044,0.34978743111200983,0.3356533494543279,0.4920553018645266,0.4925930333078239,0.3518836838406967,0.37808188969448076
0.36084147923511234,0.36106269607202823,0.27428315282639104,0.5534230600569863,0.32596859249497534,0.34600915627783335,0.32504057255924423,0.5330165058623151,0.33972474515574835,0.5329526448946131,0.350803419573392,1.0,0.3444747539417752,0.5464785315948611,0.6278690431035188,0.33480683927161603,0.32040895975111205,0.33749934589562325,0.3036888016001221,0.3297117659812966,0.32300938281989633,0.32846479925908634,0.3429986406428691,0.31521231622489865,0.3150888946219348,0.3301530591037831,0.33826456190628407,0.5432567214727657,0.36678224734599285,0.34403828361132827,0.49121011509898516,0.33475165256758177,0.0,0.3345134701875736,0.34378529459466955,0.44982814710026553,0.3106104119447296,0.3366887238876973,0.4160553033590373,0.3358916561975348,0.512698553173695,0.3415184468310166,0.3396561747643182,0.5491381597990747,0.5449119530737364,0.3520829021539663,0.33935445702411904,0.3418876419150604,0.4925344798747787,0.37344110147112775
0.37434248081342436,0.46406812877646686,0.28976786660466125,0.35960337779904694,0.5165004131717834,0.45706884276683946,0.399512444361402,0.3561914443714297,0.3813308226062011,0.36562054274793065,0.5560677499995026,0.3444747539417752,1.0,0.34107531756705256,0.3508044669627074,0.43243446985472933,0.4264443128829426,0.5324088656496158,0.5199009043922829,0.40822508385509826,0.5307090005147124,0.5537455946988153,0.5736416356766395,0.4218522821833294,0.40678413415670545,0.4606905555712023,0.5677465547366631,0.33348084505533826,0.3511104299074844,0.3829741835059953,0.3298821476656253,0.538186938288611,0.0,0.5610779445168111,0.46843234697635894,0.3281811846936834,0.3998073831654545,0.5382151867763418,0.2907989015282708,0.565297674121273,0.34768983459853864,0.4759825591885479,0.5639946896781863,0.34225946910984106,0.33875397652620753,0.3252399040102717,0.47694089006274787,0.47637890599970345,0.336950807604928,0.3605768623643735
0.34898340170643616,0.34317770925018,0.2754088831571442,0.5855518798981534,0.33535162914356476,0.3390975477542951,0.3277246924111201,0.5366660987929339,0.35188390740531217,0.5456529082431556,0.35175835911677344,0.5464785315948611,0.34107531756705256,1.0,0.5769246341073464,0.33549771748377966,0.3177062297126281,0.3435105428562938,0.30323730855152176,0.33328230345946286,0.31671082659411287,0.3174357014593805,0.34068992213017013,0.299027636177972,0.3067625894517694,0.3223580779092562,0.3379092202537576,0.55978663131606,0.36104552976386406,0.3388276794106828,0.5314513709580038,0.33469729993738184,0.0,0.3288077711610019,0.3351741222306469,0.4534658212098782,0.31361321773390527,0.33563379096159585,0.40560014539747613,0.3288991690780556,0.5461989132258925,0.3380560361614483,0.33574508706908324,0.5627128219437909,0.5495141278070956,0.35193315801127323,0.33138568732881235,0.33341547987720443,0.5036641562444706,0.3779913279133553
0.33084280836348623,0.32877922628989786,0.262443891515717,0.5981594186197392,0.3605195189620073,0.3274592285190884,0.3117974694657275,0.5246396873571273,0.35153091253388813,0.5501594364534503,0.3375980857463423,0.6278690431035188,0.3508044669627074,0.5769246341073464,1.0,0.33462777554262935,0.3212963139102777,0.32638278118360475,0.28750617141030965,0.31688229587579786,0.3058517500675949,0.3020711321003895,0.3280866586520659,0.30940367437212146,0.31157338875184537,0.33303507034670643,0.32492915804316724,0.5214309503287518,0.3447067270856833,0.3325257706907959,0.5262459333160745,0.3437189371633307,0.0,0.3195565261000377,0.3276816302272495,0.4417921593551498,0.3074776380206453,0.3203425628191524,0.4147955818752216,0.3200863496130083,0.5524111340288251,0.33024206303813286,0.3232546456586822,0.5257381713658855,0.5162299363648386,0.33816113043666296,0.3289434012939436,0.3312872328135529,0.48101384937592184,0.37002917357370047
0.3704013613575595,0.4137275301506489,0.2850427264856147,0.3556646000651208,0.4124005451850258,0.42541322138280524,0.7377630375431636,0.3457493795544123,0.38100115565006765,0.3497272754965036,0.4217324596139127,0.33480683927161603,0.43243446985472933,0.33549771748377966,0.33462777554262935,1.0,0.3950871315344936,0.4385899394365641,0.4014326203661477,0.7560338548093903,0.4163201116043088,0.4150581235963826,0.439734839890237,0.38523773475035084,0.38736579494493295,0.41295080502660275,0.41214714822657506,0.3246565457725249,0.3423020026281688,0.36614086036308746,0.32067720453434345,0.4128337275597035,0.0,0.416273652989234,0.4200901272542422,0.3313300578945816,0.7284207642849718,0.39629405099910786,0.27996078935043756,0.40668709785178503,0.3320326071735914,0.41714996827008977,0.4165787464341524,0.33464415278875725,0.33318216280226076,0.3262678598557366,0.406296032709322,0.4077011814835012,0.3255374108305812,0.361648676743599
0.34504255489546287,0.4787683288768091,0.26165966617710434,0.33926674431108617,0.45820180194720805,0.4956631077702458,0.37638156279411894,0.3253992855336386,0.3386533233530199,0.31760548648643283,0.4437170220056572,0.32040895975111205,0.4264443128829426,0.3177062297126281,0.3212963139102777,0.3950871315344936,1.0,0.42348384597133726,0.37556556391948936,0.37961934843266687,0.39727633079327207,0.4084473132167119,0.4311543052194359,0.5353325990400112,0.49400432108466674,0.5358436876534676,0.41319562850920355,0.303877346190903,0.33482815002985933,0.32440504978899465,0.29969845342713264,0.468886177796938,0.0,0.4316834038098425,0.4934025661420005,0.30775295899692745,0.3687980145222184,0.41451368845746117,0.26119045180025724,0.4151420310417301,0.30919333439870467,0.4763181511347617,0.42097459577467133,0.32147843457139014,0.32213795295478,0.2995866454170121,0.47108417406967595,0.4741564775878815,0.307914187580801,0.340818660255654
0.3775257338722342,0.4700799045460856,0.29051899368695655,0.3421680951724734,0.4394385284859641,0.4703359602564712,0.4485200315832506,0.3385364137698649,0.3627584117981746,0.337518276473039,0.5400366219680556,0.33749934589562325,0.5324088656496158,0.3435105428562938,0.32638278118360475,0.4385899394365641,0.42348384597133726,1.0,0.5181724597413382,0.4535971694880099,0.5471835702889244,0.532440120118103,0.5728066384517478,0.4058247652090724,0.4014419228044944,0.436984758137845,0.5491342314027444,0.3331813049989323,0.35292798359009814,0.367919233048702,0.3200769982033904,0.48582401180630164,0.0,0.533956174905418,0.47736548995634265,0.3496887266525399,0.4271524676671775,0.50626505609156,0.2868270126433098,0.5312303048828075,0.32209307016377453,0.4863018277814679,0.5332395797288909,0.343589795860617,0.3376381603174634,0.3322646707025585,0.4761280406990601,0.47610528793314943,0.33599717351085523,0.3699602910289541
0.34408897218928647,0.415173969962523,0.2587617444324838,0.3011635296547066,0.392505858828471,0.4228727162272904,0.40511082192098735,0.30457607631227146,0.3220380773839234,0.29984178976750875,0.47477254986036266,0.3036888016001221,0.5199009043922829,0.30323730855152176,0.28750617141030965,0.4014326203661477,0.37556556391948936,0.5181724597413382,1.0,0.4048005897657857,0.4975653247614533,0.5343284205661394,0.513813979158753,0.3605733510776742,0.35680555057318686,0.3774709533641475,0.4891798642934505,0.2992108561679163,0.3215652733972494,0.32594808495490935,0.27793898804517114,0.47447379421142344,0.0,0.472687552588255,0.42238006099540304,0.3074127101982105,0.38547305131116016,0.4604589324905387,0.2625106772479263,0.484694058942728,0.2851590555835811,0.4265919332510709,0.47995971390607817,0.30868579815691366,0.30415817768998343,0.29997171421704383,0.4203879503499287,0.4205135084933078,0.30033478954333215,0.3307223773616721
0.37293962862196584,0.416872473439597,0.28644627942216827,0.33493319160537205,0.3667517780019899,0.41779935685222747,0.8541191870599333,0.3316060443213884,0.366236172652998,0.32989782860277395,0.42596099449840585,0.3297117659812966,0.40822508385509826,0.33328230345946286,0.31688229587579786,0.7560338548093903,0.37961934843266687,0.4535971694880099,0.4048005897657857,1.0,0.4399907541782456,0.41189276960305543,0.45482034532771776,0.3626775201447997,0.3678079285288973,0.3897770847997889,0.424347420943062,0.32638698285949574,0.34891197274590513,0.3552825132426104,0.3061949774121373,0.3930481335304725,0.0,0.42460383497875864,0.42699203650079487,0.33606735395341847,0.7689732423896611,0.3976358045330235,0.2777386927407691,0.4161376420702845,0.3096824680338287,0.42241632164796783,0.4177330005433456,0.3376425080143306,0.33404243154595503,0.3297110548682438,0.4086039953386287,0.40934126604178556,0.3265442021356183,0.3697545741885778
0.35675601520453293,0.4493948962033627,0.2843456316878912,0.3142696118330296,0.43352809577215823,0.4284627452269053,0.4346357677056011,0.3177330767508043,0.34897967412674324,0.31851789570239897,0.5118048227670747,0.32300938281989633,0.5307090005147124,0.31671082659411287,0.3058517500675949,0.4163201116043088,0.39727633079327207,0.5471835702889244,0.4975653247614533,0.4399907541782456,1.0,0.521477897504532,0.5704548627631008,0.38056311740325843,0.37679890765286383,0.4233588116349345,0.5464794697318595,0.3187750375417363,0.3420662837838043,0.35866305436490586,0.2983360168830741,0.4864475182385145,0.0,0.5394024939033212,0.45613766534880473,0.32607724830192,0.40772028932773785,0.5108947670474564,0.2719344145854714,0.5351699554044796,0.30498940105737316,0.4481039999829347,0.5354010789670898,0.3252591232744444,0.3243223149380281,0.32791286218373494,0.4668798503369319,0.46463072340731515,0.31767415197589255,0.35519126934547696
0.35528257404417896,0.4391317409491684,0.27303543382726236,0.3150346511663509,0.4118047272258235,0.47103267459373,0.40962868065233016,0.3172074702972354,0.33770865722587684,0.30967755160042065,0.518439164319193,0.32846479925908634,0.5537455946988153,0.3174357014593805,0.3020711321003895,0.4150581235963826,0.4084473132167119,0.532440120118103,0.5343284205661394,0.41189276960305543,0.521477897504532,1.0,0.6776895357974522,0.3941048911084575,0.400268687178173,0.4084871721444542,0.5220675075984796,0.3131001898415112,0.33139347943897746,0.3410409937076111,0.2909144300828802,0.4988423303359576,0.0,0.6175173257589675,0.44338209623964486,0.317198688835851,0.38792000604319443,0.5054851373046858,0.26903285197093074,0.5141101702488922,0.29410874949544596,0.4435327378771645,0.5246999163455855,0.325996140891732,0.31728376821378346,0.3128582416457869,0.44395420550613507,0.44256487319541316,0.313363058611131,0.3455774229749553
0.3806450712248204,0.46820454673761713,0.2908622723941231,0.3423726723305356,0.44687557635649655,0.4636234751760163,0.4575312550392665,0.34054930771573,0.36269709919072013,0.3331217451026329,0.5355893206226875,0.3429986406428691,0.5736416356766395,0.34068992213017013,0.3280866586520659,0.439734839890237,0.4311543052194359,0.5728066384517478,0.513813979158753,0.45482034532771776,0.5704548627631008,0.6776895357974522,1.0,0.40292043061441174,0.40541380515053527,0.4323547990642943,0.5681215054311044,0.33629158263169234,0.35376784857062316,0.3619276477378467,0.31454452828621005,0.5108649074663043,0.0,0.6639519653655177,0.4719430051063126,0.3438026261639523,0.43416103453341215,0.5269668185054396,0.28699654726732016,0.5442758109033797,0.31788550422127293,0.4706568282568011,0.5502490096751612,0.3475263080256451,0.34307366401215844,0.3300962350593236,0.4700023696019412,0.469158542201192,0.3351819523342049,0.3666822826017059
0.3334482463897771,0.49778316757608454,0.24884111941151899,0.3361705135961439,0.4514378700176086,0.5405898647713808,0.36092025996491583,0.32493947401694157,0.32835442135491455,0.31013626612154666,0.4371477457044515,0.31521231622489865,0.4218522821833294,0.299027636177972,0.30940367437212146,0.38523773475035084,0.5353325990400112,0.4058247652090724,0.3605733510776742,0.3626775201447997,0.38056311740325843,0.3941048911084575,0.40292043061441174,1.0,0.62695494965815,0.5520619285472121,0.4010115209675087,0.28486899328787774,0.31868270694148115,0.31427221115795867,0.29039055176981576,0.4489669402041242,0.0,0.4069335113846393,0.5246498675131315,0.28881993320224375,0.3532421844058321,0.39276615044343377,0.2581447545663701,0.4018636514040951,0.3063792119171035,0.46028377805917187,0.39608470565310394,0.3084776633222227,0.3096177127529608,0.28295935594767974,0.43771777115121513,0.44557634048990835,0.2909975275941229,0.3252881076839197
0.3326615237633691,0.5086267621586011,0.25014350087752324,0.3452661343523947,0.4334108300126571,0.5494757485118615,0.364798784796429,0.31847757988858905,0.32460004803124576,0.3135667128065006,0.42158766732479114,0.3150888946219348,0.40678413415670545,0.3067625894517694,0.31157338875184537,0.38736579494493295,0.49400432108466674,0.4014419228044944,0.35680555057318686,0.3678079285288973,0.37679890765286383,0.400268687178173,0.40541380515053527,0.62695494965815,1.0,0.5587522429634206,0.3937344695012349,0.2883277140190337,0.3104164928840777,0.3066818004498493,0.29064412626773606,0.4603602665019876,0.0,0.3994033667941973,0.5205612992241692,0.28917633155041467,0.35959596506432956,0.4000445955851465,0.26447451581804815,0.4010577682518608,0.30629421376551924,0.45612504734122117,0.4012096508140143,0.32247909073885517,0.31948851879202567,0.2904845701147015,0.44218792020362185,0.45254844813631945,0.3048423389635869,0.32565045435596685
0.3516574862794707,0.5001441967995929,0.26683576568656253,0.35138292846243535,0.4738848059670202,0.5042027676355029,0.3849688435714782,0.33916934999331516,0.3551105929203584,0.33839884700285017,0.4537064209106738,0.3301530591037831,0.4606905555712023,0.3223580779092562,0.33303507034670643,0.41295080502660275,0.5358436876534676,0.436984758137845,0.3774709533641475,0.3897770847997889,0.4233588116349345,0.4084871721444542,0.4323547990642943,0.5520619285472121,0.5587522429634206,1.0,0.4306333179481029,0.30826312148623924,0.3347000510577668,0.34341046310897827,0.3104155994624044,0.46024327021390987,0.0,0.42644292873710243,0.5108850266420857,0.31049579906610136,0.38580492496972374,0.4275805007384206,0.27698914151187015,0.4401147673855875,0.32743898096317414,0.49745242628803765,0.4341324204466839,0.3343790161468747,0.32937180147953893,0.30613418542953197,0.485111032421783,0.48997021893525616,0.325793632943829,0.345340261360668
0.37780114126115016,0.47001580016735245,0.29379763054489394,0.3340751581725919,0.4507018712392784,0.45070781925832903,0.4162808210735208,0.3401571881139448,0.36741384621555795,0.33935798413103324,0.5440354258348196,0.33826456190628407,0.5677465547366631,0.3379092202537576,0.32492915804316724,0.41214714822657506,0.41319562850920355,0.5491342314027444,0.4891798642934505,0.424347420943062,0.5464794697318595,0.5220675075984796,0.5681215054311044,0.4010115209675087,0.3937344695012349,0.4306333179481029,1.0,0.33271653653921607,0.3569220505441859,0.3686081311838606,0.3193574110936189,0.5046312040216043,0.0,0.546557826772484,0.46731834611468426,0.33283960258889533,0.39686272814373647,0.6026612514825342,0.2764967024139623,0.5669331839299563,0.32502729136271247,0.47845980726159065,0.6334585869973897,0.3474649641307631,0.3381439144373728,0.33571034659036747,0.47186141135531867,0.4704999344860512,0.33992879947943566,0.3692997047457691
0.3480819760656866,0.35110138427737025,0.2749615496105854,0.5495525984626468,0.304325483252055,0.3268789596031757,0.3204596702636825,0.6983304623590333,0.3353269483464133,0.5449655451435758,0.3396420472383611,0.5432567214727657,0.33348084505533826,0.55978663131606,0.5214309503287518,0.3246565457725249,0.303877346190903,0.3331813049989323,0.2992108561679163,0.32638698285949574,0.3187750375417363,0.3131001898415112,0.33629158263169234,0.28486899328787774,0.2883277140190337,0.30826312148623924,0.33271653653921607,1.0,0.3615641096568434,0.34034311948730456,0.5117143870507574,0.3192532918539599,0.0,0.32513872575720326,0.32639951809860723,0.44978657397444977,0.3025330796019817,0.3418030796619733,0.40435721697353555,0.3280549796422868,0.5178846158812396,0.33147128909309476,0.3319155834467922,0.8172837210583996,0.7654657025140856,0.3485580891131076,0.33276907339070017,0.3320999376453534,0.5099618127415934,0.3664750007812566
0.39733924125436326,0.36656167661302597,0.3038250409684352,0.34874053132712945,0.32834714176021995,0.3592366353442834,0.3435271986182774,0.3666772603552223,0.38524360885703435,0.36329562584798814,0.3521481152977616,0.36678224734599285,0.3511104299074844,0.36104552976386406,0.3447067270856833,0.3423020026281688,0.33482815002985933,0.35292798359009814,0.3215652733972494,0.34891197274590513,0.3420662837838043,0.33139347943897746,0.35376784857062316,0.31868270694148115,0.3104164928840777,0.3347000510577668,0.3569220505441859,0.3615641096568434,1.0,0.3798261613983277,0.3359814879661134,0.34250954846627213,0.0,0.3493582887049709,0.3536148564299797,0.3492426046567325,0.3237894740221061,0.35366072991276376,0.30644185340550234,0.35544870267336925,0.33642903770556687,0.34799548307080086,0.35535749214900203,0.3635344117890823,0.36397377092629835,0.4278022278564997,0.35063253926153737,0.3508267090262378,0.35000275081865506,0.6176158773306699
0.4391541264903346,0.36950200143943446,0.3201601942951293,0.3394231699967408,0.3437545612418109,0.34451857271615016,0.347316687057061,0.3433078832636631,0.4618512507676523,0.35536377305774747,0.3690277373903471,0.34403828361132827,0.3829741835059953,0.3388276794106828,0.3325257706907959,0.36614086036308746,0.32440504978899465,0.367919233048702,0.32594808495490935,0.3552825132426104,0.35866305436490586,0.3410409937076111,0.3619276477378467,0.31427221115795867,0.3066818004498493,0.34341046310897827,0.3686081311838606,0.34034311948730456,0.3798261613983277,1.0,0.32502958924223735,0.34468473765528684,0.0,0.355383060559457,0.35600987477897184,0.3288992366363841,0.3368233258784761,0.36566023609414244,0.28741599549708374,0.3755581201582867,0.332161737993359,0.36010739254229884,0.37311045294947853,0.3422100926030103,0.3375459267899694,0.37779502820612465,0.36693434549008075,0.3652509571147926,0.3349960786820678,0.3929022018971491
0.32508021335100934,0.32502171118463863,0.25599129447631475,0.5366253453917241,0.32757839654360055,0.3130902690520896,0.3005527369207216,0.5202154334744982,0.34016931854825183,0.5532484636099231,0.31990915798958264,0.49121011509898516,0.3298821476656253,0.5314513709580038,0.5262459333160745,0.32067720453434345,0.29969845342713264,0.3200769982033904,0.27793898804517114,0.3061949774121373,0.2983360168830741,0.2909144300828802,0.31454452828621005,0.29039055176981576,0.29064412626773606,0.3104155994624044,0.3193574110936189,0.5117143870507574,0.3359814879661134,0.32502958924223735,1.0,0.32045518272911167,0.0,0.31080349145912656,0.3109216537038749,0.4271530547469462,0.2932081629911033,0.31591948045908147,0.3763659884196109,0.3140264146134162,0.6591434080205916,0.31587630209598816,0.31589269514587304,0.5102198212524505,0.5002796663818467,0.3294047349088509,0.31511363070228515,0.31593899983813667,0.4682527265854377,0.34394313034517066
0.35852297612657935,0.4460125611388681,0.27344355975608947,0.3618968472805396,0.4971406599682132,0.4587877426797875,0.39012360549185854,0.34535662958137603,0.3559647275643427,0.34225690721673674,0.4824078901442377,0.33475165256758177,0.538186938288611,0.33469729993738184,0.3437189371633307,0.4128337275597035,0.468886177796938,0.48582401180630164,0.47447379421142344,0.3930481335304725,0.4864475182385145,0.4988423303359576,0.5108649074663043,0.4489669402041242,0.4603602665019876,0.46024327021390987,0.5046312040216043,0.3192532918539599,0.34250954846627213,0.34468473765528684,0.32045518272911167,1.0,0.0,0.4932949949199348,0.4424525073138258,0.3144104608385083,0.3929513863224454,0.5080569517356683,0.28784240809863926,0.5074139757373558,0.3340738399998848,0.44859641280045737,0.5235586348567397,0.3308306095110083,0.3343312881254682,0.3125881302271024,0.4518697928498433,0.4545745618912309,0.31397308097284504,0.3404260376261812
0.0,0.0,0.0,0.0,0.0,0.0,0.0,0.0,0.0,0.0,0.0,0.0,0.0,0.0,0.0,0.0,0.0,0.0,0.0,0.0,0.0,0.0,0.0,0.0,0.0,0.0,0.0,0.0,0.0,0.0,0.0,0.0,1.0,0.0,0.0,0.0,0.0,0.0,0.0,0.0,0.0,0.0,0.0,0.0,0.0,0.0,0.0,0.0,0.0,0.0
0.37284726804473967,0.4602740379192213,0.2873311434713046,0.3281283734390199,0.44862322296402724,0.46793063798115586,0.4217259296449092,0.3374070192617934,0.3578647190754959,0.32999659987725416,0.5288512990471745,0.3345134701875736,0.5610779445168111,0.3288077711610019,0.3195565261000377,0.416273652989234,0.4316834038098425,0.533956174905418,0.472687552588255,0.42460383497875864,0.5394024939033212,0.6175173257589675,0.6639519653655177,0.4069335113846393,0.3994033667941973,0.42644292873710243,0.546557826772484,0.32513872575720326,0.3493582887049709,0.355383060559457,0.31080349145912656,0.4932949949199348,0.0,1.0,0.4741109110091144,0.34684739042362744,0.3970980849102319,0.5224374987598013,0.2944605964422934,0.5411478774080538,0.311519149879221,0.47138512584702785,0.5500606841837757,0.33533302586034897,0.33438341148556694,0.32128367061041074,0.4681043459195273,0.46702128933309595,0.32712238000452964,0.36007590585494864
0.3764515923414188,0.5868329355828663,0.28350749533757713,0.3446310331436697,0.43290932404861404,0.5819380603644736,0.4243067831507128,0.3382729896345278,0.3561021224685921,0.33437891817638143,0.4913747274396918,0.34378529459466955,0.46843234697635894,0.3351741222306469,0.3276816302272495,0.4200901272542422,0.4934025661420005,0.47736548995634265,0.42238006099540304,0.42699203650079487,0.45613766534880473,0.44338209623964486,0.4719430051063126,0.5246498675131315,0.5205612992241692,0.5108850266420857,0.46731834611468426,0.32639951809860723,0.3536148564299797,0.35600987477897184,0.3109216537038749,0.4424525073138258,0.0,0.4741109110091144,1.0,0.3304948988621348,0.3941401136292868,0.4582132134258552,0.2910534587208582,0.47812750897008127,0.3204686182445754,0.5323614053850108,0.4764353191890326,0.3398112196061329,0.34265419281490594,0.3230631038219224,0.5148309630901023,0.5179662813431373,0.33315423017047674,0.3606482948271612
0.34238577976461704,0.32793546321477485,0.26551360503319354,0.44830506090403965,0.30272233106371715,0.33390918409554604,0.3357234284950563,0.4515573145324838,0.3385282651644279,0.4570307144509762,0.3447047712604505,0.44982814710026553,0.3281811846936834,0.4534658212098782,0.4417921593551498,0.3313300578945816,0.30775295899692745,0.3496887266525399,0.3074127101982105,0.33606735395341847,0.32607724830192,0.317198688835851,0.3438026261639523,0.28881993320224375,0.28917633155041467,0.31049579906610136,0.33283960258889533,0.44978657397444977,0.3492426046567325,0.3288992366363841,0.4271530547469462,0.3144104608385083,0.0,0.34684739042362744,0.3304948988621348,1.0,0.31555713695059096,0.3235292982895498,0.40030510658861196,0.333210979026186,0.4321504948420094,0.3334592982417265,0.3271598698728281,0.4578344673651271,0.45340254509554667,0.32910632178209875,0.3231109100191156,0.32391360245318535,0.4451729622371756,0.3597285659747592
0.3479078638812454,0.38722487328688815,0.26696353950829843,0.3251237200639485,0.3707276130492856,0.3932910124628367,0.7649573036196193,0.3155329692456279,0.3505452748807888,0.31782223026206724,0.39427122473102283,0.3106104119447296,0.3998073831654545,0.31361321773390527,0.3074776380206453,0.7284207642849718,0.3687980145222184,0.4271524676671775,0.38547305131116016,0.7689732423896611,0.40772028932773785,0.38792000604319443,0.43416103453341215,0.3532421844058321,0.35959596506432956,0.38580492496972374,0.39686272814373647,0.3025330796019817,0.3237894740221061,0.3368233258784761,0.2932081629911033,0.3929513863224454,0.0,0.3970980849102319,0.3941401136292868,0.31555713695059096,1.0,0.3730160529924097,0.26257484096093986,0.38042328383058166,0.3008527131857609,0.39244664319573574,0.39529849056753663,0.314392086751899,0.3106550260635704,0.3037231281363205,0.37852374792955024,0.379547533007606,0.30094986546873004,0.3410922851052125
0.38472169771231457,0.4802997485666719,0.29296727739825823,0.32696001584444456,0.45561200021259773,0.4661318596953872,0.3893892219210561,0.3464496481648016,0.3544920632294143,0.33912636347378433,0.5272179054203012,0.3366887238876973,0.5382151867763418,0.33563379096159585,0.3203425628191524,0.39629405099910786,0.41451368845746117,0.50626505609156,0.4604589324905387,0.3976358045330235,0.5108947670474564,0.5054851373046858,0.5269668185054396,0.39276615044343377,0.4000445955851465,0.4275805007384206,0.6026612514825342,0.3418030796619733,0.35366072991276376,0.36566023609414244,0.31591948045908147,0.5080569517356683,0.0,0.5224374987598013,0.4582132134258552,0.3235292982895498,0.3730160529924097,1.0,0.2825191841955387,0.5507577351650219,0.32026692331876816,0.4687173151508983,0.6474431037186756,0.3522341473106664,0.3432376711825391,0.3396246544180803,0.486361276629684,0.4843522638896848,0.3435566133272002,0.35845810099802233
0.29699857420505404,0.2780468925205042,0.22260170604943796,0.41854821392331487,0.2995768946611662,0.3025629903113499,0.2794492887762563,0.4140062730770524,0.2882849031974295,0.4227323764041646,0.28808292283731673,0.4160553033590373,0.2907989015282708,0.40560014539747613,0.4147955818752216,0.27996078935043756,0.26119045180025724,0.2868270126433098,0.2625106772479263,0.2777386927407691,0.2719344145854714,0.26903285197093074,0.28699654726732016,0.2581447545663701,0.26447451581804815,0.27698914151187015,0.2764967024139623,0.40435721697353555,0.30644185340550234,0.28741599549708374,0.3763659884196109,0.28784240809863926,0.0,0.2944605964422934,0.2910534587208582,0.40030510658861196,0.26257484096093986,0.2825191841955387,1.0,0.28579280192407663,0.39931133355968607,0.2803102922013705,0.28593276912911336,0.4161721520080186,0.4296187437249712,0.27994625972761145,0.27882158624390463,0.2862240567221358,0.3891309863777094,0.3035134774775732
0.3775977434059067,0.47381455093293634,0.29188273325008984,0.3252496581617651,0.4560453867186528,0.4612585533662872,0.4060604362640532,0.33699612456886874,0.3610733114536745,0.3363759963060581,0.5584507639575982,0.3358916561975348,0.565297674121273,0.3288991690780556,0.3200863496130083,0.40668709785178503,0.4151420310417301,0.5312303048828075,0.484694058942728,0.4161376420702845,0.5351699554044796,0.5141101702488922,0.5442758109033797,0.4018636514040951,0.4010577682518608,0.4401147673855875,0.5669331839299563,0.3280549796422868,0.35544870267336925,0.3755581201582867,0.3140264146134162,0.5074139757373558,0.0,0.5411478774080538,0.47812750897008127,0.333210979026186,0.38042328383058166,0.5507577351650219,0.28579280192407663,1.0,0.3155491753107631,0.47693109537456224,0.5739088881444815,0.3368071825175881,0.34371960406207935,0.3390015758642423,0.4952882905114274,0.5011168941670527,0.3344200718745559,0.3682481903961138
