../ecoli_genomes/GCF_000163235.1_ASM16323v1_genomic.fna.gz,../ecoli_genomes/GCF_000164555.1_ASM16455v1_genomic.fna.gz,../ecoli_genomes/GCF_000208545.1_ASM20854v2_genomic.fna.gz,../ecoli_genomes/GCF_000233875.1_ASM23387v1_genomic.fna.gz,../ecoli_genomes/GCF_000249735.1_ASM24973v2_genomic.fna.gz,../ecoli_genomes/GCF_000261145.1_Esch_coli_M919_V2_genomic.fna.gz,../ecoli_genomes/GCF_000267705.2_ASM26770v2_genomic.fna.gz,../ecoli_genomes/GCF_000350665.1_Esch_coli_KTE5_V1_genomic.fna.gz,../ecoli_genomes/GCF_000351625.1_Esch_coli_KTE66_V1_genomic.fna.gz,../ecoli_genomes/GCF_000352285.1_Esch_coli_KTE46_V1_genomic.fna.gz,../ecoli_genomes/GCF_000358895.1_ASM35889v1_genomic.fna.gz,../ecoli_genomes/GCF_000456385.1_Esch_coli_HVH_26_4-5703913_V1_genomic.fna.gz,../ecoli_genomes/GCF_000458195.1_Esch_coli_HVH_147_4-5893887_V1_genomic.fna.gz,../ecoli_genomes/GCF_000459755.1_Esch_coli_KOEGE_58_171a_V1_genomic.fna.gz,../ecoli_genomes/GCF_000460055.1_Esch_coli_UMEA_3053-1_V1_genomic.fna.gz,../ecoli_genomes/GCF_000462165.2_ASM46216v2_genomic.fna.gz,../ecoli_genomes/GCF_000601135.1_ASM60113v1_genomic.fna.gz,../ecoli_genomes/GCF_000614595.1_Ec2010EL1058_genomic.fna.gz,../ecoli_genomes/GCF_000617745.1_Ec2010C-4529_genomic.fna.gz,../ecoli_genomes/GCF_000618265.2_EcF6751_genomic.fna.gz,../ecoli_genomes/GCF_000619005.2_Ec2009C-4052_genomic.fna.gz,../ecoli_genomes/GCF_000619105.1_Ec2009C-4780_genomic.fna.gz,../ecoli_genomes/GCF_000619765.2_Ec2009C-3279_genomic.fna.gz,../ecoli_genomes/GCF_000687005.1_ASM68700v1_genomic.fna.gz,../ecoli_genomes/GCF_000687025.1_ASM68702v1_genomic.fna.gz,../ecoli_genomes/GCF_000700125.1_ASM70012v1_genomic.fna.gz,../ecoli_genomes/GCF_000753315.1_FHI35_genomic.fna.gz,../ecoli_genomes/GCF_000776375.1_ASM77637v1_genomic.fna.gz,../ecoli_genomes/GCF_000779395.1_ASM77939v1_genomic.fna.gz,../ecoli_genomes/GCF_000780315.1_ASM78031v1_genomic.fna.gz,../ecoli_genomes/GCF_000781995.1_ASM78199v1_genomic.fna.gz,../ecoli_genomes/GCF_000986765.1_ASM98676v1_genomic.fna.gz,../ecoli_genomes/GCF_001041375.1_ViralProj287958_genomic.fna.gz,../ecoli_genomes/GCF_001265335.1_302014_genomic.fna.gz,../ecoli_genomes/GCF_001265625.1_100854_genomic.fna.gz,../ecoli_genomes/GCF_001267345.1_303289_genomic.fna.gz,../ecoli_genomes/GCF_001309985.1_ASM130998v1_genomic.fna.gz,../ecoli_genomes/GCF_001521695.1_ASM152169v1_genomic.fna.gz,../ecoli_genomes/GCF_001592595.1_ASM159259v1_genomic.fna.gz,../ecoli_genomes/GCF_001614975.1_ASM161497v1_genomic.fna.gz,../ecoli_genomes/GCF_001692775.1_ASM169277v1_genomic.fna.gz,../ecoli_genomes/GCF_001748915.1_ASM174891v1_genomic.fna.gz,../ecoli_genomes/GCF_001749235.1_ASM174923v1_genomic.fna.gz,../ecoli_genomes/GCF_001881155.1_ASM188115v1_genomic.fna.gz,../ecoli_genomes/GCF_001881345.1_ASM188134v1_genomic.fna.gz,../ecoli_genomes/GCF_001892405.1_ASM189240v1_genomic.fna.gz,../ecoli_genomes/GCF_001892585.1_ASM189258v1_genomic.fna.gz,../ecoli_genomes/GCF_001893985.1_ASM189398v1_genomic.fna.gz,../ecoli_genomes/GCF_002001595.1_ASM200159v1_genomic.fna.gz,../ecoli_genomes/GCF_002002145.1_ASM200214v1_genomic.fna.gz
1.0,0.3278654032590369,0.2532827906493105,0.2787227093418705,0.2896606190844192,0.2994904242171742,0.29865004765567293,0.2852777671100897,0.3964403936814791,0.29232138535961305,0.32120666906700035,0.2894376239955577,0.3062936733431013,0.2748799897359482,0.26546493285421535,0.2968413719141585,0.2828501368128693,0.3136897609851942,0.27522892123899545,0.29790806020101057,0.2992386872545132,0.27912184378713456,0.3174878933788109,0.28496752212860244,0.29824152859874886,0.29688104979681995,0.3128109277013055,0.27564485819349704,0.33893995314131975,0.3899656067927392,0.25585427450251763,0.3094521946676466,0.0,0.3080793153318595,0.3083908773122499,0.26960575468774783,0.28566978420306155,0.3181566909574307,0.25953239450798715,0.31785807320816406,0.2621105582359582,0.31338385707785144,0.3192352042076305,0.28129807202477564,0.2901157766680367,0.3130477714116119,0.3097861498904372,0.311154464392169,0.26826542439578915,0.3456525030079748
0.3278654032590369,1.0,0.23636492297621636,0.2790491198104478,0.3871773635214696,0.5255037876371491,0.3479930208257206,0.285249344290439,0.3042651464773639,0.283899735823388,0.43060844832032164,0.2860491055838589,0.41637750382574223,0.2693732861664937,0.26166595048140395,0.34969791882842827,0.437748181182224,0.42701829427489824,0.36479255554316836,0.3487930048720753,0.4074820216527354,0.36956236231488837,0.42094288828231363,0.513186413532406,0.5320747485941137,0.46303857010334404,0.41496483407938,0.27821486757096336,0.3090222399975042,0.30814811772100126,0.25527505380854865,0.4069007911960578,0.0,0.40855789569250156,0.5690003794601497,0.26324175115003756,0.33459022500214897,0.43561377327574125,0.2446358266986165,0.42575477915712723,0.2597221577562373,0.4834164915081791,0.4270124684440164,0.29035972279086675,0.28896922297213845,0.2837161462906499,0.48658914335987735,0.48673292038439475,0.2801430205708333,0.3089651023606853
0.2532827906493105,0.23636492297621636,1.0,0.20580071854851012,0.20590709269999719,0.20967729351774478,0.21655021803907581,0.21253656344150273,0.2443215401604344,0.2126997561047026,0.2354208425435219,0.20549481855061247,0.22579668670904252,0.20909711456716507,0.20243736406819457,0.21772413633779286,0.19932432815843049,0.2258398447912141,0.196636338033914,0.21790662138483563,0.2232007832283588,0.20213704611539007,0.229285205590382,0.20222368722837047,0.20579845366027827,0.20579300621373575,0.2267438395125364,0.21302432069050214,0.25060992348860045,0.2515782875504742,0.19716860347199927,0.2180561608639463,0.0,0.22551339862198494,0.2192077787080906,0.20996216889277564,0.20873008033290985,0.22958020671004187,0.18632587435193748,0.2320999084359181,0.20022488454029108,0.22528583160693327,0.23355728536427722,0.21528340233861742,0.21224871498326647,0.22657358260365357,0.22898889578531723,0.2292415467067449,0.2134647380868656,0.2522173393187117
0.2787227093418705,0.2790491198104478,0.20580071854851012,1.0,0.2574455371014046,0.2588211089560606,0.2576295819302242,0.5014127812720018,0.2784557918494699,0.5186374610912341,0.2698792688259032,0.5106947488897826,0.2698398468403179,0.5508310883498173,0.5507936406985248,0.26634796747530165,0.2385674459203544,0.26626781293369495,0.2359743509112704,0.2586684595795774,0.25751617317567,0.23667661330990852,0.27214563998551833,0.24336610457132102,0.258187409405635,0.24901863464712304,0.2613836894083208,0.527044355731487,0.30361855218376066,0.26888869138922356,0.49439657745357524,0.27591326202193744,0.0,0.25609020561347273,0.25584110068126786,0.4212249925693601,0.25299782579630037,0.2630931977918851,0.4156614952784946,0.26175709792665536,0.5217962052480674,0.26451896950217024,0.2641997043033797,0.5237450779896364,0.5177820274766276,0.29327246758794645,0.2608756418545999,0.2621416388361093,0.46005746007747284,0.31137687782251533
0.2896606190844192,0.3871773635214696,0.20590709269999719,0.2574455371014046,1.0,0.37998183840926103,0.3131543431574334,0.25442472895480994,0.28647049134589986,0.2650979063976946,0.500421480837501,0.2516314921421514,0.4454077009984956,0.24888144294059156,0.2596666901878658,0.33369726010289125,0.4144545069756004,0.4079848420330481,0.3596602856813863,0.3142050718788699,0.41301958298146957,0.36663818255707015,0.4192117574713836,0.4258328418388305,0.39070737558605784,0.40737898197378386,0.4208746558950113,0.23579221272763196,0.2916977693381575,0.28717671060270433,0.23759520808882362,0.44678867625829777,0.0,0.4144090645166185,0.3795915635301258,0.23492537592844387,0.31235775259683185,0.4337304782442145,0.23235363008614995,0.43553021753893373,0.2519956344691239,0.38929040077582355,0.43735939708732097,0.24334495211709462,0.25031460509045556,0.26155176795363555,0.40380499359299227,0.4047105298341064,0.24317807271189107,0.28046734364870873
0.2994904242171742,0.5255037876371491,0.20967729351774478,0.2588211089560606,0.37998183840926103,1.0,0.3398034065515142,0.26560310435155743,0.2825950933728102,0.2550548775458472,0.41358027314947543,0.2583420799957524,0.3903303067442382,0.25221702380538613,0.24565089338205304,0.3460977128701478,0.4265378721611791,0.40545363594471295,0.3534653668732839,0.33663779101114755,0.38116564826808375,0.43037288126519846,0.3997137790418267,0.47746702323580115,0.5215029233239132,0.45360794928773673,0.3817695132648956,0.2528676352284511,0.2899084889660498,0.28427735606437565,0.23566676106503248,0.3972159963435803,0.0,0.39167169668474644,0.5296327785292296,0.2560200571690986,0.32164896142927457,0.4007062394625679,0.25023872581274076,0.40242314696086334,0.24363361335087763,0.4531448153204818,0.3987942129089417,0.2592680658390233,0.25801032071176466,0.2668232036931909,0.45524680001654405,0.45698067684398613,0.25099512740606644,0.2935277284916449
0.29865004765567293,0.3479930208257206,0.21655021803907581,0.2576295819302242,0.3131543431574334,0.3398034065515142,1.0,0.2565134974375348,0.2932401494149146,0.25342452168069074,0.35822366858364874,0.25112583904873953,0.3457205057593933,0.2538716354554009,0.24400766412968156,0.7622125532732553,0.3123938835791603,0.38797836778030337,0.33699151092381063,0.8680440093041191,0.38474646006719015,0.34267420415139294,0.39186811512046626,0.32109012755650745,0.3233213855259376,0.32996898017765997,0.3543455514077316,0.24908475029020805,0.2876375958205729,0.2939026204478292,0.23407755819876053,0.3396346969067776,0.0,0.3576051461329419,0.3572130896252622,0.26338841523865264,0.7992784827178623,0.34076841134365377,0.23813166537645702,0.35147665613151924,0.23717662596943545,0.3508310522227025,0.35727440482771733,0.2551666193233799,0.2573263198240908,0.267267076703521,0.3427850230039339,0.3434570762191156,0.2524870074696842,0.2956280350403464
0.2852777671100897,0.285249344290439,0.21253656344150273,0.5014127812720018,0.25442472895480994,0.26560310435155743,0.2565134974375348,1.0,0.2758916445568338,0.49975130297011106,0.27195118495925497,0.4810066533952392,0.2713695282390267,0.48946035481669226,0.47140012529856623,0.2599535908913717,0.24045487339283322,0.2640083362591207,0.24068124432064963,0.2564300663524498,0.25704022030625706,0.2400744289005241,0.2691641018644412,0.2524184601430529,0.25509521375197586,0.25333085671838373,0.2642219819079641,0.6955446357487282,0.3097936747431286,0.26646202883445713,0.4677408153629782,0.2729290003380781,0.0,0.2633797147775979,0.2611432829387166,0.40903133927673474,0.24731960301781852,0.2855118077093941,0.41422862524135684,0.2663368619951346,0.4785192678678136,0.27207121048792327,0.27143247649074964,0.7028595819755578,0.6762212810400761,0.2850272935498934,0.263755443316699,0.2644692711522606,0.44385039809940885,0.30426650291308543
0.3964403936814791,0.3042651464773639,0.2443215401604344,0.2784557918494699,0.28647049134589986,0.2825950933728102,0.2932401494149146,0.2758916445568338,1.0,0.2865942715487837,0.31691348580840517,0.2713661233212803,0.3082782671130532,0.27280901280148684,0.2747416746660485,0.30123220992178523,0.264047423190353,0.3039933175800026,0.2636091057566541,0.2964149605904468,0.295149276754208,0.26918831049085923,0.3074906135015322,0.27265600650478117,0.27510898811841555,0.28171849806924,0.3064377978682451,0.26776524146273484,0.3290178464628992,0.4143111002689409,0.26228940567967063,0.2925730020557826,0.0,0.2949252387687653,0.2931105003632568,0.27791779140499273,0.2852083003733007,0.3022547851549052,0.24575328997380264,0.3104878129196701,0.266869509757204,0.30522686315988,0.3153129158357775,0.2726223955775303,0.26789614208042656,0.3103020278513775,0.3016011692822931,0.3019074018572311,0.2667701348244631,0.34172871175627695
0.29232138535961305,0.283899735823388,0.2126997561047026,0.5186374610912341,0.2650979063976946,0.2550548775458472,0.25342452168069074,0.49975130297011106,0.2865942715487837,1.0,0.27834999370026914,0.4861547921016046,0.28012203379071066,0.5070979002074332,0.5006340000920644,0.26406965237380653,0.23505595728055773,0.26435589748096044,0.2359874106081713,0.2543752265997864,0.25369458333242934,0.2345807818206811,0.2637064565793388,0.2466949232606127,0.25504239107513116,0.2540085279718798,0.2687157078304524,0.49790934838867107,0.3110224145573586,0.2775581193102471,0.5146173516091375,0.2678470678250545,0.0,0.2573763515746229,0.255503265342777,0.42910181397554836,0.24729976460926328,0.2706065785354749,0.4269975026169136,0.26814049608143464,0.5264296080471442,0.26310147357314806,0.2682173993453364,0.5029003091665719,0.5042844258975787,0.29087563502216496,0.2652104078708012,0.26570338038747066,0.47464250069776437,0.30922656280617855
0.32120666906700035,0.43060844832032164,0.2354208425435219,0.2698792688259032,0.500421480837501,0.41358027314947543,0.35822366858364874,0.27195118495925497,0.31691348580840517,0.27834999370026914,1.0,0.26627760857891836,0.5356416890524507,0.27181628816590253,0.26279718262582774,0.3653487264111527,0.3733880827979661,0.500822543600752,0.44224769121187235,0.36032420638684715,0.4918401088734674,0.4770906661741179,0.5113323258854885,0.3919952845502692,0.3862315594049943,0.40636990917639393,0.5217048091985497,0.26774878236120714,0.3036615600952626,0.317216978473964,0.2563864772220986,0.4699001927798705,0.0,0.49312791017037516,0.42596419462053015,0.2725176095198485,0.34608893494605564,0.5066725485737597,0.24748751854303952,0.5397784785339081,0.2581531271138333,0.449781358735462,0.5226444201510727,0.2729428324524511,0.2710596864226865,0.2881781835428505,0.44160254324843506,0.4414961349371622,0.2687687151449343,0.3138683091166028
0.2894376239955577,0.2860491055838589,0.20549481855061247,0.5106947488897826,0.2516314921421514,0.2583420799957524,0.25112583904873953,0.4810066533952392,0.2713661233212803,0.4861547921016046,0.26627760857891836,1.0,0.2640104609131634,0.500997812458895,0.6122030440212332,0.2548024741200464,0.23598249889517942,0.2574617326073694,0.2373698290144176,0.24997510784334442,0.25580706711681966,0.23975680153448398,0.26320288557085925,0.24623210790605066,0.2490609953516052,0.24815842602732308,0.2580965261202055,0.4844312323022547,0.30992010892720356,0.2710581157746602,0.4465160505766185,0.2683167688557633,0.0,0.25693409300969994,0.2592266148437109,0.40403694139851476,0.24208319087062935,0.2685559548874451,0.4170253098253601,0.2593045046957251,0.4712531895886728,0.2613769859349053,0.26549979613560215,0.49159391510165495,0.49065171925343565,0.2904638300723459,0.2664925805914503,0.2679781074135219,0.43009414970239246,0.30359464702457983
0.3062936733431013,0.41637750382574223,0.22579668670904252,0.2698398468403179,0.4454077009984956,0.3903303067442382,0.3457205057593933,0.2713695282390267,0.3082782671130532,0.28012203379071066,0.5356416890524507,0.2640104609131634,1.0,0.2620738790047811,0.2694755102839963,0.35960209917677033,0.35623064454910713,0.49228525235774756,0.5123459051180055,0.34834295197804455,0.5032065056601442,0.5183169657890209,0.5534762197857022,0.38174085069610253,0.3691110923150708,0.38422208960002446,0.5445607492417203,0.2590420577885453,0.2954575983784078,0.3078610278910403,0.2524649276151383,0.5097101917221936,0.0,0.5472389119094636,0.4122566889881254,0.25973057448311077,0.34581462049691525,0.5209733026167505,0.2404133563896148,0.5366863603147745,0.2611522815846813,0.425192159035208,0.5299125528711269,0.26107353148618984,0.25998117620331695,0.27057227675792017,0.4207197768346941,0.4207589299990576,0.2600715038712218,0.3000480166966569
0.2748799897359482,0.2693732861664937,0.20909711456716507,0.5508310883498173,0.24888144294059156,0.25221702380538613,0.2538716354554009,0.48946035481669226,0.27280901280148684,0.5070979002074332,0.27181628816590253,0.500997812458895,0.2620738790047811,1.0,0.5438883335455913,0.2581874205692456,0.22967209452040394,0.2625730899687053,0.23182366672140964,0.2555158862965292,0.24921055622093002,0.2318189806439509,0.26279482302059365,0.23516079370144372,0.2419373394836407,0.24036731630122088,0.2606059898809633,0.5149035781870321,0.30608889847382226,0.26610760481987317,0.48818885525384337,0.2622897750324438,0.0,0.25127398227533937,0.25112711267799437,0.41592730962573676,0.24527016288061954,0.26223592847844757,0.4110383696304759,0.2598569393982857,0.5067619930946404,0.26011415055225995,0.2615658239003359,0.5128212631981243,0.5049512190306016,0.2893679362819147,0.2590274433793477,0.26070076003103415,0.4533890510558054,0.3094651946480883
0.26546493285421535,0.26166595048140395,0.20243736406819457,0.5507936406985248,0.2596666901878658,0.24565089338205304,0.24400766412968156,0.47140012529856623,0.2747416746660485,0.5006340000920644,0.26279718262582774,0.6122030440212332,0.2694755102839963,0.5438883335455913,1.0,0.2560153962807483,0.23390519605150994,0.2543041246619524,0.22783459543677242,0.2458238823584893,0.2479189895055005,0.22706301593967781,0.2601220794497471,0.2397246701973843,0.243270354087872,0.2410266034870051,0.2562466621855173,0.48188674807663656,0.2977351603330175,0.2647551753520875,0.48547826933629545,0.26448166131638684,0.0,0.2485864468912895,0.2470826907091872,0.40734820915130254,0.24023435691397055,0.2606906715121621,0.4108973179128079,0.25478991450873034,0.5102951750730381,0.2552359352349709,0.2610654506198611,0.4839672966152697,0.4780863290141223,0.2898362328139604,0.2634883704611447,0.26472209375987144,0.44045619433292993,0.313007562165903
0.2968413719141585,0.34969791882842827,0.21772413633779286,0.26634796747530165,0.33369726010289125,0.3460977128701478,0.7622125532732553,0.2599535908913717,0.30123220992178523,0.26406965237380653,0.3653487264111527,0.2548024741200464,0.35960209917677033,0.2581874205692456,0.2560153962807483,1.0,0.3127727999109019,0.3750756958482844,0.3323554439149812,0.7746317915927841,0.3670835635081917,0.34841832041015874,0.3835090800871649,0.3224362093803109,0.3268642097647969,0.33951162685737135,0.35243755198038496,0.2506366096737883,0.2880624241068379,0.3002211181646972,0.2406956988598925,0.34243591077202884,0.0,0.3552080016707875,0.35019909446596464,0.26158374704542364,0.7540752709285413,0.3449960427792227,0.2307601940997409,0.35165386053493974,0.2477286023955544,0.34935764286021187,0.35745115597448984,0.2537821048757608,0.25482694538034556,0.26937347845038573,0.3439239704259558,0.34445754589952293,0.25577624008473476,0.29552352291844963
0.2828501368128693,0.437748181182224,0.19932432815843049,0.2385674459203544,0.4144545069756004,0.4265378721611791,0.3123938835791603,0.24045487339283322,0.264047423190353,0.23505595728055773,0.3733880827979661,0.23598249889517942,0.35623064454910713,0.22967209452040394,0.23390519605150994,0.3127727999109019,1.0,0.36142546855959745,0.3162459668377572,0.309490579451128,0.3578414587771678,0.32876469684428267,0.3718711222541906,0.547585421708926,0.49608734317230196,0.5053363972722937,0.35466897132270503,0.2301273997002493,0.2900237846167988,0.2636630017244468,0.213297234233355,0.427318439182636,0.0,0.3736621010281167,0.4488464208253251,0.23755495419260797,0.30196860706049156,0.3597691150461557,0.2185625229466185,0.3660794591859171,0.2209480307525561,0.4116504149471715,0.3682248796705825,0.23832523423686336,0.24476850423006036,0.24963470159417622,0.4253941713869479,0.4268086169690939,0.22818538686442036,0.27054285861230465
0.3136897609851942,0.42701829427489824,0.2258398447912141,0.26626781293369495,0.4079848420330481,0.40545363594471295,0.38797836778030337,0.2640083362591207,0.3039933175800026,0.26435589748096044,0.500822543600752,0.2574617326073694,0.49228525235774756,0.2625730899687053,0.2543041246619524,0.3750756958482844,0.36142546855959745,1.0,0.47765054541693774,0.3871741082902225,0.5206086298902664,0.46862745420442464,0.536207574288168,0.3800122947646213,0.37829856848440324,0.3873428554643259,0.5006597944854597,0.25917122852102836,0.2994764549117698,0.30691113630156397,0.24561709221165995,0.45845863156652544,0.0,0.4837095972229555,0.4274418583840016,0.2767602424328349,0.372219294316679,0.47332420568311695,0.24942339732397256,0.5035566768759798,0.2480401030310666,0.4327171443051595,0.49662606008856325,0.26266721750558397,0.26277117283269025,0.2759245683694187,0.42871359309130896,0.42983485472936933,0.2563722257139389,0.30813943387188025
0.27522892123899545,0.36479255554316836,0.196636338033914,0.2359743509112704,0.3596602856813863,0.3534653668732839,0.33699151092381063,0.24068124432064963,0.2636091057566541,0.2359874106081713,0.44224769121187235,0.2373698290144176,0.5123459051180055,0.23182366672140964,0.22783459543677242,0.3323554439149812,0.3162459668377572,0.47765054541693774,1.0,0.33394732100673885,0.46125369913695546,0.4880989156350719,0.46886030589646865,0.3281342380493655,0.33213019144975975,0.33271321142287724,0.46764354583131906,0.23196734863291446,0.2549634510396781,0.26655077019723894,0.21794302559477063,0.460589086853496,0.0,0.46536481466682356,0.36958135544972603,0.24096502787496,0.3243919506722903,0.4386215962762463,0.21836477370907104,0.4431133497595564,0.22366976831564545,0.3737795131926962,0.4352803854972188,0.2397150279741217,0.2388332948999109,0.24357070421081484,0.36679765587600477,0.3680847651768099,0.22631448081447592,0.26770655437555846
0.29790806020101057,0.3487930048720753,0.21790662138483563,0.2586684595795774,0.3142050718788699,0.33663779101114755,0.8680440093041191,0.2564300663524498,0.2964149605904468,0.2543752265997864,0.36032420638684715,0.24997510784334442,0.34834295197804455,0.2555158862965292,0.2458238823584893,0.7746317915927841,0.309490579451128,0.3871741082902225,0.33394732100673885,1.0,0.3838597940193501,0.3385448853358104,0.39205358490552344,0.31474862814964377,0.32431504983240245,0.32691144007253303,0.35621754094578517,0.2504362420121107,0.2888706806613123,0.29546498782395936,0.23580129262916927,0.33922295796106194,0.0,0.35889322663744905,0.3549440098750163,0.26355182546126965,0.7982047981540087,0.3434706244298781,0.23569043873949969,0.35441829209602616,0.23905876558605466,0.3512918494535018,0.35959624311031213,0.2552855579155615,0.25610535642892307,0.2691325477894242,0.34451363478748276,0.3451959129262284,0.25424192114136723,0.29747971306034693
0.2992386872545132,0.4074820216527354,0.2232007832283588,0.25751617317567,0.41301958298146957,0.38116564826808375,0.38474646006719015,0.25704022030625706,0.295149276754208,0.25369458333242934,0.4918401088734674,0.25580706711681966,0.5032065056601442,0.24921055622093002,0.2479189895055005,0.3670835635081917,0.3578414587771678,0.5206086298902664,0.46125369913695546,0.3838597940193501,1.0,0.46741077334779935,0.5468504608002918,0.36621529884701676,0.3681422598682704,0.38258855079111986,0.5022238104440773,0.25560462307270326,0.2795084442125345,0.29823769205137607,0.23909082158988704,0.4723055351069816,0.0,0.5051224284880602,0.4122913481460121,0.2656361041341295,0.36764997759982054,0.4825716084718127,0.2380413731460972,0.5141401662103696,0.24563324922591256,0.40754735846392187,0.5021737589840983,0.2591643698837799,0.2584865059346514,0.26939122230786294,0.41657511531648794,0.4170671545900694,0.250928757923613,0.29287434536401646
0.27912184378713456,0.36956236231488837,0.20213704611539007,0.23667661330990852,0.36663818255707015,0.43037288126519846,0.34267420415139294,0.2400744289005241,0.26918831049085923,0.2345807818206811,0.4770906661741179,0.23975680153448398,0.5183169657890209,0.2318189806439509,0.22706301593967781,0.34841832041015874,0.32876469684428267,0.46862745420442464,0.4880989156350719,0.3385448853358104,0.46741077334779935,1.0,0.6246030842321266,0.33040780280572324,0.3524446155763028,0.37055881674060465,0.4799663010731309,0.23569120328350568,0.26094976645470047,0.2690314899981531,0.21933139677572566,0.45461894738147923,0.0,0.580537018731592,0.37096022372202875,0.2375519384359942,0.3230489967641984,0.4560611134384974,0.215606120070288,0.47396015654045753,0.22066103084455146,0.37921660218177444,0.46634981754921456,0.24009759434362565,0.23555138123488772,0.2450815405591391,0.3703122702760939,0.3708490189927639,0.23040774573465084,0.2730064029357092
0.3174878933788109,0.42094288828231363,0.229285205590382,0.27214563998551833,0.4192117574713836,0.3997137790418267,0.39186811512046626,0.2691641018644412,0.3074906135015322,0.2637064565793388,0.5113323258854885,0.26320288557085925,0.5534762197857022,0.26279482302059365,0.2601220794497471,0.3835090800871649,0.3718711222541906,0.536207574288168,0.46886030589646865,0.39205358490552344,0.5468504608002918,0.6246030842321266,1.0,0.3768935215735275,0.38510473432556735,0.3839076934660024,0.5368145168848535,0.2633504750572394,0.2981175378843257,0.302476477644658,0.24957332801028842,0.5016682479619494,0.0,0.6427244685895572,0.4186429754152623,0.2709450287402748,0.3763398996271342,0.5054518774545258,0.24805324759469838,0.532809043608675,0.2520791424712324,0.4257235721186101,0.5285989905634617,0.2685093999081659,0.26844578709648836,0.27806579948078025,0.42319388802895763,0.4244364888771759,0.2609209899979401,0.3075956161017631
0.28496752212860244,0.513186413532406,0.20222368722837047,0.24336610457132102,0.4258328418388305,0.47746702323580115,0.32109012755650745,0.2524184601430529,0.27265600650478117,0.2466949232606127,0.3919952845502692,0.24623210790605066,0.38174085069610253,0.23516079370144372,0.2397246701973843,0.3224362093803109,0.547585421708926,0.3800122947646213,0.3281342380493655,0.31474862814964377,0.36621529884701676,0.33040780280572324,0.3768935215735275,1.0,0.5360101730301338,0.5000203880620878,0.37063314277543535,0.2340432300488895,0.2951021559665189,0.27605264329190704,0.2229162819603847,0.3987576650384511,0.0,0.37720725424968393,0.5249141944067635,0.245099793015645,0.3125685033357275,0.37069488575627707,0.22071755020124062,0.37456163016893074,0.23328575479343272,0.4421267686327329,0.38025026110570603,0.24039049699308823,0.24681779687747563,0.2536795002681409,0.4324578874711329,0.43214874954212656,0.23814895539730085,0.27533968299849554
0.29824152859874886,0.5320747485941137,0.20579845366027827,0.258187409405635,0.39070737558605784,0.5215029233239132,0.3233213855259376,0.25509521375197586,0.27510898811841555,0.25504239107513116,0.3862315594049943,0.2490609953516052,0.3691110923150708,0.2419373394836407,0.243270354087872,0.3268642097647969,0.49608734317230196,0.37829856848440324,0.33213019144975975,0.32431504983240245,0.3681422598682704,0.3524446155763028,0.38510473432556735,0.5360101730301338,1.0,0.48590330854415553,0.3654334056813836,0.23786878846898796,0.2810515145815191,0.27365160699743574,0.22864851784740725,0.42202427732286774,0.0,0.3730689113693544,0.5350824675243944,0.24393648534707568,0.3191204070320698,0.37686286466713603,0.22907186004554303,0.37783222037222997,0.23916021327854375,0.4359792155681551,0.38023357029069593,0.25703347921113906,0.25455649359278865,0.2607799442523646,0.43549846995618724,0.43657060555898264,0.24652215935587363,0.27650670745029704
0.29688104979681995,0.46303857010334404,0.20579300621373575,0.24901863464712304,0.40737898197378386,0.45360794928773673,0.32996898017765997,0.25333085671838373,0.28171849806924,0.2540085279718798,0.40636990917639393,0.24815842602732308,0.38422208960002446,0.24036731630122088,0.2410266034870051,0.33951162685737135,0.5053363972722937,0.3873428554643259,0.33271321142287724,0.32691144007253303,0.38258855079111986,0.37055881674060465,0.3839076934660024,0.5000203880620878,0.48590330854415553,1.0,0.38240328943731516,0.2394571722804293,0.28728527041379637,0.2815964973026984,0.2294961660054432,0.39449288022960227,0.0,0.37388182841577666,0.4652682705907214,0.24522215184229557,0.3233592114408331,0.3877285464578404,0.2258989346471495,0.3975869989693599,0.23745007039559196,0.4401512149141118,0.38957967588225995,0.25509703032437914,0.25221337315174663,0.257038674888281,0.4442981799456246,0.44425967192635285,0.24878547791526184,0.2796537927313406
0.3128109277013055,0.41496483407938,0.2267438395125364,0.2613836894083208,0.4208746558950113,0.3817695132648956,0.3543455514077316,0.2642219819079641,0.3064377978682451,0.2687157078304524,0.5217048091985497,0.2580965261202055,0.5445607492417203,0.2606059898809633,0.2562466621855173,0.35243755198038496,0.35466897132270503,0.5006597944854597,0.46764354583131906,0.35621754094578517,0.5022238104440773,0.4799663010731309,0.5368145168848535,0.37063314277543535,0.3654334056813836,0.38240328943731516,1.0,0.2577519800399476,0.294535584258087,0.30378500017699694,0.24913438760514184,0.4925554909510155,0.0,0.5164980385444304,0.4083103019270863,0.26153387041302834,0.34278392650126754,0.5981512160358742,0.23175674051501494,0.5414756567129837,0.2530405950908676,0.42624699137036604,0.6163936210198244,0.26565981212343814,0.25978540006967277,0.277236583026775,0.41982849246933507,0.42033063138601345,0.261473582507447,0.30227783149844056
0.27564485819349704,0.27821486757096336,0.21302432069050214,0.527044355731487,0.23579221272763196,0.2528676352284511,0.24908475029020805,0.6955446357487282,0.26776524146273484,0.49790934838867107,0.26774878236120714,0.4844312323022547,0.2590420577885453,0.5149035781870321,0.48188674807663656,0.2506366096737883,0.2301273997002493,0.25917122852102836,0.23196734863291446,0.2504362420121107,0.25560462307270326,0.23569120328350568,0.2633504750572394,0.2340432300488895,0.23786878846898796,0.2394571722804293,0.2577519800399476,1.0,0.30520509294281506,0.26041033042719797,0.4711729586136557,0.2588956564903018,0.0,0.25467902525692265,0.2542391749449573,0.409229683455812,0.23788851640991626,0.27110712488904654,0.41351707037005225,0.25890062073567954,0.4848291102752459,0.260594201949496,0.2603971004718041,0.797216305565062,0.756671109866269,0.2827411388585439,0.2615427678792024,0.2621402734762649,0.45242893516568206,0.2979609208728179
0.33893995314131975,0.3090222399975042,0.25060992348860045,0.30361855218376066,0.2916977693381575,0.2899084889660498,0.2876375958205729,0.3097936747431286,0.3290178464628992,0.3110224145573586,0.3036615600952626,0.30992010892720356,0.2954575983784078,0.30608889847382226,0.2977351603330175,0.2880624241068379,0.2900237846167988,0.2994764549117698,0.2549634510396781,0.2888706806613123,0.2795084442125345,0.26094976645470047,0.2981175378843257,0.2951021559665189,0.2810515145815191,0.28728527041379637,0.294535584258087,0.30520509294281506,1.0,0.32241568868324677,0.2909483231142451,0.296550557587143,0.0,0.2928206548714213,0.294677459511027,0.3002246992808708,0.2780296305033111,0.2998536112480369,0.2799214273127947,0.29748635785962685,0.2882519528212215,0.2953127236836086,0.2996201820279133,0.3042250084595506,0.3068726545713307,0.38377925439153193,0.2933201123345379,0.29390527097223396,0.29620668344728573,0.6150509195670513
0.3899656067927392,0.30814811772100126,0.2515782875504742,0.26888869138922356,0.28717671060270433,0.28427735606437565,0.2939026204478292,0.26646202883445713,0.4143111002689409,0.2775581193102471,0.317216978473964,0.2710581157746602,0.3078610278910403,0.26610760481987317,0.2647551753520875,0.3002211181646972,0.2636630017244468,0.30691113630156397,0.26655077019723894,0.29546498782395936,0.29823769205137607,0.2690314899981531,0.302476477644658,0.27605264329190704,0.27365160699743574,0.2815964973026984,0.30378500017699694,0.26041033042719797,0.32241568868324677,1.0,0.25447676263589225,0.2891735814634542,0.0,0.29170330640675146,0.29852530662737753,0.2697437547578858,0.28500249322643056,0.3014009285694491,0.24476451587591352,0.31627987646831435,0.26060202664429977,0.30369409699350725,0.30993439464951933,0.26578147719071277,0.2630030138282109,0.3156202297314874,0.3047662158235588,0.3048021202853689,0.2667306202265681,0.33609612828975366
0.25585427450251763,0.25527505380854865,0.19716860347199927,0.49439657745357524,0.23759520808882362,0.23566676106503248,0.23407755819876053,0.4677408153629782,0.26228940567967063,0.5146173516091375,0.2563864772220986,0.4465160505766185,0.2524649276151383,0.48818885525384337,0.48547826933629545,0.2406956988598925,0.213297234233355,0.24561709221165995,0.21794302559477063,0.23580129262916927,0.23909082158988704,0.21933139677572566,0.24957332801028842,0.2229162819603847,0.22864851784740725,0.2294961660054432,0.24913438760514184,0.4711729586136557,0.2909483231142451,0.25447676263589225,1.0,0.2443889859448266,0.0,0.24026651328548798,0.2350750237914454,0.39720378602128426,0.22849778952417155,0.250024423064919,0.38664633068633436,0.25011887451555614,0.6482147116530808,0.24581579670080278,0.24742244032385585,0.47287062289087467,0.4656460536392647,0.2738431177176214,0.24627953054807883,0.2468583848784055,0.4328689439418232,0.29009250107115914
0.3094521946676466,0.4069007911960578,0.2180561608639463,0.27591326202193744,0.44678867625829777,0.3972159963435803,0.3396346969067776,0.2729290003380781,0.2925730020557826,0.2678470678250545,0.4699001927798705,0.2683167688557633,0.5097101917221936,0.2622897750324438,0.26448166131638684,0.34243591077202884,0.427318439182636,0.45845863156652544,0.460589086853496,0.33922295796106194,0.4723055351069816,0.45461894738147923,0.5016682479619494,0.3987576650384511,0.42202427732286774,0.39449288022960227,0.4925554909510155,0.2588956564903018,0.296550557587143,0.2891735814634542,0.2443889859448266,1.0,0.0,0.49352745510717344,0.39867005640293585,0.25409473225987356,0.33731079014460363,0.4949777092898384,0.23780007675956827,0.5011283367096493,0.25250820921615824,0.4060453418326754,0.4977860764730646,0.2645465849870743,0.2709422529020782,0.2685786060435158,0.41646779357150165,0.41854480224903057,0.24782611081242922,0.285719186955538
0.0,0.0,0.0,0.0,0.0,0.0,0.0,0.0,0.0,0.0,0.0,0.0,0.0,0.0,0.0,0.0,0.0,0.0,0.0,0.0,0.0,0.0,0.0,0.0,0.0,0.0,0.0,0.0,0.0,0.0,0.0,0.0,1.0,0.0,0.0,0.0,0.0,0.0,0.0,0.0,0.0,0.0,0.0,0.0,0.0,0.0,0.0,0.0,0.0,0.0
0.3080793153318595,0.40855789569250156,0.22551339862198494,0.25609020561347273,0.4144090645166185,0.39167169668474644,0.3576051461329419,0.2633797147775979,0.2949252387687653,0.2573763515746229,0.49312791017037516,0.25693409300969994,0.5472389119094636,0.25127398227533937,0.2485864468912895,0.3552080016707875,0.3736621010281167,0.4837095972229555,0.46536481466682356,0.35889322663744905,0.5051224284880602,0.580537018731592,0.6427244685895572,0.37720725424968393,0.3730689113693544,0.37388182841577666,0.5164980385444304,0.25467902525692265,0.2928206548714213,0.29170330640675146,0.24026651328548798,0.49352745510717344,0.0,1.0,0.40939095098699463,0.2687162941483243,0.34516985529763056,0.49941010810919007,0.25043588460197497,0.5120576696370069,0.24427860698413995,0.4162594287199902,0.5138753494253592,0.26020471338890916,0.2628026779707795,0.2684788472299582,0.41249144197923593,0.414280414463989,0.24954305329461457,0.29720657783569615
0.3083908773122499,0.5690003794601497,0.2192077787080906,0.25584110068126786,0.3795915635301258,0.5296327785292296,0.3572130896252622,0.2611432829387166,0.2931105003632568,0.255503265342777,0.42596419462053015,0.2592266148437109,0.4122566889881254,0.25112711267799437,0.2470826907091872,0.35019909446596464,0.4488464208253251,0.4274418583840016,0.36958135544972603,0.3549440098750163,0.4122913481460121,0.37096022372202875,0.4186429754152623,0.5249141944067635,0.5350824675243944,0.4652682705907214,0.4083103019270863,0.2542391749449573,0.294677459511027,0.29852530662737753,0.2350750237914454,0.39867005640293585,0.0,0.40939095098699463,1.0,0.26155014647500774,0.338793408880703,0.40805169007392295,0.2486849522663972,0.4215565614176199,0.23939563127549313,0.4872871867705624,0.42526491700305,0.2587866627986174,0.2630251977621,0.2710828935907996,0.47291744572548244,0.4729158876336921,0.2529991123359143,0.29342699349306456
0.26960575468774783,0.26324175115003756,0.20996216889277564,0.4212249925693601,0.23492537592844387,0.2560200571690986,0.26338841523865264,0.40903133927673474,0.27791779140499273,0.42910181397554836,0.2725176095198485,0.40403694139851476,0.25973057448311077,0.41592730962573676,0.40734820915130254,0.26158374704542364,0.23755495419260797,0.2767602424328349,0.24096502787496,0.26355182546126965,0.2656361041341295,0.2375519384359942,0.2709450287402748,0.245099793015645,0.24393648534707568,0.24522215184229557,0.26153387041302834,0.409229683455812,0.3002246992808708,0.2697437547578858,0.39720378602128426,0.25409473225987356,0.0,0.2687162941483243,0.26155014647500774,1.0,0.25145551632488683,0.25769562069493235,0.4116383448470228,0.2678184765520202,0.4024711224829891,0.2645772858936142,0.2639620181255242,0.41363711790405266,0.41376486857439365,0.2782249563762075,0.2596899708911701,0.260570268297474,0.40761803587710277,0.3039684426311827
0.28566978420306155,0.33459022500214897,0.20873008033290985,0.25299782579630037,0.31235775259683185,0.32164896142927457,0.7992784827178623,0.24731960301781852,0.2852083003733007,0.24729976460926328,0.34608893494605564,0.24208319087062935,0.34581462049691525,0.24527016288061954,0.24023435691397055,0.7540752709285413,0.30196860706049156,0.372219294316679,0.3243919506722903,0.7982047981540087,0.36764997759982054,0.3230489967641984,0.3763398996271342,0.3125685033357275,0.3191204070320698,0.3233592114408331,0.34278392650126754,0.23788851640991626,0.2780296305033111,0.28500249322643056,0.22849778952417155,0.33731079014460363,0.0,0.34516985529763056,0.338793408880703,0.25145551632488683,1.0,0.3312599281832057,0.22776545847168161,0.33486719831657485,0.23213958416200753,0.33785458351995123,0.3471681762896537,0.24280591790637596,0.2444966162254686,0.256593147448823,0.32953682903770165,0.330947074276842,0.24100424767285822,0.28461372809243857
0.3181566909574307,0.43561377327574125,0.22958020671004187,0.2630931977918851,0.4337304782442145,0.4007062394625679,0.34076841134365377,0.2855118077093941,0.3022547851549052,0.2706065785354749,0.5066725485737597,0.2685559548874451,0.5209733026167505,0.26223592847844757,0.2606906715121621,0.3449960427792227,0.3597691150461557,0.47332420568311695,0.4386215962762463,0.3434706244298781,0.4825716084718127,0.4560611134384974,0.5054518774545258,0.37069488575627707,0.37686286466713603,0.3877285464578404,0.5981512160358742,0.27110712488904654,0.2998536112480369,0.3014009285694491,0.250024423064919,0.4949777092898384,0.0,0.49941010810919007,0.40805169007392295,0.25769562069493235,0.3312599281832057,1.0,0.23983416794036483,0.526292065267074,0.25730832215530686,0.42907964378046115,0.6331875111235126,0.27772024715647536,0.2683283960915305,0.2769745803401794,0.43906677009906014,0.4395415380639377,0.27060148091937564,0.3015265185145102
0.25953239450798715,0.2446358266986165,0.18632587435193748,0.4156614952784946,0.23235363008614995,0.25023872581274076,0.23813166537645702,0.41422862524135684,0.24575328997380264,0.4269975026169136,0.24748751854303952,0.4170253098253601,0.2404133563896148,0.4110383696304759,0.4108973179128079,0.2307601940997409,0.2185625229466185,0.24942339732397256,0.21836477370907104,0.23569043873949969,0.2380413731460972,0.215606120070288,0.24805324759469838,0.22071755020124062,0.22907186004554303,0.2258989346471495,0.23175674051501494,0.41351707037005225,0.2799214273127947,0.24476451587591352,0.38664633068633436,0.23780007675956827,0.0,0.25043588460197497,0.2486849522663972,0.4116383448470228,0.22776545847168161,0.23983416794036483,1.0,0.2426628883438734,0.3916045908192535,0.2509063084685239,0.245832809843486,0.4199373648602053,0.422956644012057,0.25265343418878805,0.24207136406195973,0.24421985605591312,0.39103059008868,0.2733069758926967
0.31785807320816406,0.42575477915712723,0.2320999084359181,0.26175709792665536,0.43553021753893373,0.40242314696086334,0.35147665613151924,0.2663368619951346,0.3104878129196701,0.26814049608143464,0.5397784785339081,0.2593045046957251,0.5366863603147745,0.2598569393982857,0.25478991450873034,0.35165386053493974,0.3660794591859171,0.5035566768759798,0.4431133497595564,0.35441829209602616,0.5141401662103696,0.47396015654045753,0.532809043608675,0.37456163016893074,0.37783222037222997,0.3975869989693599,0.5414756567129837,0.25890062073567954,0.29748635785962685,0.31627987646831435,0.25011887451555614,0.5011283367096493,0.0,0.5120576696370069,0.4215565614176199,0.2678184765520202,0.33486719831657485,0.526292065267074,0.2426628883438734,1.0,0.2538514888703629,0.433342504571985,0.549928846060985,0.2649560188546948,0.266655590173667,0.29010365782638114,0.45045247654272014,0.45079985860388105,0.262738439809716,0.31277010098348446
