../ecoli_genomes/GCF_000163235.1_ASM16323v1_genomic.fna.gz,../ecoli_genomes/GCF_000164555.1_ASM16455v1_genomic.fna.gz,../ecoli_genomes/GCF_000208545.1_ASM20854v2_genomic.fna.gz,../ecoli_genomes/GCF_000233875.1_ASM23387v1_genomic.fna.gz,../ecoli_genomes/GCF_000249735.1_ASM24973v2_genomic.fna.gz,../ecoli_genomes/GCF_000261145.1_Esch_coli_M919_V2_genomic.fna.gz,../ecoli_genomes/GCF_000267705.2_ASM26770v2_genomic.fna.gz,../ecoli_genomes/GCF_000350665.1_Esch_coli_KTE5_V1_genomic.fna.gz,../ecoli_genomes/GCF_000351625.1_Esch_coli_KTE66_V1_genomic.fna.gz,../ecoli_genomes/GCF_000352285.1_Esch_coli_KTE46_V1_genomic.fna.gz,../ecoli_genomes/GCF_000358895.1_ASM35889v1_genomic.fna.gz,../ecoli_genomes/GCF_000456385.1_Esch_coli_HVH_26_4-5703913_V1_genomic.fna.gz,../ecoli_genomes/GCF_000458195.1_Esch_coli_HVH_147_4-5893887_V1_genomic.fna.gz,../ecoli_genomes/GCF_000459755.1_Esch_coli_KOEGE_58_171a_V1_genomic.fna.gz,../ecoli_genomes/GCF_000460055.1_Esch_coli_UMEA_3053-1_V1_genomic.fna.gz,../ecoli_genomes/GCF_000462165.2_ASM46216v2_genomic.fna.gz,../ecoli_genomes/GCF_000601135.1_ASM60113v1_genomic.fna.gz,../ecoli_genomes/GCF_000614595.1_Ec2010EL1058_genomic.fna.gz,../ecoli_genomes/GCF_000617745.1_Ec2010C-4529_genomic.fna.gz,../ecoli_genomes/GCF_000618265.2_EcF6751_genomic.fna.gz,../ecoli_genomes/GCF_000619005.2_Ec2009C-4052_genomic.fna.gz,../ecoli_genomes/GCF_000619105.1_Ec2009C-4780_genomic.fna.gz,../ecoli_genomes/GCF_000619765.2_Ec2009C-3279_genomic.fna.gz,../ecoli_genomes/GCF_000687005.1_ASM68700v1_genomic.fna.gz,../ecoli_genomes/GCF_000687025.1_ASM68702v1_genomic.fna.gz,../ecoli_genomes/GCF_000700125.1_ASM70012v1_genomic.fna.gz,../ecoli_genomes/GCF_000753315.1_FHI35_genomic.fna.gz,../ecoli_genomes/GCF_000776375.1_ASM77637v1_genomic.fna.gz,../ecoli_genomes/GCF_000779395.1_ASM77939v1_genomic.fna.gz,../ecoli_genomes/GCF_000780315.1_ASM78031v1_genomic.fna.gz,../ecoli_genomes/GCF_000781995.1_ASM78199v1_genomic.fna.gz,../ecoli_genomes/GCF_000986765.1_ASM98676v1_genomic.fna.gz,../ecoli_genomes/GCF_001041375.1_ViralProj287958_genomic.fna.gz,../ecoli_genomes/GCF_001265335.1_302014_genomic.fna.gz,../ecoli_genomes/GCF_001265625.1_100854_genomic.fna.gz,../ecoli_genomes/GCF_001267345.1_303289_genomic.fna.gz,../ecoli_genomes/GCF_001309985.1_ASM130998v1_genomic.fna.gz,../ecoli_genomes/GCF_001521695.1_ASM152169v1_genomic.fna.gz,../ecoli_genomes/GCF_001592595.1_ASM159259v1_genomic.fna.gz,../ecoli_genomes/GCF_001614975.1_ASM161497v1_genomic.fna.gz,../ecoli_genomes/GCF_001692775.1_ASM169277v1_genomic.fna.gz,../ecoli_genomes/GCF_001748915.1_ASM174891v1_genomic.fna.gz,../ecoli_genomes/GCF_001749235.1_ASM174923v1_genomic.fna.gz,../ecoli_genomes/GCF_001881155.1_ASM188115v1_genomic.fna.gz,../ecoli_genomes/GCF_001881345.1_ASM188134v1_genomic.fna.gz,../ecoli_genomes/GCF_001892405.1_ASM189240v1_genomic.fna.gz,../ecoli_genomes/GCF_001892585.1_ASM189258v1_genomic.fna.gz,../ecoli_genomes/GCF_001893985.1_ASM189398v1_genomic.fna.gz,../ecoli_genomes/GCF_002001595.1_ASM200159v1_genomic.fna.gz,../ecoli_genomes/GCF_002002145.1_ASM200214v1_genomic.fna.gz
1.0,0.3226810132447614,0.2570273880428283,0.2824851166022827,0.29241704682923997,0.30398223920882494,0.30057644958178376,0.2877088331805009,0.3898149335874507,0.2941746823784427,0.3197394792391385,0.2915593253629626,0.3107480405916654,0.27594679567043157,0.267539240694755,0.30273466707431906,0.27896499066333147,0.3075396508334387,0.27921770706352267,0.3013816707175737,0.29719347095885995,0.29044578777837105,0.31168216384357605,0.2977015918798098,0.28705605240525345,0.26522311139219423,0.3082256494851122,0.27964853168188897,0.33894155222304745,0.3869334057139029,0.2608402855072467,0.30533757729510136,0.0,0.3067348401108634,0.3069738002372271,0.2750084737726297,0.28745938155325146,0.314288153580787,0.2271452192382869,0.31259544274530904,0.26557727386152474,0.30552431237165334,0.3118232987815155,0.2852024429554675,0.2947219336521625,0.31623455027504865,0.304880636101202,0.3052902918471979,0.27176349168955105,0.34479365155232644
0.3226810132447614,1.0,0.23489945138815915,0.2749117877885445,0.38503876828087424,0.5358849244613901,0.34854183295472174,0.2804199250597219,0.2992579846795118,0.2847245856625812,0.4275297047092711,0.28515597615681243,0.4166467893563657,0.26854361413117633,0.2628921056286124,0.3493365832980503,0.4052248668829166,0.4176998405936704,0.36853350132466645,0.3521260179198513,0.4035530082704898,0.38434929292215014,0.41654118753177016,0.5059389334943637,0.48633746804758526,0.39342753406723596,0.41710304003846066,0.2766852745627624,0.30548216510816695,0.3054088367753779,0.25869877029581034,0.4007216050384652,0.0,0.40499123672683346,0.5638170364533075,0.26295389376829414,0.33165638291441524,0.42487555088779416,0.19592216135680862,0.421192498628861,0.2613262439664572,0.47248532174152214,0.4223319160490804,0.2876667303190724,0.2877189390299604,0.28418857756689175,0.47794584659027706,0.47999192022726733,0.28116980892664734,0.3032188379979782
0.2570273880428283,0.23489945138815915,1.0,0.20687301119071455,0.20469815053566343,0.2142017257529758,0.2168042491586739,0.21162245673265734,0.24608842735819225,0.2140270295348773,0.23305069000716505,0.20799662164601385,0.22616527353503202,0.2082537872705974,0.20296188016927896,0.21850476360935034,0.18759079365969855,0.2244148819151497,0.1999210992349174,0.21938812076503023,0.22057578414656465,0.2106061187766094,0.22621434633384252,0.2011654614636127,0.1943394896096282,0.1791662239961207,0.22658919305238745,0.210751069179399,0.24725075082964465,0.2518762789573157,0.19818943417715817,0.21619977928631473,0.0,0.22323225985452844,0.2163321601422835,0.21036391299375323,0.2067709181001064,0.22366888374427663,0.15440454248310087,0.2297816541728065,0.2028607079444814,0.22364765436590284,0.23203954166180008,0.21569155388882322,0.21105243974476895,0.23114857538568623,0.2282285285289043,0.22857329918608205,0.2155836522006035,0.24963973792256255
0.2824851166022827,0.2749117877885445,0.20687301119071455,1.0,0.27502478632596294,0.26367227127372916,0.25484497364397396,0.4995889237107032,0.28448161724728904,0.5259336973026176,0.2683606593532917,0.505986979858128,0.27574619400343403,0.54391091576861,0.5586115499015887,0.2663289911744261,0.23914397336627158,0.2623276622843256,0.23717177725862382,0.25585381952123987,0.254825243614915,0.24555508731964715,0.2697993864119467,0.2541816138138695,0.2509364906066691,0.22904177336952214,0.2636523809367537,0.5197389277362959,0.3013166296895773,0.2757578189610297,0.5026901742194181,0.2785316758076667,0.0,0.25671734021472437,0.2596711817428913,0.41369308215518275,0.2493632915078512,0.2602082925304434,0.3366959223414112,0.25955422292565733,0.5254070166633471,0.2607020729998445,0.26399887947549117,0.5231215223978045,0.5150111708183478,0.2944592991461267,0.2597957136583713,0.2608051386802549,0.4541359394710287,0.30882817806933427
0.29241704682923997,0.38503876828087424,0.20469815053566343,0.27502478632596294,1.0,0.39354639095373445,0.3159002796264182,0.2712050990735647,0.29911709894740945,0.2797098936620468,0.5014575560926311,0.2575952233116665,0.4647817038381348,0.2592206242181587,0.27626298388733717,0.34464907414231505,0.377830997918829,0.4051285636256198,0.3688036644807363,0.3181204321890466,0.4149364889089884,0.3866437791080839,0.41798432127492524,0.40266913936957527,0.38031553367203275,0.3610932133512953,0.4256245644710277,0.24600818038698913,0.2851350010403003,0.29285796795555896,0.2567790997999472,0.45132017608145625,0.0,0.420076563568232,0.3893455042637972,0.24266409870186356,0.31799213956709027,0.4404274181203347,0.20738324575342293,0.4342455027771094,0.2720814895856055,0.39392093649413706,0.44059708927108077,0.25514627403000023,0.2602895435452687,0.26312543470068694,0.40302131254868867,0.4046630590826862,0.24940367755324766,0.2805112998705883
0.30398223920882494,0.5358849244613901,0.2142017257529758,0.26367227127372916,0.39354639095373445,1.0,0.3506076102344531,0.2752832160679006,0.289810738416324,0.26533418632733274,0.4094675637050804,0.26211611712453753,0.4027453524246988,0.25745427589088976,0.2542352422269649,0.35414020075180663,0.40574752509230894,0.40770417530066116,0.3682821964048454,0.345745383661901,0.38575221281645644,0.4140451884173162,0.404846623874928,0.49953151669412277,0.48709038600678567,0.39036634389840563,0.39274184260362455,0.25926223299454754,0.2975690723740694,0.28843174378056347,0.2455492456483146,0.39919432666818544,0.0,0.40382993576418524,0.5433344258795836,0.2623796635570482,0.3344144735132061,0.404809516540546,0.2082987088152949,0.40192508224858636,0.2526657547794606,0.45831239992685924,0.4055399675621476,0.26574126111786456,0.2668254896061333,0.2733389240572356,0.4609089478884255,0.4634231870449783,0.25785740796698986,0.2968367136236755
0.30057644958178376,0.34854183295472174,0.2168042491586739,0.25484497364397396,0.3159002796264182,0.3506076102344531,1.0,0.25742866277335086,0.2943965331150443,0.25600326448441,0.35749193595993534,0.25055220169117565,0.3487199582212507,0.2505080653993096,0.24451127732521238,0.7563120885656538,0.2928918292318041,0.38214709934660485,0.34411326484192606,0.8597839925085737,0.3805750683787956,0.35628882242263704,0.38623719593384387,0.319414927776291,0.3046212493911771,0.28489208303051394,0.3550290405188047,0.25088484432892877,0.2851190081511338,0.29268847700336875,0.23797274169389349,0.33890803020133586,0.0,0.3547903463664237,0.35683742170720656,0.2661292707370492,0.7843792993011084,0.33705933119352105,0.1951944045821985,0.35184585686309644,0.2389556001323071,0.3477983817606942,0.35506211150793765,0.2561808244004973,0.25579786582771213,0.26791860935490885,0.34124504770877706,0.34229737752941114,0.2490067028802505,0.2910450722204596
0.2877088331805009,0.2804199250597219,0.21162245673265734,0.4995889237107032,0.2712050990735647,0.2752832160679006,0.25742866277335086,1.0,0.28038166385105334,0.5045894977825567,0.27122714802890713,0.4816560275992354,0.27875132276318215,0.48688835382614615,0.47663611824476004,0.2658405427824796,0.24441282222342287,0.2666467006888521,0.24431058681775375,0.25833987834908956,0.2579306649642156,0.2509178978440677,0.2699662149400861,0.26740585818800244,0.25256446270742217,0.23419385303295226,0.26820787231587306,0.6884813515710202,0.31057356935180613,0.2768185339669058,0.47173048258029837,0.27428893686771094,0.0,0.26593512231460037,0.26577891929927533,0.40683794868720646,0.24842619597095927,0.2808860739131256,0.3329941907070465,0.27030365067541473,0.4806573494736417,0.2678263716832068,0.27218585366656267,0.695713380902296,0.6700627525417906,0.29432170254710655,0.26373852234191286,0.2644171529516499,0.44477029733759665,0.30857796539383076
0.3898149335874507,0.2992579846795118,0.24608842735819225,0.28448161724728904,0.29911709894740945,0.289810738416324,0.2943965331150443,0.28038166385105334,1.0,0.2932201841780748,0.3101530268484458,0.26809376665079676,0.31393071671795714,0.27636134607259044,0.2797246552685857,0.3058691634420301,0.2540823454585017,0.2991379699613407,0.2642840209926738,0.2980182479032273,0.29034987814503543,0.27942555724344376,0.3016781653366408,0.281059747027411,0.2635948341258707,0.2471607493189466,0.3042000693119934,0.2679840946674882,0.32927847609955907,0.40926415531690563,0.2689154640566932,0.2949872397689264,0.0,0.29396490737879666,0.2928785005618937,0.2754935213801798,0.28747366771258864,0.29271824817525305,0.2024545930543985,0.3047139631784789,0.2735942029515198,0.2980479924833296,0.308153262782471,0.2726891122101226,0.2689684313197336,0.3104302077747295,0.29356038764763515,0.2944890650235844,0.26773486461171636,0.33938747669634184
0.2941746823784427,0.2847245856625812,0.2140270295348773,0.5259336973026176,0.2797098936620468,0.26533418632733274,0.25600326448441,0.5045894977825567,0.2932201841780748,1.0,0.2796866269929854,0.48256146346231177,0.2861904651055972,0.5084086303402038,0.5038693998454327,0.26871138800033956,0.23147552738459642,0.26669414449057705,0.23922353654933526,0.2579595891456783,0.2574688931965916,0.24827668702778638,0.2652891309189206,0.253757622477944,0.24575670641027403,0.22840775547248204,0.27045574580551524,0.5022274175100159,0.3103068399131558,0.28514559973971954,0.5185272061584154,0.2693037729749531,0.0,0.26009842874717193,0.2623623910653581,0.42403341057366895,0.25005458979146333,0.2677604236659187,0.33944603279393715,0.2704235210484034,0.5277420299344937,0.2661983346507002,0.2691874872071134,0.5069949929499931,0.5088117960612584,0.2952157358528863,0.2644000876516861,0.26508482356676666,0.4696829827883666,0.3081836222447043
0.3197394792391385,0.4275297047092711,0.23305069000716505,0.2683606593532917,0.5014575560926311,0.4094675637050804,0.35749193595993534,0.27122714802890713,0.3101530268484458,0.2796866269929854,1.0,0.2679692779504078,0.5271620702717787,0.2700554869366598,0.26342792967293904,0.36213472077897746,0.3489136632188321,0.48688332984824945,0.4388794277166008,0.3607156111558967,0.4839045766058159,0.47505281702910984,0.4950259694472964,0.3914691843297491,0.3588772317363703,0.3452517852659377,0.504886585292412,0.26930804537593667,0.3022486210052274,0.3130061234052752,0.2569140552429173,0.45907681639640496,0.0,0.479182570727432,0.4263369008220034,0.27385591269130316,0.34241756869951956,0.4843339852557631,0.20161270828424172,0.5194024517416629,0.2599115993685851,0.4412792921831308,0.5095257811568583,0.27275278430778116,0.2720247657285061,0.2853731573904562,0.43561597495010385,0.4365442799744603,0.2719423611205125,0.30903248221539337
0.2915593253629626,0.28515597615681243,0.20799662164601385,0.505986979858128,0.2575952233116665,0.26211611712453753,0.25055220169117565,0.4816560275992354,0.26809376665079676,0.48256146346231177,0.2679692779504078,1.0,0.2664286487431905,0.4951624125969577,0.6041458718158157,0.2554785392971357,0.24382794590762424,0.2568652784243832,0.2376422774375847,0.2506527626450068,0.2544667454370042,0.24668657728169785,0.26309419267888334,0.26057249343856026,0.25172972219980594,0.2336447450057333,0.2599995866533399,0.4849163716005769,0.31012104198436985,0.2726338448513953,0.44666399358090414,0.26606969523228263,0.0,0.25934315864296,0.2639010806000919,0.3993744449802512,0.24081570322157264,0.2668481344890644,0.3371686616005164,0.2631272157737077,0.46547908725662135,0.25755825350069417,0.26540304206026744,0.49306966138933006,0.49179625714840447,0.29402716553032904,0.265205417238239,0.26528408783333735,0.43203830946722965,0.3028930176531368
0.3107480405916654,0.4166467893563657,0.22616527353503202,0.27574619400343403,0.4647817038381348,0.4027453524246988,0.3487199582212507,0.27875132276318215,0.31393071671795714,0.2861904651055972,0.5271620702717787,0.2664286487431905,1.0,0.2657198541423118,0.2748917877588296,0.3649245614785531,0.3477127566545476,0.49289052187760984,0.49523322650344825,0.35256318873009684,0.5066062628784527,0.5383372343244852,0.5525618391326306,0.3883040620181857,0.35586258133993476,0.3396880246456745,0.535631094038239,0.2648535590441071,0.2980050575396802,0.3165077323316553,0.2602177636176455,0.5088399057247406,0.0,0.5332470929700475,0.41658166192085777,0.2621880227708969,0.3442849265467357,0.5025981465446074,0.1966084120580447,0.5393006528941241,0.26804673471487883,0.4271715186628954,0.5296640829620413,0.2681238080801873,0.2659683652206498,0.27641980778452835,0.42527730482454307,0.4260973722548379,0.2650773104938139,0.30228176034887655
0.27594679567043157,0.26854361413117633,0.2082537872705974,0.54391091576861,0.2592206242181587,0.25745427589088976,0.2505080653993096,0.48688835382614615,0.27636134607259044,0.5084086303402038,0.2700554869366598,0.4951624125969577,0.2657198541423118,1.0,0.5443629194366177,0.25485916775058637,0.22238933590984478,0.2610473900774595,0.23508846339958145,0.2529969685793164,0.250307599208879,0.24426338455465935,0.26392490001902746,0.23658784546707545,0.2297200859433569,0.2138824102783895,0.26344110841715374,0.5157213874001638,0.30730628251133874,0.26957722006222984,0.4927516754063961,0.26019362791957856,0.0,0.25457171718752225,0.2556701109822155,0.4116963224181145,0.2413360696668132,0.2614544361725317,0.3288880815469818,0.2596547970174279,0.5085353641681181,0.25784271479694976,0.26366188915536015,0.514223700976834,0.5059103122245795,0.2965336897068567,0.25756688984081355,0.258869581115193,0.4548497392905275,0.3098708268796142
0.267539240694755,0.2628921056286124,0.20296188016927896,0.5586115499015887,0.27626298388733717,0.2542352422269649,0.24451127732521238,0.47663611824476004,0.2797246552685857,0.5038693998454327,0.26342792967293904,0.6041458718158157,0.2748917877588296,0.5443629194366177,1.0,0.25862127657269285,0.2320877593439371,0.2538330373307228,0.2284481482452302,0.24690438873403842,0.24719734265195947,0.23834099087137117,0.26031998008105006,0.24485362211154071,0.23718891915850648,0.22131680104882445,0.257920970299116,0.48594635133383923,0.29724744936464165,0.27048508718710496,0.4944625982365687,0.26832386176334755,0.0,0.25053616413888047,0.2529577856835771,0.40325242907882153,0.24139503327498535,0.256621013916432,0.3272586238501184,0.25557593995419825,0.5126867100513302,0.25376085269199966,0.2603586948484867,0.4882143413371747,0.48075902562677597,0.29171601339129105,0.2598285581881523,0.26111024843851094,0.4398319908385103,0.3102364380108912
0.30273466707431906,0.3493365832980503,0.21850476360935034,0.2663289911744261,0.34464907414231505,0.35414020075180663,0.7563120885656538,0.2658405427824796,0.3058691634420301,0.26871138800033956,0.36213472077897746,0.2554785392971357,0.3649245614785531,0.25485916775058637,0.25862127657269285,1.0,0.3007374820101615,0.3703661719189789,0.3409731340128227,0.7654186226338344,0.3645552527717132,0.3567143407257821,0.3756218021805964,0.3316857705582634,0.3178267179110773,0.30374596014745714,0.3512953295663672,0.25267096320241944,0.28563325523101113,0.30478256254344493,0.2482285117520029,0.3480523193321232,0.0,0.3509738398466379,0.35468699628162803,0.2642952887280101,0.7410668015256149,0.3396830575004307,0.19214851220729479,0.3498894194309804,0.25277606618825244,0.3475324326341076,0.353637024277892,0.2569738618057428,0.2580622301036771,0.2695500684086156,0.34354136395261703,0.3444385142062021,0.2524237831914976,0.2909587834458397
0.27896499066333147,0.4052248668829166,0.18759079365969855,0.23914397336627158,0.377830997918829,0.40574752509230894,0.2928918292318041,0.24441282222342287,0.2540823454585017,0.23147552738459642,0.3489136632188321,0.24382794590762424,0.3477127566545476,0.22238933590984478,0.2320877593439371,0.3007374820101615,1.0,0.33668904032177893,0.3035737100768514,0.29215857799868206,0.33141364112362093,0.3230200434357897,0.3473764256020824,0.5263983235239497,0.5232663928214893,0.49983607470898417,0.3377779293379427,0.22461410447035712,0.2601999088898814,0.25357214095439173,0.2161400886040511,0.41884970602730365,0.0,0.35961097482929005,0.42612134501583065,0.22618425701340128,0.2877879247767844,0.34487675512125104,0.2240889989292537,0.3518658401275948,0.22048697945985196,0.38385611869613334,0.34591773547964455,0.24308065780865085,0.249473627051088,0.23957110722873787,0.41611293559015083,0.4104336997769581,0.21849665201065605,0.25691642551914773
0.3075396508334387,0.4176998405936704,0.2244148819151497,0.2623276622843256,0.4051285636256198,0.40770417530066116,0.38214709934660485,0.2666467006888521,0.2991379699613407,0.26669414449057705,0.48688332984824945,0.2568652784243832,0.49289052187760984,0.2610473900774595,0.2538330373307228,0.3703661719189789,0.33668904032177893,1.0,0.4801177790131489,0.3834146383495616,0.5128176976551582,0.48884455216362743,0.52546877042588,0.37354548476213334,0.3461542503554508,0.3275304808683953,0.4997520934072528,0.26227985648318686,0.2953682704892744,0.30342605584537286,0.24847058869544392,0.4513737023772304,0.0,0.4795018531365961,0.41720638468681115,0.2752624553395435,0.36447026703754015,0.46123954382901056,0.19965289694946287,0.4950067864353711,0.24916273365594765,0.42513672993751916,0.4900803770035217,0.26457284910668566,0.26285260949781597,0.27506592406291364,0.42209893709161483,0.4233551714393696,0.258238822215918,0.30041059328557473
0.27921770706352267,0.36853350132466645,0.1999210992349174,0.23717177725862382,0.3688036644807363,0.3682821964048454,0.34411326484192606,0.24431058681775375,0.2642840209926738,0.23922353654933526,0.4388794277166008,0.2376422774375847,0.49523322650344825,0.23508846339958145,0.2284481482452302,0.3409731340128227,0.3035737100768514,0.4801177790131489,1.0,0.3404011940863423,0.46477476699608067,0.4995546321105854,0.46961487034734806,0.3348289921990798,0.31667701260287706,0.29294990959692235,0.44969811038685226,0.23746381946417772,0.26478758437831174,0.2705096301704981,0.22274211899020346,0.4473184664794154,0.0,0.4385491646565851,0.3767632703129389,0.24644648753143095,0.3311308166705733,0.42200442705918684,0.18089413006261756,0.44826652937071587,0.2250760312166491,0.37587149263972675,0.4416713233839781,0.24283104221435703,0.24164505345446508,0.24875685183359264,0.3708229135419068,0.37254109662205537,0.2329746890562373,0.2693342726367265
0.3013816707175737,0.3521260179198513,0.21938812076503023,0.25585381952123987,0.3181204321890466,0.345745383661901,0.8597839925085737,0.25833987834908956,0.2980182479032273,0.2579595891456783,0.3607156111558967,0.2506527626450068,0.35256318873009684,0.2529969685793164,0.24690438873403842,0.7654186226338344,0.29215857799868206,0.3834146383495616,0.3404011940863423,1.0,0.3818995409610475,0.35215739758621034,0.38638610290029596,0.31824573173302995,0.30432741609907765,0.28416934403560923,0.35864336758762905,0.25316769303403486,0.2873715905889822,0.29638824586973833,0.24026791405925363,0.33913040424742935,0.0,0.35464236313219444,0.355495383199804,0.2656784177058825,0.7896119129118738,0.34026426636592133,0.1925559064258977,0.35634547147302087,0.2413071145078669,0.35021549137776153,0.3585737020436326,0.25664696964361633,0.25548411595489395,0.27125896702412056,0.34484729527953273,0.3459160800003971,0.2520120314057881,0.2941183869668692
0.29719347095885995,0.4035530082704898,0.22057578414656465,0.254825243614915,0.4149364889089884,0.38575221281645644,0.3805750683787956,0.2579306649642156,0.29034987814503543,0.2574688931965916,0.4839045766058159,0.2544667454370042,0.5066062628784527,0.250307599208879,0.24719734265195947,0.3645552527717132,0.33141364112362093,0.5128176976551582,0.46477476699608067,0.3818995409610475,1.0,0.4917169386657305,0.5388145470388255,0.36266679142014047,0.3391794089584911,0.3265244851240712,0.5097120878245989,0.25566999556886805,0.2842762184684703,0.2966054971572094,0.23954908123627416,0.4662362652063978,0.0,0.5015689844630333,0.4074278547874688,0.26651643497207345,0.361741790852639,0.47567843324311554,0.19355734535586244,0.5098652381108609,0.24466139277047394,0.40289917181383306,0.5008222034507274,0.25889140059928084,0.2586254752511803,0.2740939672550978,0.4148769559202923,0.4160245895583916,0.25305127096310787,0.2920886579193286
0.29044578777837105,0.38434929292215014,0.2106061187766094,0.24555508731964715,0.3866437791080839,0.4140451884173162,0.35628882242263704,0.2509178978440677,0.27942555724344376,0.24827668702778638,0.47505281702910984,0.24668657728169785,0.5383372343244852,0.24426338455465935,0.23834099087137117,0.3567143407257821,0.3230200434357897,0.48884455216362743,0.4995546321105854,0.35215739758621034,0.4917169386657305,1.0,0.674456287046185,0.3518159798475635,0.33401354360561086,0.3150847883172123,0.49045322014735626,0.24712125398791263,0.2743675229094046,0.281709641315129,0.23095861059605793,0.46677148604769625,0.0,0.5983141533071562,0.3886140921763489,0.25244657644519275,0.33969536633259756,0.4635512332954812,0.18558603463012713,0.4937515913966797,0.23214280000042986,0.39023682973298357,0.48944772278511517,0.25140533586109637,0.24860185077158836,0.2615513747725592,0.3890838849364816,0.389966396422352,0.24396775410247773,0.28370279598991843
0.31168216384357605,0.41654118753177016,0.22621434633384252,0.2697993864119467,0.41798432127492524,0.404846623874928,0.38623719593384387,0.2699662149400861,0.3016781653366408,0.2652891309189206,0.4950259694472964,0.26309419267888334,0.5525618391326306,0.26392490001902746,0.26031998008105006,0.3756218021805964,0.3473764256020824,0.52546877042588,0.46961487034734806,0.38638610290029596,0.5388145470388255,0.674456287046185,1.0,0.3720098885577776,0.3538574341021792,0.3286340377920829,0.5327217004319826,0.2663367255065998,0.2972861339395979,0.30072286402416126,0.25156884099142807,0.48884139901155743,0.0,0.6421819108225109,0.41525823600754497,0.2718384896142668,0.3685399102010879,0.4934483672028286,0.2016924037948511,0.5248566591085277,0.25346620092430194,0.4171835894807492,0.5213171594587793,0.2693694894606521,0.26766772970978425,0.277936639368523,0.41603208100857947,0.41781887368517145,0.2617497161964769,0.3016486438196424
0.2977015918798098,0.5059389334943637,0.2011654614636127,0.2541816138138695,0.40266913936957527,0.49953151669412277,0.319414927776291,0.26740585818800244,0.281059747027411,0.253757622477944,0.3914691843297491,0.26057249343856026,0.3883040620181857,0.23658784546707545,0.24485362211154071,0.3316857705582634,0.5263983235239497,0.37354548476213334,0.3348289921990798,0.31824573173302995,0.36266679142014047,0.3518159798475635,0.3720098885577776,1.0,0.5649935271915465,0.4717870767858078,0.3733797556899048,0.23826985873998197,0.27874129398096215,0.27968624682444043,0.23363263932415024,0.4111635944534362,0.0,0.3778886283503752,0.5323882282168224,0.2425716089210892,0.3124087027210396,0.3724459572874098,0.21213742502551003,0.37955018459452905,0.24078361772193846,0.43101329501173,0.3748385383792885,0.25445845546490886,0.26010403223925793,0.2558436215009172,0.4381364163552911,0.43502296546039054,0.2361826934210115,0.2746338453933139
0.28705605240525345,0.48633746804758526,0.1943394896096282,0.2509364906066691,0.38031553367203275,0.48709038600678567,0.3046212493911771,0.25256446270742217,0.2635948341258707,0.24575670641027403,0.3588772317363703,0.25172972219980594,0.35586258133993476,0.2297200859433569,0.23718891915850648,0.3178267179110773,0.5232663928214893,0.3461542503554508,0.31667701260287706,0.30432741609907765,0.3391794089584911,0.33401354360561086,0.3538574341021792,0.5649935271915465,1.0,0.49098992782398354,0.3457995011134598,0.2281538270337039,0.259194671329418,0.2603851268741856,0.22615558513788425,0.4208911571375279,0.0,0.3552880585930681,0.5073244726004792,0.2283503265469642,0.30167481023149956,0.3610232375535818,0.22228370487756943,0.3574427394960846,0.23098732257011667,0.40012675345642856,0.3559001229400892,0.2557812113998039,0.25633153705092626,0.25060231805236377,0.42194794128745083,0.4172266968834266,0.23511871648659288,0.2591720810764775
0.26522311139219423,0.39342753406723596,0.1791662239961207,0.22904177336952214,0.3610932133512953,0.39036634389840563,0.28489208303051394,0.23419385303295226,0.2471607493189466,0.22840775547248204,0.3452517852659377,0.2336447450057333,0.3396880246456745,0.2138824102783895,0.22131680104882445,0.30374596014745714,0.49983607470898417,0.3275304808683953,0.29294990959692235,0.28416934403560923,0.3265244851240712,0.3150847883172123,0.3286340377920829,0.4717870767858078,0.49098992782398354,1.0,0.32686012996476677,0.2139627402232992,0.24296567456233442,0.2472227650482739,0.2117326646435157,0.3698495722256232,0.0,0.33284225121266453,0.41439663970509677,0.21488561708441922,0.2820193714422867,0.3427428405633568,0.20835003585992817,0.3424153400190668,0.2154129039107252,0.3770169184481107,0.32937042133101535,0.23760102712402387,0.23704774366860992,0.22929115277038714,0.40073166733596033,0.39491997802687506,0.21901704507479702,0.24502917632455845
0.3082256494851122,0.41710304003846066,0.22658919305238745,0.2636523809367537,0.4256245644710277,0.39274184260362455,0.3550290405188047,0.26820787231587306,0.3042000693119934,0.27045574580551524,0.504886585292412,0.2599995866533399,0.535631094038239,0.26344110841715374,0.257920970299116,0.3512953295663672,0.3377779293379427,0.4997520934072528,0.44969811038685226,0.35864336758762905,0.5097120878245989,0.49045322014735626,0.5327217004319826,0.3733797556899048,0.3457995011134598,0.32686012996476677,1.0,0.26233215447652547,0.2977012251160984,0.30459913579352604,0.2520706462550891,0.4852890823410042,0.0,0.5031947367911016,0.41191981147437917,0.2646778934808911,0.3397620946338449,0.5818794048092281,0.19119284655501356,0.5449423872872501,0.2551697716760989,0.421571447948615,0.6203665251761842,0.26912598961240697,0.2630338775018326,0.2815521875904009,0.41751675813403166,0.4187372476585536,0.2642171839378138,0.30194651955287066
0.27964853168188897,0.2766852745627624,0.210751069179399,0.5197389277362959,0.24600818038698913,0.25926223299454754,0.25088484432892877,0.6884813515710202,0.2679840946674882,0.5022274175100159,0.26930804537593667,0.4849163716005769,0.2648535590441071,0.5157213874001638,0.48594635133383923,0.25267096320241944,0.22461410447035712,0.26227985648318686,0.23746381946417772,0.25316769303403486,0.25566999556886805,0.24712125398791263,0.2663367255065998,0.23826985873998197,0.2281538270337039,0.2139627402232992,0.26233215447652547,1.0,0.30914038521316434,0.26918305152921096,0.4721241970124632,0.26106931907952413,0.0,0.2568605319951962,0.2562402328961817,0.40632816771393654,0.2397356203951463,0.2716938883618202,0.3292011416931049,0.26245596318812014,0.4852711795807647,0.25936613175227496,0.2632762062302634,0.7941361763887802,0.7554972425105282,0.2910514280654062,0.2607824551409499,0.26121678764722345,0.45829332213959706,0.3020297464227728
0.33894155222304745,0.30548216510816695,0.24725075082964465,0.3013166296895773,0.2851350010403003,0.2975690723740694,0.2851190081511338,0.31057356935180613,0.32927847609955907,0.3103068399131558,0.3022486210052274,0.31012104198436985,0.2980050575396802,0.30730628251133874,0.29724744936464165,0.28563325523101113,0.2601999088898814,0.2953682704892744,0.26478758437831174,0.2873715905889822,0.2842762184684703,0.2743675229094046,0.2972861339395979,0.27874129398096215,0.259194671329418,0.24296567456233442,0.2977012251160984,0.30914038521316434,1.0,0.3242038700426988,0.2897324135816166,0.2908906022647285,0.0,0.29283355569612624,0.2915249617322664,0.30087476160807936,0.2729650256765075,0.29560560914231127,0.22254912409639194,0.2972046970879417,0.28914851727341884,0.2902720913731427,0.2973825115789407,0.30741733888052514,0.30762226836332773,0.39137084634527064,0.2907755449086449,0.291376738476121,0.2981922063481227,0.6141940343313976
0.3869334057139029,0.3054088367753779,0.2518762789573157,0.2757578189610297,0.29285796795555896,0.28843174378056347,0.29268847700336875,0.2768185339669058,0.40926415531690563,0.28514559973971954,0.3130061234052752,0.2726338448513953,0.3165077323316553,0.26957722006222984,0.27048508718710496,0.30478256254344493,0.25357214095439173,0.30342605584537286,0.2705096301704981,0.29638824586973833,0.2966054971572094,0.281709641315129,0.30072286402416126,0.27968624682444043,0.2603851268741856,0.2472227650482739,0.30459913579352604,0.26918305152921096,0.3242038700426988,1.0,0.26289980485612996,0.2902279665986688,0.0,0.29266818920135373,0.2961496457324113,0.27128107539595814,0.2849260035230723,0.29644965571612614,0.20564888636198708,0.31362305586501693,0.26857933454856364,0.2986894060949963,0.3083869714709052,0.2731329898770921,0.269725415481346,0.32065220092484714,0.30210137048837427,0.30289069966632653,0.2685422453912689,0.3366711857493663
0.2608402855072467,0.25869877029581034,0.19818943417715817,0.5026901742194181,0.2567790997999472,0.2455492456483146,0.23797274169389349,0.47173048258029837,0.2689154640566932,0.5185272061584154,0.2569140552429173,0.44666399358090414,0.2602177636176455,0.4927516754063961,0.4944625982365687,0.2482285117520029,0.2161400886040511,0.24847058869544392,0.22274211899020346,0.24026791405925363,0.23954908123627416,0.23095861059605793,0.25156884099142807,0.23363263932415024,0.22615558513788425,0.2117326646435157,0.2520706462550891,0.4721241970124632,0.2897324135816166,0.26289980485612996,1.0,0.2526756277060994,0.0,0.24538726796887134,0.24323834297276026,0.39621641828520704,0.23321899143767721,0.24875958895547612,0.3110330341529479,0.2508124198240004,0.6510417846416141,0.24818038047643587,0.2507990270144712,0.4763390895685097,0.4685437002040843,0.27985156984629334,0.24734917303283765,0.2481280993946774,0.43096122833403405,0.28886986887587396
0.30533757729510136,0.4007216050384652,0.21619977928631473,0.2785316758076667,0.45132017608145625,0.39919432666818544,0.33890803020133586,0.27428893686771094,0.2949872397689264,0.2693037729749531,0.45907681639640496,0.26606969523228263,0.5088399057247406,0.26019362791957856,0.26832386176334755,0.3480523193321232,0.41884970602730365,0.4513737023772304,0.4473184664794154,0.33913040424742935,0.4662362652063978,0.46677148604769625,0.48884139901155743,0.4111635944534362,0.4208911571375279,0.3698495722256232,0.4852890823410042,0.26106931907952413,0.2908906022647285,0.2902279665986688,0.2526756277060994,1.0,0.0,0.476264842004848,0.400159261729636,0.25246227624692197,0.33664514517860666,0.4822782276808697,0.20761870735479404,0.49467855043183384,0.2557622669256593,0.4028842259129801,0.4961313271826121,0.26718212412374664,0.27244791070288965,0.26904968664532936,0.41503798147639426,0.4148418589382298,0.24919173039641052,0.2851946567136513
0.0,0.0,0.0,0.0,0.0,0.0,0.0,0.0,0.0,0.0,0.0,0.0,0.0,0.0,0.0,0.0,0.0,0.0,0.0,0.0,0.0,0.0,0.0,0.0,0.0,0.0,0.0,0.0,0.0,0.0,0.0,0.0,1.0,0.0,0.0,0.0,0.0,0.0,0.0,0.0,0.0,0.0,0.0,0.0,0.0,0.0,0.0,0.0,0.0,0.0
0.3067348401108634,0.40499123672683346,0.22323225985452844,0.25671734021472437,0.420076563568232,0.40382993576418524,0.3547903463664237,0.26593512231460037,0.29396490737879666,0.26009842874717193,0.479182570727432,0.25934315864296,0.5332470929700475,0.25457171718752225,0.25053616413888047,0.3509738398466379,0.35961097482929005,0.4795018531365961,0.4385491646565851,0.35464236313219444,0.5015689844630333,0.5983141533071562,0.6421819108225109,0.3778886283503752,0.3552880585930681,0.33284225121266453,0.5031947367911016,0.2568605319951962,0.29283355569612624,0.29266818920135373,0.24538726796887134,0.476264842004848,0.0,1.0,0.41164753957939015,0.27456321297949327,0.33777322411470323,0.4805358968979474,0.21122546130248743,0.5070390780599967,0.24543050814651657,0.40894112644727076,0.5101703385585672,0.26144599955693026,0.2636749130974506,0.27068706134316234,0.4115862412425947,0.4125464313492282,0.25326177490992097,0.2962602101358188
0.3069738002372271,0.5638170364533075,0.2163321601422835,0.2596711817428913,0.3893455042637972,0.5433344258795836,0.35683742170720656,0.26577891929927533,0.2928785005618937,0.2623623910653581,0.4263369008220034,0.2639010806000919,0.41658166192085777,0.2556701109822155,0.2529577856835771,0.35468699628162803,0.42612134501583065,0.41720638468681115,0.3767632703129389,0.355495383199804,0.4074278547874688,0.3886140921763489,0.41525823600754497,0.5323882282168224,0.5073244726004792,0.41439663970509677,0.41191981147437917,0.2562402328961817,0.2915249617322664,0.2961496457324113,0.24323834297276026,0.400159261729636,0.0,0.41164753957939015,1.0,0.26063719327446844,0.33713448938420776,0.4031836200895974,0.2072094035212112,0.4202196388853682,0.24682303004844874,0.4744606191839029,0.4209751352676603,0.2617073556846168,0.2641621598842505,0.27171268921454883,0.472586280500239,0.4722745019872807,0.2558749374424991,0.2917010514609031
0.2750084737726297,0.26295389376829414,0.21036391299375323,0.41369308215518275,0.24266409870186356,0.2623796635570482,0.2661292707370492,0.40683794868720646,0.2754935213801798,0.42403341057366895,0.27385591269130316,0.3993744449802512,0.2621880227708969,0.4116963224181145,0.40325242907882153,0.2642952887280101,0.22618425701340128,0.2752624553395435,0.24644648753143095,0.2656784177058825,0.26651643497207345,0.25244657644519275,0.2718384896142668,0.2425716089210892,0.2283503265469642,0.21488561708441922,0.2646778934808911,0.40632816771393654,0.30087476160807936,0.27128107539595814,0.39621641828520704,0.25246227624692197,0.0,0.27456321297949327,0.26063719327446844,1.0,0.2539312181417489,0.25620059180025745,0.324526313261287,0.2675332834473749,0.40078251076076554,0.2609946082063981,0.2635673160162496,0.4125274009204375,0.41153256399288385,0.2859330917466304,0.2564812849284349,0.2571270061226175,0.40631148237424786,0.3051824719854501
0.28745938155325146,0.33165638291441524,0.2067709181001064,0.2493632915078512,0.31799213956709027,0.3344144735132061,0.7843792993011084,0.24842619597095927,0.28747366771258864,0.25005458979146333,0.34241756869951956,0.24081570322157264,0.3442849265467357,0.2413360696668132,0.24139503327498535,0.7410668015256149,0.2877879247767844,0.36447026703754015,0.3311308166705733,0.7896119129118738,0.361741790852639,0.33969536633259756,0.3685399102010879,0.3124087027210396,0.30167481023149956,0.2820193714422867,0.3397620946338449,0.2397356203951463,0.2729650256765075,0.2849260035230723,0.23321899143767721,0.33664514517860666,0.0,0.33777322411470323,0.33713448938420776,0.2539312181417489,1.0,0.3239102891187091,0.18491431999268249,0.3328940093766366,0.23437869614986317,0.333612944546562,0.3415552975938986,0.2437907193573312,0.24321833595236086,0.2549613944885636,0.32662314602473597,0.3274088441444474,0.23675443107212124,0.277765574220483
0.314288153580787,0.42487555088779416,0.22366888374427663,0.2602082925304434,0.4404274181203347,0.404809516540546,0.33705933119352105,0.2808860739131256,0.29271824817525305,0.2677604236659187,0.4843339852557631,0.2668481344890644,0.5025981465446074,0.2614544361725317,0.256621013916432,0.3396830575004307,0.34487675512125104,0.46123954382901056,0.42200442705918684,0.34026426636592133,0.47567843324311554,0.4635512332954812,0.4934483672028286,0.3724459572874098,0.3610232375535818,0.3427428405633568,0.5818794048092281,0.2716938883618202,0.29560560914231127,0.29644965571612614,0.24875958895547612,0.4822782276808697,0.0,0.4805358968979474,0.4031836200895974,0.25620059180025745,0.3239102891187091,1.0,0.20896155639252234,0.5188708492703453,0.2540331625275529,0.41541899210226363,0.6217578335928022,0.27817737717963875,0.2710981495889804,0.2789213779221097,0.42777342523493433,0.42748545950550365,0.267572396337459,0.2970852852570002
0.2271452192382869,0.19592216135680862,0.15440454248310087,0.3366959223414112,0.20738324575342293,0.2082987088152949,0.1951944045821985,0.3329941907070465,0.2024545930543985,0.33944603279393715,0.20161270828424172,0.3371686616005164,0.1966084120580447,0.3288880815469818,0.3272586238501184,0.19214851220729479,0.2240889989292537,0.19965289694946287,0.18089413006261756,0.1925559064258977,0.19355734535586244,0.18558603463012713,0.2016924037948511,0.21213742502551003,0.22228370487756943,0.20835003585992817,0.19119284655501356,0.3292011416931049,0.22254912409639194,0.20564888636198708,0.3110330341529479,0.20761870735479404,0.0,0.21122546130248743,0.2072094035212112,0.324526313261287,0.18491431999268249,0.20896155639252234,1.0,0.20410138977941072,0.3169616875108823,0.19791401337085934,0.19785968730358117,0.3374870152558952,0.34117760339689074,0.21370430523085826,0.21141980048894304,0.2050012271723527,0.3148572523637696,0.22806761309039814
0.31259544274530904,0.421192498628861,0.2297816541728065,0.25955422292565733,0.4342455027771094,0.40192508224858636,0.35184585686309644,0.27030365067541473,0.3047139631784789,0.2704235210484034,0.5194024517416629,0.2631272157737077,0.5393006528941241,0.2596547970174279,0.25557593995419825,0.3498894194309804,0.3518658401275948,0.4950067864353711,0.44826652937071587,0.35634547147302087,0.5098652381108609,0.4937515913966797,0.5248566591085277,0.37955018459452905,0.3574427394960846,0.3424153400190668,0.5449423872872501,0.26245596318812014,0.2972046970879417,0.31362305586501693,0.2508124198240004,0.49467855043183384,0.0,0.5070390780599967,0.4202196388853682,0.2675332834473749,0.3328940093766366,0.5188708492703453,0.20410138977941072,1.0,0.25210859924710916,0.4268947585362023,0.5453549320882931,0.26702399962498136,0.2684065178575581,0.287299980980828,0.4433660764821259,0.4437960544808194,0.2629264491016393,0.30825772971337595
