../ecoli_genomes/GCF_000163235.1_ASM16323v1_genomic.fna.gz,../ecoli_genomes/GCF_000164555.1_ASM16455v1_genomic.fna.gz,../ecoli_genomes/GCF_000208545.1_ASM20854v2_genomic.fna.gz,../ecoli_genomes/GCF_000233875.1_ASM23387v1_genomic.fna.gz,../ecoli_genomes/GCF_000249735.1_ASM24973v2_genomic.fna.gz,../ecoli_genomes/GCF_000261145.1_Esch_coli_M919_V2_genomic.fna.gz,../ecoli_genomes/GCF_000267705.2_ASM26770v2_genomic.fna.gz,../ecoli_genomes/GCF_000350665.1_Esch_coli_KTE5_V1_genomic.fna.gz,../ecoli_genomes/GCF_000351625.1_Esch_coli_KTE66_V1_genomic.fna.gz,../ecoli_genomes/GCF_000352285.1_Esch_coli_KTE46_V1_genomic.fna.gz,../ecoli_genomes/GCF_000358895.1_ASM35889v1_genomic.fna.gz,../ecoli_genomes/GCF_000456385.1_Esch_coli_HVH_26_4-5703913_V1_genomic.fna.gz,../ecoli_genomes/GCF_000458195.1_Esch_coli_HVH_147_4-5893887_V1_genomic.fna.gz,../ecoli_genomes/GCF_000459755.1_Esch_coli_KOEGE_58_171a_V1_genomic.fna.gz,../ecoli_genomes/GCF_000460055.1_Esch_coli_UMEA_3053-1_V1_genomic.fna.gz,../ecoli_genomes/GCF_000462165.2_ASM46216v2_genomic.fna.gz,../ecoli_genomes/GCF_000601135.1_ASM60113v1_genomic.fna.gz,../ecoli_genomes/GCF_000614595.1_Ec2010EL1058_genomic.fna.gz,../ecoli_genomes/GCF_000617745.1_Ec2010C-4529_genomic.fna.gz,../ecoli_genomes/GCF_000618265.2_EcF6751_genomic.fna.gz,../ecoli_genomes/GCF_000619005.2_Ec2009C-4052_genomic.fna.gz,../ecoli_genomes/GCF_000619105.1_Ec2009C-4780_genomic.fna.gz,../ecoli_genomes/GCF_000619765.2_Ec2009C-3279_genomic.fna.gz,../ecoli_genomes/GCF_000687005.1_ASM68700v1_genomic.fna.gz,../ecoli_genomes/GCF_000687025.1_ASM68702v1_genomic.fna.gz,../ecoli_genomes/GCF_000700125.1_ASM70012v1_genomic.fna.gz,../ecoli_genomes/GCF_000753315.1_FHI35_genomic.fna.gz,../ecoli_genomes/GCF_000776375.1_ASM77637v1_genomic.fna.gz,../ecoli_genomes/GCF_000779395.1_ASM77939v1_genomic.fna.gz,../ecoli_genomes/GCF_000780315.1_ASM78031v1_genomic.fna.gz,../ecoli_genomes/GCF_000781995.1_ASM78199v1_genomic.fna.gz,../ecoli_genomes/GCF_000986765.1_ASM98676v1_genomic.fna.gz,../ecoli_genomes/GCF_001041375.1_ViralProj287958_genomic.fna.gz,../ecoli_genomes/GCF_001265335.1_302014_genomic.fna.gz,../ecoli_genomes/GCF_001265625.1_100854_genomic.fna.gz,../ecoli_genomes/GCF_001267345.1_303289_genomic.fna.gz,../ecoli_genomes/GCF_001309985.1_ASM130998v1_genomic.fna.gz,../ecoli_genomes/GCF_001521695.1_ASM152169v1_genomic.fna.gz,../ecoli_genomes/GCF_001592595.1_ASM159259v1_genomic.fna.gz,../ecoli_genomes/GCF_001614975.1_ASM161497v1_genomic.fna.gz,../ecoli_genomes/GCF_001692775.1_ASM169277v1_genomic.fna.gz,../ecoli_genomes/GCF_001748915.1_ASM174891v1_genomic.fna.gz,../ecoli_genomes/GCF_001749235.1_ASM174923v1_genomic.fna.gz,../ecoli_genomes/GCF_001881155.1_ASM188115v1_genomic.fna.gz,../ecoli_genomes/GCF_001881345.1_ASM188134v1_genomic.fna.gz,../ecoli_genomes/GCF_001892405.1_ASM189240v1_genomic.fna.gz,../ecoli_genomes/GCF_001892585.1_ASM189258v1_genomic.fna.gz,../ecoli_genomes/GCF_001893985.1_ASM189398v1_genomic.fna.gz,../ecoli_genomes/GCF_002001595.1_ASM200159v1_genomic.fna.gz,../ecoli_genomes/GCF_002002145.1_ASM200214v1_genomic.fna.gz
1.0,0.31145310379811475,0.2558075625394781,0.2786728786252509,0.2837778696261799,0.3070263861892708,0.30093559143466375,0.28224452935648836,0.39341359111103424,0.28739143684087354,0.3114095255528768,0.2851572083152649,0.30911355715248523,0.26823322444694864,0.2621850162287569,0.30562585567677536,0.29878940901567697,0.2982942052177451,0.29008892182469803,0.2991352793156984,0.2861044255168831,0.28788177807402415,0.30183238977325255,0.30115773678578606,0.2913495627364052,0.2680481809767429,0.3006225217280717,0.27637443450551846,0.3362779288986648,0.38543209796962175,0.2564932209531384,0.30264751301966264,0.0,0.2997425259644093,0.294597889107846,0.27237557257847167,0.28941239547024955,0.3064678685183704,0.2016940115960596,0.3063235762306713,0.2614192845628249,0.29805990772577395,0.30192248607844674,0.28295537520664304,0.29389455739133374,0.3064650245446189,0.29014896131046486,0.2898290941384759,0.2655535720637604,0.3375259305304176
0.31145310379811475,1.0,0.2331288743670552,0.26993374294844097,0.3736893992852278,0.554579120070404,0.3521970334499479,0.27751953724112877,0.2932287248194694,0.2841317568323506,0.43221050413218687,0.2838002541396054,0.4240225033493834,0.26497911427016174,0.2553834553437492,0.3567044700939638,0.4775043089417683,0.41509777215663857,0.39775261265851314,0.35672294087093204,0.40418492868555866,0.4000514530041487,0.4180962270719003,0.5516808886657378,0.5457871616611122,0.420893378059512,0.4196344154229914,0.2772734739321233,0.30262486239779995,0.3016480064999093,0.25453351207188846,0.4097571712411834,0.0,0.40868514234138653,0.5570464029745298,0.2648404245870767,0.33813970791511483,0.42383772158361943,0.18084814890431045,0.42720088595757677,0.25817718699150505,0.4682589752506632,0.4199944598095683,0.2882872997137206,0.2862023259198715,0.2814783499116601,0.47520003815997014,0.47641091327189156,0.2795719442457838,0.29724530350314116
0.2558075625394781,0.2331288743670552,1.0,0.21018569497538142,0.2012193860891085,0.22102504775451548,0.2172145489414561,0.2123073602897495,0.24324807250566283,0.21819120534704217,0.2323219503048629,0.21030446743803877,0.23174195174366652,0.2108905315065699,0.2055092762182431,0.2194832406653371,0.21922963497751302,0.225461313205929,0.21753184097370215,0.2182945909673103,0.2207406158093559,0.21434306264028447,0.22216126817484105,0.21765329312373238,0.2138723021602268,0.19160410756410962,0.22651212302518275,0.21491997352298753,0.24683232964888102,0.2505684005757699,0.19684155812504966,0.22238302128056775,0.0,0.22105646108595733,0.21574121971395943,0.21558685368152997,0.20866519817828733,0.22095067693352177,0.14892802953376016,0.2303681498988961,0.2078637039212936,0.2208319487165019,0.23190363434225603,0.22021608464926967,0.21469465183916026,0.22698741561238855,0.23021544032901187,0.22962362231071487,0.21717027013082002,0.24780990737355835
0.2786728786252509,0.26993374294844097,0.21018569497538142,1.0,0.2614341755478845,0.2661024708645474,0.25830010587574004,0.49744331141995557,0.2768269617033118,0.5298986691084961,0.265408717355194,0.5086523620248224,0.2714123566355239,0.5395724759644245,0.5529256840655696,0.26471125134208506,0.2626325594315311,0.25618813552473985,0.2485521838045256,0.2556369326676944,0.2490443213648459,0.24554127582814933,0.26163132210224294,0.26365100243132655,0.25620467325440943,0.2295062643072323,0.25603718695483435,0.5242739318637204,0.3000278116504368,0.2712092186716285,0.49570512936152233,0.2699413220261232,0.0,0.2522341315445703,0.2526427051418785,0.4274096034899916,0.25213514862981345,0.25302791267373836,0.3241132352389139,0.2553599358305082,0.5279690167445326,0.2547398290784192,0.2604947663989782,0.5287334707400737,0.5231279374153026,0.289173355140257,0.2526477016818668,0.2527327267069449,0.4560201460786476,0.30861485243628417
0.2837778696261799,0.3736893992852278,0.2012193860891085,0.2614341755478845,1.0,0.39664517358429463,0.3179314163879494,0.2567872103702279,0.2912822364464852,0.27512107713595846,0.4978595561175275,0.24505894788913596,0.46017149954165315,0.25344937652606947,0.27593722895714956,0.33217147003518654,0.3965934558050226,0.39606959560555755,0.39108589329140564,0.31657407314754515,0.4041672844203923,0.393269989902323,0.41005131388619853,0.39710794501498814,0.3893140276824405,0.34806310902753346,0.4186757162994691,0.23560649311944193,0.270885486646945,0.2862210599343956,0.24533961487803635,0.43839187543939206,0.0,0.4100729088656748,0.38132058218598375,0.24039363496998967,0.3213378351970013,0.43022985813666714,0.1869162263005001,0.42527516913658137,0.2673994751683383,0.39397492603741446,0.43172724045831,0.25277510852772844,0.2570835444951939,0.2549662715855755,0.39374379236465584,0.39473117929257284,0.2374680418855224,0.2759733601958222
0.3070263861892708,0.554579120070404,0.22102504775451548,0.2661024708645474,0.39664517358429463,1.0,0.36255033258417757,0.28143948656009843,0.2970141784525453,0.2712471475053604,0.4290066876202756,0.26736508831606265,0.43262438014149796,0.2623829913572897,0.2613948024482986,0.36320788419673056,0.47824872093852966,0.4216583509056324,0.41333301295457614,0.3612565316053795,0.4031356526170733,0.40006174916746995,0.42555578536305316,0.5460482713312524,0.5459620186241961,0.41243920394047084,0.4128457567109638,0.2680471996228956,0.30265681528980837,0.29966378871661814,0.2465505276895047,0.4219557094145273,0.0,0.4246505282272893,0.5614905388921636,0.2727973947480641,0.3512015564888279,0.4178226928618215,0.19714885989385844,0.4217508347727478,0.2608879990605222,0.47977764118237587,0.4259461426448622,0.2736788013015986,0.2728174414950535,0.27571740329690186,0.4780309925914312,0.4803088280874884,0.2628106341933415,0.30266108745913567
0.30093559143466375,0.3521970334499479,0.2172145489414561,0.25830010587574004,0.3179314163879494,0.36255033258417757,1.0,0.2619304024652348,0.3025979930209135,0.26348061701125625,0.36380892901710804,0.2525140529494604,0.36469210063850965,0.25354210780876063,0.24774194090530555,0.7715553512593099,0.3433239838090191,0.38873436929183225,0.37744002565567236,0.8620185393973211,0.38956923659516085,0.37074441993218166,0.39564576554335007,0.3530302999327807,0.338511223293684,0.30873336241084903,0.3649798197191454,0.2575488444120694,0.28675068578053975,0.3013435368265782,0.23564710725263105,0.3506239292355844,0.0,0.3651301031283808,0.36676079787673965,0.27471496373653437,0.7916549180242948,0.341002143007916,0.19012493405508912,0.3604891741647607,0.24504124257081594,0.35443181858409367,0.36247727076421044,0.26200000898402187,0.2641493973464718,0.2656313518622151,0.3477998504301816,0.34711568616263544,0.2528818019796205,0.29128534549385565
0.28224452935648836,0.27751953724112877,0.2123073602897495,0.49744331141995557,0.2567872103702279,0.28143948656009843,0.2619304024652348,1.0,0.27859672384128453,0.5070876728370771,0.26716234147222284,0.4788225201194889,0.2735842364673592,0.483815563992826,0.47138528016676995,0.2663457135853091,0.26842157482990336,0.2614882683248494,0.25433719348377304,0.26079211538308955,0.2504278507025829,0.24984009580513,0.2619904791711938,0.2823857369270515,0.26134063385552697,0.23714172971770053,0.2632692210578981,0.6918631563969059,0.30690100897305306,0.2749787495398407,0.45947953924417917,0.2684153991542306,0.0,0.26082302158293935,0.26196573906369813,0.417640389069891,0.25399982168589497,0.2755747757698248,0.32113592849548034,0.26737613444330266,0.4797181096367691,0.2643490097489064,0.26656079861043513,0.6994334118082284,0.6797718881263177,0.2886554964194247,0.25955606178028945,0.25909319689707244,0.4469417572860833,0.3076476024230611
0.39341359111103424,0.2932287248194694,0.24324807250566283,0.2768269617033118,0.2912822364464852,0.2970141784525453,0.3025979930209135,0.27859672384128453,1.0,0.29319049239796,0.311175294525212,0.267766536745608,0.315571791727179,0.27493347052493455,0.27729925283442136,0.31204919351028737,0.2916388347163956,0.2954571893438208,0.2837325086068272,0.30402157143399877,0.28857228077528463,0.2882574207989056,0.29801444818267253,0.30337759757011673,0.2825128943478248,0.25900174825905353,0.30258567947067927,0.2694694332169252,0.33235425168590016,0.41470246786796294,0.26285218635761953,0.2976933026981786,0.0,0.29401552045643764,0.28735534838683985,0.2793945422952734,0.29555484511963637,0.29340560925262404,0.19720550021276217,0.30944593450339986,0.2737135896171592,0.29420624832929443,0.3072809429608321,0.2765302245364991,0.2719917863029626,0.306213674943008,0.2934570540842284,0.29326643855864554,0.26839264696357057,0.3422184032896992
0.28739143684087354,0.2841317568323506,0.21819120534704217,0.5298986691084961,0.27512107713595846,0.2712471475053604,0.26348061701125625,0.5070876728370771,0.29319049239796,1.0,0.2782212617010217,0.48315055329505696,0.2819516828586349,0.5127157507406976,0.5045644836315903,0.27033264661037826,0.26715180036811603,0.2638745907216913,0.25050149731640436,0.26251941271693535,0.25373056354704027,0.2497077535209723,0.25890729593641715,0.2717164519147929,0.265596305212912,0.2380833987668487,0.2675061855680845,0.506053413703232,0.31035332954836736,0.2837373047638686,0.5156999472310693,0.2659828185128411,0.0,0.2592646106679529,0.2600753485981091,0.43786709406246793,0.25784269064799914,0.2629365626542759,0.32962355768835605,0.27078796773008273,0.5365930276851634,0.2651112810666969,0.268729352752456,0.5156934593158807,0.5164168490852037,0.2952866750610852,0.26369288073317454,0.2625680831348335,0.47669954388394564,0.312033007008221
0.3114095255528768,0.43221050413218687,0.2323219503048629,0.265408717355194,0.4978595561175275,0.4290066876202756,0.36380892901710804,0.26716234147222284,0.311175294525212,0.2782212617010217,1.0,0.2637808219859846,0.5378576648445732,0.2643462747335753,0.26344197352284415,0.3712065321413687,0.4152941980286827,0.49181650594395687,0.46810528462848844,0.36680720383842835,0.48563446380117614,0.4835503380752375,0.4967822111440826,0.43173672213849923,0.39592291693821946,0.3671035827745789,0.5101848408547869,0.2675063637509192,0.299947059825983,0.3153869423551713,0.24915948105319274,0.46390436991783723,0.0,0.479706169132335,0.4304445583077098,0.2761823212087401,0.3538396124512162,0.48538089011171737,0.1857839037475416,0.5228041389436364,0.2601251396366119,0.444232516646214,0.515542493404199,0.2708215523482208,0.2713370585332118,0.2806850359424583,0.44315283646354686,0.4427695060157365,0.26671658448232294,0.3074996440950666
0.2851572083152649,0.2838002541396054,0.21030446743803877,0.5086523620248224,0.24505894788913596,0.26736508831606265,0.2525140529494604,0.4788225201194889,0.267766536745608,0.48315055329505696,0.2637808219859846,1.0,0.2635657578219438,0.4916201607322611,0.5972185102359431,0.25606619591421287,0.25933678011002814,0.25168011071243646,0.24900454477342437,0.25206433536848727,0.24929983981453963,0.24477959138390393,0.25620408801535255,0.26191391836990696,0.25195311464168224,0.229826411407816,0.2562918821120833,0.48635347744044555,0.30443329872349634,0.27187765296426436,0.43577364119110074,0.25760492344696595,0.0,0.25409451515408077,0.26110305126368116,0.4083336522530503,0.24223264849539816,0.25982985947910864,0.31229899794162364,0.2603461271369083,0.4652605151331415,0.25506071807780306,0.2604483558989341,0.4918239218728898,0.49080013803304934,0.28663522773112204,0.25908822460400216,0.25901614962748465,0.42900405468191316,0.30229023869467764
0.30911355715248523,0.4240225033493834,0.23174195174366652,0.2714123566355239,0.46017149954165315,0.43262438014149796,0.36469210063850965,0.2735842364673592,0.315571791727179,0.2819516828586349,0.5378576648445732,0.2635657578219438,1.0,0.26202539296958605,0.2709178338155437,0.3769235743036845,0.41719784314360553,0.5028468824618668,0.4985681093105553,0.36784422030125996,0.5148869459976806,0.545899420735244,0.5638952428306004,0.4335213084426278,0.3990762274312908,0.368926289638586,0.5451320144492271,0.26594456950350287,0.3002468580016595,0.3223088558063496,0.2536467798588078,0.5013894425275012,0.0,0.545338506322364,0.42535888457032467,0.2716388351801423,0.35807063028221253,0.5092558839494579,0.18559080680615392,0.5506768515316531,0.26591893593065297,0.44066060620073655,0.5443417634341624,0.2712250341920308,0.269187950189551,0.2773260542187105,0.43938749154012113,0.43848822564605017,0.26601869253773613,0.30844748706920144
0.26823322444694864,0.26497911427016174,0.2108905315065699,0.5395724759644245,0.25344937652606947,0.2623829913572897,0.25354210780876063,0.483815563992826,0.27493347052493455,0.5127157507406976,0.2643462747335753,0.4916201607322611,0.26202539296958605,1.0,0.5455956291008449,0.25572987700186245,0.2544590133361918,0.2541382409235057,0.24240468248987157,0.2531020218461947,0.242994300557848,0.24236954902557495,0.2538156727138401,0.2525298031001486,0.24477984194378244,0.22092247640057006,0.25631717831557355,0.5157740147484213,0.30400057811848336,0.264663732485942,0.4864663585988297,0.2550324335066956,0.0,0.25085017904877305,0.25073066897792384,0.4201277218393954,0.2456868690925561,0.2546318882327153,0.3111828995814009,0.255652312219935,0.5111864702432625,0.2532196793812663,0.2585465811773173,0.5144677140126286,0.5069574581137734,0.2917075330748822,0.25383047601213093,0.25377862786422356,0.45335410454652103,0.3075904048582281
0.2621850162287569,0.2553834553437492,0.2055092762182431,0.5529256840655696,0.27593722895714956,0.2613948024482986,0.24774194090530555,0.47138528016676995,0.27729925283442136,0.5045644836315903,0.26344197352284415,0.5972185102359431,0.2709178338155437,0.5455956291008449,1.0,0.25501180518606303,0.26502173787803696,0.24719390286979248,0.23592446557206104,0.24694244159805023,0.24041174951377475,0.23767935834560505,0.2502418338088762,0.2647561712870359,0.25551570372472554,0.23020568594600155,0.25158429403469473,0.48282280088502527,0.2940243464425425,0.26591624656586,0.4811201528373418,0.2619539794244624,0.0,0.2454832095655608,0.24955159243292024,0.4127601891049977,0.24688833193483495,0.25123664754612784,0.3172652974005479,0.2518372769367393,0.5153040994074929,0.250358063834776,0.25727953565793416,0.4914172465068525,0.4848025193082236,0.2855396411018345,0.25393294292341606,0.25386164063776584,0.43830961129779744,0.3096467116583549
0.30562585567677536,0.3567044700939638,0.2194832406653371,0.26471125134208506,0.33217147003518654,0.36320788419673056,0.7715553512593099,0.2663457135853091,0.31204919351028737,0.27033264661037826,0.3712065321413687,0.25606619591421287,0.3769235743036845,0.25572987700186245,0.25501180518606303,1.0,0.3505352022491497,0.37922131808576387,0.36775427673312877,0.7816774131360957,0.3756289769790956,0.37209735564202306,0.38780334894488977,0.36148595622102175,0.3490962449328098,0.3289275376290902,0.36552847669130084,0.2585092777777328,0.2871853344232894,0.3133463641872789,0.24666840597124173,0.35195579811747124,0.0,0.3639799879755814,0.3643268259535588,0.2717497408659194,0.7376977178004918,0.3446641943875417,0.18233382642078022,0.36283161074198456,0.25345554968571515,0.35322676933017927,0.3644483266909492,0.26276438009004877,0.2654725141478812,0.26993872024844545,0.35196933504181616,0.35071746044354724,0.25775839802451717,0.29522858304216604
0.29878940901567697,0.4775043089417683,0.21922963497751302,0.2626325594315311,0.3965934558050226,0.47824872093852966,0.3433239838090191,0.26842157482990336,0.2916388347163956,0.26715180036811603,0.4152941980286827,0.25933678011002814,0.41719784314360553,0.2544590133361918,0.26502173787803696,0.3505352022491497,1.0,0.399011214102291,0.38612629619876015,0.3419140262749426,0.3889608637923059,0.3944462351412231,0.41070834160568614,0.5012728470828638,0.4958485761315907,0.43814440822207235,0.39751265513198253,0.2584402830033662,0.2885454916228407,0.2932007902020084,0.2437467419526128,0.44654233613078054,0.0,0.41247731734492366,0.4764878187149101,0.26726898478781425,0.3384837411872821,0.3842995246166505,0.18793255520663943,0.4079633857438415,0.25026657652194406,0.45099947575316535,0.4061323627717449,0.26526798368918814,0.2763695411534318,0.263940517380306,0.46072691830134427,0.4631477947505691,0.24938947577854953,0.28792577789340523
0.2982942052177451,0.41509777215663857,0.225461313205929,0.25618813552473985,0.39606959560555755,0.4216583509056324,0.38873436929183225,0.2614882683248494,0.2954571893438208,0.2638745907216913,0.49181650594395687,0.25168011071243646,0.5028468824618668,0.2541382409235057,0.24719390286979248,0.37922131808576387,0.399011214102291,1.0,0.5271951177967458,0.38706146717353473,0.5171234559390173,0.5049665007250983,0.5244148398627015,0.40719459848323547,0.3806020080369681,0.3492559456678688,0.49933344265526036,0.25988687621780626,0.28931102365609285,0.29970798085298067,0.23745386426728154,0.4540396372216762,0.0,0.4852496175892952,0.41345077668514396,0.27737971251812665,0.3708522750547315,0.45969066955666993,0.1842635632113786,0.49748389794032344,0.24434014716570296,0.4255033763412416,0.48919749954047853,0.2616877482336337,0.26042080327313644,0.26791902159839587,0.42768040866623147,0.42681913859771703,0.2514695769090325,0.29285112447630357
0.29008892182469803,0.39775261265851314,0.21753184097370215,0.2485521838045256,0.39108589329140564,0.41333301295457614,0.37744002565567236,0.25433719348377304,0.2837325086068272,0.25050149731640436,0.46810528462848844,0.24900454477342437,0.4985681093105553,0.24240468248987157,0.23592446557206104,0.36775427673312877,0.38612629619876015,0.5271951177967458,1.0,0.37455206051100487,0.5083832745034453,0.5029402721517745,0.5117942588849049,0.38999795893965006,0.3730062077743258,0.34105373416963136,0.4871894080866047,0.25148717643603147,0.2779954184561947,0.29157389014556934,0.22908511719798041,0.4548599377530351,0.0,0.47590084211010997,0.4092824917232113,0.26415134572740306,0.3626400893939812,0.45308367239842895,0.18090735875530584,0.4926513373749122,0.23664654404713625,0.4161479242244134,0.4829718978792251,0.25394711332365105,0.25499829799990115,0.26127985542522136,0.40756788483187456,0.40690992440501517,0.24459703203354233,0.28331868054495724
0.2991352793156984,0.35672294087093204,0.2182945909673103,0.2556369326676944,0.31657407314754515,0.3612565316053795,0.8620185393973211,0.26079211538308955,0.30402157143399877,0.26251941271693535,0.36680720383842835,0.25206433536848727,0.36784422030125996,0.2531020218461947,0.24694244159805023,0.7816774131360957,0.3419140262749426,0.38706146717353473,0.37455206051100487,1.0,0.39232567706107035,0.37192263641131684,0.3951628858748101,0.35027887265216484,0.33912666634401156,0.30935697386027783,0.36858737485794024,0.259039194746438,0.2882959957525313,0.30506535392156553,0.2376286337692668,0.3505533660039776,0.0,0.3651995876690922,0.3601871246392382,0.2724766275498498,0.8024913129462105,0.34520444596967315,0.18061675566851687,0.366444445962822,0.24435374624703166,0.3560188569791609,0.36635210512343963,0.25951537392169277,0.260838934493156,0.2687516227008704,0.3506604367164595,0.3499760741309704,0.25396432222393706,0.2925402302405903
0.2861044255168831,0.40418492868555866,0.2207406158093559,0.2490443213648459,0.4041672844203923,0.4031356526170733,0.38956923659516085,0.2504278507025829,0.28857228077528463,0.25373056354704027,0.48563446380117614,0.24929983981453963,0.5148869459976806,0.242994300557848,0.24041174951377475,0.3756289769790956,0.3889608637923059,0.5171234559390173,0.5083832745034453,0.39232567706107035,1.0,0.510332511869994,0.5433415800644912,0.39527469074554933,0.3740908242736024,0.3543941521319657,0.5116141170781805,0.25292312275942896,0.2802285107262831,0.2949530662297427,0.2307817085013547,0.4722606340809915,0.0,0.5045967093988702,0.4045671997673935,0.2674168388494096,0.3748391296760186,0.4754995694827233,0.17882270507599163,0.5167882112689826,0.2404415968091077,0.40318908841201384,0.49777666754219085,0.25216997042476075,0.253064628453759,0.26975552714460427,0.4199499100136186,0.41911664507401347,0.24686361855725358,0.2849649325938317
0.28788177807402415,0.4000514530041487,0.21434306264028447,0.24554127582814933,0.393269989902323,0.40006174916746995,0.37074441993218166,0.24984009580513,0.2882574207989056,0.2497077535209723,0.4835503380752375,0.24477959138390393,0.545899420735244,0.24236954902557495,0.23767935834560505,0.37209735564202306,0.3944462351412231,0.5049665007250983,0.5029402721517745,0.37192263641131684,0.510332511869994,1.0,0.7128488521645813,0.3904495078913328,0.37498443288378347,0.3451330382903992,0.5072723215826818,0.24992825380023442,0.278836293672014,0.2945410461917136,0.22906342738774232,0.46632866319875466,0.0,0.6250398375872722,0.39903562789616087,0.2570220025033745,0.35782956120048404,0.4700500232626217,0.17365416020757696,0.513211968634034,0.23436345852552098,0.4067546945855407,0.5053693066299589,0.25224797131712895,0.24991104701150035,0.2601321544107166,0.4076950726659522,0.4068855050365323,0.2449707378220901,0.2869550182421162
0.30183238977325255,0.4180962270719003,0.22216126817484105,0.26163132210224294,0.41005131388619853,0.42555578536305316,0.39564576554335007,0.2619904791711938,0.29801444818267253,0.25890729593641715,0.4967822111440826,0.25620408801535255,0.5638952428306004,0.2538156727138401,0.2502418338088762,0.38780334894488977,0.41070834160568614,0.5244148398627015,0.5117942588849049,0.3951628858748101,0.5433415800644912,0.7128488521645813,1.0,0.4064806450875813,0.3942325746676175,0.35797254249835375,0.5350028007210835,0.2657511191038472,0.292718909800013,0.30331316841570377,0.24031414355091674,0.4973008189336289,0.0,0.64842638830144,0.4165687061964335,0.2706664842753097,0.3778723618890726,0.49071093919472364,0.18603574838869086,0.5313126696940477,0.24798638588936617,0.4199563082078229,0.5179162128446051,0.2641515589159683,0.2644496594183924,0.2688288904031936,0.421274952557085,0.42166088028605453,0.2534407388626275,0.29580023762645924
0.30115773678578606,0.5516808886657378,0.21765329312373238,0.26365100243132655,0.39710794501498814,0.5460482713312524,0.3530302999327807,0.2823857369270515,0.30337759757011673,0.2717164519147929,0.43173672213849923,0.26191391836990696,0.4335213084426278,0.2525298031001486,0.2647561712870359,0.36148595622102175,0.5012728470828638,0.40719459848323547,0.38999795893965006,0.35027887265216484,0.39527469074554933,0.3904495078913328,0.4064806450875813,1.0,0.539666553304985,0.4293662283270675,0.4128517644306282,0.2560036427355127,0.2876563146244475,0.29876203172304816,0.24697100962939844,0.4192392017732539,0.0,0.405226286872607,0.5607299517146463,0.27044860887540956,0.34729782800501585,0.38911690873503035,0.18719141332224842,0.4079082302220507,0.2574532069557741,0.4654227241121619,0.41012298839920724,0.2665471437038386,0.2739752313719037,0.26403675270110727,0.4548921197511244,0.4550587156175482,0.25068766287412736,0.29151314550960283
0.2913495627364052,0.5457871616611122,0.2138723021602268,0.25620467325440943,0.3893140276824405,0.5459620186241961,0.338511223293684,0.26134063385552697,0.2825128943478248,0.265596305212912,0.39592291693821946,0.25195311464168224,0.3990762274312908,0.24477984194378244,0.25551570372472554,0.3490962449328098,0.4958485761315907,0.3806020080369681,0.3730062077743258,0.33912666634401156,0.3740908242736024,0.37498443288378347,0.3942325746676175,0.539666553304985,1.0,0.45081770063953397,0.38248453348583267,0.24425123533298398,0.27653290827778254,0.2806786172247584,0.23939555199782447,0.42721441106781255,0.0,0.3879422997204718,0.5357413556649622,0.24993871646740617,0.34025275096284746,0.3769321759927551,0.17442219634849265,0.38735340230336923,0.24746742686606826,0.43942357911569385,0.39267605898896174,0.26562128111840255,0.26566320408024413,0.2623564132814744,0.4441569649311409,0.44487300573812694,0.25251134115398266,0.27400712272400174
0.2680481809767429,0.420893378059512,0.19160410756410962,0.2295062643072323,0.34806310902753346,0.41243920394047084,0.30873336241084903,0.23714172971770053,0.25900174825905353,0.2380833987668487,0.3671035827745789,0.229826411407816,0.368926289638586,0.22092247640057006,0.23020568594600155,0.3289275376290902,0.43814440822207235,0.3492559456678688,0.34105373416963136,0.30935697386027783,0.3543941521319657,0.3451330382903992,0.35797254249835375,0.4293662283270675,0.45081770063953397,1.0,0.3541273329875152,0.22264308104381292,0.24644257369206468,0.26335299683337665,0.22058963623338046,0.3604856897552019,0.0,0.3469371776621665,0.4274345577516435,0.22744339044220085,0.30784217708615547,0.3514602192243592,0.16258784968614914,0.357909266351063,0.22331240193026314,0.4012157584684817,0.3520530850885709,0.243049537946055,0.2447208434932877,0.23356714399816914,0.4065383224909581,0.4062728664411016,0.22969738361229952,0.2526589773038711
0.3006225217280717,0.4196344154229914,0.22651212302518275,0.25603718695483435,0.4186757162994691,0.4128457567109638,0.3649798197191454,0.2632692210578981,0.30258567947067927,0.2675061855680845,0.5101848408547869,0.2562918821120833,0.5451320144492271,0.25631717831557355,0.25158429403469473,0.36552847669130084,0.39751265513198253,0.49933344265526036,0.4871894080866047,0.36858737485794024,0.5116141170781805,0.5072723215826818,0.5350028007210835,0.4128517644306282,0.38248453348583267,0.3541273329875152,1.0,0.2602899097155065,0.29391080391648927,0.30476221085572575,0.24388390847749575,0.4896001818974529,0.0,0.5056175989795906,0.41258531627053174,0.26772909210937557,0.3517258224467583,0.591366127524604,0.17861544342848923,0.5456831228657222,0.2519553332379747,0.42658858923022236,0.6262949751991713,0.2668683051032211,0.2605253480658065,0.2766177531010736,0.42547667973241876,0.42479488917620245,0.25866122618331555,0.2981986959140156
0.27637443450551846,0.2772734739321233,0.21491997352298753,0.5242739318637204,0.23560649311944193,0.2680471996228956,0.2575488444120694,0.6918631563969059,0.2694694332169252,0.506053413703232,0.2675063637509192,0.48635347744044555,0.26594456950350287,0.5157740147484213,0.48282280088502527,0.2585092777777328,0.2584402830033662,0.25988687621780626,0.25148717643603147,0.259039194746438,0.25292312275942896,0.24992825380023442,0.2657511191038472,0.2560036427355127,0.24425123533298398,0.22264308104381292,0.2602899097155065,1.0,0.30929094738986984,0.26873230630818246,0.46316832811151043,0.2607092550804512,0.0,0.2563768650875049,0.25358069994907273,0.417146032104885,0.24739041889255609,0.2722354434623483,0.3169699436359039,0.2649412263376353,0.4865818866765629,0.26155305966999476,0.2622751134859317,0.7971986794190596,0.7622559124584117,0.28701275715388497,0.2603726033423106,0.2595253118614418,0.46317284109033285,0.3010535968293415
0.3362779288986648,0.30262486239779995,0.24683232964888102,0.3000278116504368,0.270885486646945,0.30265681528980837,0.28675068578053975,0.30690100897305306,0.33235425168590016,0.31035332954836736,0.299947059825983,0.30443329872349634,0.3002468580016595,0.30400057811848336,0.2940243464425425,0.2871853344232894,0.2885454916228407,0.28931102365609285,0.2779954184561947,0.2882959957525313,0.2802285107262831,0.278836293672014,0.292718909800013,0.2876563146244475,0.27653290827778254,0.24644257369206468,0.29391080391648927,0.30929094738986984,1.0,0.3253288228497693,0.2776475949379936,0.29166514314909786,0.0,0.291973415182743,0.28409874672511615,0.3062064151776248,0.27479667022695775,0.28765094169367267,0.21423303547797434,0.296463517840892,0.28559877404028133,0.2861379822598551,0.2912063628487549,0.3065946924310077,0.30841237601569704,0.390348587146534,0.28691519004848354,0.28650426257261796,0.2982802793735613,0.6138896010507402
0.38543209796962175,0.3016480064999093,0.2505684005757699,0.2712092186716285,0.2862210599343956,0.29966378871661814,0.3013435368265782,0.2749787495398407,0.41470246786796294,0.2837373047638686,0.3153869423551713,0.27187765296426436,0.3223088558063496,0.264663732485942,0.26591624656586,0.3133463641872789,0.2932007902020084,0.29970798085298067,0.29157389014556934,0.30506535392156553,0.2949530662297427,0.2945410461917136,0.30331316841570377,0.29876203172304816,0.2806786172247584,0.26335299683337665,0.30476221085572575,0.26873230630818246,0.3253288228497693,1.0,0.25719930801260993,0.2927271012563202,0.0,0.29613670024806227,0.2950524284830752,0.2727696119674098,0.29641691083579147,0.2942589866008616,0.181145412792446,0.31896342914802644,0.2671789654899288,0.2983722203805341,0.30991508837018145,0.2729894580009865,0.26830183124101936,0.3161867381210106,0.30422914770979104,0.3044331765441759,0.2652054166409902,0.3353401840616569
0.2564932209531384,0.25453351207188846,0.19684155812504966,0.49570512936152233,0.24533961487803635,0.2465505276895047,0.23564710725263105,0.45947953924417917,0.26285218635761953,0.5156999472310693,0.24915948105319274,0.43577364119110074,0.2536467798588078,0.4864663585988297,0.4811201528373418,0.24666840597124173,0.2437467419526128,0.23745386426728154,0.22908511719798041,0.2376286337692668,0.2307817085013547,0.22906342738774232,0.24031414355091674,0.24697100962939844,0.23939555199782447,0.22058963623338046,0.24388390847749575,0.46316832811151043,0.2776475949379936,0.25719930801260993,1.0,0.2473469685135844,0.0,0.24349507745887122,0.2372380418523634,0.4048164334775016,0.2327207289050257,0.24395691911283257,0.2973531738486037,0.24685513835727135,0.6465538544338683,0.2388277385006573,0.2446553657260705,0.4683611189393727,0.46517680718503374,0.27610833219177666,0.24434103047372235,0.2437957301038829,0.4299203768343678,0.2833391316287954
0.30264751301966264,0.4097571712411834,0.22238302128056775,0.2699413220261232,0.43839187543939206,0.4219557094145273,0.3506239292355844,0.2684153991542306,0.2976933026981786,0.2659828185128411,0.46390436991783723,0.25760492344696595,0.5013894425275012,0.2550324335066956,0.2619539794244624,0.35195579811747124,0.44654233613078054,0.4540396372216762,0.4548599377530351,0.3505533660039776,0.4722606340809915,0.46632866319875466,0.4973008189336289,0.4192392017732539,0.42721441106781255,0.3604856897552019,0.4896001818974529,0.2607092550804512,0.29166514314909786,0.2927271012563202,0.2473469685135844,1.0,0.0,0.48657466027475627,0.40288619529074,0.2570353494863077,0.35100075039209644,0.4786826749276465,0.18374366380517726,0.5023846914305274,0.25103368073194565,0.4146778446758598,0.49972450556114056,0.2665147381876686,0.2735540785842058,0.2640424248976764,0.4205114742346949,0.4203361759619584,0.2493254731753486,0.2838412722735243
0.0,0.0,0.0,0.0,0.0,0.0,0.0,0.0,0.0,0.0,0.0,0.0,0.0,0.0,0.0,0.0,0.0,0.0,0.0,0.0,0.0,0.0,0.0,0.0,0.0,0.0,0.0,0.0,0.0,0.0,0.0,0.0,1.0,0.0,0.0,0.0,0.0,0.0,0.0,0.0,0.0,0.0,0.0,0.0,0.0,0.0,0.0,0.0,0.0,0.0
0.2997425259644093,0.40868514234138653,0.22105646108595733,0.2522341315445703,0.4100729088656748,0.4246505282272893,0.3651301031283808,0.26082302158293935,0.29401552045643764,0.2592646106679529,0.479706169132335,0.25409451515408077,0.545338506322364,0.25085017904877305,0.2454832095655608,0.3639799879755814,0.41247731734492366,0.4852496175892952,0.47590084211010997,0.3651995876690922,0.5045967093988702,0.6250398375872722,0.64842638830144,0.405226286872607,0.3879422997204718,0.3469371776621665,0.5056175989795906,0.2563768650875049,0.291973415182743,0.29613670024806227,0.24349507745887122,0.48657466027475627,0.0,1.0,0.4131575038782125,0.27886971903230495,0.3483767973772707,0.47628370678536114,0.19480867023046378,0.5121000643691317,0.24400199519247445,0.41484539217127614,0.5102066875425213,0.2587759835274869,0.26274793582457967,0.2657090718948715,0.4190057283743943,0.4190764155392568,0.24761289324473157,0.2932726086971643
0.294597889107846,0.5570464029745298,0.21574121971395943,0.2526427051418785,0.38132058218598375,0.5614905388921636,0.36676079787673965,0.26196573906369813,0.28735534838683985,0.2600753485981091,0.4304445583077098,0.26110305126368116,0.42535888457032467,0.25073066897792384,0.24955159243292024,0.3643268259535588,0.4764878187149101,0.41345077668514396,0.4092824917232113,0.3601871246392382,0.4045671997673935,0.39903562789616087,0.4165687061964335,0.5607299517146463,0.5357413556649622,0.4274345577516435,0.41258531627053174,0.25358069994907273,0.28409874672511615,0.2950524284830752,0.2372380418523634,0.40288619529074,0.0,0.4131575038782125,1.0,0.2637971521498278,0.3487310418120929,0.3955932328145939,0.18724125965787353,0.4193206946244401,0.24641198991230573,0.47115061669576797,0.4215146559100994,0.2583260865863747,0.2628354278140398,0.2642186508785065,0.462977104893597,0.46179482627764523,0.24995944604039366,0.28568258299897786
0.27237557257847167,0.2648404245870767,0.21558685368152997,0.4274096034899916,0.24039363496998967,0.2727973947480641,0.27471496373653437,0.417640389069891,0.2793945422952734,0.43786709406246793,0.2761823212087401,0.4083336522530503,0.2716388351801423,0.4201277218393954,0.4127601891049977,0.2717497408659194,0.26726898478781425,0.27737971251812665,0.26415134572740306,0.2724766275498498,0.2674168388494096,0.2570220025033745,0.2706664842753097,0.27044860887540956,0.24993871646740617,0.22744339044220085,0.26772909210937557,0.417146032104885,0.3062064151776248,0.2727696119674098,0.4048164334775016,0.2570353494863077,0.0,0.27886971903230495,0.2637971521498278,1.0,0.2606564278820448,0.2546263761474916,0.32405555597970437,0.27238533352593364,0.41680110942850024,0.2627309272404974,0.2669413644430523,0.42214794698515035,0.419437023003119,0.2875938392105841,0.25975761445380996,0.2590492162457094,0.4146927573977611,0.3073632776627281
0.28941239547024955,0.33813970791511483,0.20866519817828733,0.25213514862981345,0.3213378351970013,0.3512015564888279,0.7916549180242948,0.25399982168589497,0.29555484511963637,0.25784269064799914,0.3538396124512162,0.24223264849539816,0.35807063028221253,0.2456868690925561,0.24688833193483495,0.7376977178004918,0.3384837411872821,0.3708522750547315,0.3626400893939812,0.8024913129462105,0.3748391296760186,0.35782956120048404,0.3778723618890726,0.34729782800501585,0.34025275096284746,0.30784217708615547,0.3517258224467583,0.24739041889255609,0.27479667022695775,0.29641691083579147,0.2327207289050257,0.35100075039209644,0.0,0.3483767973772707,0.3487310418120929,0.2606564278820448,1.0,0.3317688611790358,0.17732808301257785,0.3452328013212783,0.23977391219619038,0.3480056843137449,0.3552822920258044,0.2513772044357728,0.2530467406210728,0.25536559625159083,0.3377972539444154,0.33647443646972097,0.24273751373832497,0.28157631446598475
0.3064678685183704,0.42383772158361943,0.22095067693352177,0.25302791267373836,0.43022985813666714,0.4178226928618215,0.341002143007916,0.2755747757698248,0.29340560925262404,0.2629365626542759,0.48538089011171737,0.25982985947910864,0.5092558839494579,0.2546318882327153,0.25123664754612784,0.3446641943875417,0.3842995246166505,0.45969066955666993,0.45308367239842895,0.34520444596967315,0.4754995694827233,0.4700500232626217,0.49071093919472364,0.38911690873503035,0.3769321759927551,0.3514602192243592,0.591366127524604,0.2722354434623483,0.28765094169367267,0.2942589866008616,0.24395691911283257,0.4786826749276465,0.0,0.47628370678536114,0.3955932328145939,0.2546263761474916,0.3317688611790358,1.0,0.19036379913188683,0.5184461754867222,0.24934604672656857,0.4193656986852232,0.6228036553956989,0.2760548126024268,0.26643175482268755,0.2728141445580502,0.4233520066489409,0.42308455385831945,0.2610303115413576,0.2899841601163249
0.2016940115960596,0.18084814890431045,0.14892802953376016,0.3241132352389139,0.1869162263005001,0.19714885989385844,0.19012493405508912,0.32113592849548034,0.19720550021276217,0.32962355768835605,0.1857839037475416,0.31229899794162364,0.18559080680615392,0.3111828995814009,0.3172652974005479,0.18233382642078022,0.18793255520663943,0.1842635632113786,0.18090735875530584,0.18061675566851687,0.17882270507599163,0.17365416020757696,0.18603574838869086,0.18719141332224842,0.17442219634849265,0.16258784968614914,0.17861544342848923,0.3169699436359039,0.21423303547797434,0.181145412792446,0.2973531738486037,0.18374366380517726,0.0,0.19480867023046378,0.18724125965787353,0.32405555597970437,0.17732808301257785,0.19036379913188683,1.0,0.18248192204468638,0.30823349303652847,0.18418514083289783,0.18578256080911948,0.3219721821496392,0.32578482170281253,0.19631117412570664,0.18271644745755922,0.1820506984229836,0.30724379106805055,0.22242534598514319
0.3063235762306713,0.42720088595757677,0.2303681498988961,0.2553599358305082,0.42527516913658137,0.4217508347727478,0.3604891741647607,0.26737613444330266,0.30944593450339986,0.27078796773008273,0.5228041389436364,0.2603461271369083,0.5506768515316531,0.255652312219935,0.2518372769367393,0.36283161074198456,0.4079633857438415,0.49748389794032344,0.4926513373749122,0.366444445962822,0.5167882112689826,0.513211968634034,0.5313126696940477,0.4079082302220507,0.38735340230336923,0.357909266351063,0.5456831228657222,0.2649412263376353,0.296463517840892,0.31896342914802644,0.24685513835727135,0.5023846914305274,0.0,0.5121000643691317,0.4193206946244401,0.27238533352593364,0.3452328013212783,0.5184461754867222,0.18248192204468638,1.0,0.25171300045884804,0.431542991857927,0.5471844700986259,0.2657270552040968,0.26654100672224046,0.2856101570309624,0.4510025309028771,0.45103008187238725,0.25901706077185294,0.30567069174117667
