../ecoli_genomes/GCF_000163235.1_ASM16323v1_genomic.fna.gz,../ecoli_genomes/GCF_000164555.1_ASM16455v1_genomic.fna.gz,../ecoli_genomes/GCF_000208545.1_ASM20854v2_genomic.fna.gz,../ecoli_genomes/GCF_000233875.1_ASM23387v1_genomic.fna.gz,../ecoli_genomes/GCF_000249735.1_ASM24973v2_genomic.fna.gz,../ecoli_genomes/GCF_000261145.1_Esch_coli_M919_V2_genomic.fna.gz,../ecoli_genomes/GCF_000267705.2_ASM26770v2_genomic.fna.gz,../ecoli_genomes/GCF_000350665.1_Esch_coli_KTE5_V1_genomic.fna.gz,../ecoli_genomes/GCF_000351625.1_Esch_coli_KTE66_V1_genomic.fna.gz,../ecoli_genomes/GCF_000352285.1_Esch_coli_KTE46_V1_genomic.fna.gz,../ecoli_genomes/GCF_000358895.1_ASM35889v1_genomic.fna.gz,../ecoli_genomes/GCF_000456385.1_Esch_coli_HVH_26_4-5703913_V1_genomic.fna.gz,../ecoli_genomes/GCF_000458195.1_Esch_coli_HVH_147_4-5893887_V1_genomic.fna.gz,../ecoli_genomes/GCF_000459755.1_Esch_coli_KOEGE_58_171a_V1_genomic.fna.gz,../ecoli_genomes/GCF_000460055.1_Esch_coli_UMEA_3053-1_V1_genomic.fna.gz,../ecoli_genomes/GCF_000462165.2_ASM46216v2_genomic.fna.gz,../ecoli_genomes/GCF_000601135.1_ASM60113v1_genomic.fna.gz,../ecoli_genomes/GCF_000614595.1_Ec2010EL1058_genomic.fna.gz,../ecoli_genomes/GCF_000617745.1_Ec2010C-4529_genomic.fna.gz,../ecoli_genomes/GCF_000618265.2_EcF6751_genomic.fna.gz,../ecoli_genomes/GCF_000619005.2_Ec2009C-4052_genomic.fna.gz,../ecoli_genomes/GCF_000619105.1_Ec2009C-4780_genomic.fna.gz,../ecoli_genomes/GCF_000619765.2_Ec2009C-3279_genomic.fna.gz,../ecoli_genomes/GCF_000687005.1_ASM68700v1_genomic.fna.gz,../ecoli_genomes/GCF_000687025.1_ASM68702v1_genomic.fna.gz,../ecoli_genomes/GCF_000700125.1_ASM70012v1_genomic.fna.gz,../ecoli_genomes/GCF_000753315.1_FHI35_genomic.fna.gz,../ecoli_genomes/GCF_000776375.1_ASM77637v1_genomic.fna.gz,../ecoli_genomes/GCF_000779395.1_ASM77939v1_genomic.fna.gz,../ecoli_genomes/GCF_000780315.1_ASM78031v1_genomic.fna.gz,../ecoli_genomes/GCF_000781995.1_ASM78199v1_genomic.fna.gz,../ecoli_genomes/GCF_000986765.1_ASM98676v1_genomic.fna.gz,../ecoli_genomes/GCF_001041375.1_ViralProj287958_genomic.fna.gz,../ecoli_genomes/GCF_001265335.1_302014_genomic.fna.gz,../ecoli_genomes/GCF_001265625.1_100854_genomic.fna.gz,../ecoli_genomes/GCF_001267345.1_303289_genomic.fna.gz,../ecoli_genomes/GCF_001309985.1_ASM130998v1_genomic.fna.gz,../ecoli_genomes/GCF_001521695.1_ASM152169v1_genomic.fna.gz,../ecoli_genomes/GCF_001592595.1_ASM159259v1_genomic.fna.gz,../ecoli_genomes/GCF_001614975.1_ASM161497v1_genomic.fna.gz,../ecoli_genomes/GCF_001692775.1_ASM169277v1_genomic.fna.gz,../ecoli_genomes/GCF_001748915.1_ASM174891v1_genomic.fna.gz,../ecoli_genomes/GCF_001749235.1_ASM174923v1_genomic.fna.gz,../ecoli_genomes/GCF_001881155.1_ASM188115v1_genomic.fna.gz,../ecoli_genomes/GCF_001881345.1_ASM188134v1_genomic.fna.gz,../ecoli_genomes/GCF_001892405.1_ASM189240v1_genomic.fna.gz,../ecoli_genomes/GCF_001892585.1_ASM189258v1_genomic.fna.gz,../ecoli_genomes/GCF_001893985.1_ASM189398v1_genomic.fna.gz,../ecoli_genomes/GCF_002001595.1_ASM200159v1_genomic.fna.gz,../ecoli_genomes/GCF_002002145.1_ASM200214v1_genomic.fna.gz
1.0,0.32241519747793945,0.2564870473979758,0.29229129387173713,0.2970505384593982,0.31038797473768687,0.3005033854804785,0.29658333387786473,0.39264284326811383,0.3013615661122908,0.3229929091297701,0.3032109433111121,0.3092205371994551,0.28122334439873553,0.2729659704066185,0.30705991750047545,0.27562429234692454,0.3030124466436549,0.2745611118834801,0.29765310434381265,0.2946674323295079,0.2937288753058772,0.3097599620134337,0.3116626919870409,0.2903103346777973,0.26475354154457464,0.30612503319689344,0.2859060901066689,0.33569399753317086,0.3859916887368594,0.26649077361478124,0.30211265377481933,0.0,0.30788043077972804,0.3118251902513678,0.2854104112817081,0.28759167909962347,0.30534354563753574,0.26430191572172235,0.31121873827721347,0.2716712650843426,0.30695628178722656,0.307970706011796,0.29481409880085263,0.3046624750857486,0.31427864137728745,0.30260785762721176,0.3013310252082103,0.27649369540561164,0.3481995790004594
0.32241519747793945,1.0,0.2398199176172744,0.2770059115546232,0.3907795719851749,0.5297975324074955,0.3544491729179272,0.28182690845059977,0.3015607624150253,0.28623950035728807,0.431537126047024,0.2833016027679548,0.4133901728004705,0.2711914138258035,0.2601392123757451,0.35246751580563007,0.381897427310501,0.4208843211948299,0.35801767431535847,0.35527988382510967,0.40265770778069443,0.38011597692174337,0.4214019137852806,0.4987116132882482,0.44653550823292887,0.35039179542810406,0.41675921245444625,0.27768882613773527,0.30874095568872395,0.3028564555841692,0.2559716535338411,0.394823550430366,0.0,0.41050475117012686,0.5645453636904352,0.2695355678126008,0.3339064433857005,0.42177425038422767,0.20268741279491231,0.4232993064056577,0.26173860379590563,0.47627025681217827,0.4250146271831162,0.289965284602678,0.2885022464357828,0.2891377828922148,0.48335063978460147,0.486464794030832,0.28195002338645325,0.30937639804101746
0.2564870473979758,0.2398199176172744,1.0,0.2122874117264455,0.2059397305904508,0.21500578481547683,0.21884814272296005,0.22161378759307215,0.24865171742191872,0.2207185113517648,0.23233571218648386,0.21386159061990118,0.22343052985878986,0.21037538265358835,0.2080162552338196,0.2180669382063889,0.18281659049924393,0.22853227317547986,0.19609428023866804,0.2199544079525061,0.22196167122342414,0.2039266042567276,0.22797052600228773,0.2032884103611282,0.18330640581043334,0.16325575317074348,0.22646393026022138,0.21949604147203283,0.24781046286549058,0.2532892903608692,0.1989082821895951,0.21648050698882815,0.0,0.22344970893771288,0.2210837329663391,0.2183758341326002,0.20680313868403644,0.2230485129789047,0.1638552916405267,0.23249573898736442,0.20652315622722595,0.22482176679097643,0.23237188536054443,0.22358589225146486,0.22021989680020637,0.23422470371823012,0.2316575710070946,0.23256281720094918,0.21800795069158552,0.25076950147537624
0.29229129387173713,0.2770059115546232,0.2122874117264455,1.0,0.2830107957735333,0.27029790895973094,0.2594126700405577,0.5098072255458519,0.2987848266780804,0.5378224451784884,0.27009124174098365,0.5078492706509945,0.2771999398372019,0.5426735963462856,0.5629013593257861,0.2702595762931651,0.242652089601193,0.25921543530254587,0.2344984641335207,0.2577756909975516,0.25335150502473336,0.24327385030601067,0.26937379390945837,0.264026058554902,0.2502741176592822,0.21892756302244898,0.26407577984847475,0.5211117299752426,0.3053134651130135,0.280244566088099,0.5181162009675496,0.28182156360443844,0.0,0.2642912841234909,0.265389191153394,0.4227250923274485,0.25518391088392534,0.2555474674910293,0.3585823127707929,0.2616429600583985,0.5332736409086435,0.26937440319283856,0.26148076864349246,0.5261907327700377,0.518006820835309,0.3039325658905273,0.26339575728904896,0.26426852636350784,0.4562745812048229,0.3201450637336746
0.2970505384593982,0.3907795719851749,0.2059397305904508,0.2830107957735333,1.0,0.4023633648673337,0.3231434363619645,0.2796925162011523,0.3180985995647235,0.29374992905960173,0.5135019084965885,0.26333968118386,0.476930615004891,0.26731493744784574,0.29094188781571395,0.3496935158186406,0.3765582682125649,0.40802837322895114,0.3608186236735035,0.3198636276399567,0.4151043925436311,0.3929042469080869,0.42561509960244626,0.41996068778103846,0.3915207938346975,0.33263870460297384,0.4309489414790607,0.25125023672024405,0.28507905884256024,0.29664371774565446,0.26858658840182936,0.4730849626329191,0.0,0.4313536298022468,0.4059425120935386,0.24851212820515578,0.32962661525756254,0.4223713513129641,0.20628479275838973,0.4371262306088254,0.2853909255970749,0.40431161651373326,0.4440346560146532,0.26594363225721895,0.27059448534163033,0.26357809504315033,0.4067657763851401,0.40683638675400324,0.25757739530362656,0.28563215241728723
0.31038797473768687,0.5297975324074955,0.21500578481547683,0.27029790895973094,0.4023633648673337,1.0,0.3514128082163481,0.2773121111425739,0.2930236042015325,0.27075236166403793,0.41110897906128663,0.2644828106747822,0.39960525638665556,0.26066921398876153,0.25381621366798734,0.37525534146064277,0.3982581086659742,0.40571849129968296,0.3673974052636222,0.3448434405311612,0.3858916889964171,0.42063579676230334,0.41075970489970526,0.5296576716890318,0.47704614562103465,0.3796046020281759,0.3917405898094597,0.2588293528497224,0.30913826423919444,0.29047437950310206,0.24547797300338858,0.40675821152729497,0.0,0.4102578703295976,0.5468820982742627,0.2670014958206701,0.34923939511737356,0.3971744784655704,0.21513564836873955,0.40462260162321906,0.2561627808716258,0.4606887457585115,0.404882903910898,0.269644691059439,0.27180743991794476,0.28203183125586573,0.4627292598945191,0.463626991046847,0.2596482042307948,0.3078432317754043
0.3005033854804785,0.3544491729179272,0.21884814272296005,0.2594126700405577,0.3231434363619645,0.3514128082163481,1.0,0.26248385537350205,0.3004320686152576,0.2584737844379452,0.35990465614770584,0.25477028124091194,0.3482191817002275,0.2516051581102924,0.24649701064332774,0.759168846540044,0.2817723286916567,0.38612841748258997,0.33644642834792093,0.8644807356536407,0.3798625742373736,0.3527614588927893,0.3878570388036402,0.3243792848418219,0.2871803919634669,0.25846526491335686,0.3563789805173081,0.25573206912618085,0.2889405488694995,0.29069460696419747,0.23661736574660064,0.33918538954425315,0.0,0.3582647827563762,0.3614429036652802,0.2696755693526157,0.7769453399626342,0.3353628319492308,0.20588018064158498,0.35231927342678604,0.2417505217185978,0.352918526260548,0.35511997131537765,0.26049998251807116,0.2620299468530948,0.275583777881367,0.3484992280242578,0.3496680744301297,0.2495418206551645,0.2957761697089454
0.29658333387786473,0.28182690845059977,0.22161378759307215,0.5098072255458519,0.2796925162011523,0.2773121111425739,0.26248385537350205,1.0,0.29403289249115183,0.5117495899307343,0.2746148387191101,0.4832664353125048,0.28323091931829747,0.4863360562828387,0.4788480158405567,0.2700191732823598,0.2412175870799168,0.2665202675057988,0.24996820961605548,0.26158697474853265,0.25981813199921877,0.2534860792330659,0.2733149387405921,0.27526599972163734,0.2482616428017308,0.2187085809125383,0.27134800560245853,0.687142717923555,0.31681622636048457,0.2854318356323513,0.4776480220458803,0.2779306006389781,0.0,0.2741400333939715,0.26761538850158073,0.4154517874927923,0.2527931503967097,0.2797773951660172,0.34866038509084263,0.27464103949899965,0.48180246708591823,0.27439520818484386,0.2712653562271228,0.6929929565243069,0.6682455461764728,0.3011602640151094,0.2654364763842878,0.26592874012718015,0.44617249387151614,0.3171657235068627
0.39264284326811383,0.3015607624150253,0.24865171742191872,0.2987848266780804,0.3180985995647235,0.2930236042015325,0.3004320686152576,0.29403289249115183,1.0,0.304375194312846,0.3146753571976073,0.28208020099646636,0.3160027409518773,0.28340019974882735,0.2968672308814645,0.3086095549882788,0.25327660367261884,0.29547647725825554,0.26162104273341114,0.30126144687176415,0.28765291734925336,0.2740545330959824,0.3011194701974105,0.2881480787492121,0.25917003973017616,0.2286950832904322,0.30221945636588776,0.27968692974850495,0.331516718185372,0.40863925331592665,0.2798818008165326,0.29859362771695563,0.0,0.2980428305228645,0.29783467372355843,0.2864147002554749,0.29438922871195783,0.2885106658560155,0.21971738112691186,0.3060031931134899,0.28656870869812534,0.3047665901995109,0.3071970100039314,0.2856423581806564,0.2829262916179611,0.31508880327395705,0.29553335870120234,0.29705105871924375,0.2775794348492001,0.3417651006191966
0.3013615661122908,0.28623950035728807,0.2207185113517648,0.5378224451784884,0.29374992905960173,0.27075236166403793,0.2584737844379452,0.5117495899307343,0.304375194312846,1.0,0.2838705699695745,0.4875247080760372,0.28789672590772397,0.5061566461335947,0.517165751789864,0.2696612843842565,0.23115258227717617,0.26528261292851407,0.23815088809549156,0.2559206946986702,0.2571345661349612,0.25042665789869656,0.26388946462865237,0.26280212217279597,0.2401182328271133,0.21287251459991752,0.27137873698286796,0.5039045140934695,0.31222083990273286,0.28659864709595617,0.5190577221421231,0.27659033240614217,0.0,0.2648824903682355,0.26851682645471797,0.43426887605199194,0.25444218420134346,0.26572889892412943,0.36436216850023984,0.27119759461059223,0.5243960775162511,0.2744608906631324,0.2681561963862925,0.5114377147745158,0.5145327990520376,0.30368458864132786,0.26558270958702546,0.2668692995994103,0.4724937677144644,0.31717404334807964
0.3229929091297701,0.431537126047024,0.23233571218648386,0.27009124174098365,0.5135019084965885,0.41110897906128663,0.35990465614770584,0.2746148387191101,0.3146753571976073,0.2838705699695745,1.0,0.27100061516287566,0.530768136669386,0.2681719973745361,0.26328478382157106,0.3666542761329612,0.3390455580635675,0.48961771959767053,0.42749182945753694,0.36018542395654607,0.4848212692392647,0.47343830842898493,0.503409026167086,0.39340331224028624,0.34812408687878693,0.31268361323163074,0.5115901464326243,0.2728449004830943,0.2994326759622704,0.3098780006016634,0.255851805499131,0.465068788285261,0.0,0.4936066708406086,0.43480400084482373,0.275619731620353,0.34702431290401836,0.49014465262583284,0.21376471360156013,0.5189601355678255,0.26079895955929755,0.4506584745205343,0.5158213150221764,0.27733855349538095,0.2774801528886255,0.2876605411334724,0.43703059783621845,0.43874689214446805,0.2719055254511823,0.3116747948213314
0.3032109433111121,0.2833016027679548,0.21386159061990118,0.5078492706509945,0.26333968118386,0.2644828106747822,0.25477028124091194,0.4832664353125048,0.28208020099646636,0.4875247080760372,0.27100061516287566,1.0,0.26801692835982316,0.5020750719275383,0.5981802055433642,0.26100948006455327,0.24901953361414098,0.25447896325340547,0.23860442390312386,0.2534951852592294,0.2582906056978509,0.24603256219792424,0.2633041731579905,0.26779401657200086,0.25857359054902485,0.2341867187207035,0.2600721505273895,0.4892777503923502,0.3109841883374812,0.27771253281785235,0.44813975885866053,0.27135270105717335,0.0,0.26582818345946124,0.26556297259700246,0.40519186729936074,0.2454006107616563,0.2606447560832724,0.3493431702002542,0.2666247027049482,0.46606032478169857,0.26359204145918935,0.26350170626703784,0.4932786805191136,0.49663326438839395,0.3028095475254474,0.27031009035647013,0.26963919044378926,0.4360869461334992,0.31341522600701854
0.3092205371994551,0.4133901728004705,0.22343052985878986,0.2771999398372019,0.476930615004891,0.39960525638665556,0.3482191817002275,0.28323091931829747,0.3160027409518773,0.28789672590772397,0.530768136669386,0.26801692835982316,1.0,0.2636212607539812,0.2756835823988234,0.3619161647112018,0.3335440086358106,0.49029690522907066,0.5009741721857357,0.34670799178484357,0.5002758814419721,0.5393016933326689,0.5477353720855678,0.39010370294202035,0.34061269573249353,0.3099464774229719,0.5420546727991091,0.26868355972073943,0.29485878026258305,0.3116701991914237,0.262177191155625,0.5234607633341719,0.0,0.5415971624428976,0.42103761156956476,0.26327882492236,0.34328252049935704,0.512017105151013,0.20573223597381807,0.5319851782780927,0.26987276121517334,0.42874279920787517,0.5275475455960889,0.2734589484753087,0.27148990847903,0.2789539442818415,0.4219275473536377,0.4233988209873679,0.2628743074940042,0.30796003305426645
0.28122334439873553,0.2711914138258035,0.21037538265358835,0.5426735963462856,0.26731493744784574,0.26066921398876153,0.2516051581102924,0.4863360562828387,0.28340019974882735,0.5061566461335947,0.2681719973745361,0.5020750719275383,0.2636212607539812,1.0,0.5454922914919555,0.2550322467088074,0.2185781745611981,0.2559760888025273,0.2342655361686562,0.25205374784029533,0.24731949111295026,0.24001516271673318,0.2616680593833264,0.2392544302258115,0.2215930584273741,0.1944092542642415,0.2600490691607713,0.5179891568039499,0.30928526073517737,0.26743208556218057,0.48783256898953653,0.25949539777760233,0.0,0.2572025608160602,0.25804618526001066,0.42057939856630533,0.24266763295322236,0.25726883587612004,0.3612712840340271,0.2600684018717634,0.5126202943948099,0.2618611538276241,0.26179403138658586,0.513974812784713,0.5084021556656106,0.3023699942921838,0.26033426027759465,0.26198436597570485,0.4527799127728529,0.3163312092251094
0.2729659704066185,0.2601392123757451,0.2080162552338196,0.5629013593257861,0.29094188781571395,0.25381621366798734,0.24649701064332774,0.4788480158405567,0.2968672308814645,0.517165751789864,0.26328478382157106,0.5981802055433642,0.2756835823988234,0.5454922914919555,1.0,0.2579432548451749,0.22900804910530492,0.24853373613601515,0.22465382739876427,0.24522835592553138,0.24352819607305587,0.23494231913923636,0.2553877793892818,0.24913229219243738,0.23469126906091664,0.20096937344871546,0.25704384602443364,0.4845507504868173,0.2975120363375209,0.27564180107769276,0.4998698748317545,0.27201342723487165,0.0,0.2539000972553448,0.2549956019870321,0.4093338888520991,0.24668737362346294,0.2493832339924934,0.3445156950918893,0.25417038475308273,0.5101952372832461,0.25730398794858245,0.25529180288075115,0.4871931893690624,0.4816694697085854,0.2961542899465366,0.2595415744655898,0.26103301873710427,0.44374337564474375,0.3138486012876446
0.30705991750047545,0.35246751580563007,0.2180669382063889,0.2702595762931651,0.3496935158186406,0.37525534146064277,0.759168846540044,0.2700191732823598,0.3086095549882788,0.2696612843842565,0.3666542761329612,0.26100948006455327,0.3619161647112018,0.2550322467088074,0.2579432548451749,1.0,0.29425674903733834,0.3704332647470784,0.33475499098059613,0.7487607189485337,0.3625779114302421,0.37392470065312156,0.37851311169381874,0.35142268266464094,0.3096273520181865,0.2760813047321936,0.3491928179623638,0.25556483523966245,0.28718350067365483,0.3037865537989517,0.24875170268590774,0.35014491233136147,0.0,0.35352719734574956,0.36363353307609614,0.26753519218325816,0.7364901709524081,0.33638979029260196,0.20468015976818876,0.3492563146426878,0.2533468903238033,0.3540779118762001,0.3537056451471031,0.2622639392373075,0.266568802652109,0.27702215348530845,0.3497219459396429,0.35048609013312004,0.25367120738624793,0.2985390392130788
0.27562429234692454,0.381897427310501,0.18281659049924393,0.242652089601193,0.3765582682125649,0.3982581086659742,0.2817723286916567,0.2412175870799168,0.25327660367261884,0.23115258227717617,0.3390455580635675,0.24901953361414098,0.3335440086358106,0.2185781745611981,0.22900804910530492,0.29425674903733834,1.0,0.3231238089127926,0.28267224063318785,0.2799106364827324,0.3131089858548298,0.305759702798421,0.33380498917420687,0.5511750379764969,0.5534443941246936,0.579853879479275,0.32359928340533284,0.23044817806754003,0.2470627665139682,0.25385971346863623,0.21257755825009794,0.4173295190953735,0.0,0.34768627481963554,0.40613602695748396,0.22102651903028814,0.28436089108817075,0.31834804828939434,0.19019455918145056,0.34197245097024953,0.21678888641262906,0.3680819661473692,0.3286829858678393,0.24722113313544114,0.2533267311628117,0.22915307885730118,0.4170376178443921,0.4023494511133331,0.21423333033923164,0.25918105811294045
0.3030124466436549,0.4208843211948299,0.22853227317547986,0.25921543530254587,0.40802837322895114,0.40571849129968296,0.38612841748258997,0.2665202675057988,0.29547647725825554,0.26528261292851407,0.48961771959767053,0.25447896325340547,0.49029690522907066,0.2559760888025273,0.24853373613601515,0.3704332647470784,0.3231238089127926,1.0,0.46406184290171415,0.38599081873896024,0.5136120631138834,0.47686426605602206,0.5295466624015468,0.37254778814650125,0.3230760958041292,0.29691859986956526,0.5000486942939844,0.2630025520811349,0.2952244833030282,0.297168329381972,0.24352085976099946,0.4536800368313193,0.0,0.4809242778542002,0.41784454115785163,0.27768647269463353,0.36603952862772826,0.46302939062638626,0.20302844348127735,0.5008589887004988,0.24695768103197802,0.4285871388088296,0.49315032778491363,0.2637042996803506,0.26253496362959594,0.2786724993527675,0.4224345659839107,0.4236026043518478,0.25645317464335327,0.3043197653278863
0.2745611118834801,0.35801767431535847,0.19609428023866804,0.2344984641335207,0.3608186236735035,0.3673974052636222,0.33644642834792093,0.24996820961605548,0.26162104273341114,0.23815088809549156,0.42749182945753694,0.23860442390312386,0.5009741721857357,0.2342655361686562,0.22465382739876427,0.33475499098059613,0.28267224063318785,0.46406184290171415,1.0,0.33102168712751934,0.45067761161538233,0.5056980061544555,0.45960014193059795,0.327700528141735,0.2936542669749388,0.25935548774460626,0.453148297036021,0.24178191195188614,0.2626493371019101,0.2608916115053317,0.22057870806954594,0.447679258044713,0.0,0.44870835673044585,0.3693057555407109,0.24623444590893528,0.3189057029112218,0.4343028033909727,0.19128675451440968,0.4399237709394602,0.22621725465189313,0.3663223965003273,0.4334114846832203,0.2486706319458194,0.2487833226668783,0.2470198122944819,0.3592672469580911,0.36096079802195546,0.23081703816235988,0.26637638801650076
0.29765310434381265,0.35527988382510967,0.2199544079525061,0.2577756909975516,0.3198636276399567,0.3448434405311612,0.8644807356536407,0.26158697474853265,0.30126144687176415,0.2559206946986702,0.36018542395654607,0.2534951852592294,0.34670799178484357,0.25205374784029533,0.24522835592553138,0.7487607189485337,0.2799106364827324,0.38599081873896024,0.33102168712751934,1.0,0.38000733601453496,0.3461172853242721,0.38692461839599845,0.3192022567382168,0.2858185414417934,0.2550100992209572,0.3553774841383832,0.25533483369798937,0.2888641281159888,0.2901028622907258,0.23525206396707976,0.33571360436976383,0.0,0.35575330928800286,0.35691791308145915,0.26777045278054057,0.7745985688059501,0.33728132083350804,0.2010295179315782,0.35464438779578633,0.24086417095977397,0.35254180976525673,0.3567902971530974,0.25845622843075833,0.2588293303618172,0.2768608094393895,0.3484468139771735,0.3496168305959849,0.25045278858385256,0.2965432117253334
0.2946674323295079,0.40265770778069443,0.22196167122342414,0.25335150502473336,0.4151043925436311,0.3858916889964171,0.3798625742373736,0.25981813199921877,0.28765291734925336,0.2571345661349612,0.4848212692392647,0.2582906056978509,0.5002758814419721,0.24731949111295026,0.24352819607305587,0.3625779114302421,0.3131089858548298,0.5136120631138834,0.45067761161538233,0.38000733601453496,1.0,0.4784576642649453,0.5423473657565236,0.36046560468805267,0.31268915293479915,0.29116257894311115,0.5056440336179722,0.2578445258604778,0.2853012851754245,0.2890456265225857,0.23323818075357317,0.45958888511832263,0.0,0.5049013306053112,0.40970374722485814,0.2689347255816942,0.3592903227297901,0.4745767999699694,0.1995632850838902,0.506816213080638,0.2424923282312358,0.4036730851747172,0.49759780384578634,0.26047452271816274,0.25804342855807116,0.2782404829611296,0.4128620437540983,0.41429430460301353,0.2526820077627352,0.2956383444155647
0.2937288753058772,0.38011597692174337,0.2039266042567276,0.24327385030601067,0.3929042469080869,0.42063579676230334,0.3527614588927893,0.2534860792330659,0.2740545330959824,0.25042665789869656,0.47343830842898493,0.24603256219792424,0.5393016933326689,0.24001516271673318,0.23494231913923636,0.37392470065312156,0.305759702798421,0.47686426605602206,0.5056980061544555,0.3461172853242721,0.4784576642649453,1.0,0.6475315842783995,0.37234802583904447,0.3235394999812139,0.29515580123602403,0.486853971835295,0.24560556258734711,0.26708671652359295,0.27483932351601126,0.23030544335943615,0.47015406816481486,0.0,0.5908876088249577,0.39023563141138173,0.2501262281033576,0.3485066456337932,0.4640328635652766,0.19413544236915192,0.4856719669857329,0.23134079261030505,0.389784477222915,0.47651039595309386,0.2540027757288851,0.2547572725845928,0.26385593237527616,0.38586000930357367,0.3871644063644071,0.23935391874343148,0.28286065329980037
0.3097599620134337,0.4214019137852806,0.22797052600228773,0.26937379390945837,0.42561509960244626,0.41075970489970526,0.3878570388036402,0.2733149387405921,0.3011194701974105,0.26388946462865237,0.503409026167086,0.2633041731579905,0.5477353720855678,0.2616680593833264,0.2553877793892818,0.37851311169381874,0.33380498917420687,0.5295466624015468,0.45960014193059795,0.38692461839599845,0.5423473657565236,0.6475315842783995,1.0,0.37263627538259814,0.335130506619132,0.2987462432321687,0.5308449163835034,0.2682141616960444,0.29327176379057485,0.2963922401760075,0.24684637394268882,0.4870207124854784,0.0,0.6422511680398938,0.4241202481540324,0.2725272577369341,0.3692208380918425,0.49565177239675706,0.20630173713283617,0.5265934318581632,0.2531713914190654,0.42529299869652704,0.5207045818246702,0.27104685310266474,0.27108643889061335,0.28094611194161756,0.42275245770745373,0.42438128579808787,0.260708361067048,0.3041443775843785
0.3116626919870409,0.4987116132882482,0.2032884103611282,0.264026058554902,0.41996068778103846,0.5296576716890318,0.3243792848418219,0.27526599972163734,0.2881480787492121,0.26280212217279597,0.39340331224028624,0.26779401657200086,0.39010370294202035,0.2392544302258115,0.24913229219243738,0.35142268266464094,0.5511750379764969,0.37254778814650125,0.327700528141735,0.3192022567382168,0.36046560468805267,0.37234802583904447,0.37263627538259814,1.0,0.591065087757586,0.516245903487623,0.3701133582563505,0.2459229445424136,0.27815479051349257,0.28996434283911365,0.24025731260775718,0.4258181337083645,0.0,0.3814571451732266,0.5326649794509335,0.241943922379951,0.32854160952173805,0.3576197499533321,0.19986216115059396,0.38330267464919776,0.2468593869689355,0.4309648409266822,0.3700536851991043,0.2617222074940706,0.266978665648943,0.2551693009463558,0.4449292098345643,0.43537272355820544,0.23843947567047585,0.28662990858271287
0.2903103346777973,0.44653550823292887,0.18330640581043334,0.2502741176592822,0.3915207938346975,0.47704614562103465,0.2871803919634669,0.2482616428017308,0.25917003973017616,0.2401182328271133,0.34812408687878693,0.25857359054902485,0.34061269573249353,0.2215930584273741,0.23469126906091664,0.3096273520181865,0.5534443941246936,0.3230760958041292,0.2936542669749388,0.2858185414417934,0.31268915293479915,0.3235394999812139,0.335130506619132,0.591065087757586,1.0,0.5616392896677769,0.3247462297392073,0.2267025283302696,0.23982551810289077,0.2582343144914059,0.22045438334053002,0.41986171710954434,0.0,0.3402603220576532,0.4793498510259282,0.2171529437576939,0.295997330439113,0.3216036723149147,0.1907620105794524,0.3416948203819714,0.22554223888046254,0.3808950136917477,0.3336097000890137,0.2558044375786439,0.2558934292717957,0.23258733485908478,0.40903538561737407,0.39679458073989415,0.2258495834661054,0.2560108043063458
0.26475354154457464,0.35039179542810406,0.16325575317074348,0.21892756302244898,0.33263870460297384,0.3796046020281759,0.25846526491335686,0.2187085809125383,0.2286950832904322,0.21287251459991752,0.31268361323163074,0.2341867187207035,0.3099464774229719,0.1944092542642415,0.20096937344871546,0.2760813047321936,0.579853879479275,0.29691859986956526,0.25935548774460626,0.2550100992209572,0.29116257894311115,0.29515580123602403,0.2987462432321687,0.516245903487623,0.5616392896677769,1.0,0.2953270713908098,0.21016069592091247,0.21320420529671735,0.23670225859286542,0.19485237936383404,0.3715689035417755,0.0,0.3086774431557223,0.3756396199297699,0.1951877401954758,0.2621885353243093,0.29522391247707813,0.1760076313327561,0.3249173763627522,0.19696449736209587,0.34124823333302334,0.299736643599939,0.22966482149249667,0.22918565110761335,0.20815468499665712,0.38545066034758046,0.3656320260768078,0.20057817351805118,0.23525320696462404
0.30612503319689344,0.41675921245444625,0.22646393026022138,0.26407577984847475,0.4309489414790607,0.3917405898094597,0.3563789805173081,0.27134800560245853,0.30221945636588776,0.27137873698286796,0.5115901464326243,0.2600721505273895,0.5420546727991091,0.2600490691607713,0.25704384602443364,0.3491928179623638,0.32359928340533284,0.5000486942939844,0.453148297036021,0.3553774841383832,0.5056440336179722,0.486853971835295,0.5308449163835034,0.3701133582563505,0.3247462297392073,0.2953270713908098,1.0,0.26657455010504727,0.2926390745283505,0.30053300803162675,0.24818979110033101,0.4946110819287891,0.0,0.5122505930508126,0.4153845820148394,0.26826970957772134,0.34020011227137004,0.5827483904345825,0.203919093074185,0.5403586223860528,0.2554555191073622,0.42027533996095034,0.615234506128281,0.27354024777595065,0.26918281572913516,0.281080433350809,0.4148151927296324,0.41656511473377544,0.2612578079097816,0.3021273996643439
0.2859060901066689,0.27768882613773527,0.21949604147203283,0.5211117299752426,0.25125023672024405,0.2588293528497224,0.25573206912618085,0.687142717923555,0.27968692974850495,0.5039045140934695,0.2728449004830943,0.4892777503923502,0.26868355972073943,0.5179891568039499,0.4845507504868173,0.25556483523966245,0.23044817806754003,0.2630025520811349,0.24178191195188614,0.25533483369798937,0.2578445258604778,0.24560556258734711,0.2682141616960444,0.2459229445424136,0.2267025283302696,0.21016069592091247,0.26657455010504727,1.0,0.31640884672614966,0.2766036287334108,0.47159646854852,0.2662650117155272,0.0,0.26494168776290483,0.2581340012715203,0.41737660445712776,0.2430547707260421,0.2747146024415251,0.345482241213798,0.26723329421659814,0.48598033193644463,0.26306448257725457,0.26397231751018246,0.7952982608786179,0.7499220838470269,0.2998972240993899,0.2660041128772682,0.2662305884533813,0.46182447745778266,0.31020762664872603
0.33569399753317086,0.30874095568872395,0.24781046286549058,0.3053134651130135,0.28507905884256024,0.30913826423919444,0.2889405488694995,0.31681622636048457,0.331516718185372,0.31222083990273286,0.2994326759622704,0.3109841883374812,0.29485878026258305,0.30928526073517737,0.2975120363375209,0.28718350067365483,0.2470627665139682,0.2952244833030282,0.2626493371019101,0.2888641281159888,0.2853012851754245,0.26708671652359295,0.29327176379057485,0.27815479051349257,0.23982551810289077,0.21320420529671735,0.2926390745283505,0.31640884672614966,1.0,0.32097444735500935,0.28646385129171925,0.28551830397303546,0.0,0.2930540454134092,0.2939277287373856,0.3079833016199205,0.27523528143336273,0.2877445777609332,0.23409896782434703,0.29585380507389114,0.29479506850101256,0.29311464643320995,0.2906846174283316,0.31416240186121525,0.3119987353429384,0.3915049580899126,0.28968234449712404,0.29157738447077197,0.3014990879612057,0.6072681245970009
0.3859916887368594,0.3028564555841692,0.2532892903608692,0.280244566088099,0.29664371774565446,0.29047437950310206,0.29069460696419747,0.2854318356323513,0.40863925331592665,0.28659864709595617,0.3098780006016634,0.27771253281785235,0.3116701991914237,0.26743208556218057,0.27564180107769276,0.3037865537989517,0.25385971346863623,0.297168329381972,0.2608916115053317,0.2901028622907258,0.2890456265225857,0.27483932351601126,0.2963922401760075,0.28996434283911365,0.2582343144914059,0.23670225859286542,0.30053300803162675,0.2766036287334108,0.32097444735500935,1.0,0.26933358420543385,0.2936553852524779,0.0,0.29036229703165994,0.30212512570715755,0.27869834092120327,0.2866753876200515,0.28715018583138985,0.2148724095450849,0.31203682054397675,0.27131995255079866,0.2996631233516851,0.30060600913511826,0.2818722875550588,0.2778193840588311,0.3234556641955324,0.30030216042829283,0.30116453173098645,0.2736271919685983,0.33978568027052514
0.26649077361478124,0.2559716535338411,0.1989082821895951,0.5181162009675496,0.26858658840182936,0.24547797300338858,0.23661736574660064,0.4776480220458803,0.2798818008165326,0.5190577221421231,0.255851805499131,0.44813975885866053,0.262177191155625,0.48783256898953653,0.4998698748317545,0.24875170268590774,0.21257755825009794,0.24352085976099946,0.22057870806954594,0.23525206396707976,0.23323818075357317,0.23030544335943615,0.24684637394268882,0.24025731260775718,0.22045438334053002,0.19485237936383404,0.24818979110033101,0.47159646854852,0.28646385129171925,0.26933358420543385,1.0,0.25854875141677525,0.0,0.2472125477767585,0.24547211169922845,0.4008821481825722,0.23562201574343633,0.24022898263637538,0.3315643065895546,0.24528085042233627,0.6513721247396667,0.25352452023039496,0.24625233712364492,0.47428829907543046,0.471612991906322,0.28220551687577977,0.24597812755290183,0.2472760573836721,0.42280721776996144,0.29181484382606904
0.30211265377481933,0.394823550430366,0.21648050698882815,0.28182156360443844,0.4730849626329191,0.40675821152729497,0.33918538954425315,0.2779306006389781,0.29859362771695563,0.27659033240614217,0.465068788285261,0.27135270105717335,0.5234607633341719,0.25949539777760233,0.27201342723487165,0.35014491233136147,0.4173295190953735,0.4536800368313193,0.447679258044713,0.33571360436976383,0.45958888511832263,0.47015406816481486,0.4870207124854784,0.4258181337083645,0.41986171710954434,0.3715689035417755,0.4946110819287891,0.2662650117155272,0.28551830397303546,0.2936553852524779,0.25854875141677525,1.0,0.0,0.4785553825269536,0.4039528821266163,0.25494486772583513,0.34193430110599776,0.4850876807556206,0.20920941913986557,0.4969996053140717,0.2628122100764787,0.4061746931066138,0.49668187808028164,0.2746398179411722,0.2784159496892592,0.2695029418247643,0.41652356057759377,0.41295949221308204,0.2531394328624851,0.2918877937051778
0.0,0.0,0.0,0.0,0.0,0.0,0.0,0.0,0.0,0.0,0.0,0.0,0.0,0.0,0.0,0.0,0.0,0.0,0.0,0.0,0.0,0.0,0.0,0.0,0.0,0.0,0.0,0.0,0.0,0.0,0.0,0.0,1.0,0.0,0.0,0.0,0.0,0.0,0.0,0.0,0.0,0.0,0.0,0.0,0.0,0.0,0.0,0.0,0.0,0.0
0.30788043077972804,0.41050475117012686,0.22344970893771288,0.2642912841234909,0.4313536298022468,0.4102578703295976,0.3582647827563762,0.2741400333939715,0.2980428305228645,0.2648824903682355,0.4936066708406086,0.26582818345946124,0.5415971624428976,0.2572025608160602,0.2539000972553448,0.35352719734574956,0.34768627481963554,0.4809242778542002,0.44870835673044585,0.35575330928800286,0.5049013306053112,0.5908876088249577,0.6422511680398938,0.3814571451732266,0.3402603220576532,0.3086774431557223,0.5122505930508126,0.26494168776290483,0.2930540454134092,0.29036229703165994,0.2472125477767585,0.4785553825269536,0.0,1.0,0.4205130377242231,0.2761710873769766,0.33666759436813853,0.48447075836152365,0.22055993304665855,0.5095952898383067,0.25095521128157916,0.41851068825215254,0.5108854487009533,0.2701931243536626,0.27335922857541917,0.2748644574670921,0.41958974132936966,0.4205995144168534,0.2554522912669023,0.3014279217526483
0.3118251902513678,0.5645453636904352,0.2210837329663391,0.265389191153394,0.4059425120935386,0.5468820982742627,0.3614429036652802,0.26761538850158073,0.29783467372355843,0.26851682645471797,0.43480400084482373,0.26556297259700246,0.42103761156956476,0.25804618526001066,0.2549956019870321,0.36363353307609614,0.40613602695748396,0.41784454115785163,0.3693057555407109,0.35691791308145915,0.40970374722485814,0.39023563141138173,0.4241202481540324,0.5326649794509335,0.4793498510259282,0.3756396199297699,0.4153845820148394,0.2581340012715203,0.2939277287373856,0.30212512570715755,0.24547211169922845,0.4039528821266163,0.0,0.4205130377242231,1.0,0.26165710296303557,0.3444960071791019,0.39501029030078605,0.21376524717189083,0.42347501759801787,0.25181964153100667,0.477811794927935,0.4243071940755261,0.267824117153201,0.26946354602825495,0.2750734519399374,0.4734204458311304,0.47281963314997033,0.2594769493709037,0.3038664577025525
0.2854104112817081,0.2695355678126008,0.2183758341326002,0.4227250923274485,0.24851212820515578,0.2670014958206701,0.2696755693526157,0.4154517874927923,0.2864147002554749,0.43426887605199194,0.275619731620353,0.40519186729936074,0.26327882492236,0.42057939856630533,0.4093338888520991,0.26753519218325816,0.22102651903028814,0.27768647269463353,0.24623444590893528,0.26777045278054057,0.2689347255816942,0.2501262281033576,0.2725272577369341,0.241943922379951,0.2171529437576939,0.1951877401954758,0.26826970957772134,0.41737660445712776,0.3079833016199205,0.27869834092120327,0.4008821481825722,0.25494486772583513,0.0,0.2761710873769766,0.26165710296303557,1.0,0.25739972337338146,0.2572534052293246,0.3510746593589106,0.2714860971193632,0.40936943399311765,0.26476824831611934,0.26816781733675743,0.4223841927219609,0.42412584560761923,0.2964484637322853,0.25828683965862975,0.25967760455547817,0.4114742203655083,0.31259898396305785
0.28759167909962347,0.3339064433857005,0.20680313868403644,0.25518391088392534,0.32962661525756254,0.34923939511737356,0.7769453399626342,0.2527931503967097,0.29438922871195783,0.25444218420134346,0.34702431290401836,0.2454006107616563,0.34328252049935704,0.24266763295322236,0.24668737362346294,0.7364901709524081,0.28436089108817075,0.36603952862772826,0.3189057029112218,0.7745985688059501,0.3592903227297901,0.3485066456337932,0.3692208380918425,0.32854160952173805,0.295997330439113,0.2621885353243093,0.34020011227137004,0.2430547707260421,0.27523528143336273,0.2866753876200515,0.23562201574343633,0.34193430110599776,0.0,0.33666759436813853,0.3444960071791019,0.25739972337338146,1.0,0.3242421755549597,0.19443564008097547,0.33010318207560385,0.23714891151988804,0.33945698578157624,0.34137439969105177,0.24832679812456526,0.2495131139986646,0.26312875661819357,0.3331093233083553,0.3337027876794384,0.23778134870189238,0.28476669270425947
0.30534354563753574,0.42177425038422767,0.2230485129789047,0.2555474674910293,0.4223713513129641,0.3971744784655704,0.3353628319492308,0.2797773951660172,0.2885106658560155,0.26572889892412943,0.49014465262583284,0.2606447560832724,0.512017105151013,0.25726883587612004,0.2493832339924934,0.33638979029260196,0.31834804828939434,0.46302939062638626,0.4343028033909727,0.33728132083350804,0.4745767999699694,0.4640328635652766,0.49565177239675706,0.3576197499533321,0.3216036723149147,0.29522391247707813,0.5827483904345825,0.2747146024415251,0.2877445777609332,0.28715018583138985,0.24022898263637538,0.4850876807556206,0.0,0.48447075836152365,0.39501029030078605,0.2572534052293246,0.3242421755549597,1.0,0.20419741094612465,0.5172783308677411,0.24941517064658092,0.4083054626613051,0.6212754172439545,0.27692165322427675,0.268274042794449,0.276179443401774,0.41695470955894276,0.4178065971762015,0.26348314153165386,0.2922045476785211
0.26430191572172235,0.20268741279491231,0.1638552916405267,0.3585823127707929,0.20628479275838973,0.21513564836873955,0.20588018064158498,0.34866038509084263,0.21971738112691186,0.36436216850023984,0.21376471360156013,0.3493431702002542,0.20573223597381807,0.3612712840340271,0.3445156950918893,0.20468015976818876,0.19019455918145056,0.20302844348127735,0.19128675451440968,0.2010295179315782,0.1995632850838902,0.19413544236915192,0.20630173713283617,0.19986216115059396,0.1907620105794524,0.1760076313327561,0.203919093074185,0.345482241213798,0.23409896782434703,0.2148724095450849,0.3315643065895546,0.20920941913986557,0.0,0.22055993304665855,0.21376524717189083,0.3510746593589106,0.19443564008097547,0.20419741094612465,1.0,0.21037114780325028,0.33654940557315904,0.21576144007899833,0.21128045295607167,0.3556142932925893,0.3629541060367647,0.22364648685258204,0.2071072407162844,0.20682776525326452,0.3365991728213118,0.2446900840744778
0.31121873827721347,0.4232993064056577,0.23249573898736442,0.2616429600583985,0.4371262306088254,0.40462260162321906,0.35231927342678604,0.27464103949899965,0.3060031931134899,0.27119759461059223,0.5189601355678255,0.2666247027049482,0.5319851782780927,0.2600684018717634,0.25417038475308273,0.3492563146426878,0.34197245097024953,0.5008589887004988,0.4399237709394602,0.35464438779578633,0.506816213080638,0.4856719669857329,0.5265934318581632,0.38330267464919776,0.3416948203819714,0.3249173763627522,0.5403586223860528,0.26723329421659814,0.29585380507389114,0.31203682054397675,0.24528085042233627,0.4969996053140717,0.0,0.5095952898383067,0.42347501759801787,0.2714860971193632,0.33010318207560385,0.5172783308677411,0.21037114780325028,1.0,0.25178143102874273,0.43016031119621057,0.5512006803493954,0.27212205725654826,0.2736277913149059,0.29362450940827123,0.4400902992778526,0.44004773162790567,0.2629982941877488,0.31342376582169507
