../ecoli_genomes/GCF_000163235.1_ASM16323v1_genomic.fna.gz,../ecoli_genomes/GCF_000164555.1_ASM16455v1_genomic.fna.gz,../ecoli_genomes/GCF_000208545.1_ASM20854v2_genomic.fna.gz,../ecoli_genomes/GCF_000233875.1_ASM23387v1_genomic.fna.gz,../ecoli_genomes/GCF_000249735.1_ASM24973v2_genomic.fna.gz,../ecoli_genomes/GCF_000261145.1_Esch_coli_M919_V2_genomic.fna.gz,../ecoli_genomes/GCF_000267705.2_ASM26770v2_genomic.fna.gz,../ecoli_genomes/GCF_000350665.1_Esch_coli_KTE5_V1_genomic.fna.gz,../ecoli_genomes/GCF_000351625.1_Esch_coli_KTE66_V1_genomic.fna.gz,../ecoli_genomes/GCF_000352285.1_Esch_coli_KTE46_V1_genomic.fna.gz,../ecoli_genomes/GCF_000358895.1_ASM35889v1_genomic.fna.gz,../ecoli_genomes/GCF_000456385.1_Esch_coli_HVH_26_4-5703913_V1_genomic.fna.gz,../ecoli_genomes/GCF_000458195.1_Esch_coli_HVH_147_4-5893887_V1_genomic.fna.gz,../ecoli_genomes/GCF_000459755.1_Esch_coli_KOEGE_58_171a_V1_genomic.fna.gz,../ecoli_genomes/GCF_000460055.1_Esch_coli_UMEA_3053-1_V1_genomic.fna.gz,../ecoli_genomes/GCF_000462165.2_ASM46216v2_genomic.fna.gz,../ecoli_genomes/GCF_000601135.1_ASM60113v1_genomic.fna.gz,../ecoli_genomes/GCF_000614595.1_Ec2010EL1058_genomic.fna.gz,../ecoli_genomes/GCF_000617745.1_Ec2010C-4529_genomic.fna.gz,../ecoli_genomes/GCF_000618265.2_EcF6751_genomic.fna.gz,../ecoli_genomes/GCF_000619005.2_Ec2009C-4052_genomic.fna.gz,../ecoli_genomes/GCF_000619105.1_Ec2009C-4780_genomic.fna.gz,../ecoli_genomes/GCF_000619765.2_Ec2009C-3279_genomic.fna.gz,../ecoli_genomes/GCF_000687005.1_ASM68700v1_genomic.fna.gz,../ecoli_genomes/GCF_000687025.1_ASM68702v1_genomic.fna.gz,../ecoli_genomes/GCF_000700125.1_ASM70012v1_genomic.fna.gz,../ecoli_genomes/GCF_000753315.1_FHI35_genomic.fna.gz,../ecoli_genomes/GCF_000776375.1_ASM77637v1_genomic.fna.gz,../ecoli_genomes/GCF_000779395.1_ASM77939v1_genomic.fna.gz,../ecoli_genomes/GCF_000780315.1_ASM78031v1_genomic.fna.gz,../ecoli_genomes/GCF_000781995.1_ASM78199v1_genomic.fna.gz,../ecoli_genomes/GCF_000986765.1_ASM98676v1_genomic.fna.gz,../ecoli_genomes/GCF_001041375.1_ViralProj287958_genomic.fna.gz,../ecoli_genomes/GCF_001265335.1_302014_genomic.fna.gz,../ecoli_genomes/GCF_001265625.1_100854_genomic.fna.gz,../ecoli_genomes/GCF_001267345.1_303289_genomic.fna.gz,../ecoli_genomes/GCF_001309985.1_ASM130998v1_genomic.fna.gz,../ecoli_genomes/GCF_001521695.1_ASM152169v1_genomic.fna.gz,../ecoli_genomes/GCF_001592595.1_ASM159259v1_genomic.fna.gz,../ecoli_genomes/GCF_001614975.1_ASM161497v1_genomic.fna.gz,../ecoli_genomes/GCF_001692775.1_ASM169277v1_genomic.fna.gz,../ecoli_genomes/GCF_001748915.1_ASM174891v1_genomic.fna.gz,../ecoli_genomes/GCF_001749235.1_ASM174923v1_genomic.fna.gz,../ecoli_genomes/GCF_001881155.1_ASM188115v1_genomic.fna.gz,../ecoli_genomes/GCF_001881345.1_ASM188134v1_genomic.fna.gz,../ecoli_genomes/GCF_001892405.1_ASM189240v1_genomic.fna.gz,../ecoli_genomes/GCF_001892585.1_ASM189258v1_genomic.fna.gz,../ecoli_genomes/GCF_001893985.1_ASM189398v1_genomic.fna.gz,../ecoli_genomes/GCF_002001595.1_ASM200159v1_genomic.fna.gz,../ecoli_genomes/GCF_002002145.1_ASM200214v1_genomic.fna.gz
1.0,0.8169282461427892,0.7960032935357493,0.8021311748097546,0.7745960381813958,0.7905352071089468,0.8129505282569643,0.8004597057871451,0.8342308036343616,0.7973221643839867,0.8167338245289988,0.8058024751095358,0.7999095169406822,0.7906682684107775,0.7857650085994333,0.8100052379432037,0.7937866124091008,0.8115009873137634,0.7540722794841275,0.8149006874688636,0.8081732906810315,0.7854583907086333,0.8153727662169091,0.8083219547483826,0.7869927077631633,0.7350778366092949,0.8078767129921587,0.7995203900908836,0.8120552799637171,0.8337125400170413,0.7829679495468671,0.7920545819835101,0.04159252530563773,0.8080368730197572,0.8127982348512066,0.7966642902075838,0.8010336255370931,0.8022313916440592,0.7350133816386786,0.8173199417030856,0.7796824909653748,0.8101315678209083,0.816966691005137,0.8037057005880643,0.8069308528643295,0.8116819478165795,0.8114125409437605,0.8118956182763506,0.7873122063341029,0.8231438781146305
0.8169282461427892,1.0,0.7865552442645685,0.8000858381094325,0.7952090553990322,0.8382822700204402,0.8135401414750432,0.8019604654960136,0.811073434818689,0.7997161436912328,0.8321380710028656,0.8053656794871995,0.8220982354536216,0.7904925899489414,0.7836658450971594,0.8135361769110192,0.8222849427661105,0.8311461246271585,0.7680569019572617,0.8180048074708477,0.8291413487317547,0.8042440566595824,0.833957985617109,0.851993594537954,0.8269979483512362,0.7613068088347481,0.8272721961506295,0.7974100384265779,0.8043139531356742,0.809619425298704,0.7846389895259018,0.8142894595551362,0.042162376485090025,0.8251957630081748,0.848166723622243,0.7928709193844421,0.8065524049081965,0.8271390032210936,0.7206866409610887,0.8376841864387806,0.7803696427549358,0.8431273469061458,0.8342743191163555,0.8082771221389168,0.8066049418501868,0.8055458684643539,0.8476774381443096,0.84795568276711,0.7956410496857305,0.8078955022244089
0.7960032935357493,0.7865552442645685,1.0,0.7712611895137977,0.7575016603302688,0.7694546638518628,0.7761451642908082,0.7754730036582207,0.7954352112637957,0.7726918165258935,0.7800085855971425,0.7729524177962867,0.7752635765764245,0.7640848738212478,0.7650528949860639,0.7803245938916943,0.7669202842093963,0.7838099051297134,0.7368429117529781,0.7798653339309589,0.783562226147098,0.7666281561648145,0.7833992297415873,0.7758180742228997,0.7564077591986218,0.7144951041339351,0.7846883811548357,0.7710125892521467,0.7782145257428628,0.7877440877611692,0.7632145285722827,0.7743692558401012,0.04686873355898746,0.7781582730366623,0.7706348190965846,0.7748313314350118,0.7706569283943663,0.7761079498627782,0.6986369704378013,0.7875203802971814,0.7676725974822759,0.7805651165879772,0.7870342846165447,0.77945176831458,0.7775397301331938,0.7853882689756451,0.7847213072989961,0.7838609996830909,0.7711887947561447,0.7860018057331325
0.8021311748097546,0.8000858381094325,0.7712611895137977,1.0,0.7705152905805155,0.77717456188703,0.7881704271375092,0.8525961361692553,0.802449821544964,0.8548631346827826,0.7855930420679996,0.8560103194339448,0.7842344783994204,0.861507603479247,0.8698561820984746,0.7893395095463471,0.7832808612232911,0.7980255345654751,0.7347275466104579,0.7893776976245026,0.7923176234156395,0.7688502242022863,0.8008147109263906,0.7896152047976633,0.7694662558008222,0.7148070461305229,0.7885198740374983,0.8618744494781387,0.7994317930490864,0.7966606505905554,0.8478349941553305,0.7853054410852842,0.05088599274273797,0.7908669642913078,0.7838216769951075,0.8266155381964531,0.7796059375733625,0.7794899408137719,0.7561558488555822,0.7932433418826978,0.849623023395522,0.7895333672022937,0.7941724495370144,0.8670461787822823,0.8612614866410241,0.8001182849193534,0.7885860264922333,0.7889245153268909,0.8344457164922627,0.8092626392230223
0.7745960381813958,0.7952090553990322,0.7575016603302688,0.7705152905805155,1.0,0.7899819057143105,0.7753634859703062,0.7649781380816988,0.7791937139767531,0.7711242751732194,0.8129349449303402,0.7618996148940539,0.8100014645961106,0.7605188801424351,0.7688366284196779,0.7854668837578144,0.8053964896087625,0.7946494777336695,0.7424824147576309,0.7767249105638532,0.8023136121711874,0.7731984713229291,0.7961672298620424,0.8041554106031787,0.7912606328101741,0.7541714048903037,0.8025346507243002,0.7503074024135485,0.7736844080440373,0.7721825330322579,0.7606080192507015,0.8082157571000802,0.049620413268689934,0.7931709095327646,0.7849392116541849,0.7569022053786147,0.7813081625865864,0.8099369719096523,0.7100019233701185,0.801383490380289,0.7664684977246846,0.7971935312945831,0.8099489315096604,0.7614993981811221,0.7620781355912238,0.7681084403492394,0.8034217472306551,0.8034580274177605,0.7533605434414593,0.7679742901658729
0.7905352071089468,0.8382822700204402,0.7694546638518628,0.77717456188703,0.7899819057143105,1.0,0.8034360357413606,0.7817557864314172,0.7893783283946056,0.7679710875519846,0.803604948645867,0.7754452639851345,0.7933311529116952,0.7723876908652991,0.7633143034607636,0.8079476962478167,0.8156075887462549,0.8170558168444246,0.7586505476947201,0.8026017508168803,0.8128213039555657,0.8087631683362787,0.8157396780578829,0.8387466204191811,0.8256749098239105,0.764623579598638,0.8059109466611287,0.7740682519521264,0.7879929175324281,0.7762271569307924,0.7633866187579778,0.8062656035159627,0.04530438696329464,0.8132829990245408,0.8334509369515017,0.7767799042518845,0.7934078848565125,0.8089466770302381,0.7190387691681867,0.8097260443305514,0.7607434917132003,0.824877579958544,0.8099067381541407,0.7817343278111786,0.782053924652123,0.7847163601631849,0.8218583864309866,0.8234403446516623,0.7698257713877823,0.7863415486736274
0.8129505282569643,0.8135401414750432,0.7761451642908082,0.7881704271375092,0.7753634859703062,0.8034360357413606,1.0,0.7912851084542956,0.8085374561249117,0.7808552990919703,0.8149601457019813,0.7884176532494507,0.802654096602107,0.7804205417890251,0.7774098453704594,0.9068317469234679,0.7995092426903386,0.8390175021453752,0.7724607130203264,0.9507602102845256,0.8350915341140851,0.8074130031281385,0.8361085798109323,0.8126947180221251,0.7891944976007488,0.7366396653718242,0.8193068397379518,0.7865789034461309,0.7984122906200709,0.8028538162598615,0.7724898095632677,0.8026470867417277,0.04877332795139633,0.8208662130274679,0.8149852770693105,0.7985765079734822,0.9163526742592337,0.7983382471757228,0.726845672064029,0.8183114348119674,0.7711367050857897,0.8120877040424983,0.8188959719569877,0.7932289199349061,0.7929083182512776,0.7987182296183709,0.8115178667579441,0.8117214529604992,0.7791503330965632,0.8060504360034897
0.8004597057871451,0.8019604654960136,0.7754730036582207,0.8525961361692553,0.7649781380816988,0.7817557864314172,0.7912851084542956,1.0,0.7989419224768096,0.8510731797499379,0.783064364712948,0.8540550509320493,0.7869321581337827,0.8448060858907394,0.8390099961778654,0.7887222012875303,0.7774617792077481,0.7938455392568835,0.7418581811343934,0.7912643248777756,0.7925358580416787,0.7719240836571443,0.7951909690956315,0.78893179761198,0.7684085676257323,0.7266156575855767,0.7874102153151885,0.8957693817425632,0.8038677965069545,0.791113030172767,0.8303681989526593,0.7805268178031266,0.04431487691639524,0.7938725181011963,0.7901353982487279,0.8267904725484028,0.7797648171798272,0.7879681064107025,0.7541985059178932,0.797648644443703,0.8345690731591937,0.7932828297545944,0.7948208094636491,0.89934098585375,0.8917770469810988,0.7957523991695327,0.7919950574602722,0.7917753698964038,0.8353988828244183,0.8086666753235339
0.8342308036343616,0.811073434818689,0.7954352112637957,0.802449821544964,0.7791937139767531,0.7893783283946056,0.8085374561249117,0.7989419224768096,1.0,0.8001662193572794,0.8054526335531806,0.799276468112514,0.7954413899315222,0.7910037065505131,0.7903553022713531,0.8111545798513687,0.7897818446994432,0.8073869006519667,0.7410033889898604,0.8129536142753111,0.8018662059136876,0.7814141283558751,0.8068290179243582,0.8036054065591197,0.778672160345335,0.7333260777980282,0.8011008696615768,0.7912489182402282,0.812386460833137,0.8311966967486173,0.7815685669352246,0.791198785279354,0.04179358077843065,0.7970441261370047,0.8022463383821135,0.7991303452463037,0.8010964441674284,0.7915494767192214,0.7252422096689557,0.81169965991482,0.780459929212123,0.7999662071393903,0.8094424125924778,0.7985890052671651,0.7978731583923265,0.8062981705576968,0.806289097994771,0.806894132415064,0.7900505733783089,0.8192642835026345
0.7973221643839867,0.7997161436912328,0.7726918165258935,0.8548631346827826,0.7711242751732194,0.7679710875519846,0.7808552990919703,0.8510731797499379,0.8001662193572794,1.0,0.7841528197968273,0.8435503971934227,0.7866045555864271,0.8469433894300882,0.8452172100185061,0.7793167868874948,0.774773086754898,0.7904979226764708,0.7337322082773389,0.7825005320607552,0.7861643726121688,0.7594827728210498,0.7845456302264504,0.7852966101468435,0.7649045950274997,0.7207369783287353,0.7854730675897562,0.8478744142051097,0.7939927069816742,0.7942055806272206,0.8435877446964465,0.7743247080156697,0.04519623073757184,0.7821173230688285,0.7788614207499561,0.827467624230494,0.7742641522167033,0.7849001084267787,0.7516098352516516,0.7942251297677059,0.845618167733998,0.7866411740378728,0.7916831462906432,0.8545284993381763,0.8545851518533651,0.7905048790362081,0.7874421221701039,0.7872113398594226,0.8371177432638653,0.7966466943537656
0.8167338245289988,0.8321380710028656,0.7800085855971425,0.7855930420679996,0.8129349449303402,0.803604948645867,0.8149601457019813,0.783064364712948,0.8054526335531806,0.7841528197968273,1.0,0.7859557335265115,0.8430081551504823,0.7787661497492729,0.7742361659942286,0.817187936495937,0.8020538709586144,0.8410643861885175,0.7738248138813558,0.8165949424736956,0.841126369292458,0.8216708361274999,0.8395739482989253,0.8259231849567892,0.7919741601933618,0.7492300441403863,0.8473459169879146,0.7790379359710485,0.79974162902847,0.808004292014186,0.7733989704465146,0.8201710677666334,0.04853997754351114,0.833729019531275,0.8232460415534076,0.7917869531194766,0.8056842921979106,0.8269429622104356,0.7164421307481663,0.8537086750555316,0.7690169534442831,0.8260662734977506,0.8522224842090409,0.7858251679791264,0.7849501182909786,0.7937180654278839,0.8288932937393627,0.82914345837349,0.7800482822490238,0.8081528970569425
0.8058024751095358,0.8053656794871995,0.7729524177962867,0.8560103194339448,0.7618996148940539,0.7754452639851345,0.7884176532494507,0.8540550509320493,0.799276468112514,0.8435503971934227,0.7859557335265115,1.0,0.7834033643840566,0.8449657528175862,0.866673941477602,0.7891049307064072,0.7775101325802263,0.7935445295843279,0.7409225374189591,0.7892263880665544,0.7922701248800886,0.7733193153335834,0.7953687918733493,0.7860795627814327,0.763332637947943,0.7273041006083353,0.7855000681383135,0.8522422530444017,0.8013478248523589,0.8017729526635403,0.8271798170943542,0.7752859691961056,0.0454819507853631,0.7898522480850381,0.7880207778173862,0.8287741107045002,0.7785313943738474,0.7838844302945368,0.7484313935662265,0.8001086025149415,0.8248150872219497,0.7900430224232279,0.794274595091523,0.8576297615812775,0.8514857143869965,0.8014931738280007,0.7910942751090158,0.7909464534314737,0.8301534994583816,0.8068044224049139
0.7999095169406822,0.8220982354536216,0.7752635765764245,0.7842344783994204,0.8100014645961106,0.7933311529116952,0.802654096602107,0.7869321581337827,0.7954413899315222,0.7866045555864271,0.8430081551504823,0.7834033643840566,1.0,0.775942093165985,0.7796114857693712,0.8087275464378684,0.8002035862928056,0.8365078068736449,0.817618554589328,0.8054144098566357,0.8372224054048162,0.8416358793818176,0.8435177233622426,0.8167484123809541,0.7887005744123269,0.7426631333527971,0.8504517274382528,0.7773125270712341,0.7839032765782332,0.800441300431491,0.774037593104805,0.8393818058248239,0.04508250300876626,0.8358690767378198,0.8105264022693518,0.7761446910868541,0.8049885002499201,0.8322744147041361,0.7096016305848785,0.8534655770099906,0.7728613836732288,0.8185468028020775,0.8512232678227638,0.7872114603918344,0.7825841026301357,0.7854070451291324,0.8163334782808496,0.8157622602714265,0.776363412946521,0.7906236229672772
0.7906682684107775,0.7904925899489414,0.7640848738212478,0.861507603479247,0.7605188801424351,0.7723876908652991,0.7804205417890251,0.8448060858907394,0.7910037065505131,0.8469433894300882,0.7787661497492729,0.8449657528175862,0.775942093165985,1.0,0.862760288227301,0.7763924781033797,0.7727983079599416,0.791052961762395,0.7376980712128409,0.7834530015333241,0.7851725119836731,0.7630732752889019,0.7885054268703624,0.7771658100067892,0.7565831338202358,0.7094161678635318,0.7812772103092507,0.8579366807569042,0.7918661370451225,0.7839260953236065,0.8385678975656272,0.7733450891805539,0.053024964716577694,0.7841415394017239,0.7748850556284974,0.8248621314546518,0.7698026309066717,0.7802661420456123,0.7478988901756072,0.78253170359288,0.8408143698374766,0.7852846243261353,0.7879912189300605,0.8600380563604717,0.8535863930062958,0.7969986802799217,0.7881855831976564,0.7887280516484922,0.8325629554369014,0.8024943516575681
0.7857650085994333,0.7836658450971594,0.7650528949860639,0.8698561820984746,0.7688366284196779,0.7633143034607636,0.7774098453704594,0.8390099961778654,0.7903553022713531,0.8452172100185061,0.7742361659942286,0.866673941477602,0.7796114857693712,0.862760288227301,1.0,0.7791467883691772,0.7752928294911857,0.7858862956556953,0.73097697998292,0.7794356640615357,0.7838845606516176,0.7601745822877308,0.7858876764035797,0.7727135411480855,0.7569228936628052,0.7128877348184586,0.7752452846022307,0.8440858942213981,0.789397276156325,0.7875307564441673,0.8400254701222242,0.7791216925806979,0.05124244758523344,0.7806475053357693,0.772978483077198,0.8221143624740341,0.770297852669147,0.7734263805660967,0.7470126320299771,0.7849994439371447,0.8413597285593833,0.7795231062182646,0.7849150585480497,0.8481423721793425,0.84131975016428,0.7908430257043283,0.782791636123557,0.7830898924147738,0.8206885800819941,0.8018904050291374
0.8100052379432037,0.8135361769110192,0.7803245938916943,0.7893395095463471,0.7854668837578144,0.8079476962478167,0.9068317469234679,0.7887222012875303,0.8111545798513687,0.7793167868874948,0.817187936495937,0.7891049307064072,0.8087275464378684,0.7763924781033797,0.7791467883691772,1.0,0.794434088566297,0.8283109329604625,0.7656650797946448,0.9109534576867948,0.8257615808470146,0.8110800013509469,0.8267213622643769,0.8100397813359191,0.7919947547937078,0.7446252220761773,0.8169344481397568,0.7811442948098564,0.7968801039899076,0.8107000506601447,0.7739673371109117,0.8049360906029541,0.045662723776461855,0.8114680907406148,0.8134988496148163,0.7911274213397255,0.9032548348422863,0.8022746702079774,0.7176931909312078,0.8192091590778735,0.7719648433694648,0.8099585728932542,0.8205612754364269,0.7881387589486082,0.7866211965704293,0.7979716348737174,0.8097856231842383,0.8097238469863712,0.7783711810944964,0.8047277611986943
0.7937866124091008,0.8222849427661105,0.7669202842093963,0.7832808612232911,0.8053964896087625,0.8156075887462549,0.7995092426903386,0.7774617792077481,0.7897818446994432,0.774773086754898,0.8020538709586144,0.7775101325802263,0.8002035862928056,0.7727983079599416,0.7752928294911857,0.794434088566297,1.0,0.8079057535429655,0.7546893328585034,0.7969859724799726,0.8043141893615524,0.7883718070392005,0.8163847052776357,0.8401869239944931,0.822154573219186,0.7797301605167402,0.8082128142798648,0.7707147649011405,0.7844380774296783,0.7754597626021476,0.7701226723994836,0.8229744767914074,0.04510582774901717,0.8118777047590355,0.8157535033898062,0.7750435697421256,0.7946237285630607,0.7993667534263383,0.7159762606615403,0.8055323167615525,0.7678195669780722,0.8196505414467596,0.812882866937342,0.7792110506868708,0.7829042073584366,0.7827288420856594,0.8256373231428172,0.82694746021668,0.7623591279481728,0.7823574839087599
0.8115009873137634,0.8311461246271585,0.7838099051297134,0.7980255345654751,0.7946494777336695,0.8170558168444246,0.8390175021453752,0.7938455392568835,0.8073869006519667,0.7904979226764708,0.8410643861885175,0.7935445295843279,0.8365078068736449,0.791052961762395,0.7858862956556953,0.8283109329604625,0.8079057535429655,1.0,0.7992347089330618,0.8411107561536789,0.866192808279851,0.8383923346743027,0.8691590715910449,0.8289141064572296,0.7950201301717281,0.7446673732960042,0.8531385160165358,0.7932616461137589,0.7970653346544834,0.8058158761484293,0.7798650989734791,0.830189895305903,0.04581112611967886,0.8473797578413114,0.8282406789622339,0.8037993837709206,0.8289611987254644,0.8294339663839014,0.729542473146626,0.8515479937797252,0.7788586529447851,0.8314689200898933,0.850394535825447,0.7980733183759805,0.7955536228420459,0.7995730900427039,0.8275964553717972,0.8275679360256196,0.7879412351082773,0.8048546834859407
0.7540722794841275,0.7680569019572617,0.7368429117529781,0.7347275466104579,0.7424824147576309,0.7586505476947201,0.7724607130203264,0.7418581811343934,0.7410033889898604,0.7337322082773389,0.7738248138813558,0.7409225374189591,0.817618554589328,0.7376980712128409,0.73097697998292,0.7656650797946448,0.7546893328585034,0.7992347089330618,1.0,0.7729313767081778,0.7941361401336586,0.8140095759779647,0.791099329879049,0.7641950302424558,0.7366073189784824,0.6998605831379855,0.7816314019492703,0.7376436959540762,0.7412632593296941,0.7381402469825158,0.7247554286944831,0.7982840355467807,0.04692338454108591,0.7813529171550653,0.7600622879588858,0.738662075773132,0.768802920948403,0.7670480009094858,0.6813410039103156,0.781882561510208,0.7211278857464241,0.7645244703158477,0.7793950660040911,0.7429130291696548,0.7408323206396525,0.7451334518308548,0.7622769008436302,0.7628652157443593,0.7319281132397462,0.7438647044067889
0.8149006874688636,0.8180048074708477,0.7798653339309589,0.7893776976245026,0.7767249105638532,0.8026017508168803,0.9507602102845256,0.7912643248777756,0.8129536142753111,0.7825005320607552,0.8165949424736956,0.7892263880665544,0.8054144098566357,0.7834530015333241,0.7794356640615357,0.9109534576867948,0.7969859724799726,0.8411107561536789,0.7729313767081778,1.0,0.8360893957755986,0.8068471087630052,0.8361299823683704,0.810325685206575,0.788546359854523,0.7353116022643684,0.8229600649262239,0.7861355997423344,0.7990092491335583,0.807249492331338,0.7740096250219294,0.8030329954566949,0.04860490251854721,0.8199433685224912,0.8137181646726276,0.7974124074042104,0.9202980328627108,0.8035894854160381,0.7241023954913522,0.8212927823739146,0.7725689855600368,0.8143227951719768,0.8221457267308696,0.7931510025839434,0.7922106432431506,0.8024231366856553,0.8135257416943814,0.8137009878674875,0.7803815999290756,0.808767559318531
0.8081732906810315,0.8291413487317547,0.783562226147098,0.7923176234156395,0.8023136121711874,0.8128213039555657,0.8350915341140851,0.7925358580416787,0.8018662059136876,0.7861643726121688,0.841126369292458,0.7922701248800886,0.8372224054048162,0.7851725119836731,0.7838845606516176,0.8257615808470146,0.8043141893615524,0.866192808279851,0.7941361401336586,0.8360893957755986,1.0,0.8340607992312091,0.8649877896628151,0.8239026354308144,0.792948627531716,0.7475214983185337,0.851984065356366,0.7891039981671012,0.7940901762860595,0.8006683462772608,0.7792943309334861,0.8293188800540894,0.05178846013450911,0.8541116480181261,0.8214893250743811,0.7985845268365102,0.8236128316963317,0.8308592132332073,0.7269716216199081,0.8536105490320373,0.7806487713002352,0.8261639863098245,0.8518387517684893,0.7971021329424002,0.7954776540620494,0.8009161486054597,0.8329403129245843,0.8328987217124335,0.7852819571111007,0.8023514116486062
0.7854583907086333,0.8042440566595824,0.7666281561648145,0.7688502242022863,0.7731984713229291,0.8087631683362787,0.8074130031281385,0.7719240836571443,0.7814141283558751,0.7594827728210498,0.8216708361274999,0.7733193153335834,0.8416358793818176,0.7630732752889019,0.7601745822877308,0.8110800013509469,0.7883718070392005,0.8383923346743027,0.8140095759779647,0.8068471087630052,0.8340607992312091,1.0,0.8695467396117254,0.7966421693563356,0.7820203441316976,0.7361021792387956,0.8265471470722885,0.7687665288530862,0.7692182634480018,0.7776651842950117,0.7526846023559634,0.8201040019681491,0.047346075143926636,0.8503591716647001,0.7991879910372943,0.7687291274501442,0.7961084076717039,0.8104861905368186,0.701765910238001,0.8280708076050228,0.751018884473193,0.8000871562015521,0.8317503439333769,0.7762697632992498,0.7708475008857686,0.777063125801294,0.8033550353733208,0.8032164682305679,0.764741486656415,0.7804544065619158
0.8153727662169091,0.833957985617109,0.7833992297415873,0.8008147109263906,0.7961672298620424,0.8157396780578829,0.8361085798109323,0.7951909690956315,0.8068290179243582,0.7845456302264504,0.8395739482989253,0.7953687918733493,0.8435177233622426,0.7885054268703624,0.7858876764035797,0.8267213622643769,0.8163847052776357,0.8691590715910449,0.791099329879049,0.8361299823683704,0.8649877896628151,0.8695467396117254,1.0,0.8282854450301956,0.8033368547629997,0.7472187228800584,0.8570976750172147,0.7925337866944403,0.7934347228884421,0.8015472361774636,0.7785929717832494,0.8329940246051236,0.0494650912889153,0.8809629280068202,0.829553902485471,0.7978180725371868,0.8258853006836604,0.8343567975082191,0.7258690371145691,0.8509922983000034,0.778115326014319,0.8277846159303238,0.8557792926696226,0.7999264146057309,0.7986431683168319,0.8015356623825943,0.8317768201922453,0.8325752883952084,0.7861777846003516,0.8050825199351704
0.8083219547483826,0.851993594537954,0.7758180742228997,0.7896152047976633,0.8041554106031787,0.8387466204191811,0.8126947180221251,0.78893179761198,0.8036054065591197,0.7852966101468435,0.8259231849567892,0.7860795627814327,0.8167484123809541,0.7771658100067892,0.7727135411480855,0.8100397813359191,0.8401869239944931,0.8289141064572296,0.7641950302424558,0.810325685206575,0.8239026354308144,0.7966421693563356,0.8282854450301956,1.0,0.8355651506526531,0.7771034950571056,0.8257898133280797,0.781051306490761,0.7970186374710457,0.7988511479388283,0.772544021441141,0.815587225383186,0.04022564155882502,0.8184841352122882,0.8538518807480401,0.7894319065637105,0.8080535486462699,0.8125126480710312,0.7205992237647909,0.8264915964259739,0.7722127557962404,0.8396598835389126,0.8241446211620609,0.7884123827301954,0.7901896151888347,0.791403755626999,0.8325087247860051,0.8324230462801283,0.7761111909617536,0.7948732577653496
0.7869927077631633,0.8269979483512362,0.7564077591986218,0.7694662558008222,0.7912606328101741,0.8256749098239105,0.7891944976007488,0.7684085676257323,0.778672160345335,0.7649045950274997,0.7919741601933618,0.763332637947943,0.7887005744123269,0.7565831338202358,0.7569228936628052,0.7919947547937078,0.822154573219186,0.7950201301717281,0.7366073189784824,0.788546359854523,0.792948627531716,0.7820203441316976,0.8033368547629997,0.8355651506526531,1.0,0.7809857366202867,0.7969546114825911,0.7556808991877917,0.7719895061697089,0.7692839299549834,0.759116379909669,0.808762714327779,0.04015890310325532,0.8007054663061768,0.8299585429776855,0.758580308968427,0.7848920885358263,0.7973840397528332,0.7091842037437115,0.7968858525550377,0.7537198530353952,0.8051412886210296,0.8034860673455793,0.7680960057183512,0.7704779831571011,0.7742208119277159,0.8116571173122584,0.8127605362069996,0.755453340677062,0.7721294145863912
0.7350778366092949,0.7613068088347481,0.7144951041339351,0.7148070461305229,0.7541714048903037,0.764623579598638,0.7366396653718242,0.7266156575855767,0.7333260777980282,0.7207369783287353,0.7492300441403863,0.7273041006083353,0.7426631333527971,0.7094161678635318,0.7128877348184586,0.7446252220761773,0.7797301605167402,0.7446673732960042,0.6998605831379855,0.7353116022643684,0.7475214983185337,0.7361021792387956,0.7472187228800584,0.7771034950571056,0.7809857366202867,1.0,0.7468608608399027,0.710720929370033,0.7261763900401091,0.7241991907266027,0.7123420442186833,0.750733635302635,0.03929605284872695,0.7463987333813552,0.7632881651110748,0.7127417232145872,0.7331139666908724,0.7540100484610945,0.6661879518320727,0.7512469521409695,0.7079795727006316,0.7497904253839258,0.753458730751006,0.7200195058473453,0.7211515902682366,0.719264273263934,0.7632007523350514,0.7670292903172996,0.7164714365930036,0.7215836739654751
0.8078767129921587,0.8272721961506295,0.7846883811548357,0.7885198740374983,0.8025346507243002,0.8059109466611287,0.8193068397379518,0.7874102153151885,0.8011008696615768,0.7854730675897562,0.8473459169879146,0.7855000681383135,0.8504517274382528,0.7812772103092507,0.7752452846022307,0.8169344481397568,0.8082128142798648,0.8531385160165358,0.7816314019492703,0.8229600649262239,0.851984065356366,0.8265471470722885,0.8570976750172147,0.8257898133280797,0.7969546114825911,0.7468608608399027,1.0,0.783244635659091,0.7918298820157466,0.7998135817904456,0.7788672719015801,0.8315518042648476,0.049052285791153505,0.8468928674877646,0.8194151479450287,0.7932005388248657,0.8140306750059627,0.8568123860155663,0.718088393086111,0.8623562845774073,0.776557993441733,0.8282063957661546,0.880064672865389,0.7943773700874771,0.7897373651659837,0.799184713363518,0.8265692026920901,0.8268888577417266,0.7835558790560475,0.8015615502743686
0.7995203900908836,0.7974100384265779,0.7710125892521467,0.8618744494781387,0.7503074024135485,0.7740682519521264,0.7865789034461309,0.8957693817425632,0.7912489182402282,0.8478744142051097,0.7790379359710485,0.8522422530444017,0.7773125270712341,0.8579366807569042,0.8440858942213981,0.7811442948098564,0.7707147649011405,0.7932616461137589,0.7376436959540762,0.7861355997423344,0.7891039981671012,0.7687665288530862,0.7925337866944403,0.781051306490761,0.7556808991877917,0.710720929370033,0.783244635659091,1.0,0.7986888592601114,0.7904688051610789,0.8318173836694448,0.775033554964506,0.04618754495726374,0.7875103673175387,0.7818897820461934,0.8270105135168545,0.7730193925021713,0.782219158202353,0.7530167123698821,0.7903558591117796,0.8314241442144,0.7883294924563413,0.7889667871630933,0.9332604733760774,0.9205035808534985,0.7957732309602188,0.7877505222295431,0.787831429006016,0.8378751600984065,0.806651749068154
0.8120552799637171,0.8043139531356742,0.7782145257428628,0.7994317930490864,0.7736844080440373,0.7879929175324281,0.7984122906200709,0.8038677965069545,0.812386460833137,0.7939927069816742,0.79974162902847,0.8013478248523589,0.7839032765782332,0.7918661370451225,0.789397276156325,0.7968801039899076,0.7844380774296783,0.7970653346544834,0.7412632593296941,0.7990092491335583,0.7940901762860595,0.7692182634480018,0.7934347228884421,0.7970186374710457,0.7719895061697089,0.7261763900401091,0.7918298820157466,0.7986888592601114,1.0,0.8050946608157054,0.7842799627799766,0.7834694863431955,0.04283739490058658,0.7929172890858801,0.7919803262740578,0.8089054031135394,0.7914415411978205,0.7874093984873417,0.7330206028616855,0.8003300709132604,0.7798383005917553,0.7956586138689472,0.799111849751272,0.801385889803403,0.8006676341400154,0.8126093931527469,0.7972634654749995,0.797130851940656,0.7869698993541778,0.8745286596459378
0.8337125400170413,0.809619425298704,0.7877440877611692,0.7966606505905554,0.7721825330322579,0.7762271569307924,0.8028538162598615,0.791113030172767,0.8311966967486173,0.7942055806272206,0.808004292014186,0.8017729526635403,0.800441300431491,0.7839260953236065,0.7875307564441673,0.8107000506601447,0.7754597626021476,0.8058158761484293,0.7381402469825158,0.807249492331338,0.8006683462772608,0.7776651842950117,0.8015472361774636,0.7988511479388283,0.7692839299549834,0.7241991907266027,0.7998135817904456,0.7904688051610789,0.8050946608157054,1.0,0.7777193680043488,0.7827494557708554,0.04329757936010892,0.7905305383368852,0.7979734260498573,0.7994218937777428,0.7962692034240835,0.7896967970784159,0.7266667142494894,0.816106543815383,0.7764909462228778,0.7999375856114901,0.8079973297267952,0.7961540081492182,0.7917485029295683,0.8060308477380402,0.8040535110303225,0.8034078117773407,0.785521224725699,0.8208139671293357
0.7829679495468671,0.7846389895259018,0.7632145285722827,0.8478349941553305,0.7606080192507015,0.7633866187579778,0.7724898095632677,0.8303681989526593,0.7815685669352246,0.8435877446964465,0.7733989704465146,0.8271798170943542,0.774037593104805,0.8385678975656272,0.8400254701222242,0.7739673371109117,0.7701226723994836,0.7798650989734791,0.7247554286944831,0.7740096250219294,0.7792943309334861,0.7526846023559634,0.7785929717832494,0.772544021441141,0.759116379909669,0.7123420442186833,0.7788672719015801,0.8318173836694448,0.7842799627799766,0.7777193680043488,1.0,0.7718267583106525,0.04866361113637563,0.7775871737475075,0.7680903880771301,0.8131119035718528,0.7664315377319921,0.7707772577708272,0.741368230201108,0.7830747455243576,0.873336372066091,0.7822831680800514,0.7831203854550304,0.8384045773227495,0.8340880124832781,0.7859292637560249,0.7797412622708448,0.7798378714884907,0.8194219901230178,0.7917085509450288
0.7920545819835101,0.8142894595551362,0.7743692558401012,0.7853054410852842,0.8082157571000802,0.8062656035159627,0.8026470867417277,0.7805268178031266,0.791198785279354,0.7743247080156697,0.8201710677666334,0.7752859691961056,0.8393818058248239,0.7733450891805539,0.7791216925806979,0.8049360906029541,0.8229744767914074,0.830189895305903,0.7982840355467807,0.8030329954566949,0.8293188800540894,0.8201040019681491,0.8329940246051236,0.815587225383186,0.808762714327779,0.750733635302635,0.8315518042648476,0.775033554964506,0.7834694863431955,0.7827494557708554,0.7718267583106525,1.0,0.05178942867773029,0.8227300142870899,0.8005913726124144,0.7723910936276387,0.8032831439497666,0.8201629497393133,0.7135339421817181,0.8292415379217197,0.7700879943473855,0.8085985592189641,0.8350823889375841,0.782098640855948,0.7813429717832958,0.7846919639426597,0.8166434076877429,0.818114544863327,0.7655877399769113,0.781393575579307
0.04159252530563773,0.042162376485090025,0.04686873355898746,0.05088599274273797,0.049620413268689934,0.04530438696329464,0.04877332795139633,0.04431487691639524,0.04179358077843065,0.04519623073757184,0.04853997754351114,0.0454819507853631,0.04508250300876626,0.053024964716577694,0.05124244758523344,0.045662723776461855,0.04510582774901717,0.04581112611967886,0.04692338454108591,0.04860490251854721,0.05178846013450911,0.047346075143926636,0.0494650912889153,0.04022564155882502,0.04015890310325532,0.03929605284872695,0.049052285791153505,0.04618754495726374,0.04283739490058658,0.04329757936010892,0.04866361113637563,0.05178942867773029,1.0,0.050163054209381386,0.044872444484577945,0.047923133308670596,0.04766676720930363,0.044481246201867664,0.04255984719474393,0.04730436378390057,0.049784623553250196,0.04382359996706009,0.04660904298937085,0.04722615747223502,0.04406413649579355,0.0484773480303381,0.04279324283233854,0.04380117982075382,0.04991572134364752,0.04567117268307186
0.8080368730197572,0.8251957630081748,0.7781582730366623,0.7908669642913078,0.7931709095327646,0.8132829990245408,0.8208662130274679,0.7938725181011963,0.7970441261370047,0.7821173230688285,0.833729019531275,0.7898522480850381,0.8358690767378198,0.7841415394017239,0.7806475053357693,0.8114680907406148,0.8118777047590355,0.8473797578413114,0.7813529171550653,0.8199433685224912,0.8541116480181261,0.8503591716647001,0.8809629280068202,0.8184841352122882,0.8007054663061768,0.7463987333813552,0.8468928674877646,0.7875103673175387,0.7929172890858801,0.7905305383368852,0.7775871737475075,0.8227300142870899,0.050163054209381386,1.0,0.823528253001987,0.7995606897493741,0.8074158202858458,0.8250117863317621,0.7322110662381598,0.8454071052753653,0.7802956508808887,0.8246539690297997,0.8537990148026544,0.7939941893036467,0.7951808105182531,0.793053207378346,0.8269809378115438,0.8274850397610539,0.7835360678351658,0.8011047217771897
0.8127982348512066,0.848166723622243,0.7706348190965846,0.7838216769951075,0.7849392116541849,0.8334509369515017,0.8149852770693105,0.7901353982487279,0.8022463383821135,0.7788614207499561,0.8232460415534076,0.7880207778173862,0.8105264022693518,0.7748850556284974,0.772978483077198,0.8134988496148163,0.8157535033898062,0.8282406789622339,0.7600622879588858,0.8137181646726276,0.8214893250743811,0.7991879910372943,0.829553902485471,0.8538518807480401,0.8299585429776855,0.7632881651110748,0.8194151479450287,0.7818897820461934,0.7919803262740578,0.7979734260498573,0.7680903880771301,0.8005913726124144,0.044872444484577945,0.823528253001987,1.0,0.7862907240164013,0.8019352072132052,0.810969284766154,0.7213815184308228,0.8267117422452925,0.7650663869081844,0.8383788236281354,0.8270460887010066,0.7867164138240803,0.7872599001177114,0.793402204585756,0.8327010340092151,0.8325568001597325,0.7782021725215676,0.7931940371446018
0.7966642902075838,0.7928709193844421,0.7748313314350118,0.8266155381964531,0.7569022053786147,0.7767799042518845,0.7985765079734822,0.8267904725484028,0.7991303452463037,0.827467624230494,0.7917869531194766,0.8287741107045002,0.7761446910868541,0.8248621314546518,0.8221143624740341,0.7911274213397255,0.7750435697421256,0.8037993837709206,0.738662075773132,0.7974124074042104,0.7985845268365102,0.7687291274501442,0.7978180725371868,0.7894319065637105,0.758580308968427,0.7127417232145872,0.7932005388248657,0.8270105135168545,0.8089054031135394,0.7994218937777428,0.8131119035718528,0.7723910936276387,0.047923133308670596,0.7995606897493741,0.7862907240164013,1.0,0.7836577525995534,0.7768850479116061,0.7679627347020004,0.7981606896118139,0.8132190333430651,0.7962905372908833,0.7946365706681287,0.8294147704933148,0.8308713723557553,0.7961475913382593,0.7891004182454884,0.7887281717815235,0.8222425817749808,0.8121221626993884
0.8010336255370931,0.8065524049081965,0.7706569283943663,0.7796059375733625,0.7813081625865864,0.7934078848565125,0.9163526742592337,0.7797648171798272,0.8010964441674284,0.7742641522167033,0.8056842921979106,0.7785313943738474,0.8049885002499201,0.7698026309066717,0.770297852669147,0.9032548348422863,0.7946237285630607,0.8289611987254644,0.768802920948403,0.9202980328627108,0.8236128316963317,0.7961084076717039,0.8258853006836604,0.8080535486462699,0.7848920885358263,0.7331139666908724,0.8140306750059627,0.7730193925021713,0.7914415411978205,0.7962692034240835,0.7664315377319921,0.8032831439497666,0.04766676720930363,0.8074158202858458,0.8019352072132052,0.7836577525995534,1.0,0.7922505172589362,0.7131074557635113,0.8072796360524608,0.7646812387048721,0.8024398573657862,0.8129329112511892,0.7826996417610204,0.7804873771257584,0.786028305757312,0.7989761262592878,0.798843155125387,0.766601884709073,0.795038509314214
0.8022313916440592,0.8271390032210936,0.7761079498627782,0.7794899408137719,0.8099369719096523,0.8089466770302381,0.7983382471757228,0.7879681064107025,0.7915494767192214,0.7849001084267787,0.8269429622104356,0.7838844302945368,0.8322744147041361,0.7802661420456123,0.7734263805660967,0.8022746702079774,0.7993667534263383,0.8294339663839014,0.7670480009094858,0.8035894854160381,0.8308592132332073,0.8104861905368186,0.8343567975082191,0.8125126480710312,0.7973840397528332,0.7540100484610945,0.8568123860155663,0.782219158202353,0.7874093984873417,0.7896967970784159,0.7707772577708272,0.8201629497393133,0.044481246201867664,0.8250117863317621,0.810969284766154,0.7768850479116061,0.7922505172589362,1.0,0.7174119562109196,0.8441208284997397,0.7695549890232745,0.8164393838453046,0.8687619030224953,0.7920487872594149,0.788675307134903,0.7963891951788632,0.8245598068773474,0.8256248836528131,0.7860218325082684,0.7933991764883366
0.7350133816386786,0.7206866409610887,0.6986369704378013,0.7561558488555822,0.7100019233701185,0.7190387691681867,0.726845672064029,0.7541985059178932,0.7252422096689557,0.7516098352516516,0.7164421307481663,0.7484313935662265,0.7096016305848785,0.7478988901756072,0.7470126320299771,0.7176931909312078,0.7159762606615403,0.729542473146626,0.6813410039103156,0.7241023954913522,0.7269716216199081,0.701765910238001,0.7258690371145691,0.7205992237647909,0.7091842037437115,0.6661879518320727,0.718088393086111,0.7530167123698821,0.7330206028616855,0.7266667142494894,0.741368230201108,0.7135339421817181,0.04255984719474393,0.7322110662381598,0.7213815184308228,0.7679627347020004,0.7131074557635113,0.7174119562109196,1.0,0.7255567857097036,0.7387610504878437,0.7230049442112054,0.7220970479571658,0.7556875682616174,0.7596541676755688,0.7273329874265291,0.7230712453433525,0.7227563192276882,0.7494292522634385,0.7396526325726728
