../ecoli_genomes/GCF_000163235.1_ASM16323v1_genomic.fna.gz,../ecoli_genomes/GCF_000164555.1_ASM16455v1_genomic.fna.gz,../ecoli_genomes/GCF_000208545.1_ASM20854v2_genomic.fna.gz,../ecoli_genomes/GCF_000233875.1_ASM23387v1_genomic.fna.gz,../ecoli_genomes/GCF_000249735.1_ASM24973v2_genomic.fna.gz,../ecoli_genomes/GCF_000261145.1_Esch_coli_M919_V2_genomic.fna.gz,../ecoli_genomes/GCF_000267705.2_ASM26770v2_genomic.fna.gz,../ecoli_genomes/GCF_000350665.1_Esch_coli_KTE5_V1_genomic.fna.gz,../ecoli_genomes/GCF_000351625.1_Esch_coli_KTE66_V1_genomic.fna.gz,../ecoli_genomes/GCF_000352285.1_Esch_coli_KTE46_V1_genomic.fna.gz,../ecoli_genomes/GCF_000358895.1_ASM35889v1_genomic.fna.gz,../ecoli_genomes/GCF_000456385.1_Esch_coli_HVH_26_4-5703913_V1_genomic.fna.gz,../ecoli_genomes/GCF_000458195.1_Esch_coli_HVH_147_4-5893887_V1_genomic.fna.gz,../ecoli_genomes/GCF_000459755.1_Esch_coli_KOEGE_58_171a_V1_genomic.fna.gz,../ecoli_genomes/GCF_000460055.1_Esch_coli_UMEA_3053-1_V1_genomic.fna.gz,../ecoli_genomes/GCF_000462165.2_ASM46216v2_genomic.fna.gz,../ecoli_genomes/GCF_000601135.1_ASM60113v1_genomic.fna.gz,../ecoli_genomes/GCF_000614595.1_Ec2010EL1058_genomic.fna.gz,../ecoli_genomes/GCF_000617745.1_Ec2010C-4529_genomic.fna.gz,../ecoli_genomes/GCF_000618265.2_EcF6751_genomic.fna.gz,../ecoli_genomes/GCF_000619005.2_Ec2009C-4052_genomic.fna.gz,../ecoli_genomes/GCF_000619105.1_Ec2009C-4780_genomic.fna.gz,../ecoli_genomes/GCF_000619765.2_Ec2009C-3279_genomic.fna.gz,../ecoli_genomes/GCF_000687005.1_ASM68700v1_genomic.fna.gz,../ecoli_genomes/GCF_000687025.1_ASM68702v1_genomic.fna.gz,../ecoli_genomes/GCF_000700125.1_ASM70012v1_genomic.fna.gz,../ecoli_genomes/GCF_000753315.1_FHI35_genomic.fna.gz,../ecoli_genomes/GCF_000776375.1_ASM77637v1_genomic.fna.gz,../ecoli_genomes/GCF_000779395.1_ASM77939v1_genomic.fna.gz,../ecoli_genomes/GCF_000780315.1_ASM78031v1_genomic.fna.gz,../ecoli_genomes/GCF_000781995.1_ASM78199v1_genomic.fna.gz,../ecoli_genomes/GCF_000986765.1_ASM98676v1_genomic.fna.gz,../ecoli_genomes/GCF_001041375.1_ViralProj287958_genomic.fna.gz,../ecoli_genomes/GCF_001265335.1_302014_genomic.fna.gz,../ecoli_genomes/GCF_001265625.1_100854_genomic.fna.gz,../ecoli_genomes/GCF_001267345.1_303289_genomic.fna.gz,../ecoli_genomes/GCF_001309985.1_ASM130998v1_genomic.fna.gz,../ecoli_genomes/GCF_001521695.1_ASM152169v1_genomic.fna.gz,../ecoli_genomes/GCF_001592595.1_ASM159259v1_genomic.fna.gz,../ecoli_genomes/GCF_001614975.1_ASM161497v1_genomic.fna.gz,../ecoli_genomes/GCF_001692775.1_ASM169277v1_genomic.fna.gz,../ecoli_genomes/GCF_001748915.1_ASM174891v1_genomic.fna.gz,../ecoli_genomes/GCF_001749235.1_ASM174923v1_genomic.fna.gz,../ecoli_genomes/GCF_001881155.1_ASM188115v1_genomic.fna.gz,../ecoli_genomes/GCF_001881345.1_ASM188134v1_genomic.fna.gz,../ecoli_genomes/GCF_001892405.1_ASM189240v1_genomic.fna.gz,../ecoli_genomes/GCF_001892585.1_ASM189258v1_genomic.fna.gz,../ecoli_genomes/GCF_001893985.1_ASM189398v1_genomic.fna.gz,../ecoli_genomes/GCF_002001595.1_ASM200159v1_genomic.fna.gz,../ecoli_genomes/GCF_002002145.1_ASM200214v1_genomic.fna.gz
1.0,0.7813449173758962,0.7644030547778321,0.7628637549581657,0.7531248841092565,0.7571098430162926,0.7686595417169079,0.7644430181066552,0.806387574471222,0.7668670190810681,0.7721888396673601,0.7764215592449397,0.7733573918367607,0.7613222286930049,0.7619191771643161,0.7700590739924617,0.6738500239227372,0.777880437221337,0.7711585925703577,0.7753828344670348,0.7642120098531666,0.739976129176948,0.7733704136663575,0.7186504667258578,0.6806204981291631,0.6242247099643666,0.7693635182343412,0.7555757403839684,0.7804419673863139,0.7950607516614071,0.7530454510033292,0.7630115176062338,0.06374420897095845,0.7698627098221354,0.7620736967249954,0.760173060531369,0.7572848035323314,0.7732719225649366,0.726433210652284,0.7740091521919739,0.758445686670115,0.7748130673662963,0.7793282369454674,0.764943499734613,0.7684639823253595,0.7707899025170437,0.7683733974558398,0.7691030988605625,0.7638841425653365,0.7830328455451256
0.7813449173758962,1.0,0.7594430702176973,0.7657787694715041,0.7730839318788669,0.807556483098399,0.7727534498610242,0.7665037853949821,0.7774000635338779,0.7701224777551123,0.8114718312037865,0.7676574066700892,0.8095255773820947,0.7652962076451969,0.7592125966010427,0.773514554748051,0.678927817015745,0.8047758815069477,0.801698526001734,0.782281122483192,0.7932560905871144,0.7603202035496309,0.8120429861017455,0.74228136255601,0.7041235206943706,0.6245438666991314,0.8067746124937014,0.7588003814944487,0.7834769707619179,0.7745857442263236,0.7584882095538124,0.789414006346618,0.0714753640726582,0.7940361897047502,0.8363468688211041,0.7648036168433675,0.7641446525949335,0.8066101205486291,0.7175378140087523,0.8105011090920643,0.7621925671005684,0.8181161301092998,0.8073220157591092,0.77014437506143,0.7691036185057879,0.7667532065210247,0.8156152431186879,0.8170062710680261,0.7729142267432084,0.7739341527327972
0.7644030547778321,0.7594430702176973,1.0,0.7280216305467456,0.7137537191404888,0.7306217895975659,0.7475110392238363,0.7383131897684123,0.7575437978773317,0.7389696362151645,0.7522525337633352,0.7369460065757589,0.750467565596271,0.7396925591889634,0.7300586114419003,0.7483254423526825,0.6297309894927319,0.7542073399310157,0.7438867762909931,0.7543656146011033,0.7497899812072647,0.724666331833804,0.7510806302178633,0.6803724430016405,0.643157827788764,0.5801783753767888,0.7533325453958738,0.7364761266401768,0.7655286974350246,0.7594418623791479,0.7302797702269753,0.7258602481060101,0.06407473499990557,0.7434882481030884,0.7331409644237815,0.7425562375639372,0.7338474804278949,0.7475406044782791,0.6969651431058135,0.7567929005474102,0.7332199450547674,0.7449297170171684,0.7568618183807565,0.7415751482011387,0.7381319969172717,0.7589199553085688,0.7465127184056233,0.7477807531029312,0.7449840496966521,0.76584305814956
0.7628637549581657,0.7657787694715041,0.7280216305467456,1.0,0.7409691796442475,0.7518135622411091,0.748220893327598,0.8313936530815685,0.7574145712580591,0.8231294317323521,0.7509465048544042,0.8310274016568767,0.7572903445564003,0.8521302399670323,0.8444507806229216,0.7503289395426427,0.6505959022016785,0.7523234172072754,0.7569634817981701,0.7539533146338575,0.7556175659199842,0.7343166851315476,0.7717420462400747,0.695868647810479,0.6661921119211784,0.5964874050222109,0.7580474386137697,0.8354425499225082,0.770880739524956,0.7560445186567347,0.8296953238727658,0.7629918569935091,0.06744326464946016,0.750292782259703,0.7503121028445597,0.7994199794970848,0.7439957172296441,0.7539040301868665,0.7488275720674304,0.7522402373180711,0.8353537639226766,0.7592861097038457,0.7572677623650597,0.8403813026070032,0.8331288946290666,0.7602770981290496,0.7483461565522578,0.7506169401922405,0.8139905567273151,0.76652505501704
0.7531248841092565,0.7730839318788669,0.7137537191404888,0.7409691796442475,1.0,0.7652355463390372,0.7409179746119249,0.7427442627582551,0.7508234019042291,0.7407228500538872,0.793447190290663,0.7374113340281323,0.7886130791329019,0.732491086108499,0.74079786616241,0.7549146467264773,0.6916943911394621,0.7768488491319808,0.772492609219537,0.7473613212238281,0.7695322528332048,0.7415712649466604,0.7794032535255555,0.7355882693700695,0.6977266765996897,0.63845129763528,0.7730600250246142,0.7239549609692721,0.7432343379855938,0.7410275113829331,0.7374423851611245,0.7843449916484632,0.06312660138929627,0.7787198623249771,0.7731675471449827,0.7292345414771886,0.7409295134289335,0.786717126332317,0.7208063941556209,0.7821276375531865,0.7448823638030766,0.7750306012222947,0.7821170047667527,0.7351716343815355,0.7389812029616585,0.7318235223990337,0.7739002971390005,0.7755047189084215,0.7333863389230306,0.7361849837139132
0.7571098430162926,0.807556483098399,0.7306217895975659,0.7518135622411091,0.7652355463390372,1.0,0.757527823914987,0.749668087232928,0.752365684041988,0.7403294078744264,0.7796878339023788,0.741211149135675,0.7774408268448663,0.7394020023859678,0.7378349324467864,0.7627619082119905,0.6849398613783386,0.7839494588682866,0.7883922913539316,0.7573653828787504,0.7668105208211822,0.7912349502264057,0.7879431797144306,0.7468175602862333,0.7228299555665316,0.6382157175198235,0.7730768152827445,0.7367706412054764,0.7586044434867786,0.7402741208910437,0.7369577717351948,0.7850369883039755,0.0662087355905977,0.7801335650278801,0.8085893607968557,0.744614396555126,0.7550219914790522,0.7872876779599876,0.7071333621974265,0.7832726227459268,0.7405353580597656,0.7900694311756058,0.7763841640288873,0.7468074839723109,0.7454690798150382,0.7499132972462489,0.7854878801706275,0.7881526320425817,0.742013090330974,0.7589100807500402
0.7686595417169079,0.7727534498610242,0.7475110392238363,0.748220893327598,0.7409179746119249,0.757527823914987,1.0,0.7461424198748734,0.7657042780980263,0.7475472751035095,0.7680662646054897,0.7492661225978949,0.7735614291916294,0.7450230702935726,0.7364907269222725,0.8934046344270863,0.6506431381137483,0.7979947766992221,0.7815059693580735,0.9334052710650491,0.7783215272381381,0.7538599268296731,0.7877900927007822,0.6984208158912678,0.6630353458629821,0.6014999025011014,0.7745060769387031,0.7372996043442108,0.761625120546208,0.7609551210824917,0.739135673677705,0.7575527171647363,0.06938054791253678,0.7670217885416817,0.764602871178844,0.7465230953696242,0.9137054167679799,0.7617156926390694,0.7058284087993505,0.7723070138789909,0.7369002446524962,0.7622989294443934,0.7802652269446053,0.7451758156546353,0.742888977704417,0.755716434045101,0.7636518863421022,0.7643054657999898,0.7444007211428492,0.7700463629310546
0.7644430181066552,0.7665037853949821,0.7383131897684123,0.8313936530815685,0.7427442627582551,0.749668087232928,0.7461424198748734,1.0,0.7592821558496988,0.8249744551237648,0.7516088506018885,0.8205838069797374,0.7629074434729667,0.823914332469777,0.8156990092908234,0.7495703197224886,0.6564808666983731,0.7519154667555784,0.7556838578156944,0.752352173383082,0.7498380040431165,0.729122771664803,0.7661309988256777,0.7026027939932743,0.6673639306402882,0.6054972674152086,0.7563422516761653,0.8849318310176993,0.7671387281299122,0.7561002615942326,0.8127960322585036,0.7598054877944508,0.06840080016814931,0.755603169670366,0.7495699163798583,0.7963561130705696,0.7379439637127574,0.7593536920777912,0.7535479073437226,0.7564781627362513,0.8156844283941374,0.7665260041881781,0.7574285373579203,0.8896432978568721,0.878223217151834,0.755980047885804,0.7490575575189496,0.7508813371781007,0.8172117104592654,0.7606794381064366
0.806387574471222,0.7774000635338779,0.7575437978773317,0.7574145712580591,0.7508234019042291,0.752365684041988,0.7657042780980263,0.7592821558496988,1.0,0.771878314018465,0.773239855586078,0.7599070928616938,0.7747413667776962,0.7595765437162838,0.7576027052084822,0.7699272798842058,0.6536581376639217,0.7755669722204037,0.7698951242620234,0.7744461032362425,0.7639359784000386,0.7348268633851547,0.7700639729582371,0.7090385298656595,0.6666847878600693,0.6051644489137444,0.7680413877799533,0.7538456071869393,0.7773807039093188,0.7970173778781875,0.7559273189691968,0.7574268969795223,0.059914960500298764,0.7603656951283597,0.7674506294864892,0.7562903765704972,0.7575647486252298,0.7634134165143684,0.713359955931341,0.7750782327099636,0.7648271314642877,0.7781179809645102,0.7755022237877691,0.7605670604909156,0.7576061513127145,0.7721042257456845,0.7679627734924146,0.7694789716867222,0.7635764407706,0.7761136104873815
0.7668670190810681,0.7701224777551123,0.7389696362151645,0.8231294317323521,0.7407228500538872,0.7403294078744264,0.7475472751035095,0.8249744551237648,0.771878314018465,1.0,0.7577346452053682,0.8200931307721245,0.7649405865859128,0.8241501343720428,0.8197510070803089,0.752355597407029,0.634948666768759,0.7558731278480668,0.7518791366965658,0.7563084921563443,0.7527275590209954,0.726962903764259,0.7575459562105712,0.6841302520227813,0.6446075647111513,0.5831401748547191,0.7584297849947778,0.8239259215869321,0.7751588389422993,0.7631927448295669,0.8331884971443085,0.745932321910882,0.06617290248844676,0.7512909826731503,0.7541842365845632,0.8077289078229545,0.7400554048676768,0.7545996120594038,0.7532661446995846,0.756785076957662,0.837065274246663,0.7599690610147173,0.7555003974615999,0.8249877827915609,0.8245293639286636,0.7618832338960009,0.7507276625595425,0.7518574231391892,0.8264714801133204,0.7685926552724431
0.7721888396673601,0.8114718312037865,0.7522525337633352,0.7509465048544042,0.793447190290663,0.7796878339023788,0.7680662646054897,0.7516088506018885,0.773239855586078,0.7577346452053682,1.0,0.754040141268107,0.8317376450838898,0.7554126785045098,0.7506464863777341,0.7721355955561822,0.6667719033300723,0.8198355554413306,0.8109959444751791,0.7782742205137197,0.8040234779623496,0.7750422990372068,0.8152194915294646,0.7309850125038004,0.677677787229898,0.6182448720591568,0.8167194765617853,0.7478144894131886,0.7721683168357321,0.770017373096568,0.7503715357638548,0.787173658318804,0.06939731078068356,0.8014209924982477,0.8030238567370128,0.7578763041365887,0.7615701139851316,0.8084791769720732,0.7162026878490984,0.8278956507367907,0.755502294423174,0.8095926997953801,0.8236796067534466,0.7506665619709433,0.7526613046956899,0.762403713428349,0.8045777894825751,0.8058990759338828,0.7566988925770041,0.7716709656777535
0.7764215592449397,0.7676574066700892,0.7369460065757589,0.8310274016568767,0.7374113340281323,0.741211149135675,0.7492661225978949,0.8205838069797374,0.7599070928616938,0.8200931307721245,0.754040141268107,1.0,0.7589189224690007,0.8212692438617402,0.8445109661715506,0.7492263652039137,0.6647271589144468,0.7524163603543012,0.752514469745623,0.7561970680597843,0.757457515578469,0.7311122572109832,0.7658822146737673,0.7079568818570143,0.6733168696171706,0.6125285511838879,0.7551180742688555,0.8209471530409159,0.7775432760165765,0.7636321106209312,0.8032396831492794,0.757002909372549,0.06372055407620758,0.7540429887303572,0.755483586541809,0.7989328398067527,0.7405757641520829,0.7538017167516748,0.7462809524620433,0.7564440146948456,0.8137080356904333,0.7552982490671458,0.7566785209540993,0.8319902989804299,0.8271913694885968,0.7667514017752437,0.7511524615740572,0.7521027363088747,0.8148347161129956,0.7691265537258407
0.7733573918367607,0.8095255773820947,0.750467565596271,0.7572903445564003,0.7886130791329019,0.7774408268448663,0.7735614291916294,0.7629074434729667,0.7747413667776962,0.7649405865859128,0.8317376450838898,0.7589189224690007,1.0,0.7568339688599752,0.756995794042605,0.7855957028830318,0.6649432300491657,0.8291111593690027,0.8195454054919951,0.7838095890755441,0.8202456943093664,0.7934347295960192,0.8473561277271753,0.7233801614384088,0.6712573693113197,0.6144028585348758,0.8393311532100931,0.7547060954196025,0.7698549108259674,0.7745165190989668,0.7582317403579302,0.8019287154490613,0.0679220999555118,0.8271704473498883,0.7996231073439504,0.7539619667339883,0.7737330739733688,0.8172606955856732,0.7160051572784794,0.8371532343783282,0.757953647926034,0.8086499194993617,0.8307064713191095,0.7566117477159044,0.7528244473403738,0.7567444946548418,0.7991721338385342,0.8008181919902085,0.7647446645822483,0.7618939295651066
0.7613222286930049,0.7652962076451969,0.7396925591889634,0.8521302399670323,0.732491086108499,0.7394020023859678,0.7450230702935726,0.823914332469777,0.7595765437162838,0.8241501343720428,0.7554126785045098,0.8212692438617402,0.7568339688599752,1.0,0.8411002774788319,0.7435439021445764,0.6399068460406077,0.751655766957034,0.7516528195350447,0.7538709076047749,0.75408332843185,0.7267860529380253,0.7648549024887348,0.6833959043330221,0.6503650202858005,0.5904329675288538,0.7576439444552693,0.8360059472301664,0.7762592914765228,0.7586883933505517,0.8302264231127072,0.747487599429247,0.06464776010449602,0.7535349865442695,0.7472619426191494,0.8002326572488283,0.7370773820780396,0.7494916691135398,0.7483405621801689,0.7517912018545849,0.8324255407955166,0.7586137576788932,0.7575526367435715,0.8355555360409597,0.828501569473271,0.7680012204658553,0.75039259747346,0.752337514005615,0.8225355487893526,0.7731013227979736
0.7619191771643161,0.7592125966010427,0.7300586114419003,0.8444507806229216,0.74079786616241,0.7378349324467864,0.7364907269222725,0.8156990092908234,0.7576027052084822,0.8197510070803089,0.7506464863777341,0.8445109661715506,0.756995794042605,0.8411002774788319,1.0,0.7394660470311696,0.644807237668797,0.7475683786609433,0.7443301514549865,0.7443993658814414,0.7512148891310941,0.7199795496918353,0.7583792260405989,0.6868771986374045,0.6569347606939488,0.5941144665371941,0.7508431999296276,0.8176016506552768,0.7672096815786433,0.7579185814540254,0.8216745248378844,0.7512590947516895,0.0652110727887153,0.7456317349960804,0.7470811563669134,0.7888610134003028,0.7313871629562116,0.7518050442355563,0.7437804578946053,0.7498732449403736,0.8285270642418152,0.7523411784162551,0.7505165021488946,0.821165385067584,0.8162558527932202,0.7622351717835032,0.7464203209660139,0.7478552795393221,0.8106759552740049,0.7698855009182534
0.7700590739924617,0.773514554748051,0.7483254423526825,0.7503289395426427,0.7549146467264773,0.7627619082119905,0.8934046344270863,0.7495703197224886,0.7699272798842058,0.752355597407029,0.7721355955561822,0.7492263652039137,0.7855957028830318,0.7435439021445764,0.7394660470311696,1.0,0.6570333635448574,0.7898048763334821,0.7845024313525847,0.8986833947914734,0.7743360841208098,0.7612101862779832,0.7854315768073454,0.7116492544351272,0.6715058335191434,0.6124600875493456,0.7735328396937567,0.7383726040039127,0.7585928448658265,0.7638072963285828,0.7450895891374385,0.7586026648115028,0.0688056826006812,0.7699913654596688,0.7680264756702179,0.7479584469539045,0.8922428686621631,0.7660529645003598,0.703761809773852,0.772411658203283,0.7423078516879338,0.7666096908194211,0.7739481213217717,0.7455675004972299,0.7457248788631856,0.7543585415424015,0.7655139505058149,0.7657479270689331,0.7454270570493262,0.7650347386520165
0.6738500239227372,0.678927817015745,0.6297309894927319,0.6505959022016785,0.6916943911394621,0.6849398613783386,0.6506431381137483,0.6564808666983731,0.6536581376639217,0.634948666768759,0.6667719033300723,0.6647271589144468,0.6649432300491657,0.6399068460406077,0.644807237668797,0.6570333635448574,1.0,0.6624532853759448,0.6607709628625036,0.6557784478019149,0.6602408036736807,0.6433841949672157,0.6727717214166389,0.7901028509213388,0.8062806195884779,0.8052675537353986,0.6651255289712081,0.6293614752712404,0.6613852054998945,0.6488128205903457,0.6293286524900761,0.7247855066260956,0.059900790451192676,0.6801537040158221,0.6900720713204809,0.6378355853598056,0.6497177751812242,0.6721833444828091,0.620184704551302,0.6756171023836841,0.6331281198662483,0.6704205100809968,0.6701300853496954,0.6635014070784477,0.6617407687917942,0.6469677322149197,0.6870565111736358,0.6848041462649612,0.6369663032947377,0.6569400382510906
0.777880437221337,0.8047758815069477,0.7542073399310157,0.7523234172072754,0.7768488491319808,0.7839494588682866,0.7979947766992221,0.7519154667555784,0.7755669722204037,0.7558731278480668,0.8198355554413306,0.7524163603543012,0.8291111593690027,0.751655766957034,0.7475683786609433,0.7898048763334821,0.6624532853759448,1.0,0.8411033473553337,0.8035957969530386,0.8284997702979773,0.7980070957827691,0.8397855099117686,0.7176035823328115,0.6749463079843832,0.6110182435202428,0.8327052689068162,0.7453240804195341,0.7745836315706307,0.7689242841202678,0.7461472062035089,0.7943899483907296,0.07093607173515692,0.8162959329343429,0.7919186574696997,0.7665850653251357,0.7886060764157078,0.8110143197542371,0.7235031291894757,0.8272687256215988,0.7475763833821847,0.8030743794015586,0.8316899357894916,0.7502661571360554,0.7499570543473341,0.7597572533789886,0.7978699458799206,0.7991331426919436,0.7569188292113522,0.7689230441682853
0.7711585925703577,0.801698526001734,0.7438867762909931,0.7569634817981701,0.772492609219537,0.7883922913539316,0.7815059693580735,0.7556838578156944,0.7698951242620234,0.7518791366965658,0.8109959444751791,0.752514469745623,0.8195454054919951,0.7516528195350447,0.7443301514549865,0.7845024313525847,0.6607709628625036,0.8411033473553337,1.0,0.7873621666146731,0.8176053241554893,0.8064586638224908,0.83500153953975,0.716717658897319,0.6754984918082605,0.6107687267642512,0.8205159340570374,0.7463568012412332,0.7670605847210153,0.7640101951238265,0.7430553002129476,0.7901779709606764,0.07629560227809662,0.8105842642584818,0.7925223733787697,0.7573430601027519,0.7746953911377152,0.8030958701260099,0.71127604078316,0.8209046596772238,0.7477637597215986,0.7957514394910348,0.8153321885262146,0.7540964261378352,0.7536015044139596,0.7559221617220293,0.7865749284664163,0.7887587768060405,0.7560981416354124,0.767209657075206
0.7753828344670348,0.782281122483192,0.7543656146011033,0.7539533146338575,0.7473613212238281,0.7573653828787504,0.9334052710650491,0.752352173383082,0.7744461032362425,0.7563084921563443,0.7782742205137197,0.7561970680597843,0.7838095890755441,0.7538709076047749,0.7443993658814414,0.8986833947914734,0.6557784478019149,0.8035957969530386,0.7873621666146731,1.0,0.7888526576430774,0.7532873097058161,0.7949382340453417,0.7031965404566087,0.6675412813069196,0.6055688735686953,0.7842811713688058,0.7449905528580687,0.7685153922066185,0.7699637262821817,0.7462011716459714,0.7648659893269101,0.0694463740602631,0.7754585090047165,0.7721896981157735,0.7553515280168359,0.9075686347154455,0.7704885095890877,0.7129277284224024,0.7801150161486498,0.7450807405404527,0.7717522437827552,0.7862904815762625,0.7531795370276892,0.7508258204714543,0.762051528459577,0.7741707988223279,0.7749804358604806,0.7539956143051627,0.7759395781515148
0.7642120098531666,0.7932560905871144,0.7497899812072647,0.7556175659199842,0.7695322528332048,0.7668105208211822,0.7783215272381381,0.7498380040431165,0.7639359784000386,0.7527275590209954,0.8040234779623496,0.757457515578469,0.8202456943093664,0.75408332843185,0.7512148891310941,0.7743360841208098,0.6602408036736807,0.8284997702979773,0.8176053241554893,0.7888526576430774,1.0,0.7862669953165484,0.8334633118600684,0.7139049178416681,0.6719292522584099,0.6110982398864317,0.8211552655852822,0.7511588678637731,0.7675220371457021,0.7715842898910799,0.7451354955252261,0.7889687118562367,0.06590969506235167,0.8080005605699276,0.7836803630999893,0.764378367821097,0.7699953145017606,0.8038331053360266,0.7199113186213535,0.8189458475302391,0.7520463360702906,0.786252899896976,0.8142935508396292,0.7563764818790347,0.7586477596634451,0.7617419034195897,0.7939819013081739,0.7950814521311542,0.7565985455618919,0.7631868128284662
0.739976129176948,0.7603202035496309,0.724666331833804,0.7343166851315476,0.7415712649466604,0.7912349502264057,0.7538599268296731,0.729122771664803,0.7348268633851547,0.726962903764259,0.7750422990372068,0.7311122572109832,0.7934347295960192,0.7267860529380253,0.7199795496918353,0.7612101862779832,0.6433841949672157,0.7980070957827691,0.8064586638224908,0.7532873097058161,0.7862669953165484,1.0,0.8371446123952202,0.7028764899046802,0.6674972222247675,0.6053360269425003,0.7840613355315581,0.729318856352261,0.7405748852725198,0.7280465799288773,0.7269419636298371,0.7669048773269664,0.06813899928486511,0.8190864380123869,0.7528228081285377,0.7411843362202414,0.7488087903802629,0.7789096021114462,0.6965127139143495,0.7872434359852511,0.7260067049370797,0.7572416613159709,0.7827996704239848,0.7317444254999177,0.7300141608603465,0.7361753552125008,0.7552632024817909,0.7561740553350924,0.7317220673393233,0.7465237146393688
0.7733704136663575,0.8120429861017455,0.7510806302178633,0.7717420462400747,0.7794032535255555,0.7879431797144306,0.7877900927007822,0.7661309988256777,0.7700639729582371,0.7575459562105712,0.8152194915294646,0.7658822146737673,0.8473561277271753,0.7648549024887348,0.7583792260405989,0.7854315768073454,0.6727717214166389,0.8397855099117686,0.83500153953975,0.7949382340453417,0.8334633118600684,0.8371446123952202,1.0,0.7190086578010123,0.6782050942505231,0.6144794547837911,0.8448886973764407,0.759932884567711,0.7757612837807675,0.7608520585516194,0.756819759250948,0.8095761564221314,0.06682247174019151,0.8558742217681885,0.7950737461275891,0.765707977884184,0.7819717586355923,0.8214139965250018,0.7235319826033428,0.8273995074093512,0.75928979867705,0.8015724411548374,0.8312346609632397,0.765112652718305,0.7639924778938656,0.7624664781910114,0.7980483816550311,0.800859618707914,0.7711544853311164,0.7695761339778002
0.7186504667258578,0.74228136255601,0.6803724430016405,0.695868647810479,0.7355882693700695,0.7468175602862333,0.6984208158912678,0.7026027939932743,0.7090385298656595,0.6841302520227813,0.7309850125038004,0.7079568818570143,0.7233801614384088,0.6833959043330221,0.6868771986374045,0.7116492544351272,0.7901028509213388,0.7176035823328115,0.716717658897319,0.7031965404566087,0.7139049178416681,0.7028764899046802,0.7190086578010123,1.0,0.7989795350374954,0.750625962206889,0.7179034727526734,0.6777383375131958,0.7041923917751161,0.6973188006453259,0.6750830438685665,0.7519121208891821,0.06395412434615766,0.7268774152179257,0.7566010021979056,0.6858096213956859,0.6986100634355303,0.7260388968156029,0.6603946702871303,0.7263683027953751,0.6830209366341686,0.7265253785271083,0.7195879589080878,0.7067966057629097,0.7037153320305276,0.6916681424916894,0.7326397123574712,0.7314439397747976,0.6833816615805179,0.7048694608884734
0.6806204981291631,0.7041235206943706,0.643157827788764,0.6661921119211784,0.6977266765996897,0.7228299555665316,0.6630353458629821,0.6673639306402882,0.6666847878600693,0.6446075647111513,0.677677787229898,0.6733168696171706,0.6712573693113197,0.6503650202858005,0.6569347606939488,0.6715058335191434,0.8062806195884779,0.6749463079843832,0.6754984918082605,0.6675412813069196,0.6719292522584099,0.6674972222247675,0.6782050942505231,0.7989795350374954,1.0,0.7937881030466469,0.6715979214298882,0.6396184482027822,0.6650753748499448,0.6535037587921009,0.6397981412135444,0.7384959532600204,0.05793745242528192,0.6783386949460317,0.7183189024928494,0.646180055382751,0.6642961848214115,0.688457780006533,0.6267240430541372,0.6820603483038132,0.6458101637232507,0.6819948508109425,0.6757646520240794,0.6792249690758345,0.6727514395860283,0.663840566818428,0.6973549767308413,0.695098611498113,0.6507579808723132,0.669435255334554
0.6242247099643666,0.6245438666991314,0.5801783753767888,0.5964874050222109,0.63845129763528,0.6382157175198235,0.6014999025011014,0.6054972674152086,0.6051644489137444,0.5831401748547191,0.6182448720591568,0.6125285511838879,0.6144028585348758,0.5904329675288538,0.5941144665371941,0.6124600875493456,0.8052675537353986,0.6110182435202428,0.6107687267642512,0.6055688735686953,0.6110982398864317,0.6053360269425003,0.6144794547837911,0.750625962206889,0.7937881030466469,1.0,0.6094919408689327,0.5792809758402572,0.5985478889489342,0.598611335348875,0.5804627508479433,0.665303770096567,0.053768099660706836,0.6225117694576947,0.642710901509295,0.5835943373400865,0.6029783318353341,0.6224347982608028,0.5741223307731145,0.6250808205795515,0.5822914067493172,0.616600365629451,0.614050265418013,0.617701641826538,0.6123060503850042,0.5966350558476899,0.6343128700716809,0.6303107644773073,0.5914852344152401,0.6032627945592596
0.7693635182343412,0.8067746124937014,0.7533325453958738,0.7580474386137697,0.7730600250246142,0.7730768152827445,0.7745060769387031,0.7563422516761653,0.7680413877799533,0.7584297849947778,0.8167194765617853,0.7551180742688555,0.8393311532100931,0.7576439444552693,0.7508431999296276,0.7735328396937567,0.6651255289712081,0.8327052689068162,0.8205159340570374,0.7842811713688058,0.8211552655852822,0.7840613355315581,0.8448886973764407,0.7179034727526734,0.6715979214298882,0.6094919408689327,1.0,0.7498080452670313,0.7732340974189538,0.7649672525521657,0.7500116049259545,0.802455353152588,0.06740125193860602,0.819755310651816,0.7920415626816124,0.7622392362221857,0.7688971839346157,0.837491369882419,0.7160239067352177,0.8343557879578343,0.7540277406013105,0.802398440845903,0.8471641405676777,0.7547839017895809,0.7511129146632208,0.7623375886884085,0.7959050711280629,0.7975810891322477,0.7682772162292478,0.7682820758812133
0.7555757403839684,0.7588003814944487,0.7364761266401768,0.8354425499225082,0.7239549609692721,0.7367706412054764,0.7372996043442108,0.8849318310176993,0.7538456071869393,0.8239259215869321,0.7478144894131886,0.8209471530409159,0.7547060954196025,0.8360059472301664,0.8176016506552768,0.7383726040039127,0.6293614752712404,0.7453240804195341,0.7463568012412332,0.7449905528580687,0.7511588678637731,0.729318856352261,0.759932884567711,0.6777383375131958,0.6396184482027822,0.5792809758402572,0.7498080452670313,1.0,0.7706955981221755,0.7552851427566438,0.8153359573697402,0.7433733892440775,0.06557446466673966,0.7518647762105058,0.7418631807981666,0.8006357961362081,0.7292733272240051,0.7499708182606069,0.7532484500323375,0.7453138543722926,0.8234175763523587,0.7583464211160076,0.7493891434028896,0.9116166397142271,0.8953102294307964,0.7538690850236437,0.7419278641464189,0.7431181251499311,0.8210329070054211,0.7563327203537056
0.7804419673863139,0.7834769707619179,0.7655286974350246,0.770880739524956,0.7432343379855938,0.7586044434867786,0.761625120546208,0.7671387281299122,0.7773807039093188,0.7751588389422993,0.7721683168357321,0.7775432760165765,0.7698549108259674,0.7762592914765228,0.7672096815786433,0.7585928448658265,0.6613852054998945,0.7745836315706307,0.7670605847210153,0.7685153922066185,0.7675220371457021,0.7405748852725198,0.7757612837807675,0.7041923917751161,0.6650753748499448,0.5985478889489342,0.7732340974189538,0.7706955981221755,1.0,0.7779871821920011,0.7665855812856719,0.7619261618465242,0.06416182145885663,0.7673222735730149,0.769096616615205,0.7799968564491923,0.7507812780408383,0.7603442079466513,0.7243784545074343,0.7694325272377041,0.7682899668400334,0.7768720809581715,0.7673729688674572,0.7704825840402583,0.7695740271705153,0.79285072861618,0.7680228487042259,0.7688007737307992,0.7710451312994566,0.8510985500380742
0.7950607516614071,0.7745857442263236,0.7594418623791479,0.7560445186567347,0.7410275113829331,0.7402741208910437,0.7609551210824917,0.7561002615942326,0.7970173778781875,0.7631927448295669,0.770017373096568,0.7636321106209312,0.7745165190989668,0.7586883933505517,0.7579185814540254,0.7638072963285828,0.6488128205903457,0.7689242841202678,0.7640101951238265,0.7699637262821817,0.7715842898910799,0.7280465799288773,0.7608520585516194,0.6973188006453259,0.6535037587921009,0.598611335348875,0.7649672525521657,0.7552851427566438,0.7779871821920011,1.0,0.7572603627073855,0.7453171602658526,0.0601844465279906,0.7519864906833316,0.7585667775955647,0.7596504538095923,0.7504103010889415,0.7585849810273136,0.7029194310809145,0.7756679365093135,0.7618165500993545,0.7648281116867301,0.7675341345800978,0.7602832586467012,0.7587284702059112,0.7715960397553289,0.7705950491686582,0.772200596563051,0.7605284701521412,0.7741590317726514
0.7530454510033292,0.7584882095538124,0.7302797702269753,0.8296953238727658,0.7374423851611245,0.7369577717351948,0.739135673677705,0.8127960322585036,0.7559273189691968,0.8331884971443085,0.7503715357638548,0.8032396831492794,0.7582317403579302,0.8302264231127072,0.8216745248378844,0.7450895891374385,0.6293286524900761,0.7461472062035089,0.7430553002129476,0.7462011716459714,0.7451354955252261,0.7269419636298371,0.756819759250948,0.6750830438685665,0.6397981412135444,0.5804627508479433,0.7500116049259545,0.8153359573697402,0.7665855812856719,0.7572603627073855,1.0,0.7390520364355051,0.06368400772170935,0.7490680104816547,0.7426281436824099,0.7926704676715789,0.7335355802686536,0.7467086593731008,0.7380747669305203,0.7474313844048024,0.8647757780012988,0.7550032539450495,0.7495017722413175,0.8151515532436583,0.8069973520411509,0.7574706098940781,0.7411764619004706,0.7426752106682574,0.8094747278837645,0.7577719884267087
0.7630115176062338,0.789414006346618,0.7258602481060101,0.7629918569935091,0.7843449916484632,0.7850369883039755,0.7575527171647363,0.7598054877944508,0.7574268969795223,0.745932321910882,0.787173658318804,0.757002909372549,0.8019287154490613,0.747487599429247,0.7512590947516895,0.7586026648115028,0.7247855066260956,0.7943899483907296,0.7901779709606764,0.7648659893269101,0.7889687118562367,0.7669048773269664,0.8095761564221314,0.7519121208891821,0.7384959532600204,0.665303770096567,0.802455353152588,0.7433733892440775,0.7619261618465242,0.7453171602658526,0.7390520364355051,1.0,0.07041992996960844,0.7980872923602295,0.782089099459861,0.7449163161453073,0.7594909509234626,0.800455243344379,0.7102660690789349,0.8011960084708762,0.7417774534738386,0.7894700877650606,0.8023022752349311,0.7592870546959845,0.7597870258218378,0.7454311959588311,0.7886757216449484,0.789745463321836,0.744652915384149,0.758409191015098
0.06374420897095845,0.0714753640726582,0.06407473499990557,0.06744326464946016,0.06312660138929627,0.0662087355905977,0.06938054791253678,0.06840080016814931,0.059914960500298764,0.06617290248844676,0.06939731078068356,0.06372055407620758,0.0679220999555118,0.06464776010449602,0.0652110727887153,0.0688056826006812,0.059900790451192676,0.07093607173515692,0.07629560227809662,0.0694463740602631,0.06590969506235167,0.06813899928486511,0.06682247174019151,0.06395412434615766,0.05793745242528192,0.053768099660706836,0.06740125193860602,0.06557446466673966,0.06416182145885663,0.0601844465279906,0.06368400772170935,0.07041992996960844,1.0,0.06499272111002374,0.06642205643352805,0.05745889069388377,0.07057151358137848,0.06946005247715503,0.06112719172594128,0.06489804836000013,0.06245834463213529,0.06204490606305979,0.06794215583900898,0.06640524682533278,0.06682464473047567,0.062095603261609456,0.06349386755274222,0.06353067699254,0.060392061188910606,0.06036356068561055
0.7698627098221354,0.7940361897047502,0.7434882481030884,0.750292782259703,0.7787198623249771,0.7801335650278801,0.7670217885416817,0.755603169670366,0.7603656951283597,0.7512909826731503,0.8014209924982477,0.7540429887303572,0.8271704473498883,0.7535349865442695,0.7456317349960804,0.7699913654596688,0.6801537040158221,0.8162959329343429,0.8105842642584818,0.7754585090047165,0.8080005605699276,0.8190864380123869,0.8558742217681885,0.7268774152179257,0.6783386949460317,0.6225117694576947,0.819755310651816,0.7518647762105058,0.7673222735730149,0.7519864906833316,0.7490680104816547,0.7980872923602295,0.06499272111002374,1.0,0.7823845054809162,0.7646482324850371,0.7601039523026055,0.8060134870707708,0.7268507153795966,0.8104945063266976,0.7504250610997232,0.7936224307823018,0.8216637991978273,0.7535726132365105,0.7582540320101702,0.7489362258703094,0.7900674762633706,0.7914123626164904,0.7567064080468737,0.7574324409784945
0.7620736967249954,0.8363468688211041,0.7331409644237815,0.7503121028445597,0.7731675471449827,0.8085893607968557,0.764602871178844,0.7495699163798583,0.7674506294864892,0.7541842365845632,0.8030238567370128,0.755483586541809,0.7996231073439504,0.7472619426191494,0.7470811563669134,0.7680264756702179,0.6900720713204809,0.7919186574696997,0.7925223733787697,0.7721896981157735,0.7836803630999893,0.7528228081285377,0.7950737461275891,0.7566010021979056,0.7183189024928494,0.642710901509295,0.7920415626816124,0.7418631807981666,0.769096616615205,0.7585667775955647,0.7426281436824099,0.782089099459861,0.06642205643352805,0.7823845054809162,1.0,0.7458277010638845,0.7569939468006546,0.7906085754114149,0.7081572299901613,0.7972506280171664,0.7485699243452318,0.8035403104380473,0.7924926535860614,0.7531879594238248,0.7543184946981966,0.7483009594569374,0.8057456309700406,0.8063658569003013,0.7558821080073183,0.7602931759905339
0.760173060531369,0.7648036168433675,0.7425562375639372,0.7994199794970848,0.7292345414771886,0.744614396555126,0.7465230953696242,0.7963561130705696,0.7562903765704972,0.8077289078229545,0.7578763041365887,0.7989328398067527,0.7539619667339883,0.8002326572488283,0.7888610134003028,0.7479584469539045,0.6378355853598056,0.7665850653251357,0.7573430601027519,0.7553515280168359,0.764378367821097,0.7411843362202414,0.765707977884184,0.6858096213956859,0.646180055382751,0.5835943373400865,0.7622392362221857,0.8006357961362081,0.7799968564491923,0.7596504538095923,0.7926704676715789,0.7449163161453073,0.05745889069388377,0.7646482324850371,0.7458277010638845,1.0,0.7389134006949529,0.7516151121397703,0.7608098928829325,0.7584513695935599,0.8026275270269138,0.7618749515313743,0.7563732382495435,0.8012974721966967,0.803877487494497,0.7651167730694549,0.7485739827973116,0.7499782451500091,0.8040003616888047,0.7722488627858968
0.7572848035323314,0.7641446525949335,0.7338474804278949,0.7439957172296441,0.7409295134289335,0.7550219914790522,0.9137054167679799,0.7379439637127574,0.7575647486252298,0.7400554048676768,0.7615701139851316,0.7405757641520829,0.7737330739733688,0.7370773820780396,0.7313871629562116,0.8922428686621631,0.6497177751812242,0.7886060764157078,0.7746953911377152,0.9075686347154455,0.7699953145017606,0.7488087903802629,0.7819717586355923,0.6986100634355303,0.6642961848214115,0.6029783318353341,0.7688971839346157,0.7292733272240051,0.7507812780408383,0.7504103010889415,0.7335355802686536,0.7594909509234626,0.07057151358137848,0.7601039523026055,0.7569939468006546,0.7389134006949529,1.0,0.7565887382337947,0.7006541571138304,0.7613979956739769,0.7317741496642134,0.7578666450269087,0.772952628676497,0.7369340420231243,0.7358563217459637,0.7426178916830086,0.756778559434042,0.757585367557186,0.7341828106660409,0.7582542150601598
0.7732719225649366,0.8066101205486291,0.7475406044782791,0.7539040301868665,0.786717126332317,0.7872876779599876,0.7617156926390694,0.7593536920777912,0.7634134165143684,0.7545996120594038,0.8084791769720732,0.7538017167516748,0.8172606955856732,0.7494916691135398,0.7518050442355563,0.7660529645003598,0.6721833444828091,0.8110143197542371,0.8030958701260099,0.7704885095890877,0.8038331053360266,0.7789096021114462,0.8214139965250018,0.7260388968156029,0.688457780006533,0.6224347982608028,0.837491369882419,0.7499708182606069,0.7603442079466513,0.7585849810273136,0.7467086593731008,0.800455243344379,0.06946005247715503,0.8060134870707708,0.7906085754114149,0.7516151121397703,0.7565887382337947,1.0,0.7163734340347097,0.820835985444355,0.7523806391968184,0.7941107615513013,0.8435460633969899,0.7593875465801316,0.7554376702155617,0.7570576060443182,0.7971445591533264,0.7988081340162612,0.7614438711683966,0.7598921005670717
0.726433210652284,0.7175378140087523,0.6969651431058135,0.7488275720674304,0.7208063941556209,0.7071333621974265,0.7058284087993505,0.7535479073437226,0.713359955931341,0.7532661446995846,0.7162026878490984,0.7462809524620433,0.7160051572784794,0.7483405621801689,0.7437804578946053,0.703761809773852,0.620184704551302,0.7235031291894757,0.71127604078316,0.7129277284224024,0.7199113186213535,0.6965127139143495,0.7235319826033428,0.6603946702871303,0.6267240430541372,0.5741223307731145,0.7160239067352177,0.7532484500323375,0.7243784545074343,0.7029194310809145,0.7380747669305203,0.7102660690789349,0.06112719172594128,0.7268507153795966,0.7081572299901613,0.7608098928829325,0.7006541571138304,0.7163734340347097,1.0,0.7131159068844102,0.7434217122505162,0.7222725840173965,0.7164662262912493,0.7526359042600186,0.7578293862892269,0.7112518661047708,0.7132287504694044,0.7144064461389383,0.7496518577134634,0.715521551622037
