../ecoli_genomes/GCF_000163235.1_ASM16323v1_genomic.fna.gz,../ecoli_genomes/GCF_000164555.1_ASM16455v1_genomic.fna.gz,../ecoli_genomes/GCF_000208545.1_ASM20854v2_genomic.fna.gz,../ecoli_genomes/GCF_000233875.1_ASM23387v1_genomic.fna.gz,../ecoli_genomes/GCF_000249735.1_ASM24973v2_genomic.fna.gz,../ecoli_genomes/GCF_000261145.1_Esch_coli_M919_V2_genomic.fna.gz,../ecoli_genomes/GCF_000267705.2_ASM26770v2_genomic.fna.gz,../ecoli_genomes/GCF_000350665.1_Esch_coli_KTE5_V1_genomic.fna.gz,../ecoli_genomes/GCF_000351625.1_Esch_coli_KTE66_V1_genomic.fna.gz,../ecoli_genomes/GCF_000352285.1_Esch_coli_KTE46_V1_genomic.fna.gz,../ecoli_genomes/GCF_000358895.1_ASM35889v1_genomic.fna.gz,../ecoli_genomes/GCF_000456385.1_Esch_coli_HVH_26_4-5703913_V1_genomic.fna.gz,../ecoli_genomes/GCF_000458195.1_Esch_coli_HVH_147_4-5893887_V1_genomic.fna.gz,../ecoli_genomes/GCF_000459755.1_Esch_coli_KOEGE_58_171a_V1_genomic.fna.gz,../ecoli_genomes/GCF_000460055.1_Esch_coli_UMEA_3053-1_V1_genomic.fna.gz,../ecoli_genomes/GCF_000462165.2_ASM46216v2_genomic.fna.gz,../ecoli_genomes/GCF_000601135.1_ASM60113v1_genomic.fna.gz,../ecoli_genomes/GCF_000614595.1_Ec2010EL1058_genomic.fna.gz,../ecoli_genomes/GCF_000617745.1_Ec2010C-4529_genomic.fna.gz,../ecoli_genomes/GCF_000618265.2_EcF6751_genomic.fna.gz,../ecoli_genomes/GCF_000619005.2_Ec2009C-4052_genomic.fna.gz,../ecoli_genomes/GCF_000619105.1_Ec2009C-4780_genomic.fna.gz,../ecoli_genomes/GCF_000619765.2_Ec2009C-3279_genomic.fna.gz,../ecoli_genomes/GCF_000687005.1_ASM68700v1_genomic.fna.gz,../ecoli_genomes/GCF_000687025.1_ASM68702v1_genomic.fna.gz,../ecoli_genomes/GCF_000700125.1_ASM70012v1_genomic.fna.gz,../ecoli_genomes/GCF_000753315.1_FHI35_genomic.fna.gz,../ecoli_genomes/GCF_000776375.1_ASM77637v1_genomic.fna.gz,../ecoli_genomes/GCF_000779395.1_ASM77939v1_genomic.fna.gz,../ecoli_genomes/GCF_000780315.1_ASM78031v1_genomic.fna.gz,../ecoli_genomes/GCF_000781995.1_ASM78199v1_genomic.fna.gz,../ecoli_genomes/GCF_000986765.1_ASM98676v1_genomic.fna.gz,../ecoli_genomes/GCF_001041375.1_ViralProj287958_genomic.fna.gz,../ecoli_genomes/GCF_001265335.1_302014_genomic.fna.gz,../ecoli_genomes/GCF_001265625.1_100854_genomic.fna.gz,../ecoli_genomes/GCF_001267345.1_303289_genomic.fna.gz,../ecoli_genomes/GCF_001309985.1_ASM130998v1_genomic.fna.gz,../ecoli_genomes/GCF_001521695.1_ASM152169v1_genomic.fna.gz,../ecoli_genomes/GCF_001592595.1_ASM159259v1_genomic.fna.gz,../ecoli_genomes/GCF_001614975.1_ASM161497v1_genomic.fna.gz,../ecoli_genomes/GCF_001692775.1_ASM169277v1_genomic.fna.gz,../ecoli_genomes/GCF_001748915.1_ASM174891v1_genomic.fna.gz,../ecoli_genomes/GCF_001749235.1_ASM174923v1_genomic.fna.gz,../ecoli_genomes/GCF_001881155.1_ASM188115v1_genomic.fna.gz,../ecoli_genomes/GCF_001881345.1_ASM188134v1_genomic.fna.gz,../ecoli_genomes/GCF_001892405.1_ASM189240v1_genomic.fna.gz,../ecoli_genomes/GCF_001892585.1_ASM189258v1_genomic.fna.gz,../ecoli_genomes/GCF_001893985.1_ASM189398v1_genomic.fna.gz,../ecoli_genomes/GCF_002001595.1_ASM200159v1_genomic.fna.gz,../ecoli_genomes/GCF_002002145.1_ASM200214v1_genomic.fna.gz
1.0,0.33568352362237586,0.26100708405872974,0.2914553674182975,0.29386780886828434,0.32026903536211326,0.30444574120612766,0.29295698371480394,0.3920170111316559,0.3021736370242507,0.3289121951262981,0.2985937008869065,0.31888536158628344,0.2907753236525771,0.2765693599416359,0.30511289381934215,0.3026106722650611,0.31354854816320665,0.2870274184112387,0.30479361757804724,0.2997689186108483,0.3035742758465648,0.31731177869611493,0.31594015640509043,0.2981891724726279,0.30735692239163814,0.31636391871534186,0.2901776914422841,0.3414288577644192,0.3829551732333417,0.2697917253811243,0.30347449454341535,0.0,0.3109732589320955,0.30876086643958933,0.27814813177511166,0.28985713662778856,0.3208074434024759,0.2585938916619456,0.31551440382418827,0.2748951295379942,0.3166060897272317,0.31615822095330215,0.2918291499222798,0.29891357187230694,0.31281014093475135,0.3125715416298339,0.3128982570858957,0.2821769226253682,0.3479134154670167
0.33568352362237586,1.0,0.23345553238218597,0.282568497870359,0.38690540334391854,0.5730177282554152,0.34952818290765797,0.2858650676415424,0.3000136653275567,0.2906364329225416,0.4327224192557061,0.2959261157409432,0.4224687400334668,0.2764895724392955,0.2699690216178322,0.3515646369481794,0.47855466435541183,0.41965606416541346,0.3768202260890655,0.3509645663845664,0.40182960443686144,0.40514960134124467,0.41747301577231866,0.5578320825247962,0.5372246965057583,0.48724003886737643,0.4195009207846113,0.28242060211199327,0.3088204209381401,0.30501489192410836,0.26551895502422773,0.4036915289020597,0.0,0.4095705772179401,0.5702040429605169,0.26541173416458375,0.3322998856745296,0.4288040135997435,0.24538306305628876,0.4244106784928323,0.26783342020944756,0.4807995391752372,0.42493597164316765,0.2962193245293594,0.29599768149757544,0.28541294539769824,0.4907122568805309,0.49127323068048023,0.28456829758067126,0.309200566642604
0.26100708405872974,0.23345553238218597,1.0,0.2062802974607446,0.2033786172813442,0.22527002884454062,0.21826114360511706,0.21235408074398243,0.244030944600933,0.21735755793029277,0.23462803687349187,0.21109870838242561,0.22726046315856363,0.2092974856395552,0.2055465580272926,0.21973464693994027,0.214993559672488,0.22093023596327777,0.20166970451331845,0.2195255080047338,0.21873656843618772,0.2194178626430463,0.2256269097691591,0.21860198188539148,0.2094431088805554,0.21164936636195808,0.2270500870403832,0.2119498346513975,0.24703671243237912,0.24958527762842098,0.20033153925967084,0.21975523697267507,0.0,0.22647027820757004,0.21716957798894965,0.21381528902969094,0.2062481471727584,0.22253266697099072,0.18774878226535885,0.23183324147788065,0.2058753018853141,0.22716803921846862,0.23166765180674964,0.2180924967979354,0.21422808902253243,0.23287952660800548,0.22983965850204524,0.2293392184557821,0.21955750674929486,0.2509116927919123
0.2914553674182975,0.282568497870359,0.2062802974607446,1.0,0.2789919480565335,0.28338280721869546,0.257969852875248,0.4965528851481833,0.2865504957603572,0.5258166991143307,0.27236181240623525,0.5083704151090123,0.28200707042320494,0.5398572108148274,0.550334416615958,0.26866319785764603,0.2793612974808556,0.26837706627962876,0.24713826640993286,0.25832069336314956,0.2553131207199596,0.25666138262162486,0.2725537476647295,0.28144445073105206,0.27783749613391917,0.2781658750081809,0.27008079663745077,0.5140514450123628,0.30449126314999253,0.2785723752953384,0.5136210397283729,0.2850069651327095,0.0,0.265167840203706,0.265508418238081,0.4144057369627795,0.2505535481186649,0.2617787931703136,0.40401849379925614,0.26474460369442676,0.5259437851148783,0.2738049509052528,0.27027580412117425,0.5202705239170015,0.5110607787409573,0.2905409114617904,0.26991517797001907,0.27020577352995856,0.45678209580244844,0.31275186223145734
0.29386780886828434,0.38690540334391854,0.2033786172813442,0.2789919480565335,1.0,0.40457358171025126,0.31082637637999533,0.2730022933371865,0.3071414039781878,0.28090268864530676,0.5021677080136626,0.26470946114889826,0.47880251371611415,0.265670795246545,0.2816631600235504,0.3500138355331702,0.3988945013637215,0.400342225814583,0.3641765101394271,0.3133158758434823,0.4058155438714488,0.4017955361715114,0.41438434881243713,0.41042835051666715,0.41260297684933,0.42206379839520725,0.42345097104015217,0.2430111686128016,0.27596802441064017,0.2989335464550139,0.26339621260894996,0.4577112887547298,0.0,0.4157470359610552,0.3824678009661946,0.24049078599475437,0.3130172626455511,0.419780973728329,0.27411141667742545,0.43321056602850316,0.2758246361900778,0.3984646964156636,0.43740603660945343,0.2548455037511461,0.26091224555692216,0.260276870800918,0.4038279770648121,0.4041518601596429,0.2504190912471663,0.2769508326671549
0.32026903536211326,0.5730177282554152,0.22527002884454062,0.28338280721869546,0.40457358171025126,1.0,0.36382073291249617,0.2915031234355804,0.30235907492598024,0.28176305089145925,0.43350035641482143,0.2822344280399359,0.4303982136184713,0.2784977371678574,0.2748090252094173,0.3675438915915459,0.4758965765126667,0.43313096237681825,0.3888592651984435,0.36346561841969216,0.40422822347365495,0.40852320670125,0.4258848157774562,0.5515120649667655,0.5399207615649015,0.4749290633832104,0.4169402975143993,0.2712338350588891,0.309243000872629,0.3014678238349052,0.2640896860437426,0.41282503731127274,0.0,0.4278235786164797,0.5682441792518544,0.2753764514342548,0.3507424880180996,0.4149662586615922,0.2631138365736698,0.4241855755774031,0.2747417416484307,0.491640982758175,0.4287157875634239,0.28092525332794205,0.27910019290398314,0.2815071428903707,0.48867550217560785,0.4891980254007531,0.27318012111690915,0.3131119862502386
0.30444574120612766,0.34952818290765797,0.21826114360511706,0.257969852875248,0.31082637637999533,0.36382073291249617,1.0,0.2593815741523047,0.29351224870071446,0.2627488941278039,0.35603847928695365,0.2613660129013303,0.3505116369733349,0.2611681907144987,0.2523378102759586,0.7608850132064536,0.3415899005978674,0.38054217708932736,0.34645857738395636,0.8790209998001198,0.3821067523660743,0.36758611500873184,0.38928506108171124,0.34687918294459674,0.332918180629044,0.3406766652768468,0.35785515914603183,0.2536976995126714,0.2837696612562499,0.29422539797602876,0.24522888317369373,0.3510551634661233,0.0,0.3596278833742853,0.3588552127302632,0.2670344647951681,0.8006881352497728,0.33406940854390177,0.24238069333094459,0.3532022895992044,0.2447570313393007,0.34992491029548733,0.35464653207319485,0.26006820694595445,0.25770343072250546,0.2705676580047016,0.3441844990013474,0.3444235302028039,0.2523670020253457,0.292301468977909
0.29295698371480394,0.2858650676415424,0.21235408074398243,0.4965528851481833,0.2730022933371865,0.2915031234355804,0.2593815741523047,1.0,0.28113548992263604,0.5083407706066472,0.27027689050171566,0.4835288014482977,0.2831218529537285,0.48487169526620755,0.4754480660550052,0.2705532831422698,0.27444180065762336,0.27117276887259967,0.25084254635346526,0.25965586307704835,0.2607347392519749,0.2584278419475482,0.270978218449037,0.2913233875881409,0.2689848899426075,0.28107268608354474,0.2718224486370606,0.689017333435242,0.31064429434441476,0.27857051796360155,0.4749925452022623,0.2754639811048848,0.0,0.2706304629327716,0.2720099640356183,0.40326515225134074,0.2500589428431058,0.2831221942469342,0.3936978757533477,0.2736783792769344,0.4845619135480196,0.2771272535074273,0.2734214743093507,0.6903198622200157,0.6596244338676454,0.2936808274747913,0.2716826576714838,0.27182023012634016,0.44102980831351457,0.3096416135239135
0.3920170111316559,0.3000136653275567,0.244030944600933,0.2865504957603572,0.3071414039781878,0.30235907492598024,0.29351224870071446,0.28113548992263604,1.0,0.29511208448470483,0.30768127209763807,0.2691134743194181,0.31837481025645953,0.27805495829243654,0.2781293882423518,0.3116325924939677,0.2906936177377488,0.29645983164479184,0.2656512204946996,0.2947066562333662,0.28726178995141427,0.2894456050335289,0.30030230524622814,0.3068189672752134,0.29335196096844396,0.3031974193991712,0.3066695162688574,0.2669283974959735,0.3282631875758436,0.4131245596972334,0.2727545313555384,0.30550236443045,0.0,0.29703221997986906,0.2885655205982959,0.2728743063304775,0.2892810436284219,0.2928998316752387,0.24415332230858178,0.3071100378086645,0.27439725352357636,0.2994231483616451,0.3115002507440926,0.27186960080517064,0.2678356258308814,0.3079026910289774,0.2918238458561744,0.29206176444390364,0.2693825886526565,0.33872116346134573
0.3021736370242507,0.2906364329225416,0.21735755793029277,0.5258166991143307,0.28090268864530676,0.28176305089145925,0.2627488941278039,0.5083407706066472,0.29511208448470483,1.0,0.2825694207815095,0.493026002794409,0.2897558370363845,0.5158744107366728,0.5072874299181855,0.2762185403887367,0.27159075224244544,0.2722241146907596,0.24827601538157618,0.2636070325103056,0.2599547910874651,0.26009621408370254,0.26694726163179383,0.27876507861362143,0.26788434144442563,0.2825955114827826,0.27526288447133296,0.5075767820961227,0.31282638934740903,0.28798255724149946,0.5265065330059144,0.2716010982807051,0.0,0.26569726674658134,0.2678997752818211,0.4277216160711317,0.25484853981199984,0.2701053490279961,0.42459368663705754,0.27574530609000425,0.5230434924005467,0.278494048744666,0.2728428830992078,0.5150743375543134,0.5137919070443883,0.2950634806685649,0.2749996194468852,0.2743661392789273,0.4769855260028326,0.31096684694953747
0.3289121951262981,0.4327224192557061,0.23462803687349187,0.27236181240623525,0.5021677080136626,0.43350035641482143,0.35603847928695365,0.27027689050171566,0.30768127209763807,0.2825694207815095,1.0,0.2797247724885874,0.5301102018370141,0.27661048934353094,0.2700056111130671,0.3566790670907618,0.408531453367605,0.4818472311476458,0.43795570412512563,0.3571649082050844,0.4829318463551956,0.4915419723322332,0.4930856498449394,0.43152755473041904,0.39584786027830754,0.424072202123981,0.5037902422706666,0.26873681729772714,0.3028662570412173,0.31038122930125667,0.2599739578053113,0.46252613738649084,0.0,0.48482304211655824,0.43192353141114037,0.27752202418521077,0.3389550389389191,0.4817136964804205,0.26070488481579157,0.5171251470113808,0.26538614570774866,0.4499397629709866,0.5123785182923297,0.2752814339646594,0.27715148375916876,0.28291673810106377,0.44466091741816527,0.4442420830306547,0.2765210997811952,0.3127762639676642
0.2985937008869065,0.2959261157409432,0.21109870838242561,0.5083704151090123,0.26470946114889826,0.2822344280399359,0.2613660129013303,0.4835288014482977,0.2691134743194181,0.493026002794409,0.2797247724885874,1.0,0.27705402202899454,0.5013635044146523,0.6108353042079286,0.2663526763827553,0.27549503521262275,0.2637022248739791,0.25446666193552825,0.2621472888611981,0.26311673528527335,0.25926694697528907,0.2711208342629269,0.2829950672505016,0.2700770842683047,0.2800433285058369,0.27257372213991204,0.48816242386917263,0.31171417698380455,0.2756372873347108,0.45940115448858754,0.2710054035935392,0.0,0.2685911097682482,0.27585754020912623,0.40253852622012565,0.24912931104425728,0.2720573064871019,0.4112118309280052,0.27245764205296397,0.4731987766365475,0.27119351107658085,0.27621928437574905,0.49616104592167265,0.4916613066294311,0.2982420350770585,0.2764352055653949,0.2772233684986204,0.4444715919246588,0.3063890369279232
0.31888536158628344,0.4224687400334668,0.22726046315856363,0.28200707042320494,0.47880251371611415,0.4303982136184713,0.3505116369733349,0.2831218529537285,0.31837481025645953,0.2897558370363845,0.5301102018370141,0.27705402202899454,1.0,0.2714873989051818,0.27863199751215006,0.3720244284075521,0.40608175620499476,0.4913605449244983,0.48968885619328406,0.35308847954009503,0.5068931777659879,0.5570547740650147,0.5488184554557625,0.43358361530921186,0.3964987642090968,0.4177458271145176,0.542588835002267,0.26752300529680917,0.3032163504478915,0.32149407107898653,0.2702202865608112,0.5294394370026247,0.0,0.5383785466132329,0.42073618925939604,0.2666333034309064,0.3482270057536896,0.5012835907113663,0.24458114515892715,0.5466380377401312,0.2740304484430627,0.4343138794625676,0.5398402132382986,0.27212404706846016,0.26982332194634584,0.2779148548294085,0.4334437440267047,0.43271430252693244,0.2705962459763356,0.30858214566676756
0.2907753236525771,0.2764895724392955,0.2092974856395552,0.5398572108148274,0.265670795246545,0.2784977371678574,0.2611681907144987,0.48487169526620755,0.27805495829243654,0.5158744107366728,0.27661048934353094,0.5013635044146523,0.2714873989051818,1.0,0.5442559779184608,0.26394413046201926,0.26983967084930816,0.27009366300527193,0.24763632281692227,0.26205915738607244,0.2548699100521796,0.2579124674483434,0.26750764086972156,0.2647510643212866,0.25805757591646317,0.26678294264704017,0.2712697060043677,0.5155189859175285,0.30808438690611084,0.2731309146309311,0.5008312725627388,0.26850487627160546,0.0,0.2637101265232977,0.26586579377268893,0.4119778220037118,0.2488692795095867,0.2643403964631399,0.4038276942549456,0.26765732231888606,0.5110488464756512,0.268055403351823,0.271197196706748,0.5152629920606169,0.506766770359053,0.2960840033977975,0.2694015952643578,0.26956759065912295,0.4614195670093053,0.3126990438318804
0.2765693599416359,0.2699690216178322,0.2055465580272926,0.550334416615958,0.2816631600235504,0.2748090252094173,0.2523378102759586,0.4754480660550052,0.2781293882423518,0.5072874299181855,0.2700056111130671,0.6108353042079286,0.27863199751215006,0.5442559779184608,1.0,0.2657545414576533,0.27787831953647,0.2587524607920626,0.23617138022211182,0.25356658197685455,0.24748887276775755,0.24783157807795397,0.25946754457669263,0.27519927391155774,0.26499852500165455,0.2739143106819998,0.26230933869354145,0.4814227764357014,0.29804906494228955,0.27384725297199863,0.5005632455116911,0.27406532875993406,0.0,0.25757493921630126,0.26230159378521334,0.3998958854033797,0.24673889483290135,0.25753432174777535,0.40466324095402406,0.26078076514253157,0.5081759185084391,0.2663879893697647,0.26669805057690077,0.48499575149426866,0.4778423710325387,0.2892453244126051,0.2726776707894708,0.2728110459392764,0.4436329882512916,0.31154021326331416
0.30511289381934215,0.3515646369481794,0.21973464693994027,0.26866319785764603,0.3500138355331702,0.3675438915915459,0.7608850132064536,0.2705532831422698,0.3116325924939677,0.2762185403887367,0.3566790670907618,0.2663526763827553,0.3720244284075521,0.26394413046201926,0.2657545414576533,1.0,0.3512625485628673,0.3679069152576524,0.33797330904304923,0.7708171808084177,0.36441767669109904,0.36270840018976724,0.37744517051828785,0.3669175406715519,0.3514079258188888,0.369638338545653,0.35353568290898174,0.25590985087770923,0.284561510833209,0.30905444682520866,0.2570892991498316,0.3602215696240031,0.0,0.3544512902842878,0.35452073954459273,0.2646236899287163,0.7458348528017462,0.33711128974947635,0.2381088303138913,0.3527739928997826,0.2603064262908006,0.35124653227332614,0.3532034057696929,0.26082796081612925,0.26193523754246373,0.27334700316833194,0.34703850080781984,0.3468468906370069,0.2581398454304502,0.29299386770468894
0.3026106722650611,0.47855466435541183,0.214993559672488,0.2793612974808556,0.3988945013637215,0.4758965765126667,0.3415899005978674,0.27444180065762336,0.2906936177377488,0.27159075224244544,0.408531453367605,0.27549503521262275,0.40608175620499476,0.26983967084930816,0.27787831953647,0.3512625485628673,1.0,0.38892894039439563,0.35747133655533103,0.34045993534175323,0.38200829411939385,0.38597603491290744,0.40318508511498663,0.5008900925236093,0.4834443619037192,0.50761197215148,0.3959529619404618,0.25525225781364536,0.2833024218832497,0.2839824006622791,0.2561567840126868,0.42991360072367935,0.0,0.4031378875425383,0.47320507170266435,0.26099016327366464,0.3340087687667538,0.3840268726308236,0.2439615192253698,0.399217684589105,0.26225386822799723,0.4478667792202079,0.4012481040571827,0.2685634730332458,0.27165325513247374,0.2648628999382142,0.4649139789591866,0.4664322190632719,0.2555279859245687,0.2907153510706082
0.31354854816320665,0.41965606416541346,0.22093023596327777,0.26837706627962876,0.400342225814583,0.43313096237681825,0.38054217708932736,0.27117276887259967,0.29645983164479184,0.2722241146907596,0.4818472311476458,0.2637022248739791,0.4913605449244983,0.27009366300527193,0.2587524607920626,0.3679069152576524,0.38892894039439563,1.0,0.4934225436819636,0.38140348448511374,0.5106030523647633,0.5076504197919591,0.5249210316368627,0.41011144957502343,0.37693513894033615,0.3938241910531416,0.5010440081138015,0.262813883247484,0.296394109619626,0.29891435762717156,0.2573202520325095,0.45846939725359703,0.0,0.4789023327186752,0.42276411050930796,0.27697927600849126,0.3658529279194561,0.45596834575063494,0.24836204226240377,0.48884415118602265,0.2561115901249359,0.4283222189914987,0.48774794433147994,0.2676421121532788,0.26570354412709574,0.27098013904660334,0.42889881875510605,0.4289578554592307,0.2584039471107986,0.3013344317136749
0.2870274184112387,0.3768202260890655,0.20166970451331845,0.24713826640993286,0.3641765101394271,0.3888592651984435,0.34645857738395636,0.25084254635346526,0.2656512204946996,0.24827601538157618,0.43795570412512563,0.25446666193552825,0.48968885619328406,0.24763632281692227,0.23617138022211182,0.33797330904304923,0.35747133655533103,0.4934225436819636,1.0,0.34626678800424504,0.4779698019594367,0.5003308906253455,0.476129606147074,0.37147596108133873,0.3508504507611243,0.35825031503638105,0.4589166964533661,0.24331966651592118,0.2675420552099589,0.26915470423754406,0.23385914182117506,0.4490000900581228,0.0,0.4396988880976582,0.3876968058882444,0.25381329472088654,0.33258007314391913,0.4242296505970835,0.22769118336312266,0.45678406549431905,0.23618493560032017,0.39108119221472015,0.4500420583827197,0.24977561929324377,0.24967719287051882,0.25405222804251115,0.3842666293825894,0.38562120619181584,0.24543292284992302,0.2748894751181217
0.30479361757804724,0.3509645663845664,0.2195255080047338,0.25832069336314956,0.3133158758434823,0.36346561841969216,0.8790209998001198,0.25965586307704835,0.2947066562333662,0.2636070325103056,0.3571649082050844,0.2621472888611981,0.35308847954009503,0.26205915738607244,0.25356658197685455,0.7708171808084177,0.34045993534175323,0.38140348448511374,0.34626678800424504,1.0,0.3810115185928047,0.3675624630425781,0.38654219611890606,0.3478727339203854,0.33451286005869674,0.3424254191139793,0.3600600989012229,0.25399889572531154,0.28471791205377084,0.2959451936894253,0.24552164480557637,0.35209942861220145,0.0,0.3587655644544129,0.3580340544932027,0.26689591849346395,0.8027371278253372,0.3355477901671233,0.24007597952708115,0.355507735984561,0.24556619462970175,0.3503143649283843,0.3562450028695723,0.25936484312606123,0.2566617308303196,0.27223959007144105,0.34726078139337946,0.3472239293196202,0.2535391810072959,0.29319813731523003
0.2997689186108483,0.40182960443686144,0.21873656843618772,0.2553131207199596,0.4058155438714488,0.40422822347365495,0.3821067523660743,0.2607347392519749,0.28726178995141427,0.2599547910874651,0.4829318463551956,0.26311673528527335,0.5068931777659879,0.2548699100521796,0.24748887276775755,0.36441767669109904,0.38200829411939385,0.5106030523647633,0.4779698019594367,0.3810115185928047,1.0,0.5192779871065472,0.537080967830152,0.39307804855612904,0.3697653180795022,0.3890804499878564,0.5120101719110357,0.2557963818574376,0.2844659988080275,0.2916135877158246,0.2431354192224776,0.4743264205987583,0.0,0.5067298235483534,0.40406008634432844,0.2702889823233786,0.3619768290938228,0.4694614383321378,0.2404229527265791,0.5068587947823091,0.24873143636573714,0.4041675985175728,0.5018713904132972,0.26129446259666866,0.25994240963068305,0.2701172539815101,0.41558883630258114,0.4159577463479096,0.25660989143171864,0.2941201454221891
0.3035742758465648,0.40514960134124467,0.2194178626430463,0.25666138262162486,0.4017955361715114,0.40852320670125,0.36758611500873184,0.2584278419475482,0.2894456050335289,0.26009621408370254,0.4915419723322332,0.25926694697528907,0.5570547740650147,0.2579124674483434,0.24783157807795397,0.36270840018976724,0.38597603491290744,0.5076504197919591,0.5003308906253455,0.3675624630425781,0.5192779871065472,1.0,0.7163212081427269,0.3910124984707266,0.3686249349231927,0.3795674108844348,0.5196865818842387,0.25871087518596947,0.2849113629794051,0.29251279224792825,0.2459733165059803,0.48805823952280847,0.0,0.6343313086743672,0.4022540106740532,0.25992622980013846,0.3540585099454191,0.4818656494647331,0.2335875760947389,0.5192187646708999,0.24583270177972916,0.4060797860934967,0.5176610714844001,0.26301915586606617,0.25955021696606695,0.2712341244837947,0.4119116841056383,0.41197523572422545,0.2592815593261948,0.29510886606096787
0.31731177869611493,0.41747301577231866,0.2256269097691591,0.2725537476647295,0.41438434881243713,0.4258848157774562,0.38928506108171124,0.270978218449037,0.30030230524622814,0.26694726163179383,0.4930856498449394,0.2711208342629269,0.5488184554557625,0.26750764086972156,0.25946754457669263,0.37744517051828785,0.40318508511498663,0.5249210316368627,0.476129606147074,0.38654219611890606,0.537080967830152,0.7163212081427269,1.0,0.40294004566642005,0.38508755627744073,0.3897899947799922,0.5363247056627249,0.26727268231204027,0.29604166056646164,0.298696810551344,0.25484027391945074,0.4952985064983725,0.0,0.6450871332148326,0.4136553043297083,0.27002184720736744,0.3711076939505936,0.49144618928434336,0.2442343565661913,0.525468780626994,0.2564320979179797,0.4160759963978359,0.5227779014559388,0.27052742241953265,0.26695055780846366,0.27853318953306583,0.41901135246461063,0.4197054306188007,0.2652916236625129,0.3023499782368413
0.31594015640509043,0.5578320825247962,0.21860198188539148,0.28144445073105206,0.41042835051666715,0.5515120649667655,0.34687918294459674,0.2913233875881409,0.3068189672752134,0.27876507861362143,0.43152755473041904,0.2829950672505016,0.43358361530921186,0.2647510643212866,0.27519927391155774,0.3669175406715519,0.5008900925236093,0.41011144957502343,0.37147596108133873,0.3478727339203854,0.39307804855612904,0.3910124984707266,0.40294004566642005,1.0,0.5513682003810884,0.5097108051875172,0.40877232141361763,0.25872987520096824,0.2902602096795178,0.30314874831420147,0.2628288166673979,0.4180479709492625,0.0,0.40152184664964485,0.5660747323878503,0.2634111692831975,0.34090379355715816,0.3921396328502198,0.24321963134659297,0.407701281458132,0.2701180444637705,0.4756970323755765,0.40903119111837705,0.268670907225677,0.27244076852562815,0.26859696420909096,0.470054284328141,0.46868914996554545,0.2567632848425969,0.29443044273540575
0.2981891724726279,0.5372246965057583,0.2094431088805554,0.27783749613391917,0.41260297684933,0.5399207615649015,0.332918180629044,0.2689848899426075,0.29335196096844396,0.26788434144442563,0.39584786027830754,0.2700770842683047,0.3964987642090968,0.25805757591646317,0.26499852500165455,0.3514079258188888,0.4834443619037192,0.37693513894033615,0.3508504507611243,0.33451286005869674,0.3697653180795022,0.3686249349231927,0.38508755627744073,0.5513682003810884,1.0,0.5192624259191407,0.37711470494766564,0.24535555478389037,0.2751603942719988,0.28340061522155713,0.2528398910912383,0.4277335612446649,0.0,0.37433376648150096,0.5376613296525637,0.24882118478945048,0.3333973490965052,0.3764981538461438,0.236607389130016,0.37923998369835155,0.26011901108046165,0.43991222719748146,0.38907704331099013,0.26667739074527186,0.26255752667140964,0.26662733707355224,0.44233265070577477,0.44388058440520406,0.2570720179802193,0.28064150296162427
0.30735692239163814,0.48724003886737643,0.21164936636195808,0.2781658750081809,0.42206379839520725,0.4749290633832104,0.3406766652768468,0.28107268608354474,0.3031974193991712,0.2825955114827826,0.424072202123981,0.2800433285058369,0.4177458271145176,0.26678294264704017,0.2739143106819998,0.369638338545653,0.50761197215148,0.3938241910531416,0.35825031503638105,0.3424254191139793,0.3890804499878564,0.3795674108844348,0.3897899947799922,0.5097108051875172,0.5192624259191407,1.0,0.39249609736823243,0.25720510446039924,0.28296477267339637,0.29709070680284533,0.262557858382086,0.40941780538545636,0.0,0.38398379139865835,0.4855585191852587,0.2583883240105159,0.338089458937463,0.38969985418971287,0.24842554615577905,0.403510846257105,0.27013726967323937,0.4600026534405437,0.3950457560775853,0.276249660212453,0.27414124995943423,0.26804514066536433,0.4672453158655855,0.4664887752676491,0.26661210186068895,0.2914335271225915
0.31636391871534186,0.4195009207846113,0.2270500870403832,0.27008079663745077,0.42345097104015217,0.4169402975143993,0.35785515914603183,0.2718224486370606,0.3066695162688574,0.27526288447133296,0.5037902422706666,0.27257372213991204,0.542588835002267,0.2712697060043677,0.26230933869354145,0.35353568290898174,0.3959529619404618,0.5010440081138015,0.4589166964533661,0.3600600989012229,0.5120101719110357,0.5196865818842387,0.5363247056627249,0.40877232141361763,0.37711470494766564,0.39249609736823243,1.0,0.2662702274350929,0.30060602145295523,0.30656739458039917,0.2578526296851469,0.49464202073240815,0.0,0.5120775879212037,0.4148250049265574,0.26706700764326285,0.34403141285265293,0.5779093439397185,0.23637040783920127,0.5473717057616263,0.258233170334883,0.4258330151931874,0.6305571147321193,0.27366155160202577,0.26739183560207025,0.2814897523455103,0.42412608826978515,0.42438197816019185,0.26559560653666625,0.3056698889316827
0.2901776914422841,0.28242060211199327,0.2119498346513975,0.5140514450123628,0.2430111686128016,0.2712338350588891,0.2536976995126714,0.689017333435242,0.2669283974959735,0.5075767820961227,0.26873681729772714,0.48816242386917263,0.26752300529680917,0.5155189859175285,0.4814227764357014,0.25590985087770923,0.25525225781364536,0.262813883247484,0.24331966651592118,0.25399889572531154,0.2557963818574376,0.25871087518596947,0.26727268231204027,0.25872987520096824,0.24535555478389037,0.25720510446039924,0.2662702274350929,1.0,0.3094140525524415,0.27023400618303484,0.4744775201794973,0.2597947636684228,0.0,0.26124536513403673,0.25770203439438166,0.40843650310126334,0.2402038706876457,0.2751879294234496,0.3941646354632735,0.26524985356802155,0.48027658944471485,0.26256168331837737,0.2656903679738887,0.8028079160695711,0.7582210504847617,0.2906914388958395,0.2661521833045628,0.2658036528338257,0.4624376678951787,0.30322833215334466
0.3414288577644192,0.3088204209381401,0.24703671243237912,0.30449126314999253,0.27596802441064017,0.309243000872629,0.2837696612562499,0.31064429434441476,0.3282631875758436,0.31282638934740903,0.3028662570412173,0.31171417698380455,0.3032163504478915,0.30808438690611084,0.29804906494228955,0.284561510833209,0.2833024218832497,0.296394109619626,0.2675420552099589,0.28471791205377084,0.2844659988080275,0.2849113629794051,0.29604166056646164,0.2902602096795178,0.2751603942719988,0.28296477267339637,0.30060602145295523,0.3094140525524415,1.0,0.33043638951935417,0.2902061498448617,0.29146286058205906,0.0,0.2941758852828441,0.2915020681890308,0.2993265254577543,0.27261380881922426,0.29453353259711934,0.266953628451451,0.2981618086770712,0.28745174187511147,0.28999159803401076,0.2998167530698326,0.31077247975789446,0.30782343610548946,0.38648711032587324,0.29336854164511006,0.2924052810108717,0.30344769821303796,0.6215309238201019
0.3829551732333417,0.30501489192410836,0.24958527762842098,0.2785723752953384,0.2989335464550139,0.3014678238349052,0.29422539797602876,0.27857051796360155,0.4131245596972334,0.28798255724149946,0.31038122930125667,0.2756372873347108,0.32149407107898653,0.2731309146309311,0.27384725297199863,0.30905444682520866,0.2839824006622791,0.29891435762717156,0.26915470423754406,0.2959451936894253,0.2916135877158246,0.29251279224792825,0.298696810551344,0.30314874831420147,0.28340061522155713,0.29709070680284533,0.30656739458039917,0.27023400618303484,0.33043638951935417,1.0,0.26780898749662274,0.2963589555501618,0.0,0.2925974863659824,0.29348420428161925,0.27221332504063644,0.28677166598854775,0.29643781937045555,0.24077634862168273,0.3155033778717583,0.27164172805262443,0.30040373600392256,0.30911006339640634,0.2728398285193896,0.2697330064176493,0.3190979857711643,0.3012858092750246,0.3016528547917112,0.27188085264797845,0.34080321975422456
0.2697917253811243,0.26551895502422773,0.20033153925967084,0.5136210397283729,0.26339621260894996,0.2640896860437426,0.24522888317369373,0.4749925452022623,0.2727545313555384,0.5265065330059144,0.2599739578053113,0.45940115448858754,0.2702202865608112,0.5008312725627388,0.5005632455116911,0.2570892991498316,0.2561567840126868,0.2573202520325095,0.23385914182117506,0.24552164480557637,0.2431354192224776,0.2459733165059803,0.25484027391945074,0.2628288166673979,0.2528398910912383,0.262557858382086,0.2578526296851469,0.4744775201794973,0.2902061498448617,0.26780898749662274,1.0,0.25950178105252697,0.0,0.2521116915751176,0.2512812472312995,0.4050645290625746,0.24152818428661227,0.2524169590572156,0.38645255885195084,0.2569977314091647,0.6629411017600911,0.25758210607529475,0.2578082897712507,0.479097737654572,0.4699310803650263,0.27916490801674876,0.2570790815168418,0.2569952671839051,0.4438077711264342,0.2929329197061159
0.30347449454341535,0.4036915289020597,0.21975523697267507,0.2850069651327095,0.4577112887547298,0.41282503731127274,0.3510551634661233,0.2754639811048848,0.30550236443045,0.2716010982807051,0.46252613738649084,0.2710054035935392,0.5294394370026247,0.26850487627160546,0.27406532875993406,0.3602215696240031,0.42991360072367935,0.45846939725359703,0.4490000900581228,0.35209942861220145,0.4743264205987583,0.48805823952280847,0.4952985064983725,0.4180479709492625,0.4277335612446649,0.40941780538545636,0.49464202073240815,0.2597947636684228,0.29146286058205906,0.2963589555501618,0.25950178105252697,1.0,0.0,0.4802138457502776,0.39580775895774867,0.25737558339997313,0.3506401023482769,0.4808434939222582,0.24086837660908444,0.5040205234095468,0.260529554533787,0.41124100861493296,0.5074903972617562,0.2683343184202016,0.2669398610547933,0.26902379574466173,0.41579365943211644,0.41678189210426475,0.25537901964388077,0.28926621401614416
0.0,0.0,0.0,0.0,0.0,0.0,0.0,0.0,0.0,0.0,0.0,0.0,0.0,0.0,0.0,0.0,0.0,0.0,0.0,0.0,0.0,0.0,0.0,0.0,0.0,0.0,0.0,0.0,0.0,0.0,0.0,0.0,1.0,0.0,0.0,0.0,0.0,0.0,0.0,0.0,0.0,0.0,0.0,0.0,0.0,0.0,0.0,0.0,0.0,0.0
0.3109732589320955,0.4095705772179401,0.22647027820757004,0.265167840203706,0.4157470359610552,0.4278235786164797,0.3596278833742853,0.2706304629327716,0.29703221997986906,0.26569726674658134,0.48482304211655824,0.2685911097682482,0.5383785466132329,0.2637101265232977,0.25757493921630126,0.3544512902842878,0.4031378875425383,0.4789023327186752,0.4396988880976582,0.3587655644544129,0.5067298235483534,0.6343313086743672,0.6450871332148326,0.40152184664964485,0.37433376648150096,0.38398379139865835,0.5120775879212037,0.26124536513403673,0.2941758852828441,0.2925974863659824,0.2521116915751176,0.4802138457502776,0.0,1.0,0.409912286014261,0.27955979461078206,0.3400627540578668,0.47903111419932054,0.25428846479072686,0.5104455276893698,0.25381143010494545,0.4146223321120198,0.5212254930174831,0.2672152146361072,0.26860885348672425,0.27301612740010683,0.4172851239709793,0.4175102723662425,0.25933877042879894,0.30027437348076946
0.30876086643958933,0.5702040429605169,0.21716957798894965,0.265508418238081,0.3824678009661946,0.5682441792518544,0.3588552127302632,0.2720099640356183,0.2885655205982959,0.2678997752818211,0.43192353141114037,0.27585754020912623,0.42073618925939604,0.26586579377268893,0.26230159378521334,0.35452073954459273,0.47320507170266435,0.42276411050930796,0.3876968058882444,0.3580340544932027,0.40406008634432844,0.4022540106740532,0.4136553043297083,0.5660747323878503,0.5376613296525637,0.4855585191852587,0.4148250049265574,0.25770203439438166,0.2915020681890308,0.29348420428161925,0.2512812472312995,0.39580775895774867,0.0,0.409912286014261,1.0,0.26058066517625744,0.33796811766812174,0.4014419097763662,0.24738668531867503,0.42415888414287173,0.2536296371754032,0.47612296295465084,0.4271153930087682,0.2646921361569188,0.26564880176995465,0.2695725240909026,0.47892039225820804,0.47836378298017546,0.25837666543961624,0.2929161531503828
0.27814813177511166,0.26541173416458375,0.21381528902969094,0.4144057369627795,0.24049078599475437,0.2753764514342548,0.2670344647951681,0.40326515225134074,0.2728743063304775,0.4277216160711317,0.27752202418521077,0.40253852622012565,0.2666333034309064,0.4119778220037118,0.3998958854033797,0.2646236899287163,0.26099016327366464,0.27697927600849126,0.25381329472088654,0.26689591849346395,0.2702889823233786,0.25992622980013846,0.27002184720736744,0.2634111692831975,0.24882118478945048,0.2583883240105159,0.26706700764326285,0.40843650310126334,0.2993265254577543,0.27221332504063644,0.4050645290625746,0.25737558339997313,0.0,0.27955979461078206,0.26058066517625744,1.0,0.2550148451005091,0.25610667999488157,0.39331165152455405,0.2701513573657365,0.4068533466322072,0.2653957468685719,0.2669046950482753,0.4152051115144467,0.41318127518742587,0.2868508730384952,0.26039376700622396,0.2596703239160032,0.4136328608568218,0.3062191222590034
0.28985713662778856,0.3322998856745296,0.2062481471727584,0.2505535481186649,0.3130172626455511,0.3507424880180996,0.8006881352497728,0.2500589428431058,0.2892810436284219,0.25484853981199984,0.3389550389389191,0.24912931104425728,0.3482270057536896,0.2488692795095867,0.24673889483290135,0.7458348528017462,0.3340087687667538,0.3658529279194561,0.33258007314391913,0.8027371278253372,0.3619768290938228,0.3540585099454191,0.3711076939505936,0.34090379355715816,0.3333973490965052,0.338089458937463,0.34403141285265293,0.2402038706876457,0.27261380881922426,0.28677166598854775,0.24152818428661227,0.3506401023482769,0.0,0.3400627540578668,0.33796811766812174,0.2550148451005091,1.0,0.32252955869760236,0.22998088985251208,0.33540704494946083,0.23885522639931867,0.3360745231382566,0.34393154960781624,0.24470453714983353,0.2432001631066546,0.25735721574352477,0.32781457014900084,0.32750999014366766,0.23913580652078603,0.2808141959026942
0.3208074434024759,0.4288040135997435,0.22253266697099072,0.2617787931703136,0.419780973728329,0.4149662586615922,0.33406940854390177,0.2831221942469342,0.2928998316752387,0.2701053490279961,0.4817136964804205,0.2720573064871019,0.5012835907113663,0.2643403964631399,0.25753432174777535,0.33711128974947635,0.3840268726308236,0.45596834575063494,0.4242296505970835,0.3355477901671233,0.4694614383321378,0.4818656494647331,0.49144618928434336,0.3921396328502198,0.3764981538461438,0.38969985418971287,0.5779093439397185,0.2751879294234496,0.29453353259711934,0.29643781937045555,0.2524169590572156,0.4808434939222582,0.0,0.47903111419932054,0.4014419097763662,0.25610667999488157,0.32252955869760236,1.0,0.24134407204907626,0.5126963044099526,0.2559158198202498,0.41489090460752687,0.6151122410359324,0.28025807688364024,0.2747052163159398,0.27599530208718726,0.42529052243624943,0.4259050960073596,0.2693702227076108,0.29675599309391876
0.2585938916619456,0.24538306305628876,0.18774878226535885,0.40401849379925614,0.27411141667742545,0.2631138365736698,0.24238069333094459,0.3936978757533477,0.24415332230858178,0.42459368663705754,0.26070488481579157,0.4112118309280052,0.24458114515892715,0.4038276942549456,0.40466324095402406,0.2381088303138913,0.2439615192253698,0.24836204226240377,0.22769118336312266,0.24007597952708115,0.2404229527265791,0.2335875760947389,0.2442343565661913,0.24321963134659297,0.236607389130016,0.24842554615577905,0.23637040783920127,0.3941646354632735,0.266953628451451,0.24077634862168273,0.38645255885195084,0.24086837660908444,0.0,0.25428846479072686,0.24738668531867503,0.39331165152455405,0.22998088985251208,0.24134407204907626,1.0,0.24416031991390919,0.3945784897805734,0.2538849581933922,0.24290137136863776,0.4031935765823611,0.40908257350149146,0.25389117769239666,0.24544363381309287,0.24554499946700958,0.39071139156299695,0.2705670607615158
0.31551440382418827,0.4244106784928323,0.23183324147788065,0.26474460369442676,0.43321056602850316,0.4241855755774031,0.3532022895992044,0.2736783792769344,0.3071100378086645,0.27574530609000425,0.5171251470113808,0.27245764205296397,0.5466380377401312,0.26765732231888606,0.26078076514253157,0.3527739928997826,0.399217684589105,0.48884415118602265,0.45678406549431905,0.355507735984561,0.5068587947823091,0.5192187646708999,0.525468780626994,0.407701281458132,0.37923998369835155,0.403510846257105,0.5473717057616263,0.26524985356802155,0.2981618086770712,0.3155033778717583,0.2569977314091647,0.5040205234095468,0.0,0.5104455276893698,0.42415888414287173,0.2701513573657365,0.33540704494946083,0.5126963044099526,0.24416031991390919,1.0,0.2580125237623929,0.42948086427090426,0.5492379822221085,0.26960947554856296,0.2708875053119225,0.2874091925872816,0.44780014179973593,0.4479942608555054,0.26804959821295005,0.3085181050650103
