../ecoli_genomes/GCF_000163235.1_ASM16323v1_genomic.fna.gz,../ecoli_genomes/GCF_000164555.1_ASM16455v1_genomic.fna.gz,../ecoli_genomes/GCF_000208545.1_ASM20854v2_genomic.fna.gz,../ecoli_genomes/GCF_000233875.1_ASM23387v1_genomic.fna.gz,../ecoli_genomes/GCF_000249735.1_ASM24973v2_genomic.fna.gz,../ecoli_genomes/GCF_000261145.1_Esch_coli_M919_V2_genomic.fna.gz,../ecoli_genomes/GCF_000267705.2_ASM26770v2_genomic.fna.gz,../ecoli_genomes/GCF_000350665.1_Esch_coli_KTE5_V1_genomic.fna.gz,../ecoli_genomes/GCF_000351625.1_Esch_coli_KTE66_V1_genomic.fna.gz,../ecoli_genomes/GCF_000352285.1_Esch_coli_KTE46_V1_genomic.fna.gz,../ecoli_genomes/GCF_000358895.1_ASM35889v1_genomic.fna.gz,../ecoli_genomes/GCF_000456385.1_Esch_coli_HVH_26_4-5703913_V1_genomic.fna.gz,../ecoli_genomes/GCF_000458195.1_Esch_coli_HVH_147_4-5893887_V1_genomic.fna.gz,../ecoli_genomes/GCF_000459755.1_Esch_coli_KOEGE_58_171a_V1_genomic.fna.gz,../ecoli_genomes/GCF_000460055.1_Esch_coli_UMEA_3053-1_V1_genomic.fna.gz,../ecoli_genomes/GCF_000462165.2_ASM46216v2_genomic.fna.gz,../ecoli_genomes/GCF_000601135.1_ASM60113v1_genomic.fna.gz,../ecoli_genomes/GCF_000614595.1_Ec2010EL1058_genomic.fna.gz,../ecoli_genomes/GCF_000617745.1_Ec2010C-4529_genomic.fna.gz,../ecoli_genomes/GCF_000618265.2_EcF6751_genomic.fna.gz,../ecoli_genomes/GCF_000619005.2_Ec2009C-4052_genomic.fna.gz,../ecoli_genomes/GCF_000619105.1_Ec2009C-4780_genomic.fna.gz,../ecoli_genomes/GCF_000619765.2_Ec2009C-3279_genomic.fna.gz,../ecoli_genomes/GCF_000687005.1_ASM68700v1_genomic.fna.gz,../ecoli_genomes/GCF_000687025.1_ASM68702v1_genomic.fna.gz,../ecoli_genomes/GCF_000700125.1_ASM70012v1_genomic.fna.gz,../ecoli_genomes/GCF_000753315.1_FHI35_genomic.fna.gz,../ecoli_genomes/GCF_000776375.1_ASM77637v1_genomic.fna.gz,../ecoli_genomes/GCF_000779395.1_ASM77939v1_genomic.fna.gz,../ecoli_genomes/GCF_000780315.1_ASM78031v1_genomic.fna.gz,../ecoli_genomes/GCF_000781995.1_ASM78199v1_genomic.fna.gz,../ecoli_genomes/GCF_000986765.1_ASM98676v1_genomic.fna.gz,../ecoli_genomes/GCF_001041375.1_ViralProj287958_genomic.fna.gz,../ecoli_genomes/GCF_001265335.1_302014_genomic.fna.gz,../ecoli_genomes/GCF_001265625.1_100854_genomic.fna.gz,../ecoli_genomes/GCF_001267345.1_303289_genomic.fna.gz,../ecoli_genomes/GCF_001309985.1_ASM130998v1_genomic.fna.gz,../ecoli_genomes/GCF_001521695.1_ASM152169v1_genomic.fna.gz,../ecoli_genomes/GCF_001592595.1_ASM159259v1_genomic.fna.gz,../ecoli_genomes/GCF_001614975.1_ASM161497v1_genomic.fna.gz,../ecoli_genomes/GCF_001692775.1_ASM169277v1_genomic.fna.gz,../ecoli_genomes/GCF_001748915.1_ASM174891v1_genomic.fna.gz,../ecoli_genomes/GCF_001749235.1_ASM174923v1_genomic.fna.gz,../ecoli_genomes/GCF_001881155.1_ASM188115v1_genomic.fna.gz,../ecoli_genomes/GCF_001881345.1_ASM188134v1_genomic.fna.gz,../ecoli_genomes/GCF_001892405.1_ASM189240v1_genomic.fna.gz,../ecoli_genomes/GCF_001892585.1_ASM189258v1_genomic.fna.gz,../ecoli_genomes/GCF_001893985.1_ASM189398v1_genomic.fna.gz,../ecoli_genomes/GCF_002001595.1_ASM200159v1_genomic.fna.gz,../ecoli_genomes/GCF_002002145.1_ASM200214v1_genomic.fna.gz
1.0,0.3805425581610776,0.3131368088177955,0.3455898023148929,0.35445826742482167,0.36279197571584487,0.3581375540546452,0.34875090000065967,0.4436335177924208,0.35897532401666565,0.3813739049460133,0.36006292724909694,0.3707070966358691,0.33129799076518374,0.33143040347165653,0.35932349396340124,0.3143774232190195,0.365668047884659,0.31258714990026926,0.35833614775888156,0.35760825023223597,0.35430451194526635,0.3764163967167916,0.3380886955999748,0.35342263779193217,0.3443954331002911,0.3633181223622052,0.33686944303816047,0.3862490442830334,0.43555564162201,0.32237052898482355,0.35845958764499364,0.0,0.3664133057160114,0.3677950288641476,0.3335516723332501,0.3383930734514011,0.37024079566621515,0.29950647722810175,0.3682346243548599,0.3267112863384598,0.3638974302461544,0.3685468331105022,0.34961111737567163,0.36074448902160283,0.3626820699297555,0.36112413373845476,0.36221632843769547,0.33493017683457493,0.39901711016567565
0.3805425581610776,1.0,0.2932877249277618,0.3315349130014382,0.4310046703783085,0.5637467635332511,0.3957434360138111,0.33936108616599947,0.35704776282922324,0.34360697633727344,0.47376626384368736,0.3465199101010391,0.454945567891223,0.325012871817249,0.32147963871055507,0.39621082311563005,0.39908277682717264,0.4613267845955705,0.384891156448947,0.4008910836154568,0.44640066342582263,0.4382487700034412,0.4616279022215092,0.48375335219842885,0.5165340029769832,0.47153070013335063,0.45586269125376166,0.33672919047867345,0.3674842963269508,0.36241669192011905,0.31520010988337077,0.4325904396537137,0.0,0.44273582062549754,0.5715096291063138,0.325685814668247,0.37263569585832235,0.4694631644202101,0.2554061539719107,0.4592787515904697,0.3185078014565341,0.49944975928097046,0.46488232980584776,0.3497128916920109,0.346915305242279,0.33441602064728904,0.5120549105692513,0.5126748924265115,0.3410019083954907,0.3635988406422477
0.3131368088177955,0.2932877249277618,1.0,0.2633018090114745,0.2575261785013875,0.2701152662548263,0.27495337089006444,0.2640240655039967,0.3027146985550567,0.27297627233385424,0.2902367990703515,0.26623094047003526,0.28212286029487,0.264998813192033,0.26006596770870627,0.2746342544215863,0.2207865161777277,0.2847791945715237,0.24003702539799376,0.2790194045138835,0.27724834839873813,0.27252032047218033,0.2861305184233811,0.24004315615393956,0.2485716353327676,0.2533845967069128,0.2797499539387085,0.26324914614547057,0.2996631058173761,0.311644905744218,0.2549770786337955,0.2663652311760081,0.0,0.27603922096298783,0.27244741983422893,0.26732529206298883,0.25814552478298236,0.2798030824256953,0.20679351673414426,0.28735816626749566,0.26091927219713074,0.2784456039010116,0.286559288778524,0.2713848930073727,0.2648564522807443,0.28447934505328254,0.29006231320780407,0.28994307017336884,0.27524199580750563,0.3077696827954043
0.3455898023148929,0.3315349130014382,0.2633018090114745,1.0,0.34146859308517963,0.3243906056860637,0.3087373730270886,0.5351271974791185,0.34679236238193045,0.5592206304624106,0.33205044379851056,0.5586050186320652,0.3372695035611827,0.5870267629005865,0.6050885646877293,0.32513551375380434,0.2727681468478401,0.320494969430862,0.27835335127795313,0.31120188771662993,0.3081307063435994,0.30957236137148625,0.33231378522231136,0.2958685566638797,0.3133173743910699,0.30853344802674454,0.3206116917449334,0.55899028033088,0.3569002598196691,0.3472999819442063,0.5357194089209376,0.33451724911387126,0.0,0.31539872262910007,0.31973411216607506,0.4640561419845117,0.3013038583167127,0.3176613902315353,0.3822394316039547,0.31689385298222494,0.5650837668542823,0.317663888481737,0.3210108045615173,0.564989721292317,0.5568497867628192,0.34932725712664503,0.31929871688336053,0.32094116979326315,0.49618036126423437,0.3712573325554771
0.35445826742482167,0.4310046703783085,0.2575261785013875,0.34146859308517963,1.0,0.46077124306936745,0.36761911893591637,0.3361285055200294,0.3618904278461652,0.34463598682208885,0.5404776883055902,0.3231578866002255,0.5080050877056143,0.3246868534936972,0.3422797111872009,0.4003508064474195,0.4264699909796128,0.44621877266172727,0.39044966689047356,0.36912657814083216,0.44959444107751634,0.43328096462028787,0.458260115026052,0.4753004519044617,0.45234528124772855,0.47322754241117504,0.46325116715660775,0.3052405575885331,0.35156994911108597,0.36249727891826533,0.3181320964045249,0.5054423663766847,0.0,0.4551653401283109,0.4407452173254547,0.3065854708530812,0.36468900194338505,0.4673761862872121,0.2415396072887227,0.4712193024621558,0.34134025802091716,0.4405156407369819,0.48508955348529426,0.3184005556255566,0.3262752718074847,0.31105562246543716,0.45260822188343186,0.4542385625750265,0.3099691618996786,0.33923231384702
0.36279197571584487,0.5637467635332511,0.2701152662548263,0.3243906056860637,0.46077124306936745,1.0,0.4063260462440975,0.34373612393793473,0.35493877749532043,0.3299919194320622,0.4708982662792317,0.3246678387687856,0.45148540493714917,0.31630196205129035,0.3171392308565717,0.40566435731767114,0.42139509256029006,0.46091894815310264,0.39513014427382065,0.40620091115022006,0.44235770894687854,0.42895832096982733,0.4628402839685394,0.501817177644997,0.5303762929578331,0.4826956007705794,0.44125952309021343,0.32199441793473216,0.3665891872489887,0.3525864580949697,0.3118748004835623,0.44613343119483695,0.0,0.4571544799945295,0.5678743646763909,0.3342809114683577,0.38848493018559616,0.45735838904461024,0.27373280283872015,0.44986438245018945,0.3198122990175146,0.5074119332759082,0.4591216465535387,0.3304637705270812,0.3288321422265642,0.3271550507035671,0.5080143071999641,0.5116160248314818,0.3229070914661727,0.36314084459061613
0.3581375540546452,0.3957434360138111,0.27495337089006444,0.3087373730270886,0.36761911893591637,0.4063260462440975,1.0,0.31443675958374817,0.3529000035901013,0.31369867796591033,0.4180293460087706,0.3025181905812825,0.3986271547257004,0.3011269750532407,0.2994791101989084,0.754787408120706,0.3171293779474398,0.447391393763257,0.3750579860571158,0.8612488291987118,0.43760415614374537,0.41204074543371993,0.4450777556016764,0.3373491123654786,0.35743623305127215,0.3654857120418057,0.40799854254771506,0.308043952102691,0.34774540301631607,0.3484370600969334,0.29463457569503637,0.37748513696470065,0.0,0.40704568739164937,0.402752065721415,0.33034630145687005,0.7784817241288431,0.38292697779262586,0.259096914074714,0.4056948506370618,0.2954406974748497,0.4019311866970744,0.4081230373157849,0.31256177765270443,0.31165776647866783,0.31656870378786783,0.39323616619355195,0.39349705712737226,0.3077536878059117,0.35229429684598956
0.34875090000065967,0.33936108616599947,0.2640240655039967,0.5351271974791185,0.3361285055200294,0.34373612393793473,0.31443675958374817,1.0,0.33998190761159,0.5358404079259461,0.338735552081427,0.5265738881392745,0.340546525600291,0.5143166790467227,0.5132634473746551,0.3220099417351262,0.2724620734016827,0.3257507613137146,0.286344329824899,0.313873632020634,0.31666352282316124,0.31666607199004115,0.3343795891667719,0.30583037597253304,0.3114928907150124,0.3131414798799437,0.32544080454772206,0.6963179861893338,0.365591742043211,0.34372298354147013,0.5062458240100385,0.3265244234326182,0.0,0.32688417319821705,0.32588363980123336,0.4584461744956819,0.30183054238586715,0.34370227170280054,0.3813230192381417,0.32993839165787464,0.5171072172913342,0.3289711263706928,0.33541699845781203,0.7006997993767212,0.677144701868466,0.34890974886329984,0.3251077017192673,0.3261900872915866,0.48376604329208284,0.37039029962060566
0.4436335177924208,0.35704776282922324,0.3027146985550567,0.34679236238193045,0.3618904278461652,0.35493877749532043,0.3529000035901013,0.33998190761159,1.0,0.35696007826827914,0.37728570819337715,0.3342471358966793,0.37053161793779876,0.33451458249097665,0.3400386604716832,0.36261967439664244,0.28588870127544186,0.35855614767473754,0.3023765946131771,0.3571743257207789,0.35019592452537385,0.34721943296734425,0.36679471429201016,0.3222875464757454,0.32595960042340855,0.33318153220993485,0.36028590969950125,0.3282692548898656,0.3818869483908519,0.4599601443294836,0.3291526915439139,0.3465978898687594,0.0,0.35107369502949204,0.3554968699325354,0.33717420751111116,0.34058626002882364,0.34996016190800316,0.26178567263544295,0.3626869691975326,0.334649501945681,0.35488416045988924,0.36832780023295675,0.3357387834340452,0.33132574929798986,0.3651908651202713,0.3536709276543164,0.35422142544231305,0.32846462181626424,0.40262611602440335
0.35897532401666565,0.34360697633727344,0.27297627233385424,0.5592206304624106,0.34463598682208885,0.3299919194320622,0.31369867796591033,0.5358404079259461,0.35696007826827914,1.0,0.34820847640712793,0.5307218609049921,0.3507237944771967,0.5367576494705171,0.5413549761594665,0.3291244098127648,0.26235788621047795,0.3271141121802942,0.2833866930080162,0.31671237224540494,0.31517961356901725,0.3147055793069322,0.3298285029706338,0.2969519000690827,0.31056503989918494,0.3117342495516511,0.33093331449088514,0.5348465308077859,0.3649595507957556,0.35790518005902594,0.5498257838122906,0.3217867833780127,0.0,0.31810375861749896,0.3205954381474747,0.47431346935148566,0.3029656152082517,0.32720578043574966,0.3861808962981378,0.33118789273979776,0.565786490237578,0.3272008285229838,0.32936988381467613,0.5427274758662732,0.5448602464067945,0.34759386448490803,0.3264390705610821,0.3265856320303887,0.5143433423633862,0.36907111327971376
0.3813739049460133,0.47376626384368736,0.2902367990703515,0.33205044379851056,0.5404776883055902,0.4708982662792317,0.4180293460087706,0.338735552081427,0.37728570819337715,0.34820847640712793,1.0,0.331480900075366,0.5688043554849317,0.3331347034354948,0.32723117084486997,0.4246617723352517,0.36946815974065816,0.532531884395149,0.4599370373234477,0.42199801529840597,0.5197872078135128,0.5284455706115848,0.5331179543849636,0.4122163532369838,0.41607694312626076,0.450795165479406,0.5453907182383462,0.33646609380717485,0.36520803171118077,0.3854532989084428,0.3247339615484308,0.49119930467438977,0.0,0.5172525473244789,0.47239739591236796,0.34043069294734285,0.401666724305934,0.5314577091679921,0.2633272105467338,0.5660019996042551,0.3264385354859326,0.4897007820816365,0.5535265334846022,0.3417484167196462,0.33838828654940467,0.33998445122129417,0.4866402126976157,0.48623184043958023,0.34191484687487983,0.3734919916783055
0.36006292724909694,0.3465199101010391,0.26623094047003526,0.5586050186320652,0.3231578866002255,0.3246678387687856,0.3025181905812825,0.5265738881392745,0.3342471358966793,0.5307218609049921,0.331480900075366,1.0,0.3317377459627565,0.5378595689397678,0.6305287526410854,0.31182915700464764,0.2737184847196681,0.31696133180626784,0.2835742743345131,0.30503544227025825,0.312679837395172,0.31147824640113475,0.328195924850456,0.30072019945958917,0.3135297153110843,0.30582401916189395,0.322600455882334,0.5257518160035428,0.3630015110971644,0.34335773058818997,0.4905793924825156,0.32141610690996236,0.0,0.317711744975661,0.3266987483668168,0.4521796672452586,0.2894954776018899,0.32668843495641264,0.3805250578047933,0.3231406638114598,0.5141631234234214,0.31820827707430877,0.3289191268958558,0.539451387885606,0.536917803025353,0.3543756835564271,0.3230724238999414,0.32469808932077193,0.4839204741407447,0.36596072770829746
0.3707070966358691,0.454945567891223,0.28212286029487,0.3372695035611827,0.5080050877056143,0.45148540493714917,0.3986271547257004,0.340546525600291,0.37053161793779876,0.3507237944771967,0.5688043554849317,0.3317377459627565,1.0,0.32299951581062836,0.33794351146975543,0.4180916919714063,0.3555844101296002,0.527694131422274,0.5346714260381062,0.4019830660000038,0.5297484897239392,0.6031130714181678,0.5755626821184521,0.40569352714718676,0.4072852908206843,0.4275740782850229,0.5745049109303515,0.3249434194351595,0.355480874553748,0.3835592641134141,0.31835094807692554,0.535757233030234,0.0,0.5631508462626493,0.4537097830314323,0.3243886176064279,0.388246954053611,0.5517412842406882,0.25202579780616874,0.5776030005294266,0.3322037906143439,0.46127289040914987,0.5616272782372209,0.32965159268841715,0.3283031361685328,0.3287354121624343,0.46907492132166695,0.468693406226817,0.32573809452861,0.3639289673157261
0.33129799076518374,0.325012871817249,0.264998813192033,0.5870267629005865,0.3246868534936972,0.31630196205129035,0.3011269750532407,0.5143166790467227,0.33451458249097665,0.5367576494705171,0.3331347034354948,0.5378595689397678,0.32299951581062836,1.0,0.5883591849855678,0.30731171579094085,0.25183965442124157,0.31621630478167506,0.27468531177587974,0.3049190317497048,0.3022635241247199,0.3043915225444719,0.3222983796522013,0.2720233560376675,0.2862382505752623,0.2916158793798863,0.32095214175461995,0.5487309802795126,0.36049425665313006,0.33086395237242083,0.5324306281502038,0.3096358347274464,0.0,0.308567668962648,0.313530604717557,0.4605424230447701,0.2886322939874122,0.3188806436020716,0.3758555168392449,0.31616511250556356,0.5452674212817907,0.3106031809556664,0.3197187826369702,0.5470883371674989,0.5357248138376703,0.3509339701189861,0.31624929978830485,0.3172030448719103,0.4994818780268889,0.36914330617279156
0.33143040347165653,0.32147963871055507,0.26006596770870627,0.6050885646877293,0.3422797111872009,0.3171392308565717,0.2994791101989084,0.5132634473746551,0.3400386604716832,0.5413549761594665,0.32723117084486997,0.6305287526410854,0.33794351146975543,0.5883591849855678,1.0,0.3164619478988965,0.26476920465277753,0.31214278916220484,0.2719972658252362,0.3023697167381775,0.301594587445294,0.30376247494943576,0.32249689776949897,0.2892439208281259,0.2974872935741246,0.30128864511456643,0.3172754862186259,0.525814076570022,0.3481064008198411,0.33881814296010493,0.5336617164404485,0.3223813899190888,0.0,0.3080600397351959,0.3122116714626637,0.45552760032503203,0.2926737084364932,0.316914810757267,0.3745302166734369,0.31223228960716054,0.5589919750995331,0.3119424664707109,0.3202884488136757,0.5293511916703136,0.5207446036646648,0.3503451697073817,0.3202634423007049,0.32066160092651874,0.48504649315587534,0.3715353675530192
0.35932349396340124,0.39621082311563005,0.2746342544215863,0.32513551375380434,0.4003508064474195,0.40566435731767114,0.754787408120706,0.3220099417351262,0.36261967439664244,0.3291244098127648,0.4246617723352517,0.31182915700464764,0.4180916919714063,0.30731171579094085,0.3164619478988965,1.0,0.3242009568045846,0.4307338288270086,0.37047165604547927,0.7766819236094262,0.4158829779166261,0.4112592110120571,0.43157037244162133,0.3579310120466619,0.3713260320254186,0.3851567795075699,0.4005511940257014,0.3109758533458755,0.3460978050237351,0.3657696882389553,0.3053524969490995,0.3866541135698165,0.0,0.39696269266535866,0.40234134022650936,0.3279596040906634,0.7471171014164575,0.38611795054882436,0.24541474870220537,0.3992907374615696,0.31313035414154844,0.3982933254966674,0.4039907754315484,0.31470689525065654,0.31728726581898703,0.31829754685403977,0.39447322338739954,0.3947295516459046,0.3110115108732181,0.35223748884285977
0.3143774232190195,0.39908277682717264,0.2207865161777277,0.2727681468478401,0.4264699909796128,0.42139509256029006,0.3171293779474398,0.2724620734016827,0.28588870127544186,0.26235788621047795,0.36946815974065816,0.2737184847196681,0.3555844101296002,0.25183965442124157,0.26476920465277753,0.3242009568045846,1.0,0.35231044461527217,0.3069014159138085,0.3183654848201317,0.3427918498156348,0.3438531218691776,0.3661282654692337,0.5779220210343041,0.543504664866695,0.5312103169583962,0.3488745082353133,0.25501012558585445,0.30389632049701687,0.29084611239502034,0.25141682128313836,0.4554573267196772,0.0,0.3697229306034904,0.42067107569236206,0.2606298581383958,0.306949471712639,0.35602273870194456,0.20542291091543718,0.3637491807282488,0.251644266838429,0.38394904270809926,0.3595827354171419,0.2825116871764607,0.2906489257991486,0.2677718614814516,0.4019144283341888,0.40853380406845996,0.25235735067675025,0.2954724985793965
0.365668047884659,0.4613267845955705,0.2847791945715237,0.320494969430862,0.44621877266172727,0.46091894815310264,0.447391393763257,0.3257507613137146,0.35855614767473754,0.3271141121802942,0.532531884395149,0.31696133180626784,0.527694131422274,0.31621630478167506,0.31214278916220484,0.4307338288270086,0.35231044461527217,1.0,0.49433334282049146,0.4474247583545996,0.5590026435271176,0.5429867373436976,0.5709094383985525,0.3872342909602162,0.39673204545167196,0.4182937409559345,0.5354354355686683,0.3216868170829392,0.3573672219975451,0.3662448585899567,0.30628348437377173,0.4776875796481894,0.0,0.512472032677944,0.46096393828513027,0.3448893072567599,0.42276697420700127,0.497720530929592,0.26340775838011454,0.5370667675076167,0.30777188827992874,0.46878133918039644,0.529426390316637,0.3242124707272782,0.32002505569332784,0.3267815868384156,0.46892786804164055,0.46903573943679966,0.32033831242255284,0.363404722948367
0.31258714990026926,0.384891156448947,0.24003702539799376,0.27835335127795313,0.39044966689047356,0.39513014427382065,0.3750579860571158,0.286344329824899,0.3023765946131771,0.2833866930080162,0.4599370373234477,0.2835742743345131,0.5346714260381062,0.27468531177587974,0.2719972658252362,0.37047165604547927,0.3069014159138085,0.49433334282049146,1.0,0.3750293172677054,0.47743989784316077,0.553836135512322,0.48504923398491706,0.3337389839750313,0.3432128657412139,0.35290285140047173,0.48603216769090296,0.2794491849908849,0.300291406290212,0.3106859815623161,0.263823500031621,0.47378865931673775,0.0,0.4763959029046132,0.3952328425901319,0.2943080426257425,0.359651747237827,0.4659513614397075,0.22676990094312255,0.4854929035098744,0.26847446097107763,0.3936579691000863,0.4576155275341319,0.28441654072003686,0.28237343468864073,0.27872603938046325,0.39116529510621534,0.3920080947363952,0.27583209890666904,0.3078556626921921
0.35833614775888156,0.4008910836154568,0.2790194045138835,0.31120188771662993,0.36912657814083216,0.40620091115022006,0.8612488291987118,0.313873632020634,0.3571743257207789,0.31671237224540494,0.42199801529840597,0.30503544227025825,0.4019830660000038,0.3049190317497048,0.3023697167381775,0.7766819236094262,0.3183654848201317,0.4474247583545996,0.3750293172677054,1.0,0.43714460696292434,0.41481288251411796,0.44485738822826015,0.340011013008215,0.36020240310373874,0.3686897018930221,0.4099663607632441,0.31142942767025805,0.35047407048103396,0.35483160639672273,0.29810052833028833,0.37937112222919755,0.0,0.4063623854332523,0.4024777988787618,0.3312562478410038,0.7848201225420193,0.3881394062801752,0.25347608793640874,0.4098463161928012,0.29854228444175646,0.4006239195065917,0.4110057084997376,0.31386697289077836,0.31172093860880545,0.3221362051195178,0.39890773479144115,0.39917514223743844,0.3123118825690423,0.3566569103240088
0.35760825023223597,0.44640066342582263,0.27724834839873813,0.3081307063435994,0.44959444107751634,0.44235770894687854,0.43760415614374537,0.31666352282316124,0.35019592452537385,0.31517961356901725,0.5197872078135128,0.312679837395172,0.5297484897239392,0.3022635241247199,0.301594587445294,0.4158829779166261,0.3427918498156348,0.5590026435271176,0.47743989784316077,0.43714460696292434,1.0,0.5392879982105292,0.5749207180467157,0.3767090313049716,0.3876712258866176,0.41036059372931577,0.5399939745077547,0.31424109882520146,0.3440884748384969,0.3611949353773778,0.29505438802057227,0.48263509296374096,0.0,0.5319930175997305,0.4462809478169528,0.33004618465914437,0.40817269040052695,0.50621760493552,0.25497999983881114,0.5456972820666848,0.3028697094734476,0.44214785492001807,0.5343345919293667,0.3172415871748733,0.31700777688014614,0.3278899609044166,0.4640825522811488,0.46418686185976066,0.31533315511676674,0.3553078442193822
0.35430451194526635,0.4382487700034412,0.27252032047218033,0.30957236137148625,0.43328096462028787,0.42895832096982733,0.41204074543371993,0.31666607199004115,0.34721943296734425,0.3147055793069322,0.5284455706115848,0.31147824640113475,0.6031130714181678,0.3043915225444719,0.30376247494943576,0.4112592110120571,0.3438531218691776,0.5429867373436976,0.553836135512322,0.41481288251411796,0.5392879982105292,1.0,0.7085192649345848,0.37129062067040497,0.3822828591052799,0.3972829654278577,0.551188401129786,0.3131281589640116,0.33961781437785643,0.35314273269521346,0.2987387705037362,0.504849836892191,0.0,0.6485018887224554,0.43367013810251753,0.3179285040594215,0.3962446880764732,0.5270245895694158,0.24748848637297205,0.5556738576899549,0.2980589023648321,0.4401014096022493,0.539091926602242,0.31762970504187127,0.3130424420145089,0.31760256674773923,0.4463026825897246,0.44624777718075004,0.31085941264559724,0.3523625824544775
0.3764163967167916,0.4616279022215092,0.2861305184233811,0.33231378522231136,0.458260115026052,0.4628402839685394,0.4450777556016764,0.3343795891667719,0.36679471429201016,0.3298285029706338,0.5331179543849636,0.328195924850456,0.5755626821184521,0.3222983796522013,0.32249689776949897,0.43157037244162133,0.3661282654692337,0.5709094383985525,0.48504923398491706,0.44485738822826015,0.5749207180467157,0.7085192649345848,1.0,0.38851891085759116,0.4067256819701178,0.4142072529364983,0.5626424208228835,0.32818611496777617,0.36412682241048455,0.36942831640514684,0.3153020436300795,0.5070551597853818,0.0,0.6461157760744807,0.45827830540754666,0.33936330995514863,0.4167075461948251,0.5228754067634005,0.2646525947590781,0.5614323876449456,0.3175546731042178,0.4600685260350118,0.5542384532070788,0.33378054099552357,0.33079371229568866,0.33375797576416866,0.4682108771887078,0.469290183811783,0.3265922568206142,0.36914498025254894
0.3380886955999748,0.48375335219842885,0.24004315615393956,0.2958685566638797,0.4753004519044617,0.501817177644997,0.3373491123654786,0.30583037597253304,0.3222875464757454,0.2969519000690827,0.4122163532369838,0.30072019945958917,0.40569352714718676,0.2720233560376675,0.2892439208281259,0.3579310120466619,0.5779220210343041,0.3872342909602162,0.3337389839750313,0.340011013008215,0.3767090313049716,0.37129062067040497,0.38851891085759116,1.0,0.5907894216961045,0.5528852146385073,0.38463348199966596,0.27656254945549763,0.3325359125388482,0.32158906795057496,0.27959528242912723,0.44550446679567735,0.0,0.3887755797675937,0.5075264068675103,0.28147327436533154,0.33390315503963375,0.3902795765542798,0.2179068020010222,0.3917466543488479,0.2850055779545365,0.43477706962081075,0.39145345189248626,0.2984175580903353,0.3034957721042174,0.2860888993332512,0.42945816025719996,0.43314534463244303,0.27567294716273083,0.3165323396931483
0.35342263779193217,0.5165340029769832,0.2485716353327676,0.3133173743910699,0.45234528124772855,0.5303762929578331,0.35743623305127215,0.3114928907150124,0.32595960042340855,0.31056503989918494,0.41607694312626076,0.3135297153110843,0.4072852908206843,0.2862382505752623,0.2974872935741246,0.3713260320254186,0.543504664866695,0.39673204545167196,0.3432128657412139,0.36020240310373874,0.3876712258866176,0.3822828591052799,0.4067256819701178,0.5907894216961045,1.0,0.5425744621968772,0.39568733494834585,0.2874591530390209,0.3231708028466853,0.32669213104629946,0.28819559304381914,0.4668319082483795,0.0,0.3982999219018156,0.5291581664896075,0.28794479163221354,0.3507467654979334,0.40826336042701583,0.2300638991840338,0.40370140463356474,0.2928872636238049,0.4428209811130188,0.40435907030252627,0.3209073405027947,0.3205359347821638,0.29725255493621583,0.44469664613956406,0.4500118824962027,0.294539563028288,0.3202955012705968
0.3443954331002911,0.47153070013335063,0.2533845967069128,0.30853344802674454,0.47322754241117504,0.4826956007705794,0.3654857120418057,0.3131414798799437,0.33318153220993485,0.3117342495516511,0.450795165479406,0.30582401916189395,0.4275740782850229,0.2916158793798863,0.30128864511456643,0.3851567795075699,0.5312103169583962,0.4182937409559345,0.35290285140047173,0.3686897018930221,0.41036059372931577,0.3972829654278577,0.4142072529364983,0.5528852146385073,0.5425744621968772,1.0,0.4113464022609483,0.2936942491184982,0.334617227719884,0.3422056798592249,0.2934971480628006,0.4437505867275351,0.0,0.40281255189013654,0.482536747423695,0.29934639303125987,0.3620851568814081,0.4123646354605689,0.2355178179441636,0.4245447299218379,0.29581774186620946,0.4582404720986819,0.41618801473687517,0.3179126969441386,0.3162408227319691,0.3016820831547147,0.4692440521500617,0.47180019612786006,0.3038960745994167,0.3320131705435003
0.3633181223622052,0.45586269125376166,0.2797499539387085,0.3206116917449334,0.46325116715660775,0.44125952309021343,0.40799854254771506,0.32544080454772206,0.36028590969950125,0.33093331449088514,0.5453907182383462,0.322600455882334,0.5745049109303515,0.32095214175461995,0.3172754862186259,0.4005511940257014,0.3488745082353133,0.5354354355686683,0.48603216769090296,0.4099663607632441,0.5399939745077547,0.551188401129786,0.5626424208228835,0.38463348199966596,0.39568733494834585,0.4113464022609483,1.0,0.3197540695587717,0.35485125928331984,0.36784757558311054,0.3113270150518671,0.5117914094621911,0.0,0.5359433665487353,0.45140959483628273,0.32846906384756747,0.38516142369007345,0.6134059254158216,0.2493960954529021,0.5807410749505793,0.3164645695341042,0.4576825315500548,0.6320758082105855,0.32860323972450733,0.3221456344895276,0.3317382064437626,0.459794892713706,0.4600661103513002,0.3228713534823191,0.360715954073063
0.33686944303816047,0.33672919047867345,0.26324914614547057,0.55899028033088,0.3052405575885331,0.32199441793473216,0.308043952102691,0.6963179861893338,0.3282692548898656,0.5348465308077859,0.33646609380717485,0.5257518160035428,0.3249434194351595,0.5487309802795126,0.525814076570022,0.3109758533458755,0.25501012558585445,0.3216868170829392,0.2794491849908849,0.31142942767025805,0.31424109882520146,0.3131281589640116,0.32818611496777617,0.27656254945549763,0.2874591530390209,0.2936942491184982,0.3197540695587717,1.0,0.36380615080252043,0.33627111717372804,0.5108065018064363,0.30844250468951573,0.0,0.3145817535274569,0.31228787491883925,0.45770034502981294,0.29337341980772513,0.3335582440553566,0.379297424351697,0.32370131839661087,0.5217415817091433,0.3151137925130648,0.3231517682564664,0.7954495380827716,0.7545885288938757,0.3450682934124104,0.3219943128251116,0.32213328925027895,0.5014952105597461,0.36139427514422207
0.3862490442830334,0.3674842963269508,0.2996631058173761,0.3569002598196691,0.35156994911108597,0.3665891872489887,0.34774540301631607,0.365591742043211,0.3818869483908519,0.3649595507957556,0.36520803171118077,0.3630015110971644,0.355480874553748,0.36049425665313006,0.3481064008198411,0.3460978050237351,0.30389632049701687,0.3573672219975451,0.300291406290212,0.35047407048103396,0.3440884748384969,0.33961781437785643,0.36412682241048455,0.3325359125388482,0.3231708028466853,0.334617227719884,0.35485125928331984,0.36380615080252043,1.0,0.3715172865908296,0.34452784603650055,0.3469004728385453,0.0,0.34739168432983236,0.35261386930982597,0.36153465071175195,0.3283170420638154,0.3531795229249819,0.2747715207182947,0.35551154340150837,0.3460398600977349,0.34903274213790325,0.35489130819173,0.3635276351407797,0.3620867728144138,0.42889020357556373,0.35196876841466584,0.3523892426469206,0.3539614837246122,0.62726950203067
0.43555564162201,0.36241669192011905,0.311644905744218,0.3472999819442063,0.36249727891826533,0.3525864580949697,0.3484370600969334,0.34372298354147013,0.4599601443294836,0.35790518005902594,0.3854532989084428,0.34335773058818997,0.3835592641134141,0.33086395237242083,0.33881814296010493,0.3657696882389553,0.29084611239502034,0.3662448585899567,0.3106859815623161,0.35483160639672273,0.3611949353773778,0.35314273269521346,0.36942831640514684,0.32158906795057496,0.32669213104629946,0.3422056798592249,0.36784757558311054,0.33627111717372804,0.3715172865908296,1.0,0.32713601451075347,0.3504436541684206,0.0,0.3519422387892075,0.3563031129152491,0.3344115251467302,0.33793661980231426,0.3595578475971619,0.2881069686677561,0.37839775833775136,0.3369911053673931,0.3564442668755907,0.37297960232715943,0.34097493358152076,0.3367231925410039,0.37871315488163915,0.36585508560596314,0.366698825111225,0.3324135673903904,0.3961265204342349
0.32237052898482355,0.31520010988337077,0.2549770786337955,0.5357194089209376,0.3181320964045249,0.3118748004835623,0.29463457569503637,0.5062458240100385,0.3291526915439139,0.5498257838122906,0.3247339615484308,0.4905793924825156,0.31835094807692554,0.5324306281502038,0.5336617164404485,0.3053524969490995,0.25141682128313836,0.30628348437377173,0.263823500031621,0.29810052833028833,0.29505438802057227,0.2987387705037362,0.3153020436300795,0.27959528242912723,0.28819559304381914,0.2934971480628006,0.3113270150518671,0.5108065018064363,0.34452784603650055,0.32713601451075347,1.0,0.3020312506972217,0.0,0.3022094869962173,0.30386129701506537,0.4484840250866735,0.2861305135972827,0.309256001463608,0.35693098897259534,0.3096234153762564,0.657337831267034,0.30865056977184346,0.30962050295167665,0.5176446392193652,0.5084098634298,0.33615999886428793,0.3102149546117544,0.31060666353737254,0.47271416601029126,0.35246402918707653
0.35845958764499364,0.4325904396537137,0.2663652311760081,0.33451724911387126,0.5054423663766847,0.44613343119483695,0.37748513696470065,0.3265244234326182,0.3465978898687594,0.3217867833780127,0.49119930467438977,0.32141610690996236,0.535757233030234,0.3096358347274464,0.3223813899190888,0.3866541135698165,0.4554573267196772,0.4776875796481894,0.47378865931673775,0.37937112222919755,0.48263509296374096,0.504849836892191,0.5070551597853818,0.44550446679567735,0.4668319082483795,0.4437505867275351,0.5117914094621911,0.30844250468951573,0.3469004728385453,0.3504436541684206,0.3020312506972217,1.0,0.0,0.5055410969833575,0.4346384570508841,0.30846434854529303,0.37448954848490257,0.5193003728964817,0.24567719173543423,0.5207983956014354,0.30933064953153633,0.4369896363062463,0.5208148525371656,0.31981713350884367,0.3272287318018703,0.3107481687024176,0.4521572766304871,0.45523825207922164,0.29837905282381494,0.33974272023361585
0.0,0.0,0.0,0.0,0.0,0.0,0.0,0.0,0.0,0.0,0.0,0.0,0.0,0.0,0.0,0.0,0.0,0.0,0.0,0.0,0.0,0.0,0.0,0.0,0.0,0.0,0.0,0.0,0.0,0.0,0.0,0.0,1.0,0.0,0.0,0.0,0.0,0.0,0.0,0.0,0.0,0.0,0.0,0.0,0.0,0.0,0.0,0.0,0.0,0.0
0.3664133057160114,0.44273582062549754,0.27603922096298783,0.31539872262910007,0.4551653401283109,0.4571544799945295,0.40704568739164937,0.32688417319821705,0.35107369502949204,0.31810375861749896,0.5172525473244789,0.317711744975661,0.5631508462626493,0.308567668962648,0.3080600397351959,0.39696269266535866,0.3697229306034904,0.512472032677944,0.4763959029046132,0.4063623854332523,0.5319930175997305,0.6485018887224554,0.6461157760744807,0.3887755797675937,0.3982999219018156,0.40281255189013654,0.5359433665487353,0.3145817535274569,0.34739168432983236,0.3519422387892075,0.3022094869962173,0.5055410969833575,0.0,1.0,0.44230409055853914,0.3384762264542439,0.38233079829777683,0.5193797600033412,0.2721080104690752,0.5472033952567271,0.30250937747256024,0.44572057274704224,0.5387708666639424,0.3200530632780356,0.3221349363028405,0.3196244554835024,0.4550894440626284,0.45611363076016787,0.3103134691345065,0.35435774059143155
0.3677950288641476,0.5715096291063138,0.27244741983422893,0.31973411216607506,0.4407452173254547,0.5678743646763909,0.402752065721415,0.32588363980123336,0.3554968699325354,0.3205954381474747,0.47239739591236796,0.3266987483668168,0.4537097830314323,0.313530604717557,0.3122116714626637,0.40234134022650936,0.42067107569236206,0.46096393828513027,0.3952328425901319,0.4024777988787618,0.4462809478169528,0.43367013810251753,0.45827830540754666,0.5075264068675103,0.5291581664896075,0.482536747423695,0.45140959483628273,0.31228787491883925,0.35261386930982597,0.3563031129152491,0.30386129701506537,0.4346384570508841,0.0,0.44230409055853914,1.0,0.32356473099125904,0.3770897980406813,0.4444375799321909,0.2502296250491999,0.4588781637499877,0.3062734415941277,0.4991060286202279,0.4642727308085506,0.3204064331364056,0.3224278558345972,0.3200928259685637,0.4960893963453902,0.4968828249536309,0.31439305488973435,0.35000794132872304
0.3335516723332501,0.325685814668247,0.26732529206298883,0.4640561419845117,0.3065854708530812,0.3342809114683577,0.33034630145687005,0.4584461744956819,0.33717420751111116,0.47431346935148566,0.34043069294734285,0.4521796672452586,0.3243886176064279,0.4605424230447701,0.45552760032503203,0.3279596040906634,0.2606298581383958,0.3448893072567599,0.2943080426257425,0.3312562478410038,0.33004618465914437,0.3179285040594215,0.33936330995514863,0.28147327436533154,0.28794479163221354,0.29934639303125987,0.32846906384756747,0.45770034502981294,0.36153465071175195,0.3344115251467302,0.4484840250866735,0.30846434854529303,0.0,0.3384762264542439,0.32356473099125904,1.0,0.31055478900992495,0.3167866665063436,0.3877840623183716,0.3329259644729765,0.4522182534056246,0.3240094242866295,0.3303848917340845,0.4645106281496221,0.46323008776802055,0.3415203413314779,0.3166344375514212,0.31691511830285735,0.4616045721154147,0.3661256981730949
0.3383930734514011,0.37263569585832235,0.25814552478298236,0.3013038583167127,0.36468900194338505,0.38848493018559616,0.7784817241288431,0.30183054238586715,0.34058626002882364,0.3029656152082517,0.401666724305934,0.2894954776018899,0.388246954053611,0.2886322939874122,0.2926737084364932,0.7471171014164575,0.306949471712639,0.42276697420700127,0.359651747237827,0.7848201225420193,0.40817269040052695,0.3962446880764732,0.4167075461948251,0.33390315503963375,0.3507467654979334,0.3620851568814081,0.38516142369007345,0.29337341980772513,0.3283170420638154,0.33793661980231426,0.2861305135972827,0.37448954848490257,0.0,0.38233079829777683,0.3770897980406813,0.31055478900992495,1.0,0.3671049828656916,0.241196118269693,0.37814349050449525,0.2869881774827391,0.3815030915846417,0.39140917544834897,0.2957548178851751,0.29576945529971077,0.29922330083951243,0.37434952804942934,0.37445229274075353,0.2898189153710413,0.3349174470482975
0.37024079566621515,0.4694631644202101,0.2798030824256953,0.3176613902315353,0.4673761862872121,0.45735838904461024,0.38292697779262586,0.34370227170280054,0.34996016190800316,0.32720578043574966,0.5314577091679921,0.32668843495641264,0.5517412842406882,0.3188806436020716,0.316914810757267,0.38611795054882436,0.35602273870194456,0.497720530929592,0.4659513614397075,0.3881394062801752,0.50621760493552,0.5270245895694158,0.5228754067634005,0.3902795765542798,0.40826336042701583,0.4123646354605689,0.6134059254158216,0.3335582440553566,0.3531795229249819,0.3595578475971619,0.309256001463608,0.5193003728964817,0.0,0.5193797600033412,0.4444375799321909,0.3167866665063436,0.3671049828656916,1.0,0.25170906395073256,0.5618159912834255,0.3128307545923462,0.45628346709911893,0.6407292263394558,0.3400750133432481,0.328803868805438,0.3285970971047305,0.4743232603715066,0.4747390472736873,0.32841697851251106,0.3558080357975172
0.29950647722810175,0.2554061539719107,0.20679351673414426,0.3822394316039547,0.2415396072887227,0.27373280283872015,0.259096914074714,0.3813230192381417,0.26178567263544295,0.3861808962981378,0.2633272105467338,0.3805250578047933,0.25202579780616874,0.3758555168392449,0.3745302166734369,0.24541474870220537,0.20542291091543718,0.26340775838011454,0.22676990094312255,0.25347608793640874,0.25497999983881114,0.24748848637297205,0.2646525947590781,0.2179068020010222,0.2300638991840338,0.2355178179441636,0.2493960954529021,0.379297424351697,0.2747715207182947,0.2881069686677561,0.35693098897259534,0.24567719173543423,0.0,0.2721080104690752,0.2502296250491999,0.3877840623183716,0.241196118269693,0.25170906395073256,1.0,0.25779586682394484,0.36316637506699134,0.2645841629974598,0.2622755965467387,0.3803972979766326,0.3849573628050357,0.2603277203218276,0.2525366851478247,0.25283308839332186,0.3690414838222795,0.28145833847799495
0.3682346243548599,0.4592787515904697,0.28735816626749566,0.31689385298222494,0.4712193024621558,0.44986438245018945,0.4056948506370618,0.32993839165787464,0.3626869691975326,0.33118789273979776,0.5660019996042551,0.3231406638114598,0.5776030005294266,0.31616511250556356,0.31223228960716054,0.3992907374615696,0.3637491807282488,0.5370667675076167,0.4854929035098744,0.4098463161928012,0.5456972820666848,0.5556738576899549,0.5614323876449456,0.3917466543488479,0.40370140463356474,0.4245447299218379,0.5807410749505793,0.32370131839661087,0.35551154340150837,0.37839775833775136,0.3096234153762564,0.5207983956014354,0.0,0.5472033952567271,0.4588781637499877,0.3329259644729765,0.37814349050449525,0.5618159912834255,0.25779586682394484,1.0,0.3109865873247243,0.469513113317393,0.5809434893307892,0.3298491223669707,0.32837444587307485,0.3384711242617229,0.48903957698463496,0.48999175614518065,0.3270612250120293,0.37127184971453453
