../ecoli_genomes/GCF_000163235.1_ASM16323v1_genomic.fna.gz,../ecoli_genomes/GCF_000164555.1_ASM16455v1_genomic.fna.gz,../ecoli_genomes/GCF_000208545.1_ASM20854v2_genomic.fna.gz,../ecoli_genomes/GCF_000233875.1_ASM23387v1_genomic.fna.gz,../ecoli_genomes/GCF_000249735.1_ASM24973v2_genomic.fna.gz,../ecoli_genomes/GCF_000261145.1_Esch_coli_M919_V2_genomic.fna.gz,../ecoli_genomes/GCF_000267705.2_ASM26770v2_genomic.fna.gz,../ecoli_genomes/GCF_000350665.1_Esch_coli_KTE5_V1_genomic.fna.gz,../ecoli_genomes/GCF_000351625.1_Esch_coli_KTE66_V1_genomic.fna.gz,../ecoli_genomes/GCF_000352285.1_Esch_coli_KTE46_V1_genomic.fna.gz,../ecoli_genomes/GCF_000358895.1_ASM35889v1_genomic.fna.gz,../ecoli_genomes/GCF_000456385.1_Esch_coli_HVH_26_4-5703913_V1_genomic.fna.gz,../ecoli_genomes/GCF_000458195.1_Esch_coli_HVH_147_4-5893887_V1_genomic.fna.gz,../ecoli_genomes/GCF_000459755.1_Esch_coli_KOEGE_58_171a_V1_genomic.fna.gz,../ecoli_genomes/GCF_000460055.1_Esch_coli_UMEA_3053-1_V1_genomic.fna.gz,../ecoli_genomes/GCF_000462165.2_ASM46216v2_genomic.fna.gz,../ecoli_genomes/GCF_000601135.1_ASM60113v1_genomic.fna.gz,../ecoli_genomes/GCF_000614595.1_Ec2010EL1058_genomic.fna.gz,../ecoli_genomes/GCF_000617745.1_Ec2010C-4529_genomic.fna.gz,../ecoli_genomes/GCF_000618265.2_EcF6751_genomic.fna.gz,../ecoli_genomes/GCF_000619005.2_Ec2009C-4052_genomic.fna.gz,../ecoli_genomes/GCF_000619105.1_Ec2009C-4780_genomic.fna.gz,../ecoli_genomes/GCF_000619765.2_Ec2009C-3279_genomic.fna.gz,../ecoli_genomes/GCF_000687005.1_ASM68700v1_genomic.fna.gz,../ecoli_genomes/GCF_000687025.1_ASM68702v1_genomic.fna.gz,../ecoli_genomes/GCF_000700125.1_ASM70012v1_genomic.fna.gz,../ecoli_genomes/GCF_000753315.1_FHI35_genomic.fna.gz,../ecoli_genomes/GCF_000776375.1_ASM77637v1_genomic.fna.gz,../ecoli_genomes/GCF_000779395.1_ASM77939v1_genomic.fna.gz,../ecoli_genomes/GCF_000780315.1_ASM78031v1_genomic.fna.gz,../ecoli_genomes/GCF_000781995.1_ASM78199v1_genomic.fna.gz,../ecoli_genomes/GCF_000986765.1_ASM98676v1_genomic.fna.gz,../ecoli_genomes/GCF_001041375.1_ViralProj287958_genomic.fna.gz,../ecoli_genomes/GCF_001265335.1_302014_genomic.fna.gz,../ecoli_genomes/GCF_001265625.1_100854_genomic.fna.gz,../ecoli_genomes/GCF_001267345.1_303289_genomic.fna.gz,../ecoli_genomes/GCF_001309985.1_ASM130998v1_genomic.fna.gz,../ecoli_genomes/GCF_001521695.1_ASM152169v1_genomic.fna.gz,../ecoli_genomes/GCF_001592595.1_ASM159259v1_genomic.fna.gz,../ecoli_genomes/GCF_001614975.1_ASM161497v1_genomic.fna.gz,../ecoli_genomes/GCF_001692775.1_ASM169277v1_genomic.fna.gz,../ecoli_genomes/GCF_001748915.1_ASM174891v1_genomic.fna.gz,../ecoli_genomes/GCF_001749235.1_ASM174923v1_genomic.fna.gz,../ecoli_genomes/GCF_001881155.1_ASM188115v1_genomic.fna.gz,../ecoli_genomes/GCF_001881345.1_ASM188134v1_genomic.fna.gz,../ecoli_genomes/GCF_001892405.1_ASM189240v1_genomic.fna.gz,../ecoli_genomes/GCF_001892585.1_ASM189258v1_genomic.fna.gz,../ecoli_genomes/GCF_001893985.1_ASM189398v1_genomic.fna.gz,../ecoli_genomes/GCF_002001595.1_ASM200159v1_genomic.fna.gz,../ecoli_genomes/GCF_002002145.1_ASM200214v1_genomic.fna.gz
1.0,0.7809026709071183,0.7744942254863837,0.7647289360540317,0.7418159160074473,0.7467876957868199,0.7803069399550874,0.7645235588436226,0.7981799311797352,0.7759404871465138,0.7751561570389964,0.7710452214429514,0.7643657994399207,0.7625091573480292,0.7583205904793888,0.7778287270942916,0.6875512422366661,0.7727423635897236,0.7344199502125945,0.7815096858597318,0.7711436759470904,0.7441975261714782,0.7796225082801931,0.7233447533840014,0.695212786713197,0.685039329350415,0.77675219923492,0.7665339122720639,0.7814315562691906,0.802376462103898,0.7503768771198681,0.7606649821116681,0.06941091158040913,0.7732549123159361,0.74218416098905,0.743169362742394,0.7620214417483319,0.7670718291106984,0.5646422967498255,0.7771828845612566,0.7562135039457969,0.7522515397330876,0.7753941904411514,0.7697403819856838,0.7749500828348721,0.7808316398839859,0.7576593532214251,0.7566080771580712,0.7681546167851161,0.7842941321096507
0.7809026709071183,1.0,0.7700790987019839,0.7745823167791139,0.7700906363514801,0.8097480532101119,0.7815323178808949,0.7620447933065673,0.7593308113774913,0.773737146898895,0.816837748078483,0.7655161287769188,0.7926131039441358,0.7729150050274551,0.7641112252555705,0.7787640899014965,0.7070711143306541,0.8160276080977457,0.7544734076583055,0.7835360390319281,0.8023502501136318,0.7634024841908544,0.8044240537797884,0.7708897292434922,0.7298863561133073,0.70783045070379,0.8074855681252192,0.7680064743084185,0.7652792718010115,0.7707878937276027,0.7585142574590521,0.7817754992453145,0.07252673425026546,0.792262360063622,0.8197966462375919,0.7452136164788631,0.7670088444297072,0.7916523943656195,0.5447611628216769,0.7938990616400986,0.7600440270087008,0.8192309957394414,0.8124245504334249,0.7695482245934473,0.7678738633384604,0.7581239319093811,0.8086691898522735,0.8057260085160765,0.7679806479903808,0.7629273527494164
0.7744942254863837,0.7700790987019839,1.0,0.7471503874605134,0.7305617274232127,0.7336041303041068,0.7541278873396097,0.7456591894389157,0.7596264375313317,0.7525508794314425,0.7687565424434656,0.7412411022012169,0.760286704884076,0.7513808852357627,0.7431399211787904,0.7509229274875631,0.6637955213363484,0.7668810220717989,0.7203682489947201,0.756656372154311,0.7691531520105463,0.73149670418725,0.7651834910484694,0.7040778199971153,0.6723893291305059,0.6600258543896255,0.7704938377322363,0.7512096264664652,0.7720609360911167,0.7658633804124148,0.7387888789937049,0.7397173694158472,0.07888175449154744,0.7526638450340477,0.7323974044664174,0.7380452392781196,0.7412353975103745,0.7480878091316701,0.536669628034312,0.7580842876982743,0.7467489446463417,0.7555310460999866,0.7680165771690884,0.7548029801667567,0.7489532058382677,0.7556614115845541,0.747512413096694,0.7443933250492769,0.754748766897156,0.7663533522727782
0.7647289360540317,0.7745823167791139,0.7471503874605134,1.0,0.7445235019364964,0.7456477193328702,0.7548320345535975,0.8264379329343216,0.7588715783329563,0.8365621025929522,0.7592857912735465,0.8229768133228831,0.7569679954002995,0.8529885281120175,0.859089562194406,0.7596619284391094,0.6776429745475058,0.7654517664570082,0.7210517662091644,0.7582336695997286,0.7577746296143263,0.7333704238784371,0.7741290547893402,0.7128007733182288,0.684397745845033,0.6714509977613524,0.763703086802664,0.8329645627564524,0.7672356127109821,0.7696529795098941,0.8267902266037654,0.7618724212038909,0.07427139173401731,0.7549665500073925,0.7332310291462347,0.7802275969033468,0.745216387018843,0.7493263545033872,0.5678907865237506,0.7512098717009439,0.8414521246303048,0.7548934574592174,0.7647796679306328,0.8311278886630089,0.8247885417529885,0.761223985037877,0.7460015304361809,0.744947259629849,0.81114956400686,0.7684405065630338
0.7418159160074473,0.7700906363514801,0.7305617274232127,0.7445235019364964,1.0,0.7571703754284974,0.7502466632776585,0.7403246064495695,0.7433132433536971,0.7506475986324814,0.7937400220175403,0.7342231102970899,0.7940443096213352,0.7409029257885287,0.751874547385406,0.7626561909647648,0.6939698140098234,0.7680572266127236,0.732810531088878,0.7525530406049943,0.7817560450775156,0.733885904723826,0.7748131589669378,0.7296471869093455,0.6960502092665697,0.6937601230184767,0.7745005948705583,0.733717141559574,0.7427104641970759,0.752526040930822,0.7335930597874794,0.7791429350158836,0.08010861149792248,0.7735592893838313,0.7516161150135652,0.7151615059622576,0.7496840667489874,0.7802458836405787,0.5496596247511578,0.7768860350567856,0.7501902160356448,0.7685997996379859,0.7898939604010264,0.7391939029884737,0.73666875842749,0.7357853124092513,0.7694270833841332,0.7674081755695331,0.7439134724418671,0.7366203763167387
0.7467876957868199,0.8097480532101119,0.7336041303041068,0.7456477193328702,0.7571703754284974,1.0,0.7720116785600468,0.7387546647112198,0.7376141096830867,0.7419287360785033,0.7910519331759885,0.7380473852287095,0.7647243521503597,0.741398348300754,0.735657498225765,0.7753374162461539,0.7060375542330302,0.7865803251317379,0.750426167171129,0.7626352113825564,0.7741806196024057,0.795159270150105,0.7806897262072989,0.784794545908539,0.7470657102952509,0.7186518612161075,0.7665624579248823,0.7411772253749609,0.7422642803180537,0.7396942973539787,0.7273985798635583,0.7711611035870378,0.07126635969130346,0.7715312776849288,0.8084513303098084,0.728314905595907,0.7541606513227664,0.7688516307170832,0.5460575258546245,0.7670152167739245,0.7348310346801401,0.8005925840405306,0.7766424191882275,0.7431786320438438,0.742407860655032,0.7354353549190237,0.7851757716585405,0.7828532493525358,0.7308560360484928,0.7391473350667084
0.7803069399550874,0.7815323178808949,0.7541278873396097,0.7548320345535975,0.7502466632776585,0.7720116785600468,1.0,0.7515677614254133,0.7743746852027408,0.7587404176203228,0.7856924884123831,0.7487790434549119,0.7765934877456757,0.7567504848993661,0.7483826313408495,0.8967092308921711,0.6812550218338305,0.7896878754916694,0.7652858266266611,0.939556647445421,0.7997559135533001,0.7719751762007578,0.8064440270567348,0.7263632130586722,0.6884659422308843,0.6739590326000301,0.8002230961085369,0.7587166954761194,0.7620944811591859,0.7767851937816816,0.7426028972775798,0.7745125903351002,0.06647426755670349,0.7935944913115363,0.7551521536101454,0.7497995877041781,0.9013147605144917,0.7705713478123823,0.5523409134881865,0.7863930697442587,0.748925497121481,0.769620035052405,0.7960673559585334,0.7595714815407779,0.7574814379519126,0.7563950645868653,0.7588580505078696,0.7561499664775652,0.7600435387522461,0.7628294135114264
0.7645235588436226,0.7620447933065673,0.7456591894389157,0.8264379329343216,0.7403246064495695,0.7387546647112198,0.7515677614254133,1.0,0.7513868367438725,0.8282095512528845,0.7544991144851578,0.8256863329256778,0.7566767504928031,0.822363966295016,0.8201652542516283,0.7540385907121079,0.6861013112527945,0.7566688374993806,0.7217313215430312,0.7537820656231509,0.7526046008338225,0.730251198501218,0.7690878368758463,0.7148649337937607,0.6880583050455054,0.6796578750865537,0.761159932410782,0.887423364135227,0.7685913086411513,0.7622138214791901,0.807738311425023,0.7573176834337936,0.073634983955291,0.7573422856138193,0.7312668806057785,0.7748620814582226,0.7382934531682475,0.7643137648836792,0.5885875160819756,0.7615088876256692,0.8155862373733679,0.745366400177236,0.7612042158457317,0.8906131913066402,0.8791152273162193,0.7574940234871901,0.7472296255663203,0.7461944418556723,0.8131731955693389,0.7649891841786685
0.7981799311797352,0.7593308113774913,0.7596264375313317,0.7588715783329563,0.7433132433536971,0.7376141096830867,0.7743746852027408,0.7513868367438725,1.0,0.7657607287881076,0.7669043616532961,0.7496129442384915,0.7737664744300383,0.7525570245984354,0.7570236687756581,0.7766666197137793,0.6607787712119659,0.7621561569962073,0.7282045924461246,0.7785522392046658,0.7698608859069082,0.7405521413640668,0.7790549628504866,0.6969751608948176,0.6657525453682027,0.6610122322065486,0.7769695980440797,0.7535207739141068,0.7758803820098858,0.8021683849599683,0.746460613174202,0.7578004188955657,0.08012358114222862,0.7696937146673487,0.7229061977663789,0.7434911651399702,0.7641989490930862,0.7578001768043607,0.545452853082008,0.766366853393307,0.7511252849061434,0.7499325956086822,0.7787622431942532,0.7536118522638928,0.751183776203214,0.769773688799364,0.7481161404893638,0.745712363637477,0.7601408482550946,0.7831729281054441
0.7759404871465138,0.773737146898895,0.7525508794314425,0.8365621025929522,0.7506475986324814,0.7419287360785033,0.7587404176203228,0.8282095512528845,0.7657607287881076,1.0,0.7699790431769531,0.8138159922388712,0.767297185913627,0.8303634181752753,0.8331887576593234,0.7626553182100966,0.6624174222869825,0.7607521685539786,0.7196850522770148,0.7625041730689515,0.7588057393129665,0.7360163491636308,0.765791525136792,0.7054483414074071,0.6716908672518604,0.6642981784537743,0.7679625020832349,0.8289931644441777,0.776923761653402,0.7741977129245297,0.8342736853989258,0.7490330221358075,0.07212421237591848,0.7553811632630693,0.7280592302136466,0.7819030812395709,0.7490764502973684,0.7521119906629895,0.5646160590389104,0.7565110452485018,0.8414985284256007,0.7493063121828002,0.7691357279086992,0.8259719563552492,0.826958935077261,0.766965814892799,0.7441399153732245,0.7415570967415333,0.8234362871930658,0.7731660110070628
0.7751561570389964,0.816837748078483,0.7687565424434656,0.7592857912735465,0.7937400220175403,0.7910519331759885,0.7856924884123831,0.7544991144851578,0.7669043616532961,0.7699790431769531,1.0,0.7507406553769714,0.8225567766030129,0.7622290074147873,0.757596415849625,0.7893739085380189,0.6919127326456314,0.8252924172306212,0.7708975487124315,0.7879575942136319,0.821417688915502,0.7978696399306432,0.8197222938369361,0.7522921938491647,0.7001086482862335,0.7028058535448413,0.8283536567045469,0.7631547194676767,0.7684127870928869,0.7750704070584977,0.7504393888857938,0.7884508310532437,0.07862164478960876,0.8065909751931227,0.7829621213781044,0.7455047473963325,0.7695639414544853,0.8097888403044933,0.5386918444072739,0.8241333133519082,0.7566456796591757,0.810613107536277,0.8349417905668257,0.7620886041406073,0.7588496478803524,0.759275600900946,0.7963293098328751,0.7929013687652611,0.7675108667244779,0.7638947457353789
0.7710452214429514,0.7655161287769188,0.7412411022012169,0.8229768133228831,0.7342231102970899,0.7380473852287095,0.7487790434549119,0.8256863329256778,0.7496129442384915,0.8138159922388712,0.7507406553769714,1.0,0.747504034519791,0.8209439896223776,0.8340558969386309,0.7508117665511124,0.7021176641662996,0.748293409023666,0.7161091005876212,0.7503077617993579,0.7476457225553482,0.7310841193931714,0.7613676731952482,0.7332977461218875,0.7076361829364328,0.6950491174884383,0.7542722717214603,0.8159553896277558,0.7687807488544155,0.7663687563830526,0.7934993527173128,0.7563183083747119,0.07004051297783276,0.7518350884608948,0.7403519955315219,0.7654772711966862,0.7336004067567945,0.755734618246864,0.6066155501119277,0.7669217103252628,0.8028283954390609,0.7403125483741644,0.7593914405477834,0.8263296756681056,0.8236344790281761,0.7658834747013988,0.7579182590975009,0.757343782559744,0.8028552425492437,0.7655246548005721
0.7643657994399207,0.7926131039441358,0.760286704884076,0.7569679954002995,0.7940443096213352,0.7647243521503597,0.7765934877456757,0.7566767504928031,0.7737664744300383,0.767297185913627,0.8225567766030129,0.747504034519791,1.0,0.7551962185712646,0.7584316984216734,0.7851603761386993,0.6783756665453469,0.8128106948731604,0.7995185135035103,0.7826151696876653,0.822327966523477,0.7997728767172424,0.8343147337834,0.7272217490343564,0.6806438131891969,0.683432249482971,0.8327432308879344,0.7602473826314289,0.7710898959244176,0.7779552178784892,0.748767403644776,0.8084573572096754,0.0812847828323029,0.826656921715647,0.763405828382469,0.734332538119556,0.7745407929136772,0.8087132805670316,0.5390362641485335,0.8220833114412076,0.7588705649930668,0.7866833412310228,0.8379485887944722,0.7572583095457942,0.7541814703125485,0.7475943306592272,0.7835929019410014,0.7795390782507869,0.7618427679801049,0.7647682203531523
0.7625091573480292,0.7729150050274551,0.7513808852357627,0.8529885281120175,0.7409029257885287,0.741398348300754,0.7567504848993661,0.822363966295016,0.7525570245984354,0.8303634181752753,0.7622290074147873,0.8209439896223776,0.7551962185712646,1.0,0.8506607909410469,0.7557176527281806,0.670713555816373,0.7638648350077876,0.7193882401096516,0.760090941498491,0.7585265724183234,0.7310034714616235,0.7687000561760131,0.7056050416183433,0.6760841752627171,0.6664513824032025,0.7665533060320165,0.8356192921184513,0.7681381819773192,0.7664921323747833,0.8251329789679304,0.7516887014099954,0.07713333573379555,0.7533502884521356,0.7344925266444421,0.7848211047835213,0.7445069000804702,0.751733312437615,0.5593093479801297,0.7493103643152945,0.8396312795064733,0.75717730006495,0.7641108933966134,0.8334638060396325,0.8266373828443011,0.7647967695641129,0.7463344515767778,0.7453312381739028,0.8201447674388045,0.7707136987659233
0.7583205904793888,0.7641112252555705,0.7431399211787904,0.859089562194406,0.751874547385406,0.735657498225765,0.7483826313408495,0.8201652542516283,0.7570236687756581,0.8331887576593234,0.757596415849625,0.8340558969386309,0.7584316984216734,0.8506607909410469,1.0,0.7545896136636134,0.6772157091273112,0.7577909120352782,0.7144463655836416,0.7530016115829739,0.752518809058513,0.7286499505656708,0.7683679422544436,0.7071352347933118,0.6786311487113714,0.6735577522507381,0.7600771228049503,0.8197738747121045,0.7654228817989381,0.7640928793920361,0.831719512591512,0.752894998301421,0.07296235783778915,0.7496535533716274,0.7281421656992848,0.7719949210798762,0.7389944676543438,0.7509164149726187,0.5663908596051892,0.7503018143956235,0.8429822660903072,0.7498001893607893,0.7604922688323237,0.8223693816500619,0.8143373025770808,0.7630927136728074,0.7483463261980969,0.747109328062362,0.808125304128013,0.7674045992591231
0.7778287270942916,0.7787640899014965,0.7509229274875631,0.7596619284391094,0.7626561909647648,0.7753374162461539,0.8967092308921711,0.7540385907121079,0.7766666197137793,0.7626553182100966,0.7893739085380189,0.7508117665511124,0.7851603761386993,0.7557176527281806,0.7545896136636134,1.0,0.6856369066217219,0.7830685238697475,0.7642087702250885,0.901193969240692,0.7885948382570568,0.7753396365980085,0.7976470147995354,0.7319853644879994,0.6979958384767286,0.6857477340980003,0.7901307085996235,0.7543072684751209,0.758116837235251,0.7846250544679204,0.7440876768010092,0.7793946037495114,0.07049491132191421,0.7858863171482775,0.7519703718444094,0.7426809587030094,0.887137097043452,0.772316034539141,0.5468863983673569,0.7851669138999351,0.7538511187318855,0.7655739039096576,0.792490142315115,0.7565415575864174,0.7532679781914452,0.7578751404696219,0.7589360627166408,0.7560470647475475,0.7593593539254073,0.7601485989766024
0.6875512422366661,0.7070711143306541,0.6637955213363484,0.6776429745475058,0.6939698140098234,0.7060375542330302,0.6812550218338305,0.6861013112527945,0.6607787712119659,0.6624174222869825,0.6919127326456314,0.7021176641662996,0.6783756665453469,0.670713555816373,0.6772157091273112,0.6856369066217219,1.0,0.6930341104388448,0.6527445820134052,0.6777904204358499,0.6908329881214215,0.665914906552417,0.6940143199473194,0.8032477899148528,0.8144808331221052,0.79117699631881,0.6865960623496923,0.6672533757909715,0.6596010634246758,0.6740262403469938,0.6616765983732174,0.7308941524140943,0.06600711638494516,0.6995417271578808,0.7549667072988431,0.6498469894213053,0.6688912100217753,0.7119751236999905,0.6480367513415072,0.7328078794995396,0.6644022629801134,0.7036541667571248,0.6915881855781176,0.6874964794188397,0.686021794362416,0.6722605541301307,0.7644051882877585,0.7699382504076713,0.6582354768786751,0.6606247051802554
0.7727423635897236,0.8160276080977457,0.7668810220717989,0.7654517664570082,0.7680572266127236,0.7865803251317379,0.7896878754916694,0.7566688374993806,0.7621561569962073,0.7607521685539786,0.8252924172306212,0.748293409023666,0.8128106948731604,0.7638648350077876,0.7577909120352782,0.7830685238697475,0.6930341104388448,1.0,0.7887516113531964,0.7928156200216284,0.8363648041175635,0.794918748917743,0.8356201640524904,0.7470250370999487,0.6974215316750665,0.686901567910823,0.8270392384874221,0.7645916095366544,0.7702800516565114,0.7717347479886418,0.7495507785026063,0.7919333685896862,0.07762645663207934,0.8105705297813757,0.7828466469667669,0.754311967087073,0.7776275875464523,0.7947715160359693,0.546521072900749,0.8118037965375202,0.7573307361593088,0.8068136367513306,0.8231130587447056,0.7629336213943587,0.7595452705111813,0.7546383785979156,0.7949539040964004,0.7915587932445753,0.7579337376313072,0.7627827048011206
0.7344199502125945,0.7544734076583055,0.7203682489947201,0.7210517662091644,0.732810531088878,0.750426167171129,0.7652858266266611,0.7217313215430312,0.7282045924461246,0.7196850522770148,0.7708975487124315,0.7161091005876212,0.7995185135035103,0.7193882401096516,0.7144463655836416,0.7642087702250885,0.6527445820134052,0.7887516113531964,1.0,0.7634486426885423,0.7901738233282813,0.8058141130084214,0.7889795145475655,0.7005363854219591,0.662734134958615,0.6518431987830662,0.7802392737842618,0.7266536439983143,0.7299481009162869,0.7308114136260748,0.7068031397648835,0.7728955487992862,0.06805848438117601,0.7766517348572629,0.7296511953076967,0.7121845144268889,0.7526549144563816,0.7579466425354215,0.5272738284273875,0.7677597888380437,0.7183232936278325,0.7507956184918565,0.7796736595923645,0.7290082100185944,0.7266038384727396,0.7216342080825262,0.7411050651383744,0.7389276742922202,0.7212178011155694,0.7271897756087248
0.7815096858597318,0.7835360390319281,0.756656372154311,0.7582336695997286,0.7525530406049943,0.7626352113825564,0.939556647445421,0.7537820656231509,0.7785522392046658,0.7625041730689515,0.7879575942136319,0.7503077617993579,0.7826151696876653,0.760090941498491,0.7530016115829739,0.901193969240692,0.6777904204358499,0.7928156200216284,0.7634486426885423,1.0,0.800999777865236,0.7651625185008768,0.8068118342882096,0.7181655633733623,0.6832464571743988,0.669900941226355,0.8016219182885544,0.7611013139578535,0.7668860722402331,0.782506393871123,0.7469066141657627,0.772828923051533,0.06741678078741187,0.7934492869012165,0.7496032864862447,0.751617340301558,0.9092551641399748,0.7746832755969425,0.5477882889590355,0.7910870392562896,0.7538098481577583,0.768850578014504,0.8018208730429814,0.7603800117576027,0.7575528181596195,0.7623224052873431,0.7594186349008929,0.7568321647084458,0.7654732388615884,0.7679802094664969
0.7711436759470904,0.8023502501136318,0.7691531520105463,0.7577746296143263,0.7817560450775156,0.7741806196024057,0.7997559135533001,0.7526046008338225,0.7698608859069082,0.7588057393129665,0.821417688915502,0.7476457225553482,0.822327966523477,0.7585265724183234,0.752518809058513,0.7885948382570568,0.6908329881214215,0.8363648041175635,0.7901738233282813,0.800999777865236,1.0,0.788875509859325,0.84317866873116,0.734415723899219,0.6912425415678649,0.6901455600366899,0.8360024692104683,0.7628217987573463,0.7700362490677131,0.7780360941708923,0.7445127161140205,0.8054152740206476,0.07245135319257046,0.823078717190445,0.7747392665258563,0.755169977743974,0.7842679771432456,0.802631562075319,0.5425715379133225,0.8211593492920914,0.7554080991830462,0.7970053488508626,0.8331527012219306,0.7608555928692836,0.7578306069960102,0.7617460536403389,0.7966438298048706,0.792529484187622,0.7634542489905476,0.7653944769567894
0.7441975261714782,0.7634024841908544,0.73149670418725,0.7333704238784371,0.733885904723826,0.795159270150105,0.7719751762007578,0.730251198501218,0.7405521413640668,0.7360163491636308,0.7978696399306432,0.7310841193931714,0.7997728767172424,0.7310034714616235,0.7286499505656708,0.7753396365980085,0.665914906552417,0.794918748917743,0.8058141130084214,0.7651625185008768,0.788875509859325,1.0,0.8329048497839661,0.7278162984037113,0.6892469830243446,0.6750657152749822,0.787114554216657,0.7395062175650774,0.7418653818211399,0.7373708648298962,0.7187646457776116,0.7801665154035002,0.07830165249477206,0.8129386862968732,0.744902104869742,0.7236772044091345,0.7518759235914633,0.7776387470463548,0.5338049543086698,0.7825347533841761,0.7238501593472395,0.7610989280842161,0.7932348285750216,0.7391992927063757,0.7365364154294631,0.735505903425535,0.7512352373031644,0.7481140961738811,0.7319894473268485,0.7390247237049303
0.7796225082801931,0.8044240537797884,0.7651834910484694,0.7741290547893402,0.7748131589669378,0.7806897262072989,0.8064440270567348,0.7690878368758463,0.7790549628504866,0.765791525136792,0.8197222938369361,0.7613676731952482,0.8343147337834,0.7687000561760131,0.7683679422544436,0.7976470147995354,0.6940143199473194,0.8356201640524904,0.7889795145475655,0.8068118342882096,0.84317866873116,0.8329048497839661,1.0,0.735585033982388,0.6960554963497656,0.6846347527566573,0.8443680937019218,0.7780556600616113,0.7799772328701561,0.7761262930615658,0.7538050795323693,0.8179944099750736,0.07936491478373309,0.8630781497780937,0.7727048146668746,0.7551625066113734,0.7931807729381696,0.8170471903853668,0.5546198356577615,0.826722993494059,0.7610737829060734,0.7926634645829344,0.8407999004039204,0.7747922120971855,0.7728921726181787,0.7690567046184499,0.7900979315477622,0.7878414591460838,0.7704717516031091,0.7763991519397159
0.7233447533840014,0.7708897292434922,0.7040778199971153,0.7128007733182288,0.7296471869093455,0.784794545908539,0.7263632130586722,0.7148649337937607,0.6969751608948176,0.7054483414074071,0.7522921938491647,0.7332977461218875,0.7272217490343564,0.7056050416183433,0.7071352347933118,0.7319853644879994,0.8032477899148528,0.7470250370999487,0.7005363854219591,0.7181655633733623,0.734415723899219,0.7278162984037113,0.735585033982388,1.0,0.8306309364708069,0.7833454161628132,0.7334073592174705,0.7003299215397489,0.6937392081658385,0.7099266851103737,0.6935208381929269,0.7577027258656931,0.06210734029579523,0.7322996214867759,0.8166756266042081,0.6843308847598887,0.7105736822303856,0.7456898209534317,0.6025308020595875,0.7616929862528179,0.6990951338807985,0.7579870489629543,0.7359157517838403,0.7180364273511155,0.7152018280676222,0.7031611634155829,0.787562650469015,0.7889756094119293,0.6906712924263009,0.6932287939239578
0.695212786713197,0.7298863561133073,0.6723893291305059,0.684397745845033,0.6960502092665697,0.7470657102952509,0.6884659422308843,0.6880583050455054,0.6657525453682027,0.6716908672518604,0.7001086482862335,0.7076361829364328,0.6806438131891969,0.6760841752627171,0.6786311487113714,0.6979958384767286,0.8144808331221052,0.6974215316750665,0.662734134958615,0.6832464571743988,0.6912425415678649,0.6892469830243446,0.6960554963497656,0.8306309364708069,1.0,0.796546217964635,0.6871333542089928,0.6699894276023657,0.6596661481851229,0.6774469129509152,0.664741913152199,0.7388701607596099,0.06490594430192143,0.6967530732664062,0.7717892651790221,0.6531749187068129,0.6767927185509797,0.7205985585429086,0.6273762310554237,0.7296747816007676,0.6674428224615242,0.7115431106778545,0.6966625455061026,0.6943967617042545,0.6917513324467128,0.6807442362668792,0.7542006209673272,0.7583734056685392,0.6665459302409726,0.6618585245725745
0.685039329350415,0.70783045070379,0.6600258543896255,0.6714509977613524,0.6937601230184767,0.7186518612161075,0.6739590326000301,0.6796578750865537,0.6610122322065486,0.6642981784537743,0.7028058535448413,0.6950491174884383,0.683432249482971,0.6664513824032025,0.6735577522507381,0.6857477340980003,0.79117699631881,0.686901567910823,0.6518431987830662,0.669900941226355,0.6901455600366899,0.6750657152749822,0.6846347527566573,0.7833454161628132,0.796546217964635,1.0,0.6816759447247198,0.6631744404516835,0.6551418533685964,0.6671806416868968,0.6590777580416687,0.718309444939426,0.07313236624171238,0.6896502681014897,0.7510008752499815,0.6454861701658723,0.6608363471304111,0.7186266493556981,0.6158727833583378,0.7204761625789209,0.6619684344070191,0.7071666649515551,0.6872391632197965,0.68345522624696,0.6807585513991485,0.6657600142858426,0.7520858293558768,0.757540128710089,0.6587557195853737,0.6525136085096126
0.77675219923492,0.8074855681252192,0.7704938377322363,0.763703086802664,0.7745005948705583,0.7665624579248823,0.8002230961085369,0.761159932410782,0.7769695980440797,0.7679625020832349,0.8283536567045469,0.7542722717214603,0.8327432308879344,0.7665533060320165,0.7600771228049503,0.7901307085996235,0.6865960623496923,0.8270392384874221,0.7802392737842618,0.8016219182885544,0.8360024692104683,0.787114554216657,0.8443680937019218,0.7334073592174705,0.6871333542089928,0.6816759447247198,1.0,0.7694337595624812,0.7810758450907491,0.7820916213053455,0.7545108218893306,0.8059048258028527,0.07371564071713088,0.8264715736240634,0.7697351304333394,0.7508661999987349,0.7841899788641835,0.826420913154263,0.542494143580474,0.8319251751177562,0.7614906730156747,0.79418023162046,0.8615476784595738,0.7699413909313997,0.7647430878335745,0.7675158028188522,0.7851612908138251,0.7821816607861822,0.7703291549534794,0.7768575798506141
0.7665339122720639,0.7680064743084185,0.7512096264664652,0.8329645627564524,0.733717141559574,0.7411772253749609,0.7587166954761194,0.887423364135227,0.7535207739141068,0.8289931644441777,0.7631547194676767,0.8159553896277558,0.7602473826314289,0.8356192921184513,0.8197738747121045,0.7543072684751209,0.6672533757909715,0.7645916095366544,0.7266536439983143,0.7611013139578535,0.7628217987573463,0.7395062175650774,0.7780556600616113,0.7003299215397489,0.6699894276023657,0.6631744404516835,0.7694337595624812,1.0,0.7765897155331687,0.7606068936333964,0.8125401363889223,0.7579802996730758,0.07154909554265532,0.7646754379714099,0.7272638373152043,0.782704254727782,0.7440707841097933,0.7617545694780765,0.5754074150331224,0.7607712334948289,0.8186705599482856,0.749220560774251,0.7671648273248954,0.9206954412033577,0.9041195901372558,0.7600076989950778,0.7446259606888999,0.7431250276822071,0.8185614668190895,0.7697198601304376
0.7814315562691906,0.7652792718010115,0.7720609360911167,0.7672356127109821,0.7427104641970759,0.7422642803180537,0.7620944811591859,0.7685913086411513,0.7758803820098858,0.776923761653402,0.7684127870928869,0.7687807488544155,0.7710898959244176,0.7681381819773192,0.7654228817989381,0.758116837235251,0.6596010634246758,0.7702800516565114,0.7299481009162869,0.7668860722402331,0.7700362490677131,0.7418653818211399,0.7799772328701561,0.6937392081658385,0.6596661481851229,0.6551418533685964,0.7810758450907491,0.7765897155331687,1.0,0.7766591363769746,0.7595795879554692,0.755660785358468,0.07146408304572649,0.7754088914914373,0.7276844608282098,0.7580518763088976,0.7511360228075881,0.7618202501572309,0.5543261373216758,0.7683160123585262,0.7630637072435631,0.7526600890123332,0.7802176251995607,0.7702739671660531,0.7699758140291133,0.7927923475230474,0.7455958801522077,0.7426128363287866,0.7767194067866658,0.8567909282940174
0.802376462103898,0.7707878937276027,0.7658633804124148,0.7696529795098941,0.752526040930822,0.7396942973539787,0.7767851937816816,0.7622138214791901,0.8021683849599683,0.7741977129245297,0.7750704070584977,0.7663687563830526,0.7779552178784892,0.7664921323747833,0.7640928793920361,0.7846250544679204,0.6740262403469938,0.7717347479886418,0.7308114136260748,0.782506393871123,0.7780360941708923,0.7373708648298962,0.7761262930615658,0.7099266851103737,0.6774469129509152,0.6671806416868968,0.7820916213053455,0.7606068936333964,0.7766591363769746,1.0,0.7544344798260655,0.760796022745599,0.0787168336446693,0.7669609904382122,0.7345679430186078,0.7467471135643537,0.7689703886333238,0.7610567238651942,0.5492450644100431,0.7809253689980893,0.7653314888467246,0.7536683190252378,0.7811022401656591,0.7648534112851045,0.7623902829591793,0.7812107303170529,0.7598907522310904,0.7576877509193521,0.7732373484375011,0.7800870553497115
0.7503768771198681,0.7585142574590521,0.7387888789937049,0.8267902266037654,0.7335930597874794,0.7273985798635583,0.7426028972775798,0.807738311425023,0.746460613174202,0.8342736853989258,0.7504393888857938,0.7934993527173128,0.748767403644776,0.8251329789679304,0.831719512591512,0.7440876768010092,0.6616765983732174,0.7495507785026063,0.7068031397648835,0.7469066141657627,0.7445127161140205,0.7187646457776116,0.7538050795323693,0.6935208381929269,0.664741913152199,0.6590777580416687,0.7545108218893306,0.8125401363889223,0.7595795879554692,0.7544344798260655,1.0,0.7392529952036423,0.07295385818694045,0.7466456650541258,0.7194958278112142,0.7710681005309066,0.7318307765217039,0.7392529698029426,0.5687378862076378,0.743550519849391,0.8590936457101555,0.7403618853493481,0.7519303070703901,0.8136339750529705,0.8075760616349149,0.7561008176918707,0.7377568486720885,0.7358870379366516,0.8003139295405289,0.7612238854459925
0.7606649821116681,0.7817754992453145,0.7397173694158472,0.7618724212038909,0.7791429350158836,0.7711611035870378,0.7745125903351002,0.7573176834337936,0.7578004188955657,0.7490330221358075,0.7884508310532437,0.7563183083747119,0.8084573572096754,0.7516887014099954,0.752894998301421,0.7793946037495114,0.7308941524140943,0.7919333685896862,0.7728955487992862,0.772828923051533,0.8054152740206476,0.7801665154035002,0.8179944099750736,0.7577027258656931,0.7388701607596099,0.718309444939426,0.8059048258028527,0.7579802996730758,0.755660785358468,0.760796022745599,0.7392529952036423,1.0,0.07195200934279256,0.8016508560705208,0.7644538978554971,0.7281835536155625,0.7694309235148931,0.806253159197886,0.57759703682979,0.8155918268238208,0.7497753175199997,0.7714412635531638,0.8134359264078573,0.7599969744456626,0.7602834297513502,0.748953530851275,0.7881869228916293,0.787547579355169,0.7442276440316624,0.754196102569974
0.06941091158040913,0.07252673425026546,0.07888175449154744,0.07427139173401731,0.08010861149792248,0.07126635969130346,0.06647426755670349,0.073634983955291,0.08012358114222862,0.07212421237591848,0.07862164478960876,0.07004051297783276,0.0812847828323029,0.07713333573379555,0.07296235783778915,0.07049491132191421,0.06600711638494516,0.07762645663207934,0.06805848438117601,0.06741678078741187,0.07245135319257046,0.07830165249477206,0.07936491478373309,0.06210734029579523,0.06490594430192143,0.07313236624171238,0.07371564071713088,0.07154909554265532,0.07146408304572649,0.0787168336446693,0.07295385818694045,0.07195200934279256,1.0,0.07570940022122341,0.06604720051493596,0.07318142593319599,0.07255812995914279,0.07640831130085735,0.05399478424784465,0.0743642161521445,0.07619431439775837,0.07145019131080044,0.07338613111028158,0.07256313560093508,0.07267487906039694,0.07305125304669846,0.072537113442806,0.0737856255426933,0.07988915055804957,0.07443095581013048
0.7732549123159361,0.792262360063622,0.7526638450340477,0.7549665500073925,0.7735592893838313,0.7715312776849288,0.7935944913115363,0.7573422856138193,0.7696937146673487,0.7553811632630693,0.8065909751931227,0.7518350884608948,0.826656921715647,0.7533502884521356,0.7496535533716274,0.7858863171482775,0.6995417271578808,0.8105705297813757,0.7766517348572629,0.7934492869012165,0.823078717190445,0.8129386862968732,0.8630781497780937,0.7322996214867759,0.6967530732664062,0.6896502681014897,0.8264715736240634,0.7646754379714099,0.7754088914914373,0.7669609904382122,0.7466456650541258,0.8016508560705208,0.07570940022122341,1.0,0.7676379277505522,0.74852545222283,0.7822000073076985,0.8130629980744695,0.5661684557690715,0.829070854888514,0.751720195399356,0.7827425771452386,0.8400415938463539,0.7635431255583727,0.7626781832654684,0.7630970419393877,0.7863960766551673,0.785179983242313,0.7593332032070574,0.7714196634238535
0.74218416098905,0.8197966462375919,0.7323974044664174,0.7332310291462347,0.7516161150135652,0.8084513303098084,0.7551521536101454,0.7312668806057785,0.7229061977663789,0.7280592302136466,0.7829621213781044,0.7403519955315219,0.763405828382469,0.7344925266444421,0.7281421656992848,0.7519703718444094,0.7549667072988431,0.7828466469667669,0.7296511953076967,0.7496032864862447,0.7747392665258563,0.744902104869742,0.7727048146668746,0.8166756266042081,0.7717892651790221,0.7510008752499815,0.7697351304333394,0.7272638373152043,0.7276844608282098,0.7345679430186078,0.7194958278112142,0.7644538978554971,0.06604720051493596,0.7676379277505522,1.0,0.7126730150475897,0.7363737590246825,0.7682886988655383,0.5747333029828869,0.7825999746452308,0.7212421474216542,0.8062354831777077,0.7796331715332128,0.7328507197210677,0.7306390111376526,0.7264848697962143,0.8104055645498894,0.8088933867106093,0.7224228081574239,0.725791216594405
0.743169362742394,0.7452136164788631,0.7380452392781196,0.7802275969033468,0.7151615059622576,0.728314905595907,0.7497995877041781,0.7748620814582226,0.7434911651399702,0.7819030812395709,0.7455047473963325,0.7654772711966862,0.734332538119556,0.7848211047835213,0.7719949210798762,0.7426809587030094,0.6498469894213053,0.754311967087073,0.7121845144268889,0.751617340301558,0.755169977743974,0.7236772044091345,0.7551625066113734,0.6843308847598887,0.6531749187068129,0.6454861701658723,0.7508661999987349,0.782704254727782,0.7580518763088976,0.7467471135643537,0.7710681005309066,0.7281835536155625,0.07318142593319599,0.74852545222283,0.7126730150475897,1.0,0.7371500835126982,0.7314499771577434,0.5608207009484605,0.73629815265848,0.7797876661704568,0.7370740829714393,0.7452052975842924,0.7811993002934333,0.7791055186290357,0.7460255832856879,0.7286442153394113,0.7267570759481385,0.7901990871259614,0.7546063866546415
0.7620214417483319,0.7670088444297072,0.7412353975103745,0.745216387018843,0.7496840667489874,0.7541606513227664,0.9013147605144917,0.7382934531682475,0.7641989490930862,0.7490764502973684,0.7695639414544853,0.7336004067567945,0.7745407929136772,0.7445069000804702,0.7389944676543438,0.887137097043452,0.6688912100217753,0.7776275875464523,0.7526549144563816,0.9092551641399748,0.7842679771432456,0.7518759235914633,0.7931807729381696,0.7105736822303856,0.6767927185509797,0.6608363471304111,0.7841899788641835,0.7440707841097933,0.7511360228075881,0.7689703886333238,0.7318307765217039,0.7694309235148931,0.07255812995914279,0.7822000073076985,0.7363737590246825,0.7371500835126982,1.0,0.7623291349772215,0.5387901810655314,0.7707224699850178,0.7418707595195462,0.7559472308282864,0.7865625162894275,0.7438111095864773,0.7410502306346343,0.7406192858669041,0.7463652049892766,0.7429435253315875,0.7495373785479724,0.7512519674013903
0.7670718291106984,0.7916523943656195,0.7480878091316701,0.7493263545033872,0.7802458836405787,0.7688516307170832,0.7705713478123823,0.7643137648836792,0.7578001768043607,0.7521119906629895,0.8097888403044933,0.755734618246864,0.8087132805670316,0.751733312437615,0.7509164149726187,0.772316034539141,0.7119751236999905,0.7947715160359693,0.7579466425354215,0.7746832755969425,0.802631562075319,0.7776387470463548,0.8170471903853668,0.7456898209534317,0.7205985585429086,0.7186266493556981,0.826420913154263,0.7617545694780765,0.7618202501572309,0.7610567238651942,0.7392529698029426,0.806253159197886,0.07640831130085735,0.8130629980744695,0.7682886988655383,0.7314499771577434,0.7623291349772215,1.0,0.5738708150352847,0.8308121369568782,0.7494437065355526,0.7770256381600987,0.846943062595557,0.7667050968747292,0.7620727449729586,0.755573960623384,0.793790267563172,0.7927921084635159,0.7584307151000411,0.7564898975248022
0.5646422967498255,0.5447611628216769,0.536669628034312,0.5678907865237506,0.5496596247511578,0.5460575258546245,0.5523409134881865,0.5885875160819756,0.545452853082008,0.5646160590389104,0.5386918444072739,0.6066155501119277,0.5390362641485335,0.5593093479801297,0.5663908596051892,0.5468863983673569,0.6480367513415072,0.546521072900749,0.5272738284273875,0.5477882889590355,0.5425715379133225,0.5338049543086698,0.5546198356577615,0.6025308020595875,0.6273762310554237,0.6158727833583378,0.542494143580474,0.5754074150331224,0.5543261373216758,0.5492450644100431,0.5687378862076378,0.57759703682979,0.05399478424784465,0.5661684557690715,0.5747333029828869,0.5608207009484605,0.5387901810655314,0.5738708150352847,1.0,0.5889242123924522,0.5618812558394981,0.5433287587493967,0.5438454313430143,0.5915170276557513,0.5964663719732674,0.560632420132241,0.5907099851852016,0.594274636670729,0.5679692493774456,0.5512214019516534
