../ecoli_genomes/GCF_000163235.1_ASM16323v1_genomic.fna.gz,../ecoli_genomes/GCF_000164555.1_ASM16455v1_genomic.fna.gz,../ecoli_genomes/GCF_000208545.1_ASM20854v2_genomic.fna.gz,../ecoli_genomes/GCF_000233875.1_ASM23387v1_genomic.fna.gz,../ecoli_genomes/GCF_000249735.1_ASM24973v2_genomic.fna.gz,../ecoli_genomes/GCF_000261145.1_Esch_coli_M919_V2_genomic.fna.gz,../ecoli_genomes/GCF_000267705.2_ASM26770v2_genomic.fna.gz,../ecoli_genomes/GCF_000350665.1_Esch_coli_KTE5_V1_genomic.fna.gz,../ecoli_genomes/GCF_000351625.1_Esch_coli_KTE66_V1_genomic.fna.gz,../ecoli_genomes/GCF_000352285.1_Esch_coli_KTE46_V1_genomic.fna.gz,../ecoli_genomes/GCF_000358895.1_ASM35889v1_genomic.fna.gz,../ecoli_genomes/GCF_000456385.1_Esch_coli_HVH_26_4-5703913_V1_genomic.fna.gz,../ecoli_genomes/GCF_000458195.1_Esch_coli_HVH_147_4-5893887_V1_genomic.fna.gz,../ecoli_genomes/GCF_000459755.1_Esch_coli_KOEGE_58_171a_V1_genomic.fna.gz,../ecoli_genomes/GCF_000460055.1_Esch_coli_UMEA_3053-1_V1_genomic.fna.gz,../ecoli_genomes/GCF_000462165.2_ASM46216v2_genomic.fna.gz,../ecoli_genomes/GCF_000601135.1_ASM60113v1_genomic.fna.gz,../ecoli_genomes/GCF_000614595.1_Ec2010EL1058_genomic.fna.gz,../ecoli_genomes/GCF_000617745.1_Ec2010C-4529_genomic.fna.gz,../ecoli_genomes/GCF_000618265.2_EcF6751_genomic.fna.gz,../ecoli_genomes/GCF_000619005.2_Ec2009C-4052_genomic.fna.gz,../ecoli_genomes/GCF_000619105.1_Ec2009C-4780_genomic.fna.gz,../ecoli_genomes/GCF_000619765.2_Ec2009C-3279_genomic.fna.gz,../ecoli_genomes/GCF_000687005.1_ASM68700v1_genomic.fna.gz,../ecoli_genomes/GCF_000687025.1_ASM68702v1_genomic.fna.gz,../ecoli_genomes/GCF_000700125.1_ASM70012v1_genomic.fna.gz,../ecoli_genomes/GCF_000753315.1_FHI35_genomic.fna.gz,../ecoli_genomes/GCF_000776375.1_ASM77637v1_genomic.fna.gz,../ecoli_genomes/GCF_000779395.1_ASM77939v1_genomic.fna.gz,../ecoli_genomes/GCF_000780315.1_ASM78031v1_genomic.fna.gz,../ecoli_genomes/GCF_000781995.1_ASM78199v1_genomic.fna.gz,../ecoli_genomes/GCF_000986765.1_ASM98676v1_genomic.fna.gz,../ecoli_genomes/GCF_001041375.1_ViralProj287958_genomic.fna.gz,../ecoli_genomes/GCF_001265335.1_302014_genomic.fna.gz,../ecoli_genomes/GCF_001265625.1_100854_genomic.fna.gz,../ecoli_genomes/GCF_001267345.1_303289_genomic.fna.gz,../ecoli_genomes/GCF_001309985.1_ASM130998v1_genomic.fna.gz,../ecoli_genomes/GCF_001521695.1_ASM152169v1_genomic.fna.gz,../ecoli_genomes/GCF_001592595.1_ASM159259v1_genomic.fna.gz,../ecoli_genomes/GCF_001614975.1_ASM161497v1_genomic.fna.gz,../ecoli_genomes/GCF_001692775.1_ASM169277v1_genomic.fna.gz,../ecoli_genomes/GCF_001748915.1_ASM174891v1_genomic.fna.gz,../ecoli_genomes/GCF_001749235.1_ASM174923v1_genomic.fna.gz,../ecoli_genomes/GCF_001881155.1_ASM188115v1_genomic.fna.gz,../ecoli_genomes/GCF_001881345.1_ASM188134v1_genomic.fna.gz,../ecoli_genomes/GCF_001892405.1_ASM189240v1_genomic.fna.gz,../ecoli_genomes/GCF_001892585.1_ASM189258v1_genomic.fna.gz,../ecoli_genomes/GCF_001893985.1_ASM189398v1_genomic.fna.gz,../ecoli_genomes/GCF_002001595.1_ASM200159v1_genomic.fna.gz,../ecoli_genomes/GCF_002002145.1_ASM200214v1_genomic.fna.gz
1.0,0.7854322700149414,0.7685773816918837,0.7589502644275771,0.7684422066210521,0.7652663450184055,0.7689377323202446,0.7683660491988771,0.7974309133244286,0.7625675367010265,0.7765774428139907,0.7684612875565199,0.7741143098727443,0.768500456020085,0.7545846484445267,0.7755278582633112,0.7605133691291162,0.775869090998438,0.7446423269558133,0.7721916649139648,0.771449469802397,0.7541288461264253,0.7827097032601472,0.7507745595703548,0.7559866587287705,0.7442030082002447,0.7747506595814723,0.7724957656644929,0.7742157944367292,0.8048497569929188,0.753160250950398,0.7692315426837517,0.04808291129818387,0.7703552032186849,0.7631189072169258,0.7428749192583953,0.7660351616602702,0.7743689175766872,0.6626973040621461,0.785392529457994,0.7535149349297323,0.7764301817409398,0.783625681165927,0.7778343672696109,0.7758820279092035,0.7607687864764541,0.7728747977154038,0.7726148306771415,0.7628426646372597,0.78573291380769
0.7854322700149414,1.0,0.7573894351832139,0.7501142726624423,0.7888172574276011,0.8139111043818568,0.7744879665039697,0.7547159196355473,0.7778465914393876,0.7596374519314877,0.8027564057826293,0.7581053846614783,0.8012064925868465,0.7630535846840847,0.7513346441303249,0.7801264035581396,0.7814439283701976,0.802102984289137,0.7673932990066402,0.7778914053913213,0.7978982344440643,0.7741115319947576,0.805432717811968,0.7769509311473135,0.8029583274509906,0.7685126921686025,0.800317208963128,0.7611436645515227,0.7696423484013715,0.7863462090475443,0.7472933356412009,0.7847182455644334,0.05829562308756708,0.7913073662555083,0.8237603635479742,0.7350866483469706,0.7708170825188319,0.8014057413407497,0.6475088481720888,0.8061278910235681,0.7485215547969003,0.8179148609519898,0.8086746647252437,0.7664896871968586,0.7635224872590848,0.7616313988767556,0.8263189594696128,0.8260096342783438,0.766322561691684,0.7784499774238339
0.7685773816918837,0.7573894351832139,1.0,0.7314997973086681,0.7267089675464449,0.737085792851945,0.7549603159448642,0.7354486901557058,0.7646559740581308,0.7424053632230205,0.7496660008623531,0.7394594613793402,0.7481999559243868,0.7412654543892331,0.7304335935110757,0.7604175666707239,0.7216466182700478,0.7566583883543305,0.7255461699817403,0.7596187988183633,0.754444281934602,0.7288642860706545,0.7544201544563338,0.7066222220384453,0.720899681186823,0.7080380554607433,0.7511566532333711,0.7437802754688703,0.7563211915311993,0.7683157021768501,0.7325349924525393,0.7349792064127441,0.053569482491959586,0.7433901726788812,0.7375687109633724,0.7331318500064924,0.7506549201716032,0.7469517907878616,0.6346606723307573,0.7532371121503927,0.7319543108571293,0.7498459688371261,0.7498009158895702,0.7479681565165657,0.7414801992183102,0.7448482735424768,0.7525466188676506,0.7495666915616372,0.7458627158361182,0.760943354952963
0.7589502644275771,0.7501142726624423,0.7314997973086681,1.0,0.7452560739679635,0.739722366298496,0.7375631706394528,0.8194486151776751,0.7563755041630568,0.8177960275057681,0.7365929793766756,0.8190332832618084,0.7509755334056196,0.8385636061892473,0.8455546029614089,0.7424427325638445,0.723978997756446,0.7470136550396131,0.7180402205612284,0.7409009706407941,0.745843838705873,0.7299235278554446,0.7564487794221102,0.7099798251148592,0.7293738765211157,0.7058290616533679,0.7497787479960758,0.8404215131091779,0.7526032024691802,0.7583090821086204,0.8153297184264052,0.7476513443048223,0.061744769301956604,0.7434332810178454,0.7349364791965245,0.7735814408956707,0.736579708807181,0.7421737412211054,0.6849220613049065,0.7444127207740769,0.8281363253003846,0.7437163693108486,0.7548808241856076,0.8385643590727853,0.8325278503788783,0.7548740917034612,0.744726208159185,0.7450083127480531,0.8073427984532431,0.7655446979932096
0.7684422066210521,0.7888172574276011,0.7267089675464449,0.7452560739679635,1.0,0.7788034675054182,0.7627496035809878,0.7454120323623294,0.7639051500628565,0.7472621516314373,0.8172938559701581,0.7411025037674703,0.8093802014340117,0.7495110610262441,0.7551222617754747,0.77046965151301,0.7746229253351664,0.7854508880923654,0.7559695809205407,0.765451386099617,0.7935699869852058,0.7662707673860698,0.8035783590271334,0.7627737752200602,0.7736550721387292,0.7619686352513773,0.7979931385325865,0.7433296813179442,0.7537462124762847,0.7724217733942671,0.7374124706372283,0.7966170968945229,0.060012191298823625,0.7935745351604253,0.7781778689133866,0.7281877969408712,0.7591833971259921,0.7945949691611494,0.6448481816995286,0.8070578962044456,0.7534731386733138,0.7938119074665686,0.807771147115728,0.7490708744758852,0.7475980519375728,0.7398025719551645,0.7980693099624758,0.7960150200052087,0.7502956296611628,0.7525697857211509
0.7652663450184055,0.8139111043818568,0.737085792851945,0.739722366298496,0.7788034675054182,1.0,0.759381635792777,0.7459416208240034,0.7566895692264991,0.7374318341553942,0.7872393965865201,0.7411474861571481,0.7737916969037965,0.7442990647606488,0.7365579683517904,0.7721906106908776,0.7683439496632568,0.777710002112685,0.7613987406823391,0.7572459674666264,0.7719017813254012,0.7897684087133368,0.7887656182956408,0.7826662177942966,0.7942187426663279,0.760558646949963,0.7753040307171517,0.7436183015291922,0.7547024198400406,0.7616669896306105,0.7293151815369917,0.7739111992634018,0.05078955587205869,0.7823479350136391,0.8001674067550688,0.7329037105734609,0.7580650527640302,0.7807482683894573,0.6478057718410819,0.7811481140877211,0.7326194826054928,0.7941563912659357,0.7800794102685915,0.748152299718745,0.7472159085093547,0.7546375014123392,0.8042368488879257,0.8049484644071152,0.7426634900011051,0.7739262747743055
0.7689377323202446,0.7744879665039697,0.7549603159448642,0.7375631706394528,0.7627496035809878,0.759381635792777,1.0,0.7488943086424558,0.7680741317225424,0.7463330526775119,0.7769028461002379,0.7422429846074737,0.7777492562577687,0.7468529632641301,0.734873189194361,0.8998990200685235,0.7439201745064188,0.805527349355847,0.7670354565958513,0.9432456528265736,0.8037094612589623,0.7653834472991206,0.8046939413946639,0.7313842890748401,0.7435924257346354,0.7302518818804746,0.7857989566040614,0.7493225992286554,0.7634164233827145,0.7752970317613157,0.7334941404416522,0.7721849977209856,0.05466575764981452,0.7884479629330217,0.7687806582245189,0.7502093619634231,0.926798195887352,0.7725554556756148,0.6465336289600695,0.7885699876591644,0.7360213095813718,0.7795759154924883,0.7834920227272202,0.7545570691138695,0.7477974326728316,0.7456483978313986,0.775388014807091,0.7725471733804723,0.7471804364644663,0.770113602241251
0.7683660491988771,0.7547159196355473,0.7354486901557058,0.8194486151776751,0.7454120323623294,0.7459416208240034,0.7488943086424558,1.0,0.7588083097926689,0.8144128183018301,0.7448628944729139,0.8175934067902554,0.7594453683135816,0.8197375986278432,0.8099434087382313,0.7496399905429154,0.7294322734214522,0.7561441375865758,0.731012185439496,0.7535404444070621,0.7533080670750201,0.7375517821224611,0.7663111575375519,0.7188040997000754,0.7292382151256054,0.7162265394992311,0.7607158143146703,0.8771930156128189,0.7562193504360242,0.761956581084489,0.8060308549838544,0.7494409809251104,0.06016845490266054,0.7551973702052743,0.7458776734403237,0.777842582354376,0.7458608156139925,0.7585637322027916,0.685256708139923,0.7563808461289108,0.8112113007223334,0.7519186043908204,0.7654555551071175,0.8801304215135929,0.867567994727024,0.758352553202268,0.7509193746699581,0.7517656039653663,0.8120481928028801,0.767553938589608
0.7974309133244286,0.7778465914393876,0.7646559740581308,0.7563755041630568,0.7639051500628565,0.7566895692264991,0.7680741317225424,0.7588083097926689,1.0,0.76060909597721,0.7740909207387868,0.7509842608253694,0.7732856749946302,0.7661162482839504,0.7570593512032618,0.7761129324937202,0.7315938340110846,0.7713507272695328,0.7390341625741645,0.7734707141832577,0.765732804234617,0.7456523174806459,0.7744502638763421,0.7223794710089733,0.7343813757975355,0.7212527649970785,0.7706458956953082,0.7633655708085074,0.7752187173876979,0.8157470261202143,0.7492565569867562,0.7510102838576609,0.05462701723154484,0.7650189710124475,0.7584534129909181,0.7407606032780971,0.7646956564285984,0.7653423457665961,0.6461479851025853,0.778454968775219,0.7499581363263792,0.7678831747263387,0.7800736354260405,0.7643226846609328,0.7580575387671801,0.7614478215917043,0.773727160082587,0.7717567214707309,0.7571379564718685,0.7823818800664507
0.7625675367010265,0.7596374519314877,0.7424053632230205,0.8177960275057681,0.7472621516314373,0.7374318341553942,0.7463330526775119,0.8144128183018301,0.76060909597721,1.0,0.7561363669146357,0.8156179813486211,0.7648936832109348,0.8239107469033846,0.8204141578033863,0.7549291558469244,0.7225542114621066,0.7549133222469372,0.7240123248018846,0.7496306881442435,0.7508778029881077,0.7348302255803629,0.7565361900880032,0.7135198457864913,0.7262249430774503,0.703195342800857,0.755551018550918,0.8262364600826715,0.7572531428408018,0.7629576029907882,0.8186156105847122,0.7396852597377919,0.061737289632573855,0.747821254402255,0.7362081283137594,0.7782644327771753,0.7435806824046256,0.7503694523326764,0.6777844604829328,0.755911773671061,0.8214179457178779,0.7521025088861396,0.7582177638474101,0.8273107475563986,0.8265801813234424,0.753015809959296,0.7523773474581428,0.7508524513004255,0.8172158990395535,0.7636260041564191
0.7765774428139907,0.8027564057826293,0.7496660008623531,0.7365929793766756,0.8172938559701581,0.7872393965865201,0.7769028461002379,0.7448628944729139,0.7740909207387868,0.7561363669146357,1.0,0.7510342848246947,0.830983941771918,0.7515832924613745,0.7464042790293872,0.7841880951173635,0.7630817944948589,0.8081724068609896,0.7862947039682331,0.7784233109630967,0.8017245827307664,0.8047633398504783,0.8167371451350715,0.7725557022962848,0.7706241437309276,0.7578115031949988,0.8221269549831023,0.7522116914137664,0.7659758810664232,0.7814798531300214,0.7406992059028162,0.79473853398633,0.050566152701876144,0.8091484932015957,0.7934041561474451,0.7381483048839641,0.7704103882212223,0.8148485585192882,0.6417682811507659,0.8389882810308202,0.739860761191113,0.8076633916012592,0.8253012434203513,0.7536262044808346,0.7492588213935536,0.7463587844285517,0.8067979720230393,0.8028844736493483,0.7567416794289066,0.7697610417175884
0.7684612875565199,0.7581053846614783,0.7394594613793402,0.8190332832618084,0.7411025037674703,0.7411474861571481,0.7422429846074737,0.8175934067902554,0.7509842608253694,0.8156179813486211,0.7510342848246947,1.0,0.7508780863714003,0.8192624230667918,0.8403800315112132,0.745051388042594,0.7309152297890398,0.7482383905306638,0.7251692791555094,0.7446568921825811,0.7512529590186352,0.7340467363028154,0.7569390041305006,0.7228189910499832,0.7298285690280023,0.7141789574586435,0.7500674544225868,0.823766511293301,0.7580510330909378,0.7603371041838634,0.7968228169796119,0.7450149010917286,0.05519071480193638,0.7472060812832682,0.7418612916197553,0.7737056056345855,0.7389411725814333,0.7451004039898279,0.6876823692818637,0.7549315009296496,0.8043712118551155,0.7504623191132704,0.7568964555202116,0.8245705422748978,0.8235350199192921,0.7575598680963385,0.7532208352940949,0.7528338570385519,0.8010003616262503,0.7647316428210066
0.7741143098727443,0.8012064925868465,0.7481999559243868,0.7509755334056196,0.8093802014340117,0.7737916969037965,0.7777492562577687,0.7594453683135816,0.7732856749946302,0.7648936832109348,0.830983941771918,0.7508780863714003,1.0,0.7579328861343065,0.7592473151254013,0.785187105031338,0.7629790702192455,0.8177799099706528,0.812009867302713,0.7811038879551675,0.818910575935849,0.8181473587474173,0.8374171941161532,0.7523084194828443,0.7563714197826796,0.7455857985638882,0.8416136962367288,0.7583667141190176,0.7625071537828354,0.78296019276912,0.7504832950021098,0.8081882866983574,0.060169275728438665,0.8284207515330062,0.7931579111502953,0.7407708492463918,0.7732515914456156,0.8278049045399861,0.6477944179707686,0.8405586666252045,0.7542300190280089,0.8013719867873416,0.8387271700780211,0.7596130920043918,0.7543832259882556,0.7477678604453815,0.8033822046559341,0.8004137495276435,0.7601207547614406,0.7668080303264986
0.768500456020085,0.7630535846840847,0.7412654543892331,0.8385636061892473,0.7495110610262441,0.7442990647606488,0.7468529632641301,0.8197375986278432,0.7661162482839504,0.8239107469033846,0.7515832924613745,0.8192624230667918,0.7579328861343065,1.0,0.8406647671314806,0.7497583679476978,0.7314775345160323,0.7550375816736399,0.7273304894688867,0.750902713775455,0.7558083629647621,0.7378996042834645,0.7642642954997285,0.7116646390210951,0.7302476092618927,0.7069303403100582,0.758968339594476,0.8394980299205606,0.7634833303822242,0.7668265065930862,0.821880829933101,0.7487951975105842,0.05953507821808557,0.7545243161814686,0.742516246099255,0.7782582498594698,0.7437994514517424,0.7513180848889001,0.6936161279848321,0.7544280081700109,0.8216713775883612,0.7502318714574628,0.7640459230175343,0.8394368948742368,0.8321146822309815,0.763203512649397,0.758872882090832,0.7588240219565806,0.8159344492047319,0.7760307628690688
0.7545846484445267,0.7513346441303249,0.7304335935110757,0.8455546029614089,0.7551222617754747,0.7365579683517904,0.734873189194361,0.8099434087382313,0.7570593512032618,0.8204141578033863,0.7464042790293872,0.8403800315112132,0.7592473151254013,0.8406647671314806,1.0,0.7394412559574568,0.7277962590337552,0.7474164971571013,0.721282001236158,0.7403540763048961,0.7460454699328432,0.7279943072755597,0.7600958107263882,0.7074798177847614,0.7211523223064049,0.7042598739493245,0.7550228982417846,0.8253725118820608,0.7519073822474035,0.7583870827070703,0.8191130469539786,0.7448680704287081,0.057235186408855165,0.74842506279837,0.733810304429467,0.7729666589885555,0.7335370803646936,0.7469664407380611,0.6870038807039026,0.7508152094254943,0.8290020294390019,0.7439117847288079,0.7626398046179773,0.8252673257130889,0.8224275922237799,0.7558266036125842,0.7536640239743316,0.7536129064900521,0.813677977026672,0.7679293100147988
0.7755278582633112,0.7801264035581396,0.7604175666707239,0.7424427325638445,0.77046965151301,0.7721906106908776,0.8998990200685235,0.7496399905429154,0.7761129324937202,0.7549291558469244,0.7841880951173635,0.745051388042594,0.785187105031338,0.7497583679476978,0.7394412559574568,1.0,0.7446244088754348,0.7997262907987167,0.7692261397365766,0.9049209264746636,0.7945021847809237,0.7759455588801726,0.7996348901682389,0.7362498387159006,0.7542833556935284,0.7388614281551742,0.785468640945421,0.7513277198496289,0.7675553496160072,0.7815674055448727,0.7336206052131664,0.7720695637075177,0.056913684709378076,0.7861843528564847,0.7715663118366481,0.7477278642356121,0.8993758208968637,0.7763923822590463,0.6461960162585043,0.7906377130997775,0.7400580996723487,0.7840044695487626,0.7838071082442716,0.7556051412947542,0.7496048607830794,0.7534856923594193,0.779790902730126,0.776998240758896,0.7517493633364494,0.775333031811342
0.7605133691291162,0.7814439283701976,0.7216466182700478,0.723978997756446,0.7746229253351664,0.7683439496632568,0.7439201745064188,0.7294322734214522,0.7315938340110846,0.7225542114621066,0.7630817944948589,0.7309152297890398,0.7629790702192455,0.7314775345160323,0.7277962590337552,0.7446244088754348,1.0,0.7581077825681288,0.7355944826581582,0.7446476701281626,0.7621483318151416,0.7433308459823893,0.7732187624267455,0.8029128814812153,0.7941715025280969,0.8096973568418698,0.7644533165171572,0.7267753361865913,0.7373619127958019,0.7423170584961453,0.7218024215908845,0.7910177280177457,0.05075059785321401,0.7654692538768039,0.7699731397664792,0.7148910967444975,0.7402537564508829,0.7618839856872826,0.6361856872035583,0.767936636160893,0.7222172819710373,0.7763644430294956,0.7690090586058259,0.7354247267218428,0.7375764610171827,0.7285999447442724,0.7819172483228954,0.7824642245804769,0.7287881553087175,0.7445887749904272
0.775869090998438,0.802102984289137,0.7566583883543305,0.7470136550396131,0.7854508880923654,0.777710002112685,0.805527349355847,0.7561441375865758,0.7713507272695328,0.7549133222469372,0.8081724068609896,0.7482383905306638,0.8177799099706528,0.7550375816736399,0.7474164971571013,0.7997262907987167,0.7581077825681288,1.0,0.7974740711441946,0.8064851696187201,0.8343636727106167,0.7980367332402922,0.8390027539856846,0.745235707258341,0.7562410845882044,0.7450042567307815,0.8251348769464684,0.758479508659199,0.7600146813373778,0.7757073644137453,0.7469376394518417,0.797082773520637,0.05507064212299162,0.8129687270318372,0.7858281040842766,0.7528727081865472,0.7979175732364632,0.8059721216645327,0.6466846583613327,0.8263896597274365,0.7440099882155307,0.8016323532373371,0.8230210119613557,0.7595164845486404,0.7566922778101706,0.7479471811436019,0.8038984171144138,0.7995239760011801,0.7575876934458075,0.7646115445341807
0.7446423269558133,0.7673932990066402,0.7255461699817403,0.7180402205612284,0.7559695809205407,0.7613987406823391,0.7670354565958513,0.731012185439496,0.7390341625741645,0.7240123248018846,0.7862947039682331,0.7251692791555094,0.812009867302713,0.7273304894688867,0.721282001236158,0.7692261397365766,0.7355944826581582,0.7974740711441946,1.0,0.7667567581621448,0.7887551261268395,0.8166928532192586,0.8014398511996991,0.7238966159643532,0.7329751065277894,0.7182140256393503,0.795730352905345,0.7291535192422428,0.7306528858058825,0.7477064396844364,0.7229826784023249,0.7930822464198686,0.05771792935036779,0.7964010079311726,0.7623062268055906,0.7229096661515075,0.7655942566775766,0.7868698833920421,0.6223517951220918,0.7952137572607388,0.7197261534429011,0.7637350719331508,0.7912597068243108,0.732982510720963,0.728432158181517,0.7318747674500047,0.7669295633807239,0.7645642164984917,0.7264300491271298,0.7410830168303777
0.7721916649139648,0.7778914053913213,0.7596187988183633,0.7409009706407941,0.765451386099617,0.7572459674666264,0.9432456528265736,0.7535404444070621,0.7734707141832577,0.7496306881442435,0.7784233109630967,0.7446568921825811,0.7811038879551675,0.750902713775455,0.7403540763048961,0.9049209264746636,0.7446476701281626,0.8064851696187201,0.7667567581621448,1.0,0.8050772870967071,0.7617813020892413,0.8061681373206423,0.7266589799992506,0.74618967164703,0.7298936462558421,0.7904074534697952,0.7541501451481405,0.7681447370023747,0.7803452161972979,0.7390249918595513,0.7737002736644711,0.05777432184468756,0.7903246962841933,0.7699644214630672,0.7508623502171795,0.9219722969222997,0.7761882261963737,0.6461635247420511,0.7924720637093877,0.7391813211483291,0.782120230794431,0.787107969309299,0.7578820137137492,0.7514173567142005,0.7485061054884168,0.7784547950934425,0.775672785943067,0.7529632349469428,0.7740955802047677
0.771449469802397,0.7978982344440643,0.754444281934602,0.745843838705873,0.7935699869852058,0.7719017813254012,0.8037094612589623,0.7533080670750201,0.765732804234617,0.7508778029881077,0.8017245827307664,0.7512529590186352,0.818910575935849,0.7558083629647621,0.7460454699328432,0.7945021847809237,0.7621483318151416,0.8343636727106167,0.7887551261268395,0.8050772870967071,1.0,0.7950343013070544,0.8438506321014408,0.7458996024150719,0.7619745479343741,0.7480164461732972,0.825394564378883,0.7559841827142464,0.761224122928575,0.7803582069731292,0.7485101303751216,0.805777611204937,0.05370833373596162,0.8165829018367394,0.7854951898821055,0.7463114688585368,0.7935531617835518,0.8113968096685837,0.6517226165215406,0.8247999294866404,0.7467007763738869,0.7928773638036408,0.8186882800061673,0.7603473774043008,0.7568239363833131,0.7577677106064273,0.8055908378763823,0.8023408643734682,0.7610266035083596,0.7693313106360802
0.7541288461264253,0.7741115319947576,0.7288642860706545,0.7299235278554446,0.7662707673860698,0.7897684087133368,0.7653834472991206,0.7375517821224611,0.7456523174806459,0.7348302255803629,0.8047633398504783,0.7340467363028154,0.8181473587474173,0.7378996042834645,0.7279943072755597,0.7759455588801726,0.7433308459823893,0.7980367332402922,0.8166928532192586,0.7617813020892413,0.7950343013070544,1.0,0.8457832724724772,0.7485147004809293,0.7537104386576329,0.7428899666047962,0.804472912640347,0.738256217117671,0.7451254466592669,0.7516937393612795,0.7258137585002923,0.7942782374509296,0.05060984495752552,0.8286727009073678,0.7672104930770336,0.7280975135366441,0.7645375553804181,0.8029490271121626,0.6305754343593333,0.8084516681403248,0.7259645513379944,0.7728715729125937,0.8055233006631766,0.7427565571126012,0.73940565082607,0.7439591460092031,0.777768514249328,0.7758883568025563,0.7356825641983815,0.7618855521192578
0.7827097032601472,0.805432717811968,0.7544201544563338,0.7564487794221102,0.8035783590271334,0.7887656182956408,0.8046939413946639,0.7663111575375519,0.7744502638763421,0.7565361900880032,0.8167371451350715,0.7569390041305006,0.8374171941161532,0.7642642954997285,0.7600958107263882,0.7996348901682389,0.7732187624267455,0.8390027539856846,0.8014398511996991,0.8061681373206423,0.8438506321014408,0.8457832724724772,1.0,0.7499151671937891,0.7672960474142213,0.7535488692875245,0.8364289535739473,0.7659409975802218,0.7724148497615687,0.7844013117688913,0.7542158962323605,0.8132167998881324,0.05053573832407443,0.858709529722046,0.7941736857131467,0.7528312351147898,0.7963265788974425,0.8237740747149584,0.6548737525488625,0.8381447993990886,0.753355437976028,0.805852671093594,0.8349329321419036,0.7700310595848283,0.7679695974956955,0.7622331679731671,0.8061246376610101,0.8043425822170585,0.7681817965984418,0.7814555858177925
0.7507745595703548,0.7769509311473135,0.7066222220384453,0.7099798251148592,0.7627737752200602,0.7826662177942966,0.7313842890748401,0.7188040997000754,0.7223794710089733,0.7135198457864913,0.7725557022962848,0.7228189910499832,0.7523084194828443,0.7116646390210951,0.7074798177847614,0.7362498387159006,0.8029128814812153,0.745235707258341,0.7238966159643532,0.7266589799992506,0.7458996024150719,0.7485147004809293,0.7499151671937891,1.0,0.8044897605929515,0.8112900220839618,0.7477772030572505,0.7107107260369809,0.7173680481098312,0.7313677113365007,0.6988417678606922,0.7665175340095688,0.05111656458614655,0.7425955844161639,0.7799754799158702,0.698026042815103,0.7292736997508253,0.7469639680307716,0.61545168131054,0.7568815991572384,0.7061422588246902,0.7608274495337651,0.7503879504141879,0.7174425950293205,0.7218690729134434,0.70825583916037,0.7657216266352402,0.7674067729750433,0.7104058579195094,0.7297675314999421
0.7559866587287705,0.8029583274509906,0.720899681186823,0.7293738765211157,0.7736550721387292,0.7942187426663279,0.7435924257346354,0.7292382151256054,0.7343813757975355,0.7262249430774503,0.7706241437309276,0.7298285690280023,0.7563714197826796,0.7302476092618927,0.7211523223064049,0.7542833556935284,0.7941715025280969,0.7562410845882044,0.7329751065277894,0.74618967164703,0.7619745479343741,0.7537104386576329,0.7672960474142213,0.8044897605929515,1.0,0.7961697851590526,0.7591492976552308,0.7291771251951236,0.7358099644872064,0.7404789245443842,0.7155911466894831,0.784200992383381,0.054201432912296954,0.7583745529931047,0.7959708588513166,0.7103119704515444,0.7450789827437784,0.7712207514060345,0.6349553976055786,0.7661209043987404,0.7248767123639843,0.7749411578886011,0.7665609931693664,0.7425167092318448,0.7382309602751173,0.7365999091881974,0.7832304675041818,0.7853311726800299,0.7299388271438773,0.7455232072293909
0.7442030082002447,0.7685126921686025,0.7080380554607433,0.7058290616533679,0.7619686352513773,0.760558646949963,0.7302518818804746,0.7162265394992311,0.7212527649970785,0.703195342800857,0.7578115031949988,0.7141789574586435,0.7455857985638882,0.7069303403100582,0.7042598739493245,0.7388614281551742,0.8096973568418698,0.7450042567307815,0.7182140256393503,0.7298936462558421,0.7480164461732972,0.7428899666047962,0.7535488692875245,0.8112900220839618,0.7961697851590526,1.0,0.7471309047383721,0.7101358044428687,0.7258880248636769,0.7310355392684484,0.6973466591066642,0.7629455912496357,0.054176615287200414,0.7417015330104963,0.7670744802135252,0.7002966657382733,0.7288122392357197,0.7511270215748256,0.6249833573204879,0.7579499455738308,0.7012582712403934,0.7610392623849731,0.7520608153627656,0.722234095267452,0.7187228942303029,0.7172759991949831,0.7687255219736755,0.7688726623724107,0.7126586266532681,0.7355372666520081
0.7747506595814723,0.800317208963128,0.7511566532333711,0.7497787479960758,0.7979931385325865,0.7753040307171517,0.7857989566040614,0.7607158143146703,0.7706458956953082,0.755551018550918,0.8221269549831023,0.7500674544225868,0.8416136962367288,0.758968339594476,0.7550228982417846,0.785468640945421,0.7644533165171572,0.8251348769464684,0.795730352905345,0.7904074534697952,0.825394564378883,0.804472912640347,0.8364289535739473,0.7477772030572505,0.7591492976552308,0.7471309047383721,1.0,0.7620298014705809,0.7646726926328848,0.7775667130838292,0.755987664167994,0.8057830712821523,0.050540841076166076,0.8271005255027659,0.7877385398029471,0.7467505852551317,0.7812336688464276,0.8441087913700301,0.6419481323455849,0.8450338895397773,0.7518201289800828,0.8035855250823484,0.8583936596045293,0.7664559639334037,0.7577145183512578,0.7547293490631505,0.807607787785546,0.8053097309863744,0.7601004299357488,0.7690679704724761
0.7724957656644929,0.7611436645515227,0.7437802754688703,0.8404215131091779,0.7433296813179442,0.7436183015291922,0.7493225992286554,0.8771930156128189,0.7633655708085074,0.8262364600826715,0.7522116914137664,0.823766511293301,0.7583667141190176,0.8394980299205606,0.8253725118820608,0.7513277198496289,0.7267753361865913,0.758479508659199,0.7291535192422428,0.7541501451481405,0.7559841827142464,0.738256217117671,0.7659409975802218,0.7107107260369809,0.7291771251951236,0.7101358044428687,0.7620298014705809,1.0,0.764108420944454,0.766463635850904,0.819313627220327,0.749688444599894,0.05869700366062702,0.7520236402967673,0.7434682905863688,0.7847924288882935,0.7463191088573343,0.757482469990133,0.6893544295832932,0.758458914441367,0.818769538705768,0.7538166229895036,0.766023051592974,0.9256025913100554,0.9012640037424966,0.7612358064394904,0.7590252102375735,0.7583460638145842,0.825022806500533,0.772174332226909
0.7742157944367292,0.7696423484013715,0.7563211915311993,0.7526032024691802,0.7537462124762847,0.7547024198400406,0.7634164233827145,0.7562193504360242,0.7752187173876979,0.7572531428408018,0.7659758810664232,0.7580510330909378,0.7625071537828354,0.7634833303822242,0.7519073822474035,0.7675553496160072,0.7373619127958019,0.7600146813373778,0.7306528858058825,0.7681447370023747,0.761224122928575,0.7451254466592669,0.7724148497615687,0.7173680481098312,0.7358099644872064,0.7258880248636769,0.7646726926328848,0.764108420944454,1.0,0.7738432972331916,0.7486196966119679,0.7500318870473659,0.05001409489725539,0.7610315101212601,0.7497185074938266,0.748703129770079,0.7620073781530983,0.7639615746693542,0.6588759796483494,0.7681390222750355,0.74744452691703,0.7610131080441722,0.7644237728777263,0.7635029075665621,0.758815845287336,0.7802619373512096,0.7677063805795021,0.7637158631923945,0.7577228296299263,0.8579624467639213
0.8048497569929188,0.7863462090475443,0.7683157021768501,0.7583090821086204,0.7724217733942671,0.7616669896306105,0.7752970317613157,0.761956581084489,0.8157470261202143,0.7629576029907882,0.7814798531300214,0.7603371041838634,0.78296019276912,0.7668265065930862,0.7583870827070703,0.7815674055448727,0.7423170584961453,0.7757073644137453,0.7477064396844364,0.7803452161972979,0.7803582069731292,0.7516937393612795,0.7844013117688913,0.7313677113365007,0.7404789245443842,0.7310355392684484,0.7775667130838292,0.766463635850904,0.7738432972331916,1.0,0.751328333995154,0.7595405885486267,0.05022137447699748,0.7728675126308452,0.7670766410735536,0.7458270325122226,0.7683105114570925,0.7727955385556182,0.649855348631232,0.7863559751233639,0.7569035115330285,0.7754934646554315,0.7845931242720476,0.7676739831020105,0.7608027476024665,0.772442319960562,0.7836517534230978,0.7807673809318543,0.7652504136741779,0.7854937343454336
0.753160250950398,0.7472933356412009,0.7325349924525393,0.8153297184264052,0.7374124706372283,0.7293151815369917,0.7334941404416522,0.8060308549838544,0.7492565569867562,0.8186156105847122,0.7406992059028162,0.7968228169796119,0.7504832950021098,0.821880829933101,0.8191130469539786,0.7336206052131664,0.7218024215908845,0.7469376394518417,0.7229826784023249,0.7390249918595513,0.7485101303751216,0.7258137585002923,0.7542158962323605,0.6988417678606922,0.7155911466894831,0.6973466591066642,0.755987664167994,0.819313627220327,0.7486196966119679,0.751328333995154,1.0,0.7402032968123062,0.05606245415473343,0.7447896877042224,0.7306749433026525,0.7730083376168918,0.7313711097632496,0.7467505836178414,0.6799350952256948,0.7505939803121634,0.8505259142424217,0.7459187584604934,0.7562569922407774,0.8207894463179735,0.8144271023190093,0.7515744109665642,0.7497803193084671,0.749388413406499,0.8075900053155536,0.758109040131885
0.7692315426837517,0.7847182455644334,0.7349792064127441,0.7476513443048223,0.7966170968945229,0.7739111992634018,0.7721849977209856,0.7494409809251104,0.7510102838576609,0.7396852597377919,0.79473853398633,0.7450149010917286,0.8081882866983574,0.7487951975105842,0.7448680704287081,0.7720695637075177,0.7910177280177457,0.797082773520637,0.7930822464198686,0.7737002736644711,0.805777611204937,0.7942782374509296,0.8132167998881324,0.7665175340095688,0.784200992383381,0.7629455912496357,0.8057830712821523,0.749688444599894,0.7500318870473659,0.7595405885486267,0.7402032968123062,1.0,0.0541828235536409,0.8113856228696978,0.7761883235662986,0.7300634094914381,0.7712200816452472,0.8070328468492711,0.6365408057534445,0.8095871846211207,0.7411468288274636,0.7848003741180485,0.8112904479069041,0.7522880759640685,0.7498044405131592,0.7452118195339487,0.7896657587129977,0.7875283174115798,0.7452963279297324,0.7571427681981733
0.04808291129818387,0.05829562308756708,0.053569482491959586,0.061744769301956604,0.060012191298823625,0.05078955587205869,0.05466575764981452,0.06016845490266054,0.05462701723154484,0.061737289632573855,0.050566152701876144,0.05519071480193638,0.060169275728438665,0.05953507821808557,0.057235186408855165,0.056913684709378076,0.05075059785321401,0.05507064212299162,0.05771792935036779,0.05777432184468756,0.05370833373596162,0.05060984495752552,0.05053573832407443,0.05111656458614655,0.054201432912296954,0.054176615287200414,0.050540841076166076,0.05869700366062702,0.05001409489725539,0.05022137447699748,0.05606245415473343,0.0541828235536409,1.0,0.052817223206115926,0.053780867156931755,0.05900447901085071,0.05773933431020328,0.05284544253273005,0.047253212504819175,0.048512018857809425,0.05817721553218369,0.04890448420604565,0.04887035988808719,0.058614647075101334,0.05870930724979506,0.06300127696308744,0.05227761946725751,0.05194014265782665,0.058479956407089806,0.05122355630842612
0.7703552032186849,0.7913073662555083,0.7433901726788812,0.7434332810178454,0.7935745351604253,0.7823479350136391,0.7884479629330217,0.7551973702052743,0.7650189710124475,0.747821254402255,0.8091484932015957,0.7472060812832682,0.8284207515330062,0.7545243161814686,0.74842506279837,0.7861843528564847,0.7654692538768039,0.8129687270318372,0.7964010079311726,0.7903246962841933,0.8165829018367394,0.8286727009073678,0.858709529722046,0.7425955844161639,0.7583745529931047,0.7417015330104963,0.8271005255027659,0.7520236402967673,0.7610315101212601,0.7728675126308452,0.7447896877042224,0.8113856228696978,0.052817223206115926,1.0,0.7834838592466251,0.7502157075642732,0.780739609292749,0.8206461344286333,0.6524868493525056,0.8286527802994228,0.7437641734150684,0.7931236720031036,0.8336176407542855,0.7563793285901762,0.7557236215330188,0.7525068584276488,0.7981293773495031,0.7967125994528179,0.7547618620383623,0.7667689739966752
0.7631189072169258,0.8237603635479742,0.7375687109633724,0.7349364791965245,0.7781778689133866,0.8001674067550688,0.7687806582245189,0.7458776734403237,0.7584534129909181,0.7362081283137594,0.7934041561474451,0.7418612916197553,0.7931579111502953,0.742516246099255,0.733810304429467,0.7715663118366481,0.7699731397664792,0.7858281040842766,0.7623062268055906,0.7699644214630672,0.7854951898821055,0.7672104930770336,0.7941736857131467,0.7799754799158702,0.7959708588513166,0.7670744802135252,0.7877385398029471,0.7434682905863688,0.7497185074938266,0.7670766410735536,0.7306749433026525,0.7761883235662986,0.053780867156931755,0.7834838592466251,1.0,0.7226687277127023,0.761199246241341,0.7872418550441068,0.6417457684843397,0.7966254154417598,0.732501398765549,0.8059605119768037,0.7973663042273146,0.7469244824197083,0.7395778700569214,0.7450202069320744,0.803613501877089,0.8028396525699215,0.7421140474393473,0.758203647735088
0.7428749192583953,0.7350866483469706,0.7331318500064924,0.7735814408956707,0.7281877969408712,0.7329037105734609,0.7502093619634231,0.777842582354376,0.7407606032780971,0.7782644327771753,0.7381483048839641,0.7737056056345855,0.7407708492463918,0.7782582498594698,0.7729666589885555,0.7477278642356121,0.7148910967444975,0.7528727081865472,0.7229096661515075,0.7508623502171795,0.7463114688585368,0.7280975135366441,0.7528312351147898,0.698026042815103,0.7103119704515444,0.7002966657382733,0.7467505852551317,0.7847924288882935,0.748703129770079,0.7458270325122226,0.7730083376168918,0.7300634094914381,0.05900447901085071,0.7502157075642732,0.7226687277127023,1.0,0.7462941588362688,0.740279250315087,0.6723348308599016,0.743998779797866,0.7706893144292385,0.7410229193889633,0.7461816640593841,0.7860644014651144,0.7810815943875161,0.7431041738064321,0.7352424728653545,0.7334589425409344,0.7880570988498747,0.7567423967385941
0.7660351616602702,0.7708170825188319,0.7506549201716032,0.736579708807181,0.7591833971259921,0.7580650527640302,0.926798195887352,0.7458608156139925,0.7646956564285984,0.7435806824046256,0.7704103882212223,0.7389411725814333,0.7732515914456156,0.7437994514517424,0.7335370803646936,0.8993758208968637,0.7402537564508829,0.7979175732364632,0.7655942566775766,0.9219722969222997,0.7935531617835518,0.7645375553804181,0.7963265788974425,0.7292736997508253,0.7450789827437784,0.7288122392357197,0.7812336688464276,0.7463191088573343,0.7620073781530983,0.7683105114570925,0.7313711097632496,0.7712200816452472,0.05773933431020328,0.780739609292749,0.761199246241341,0.7462941588362688,1.0,0.7656800602597376,0.6416331160983912,0.7816205540703193,0.7343993281724641,0.7750005227696097,0.7779407286569451,0.7504599749552741,0.7439081383686802,0.7432600173555571,0.7704802161264331,0.7678827451195516,0.7429926968942542,0.7688587744075116
0.7743689175766872,0.8014057413407497,0.7469517907878616,0.7421737412211054,0.7945949691611494,0.7807482683894573,0.7725554556756148,0.7585637322027916,0.7653423457665961,0.7503694523326764,0.8148485585192882,0.7451004039898279,0.8278049045399861,0.7513180848889001,0.7469664407380611,0.7763923822590463,0.7618839856872826,0.8059721216645327,0.7868698833920421,0.7761882261963737,0.8113968096685837,0.8029490271121626,0.8237740747149584,0.7469639680307716,0.7712207514060345,0.7511270215748256,0.8441087913700301,0.757482469990133,0.7639615746693542,0.7727955385556182,0.7467505836178414,0.8070328468492711,0.05284544253273005,0.8206461344286333,0.7872418550441068,0.740279250315087,0.7656800602597376,1.0,0.6469747974524339,0.8316065051503396,0.7479501859302817,0.8003050405085546,0.8583429216504759,0.7661903891051356,0.7574991025233095,0.7521230279708847,0.8050301758266447,0.8032476417255645,0.7574198320552799,0.764598504433404
0.6626973040621461,0.6475088481720888,0.6346606723307573,0.6849220613049065,0.6448481816995286,0.6478057718410819,0.6465336289600695,0.685256708139923,0.6461479851025853,0.6777844604829328,0.6417682811507659,0.6876823692818637,0.6477944179707686,0.6936161279848321,0.6870038807039026,0.6461960162585043,0.6361856872035583,0.6466846583613327,0.6223517951220918,0.6461635247420511,0.6517226165215406,0.6305754343593333,0.6548737525488625,0.61545168131054,0.6349553976055786,0.6249833573204879,0.6419481323455849,0.6893544295832932,0.6588759796483494,0.649855348631232,0.6799350952256948,0.6365408057534445,0.047253212504819175,0.6524868493525056,0.6417457684843397,0.6723348308599016,0.6416331160983912,0.6469747974524339,1.0,0.6437327074064357,0.6778798230646685,0.6569271355206512,0.6474203844739024,0.6930345285157122,0.6938672259175211,0.6525251432103119,0.661818017071498,0.6609838272409341,0.6983855807831647,0.6641418696949715
