../ecoli_genomes/GCF_000163235.1_ASM16323v1_genomic.fna.gz,../ecoli_genomes/GCF_000164555.1_ASM16455v1_genomic.fna.gz,../ecoli_genomes/GCF_000208545.1_ASM20854v2_genomic.fna.gz,../ecoli_genomes/GCF_000233875.1_ASM23387v1_genomic.fna.gz,../ecoli_genomes/GCF_000249735.1_ASM24973v2_genomic.fna.gz,../ecoli_genomes/GCF_000261145.1_Esch_coli_M919_V2_genomic.fna.gz,../ecoli_genomes/GCF_000267705.2_ASM26770v2_genomic.fna.gz,../ecoli_genomes/GCF_000350665.1_Esch_coli_KTE5_V1_genomic.fna.gz,../ecoli_genomes/GCF_000351625.1_Esch_coli_KTE66_V1_genomic.fna.gz,../ecoli_genomes/GCF_000352285.1_Esch_coli_KTE46_V1_genomic.fna.gz,../ecoli_genomes/GCF_000358895.1_ASM35889v1_genomic.fna.gz,../ecoli_genomes/GCF_000456385.1_Esch_coli_HVH_26_4-5703913_V1_genomic.fna.gz,../ecoli_genomes/GCF_000458195.1_Esch_coli_HVH_147_4-5893887_V1_genomic.fna.gz,../ecoli_genomes/GCF_000459755.1_Esch_coli_KOEGE_58_171a_V1_genomic.fna.gz,../ecoli_genomes/GCF_000460055.1_Esch_coli_UMEA_3053-1_V1_genomic.fna.gz,../ecoli_genomes/GCF_000462165.2_ASM46216v2_genomic.fna.gz,../ecoli_genomes/GCF_000601135.1_ASM60113v1_genomic.fna.gz,../ecoli_genomes/GCF_000614595.1_Ec2010EL1058_genomic.fna.gz,../ecoli_genomes/GCF_000617745.1_Ec2010C-4529_genomic.fna.gz,../ecoli_genomes/GCF_000618265.2_EcF6751_genomic.fna.gz,../ecoli_genomes/GCF_000619005.2_Ec2009C-4052_genomic.fna.gz,../ecoli_genomes/GCF_000619105.1_Ec2009C-4780_genomic.fna.gz,../ecoli_genomes/GCF_000619765.2_Ec2009C-3279_genomic.fna.gz,../ecoli_genomes/GCF_000687005.1_ASM68700v1_genomic.fna.gz,../ecoli_genomes/GCF_000687025.1_ASM68702v1_genomic.fna.gz,../ecoli_genomes/GCF_000700125.1_ASM70012v1_genomic.fna.gz,../ecoli_genomes/GCF_000753315.1_FHI35_genomic.fna.gz,../ecoli_genomes/GCF_000776375.1_ASM77637v1_genomic.fna.gz,../ecoli_genomes/GCF_000779395.1_ASM77939v1_genomic.fna.gz,../ecoli_genomes/GCF_000780315.1_ASM78031v1_genomic.fna.gz,../ecoli_genomes/GCF_000781995.1_ASM78199v1_genomic.fna.gz,../ecoli_genomes/GCF_000986765.1_ASM98676v1_genomic.fna.gz,../ecoli_genomes/GCF_001041375.1_ViralProj287958_genomic.fna.gz,../ecoli_genomes/GCF_001265335.1_302014_genomic.fna.gz,../ecoli_genomes/GCF_001265625.1_100854_genomic.fna.gz,../ecoli_genomes/GCF_001267345.1_303289_genomic.fna.gz,../ecoli_genomes/GCF_001309985.1_ASM130998v1_genomic.fna.gz,../ecoli_genomes/GCF_001521695.1_ASM152169v1_genomic.fna.gz,../ecoli_genomes/GCF_001592595.1_ASM159259v1_genomic.fna.gz,../ecoli_genomes/GCF_001614975.1_ASM161497v1_genomic.fna.gz,../ecoli_genomes/GCF_001692775.1_ASM169277v1_genomic.fna.gz,../ecoli_genomes/GCF_001748915.1_ASM174891v1_genomic.fna.gz,../ecoli_genomes/GCF_001749235.1_ASM174923v1_genomic.fna.gz,../ecoli_genomes/GCF_001881155.1_ASM188115v1_genomic.fna.gz,../ecoli_genomes/GCF_001881345.1_ASM188134v1_genomic.fna.gz,../ecoli_genomes/GCF_001892405.1_ASM189240v1_genomic.fna.gz,../ecoli_genomes/GCF_001892585.1_ASM189258v1_genomic.fna.gz,../ecoli_genomes/GCF_001893985.1_ASM189398v1_genomic.fna.gz,../ecoli_genomes/GCF_002001595.1_ASM200159v1_genomic.fna.gz,../ecoli_genomes/GCF_002002145.1_ASM200214v1_genomic.fna.gz
1.0,0.32438571898855917,0.25706971147575197,0.2771343384534305,0.28973996401486013,0.3149964223990147,0.29970484275991394,0.28075444943540484,0.3901896952442523,0.2907545056178621,0.32669510376689104,0.28592787716253576,0.32304131886301435,0.26760938501345666,0.2612606543342876,0.305113250946783,0.29932193663226525,0.3051844139254726,0.3078490790151207,0.2950198586022553,0.29991225329075544,0.30249659728597345,0.3078196014317065,0.30954489665405505,0.3068150674544683,0.31336737586312957,0.31308294738777254,0.27231021164959235,0.3350376675732998,0.3875387404274574,0.25694289957045335,0.30904495552484523,0.0,0.3112097726397888,0.31072399882814794,0.2758793504332393,0.28898345233968203,0.31589930569407343,0.24182372484426007,0.3141199292459226,0.26222995558194717,0.3064894082747669,0.3116624315420159,0.27796750083922905,0.28785049909722427,0.3119024286164196,0.30103251388595564,0.30217532206034303,0.2725732077962094,0.3437087934800347
0.32438571898855917,1.0,0.2343011436500756,0.27276739487022095,0.3745098951410345,0.5457893913157141,0.3489608205141995,0.27842062701354053,0.2993934886148082,0.2806099831758897,0.4296048185048237,0.27923199056346837,0.4264564674153052,0.2620094318556391,0.25487999456744304,0.3526502611718504,0.4602584461509678,0.41580980631012343,0.4028971542499671,0.3504892206403939,0.4017783503672464,0.38868422302848815,0.4165738888081264,0.550405892400551,0.5265855500058738,0.49095448672093656,0.417225111510926,0.2779882424751544,0.30549249650460497,0.30538165298912534,0.2557693389988954,0.4134685384917145,0.0,0.408980075049872,0.5667853636095687,0.26428823969483684,0.33418976093204034,0.4214843957077099,0.2351877177198335,0.4237910476387917,0.258540167546615,0.4718110165396162,0.42293425691080067,0.28493878548112883,0.2867947939708909,0.2831368167212538,0.4767911215200339,0.4769781790105698,0.274863362363834,0.30301605951110977
0.25706971147575197,0.2343011436500756,1.0,0.20820526055689326,0.20016286602200395,0.21403562149902777,0.2175921954221156,0.20985982422551686,0.24235052726144168,0.21265450515418782,0.23230321051415181,0.2028585137551413,0.2287728435422256,0.20690407846808434,0.19872018468490293,0.22050520902235993,0.2080363696579297,0.22263027580948347,0.21832518991821115,0.21919311749258907,0.2195181130857411,0.21226019794412554,0.22347673271845647,0.21214803931063575,0.2061412651060367,0.21876430641188982,0.22384475843565776,0.20958750903337997,0.2422908895313166,0.2510736014408671,0.19837034108832696,0.2221594296427961,0.0,0.22362551807976105,0.212293875151509,0.21236205081027104,0.20969947643327458,0.2193312394128346,0.182346182788514,0.2263392355669448,0.20346237895565378,0.21921491625803502,0.23215874138148307,0.2129552959050126,0.20958225727920632,0.23169758108947147,0.2245983679605812,0.2241987430541884,0.21231147991436816,0.24575167724824443
0.2771343384534305,0.27276739487022095,0.20820526055689326,1.0,0.2697962390484697,0.2643555002220418,0.2557166942635839,0.49984755166657946,0.28537395556014566,0.5235083726435616,0.27140382766614224,0.4836043239139961,0.2798480931630277,0.5395543828950069,0.5562076078949585,0.26671823740623946,0.25767829262951225,0.25927792772076075,0.25460357337043094,0.25286836928272516,0.253523581775954,0.25056360794890087,0.2653314279531299,0.26632309564884027,0.26802232004658255,0.2779919978914046,0.26489922936586174,0.5210822934368183,0.2991637344108953,0.2726283339321831,0.5137674823056348,0.2819546823220943,0.0,0.25827961543040034,0.25865180587718706,0.4148826279528316,0.2515073235838249,0.26287423596284043,0.40177949846084593,0.260333049405999,0.5253649799717617,0.2586828236739349,0.2625180971533607,0.5230160374805323,0.5121912361861891,0.29764720498373387,0.25841086447132233,0.2591012660384744,0.4503827691052139,0.31279382245751464
0.28973996401486013,0.3745098951410345,0.20016286602200395,0.2697962390484697,1.0,0.38352545235780855,0.3104393317124413,0.27000374976546326,0.29412007913766913,0.27641413635197076,0.49001589681730584,0.24248256458330397,0.45552269433813475,0.25364276758059323,0.2713097532680544,0.3361869667892674,0.3934551344725391,0.3846121671964918,0.38883614336348027,0.3069611704079076,0.3962629276607271,0.3808238772893364,0.3995988738856959,0.4072391909742492,0.39543402505259273,0.40747098289828854,0.4173514952454155,0.24176306062251596,0.27111812353304976,0.2831198704986623,0.2613583583355882,0.43917004388811265,0.0,0.40600125793046105,0.37794298427793716,0.24118370623831542,0.30940484441087757,0.43920856611548686,0.3034585431406208,0.42167776220067743,0.2658974168774293,0.38477344409185166,0.4250508788502395,0.25341739356420334,0.2591093973475139,0.2528455336170865,0.38336778828077056,0.3857750688411927,0.2487293007963539,0.27545135278896393
0.3149964223990147,0.5457893913157141,0.21403562149902777,0.2643555002220418,0.38352545235780855,1.0,0.34961177474144767,0.276224593744257,0.29415334296816464,0.2654735465739039,0.4182236260468597,0.26416666602553074,0.4152846493855339,0.25440676195680634,0.25129648280392747,0.354633521600182,0.4512537997931073,0.4042598463867362,0.4016483532855777,0.34455966448190734,0.3868693626836085,0.4340752935313177,0.4068064946496951,0.5374310702470393,0.5446979256037059,0.46699510749969386,0.4008836249551002,0.2580462361605036,0.2986809159067729,0.29561236755254217,0.25019577423823547,0.4121899900236631,0.0,0.4092466019831963,0.5545230973987653,0.26374014229430853,0.3367188707199614,0.4069105180154211,0.24408935052970637,0.41538299753698515,0.25212495531046186,0.46289980098558603,0.407240418954812,0.2656765033268852,0.27055226027518875,0.2786540493618752,0.46525183322083674,0.46842555383728657,0.2560650687603703,0.30612137483660207
0.29970484275991394,0.3489608205141995,0.2175921954221156,0.2557166942635839,0.3104393317124413,0.34961177474144767,1.0,0.2537229014050535,0.29654944848161124,0.2555457089232419,0.35892424685742075,0.24047403395080524,0.3568778994747521,0.24730261885555427,0.23981087828639958,0.7706891999721388,0.3290088966668385,0.3815113302095142,0.36725922693847113,0.8706724071277188,0.3876407458443384,0.359488903405614,0.38893749901514973,0.34321519132022793,0.331767385469259,0.3472095571409417,0.3628484177559518,0.25119828542685796,0.2838519542253164,0.29107573916756857,0.23897006974690183,0.3528021598748138,0.0,0.35929864685686086,0.3564302943835793,0.26384773695214914,0.8140110369827176,0.33736530889893657,0.2287922164072953,0.3545660364116312,0.23815370589291607,0.3474543109450401,0.35867084198760035,0.25464219391847664,0.25388976976649347,0.26357428739140576,0.3404659591960614,0.34052611112768594,0.24776885203546772,0.292633169962329
0.28075444943540484,0.27842062701354053,0.20985982422551686,0.49984755166657946,0.27000374976546326,0.276224593744257,0.2537229014050535,1.0,0.2784995555434263,0.5047505740190148,0.2728426428440369,0.4629384319947014,0.2823334764237191,0.4810464533686585,0.4775346925442522,0.26642425379361745,0.26147549189696095,0.25941392010264297,0.2595688937406133,0.25238668319535285,0.25371977651699973,0.2525370186030459,0.26242394667713564,0.2766301938983917,0.26653048338251484,0.27912031245066493,0.26978056380032167,0.6886557889966047,0.3087065315049583,0.27225927651655213,0.4728281801751967,0.2770764576297803,0.0,0.2630429556517849,0.26587479806673997,0.40018260440467934,0.2470372409149637,0.28525843427899233,0.39388387533936553,0.2712055152912586,0.4790241592109996,0.264830269219272,0.26971711255161956,0.6875774151516552,0.6591785805266956,0.29892608329243564,0.2594562738872509,0.26090190069481733,0.4396545523031854,0.31126304390667303
0.3901896952442523,0.2993934886148082,0.24235052726144168,0.28537395556014566,0.29412007913766913,0.29415334296816464,0.29654944848161124,0.2784995555434263,1.0,0.29142039567368716,0.31486695347597626,0.25898827977283356,0.3212612718724025,0.27335263138343024,0.2744077885229895,0.30975034602639284,0.2875537965379732,0.2924043688435285,0.28592447904637164,0.2955504022768468,0.28813039532466844,0.28353200319341154,0.29642373021743995,0.2970887951808391,0.29021118753334985,0.31170288111589384,0.306287244355542,0.26730067440025684,0.32473764505607405,0.4158981019255048,0.2709682454301455,0.30380130352285817,0.0,0.2961328688540895,0.29895221906597735,0.27908226612916176,0.29298721121241844,0.292247936551457,0.23826222158108323,0.3035452317010494,0.2697342981082572,0.29531272425454824,0.30464517415982717,0.27223107913064915,0.26923821353264576,0.3063812131052457,0.29054529569241727,0.29100990636564594,0.2667514749419869,0.3364627384092558
0.2907545056178621,0.2806099831758897,0.21265450515418782,0.5235083726435616,0.27641413635197076,0.2654735465739039,0.2555457089232419,0.5047505740190148,0.29142039567368716,1.0,0.2765897359219529,0.46606682899292295,0.284809956961938,0.500081055064157,0.4994807769295472,0.26978600372802597,0.25509028897388697,0.25897815384372136,0.2547211568705222,0.25293890827725685,0.251920924186694,0.25058034304734855,0.25802320505635723,0.26931074862098725,0.26811815598787103,0.2804251260497481,0.2670520591900212,0.4984942490225428,0.30446921940998806,0.27855153299574886,0.5187190876237191,0.27359653589570054,0.0,0.2590047197787235,0.2576822830396511,0.4249424204980722,0.2538374635634649,0.265907253093139,0.40873307590443475,0.26625871863502903,0.5218949517673113,0.2610662005974348,0.2624516564739904,0.5033021642470361,0.5047905104661439,0.2923254442041685,0.2594925439010556,0.2599443428596828,0.46539061202049936,0.307028856575814
0.32669510376689104,0.4296048185048237,0.23230321051415181,0.27140382766614224,0.49001589681730584,0.4182236260468597,0.35892424685742075,0.2728426428440369,0.31486695347597626,0.2765897359219529,1.0,0.2614942965009157,0.5290047093312781,0.2677005084762337,0.2609027199458943,0.36746766474694015,0.3898569985335941,0.47849192622266123,0.46567740648382117,0.35930856817267864,0.47895475516394304,0.4706413789743591,0.48390306318610354,0.41201984366864375,0.39279206549619416,0.4311244125546163,0.503136619974779,0.2728473962095549,0.3060380451628225,0.3149322080216488,0.25835767568999657,0.46743595394536563,0.0,0.47727738635699957,0.4231137415329612,0.2775770752891209,0.34789210892604894,0.4822102409803294,0.2471153791984636,0.5150175349091843,0.2590839151188269,0.4404327332133716,0.5046590553453041,0.27564494453132915,0.27918718328714354,0.2841969327580227,0.4338731994523579,0.43376528899863653,0.271517074431022,0.31590831400816544
0.28592787716253576,0.27923199056346837,0.2028585137551413,0.4836043239139961,0.24248256458330397,0.26416666602553074,0.24047403395080524,0.4629384319947014,0.25898827977283356,0.46606682899292295,0.2614942965009157,1.0,0.2611443939160669,0.4766949581284634,0.5748175340894812,0.24403888911456473,0.24501088217517109,0.246247450548442,0.2465461143499308,0.23826458147139395,0.24356155318714556,0.2475714993339172,0.2522647575854705,0.25476785949522784,0.24510730307452344,0.2592728796087548,0.2567349562889534,0.470244918201966,0.31420772504290695,0.26268596205853656,0.42840293565889054,0.25498973345495757,0.0,0.2588105425622347,0.252379019459973,0.39126445820771427,0.2311955180707156,0.26175580875054494,0.3836535521515596,0.2592936650660381,0.4440019341476321,0.2511159443443036,0.25638533538222885,0.47267868593086604,0.47508802995535726,0.2917467476101888,0.2518866567463617,0.25255209218449903,0.41983455855446894,0.29917822064730915
0.32304131886301435,0.4264564674153052,0.2287728435422256,0.2798480931630277,0.45552269433813475,0.4152846493855339,0.3568778994747521,0.2823334764237191,0.3212612718724025,0.284809956961938,0.5290047093312781,0.2611443939160669,1.0,0.2644989652157195,0.274653940404872,0.37076290037079396,0.3993693808741692,0.4949132084775134,0.49418182210055783,0.35625608333799275,0.5098135905839523,0.527247038363241,0.5593357298444521,0.4249215396048758,0.40270065074454586,0.43674726541013387,0.5417578867259155,0.2706079791358941,0.3039559664455421,0.3226212224495252,0.2656488815237823,0.5126288437608622,0.0,0.5523030754500211,0.4254676210003082,0.26984694761570227,0.34894706637999395,0.5051231804978694,0.2461880067805543,0.5450351170051329,0.2671919946439091,0.43501006663739583,0.5334738734055078,0.274032670994363,0.27295434716834444,0.28481564708674256,0.42946469689806055,0.4294750577197246,0.26735052544150184,0.31131729077661663
0.26760938501345666,0.2620094318556391,0.20690407846808434,0.5395543828950069,0.25364276758059323,0.25440676195680634,0.24730261885555427,0.4810464533686585,0.27335263138343024,0.500081055064157,0.2677005084762337,0.4766949581284634,0.2644989652157195,1.0,0.5421934383744261,0.2540261668071987,0.24387095097840605,0.25121364293339465,0.24523231682514246,0.24694328358862183,0.24273997025522132,0.24398442434708945,0.2549848665845067,0.2468351970323046,0.2420253419379479,0.25749272077527097,0.2585424792828359,0.5127959684335163,0.3019466216035809,0.2624740615807616,0.49951842475697894,0.2571564324395994,0.0,0.25062179267557694,0.2513002699448167,0.40839687567727057,0.24010930913770023,0.25558001350476267,0.3929240335035704,0.25297718072220554,0.5078612939500078,0.25040365605001147,0.25448516935922516,0.5083538968008583,0.5015699775173477,0.2943523228271545,0.2528062141215843,0.2533891404033819,0.44913714479241573,0.3084184672210055
0.2612606543342876,0.25487999456744304,0.19872018468490293,0.5562076078949585,0.2713097532680544,0.25129648280392747,0.23981087828639958,0.4775346925442522,0.2744077885229895,0.4994807769295472,0.2609027199458943,0.5748175340894812,0.274653940404872,0.5421934383744261,1.0,0.25282294973890573,0.25251937360423493,0.24477876941638388,0.24091843370962684,0.23846844680683665,0.23992940764465343,0.23858947293572474,0.25327409467024975,0.25733071232337235,0.2541474488591583,0.2693390006038693,0.2567112705755056,0.4840249182562937,0.29070626510384545,0.2620569903816129,0.5004343427707605,0.2703206754697539,0.0,0.24980476779863825,0.24846831566363814,0.3973076818386636,0.2372396424697255,0.2546823942700217,0.39228042178175715,0.2520195602347717,0.5066327043048219,0.24790361693326457,0.25246295201652436,0.48415818327051374,0.47756587674269324,0.2890064820353785,0.25874292468867144,0.25952514064108223,0.4355930297499001,0.3104051143781714
0.305113250946783,0.3526502611718504,0.22050520902235993,0.26671823740623946,0.3361869667892674,0.354633521600182,0.7706891999721388,0.26642425379361745,0.30975034602639284,0.26978600372802597,0.36746766474694015,0.24403888911456473,0.37076290037079396,0.2540261668071987,0.25282294973890573,1.0,0.33801084103069423,0.37236139833528314,0.3633130452453891,0.773639723663429,0.3719546396043586,0.3624053660489477,0.37979747172647627,0.3527193007004693,0.34603337755428953,0.3615882446405265,0.3628373191202814,0.2550334256725568,0.28590032684307953,0.30258480252204956,0.2512664636636769,0.3572522985083658,0.0,0.35928390286231493,0.3548434516851403,0.26589676429058384,0.735413754191378,0.3460182182181283,0.2337232001598607,0.35718194884820553,0.25160394071916714,0.3494139323453176,0.35851588259571576,0.25832564197804075,0.26005518839504504,0.2668316429890505,0.34343824587262917,0.3434892989750601,0.25661899478347083,0.2954696881524672
0.29932193663226525,0.4602584461509678,0.2080363696579297,0.25767829262951225,0.3934551344725391,0.4512537997931073,0.3290088966668385,0.26147549189696095,0.2875537965379732,0.25509028897388697,0.3898569985335941,0.24501088217517109,0.3993693808741692,0.24387095097840605,0.25251937360423493,0.33801084103069423,1.0,0.369698095326465,0.36823680746855136,0.32263401565192973,0.36653045417035146,0.3677292783195838,0.3821538117086851,0.5265608729053678,0.48573258835728583,0.4978111328160204,0.384140973217174,0.24861038719009632,0.2839164399131844,0.28163082133974404,0.24261094793903926,0.4319218265936088,0.0,0.3880868826598607,0.46651310137324176,0.25808450988435894,0.3207464754781798,0.3745830955270468,0.23919949525070727,0.38696819007862737,0.24214894679408072,0.4355263228619305,0.3884711124851712,0.25625396392176203,0.26563810966588597,0.25538310540537945,0.44473800174763056,0.44616756009096803,0.24520152630054703,0.28643017795285697
0.3051844139254726,0.41580980631012343,0.22263027580948347,0.25927792772076075,0.3846121671964918,0.4042598463867362,0.3815113302095142,0.25941392010264297,0.2924043688435285,0.25897815384372136,0.47849192622266123,0.246247450548442,0.4949132084775134,0.25121364293339465,0.24477876941638388,0.37236139833528314,0.369698095326465,1.0,0.5133276632629997,0.38213553540492917,0.5089354288701042,0.48146615466259735,0.5172373835290878,0.3874908822659394,0.36592345886079436,0.39744641233888034,0.4891438295559455,0.2601076884989668,0.29289606464843054,0.2977813088133633,0.24357275193936845,0.4609169514388314,0.0,0.4771145836167332,0.4075870624519211,0.2719999475909324,0.36853160265442775,0.44924351807706653,0.233347571455091,0.4950344616951887,0.2439964753014775,0.4153281669855903,0.48186559410293883,0.2583158027629856,0.257092054295297,0.270727956304877,0.4141492525845547,0.4135636375346313,0.24655272704836373,0.29496742540529064
0.3078490790151207,0.4028971542499671,0.21832518991821115,0.25460357337043094,0.38883614336348027,0.4016483532855777,0.36725922693847113,0.2595688937406133,0.28592447904637164,0.2547211568705222,0.46567740648382117,0.2465461143499308,0.49418182210055783,0.24523231682514246,0.24091843370962684,0.3633130452453891,0.36823680746855136,0.5133276632629997,1.0,0.36149537505276197,0.4951948567597998,0.486888498558933,0.49840969316099193,0.38818945937957516,0.372111242206535,0.38662484499349214,0.4835714371686226,0.2558103359006282,0.28397418220144977,0.29402218924707957,0.23771186790823218,0.45823456673162954,0.0,0.4697718110538168,0.4081276643418279,0.26360517101417724,0.3516894144701296,0.45057272986024033,0.23794007480797474,0.48397496791380656,0.23997016574317187,0.40980864119894544,0.47414347741132634,0.25893517505702,0.2585854042958007,0.26923658085989066,0.3962752663245729,0.3977983249267856,0.2488089123747943,0.29359627952347445
0.2950198586022553,0.3504892206403939,0.21919311749258907,0.25286836928272516,0.3069611704079076,0.34455966448190734,0.8706724071277188,0.25238668319535285,0.2955504022768468,0.25293890827725685,0.35930856817267864,0.23826458147139395,0.35625608333799275,0.24694328358862183,0.23846844680683665,0.773639723663429,0.32263401565192973,0.38213553540492917,0.36149537505276197,1.0,0.38764430754568,0.3539522902656318,0.3865737243474091,0.33676727458413425,0.3224715012299848,0.34341476132544924,0.3631844020619358,0.2523553221561059,0.2847677418334891,0.2899710268445139,0.23731684066761882,0.34908172212802924,0.0,0.35666388840773255,0.35238692489558143,0.2609815155372268,0.8121157151479239,0.33763360266220066,0.22231286489038238,0.35610808834837027,0.23672556334075578,0.34614824161845426,0.35958498464487154,0.2524553610169413,0.25114706192277725,0.26565475547847295,0.34028518029026655,0.33993213203595496,0.24660871008300445,0.29166760774078504
0.29991225329075544,0.4017783503672464,0.2195181130857411,0.253523581775954,0.3962629276607271,0.3868693626836085,0.3876407458443384,0.25371977651699973,0.28813039532466844,0.251920924186694,0.47895475516394304,0.24356155318714556,0.5098135905839523,0.24273997025522132,0.23992940764465343,0.3719546396043586,0.36653045417035146,0.5089354288701042,0.4951948567597998,0.38764430754568,1.0,0.4852014387920469,0.5291800398606988,0.3848212003641057,0.36122793723685775,0.39425000653240627,0.5097331254686146,0.2563277678772027,0.28106058279021884,0.29274973438106056,0.23726888074521602,0.47505061864205733,0.0,0.5005136840355764,0.40045877367905436,0.26276800808798173,0.3707707475177794,0.4656997883121493,0.22856795420046816,0.508556909842959,0.24121195282852648,0.3988209381646274,0.5007901843440801,0.2556237085298192,0.2557176566421109,0.2714705835019402,0.40721915571129397,0.4064965829577394,0.24504816192765055,0.29105493963180207
0.30249659728597345,0.38868422302848815,0.21226019794412554,0.25056360794890087,0.3808238772893364,0.4340752935313177,0.359488903405614,0.2525370186030459,0.28353200319341154,0.25058034304734855,0.4706413789743591,0.2475714993339172,0.527247038363241,0.24398442434708945,0.23858947293572474,0.3624053660489477,0.3677292783195838,0.48146615466259735,0.486888498558933,0.3539522902656318,0.4852014387920469,1.0,0.6635151906728455,0.37777765638370076,0.3799112871015192,0.3848166064291104,0.48962053048596443,0.24876866764617334,0.2767519519748477,0.28820976023892986,0.23445351354380928,0.4702663466480579,0.0,0.610347984470393,0.3929358888045057,0.26006112296529726,0.3431277623707524,0.46433803171519883,0.22804182884637125,0.491075189169203,0.23440358364933744,0.3973087709571612,0.4862802339444676,0.25408262261236414,0.25462421658810885,0.2677024537889897,0.3913362717355472,0.39162325044822555,0.24470572464589702,0.2930358190613115
0.3078196014317065,0.4165738888081264,0.22347673271845647,0.2653314279531299,0.3995988738856959,0.4068064946496951,0.38893749901514973,0.26242394667713564,0.29642373021743995,0.25802320505635723,0.48390306318610354,0.2522647575854705,0.5593357298444521,0.2549848665845067,0.25327409467024975,0.37979747172647627,0.3821538117086851,0.5172373835290878,0.49840969316099193,0.3865737243474091,0.5291800398606988,0.6635151906728455,1.0,0.39294586496548745,0.37515982189016617,0.40189875001014885,0.5230825820028112,0.2641820989524213,0.2949879834580994,0.2945885358021161,0.24923471030060362,0.49800813974031277,0.0,0.6399520931197041,0.4112427272621899,0.266810511443217,0.3735043222275921,0.4840059988774629,0.23330366672419833,0.5153049485986905,0.2508253283314428,0.4120416106757322,0.5143554928197568,0.2639495406792113,0.2628523822189257,0.2729405758280937,0.41027777531456655,0.4100075300252676,0.2510487970364934,0.29590090325488705
0.30954489665405505,0.550405892400551,0.21214803931063575,0.26632309564884027,0.4072391909742492,0.5374310702470393,0.34321519132022793,0.2766301938983917,0.2970887951808391,0.26931074862098725,0.41201984366864375,0.25476785949522784,0.4249215396048758,0.2468351970323046,0.25733071232337235,0.3527193007004693,0.5265608729053678,0.3874908822659394,0.38818945937957516,0.33676727458413425,0.3848212003641057,0.37777765638370076,0.39294586496548745,1.0,0.5639984498353634,0.49735575944289256,0.4034078106070298,0.25185914033473955,0.2871848923335104,0.29962191724472076,0.25521740880736443,0.42058620083794196,0.0,0.39798590752012564,0.5651250719648129,0.2562602786043069,0.3328042240957847,0.39149300321207714,0.23375298211904472,0.4055153976005108,0.2542798630896237,0.46516152832284496,0.4003684275782198,0.2624869575894153,0.2686345109187007,0.26471892004403497,0.45328059522558406,0.45524395476671853,0.2529434357376722,0.2910928518027558
0.3068150674544683,0.5265855500058738,0.2061412651060367,0.26802232004658255,0.39543402505259273,0.5446979256037059,0.331767385469259,0.26653048338251484,0.29021118753334985,0.26811815598787103,0.39279206549619416,0.24510730307452344,0.40270065074454586,0.2420253419379479,0.2541474488591583,0.34603337755428953,0.48573258835728583,0.36592345886079436,0.372111242206535,0.3224715012299848,0.36122793723685775,0.3799112871015192,0.37515982189016617,0.5639984498353634,1.0,0.5162046931888125,0.38092808929750954,0.24087645218638798,0.2713269781359262,0.287631487788948,0.2511851881848215,0.4247959031755133,0.0,0.3732582311245629,0.5439917216108756,0.2503993799637285,0.32688366984254924,0.38401508163174536,0.23528862226883596,0.38071574252234797,0.25078136836261344,0.4370615177728916,0.3808995734119549,0.26374444479747605,0.2668651921894767,0.25558362368937015,0.42945606362858924,0.43223186549163795,0.2562440265685866,0.27772589625833777
0.31336737586312957,0.49095448672093656,0.21876430641188982,0.2779919978914046,0.40747098289828854,0.46699510749969386,0.3472095571409417,0.27912031245066493,0.31170288111589384,0.2804251260497481,0.4311244125546163,0.2592728796087548,0.43674726541013387,0.25749272077527097,0.2693390006038693,0.3615882446405265,0.4978111328160204,0.39744641233888034,0.38662484499349214,0.34341476132544924,0.39425000653240627,0.3848166064291104,0.40189875001014885,0.49735575944289256,0.5162046931888125,1.0,0.40997714742180924,0.25995223104131426,0.2891528853859612,0.3054462853972685,0.2646188059761768,0.4221424971612243,0.0,0.39793262591484535,0.4916818584596039,0.26243352990590607,0.34285753933663177,0.39775370888526673,0.24135584828365897,0.4203167491600768,0.2641577003040615,0.462652861326291,0.40540373623047765,0.2760723235464434,0.2754687752335543,0.26767063152500725,0.46328044989015693,0.4645228227334569,0.26881724601156387,0.2968321519283733
0.31308294738777254,0.417225111510926,0.22384475843565776,0.26489922936586174,0.4173514952454155,0.4008836249551002,0.3628484177559518,0.26978056380032167,0.306287244355542,0.2670520591900212,0.503136619974779,0.2567349562889534,0.5417578867259155,0.2585424792828359,0.2567112705755056,0.3628373191202814,0.384140973217174,0.4891438295559455,0.4835714371686226,0.3631844020619358,0.5097331254686146,0.48962053048596443,0.5230825820028112,0.4034078106070298,0.38092808929750954,0.40997714742180924,1.0,0.2634345149251841,0.29531716175805756,0.30415623490382937,0.2523538788333718,0.5048582949392468,0.0,0.5068702656128014,0.41223459659046957,0.26700264128453743,0.34894525556058287,0.5759473474348414,0.23405765121480393,0.5463362574048736,0.25449044766986517,0.4197559792057399,0.6156874617307504,0.2705623097776704,0.26621292631241056,0.27929644022855504,0.41347300422294153,0.41400395434802795,0.26191292352131457,0.301734906549882
0.27231021164959235,0.2779882424751544,0.20958750903337997,0.5210822934368183,0.24176306062251596,0.2580462361605036,0.25119828542685796,0.6886557889966047,0.26730067440025684,0.4984942490225428,0.2728473962095549,0.470244918201966,0.2706079791358941,0.5127959684335163,0.4840249182562937,0.2550334256725568,0.24861038719009632,0.2601076884989668,0.2558103359006282,0.2523553221561059,0.2563277678772027,0.24876866764617334,0.2641820989524213,0.25185914033473955,0.24087645218638798,0.25995223104131426,0.2634345149251841,1.0,0.3116289193899192,0.26610366901875504,0.4710571634671009,0.26686246730423735,0.0,0.25870989006896505,0.2565300540983443,0.4048086100539994,0.2418100644132981,0.2751098514813518,0.3906781727608143,0.26211977919260165,0.4856588646824459,0.2583232513837508,0.265928380347632,0.8117615776027067,0.7651480852296605,0.29816249917612603,0.26488268116714775,0.26435509449498207,0.4522411324691352,0.30716229068231027
0.3350376675732998,0.30549249650460497,0.2422908895313166,0.2991637344108953,0.27111812353304976,0.2986809159067729,0.2838519542253164,0.3087065315049583,0.32473764505607405,0.30446921940998806,0.3060380451628225,0.31420772504290695,0.3039559664455421,0.3019466216035809,0.29070626510384545,0.28590032684307953,0.2839164399131844,0.29289606464843054,0.28397418220144977,0.2847677418334891,0.28106058279021884,0.2767519519748477,0.2949879834580994,0.2871848923335104,0.2713269781359262,0.2891528853859612,0.29531716175805756,0.3116289193899192,1.0,0.31934493152714083,0.287766446597316,0.2947385513205476,0.0,0.2928025440051589,0.28769978867148727,0.2966811604432066,0.2735103818364727,0.2883897548450095,0.256926818603156,0.29826658964615094,0.2849664128430338,0.291732567230351,0.2979997632062453,0.3074764814163665,0.3086837938120237,0.38729897263002533,0.28992174580783425,0.28958955106327955,0.2921133879374137,0.6108839002047919
0.3875387404274574,0.30538165298912534,0.2510736014408671,0.2726283339321831,0.2831198704986623,0.29561236755254217,0.29107573916756857,0.27225927651655213,0.4158981019255048,0.27855153299574886,0.3149322080216488,0.26268596205853656,0.3226212224495252,0.2624740615807616,0.2620569903816129,0.30258480252204956,0.28163082133974404,0.2977813088133633,0.29402218924707957,0.2899710268445139,0.29274973438106056,0.28820976023892986,0.2945885358021161,0.29962191724472076,0.287631487788948,0.3054462853972685,0.30415623490382937,0.26610366901875504,0.31934493152714083,1.0,0.26149460617745734,0.2968976141216014,0.0,0.2953971774444085,0.3028807118345552,0.2701153291108427,0.28281937100919485,0.29512605972891404,0.23753875203996444,0.31120073820019234,0.26236830216236806,0.2994537582612079,0.30462353726951974,0.26859221821466284,0.2669743711268934,0.31534040725671153,0.29972652088298934,0.30059025923246796,0.2647228139615946,0.3331262710285008
0.25694289957045335,0.2557693389988954,0.19837034108832696,0.5137674823056348,0.2613583583355882,0.25019577423823547,0.23897006974690183,0.4728281801751967,0.2709682454301455,0.5187190876237191,0.25835767568999657,0.42840293565889054,0.2656488815237823,0.49951842475697894,0.5004343427707605,0.2512664636636769,0.24261094793903926,0.24357275193936845,0.23771186790823218,0.23731684066761882,0.23726888074521602,0.23445351354380928,0.24923471030060362,0.25521740880736443,0.2511851881848215,0.2646188059761768,0.2523538788333718,0.4710571634671009,0.287766446597316,0.26149460617745734,1.0,0.2622977629082637,0.0,0.24633240426134784,0.24553563001927436,0.39414969474629347,0.2391114957808812,0.24731922748561863,0.3755839846992567,0.2478797324197337,0.6578205395328958,0.24722065189148013,0.24780311416038148,0.4740252598322192,0.46718284288993006,0.2811129013950381,0.24556123303292143,0.24558917749790388,0.43103987701424196,0.291375980552388
0.30904495552484523,0.4134685384917145,0.2221594296427961,0.2819546823220943,0.43917004388811265,0.4121899900236631,0.3528021598748138,0.2770764576297803,0.30380130352285817,0.27359653589570054,0.46743595394536563,0.25498973345495757,0.5126288437608622,0.2571564324395994,0.2703206754697539,0.3572522985083658,0.4319218265936088,0.4609169514388314,0.45823456673162954,0.34908172212802924,0.47505061864205733,0.4702663466480579,0.49800813974031277,0.42058620083794196,0.4247959031755133,0.4221424971612243,0.5048582949392468,0.26686246730423735,0.2947385513205476,0.2968976141216014,0.2622977629082637,1.0,0.0,0.4853000053539117,0.405553526567356,0.2571994121615674,0.34479710314817424,0.48955449522958117,0.23927646057602503,0.5050165337338619,0.2585476815528508,0.4145325346670684,0.5047003180602974,0.27160318908887704,0.27582142335875404,0.27090017882256734,0.41854384570682335,0.42012989139430357,0.25116289800276637,0.2933908379730704
0.0,0.0,0.0,0.0,0.0,0.0,0.0,0.0,0.0,0.0,0.0,0.0,0.0,0.0,0.0,0.0,0.0,0.0,0.0,0.0,0.0,0.0,0.0,0.0,0.0,0.0,0.0,0.0,0.0,0.0,0.0,0.0,1.0,0.0,0.0,0.0,0.0,0.0,0.0,0.0,0.0,0.0,0.0,0.0,0.0,0.0,0.0,0.0,0.0,0.0
0.3112097726397888,0.408980075049872,0.22362551807976105,0.25827961543040034,0.40600125793046105,0.4092466019831963,0.35929864685686086,0.2630429556517849,0.2961328688540895,0.2590047197787235,0.47727738635699957,0.2588105425622347,0.5523030754500211,0.25062179267557694,0.24980476779863825,0.35928390286231493,0.3880868826598607,0.4771145836167332,0.4697718110538168,0.35666388840773255,0.5005136840355764,0.610347984470393,0.6399520931197041,0.39798590752012564,0.3732582311245629,0.39793262591484535,0.5068702656128014,0.25870989006896505,0.2928025440051589,0.2953971774444085,0.24633240426134784,0.4853000053539117,0.0,1.0,0.4107862407285664,0.27807461389391397,0.3450983903693837,0.4756805618379546,0.24587540306134525,0.5085798210353665,0.24613949998029527,0.4109515628967385,0.5123287607364422,0.2610182465970612,0.26203720311234113,0.26929038951697626,0.4073549695065487,0.4080122496384251,0.2516266258314286,0.29521425296768644
0.31072399882814794,0.5667853636095687,0.212293875151509,0.25865180587718706,0.37794298427793716,0.5545230973987653,0.3564302943835793,0.26587479806673997,0.29895221906597735,0.2576822830396511,0.4231137415329612,0.252379019459973,0.4254676210003082,0.2513002699448167,0.24846831566363814,0.3548434516851403,0.46651310137324176,0.4075870624519211,0.4081276643418279,0.35238692489558143,0.40045877367905436,0.3929358888045057,0.4112427272621899,0.5651250719648129,0.5439917216108756,0.4916818584596039,0.41223459659046957,0.2565300540983443,0.28769978867148727,0.3028807118345552,0.24553563001927436,0.405553526567356,0.0,0.4107862407285664,1.0,0.25578412979717924,0.3382608952864842,0.3938381171938189,0.2365449561236942,0.41957075550293843,0.2457128090129579,0.4758888756413676,0.41484706506506697,0.2603572573264,0.2640683942010863,0.2661973456468285,0.46366629035295126,0.4645620187564481,0.2524437669849495,0.2895160075651696
0.2758793504332393,0.26428823969483684,0.21236205081027104,0.4148826279528316,0.24118370623831542,0.26374014229430853,0.26384773695214914,0.40018260440467934,0.27908226612916176,0.4249424204980722,0.2775770752891209,0.39126445820771427,0.26984694761570227,0.40839687567727057,0.3973076818386636,0.26589676429058384,0.25808450988435894,0.2719999475909324,0.26360517101417724,0.2609815155372268,0.26276800808798173,0.26006112296529726,0.266810511443217,0.2562602786043069,0.2503993799637285,0.26243352990590607,0.26700264128453743,0.4048086100539994,0.2966811604432066,0.2701153291108427,0.39414969474629347,0.2571994121615674,0.0,0.27807461389391397,0.25578412979717924,1.0,0.2582429167644893,0.26039388143796593,0.38571883635529425,0.2658064250663358,0.39790409173340346,0.2606052410659635,0.26378386939833187,0.4088262646000921,0.4085475323950747,0.28798573617876966,0.2544588199389103,0.25491295354026156,0.40085543389693745,0.3053194423358351
0.28898345233968203,0.33418976093204034,0.20969947643327458,0.2515073235838249,0.30940484441087757,0.3367188707199614,0.8140110369827176,0.2470372409149637,0.29298721121241844,0.2538374635634649,0.34789210892604894,0.2311955180707156,0.34894706637999395,0.24010930913770023,0.2372396424697255,0.735413754191378,0.3207464754781798,0.36853160265442775,0.3516894144701296,0.8121157151479239,0.3707707475177794,0.3431277623707524,0.3735043222275921,0.3328042240957847,0.32688366984254924,0.34285753933663177,0.34894525556058287,0.2418100644132981,0.2735103818364727,0.28281937100919485,0.2391114957808812,0.34479710314817424,0.0,0.3450983903693837,0.3382608952864842,0.2582429167644893,1.0,0.32646307475195635,0.2220763046265578,0.33801664444151336,0.2369563892817781,0.33684739899608307,0.34591739582722936,0.24468681093928835,0.2435708218526368,0.25408072435161133,0.327005701633703,0.32665311103808403,0.23746625505919305,0.28064956065750746
0.31589930569407343,0.4214843957077099,0.2193312394128346,0.26287423596284043,0.43920856611548686,0.4069105180154211,0.33736530889893657,0.28525843427899233,0.292247936551457,0.265907253093139,0.4822102409803294,0.26175580875054494,0.5051231804978694,0.25558001350476267,0.2546823942700217,0.3460182182181283,0.3745830955270468,0.44924351807706653,0.45057272986024033,0.33763360266220066,0.4656997883121493,0.46433803171519883,0.4840059988774629,0.39149300321207714,0.38401508163174536,0.39775370888526673,0.5759473474348414,0.2751098514813518,0.2883897548450095,0.29512605972891404,0.24731922748561863,0.48955449522958117,0.0,0.4756805618379546,0.3938381171938189,0.26039388143796593,0.32646307475195635,1.0,0.2559009330902047,0.511284724413958,0.25339917976838244,0.41391245809020516,0.6060529544665421,0.2809322394929513,0.2744435802608689,0.27794930307252586,0.41592813525539407,0.41664882852175056,0.26814458257355145,0.2965564655882045
0.24182372484426007,0.2351877177198335,0.182346182788514,0.40177949846084593,0.3034585431406208,0.24408935052970637,0.2287922164072953,0.39388387533936553,0.23826222158108323,0.40873307590443475,0.2471153791984636,0.3836535521515596,0.2461880067805543,0.3929240335035704,0.39228042178175715,0.2337232001598607,0.23919949525070727,0.233347571455091,0.23794007480797474,0.22231286489038238,0.22856795420046816,0.22804182884637125,0.23330366672419833,0.23375298211904472,0.23528862226883596,0.24135584828365897,0.23405765121480393,0.3906781727608143,0.256926818603156,0.23753875203996444,0.3755839846992567,0.23927646057602503,0.0,0.24587540306134525,0.2365449561236942,0.38571883635529425,0.2220763046265578,0.2559009330902047,1.0,0.2343531356548646,0.3822888929016989,0.2318813567429866,0.2363278541411633,0.4003768723987253,0.40408271858224,0.2547135853236493,0.23119259088595023,0.23221420278701388,0.3817313908620774,0.2708138356804356
0.3141199292459226,0.4237910476387917,0.2263392355669448,0.260333049405999,0.42167776220067743,0.41538299753698515,0.3545660364116312,0.2712055152912586,0.3035452317010494,0.26625871863502903,0.5150175349091843,0.2592936650660381,0.5450351170051329,0.25297718072220554,0.2520195602347717,0.35718194884820553,0.38696819007862737,0.4950344616951887,0.48397496791380656,0.35610808834837027,0.508556909842959,0.491075189169203,0.5153049485986905,0.4055153976005108,0.38071574252234797,0.4203167491600768,0.5463362574048736,0.26211977919260165,0.29826658964615094,0.31120073820019234,0.2478797324197337,0.5050165337338619,0.0,0.5085798210353665,0.41957075550293843,0.2658064250663358,0.33801664444151336,0.511284724413958,0.2343531356548646,1.0,0.24857323104185536,0.43190307752543977,0.5419713475222406,0.26532971899187874,0.26842672058908346,0.2832153195185577,0.44065127344342625,0.4414559606189459,0.257008673600966,0.31060979806686506
