../ecoli_genomes/GCF_000163235.1_ASM16323v1_genomic.fna.gz,../ecoli_genomes/GCF_000164555.1_ASM16455v1_genomic.fna.gz,../ecoli_genomes/GCF_000208545.1_ASM20854v2_genomic.fna.gz,../ecoli_genomes/GCF_000233875.1_ASM23387v1_genomic.fna.gz,../ecoli_genomes/GCF_000249735.1_ASM24973v2_genomic.fna.gz,../ecoli_genomes/GCF_000261145.1_Esch_coli_M919_V2_genomic.fna.gz,../ecoli_genomes/GCF_000267705.2_ASM26770v2_genomic.fna.gz,../ecoli_genomes/GCF_000350665.1_Esch_coli_KTE5_V1_genomic.fna.gz,../ecoli_genomes/GCF_000351625.1_Esch_coli_KTE66_V1_genomic.fna.gz,../ecoli_genomes/GCF_000352285.1_Esch_coli_KTE46_V1_genomic.fna.gz,../ecoli_genomes/GCF_000358895.1_ASM35889v1_genomic.fna.gz,../ecoli_genomes/GCF_000456385.1_Esch_coli_HVH_26_4-5703913_V1_genomic.fna.gz,../ecoli_genomes/GCF_000458195.1_Esch_coli_HVH_147_4-5893887_V1_genomic.fna.gz,../ecoli_genomes/GCF_000459755.1_Esch_coli_KOEGE_58_171a_V1_genomic.fna.gz,../ecoli_genomes/GCF_000460055.1_Esch_coli_UMEA_3053-1_V1_genomic.fna.gz,../ecoli_genomes/GCF_000462165.2_ASM46216v2_genomic.fna.gz,../ecoli_genomes/GCF_000601135.1_ASM60113v1_genomic.fna.gz,../ecoli_genomes/GCF_000614595.1_Ec2010EL1058_genomic.fna.gz,../ecoli_genomes/GCF_000617745.1_Ec2010C-4529_genomic.fna.gz,../ecoli_genomes/GCF_000618265.2_EcF6751_genomic.fna.gz,../ecoli_genomes/GCF_000619005.2_Ec2009C-4052_genomic.fna.gz,../ecoli_genomes/GCF_000619105.1_Ec2009C-4780_genomic.fna.gz,../ecoli_genomes/GCF_000619765.2_Ec2009C-3279_genomic.fna.gz,../ecoli_genomes/GCF_000687005.1_ASM68700v1_genomic.fna.gz,../ecoli_genomes/GCF_000687025.1_ASM68702v1_genomic.fna.gz,../ecoli_genomes/GCF_000700125.1_ASM70012v1_genomic.fna.gz,../ecoli_genomes/GCF_000753315.1_FHI35_genomic.fna.gz,../ecoli_genomes/GCF_000776375.1_ASM77637v1_genomic.fna.gz,../ecoli_genomes/GCF_000779395.1_ASM77939v1_genomic.fna.gz,../ecoli_genomes/GCF_000780315.1_ASM78031v1_genomic.fna.gz,../ecoli_genomes/GCF_000781995.1_ASM78199v1_genomic.fna.gz,../ecoli_genomes/GCF_000986765.1_ASM98676v1_genomic.fna.gz,../ecoli_genomes/GCF_001041375.1_ViralProj287958_genomic.fna.gz,../ecoli_genomes/GCF_001265335.1_302014_genomic.fna.gz,../ecoli_genomes/GCF_001265625.1_100854_genomic.fna.gz,../ecoli_genomes/GCF_001267345.1_303289_genomic.fna.gz,../ecoli_genomes/GCF_001309985.1_ASM130998v1_genomic.fna.gz,../ecoli_genomes/GCF_001521695.1_ASM152169v1_genomic.fna.gz,../ecoli_genomes/GCF_001592595.1_ASM159259v1_genomic.fna.gz,../ecoli_genomes/GCF_001614975.1_ASM161497v1_genomic.fna.gz,../ecoli_genomes/GCF_001692775.1_ASM169277v1_genomic.fna.gz,../ecoli_genomes/GCF_001748915.1_ASM174891v1_genomic.fna.gz,../ecoli_genomes/GCF_001749235.1_ASM174923v1_genomic.fna.gz,../ecoli_genomes/GCF_001881155.1_ASM188115v1_genomic.fna.gz,../ecoli_genomes/GCF_001881345.1_ASM188134v1_genomic.fna.gz,../ecoli_genomes/GCF_001892405.1_ASM189240v1_genomic.fna.gz,../ecoli_genomes/GCF_001892585.1_ASM189258v1_genomic.fna.gz,../ecoli_genomes/GCF_001893985.1_ASM189398v1_genomic.fna.gz,../ecoli_genomes/GCF_002001595.1_ASM200159v1_genomic.fna.gz,../ecoli_genomes/GCF_002002145.1_ASM200214v1_genomic.fna.gz
1.0,0.38550428945264736,0.320763607025087,0.3498201916991124,0.3669404594346658,0.37168248245190993,0.3570954744673379,0.3569162913927545,0.4307800837958621,0.3525153104694546,0.37860976524404555,0.36047951839029757,0.3669533148234281,0.3363661552562366,0.3246178561677001,0.3554281453161321,0.32077409385793243,0.3666847756440045,0.32105225785671254,0.35843485320884017,0.3511326846501288,0.3500910844062366,0.37236020001230496,0.3548143773305833,0.3353034291846734,0.24754248528563216,0.36467780317390497,0.33925962483626526,0.3916252093694491,0.42864404901210007,0.315001622688999,0.379596755316577,0.0,0.36785455543410306,0.3662044312601773,0.33008045299304223,0.34235119750231224,0.3679912866591014,0.2995658346951876,0.3761231041043147,0.327657917008248,0.3671240106333472,0.36980435489625574,0.35174354282239506,0.3598049052145227,0.3696601440753168,0.36606909056066617,0.3659516497888544,0.32830519698418414,0.39742064004360267
0.38550428945264736,1.0,0.29916002030831434,0.35033304247331076,0.4493140087043982,0.5584383249646594,0.39661126927587353,0.34748732006988303,0.35880991634094694,0.3562062374326982,0.47849916713902096,0.353823927448104,0.4596986657545796,0.33927455805584406,0.33210431606348534,0.3997294844419207,0.34676480859920356,0.4618703907722598,0.39007187004616317,0.40294475981525035,0.44533916897766235,0.43137019022868384,0.45988523525145864,0.4429703242492543,0.4309968365450306,0.24252117712800592,0.4635003994888558,0.3440904785912523,0.3677667480073482,0.3696243203366648,0.32154984225733296,0.4406557493143176,0.0,0.4429343646529602,0.5724672635975991,0.32861781539700263,0.3779722615498934,0.46311430505586404,0.29538156904969315,0.46827989895027244,0.33491044153810035,0.5066296374180231,0.4614959752809219,0.35280512430677624,0.352919867327931,0.33679265571524275,0.5143140873153516,0.5129830055588307,0.3437324082967078,0.36055936772954933
0.320763607025087,0.29916002030831434,1.0,0.27096568580732594,0.27459601048268645,0.27565054272734235,0.2785111686956756,0.2738083283322206,0.30659550233378063,0.2804761441703677,0.3050934070479153,0.2703289997856172,0.29095461134029665,0.2699232361419813,0.2654205508452311,0.2807615060486418,0.19479721566178754,0.28734383079643133,0.24512456876938615,0.282880077419739,0.28454875292581405,0.2755578551443447,0.29108161457013204,0.2263482674698738,0.21403240402037949,0.1359033728887581,0.2892944386620979,0.2702628829231535,0.3084969194185643,0.3158347806854992,0.2578349161973913,0.27625265875829097,0.0,0.28414204826327927,0.27774111429086035,0.2740789397005522,0.2654478609463573,0.2825531524919589,0.24051449946885006,0.2978161729387553,0.267698562294147,0.289581716963066,0.29751320125301617,0.27347679311412065,0.2708706708706803,0.28552360315455494,0.2927626120533856,0.2915958886601021,0.2746392485625201,0.31333855131514377
0.3498201916991124,0.35033304247331076,0.27096568580732594,1.0,0.32557625898961884,0.33722040968156897,0.3133281514265992,0.5428199725581431,0.32895394972660497,0.5458423321772388,0.33797253983763675,0.5605673806876424,0.32657271420653067,0.5846809476066017,0.5843439748163634,0.3139299445230652,0.253550414709955,0.3280633246315833,0.2888464430694573,0.3162808763288065,0.317948487339203,0.3123061918742833,0.33824765252900657,0.2798895284928484,0.27878668177615373,0.1796387036542625,0.33019664916466884,0.5648828638449241,0.35765736864786957,0.3293797722330767,0.5240805919729272,0.33415026532919934,0.0,0.3191911894606837,0.32705257708101954,0.4598209321379153,0.29844728455405933,0.32058561907530425,0.43316152309109346,0.33062232184897344,0.5562275548872195,0.3349068415920746,0.329183551369609,0.570041788851988,0.5593512682127821,0.3468354686499656,0.3311853028979014,0.331801057052555,0.49544929678598293,0.3684248563201289
0.3669404594346658,0.4493140087043982,0.27459601048268645,0.32557625898961884,1.0,0.4685421153633724,0.3734951856410651,0.3379074372884352,0.3493200008215458,0.3337893757111051,0.5524383109131568,0.3302822243094956,0.49637066225172555,0.3259278764683513,0.32272202336869926,0.38497444280079474,0.357777483928305,0.4568221280528415,0.40976480640208746,0.3774318824019772,0.46940359315228886,0.4535769080820087,0.4739796880329121,0.3883267079594346,0.38401375846364694,0.27466310720255593,0.4768592755610712,0.3187888055385747,0.36182026538957,0.35212598962048747,0.3155480573047428,0.48373876237464886,0.0,0.4944446095606123,0.4582710160042014,0.31147794819014074,0.36598194404073114,0.5036729963925077,0.3205129076102836,0.5008711093903306,0.3293140091803244,0.4655718115538038,0.5030777864963378,0.33091122034540077,0.33238832041675825,0.32743113141092106,0.4770720072068705,0.4774926171604391,0.32485860347661966,0.3589046820419326
0.37168248245190993,0.5584383249646594,0.27565054272734235,0.33722040968156897,0.4685421153633724,1.0,0.3993669204024287,0.3452970247881215,0.3433335637030772,0.32790439875630606,0.4604188694711763,0.33200585508989133,0.4475877173519506,0.3226676408808117,0.3186169086594106,0.399016341780817,0.379435127129626,0.4543913617757477,0.3992772734478415,0.39908928927165566,0.42901669976115053,0.42500249753052244,0.44817652989982193,0.466099788085682,0.4628324601048768,0.28075495666050787,0.4399913327651981,0.322547080165976,0.3617739506586538,0.3466133283429321,0.3022872231255148,0.4484482031919448,0.0,0.4603329278423064,0.5668283221196369,0.32646559994960156,0.38608236552372355,0.4524214723840966,0.31478779725737094,0.4570775286263099,0.3236823070525342,0.5162947833316056,0.45889705390976854,0.33614664719801446,0.33602167675721994,0.3239710414970499,0.5104802093826218,0.5120757499638314,0.321846628477518,0.3620216389457499
0.3570954744673379,0.39661126927587353,0.2785111686956756,0.3133281514265992,0.3734951856410651,0.3993669204024287,1.0,0.3181964626763164,0.3467822417582773,0.31600652314685274,0.4097777214524101,0.3070264888158719,0.39416654597935374,0.30701486455344007,0.30122350243509377,0.7713540952849177,0.26968910041069116,0.4358853851753841,0.3767063842504448,0.8662752879957055,0.42993290460391487,0.4092189442465536,0.43636565092804624,0.3151505913279481,0.3016372146988612,0.19204111779693245,0.4039441937915389,0.3065448473278243,0.340984629239627,0.34671438363711704,0.2918480660404259,0.3768871625398523,0.0,0.40138906104482586,0.40486414135782456,0.32639492702552164,0.8058276130906818,0.3762144933295156,0.29898795275425494,0.4030643201854667,0.30057759006257845,0.3998082142365976,0.40244420148339743,0.3121082413642928,0.31183851916795324,0.3120568092457562,0.3899640904589027,0.3904352992740565,0.30257674622509967,0.34711066641519217
0.3569162913927545,0.34748732006988303,0.2738083283322206,0.5428199725581431,0.3379074372884352,0.3452970247881215,0.3181964626763164,1.0,0.32938255237460534,0.5410027459639344,0.33848936251450856,0.5389946762530118,0.3407827167490529,0.529045062285752,0.526342104579085,0.3214505136442444,0.26827089106419366,0.33219395877469016,0.29525206923688063,0.32052462176012164,0.3155170970958323,0.3191189738883725,0.338141834408637,0.30470159591400203,0.28917574064974794,0.20611141045393777,0.3340082108464373,0.7065805817343276,0.3678417454734587,0.33492401839781694,0.5074571988963776,0.3389738751566782,0.0,0.3281003062352533,0.32967086154463465,0.45229852242045554,0.3042403911863468,0.34199531418253537,0.4412510476593017,0.338549866310515,0.5206560112462006,0.33721817871905746,0.33678541501620773,0.7242557318829606,0.6941201701383721,0.3458328472214758,0.33102096776071555,0.3317358878497202,0.4965079860212459,0.36844493641237375
0.4307800837958621,0.35880991634094694,0.30659550233378063,0.32895394972660497,0.3493200008215458,0.3433335637030772,0.3467822417582773,0.32938255237460534,1.0,0.3454174337125133,0.37527543734949753,0.3208211572282569,0.36242386020914263,0.33299365675613923,0.32639709452775423,0.3517024373275932,0.23902602345089585,0.35899943789780764,0.3054208604410069,0.3522574931409914,0.3472983426846309,0.3442775537293057,0.36151087012830174,0.2782679697360634,0.2651569772031973,0.1694020111012452,0.3641364221591108,0.32097459213373314,0.38330162978036175,0.45322466684535645,0.31716520428582184,0.33636266784449387,0.0,0.34888539715504674,0.3433514256282676,0.33368748124018976,0.3333621024720027,0.34596034331141223,0.2887166521840254,0.3695181764628226,0.32443526616577945,0.3558510052836632,0.37028279149693577,0.32390393945480855,0.31886693364695917,0.3603697721408844,0.3541354439644331,0.3530260714056501,0.32615666940479504,0.3918002458398836
0.3525153104694546,0.3562062374326982,0.2804761441703677,0.5458423321772388,0.3337893757111051,0.32790439875630606,0.31600652314685274,0.5410027459639344,0.3454174337125133,1.0,0.34994263259397473,0.5268987198044639,0.3446148556755725,0.5455074592915329,0.5359221061892451,0.32575305742111604,0.22635012044769653,0.3325548822869412,0.29021350793454526,0.31968228525535913,0.3196730164259586,0.31839563352407496,0.3307644067290384,0.26416334699882904,0.257741642455654,0.16410271117876207,0.335663983310062,0.5451500659480677,0.36719231779821815,0.3457211815678686,0.54971054636993,0.316181204044527,0.0,0.3190497817148964,0.3243536511372255,0.4731710234334685,0.3047158022762364,0.33094642351018255,0.45219142891615605,0.33972969418304577,0.5640792244705114,0.33126012294177176,0.3347516102888982,0.5442285641411294,0.543711826877484,0.34601636600783214,0.331533824287901,0.3309947795610855,0.526368155073464,0.3653647176075375
0.37860976524404555,0.47849916713902096,0.3050934070479153,0.33797253983763675,0.5524383109131568,0.4604188694711763,0.4097777214524101,0.33848936251450856,0.37527543734949753,0.34994263259397473,1.0,0.33418057647819677,0.5630102193361972,0.33800433751706216,0.32925330274931086,0.41318419248989247,0.30925192970964954,0.5331056473751212,0.44611922671156523,0.4156827723773281,0.5260651893175792,0.517411102969656,0.5366946265063244,0.373254895654201,0.344451002604801,0.21889658282550373,0.5461401484797559,0.3347371882502068,0.3651070951224097,0.3830803107377535,0.32020250945761874,0.48444517177590596,0.0,0.5143922720073109,0.47090848937303775,0.3413976925506107,0.39410075898105135,0.5172519680798048,0.2994939625159403,0.5689060386617923,0.33188085402017387,0.49773443125057215,0.5574226436594281,0.33737229081954245,0.33561224031513837,0.3395730018103954,0.49149937664457666,0.4890376952736557,0.3351180985652601,0.37215191402645853
0.36047951839029757,0.353823927448104,0.2703289997856172,0.5605673806876424,0.3302822243094956,0.33200585508989133,0.3070264888158719,0.5389946762530118,0.3208211572282569,0.5268987198044639,0.33418057647819677,1.0,0.32762261124919423,0.5356164471788092,0.6320479017755551,0.30621916970058005,0.2818072125362755,0.3190226155564365,0.28509708244738086,0.3086275889581974,0.31402027861208615,0.3099770691597421,0.32735135259922277,0.31203584775692605,0.30211220864286703,0.21965631320817092,0.3255053682291209,0.5331927183892526,0.3641490626336368,0.3335603614028996,0.4884008936475167,0.3346781860103645,0.0,0.3211216282374699,0.33098605421439375,0.4464608754288485,0.291301059849041,0.3248180340558867,0.4295711199834985,0.3328178044158153,0.5194852288387943,0.32585012602139085,0.3297925036462642,0.5496155429885612,0.5462030466844565,0.3458538293366994,0.33268491834902236,0.332330950870409,0.47617049687303203,0.36242804192908595
0.3669533148234281,0.4596986657545796,0.29095461134029665,0.32657271420653067,0.49637066225172555,0.4475877173519506,0.39416654597935374,0.3407827167490529,0.36242386020914263,0.3446148556755725,0.5630102193361972,0.32762261124919423,1.0,0.32664736863242305,0.32728183311076287,0.40331151341134563,0.30331675212442677,0.5297465096969798,0.5437020195884172,0.40071028788913376,0.5406720459104772,0.5920152452198312,0.579690944613285,0.3611539950707302,0.33495187535211435,0.21217427186511972,0.571194788195562,0.3285397762534247,0.35425819778031176,0.3764172148428,0.3164514876366157,0.5291665849594788,0.0,0.5554435204798978,0.4572953151979239,0.3243978141070084,0.3892263487314067,0.5257199850184302,0.2919074054300539,0.5840908139653117,0.3267744769143325,0.4741639738911667,0.5695223815532084,0.33067012690820285,0.32576126457780163,0.3302169689147373,0.47465009257670554,0.47214795463091963,0.3262690493694411,0.35882887759432647
0.3363661552562366,0.33927455805584406,0.2699232361419813,0.5846809476066017,0.3259278764683513,0.3226676408808117,0.30701486455344007,0.529045062285752,0.33299365675613923,0.5455074592915329,0.33800433751706216,0.5356164471788092,0.32664736863242305,1.0,0.5892854471104803,0.30860401134883375,0.22311718205166464,0.3265000517525185,0.28551405530831275,0.31153173051229743,0.3123568689611249,0.31265541894912285,0.33241629695211283,0.2500171108618271,0.24884214150541528,0.15651395035077886,0.3306783481468226,0.5542133268859888,0.36242569385651613,0.3279327346089801,0.5311716211087116,0.31826931808499226,0.0,0.3156342994711441,0.3149691807058317,0.4580741386336201,0.29359645141197754,0.3227891504221323,0.4291982884290526,0.3280492455254842,0.5506629332015047,0.3279195759864365,0.33105001719899174,0.552518000316623,0.5431635546040694,0.34885374478258213,0.323784432381682,0.3240425069321956,0.49798412633014655,0.36763409491761123
0.3246178561677001,0.33210431606348534,0.2654205508452311,0.5843439748163634,0.32272202336869926,0.3186169086594106,0.30122350243509377,0.526342104579085,0.32639709452775423,0.5359221061892451,0.32925330274931086,0.6320479017755551,0.32728183311076287,0.5892854471104803,1.0,0.30673362072816557,0.22737324785123048,0.31599241911000986,0.276786387782586,0.30603778481699206,0.30633368918608017,0.30568449070848436,0.32583581676128914,0.24989298600501408,0.24932892905049642,0.16228940563178873,0.32189258730560255,0.5303768637931584,0.34980162550327887,0.3244585213984813,0.5380450989516489,0.31568946683291876,0.0,0.310874296756693,0.31464973317396494,0.4502673602948676,0.29011905179655784,0.31768845314566363,0.42953905690234995,0.3224394748694779,0.5584916799643667,0.32104523581903055,0.3258544374605329,0.5361353307790989,0.5234551468948991,0.34121854131884866,0.3259380423371544,0.3270603373828931,0.4856041728651159,0.36484340244890745
0.3554281453161321,0.3997294844419207,0.2807615060486418,0.3139299445230652,0.38497444280079474,0.399016341780817,0.7713540952849177,0.3214505136442444,0.3517024373275932,0.32575305742111604,0.41318419248989247,0.30621916970058005,0.40331151341134563,0.30860401134883375,0.30673362072816557,1.0,0.2688388973296868,0.4278525851265593,0.3686649019080266,0.7904168933730398,0.4154421974329464,0.41790617653402085,0.4289040216862361,0.3251512623086996,0.3035776548912358,0.21481303740433533,0.39775136935462874,0.3085247698488026,0.3409558509580778,0.3575024534884771,0.29656867639748974,0.3750583744515896,0.0,0.39703783096436474,0.3995562738160424,0.32881438072764346,0.7497554940286489,0.38657310458389693,0.29845423438875607,0.4037440606400614,0.30741958770971745,0.39834485815644205,0.3985382466371842,0.3145290747948485,0.31298180163234,0.3166053410690264,0.39146308495102455,0.39292807257620177,0.30982318623102656,0.34959050819284954
0.32077409385793243,0.34676480859920356,0.19479721566178754,0.253550414709955,0.357777483928305,0.379435127129626,0.26968910041069116,0.26827089106419366,0.23902602345089585,0.22635012044769653,0.30925192970964954,0.2818072125362755,0.30331675212442677,0.22311718205166464,0.22737324785123048,0.2688388973296868,1.0,0.2983914594789232,0.2646456877118467,0.268906355525557,0.2941855415965091,0.29255787396305233,0.3059968348224519,0.6166104063891857,0.6293097094474636,0.5655154373242884,0.30000391669117266,0.22664427505755413,0.24728123400286373,0.25422566670822866,0.21281359912270748,0.44101263242461575,0.0,0.3547599043618417,0.39143406900567423,0.22146902276375968,0.26443549031153213,0.30433341651960577,0.23189003197870395,0.3292726290182849,0.2218149047539434,0.3400679318139793,0.3084800544202748,0.2841546187670545,0.2901864093404215,0.2403812763485057,0.3611218740147496,0.35577666648413075,0.216751514188942,0.26528975681236633
0.3666847756440045,0.4618703907722598,0.28734383079643133,0.3280633246315833,0.4568221280528415,0.4543913617757477,0.4358853851753841,0.33219395877469016,0.35899943789780764,0.3325548822869412,0.5331056473751212,0.3190226155564365,0.5297465096969798,0.3265000517525185,0.31599241911000986,0.4278525851265593,0.2983914594789232,1.0,0.49642798994883464,0.4377622318449623,0.5523554485015139,0.5411508105536245,0.562489528600616,0.3586775062438532,0.3335250890175234,0.21156306676495185,0.5361621745767522,0.32365450595632894,0.3541792554222998,0.36580042827879444,0.3070101876543757,0.4762439663570005,0.0,0.514749505890503,0.4605698587257039,0.3437677268933548,0.4193736196359309,0.48576903512948755,0.3081455660283883,0.5339779102116495,0.3165766431998225,0.47229687587330493,0.5258010597082361,0.32663162827718495,0.3241908318883606,0.327534866824991,0.46984123503642006,0.46785427373817745,0.3173931085276641,0.3600438585340511
0.32105225785671254,0.39007187004616317,0.24512456876938615,0.2888464430694573,0.40976480640208746,0.3992772734478415,0.3767063842504448,0.29525206923688063,0.3054208604410069,0.29021350793454526,0.44611922671156523,0.28509708244738086,0.5437020195884172,0.28551405530831275,0.276786387782586,0.3686649019080266,0.2646456877118467,0.49642798994883464,1.0,0.3718173978317628,0.478915396189873,0.5343871483158289,0.4847866759156917,0.3112622868836521,0.2959780164412499,0.1891670440375105,0.46481877270671845,0.28673579605378996,0.3091748100246292,0.3174515855746822,0.26662113710793367,0.47315582048590255,0.0,0.4519347168602883,0.39884222827210825,0.29430019802657126,0.3651500652694679,0.4357330216714611,0.262571946213082,0.46955016890941015,0.2801640321305724,0.4083517433597801,0.4609665310347747,0.2921310797763971,0.29009214202423383,0.28894810406287663,0.40030872680017093,0.40073414664480855,0.28027266925716765,0.3146028643519455
0.35843485320884017,0.40294475981525035,0.282880077419739,0.3162808763288065,0.3774318824019772,0.39908928927165566,0.8662752879957055,0.32052462176012164,0.3522574931409914,0.31968228525535913,0.4156827723773281,0.3086275889581974,0.40071028788913376,0.31153173051229743,0.30603778481699206,0.7904168933730398,0.268906355525557,0.4377622318449623,0.3718173978317628,1.0,0.43160717213875754,0.41193905919010576,0.43925456433958376,0.31794475368723385,0.303911624214813,0.19513270795333182,0.4089226423756521,0.31093092641607234,0.34574184153602205,0.35369219409163644,0.29622151620481985,0.3802957705958232,0.0,0.4007017126344533,0.403052348273632,0.32782511003018966,0.8089178984692297,0.3827887532165153,0.29302005448077717,0.40921210304035005,0.3047624447002135,0.4025889353552312,0.40611699597943973,0.315322845017152,0.31355471693378856,0.31958304648715063,0.39542379557776763,0.39577951354292695,0.30789974087533356,0.35396860571365063
0.3511326846501288,0.44533916897766235,0.28454875292581405,0.317948487339203,0.46940359315228886,0.42901669976115053,0.42993290460391487,0.3155170970958323,0.3472983426846309,0.3196730164259586,0.5260651893175792,0.31402027861208615,0.5406720459104772,0.3123568689611249,0.30633368918608017,0.4154421974329464,0.2941855415965091,0.5523554485015139,0.478915396189873,0.43160717213875754,1.0,0.5393912939651747,0.5728658874925869,0.3455787641945861,0.32613187465906623,0.21592142758653765,0.5400825808438967,0.3130887472923273,0.34360407988777075,0.35990223054380976,0.2962339637507223,0.485649895661449,0.0,0.5298752724655991,0.4446605436022836,0.3261653123259396,0.40892857733802546,0.5001335913521855,0.2912404998676168,0.5415702148191884,0.30828159044187975,0.4449253340498449,0.5278423829197334,0.3165892904406623,0.3150836251480039,0.33276366499445,0.4615417701156934,0.46116452859510715,0.31057511039623253,0.35384410972830416
0.3500910844062366,0.43137019022868384,0.2755578551443447,0.3123061918742833,0.4535769080820087,0.42500249753052244,0.4092189442465536,0.3191189738883725,0.3442775537293057,0.31839563352407496,0.517411102969656,0.3099770691597421,0.5920152452198312,0.31265541894912285,0.30568449070848436,0.41790617653402085,0.29255787396305233,0.5411508105536245,0.5343871483158289,0.41193905919010576,0.5393912939651747,1.0,0.7070541029612558,0.3490940215268946,0.32100393865221233,0.21341308377351853,0.5335214711829785,0.3131322658198037,0.333536790776626,0.34832814987944893,0.29432567682235145,0.5027420872766144,0.0,0.6239974605037939,0.4329453959870455,0.3210200060186056,0.4011400479369823,0.4989476758091148,0.2853885430743647,0.5420928323302976,0.3035470263883405,0.4435582949401087,0.5401985815202637,0.3180134702896741,0.3129363314276775,0.3174946512705852,0.4436923297571409,0.44272748415970464,0.3075819142109385,0.34501534101808196
0.37236020001230496,0.45988523525145864,0.29108161457013204,0.33824765252900657,0.4739796880329121,0.44817652989982193,0.43636565092804624,0.338141834408637,0.36151087012830174,0.3307644067290384,0.5366946265063244,0.32735135259922277,0.579690944613285,0.33241629695211283,0.32583581676128914,0.4289040216862361,0.3059968348224519,0.562489528600616,0.4847866759156917,0.43925456433958376,0.5728658874925869,0.7070541029612558,1.0,0.3513573662288807,0.33750538286200515,0.21153813748458494,0.5668988786119178,0.330740031678009,0.3558237503816234,0.3656690395252632,0.3118752226630137,0.5142426172817013,0.0,0.6479898627405494,0.4523509462763088,0.3342014144812794,0.418501207561201,0.5191815975418776,0.3047990881846264,0.5597374248998492,0.32232470385020817,0.46171220879646313,0.5568280887625259,0.3357775563082943,0.3312776173779428,0.33477443694751174,0.46081204286304733,0.4613674690869193,0.32324566680295475,0.35991354053723823
0.3548143773305833,0.4429703242492543,0.2263482674698738,0.2798895284928484,0.3883267079594346,0.466099788085682,0.3151505913279481,0.30470159591400203,0.2782679697360634,0.26416334699882904,0.373254895654201,0.31203584775692605,0.3611539950707302,0.2500171108618271,0.24989298600501408,0.3251512623086996,0.6166104063891857,0.3586775062438532,0.3112622868836521,0.31794475368723385,0.3455787641945861,0.3490940215268946,0.3513573662288807,1.0,0.6346933337780449,0.5208102250737171,0.3553788248059052,0.255671544909822,0.2768626939840342,0.29628760920565966,0.23972747530331773,0.43991551506081494,0.0,0.3854204545379206,0.4899134284560529,0.2575615916039372,0.3140103249842211,0.35245224075379833,0.2543148426627574,0.38226635792502617,0.25545698001937667,0.4057674436235965,0.36045410013366597,0.3084737625161458,0.313128853860713,0.27258474820039424,0.4093309255356259,0.4051550230875498,0.24971581561053857,0.30202249099717016
0.3353034291846734,0.4309968365450306,0.21403240402037949,0.27878668177615373,0.38401375846364694,0.4628324601048768,0.3016372146988612,0.28917574064974794,0.2651569772031973,0.257741642455654,0.344451002604801,0.30211220864286703,0.33495187535211435,0.24884214150541528,0.24932892905049642,0.3035776548912358,0.6293097094474636,0.3335250890175234,0.2959780164412499,0.303911624214813,0.32613187465906623,0.32100393865221233,0.33750538286200515,0.6346933337780449,1.0,0.5409296184307195,0.33331867102843327,0.24978230967058856,0.2681471491249262,0.2783110267401968,0.23858806965611246,0.45733979622739473,0.0,0.3668428825176856,0.4672259164724567,0.24312834933206684,0.29524470821710846,0.34912837795338925,0.25721657722419977,0.3580606827434182,0.2517727932004654,0.3804492228531975,0.3444840549345397,0.30710815740233066,0.3089531242476611,0.26585202784791895,0.3965791034169619,0.39260475907557324,0.2503403683317593,0.2877674057389792
0.24754248528563216,0.24252117712800592,0.1359033728887581,0.1796387036542625,0.27466310720255593,0.28075495666050787,0.19204111779693245,0.20611141045393777,0.1694020111012452,0.16410271117876207,0.21889658282550373,0.21965631320817092,0.21217427186511972,0.15651395035077886,0.16228940563178873,0.21481303740433533,0.5655154373242884,0.21156306676495185,0.1891670440375105,0.19513270795333182,0.21592142758653765,0.21341308377351853,0.21153813748458494,0.5208102250737171,0.5409296184307195,1.0,0.20910166388706786,0.1642991800851753,0.17100489328151103,0.18522206020187038,0.15245151365466358,0.32578241170235567,0.0,0.26104807637296157,0.2938395680747533,0.15747273153652974,0.19149213449069558,0.2434096248600911,0.1722406017743453,0.2371505791498807,0.15614718546351458,0.24119883811882126,0.2171830543563371,0.2310231498828763,0.2292662752733281,0.17610198735752358,0.25771522204293684,0.2711599143470512,0.16001276222330718,0.1959091958205108
0.36467780317390497,0.4635003994888558,0.2892944386620979,0.33019664916466884,0.4768592755610712,0.4399913327651981,0.4039441937915389,0.3340082108464373,0.3641364221591108,0.335663983310062,0.5461401484797559,0.3255053682291209,0.571194788195562,0.3306783481468226,0.32189258730560255,0.39775136935462874,0.30000391669117266,0.5361621745767522,0.46481877270671845,0.4089226423756521,0.5400825808438967,0.5335214711829785,0.5668988786119178,0.3553788248059052,0.33331867102843327,0.20910166388706786,1.0,0.3265512256466446,0.35607441985712773,0.36988679288533055,0.31337990197375876,0.5073552494031677,0.0,0.5274821430584079,0.44965307183330283,0.3293536779412969,0.3860957638436827,0.5842049939884295,0.284231220805237,0.5779944885067757,0.3225947716560671,0.4673448679084976,0.6366797518945905,0.33369495278269323,0.32672490047705727,0.33969471938133844,0.46372304361633565,0.461310745384252,0.32591025392826745,0.35846073184815475
0.33925962483626526,0.3440904785912523,0.2702628829231535,0.5648828638449241,0.3187888055385747,0.322547080165976,0.3065448473278243,0.7065805817343276,0.32097459213373314,0.5451500659480677,0.3347371882502068,0.5331927183892526,0.3285397762534247,0.5542133268859888,0.5303768637931584,0.3085247698488026,0.22664427505755413,0.32365450595632894,0.28673579605378996,0.31093092641607234,0.3130887472923273,0.3131322658198037,0.330740031678009,0.255671544909822,0.24978230967058856,0.1642991800851753,0.3265512256466446,1.0,0.36614460682282635,0.3278058780325316,0.5042895312373509,0.3192353545529376,0.0,0.31549377327964556,0.3144941433771783,0.4522112475734522,0.29289943544758723,0.3306292997195601,0.4299159854022647,0.32779638521466736,0.5321824120172864,0.32416526847312377,0.32356046279581174,0.7887355884287687,0.7535323362119593,0.3423440112870493,0.3245671167434503,0.3258729183104139,0.5064576170161235,0.35885172188651837
0.3916252093694491,0.3677667480073482,0.3084969194185643,0.35765736864786957,0.36182026538957,0.3617739506586538,0.340984629239627,0.3678417454734587,0.38330162978036175,0.36719231779821815,0.3651070951224097,0.3641490626336368,0.35425819778031176,0.36242569385651613,0.34980162550327887,0.3409558509580778,0.24728123400286373,0.3541792554222998,0.3091748100246292,0.34574184153602205,0.34360407988777075,0.333536790776626,0.3558237503816234,0.2768626939840342,0.2681471491249262,0.17100489328151103,0.35607441985712773,0.36614460682282635,1.0,0.37984463031497107,0.34043099939732147,0.3436247472539967,0.0,0.35233429609771116,0.3475402693997588,0.356518732090617,0.3245037801956112,0.35477044444230166,0.3125737265505607,0.3589965727541403,0.3488382295011232,0.35198642117917645,0.35445979757723456,0.36167346748191054,0.3603296885791456,0.4244938583922844,0.3492977641950967,0.3487738821524834,0.354449072421125,0.6217974287630021
0.42864404901210007,0.3696243203366648,0.3158347806854992,0.3293797722330767,0.35212598962048747,0.3466133283429321,0.34671438363711704,0.33492401839781694,0.45322466684535645,0.3457211815678686,0.3830803107377535,0.3335603614028996,0.3764172148428,0.3279327346089801,0.3244585213984813,0.3575024534884771,0.25422566670822866,0.36580042827879444,0.3174515855746822,0.35369219409163644,0.35990223054380976,0.34832814987944893,0.3656690395252632,0.29628760920565966,0.2783110267401968,0.18522206020187038,0.36988679288533055,0.3278058780325316,0.37984463031497107,1.0,0.31719565642269454,0.342530872030652,0.0,0.35174771380417647,0.3547168612879922,0.3328652991822514,0.33621147614157476,0.3573723514817937,0.29170010201484686,0.3846038481918638,0.32868276475985114,0.359120138567128,0.37214261550296146,0.3338109199348728,0.3292498768314128,0.37723703499632155,0.365921470895641,0.36405275046437446,0.3284906541061031,0.3965082903571516
0.315001622688999,0.32154984225733296,0.2578349161973913,0.5240805919729272,0.3155480573047428,0.3022872231255148,0.2918480660404259,0.5074571988963776,0.31716520428582184,0.54971054636993,0.32020250945761874,0.4884008936475167,0.3164514876366157,0.5311716211087116,0.5380450989516489,0.29656867639748974,0.21281359912270748,0.3070101876543757,0.26662113710793367,0.29622151620481985,0.2962339637507223,0.29432567682235145,0.3118752226630137,0.23972747530331773,0.23858806965611246,0.15245151365466358,0.31337990197375876,0.5042895312373509,0.34043099939732147,0.31719565642269454,1.0,0.30435323287927407,0.0,0.3026104020588364,0.29895242029652014,0.4373460890840497,0.2825731427501734,0.30606308952922956,0.40691176032172427,0.31312167491891585,0.6603110572852908,0.3096312503229065,0.3118261508709147,0.5120312462317804,0.5014911451223139,0.3287295249669302,0.3103611182832374,0.3098422333235352,0.4763341433556183,0.3416549546225581
0.379596755316577,0.4406557493143176,0.27625265875829097,0.33415026532919934,0.48373876237464886,0.4484482031919448,0.3768871625398523,0.3389738751566782,0.33636266784449387,0.316181204044527,0.48444517177590596,0.3346781860103645,0.5291665849594788,0.31826931808499226,0.31568946683291876,0.3750583744515896,0.44101263242461575,0.4762439663570005,0.47315582048590255,0.3802957705958232,0.485649895661449,0.5027420872766144,0.5142426172817013,0.43991551506081494,0.45733979622739473,0.32578241170235567,0.5073552494031677,0.3192353545529376,0.3436247472539967,0.342530872030652,0.30435323287927407,1.0,0.0,0.5128628903346044,0.44186149634477234,0.30451844722573873,0.37101188372792715,0.5082597493399958,0.2959615242847775,0.5207446320330662,0.30738211877957533,0.4475478852758794,0.5254883651272029,0.3367800207848447,0.34298376469709957,0.320417105481295,0.4593074699932139,0.4591954023990775,0.30355994358496796,0.3426524204311099
0.0,0.0,0.0,0.0,0.0,0.0,0.0,0.0,0.0,0.0,0.0,0.0,0.0,0.0,0.0,0.0,0.0,0.0,0.0,0.0,0.0,0.0,0.0,0.0,0.0,0.0,0.0,0.0,0.0,0.0,0.0,0.0,1.0,0.0,0.0,0.0,0.0,0.0,0.0,0.0,0.0,0.0,0.0,0.0,0.0,0.0,0.0,0.0,0.0,0.0
0.36785455543410306,0.4429343646529602,0.28414204826327927,0.3191911894606837,0.4944446095606123,0.4603329278423064,0.40138906104482586,0.3281003062352533,0.34888539715504674,0.3190497817148964,0.5143922720073109,0.3211216282374699,0.5554435204798978,0.3156342994711441,0.310874296756693,0.39703783096436474,0.3547599043618417,0.514749505890503,0.4519347168602883,0.4007017126344533,0.5298752724655991,0.6239974605037939,0.6479898627405494,0.3854204545379206,0.3668428825176856,0.26104807637296157,0.5274821430584079,0.31549377327964556,0.35233429609771116,0.35174771380417647,0.3026104020588364,0.5128628903346044,0.0,1.0,0.45929956635419733,0.3314516693843431,0.3878398623506518,0.5078884408632415,0.3062733199899117,0.5417627918387664,0.3084522333032611,0.45936977164755366,0.544609649277616,0.3272442386015628,0.3286211895497422,0.3243606943218216,0.4550637949285462,0.4558614198750156,0.31026781487749666,0.3561237621775507
0.3662044312601773,0.5724672635975991,0.27774111429086035,0.32705257708101954,0.4582710160042014,0.5668283221196369,0.40486414135782456,0.32967086154463465,0.3433514256282676,0.3243536511372255,0.47090848937303775,0.33098605421439375,0.4572953151979239,0.3149691807058317,0.31464973317396494,0.3995562738160424,0.39143406900567423,0.4605698587257039,0.39884222827210825,0.403052348273632,0.4446605436022836,0.4329453959870455,0.4523509462763088,0.4899134284560529,0.4672259164724567,0.2938395680747533,0.44965307183330283,0.3144941433771783,0.3475402693997588,0.3547168612879922,0.29895242029652014,0.44186149634477234,0.0,0.45929956635419733,1.0,0.32081147777029695,0.3870354337618861,0.43778644735429606,0.2927551201201254,0.4689056935471896,0.31146716814495057,0.511475226332013,0.46467042977826356,0.3240162294438045,0.3271309483634638,0.3165738435010682,0.5045462313645936,0.5042844633604162,0.3118348507820865,0.3495967857391996
0.33008045299304223,0.32861781539700263,0.2740789397005522,0.4598209321379153,0.31147794819014074,0.32646559994960156,0.32639492702552164,0.45229852242045554,0.33368748124018976,0.4731710234334685,0.3413976925506107,0.4464608754288485,0.3243978141070084,0.4580741386336201,0.4502673602948676,0.32881438072764346,0.22146902276375968,0.3437677268933548,0.29430019802657126,0.32782511003018966,0.3261653123259396,0.3210200060186056,0.3342014144812794,0.2575615916039372,0.24312834933206684,0.15747273153652974,0.3293536779412969,0.4522112475734522,0.356518732090617,0.3328652991822514,0.4373460890840497,0.30451844722573873,0.0,0.3314516693843431,0.32081147777029695,1.0,0.3102693995011315,0.31472190958882895,0.42989680815508713,0.3344012684631086,0.450665986735433,0.3255508173801763,0.3264797839325151,0.4553006598472127,0.455015862876087,0.3338635428897392,0.3187594006643013,0.31798220820532264,0.45557788946403843,0.3608025275707505
0.34235119750231224,0.3779722615498934,0.2654478609463573,0.29844728455405933,0.36598194404073114,0.38608236552372355,0.8058276130906818,0.3042403911863468,0.3333621024720027,0.3047158022762364,0.39410075898105135,0.291301059849041,0.3892263487314067,0.29359645141197754,0.29011905179655784,0.7497554940286489,0.26443549031153213,0.4193736196359309,0.3651500652694679,0.8089178984692297,0.40892857733802546,0.4011400479369823,0.418501207561201,0.3140103249842211,0.29524470821710846,0.19149213449069558,0.3860957638436827,0.29289943544758723,0.3245037801956112,0.33621147614157476,0.2825731427501734,0.37101188372792715,0.0,0.3878398623506518,0.3870354337618861,0.3102693995011315,1.0,0.36470412163985244,0.2841114520962935,0.38746548045178997,0.28969232013933033,0.3884791497768427,0.39004257771586415,0.29874978408973685,0.2965538479104953,0.2979287721194095,0.3782923548718561,0.37843637227726423,0.28930518731129873,0.33216300273842714
0.3679912866591014,0.46311430505586404,0.2825531524919589,0.32058561907530425,0.5036729963925077,0.4524214723840966,0.3762144933295156,0.34199531418253537,0.34596034331141223,0.33094642351018255,0.5172519680798048,0.3248180340558867,0.5257199850184302,0.3227891504221323,0.31768845314566363,0.38657310458389693,0.30433341651960577,0.48576903512948755,0.4357330216714611,0.3827887532165153,0.5001335913521855,0.4989476758091148,0.5191815975418776,0.35245224075379833,0.34912837795338925,0.2434096248600911,0.5842049939884295,0.3306292997195601,0.35477044444230166,0.3573723514817937,0.30606308952922956,0.5082597493399958,0.0,0.5078884408632415,0.43778644735429606,0.31472190958882895,0.36470412163985244,1.0,0.3025367346164617,0.5417235304028588,0.31762824932392064,0.4573877210810414,0.6239254671250622,0.3393114093363093,0.33353125412529006,0.33274465055314184,0.46687766853040347,0.4698817099001943,0.3296293270029079,0.35352032639627107
0.2995658346951876,0.29538156904969315,0.24051449946885006,0.43316152309109346,0.3205129076102836,0.31478779725737094,0.29898795275425494,0.4412510476593017,0.2887166521840254,0.45219142891615605,0.2994939625159403,0.4295711199834985,0.2919074054300539,0.4291982884290526,0.42953905690234995,0.29845423438875607,0.23189003197870395,0.3081455660283883,0.262571946213082,0.29302005448077717,0.2912404998676168,0.2853885430743647,0.3047990881846264,0.2543148426627574,0.25721657722419977,0.1722406017743453,0.284231220805237,0.4299159854022647,0.3125737265505607,0.29170010201484686,0.40691176032172427,0.2959615242847775,0.0,0.3062733199899117,0.2927551201201254,0.42989680815508713,0.2841114520962935,0.3025367346164617,1.0,0.29361508364579847,0.42208816924795156,0.2986591493392001,0.2955367754900513,0.4378175579205892,0.44249080838084975,0.2960395915705172,0.2909365737000751,0.2891776279492059,0.4163904246235878,0.3329992937609825
0.3761231041043147,0.46827989895027244,0.2978161729387553,0.33062232184897344,0.5008711093903306,0.4570775286263099,0.4030643201854667,0.338549866310515,0.3695181764628226,0.33972969418304577,0.5689060386617923,0.3328178044158153,0.5840908139653117,0.3280492455254842,0.3224394748694779,0.4037440606400614,0.3292726290182849,0.5339779102116495,0.46955016890941015,0.40921210304035005,0.5415702148191884,0.5420928323302976,0.5597374248998492,0.38226635792502617,0.3580606827434182,0.2371505791498807,0.5779944885067757,0.32779638521466736,0.3589965727541403,0.3846038481918638,0.31312167491891585,0.5207446320330662,0.0,0.5417627918387664,0.4689056935471896,0.3344012684631086,0.38746548045178997,0.5417235304028588,0.29361508364579847,1.0,0.322743955563877,0.47881652205686487,0.5865149658832219,0.33399073989541284,0.3338917941779497,0.34643266953645513,0.4988995260931388,0.49669940094708576,0.32519991000964077,0.3711881134699542
