../ecoli_genomes/GCF_000163235.1_ASM16323v1_genomic.fna.gz,../ecoli_genomes/GCF_000164555.1_ASM16455v1_genomic.fna.gz,../ecoli_genomes/GCF_000208545.1_ASM20854v2_genomic.fna.gz,../ecoli_genomes/GCF_000233875.1_ASM23387v1_genomic.fna.gz,../ecoli_genomes/GCF_000249735.1_ASM24973v2_genomic.fna.gz,../ecoli_genomes/GCF_000261145.1_Esch_coli_M919_V2_genomic.fna.gz,../ecoli_genomes/GCF_000267705.2_ASM26770v2_genomic.fna.gz,../ecoli_genomes/GCF_000350665.1_Esch_coli_KTE5_V1_genomic.fna.gz,../ecoli_genomes/GCF_000351625.1_Esch_coli_KTE66_V1_genomic.fna.gz,../ecoli_genomes/GCF_000352285.1_Esch_coli_KTE46_V1_genomic.fna.gz,../ecoli_genomes/GCF_000358895.1_ASM35889v1_genomic.fna.gz,../ecoli_genomes/GCF_000456385.1_Esch_coli_HVH_26_4-5703913_V1_genomic.fna.gz,../ecoli_genomes/GCF_000458195.1_Esch_coli_HVH_147_4-5893887_V1_genomic.fna.gz,../ecoli_genomes/GCF_000459755.1_Esch_coli_KOEGE_58_171a_V1_genomic.fna.gz,../ecoli_genomes/GCF_000460055.1_Esch_coli_UMEA_3053-1_V1_genomic.fna.gz,../ecoli_genomes/GCF_000462165.2_ASM46216v2_genomic.fna.gz,../ecoli_genomes/GCF_000601135.1_ASM60113v1_genomic.fna.gz,../ecoli_genomes/GCF_000614595.1_Ec2010EL1058_genomic.fna.gz,../ecoli_genomes/GCF_000617745.1_Ec2010C-4529_genomic.fna.gz,../ecoli_genomes/GCF_000618265.2_EcF6751_genomic.fna.gz,../ecoli_genomes/GCF_000619005.2_Ec2009C-4052_genomic.fna.gz,../ecoli_genomes/GCF_000619105.1_Ec2009C-4780_genomic.fna.gz,../ecoli_genomes/GCF_000619765.2_Ec2009C-3279_genomic.fna.gz,../ecoli_genomes/GCF_000687005.1_ASM68700v1_genomic.fna.gz,../ecoli_genomes/GCF_000687025.1_ASM68702v1_genomic.fna.gz,../ecoli_genomes/GCF_000700125.1_ASM70012v1_genomic.fna.gz,../ecoli_genomes/GCF_000753315.1_FHI35_genomic.fna.gz,../ecoli_genomes/GCF_000776375.1_ASM77637v1_genomic.fna.gz,../ecoli_genomes/GCF_000779395.1_ASM77939v1_genomic.fna.gz,../ecoli_genomes/GCF_000780315.1_ASM78031v1_genomic.fna.gz,../ecoli_genomes/GCF_000781995.1_ASM78199v1_genomic.fna.gz,../ecoli_genomes/GCF_000986765.1_ASM98676v1_genomic.fna.gz,../ecoli_genomes/GCF_001041375.1_ViralProj287958_genomic.fna.gz,../ecoli_genomes/GCF_001265335.1_302014_genomic.fna.gz,../ecoli_genomes/GCF_001265625.1_100854_genomic.fna.gz,../ecoli_genomes/GCF_001267345.1_303289_genomic.fna.gz,../ecoli_genomes/GCF_001309985.1_ASM130998v1_genomic.fna.gz,../ecoli_genomes/GCF_001521695.1_ASM152169v1_genomic.fna.gz,../ecoli_genomes/GCF_001592595.1_ASM159259v1_genomic.fna.gz,../ecoli_genomes/GCF_001614975.1_ASM161497v1_genomic.fna.gz,../ecoli_genomes/GCF_001692775.1_ASM169277v1_genomic.fna.gz,../ecoli_genomes/GCF_001748915.1_ASM174891v1_genomic.fna.gz,../ecoli_genomes/GCF_001749235.1_ASM174923v1_genomic.fna.gz,../ecoli_genomes/GCF_001881155.1_ASM188115v1_genomic.fna.gz,../ecoli_genomes/GCF_001881345.1_ASM188134v1_genomic.fna.gz,../ecoli_genomes/GCF_001892405.1_ASM189240v1_genomic.fna.gz,../ecoli_genomes/GCF_001892585.1_ASM189258v1_genomic.fna.gz,../ecoli_genomes/GCF_001893985.1_ASM189398v1_genomic.fna.gz,../ecoli_genomes/GCF_002001595.1_ASM200159v1_genomic.fna.gz,../ecoli_genomes/GCF_002002145.1_ASM200214v1_genomic.fna.gz
1.0,0.32476046672860204,0.2582092019849168,0.28428787253160215,0.2866976645417083,0.3122445041783105,0.3066052684147399,0.28821582272638935,0.3919199811547416,0.2947886171051801,0.3238709435020146,0.29079830005418283,0.31243839060790224,0.27465149892661467,0.266596792930495,0.31024107989148153,0.26927318751317575,0.31039277582106084,0.2832898363189633,0.3071505554558015,0.30116542761618237,0.30026839857704757,0.31195484733118595,0.29776749368974165,0.2768849525867556,0.2900782739840547,0.31219698402799756,0.27831693973051863,0.343292294158866,0.39146012093067906,0.2610760705703563,0.3110330892823343,0.0,0.30812272677233066,0.311364383458025,0.2801980968305977,0.29211768182351194,0.31975907535531767,0.2232680707528918,0.3202115153923941,0.2658013382796828,0.303833079611742,0.3154381471759621,0.2875040495370218,0.2954248099817455,0.3242438210424857,0.30630242869537083,0.30620301348768164,0.2754295102914829,0.3457802503032208
0.32476046672860204,1.0,0.23568789504506515,0.27785643271267435,0.38740349481696845,0.5710317124192889,0.34471663562820964,0.28222785876003764,0.29903276918465704,0.2837765926005529,0.43592246490467,0.28052234756406036,0.42761671073536267,0.2701913262350605,0.263918899011658,0.35024113219630915,0.38338030771468534,0.41467438876663765,0.3680244802293904,0.349525096278017,0.40025297604425636,0.39720760995071025,0.4164959150605857,0.49418583155782225,0.453747970718811,0.4565313794425744,0.42413118150832285,0.27313414826573734,0.30916270094682186,0.3038809458431758,0.257570097340575,0.40714140872572135,0.0,0.40384544268672107,0.5521461279853823,0.2674766723515356,0.327866916235794,0.4291711433345955,0.18825124795299486,0.4257485935526728,0.26096967617781053,0.47700757206908295,0.42956659471935665,0.2886303789686382,0.2857018706809096,0.2879824493631631,0.46510872580090024,0.46788004460828514,0.2847943330582807,0.30916718986159486
0.2582092019849168,0.23568789504506515,1.0,0.20827620970510863,0.202990823027133,0.22294701600182976,0.215461514575511,0.21535822896364354,0.24913358309710876,0.21831040570539229,0.23643843076619198,0.20622801987464523,0.22816760177304396,0.21149815737640942,0.20545286514288574,0.22011894865972526,0.1775855743346445,0.2235852058704757,0.20294705564737658,0.21826875464790207,0.2170211204694822,0.2174151955091016,0.22369399751135832,0.19564806705587268,0.18333903699671006,0.20429931628108722,0.22657727261197136,0.21138937836777716,0.24936454357382187,0.2482378349518637,0.19835483610771354,0.21757766633866638,0.0,0.22013358751193035,0.2139814311107201,0.21442726446566585,0.20669898339910053,0.22494700580672733,0.14960847347377515,0.2284100086867854,0.20040554517686815,0.22143584526732807,0.23397945483589155,0.2185566399456098,0.21371582376848663,0.23450216285487413,0.22267597464990674,0.2230966359696196,0.2156516118432802,0.2506100810892411
0.28428787253160215,0.27785643271267435,0.20827620970510863,1.0,0.2644517455478038,0.2750608510446989,0.24936128027773008,0.50275133313299,0.27472877203639745,0.5275791901622304,0.2726226348636964,0.49496163814080363,0.2732056729078165,0.5402337659100949,0.5516653846566413,0.26253132329666984,0.23313661273889874,0.2614710156276633,0.24012959757716834,0.2534442942940949,0.2543926428091814,0.2526850302463238,0.2717163534118343,0.2581453421872103,0.23475653156321963,0.2583773220867561,0.26665255856323067,0.5180970508128538,0.29997545490062305,0.2712198261604528,0.5084319502323804,0.27794477369552073,0.0,0.2587905264208854,0.2604937467181092,0.42326206028973457,0.24219730038985066,0.2626825678598369,0.32743563272044485,0.2621594856192473,0.5250743781222963,0.262261348472389,0.26804206126547003,0.5233387123312583,0.5192271624962209,0.30134532142063897,0.2594555809871265,0.26005708795665583,0.46067905281562693,0.309488905393295
0.2866976645417083,0.38740349481696845,0.202990823027133,0.2644517455478038,1.0,0.40479388473450517,0.3088283318371303,0.26258494820624245,0.28603875118451205,0.2625947135662313,0.5007275799327779,0.25098973786430645,0.4601230066403392,0.24847636713308097,0.25538057089582833,0.33621775699567324,0.3597278976692191,0.39998718416100254,0.37084591864616545,0.31109482742882977,0.41586051399968804,0.3913401034867261,0.4138619027178132,0.3999191435601186,0.35532781449103357,0.4228649826253914,0.42357608933257196,0.24294890330714491,0.2812753182326527,0.2865795028948236,0.24027866724706515,0.4411559711079768,0.0,0.4115731221382467,0.3817655765903406,0.24183850039944577,0.30520755752513895,0.4423985741568066,0.19568848669426497,0.4319587928966686,0.2531818066627757,0.38368769505940903,0.43743426855990253,0.2517441463443648,0.2547569055725727,0.27224609459426485,0.40030492226622405,0.4007620137134411,0.24674713011839,0.27879790631140877
0.3122445041783105,0.5710317124192889,0.22294701600182976,0.2750608510446989,0.40479388473450517,1.0,0.3597143900846965,0.2832058240241565,0.29700373168114325,0.27090025227268866,0.42689300384058004,0.2619321373698913,0.4254773171498628,0.2674006163570909,0.26056600843319866,0.36292216478637396,0.3901540465900565,0.4232032572389165,0.37696823994838524,0.3565986061831138,0.4014703960239808,0.39567837904491787,0.4201186525000118,0.5017613893398825,0.46439981126210406,0.45222740776063564,0.41449680736235006,0.26347783501260724,0.3101167740994646,0.2938534604351718,0.2550573296200809,0.41079373079137627,0.0,0.4190665929503392,0.5604405692645253,0.2731732474634302,0.3444541557710058,0.4271749478509922,0.2045946273911584,0.42173079377116773,0.26111018832863553,0.4857253229745706,0.42949278030024785,0.2745949028610254,0.27260904101121697,0.2861652463762475,0.4748954254815172,0.4775094763199552,0.2716587527251476,0.31092313430355845
0.3066052684147399,0.34471663562820964,0.215461514575511,0.24936128027773008,0.3088283318371303,0.3597143900846965,1.0,0.25336635419184284,0.2902962406955327,0.25305033781331643,0.35408958812814184,0.2392701566265093,0.3479205084915211,0.24852388920666935,0.2427174156501738,0.7746930734010358,0.27362852751560673,0.37968285799546486,0.35459325669916364,0.8517164002505583,0.38079333357919287,0.35850988790504,0.3815332247843889,0.3083935496618314,0.2806555734921199,0.315455628961682,0.3520131141753936,0.2471488983084803,0.2854708231204881,0.2883624493216925,0.2343403357676347,0.33998590895225833,0.0,0.35053587329555236,0.34902761034945295,0.2677979240074828,0.8079072576236008,0.33700919464055346,0.1826533483616679,0.3451533416076945,0.23418328901669527,0.3457582891345874,0.3569808090031341,0.25345018217378623,0.251759216469442,0.27145084030626554,0.3350510507846006,0.3357819023225017,0.25041592655866807,0.2909710123714522
0.28821582272638935,0.28222785876003764,0.21535822896364354,0.50275133313299,0.26258494820624245,0.2832058240241565,0.25336635419184284,1.0,0.27312002251282996,0.5100428684378877,0.2726363369794158,0.4748942253250116,0.2769159276830646,0.49352048795028214,0.47422563186364397,0.26355605789122505,0.23549065430116434,0.26172832992203965,0.24005190722010894,0.2560224845214065,0.25606063055857775,0.25573806530682786,0.26744869561702955,0.26858688326534297,0.23921413303113415,0.2550031964296947,0.2676789662618527,0.6966012420228187,0.3075322277237471,0.2751200262496174,0.47593393689607955,0.2727387422711952,0.0,0.263453270329413,0.26109005362681514,0.40718298444472867,0.2430994595065703,0.2855961926751224,0.3367114963432375,0.27530143654684835,0.4823075078775012,0.26717410508688466,0.27705861205446014,0.6988267167687623,0.6815175435540652,0.2995045933026659,0.26279429248974073,0.26264142252118194,0.45132433598515465,0.3064326000461661
0.3919199811547416,0.29903276918465704,0.24913358309710876,0.27472877203639745,0.28603875118451205,0.29700373168114325,0.2902962406955327,0.27312002251282996,1.0,0.2849177374722076,0.31197523262227034,0.2593945250626112,0.315250219866995,0.2696888521457994,0.2683602000477734,0.3042879718640844,0.23458489307895836,0.29556081984539007,0.26379020655238683,0.2955838241318569,0.2923931785042362,0.2869473911245126,0.3005162357885549,0.26987061797370393,0.24448558056674585,0.2744398871152932,0.3043113567848452,0.2645761607378426,0.32995067660194666,0.41093504289144533,0.25908175203034445,0.2913445430127579,0.0,0.2927233946366653,0.28665832562416105,0.27722008438778034,0.28317403823181975,0.29246519497558865,0.18528102543682823,0.30058895844259625,0.26016265025563157,0.2946967667690812,0.3090595103300501,0.2678993376782812,0.2639901391672851,0.31245494575471167,0.28643213804554,0.2872048085331881,0.2649392605322024,0.34106159992829077
0.2947886171051801,0.2837765926005529,0.21831040570539229,0.5275791901622304,0.2625947135662313,0.27090025227268866,0.25305033781331643,0.5100428684378877,0.2849177374722076,1.0,0.28321664534500135,0.4812357499577212,0.2816272885824469,0.5125428579597433,0.5029828890262467,0.2663548347868969,0.2159354847560201,0.2640690127776476,0.2371870951795393,0.25717579092302256,0.25525279637473086,0.254624405659564,0.2666310250926459,0.2514089102712176,0.2245339561470866,0.251947836092026,0.2695121352647418,0.5084964473224021,0.3117452956301737,0.2808191843835772,0.5182955984394775,0.26483105554118536,0.0,0.2599800924455934,0.25864821967414786,0.43012060889424997,0.2454225291532829,0.2694940777536363,0.3254252748548927,0.2685696274544791,0.5230510446456413,0.2630564067834059,0.26988832743054214,0.5123464201273185,0.5155014837470893,0.3012704985305963,0.2559975137085424,0.25633931749260164,0.472713661555212,0.309623847348237
0.3238709435020146,0.43592246490467,0.23643843076619198,0.2726226348636964,0.5007275799327779,0.42689300384058004,0.35408958812814184,0.2726363369794158,0.31197523262227034,0.28321664534500135,1.0,0.2641042136416224,0.5245810946019434,0.2725557621969591,0.261515060831333,0.36023252939545625,0.3369953435264472,0.48165892970146507,0.4309632201029223,0.3592804272766934,0.4816345400365676,0.48408302418997373,0.49715323062505845,0.397438897177279,0.34947887897906194,0.3979847769684597,0.5102834326152403,0.2711492698533916,0.3085558780891057,0.31334493211043946,0.2600474279812556,0.4607660263637635,0.0,0.47715089752286555,0.43145044824713397,0.2790739333977337,0.33931053437573155,0.48788823361304234,0.1922460983249411,0.5185485359758504,0.2591631986151194,0.44186201023024885,0.5141097746360186,0.2768488288912774,0.2782666818198096,0.2948678199754452,0.43065129600291374,0.4314550947991498,0.2776847719702342,0.3123621701362529
0.29079830005418283,0.28052234756406036,0.20622801987464523,0.49496163814080363,0.25098973786430645,0.2619321373698913,0.2392701566265093,0.4748942253250116,0.2593945250626112,0.4812357499577212,0.2641042136416224,1.0,0.26150491377987584,0.4803642089402602,0.5915688404841859,0.24772323499283533,0.2627082573846561,0.24634644928312033,0.2298789102470552,0.24146185348989024,0.24529542428851125,0.24231605901108388,0.25411627116405067,0.27779725280287026,0.2670432722617103,0.2595906992312246,0.2533711656514527,0.4705598737607627,0.3062988601883574,0.272507575767569,0.4365304068565715,0.27515881503251316,0.0,0.256583437872533,0.2734804717394381,0.39194101417975946,0.2309436540295523,0.26824568628258294,0.3790266056325733,0.2694623352480877,0.4533554000537068,0.24807328511889293,0.2602483362748187,0.48387230620487887,0.4860882511498742,0.2946877553805878,0.27023791814529385,0.2693712617237959,0.42158732166552715,0.2954828648616118
0.31243839060790224,0.42761671073536267,0.22816760177304396,0.2732056729078165,0.4601230066403392,0.4254773171498628,0.3479205084915211,0.2769159276830646,0.315250219866995,0.2816272885824469,0.5245810946019434,0.26150491377987584,1.0,0.26590551449561395,0.2687476594229896,0.36921381349574844,0.33106597491204015,0.49433697812066046,0.49050009122961735,0.3524892446080994,0.5098221166858571,0.5567289677760889,0.5627964596457953,0.3843317246983887,0.34120559811348816,0.3928700959899395,0.539900247704037,0.26581858695863214,0.2973481099304971,0.3176615001138261,0.25514142689815067,0.5096663589671737,0.0,0.5384555943766098,0.4176262013601729,0.2637472642368126,0.3425599393950276,0.5098735972487716,0.18647785364967484,0.5397087973466124,0.2616696290765268,0.4243723546433851,0.5387109258548597,0.2690584403442836,0.26774565839100317,0.2838216130993232,0.4241697528818007,0.42495298015820937,0.2686627760178203,0.3015042591195737
0.27465149892661467,0.2701913262350605,0.21149815737640942,0.5402337659100949,0.24847636713308097,0.2674006163570909,0.24852388920666935,0.49352048795028214,0.2696888521457994,0.5125428579597433,0.2725557621969591,0.4803642089402602,0.26590551449561395,1.0,0.5422634529110246,0.2559472889525847,0.2081435534493562,0.2565342550866908,0.2359687568734553,0.2508929173417591,0.24735003448406412,0.2490246709405528,0.26361971750785773,0.23496184274531362,0.2148210024016871,0.24002972146642554,0.26394770166974035,0.5164573754167829,0.30612045464940274,0.26720588319685834,0.4962464867417459,0.2586249563103199,0.0,0.2507733129840106,0.25451975395579673,0.4165059347065625,0.23907839252805585,0.2634867869384342,0.31365951681732673,0.25902633488851,0.5069921022870997,0.25875052719793046,0.26510646950041206,0.518326202080934,0.5129863249224833,0.2983345290110916,0.2501229629126722,0.2508397740582916,0.46057962235215766,0.3072865527474852
0.266596792930495,0.263918899011658,0.20545286514288574,0.5516653846566413,0.25538057089582833,0.26056600843319866,0.2427174156501738,0.47422563186364397,0.2683602000477734,0.5029828890262467,0.261515060831333,0.5915688404841859,0.2687476594229896,0.5422634529110246,1.0,0.257022737395872,0.21481256835688245,0.24911210499309522,0.22628094271776755,0.24578565655783235,0.24446773568962832,0.24356646285717898,0.2588132274905428,0.23746995218873812,0.2137654524866952,0.24151221305062942,0.2555206969204108,0.49032988330895055,0.29747572918705956,0.2675751856911339,0.49227694689181534,0.2615910434739769,0.0,0.24641427046234565,0.24578777888261905,0.41231988949124754,0.23665346560127498,0.2546157595457418,0.31411226148506266,0.25243070893438313,0.5064214422943113,0.2500551534986799,0.2597655625722355,0.4895424263731164,0.48536505414480635,0.2980903294002065,0.2524914453882656,0.2533281456783206,0.4454577046416365,0.31081426842129334
0.31024107989148153,0.35024113219630915,0.22011894865972526,0.26253132329666984,0.33621775699567324,0.36292216478637396,0.7746930734010358,0.26355605789122505,0.3042879718640844,0.2663548347868969,0.36023252939545625,0.24772323499283533,0.36921381349574844,0.2559472889525847,0.257022737395872,1.0,0.2817214397330029,0.37274266711654447,0.3490549100518563,0.779485835561773,0.36666967261298045,0.3561016960150114,0.3763170877028731,0.32051659128376797,0.2946273070122001,0.3357331022104033,0.35320145937403435,0.25283518448614817,0.2902972490835879,0.30399207811660034,0.2446569768107747,0.34962033783954716,0.0,0.34914027188940433,0.3500572760940802,0.2678713735939454,0.7612163209345517,0.34135408435949555,0.18011990324551508,0.3453541754273859,0.24872561550592354,0.34956067502003574,0.3592984677864479,0.2559075779662987,0.2566882491121748,0.27398602528320193,0.34080451353472363,0.34061718613524916,0.2557820984167516,0.2953794618610889
0.26927318751317575,0.38338030771468534,0.1775855743346445,0.23313661273889874,0.3597278976692191,0.3901540465900565,0.27362852751560673,0.23549065430116434,0.23458489307895836,0.2159354847560201,0.3369953435264472,0.2627082573846561,0.33106597491204015,0.2081435534493562,0.21481256835688245,0.2817214397330029,1.0,0.31541034914642585,0.2882298262038002,0.27507042855602837,0.31160190226616924,0.31325759486085136,0.3270567721934785,0.5212804381804188,0.5533040605101773,0.5165236769106977,0.3230039592348014,0.20815786085454946,0.24488325624733243,0.2407554844461005,0.19931369234190277,0.418931240267408,0.0,0.3415552323150598,0.44524392860197015,0.21801389326029053,0.2660499489919692,0.34653104805068224,0.3807566528626316,0.37654835267563314,0.2058872543498952,0.3666235884673975,0.33339529964801773,0.24039423538306814,0.24705727203781835,0.2386343473696284,0.44376019815769074,0.43950111849851226,0.21148636595705206,0.241271115271528
0.31039277582106084,0.41467438876663765,0.2235852058704757,0.2614710156276633,0.39998718416100254,0.4232032572389165,0.37968285799546486,0.26172832992203965,0.29556081984539007,0.2640690127776476,0.48165892970146507,0.24634644928312033,0.49433697812066046,0.2565342550866908,0.24911210499309522,0.37274266711654447,0.31541034914642585,1.0,0.4864911133305422,0.3822958409438476,0.5101486788488082,0.5046752334061815,0.522602729095544,0.36421003293498766,0.3223011256199332,0.3677985826103307,0.49558387143369453,0.25603011483937843,0.28820261053991725,0.29830963884167927,0.2439609584544089,0.4483886869960456,0.0,0.47830730397045784,0.4073695742136717,0.2727579019828952,0.3630167323663547,0.4580770636167054,0.18514484726636993,0.4827458793364089,0.2440352197212633,0.4224042417967555,0.48935377849847994,0.26153645833269457,0.26018289108341974,0.2750393514418433,0.4106238055490259,0.4118200241542389,0.2560146221792913,0.2944152171907152
0.2832898363189633,0.3680244802293904,0.20294705564737658,0.24012959757716834,0.37084591864616545,0.37696823994838524,0.35459325669916364,0.24005190722010894,0.26379020655238683,0.2371870951795393,0.4309632201029223,0.2298789102470552,0.49050009122961735,0.2359687568734553,0.22628094271776755,0.3490549100518563,0.2882298262038002,0.4864911133305422,1.0,0.34157842648597536,0.4699799852280514,0.49684305153630315,0.46680444425892487,0.3305856846213703,0.3015184478152856,0.32952877891997856,0.4492642824885935,0.2366873509588895,0.266328983187041,0.2709414180351909,0.2217619850446002,0.4476491887140738,0.0,0.43602862557117195,0.37209049075050116,0.2504726010876399,0.3362930767626461,0.42785881590701014,0.172182103083809,0.44427979253397887,0.22287840302774442,0.3746411068011516,0.4462586098659733,0.24231660809367206,0.24271915955837442,0.2518686181530141,0.364395572827957,0.36566849900442133,0.23732542242319576,0.2669362865512359
0.3071505554558015,0.349525096278017,0.21826875464790207,0.2534442942940949,0.31109482742882977,0.3565986061831138,0.8517164002505583,0.2560224845214065,0.2955838241318569,0.25717579092302256,0.3592804272766934,0.24146185348989024,0.3524892446080994,0.2508929173417591,0.24578565655783235,0.779485835561773,0.27507042855602837,0.3822958409438476,0.34157842648597536,1.0,0.3818266817885776,0.35968123330840895,0.38235574213711776,0.30937315483886263,0.28110308790928806,0.32119697105338874,0.35737929195160556,0.24990831926256918,0.28554120740998246,0.29306199188976967,0.23837157620079474,0.3387779701928503,0.0,0.34850881235685294,0.3492782985267816,0.26642922412892844,0.791480825345993,0.3385277582519437,0.18061216513242084,0.3510625136324771,0.23834050329431478,0.3499861308642175,0.3597714310107144,0.2564561915651674,0.25475717127588215,0.27694758225749994,0.3391448616931001,0.3398887936055448,0.25412901367707896,0.2967928039977731
0.30116542761618237,0.40025297604425636,0.2170211204694822,0.2543926428091814,0.41586051399968804,0.4014703960239808,0.38079333357919287,0.25606063055857775,0.2923931785042362,0.25525279637473086,0.4816345400365676,0.24529542428851125,0.5098221166858571,0.24735003448406412,0.24446773568962832,0.36666967261298045,0.31160190226616924,0.5101486788488082,0.4699799852280514,0.3818266817885776,1.0,0.5085184638897237,0.5395572351531882,0.3541047147935108,0.3189356683610173,0.36764257197862815,0.5094676626529109,0.2530272678291039,0.28153580751675156,0.29235184910433043,0.2362326553206744,0.4684176531103227,0.0,0.500394969439941,0.40118940843735984,0.2656738157168578,0.36344674949709765,0.47818818020432874,0.1849148066461488,0.5048558393751341,0.2404678938017486,0.3988768739753533,0.5049907197285121,0.2583090135757041,0.25886957022689416,0.27504317616235496,0.4082310392106937,0.4092655562287757,0.253798537099279,0.29091602064692756
0.30026839857704757,0.39720760995071025,0.2174151955091016,0.2526850302463238,0.3913401034867261,0.39567837904491787,0.35850988790504,0.25573806530682786,0.2869473911245126,0.254624405659564,0.48408302418997373,0.24231605901108388,0.5567289677760889,0.2490246709405528,0.24356646285717898,0.3561016960150114,0.31325759486085136,0.5046752334061815,0.49684305153630315,0.35968123330840895,0.5085184638897237,1.0,0.7181657814581172,0.35676044893519043,0.325661544201566,0.3553801772967893,0.5063087703557629,0.2524625274087371,0.2799653952144776,0.286948170117306,0.23520366927717917,0.4748991047727523,0.0,0.6225173979868602,0.39297651416090307,0.257148200797337,0.34240534248522214,0.4815198796465562,0.18119589283831283,0.5041333616051338,0.23418913509197503,0.3977100002423515,0.5095853737275227,0.2585327141322782,0.25712656137350853,0.2717031181035928,0.39209862346642643,0.39280607258643163,0.25288874177550524,0.2883754942262764
0.31195484733118595,0.4164959150605857,0.22369399751135832,0.2717163534118343,0.4138619027178132,0.4201186525000118,0.3815332247843889,0.26744869561702955,0.3005162357885549,0.2666310250926459,0.49715323062505845,0.25411627116405067,0.5627964596457953,0.26361971750785773,0.2588132274905428,0.3763170877028731,0.3270567721934785,0.522602729095544,0.46680444425892487,0.38235574213711776,0.5395572351531882,0.7181657814581172,1.0,0.3675357070930797,0.33333523829000555,0.3741572329851962,0.5314846043201265,0.2626074170828421,0.29230957745537056,0.29947507297798015,0.2518273534101705,0.48758522867701537,0.0,0.6425259225489943,0.4099129821735088,0.2714430899049439,0.36589440867016076,0.49553893385203984,0.19110159518373837,0.5205468237350949,0.2510587707578946,0.4137537951853889,0.525836519233729,0.2700011985440388,0.2678677573408538,0.2825854831104717,0.4086936566419206,0.4095876287417073,0.26331555021508224,0.3008364660811874
0.29776749368974165,0.49418583155782225,0.19564806705587268,0.2581453421872103,0.3999191435601186,0.5017613893398825,0.3083935496618314,0.26858688326534297,0.26987061797370393,0.2514089102712176,0.397438897177279,0.27779725280287026,0.3843317246983887,0.23496184274531362,0.23746995218873812,0.32051659128376797,0.5212804381804188,0.36421003293498766,0.3305856846213703,0.30937315483886263,0.3541047147935108,0.35676044893519043,0.3675357070930797,1.0,0.5835101174060788,0.5165251950369653,0.3685425788006035,0.23025429884802273,0.2678657529280932,0.2690133972432034,0.22796083584751226,0.4273457729451767,0.0,0.3688946437781334,0.5592357234703373,0.24479373218811618,0.2993570567431949,0.3858405152092568,0.29957403251916126,0.4056335606230045,0.2375629125057459,0.43105115267159755,0.3767425473940077,0.2587239133803749,0.2641602768853345,0.2631302647674947,0.4532094570169015,0.4505870724623513,0.23762911738159076,0.27004897115266335
0.2768849525867556,0.453747970718811,0.18333903699671006,0.23475653156321963,0.35532781449103357,0.46439981126210406,0.2806555734921199,0.23921413303113415,0.24448558056674585,0.2245339561470866,0.34947887897906194,0.2670432722617103,0.34120559811348816,0.2148210024016871,0.2137654524866952,0.2946273070122001,0.5533040605101773,0.3223011256199332,0.3015184478152856,0.28110308790928806,0.3189356683610173,0.325661544201566,0.33333523829000555,0.5835101174060788,1.0,0.5055235924414364,0.3293379453644083,0.20896142359551628,0.24600456950342386,0.24591102987448366,0.2025184741972449,0.41948947865065955,0.0,0.3375779397377312,0.523133472876351,0.2179293659538173,0.2765044810698827,0.3707072508728976,0.3652114459611706,0.38005161251772956,0.21118860539869222,0.3818489531046385,0.3404985978405538,0.25105438343331143,0.25371481715896027,0.2497881283661253,0.4394179848885982,0.43529670339412085,0.2290270799935692,0.24674631740335495
0.2900782739840547,0.4565313794425744,0.20429931628108722,0.2583773220867561,0.4228649826253914,0.45222740776063564,0.315455628961682,0.2550031964296947,0.2744398871152932,0.251947836092026,0.3979847769684597,0.2595906992312246,0.3928700959899395,0.24002972146642554,0.24151221305062942,0.3357331022104033,0.5165236769106977,0.3677985826103307,0.32952877891997856,0.32119697105338874,0.36764257197862815,0.3553801772967893,0.3741572329851962,0.5165251950369653,0.5055235924414364,1.0,0.38016547394411915,0.23610248865161199,0.2786466933929571,0.2773415826166923,0.23385174593871838,0.417415384103914,0.0,0.37013144111352425,0.47626037688918976,0.24672266901875184,0.3136643547647876,0.3878650017986024,0.25484946059166325,0.4018526605228149,0.23928534489881925,0.43800319708042224,0.38308901910772375,0.26617297614287605,0.2629980791138371,0.26540797309947095,0.45964305894217394,0.4582943214628876,0.2572490422434066,0.2774809144685806
0.31219698402799756,0.42413118150832285,0.22657727261197136,0.26665255856323067,0.42357608933257196,0.41449680736235006,0.3520131141753936,0.2676789662618527,0.3043113567848452,0.2695121352647418,0.5102834326152403,0.2533711656514527,0.539900247704037,0.26394770166974035,0.2555206969204108,0.35320145937403435,0.3230039592348014,0.49558387143369453,0.4492642824885935,0.35737929195160556,0.5094676626529109,0.5063087703557629,0.5314846043201265,0.3685425788006035,0.3293379453644083,0.38016547394411915,1.0,0.2616577960764621,0.2986436973909673,0.304040238105026,0.2516275387375715,0.4865963229134246,0.0,0.5002120310081634,0.41207960267518906,0.26793078323388897,0.33511686014689057,0.5820073474548755,0.184189291452599,0.5451967125818162,0.25581568519829434,0.4232940655751608,0.625311690333521,0.2722109646509181,0.2659863630435325,0.2894237184800351,0.41045742751721326,0.4115100145534688,0.26512891802508076,0.3029615483132425
0.27831693973051863,0.27313414826573734,0.21138937836777716,0.5180970508128538,0.24294890330714491,0.26347783501260724,0.2471488983084803,0.6966012420228187,0.2645761607378426,0.5084964473224021,0.2711492698533916,0.4705598737607627,0.26581858695863214,0.5164573754167829,0.49032988330895055,0.25283518448614817,0.20815786085454946,0.25603011483937843,0.2366873509588895,0.24990831926256918,0.2530272678291039,0.2524625274087371,0.2626074170828421,0.23025429884802273,0.20896142359551628,0.23610248865161199,0.2616577960764621,1.0,0.30657507738382916,0.26822725571056927,0.4761969565265104,0.25937957608175155,0.0,0.25409945289215474,0.24698059812875173,0.407476896099502,0.23690514718912004,0.26978067490082114,0.31128839776220274,0.2596968137602176,0.48643940783225925,0.2542122829644128,0.2645050193441125,0.7809344329376655,0.7649486680609782,0.29630863562592324,0.253276735059935,0.2533616163252269,0.4595839230317992,0.30270068437117337
0.343292294158866,0.30916270094682186,0.24936454357382187,0.29997545490062305,0.2812753182326527,0.3101167740994646,0.2854708231204881,0.3075322277237471,0.32995067660194666,0.3117452956301737,0.3085558780891057,0.3062988601883574,0.2973481099304971,0.30612045464940274,0.29747572918705956,0.2902972490835879,0.24488325624733243,0.28820261053991725,0.266328983187041,0.28554120740998246,0.28153580751675156,0.2799653952144776,0.29230957745537056,0.2678657529280932,0.24600456950342386,0.2786466933929571,0.2986436973909673,0.30657507738382916,1.0,0.33053462265210165,0.29124937606781076,0.2884062107845413,0.0,0.2867003788232768,0.28614727005885787,0.29776195412132944,0.27516592378296734,0.2976297638675106,0.21121162785210446,0.29610193354208514,0.28595099484667064,0.2878839226291716,0.29915564245710013,0.3052816338978659,0.30697501626021384,0.40354918669397155,0.2856274794836322,0.28614630694814425,0.2968556679309281,0.6088854332863677
0.39146012093067906,0.3038809458431758,0.2482378349518637,0.2712198261604528,0.2865795028948236,0.2938534604351718,0.2883624493216925,0.2751200262496174,0.41093504289144533,0.2808191843835772,0.31334493211043946,0.272507575767569,0.3176615001138261,0.26720588319685834,0.2675751856911339,0.30399207811660034,0.2407554844461005,0.29830963884167927,0.2709414180351909,0.29306199188976967,0.29235184910433043,0.286948170117306,0.29947507297798015,0.2690133972432034,0.24591102987448366,0.2773415826166923,0.304040238105026,0.26822725571056927,0.33053462265210165,1.0,0.2588784042947584,0.29016105380534807,0.0,0.2929644577728221,0.2886262582655813,0.2744985504027909,0.2813638098610638,0.2953327039093193,0.19812952487703006,0.3104006780818387,0.26289248057451187,0.2917877661750382,0.3077908934863436,0.27081712260096835,0.26906109183517346,0.3269607165603019,0.2943031050839695,0.29509673254264734,0.2663570113433904,0.33911917848479
0.2610760705703563,0.257570097340575,0.19835483610771354,0.5084319502323804,0.24027866724706515,0.2550573296200809,0.2343403357676347,0.47593393689607955,0.25908175203034445,0.5182955984394775,0.2600474279812556,0.4365304068565715,0.25514142689815067,0.4962464867417459,0.49227694689181534,0.2446569768107747,0.19931369234190277,0.2439609584544089,0.2217619850446002,0.23837157620079474,0.2362326553206744,0.23520366927717917,0.2518273534101705,0.22796083584751226,0.2025184741972449,0.23385174593871838,0.2516275387375715,0.4761969565265104,0.29124937606781076,0.2588784042947584,1.0,0.24674347514804762,0.0,0.23998016504917685,0.23850171102487427,0.4023052708201158,0.22700975177421012,0.24676031234586027,0.29934395937553593,0.24669857456997946,0.6577623396505037,0.248416092783054,0.2499415320374927,0.4830254130735169,0.4771866087997124,0.2806570300869583,0.24142666085641407,0.2416250884618566,0.4374072515270132,0.28824809056656686
0.3110330892823343,0.40714140872572135,0.21757766633866638,0.27794477369552073,0.4411559711079768,0.41079373079137627,0.33998590895225833,0.2727387422711952,0.2913445430127579,0.26483105554118536,0.4607660263637635,0.27515881503251316,0.5096663589671737,0.2586249563103199,0.2615910434739769,0.34962033783954716,0.418931240267408,0.4483886869960456,0.4476491887140738,0.3387779701928503,0.4684176531103227,0.4748991047727523,0.48758522867701537,0.4273457729451767,0.41948947865065955,0.417415384103914,0.4865963229134246,0.25937957608175155,0.2884062107845413,0.29016105380534807,0.24674347514804762,1.0,0.0,0.47513645872991594,0.41693338445860373,0.25835059773627045,0.3341577564520788,0.4911896505154273,0.24900540011410222,0.5094549938712667,0.24849382530897346,0.40321114887071685,0.5007386434953345,0.27151892633853314,0.2751116852243055,0.27276741322314935,0.4269284209113442,0.4260491595157364,0.25369234081340175,0.28417776865384126
0.0,0.0,0.0,0.0,0.0,0.0,0.0,0.0,0.0,0.0,0.0,0.0,0.0,0.0,0.0,0.0,0.0,0.0,0.0,0.0,0.0,0.0,0.0,0.0,0.0,0.0,0.0,0.0,0.0,0.0,0.0,0.0,1.0,0.0,0.0,0.0,0.0,0.0,0.0,0.0,0.0,0.0,0.0,0.0,0.0,0.0,0.0,0.0,0.0,0.0
0.30812272677233066,0.40384544268672107,0.22013358751193035,0.2587905264208854,0.4115731221382467,0.4190665929503392,0.35053587329555236,0.263453270329413,0.2927233946366653,0.2599800924455934,0.47715089752286555,0.256583437872533,0.5384555943766098,0.2507733129840106,0.24641427046234565,0.34914027188940433,0.3415552323150598,0.47830730397045784,0.43602862557117195,0.34850881235685294,0.500394969439941,0.6225173979868602,0.6425259225489943,0.3688946437781334,0.3375779397377312,0.37013144111352425,0.5002120310081634,0.25409945289215474,0.2867003788232768,0.2929644577728221,0.23998016504917685,0.47513645872991594,0.0,1.0,0.4077872846282833,0.2752923398340166,0.33365281486409026,0.481246367259485,0.209732573826083,0.5000857612811211,0.23870673729507352,0.4002056498988359,0.5118339481300176,0.2627336963330047,0.2641200537964513,0.2734003114174973,0.4048148524672661,0.40555206625685136,0.2529586534967,0.2907429668272081
0.311364383458025,0.5521461279853823,0.2139814311107201,0.2604937467181092,0.3817655765903406,0.5604405692645253,0.34902761034945295,0.26109005362681514,0.28665832562416105,0.25864821967414786,0.43145044824713397,0.2734804717394381,0.4176262013601729,0.25451975395579673,0.24578777888261905,0.3500572760940802,0.44524392860197015,0.4073695742136717,0.37209049075050116,0.3492782985267816,0.40118940843735984,0.39297651416090307,0.4099129821735088,0.5592357234703373,0.523133472876351,0.47626037688918976,0.41207960267518906,0.24698059812875173,0.28614727005885787,0.2886262582655813,0.23850171102487427,0.41693338445860373,0.0,0.4077872846282833,1.0,0.261997379505874,0.33263043659990865,0.4048793595577954,0.2534985627274978,0.43276101153478963,0.24065380855430762,0.4710079008768593,0.41831706188177076,0.2614815332194117,0.2644338183401229,0.2769958518863046,0.4738274697478021,0.4728332990618822,0.2561868643781229,0.2900906257959971
0.2801980968305977,0.2674766723515356,0.21442726446566585,0.42326206028973457,0.24183850039944577,0.2731732474634302,0.2677979240074828,0.40718298444472867,0.27722008438778034,0.43012060889424997,0.2790739333977337,0.39194101417975946,0.2637472642368126,0.4165059347065625,0.41231988949124754,0.2678713735939454,0.21801389326029053,0.2727579019828952,0.2504726010876399,0.26642922412892844,0.2656738157168578,0.257148200797337,0.2714430899049439,0.24479373218811618,0.2179293659538173,0.24672266901875184,0.26793078323388897,0.407476896099502,0.29776195412132944,0.2744985504027909,0.4023052708201158,0.25835059773627045,0.0,0.2752923398340166,0.261997379505874,1.0,0.2537509351817544,0.2639393798401741,0.30610529048931057,0.2700659092240737,0.4054287917269789,0.2627526541459714,0.2690616907103045,0.41996515393334743,0.4172227876169423,0.29020293989871637,0.2550848866357176,0.25555279000376985,0.41362074532084614,0.30653757875707244
0.29211768182351194,0.327866916235794,0.20669898339910053,0.24219730038985066,0.30520755752513895,0.3444541557710058,0.8079072576236008,0.2430994595065703,0.28317403823181975,0.2454225291532829,0.33931053437573155,0.2309436540295523,0.3425599393950276,0.23907839252805585,0.23665346560127498,0.7612163209345517,0.2660499489919692,0.3630167323663547,0.3362930767626461,0.791480825345993,0.36344674949709765,0.34240534248522214,0.36589440867016076,0.2993570567431949,0.2765044810698827,0.3136643547647876,0.33511686014689057,0.23690514718912004,0.27516592378296734,0.2813638098610638,0.22700975177421012,0.3341577564520788,0.0,0.33365281486409026,0.33263043659990865,0.2537509351817544,1.0,0.3236299279556364,0.17133894109045988,0.32689256697200153,0.22714745194654606,0.3303875828886663,0.3413094340426215,0.24012990236175746,0.23900579000602495,0.25866002461651816,0.3208740415105259,0.3205753351286813,0.23751077859786462,0.27991614873988435
0.31975907535531767,0.4291711433345955,0.22494700580672733,0.2626825678598369,0.4423985741568066,0.4271749478509922,0.33700919464055346,0.2855961926751224,0.29246519497558865,0.2694940777536363,0.48788823361304234,0.26824568628258294,0.5098735972487716,0.2634867869384342,0.2546157595457418,0.34135408435949555,0.34653104805068224,0.4580770636167054,0.42785881590701014,0.3385277582519437,0.47818818020432874,0.4815198796465562,0.49553893385203984,0.3858405152092568,0.3707072508728976,0.3878650017986024,0.5820073474548755,0.26978067490082114,0.2976297638675106,0.2953327039093193,0.24676031234586027,0.4911896505154273,0.0,0.481246367259485,0.4048793595577954,0.2639393798401741,0.3236299279556364,1.0,0.22438846254292844,0.5289918353019251,0.25409894330330673,0.41383817666076905,0.6295882640815775,0.2850651857121206,0.27946312995877076,0.28742887295697406,0.426988470462517,0.4268862416167205,0.27369571695955097,0.2964092723190982
0.2232680707528918,0.18825124795299486,0.14960847347377515,0.32743563272044485,0.19568848669426497,0.2045946273911584,0.1826533483616679,0.3367114963432375,0.18528102543682823,0.3254252748548927,0.1922460983249411,0.3790266056325733,0.18647785364967484,0.31365951681732673,0.31411226148506266,0.18011990324551508,0.3807566528626316,0.18514484726636993,0.172182103083809,0.18061216513242084,0.1849148066461488,0.18119589283831283,0.19110159518373837,0.29957403251916126,0.3652114459611706,0.25484946059166325,0.184189291452599,0.31128839776220274,0.21121162785210446,0.19812952487703006,0.29934395937553593,0.24900540011410222,0.0,0.209732573826083,0.2534985627274978,0.30610529048931057,0.17133894109045988,0.22438846254292844,1.0,0.24788416625612575,0.3037119159626236,0.1868103560125729,0.19311847170596197,0.35078646628383614,0.3537172669666593,0.2300304082514113,0.2614081172671352,0.2561610031477801,0.3063839137754203,0.21412053947369614
0.3202115153923941,0.4257485935526728,0.2284100086867854,0.2621594856192473,0.4319587928966686,0.42173079377116773,0.3451533416076945,0.27530143654684835,0.30058895844259625,0.2685696274544791,0.5185485359758504,0.2694623352480877,0.5397087973466124,0.25902633488851,0.25243070893438313,0.3453541754273859,0.37654835267563314,0.4827458793364089,0.44427979253397887,0.3510625136324771,0.5048558393751341,0.5041333616051338,0.5205468237350949,0.4056335606230045,0.38005161251772956,0.4018526605228149,0.5451967125818162,0.2596968137602176,0.29610193354208514,0.3104006780818387,0.24669857456997946,0.5094549938712667,0.0,0.5000857612811211,0.43276101153478963,0.2700659092240737,0.32689256697200153,0.5289918353019251,0.24788416625612575,1.0,0.24914995884125601,0.42318396762661525,0.5451041792540364,0.27608486768430374,0.2761345023657935,0.2946210423752451,0.447807377143179,0.44755283560733805,0.26500625619952956,0.30726305061609926
