../ecoli_genomes/GCF_000163235.1_ASM16323v1_genomic.fna.gz,../ecoli_genomes/GCF_000164555.1_ASM16455v1_genomic.fna.gz,../ecoli_genomes/GCF_000208545.1_ASM20854v2_genomic.fna.gz,../ecoli_genomes/GCF_000233875.1_ASM23387v1_genomic.fna.gz,../ecoli_genomes/GCF_000249735.1_ASM24973v2_genomic.fna.gz,../ecoli_genomes/GCF_000261145.1_Esch_coli_M919_V2_genomic.fna.gz,../ecoli_genomes/GCF_000267705.2_ASM26770v2_genomic.fna.gz,../ecoli_genomes/GCF_000350665.1_Esch_coli_KTE5_V1_genomic.fna.gz,../ecoli_genomes/GCF_000351625.1_Esch_coli_KTE66_V1_genomic.fna.gz,../ecoli_genomes/GCF_000352285.1_Esch_coli_KTE46_V1_genomic.fna.gz,../ecoli_genomes/GCF_000358895.1_ASM35889v1_genomic.fna.gz,../ecoli_genomes/GCF_000456385.1_Esch_coli_HVH_26_4-5703913_V1_genomic.fna.gz,../ecoli_genomes/GCF_000458195.1_Esch_coli_HVH_147_4-5893887_V1_genomic.fna.gz,../ecoli_genomes/GCF_000459755.1_Esch_coli_KOEGE_58_171a_V1_genomic.fna.gz,../ecoli_genomes/GCF_000460055.1_Esch_coli_UMEA_3053-1_V1_genomic.fna.gz,../ecoli_genomes/GCF_000462165.2_ASM46216v2_genomic.fna.gz,../ecoli_genomes/GCF_000601135.1_ASM60113v1_genomic.fna.gz,../ecoli_genomes/GCF_000614595.1_Ec2010EL1058_genomic.fna.gz,../ecoli_genomes/GCF_000617745.1_Ec2010C-4529_genomic.fna.gz,../ecoli_genomes/GCF_000618265.2_EcF6751_genomic.fna.gz,../ecoli_genomes/GCF_000619005.2_Ec2009C-4052_genomic.fna.gz,../ecoli_genomes/GCF_000619105.1_Ec2009C-4780_genomic.fna.gz,../ecoli_genomes/GCF_000619765.2_Ec2009C-3279_genomic.fna.gz,../ecoli_genomes/GCF_000687005.1_ASM68700v1_genomic.fna.gz,../ecoli_genomes/GCF_000687025.1_ASM68702v1_genomic.fna.gz,../ecoli_genomes/GCF_000700125.1_ASM70012v1_genomic.fna.gz,../ecoli_genomes/GCF_000753315.1_FHI35_genomic.fna.gz,../ecoli_genomes/GCF_000776375.1_ASM77637v1_genomic.fna.gz,../ecoli_genomes/GCF_000779395.1_ASM77939v1_genomic.fna.gz,../ecoli_genomes/GCF_000780315.1_ASM78031v1_genomic.fna.gz,../ecoli_genomes/GCF_000781995.1_ASM78199v1_genomic.fna.gz,../ecoli_genomes/GCF_000986765.1_ASM98676v1_genomic.fna.gz,../ecoli_genomes/GCF_001041375.1_ViralProj287958_genomic.fna.gz,../ecoli_genomes/GCF_001265335.1_302014_genomic.fna.gz,../ecoli_genomes/GCF_001265625.1_100854_genomic.fna.gz,../ecoli_genomes/GCF_001267345.1_303289_genomic.fna.gz,../ecoli_genomes/GCF_001309985.1_ASM130998v1_genomic.fna.gz,../ecoli_genomes/GCF_001521695.1_ASM152169v1_genomic.fna.gz,../ecoli_genomes/GCF_001592595.1_ASM159259v1_genomic.fna.gz,../ecoli_genomes/GCF_001614975.1_ASM161497v1_genomic.fna.gz,../ecoli_genomes/GCF_001692775.1_ASM169277v1_genomic.fna.gz,../ecoli_genomes/GCF_001748915.1_ASM174891v1_genomic.fna.gz,../ecoli_genomes/GCF_001749235.1_ASM174923v1_genomic.fna.gz,../ecoli_genomes/GCF_001881155.1_ASM188115v1_genomic.fna.gz,../ecoli_genomes/GCF_001881345.1_ASM188134v1_genomic.fna.gz,../ecoli_genomes/GCF_001892405.1_ASM189240v1_genomic.fna.gz,../ecoli_genomes/GCF_001892585.1_ASM189258v1_genomic.fna.gz,../ecoli_genomes/GCF_001893985.1_ASM189398v1_genomic.fna.gz,../ecoli_genomes/GCF_002001595.1_ASM200159v1_genomic.fna.gz,../ecoli_genomes/GCF_002002145.1_ASM200214v1_genomic.fna.gz
1.0,0.8127228840711299,0.7837611604149025,0.7805297356359852,0.7746690006953002,0.7948147222976639,0.7916016950444257,0.7866936780437005,0.7945040302169013,0.7956761673052588,0.8021690678353944,0.7907767589998568,0.8086977153415825,0.7838443303128313,0.7786806808967117,0.7921236797286435,0.7780927968102295,0.8063039846322814,0.7940454879589883,0.7954272962707584,0.7955093938816531,0.7866737048693854,0.7978794245324541,0.7904415328759811,0.7805824416383523,0.7325620372207982,0.8068863679201432,0.7793246183164336,0.7937831697052484,0.8011015177426808,0.7685683180174181,0.7917194062083313,0.05181778319512953,0.790352229069526,0.7934699777264831,0.786190346639964,0.785571531371832,0.8078694085161963,0.7064811738737177,0.8074623802584956,0.7739277145143018,0.795022673486165,0.8157741411218091,0.7894910361051446,0.7913061817418461,0.7688677004908834,0.7966962196097549,0.7977188471764701,0.7845882017423287,0.7979428582904344
0.8127228840711299,1.0,0.7833911799723194,0.7812621343262782,0.7921468663368113,0.8411653374643542,0.8009998283494003,0.7884429845570385,0.7736832384196267,0.7971235478877774,0.8237686435286464,0.7906524756836192,0.8290516398991384,0.785487710410061,0.7813305175790636,0.7998977019199659,0.8109959762618868,0.8323961587921802,0.8139497772298732,0.8078021171785517,0.8208749028577583,0.8123526313817134,0.8291511370158404,0.8303875878653924,0.8288103301102385,0.7522866328389239,0.8316004632057017,0.784611240209126,0.783804170313013,0.7826098526468057,0.7776878916055445,0.8211550886789287,0.05452448785487152,0.8142973381527705,0.8473199532324748,0.7833737353373982,0.7919370765344953,0.8268406170900352,0.6941568128692619,0.8312342492370459,0.7788981071889154,0.826193309215008,0.8324958353865554,0.7943318379873614,0.7923280919813553,0.770179643860152,0.8392862396971996,0.8388813207692716,0.7903065352325364,0.7898359881092705
0.7837611604149025,0.7833911799723194,1.0,0.7599659197993562,0.7449955256194704,0.755257027394248,0.7620499311210431,0.7666614814718826,0.7683444267080126,0.7726057821394692,0.7617254942323481,0.7598634937928717,0.7727450505211442,0.7633909280642036,0.7622309669239171,0.7668420586821223,0.7393203632732448,0.7725752517719692,0.7603529616720764,0.7701255973256189,0.7781610518901987,0.7672840985527853,0.776231875147921,0.7429540683792939,0.7418477448597433,0.6943828212735954,0.7702415123478521,0.7642472045764201,0.7744039790056402,0.7758328273587466,0.7581946844628717,0.7609314946229435,0.04921212515606155,0.7747486746945982,0.7521039167895636,0.7690128110345779,0.7626700526060953,0.7682817649230248,0.6870803210651193,0.7695814408867786,0.7555592697614953,0.7576632723819676,0.7764791073372829,0.767442996244506,0.767807444570653,0.7613041980105272,0.7691973014067628,0.7675033228846961,0.7660126806823221,0.7795954540404193
0.7805297356359852,0.7812621343262782,0.7599659197993562,1.0,0.7629399006412644,0.7785281793666659,0.7703162064724856,0.8413902882020423,0.7524101199835738,0.8476289094827709,0.7754786235812328,0.8447931879817254,0.7831255184353929,0.8557439469183912,0.8661342743626557,0.7808476849406564,0.7689538938850526,0.7782223098315267,0.7603481696101027,0.777508669767276,0.7698679145232588,0.7608416634544355,0.7743971437141575,0.7730796172195284,0.7645429084833745,0.7239646072020518,0.7728220632829372,0.844366697171546,0.7645182720265811,0.7504059701856645,0.8398174597265924,0.7772338253021727,0.05169035760120466,0.762077348591039,0.7679129275161225,0.8078123694072423,0.7703731038364948,0.7778431729912405,0.7302213057296727,0.7719455181652496,0.8545817919394104,0.7667740396957909,0.7752832505722508,0.855662409720351,0.846567621278795,0.7550601698535436,0.775438211078677,0.7746245687756521,0.826438181246362,0.7722279366000211
0.7746690006953002,0.7921468663368113,0.7449955256194704,0.7629399006412644,1.0,0.7860834709195286,0.7630336871328345,0.7660031904728198,0.7533518733755955,0.7770273767596099,0.8070552788375465,0.7609398738288478,0.8256825949527711,0.7582143588831278,0.7636918982523687,0.7858385043043151,0.7786024233895814,0.792472854066274,0.7805740950557423,0.7697525733167624,0.7905529360445731,0.7764363060875015,0.7883970666376572,0.7874923956562849,0.7861038957315584,0.743201382820934,0.7962029467080818,0.749262124921577,0.7513422756695416,0.7566648157605358,0.7589921628225127,0.8105726584420936,0.05300077597399422,0.787860008487715,0.7763393814908527,0.7503007160043786,0.7706454526833502,0.801061909917928,0.6799298437878769,0.8036573661035566,0.7670551261381362,0.7866101247581456,0.8049928368818831,0.7600864455980029,0.7605124923916077,0.7386513277136895,0.795290818710257,0.7953396374566184,0.7503977664189792,0.756607043841147
0.7948147222976639,0.8411653374643542,0.755257027394248,0.7785281793666659,0.7860834709195286,1.0,0.7960464768271787,0.7777088026682719,0.7387599389637031,0.781680609153484,0.8261532091859043,0.770969961799941,0.8155781332829608,0.768691656208768,0.7642221532291044,0.7972434616019738,0.8208993121196155,0.8239011164460327,0.7983454964008039,0.7974241607079374,0.798516134297129,0.8069433854392265,0.8073483019825347,0.8455676292690496,0.8394143235502404,0.7744981981167838,0.8144333535311273,0.7639804046362518,0.7584897464200807,0.7432262244298717,0.7608138985737345,0.8094860108355935,0.049777573503859696,0.7961386938899171,0.8400964687663806,0.7687605090309177,0.7860480914402167,0.8162266107127767,0.6966047804151974,0.8104260687125545,0.7721657390064647,0.8311990091203026,0.8206991404960446,0.7807489222287323,0.7773152998944651,0.7363546276898953,0.8302006008075586,0.8321096094810716,0.769234324460096,0.7607254441431028
0.7916016950444257,0.8009998283494003,0.7620499311210431,0.7703162064724856,0.7630336871328345,0.7960464768271787,1.0,0.7682832721407041,0.7684181531390811,0.7744136566686283,0.7973350809466958,0.7703980815624527,0.7961424766688647,0.7676271281107652,0.767517141343459,0.8943391238149776,0.7824076874979455,0.8193500159484198,0.812527193711136,0.936044413551334,0.8195437969515578,0.8054202488881297,0.8205836858021761,0.7813571601395141,0.7787643014652403,0.7287819197522746,0.8072580345262591,0.7651230479775655,0.7674272340159305,0.7713599920071704,0.7598278606723164,0.7952832267464465,0.06282175381894706,0.8021215564489335,0.7953008705265352,0.7792708999406078,0.9141088834258404,0.7987852406876286,0.7052675301933502,0.8005647549031258,0.7613762986104924,0.784018572887157,0.8031422928017233,0.7744648896747062,0.775788464016063,0.7563254810417277,0.7978576215632317,0.796694045766887,0.7621935009956431,0.7747482542533218
0.7866936780437005,0.7884429845570385,0.7666614814718826,0.8413902882020423,0.7660031904728198,0.7777088026682719,0.7682832721407041,1.0,0.7686821471289842,0.8490774623383678,0.7752100040048757,0.8423721436893348,0.7907983555752601,0.8454444289160308,0.8373144875961225,0.7781078290778309,0.7521313099329007,0.7809589177154409,0.7660005716254183,0.7770984360632467,0.7761371099102446,0.7710886817053818,0.7807436668545457,0.7670442169752918,0.7556727174882433,0.7135183734889111,0.7784678764381925,0.895920469661087,0.7766496177898373,0.7673314505834226,0.8299586955091323,0.7785648992641858,0.0519634694408494,0.7752476279922693,0.762982733697283,0.8146668191106498,0.7687896075592664,0.7792280114220719,0.7323884221276353,0.7800561678680209,0.8310360164968251,0.7690271946861986,0.7824375367442102,0.8950188064541433,0.881677805532712,0.7723837015521482,0.7736596308687228,0.7735529898477068,0.8326011634753596,0.7870670354715654
0.7945040302169013,0.7736832384196267,0.7683444267080126,0.7524101199835738,0.7533518733755955,0.7387599389637031,0.7684181531390811,0.7686821471289842,1.0,0.7721527630743513,0.754322478953355,0.7584346959262628,0.7802031203414883,0.7666392059226416,0.7680365842819152,0.7761710483054336,0.7212852610880272,0.7674100703874492,0.7618171262386764,0.776855597546648,0.773029709019086,0.7685239637782981,0.7818357430518033,0.7325926913107228,0.7341279857558389,0.6777950155525805,0.7739135069257428,0.768107358915134,0.787063962112528,0.8186126342656022,0.7618366089428303,0.764279215879089,0.055193931314806544,0.7745216612920732,0.7425104390439814,0.7689371334334042,0.7731885398678626,0.757349959691774,0.6856770611655271,0.7688259369509631,0.7522059068428018,0.7409644397953284,0.7728583950917169,0.7624990114521734,0.7619538037199123,0.7748965284861805,0.7548226984332971,0.7521929642956253,0.7633705475699463,0.7970880478074377
0.7956761673052588,0.7971235478877774,0.7726057821394692,0.8476289094827709,0.7770273767596099,0.781680609153484,0.7744136566686283,0.8490774623383678,0.7721527630743513,1.0,0.7907234838149054,0.8457547509874213,0.8014787489588835,0.8433793217485152,0.8460967598162353,0.786958623741568,0.7642032043912934,0.7922694913495467,0.7698543410604434,0.7834856851088289,0.7834552154565959,0.7755948876660501,0.7869253332952008,0.7743423526633513,0.7660488111801116,0.7217369264888789,0.7875454703138502,0.8441514381547719,0.7817117475245963,0.7716935487115109,0.8427653815697074,0.776892881090965,0.05325504453116592,0.7763317657424855,0.7774609464408079,0.8211955468031606,0.774583916936521,0.7855967626148559,0.7335396662056837,0.7855315475874974,0.8515783734003064,0.7759682620622063,0.7911514422706625,0.8506405794925762,0.8462996391316675,0.7718493775699602,0.7861272985184247,0.7855668618616497,0.8421440408981683,0.787542407085735
0.8021690678353944,0.8237686435286464,0.7617254942323481,0.7754786235812328,0.8070552788375465,0.8261532091859043,0.7973350809466958,0.7752100040048757,0.754322478953355,0.7907234838149054,1.0,0.7790758838984422,0.849957319441615,0.7756722618077888,0.7698363846250249,0.8037640543621735,0.805249683279603,0.8463340958414993,0.8183454324899886,0.8036418587522383,0.827554154091253,0.8317383041058392,0.825941904594761,0.8193259138070863,0.7990792976094447,0.7610486937533477,0.8384925527327816,0.7697314778763374,0.7699456870597396,0.7655495452092216,0.7654544447167217,0.8132583925832338,0.05181703876491872,0.8208984626055008,0.8202647163126782,0.7756934053783795,0.7872794959179078,0.838199013940877,0.6945647244108379,0.8518816571461378,0.7728879641347857,0.8194194249678282,0.8507491322574994,0.7804105585124601,0.7753735054130124,0.752361343129447,0.8297945929604285,0.8305379016218353,0.7779095735990013,0.779230823140022
0.7907767589998568,0.7906524756836192,0.7598634937928717,0.8447931879817254,0.7609398738288478,0.770969961799941,0.7703980815624527,0.8423721436893348,0.7584346959262628,0.8457547509874213,0.7790758838984422,1.0,0.7866277763982359,0.8394853689098375,0.8640905417817448,0.7788636976654086,0.7580099604285805,0.7795473344861801,0.7686803017345256,0.7753327440366197,0.7764635293085781,0.7720070341652682,0.7817019034334522,0.7701513547598822,0.7610652721327069,0.7215684581314847,0.7777326507490349,0.8369267583047134,0.7772263455490342,0.7606756729761324,0.8219040394373089,0.7767819360140034,0.05186979714277096,0.7717427867741347,0.7689196674425022,0.8039694040017438,0.7682764229338925,0.7787966007934308,0.7262084279253589,0.7786971189257887,0.8276119097985628,0.7644054461008198,0.7847484783250815,0.8449797956761708,0.8397867210575074,0.7674924800213723,0.7775254304992953,0.7772303291018338,0.8225429875541254,0.7860577723394169
0.8086977153415825,0.8290516398991384,0.7727450505211442,0.7831255184353929,0.8256825949527711,0.8155781332829608,0.7961424766688647,0.7907983555752601,0.7802031203414883,0.8014787489588835,0.849957319441615,0.7866277763982359,1.0,0.7837428621390361,0.7869249476599711,0.8102978787396207,0.8003272946105365,0.8485564087807759,0.8269065154961458,0.8051551690203588,0.844030811392781,0.8384231878970704,0.8485322073431794,0.8115461270433167,0.8001851007953755,0.7505095079713927,0.8548871367183203,0.7814110632230769,0.7796982218222436,0.7894373298601068,0.7788788493410705,0.8366639079254555,0.052208399473034905,0.8416025979450539,0.8118753552422217,0.7786806291676366,0.7948992105143087,0.837982732381045,0.6964699806010259,0.8580246805354617,0.7824488034409183,0.8166325227323535,0.8587376145677873,0.7874526106582245,0.7828444605262295,0.7654587663015017,0.8264757476186042,0.8267925960020468,0.7852725660258205,0.7878254336177296
0.7838443303128313,0.785487710410061,0.7633909280642036,0.8557439469183912,0.7582143588831278,0.768691656208768,0.7676271281107652,0.8454444289160308,0.7666392059226416,0.8433793217485152,0.7756722618077888,0.8394853689098375,0.7837428621390361,1.0,0.8593890333042155,0.774957876912221,0.7554990265403905,0.779892098633179,0.7691058532271475,0.7769347358302358,0.7781734220330139,0.7710469388214869,0.7811342798770096,0.7581560721283689,0.752106671294268,0.7090949642090467,0.7783579925637685,0.8569096646145222,0.7796442361775001,0.7618610935109739,0.8395502803033879,0.7734575078965704,0.05528305909787634,0.7709262037806832,0.7621109969519417,0.8143334719573748,0.7668654927360273,0.7777603893766023,0.7255246023751053,0.7747356499725144,0.8449223674738144,0.7620144349865378,0.7801511148469964,0.8575286203052754,0.8488053900090475,0.7717885537305464,0.7733629558006799,0.772275094945726,0.8337890075716576,0.7865328329071481
0.7786806808967117,0.7813305175790636,0.7622309669239171,0.8661342743626557,0.7636918982523687,0.7642221532291044,0.767517141343459,0.8373144875961225,0.7680365842819152,0.8460967598162353,0.7698363846250249,0.8640905417817448,0.7869249476599711,0.8593890333042155,1.0,0.7781710763495483,0.7550311522145448,0.7733856480410661,0.7590903134093916,0.7757848450360997,0.7756290670764396,0.7631186358928977,0.7772500890006844,0.7607865365014481,0.7548517542138725,0.7112440458147777,0.7710010501144016,0.8402585348760464,0.7760166201100104,0.7667982366485939,0.8425970861211831,0.7732302442876642,0.05471280208943141,0.7656995121595931,0.7593228252486883,0.8102778430943892,0.7706874525412243,0.774344265278351,0.7283772979611876,0.7692301504983917,0.8486438471411202,0.7545950160470425,0.7740188777388155,0.8462041986010395,0.8409174763081205,0.770453491953395,0.7762646233787571,0.7751816664151416,0.8226840347248963,0.7865325920938545
0.7921236797286435,0.7998977019199659,0.7668420586821223,0.7808476849406564,0.7858385043043151,0.7972434616019738,0.8943391238149776,0.7781078290778309,0.7761710483054336,0.786958623741568,0.8037640543621735,0.7788636976654086,0.8102978787396207,0.774957876912221,0.7781710763495483,1.0,0.7817062658958013,0.8131359730649381,0.8086531754981343,0.9030691629639525,0.8092603785336543,0.8093423813342782,0.81228308722776,0.7882898880889022,0.789611194885873,0.7431756472387212,0.8015399848660792,0.7709081673982062,0.7715124945304208,0.7826570941024888,0.7718587964648248,0.8026506787217844,0.06061566412032959,0.7963883150762757,0.7911718391123268,0.7754545983900258,0.8989838226753465,0.7978169498927763,0.6982475050079935,0.8002368124390878,0.7744834546459747,0.7794670068299424,0.8011178856156448,0.7783017418996392,0.7797134227028231,0.7610564986832927,0.792715706164159,0.7919276823185705,0.7691773833811397,0.7771443462861044
0.7780927968102295,0.8109959762618868,0.7393203632732448,0.7689538938850526,0.7786024233895814,0.8208993121196155,0.7824076874979455,0.7521313099329007,0.7212852610880272,0.7642032043912934,0.805249683279603,0.7580099604285805,0.8003272946105365,0.7554990265403905,0.7550311522145448,0.7817062658958013,1.0,0.8053949067165356,0.7800806648380539,0.783531615586128,0.7843829630288994,0.7799221884690289,0.7894061246183592,0.8374073339107735,0.8263372381710898,0.7830583192971541,0.8010128560103202,0.7429361568055051,0.7373912053275775,0.7271873790119845,0.7455419051946177,0.8127939101875783,0.046094134371401085,0.7773460400732116,0.823689930261235,0.746536892978432,0.7739629713258331,0.8135304288178629,0.6736519407220912,0.8011223179988637,0.7555881924412947,0.8154135312442159,0.8099549644322376,0.7609512781607821,0.760359833190887,0.7148954869433743,0.8209961419551187,0.8236801986525796,0.7440090917460542,0.7421578705750043
0.8063039846322814,0.8323961587921802,0.7725752517719692,0.7782223098315267,0.792472854066274,0.8239011164460327,0.8193500159484198,0.7809589177154409,0.7674100703874492,0.7922694913495467,0.8463340958414993,0.7795473344861801,0.8485564087807759,0.779892098633179,0.7733856480410661,0.8131359730649381,0.8053949067165356,1.0,0.8497640452245049,0.8276298074497074,0.8549940663909966,0.8409185176584753,0.8538775220995436,0.8113565658311859,0.7962838498194662,0.7508297773752685,0.8542351756778371,0.7748478019437314,0.7769559579580396,0.7758405262499829,0.7690839596090707,0.8281871129877907,0.05755564521359324,0.8311243643780524,0.8233502373762174,0.7853783813018193,0.811674361459227,0.8362946666186806,0.6988431261571466,0.8482399879087179,0.7753746520489299,0.8254920918601836,0.8519057260348144,0.78243578822991,0.7795156800673189,0.7585025692840605,0.8296611065748027,0.8297665450287346,0.7788514871441943,0.7832895107154694
0.7940454879589883,0.8139497772298732,0.7603529616720764,0.7603481696101027,0.7805740950557423,0.7983454964008039,0.812527193711136,0.7660005716254183,0.7618171262386764,0.7698543410604434,0.8183454324899886,0.7686803017345256,0.8269065154961458,0.7691058532271475,0.7590903134093916,0.8086531754981343,0.7800806648380539,0.8497640452245049,1.0,0.8111589591223647,0.8373952437211432,0.8376074078630726,0.8452632665389435,0.7835986430189685,0.780221039192571,0.7235739878414782,0.8315437475894959,0.7623520029053128,0.7701000108394348,0.7687691678503378,0.754569542727064,0.8215072398558154,0.05795944121844543,0.824798221547028,0.8018273283826067,0.7708433583716134,0.8043584300227682,0.8144836576256944,0.6850750899912976,0.830708956004012,0.7540714940989836,0.7989831805363703,0.830114974839083,0.7671571801579329,0.7662067188803044,0.7562246696474777,0.8045818171255965,0.8035056681048278,0.7640792583221446,0.7742624776539788
0.7954272962707584,0.8078021171785517,0.7701255973256189,0.777508669767276,0.7697525733167624,0.7974241607079374,0.936044413551334,0.7770984360632467,0.776855597546648,0.7834856851088289,0.8036418587522383,0.7753327440366197,0.8051551690203588,0.7769347358302358,0.7757848450360997,0.9030691629639525,0.783531615586128,0.8276298074497074,0.8111589591223647,1.0,0.8276203121960981,0.8118751847858955,0.8274669748178891,0.7816553891618607,0.779346712230669,0.7297849136846721,0.8135224505014446,0.7760709146444273,0.7773660726634143,0.7821744342346941,0.7711313966704975,0.7964363538241657,0.06273376341582781,0.8037134744006073,0.7944943279054384,0.7857979612507193,0.918005829860824,0.8053884193931348,0.7041277328594184,0.8076889897776487,0.7703345370762741,0.7881462130794171,0.8089918054743261,0.7824715973915413,0.7836061363022723,0.7685196948727153,0.8048276862514303,0.8034801736228625,0.773430064300462,0.783492662956506
0.7955093938816531,0.8208749028577583,0.7781610518901987,0.7698679145232588,0.7905529360445731,0.798516134297129,0.8195437969515578,0.7761371099102446,0.773029709019086,0.7834552154565959,0.827554154091253,0.7764635293085781,0.844030811392781,0.7781734220330139,0.7756290670764396,0.8092603785336543,0.7843829630288994,0.8549940663909966,0.8373952437211432,0.8276203121960981,1.0,0.8419057612878891,0.8624944981960196,0.7857691718411444,0.7829864571608354,0.7369330404164132,0.8448380441115626,0.7759948764132547,0.7801664619247914,0.7775711846480504,0.7688970308361098,0.8228356972061467,0.05819051399275488,0.8411875778124234,0.8028864594852716,0.7825446368852569,0.8125872653956245,0.8269206741099828,0.6937056568121864,0.8481423339509505,0.7668841376567282,0.8005420912368044,0.8385985488399768,0.781516085723599,0.7793775706630578,0.7709200652837916,0.8217933824185303,0.8215760058602479,0.7759487121057459,0.7892337706115629
0.7866737048693854,0.8123526313817134,0.7672840985527853,0.7608416634544355,0.7764363060875015,0.8069433854392265,0.8054202488881297,0.7710886817053818,0.7685239637782981,0.7755948876660501,0.8317383041058392,0.7720070341652682,0.8384231878970704,0.7710469388214869,0.7631186358928977,0.8093423813342782,0.7799221884690289,0.8409185176584753,0.8376074078630726,0.8118751847858955,0.8419057612878891,1.0,0.887010801816298,0.7851820977947852,0.7851402570135457,0.7368249624439488,0.8267630966939474,0.7702901834262061,0.7752481204533979,0.7695954398144829,0.7609492743922294,0.8189847701355499,0.05665084158060085,0.8586360429485963,0.7893576416781242,0.7663160347377391,0.7995425755872765,0.8197393237066759,0.6908390720955366,0.8364105385841909,0.7564613062242082,0.7942705242437265,0.8291033043993503,0.7737316547465566,0.7723049943722974,0.7654377569027173,0.8071551143059564,0.8061629673917732,0.7674435472193276,0.7845532473719956
0.7978794245324541,0.8291511370158404,0.776231875147921,0.7743971437141575,0.7883970666376572,0.8073483019825347,0.8205836858021761,0.7807436668545457,0.7818357430518033,0.7869253332952008,0.825941904594761,0.7817019034334522,0.8485322073431794,0.7811342798770096,0.7772500890006844,0.81228308722776,0.7894061246183592,0.8538775220995436,0.8452632665389435,0.8274669748178891,0.8624944981960196,0.887010801816298,1.0,0.7887481281421996,0.7927133218196643,0.7352831106544984,0.8483791795966533,0.7814422100256102,0.7853190938616152,0.779551456683219,0.7715237744650322,0.8310002442258122,0.05542262534362952,0.8669495439006422,0.8027716570369142,0.783465130032148,0.8150705906186144,0.8249340276066873,0.6993334810560718,0.8472119373997004,0.7688160890515574,0.8058852796132764,0.841883588755164,0.7834487134624049,0.7826265296891217,0.7756115023967106,0.8196785998426197,0.8189790558005885,0.780568919955805,0.7946648556617606
0.7904415328759811,0.8303875878653924,0.7429540683792939,0.7730796172195284,0.7874923956562849,0.8455676292690496,0.7813571601395141,0.7670442169752918,0.7325926913107228,0.7743423526633513,0.8193259138070863,0.7701513547598822,0.8115461270433167,0.7581560721283689,0.7607865365014481,0.7882898880889022,0.8374073339107735,0.8113565658311859,0.7835986430189685,0.7816553891618607,0.7857691718411444,0.7851820977947852,0.7887481281421996,1.0,0.8410654009773769,0.7815626777511031,0.8088560413884501,0.750386785636372,0.7409908818070067,0.7395198938105523,0.7525924981287364,0.8112682939210503,0.043735612244884425,0.7791211414327877,0.847829900868499,0.7509064777352503,0.7730164283309472,0.8099909191868215,0.6785556528284229,0.8016050783709966,0.7668422594477862,0.8236076618201607,0.8124647940855823,0.7697114700721648,0.7667709797820184,0.716995655830976,0.8172529725479606,0.8196837771940872,0.7527547749112785,0.745702787530403
0.7805824416383523,0.8288103301102385,0.7418477448597433,0.7645429084833745,0.7861038957315584,0.8394143235502404,0.7787643014652403,0.7556727174882433,0.7341279857558389,0.7660488111801116,0.7990792976094447,0.7610652721327069,0.8001851007953755,0.752106671294268,0.7548517542138725,0.789611194885873,0.8263372381710898,0.7962838498194662,0.780221039192571,0.779346712230669,0.7829864571608354,0.7851402570135457,0.7927133218196643,0.8410654009773769,1.0,0.7842719081326688,0.7981858961047922,0.7440500737982534,0.7412397337260046,0.7348859495066955,0.7437437666727491,0.8136535317387407,0.04585485928348054,0.7767991647601911,0.8352490616856276,0.7436606274142918,0.7754327595724789,0.8035693196198324,0.6711442835823744,0.7963284371064139,0.7517011334583787,0.8051341764675097,0.8058666529157653,0.76427339220755,0.7612070501980833,0.7256604226777952,0.8111169974071091,0.8133923842219315,0.7526206213602672,0.7499462471894601
0.7325620372207982,0.7522866328389239,0.6943828212735954,0.7239646072020518,0.743201382820934,0.7744981981167838,0.7287819197522746,0.7135183734889111,0.6777950155525805,0.7217369264888789,0.7610486937533477,0.7215684581314847,0.7505095079713927,0.7090949642090467,0.7112440458147777,0.7431756472387212,0.7830583192971541,0.7508297773752685,0.7235739878414782,0.7297849136846721,0.7369330404164132,0.7368249624439488,0.7352831106544984,0.7815626777511031,0.7842719081326688,1.0,0.7438582158636958,0.7027971873240257,0.6930610932549808,0.689908360265638,0.7016342128426027,0.7509105097831779,0.04571748564669387,0.7288966887625887,0.7658040984068453,0.7026527258239259,0.7236364543186886,0.7661970097937325,0.6467997635717261,0.7535219112313406,0.7145115716464784,0.7613495673448671,0.7511035879031299,0.7241479805842297,0.7230361129567544,0.6730579808693464,0.7617672511973963,0.7692066592737565,0.7089042405934592,0.7030154694962314
0.8068863679201432,0.8316004632057017,0.7702415123478521,0.7728220632829372,0.7962029467080818,0.8144333535311273,0.8072580345262591,0.7784678764381925,0.7739135069257428,0.7875454703138502,0.8384925527327816,0.7777326507490349,0.8548871367183203,0.7783579925637685,0.7710010501144016,0.8015399848660792,0.8010128560103202,0.8542351756778371,0.8315437475894959,0.8135224505014446,0.8448380441115626,0.8267630966939474,0.8483791795966533,0.8088560413884501,0.7981858961047922,0.7438582158636958,1.0,0.7754640778006574,0.7794517633906439,0.7757209999214287,0.7656368059613082,0.8340410791703954,0.04866841206128347,0.8250176894492103,0.8190908644552399,0.7829151681194907,0.7997007279345805,0.8534720487989537,0.6881741073611232,0.8613643098587471,0.7723229950383571,0.819133676363713,0.8718910575125833,0.783724404976491,0.7790138481184621,0.7662075192342312,0.8263389425436731,0.8263353242723831,0.7799303006416991,0.7884805506389566
0.7793246183164336,0.784611240209126,0.7642472045764201,0.844366697171546,0.749262124921577,0.7639804046362518,0.7651230479775655,0.895920469661087,0.768107358915134,0.8441514381547719,0.7697314778763374,0.8369267583047134,0.7814110632230769,0.8569096646145222,0.8402585348760464,0.7709081673982062,0.7429361568055051,0.7748478019437314,0.7623520029053128,0.7760709146444273,0.7759948764132547,0.7702901834262061,0.7814422100256102,0.750386785636372,0.7440500737982534,0.7027971873240257,0.7754640778006574,1.0,0.7801831946267261,0.7665232216677894,0.8320565608864353,0.7654988554104553,0.05419878173755699,0.7727829260687293,0.7553566005546621,0.8129224559435778,0.7640186878072694,0.7749329009910184,0.7297430699514076,0.7761320663924527,0.8310308518067404,0.7570522947443002,0.7784656773494528,0.9287311416973878,0.9067310204690237,0.7776513235487946,0.7702747991467898,0.7696182286753738,0.8395543097836082,0.7897954969526232
0.7937831697052484,0.783804170313013,0.7744039790056402,0.7645182720265811,0.7513422756695416,0.7584897464200807,0.7674272340159305,0.7766496177898373,0.787063962112528,0.7817117475245963,0.7699456870597396,0.7772263455490342,0.7796982218222436,0.7796442361775001,0.7760166201100104,0.7715124945304208,0.7373912053275775,0.7769559579580396,0.7701000108394348,0.7773660726634143,0.7801664619247914,0.7752481204533979,0.7853190938616152,0.7409908818070067,0.7412397337260046,0.6930610932549808,0.7794517633906439,0.7801831946267261,1.0,0.787799520832519,0.7697420618796085,0.7653942914819994,0.05634296367855485,0.7797592781054805,0.7561894373244007,0.7868403261087273,0.7667731846253734,0.7719840826166631,0.7017973761329883,0.7780702000745668,0.7620828803573851,0.7516178390537502,0.7793696652659216,0.777094499185067,0.7783439952224714,0.7999304209928919,0.7710918004195738,0.7693597412893588,0.7780627603416423,0.8654577865369838
0.8011015177426808,0.7826098526468057,0.7758328273587466,0.7504059701856645,0.7566648157605358,0.7432262244298717,0.7713599920071704,0.7673314505834226,0.8186126342656022,0.7716935487115109,0.7655495452092216,0.7606756729761324,0.7894373298601068,0.7618610935109739,0.7667982366485939,0.7826570941024888,0.7271873790119845,0.7758405262499829,0.7687691678503378,0.7821744342346941,0.7775711846480504,0.7695954398144829,0.779551456683219,0.7395198938105523,0.7348859495066955,0.689908360265638,0.7757209999214287,0.7665232216677894,0.787799520832519,1.0,0.7644428587917298,0.7612941199368537,0.059469174100957534,0.7760605475916885,0.7516689582191372,0.765316463371547,0.7761496682106881,0.7639292391875905,0.6881853072449239,0.7771960319654592,0.7551446181857223,0.746513873997371,0.7761943983072239,0.7640112178095173,0.764202310121567,0.7841958370141806,0.763115494619632,0.7602548686865197,0.7679756257436788,0.7962858488880905
0.7685683180174181,0.7776878916055445,0.7581946844628717,0.8398174597265924,0.7589921628225127,0.7608138985737345,0.7598278606723164,0.8299586955091323,0.7618366089428303,0.8427653815697074,0.7654544447167217,0.8219040394373089,0.7788788493410705,0.8395502803033879,0.8425970861211831,0.7718587964648248,0.7455419051946177,0.7690839596090707,0.754569542727064,0.7711313966704975,0.7688970308361098,0.7609492743922294,0.7715237744650322,0.7525924981287364,0.7437437666727491,0.7016342128426027,0.7656368059613082,0.8320565608864353,0.7697420618796085,0.7644428587917298,1.0,0.7666134024176552,0.058801130491375475,0.7641690528964296,0.750625494440877,0.8005091181239078,0.761684353565746,0.7674139839063849,0.7159962956867267,0.7671543752010522,0.871465184969209,0.7497977289229778,0.7651460560780581,0.8355759386006552,0.827338971457914,0.7653080148445901,0.7666867646335138,0.7651446528702659,0.8187903355205326,0.7734364005979713
0.7917194062083313,0.8211550886789287,0.7609314946229435,0.7772338253021727,0.8105726584420936,0.8094860108355935,0.7952832267464465,0.7785648992641858,0.764279215879089,0.776892881090965,0.8132583925832338,0.7767819360140034,0.8366639079254555,0.7734575078965704,0.7732302442876642,0.8026506787217844,0.8127939101875783,0.8281871129877907,0.8215072398558154,0.7964363538241657,0.8228356972061467,0.8189847701355499,0.8310002442258122,0.8112682939210503,0.8136535317387407,0.7509105097831779,0.8340410791703954,0.7654988554104553,0.7653942914819994,0.7612941199368537,0.7666134024176552,1.0,0.05226037396144356,0.8191017681381153,0.8032134251057697,0.7649245445770665,0.794131387290523,0.8279838164511873,0.6853425529786037,0.8360573722049415,0.7659848584601014,0.8086356156277376,0.8360824351144004,0.7742758983875603,0.7739364942121751,0.750759134401102,0.81368337497097,0.8142237198055893,0.7641469746338594,0.7701426812799006
0.05181778319512953,0.05452448785487152,0.04921212515606155,0.05169035760120466,0.05300077597399422,0.049777573503859696,0.06282175381894706,0.0519634694408494,0.055193931314806544,0.05325504453116592,0.05181703876491872,0.05186979714277096,0.052208399473034905,0.05528305909787634,0.05471280208943141,0.06061566412032959,0.046094134371401085,0.05755564521359324,0.05795944121844543,0.06273376341582781,0.05819051399275488,0.05665084158060085,0.05542262534362952,0.043735612244884425,0.04585485928348054,0.04571748564669387,0.04866841206128347,0.05419878173755699,0.05634296367855485,0.059469174100957534,0.058801130491375475,0.05226037396144356,1.0,0.05451152119823588,0.05087301572527758,0.05651014410003319,0.06338166929582711,0.0500339009720554,0.05104367375521457,0.05520433588828766,0.05066989226970331,0.05265341852016048,0.0514728806072513,0.05320120751288171,0.05324095725042177,0.056109109296003434,0.05283049664664752,0.05240944447955842,0.05081017559046552,0.054514907623629094
0.790352229069526,0.8142973381527705,0.7747486746945982,0.762077348591039,0.787860008487715,0.7961386938899171,0.8021215564489335,0.7752476279922693,0.7745216612920732,0.7763317657424855,0.8208984626055008,0.7717427867741347,0.8416025979450539,0.7709262037806832,0.7656995121595931,0.7963883150762757,0.7773460400732116,0.8311243643780524,0.824798221547028,0.8037134744006073,0.8411875778124234,0.8586360429485963,0.8669495439006422,0.7791211414327877,0.7767991647601911,0.7288966887625887,0.8250176894492103,0.7727829260687293,0.7797592781054805,0.7760605475916885,0.7641690528964296,0.8191017681381153,0.05451152119823588,1.0,0.7933236437616044,0.7765216162978178,0.7983645049879695,0.8163204814388071,0.7064019502384613,0.8313568224779546,0.7596109820082155,0.7959187588820785,0.8326220388028217,0.7761898279972164,0.7769149205241533,0.7659244176557873,0.8080255993943497,0.8065331996929419,0.7738654956269584,0.7830321692438831
0.7934699777264831,0.8473199532324748,0.7521039167895636,0.7679129275161225,0.7763393814908527,0.8400964687663806,0.7953008705265352,0.762982733697283,0.7425104390439814,0.7774609464408079,0.8202647163126782,0.7689196674425022,0.8118753552422217,0.7621109969519417,0.7593228252486883,0.7911718391123268,0.823689930261235,0.8233502373762174,0.8018273283826067,0.7944943279054384,0.8028864594852716,0.7893576416781242,0.8027716570369142,0.847829900868499,0.8352490616856276,0.7658040984068453,0.8190908644552399,0.7553566005546621,0.7561894373244007,0.7516689582191372,0.750625494440877,0.8032134251057697,0.05087301572527758,0.7933236437616044,1.0,0.7630582524618233,0.7805027593386381,0.8111640043183437,0.6818469276658883,0.817182158027894,0.760443454476958,0.8255968020691759,0.8261846025010524,0.7690781863333163,0.7679870802262452,0.7360880694123324,0.8277043134422415,0.8289255489104647,0.765739703996327,0.7604713449623579
0.786190346639964,0.7833737353373982,0.7690128110345779,0.8078123694072423,0.7503007160043786,0.7687605090309177,0.7792708999406078,0.8146668191106498,0.7689371334334042,0.8211955468031606,0.7756934053783795,0.8039694040017438,0.7786806291676366,0.8143334719573748,0.8102778430943892,0.7754545983900258,0.746536892978432,0.7853783813018193,0.7708433583716134,0.7857979612507193,0.7825446368852569,0.7663160347377391,0.783465130032148,0.7509064777352503,0.7436606274142918,0.7026527258239259,0.7829151681194907,0.8129224559435778,0.7868403261087273,0.765316463371547,0.8005091181239078,0.7649245445770665,0.05651014410003319,0.7765216162978178,0.7630582524618233,1.0,0.7745300660925087,0.7730366254351548,0.7424339121924328,0.7798037029349476,0.7979141323945129,0.7603779249590089,0.7778972852099788,0.8167069854251886,0.8168526366984659,0.7712892114301678,0.7699566661309455,0.7685822997901698,0.8186701174391069,0.7859204033414358
0.785571531371832,0.7919370765344953,0.7626700526060953,0.7703731038364948,0.7706454526833502,0.7860480914402167,0.9141088834258404,0.7687896075592664,0.7731885398678626,0.774583916936521,0.7872794959179078,0.7682764229338925,0.7948992105143087,0.7668654927360273,0.7706874525412243,0.8989838226753465,0.7739629713258331,0.811674361459227,0.8043584300227682,0.918005829860824,0.8125872653956245,0.7995425755872765,0.8150705906186144,0.7730164283309472,0.7754327595724789,0.7236364543186886,0.7997007279345805,0.7640186878072694,0.7667731846253734,0.7761496682106881,0.761684353565746,0.794131387290523,0.06338166929582711,0.7983645049879695,0.7805027593386381,0.7745300660925087,1.0,0.7905463055684128,0.6989163650016851,0.7918969176425981,0.76252360118697,0.7764289792398107,0.7952311220905566,0.771456482777691,0.7738012431273841,0.7567805321940231,0.7887317417816873,0.7868925199138656,0.7591828009338608,0.7743541005715046
0.8078694085161963,0.8268406170900352,0.7682817649230248,0.7778431729912405,0.801061909917928,0.8162266107127767,0.7987852406876286,0.7792280114220719,0.757349959691774,0.7855967626148559,0.838199013940877,0.7787966007934308,0.837982732381045,0.7777603893766023,0.774344265278351,0.7978169498927763,0.8135304288178629,0.8362946666186806,0.8144836576256944,0.8053884193931348,0.8269206741099828,0.8197393237066759,0.8249340276066873,0.8099909191868215,0.8035693196198324,0.7661970097937325,0.8534720487989537,0.7749329009910184,0.7719840826166631,0.7639292391875905,0.7674139839063849,0.8279838164511873,0.0500339009720554,0.8163204814388071,0.8111640043183437,0.7730366254351548,0.7905463055684128,1.0,0.6903357957372951,0.8479751056767171,0.7751742546905621,0.8141141479108359,0.8635086199127343,0.7869895554643327,0.7830937902326851,0.7554178464735526,0.8322643799354112,0.8335838803945754,0.7776074339123994,0.7775968931717928
0.7064811738737177,0.6941568128692619,0.6870803210651193,0.7302213057296727,0.6799298437878769,0.6966047804151974,0.7052675301933502,0.7323884221276353,0.6856770611655271,0.7335396662056837,0.6945647244108379,0.7262084279253589,0.6964699806010259,0.7255246023751053,0.7283772979611876,0.6982475050079935,0.6736519407220912,0.6988431261571466,0.6850750899912976,0.7041277328594184,0.6937056568121864,0.6908390720955366,0.6993334810560718,0.6785556528284229,0.6711442835823744,0.6467997635717261,0.6881741073611232,0.7297430699514076,0.7017973761329883,0.6881853072449239,0.7159962956867267,0.6853425529786037,0.05104367375521457,0.7064019502384613,0.6818469276658883,0.7424339121924328,0.6989163650016851,0.6903357957372951,1.0,0.6920381941418867,0.7175463994951765,0.6857482345540974,0.690229148073063,0.7351276811289122,0.7370529539983375,0.6851200305965666,0.6905463801962471,0.6890529730223901,0.7279103358577816,0.6987999462360337
