../ecoli_genomes/GCF_000163235.1_ASM16323v1_genomic.fna.gz,../ecoli_genomes/GCF_000164555.1_ASM16455v1_genomic.fna.gz,../ecoli_genomes/GCF_000208545.1_ASM20854v2_genomic.fna.gz,../ecoli_genomes/GCF_000233875.1_ASM23387v1_genomic.fna.gz,../ecoli_genomes/GCF_000249735.1_ASM24973v2_genomic.fna.gz,../ecoli_genomes/GCF_000261145.1_Esch_coli_M919_V2_genomic.fna.gz,../ecoli_genomes/GCF_000267705.2_ASM26770v2_genomic.fna.gz,../ecoli_genomes/GCF_000350665.1_Esch_coli_KTE5_V1_genomic.fna.gz,../ecoli_genomes/GCF_000351625.1_Esch_coli_KTE66_V1_genomic.fna.gz,../ecoli_genomes/GCF_000352285.1_Esch_coli_KTE46_V1_genomic.fna.gz,../ecoli_genomes/GCF_000358895.1_ASM35889v1_genomic.fna.gz,../ecoli_genomes/GCF_000456385.1_Esch_coli_HVH_26_4-5703913_V1_genomic.fna.gz,../ecoli_genomes/GCF_000458195.1_Esch_coli_HVH_147_4-5893887_V1_genomic.fna.gz,../ecoli_genomes/GCF_000459755.1_Esch_coli_KOEGE_58_171a_V1_genomic.fna.gz,../ecoli_genomes/GCF_000460055.1_Esch_coli_UMEA_3053-1_V1_genomic.fna.gz,../ecoli_genomes/GCF_000462165.2_ASM46216v2_genomic.fna.gz,../ecoli_genomes/GCF_000601135.1_ASM60113v1_genomic.fna.gz,../ecoli_genomes/GCF_000614595.1_Ec2010EL1058_genomic.fna.gz,../ecoli_genomes/GCF_000617745.1_Ec2010C-4529_genomic.fna.gz,../ecoli_genomes/GCF_000618265.2_EcF6751_genomic.fna.gz,../ecoli_genomes/GCF_000619005.2_Ec2009C-4052_genomic.fna.gz,../ecoli_genomes/GCF_000619105.1_Ec2009C-4780_genomic.fna.gz,../ecoli_genomes/GCF_000619765.2_Ec2009C-3279_genomic.fna.gz,../ecoli_genomes/GCF_000687005.1_ASM68700v1_genomic.fna.gz,../ecoli_genomes/GCF_000687025.1_ASM68702v1_genomic.fna.gz,../ecoli_genomes/GCF_000700125.1_ASM70012v1_genomic.fna.gz,../ecoli_genomes/GCF_000753315.1_FHI35_genomic.fna.gz,../ecoli_genomes/GCF_000776375.1_ASM77637v1_genomic.fna.gz,../ecoli_genomes/GCF_000779395.1_ASM77939v1_genomic.fna.gz,../ecoli_genomes/GCF_000780315.1_ASM78031v1_genomic.fna.gz,../ecoli_genomes/GCF_000781995.1_ASM78199v1_genomic.fna.gz,../ecoli_genomes/GCF_000986765.1_ASM98676v1_genomic.fna.gz,../ecoli_genomes/GCF_001041375.1_ViralProj287958_genomic.fna.gz,../ecoli_genomes/GCF_001265335.1_302014_genomic.fna.gz,../ecoli_genomes/GCF_001265625.1_100854_genomic.fna.gz,../ecoli_genomes/GCF_001267345.1_303289_genomic.fna.gz,../ecoli_genomes/GCF_001309985.1_ASM130998v1_genomic.fna.gz,../ecoli_genomes/GCF_001521695.1_ASM152169v1_genomic.fna.gz,../ecoli_genomes/GCF_001592595.1_ASM159259v1_genomic.fna.gz,../ecoli_genomes/GCF_001614975.1_ASM161497v1_genomic.fna.gz,../ecoli_genomes/GCF_001692775.1_ASM169277v1_genomic.fna.gz,../ecoli_genomes/GCF_001748915.1_ASM174891v1_genomic.fna.gz,../ecoli_genomes/GCF_001749235.1_ASM174923v1_genomic.fna.gz,../ecoli_genomes/GCF_001881155.1_ASM188115v1_genomic.fna.gz,../ecoli_genomes/GCF_001881345.1_ASM188134v1_genomic.fna.gz,../ecoli_genomes/GCF_001892405.1_ASM189240v1_genomic.fna.gz,../ecoli_genomes/GCF_001892585.1_ASM189258v1_genomic.fna.gz,../ecoli_genomes/GCF_001893985.1_ASM189398v1_genomic.fna.gz,../ecoli_genomes/GCF_002001595.1_ASM200159v1_genomic.fna.gz,../ecoli_genomes/GCF_002002145.1_ASM200214v1_genomic.fna.gz
1.0,0.3262980829649631,0.2564510794954188,0.2854572532853843,0.30265960175270523,0.3133460728450359,0.30430809468533837,0.2875755095185416,0.39603352115265955,0.29943877847572575,0.3249614605665254,0.29652287231532204,0.3128921526319365,0.2729610366585603,0.26944496134986373,0.3086166990072561,0.3029086140987157,0.3086589690041466,0.28209076803552025,0.30555049049821126,0.2984237593764275,0.3043019487902805,0.3161800222423621,0.3127090325220643,0.30793437034675086,0.2992584547801803,0.30658712366824514,0.2805779798702821,0.33792653588250554,0.38833187729897634,0.26065708538803534,0.315344591416035,0.0,0.3019718388499468,0.3078346941504273,0.27742814696473095,0.29244710433579,0.31580274163849664,0.24518717988373706,0.31607650261206555,0.2709514390004747,0.30552954109439534,0.3128275186892585,0.2875004715956392,0.2959159748474858,0.3178710397364639,0.3052678618802588,0.3042080977729892,0.27010403252125714,0.34397858390816505
0.3262980829649631,1.0,0.23383155252139531,0.2702169004494528,0.39498857450433444,0.5618857287015153,0.34031355572370303,0.27667896906456024,0.2961318895952879,0.2838220435951926,0.43062316387311483,0.28398716974537175,0.4145563320320069,0.2644069798826677,0.2595852251581251,0.34280858980194573,0.4666842087728802,0.41182864538522945,0.36391859621697265,0.3426464390625781,0.3975678907814326,0.39550117742819857,0.4126127755584361,0.5433370788595614,0.5416190330913122,0.4905918785528467,0.41128192833608046,0.27414600507483666,0.3046409908912866,0.3018459284383631,0.2533026977586822,0.4098683709180926,0.0,0.3951834047388333,0.5638067364774026,0.26468767878156163,0.322144177524307,0.42271922694477004,0.22610191427475912,0.42099713472583467,0.25810414399856785,0.46709390505284043,0.41902062209986035,0.2877965710720434,0.2873284852128507,0.28691759969361585,0.4768857315783631,0.47882539229317134,0.2798763708105265,0.30133280289705844
0.2564510794954188,0.23383155252139531,1.0,0.20284966092397272,0.21017872596190934,0.22056816482014396,0.2129594335283468,0.2089401894988162,0.24041661296149563,0.2121028183295337,0.23580062543591107,0.20838487666445737,0.22569378395527617,0.2025098047831767,0.20108994025118865,0.21557942551587106,0.21668371503463102,0.2246543903628383,0.19705939596859323,0.21498719853131631,0.21900039929733173,0.21752296049307673,0.2250704555141939,0.21239466366586457,0.20936626919855483,0.2157074325582472,0.2261926810797239,0.21110817412217742,0.24522250156201297,0.2520875703839206,0.1951271405841507,0.2204742240948132,0.0,0.21770190850648297,0.2141950501887232,0.20778039356261913,0.20327364898641853,0.22559583396857807,0.18346857602807565,0.2331854140752202,0.20039057706593755,0.222353740435701,0.2315616826997018,0.21775320498547968,0.21287602492108237,0.2290891964397317,0.22551013251476526,0.22507935462224637,0.21305733783515224,0.2460877346268845
0.2854572532853843,0.2702169004494528,0.20284966092397272,1.0,0.2721458543510996,0.26929945893075635,0.24677961667622206,0.4983003261503135,0.28733820258428644,0.517020325572169,0.2637699889946633,0.5048115800099866,0.2646717284869389,0.5373914080120534,0.5485125284409174,0.25386288963973924,0.2635168555083657,0.2590027063546335,0.2343070896934879,0.24751415711163394,0.24943343242567106,0.2506009540549342,0.2655795358569387,0.26534834775252647,0.26312816432847475,0.25952612323838875,0.25655005083109395,0.5096305633955329,0.2986635354444671,0.2702865817959087,0.49549231670582883,0.27268028875880834,0.0,0.24813565711705654,0.2575467131621607,0.40845011191781966,0.23801921864344666,0.25770800848399644,0.3868137090514142,0.25476160370496304,0.5170427306015984,0.25494214572209284,0.26055474869902895,0.5219621786994446,0.5126482707393952,0.2924913351109516,0.2586586510286135,0.2577435230826046,0.4470017588514573,0.3059347343558526
0.30265960175270523,0.39498857450433444,0.21017872596190934,0.2721458543510996,1.0,0.4147287002761646,0.3150489334596418,0.2741480323405382,0.29946145369780097,0.2746351200502479,0.5055964240853135,0.2630986143231303,0.4608162418472709,0.2562677430443051,0.2605835224998778,0.3315298835901854,0.3976877816527603,0.41030453845129733,0.3715876236387482,0.3159907049066306,0.41600484586749087,0.40567537957518085,0.4186228847730239,0.4018385177778553,0.3956926509223996,0.41002423141805444,0.4266277338099369,0.2456184299040185,0.28586783230733015,0.2944137473916095,0.24944216895540294,0.4379479434067529,0.0,0.4122794378213267,0.3922796083089941,0.24680017252992703,0.30698135951411365,0.4516605703043697,0.22747171391826138,0.44265924660713984,0.2671917604762927,0.39752434041450413,0.4482639660174983,0.2679907997354065,0.26936803209080284,0.2695499719055283,0.4074917071290741,0.4062267120616948,0.24673326408120355,0.28233862051708747
0.3133460728450359,0.5618857287015153,0.22056816482014396,0.26929945893075635,0.4147287002761646,1.0,0.3479702553574634,0.28196665365507745,0.2974539268268125,0.2719170822816154,0.4264260362508908,0.2684108186493207,0.4124835254186269,0.2635597470882225,0.2593484475334288,0.3474946545577716,0.4693945215075189,0.4162956565430157,0.3675983923935642,0.3491988328343939,0.3986611478269684,0.39866150322824623,0.42315188331336595,0.5356273083431012,0.5384867779710875,0.46871957820113186,0.40074067912553,0.2655684736533259,0.2991262038939738,0.2929306332333047,0.24779443526189915,0.41314128666806527,0.0,0.4122025685180769,0.5711526102966137,0.27235541084430337,0.3299451076228236,0.4138854372912365,0.25077556509784704,0.4151942385271622,0.2558845198986891,0.47040610601796873,0.4201181640984426,0.27937803201638156,0.27904001122379285,0.2846432969637289,0.47391922931433916,0.47802825860875253,0.2638410991416943,0.2984404838243879
0.30430809468533837,0.34031355572370303,0.2129594335283468,0.24677961667622206,0.3150489334596418,0.3479702553574634,1.0,0.2490905118135711,0.28924456496505946,0.2525235235149377,0.356016096585394,0.24282636716090367,0.33660689833087243,0.2407796590037493,0.2365170916840047,0.759457284342712,0.32699367527630296,0.3782174230687828,0.3376512427952819,0.8709291792452627,0.37346000700150217,0.3569897295052137,0.3807708687579321,0.3325735490740319,0.31805125152944613,0.32689906470070595,0.3480401531983044,0.2449925060475312,0.28145883561494456,0.2867974009966978,0.23045245664003744,0.3369162001676417,0.0,0.3397498567836642,0.34908320983166574,0.2561317478753087,0.7879956184225254,0.3316831155842087,0.22100003172052785,0.3497643801201512,0.23201506267190064,0.34178501646171977,0.34935993134389787,0.2501465030321637,0.25096449123931164,0.26321261156511,0.3348742670404067,0.3350982817385001,0.24202222834329368,0.28358902681793385
0.2875755095185416,0.27667896906456024,0.2089401894988162,0.4983003261503135,0.2741480323405382,0.28196665365507745,0.2490905118135711,1.0,0.283556891956271,0.50607963764937,0.26906282018883354,0.4861510549499779,0.272850555414235,0.4865502015319898,0.48224538221529845,0.2566743675507285,0.26677705869231105,0.26696355602359967,0.24270505456415814,0.2506524928874555,0.25508540439137484,0.25857391221649706,0.26635508506663363,0.2829964148566453,0.2638393001501457,0.26630878660381796,0.2647231507170804,0.6898695334183655,0.3042273760754808,0.2741719123769645,0.4707701742758452,0.2711602315602747,0.0,0.2568198023104675,0.2644370166293202,0.40082705242669914,0.23818999341925184,0.28124053268198745,0.393457822891074,0.27007611038289336,0.48170426825385626,0.26529155881102784,0.2716823788593845,0.7087510024526646,0.6808099903658335,0.293041508112286,0.2651757663115959,0.26385714038030306,0.44000998730180185,0.30524074855492755
0.39603352115265955,0.2961318895952879,0.24041661296149563,0.28733820258428644,0.29946145369780097,0.2974539268268125,0.28924456496505946,0.283556891956271,1.0,0.2940295502604021,0.3093559952224092,0.2741982743283955,0.30864253442515954,0.275309831587663,0.27638088951940365,0.2945421551708163,0.2913752090879391,0.2951094729534407,0.26439743627587664,0.2904220485701894,0.2834431198646251,0.28907320862910957,0.29820443197488766,0.298247141012969,0.2832538142548898,0.29473364830556825,0.298948304604317,0.26687747958099817,0.32801713652670383,0.40653167484391706,0.2695439261069007,0.29323053897905893,0.0,0.2886357584870861,0.29511505512837755,0.2795534848092832,0.2769241322592406,0.2894677654451454,0.2449472971291189,0.30529598695292437,0.2756657857833881,0.2950264891720782,0.3055505335523796,0.2811575568279969,0.2748414339415163,0.3093825131381621,0.2972554089793218,0.295670342426808,0.26911400653196293,0.3406389236479156
0.29943877847572575,0.2838220435951926,0.2121028183295337,0.517020325572169,0.2746351200502479,0.2719170822816154,0.2525235235149377,0.50607963764937,0.2940295502604021,1.0,0.2822408630013298,0.4820872825601753,0.2786761523312338,0.5005472049008406,0.4941765664221637,0.25940877727052425,0.25832532336680125,0.2678177273791622,0.24068507313146636,0.2537807936942238,0.25471047729332497,0.2586099708727466,0.2619918495363459,0.27451067161551457,0.2649515426507021,0.26613103593251364,0.26944508060520067,0.4957017246318902,0.30933311323827906,0.27794463346892373,0.5106181008004487,0.2663541736736369,0.0,0.2532234430824112,0.26359353855651935,0.4237996931194721,0.24302097042474657,0.27210891367715473,0.4023974754162205,0.2734675843521974,0.5205159939188917,0.26306571040684956,0.26986297258776204,0.5101366745182914,0.509922311745195,0.2970893562038498,0.26790501178111026,0.2666749171767364,0.4651949880650381,0.30724242662026824
0.3249614605665254,0.43062316387311483,0.23580062543591107,0.2637699889946633,0.5055964240853135,0.4264260362508908,0.356016096585394,0.26906282018883354,0.3093559952224092,0.2822408630013298,1.0,0.26855365938206766,0.5299853636868385,0.2649344115888371,0.2623483088635835,0.3607548679138963,0.40474135589809557,0.48546416737471565,0.4355560492465782,0.3589288454759304,0.4822651697235547,0.49333491280881736,0.49463496006328567,0.4243671764636284,0.3952893684958495,0.4242711702375741,0.4961168261972385,0.26751479962753943,0.3042180549186059,0.30975824447273137,0.2525148368084793,0.4708137881343105,0.0,0.4737335714903702,0.4283777842428119,0.2777477254446702,0.33835767134855876,0.4824661259894564,0.2340886349472323,0.5174659912987931,0.25501003653307275,0.43837783712961076,0.5056109615075288,0.27261021167290933,0.27262016802691746,0.2875407275131123,0.43496155474037457,0.43422302010313885,0.26693715780679406,0.30726740241199835
0.29652287231532204,0.28398716974537175,0.20838487666445737,0.5048115800099866,0.2630986143231303,0.2684108186493207,0.24282636716090367,0.4861510549499779,0.2741982743283955,0.4820872825601753,0.26855365938206766,1.0,0.2660766186488346,0.4947962899459949,0.6072708206361541,0.25152059344888655,0.25781449548360613,0.2552047238549334,0.23918249269149028,0.2434283154993344,0.2524369837114391,0.2537417341042584,0.2605838600971967,0.26727514060753843,0.2611181604297963,0.25675720314260053,0.25726246923041474,0.48064714288006916,0.306801178800708,0.27194151983374826,0.4439540826465337,0.2665268701775223,0.0,0.25210047014910875,0.2623558376556361,0.3994101771647074,0.23431687675106627,0.2645180962824012,0.3907050872010911,0.2619310171206344,0.46627576603618337,0.2537611969626786,0.26551281178746755,0.5011475443151125,0.4958596685259379,0.29455143744743595,0.26416615559241075,0.2637571250099584,0.4325995215189866,0.3024204493715943
0.3128921526319365,0.4145563320320069,0.22569378395527617,0.2646717284869389,0.4608162418472709,0.4124835254186269,0.33660689833087243,0.272850555414235,0.30864253442515954,0.2786761523312338,0.5299853636868385,0.2660766186488346,1.0,0.25598926708239433,0.26303267208994396,0.3469034552018838,0.39371445128582605,0.48847291745268173,0.491857081579548,0.33847952684652216,0.5027594024072362,0.5632191845733949,0.5440062177321741,0.41748046646310666,0.3851067484533748,0.41291166703775284,0.5307559026643661,0.25797481484698304,0.2971691265696197,0.3128299786419353,0.2518564703349073,0.5043064081899886,0.0,0.5239630109941238,0.41803404839047653,0.2572560089398539,0.32438952042337466,0.5017632717787771,0.22673448262023366,0.5410616750607438,0.260559881201995,0.42118846931885845,0.5250124566874392,0.26909091246535133,0.2642117015654658,0.2724023725692881,0.42317107575191415,0.42074740137803257,0.25687387221029034,0.2984708421646781
0.2729610366585603,0.2644069798826677,0.2025098047831767,0.5373914080120534,0.2562677430443051,0.2635597470882225,0.2407796590037493,0.4865502015319898,0.275309831587663,0.5005472049008406,0.2649344115888371,0.4947962899459949,0.25598926708239433,1.0,0.5477593326572681,0.2436249189504398,0.25310073043004155,0.25652506481983905,0.23147239245920803,0.24339237058034557,0.24531937510858504,0.24800812567377273,0.259090582255854,0.2483351074039013,0.24564966685420875,0.250642447370504,0.2568696727965365,0.5077760731456065,0.3047682413519731,0.2614650503972791,0.48472216702029747,0.2570139602039839,0.0,0.24501914213738096,0.25262486552145913,0.4087969397749993,0.22962235645774176,0.25895048022067935,0.3859520452688069,0.25587915336114797,0.5036589339990603,0.25121406979360994,0.2607528473380618,0.5132167369570892,0.5053704098937069,0.2906209175850283,0.25661289506609675,0.2578100063537707,0.4482738263885224,0.3053059048920558
0.26944496134986373,0.2595852251581251,0.20108994025118865,0.5485125284409174,0.2605835224998778,0.2593484475334288,0.2365170916840047,0.48224538221529845,0.27638088951940365,0.4941765664221637,0.2623483088635835,0.6072708206361541,0.26303267208994396,0.5477593326572681,1.0,0.2455599280752766,0.25287081129145705,0.2508668292245212,0.22844951299941096,0.23730606434310686,0.2441247438008477,0.24860910182404083,0.2559181581938693,0.24934673848974342,0.24491710549024615,0.2484370449640817,0.2521179289124459,0.4839616203551099,0.293115652950951,0.2617209461429637,0.49424261412923975,0.25941779190023473,0.0,0.24372734395363416,0.25125963733735046,0.402673527375919,0.2275592840858971,0.2537200609581486,0.38916977191980817,0.253762629943335,0.5105704905263504,0.24823153814657473,0.2592988572528725,0.5017452099593996,0.4899409638718978,0.28880376295037946,0.26010251632668435,0.25880145851826086,0.4423628080915092,0.30422253983895
0.3086166990072561,0.34280858980194573,0.21557942551587106,0.25386288963973924,0.3315298835901854,0.3474946545577716,0.759457284342712,0.2566743675507285,0.2945421551708163,0.25940877727052425,0.3607548679138963,0.25152059344888655,0.3469034552018838,0.2436249189504398,0.2455599280752766,1.0,0.33295031904423134,0.36767586559897014,0.3351987221327516,0.7681207780518708,0.355739088973009,0.35703287733281464,0.36923633874635153,0.34455402251651635,0.3275072579545675,0.3330617897953574,0.34587337382840344,0.2466497196531907,0.2815442476451029,0.2955355610713776,0.2365793737021311,0.33788376140776344,0.0,0.33888810253037693,0.34463056658042057,0.25954159296731294,0.7428745872385276,0.33394216763301054,0.22252554137833502,0.3497207677002673,0.24144847482915277,0.34464306694527547,0.3490323458385921,0.25633871270091424,0.2571707957527025,0.2640390461495443,0.3401105983374697,0.3390754876890173,0.24687057814076252,0.28472824758339443
0.3029086140987157,0.4666842087728802,0.21668371503463102,0.2635168555083657,0.3976877816527603,0.4693945215075189,0.32699367527630296,0.26677705869231105,0.2913752090879391,0.25832532336680125,0.40474135589809557,0.25781449548360613,0.39371445128582605,0.25310073043004155,0.25287081129145705,0.33295031904423134,1.0,0.3896989399030326,0.3470969152877672,0.3288577856817112,0.37648953597393475,0.38548163985532213,0.4035905138867901,0.4804198587192118,0.4872312360140312,0.4997753383650273,0.3853619796059463,0.2523490457014963,0.28754036954073925,0.2876963137183419,0.2376443545843031,0.4411336567861134,0.0,0.39538241425681975,0.46867644938477526,0.26256084017738834,0.31495920463533245,0.38369736554741285,0.2344272789380316,0.3949420831275885,0.24567665394020832,0.43729821976860117,0.4016400258071574,0.26455485671423573,0.2708880293103253,0.2684062899121219,0.45375363001290614,0.45701961580055106,0.2451288645982429,0.28625208648361455
0.3086589690041466,0.41182864538522945,0.2246543903628383,0.2590027063546335,0.41030453845129733,0.4162956565430157,0.3782174230687828,0.26696355602359967,0.2951094729534407,0.2678177273791622,0.48546416737471565,0.2552047238549334,0.48847291745268173,0.25652506481983905,0.2508668292245212,0.36767586559897014,0.3896989399030326,1.0,0.4811600105337869,0.37704815463591845,0.5068003501774879,0.5082267836987162,0.5289327186223238,0.3971326275157038,0.371143355533854,0.4019675299117276,0.4956717262748528,0.26502458946254115,0.29496041980816423,0.3010967294536726,0.24416721874658265,0.46101774468914813,0.0,0.4704997775608183,0.4149383323287924,0.2764268387474229,0.3608094950192403,0.4617593356708729,0.23553415073463646,0.4896508754473583,0.24477080264750584,0.42402159527707806,0.49256073677032264,0.267455485666649,0.26629559500402167,0.274825044619453,0.416497238309414,0.4161084850289448,0.2529308675550924,0.2981068088107599
0.28209076803552025,0.36391859621697265,0.19705939596859323,0.2343070896934879,0.3715876236387482,0.3675983923935642,0.3376512427952819,0.24270505456415814,0.26439743627587664,0.24068507313146636,0.4355560492465782,0.23918249269149028,0.491857081579548,0.23147239245920803,0.22844951299941096,0.3351987221327516,0.3470969152877672,0.4811600105337869,1.0,0.33499119736612326,0.45727071734946045,0.5041702185922365,0.46196277511878214,0.3536689377039589,0.3375283957910691,0.34919228159428684,0.44113191050298517,0.23567483364648034,0.2632135873972308,0.2681674671329066,0.21945569555087507,0.4511866433299512,0.0,0.4276714101736727,0.37070042264135794,0.2451561756976013,0.3240082301937178,0.4186865679037901,0.21116601258118128,0.4433544408191593,0.22284951754665472,0.37311138629031393,0.43755017282481445,0.24446135023516546,0.24271271389819105,0.24686782962559428,0.3653089141866951,0.3656217548072841,0.22843180066493007,0.26350415052780685
0.30555049049821126,0.3426464390625781,0.21498719853131631,0.24751415711163394,0.3159907049066306,0.3491988328343939,0.8709291792452627,0.2506524928874555,0.2904220485701894,0.2537807936942238,0.3589288454759304,0.2434283154993344,0.33847952684652216,0.24339237058034557,0.23730606434310686,0.7681207780518708,0.3288577856817112,0.37704815463591845,0.33499119736612326,1.0,0.37379659312480706,0.35670731086398566,0.38103358789010944,0.33329492896347146,0.32075752586110406,0.3290083037482412,0.3504606552813292,0.24637086072370884,0.2830813577947465,0.28751826787524326,0.23133662097833896,0.3377370667836407,0.0,0.340502561601543,0.3467436326920855,0.2566733273894457,0.792964117075372,0.3349129313905913,0.21938857114591304,0.3530732660117213,0.23316417898141029,0.3438818561122058,0.3518010684968327,0.2511769622547757,0.25100786756232873,0.26483852925620455,0.3372933174871452,0.33752348486257855,0.24385869266854487,0.28632545501998286
0.2984237593764275,0.3975678907814326,0.21900039929733173,0.24943343242567106,0.41600484586749087,0.3986611478269684,0.37346000700150217,0.25508540439137484,0.2834431198646251,0.25471047729332497,0.4822651697235547,0.2524369837114391,0.5027594024072362,0.24531937510858504,0.2441247438008477,0.355739088973009,0.37648953597393475,0.5068003501774879,0.45727071734946045,0.37379659312480706,1.0,0.5096808864197522,0.5358304901717752,0.3851850649021338,0.3644643409846595,0.3941006781897216,0.5017186605529156,0.2537962130517436,0.2823258984577409,0.2923513993246406,0.23563863754727032,0.4670065861727005,0.0,0.49050663561887897,0.4057062172704359,0.26833776014276933,0.3532359294940106,0.4735931313616847,0.2288863865339168,0.5019722472218293,0.24105461757655233,0.3989784832847084,0.4998034940128113,0.2572709735480605,0.2568616095631503,0.2698022210933184,0.41067940283209803,0.4105933077210465,0.24858846457447115,0.2883914445681759
0.3043019487902805,0.39550117742819857,0.21752296049307673,0.2506009540549342,0.40567537957518085,0.39866150322824623,0.3569897295052137,0.25857391221649706,0.28907320862910957,0.2586099708727466,0.49333491280881736,0.2537417341042584,0.5632191845733949,0.24800812567377273,0.24860910182404083,0.35703287733281464,0.38548163985532213,0.5082267836987162,0.5041702185922365,0.35670731086398566,0.5096808864197522,1.0,0.7076635868410952,0.3822481872249196,0.3648545123409799,0.3864051258186988,0.5058882820671385,0.253757357925955,0.2851435719683264,0.2903095876400308,0.23527168785660058,0.48585729542782574,0.0,0.6184187757524554,0.4011335509176611,0.2569642905826457,0.3413170940393975,0.4796247533774607,0.2257209651855836,0.5095353210920437,0.23872999335137446,0.400446313428124,0.5063344476909286,0.259893326202692,0.2570738565233449,0.2654257486638033,0.4059396635671392,0.4043799934543534,0.2491453664204223,0.29189171171233774
0.3161800222423621,0.4126127755584361,0.2250704555141939,0.2655795358569387,0.4186228847730239,0.42315188331336595,0.3807708687579321,0.26635508506663363,0.29820443197488766,0.2619918495363459,0.49463496006328567,0.2605838600971967,0.5440062177321741,0.259090582255854,0.2559181581938693,0.36923633874635153,0.4035905138867901,0.5289327186223238,0.46196277511878214,0.38103358789010944,0.5358304901717752,0.7076635868410952,1.0,0.3955289867985884,0.3858065057768486,0.4010214779938255,0.5286263010220792,0.2644865213235781,0.2978260123760347,0.297282124797545,0.2447481207566391,0.49464287934519613,0.0,0.6258297286020116,0.4173214754510779,0.26574837438872,0.3612021134085036,0.48923228000921015,0.2365462332315852,0.517879357946947,0.2484523794858986,0.41366593561160114,0.5166906224659716,0.26758368537226584,0.26622532876857197,0.27700439280655675,0.4140714480573848,0.4153438737015843,0.2565913637942172,0.3005813171391295
0.3127090325220643,0.5433370788595614,0.21239466366586457,0.26534834775252647,0.4018385177778553,0.5356273083431012,0.3325735490740319,0.2829964148566453,0.298247141012969,0.27451067161551457,0.4243671764636284,0.26727514060753843,0.41748046646310666,0.2483351074039013,0.24934673848974342,0.34455402251651635,0.4804198587192118,0.3971326275157038,0.3536689377039589,0.33329492896347146,0.3851850649021338,0.3822481872249196,0.3955289867985884,1.0,0.5550255929862822,0.48510053127624997,0.3944903096964476,0.25075620426497736,0.28237099241452157,0.2965568909970582,0.24418401327838613,0.4159139769924173,0.0,0.387058091772681,0.5527956213643939,0.2655430243040128,0.3247823951723594,0.394648046449647,0.2335599827223891,0.4007137238930042,0.25049189493668855,0.45247299369148397,0.39829696378049695,0.26765927307714166,0.2716429065334057,0.2706253170650341,0.4530201198018463,0.45324272988253067,0.24861652131091128,0.2861734244037959
0.30793437034675086,0.5416190330913122,0.20936626919855483,0.26312816432847475,0.3956926509223996,0.5384867779710875,0.31805125152944613,0.2638393001501457,0.2832538142548898,0.2649515426507021,0.3952893684958495,0.2611181604297963,0.3851067484533748,0.24564966685420875,0.24491710549024615,0.3275072579545675,0.4872312360140312,0.371143355533854,0.3375283957910691,0.32075752586110406,0.3644643409846595,0.3648545123409799,0.3858065057768486,0.5550255929862822,1.0,0.48557970871995015,0.3723068667120709,0.24088555854587768,0.27436829870008195,0.27438146344011094,0.23504998027356516,0.43346203119581517,0.0,0.3745639077968258,0.5328531144862214,0.2513388873730632,0.3117097987363282,0.3823261016296684,0.2231537249099198,0.37977524047769684,0.2446164141503565,0.4301367383835837,0.38708990244455177,0.2689902042257105,0.2688854073874489,0.27081942313878293,0.43537394976423704,0.43801527531311835,0.2520053225622422,0.2743865095787562
0.2992584547801803,0.4905918785528467,0.2157074325582472,0.25952612323838875,0.41002423141805444,0.46871957820113186,0.32689906470070595,0.26630878660381796,0.29473364830556825,0.26613103593251364,0.4242711702375741,0.25675720314260053,0.41291166703775284,0.250642447370504,0.2484370449640817,0.3330617897953574,0.4997753383650273,0.4019675299117276,0.34919228159428684,0.3290083037482412,0.3941006781897216,0.3864051258186988,0.4010214779938255,0.48510053127624997,0.48557970871995015,1.0,0.39945145692913764,0.2490860676632115,0.28349400600131147,0.2955086287337928,0.24546217707474427,0.4057947723609212,0.0,0.3809411992516346,0.47885754276441284,0.2549973592041669,0.31200222694563395,0.39839159754245823,0.21792566610521558,0.41062218778135573,0.25036184411275797,0.45530723088922076,0.4047632938898982,0.27188766162484534,0.26795214675694223,0.2653650497854154,0.46850872640766583,0.46713671376508514,0.25914752278859965,0.28420222312266563
0.30658712366824514,0.41128192833608046,0.2261926810797239,0.25655005083109395,0.4266277338099369,0.40074067912553,0.3480401531983044,0.2647231507170804,0.298948304604317,0.26944508060520067,0.4961168261972385,0.25726246923041474,0.5307559026643661,0.2568696727965365,0.2521179289124459,0.34587337382840344,0.3853619796059463,0.4956717262748528,0.44113191050298517,0.3504606552813292,0.5017186605529156,0.5058882820671385,0.5286263010220792,0.3944903096964476,0.3723068667120709,0.39945145692913764,1.0,0.2585130439119534,0.2971296592641888,0.2994931525251354,0.2457643996876142,0.4839256176311846,0.0,0.4909579690583308,0.4096381512610965,0.26315571669480664,0.3331735892368153,0.5765704873376696,0.22064141095481726,0.5352907054455633,0.25108804220643854,0.41579042226047547,0.6111580076351265,0.26797987572742954,0.2604854736177751,0.2832058459487188,0.41303342904360607,0.4132763664254271,0.2596379366103021,0.29805944200320056
0.2805779798702821,0.27414600507483666,0.21110817412217742,0.5096305633955329,0.2456184299040185,0.2655684736533259,0.2449925060475312,0.6898695334183655,0.26687747958099817,0.4957017246318902,0.26751479962753943,0.48064714288006916,0.25797481484698304,0.5077760731456065,0.4839616203551099,0.2466497196531907,0.2523490457014963,0.26502458946254115,0.23567483364648034,0.24637086072370884,0.2537962130517436,0.253757357925955,0.2644865213235781,0.25075620426497736,0.24088555854587768,0.2490860676632115,0.2585130439119534,1.0,0.3074366738483436,0.26412125029284317,0.46150493594107633,0.2603333459351401,0.0,0.246693817401744,0.25566853324256367,0.3980989893640381,0.23282279414604856,0.26998295029779507,0.3890792958517715,0.26189961035774456,0.47285003179683016,0.25965785181287226,0.26233530287853357,0.7720940938695491,0.7503863044591309,0.2897311689462513,0.2607890569938507,0.2610424834339373,0.44864742910832645,0.30033221041895064
0.33792653588250554,0.3046409908912866,0.24522250156201297,0.2986635354444671,0.28586783230733015,0.2991262038939738,0.28145883561494456,0.3042273760754808,0.32801713652670383,0.30933311323827906,0.3042180549186059,0.306801178800708,0.2971691265696197,0.3047682413519731,0.293115652950951,0.2815442476451029,0.28754036954073925,0.29496041980816423,0.2632135873972308,0.2830813577947465,0.2823258984577409,0.2851435719683264,0.2978260123760347,0.28237099241452157,0.27436829870008195,0.28349400600131147,0.2971296592641888,0.3074366738483436,1.0,0.32383853333150037,0.2857074133424331,0.29010223706236915,0.0,0.2877304237971652,0.2911688357719453,0.29869876907504456,0.2694058459185995,0.2948562619192405,0.2616154104425954,0.30055102535177136,0.2865639724232689,0.29081521803974797,0.29801851949765146,0.3065659168531131,0.30713963299809677,0.3960933791775304,0.2880656913690174,0.28801157739543026,0.29573379229433217,0.6252749903745443
0.38833187729897634,0.3018459284383631,0.2520875703839206,0.2702865817959087,0.2944137473916095,0.2929306332333047,0.2867974009966978,0.2741719123769645,0.40653167484391706,0.27794463346892373,0.30975824447273137,0.27194151983374826,0.3128299786419353,0.2614650503972791,0.2617209461429637,0.2955355610713776,0.2876963137183419,0.3010967294536726,0.2681674671329066,0.28751826787524326,0.2923513993246406,0.2903095876400308,0.297282124797545,0.2965568909970582,0.27438146344011094,0.2955086287337928,0.2994931525251354,0.26412125029284317,0.32383853333150037,1.0,0.2585912999637414,0.28912226325731605,0.0,0.2838670115484855,0.29180742308657537,0.2712545708404527,0.2779715462908946,0.29446600463020534,0.2370701519607462,0.31685692452155567,0.2657651450279229,0.30013005252657354,0.3070161335032615,0.2728846920754735,0.2677952300204073,0.31580539374969196,0.3024048126437837,0.3016251774525003,0.26375928371150825,0.3367378296205007
0.26065708538803534,0.2533026977586822,0.1951271405841507,0.49549231670582883,0.24944216895540294,0.24779443526189915,0.23045245664003744,0.4707701742758452,0.2695439261069007,0.5106181008004487,0.2525148368084793,0.4439540826465337,0.2518564703349073,0.48472216702029747,0.49424261412923975,0.2365793737021311,0.2376443545843031,0.24416721874658265,0.21945569555087507,0.23133662097833896,0.23563863754727032,0.23527168785660058,0.2447481207566391,0.24418401327838613,0.23504998027356516,0.24546217707474427,0.2457643996876142,0.46150493594107633,0.2857074133424331,0.2585912999637414,1.0,0.24621581109631552,0.0,0.23495987324059908,0.23727493428890978,0.39161861027951894,0.22336873081090158,0.24526791536068193,0.36196243490082647,0.2481328382445659,0.6562023446795568,0.238766164470944,0.24741648886899037,0.4744315912607009,0.4634100696472162,0.27569048382240047,0.2435075991232516,0.2438971280602783,0.42138797736203515,0.2847008768642766
0.315344591416035,0.4098683709180926,0.2204742240948132,0.27268028875880834,0.4379479434067529,0.41314128666806527,0.3369162001676417,0.2711602315602747,0.29323053897905893,0.2663541736736369,0.4708137881343105,0.2665268701775223,0.5043064081899886,0.2570139602039839,0.25941779190023473,0.33788376140776344,0.4411336567861134,0.46101774468914813,0.4511866433299512,0.3377370667836407,0.4670065861727005,0.48585729542782574,0.49464287934519613,0.4159139769924173,0.43346203119581517,0.4057947723609212,0.4839256176311846,0.2603333459351401,0.29010223706236915,0.28912226325731605,0.24621581109631552,1.0,0.0,0.47482873838310435,0.40479852785003867,0.257171276528416,0.3287693687564226,0.48570991912211525,0.23704544780467107,0.4985383493271116,0.25029755233654993,0.40537983718943316,0.5016696355062238,0.2703486632207628,0.27549758911445743,0.275822903074609,0.42312629709362615,0.4235304260318776,0.24646278396216714,0.28877805755992725
0.0,0.0,0.0,0.0,0.0,0.0,0.0,0.0,0.0,0.0,0.0,0.0,0.0,0.0,0.0,0.0,0.0,0.0,0.0,0.0,0.0,0.0,0.0,0.0,0.0,0.0,0.0,0.0,0.0,0.0,0.0,0.0,1.0,0.0,0.0,0.0,0.0,0.0,0.0,0.0,0.0,0.0,0.0,0.0,0.0,0.0,0.0,0.0,0.0,0.0
0.3019718388499468,0.3951834047388333,0.21770190850648297,0.24813565711705654,0.4122794378213267,0.4122025685180769,0.3397498567836642,0.2568198023104675,0.2886357584870861,0.2532234430824112,0.4737335714903702,0.25210047014910875,0.5239630109941238,0.24501914213738096,0.24372734395363416,0.33888810253037693,0.39538241425681975,0.4704997775608183,0.4276714101736727,0.340502561601543,0.49050663561887897,0.6184187757524554,0.6258297286020116,0.387058091772681,0.3745639077968258,0.3809411992516346,0.4909579690583308,0.246693817401744,0.2877304237971652,0.2838670115484855,0.23495987324059908,0.47482873838310435,0.0,1.0,0.403645679999873,0.26587874878271445,0.3221478227827099,0.47090879106517636,0.23975940682756225,0.49572274108429437,0.2354131208593958,0.39700398105595835,0.4989847107326171,0.2536236720480697,0.25531007993628063,0.2652359469164215,0.4021659397656778,0.403098326335234,0.2436560204969681,0.28922879467030504
0.3078346941504273,0.5638067364774026,0.2141950501887232,0.2575467131621607,0.3922796083089941,0.5711526102966137,0.34908320983166574,0.2644370166293202,0.29511505512837755,0.26359353855651935,0.4283777842428119,0.2623558376556361,0.41803404839047653,0.25262486552145913,0.25125963733735046,0.34463056658042057,0.46867644938477526,0.4149383323287924,0.37070042264135794,0.3467436326920855,0.4057062172704359,0.4011335509176611,0.4173214754510779,0.5527956213643939,0.5328531144862214,0.47885754276441284,0.4096381512610965,0.25566853324256367,0.2911688357719453,0.29180742308657537,0.23727493428890978,0.40479852785003867,0.0,0.403645679999873,1.0,0.2641824745267699,0.32568024218493297,0.39954107174753484,0.23634232234284847,0.41800785305119315,0.24259787974592528,0.4719079575101417,0.42063662536999646,0.25971840370960275,0.26296073568563705,0.27597660971820126,0.46533163469827854,0.46563515368564057,0.25164387313729797,0.2904897007781677
0.27742814696473095,0.26468767878156163,0.20778039356261913,0.40845011191781966,0.24680017252992703,0.27235541084430337,0.2561317478753087,0.40082705242669914,0.2795534848092832,0.4237996931194721,0.2777477254446702,0.3994101771647074,0.2572560089398539,0.4087969397749993,0.402673527375919,0.25954159296731294,0.26256084017738834,0.2764268387474229,0.2451561756976013,0.2566733273894457,0.26833776014276933,0.2569642905826457,0.26574837438872,0.2655430243040128,0.2513388873730632,0.2549973592041669,0.26315571669480664,0.3980989893640381,0.29869876907504456,0.2712545708404527,0.39161861027951894,0.257171276528416,0.0,0.26587874878271445,0.2641824745267699,1.0,0.24442273393491798,0.2584739985719897,0.38112625458673943,0.26882770697392167,0.3952262407673617,0.2610600768254495,0.2643730500872299,0.41055411663300345,0.40899883833917416,0.2850288018525333,0.2586972087735514,0.2577780775954792,0.4054677392941527,0.3016734279768215
0.29244710433579,0.322144177524307,0.20327364898641853,0.23801921864344666,0.30698135951411365,0.3299451076228236,0.7879956184225254,0.23818999341925184,0.2769241322592406,0.24302097042474657,0.33835767134855876,0.23431687675106627,0.32438952042337466,0.22962235645774176,0.2275592840858971,0.7428745872385276,0.31495920463533245,0.3608094950192403,0.3240082301937178,0.792964117075372,0.3532359294940106,0.3413170940393975,0.3612021134085036,0.3247823951723594,0.3117097987363282,0.31200222694563395,0.3331735892368153,0.23282279414604856,0.2694058459185995,0.2779715462908946,0.22336873081090158,0.3287693687564226,0.0,0.3221478227827099,0.32568024218493297,0.24442273393491798,1.0,0.31718690528669125,0.20913386547160429,0.3312006291150025,0.22414559112283639,0.3230860355114896,0.33584422660756275,0.23924914309237766,0.23936007960977423,0.2494800594537564,0.319126119506735,0.31906682975565626,0.22984958838189162,0.26974575579476356
0.31580274163849664,0.42271922694477004,0.22559583396857807,0.25770800848399644,0.4516605703043697,0.4138854372912365,0.3316831155842087,0.28124053268198745,0.2894677654451454,0.27210891367715473,0.4824661259894564,0.2645180962824012,0.5017632717787771,0.25895048022067935,0.2537200609581486,0.33394216763301054,0.38369736554741285,0.4617593356708729,0.4186865679037901,0.3349129313905913,0.4735931313616847,0.4796247533774607,0.48923228000921015,0.394648046449647,0.3823261016296684,0.39839159754245823,0.5765704873376696,0.26998295029779507,0.2948562619192405,0.29446600463020534,0.24526791536068193,0.48570991912211525,0.0,0.47090879106517636,0.39954107174753484,0.2584739985719897,0.31718690528669125,1.0,0.2353296739963141,0.5203664316966142,0.25038963493410604,0.41333028714752074,0.6222398283963843,0.28021260899121136,0.2775438765273627,0.2836792861517331,0.4246226164743656,0.42539478129538055,0.2658707996247959,0.29741463026956527
0.24518717988373706,0.22610191427475912,0.18346857602807565,0.3868137090514142,0.22747171391826138,0.25077556509784704,0.22100003172052785,0.393457822891074,0.2449472971291189,0.4023974754162205,0.2340886349472323,0.3907050872010911,0.22673448262023366,0.3859520452688069,0.38916977191980817,0.22252554137833502,0.2344272789380316,0.23553415073463646,0.21116601258118128,0.21938857114591304,0.2288863865339168,0.2257209651855836,0.2365462332315852,0.2335599827223891,0.2231537249099198,0.21792566610521558,0.22064141095481726,0.3890792958517715,0.2616154104425954,0.2370701519607462,0.36196243490082647,0.23704544780467107,0.0,0.23975940682756225,0.23634232234284847,0.38112625458673943,0.20913386547160429,0.2353296739963141,1.0,0.23138184198551803,0.3677886418366628,0.23495359328589682,0.23015858797209576,0.3972992002096163,0.39984849027055647,0.24873021987346,0.232622411900276,0.2306984592629686,0.37191486054226264,0.25872971535352385
0.31607650261206555,0.42099713472583467,0.2331854140752202,0.25476160370496304,0.44265924660713984,0.4151942385271622,0.3497643801201512,0.27007611038289336,0.30529598695292437,0.2734675843521974,0.5174659912987931,0.2619310171206344,0.5410616750607438,0.25587915336114797,0.253762629943335,0.3497207677002673,0.3949420831275885,0.4896508754473583,0.4433544408191593,0.3530732660117213,0.5019722472218293,0.5095353210920437,0.517879357946947,0.4007137238930042,0.37977524047769684,0.41062218778135573,0.5352907054455633,0.26189961035774456,0.30055102535177136,0.31685692452155567,0.2481328382445659,0.4985383493271116,0.0,0.49572274108429437,0.41800785305119315,0.26882770697392167,0.3312006291150025,0.5203664316966142,0.23138184198551803,1.0,0.25001253138588597,0.42930555439914375,0.5444995446848392,0.26805277362284863,0.27073439363742535,0.29005237256092176,0.44494404029668067,0.44511830758112136,0.2602649422493757,0.31026026348370883
