../ecoli_genomes/GCF_000163235.1_ASM16323v1_genomic.fna.gz,../ecoli_genomes/GCF_000164555.1_ASM16455v1_genomic.fna.gz,../ecoli_genomes/GCF_000208545.1_ASM20854v2_genomic.fna.gz,../ecoli_genomes/GCF_000233875.1_ASM23387v1_genomic.fna.gz,../ecoli_genomes/GCF_000249735.1_ASM24973v2_genomic.fna.gz,../ecoli_genomes/GCF_000261145.1_Esch_coli_M919_V2_genomic.fna.gz,../ecoli_genomes/GCF_000267705.2_ASM26770v2_genomic.fna.gz,../ecoli_genomes/GCF_000350665.1_Esch_coli_KTE5_V1_genomic.fna.gz,../ecoli_genomes/GCF_000351625.1_Esch_coli_KTE66_V1_genomic.fna.gz,../ecoli_genomes/GCF_000352285.1_Esch_coli_KTE46_V1_genomic.fna.gz,../ecoli_genomes/GCF_000358895.1_ASM35889v1_genomic.fna.gz,../ecoli_genomes/GCF_000456385.1_Esch_coli_HVH_26_4-5703913_V1_genomic.fna.gz,../ecoli_genomes/GCF_000458195.1_Esch_coli_HVH_147_4-5893887_V1_genomic.fna.gz,../ecoli_genomes/GCF_000459755.1_Esch_coli_KOEGE_58_171a_V1_genomic.fna.gz,../ecoli_genomes/GCF_000460055.1_Esch_coli_UMEA_3053-1_V1_genomic.fna.gz,../ecoli_genomes/GCF_000462165.2_ASM46216v2_genomic.fna.gz,../ecoli_genomes/GCF_000601135.1_ASM60113v1_genomic.fna.gz,../ecoli_genomes/GCF_000614595.1_Ec2010EL1058_genomic.fna.gz,../ecoli_genomes/GCF_000617745.1_Ec2010C-4529_genomic.fna.gz,../ecoli_genomes/GCF_000618265.2_EcF6751_genomic.fna.gz,../ecoli_genomes/GCF_000619005.2_Ec2009C-4052_genomic.fna.gz,../ecoli_genomes/GCF_000619105.1_Ec2009C-4780_genomic.fna.gz,../ecoli_genomes/GCF_000619765.2_Ec2009C-3279_genomic.fna.gz,../ecoli_genomes/GCF_000687005.1_ASM68700v1_genomic.fna.gz,../ecoli_genomes/GCF_000687025.1_ASM68702v1_genomic.fna.gz,../ecoli_genomes/GCF_000700125.1_ASM70012v1_genomic.fna.gz,../ecoli_genomes/GCF_000753315.1_FHI35_genomic.fna.gz,../ecoli_genomes/GCF_000776375.1_ASM77637v1_genomic.fna.gz,../ecoli_genomes/GCF_000779395.1_ASM77939v1_genomic.fna.gz,../ecoli_genomes/GCF_000780315.1_ASM78031v1_genomic.fna.gz,../ecoli_genomes/GCF_000781995.1_ASM78199v1_genomic.fna.gz,../ecoli_genomes/GCF_000986765.1_ASM98676v1_genomic.fna.gz,../ecoli_genomes/GCF_001041375.1_ViralProj287958_genomic.fna.gz,../ecoli_genomes/GCF_001265335.1_302014_genomic.fna.gz,../ecoli_genomes/GCF_001265625.1_100854_genomic.fna.gz,../ecoli_genomes/GCF_001267345.1_303289_genomic.fna.gz,../ecoli_genomes/GCF_001309985.1_ASM130998v1_genomic.fna.gz,../ecoli_genomes/GCF_001521695.1_ASM152169v1_genomic.fna.gz,../ecoli_genomes/GCF_001592595.1_ASM159259v1_genomic.fna.gz,../ecoli_genomes/GCF_001614975.1_ASM161497v1_genomic.fna.gz,../ecoli_genomes/GCF_001692775.1_ASM169277v1_genomic.fna.gz,../ecoli_genomes/GCF_001748915.1_ASM174891v1_genomic.fna.gz,../ecoli_genomes/GCF_001749235.1_ASM174923v1_genomic.fna.gz,../ecoli_genomes/GCF_001881155.1_ASM188115v1_genomic.fna.gz,../ecoli_genomes/GCF_001881345.1_ASM188134v1_genomic.fna.gz,../ecoli_genomes/GCF_001892405.1_ASM189240v1_genomic.fna.gz,../ecoli_genomes/GCF_001892585.1_ASM189258v1_genomic.fna.gz,../ecoli_genomes/GCF_001893985.1_ASM189398v1_genomic.fna.gz,../ecoli_genomes/GCF_002001595.1_ASM200159v1_genomic.fna.gz,../ecoli_genomes/GCF_002002145.1_ASM200214v1_genomic.fna.gz
1.0,0.31927993851523007,0.2514959216543544,0.2837619129052251,0.30248852925816594,0.30919418299889934,0.30281085600435553,0.2871658048628041,0.39317331868638594,0.29567339222980915,0.32795993094861153,0.2813890881421526,0.31590491180924685,0.2783142442272565,0.2656376013120447,0.3094771278217341,0.2890014785303876,0.3092106170284906,0.2769226526245824,0.3029480495735667,0.29832100069955336,0.2936285947548807,0.3138899769796555,0.2986736418775022,0.2987695340088258,0.25920646541760106,0.31112811699867926,0.2799484271596486,0.33708043269634913,0.3866724165397314,0.2638093274474709,0.3050146726234524,0.0,0.3075865349588057,0.30721849584617056,0.2707032903147103,0.2906506907120505,0.32113485187778246,0.23268031886318807,0.31437826423566995,0.27078954969075075,0.30550114263093087,0.3189854179263868,0.2872860855008784,0.29692993297150316,0.3094776419663008,0.3051168615313484,0.3054261362914553,0.2744937341854923,0.3449809315620288
0.31927993851523007,1.0,0.22975197742904163,0.2718179006301189,0.38661294293938353,0.5456245004215912,0.3480024627847792,0.27686384253204965,0.2960602811183486,0.28171204578701237,0.4236625933211646,0.2778611077537625,0.4100923439723678,0.2662168011210969,0.2546643114015963,0.3470034416431149,0.4455867488609486,0.4136526629459901,0.35609426911095954,0.3491544682633566,0.4008652268614662,0.38738332211541204,0.41235023402311355,0.5187957066622321,0.5386901582034349,0.39033378997244617,0.4155061500323254,0.2792811740975364,0.304700550051325,0.3044861378811986,0.2583382325594593,0.39933299977782455,0.0,0.4007445297165222,0.5607759096307765,0.2565076900756065,0.33082410448497,0.42611876696916495,0.1853743710477599,0.4195792653794742,0.25646019095686723,0.47445273511768116,0.4229530545212552,0.28546803710751234,0.286001332193871,0.28371660899365503,0.4835012288760385,0.4828776344707263,0.2800476912268308,0.3011914996268428
0.2514959216543544,0.22975197742904163,1.0,0.20121532913175055,0.2047500540085867,0.2170379106413518,0.21134449974652303,0.20641891678155055,0.2411541058847534,0.2067510005554083,0.22757541645066093,0.20194053437914927,0.22046155225033603,0.20294386934658148,0.19746168298360767,0.2148132483110966,0.20634696225387794,0.2190452765518901,0.1902500077865924,0.21343311052705927,0.21568579240312613,0.2086893621444873,0.22016414243328708,0.2052798510956595,0.2098856001333964,0.17636484002571462,0.22072514853137715,0.20570256568876766,0.24281903214002898,0.24840001358734554,0.19317824841806053,0.21615519401210015,0.0,0.21860786885730987,0.2133843468302109,0.20017851595278335,0.20242905851555737,0.2213367868727022,0.14261682737425518,0.2262522573013157,0.19746273733822517,0.2224638800997103,0.22682701225312363,0.21070925965973364,0.20524643444439428,0.22359563818495498,0.2277606351672099,0.22687765734971355,0.20955404836419944,0.2459650386414578
0.2837619129052251,0.2718179006301189,0.20121532913175055,1.0,0.29146486853378095,0.2718939269546592,0.24905324997214795,0.4989033111346095,0.2890970245043294,0.5274134310352242,0.271170969308535,0.5049004812040838,0.2780600937859148,0.5391871667144315,0.5541077667076493,0.2681546318570941,0.2556578186934674,0.2616580902261858,0.22814872062008162,0.24971587758327884,0.25280134153588707,0.2404089718173027,0.26390691624371454,0.26393872032641563,0.2719638334735984,0.23284311638014454,0.26324751526218626,0.5206291675757322,0.3010117203381999,0.2758224771594454,0.5102818054105378,0.2823443840932871,0.0,0.2511734086030013,0.26071727446300275,0.40679912267809104,0.24804292095180058,0.25968095129929103,0.3187296581296143,0.2582281648556166,0.5350145702841855,0.2630631339204399,0.26571136877811763,0.5188753603420504,0.5145009969257303,0.2929082816520485,0.2567054157605836,0.2571965266877799,0.45096202067080926,0.3121679240587921
0.30248852925816594,0.38661294293938353,0.2047500540085867,0.29146486853378095,1.0,0.41931730350741114,0.3128310843160954,0.284588299539704,0.3164418795021209,0.28855674891755057,0.5125610037298152,0.2704953626019825,0.4672074374862486,0.2669866674208342,0.2897093966961598,0.3535477996268789,0.4281427845887552,0.40981166125129487,0.36306418049067324,0.31353259798045985,0.4138341015783177,0.390236872976211,0.4169056907905333,0.4403818656015124,0.4318108000293044,0.36559693096073886,0.42624445037592107,0.25315431893000595,0.287059130033002,0.30228663781970655,0.27222633892223236,0.4681594025165893,0.0,0.42126169707920813,0.39732098475638933,0.24565691874518092,0.3161001052028759,0.44138372647117796,0.18464371834860616,0.43666214563960415,0.28793089699168184,0.4011827028039934,0.44830725271308236,0.265440872592678,0.2723244605495043,0.26775561951484017,0.4111445519250482,0.4121509782332342,0.25428414646274766,0.28563385655994766
0.30919418299889934,0.5456245004215912,0.2170379106413518,0.2718939269546592,0.41931730350741114,1.0,0.3586598944283713,0.28723104605048977,0.29745321727304885,0.2730233662118845,0.41788867285006126,0.2727199760957524,0.41357963599974146,0.26219324267976574,0.2632159926703832,0.3621613993877205,0.45085023862855056,0.4145141470358277,0.36073860045443384,0.3561549008685714,0.3933504571142188,0.3822084785993717,0.4146410410606881,0.5246601802665557,0.5505182372803745,0.39405512585365865,0.40304776153752686,0.2702941653222949,0.30390672551950115,0.29651492806934643,0.25439427528289293,0.410568115604382,0.0,0.4150130902515833,0.5553858782820762,0.26889959596738566,0.34566988176090097,0.41597529095754116,0.20598112463605744,0.4154918314322168,0.26103506417364064,0.4782086084183663,0.42190204916635077,0.2752485591810022,0.27702017209515584,0.2776345674921823,0.47410367139874887,0.4771997287999632,0.26496638234942527,0.3074731767061656
0.30281085600435553,0.3480024627847792,0.21134449974652303,0.24905324997214795,0.3128310843160954,0.3586598944283713,1.0,0.25216516309470505,0.2930623348924912,0.2503594333630281,0.3531591512418596,0.24453729808174918,0.3408004259834223,0.24436597222837775,0.23689811818864026,0.7503423172628676,0.3197911223896833,0.3752526188958708,0.3309093623636684,0.8534972394913866,0.37341638523046605,0.35109003702542607,0.38092820997871657,0.3262336561484749,0.3329555745467272,0.28540196608508783,0.35152284724249805,0.24846772982297238,0.28850910094085536,0.2937205867948848,0.23406107145221677,0.3351469517348554,0.0,0.3491551933384992,0.3562551633856885,0.26180127375368745,0.7820972915621885,0.3366917187347984,0.18921589147802753,0.3523317282706647,0.2334889717528984,0.3436985374455356,0.3521906269884215,0.25195514510021877,0.2521184125766607,0.2627660127930149,0.3407349883291094,0.3399392312351802,0.24525975358518393,0.2960178723822058
0.2871658048628041,0.27686384253204965,0.20641891678155055,0.4989033111346095,0.284588299539704,0.28723104605048977,0.25216516309470505,1.0,0.2845246404121,0.5011320661780513,0.2741431909548562,0.48328847165316036,0.28191757191067524,0.4831502702366295,0.4713045326917987,0.2664963007370337,0.25648935348059954,0.2652764216454766,0.23623586326447776,0.25230643053305046,0.25550274767817394,0.24989467969713985,0.2661476208388298,0.27387618759010135,0.2749650866969916,0.23885070270935627,0.2682349841686955,0.6819248806340218,0.31093144445828813,0.2755325786269689,0.4744063591910821,0.2760593191192928,0.0,0.2636115797135271,0.2664999920796436,0.40358639361405657,0.2488981505632496,0.28705275012794906,0.3154666745054744,0.2722233100853845,0.4826033543589655,0.27134762132532997,0.27369698241310514,0.6885936910891957,0.664414960394683,0.29734904324011846,0.26566732038043384,0.2659803236319441,0.444343828299943,0.31506450747221104
0.39317331868638594,0.2960602811183486,0.2411541058847534,0.2890970245043294,0.3164418795021209,0.29745321727304885,0.2930623348924912,0.2845246404121,1.0,0.29388713938780686,0.31569205254817445,0.2707449666904025,0.3145288041575577,0.27759412633930136,0.2817936457309449,0.31338821957344043,0.28353786665973013,0.2979110066702503,0.25828773108213754,0.29641144075388126,0.28817840368593284,0.2803119925474481,0.29995175746977576,0.29558821565402016,0.2933789882686417,0.25363159645093203,0.305303705362846,0.2685415723393947,0.32537868541666926,0.4084340252799892,0.27295907961198784,0.30159702504566255,0.0,0.29139075669110603,0.29168073359543734,0.26965197728598433,0.2891020591318769,0.29655337085089317,0.19663714715759517,0.3058362419713445,0.277137111820425,0.2972668397195497,0.31123238899702443,0.27459187454577816,0.2706187461905625,0.3035005237706906,0.29647905858862966,0.29630773798570287,0.2665805743530807,0.3381869698537865
0.29567339222980915,0.28171204578701237,0.2067510005554083,0.5274134310352242,0.28855674891755057,0.2730233662118845,0.2503594333630281,0.5011320661780513,0.29388713938780686,1.0,0.2833948741780633,0.48006612235830315,0.2880183208761047,0.5097226332281115,0.49657613400032685,0.2695955119857769,0.25379424304001086,0.2672374516655054,0.23359539233962523,0.25203804399080165,0.2527192148878624,0.24853797798818023,0.26188428430621924,0.26646874228156114,0.2704460573708597,0.23480241079378383,0.2682707156996259,0.5003539036201092,0.3100490711825883,0.2810862560144374,0.521241821142439,0.27235433163006717,0.0,0.2589604487579773,0.2622090570136557,0.4174639856975235,0.2491860222399861,0.26867784448314835,0.32756786534682136,0.2692195507300589,0.5324632359798036,0.2659047705985247,0.27095315610253556,0.5075145067240846,0.5064847687131385,0.29340266763210565,0.2628468217770039,0.26192790321317927,0.47089093849970787,0.3121587039581023
0.32795993094861153,0.4236625933211646,0.22757541645066093,0.271170969308535,0.5125610037298152,0.41788867285006126,0.3531591512418596,0.2741431909548562,0.31569205254817445,0.2833948741780633,1.0,0.2662098249649727,0.5249202525743006,0.2704774553090721,0.2626724574456861,0.3593666827509958,0.38283753557364253,0.48625766777602075,0.43745770669841944,0.35684049149941444,0.47922862251694753,0.4844805028439686,0.49378418964850623,0.3996389780398596,0.39221531529040177,0.3512461168801665,0.5038192352278086,0.2734509363320611,0.30723901708599954,0.3128053701163479,0.2602531328028368,0.4675588027830724,0.0,0.47549267220435887,0.4273710808597444,0.2737377976843326,0.33855930834582737,0.49060169322247604,0.20167281417555516,0.5202606852294234,0.26248181062142784,0.43856139005253936,0.5103608539023634,0.2760182951356812,0.2760959635678566,0.28841147279218604,0.4407578375860254,0.4391634646238751,0.2770148586657436,0.31489602051624543
0.2813890881421526,0.2778611077537625,0.20194053437914927,0.5049004812040838,0.2704953626019825,0.2727199760957524,0.24453729808174918,0.48328847165316036,0.2707449666904025,0.48006612235830315,0.2662098249649727,1.0,0.2673386241003527,0.49322056234677425,0.593951560520069,0.25554523937710605,0.24686572513491645,0.2539583009457266,0.2277530207213262,0.24505183139494047,0.24920578289309137,0.24316920492870708,0.25683929259722904,0.25954830843393384,0.2600709802544299,0.22374253203767114,0.25844658742426896,0.4868450489773535,0.30800022532247917,0.2682501053516908,0.4497614611596964,0.26430367982188707,0.0,0.25560025739420245,0.25889828823604444,0.39279549894213595,0.24182990191901,0.26568467994765665,0.3120868966460547,0.2573801971249513,0.47072056576058197,0.2596551622191797,0.2675429674486812,0.48811411957163897,0.4873317435267829,0.2902083369110249,0.2610554626121706,0.26175508504433087,0.42519417528373493,0.30292782341297764
0.31590491180924685,0.4100923439723678,0.22046155225033603,0.2780600937859148,0.4672074374862486,0.41357963599974146,0.3408004259834223,0.28191757191067524,0.3145288041575577,0.2880183208761047,0.5249202525743006,0.2673386241003527,1.0,0.26500245473555684,0.27425072751440593,0.3612939462026824,0.3810178520918256,0.48587085284374887,0.5053931750372651,0.3433185631110427,0.4956333358359084,0.5594521443535145,0.5437559446528416,0.3994878328024264,0.3930699558491957,0.3438317084870074,0.5230424933508587,0.2670186304152721,0.29644807438947096,0.31592752467142526,0.2636090027731416,0.5257553688891554,0.0,0.5197157816347485,0.41651798453497313,0.2607210532375851,0.33834149879274156,0.49576868316363265,0.18802438392126075,0.536326504192444,0.2701245772239509,0.4199220268211844,0.521268515254467,0.27070866974979557,0.2688486620727647,0.2778464788007703,0.4267378787669561,0.42519474926595313,0.26478710301160846,0.3026208361050069
0.2783142442272565,0.2662168011210969,0.20294386934658148,0.5391871667144315,0.2669866674208342,0.26219324267976574,0.24436597222837775,0.4831502702366295,0.27759412633930136,0.5097226332281115,0.2704774553090721,0.49322056234677425,0.26500245473555684,1.0,0.5381851577660227,0.25205056190904684,0.2404251635122968,0.25981449144230273,0.22852550239221092,0.24641256154962432,0.2427115878274836,0.24328374725528534,0.2585257185646156,0.2419535072925073,0.24781274168960432,0.21419443377899272,0.2602926655884812,0.516135433200335,0.30754631001012556,0.26788995524956105,0.5001148919588732,0.2621011295604816,0.0,0.2543251042934145,0.2540451989133523,0.40455957240319096,0.2381161291588605,0.26335078209991636,0.3161390701278797,0.25881373844731614,0.5171802084928327,0.2577232244368789,0.26550790552339,0.511997419091544,0.5047338461795474,0.29597868739773225,0.2547824933143519,0.25479120120363596,0.4593318460381811,0.3118391544399003
0.2656376013120447,0.2546643114015963,0.19746168298360767,0.5541077667076493,0.2897093966961598,0.2632159926703832,0.23689811818864026,0.4713045326917987,0.2817936457309449,0.49657613400032685,0.2626724574456861,0.593951560520069,0.27425072751440593,0.5381851577660227,1.0,0.2603436735995389,0.24635265879383073,0.24886047796003663,0.21835278324278207,0.23904165976871317,0.2391917110664652,0.23611565632472153,0.2526839894361579,0.256962522932771,0.2625989062623705,0.23101114524173794,0.2528720654335296,0.4788677237970196,0.29176636542415557,0.26337769156217006,0.4976213363152232,0.2704882612261298,0.0,0.2478352710601317,0.2508382360548993,0.3956749487630895,0.2394219838906353,0.2548704494034727,0.3107216736652957,0.2511988983453549,0.5161437365244389,0.2518010708122419,0.2586545877466563,0.4796326342001619,0.47402157374671416,0.2856416969789347,0.2528820746031113,0.2534598602804522,0.4314615621064528,0.3090642714704531
0.3094771278217341,0.3470034416431149,0.2148132483110966,0.2681546318570941,0.3535477996268789,0.3621613993877205,0.7503423172628676,0.2664963007370337,0.31338821957344043,0.2695955119857769,0.3593666827509958,0.25554523937710605,0.3612939462026824,0.25205056190904684,0.2603436735995389,1.0,0.33027373660597203,0.36228430049344384,0.3240896243314988,0.7631807984485266,0.35598072214705734,0.34515352370912755,0.3680335983504638,0.34595832526100956,0.3535648947087714,0.31206591332605704,0.34895911737114904,0.25086769727147296,0.28753310089926754,0.3093522128052205,0.25477687989052666,0.34816478663956163,0.0,0.3444072762826189,0.35258928846356863,0.2568263480714903,0.7338945006124129,0.3385307137530793,0.17983358154777118,0.35047044771422053,0.2566761774047883,0.3453882986346014,0.3528425497088359,0.25586176895504054,0.25726116034273727,0.2675392279759732,0.34421572706488857,0.3438054036019229,0.2498055675947345,0.29607267705041296
0.2890014785303876,0.4455867488609486,0.20634696225387794,0.2556578186934674,0.4281427845887552,0.45085023862855056,0.3197911223896833,0.25648935348059954,0.28353786665973013,0.25379424304001086,0.38283753557364253,0.24686572513491645,0.3810178520918256,0.2404251635122968,0.24635265879383073,0.33027373660597203,1.0,0.3699184032527103,0.32398241912827397,0.3136987379792282,0.36305544279095425,0.3539490692405619,0.3796942312844407,0.5293373000533047,0.4907424539392331,0.4025446025700645,0.3696152389368563,0.2426503473656595,0.29112799168791303,0.27938102942088505,0.23648808913394426,0.42985582147753776,0.0,0.3819838308794705,0.4566852468730874,0.24525094573415496,0.30969876458773804,0.3702563232985878,0.17463104645192928,0.3751419005824991,0.24252173682919964,0.42538590666843834,0.3814518698481205,0.25226594467811037,0.2605641802076635,0.25386935040906733,0.4444234489527844,0.44654208813135154,0.23630053336309298,0.27870168782020854
0.3092106170284906,0.4136526629459901,0.2190452765518901,0.2616580902261858,0.40981166125129487,0.4145141470358277,0.3752526188958708,0.2652764216454766,0.2979110066702503,0.2672374516655054,0.48625766777602075,0.2539583009457266,0.48587085284374887,0.25981449144230273,0.24886047796003663,0.36228430049344384,0.3699184032527103,1.0,0.460220658700214,0.3763847745527157,0.5077192072899795,0.4992469695049133,0.5295528101607767,0.3802827706698728,0.37506794666586685,0.327255217745156,0.4959457111080864,0.2667589462514187,0.2990997518994919,0.3046975250298092,0.24753293039564894,0.4538671360349562,0.0,0.47914719346722534,0.41146571379854024,0.2750575428840062,0.3619911341259934,0.4645539250472609,0.19458935507103692,0.49653194323235306,0.24704742532300994,0.4189883451354086,0.4893819970556724,0.2669715652583936,0.2650861178345496,0.2741665306870177,0.4257945803098757,0.4253424679653831,0.26036366223052565,0.3007955742709463
0.2769226526245824,0.35609426911095954,0.1902500077865924,0.22814872062008162,0.36306418049067324,0.36073860045443384,0.3309093623636684,0.23623586326447776,0.25828773108213754,0.23359539233962523,0.43745770669841944,0.2277530207213262,0.5053931750372651,0.22852550239221092,0.21835278324278207,0.3240896243314988,0.32398241912827397,0.460220658700214,1.0,0.3292769609473021,0.4527490919566206,0.5193316603996982,0.4588636236539013,0.33270087036596563,0.33398337070237094,0.2906611038632868,0.43284600176859855,0.2331901627943408,0.25967097835686836,0.26205983108377184,0.21916142245848813,0.4562844856548721,0.0,0.42256646990343005,0.3676374999116927,0.23922570544502086,0.3170301370572022,0.41117619960725604,0.16848439845132213,0.4361809120317053,0.21798496305282844,0.3651833739265322,0.42811820525509237,0.2379680705426338,0.23800940734137443,0.2442863590774641,0.36672535892681635,0.3670823403757062,0.22728279470354606,0.2654674413982997
0.3029480495735667,0.3491544682633566,0.21343311052705927,0.24971587758327884,0.31353259798045985,0.3561549008685714,0.8534972394913866,0.25230643053305046,0.29641144075388126,0.25203804399080165,0.35684049149941444,0.24505183139494047,0.3433185631110427,0.24641256154962432,0.23904165976871317,0.7631807984485266,0.3136987379792282,0.3763847745527157,0.3292769609473021,1.0,0.3730505808061384,0.3524309586772617,0.38024898156550535,0.32213593982057165,0.33096708717674994,0.2841204489500566,0.35482891468097877,0.25111433592640964,0.2915837510817624,0.29732380029154026,0.23662416894085603,0.33402361540012737,0.0,0.3458781344799913,0.35163920255849357,0.2612013520168035,0.7887334580280634,0.3391421050914306,0.1830835894541376,0.35566896053721253,0.23568055314928127,0.34482424413243373,0.355564432975376,0.25146600964551047,0.25027995680215065,0.2660446055975586,0.34351514600281174,0.34258367331753015,0.24895878267233118,0.2994097203048436
0.29832100069955336,0.4008652268614662,0.21568579240312613,0.25280134153588707,0.4138341015783177,0.3933504571142188,0.37341638523046605,0.25550274767817394,0.28817840368593284,0.2527192148878624,0.47922862251694753,0.24920578289309137,0.4956333358359084,0.2427115878274836,0.2391917110664652,0.35598072214705734,0.36305544279095425,0.5077192072899795,0.4527490919566206,0.3730505808061384,1.0,0.49832354836817583,0.5368068950855502,0.3689869479720609,0.3698738211888424,0.32481114078520545,0.5039415623015864,0.2570832788882996,0.28551860797285267,0.29596674331123807,0.23701270275209707,0.4663100470966943,0.0,0.4960810498850057,0.40208195202619945,0.26359916875502587,0.3526722515556677,0.47764297921951326,0.1851252438762454,0.51429999792974,0.24132911078410957,0.3982362916389768,0.5000887943130549,0.2560081785499134,0.2568479136714693,0.274475091351002,0.4193508481988527,0.4181555606703232,0.2514839348611455,0.29416877224532967
0.2936285947548807,0.38738332211541204,0.2086893621444873,0.2404089718173027,0.390236872976211,0.3822084785993717,0.35109003702542607,0.24989467969713985,0.2803119925474481,0.24853797798818023,0.4844805028439686,0.24316920492870708,0.5594521443535145,0.24328374725528534,0.23611565632472153,0.34515352370912755,0.3539490692405619,0.4992469695049133,0.5193316603996982,0.3524309586772617,0.49832354836817583,1.0,0.698594335126357,0.3556310759041089,0.3607292541917009,0.3142895597644363,0.49676410591516673,0.2497240444153086,0.28220764948195143,0.28686685709811555,0.23349514918754877,0.48501448498456956,0.0,0.6030450056687756,0.3931811365471999,0.251973523483888,0.33712630840682933,0.4714199132532757,0.1795690664525571,0.5059500950879326,0.23234077244114515,0.3912457517253013,0.4975556071742183,0.25090063813033525,0.24696837919301196,0.26436005503427895,0.4027721427527525,0.40162832319043307,0.24745119461822307,0.28985085742074457
0.3138899769796555,0.41235023402311355,0.22016414243328708,0.26390691624371454,0.4169056907905333,0.4146410410606881,0.38092820997871657,0.2661476208388298,0.29995175746977576,0.26188428430621924,0.49378418964850623,0.25683929259722904,0.5437559446528416,0.2585257185646156,0.2526839894361579,0.3680335983504638,0.3796942312844407,0.5295528101607767,0.4588636236539013,0.38024898156550535,0.5368068950855502,0.698594335126357,1.0,0.3774092199597123,0.38485485985289025,0.3321086376915592,0.5324241102583829,0.2657632765628829,0.29972310403159486,0.30075664962635473,0.24830195501082786,0.49208409995928937,0.0,0.641677995577254,0.41499668508948784,0.2693508803193183,0.36192787130673565,0.4956761061574084,0.19194285863289262,0.5268913745639687,0.2501573102490785,0.4151854852218013,0.5182354975366579,0.26583833039656246,0.2637844585140101,0.27795152393316624,0.4234179276561525,0.4232565572001007,0.26233617121834163,0.30380113625553085
0.2986736418775022,0.5187957066622321,0.2052798510956595,0.26393872032641563,0.4403818656015124,0.5246601802665557,0.3262336561484749,0.27387618759010135,0.29558821565402016,0.26646874228156114,0.3996389780398596,0.25954830843393384,0.3994878328024264,0.2419535072925073,0.256962522932771,0.34595832526100956,0.5293373000533047,0.3802827706698728,0.33270087036596563,0.32213593982057165,0.3689869479720609,0.3556310759041089,0.3774092199597123,1.0,0.5577021760700929,0.39951922828032604,0.3814022304506912,0.2443001912641647,0.2932104628786323,0.29007156116596144,0.249352403104383,0.4141033560021914,0.0,0.3772484045439036,0.5419049651591152,0.24496354077258387,0.31783010477062545,0.3815170283367928,0.17838604978018324,0.3844670005072185,0.25321748006822287,0.44684453144785186,0.3872281624562133,0.2553241383019986,0.2646081397871296,0.2589852857827819,0.4426949885556982,0.4423566938686173,0.244506681101618,0.28096218471127266
0.2987695340088258,0.5386901582034349,0.2098856001333964,0.2719638334735984,0.4318108000293044,0.5505182372803745,0.3329555745467272,0.2749650866969916,0.2933789882686417,0.2704460573708597,0.39221531529040177,0.2600709802544299,0.3930699558491957,0.24781274168960432,0.2625989062623705,0.3535648947087714,0.4907424539392331,0.37506794666586685,0.33398337070237094,0.33096708717674994,0.3698738211888424,0.3607292541917009,0.38485485985289025,0.5577021760700929,1.0,0.4423372485456022,0.3771517288023045,0.25018553375278574,0.280480097629489,0.2870634895615931,0.25669518387443524,0.4248579519502186,0.0,0.3778664470677685,0.5514819459237748,0.24277440223228341,0.32745762097181064,0.38652055605499125,0.18337123414795586,0.3818396743111204,0.25648389286318996,0.44504175042906524,0.3947495524341752,0.27427366717460244,0.272215194786378,0.2616477899426325,0.4480241496476035,0.44976388839509707,0.2610907598084441,0.2779175030585863
0.25920646541760106,0.39033378997244617,0.17636484002571462,0.23284311638014454,0.36559693096073886,0.39405512585365865,0.28540196608508783,0.23885070270935627,0.25363159645093203,0.23480241079378383,0.3512461168801665,0.22374253203767114,0.3438317084870074,0.21419443377899272,0.23101114524173794,0.31206591332605704,0.4025446025700645,0.327255217745156,0.2906611038632868,0.2841204489500566,0.32481114078520545,0.3142895597644363,0.3321086376915592,0.39951922828032604,0.4423372485456022,1.0,0.32991130845807703,0.2179520599442667,0.2352847563129431,0.25228652424340137,0.21895838386298283,0.3471595399853422,0.0,0.33175068469964664,0.4099294772994465,0.21502230910161158,0.2826571643180579,0.338637588694481,0.16050562598389062,0.3376767418060711,0.22301698224520106,0.384848405162025,0.3381303818403729,0.2384996084706923,0.23776685915173013,0.22219677469322252,0.39733466444264476,0.40804958677149006,0.22342308681921985,0.23957746859831952
0.31112811699867926,0.4155061500323254,0.22072514853137715,0.26324751526218626,0.42624445037592107,0.40304776153752686,0.35152284724249805,0.2682349841686955,0.305303705362846,0.2682707156996259,0.5038192352278086,0.25844658742426896,0.5230424933508587,0.2602926655884812,0.2528720654335296,0.34895911737114904,0.3696152389368563,0.4959457111080864,0.43284600176859855,0.35482891468097877,0.5039415623015864,0.49676410591516673,0.5324241102583829,0.3814022304506912,0.3771517288023045,0.32991130845807703,1.0,0.2663825693419847,0.30112260153028725,0.30568572385668646,0.24987787061589073,0.48771325330040827,0.0,0.4945482736484933,0.41073286418616584,0.2608876939429431,0.33666825296693914,0.5854900084757153,0.18163991035476368,0.5444259284568679,0.2530641149532965,0.4220213735428239,0.6231590901910049,0.27209146050129407,0.26375180981131685,0.28748287861306987,0.42500038833358444,0.423797780491208,0.2705292535453455,0.3043766715540952
0.2799484271596486,0.2792811740975364,0.20570256568876766,0.5206291675757322,0.25315431893000595,0.2702941653222949,0.24846772982297238,0.6819248806340218,0.2685415723393947,0.5003539036201092,0.2734509363320611,0.4868450489773535,0.2670186304152721,0.516135433200335,0.4788677237970196,0.25086769727147296,0.2426503473656595,0.2667589462514187,0.2331901627943408,0.25111433592640964,0.2570832788882996,0.2497240444153086,0.2657632765628829,0.2443001912641647,0.25018553375278574,0.2179520599442667,0.2663825693419847,1.0,0.31415799875277606,0.2688873829959414,0.4710206857264687,0.26373617964489116,0.0,0.25808608733684113,0.25739471048955787,0.40506479188275446,0.23973991409360085,0.27970863476372076,0.31550737294262654,0.2663461047752814,0.4894570767018921,0.26353829509156024,0.26889357194757524,0.7861512407191794,0.7483248756019594,0.2945050940045184,0.264671349942449,0.26476670634979727,0.4616651940190557,0.30879929735367007
0.33708043269634913,0.304700550051325,0.24281903214002898,0.3010117203381999,0.287059130033002,0.30390672551950115,0.28850910094085536,0.31093144445828813,0.32537868541666926,0.3100490711825883,0.30723901708599954,0.30800022532247917,0.29644807438947096,0.30754631001012556,0.29176636542415557,0.28753310089926754,0.29112799168791303,0.2990997518994919,0.25967097835686836,0.2915837510817624,0.28551860797285267,0.28220764948195143,0.29972310403159486,0.2932104628786323,0.280480097629489,0.2352847563129431,0.30112260153028725,0.31415799875277606,1.0,0.3246347382517859,0.2892991798808239,0.2908597491064675,0.0,0.2953734901328169,0.29047548263128486,0.2994349225680627,0.2753456841047409,0.29754585262994926,0.21388875548220943,0.3005763223795781,0.28906272587182447,0.29218755099085203,0.3054285545555845,0.3096708851615192,0.3082796330131342,0.394441420811646,0.2935468658023306,0.293138229554161,0.3023602195942793,0.6196758187116218
0.3866724165397314,0.3044861378811986,0.24840001358734554,0.2758224771594454,0.30228663781970655,0.29651492806934643,0.2937205867948848,0.2755325786269689,0.4084340252799892,0.2810862560144374,0.3128053701163479,0.2682501053516908,0.31592752467142526,0.26788995524956105,0.26337769156217006,0.3093522128052205,0.27938102942088505,0.3046975250298092,0.26205983108377184,0.29732380029154026,0.29596674331123807,0.28686685709811555,0.30075664962635473,0.29007156116596144,0.2870634895615931,0.25228652424340137,0.30568572385668646,0.2688873829959414,0.3246347382517859,1.0,0.26513222391164093,0.29486182633814917,0.0,0.2892578993899543,0.29495141255449897,0.2665638949708158,0.28684602906577805,0.29975419538955017,0.20334868636759695,0.3133381128122783,0.27099709435047803,0.30246972310604436,0.3129604638959399,0.272242888977113,0.2692697569388328,0.31468649443175634,0.3056019386566762,0.30486556418185784,0.26953151920692053,0.33689635604515944
0.2638093274474709,0.2583382325594593,0.19317824841806053,0.5102818054105378,0.27222633892223236,0.25439427528289293,0.23406107145221677,0.4744063591910821,0.27295907961198784,0.521241821142439,0.2602531328028368,0.4497614611596964,0.2636090027731416,0.5001148919588732,0.4976213363152232,0.25477687989052666,0.23648808913394426,0.24753293039564894,0.21916142245848813,0.23662416894085603,0.23701270275209707,0.23349514918754877,0.24830195501082786,0.249352403104383,0.25669518387443524,0.21895838386298283,0.24987787061589073,0.4710206857264687,0.2892991798808239,0.26513222391164093,1.0,0.2590193634160578,0.0,0.24767394798891096,0.24503347832232758,0.3948364529930748,0.23391293761432463,0.24958803450574818,0.29554371361642795,0.2511255356978177,0.6643055684985775,0.25019481175775315,0.25282756236721327,0.4758137226588399,0.4690255550896487,0.27953957643098926,0.24399210112030534,0.24338992216054856,0.4326248092026711,0.29236480075682136
0.3050146726234524,0.39933299977782455,0.21615519401210015,0.2823443840932871,0.4681594025165893,0.410568115604382,0.3351469517348554,0.2760593191192928,0.30159702504566255,0.27235433163006717,0.4675588027830724,0.26430367982188707,0.5257553688891554,0.2621011295604816,0.2704882612261298,0.34816478663956163,0.42985582147753776,0.4538671360349562,0.4562844856548721,0.33402361540012737,0.4663100470966943,0.48501448498456956,0.49208409995928937,0.4141033560021914,0.4248579519502186,0.3471595399853422,0.48771325330040827,0.26373617964489116,0.2908597491064675,0.29486182633814917,0.2590193634160578,1.0,0.0,0.47382954266187227,0.39870518511571995,0.2513231780374646,0.33018319209326985,0.4863239870741769,0.1846158164509043,0.4965069731319286,0.26354415436538325,0.40764857688396583,0.5038641528938723,0.2679946149780871,0.27171697842725195,0.2666569866487153,0.4182046945075806,0.41972459290678865,0.2527050431002946,0.28756924137432904
0.0,0.0,0.0,0.0,0.0,0.0,0.0,0.0,0.0,0.0,0.0,0.0,0.0,0.0,0.0,0.0,0.0,0.0,0.0,0.0,0.0,0.0,0.0,0.0,0.0,0.0,0.0,0.0,0.0,0.0,0.0,0.0,1.0,0.0,0.0,0.0,0.0,0.0,0.0,0.0,0.0,0.0,0.0,0.0,0.0,0.0,0.0,0.0,0.0,0.0
0.3075865349588057,0.4007445297165222,0.21860786885730987,0.2511734086030013,0.42126169707920813,0.4150130902515833,0.3491551933384992,0.2636115797135271,0.29139075669110603,0.2589604487579773,0.47549267220435887,0.25560025739420245,0.5197157816347485,0.2543251042934145,0.2478352710601317,0.3444072762826189,0.3819838308794705,0.47914719346722534,0.42256646990343005,0.3458781344799913,0.4960810498850057,0.6030450056687756,0.641677995577254,0.3772484045439036,0.3778664470677685,0.33175068469964664,0.4945482736484933,0.25808608733684113,0.2953734901328169,0.2892578993899543,0.24767394798891096,0.47382954266187227,0.0,1.0,0.40429576314900506,0.28340040476750283,0.3310146485837563,0.4778131434460451,0.20441588490575646,0.5037131720417987,0.24633376215472247,0.40193249428566336,0.5038715612484783,0.2608319474273011,0.2632707510466965,0.26928149484882014,0.4130444552880128,0.4136200213557055,0.2535168031443201,0.30053282497772704
0.30721849584617056,0.5607759096307765,0.2133843468302109,0.26071727446300275,0.39732098475638933,0.5553858782820762,0.3562551633856885,0.2664999920796436,0.29168073359543734,0.2622090570136557,0.4273710808597444,0.25889828823604444,0.41651798453497313,0.2540451989133523,0.2508382360548993,0.35258928846356863,0.4566852468730874,0.41146571379854024,0.3676374999116927,0.35163920255849357,0.40208195202619945,0.3931811365471999,0.41499668508948784,0.5419049651591152,0.5514819459237748,0.4099294772994465,0.41073286418616584,0.25739471048955787,0.29047548263128486,0.29495141255449897,0.24503347832232758,0.39870518511571995,0.0,0.40429576314900506,1.0,0.2558011321411523,0.3342733065995117,0.40077837677946826,0.1877138364625378,0.4187981355213063,0.24654410662554682,0.47835384494347166,0.42356973808036835,0.2625933301049126,0.26399663716872723,0.26624706910843887,0.4726865371600547,0.4723164879069983,0.25742152333319157,0.2888186236143395
0.2707032903147103,0.2565076900756065,0.20017851595278335,0.40679912267809104,0.24565691874518092,0.26889959596738566,0.26180127375368745,0.40358639361405657,0.26965197728598433,0.4174639856975235,0.2737377976843326,0.39279549894213595,0.2607210532375851,0.40455957240319096,0.3956749487630895,0.2568263480714903,0.24525094573415496,0.2750575428840062,0.23922570544502086,0.2612013520168035,0.26359916875502587,0.251973523483888,0.2693508803193183,0.24496354077258387,0.24277440223228341,0.21502230910161158,0.2608876939429431,0.40506479188275446,0.2994349225680627,0.2665638949708158,0.3948364529930748,0.2513231780374646,0.0,0.28340040476750283,0.2558011321411523,1.0,0.25227297693241857,0.25433456229718265,0.33130087898924565,0.2671639808470261,0.3979067752111376,0.2592349790455363,0.2593824485173263,0.4083237356181134,0.40891656745238414,0.28125950795643695,0.25394958726150174,0.25332426693094046,0.3996255765361182,0.3028348263247158
0.2906506907120505,0.33082410448497,0.20242905851555737,0.24804292095180058,0.3161001052028759,0.34566988176090097,0.7820972915621885,0.2488981505632496,0.2891020591318769,0.2491860222399861,0.33855930834582737,0.24182990191901,0.33834149879274156,0.2381161291588605,0.2394219838906353,0.7338945006124129,0.30969876458773804,0.3619911341259934,0.3170301370572022,0.7887334580280634,0.3526722515556677,0.33712630840682933,0.36192787130673565,0.31783010477062545,0.32745762097181064,0.2826571643180579,0.33666825296693914,0.23973991409360085,0.2753456841047409,0.28684602906577805,0.23391293761432463,0.33018319209326985,0.0,0.3310146485837563,0.3342733065995117,0.25227297693241857,1.0,0.32347431235201773,0.18093855361170452,0.33636147207569944,0.2344743521622189,0.32929437804911255,0.33738669972520374,0.24423503439670047,0.24438443661323594,0.2520160928325732,0.32400504440471145,0.32325457187808404,0.2358136010396671,0.28329151817872467
0.32113485187778246,0.42611876696916495,0.2213367868727022,0.25968095129929103,0.44138372647117796,0.41597529095754116,0.3366917187347984,0.28705275012794906,0.29655337085089317,0.26867784448314835,0.49060169322247604,0.26568467994765665,0.49576868316363265,0.26335078209991636,0.2548704494034727,0.3385307137530793,0.3702563232985878,0.4645539250472609,0.41117619960725604,0.3391421050914306,0.47764297921951326,0.4714199132532757,0.4956761061574084,0.3815170283367928,0.38652055605499125,0.338637588694481,0.5854900084757153,0.27970863476372076,0.29754585262994926,0.29975419538955017,0.24958803450574818,0.4863239870741769,0.0,0.4778131434460451,0.40077837677946826,0.25433456229718265,0.32347431235201773,1.0,0.19431959901109985,0.5225635731781502,0.2547031030599438,0.4201964245929004,0.6345983813102182,0.28378424781162914,0.2749728686202979,0.2855930049186537,0.43198249044075343,0.4314550560886159,0.27358856595231384,0.3023463737269325
0.23268031886318807,0.1853743710477599,0.14261682737425518,0.3187296581296143,0.18464371834860616,0.20598112463605744,0.18921589147802753,0.3154666745054744,0.19663714715759517,0.32756786534682136,0.20167281417555516,0.3120868966460547,0.18802438392126075,0.3161390701278797,0.3107216736652957,0.17983358154777118,0.17463104645192928,0.19458935507103692,0.16848439845132213,0.1830835894541376,0.1851252438762454,0.1795690664525571,0.19194285863289262,0.17838604978018324,0.18337123414795586,0.16050562598389062,0.18163991035476368,0.31550737294262654,0.21388875548220943,0.20334868636759695,0.29554371361642795,0.1846158164509043,0.0,0.20441588490575646,0.1877138364625378,0.33130087898924565,0.18093855361170452,0.19431959901109985,1.0,0.1873312555376786,0.3061759729516408,0.18942866264176506,0.18989079448116386,0.3191228406149571,0.3275548764680991,0.20028267646862163,0.18924110623110524,0.18893163206540264,0.3055021445419587,0.22543068674342448
0.31437826423566995,0.4195792653794742,0.2262522573013157,0.2582281648556166,0.43666214563960415,0.4154918314322168,0.3523317282706647,0.2722233100853845,0.3058362419713445,0.2692195507300589,0.5202606852294234,0.2573801971249513,0.536326504192444,0.25881373844731614,0.2511988983453549,0.35047044771422053,0.3751419005824991,0.49653194323235306,0.4361809120317053,0.35566896053721253,0.51429999792974,0.5059500950879326,0.5268913745639687,0.3844670005072185,0.3818396743111204,0.3376767418060711,0.5444259284568679,0.2663461047752814,0.3005763223795781,0.3133381128122783,0.2511255356978177,0.4965069731319286,0.0,0.5037131720417987,0.4187981355213063,0.2671639808470261,0.33636147207569944,0.5225635731781502,0.1873312555376786,1.0,0.2526536951915789,0.4322088944551108,0.5470771706815476,0.268430918984651,0.26707099655515865,0.2860456370091915,0.4466042037427913,0.44511369958774194,0.2647420026935686,0.3121442204876814
