../ecoli_genomes/GCF_000163235.1_ASM16323v1_genomic.fna.gz,../ecoli_genomes/GCF_000164555.1_ASM16455v1_genomic.fna.gz,../ecoli_genomes/GCF_000208545.1_ASM20854v2_genomic.fna.gz,../ecoli_genomes/GCF_000233875.1_ASM23387v1_genomic.fna.gz,../ecoli_genomes/GCF_000249735.1_ASM24973v2_genomic.fna.gz,../ecoli_genomes/GCF_000261145.1_Esch_coli_M919_V2_genomic.fna.gz,../ecoli_genomes/GCF_000267705.2_ASM26770v2_genomic.fna.gz,../ecoli_genomes/GCF_000350665.1_Esch_coli_KTE5_V1_genomic.fna.gz,../ecoli_genomes/GCF_000351625.1_Esch_coli_KTE66_V1_genomic.fna.gz,../ecoli_genomes/GCF_000352285.1_Esch_coli_KTE46_V1_genomic.fna.gz,../ecoli_genomes/GCF_000358895.1_ASM35889v1_genomic.fna.gz,../ecoli_genomes/GCF_000456385.1_Esch_coli_HVH_26_4-5703913_V1_genomic.fna.gz,../ecoli_genomes/GCF_000458195.1_Esch_coli_HVH_147_4-5893887_V1_genomic.fna.gz,../ecoli_genomes/GCF_000459755.1_Esch_coli_KOEGE_58_171a_V1_genomic.fna.gz,../ecoli_genomes/GCF_000460055.1_Esch_coli_UMEA_3053-1_V1_genomic.fna.gz,../ecoli_genomes/GCF_000462165.2_ASM46216v2_genomic.fna.gz,../ecoli_genomes/GCF_000601135.1_ASM60113v1_genomic.fna.gz,../ecoli_genomes/GCF_000614595.1_Ec2010EL1058_genomic.fna.gz,../ecoli_genomes/GCF_000617745.1_Ec2010C-4529_genomic.fna.gz,../ecoli_genomes/GCF_000618265.2_EcF6751_genomic.fna.gz,../ecoli_genomes/GCF_000619005.2_Ec2009C-4052_genomic.fna.gz,../ecoli_genomes/GCF_000619105.1_Ec2009C-4780_genomic.fna.gz,../ecoli_genomes/GCF_000619765.2_Ec2009C-3279_genomic.fna.gz,../ecoli_genomes/GCF_000687005.1_ASM68700v1_genomic.fna.gz,../ecoli_genomes/GCF_000687025.1_ASM68702v1_genomic.fna.gz,../ecoli_genomes/GCF_000700125.1_ASM70012v1_genomic.fna.gz,../ecoli_genomes/GCF_000753315.1_FHI35_genomic.fna.gz,../ecoli_genomes/GCF_000776375.1_ASM77637v1_genomic.fna.gz,../ecoli_genomes/GCF_000779395.1_ASM77939v1_genomic.fna.gz,../ecoli_genomes/GCF_000780315.1_ASM78031v1_genomic.fna.gz,../ecoli_genomes/GCF_000781995.1_ASM78199v1_genomic.fna.gz,../ecoli_genomes/GCF_000986765.1_ASM98676v1_genomic.fna.gz,../ecoli_genomes/GCF_001041375.1_ViralProj287958_genomic.fna.gz,../ecoli_genomes/GCF_001265335.1_302014_genomic.fna.gz,../ecoli_genomes/GCF_001265625.1_100854_genomic.fna.gz,../ecoli_genomes/GCF_001267345.1_303289_genomic.fna.gz,../ecoli_genomes/GCF_001309985.1_ASM130998v1_genomic.fna.gz,../ecoli_genomes/GCF_001521695.1_ASM152169v1_genomic.fna.gz,../ecoli_genomes/GCF_001592595.1_ASM159259v1_genomic.fna.gz,../ecoli_genomes/GCF_001614975.1_ASM161497v1_genomic.fna.gz,../ecoli_genomes/GCF_001692775.1_ASM169277v1_genomic.fna.gz,../ecoli_genomes/GCF_001748915.1_ASM174891v1_genomic.fna.gz,../ecoli_genomes/GCF_001749235.1_ASM174923v1_genomic.fna.gz,../ecoli_genomes/GCF_001881155.1_ASM188115v1_genomic.fna.gz,../ecoli_genomes/GCF_001881345.1_ASM188134v1_genomic.fna.gz,../ecoli_genomes/GCF_001892405.1_ASM189240v1_genomic.fna.gz,../ecoli_genomes/GCF_001892585.1_ASM189258v1_genomic.fna.gz,../ecoli_genomes/GCF_001893985.1_ASM189398v1_genomic.fna.gz,../ecoli_genomes/GCF_002001595.1_ASM200159v1_genomic.fna.gz,../ecoli_genomes/GCF_002002145.1_ASM200214v1_genomic.fna.gz
1.0,0.39109038770420645,0.31823029260954416,0.33794272726663255,0.35328671696397285,0.37844690201630826,0.36636342620508433,0.34936929765588576,0.43548460179619264,0.3606965785409134,0.38238422396346283,0.3402594818271075,0.3695279728092735,0.33769035856846086,0.3178386878042647,0.366187329385255,0.3610810580226673,0.36633198352086893,0.3383752010537172,0.3691935818430948,0.3566354373271391,0.34840164949368546,0.3761366449061725,0.3687750048400835,0.34674676271652294,0.32451157559224564,0.36365230590295516,0.34121067270512084,0.3975942023434651,0.4323588151478296,0.31372233419039075,0.3593816616350397,0.0,0.348804256191555,0.36967686028114943,0.3363535582243178,0.3500521568385575,0.37207392748349066,0.30493681527566174,0.3712264203241826,0.3230310561373164,0.3663311971873038,0.37182980151786993,0.34492343553449023,0.3522380365991786,0.3659873659097165,0.3560211885962218,0.35647575803615317,0.33578682381687464,0.3982893975977009
0.39109038770420645,1.0,0.302385355386834,0.3307335611317763,0.4338315993920506,0.5770762953698061,0.3997495768126039,0.3402374411855391,0.35744669233285464,0.3454601423504372,0.4744173796256753,0.3395174512108654,0.4607144546851437,0.3256709354603604,0.314502833276062,0.40839896679577303,0.4732160100063577,0.4603803073010908,0.41548085456248274,0.4082159387709815,0.44748672446168003,0.43678482406243335,0.46201509502376614,0.5770620376863672,0.5341611489636157,0.4050772071883433,0.4570069272990658,0.33692937209379514,0.3642738482916489,0.36363785182582087,0.3090164277139077,0.44110887175485514,0.0,0.4283358158584549,0.5829945157032905,0.32339401996557504,0.38450106722697874,0.4707263463618425,0.29216129790403045,0.46102575540219803,0.31543683270910994,0.5080310790034118,0.4687633962234419,0.3480856754007825,0.34802320668891185,0.33802497514384844,0.5177436669980906,0.5181566524736638,0.3419415906123757,0.3607868672295643
0.31823029260954416,0.302385355386834,1.0,0.2600215545659217,0.26727211010563956,0.2859956919020571,0.2770803680110815,0.2719443849815305,0.3098496034764112,0.2736040286374559,0.29683852865132243,0.26442476200415277,0.29035245949165367,0.2644606795257831,0.2563758385276671,0.28492435697830876,0.2629716227197073,0.2845187854537896,0.2583746864487505,0.283088474650799,0.2821640981344752,0.2762992997378265,0.29097314917111305,0.2810628340651755,0.26269568890142936,0.22628213033264488,0.2868229836061359,0.2703153284592841,0.3060525701449668,0.3150861661472525,0.250779170398839,0.27250915441757173,0.0,0.27540571039764705,0.2859896050725168,0.27160303159836263,0.2681365049632023,0.28597897265706973,0.24186531364177954,0.29333276369503647,0.25677106367959857,0.28430056713340246,0.2972860279336772,0.2773028644016774,0.269853856881216,0.28630211407035133,0.2930610132846313,0.29322634157524785,0.2770124665590479,0.311087295639888
0.33794272726663255,0.3307335611317763,0.2600215545659217,1.0,0.3453883785027315,0.3318202455508408,0.31087820772244956,0.5342539559223329,0.3484321570410014,0.5598806384582766,0.3210690460091855,0.5305780250050298,0.34048647790845,0.5858328292563577,0.596271979772187,0.3353495419146223,0.3082286743899174,0.318733391077042,0.29156181965945915,0.31402002622447533,0.31104829137158374,0.3017106650124196,0.32856257341805495,0.3366501174064648,0.31276604569676847,0.2653493510984597,0.31601729422894087,0.5641562106588063,0.35785998148167764,0.32645424692965286,0.5274896546361976,0.33864579798452044,0.0,0.30115375333095096,0.3157171961798435,0.45359399428454805,0.30831007000273936,0.30919975910804576,0.44654361791172537,0.31362542605707966,0.5575806532823963,0.3169569677293065,0.31603559861087605,0.5568566453346622,0.5428470537817942,0.34373181634036076,0.31244901092908217,0.31288452270193245,0.492017123039972,0.36388673963324925
0.35328671696397285,0.4338315993920506,0.26727211010563956,0.3453883785027315,1.0,0.45706381539687846,0.37082610858759046,0.3406445206400215,0.3668260506848514,0.3583455317879225,0.5345184590281856,0.30850765564923444,0.5180390334552434,0.3205981165662325,0.3425558996521949,0.41915027204530575,0.41407428722603346,0.4495531741909067,0.4114272562243555,0.37416876680521216,0.45761075603863166,0.4281903714492429,0.4588357702333179,0.4642792278604655,0.4358632315669909,0.36611032089859863,0.46710995311299564,0.30843885226553003,0.3375087716205041,0.3540616349226824,0.31789141148382205,0.48668205729554115,0.0,0.4484318438976398,0.4361753800759268,0.3044638673652068,0.3757361960118105,0.4622581070242402,0.3005492021304188,0.46963952983125745,0.3498267916615668,0.43531234124306795,0.4800821066075871,0.3128590548547203,0.31479124053002516,0.31068210052127365,0.44740439273382193,0.44702909822614445,0.31268631943818603,0.3347764601903389
0.37844690201630826,0.5770762953698061,0.2859956919020571,0.3318202455508408,0.45706381539687846,1.0,0.41893931222803404,0.3462216186617003,0.3630199881089877,0.3440022360709172,0.4620755945954682,0.31938471050474415,0.46563022472686666,0.32318928789769485,0.3151613582852373,0.4197843476474401,0.4718683172118475,0.46785263584348946,0.4270630043691396,0.4194776840385884,0.44687125605247846,0.4380955718172528,0.4702008152535261,0.5784257330111653,0.5406100862144609,0.3952133801470711,0.4479586106106189,0.32687371699760537,0.3701813027278158,0.35780389724056927,0.30758365434074675,0.4481634643478821,0.0,0.4430330575427994,0.5824413006101927,0.336387371128951,0.40488210882628606,0.46014986171371564,0.32445874567614186,0.4564429248103492,0.320363376125229,0.5232291352838063,0.4691068427552477,0.3338223822299432,0.33447423677628607,0.3286023988966801,0.5099823443029314,0.5110472971030209,0.3325128680566717,0.3632994192374639
0.36636342620508433,0.3997495768126039,0.2770803680110815,0.31087820772244956,0.37082610858759046,0.41893931222803404,1.0,0.3134741298951633,0.35335499888336375,0.3126053593234789,0.4011678113226167,0.30208353180064684,0.3968196924055487,0.3063168162683513,0.29246379642233733,0.75264547503893,0.3701373476606853,0.4373374039509731,0.4084431101504029,0.8350529728344542,0.4325076789843969,0.4160539334108663,0.4425661753368969,0.406445615579625,0.3722933001076435,0.3123297970516894,0.3967627328293474,0.3065303207460218,0.3471798862184029,0.34564416594821945,0.2825322116215486,0.3867471227230004,0.0,0.39660064607111045,0.4105756401349774,0.3310032683661429,0.7850885310917974,0.37572129029866774,0.30210341464546286,0.3964172507199134,0.28827716775557,0.3926103138145772,0.40410505725047063,0.3137895462493411,0.3104544368539176,0.31497298227260895,0.3869598082451281,0.38742213977678785,0.3021374758122566,0.34416028060418
0.34936929765588576,0.3402374411855391,0.2719443849815305,0.5342539559223329,0.3406445206400215,0.3462216186617003,0.3134741298951633,1.0,0.34337369114680905,0.5460170108172356,0.3276140034488084,0.5030703140401762,0.34436965020897914,0.5238333462685094,0.5041788391944254,0.33023247795221444,0.3066715551487893,0.32644137487660296,0.30147307964716885,0.3167588353960674,0.3126650600401064,0.30874456517894033,0.3313910655426644,0.347355567223268,0.3097524396731489,0.2661018085438618,0.32237723803663354,0.6981593476536321,0.36754036895320075,0.3318786909910135,0.5060761102587921,0.32912748199410324,0.0,0.3102290910286576,0.3201033181520113,0.4575677799605239,0.3081301298229302,0.3309610477710413,0.4508683198023683,0.32709426473607983,0.5089915447793427,0.3314501156333399,0.3309765613355409,0.7050246990231943,0.6705872303625143,0.33854950555534324,0.3168892744056241,0.3170557527314013,0.48773551906009194,0.3626501607952095
0.43548460179619264,0.35744669233285464,0.3098496034764112,0.3484321570410014,0.3668260506848514,0.3630199881089877,0.35335499888336375,0.34337369114680905,1.0,0.36206246452020796,0.36560500017315256,0.31849870177121475,0.3774075089315604,0.3365583701789887,0.3382356552159226,0.3758094615758818,0.33144568738531677,0.3553032907697621,0.3168319821811513,0.3619147209869755,0.3438800596507332,0.33832200525598,0.35716364383544597,0.3621008451485114,0.3326571767465649,0.28787396841306867,0.35586641163923294,0.3280724849115014,0.3825004213992528,0.4529438178396902,0.3262596952664282,0.3497625900875745,0.0,0.3379328456096097,0.3535724654540773,0.33877201642326993,0.3500908464297485,0.34376029487367976,0.3049918566717793,0.35900696130787435,0.33204874644356974,0.3526026794743278,0.36644407945318325,0.3302500138096486,0.3217274254219261,0.36337542646428345,0.3510837019348284,0.3512600364747984,0.32948759031060015,0.3947209798170752
0.3606965785409134,0.3454601423504372,0.2736040286374559,0.5598806384582766,0.3583455317879225,0.3440022360709172,0.3126053593234789,0.5460170108172356,0.36206246452020796,1.0,0.3388787268713317,0.5046797602946048,0.3526387015220973,0.5396274176668876,0.5378756893245386,0.3376245978600453,0.3078147522364909,0.32701730420682096,0.2973067621991343,0.31750874243415905,0.31395899712375397,0.30607598708351025,0.326488582749791,0.3437754181050148,0.3180019366945168,0.2723341487588893,0.327158444239275,0.5379817649270944,0.36653473405290393,0.3469446923204019,0.5441052364295836,0.33103418937361795,0.0,0.30658925363579503,0.32415336699457586,0.4614401790605349,0.3076758981189852,0.3212585869770621,0.4551706413703951,0.3293907227149181,0.5617905762151159,0.3275713162463183,0.3281685151926803,0.5445224298935343,0.5397204552120212,0.3456818775411311,0.3228833037220997,0.3231963208219616,0.5125034343228203,0.36469276967645203
0.38238422396346283,0.4744173796256753,0.29683852865132243,0.3210690460091855,0.5345184590281856,0.4620755945954682,0.4011678113226167,0.3276140034488084,0.36560500017315256,0.3388787268713317,1.0,0.32082614561324285,0.5578457463316018,0.32614182654799806,0.3095582622621691,0.4117224152126592,0.41126088256885807,0.5251590645602484,0.4882062882737809,0.41329212452657804,0.5143055807110617,0.5201803090965013,0.5272222550978314,0.4637994554817436,0.41523517408744404,0.36258255871770695,0.5390985338873959,0.3284049980194672,0.35680719027361085,0.3670705420144865,0.3076180199294034,0.4844269559520429,0.0,0.4980079703276179,0.47211629365142194,0.3359895712191092,0.3841367167804437,0.518994946450608,0.29920795836121006,0.5622324795196545,0.31210604270636066,0.4740798633719726,0.5492703038972016,0.3311509370123652,0.32837958580357096,0.3380883345303942,0.475748641814116,0.47528399123005116,0.3321376531990845,0.3693082656627432
0.3402594818271075,0.3395174512108654,0.26442476200415277,0.5305780250050298,0.30850765564923444,0.31938471050474415,0.30208353180064684,0.5030703140401762,0.31849870177121475,0.5046797602946048,0.32082614561324285,1.0,0.31829803578288274,0.5271608049035208,0.5996763571669228,0.30933276699317935,0.2918643119960257,0.31291212495294085,0.29186544017827076,0.3037704724364906,0.3097086867730898,0.2997246264012995,0.3193473051635819,0.32173715034583683,0.29182972386879613,0.25110631855063636,0.30800411356209656,0.5146216927366515,0.3666931428520167,0.32271023569315926,0.46957212819817096,0.308727424169269,0.0,0.30025286857374234,0.3139777115470048,0.43905081693162895,0.29171851030348483,0.31236006337312716,0.4276095597175881,0.31356156524730217,0.48806968060691114,0.308597241839229,0.31720301329555023,0.5160480090349276,0.5118795089065173,0.3424433832726138,0.3134882548208824,0.31391717152543475,0.4665405862435337,0.3539737462713203
0.3695279728092735,0.4607144546851437,0.29035245949165367,0.34048647790845,0.5180390334552434,0.46563022472686666,0.3968196924055487,0.34436965020897914,0.3774075089315604,0.3526387015220973,0.5578457463316018,0.31829803578288274,1.0,0.32597859050816647,0.33613508599209885,0.428553590995603,0.41888932659877487,0.5228133022464613,0.5221235864939164,0.4053164368651839,0.532820889399261,0.5770654347673001,0.5744516572318906,0.4717640302423489,0.4134397103033216,0.3658476262101824,0.5806424055648394,0.3247021685304625,0.35734750696407014,0.37281181583549505,0.3160411758611731,0.5347250053956987,0.0,0.5475046910144612,0.46034269216686863,0.3252037665402827,0.39513992081797245,0.5493838450190872,0.2979472242008563,0.5780806659305703,0.3281782256869201,0.46701706674996646,0.5749039168068335,0.3252410561321788,0.3189027742488627,0.3284916452763351,0.4645603920401735,0.46413130017799065,0.3245178610366185,0.3634053466484404
0.33769035856846086,0.3256709354603604,0.2644606795257831,0.5858328292563577,0.3205981165662325,0.32318928789769485,0.3063168162683513,0.5238333462685094,0.3365583701789887,0.5396274176668876,0.32614182654799806,0.5271608049035208,0.32597859050816647,1.0,0.576617634156056,0.319273416707883,0.29293888109868627,0.31860310344768505,0.2930793425257596,0.31017742007892524,0.307522258197073,0.30416996988859124,0.32339732826423806,0.3156259448446983,0.2928184138996661,0.2517354413007006,0.3170938888813781,0.5594254189011882,0.36552551300228286,0.3253411696698292,0.5259166315577339,0.3182423996638648,0.0,0.3008235203541213,0.31236502517770404,0.4500673945372935,0.2980473044505345,0.3129166030027247,0.43235989330525026,0.3158950098666039,0.5433876814216764,0.31320484354003,0.3168339498553925,0.5519210111241057,0.5357967011461504,0.34604942785180026,0.3130937017892209,0.31353349674067044,0.4922471395170609,0.3644914702934873
0.3178386878042647,0.314502833276062,0.2563758385276671,0.596271979772187,0.3425558996521949,0.3151613582852373,0.29246379642233733,0.5041788391944254,0.3382356552159226,0.5378756893245386,0.3095582622621691,0.5996763571669228,0.33613508599209885,0.576617634156056,1.0,0.32046142382149123,0.3006810945925722,0.30746883905497113,0.27690307410439596,0.295937891580648,0.297487208595714,0.29202371008747685,0.3124523822691909,0.32227609179600536,0.2952571627751399,0.25618793314070243,0.30773204367602025,0.515612402331967,0.3499153386872883,0.32207306357159615,0.5250958650797091,0.3259339619953322,0.0,0.29040922079261566,0.3062460466587591,0.438234413175284,0.2917524627084255,0.3016346442413308,0.4348185527314715,0.30860164105145715,0.5485071427556246,0.3007667913503498,0.3110494883810211,0.5120194195566666,0.49754259753730923,0.34097987557760634,0.3102873072346307,0.3108437438253405,0.4713976380374445,0.36460557406477057
0.366187329385255,0.40839896679577303,0.28492435697830876,0.3353495419146223,0.41915027204530575,0.4197843476474401,0.75264547503893,0.33023247795221444,0.3758094615758818,0.3376245978600453,0.4117224152126592,0.30933276699317935,0.428553590995603,0.319273416707883,0.32046142382149123,1.0,0.3819430478799133,0.4279638185598321,0.39758278787966994,0.7612954537065033,0.421264443029866,0.41918187531588114,0.4350455938282112,0.4157673772615197,0.38710240219824077,0.33570875775657805,0.39898153183770746,0.31474531256119953,0.3529418423866383,0.36868493910578903,0.3051368199042426,0.4044885969645269,0.0,0.3939058324302246,0.4128306588569488,0.33125735507694154,0.7336858278101619,0.3833480912398002,0.30260793738038294,0.4004931110176262,0.3150555923810001,0.39529243417178195,0.40657482551897695,0.31671775919089795,0.3140109626540093,0.325541737195465,0.3953316074308857,0.3955178348795254,0.31457407312557006,0.3519386713321978
0.3610810580226673,0.4732160100063577,0.2629716227197073,0.3082286743899174,0.41407428722603346,0.4718683172118475,0.3701373476606853,0.3066715551487893,0.33144568738531677,0.3078147522364909,0.41126088256885807,0.2918643119960257,0.41888932659877487,0.29293888109868627,0.3006810945925722,0.3819430478799133,1.0,0.40426742208725963,0.37151400921540134,0.37059927432100104,0.4027964495060742,0.3963073851767339,0.42175602953326297,0.4957720756942263,0.489912205418501,0.543891207121947,0.40680025151396426,0.29042335968662825,0.32312350777692855,0.32657871347280587,0.2803597774005895,0.4628230750830248,0.0,0.4012208578773342,0.471143208794096,0.30567955479863207,0.36661436031968897,0.3970034973303256,0.285581510450836,0.4121676470080291,0.290353228560551,0.4487850253780187,0.4164511792032862,0.29754284610422266,0.30840106938401834,0.2979417291377794,0.4630413054293254,0.46295222856531415,0.28912756437309295,0.3260610347950813
0.36633198352086893,0.4603803073010908,0.2845187854537896,0.318733391077042,0.4495531741909067,0.46785263584348946,0.4373374039509731,0.32644137487660296,0.3553032907697621,0.32701730420682096,0.5251590645602484,0.31291212495294085,0.5228133022464613,0.31860310344768505,0.30746883905497113,0.4279638185598321,0.40426742208725963,1.0,0.5229254717250441,0.4443527020346163,0.5502462009382567,0.5401843287818167,0.5653235735737339,0.4503980967452704,0.4024694690616143,0.3490727760295542,0.5276047502586578,0.3203378028833511,0.3496946494107198,0.3570597410335541,0.30221472048420783,0.4750990000034685,0.0,0.49654529966054206,0.4618918855368448,0.3413752214280792,0.4156115416894869,0.4891386152651175,0.3045477899906518,0.5285803900865514,0.3032965043328718,0.46209900864574627,0.5235182599664043,0.3228024652184085,0.3157762152238557,0.3249089552799941,0.4621388840291121,0.4625159334013237,0.3149296095833025,0.3592741401188132
0.3383752010537172,0.41548085456248274,0.2583746864487505,0.29156181965945915,0.4114272562243555,0.4270630043691396,0.4084431101504029,0.30147307964716885,0.3168319821811513,0.2973067621991343,0.4882062882737809,0.29186544017827076,0.5221235864939164,0.2930793425257596,0.27690307410439596,0.39758278787966994,0.37151400921540134,0.5229254717250441,1.0,0.40272870846163933,0.508573717031745,0.5507523360607097,0.5177131720224069,0.41018430744113077,0.37442888979289335,0.3143619555358086,0.5144035919877213,0.29450348892438294,0.327021514201838,0.32196560051550993,0.2715589517472984,0.4714660200121754,0.0,0.4924419322482767,0.42319418497428907,0.31039889913888896,0.3898114208922224,0.4916318112384157,0.2789432752538463,0.5071995356558909,0.27719912283690684,0.4150620501606044,0.5009245045826333,0.29804479911376447,0.2928837924640417,0.2976405851732713,0.41011353592618915,0.40988445249599015,0.29088724302001734,0.3249375930426067
0.3691935818430948,0.4082159387709815,0.283088474650799,0.31402002622447533,0.37416876680521216,0.4194776840385884,0.8350529728344542,0.3167588353960674,0.3619147209869755,0.31750874243415905,0.41329212452657804,0.3037704724364906,0.4053164368651839,0.31017742007892524,0.295937891580648,0.7612954537065033,0.37059927432100104,0.4443527020346163,0.40272870846163933,1.0,0.4382180021932567,0.4222858565001869,0.4463568140121149,0.4051841252506714,0.37949201690495404,0.3196407427462733,0.40462219346324824,0.31146092798127434,0.34892637905485446,0.3536027184422583,0.2880092384842936,0.3873052725330769,0.0,0.3965408103086666,0.41606225510863315,0.3325685678361251,0.7822121400082268,0.3838308522167928,0.2971045353724897,0.40839720657725787,0.2927223605286139,0.40077170362941683,0.41239242552771893,0.3153296931540456,0.31070315749281774,0.32441527775719214,0.3965150305963997,0.3969957911034483,0.30956075771251645,0.35314784824285883
0.3566354373271391,0.44748672446168003,0.2821640981344752,0.31104829137158374,0.45761075603863166,0.44687125605247846,0.4325076789843969,0.3126650600401064,0.3438800596507332,0.31395899712375397,0.5143055807110617,0.3097086867730898,0.532820889399261,0.307522258197073,0.297487208595714,0.421264443029866,0.4027964495060742,0.5502462009382567,0.508573717031745,0.4382180021932567,1.0,0.5350677194521354,0.5673174629641677,0.44677121659232555,0.39569067268094593,0.3487660267320265,0.5316665383985195,0.31190982998455186,0.33789964326176825,0.3520888598753472,0.28949227262286403,0.48882468208485363,0.0,0.5078671582038814,0.4523658702948402,0.3335048742026455,0.4120640320040193,0.4968444429397245,0.2957474229075192,0.5366191074247297,0.2984374730442231,0.44137327488572586,0.5285134208391518,0.314593269007191,0.31239994480873456,0.32746420865120385,0.4588199338096862,0.4590318770233722,0.30764469811008444,0.35171709503470905
0.34840164949368546,0.43678482406243335,0.2762992997378265,0.3017106650124196,0.4281903714492429,0.4380955718172528,0.4160539334108663,0.30874456517894033,0.33832200525598,0.30607598708351025,0.5201803090965013,0.2997246264012995,0.5770654347673001,0.30416996988859124,0.29202371008747685,0.41918187531588114,0.3963073851767339,0.5401843287818167,0.5507523360607097,0.4222858565001869,0.5350677194521354,1.0,0.7095777441115922,0.42218722623947413,0.3867549571185198,0.3361387918787436,0.5480688925045505,0.3060509784696108,0.33527783544317835,0.34052857898359934,0.28551480438065713,0.49497080618899825,0.0,0.6275214323171514,0.4370748095381376,0.31851139247810056,0.40062778115670816,0.5213727830513049,0.2907132137669659,0.5476172996829803,0.28711615419347736,0.4364737751431279,0.5499862467227088,0.3109376365196699,0.3051517023322924,0.3171883112635778,0.4401887682529422,0.4400901365862775,0.3068960041507055,0.34586508997684207
0.3761366449061725,0.46201509502376614,0.29097314917111305,0.32856257341805495,0.4588357702333179,0.4702008152535261,0.4425661753368969,0.3313910655426644,0.35716364383544597,0.326488582749791,0.5272222550978314,0.3193473051635819,0.5744516572318906,0.32339732826423806,0.3124523822691909,0.4350455938282112,0.42175602953326297,0.5653235735737339,0.5177131720224069,0.4463568140121149,0.5673174629641677,0.7095777441115922,1.0,0.452061761332483,0.4168653996880325,0.35240994816337157,0.5605872461669446,0.3288130284713102,0.3545183947992341,0.3540567008649128,0.3023996377545003,0.5198459049570359,0.0,0.6166601919816337,0.4599357922600399,0.34082701517996594,0.4217128644921351,0.5228110544021083,0.30810635207753323,0.5519058828077551,0.3066164491650776,0.4552880937057434,0.5561945142330695,0.33127767437062294,0.3277695070069213,0.32851864246760776,0.45708794475498815,0.45745755474952154,0.32290227203489197,0.3592413789315435
0.3687750048400835,0.5770620376863672,0.2810628340651755,0.3366501174064648,0.4642792278604655,0.5784257330111653,0.406445615579625,0.347355567223268,0.3621008451485114,0.3437754181050148,0.4637994554817436,0.32173715034583683,0.4717640302423489,0.3156259448446983,0.32227609179600536,0.4157673772615197,0.4957720756942263,0.4503980967452704,0.41018430744113077,0.4051841252506714,0.44677121659232555,0.42218722623947413,0.452061761332483,1.0,0.5429058741479962,0.4250825486754122,0.45264619146556284,0.316878285230738,0.34926966613643085,0.3565949230055796,0.30686787789481984,0.45150069413109806,0.0,0.4194678468017847,0.5854527870830295,0.33108997365124104,0.3929295712231248,0.43408966494622225,0.3008284167523546,0.44387379897743906,0.32644924792645524,0.5076869480761802,0.45338954559230005,0.3257743094089507,0.33063302674466755,0.3227098478724707,0.49249323216938057,0.4920780144340072,0.3146496453728177,0.35075688366624
0.34674676271652294,0.5341611489636157,0.26269568890142936,0.31276604569676847,0.4358632315669909,0.5406100862144609,0.3722933001076435,0.3097524396731489,0.3326571767465649,0.3180019366945168,0.41523517408744404,0.29182972386879613,0.4134397103033216,0.2928184138996661,0.2952571627751399,0.38710240219824077,0.489912205418501,0.4024694690616143,0.37442888979289335,0.37949201690495404,0.39569067268094593,0.3867549571185198,0.4168653996880325,0.5429058741479962,1.0,0.4302921896908418,0.4020786809214323,0.29012540222258687,0.32255716065227247,0.3196150532916213,0.28275247329785147,0.4573784161695218,0.0,0.39442713225052084,0.5280645875529049,0.29585749294156116,0.3752618968140371,0.4050755763780495,0.2870265267841732,0.4024732584645804,0.2981517685721917,0.45314066283863474,0.4171885915579876,0.30660331087710324,0.3098854740568088,0.30944271370422405,0.45697310098623,0.45730310659173623,0.30388990731193666,0.3234340380093792
0.32451157559224564,0.4050772071883433,0.22628213033264488,0.2653493510984597,0.36611032089859863,0.3952133801470711,0.3123297970516894,0.2661018085438618,0.28787396841306867,0.2723341487588893,0.36258255871770695,0.25110631855063636,0.3658476262101824,0.2517354413007006,0.25618793314070243,0.33570875775657805,0.543891207121947,0.3490727760295542,0.3143619555358086,0.3196407427462733,0.3487660267320265,0.3361387918787436,0.35240994816337157,0.4250825486754122,0.4302921896908418,1.0,0.35081306535770473,0.2506161730546381,0.27224362157669446,0.2875204647024293,0.24604247015719916,0.36945241452372724,0.0,0.33490544038561,0.4122767305780842,0.2592272384886576,0.31233896113717297,0.3441552541807211,0.2513248260784703,0.3604674682440976,0.25614880441425536,0.39225646437647166,0.35713980976102,0.2638195805145024,0.26566623348950846,0.2581831401395164,0.3934973573556573,0.3933138924595867,0.26450094071573294,0.2841872946427133
0.36365230590295516,0.4570069272990658,0.2868229836061359,0.31601729422894087,0.46710995311299564,0.4479586106106189,0.3967627328293474,0.32237723803663354,0.35586641163923294,0.327158444239275,0.5390985338873959,0.30800411356209656,0.5806424055648394,0.3170938888813781,0.30773204367602025,0.39898153183770746,0.40680025151396426,0.5276047502586578,0.5144035919877213,0.40462219346324824,0.5316665383985195,0.5480688925045505,0.5605872461669446,0.45264619146556284,0.4020786809214323,0.35081306535770473,1.0,0.3162159981847299,0.34955289799164624,0.35364995507416774,0.30079137594250727,0.5152167474978755,0.0,0.5237416975026641,0.4543937756308569,0.32816297308765685,0.3840127465990143,0.6042674112121473,0.2852424777255408,0.5702800604565219,0.3089740815276184,0.45628638229383656,0.6344288863200735,0.3243224411103789,0.31457646303934705,0.3288510871255421,0.4558571947484662,0.4555887885180586,0.3188163787908429,0.3555336365534475
0.34121067270512084,0.33692937209379514,0.2703153284592841,0.5641562106588063,0.30843885226553003,0.32687371699760537,0.3065303207460218,0.6981593476536321,0.3280724849115014,0.5379817649270944,0.3284049980194672,0.5146216927366515,0.3247021685304625,0.5594254189011882,0.515612402331967,0.31474531256119953,0.29042335968662825,0.3203378028833511,0.29450348892438294,0.31146092798127434,0.31190982998455186,0.3060509784696108,0.3288130284713102,0.316878285230738,0.29012540222258687,0.2506161730546381,0.3162159981847299,1.0,0.363385035399176,0.3236576886064304,0.5013849991909178,0.31635215915187065,0.0,0.3011591835039328,0.3179604631307005,0.45345675219005643,0.2944530520905797,0.32489864239398747,0.44007668259730337,0.31986555162246066,0.5211348115615682,0.31488376993243483,0.31884176125135344,0.8089298274526434,0.7580597793164119,0.3377354330841196,0.31562350297482344,0.31579230237346045,0.5010510768732634,0.356621491632765
0.3975942023434651,0.3642738482916489,0.3060525701449668,0.35785998148167764,0.3375087716205041,0.3701813027278158,0.3471798862184029,0.36754036895320075,0.3825004213992528,0.36653473405290393,0.35680719027361085,0.3666931428520167,0.35734750696407014,0.36552551300228286,0.3499153386872883,0.3529418423866383,0.32312350777692855,0.3496946494107198,0.327021514201838,0.34892637905485446,0.33789964326176825,0.33527783544317835,0.3545183947992341,0.34926966613643085,0.32255716065227247,0.27224362157669446,0.34955289799164624,0.363385035399176,1.0,0.37488709914349094,0.34382530834390534,0.3413481358361138,0.0,0.3354788436223123,0.3508734667110648,0.35772223103401335,0.33213655299899125,0.3452376998674459,0.31853292783863063,0.3517125925557072,0.34305806527956306,0.34483689393437356,0.3508982205466351,0.3631335467223147,0.35893050291746176,0.4312971574408071,0.34480711528800934,0.3451238618787714,0.35446769727817606,0.6287373427033323
0.4323588151478296,0.36363785182582087,0.3150861661472525,0.32645424692965286,0.3540616349226824,0.35780389724056927,0.34564416594821945,0.3318786909910135,0.4529438178396902,0.3469446923204019,0.3670705420144865,0.32271023569315926,0.37281181583549505,0.3253411696698292,0.32207306357159615,0.36868493910578903,0.32657871347280587,0.3570597410335541,0.32196560051550993,0.3536027184422583,0.3520888598753472,0.34052857898359934,0.3540567008649128,0.3565949230055796,0.3196150532916213,0.2875204647024293,0.35364995507416774,0.3236576886064304,0.37488709914349094,1.0,0.31490860442740853,0.3392145420790583,0.0,0.3303573762571186,0.3565840151264352,0.3273001321936573,0.33942654110353987,0.3473608549695909,0.29526106023602283,0.37022300998938373,0.3193685937335219,0.3487655416576334,0.36257284113209287,0.32789634260557754,0.32186012090461213,0.37252023078171836,0.35916375594914796,0.359343582512052,0.3258211874974525,0.39086286561600414
0.31372233419039075,0.3090164277139077,0.250779170398839,0.5274896546361976,0.31789141148382205,0.30758365434074675,0.2825322116215486,0.5060761102587921,0.3262596952664282,0.5441052364295836,0.3076180199294034,0.46957212819817096,0.3160411758611731,0.5259166315577339,0.5250958650797091,0.3051368199042426,0.2803597774005895,0.30221472048420783,0.2715589517472984,0.2880092384842936,0.28949227262286403,0.28551480438065713,0.3023996377545003,0.30686787789481984,0.28275247329785147,0.24604247015719916,0.30079137594250727,0.5013849991909178,0.34382530834390534,0.31490860442740853,1.0,0.3054001198165319,0.0,0.2897017276644578,0.2941178611375658,0.4349680175811764,0.2803663878674003,0.2960284407952146,0.4149592899077388,0.3041007129342129,0.64453920162113,0.29940992903170427,0.30145118143385774,0.5051925961064236,0.4913199931533573,0.3275101384213336,0.3004896780432824,0.30077744564633935,0.4612772949348708,0.34122123662066695
0.3593816616350397,0.44110887175485514,0.27250915441757173,0.33864579798452044,0.48668205729554115,0.4481634643478821,0.3867471227230004,0.32912748199410324,0.3497625900875745,0.33103418937361795,0.4844269559520429,0.308727424169269,0.5347250053956987,0.3182423996638648,0.3259339619953322,0.4044885969645269,0.4628230750830248,0.4750990000034685,0.4714660200121754,0.3873052725330769,0.48882468208485363,0.49497080618899825,0.5198459049570359,0.45150069413109806,0.4573784161695218,0.36945241452372724,0.5152167474978755,0.31635215915187065,0.3413481358361138,0.3392145420790583,0.3054001198165319,1.0,0.0,0.4941282237419712,0.43424837451138587,0.3135243029771585,0.38795795195103555,0.5066911285512445,0.29776314269161486,0.5181508006391342,0.31347565989014525,0.43887739118929947,0.5258857164041246,0.31436890277661744,0.3187489284946018,0.31755639983971473,0.44273654456910805,0.44249994643628376,0.30286531717288667,0.3406092776643872
0.0,0.0,0.0,0.0,0.0,0.0,0.0,0.0,0.0,0.0,0.0,0.0,0.0,0.0,0.0,0.0,0.0,0.0,0.0,0.0,0.0,0.0,0.0,0.0,0.0,0.0,0.0,0.0,0.0,0.0,0.0,0.0,1.0,0.0,0.0,0.0,0.0,0.0,0.0,0.0,0.0,0.0,0.0,0.0,0.0,0.0,0.0,0.0,0.0,0.0
0.348804256191555,0.4283358158584549,0.27540571039764705,0.30115375333095096,0.4484318438976398,0.4430330575427994,0.39660064607111045,0.3102290910286576,0.3379328456096097,0.30658925363579503,0.4980079703276179,0.30025286857374234,0.5475046910144612,0.3008235203541213,0.29040922079261566,0.3939058324302246,0.4012208578773342,0.49654529966054206,0.4924419322482767,0.3965408103086666,0.5078671582038814,0.6275214323171514,0.6166601919816337,0.4194678468017847,0.39442713225052084,0.33490544038561,0.5237416975026641,0.3011591835039328,0.3354788436223123,0.3303573762571186,0.2897017276644578,0.4941282237419712,0.0,1.0,0.42841509818100254,0.32760598542888864,0.3780231502539848,0.5017621171080888,0.3034337291155018,0.5198909536569525,0.29232330982958354,0.4305203418827893,0.5372664685025466,0.30457875346231156,0.30378050747092356,0.31139805140487764,0.4291951726156571,0.42938827612984953,0.30030343611854515,0.341875972311134
0.36967686028114943,0.5829945157032905,0.2859896050725168,0.3157171961798435,0.4361753800759268,0.5824413006101927,0.4105756401349774,0.3201033181520113,0.3535724654540773,0.32415336699457586,0.47211629365142194,0.3139777115470048,0.46034269216686863,0.31236502517770404,0.3062460466587591,0.4128306588569488,0.471143208794096,0.4618918855368448,0.42319418497428907,0.41606225510863315,0.4523658702948402,0.4370748095381376,0.4599357922600399,0.5854527870830295,0.5280645875529049,0.4122767305780842,0.4543937756308569,0.3179604631307005,0.3508734667110648,0.3565840151264352,0.2941178611375658,0.43424837451138587,0.0,0.42841509818100254,1.0,0.32347697926029595,0.3932426405862959,0.44125837524218114,0.29835796949306714,0.46279293936158394,0.3010780503793803,0.5118595978337424,0.4697478829298991,0.319322279688084,0.3190163268039051,0.3234605292216618,0.5054217240268635,0.5044407977001599,0.3160961718363241,0.35111795172238836
0.3363535582243178,0.32339401996557504,0.27160303159836263,0.45359399428454805,0.3044638673652068,0.336387371128951,0.3310032683661429,0.4575677799605239,0.33877201642326993,0.4614401790605349,0.3359895712191092,0.43905081693162895,0.3252037665402827,0.4500673945372935,0.438234413175284,0.33125735507694154,0.30567955479863207,0.3413752214280792,0.31039889913888896,0.3325685678361251,0.3335048742026455,0.31851139247810056,0.34082701517996594,0.33108997365124104,0.29585749294156116,0.2592272384886576,0.32816297308765685,0.45345675219005643,0.35772223103401335,0.3273001321936573,0.4349680175811764,0.3135243029771585,0.0,0.32760598542888864,0.32347697926029595,1.0,0.3182283445928221,0.31270134676370354,0.44178811797780326,0.3322798771523098,0.4419683391646053,0.3240188265663527,0.3248781320370496,0.46073202686520287,0.4575162272472255,0.3397145598113702,0.3165541197894529,0.3169949615311203,0.4510504713173632,0.3610589297304653
0.3500521568385575,0.38450106722697874,0.2681365049632023,0.30831007000273936,0.3757361960118105,0.40488210882628606,0.7850885310917974,0.3081301298229302,0.3500908464297485,0.3076758981189852,0.3841367167804437,0.29171851030348483,0.39513992081797245,0.2980473044505345,0.2917524627084255,0.7336858278101619,0.36661436031968897,0.4156115416894869,0.3898114208922224,0.7822121400082268,0.4120640320040193,0.40062778115670816,0.4217128644921351,0.3929295712231248,0.3752618968140371,0.31233896113717297,0.3840127465990143,0.2944530520905797,0.33213655299899125,0.33942654110353987,0.2803663878674003,0.38795795195103555,0.0,0.3780231502539848,0.3932426405862959,0.3182283445928221,1.0,0.3664156365412521,0.2908361316813073,0.3791595047354447,0.28554874461338675,0.37975169653333407,0.3936626259837068,0.29825073081855524,0.29428713746297563,0.30467132952928333,0.3727392332298024,0.3721192791583944,0.28957715069262835,0.33274505018923295
0.37207392748349066,0.4707263463618425,0.28597897265706973,0.30919975910804576,0.4622581070242402,0.46014986171371564,0.37572129029866774,0.3309610477710413,0.34376029487367976,0.3212585869770621,0.518994946450608,0.31236006337312716,0.5493838450190872,0.3129166030027247,0.3016346442413308,0.3833480912398002,0.3970034973303256,0.4891386152651175,0.4916318112384157,0.3838308522167928,0.4968444429397245,0.5213727830513049,0.5228110544021083,0.43408966494622225,0.4050755763780495,0.3441552541807211,0.6042674112121473,0.32489864239398747,0.3452376998674459,0.3473608549695909,0.2960284407952146,0.5066911285512445,0.0,0.5017621171080888,0.44125837524218114,0.31270134676370354,0.3664156365412521,1.0,0.28661128028601335,0.5539456569242246,0.3040592783749946,0.4572115260398454,0.6399326040377971,0.33371287025785035,0.3263258051279426,0.32295778576301626,0.46544984152224567,0.46503517069093836,0.32364020456652176,0.34487398765322663
0.30493681527566174,0.29216129790403045,0.24186531364177954,0.44654361791172537,0.3005492021304188,0.32445874567614186,0.30210341464546286,0.4508683198023683,0.3049918566717793,0.4551706413703951,0.29920795836121006,0.4276095597175881,0.2979472242008563,0.43235989330525026,0.4348185527314715,0.30260793738038294,0.285581510450836,0.3045477899906518,0.2789432752538463,0.2971045353724897,0.2957474229075192,0.2907132137669659,0.30810635207753323,0.3008284167523546,0.2870265267841732,0.2513248260784703,0.2852424777255408,0.44007668259730337,0.31853292783863063,0.29526106023602283,0.4149592899077388,0.29776314269161486,0.0,0.3034337291155018,0.29835796949306714,0.44178811797780326,0.2908361316813073,0.28661128028601335,1.0,0.2977116602933394,0.43239157730769384,0.30906963334575066,0.3007877492437897,0.45125370074080506,0.4551960498051323,0.3019057990136378,0.297465590861027,0.2978498834517883,0.4258951532698926,0.3200897946668131
0.3712264203241826,0.46102575540219803,0.29333276369503647,0.31362542605707966,0.46963952983125745,0.4564429248103492,0.3964172507199134,0.32709426473607983,0.35900696130787435,0.3293907227149181,0.5622324795196545,0.31356156524730217,0.5780806659305703,0.3158950098666039,0.30860164105145715,0.4004931110176262,0.4121676470080291,0.5285803900865514,0.5071995356558909,0.40839720657725787,0.5366191074247297,0.5476172996829803,0.5519058828077551,0.44387379897743906,0.4024732584645804,0.3604674682440976,0.5702800604565219,0.31986555162246066,0.3517125925557072,0.37022300998938373,0.3041007129342129,0.5181508006391342,0.0,0.5198909536569525,0.46279293936158394,0.3322798771523098,0.3791595047354447,0.5539456569242246,0.2977116602933394,1.0,0.30756244411724953,0.4680411669360077,0.5803652979431703,0.32375185302808895,0.32486372688423615,0.3419896602637662,0.48274129465712423,0.4827982569170627,0.3219348584193513,0.3674208280075828
