../ecoli_genomes/GCF_000163235.1_ASM16323v1_genomic.fna.gz,../ecoli_genomes/GCF_000164555.1_ASM16455v1_genomic.fna.gz,../ecoli_genomes/GCF_000208545.1_ASM20854v2_genomic.fna.gz,../ecoli_genomes/GCF_000233875.1_ASM23387v1_genomic.fna.gz,../ecoli_genomes/GCF_000249735.1_ASM24973v2_genomic.fna.gz,../ecoli_genomes/GCF_000261145.1_Esch_coli_M919_V2_genomic.fna.gz,../ecoli_genomes/GCF_000267705.2_ASM26770v2_genomic.fna.gz,../ecoli_genomes/GCF_000350665.1_Esch_coli_KTE5_V1_genomic.fna.gz,../ecoli_genomes/GCF_000351625.1_Esch_coli_KTE66_V1_genomic.fna.gz,../ecoli_genomes/GCF_000352285.1_Esch_coli_KTE46_V1_genomic.fna.gz,../ecoli_genomes/GCF_000358895.1_ASM35889v1_genomic.fna.gz,../ecoli_genomes/GCF_000456385.1_Esch_coli_HVH_26_4-5703913_V1_genomic.fna.gz,../ecoli_genomes/GCF_000458195.1_Esch_coli_HVH_147_4-5893887_V1_genomic.fna.gz,../ecoli_genomes/GCF_000459755.1_Esch_coli_KOEGE_58_171a_V1_genomic.fna.gz,../ecoli_genomes/GCF_000460055.1_Esch_coli_UMEA_3053-1_V1_genomic.fna.gz,../ecoli_genomes/GCF_000462165.2_ASM46216v2_genomic.fna.gz,../ecoli_genomes/GCF_000601135.1_ASM60113v1_genomic.fna.gz,../ecoli_genomes/GCF_000614595.1_Ec2010EL1058_genomic.fna.gz,../ecoli_genomes/GCF_000617745.1_Ec2010C-4529_genomic.fna.gz,../ecoli_genomes/GCF_000618265.2_EcF6751_genomic.fna.gz,../ecoli_genomes/GCF_000619005.2_Ec2009C-4052_genomic.fna.gz,../ecoli_genomes/GCF_000619105.1_Ec2009C-4780_genomic.fna.gz,../ecoli_genomes/GCF_000619765.2_Ec2009C-3279_genomic.fna.gz,../ecoli_genomes/GCF_000687005.1_ASM68700v1_genomic.fna.gz,../ecoli_genomes/GCF_000687025.1_ASM68702v1_genomic.fna.gz,../ecoli_genomes/GCF_000700125.1_ASM70012v1_genomic.fna.gz,../ecoli_genomes/GCF_000753315.1_FHI35_genomic.fna.gz,../ecoli_genomes/GCF_000776375.1_ASM77637v1_genomic.fna.gz,../ecoli_genomes/GCF_000779395.1_ASM77939v1_genomic.fna.gz,../ecoli_genomes/GCF_000780315.1_ASM78031v1_genomic.fna.gz,../ecoli_genomes/GCF_000781995.1_ASM78199v1_genomic.fna.gz,../ecoli_genomes/GCF_000986765.1_ASM98676v1_genomic.fna.gz,../ecoli_genomes/GCF_001041375.1_ViralProj287958_genomic.fna.gz,../ecoli_genomes/GCF_001265335.1_302014_genomic.fna.gz,../ecoli_genomes/GCF_001265625.1_100854_genomic.fna.gz,../ecoli_genomes/GCF_001267345.1_303289_genomic.fna.gz,../ecoli_genomes/GCF_001309985.1_ASM130998v1_genomic.fna.gz,../ecoli_genomes/GCF_001521695.1_ASM152169v1_genomic.fna.gz,../ecoli_genomes/GCF_001592595.1_ASM159259v1_genomic.fna.gz,../ecoli_genomes/GCF_001614975.1_ASM161497v1_genomic.fna.gz,../ecoli_genomes/GCF_001692775.1_ASM169277v1_genomic.fna.gz,../ecoli_genomes/GCF_001748915.1_ASM174891v1_genomic.fna.gz,../ecoli_genomes/GCF_001749235.1_ASM174923v1_genomic.fna.gz,../ecoli_genomes/GCF_001881155.1_ASM188115v1_genomic.fna.gz,../ecoli_genomes/GCF_001881345.1_ASM188134v1_genomic.fna.gz,../ecoli_genomes/GCF_001892405.1_ASM189240v1_genomic.fna.gz,../ecoli_genomes/GCF_001892585.1_ASM189258v1_genomic.fna.gz,../ecoli_genomes/GCF_001893985.1_ASM189398v1_genomic.fna.gz,../ecoli_genomes/GCF_002001595.1_ASM200159v1_genomic.fna.gz,../ecoli_genomes/GCF_002002145.1_ASM200214v1_genomic.fna.gz
1.0,0.7726704616166871,0.765709899425893,0.7502992556646639,0.7420921273913126,0.7484478804172754,0.7610388349752741,0.7590082185274816,0.7886881455429932,0.7557653667801665,0.7625200160313297,0.7603601274648185,0.7550743766471399,0.7424449121822505,0.7417596637393558,0.7652816256788051,0.7406974182596369,0.7542270309297895,0.715724994146147,0.7636173667605187,0.7573665361940205,0.7343256823492361,0.7628870772721068,0.7444620817238732,0.7316465691045998,0.7410904345572418,0.7523037112760357,0.7483660517922549,0.7691939638897083,0.784879597509893,0.7359382249889148,0.7469361260159942,0.049659633803803005,0.7562735132258476,0.7415370315193366,0.7180797437621118,0.7545099510901134,0.7634552119819225,0.5659832241963351,0.7578221917373321,0.746749704731029,0.7520263358913358,0.7590058363157419,0.7554832970016243,0.7571230205622523,0.7577610908599433,0.752246371249418,0.7520916240196494,0.7504157057023635,0.7768827029724579
0.7726704616166871,1.0,0.7511621333198121,0.7504858738476097,0.7748407855947523,0.8152033187465246,0.7744590861249302,0.7533393564185787,0.7537580940610934,0.762436789605311,0.7958361265974541,0.7561110899655632,0.7915188852761643,0.7506078623578162,0.7399141215978555,0.7784947046853412,0.796836381148484,0.7938797470775526,0.759381477572902,0.7767929505884335,0.7952534967822376,0.772081774852987,0.8004325264095318,0.8221416662523195,0.8058331446196213,0.7961911022438297,0.7990025909034366,0.748368093143619,0.7552227751642864,0.7688127987741985,0.7459289184061446,0.7777222068584883,0.05221653397942072,0.7893980640622252,0.8189256439931801,0.7228257964701832,0.766792701287806,0.7999581119655372,0.5540863030667098,0.8022923819342201,0.7498851429384181,0.8082108068252336,0.8011628774037634,0.7566764232982004,0.7575041706244224,0.760375589166791,0.8080998969358715,0.8082017116635991,0.7598765210951777,0.7613716436448564
0.765709899425893,0.7511621333198121,1.0,0.7277843863521065,0.7292434022776589,0.7360531270500141,0.7552338387309492,0.7359878725838356,0.7552702718216142,0.7373043839541675,0.7389391045318204,0.7335911348356251,0.7359725495220524,0.7309072564468205,0.7256543721300976,0.7559060397451638,0.7197365074268823,0.7439568253845167,0.6988912179079916,0.7573671368918719,0.7464480579541738,0.7205937147376869,0.7495484818018829,0.7227517403019676,0.71604338704261,0.7222149035522445,0.7419785994461963,0.7306474610410365,0.7590983392935491,0.7548584915493064,0.722884886674767,0.7246419292475542,0.060535013740208976,0.7407025162300654,0.723094906238462,0.7116794993415385,0.7466466896309574,0.7403138967156434,0.5336639621336379,0.7482805435377745,0.7259643270749067,0.7309333426764375,0.7421193802135512,0.7359826123765475,0.7333287336305029,0.7475801156818863,0.7334859246274801,0.7344427266140331,0.7355661910543446,0.7562338157073633
0.7502992556646639,0.7504858738476097,0.7277843863521065,1.0,0.7402971123018989,0.7385294463634183,0.7329387616241999,0.8124929916075809,0.7448190589448961,0.82275483002093,0.7379172507795587,0.8200746762356614,0.7335812850536942,0.8325678025358705,0.8443192624003448,0.7368312630562882,0.7266969246094741,0.7430645259682672,0.7022789133648731,0.7347122329491248,0.732643691291782,0.716005366706729,0.7452852560581789,0.728003916422705,0.7232811294545014,0.7207540193493823,0.7381407772960692,0.8265712840426075,0.7482740415723377,0.7404620527537225,0.8103146556446538,0.7391522314855605,0.05456966656368123,0.7358911319332295,0.7304342123439327,0.7597058893267827,0.7319949754222741,0.7415596464900811,0.5786419690178634,0.7363176418630906,0.8256949029252977,0.7340340593692304,0.738305125777178,0.8302056391790171,0.8225872110217227,0.7497581363509986,0.7384731172442317,0.738163692640158,0.801533779091143,0.7536585675955437
0.7420921273913126,0.7748407855947523,0.7292434022776589,0.7402971123018989,1.0,0.7712359392136837,0.7440261799757281,0.7428039823193624,0.7439012585567712,0.7469387439742576,0.7969532168717011,0.7360881963792872,0.7826544227190662,0.7360403605671382,0.7370703191658852,0.7529069439587357,0.768440033342626,0.7672374994997067,0.7367309444421472,0.7463959201087631,0.7720037288031107,0.7475950405866507,0.7740510060813564,0.7675462501979922,0.7637486387975845,0.7639284055203635,0.7805960217439701,0.7301883935259806,0.7362770629745647,0.749223323388271,0.7283508640579501,0.7742862632656348,0.05055025513918099,0.7785201279415466,0.7603751987169237,0.7069579332011418,0.7435971369064505,0.8032012709560356,0.5456952195029856,0.783482495850987,0.7391650951571552,0.7649674512894772,0.7971453769006345,0.7389240416134442,0.7425548831539388,0.7393023056475341,0.7761988506340612,0.7757246673919675,0.7346708127172852,0.7388642600027742
0.7484478804172754,0.8152033187465246,0.7360531270500141,0.7385294463634183,0.7712359392136837,1.0,0.7734750580395924,0.7445995711106972,0.7392607424948862,0.7420123748628542,0.7855919769793033,0.739104857484068,0.7831553601491764,0.7334554268312036,0.7286584997426334,0.7750556936126956,0.7959509908031495,0.7922333521290211,0.7573022311172263,0.7738753882352842,0.790772403049156,0.7852460451308957,0.8004785906462251,0.8082015681807755,0.8028569913656527,0.7804753620899341,0.7844767840169456,0.7359859043851986,0.7411668498252778,0.7407199738042605,0.7261205203441647,0.7829403125771496,0.04865823643983891,0.7933237025019431,0.8083147433721853,0.7162998273843393,0.7673411380397819,0.7819837734338286,0.5577088656762959,0.7897117281618213,0.7377665863293037,0.811315313331207,0.7905030960277617,0.7415639720539924,0.7469750941549675,0.7436195572288541,0.7933807555020569,0.7934131018361269,0.7472126185055492,0.7435424311680161
0.7610388349752741,0.7744590861249302,0.7552338387309492,0.7329387616241999,0.7440261799757281,0.7734750580395924,1.0,0.7367904529440171,0.7532346943715107,0.7349085247321727,0.7625377898786568,0.7357926070230814,0.7611087825971838,0.7312449745200511,0.7280609410592864,0.9031664897332932,0.7525686468842656,0.7791800681840199,0.7400114204209699,0.9446321864734825,0.7855909615554644,0.7554754546431374,0.7830649547681431,0.7539066223214349,0.7455837958733669,0.7517569711481453,0.7716687196253287,0.7304532159227815,0.7515627037181369,0.7515547062405641,0.7181372039619459,0.7582484140409886,0.05819554139338501,0.7697113316470404,0.7554430211640777,0.7174593356332506,0.9186746918009658,0.7587475517127967,0.5419952731145374,0.7702858385618601,0.7250766751785469,0.7597127809813482,0.7663390799446143,0.7372480243186811,0.7364424102744297,0.7486883297510005,0.755235341463787,0.7553866123595008,0.7350809680380181,0.7554150420075334
0.7590082185274816,0.7533393564185787,0.7359878725838356,0.8124929916075809,0.7428039823193624,0.7445995711106972,0.7367904529440171,1.0,0.7538873000660704,0.8182082954805023,0.7530643726549937,0.8188748796782708,0.7454037685736836,0.809298637176892,0.8099798074173532,0.7443893085254807,0.7341378325451261,0.7450809551921802,0.7111985633104142,0.7389261454768871,0.7375379359799461,0.7245903733357925,0.7476095906876363,0.7370749781779086,0.7215731011576172,0.7293494697422295,0.746543063699135,0.8775693057765777,0.7580113028542484,0.7501327778319672,0.8020591810456473,0.744669221297968,0.05727609070748585,0.7470469914070454,0.7321154647545041,0.7540654766857001,0.7337501075391364,0.7568657438097839,0.5753155163952008,0.7504081475027198,0.808139979727125,0.747361060398525,0.7521159488425068,0.880305964485057,0.8667778097710817,0.7508058346400792,0.74061178536698,0.7395709063972753,0.8116328940567332,0.7602711527510009
0.7886881455429932,0.7537580940610934,0.7552702718216142,0.7448190589448961,0.7439012585567712,0.7392607424948862,0.7532346943715107,0.7538873000660704,1.0,0.7556148697970202,0.7521317212800526,0.73985050334193,0.7529527902496893,0.738215728538624,0.7415574252086876,0.7585261091845714,0.7306127178781288,0.7462337855025951,0.7095813594492001,0.7577807994215365,0.749327447257959,0.7190498136166632,0.7527163874790873,0.7342368954742331,0.7223243020935788,0.73599572506662,0.748954994504343,0.7453188552188255,0.7637030588525975,0.7928213627407755,0.7379191491557661,0.7349164558271346,0.05141152758780132,0.750823852664416,0.7316130838356503,0.7180428413648378,0.7529615871508035,0.7469777777729476,0.5446956248926489,0.7573352441304047,0.7430665742548814,0.7368667584433298,0.7537855922159447,0.7506255863330916,0.7458267598162609,0.7580492317100075,0.7415243302634971,0.7417572623786373,0.739970029535322,0.7723046762723822
0.7557653667801665,0.762436789605311,0.7373043839541675,0.82275483002093,0.7469387439742576,0.7420123748628542,0.7349085247321727,0.8182082954805023,0.7556148697970202,1.0,0.753246270063872,0.8070496606662283,0.7498730020347197,0.8173096608794947,0.810079260023275,0.7422591894329056,0.7265475214037049,0.7426844231983325,0.7038918605577422,0.738494366437612,0.7326870574772091,0.7174084174242168,0.7445924900371824,0.7406180821869977,0.7237262662520598,0.7310109237960793,0.7497754638858487,0.8185154842124094,0.7561940024800272,0.7501860214655447,0.8199593495587585,0.7356193138327074,0.0541923188811011,0.7415229075889227,0.739158112615065,0.7551481582348479,0.7322922366895869,0.75477423426215,0.5686482713074634,0.7563694814793956,0.823755505214736,0.7437251566342694,0.7506154602575825,0.8235813695868297,0.8208971051466593,0.7546596588012007,0.7489070606085524,0.7480391079075175,0.8099744993809732,0.7517560324367967
0.7625200160313297,0.7958361265974541,0.7389391045318204,0.7379172507795587,0.7969532168717011,0.7855919769793033,0.7625377898786568,0.7530643726549937,0.7521317212800526,0.753246270063872,1.0,0.7458979020531595,0.8239830839307701,0.7446337315786162,0.7348194710133484,0.7726080082704027,0.7748389889304739,0.7990131404043121,0.7781452712694603,0.7661893088716698,0.8042373654977246,0.7979519501838896,0.8159474079409273,0.785319962382681,0.7641345921933317,0.783723813837718,0.8115198494132357,0.7433875247751603,0.7442003068153736,0.7616337759989714,0.7339208889987066,0.7908000700839852,0.049944127646812886,0.8066298318787624,0.7769932345220559,0.7205931636553355,0.7574972520094316,0.8109321087512229,0.5537467307870982,0.8276391896425171,0.7407750480569679,0.7869498286627575,0.8230537553261645,0.7477959072031148,0.7459664024168566,0.7493049072701397,0.7891621312912507,0.7886294742295321,0.7508518483548622,0.7575308455159969
0.7603601274648185,0.7561110899655632,0.7335911348356251,0.8200746762356614,0.7360881963792872,0.739104857484068,0.7357926070230814,0.8188748796782708,0.73985050334193,0.8070496606662283,0.7458979020531595,1.0,0.7369427478631587,0.8160367208402092,0.8444979163245594,0.7360067391440694,0.7262267927258585,0.7413935566715044,0.704520569108477,0.7365496732427425,0.7398634215114767,0.7207844003763496,0.7478759067000857,0.7336811651310804,0.7253030535776139,0.7231269107443972,0.7430425814926085,0.8178598845910483,0.7541758850341941,0.7465024754275995,0.7917351871136129,0.7356863195508686,0.05486600590792412,0.742258776345764,0.7374257156966018,0.7537267890439641,0.7298922177472313,0.7488176972162348,0.573783284367443,0.7430615086603211,0.805238489508644,0.7426279413672439,0.7474842730013592,0.8255185646735557,0.8174173032366421,0.7516399836361416,0.742968840873376,0.7429830961684767,0.8056468019712303,0.7556934287173229
0.7550743766471399,0.7915188852761643,0.7359725495220524,0.7335812850536942,0.7826544227190662,0.7831553601491764,0.7611087825971838,0.7454037685736836,0.7529527902496893,0.7498730020347197,0.8239830839307701,0.7369427478631587,1.0,0.7302914180712099,0.729932847243502,0.7677648007667915,0.7768627832912068,0.8052397699467606,0.8141032868906404,0.7635187689572812,0.8155126134843742,0.8299811228440972,0.8292736884191475,0.7792506032248145,0.7589362381246768,0.7717984356043309,0.8256432488998555,0.7343567845616579,0.7432223813206114,0.763355539933058,0.7277497676609932,0.8170995942915511,0.0500518403643756,0.8239764613155219,0.7784234253738445,0.7101322430867127,0.758538374409415,0.8122083604392712,0.5473448934580929,0.8335820027753933,0.7325281805048454,0.7825576525826639,0.83389599061573,0.7388431807405613,0.7377783126286593,0.7401904502447123,0.784323354465996,0.782789110753561,0.7403561389299095,0.7560233059772508
0.7424449121822505,0.7506078623578162,0.7309072564468205,0.8325678025358705,0.7360403605671382,0.7334554268312036,0.7312449745200511,0.809298637176892,0.738215728538624,0.8173096608794947,0.7446337315786162,0.8160367208402092,0.7302914180712099,1.0,0.8381568329232074,0.7339955209963143,0.718698427774084,0.7379635392321087,0.7028736012479189,0.7337998314655928,0.7336374264232395,0.71190608788452,0.7438555651434415,0.7258746911691063,0.7159709434667587,0.7167572687050844,0.7420299484477626,0.8261404648403663,0.7466831552622566,0.7398150844720249,0.804455892882452,0.7261560751710532,0.0607205173083063,0.7316403496416163,0.7247199991071042,0.7551250494876667,0.7274986860524224,0.7439444351135749,0.5626836913677353,0.7432756515658843,0.8207854733617728,0.7345528510542177,0.7428030776552825,0.8276802246325938,0.8195142697719073,0.7505381619486959,0.742213826476143,0.7423805034935556,0.7998696044092662,0.7507283913663685
0.7417596637393558,0.7399141215978555,0.7256543721300976,0.8443192624003448,0.7370703191658852,0.7286584997426334,0.7280609410592864,0.8099798074173532,0.7415574252086876,0.810079260023275,0.7348194710133484,0.8444979163245594,0.729932847243502,0.8381568329232074,1.0,0.7307640762172275,0.7223089173243775,0.732039025541694,0.6935380408166036,0.7285558307266112,0.7317318257770802,0.7042044515046284,0.7365550900923759,0.7198199409950253,0.7149718401485748,0.7162561186714781,0.7375252113255555,0.8153239869394431,0.7465675142291057,0.738272089341216,0.8066510901523753,0.730315416295354,0.05281955931729432,0.7302293080027163,0.7214325886993523,0.7515990409231332,0.7240182068277858,0.7390032799891877,0.5709190809928262,0.737028652693081,0.8187546971510571,0.7276536497004689,0.7387782998437057,0.81927505077296,0.8119815386342785,0.74364516006113,0.7400512174382214,0.7401722879482964,0.7958039215277811,0.7535332968462112
0.7652816256788051,0.7784947046853412,0.7559060397451638,0.7368312630562882,0.7529069439587357,0.7750556936126956,0.9031664897332932,0.7443893085254807,0.7585261091845714,0.7422591894329056,0.7726080082704027,0.7360067391440694,0.7677648007667915,0.7339955209963143,0.7307640762172275,1.0,0.7564876480049332,0.7732740183856401,0.7418543982531449,0.9103800336557228,0.7785805331858107,0.7526128275671327,0.7784830754932288,0.7561868079163669,0.7543181054177008,0.7660617045038279,0.7708627242872648,0.7317220605347052,0.7491510824862879,0.7572430534655413,0.7236902678945286,0.759444472632203,0.058779787034460074,0.7696333078256375,0.7609079131800842,0.7176802498726496,0.8951082742299421,0.767889418838929,0.5409094862654859,0.7747944892750225,0.7321294915572273,0.7620695318645229,0.7730957634419116,0.7395377719644133,0.7391348493294302,0.7541234237717908,0.7605634771194765,0.7600336368822256,0.73940585075264,0.759360650370631
0.7406974182596369,0.796836381148484,0.7197365074268823,0.7266969246094741,0.768440033342626,0.7959509908031495,0.7525686468842656,0.7341378325451261,0.7306127178781288,0.7265475214037049,0.7748389889304739,0.7262267927258585,0.7768627832912068,0.718698427774084,0.7223089173243775,0.7564876480049332,1.0,0.7751448842649509,0.7398650152293462,0.7525650009112408,0.7794784511602666,0.7609671905539289,0.7907137540894895,0.7975826782907965,0.7973139421756865,0.8002715822922388,0.7754903517103288,0.7200775440454621,0.7247394029990517,0.7386968921818106,0.7133488069142496,0.7869440337518907,0.05070871043743874,0.782549306590213,0.7860099923598911,0.7097545669761183,0.749846912536739,0.7706756527049425,0.5370816924923943,0.7811888097229527,0.7205640902520036,0.7853565348601232,0.7788672366618753,0.7297185080990432,0.7356407218814762,0.7289950686934297,0.792843839254741,0.7930251651633632,0.723233871957099,0.7322547795680155
0.7542270309297895,0.7938797470775526,0.7439568253845167,0.7430645259682672,0.7672374994997067,0.7922333521290211,0.7791800681840199,0.7450809551921802,0.7462337855025951,0.7426844231983325,0.7990131404043121,0.7413935566715044,0.8052397699467606,0.7379635392321087,0.732039025541694,0.7732740183856401,0.7751448842649509,1.0,0.7903578295512493,0.7817001361926905,0.8248019678769611,0.8011318310533211,0.831235462425632,0.7777145986901114,0.7577341864992295,0.7686096581378536,0.8135857934536109,0.7396958860013694,0.7504839068084073,0.7549704314438076,0.7313693879206044,0.7883876356053682,0.0595108600987011,0.8096890257206996,0.7832816828210832,0.7264124356859367,0.7742774884874715,0.7910661430678663,0.5546351643345735,0.8137082998044063,0.7328962006781384,0.7907583090298578,0.8082322111422038,0.7423251038342202,0.7426528601726239,0.7489218148088377,0.783253885033682,0.7835405881830906,0.7400142545294831,0.753457638742244
0.715724994146147,0.759381477572902,0.6988912179079916,0.7022789133648731,0.7367309444421472,0.7573022311172263,0.7400114204209699,0.7111985633104142,0.7095813594492001,0.7038918605577422,0.7781452712694603,0.704520569108477,0.8141032868906404,0.7028736012479189,0.6935380408166036,0.7418543982531449,0.7398650152293462,0.7903578295512493,1.0,0.7401322629331133,0.7833836648753563,0.8059462779991005,0.7870515393244638,0.7442803307946533,0.7291046798516871,0.7301814088217307,0.7794166006776421,0.7031688869189228,0.7068581863584269,0.7165123506181914,0.692450761710822,0.7778097837337752,0.04975563960064078,0.7762219819939151,0.7480821412081302,0.6905235753677124,0.7386752870365629,0.7673960957235049,0.5296484608697093,0.775612842600258,0.699584781183033,0.7477703536500804,0.7785257459055777,0.7062968705118224,0.7051853203103063,0.7085493678330537,0.7431963120153731,0.7428260180293755,0.7109952548412106,0.7157336225497364
0.7636173667605187,0.7767929505884335,0.7573671368918719,0.7347122329491248,0.7463959201087631,0.7738753882352842,0.9446321864734825,0.7389261454768871,0.7577807994215365,0.738494366437612,0.7661893088716698,0.7365496732427425,0.7635187689572812,0.7337998314655928,0.7285558307266112,0.9103800336557228,0.7525650009112408,0.7817001361926905,0.7401322629331133,1.0,0.7883180264778324,0.7545326926496231,0.7839171151345499,0.7552364336818179,0.747637333590264,0.7528795690300765,0.7747445405730029,0.7327742724071997,0.7540400576041818,0.7568006865087549,0.7232008729124008,0.7586170654910257,0.05846018420746657,0.7697622138218372,0.7556811188884875,0.7192989855396449,0.9264402783874118,0.764514591756565,0.5413994596098519,0.7757251181226658,0.7280379166284996,0.7626815996475635,0.7709752615170832,0.738586076908893,0.7379281900264989,0.7553814259940094,0.7591496263522,0.7594826739227656,0.7361636273855527,0.7615049504322179
0.7573665361940205,0.7952534967822376,0.7464480579541738,0.732643691291782,0.7720037288031107,0.790772403049156,0.7855909615554644,0.7375379359799461,0.749327447257959,0.7326870574772091,0.8042373654977246,0.7398634215114767,0.8155126134843742,0.7336374264232395,0.7317318257770802,0.7785805331858107,0.7794784511602666,0.8248019678769611,0.7833836648753563,0.7883180264778324,1.0,0.8044881827978441,0.8357531238150374,0.7779273656024006,0.7639444018552085,0.7765678488450287,0.81908504423301,0.7345841633113912,0.7469045395214065,0.7639009664111966,0.7252019539342568,0.8005102601694442,0.05143737433974038,0.8200716913237422,0.7848599645469891,0.7216337154100024,0.7786563363858837,0.8003929687322449,0.549141955309312,0.8215125285130015,0.7299407446899496,0.7867796631015445,0.8212985250137034,0.7396418047590838,0.739779647939679,0.7497090300990039,0.7845570129767977,0.7847946211365446,0.7376070829711214,0.7561487236288236
0.7343256823492361,0.772081774852987,0.7205937147376869,0.716005366706729,0.7475950405866507,0.7852460451308957,0.7554754546431374,0.7245903733357925,0.7190498136166632,0.7174084174242168,0.7979519501838896,0.7207844003763496,0.8299811228440972,0.71190608788452,0.7042044515046284,0.7526128275671327,0.7609671905539289,0.8011318310533211,0.8059462779991005,0.7545326926496231,0.8044881827978441,1.0,0.8611718002771866,0.7565819661525346,0.7466776169228677,0.7498115633970586,0.7918824563683734,0.719321203988319,0.7222268678226964,0.7301918963409043,0.7021014586169324,0.8015191440531052,0.04676106628410248,0.8319851009153927,0.7559313077957756,0.7024519417428745,0.74940489914635,0.781996094791683,0.5380140685512047,0.7971934621353347,0.7105010550471962,0.7670605602100442,0.8009537703086431,0.7204148064076646,0.7223602460992521,0.716448401755855,0.7520417317857395,0.7517055724600709,0.7218145434677541,0.7272691609448376
0.7628870772721068,0.8004325264095318,0.7495484818018829,0.7452852560581789,0.7740510060813564,0.8004785906462251,0.7830649547681431,0.7476095906876363,0.7527163874790873,0.7445924900371824,0.8159474079409273,0.7478759067000857,0.8292736884191475,0.7438555651434415,0.7365550900923759,0.7784830754932288,0.7907137540894895,0.831235462425632,0.7870515393244638,0.7839171151345499,0.8357531238150374,0.8611718002771866,1.0,0.7800459461938161,0.7697952031529619,0.7710613312941004,0.8293872722212744,0.7437316899241297,0.754157381759098,0.760617371302165,0.7338783338434689,0.8127056691544492,0.05552900409403583,0.8520604483205214,0.7817774052373584,0.7256242831144385,0.7750854266630611,0.8103342190615305,0.5506361039879049,0.8283919289662309,0.7394181475338114,0.7878282754715138,0.8234277475078944,0.7468176017363508,0.7482594292997531,0.7550346714825802,0.7836803554240934,0.7848754298717187,0.7442726778898294,0.758746292230974
0.7444620817238732,0.8221416662523195,0.7227517403019676,0.728003916422705,0.7675462501979922,0.8082015681807755,0.7539066223214349,0.7370749781779086,0.7342368954742331,0.7406180821869977,0.785319962382681,0.7336811651310804,0.7792506032248145,0.7258746911691063,0.7198199409950253,0.7561868079163669,0.7975826782907965,0.7777145986901114,0.7442803307946533,0.7552364336818179,0.7779273656024006,0.7565819661525346,0.7800459461938161,1.0,0.8010634658152512,0.790981593177563,0.7814454743412543,0.7266716128257362,0.7281437960681789,0.7425767324196546,0.7208768359467683,0.7632388551754753,0.051121444996785725,0.7745621233383678,0.8262228795499287,0.7096425800152317,0.7514763540364935,0.7780255393769145,0.548762703391769,0.7803843214450685,0.7316336545873015,0.8031792300712112,0.7846205894751276,0.736476561716704,0.7406005947107961,0.7365291581587824,0.7926921699217161,0.7905648292094627,0.7349617636615925,0.7372210142479524
0.7316465691045998,0.8058331446196213,0.71604338704261,0.7232811294545014,0.7637486387975845,0.8028569913656527,0.7455837958733669,0.7215731011576172,0.7223243020935788,0.7237262662520598,0.7641345921933317,0.7253030535776139,0.7589362381246768,0.7159709434667587,0.7149718401485748,0.7543181054177008,0.7973139421756865,0.7577341864992295,0.7291046798516871,0.747637333590264,0.7639444018552085,0.7466776169228677,0.7697952031529619,0.8010634658152512,1.0,0.809152041438926,0.7601854181177526,0.7106051777451673,0.7113931650989713,0.7281553172211741,0.7149088601242343,0.7719754122476503,0.04993556948058242,0.7587133121425096,0.8034373020255268,0.6936608607192489,0.742689704075325,0.7658764304804861,0.5392706460822322,0.7648036859427189,0.7220681407363951,0.7813895496707339,0.7663642219533076,0.7245252057900203,0.7276164543958028,0.725792057568606,0.7788129454669964,0.7787143073691047,0.7219084748164232,0.7227177939826189
0.7410904345572418,0.7961911022438297,0.7222149035522445,0.7207540193493823,0.7639284055203635,0.7804753620899341,0.7517569711481453,0.7293494697422295,0.73599572506662,0.7310109237960793,0.783723813837718,0.7231269107443972,0.7717984356043309,0.7167572687050844,0.7162561186714781,0.7660617045038279,0.8002715822922388,0.7686096581378536,0.7301814088217307,0.7528795690300765,0.7765678488450287,0.7498115633970586,0.7710613312941004,0.790981593177563,0.809152041438926,1.0,0.7705580689947589,0.7120030195963613,0.7234659454211253,0.7323369181136089,0.7156014114952587,0.7614766459066906,0.05496701944516391,0.768919170337033,0.7922248271255895,0.7009360602241824,0.7497216294214989,0.7731987222056242,0.5474027450960146,0.7806373101813222,0.7167865413884342,0.78451631070674,0.7763047685865846,0.7261045826831319,0.7267692920201938,0.7281974115349237,0.7896297287701677,0.7889947305123359,0.7260916320400459,0.7339712042565212
0.7523037112760357,0.7990025909034366,0.7419785994461963,0.7381407772960692,0.7805960217439701,0.7844767840169456,0.7716687196253287,0.746543063699135,0.748954994504343,0.7497754638858487,0.8115198494132357,0.7430425814926085,0.8256432488998555,0.7420299484477626,0.7375252113255555,0.7708627242872648,0.7754903517103288,0.8135857934536109,0.7794166006776421,0.7747445405730029,0.81908504423301,0.7918824563683734,0.8293872722212744,0.7814454743412543,0.7601854181177526,0.7705580689947589,1.0,0.7384330950613176,0.7448007759570692,0.7553269731139953,0.73183752383223,0.800921931276638,0.049577526900279834,0.8116353158832801,0.7839431311863148,0.7179682493782961,0.7665845713950422,0.836174035529482,0.5431850362325239,0.832464192838466,0.7390271545377302,0.7853523115494666,0.8484312273813176,0.7445881733848241,0.7407846648804235,0.7525503945489929,0.783232020507663,0.7833022638145275,0.7503902842236019,0.7565113026956505
0.7483660517922549,0.748368093143619,0.7306474610410365,0.8265712840426075,0.7301883935259806,0.7359859043851986,0.7304532159227815,0.8775693057765777,0.7453188552188255,0.8185154842124094,0.7433875247751603,0.8178598845910483,0.7343567845616579,0.8261404648403663,0.8153239869394431,0.7317220605347052,0.7200775440454621,0.7396958860013694,0.7031688869189228,0.7327742724071997,0.7345841633113912,0.719321203988319,0.7437316899241297,0.7266716128257362,0.7106051777451673,0.7120030195963613,0.7384330950613176,1.0,0.7512475420173248,0.7411495169363285,0.8040679282863172,0.7355766043817766,0.057646047139596535,0.7364207261383056,0.723562230869433,0.7562550516773889,0.7256125976144472,0.7459217416992014,0.5711802238841346,0.7412224642909595,0.8107668417125911,0.7407321573681922,0.742145737567179,0.9184033286866031,0.8986008296793554,0.7452731841933644,0.7347277870229473,0.7344709289150346,0.8121861222970861,0.7485446510294376
0.7691939638897083,0.7552227751642864,0.7590983392935491,0.7482740415723377,0.7362770629745647,0.7411668498252778,0.7515627037181369,0.7580113028542484,0.7637030588525975,0.7561940024800272,0.7442003068153736,0.7541758850341941,0.7432223813206114,0.7466831552622566,0.7465675142291057,0.7491510824862879,0.7247394029990517,0.7504839068084073,0.7068581863584269,0.7540400576041818,0.7469045395214065,0.7222268678226964,0.754157381759098,0.7281437960681789,0.7113931650989713,0.7234659454211253,0.7448007759570692,0.7512475420173248,1.0,0.7577545273573939,0.7375817268474085,0.733666996872332,0.0570351621816354,0.747773354841734,0.7215958490491401,0.726106503203104,0.7459586858547831,0.7469901232701069,0.5508264400518756,0.750230621912938,0.7420753041413087,0.7317353949423203,0.7402055557861699,0.753609777959783,0.7507704445416854,0.7745953912192834,0.7418847160079072,0.7418714462193533,0.7477177491547617,0.8371427659305063
0.784879597509893,0.7688127987741985,0.7548584915493064,0.7404620527537225,0.749223323388271,0.7407199738042605,0.7515547062405641,0.7501327778319672,0.7928213627407755,0.7501860214655447,0.7616337759989714,0.7465024754275995,0.763355539933058,0.7398150844720249,0.738272089341216,0.7572430534655413,0.7386968921818106,0.7549704314438076,0.7165123506181914,0.7568006865087549,0.7639009664111966,0.7301918963409043,0.760617371302165,0.7425767324196546,0.7281553172211741,0.7323369181136089,0.7553269731139953,0.7411495169363285,0.7577545273573939,1.0,0.7359765610185998,0.7397527471982075,0.050959253157487394,0.7554756656944837,0.7384657504653547,0.7182769108768008,0.7472367457783293,0.7517695997318093,0.545659586488509,0.7674269740065036,0.7435214497228599,0.7489393017688339,0.764124952234619,0.7485844371878343,0.7431453284301525,0.7601258849580843,0.753593921240376,0.7539589073010489,0.7424911112576787,0.7746954599664158
0.7359382249889148,0.7459289184061446,0.722884886674767,0.8103146556446538,0.7283508640579501,0.7261205203441647,0.7181372039619459,0.8020591810456473,0.7379191491557661,0.8199593495587585,0.7339208889987066,0.7917351871136129,0.7277497676609932,0.804455892882452,0.8066510901523753,0.7236902678945286,0.7133488069142496,0.7313693879206044,0.692450761710822,0.7232008729124008,0.7252019539342568,0.7021014586169324,0.7338783338434689,0.7208768359467683,0.7149088601242343,0.7156014114952587,0.73183752383223,0.8040679282863172,0.7375817268474085,0.7359765610185998,1.0,0.719060123733151,0.05710835406573922,0.7256945272835061,0.7240323953756755,0.7419964723388549,0.7163743625155738,0.7351254619487374,0.5659611328356555,0.7373198567371,0.8477464463473514,0.7286089033252752,0.7349951484361653,0.8074861695399285,0.7989597777796165,0.7424437994187245,0.737559254465483,0.7372842527102609,0.791622870793099,0.738667701340828
0.7469361260159942,0.7777222068584883,0.7246419292475542,0.7391522314855605,0.7742862632656348,0.7829403125771496,0.7582484140409886,0.744669221297968,0.7349164558271346,0.7356193138327074,0.7908000700839852,0.7356863195508686,0.8170995942915511,0.7261560751710532,0.730315416295354,0.759444472632203,0.7869440337518907,0.7883876356053682,0.7778097837337752,0.7586170654910257,0.8005102601694442,0.8015191440531052,0.8127056691544492,0.7632388551754753,0.7719754122476503,0.7614766459066906,0.800921931276638,0.7355766043817766,0.733666996872332,0.7397527471982075,0.719060123733151,1.0,0.05131594211351631,0.8024921721768027,0.7572015698523433,0.7051102777609604,0.7561049277071222,0.7953011018168361,0.5486846528072917,0.8026821391515297,0.7267641390286438,0.771453216927614,0.8047659741370189,0.7402104301041628,0.7426058843485361,0.7340671205634361,0.7651538093016791,0.7637942203262529,0.7322515801090985,0.7377470130568422
0.049659633803803005,0.05221653397942072,0.060535013740208976,0.05456966656368123,0.05055025513918099,0.04865823643983891,0.05819554139338501,0.05727609070748585,0.05141152758780132,0.0541923188811011,0.049944127646812886,0.05486600590792412,0.0500518403643756,0.0607205173083063,0.05281955931729432,0.058779787034460074,0.05070871043743874,0.0595108600987011,0.04975563960064078,0.05846018420746657,0.05143737433974038,0.04676106628410248,0.05552900409403583,0.051121444996785725,0.04993556948058242,0.05496701944516391,0.049577526900279834,0.057646047139596535,0.0570351621816354,0.050959253157487394,0.05710835406573922,0.05131594211351631,1.0,0.05151124479743119,0.04761325704314778,0.054347749771415876,0.05893342081701558,0.05332004284377334,0.044688807006352804,0.052838802668566665,0.056897753947970586,0.04912268418432608,0.05375819763013734,0.056935758306641326,0.055843122574250836,0.0562580109050963,0.05748847063042306,0.05751557578253774,0.05377452610087663,0.0555340282606156
0.7562735132258476,0.7893980640622252,0.7407025162300654,0.7358911319332295,0.7785201279415466,0.7933237025019431,0.7697113316470404,0.7470469914070454,0.750823852664416,0.7415229075889227,0.8066298318787624,0.742258776345764,0.8239764613155219,0.7316403496416163,0.7302293080027163,0.7696333078256375,0.782549306590213,0.8096890257206996,0.7762219819939151,0.7697622138218372,0.8200716913237422,0.8319851009153927,0.8520604483205214,0.7745621233383678,0.7587133121425096,0.768919170337033,0.8116353158832801,0.7364207261383056,0.747773354841734,0.7554756656944837,0.7256945272835061,0.8024921721768027,0.05151124479743119,1.0,0.778113046749333,0.7259173171339878,0.7618496277594089,0.8002159704781608,0.5576323540582164,0.818778930493496,0.7338717022394192,0.7849259085116412,0.8201051448190683,0.74267550498753,0.7450694877344046,0.7470466932753386,0.7768499075236673,0.7774716144064937,0.7426630028970389,0.7547847160646641
0.7415370315193366,0.8189256439931801,0.723094906238462,0.7304342123439327,0.7603751987169237,0.8083147433721853,0.7554430211640777,0.7321154647545041,0.7316130838356503,0.739158112615065,0.7769932345220559,0.7374257156966018,0.7784234253738445,0.7247199991071042,0.7214325886993523,0.7609079131800842,0.7860099923598911,0.7832816828210832,0.7480821412081302,0.7556811188884875,0.7848599645469891,0.7559313077957756,0.7817774052373584,0.8262228795499287,0.8034373020255268,0.7922248271255895,0.7839431311863148,0.723562230869433,0.7215958490491401,0.7384657504653547,0.7240323953756755,0.7572015698523433,0.04761325704314778,0.778113046749333,1.0,0.7072658827132998,0.7470434651406876,0.7739898231291614,0.5478691155788376,0.7849753973550121,0.7300463815727901,0.7970808478753454,0.7840986242837038,0.7317090544069635,0.7313416761275022,0.7322992650440838,0.7870588680413009,0.7860278838846874,0.7364361379319682,0.7330586945253313
0.7180797437621118,0.7228257964701832,0.7116794993415385,0.7597058893267827,0.7069579332011418,0.7162998273843393,0.7174593356332506,0.7540654766857001,0.7180428413648378,0.7551481582348479,0.7205931636553355,0.7537267890439641,0.7101322430867127,0.7551250494876667,0.7515990409231332,0.7176802498726496,0.7097545669761183,0.7264124356859367,0.6905235753677124,0.7192989855396449,0.7216337154100024,0.7024519417428745,0.7256242831144385,0.7096425800152317,0.6936608607192489,0.7009360602241824,0.7179682493782961,0.7562550516773889,0.726106503203104,0.7182769108768008,0.7419964723388549,0.7051102777609604,0.054347749771415876,0.7259173171339878,0.7072658827132998,1.0,0.7130813508166174,0.7154362258822933,0.5597575345280719,0.7215592177556438,0.752408647324448,0.7140741466585927,0.7176322907485854,0.7621535364727655,0.7555852467920852,0.7202134719062305,0.7147022428633258,0.7144207812753831,0.761459353463993,0.7304175453845176
0.7545099510901134,0.766792701287806,0.7466466896309574,0.7319949754222741,0.7435971369064505,0.7673411380397819,0.9186746918009658,0.7337501075391364,0.7529615871508035,0.7322922366895869,0.7574972520094316,0.7298922177472313,0.758538374409415,0.7274986860524224,0.7240182068277858,0.8951082742299421,0.749846912536739,0.7742774884874715,0.7386752870365629,0.9264402783874118,0.7786563363858837,0.74940489914635,0.7750854266630611,0.7514763540364935,0.742689704075325,0.7497216294214989,0.7665845713950422,0.7256125976144472,0.7459586858547831,0.7472367457783293,0.7163743625155738,0.7561049277071222,0.05893342081701558,0.7618496277594089,0.7470434651406876,0.7130813508166174,1.0,0.7555086884839498,0.5372952021866557,0.7642481808623186,0.7218467252563452,0.7561724454523112,0.7638839917708015,0.7329599381092304,0.7324259135530476,0.7448036376399125,0.7519353427771059,0.7515915146984431,0.7283909517749712,0.7539528961847934
0.7634552119819225,0.7999581119655372,0.7403138967156434,0.7415596464900811,0.8032012709560356,0.7819837734338286,0.7587475517127967,0.7568657438097839,0.7469777777729476,0.75477423426215,0.8109321087512229,0.7488176972162348,0.8122083604392712,0.7439444351135749,0.7390032799891877,0.767889418838929,0.7706756527049425,0.7910661430678663,0.7673960957235049,0.764514591756565,0.8003929687322449,0.781996094791683,0.8103342190615305,0.7780255393769145,0.7658764304804861,0.7731987222056242,0.836174035529482,0.7459217416992014,0.7469901232701069,0.7517695997318093,0.7351254619487374,0.7953011018168361,0.05332004284377334,0.8002159704781608,0.7739898231291614,0.7154362258822933,0.7555086884839498,1.0,0.5478914184610346,0.8181395658007289,0.7418720862269582,0.7825338423937422,0.8544241641499284,0.7523713131843655,0.7519655973303274,0.7526758854664711,0.793041969105124,0.7925694716116615,0.7570310933027422,0.7561993246378936
0.5659832241963351,0.5540863030667098,0.5336639621336379,0.5786419690178634,0.5456952195029856,0.5577088656762959,0.5419952731145374,0.5753155163952008,0.5446956248926489,0.5686482713074634,0.5537467307870982,0.573783284367443,0.5473448934580929,0.5626836913677353,0.5709190809928262,0.5409094862654859,0.5370816924923943,0.5546351643345735,0.5296484608697093,0.5413994596098519,0.549141955309312,0.5380140685512047,0.5506361039879049,0.548762703391769,0.5392706460822322,0.5474027450960146,0.5431850362325239,0.5711802238841346,0.5508264400518756,0.545659586488509,0.5659611328356555,0.5486846528072917,0.044688807006352804,0.5576323540582164,0.5478691155788376,0.5597575345280719,0.5372952021866557,0.5478914184610346,1.0,0.5487570513954809,0.5714008262638453,0.5474400397116687,0.5491849917413133,0.5794614469169533,0.5814277924021672,0.540672527454594,0.5471610264248444,0.546158157256833,0.5702124914077693,0.551461654824728
