../ecoli_genomes/GCF_000163235.1_ASM16323v1_genomic.fna.gz,../ecoli_genomes/GCF_000164555.1_ASM16455v1_genomic.fna.gz,../ecoli_genomes/GCF_000208545.1_ASM20854v2_genomic.fna.gz,../ecoli_genomes/GCF_000233875.1_ASM23387v1_genomic.fna.gz,../ecoli_genomes/GCF_000249735.1_ASM24973v2_genomic.fna.gz,../ecoli_genomes/GCF_000261145.1_Esch_coli_M919_V2_genomic.fna.gz,../ecoli_genomes/GCF_000267705.2_ASM26770v2_genomic.fna.gz,../ecoli_genomes/GCF_000350665.1_Esch_coli_KTE5_V1_genomic.fna.gz,../ecoli_genomes/GCF_000351625.1_Esch_coli_KTE66_V1_genomic.fna.gz,../ecoli_genomes/GCF_000352285.1_Esch_coli_KTE46_V1_genomic.fna.gz,../ecoli_genomes/GCF_000358895.1_ASM35889v1_genomic.fna.gz,../ecoli_genomes/GCF_000456385.1_Esch_coli_HVH_26_4-5703913_V1_genomic.fna.gz,../ecoli_genomes/GCF_000458195.1_Esch_coli_HVH_147_4-5893887_V1_genomic.fna.gz,../ecoli_genomes/GCF_000459755.1_Esch_coli_KOEGE_58_171a_V1_genomic.fna.gz,../ecoli_genomes/GCF_000460055.1_Esch_coli_UMEA_3053-1_V1_genomic.fna.gz,../ecoli_genomes/GCF_000462165.2_ASM46216v2_genomic.fna.gz,../ecoli_genomes/GCF_000601135.1_ASM60113v1_genomic.fna.gz,../ecoli_genomes/GCF_000614595.1_Ec2010EL1058_genomic.fna.gz,../ecoli_genomes/GCF_000617745.1_Ec2010C-4529_genomic.fna.gz,../ecoli_genomes/GCF_000618265.2_EcF6751_genomic.fna.gz,../ecoli_genomes/GCF_000619005.2_Ec2009C-4052_genomic.fna.gz,../ecoli_genomes/GCF_000619105.1_Ec2009C-4780_genomic.fna.gz,../ecoli_genomes/GCF_000619765.2_Ec2009C-3279_genomic.fna.gz,../ecoli_genomes/GCF_000687005.1_ASM68700v1_genomic.fna.gz,../ecoli_genomes/GCF_000687025.1_ASM68702v1_genomic.fna.gz,../ecoli_genomes/GCF_000700125.1_ASM70012v1_genomic.fna.gz,../ecoli_genomes/GCF_000753315.1_FHI35_genomic.fna.gz,../ecoli_genomes/GCF_000776375.1_ASM77637v1_genomic.fna.gz,../ecoli_genomes/GCF_000779395.1_ASM77939v1_genomic.fna.gz,../ecoli_genomes/GCF_000780315.1_ASM78031v1_genomic.fna.gz,../ecoli_genomes/GCF_000781995.1_ASM78199v1_genomic.fna.gz,../ecoli_genomes/GCF_000986765.1_ASM98676v1_genomic.fna.gz,../ecoli_genomes/GCF_001041375.1_ViralProj287958_genomic.fna.gz,../ecoli_genomes/GCF_001265335.1_302014_genomic.fna.gz,../ecoli_genomes/GCF_001265625.1_100854_genomic.fna.gz,../ecoli_genomes/GCF_001267345.1_303289_genomic.fna.gz,../ecoli_genomes/GCF_001309985.1_ASM130998v1_genomic.fna.gz,../ecoli_genomes/GCF_001521695.1_ASM152169v1_genomic.fna.gz,../ecoli_genomes/GCF_001592595.1_ASM159259v1_genomic.fna.gz,../ecoli_genomes/GCF_001614975.1_ASM161497v1_genomic.fna.gz,../ecoli_genomes/GCF_001692775.1_ASM169277v1_genomic.fna.gz,../ecoli_genomes/GCF_001748915.1_ASM174891v1_genomic.fna.gz,../ecoli_genomes/GCF_001749235.1_ASM174923v1_genomic.fna.gz,../ecoli_genomes/GCF_001881155.1_ASM188115v1_genomic.fna.gz,../ecoli_genomes/GCF_001881345.1_ASM188134v1_genomic.fna.gz,../ecoli_genomes/GCF_001892405.1_ASM189240v1_genomic.fna.gz,../ecoli_genomes/GCF_001892585.1_ASM189258v1_genomic.fna.gz,../ecoli_genomes/GCF_001893985.1_ASM189398v1_genomic.fna.gz,../ecoli_genomes/GCF_002001595.1_ASM200159v1_genomic.fna.gz,../ecoli_genomes/GCF_002002145.1_ASM200214v1_genomic.fna.gz
1.0,0.32444070483724974,0.2568522357024219,0.27746999947511475,0.2963547408516055,0.29571778697000084,0.2993428914011227,0.2853754742688699,0.3918509106408212,0.2907274345617892,0.31474051460887653,0.28495819866862804,0.31349551043612145,0.2697549366797879,0.26274233723573304,0.3038651511783488,0.278499539127698,0.30673915044637157,0.294079474467399,0.30170444953589926,0.2915407090959631,0.2912264198103438,0.3110207025987576,0.2894376420619803,0.2815957505485567,0.24420904949492184,0.30481072427832323,0.2796449114756545,0.334770410277907,0.38998387044118366,0.25781854840287666,0.3044328695517059,0.0,0.30256427935168684,0.3010684995803704,0.26975104109948345,0.2862311752443498,0.3161092945044559,0.2652024128202479,0.31175160979610117,0.26058196502585584,0.29826881354993484,0.30449261511346637,0.28356472117148634,0.2950196260455389,0.31524225780137427,0.2991309283752245,0.2997805717655181,0.2656631961197311,0.33696975156068143
0.32444070483724974,1.0,0.23112884866072458,0.27188341850610687,0.4084092189263886,0.5239797817829484,0.3546744508378403,0.2798514390393959,0.29420405086391965,0.2838448445604189,0.434459694734162,0.2836890490813023,0.43315467549018805,0.2651326720974482,0.258492647223179,0.35950999919013105,0.4487294546018432,0.4237157259465172,0.39552227250235406,0.3568114928399393,0.4110795259241645,0.39881414057570896,0.42132826759050934,0.5191348551175986,0.5144605997079551,0.38281965947173124,0.4219815248849388,0.2755997073555285,0.30509912302452524,0.3022665227329615,0.26105137783231136,0.4191988999534634,0.0,0.4093587087081688,0.5661648688232507,0.25588986061288865,0.3368211849030025,0.4345448225018428,0.24856646229617962,0.42905685153783324,0.26343558218827146,0.4735931773301285,0.42357285888507856,0.28631303368890526,0.2885800220052229,0.2821945049887399,0.4854716003716364,0.4874036613488335,0.2757400038732314,0.30416487207849296
0.2568522357024219,0.23112884866072458,1.0,0.20284470170938784,0.2079416493178785,0.21156919778096395,0.21587990650034716,0.20543933736528297,0.24742346543441407,0.20926299960755823,0.23075602214512103,0.20287584475668652,0.22801657673015396,0.20087850556312625,0.19943255049951203,0.2195270501323121,0.20066131607171767,0.22384393342717213,0.2090865565181661,0.21784806649715616,0.2168644297677973,0.21125466135883342,0.2224668931320194,0.20081692050648103,0.2053303060436672,0.17948916949376603,0.223719566009159,0.20451202728313544,0.24572722941105318,0.2537728356393488,0.19791367801534332,0.22201379196048343,0.0,0.21807477221263616,0.21686750785639786,0.20279484838222217,0.20516401895469505,0.22690955856325035,0.19221425458454378,0.2300349087991127,0.20076525451137273,0.22074477880946985,0.22985342821336674,0.21094094035184707,0.20682438260403235,0.22946294411512602,0.22668157308705228,0.2258587362475547,0.2115462746587431,0.2489084141785366
0.27746999947511475,0.27188341850610687,0.20284470170938784,1.0,0.26447680676065344,0.2531438050738434,0.2507467298751994,0.48623118893570194,0.27387565776893885,0.5126621150602069,0.26551334754745837,0.4970042478200254,0.2685087733768716,0.5338532220933763,0.550306081945959,0.2537933584411025,0.23617063755263246,0.2593127417835034,0.2535722021547714,0.2509910195866173,0.24967015229437717,0.24521984960642862,0.2694555112054884,0.238873538139052,0.24579166368866534,0.20937122026094923,0.2620423043461013,0.5167965995668564,0.29764288570480635,0.26722864343443553,0.48620902760434603,0.27163027224794334,0.0,0.25009916258137055,0.2569348621926847,0.4011999992397739,0.23862573178216284,0.25956733438599267,0.4233997618258417,0.25963200810319886,0.5132263466575537,0.2586959868069294,0.2586305277510649,0.5202045884898481,0.5132937947413677,0.29032036438995656,0.25619145999072956,0.2563977415586126,0.45009820787060895,0.30612790429437853
0.2963547408516055,0.4084092189263886,0.2079416493178785,0.26447680676065344,1.0,0.40282700467630606,0.3286433619683832,0.2657255690186352,0.28781446674909594,0.27190884442157126,0.5302939205505581,0.2625139062675744,0.48243899085872033,0.26458822883233424,0.2692148047545546,0.3420897514479575,0.4150381255155222,0.42053855666396855,0.4164208989097723,0.3300179621508651,0.43454691361291686,0.41488810564799017,0.43751081984482565,0.4148048765461517,0.3932970699622196,0.3497763816320496,0.4464718039171175,0.2517709034157569,0.30083771047574415,0.2900104946401485,0.25137777296421526,0.4662299116528391,0.0,0.436594265005813,0.413534278129418,0.24566077517835383,0.3214199872616409,0.456675024646337,0.23457334129147078,0.4596468307925553,0.2683221392562969,0.4097339419146816,0.45966658411180017,0.26127552117818,0.262675794566699,0.27447765718248884,0.4232782217405523,0.4255067321022227,0.2532195621280675,0.29108038589114227
0.29571778697000084,0.5239797817829484,0.21156919778096395,0.2531438050738434,0.40282700467630606,1.0,0.3459124333548975,0.27070347089645697,0.28151076617367243,0.25296659136091537,0.4044555191469972,0.2525312855286561,0.4059378551056996,0.2542297786103358,0.24193016065002315,0.34594697815224906,0.4248223184801547,0.39946568187677967,0.3962414761656795,0.3346865465134259,0.3830632045013106,0.4286991078816724,0.3995716438140494,0.4818303190016,0.4804490092757119,0.36399696457585584,0.3896989134193303,0.25866835638357655,0.3029277620305221,0.2798497934938873,0.24151502624546017,0.3981119423174868,0.0,0.401355327971055,0.5282146093749762,0.24514230251118851,0.32241657280125613,0.4001502665040022,0.2478785280001199,0.40138625489280777,0.24992911497858472,0.4481989640861751,0.3994570544417334,0.26139311198254556,0.2603531699646431,0.27238492434353945,0.4505513432218061,0.45398955909295236,0.24947328673764835,0.29844341295598364
0.2993428914011227,0.3546744508378403,0.21587990650034716,0.2507467298751994,0.3286433619683832,0.3459124333548975,1.0,0.2550951003390549,0.2912504408211124,0.2517325073961759,0.3630565681119161,0.2417326597164986,0.3613737509339916,0.2458708243015031,0.2406373175572688,0.773928020621753,0.3208986025767855,0.3828797574162871,0.3693110009573153,0.8620787568114385,0.38290138072612656,0.3706506522582814,0.3913013613197768,0.32577036260348835,0.32125318342328657,0.28835519420648514,0.353700573143519,0.24841396297299778,0.2840069529731203,0.29036063167858117,0.23589814127627995,0.349400899447852,0.0,0.3566132256357717,0.35837303789195585,0.2574375343825265,0.775003185411419,0.3391393871098026,0.24210419830552388,0.3568522558513032,0.2350116375873631,0.34631500022817285,0.3502340089634578,0.25348174693951964,0.25290352367741353,0.2636578364926524,0.33973963590761413,0.339391356675358,0.2451273356866177,0.2911305940080472
0.2853754742688699,0.2798514390393959,0.20543933736528297,0.48623118893570194,0.2657255690186352,0.27070347089645697,0.2550951003390549,1.0,0.2730631017779903,0.5011055415237513,0.2717270930639625,0.483207861664413,0.2774099016648127,0.4815158409236465,0.4693047570896579,0.25834771847684457,0.23804246469289347,0.2652303598697946,0.25870867926277585,0.2554281000190147,0.2522095512548923,0.25649013840482504,0.2689562068578172,0.2553335719386234,0.24480384610771588,0.2186055142586215,0.2694850833039787,0.6782938224979465,0.3092207246969688,0.27457913227521347,0.4634631550866225,0.2653881785488226,0.0,0.2637529766537655,0.2648702817354631,0.39288223192155647,0.24100072742298162,0.285021682054028,0.42159618759256745,0.2719032212115521,0.4723909975565246,0.2650571565321339,0.26859719350023736,0.6986503644506283,0.6676096260059758,0.29502690807632925,0.26032008483655544,0.260491015764724,0.4448613480007172,0.3104992067176088
0.3918509106408212,0.29420405086391965,0.24742346543441407,0.27387565776893885,0.28781446674909594,0.28151076617367243,0.2912504408211124,0.2730631017779903,1.0,0.28312503865723015,0.30757216086263406,0.2621364478931377,0.30987270592585014,0.27086481726530187,0.26995166142088056,0.2946979278538717,0.2596871356898709,0.298624518548234,0.28014633311805004,0.29347342497890916,0.2855670049599238,0.2811933665512616,0.298471455592195,0.2744697586160163,0.26208990070517113,0.23380617904124035,0.2995622580057694,0.26497666575562884,0.3316353254891129,0.40818011382280617,0.25866147023095565,0.29079903689285025,0.0,0.29053517995749856,0.2902363961375364,0.2689154733213558,0.2776620814005377,0.29246552516487934,0.25507804013401436,0.3060432023954538,0.26364736512959164,0.2922096375011003,0.3019221783469046,0.2710250066018991,0.2674893802392809,0.31086603834446624,0.2913206190594686,0.29082722409054607,0.26450788684180027,0.3409987492840796
0.2907274345617892,0.2838448445604189,0.20926299960755823,0.5126621150602069,0.27190884442157126,0.25296659136091537,0.2517325073961759,0.5011055415237513,0.28312503865723015,1.0,0.27964672388665723,0.47693642837798533,0.2818556468710436,0.49337935662484145,0.49059959180548984,0.2581118178203581,0.23505086434584666,0.26457014375708177,0.25412817653742714,0.25204572804634473,0.25227460627069487,0.24874738767135773,0.2627186908907754,0.24600273401270234,0.2476665093144581,0.2146112180138987,0.26706205154373863,0.498665802584942,0.30601013898369067,0.2805534759504692,0.5046727513252258,0.2663886119098129,0.0,0.25789932784610603,0.25797134188124804,0.4152715799302932,0.24256969177284193,0.2655307139902209,0.4389002900418508,0.2729293746302712,0.5132584342410111,0.26211608957617527,0.2640062800531555,0.5075784530028195,0.5101843623168669,0.29158057745124855,0.2629850440138757,0.26211552694727047,0.46856596931879824,0.3051834920043056
0.31474051460887653,0.434459694734162,0.23075602214512103,0.26551334754745837,0.5302939205505581,0.4044555191469972,0.3630565681119161,0.2717270930639625,0.30757216086263406,0.27964672388665723,1.0,0.26180341979296606,0.5428528092251539,0.26660489555554023,0.2605968985581867,0.37194454202520555,0.3790046126239567,0.4916358835990011,0.4551861226489321,0.3653296515696255,0.48663759028145004,0.4833448533505027,0.49905025096902644,0.39856951881745517,0.38240730188391214,0.3434148892315636,0.5094887381669053,0.2656694820417479,0.30417984092427564,0.3134734950765258,0.2593067802766965,0.47210235672689227,0.0,0.4791979302178385,0.43040147998815614,0.26606341994901817,0.3472880460609473,0.4907981304289343,0.2503558127117752,0.5291468883604358,0.25974989147503336,0.44519029148497336,0.5083884246166495,0.2705954660096027,0.27004707274858575,0.28546429112004146,0.43979891112387903,0.4378916828101618,0.2686460714874144,0.3114137761519755
0.28495819866862804,0.2836890490813023,0.20287584475668652,0.4970042478200254,0.2625139062675744,0.2525312855286561,0.2417326597164986,0.483207861664413,0.2621364478931377,0.47693642837798533,0.26180341979296606,1.0,0.26526197737598656,0.48905001621974886,0.6079034755960973,0.24842381497121924,0.2330410693465207,0.2532874641019154,0.2483815335685181,0.2435734196768845,0.2478190917066455,0.24402833835269577,0.2601670092596017,0.24056343428382942,0.23599941938974844,0.21339375502418856,0.25478522394317504,0.4865343464235645,0.3098577635596149,0.2713264250035944,0.4418709767086474,0.258217516779636,0.0,0.2549004242571846,0.2550291520898429,0.38728508115867233,0.2268752508178099,0.2693032067741955,0.42376753995152716,0.2662151737670846,0.4596213882266619,0.2527839639056264,0.2588918659017463,0.49379031258217454,0.49424929059871836,0.29333247136791507,0.259632242127376,0.2605529636692524,0.4356441424707702,0.30299118784239876
0.31349551043612145,0.43315467549018805,0.22801657673015396,0.2685087733768716,0.48243899085872033,0.4059378551056996,0.3613737509339916,0.2774099016648127,0.30987270592585014,0.2818556468710436,0.5428528092251539,0.26526197737598656,1.0,0.26258753039767,0.2649950418852808,0.3691073081120707,0.3786398856388442,0.5030739260501207,0.493052346816498,0.3645714662884302,0.5212186531123437,0.539752453050492,0.5666551119933192,0.39707578734230264,0.3788422393050642,0.3406349798402247,0.5490823287088682,0.2658390658426175,0.30917986048909085,0.32045013593251426,0.2567470992477193,0.5119746849635598,0.0,0.5405757420243306,0.43554606800431916,0.26033202002640343,0.34993374584154646,0.5125869409582409,0.25005739836001295,0.5570893285630834,0.26498524779771526,0.4399266546100131,0.5371154540556616,0.27046864683496064,0.2680602869588309,0.2859985559169068,0.4346245736972044,0.432899658380162,0.2675363382518946,0.3128785261789445
0.2697549366797879,0.2651326720974482,0.20087850556312625,0.5338532220933763,0.26458822883233424,0.2542297786103358,0.2458708243015031,0.4815158409236465,0.27086481726530187,0.49337935662484145,0.26660489555554023,0.48905001621974886,0.26258753039767,1.0,0.5467727155536795,0.24872323368337257,0.23083321923127842,0.2582695023310416,0.24975534910006691,0.24673826019723744,0.2443007830608548,0.246940941480155,0.26277618708575834,0.22811948308459784,0.2304706271632483,0.20340236939896394,0.2601002312841688,0.5170952527750692,0.2981964742986991,0.2648848676724518,0.4875593733863052,0.2595941952184071,0.0,0.2522749260429543,0.25296467976189296,0.39598283102200993,0.23260900742466228,0.2625429059204094,0.4183497222332022,0.2582587847226029,0.5036218031005695,0.2544196757346763,0.2590184351806458,0.5147281409606306,0.5078924334230231,0.29221350484212893,0.2561176934278595,0.2564295956704723,0.44881227297267157,0.3066944393476727
0.26274233723573304,0.258492647223179,0.19943255049951203,0.550306081945959,0.2692148047545546,0.24193016065002315,0.2406373175572688,0.4693047570896579,0.26995166142088056,0.49059959180548984,0.2605968985581867,0.6079034755960973,0.2649950418852808,0.5467727155536795,1.0,0.24607030131363516,0.23444944838040038,0.250522502015986,0.24218480848398427,0.24232467965519155,0.24241857426551994,0.23925774695311097,0.260329614816454,0.22960552415743873,0.23474287198321386,0.21221989990135715,0.25415621945370603,0.4939347131822658,0.2979014053028076,0.2656731287527334,0.47533581100783706,0.26167111348930117,0.0,0.24612660292960675,0.25088583699460854,0.3952778852497918,0.22934754052599804,0.25680784628468967,0.42052901979512136,0.2565540913501334,0.50399816909667,0.248495967485161,0.25463075777911637,0.49466962317842456,0.4882247337807172,0.29003425049806486,0.25820523019743635,0.2588945314392821,0.44288591376881836,0.3104375728543989
0.3038651511783488,0.35950999919013105,0.2195270501323121,0.2537933584411025,0.3420897514479575,0.34594697815224906,0.773928020621753,0.25834771847684457,0.2946979278538717,0.2581118178203581,0.37194454202520555,0.24842381497121924,0.3691073081120707,0.24872323368337257,0.24607030131363516,1.0,0.3208223124609544,0.3780696715887827,0.37131537213285815,0.7910089932455052,0.375519275317189,0.36966417726794576,0.38288363346350274,0.3262087195616943,0.3235031704454169,0.30179017205398584,0.3558956108415552,0.2528393144538441,0.2889294995698204,0.2997192265732377,0.23860685085809596,0.3481899725067883,0.0,0.3576246434660738,0.3590791771986058,0.257913537823396,0.7285389650182884,0.34507688030346073,0.23936054521637495,0.36011828544271896,0.24041472351999182,0.3530811971492317,0.3552719117772638,0.25709230278015915,0.25944957091337795,0.26806714701979095,0.34626473857822504,0.3467432175554427,0.2527314286292449,0.2940290964421557
0.278499539127698,0.4487294546018432,0.20066131607171767,0.23617063755263246,0.4150381255155222,0.4248223184801547,0.3208986025767855,0.23804246469289347,0.2596871356898709,0.23505086434584666,0.3790046126239567,0.2330410693465207,0.3786398856388442,0.23083321923127842,0.23444944838040038,0.3208223124609544,1.0,0.36724496848233235,0.3567185644909976,0.3200824702289241,0.36607532196145454,0.36292011536732316,0.38479934863250154,0.5036141035787479,0.47676174882986977,0.3790112979010717,0.37186016004053124,0.23247317538036028,0.2871372215692719,0.26321885276083123,0.22390867040597362,0.44288240408882407,0.0,0.3881645855525,0.450346536085801,0.23569296955167884,0.3063707127052574,0.37048144295546515,0.22460559596026408,0.3768194288711486,0.22286703343388437,0.4167231862285051,0.3757566320614222,0.23679616518706725,0.2452243503469318,0.24802810431711964,0.4324457426647368,0.4339618273417256,0.22712652292984858,0.27455974298770025
0.30673915044637157,0.4237157259465172,0.22384393342717213,0.2593127417835034,0.42053855666396855,0.39946568187677967,0.3828797574162871,0.2652303598697946,0.298624518548234,0.26457014375708177,0.4916358835990011,0.2532874641019154,0.5030739260501207,0.2582695023310416,0.250522502015986,0.3780696715887827,0.36724496848233235,1.0,0.5094951570262791,0.38456261677705306,0.5074834285953782,0.5002226614390985,0.5247440492171496,0.3804066731939837,0.36234633793436577,0.3245050240374089,0.5017109238007276,0.2613136265272967,0.2984738942569596,0.3071664904801342,0.2503866470912991,0.46093051477712066,0.0,0.4766692852581119,0.4205626754791829,0.2684220948461803,0.36542128470301516,0.4677540109911229,0.24859001358053978,0.495741740720258,0.2501189304232372,0.42472589941402206,0.4860104773938695,0.26531911253234386,0.26425009138022726,0.27602763842023925,0.4257545814320931,0.4248463054949695,0.25598455815617505,0.30438075291306954
0.294079474467399,0.39552227250235406,0.2090865565181661,0.2535722021547714,0.4164208989097723,0.3962414761656795,0.3693110009573153,0.25870867926277585,0.28014633311805004,0.25412817653742714,0.4551861226489321,0.2483815335685181,0.493052346816498,0.24975534910006691,0.24218480848398427,0.37131537213285815,0.3567185644909976,0.5094951570262791,1.0,0.3681246276186515,0.4983333030500947,0.49686641153914535,0.5065234163467109,0.3609432833599303,0.35458035366265783,0.31830266129897855,0.478198914518954,0.2515405471815829,0.28459368857540446,0.28915008041243995,0.23898494842698004,0.45251859290782825,0.0,0.47311871155277485,0.4132394173220323,0.25959030948534934,0.3532406406012353,0.45069033845857986,0.24178139333359783,0.478015699630274,0.2421388015262792,0.40450998496456003,0.4667038073291392,0.2563785549096337,0.2549115326035114,0.2685352146035289,0.3985407511390451,0.3992814816263237,0.24757444074722812,0.2924759455515622
0.30170444953589926,0.3568114928399393,0.21784806649715616,0.2509910195866173,0.3300179621508651,0.3346865465134259,0.8620787568114385,0.2554281000190147,0.29347342497890916,0.25204572804634473,0.3653296515696255,0.2435734196768845,0.3645714662884302,0.24673826019723744,0.24232467965519155,0.7910089932455052,0.3200824702289241,0.38456261677705306,0.3681246276186515,1.0,0.3849190419198646,0.3639013955262346,0.39109121312217476,0.3260685548664439,0.32082691985258804,0.2880308712765598,0.3563492519092646,0.24956078443814866,0.2855862093374709,0.2938965957379498,0.23779346582205163,0.3490965968868026,0.0,0.355539666847452,0.3576504791003622,0.256156113215683,0.7785514269982374,0.3426173821818126,0.2396278258283826,0.35984033216747335,0.23642040492527727,0.3496348035740824,0.3541487761643337,0.25414679117960337,0.25373442165262117,0.2658200968897504,0.3439048038016863,0.34355283402435177,0.24813600957763826,0.2940072260794808
0.2915407090959631,0.4110795259241645,0.2168644297677973,0.24967015229437717,0.43454691361291686,0.3830632045013106,0.38290138072612656,0.2522095512548923,0.2855670049599238,0.25227460627069487,0.48663759028145004,0.2478190917066455,0.5212186531123437,0.2443007830608548,0.24241857426551994,0.375519275317189,0.36607532196145454,0.5074834285953782,0.4983333030500947,0.3849190419198646,1.0,0.5044399721773938,0.533634744518283,0.37301991717499716,0.36285756652587653,0.33238919469669126,0.5116112645042793,0.2510728791763832,0.28575626141631283,0.2936777861917549,0.2367675915273142,0.47420571709565607,0.0,0.5002779790480953,0.4157258248124396,0.25768306421822385,0.3695526806381775,0.4827323260948393,0.23701338673868966,0.5106913406418954,0.23908818746217286,0.40503187920859607,0.4951195523244153,0.25555628416232556,0.2548712892080889,0.2733516787972261,0.4180618224954443,0.41793468210744555,0.24729119964841195,0.29419305274876295
0.2912264198103438,0.39881414057570896,0.21125466135883342,0.24521984960642862,0.41488810564799017,0.4286991078816724,0.3706506522582814,0.25649013840482504,0.2811933665512616,0.24874738767135773,0.4833448533505027,0.24402833835269577,0.539752453050492,0.246940941480155,0.23925774695311097,0.36966417726794576,0.36292011536732316,0.5002226614390985,0.49686641153914535,0.3639013955262346,0.5044399721773938,1.0,0.6885497876397012,0.3588805201165278,0.3486107429465696,0.32310729573859986,0.4998178504836097,0.254754521006216,0.28514038503506756,0.29009201981541854,0.2351562527668386,0.4692301989744734,0.0,0.6121605360370679,0.4008167724177508,0.24939426638611362,0.3506219728664913,0.47108871907995753,0.2359662645522682,0.5108799817739398,0.23434526831541602,0.39809216028063,0.49567289619621646,0.2571379612000635,0.2543063329856202,0.2707356016656125,0.4040016174296944,0.4030055308642141,0.2461557476462246,0.29419989727678575
0.3110207025987576,0.42132826759050934,0.2224668931320194,0.2694555112054884,0.43751081984482565,0.3995716438140494,0.3913013613197768,0.2689562068578172,0.298471455592195,0.2627186908907754,0.49905025096902644,0.2601670092596017,0.5666551119933192,0.26277618708575834,0.260329614816454,0.38288363346350274,0.38479934863250154,0.5247440492171496,0.5065234163467109,0.39109121312217476,0.533634744518283,0.6885497876397012,1.0,0.377139485612738,0.3756446542164923,0.3277020922795163,0.5365113687368539,0.26699897086843927,0.3003694324457229,0.30451352947481736,0.25342834553000704,0.5084993060513859,0.0,0.6354792606292032,0.4180705936221002,0.2679495657397486,0.37089861181172623,0.4999556823814466,0.252372990675351,0.5307311845185941,0.2550898757120166,0.4161747988394944,0.5163022067677454,0.27123131799236977,0.27067244405476,0.27835176965296826,0.4202768923672833,0.4204556561513043,0.25932493279796287,0.30693463977511837
0.2894376420619803,0.5191348551175986,0.20081692050648103,0.238873538139052,0.4148048765461517,0.4818303190016,0.32577036260348835,0.2553335719386234,0.2744697586160163,0.24600273401270234,0.39856951881745517,0.24056343428382942,0.39707578734230264,0.22811948308459784,0.22960552415743873,0.3262087195616943,0.5036141035787479,0.3804066731939837,0.3609432833599303,0.3260685548664439,0.37301991717499716,0.3588805201165278,0.377139485612738,1.0,0.5238893002153204,0.36563645400852574,0.38197023212908177,0.23421419042960945,0.29525867521161375,0.27484138061383656,0.23015338326659773,0.4043919787857756,0.0,0.3725392960445545,0.5221387030283342,0.23655435221260934,0.3126497873215881,0.3827750468371488,0.2201310723714529,0.38257241653840335,0.23081189663696078,0.43801945892415306,0.37647425140656443,0.2451070123465492,0.25054984153334914,0.2547541919762717,0.4338703800124154,0.4352779203419943,0.23296616483436472,0.2778083289653559
0.2815957505485567,0.5144605997079551,0.2053303060436672,0.24579166368866534,0.3932970699622196,0.4804490092757119,0.32125318342328657,0.24480384610771588,0.26208990070517113,0.2476665093144581,0.38240730188391214,0.23599941938974844,0.3788422393050642,0.2304706271632483,0.23474287198321386,0.3235031704454169,0.47676174882986977,0.36234633793436577,0.35458035366265783,0.32082691985258804,0.36285756652587653,0.3486107429465696,0.3756446542164923,0.5238893002153204,1.0,0.38308510465942214,0.3681583853067605,0.23007604480041666,0.2780802858027279,0.2644755515925812,0.22257797515681732,0.4323845577969251,0.0,0.3664192320542574,0.5174570501230591,0.23339322413251296,0.31212332543863475,0.3783507367403951,0.22412024989577406,0.37137219411975275,0.2286035225786296,0.4207496098209341,0.3741156591957199,0.24873474502138904,0.2522810208915265,0.24931624750172332,0.42657188039853733,0.430000401710246,0.23622860310256877,0.2716316340602797
0.24420904949492184,0.38281965947173124,0.17948916949376603,0.20937122026094923,0.3497763816320496,0.36399696457585584,0.28835519420648514,0.2186055142586215,0.23380617904124035,0.2146112180138987,0.3434148892315636,0.21339375502418856,0.3406349798402247,0.20340236939896394,0.21221989990135715,0.30179017205398584,0.3790112979010717,0.3245050240374089,0.31830266129897855,0.2880308712765598,0.33238919469669126,0.32310729573859986,0.3277020922795163,0.36563645400852574,0.38308510465942214,1.0,0.3275891917212652,0.2088119032012412,0.2362754289981135,0.23807841200114244,0.1960903189187534,0.33689928161728055,0.0,0.32618896959844434,0.3997676253057484,0.20538241181732708,0.28096113442276527,0.3451027447909555,0.19255624486157275,0.33486122193824475,0.2032465109605618,0.3716850002709733,0.3311036368354382,0.22747069027532008,0.22637804417018415,0.21500441378078117,0.3773459521249082,0.3942001085734155,0.20839177087591154,0.23712343236900424
0.30481072427832323,0.4219815248849388,0.223719566009159,0.2620423043461013,0.4464718039171175,0.3896989134193303,0.353700573143519,0.2694850833039787,0.2995622580057694,0.26706205154373863,0.5094887381669053,0.25478522394317504,0.5490823287088682,0.2601002312841688,0.25415621945370603,0.3558956108415552,0.37186016004053124,0.5017109238007276,0.478198914518954,0.3563492519092646,0.5116112645042793,0.4998178504836097,0.5365113687368539,0.38197023212908177,0.3681583853067605,0.3275891917212652,1.0,0.2614664342661348,0.2990847638902192,0.3045702097646883,0.2539237933580665,0.5002282927397321,0.0,0.49894560026765267,0.4190841442015223,0.2563956707103534,0.3370660412435208,0.5919802493980977,0.2415757732619569,0.5472805771542183,0.25573277776990466,0.4267335243675935,0.6182004464638958,0.2705029262314149,0.26409300073738284,0.2810206185253169,0.42343512680540585,0.4224133950945296,0.2618702549110197,0.30539004774236933
0.2796449114756545,0.2755997073555285,0.20451202728313544,0.5167965995668564,0.2517709034157569,0.25866835638357655,0.24841396297299778,0.6782938224979465,0.26497666575562884,0.498665802584942,0.2656694820417479,0.4865343464235645,0.2658390658426175,0.5170952527750692,0.4939347131822658,0.2528393144538441,0.23247317538036028,0.2613136265272967,0.2515405471815829,0.24956078443814866,0.2510728791763832,0.254754521006216,0.26699897086843927,0.23421419042960945,0.23007604480041666,0.2088119032012412,0.2614664342661348,1.0,0.30578356374437743,0.26902792176077994,0.4724551434682025,0.2605582984457113,0.0,0.2542212121083466,0.25363779771610895,0.38967546321060287,0.23252253738531647,0.2713702288220545,0.42035120111221913,0.2621453561236575,0.48496398791267314,0.25434618364948114,0.25854950475889305,0.7938194100287298,0.7603500370257461,0.28976950930486256,0.2583713091878015,0.25867881320016806,0.45916014008643224,0.3019153274676867
0.334770410277907,0.30509912302452524,0.24572722941105318,0.29764288570480635,0.30083771047574415,0.3029277620305221,0.2840069529731203,0.3092207246969688,0.3316353254891129,0.30601013898369067,0.30417984092427564,0.3098577635596149,0.30917986048909085,0.2981964742986991,0.2979014053028076,0.2889294995698204,0.2871372215692719,0.2984738942569596,0.28459368857540446,0.2855862093374709,0.28575626141631283,0.28514038503506756,0.3003694324457229,0.29525867521161375,0.2780802858027279,0.2362754289981135,0.2990847638902192,0.30578356374437743,1.0,0.31872938293641095,0.28964929729243827,0.3035919997070252,0.0,0.29594977819495194,0.2946736040085861,0.2943157440635059,0.2695846354243281,0.30194941603336456,0.27621730958230273,0.3064536716799361,0.2891199420823555,0.2906091436566629,0.29512783060206604,0.30644787837938325,0.30810350200819836,0.39285403089480453,0.2928809101551366,0.29184518394889325,0.3002528812887352,0.608450355308221
0.38998387044118366,0.3022665227329615,0.2537728356393488,0.26722864343443553,0.2900104946401485,0.2798497934938873,0.29036063167858117,0.27457913227521347,0.40818011382280617,0.2805534759504692,0.3134734950765258,0.2713264250035944,0.32045013593251426,0.2648848676724518,0.2656731287527334,0.2997192265732377,0.26321885276083123,0.3071664904801342,0.28915008041243995,0.2938965957379498,0.2936777861917549,0.29009201981541854,0.30451352947481736,0.27484138061383656,0.2644755515925812,0.23807841200114244,0.3045702097646883,0.26902792176077994,0.31872938293641095,1.0,0.25939984831606033,0.2909340414612279,0.0,0.29161974372371746,0.2971749310259457,0.26593333042983236,0.2786100621952752,0.29838737693499784,0.2586876331318382,0.3160998300861888,0.2643466509654363,0.2965113723136775,0.3076216276869619,0.27383373479612794,0.26920900672896997,0.3152880283219702,0.2982322407829089,0.2977149872015127,0.2666711989085526,0.33072097019499225
0.25781854840287666,0.26105137783231136,0.19791367801534332,0.48620902760434603,0.25137777296421526,0.24151502624546017,0.23589814127627995,0.4634631550866225,0.25866147023095565,0.5046727513252258,0.2593067802766965,0.4418709767086474,0.2567470992477193,0.4875593733863052,0.47533581100783706,0.23860685085809596,0.22390867040597362,0.2503866470912991,0.23898494842698004,0.23779346582205163,0.2367675915273142,0.2351562527668386,0.25342834553000704,0.23015338326659773,0.22257797515681732,0.1960903189187534,0.2539237933580665,0.4724551434682025,0.28964929729243827,0.25939984831606033,1.0,0.24826626393191153,0.0,0.24558971980741262,0.24181926806507403,0.3903862812868829,0.22359914440786421,0.2544947547818813,0.3985537388832323,0.2552370056730905,0.6407034429657597,0.24768235828701812,0.25125033403884744,0.4768150743542362,0.4679844936231684,0.2779272380773099,0.24929180246045202,0.2488484023935612,0.4330073926526652,0.29163420593587963
0.3044328695517059,0.4191988999534634,0.22201379196048343,0.27163027224794334,0.4662299116528391,0.3981119423174868,0.349400899447852,0.2653881785488226,0.29079903689285025,0.2663886119098129,0.47210235672689227,0.258217516779636,0.5119746849635598,0.2595941952184071,0.26167111348930117,0.3481899725067883,0.44288240408882407,0.46093051477712066,0.45251859290782825,0.3490965968868026,0.47420571709565607,0.4692301989744734,0.5084993060513859,0.4043919787857756,0.4323845577969251,0.33689928161728055,0.5002282927397321,0.2605582984457113,0.3035919997070252,0.2909340414612279,0.24826626393191153,1.0,0.0,0.48679395667191994,0.41037747730378105,0.2503057357815882,0.33897567361070513,0.49561891988452134,0.24281064146808795,0.5056655063580365,0.25329095699817183,0.4149023924109192,0.5041043545940542,0.26717491693664797,0.27189792314181016,0.2684274945922597,0.4187699799614899,0.4195615577439272,0.24989611963395786,0.2921817562015274
0.0,0.0,0.0,0.0,0.0,0.0,0.0,0.0,0.0,0.0,0.0,0.0,0.0,0.0,0.0,0.0,0.0,0.0,0.0,0.0,0.0,0.0,0.0,0.0,0.0,0.0,0.0,0.0,0.0,0.0,0.0,0.0,1.0,0.0,0.0,0.0,0.0,0.0,0.0,0.0,0.0,0.0,0.0,0.0,0.0,0.0,0.0,0.0,0.0,0.0
0.30256427935168684,0.4093587087081688,0.21807477221263616,0.25009916258137055,0.436594265005813,0.401355327971055,0.3566132256357717,0.2637529766537655,0.29053517995749856,0.25789932784610603,0.4791979302178385,0.2549004242571846,0.5405757420243306,0.2522749260429543,0.24612660292960675,0.3576246434660738,0.3881645855525,0.4766692852581119,0.47311871155277485,0.355539666847452,0.5002779790480953,0.6121605360370679,0.6354792606292032,0.3725392960445545,0.3664192320542574,0.32618896959844434,0.49894560026765267,0.2542212121083466,0.29594977819495194,0.29161974372371746,0.24558971980741262,0.48679395667191994,0.0,1.0,0.41823706651162273,0.2668331328323421,0.3383637522926679,0.48145293830635383,0.25484997407899357,0.5113434576596672,0.24518555663372577,0.4064691580531361,0.5022792419597399,0.2592639325250309,0.2612474771785389,0.27060818026660716,0.41146287083460575,0.4141617002636465,0.24930058148683376,0.29970933900233765
0.3010684995803704,0.5661648688232507,0.21686750785639786,0.2569348621926847,0.413534278129418,0.5282146093749762,0.35837303789195585,0.2648702817354631,0.2902363961375364,0.25797134188124804,0.43040147998815614,0.2550291520898429,0.43554606800431916,0.25296467976189296,0.25088583699460854,0.3590791771986058,0.450346536085801,0.4205626754791829,0.4132394173220323,0.3576504791003622,0.4157258248124396,0.4008167724177508,0.4180705936221002,0.5221387030283342,0.5174570501230591,0.3997676253057484,0.4190841442015223,0.25363779771610895,0.2946736040085861,0.2971749310259457,0.24181926806507403,0.41037747730378105,0.0,0.41823706651162273,1.0,0.25113814402435,0.3370206420610371,0.4095276564809841,0.24241104627130616,0.42848889055576556,0.24601328302135317,0.47453064932141853,0.42058898832087765,0.26046669837817193,0.26178743930971615,0.2718659191305013,0.4716699245901351,0.4721787473213461,0.2511721539135775,0.2984075155295478
0.26975104109948345,0.25588986061288865,0.20279484838222217,0.4011999992397739,0.24566077517835383,0.24514230251118851,0.2574375343825265,0.39288223192155647,0.2689154733213558,0.4152715799302932,0.26606341994901817,0.38728508115867233,0.26033202002640343,0.39598283102200993,0.3952778852497918,0.257913537823396,0.23569296955167884,0.2684220948461803,0.25959030948534934,0.256156113215683,0.25768306421822385,0.24939426638611362,0.2679495657397486,0.23655435221260934,0.23339322413251296,0.20538241181732708,0.2563956707103534,0.38967546321060287,0.2943157440635059,0.26593333042983236,0.3903862812868829,0.2503057357815882,0.0,0.2668331328323421,0.25113814402435,1.0,0.24318163549671112,0.2527382014883176,0.40020486152408874,0.2621089274984839,0.38919584329715917,0.2503809748398923,0.25346310370505,0.3978388741857066,0.3970666555229875,0.2778818472002691,0.24797155600836507,0.24754751041338985,0.3980768153723604,0.29700882947053253
0.2862311752443498,0.3368211849030025,0.20516401895469505,0.23862573178216284,0.3214199872616409,0.32241657280125613,0.775003185411419,0.24100072742298162,0.2776620814005377,0.24256969177284193,0.3472880460609473,0.2268752508178099,0.34993374584154646,0.23260900742466228,0.22934754052599804,0.7285389650182884,0.3063707127052574,0.36542128470301516,0.3532406406012353,0.7785514269982374,0.3695526806381775,0.3506219728664913,0.37089861181172623,0.3126497873215881,0.31212332543863475,0.28096113442276527,0.3370660412435208,0.23252253738531647,0.2695846354243281,0.2786100621952752,0.22359914440786421,0.33897567361070513,0.0,0.3383637522926679,0.3370206420610371,0.24318163549671112,1.0,0.3223167055567445,0.22767823092977368,0.3366786458140866,0.22602416570923667,0.3337354293409015,0.3347441757813189,0.23939027715940364,0.2391814654006459,0.2480330252366043,0.32398795707891637,0.3222377672577289,0.2308827376667123,0.2756183000549788
0.3161092945044559,0.4345448225018428,0.22690955856325035,0.25956733438599267,0.456675024646337,0.4001502665040022,0.3391393871098026,0.285021682054028,0.29246552516487934,0.2655307139902209,0.4907981304289343,0.2693032067741955,0.5125869409582409,0.2625429059204094,0.25680784628468967,0.34507688030346073,0.37048144295546515,0.4677540109911229,0.45069033845857986,0.3426173821818126,0.4827323260948393,0.47108871907995753,0.4999556823814466,0.3827750468371488,0.3783507367403951,0.3451027447909555,0.5919802493980977,0.2713702288220545,0.30194941603336456,0.29838737693499784,0.2544947547818813,0.49561891988452134,0.0,0.48145293830635383,0.4095276564809841,0.2527382014883176,0.3223167055567445,1.0,0.24875801747712212,0.5244728765981879,0.25683348067427414,0.4202836300209676,0.6254345942442238,0.281067093923552,0.270229013152696,0.2820197865054619,0.4327059948946339,0.4340325176684403,0.2645954232740141,0.30131451904568085
0.2652024128202479,0.24856646229617962,0.19221425458454378,0.4233997618258417,0.23457334129147078,0.2478785280001199,0.24210419830552388,0.42159618759256745,0.25507804013401436,0.4389002900418508,0.2503558127117752,0.42376753995152716,0.25005739836001295,0.4183497222332022,0.42052901979512136,0.23936054521637495,0.22460559596026408,0.24859001358053978,0.24178139333359783,0.2396278258283826,0.23701338673868966,0.2359662645522682,0.252372990675351,0.2201310723714529,0.22412024989577406,0.19255624486157275,0.2415757732619569,0.42035120111221913,0.27621730958230273,0.2586876331318382,0.3985537388832323,0.24281064146808795,0.0,0.25484997407899357,0.24241104627130616,0.40020486152408874,0.22767823092977368,0.24875801747712212,1.0,0.24786724511631575,0.40050407210593675,0.24283960174648622,0.24553838991020538,0.42415693483695804,0.42381284478640313,0.2639407593292046,0.2414069196797134,0.24072722130993074,0.4013702384932011,0.2746350773535634
0.31175160979610117,0.42905685153783324,0.2300349087991127,0.25963200810319886,0.4596468307925553,0.40138625489280777,0.3568522558513032,0.2719032212115521,0.3060432023954538,0.2729293746302712,0.5291468883604358,0.2662151737670846,0.5570893285630834,0.2582587847226029,0.2565540913501334,0.36011828544271896,0.3768194288711486,0.495741740720258,0.478015699630274,0.35984033216747335,0.5106913406418954,0.5108799817739398,0.5307311845185941,0.38257241653840335,0.37137219411975275,0.33486122193824475,0.5472805771542183,0.2621453561236575,0.3064536716799361,0.3160998300861888,0.2552370056730905,0.5056655063580365,0.0,0.5113434576596672,0.42848889055576556,0.2621089274984839,0.3366786458140866,0.5244728765981879,0.24786724511631575,1.0,0.25369005443664117,0.43287026241042603,0.5455083383204142,0.26670950029395635,0.2660952737104162,0.29094272971664725,0.44891563341992435,0.4477399072149666,0.2631508975172355,0.3153528157150042
