../ecoli_genomes/GCF_000163235.1_ASM16323v1_genomic.fna.gz,../ecoli_genomes/GCF_000164555.1_ASM16455v1_genomic.fna.gz,../ecoli_genomes/GCF_000208545.1_ASM20854v2_genomic.fna.gz,../ecoli_genomes/GCF_000233875.1_ASM23387v1_genomic.fna.gz,../ecoli_genomes/GCF_000249735.1_ASM24973v2_genomic.fna.gz,../ecoli_genomes/GCF_000261145.1_Esch_coli_M919_V2_genomic.fna.gz,../ecoli_genomes/GCF_000267705.2_ASM26770v2_genomic.fna.gz,../ecoli_genomes/GCF_000350665.1_Esch_coli_KTE5_V1_genomic.fna.gz,../ecoli_genomes/GCF_000351625.1_Esch_coli_KTE66_V1_genomic.fna.gz,../ecoli_genomes/GCF_000352285.1_Esch_coli_KTE46_V1_genomic.fna.gz,../ecoli_genomes/GCF_000358895.1_ASM35889v1_genomic.fna.gz,../ecoli_genomes/GCF_000456385.1_Esch_coli_HVH_26_4-5703913_V1_genomic.fna.gz,../ecoli_genomes/GCF_000458195.1_Esch_coli_HVH_147_4-5893887_V1_genomic.fna.gz,../ecoli_genomes/GCF_000459755.1_Esch_coli_KOEGE_58_171a_V1_genomic.fna.gz,../ecoli_genomes/GCF_000460055.1_Esch_coli_UMEA_3053-1_V1_genomic.fna.gz,../ecoli_genomes/GCF_000462165.2_ASM46216v2_genomic.fna.gz,../ecoli_genomes/GCF_000601135.1_ASM60113v1_genomic.fna.gz,../ecoli_genomes/GCF_000614595.1_Ec2010EL1058_genomic.fna.gz,../ecoli_genomes/GCF_000617745.1_Ec2010C-4529_genomic.fna.gz,../ecoli_genomes/GCF_000618265.2_EcF6751_genomic.fna.gz,../ecoli_genomes/GCF_000619005.2_Ec2009C-4052_genomic.fna.gz,../ecoli_genomes/GCF_000619105.1_Ec2009C-4780_genomic.fna.gz,../ecoli_genomes/GCF_000619765.2_Ec2009C-3279_genomic.fna.gz,../ecoli_genomes/GCF_000687005.1_ASM68700v1_genomic.fna.gz,../ecoli_genomes/GCF_000687025.1_ASM68702v1_genomic.fna.gz,../ecoli_genomes/GCF_000700125.1_ASM70012v1_genomic.fna.gz,../ecoli_genomes/GCF_000753315.1_FHI35_genomic.fna.gz,../ecoli_genomes/GCF_000776375.1_ASM77637v1_genomic.fna.gz,../ecoli_genomes/GCF_000779395.1_ASM77939v1_genomic.fna.gz,../ecoli_genomes/GCF_000780315.1_ASM78031v1_genomic.fna.gz,../ecoli_genomes/GCF_000781995.1_ASM78199v1_genomic.fna.gz,../ecoli_genomes/GCF_000986765.1_ASM98676v1_genomic.fna.gz,../ecoli_genomes/GCF_001041375.1_ViralProj287958_genomic.fna.gz,../ecoli_genomes/GCF_001265335.1_302014_genomic.fna.gz,../ecoli_genomes/GCF_001265625.1_100854_genomic.fna.gz,../ecoli_genomes/GCF_001267345.1_303289_genomic.fna.gz,../ecoli_genomes/GCF_001309985.1_ASM130998v1_genomic.fna.gz,../ecoli_genomes/GCF_001521695.1_ASM152169v1_genomic.fna.gz,../ecoli_genomes/GCF_001592595.1_ASM159259v1_genomic.fna.gz,../ecoli_genomes/GCF_001614975.1_ASM161497v1_genomic.fna.gz,../ecoli_genomes/GCF_001692775.1_ASM169277v1_genomic.fna.gz,../ecoli_genomes/GCF_001748915.1_ASM174891v1_genomic.fna.gz,../ecoli_genomes/GCF_001749235.1_ASM174923v1_genomic.fna.gz,../ecoli_genomes/GCF_001881155.1_ASM188115v1_genomic.fna.gz,../ecoli_genomes/GCF_001881345.1_ASM188134v1_genomic.fna.gz,../ecoli_genomes/GCF_001892405.1_ASM189240v1_genomic.fna.gz,../ecoli_genomes/GCF_001892585.1_ASM189258v1_genomic.fna.gz,../ecoli_genomes/GCF_001893985.1_ASM189398v1_genomic.fna.gz,../ecoli_genomes/GCF_002001595.1_ASM200159v1_genomic.fna.gz,../ecoli_genomes/GCF_002002145.1_ASM200214v1_genomic.fna.gz
1.0,0.3887518076189651,0.3233933955361078,0.34216984532306083,0.350314264806738,0.3776331484507832,0.3576880826283909,0.3492964789983516,0.4485926375794368,0.3556849599831936,0.3819677854542022,0.3552278627944824,0.36742983411787933,0.34008941792106395,0.3235113694110112,0.3615147129881633,0.358319127657593,0.3676491868979913,0.3095259620703148,0.36178554789920025,0.3529690165633528,0.34755033731932805,0.3759573513134157,0.37358253356107907,0.35326920401822504,0.3564429849154853,0.36621040102646163,0.34344968989657154,0.40005191828479236,0.43644823298477586,0.31006276427370105,0.357275211288804,0.0,0.361352510599421,0.3673594051685767,0.3432057348491626,0.3480854964691983,0.37281640757431833,0.28469920987780406,0.36860034545025944,0.32578183737526323,0.36723564782291773,0.3706345811011268,0.3488741995388329,0.3610966307869802,0.36814280012830314,0.36474773181735665,0.36592663559240524,0.335122135814126,0.404871012076492
0.3887518076189651,1.0,0.3029393759266903,0.3265045595129239,0.4211594572753041,0.5818972548135788,0.3885847671381679,0.33760217992754327,0.35883173354656117,0.3422954474827341,0.47174188268181605,0.3457823773724298,0.44828357323904555,0.32537712352122916,0.31100833896988656,0.3865064705165374,0.4949189888883605,0.45695987730235843,0.3803222972961898,0.3927803490337919,0.4440746945560644,0.4269525478646995,0.4626348008309904,0.552913876234395,0.544316266809677,0.5094607913261687,0.45565706852109233,0.33783638711070474,0.363278711959646,0.3650404257963682,0.3053738065408247,0.4361162958439031,0.0,0.44520086172770734,0.5791664504805136,0.32242208841270437,0.3717494681809351,0.47414407118386603,0.2558613332672296,0.4671302155287681,0.3099251920962489,0.5087556650059051,0.465589545957788,0.35024394072190146,0.3495289600139244,0.33927911163235347,0.508995945160315,0.510362972170849,0.34239164493602203,0.3602062225421778
0.3233933955361078,0.3029393759266903,1.0,0.2631707449967635,0.26344775345526183,0.28908545827965115,0.28147855883251105,0.2743739321447529,0.31332426321331197,0.2780771292731361,0.3024622032155688,0.27148032074722817,0.2864753069323067,0.27050739238415644,0.2599433581899572,0.2821165029387236,0.27866565067987137,0.2926055381807694,0.2430732700749355,0.2858348773197935,0.28718478133943004,0.2737817247743972,0.29428710312668005,0.2804146027046558,0.2690097916863404,0.28027836622745317,0.2915841490835591,0.274533474132008,0.31517374307738144,0.31403145401461263,0.25305103579688226,0.2757066240067181,0.0,0.2887667241615133,0.285995264799509,0.276934845086687,0.2700691312051011,0.2898119396472577,0.21723534518746246,0.30069160203397516,0.26014682002650513,0.29174163796082986,0.2967921105226534,0.28038798701618306,0.27499469462135273,0.28907496062254845,0.29643897150982634,0.29674356394855905,0.279853792837894,0.31682568285357193
0.34216984532306083,0.3265045595129239,0.2631707449967635,1.0,0.34946091325492823,0.32888701643367235,0.3021712364739696,0.5308881557126153,0.34865884743384234,0.5552160480518001,0.31926641851451376,0.5405563352034106,0.3365139557389648,0.576826578112722,0.595470159237956,0.331416124507788,0.33605133381790664,0.3139668031459665,0.26667473285340293,0.30536350544152824,0.3058330571620147,0.2970310536386077,0.32615552680973436,0.33273877814115416,0.32390278609184253,0.33810697785098287,0.31350405056348596,0.5462639711197652,0.34953937932959245,0.3357204521842938,0.5256466495611756,0.34414149680668726,0.0,0.30428677253205927,0.30834192922475656,0.45274838591148303,0.3061223614802292,0.31202140193056793,0.3923952698404517,0.3098581999220892,0.5589197207598109,0.3142337817065677,0.314554190403064,0.5463585882338133,0.5406833048670203,0.34287631469268376,0.3146967672506218,0.31746411746831393,0.4846921570977959,0.3602837350871716
0.350314264806738,0.4211594572753041,0.26344775345526183,0.34946091325492823,1.0,0.44983617444882873,0.34595021387457847,0.34278550376268135,0.3803476474078533,0.3470902319039494,0.5052653266438949,0.32252912881815843,0.5054267411937143,0.3192430259774175,0.3497575072983292,0.39853977369264193,0.44528257393885673,0.43426713752141066,0.366552635117973,0.3503057459449034,0.4373977377884727,0.41568970121040116,0.44688781531453203,0.455827861478893,0.4419865396959912,0.4603472532953452,0.4480511655512657,0.3017898126051014,0.32806048373326635,0.3617967371813283,0.3116978802723086,0.48404320795338407,0.0,0.43439857889081024,0.4173365771515932,0.30197255208065577,0.36078914435615794,0.4533162787537164,0.3132087312959745,0.4606213900160946,0.3451601528836368,0.43047806411099454,0.4661890811418712,0.30978368033158266,0.31673402158788433,0.3089740895030184,0.4370528535189453,0.44015553392157136,0.30194720786870544,0.32800897218753877
0.3776331484507832,0.5818972548135788,0.28908545827965115,0.32888701643367235,0.44983617444882873,1.0,0.398290649666331,0.34336452350681823,0.36510060483843765,0.33175159404119137,0.46871156706911,0.3309431731440594,0.45893088124363624,0.32635919369647404,0.3210965466909279,0.40210863034945477,0.496707252712527,0.4664447048724897,0.38631627534473456,0.39995573711430754,0.4400962279673559,0.4243306841260127,0.4687351727353035,0.5556291298783678,0.5398534099501762,0.49357729052406785,0.44745852654715645,0.32733279902395984,0.3630119119443709,0.3641018356742819,0.30239267431424033,0.44170504349456563,0.0,0.4609043421029204,0.572377660527702,0.33218227795822575,0.39213702442970255,0.46152188642244196,0.27714193909919926,0.46051644484478593,0.3171950841216521,0.5145599646811205,0.46541819430108833,0.3318198414938488,0.3323290550631117,0.33286073084005496,0.5093652054518096,0.5123628632291821,0.32384966956628414,0.36436064063919815
0.3576880826283909,0.3885847671381679,0.28147855883251105,0.3021712364739696,0.34595021387457847,0.398290649666331,1.0,0.3109750126194556,0.34971826558451213,0.30969703137508975,0.39593621890622355,0.30300068520649515,0.3786451948243299,0.30203637218031165,0.2899424341492777,0.7451879479777785,0.3759219095604628,0.4257012939930247,0.36631581340602404,0.8625159547726791,0.42535671282478604,0.39707899405839997,0.4341651280255344,0.3795481693969237,0.3734541055101027,0.3769286561365003,0.39018433168068145,0.30346845262693845,0.3411261967146946,0.3484629251371013,0.2818648947491388,0.37617149194918753,0.0,0.39497478547654996,0.39673262711239254,0.3268816462144265,0.7987229739630505,0.3745119510446393,0.24790799152333476,0.3903482000547841,0.28537077532272637,0.3883849771236193,0.38874906601290904,0.30812427145864085,0.30875175609441907,0.3161057331322067,0.3814684008119569,0.38218391091449855,0.3031805465359594,0.3462926018642939
0.3492964789983516,0.33760217992754327,0.2743739321447529,0.5308881557126153,0.34278550376268135,0.34336452350681823,0.3109750126194556,1.0,0.34892100472433085,0.5464151994219297,0.32991860129177975,0.5217544981215787,0.34438198637608675,0.5262176984611593,0.5161524817683538,0.33144425592272797,0.33090242091130695,0.3261755245639594,0.27928628577218706,0.31280480557358736,0.3142475376388496,0.30865552319572986,0.33104915794798195,0.34384395496622744,0.32337790739864625,0.33859622085501606,0.3247257086153591,0.7018685735397378,0.37457513536799225,0.33862337068709414,0.5004344989364258,0.33559943514269164,0.0,0.3210656048473255,0.3180952119694983,0.44944631145944514,0.3086275239251297,0.3370815286718073,0.38425151394790313,0.3276600533856814,0.5220927161084252,0.32933632309918226,0.3258766421979631,0.7036222438090081,0.6827765123812102,0.34310147558669024,0.31896500579613907,0.31999499613980964,0.48481068333236,0.3673671411533177
0.4485926375794368,0.35883173354656117,0.31332426321331197,0.34865884743384234,0.3803476474078533,0.36510060483843765,0.34971826558451213,0.34892100472433085,1.0,0.35717649556113273,0.37238490995524376,0.32647055862620766,0.3789414250747962,0.3383346661528982,0.34107325316246184,0.3760647171259258,0.3563851364056764,0.3565011718132841,0.29237342198294725,0.3573711129090047,0.3473966721973586,0.33901236774622623,0.364915008542399,0.37231124192028375,0.3479271922390961,0.3662852005953301,0.3621221120383219,0.3268744735864614,0.38572409077239134,0.464621675911962,0.3183545308387614,0.35622056136577207,0.0,0.3527889243207093,0.3525730593647861,0.33635259708355714,0.3495588211547026,0.3531760344762147,0.27178748473244485,0.36388906131525545,0.33572920527924033,0.3640123733417501,0.36921963466748,0.3320614488851671,0.3305054595228367,0.36094971952304067,0.35746985094799544,0.35878063356308754,0.323584668500149,0.39627687518885024
0.3556849599831936,0.3422954474827341,0.2780771292731361,0.5552160480518001,0.3470902319039494,0.33175159404119137,0.30969703137508975,0.5464151994219297,0.35717649556113273,1.0,0.33745142332622735,0.523984122566728,0.3461204699323387,0.5466300634599888,0.5398557630786884,0.33389072095730465,0.325809927293514,0.3211216932273093,0.2693637978661272,0.31375092489049794,0.30970755689868323,0.3013185469247881,0.3225690892772525,0.3343491493577797,0.3231928098797383,0.34170780893811936,0.3218592112217813,0.5384991121148757,0.36719352945700423,0.34547983841966123,0.5415896934983089,0.32955925910175154,0.0,0.3100401601889812,0.3172850248573824,0.4672288198451334,0.30847166694226724,0.32551305813518794,0.39422118948883145,0.3242505353771815,0.5623277027950817,0.32495153786436826,0.32339501982286734,0.5368296720080458,0.5424366258482873,0.34461743441451376,0.32205815171102437,0.32232118052648295,0.5065092414260943,0.36496037033344286
0.3819677854542022,0.47174188268181605,0.3024622032155688,0.31926641851451376,0.5052653266438949,0.46871156706911,0.39593621890622355,0.32991860129177975,0.37238490995524376,0.33745142332622735,1.0,0.3244126779355283,0.5560207223777247,0.33053545309355814,0.3105289852851961,0.3934884821811314,0.44033102948056824,0.5315570473511164,0.4507540521612513,0.4025520299359989,0.5227533814095082,0.525036838167531,0.5383392299652499,0.46489304241803653,0.4266288369298208,0.4612358058431153,0.5412119093178879,0.33200947152304894,0.3628964474813815,0.37714728903540407,0.30425135690171046,0.48645437857293694,0.0,0.5107042439767271,0.47079804961030225,0.3380463658176125,0.38240013855235266,0.5287488413093827,0.26182342747655296,0.5626756304213634,0.31150537970655034,0.48636806251932563,0.5451645539650906,0.3334456100765195,0.33353284211346435,0.3431293036455799,0.4825520503016014,0.48333829471351397,0.3366849989130162,0.368664447978731
0.3552278627944824,0.3457823773724298,0.27148032074722817,0.5405563352034106,0.32252912881815843,0.3309431731440594,0.30300068520649515,0.5217544981215787,0.32647055862620766,0.523984122566728,0.3244126779355283,1.0,0.32223169248119865,0.5297106897766903,0.6132373229719218,0.31333363645515566,0.319196642136117,0.3134989283469112,0.27268004074936947,0.30555712492121456,0.30917369262399386,0.3010216707364477,0.3206479042561664,0.3261171150228447,0.3135578329631217,0.3238684437596234,0.3118191963387926,0.5216722893076304,0.37180691076078576,0.3304175386169472,0.4740386204393411,0.3228717530509664,0.0,0.30870204900482645,0.3165036927925686,0.43936265698614774,0.29757399139924146,0.32262055236414944,0.3829184659372825,0.3201582962753331,0.5036841476798226,0.3171934496225688,0.321628148146307,0.530946606413572,0.5283642538482087,0.35127577951920985,0.3203685112527991,0.32247456795338825,0.4697256151108815,0.3633294562156216
0.36742983411787933,0.44828357323904555,0.2864753069323067,0.3365139557389648,0.5054267411937143,0.45893088124363624,0.3786451948243299,0.34438198637608675,0.3789414250747962,0.3461204699323387,0.5560207223777247,0.32223169248119865,1.0,0.3233898114062552,0.3350925752462547,0.405515589396622,0.4386184577097233,0.5228927366606878,0.5172675055672395,0.38538088700775364,0.5202429024488987,0.5781104306238865,0.5608875164019022,0.4593193237908568,0.41775752091420537,0.4561230860716058,0.5447006707211739,0.3200304301935908,0.34795667567400157,0.37827933731508046,0.3057274868334846,0.5458941191481177,0.0,0.53542361023041,0.4462155250936921,0.3159343770687033,0.38114017746607953,0.5248715244953877,0.2625731494809548,0.5528772316557237,0.32534307881058355,0.4602453800608203,0.544541435507397,0.3214693273718807,0.3223401624802562,0.31966381669954447,0.455043179972315,0.456505243717497,0.3183663261974189,0.3516795978483144
0.34008941792106395,0.32537712352122916,0.27050739238415644,0.576826578112722,0.3192430259774175,0.32635919369647404,0.30203637218031165,0.5262176984611593,0.3383346661528982,0.5466300634599888,0.33053545309355814,0.5297106897766903,0.3233898114062552,1.0,0.5742582396204269,0.31079138927096883,0.3152410185150424,0.31984190544752156,0.2674002044959747,0.30728202837357155,0.305301427489845,0.3017286573464564,0.3250618156972802,0.3146252041088654,0.3019054592743451,0.31840676052117256,0.31795114785909073,0.5555145184720627,0.36965001036952183,0.32750616473943095,0.5271189393194782,0.3171004565310467,0.0,0.3077452212595916,0.3109486644260131,0.4640880626816195,0.2962834681162283,0.3197913404412014,0.38268198808835774,0.31497072402651194,0.5447074635383767,0.3205929793779151,0.3180811605722501,0.5530599466570568,0.5443853983543001,0.3499211157897888,0.31650498572817876,0.31758618479021317,0.494586305571763,0.3727727204764031
0.3235113694110112,0.31100833896988656,0.2599433581899572,0.595470159237956,0.3497575072983292,0.3210965466909279,0.2899424341492777,0.5161524817683538,0.34107325316246184,0.5398557630786884,0.3105289852851961,0.6132373229719218,0.3350925752462547,0.5742582396204269,1.0,0.3231754359585812,0.32318192937078793,0.30361952256816105,0.25627015025290656,0.29533234918252826,0.2928551055680343,0.28846126955935836,0.3089017873597367,0.3224085946703874,0.30870701680767487,0.32781731904675937,0.3045858169859761,0.5096273209394435,0.35122111576824666,0.328786169783836,0.526772879590643,0.3276700156397656,0.0,0.2945847953769629,0.29956813083568146,0.4407942693654713,0.297663280590318,0.30623731956818623,0.3889506390997475,0.30565283748502425,0.55768164690128,0.30762370528207716,0.30808804540884516,0.513127107320206,0.5056546182200814,0.3356774353834494,0.31236180592455476,0.3133677447797103,0.4659213334979313,0.36392320405486844
0.3615147129881633,0.3865064705165374,0.2821165029387236,0.331416124507788,0.39853977369264193,0.40210863034945477,0.7451879479777785,0.33144425592272797,0.3760647171259258,0.33389072095730465,0.3934884821811314,0.31333363645515566,0.405515589396622,0.31079138927096883,0.3231754359585812,1.0,0.392172304564427,0.4083035014205333,0.35898354546553957,0.7559109248149664,0.40670149854031556,0.3930898296974634,0.42041746103797895,0.40092045142427335,0.3935918761277245,0.40318422267060083,0.3829950714704584,0.30514968269681353,0.34146254327190084,0.37043590188530384,0.3015780298488002,0.39406735749493105,0.0,0.389834656652412,0.3938800333306548,0.32549317527297983,0.7481208379732975,0.37520607333141054,0.25708802929913666,0.3861634957665343,0.31613049469753685,0.38766441909278215,0.38713629399816285,0.3103961147916159,0.31293369853809705,0.3179460618392621,0.3838485027235574,0.38468600695192456,0.30694097185098845,0.3441246437601495
0.358319127657593,0.4949189888883605,0.27866565067987137,0.33605133381790664,0.44528257393885673,0.496707252712527,0.3759219095604628,0.33090242091130695,0.3563851364056764,0.325809927293514,0.44033102948056824,0.319196642136117,0.4386184577097233,0.3152410185150424,0.32318192937078793,0.392172304564427,1.0,0.4300742412166003,0.36284205815258574,0.37770760579935825,0.41931885301635985,0.41048820690975785,0.4467633824552415,0.5132475307250068,0.5100670292055782,0.5339893234637336,0.42578763604143943,0.31385496533782353,0.33662410457844527,0.34892228810698944,0.29387041521566326,0.47255374015900065,0.0,0.4328110244057496,0.4877198714094293,0.31975354740330253,0.37411979452370203,0.42198727570543226,0.2627295320823918,0.4328701249704102,0.3080078174456391,0.4710452601870938,0.434342259956072,0.32248907393766013,0.33179996560112424,0.31280747109572005,0.4800859209226722,0.48390248231845967,0.30795084416636254,0.341025180583284
0.3676491868979913,0.45695987730235843,0.2926055381807694,0.3139668031459665,0.43426713752141066,0.4664447048724897,0.4257012939930247,0.3261755245639594,0.3565011718132841,0.3211216932273093,0.5315570473511164,0.3134989283469112,0.5228927366606878,0.31984190544752156,0.30361952256816105,0.4083035014205333,0.4300742412166003,1.0,0.4790579780489891,0.42707670253976193,0.5479963894102294,0.5318187742444217,0.5661208215339004,0.4424600808568231,0.4097299364308291,0.4406351460846789,0.5288878277891682,0.3211705144675946,0.3541659680384348,0.3646531548298122,0.2951107723663746,0.48349100651766674,0.0,0.515153604644246,0.45830175192214095,0.3421596171032556,0.4091559008355351,0.49507713516905083,0.26399380038122133,0.5269035936636148,0.2985396940942333,0.46526955004325243,0.5201448279539915,0.3219736772849774,0.3219550393936538,0.3258586023583986,0.4672444943354652,0.46713686731722504,0.3184507173607042,0.35787205962803437
0.3095259620703148,0.3803222972961898,0.2430732700749355,0.26667473285340293,0.366552635117973,0.38631627534473456,0.36631581340602404,0.27928628577218706,0.29237342198294725,0.2693637978661272,0.4507540521612513,0.27268004074936947,0.5172675055672395,0.2674002044959747,0.25627015025290656,0.35898354546553957,0.36284205815258574,0.4790579780489891,1.0,0.3570268942194088,0.46572223018915815,0.5559270330863301,0.4790842249909163,0.3733998476780439,0.36168131123250746,0.36159220440130935,0.44830059566024205,0.27007802725205554,0.29553502105942986,0.2991358775753824,0.24939916430058262,0.47266849203764427,0.0,0.45010757401933044,0.3836747185267998,0.2818939618584464,0.3547790228167351,0.4221100572901123,0.22385918369742208,0.4459187909261396,0.2527814421844663,0.38213499444377264,0.43799160026491435,0.2753377331320638,0.2763411857416971,0.2731170776937787,0.3807356506740901,0.3829939175932763,0.26620813597955717,0.2953822090276622
0.36178554789920025,0.3927803490337919,0.2858348773197935,0.30536350544152824,0.3503057459449034,0.39995573711430754,0.8625159547726791,0.31280480557358736,0.3573711129090047,0.31375092489049794,0.4025520299359989,0.30555712492121456,0.38538088700775364,0.30728202837357155,0.29533234918252826,0.7559109248149664,0.37770760579935825,0.42707670253976193,0.3570268942194088,1.0,0.4256326398852045,0.39816961865618183,0.4320035560745895,0.38155907748875184,0.37285559103503585,0.3823118157773101,0.3968783617150644,0.307167106286687,0.3453359153289641,0.3565098449613241,0.28523245545234976,0.37655854618491946,0.0,0.39460612568954756,0.3998342138730697,0.3295507158496621,0.808720239644265,0.38069999857876613,0.2478665102118992,0.39898820577767635,0.2900482217295989,0.39233617178155367,0.3964494932106952,0.31060034273550374,0.31013570291305226,0.3223715454654279,0.38766496794505023,0.3884021939674994,0.3084430921164282,0.3530161813693309
0.3529690165633528,0.4440746945560644,0.28718478133943004,0.3058330571620147,0.4373977377884727,0.4400962279673559,0.42535671282478604,0.3142475376388496,0.3473966721973586,0.30970755689868323,0.5227533814095082,0.30917369262399386,0.5202429024488987,0.305301427489845,0.2928551055680343,0.40670149854031556,0.41931885301635985,0.5479963894102294,0.46572223018915815,0.4256326398852045,1.0,0.5222200051725807,0.5685952384087367,0.43294064252010456,0.40466773137855694,0.43578419395150514,0.5292575537965232,0.3105565653382666,0.3394041086688573,0.353172815011187,0.2851370957359195,0.48207960764323343,0.0,0.5239149420602314,0.44991894600659854,0.32544160444616643,0.4061200307163829,0.4946452851032702,0.25498044034129297,0.53699501113845,0.29358546576389466,0.44317751715229825,0.5163567977437931,0.3134843992443561,0.31602722001330386,0.3246773374223282,0.4548124076285974,0.4555094082488149,0.3110529681450054,0.34709224706980246
0.34755033731932805,0.4269525478646995,0.2737817247743972,0.2970310536386077,0.41568970121040116,0.4243306841260127,0.39707899405839997,0.30865552319572986,0.33901236774622623,0.3013185469247881,0.525036838167531,0.3010216707364477,0.5781104306238865,0.3017286573464564,0.28846126955935836,0.3930898296974634,0.41048820690975785,0.5318187742444217,0.5559270330863301,0.39816961865618183,0.5222200051725807,1.0,0.6912089173567479,0.42537257453734645,0.40099195436136503,0.41385441508436627,0.5191647910194456,0.3016257146652087,0.3264446093773964,0.33970580349914237,0.27472421517543233,0.507881376866697,0.0,0.6138831469534197,0.42936533128643206,0.30968807925318,0.3831667286630588,0.501154243294553,0.24672324965057968,0.5217627642328864,0.28306685557053346,0.43024044625298474,0.5225018602207891,0.30823135212272545,0.30665797172397236,0.309311105576089,0.4310491421057069,0.43181676053862794,0.30205660959282465,0.3337192335732596
0.3759573513134157,0.4626348008309904,0.29428710312668005,0.32615552680973436,0.44688781531453203,0.4687351727353035,0.4341651280255344,0.33104915794798195,0.364915008542399,0.3225690892772525,0.5383392299652499,0.3206479042561664,0.5608875164019022,0.3250618156972802,0.3089017873597367,0.42041746103797895,0.4467633824552415,0.5661208215339004,0.4790842249909163,0.4320035560745895,0.5685952384087367,0.6912089173567479,1.0,0.4470066407805018,0.42765791449281065,0.44376527376410235,0.5555097465517427,0.32614794517433177,0.35253436465932275,0.3612807728756757,0.3004261013515328,0.512253328793203,0.0,0.6429046933273583,0.45818298292094395,0.33399724760212823,0.417272445735959,0.5239051577982168,0.26161341635121815,0.551440027028901,0.30431717584903983,0.46039848813962125,0.5430132283309037,0.3285642759055809,0.3295508081209262,0.32991457899769794,0.4591582642796418,0.46081632101970293,0.32323057289326773,0.35604314198662323
0.37358253356107907,0.552913876234395,0.2804146027046558,0.33273877814115416,0.455827861478893,0.5556291298783678,0.3795481693969237,0.34384395496622744,0.37231124192028375,0.3343491493577797,0.46489304241803653,0.3261171150228447,0.4593193237908568,0.3146252041088654,0.3224085946703874,0.40092045142427335,0.5132475307250068,0.4424600808568231,0.3733998476780439,0.38155907748875184,0.43294064252010456,0.42537257453734645,0.4470066407805018,1.0,0.5780314038041874,0.5323594344635285,0.43968807089199424,0.3070142653031771,0.33711800952411763,0.3670911842898317,0.29679003053903674,0.4476050750313707,0.0,0.43053783390625544,0.5675871797982884,0.31950827751976385,0.37653211825578303,0.43116726699227126,0.2654444178500701,0.4386897264883455,0.3190638169897174,0.48787500988767163,0.43522332718777856,0.32134574689918116,0.33037921147585625,0.3149516894297685,0.4778101346027396,0.47930135426285847,0.3083744325045922,0.34347375280064474
0.35326920401822504,0.544316266809677,0.2690097916863404,0.32390278609184253,0.4419865396959912,0.5398534099501762,0.3734541055101027,0.32337790739864625,0.3479271922390961,0.3231928098797383,0.4266288369298208,0.3135578329631217,0.41775752091420537,0.3019054592743451,0.30870701680767487,0.3935918761277245,0.5100670292055782,0.4097299364308291,0.36168131123250746,0.37285559103503585,0.40466773137855694,0.40099195436136503,0.42765791449281065,0.5780314038041874,1.0,0.5369676592732635,0.40137278534840026,0.29259484856420015,0.31992950820374066,0.33521513158175364,0.28969551826736495,0.45764224439901935,0.0,0.4057499298133418,0.5490241028451994,0.3006565870104144,0.37182043151872357,0.4143545991775316,0.25655318764028734,0.4116011998631889,0.3059453471973138,0.45837186451069245,0.4174972620001214,0.31828054727378485,0.317205225086746,0.31444463106409304,0.45734693063972176,0.45828749529070845,0.30529649998930686,0.322206223336471
0.3564429849154853,0.5094607913261687,0.28027836622745317,0.33810697785098287,0.4603472532953452,0.49357729052406785,0.3769286561365003,0.33859622085501606,0.3662852005953301,0.34170780893811936,0.4612358058431153,0.3238684437596234,0.4561230860716058,0.31840676052117256,0.32781731904675937,0.40318422267060083,0.5339893234637336,0.4406351460846789,0.36159220440130935,0.3823118157773101,0.43578419395150514,0.41385441508436627,0.44376527376410235,0.5323594344635285,0.5369676592732635,1.0,0.4368452345273648,0.3107877058706221,0.3357661893220185,0.3587185610452043,0.3095255363666436,0.44227408776861443,0.0,0.421077539774497,0.5009421686450921,0.32142492568585634,0.37838337917495235,0.4319751193124657,0.26197054927874874,0.45231774415403125,0.32477534408785913,0.48729333643968586,0.43576852144207656,0.3300454373009457,0.32569508143633785,0.32339700242066105,0.4921747038356096,0.49371854421716244,0.3259424777407962,0.3436946162223108
0.36621040102646163,0.45565706852109233,0.2915841490835591,0.31350405056348596,0.4480511655512657,0.44745852654715645,0.39018433168068145,0.3247257086153591,0.3621221120383219,0.3218592112217813,0.5412119093178879,0.3118191963387926,0.5447006707211739,0.31795114785909073,0.3045858169859761,0.3829950714704584,0.42578763604143943,0.5288878277891682,0.44830059566024205,0.3968783617150644,0.5292575537965232,0.5191647910194456,0.5555097465517427,0.43968807089199424,0.40137278534840026,0.4368452345273648,1.0,0.3176822969896359,0.35357226736531844,0.3599383017698842,0.2945049441246238,0.4995742244732264,0.0,0.5217860821123472,0.44538575595293584,0.32382791416086365,0.3750718468700993,0.597464343352098,0.2525168588236213,0.5674706301644525,0.30204729087860815,0.4608381517861987,0.6240728971031029,0.32344684282757286,0.318986062193246,0.32887290211552034,0.45386833573962926,0.45460063792482075,0.32296268202098777,0.3555599558448316
0.34344968989657154,0.33783638711070474,0.274533474132008,0.5462639711197652,0.3017898126051014,0.32733279902395984,0.30346845262693845,0.7018685735397378,0.3268744735864614,0.5384991121148757,0.33200947152304894,0.5216722893076304,0.3200304301935908,0.5555145184720627,0.5096273209394435,0.30514968269681353,0.31385496533782353,0.3211705144675946,0.27007802725205554,0.307167106286687,0.3105565653382666,0.3016257146652087,0.32614794517433177,0.3070142653031771,0.29259484856420015,0.3107877058706221,0.3176822969896359,1.0,0.3746868510885869,0.32845495655521284,0.5034461834794253,0.3158880440348142,0.0,0.31082440726888094,0.30925595140818574,0.4515789354139341,0.2941136580727437,0.3307304914986028,0.37892561354220966,0.3201952135241931,0.5134529923990703,0.3240987375127643,0.3182115742091862,0.7986315151570467,0.7655767546364595,0.3464735155301317,0.32055021469893064,0.321476620891173,0.5052190804252209,0.367474673902742
0.40005191828479236,0.363278711959646,0.31517374307738144,0.34953937932959245,0.32806048373326635,0.3630119119443709,0.3411261967146946,0.37457513536799225,0.38572409077239134,0.36719352945700423,0.3628964474813815,0.37180691076078576,0.34795667567400157,0.36965001036952183,0.35122111576824666,0.34146254327190084,0.33662410457844527,0.3541659680384348,0.29553502105942986,0.3453359153289641,0.3394041086688573,0.3264446093773964,0.35253436465932275,0.33711800952411763,0.31992950820374066,0.3357661893220185,0.35357226736531844,0.3746868510885869,1.0,0.37628821413547975,0.33915453151469677,0.33657940322128443,0.0,0.34451721269278635,0.3455056537016563,0.3673985362275284,0.3280601187813632,0.3481876019352036,0.289530153822243,0.3552687855789568,0.3371556053639614,0.34547592245552516,0.348988852981185,0.3720434207963066,0.3727984494704668,0.425949838545984,0.34723055454313034,0.3468911165390861,0.35613541971554297,0.6350388921869132
0.43644823298477586,0.3650404257963682,0.31403145401461263,0.3357204521842938,0.3617967371813283,0.3641018356742819,0.3484629251371013,0.33862337068709414,0.464621675911962,0.34547983841966123,0.37714728903540407,0.3304175386169472,0.37827933731508046,0.32750616473943095,0.328786169783836,0.37043590188530384,0.34892228810698944,0.3646531548298122,0.2991358775753824,0.3565098449613241,0.353172815011187,0.33970580349914237,0.3612807728756757,0.3670911842898317,0.33521513158175364,0.3587185610452043,0.3599383017698842,0.32845495655521284,0.37628821413547975,1.0,0.31253641626947615,0.3460765916598454,0.0,0.3466515667660004,0.3563966672858998,0.3327414763394062,0.3459762431297029,0.3560120675404965,0.2742728632750261,0.37717607102189377,0.32684247786294485,0.3594665304181778,0.3671984262509066,0.3328013854365114,0.32904970502276565,0.3673198146779535,0.36234321148741533,0.3639795487608084,0.32539343105212015,0.39258788224290775
0.31006276427370105,0.3053738065408247,0.25305103579688226,0.5256466495611756,0.3116978802723086,0.30239267431424033,0.2818648947491388,0.5004344989364258,0.3183545308387614,0.5415896934983089,0.30425135690171046,0.4740386204393411,0.3057274868334846,0.5271189393194782,0.526772879590643,0.3015780298488002,0.29387041521566326,0.2951107723663746,0.24939916430058262,0.28523245545234976,0.2851370957359195,0.27472421517543233,0.3004261013515328,0.29679003053903674,0.28969551826736495,0.3095255363666436,0.2945049441246238,0.5034461834794253,0.33915453151469677,0.31253641626947615,1.0,0.3006901157278702,0.0,0.28772630295622403,0.28527609480286154,0.4273280512137049,0.28100177641849355,0.29659908720995176,0.3483772617219534,0.2996250961040514,0.6514436003139803,0.2975843774521566,0.29399399323136666,0.5004126157255383,0.49429979566312776,0.32155543853981283,0.2988555764074491,0.2992154995021379,0.4617147962051752,0.33635825265051844
0.357275211288804,0.4361162958439031,0.2757066240067181,0.34414149680668726,0.48404320795338407,0.44170504349456563,0.37617149194918753,0.33559943514269164,0.35622056136577207,0.32955925910175154,0.48645437857293694,0.3228717530509664,0.5458941191481177,0.3171004565310467,0.3276700156397656,0.39406735749493105,0.47255374015900065,0.48349100651766674,0.47266849203764427,0.37655854618491946,0.48207960764323343,0.507881376866697,0.512253328793203,0.4476050750313707,0.45764224439901935,0.44227408776861443,0.4995742244732264,0.3158880440348142,0.33657940322128443,0.3460765916598454,0.3006901157278702,1.0,0.0,0.4913859880744763,0.41987854312722483,0.3071718811182693,0.3808653908046483,0.5001107491798955,0.2630385438595021,0.5052249529929735,0.3141845039867719,0.43667150931057375,0.5096512721256921,0.31780491598408067,0.3260429238683603,0.308133929256557,0.44334771083112545,0.44419946199973626,0.3009342046608785,0.3275274208525346
0.0,0.0,0.0,0.0,0.0,0.0,0.0,0.0,0.0,0.0,0.0,0.0,0.0,0.0,0.0,0.0,0.0,0.0,0.0,0.0,0.0,0.0,0.0,0.0,0.0,0.0,0.0,0.0,0.0,0.0,0.0,0.0,1.0,0.0,0.0,0.0,0.0,0.0,0.0,0.0,0.0,0.0,0.0,0.0,0.0,0.0,0.0,0.0,0.0,0.0
0.361352510599421,0.44520086172770734,0.2887667241615133,0.30428677253205927,0.43439857889081024,0.4609043421029204,0.39497478547654996,0.3210656048473255,0.3527889243207093,0.3100401601889812,0.5107042439767271,0.30870204900482645,0.53542361023041,0.3077452212595916,0.2945847953769629,0.389834656652412,0.4328110244057496,0.515153604644246,0.45010757401933044,0.39460612568954756,0.5239149420602314,0.6138831469534197,0.6429046933273583,0.43053783390625544,0.4057499298133418,0.421077539774497,0.5217860821123472,0.31082440726888094,0.34451721269278635,0.3466515667660004,0.28772630295622403,0.4913859880744763,0.0,1.0,0.44431507003711435,0.3354706949273516,0.38065145372166354,0.504427904058547,0.2620105605917994,0.5257964691313918,0.2925768682432356,0.4435607823437183,0.530244857369798,0.3145904871747778,0.31987433600001813,0.31443122972269166,0.4440201406085761,0.4454519588075826,0.30881984778412563,0.34735863556607893
0.3673594051685767,0.5791664504805136,0.285995264799509,0.30834192922475656,0.4173365771515932,0.572377660527702,0.39673262711239254,0.3180952119694983,0.3525730593647861,0.3172850248573824,0.47079804961030225,0.3165036927925686,0.4462155250936921,0.3109486644260131,0.29956813083568146,0.3938800333306548,0.4877198714094293,0.45830175192214095,0.3836747185267998,0.3998342138730697,0.44991894600659854,0.42936533128643206,0.45818298292094395,0.5675871797982884,0.5490241028451994,0.5009421686450921,0.44538575595293584,0.30925595140818574,0.3455056537016563,0.3563966672858998,0.28527609480286154,0.41987854312722483,0.0,0.44431507003711435,1.0,0.32082585557018417,0.38123840350822,0.4407816407726267,0.25667090375799195,0.4581627494946371,0.2976579894743644,0.5016209235442617,0.45842102641448024,0.3167968315333649,0.31937406514114386,0.32157526203597775,0.49185061108908057,0.492567671530845,0.314179005621382,0.34459975719686065
0.3432057348491626,0.32242208841270437,0.276934845086687,0.45274838591148303,0.30197255208065577,0.33218227795822575,0.3268816462144265,0.44944631145944514,0.33635259708355714,0.4672288198451334,0.3380463658176125,0.43936265698614774,0.3159343770687033,0.4640880626816195,0.4407942693654713,0.32549317527297983,0.31975354740330253,0.3421596171032556,0.2818939618584464,0.3295507158496621,0.32544160444616643,0.30968807925318,0.33399724760212823,0.31950827751976385,0.3006565870104144,0.32142492568585634,0.32382791416086365,0.4515789354139341,0.3673985362275284,0.3327414763394062,0.4273280512137049,0.3071718811182693,0.0,0.3354706949273516,0.32082585557018417,1.0,0.3175132844830122,0.31157991592584366,0.39408282838031705,0.32911089127108306,0.43914879534896434,0.32653714303023507,0.3185055017469861,0.45614719458476993,0.4601740471840785,0.33841491228643716,0.32121219824534686,0.32202458507136533,0.4512443293853544,0.37068174067399884
0.3480854964691983,0.3717494681809351,0.2700691312051011,0.3061223614802292,0.36078914435615794,0.39213702442970255,0.7987229739630505,0.3086275239251297,0.3495588211547026,0.30847166694226724,0.38240013855235266,0.29757399139924146,0.38114017746607953,0.2962834681162283,0.297663280590318,0.7481208379732975,0.37411979452370203,0.4091559008355351,0.3547790228167351,0.808720239644265,0.4061200307163829,0.3831667286630588,0.417272445735959,0.37653211825578303,0.37182043151872357,0.37838337917495235,0.3750718468700993,0.2941136580727437,0.3280601187813632,0.3459762431297029,0.28100177641849355,0.3808653908046483,0.0,0.38065145372166354,0.38123840350822,0.3175132844830122,1.0,0.3650636891202458,0.24479038888453108,0.37487630107913017,0.289052908773055,0.377621525824159,0.37887820479395673,0.2961836441410315,0.2968413965162423,0.3059907283850708,0.37109753210627094,0.3721598796940351,0.29207685699103136,0.33539512667099847
0.37281640757431833,0.47414407118386603,0.2898119396472577,0.31202140193056793,0.4533162787537164,0.46152188642244196,0.3745119510446393,0.3370815286718073,0.3531760344762147,0.32551305813518794,0.5287488413093827,0.32262055236414944,0.5248715244953877,0.3197913404412014,0.30623731956818623,0.37520607333141054,0.42198727570543226,0.49507713516905083,0.4221100572901123,0.38069999857876613,0.4946452851032702,0.501154243294553,0.5239051577982168,0.43116726699227126,0.4143545991775316,0.4319751193124657,0.597464343352098,0.3307304914986028,0.3481876019352036,0.3560120675404965,0.29659908720995176,0.5001107491798955,0.0,0.504427904058547,0.4407816407726267,0.31157991592584366,0.3650636891202458,1.0,0.2575787356131829,0.5471204608466806,0.30569500960037765,0.4599887472725953,0.6328221202532963,0.334356495036341,0.32524500062375994,0.3270733608308828,0.4645555161931545,0.46539920081156827,0.32974864408052684,0.3481423002405557
0.28469920987780406,0.2558613332672296,0.21723534518746246,0.3923952698404517,0.3132087312959745,0.27714193909919926,0.24790799152333476,0.38425151394790313,0.27178748473244485,0.39422118948883145,0.26182342747655296,0.3829184659372825,0.2625731494809548,0.38268198808835774,0.3889506390997475,0.25708802929913666,0.2627295320823918,0.26399380038122133,0.22385918369742208,0.2478665102118992,0.25498044034129297,0.24672324965057968,0.26161341635121815,0.2654444178500701,0.25655318764028734,0.26197054927874874,0.2525168588236213,0.37892561354220966,0.289530153822243,0.2742728632750261,0.3483772617219534,0.2630385438595021,0.0,0.2620105605917994,0.25667090375799195,0.39408282838031705,0.24479038888453108,0.2575787356131829,1.0,0.25034688150239326,0.3728443072818758,0.2616660899260763,0.2576790793490171,0.3864036179894873,0.3916371498617275,0.26303120732379215,0.25325899717080946,0.2548092595604613,0.3639427567674972,0.2908121008785016
0.36860034545025944,0.4671302155287681,0.30069160203397516,0.3098581999220892,0.4606213900160946,0.46051644484478593,0.3903482000547841,0.3276600533856814,0.36388906131525545,0.3242505353771815,0.5626756304213634,0.3201582962753331,0.5528772316557237,0.31497072402651194,0.30565283748502425,0.3861634957665343,0.4328701249704102,0.5269035936636148,0.4459187909261396,0.39898820577767635,0.53699501113845,0.5217627642328864,0.551440027028901,0.4386897264883455,0.4116011998631889,0.45231774415403125,0.5674706301644525,0.3201952135241931,0.3552687855789568,0.37717607102189377,0.2996250961040514,0.5052249529929735,0.0,0.5257964691313918,0.4581627494946371,0.32911089127108306,0.37487630107913017,0.5471204608466806,0.25034688150239326,1.0,0.30132426406166246,0.4695926095752415,0.5693421952055051,0.32102061875729015,0.32539609881499354,0.3397892748717748,0.4884006405516156,0.4887896006378215,0.32323145286419463,0.36631955943610006
