../ecoli_genomes/GCF_000163235.1_ASM16323v1_genomic.fna.gz,../ecoli_genomes/GCF_000164555.1_ASM16455v1_genomic.fna.gz,../ecoli_genomes/GCF_000208545.1_ASM20854v2_genomic.fna.gz,../ecoli_genomes/GCF_000233875.1_ASM23387v1_genomic.fna.gz,../ecoli_genomes/GCF_000249735.1_ASM24973v2_genomic.fna.gz,../ecoli_genomes/GCF_000261145.1_Esch_coli_M919_V2_genomic.fna.gz,../ecoli_genomes/GCF_000267705.2_ASM26770v2_genomic.fna.gz,../ecoli_genomes/GCF_000350665.1_Esch_coli_KTE5_V1_genomic.fna.gz,../ecoli_genomes/GCF_000351625.1_Esch_coli_KTE66_V1_genomic.fna.gz,../ecoli_genomes/GCF_000352285.1_Esch_coli_KTE46_V1_genomic.fna.gz,../ecoli_genomes/GCF_000358895.1_ASM35889v1_genomic.fna.gz,../ecoli_genomes/GCF_000456385.1_Esch_coli_HVH_26_4-5703913_V1_genomic.fna.gz,../ecoli_genomes/GCF_000458195.1_Esch_coli_HVH_147_4-5893887_V1_genomic.fna.gz,../ecoli_genomes/GCF_000459755.1_Esch_coli_KOEGE_58_171a_V1_genomic.fna.gz,../ecoli_genomes/GCF_000460055.1_Esch_coli_UMEA_3053-1_V1_genomic.fna.gz,../ecoli_genomes/GCF_000462165.2_ASM46216v2_genomic.fna.gz,../ecoli_genomes/GCF_000601135.1_ASM60113v1_genomic.fna.gz,../ecoli_genomes/GCF_000614595.1_Ec2010EL1058_genomic.fna.gz,../ecoli_genomes/GCF_000617745.1_Ec2010C-4529_genomic.fna.gz,../ecoli_genomes/GCF_000618265.2_EcF6751_genomic.fna.gz,../ecoli_genomes/GCF_000619005.2_Ec2009C-4052_genomic.fna.gz,../ecoli_genomes/GCF_000619105.1_Ec2009C-4780_genomic.fna.gz,../ecoli_genomes/GCF_000619765.2_Ec2009C-3279_genomic.fna.gz,../ecoli_genomes/GCF_000687005.1_ASM68700v1_genomic.fna.gz,../ecoli_genomes/GCF_000687025.1_ASM68702v1_genomic.fna.gz,../ecoli_genomes/GCF_000700125.1_ASM70012v1_genomic.fna.gz,../ecoli_genomes/GCF_000753315.1_FHI35_genomic.fna.gz,../ecoli_genomes/GCF_000776375.1_ASM77637v1_genomic.fna.gz,../ecoli_genomes/GCF_000779395.1_ASM77939v1_genomic.fna.gz,../ecoli_genomes/GCF_000780315.1_ASM78031v1_genomic.fna.gz,../ecoli_genomes/GCF_000781995.1_ASM78199v1_genomic.fna.gz,../ecoli_genomes/GCF_000986765.1_ASM98676v1_genomic.fna.gz,../ecoli_genomes/GCF_001041375.1_ViralProj287958_genomic.fna.gz,../ecoli_genomes/GCF_001265335.1_302014_genomic.fna.gz,../ecoli_genomes/GCF_001265625.1_100854_genomic.fna.gz,../ecoli_genomes/GCF_001267345.1_303289_genomic.fna.gz,../ecoli_genomes/GCF_001309985.1_ASM130998v1_genomic.fna.gz,../ecoli_genomes/GCF_001521695.1_ASM152169v1_genomic.fna.gz,../ecoli_genomes/GCF_001592595.1_ASM159259v1_genomic.fna.gz,../ecoli_genomes/GCF_001614975.1_ASM161497v1_genomic.fna.gz,../ecoli_genomes/GCF_001692775.1_ASM169277v1_genomic.fna.gz,../ecoli_genomes/GCF_001748915.1_ASM174891v1_genomic.fna.gz,../ecoli_genomes/GCF_001749235.1_ASM174923v1_genomic.fna.gz,../ecoli_genomes/GCF_001881155.1_ASM188115v1_genomic.fna.gz,../ecoli_genomes/GCF_001881345.1_ASM188134v1_genomic.fna.gz,../ecoli_genomes/GCF_001892405.1_ASM189240v1_genomic.fna.gz,../ecoli_genomes/GCF_001892585.1_ASM189258v1_genomic.fna.gz,../ecoli_genomes/GCF_001893985.1_ASM189398v1_genomic.fna.gz,../ecoli_genomes/GCF_002001595.1_ASM200159v1_genomic.fna.gz,../ecoli_genomes/GCF_002002145.1_ASM200214v1_genomic.fna.gz
1.0,0.3258744323152145,0.25937752582569695,0.27836097453904474,0.2905540156989388,0.3130940539447101,0.2941475683560234,0.2835984813836153,0.39084393952206054,0.2981679276288184,0.32741249817422935,0.2929671195614637,0.31366391530554916,0.2814353677887096,0.2680220903188545,0.2956331765423573,0.286421713455017,0.31327344536445645,0.29050453680359034,0.29759335034052614,0.303727665640978,0.304904142208166,0.31953336074781413,0.2982001873471516,0.3013383242483856,0.30158847046853066,0.3092566752271704,0.28550768974779805,0.3432644487924381,0.3927569294205707,0.25795890075339367,0.30250232474136385,0.0,0.31642668366097526,0.3111657221648454,0.2764447775090546,0.28371833910699074,0.30960854105535973,0.22442660494591793,0.31963463895048094,0.2707026923983574,0.3125007310314195,0.31179750078085267,0.2883847448451128,0.2992509550434518,0.32029475120288686,0.3087485065047655,0.3092728256408672,0.27322468962362134,0.3515250443123431
0.3258744323152145,1.0,0.23770588267814008,0.2760215825415674,0.37514331006849133,0.5635738146608984,0.3462305668515593,0.2827126518227524,0.2980606501519082,0.2897059978620421,0.43151556653088763,0.2890523463357647,0.4129950041500743,0.2749336482164918,0.2654647674098347,0.34482509767078917,0.44039708367431907,0.4154101475365697,0.37377289007993586,0.3511469632138563,0.40111767440566104,0.39978592806606317,0.4179657787447133,0.5207700809277478,0.5278015496191708,0.4745748494580082,0.4119444409948064,0.28254592648553756,0.3090016049601285,0.3037543474896337,0.25704773367773937,0.39687246858521763,0.0,0.4072984311131499,0.5696095024812158,0.2667718045286649,0.3314581586919818,0.42007706254884025,0.20502865175426666,0.41751203359819855,0.26182337742523254,0.4735003197021327,0.41574506931445543,0.29400708723053237,0.2964193044315685,0.28415439956185495,0.48185492508749694,0.48216487386597207,0.28379147445726394,0.30784753779086516
0.25937752582569695,0.23770588267814008,1.0,0.20508424385536317,0.19846183444221555,0.22267891756296243,0.21307491834193193,0.21039241694725197,0.24256462142949442,0.21127670043207525,0.2351474459111661,0.2084945844654772,0.2247160714857397,0.20806116289072651,0.20381945367323984,0.2137008121221181,0.20434122109839625,0.2280698396992793,0.20261183979714636,0.21635572180379792,0.22027014415177892,0.21874503034850068,0.2278327579507261,0.20851202843932903,0.20938545383752982,0.21142934620456277,0.2269971713985356,0.21195054975783312,0.24685480125204795,0.2443715824232977,0.19372386826601673,0.2179469351468003,0.0,0.22841545144224762,0.21772929367570704,0.21070552469484072,0.20474578328725046,0.22267534066643846,0.16523685964332646,0.22923186198457912,0.1987072140130075,0.22441491404466496,0.23308073734556622,0.21628950675009417,0.21296791028230333,0.229505400870062,0.23185821872087187,0.23142529351979668,0.21437510418518235,0.24867271495472898
0.27836097453904474,0.2760215825415674,0.20508424385536317,1.0,0.26970329741454013,0.2749625570254721,0.2523399261061732,0.5036738789867086,0.2827583714610934,0.5166364210940333,0.2670190124144538,0.5120054697426255,0.27748456770558316,0.5471358021895225,0.5549259442619854,0.2669736068909906,0.2615424254013522,0.2597801224917181,0.2376938291498749,0.25422925561898235,0.25403316961663325,0.24727430452334642,0.27089655262378476,0.2580082462298169,0.26407004437759984,0.2650348592505427,0.2579734852012594,0.5143481264924425,0.2992556127623309,0.27821931550823686,0.5002462296588404,0.2819665571330908,0.0,0.2563889772616782,0.25668273748027004,0.41019633039943604,0.2511767136703943,0.2577081065538235,0.33553321397591795,0.2560096679844236,0.5258500687138581,0.2628773126578777,0.2596715093213149,0.5174742754744552,0.5119579190408592,0.28670214976537267,0.25477937754534574,0.25498462575022507,0.4474028874000998,0.30322133976467713
0.2905540156989388,0.37514331006849133,0.19846183444221555,0.26970329741454013,1.0,0.3928966616806576,0.30115626156680597,0.263629535238704,0.29028229030707564,0.27847622569139063,0.4856509464772305,0.2580348462487382,0.4552750679458243,0.2575296284894496,0.26869983290684396,0.33381094341427064,0.4057501475238332,0.38596966712894687,0.36232615812459,0.3066382362232699,0.39931912530698577,0.38697377644534625,0.40334828533463496,0.43451065967927816,0.40128033779585937,0.40249198629094274,0.40738905571595585,0.2390317031055441,0.27923233514538337,0.2930291923786791,0.24321406499099596,0.44391017580542536,0.0,0.40742410539457663,0.3781460653663562,0.23822693981271081,0.306368785198868,0.4335171589132072,0.21246167314980968,0.423474028888715,0.27274036800865376,0.38452772577571814,0.42266289308293725,0.2476277306937722,0.2573287781229012,0.2563800876298087,0.3853537036646236,0.38666175507872047,0.24406215483825355,0.2708649159363177
0.3130940539447101,0.5635738146608984,0.22267891756296243,0.2749625570254721,0.3928966616806576,1.0,0.35608667330268096,0.28676988826984595,0.3020248564469634,0.2779662150464922,0.42362205314690216,0.27273256788328015,0.41729781062795657,0.27116598717698626,0.26928019217987087,0.35484833586124,0.4490166702521802,0.41825502676966486,0.38048188964443685,0.35484280370107046,0.39612985515784294,0.3977305611301678,0.42590259222215965,0.5262169839967394,0.5354638979752524,0.456501387159014,0.40329366966598124,0.2747886936918639,0.31053683507172836,0.301339861764942,0.2535775155897646,0.4087223544979425,0.0,0.42533892052781763,0.5612734104882868,0.2754154319022837,0.3424904023734706,0.4071116681933674,0.22746274565581948,0.4141578770734372,0.26005700802239295,0.47952137827672914,0.4168313712620294,0.2804181825591624,0.2795356926553796,0.28416600608449194,0.47684640498621034,0.47906140841141553,0.27329901691996783,0.3100615172783814
0.2941475683560234,0.3462305668515593,0.21307491834193193,0.2523399261061732,0.30115626156680597,0.35608667330268096,1.0,0.25197244507623495,0.28644398300035134,0.2522580868576978,0.3569299355295783,0.246991801938647,0.3445307176648099,0.24872079025892546,0.2406157682155834,0.7326400598966326,0.31240390533511375,0.37492616677975177,0.34636981223907504,0.8521934223605184,0.3771148486926964,0.3599207987149756,0.38766387764007704,0.3194580108192907,0.3223231705257691,0.32946009261845943,0.3545576757830131,0.25035075156231856,0.2851975765703425,0.2849466365591722,0.23005341875308505,0.3435930241160591,0.0,0.3591776944935581,0.3565851166037961,0.26451697747136604,0.7853770387410023,0.3374556234328647,0.2029067658367294,0.3527263917729784,0.232167530994824,0.34243041327292745,0.3532588886747392,0.25464499840626054,0.2557451399593096,0.26614804102374534,0.33718691071453744,0.33688349653587657,0.2467400894751377,0.29053458427513723
0.2835984813836153,0.2827126518227524,0.21039241694725197,0.5036738789867086,0.263629535238704,0.28676988826984595,0.25197244507623495,1.0,0.2789889929062088,0.4986995819939811,0.27032032483721524,0.4777037569630478,0.2795023469806365,0.48193807536488065,0.4774279748870113,0.2624485697489872,0.2585500999243012,0.2639584600343683,0.24565383959784104,0.25439121461707825,0.25587391492514955,0.253408080530541,0.2706139523180683,0.26645705796757846,0.26035560226577004,0.26851082649825675,0.2615695725803445,0.6776258247279661,0.3085072088709757,0.2760537249992293,0.4663983867065792,0.271934569986542,0.0,0.26596242406978,0.26467324499039635,0.402740700168125,0.2462119848371176,0.2789634910753954,0.3424696175857458,0.26984248150359746,0.4746156460838117,0.26908712331352647,0.26820386645725347,0.6845948113893199,0.6589126417237825,0.2882309543028966,0.26010654051151727,0.2607835253584605,0.44521624533151993,0.30600712616620385
0.39084393952206054,0.2980606501519082,0.24256462142949442,0.2827583714610934,0.29028229030707564,0.3020248564469634,0.28644398300035134,0.2789889929062088,1.0,0.29054146650607826,0.3137757624724754,0.26942875669471833,0.3156324320091286,0.27842355936771646,0.2802905374569241,0.2982747533466228,0.28501847426758087,0.30159438048885134,0.27081049566490756,0.2906684394306053,0.29203837557093404,0.2915283056444272,0.30622509680028176,0.2955339874049263,0.2881713262594936,0.2974519300389423,0.3012436190117469,0.2667098146619937,0.3284648620599314,0.40929684323562787,0.2652932769396509,0.2981771260648499,0.0,0.3009993710942491,0.2985390922328456,0.2762357591224823,0.2816922115894823,0.29065368327622154,0.21159585455026197,0.306401891569812,0.2756695056415419,0.30113415573883506,0.307060981790263,0.27042831012686486,0.26861154023256106,0.30859350022295906,0.2946457937226379,0.29401759524535076,0.2608882115503942,0.34083111874391114
0.2981679276288184,0.2897059978620421,0.21127670043207525,0.5166364210940333,0.27847622569139063,0.2779662150464922,0.2522580868576978,0.4986995819939811,0.29054146650607826,1.0,0.28100786102335384,0.49092957560074146,0.2888954140392864,0.5042148249476468,0.4981473282940295,0.2682117457568973,0.2535407106541493,0.2660095651909763,0.24635346795346214,0.257098063103513,0.25683198846610744,0.2547392388511994,0.26601596346558265,0.2679601283072085,0.26366625912809305,0.27270069850023526,0.26766416943319393,0.49269714905000384,0.30881560175576384,0.2880401557601051,0.5032055842029959,0.27569731456051294,0.0,0.26113946099008734,0.2628207532325495,0.4214664312390576,0.2513165638766357,0.26664188850799264,0.34700659979649273,0.2700289944168648,0.5220563406747452,0.26742211609069266,0.2671035361991062,0.4957720845328927,0.5013007862776102,0.29285192802110394,0.2651566165160161,0.2647012623472125,0.4645596029448118,0.3029921848204452
0.32741249817422935,0.43151556653088763,0.2351474459111661,0.2670190124144538,0.4856509464772305,0.42362205314690216,0.3569299355295783,0.27032032483721524,0.3137757624724754,0.28100786102335384,1.0,0.26520710502257394,0.5237759443124499,0.27270421009775403,0.2611124260184703,0.3585832176433106,0.37526601648888025,0.4865141818633745,0.43499499537360764,0.36319220310324607,0.4868950229325536,0.48796696015177565,0.49930912879213174,0.400800471254282,0.3865951535117427,0.4117868728770542,0.5050163826150983,0.2718758751612599,0.30943258752298863,0.31367734540030145,0.25307254662257817,0.45444006386692437,0.0,0.49034796797118085,0.4338141385754506,0.2758655180722832,0.3428240831982746,0.4924560649125197,0.20846959629522277,0.5248525731217766,0.2593006490491573,0.43817472390778944,0.5150857394167352,0.27591004117694495,0.2752765824952321,0.2861574341940081,0.43601067575618435,0.4351824535103952,0.2745451376507577,0.31166266343665094
0.2929671195614637,0.2890523463357647,0.2084945844654772,0.5120054697426255,0.2580348462487382,0.27273256788328015,0.246991801938647,0.4777037569630478,0.26942875669471833,0.49092957560074146,0.26520710502257394,1.0,0.2764780796291777,0.5027761098651538,0.6182653744888827,0.2570093335333484,0.24886508278578656,0.2583901091084352,0.24117887273565464,0.24966279813388526,0.25498210736715743,0.2528087668711446,0.2665075196372336,0.2566075119979073,0.25483222765858227,0.26390246195573264,0.2566828372267217,0.4841690560991183,0.30899988290304947,0.2735834673386277,0.4436090959423922,0.27071387394777324,0.0,0.2617248720571429,0.26056531455054277,0.39911770910913347,0.24098481076577416,0.2633331771802708,0.344448635071665,0.26386474018565753,0.4718539806416173,0.25686716537310483,0.26276704429780884,0.486553328676379,0.4917303171713333,0.2921139135142855,0.26003797429916564,0.2602293736328847,0.4329741346313506,0.30452683028402283
0.31366391530554916,0.4129950041500743,0.2247160714857397,0.27748456770558316,0.4552750679458243,0.41729781062795657,0.3445307176648099,0.2795023469806365,0.3156324320091286,0.2888954140392864,0.5237759443124499,0.2764780796291777,1.0,0.2723691979446824,0.2809401065144894,0.36154100126574906,0.3700732888746532,0.4883109396177343,0.49298354533024047,0.3503995084458972,0.5121652169802255,0.5544242160154579,0.5519073413530204,0.40499953045084347,0.37947653851055385,0.4030253007726483,0.530139928647638,0.2653782655641448,0.2990119886981736,0.3174656853911809,0.25854181633225803,0.5053481910403412,0.0,0.5401856671214827,0.4142994404756628,0.26550507980004223,0.34291259780612426,0.5028061304117385,0.20326183492855388,0.5371594728084366,0.2731927033796274,0.4219128409236891,0.5285481034594877,0.26804761152495615,0.26713911699898596,0.2794351352587211,0.4241586606892572,0.4237712948560657,0.2671841736372679,0.30312235335945414
0.2814353677887096,0.2749336482164918,0.20806116289072651,0.5471358021895225,0.2575296284894496,0.27116598717698626,0.24872079025892546,0.48193807536488065,0.27842355936771646,0.5042148249476468,0.27270421009775403,0.5027761098651538,0.2723691979446824,1.0,0.5490053809007931,0.2555421218482401,0.24684655383887244,0.26412173014201235,0.24190335799371254,0.252960573240702,0.2520459714825598,0.25342171932457713,0.269889798326859,0.24831753326112294,0.25218017579891605,0.2571137725492084,0.2633285174224619,0.5123036632234408,0.3150746445924556,0.2740462373172239,0.4890728870723253,0.26732854727628275,0.0,0.258480874123326,0.25777412706013525,0.4178768729442959,0.24419929122789752,0.2650721877115575,0.34075490647205053,0.26238973579299996,0.5091492835924206,0.25993846932920706,0.26183274768169307,0.5099389027954925,0.502611533350172,0.2971521902678318,0.2575352735177382,0.2576316294820393,0.4585332608098377,0.310223162816462
0.2680220903188545,0.2654647674098347,0.20381945367323984,0.5549259442619854,0.26869983290684396,0.26928019217987087,0.2406157682155834,0.4774279748870113,0.2802905374569241,0.4981473282940295,0.2611124260184703,0.6182653744888827,0.2809401065144894,0.5490053809007931,1.0,0.2570017285186341,0.2546448078119149,0.2559699714143745,0.23403383740302475,0.24457692035567813,0.2491580646900603,0.24734212912054576,0.26482764829749816,0.25958655557872934,0.2547347106764233,0.2610513800736607,0.25625516234912726,0.48284461352341945,0.30132263251319025,0.2737302366614771,0.49097294829488825,0.2733124552419458,0.0,0.25378995687200057,0.2501307879930801,0.40088026839053725,0.24179031845100973,0.25826432059112325,0.33669941261094305,0.25718232878679614,0.5097481564189392,0.25493220341118306,0.25885055800044066,0.4836388030366805,0.4786528523698538,0.290576788317338,0.25796840019906675,0.2581487256012116,0.43561680952320603,0.31037432509880125
0.2956331765423573,0.34482509767078917,0.2137008121221181,0.2669736068909906,0.33381094341427064,0.35484833586124,0.7326400598966326,0.2624485697489872,0.2982747533466228,0.2682117457568973,0.3585832176433106,0.2570093335333484,0.36154100126574906,0.2555421218482401,0.2570017285186341,1.0,0.31987624821380245,0.36126262322241554,0.3408906343430568,0.7493196343776383,0.35809258215087036,0.3638969794587372,0.372956839417365,0.33729060865003724,0.33399216525719877,0.36334280537770003,0.3479184612028775,0.2513654338228283,0.2811707094081982,0.2961918173815259,0.23970881559434165,0.3532316652175259,0.0,0.34937407033488477,0.34877103280833743,0.2617322542723647,0.7377000334901145,0.3368090990807777,0.19557655721122447,0.34919574421154365,0.24939027498395272,0.3423461496279918,0.3492951127586639,0.2528720041200998,0.2565180064193072,0.26792489326345026,0.337016728345335,0.33723770480703363,0.2497748547036911,0.2881063121883073
0.286421713455017,0.44039708367431907,0.20434122109839625,0.2615424254013522,0.4057501475238332,0.4490166702521802,0.31240390533511375,0.2585500999243012,0.28501847426758087,0.2535407106541493,0.37526601648888025,0.24886508278578656,0.3700732888746532,0.24684655383887244,0.2546448078119149,0.31987624821380245,1.0,0.3623223098313535,0.33184796253335824,0.31630672278397776,0.3570636101484187,0.3536686484461161,0.3764242759741997,0.5271631451821983,0.49113037969384543,0.47807796800403424,0.35776559102089145,0.24281516247847612,0.29102061815345437,0.2773585549663282,0.23232790408831894,0.4279821859414077,0.0,0.3813353638711551,0.4490920065990719,0.24948544044581777,0.31055306882101874,0.3581929453180396,0.19544842720059818,0.36709821426375455,0.24771065174897577,0.4225785378461979,0.3678261052760501,0.2497185445670156,0.2586330416073399,0.25377852036752513,0.430766959839853,0.43205321158470167,0.23864055257464145,0.2785838422596142
0.31327344536445645,0.4154101475365697,0.2280698396992793,0.2597801224917181,0.38596966712894687,0.41825502676966486,0.37492616677975177,0.2639584600343683,0.30159438048885134,0.2660095651909763,0.4865141818633745,0.2583901091084352,0.4883109396177343,0.26412173014201235,0.2559699714143745,0.36126262322241554,0.3623223098313535,1.0,0.4805524739202126,0.3785540056317116,0.5077194530927148,0.5020312061743832,0.5202453301538379,0.37690772165984376,0.36950215743145365,0.38860901996636443,0.49731339059627355,0.2640195955437996,0.3027968592961665,0.30529458000383014,0.2438968635297719,0.45144223156618124,0.0,0.48389698109611634,0.4124174421711221,0.27746009382418135,0.3629609881378064,0.4639247551117961,0.20796750348593185,0.4957804139778704,0.24559293979796548,0.4190672750010994,0.48971874434643614,0.2652073546443364,0.2645153072392431,0.277737465544057,0.42243287435131227,0.4217546604117315,0.2592799011892063,0.3078951710043615
0.29050453680359034,0.37377289007993586,0.20261183979714636,0.2376938291498749,0.36232615812459,0.38048188964443685,0.34636981223907504,0.24565383959784104,0.27081049566490756,0.24635346795346214,0.43499499537360764,0.24117887273565464,0.49298354533024047,0.24190335799371254,0.23403383740302475,0.3408906343430568,0.33184796253335824,0.4805524739202126,1.0,0.34432905874685205,0.4686304816015324,0.5033465110829525,0.47148260777251527,0.3508744816333621,0.34767202460061863,0.3491003637258401,0.45188749589963584,0.2433929717471096,0.27025755825453746,0.27834956862811566,0.22149231768228383,0.4521375361688835,0.0,0.44825511787213934,0.3827040575597055,0.25163740677700075,0.3397833486589351,0.42351131703486944,0.19110743388511098,0.45255396499342926,0.23050829077821333,0.38307389642458234,0.44468779877162923,0.24819982083586245,0.247282714170998,0.2568382732785872,0.3775447826648626,0.37897087264593654,0.2352336361341395,0.27662064828941046
0.29759335034052614,0.3511469632138563,0.21635572180379792,0.25422925561898235,0.3066382362232699,0.35484280370107046,0.8521934223605184,0.25439121461707825,0.2906684394306053,0.257098063103513,0.36319220310324607,0.24966279813388526,0.3503995084458972,0.252960573240702,0.24457692035567813,0.7493196343776383,0.31630672278397776,0.3785540056317116,0.34432905874685205,1.0,0.3801079752449812,0.36272405880923564,0.38753433680926086,0.32359633171952173,0.32701550850114525,0.3335957126430751,0.3593370467149104,0.2547562453351141,0.2889509675353067,0.28939516590614855,0.2340610979338824,0.3474241670627868,0.0,0.35932956234774205,0.3568536674542505,0.26612739908926253,0.8044218636966074,0.3433130824212426,0.19870942245507128,0.35979270199523306,0.23633920278673526,0.34771208888495064,0.3590290883732019,0.2569220644037389,0.2565539704671088,0.2707516434444309,0.343877898626592,0.3435660847676555,0.2502694857224602,0.2949595288846608
0.303727665640978,0.40111767440566104,0.22027014415177892,0.25403316961663325,0.39931912530698577,0.39612985515784294,0.3771148486926964,0.25587391492514955,0.29203837557093404,0.25683198846610744,0.4868950229325536,0.25498210736715743,0.5121652169802255,0.2520459714825598,0.2491580646900603,0.35809258215087036,0.3570636101484187,0.5077194530927148,0.4686304816015324,0.3801079752449812,1.0,0.5080288239374191,0.5359975068081408,0.37321593979215084,0.36698433362731786,0.3885488683685665,0.5052295134542691,0.25857360694578113,0.29234463822196877,0.2969519470111248,0.2362549521241185,0.47035157719491116,0.0,0.5087435215444838,0.402332308974107,0.2688979614219037,0.36238051531185456,0.4786547808092878,0.20236288002731828,0.5095690816754307,0.2434842706244701,0.39817012444446376,0.49936029292201445,0.2602513056341278,0.26049707433872893,0.2769683091904972,0.41325218032463285,0.412602535098899,0.2530402916733744,0.29879885011814333
0.304904142208166,0.39978592806606317,0.21874503034850068,0.24727430452334642,0.38697377644534625,0.3977305611301678,0.3599207987149756,0.253408080530541,0.2915283056444272,0.2547392388511994,0.48796696015177565,0.2528087668711446,0.5544242160154579,0.25342171932457713,0.24734212912054576,0.3638969794587372,0.3536686484461161,0.5020312061743832,0.5033465110829525,0.36272405880923564,0.5080288239374191,1.0,0.7093846280748586,0.3689952160679113,0.36530871487905825,0.3898110593698807,0.5050330590249508,0.25627803693869367,0.29113558303978815,0.2905404937273819,0.23605612243519114,0.4757926698853733,0.0,0.6309465307405923,0.4038675821242732,0.25918989708454343,0.35679176680498714,0.47957682839626115,0.20036395346387115,0.5109653319094625,0.23788414952363934,0.4036216531521092,0.506792070471771,0.25884218145213567,0.2558190667150043,0.2721511178679308,0.4062204197136916,0.4059898361054627,0.25213533643702657,0.29901509305924145
0.31953336074781413,0.4179657787447133,0.2278327579507261,0.27089655262378476,0.40334828533463496,0.42590259222215965,0.38766387764007704,0.2706139523180683,0.30622509680028176,0.26601596346558265,0.49930912879213174,0.2665075196372336,0.5519073413530204,0.269889798326859,0.26482764829749816,0.372956839417365,0.3764242759741997,0.5202453301538379,0.47148260777251527,0.38753433680926086,0.5359975068081408,0.7093846280748586,1.0,0.38445159096043624,0.3853508789121518,0.3896230407076873,0.5254111701125899,0.27391604422738924,0.3055603177541387,0.300115011152957,0.24937992884708948,0.49032257047666783,0.0,0.6558846087281005,0.41764637126682935,0.27480012948839394,0.3730838277107058,0.49463288942854455,0.21704640624528337,0.5184839529687859,0.2533650932423386,0.41475117334484735,0.5171962652437757,0.27455961816969143,0.2743780221429154,0.2812788119715697,0.4167677247836109,0.41685205868255903,0.2635814501710292,0.3081065015688059
0.2982001873471516,0.5207700809277478,0.20851202843932903,0.2580082462298169,0.43451065967927816,0.5262169839967394,0.3194580108192907,0.26645705796757846,0.2955339874049263,0.2679601283072085,0.400800471254282,0.2566075119979073,0.40499953045084347,0.24831753326112294,0.25958655557872934,0.33729060865003724,0.5271631451821983,0.37690772165984376,0.3508744816333621,0.32359633171952173,0.37321593979215084,0.3689952160679113,0.38445159096043624,1.0,0.5587240246855452,0.48229283321411764,0.3780247214960104,0.2420583034044761,0.29302313523995605,0.2945307631455516,0.2353614306950904,0.41813519184822534,0.0,0.3897519342407171,0.5419379929506243,0.25084547338929697,0.32041938941160286,0.3704090256222201,0.193753020719997,0.37920556914500125,0.25474302403042615,0.44623425868691546,0.38007580178640177,0.2491519848596494,0.2592444945740756,0.2589268171771705,0.44189586459246255,0.4419310385572769,0.2439857530672197,0.28016611707022077
0.3013383242483856,0.5278015496191708,0.20938545383752982,0.26407004437759984,0.40128033779585937,0.5354638979752524,0.3223231705257691,0.26035560226577004,0.2881713262594936,0.26366625912809305,0.3865951535117427,0.25483222765858227,0.37947653851055385,0.25218017579891605,0.2547347106764233,0.33399216525719877,0.49113037969384543,0.36950215743145365,0.34767202460061863,0.32701550850114525,0.36698433362731786,0.36530871487905825,0.3853508789121518,0.5587240246855452,1.0,0.49583475777962394,0.3705505990801202,0.24537033183390233,0.28612730649251195,0.2813865044934857,0.23452998170189376,0.4215005568042075,0.0,0.3800194842889474,0.543400385715989,0.24741660119943398,0.3257835805348862,0.37321021897000983,0.19102997156889756,0.373863245008454,0.24981156389210413,0.43742996352682617,0.3777096420112116,0.26258943776829946,0.2643687737603414,0.2646563542209007,0.4413076175554028,0.44135255125383865,0.2543075651733082,0.2792318422623241
0.30158847046853066,0.4745748494580082,0.21142934620456277,0.2650348592505427,0.40249198629094274,0.456501387159014,0.32946009261845943,0.26851082649825675,0.2974519300389423,0.27270069850023526,0.4117868728770542,0.26390246195573264,0.4030253007726483,0.2571137725492084,0.2610513800736607,0.36334280537770003,0.47807796800403424,0.38860901996636443,0.3491003637258401,0.3335957126430751,0.3885488683685665,0.3898110593698807,0.3896230407076873,0.48229283321411764,0.49583475777962394,1.0,0.38378538905107584,0.2526574419515094,0.28911319163308613,0.29524742673966764,0.2443592314211519,0.40029176582848336,0.0,0.3844242002364624,0.4775266743360732,0.255330122057697,0.33500355566248197,0.38532314783329213,0.19581094344534633,0.3969840060420655,0.25918860758476525,0.45063786417291585,0.3831348536994287,0.26765600732606776,0.2693862999993769,0.2643100714129626,0.45897410975458,0.4587358186504982,0.263283131220274,0.28892024905270786
0.3092566752271704,0.4119444409948064,0.2269971713985356,0.2579734852012594,0.40738905571595585,0.40329366966598124,0.3545576757830131,0.2615695725803445,0.3012436190117469,0.26766416943319393,0.5050163826150983,0.2566828372267217,0.530139928647638,0.2633285174224619,0.25625516234912726,0.3479184612028775,0.35776559102089145,0.49731339059627355,0.45188749589963584,0.3593370467149104,0.5052295134542691,0.5050330590249508,0.5254111701125899,0.3780247214960104,0.3705505990801202,0.38378538905107584,1.0,0.25981409955993995,0.30292762611343116,0.2992551958445926,0.24552177827812838,0.48063720501662033,0.0,0.5024075960037151,0.41020179640146703,0.2647276782118342,0.34229523319311084,0.581833350650009,0.19855125525937745,0.5369128695365923,0.24976241932115317,0.41574731341413673,0.6173468932948325,0.26632729000856203,0.26024528224911736,0.2804342977202626,0.41802255269996835,0.41706631818471385,0.26156616877534256,0.30223491106740874
0.28550768974779805,0.28254592648553756,0.21195054975783312,0.5143481264924425,0.2390317031055441,0.2747886936918639,0.25035075156231856,0.6776258247279661,0.2667098146619937,0.49269714905000384,0.2718758751612599,0.4841690560991183,0.2653782655641448,0.5123036632234408,0.48284461352341945,0.2513654338228283,0.24281516247847612,0.2640195955437996,0.2433929717471096,0.2547562453351141,0.25857360694578113,0.25627803693869367,0.27391604422738924,0.2420583034044761,0.24537033183390233,0.2526574419515094,0.25981409955993995,1.0,0.3115170919906972,0.2661308710738385,0.45857408284286194,0.26207365381751047,0.0,0.2615686220879073,0.25757313569558205,0.4053367815656769,0.24082950255411073,0.27513223048342217,0.3386783398884369,0.2636891520814386,0.47180517045682646,0.26349425497716406,0.2635222895314935,0.7921557713583737,0.7449797748155698,0.29037196245229524,0.2614391548578575,0.2617574982508629,0.46154674738818446,0.3037588233080123
0.3432644487924381,0.3090016049601285,0.24685480125204795,0.2992556127623309,0.27923233514538337,0.31053683507172836,0.2851975765703425,0.3085072088709757,0.3284648620599314,0.30881560175576384,0.30943258752298863,0.30899988290304947,0.2990119886981736,0.3150746445924556,0.30132263251319025,0.2811707094081982,0.29102061815345437,0.3027968592961665,0.27025755825453746,0.2889509675353067,0.29234463822196877,0.29113558303978815,0.3055603177541387,0.29302313523995605,0.28612730649251195,0.28911319163308613,0.30292762611343116,0.3115170919906972,1.0,0.3228219597330648,0.28650174879212564,0.29698985687702584,0.0,0.301890051575053,0.2957955975224379,0.3036052835649319,0.2735737601460557,0.30155128216663774,0.2317390674704698,0.30654606587803646,0.28708748782020543,0.29606759310625397,0.30031967607266574,0.3106530579231813,0.31086423172185473,0.39181094819801,0.29859403703344134,0.298112240800559,0.3007581336022823,0.6184913168715536
0.3927569294205707,0.3037543474896337,0.2443715824232977,0.27821931550823686,0.2930291923786791,0.301339861764942,0.2849466365591722,0.2760537249992293,0.40929684323562787,0.2880401557601051,0.31367734540030145,0.2735834673386277,0.3174656853911809,0.2740462373172239,0.2737302366614771,0.2961918173815259,0.2773585549663282,0.30529458000383014,0.27834956862811566,0.28939516590614855,0.2969519470111248,0.2905404937273819,0.300115011152957,0.2945307631455516,0.2813865044934857,0.29524742673966764,0.2992551958445926,0.2661308710738385,0.3228219597330648,1.0,0.2595979489772853,0.29411769971881185,0.0,0.2950602606439616,0.29996123812936437,0.2714697760840903,0.27999897725208545,0.29392875751383196,0.21427499222115753,0.3119900032152275,0.2748500289704089,0.2970891582208033,0.3038922422480618,0.2693316563290836,0.26603176516540417,0.3229350479577434,0.3000169336764862,0.29977854747354316,0.2631958911574991,0.3320823952946155
0.25795890075339367,0.25704773367773937,0.19372386826601673,0.5002462296588404,0.24321406499099596,0.2535775155897646,0.23005341875308505,0.4663983867065792,0.2652932769396509,0.5032055842029959,0.25307254662257817,0.4436090959423922,0.25854181633225803,0.4890728870723253,0.49097294829488825,0.23970881559434165,0.23232790408831894,0.2438968635297719,0.22149231768228383,0.2340610979338824,0.2362549521241185,0.23605612243519114,0.24937992884708948,0.2353614306950904,0.23452998170189376,0.2443592314211519,0.24552177827812838,0.45857408284286194,0.28650174879212564,0.2595979489772853,1.0,0.2510385943237161,0.0,0.24291509074389295,0.23878079066834168,0.39129519399882473,0.22648932127297627,0.2467418326813603,0.32141810531481074,0.24920915361799656,0.6383492457526181,0.24489380490754054,0.24501157244836802,0.46580179173019254,0.45829511678293977,0.274988239533997,0.2451276442430288,0.2455813890013938,0.4224638069425525,0.2843500779623701
0.30250232474136385,0.39687246858521763,0.2179469351468003,0.2819665571330908,0.44391017580542536,0.4087223544979425,0.3435930241160591,0.271934569986542,0.2981771260648499,0.27569731456051294,0.45444006386692437,0.27071387394777324,0.5053481910403412,0.26732854727628275,0.2733124552419458,0.3532316652175259,0.4279821859414077,0.45144223156618124,0.4521375361688835,0.3474241670627868,0.47035157719491116,0.4757926698853733,0.49032257047666783,0.41813519184822534,0.4215005568042075,0.40029176582848336,0.48063720501662033,0.26207365381751047,0.29698985687702584,0.29411769971881185,0.2510385943237161,1.0,0.0,0.4761075511864351,0.39061459299883117,0.2559018923209818,0.34590952595453994,0.4758077211005044,0.20713663503438318,0.49339978238443327,0.2616631442011361,0.40289812238611045,0.4920254232899648,0.2627480694422335,0.26774894875227206,0.26737388480137947,0.4117320057336644,0.4120892474173944,0.25121211873696625,0.2903214886352481
0.0,0.0,0.0,0.0,0.0,0.0,0.0,0.0,0.0,0.0,0.0,0.0,0.0,0.0,0.0,0.0,0.0,0.0,0.0,0.0,0.0,0.0,0.0,0.0,0.0,0.0,0.0,0.0,0.0,0.0,0.0,0.0,1.0,0.0,0.0,0.0,0.0,0.0,0.0,0.0,0.0,0.0,0.0,0.0,0.0,0.0,0.0,0.0,0.0,0.0
0.31642668366097526,0.4072984311131499,0.22841545144224762,0.2563889772616782,0.40742410539457663,0.42533892052781763,0.3591776944935581,0.26596242406978,0.3009993710942491,0.26113946099008734,0.49034796797118085,0.2617248720571429,0.5401856671214827,0.258480874123326,0.25378995687200057,0.34937407033488477,0.3813353638711551,0.48389698109611634,0.44825511787213934,0.35932956234774205,0.5087435215444838,0.6309465307405923,0.6558846087281005,0.3897519342407171,0.3800194842889474,0.3844242002364624,0.5024075960037151,0.2615686220879073,0.301890051575053,0.2950602606439616,0.24291509074389295,0.4761075511864351,0.0,1.0,0.4151304756285026,0.280005867185119,0.3436108255265845,0.4819880814589551,0.2244681433481278,0.5072045225253232,0.24552510567929142,0.4114810748096316,0.5108647410499711,0.2656238192608593,0.2681269246541119,0.2741395505217117,0.41287680704508833,0.41386494368758964,0.2563338140060498,0.30483548460990906
0.3111657221648454,0.5696095024812158,0.21772929367570704,0.25668273748027004,0.3781460653663562,0.5612734104882868,0.3565851166037961,0.26467324499039635,0.2985390922328456,0.2628207532325495,0.4338141385754506,0.26056531455054277,0.4142994404756628,0.25777412706013525,0.2501307879930801,0.34877103280833743,0.4490920065990719,0.4124174421711221,0.3827040575597055,0.3568536674542505,0.402332308974107,0.4038675821242732,0.41764637126682935,0.5419379929506243,0.543400385715989,0.4775266743360732,0.41020179640146703,0.25757313569558205,0.2957955975224379,0.29996123812936437,0.23878079066834168,0.39061459299883117,0.0,0.4151304756285026,1.0,0.2630797265532717,0.33897099405250464,0.3960868960856403,0.20475484933120858,0.4168374757685721,0.24585399471559943,0.47990904788750577,0.41474674389128086,0.2612473062393891,0.2640118176257866,0.27251350118963624,0.47457212561096074,0.4737955849213038,0.25752188304376356,0.2930264965820065
0.2764447775090546,0.2667718045286649,0.21070552469484072,0.41019633039943604,0.23822693981271081,0.2754154319022837,0.26451697747136604,0.402740700168125,0.2762357591224823,0.4214664312390576,0.2758655180722832,0.39911770910913347,0.26550507980004223,0.4178768729442959,0.40088026839053725,0.2617322542723647,0.24948544044581777,0.27746009382418135,0.25163740677700075,0.26612739908926253,0.2688979614219037,0.25918989708454343,0.27480012948839394,0.25084547338929697,0.24741660119943398,0.255330122057697,0.2647276782118342,0.4053367815656769,0.3036052835649319,0.2714697760840903,0.39129519399882473,0.2559018923209818,0.0,0.280005867185119,0.2630797265532717,1.0,0.2560859907042198,0.25736994794320667,0.34999342212662676,0.2683133428724527,0.39801489783091293,0.2624261796733469,0.2619827367375457,0.41272344180909326,0.4109131294125863,0.28590369593083265,0.25955943081221555,0.25926112510680677,0.4051185751102899,0.3084275131436641
0.28371833910699074,0.3314581586919818,0.20474578328725046,0.2511767136703943,0.306368785198868,0.3424904023734706,0.7853770387410023,0.2462119848371176,0.2816922115894823,0.2513165638766357,0.3428240831982746,0.24098481076577416,0.34291259780612426,0.24419929122789752,0.24179031845100973,0.7377000334901145,0.31055306882101874,0.3629609881378064,0.3397833486589351,0.8044218636966074,0.36238051531185456,0.35679176680498714,0.3730838277107058,0.32041938941160286,0.3257835805348862,0.33500355566248197,0.34229523319311084,0.24082950255411073,0.2735737601460557,0.27999897725208545,0.22648932127297627,0.34590952595453994,0.0,0.3436108255265845,0.33897099405250464,0.2560859907042198,1.0,0.32611775753148364,0.1891926356842647,0.33869432592542026,0.2320242926006657,0.3333448598344736,0.34535984299226063,0.2433498756234963,0.2437848063990825,0.25669474901187905,0.3264624008365762,0.3264089581641161,0.23686399369739408,0.2799694386473115
0.30960854105535973,0.42007706254884025,0.22267534066643846,0.2577081065538235,0.4335171589132072,0.4071116681933674,0.3374556234328647,0.2789634910753954,0.29065368327622154,0.26664188850799264,0.4924560649125197,0.2633331771802708,0.5028061304117385,0.2650721877115575,0.25826432059112325,0.3368090990807777,0.3581929453180396,0.4639247551117961,0.42351131703486944,0.3433130824212426,0.4786547808092878,0.47957682839626115,0.49463288942854455,0.3704090256222201,0.37321021897000983,0.38532314783329213,0.581833350650009,0.27513223048342217,0.30155128216663774,0.29392875751383196,0.2467418326813603,0.4758077211005044,0.0,0.4819880814589551,0.3960868960856403,0.25736994794320667,0.32611775753148364,1.0,0.21502113972784176,0.515705820190128,0.25256386280494847,0.407449843346009,0.622691641256973,0.2801439196144895,0.2696427561502106,0.27505494818350196,0.4233385949414862,0.42292875043438527,0.27121056940802213,0.29926189142315074
0.22442660494591793,0.20502865175426666,0.16523685964332646,0.33553321397591795,0.21246167314980968,0.22746274565581948,0.2029067658367294,0.3424696175857458,0.21159585455026197,0.34700659979649273,0.20846959629522277,0.344448635071665,0.20326183492855388,0.34075490647205053,0.33669941261094305,0.19557655721122447,0.19544842720059818,0.20796750348593185,0.19110743388511098,0.19870942245507128,0.20236288002731828,0.20036395346387115,0.21704640624528337,0.193753020719997,0.19102997156889756,0.19581094344534633,0.19855125525937745,0.3386783398884369,0.2317390674704698,0.21427499222115753,0.32141810531481074,0.20713663503438318,0.0,0.2244681433481278,0.20475484933120858,0.34999342212662676,0.1891926356842647,0.21502113972784176,1.0,0.208179762074446,0.3219998362885975,0.20135985383054977,0.2038753696653438,0.3426212338913073,0.3480646635499899,0.22140380193101028,0.20541061484973122,0.20503600187905346,0.3355082021548985,0.23651218122021134
0.31963463895048094,0.41751203359819855,0.22923186198457912,0.2560096679844236,0.423474028888715,0.4141578770734372,0.3527263917729784,0.26984248150359746,0.306401891569812,0.2700289944168648,0.5248525731217766,0.26386474018565753,0.5371594728084366,0.26238973579299996,0.25718232878679614,0.34919574421154365,0.36709821426375455,0.4957804139778704,0.45255396499342926,0.35979270199523306,0.5095690816754307,0.5109653319094625,0.5184839529687859,0.37920556914500125,0.373863245008454,0.3969840060420655,0.5369128695365923,0.2636891520814386,0.30654606587803646,0.3119900032152275,0.24920915361799656,0.49339978238443327,0.0,0.5072045225253232,0.4168374757685721,0.2683133428724527,0.33869432592542026,0.515705820190128,0.208179762074446,1.0,0.2506627151796681,0.42559356877473087,0.5417617138490437,0.26688439466254354,0.2659361035504254,0.2900959614068561,0.44080791224369353,0.44052791547131553,0.2630851248044913,0.3153536119724739
