../ecoli_genomes/GCF_000163235.1_ASM16323v1_genomic.fna.gz,../ecoli_genomes/GCF_000164555.1_ASM16455v1_genomic.fna.gz,../ecoli_genomes/GCF_000208545.1_ASM20854v2_genomic.fna.gz,../ecoli_genomes/GCF_000233875.1_ASM23387v1_genomic.fna.gz,../ecoli_genomes/GCF_000249735.1_ASM24973v2_genomic.fna.gz,../ecoli_genomes/GCF_000261145.1_Esch_coli_M919_V2_genomic.fna.gz,../ecoli_genomes/GCF_000267705.2_ASM26770v2_genomic.fna.gz,../ecoli_genomes/GCF_000350665.1_Esch_coli_KTE5_V1_genomic.fna.gz,../ecoli_genomes/GCF_000351625.1_Esch_coli_KTE66_V1_genomic.fna.gz,../ecoli_genomes/GCF_000352285.1_Esch_coli_KTE46_V1_genomic.fna.gz,../ecoli_genomes/GCF_000358895.1_ASM35889v1_genomic.fna.gz,../ecoli_genomes/GCF_000456385.1_Esch_coli_HVH_26_4-5703913_V1_genomic.fna.gz,../ecoli_genomes/GCF_000458195.1_Esch_coli_HVH_147_4-5893887_V1_genomic.fna.gz,../ecoli_genomes/GCF_000459755.1_Esch_coli_KOEGE_58_171a_V1_genomic.fna.gz,../ecoli_genomes/GCF_000460055.1_Esch_coli_UMEA_3053-1_V1_genomic.fna.gz,../ecoli_genomes/GCF_000462165.2_ASM46216v2_genomic.fna.gz,../ecoli_genomes/GCF_000601135.1_ASM60113v1_genomic.fna.gz,../ecoli_genomes/GCF_000614595.1_Ec2010EL1058_genomic.fna.gz,../ecoli_genomes/GCF_000617745.1_Ec2010C-4529_genomic.fna.gz,../ecoli_genomes/GCF_000618265.2_EcF6751_genomic.fna.gz,../ecoli_genomes/GCF_000619005.2_Ec2009C-4052_genomic.fna.gz,../ecoli_genomes/GCF_000619105.1_Ec2009C-4780_genomic.fna.gz,../ecoli_genomes/GCF_000619765.2_Ec2009C-3279_genomic.fna.gz,../ecoli_genomes/GCF_000687005.1_ASM68700v1_genomic.fna.gz,../ecoli_genomes/GCF_000687025.1_ASM68702v1_genomic.fna.gz,../ecoli_genomes/GCF_000700125.1_ASM70012v1_genomic.fna.gz,../ecoli_genomes/GCF_000753315.1_FHI35_genomic.fna.gz,../ecoli_genomes/GCF_000776375.1_ASM77637v1_genomic.fna.gz,../ecoli_genomes/GCF_000779395.1_ASM77939v1_genomic.fna.gz,../ecoli_genomes/GCF_000780315.1_ASM78031v1_genomic.fna.gz,../ecoli_genomes/GCF_000781995.1_ASM78199v1_genomic.fna.gz,../ecoli_genomes/GCF_000986765.1_ASM98676v1_genomic.fna.gz,../ecoli_genomes/GCF_001041375.1_ViralProj287958_genomic.fna.gz,../ecoli_genomes/GCF_001265335.1_302014_genomic.fna.gz,../ecoli_genomes/GCF_001265625.1_100854_genomic.fna.gz,../ecoli_genomes/GCF_001267345.1_303289_genomic.fna.gz,../ecoli_genomes/GCF_001309985.1_ASM130998v1_genomic.fna.gz,../ecoli_genomes/GCF_001521695.1_ASM152169v1_genomic.fna.gz,../ecoli_genomes/GCF_001592595.1_ASM159259v1_genomic.fna.gz,../ecoli_genomes/GCF_001614975.1_ASM161497v1_genomic.fna.gz,../ecoli_genomes/GCF_001692775.1_ASM169277v1_genomic.fna.gz,../ecoli_genomes/GCF_001748915.1_ASM174891v1_genomic.fna.gz,../ecoli_genomes/GCF_001749235.1_ASM174923v1_genomic.fna.gz,../ecoli_genomes/GCF_001881155.1_ASM188115v1_genomic.fna.gz,../ecoli_genomes/GCF_001881345.1_ASM188134v1_genomic.fna.gz,../ecoli_genomes/GCF_001892405.1_ASM189240v1_genomic.fna.gz,../ecoli_genomes/GCF_001892585.1_ASM189258v1_genomic.fna.gz,../ecoli_genomes/GCF_001893985.1_ASM189398v1_genomic.fna.gz,../ecoli_genomes/GCF_002001595.1_ASM200159v1_genomic.fna.gz,../ecoli_genomes/GCF_002002145.1_ASM200214v1_genomic.fna.gz
1.0,0.31620069197194156,0.25609394774862915,0.273474650409678,0.28400809298548013,0.28338487337439155,0.29792284222378596,0.28048630958061316,0.38467059110725244,0.29044862205872946,0.31047437514471576,0.28590660480259555,0.3043674992319987,0.27381628136908287,0.2604307253233561,0.29368226301013356,0.2780535473483233,0.3045877103930327,0.28161381347033865,0.3004735230059129,0.2912212637697341,0.26975745423164355,0.3064171848997418,0.2960939871488627,0.2836360030278722,0.239695460950763,0.3024028000725726,0.2717988247145757,0.34309047429043826,0.38166568671663526,0.25608221725485514,0.2960570614938237,0.0,0.3001320637125715,0.29679326062738587,0.269389594253573,0.28049964082249224,0.3067636065541094,0.2421258715070741,0.30714540806263035,0.2629772741509143,0.30114807919929965,0.30734411464379763,0.27269567722130894,0.2806925622987766,0.3097516288510114,0.2963381621279718,0.29732894710253344,0.2709624551916836,0.33788666590377436
0.31620069197194156,1.0,0.22779390749272677,0.2725487572248203,0.39043434029477764,0.5043594580536563,0.3427932589648284,0.2802755827978156,0.299197792840881,0.28495912447145944,0.42235753548183796,0.2877308808446204,0.41746835045602604,0.26773052890637106,0.26147135516787845,0.34247925038499194,0.45788439805496384,0.41062642866602084,0.37705571036946517,0.3483827294371351,0.40291528004376687,0.3650349639246845,0.4142350547910112,0.548164694443915,0.5277043751023835,0.3755412961698953,0.4142033903643594,0.27396329517908435,0.30426803575450145,0.30549885818872613,0.2571034137033673,0.40235237359587117,0.0,0.40074747754779527,0.5673413042279278,0.26330200810245896,0.32283736825409326,0.42311950425022304,0.23379781146355705,0.42101120316833573,0.26337976901087246,0.4687666366493667,0.4195316942852113,0.28518503172991694,0.2842312236126815,0.27905177022366234,0.47167052880797267,0.47339551966262816,0.27812973779579875,0.2993551783529328
0.25609394774862915,0.22779390749272677,1.0,0.20578401776586508,0.19984980834763133,0.2009582170973444,0.21046572594921453,0.21154806952477734,0.24385913406387583,0.2138788053720203,0.2247525352392601,0.21126334167911232,0.21961922324815297,0.2101789306387689,0.20386848237129873,0.2105764253061111,0.20499961172540426,0.21960153756009582,0.20055802848254467,0.21406500078055268,0.21461050161511286,0.2003544335218771,0.2221381662479116,0.21425730140497257,0.20411825359131275,0.1714031972867901,0.21973801327577258,0.20698651145871294,0.24749574200045676,0.25154722739418356,0.20054474982492654,0.21417388297554363,0.0,0.22184882345090262,0.213070946414332,0.21215045395452015,0.1976298697486677,0.21734380406884557,0.1897727005012002,0.22231740763426255,0.20696713855268256,0.2183584025872506,0.2255346289872514,0.2128664099139045,0.20767012271708785,0.22724271224579862,0.22544761265250413,0.22579555481913205,0.2142340393912785,0.24735045633074793
0.273474650409678,0.2725487572248203,0.20578401776586508,1.0,0.26439226393167037,0.24379254583729493,0.2502378320291222,0.49623359775064435,0.2757001764985666,0.5236391095785238,0.26830369886781547,0.5028666637572404,0.26521730015848255,0.5307777488260454,0.5570163785733016,0.25632914079055646,0.24855092250178235,0.2552250933883339,0.24132625235527005,0.2529272677202926,0.2517485715407356,0.22924084864344496,0.26125884946375266,0.2534600212345086,0.25250219918395356,0.21081058909449446,0.2584977687596117,0.5103776535131264,0.30161730317647206,0.2671904818778349,0.4976867466178998,0.2665080613112405,0.0,0.2511097673434005,0.2544550568319466,0.4130651338089085,0.23807543866604686,0.2546534595233616,0.39469744331087864,0.2578599396008685,0.5165866270152936,0.2579952394912417,0.25852626894887254,0.5123509569631779,0.5055629659072398,0.2913401113117332,0.25536806944255064,0.25595964736406185,0.45107663543763776,0.3079985952406392
0.28400809298548013,0.39043434029477764,0.19984980834763133,0.26439226393167037,1.0,0.37748919566415795,0.31120392775145966,0.263389886082787,0.2916929727136518,0.27454951578215936,0.5004749882818598,0.25159898711442874,0.4558865301776651,0.25429366915715157,0.2673722768958309,0.3318144989024384,0.39461986427841345,0.4025591390423511,0.3776648741642874,0.3139887624669505,0.42051994184524055,0.3714862676424565,0.4191387722018569,0.4031621997593985,0.39064578936678185,0.33725995346639814,0.4263182735431801,0.24135904845699363,0.28634641872566924,0.28361110912437804,0.2547022927860051,0.442905394169434,0.0,0.4220143255326628,0.3894070401123675,0.24232877200541425,0.3066904824072768,0.4450613659995656,0.23656894706565246,0.43828713138107056,0.266732262385182,0.3978639887958767,0.4413083229301773,0.2462676263294573,0.24843576216374408,0.2633757872517385,0.4056337304282446,0.4074560527479566,0.252326083720934,0.27919232650301895
0.28338487337439155,0.5043594580536563,0.2009582170973444,0.24379254583729493,0.37748919566415795,1.0,0.335517921051111,0.26021132758213406,0.2761845791539701,0.2544909037023585,0.3853058926560605,0.2476212125135594,0.38101870775156166,0.24287340679662173,0.23456921620462257,0.3277750165373299,0.4177686768816945,0.3835482916700089,0.36479277827790024,0.3301953353818722,0.3657875940419377,0.428806678617233,0.38268239922807856,0.494343188785769,0.498463212134271,0.34525857493457157,0.37166944941172597,0.24541543894919382,0.28931153766512063,0.2694738147371487,0.2330924440968356,0.3701986820922386,0.0,0.38950613861217986,0.5141800561217378,0.2513582959779037,0.3144330965345653,0.3933227024240249,0.23860103444393976,0.3778307507613988,0.24321463947389121,0.4379313114088378,0.3869386776934205,0.2507807797762124,0.250153089573834,0.259084671871306,0.42946446645970915,0.43222181810827875,0.24589084747700773,0.27924059831364234
0.29792284222378596,0.3427932589648284,0.21046572594921453,0.2502378320291222,0.31120392775145966,0.335517921051111,1.0,0.2574029875567515,0.2939707783509955,0.25575027844639575,0.3483417266499148,0.25046239327543385,0.3453163529017482,0.24878475251316312,0.24538899648342605,0.7381176287069736,0.31873309262051663,0.3766773377472632,0.3561752946418265,0.8601226328921294,0.375343206148253,0.33373313420162243,0.3790303366443618,0.33388592373911263,0.31915437238301403,0.2767367647236125,0.34724235046506224,0.2472063186138338,0.28287876114690225,0.29294453372143703,0.2377083072859526,0.33291696497716905,0.0,0.3554526416462006,0.3563305697620852,0.26696645667124386,0.7615347171515625,0.3344176920488049,0.23934645303042124,0.34842698324362587,0.24065156560731693,0.342629486820773,0.3484131750833196,0.2534956192955743,0.25221842856900845,0.26401023184426164,0.33534954761642644,0.3357558789889581,0.24800076327406573,0.28854327229142884
0.28048630958061316,0.2802755827978156,0.21154806952477734,0.49623359775064435,0.263389886082787,0.26021132758213406,0.2574029875567515,1.0,0.27495131812125606,0.5113274343012271,0.26945171723921835,0.48373362321984037,0.27311482188683434,0.4889902196501311,0.47326082023517213,0.26004174608663044,0.2542311471383918,0.263191592193594,0.25211589670486356,0.2596003747059612,0.25555444398624094,0.23770620888468075,0.2649229055594655,0.2712778980230366,0.2582727697452638,0.21944127032284078,0.26362698620445313,0.6957178005255624,0.3136203186660991,0.2730388573781046,0.47073777787347704,0.2680238230850682,0.0,0.2598641666532948,0.2609371678612259,0.41211502924034193,0.24366662841589637,0.27416877437607023,0.396608391363924,0.2658966131112841,0.4842798760320288,0.2626318268403568,0.2658247488140031,0.698887159671846,0.6731203163919404,0.2910240967476655,0.259106006596293,0.2599521528806974,0.44373342635948587,0.3086301928660884
0.38467059110725244,0.299197792840881,0.24385913406387583,0.2757001764985666,0.2916929727136518,0.2761845791539701,0.2939707783509955,0.27495131812125606,1.0,0.2875539614726613,0.30748157388778674,0.2612364572505136,0.30750670425632953,0.27294407595476156,0.2703844396411863,0.29981451570671935,0.27650080904795427,0.2983594825752973,0.27170645458365983,0.2982130017786314,0.28857929470255683,0.2655632049362767,0.29792310878544204,0.29004410232500877,0.27929352696557386,0.23638552266480717,0.30092471327398973,0.2611129156707632,0.3301925706753872,0.4028007107188748,0.2653772760199954,0.2887500091508063,0.0,0.2919176910669604,0.29460637199088746,0.27041134934986866,0.27797105487520013,0.28922376728617816,0.23510520235224652,0.30437879162055104,0.26900753166655333,0.2972705882807134,0.30545476120741055,0.26419524676618433,0.2608405780789602,0.3057507298116895,0.297087265729141,0.29752628425140737,0.2635195198363849,0.33622352765488983
0.29044862205872946,0.28495912447145944,0.2138788053720203,0.5236391095785238,0.27454951578215936,0.2544909037023585,0.25575027844639575,0.5113274343012271,0.2875539614726613,1.0,0.2821854736295395,0.480217915747852,0.28313404769192096,0.5040952393583185,0.49845386406161085,0.26282205039495987,0.2555643518444589,0.2672405906937303,0.24849185145658081,0.25805771669867494,0.2582028955895671,0.2355624173802734,0.26501876690272863,0.2626602074107204,0.26472545353665944,0.21960711160133983,0.26698537563129077,0.5042399707420258,0.312121964540632,0.27721712645527863,0.5165127696493124,0.2675228387202887,0.0,0.25987224534339337,0.2641620183566419,0.42450290213015607,0.24315908954939047,0.26454734810419467,0.4082513240411173,0.27172789687095056,0.5237583859603285,0.2666626659204401,0.26844095537897816,0.5062213364192627,0.5066974009936692,0.29320013838823233,0.265696165887749,0.2661756466843994,0.4671388549301817,0.3054975181561599
0.31047437514471576,0.42235753548183796,0.2247525352392601,0.26830369886781547,0.5004749882818598,0.3853058926560605,0.3483417266499148,0.26945171723921835,0.30748157388778674,0.2821854736295395,1.0,0.27304331250303415,0.5298470288951088,0.27053171391691333,0.2641852326687467,0.35618658530880476,0.3842052435235085,0.4796031076221885,0.4481111910934723,0.35279908231526624,0.47921771065063634,0.4569339598865775,0.4902748046019114,0.41094181331245916,0.38713513020988344,0.3346806410359521,0.4976354313377154,0.26375522884715596,0.29710519319397843,0.3098733284392504,0.2558144544137779,0.4679132287286587,0.0,0.47315185963089545,0.4273731615851125,0.26956186043845654,0.3322590183104718,0.4752156402249468,0.242754074726797,0.5163746222840042,0.26173496129628615,0.437193514030083,0.5021129054745953,0.2677665510261463,0.26622024562009416,0.2852984965268299,0.42985471989928636,0.43062061332574975,0.2702619032164959,0.30057920686441786
0.28590660480259555,0.2877308808446204,0.21126334167911232,0.5028666637572404,0.25159898711442874,0.2476212125135594,0.25046239327543385,0.48373362321984037,0.2612364572505136,0.480217915747852,0.27304331250303415,1.0,0.26111866805154615,0.49351027282689974,0.600182787502515,0.25109716366437507,0.24653949868788905,0.2555944308478729,0.24642555740464045,0.25255493392756256,0.2550050276068878,0.24145946503718174,0.2591902336853993,0.2570418784593792,0.2487195893304467,0.21515481610867537,0.2545658453408187,0.48800571668885406,0.31357180670627627,0.2690175142363548,0.4505428597715804,0.2579701378575804,0.0,0.254752039243181,0.2586719181472621,0.4052189906011284,0.2374466715592226,0.26515589717234256,0.39367411543709274,0.26303200682140715,0.4689003990585593,0.25710102597776485,0.26190761716063626,0.4953271362076649,0.4938296290401679,0.2922224267450625,0.2597302784517942,0.26082731753290067,0.43131702414953355,0.30440096219867196
0.3043674992319987,0.41746835045602604,0.21961922324815297,0.26521730015848255,0.4558865301776651,0.38101870775156166,0.3453163529017482,0.27311482188683434,0.30750670425632953,0.28313404769192096,0.5298470288951088,0.26111866805154615,1.0,0.2612583211552766,0.26752941713201184,0.3554363367529285,0.3839901876655706,0.4961243566574213,0.4963573643822503,0.3503714894880735,0.51199587093029,0.5074893454568516,0.5531561104038725,0.4104161456957749,0.3791469657583113,0.3283006587304571,0.5340705966595576,0.256493705851349,0.29584348609985467,0.3082832404833813,0.2587633720950697,0.5028921956156189,0.0,0.531245336041611,0.4193654615415071,0.2582874280846206,0.33781923727469887,0.5025546586812468,0.23033469496369563,0.544366470630697,0.2630053794018252,0.42864853468988506,0.5289976798556589,0.25955012913202724,0.2575035421429943,0.2710901131597032,0.42373044321461173,0.4242951608999481,0.26337015636565553,0.29471346482442085
0.27381628136908287,0.26773052890637106,0.2101789306387689,0.5307777488260454,0.25429366915715157,0.24287340679662173,0.24878475251316312,0.4889902196501311,0.27294407595476156,0.5040952393583185,0.27053171391691333,0.49351027282689974,0.2612583211552766,1.0,0.5380892895016303,0.2483701693528403,0.2444975374994398,0.25815428767787985,0.2443915323353908,0.25209610118403336,0.24827090775975047,0.2311106224198548,0.2605815907203599,0.24931568334831722,0.2447118939862274,0.20486747771833225,0.2591347884258034,0.5129762546595049,0.3105586434806784,0.2658356045279109,0.49470445156476817,0.25879877708176,0.0,0.2515935289604653,0.2554679921359829,0.4079659449801739,0.2348569244214267,0.2602844355993681,0.3982646275194246,0.25834898814985174,0.514949480948245,0.25627673818082775,0.2625470186370519,0.511762609245008,0.5038120705778917,0.29406959348492623,0.2578801996081822,0.2583408725232116,0.4525935161410648,0.3092503951769837
0.2604307253233561,0.26147135516787845,0.20386848237129873,0.5570163785733016,0.2673722768958309,0.23456921620462257,0.24538899648342605,0.47326082023517213,0.2703844396411863,0.49845386406161085,0.2641852326687467,0.600182787502515,0.26752941713201184,0.5380892895016303,1.0,0.254758798679676,0.24957470917325741,0.25176573739542385,0.23591365808539777,0.2490598527427238,0.24663959530167667,0.22336473917067423,0.25575047074213764,0.25004049223925695,0.24428018351456893,0.21392790891149338,0.2524489566091359,0.47935253456464166,0.29565880566940594,0.2633651240678069,0.4999961636825432,0.2614046151937882,0.0,0.2469081704767605,0.2498754670852077,0.40764398736186114,0.23470016081406941,0.25233093838922627,0.3955606042761861,0.25647092516588144,0.5124188928222493,0.2531949440789739,0.25635722651799786,0.4815760713718277,0.4750164100162142,0.2873673849843248,0.2601874025601638,0.26062471781336594,0.44081777665513555,0.30832991737594784
0.29368226301013356,0.34247925038499194,0.2105764253061111,0.25632914079055646,0.3318144989024384,0.3277750165373299,0.7381176287069736,0.26004174608663044,0.29981451570671935,0.26282205039495987,0.35618658530880476,0.25109716366437507,0.3554363367529285,0.2483701693528403,0.254758798679676,1.0,0.3267356044144276,0.3639814960068216,0.3546711728604661,0.7546849118906979,0.36079403755269857,0.33663927804526295,0.36682043803241604,0.33620597168070865,0.3305455375707259,0.3054755232749944,0.34146107853173535,0.24475428766233853,0.2806738356544545,0.29785489218460093,0.24500894840010068,0.3413445122067049,0.0,0.3471282499052437,0.34867272681640804,0.25625487119596646,0.7244851951562657,0.33397307548591215,0.22455949736651215,0.345579000790202,0.2492505985327529,0.33981906751934265,0.3451309654018634,0.24828775819045668,0.24870267549720038,0.2665903418814636,0.3363579289699201,0.33689459563822566,0.2486733742376841,0.28665130635113856
0.2780535473483233,0.45788439805496384,0.20499961172540426,0.24855092250178235,0.39461986427841345,0.4177686768816945,0.31873309262051663,0.2542311471383918,0.27650080904795427,0.2555643518444589,0.3842052435235085,0.24653949868788905,0.3839901876655706,0.2444975374994398,0.24957470917325741,0.3267356044144276,1.0,0.3675285202258224,0.3397716797445791,0.32147382352801046,0.36796204126008436,0.343129243154621,0.38605871515051626,0.5088949305792697,0.48790249540421204,0.39410008121534323,0.37471293303091324,0.24119258549219236,0.28778093547055383,0.2728572151818226,0.23441132432229916,0.4242853077913361,0.0,0.3819984932738708,0.4612111204807292,0.25168697903364035,0.31029056779786746,0.37059442092803463,0.22796406675272163,0.3820364610576129,0.2407430917006691,0.42893701920294014,0.3812011544323711,0.2474907011939692,0.25572643539770956,0.2505812214793195,0.4388852031110533,0.44051477148244156,0.23857175994135038,0.2733176477782101
0.3045877103930327,0.41062642866602084,0.21960153756009582,0.2552250933883339,0.4025591390423511,0.3835482916700089,0.3766773377472632,0.263191592193594,0.2983594825752973,0.2672405906937303,0.4796031076221885,0.2555944308478729,0.4961243566574213,0.25815428767787985,0.25176573739542385,0.3639814960068216,0.3675285202258224,1.0,0.4839233199429642,0.37946985452736914,0.4984524826136073,0.45491415487775577,0.5142078032528332,0.3974317421119018,0.3661853127453394,0.31324058821817424,0.49647532998280286,0.25437584411962544,0.2913994764030007,0.30153785285942836,0.24894441560805225,0.4476813793037526,0.0,0.4711745327509528,0.41602211149562707,0.2732360288091231,0.35617426768179283,0.46244534004905924,0.24010371992601776,0.49291158218006925,0.2520394272803195,0.4188844396379756,0.4860195151056943,0.2582254984145058,0.257003537433771,0.26960359205457407,0.4111636186449835,0.41173054385548014,0.25675078730138456,0.2918758186815179
0.28161381347033865,0.37705571036946517,0.20055802848254467,0.24132625235527005,0.3776648741642874,0.36479277827790024,0.3561752946418265,0.25211589670486356,0.27170645458365983,0.24849185145658081,0.4481111910934723,0.24642555740464045,0.4963573643822503,0.2443915323353908,0.23591365808539777,0.3546711728604661,0.3397716797445791,0.4839233199429642,1.0,0.35065901337362715,0.4755540679704001,0.4699446033499185,0.48577936531394306,0.363080929700217,0.34590460642180443,0.294776234445532,0.45569901293282744,0.24374415155036766,0.27208360422486944,0.2778579469110819,0.2350237319008568,0.45293908798904814,0.0,0.45179074581948464,0.3859741176942624,0.25721447571553235,0.33807236325210477,0.4348097549285983,0.22683322420099938,0.45781353940606306,0.23694829041382015,0.38249315997616573,0.45104649325101775,0.25012464859150374,0.24729120385567993,0.2538629815971092,0.37549525318245647,0.37694136875518836,0.2409494424144698,0.27086336024166746
0.3004735230059129,0.3483827294371351,0.21406500078055268,0.2529272677202926,0.3139887624669505,0.3301953353818722,0.8601226328921294,0.2596003747059612,0.2982130017786314,0.25805771669867494,0.35279908231526624,0.25255493392756256,0.3503714894880735,0.25209610118403336,0.2490598527427238,0.7546849118906979,0.32147382352801046,0.37946985452736914,0.35065901337362715,1.0,0.3782232616514719,0.32969359584270574,0.37943190559203954,0.33678919429009846,0.32082614406691146,0.278131806967472,0.3517572503896702,0.2503728649374646,0.28659499581265446,0.2985250978875442,0.24073380460251126,0.3344478734397074,0.0,0.3532496264209789,0.3551044720617942,0.26702529564375443,0.7716516988467035,0.3387372750034532,0.23346716288583136,0.3542696949821086,0.24423115970268194,0.3457066868306842,0.35283615791667156,0.2554567615882536,0.2542027384162483,0.2675845660113544,0.3401976064936826,0.34089824303698313,0.2511408373212871,0.2934859129342431
0.2912212637697341,0.40291528004376687,0.21461050161511286,0.2517485715407356,0.42051994184524055,0.3657875940419377,0.375343206148253,0.25555444398624094,0.28857929470255683,0.2582028955895671,0.47921771065063634,0.2550050276068878,0.51199587093029,0.24827090775975047,0.24663959530167667,0.36079403755269857,0.36796204126008436,0.4984524826136073,0.4755540679704001,0.3782232616514719,1.0,0.46523126071119003,0.5369733851847369,0.3882597321083675,0.36286976517755587,0.3172317500286882,0.5072551408803174,0.252728044160075,0.2811256216438408,0.29533924481515217,0.24073965697442468,0.465157834601148,0.0,0.5026663317459484,0.40807529832503187,0.2660890168791996,0.3560361461036571,0.47857421836704384,0.23549966388106636,0.5128185421682858,0.24664688722106198,0.40291860593837614,0.49779365411177723,0.25664771606115255,0.2571857130023666,0.2687038234959025,0.41090430424625113,0.4116014835643149,0.2510154418812618,0.28646392868302795
0.26975745423164355,0.3650349639246845,0.2003544335218771,0.22924084864344496,0.3714862676424565,0.428806678617233,0.33373313420162243,0.23770620888468075,0.2655632049362767,0.2355624173802734,0.4569339598865775,0.24145946503718174,0.5074893454568516,0.2311106224198548,0.22336473917067423,0.33663927804526295,0.343129243154621,0.45491415487775577,0.4699446033499185,0.32969359584270574,0.46523126071119003,1.0,0.6322263058278073,0.35553316741072793,0.358993794515291,0.2940333873347891,0.46138922077788325,0.23211696792768832,0.2608899425316402,0.2666321983600177,0.21930646348489025,0.4453112412325988,0.0,0.5615054897402739,0.37576522286109226,0.2353096560249318,0.3170108324492902,0.445098702000272,0.2140205066919062,0.46848005041079355,0.22234626222517673,0.37640665693539077,0.4635917659380283,0.23625939720325873,0.23027657684100233,0.25404732408438224,0.36802850304833135,0.3689028201284049,0.2294405017139498,0.2670366904229299
0.3064171848997418,0.4142350547910112,0.2221381662479116,0.26125884946375266,0.4191387722018569,0.38268239922807856,0.3790303366443618,0.2649229055594655,0.29792310878544204,0.26501876690272863,0.4902748046019114,0.2591902336853993,0.5531561104038725,0.2605815907203599,0.25575047074213764,0.36682043803241604,0.38605871515051626,0.5142078032528332,0.48577936531394306,0.37943190559203954,0.5369733851847369,0.6322263058278073,1.0,0.3990437752338395,0.37769475455641277,0.3224478450452759,0.5320258564858853,0.25822650247778234,0.2925090941054893,0.2966508140897113,0.2499344046884704,0.4884597735307493,0.0,0.6437782091289452,0.4184088523429528,0.26978593390719263,0.359374396872004,0.49398694775519136,0.24364257263783462,0.5263940140939631,0.25354034192178765,0.4184163815543218,0.5193446396295291,0.2632932306225827,0.26364350487373966,0.27175746555315194,0.4132407455770316,0.4147248134352123,0.25752111978126646,0.2928848293300653
0.2960939871488627,0.548164694443915,0.21425730140497257,0.2534600212345086,0.4031621997593985,0.494343188785769,0.33388592373911263,0.2712778980230366,0.29004410232500877,0.2626602074107204,0.41094181331245916,0.2570418784593792,0.4104161456957749,0.24931568334831722,0.25004049223925695,0.33620597168070865,0.5088949305792697,0.3974317421119018,0.363080929700217,0.33678919429009846,0.3882597321083675,0.35553316741072793,0.3990437752338395,1.0,0.533999201992772,0.3828162415440388,0.4004803051031811,0.2480575434557838,0.29704221353211924,0.2875380454267803,0.23927983511388107,0.4006108510842311,0.0,0.39453725670107076,0.5581211118148706,0.25644460696968197,0.3212000602410541,0.39312000486463616,0.23251864300677283,0.39922078268041894,0.24561100871026875,0.458649428536812,0.40269498766216816,0.25462085992837624,0.26093919968598733,0.26165390694276003,0.4514879513600675,0.4530672842241147,0.2491837311149978,0.2843767963164803
0.2836360030278722,0.5277043751023835,0.20411825359131275,0.25250219918395356,0.39064578936678185,0.498463212134271,0.31915437238301403,0.2582727697452638,0.27929352696557386,0.26472545353665944,0.38713513020988344,0.2487195893304467,0.3791469657583113,0.2447118939862274,0.24428018351456893,0.3305455375707259,0.48790249540421204,0.3661853127453394,0.34590460642180443,0.32082614406691146,0.36286976517755587,0.358993794515291,0.37769475455641277,0.533999201992772,1.0,0.39640281233063224,0.36723299517993946,0.23870103503111484,0.2763159961223355,0.2712492950250762,0.23948078285326835,0.42543415332652357,0.0,0.3691788221058472,0.5318218199766211,0.23866178147782158,0.3068527839103955,0.3835997277805143,0.2195476549433606,0.37696723704962176,0.24581233252769974,0.43151919711329734,0.3798743335870869,0.25431854297808243,0.25699822487868673,0.26040180944668356,0.4301010304598232,0.432402809172169,0.24850267583271868,0.2686519385871614
0.239695460950763,0.3755412961698953,0.1714031972867901,0.21081058909449446,0.33725995346639814,0.34525857493457157,0.2767367647236125,0.21944127032284078,0.23638552266480717,0.21960711160133983,0.3346806410359521,0.21515481610867537,0.3283006587304571,0.20486747771833225,0.21392790891149338,0.3054755232749944,0.39410008121534323,0.31324058821817424,0.294776234445532,0.278131806967472,0.3172317500286882,0.2940333873347891,0.3224478450452759,0.3828162415440388,0.39640281233063224,1.0,0.314752483193556,0.20519892345809965,0.22887088383868615,0.23120139221871627,0.20206867175011156,0.3265588730567912,0.0,0.3191915207108629,0.38288891191283403,0.20489119245841314,0.2743427317585746,0.33022930885869983,0.18283718398489468,0.32283287704179575,0.20611102328822917,0.36579903475809517,0.32162533324247145,0.22143798744323095,0.2244917947755174,0.2176446200128639,0.3734931470969217,0.3809419052230484,0.21053235005983117,0.2322406951663516
0.3024028000725726,0.4142033903643594,0.21973801327577258,0.2584977687596117,0.4263182735431801,0.37166944941172597,0.34724235046506224,0.26362698620445313,0.30092471327398973,0.26698537563129077,0.4976354313377154,0.2545658453408187,0.5340705966595576,0.2591347884258034,0.2524489566091359,0.34146107853173535,0.37471293303091324,0.49647532998280286,0.45569901293282744,0.3517572503896702,0.5072551408803174,0.46138922077788325,0.5320258564858853,0.4004803051031811,0.36723299517993946,0.314752483193556,1.0,0.2554753120394814,0.2941235179347885,0.3004559166875951,0.24845423667011624,0.4851763135203985,0.0,0.5012448753362024,0.413410795845478,0.26134188411838877,0.32776425659256825,0.5855123654811942,0.2316674287692354,0.545020663844707,0.25350529969021285,0.4204230523245175,0.6185290917678054,0.2634082644937612,0.25929541719693716,0.27260949823473224,0.4168014183657871,0.41752624740535993,0.259265252241034,0.2937251320180617
0.2717988247145757,0.27396329517908435,0.20698651145871294,0.5103776535131264,0.24135904845699363,0.24541543894919382,0.2472063186138338,0.6957178005255624,0.2611129156707632,0.5042399707420258,0.26375522884715596,0.48800571668885406,0.256493705851349,0.5129762546595049,0.47935253456464166,0.24475428766233853,0.24119258549219236,0.25437584411962544,0.24374415155036766,0.2503728649374646,0.252728044160075,0.23211696792768832,0.25822650247778234,0.2480575434557838,0.23870103503111484,0.20519892345809965,0.2554753120394814,1.0,0.30803046230198694,0.26274582986922224,0.4680481453607638,0.2556460318939734,0.0,0.24870264746283977,0.2534898366714161,0.40932757264639685,0.23028151479889936,0.2634831092794836,0.39599790248118893,0.25672817311838425,0.48414363327532195,0.25084447506921503,0.2552501407221457,0.794510622158795,0.7611359071003,0.286436545230789,0.2564975098792982,0.2577469090243496,0.4517644755012111,0.2986776303009191
0.34309047429043826,0.30426803575450145,0.24749574200045676,0.30161730317647206,0.28634641872566924,0.28931153766512063,0.28287876114690225,0.3136203186660991,0.3301925706753872,0.312121964540632,0.29710519319397843,0.31357180670627627,0.29584348609985467,0.3105586434806784,0.29565880566940594,0.2806738356544545,0.28778093547055383,0.2913994764030007,0.27208360422486944,0.28659499581265446,0.2811256216438408,0.2608899425316402,0.2925090941054893,0.29704221353211924,0.2763159961223355,0.22887088383868615,0.2941235179347885,0.30803046230198694,1.0,0.3277130632642381,0.29196453843628145,0.29296577288880266,0.0,0.288610957522743,0.28973355868638817,0.3027236767051352,0.2672535580704034,0.2916557787458619,0.27284923967539454,0.29881027808286387,0.29522743146748887,0.29309480219104733,0.29561217236990855,0.3093424451330281,0.3099301410963923,0.39107659583107235,0.29079390565060836,0.2918026501307217,0.30153721003750744,0.6217460581371419
0.38166568671663526,0.30549885818872613,0.25154722739418356,0.2671904818778349,0.28361110912437804,0.2694738147371487,0.29294453372143703,0.2730388573781046,0.4028007107188748,0.27721712645527863,0.3098733284392504,0.2690175142363548,0.3082832404833813,0.2658356045279109,0.2633651240678069,0.29785489218460093,0.2728572151818226,0.30153785285942836,0.2778579469110819,0.2985250978875442,0.29533924481515217,0.2666321983600177,0.2966508140897113,0.2875380454267803,0.2712492950250762,0.23120139221871627,0.3004559166875951,0.26274582986922224,0.3277130632642381,1.0,0.25947686630445743,0.28306772722708406,0.0,0.28693975087497003,0.2961224746555786,0.26750383877398687,0.27600411146003967,0.29352441139398533,0.231317311656697,0.31139094945707646,0.2654318919630245,0.2921056558908618,0.3048316946371542,0.2661312201239058,0.2626276606230806,0.32476625537791337,0.301523197844617,0.30183048780181454,0.2648392133295693,0.3342471680417123
0.25608221725485514,0.2571034137033673,0.20054474982492654,0.4976867466178998,0.2547022927860051,0.2330924440968356,0.2377083072859526,0.47073777787347704,0.2653772760199954,0.5165127696493124,0.2558144544137779,0.4505428597715804,0.2587633720950697,0.49470445156476817,0.4999961636825432,0.24500894840010068,0.23441132432229916,0.24894441560805225,0.2350237319008568,0.24073380460251126,0.24073965697442468,0.21930646348489025,0.2499344046884704,0.23927983511388107,0.23948078285326835,0.20206867175011156,0.24845423667011624,0.4680481453607638,0.29196453843628145,0.25947686630445743,1.0,0.25333033528446114,0.0,0.24301520081795058,0.24316380525034242,0.3971912502805247,0.2267232385680088,0.24799774162176635,0.3719877594522222,0.2503246071541382,0.6668715054613332,0.24921568556637175,0.25001109086897955,0.4727253784104197,0.4637198697028886,0.2758326882628801,0.2476314922160916,0.24832298801549002,0.42747412921282,0.2861051939855417
0.2960570614938237,0.40235237359587117,0.21417388297554363,0.2665080613112405,0.442905394169434,0.3701986820922386,0.33291696497716905,0.2680238230850682,0.2887500091508063,0.2675228387202887,0.4679132287286587,0.2579701378575804,0.5028921956156189,0.25879877708176,0.2614046151937882,0.3413445122067049,0.4242853077913361,0.4476813793037526,0.45293908798904814,0.3344478734397074,0.465157834601148,0.4453112412325988,0.4884597735307493,0.4006108510842311,0.42543415332652357,0.3265588730567912,0.4851763135203985,0.2556460318939734,0.29296577288880266,0.28306772722708406,0.25333033528446114,1.0,0.0,0.47132973114306687,0.397643881640645,0.252749837444166,0.32578843449797934,0.47876597664056453,0.2400914625864342,0.498005485684735,0.25303334771147334,0.40468257423742005,0.49570682220170337,0.258230900270219,0.2658388069354719,0.2664347371868776,0.4087507037082502,0.40980755075985886,0.24934655326469912,0.27819354149041897
0.0,0.0,0.0,0.0,0.0,0.0,0.0,0.0,0.0,0.0,0.0,0.0,0.0,0.0,0.0,0.0,0.0,0.0,0.0,0.0,0.0,0.0,0.0,0.0,0.0,0.0,0.0,0.0,0.0,0.0,0.0,0.0,1.0,0.0,0.0,0.0,0.0,0.0,0.0,0.0,0.0,0.0,0.0,0.0,0.0,0.0,0.0,0.0,0.0,0.0
0.3001320637125715,0.40074747754779527,0.22184882345090262,0.2511097673434005,0.4220143255326628,0.38950613861217986,0.3554526416462006,0.2598641666532948,0.2919176910669604,0.25987224534339337,0.47315185963089545,0.254752039243181,0.531245336041611,0.2515935289604653,0.2469081704767605,0.3471282499052437,0.3819984932738708,0.4711745327509528,0.45179074581948464,0.3532496264209789,0.5026663317459484,0.5615054897402739,0.6437782091289452,0.39453725670107076,0.3691788221058472,0.3191915207108629,0.5012448753362024,0.24870264746283977,0.288610957522743,0.28693975087497003,0.24301520081795058,0.47132973114306687,0.0,1.0,0.4092727250654655,0.2777458430150108,0.33125485510964114,0.47968354299151184,0.2574444657724868,0.5054686677657625,0.24627906163413715,0.4065733691221022,0.5062358955379953,0.2524484446544365,0.2533078281744394,0.2624252850040012,0.4049020315013797,0.40650777642116886,0.24970196232925934,0.28763949727594584
0.29679326062738587,0.5673413042279278,0.213070946414332,0.2544550568319466,0.3894070401123675,0.5141800561217378,0.3563305697620852,0.2609371678612259,0.29460637199088746,0.2641620183566419,0.4273731615851125,0.2586719181472621,0.4193654615415071,0.2554679921359829,0.2498754670852077,0.34867272681640804,0.4612111204807292,0.41602211149562707,0.3859741176942624,0.3551044720617942,0.40807529832503187,0.37576522286109226,0.4184088523429528,0.5581211118148706,0.5318218199766211,0.38288891191283403,0.413410795845478,0.2534898366714161,0.28973355868638817,0.2961224746555786,0.24316380525034242,0.397643881640645,0.0,0.4092727250654655,1.0,0.26031484344915756,0.33166031979110133,0.4056687558867128,0.2416990294929896,0.42242086620451724,0.24726986212743685,0.4765625414414094,0.4182217773594231,0.25489114667013,0.25780862850916875,0.2662629070949425,0.46772451213256305,0.4683020052508977,0.2575855163812715,0.28542720423741796
0.269389594253573,0.26330200810245896,0.21215045395452015,0.4130651338089085,0.24232877200541425,0.2513582959779037,0.26696645667124386,0.41211502924034193,0.27041134934986866,0.42450290213015607,0.26956186043845654,0.4052189906011284,0.2582874280846206,0.4079659449801739,0.40764398736186114,0.25625487119596646,0.25168697903364035,0.2732360288091231,0.25721447571553235,0.26702529564375443,0.2660890168791996,0.2353096560249318,0.26978593390719263,0.25644460696968197,0.23866178147782158,0.20489119245841314,0.26134188411838877,0.40932757264639685,0.3027236767051352,0.26750383877398687,0.3971912502805247,0.252749837444166,0.0,0.2777458430150108,0.26031484344915756,1.0,0.24761548880982265,0.25480427133527306,0.4022357250510694,0.2666300979927555,0.4053598300685245,0.2629267065198321,0.26081837647211126,0.41744647990029515,0.41608022296029945,0.28444096183557444,0.2554811195133695,0.2560777832061837,0.400747624768685,0.3025279695252202
0.28049964082249224,0.32283736825409326,0.1976298697486677,0.23807543866604686,0.3066904824072768,0.3144330965345653,0.7615347171515625,0.24366662841589637,0.27797105487520013,0.24315908954939047,0.3322590183104718,0.2374466715592226,0.33781923727469887,0.2348569244214267,0.23470016081406941,0.7244851951562657,0.31029056779786746,0.35617426768179283,0.33807236325210477,0.7716516988467035,0.3560361461036571,0.3170108324492902,0.359374396872004,0.3212000602410541,0.3068527839103955,0.2743427317585746,0.32776425659256825,0.23028151479889936,0.2672535580704034,0.27600411146003967,0.2267232385680088,0.32578843449797934,0.0,0.33125485510964114,0.33166031979110133,0.24761548880982265,1.0,0.3175049897898755,0.21899179858708417,0.3253738805249744,0.22960667432641868,0.3253484772459484,0.33183571431517,0.2376228935897644,0.23628155678182772,0.2478083938928276,0.3155456540333328,0.316165960222876,0.23177799573912505,0.27078220465189684
0.3067636065541094,0.42311950425022304,0.21734380406884557,0.2546534595233616,0.4450613659995656,0.3933227024240249,0.3344176920488049,0.27416877437607023,0.28922376728617816,0.26454734810419467,0.4752156402249468,0.26515589717234256,0.5025546586812468,0.2602844355993681,0.25233093838922627,0.33397307548591215,0.37059442092803463,0.46244534004905924,0.4348097549285983,0.3387372750034532,0.47857421836704384,0.445098702000272,0.49398694775519136,0.39312000486463616,0.3835997277805143,0.33022930885869983,0.5855123654811942,0.2634831092794836,0.2916557787458619,0.29352441139398533,0.24799774162176635,0.47876597664056453,0.0,0.47968354299151184,0.4056687558867128,0.25480427133527306,0.3175049897898755,1.0,0.24303662427070594,0.5205195289129557,0.2591139741781009,0.41791120218604083,0.6273852464243292,0.271954923991683,0.26519721342970126,0.2720617794560908,0.4278699525370284,0.42978891441816147,0.26728217997605663,0.29204476277315405
0.2421258715070741,0.23379781146355705,0.1897727005012002,0.39469744331087864,0.23656894706565246,0.23860103444393976,0.23934645303042124,0.396608391363924,0.23510520235224652,0.4082513240411173,0.242754074726797,0.39367411543709274,0.23033469496369563,0.3982646275194246,0.3955606042761861,0.22455949736651215,0.22796406675272163,0.24010371992601776,0.22683322420099938,0.23346716288583136,0.23549966388106636,0.2140205066919062,0.24364257263783462,0.23251864300677283,0.2195476549433606,0.18283718398489468,0.2316674287692354,0.39599790248118893,0.27284923967539454,0.231317311656697,0.3719877594522222,0.2400914625864342,0.0,0.2574444657724868,0.2416990294929896,0.4022357250510694,0.21899179858708417,0.24303662427070594,1.0,0.23444942325223683,0.38486590898689477,0.24509768042351543,0.23801739010106082,0.3985359615956582,0.40928128297484767,0.25052549561820603,0.23187240528134145,0.23214130816317435,0.3809254800232711,0.2646553412013637
0.30714540806263035,0.42101120316833573,0.22231740763426255,0.2578599396008685,0.43828713138107056,0.3778307507613988,0.34842698324362587,0.2658966131112841,0.30437879162055104,0.27172789687095056,0.5163746222840042,0.26303200682140715,0.544366470630697,0.25834898814985174,0.25647092516588144,0.345579000790202,0.3820364610576129,0.49291158218006925,0.45781353940606306,0.3542696949821086,0.5128185421682858,0.46848005041079355,0.5263940140939631,0.39922078268041894,0.37696723704962176,0.32283287704179575,0.545020663844707,0.25672817311838425,0.29881027808286387,0.31139094945707646,0.2503246071541382,0.498005485684735,0.0,0.5054686677657625,0.42242086620451724,0.2666300979927555,0.3253738805249744,0.5205195289129557,0.23444942325223683,1.0,0.2538364503450562,0.42537925809399924,0.542044368558106,0.2615723461867334,0.2640806988133707,0.2844773511059432,0.4388762609400898,0.4396120923810095,0.26010980076354495,0.3027152551395551
