../ecoli_genomes/GCF_000163235.1_ASM16323v1_genomic.fna.gz,../ecoli_genomes/GCF_000164555.1_ASM16455v1_genomic.fna.gz,../ecoli_genomes/GCF_000208545.1_ASM20854v2_genomic.fna.gz,../ecoli_genomes/GCF_000233875.1_ASM23387v1_genomic.fna.gz,../ecoli_genomes/GCF_000249735.1_ASM24973v2_genomic.fna.gz,../ecoli_genomes/GCF_000261145.1_Esch_coli_M919_V2_genomic.fna.gz,../ecoli_genomes/GCF_000267705.2_ASM26770v2_genomic.fna.gz,../ecoli_genomes/GCF_000350665.1_Esch_coli_KTE5_V1_genomic.fna.gz,../ecoli_genomes/GCF_000351625.1_Esch_coli_KTE66_V1_genomic.fna.gz,../ecoli_genomes/GCF_000352285.1_Esch_coli_KTE46_V1_genomic.fna.gz,../ecoli_genomes/GCF_000358895.1_ASM35889v1_genomic.fna.gz,../ecoli_genomes/GCF_000456385.1_Esch_coli_HVH_26_4-5703913_V1_genomic.fna.gz,../ecoli_genomes/GCF_000458195.1_Esch_coli_HVH_147_4-5893887_V1_genomic.fna.gz,../ecoli_genomes/GCF_000459755.1_Esch_coli_KOEGE_58_171a_V1_genomic.fna.gz,../ecoli_genomes/GCF_000460055.1_Esch_coli_UMEA_3053-1_V1_genomic.fna.gz,../ecoli_genomes/GCF_000462165.2_ASM46216v2_genomic.fna.gz,../ecoli_genomes/GCF_000601135.1_ASM60113v1_genomic.fna.gz,../ecoli_genomes/GCF_000614595.1_Ec2010EL1058_genomic.fna.gz,../ecoli_genomes/GCF_000617745.1_Ec2010C-4529_genomic.fna.gz,../ecoli_genomes/GCF_000618265.2_EcF6751_genomic.fna.gz,../ecoli_genomes/GCF_000619005.2_Ec2009C-4052_genomic.fna.gz,../ecoli_genomes/GCF_000619105.1_Ec2009C-4780_genomic.fna.gz,../ecoli_genomes/GCF_000619765.2_Ec2009C-3279_genomic.fna.gz,../ecoli_genomes/GCF_000687005.1_ASM68700v1_genomic.fna.gz,../ecoli_genomes/GCF_000687025.1_ASM68702v1_genomic.fna.gz,../ecoli_genomes/GCF_000700125.1_ASM70012v1_genomic.fna.gz,../ecoli_genomes/GCF_000753315.1_FHI35_genomic.fna.gz,../ecoli_genomes/GCF_000776375.1_ASM77637v1_genomic.fna.gz,../ecoli_genomes/GCF_000779395.1_ASM77939v1_genomic.fna.gz,../ecoli_genomes/GCF_000780315.1_ASM78031v1_genomic.fna.gz,../ecoli_genomes/GCF_000781995.1_ASM78199v1_genomic.fna.gz,../ecoli_genomes/GCF_000986765.1_ASM98676v1_genomic.fna.gz,../ecoli_genomes/GCF_001041375.1_ViralProj287958_genomic.fna.gz,../ecoli_genomes/GCF_001265335.1_302014_genomic.fna.gz,../ecoli_genomes/GCF_001265625.1_100854_genomic.fna.gz,../ecoli_genomes/GCF_001267345.1_303289_genomic.fna.gz,../ecoli_genomes/GCF_001309985.1_ASM130998v1_genomic.fna.gz,../ecoli_genomes/GCF_001521695.1_ASM152169v1_genomic.fna.gz,../ecoli_genomes/GCF_001592595.1_ASM159259v1_genomic.fna.gz,../ecoli_genomes/GCF_001614975.1_ASM161497v1_genomic.fna.gz,../ecoli_genomes/GCF_001692775.1_ASM169277v1_genomic.fna.gz,../ecoli_genomes/GCF_001748915.1_ASM174891v1_genomic.fna.gz,../ecoli_genomes/GCF_001749235.1_ASM174923v1_genomic.fna.gz,../ecoli_genomes/GCF_001881155.1_ASM188115v1_genomic.fna.gz,../ecoli_genomes/GCF_001881345.1_ASM188134v1_genomic.fna.gz,../ecoli_genomes/GCF_001892405.1_ASM189240v1_genomic.fna.gz,../ecoli_genomes/GCF_001892585.1_ASM189258v1_genomic.fna.gz,../ecoli_genomes/GCF_001893985.1_ASM189398v1_genomic.fna.gz,../ecoli_genomes/GCF_002001595.1_ASM200159v1_genomic.fna.gz,../ecoli_genomes/GCF_002002145.1_ASM200214v1_genomic.fna.gz
1.0,0.32193633874220395,0.262199134321603,0.2855965313596911,0.29361839104855014,0.31467755436978173,0.2997196444952184,0.2900067012247646,0.3848880623571288,0.29391886971999825,0.3215695793452811,0.2905808555645064,0.30752415729934324,0.2772285779079815,0.2667134646682827,0.3028856262038555,0.27338184757330286,0.3073342900580862,0.264896548650694,0.30116475361555983,0.3004871989260529,0.29618461280166664,0.3119112005512349,0.30621500387285727,0.2897051257650134,0.2887890476853652,0.30524083481102104,0.2790873879487471,0.3391831454195049,0.3824683099011972,0.2643053793115402,0.3049936512565625,0.0,0.30927947263071,0.31130546088409705,0.27419070589671657,0.29081501532482557,0.31885566692877043,0.2483904140839669,0.31252134284237143,0.271086062970622,0.3097158865747398,0.31337496338622584,0.28511008202597843,0.2940194519011766,0.31792530284211595,0.30776200189073166,0.3076507191801169,0.27386473480254503,0.34281843504683973
0.32193633874220395,1.0,0.24324795122734633,0.2866100541244908,0.3672595866117868,0.5483447667805954,0.3468173836314208,0.292951188415738,0.3039376135545103,0.2884560720248185,0.42276497763140686,0.29575850020308414,0.40504142439187674,0.27554595414622773,0.269262615255078,0.34889620432204294,0.3677150208529798,0.41486029797632684,0.3479482960343121,0.34931327595947637,0.40085518528033914,0.38665314902939396,0.4117441157932147,0.4917853335603528,0.4646187009457883,0.44052487711883526,0.41133603179187994,0.28562796203804575,0.30397540461440775,0.3099271157898916,0.2636684369786917,0.39086871757032104,0.0,0.4012135390949313,0.5619352228490452,0.27463170811072146,0.33377028768471995,0.42301687881255035,0.2496253590879799,0.41192790447666516,0.27122784185487037,0.4704121223917692,0.4198862067986222,0.29631199644165596,0.2962587379367948,0.2920295444248061,0.47569546322555323,0.4761758812998059,0.28802513378815553,0.30769023553603125
0.262199134321603,0.24324795122734633,1.0,0.2163745833581624,0.2028578689259718,0.2257350916250933,0.2215343762191586,0.22519510658558217,0.2543103433283751,0.22170299830517215,0.23807569352219426,0.21939220437870965,0.22497925429943688,0.22108562153856803,0.21111082227543176,0.22454122594260617,0.178963727539881,0.22642259845603274,0.19183062297565712,0.2240113530074146,0.2254650496088939,0.2172744648530346,0.2299542226584772,0.2052188088277478,0.19377038106684008,0.2051512266583878,0.2273329926380916,0.22330201276714967,0.2544442116246468,0.25600159487206975,0.20753015001001252,0.2128316056369105,0.0,0.22676840753943095,0.22500644952437854,0.22136261439098193,0.2137312788801603,0.2252169741825344,0.1978186542187852,0.2323867837094422,0.21435772202796566,0.23078552933268115,0.23339009536073685,0.22823351243809342,0.22121577360850453,0.24092969631649608,0.23414648958281392,0.23425740817166274,0.2263241297295714,0.258491013494639
0.2855965313596911,0.2866100541244908,0.2163745833581624,1.0,0.2984984171352665,0.278790661917075,0.2628396438506473,0.5134668896472019,0.30715262386103803,0.5338655802307462,0.2752956480920308,0.5044811950915031,0.290506111496602,0.536987145413941,0.5575548825958621,0.28930187254120165,0.23717559319815984,0.2707978161833954,0.22944136286944739,0.26417223936398027,0.2667666848194812,0.2512342069887751,0.2790621073323284,0.2785296472362341,0.26402215920141336,0.27203468944930853,0.268068738083037,0.5219143603739003,0.30949186839383835,0.2892890100095016,0.5144926536986918,0.29465763673230694,0.0,0.2662352486908699,0.2717426276853516,0.4192304075478195,0.2675855686033477,0.26379784254757965,0.4030508676601189,0.26659649605867064,0.5392693673375459,0.2642218665134767,0.2714813787320919,0.5211303708248803,0.5121345975474004,0.29667859176040856,0.2677675880195092,0.2678313181943466,0.4525900317315348,0.3161589615085112
0.29361839104855014,0.3672595866117868,0.2028578689259718,0.2984984171352665,1.0,0.4007203538808235,0.30212817170374984,0.28936265356939983,0.31613194932475996,0.2956450153285157,0.48257251520391853,0.2653385937302243,0.458171838765534,0.2634492325530867,0.29295118155542055,0.3541927347320841,0.35343675230917515,0.3871983100779046,0.34238497644088595,0.30490044319793896,0.40184873445540936,0.3719338937766692,0.39922107959835096,0.40832908425253267,0.3842547513184903,0.4269180815520254,0.4103523674886659,0.24764095570431988,0.2740099817102787,0.2985956522729164,0.2743096618360611,0.4571084917175111,0.0,0.4090958729005655,0.3779043715179883,0.240779943752072,0.3142303351545549,0.42398236780251064,0.229419781174397,0.4121676631291076,0.2931849971162337,0.3786816691790762,0.4246372180639154,0.2583015812546584,0.26742468316895185,0.25725729140043063,0.38414177134729466,0.38635231251773094,0.24422012370886592,0.271758711446628
0.31467755436978173,0.5483447667805954,0.2257350916250933,0.278790661917075,0.4007203538808235,1.0,0.3582815853222241,0.29153181756572777,0.30743622740376786,0.278822607251484,0.4211112154907426,0.27423874499059664,0.40851608000665707,0.2670480165752456,0.2654540034344436,0.3608882940224254,0.38435195337680084,0.4190342537898044,0.3578762195114279,0.3572563497274601,0.3992944069701472,0.38779723639139985,0.4141782929233232,0.5046763130619388,0.47661727620741356,0.4363158310419418,0.4045210960533523,0.2734177070251316,0.31304014340980724,0.3062815780167438,0.26205669047559765,0.4023955546175829,0.0,0.41838059206631284,0.5558853226824672,0.27839958391331265,0.34234795943330565,0.4205006647452846,0.2627521205193015,0.41209786025699,0.27237816971876194,0.4734906753167629,0.41522861077721185,0.2807179610886973,0.2826540355622257,0.2875856218139806,0.4728970993732038,0.47397327763972363,0.27373498173498245,0.3095489596025971
0.2997196444952184,0.3468173836314208,0.2215343762191586,0.2628396438506473,0.30212817170374984,0.3582815853222241,1.0,0.26511906957313447,0.2923069085194496,0.26110514007772256,0.3553933475092411,0.2568605207138791,0.343186815384503,0.2567772184911046,0.2496635398480247,0.7474476384045425,0.26476275090852375,0.3796071703228385,0.325030634183994,0.863308267359428,0.3808485732378979,0.3556948518102028,0.3868865580430255,0.3204281732006813,0.28866834267696284,0.3074713813643102,0.3526931575543012,0.2599990263627252,0.28400038614796586,0.2902878148874334,0.243624343925827,0.32677343389592817,0.0,0.3536292616641791,0.3591824033823414,0.2732961295515949,0.7938599995656079,0.3334363320187559,0.23927594390266638,0.34331395200359194,0.2486408321585749,0.3470233954196641,0.3540646087257111,0.26274597830329083,0.26111800975973076,0.2777621106395475,0.3441857366970711,0.3442956171587831,0.2535634314715597,0.2909641844300861
0.2900067012247646,0.292951188415738,0.22519510658558217,0.5134668896472019,0.28936265356939983,0.29153181756572777,0.26511906957313447,1.0,0.295686312864453,0.5104388231171726,0.27815002898743657,0.4859907520249068,0.2928484654663769,0.4905700812622412,0.48684420428603026,0.28579975950663794,0.24876073744622473,0.2732342992520197,0.2375979724065177,0.2661227905750756,0.26799146941714047,0.25787857216801946,0.27752152428028587,0.2908575734641815,0.2678853753801489,0.2735595386686488,0.2697314959095307,0.6924114086300484,0.31899567580850263,0.29055637476350804,0.47668682358271586,0.29025664445337873,0.0,0.27269077690295085,0.27482653202289564,0.41791718105279485,0.26456247065907035,0.28508877064198324,0.4096767812954315,0.27654513548959725,0.49106635883495187,0.27661116478940306,0.2780678656732921,0.69828506045745,0.6708240976551211,0.29892823304937954,0.271575304463302,0.2718888110815888,0.44634286862100014,0.31643402954357525
0.3848880623571288,0.3039376135545103,0.2543103433283751,0.30715262386103803,0.31613194932475996,0.30743622740376786,0.2923069085194496,0.295686312864453,1.0,0.3081668075488724,0.3120944443102155,0.27968766480454554,0.32028897173459236,0.2843953052380348,0.29804776957842916,0.3171179773046282,0.24487779392350006,0.30303343188049636,0.2500428809922234,0.29559527837027055,0.29392539558121367,0.28182289461521837,0.3019611041208372,0.2945906665889235,0.27528733350000534,0.2926637966035648,0.3029772290390025,0.2749464270042651,0.32944948680496633,0.4176565944064071,0.2835336227820624,0.3034711077088441,0.0,0.2943116871959256,0.301984682054357,0.2799939225478082,0.29353673985706763,0.29446978634027343,0.24335039110044732,0.3010905278646552,0.2927108418596892,0.2994109855259933,0.31069083067225645,0.27811309520820093,0.2748084256343789,0.31477028282017894,0.29566627360392617,0.2964972419922788,0.2712537668704752,0.3425780063956685
0.29391886971999825,0.2884560720248185,0.22170299830517215,0.5338655802307462,0.2956450153285157,0.278822607251484,0.26110514007772256,0.5104388231171726,0.3081668075488724,1.0,0.2810474572070206,0.4838516991110745,0.29606386763619974,0.5099608995955731,0.5041528118795311,0.28785306515624476,0.2229787893273686,0.2697552175588548,0.2299576642902128,0.2631231770827326,0.26461283443871786,0.2517911889632687,0.26664338871373117,0.2664270292985176,0.2569376903632705,0.2674228782277338,0.26723534198559495,0.4999208563662325,0.30971048980247406,0.2940318840456111,0.5201379545220179,0.2794593552021517,0.0,0.2634423732663491,0.2724822456067618,0.4252050128128918,0.26348715409414003,0.268192533182114,0.4075364236309613,0.27298729504059416,0.5371803915239874,0.2685074149292145,0.2703503147704902,0.5010373030400344,0.5018949953250668,0.2956743015643323,0.2686207389485883,0.2693597124361712,0.4683640255774626,0.31088750097867324
0.3215695793452811,0.42276497763140686,0.23807569352219426,0.2752956480920308,0.48257251520391853,0.4211112154907426,0.3553933475092411,0.27815002898743657,0.3120944443102155,0.2810474572070206,1.0,0.2728218935496566,0.5139130320511931,0.2742788116897137,0.26602310702568344,0.3614749576386641,0.31745561433204506,0.47817352746490205,0.42418831971565263,0.3592142536902766,0.48677455782667767,0.4784351251326543,0.4901979022528079,0.38550435545033523,0.3434785449133799,0.3763703206851252,0.508908184552991,0.2740305732346423,0.2973887121864198,0.31837212139975957,0.26057327602786207,0.4487317102594981,0.0,0.4802887461566837,0.42559736332758846,0.2809431765313667,0.34464927825627933,0.49024418142641324,0.2525983147551071,0.5221768592816818,0.2656109095331177,0.43528827206087384,0.5095734838712749,0.27834147207589477,0.2756704326806798,0.2862140685572103,0.4322362837913958,0.43344345992831335,0.27229225388617373,0.31051171849765835
0.2905808555645064,0.29575850020308414,0.21939220437870965,0.5044811950915031,0.2653385937302243,0.27423874499059664,0.2568605207138791,0.4859907520249068,0.27968766480454554,0.4838516991110745,0.2728218935496566,1.0,0.2742900634840155,0.49714931151305564,0.5922981630801167,0.265614692230967,0.23675700232298702,0.2611228799296721,0.23158615689342332,0.25710851151340963,0.26112478847999443,0.2508509000259984,0.2659108867848091,0.2733110415132093,0.2518544131047028,0.25821619436207643,0.2629719100101162,0.4871553362600898,0.3126075389167736,0.2820164368051097,0.4469826560250849,0.27151590020257266,0.0,0.2667121115443928,0.26988470861456504,0.4060728574874941,0.25177120620605753,0.26756075967307513,0.396916634061244,0.26865090889305354,0.47155774211384016,0.26381804960794153,0.2691070669765616,0.49502869121549586,0.49411599886405977,0.29203246844933317,0.27019335301423575,0.26986734869623463,0.43613254246129296,0.3068050692579989
0.30752415729934324,0.40504142439187674,0.22497925429943688,0.290506111496602,0.458171838765534,0.40851608000665707,0.343186815384503,0.2928484654663769,0.32028897173459236,0.29606386763619974,0.5139130320511931,0.2742900634840155,1.0,0.2712707726305996,0.28819206015183096,0.3702146193551834,0.31762081517394225,0.48275438936167914,0.48604159261720714,0.3458003109739831,0.4981142787107612,0.5440562403118254,0.5380074374056923,0.39222805615874357,0.35800256376296147,0.3854090259081847,0.5171792896964162,0.2677625885725706,0.2909000216843446,0.32157424170136406,0.27108722946822483,0.5130435881248551,0.0,0.5229514140860974,0.41427895656135905,0.26163788529912446,0.3431394935741079,0.49458601895512744,0.23904975634735048,0.521867512120556,0.2823529289861211,0.4175599950529306,0.5184904760138583,0.270822587710587,0.2679555811917369,0.2750372963108806,0.4203042980092331,0.42079505568389486,0.2610815493147409,0.29724553078252536
0.2772285779079815,0.27554595414622773,0.22108562153856803,0.536987145413941,0.2634492325530867,0.2670480165752456,0.2567772184911046,0.4905700812622412,0.2843953052380348,0.5099608995955731,0.2742788116897137,0.49714931151305564,0.2712707726305996,1.0,0.5429798843765925,0.26757062381841257,0.2100332207777319,0.2644796721468058,0.23058342775068763,0.25888713401172503,0.2590640330350352,0.25310049571671533,0.27104307961325436,0.24356864758817087,0.2292657109053744,0.24287907593502867,0.26490874355088934,0.5182492794719912,0.31159384737053963,0.27614495793913385,0.49796203305963616,0.2639688885575502,0.0,0.2617436254875116,0.2662245309255856,0.4186655798244091,0.25405564551102866,0.26245070649503555,0.397691623539452,0.2644908861302845,0.5158898207291217,0.25983028227832317,0.26756870531098453,0.5123787869235412,0.5036194637345832,0.2990741960362888,0.26103113637202535,0.2620167298910884,0.45541708723837115,0.31685541698767505
0.2667134646682827,0.269262615255078,0.21111082227543176,0.5575548825958621,0.29295118155542055,0.2654540034344436,0.2496635398480247,0.48684420428603026,0.29804776957842916,0.5041528118795311,0.26602310702568344,0.5922981630801167,0.28819206015183096,0.5429798843765925,1.0,0.28174937406894884,0.22360031816643344,0.25781297000546255,0.220649252620702,0.2518446213064368,0.2526717407003325,0.2412845417730064,0.2631686126767866,0.26344910978326963,0.2452356758494867,0.25630930527516127,0.2583430076014085,0.48205342524923633,0.2963547081069067,0.27904253420400704,0.5029745647807602,0.28125628150315485,0.0,0.2547024780347903,0.2618978051255245,0.4046382773882954,0.2571936295890408,0.256736007010569,0.39229799792038245,0.25843569410242495,0.5221024953255209,0.2560472272370844,0.25937483903001024,0.4803478854407418,0.4732495999368772,0.2870971020984535,0.26121106849905273,0.26214916183373804,0.4343067410644025,0.31012223529748395
0.3028856262038555,0.34889620432204294,0.22454122594260617,0.28930187254120165,0.3541927347320841,0.3608882940224254,0.7474476384045425,0.28579975950663794,0.3171179773046282,0.28785306515624476,0.3614749576386641,0.265614692230967,0.3702146193551834,0.26757062381841257,0.28174937406894884,1.0,0.27597906229135094,0.365591839568875,0.3196667180587274,0.7585513076288656,0.36464442834619315,0.3495818537600388,0.3737674824244742,0.3419414068558716,0.314428833105719,0.3290554208473153,0.3472809716855424,0.2607218738665589,0.28272603448914047,0.3085670159541156,0.26589124839398137,0.3503873707372873,0.0,0.3529441491415115,0.3550154629805393,0.26880649641507903,0.752073430588674,0.33462124642168134,0.23865927968895218,0.3433291881872199,0.2771739720482871,0.34815122857517733,0.35366780370906914,0.26378304680750186,0.2651044694266913,0.27932010381358574,0.3438791891684174,0.34424936812504525,0.2595027016499851,0.2890952984759928
0.27338184757330286,0.3677150208529798,0.178963727539881,0.23717559319815984,0.35343675230917515,0.38435195337680084,0.26476275090852375,0.24876073744622473,0.24487779392350006,0.2229787893273686,0.31745561433204506,0.23675700232298702,0.31762081517394225,0.2100332207777319,0.22360031816643344,0.27597906229135094,1.0,0.31199946312837634,0.26721546145379727,0.2649121876119557,0.3050976770806936,0.2992648105369028,0.3180283681320847,0.5547626607843916,0.5575274204269961,0.5294790674059879,0.31093415541754343,0.21530315348162177,0.24021861880850925,0.24261020164336145,0.21155258866534243,0.4068817539325126,0.0,0.3376203679870545,0.38174869546731915,0.214167012371131,0.26239799638884154,0.31499505465777533,0.20852039490567942,0.33029709961053455,0.21701434733051883,0.3515730494797481,0.32012860821100453,0.24206185475503017,0.25566131138012327,0.2248930149869096,0.3786729726575446,0.3742780182091211,0.2059846192916065,0.24240536907716503
0.3073342900580862,0.41486029797632684,0.22642259845603274,0.2707978161833954,0.3871983100779046,0.4190342537898044,0.3796071703228385,0.2732342992520197,0.30303343188049636,0.2697552175588548,0.47817352746490205,0.2611228799296721,0.48275438936167914,0.2644796721468058,0.25781297000546255,0.365591839568875,0.31199946312837634,1.0,0.46102090949929964,0.3801261634339054,0.5151186916368795,0.4962000762107338,0.5243379506772732,0.3719628010298164,0.3346697385548367,0.36624025192437637,0.4912649218303611,0.26797222076770155,0.2946446120220775,0.3061985974198749,0.25217241668088386,0.4443002934098491,0.0,0.48154886875678204,0.4253710024754035,0.28139679877918844,0.36234465421289097,0.46180188752194495,0.25255598719212047,0.48436661185000596,0.25652156956758,0.425363811214476,0.4906819282319024,0.2691626482554247,0.2663087974391093,0.2785208318583784,0.4249742220661529,0.42595795808487014,0.2611179463704104,0.303203742213239
0.264896548650694,0.3479482960343121,0.19183062297565712,0.22944136286944739,0.34238497644088595,0.3578762195114279,0.325030634183994,0.2375979724065177,0.2500428809922234,0.2299576642902128,0.42418831971565263,0.23158615689342332,0.48604159261720714,0.23058342775068763,0.220649252620702,0.3196667180587274,0.26721546145379727,0.46102090949929964,1.0,0.322530294162477,0.44362938994860635,0.5052542775637783,0.4427283667561849,0.3173911071556883,0.2903029454449889,0.308161790717276,0.4271073978363733,0.23287121954213008,0.24680373725309157,0.25808145325852816,0.214451676511486,0.4375981216685556,0.0,0.41815051744883924,0.3632492433248077,0.2428288766389043,0.31944733741413567,0.4010729959764604,0.21283762748911894,0.4228579865272938,0.2194448143530151,0.3561706600001243,0.4217133784249232,0.2376880107321132,0.23657382588621823,0.2383079907050909,0.35556205427471665,0.35780101084374805,0.22303338133304262,0.2566272500164838
0.30116475361555983,0.34931327595947637,0.2240113530074146,0.26417223936398027,0.30490044319793896,0.3572563497274601,0.863308267359428,0.2661227905750756,0.29559527837027055,0.2631231770827326,0.3592142536902766,0.25710851151340963,0.3458003109739831,0.25888713401172503,0.2518446213064368,0.7585513076288656,0.2649121876119557,0.3801261634339054,0.322530294162477,1.0,0.3829047353919047,0.3555954824009354,0.38488242181317356,0.318879432245634,0.29161282243756526,0.3083561819598717,0.3544106130050436,0.261376805650141,0.2866369274691789,0.2919343212294512,0.2445611537747997,0.32813279414614227,0.0,0.35533111680068785,0.35942914370680523,0.27366854698399845,0.8111431452885293,0.3367152163950814,0.23928276006344007,0.34782426493258134,0.2506966111306175,0.34943903316547265,0.35678836341288844,0.2627659762672927,0.26069906317193514,0.28085790067582783,0.3462286960848945,0.34661909923685275,0.256245328748846,0.293959104428999
0.3004871989260529,0.40085518528033914,0.2254650496088939,0.2667666848194812,0.40184873445540936,0.3992944069701472,0.3808485732378979,0.26799146941714047,0.29392539558121367,0.26461283443871786,0.48677455782667767,0.26112478847999443,0.4981142787107612,0.2590640330350352,0.2526717407003325,0.36464442834619315,0.3050976770806936,0.5151186916368795,0.44362938994860635,0.3829047353919047,1.0,0.49894039547558244,0.536420730133242,0.3623155307596563,0.3266099381779861,0.36113892118120383,0.5111936976738307,0.2667734183531204,0.2841688304452391,0.2999146596518958,0.24860058787209383,0.4568842151707144,0.0,0.5020049718509803,0.41199123867288845,0.27518559135657183,0.3686321010759397,0.4805237201311472,0.24411131530416752,0.505498904792672,0.2568104752296776,0.40391479661274254,0.5041940120637167,0.2677886849080413,0.2664184834238288,0.27911958958051386,0.4172164194146648,0.41771671867560867,0.25775750564453626,0.29539027974702736
0.29618461280166664,0.38665314902939396,0.2172744648530346,0.2512342069887751,0.3719338937766692,0.38779723639139985,0.3556948518102028,0.25787857216801946,0.28182289461521837,0.2517911889632687,0.4784351251326543,0.2508509000259984,0.5440562403118254,0.25310049571671533,0.2412845417730064,0.3495818537600388,0.2992648105369028,0.4962000762107338,0.5052542775637783,0.3555954824009354,0.49894039547558244,1.0,0.6903060175962392,0.3438411589288297,0.3229899035015876,0.34463421027308494,0.494641271075728,0.2550230746803207,0.2771356235405724,0.2870422550176135,0.2343375095385405,0.4689972768681093,0.0,0.6041456643892524,0.3987104688324863,0.26071552667632203,0.3430466888928151,0.4705658385496774,0.23323876675561173,0.4957167908349327,0.23696552657985825,0.39323160810955526,0.49923043347231144,0.25693874872811095,0.25364982031487204,0.2692667037198653,0.3982425876518255,0.39953679387992624,0.24709498873628588,0.2896492456763099
0.3119112005512349,0.4117441157932147,0.2299542226584772,0.2790621073323284,0.39922107959835096,0.4141782929233232,0.3868865580430255,0.27752152428028587,0.3019611041208372,0.26664338871373117,0.4901979022528079,0.2659108867848091,0.5380074374056923,0.27104307961325436,0.2631686126767866,0.3737674824244742,0.3180283681320847,0.5243379506772732,0.4427283667561849,0.38488242181317356,0.536420730133242,0.6903060175962392,1.0,0.3689018737257944,0.34185742227426963,0.3642209922123655,0.5299618949096037,0.2744302091401546,0.2973411879876514,0.3031429741187117,0.25724763352983804,0.4822557547947093,0.0,0.6376098535755252,0.4202497989983671,0.27843774231847496,0.3690287491953276,0.49518958645417155,0.25706604817924505,0.5181965629548895,0.2610675351559375,0.41537168746293374,0.5190060799311467,0.2739804759098393,0.27157900097950405,0.2827247925441242,0.4184483749060728,0.41955488284668374,0.261757418268448,0.30393633190098723
0.30621500387285727,0.4917853335603528,0.2052188088277478,0.2785296472362341,0.40832908425253267,0.5046763130619388,0.3204281732006813,0.2908575734641815,0.2945906665889235,0.2664270292985176,0.38550435545033523,0.2733110415132093,0.39222805615874357,0.24356864758817087,0.26344910978326963,0.3419414068558716,0.5547626607843916,0.3719628010298164,0.3173911071556883,0.318879432245634,0.3623155307596563,0.3438411589288297,0.3689018737257944,1.0,0.599137421272604,0.538731476747478,0.37191169968204796,0.24371758452300818,0.2699843585038987,0.2965417857070134,0.2481599990250496,0.4248569408543559,0.0,0.38166177100142074,0.5172014524596824,0.24786742544565032,0.31832051074451184,0.36956962341743393,0.2361843195439094,0.3832531288394462,0.2580855644971457,0.42875723983427605,0.37402784770495434,0.2663533364709699,0.2761457714188741,0.25527983984071667,0.43484507594864275,0.42903507383600115,0.23956259770829258,0.27352597469666873
0.2897051257650134,0.4646187009457883,0.19377038106684008,0.26402215920141336,0.3842547513184903,0.47661727620741356,0.28866834267696284,0.2678853753801489,0.27528733350000534,0.2569376903632705,0.3434785449133799,0.2518544131047028,0.35800256376296147,0.2292657109053744,0.2452356758494867,0.314428833105719,0.5575274204269961,0.3346697385548367,0.2903029454449889,0.29161282243756526,0.3266099381779861,0.3229899035015876,0.34185742227426963,0.599137421272604,1.0,0.5321495379411771,0.3368108835304302,0.22983542203413787,0.24949566951557145,0.26902381406489884,0.23851682676910113,0.4246217983480307,0.0,0.3475046357291185,0.47528677929595164,0.22658575874639164,0.29274683888738595,0.3451356140256636,0.22122087390444256,0.3479680035235303,0.24435689269664818,0.3891483955848728,0.3462896490458476,0.2626214875704119,0.26497408192856764,0.24732119889330761,0.4046676635384462,0.4014795919200258,0.23405165077279322,0.25443139567444617
0.2887890476853652,0.44052487711883526,0.2051512266583878,0.27203468944930853,0.4269180815520254,0.4363158310419418,0.3074713813643102,0.2735595386686488,0.2926637966035648,0.2674228782277338,0.3763703206851252,0.25821619436207643,0.3854090259081847,0.24287907593502867,0.25630930527516127,0.3290554208473153,0.5294790674059879,0.36624025192437637,0.308161790717276,0.3083561819598717,0.36113892118120383,0.34463421027308494,0.3642209922123655,0.538731476747478,0.5321495379411771,1.0,0.36408150731581357,0.23983318950891563,0.274680995152185,0.28456877946826986,0.2515320256510558,0.41448360180173593,0.0,0.3653908929706381,0.4508760734425604,0.2411273705786936,0.30675500195422434,0.36511352418054754,0.2212735856092748,0.37582599210504275,0.2560427373635018,0.42222631550547196,0.36963985697105883,0.2654902979723275,0.26686644731659315,0.25232232960963197,0.433077003239858,0.4310379193910303,0.24561014415463311,0.2713419835089853
0.30524083481102104,0.41133603179187994,0.2273329926380916,0.268068738083037,0.4103523674886659,0.4045210960533523,0.3526931575543012,0.2697314959095307,0.3029772290390025,0.26723534198559495,0.508908184552991,0.2629719100101162,0.5171792896964162,0.26490874355088934,0.2583430076014085,0.3472809716855424,0.31093415541754343,0.4912649218303611,0.4271073978363733,0.3544106130050436,0.5111936976738307,0.494641271075728,0.5299618949096037,0.37191169968204796,0.3368108835304302,0.36408150731581357,1.0,0.2632264967104935,0.2915169986796903,0.3050448643597148,0.2509658118403406,0.47665049758803657,0.0,0.505374906935343,0.41566957287796935,0.2651366664253695,0.33948961253825993,0.58347023373496,0.23867906318238397,0.5351399357381477,0.2562932968554009,0.41744791917038515,0.6160857803532729,0.26812853770910416,0.2603973013792089,0.27938279594279036,0.4192273806343553,0.41974556789648654,0.26171116759347546,0.3005642616852454
0.2790873879487471,0.28562796203804575,0.22330201276714967,0.5219143603739003,0.24764095570431988,0.2734177070251316,0.2599990263627252,0.6924114086300484,0.2749464270042651,0.4999208563662325,0.2740305732346423,0.4871553362600898,0.2677625885725706,0.5182492794719912,0.48205342524923633,0.2607218738665589,0.21530315348162177,0.26797222076770155,0.23287121954213008,0.261376805650141,0.2667734183531204,0.2550230746803207,0.2744302091401546,0.24371758452300818,0.22983542203413787,0.23983318950891563,0.2632264967104935,1.0,0.31399222302969587,0.27626213334024086,0.47066790024531313,0.2638495501193915,0.0,0.26245954493000456,0.2676003570762697,0.42022823941222764,0.24995858168675655,0.27504680024026185,0.4075192874960286,0.2665179250021126,0.4926932567943444,0.26296885643408296,0.2670956200548781,0.8026755788193011,0.7517562005490435,0.29512922293464905,0.26762296162006227,0.26808830002911843,0.46245945792855714,0.3095188039704392
0.3391831454195049,0.30397540461440775,0.2544442116246468,0.30949186839383835,0.2740099817102787,0.31304014340980724,0.28400038614796586,0.31899567580850263,0.32944948680496633,0.30971048980247406,0.2973887121864198,0.3126075389167736,0.2909000216843446,0.31159384737053963,0.2963547081069067,0.28272603448914047,0.24021861880850925,0.2946446120220775,0.24680373725309157,0.2866369274691789,0.2841688304452391,0.2771356235405724,0.2973411879876514,0.2699843585038987,0.24949566951557145,0.274680995152185,0.2915169986796903,0.31399222302969587,1.0,0.3255435406217496,0.296322300691079,0.2815624174572279,0.0,0.2930306626031288,0.29589118590401986,0.3067565348470396,0.27419915351203594,0.2909629862444223,0.2762750821779524,0.29705451752095213,0.30112045306162305,0.2890204975671288,0.2913957912708738,0.3126661224481192,0.3133429999048196,0.4006901057089026,0.29299177623548545,0.2929000079161669,0.30408260463250614,0.6139636357205678
0.3824683099011972,0.3099271157898916,0.25600159487206975,0.2892890100095016,0.2985956522729164,0.3062815780167438,0.2902878148874334,0.29055637476350804,0.4176565944064071,0.2940318840456111,0.31837212139975957,0.2820164368051097,0.32157424170136406,0.27614495793913385,0.27904253420400704,0.3085670159541156,0.24261020164336145,0.3061985974198749,0.25808145325852816,0.2919343212294512,0.2999146596518958,0.2870422550176135,0.3031429741187117,0.2965417857070134,0.26902381406489884,0.28456877946826986,0.3050448643597148,0.27626213334024086,0.3255435406217496,1.0,0.27530318804428056,0.29474481366944694,0.0,0.29700439914762766,0.3055376793596546,0.2788311919847518,0.2865759629912622,0.30410692147812357,0.2427047600087735,0.3109955824793025,0.2850385821730753,0.30477288815329573,0.3137910772724498,0.27993160203053413,0.27484783817348446,0.32432058142054276,0.30798421786699004,0.3082898183954542,0.2722561493981208,0.3396929765123565
0.2643053793115402,0.2636684369786917,0.20753015001001252,0.5144926536986918,0.2743096618360611,0.26205669047559765,0.243624343925827,0.47668682358271586,0.2835336227820624,0.5201379545220179,0.26057327602786207,0.4469826560250849,0.27108722946822483,0.49796203305963616,0.5029745647807602,0.26589124839398137,0.21155258866534243,0.25217241668088386,0.214451676511486,0.2445611537747997,0.24860058787209383,0.2343375095385405,0.25724763352983804,0.2481599990250496,0.23851682676910113,0.2515320256510558,0.2509658118403406,0.47066790024531313,0.296322300691079,0.27530318804428056,1.0,0.2635449055575665,0.0,0.2487646935297212,0.2549115032595508,0.40469591071540045,0.24678703853475326,0.24919451464587117,0.37583954256998153,0.25314241026804163,0.6563560415348311,0.2509062265540647,0.25430516678357673,0.4739929232483846,0.46432327986404665,0.2837675517224091,0.25035775560911044,0.2507865818482844,0.4270529491174613,0.2959756321176389
0.3049936512565625,0.39086871757032104,0.2128316056369105,0.29465763673230694,0.4571084917175111,0.4023955546175829,0.32677343389592817,0.29025664445337873,0.3034711077088441,0.2794593552021517,0.4487317102594981,0.27151590020257266,0.5130435881248551,0.2639688885575502,0.28125628150315485,0.3503873707372873,0.4068817539325126,0.4443002934098491,0.4375981216685556,0.32813279414614227,0.4568842151707144,0.4689972768681093,0.4822557547947093,0.4248569408543559,0.4246217983480307,0.41448360180173593,0.47665049758803657,0.2638495501193915,0.2815624174572279,0.29474481366944694,0.2635449055575665,1.0,0.0,0.47132359477430374,0.39383069952920147,0.2523653161625652,0.33259676246291037,0.4722328253947288,0.23993791387596997,0.4792468195216538,0.2687446222515709,0.396221261804795,0.48765677724313994,0.2709665207641482,0.27855426145128226,0.26749866290395996,0.4094389975824254,0.41051306357387307,0.24632905226919488,0.27801489658989076
0.0,0.0,0.0,0.0,0.0,0.0,0.0,0.0,0.0,0.0,0.0,0.0,0.0,0.0,0.0,0.0,0.0,0.0,0.0,0.0,0.0,0.0,0.0,0.0,0.0,0.0,0.0,0.0,0.0,0.0,0.0,0.0,1.0,0.0,0.0,0.0,0.0,0.0,0.0,0.0,0.0,0.0,0.0,0.0,0.0,0.0,0.0,0.0,0.0,0.0
0.30927947263071,0.4012135390949313,0.22676840753943095,0.2662352486908699,0.4090958729005655,0.41838059206631284,0.3536292616641791,0.27269077690295085,0.2943116871959256,0.2634423732663491,0.4802887461566837,0.2667121115443928,0.5229514140860974,0.2617436254875116,0.2547024780347903,0.3529441491415115,0.3376203679870545,0.48154886875678204,0.41815051744883924,0.35533111680068785,0.5020049718509803,0.6041456643892524,0.6376098535755252,0.38166177100142074,0.3475046357291185,0.3653908929706381,0.505374906935343,0.26245954493000456,0.2930306626031288,0.29700439914762766,0.2487646935297212,0.47132359477430374,0.0,1.0,0.41498231572456923,0.2836469796347878,0.34279695333508386,0.4852989076588521,0.26663762305712857,0.506896756164479,0.2523177021408951,0.41056113873878897,0.5087009345781568,0.2656305464884997,0.26723811526131325,0.2774276509346566,0.41437258245774455,0.4158966884714568,0.25501876388008415,0.30505253538814636
0.31130546088409705,0.5619352228490452,0.22500644952437854,0.2717426276853516,0.3779043715179883,0.5558853226824672,0.3591824033823414,0.27482653202289564,0.301984682054357,0.2724822456067618,0.42559736332758846,0.26988470861456504,0.41427895656135905,0.2662245309255856,0.2618978051255245,0.3550154629805393,0.38174869546731915,0.4253710024754035,0.3632492433248077,0.35942914370680523,0.41199123867288845,0.3987104688324863,0.4202497989983671,0.5172014524596824,0.47528677929595164,0.4508760734425604,0.41566957287796935,0.2676003570762697,0.29589118590401986,0.3055376793596546,0.2549115032595508,0.39383069952920147,0.0,0.41498231572456923,1.0,0.27426115068288504,0.3423353764769075,0.4090117922295208,0.2537455459285486,0.42218537703920656,0.259688087984861,0.47479038706949817,0.4270450252209328,0.2694558551566837,0.27373258782784626,0.27918648816156233,0.4744441191269384,0.47361296853965296,0.2642451762412207,0.2991366535140837
0.27419070589671657,0.27463170811072146,0.22136261439098193,0.4192304075478195,0.240779943752072,0.27839958391331265,0.2732961295515949,0.41791718105279485,0.2799939225478082,0.4252050128128918,0.2809431765313667,0.4060728574874941,0.26163788529912446,0.4186655798244091,0.4046382773882954,0.26880649641507903,0.214167012371131,0.28139679877918844,0.2428288766389043,0.27366854698399845,0.27518559135657183,0.26071552667632203,0.27843774231847496,0.24786742544565032,0.22658575874639164,0.2411273705786936,0.2651366664253695,0.42022823941222764,0.3067565348470396,0.2788311919847518,0.40469591071540045,0.2523653161625652,0.0,0.2836469796347878,0.27426115068288504,1.0,0.26639879653315457,0.2582259022523522,0.4041922940658492,0.27475122051541645,0.4138134437961797,0.2689055437867961,0.26716695520531686,0.4211129182586135,0.41850754702198223,0.2909702808689214,0.2640155131808857,0.26462193029779413,0.41579114196222333,0.30954921142002867
0.29081501532482557,0.33377028768471995,0.2137312788801603,0.2675855686033477,0.3142303351545549,0.34234795943330565,0.7938599995656079,0.26456247065907035,0.29353673985706763,0.26348715409414003,0.34464927825627933,0.25177120620605753,0.3431394935741079,0.25405564551102866,0.2571936295890408,0.752073430588674,0.26239799638884154,0.36234465421289097,0.31944733741413567,0.8111431452885293,0.3686321010759397,0.3430466888928151,0.3690287491953276,0.31832051074451184,0.29274683888738595,0.30675500195422434,0.33948961253825993,0.24995858168675655,0.27419915351203594,0.2865759629912622,0.24678703853475326,0.33259676246291037,0.0,0.34279695333508386,0.3423353764769075,0.26639879653315457,1.0,0.3212969453347573,0.23192788393660724,0.3295777090081713,0.25215909688752813,0.3346495481900156,0.3418322086636907,0.2526807129779485,0.2507389749273804,0.26766182580495135,0.3305098894161521,0.3312522421605305,0.244233811538754,0.27997521308910756
0.31885566692877043,0.42301687881255035,0.2252169741825344,0.26379784254757965,0.42398236780251064,0.4205006647452846,0.3334363320187559,0.28508877064198324,0.29446978634027343,0.268192533182114,0.49024418142641324,0.26756075967307513,0.49458601895512744,0.26245070649503555,0.256736007010569,0.33462124642168134,0.31499505465777533,0.46180188752194495,0.4010729959764604,0.3367152163950814,0.4805237201311472,0.4705658385496774,0.49518958645417155,0.36956962341743393,0.3451356140256636,0.36511352418054754,0.58347023373496,0.27504680024026185,0.2909629862444223,0.30410692147812357,0.24919451464587117,0.4722328253947288,0.0,0.4852989076588521,0.4090117922295208,0.2582259022523522,0.3212969453347573,1.0,0.24253346142885135,0.523945008053039,0.25797545561874013,0.4173126935953899,0.6275519224390815,0.2788456294644347,0.2699712380458146,0.2799098646513605,0.4319885955283769,0.43140705448257133,0.26941302669329636,0.29742258842202784
0.2483904140839669,0.2496253590879799,0.1978186542187852,0.4030508676601189,0.229419781174397,0.2627521205193015,0.23927594390266638,0.4096767812954315,0.24335039110044732,0.4075364236309613,0.2525983147551071,0.396916634061244,0.23904975634735048,0.397691623539452,0.39229799792038245,0.23865927968895218,0.20852039490567942,0.25255598719212047,0.21283762748911894,0.23928276006344007,0.24411131530416752,0.23323876675561173,0.25706604817924505,0.2361843195439094,0.22122087390444256,0.2212735856092748,0.23867906318238397,0.4075192874960286,0.2762750821779524,0.2427047600087735,0.37583954256998153,0.23993791387596997,0.0,0.26663762305712857,0.2537455459285486,0.4041922940658492,0.23192788393660724,0.24253346142885135,1.0,0.25559465204556064,0.38290585185222525,0.24647976896829493,0.2418048224471352,0.4085831007746691,0.41551841656752986,0.2619628341471987,0.24778282344093527,0.24657266112484832,0.3882155894629482,0.2743105867744775
0.31252134284237143,0.41192790447666516,0.2323867837094422,0.26659649605867064,0.4121676631291076,0.41209786025699,0.34331395200359194,0.27654513548959725,0.3010905278646552,0.27298729504059416,0.5221768592816818,0.26865090889305354,0.521867512120556,0.2644908861302845,0.25843569410242495,0.3433291881872199,0.33029709961053455,0.48436661185000596,0.4228579865272938,0.34782426493258134,0.505498904792672,0.4957167908349327,0.5181965629548895,0.3832531288394462,0.3479680035235303,0.37582599210504275,0.5351399357381477,0.2665179250021126,0.29705451752095213,0.3109955824793025,0.25314241026804163,0.4792468195216538,0.0,0.506896756164479,0.42218537703920656,0.27475122051541645,0.3295777090081713,0.523945008053039,0.25559465204556064,1.0,0.25900763164312746,0.4211433065670165,0.5391078926695663,0.2695482770311778,0.27609870539301673,0.28907426162232985,0.443810989043648,0.4416283738638562,0.26466524968032357,0.31026054373598766
