../ecoli_genomes/GCF_000163235.1_ASM16323v1_genomic.fna.gz,../ecoli_genomes/GCF_000164555.1_ASM16455v1_genomic.fna.gz,../ecoli_genomes/GCF_000208545.1_ASM20854v2_genomic.fna.gz,../ecoli_genomes/GCF_000233875.1_ASM23387v1_genomic.fna.gz,../ecoli_genomes/GCF_000249735.1_ASM24973v2_genomic.fna.gz,../ecoli_genomes/GCF_000261145.1_Esch_coli_M919_V2_genomic.fna.gz,../ecoli_genomes/GCF_000267705.2_ASM26770v2_genomic.fna.gz,../ecoli_genomes/GCF_000350665.1_Esch_coli_KTE5_V1_genomic.fna.gz,../ecoli_genomes/GCF_000351625.1_Esch_coli_KTE66_V1_genomic.fna.gz,../ecoli_genomes/GCF_000352285.1_Esch_coli_KTE46_V1_genomic.fna.gz,../ecoli_genomes/GCF_000358895.1_ASM35889v1_genomic.fna.gz,../ecoli_genomes/GCF_000456385.1_Esch_coli_HVH_26_4-5703913_V1_genomic.fna.gz,../ecoli_genomes/GCF_000458195.1_Esch_coli_HVH_147_4-5893887_V1_genomic.fna.gz,../ecoli_genomes/GCF_000459755.1_Esch_coli_KOEGE_58_171a_V1_genomic.fna.gz,../ecoli_genomes/GCF_000460055.1_Esch_coli_UMEA_3053-1_V1_genomic.fna.gz,../ecoli_genomes/GCF_000462165.2_ASM46216v2_genomic.fna.gz,../ecoli_genomes/GCF_000601135.1_ASM60113v1_genomic.fna.gz,../ecoli_genomes/GCF_000614595.1_Ec2010EL1058_genomic.fna.gz,../ecoli_genomes/GCF_000617745.1_Ec2010C-4529_genomic.fna.gz,../ecoli_genomes/GCF_000618265.2_EcF6751_genomic.fna.gz,../ecoli_genomes/GCF_000619005.2_Ec2009C-4052_genomic.fna.gz,../ecoli_genomes/GCF_000619105.1_Ec2009C-4780_genomic.fna.gz,../ecoli_genomes/GCF_000619765.2_Ec2009C-3279_genomic.fna.gz,../ecoli_genomes/GCF_000687005.1_ASM68700v1_genomic.fna.gz,../ecoli_genomes/GCF_000687025.1_ASM68702v1_genomic.fna.gz,../ecoli_genomes/GCF_000700125.1_ASM70012v1_genomic.fna.gz,../ecoli_genomes/GCF_000753315.1_FHI35_genomic.fna.gz,../ecoli_genomes/GCF_000776375.1_ASM77637v1_genomic.fna.gz,../ecoli_genomes/GCF_000779395.1_ASM77939v1_genomic.fna.gz,../ecoli_genomes/GCF_000780315.1_ASM78031v1_genomic.fna.gz,../ecoli_genomes/GCF_000781995.1_ASM78199v1_genomic.fna.gz,../ecoli_genomes/GCF_000986765.1_ASM98676v1_genomic.fna.gz,../ecoli_genomes/GCF_001041375.1_ViralProj287958_genomic.fna.gz,../ecoli_genomes/GCF_001265335.1_302014_genomic.fna.gz,../ecoli_genomes/GCF_001265625.1_100854_genomic.fna.gz,../ecoli_genomes/GCF_001267345.1_303289_genomic.fna.gz,../ecoli_genomes/GCF_001309985.1_ASM130998v1_genomic.fna.gz,../ecoli_genomes/GCF_001521695.1_ASM152169v1_genomic.fna.gz,../ecoli_genomes/GCF_001592595.1_ASM159259v1_genomic.fna.gz,../ecoli_genomes/GCF_001614975.1_ASM161497v1_genomic.fna.gz,../ecoli_genomes/GCF_001692775.1_ASM169277v1_genomic.fna.gz,../ecoli_genomes/GCF_001748915.1_ASM174891v1_genomic.fna.gz,../ecoli_genomes/GCF_001749235.1_ASM174923v1_genomic.fna.gz,../ecoli_genomes/GCF_001881155.1_ASM188115v1_genomic.fna.gz,../ecoli_genomes/GCF_001881345.1_ASM188134v1_genomic.fna.gz,../ecoli_genomes/GCF_001892405.1_ASM189240v1_genomic.fna.gz,../ecoli_genomes/GCF_001892585.1_ASM189258v1_genomic.fna.gz,../ecoli_genomes/GCF_001893985.1_ASM189398v1_genomic.fna.gz,../ecoli_genomes/GCF_002001595.1_ASM200159v1_genomic.fna.gz,../ecoli_genomes/GCF_002002145.1_ASM200214v1_genomic.fna.gz
1.0,0.39008959570924917,0.31678110809935167,0.3527826729361184,0.3478563995666847,0.38861004579023695,0.36513362753375334,0.3662930127850448,0.4483913071279271,0.3602810992981885,0.39864693164325127,0.36872373712843676,0.39179540712171046,0.34456782348396553,0.33985057228937754,0.37067003875415805,0.3605137712523314,0.3815338213730095,0.36989977362813486,0.36525476324074246,0.3618066474157082,0.3748227791357348,0.38088243833626345,0.37374431730984226,0.3550209999344136,0.3663070441634966,0.37720685080356975,0.3466193570208741,0.3951165374813237,0.4496863760981282,0.3226006114193264,0.37376946832637936,0.0,0.3797877259223973,0.3842838806425002,0.3459541267378661,0.35120347959655207,0.3821060846850999,0.24566145098626313,0.38281962336571607,0.33746704083624635,0.3791199217628777,0.38179160581199856,0.36111475308851393,0.37235376207137594,0.37473505472790314,0.3814750354119444,0.3809054018699656,0.3418877842276624,0.41351411460368614
0.39008959570924917,1.0,0.3053015666855783,0.34623222268805187,0.42221732077494,0.5650922671195608,0.40787786559519934,0.35293791352570014,0.3652547363637372,0.3525034007774881,0.4836199060655292,0.3606517628865309,0.4833684540212849,0.33695957072435945,0.33200501848079433,0.4096718895265997,0.47012345734646543,0.4716855081816549,0.4527221420904852,0.41234385165359,0.4572572208763618,0.4569806635836168,0.4704087635061748,0.5247729547553976,0.5250857783109752,0.4991456439408172,0.4726784326501361,0.348335887966169,0.36768343091827327,0.37843837156430193,0.3207401332130174,0.45976910219078226,0.0,0.46455363824549045,0.573775626790802,0.3343474365913348,0.388519405804566,0.46838822478149533,0.22771145298514617,0.48425776337044657,0.32360739604865374,0.505574384231191,0.47316794532667095,0.3598889378527901,0.3600684218149246,0.34871228545871547,0.5208869259911086,0.5195770634356363,0.3554287872487797,0.37047622497301447
0.31678110809935167,0.3053015666855783,1.0,0.2653336167625162,0.2581374791192894,0.28224191849974933,0.2795876887131242,0.27613619179652105,0.3085370939272569,0.27091546765980357,0.2992978739146456,0.268857906887048,0.29818647486382166,0.2669876372688592,0.2626630349985397,0.2844908318418323,0.2608671721989465,0.29012535252562877,0.28093910520975707,0.2849992583008759,0.2869308727960649,0.28469418594393847,0.2922911035641439,0.26230015992456757,0.2669148330894021,0.2740904437997379,0.2935827461688765,0.2724121467710956,0.3046639059030093,0.3203864240372658,0.2502405296483564,0.2844892887135698,0.0,0.28876193978621967,0.2797889261768536,0.2733697045394222,0.26906572004037543,0.281670257084326,0.17748056088293174,0.3008820067016079,0.25946765983056996,0.2856315292540631,0.29851736052801103,0.27796162306880123,0.2707188890927983,0.2847325833595791,0.29887480497848673,0.29773067878844717,0.277619752669946,0.3126901387521276
0.3527826729361184,0.34623222268805187,0.2653336167625162,1.0,0.32962524449727204,0.3431291691045919,0.32286880999573897,0.5533451239723133,0.3488162106634244,0.5575780588722199,0.3431865191701148,0.5526106560787213,0.3516036010072211,0.5865816307155447,0.6006831533663074,0.33805781613288455,0.33079162400624373,0.3330690712205904,0.3250257207594175,0.32132606956807863,0.3198190408950392,0.32649083516691757,0.34071736766525007,0.3285347103924616,0.32731897886410777,0.33365301980540907,0.3296760634542195,0.5574361362651545,0.35640980164318303,0.3424352118797803,0.5375745491416408,0.34855856868479684,0.0,0.32754854735075756,0.33674376751360224,0.46511116959033816,0.3123841057897717,0.3248803621935151,0.3298904307082051,0.33030614054188434,0.5635222704057405,0.33749920055904625,0.3321898217892305,0.5728857364045934,0.5604431903692205,0.3513348125655045,0.340885001470847,0.33819659122526524,0.5068213857105923,0.37495929408640627
0.3478563995666847,0.42221732077494,0.2581374791192894,0.32962524449727204,1.0,0.4400939807420233,0.3597684039049398,0.32630034968870936,0.34636919404349975,0.33037875651361415,0.5188633757674181,0.3128567327109747,0.5117416208300714,0.3174881394822142,0.33034952871211043,0.3891906866689905,0.44389034625402746,0.4396671366215984,0.4272461233706204,0.3608894008164605,0.4435676043087343,0.43196142066970833,0.44759848063082674,0.44762848182084636,0.4338017880554269,0.4664179644727141,0.453933038516911,0.3008271764479963,0.33189414014554086,0.3396572651176363,0.3029862780026924,0.48616542331887347,0.0,0.45060771483598916,0.4282400373159351,0.30138075984355783,0.35969133777966644,0.4875434667999117,0.24196003920528408,0.4676573041766122,0.32355005370037815,0.42833041610668665,0.47339049820173806,0.3130342039307824,0.32215472914468146,0.31176396888474556,0.44568006794652426,0.44536038166915026,0.3064072971742683,0.3395611260820899
0.38861004579023695,0.5650922671195608,0.28224191849974933,0.3431291691045919,0.4400939807420233,1.0,0.4132290410282117,0.3572230619489867,0.3563855651367631,0.3383621217833386,0.49344153612303987,0.3418838021027386,0.4861468283263767,0.3407322726732396,0.33348698620731665,0.4159076972219562,0.5103501698133952,0.4753673849142259,0.4514068551899444,0.41414444131450745,0.4420789289523822,0.45992507651585557,0.47776319409814916,0.5637995895640661,0.5478360850626849,0.5134435045800663,0.45702101753177937,0.33017655005508073,0.355340700091875,0.3566310796958515,0.3198205170793713,0.4626317727546507,0.0,0.4805205687234395,0.6029105807035088,0.3357888307217607,0.3977694058305421,0.4693961089600207,0.2536886223042156,0.47755678897730414,0.33478733722330534,0.534907851877894,0.4684943061368543,0.3551346122324832,0.3592914318046335,0.33660233796238714,0.5273869053588273,0.5346932297670612,0.3365427990433044,0.3723912804162187
0.36513362753375334,0.40787786559519934,0.2795876887131242,0.32286880999573897,0.3597684039049398,0.4132290410282117,1.0,0.32639080624119243,0.3555831828629178,0.320240550484008,0.41694290404817025,0.3193481806545042,0.41953358656454076,0.31411142162758343,0.31009043279193627,0.771760751079037,0.37336311676788536,0.4454864679042383,0.4336154585579677,0.8639774260334039,0.43926900958606707,0.4312262255960766,0.4527634084496812,0.3856253368551268,0.3742796630469818,0.38762701071987304,0.4184360585012993,0.3154185683861489,0.3502312768761864,0.35694374149226427,0.29761782520253366,0.40373366226911833,0.0,0.4223459351904948,0.4155166469055781,0.3352354825181657,0.7925739231241016,0.3901248231913237,0.22005631985412977,0.41576920785768434,0.3014684932829206,0.4008546607118395,0.41504719805052437,0.3268895557860403,0.32508392349654847,0.32824323574238723,0.4050521159154069,0.4025986850141733,0.3169266303587728,0.3575058001815654
0.3662930127850448,0.35293791352570014,0.27613619179652105,0.5533451239723133,0.32630034968870936,0.3572230619489867,0.32639080624119243,1.0,0.34844507577224426,0.546550864776016,0.35569683983689315,0.5314020346323631,0.36341946593439023,0.537343057598621,0.5305438091782111,0.3401677483477178,0.3378855528575194,0.34464590854517907,0.3381486198152679,0.32841489730285967,0.3265494595381615,0.3368096834059786,0.3450389041548506,0.3493135002401444,0.32894646540185957,0.34180949950342376,0.3398510680341509,0.7050627247519996,0.37004805055482926,0.3502580590953548,0.5118611208204504,0.3465459869958557,0.0,0.34092671803740004,0.34692585013050636,0.4619939431018446,0.31405498154265143,0.3493934236972107,0.33761298593748923,0.34551120405190017,0.5233046338334741,0.35135847475619253,0.3441855649314861,0.7184211799474478,0.6926329183089932,0.3501167999790271,0.34609073044632277,0.34469789999303235,0.4988747852756783,0.379416311846106
0.4483913071279271,0.3652547363637372,0.3085370939272569,0.3488162106634244,0.34636919404349975,0.3563855651367631,0.3555831828629178,0.34844507577224426,1.0,0.353301622348399,0.3787527262524971,0.3306118921407777,0.39032490523359764,0.3393379519011974,0.3459967832729832,0.3703856382328946,0.33369135122275473,0.36771893251145527,0.3519604974634364,0.3589738896288476,0.35614148795849576,0.35755277155554765,0.3665698330364697,0.34113560040308166,0.3241658889651342,0.34607876406358673,0.3697309172902925,0.3319882702558079,0.3962495832893701,0.4789846404157594,0.32759844153447104,0.36480995313393316,0.0,0.36282514481004235,0.3526976194240504,0.340430427682496,0.34574556492623154,0.3507557928598747,0.22271133773427365,0.3761306205658568,0.3328052293641356,0.3535038500486012,0.375548362992449,0.33347869811704756,0.3289525213909369,0.3675801334031358,0.36473859269498177,0.36114238424588996,0.3337822689725476,0.40672181178626676
0.3602810992981885,0.3525034007774881,0.27091546765980357,0.5575780588722199,0.33037875651361415,0.3383621217833386,0.320240550484008,0.546550864776016,0.353301622348399,1.0,0.34955339969441857,0.5225778060592907,0.35945824071559684,0.5407544433773591,0.5369120839128948,0.33900691444226483,0.3204616732255645,0.33561239571709145,0.32346219365407014,0.321297222166506,0.3201349163666334,0.32542016998732937,0.33020226964055444,0.3272365542855098,0.31557446893357266,0.33206401144868136,0.33084059174806935,0.5404476895101568,0.363684507497126,0.3496855646100846,0.5604326482549442,0.33327354026705824,0.0,0.3279113176840617,0.33018273904722806,0.4671354164406032,0.3096905728944275,0.3284669213820587,0.3314243200305299,0.3385838696978174,0.5660221973610136,0.33476055076634414,0.33276426657915037,0.5456498448532805,0.5468958241127706,0.34705746300423657,0.3391895547990208,0.3374741786124491,0.509739995786292,0.3663484194536444
0.39864693164325127,0.4836199060655292,0.2992978739146456,0.3431865191701148,0.5188633757674181,0.49344153612303987,0.41694290404817025,0.35569683983689315,0.3787527262524971,0.34955339969441857,1.0,0.3542556455547945,0.5853418215335374,0.3440063769856764,0.3403497602349267,0.4226549012500769,0.45316695475163804,0.5384923580973534,0.521443639326566,0.4171355690362045,0.5235025660668419,0.5432376431310946,0.5377963025875927,0.4760857801587548,0.4416225781493577,0.4706237170931097,0.5498530305171059,0.3385330816424851,0.3647951457054095,0.3788960847211911,0.3249219991233835,0.5125901095663491,0.0,0.5354781697098787,0.49452639070511606,0.35081533056734526,0.3959562021899189,0.5304548390334187,0.2442468703553622,0.5785796641050094,0.33555013854309046,0.502738418684591,0.5581479637238912,0.3588366551418133,0.35651404260935293,0.3504022698070265,0.504110741538075,0.49897873271430526,0.3467382693473311,0.38579527673831715
0.36872373712843676,0.3606517628865309,0.268857906887048,0.5526106560787213,0.3128567327109747,0.3418838021027386,0.3193481806545042,0.5314020346323631,0.3306118921407777,0.5225778060592907,0.3542556455547945,1.0,0.3489999850741956,0.5381255679894874,0.6276298780630425,0.3254019294982792,0.32217294954247977,0.331825426793134,0.32844116066108453,0.31976250422129093,0.32513240127250753,0.33321176127302377,0.3376749952673723,0.33174058310768095,0.3170045444409215,0.32895016509980735,0.3311503588450663,0.5251211423481901,0.36267635797301323,0.34196342849923966,0.4824363874218558,0.33077214722041526,0.0,0.33537729911975434,0.3453601497344708,0.45327479849702557,0.30550105984146314,0.33413769825028894,0.33567571160169174,0.34012107266147307,0.5041113835057895,0.3410742540234247,0.33672882698051987,0.5451245372278575,0.5441402641603332,0.3541298845557799,0.34526375659304964,0.34428580450860746,0.4883854859475065,0.3749423635279395
0.39179540712171046,0.4833684540212849,0.29818647486382166,0.3516036010072211,0.5117416208300714,0.4861468283263767,0.41953358656454076,0.36341946593439023,0.39032490523359764,0.35945824071559684,0.5853418215335374,0.3489999850741956,1.0,0.34090700263302764,0.35032478220433716,0.44081767201616384,0.44858641702000623,0.5530926296918273,0.5398615978556192,0.4217659785260892,0.5582523143153405,0.5880347078834318,0.6012472679932084,0.46997107952924033,0.43938402803184873,0.47336524878940966,0.58399112375294,0.3409328476134593,0.36858653838183897,0.3918006306258618,0.32865894679611607,0.5576970413634275,0.0,0.586277151199103,0.4859656625447929,0.3435246631834329,0.41217114040908465,0.5446153960944786,0.2380406392701162,0.5963625389014184,0.34212545308431297,0.49118391399149,0.584029551445741,0.35207005102090216,0.34921047260256677,0.34508369643792114,0.4992890527258729,0.49474019418677906,0.3451617658278763,0.38250880852417346
0.34456782348396553,0.33695957072435945,0.2669876372688592,0.5865816307155447,0.3174881394822142,0.3407322726732396,0.31411142162758343,0.537343057598621,0.3393379519011974,0.5407544433773591,0.3440063769856764,0.5381255679894874,0.34090700263302764,1.0,0.5899859557467391,0.32202898906530886,0.3170053407530987,0.33278033647529404,0.3210077654861351,0.3168731990681365,0.31521155455466987,0.32328755014102806,0.33294273201701163,0.3123440424997883,0.3102904802542198,0.3235677875291063,0.3298989789144342,0.5585359484817091,0.3611524718387482,0.3364773011710056,0.5208771499782305,0.3336998861155147,0.0,0.32529384060753586,0.32949293804787416,0.46205975928370224,0.30219891786198483,0.3267170469394117,0.32321461225099024,0.33244033084060354,0.5389205763299321,0.3333189289206434,0.33080908767981276,0.562373380816348,0.5521897557404951,0.34713105250274545,0.33410538533053347,0.33457463953622624,0.503833901596898,0.3736425704511023
0.33985057228937754,0.33200501848079433,0.2626630349985397,0.6006831533663074,0.33034952871211043,0.33348698620731665,0.31009043279193627,0.5305438091782111,0.3459967832729832,0.5369120839128948,0.3403497602349267,0.6276298780630425,0.35032478220433716,0.5899859557467391,1.0,0.32965438402069636,0.323898706156607,0.32361016655094643,0.31648929018925587,0.312863178625824,0.31371712439264765,0.32042567423124035,0.33131336842988823,0.318254553603897,0.3123801184589442,0.3248375158380963,0.32557045639119886,0.5275668253746538,0.3534425117461646,0.3408845948662824,0.5270254174181852,0.3365035891180851,0.0,0.3239223114861466,0.32464935603964373,0.4488920963454155,0.3041247061657344,0.32452945171856484,0.32192297227973354,0.3274114060858747,0.5453818990190458,0.3266128241801819,0.3269546224769332,0.5361278686669195,0.5271231940049644,0.34705862490197104,0.3374106375668192,0.3358101781483678,0.48728590455654186,0.3750326270566259
0.37067003875415805,0.4096718895265997,0.2844908318418323,0.33805781613288455,0.3891906866689905,0.4159076972219562,0.771760751079037,0.3401677483477178,0.3703856382328946,0.33900691444226483,0.4226549012500769,0.3254019294982792,0.44081767201616384,0.32202898906530886,0.32965438402069636,1.0,0.38197025980933486,0.43183829765412785,0.42661438586013045,0.7776419195551659,0.42164550421428415,0.4305406979754477,0.4392772142614887,0.39224972023309956,0.38214378237356783,0.4022242911108336,0.4152383749766605,0.31998724555784586,0.35171728833157534,0.36815912031506737,0.3079319802988185,0.41170328634324715,0.0,0.41727270668695216,0.41410003432417,0.3389453930873678,0.7531864253864786,0.3964031663398073,0.2235509374679474,0.41702411778608506,0.3203988549700303,0.40163222871221127,0.4150078798349335,0.3309090565863364,0.3319609055940873,0.33062663243271273,0.41107561522298586,0.40744405858518407,0.3266922359777493,0.3615453961805981
0.3605137712523314,0.47012345734646543,0.2608671721989465,0.33079162400624373,0.44389034625402746,0.5103501698133952,0.37336311676788536,0.3378855528575194,0.33369135122275473,0.3204616732255645,0.45316695475163804,0.32217294954247977,0.44858641702000623,0.3170053407530987,0.323898706156607,0.38197025980933486,1.0,0.42072824245711726,0.40617911210781776,0.36872644699277,0.407230979821937,0.4312470625479784,0.4352784204083573,0.5718833399524883,0.5304336115928384,0.5689504553458906,0.41830411929464506,0.29901328925709625,0.3236361608887962,0.3293890685127371,0.3118641819854767,0.4738597704563371,0.0,0.4402698362486622,0.5112114684839675,0.31687045855631546,0.3676657556830081,0.42616563911842087,0.23919027851944008,0.4364141250756307,0.32751946740164284,0.4919520585887708,0.43203503768413554,0.3387700360604541,0.345419565138707,0.30493588343559397,0.48072160384730667,0.48308363451364744,0.3068672410300798,0.34218177507872116
0.3815338213730095,0.4716855081816549,0.29012535252562877,0.3330690712205904,0.4396671366215984,0.4753673849142259,0.4454864679042383,0.34464590854517907,0.36771893251145527,0.33561239571709145,0.5384923580973534,0.331825426793134,0.5530926296918273,0.33278033647529404,0.32361016655094643,0.43183829765412785,0.42072824245711726,1.0,0.5632407056127084,0.44666294195746337,0.5591503663924491,0.5614027317796344,0.5761169746765773,0.43769368477181436,0.4162547279958648,0.4429642236086506,0.5450511864673271,0.3334255539783487,0.35978764536301266,0.37409435936700275,0.31342665386087754,0.5109403480412202,0.0,0.5393265981777325,0.4753540354347783,0.35003761400901023,0.42355528597097536,0.4990330881830587,0.22981747469653502,0.5488703731754185,0.3169130410910982,0.4806308851105425,0.5380060676904026,0.3431809929790419,0.34102997159692117,0.3365428777596745,0.4821290678934679,0.48002022929264965,0.32942694804397266,0.37012311997872227
0.36989977362813486,0.4527221420904852,0.28093910520975707,0.3250257207594175,0.4272461233706204,0.4514068551899444,0.4336154585579677,0.3381486198152679,0.3519604974634364,0.32346219365407014,0.521443639326566,0.32844116066108453,0.5398615978556192,0.3210077654861351,0.31648929018925587,0.42661438586013045,0.40617911210781776,0.5632407056127084,1.0,0.4277064693244139,0.5384899849486964,0.5464835088327786,0.5504336711836146,0.42142367640599365,0.40698013586281045,0.42008748835394094,0.5287459574322577,0.3216317378630903,0.3463993773451043,0.360436719199566,0.29872377476591494,0.5003100276538646,0.0,0.5143430757366899,0.4587839420017644,0.33802325934938304,0.41662312033461546,0.48698575103296393,0.22685354540236669,0.5276616448922739,0.3062771391040714,0.45256295819522085,0.5191345497680375,0.33288238297918193,0.3324181226771874,0.32816890445945324,0.45849453680565366,0.45565980537360007,0.32394692793437674,0.36248251334626136
0.36525476324074246,0.41234385165359,0.2849992583008759,0.32132606956807863,0.3608894008164605,0.41414444131450745,0.8639774260334039,0.32841489730285967,0.3589738896288476,0.321297222166506,0.4171355690362045,0.31976250422129093,0.4217659785260892,0.3168731990681365,0.312863178625824,0.7776419195551659,0.36872644699277,0.44666294195746337,0.4277064693244139,1.0,0.4405187256585591,0.4311827925324182,0.4499557610987128,0.37733477684759476,0.37242361014953784,0.3870235507202263,0.42138048787853344,0.32085618173795494,0.35375689092698737,0.36102789088374543,0.2985031287150788,0.4029659263153367,0.0,0.42237293060176917,0.4138758153308698,0.33423874413262344,0.7991725180755543,0.3936107171937542,0.216473433385849,0.42111738994326464,0.30169854041277755,0.4023525730636949,0.41678094288349443,0.3255865986747295,0.3245624675250136,0.33019974285993314,0.4075959408868195,0.40755167277588855,0.3186935239733365,0.36056634044695635
0.3618066474157082,0.4572572208763618,0.2869308727960649,0.3198190408950392,0.4435676043087343,0.4420789289523822,0.43926900958606707,0.3265494595381615,0.35614148795849576,0.3201349163666334,0.5235025660668419,0.32513240127250753,0.5582523143153405,0.31521155455466987,0.31371712439264765,0.42164550421428415,0.407230979821937,0.5591503663924491,0.5384899849486964,0.4405187256585591,1.0,0.5508867103054091,0.5806701468747935,0.41508105355316427,0.402685759613975,0.4286443767696366,0.5548514724468161,0.3203842566774394,0.34596009815409523,0.3661066124423986,0.29708137046461813,0.5203120787233444,0.0,0.5480111329009489,0.4525492789257052,0.33286467979870193,0.4161586889801492,0.5071045509855947,0.21825440563527088,0.5535428162528488,0.3053703302565922,0.4452847184640346,0.5425378560263261,0.3258213468876482,0.32520003382566387,0.3356162183116853,0.47230594425966,0.4701245441633656,0.31778214419592177,0.35749817216206414
0.3748227791357348,0.4569806635836168,0.28469418594393847,0.32649083516691757,0.43196142066970833,0.45992507651585557,0.4312262255960766,0.3368096834059786,0.35755277155554765,0.32542016998732937,0.5432376431310946,0.33321176127302377,0.5880347078834318,0.32328755014102806,0.32042567423124035,0.4305406979754477,0.4312470625479784,0.5614027317796344,0.5464835088327786,0.4311827925324182,0.5508867103054091,1.0,0.7293526756438187,0.4428434638286334,0.42404023904043076,0.4339539978501197,0.5506035177992974,0.3244806101521527,0.3505800161485584,0.3617730810706766,0.3045760670568678,0.5235297665653027,0.0,0.6568467678909813,0.46872388355897665,0.3384083506692306,0.41656289946275527,0.5201768814036408,0.22943583334598305,0.5570599985539322,0.31174006776206764,0.46657154276799684,0.5582536628694412,0.33946759597397436,0.33438697081005897,0.33169231402061883,0.47022923466956557,0.4654789525825065,0.32819931089207754,0.36520518939771573
0.38088243833626345,0.4704087635061748,0.2922911035641439,0.34071736766525007,0.44759848063082674,0.47776319409814916,0.4527634084496812,0.3450389041548506,0.3665698330364697,0.33020226964055444,0.5377963025875927,0.3376749952673723,0.6012472679932084,0.33294273201701163,0.33131336842988823,0.4392772142614887,0.4352784204083573,0.5761169746765773,0.5504336711836146,0.4499557610987128,0.5806701468747935,0.7293526756438187,1.0,0.4408839614330132,0.42814104464290614,0.4415714460606508,0.5749719777708913,0.33375825181429397,0.36275093644427314,0.36758098766931113,0.31369647567668424,0.5446517820465644,0.0,0.6719294030197858,0.47730961733234656,0.3430873895640434,0.43011414359185496,0.5260746168020106,0.23135722358459665,0.5676401650865506,0.31964444836888717,0.4734989237495705,0.5646771308366432,0.3442819493746042,0.3410008150616102,0.3364947620089649,0.4755249393833836,0.4745503413980191,0.33054562885181527,0.3690602622429331
0.37374431730984226,0.5247729547553976,0.26230015992456757,0.3285347103924616,0.44762848182084636,0.5637995895640661,0.3856253368551268,0.3493135002401444,0.34113560040308166,0.3272365542855098,0.4760857801587548,0.33174058310768095,0.46997107952924033,0.3123440424997883,0.318254553603897,0.39224972023309956,0.5718833399524883,0.43769368477181436,0.42142367640599365,0.37733477684759476,0.41508105355316427,0.4428434638286334,0.4408839614330132,1.0,0.5786385617807137,0.5603957719125782,0.4333773112386974,0.30101944954603255,0.3304537590097836,0.3366127809079349,0.3086810774483053,0.4577180517847329,0.0,0.44536639140748324,0.5807548028573943,0.31893110287991977,0.3727736901352684,0.43558659789357623,0.24067149537668153,0.44777596787146934,0.3242255417260045,0.5125362244022431,0.43420357698256373,0.34193409257233254,0.3479976776381529,0.3121664102868493,0.4868325989930832,0.48577876120594154,0.3110195201708851,0.3420142675375668
0.3550209999344136,0.5250857783109752,0.2669148330894021,0.32731897886410777,0.4338017880554269,0.5478360850626849,0.3742796630469818,0.32894646540185957,0.3241658889651342,0.31557446893357266,0.4416225781493577,0.3170045444409215,0.43938402803184873,0.3102904802542198,0.3123801184589442,0.38214378237356783,0.5304336115928384,0.4162547279958648,0.40698013586281045,0.37242361014953784,0.402685759613975,0.42404023904043076,0.42814104464290614,0.5786385617807137,1.0,0.5581439418923031,0.41088552285532487,0.29348256672486783,0.3136586890082512,0.3212435700704388,0.2953384812594142,0.45809397231271043,0.0,0.4158287086672713,0.5554629049171442,0.3109336697212355,0.37682808169821125,0.4317502732788182,0.22159830861608787,0.42346775225511657,0.3125035179530985,0.4759850941843722,0.4254133740237239,0.3326108468212765,0.33724257640960864,0.3061172604777518,0.46891984599465175,0.47206618266193656,0.31235543886935035,0.32886172870839214
0.3663070441634966,0.4991456439408172,0.2740904437997379,0.33365301980540907,0.4664179644727141,0.5134435045800663,0.38762701071987304,0.34180949950342376,0.34607876406358673,0.33206401144868136,0.4706237170931097,0.32895016509980735,0.47336524878940966,0.3235677875291063,0.3248375158380963,0.4022242911108336,0.5689504553458906,0.4429642236086506,0.42008748835394094,0.3870235507202263,0.4286443767696366,0.4339539978501197,0.4415714460606508,0.5603957719125782,0.5581439418923031,1.0,0.43881595614654567,0.310631352859159,0.33764398495570525,0.34377718499052845,0.3110942743052474,0.46591176354562125,0.0,0.4331894932072775,0.5255021213803264,0.32338942569664964,0.38582021262271093,0.4456383397022954,0.22695471304496584,0.45543712544673975,0.3241017636015865,0.5039828410080627,0.4426352973211075,0.3470307146646967,0.34716423948568753,0.3173968693062349,0.5026547483326735,0.5022109601557028,0.32681849875780133,0.34836092751204817
0.37720685080356975,0.4726784326501361,0.2935827461688765,0.3296760634542195,0.453933038516911,0.45702101753177937,0.4184360585012993,0.3398510680341509,0.3697309172902925,0.33084059174806935,0.5498530305171059,0.3311503588450663,0.58399112375294,0.3298989789144342,0.32557045639119886,0.4152383749766605,0.41830411929464506,0.5450511864673271,0.5287459574322577,0.42138048787853344,0.5548514724468161,0.5506035177992974,0.5749719777708913,0.4333773112386974,0.41088552285532487,0.43881595614654567,1.0,0.33035401922556895,0.3641311049816973,0.3727290680335569,0.31062586395498815,0.5371547668223406,0.0,0.552278720289279,0.4634440804457899,0.3371178720755734,0.40075761863754167,0.5878490050444064,0.21859151292721057,0.5914296335511001,0.3165406437716738,0.4703754659484687,0.6387732669284295,0.339566710118803,0.3335565856302405,0.3442253630362352,0.4747236560100033,0.4717496630978212,0.33100985218737233,0.3720160883234386
0.3466193570208741,0.348335887966169,0.2724121467710956,0.5574361362651545,0.3008271764479963,0.33017655005508073,0.3154185683861489,0.7050627247519996,0.3319882702558079,0.5404476895101568,0.3385330816424851,0.5251211423481901,0.3409328476134593,0.5585359484817091,0.5275668253746538,0.31998724555784586,0.29901328925709625,0.3334255539783487,0.3216317378630903,0.32085618173795494,0.3203842566774394,0.3244806101521527,0.33375825181429397,0.30101944954603255,0.29348256672486783,0.310631352859159,0.33035401922556895,1.0,0.3688312650955561,0.3396323656753013,0.5035817987215325,0.32810751164840635,0.0,0.3252511914069569,0.3216378427602482,0.45371566645237027,0.30125238071166616,0.33382281781449996,0.3085158857126603,0.33359103848597393,0.5201965608053655,0.3284979780569851,0.33087979044400884,0.785943030917053,0.7468884132493624,0.3498179589961231,0.33669225204641606,0.3370407919490591,0.5103211013885072,0.3679550126789216
0.3951165374813237,0.36768343091827327,0.3046639059030093,0.35640980164318303,0.33189414014554086,0.355340700091875,0.3502312768761864,0.37004805055482926,0.3962495832893701,0.363684507497126,0.3647951457054095,0.36267635797301323,0.36858653838183897,0.3611524718387482,0.3534425117461646,0.35171728833157534,0.3236361608887962,0.35978764536301266,0.3463993773451043,0.35375689092698737,0.34596009815409523,0.3505800161485584,0.36275093644427314,0.3304537590097836,0.3136586890082512,0.33764398495570525,0.3641311049816973,0.3688312650955561,1.0,0.3955530436861906,0.3342696058961505,0.35408381937033206,0.0,0.35810689895356074,0.34488069147980804,0.35949814819824877,0.33379440702177365,0.35096775415840253,0.23995300287311894,0.36305789760057383,0.33588035910532255,0.34369150786771385,0.3626749649097134,0.3621803700054912,0.3621351699838198,0.43400904533494533,0.35737466717569377,0.3566052181416115,0.35989228759185743,0.6329341728785729
0.4496863760981282,0.37843837156430193,0.3203864240372658,0.3424352118797803,0.3396572651176363,0.3566310796958515,0.35694374149226427,0.3502580590953548,0.4789846404157594,0.3496855646100846,0.3788960847211911,0.34196342849923966,0.3918006306258618,0.3364773011710056,0.3408845948662824,0.36815912031506737,0.3293890685127371,0.37409435936700275,0.360436719199566,0.36102789088374543,0.3661066124423986,0.3617730810706766,0.36758098766931113,0.3366127809079349,0.3212435700704388,0.34377718499052845,0.3727290680335569,0.3396323656753013,0.3955530436861906,1.0,0.32602375193351174,0.36062682532596724,0.0,0.36272615206814396,0.35920471210368676,0.33866947241114287,0.3458193489710081,0.35422160742010655,0.22164038037613987,0.3899547388269132,0.33062381753189574,0.35887034155928366,0.3798940376808668,0.34145142075998636,0.3360794339248041,0.38592075880111076,0.37617144061671637,0.3741408845053389,0.336122627656382,0.40792168896056413
0.3226006114193264,0.3207401332130174,0.2502405296483564,0.5375745491416408,0.3029862780026924,0.3198205170793713,0.29761782520253366,0.5118611208204504,0.32759844153447104,0.5604326482549442,0.3249219991233835,0.4824363874218558,0.32865894679611607,0.5208771499782305,0.5270254174181852,0.3079319802988185,0.3118641819854767,0.31342665386087754,0.29872377476591494,0.2985031287150788,0.29708137046461813,0.3045760670568678,0.31369647567668424,0.3086810774483053,0.2953384812594142,0.3110942743052474,0.31062586395498815,0.5035817987215325,0.3342696058961505,0.32602375193351174,1.0,0.3117526861092901,0.0,0.30829884056491763,0.3133136294448249,0.4370142525311409,0.28754310034834096,0.3046740545727826,0.3063818557759249,0.31708606215012525,0.6618679795355629,0.32454687835944895,0.31033627593527835,0.5140572807243764,0.5041113227052607,0.3289371033859242,0.3190801719515566,0.31785059211790945,0.47278612796992237,0.34311709903212717
0.37376946832637936,0.45976910219078226,0.2844892887135698,0.34855856868479684,0.48616542331887347,0.4626317727546507,0.40373366226911833,0.3465459869958557,0.36480995313393316,0.33327354026705824,0.5125901095663491,0.33077214722041526,0.5576970413634275,0.3336998861155147,0.3365035891180851,0.41170328634324715,0.4738597704563371,0.5109403480412202,0.5003100276538646,0.4029659263153367,0.5203120787233444,0.5235297665653027,0.5446517820465644,0.4577180517847329,0.45809397231271043,0.46591176354562125,0.5371547668223406,0.32810751164840635,0.35408381937033206,0.36062682532596724,0.3117526861092901,1.0,0.0,0.5319395071463446,0.45621676439660075,0.331950633134937,0.3979844316462666,0.5224795758869283,0.24333675282791334,0.5428321966903591,0.3231976861242666,0.45903006404945557,0.5493316892304128,0.33765978076786474,0.34151473677938793,0.32790256850305355,0.47425093902725923,0.47314806538516896,0.3213648081211542,0.35869200645195753
0.0,0.0,0.0,0.0,0.0,0.0,0.0,0.0,0.0,0.0,0.0,0.0,0.0,0.0,0.0,0.0,0.0,0.0,0.0,0.0,0.0,0.0,0.0,0.0,0.0,0.0,0.0,0.0,0.0,0.0,0.0,0.0,1.0,0.0,0.0,0.0,0.0,0.0,0.0,0.0,0.0,0.0,0.0,0.0,0.0,0.0,0.0,0.0,0.0,0.0
0.3797877259223973,0.46455363824549045,0.28876193978621967,0.32754854735075756,0.45060771483598916,0.4805205687234395,0.4223459351904948,0.34092671803740004,0.36282514481004235,0.3279113176840617,0.5354781697098787,0.33537729911975434,0.586277151199103,0.32529384060753586,0.3239223114861466,0.41727270668695216,0.4402698362486622,0.5393265981777325,0.5143430757366899,0.42237293060176917,0.5480111329009489,0.6568467678909813,0.6719294030197858,0.44536639140748324,0.4158287086672713,0.4331894932072775,0.552278720289279,0.3252511914069569,0.35810689895356074,0.36272615206814396,0.30829884056491763,0.5319395071463446,0.0,1.0,0.4743472631670793,0.34937827535670607,0.4025528455298185,0.5156369091801434,0.25103768958598893,0.5542772501812254,0.31403892560986824,0.4702228019510841,0.561433924568461,0.334630354185673,0.3386300583757168,0.3318748327815414,0.4726574704571884,0.470909977399506,0.3258161399576365,0.3681243876191278
0.3842838806425002,0.573775626790802,0.2797889261768536,0.33674376751360224,0.4282400373159351,0.6029105807035088,0.4155166469055781,0.34692585013050636,0.3526976194240504,0.33018273904722806,0.49452639070511606,0.3453601497344708,0.4859656625447929,0.32949293804787416,0.32464935603964373,0.41410003432417,0.5112114684839675,0.4753540354347783,0.4587839420017644,0.4138758153308698,0.4525492789257052,0.46872388355897665,0.47730961733234656,0.5807548028573943,0.5554629049171442,0.5255021213803264,0.4634440804457899,0.3216378427602482,0.34488069147980804,0.35920471210368676,0.3133136294448249,0.45621676439660075,0.0,0.4743472631670793,1.0,0.3308128305653838,0.39334627670399624,0.452607711919947,0.23889273311317372,0.48331065245390126,0.32400944157491984,0.5313600626891162,0.4738783518323829,0.34914413986568493,0.35339239204462825,0.3287775291357168,0.5167755815207289,0.5188747515927757,0.3274328202328419,0.36138124454805975
0.3459541267378661,0.3343474365913348,0.2733697045394222,0.46511116959033816,0.30138075984355783,0.3357888307217607,0.3352354825181657,0.4619939431018446,0.340430427682496,0.4671354164406032,0.35081533056734526,0.45327479849702557,0.3435246631834329,0.46205975928370224,0.4488920963454155,0.3389453930873678,0.31687045855631546,0.35003761400901023,0.33802325934938304,0.33423874413262344,0.33286467979870193,0.3384083506692306,0.3430873895640434,0.31893110287991977,0.3109336697212355,0.32338942569664964,0.3371178720755734,0.45371566645237027,0.35949814819824877,0.33866947241114287,0.4370142525311409,0.331950633134937,0.0,0.34937827535670607,0.3308128305653838,1.0,0.32197535373431074,0.32545583908232734,0.3412744346010389,0.341261656955374,0.44882552229825967,0.3319179336138889,0.3343202049470253,0.4652445670073896,0.4661439487920447,0.34202774853817164,0.3329990141117759,0.32983864425580156,0.46209863976169985,0.36979055486669854
0.35120347959655207,0.388519405804566,0.26906572004037543,0.3123841057897717,0.35969133777966644,0.3977694058305421,0.7925739231241016,0.31405498154265143,0.34574556492623154,0.3096905728944275,0.3959562021899189,0.30550105984146314,0.41217114040908465,0.30219891786198483,0.3041247061657344,0.7531864253864786,0.3676657556830081,0.42355528597097536,0.41662312033461546,0.7991725180755543,0.4161586889801492,0.41656289946275527,0.43011414359185496,0.3727736901352684,0.37682808169821125,0.38582021262271093,0.40075761863754167,0.30125238071166616,0.33379440702177365,0.3458193489710081,0.28754310034834096,0.3979844316462666,0.0,0.4025528455298185,0.39334627670399624,0.32197535373431074,1.0,0.378898015620597,0.2084852089592345,0.39603205853761225,0.2932274881744572,0.38469207831808605,0.40049929730371425,0.3095452856300217,0.30904676543253595,0.31152344347939875,0.39086690686318637,0.3892991397411196,0.30082242746709764,0.3413247894392345
0.3821060846850999,0.46838822478149533,0.281670257084326,0.3248803621935151,0.4875434667999117,0.4693961089600207,0.3901248231913237,0.3493934236972107,0.3507557928598747,0.3284669213820587,0.5304548390334187,0.33413769825028894,0.5446153960944786,0.3267170469394117,0.32452945171856484,0.3964031663398073,0.42616563911842087,0.4990330881830587,0.48698575103296393,0.3936107171937542,0.5071045509855947,0.5201768814036408,0.5260746168020106,0.43558659789357623,0.4317502732788182,0.4456383397022954,0.5878490050444064,0.33382281781449996,0.35096775415840253,0.35422160742010655,0.3046740545727826,0.5224795758869283,0.0,0.5156369091801434,0.452607711919947,0.32545583908232734,0.378898015620597,1.0,0.23932562909016275,0.5527029944300597,0.3187560364363199,0.46495974665193873,0.6246585030389398,0.34711618594122495,0.34594462783259117,0.33033506009621916,0.48235068628141653,0.48089596513102006,0.32943812873869394,0.3621602612663579
0.24566145098626313,0.22771145298514617,0.17748056088293174,0.3298904307082051,0.24196003920528408,0.2536886223042156,0.22005631985412977,0.33761298593748923,0.22271133773427365,0.3314243200305299,0.2442468703553622,0.33567571160169174,0.2380406392701162,0.32321461225099024,0.32192297227973354,0.2235509374679474,0.23919027851944008,0.22981747469653502,0.22685354540236669,0.216473433385849,0.21825440563527088,0.22943583334598305,0.23135722358459665,0.24067149537668153,0.22159830861608787,0.22695471304496584,0.21859151292721057,0.3085158857126603,0.23995300287311894,0.22164038037613987,0.3063818557759249,0.24333675282791334,0.0,0.25103768958598893,0.23889273311317372,0.3412744346010389,0.2084852089592345,0.23932562909016275,1.0,0.23502479594832082,0.3171046087870728,0.2322600931159512,0.22521071540471116,0.33027776022940925,0.3443335550809802,0.2331399612426791,0.23790727260880973,0.23541003161627683,0.32287629401283857,0.2519976887184252
0.38281962336571607,0.48425776337044657,0.3008820067016079,0.33030614054188434,0.4676573041766122,0.47755678897730414,0.41576920785768434,0.34551120405190017,0.3761306205658568,0.3385838696978174,0.5785796641050094,0.34012107266147307,0.5963625389014184,0.33244033084060354,0.3274114060858747,0.41702411778608506,0.4364141250756307,0.5488703731754185,0.5276616448922739,0.42111738994326464,0.5535428162528488,0.5570599985539322,0.5676401650865506,0.44777596787146934,0.42346775225511657,0.45543712544673975,0.5914296335511001,0.33359103848597393,0.36305789760057383,0.3899547388269132,0.31708606215012525,0.5428321966903591,0.0,0.5542772501812254,0.48331065245390126,0.341261656955374,0.39603205853761225,0.5527029944300597,0.23502479594832082,1.0,0.32153195334497686,0.486853609805192,0.5946276816600067,0.3416653429579136,0.34123848690693714,0.3497269585515752,0.5065367303329964,0.5063822194038926,0.3345415615518743,0.3798434162172567
