../ecoli_genomes/GCF_000163235.1_ASM16323v1_genomic.fna.gz,../ecoli_genomes/GCF_000164555.1_ASM16455v1_genomic.fna.gz,../ecoli_genomes/GCF_000208545.1_ASM20854v2_genomic.fna.gz,../ecoli_genomes/GCF_000233875.1_ASM23387v1_genomic.fna.gz,../ecoli_genomes/GCF_000249735.1_ASM24973v2_genomic.fna.gz,../ecoli_genomes/GCF_000261145.1_Esch_coli_M919_V2_genomic.fna.gz,../ecoli_genomes/GCF_000267705.2_ASM26770v2_genomic.fna.gz,../ecoli_genomes/GCF_000350665.1_Esch_coli_KTE5_V1_genomic.fna.gz,../ecoli_genomes/GCF_000351625.1_Esch_coli_KTE66_V1_genomic.fna.gz,../ecoli_genomes/GCF_000352285.1_Esch_coli_KTE46_V1_genomic.fna.gz,../ecoli_genomes/GCF_000358895.1_ASM35889v1_genomic.fna.gz,../ecoli_genomes/GCF_000456385.1_Esch_coli_HVH_26_4-5703913_V1_genomic.fna.gz,../ecoli_genomes/GCF_000458195.1_Esch_coli_HVH_147_4-5893887_V1_genomic.fna.gz,../ecoli_genomes/GCF_000459755.1_Esch_coli_KOEGE_58_171a_V1_genomic.fna.gz,../ecoli_genomes/GCF_000460055.1_Esch_coli_UMEA_3053-1_V1_genomic.fna.gz,../ecoli_genomes/GCF_000462165.2_ASM46216v2_genomic.fna.gz,../ecoli_genomes/GCF_000601135.1_ASM60113v1_genomic.fna.gz,../ecoli_genomes/GCF_000614595.1_Ec2010EL1058_genomic.fna.gz,../ecoli_genomes/GCF_000617745.1_Ec2010C-4529_genomic.fna.gz,../ecoli_genomes/GCF_000618265.2_EcF6751_genomic.fna.gz,../ecoli_genomes/GCF_000619005.2_Ec2009C-4052_genomic.fna.gz,../ecoli_genomes/GCF_000619105.1_Ec2009C-4780_genomic.fna.gz,../ecoli_genomes/GCF_000619765.2_Ec2009C-3279_genomic.fna.gz,../ecoli_genomes/GCF_000687005.1_ASM68700v1_genomic.fna.gz,../ecoli_genomes/GCF_000687025.1_ASM68702v1_genomic.fna.gz,../ecoli_genomes/GCF_000700125.1_ASM70012v1_genomic.fna.gz,../ecoli_genomes/GCF_000753315.1_FHI35_genomic.fna.gz,../ecoli_genomes/GCF_000776375.1_ASM77637v1_genomic.fna.gz,../ecoli_genomes/GCF_000779395.1_ASM77939v1_genomic.fna.gz,../ecoli_genomes/GCF_000780315.1_ASM78031v1_genomic.fna.gz,../ecoli_genomes/GCF_000781995.1_ASM78199v1_genomic.fna.gz,../ecoli_genomes/GCF_000986765.1_ASM98676v1_genomic.fna.gz,../ecoli_genomes/GCF_001041375.1_ViralProj287958_genomic.fna.gz,../ecoli_genomes/GCF_001265335.1_302014_genomic.fna.gz,../ecoli_genomes/GCF_001265625.1_100854_genomic.fna.gz,../ecoli_genomes/GCF_001267345.1_303289_genomic.fna.gz,../ecoli_genomes/GCF_001309985.1_ASM130998v1_genomic.fna.gz,../ecoli_genomes/GCF_001521695.1_ASM152169v1_genomic.fna.gz,../ecoli_genomes/GCF_001592595.1_ASM159259v1_genomic.fna.gz,../ecoli_genomes/GCF_001614975.1_ASM161497v1_genomic.fna.gz,../ecoli_genomes/GCF_001692775.1_ASM169277v1_genomic.fna.gz,../ecoli_genomes/GCF_001748915.1_ASM174891v1_genomic.fna.gz,../ecoli_genomes/GCF_001749235.1_ASM174923v1_genomic.fna.gz,../ecoli_genomes/GCF_001881155.1_ASM188115v1_genomic.fna.gz,../ecoli_genomes/GCF_001881345.1_ASM188134v1_genomic.fna.gz,../ecoli_genomes/GCF_001892405.1_ASM189240v1_genomic.fna.gz,../ecoli_genomes/GCF_001892585.1_ASM189258v1_genomic.fna.gz,../ecoli_genomes/GCF_001893985.1_ASM189398v1_genomic.fna.gz,../ecoli_genomes/GCF_002001595.1_ASM200159v1_genomic.fna.gz,../ecoli_genomes/GCF_002002145.1_ASM200214v1_genomic.fna.gz
1.0,0.791838866293808,0.7787209471231765,0.780405473860992,0.7526792512882762,0.7781969269688792,0.7794877889888601,0.7822539777610156,0.8071916069583709,0.7882902053848799,0.793827970762266,0.784678380018472,0.7833966981042164,0.7687124388276243,0.7664593883237443,0.7856626973661643,0.7796942815742691,0.7905259208833543,0.7626460959124802,0.7842994752620377,0.7855451539264356,0.7693705643450091,0.7900043302044882,0.7824853405276937,0.7644272323286474,0.7769391456802264,0.7827451421376871,0.7812225507492481,0.7979395852964928,0.8144753795485169,0.7648186249014732,0.7694862459957836,0.09194315301540701,0.784511216499593,0.7748783981298791,0.7579927253306298,0.77059324190366,0.7866925477622669,0.6890516499522467,0.7894247592654231,0.7752499541263437,0.7840686347840784,0.7917297725217906,0.7841044613294484,0.7865000493817993,0.7910467071189407,0.7877970972148995,0.7864506272620785,0.7731175944399891,0.8016315440542384
0.791838866293808,1.0,0.7753832605546086,0.7716936407747688,0.764923721781347,0.8343447244588681,0.793649391932175,0.7769972530395495,0.7832155919747991,0.7779643797135952,0.8143224121853326,0.776221534534322,0.8113155089882583,0.7659477419190845,0.7601881733112167,0.7975573368165308,0.8154945779813483,0.8174135908012512,0.7888858040164024,0.7974697568999826,0.8154123803627513,0.7947064329364517,0.819329948136471,0.8311172073404397,0.8233813603734513,0.8241416209384669,0.8186771764107275,0.7773899017658455,0.7882050093860186,0.7920056236125825,0.7592980319500169,0.7991559426731738,0.09037212769016545,0.808126535880975,0.8372398518631484,0.7581947381723155,0.7863474915338908,0.8187965417162874,0.675100622142845,0.8199167552079248,0.7644997220564488,0.8287034843540277,0.8277956827289679,0.7847151725217657,0.780845167218388,0.7803150319984005,0.8324417564543789,0.8313436792608223,0.7831521128050879,0.7861532828735448
0.7787209471231765,0.7753832605546086,1.0,0.7597881225002874,0.7164397949686949,0.757127496849016,0.7588390572173919,0.762080336592972,0.7743718115622131,0.76370274180843,0.7639012507719295,0.7580384282126771,0.7678514928602167,0.7544299107398005,0.7482895636875313,0.7636424689552629,0.7570881607727835,0.7707271985985802,0.742752171643545,0.7661123346007352,0.772129904316161,0.7549028175315308,0.7734469107930023,0.7556193827299764,0.7413169370313217,0.7588408321662651,0.7678995059253153,0.7635335699553779,0.7750084556268452,0.7780543779630151,0.7470125217591914,0.7531816414079682,0.08721162769911506,0.7636218621417592,0.7537114948217466,0.7436590906040015,0.7533519405596998,0.7588315868421058,0.6691206850679546,0.7697777256088753,0.7580378921696435,0.7608664885210787,0.769301890031842,0.7675432209369257,0.7626501930784575,0.7707481658837448,0.7685358725165005,0.7665307439962215,0.7664313582486589,0.778087492766265
0.780405473860992,0.7716936407747688,0.7597881225002874,1.0,0.7551603710022037,0.7654469612812698,0.7593478516337524,0.8356184950492499,0.7836252350649074,0.842416972271185,0.7657279725162911,0.8328283159183167,0.7701222211293561,0.8519415692230583,0.8641683800076009,0.7664229138662967,0.7736712747593867,0.7733147805831847,0.7502515693957492,0.7650493238168059,0.7678899976741418,0.7467826034496763,0.774986453740937,0.76059196004712,0.7584862090722808,0.7689311021963287,0.7637965604962798,0.8414617859323852,0.7808814787730683,0.7789090681376827,0.8316840931998688,0.7752603822981491,0.0937700857068966,0.7705040614843388,0.7550503576180115,0.7894161930974594,0.7553854787722717,0.7625251505891328,0.7057161205445792,0.7669932697848914,0.8415871032416579,0.7737122091442802,0.7702938630642426,0.8427689800139789,0.8368082254690795,0.777401011634222,0.7676366369665205,0.7672752245195275,0.8220825826773961,0.7837408951988561
0.7526792512882762,0.764923721781347,0.7164397949686949,0.7551603710022037,1.0,0.7681627724331312,0.743461278210359,0.7496272423545485,0.7521333726084327,0.752434633439337,0.7862956601629831,0.7407963022588612,0.7828700899162134,0.7396004587455391,0.7491755047301514,0.7569854065285608,0.7712054120548829,0.7674899035912319,0.7464083607201202,0.7487840897296452,0.7698425312742394,0.7554245926567416,0.7699069240889255,0.7675351223001995,0.7578568001699261,0.780994996646707,0.7714027104916868,0.7340964342231537,0.742706459933399,0.748474549172476,0.7404170070214131,0.7787459457477046,0.09226589637986249,0.7677347333017518,0.7567129864744202,0.7181840865819535,0.7460223274805247,0.7864056586456345,0.6847963628497431,0.773542783185132,0.7523556870400312,0.7696843651971811,0.7828729059555454,0.7441737683429679,0.7446555834206406,0.7385460161230444,0.7681403762184715,0.7691870130970067,0.7409685591586839,0.7467151653576729
0.7781969269688792,0.8343447244588681,0.757127496849016,0.7654469612812698,0.7681627724331312,1.0,0.7893531897469706,0.7771957897452889,0.7795948382849731,0.770344494716071,0.8028020375962901,0.7674390717575139,0.8007677356930426,0.761999328737714,0.7552825433678153,0.7866276924997609,0.8103374818369333,0.8121860840312675,0.790815348796759,0.7883995571641887,0.802392992758542,0.8009303845027966,0.8099281771185793,0.8185924976187469,0.8271781460613292,0.8164064518242348,0.8047752701738163,0.7703712788410313,0.7755764757781065,0.7800382463123172,0.7550173646190192,0.8038090043560848,0.08497597206049079,0.796279306238312,0.8184324124202026,0.7509116535550198,0.781934242516108,0.8104290790674845,0.6786548898634285,0.8083506204692199,0.7620362802271653,0.8158166338238761,0.8157726412998201,0.7778445002694527,0.7749896733951499,0.7727459091628317,0.8243108302702953,0.8256895338684285,0.7700092870575228,0.77583473483087
0.7794877889888601,0.793649391932175,0.7588390572173919,0.7593478516337524,0.743461278210359,0.7893531897469706,1.0,0.7649101390376767,0.7737876131971719,0.7658953742299589,0.7916585317580602,0.7653929826468646,0.7908883864102095,0.7515452997121276,0.7537865302856978,0.9078874994887045,0.7789887638432569,0.8151515615533538,0.7931714897395612,0.9490542442628649,0.8153160060637175,0.7931822903423995,0.8103656454754563,0.7836008548564379,0.7662511942481375,0.7839240572650901,0.7994384532092689,0.7604686269003598,0.7751692577618662,0.7786213115857521,0.750013692369551,0.7801669847094062,0.10054298836278619,0.788088897918557,0.7885426750623372,0.7499423971630343,0.9268903993582335,0.7859478937046076,0.6701976978721538,0.7941004594412515,0.7518085894101086,0.790633450924918,0.7975481806312653,0.7668157315039124,0.7656922174578825,0.766536053661818,0.7878370143446881,0.7859903576443552,0.7634556243196227,0.7801798211014456
0.7822539777610156,0.7769972530395495,0.762080336592972,0.8356184950492499,0.7496272423545485,0.7771957897452889,0.7649101390376767,1.0,0.7785739026949485,0.8426171110360803,0.7713438819190825,0.8323000307328245,0.7749230370330183,0.8291766049027793,0.8252261936033782,0.770084902197284,0.77210621425322,0.778917712612559,0.757950826784862,0.7677111668932545,0.772743825488763,0.7560137676411657,0.7772702092928017,0.765311082805199,0.7551282592706627,0.7684953824337378,0.7694034497360804,0.8954935899102954,0.788981281447136,0.7769519422028008,0.8197197153100144,0.773975430794916,0.09226173982485264,0.7715489598780134,0.7558525088497746,0.7902429028790222,0.7591675164064257,0.775481189500848,0.7095263420088362,0.7747062575818727,0.8274614365710022,0.7749978630307016,0.7789423215754813,0.8972422956700262,0.8848364910257343,0.7772534797963374,0.772915311246802,0.7720216252443659,0.8245428462717275,0.7829538618269809
0.8071916069583709,0.7832155919747991,0.7743718115622131,0.7836252350649074,0.7521333726084327,0.7795948382849731,0.7737876131971719,0.7785739026949485,1.0,0.7860671593133398,0.7859161173758351,0.7678035266934414,0.7887101088410216,0.7694907493278167,0.7762774146799293,0.7850166269140302,0.7783589077069624,0.7889323067031209,0.7548709203660035,0.7813453102432968,0.7840309514778829,0.7765643329150171,0.789410366896689,0.7780488141399449,0.764413378597466,0.7880175379530918,0.7840045102508753,0.7756216019044022,0.793702542948916,0.8154279160196118,0.773773989590617,0.7771961080811769,0.08559976352828391,0.7846835679404323,0.7751564575221158,0.7569234502001354,0.7680710444251704,0.7760815408154655,0.6774570705159572,0.7858629582571467,0.778711857790312,0.7799887467186679,0.7892658552021685,0.7787950025956407,0.7771116289946649,0.7915378806198416,0.7870320483088853,0.7850591074630551,0.7699873851866393,0.7973211344286221
0.7882902053848799,0.7779643797135952,0.76370274180843,0.842416972271185,0.752434633439337,0.770344494716071,0.7658953742299589,0.8426171110360803,0.7860671593133398,1.0,0.7807240649260508,0.8251862794636754,0.7820531810321013,0.8301439134228992,0.8384106613806366,0.7753818755319104,0.7680959603862436,0.7792295316956115,0.7509448106347445,0.7715296505471385,0.7713132173991598,0.7574798850589446,0.7728173597428369,0.7673101262831334,0.7552793584812796,0.7759143262114809,0.7704347770857254,0.8430782622478171,0.7867128195236055,0.7880858481511512,0.8359537000143349,0.7683136447876641,0.0981732466978702,0.768014762447955,0.7615201096356882,0.7927036375411796,0.7620446763187866,0.7755789657198712,0.7104693075379842,0.7780114827519908,0.8381072004895157,0.7748423661911114,0.7808727003699627,0.8400111188333885,0.838939980255037,0.7761022460279963,0.7779492389486561,0.7755893540228874,0.836032641807118,0.7842551463718508
0.793827970762266,0.8143224121853326,0.7639012507719295,0.7657279725162911,0.7862956601629831,0.8028020375962901,0.7916585317580602,0.7713438819190825,0.7859161173758351,0.7807240649260508,1.0,0.7705824604438889,0.8463470335729281,0.7619192453378034,0.7589664373338467,0.800043894436808,0.7930002841886236,0.8345152761194549,0.8024644313574093,0.7955369428406259,0.821366572600664,0.8217639416287497,0.8289216086595461,0.8054128418776517,0.7788821450963249,0.8162797221960966,0.8313634565752046,0.769451857752744,0.7825328627769295,0.797763822390853,0.7593919415413068,0.8027445930872867,0.09451022783531449,0.818349582191194,0.8034737537864844,0.7567291432614112,0.7838991971442769,0.8275998649288594,0.6729852744238369,0.8482638613927722,0.7655669842134359,0.8174707797749493,0.8391840974056667,0.7725657786715836,0.7683491527426006,0.7722873855220133,0.8223521929841948,0.8193604015946444,0.7795051335521632,0.7882010574080285
0.784678380018472,0.776221534534322,0.7580384282126771,0.8328283159183167,0.7407963022588612,0.7674390717575139,0.7653929826468646,0.8323000307328245,0.7678035266934414,0.8251862794636754,0.7705824604438889,1.0,0.7637745624227255,0.8262811008398807,0.8404602351466253,0.7682371670732914,0.7645682937165433,0.7740998581075071,0.7511687214420899,0.7684714793137016,0.7685730874184853,0.7536839125939612,0.7711039250163954,0.7578835599687909,0.7471831213970532,0.765513882784084,0.7673441759353656,0.8306334755770323,0.7874576932981197,0.782740711757183,0.805170788028078,0.7636305690535692,0.0933264160940479,0.7673548435425774,0.7549452509249025,0.7848676913781796,0.7584707637870183,0.7705920896578574,0.7069027471562852,0.775595539642745,0.814901674569201,0.7675456156972917,0.7782052318701052,0.8308501512305341,0.831113029411184,0.7802991538128441,0.77124574262594,0.7699194127739086,0.8122917278910882,0.787474408035477
0.7833966981042164,0.8113155089882583,0.7678514928602167,0.7701222211293561,0.7828700899162134,0.8007677356930426,0.7908883864102095,0.7749230370330183,0.7887101088410216,0.7820531810321013,0.8463470335729281,0.7637745624227255,1.0,0.7566418097847882,0.7654057252235114,0.8019593846011897,0.7928504924399284,0.8338842734191925,0.8212082798924305,0.7951747025626205,0.8292925531237721,0.8411527302715689,0.8490264306765022,0.8079460101558785,0.7783548176333164,0.8058349851238129,0.8454778939629104,0.7677169171946636,0.7811172840190244,0.7889399708021024,0.7578200369156877,0.8281344400110441,0.09464413723875797,0.8351392916630884,0.8021335567285592,0.7497057948751489,0.7902200847301389,0.8320502245059225,0.6736476480681471,0.8460055795711043,0.7689567106065741,0.810822163733617,0.8444396148959181,0.7689759609130411,0.7649171320154219,0.7694560397113234,0.8141591955814141,0.8107775663369297,0.7742648543849079,0.7837335871322879
0.7687124388276243,0.7659477419190845,0.7544299107398005,0.8519415692230583,0.7396004587455391,0.761999328737714,0.7515452997121276,0.8291766049027793,0.7694907493278167,0.8301439134228992,0.7619192453378034,0.8262811008398807,0.7566418097847882,1.0,0.850477974317777,0.7588048957474711,0.7581626401520847,0.7646312092381421,0.7413751694290227,0.7583201833101862,0.7563185042593228,0.7407055550490657,0.7609232286508144,0.7417523581335524,0.7443554097456202,0.7654423501568892,0.7559421787037739,0.8434112794073112,0.776526225143319,0.7671269775571861,0.8292751826368219,0.759146530358321,0.09362560092790362,0.7588235402836828,0.7508507420911383,0.7833944993020988,0.7461467115984026,0.7584792604194573,0.6997627419614698,0.7623723805223859,0.8341063259441809,0.7647996050529005,0.7668182891631982,0.8400176298087436,0.8294119239344329,0.7746981556979293,0.7628493936380938,0.7623116943193797,0.8182195055103958,0.7818251999784771
0.7664593883237443,0.7601881733112167,0.7482895636875313,0.8641683800076009,0.7491755047301514,0.7552825433678153,0.7537865302856978,0.8252261936033782,0.7762774146799293,0.8384106613806366,0.7589664373338467,0.8404602351466253,0.7654057252235114,0.850477974317777,1.0,0.7630393781961461,0.7642644026789873,0.7650275824200097,0.7434492035692406,0.7603659038243623,0.7602589210678248,0.7424955181257056,0.7631997066163139,0.7524859523559668,0.7459704887349776,0.7670362685885216,0.7573207604650336,0.8291348034999785,0.7754751308043866,0.773580315169911,0.8322063314358339,0.7658255518201921,0.09954730810458967,0.7582764062021672,0.7490379122673549,0.7809559164103244,0.7502880073312695,0.7597605554386411,0.7036174325834306,0.763314646041881,0.841001852154497,0.7625162973500297,0.7663827714472837,0.8282559147929277,0.82246456507923,0.7719724820867215,0.7645963212279635,0.764131495362288,0.8140044133894038,0.7829488573542919
0.7856626973661643,0.7975573368165308,0.7636424689552629,0.7664229138662967,0.7569854065285608,0.7866276924997609,0.9078874994887045,0.770084902197284,0.7850166269140302,0.7753818755319104,0.800043894436808,0.7682371670732914,0.8019593846011897,0.7588048957474711,0.7630393781961461,1.0,0.7827900421221374,0.8118050084010396,0.7903123533490687,0.9141371662859692,0.8104801798747499,0.7969142666619561,0.8076496231400087,0.7918825017303497,0.7703123899485492,0.7924165383913003,0.8000831249228486,0.7653393229664119,0.7782861748618591,0.7881676031042566,0.7580852106238928,0.7863651980355348,0.10303283379523975,0.7957080601533285,0.7902143771126118,0.7526388149401466,0.8964066770712619,0.7890808069407109,0.6696315575308508,0.799548035939076,0.7614283090612645,0.7949128849349325,0.8018696395932587,0.7694503270075502,0.7676341907676284,0.7723480982507904,0.7941152364668737,0.7917738547680027,0.7691805248825453,0.7845205397593583
0.7796942815742691,0.8154945779813483,0.7570881607727835,0.7736712747593867,0.7712054120548829,0.8103374818369333,0.7789887638432569,0.77210621425322,0.7783589077069624,0.7680959603862436,0.7930002841886236,0.7645682937165433,0.7928504924399284,0.7581626401520847,0.7642644026789873,0.7827900421221374,1.0,0.7962133900215513,0.7714358787499741,0.7796100703924023,0.7953580267977449,0.7787178972449418,0.8073588594772096,0.8162147565709985,0.8170129061737502,0.8210761388803063,0.7980197694560461,0.7609469293669523,0.769784698923001,0.7723205438550073,0.7511063428161073,0.8083987445390077,0.09484987666829447,0.7953687648834614,0.800749727515786,0.7438391320454463,0.7746282595865553,0.7944934137664493,0.6743435155839657,0.7942439175817994,0.7599383530828534,0.8113685975264724,0.8074273680253288,0.7729291745833737,0.7736469985135372,0.7694886190676086,0.806422919936217,0.8101205065256306,0.7623614259074633,0.772681803362316
0.7905259208833543,0.8174135908012512,0.7707271985985802,0.7733147805831847,0.7674899035912319,0.8121860840312675,0.8151515615533538,0.778917712612559,0.7889323067031209,0.7792295316956115,0.8345152761194549,0.7740998581075071,0.8338842734191925,0.7646312092381421,0.7650275824200097,0.8118050084010396,0.7962133900215513,1.0,0.8307006196030747,0.8179027789138521,0.8432528069450073,0.8359999186758759,0.8552578610548291,0.8007593747099974,0.7824782326374857,0.8030938345748078,0.8507550045607769,0.7754661759570771,0.7910848464282749,0.7927897315687042,0.7625150148968843,0.8134688542101447,0.0921815475584975,0.8272269666416976,0.8067116387764529,0.7702651296465323,0.8064547165907965,0.8233794290026654,0.6772560116623909,0.836798518785454,0.7675280538843743,0.819849965332992,0.8399327226709754,0.7798847173268996,0.7751471856353755,0.7807822364565554,0.8187015790864225,0.8161996472324543,0.7758663453671992,0.7929521990526676
0.7626460959124802,0.7888858040164024,0.742752171643545,0.7502515693957492,0.7464083607201202,0.790815348796759,0.7931714897395612,0.757950826784862,0.7548709203660035,0.7509448106347445,0.8024644313574093,0.7511687214420899,0.8212082798924305,0.7413751694290227,0.7434492035692406,0.7903123533490687,0.7714358787499741,0.8307006196030747,1.0,0.7914877448896607,0.8167081476776515,0.8272228701458398,0.8287846094340097,0.7752277051471593,0.7662280180894757,0.7739776385033134,0.8124067202694366,0.7522265998853614,0.7568298479130655,0.7586142914421932,0.7370995362578157,0.8035223096746833,0.09645942919493433,0.8036567229197165,0.7828860894038208,0.7431452989622886,0.7875549972153872,0.794445769499443,0.6659556916269059,0.8075655058208905,0.7415393150661391,0.7877535315136179,0.8079259933699331,0.7582771349602138,0.7557914441936222,0.7527709747402329,0.7858779860421459,0.7849260983306335,0.7512069945683246,0.762895849936216
0.7842994752620377,0.7974697568999826,0.7661123346007352,0.7650493238168059,0.7487840897296452,0.7883995571641887,0.9490542442628649,0.7677111668932545,0.7813453102432968,0.7715296505471385,0.7955369428406259,0.7684714793137016,0.7951747025626205,0.7583201833101862,0.7603659038243623,0.9141371662859692,0.7796100703924023,0.8179027789138521,0.7914877448896607,1.0,0.819203156821215,0.7914822106750493,0.8114750762297359,0.7854217664736818,0.7697240405973576,0.7869612328737821,0.802167870027853,0.7655794444893596,0.778592959664899,0.7849083212846351,0.7560465115663303,0.782565986626302,0.10031543498859086,0.7918384506986703,0.7918285774916031,0.7521179210325104,0.9257917992264962,0.7881113338636996,0.6700386902426105,0.8001639014895104,0.7584378810985355,0.7944314545044266,0.8017716939822395,0.7711155803762157,0.769558267190904,0.7728291023768743,0.7933723625426292,0.7914523990594586,0.7695979323817264,0.7849703684420116
0.7855451539264356,0.8154123803627513,0.772129904316161,0.7678899976741418,0.7698425312742394,0.802392992758542,0.8153160060637175,0.772743825488763,0.7840309514778829,0.7713132173991598,0.821366572600664,0.7685730874184853,0.8292925531237721,0.7563185042593228,0.7602589210678248,0.8104801798747499,0.7953580267977449,0.8432528069450073,0.8167081476776515,0.819203156821215,1.0,0.8284393329543053,0.8560901235542371,0.8021544539038614,0.7820094914641179,0.8032566866800352,0.8380264327463556,0.7726985710009246,0.7772449448820253,0.7886254131097241,0.7582244678590203,0.8138308263496317,0.09463634998513903,0.829652910992593,0.8008294558953859,0.7603846342036766,0.8059472963954549,0.8262372161914764,0.6779873293169904,0.8368254165993557,0.7661451120229043,0.8118100875510799,0.837187610267554,0.7771256932110485,0.7775168426779713,0.7799309496027276,0.8168042342776137,0.8154222942684693,0.7709778489310661,0.7828357124995549
0.7693705643450091,0.7947064329364517,0.7549028175315308,0.7467826034496763,0.7554245926567416,0.8009303845027966,0.7931822903423995,0.7560137676411657,0.7765643329150171,0.7574798850589446,0.8217639416287497,0.7536839125939612,0.8411527302715689,0.7407055550490657,0.7424955181257056,0.7969142666619561,0.7787178972449418,0.8359999186758759,0.8272228701458398,0.7914822106750493,0.8284393329543053,1.0,0.8707222161537016,0.7793865651694273,0.7693868748561498,0.7891147525477218,0.8256460707206654,0.7526625937496288,0.763056862330789,0.7718004854250557,0.7412222839258052,0.8114734556546443,0.09246999005315193,0.8439296746520658,0.7819561429504233,0.7422148339185084,0.7865696079071315,0.8146284142995828,0.6693838269983183,0.8266085153859535,0.7452558835166925,0.7948534001793304,0.8263507012089975,0.7560745608913928,0.7544137668076215,0.7549153611702822,0.8021468964343571,0.7984541953038539,0.7542462626462529,0.770580707262079
0.7900043302044882,0.819329948136471,0.7734469107930023,0.774986453740937,0.7699069240889255,0.8099281771185793,0.8103656454754563,0.7772702092928017,0.789410366896689,0.7728173597428369,0.8289216086595461,0.7711039250163954,0.8490264306765022,0.7609232286508144,0.7631997066163139,0.8076496231400087,0.8073588594772096,0.8552578610548291,0.8287846094340097,0.8114750762297359,0.8560901235542371,0.8707222161537016,1.0,0.80195509613499,0.7889903746095226,0.8013218090319015,0.8499010716549469,0.774424194434326,0.7810788257576462,0.7877237678465931,0.7605252616857263,0.8346084448472884,0.09079529969180711,0.867807015408766,0.8048469815769639,0.7618078674392793,0.8031202232847213,0.8350369618768305,0.6758998621871806,0.8418490460272914,0.7638408930178231,0.8180678635749811,0.8438796538752569,0.7797144806333907,0.779164355437286,0.7749922573664092,0.8172613459227026,0.8161954620645884,0.774830383026268,0.7875888194160569
0.7824853405276937,0.8311172073404397,0.7556193827299764,0.76059196004712,0.7675351223001995,0.8185924976187469,0.7836008548564379,0.765311082805199,0.7780488141399449,0.7673101262831334,0.8054128418776517,0.7578835599687909,0.8079460101558785,0.7417523581335524,0.7524859523559668,0.7918825017303497,0.8162147565709985,0.8007593747099974,0.7752277051471593,0.7854217664736818,0.8021544539038614,0.7793865651694273,0.80195509613499,1.0,0.8218773338935533,0.825392546615404,0.805084751061712,0.7552526522185807,0.7667591598495885,0.7804175442743839,0.7460845760253585,0.7932817559913405,0.09691177560515019,0.7946550055451308,0.827443948069302,0.7469279298719844,0.7796468078476186,0.7947217004877172,0.6686890885126558,0.8017767071748626,0.7556420512183594,0.8106644490069261,0.809562894214328,0.7635319304680739,0.7639504519180191,0.7633023290111143,0.8098609244495538,0.8089820909168859,0.7592583050644272,0.7644882480050421
0.7644272323286474,0.8233813603734513,0.7413169370313217,0.7584862090722808,0.7578568001699261,0.8271781460613292,0.7662511942481375,0.7551282592706627,0.764413378597466,0.7552793584812796,0.7788821450963249,0.7471831213970532,0.7783548176333164,0.7443554097456202,0.7459704887349776,0.7703123899485492,0.8170129061737502,0.7824782326374857,0.7662280180894757,0.7697240405973576,0.7820094914641179,0.7693868748561498,0.7889903746095226,0.8218773338935533,1.0,0.8174600408681778,0.7815256653402988,0.7465303376504453,0.7520740939730304,0.7575207092834888,0.7410138886946342,0.7980591551846529,0.09124117117895914,0.7772336890282021,0.8139465480808254,0.7313444715233538,0.7652841455128538,0.7883274593380304,0.6611817652587437,0.7843929813020842,0.7454344130415687,0.7952247805744517,0.7944032329923161,0.762471722567172,0.7616955339726821,0.7585031508171828,0.795514616165185,0.7993433778493977,0.7515498085021852,0.7552992901888789
0.7769391456802264,0.8241416209384669,0.7588408321662651,0.7689311021963287,0.780994996646707,0.8164064518242348,0.7839240572650901,0.7684953824337378,0.7880175379530918,0.7759143262114809,0.8162797221960966,0.765513882784084,0.8058349851238129,0.7654423501568892,0.7670362685885216,0.7924165383913003,0.8210761388803063,0.8030938345748078,0.7739776385033134,0.7869612328737821,0.8032566866800352,0.7891147525477218,0.8013218090319015,0.825392546615404,0.8174600408681778,1.0,0.8084387434427864,0.7632829692446805,0.7689798341214924,0.7857255314033272,0.7627499936755597,0.7990248459773625,0.08877436743877165,0.7978616016134155,0.8182299770077575,0.7542574976114056,0.781562968833649,0.8058126074694956,0.6734755117522986,0.8183638965172416,0.7676846820296701,0.8211763992339622,0.821086286497907,0.7738976631589463,0.7720770236020358,0.7706000866350692,0.8226298264500467,0.8236644215206462,0.7733932574457653,0.7780633247988666
0.7827451421376871,0.8186771764107275,0.7678995059253153,0.7637965604962798,0.7714027104916868,0.8047752701738163,0.7994384532092689,0.7694034497360804,0.7840045102508753,0.7704347770857254,0.8313634565752046,0.7673441759353656,0.8454778939629104,0.7559421787037739,0.7573207604650336,0.8000831249228486,0.7980197694560461,0.8507550045607769,0.8124067202694366,0.802167870027853,0.8380264327463556,0.8256460707206654,0.8499010716549469,0.805084751061712,0.7815256653402988,0.8084387434427864,1.0,0.7662934854961488,0.7862647487986556,0.7903087815628468,0.7543758268845019,0.8217326748788689,0.09519069311184547,0.8270073792544897,0.8057886298098935,0.757561556033097,0.790109485900054,0.8485785415454647,0.6741091653304768,0.8456506340152907,0.7600901681276646,0.8139100896315578,0.864387934946281,0.7728511245761694,0.7662923161773368,0.7761613816746508,0.8145095043741364,0.8119366862977759,0.771786650014366,0.789478593276616
0.7812225507492481,0.7773899017658455,0.7635335699553779,0.8414617859323852,0.7340964342231537,0.7703712788410313,0.7604686269003598,0.8954935899102954,0.7756216019044022,0.8430782622478171,0.769451857752744,0.8306334755770323,0.7677169171946636,0.8434112794073112,0.8291348034999785,0.7653393229664119,0.7609469293669523,0.7754661759570771,0.7522265998853614,0.7655794444893596,0.7726985710009246,0.7526625937496288,0.774424194434326,0.7552526522185807,0.7465303376504453,0.7632829692446805,0.7662934854961488,1.0,0.7861995758009335,0.7782915585525254,0.8219526200883662,0.7690078873937174,0.0921787578904637,0.7715354811802515,0.7554479827141231,0.7936716368084606,0.7539061533735043,0.7758437447737688,0.7095785656307274,0.7750960362794459,0.8284653383950424,0.7749034989879313,0.7752043544737733,0.9224586973840934,0.9049080736104679,0.7762152930383882,0.7739539418111776,0.7717661684829268,0.8309840753890617,0.7818820998420304
0.7979395852964928,0.7882050093860186,0.7750084556268452,0.7808814787730683,0.742706459933399,0.7755764757781065,0.7751692577618662,0.788981281447136,0.793702542948916,0.7867128195236055,0.7825328627769295,0.7874576932981197,0.7811172840190244,0.776526225143319,0.7754751308043866,0.7782861748618591,0.769784698923001,0.7910848464282749,0.7568298479130655,0.778592959664899,0.7772449448820253,0.763056862330789,0.7810788257576462,0.7667591598495885,0.7520740939730304,0.7689798341214924,0.7862647487986556,0.7861995758009335,1.0,0.7915858049083692,0.7737138836812307,0.769908311890855,0.09128630773874713,0.7712393384606091,0.7653539687588204,0.7618032066695511,0.7643142158158236,0.7767453753708176,0.6772671328404847,0.7831011613362581,0.7771230731026171,0.776513971170905,0.78256916154676,0.7856468294360156,0.7819141648604766,0.8037870615183894,0.7805025297700992,0.7775238712400147,0.7790287502923146,0.8671012279474328
0.8144753795485169,0.7920056236125825,0.7780543779630151,0.7789090681376827,0.748474549172476,0.7800382463123172,0.7786213115857521,0.7769519422028008,0.8154279160196118,0.7880858481511512,0.797763822390853,0.782740711757183,0.7889399708021024,0.7671269775571861,0.773580315169911,0.7881676031042566,0.7723205438550073,0.7927897315687042,0.7586142914421932,0.7849083212846351,0.7886254131097241,0.7718004854250557,0.7877237678465931,0.7804175442743839,0.7575207092834888,0.7857255314033272,0.7903087815628468,0.7782915585525254,0.7915858049083692,1.0,0.7693634520695146,0.7711551821396342,0.09316240507508755,0.7814712513297221,0.779464344422497,0.759121106785706,0.7719857528720788,0.7859394384467151,0.6780562521210132,0.7980564782915149,0.7782590287257506,0.7892005815213685,0.7985551477800392,0.7822237819026252,0.7779145796857863,0.7958113573763861,0.7927392792667167,0.7901074199488691,0.7785583147484693,0.8032005091981381
0.7648186249014732,0.7592980319500169,0.7470125217591914,0.8316840931998688,0.7404170070214131,0.7550173646190192,0.750013692369551,0.8197197153100144,0.773773989590617,0.8359537000143349,0.7593919415413068,0.805170788028078,0.7578200369156877,0.8292751826368219,0.8322063314358339,0.7580852106238928,0.7511063428161073,0.7625150148968843,0.7370995362578157,0.7560465115663303,0.7582244678590203,0.7412222839258052,0.7605252616857263,0.7460845760253585,0.7410138886946342,0.7627499936755597,0.7543758268845019,0.8219526200883662,0.7737138836812307,0.7693634520695146,1.0,0.7582147699085795,0.09838278328226369,0.762410925349873,0.7426127081338877,0.7783082514700512,0.7460489071071841,0.7567658047748387,0.6980650792744889,0.7615544042701707,0.8558801170241472,0.7596099561886308,0.7620324272250001,0.822752808110303,0.8176734769161319,0.7681556996863114,0.7601242742311919,0.7583807872743776,0.8056959275624811,0.7738115271064601
0.7694862459957836,0.7991559426731738,0.7531816414079682,0.7752603822981491,0.7787459457477046,0.8038090043560848,0.7801669847094062,0.773975430794916,0.7771961080811769,0.7683136447876641,0.8027445930872867,0.7636305690535692,0.8281344400110441,0.759146530358321,0.7658255518201921,0.7863651980355348,0.8083987445390077,0.8134688542101447,0.8035223096746833,0.782565986626302,0.8138308263496317,0.8114734556546443,0.8346084448472884,0.7932817559913405,0.7980591551846529,0.7990248459773625,0.8217326748788689,0.7690078873937174,0.769908311890855,0.7711551821396342,0.7582147699085795,1.0,0.09070762555417711,0.8177656513763045,0.7835933346630872,0.7439678471159086,0.7803940467953281,0.8218766712583778,0.6733908262356525,0.8159582283832774,0.7645905401617143,0.7998561953723538,0.8277903949681097,0.773127345647107,0.7733954479045332,0.7653047604897586,0.8020227378667567,0.8032381371413366,0.760339154247705,0.7705195252920607
0.09194315301540701,0.09037212769016545,0.08721162769911506,0.0937700857068966,0.09226589637986249,0.08497597206049079,0.10054298836278619,0.09226173982485264,0.08559976352828391,0.0981732466978702,0.09451022783531449,0.0933264160940479,0.09464413723875797,0.09362560092790362,0.09954730810458967,0.10303283379523975,0.09484987666829447,0.0921815475584975,0.09645942919493433,0.10031543498859086,0.09463634998513903,0.09246999005315193,0.09079529969180711,0.09691177560515019,0.09124117117895914,0.08877436743877165,0.09519069311184547,0.0921787578904637,0.09128630773874713,0.09316240507508755,0.09838278328226369,0.09070762555417711,1.0,0.09384696658377645,0.09370631410082919,0.09124152119988205,0.09825673357689613,0.09207911977643235,0.08949187173881601,0.09381111934705544,0.09485315860670951,0.09681483355835385,0.09897545442573519,0.09134092125903537,0.09073361369981692,0.0904356433234198,0.09139563292077812,0.09205242715620376,0.09760956301325874,0.09394972673375535
0.784511216499593,0.808126535880975,0.7636218621417592,0.7705040614843388,0.7677347333017518,0.796279306238312,0.788088897918557,0.7715489598780134,0.7846835679404323,0.768014762447955,0.818349582191194,0.7673548435425774,0.8351392916630884,0.7588235402836828,0.7582764062021672,0.7957080601533285,0.7953687648834614,0.8272269666416976,0.8036567229197165,0.7918384506986703,0.829652910992593,0.8439296746520658,0.867807015408766,0.7946550055451308,0.7772336890282021,0.7978616016134155,0.8270073792544897,0.7715354811802515,0.7712393384606091,0.7814712513297221,0.762410925349873,0.8177656513763045,0.09384696658377645,1.0,0.7963066124644221,0.7637588917622495,0.7798502097975671,0.8196516015998111,0.6838986248707772,0.8298692219153505,0.7630250918612258,0.8041256162842974,0.8321580529374041,0.7735563521310833,0.7752237299328509,0.7665461537379461,0.8081073381959342,0.8059825124181049,0.769301856771314,0.7788507604003313
0.7748783981298791,0.8372398518631484,0.7537114948217466,0.7550503576180115,0.7567129864744202,0.8184324124202026,0.7885426750623372,0.7558525088497746,0.7751564575221158,0.7615201096356882,0.8034737537864844,0.7549452509249025,0.8021335567285592,0.7508507420911383,0.7490379122673549,0.7902143771126118,0.800749727515786,0.8067116387764529,0.7828860894038208,0.7918285774916031,0.8008294558953859,0.7819561429504233,0.8048469815769639,0.827443948069302,0.8139465480808254,0.8182299770077575,0.8057886298098935,0.7554479827141231,0.7653539687588204,0.779464344422497,0.7426127081338877,0.7835933346630872,0.09370631410082919,0.7963066124644221,1.0,0.7454664990601725,0.7817598519631584,0.7985656418280336,0.6670555439404509,0.8074670803530026,0.7447729982795515,0.8104876910674936,0.818789856304369,0.7609088334650793,0.7605975897730375,0.7652301649515737,0.8130430805316227,0.813273416479037,0.7640606410899906,0.771356715118005
0.7579927253306298,0.7581947381723155,0.7436590906040015,0.7894161930974594,0.7181840865819535,0.7509116535550198,0.7499423971630343,0.7902429028790222,0.7569234502001354,0.7927036375411796,0.7567291432614112,0.7848676913781796,0.7497057948751489,0.7833944993020988,0.7809559164103244,0.7526388149401466,0.7438391320454463,0.7702651296465323,0.7431452989622886,0.7521179210325104,0.7603846342036766,0.7422148339185084,0.7618078674392793,0.7469279298719844,0.7313444715233538,0.7542574976114056,0.757561556033097,0.7936716368084606,0.7618032066695511,0.759121106785706,0.7783082514700512,0.7439678471159086,0.09124152119988205,0.7637588917622495,0.7454664990601725,1.0,0.7440275771377836,0.751028560327658,0.699368623641726,0.7581611989881221,0.7821924661668384,0.7497928443851363,0.7581494826005368,0.7944593820576429,0.7918931351039088,0.7545925899655928,0.7543353216707183,0.7520974486204677,0.8002438963059003,0.7664657345277731
0.77059324190366,0.7863474915338908,0.7533519405596998,0.7553854787722717,0.7460223274805247,0.781934242516108,0.9268903993582335,0.7591675164064257,0.7680710444251704,0.7620446763187866,0.7838991971442769,0.7584707637870183,0.7902200847301389,0.7461467115984026,0.7502880073312695,0.8964066770712619,0.7746282595865553,0.8064547165907965,0.7875549972153872,0.9257917992264962,0.8059472963954549,0.7865696079071315,0.8031202232847213,0.7796468078476186,0.7652841455128538,0.781562968833649,0.790109485900054,0.7539061533735043,0.7643142158158236,0.7719857528720788,0.7460489071071841,0.7803940467953281,0.09825673357689613,0.7798502097975671,0.7817598519631584,0.7440275771377836,1.0,0.7769750794554642,0.6637250185431491,0.7851977422456162,0.7487614867066809,0.7838555992250833,0.7902054051134382,0.7610666008104547,0.7599801311672767,0.7592788440373955,0.7822405581910012,0.7804055771848799,0.7560827526173192,0.7694727002016897
0.7866925477622669,0.8187965417162874,0.7588315868421058,0.7625251505891328,0.7864056586456345,0.8104290790674845,0.7859478937046076,0.775481189500848,0.7760815408154655,0.7755789657198712,0.8275998649288594,0.7705920896578574,0.8320502245059225,0.7584792604194573,0.7597605554386411,0.7890808069407109,0.7944934137664493,0.8233794290026654,0.794445769499443,0.7881113338636996,0.8262372161914764,0.8146284142995828,0.8350369618768305,0.7947217004877172,0.7883274593380304,0.8058126074694956,0.8485785415454647,0.7758437447737688,0.7767453753708176,0.7859394384467151,0.7567658047748387,0.8218766712583778,0.09207911977643235,0.8196516015998111,0.7985656418280336,0.751028560327658,0.7769750794554642,1.0,0.6876832945094851,0.8425764567774028,0.7636770107281476,0.8145334923328995,0.8669202232878859,0.7805511111847931,0.7764987884858514,0.774283350235247,0.8192335236227581,0.8177991092493908,0.7745105269564586,0.7811071331850739
0.6890516499522467,0.675100622142845,0.6691206850679546,0.7057161205445792,0.6847963628497431,0.6786548898634285,0.6701976978721538,0.7095263420088362,0.6774570705159572,0.7104693075379842,0.6729852744238369,0.7069027471562852,0.6736476480681471,0.6997627419614698,0.7036174325834306,0.6696315575308508,0.6743435155839657,0.6772560116623909,0.6659556916269059,0.6700386902426105,0.6779873293169904,0.6693838269983183,0.6758998621871806,0.6686890885126558,0.6611817652587437,0.6734755117522986,0.6741091653304768,0.7095785656307274,0.6772671328404847,0.6780562521210132,0.6980650792744889,0.6733908262356525,0.08949187173881601,0.6838986248707772,0.6670555439404509,0.699368623641726,0.6637250185431491,0.6876832945094851,1.0,0.6791945279669842,0.7035954964341298,0.6745064853125109,0.6823790853560707,0.7128059681808119,0.7178914191578273,0.6739399818191696,0.6757383259682783,0.6771541979165497,0.707350020584452,0.6764888643363762
