../ecoli_genomes/GCF_000163235.1_ASM16323v1_genomic.fna.gz,../ecoli_genomes/GCF_000164555.1_ASM16455v1_genomic.fna.gz,../ecoli_genomes/GCF_000208545.1_ASM20854v2_genomic.fna.gz,../ecoli_genomes/GCF_000233875.1_ASM23387v1_genomic.fna.gz,../ecoli_genomes/GCF_000249735.1_ASM24973v2_genomic.fna.gz,../ecoli_genomes/GCF_000261145.1_Esch_coli_M919_V2_genomic.fna.gz,../ecoli_genomes/GCF_000267705.2_ASM26770v2_genomic.fna.gz,../ecoli_genomes/GCF_000350665.1_Esch_coli_KTE5_V1_genomic.fna.gz,../ecoli_genomes/GCF_000351625.1_Esch_coli_KTE66_V1_genomic.fna.gz,../ecoli_genomes/GCF_000352285.1_Esch_coli_KTE46_V1_genomic.fna.gz,../ecoli_genomes/GCF_000358895.1_ASM35889v1_genomic.fna.gz,../ecoli_genomes/GCF_000456385.1_Esch_coli_HVH_26_4-5703913_V1_genomic.fna.gz,../ecoli_genomes/GCF_000458195.1_Esch_coli_HVH_147_4-5893887_V1_genomic.fna.gz,../ecoli_genomes/GCF_000459755.1_Esch_coli_KOEGE_58_171a_V1_genomic.fna.gz,../ecoli_genomes/GCF_000460055.1_Esch_coli_UMEA_3053-1_V1_genomic.fna.gz,../ecoli_genomes/GCF_000462165.2_ASM46216v2_genomic.fna.gz,../ecoli_genomes/GCF_000601135.1_ASM60113v1_genomic.fna.gz,../ecoli_genomes/GCF_000614595.1_Ec2010EL1058_genomic.fna.gz,../ecoli_genomes/GCF_000617745.1_Ec2010C-4529_genomic.fna.gz,../ecoli_genomes/GCF_000618265.2_EcF6751_genomic.fna.gz,../ecoli_genomes/GCF_000619005.2_Ec2009C-4052_genomic.fna.gz,../ecoli_genomes/GCF_000619105.1_Ec2009C-4780_genomic.fna.gz,../ecoli_genomes/GCF_000619765.2_Ec2009C-3279_genomic.fna.gz,../ecoli_genomes/GCF_000687005.1_ASM68700v1_genomic.fna.gz,../ecoli_genomes/GCF_000687025.1_ASM68702v1_genomic.fna.gz,../ecoli_genomes/GCF_000700125.1_ASM70012v1_genomic.fna.gz,../ecoli_genomes/GCF_000753315.1_FHI35_genomic.fna.gz,../ecoli_genomes/GCF_000776375.1_ASM77637v1_genomic.fna.gz,../ecoli_genomes/GCF_000779395.1_ASM77939v1_genomic.fna.gz,../ecoli_genomes/GCF_000780315.1_ASM78031v1_genomic.fna.gz,../ecoli_genomes/GCF_000781995.1_ASM78199v1_genomic.fna.gz,../ecoli_genomes/GCF_000986765.1_ASM98676v1_genomic.fna.gz,../ecoli_genomes/GCF_001041375.1_ViralProj287958_genomic.fna.gz,../ecoli_genomes/GCF_001265335.1_302014_genomic.fna.gz,../ecoli_genomes/GCF_001265625.1_100854_genomic.fna.gz,../ecoli_genomes/GCF_001267345.1_303289_genomic.fna.gz,../ecoli_genomes/GCF_001309985.1_ASM130998v1_genomic.fna.gz,../ecoli_genomes/GCF_001521695.1_ASM152169v1_genomic.fna.gz,../ecoli_genomes/GCF_001592595.1_ASM159259v1_genomic.fna.gz,../ecoli_genomes/GCF_001614975.1_ASM161497v1_genomic.fna.gz,../ecoli_genomes/GCF_001692775.1_ASM169277v1_genomic.fna.gz,../ecoli_genomes/GCF_001748915.1_ASM174891v1_genomic.fna.gz,../ecoli_genomes/GCF_001749235.1_ASM174923v1_genomic.fna.gz,../ecoli_genomes/GCF_001881155.1_ASM188115v1_genomic.fna.gz,../ecoli_genomes/GCF_001881345.1_ASM188134v1_genomic.fna.gz,../ecoli_genomes/GCF_001892405.1_ASM189240v1_genomic.fna.gz,../ecoli_genomes/GCF_001892585.1_ASM189258v1_genomic.fna.gz,../ecoli_genomes/GCF_001893985.1_ASM189398v1_genomic.fna.gz,../ecoli_genomes/GCF_002001595.1_ASM200159v1_genomic.fna.gz,../ecoli_genomes/GCF_002002145.1_ASM200214v1_genomic.fna.gz
1.0,0.3840825170359208,0.31688826321117847,0.3468139149436237,0.3719206517745791,0.37277366147606295,0.3604755141783432,0.3514992791229363,0.44227543153653814,0.36547389841731104,0.38286298353317283,0.36147778646179696,0.3828631654389032,0.33041857042272416,0.32815435258197656,0.36680382194755223,0.3293288994207222,0.3671756137020017,0.34044421062598285,0.36442163810557326,0.35576420948443466,0.36293304436720575,0.36712825534520643,0.3782185431113011,0.33557421294660306,0.2729513141401193,0.3713864416728896,0.34592243413898627,0.39548061808426516,0.442939380915627,0.3250872786598127,0.37880447153847985,0.0,0.3714252147427278,0.37347538429661165,0.33623171178797107,0.347944590882043,0.3771188273490017,0.24242585553420448,0.3791675323399222,0.3262059429784939,0.3675353408690929,0.378593380993428,0.3544851177642968,0.3671867715162608,0.3693938915677708,0.3741252155232624,0.3712716943042439,0.32982736033777194,0.41501837467135105
0.3840825170359208,1.0,0.30917209020863623,0.342263258770375,0.44391226466311606,0.5596347524929384,0.40169049509075727,0.34394605956415814,0.37241352471508027,0.3552635070918353,0.4822030301587519,0.3427691024375562,0.4719711994441632,0.33320340372198276,0.32708232415169325,0.40456183562877923,0.3647658481506656,0.46835773614373954,0.4152569843175926,0.40942339595530497,0.45742918983923664,0.4513800122703393,0.4730062591414004,0.49881738615693705,0.41602239462051016,0.28630312943984737,0.4696619198965125,0.3436185478015381,0.3775459275464199,0.37785732314230824,0.3186572153406446,0.4459379705008759,0.0,0.4521124863179472,0.5798473388718037,0.3314672154615481,0.38373689601676264,0.46511187997667447,0.17170195976711256,0.47626716180212325,0.3246734323991819,0.5045200830206921,0.4804235690730766,0.3508531358205256,0.349572521214194,0.3506435971606786,0.5110491841472584,0.517297680430788,0.3453318206568039,0.3760308317927049
0.31688826321117847,0.30917209020863623,1.0,0.27049722934172815,0.27807343567862286,0.2835522728212978,0.279909284698051,0.2757237180871459,0.31042882221420387,0.2796626587059782,0.30601101103592,0.2701981791390311,0.3049499436463564,0.26680963129286506,0.263787809857876,0.28384311515824245,0.21101998910467368,0.292582201839089,0.26208796755631625,0.2862700408782223,0.2920452226498802,0.2876590988633384,0.2990197608627123,0.256611412588315,0.21258803219130074,0.16229882289195297,0.3001958443530369,0.27738046045109943,0.3141102439341269,0.32078840021253574,0.2574406582692318,0.2816130609941201,0.0,0.2910382969416849,0.2793266463595434,0.27862417231914416,0.26645703781231045,0.2900704290197549,0.13970054213261118,0.3079893299335673,0.26583510277666234,0.2887665254268422,0.30647294265611513,0.2792373897971977,0.2733365321526853,0.295190211364732,0.2962272025339021,0.29846767421913656,0.27529405138079566,0.3174743824686632
0.3468139149436237,0.342263258770375,0.27049722934172815,1.0,0.3434449593171033,0.32634232520865436,0.3130533733689359,0.5344804426651515,0.3487061136189098,0.560628030493155,0.33996660872656836,0.5405250132136816,0.3417213180111711,0.5829156372502906,0.5948784841311799,0.32483446384376247,0.26198314848553694,0.3234583865018974,0.29745477454846836,0.3185389312610032,0.31640111239877455,0.32004095192386917,0.3347296512300738,0.3160351129421911,0.27447888930628317,0.21155930681082769,0.3314246106390719,0.5630735357098677,0.355881055699814,0.34026846953472556,0.5330530193384581,0.3403863487079185,0.0,0.3207812373949819,0.32824807958730884,0.4606018694693992,0.30329816002025833,0.32271644986395254,0.2763716966699493,0.3285819185090124,0.5494386858179734,0.32367631752346426,0.33289805421689256,0.5613774061795783,0.5489933556992885,0.35205470458614785,0.3216973640746752,0.3225425659089973,0.5069241594080384,0.3716891911224066
0.3719206517745791,0.44391226466311606,0.27807343567862286,0.3434449593171033,1.0,0.462500705035086,0.3737233529217241,0.339839726980556,0.3755219641997328,0.3468721301390775,0.5509166036609383,0.33397138220625733,0.5188821945108336,0.32812817811988415,0.3439701770791658,0.40483025459358124,0.36148780377910705,0.45714293715841947,0.4242855683135568,0.3777483397174286,0.46043809904663735,0.463218490885691,0.46419870754576464,0.4425471843847055,0.3772368083059219,0.29333655086645494,0.47911205221138164,0.3163408355593901,0.3508130500039123,0.3701599346641703,0.33019849357201914,0.49458094276325826,0.0,0.4757387360751839,0.4537075865158664,0.3140897575715079,0.3678072545007458,0.47308056108533425,0.18002282916961032,0.49256189514753024,0.340076224973329,0.4543182502755836,0.503353936600131,0.33114167996978305,0.33641390502663326,0.3248307793917732,0.4610256362715718,0.4620507743041157,0.3189460327170732,0.3587339526396701
0.37277366147606295,0.5596347524929384,0.2835522728212978,0.32634232520865436,0.462500705035086,1.0,0.4013529455102669,0.3394853601198107,0.36118363551700583,0.3337674287472219,0.4651566193197424,0.32416753569123125,0.4603661357688914,0.3154749958853519,0.31719664094095434,0.40286264831936347,0.40071307607069573,0.4582707691810558,0.4135144077821439,0.4041935269583625,0.43698575805283146,0.4438768230000393,0.45662246681323504,0.514182514478535,0.44664713425551295,0.3225423896516031,0.4460252475035541,0.32725427104669025,0.3601723713003345,0.358685504219608,0.3096017061984049,0.44815689654735236,0.0,0.4613385499105874,0.5646388159192584,0.333058749965625,0.38153920074055836,0.4531343417193693,0.1984059379920763,0.4589166783866705,0.31486550833393145,0.50155060346186,0.4640033571242459,0.3326411322944036,0.3342947303548094,0.33342642771081965,0.5059959819306998,0.5069196795719342,0.3212914956602254,0.36721466545941883
0.3604755141783432,0.40169049509075727,0.279909284698051,0.3130533733689359,0.3737233529217241,0.4013529455102669,1.0,0.315744282523892,0.3590731337648152,0.31425792568093625,0.4057113076721961,0.3043591767273788,0.3985780968606558,0.2996464378811925,0.3010570478096155,0.7488423035771186,0.28853919010119267,0.43971445044969615,0.4111784128246543,0.8420275225177947,0.4350374923055599,0.4217390385257348,0.44678557427738064,0.35399522434929676,0.29594618945165097,0.22404406218599393,0.4079399560483109,0.3099436975679768,0.3488863674554815,0.35366561730142654,0.2943436768732711,0.39029113000011983,0.0,0.41363596624482457,0.40896153889503073,0.3302139943061647,0.7653162671158584,0.3784984259237577,0.1730413519471693,0.4015800130556457,0.2928088768100441,0.3977110587960696,0.40807386288869685,0.3138793665615405,0.31095571908076003,0.32372016055519337,0.38792109584681744,0.3915440086611127,0.3052430873415215,0.35415188829835786
0.3514992791229363,0.34394605956415814,0.2757237180871459,0.5344804426651515,0.339839726980556,0.3394853601198107,0.315744282523892,1.0,0.34351746509935865,0.5315168335551118,0.33576302845120076,0.5176719575187128,0.3446115711745583,0.5127330873060878,0.5038085259029305,0.32437699559913746,0.26997799496511177,0.32584817928573684,0.3040944425806211,0.32013565007072997,0.31776953630858384,0.3215459951412971,0.3319154321332545,0.3270728620266937,0.2755269804315118,0.2203427373840533,0.33614004912539996,0.7084893792334908,0.36254886721457646,0.34174882971702136,0.48972562856691226,0.33664314733478906,0.0,0.3259629717179594,0.33273900416588764,0.4504312742355906,0.3018571213242275,0.3366292586955125,0.2640231760601255,0.33547305829747553,0.4990100934741175,0.32764521414378833,0.33664873537376194,0.7054831026461119,0.6794194770885316,0.34978452410564165,0.3242620719351731,0.32476243927180093,0.48849378194833304,0.3676074213820856
0.44227543153653814,0.37241352471508027,0.31042882221420387,0.3487061136189098,0.3755219641997328,0.36118363551700583,0.3590731337648152,0.34351746509935865,1.0,0.3617580643264232,0.3866188386623487,0.33098155887051717,0.38980535216223333,0.33595190133736275,0.34396787014556585,0.37115001428351535,0.26599783210335226,0.36705626448107165,0.3236713236017209,0.3684499969596866,0.35802773736630245,0.36533725281232354,0.3717830593318826,0.339590748217117,0.27424175779072024,0.20952726352049444,0.379732576802173,0.3337380774266524,0.38947466032121647,0.46369558477188555,0.3303940257917374,0.355942472146221,0.0,0.36327518790141755,0.36318205554500316,0.34396599325367627,0.34703285063754463,0.35900712050667516,0.18614468376407733,0.3832091099394265,0.3341139028604232,0.36473785717380813,0.38607703238920965,0.33670624687553563,0.3312565215831099,0.372690418331172,0.3615053306915129,0.3651450422537391,0.3340289331083903,0.4049958082277858
0.36547389841731104,0.3552635070918353,0.2796626587059782,0.560628030493155,0.3468721301390775,0.3337674287472219,0.31425792568093625,0.5315168335551118,0.3617580643264232,1.0,0.3544818119018266,0.514177737479107,0.35643446178514104,0.5422822502375739,0.5322467779048005,0.3270151081377347,0.24736907182127488,0.33061715650782486,0.3018241108233555,0.3212538741925123,0.31904571248435,0.32918733794317867,0.33006892419444833,0.3083522913040503,0.2577361733708775,0.1937159983972393,0.34146418792659283,0.5442932623036982,0.3655408714419758,0.351778227560385,0.5418813803740268,0.32834763131243383,0.0,0.3277422162690412,0.33259948617173263,0.4738600036587788,0.30374886609252905,0.32871147902680353,0.264074095335748,0.34149326680468217,0.5468429596265317,0.3312506231713702,0.3402829101321788,0.5437045544183117,0.5463931568507387,0.353855339412841,0.3281549574217115,0.3317958947946956,0.520850697566504,0.37170008495386186
0.38286298353317283,0.4822030301587519,0.30601101103592,0.33996660872656836,0.5509166036609383,0.4651566193197424,0.4057113076721961,0.33576302845120076,0.3866188386623487,0.3544818119018266,1.0,0.32985362192925116,0.5657140831400984,0.3351209654431746,0.3282100329672538,0.41539284166071444,0.3346967571787466,0.5324691266615599,0.46158934641642846,0.41687346895814725,0.5125482448844634,0.5312253123294389,0.5361469791660468,0.4244280044669787,0.3387383633016441,0.26140268522800525,0.5422795419307627,0.33747368007558565,0.3736626019096623,0.38776358163554936,0.32158617289566016,0.49214637687211393,0.0,0.5187363628069677,0.47186135454279154,0.3465252260487389,0.39075320610181064,0.510458966599433,0.17797405585580517,0.5607395162620753,0.3259624792512428,0.49243009892325007,0.5516246045491471,0.34119005776941136,0.33786443893587326,0.35553213395438676,0.4858725519058974,0.4919539356236182,0.3403479011803242,0.3852656760839679
0.36147778646179696,0.3427691024375562,0.2701981791390311,0.5405250132136816,0.33397138220625733,0.32416753569123125,0.3043591767273788,0.5176719575187128,0.33098155887051717,0.514177737479107,0.32985362192925116,1.0,0.3321158499128066,0.5141762696359268,0.6153524252295126,0.31816609243624194,0.29168904254048056,0.31147071108398405,0.2957609714171743,0.30829607482679866,0.31275699103622767,0.311553800919263,0.3217464792249287,0.33801747849154984,0.29971124088560397,0.2530738854668817,0.32329455739269564,0.5147623477427975,0.3608939048607107,0.3350614707804095,0.4786143243897726,0.340165715037975,0.0,0.3240004306461358,0.32945050798448205,0.4374644611834616,0.2971747962779896,0.33159723740329883,0.27492114915376364,0.3264242055446559,0.4883994966325972,0.3129565068955219,0.32933009332956287,0.5201425949143375,0.5230495260756582,0.34568885995777343,0.3279317529549334,0.3237874345526732,0.47431443458611855,0.36162514946783686
0.3828631654389032,0.4719711994441632,0.3049499436463564,0.3417213180111711,0.5188821945108336,0.4603661357688914,0.3985780968606558,0.3446115711745583,0.38980535216223333,0.35643446178514104,0.5657140831400984,0.3321158499128066,1.0,0.32817463119317336,0.33646056862678764,0.4152195266920732,0.3352088607482411,0.5304870859735153,0.5128828369778804,0.40766289013787305,0.5319016760131925,0.587136826347933,0.5792746147947971,0.4249130342684413,0.3304766768890133,0.25967090540524695,0.5754791439617146,0.3351653856371465,0.37009927725716185,0.39507768075801697,0.3267451882839443,0.5248481099180249,0.0,0.5584848236243934,0.46728597659700766,0.33330058326204903,0.38894640349446763,0.5302367595324189,0.17215131427912467,0.5797792368146399,0.3292495864609545,0.47585891393806334,0.5710912638128505,0.3388514695516254,0.3334012609549817,0.3427990962567916,0.4758429688491139,0.4813631587534596,0.3335730572423129,0.38026588721366705
0.33041857042272416,0.33320340372198276,0.26680963129286506,0.5829156372502906,0.32812817811988415,0.3154749958853519,0.2996464378811925,0.5127330873060878,0.33595190133736275,0.5422822502375739,0.3351209654431746,0.5141762696359268,0.32817463119317336,1.0,0.5789039242044669,0.3052855183777392,0.23364653864224083,0.3159270405317294,0.29010358319822216,0.3075444094250388,0.304120606728281,0.3131393660371181,0.3229094591894627,0.2824360597502734,0.23854807926007782,0.18246163373441748,0.3251655295471756,0.5524712513480429,0.3586339027248435,0.32771953469324167,0.5253336579851569,0.3154605173294862,0.0,0.316904694904392,0.31834685439569943,0.4596920547092689,0.2890648696745779,0.316274011305277,0.24636086403440527,0.32105130641207646,0.5399818749862595,0.31160846312989,0.32963835529559904,0.5464298152341,0.537271315966783,0.34817040642648855,0.3136083975550389,0.31719985983850385,0.4986518007774585,0.36400873118702437
0.32815435258197656,0.32708232415169325,0.263787809857876,0.5948784841311799,0.3439701770791658,0.31719664094095434,0.3010570478096155,0.5038085259029305,0.34396787014556585,0.5322467779048005,0.3282100329672538,0.6153524252295126,0.33646056862678764,0.5789039242044669,1.0,0.31421460472869456,0.2418392390006623,0.3108076154970182,0.2884349229056633,0.30661423184783076,0.30480701465917603,0.3147056645572456,0.32239872607230635,0.29732538453610413,0.24709305460269038,0.19051900110618236,0.32166120354907457,0.5183340862348778,0.35151238623844694,0.3313129809761177,0.5281004809177742,0.32269431641041046,0.0,0.3146957554045824,0.31818719449704547,0.45036815880676895,0.29243312651169084,0.31442364190008376,0.25320757378505554,0.32143097965313416,0.5377727302761683,0.3121496177565204,0.3269489747061035,0.5179658617988027,0.5069342570334407,0.34698520509764874,0.3183511233977673,0.322219302897195,0.48887438827725826,0.37220126722197644
0.36680382194755223,0.40456183562877923,0.28384311515824245,0.32483446384376247,0.40483025459358124,0.40286264831936347,0.7488423035771186,0.32437699559913746,0.37115001428351535,0.3270151081377347,0.41539284166071444,0.31816609243624194,0.4152195266920732,0.3052855183777392,0.31421460472869456,1.0,0.3012672339022351,0.42172012729624886,0.4103370175584784,0.7630849322716089,0.4152353215861836,0.4260518367855409,0.43601382921577925,0.37374356393651786,0.31256004695930806,0.24039760921820397,0.40712693012166756,0.3104895352952187,0.3546106766646929,0.36954345611015793,0.30950859312388823,0.4000647877254534,0.0,0.4117516187992276,0.4081483482801811,0.3235564202360459,0.7441142176108876,0.38407768066550185,0.16776105698616717,0.40347264741599465,0.3065920253508049,0.3989805176836847,0.40968229182506677,0.3163445686358016,0.31512088025684337,0.3273420918315679,0.39399165067505404,0.3978186254607453,0.3119207964442797,0.3564589373291397
0.3293288994207222,0.3647658481506656,0.21101998910467368,0.26198314848553694,0.36148780377910705,0.40071307607069573,0.28853919010119267,0.26997799496511177,0.26599783210335226,0.24736907182127488,0.3346967571787466,0.29168904254048056,0.3352088607482411,0.23364653864224083,0.2418392390006623,0.3012672339022351,1.0,0.3224166296883295,0.2965877735364203,0.29025844308923665,0.31127497341548505,0.32320712591596823,0.3277373026677718,0.5959168495701108,0.6211665339402683,0.5964060490328102,0.32286990251172076,0.2509624935887804,0.26289493389507135,0.26957989127064985,0.23141043623351887,0.4398780058568912,0.0,0.35871820918526953,0.39986561137211085,0.2402216341428226,0.28375009590245037,0.3689944014370856,0.256113027299792,0.3486216419866023,0.23287134724254943,0.34729130112766093,0.33338850487147587,0.27643660505638523,0.29219537949496155,0.2529140946418562,0.4261768891473857,0.3859430201206918,0.23304823276600195,0.2860562908527928
0.3671756137020017,0.46835773614373954,0.292582201839089,0.3234583865018974,0.45714293715841947,0.4582707691810558,0.43971445044969615,0.32584817928573684,0.36705626448107165,0.33061715650782486,0.5324691266615599,0.31147071108398405,0.5304870859735153,0.3159270405317294,0.3108076154970182,0.42172012729624886,0.3224166296883295,1.0,0.5190529665874448,0.44070656613001224,0.5560790198619717,0.5495112810983075,0.5699751710869998,0.39874129206809195,0.3212747387926326,0.24850390951446832,0.5348259618481583,0.3256012504541822,0.36255592708260476,0.37173728592088107,0.3062579015430126,0.483267144204773,0.0,0.5216376678485538,0.46626904797322344,0.3453723503209811,0.415019776329852,0.4890150192592583,0.1778022050167022,0.5340103381467385,0.3051539708109746,0.46461288252211097,0.5302314981879599,0.32313203640067245,0.3196451761748771,0.33696538253537933,0.46074597792422944,0.4660419528724844,0.3180419029072111,0.36704225239282573
0.34044421062598285,0.4152569843175926,0.26208796755631625,0.29745477454846836,0.4242855683135568,0.4135144077821439,0.4111784128246543,0.3040944425806211,0.3236713236017209,0.3018241108233555,0.46158934641642846,0.2957609714171743,0.5128828369778804,0.29010358319822216,0.2884349229056633,0.4103370175584784,0.2965877735364203,0.5190529665874448,1.0,0.39910648516962977,0.4983460118005525,0.5370419771048405,0.5073013779988832,0.3671662358630212,0.30951400979012433,0.22611150530610524,0.47978729642861895,0.2971749138918597,0.3285909988685505,0.33311773239958775,0.2830637322194882,0.47312236477234704,0.0,0.4722389095362076,0.4263353996228758,0.3082967554570838,0.40101984534422164,0.4437621243210679,0.16146738133538152,0.4772405372759918,0.28097614815456606,0.4152416838888179,0.4770638157627438,0.3035671569553732,0.30126487076037745,0.3033726246445777,0.4104662354875721,0.4154644539279415,0.2903687874787493,0.3328722918185979
0.36442163810557326,0.40942339595530497,0.2862700408782223,0.3185389312610032,0.3777483397174286,0.4041935269583625,0.8420275225177947,0.32013565007072997,0.3684499969596866,0.3212538741925123,0.41687346895814725,0.30829607482679866,0.40766289013787305,0.3075444094250388,0.30661423184783076,0.7630849322716089,0.29025844308923665,0.44070656613001224,0.39910648516962977,1.0,0.43785164391518017,0.4246815770536654,0.44572062192594564,0.3587355868963217,0.29790820440476784,0.22927303947492061,0.4163769024626379,0.3162095823242024,0.35575162308705544,0.36254273984288965,0.29874417099654094,0.39082347489297964,0.0,0.41386357162239895,0.4085925472327292,0.33451390922118984,0.7709570515607915,0.3867071917675907,0.1715454537534581,0.4129685304095082,0.29916780832763534,0.4047766828556394,0.4171082039090155,0.3178243996580584,0.3137755613789256,0.3344733319167038,0.39693133385242274,0.400673026705738,0.3135848320319973,0.3632563697426572
0.35576420948443466,0.45742918983923664,0.2920452226498802,0.31640111239877455,0.46043809904663735,0.43698575805283146,0.4350374923055599,0.31776953630858384,0.35802773736630245,0.31904571248435,0.5125482448844634,0.31275699103622767,0.5319016760131925,0.304120606728281,0.30480701465917603,0.4152353215861836,0.31127497341548505,0.5560790198619717,0.4983460118005525,0.43785164391518017,1.0,0.5471769344452235,0.5751714967263007,0.3883670214242919,0.3167057459985343,0.24990755828641342,0.5346316176534355,0.31540116135232577,0.3529033308338103,0.3635600467408342,0.2961079091814023,0.4882080499489745,0.0,0.5302895632790544,0.4536912127028123,0.33489471951708183,0.40698512335934467,0.4943445458922505,0.1696447473766809,0.5431783352560686,0.30167224727494524,0.4419302290710627,0.5280012649788616,0.3182092191753353,0.3158290051444137,0.33764393085072286,0.45665204855955366,0.46140657984668154,0.31021884063194893,0.3587574554026034
0.36293304436720575,0.4513800122703393,0.2876590988633384,0.32004095192386917,0.463218490885691,0.4438768230000393,0.4217390385257348,0.3215459951412971,0.36533725281232354,0.32918733794317867,0.5312253123294389,0.311553800919263,0.587136826347933,0.3131393660371181,0.3147056645572456,0.4260518367855409,0.32320712591596823,0.5495112810983075,0.5370419771048405,0.4246815770536654,0.5471769344452235,1.0,0.7157538888908748,0.397567867341024,0.3244915689203023,0.24972868788802582,0.5450105085866095,0.31777386262320007,0.3524568814315997,0.36532432389931824,0.3037568554694705,0.5025364196764324,0.0,0.6385393503794028,0.4557122070439412,0.32798817329853736,0.4048185180372106,0.5022263586113106,0.17178820934284034,0.5505120649040984,0.30561118717576763,0.45461079019216755,0.549046303091292,0.32340288948532625,0.31760668597246666,0.3314430671693468,0.45143478043496366,0.4563823948458141,0.31785620811649096,0.36418967367635147
0.36712825534520643,0.4730062591414004,0.2990197608627123,0.3347296512300738,0.46419870754576464,0.45662246681323504,0.44678557427738064,0.3319154321332545,0.3717830593318826,0.33006892419444833,0.5361469791660468,0.3217464792249287,0.5792746147947971,0.3229094591894627,0.32239872607230635,0.43601382921577925,0.3277373026677718,0.5699751710869998,0.5073013779988832,0.44572062192594564,0.5751714967263007,0.7157538888908748,1.0,0.39778098086851954,0.3293587362630166,0.25452250558327083,0.5665688883783414,0.3315407209210467,0.367899625065615,0.3681806719094467,0.31081144249364223,0.5132026866955686,0.0,0.644577365643556,0.4606211109684051,0.34062821300516544,0.4251050584977555,0.5205437201581682,0.17588128216655596,0.5585267182089066,0.3097054613166119,0.4602303381662758,0.5587927720356998,0.32963992552302135,0.32426374144748016,0.34067721089606506,0.46058635815190674,0.46555295421842613,0.32218986466742405,0.36815419504422453
0.3782185431113011,0.49881738615693705,0.256611412588315,0.3160351129421911,0.4425471843847055,0.514182514478535,0.35399522434929676,0.3270728620266937,0.339590748217117,0.3083522913040503,0.4244280044669787,0.33801747849154984,0.4249130342684413,0.2824360597502734,0.29732538453610413,0.37374356393651786,0.5959168495701108,0.39874129206809195,0.3671662358630212,0.3587355868963217,0.3883670214242919,0.397567867341024,0.39778098086851954,1.0,0.6173398660056042,0.5119215816705391,0.4058815239309893,0.29365614235627335,0.31614006831790264,0.34098341074902727,0.28666427063092825,0.4691280747074693,0.0,0.41598834870250456,0.5333241623397609,0.28838361917073474,0.34657916059992055,0.41848189030685123,0.23863756984272244,0.42047544749606547,0.2933473117536368,0.44357622132366814,0.4072813201548937,0.31913334887027767,0.3290351135152324,0.3065084717301384,0.48254553279650725,0.4557637840403851,0.28435222371319757,0.34163057919481554
0.33557421294660306,0.41602239462051016,0.21258803219130074,0.27447888930628317,0.3772368083059219,0.44664713425551295,0.29594618945165097,0.2755269804315118,0.27424175779072024,0.2577361733708775,0.3387383633016441,0.29971124088560397,0.3304766768890133,0.23854807926007782,0.24709305460269038,0.31256004695930806,0.6211665339402683,0.3212747387926326,0.30951400979012433,0.29790820440476784,0.3167057459985343,0.3244915689203023,0.3293587362630166,0.6173398660056042,1.0,0.5756276720557858,0.32402482842317903,0.2519462717193697,0.2666826061652272,0.2715467883435243,0.23979001263097888,0.451899352579325,0.0,0.3532157979601891,0.4552948886468571,0.23848467623156266,0.29672220428573604,0.3697811442962099,0.24977237232834038,0.345464958442668,0.24339938243467663,0.35697769424152637,0.3335874628769504,0.2848697329023355,0.2976433583858167,0.2619765156412478,0.4194074160204029,0.3847537224187745,0.24570709691903414,0.28512280226990216
0.2729513141401193,0.28630312943984737,0.16229882289195297,0.21155930681082769,0.29333655086645494,0.3225423896516031,0.22404406218599393,0.2203427373840533,0.20952726352049444,0.1937159983972393,0.26140268522800525,0.2530738854668817,0.25967090540524695,0.18246163373441748,0.19051900110618236,0.24039760921820397,0.5964060490328102,0.24850390951446832,0.22611150530610524,0.22927303947492061,0.24990755828641342,0.24972868788802582,0.25452250558327083,0.5119215816705391,0.5756276720557858,1.0,0.25127808606109714,0.19959352121114715,0.20361280171029006,0.21323903618673512,0.18139460074862002,0.34772706085072136,0.0,0.28049880300411534,0.3213523408360779,0.18627414966779088,0.22006913146449614,0.3064336867730616,0.24607236193495619,0.2780146813962574,0.18424485064004903,0.2755685433305066,0.25605607330876134,0.22770829901127088,0.24180624321726285,0.20290612632135807,0.34773941087059834,0.3076837966539533,0.18830415136828582,0.22262611773678787
0.3713864416728896,0.4696619198965125,0.3001958443530369,0.3314246106390719,0.47911205221138164,0.4460252475035541,0.4079399560483109,0.33614004912539996,0.379732576802173,0.34146418792659283,0.5422795419307627,0.32329455739269564,0.5754791439617146,0.3251655295471756,0.32166120354907457,0.40712693012166756,0.32286990251172076,0.5348259618481583,0.47978729642861895,0.4163769024626379,0.5346316176534355,0.5450105085866095,0.5665688883783414,0.4058815239309893,0.32402482842317903,0.25127808606109714,1.0,0.32977815382868303,0.3710298809330189,0.3781586321053181,0.3123453530811132,0.5028798447235598,0.0,0.5311252268039623,0.4581195293963527,0.3357915481714001,0.3871530674716982,0.5825623299170845,0.1707584621375996,0.5733000304463187,0.3170379700895475,0.4637660826481873,0.636353013406096,0.3358525282968686,0.32701885595370583,0.34920522432088275,0.4609305899462307,0.4659204587955147,0.32743483360437287,0.37662668710365654
0.34592243413898627,0.3436185478015381,0.27738046045109943,0.5630735357098677,0.3163408355593901,0.32725427104669025,0.3099436975679768,0.7084893792334908,0.3337380774266524,0.5442932623036982,0.33747368007558565,0.5147623477427975,0.3351653856371465,0.5524712513480429,0.5183340862348778,0.3104895352952187,0.2509624935887804,0.3256012504541822,0.2971749138918597,0.3162095823242024,0.31540116135232577,0.31777386262320007,0.3315407209210467,0.29365614235627335,0.2519462717193697,0.19959352121114715,0.32977815382868303,1.0,0.3653903397533107,0.33527925649501955,0.5000364591934148,0.32470017119250894,0.0,0.31937433774199,0.3196006378573174,0.4542828146447345,0.2951374170594637,0.33555462596541763,0.26711606848792335,0.32965451375190435,0.5138731923956441,0.32104834544127003,0.3313984599599211,0.8044574302795903,0.7620474508511701,0.3529363275020856,0.3247752146823303,0.3254948975081947,0.5106335789284535,0.36367355323758654
0.39548061808426516,0.3775459275464199,0.3141102439341269,0.355881055699814,0.3508130500039123,0.3601723713003345,0.3488863674554815,0.36254886721457646,0.38947466032121647,0.3655408714419758,0.3736626019096623,0.3608939048607107,0.37009927725716185,0.3586339027248435,0.35151238623844694,0.3546106766646929,0.26289493389507135,0.36255592708260476,0.3285909988685505,0.35575162308705544,0.3529033308338103,0.3524568814315997,0.367899625065615,0.31614006831790264,0.2666826061652272,0.20361280171029006,0.3710298809330189,0.3653903397533107,1.0,0.3861483037997461,0.34415549361520936,0.3575496016340156,0.0,0.35917744835755105,0.35802524069348596,0.3577108392122905,0.3371272517833006,0.36404503264961585,0.19577816461553021,0.36842550012768627,0.3402853325910561,0.35368906856176074,0.3718731012569064,0.35938899605321295,0.35868588496608333,0.4426201624836813,0.3580461196462926,0.3608356601611288,0.3509861266188379,0.634314741754088
0.442939380915627,0.37785732314230824,0.32078840021253574,0.34026846953472556,0.3701599346641703,0.358685504219608,0.35366561730142654,0.34174882971702136,0.46369558477188555,0.351778227560385,0.38776358163554936,0.3350614707804095,0.39507768075801697,0.32771953469324167,0.3313129809761177,0.36954345611015793,0.26957989127064985,0.37173728592088107,0.33311773239958775,0.36254273984288965,0.3635600467408342,0.36532432389931824,0.3681806719094467,0.34098341074902727,0.2715467883435243,0.21323903618673512,0.3781586321053181,0.33527925649501955,0.3861483037997461,1.0,0.325486494104802,0.3512396449045573,0.0,0.35820205337763034,0.3649415915400621,0.3368369274485392,0.34125948703920905,0.35977491749614954,0.17706058644045064,0.3893413497540462,0.3299664131030272,0.36282591506856743,0.38379078277367384,0.3387776743266401,0.33393049595801694,0.3842907961974118,0.3724058543090687,0.3757436906355317,0.33489927533483643,0.40688426479639617
0.3250872786598127,0.3186572153406446,0.2574406582692318,0.5330530193384581,0.33019849357201914,0.3096017061984049,0.2943436768732711,0.48972562856691226,0.3303940257917374,0.5418813803740268,0.32158617289566016,0.4786143243897726,0.3267451882839443,0.5253336579851569,0.5281004809177742,0.30950859312388823,0.23141043623351887,0.3062579015430126,0.2830637322194882,0.29874417099654094,0.2961079091814023,0.3037568554694705,0.31081144249364223,0.28666427063092825,0.23979001263097888,0.18139460074862002,0.3123453530811132,0.5000364591934148,0.34415549361520936,0.325486494104802,1.0,0.31116145385063665,0.0,0.31172770661027793,0.3066534926590251,0.4405971575928286,0.289262702256199,0.30443564649506805,0.24227290511090238,0.3122315392987922,0.6502759630930037,0.3078993579411452,0.31606324518290396,0.5008679795340918,0.492422295547305,0.3329966309929363,0.306012885558117,0.3089659914392301,0.47170942055781395,0.3475985093455275
0.37880447153847985,0.4459379705008759,0.2816130609941201,0.3403863487079185,0.49458094276325826,0.44815689654735236,0.39029113000011983,0.33664314733478906,0.355942472146221,0.32834763131243383,0.49214637687211393,0.340165715037975,0.5248481099180249,0.3154605173294862,0.32269431641041046,0.4000647877254534,0.4398780058568912,0.483267144204773,0.47312236477234704,0.39082347489297964,0.4882080499489745,0.5025364196764324,0.5132026866955686,0.4691280747074693,0.451899352579325,0.34772706085072136,0.5028798447235598,0.32470017119250894,0.3575496016340156,0.3512396449045573,0.31116145385063665,1.0,0.0,0.5049004432848331,0.44519285087305316,0.3112364029697188,0.3910521254129127,0.5107821998127655,0.20474953310165078,0.521854692631981,0.3087279474246174,0.439593320241912,0.5207882991511252,0.33321660849819323,0.33963302968804987,0.3285094819082123,0.4672266416078481,0.4585729058327981,0.3081523573858169,0.35471402146645803
0.0,0.0,0.0,0.0,0.0,0.0,0.0,0.0,0.0,0.0,0.0,0.0,0.0,0.0,0.0,0.0,0.0,0.0,0.0,0.0,0.0,0.0,0.0,0.0,0.0,0.0,0.0,0.0,0.0,0.0,0.0,0.0,1.0,0.0,0.0,0.0,0.0,0.0,0.0,0.0,0.0,0.0,0.0,0.0,0.0,0.0,0.0,0.0,0.0,0.0
0.3714252147427278,0.4521124863179472,0.2910382969416849,0.3207812373949819,0.4757387360751839,0.4613385499105874,0.41363596624482457,0.3259629717179594,0.36327518790141755,0.3277422162690412,0.5187363628069677,0.3240004306461358,0.5584848236243934,0.316904694904392,0.3146957554045824,0.4117516187992276,0.35871820918526953,0.5216376678485538,0.4722389095362076,0.41386357162239895,0.5302895632790544,0.6385393503794028,0.644577365643556,0.41598834870250456,0.3532157979601891,0.28049880300411534,0.5311252268039623,0.31937433774199,0.35917744835755105,0.35820205337763034,0.31172770661027793,0.5049004432848331,0.0,1.0,0.46386151597328673,0.343191221975796,0.39475406667837387,0.5047282732366467,0.1923135557649458,0.5376025056464582,0.3065613181031984,0.45260686547802464,0.5462472063797983,0.3256335068071563,0.32604004774399653,0.3303627591478019,0.46111652809818293,0.4633140352462469,0.31229334011047194,0.3687776386214038
0.37347538429661165,0.5798473388718037,0.2793266463595434,0.32824807958730884,0.4537075865158664,0.5646388159192584,0.40896153889503073,0.33273900416588764,0.36318205554500316,0.33259948617173263,0.47186135454279154,0.32945050798448205,0.46728597659700766,0.31834685439569943,0.31818719449704547,0.4081483482801811,0.39986561137211085,0.46626904797322344,0.4263353996228758,0.4085925472327292,0.4536912127028123,0.4557122070439412,0.4606211109684051,0.5333241623397609,0.4552948886468571,0.3213523408360779,0.4581195293963527,0.3196006378573174,0.35802524069348596,0.3649415915400621,0.3066534926590251,0.44519285087305316,0.0,0.46386151597328673,1.0,0.32308510611533725,0.38546787223239687,0.43991715858781943,0.18558450819825767,0.46744077418297236,0.3090098471684505,0.5049503172110547,0.4693348297811427,0.32804265274960265,0.32884363936403194,0.33112776038773095,0.5027581072928196,0.5043061442727367,0.3174568086255759,0.3623409443352428
0.33623171178797107,0.3314672154615481,0.27862417231914416,0.4606018694693992,0.3140897575715079,0.333058749965625,0.3302139943061647,0.4504312742355906,0.34396599325367627,0.4738600036587788,0.3465252260487389,0.4374644611834616,0.33330058326204903,0.4596920547092689,0.45036815880676895,0.3235564202360459,0.2402216341428226,0.3453723503209811,0.3082967554570838,0.33451390922118984,0.33489471951708183,0.32798817329853736,0.34062821300516544,0.28838361917073474,0.23848467623156266,0.18627414966779088,0.3357915481714001,0.4542828146447345,0.3577108392122905,0.3368369274485392,0.4405971575928286,0.3112364029697188,0.0,0.343191221975796,0.32308510611533725,1.0,0.31404465877980625,0.31841215510125875,0.26440535047476466,0.3383704160343419,0.4456977870340608,0.3249742059327946,0.33409473795597655,0.4549212407675025,0.4531893901325821,0.34742369111243243,0.32120809243153026,0.32406947550235166,0.4580619519498045,0.3650256301097783
0.347944590882043,0.38373689601676264,0.26645703781231045,0.30329816002025833,0.3678072545007458,0.38153920074055836,0.7653162671158584,0.3018571213242275,0.34703285063754463,0.30374886609252905,0.39075320610181064,0.2971747962779896,0.38894640349446763,0.2890648696745779,0.29243312651169084,0.7441142176108876,0.28375009590245037,0.415019776329852,0.40101984534422164,0.7709570515607915,0.40698512335934467,0.4048185180372106,0.4251050584977555,0.34657916059992055,0.29672220428573604,0.22006913146449614,0.3871530674716982,0.2951374170594637,0.3371272517833006,0.34125948703920905,0.289262702256199,0.3910521254129127,0.0,0.39475406667837387,0.38546787223239687,0.31404465877980625,1.0,0.36569397739173726,0.16483891399802797,0.3779047951834502,0.2841639665159771,0.38275176124131016,0.3909649348704961,0.2976918728865,0.29503019081336357,0.3077926152616055,0.36995226271770987,0.3736069553303384,0.28981249835193346,0.337656744886203
0.3771188273490017,0.46511187997667447,0.2900704290197549,0.32271644986395254,0.47308056108533425,0.4531343417193693,0.3784984259237577,0.3366292586955125,0.35900712050667516,0.32871147902680353,0.510458966599433,0.33159723740329883,0.5302367595324189,0.316274011305277,0.31442364190008376,0.38407768066550185,0.3689944014370856,0.4890150192592583,0.4437621243210679,0.3867071917675907,0.4943445458922505,0.5022263586113106,0.5205437201581682,0.41848189030685123,0.3697811442962099,0.3064336867730616,0.5825623299170845,0.33555462596541763,0.36404503264961585,0.35977491749614954,0.30443564649506805,0.5107821998127655,0.0,0.5047282732366467,0.43991715858781943,0.31841215510125875,0.36569397739173726,1.0,0.2036710212119479,0.545368956461767,0.3108483313282928,0.45242919563053074,0.6206763341616665,0.3360024070157376,0.3356384381614499,0.33481742258947944,0.4809810509804986,0.4759491019623334,0.32528202080625557,0.36225506227339455
0.24242585553420448,0.17170195976711256,0.13970054213261118,0.2763716966699493,0.18002282916961032,0.1984059379920763,0.1730413519471693,0.2640231760601255,0.18614468376407733,0.264074095335748,0.17797405585580517,0.27492114915376364,0.17215131427912467,0.24636086403440527,0.25320757378505554,0.16776105698616717,0.256113027299792,0.1778022050167022,0.16146738133538152,0.1715454537534581,0.1696447473766809,0.17178820934284034,0.17588128216655596,0.23863756984272244,0.24977237232834038,0.24607236193495619,0.1707584621375996,0.26711606848792335,0.19577816461553021,0.17706058644045064,0.24227290511090238,0.20474953310165078,0.0,0.1923135557649458,0.18558450819825767,0.26440535047476466,0.16483891399802797,0.2036710212119479,1.0,0.1807475155835122,0.24472571610131433,0.17276045583918487,0.17381097822079883,0.26538470192850294,0.2741256183049746,0.1832072100061407,0.20258545842078102,0.18178104964483588,0.24848254148602145,0.2129840057862925
0.3791675323399222,0.47626716180212325,0.3079893299335673,0.3285819185090124,0.49256189514753024,0.4589166783866705,0.4015800130556457,0.33547305829747553,0.3832091099394265,0.34149326680468217,0.5607395162620753,0.3264242055446559,0.5797792368146399,0.32105130641207646,0.32143097965313416,0.40347264741599465,0.3486216419866023,0.5340103381467385,0.4772405372759918,0.4129685304095082,0.5431783352560686,0.5505120649040984,0.5585267182089066,0.42047544749606547,0.345464958442668,0.2780146813962574,0.5733000304463187,0.32965451375190435,0.36842550012768627,0.3893413497540462,0.3122315392987922,0.521854692631981,0.0,0.5376025056464582,0.46744077418297236,0.3383704160343419,0.3779047951834502,0.545368956461767,0.1807475155835122,1.0,0.31657131832612606,0.4760912258413307,0.5845238066039009,0.33360559148609237,0.33382661541733794,0.35542921268350336,0.49784146324534206,0.5003333732101662,0.32698426506636347,0.38326446687332694
