../ecoli_genomes/GCF_000163235.1_ASM16323v1_genomic.fna.gz,../ecoli_genomes/GCF_000164555.1_ASM16455v1_genomic.fna.gz,../ecoli_genomes/GCF_000208545.1_ASM20854v2_genomic.fna.gz,../ecoli_genomes/GCF_000233875.1_ASM23387v1_genomic.fna.gz,../ecoli_genomes/GCF_000249735.1_ASM24973v2_genomic.fna.gz,../ecoli_genomes/GCF_000261145.1_Esch_coli_M919_V2_genomic.fna.gz,../ecoli_genomes/GCF_000267705.2_ASM26770v2_genomic.fna.gz,../ecoli_genomes/GCF_000350665.1_Esch_coli_KTE5_V1_genomic.fna.gz,../ecoli_genomes/GCF_000351625.1_Esch_coli_KTE66_V1_genomic.fna.gz,../ecoli_genomes/GCF_000352285.1_Esch_coli_KTE46_V1_genomic.fna.gz,../ecoli_genomes/GCF_000358895.1_ASM35889v1_genomic.fna.gz,../ecoli_genomes/GCF_000456385.1_Esch_coli_HVH_26_4-5703913_V1_genomic.fna.gz,../ecoli_genomes/GCF_000458195.1_Esch_coli_HVH_147_4-5893887_V1_genomic.fna.gz,../ecoli_genomes/GCF_000459755.1_Esch_coli_KOEGE_58_171a_V1_genomic.fna.gz,../ecoli_genomes/GCF_000460055.1_Esch_coli_UMEA_3053-1_V1_genomic.fna.gz,../ecoli_genomes/GCF_000462165.2_ASM46216v2_genomic.fna.gz,../ecoli_genomes/GCF_000601135.1_ASM60113v1_genomic.fna.gz,../ecoli_genomes/GCF_000614595.1_Ec2010EL1058_genomic.fna.gz,../ecoli_genomes/GCF_000617745.1_Ec2010C-4529_genomic.fna.gz,../ecoli_genomes/GCF_000618265.2_EcF6751_genomic.fna.gz,../ecoli_genomes/GCF_000619005.2_Ec2009C-4052_genomic.fna.gz,../ecoli_genomes/GCF_000619105.1_Ec2009C-4780_genomic.fna.gz,../ecoli_genomes/GCF_000619765.2_Ec2009C-3279_genomic.fna.gz,../ecoli_genomes/GCF_000687005.1_ASM68700v1_genomic.fna.gz,../ecoli_genomes/GCF_000687025.1_ASM68702v1_genomic.fna.gz,../ecoli_genomes/GCF_000700125.1_ASM70012v1_genomic.fna.gz,../ecoli_genomes/GCF_000753315.1_FHI35_genomic.fna.gz,../ecoli_genomes/GCF_000776375.1_ASM77637v1_genomic.fna.gz,../ecoli_genomes/GCF_000779395.1_ASM77939v1_genomic.fna.gz,../ecoli_genomes/GCF_000780315.1_ASM78031v1_genomic.fna.gz,../ecoli_genomes/GCF_000781995.1_ASM78199v1_genomic.fna.gz,../ecoli_genomes/GCF_000986765.1_ASM98676v1_genomic.fna.gz,../ecoli_genomes/GCF_001041375.1_ViralProj287958_genomic.fna.gz,../ecoli_genomes/GCF_001265335.1_302014_genomic.fna.gz,../ecoli_genomes/GCF_001265625.1_100854_genomic.fna.gz,../ecoli_genomes/GCF_001267345.1_303289_genomic.fna.gz,../ecoli_genomes/GCF_001309985.1_ASM130998v1_genomic.fna.gz,../ecoli_genomes/GCF_001521695.1_ASM152169v1_genomic.fna.gz,../ecoli_genomes/GCF_001592595.1_ASM159259v1_genomic.fna.gz,../ecoli_genomes/GCF_001614975.1_ASM161497v1_genomic.fna.gz,../ecoli_genomes/GCF_001692775.1_ASM169277v1_genomic.fna.gz,../ecoli_genomes/GCF_001748915.1_ASM174891v1_genomic.fna.gz,../ecoli_genomes/GCF_001749235.1_ASM174923v1_genomic.fna.gz,../ecoli_genomes/GCF_001881155.1_ASM188115v1_genomic.fna.gz,../ecoli_genomes/GCF_001881345.1_ASM188134v1_genomic.fna.gz,../ecoli_genomes/GCF_001892405.1_ASM189240v1_genomic.fna.gz,../ecoli_genomes/GCF_001892585.1_ASM189258v1_genomic.fna.gz,../ecoli_genomes/GCF_001893985.1_ASM189398v1_genomic.fna.gz,../ecoli_genomes/GCF_002001595.1_ASM200159v1_genomic.fna.gz,../ecoli_genomes/GCF_002002145.1_ASM200214v1_genomic.fna.gz
1.0,0.3224386318226893,0.24884666743162298,0.2956475585578118,0.328519196279656,0.3121418121793952,0.29857365189933094,0.30126224242109756,0.3985738983788192,0.3011474046896031,0.33090127310268813,0.3026706567943832,0.31782987447853006,0.279066877387243,0.2792772378587567,0.31398326378750796,0.26778494495616756,0.30130508477692597,0.2841423784714765,0.2992749494305108,0.29533225882576775,0.3007348055467278,0.30831499681239416,0.3300783429480971,0.2856472213934991,0.2629899494140896,0.3125787565132475,0.28056499307561933,0.3389063873382877,0.39757141733461565,0.2650938907408147,0.31891007205271027,0.0,0.3180036408258694,0.3168987724737352,0.2732707938737128,0.28721544427390244,0.31575259226284147,0.21840630123182003,0.31805095614255807,0.2793002984923949,0.3080884164137849,0.31023490836567724,0.30067428083032,0.3077307421506911,0.3175545026317368,0.3088651106857101,0.30970748318512353,0.2714082725390564,0.3538519020258123
0.3224386318226893,1.0,0.22685526266336087,0.26419016728005407,0.3907616665250859,0.5276821670146997,0.34520080366720485,0.2696811841158926,0.2963204565552452,0.27910275600216616,0.4221869896468945,0.2759609538928133,0.41112774326132595,0.2631848316718207,0.2579436628473828,0.3430850477293924,0.3193753470947899,0.4128760535069803,0.3642609587484398,0.3459236313897619,0.3980969522178376,0.370271524035403,0.40800823069722414,0.49835748305194727,0.39486802036022406,0.3323739603150391,0.41304633687838865,0.27183604291727514,0.30400812805655153,0.3048542752797285,0.250023929794681,0.38881066083588,0.0,0.3988022001402771,0.5502800900619036,0.2545859174464826,0.32365431419926294,0.4148132637945434,0.14267101727923892,0.4115086895743735,0.25855325696675524,0.4638203451761512,0.4189221986928605,0.2818124838115893,0.2775725393204914,0.2813673682243566,0.45133919053730576,0.4553040327429556,0.2757108783154696,0.29427448759250674
0.24884666743162298,0.22685526266336087,1.0,0.1980570297786569,0.20070190192268778,0.2074404031295679,0.21284082792610504,0.20194796704288953,0.23852597488940097,0.20798980055712157,0.2257605071424289,0.2010365042857396,0.2155692917598797,0.20219355401608952,0.19614183218058046,0.21075033909674956,0.14874108611536696,0.21556528224478144,0.19271195616991987,0.21363347876902716,0.2116343888836718,0.20260796708633377,0.21807933591664097,0.193312919320886,0.15637759234170023,0.14648133904405802,0.21983495944430598,0.20415641207039736,0.2401509918398369,0.24416837203457042,0.18970982748094478,0.20586250359309788,0.0,0.216926487070217,0.20871212872065348,0.2074698369238298,0.2010255344005727,0.2136154233920935,0.11366774075775643,0.21919441976302578,0.19699359989840404,0.21550003831797715,0.2263311983233821,0.20738125461036172,0.2015059416410433,0.22691975394727548,0.2127953966807592,0.21420278952892202,0.21392475216099027,0.24059289102563242
0.2956475585578118,0.26419016728005407,0.1980570297786569,1.0,0.2887817619227917,0.25818891594455606,0.24756485040591303,0.4931381483141051,0.2795936499766045,0.5211904153497842,0.26826920064943927,0.5083958953758112,0.2704030689221212,0.5347506442148525,0.5602356253621639,0.26712611637307015,0.20408093080499068,0.25085070223610273,0.23351530949964738,0.24800734289458437,0.24467841853185335,0.24650924730427937,0.2626097312003114,0.25614584214997915,0.22229529149944793,0.1981882427413646,0.25914645487745624,0.5088543388495959,0.29684077931977393,0.275870881894543,0.49830148169238664,0.2731627661379352,0.0,0.25677739856913273,0.25683742217852423,0.40386831793469213,0.2425616270373505,0.2504562573422783,0.27542435013108846,0.2520642156963909,0.5238923323627216,0.2544310670888901,0.255152919559413,0.52341595949412,0.5119533085344357,0.29287880110271125,0.24536035950896773,0.2470853951170331,0.4507347829131916,0.31092748146062654
0.328519196279656,0.3907616665250859,0.20070190192268778,0.2887817619227917,1.0,0.40447982654720716,0.32812857699048525,0.29021716924727914,0.31083634116778025,0.2914945528115763,0.5408387661408269,0.2809904373680625,0.48441724087016247,0.26732151260871684,0.2915218968604437,0.37341613227004344,0.3328284895574575,0.4162368935795824,0.39209535348412583,0.3304230646921198,0.4248756526597458,0.4071977503534948,0.4292782980007419,0.41873093085458746,0.3549871463065528,0.33895317946139003,0.44110906886016565,0.2504984565802393,0.27840235186825524,0.3085660635753912,0.2667556164933139,0.4635732786402128,0.0,0.44565875064993177,0.4087055267211478,0.24817437090013839,0.3310173985562358,0.43824580305615224,0.18414304347189303,0.45244209135293034,0.28585766654963385,0.4082834832372171,0.45306521231038144,0.2797613238429243,0.28317195994420874,0.2677890359758638,0.413086141294576,0.4156126419347521,0.25842531438214345,0.2854251485285664
0.3121418121793952,0.5276821670146997,0.2074404031295679,0.25818891594455606,0.40447982654720716,1.0,0.34381337972985937,0.2734541451530166,0.2889557443528621,0.25945777669646064,0.4106746251979806,0.2618938919470931,0.40355797368348945,0.2516415429173188,0.25500711752043415,0.3495729933709978,0.3343711355513491,0.4030200502738781,0.3665997844502066,0.3403381356450882,0.3812913186204242,0.411787389407697,0.399347426147888,0.4985593118721594,0.42125505258403917,0.3402707752724148,0.3909325410047355,0.2569327094331686,0.29334853721867926,0.2875167581312388,0.23590540418179673,0.3992535925581686,0.0,0.4038194873039983,0.5361647207690062,0.25920710160431026,0.32746413781328,0.403147961124499,0.16834881619122855,0.40016183162114094,0.25058924742873767,0.45711788464435454,0.4031226909978577,0.26564831019525703,0.26495421705311106,0.27033781500777765,0.44862018750079746,0.4516001483014508,0.2506725840188557,0.29472633852721064
0.29857365189933094,0.34520080366720485,0.21284082792610504,0.24756485040591303,0.32812857699048525,0.34381337972985937,1.0,0.2528272321191799,0.2871616326629305,0.2493550749795086,0.36019360031745506,0.24850557803187934,0.3501987184935018,0.24728152954188165,0.2426378265298812,0.7552888626567393,0.2424429534300916,0.3817967792067716,0.3501042129368398,0.8668537193172199,0.3852277134492247,0.3485172581107071,0.3843807619152124,0.31920083026692947,0.25647523136513495,0.24666315277290263,0.3547115286185776,0.24851935556688032,0.28295626295169474,0.29048551831193514,0.23316353880987883,0.3397781959098449,0.0,0.3559444483350609,0.3528138825478262,0.26524483963775414,0.7784508976923659,0.3302462158354953,0.14939226417337792,0.35193774368197017,0.23738560576071532,0.34713414459744374,0.3528432482379177,0.25108281661163123,0.24990638390345377,0.26478362177645043,0.33186871234866977,0.3339144886857648,0.24510438948197377,0.28479566368686393
0.30126224242109756,0.2696811841158926,0.20194796704288953,0.4931381483141051,0.29021716924727914,0.2734541451530166,0.2528272321191799,1.0,0.27397509021597355,0.502513485561459,0.2675809030687756,0.4928178481545892,0.26994043819285607,0.4790206333238989,0.48126570935847457,0.26816108415864726,0.2276210716648065,0.2545649783434474,0.23844966275725754,0.25282494036300784,0.24972339935115206,0.25084282827478244,0.25994557715206645,0.2802519493785728,0.24394319067797787,0.22227999483610728,0.2635435580638087,0.6727820805445277,0.30573170758508983,0.2749246837287832,0.46202168910674735,0.2735126710365615,0.0,0.26805291151577326,0.2677055049790791,0.40195666044631495,0.24631971490666682,0.2769168834219655,0.2800279926801107,0.26754627491710414,0.4819600454347086,0.260636790165065,0.2652092900482509,0.6907339929919694,0.6614630275264662,0.29490893181148203,0.26101454062059404,0.26158919331301267,0.4409670900967203,0.3143720756830706
0.3985738983788192,0.2963204565552452,0.23852597488940097,0.2795936499766045,0.31083634116778025,0.2889557443528621,0.2871616326629305,0.27397509021597355,1.0,0.29199864642473183,0.3156928334489667,0.2652620822050481,0.31044572585117647,0.2710131781548497,0.2777634819225232,0.300338429684349,0.20836342602647617,0.2954962758116285,0.26368893754215283,0.28868028648850275,0.2866045972377651,0.2804625001508021,0.29891019081570513,0.28912941234795664,0.22535652432663245,0.20908343256855488,0.3034203288180558,0.260409617491958,0.33267576540835186,0.4078550860594594,0.26584283881411874,0.28992304774805255,0.0,0.29845592263301357,0.29216304243641267,0.2726748049246285,0.2763458857605713,0.28305097792704115,0.15923405678105296,0.29911445121718705,0.27428582662874523,0.3003556369332845,0.304265294442882,0.2697290624707511,0.26523892357773293,0.3044240807512072,0.28052749477281647,0.28299878639773624,0.26417507526844086,0.341095572696289
0.3011474046896031,0.27910275600216616,0.20798980055712157,0.5211904153497842,0.2914945528115763,0.25945777669646064,0.2493550749795086,0.502513485561459,0.29199864642473183,1.0,0.28120622634133086,0.4840885516401533,0.28012236833463344,0.5092154880352788,0.5012174698952995,0.2677766191015296,0.1871305631350696,0.2577980093828125,0.23591288528331056,0.2506793079257418,0.2518116042923938,0.2512111433014912,0.26014961494395983,0.2507350074927671,0.20772549943403973,0.19020622277489696,0.265803342921509,0.5034485923051362,0.3128694597279186,0.2868404500892239,0.5164723192943317,0.2616862918521593,0.0,0.26252641898669704,0.2585259213319394,0.4296123696450347,0.24212329290602885,0.25557488089789715,0.2613432781366818,0.26209299558904364,0.5338004368026126,0.2611530450486891,0.2638337025661456,0.510618206896833,0.5084645696340463,0.29487577655718467,0.2492536743228706,0.2508887989386154,0.47521365782620295,0.3137375218360182
0.33090127310268813,0.4221869896468945,0.2257605071424289,0.26826920064943927,0.5408387661408269,0.4106746251979806,0.36019360031745506,0.2675809030687756,0.3156928334489667,0.28120622634133086,1.0,0.2697689814887503,0.5264693623529011,0.269648886184608,0.2670924182507022,0.37052319171937975,0.2884945246482089,0.48294520569414046,0.4359321744106639,0.3620061456601228,0.4843652094829799,0.46881170715065756,0.4920847111208638,0.39154379482729784,0.3047266668682589,0.2973568305385773,0.5050985780211439,0.25958188268052096,0.3046863595455458,0.3236061354216032,0.2584641817375909,0.460266995244867,0.0,0.4844287633250436,0.42185906149571506,0.26788881138626386,0.34473509096701893,0.4703820006648791,0.1538973269180589,0.5142301671412983,0.26402731919929545,0.4429568862699119,0.5109374506231754,0.27056179705988903,0.26884255652839795,0.2839644351634949,0.41721265076335157,0.4210240277688041,0.27086881295222454,0.3084935246046395
0.3026706567943832,0.2759609538928133,0.2010365042857396,0.5083958953758112,0.2809904373680625,0.2618938919470931,0.24850557803187934,0.4928178481545892,0.2652620822050481,0.4840885516401533,0.2697689814887503,1.0,0.26315396109555755,0.49216292084821267,0.6093330094072921,0.2620341219774831,0.2618739911637854,0.2489446144050399,0.23631860077783173,0.24709782101035815,0.24850303150035147,0.2536549566574403,0.26036359549321086,0.2926209973453954,0.2761211102500267,0.26312577876761223,0.25904700591101704,0.4859462605093863,0.30264168281146353,0.2755902535602385,0.44186158784539376,0.2803333127601012,0.0,0.2692174853849144,0.2778327736105495,0.3965278480498611,0.24013164254515595,0.2780388880983353,0.32020497396793934,0.2704199510916355,0.4640636086305788,0.25540648214644346,0.2620205903086795,0.511748334448956,0.5067415172028423,0.30027523030517944,0.2782146128836971,0.277754549516692,0.4360565451161137,0.3052441405977986
0.31782987447853006,0.41112774326132595,0.2155692917598797,0.2704030689221212,0.48441724087016247,0.40355797368348945,0.3501987184935018,0.26994043819285607,0.31044572585117647,0.28012236833463344,0.5264693623529011,0.26315396109555755,1.0,0.2606671218452401,0.27185424704118744,0.368195549482099,0.28156181836534266,0.49337783500669297,0.490114847510321,0.3516825509718521,0.505966967500793,0.5356260583838123,0.5591777383126117,0.3929805174680554,0.2986942159594015,0.2880120209990261,0.5308940129542671,0.25421653713130565,0.29606225238051187,0.3185226353432836,0.254747876353561,0.49768247091084183,0.0,0.5409716372765636,0.4117152766792914,0.2579564320204587,0.3422604753526911,0.48378280085007574,0.14570146185191812,0.5374272016081576,0.2659453194737481,0.42684101188054246,0.5249087547712497,0.2630612269288274,0.25866671518656936,0.2738284102550673,0.4061909491439334,0.4095486902621781,0.2604238214003962,0.2995844969361168
0.279066877387243,0.2631848316718207,0.20219355401608952,0.5347506442148525,0.26732151260871684,0.2516415429173188,0.24728152954188165,0.4790206333238989,0.2710131781548497,0.5092154880352788,0.269648886184608,0.49216292084821267,0.2606671218452401,1.0,0.5441737385925403,0.2519150056087591,0.1786090907599177,0.25565268646005157,0.228800002869762,0.24873440754237774,0.24677755245683275,0.24237186559851964,0.2605830112288883,0.23262012661505815,0.19157618474735905,0.17791055075450934,0.2608687464716508,0.5085088937395338,0.31222201739078004,0.2691067535430528,0.48769550554876284,0.250919802746134,0.0,0.2528426307843392,0.24821430909928155,0.4121494724963981,0.23537994460814715,0.2518888320805799,0.25373317994805167,0.2514912365360381,0.5072196514479597,0.2524190230001965,0.2593368456888392,0.5051610403934086,0.4943355249372283,0.29797295748526886,0.24358897789015876,0.2454325076755477,0.4581259203286272,0.31582791696258283
0.2792772378587567,0.2579436628473828,0.19614183218058046,0.5602356253621639,0.2915218968604437,0.25500711752043415,0.2426378265298812,0.48126570935847457,0.2777634819225232,0.5012174698952995,0.2670924182507022,0.6093330094072921,0.27185424704118744,0.5441737385925403,1.0,0.26475085291379674,0.19763398708669455,0.24855115518981374,0.22896250056811218,0.24394360214993416,0.24147317223473697,0.24138377791475663,0.2591732654428587,0.2512386790727157,0.2067796771134922,0.19280210716953927,0.25802574690658375,0.4875703501002193,0.29514769945313746,0.27548133106084305,0.483852833558048,0.26413781973852357,0.0,0.25630363161129543,0.2554066058133193,0.40441431626357405,0.24071761303825667,0.24887056205871372,0.26086288357933096,0.24969789498546646,0.5078961539553404,0.2553544991962762,0.25815537558060975,0.5000717806792709,0.4899098995415343,0.29282984502702614,0.25040125337043195,0.2522709735195052,0.44586927091960626,0.31696328556359676
0.31398326378750796,0.3430850477293924,0.21075033909674956,0.26712611637307015,0.37341613227004344,0.3495729933709978,0.7552888626567393,0.26816108415864726,0.300338429684349,0.2677766191015296,0.37052319171937975,0.2620341219774831,0.368195549482099,0.2519150056087591,0.26475085291379674,1.0,0.2611012710544095,0.3637993259117277,0.348778030591143,0.7643978200838428,0.36405943902923543,0.3475834582575603,0.37140061182107886,0.34371878741864137,0.2804769058542542,0.27341240482250095,0.35085564326768337,0.24728498235277363,0.27697951861265235,0.304650171614791,0.24900070721244283,0.3531136666250433,0.0,0.3611337138683688,0.3574708472790237,0.2626355500871663,0.7383184142479129,0.33288641469975855,0.16455995418341107,0.352514797977284,0.2593526925942209,0.3492045194010257,0.34941575647366363,0.26381198133075967,0.264021458154472,0.2639487295623568,0.3394528376210726,0.3411542165888132,0.24959513888638807,0.28504851378237595
0.26778494495616756,0.3193753470947899,0.14874108611536696,0.20408093080499068,0.3328284895574575,0.3343711355513491,0.2424429534300916,0.2276210716648065,0.20836342602647617,0.1871305631350696,0.2884945246482089,0.2618739911637854,0.28156181836534266,0.1786090907599177,0.19763398708669455,0.2611012710544095,1.0,0.27033627861584364,0.2523767305641236,0.2411186768833662,0.2724980307487279,0.26889290467967486,0.28355169713628714,0.5037840001626086,0.6138117138051965,0.5598639251516085,0.27306316103984685,0.18696550913715493,0.19647922735662615,0.21974896052880322,0.17044262322113524,0.40687607572686224,0.0,0.31873051164517996,0.3952401156857679,0.18058432917060818,0.23712463154220376,0.33652266921371865,0.3387405165529944,0.33939466117444106,0.17921833877304494,0.31214684918266045,0.27957528288842715,0.2365322495858576,0.24461717255438098,0.22253826514771313,0.41926262915474277,0.41273821129000887,0.17452252197337703,0.2057339792707059
0.30130508477692597,0.4128760535069803,0.21556528224478144,0.25085070223610273,0.4162368935795824,0.4030200502738781,0.3817967792067716,0.2545649783434474,0.2954962758116285,0.2577980093828125,0.48294520569414046,0.2489446144050399,0.49337783500669297,0.25565268646005157,0.24855115518981374,0.3637993259117277,0.27033627861584364,1.0,0.48476740751959,0.38177239490030745,0.5123288556111982,0.47513826636268874,0.5235949690732478,0.3690659194261946,0.2822094273608029,0.27394368807757297,0.49874329798865347,0.2540200861831404,0.2949783064229141,0.3007186471458967,0.2383780432779088,0.44979918806886254,0.0,0.47787095490604303,0.4048394185774433,0.27202067183215495,0.3556955693075098,0.45183248117176655,0.14343954855971885,0.4902892959711683,0.24273281426697713,0.4236611000607179,0.486350705249481,0.25281360664483743,0.25074875624693693,0.2711478757211929,0.40372442939215947,0.40721868538746864,0.25093433234109863,0.2943829369127309
0.2841423784714765,0.3642609587484398,0.19271195616991987,0.23351530949964738,0.39209535348412583,0.3665997844502066,0.3501042129368398,0.23844966275725754,0.26368893754215283,0.23591288528331056,0.4359321744106639,0.23631860077783173,0.490114847510321,0.228800002869762,0.22896250056811218,0.348778030591143,0.2523767305641236,0.48476740751959,1.0,0.347017066077454,0.471384003379281,0.4899403996898146,0.47356335876089406,0.3437783703195729,0.2760030612744063,0.25725712940257517,0.4491556628774722,0.22784231088861517,0.2636960886485369,0.27269722481092085,0.21914966439911043,0.4488700408642958,0.0,0.4430670572995219,0.3742663137517446,0.24149015086893144,0.34054706264259227,0.41094767097297225,0.13908762332991365,0.44878572489779944,0.2241529844947352,0.37185473144892045,0.43946325508025774,0.23635938465533435,0.23457581616100298,0.24541041455968615,0.3610569728840368,0.3641922947349966,0.22617282285813134,0.26585713945832157
0.2992749494305108,0.3459236313897619,0.21363347876902716,0.24800734289458437,0.3304230646921198,0.3403381356450882,0.8668537193172199,0.25282494036300784,0.28868028648850275,0.2506793079257418,0.3620061456601228,0.24709782101035815,0.3516825509718521,0.24873440754237774,0.24394360214993416,0.7643978200838428,0.2411186768833662,0.38177239490030745,0.347017066077454,1.0,0.38455597973597755,0.34482761978556264,0.3839798305446883,0.31828705482749475,0.25590092197463077,0.245646477347907,0.3565069241275125,0.24920820701903534,0.28387497822996177,0.2918902903945768,0.2346428505307353,0.3383740801160522,0.0,0.3555448192713011,0.35055389304409745,0.26395696291536697,0.7723219646779483,0.33096094806541376,0.14865748197031114,0.35300621164451984,0.2390195416387223,0.3475140746502797,0.3542019586415238,0.2506670446672298,0.24891876997530793,0.26639254870414664,0.33243743611366927,0.334353246973049,0.2469242449820872,0.28562294793699206
0.29533225882576775,0.3980969522178376,0.2116343888836718,0.24467841853185335,0.4248756526597458,0.3812913186204242,0.3852277134492247,0.24972339935115206,0.2866045972377651,0.2518116042923938,0.4843652094829799,0.24850303150035147,0.505966967500793,0.24677755245683275,0.24147317223473697,0.36405943902923543,0.2724980307487279,0.5123288556111982,0.471384003379281,0.38455597973597755,1.0,0.48309580812053954,0.5422336314325586,0.3615239594775508,0.2814423602051941,0.2807131365759087,0.506857759044189,0.24931610664966464,0.28065669016876993,0.2943490567969672,0.2325241093479945,0.4608826555272364,0.0,0.5073702057423717,0.4007758929479668,0.2649606813074379,0.35962590933084115,0.4686204202638933,0.14707563525733625,0.5050292299245849,0.24197357276677645,0.397491461080396,0.4981685055962304,0.25132848384177064,0.2512212939735359,0.26848136815785206,0.39468093797086834,0.39763853949835415,0.2485588183898092,0.2833389222687711
0.3007348055467278,0.370271524035403,0.20260796708633377,0.24650924730427937,0.4071977503534948,0.411787389407697,0.3485172581107071,0.25084282827478244,0.2804625001508021,0.2512111433014912,0.46881170715065756,0.2536549566574403,0.5356260583838123,0.24237186559851964,0.24138377791475663,0.3475834582575603,0.26889290467967486,0.47513826636268874,0.4899403996898146,0.34482761978556264,0.48309580812053954,1.0,0.6623616388742612,0.3529245602964691,0.2987537540075209,0.26732885532703354,0.4805099267536769,0.24249466296747935,0.273174205163616,0.2853122843419943,0.23025954366323576,0.4695186324906926,0.0,0.6029621800989056,0.37874873822004984,0.2484778338104865,0.3282351630013822,0.44802191467369834,0.1445126053301259,0.4895189985706194,0.2348579149645701,0.38835199490947225,0.48015417274685235,0.2524466552273278,0.2514656807962643,0.2635953333731452,0.37008229744366716,0.37278944915400036,0.23854219679826505,0.28592032010493773
0.30831499681239416,0.40800823069722414,0.21807933591664097,0.2626097312003114,0.4292782980007419,0.399347426147888,0.3843807619152124,0.25994557715206645,0.29891019081570513,0.26014961494395983,0.4920847111208638,0.26036359549321086,0.5591777383126117,0.2605830112288883,0.2591732654428587,0.37140061182107886,0.28355169713628714,0.5235949690732478,0.47356335876089406,0.3839798305446883,0.5422336314325586,0.6623616388742612,1.0,0.3704160731060743,0.292080834224849,0.28228320734984325,0.5332336326405164,0.25965132431700333,0.2995053212356009,0.30090454471181816,0.24434788867100887,0.4841515974224566,0.0,0.6498013044146966,0.40382605396099225,0.26555495167971566,0.36412752900875356,0.4850473500945315,0.15045145546837402,0.5242711468277734,0.2493535428902205,0.4131303863143838,0.5182468183205919,0.2611517676674414,0.2583126375450985,0.2768639038679024,0.39664306140491756,0.3999118232222183,0.2553771739099119,0.2962796557243417
0.3300783429480971,0.49835748305194727,0.193312919320886,0.25614584214997915,0.41873093085458746,0.4985593118721594,0.31920083026692947,0.2802519493785728,0.28912941234795664,0.2507350074927671,0.39154379482729784,0.2926209973453954,0.3929805174680554,0.23262012661505815,0.2512386790727157,0.34371878741864137,0.5037840001626086,0.3690659194261946,0.3437783703195729,0.31828705482749475,0.3615239594775508,0.3529245602964691,0.3704160731060743,1.0,0.5655687578928396,0.5033299143463194,0.37413826029118546,0.23546605459529646,0.26347553053184203,0.28694563384721516,0.23095655204615695,0.43336581202128754,0.0,0.3949924424149104,0.5720567805066408,0.23593465528496205,0.3115339451567216,0.4051246426217774,0.27580580521220954,0.4105077883698739,0.2424587461558706,0.42892301460041227,0.37410008509040626,0.2753454923875924,0.2815738157090718,0.26376476253886205,0.4794834875913674,0.47547966249004636,0.23105279404903645,0.27339065381126204
0.2856472213934991,0.39486802036022406,0.15637759234170023,0.22229529149944793,0.3549871463065528,0.42125505258403917,0.25647523136513495,0.24394319067797787,0.22535652432663245,0.20772549943403973,0.3047266668682589,0.2761211102500267,0.2986942159594015,0.19157618474735905,0.2067796771134922,0.2804769058542542,0.6138117138051965,0.2822094273608029,0.2760030612744063,0.25590092197463077,0.2814423602051941,0.2987537540075209,0.292080834224849,0.5655687578928396,1.0,0.5615644724860959,0.28761536938566323,0.19543494824490326,0.2078451785352633,0.2341367328973547,0.18837055061393504,0.421716443850349,0.0,0.3251460818215248,0.47431361750559375,0.18688979183707255,0.2529039638474825,0.352043109711486,0.325761646033389,0.34769518740016236,0.19689411014127634,0.33904762528598753,0.29513159586402327,0.2600187942137939,0.2590364439986924,0.23716999097746372,0.4243318434598625,0.41857865076510337,0.19752266494487625,0.21854103116340695
0.2629899494140896,0.3323739603150391,0.14648133904405802,0.1981882427413646,0.33895317946139003,0.3402707752724148,0.24666315277290263,0.22227999483610728,0.20908343256855488,0.19020622277489696,0.2973568305385773,0.26312577876761223,0.2880120209990261,0.17791055075450934,0.19280210716953927,0.27341240482250095,0.5598639251516085,0.27394368807757297,0.25725712940257517,0.245646477347907,0.2807131365759087,0.26732885532703354,0.28228320734984325,0.5033299143463194,0.5615644724860959,1.0,0.27646421018205913,0.18489158084606028,0.19881161044769569,0.22272581711510642,0.17484816381720036,0.37402011244201316,0.0,0.31325559908867673,0.42775084590937207,0.17736850016096184,0.24117317087001122,0.368848471415518,0.3642584392222289,0.3580464844652821,0.18054141979656135,0.321759348422895,0.277879392290723,0.2404295535726817,0.24328272039379484,0.21910836243355503,0.438045562232552,0.43020492239836317,0.18437265247737133,0.2080030273974698
0.3125787565132475,0.41304633687838865,0.21983495944430598,0.25914645487745624,0.44110906886016565,0.3909325410047355,0.3547115286185776,0.2635435580638087,0.3034203288180558,0.265803342921509,0.5050985780211439,0.25904700591101704,0.5308940129542671,0.2608687464716508,0.25802574690658375,0.35085564326768337,0.27306316103984685,0.49874329798865347,0.4491556628774722,0.3565069241275125,0.506857759044189,0.4805099267536769,0.5332336326405164,0.37413826029118546,0.28761536938566323,0.27646421018205913,1.0,0.2572559208735733,0.29980114698906946,0.3054506861689724,0.25021674158341856,0.4778444594071022,0.0,0.5028687623150349,0.40318541282802034,0.2618488041034316,0.33387249465041535,0.5596595230962116,0.14339668460073973,0.5325247011764351,0.2551999477999939,0.4189196702256571,0.6159390005724514,0.2645050357579194,0.2580533719693243,0.2785390715115731,0.39549376396764124,0.39891186602118445,0.2580755359779575,0.2977199780368792
0.28056499307561933,0.27183604291727514,0.20415641207039736,0.5088543388495959,0.2504984565802393,0.2569327094331686,0.24851935556688032,0.6727820805445277,0.260409617491958,0.5034485923051362,0.25958188268052096,0.4859462605093863,0.25421653713130565,0.5085088937395338,0.4875703501002193,0.24728498235277363,0.18696550913715493,0.2540200861831404,0.22784231088861517,0.24920820701903534,0.24931610664966464,0.24249466296747935,0.25965132431700333,0.23546605459529646,0.19543494824490326,0.18489158084606028,0.2572559208735733,1.0,0.308886957972656,0.26347632781253383,0.46161873736856673,0.2515507780998537,0.0,0.25397617915514614,0.2506247923661379,0.4062099778329934,0.23442452751575105,0.2665522455364182,0.2552515464942272,0.25788787791706513,0.4805557561621576,0.25188233693453144,0.2575975154017336,0.770868466767823,0.7285419378315793,0.29146742518760593,0.2504778919714198,0.2516051581102924,0.46143306883055946,0.30878678478721566
0.3389063873382877,0.30400812805655153,0.2401509918398369,0.29684077931977393,0.27840235186825524,0.29334853721867926,0.28295626295169474,0.30573170758508983,0.33267576540835186,0.3128694597279186,0.3046863595455458,0.30264168281146353,0.29606225238051187,0.31222201739078004,0.29514769945313746,0.27697951861265235,0.19647922735662615,0.2949783064229141,0.2636960886485369,0.28387497822996177,0.28065669016876993,0.273174205163616,0.2995053212356009,0.26347553053184203,0.2078451785352633,0.19881161044769569,0.29980114698906946,0.308886957972656,1.0,0.3277100240106092,0.2851759450326332,0.27854587665366015,0.0,0.2903237937717936,0.28276503104918516,0.3049404304047788,0.26470935595248524,0.28893897493777154,0.168120627971297,0.29115892525174214,0.2895141858006218,0.2885543237094469,0.29658124036421274,0.30418264764505143,0.30147643338317387,0.3933581143106306,0.27710060170923934,0.2798457393929241,0.3006414237579049,0.6219626431343903
0.39757141733461565,0.3048542752797285,0.24416837203457042,0.275870881894543,0.3085660635753912,0.2875167581312388,0.29048551831193514,0.2749246837287832,0.4078550860594594,0.2868404500892239,0.3236061354216032,0.2755902535602385,0.3185226353432836,0.2691067535430528,0.27548133106084305,0.304650171614791,0.21974896052880322,0.3007186471458967,0.27269722481092085,0.2918902903945768,0.2943490567969672,0.2853122843419943,0.30090454471181816,0.28694563384721516,0.2341367328973547,0.22272581711510642,0.3054506861689724,0.26347632781253383,0.3277100240106092,1.0,0.2643678115217152,0.29147395335417947,0.0,0.30167651141658736,0.2977061949770087,0.2660988522497757,0.2786890520592197,0.29379237790022983,0.1757578229185509,0.31387985022594667,0.2732479948107325,0.2993333428218964,0.307419542647112,0.27332264923612615,0.2672476455920716,0.3203054904442577,0.2936638030821517,0.2958449390453325,0.2668825859077596,0.338918666483337
0.2650938907408147,0.250023929794681,0.18970982748094478,0.49830148169238664,0.2667556164933139,0.23590540418179673,0.23316353880987883,0.46202168910674735,0.26584283881411874,0.5164723192943317,0.2584641817375909,0.44186158784539376,0.254747876353561,0.48769550554876284,0.483852833558048,0.24900070721244283,0.17044262322113524,0.2383780432779088,0.21914966439911043,0.2346428505307353,0.2325241093479945,0.23025954366323576,0.24434788867100887,0.23095655204615695,0.18837055061393504,0.17484816381720036,0.25021674158341856,0.46161873736856673,0.2851759450326332,0.2643678115217152,1.0,0.24219193654296456,0.0,0.24523930506658742,0.23841580676666596,0.39424067078316094,0.22764078365874807,0.23806864167776676,0.2397947037955852,0.24242160982338634,0.6465385751364567,0.241906381102571,0.24613157862532242,0.4727775992906632,0.4609687982997721,0.276355971151803,0.23088733277364593,0.2325086271599036,0.4311777907881402,0.29098163764302
0.31891007205271027,0.38881066083588,0.20586250359309788,0.2731627661379352,0.4635732786402128,0.3992535925581686,0.3397781959098449,0.2735126710365615,0.28992304774805255,0.2616862918521593,0.460266995244867,0.2803333127601012,0.49768247091084183,0.250919802746134,0.26413781973852357,0.3531136666250433,0.40687607572686224,0.44979918806886254,0.4488700408642958,0.3383740801160522,0.4608826555272364,0.4695186324906926,0.4841515974224566,0.43336581202128754,0.421716443850349,0.37402011244201316,0.4778444594071022,0.2515507780998537,0.27854587665366015,0.29147395335417947,0.24219193654296456,1.0,0.0,0.4853892174314349,0.4109032861739693,0.24517264723022958,0.33653325583763116,0.4834320986824472,0.2177271738796588,0.5035979722189852,0.25019276946470803,0.4002086999008725,0.48497465948359975,0.2751626907425291,0.2767152923580176,0.27266821903810967,0.42760926088276363,0.4276438796181732,0.24012435453429015,0.2791275165315863
0.0,0.0,0.0,0.0,0.0,0.0,0.0,0.0,0.0,0.0,0.0,0.0,0.0,0.0,0.0,0.0,0.0,0.0,0.0,0.0,0.0,0.0,0.0,0.0,0.0,0.0,0.0,0.0,0.0,0.0,0.0,0.0,1.0,0.0,0.0,0.0,0.0,0.0,0.0,0.0,0.0,0.0,0.0,0.0,0.0,0.0,0.0,0.0,0.0,0.0
0.3180036408258694,0.3988022001402771,0.216926487070217,0.25677739856913273,0.44565875064993177,0.4038194873039983,0.3559444483350609,0.26805291151577326,0.29845592263301357,0.26252641898669704,0.4844287633250436,0.2692174853849144,0.5409716372765636,0.2528426307843392,0.25630363161129543,0.3611337138683688,0.31873051164517996,0.47787095490604303,0.4430670572995219,0.3555448192713011,0.5073702057423717,0.6029621800989056,0.6498013044146966,0.3949924424149104,0.3251460818215248,0.31325559908867673,0.5028687623150349,0.25397617915514614,0.2903237937717936,0.30167651141658736,0.24523930506658742,0.4853892174314349,0.0,1.0,0.40978052453369807,0.27205147676915087,0.3434007315992599,0.4820285063703159,0.18664853631935097,0.5160644912989607,0.24984034965596247,0.40650063981219187,0.5091675496453933,0.2665638067586482,0.2667740281330585,0.2732044085720656,0.40969879553777133,0.4107384532959979,0.25171005476592345,0.29098552389688814
0.3168987724737352,0.5502800900619036,0.20871212872065348,0.25683742217852423,0.4087055267211478,0.5361647207690062,0.3528138825478262,0.2677055049790791,0.29216304243641267,0.2585259213319394,0.42185906149571506,0.2778327736105495,0.4117152766792914,0.24821430909928155,0.2554066058133193,0.3574708472790237,0.3952401156857679,0.4048394185774433,0.3742663137517446,0.35055389304409745,0.4007758929479668,0.37874873822004984,0.40382605396099225,0.5720567805066408,0.47431361750559375,0.42775084590937207,0.40318541282802034,0.2506247923661379,0.28276503104918516,0.2977061949770087,0.23841580676666596,0.4109032861739693,0.0,0.40978052453369807,1.0,0.25300708763282875,0.3312368174265632,0.4140345639116747,0.21515266776116726,0.4290042192390153,0.24605860198612262,0.46120990420888197,0.4114750051310345,0.2674695762470731,0.2689646147341007,0.2762067933017238,0.4763611829480575,0.4762489980111694,0.2519275408899112,0.286039597250754
0.2732707938737128,0.2545859174464826,0.2074698369238298,0.40386831793469213,0.24817437090013839,0.25920710160431026,0.26524483963775414,0.40195666044631495,0.2726748049246285,0.4296123696450347,0.26788881138626386,0.3965278480498611,0.2579564320204587,0.4121494724963981,0.40441431626357405,0.2626355500871663,0.18058432917060818,0.27202067183215495,0.24149015086893144,0.26395696291536697,0.2649606813074379,0.2484778338104865,0.26555495167971566,0.23593465528496205,0.18688979183707255,0.17736850016096184,0.2618488041034316,0.4062099778329934,0.3049404304047788,0.2660988522497757,0.39424067078316094,0.24517264723022958,0.0,0.27205147676915087,0.25300708763282875,1.0,0.2512674416361801,0.2467304846024866,0.2503761334429475,0.25967395618806266,0.40327793100641296,0.2541388975279394,0.2608442429546184,0.4092813508877434,0.4081186587781672,0.28351096496314065,0.23877898599766156,0.24034290969947447,0.40315156692731635,0.3063382202049133
0.28721544427390244,0.32365431419926294,0.2010255344005727,0.2425616270373505,0.3310173985562358,0.32746413781328,0.7784508976923659,0.24631971490666682,0.2763458857605713,0.24212329290602885,0.34473509096701893,0.24013164254515595,0.3422604753526911,0.23537994460814715,0.24071761303825667,0.7383184142479129,0.23712463154220376,0.3556955693075098,0.34054706264259227,0.7723219646779483,0.35962590933084115,0.3282351630013822,0.36412752900875356,0.3115339451567216,0.2529039638474825,0.24117317087001122,0.33387249465041535,0.23442452751575105,0.26470935595248524,0.2786890520592197,0.22764078365874807,0.33653325583763116,0.0,0.3434007315992599,0.3312368174265632,0.2512674416361801,1.0,0.31283554892205645,0.14453215939028186,0.3278381218414417,0.23309947177758594,0.33024719228531485,0.33392376781346733,0.24274911185298886,0.24072902598076062,0.24691506632767046,0.31515984940100017,0.31707951822405633,0.23104835760146725,0.268010629137461
0.31575259226284147,0.4148132637945434,0.2136154233920935,0.2504562573422783,0.43824580305615224,0.403147961124499,0.3302462158354953,0.2769168834219655,0.28305097792704115,0.25557488089789715,0.4703820006648791,0.2780388880983353,0.48378280085007574,0.2518888320805799,0.24887056205871372,0.33288641469975855,0.33652266921371865,0.45183248117176655,0.41094767097297225,0.33096094806541376,0.4686204202638933,0.44802191467369834,0.4850473500945315,0.4051246426217774,0.352043109711486,0.368848471415518,0.5596595230962116,0.2665522455364182,0.28893897493777154,0.29379237790022983,0.23806864167776676,0.4834320986824472,0.0,0.4820285063703159,0.4140345639116747,0.2467304846024866,0.31283554892205645,1.0,0.21231255691055195,0.5242559267545155,0.24811555603526625,0.4022728086418341,0.5972232676554428,0.2780305848603989,0.2723937159546985,0.2813139988460869,0.4359399262054602,0.4354493618209816,0.25782548014267104,0.28759815933688315
0.21840630123182003,0.14267101727923892,0.11366774075775643,0.27542435013108846,0.18414304347189303,0.16834881619122855,0.14939226417337792,0.2800279926801107,0.15923405678105296,0.2613432781366818,0.1538973269180589,0.32020497396793934,0.14570146185191812,0.25373317994805167,0.26086288357933096,0.16455995418341107,0.3387405165529944,0.14343954855971885,0.13908762332991365,0.14865748197031114,0.14707563525733625,0.1445126053301259,0.15045145546837402,0.27580580521220954,0.325761646033389,0.3642584392222289,0.14339668460073973,0.2552515464942272,0.168120627971297,0.1757578229185509,0.2397947037955852,0.2177271738796588,0.0,0.18664853631935097,0.21515266776116726,0.2503761334429475,0.14453215939028186,0.21231255691055195,1.0,0.20611146896118993,0.24617193537496918,0.1515579838241865,0.146671517881235,0.29297204175744307,0.29600987488451536,0.18361724090686926,0.2373559982692922,0.22876096423018355,0.24207587566456013,0.18547699605470147
0.31805095614255807,0.4115086895743735,0.21919441976302578,0.2520642156963909,0.45244209135293034,0.40016183162114094,0.35193774368197017,0.26754627491710414,0.29911445121718705,0.26209299558904364,0.5142301671412983,0.2704199510916355,0.5374272016081576,0.2514912365360381,0.24969789498546646,0.352514797977284,0.33939466117444106,0.4902892959711683,0.44878572489779944,0.35300621164451984,0.5050292299245849,0.4895189985706194,0.5242711468277734,0.4105077883698739,0.34769518740016236,0.3580464844652821,0.5325247011764351,0.25788787791706513,0.29115892525174214,0.31387985022594667,0.24242160982338634,0.5035979722189852,0.0,0.5160644912989607,0.4290042192390153,0.25967395618806266,0.3278381218414417,0.5242559267545155,0.20611146896118993,1.0,0.24617006763740912,0.42304062072364457,0.5376905816132227,0.26778581107790467,0.2665803484172674,0.2874104847854432,0.4472057601534637,0.4469072499791885,0.2536321291299841,0.2984911864635017
