../ecoli_genomes/GCF_000163235.1_ASM16323v1_genomic.fna.gz,../ecoli_genomes/GCF_000164555.1_ASM16455v1_genomic.fna.gz,../ecoli_genomes/GCF_000208545.1_ASM20854v2_genomic.fna.gz,../ecoli_genomes/GCF_000233875.1_ASM23387v1_genomic.fna.gz,../ecoli_genomes/GCF_000249735.1_ASM24973v2_genomic.fna.gz,../ecoli_genomes/GCF_000261145.1_Esch_coli_M919_V2_genomic.fna.gz,../ecoli_genomes/GCF_000267705.2_ASM26770v2_genomic.fna.gz,../ecoli_genomes/GCF_000350665.1_Esch_coli_KTE5_V1_genomic.fna.gz,../ecoli_genomes/GCF_000351625.1_Esch_coli_KTE66_V1_genomic.fna.gz,../ecoli_genomes/GCF_000352285.1_Esch_coli_KTE46_V1_genomic.fna.gz,../ecoli_genomes/GCF_000358895.1_ASM35889v1_genomic.fna.gz,../ecoli_genomes/GCF_000456385.1_Esch_coli_HVH_26_4-5703913_V1_genomic.fna.gz,../ecoli_genomes/GCF_000458195.1_Esch_coli_HVH_147_4-5893887_V1_genomic.fna.gz,../ecoli_genomes/GCF_000459755.1_Esch_coli_KOEGE_58_171a_V1_genomic.fna.gz,../ecoli_genomes/GCF_000460055.1_Esch_coli_UMEA_3053-1_V1_genomic.fna.gz,../ecoli_genomes/GCF_000462165.2_ASM46216v2_genomic.fna.gz,../ecoli_genomes/GCF_000601135.1_ASM60113v1_genomic.fna.gz,../ecoli_genomes/GCF_000614595.1_Ec2010EL1058_genomic.fna.gz,../ecoli_genomes/GCF_000617745.1_Ec2010C-4529_genomic.fna.gz,../ecoli_genomes/GCF_000618265.2_EcF6751_genomic.fna.gz,../ecoli_genomes/GCF_000619005.2_Ec2009C-4052_genomic.fna.gz,../ecoli_genomes/GCF_000619105.1_Ec2009C-4780_genomic.fna.gz,../ecoli_genomes/GCF_000619765.2_Ec2009C-3279_genomic.fna.gz,../ecoli_genomes/GCF_000687005.1_ASM68700v1_genomic.fna.gz,../ecoli_genomes/GCF_000687025.1_ASM68702v1_genomic.fna.gz,../ecoli_genomes/GCF_000700125.1_ASM70012v1_genomic.fna.gz,../ecoli_genomes/GCF_000753315.1_FHI35_genomic.fna.gz,../ecoli_genomes/GCF_000776375.1_ASM77637v1_genomic.fna.gz,../ecoli_genomes/GCF_000779395.1_ASM77939v1_genomic.fna.gz,../ecoli_genomes/GCF_000780315.1_ASM78031v1_genomic.fna.gz,../ecoli_genomes/GCF_000781995.1_ASM78199v1_genomic.fna.gz,../ecoli_genomes/GCF_000986765.1_ASM98676v1_genomic.fna.gz,../ecoli_genomes/GCF_001041375.1_ViralProj287958_genomic.fna.gz,../ecoli_genomes/GCF_001265335.1_302014_genomic.fna.gz,../ecoli_genomes/GCF_001265625.1_100854_genomic.fna.gz,../ecoli_genomes/GCF_001267345.1_303289_genomic.fna.gz,../ecoli_genomes/GCF_001309985.1_ASM130998v1_genomic.fna.gz,../ecoli_genomes/GCF_001521695.1_ASM152169v1_genomic.fna.gz,../ecoli_genomes/GCF_001592595.1_ASM159259v1_genomic.fna.gz,../ecoli_genomes/GCF_001614975.1_ASM161497v1_genomic.fna.gz,../ecoli_genomes/GCF_001692775.1_ASM169277v1_genomic.fna.gz,../ecoli_genomes/GCF_001748915.1_ASM174891v1_genomic.fna.gz,../ecoli_genomes/GCF_001749235.1_ASM174923v1_genomic.fna.gz,../ecoli_genomes/GCF_001881155.1_ASM188115v1_genomic.fna.gz,../ecoli_genomes/GCF_001881345.1_ASM188134v1_genomic.fna.gz,../ecoli_genomes/GCF_001892405.1_ASM189240v1_genomic.fna.gz,../ecoli_genomes/GCF_001892585.1_ASM189258v1_genomic.fna.gz,../ecoli_genomes/GCF_001893985.1_ASM189398v1_genomic.fna.gz,../ecoli_genomes/GCF_002001595.1_ASM200159v1_genomic.fna.gz,../ecoli_genomes/GCF_002002145.1_ASM200214v1_genomic.fna.gz
1.0,0.319047302490183,0.24964411933831232,0.2892219438542405,0.29885920091300666,0.3068780427434651,0.29926638998192534,0.2924101230173778,0.3857755499770502,0.30108099131898636,0.3238281842078411,0.292772931728306,0.315225245563565,0.2806697533069976,0.2703284947575625,0.3017192482785155,0.29943061978354546,0.30907822838982957,0.2918182594227703,0.29729812738863914,0.29571520730175094,0.3009144111089469,0.3098796805210384,0.30327695142735545,0.29532942740277124,0.3008294962454603,0.3107796319283561,0.2858815578304007,0.33998160454148785,0.3827758618775289,0.2705235694030874,0.307841214077725,0.0,0.30712087055231363,0.3081281752327507,0.2771145419462395,0.2858167990840278,0.31136026956494367,0.23698089963355207,0.31483507568781344,0.2745187793380083,0.3078486628071865,0.30768307621181645,0.2929717871446509,0.3019658611158955,0.3168732751200858,0.30277032123766656,0.30542702403162936,0.276471561644976,0.35069721690883515
0.319047302490183,1.0,0.22698539632717107,0.2754113517046284,0.3791748879375726,0.5373928442615413,0.33530936607149897,0.2808331662626238,0.2979407585914179,0.28619771854877896,0.4240647804786729,0.2850875544751177,0.4173340070059448,0.26872277357647223,0.26302853440201557,0.3332036937284619,0.460001654137139,0.4128207497993911,0.3811393488316932,0.3381648419199904,0.4017351534439808,0.3908193958861965,0.41420611338030855,0.5335968307165615,0.510107115288913,0.4598430551677599,0.416370346865232,0.2809451686819928,0.3077457919688428,0.30045966201006613,0.25973975607604993,0.4103116815768484,0.0,0.4046660935278247,0.5653332451518042,0.26703065782514834,0.32030535693698814,0.42991978196415503,0.22867167575879443,0.42517737833710934,0.26279395460229127,0.46783760328270674,0.42060032636558786,0.28969175664258084,0.29068586835141386,0.27542608808955416,0.47532189708738104,0.4750801457204181,0.2784019135273804,0.3020346071146852
0.24964411933831232,0.22698539632717107,1.0,0.20602428367239922,0.1969000979833495,0.20585401944794446,0.20800613672372015,0.2078899290739935,0.23754961994353307,0.2143759376971499,0.2223254356807809,0.20579323698646712,0.21843876391078054,0.2072287614059739,0.20252167749650696,0.20853520668044878,0.20290979950346932,0.21420824197391464,0.19550663665338586,0.21112722397972206,0.2097418214018547,0.20410319011749056,0.21784880700351128,0.20024891759904329,0.19377682033894628,0.19765908786372433,0.21637719370295339,0.20743021550554297,0.24936877521400658,0.2481300726369633,0.20091789712303965,0.21386919936781668,0.0,0.2105833653057666,0.20590575441261416,0.20802474814893512,0.19883996108794633,0.2153810936150088,0.17641578134293312,0.22257710145856935,0.20580514042594955,0.2153898037939721,0.22188317488265452,0.20935829483688428,0.20595621453465152,0.2294439633811779,0.22353187186055512,0.22284979375185565,0.21351877846290856,0.24873131423431483
0.2892219438542405,0.2754113517046284,0.20602428367239922,1.0,0.2777878624741218,0.26799157509270977,0.25209200949906196,0.5105658146071141,0.28952243117396037,0.5262968369925899,0.2660223797681801,0.511533317181703,0.2776014431143605,0.5368580961149702,0.562237159579138,0.2684516005268187,0.26540020074189397,0.2606982996632682,0.2410352214947037,0.2508872095370671,0.2504039710197281,0.24998928040049573,0.2642632940556947,0.2775876337893467,0.2608459007291928,0.26642448747333025,0.2614999361997161,0.5248798143281717,0.30839760859992627,0.2866172475473694,0.5177606395290926,0.28611431902905626,0.0,0.2587513785334056,0.26214019533328115,0.41791521195026293,0.250144085862414,0.26256907818851405,0.39410151238381075,0.2616630209273101,0.5286494772459402,0.2636057683277325,0.2579897586151647,0.5253986316629577,0.5213778878403315,0.2914161148397132,0.2579369436429204,0.25985022354524534,0.4512532020415071,0.31810940276213007
0.29885920091300666,0.3791748879375726,0.1969000979833495,0.2777878624741218,1.0,0.3901402461334281,0.3102957297368125,0.2789121573066551,0.3190679250599916,0.281440096699458,0.49278237370639966,0.26071991753998247,0.46402950905065055,0.2643994528728326,0.28241193746451443,0.35672920707238986,0.42734128507698155,0.39559611609539214,0.3716738736187205,0.3079110710766403,0.4021851147481379,0.3918995668913563,0.40820921714229086,0.44186614256003365,0.41900914073275086,0.42622656375150525,0.4262640200421085,0.24480034974380427,0.2779661290376353,0.3024589864578493,0.28118762101227834,0.47023343434063203,0.0,0.4201428841397479,0.38891176600771493,0.2489578458222066,0.3179427357329556,0.43455656278539123,0.26774692617702145,0.42573513782157146,0.2822487627997139,0.3904740169722559,0.43852467843430554,0.25802420037205875,0.2672610735143559,0.25679298633331527,0.39565088209711685,0.3995552066308018,0.2516170183588824,0.28366300953089607
0.3068780427434651,0.5373928442615413,0.20585401944794446,0.26799157509270977,0.3901402461334281,1.0,0.35297386448720824,0.2749089550035081,0.294191978545457,0.27008713291724484,0.4046824722424547,0.2614500785092977,0.405681690698769,0.25681138044049734,0.2555824739883532,0.34745837635243026,0.45185417616744405,0.4023743306162231,0.37672951233577257,0.3385755626453121,0.3779167242324267,0.40715889495322244,0.4043579477358217,0.5197729603823045,0.5029407006010369,0.4365742319592276,0.3959015174981959,0.26014376406003004,0.29340944918608725,0.2866617598914496,0.25292229395433785,0.4058072227769327,0.0,0.4027001997782804,0.5480351074058842,0.2645408331353859,0.3298806691778672,0.4048591015621974,0.23668351809406796,0.39989721015734403,0.25815130417774634,0.45310485006486434,0.40374333358201564,0.2684379607091095,0.26782044021999407,0.26305395870554815,0.45637317639984254,0.46035812012657984,0.2605342818376839,0.29365577922994623
0.29926638998192534,0.33530936607149897,0.20800613672372015,0.25209200949906196,0.3102957297368125,0.35297386448720824,1.0,0.25451926918747436,0.2897602555948249,0.25366932790644514,0.34854333389663694,0.24646174513468866,0.34762921540073743,0.247519740760072,0.23929862172693284,0.742931074351548,0.32024232136093034,0.3781142638459797,0.3481549505089816,0.8527899484318362,0.3632039546297521,0.36032440615129635,0.38029817012896505,0.3256712686376495,0.31364659980483345,0.3171316019509135,0.3479275950785494,0.24869899630266834,0.2797025187474874,0.28667476937013625,0.23891918303414117,0.3345214625247912,0.0,0.3499781487964969,0.3436230982228877,0.2618904012881461,0.7859256216403231,0.33314523200861135,0.22702665623260843,0.3478981359166915,0.2394574351283122,0.3349878512176,0.34772974016978386,0.2550880002360796,0.2549195019601491,0.2599669297988014,0.33121066733558424,0.33163581814770204,0.2439437333465453,0.2864203924332479
0.2924101230173778,0.2808331662626238,0.2078899290739935,0.5105658146071141,0.2789121573066551,0.2749089550035081,0.25451926918747436,1.0,0.2831844169097353,0.5078680964621419,0.2705741131333733,0.48335208100468463,0.28180699250120755,0.4826220060821308,0.4836822821898564,0.2673390070489059,0.2704473337477985,0.26357089463217964,0.24919903629831675,0.25407973289283137,0.2538744018757024,0.25367391884266033,0.2675989617366775,0.28708858019661554,0.264903046360739,0.27378800143393467,0.2643889190701372,0.6854290724759482,0.3147171993651767,0.2871911361628122,0.4790560561505234,0.27958918851485537,0.0,0.2651346042051973,0.26723773973385856,0.4075743534452724,0.24873310037868468,0.27851903502833486,0.38766267909314556,0.27091955676947255,0.48330890020566586,0.2701740159771201,0.2669276606323292,0.6903284491098367,0.6705270275909989,0.2920551738991326,0.26183708829277563,0.263066647030172,0.4379914163077505,0.31541525037604934
0.3857755499770502,0.2979407585914179,0.23754961994353307,0.28952243117396037,0.3190679250599916,0.294191978545457,0.2897602555948249,0.2831844169097353,1.0,0.2992230288597967,0.30766848667605196,0.27007240091394,0.32128349811371903,0.2793750188027897,0.2824464297776038,0.31179040337374775,0.2972244774949869,0.2917940481722938,0.26824867967455446,0.2912422893192955,0.2831155501129252,0.2819256636782601,0.2972351902078607,0.3149259505809344,0.2878296524715639,0.3036534022732834,0.30194916286971596,0.26647339067552145,0.32312673480861764,0.4138163924646976,0.2814231349645029,0.30889019803195883,0.0,0.29214819505339706,0.29772338504760854,0.27561451126038883,0.2886260500055672,0.290372857735666,0.22688564285272705,0.3026123857231351,0.2807350126528855,0.295881721722023,0.3009286815395221,0.27161670721556563,0.26967357325481556,0.3067362212192569,0.28857968020666,0.29042752133154826,0.26987771993356957,0.3354302451393253
0.30108099131898636,0.28619771854877896,0.2143759376971499,0.5262968369925899,0.281440096699458,0.27008713291724484,0.25366932790644514,0.5078680964621419,0.2992230288597967,1.0,0.2803910574973423,0.48129008576529675,0.28821637941189826,0.5037078902020387,0.49954327335400306,0.2690413424383057,0.2697527923815344,0.26536522983222943,0.24336017719125125,0.2531901338625552,0.2545420687069688,0.2545630982528525,0.26528658033755614,0.2809005702271832,0.2636262680388838,0.272910455072341,0.2725987016223267,0.509583059584078,0.3184604858239909,0.2948871413639377,0.5311541701286726,0.27550828662077376,0.0,0.2600369845492304,0.26574074231109657,0.42995328726838344,0.24989141067264997,0.27250243338773383,0.39842687397750476,0.27180469618603986,0.5276825487364489,0.27142916748406576,0.2645822391152991,0.5128093618413596,0.514189267009892,0.2937531019918682,0.2645390814151072,0.26533335127504476,0.468653638654142,0.31484130028106505
0.3238281842078411,0.4240647804786729,0.2223254356807809,0.2660223797681801,0.49278237370639966,0.4046824722424547,0.34854333389663694,0.2705741131333733,0.30766848667605196,0.2803910574973423,1.0,0.2644551539109773,0.5275772029493084,0.2702679008611808,0.2579753608013474,0.3463057587967515,0.38825260718294097,0.48369830764140176,0.4520637296254858,0.3493598616158715,0.4746153332915575,0.48468682133813035,0.49238779775522623,0.4081644833647575,0.37233756372401994,0.3915465697179459,0.5072643691657159,0.27242690141305204,0.30491728126514117,0.31306732022582895,0.2586440843627207,0.46142020575616116,0.0,0.47527827836105496,0.42491948394154855,0.2763124161376931,0.3333379522761799,0.4882833879986821,0.23136823633650583,0.5139007502985325,0.2601737317644047,0.4403403442535522,0.5075738315047782,0.27523404850437716,0.27522738283258086,0.2827400340913895,0.4324806184770291,0.4334368990790691,0.274690808107934,0.31249509888162985
0.292772931728306,0.2850875544751177,0.20579323698646712,0.511533317181703,0.26071991753998247,0.2614500785092977,0.24646174513468866,0.48335208100468463,0.27007240091394,0.48129008576529675,0.2644551539109773,1.0,0.26775402383423275,0.49922694704655357,0.606494897321957,0.2530523226999226,0.2589230245226223,0.2547382865311969,0.24138335596604654,0.24548485786921748,0.2486809522998279,0.2498709777425946,0.2608166309159403,0.26606249686281713,0.25351503966987166,0.2603951821907944,0.25680477422725767,0.48695718162933066,0.3166210742920238,0.27750481134955407,0.4573784542754966,0.26894056828240953,0.0,0.2602776609175932,0.2605349535292887,0.40059833468429473,0.2396424466807472,0.26256002447617366,0.3833829258457796,0.26138843639556053,0.4712625096931181,0.2602956591167328,0.26027630831671955,0.49048651057738324,0.49435574369390234,0.2913029318391882,0.26174454259170477,0.26336219517374126,0.43154408159658,0.31119867090047715
0.315225245563565,0.4173340070059448,0.21843876391078054,0.2776014431143605,0.46402950905065055,0.405681690698769,0.34762921540073743,0.28180699250120755,0.32128349811371903,0.28821637941189826,0.5275772029493084,0.26775402383423275,1.0,0.26516284772094223,0.2731132603821258,0.3712492889196225,0.39820313431419607,0.48904405764432846,0.4874854713491459,0.34892326832701503,0.49900143759582005,0.5526264089613125,0.5566233066774126,0.42421885411085825,0.38315241970125513,0.40363532556987514,0.5378389769917729,0.2652512792469953,0.29932610030276185,0.3231401365106399,0.26936374787712924,0.5175031585893815,0.0,0.5332070632199538,0.4208845187117659,0.26874689778714544,0.34944518270604996,0.5056842452296058,0.2258307170889139,0.5452554020848526,0.27011399557222215,0.425706766646061,0.526396883071046,0.26912546795754355,0.2672775331379973,0.2728257114527135,0.4226720679998375,0.42305155338844735,0.2669877922119178,0.30571127047030044
0.2806697533069976,0.26872277357647223,0.2072287614059739,0.5368580961149702,0.2643994528728326,0.25681138044049734,0.247519740760072,0.4826220060821308,0.2793750188027897,0.5037078902020387,0.2702679008611808,0.49922694704655357,0.26516284772094223,1.0,0.5448640735828705,0.25353685864093056,0.2513765931400226,0.25546005000746763,0.2350665504679854,0.24814097042007532,0.2444296277918151,0.2458441450925587,0.2604664928613546,0.2550619020870134,0.24148020583081697,0.2522855260658544,0.2612169376357343,0.5156828254235181,0.3130664083123409,0.2746564135769658,0.5032606768744083,0.26570499071232223,0.0,0.2583642687358705,0.2571288708555596,0.41617949088060824,0.24063526563669113,0.2623148024214257,0.38480236284813096,0.260304988855221,0.5091919916038906,0.2572891184250541,0.25887496982110036,0.5121738739976535,0.5057750362098785,0.29370214367626846,0.2575228895398036,0.2590567772497989,0.45127993077941586,0.3170771088858082
0.2703284947575625,0.26302853440201557,0.20252167749650696,0.562237159579138,0.28241193746451443,0.2555824739883532,0.23929862172693284,0.4836822821898564,0.2824464297776038,0.49954327335400306,0.2579753608013474,0.606494897321957,0.2731132603821258,0.5448640735828705,1.0,0.26167315697196414,0.26071146578872295,0.2468279096285817,0.22813499534181547,0.23986118520472444,0.23975196745849103,0.2395211281273132,0.253723106577859,0.2721550701135481,0.2537192246714678,0.26909424262564385,0.25611112303158157,0.4872763491907378,0.3029403937114947,0.2785628109477215,0.513648510364134,0.2759634494912987,0.0,0.25143905741307826,0.2543053224619748,0.4036802143321272,0.23920456160826942,0.2591554902647929,0.37858892479375306,0.2557548710530284,0.5136304614004581,0.2523906319713488,0.25306311211886745,0.4886284984162579,0.48430469201047976,0.29271957349824573,0.25871189711508447,0.26044304433612187,0.43740545757763105,0.31975095700653167
0.3017192482785155,0.3332036937284619,0.20853520668044878,0.2684516005268187,0.35672920707238986,0.34745837635243026,0.742931074351548,0.2673390070489059,0.31179040337374775,0.2690413424383057,0.3463057587967515,0.2530523226999226,0.3712492889196225,0.25353685864093056,0.26167315697196414,1.0,0.3404456189319528,0.3560747563484924,0.3378865175646738,0.7508914577725898,0.3477853089207201,0.3496038925562711,0.3667195385619636,0.3561173572489713,0.33833187249089025,0.3516024919087921,0.3444710286797612,0.24670522834595754,0.2777163797108321,0.3098750675651929,0.2588337153660276,0.35189702208715623,0.0,0.3455566230004997,0.3428583940364959,0.25921875843802267,0.7412526433209325,0.3327019271194872,0.22153692662723723,0.3442190767152873,0.2579732286160107,0.33533399936270647,0.3423626730283539,0.25367137839282383,0.2547989662610033,0.26030251138500327,0.3306383571790791,0.33129997893407026,0.24985087693595742,0.2871033447105237
0.29943061978354546,0.460001654137139,0.20290979950346932,0.26540020074189397,0.42734128507698155,0.45185417616744405,0.32024232136093034,0.2704473337477985,0.2972244774949869,0.2697527923815344,0.38825260718294097,0.2589230245226223,0.39820313431419607,0.2513765931400226,0.26071146578872295,0.3404456189319528,1.0,0.3739158752857157,0.35139455453695967,0.3162232740578178,0.3613135407948642,0.3694977598055449,0.379857861106643,0.5257635978661217,0.48703956960664607,0.5050565732034517,0.3791323053232355,0.2503754325261479,0.28563497631806944,0.286263838005559,0.2554371074266898,0.4385632822758482,0.0,0.3872322862963262,0.47109051488976084,0.2581132096509364,0.31948294150904255,0.37947092686855766,0.2233763965888229,0.3782023860358035,0.2548215828367001,0.42762358363636144,0.38499568826687514,0.2637942537802257,0.2711818302162353,0.25220686614144305,0.4385142834506379,0.44178381330280847,0.24943862604671985,0.28413615873913634
0.30907822838982957,0.4128207497993911,0.21420824197391464,0.2606982996632682,0.39559611609539214,0.4023743306162231,0.3781142638459797,0.26357089463217964,0.2917940481722938,0.26536522983222943,0.48369830764140176,0.2547382865311969,0.48904405764432846,0.25546005000746763,0.2468279096285817,0.3560747563484924,0.3739158752857157,1.0,0.4829985886055943,0.3759310230024262,0.5077682157536644,0.4926673731446898,0.5231144828364594,0.3827002431059503,0.35197864265070167,0.37289605095116096,0.49204833589432917,0.26360470207519426,0.2953475116803541,0.29429874716413407,0.24920068434358333,0.4512696978378127,0.0,0.4713430160588272,0.4086483831499793,0.27392148557270957,0.36026356551504024,0.46631068324227565,0.22743763260404737,0.497352931004149,0.24798914909781744,0.4165386091234694,0.4854786918085885,0.2646002959248759,0.2634824061380491,0.2705581538586018,0.41801469717432305,0.4176475429841323,0.25403643327019376,0.29888770133281584
0.2918182594227703,0.3811393488316932,0.19550663665338586,0.2410352214947037,0.3716738736187205,0.37672951233577257,0.3481549505089816,0.24919903629831675,0.26824867967455446,0.24336017719125125,0.4520637296254858,0.24138335596604654,0.4874854713491459,0.2350665504679854,0.22813499534181547,0.3378865175646738,0.35139455453695967,0.4829985886055943,1.0,0.3402505188315146,0.4655031239001818,0.5140488839189958,0.4733363777645758,0.35445381756021666,0.34196098207634873,0.3498957928236176,0.45073314302127443,0.2437530060284172,0.2690296066623453,0.2699874279212645,0.23035050011415759,0.4487527536795475,0.0,0.44363878648329713,0.38522627768815976,0.2523852127769013,0.3305160859280778,0.42872905054550947,0.21612342572430177,0.4552769200905312,0.2289107220789406,0.38650646842394243,0.4502464235490824,0.250523602977173,0.2512178330684395,0.24617645632712026,0.38229963845583226,0.38382065104042795,0.23826826089361897,0.2740403716349684
0.29729812738863914,0.3381648419199904,0.21112722397972206,0.2508872095370671,0.3079110710766403,0.3385755626453121,0.8527899484318362,0.25407973289283137,0.2912422893192955,0.2531901338625552,0.3493598616158715,0.24548485786921748,0.34892326832701503,0.24814097042007532,0.23986118520472444,0.7508914577725898,0.3162232740578178,0.3759310230024262,0.3402505188315146,1.0,0.3661154857781733,0.35081613245691845,0.3800573078759556,0.3196448525976653,0.3098609949858283,0.31566492275943925,0.34847872690912685,0.24992379775412343,0.2825761155269406,0.2892053666994714,0.23900209874797285,0.3326696822179409,0.0,0.34605156614988863,0.3422398271607615,0.26114459593109074,0.7865313273782869,0.33533921136421907,0.22112785273605806,0.35095966694974867,0.2388198633838977,0.335680263804666,0.3497247256297833,0.2521808200768164,0.25110605196719515,0.2639847140185102,0.33455138581369037,0.3343029297911557,0.2442888736475335,0.2876488773345166
0.29571520730175094,0.4017351534439808,0.2097418214018547,0.2504039710197281,0.4021851147481379,0.3779167242324267,0.3632039546297521,0.2538744018757024,0.2831155501129252,0.2545420687069688,0.4746153332915575,0.2486809522998279,0.49900143759582005,0.2444296277918151,0.23975196745849103,0.3477853089207201,0.3613135407948642,0.5077682157536644,0.4655031239001818,0.3661154857781733,1.0,0.49258985861755633,0.5322048813736922,0.3707731614554328,0.34873165984891485,0.3692714321118209,0.5024691264359911,0.25401496183008465,0.28362059307835963,0.28597178612813956,0.23765108357749287,0.4660279989680336,0.0,0.49167469441999745,0.4033111005459594,0.2636997056706053,0.3469050336513523,0.47797350293520013,0.2202105615164529,0.50958189375346,0.23995602774343505,0.39280492034201453,0.4930464812827495,0.2546848501822042,0.25601894733627784,0.2687225066899255,0.4097261143110932,0.4098315838752088,0.2479602111163901,0.28976793274591306
0.3009144111089469,0.3908193958861965,0.20410319011749056,0.24998928040049573,0.3918995668913563,0.40715889495322244,0.36032440615129635,0.25367391884266033,0.2819256636782601,0.2545630982528525,0.48468682133813035,0.2498709777425946,0.5526264089613125,0.2458441450925587,0.2395211281273132,0.3496038925562711,0.3694977598055449,0.4926673731446898,0.5140488839189958,0.35081613245691845,0.49258985861755633,1.0,0.689606045933427,0.3713852713985112,0.3533444810299944,0.3615335732654503,0.49976113624706575,0.25145119270950556,0.27838937776628747,0.28167360467822844,0.2382790714314934,0.47567196238611775,0.0,0.6104580105345148,0.3961948645546357,0.2560788979408565,0.33790336050166214,0.47584563567254323,0.2182704061344013,0.5030180390414625,0.23713479149632244,0.39484255750597963,0.49987221733965204,0.2580150741906533,0.2573039715471346,0.25758661759248647,0.3966785910897289,0.3977209501359603,0.25033796000465824,0.2897905323984191
0.3098796805210384,0.41420611338030855,0.21784880700351128,0.2642632940556947,0.40820921714229086,0.4043579477358217,0.38029817012896505,0.2675989617366775,0.2972351902078607,0.26528658033755614,0.49238779775522623,0.2608166309159403,0.5566233066774126,0.2604664928613546,0.253723106577859,0.3667195385619636,0.379857861106643,0.5231144828364594,0.4733363777645758,0.3800573078759556,0.5322048813736922,0.689606045933427,1.0,0.38658624321430923,0.3655861671772417,0.3767160751528341,0.5337308232216649,0.2669873037324427,0.2978519579068597,0.2956668093997298,0.2516443709172993,0.48746026791677977,0.0,0.6370565076411648,0.4118810381301573,0.2700886380123755,0.3642780677358909,0.5008347963520546,0.23191717920972854,0.5282809847173087,0.2523096121624506,0.413217418348958,0.5207778435918465,0.2695349913211723,0.2675537279324748,0.2728611410241556,0.41405274338381237,0.414607742037054,0.26152973339086116,0.30104787073419603
0.30327695142735545,0.5335968307165615,0.20024891759904329,0.2775876337893467,0.44186614256003365,0.5197729603823045,0.3256712686376495,0.28708858019661554,0.3149259505809344,0.2809005702271832,0.4081644833647575,0.26606249686281713,0.42421885411085825,0.2550619020870134,0.2721550701135481,0.3561173572489713,0.5257635978661217,0.3827002431059503,0.35445381756021666,0.3196448525976653,0.3707731614554328,0.3713852713985112,0.38658624321430923,1.0,0.5404495503245714,0.48546633129445027,0.3990635414651005,0.24891544265095855,0.28637205456966763,0.30392967137926175,0.27021939023850694,0.4303262077788279,0.0,0.3900343711717853,0.5577994481440282,0.2523998538012864,0.326394170135727,0.3845548800410299,0.2186805346454197,0.39566877696008806,0.26955840815605625,0.450882756568592,0.39207419203980165,0.26186645063275893,0.2643985810832927,0.25402186646172087,0.44004799787013704,0.4417861309643485,0.2536127971546164,0.2852699578613983
0.29532942740277124,0.510107115288913,0.19377682033894628,0.2608459007291928,0.41900914073275086,0.5029407006010369,0.31364659980483345,0.264903046360739,0.2878296524715639,0.2636262680388838,0.37233756372401994,0.25351503966987166,0.38315241970125513,0.24148020583081697,0.2537192246714678,0.33833187249089025,0.48703956960664607,0.35197864265070167,0.34196098207634873,0.3098609949858283,0.34873165984891485,0.3533444810299944,0.3655861671772417,0.5404495503245714,1.0,0.508161968596679,0.3698024240103438,0.23837999051978953,0.2618973182215626,0.2744006007802757,0.24881387921538034,0.42783444919630054,0.0,0.36668374851143637,0.5282528822258746,0.24474058246038566,0.31616456368753254,0.3728743181848755,0.21310412073157348,0.3614384244856431,0.2502470020186631,0.41782397876203836,0.37746761062479717,0.2645008098166324,0.2664706687127978,0.2398742582252129,0.4154423274549687,0.4210385905735806,0.2514186093666133,0.26988615035424124
0.3008294962454603,0.4598430551677599,0.19765908786372433,0.26642448747333025,0.42622656375150525,0.4365742319592276,0.3171316019509135,0.27378800143393467,0.3036534022732834,0.272910455072341,0.3915465697179459,0.2603951821907944,0.40363532556987514,0.2522855260658544,0.26909424262564385,0.3516024919087921,0.5050565732034517,0.37289605095116096,0.3498957928236176,0.31566492275943925,0.3692714321118209,0.3615335732654503,0.3767160751528341,0.48546633129445027,0.508161968596679,1.0,0.3803613014020357,0.24548313834452828,0.27428142336617534,0.29278914463639616,0.2593961046711749,0.41815600219122795,0.0,0.3712088305633562,0.4688375318518173,0.25059287272613784,0.3203295617131462,0.3857641089036338,0.21673094722262642,0.3863339895389568,0.2592236370238533,0.436800236046899,0.3836929468168008,0.26673490946780876,0.2705545304763586,0.2483472663557722,0.4368175809823629,0.44305470634309196,0.25692746642106834,0.2821712995994161
0.3107796319283561,0.416370346865232,0.21637719370295339,0.2614999361997161,0.4262640200421085,0.3959015174981959,0.3479275950785494,0.2643889190701372,0.30194916286971596,0.2725987016223267,0.5072643691657159,0.25680477422725767,0.5378389769917729,0.2612169376357343,0.25611112303158157,0.3444710286797612,0.3791323053232355,0.49204833589432917,0.45073314302127443,0.34847872690912685,0.5024691264359911,0.49976113624706575,0.5337308232216649,0.3990635414651005,0.3698024240103438,0.3803613014020357,1.0,0.26120570018793887,0.29754544269856764,0.2993411722753191,0.2538856614455781,0.49593666481563226,0.0,0.4998889553654702,0.4192930407860359,0.26660009198108936,0.33494543014901557,0.5926219974800229,0.21878793191827883,0.5487355470455231,0.2556922697945859,0.42300202644602436,0.617619161608346,0.26846975790683913,0.26312332181922327,0.2758756753184556,0.42082871140687905,0.42107093989915667,0.26347835388098806,0.30406669351822657
0.2858815578304007,0.2809451686819928,0.20743021550554297,0.5248798143281717,0.24480034974380427,0.26014376406003004,0.24869899630266834,0.6854290724759482,0.26647339067552145,0.509583059584078,0.27242690141305204,0.48695718162933066,0.2652512792469953,0.5156828254235181,0.4872763491907378,0.24670522834595754,0.2503754325261479,0.26360470207519426,0.2437530060284172,0.24992379775412343,0.25401496183008465,0.25145119270950556,0.2669873037324427,0.24891544265095855,0.23837999051978953,0.24548313834452828,0.26120570018793887,1.0,0.32011568587192274,0.27584942245824107,0.4764894657478289,0.2635964467601071,0.0,0.2586922091010274,0.2578387241696145,0.41403519449544923,0.23620092289050143,0.2733200757473271,0.39095179959388093,0.2668512509162505,0.48752483634457866,0.2643772935190466,0.26030753618031743,0.8046444620605793,0.7674746556851264,0.2918195797903437,0.26304547642854414,0.263022175412295,0.4557523780347392,0.3095189486056933
0.33998160454148785,0.3077457919688428,0.24936877521400658,0.30839760859992627,0.2779661290376353,0.29340944918608725,0.2797025187474874,0.3147171993651767,0.32312673480861764,0.3184604858239909,0.30491728126514117,0.3166210742920238,0.29932610030276185,0.3130664083123409,0.3029403937114947,0.2777163797108321,0.28563497631806944,0.2953475116803541,0.2690296066623453,0.2825761155269406,0.28362059307835963,0.27838937776628747,0.2978519579068597,0.28637205456966763,0.2618973182215626,0.27428142336617534,0.29754544269856764,0.32011568587192274,1.0,0.3300168640575958,0.3024743192289011,0.29002907497979613,0.0,0.29107767231439163,0.28373708346465676,0.3064398410311976,0.26937331677862586,0.3005494999707674,0.25953231121090603,0.296625496423947,0.3000024626920722,0.2884303194696868,0.29685412186849613,0.3156274169443791,0.3166084997181543,0.3931431671826454,0.29217166147855445,0.29097835134671235,0.30262730737124655,0.6176227902399112
0.3827758618775289,0.30045966201006613,0.2481300726369633,0.2866172475473694,0.3024589864578493,0.2866617598914496,0.28667476937013625,0.2871911361628122,0.4138163924646976,0.2948871413639377,0.31306732022582895,0.27750481134955407,0.3231401365106399,0.2746564135769658,0.2785628109477215,0.3098750675651929,0.286263838005559,0.29429874716413407,0.2699874279212645,0.2892053666994714,0.28597178612813956,0.28167360467822844,0.2956668093997298,0.30392967137926175,0.2744006007802757,0.29278914463639616,0.2993411722753191,0.27584942245824107,0.3300168640575958,1.0,0.2780942994167558,0.2993272669748961,0.0,0.28723303787222776,0.2956952737073314,0.2757293680561441,0.28494873547360466,0.29332196638224695,0.2257634638514444,0.3100436659371897,0.2799762910117265,0.2954601596121651,0.2984868898682568,0.2783183219235795,0.27618774873769725,0.32070029581319337,0.2973723079208339,0.29751272457270284,0.27211387471792625,0.3376847067629022
0.2705235694030874,0.25973975607604993,0.20091789712303965,0.5177606395290926,0.28118762101227834,0.25292229395433785,0.23891918303414117,0.4790560561505234,0.2814231349645029,0.5311541701286726,0.2586440843627207,0.4573784542754966,0.26936374787712924,0.5032606768744083,0.513648510364134,0.2588337153660276,0.2554371074266898,0.24920068434358333,0.23035050011415759,0.23900209874797285,0.23765108357749287,0.2382790714314934,0.2516443709172993,0.27021939023850694,0.24881387921538034,0.2593961046711749,0.2538856614455781,0.4764894657478289,0.3024743192289011,0.2780942994167558,1.0,0.2712880084354127,0.0,0.2537010494848836,0.24993583391110752,0.4072902309615072,0.23749911844179006,0.2554297691128171,0.36813465526822353,0.2536529709990305,0.6785255315120271,0.2536898016787559,0.25023373214215094,0.4797799177453601,0.4765468983091119,0.282404080163862,0.25219404803848566,0.2534202244185223,0.4322386549963594,0.30272850781655836
0.307841214077725,0.4103116815768484,0.21386919936781668,0.28611431902905626,0.47023343434063203,0.4058072227769327,0.3345214625247912,0.27958918851485537,0.30889019803195883,0.27550828662077376,0.46142020575616116,0.26894056828240953,0.5175031585893815,0.26570499071232223,0.2759634494912987,0.35189702208715623,0.4385632822758482,0.4512696978378127,0.4487527536795475,0.3326696822179409,0.4660279989680336,0.47567196238611775,0.48746026791677977,0.4303262077788279,0.42783444919630054,0.41815600219122795,0.49593666481563226,0.2635964467601071,0.29002907497979613,0.2993272669748961,0.2712880084354127,1.0,0.0,0.4793848398438756,0.40641558839552827,0.2618705418940821,0.3343161455771514,0.49941640222362105,0.2224651901258773,0.5005059772687606,0.26839828018917467,0.41076207894693695,0.5070964284758226,0.27062786703104824,0.27469755843988264,0.26217682805304743,0.4154898118686624,0.4181300780882298,0.2579857232860068,0.2922482783768524
0.0,0.0,0.0,0.0,0.0,0.0,0.0,0.0,0.0,0.0,0.0,0.0,0.0,0.0,0.0,0.0,0.0,0.0,0.0,0.0,0.0,0.0,0.0,0.0,0.0,0.0,0.0,0.0,0.0,0.0,0.0,0.0,1.0,0.0,0.0,0.0,0.0,0.0,0.0,0.0,0.0,0.0,0.0,0.0,0.0,0.0,0.0,0.0,0.0,0.0
0.30712087055231363,0.4046660935278247,0.2105833653057666,0.2587513785334056,0.4201428841397479,0.4027001997782804,0.3499781487964969,0.2651346042051973,0.29214819505339706,0.2600369845492304,0.47527827836105496,0.2602776609175932,0.5332070632199538,0.2583642687358705,0.25143905741307826,0.3455566230004997,0.3872322862963262,0.4713430160588272,0.44363878648329713,0.34605156614988863,0.49167469441999745,0.6104580105345148,0.6370565076411648,0.3900343711717853,0.36668374851143637,0.3712088305633562,0.4998889553654702,0.2586922091010274,0.29107767231439163,0.28723303787222776,0.2537010494848836,0.4793848398438756,0.0,1.0,0.41031669363780066,0.2773538530754571,0.3336040746200477,0.48325674801998864,0.23989105840597125,0.5036760812547212,0.25297744289167023,0.4057383875072218,0.5099498926794258,0.2635076444980553,0.2660176280130573,0.26710603827401747,0.4090864450025161,0.4104954718241681,0.25415866573647294,0.30313552785110787
0.3081281752327507,0.5653332451518042,0.20590575441261416,0.26214019533328115,0.38891176600771493,0.5480351074058842,0.3436230982228877,0.26723773973385856,0.29772338504760854,0.26574074231109657,0.42491948394154855,0.2605349535292887,0.4208845187117659,0.2571288708555596,0.2543053224619748,0.3428583940364959,0.47109051488976084,0.4086483831499793,0.38522627768815976,0.3422398271607615,0.4033111005459594,0.3961948645546357,0.4118810381301573,0.5577994481440282,0.5282528822258746,0.4688375318518173,0.4192930407860359,0.2578387241696145,0.28373708346465676,0.2956952737073314,0.24993583391110752,0.40641558839552827,0.0,0.41031669363780066,1.0,0.2641764025422426,0.32653342212765046,0.4088969989530321,0.22911793801103508,0.4218519493595,0.2511204333288293,0.4709583490429402,0.42418554280770193,0.2665986999204917,0.2682175941856132,0.2626586492352012,0.4639883602108821,0.46574956443990256,0.2572995908878478,0.2913897546524433
0.2771145419462395,0.26703065782514834,0.20802474814893512,0.41791521195026293,0.2489578458222066,0.2645408331353859,0.2618904012881461,0.4075743534452724,0.27561451126038883,0.42995328726838344,0.2763124161376931,0.40059833468429473,0.26874689778714544,0.41617949088060824,0.4036802143321272,0.25921875843802267,0.2581132096509364,0.27392148557270957,0.2523852127769013,0.26114459593109074,0.2636997056706053,0.2560788979408565,0.2700886380123755,0.2523998538012864,0.24474058246038566,0.25059287272613784,0.26660009198108936,0.41403519449544923,0.3064398410311976,0.2757293680561441,0.4072902309615072,0.2618705418940821,0.0,0.2773538530754571,0.2641764025422426,1.0,0.25159058720599203,0.25946730010073304,0.37791314961632183,0.27218749432019473,0.4077465590775873,0.2600903382627846,0.26248355570322457,0.4164936356454557,0.416916881895672,0.28738385160930036,0.2607134508347253,0.26148494584945425,0.412815587547686,0.31310879892736554
0.2858167990840278,0.32030535693698814,0.19883996108794633,0.250144085862414,0.3179427357329556,0.3298806691778672,0.7859256216403231,0.24873310037868468,0.2886260500055672,0.24989141067264997,0.3333379522761799,0.2396424466807472,0.34944518270604996,0.24063526563669113,0.23920456160826942,0.7412526433209325,0.31948294150904255,0.36026356551504024,0.3305160859280778,0.7865313273782869,0.3469050336513523,0.33790336050166214,0.3642780677358909,0.326394170135727,0.31616456368753254,0.3203295617131462,0.33494543014901557,0.23620092289050143,0.26937331677862586,0.28494873547360466,0.23749911844179006,0.3343161455771514,0.0,0.3336040746200477,0.32653342212765046,0.25159058720599203,1.0,0.3200800599524781,0.21457207707996506,0.33028380973656035,0.23728543436296623,0.3242375839390019,0.3349778429850796,0.24193408584026654,0.24128113829390396,0.24884943261164527,0.31582646146755666,0.3159568887867832,0.23451056963326622,0.27588085229306714
0.31136026956494367,0.42991978196415503,0.2153810936150088,0.26256907818851405,0.43455656278539123,0.4048591015621974,0.33314523200861135,0.27851903502833486,0.290372857735666,0.27250243338773383,0.4882833879986821,0.26256002447617366,0.5056842452296058,0.2623148024214257,0.2591554902647929,0.3327019271194872,0.37947092686855766,0.46631068324227565,0.42872905054550947,0.33533921136421907,0.47797350293520013,0.47584563567254323,0.5008347963520546,0.3845548800410299,0.3728743181848755,0.3857641089036338,0.5926219974800229,0.2733200757473271,0.3005494999707674,0.29332196638224695,0.2554297691128171,0.49941640222362105,0.0,0.48325674801998864,0.4088969989530321,0.25946730010073304,0.3200800599524781,1.0,0.22811578563238066,0.520232691237675,0.25804798909035775,0.41886607682215904,0.6322917762784166,0.2784777074441135,0.2732218073633941,0.2724094011531618,0.4324174861661043,0.4332027962620454,0.26597006819778835,0.30162606767682043
0.23698089963355207,0.22867167575879443,0.17641578134293312,0.39410151238381075,0.26774692617702145,0.23668351809406796,0.22702665623260843,0.38766267909314556,0.22688564285272705,0.39842687397750476,0.23136823633650583,0.3833829258457796,0.2258307170889139,0.38480236284813096,0.37858892479375306,0.22153692662723723,0.2233763965888229,0.22743763260404737,0.21612342572430177,0.22112785273605806,0.2202105615164529,0.2182704061344013,0.23191717920972854,0.2186805346454197,0.21310412073157348,0.21673094722262642,0.21878793191827883,0.39095179959388093,0.25953231121090603,0.2257634638514444,0.36813465526822353,0.2224651901258773,0.0,0.23989105840597125,0.22911793801103508,0.37791314961632183,0.21457207707996506,0.22811578563238066,1.0,0.22549289093506153,0.37724458327503263,0.2287947847328824,0.22106356856540899,0.3983760606449994,0.401736303000485,0.23933034234485118,0.22445719692571386,0.22538514348311145,0.37040911430124246,0.261552282053092
0.31483507568781344,0.42517737833710934,0.22257710145856935,0.2616630209273101,0.42573513782157146,0.39989721015734403,0.3478981359166915,0.27091955676947255,0.3026123857231351,0.27180469618603986,0.5139007502985325,0.26138843639556053,0.5452554020848526,0.260304988855221,0.2557548710530284,0.3442190767152873,0.3782023860358035,0.497352931004149,0.4552769200905312,0.35095966694974867,0.50958189375346,0.5030180390414625,0.5282809847173087,0.39566877696008806,0.3614384244856431,0.3863339895389568,0.5487355470455231,0.2668512509162505,0.296625496423947,0.3100436659371897,0.2536529709990305,0.5005059772687606,0.0,0.5036760812547212,0.4218519493595,0.27218749432019473,0.33028380973656035,0.520232691237675,0.22549289093506153,1.0,0.2548488906761872,0.425209054431845,0.5458584279224137,0.2677406277565392,0.2683413474932109,0.2800646322992997,0.4413185539689144,0.4416860777509257,0.26008211710496876,0.3078844104798085
