../ecoli_genomes/GCF_000163235.1_ASM16323v1_genomic.fna.gz,../ecoli_genomes/GCF_000164555.1_ASM16455v1_genomic.fna.gz,../ecoli_genomes/GCF_000208545.1_ASM20854v2_genomic.fna.gz,../ecoli_genomes/GCF_000233875.1_ASM23387v1_genomic.fna.gz,../ecoli_genomes/GCF_000249735.1_ASM24973v2_genomic.fna.gz,../ecoli_genomes/GCF_000261145.1_Esch_coli_M919_V2_genomic.fna.gz,../ecoli_genomes/GCF_000267705.2_ASM26770v2_genomic.fna.gz,../ecoli_genomes/GCF_000350665.1_Esch_coli_KTE5_V1_genomic.fna.gz,../ecoli_genomes/GCF_000351625.1_Esch_coli_KTE66_V1_genomic.fna.gz,../ecoli_genomes/GCF_000352285.1_Esch_coli_KTE46_V1_genomic.fna.gz,../ecoli_genomes/GCF_000358895.1_ASM35889v1_genomic.fna.gz,../ecoli_genomes/GCF_000456385.1_Esch_coli_HVH_26_4-5703913_V1_genomic.fna.gz,../ecoli_genomes/GCF_000458195.1_Esch_coli_HVH_147_4-5893887_V1_genomic.fna.gz,../ecoli_genomes/GCF_000459755.1_Esch_coli_KOEGE_58_171a_V1_genomic.fna.gz,../ecoli_genomes/GCF_000460055.1_Esch_coli_UMEA_3053-1_V1_genomic.fna.gz,../ecoli_genomes/GCF_000462165.2_ASM46216v2_genomic.fna.gz,../ecoli_genomes/GCF_000601135.1_ASM60113v1_genomic.fna.gz,../ecoli_genomes/GCF_000614595.1_Ec2010EL1058_genomic.fna.gz,../ecoli_genomes/GCF_000617745.1_Ec2010C-4529_genomic.fna.gz,../ecoli_genomes/GCF_000618265.2_EcF6751_genomic.fna.gz,../ecoli_genomes/GCF_000619005.2_Ec2009C-4052_genomic.fna.gz,../ecoli_genomes/GCF_000619105.1_Ec2009C-4780_genomic.fna.gz,../ecoli_genomes/GCF_000619765.2_Ec2009C-3279_genomic.fna.gz,../ecoli_genomes/GCF_000687005.1_ASM68700v1_genomic.fna.gz,../ecoli_genomes/GCF_000687025.1_ASM68702v1_genomic.fna.gz,../ecoli_genomes/GCF_000700125.1_ASM70012v1_genomic.fna.gz,../ecoli_genomes/GCF_000753315.1_FHI35_genomic.fna.gz,../ecoli_genomes/GCF_000776375.1_ASM77637v1_genomic.fna.gz,../ecoli_genomes/GCF_000779395.1_ASM77939v1_genomic.fna.gz,../ecoli_genomes/GCF_000780315.1_ASM78031v1_genomic.fna.gz,../ecoli_genomes/GCF_000781995.1_ASM78199v1_genomic.fna.gz,../ecoli_genomes/GCF_000986765.1_ASM98676v1_genomic.fna.gz,../ecoli_genomes/GCF_001041375.1_ViralProj287958_genomic.fna.gz,../ecoli_genomes/GCF_001265335.1_302014_genomic.fna.gz,../ecoli_genomes/GCF_001265625.1_100854_genomic.fna.gz,../ecoli_genomes/GCF_001267345.1_303289_genomic.fna.gz,../ecoli_genomes/GCF_001309985.1_ASM130998v1_genomic.fna.gz,../ecoli_genomes/GCF_001521695.1_ASM152169v1_genomic.fna.gz,../ecoli_genomes/GCF_001592595.1_ASM159259v1_genomic.fna.gz,../ecoli_genomes/GCF_001614975.1_ASM161497v1_genomic.fna.gz,../ecoli_genomes/GCF_001692775.1_ASM169277v1_genomic.fna.gz,../ecoli_genomes/GCF_001748915.1_ASM174891v1_genomic.fna.gz,../ecoli_genomes/GCF_001749235.1_ASM174923v1_genomic.fna.gz,../ecoli_genomes/GCF_001881155.1_ASM188115v1_genomic.fna.gz,../ecoli_genomes/GCF_001881345.1_ASM188134v1_genomic.fna.gz,../ecoli_genomes/GCF_001892405.1_ASM189240v1_genomic.fna.gz,../ecoli_genomes/GCF_001892585.1_ASM189258v1_genomic.fna.gz,../ecoli_genomes/GCF_001893985.1_ASM189398v1_genomic.fna.gz,../ecoli_genomes/GCF_002001595.1_ASM200159v1_genomic.fna.gz,../ecoli_genomes/GCF_002002145.1_ASM200214v1_genomic.fna.gz
1.0,0.31395676038683995,0.25589083226500675,0.26756852669202713,0.2991546072951876,0.3024741144572246,0.2984194688267451,0.28094049357848594,0.3939765777612,0.2793652317213262,0.3104741264832287,0.2816996807693892,0.309037699837984,0.2642089905533713,0.255197656630202,0.2972986598816987,0.2789517440252327,0.2998924546970162,0.2983042532659922,0.29508654533061296,0.29167046377526273,0.30051559153397656,0.30428721383220125,0.30263151998256266,0.2860162663698349,0.25425533154682234,0.30087660333251065,0.2706382791063877,0.32833270339168297,0.38373660774200014,0.2509358196348548,0.30646934501860423,0.0,0.3048647450056685,0.3009007951422379,0.27282962642882613,0.27757444806170894,0.30589188387102195,0.20513919531939018,0.307520270774153,0.2542682655082503,0.3010545350770065,0.30671840368001535,0.2766966097056518,0.2863370012158317,0.30805665040032515,0.30131825116245436,0.30140054773698677,0.2549391221994153,0.3355311294417024
0.31395676038683995,1.0,0.2267746600606909,0.2639603227421018,0.3958209022285867,0.541289154197953,0.34814389704160287,0.274285325633433,0.2974950009635595,0.27818560103265755,0.42367281698251014,0.27909064005363127,0.421359034993827,0.26039704155228727,0.25508836307274485,0.34493974732001786,0.3892756952329074,0.41557812047484644,0.398659574528314,0.34702164648084266,0.40541392620042294,0.40087347049938327,0.41584888365158923,0.5045275943221308,0.4732748825972656,0.3507252316431919,0.41256640849780524,0.2706883802682436,0.3033989087342236,0.30450680154890064,0.24836446232169263,0.40389592383689943,0.0,0.40777180531203183,0.5594938177967148,0.25941932014099744,0.3223453957181799,0.4252697605497825,0.18976326423305556,0.42212372340077264,0.2540439619260899,0.4698962959447667,0.42017069024032105,0.27744124358476374,0.28065882040124923,0.2766006299868806,0.4807963856944003,0.4819450663469407,0.26891381485205224,0.29985117072781864
0.25589083226500675,0.2267746600606909,1.0,0.20054800219244417,0.20787363280475746,0.21263236128168528,0.21397733569466448,0.20660794092340118,0.2446752945362407,0.20743002340261663,0.22590020756574136,0.20553135906550313,0.21981606169076184,0.20273595714512427,0.19884443005074381,0.21253955736735064,0.1784189474204868,0.22012315910466895,0.21176474922755728,0.2136444685959884,0.2159840789964338,0.21372750212897618,0.21952353258527457,0.195383549235987,0.1845351856495211,0.15764261992235928,0.21842283903922066,0.20877684657451845,0.24433844211310596,0.24867617951277055,0.19222293444630478,0.21544857836846665,0.0,0.22254240283056337,0.21044655034657633,0.2097557105258966,0.19703028405351464,0.21401735688342416,0.15039258015991008,0.22722694787386832,0.19738873914606447,0.21624765111087818,0.22460827957208485,0.20910934509655799,0.20659655680766065,0.2259971299059016,0.22448143338989146,0.22461016268443657,0.20662525872951698,0.24822497279619848
0.26756852669202713,0.2639603227421018,0.20054800219244417,1.0,0.2744987263648574,0.253540162687526,0.25169667486128866,0.49305788950030593,0.2761795189579339,0.5285794525610528,0.26161751474082784,0.5107650547281983,0.2674446568996135,0.5474892104698694,0.5663574578211867,0.25103548898698447,0.22626203860581873,0.2535560891695319,0.2506854468014066,0.25008614740753254,0.25086421618652666,0.2490075966026435,0.2643841328590797,0.2456441277669139,0.23947337430263316,0.20487472082433855,0.2537143248710859,0.5176863022026158,0.297772306553995,0.26803030275357265,0.49778256180598246,0.27385048749662455,0.0,0.2501460751972686,0.2509576855063146,0.41271722887778084,0.24140458079243254,0.24881013947701025,0.3339449671277174,0.25407308569786635,0.5288762266259341,0.2499001737014901,0.25470236182169925,0.5190743165092091,0.5121358955497259,0.29431785666917,0.251590442555357,0.25156824428333413,0.44908554138353685,0.3044207249045887
0.2991546072951876,0.3958209022285867,0.20787363280475746,0.2744987263648574,1.0,0.402700033812749,0.32526970469342886,0.2734988335712454,0.2990135835455203,0.2814304741378697,0.5257989220812596,0.26753970675052385,0.48909674460006136,0.26228163593423914,0.27640193051156503,0.34183068043604625,0.34936866117533416,0.4168902367870193,0.4157476796291999,0.3252273303278508,0.43202664409295,0.4250315804524304,0.4312147392009107,0.3906246210350288,0.3642741915621348,0.3175580339014964,0.4360632150174666,0.25118991894208187,0.28710834357850223,0.2949602736210457,0.25436696929202807,0.46085784951145736,0.0,0.43056878266115284,0.38959424862434844,0.2544942081039767,0.3223356207098459,0.4447094629374444,0.19525725850383557,0.4435116092193242,0.273063924658962,0.401757624824707,0.45585381305105066,0.26173109980835707,0.270145965365845,0.2625539680189293,0.41994123700398034,0.41937779546391496,0.24594192976450469,0.2820269599082985
0.3024741144572246,0.541289154197953,0.21263236128168528,0.253540162687526,0.402700033812749,1.0,0.3474352249584711,0.2745351646328048,0.2949478957225674,0.2597396764442581,0.41301706588018317,0.2592468496657556,0.41515132023435874,0.2535732353135618,0.25026822564045315,0.3634471579450069,0.39323105684409454,0.4133383740685438,0.4008985684910291,0.3428287885079615,0.39585796361870307,0.420000873848245,0.4088192349497173,0.5026486767843581,0.4813288167774138,0.37168693220011395,0.3976355955189115,0.25555983762006373,0.29619249608258547,0.29307230804170825,0.24076646282159386,0.41005964435744235,0.0,0.41583364552757573,0.5481848097422255,0.26227320984319635,0.32485795137928597,0.4067304507409446,0.19699287825416834,0.4094418737723885,0.2457335309049431,0.45895718898467375,0.4086251723758588,0.26294637674954957,0.2652733906017458,0.26771291212238735,0.4707158709646866,0.472880827481611,0.25182765923485784,0.2948481364112664
0.2984194688267451,0.34814389704160287,0.21397733569466448,0.25169667486128866,0.32526970469342886,0.3474352249584711,1.0,0.2593058951196845,0.29387611677071257,0.251078438544748,0.3559470387650152,0.24941219245257473,0.351276876259072,0.24683888600752146,0.24134244397871873,0.7578140495422541,0.2823398782498353,0.3885549932465807,0.37126274636059287,0.8608814592149241,0.3803012200201643,0.36668773237201124,0.3868396388432228,0.31870077128562135,0.2965360690713482,0.25407745689695116,0.35377801696227984,0.25368630971687944,0.28348369270952356,0.2929563507889855,0.23415446315318367,0.3464676130093801,0.0,0.35698725910911844,0.352917269045689,0.2639336490477381,0.7655672684700204,0.33572392510722826,0.18917248585347923,0.3565181694651388,0.23640043908412012,0.3478793539788926,0.3529717467563014,0.25574161500985704,0.2559501348604828,0.26637644360038004,0.3464427849749512,0.3466368937106735,0.2432045627612771,0.2914342788092823
0.28094049357848594,0.274285325633433,0.20660794092340118,0.49305788950030593,0.2734988335712454,0.2745351646328048,0.2593058951196845,1.0,0.27680765347848424,0.5059224630268873,0.2689229814663636,0.4828817743007231,0.2759888634315263,0.48488365681716195,0.47228594719075945,0.260022510670866,0.23943626036735532,0.26221377987749905,0.2629101256852353,0.25754302547232466,0.25857230457302804,0.26007203985563154,0.2674627060505992,0.26973864183048335,0.24994784992377506,0.22039656323578505,0.2619780250612872,0.6915487289595137,0.3076762195602031,0.274503854028441,0.46734783014102455,0.27654788267576547,0.0,0.2695182344680428,0.26233496925266,0.4162518928053026,0.24258655643734262,0.27253814211798777,0.32747474904110374,0.26856432896861837,0.4825124497854263,0.260216100544454,0.2644868001504689,0.6997180198243684,0.6705706601801613,0.28991222677327355,0.26383319974506114,0.2636717173782186,0.4455178078746067,0.30223659822919346
0.3939765777612,0.2974950009635595,0.2446752945362407,0.2761795189579339,0.2990135835455203,0.2949478957225674,0.29387611677071257,0.27680765347848424,1.0,0.28784222184620367,0.3108707415697327,0.2701809859936818,0.3131094977944415,0.2740662716906006,0.27302061879109263,0.2931589363645686,0.2424969535452619,0.3019340162676424,0.28854422893295983,0.29444045599487945,0.2939128448172956,0.2968101732722318,0.30258965298040497,0.2799676893942772,0.2528416568181966,0.21746377509456338,0.30457579622421616,0.2712371893934037,0.33161183406754235,0.4031583644187081,0.2580542017334294,0.29416064703844347,0.0,0.29429035215096355,0.2926927641296253,0.28104914905716194,0.27778691340903217,0.290496475839629,0.2024906795360215,0.3057286607362427,0.2664266356184888,0.3001684365845113,0.3099212167820413,0.27379062889819583,0.27000768768998296,0.311100235178822,0.2982010739901104,0.29842267816708334,0.26167210530620433,0.33888023074823215
0.2793652317213262,0.27818560103265755,0.20743002340261663,0.5285794525610528,0.2814304741378697,0.2597396764442581,0.251078438544748,0.5059224630268873,0.28784222184620367,1.0,0.2720186105719097,0.4941813601136953,0.2788351877781683,0.5064747865553352,0.5079172527763496,0.2523119512470928,0.2128553923009291,0.26028927563568127,0.25094948835686415,0.2522368617963324,0.25375624048241885,0.25045493592560464,0.25834031413495995,0.24699886542652594,0.23165652005546544,0.19771021565535096,0.26086773867224766,0.5082590259901324,0.30878110013854154,0.2773756090947531,0.5156039851646926,0.2615837723589687,0.0,0.2540245440225568,0.2535543355315437,0.4281648763546362,0.23948307031853988,0.2581315103511814,0.3401690008884708,0.26371936671047835,0.534476451023076,0.25804084885254874,0.26040195053526694,0.5085361847224954,0.5140412067138522,0.2914289236089891,0.26127427655673163,0.26138837998022846,0.46877400500552646,0.3020078146207341
0.3104741264832287,0.42367281698251014,0.22590020756574136,0.26161751474082784,0.5257989220812596,0.41301706588018317,0.3559470387650152,0.2689229814663636,0.3108707415697327,0.2720186105719097,1.0,0.26693227106016404,0.5409915805057777,0.2613500430403499,0.26152055316609024,0.3600618685181035,0.33753914850770006,0.48122050368101976,0.4695427311407976,0.3566749750042757,0.48609272260265224,0.49263668497135704,0.4966198183603737,0.39409718058333376,0.34581171319640547,0.3083581826052436,0.5012968141686747,0.2677339464459306,0.3016899989995182,0.30751959180756105,0.24670182424630016,0.4655304701953328,0.0,0.4797966533578413,0.42180456593428106,0.2741021330573009,0.3386623041650618,0.4777020126636444,0.19452617576669007,0.5166248491904765,0.2549153438128461,0.4413061697550773,0.507417023039288,0.26767479005672123,0.2674311996874621,0.2824721154168709,0.44289433817844803,0.4420869166643113,0.2614150479477083,0.3091344686522901
0.2816996807693892,0.27909064005363127,0.20553135906550313,0.5107650547281983,0.26753970675052385,0.2592468496657556,0.24941219245257473,0.4828817743007231,0.2701809859936818,0.4941813601136953,0.26693227106016404,1.0,0.26882548848112864,0.4967439609953167,0.609192963495337,0.24971226762230614,0.24088863448838127,0.25350592020684515,0.25124309254120647,0.24682758085740886,0.2524569048701448,0.24886576127149818,0.25910562484380517,0.26467010670668223,0.24998150823206766,0.22104251919143836,0.2531410793068247,0.4927990481910428,0.3053066267901915,0.2700799963489303,0.4463871927515337,0.2740707776938046,0.0,0.2608369575646975,0.2565604647473565,0.4078002502912398,0.23643223182060047,0.26023223304112697,0.3240009043489259,0.2574779182497927,0.47188833787153683,0.25197170882150244,0.258915006945851,0.49440705991792255,0.49978646687235795,0.288327849531105,0.2608782189184383,0.2608487545276097,0.4340842675169838,0.2974951315178045
0.309037699837984,0.421359034993827,0.21981606169076184,0.2674446568996135,0.48909674460006136,0.41515132023435874,0.351276876259072,0.2759888634315263,0.3131094977944415,0.2788351877781683,0.5409915805057777,0.26882548848112864,1.0,0.25937566002325807,0.26955138961891556,0.36581078625705377,0.339267439687134,0.4958172026345613,0.49818078390990994,0.3524786025616854,0.5130833719103327,0.5496974724307004,0.5596546592470311,0.40168589108126873,0.35053918959752595,0.3075285476751889,0.537505776221008,0.26524268311879884,0.29919734077343385,0.31537511659863215,0.24838492374443621,0.5070365381750817,0.0,0.538150111980088,0.4182503410799707,0.26895984347387125,0.3448745859300769,0.5031928482541795,0.1948234394560564,0.5395850380537166,0.26215281557071823,0.4327938028629136,0.5380833849146827,0.26741603236143097,0.2659423638025312,0.2765744212902428,0.43799261568959147,0.43640672583764406,0.25924045034603427,0.30271851712021747
0.2642089905533713,0.26039704155228727,0.20273595714512427,0.5474892104698694,0.26228163593423914,0.2535732353135618,0.24683888600752146,0.48488365681716195,0.2740662716906006,0.5064747865553352,0.2613500430403499,0.4967439609953167,0.25937566002325807,1.0,0.5458797903095557,0.24510357913524183,0.20759445332399684,0.25347231731150877,0.2465587868439284,0.2472078827942149,0.244376599355131,0.24749256801893404,0.2589577783229152,0.2291729129349963,0.22101997008683194,0.1878614277909174,0.25349843544658,0.5151746058813733,0.3064718315850741,0.2647270445966571,0.4925756782362978,0.25707251369311535,0.0,0.24998742541373864,0.24785344707018864,0.4105699123548341,0.23257057110516577,0.2502350321697553,0.3193067846885693,0.2523370463687553,0.5118951018453337,0.24777344260227874,0.2546494890210257,0.5122869301986972,0.504139178992546,0.2917496084925649,0.25044354887393416,0.25121978795926125,0.45113135237262947,0.30411207225412396
0.255197656630202,0.25508836307274485,0.19884443005074381,0.5663574578211867,0.27640193051156503,0.25026822564045315,0.24134244397871873,0.47228594719075945,0.27302061879109263,0.5079172527763496,0.26152055316609024,0.609192963495337,0.26955138961891556,0.5458797903095557,1.0,0.24274358382353467,0.21611525757785488,0.24836928036414152,0.24506431273779195,0.24185118668148065,0.2430797290717016,0.24330208274514342,0.25485686088433745,0.24149349671789566,0.22287909159479535,0.18713545808883647,0.24942695391836522,0.489194229025121,0.2944230223569333,0.2627512649647865,0.4909420570417147,0.265167974953461,0.0,0.2465358751161555,0.24455832806515687,0.4092828018290625,0.23387363654676974,0.2461787889994097,0.3248325195713697,0.24965845612118065,0.5178088538475623,0.24743214200835628,0.2533480343208456,0.4875199412527882,0.48220415966182084,0.287497998316239,0.2555573893185302,0.2552729812181811,0.4401458528149217,0.30369561611486817
0.2972986598816987,0.34493974732001786,0.21253955736735064,0.25103548898698447,0.34183068043604625,0.3634471579450069,0.7578140495422541,0.260022510670866,0.2931589363645686,0.2523119512470928,0.3600618685181035,0.24971226762230614,0.36581078625705377,0.24510357913524183,0.24274358382353467,1.0,0.28363496020049617,0.3722798613313807,0.37315982942000514,0.748868042587254,0.3615797599461893,0.37895764767448836,0.3729472268478864,0.3258379087831458,0.2992525106300947,0.26680338926794145,0.3462951365822807,0.24901712015059418,0.27844690556265195,0.2982234831903757,0.23296124534171347,0.34957852612807416,0.0,0.3513792256320778,0.3458484065963696,0.2620410117337233,0.7264064140376669,0.33487865711784404,0.1856361401730683,0.3493825191262907,0.23997592554372715,0.3427949645948075,0.3483674087343509,0.2517566792214395,0.25520978112716153,0.2632619136026281,0.34769212383444625,0.3466544749089606,0.24223009203292223,0.28772942379627064
0.2789517440252327,0.3892756952329074,0.1784189474204868,0.22626203860581873,0.34936866117533416,0.39323105684409454,0.2823398782498353,0.23943626036735532,0.2424969535452619,0.2128553923009291,0.33753914850770006,0.24088863448838127,0.339267439687134,0.20759445332399684,0.21611525757785488,0.28363496020049617,1.0,0.32356417856256803,0.3197467799766066,0.2771113779462846,0.3196239364549446,0.32845644453171674,0.33645112814548817,0.5439212838629888,0.5510057982602501,0.5782268633947296,0.327379480370238,0.2114498902331987,0.2384966512897615,0.24510939754161443,0.19654074484658235,0.41569759000670325,0.0,0.35621208620000233,0.40792658652056746,0.22047634687238737,0.27586820421962954,0.32898273636839703,0.17355372502045363,0.33872212659090184,0.20452419301866465,0.36491250751287274,0.3373495658695631,0.24586182934068856,0.24829183806107402,0.22346759513091663,0.3796869046131205,0.38025217702670644,0.20491761089273275,0.24261587537409834
0.2998924546970162,0.41557812047484644,0.22012315910466895,0.2535560891695319,0.4168902367870193,0.4133383740685438,0.3885549932465807,0.26221377987749905,0.3019340162676424,0.26028927563568127,0.48122050368101976,0.25350592020684515,0.4958172026345613,0.25347231731150877,0.24836928036414152,0.3722798613313807,0.32356417856256803,1.0,0.5178129601981537,0.38545224049042337,0.5099854451507473,0.5124019355106895,0.5245556708292448,0.37868630429832506,0.336738669000918,0.2936443264827462,0.497024405616591,0.25808762889808246,0.2961336260731029,0.3030224848215308,0.2378022226367834,0.45829457507497195,0.0,0.4822296993155225,0.41096175550277025,0.27293769974742255,0.3642741269388424,0.4595387432102497,0.19398871077502466,0.4952635917698217,0.2421029632146935,0.4216163615529359,0.4930154695786795,0.2594786247011699,0.25788617440574635,0.2702774699782189,0.4264149991767162,0.4265959414823496,0.24951124538958958,0.29865707100288885
0.2983042532659922,0.398659574528314,0.21176474922755728,0.2506854468014066,0.4157476796291999,0.4008985684910291,0.37126274636059287,0.2629101256852353,0.28854422893295983,0.25094948835686415,0.4695427311407976,0.25124309254120647,0.49818078390990994,0.2465587868439284,0.24506431273779195,0.37315982942000514,0.3197467799766066,0.5178129601981537,1.0,0.3647116081401308,0.5020974586460485,0.5077314419321055,0.5098764497738745,0.370688008921203,0.3362694653521241,0.2856043137467381,0.48703130702574016,0.2533029666779707,0.2812970346618885,0.29243630992618597,0.2333955217519882,0.46319133576869387,0.0,0.4768350612265071,0.40578815217706754,0.2653414508905302,0.34882368095136174,0.44576671836517756,0.1894631651516867,0.47999969208450954,0.23708322921786507,0.40368308517444806,0.47866820590727743,0.25782607686004055,0.258286475339093,0.26593645038852365,0.4075267124049511,0.40710729225067577,0.24326045792784656,0.2887341248497788
0.29508654533061296,0.34702164648084266,0.2136444685959884,0.25008614740753254,0.3252273303278508,0.3428287885079615,0.8608814592149241,0.25754302547232466,0.29444045599487945,0.2522368617963324,0.3566749750042757,0.24682758085740886,0.3524786025616854,0.2472078827942149,0.24185118668148065,0.748868042587254,0.2771113779462846,0.38545224049042337,0.3647116081401308,1.0,0.37841264191400314,0.36444911992834306,0.3831302789480916,0.3139829266466284,0.29124231697161684,0.25132193077070886,0.3541686432511757,0.2532206147511795,0.2825904366570966,0.29257217356991905,0.23354421920184543,0.34203078351629534,0.0,0.3525128921343158,0.3467723760580892,0.2632888225727512,0.7636566775357528,0.33475854578859343,0.18593381442602652,0.35776715103586654,0.23749856327845098,0.34718888179439833,0.35294382524737944,0.25441644558903853,0.2529435584335409,0.26739555238335266,0.3463669728192138,0.3465648130552833,0.24378053688991375,0.2910230166793025
0.29167046377526273,0.40541392620042294,0.2159840789964338,0.25086421618652666,0.43202664409295,0.39585796361870307,0.3803012200201643,0.25857230457302804,0.2939128448172956,0.25375624048241885,0.48609272260265224,0.2524569048701448,0.5130833719103327,0.244376599355131,0.2430797290717016,0.3615797599461893,0.3196239364549446,0.5099854451507473,0.5020974586460485,0.37841264191400314,1.0,0.5113472121342464,0.5365692332428453,0.36838899593866203,0.3340684234111191,0.29612558999650274,0.5030673339558691,0.2561162797124611,0.28563965986421747,0.30050316400696264,0.2311466984756534,0.47476715200794584,0.0,0.5054938153644779,0.4082531313112685,0.26526823802544486,0.3530056504505986,0.471108552815655,0.1881967512466418,0.5115262777489407,0.23931511145306938,0.3964940773793547,0.4978170283501454,0.25720194766270366,0.25776046254353235,0.272415466063618,0.41866645373497235,0.4188424828035946,0.2483931499372729,0.2921716767509952
0.30051559153397656,0.40087347049938327,0.21372750212897618,0.2490075966026435,0.4250315804524304,0.420000873848245,0.36668773237201124,0.26007203985563154,0.2968101732722318,0.25045493592560464,0.49263668497135704,0.24886576127149818,0.5496974724307004,0.24749256801893404,0.24330208274514342,0.37895764767448836,0.32845644453171674,0.5124019355106895,0.5077314419321055,0.36444911992834306,0.5113472121342464,1.0,0.7120438981868294,0.36710115257900866,0.33730000202382915,0.29927733678634094,0.5088779484019561,0.2554330977886311,0.28469380973356084,0.29604698096066695,0.2354728967958729,0.47531184863772413,0.0,0.6334571406280332,0.40251724284369905,0.2611291782711055,0.3477310006223152,0.4715382543441371,0.1870598491709763,0.5139367956768712,0.236529156476054,0.4027755100260654,0.5139755821124927,0.25820902165555903,0.2552242540936511,0.2675239216378067,0.41409767004558207,0.4132261897134121,0.24661256746631544,0.29166279156250075
0.30428721383220125,0.41584888365158923,0.21952353258527457,0.2643841328590797,0.4312147392009107,0.4088192349497173,0.3868396388432228,0.2674627060505992,0.30258965298040497,0.25834031413495995,0.4966198183603737,0.25910562484380517,0.5596546592470311,0.2589577783229152,0.25485686088433745,0.3729472268478864,0.33645112814548817,0.5245556708292448,0.5098764497738745,0.3831302789480916,0.5365692332428453,0.7120438981868294,1.0,0.37640821288299275,0.34428543149469537,0.2924470843850322,0.5316713414855468,0.2650446079325195,0.2956106783549861,0.3013836732773433,0.2443038558200915,0.49450633131627186,0.0,0.642594115911693,0.41228030096866275,0.2685513498780181,0.361383867975842,0.48692293262074327,0.19600189520623446,0.5242882578501906,0.24917521178065472,0.4116887022854764,0.5210508412104837,0.2672412547822165,0.2655332484756723,0.27376398628068466,0.42137665084327136,0.42185839424556515,0.2539646466035297,0.30050830399913286
0.30263151998256266,0.5045275943221308,0.195383549235987,0.2456441277669139,0.3906246210350288,0.5026486767843581,0.31870077128562135,0.26973864183048335,0.2799676893942772,0.24699886542652594,0.39409718058333376,0.26467010670668223,0.40168589108126873,0.2291729129349963,0.24149349671789566,0.3258379087831458,0.5439212838629888,0.37868630429832506,0.370688008921203,0.3139829266466284,0.36838899593866203,0.36710115257900866,0.37640821288299275,1.0,0.6062753844469999,0.5382699757241107,0.3758890947410011,0.23257861937292568,0.2701905197841231,0.2820363217149765,0.21837486921381,0.4316313094668217,0.0,0.3853778817975866,0.5215121379993263,0.2439232234762062,0.30659193726873435,0.366606312807887,0.18438981628667672,0.38348367690067753,0.23382373106178977,0.4290320669120192,0.37706292608685954,0.26044534054155544,0.265551154243834,0.2531067812813066,0.43252687357309694,0.4318209886176071,0.22663165832837906,0.27212570364091004
0.2860162663698349,0.4732748825972656,0.1845351856495211,0.23947337430263316,0.3642741915621348,0.4813288167774138,0.2965360690713482,0.24994784992377506,0.2528416568181966,0.23165652005546544,0.34581171319640547,0.24998150823206766,0.35053918959752595,0.22101997008683194,0.22287909159479535,0.2992525106300947,0.5510057982602501,0.336738669000918,0.3362694653521241,0.29124231697161684,0.3340684234111191,0.33730000202382915,0.34428543149469537,0.6062753844469999,1.0,0.5677597396188692,0.33631203785517516,0.219940546043765,0.24786526946517906,0.25663450683182276,0.20946730466767516,0.41718840071546515,0.0,0.3540298880028834,0.4914555052081637,0.22210894785264357,0.283211648231499,0.3476239535555887,0.18037714223120838,0.34914254161891944,0.2185353062647949,0.38768643202111297,0.34621604428915476,0.2585681393697721,0.2570202477760868,0.2355475617157099,0.39612518302724864,0.39696077817290576,0.22162455958702132,0.24773147865862744
0.25425533154682234,0.3507252316431919,0.15764261992235928,0.20487472082433855,0.3175580339014964,0.37168693220011395,0.25407745689695116,0.22039656323578505,0.21746377509456338,0.19771021565535096,0.3083581826052436,0.22104251919143836,0.3075285476751889,0.1878614277909174,0.18713545808883647,0.26680338926794145,0.5782268633947296,0.2936443264827462,0.2856043137467381,0.25132193077070886,0.29612558999650274,0.29927733678634094,0.2924470843850322,0.5382699757241107,0.5677597396188692,1.0,0.29299421036788986,0.18704459847719823,0.21044009557962873,0.22261432231846623,0.17918874312912003,0.3648721510079851,0.0,0.30747297860672285,0.36652294206461167,0.1888949759097992,0.2500350238185044,0.29608794926593374,0.16290599234644854,0.31383913726634194,0.18469559883036546,0.33312436347673124,0.29730340971860625,0.23193185994823362,0.2278424888413979,0.2042162677555759,0.3445270760354622,0.3452147574845298,0.1904429374192662,0.21693284165877602
0.30087660333251065,0.41256640849780524,0.21842283903922066,0.2537143248710859,0.4360632150174666,0.3976355955189115,0.35377801696227984,0.2619780250612872,0.30457579622421616,0.26086773867224766,0.5012968141686747,0.2531410793068247,0.537505776221008,0.25349843544658,0.24942695391836522,0.3462951365822807,0.327379480370238,0.497024405616591,0.48703130702574016,0.3541686432511757,0.5030673339558691,0.5088779484019561,0.5316713414855468,0.3758890947410011,0.33631203785517516,0.29299421036788986,1.0,0.25851539046275807,0.29838107838712247,0.30167614271223275,0.23970580978931322,0.48640867782410036,0.0,0.5023804847576109,0.40794386153453244,0.2628504235173348,0.3326892413254242,0.5689283874869788,0.18240186400434422,0.5375857939021952,0.24556066725649595,0.4187503786360113,0.6157608809546451,0.2603020860789965,0.25505945194808266,0.278449419907534,0.42081996852738823,0.42084675739423916,0.25305146041851057,0.3004842749400759
0.2706382791063877,0.2706883802682436,0.20877684657451845,0.5176863022026158,0.25118991894208187,0.25555983762006373,0.25368630971687944,0.6915487289595137,0.2712371893934037,0.5082590259901324,0.2677339464459306,0.4927990481910428,0.26524268311879884,0.5151746058813733,0.489194229025121,0.24901712015059418,0.2114498902331987,0.25808762889808246,0.2533029666779707,0.2532206147511795,0.2561162797124611,0.2554330977886311,0.2650446079325195,0.23257861937292568,0.219940546043765,0.18704459847719823,0.25851539046275807,1.0,0.30739792841055646,0.26951437401389244,0.47742233858514516,0.2605686338956572,0.0,0.2589965756742225,0.2527985372070245,0.4115256417776587,0.23550014336802338,0.26505535910826705,0.32706570944580093,0.26390814619010705,0.4908279218958381,0.2548567947139734,0.26070520240160067,0.7985065593127717,0.754167976249149,0.2897608918501581,0.26073124035503137,0.2609706465337699,0.46082947724639545,0.2977836936868662
0.32833270339168297,0.3033989087342236,0.24433844211310596,0.297772306553995,0.28710834357850223,0.29619249608258547,0.28348369270952356,0.3076762195602031,0.33161183406754235,0.30878110013854154,0.3016899989995182,0.3053066267901915,0.29919734077343385,0.3064718315850741,0.2944230223569333,0.27844690556265195,0.2384966512897615,0.2961336260731029,0.2812970346618885,0.2825904366570966,0.28563965986421747,0.28469380973356084,0.2956106783549861,0.2701905197841231,0.24786526946517906,0.21044009557962873,0.29838107838712247,0.30739792841055646,1.0,0.3254119593602657,0.2886623015067452,0.2945730295558986,0.0,0.2925839280970056,0.29115151875782197,0.3042289231455766,0.26633338923576333,0.29043514392376013,0.21604411128848577,0.2976198834566496,0.286914512415012,0.2878720474886379,0.2989705489218505,0.30390578971239557,0.3041056345866878,0.3920638254312985,0.29065735380852387,0.2907505779108336,0.2951690607531776,0.61974779445763
0.38373660774200014,0.30450680154890064,0.24867617951277055,0.26803030275357265,0.2949602736210457,0.29307230804170825,0.2929563507889855,0.274503854028441,0.4031583644187081,0.2773756090947531,0.30751959180756105,0.2700799963489303,0.31537511659863215,0.2647270445966571,0.2627512649647865,0.2982234831903757,0.24510939754161443,0.3030224848215308,0.29243630992618597,0.29257217356991905,0.30050316400696264,0.29604698096066695,0.3013836732773433,0.2820363217149765,0.25663450683182276,0.22261432231846623,0.30167614271223275,0.26951437401389244,0.3254119593602657,1.0,0.2540659379598824,0.29322848263484735,0.0,0.2930831577960564,0.2937382836833742,0.2691857246475534,0.2786672176893321,0.296634504327575,0.191224550796954,0.31341715224878286,0.2627718283885879,0.2960255876927953,0.3080139240044747,0.26998572852517966,0.268107264729908,0.31567204875169574,0.30364949750654324,0.30387063208504295,0.26363720682604597,0.3353733389760165
0.2509358196348548,0.24836446232169263,0.19222293444630478,0.49778256180598246,0.25436696929202807,0.24076646282159386,0.23415446315318367,0.46734783014102455,0.2580542017334294,0.5156039851646926,0.24670182424630016,0.4463871927515337,0.24838492374443621,0.4925756782362978,0.4909420570417147,0.23296124534171347,0.19654074484658235,0.2378022226367834,0.2333955217519882,0.23354421920184543,0.2311466984756534,0.2354728967958729,0.2443038558200915,0.21837486921381,0.20946730466767516,0.17918874312912003,0.23970580978931322,0.47742233858514516,0.2886623015067452,0.2540659379598824,1.0,0.24503597539110689,0.0,0.24126624522396678,0.23305081408708117,0.39497358891029644,0.22480727673594958,0.23648483743898352,0.31128027661776403,0.24318878424750812,0.6456531268876037,0.23688258459156564,0.24140387546608777,0.47548613256677175,0.4688323610586531,0.27637325456101425,0.2429390773593253,0.24291643181445122,0.4287317824149043,0.27967746365381185
0.30646934501860423,0.40389592383689943,0.21544857836846665,0.27385048749662455,0.46085784951145736,0.41005964435744235,0.3464676130093801,0.27654788267576547,0.29416064703844347,0.2615837723589687,0.4655304701953328,0.2740707776938046,0.5070365381750817,0.25707251369311535,0.265167974953461,0.34957852612807416,0.41569759000670325,0.45829457507497195,0.46319133576869387,0.34203078351629534,0.47476715200794584,0.47531184863772413,0.49450633131627186,0.4316313094668217,0.41718840071546515,0.3648721510079851,0.48640867782410036,0.2605686338956572,0.2945730295558986,0.29322848263484735,0.24503597539110689,1.0,0.0,0.48648515303610973,0.40341322827479664,0.26016812498156106,0.3405943837603145,0.4830894926703271,0.19744456775730834,0.49675790159301003,0.2504896644850044,0.3995678019304809,0.5043273967506334,0.27078835051670447,0.27422592315853167,0.267888204405645,0.41989142298856197,0.4194641675005779,0.24754637528765921,0.2873379907938899
0.0,0.0,0.0,0.0,0.0,0.0,0.0,0.0,0.0,0.0,0.0,0.0,0.0,0.0,0.0,0.0,0.0,0.0,0.0,0.0,0.0,0.0,0.0,0.0,0.0,0.0,0.0,0.0,0.0,0.0,0.0,0.0,1.0,0.0,0.0,0.0,0.0,0.0,0.0,0.0,0.0,0.0,0.0,0.0,0.0,0.0,0.0,0.0,0.0,0.0
0.3048647450056685,0.40777180531203183,0.22254240283056337,0.2501460751972686,0.43056878266115284,0.41583364552757573,0.35698725910911844,0.2695182344680428,0.29429035215096355,0.2540245440225568,0.4797966533578413,0.2608369575646975,0.538150111980088,0.24998742541373864,0.2465358751161555,0.3513792256320778,0.35621208620000233,0.4822296993155225,0.4768350612265071,0.3525128921343158,0.5054938153644779,0.6334571406280332,0.642594115911693,0.3853778817975866,0.3540298880028834,0.30747297860672285,0.5023804847576109,0.2589965756742225,0.2925839280970056,0.2930831577960564,0.24126624522396678,0.48648515303610973,0.0,1.0,0.41738672750884664,0.2776900646563041,0.3314529148742258,0.475838978182031,0.20230176916671383,0.5090470779057867,0.24014018045028018,0.4069315128168688,0.5136413521584706,0.26183497206181716,0.2633697615748063,0.2663605210751421,0.4161657305090294,0.4163376499361393,0.2465768768729658,0.29380400714267774
0.3009007951422379,0.5594938177967148,0.21044655034657633,0.2509576855063146,0.38959424862434844,0.5481848097422255,0.352917269045689,0.26233496925266,0.2926927641296253,0.2535543355315437,0.42180456593428106,0.2565604647473565,0.4182503410799707,0.24785344707018864,0.24455832806515687,0.3458484065963696,0.40792658652056746,0.41096175550277025,0.40578815217706754,0.3467723760580892,0.4082531313112685,0.40251724284369905,0.41228030096866275,0.5215121379993263,0.4914555052081637,0.36652294206461167,0.40794386153453244,0.2527985372070245,0.29115151875782197,0.2937382836833742,0.23305081408708117,0.40341322827479664,0.0,0.41738672750884664,1.0,0.2585116997872132,0.3261660468243748,0.40170901013236815,0.19001615625086965,0.42182299530186884,0.23751612034975567,0.4742958629518277,0.4191384282939956,0.25522690535640413,0.25700209066620816,0.26563255321585666,0.4674060254347209,0.4669109607569013,0.24552670470358484,0.2906550079265465
0.27282962642882613,0.25941932014099744,0.2097557105258966,0.41271722887778084,0.2544942081039767,0.26227320984319635,0.2639336490477381,0.4162518928053026,0.28104914905716194,0.4281648763546362,0.2741021330573009,0.4078002502912398,0.26895984347387125,0.4105699123548341,0.4092828018290625,0.2620410117337233,0.22047634687238737,0.27293769974742255,0.2653414508905302,0.2632888225727512,0.26526823802544486,0.2611291782711055,0.2685513498780181,0.2439232234762062,0.22210894785264357,0.1888949759097992,0.2628504235173348,0.4115256417776587,0.3042289231455766,0.2691857246475534,0.39497358891029644,0.26016812498156106,0.0,0.2776900646563041,0.2585116997872132,1.0,0.25056025953240635,0.2538778576120121,0.3231525257941197,0.268035344321366,0.4028853934763882,0.258166739639751,0.2612873395302553,0.4164669557444085,0.416237506823793,0.28769693550029396,0.25931491931505135,0.2587574302145722,0.4053138340422421,0.303121113034746
0.27757444806170894,0.3223453957181799,0.19703028405351464,0.24140458079243254,0.3223356207098459,0.32485795137928597,0.7655672684700204,0.24258655643734262,0.27778691340903217,0.23948307031853988,0.3386623041650618,0.23643223182060047,0.3448745859300769,0.23257057110516577,0.23387363654676974,0.7264064140376669,0.27586820421962954,0.3642741269388424,0.34882368095136174,0.7636566775357528,0.3530056504505986,0.3477310006223152,0.361383867975842,0.30659193726873435,0.283211648231499,0.2500350238185044,0.3326892413254242,0.23550014336802338,0.26633338923576333,0.2786672176893321,0.22480727673594958,0.3405943837603145,0.0,0.3314529148742258,0.3261660468243748,0.25056025953240635,1.0,0.318545577097452,0.18025508143378066,0.3259425029640336,0.2272045661109272,0.3294516689679743,0.3321700392562753,0.23907005538005044,0.23869217538761967,0.24908276000902085,0.3270106584563013,0.3264284718803887,0.22616225026560666,0.27601625743199476
0.30589188387102195,0.4252697605497825,0.21401735688342416,0.24881013947701025,0.4447094629374444,0.4067304507409446,0.33572392510722826,0.27253814211798777,0.290496475839629,0.2581315103511814,0.4777020126636444,0.26023223304112697,0.5031928482541795,0.2502350321697553,0.2461787889994097,0.33487865711784404,0.32898273636839703,0.4595387432102497,0.44576671836517756,0.33475854578859343,0.471108552815655,0.4715382543441371,0.48692293262074327,0.366606312807887,0.3476239535555887,0.29608794926593374,0.5689283874869788,0.26505535910826705,0.29043514392376013,0.296634504327575,0.23648483743898352,0.4830894926703271,0.0,0.475838978182031,0.40170901013236815,0.2538778576120121,0.318545577097452,1.0,0.18828916380813532,0.5095835483949963,0.2445807877459666,0.41291366444851896,0.6162508555743414,0.26750416860400317,0.26144037647754936,0.27032682401220076,0.42275620058448105,0.42411245332298275,0.2552000516957047,0.2906950988133751
0.20513919531939018,0.18976326423305556,0.15039258015991008,0.3339449671277174,0.19525725850383557,0.19699287825416834,0.18917248585347923,0.32747474904110374,0.2024906795360215,0.3401690008884708,0.19452617576669007,0.3240009043489259,0.1948234394560564,0.3193067846885693,0.3248325195713697,0.1856361401730683,0.17355372502045363,0.19398871077502466,0.1894631651516867,0.18593381442602652,0.1881967512466418,0.1870598491709763,0.19600189520623446,0.18438981628667672,0.18037714223120838,0.16290599234644854,0.18240186400434422,0.32706570944580093,0.21604411128848577,0.191224550796954,0.31128027661776403,0.19744456775730834,0.0,0.20230176916671383,0.19001615625086965,0.3231525257941197,0.18025508143378066,0.18828916380813532,1.0,0.18958968135160992,0.3166420154478302,0.18851481376174062,0.18834446554408923,0.3291131665331717,0.3334311810874828,0.20342949952306655,0.1906171830040969,0.19041306192130258,0.31104363975243055,0.21813370641381147
0.307520270774153,0.42212372340077264,0.22722694787386832,0.25407308569786635,0.4435116092193242,0.4094418737723885,0.3565181694651388,0.26856432896861837,0.3057286607362427,0.26371936671047835,0.5166248491904765,0.2574779182497927,0.5395850380537166,0.2523370463687553,0.24965845612118065,0.3493825191262907,0.33872212659090184,0.4952635917698217,0.47999969208450954,0.35776715103586654,0.5115262777489407,0.5139367956768712,0.5242882578501906,0.38348367690067753,0.34914254161891944,0.31383913726634194,0.5375857939021952,0.26390814619010705,0.2976198834566496,0.31341715224878286,0.24318878424750812,0.49675790159301003,0.0,0.5090470779057867,0.42182299530186884,0.268035344321366,0.3259425029640336,0.5095835483949963,0.18958968135160992,1.0,0.24500915168892723,0.4276378662963085,0.5461343379007453,0.2639484097855025,0.26572142780569197,0.28662796765118936,0.44545437106861263,0.44677347132529377,0.2571793511326801,0.30605422236313906
