../ecoli_genomes/GCF_000163235.1_ASM16323v1_genomic.fna.gz,../ecoli_genomes/GCF_000164555.1_ASM16455v1_genomic.fna.gz,../ecoli_genomes/GCF_000208545.1_ASM20854v2_genomic.fna.gz,../ecoli_genomes/GCF_000233875.1_ASM23387v1_genomic.fna.gz,../ecoli_genomes/GCF_000249735.1_ASM24973v2_genomic.fna.gz,../ecoli_genomes/GCF_000261145.1_Esch_coli_M919_V2_genomic.fna.gz,../ecoli_genomes/GCF_000267705.2_ASM26770v2_genomic.fna.gz,../ecoli_genomes/GCF_000350665.1_Esch_coli_KTE5_V1_genomic.fna.gz,../ecoli_genomes/GCF_000351625.1_Esch_coli_KTE66_V1_genomic.fna.gz,../ecoli_genomes/GCF_000352285.1_Esch_coli_KTE46_V1_genomic.fna.gz,../ecoli_genomes/GCF_000358895.1_ASM35889v1_genomic.fna.gz,../ecoli_genomes/GCF_000456385.1_Esch_coli_HVH_26_4-5703913_V1_genomic.fna.gz,../ecoli_genomes/GCF_000458195.1_Esch_coli_HVH_147_4-5893887_V1_genomic.fna.gz,../ecoli_genomes/GCF_000459755.1_Esch_coli_KOEGE_58_171a_V1_genomic.fna.gz,../ecoli_genomes/GCF_000460055.1_Esch_coli_UMEA_3053-1_V1_genomic.fna.gz,../ecoli_genomes/GCF_000462165.2_ASM46216v2_genomic.fna.gz,../ecoli_genomes/GCF_000601135.1_ASM60113v1_genomic.fna.gz,../ecoli_genomes/GCF_000614595.1_Ec2010EL1058_genomic.fna.gz,../ecoli_genomes/GCF_000617745.1_Ec2010C-4529_genomic.fna.gz,../ecoli_genomes/GCF_000618265.2_EcF6751_genomic.fna.gz,../ecoli_genomes/GCF_000619005.2_Ec2009C-4052_genomic.fna.gz,../ecoli_genomes/GCF_000619105.1_Ec2009C-4780_genomic.fna.gz,../ecoli_genomes/GCF_000619765.2_Ec2009C-3279_genomic.fna.gz,../ecoli_genomes/GCF_000687005.1_ASM68700v1_genomic.fna.gz,../ecoli_genomes/GCF_000687025.1_ASM68702v1_genomic.fna.gz,../ecoli_genomes/GCF_000700125.1_ASM70012v1_genomic.fna.gz,../ecoli_genomes/GCF_000753315.1_FHI35_genomic.fna.gz,../ecoli_genomes/GCF_000776375.1_ASM77637v1_genomic.fna.gz,../ecoli_genomes/GCF_000779395.1_ASM77939v1_genomic.fna.gz,../ecoli_genomes/GCF_000780315.1_ASM78031v1_genomic.fna.gz,../ecoli_genomes/GCF_000781995.1_ASM78199v1_genomic.fna.gz,../ecoli_genomes/GCF_000986765.1_ASM98676v1_genomic.fna.gz,../ecoli_genomes/GCF_001041375.1_ViralProj287958_genomic.fna.gz,../ecoli_genomes/GCF_001265335.1_302014_genomic.fna.gz,../ecoli_genomes/GCF_001265625.1_100854_genomic.fna.gz,../ecoli_genomes/GCF_001267345.1_303289_genomic.fna.gz,../ecoli_genomes/GCF_001309985.1_ASM130998v1_genomic.fna.gz,../ecoli_genomes/GCF_001521695.1_ASM152169v1_genomic.fna.gz,../ecoli_genomes/GCF_001592595.1_ASM159259v1_genomic.fna.gz,../ecoli_genomes/GCF_001614975.1_ASM161497v1_genomic.fna.gz,../ecoli_genomes/GCF_001692775.1_ASM169277v1_genomic.fna.gz,../ecoli_genomes/GCF_001748915.1_ASM174891v1_genomic.fna.gz,../ecoli_genomes/GCF_001749235.1_ASM174923v1_genomic.fna.gz,../ecoli_genomes/GCF_001881155.1_ASM188115v1_genomic.fna.gz,../ecoli_genomes/GCF_001881345.1_ASM188134v1_genomic.fna.gz,../ecoli_genomes/GCF_001892405.1_ASM189240v1_genomic.fna.gz,../ecoli_genomes/GCF_001892585.1_ASM189258v1_genomic.fna.gz,../ecoli_genomes/GCF_001893985.1_ASM189398v1_genomic.fna.gz,../ecoli_genomes/GCF_002001595.1_ASM200159v1_genomic.fna.gz,../ecoli_genomes/GCF_002002145.1_ASM200214v1_genomic.fna.gz
1.0,0.32536975624475584,0.25809210502591184,0.2831757772186586,0.2828520597958476,0.30108701964592977,0.2967523918538978,0.2863573623462934,0.38879637185972715,0.2976589304648638,0.31390671367980105,0.29125230699985905,0.30975507378571454,0.27249120146396577,0.26686695762491586,0.29473259738231006,0.27509528537060934,0.2993200102834116,0.292061749254494,0.29953002451063626,0.2935409311015952,0.2869127604760444,0.3074673169433443,0.2898026967630316,0.2868040527195804,0.23256445184778107,0.3054272099289195,0.2778758564481725,0.34423374352752856,0.3845006377085811,0.25814444446010576,0.3027071514493388,0.0,0.30334720190354714,0.3068449846214475,0.27220491854162077,0.2881055952292729,0.3092183483983607,0.18154051341686217,0.31326501557821684,0.2651595589202991,0.3025917883532956,0.31018134577936063,0.2832120954106836,0.293298760180834,0.316591597184937,0.30587052166499085,0.30489315604968037,0.27089517588273715,0.34758228944697356
0.32536975624475584,1.0,0.242136317828757,0.2840891981032546,0.37727656835238366,0.5182870168807925,0.3499211566960164,0.28647612907652087,0.3035138051096925,0.2961902971207666,0.4292591668967237,0.2889347180566165,0.42747434938018547,0.271056582839456,0.2699961196873324,0.346479782618037,0.3833207884845601,0.41824482638137406,0.3977643166479996,0.35470910214166773,0.40243075422190633,0.3750175309680499,0.416629280852852,0.4704740169514251,0.45791347917816894,0.30588996591765827,0.41982031861603364,0.28398063414490793,0.31826757887309287,0.30682389176839864,0.26359917273725486,0.4029721158219536,0.0,0.411006132786481,0.5699798477418598,0.26352303706822167,0.33589481131470844,0.42811676584490377,0.17420143348381512,0.42632486569868766,0.2692984025132199,0.47796287029447726,0.429559604606521,0.29596801294003183,0.2968285119051751,0.28569723267187486,0.479267642108995,0.4812962571473569,0.2870434004968272,0.3089441434710015
0.25809210502591184,0.242136317828757,1.0,0.20899933382636726,0.20230398423437101,0.21439091306970093,0.21863141514756435,0.21306526560558403,0.24312024701728074,0.21643795374534092,0.2414744256460416,0.2084310082474582,0.2401102438420999,0.20851813432297928,0.20357946475826239,0.21458554770630578,0.1829879028440079,0.2325664037934313,0.21878819350773593,0.22097228734940944,0.2240638870448477,0.2146940885183305,0.23426412247168937,0.19558669693062636,0.18929112274573756,0.14674915204731553,0.23660389112107194,0.21423845071011827,0.2558356129129997,0.25975549253770724,0.2018280552515842,0.22221605283955326,0.0,0.23145820680653872,0.22604338943814983,0.2072029543744054,0.2087295093660776,0.23098615403472944,0.13539420846929928,0.2384218323982814,0.2072950489939377,0.23064429096754446,0.24000418136439716,0.21758657047775143,0.21417005915178577,0.23666383500336696,0.23606358190609544,0.23675962635342473,0.21918717241338037,0.25549260919566075
0.2831757772186586,0.2840891981032546,0.20899933382636726,1.0,0.2671558931235861,0.26254139665547294,0.257256332083474,0.4946947493884709,0.28699353887421053,0.5274899508994464,0.26643218451726147,0.4995371281712203,0.27973465403624653,0.5446272829753815,0.5556067396554418,0.26632157437082793,0.22931265163680248,0.26623880860273885,0.2590229065372778,0.2594739289553407,0.25535623444215194,0.24441044886536223,0.2724535261685893,0.24609133807013184,0.24623477686718265,0.1919998473789376,0.2673293679758293,0.5179755224757224,0.31009380253450547,0.2789956339792614,0.4983712196867205,0.27859930423201196,0.0,0.2588077292019765,0.26196822640589756,0.4056355308612378,0.2524789018369782,0.2616143114742465,0.2945469222646697,0.26140781349125086,0.5246317914301359,0.26040188878685355,0.26642808011963626,0.5189643800021793,0.5145434156291984,0.30021874614624044,0.26394999230312155,0.2645894782206333,0.46064613841537516,0.3151901749041639
0.2828520597958476,0.37727656835238366,0.20230398423437101,0.2671558931235861,1.0,0.3757195225205927,0.30217135134101925,0.2656038925606229,0.28984800966664515,0.27261681248131686,0.48569309038506936,0.2541172114342183,0.455274707126784,0.2531657225621089,0.2654609351892794,0.3266558918640685,0.3519158482136616,0.39400584425767704,0.39044950220903707,0.3065409298728702,0.40803980196028145,0.37418376502612505,0.4059116482886379,0.38181604344759645,0.3586827525595313,0.28441888522342385,0.4174914679442432,0.23880706509566496,0.28631090451410846,0.2810128640649856,0.24621170181910823,0.4387653395233919,0.0,0.408693470496165,0.3798264596621782,0.23559811939712338,0.3052291011570083,0.44682016598784924,0.1934100576438249,0.4193919690077199,0.26527841279577236,0.38391225077918933,0.42734847018880995,0.24659976365243985,0.25405805402254134,0.26355932395529114,0.39459719783058933,0.39615196485881377,0.23781147147951254,0.2819081578201391
0.30108701964592977,0.5182870168807925,0.21439091306970093,0.26254139665547294,0.3757195225205927,1.0,0.34127627750397804,0.2725907183576718,0.28269734161245585,0.2703160736360586,0.3928727308416584,0.25885598770432494,0.39613145272436656,0.25265905789250276,0.24831403459114942,0.3618256804249873,0.3786026629595918,0.3988532723681443,0.39007717061457436,0.3369653920342691,0.3776080794268166,0.42674656892874885,0.3946886446723439,0.4785461283351691,0.4612982051577734,0.3242916684617003,0.3832000008585563,0.25689606596063974,0.2969469954952939,0.27776921976864233,0.244599491511865,0.3887829521959867,0.0,0.3959765126930771,0.5237471572678678,0.2574840200428423,0.335676782699995,0.391884947301116,0.1791571599080567,0.39405568077812836,0.2527175671485642,0.4448483393414754,0.3906163040300603,0.2651106974654077,0.2687181680777013,0.26965791430986574,0.44382181262651443,0.44402357192174147,0.25529178258791585,0.2925058590496401
0.2967523918538978,0.3499211566960164,0.21863141514756435,0.257256332083474,0.30217135134101925,0.34127627750397804,1.0,0.2577718294317216,0.29336442380695305,0.2578548383954591,0.35662553027498445,0.24608058551476464,0.35185042972702796,0.24871764774611382,0.24228386261642576,0.732938236716557,0.27519713864515105,0.382998315174483,0.3664977602772943,0.8541991526566569,0.3793447294224854,0.3522639463947158,0.3876703126626655,0.3045218003706377,0.28677084105492323,0.23215638744330536,0.3523547736521624,0.25182945574929694,0.2848039943932904,0.2875321609581748,0.23942300997493882,0.3333141057719481,0.0,0.3542084156523153,0.35147908627119606,0.26228533486012595,0.7786199605102102,0.33346468003881635,0.16632891113916304,0.35191583242849744,0.24072527528721566,0.3462286003186823,0.35232930826116127,0.2563852878710763,0.25607677101894355,0.2687377170941453,0.3399776975437243,0.3398831950325477,0.24999498651120688,0.2896698860307826
0.2863573623462934,0.28647612907652087,0.21306526560558403,0.4946947493884709,0.2656038925606229,0.2725907183576718,0.2577718294317216,1.0,0.2824887719151242,0.5057844108460819,0.26669610382447506,0.47024213429935235,0.283026921633458,0.48477827185085365,0.46706258270246825,0.2647279867781508,0.22951269984824196,0.2677396783717725,0.2603508364773194,0.25924621319551133,0.25670253120459974,0.2469820538660682,0.2687552604164569,0.25218282746732623,0.24697333970056412,0.19713402142087144,0.26764727330218885,0.6901197833809012,0.31448493591232085,0.27771680105880836,0.46545390220846683,0.27264549705373065,0.0,0.2677190809962925,0.27073611759278127,0.3905800838049225,0.2495621897461816,0.28141795903374756,0.2828128384023576,0.27259173883468135,0.47886505912420774,0.26882041475646234,0.2722855892229279,0.6889857035767024,0.666806316165671,0.2962618307927771,0.26489007786031926,0.26540147923032475,0.4478160353811821,0.3097811517894574
0.38879637185972715,0.3035138051096925,0.24312024701728074,0.28699353887421053,0.28984800966664515,0.28269734161245585,0.29336442380695305,0.2824887719151242,1.0,0.29603659131825355,0.30794649990241807,0.2649886632356103,0.31977349439889935,0.2757655630270499,0.27743391348260327,0.29984456515302316,0.23892663242377588,0.2994289443988962,0.2855704918549764,0.29711470645563076,0.29078998745719664,0.27553211752556694,0.3017169453202577,0.26953011836935337,0.2513814989300973,0.1966325992912683,0.3073709679111294,0.2700164954819154,0.33447306120493026,0.4147947964224543,0.26763884391781234,0.29311156184953724,0.0,0.2960539214402008,0.29439706168402,0.26753651813222434,0.28680804812786154,0.2955163735336216,0.18034366889482134,0.30232762465238894,0.2744849651562308,0.29487053085853476,0.3104234721010628,0.27288086915164356,0.26885469111816285,0.3101001970467786,0.29151253154717915,0.29302986978262635,0.26690895758070243,0.34116958593477964
0.2976589304648638,0.2961902971207666,0.21643795374534092,0.5274899508994464,0.27261681248131686,0.2703160736360586,0.2578548383954591,0.5057844108460819,0.29603659131825355,1.0,0.27881693448987177,0.4747029558194905,0.29208167676574426,0.5073171399709935,0.5004634599477978,0.27053378491226765,0.22157760666190207,0.271583059620919,0.2611168772145146,0.2604185237669183,0.26080534483571394,0.2520780478196891,0.26874156657352477,0.24814707593573304,0.24361328919791847,0.18573762794132975,0.2749227782902445,0.5037132629245962,0.3161337749016676,0.2889235905050478,0.5179181197191882,0.2697557060400415,0.0,0.2634492954337029,0.26766600327738876,0.42097090567281703,0.25607932388446053,0.2741410159662192,0.29826373375723425,0.27378840363500434,0.5279916612352756,0.2690046044211507,0.27289954903452696,0.5081027572011423,0.5116886010520721,0.2983659253286184,0.2703651180859973,0.2717070512942438,0.4780849162279016,0.31291728853004497
0.31390671367980105,0.4292591668967237,0.2414744256460416,0.26643218451726147,0.48569309038506936,0.3928727308416584,0.35662553027498445,0.26669610382447506,0.30794649990241807,0.27881693448987177,1.0,0.2628000576289182,0.5295892082500662,0.26445017008126226,0.2562291322075926,0.3554955954292349,0.3260518060053539,0.48783955273830304,0.4654209200086502,0.3607581769324042,0.48413260706241934,0.46025112964117165,0.49364700864297606,0.35821347512897606,0.34292159115600807,0.2709267662905226,0.506964163857492,0.2680676939221638,0.30813497880786234,0.3130211590259354,0.25339350125076254,0.45554991455373084,0.0,0.4782684839846688,0.4288893649466301,0.2683872819838602,0.34390263260985077,0.4849646130119696,0.1741019739163916,0.5251959228312932,0.25684345094532857,0.4427145739241798,0.5103011320083806,0.2704089954476063,0.2709451968344687,0.28891491384970214,0.43518333195959613,0.4358753777097786,0.2650824394097536,0.31033894757588565
0.29125230699985905,0.2889347180566165,0.2084310082474582,0.4995371281712203,0.2541172114342183,0.25885598770432494,0.24608058551476464,0.47024213429935235,0.2649886632356103,0.4747029558194905,0.2628000576289182,1.0,0.2675486052698004,0.4882451495973984,0.5965323217653875,0.24872562951195187,0.24083685064847216,0.25497567610840044,0.2526343808514018,0.2455748269683482,0.24966636526146113,0.24232870649676475,0.25998718593448467,0.25092469204728807,0.2529135594922439,0.2117888896395047,0.2617052447903738,0.47416859741039796,0.3164765882057273,0.2705898557754093,0.43679474737838864,0.26907855888020005,0.0,0.260249139332839,0.26523111797809273,0.38243626842547795,0.23814233119968797,0.2658862699067399,0.27969004690113797,0.2665155612922874,0.4602555172418594,0.2564227675704266,0.26685571517591533,0.477772355075199,0.4821538444892405,0.28973162847592815,0.26523386422484285,0.26447335777222747,0.4285034170704223,0.29976066372445487
0.30975507378571454,0.42747434938018547,0.2401102438420999,0.27973465403624653,0.455274707126784,0.39613145272436656,0.35185042972702796,0.283026921633458,0.31977349439889935,0.29208167676574426,0.5295892082500662,0.2675486052698004,1.0,0.26646068088511277,0.274984581356743,0.361635808119547,0.33094642801670837,0.4998219219871569,0.48849062520414943,0.3566616579393018,0.509737636073829,0.5075669899699026,0.5613013177190179,0.3684181234913245,0.3442430327251301,0.26977317922260136,0.5508602510330267,0.2698176302775719,0.30657033445460224,0.3210652206949953,0.2621302661364907,0.49354723915169096,0.0,0.5428768533599088,0.42756084678706907,0.26158819394775823,0.34727859174580356,0.5167093533449969,0.17705431285202167,0.5517042202974229,0.2711663642438744,0.4404440760033512,0.5426564388592598,0.27208646348865284,0.27223797286774176,0.28196715860087296,0.4353712164903496,0.4368741293273597,0.2675557630461951,0.3060587198264103
0.27249120146396577,0.271056582839456,0.20851813432297928,0.5446272829753815,0.2531657225621089,0.25265905789250276,0.24871764774611382,0.48477827185085365,0.2757655630270499,0.5073171399709935,0.26445017008126226,0.4882451495973984,0.26646068088511277,1.0,0.5443325525454776,0.25066279358866306,0.20853286936548598,0.25977774640874507,0.24773323153484283,0.25118760562127374,0.24721861759880126,0.23958909417593954,0.25967180404836665,0.2231011022010877,0.22158428678453812,0.1716219823237909,0.2637580683411358,0.5145539776495642,0.30923022364214436,0.2678863645377013,0.48711553029256405,0.2571416561676736,0.0,0.25242225327417667,0.25656926630998633,0.3979918360751067,0.24135473651167116,0.2600925076431849,0.2892236985152369,0.25667691494274814,0.5072415600520427,0.25386096821185744,0.26354523990488077,0.5099946699685061,0.5032787605493185,0.29437810554277744,0.2562839085528018,0.25755459902167066,0.45515501129578784,0.308591738533992
0.26686695762491586,0.2699961196873324,0.20357946475826239,0.5556067396554418,0.2654609351892794,0.24831403459114942,0.24228386261642576,0.46706258270246825,0.27743391348260327,0.5004634599477978,0.2562291322075926,0.5965323217653875,0.274984581356743,0.5443325525454776,1.0,0.25414109750631464,0.21656897618420867,0.25482461717623583,0.2444495525206073,0.24517860150946924,0.24504598497749852,0.23444227386112904,0.2620139979377092,0.23328381900303685,0.23141627303181644,0.17958284415027892,0.26013422489751625,0.47711684540216004,0.29902378101060223,0.27150996313592957,0.48845405618391613,0.2679752367051892,0.0,0.25049212103089136,0.2548254851881806,0.3924714406809652,0.24126831634234458,0.25776104583774295,0.2855182402995434,0.25674818945911815,0.5096059794788841,0.2519052386726006,0.26131318644628,0.47738001169765953,0.47196604895326855,0.28846046896886246,0.25951375772582097,0.2614161653952042,0.4438637899756048,0.31013451179217466
0.29473259738231006,0.346479782618037,0.21458554770630578,0.26632157437082793,0.3266558918640685,0.3618256804249873,0.732938236716557,0.2647279867781508,0.29984456515302316,0.27053378491226765,0.3554955954292349,0.24872562951195187,0.361635808119547,0.25066279358866306,0.25414109750631464,1.0,0.2749680539355075,0.3673910831906234,0.36588698107421014,0.7428016916734173,0.3574885090916411,0.3826258167982536,0.37204519376480616,0.31843163380046835,0.304219684927282,0.2561026962777502,0.34372549174140343,0.24856077791999742,0.28070490020767513,0.2916733808105796,0.2452728992097125,0.3450665246774183,0.0,0.3449083939973512,0.34698200930741074,0.25619090992179405,0.744546276920129,0.3316721983277383,0.1645416085949284,0.34699776888232237,0.25278383549266237,0.3424224986502322,0.3447961534780276,0.25464350434853533,0.25720183619316417,0.27056611614110126,0.3356808318592871,0.336127406987631,0.24908444671941743,0.2850804330742215
0.27509528537060934,0.3833207884845601,0.1829879028440079,0.22931265163680248,0.3519158482136616,0.3786026629595918,0.27519713864515105,0.22951269984824196,0.23892663242377588,0.22157760666190207,0.3260518060053539,0.24083685064847216,0.33094642801670837,0.20853286936548598,0.21656897618420867,0.2749680539355075,1.0,0.316493640425595,0.30186435146474744,0.2737290382184424,0.31108517764890065,0.29994567416515105,0.32513744088618257,0.5350827459022904,0.5538509972998696,0.4953413043846594,0.3164067848574731,0.22558661593211726,0.2530970693881478,0.24004476775137706,0.20341404204956615,0.4114149297080991,0.0,0.3405281147668482,0.40376054004760653,0.21014596813118136,0.26858507936749654,0.3192302590906462,0.15210348658868567,0.33218996221420727,0.20814462755381835,0.3626782109802654,0.32557433872680286,0.23411841773163544,0.238146614191324,0.22381639456345126,0.3953027963926191,0.3799200281738766,0.20753841701600173,0.24771770190903242
0.2993200102834116,0.41824482638137406,0.2325664037934313,0.26623880860273885,0.39400584425767704,0.3988532723681443,0.382998315174483,0.2677396783717725,0.2994289443988962,0.271583059620919,0.48783955273830304,0.25497567610840044,0.4998219219871569,0.25977774640874507,0.25482461717623583,0.3673910831906234,0.316493640425595,1.0,0.5193421160447715,0.3859439318708009,0.5061716211974987,0.47980040687720094,0.5253089831156474,0.3500588999707226,0.3291051102396305,0.2579601471184034,0.5014001188922945,0.2657281020514417,0.3000615419848136,0.3030873573108075,0.24988761233590873,0.4481619186916327,0.0,0.4822961363564874,0.41864784676767564,0.27187239165453236,0.37050666402362087,0.46310261755775384,0.1725787805874368,0.494513655130676,0.25076062458432824,0.42539805793958996,0.49602581764979736,0.2662382488463615,0.2643996773918793,0.2777058478019737,0.42138352212580166,0.42251615777747487,0.25931282883170415,0.30341807973375245
0.292061749254494,0.3977643166479996,0.21878819350773593,0.2590229065372778,0.39044950220903707,0.39007717061457436,0.3664977602772943,0.2603508364773194,0.2855704918549764,0.2611168772145146,0.4654209200086502,0.2526343808514018,0.48849062520414943,0.24773323153484283,0.2444495525206073,0.36588698107421014,0.30186435146474744,0.5193421160447715,1.0,0.3639464720989174,0.49725654753911497,0.4775337253613029,0.504034889840624,0.34036692865631146,0.3256111750792221,0.2538824937550792,0.4796466600690731,0.25370802302970485,0.2849449223218271,0.2865985576195472,0.23623565772358746,0.4413664564291905,0.0,0.4664589517004283,0.4116226023099504,0.25932454178209374,0.3587886708898397,0.44640564466608446,0.17341129297991498,0.47339263278547195,0.24463340327226268,0.4086353175796982,0.46986708736749105,0.2589544481509165,0.2581358088266926,0.2672107095024938,0.3990590482160392,0.40011180884055453,0.24972158113327725,0.284601267481118
0.29953002451063626,0.35470910214166773,0.22097228734940944,0.2594739289553407,0.3065409298728702,0.3369653920342691,0.8541991526566569,0.25924621319551133,0.29711470645563076,0.2604185237669183,0.3607581769324042,0.2455748269683482,0.3566616579393018,0.25118760562127374,0.24517860150946924,0.7428016916734173,0.2737290382184424,0.3859439318708009,0.3639464720989174,1.0,0.3806191987836275,0.34927878163914894,0.38889387974877243,0.2987539982370655,0.2865683237142024,0.2295057812137885,0.3573149652330989,0.2540768799716192,0.2879937616392666,0.2907712424759227,0.2422734270331388,0.33533869046077847,0.0,0.3564625861841232,0.35227478025850656,0.26183653254076444,0.7873179238766665,0.3372997198838985,0.16457497741394778,0.3562927918830201,0.2436031400482419,0.34985398027541204,0.35786482222561244,0.25728297773283515,0.25602533940350436,0.27183882249014224,0.34443787383597624,0.34433904806658255,0.25270493380718084,0.2936085194796091
0.2935409311015952,0.40243075422190633,0.2240638870448477,0.25535623444215194,0.40803980196028145,0.3776080794268166,0.3793447294224854,0.25670253120459974,0.29078998745719664,0.26080534483571394,0.48413260706241934,0.24966636526146113,0.509737636073829,0.24721861759880126,0.24504598497749852,0.3574885090916411,0.31108517764890065,0.5061716211974987,0.49725654753911497,0.3806191987836275,1.0,0.4768832730539766,0.5328655086320959,0.3407212768120904,0.3252545343328568,0.26075008307711955,0.5086160925935642,0.2552327110213787,0.2878153338349855,0.29405976379306553,0.2386800093179623,0.4635280518111303,0.0,0.4985669009528815,0.41034982883459714,0.2607279587348399,0.35979361687253697,0.47384454593319536,0.16777838377926535,0.506210458108839,0.2454415598323313,0.4018069765025516,0.5015597928994547,0.2584504280866291,0.2580685228362807,0.275800714640672,0.4161612434857659,0.41697384304197416,0.2517510325472263,0.2931791419041845
0.2869127604760444,0.3750175309680499,0.2146940885183305,0.24441044886536223,0.37418376502612505,0.42674656892874885,0.3522639463947158,0.2469820538660682,0.27553211752556694,0.2520780478196891,0.46025112964117165,0.24232870649676475,0.5075669899699026,0.23958909417593954,0.23444227386112904,0.3826258167982536,0.29994567416515105,0.47980040687720094,0.4775337253613029,0.34927878163914894,0.4768832730539766,1.0,0.6571731721276315,0.3442033860632926,0.32779079386548227,0.2645404713058239,0.47840426383025936,0.24221194702251314,0.2762008836036237,0.2722976917761043,0.22583889537664947,0.4514745965200111,0.0,0.5774184704730874,0.3838968751607771,0.24509596431599656,0.3610969329767576,0.4513522678586256,0.16208700536969378,0.48840315215515806,0.2302016895326926,0.387440200789959,0.4783869013451728,0.2480251629359923,0.24839201113203158,0.26777085107409926,0.3827554079336274,0.3834843497898437,0.23843317968560085,0.28454231487558157
0.3074673169433443,0.416629280852852,0.23426412247168937,0.2724535261685893,0.4059116482886379,0.3946886446723439,0.3876703126626655,0.2687552604164569,0.3017169453202577,0.26874156657352477,0.49364700864297606,0.25998718593448467,0.5613013177190179,0.25967180404836665,0.2620139979377092,0.37204519376480616,0.32513744088618257,0.5253089831156474,0.504034889840624,0.38889387974877243,0.5328655086320959,0.6571731721276315,1.0,0.34926377189904334,0.33779571243623496,0.26199523136011815,0.5347034828802693,0.26622047213591027,0.30272574280509246,0.2996003333305747,0.2517068715016205,0.48470385837138574,0.0,0.6494537504962334,0.4165640574826861,0.2701574964885254,0.37181182684864755,0.49329901969778733,0.17656633425230417,0.5234749263569936,0.25426061395595734,0.41915640906987495,0.525290397366446,0.2683011904088225,0.2671024148484824,0.2800980188690084,0.41498440685826443,0.41503375773450357,0.2619261241690135,0.30398633621195525
0.2898026967630316,0.4704740169514251,0.19558669693062636,0.24609133807013184,0.38181604344759645,0.4785461283351691,0.3045218003706377,0.25218282746732623,0.26953011836935337,0.24814707593573304,0.35821347512897606,0.25092469204728807,0.3684181234913245,0.2231011022010877,0.23328381900303685,0.31843163380046835,0.5350827459022904,0.3500588999707226,0.34036692865631146,0.2987539982370655,0.3407212768120904,0.3442033860632926,0.34926377189904334,1.0,0.5521065909762818,0.42439696161421936,0.34919609737121593,0.23443257277842233,0.2764884314641265,0.26169770945684234,0.22333749402013547,0.4036880876705279,0.0,0.35854014510681775,0.49443776920692206,0.22816550473211872,0.29985705154201636,0.3467885664870075,0.15760295347065967,0.3596294234374079,0.23105623250646123,0.40656544501094316,0.34891668939221265,0.24227823107305502,0.24761626332861708,0.24374723093806272,0.41029961964742856,0.40214316611100664,0.2220428368795767,0.26725102091083885
0.2868040527195804,0.45791347917816894,0.18929112274573756,0.24623477686718265,0.3586827525595313,0.4612982051577734,0.28677084105492323,0.24697333970056412,0.2513814989300973,0.24361328919791847,0.34292159115600807,0.2529135594922439,0.3442430327251301,0.22158428678453812,0.23141627303181644,0.304219684927282,0.5538509972998696,0.3291051102396305,0.3256111750792221,0.2865683237142024,0.3252545343328568,0.32779079386548227,0.33779571243623496,0.5521065909762818,1.0,0.520524356428193,0.3313063225840991,0.2361968441226754,0.2515945405400801,0.24967593625687545,0.21618630009169182,0.4250269937806974,0.0,0.34172815977005466,0.4816850036662831,0.21483792077280994,0.2889419769561107,0.3379768878899948,0.15810848014797785,0.34728519627833443,0.2269317259038588,0.38237725843608805,0.3363781960856793,0.2567438916277508,0.258117449200875,0.24439633332802657,0.4047844488634049,0.39106337953555836,0.2250901717336884,0.25477113902092974
0.23256445184778107,0.30588996591765827,0.14674915204731553,0.1919998473789376,0.28441888522342385,0.3242916684617003,0.23215638744330536,0.19713402142087144,0.1966325992912683,0.18573762794132975,0.2709267662905226,0.2117888896395047,0.26977317922260136,0.1716219823237909,0.17958284415027892,0.2561026962777502,0.4953413043846594,0.2579601471184034,0.2538824937550792,0.2295057812137885,0.26075008307711955,0.2645404713058239,0.26199523136011815,0.42439696161421936,0.520524356428193,1.0,0.256883520541324,0.19033413203912275,0.191353355883352,0.1981228972863972,0.16875475437198295,0.33210326755394504,0.0,0.27479600668739845,0.33018885650874463,0.1707862590045588,0.23176796565293578,0.2679865705199391,0.12910691738854374,0.27629935655630977,0.17506541958691602,0.3006830439345576,0.26275772363810557,0.20968998964174201,0.20820909405762977,0.1845988482993186,0.32772898929379957,0.3103479188279983,0.1755376153001298,0.20198414490989924
0.3054272099289195,0.41982031861603364,0.23660389112107194,0.2673293679758293,0.4174914679442432,0.3832000008585563,0.3523547736521624,0.26764727330218885,0.3073709679111294,0.2749227782902445,0.506964163857492,0.2617052447903738,0.5508602510330267,0.2637580683411358,0.26013422489751625,0.34372549174140343,0.3164067848574731,0.5014001188922945,0.4796466600690731,0.3573149652330989,0.5086160925935642,0.47840426383025936,0.5347034828802693,0.34919609737121593,0.3313063225840991,0.256883520541324,1.0,0.26559309041665113,0.30432469959928177,0.30835359435915877,0.2542312920324019,0.4843101411491867,0.0,0.5109094058771326,0.41732583804366896,0.26129409669789805,0.3401137563596073,0.5804967844742126,0.1698098668843694,0.5483936628940658,0.25804473695717833,0.4270576250258846,0.6281051870201297,0.2713881323189591,0.2649606857572202,0.2841343051424614,0.41955402382167006,0.42021068717252275,0.26487130847618956,0.30381294021229055
0.2778758564481725,0.28398063414490793,0.21423845071011827,0.5179755224757224,0.23880706509566496,0.25689606596063974,0.25182945574929694,0.6901197833809012,0.2700164954819154,0.5037132629245962,0.2680676939221638,0.47416859741039796,0.2698176302775719,0.5145539776495642,0.47711684540216004,0.24856077791999742,0.22558661593211726,0.2657281020514417,0.25370802302970485,0.2540768799716192,0.2552327110213787,0.24221194702251314,0.26622047213591027,0.23443257277842233,0.2361968441226754,0.19033413203912275,0.26559309041665113,1.0,0.3155123818234161,0.27085912054022043,0.47039195802750244,0.2638647205111019,0.0,0.2596144720606729,0.26276419424646436,0.3890620011840912,0.24038878636243288,0.2737752181318235,0.2803221555450017,0.267609801534308,0.48508363511906216,0.26134779388573925,0.2648535912361222,0.8098752309771495,0.7598056645568716,0.2943424757048777,0.2650448412482831,0.2646270424845012,0.46020801061359784,0.3045743838968785
0.34423374352752856,0.31826757887309287,0.2558356129129997,0.31009380253450547,0.28631090451410846,0.2969469954952939,0.2848039943932904,0.31448493591232085,0.33447306120493026,0.3161337749016676,0.30813497880786234,0.3164765882057273,0.30657033445460224,0.30923022364214436,0.29902378101060223,0.28070490020767513,0.2530970693881478,0.3000615419848136,0.2849449223218271,0.2879937616392666,0.2878153338349855,0.2762008836036237,0.30272574280509246,0.2764884314641265,0.2515945405400801,0.191353355883352,0.30432469959928177,0.3155123818234161,1.0,0.3270555276743521,0.29394267534508944,0.2956225655189928,0.0,0.3007588239326424,0.3000595378672881,0.2996892161847603,0.27362813634157523,0.301392403183513,0.19441696251942941,0.30338841757721713,0.2928259443601031,0.2964682159752703,0.3025117307876263,0.3143771858082858,0.31403952550199965,0.3972011259090905,0.29614443248183686,0.2964664720265584,0.30179207920788664,0.6192929153988416
0.3845006377085811,0.30682389176839864,0.25975549253770724,0.2789956339792614,0.2810128640649856,0.27776921976864233,0.2875321609581748,0.27771680105880836,0.4147947964224543,0.2889235905050478,0.3130211590259354,0.2705898557754093,0.3210652206949953,0.2678863645377013,0.27150996313592957,0.2916733808105796,0.24004476775137706,0.3030873573108075,0.2865985576195472,0.2907712424759227,0.29405976379306553,0.2722976917761043,0.2996003333305747,0.26169770945684234,0.24967593625687545,0.1981228972863972,0.30835359435915877,0.27085912054022043,0.3270555276743521,1.0,0.2647265809080852,0.2881486311054924,0.0,0.2929909856438977,0.29645903952929664,0.266218412147037,0.27853912512499834,0.2951840831594642,0.1733132251184598,0.3144195038259747,0.2720624508883468,0.29792938285647763,0.3085662108084912,0.2733595112552445,0.2696084074990145,0.322353613673409,0.30019961065611334,0.30039672232502224,0.270371447997534,0.3364503141771992
0.25814444446010576,0.26359917273725486,0.2018280552515842,0.4983712196867205,0.24621170181910823,0.244599491511865,0.23942300997493882,0.46545390220846683,0.26763884391781234,0.5179181197191882,0.25339350125076254,0.43679474737838864,0.2621302661364907,0.48711553029256405,0.48845405618391613,0.2452728992097125,0.20341404204956615,0.24988761233590873,0.23623565772358746,0.2422734270331388,0.2386800093179623,0.22583889537664947,0.2517068715016205,0.22333749402013547,0.21618630009169182,0.16875475437198295,0.2542312920324019,0.47039195802750244,0.29394267534508944,0.2647265809080852,1.0,0.24766322025803256,0.0,0.24593825556587012,0.24895752193010745,0.3858568068241407,0.23423995989577562,0.2486983241995514,0.2693603871385365,0.24931896481800142,0.649395392372075,0.24882638952847136,0.2505970760377052,0.47080978072915947,0.46006952162233816,0.28031221722059685,0.25019110601126127,0.25091963756643254,0.43240515981989824,0.29021143560979956
0.3027071514493388,0.4029721158219536,0.22221605283955326,0.27859930423201196,0.4387653395233919,0.3887829521959867,0.3333141057719481,0.27264549705373065,0.29311156184953724,0.2697557060400415,0.45554991455373084,0.26907855888020005,0.49354723915169096,0.2571416561676736,0.2679752367051892,0.3450665246774183,0.4114149297080991,0.4481619186916327,0.4413664564291905,0.33533869046077847,0.4635280518111303,0.4514745965200111,0.48470385837138574,0.4036880876705279,0.4250269937806974,0.33210326755394504,0.4843101411491867,0.2638647205111019,0.2956225655189928,0.2881486311054924,0.24766322025803256,1.0,0.0,0.4741973371954058,0.4015484282872622,0.24897778595821674,0.33591351503243816,0.4755680119428649,0.1770744612065338,0.4908173786453285,0.25358217862473387,0.4055189317670215,0.49740783051958914,0.26699642669366275,0.27091895531520427,0.2714528852194137,0.41985853668325224,0.41649429353861067,0.24946701366611412,0.28513436498021916
0.0,0.0,0.0,0.0,0.0,0.0,0.0,0.0,0.0,0.0,0.0,0.0,0.0,0.0,0.0,0.0,0.0,0.0,0.0,0.0,0.0,0.0,0.0,0.0,0.0,0.0,0.0,0.0,0.0,0.0,0.0,0.0,1.0,0.0,0.0,0.0,0.0,0.0,0.0,0.0,0.0,0.0,0.0,0.0,0.0,0.0,0.0,0.0,0.0,0.0
0.30334720190354714,0.411006132786481,0.23145820680653872,0.2588077292019765,0.408693470496165,0.3959765126930771,0.3542084156523153,0.2677190809962925,0.2960539214402008,0.2634492954337029,0.4782684839846688,0.260249139332839,0.5428768533599088,0.25242225327417667,0.25049212103089136,0.3449083939973512,0.3405281147668482,0.4822961363564874,0.4664589517004283,0.3564625861841232,0.4985669009528815,0.5774184704730874,0.6494537504962334,0.35854014510681775,0.34172815977005466,0.27479600668739845,0.5109094058771326,0.2596144720606729,0.3007588239326424,0.2929909856438977,0.24593825556587012,0.4741973371954058,0.0,1.0,0.4145689774469212,0.27190704143353817,0.3385824696719648,0.4854369707702043,0.18018429029641514,0.5100698624766409,0.24676464171752277,0.4170874715378303,0.5171596337155594,0.2629744283315759,0.2650493978305868,0.27328421775282774,0.4155163421261311,0.4148233053345082,0.2525004191588597,0.297450030793291
0.3068449846214475,0.5699798477418598,0.22604338943814983,0.26196822640589756,0.3798264596621782,0.5237471572678678,0.35147908627119606,0.27073611759278127,0.29439706168402,0.26766600327738876,0.4288893649466301,0.26523111797809273,0.42756084678706907,0.25656926630998633,0.2548254851881806,0.34698200930741074,0.40376054004760653,0.41864784676767564,0.4116226023099504,0.35227478025850656,0.41034982883459714,0.3838968751607771,0.4165640574826861,0.49443776920692206,0.4816850036662831,0.33018885650874463,0.41732583804366896,0.26276419424646436,0.3000595378672881,0.29645903952929664,0.24895752193010745,0.4015484282872622,0.0,0.4145689774469212,1.0,0.25671524864211204,0.336651927601903,0.4025882156150732,0.16844874095837103,0.4263334993803244,0.2516471123850039,0.482399309502219,0.4259095298783634,0.26422326594544887,0.2647104304274728,0.2750437995526137,0.4731958313365302,0.47184513270639483,0.25538578362247044,0.2952550452657099
0.27220491854162077,0.26352303706822167,0.2072029543744054,0.4056355308612378,0.23559811939712338,0.2574840200428423,0.26228533486012595,0.3905800838049225,0.26753651813222434,0.42097090567281703,0.2683872819838602,0.38243626842547795,0.26158819394775823,0.3979918360751067,0.3924714406809652,0.25619090992179405,0.21014596813118136,0.27187239165453236,0.25932454178209374,0.26183653254076444,0.2607279587348399,0.24509596431599656,0.2701574964885254,0.22816550473211872,0.21483792077280994,0.1707862590045588,0.26129409669789805,0.3890620011840912,0.2996892161847603,0.266218412147037,0.3858568068241407,0.24897778595821674,0.0,0.27190704143353817,0.25671524864211204,1.0,0.2505991929473621,0.2508979819755013,0.2723854299129199,0.26259890958652365,0.389725679409047,0.2583469776491103,0.25834052014891096,0.39407848423142977,0.3933971836550638,0.2817506824904167,0.2540359750281701,0.25490498568316966,0.39761760518042744,0.29972912639416327
0.2881055952292729,0.33589481131470844,0.2087295093660776,0.2524789018369782,0.3052291011570083,0.335676782699995,0.7786199605102102,0.2495621897461816,0.28680804812786154,0.25607932388446053,0.34390263260985077,0.23814233119968797,0.34727859174580356,0.24135473651167116,0.24126831634234458,0.744546276920129,0.26858507936749654,0.37050666402362087,0.3587886708898397,0.7873179238766665,0.35979361687253697,0.3610969329767576,0.37181182684864755,0.29985705154201636,0.2889419769561107,0.23176796565293578,0.3401137563596073,0.24038878636243288,0.27362813634157523,0.27853912512499834,0.23423995989577562,0.33591351503243816,0.0,0.3385824696719648,0.336651927601903,0.2505991929473621,1.0,0.32138661981411076,0.15938094629363686,0.3381210229515549,0.2372628803682667,0.33619446397185915,0.3425252323925728,0.24421483850791315,0.24391008921912105,0.2594541894726313,0.32960330435727914,0.32965935275271596,0.23965610819479666,0.27736094346068474
0.3092183483983607,0.42811676584490377,0.23098615403472944,0.2616143114742465,0.44682016598784924,0.391884947301116,0.33346468003881635,0.28141795903374756,0.2955163735336216,0.2741410159662192,0.4849646130119696,0.2658862699067399,0.5167093533449969,0.2600925076431849,0.25776104583774295,0.3316721983277383,0.3192302590906462,0.46310261755775384,0.44640564466608446,0.3372997198838985,0.47384454593319536,0.4513522678586256,0.49329901969778733,0.3467885664870075,0.3379768878899948,0.2679865705199391,0.5804967844742126,0.2737752181318235,0.301392403183513,0.2951840831594642,0.2486983241995514,0.4755680119428649,0.0,0.4854369707702043,0.4025882156150732,0.2508979819755013,0.32138661981411076,1.0,0.18048040076083371,0.5225420531275347,0.2578548428384684,0.4166139340527907,0.6261397076336956,0.2795706763141387,0.27053740869601917,0.279651265494983,0.42344202585781987,0.4241342081510904,0.26828072551956916,0.29853160833386394
0.18154051341686217,0.17420143348381512,0.13539420846929928,0.2945469222646697,0.1934100576438249,0.1791571599080567,0.16632891113916304,0.2828128384023576,0.18034366889482134,0.29826373375723425,0.1741019739163916,0.27969004690113797,0.17705431285202167,0.2892236985152369,0.2855182402995434,0.1645416085949284,0.15210348658868567,0.1725787805874368,0.17341129297991498,0.16457497741394778,0.16777838377926535,0.16208700536969378,0.17656633425230417,0.15760295347065967,0.15810848014797785,0.12910691738854374,0.1698098668843694,0.2803221555450017,0.19441696251942941,0.1733132251184598,0.2693603871385365,0.1770744612065338,0.0,0.18018429029641514,0.16844874095837103,0.2723854299129199,0.15938094629363686,0.18048040076083371,1.0,0.17045509077847787,0.27895627281921587,0.17038363121040445,0.1722744640674615,0.282573474408793,0.28763295280790036,0.18338096474044308,0.16912812026082402,0.16976075741449537,0.2776648810582377,0.19836662839151908
0.31326501557821684,0.42632486569868766,0.2384218323982814,0.26140781349125086,0.4193919690077199,0.39405568077812836,0.35191583242849744,0.27259173883468135,0.30232762465238894,0.27378840363500434,0.5251959228312932,0.2665155612922874,0.5517042202974229,0.25667691494274814,0.25674818945911815,0.34699776888232237,0.33218996221420727,0.494513655130676,0.47339263278547195,0.3562927918830201,0.506210458108839,0.48840315215515806,0.5234749263569936,0.3596294234374079,0.34728519627833443,0.27629935655630977,0.5483936628940658,0.267609801534308,0.30338841757721713,0.3144195038259747,0.24931896481800142,0.4908173786453285,0.0,0.5100698624766409,0.4263334993803244,0.26259890958652365,0.3381210229515549,0.5225420531275347,0.17045509077847787,1.0,0.2520085060389432,0.4318288494412549,0.5505412657471809,0.2711099720986866,0.2702558325524237,0.28875465753443974,0.44370327520391695,0.4434674341613194,0.26374387259457355,0.3097176599186128
