../ecoli_genomes/GCF_000163235.1_ASM16323v1_genomic.fna.gz,../ecoli_genomes/GCF_000164555.1_ASM16455v1_genomic.fna.gz,../ecoli_genomes/GCF_000208545.1_ASM20854v2_genomic.fna.gz,../ecoli_genomes/GCF_000233875.1_ASM23387v1_genomic.fna.gz,../ecoli_genomes/GCF_000249735.1_ASM24973v2_genomic.fna.gz,../ecoli_genomes/GCF_000261145.1_Esch_coli_M919_V2_genomic.fna.gz,../ecoli_genomes/GCF_000267705.2_ASM26770v2_genomic.fna.gz,../ecoli_genomes/GCF_000350665.1_Esch_coli_KTE5_V1_genomic.fna.gz,../ecoli_genomes/GCF_000351625.1_Esch_coli_KTE66_V1_genomic.fna.gz,../ecoli_genomes/GCF_000352285.1_Esch_coli_KTE46_V1_genomic.fna.gz,../ecoli_genomes/GCF_000358895.1_ASM35889v1_genomic.fna.gz,../ecoli_genomes/GCF_000456385.1_Esch_coli_HVH_26_4-5703913_V1_genomic.fna.gz,../ecoli_genomes/GCF_000458195.1_Esch_coli_HVH_147_4-5893887_V1_genomic.fna.gz,../ecoli_genomes/GCF_000459755.1_Esch_coli_KOEGE_58_171a_V1_genomic.fna.gz,../ecoli_genomes/GCF_000460055.1_Esch_coli_UMEA_3053-1_V1_genomic.fna.gz,../ecoli_genomes/GCF_000462165.2_ASM46216v2_genomic.fna.gz,../ecoli_genomes/GCF_000601135.1_ASM60113v1_genomic.fna.gz,../ecoli_genomes/GCF_000614595.1_Ec2010EL1058_genomic.fna.gz,../ecoli_genomes/GCF_000617745.1_Ec2010C-4529_genomic.fna.gz,../ecoli_genomes/GCF_000618265.2_EcF6751_genomic.fna.gz,../ecoli_genomes/GCF_000619005.2_Ec2009C-4052_genomic.fna.gz,../ecoli_genomes/GCF_000619105.1_Ec2009C-4780_genomic.fna.gz,../ecoli_genomes/GCF_000619765.2_Ec2009C-3279_genomic.fna.gz,../ecoli_genomes/GCF_000687005.1_ASM68700v1_genomic.fna.gz,../ecoli_genomes/GCF_000687025.1_ASM68702v1_genomic.fna.gz,../ecoli_genomes/GCF_000700125.1_ASM70012v1_genomic.fna.gz,../ecoli_genomes/GCF_000753315.1_FHI35_genomic.fna.gz,../ecoli_genomes/GCF_000776375.1_ASM77637v1_genomic.fna.gz,../ecoli_genomes/GCF_000779395.1_ASM77939v1_genomic.fna.gz,../ecoli_genomes/GCF_000780315.1_ASM78031v1_genomic.fna.gz,../ecoli_genomes/GCF_000781995.1_ASM78199v1_genomic.fna.gz,../ecoli_genomes/GCF_000986765.1_ASM98676v1_genomic.fna.gz,../ecoli_genomes/GCF_001041375.1_ViralProj287958_genomic.fna.gz,../ecoli_genomes/GCF_001265335.1_302014_genomic.fna.gz,../ecoli_genomes/GCF_001265625.1_100854_genomic.fna.gz,../ecoli_genomes/GCF_001267345.1_303289_genomic.fna.gz,../ecoli_genomes/GCF_001309985.1_ASM130998v1_genomic.fna.gz,../ecoli_genomes/GCF_001521695.1_ASM152169v1_genomic.fna.gz,../ecoli_genomes/GCF_001592595.1_ASM159259v1_genomic.fna.gz,../ecoli_genomes/GCF_001614975.1_ASM161497v1_genomic.fna.gz,../ecoli_genomes/GCF_001692775.1_ASM169277v1_genomic.fna.gz,../ecoli_genomes/GCF_001748915.1_ASM174891v1_genomic.fna.gz,../ecoli_genomes/GCF_001749235.1_ASM174923v1_genomic.fna.gz,../ecoli_genomes/GCF_001881155.1_ASM188115v1_genomic.fna.gz,../ecoli_genomes/GCF_001881345.1_ASM188134v1_genomic.fna.gz,../ecoli_genomes/GCF_001892405.1_ASM189240v1_genomic.fna.gz,../ecoli_genomes/GCF_001892585.1_ASM189258v1_genomic.fna.gz,../ecoli_genomes/GCF_001893985.1_ASM189398v1_genomic.fna.gz,../ecoli_genomes/GCF_002001595.1_ASM200159v1_genomic.fna.gz,../ecoli_genomes/GCF_002002145.1_ASM200214v1_genomic.fna.gz
1.0,0.32347274990711994,0.2538436761302034,0.2745763981217363,0.2823084231036064,0.2894866517266992,0.2966236506290032,0.29358901863779163,0.38214638746388385,0.2882027260482428,0.3118057572351357,0.2836325200963996,0.3002120954865978,0.2700012764222436,0.25911851092016513,0.2926432536084951,0.2620770644214586,0.30313564640571145,0.2748598556587041,0.2975659252632543,0.2876544632517717,0.28268461153876345,0.3061882376706322,0.3013745379748278,0.28421545182127406,0.27952442912092956,0.3011014606840935,0.2813764029039172,0.340167796752724,0.37610043890669187,0.2561158016903904,0.29978137617359324,0.0,0.30211660555746367,0.3015736617615672,0.2605161926959171,0.2821148845547622,0.30628384049866597,0.26190381755397196,0.30648993430314164,0.2573338345201681,0.3046312451215767,0.3029845057894882,0.2866934262570362,0.29660886070061054,0.3057283747457804,0.3024043854431062,0.30383472089965435,0.26596526261132114,0.34211920049294864
0.32347274990711994,1.0,0.22798960789039646,0.27098125614076085,0.38340768161123673,0.5074394885585485,0.354789350705651,0.2821289095179592,0.29470875593212387,0.28532985547994527,0.42362487078419364,0.28420569786953265,0.41306452964569784,0.2625574927573797,0.25765597827540565,0.3483629463628928,0.3770049671380147,0.4198859577466991,0.3746197377716527,0.35774759767579023,0.40332583237032604,0.3803234993541488,0.4176643044199585,0.5235774120761897,0.4809990345199058,0.4515065826569459,0.41779512175836286,0.27543324254589585,0.30632258436267634,0.30119991541453994,0.25327115753667884,0.398721822972567,0.0,0.41101906049788084,0.56046193684885,0.24585699998656385,0.3368660273340972,0.42880431213269754,0.24163104732923246,0.4233953135497678,0.25628589409010605,0.47391012982317715,0.42524011717709875,0.28603173519993763,0.28573281755156943,0.27577241178139345,0.4767286537707359,0.4780080754205098,0.2768656309487605,0.300857806784374
0.2538436761302034,0.22798960789039646,1.0,0.19879647889996155,0.19789663061341567,0.20151226866521366,0.21530498945500043,0.2082626356227817,0.2378549623915791,0.2047328578333193,0.22798002205232293,0.20124576660325266,0.21750738313769924,0.19924360848855016,0.19503690823069542,0.21307584821118675,0.17164963407446354,0.2203265552299276,0.196859542690346,0.21835075785125835,0.20848098373811108,0.20224280352125024,0.2181771656343202,0.20479861944507527,0.18868448548116679,0.19917631428688864,0.222196493853416,0.20645921060412142,0.24454929195688346,0.2448063111920843,0.19073063344509733,0.20715674966380804,0.0,0.21877231004674869,0.20902561103563155,0.19854185662865187,0.20561828686049044,0.21918080612825785,0.18976656449740015,0.22375732481453425,0.19230231496157235,0.2187414328115468,0.22527536403956716,0.21004834267368588,0.20629676509569084,0.22584116177382363,0.226346594850395,0.22631704316379164,0.2065968204539993,0.2472208484308065
0.2745763981217363,0.27098125614076085,0.19879647889996155,1.0,0.2867909496260411,0.2544118848752064,0.2518728618343198,0.5064439238921972,0.28731822766775983,0.5392085355194784,0.2588608915120296,0.5062763905600707,0.27554795728289283,0.5417796199113818,0.5642122017710316,0.26927658474037497,0.22126776521835823,0.2533664294108048,0.2268313163488349,0.2528807647735457,0.2424252088820431,0.23684314482766244,0.26044399016926767,0.2627032031607731,0.2563553701661113,0.2582966964666563,0.2544146330464673,0.5184130975977308,0.2994258662821916,0.2755149193646993,0.5058462911493578,0.281533902773602,0.0,0.24949255420741911,0.25583972967792357,0.3851156856210386,0.2518060321075677,0.2562647004261156,0.4155768164943072,0.24956303643215616,0.5298748436068235,0.2568464070251487,0.25550002113190606,0.5198590081441608,0.5160032325795739,0.28766179772666145,0.2572691864481921,0.2578744307149534,0.44158927297854056,0.3012680159691864
0.2823084231036064,0.38340768161123673,0.19789663061341567,0.2867909496260411,1.0,0.3765329052633357,0.309919990740667,0.27830960898105217,0.31163211439333816,0.2949928608925665,0.4794437946776986,0.2550841652103667,0.48633826231458543,0.2633424222864761,0.2907434831979041,0.3664164605134843,0.35436847710204433,0.395997407201814,0.3509085513856536,0.3134667867866694,0.4021591045757015,0.3625989958299155,0.40376277186868026,0.4115003048362622,0.3850535862962219,0.4188132246091745,0.41231745380407947,0.2446371815981876,0.2769995169903843,0.2945257567743027,0.2625011568247415,0.47506786929205647,0.0,0.40438453953228326,0.3745023747953955,0.22524410697893327,0.33018853212161525,0.41705336146144834,0.2245371735750311,0.4160043196910682,0.2857513440600329,0.3846743289343102,0.42599422524549846,0.24526714247810721,0.2540554351124005,0.25083995285231,0.3965236249604308,0.39712492063837734,0.24164148967832033,0.2652738292381479
0.2894866517266992,0.5074394885585485,0.20151226866521366,0.2544118848752064,0.3765329052633357,1.0,0.3373160385064389,0.27026869200849135,0.27698476479215506,0.26264490698116183,0.38846379443024315,0.24916746779271026,0.3857673903344818,0.2477375281875024,0.24182116993744507,0.34303679354245187,0.3536429814475538,0.39859762066617754,0.363536985022601,0.33224809332503824,0.37032200586938724,0.42492906805653696,0.38436282831903146,0.4939009333802502,0.45185364710236187,0.4172108974830776,0.37550639978834166,0.2550883074051453,0.28498174921217234,0.278178531176674,0.2359385627704208,0.38508626546313607,0.0,0.3865967916860352,0.5072394180966888,0.24486628533705113,0.3254819276404254,0.39001846559002484,0.2461442906691036,0.38169198908827406,0.24232465744968934,0.4329379324603254,0.38604952099555057,0.25443844856612174,0.25869222467077857,0.25959204779102496,0.4341425372918608,0.43551177863089696,0.24302633648949312,0.28119833592080457
0.2966236506290032,0.354789350705651,0.21530498945500043,0.2518728618343198,0.309919990740667,0.3373160385064389,1.0,0.2623476939883057,0.29157795521086305,0.258260965205788,0.3592316134775748,0.2488685290707906,0.3484578659362674,0.24596152878536326,0.2430655954236982,0.7319570668991375,0.2738979358832693,0.38634627869847016,0.34937485015358694,0.8550208049813143,0.3805579505952248,0.3514260939098208,0.38480827817491203,0.3399840053114739,0.30197802094448634,0.31817046508819646,0.3604777661688363,0.25388473789116317,0.2850243983159312,0.29327651492478934,0.23420875494543214,0.3328308944980576,0.0,0.36014208286501903,0.36084842936925554,0.25830064460538804,0.7776194809283943,0.3399056937679844,0.2536963446279338,0.3524267404453495,0.2341545229232206,0.34609446349963346,0.3546542079562527,0.25865126868106536,0.25920144285193647,0.26393435565478707,0.3421993724922473,0.3423624532188013,0.2473165015461919,0.29078459377477306
0.29358901863779163,0.2821289095179592,0.2082626356227817,0.5064439238921972,0.27830960898105217,0.27026869200849135,0.2623476939883057,1.0,0.2854247218890086,0.5168892405651646,0.26944521113496256,0.48325527607073193,0.2795250634819736,0.48960472365538865,0.4759340429653097,0.2693043863255191,0.24209887401125363,0.260132091850066,0.24408819006387905,0.2625983906016638,0.24865321368107662,0.2479016728683917,0.2653691597202461,0.27859119023755363,0.26646165457455284,0.2655709777251719,0.26423166329529224,0.694899945020353,0.3123168543791154,0.282341035248728,0.48095312681860947,0.2816905983570831,0.0,0.261928275523442,0.26792926758714175,0.39094171395533184,0.2542097000969573,0.28002367914530746,0.4293092266920159,0.26931567106817245,0.48289618434469705,0.26972615215726325,0.2694803359552502,0.6970256972688633,0.6761938294665992,0.29663184484614125,0.26500725317105733,0.266014459959124,0.4413379161288744,0.3080928771504211
0.38214638746388385,0.29470875593212387,0.2378549623915791,0.28731822766775983,0.31163211439333816,0.27698476479215506,0.29157795521086305,0.2854247218890086,1.0,0.29768942654355457,0.30170182555839975,0.26382479823973204,0.31607522781572817,0.27249631179485545,0.28338017838656526,0.3086258535109896,0.23827067857874373,0.2914530265606554,0.26159163732466106,0.29435625140326527,0.2815293380458078,0.26519135717542974,0.2911840775681217,0.2946258661301526,0.26872256780651704,0.28373287348428833,0.29552150779597763,0.26747007502520104,0.3289158238742519,0.41247115653082655,0.26870994375491597,0.2997803088897125,0.0,0.2864276730163856,0.2859118140242033,0.2617750190100092,0.28924289247454227,0.28481175649095936,0.2508013032977833,0.2973802442023892,0.27530908439182555,0.2926453657373729,0.2995672873280326,0.2703039269439854,0.2675776811843733,0.3039086470613819,0.28965545475184873,0.29011610490382556,0.2592301599587289,0.3357250681975068
0.2882027260482428,0.28532985547994527,0.2047328578333193,0.5392085355194784,0.2949928608925665,0.26264490698116183,0.258260965205788,0.5168892405651646,0.29768942654355457,1.0,0.27386227793916607,0.4773143548884943,0.29031263380360905,0.5065190195936307,0.507540959009923,0.2745490615269064,0.2198081175656308,0.26168064677459135,0.2377620816801702,0.25861702353952676,0.24943922392983553,0.2418341810378316,0.2586108135289191,0.27010681121794955,0.25364196036134545,0.2655627785818768,0.26236413544430637,0.5046005984550443,0.30634543511742374,0.2837354625544454,0.5189424182987517,0.2802172538754688,0.0,0.25619935025438334,0.2616357333559264,0.398351289298592,0.2547808555123702,0.2652904275330912,0.4258550974538623,0.2638248606656809,0.532910179238552,0.26700026820037326,0.2618439355299774,0.508526378342802,0.5136081685493716,0.2919455073143855,0.26530262456497444,0.2655182857194963,0.4626676776197445,0.3036294119285974
0.3118057572351357,0.42362487078419364,0.22798002205232293,0.2588608915120296,0.4794437946776986,0.38846379443024315,0.3592316134775748,0.26944521113496256,0.30170182555839975,0.27386227793916607,1.0,0.2594583172327316,0.5117802311490867,0.2603224213704821,0.25188621382441123,0.36078825708607765,0.3226251633430477,0.48231046638637076,0.42672874939194627,0.36144865805037585,0.47442295088174136,0.4636518532953662,0.4879420613102572,0.39808076465627584,0.3420774633018062,0.39283825616315904,0.5002768066735306,0.26618332654050536,0.30147133693661987,0.30083753009064107,0.24657303240812123,0.4408034876836038,0.0,0.471512289430852,0.4226927461807576,0.2587825510093258,0.3477348961900151,0.48074348073958406,0.2468405014011712,0.5155092013550071,0.24934571775231884,0.43987046047239675,0.4992526954735792,0.26598778384652644,0.265264650240431,0.27727136172917666,0.43379612997495975,0.4347887903319464,0.2626119729566192,0.30191799499426586
0.2836325200963996,0.28420569786953265,0.20124576660325266,0.5062763905600707,0.2550841652103667,0.24916746779271026,0.2488685290707906,0.48325527607073193,0.26382479823973204,0.4773143548884943,0.2594583172327316,1.0,0.25929708854998,0.4984371660894521,0.6047977700628507,0.25514990406795013,0.21691513997723355,0.2463204729642029,0.23238032529065167,0.24858056987654897,0.24326170502573063,0.24143986254630934,0.2555197329836004,0.26238814883098327,0.24285307513881527,0.25078271938569585,0.254277477522457,0.48408856421738367,0.3041205912825218,0.2662954000370549,0.446431144484538,0.2638920594989116,0.0,0.25362137193743084,0.2625316899116342,0.38083348718825183,0.24077447050697276,0.2593587252904348,0.4098255544897935,0.25250901796115854,0.4629896634753009,0.25390404459813753,0.2589601022704112,0.4895616888059764,0.4919454060726578,0.2885657066240209,0.2601977226399388,0.2609239521163015,0.42555901795081563,0.29651508713969377
0.3002120954865978,0.41306452964569784,0.21750738313769924,0.27554795728289283,0.48633826231458543,0.3857673903344818,0.3484578659362674,0.2795250634819736,0.31607522781572817,0.29031263380360905,0.5117802311490867,0.25929708854998,1.0,0.2587771908995746,0.2751391891480589,0.37548055432781735,0.3313225374889617,0.48797018384429636,0.48301834994164916,0.35145267269660696,0.49504223419275173,0.5065248476054802,0.5430520897993834,0.40859422772194953,0.35875261816441584,0.3955577238730068,0.526333694217052,0.2589115709505073,0.2947133549747051,0.3145902871420847,0.25577568692647124,0.5115073460717308,0.0,0.5207574293385625,0.4091730045830999,0.24477448504312604,0.354079979056512,0.49681575582443294,0.2428884184450184,0.5313598945165989,0.2694510554699413,0.4233791707833313,0.5202522481322016,0.25938788383909706,0.2598586530715643,0.2661467454116023,0.4191267337493104,0.4198759539207244,0.2513224360961991,0.2963228546355582
0.2700012764222436,0.2625574927573797,0.19924360848855016,0.5417796199113818,0.2633424222864761,0.2477375281875024,0.24596152878536326,0.48960472365538865,0.27249631179485545,0.5065190195936307,0.2603224213704821,0.4984371660894521,0.2587771908995746,1.0,0.5444333976163074,0.25012845268435746,0.20395491809857147,0.2494987455201909,0.22832796781297982,0.2476382611478487,0.23638559030410466,0.23503670652587683,0.2529700329135949,0.24263505128981344,0.22970905718673418,0.2397757115977569,0.25182140908846795,0.5173188736188279,0.3016979779922033,0.263835517696864,0.4956755090987188,0.25879788487821287,0.0,0.24637382666856245,0.24913719642936427,0.3880209712697458,0.23793588621112494,0.2567675741290125,0.40901406547089225,0.2484310950869878,0.5121286144681736,0.2516286164203856,0.2562553518260291,0.5150944921190972,0.5096514968309174,0.2899294266225789,0.2541936506741478,0.25440573675664413,0.4453082322124545,0.2990458809059926
0.25911851092016513,0.25765597827540565,0.19503690823069542,0.5642122017710316,0.2907434831979041,0.24182116993744507,0.2430655954236982,0.4759340429653097,0.28338017838656526,0.507540959009923,0.25188621382441123,0.6047977700628507,0.2751391891480589,0.5444333976163074,1.0,0.26202947861825476,0.2188139798854195,0.2433457292725546,0.21964255752016326,0.24477859396070778,0.23407176176015743,0.22518159557703754,0.24992708795236196,0.2582725488385007,0.2453177230054414,0.25398468098794036,0.24832100857513595,0.4793368988915484,0.289337085264869,0.2688976661835081,0.49893410447386066,0.2742344814314046,0.0,0.24188141353103898,0.2481468860361573,0.37640343595262526,0.2441955004147438,0.24999860645854244,0.4069657020907512,0.2427381509030352,0.521630108235533,0.24935142478776018,0.25048246549566044,0.47763127962549845,0.47429091807828894,0.28084527156646244,0.25807273529503827,0.25839732820539396,0.4275223286184162,0.2994999101240069
0.2926432536084951,0.3483629463628928,0.21307584821118675,0.26927658474037497,0.3664164605134843,0.34303679354245187,0.7319570668991375,0.2693043863255191,0.3086258535109896,0.2745490615269064,0.36078825708607765,0.25514990406795013,0.37548055432781735,0.25012845268435746,0.26202947861825476,1.0,0.2831445547679061,0.36983291767994875,0.33742135979334964,0.7463629091839872,0.35905641808613886,0.3534864284958329,0.3713452839183121,0.3499092552945229,0.3176178164717032,0.3496463901513487,0.3504518620326966,0.2510422159032819,0.2815928687195899,0.30709585919103743,0.24323798650891337,0.3586696075136403,0.0,0.34578890726161626,0.35136528898178376,0.24934904636982635,0.7397697049434571,0.3417591765460499,0.24030911548925526,0.34645469790223204,0.25402353675067957,0.3445173978731082,0.3488242021235871,0.25440552553311946,0.2557677613744722,0.2637535170448987,0.33854941779210046,0.33870320524330966,0.2478136806034389,0.28664736336661356
0.2620770644214586,0.3770049671380147,0.17164963407446354,0.22126776521835823,0.35436847710204433,0.3536429814475538,0.2738979358832693,0.24209887401125363,0.23827067857874373,0.2198081175656308,0.3226251633430477,0.21691513997723355,0.3313225374889617,0.20395491809857147,0.2188139798854195,0.2831445547679061,1.0,0.3160150300235006,0.2828528550511513,0.272421366658534,0.30394473920359966,0.2986700159153609,0.31914219095868934,0.49218180768142616,0.5374474455623327,0.5037373293135647,0.3147218278207191,0.2049273425921021,0.2393067418497642,0.24049231973442042,0.20175293968200025,0.4117866057850993,0.0,0.33084688380909955,0.39237397305459043,0.1996097082697752,0.2770573761707391,0.31984952097662445,0.20450224264160033,0.3268474226922524,0.20529733488250135,0.3551765848278867,0.32231011297539136,0.2356253211379431,0.2398914174856157,0.2132239198458744,0.3677579158032034,0.3722427107922682,0.1977581935490903,0.2365914859760736
0.30313564640571145,0.4198859577466991,0.2203265552299276,0.2533664294108048,0.395997407201814,0.39859762066617754,0.38634627869847016,0.260132091850066,0.2914530265606554,0.26168064677459135,0.48231046638637076,0.2463204729642029,0.48797018384429636,0.2494987455201909,0.2433457292725546,0.36983291767994875,0.3160150300235006,1.0,0.49155165293595726,0.3865890539224811,0.5084514470959931,0.48596828576174844,0.5225638940677506,0.3894219387822858,0.34098693673266844,0.36626766803157274,0.49860847143099774,0.2566799260642194,0.28984596380170413,0.2990819839834744,0.23878917510498066,0.44096297232999737,0.0,0.48036024409271094,0.41399076348982566,0.2595559642337011,0.36978532340903925,0.45587464475184347,0.24267490644040057,0.4917438518325654,0.23863658946061705,0.4263753360400582,0.48267511098218585,0.25595806102826846,0.25496538023226123,0.2648339635875099,0.42196209149040154,0.4222540802722061,0.24941439751232064,0.29789493811114365
0.2748598556587041,0.3746197377716527,0.196859542690346,0.2268313163488349,0.3509085513856536,0.363536985022601,0.34937485015358694,0.24408819006387905,0.26159163732466106,0.2377620816801702,0.42672874939194627,0.23238032529065167,0.48301834994164916,0.22832796781297982,0.21964255752016326,0.33742135979334964,0.2828528550511513,0.49155165293595726,1.0,0.3486453043168186,0.47224635932982884,0.48227958805306315,0.47618361218015415,0.3488948300987814,0.30822838580182754,0.32723439710049984,0.4532330460394538,0.23677285596513054,0.2646461168449138,0.2680801316131297,0.21587573098888568,0.43032509128855045,0.0,0.440219377559276,0.38047634231072835,0.24041556845108947,0.3337003923012337,0.42129997465874014,0.2229576997814411,0.4502211310755324,0.21610043230934828,0.380981492642927,0.4436003778217156,0.2397618176357299,0.2367368989689116,0.24624678817860557,0.3712863247014978,0.37195738776760856,0.22679212046763708,0.2707612675654927
0.2975659252632543,0.35774759767579023,0.21835075785125835,0.2528807647735457,0.3134667867866694,0.33224809332503824,0.8550208049813143,0.2625983906016638,0.29435625140326527,0.25861702353952676,0.36144865805037585,0.24858056987654897,0.35145267269660696,0.2476382611478487,0.24477859396070778,0.7463629091839872,0.272421366658534,0.3865890539224811,0.3486453043168186,1.0,0.3832764220982665,0.34892571047133936,0.38658541285454895,0.3370282479279312,0.3023050015654327,0.31815408472550155,0.3643503084947213,0.2565939439977042,0.2880210358587495,0.2975367034359214,0.23726801953474264,0.33517261867062276,0.0,0.3581212394132469,0.35781095408128427,0.25612857533587174,0.7825383369610591,0.3435006811870296,0.23716650806384654,0.357609823310463,0.2363645973253916,0.35189125789228515,0.3599041230210147,0.2576014515799634,0.25680759305415146,0.26665653233372233,0.3457393384870666,0.3459075375480032,0.249338404483344,0.2932107595425679
0.2876544632517717,0.40332583237032604,0.20848098373811108,0.2424252088820431,0.4021591045757015,0.37032200586938724,0.3805579505952248,0.24865321368107662,0.2815293380458078,0.24943922392983553,0.47442295088174136,0.24326170502573063,0.49504223419275173,0.23638559030410466,0.23407176176015743,0.35905641808613886,0.30394473920359966,0.5084514470959931,0.47224635932982884,0.3832764220982665,1.0,0.4807453325378146,0.5301782199587657,0.37378152796423847,0.3324464978764621,0.3566516647698744,0.5042790971295723,0.24660572855991536,0.27658735215634445,0.2846101319449348,0.22824825234406299,0.45283703338342907,0.0,0.490835938275346,0.4038248641667135,0.24869302860616438,0.36155092704737213,0.46870786750767324,0.2299424786899945,0.5007685546223074,0.2296642499384982,0.40123979630694495,0.4924900755883814,0.24946450153722188,0.2490699451947972,0.263394562819272,0.4076730035733138,0.40842777482727466,0.24117748366135094,0.2850735984825755
0.28268461153876345,0.3803234993541488,0.20224280352125024,0.23684314482766244,0.3625989958299155,0.42492906805653696,0.3514260939098208,0.2479016728683917,0.26519135717542974,0.2418341810378316,0.4636518532953662,0.24143986254630934,0.5065248476054802,0.23503670652587683,0.22518159557703754,0.3534864284958329,0.2986700159153609,0.48596828576174844,0.48227958805306315,0.34892571047133936,0.4807453325378146,1.0,0.6610125202325834,0.3600780617872088,0.3202629208399279,0.3489546211796182,0.4799565595359352,0.24563534845899282,0.2667700432384854,0.26930430599740185,0.22104967455913271,0.44299486938224875,0.0,0.5834102775894096,0.38411379153938086,0.2395475095060552,0.3374722853020764,0.4512380268891929,0.22460977499642143,0.4809432175774443,0.21761410847926888,0.38500503195160973,0.477157228959049,0.24813571078893948,0.24651992066011352,0.25578246148733974,0.3831291324123971,0.38351902678466465,0.23240725824673014,0.27372026246217984
0.3061882376706322,0.4176643044199585,0.2181771656343202,0.26044399016926767,0.40376277186868026,0.38436282831903146,0.38480827817491203,0.2653691597202461,0.2911840775681217,0.2586108135289191,0.4879420613102572,0.2555197329836004,0.5430520897993834,0.2529700329135949,0.24992708795236196,0.3713452839183121,0.31914219095868934,0.5225638940677506,0.47618361218015415,0.38658541285454895,0.5301782199587657,0.6610125202325834,1.0,0.38489550354040536,0.34777956718669345,0.365155047705114,0.5319704107847749,0.2616339286191536,0.2901012586443922,0.2919420489834913,0.2437321536646596,0.4730194060639267,0.0,0.638236870998834,0.41082269172894803,0.2563879121192174,0.3661061632060192,0.4895839171524583,0.24335390107567667,0.5189375833841705,0.24176930162892685,0.4162160784420903,0.5158551378146516,0.2634435431327391,0.26151437245632436,0.26998363105851186,0.4136838496257089,0.41443632598586433,0.2503960728992035,0.2946116922592644
0.3013745379748278,0.5235774120761897,0.20479861944507527,0.2627032031607731,0.4115003048362622,0.4939009333802502,0.3399840053114739,0.27859119023755363,0.2946258661301526,0.27010681121794955,0.39808076465627584,0.26238814883098327,0.40859422772194953,0.24263505128981344,0.2582725488385007,0.3499092552945229,0.49218180768142616,0.3894219387822858,0.3488948300987814,0.3370282479279312,0.37378152796423847,0.3600780617872088,0.38489550354040536,1.0,0.5520160520058506,0.5308342107891046,0.3902463577272526,0.2420043058991581,0.28602139364242396,0.2924659463032264,0.2401131259994621,0.42129805152342503,0.0,0.387868121095157,0.5387866844151904,0.24343874574713464,0.3364690522861332,0.3805491830464709,0.23285589439109033,0.38653990188662224,0.25118875899011417,0.4407276041833209,0.3864246669076252,0.25857559097591487,0.2672921242060533,0.25655598824903825,0.43747827259696004,0.4381391304074316,0.2403372078345658,0.27935160187814867
0.28421545182127406,0.4809990345199058,0.18868448548116679,0.2563553701661113,0.3850535862962219,0.45185364710236187,0.30197802094448634,0.26646165457455284,0.26872256780651704,0.25364196036134545,0.3420774633018062,0.24285307513881527,0.35875261816441584,0.22970905718673418,0.2453177230054414,0.3176178164717032,0.5374474455623327,0.34098693673266844,0.30822838580182754,0.3023050015654327,0.3324464978764621,0.3202629208399279,0.34777956718669345,0.5520160520058506,1.0,0.5080077515065649,0.33876169388892463,0.22727180723186113,0.2591718256843588,0.26385593894034676,0.22952403004263622,0.4267753940725124,0.0,0.3483133483725981,0.48850773878282683,0.21546939479397154,0.30199817171118026,0.3540452382142514,0.2303033391469439,0.347179539546445,0.2319053303897305,0.38991911025572135,0.348214699070709,0.25799174348281706,0.26231181938641834,0.24407639301323947,0.3929883620713619,0.3974105940319299,0.23207215730492192,0.2583157415914238
0.27952442912092956,0.4515065826569459,0.19917631428688864,0.2582966964666563,0.4188132246091745,0.4172108974830776,0.31817046508819646,0.2655709777251719,0.28373287348428833,0.2655627785818768,0.39283825616315904,0.25078271938569585,0.3955577238730068,0.2397757115977569,0.25398468098794036,0.3496463901513487,0.5037373293135647,0.36626766803157274,0.32723439710049984,0.31815408472550155,0.3566516647698744,0.3489546211796182,0.365155047705114,0.5308342107891046,0.5080077515065649,1.0,0.36904121602309015,0.23670348629085958,0.27872171076730434,0.2783111840149518,0.23909330650575145,0.4138664704860252,0.0,0.36171351824594056,0.45344576965127026,0.2256657934632993,0.33276498138059274,0.3700219498178331,0.22824049444759442,0.37489827676583554,0.24653633148841947,0.42621257493680165,0.3666809599244224,0.2566184170638892,0.2554563287848969,0.2464529049561286,0.43165703179811843,0.4315847236960546,0.24091665179594268,0.2687352197841827
0.3011014606840935,0.41779512175836286,0.222196493853416,0.2544146330464673,0.41231745380407947,0.37550639978834166,0.3604777661688363,0.26423166329529224,0.29552150779597763,0.26236413544430637,0.5002768066735306,0.254277477522457,0.526333694217052,0.25182140908846795,0.24832100857513595,0.3504518620326966,0.3147218278207191,0.49860847143099774,0.4532330460394538,0.3643503084947213,0.5042790971295723,0.4799565595359352,0.5319704107847749,0.3902463577272526,0.33876169388892463,0.36904121602309015,1.0,0.25610432729660937,0.2905009655971772,0.2995983472666196,0.24227565247741478,0.4738895506780403,0.0,0.5029773070694796,0.41182414107626786,0.2489021731842136,0.34253221051590854,0.5771551516399178,0.2322380076056172,0.539941489568011,0.2436356972496021,0.4228283818062333,0.615317507177093,0.2614923125836829,0.2569710869774122,0.2757988326097238,0.4217199636665897,0.422341036248123,0.2508717145863284,0.29500669258281054
0.2813764029039172,0.27543324254589585,0.20645921060412142,0.5184130975977308,0.2446371815981876,0.2550883074051453,0.25388473789116317,0.694899945020353,0.26747007502520104,0.5046005984550443,0.26618332654050536,0.48408856421738367,0.2589115709505073,0.5173188736188279,0.4793368988915484,0.2510422159032819,0.2049273425921021,0.2566799260642194,0.23677285596513054,0.2565939439977042,0.24660572855991536,0.24563534845899282,0.2616339286191536,0.2420043058991581,0.22727180723186113,0.23670348629085958,0.25610432729660937,1.0,0.3087449292902742,0.2696433575898135,0.47619311509324125,0.2591062390074955,0.0,0.2538027767486605,0.2521598596650457,0.3907054889622984,0.2421615768512172,0.26940228515146436,0.41756895517311354,0.25971951696240847,0.48456030129465033,0.2608994277070743,0.2603290194259026,0.8058542927711154,0.7674251733105817,0.2924432041078888,0.26159459351406067,0.2620767693872704,0.45478161953473994,0.30008765297769124
0.340167796752724,0.30632258436267634,0.24454929195688346,0.2994258662821916,0.2769995169903843,0.28498174921217234,0.2850243983159312,0.3123168543791154,0.3289158238742519,0.30634543511742374,0.30147133693661987,0.3041205912825218,0.2947133549747051,0.3016979779922033,0.289337085264869,0.2815928687195899,0.2393067418497642,0.28984596380170413,0.2646461168449138,0.2880210358587495,0.27658735215634445,0.2667700432384854,0.2901012586443922,0.28602139364242396,0.2591718256843588,0.27872171076730434,0.2905009655971772,0.3087449292902742,1.0,0.32046937603452774,0.2837507034542156,0.288082180769095,0.0,0.28493406617204575,0.2907625177727413,0.2853727111464277,0.2725550341527738,0.29209248795189047,0.27457662285599704,0.295797000804742,0.28168031553767514,0.2912509990370069,0.2935997602407847,0.3084020652218984,0.30904373036940913,0.3850067579334928,0.29077115639147877,0.2906956957351119,0.2932820992818619,0.6234509988117967
0.37610043890669187,0.30119991541453994,0.2448063111920843,0.2755149193646993,0.2945257567743027,0.278178531176674,0.29327651492478934,0.282341035248728,0.41247115653082655,0.2837354625544454,0.30083753009064107,0.2662954000370549,0.3145902871420847,0.263835517696864,0.2688976661835081,0.30709585919103743,0.24049231973442042,0.2990819839834744,0.2680801316131297,0.2975367034359214,0.2846101319449348,0.26930430599740185,0.2919420489834913,0.2924659463032264,0.26385593894034676,0.2783111840149518,0.2995983472666196,0.2696433575898135,0.32046937603452774,1.0,0.25665373537154945,0.2910172932274251,0.0,0.2839243620632703,0.29378536717199855,0.25741558453714186,0.2882347430558664,0.29011073605912596,0.2458703607673428,0.3061848315674942,0.26508588776825204,0.29607358741650713,0.2992149165515613,0.2717445392159621,0.2700943074417701,0.3123454880045349,0.29778465650651387,0.2981206004968423,0.2600057631703121,0.3328690630768699
0.2561158016903904,0.25327115753667884,0.19073063344509733,0.5058462911493578,0.2625011568247415,0.2359385627704208,0.23420875494543214,0.48095312681860947,0.26870994375491597,0.5189424182987517,0.24657303240812123,0.446431144484538,0.25577568692647124,0.4956755090987188,0.49893410447386066,0.24323798650891337,0.20175293968200025,0.23878917510498066,0.21587573098888568,0.23726801953474264,0.22824825234406299,0.22104967455913271,0.2437321536646596,0.2401131259994621,0.22952403004263622,0.23909330650575145,0.24227565247741478,0.47619311509324125,0.2837507034542156,0.25665373537154945,1.0,0.25744249935774366,0.0,0.23986922409086953,0.23704274498628863,0.37030092782752955,0.2311050628524819,0.24477963235564582,0.3898846284532542,0.24005503042400878,0.6444230818637255,0.2446775085052173,0.24120918392311674,0.47876792710910276,0.4728975468953355,0.27047591658326575,0.24402940562558362,0.24423191301986025,0.42543843451789276,0.2790602789348222
0.29978137617359324,0.398721822972567,0.20715674966380804,0.281533902773602,0.47506786929205647,0.38508626546313607,0.3328308944980576,0.2816905983570831,0.2997803088897125,0.2802172538754688,0.4408034876836038,0.2638920594989116,0.5115073460717308,0.25879788487821287,0.2742344814314046,0.3586696075136403,0.4117866057850993,0.44096297232999737,0.43032509128855045,0.33517261867062276,0.45283703338342907,0.44299486938224875,0.4730194060639267,0.42129805152342503,0.4267753940725124,0.4138664704860252,0.4738895506780403,0.2591062390074955,0.288082180769095,0.2910172932274251,0.25744249935774366,1.0,0.0,0.4644637501054779,0.3914370285947014,0.23480899972538838,0.3442070444113159,0.47586647021761597,0.2400472036356479,0.48531138167381327,0.26181220303464525,0.3921299750429963,0.4850945024809955,0.2638963512766117,0.2722964791161758,0.26298034199613296,0.4039027041701577,0.40539446474624763,0.23989695061090777,0.276957635320662
0.0,0.0,0.0,0.0,0.0,0.0,0.0,0.0,0.0,0.0,0.0,0.0,0.0,0.0,0.0,0.0,0.0,0.0,0.0,0.0,0.0,0.0,0.0,0.0,0.0,0.0,0.0,0.0,0.0,0.0,0.0,0.0,1.0,0.0,0.0,0.0,0.0,0.0,0.0,0.0,0.0,0.0,0.0,0.0,0.0,0.0,0.0,0.0,0.0,0.0
0.30211660555746367,0.41101906049788084,0.21877231004674869,0.24949255420741911,0.40438453953228326,0.3865967916860352,0.36014208286501903,0.261928275523442,0.2864276730163856,0.25619935025438334,0.471512289430852,0.25362137193743084,0.5207574293385625,0.24637382666856245,0.24188141353103898,0.34578890726161626,0.33084688380909955,0.48036024409271094,0.440219377559276,0.3581212394132469,0.490835938275346,0.5834102775894096,0.638236870998834,0.387868121095157,0.3483133483725981,0.36171351824594056,0.5029773070694796,0.2538027767486605,0.28493406617204575,0.2839243620632703,0.23986922409086953,0.4644637501054779,0.0,1.0,0.4170699675531193,0.26204645751578237,0.3397829960574521,0.4776337999598822,0.25166849225117793,0.5017976932936047,0.23612300198256975,0.4097528769907679,0.5020542073711824,0.256496342345239,0.2578726687629882,0.261455774518902,0.4107649491114497,0.4116555615807662,0.24215913812208834,0.2899137657190247
0.3015736617615672,0.56046193684885,0.20902561103563155,0.25583972967792357,0.3745023747953955,0.5072394180966888,0.36084842936925554,0.26792926758714175,0.2859118140242033,0.2616357333559264,0.4226927461807576,0.2625316899116342,0.4091730045830999,0.24913719642936427,0.2481468860361573,0.35136528898178376,0.39237397305459043,0.41399076348982566,0.38047634231072835,0.35781095408128427,0.4038248641667135,0.38411379153938086,0.41082269172894803,0.5387866844151904,0.48850773878282683,0.45344576965127026,0.41182414107626786,0.2521598596650457,0.2907625177727413,0.29378536717199855,0.23704274498628863,0.3914370285947014,0.0,0.4170699675531193,1.0,0.25167065699145086,0.3387101437585349,0.4005010998856606,0.25185307918741684,0.41573080142032115,0.23969450345318843,0.47147973131512655,0.41656976357780573,0.25791809879791916,0.2611933646456769,0.2661352926731999,0.4628948260338429,0.4640228817436327,0.2495132302419476,0.2889492515094161
0.2605161926959171,0.24585699998656385,0.19854185662865187,0.3851156856210386,0.22524410697893327,0.24486628533705113,0.25830064460538804,0.39094171395533184,0.2617750190100092,0.398351289298592,0.2587825510093258,0.38083348718825183,0.24477448504312604,0.3880209712697458,0.37640343595262526,0.24934904636982635,0.1996097082697752,0.2595559642337011,0.24041556845108947,0.25612857533587174,0.24869302860616438,0.2395475095060552,0.2563879121192174,0.24343874574713464,0.21546939479397154,0.2256657934632993,0.2489021731842136,0.3907054889622984,0.2853727111464277,0.25741558453714186,0.37030092782752955,0.23480899972538838,0.0,0.26204645751578237,0.25167065699145086,1.0,0.24523512995913677,0.24051113927735635,0.3832639509551904,0.2527104522376683,0.3705053655233571,0.24839469377615297,0.24711049331351642,0.39474237008362767,0.39219374839162635,0.27272781006318625,0.24754321211923425,0.24761792852327913,0.38732850333733815,0.2867541080764736
0.2821148845547622,0.3368660273340972,0.20561828686049044,0.2518060321075677,0.33018853212161525,0.3254819276404254,0.7776194809283943,0.2542097000969573,0.28924289247454227,0.2547808555123702,0.3477348961900151,0.24077447050697276,0.354079979056512,0.23793588621112494,0.2441955004147438,0.7397697049434571,0.2770573761707391,0.36978532340903925,0.3337003923012337,0.7825383369610591,0.36155092704737213,0.3374722853020764,0.3661061632060192,0.3364690522861332,0.30199817171118026,0.33276498138059274,0.34253221051590854,0.2421615768512172,0.2725550341527738,0.2882347430558664,0.2311050628524819,0.3442070444113159,0.0,0.3397829960574521,0.3387101437585349,0.24523512995913677,1.0,0.33012610903503803,0.23233854609085158,0.3324401167434873,0.23408633835321546,0.33318356955548,0.3400974516234393,0.24405125140338768,0.24405237371776212,0.2521058409545017,0.3255698805542827,0.3257161481845251,0.23367272012164508,0.27751480170642717
0.30628384049866597,0.42880431213269754,0.21918080612825785,0.2562647004261156,0.41705336146144834,0.39001846559002484,0.3399056937679844,0.28002367914530746,0.28481175649095936,0.2652904275330912,0.48074348073958406,0.2593587252904348,0.49681575582443294,0.2567675741290125,0.24999860645854244,0.3417591765460499,0.31984952097662445,0.45587464475184347,0.42129997465874014,0.3435006811870296,0.46870786750767324,0.4512380268891929,0.4895839171524583,0.3805491830464709,0.3540452382142514,0.3700219498178331,0.5771551516399178,0.26940228515146436,0.29209248795189047,0.29011073605912596,0.24477963235564582,0.47586647021761597,0.0,0.4776337999598822,0.4005010998856606,0.24051113927735635,0.33012610903503803,1.0,0.23620181758645964,0.5109760240277958,0.2474737807868148,0.4155464096770112,0.6154882024935979,0.2740438994914196,0.2693160575516468,0.2742520995999844,0.4274328658746276,0.42877439481884005,0.26142806516575723,0.2903112670706204
0.26190381755397196,0.24163104732923246,0.18976656449740015,0.4155768164943072,0.2245371735750311,0.2461442906691036,0.2536963446279338,0.4293092266920159,0.2508013032977833,0.4258550974538623,0.2468405014011712,0.4098255544897935,0.2428884184450184,0.40901406547089225,0.4069657020907512,0.24030911548925526,0.20450224264160033,0.24267490644040057,0.2229576997814411,0.23716650806384654,0.2299424786899945,0.22460977499642143,0.24335390107567667,0.23285589439109033,0.2303033391469439,0.22824049444759442,0.2322380076056172,0.41756895517311354,0.27457662285599704,0.2458703607673428,0.3898846284532542,0.2400472036356479,0.0,0.25166849225117793,0.25185307918741684,0.3832639509551904,0.23233854609085158,0.23620181758645964,1.0,0.23719113556530502,0.39067382131741435,0.2469457843004702,0.2403276399462425,0.42544655905434503,0.4280407447111222,0.2614225044574803,0.24310444109046603,0.24351989548567343,0.3866550535945864,0.2733022622341946
0.30648993430314164,0.4233953135497678,0.22375732481453425,0.24956303643215616,0.4160043196910682,0.38169198908827406,0.3524267404453495,0.26931567106817245,0.2973802442023892,0.2638248606656809,0.5155092013550071,0.25250901796115854,0.5313598945165989,0.2484310950869878,0.2427381509030352,0.34645469790223204,0.3268474226922524,0.4917438518325654,0.4502211310755324,0.357609823310463,0.5007685546223074,0.4809432175774443,0.5189375833841705,0.38653990188662224,0.347179539546445,0.37489827676583554,0.539941489568011,0.25971951696240847,0.295797000804742,0.3061848315674942,0.24005503042400878,0.48531138167381327,0.0,0.5017976932936047,0.41573080142032115,0.2527104522376683,0.3324401167434873,0.5109760240277958,0.23719113556530502,1.0,0.2413106165028388,0.42922226279400555,0.5402737995096458,0.2625266912294886,0.2636205069665021,0.2813898145591385,0.4409193223497476,0.4421992828367879,0.2534370019871611,0.3042688849688212
