../ecoli_genomes/GCF_000163235.1_ASM16323v1_genomic.fna.gz,../ecoli_genomes/GCF_000164555.1_ASM16455v1_genomic.fna.gz,../ecoli_genomes/GCF_000208545.1_ASM20854v2_genomic.fna.gz,../ecoli_genomes/GCF_000233875.1_ASM23387v1_genomic.fna.gz,../ecoli_genomes/GCF_000249735.1_ASM24973v2_genomic.fna.gz,../ecoli_genomes/GCF_000261145.1_Esch_coli_M919_V2_genomic.fna.gz,../ecoli_genomes/GCF_000267705.2_ASM26770v2_genomic.fna.gz,../ecoli_genomes/GCF_000350665.1_Esch_coli_KTE5_V1_genomic.fna.gz,../ecoli_genomes/GCF_000351625.1_Esch_coli_KTE66_V1_genomic.fna.gz,../ecoli_genomes/GCF_000352285.1_Esch_coli_KTE46_V1_genomic.fna.gz,../ecoli_genomes/GCF_000358895.1_ASM35889v1_genomic.fna.gz,../ecoli_genomes/GCF_000456385.1_Esch_coli_HVH_26_4-5703913_V1_genomic.fna.gz,../ecoli_genomes/GCF_000458195.1_Esch_coli_HVH_147_4-5893887_V1_genomic.fna.gz,../ecoli_genomes/GCF_000459755.1_Esch_coli_KOEGE_58_171a_V1_genomic.fna.gz,../ecoli_genomes/GCF_000460055.1_Esch_coli_UMEA_3053-1_V1_genomic.fna.gz,../ecoli_genomes/GCF_000462165.2_ASM46216v2_genomic.fna.gz,../ecoli_genomes/GCF_000601135.1_ASM60113v1_genomic.fna.gz,../ecoli_genomes/GCF_000614595.1_Ec2010EL1058_genomic.fna.gz,../ecoli_genomes/GCF_000617745.1_Ec2010C-4529_genomic.fna.gz,../ecoli_genomes/GCF_000618265.2_EcF6751_genomic.fna.gz,../ecoli_genomes/GCF_000619005.2_Ec2009C-4052_genomic.fna.gz,../ecoli_genomes/GCF_000619105.1_Ec2009C-4780_genomic.fna.gz,../ecoli_genomes/GCF_000619765.2_Ec2009C-3279_genomic.fna.gz,../ecoli_genomes/GCF_000687005.1_ASM68700v1_genomic.fna.gz,../ecoli_genomes/GCF_000687025.1_ASM68702v1_genomic.fna.gz,../ecoli_genomes/GCF_000700125.1_ASM70012v1_genomic.fna.gz,../ecoli_genomes/GCF_000753315.1_FHI35_genomic.fna.gz,../ecoli_genomes/GCF_000776375.1_ASM77637v1_genomic.fna.gz,../ecoli_genomes/GCF_000779395.1_ASM77939v1_genomic.fna.gz,../ecoli_genomes/GCF_000780315.1_ASM78031v1_genomic.fna.gz,../ecoli_genomes/GCF_000781995.1_ASM78199v1_genomic.fna.gz,../ecoli_genomes/GCF_000986765.1_ASM98676v1_genomic.fna.gz,../ecoli_genomes/GCF_001041375.1_ViralProj287958_genomic.fna.gz,../ecoli_genomes/GCF_001265335.1_302014_genomic.fna.gz,../ecoli_genomes/GCF_001265625.1_100854_genomic.fna.gz,../ecoli_genomes/GCF_001267345.1_303289_genomic.fna.gz,../ecoli_genomes/GCF_001309985.1_ASM130998v1_genomic.fna.gz,../ecoli_genomes/GCF_001521695.1_ASM152169v1_genomic.fna.gz,../ecoli_genomes/GCF_001592595.1_ASM159259v1_genomic.fna.gz,../ecoli_genomes/GCF_001614975.1_ASM161497v1_genomic.fna.gz,../ecoli_genomes/GCF_001692775.1_ASM169277v1_genomic.fna.gz,../ecoli_genomes/GCF_001748915.1_ASM174891v1_genomic.fna.gz,../ecoli_genomes/GCF_001749235.1_ASM174923v1_genomic.fna.gz,../ecoli_genomes/GCF_001881155.1_ASM188115v1_genomic.fna.gz,../ecoli_genomes/GCF_001881345.1_ASM188134v1_genomic.fna.gz,../ecoli_genomes/GCF_001892405.1_ASM189240v1_genomic.fna.gz,../ecoli_genomes/GCF_001892585.1_ASM189258v1_genomic.fna.gz,../ecoli_genomes/GCF_001893985.1_ASM189398v1_genomic.fna.gz,../ecoli_genomes/GCF_002001595.1_ASM200159v1_genomic.fna.gz,../ecoli_genomes/GCF_002002145.1_ASM200214v1_genomic.fna.gz
1.0,0.7728123300659044,0.7628451066768205,0.7704141951376454,0.7416901132692357,0.7692639134569454,0.7753495519621548,0.776571874472029,0.7910457050376843,0.7635571495718003,0.7677127259824916,0.7683743609558611,0.7613039032303865,0.7608073868592405,0.755369718224127,0.7741051095812317,0.7390059868897119,0.7744486788938465,0.6949685246399634,0.7768098805081609,0.7772474857296601,0.746942145082626,0.7787487505389277,0.7244111200861648,0.7212173500466964,0.754194224599559,0.7695042929262357,0.7642962144407127,0.7872609498435399,0.7944685617666922,0.7481726044923334,0.7625826505050124,0.05303188214978927,0.7789091176956214,0.7605409026504936,0.7699112212058044,0.762955657534715,0.7711620222963735,0.7406685855567247,0.7770178703311867,0.755352437786013,0.7711279006056669,0.7737140470060386,0.7704359651913545,0.7772660438308493,0.7882111964807373,0.7763171256512506,0.7773883308214553,0.7591794940917699,0.7885350824020965
0.7728123300659044,1.0,0.742333783250535,0.7521299340077819,0.7445413708672486,0.8201163136832803,0.7702644175977117,0.7624758287272331,0.7525524367180592,0.7632497548469227,0.7878722357252632,0.7574344963738693,0.7752442368087468,0.7426466419021999,0.7377590087919188,0.769449362733051,0.7716401246281811,0.7941083049301704,0.7128793449117954,0.7749522622280666,0.7870675717896167,0.7664233041600466,0.7969646454907833,0.7641496520683972,0.7621798343501028,0.7861996033045345,0.7965987648213612,0.7523800153635082,0.7610602916147587,0.7556234419606898,0.7352644234873633,0.7739245085290261,0.05099747495855067,0.7926614357450553,0.8096128579572377,0.7543211306246205,0.7586862285866857,0.7908190745896984,0.7279106189743072,0.7961653959763454,0.7399018333123002,0.8074523008581802,0.7962337382873197,0.7626571596616616,0.7616702653891556,0.7601917920726897,0.8062088668461602,0.8070931060622334,0.7562249621725607,0.7629009998899223
0.7628451066768205,0.742333783250535,1.0,0.7313636764642867,0.6958556659660179,0.7354405925470286,0.7413661109485263,0.7409227371901816,0.7464551545681721,0.7439323345857365,0.7402980122167286,0.7363648373854921,0.745422779519408,0.7351021305388863,0.7291321624359013,0.7445572988370952,0.693680577083713,0.7440119371584307,0.675889479984776,0.7502735672425562,0.7538786821340625,0.7298119858269522,0.7511471863490636,0.6689240101868084,0.669783632648424,0.7082772239629964,0.750766112686869,0.7372124874342381,0.758579542429691,0.756287199613257,0.7239236841845949,0.725790137081924,0.053193738031903526,0.746826744021523,0.723912654441175,0.7412177951161173,0.7386510541216527,0.7502952291105863,0.7009154664526779,0.7529812212369446,0.7284382473819447,0.7501520448856998,0.7508327584586486,0.7375685567233367,0.7343082009466928,0.7419348510538887,0.7527134511432265,0.7538701962856067,0.7374097432117602,0.7539500766477163
0.7704141951376454,0.7521299340077819,0.7313636764642867,1.0,0.7357062871039393,0.7552766341047946,0.7577874046773724,0.834301056960443,0.7601894687466701,0.8373113653452811,0.7555092482411685,0.8292770573581941,0.7518746149285023,0.8459732049925621,0.8538908801374745,0.7573207728830177,0.7350544651789022,0.7544579986537301,0.6863669441849521,0.753569625422744,0.7592014421192799,0.7323812536702107,0.7688686994186048,0.7234350542267249,0.7277712390414821,0.7529778032375997,0.7624017111804284,0.8361399097527024,0.762031593282768,0.7595735699694363,0.8220413526493275,0.7559008586135337,0.04754348511400819,0.7563913294808062,0.7511257871421446,0.7990595520447237,0.7428340226540615,0.7433813148297835,0.7807478313633803,0.7563935932066342,0.8361251916225423,0.7576528972672145,0.7586634191194969,0.846607948964514,0.8449586875210383,0.7735700104444019,0.7552844789329851,0.7574506906188465,0.8203071150601916,0.7717825051813878
0.7416901132692357,0.7445413708672486,0.6958556659660179,0.7357062871039393,1.0,0.7624374091969112,0.7315944545753564,0.7279808250276818,0.7323812164359506,0.7319862034516365,0.7768088706806076,0.721775004994196,0.7656884235751559,0.7220443812814586,0.7316839177957266,0.742228408511638,0.7660311345843576,0.756835305101254,0.6924253883172335,0.7321446890251387,0.7655289085996586,0.7406083594066722,0.7665398928428654,0.739439435000957,0.742749682980939,0.767613374582665,0.7675134462212932,0.7105760770703884,0.7236106616627639,0.7309911664203292,0.7173131195951272,0.7735186808303529,0.057680634394296715,0.7691746242972473,0.7481543491980165,0.722907511109471,0.7300985432886717,0.7715573557196458,0.7227670088751994,0.7667467852801134,0.7305985233504663,0.7556679819551384,0.7735861692066124,0.7266137496546612,0.7286235592732502,0.7322636136126018,0.7637333739022544,0.7646039944314829,0.7180546499596624,0.7276554593324662
0.7692639134569454,0.8201163136832803,0.7354405925470286,0.7552766341047946,0.7624374091969112,1.0,0.7762791993160942,0.7586669573431164,0.7554730254757314,0.752454130300173,0.7845565291170484,0.7508182324958053,0.782908581523954,0.7473989251681799,0.7432139044588921,0.7777479873934452,0.7823959980771955,0.8026332678525082,0.718697190946181,0.7788985303967235,0.7944614061119415,0.782825363403356,0.8082189329246642,0.7675045223591503,0.7624622611302068,0.789566755077025,0.7944349576727315,0.7465702159145403,0.7657458331536806,0.7583322666276875,0.7337398424775424,0.78584101214325,0.05508185052338899,0.8062606544706215,0.8100797021175938,0.756028163214094,0.7679015516720284,0.7844270850046948,0.7337379904890888,0.7968696805576544,0.7431854794730662,0.814755649303322,0.796545790130127,0.7552985266744604,0.7588209300520878,0.7643624378794293,0.8115024565946414,0.8134066330790963,0.7460635932048308,0.7673377700537843
0.7753495519621548,0.7702644175977117,0.7413661109485263,0.7577874046773724,0.7315944545753564,0.7762791993160942,1.0,0.7610598879051055,0.7584137892917199,0.7557695347809161,0.7734888332239541,0.7470197602103723,0.7594500091930417,0.7485282767088955,0.7444885799509084,0.8977719902371457,0.7465582374806918,0.8018716443616302,0.713859623390481,0.9408961760194053,0.8023233814026647,0.7649322185093644,0.807304317678035,0.7342738272124878,0.731020736978631,0.7640871375786304,0.7887305007116958,0.7499946779011794,0.7574497315956586,0.7626985025337664,0.734924354889717,0.7691486231185216,0.04648781057977591,0.7847257298931494,0.7726132909232328,0.7652666723336659,0.9143808143490303,0.7642244837115524,0.7370099993811532,0.7821298664630161,0.7474263094875444,0.775358683131216,0.7797794061133555,0.7602664680553263,0.7604574662270461,0.754993040074822,0.7796631472493875,0.7797245963872711,0.7514996283317423,0.7690576609578353
0.776571874472029,0.7624758287272331,0.7409227371901816,0.834301056960443,0.7279808250276818,0.7586669573431164,0.7610598879051055,1.0,0.7666772939171018,0.8392350964045425,0.7622834948700976,0.8318500616806092,0.760583851708239,0.8234392272629963,0.8200761502500677,0.7613099234195598,0.7303274192141607,0.7604137002287797,0.694469966496664,0.761153520600423,0.7645191324774339,0.7371836819327124,0.7689022633562829,0.71473972605451,0.7124388332954813,0.7468215732725633,0.7654617028503993,0.8808599194620103,0.7756684673056028,0.7643795804969535,0.8142732175562937,0.751682474103921,0.04627164404349904,0.7631295635126943,0.7516004579836016,0.7995513307013244,0.7500987549645337,0.7607210798523966,0.7831795498715447,0.7666267857648351,0.8203138963050279,0.7619450940571147,0.762642267115158,0.8896356285736934,0.8777400106916374,0.7697903819164508,0.7616741126959027,0.7625943694606349,0.8196254425083159,0.7724654827980771
0.7910457050376843,0.7525524367180592,0.7464551545681721,0.7601894687466701,0.7323812164359506,0.7554730254757314,0.7584137892917199,0.7666772939171018,1.0,0.7693709471824185,0.7644418267320807,0.753624918097526,0.7607837567886312,0.7555406040167033,0.7559327821395099,0.7665972245516198,0.7262550749525929,0.7676634159972839,0.6912928281819947,0.7633859966315288,0.7660790164337921,0.74253515740101,0.7660225289699027,0.7137618269873656,0.7074112562187522,0.7457166702350553,0.7680333222843823,0.7546825872609679,0.7669938495553402,0.8002246660862682,0.7472309914140527,0.7459950099683959,0.04607915727540601,0.7707117128469034,0.7473009293373349,0.7671138338868495,0.7527769094569993,0.757332346548805,0.725482562167638,0.7690569717815774,0.751858232062795,0.7604772370927071,0.7679632318834034,0.7618276582497318,0.7611894812993343,0.7693895909868177,0.7647763732921722,0.7646010039162546,0.7458935170599983,0.7732506979235834
0.7635571495718003,0.7632497548469227,0.7439323345857365,0.8373113653452811,0.7319862034516365,0.752454130300173,0.7557695347809161,0.8392350964045425,0.7693709471824185,1.0,0.7646385400635123,0.8267260007754665,0.7669422199595094,0.828412598681763,0.8312005633261905,0.7589372807616369,0.7218444804367999,0.7594408900051572,0.6958363579437503,0.7547718375341229,0.7606972629665347,0.7413463849404636,0.7662186418704223,0.7090448808731777,0.7099524136954732,0.7441457651062624,0.7674202733379876,0.8320375979600507,0.7756733539727909,0.7672811849097262,0.8304113963216008,0.7461954494099876,0.04948116376311473,0.7630938582021369,0.7526899088544952,0.808384009068422,0.7468914093008472,0.7569477204587555,0.7864650045179813,0.7641219167465708,0.8369197748155224,0.7589533524801264,0.7618349957517923,0.8364827687865765,0.8334820418072948,0.7670968050303326,0.759525481018809,0.7607072101908607,0.8279650168970881,0.7724666371529154
0.7677127259824916,0.7878722357252632,0.7402980122167286,0.7555092482411685,0.7768088706806076,0.7845565291170484,0.7734888332239541,0.7622834948700976,0.7644418267320807,0.7646385400635123,1.0,0.756718558329619,0.8143417838290792,0.747795287458696,0.7429480304875243,0.772756036100671,0.7610723811329716,0.8147635370557345,0.7323437199510261,0.7735342501936178,0.8223395137320717,0.8020863439917455,0.8214607283822661,0.7613157350697998,0.7413184626199226,0.7834502629923573,0.8231169554247622,0.75520874759457,0.7602266770201048,0.763123657328974,0.7358124367460178,0.7890454057458016,0.04533801740177723,0.8178974198564993,0.7903238712283428,0.7687126770549371,0.7575660353249947,0.8111623986763841,0.7349443935728449,0.8306639969492894,0.7481130547961896,0.8007735742942957,0.8332200895634316,0.7624501188366428,0.7614255167613988,0.7598883351583787,0.8033153377654895,0.8025295785816736,0.7578782140448959,0.7684084065780814
0.7683743609558611,0.7574344963738693,0.7363648373854921,0.8292770573581941,0.721775004994196,0.7508182324958053,0.7470197602103723,0.8318500616806092,0.753624918097526,0.8267260007754665,0.756718558329619,1.0,0.749764856552998,0.8225776738304401,0.8409362570813563,0.7494983161740415,0.7233702732262106,0.7474378327913771,0.6889023036697529,0.747209746915384,0.7529678184223125,0.7346759794614893,0.7605233473864963,0.7088851786633004,0.7055829400904947,0.7355736230808219,0.7573590416015765,0.8283105088469674,0.7714467081437861,0.7626348057325197,0.7988391895715684,0.7425417400672587,0.04398518387044814,0.7603114431025484,0.7526416988881375,0.7915297374121966,0.7354153116636541,0.7515870002843397,0.7736518655830725,0.7592738008469971,0.8042981322172077,0.7555529574421055,0.7596716916910959,0.8321289497775096,0.8306177115570658,0.7662016027718129,0.7606595037023496,0.7625219513330093,0.807035631598206,0.7663183193522645
0.7613039032303865,0.7752442368087468,0.745422779519408,0.7518746149285023,0.7656884235751559,0.782908581523954,0.7594500091930417,0.760583851708239,0.7607837567886312,0.7669422199595094,0.8143417838290792,0.749764856552998,1.0,0.7484767128621411,0.7525175352024458,0.7689046149448813,0.7441893639580679,0.802786538967867,0.7922693785269774,0.764556489115742,0.8107819804083412,0.8339162760838534,0.8201352083211981,0.729783027437865,0.7212727339780447,0.7682261957655133,0.8226690599834395,0.7474120658157654,0.7537979680388995,0.7578826428695206,0.7399693182563577,0.8107505386664481,0.047566653329567554,0.814757501757144,0.7727409705615339,0.7518673787690283,0.7553188490647581,0.8082300515216809,0.7260362260613917,0.8296602329499159,0.7487529897768959,0.7886538722258648,0.8209766465388176,0.7528181107970779,0.7510839545521797,0.7480043719896284,0.7889424468806856,0.7892851605690833,0.7445552919973932,0.7596386026958524
0.7608073868592405,0.7426466419021999,0.7351021305388863,0.8459732049925621,0.7220443812814586,0.7473989251681799,0.7485282767088955,0.8234392272629963,0.7555406040167033,0.828412598681763,0.747795287458696,0.8225776738304401,0.7484767128621411,1.0,0.842703442347938,0.7475327355365462,0.7117790765246701,0.7486385003692217,0.6846369663994284,0.7488617845312832,0.7527894668591727,0.7282920656748768,0.7603384337520486,0.6935644254215149,0.6965336810717484,0.7271526436352541,0.7538756013213835,0.8320339355937831,0.769705644396824,0.7533671595560129,0.8148578759917051,0.7407411115361595,0.049939322629070415,0.7507433828455956,0.7393416665952535,0.7947953550772646,0.7370784502570216,0.7468553603555799,0.7698491932253053,0.7560278175022934,0.8256553236092415,0.7517356902687178,0.7510528600172772,0.8337901818461599,0.8287518214893915,0.7647989142966221,0.7547608594991405,0.7568486330099269,0.8133933957308159,0.7679905863140101
0.755369718224127,0.7377590087919188,0.7291321624359013,0.8538908801374745,0.7316839177957266,0.7432139044588921,0.7444885799509084,0.8200761502500677,0.7559327821395099,0.8312005633261905,0.7429480304875243,0.8409362570813563,0.7525175352024458,0.842703442347938,1.0,0.7477957974107015,0.7231153329817828,0.7412821150285812,0.6862384279261959,0.7437122640885092,0.7493454856181352,0.7284757805011126,0.7579250254526004,0.702885702341399,0.7092213283325206,0.7371976215601197,0.7493124313524782,0.8128074061667836,0.7565791554565178,0.7499598482161429,0.815573216515068,0.7448919443408002,0.04231549034008586,0.7468474210916423,0.740387814863763,0.790907845736755,0.7352163927996928,0.7390040001166289,0.7692268691076003,0.7506795780479569,0.8316987877759662,0.7467173585512972,0.7491571730415112,0.8229555392962391,0.8190896569647876,0.7639208591921989,0.7526926425691163,0.7540986465640329,0.8013736139717585,0.7644995527530241
0.7741051095812317,0.769449362733051,0.7445572988370952,0.7573207728830177,0.742228408511638,0.7777479873934452,0.8977719902371457,0.7613099234195598,0.7665972245516198,0.7589372807616369,0.772756036100671,0.7494983161740415,0.7689046149448813,0.7475327355365462,0.7477957974107015,1.0,0.7466397180784934,0.7962265642901113,0.7141933021747668,0.9065631874929505,0.7961433914035025,0.7674029922492378,0.7975255089780032,0.7396625733442421,0.7350543734223158,0.7686307861671814,0.7862006171075684,0.7500778310003625,0.7606096033238537,0.7679315603341325,0.7374962372834131,0.7704460478218129,0.04674162346449695,0.7827275835762956,0.7722728628246771,0.7620743803013692,0.8909753353098087,0.766222157230569,0.7315744551552777,0.7847642103428232,0.7471253817445349,0.7755218384197333,0.7780241853889747,0.7587637128430076,0.7598000131298019,0.7598958364844058,0.7783790848124807,0.7770763013754454,0.7482164266235347,0.7680445950274492
0.7390059868897119,0.7716401246281811,0.693680577083713,0.7350544651789022,0.7660311345843576,0.7823959980771955,0.7465582374806918,0.7303274192141607,0.7262550749525929,0.7218444804367999,0.7610723811329716,0.7233702732262106,0.7441893639580679,0.7117790765246701,0.7231153329817828,0.7466397180784934,1.0,0.7612877488264036,0.6922086449001184,0.7396429810940797,0.7603868284524415,0.7372113138377554,0.769578460979392,0.8155321901598835,0.7969766221129859,0.8118684764348554,0.7634796307763765,0.7068242304377159,0.7205633130441498,0.7228428924429716,0.7057648708419335,0.7861003663511714,0.04298749582129435,0.767917821544335,0.7809274032118955,0.7275309362128473,0.7309598984581325,0.7449725268883394,0.7061883351033533,0.7582242318892,0.7207558783554411,0.7784085816246993,0.7654444650192282,0.7307824603451432,0.7356647153433489,0.7293606401770657,0.7805516592333132,0.782213347276765,0.7157465399415279,0.7306084855471295
0.7744486788938465,0.7941083049301704,0.7440119371584307,0.7544579986537301,0.756835305101254,0.8026332678525082,0.8018716443616302,0.7604137002287797,0.7676634159972839,0.7594408900051572,0.8147635370557345,0.7474378327913771,0.802786538967867,0.7486385003692217,0.7412821150285812,0.7962265642901113,0.7612877488264036,1.0,0.7524319015152796,0.8021865430637696,0.8385528451923788,0.8098719012289178,0.8486306522404293,0.7517034169963552,0.7450255105758884,0.7809000558943284,0.825750282481083,0.7506898862119299,0.7639767049271009,0.7626752641116941,0.7338413306065172,0.7968072476246213,0.04753151311176729,0.8258800995602663,0.7947796490137999,0.7713758183933105,0.788948007351155,0.8016019190374537,0.7365985255629584,0.8264452363330936,0.7430744212970914,0.8049823268124402,0.8227341132194955,0.7587063133963705,0.7582921129984161,0.7575234334226677,0.8054074966679483,0.8061575314023884,0.7520141478906566,0.769007456574482
0.6949685246399634,0.7128793449117954,0.675889479984776,0.6863669441849521,0.6924253883172335,0.718697190946181,0.713859623390481,0.694469966496664,0.6912928281819947,0.6958363579437503,0.7323437199510261,0.6889023036697529,0.7922693785269774,0.6846369663994284,0.6862384279261959,0.7141933021747668,0.6922086449001184,0.7524319015152796,1.0,0.7134656249604823,0.7522215101282551,0.8068331428289681,0.7549914523140501,0.6820182092697995,0.6786820627709664,0.703430681214712,0.747568898417511,0.688358988097953,0.6837751543875299,0.6879459546862199,0.6773202158136806,0.7611137822101601,0.04269644943466677,0.7473089727089264,0.7127856106365719,0.695710929918088,0.7054948902033635,0.7302302863855124,0.6744314159602587,0.7463215598992758,0.6854169913909196,0.721763402826668,0.7474633124464454,0.6974875408007729,0.6951762916466306,0.6892561362908922,0.7179267745328294,0.7201104530290325,0.6821353222579667,0.6928098324335266
0.7768098805081609,0.7749522622280666,0.7502735672425562,0.753569625422744,0.7321446890251387,0.7788985303967235,0.9408961760194053,0.761153520600423,0.7633859966315288,0.7547718375341229,0.7735342501936178,0.747209746915384,0.764556489115742,0.7488617845312832,0.7437122640885092,0.9065631874929505,0.7396429810940797,0.8021865430637696,0.7134656249604823,1.0,0.8031381429530307,0.7660212001065914,0.8067705724780704,0.723338262326922,0.7237593107269387,0.759126221960837,0.7909763747676681,0.7530697252354333,0.7632744865801783,0.7672947726417172,0.7364170707620118,0.7679133349658642,0.04834737199109007,0.7868806327319275,0.7697260091024163,0.7658789572882017,0.9204184079750212,0.7714571657322047,0.7330406714047595,0.788099095107601,0.7449107317074176,0.7769348693743421,0.7811244529020344,0.7590841226486487,0.7593892701933209,0.7585236491009035,0.7810600343261087,0.7808613666145832,0.7501257773121388,0.770486934798172
0.7772474857296601,0.7870675717896167,0.7538786821340625,0.7592014421192799,0.7655289085996586,0.7944614061119415,0.8023233814026647,0.7645191324774339,0.7660790164337921,0.7606972629665347,0.8223395137320717,0.7529678184223125,0.8107819804083412,0.7527894668591727,0.7493454856181352,0.7961433914035025,0.7603868284524415,0.8385528451923788,0.7522215101282551,0.8031381429530307,1.0,0.813687518471,0.8497261059009338,0.7495951030333622,0.7449606069077883,0.7807079296868193,0.8301209110097811,0.7568495007966352,0.763500770318084,0.7664631363020284,0.7378250659482457,0.8022962472204918,0.04629919520613013,0.8354944708778058,0.7932028301404894,0.7671749485488999,0.7880475875552929,0.8124642893397617,0.7398497575038709,0.8356426911988106,0.7504250984099619,0.8061163038314969,0.833159849785874,0.7662432927105447,0.7681056549445981,0.771675835524519,0.8112531065110146,0.8120799668740935,0.7565250871250765,0.7764501805544385
0.746942145082626,0.7664233041600466,0.7298119858269522,0.7323812536702107,0.7406083594066722,0.782825363403356,0.7649322185093644,0.7371836819327124,0.74253515740101,0.7413463849404636,0.8020863439917455,0.7346759794614893,0.8339162760838534,0.7282920656748768,0.7284757805011126,0.7674029922492378,0.7372113138377554,0.8098719012289178,0.8068331428289681,0.7660212001065914,0.813687518471,1.0,0.8519621150214716,0.7246143287917322,0.719064236573957,0.7576588557280547,0.8052126059115953,0.7306037998783049,0.7362753273771454,0.742670888855189,0.7209170664794555,0.7942140339693646,0.05158675791816525,0.8371731186735049,0.7700834171250213,0.7441898260747176,0.752630595492183,0.791457542370237,0.7179703564040798,0.809876923304946,0.7258306816221506,0.7795745671779417,0.8099663905471646,0.7385433037890452,0.7371275447140888,0.7341333340484058,0.7806508837524112,0.7806182256010967,0.7331869623168557,0.7464975621330058
0.7787487505389277,0.7969646454907833,0.7511471863490636,0.7688686994186048,0.7665398928428654,0.8082189329246642,0.807304317678035,0.7689022633562829,0.7660225289699027,0.7662186418704223,0.8214607283822661,0.7605233473864963,0.8201352083211981,0.7603384337520486,0.7579250254526004,0.7975255089780032,0.769578460979392,0.8486306522404293,0.7549914523140501,0.8067705724780704,0.8497261059009338,0.8519621150214716,1.0,0.747458707588158,0.7467170000907479,0.7819828824503979,0.8396566239681345,0.7609701322228126,0.7672708924700435,0.7664494298240387,0.7476834114776096,0.8089521206843406,0.0476833094443474,0.8681012600779376,0.8009109152358723,0.77696200661891,0.7943881237216684,0.8136948405887919,0.7460373572927501,0.8359778166565055,0.7551309907090125,0.813319369774573,0.8340686730327278,0.7690180327644702,0.7694132752794167,0.764621118239076,0.8098437612003657,0.8120222106327234,0.7635136961577941,0.7803232871945677
0.7244111200861648,0.7641496520683972,0.6689240101868084,0.7234350542267249,0.739439435000957,0.7675045223591503,0.7342738272124878,0.71473972605451,0.7137618269873656,0.7090448808731777,0.7613157350697998,0.7088851786633004,0.729783027437865,0.6935644254215149,0.702885702341399,0.7396625733442421,0.8155321901598835,0.7517034169963552,0.6820182092697995,0.723338262326922,0.7495951030333622,0.7246143287917322,0.747458707588158,1.0,0.812705366513038,0.8028002142124175,0.7513088350389281,0.692717036030737,0.6961541653471286,0.7090839009009964,0.6844925511734756,0.7576270219835937,0.04954461743105487,0.7446857370469705,0.7919161513438168,0.7104994941041098,0.7115746675762356,0.7191099232432141,0.6942737671328001,0.7416154633766268,0.7052302737118972,0.758479610384549,0.7527953420712934,0.7192583600218263,0.7213458246051676,0.7149064246987672,0.7599340348711572,0.7596311602319867,0.7038971799667415,0.7181609587684397
0.7212173500466964,0.7621798343501028,0.669783632648424,0.7277712390414821,0.742749682980939,0.7624622611302068,0.731020736978631,0.7124388332954813,0.7074112562187522,0.7099524136954732,0.7413184626199226,0.7055829400904947,0.7212727339780447,0.6965336810717484,0.7092213283325206,0.7350543734223158,0.7969766221129859,0.7450255105758884,0.6786820627709664,0.7237593107269387,0.7449606069077883,0.719064236573957,0.7467170000907479,0.812705366513038,1.0,0.8010152789330249,0.7386344669195991,0.6935039824463209,0.6940965272452138,0.7004081238383832,0.6888423322839634,0.7631405348597557,0.052340352705713133,0.7388827333342662,0.7781324598868664,0.709102036019616,0.7119391161211259,0.7195456108902399,0.6903122043607727,0.734227480063053,0.7082420403701163,0.7490375284000619,0.7442649948665243,0.7224530191688332,0.7238598855541325,0.7176969176946576,0.7506522097812042,0.7521596136399583,0.7092792636287155,0.716327199130457
0.754194224599559,0.7861996033045345,0.7082772239629964,0.7529778032375997,0.767613374582665,0.789566755077025,0.7640871375786304,0.7468215732725633,0.7457166702350553,0.7441457651062624,0.7834502629923573,0.7355736230808219,0.7682261957655133,0.7271526436352541,0.7371976215601197,0.7686307861671814,0.8118684764348554,0.7809000558943284,0.703430681214712,0.759126221960837,0.7807079296868193,0.7576588557280547,0.7819828824503979,0.8028002142124175,0.8010152789330249,1.0,0.7780731772611076,0.7290138766450769,0.7347010586150107,0.7418266685841086,0.7220141987741828,0.7860648074338081,0.04215614726670114,0.771859770404492,0.7939804881270004,0.7397104203346367,0.7478448206091508,0.761030383511222,0.7214364919977371,0.7799323886827857,0.7403456028270261,0.784294954188168,0.7777803862678851,0.751098403021964,0.750626954509531,0.7406594875062669,0.7951125731152258,0.7949822252076076,0.7342629319791647,0.7482454422928717
0.7695042929262357,0.7965987648213612,0.750766112686869,0.7624017111804284,0.7675134462212932,0.7944349576727315,0.7887305007116958,0.7654617028503993,0.7680333222843823,0.7674202733379876,0.8231169554247622,0.7573590416015765,0.8226690599834395,0.7538756013213835,0.7493124313524782,0.7862006171075684,0.7634796307763765,0.825750282481083,0.747568898417511,0.7909763747676681,0.8301209110097811,0.8052126059115953,0.8396566239681345,0.7513088350389281,0.7386344669195991,0.7780731772611076,1.0,0.7547739451644493,0.764540617945757,0.7670817336576555,0.7416164325966508,0.8069769596564367,0.05282626635930321,0.8256371843755616,0.7901328295886271,0.7619022447036241,0.7775812861132956,0.8379124081091808,0.7336372743034147,0.8423038225299556,0.7509768332692207,0.8068828847426057,0.8598499557162562,0.7659374192235571,0.7613748250339389,0.765759498487827,0.8059025797517377,0.8062636119987456,0.7581370448479761,0.7759915988162761
0.7642962144407127,0.7523800153635082,0.7372124874342381,0.8361399097527024,0.7105760770703884,0.7465702159145403,0.7499946779011794,0.8808599194620103,0.7546825872609679,0.8320375979600507,0.75520874759457,0.8283105088469674,0.7474120658157654,0.8320339355937831,0.8128074061667836,0.7500778310003625,0.7068242304377159,0.7506898862119299,0.688358988097953,0.7530697252354333,0.7568495007966352,0.7306037998783049,0.7609701322228126,0.692717036030737,0.6935039824463209,0.7290138766450769,0.7547739451644493,1.0,0.7724929316762192,0.7591976049807542,0.8112302388007498,0.73905376424812,0.04479145907816573,0.7529206611980335,0.7394309458527792,0.7965138560693332,0.7374145401916505,0.7535133786499214,0.7828896130295895,0.7586198677614733,0.8169123824152472,0.7529216040957116,0.7522069381190246,0.9127325586087095,0.9010318470093376,0.7669800554928266,0.7543592276687612,0.7554529321977332,0.8221689842135702,0.7672000143748302
0.7872609498435399,0.7610602916147587,0.758579542429691,0.762031593282768,0.7236106616627639,0.7657458331536806,0.7574497315956586,0.7756684673056028,0.7669938495553402,0.7756733539727909,0.7602266770201048,0.7714467081437861,0.7537979680388995,0.769705644396824,0.7565791554565178,0.7606096033238537,0.7205633130441498,0.7639767049271009,0.6837751543875299,0.7632744865801783,0.763500770318084,0.7362753273771454,0.7672708924700435,0.6961541653471286,0.6940965272452138,0.7347010586150107,0.764540617945757,0.7724929316762192,1.0,0.7700040843829448,0.7566248773473416,0.7521535116021789,0.05025002359860731,0.7665935117348187,0.7508404159066722,0.765875173173094,0.753584241778928,0.7688391421156043,0.7369082504222361,0.7705090867236268,0.7564086799918649,0.761694370650122,0.7621848547907479,0.7709929645740329,0.7718347977155275,0.789057933830607,0.7652002255800934,0.7664853524480907,0.7658730723811024,0.8447605577147084
0.7944685617666922,0.7556234419606898,0.756287199613257,0.7595735699694363,0.7309911664203292,0.7583322666276875,0.7626985025337664,0.7643795804969535,0.8002246660862682,0.7672811849097262,0.763123657328974,0.7626348057325197,0.7578826428695206,0.7533671595560129,0.7499598482161429,0.7679315603341325,0.7228428924429716,0.7626752641116941,0.6879459546862199,0.7672947726417172,0.7664631363020284,0.742670888855189,0.7664494298240387,0.7090839009009964,0.7004081238383832,0.7418266685841086,0.7670817336576555,0.7591976049807542,0.7700040843829448,1.0,0.746875252501432,0.7380900988752168,0.05269188993297147,0.76778468621916,0.7518149801486209,0.7654014574647805,0.7549413493178819,0.7585132598553385,0.7278702714080894,0.7735413208079295,0.7494393993858464,0.762940033851859,0.769361734419664,0.7638267093598021,0.7617731650424224,0.7716417325145134,0.7694399766066695,0.7698135537975097,0.7498180778622094,0.7794268918118724
0.7481726044923334,0.7352644234873633,0.7239236841845949,0.8220413526493275,0.7173131195951272,0.7337398424775424,0.734924354889717,0.8142732175562937,0.7472309914140527,0.8304113963216008,0.7358124367460178,0.7988391895715684,0.7399693182563577,0.8148578759917051,0.815573216515068,0.7374962372834131,0.7057648708419335,0.7338413306065172,0.6773202158136806,0.7364170707620118,0.7378250659482457,0.7209170664794555,0.7476834114776096,0.6844925511734756,0.6888423322839634,0.7220141987741828,0.7416164325966508,0.8112302388007498,0.7566248773473416,0.746875252501432,1.0,0.7305956814281178,0.0514116915790207,0.7439745839268923,0.7250501947073371,0.7863798819876093,0.7257895425882512,0.7356243670317516,0.7584839878985253,0.7430644316623611,0.850172338087664,0.7378060742786179,0.7379508554493733,0.8125971216718837,0.8090351329520076,0.7523880024749854,0.7388061266928669,0.740655925559754,0.8015824384653629,0.7542233140175568
0.7625826505050124,0.7739245085290261,0.725790137081924,0.7559008586135337,0.7735186808303529,0.78584101214325,0.7691486231185216,0.751682474103921,0.7459950099683959,0.7461954494099876,0.7890454057458016,0.7425417400672587,0.8107505386664481,0.7407411115361595,0.7448919443408002,0.7704460478218129,0.7861003663511714,0.7968072476246213,0.7611137822101601,0.7679133349658642,0.8022962472204918,0.7942140339693646,0.8089521206843406,0.7576270219835937,0.7631405348597557,0.7860648074338081,0.8069769596564367,0.73905376424812,0.7521535116021789,0.7380900988752168,0.7305956814281178,1.0,0.049382640358124896,0.7946290274236688,0.7754386016790944,0.7394396850234749,0.7646240908791515,0.7971486944813568,0.7209506155453768,0.8008175218788686,0.7419493804163506,0.7867383459256653,0.8055982595005177,0.7520852136104144,0.7553163476625664,0.7466361521689469,0.7951588908318177,0.7964097365316392,0.7330678392806713,0.7482842464630557
0.05303188214978927,0.05099747495855067,0.053193738031903526,0.04754348511400819,0.057680634394296715,0.05508185052338899,0.04648781057977591,0.04627164404349904,0.04607915727540601,0.04948116376311473,0.04533801740177723,0.04398518387044814,0.047566653329567554,0.049939322629070415,0.04231549034008586,0.04674162346449695,0.04298749582129435,0.04753151311176729,0.04269644943466677,0.04834737199109007,0.04629919520613013,0.05158675791816525,0.0476833094443474,0.04954461743105487,0.052340352705713133,0.04215614726670114,0.05282626635930321,0.04479145907816573,0.05025002359860731,0.05269188993297147,0.0514116915790207,0.049382640358124896,1.0,0.04968478357245798,0.048016408520344056,0.047373639019822944,0.047551136320647225,0.051563082719305875,0.054573365456583534,0.049181530508544125,0.04873558055832483,0.051503411201166305,0.05169770253401296,0.04500724004070533,0.04357290623487187,0.0551526461246713,0.05014894291989214,0.05142445729893086,0.052341945926506095,0.04872758115486453
0.7789091176956214,0.7926614357450553,0.746826744021523,0.7563913294808062,0.7691746242972473,0.8062606544706215,0.7847257298931494,0.7631295635126943,0.7707117128469034,0.7630938582021369,0.8178974198564993,0.7603114431025484,0.814757501757144,0.7507433828455956,0.7468474210916423,0.7827275835762956,0.767917821544335,0.8258800995602663,0.7473089727089264,0.7868806327319275,0.8354944708778058,0.8371731186735049,0.8681012600779376,0.7446857370469705,0.7388827333342662,0.771859770404492,0.8256371843755616,0.7529206611980335,0.7665935117348187,0.76778468621916,0.7439745839268923,0.7946290274236688,0.04968478357245798,1.0,0.7954290924099775,0.7777995133391816,0.7714720977484472,0.8093653061816413,0.7457241673837267,0.832357386613192,0.7470494762581387,0.8066551902407911,0.8351806667728033,0.7615287847542307,0.7641284048892387,0.7613711827714829,0.8080071639957732,0.8092465895702522,0.7569844193051966,0.7756221468062756
0.7605409026504936,0.8096128579572377,0.723912654441175,0.7511257871421446,0.7481543491980165,0.8100797021175938,0.7726132909232328,0.7516004579836016,0.7473009293373349,0.7526899088544952,0.7903238712283428,0.7526416988881375,0.7727409705615339,0.7393416665952535,0.740387814863763,0.7722728628246771,0.7809274032118955,0.7947796490137999,0.7127856106365719,0.7697260091024163,0.7932028301404894,0.7700834171250213,0.8009109152358723,0.7919161513438168,0.7781324598868664,0.7939804881270004,0.7901328295886271,0.7394309458527792,0.7508404159066722,0.7518149801486209,0.7250501947073371,0.7754386016790944,0.048016408520344056,0.7954290924099775,1.0,0.7547583119751649,0.7546677819537596,0.7680616817903232,0.7282734895616182,0.7966397965396655,0.7337120281896405,0.7958531950790392,0.7952204821497779,0.7509414585250382,0.7545986713299287,0.7519239721012592,0.8011744586188612,0.8014878648937553,0.7433488053959814,0.7582732063613533
0.7699112212058044,0.7543211306246205,0.7412177951161173,0.7990595520447237,0.722907511109471,0.756028163214094,0.7652666723336659,0.7995513307013244,0.7671138338868495,0.808384009068422,0.7687126770549371,0.7915297374121966,0.7518673787690283,0.7947953550772646,0.790907845736755,0.7620743803013692,0.7275309362128473,0.7713758183933105,0.695710929918088,0.7658789572882017,0.7671749485488999,0.7441898260747176,0.77696200661891,0.7104994941041098,0.709102036019616,0.7397104203346367,0.7619022447036241,0.7965138560693332,0.765875173173094,0.7654014574647805,0.7863798819876093,0.7394396850234749,0.047373639019822944,0.7777995133391816,0.7547583119751649,1.0,0.7525837924483199,0.7471692843364912,0.7845352646032718,0.7698041938555767,0.7910735806129049,0.7577732644546333,0.7633624029036342,0.7998471522961444,0.8021989282326847,0.7623422168534485,0.7567862183076931,0.7575846134565096,0.801646349287246,0.7648928375321301
0.762955657534715,0.7586862285866857,0.7386510541216527,0.7428340226540615,0.7300985432886717,0.7679015516720284,0.9143808143490303,0.7500987549645337,0.7527769094569993,0.7468914093008472,0.7575660353249947,0.7354153116636541,0.7553188490647581,0.7370784502570216,0.7352163927996928,0.8909753353098087,0.7309598984581325,0.788948007351155,0.7054948902033635,0.9204184079750212,0.7880475875552929,0.752630595492183,0.7943881237216684,0.7115746675762356,0.7119391161211259,0.7478448206091508,0.7775812861132956,0.7374145401916505,0.753584241778928,0.7549413493178819,0.7257895425882512,0.7646240908791515,0.047551136320647225,0.7714720977484472,0.7546677819537596,0.7525837924483199,1.0,0.759024553834889,0.7228291460838512,0.7710414285110816,0.7361226573229058,0.766149261518746,0.769309134711761,0.743785830511021,0.7447519721901901,0.7451666815067127,0.7661773236019247,0.7652512276474968,0.7353749638447089,0.7552914413162962
0.7711620222963735,0.7908190745896984,0.7502952291105863,0.7433813148297835,0.7715573557196458,0.7844270850046948,0.7642244837115524,0.7607210798523966,0.757332346548805,0.7569477204587555,0.8111623986763841,0.7515870002843397,0.8082300515216809,0.7468553603555799,0.7390040001166289,0.766222157230569,0.7449725268883394,0.8016019190374537,0.7302302863855124,0.7714571657322047,0.8124642893397617,0.791457542370237,0.8136948405887919,0.7191099232432141,0.7195456108902399,0.761030383511222,0.8379124081091808,0.7535133786499214,0.7688391421156043,0.7585132598553385,0.7356243670317516,0.7971486944813568,0.051563082719305875,0.8093653061816413,0.7680616817903232,0.7471692843364912,0.759024553834889,1.0,0.730435175308872,0.8328730194368196,0.7370762001196078,0.7942030397957055,0.8452314357877156,0.7563581714139599,0.7543245222314394,0.7557669583479079,0.8014438480432432,0.8021680042702747,0.7486288551222475,0.7667415703182761
0.7406685855567247,0.7279106189743072,0.7009154664526779,0.7807478313633803,0.7227670088751994,0.7337379904890888,0.7370099993811532,0.7831795498715447,0.725482562167638,0.7864650045179813,0.7349443935728449,0.7736518655830725,0.7260362260613917,0.7698491932253053,0.7692268691076003,0.7315744551552777,0.7061883351033533,0.7365985255629584,0.6744314159602587,0.7330406714047595,0.7398497575038709,0.7179703564040798,0.7460373572927501,0.6942737671328001,0.6903122043607727,0.7214364919977371,0.7336372743034147,0.7828896130295895,0.7369082504222361,0.7278702714080894,0.7584839878985253,0.7209506155453768,0.054573365456583534,0.7457241673837267,0.7282734895616182,0.7845352646032718,0.7228291460838512,0.730435175308872,1.0,0.737267380080165,0.7675872149618553,0.7351044171904157,0.7379267652444399,0.7841274939399464,0.7908066116601034,0.7401561131617005,0.7306823117631899,0.7323478397965435,0.7791610868631238,0.7357385695417569
