../ecoli_genomes/GCF_000163235.1_ASM16323v1_genomic.fna.gz,../ecoli_genomes/GCF_000164555.1_ASM16455v1_genomic.fna.gz,../ecoli_genomes/GCF_000208545.1_ASM20854v2_genomic.fna.gz,../ecoli_genomes/GCF_000233875.1_ASM23387v1_genomic.fna.gz,../ecoli_genomes/GCF_000249735.1_ASM24973v2_genomic.fna.gz,../ecoli_genomes/GCF_000261145.1_Esch_coli_M919_V2_genomic.fna.gz,../ecoli_genomes/GCF_000267705.2_ASM26770v2_genomic.fna.gz,../ecoli_genomes/GCF_000350665.1_Esch_coli_KTE5_V1_genomic.fna.gz,../ecoli_genomes/GCF_000351625.1_Esch_coli_KTE66_V1_genomic.fna.gz,../ecoli_genomes/GCF_000352285.1_Esch_coli_KTE46_V1_genomic.fna.gz,../ecoli_genomes/GCF_000358895.1_ASM35889v1_genomic.fna.gz,../ecoli_genomes/GCF_000456385.1_Esch_coli_HVH_26_4-5703913_V1_genomic.fna.gz,../ecoli_genomes/GCF_000458195.1_Esch_coli_HVH_147_4-5893887_V1_genomic.fna.gz,../ecoli_genomes/GCF_000459755.1_Esch_coli_KOEGE_58_171a_V1_genomic.fna.gz,../ecoli_genomes/GCF_000460055.1_Esch_coli_UMEA_3053-1_V1_genomic.fna.gz,../ecoli_genomes/GCF_000462165.2_ASM46216v2_genomic.fna.gz,../ecoli_genomes/GCF_000601135.1_ASM60113v1_genomic.fna.gz,../ecoli_genomes/GCF_000614595.1_Ec2010EL1058_genomic.fna.gz,../ecoli_genomes/GCF_000617745.1_Ec2010C-4529_genomic.fna.gz,../ecoli_genomes/GCF_000618265.2_EcF6751_genomic.fna.gz,../ecoli_genomes/GCF_000619005.2_Ec2009C-4052_genomic.fna.gz,../ecoli_genomes/GCF_000619105.1_Ec2009C-4780_genomic.fna.gz,../ecoli_genomes/GCF_000619765.2_Ec2009C-3279_genomic.fna.gz,../ecoli_genomes/GCF_000687005.1_ASM68700v1_genomic.fna.gz,../ecoli_genomes/GCF_000687025.1_ASM68702v1_genomic.fna.gz,../ecoli_genomes/GCF_000700125.1_ASM70012v1_genomic.fna.gz,../ecoli_genomes/GCF_000753315.1_FHI35_genomic.fna.gz,../ecoli_genomes/GCF_000776375.1_ASM77637v1_genomic.fna.gz,../ecoli_genomes/GCF_000779395.1_ASM77939v1_genomic.fna.gz,../ecoli_genomes/GCF_000780315.1_ASM78031v1_genomic.fna.gz,../ecoli_genomes/GCF_000781995.1_ASM78199v1_genomic.fna.gz,../ecoli_genomes/GCF_000986765.1_ASM98676v1_genomic.fna.gz,../ecoli_genomes/GCF_001041375.1_ViralProj287958_genomic.fna.gz,../ecoli_genomes/GCF_001265335.1_302014_genomic.fna.gz,../ecoli_genomes/GCF_001265625.1_100854_genomic.fna.gz,../ecoli_genomes/GCF_001267345.1_303289_genomic.fna.gz,../ecoli_genomes/GCF_001309985.1_ASM130998v1_genomic.fna.gz,../ecoli_genomes/GCF_001521695.1_ASM152169v1_genomic.fna.gz,../ecoli_genomes/GCF_001592595.1_ASM159259v1_genomic.fna.gz,../ecoli_genomes/GCF_001614975.1_ASM161497v1_genomic.fna.gz,../ecoli_genomes/GCF_001692775.1_ASM169277v1_genomic.fna.gz,../ecoli_genomes/GCF_001748915.1_ASM174891v1_genomic.fna.gz,../ecoli_genomes/GCF_001749235.1_ASM174923v1_genomic.fna.gz,../ecoli_genomes/GCF_001881155.1_ASM188115v1_genomic.fna.gz,../ecoli_genomes/GCF_001881345.1_ASM188134v1_genomic.fna.gz,../ecoli_genomes/GCF_001892405.1_ASM189240v1_genomic.fna.gz,../ecoli_genomes/GCF_001892585.1_ASM189258v1_genomic.fna.gz,../ecoli_genomes/GCF_001893985.1_ASM189398v1_genomic.fna.gz,../ecoli_genomes/GCF_002001595.1_ASM200159v1_genomic.fna.gz,../ecoli_genomes/GCF_002002145.1_ASM200214v1_genomic.fna.gz
1.0,0.32418873454017794,0.25502503883390026,0.2724921663934192,0.29955116487892386,0.3135204376259656,0.29269258438707846,0.28198633618821145,0.3858840778885645,0.28978805918829975,0.3243112949092678,0.2878129343756487,0.3015550884652276,0.26852517944079934,0.25637247492226545,0.2923580389938796,0.2752442444681743,0.30271624123039165,0.2523232500507905,0.29192664770502397,0.2943281277293752,0.28963860818123643,0.3119781994796875,0.29824541044651265,0.28555732387369315,0.23150458472431867,0.3053822667331346,0.27317844054275653,0.339290229725447,0.38324094711388057,0.25368641962078575,0.29832358599799735,0.0,0.2995650352069045,0.3079450402960815,0.2814979999327959,0.27604120687330647,0.3215027199918632,0.23229077466702586,0.3094928985389197,0.2577176494252329,0.3030579456587168,0.31377256115470964,0.27935309243441697,0.29446801803908385,0.3111562726578455,0.312149301664593,0.3085120954574624,0.26731996825918924,0.34797175566792427
0.32418873454017794,1.0,0.23119889392748427,0.27567625556399955,0.38390422947751446,0.5484042960267539,0.3491832098419687,0.28037086947183276,0.29974140810272243,0.2847994104895828,0.42761413581887187,0.2861060814806614,0.3992124698990105,0.2674185276237391,0.26027751823221845,0.3432238812119365,0.37563129020182573,0.4132602355680012,0.32764231028068147,0.3502695517021309,0.39861703119045455,0.38399421963531444,0.4151680213301191,0.47812211474574495,0.45089314161211214,0.2966568957935586,0.41252116410539175,0.27741984475628123,0.30442520441158083,0.30085987134609526,0.2598015527783991,0.3868322837327086,0.0,0.39509413175833763,0.5604892858307043,0.2654600765368478,0.32602303509776975,0.4167726988675894,0.16871676137063707,0.41466141851080374,0.2609432496647208,0.4593977330458675,0.41983870630229647,0.2873422977314346,0.2894869503621592,0.2788722571845077,0.46727012727270434,0.47270631791488926,0.2805139393708298,0.2985135061690001
0.25502503883390026,0.23119889392748427,1.0,0.20407107783770073,0.20533542025903095,0.2213189065548179,0.21602490054524992,0.20956343061011273,0.23915066869093804,0.21080750624076405,0.2360879064917496,0.20436043498425993,0.22145760291001748,0.2075005222939612,0.1987455954361238,0.21504217600116804,0.17394745229038533,0.2228693526310691,0.18530175013140182,0.21685776232625886,0.2211660997631747,0.21140027104340542,0.2251246652677905,0.19188455925901982,0.18014217825808876,0.13900150409179712,0.22807510476882986,0.21044656183511568,0.24466271990739374,0.24420464324894597,0.19593290855020684,0.2100677654377877,0.0,0.2205397377235212,0.21506366837246382,0.20775275864707687,0.2030156906315118,0.22416521056044392,0.13204027334318302,0.23117709198700653,0.1994287726454752,0.22455627235473052,0.233980546490276,0.21300879241378445,0.21054655782384946,0.22693658446839882,0.22872328019115296,0.23042050113014423,0.21496413181521035,0.2466980612910048
0.2724921663934192,0.27567625556399955,0.20407107783770073,1.0,0.29137825899913117,0.2680161064161408,0.2520777135437198,0.4986374875167918,0.29062194253570184,0.5223384073709512,0.26647426637458727,0.49728914772902355,0.2742816263164807,0.5470306073082817,0.5642923626564009,0.2701688275672567,0.23305274857520297,0.2566543194847868,0.20886679000298802,0.25193168800908994,0.2526895042512186,0.23969818929855613,0.2661319398601889,0.2497861808197105,0.24721924721709476,0.18856928187813504,0.2609176789168546,0.5134325758453129,0.30020818266470484,0.2796255005025545,0.5027506219370491,0.2764088551788184,0.0,0.24937045230962307,0.2554028215569031,0.4177771621622981,0.24687158511941476,0.25454731352075166,0.2981898749531686,0.25629814021619657,0.5160729089447897,0.2562410365265082,0.25824623630751675,0.5120104357077213,0.5019916811348263,0.2954955531595159,0.25879716369252537,0.25913199808338894,0.44882334000349355,0.3070135778531059
0.29955116487892386,0.38390422947751446,0.20533542025903095,0.29137825899913117,1.0,0.4128663319969572,0.3208582948459068,0.2890270363521802,0.3189540373696028,0.29298908659450285,0.5009871260180572,0.26747367939333344,0.4733412714920986,0.2656401060424781,0.2914835182347899,0.3648791509893009,0.36677619646709025,0.40478768863371295,0.33047474234813823,0.32073487271889645,0.4117949469997828,0.3890345845321638,0.41820579521050827,0.396534619191547,0.3756016903042544,0.3052214030675232,0.4235210473301837,0.24914246706991217,0.27950840486812056,0.3026576973325109,0.26986792877548005,0.459835195854694,0.0,0.41641435733352195,0.39816153610658767,0.256018300511612,0.32443772320556663,0.44078475678783635,0.18245663733969142,0.43350579435587533,0.2868566468833659,0.39108905376442216,0.4353052499223453,0.25621083718384696,0.261669081813123,0.2628918489154394,0.41565199881478776,0.413939417749443,0.252799405618807,0.2853688611635402
0.3135204376259656,0.5484042960267539,0.2213189065548179,0.2680161064161408,0.4128663319969572,1.0,0.35641623935544,0.28446236597676977,0.30334626740678516,0.2748657378643389,0.4257472919597297,0.2685548370828539,0.41053735817831505,0.26100888518256526,0.2609654021319002,0.35640680641691924,0.4108524531727482,0.41653283272844865,0.32974552887195985,0.3552575078822271,0.39323220753882526,0.38447247780296023,0.4141684779106988,0.5018546914559965,0.49162012003636346,0.33567912069016437,0.4079116185084598,0.2673970653600981,0.3035747837670776,0.29787518151976267,0.2533478750359647,0.40547447034827944,0.0,0.4126003827168545,0.566285693615922,0.2761380188313569,0.3395451491565825,0.41942331333168525,0.20495083509274892,0.40967823205960296,0.25844017311686984,0.47316276059012496,0.42402675703266635,0.2705043928596187,0.2747038136872342,0.2770119079150536,0.4832796418125611,0.4839806813826547,0.26525368884935796,0.3066554062734752
0.29269258438707846,0.3491832098419687,0.21602490054524992,0.2520777135437198,0.3208582948459068,0.35641623935544,1.0,0.2571553652205436,0.29651001138202704,0.25558698504075794,0.3627702854796221,0.2455033165586219,0.34031521700038525,0.24770258573724568,0.2423099390232485,0.7347436408877726,0.2796738390500162,0.3829208723715447,0.30632899045961826,0.8720299272338342,0.38059348646927016,0.355105451107257,0.38707636382015886,0.3056485327197923,0.2877366456896139,0.22313568844125153,0.35868257408590865,0.2497186542082469,0.2810714205510447,0.2865482643794578,0.2381416576567652,0.3329241636576864,0.0,0.3506966750409787,0.35479132107964817,0.26457034701530235,0.7792013623081662,0.33617395059270794,0.16338464972441646,0.34952887325479143,0.23604520191002898,0.3445679451074011,0.3565503126031133,0.25650212123718774,0.25612263377873135,0.26652596843057097,0.34280845813439076,0.3462712528800368,0.2490643690084713,0.2854948493095787
0.28198633618821145,0.28037086947183276,0.20956343061011273,0.4986374875167918,0.2890270363521802,0.28446236597676977,0.2571553652205436,1.0,0.2834241128870154,0.5001960159252921,0.2705232770642527,0.47955672084900736,0.2794190338162049,0.48473659868367847,0.4800597220754711,0.27213290262056056,0.23105154145733675,0.26196277929435874,0.21871110344595868,0.2572054092072479,0.25421018844948007,0.2483744016237619,0.26681320214509374,0.26248351894169486,0.24341526507393485,0.19203779131576326,0.2680582917312839,0.6857034484819378,0.31087608733914884,0.27649890240781916,0.4701778150054873,0.27164365159491777,0.0,0.26086935560673996,0.26425530195153635,0.4121369679596715,0.25027761931523795,0.27965842255053797,0.29051894382367904,0.2663288807057931,0.47471751049308286,0.264507172240648,0.27050302100973367,0.6892538239948246,0.6606736835149118,0.29235860788550627,0.26516062893578085,0.2647859053917032,0.4451536450198591,0.30885187618142884
0.3858840778885645,0.29974140810272243,0.23915066869093804,0.29062194253570184,0.3189540373696028,0.30334626740678516,0.29651001138202704,0.2834241128870154,1.0,0.2960138812010239,0.31543557478081274,0.26299276955251816,0.3179703033063721,0.2738006316366147,0.2822528112238737,0.31310415512755674,0.24685046614693573,0.30019931253863186,0.24014819815520894,0.2973425978438978,0.2929237916522439,0.28414668008216437,0.3062918825140134,0.27912741084433035,0.2602139223182678,0.20214146984985581,0.30747183402738854,0.2635532676646928,0.32463198253235215,0.40993895640662004,0.2725117471367393,0.3013408737080787,0.0,0.29357574018671184,0.29420029682049464,0.27970133554919574,0.2899442099757744,0.2931901387121495,0.17538011630615946,0.30627353374966493,0.2750594391903832,0.2986646031742991,0.3100214268667322,0.2672722455214551,0.26309876699749923,0.30644768325526195,0.2981329467490563,0.2994958021939632,0.26534916683127285,0.3344543250004953
0.28978805918829975,0.2847994104895828,0.21080750624076405,0.5223384073709512,0.29298908659450285,0.2748657378643389,0.25558698504075794,0.5001960159252921,0.2960138812010239,1.0,0.28104452891425113,0.4757155971131376,0.28480803088724294,0.5038388219010415,0.5030004022897372,0.27458573625776783,0.2219219194021036,0.2604394460996563,0.21641047782645728,0.25592785811922536,0.25404547278683864,0.2452506600042541,0.26110928061132077,0.25098533154448943,0.23975274269756408,0.1833110624526172,0.2661849420321226,0.49310207786113625,0.30523201614254614,0.2861732196067679,0.5218067222123943,0.2683878524627401,0.0,0.25272994913522884,0.2630673859296565,0.4267824526268462,0.2512939332712154,0.26326061232446996,0.2890027713813782,0.26385848058740735,0.5233716887770987,0.26239161098272723,0.2686004328492322,0.49563856688060415,0.4984545761860485,0.293116167778503,0.26607558272570886,0.26802444200819964,0.46761588531368037,0.3032886383488588
0.3243112949092678,0.42761413581887187,0.2360879064917496,0.26647426637458727,0.5009871260180572,0.4257472919597297,0.3627702854796221,0.2705232770642527,0.31543557478081274,0.28104452891425113,1.0,0.26172992559835306,0.5106477127510386,0.26906892323091347,0.25815687636317364,0.35857819170614313,0.32874908670396663,0.48204446426116876,0.3935627356629997,0.3647832095903596,0.4796127120469639,0.4795213918280484,0.49410933500391596,0.37279310823129175,0.3381499573950787,0.26685522992451205,0.5016332689462717,0.2725593197528827,0.30080570094712544,0.3116085621809047,0.25931576413241897,0.4434553151111208,0.0,0.47012920322264007,0.43288308412993803,0.2801722206349183,0.34123787122729843,0.47640260037169824,0.1771806554174441,0.519954905850494,0.26176032183907005,0.44200694894707593,0.5044526639456423,0.27549720728047944,0.2758819642013356,0.2852264427492758,0.4442639014489985,0.4468571355878017,0.27516076448127724,0.3068830397600876
0.2878129343756487,0.2861060814806614,0.20436043498425993,0.49728914772902355,0.26747367939333344,0.2685548370828539,0.2455033165586219,0.47955672084900736,0.26299276955251816,0.4757155971131376,0.26172992559835306,1.0,0.26240334332205617,0.4882873070678603,0.5843196902421347,0.251068286899076,0.24390781285176044,0.24994565862935403,0.21360090187474323,0.2437518007198225,0.24920952151559506,0.24186089004879952,0.2561379534093111,0.2657583249991943,0.24809888619735931,0.20257228583857456,0.2534449323907748,0.47852139128877036,0.3165004810387886,0.26893733831418276,0.4419805306373694,0.2649640288962686,0.0,0.2502718029190121,0.2604909568997248,0.40192813926596493,0.23614579337344344,0.2639322761717644,0.3029486477727532,0.2580437213912372,0.4567600097025104,0.25188966235695376,0.2582386131645831,0.48517250220881336,0.4877129442607976,0.292741708261242,0.2686030878210999,0.26661141032837643,0.42466059466736616,0.30491477146840384
0.3015550884652276,0.3992124698990105,0.22145760291001748,0.2742816263164807,0.4733412714920986,0.41053735817831505,0.34031521700038525,0.2794190338162049,0.3179703033063721,0.28480803088724294,0.5106477127510386,0.26240334332205617,1.0,0.26135673436130746,0.27406037898190316,0.36116283602671595,0.3236701268116361,0.47508175305311884,0.48964446231756154,0.34205795024840424,0.48775635013908436,0.5659395241931754,0.5367082306223011,0.36739196341565883,0.33289566354287214,0.2601058818358568,0.5140450800359074,0.2568850446397922,0.28690970753456535,0.31124004684598805,0.26283292112424583,0.5123032360113664,0.0,0.5067505308166452,0.40713712196058816,0.26172349785799787,0.33684408694550527,0.48142535634519756,0.16429151450102208,0.5163521719952648,0.26829792342458403,0.4092781888809416,0.51042087495318,0.26089287924623683,0.25784141702166374,0.2670421967347999,0.4113598501196104,0.41237762693308644,0.25882124982703636,0.2974514698248857
0.26852517944079934,0.2674185276237391,0.2075005222939612,0.5470306073082817,0.2656401060424781,0.26100888518256526,0.24770258573724568,0.48473659868367847,0.2738006316366147,0.5038388219010415,0.26906892323091347,0.4882873070678603,0.26135673436130746,1.0,0.5461089614602559,0.25147800234748485,0.2102447548511972,0.25659399394679483,0.21478944572994674,0.24786926693564393,0.24755413137613702,0.24474628474026217,0.2626882858359948,0.227501277028756,0.21943474350309278,0.16668516382745235,0.2637530659388223,0.515611304903848,0.3078163186338605,0.26890935088557744,0.4910223243688179,0.2534442891082619,0.0,0.2486518227706288,0.2546239574656505,0.41784357493362234,0.23673629575595545,0.2553770263178705,0.2880411177047588,0.2562014069922596,0.49932810867957433,0.254159734627184,0.26171261027078907,0.5142200340224055,0.5007035090588805,0.29993895685504646,0.2562752134209514,0.2589472588981587,0.4542348965382417,0.3100156146301256
0.25637247492226545,0.26027751823221845,0.1987455954361238,0.5642923626564009,0.2914835182347899,0.2609654021319002,0.2423099390232485,0.4800597220754711,0.2822528112238737,0.5030004022897372,0.25815687636317364,0.5843196902421347,0.27406037898190316,0.5461089614602559,1.0,0.2649788459263541,0.2205945412965189,0.2505806831145866,0.20759240468329254,0.24288752785013945,0.2443565573630987,0.23637846321226252,0.25587735395077105,0.2423089801934023,0.230932479953469,0.1771491299453799,0.2539557152966816,0.4777921990395383,0.29796507090336466,0.27120738602350203,0.4983564442767826,0.2672868027796831,0.0,0.24166254963354972,0.24873173894540712,0.4117042445662795,0.24157211005222312,0.24910204530671098,0.27532277280831197,0.24858137648020673,0.5076112319805107,0.24954095719429736,0.2556835877129938,0.4783822878812397,0.4678168465528867,0.29268691137536695,0.2581476541682123,0.2597683157329148,0.4383458703328459,0.3086316831013688
0.2923580389938796,0.3432238812119365,0.21504217600116804,0.2701688275672567,0.3648791509893009,0.35640680641691924,0.7347436408877726,0.27213290262056056,0.31310415512755674,0.27458573625776783,0.35857819170614313,0.251068286899076,0.36116283602671595,0.25147800234748485,0.2649788459263541,1.0,0.28814376574526124,0.36243378056870856,0.3057686579953659,0.742269270673126,0.3584657779944873,0.3461467316730804,0.3696343591786161,0.31745483615760695,0.30428201169283986,0.2453672277119936,0.3434381901386582,0.24990632078894015,0.27599832008526426,0.29967211185381915,0.2539096959932089,0.34785002000356124,0.0,0.3409861469667441,0.3469333448019323,0.2638607058541713,0.7339798901067353,0.3319858675451808,0.15984859831468878,0.33997456979943597,0.25732526517481114,0.34022379088084864,0.3480628476899681,0.2553036042843284,0.2553765893265355,0.26389554093032574,0.3423278075351711,0.3445388265430379,0.2491699439984577,0.2815783965949218
0.2752442444681743,0.37563129020182573,0.17394745229038533,0.23305274857520297,0.36677619646709025,0.4108524531727482,0.2796738390500162,0.23105154145733675,0.24685046614693573,0.2219219194021036,0.32874908670396663,0.24390781285176044,0.3236701268116361,0.2102447548511972,0.2205945412965189,0.28814376574526124,1.0,0.31582146652527066,0.25217815501745244,0.27741058522149287,0.31128400859888294,0.30271742212781594,0.3246017633132332,0.5518351154467196,0.5511443299438357,0.5192889360767605,0.3184860299470954,0.22143477388638955,0.24429537217184472,0.23885233322307553,0.203488543639184,0.3943923984066283,0.0,0.3455768476638752,0.41276642897434257,0.21681775667352177,0.2727502455646392,0.36772083852760806,0.32174319360656856,0.32660498854855147,0.21130820411821472,0.35577407923865045,0.32625131348142333,0.22054465818740954,0.2334837409928543,0.2292161237354614,0.4220670104570662,0.3937593303264325,0.20368477714039834,0.2473836510307741
0.30271624123039165,0.4132602355680012,0.2228693526310691,0.2566543194847868,0.40478768863371295,0.41653283272844865,0.3829208723715447,0.26196277929435874,0.30019931253863186,0.2604394460996563,0.48204446426116876,0.24994565862935403,0.47508175305311884,0.25659399394679483,0.2505806831145866,0.36243378056870856,0.31582146652527066,1.0,0.42510970553231464,0.3820743268045299,0.5071908906592624,0.49275564394372373,0.5247808744841571,0.35470144027062867,0.3272365582932467,0.25012052362573167,0.4902938551182001,0.2611717971058952,0.28693863811562925,0.2966170692642299,0.2471424585048313,0.4324402026208475,0.0,0.46697584865040376,0.41610696716533224,0.273940321475293,0.36117846088566063,0.4467456696292328,0.17078942559307786,0.49167857414448957,0.24408113080854188,0.4132111894684357,0.47838102803666094,0.2609129338678755,0.2585364542557069,0.2694902661904178,0.41258932002894144,0.4156887939624828,0.2542148877461454,0.2919901355093113
0.2523232500507905,0.32764231028068147,0.18530175013140182,0.20886679000298802,0.33047474234813823,0.32974552887195985,0.30632899045961826,0.21871110344595868,0.24014819815520894,0.21641047782645728,0.3935627356629997,0.21360090187474323,0.48964446231756154,0.21478944572994674,0.20759240468329254,0.3057686579953659,0.25217815501745244,0.42510970553231464,1.0,0.30408431056066,0.4171538454958328,0.5191759294991327,0.42175863183839524,0.28078172405671353,0.26715967717972733,0.20207269458276023,0.40051839974903924,0.2156253569045944,0.2368982569681869,0.24058526958072723,0.20504770375380488,0.4304789098544022,0.0,0.38531397874318685,0.33151565850195897,0.22702615905360846,0.29689046652248596,0.37425438214323603,0.1397769786472327,0.4004760465825289,0.20475185383979522,0.32719634994406144,0.39350130592845234,0.21913290203235747,0.2188389449478617,0.2258415554493557,0.3309369520010603,0.33270357168640996,0.2106314504966439,0.2447718339328191
0.29192664770502397,0.3502695517021309,0.21685776232625886,0.25193168800908994,0.32073487271889645,0.3552575078822271,0.8720299272338342,0.2572054092072479,0.2973425978438978,0.25592785811922536,0.3647832095903596,0.2437518007198225,0.34205795024840424,0.24786926693564393,0.24288752785013945,0.742269270673126,0.27741058522149287,0.3820743268045299,0.30408431056066,1.0,0.3802350965212966,0.35477605415749314,0.38574232676661513,0.3023234441324021,0.2879222876353025,0.22375321933391368,0.35766188604839644,0.2513370896128402,0.28200536184357794,0.2882068046366988,0.23906233827779144,0.3324721983153549,0.0,0.34914123746867454,0.35333204258181816,0.2644864972823864,0.7764171054622133,0.3370857499002079,0.16199932860163868,0.351447873797438,0.23696394526369824,0.34606168511343793,0.35782480056629085,0.2554524752490068,0.2542563394211599,0.26791416937467794,0.34496363849877254,0.34845521490912423,0.2502717034183619,0.2855644861967681
0.2943281277293752,0.39861703119045455,0.2211660997631747,0.2526895042512186,0.4117949469997828,0.39323220753882526,0.38059348646927016,0.25421018844948007,0.2929237916522439,0.25404547278683864,0.4796127120469639,0.24920952151559506,0.48775635013908436,0.24755413137613702,0.2443565573630987,0.3584657779944873,0.31128400859888294,0.5071908906592624,0.4171538454958328,0.3802350965212966,1.0,0.49336350756472414,0.5334381193265019,0.3419886091524519,0.32195235051427085,0.2482016476239507,0.4987119780992415,0.2529911119197995,0.2818195014242041,0.2967684885121702,0.241618453393303,0.44765169610508027,0.0,0.49217059877478053,0.4067259280873612,0.2693596242909915,0.3569536781626491,0.4627134235237117,0.16631551568257907,0.5033323030100694,0.24348353298317904,0.3916055001590969,0.49008039173367934,0.25635203478594737,0.2552831395990376,0.2738179370235798,0.4096952979803795,0.41321040652599406,0.25313538873131813,0.2894009090994084
0.28963860818123643,0.38399421963531444,0.21140027104340542,0.23969818929855613,0.3890345845321638,0.38447247780296023,0.355105451107257,0.2483744016237619,0.28414668008216437,0.2452506600042541,0.4795213918280484,0.24186089004879952,0.5659395241931754,0.24474628474026217,0.23637846321226252,0.3461467316730804,0.30271742212781594,0.49275564394372373,0.5191759294991327,0.35477605415749314,0.49336350756472414,1.0,0.6752398279710009,0.3313276733530691,0.3061057699296852,0.23231702350062022,0.4943734129032614,0.246254063860181,0.2740935026346212,0.2827868099367534,0.23597063611336233,0.4742476560902301,0.0,0.5890075150451127,0.3874660549486053,0.25258916930130215,0.334118031966086,0.4591106534068693,0.15764480900192956,0.4974931115214124,0.23302010476204615,0.37831577123115634,0.4931867671032085,0.25179287881728707,0.24837804941163943,0.26085837076342255,0.3902907417643878,0.3919142257629229,0.245823195071166,0.2838386153455763
0.3119781994796875,0.4151680213301191,0.2251246652677905,0.2661319398601889,0.41820579521050827,0.4141684779106988,0.38707636382015886,0.26681320214509374,0.3062918825140134,0.26110928061132077,0.49410933500391596,0.2561379534093111,0.5367082306223011,0.2626882858359948,0.25587735395077105,0.3696343591786161,0.3246017633132332,0.5247808744841571,0.42175863183839524,0.38574232676661513,0.5334381193265019,0.6752398279710009,1.0,0.3532311590840542,0.3302753323090655,0.25266522404838676,0.5330736210465796,0.2652061042104116,0.29711172443472345,0.29904651194411813,0.2535517205291694,0.47256983066972746,0.0,0.62083230977996,0.41426593057191774,0.26863727283797656,0.3634761349552732,0.48609854280972287,0.1691049181704236,0.5246377155095169,0.2529188880067894,0.4038724708794674,0.5181648359741784,0.2660707737321535,0.26349586301812566,0.27670902593698865,0.4115774444329201,0.4148109153221665,0.2621202197136474,0.29698471288686223
0.29824541044651265,0.47812211474574495,0.19188455925901982,0.2497861808197105,0.396534619191547,0.5018546914559965,0.3056485327197923,0.26248351894169486,0.27912741084433035,0.25098533154448943,0.37279310823129175,0.2657583249991943,0.36739196341565883,0.227501277028756,0.2423089801934023,0.31745483615760695,0.5518351154467196,0.35470144027062867,0.28078172405671353,0.3023234441324021,0.3419886091524519,0.3313276733530691,0.3532311590840542,1.0,0.5605861510064429,0.4396250745888506,0.3555531579965652,0.23749589834899676,0.2698364866143498,0.2721595291706106,0.23424269256294694,0.3928764456291556,0.0,0.3676718635681524,0.5238582655830184,0.23815960285742444,0.294322285174095,0.3867260297743448,0.26376343607566943,0.35771015218519486,0.23964387991714797,0.40461059831319535,0.3620853714142438,0.23899045382447814,0.2502116447168542,0.2468608035307911,0.4370532937967496,0.4199411672283705,0.22835824655824322,0.27144104516560374
0.28555732387369315,0.45089314161211214,0.18014217825808876,0.24721924721709476,0.3756016903042544,0.49162012003636346,0.2877366456896139,0.24341526507393485,0.2602139223182678,0.23975274269756408,0.3381499573950787,0.24809888619735931,0.33289566354287214,0.21943474350309278,0.230932479953469,0.30428201169283986,0.5511443299438357,0.3272365582932467,0.26715967717972733,0.2879222876353025,0.32195235051427085,0.3061057699296852,0.3302753323090655,0.5605861510064429,1.0,0.5032528548319788,0.32550524943302805,0.2251773655959176,0.2480781360481621,0.2492825843795229,0.22050923757188778,0.4087699203863705,0.0,0.3359568725145412,0.4813126717994948,0.2202828160093102,0.2848173598680874,0.38223595637058994,0.31566038904802074,0.3318989869281084,0.22460765416687545,0.37192256108765265,0.3390008722882787,0.23059951477423457,0.24252974579533104,0.24027422564547085,0.42800821392571153,0.40156769508203316,0.2227375849803116,0.25291133926607545
0.23150458472431867,0.2966568957935586,0.13900150409179712,0.18856928187813504,0.3052214030675232,0.33567912069016437,0.22313568844125153,0.19203779131576326,0.20214146984985581,0.1833110624526172,0.26685522992451205,0.20257228583857456,0.2601058818358568,0.16668516382745235,0.1771491299453799,0.2453672277119936,0.5192889360767605,0.25012052362573167,0.20207269458276023,0.22375321933391368,0.2482016476239507,0.23231702350062022,0.25266522404838676,0.4396250745888506,0.5032528548319788,1.0,0.24982028912319698,0.180614463589998,0.1951482395499161,0.1943687312884217,0.1700048945319056,0.31183036128369845,0.0,0.27121814007585743,0.3314817619081961,0.17059732433294794,0.21992485640469028,0.3209681147359865,0.3224592750354437,0.26489691412061045,0.17251922480144877,0.2931325248326796,0.25508025522909494,0.18671951959841437,0.1971138770328873,0.18938778958519964,0.3526998062771003,0.32780943897853787,0.17115425450348698,0.20213358747130916
0.3053822667331346,0.41252116410539175,0.22807510476882986,0.2609176789168546,0.4235210473301837,0.4079116185084598,0.35868257408590865,0.2680582917312839,0.30747183402738854,0.2661849420321226,0.5016332689462717,0.2534449323907748,0.5140450800359074,0.2637530659388223,0.2539557152966816,0.3434381901386582,0.3184860299470954,0.4902938551182001,0.40051839974903924,0.35766188604839644,0.4987119780992415,0.4943734129032614,0.5330736210465796,0.3555531579965652,0.32550524943302805,0.24982028912319698,1.0,0.2645596420968278,0.2984119050641184,0.3031103126577168,0.2535323750943297,0.46790673415567274,0.0,0.48863912448091373,0.41251112787402533,0.27016925122173474,0.3343285180145499,0.5687004009120346,0.16652655838576869,0.5378207307416567,0.2536141689599193,0.4157335454324086,0.6128803326184299,0.26874508628097105,0.26161473423036674,0.27810660126201103,0.4163276889851113,0.4188440892023153,0.2651465481292805,0.30170020545817766
0.27317844054275653,0.27741984475628123,0.21044656183511568,0.5134325758453129,0.24914246706991217,0.2673970653600981,0.2497186542082469,0.6857034484819378,0.2635532676646928,0.49310207786113625,0.2725593197528827,0.47852139128877036,0.2568850446397922,0.515611304903848,0.4777921990395383,0.24990632078894015,0.22143477388638955,0.2611717971058952,0.2156253569045944,0.2513370896128402,0.2529911119197995,0.246254063860181,0.2652061042104116,0.23749589834899676,0.2251773655959176,0.180614463589998,0.2645596420968278,1.0,0.31143977830919767,0.2649480215935437,0.4676495571157194,0.25406291096327793,0.0,0.2521891259473549,0.2539815035725046,0.41324758867755806,0.23716593575556422,0.2747847788223299,0.2980893061523737,0.26056128389140343,0.4720804564462512,0.2578525969864415,0.26119156143916766,0.7971833070526456,0.7449896794376205,0.29415778931329517,0.2628876428993955,0.26310907792580285,0.46072487715749877,0.3009286344610054
0.339290229725447,0.30442520441158083,0.24466271990739374,0.30020818266470484,0.27950840486812056,0.3035747837670776,0.2810714205510447,0.31087608733914884,0.32463198253235215,0.30523201614254614,0.30080570094712544,0.3165004810387886,0.28690970753456535,0.3078163186338605,0.29796507090336466,0.27599832008526426,0.24429537217184472,0.28693863811562925,0.2368982569681869,0.28200536184357794,0.2818195014242041,0.2740935026346212,0.29711172443472345,0.2698364866143498,0.2480781360481621,0.1951482395499161,0.2984119050641184,0.31143977830919767,1.0,0.32406223359313524,0.2913982791066212,0.28157752176266726,0.0,0.28764595740097343,0.2924727558724547,0.30498111195127153,0.264524707610175,0.29350995372690447,0.19397885005707205,0.29485237520956364,0.2878875632213347,0.286632861379689,0.2961856603293963,0.31047205645734866,0.3122380418719898,0.3877621024769904,0.29285478830547496,0.2936230598588,0.2978417488721936,0.6079974158312276
0.38324094711388057,0.30085987134609526,0.24420464324894597,0.2796255005025545,0.3026576973325109,0.29787518151976267,0.2865482643794578,0.27649890240781916,0.40993895640662004,0.2861732196067679,0.3116085621809047,0.26893733831418276,0.31124004684598805,0.26890935088557744,0.27120738602350203,0.29967211185381915,0.23885233322307553,0.2966170692642299,0.24058526958072723,0.2882068046366988,0.2967684885121702,0.2827868099367534,0.29904651194411813,0.2721595291706106,0.2492825843795229,0.1943687312884217,0.3031103126577168,0.2649480215935437,0.32406223359313524,1.0,0.2644757748411246,0.2850427137201883,0.0,0.28744263422162997,0.2945983994347271,0.27819113393899875,0.27549415488200746,0.2908637879441156,0.19107024679627826,0.31286581763306165,0.2692668280101218,0.2929670661761441,0.3093635125703189,0.26804753242602597,0.264543903185406,0.31565703532435774,0.3016865092285783,0.3036082203166143,0.26868280303017966,0.33573629035218366
0.25368641962078575,0.2598015527783991,0.19593290855020684,0.5027506219370491,0.26986792877548005,0.2533478750359647,0.2381416576567652,0.4701778150054873,0.2725117471367393,0.5218067222123943,0.25931576413241897,0.4419805306373694,0.26283292112424583,0.4910223243688179,0.4983564442767826,0.2539096959932089,0.203488543639184,0.2471424585048313,0.20504770375380488,0.23906233827779144,0.241618453393303,0.23597063611336233,0.2535517205291694,0.23424269256294694,0.22050923757188778,0.1700048945319056,0.2535323750943297,0.4676495571157194,0.2913982791066212,0.2644757748411246,1.0,0.2534768248514073,0.0,0.24257974139246896,0.2451749758368772,0.4043969647502471,0.23559035940903905,0.2458918044251711,0.26702601621967315,0.2502144201606259,0.6512812456015092,0.245561633395885,0.2517042283990987,0.46894781729469104,0.45902176905181424,0.28385478572104883,0.24848754264200035,0.2507921929703558,0.4346211328416214,0.2875578472615836
0.29832358599799735,0.3868322837327086,0.2100677654377877,0.2764088551788184,0.459835195854694,0.40547447034827944,0.3329241636576864,0.27164365159491777,0.3013408737080787,0.2683878524627401,0.4434553151111208,0.2649640288962686,0.5123032360113664,0.2534442891082619,0.2672868027796831,0.34785002000356124,0.3943923984066283,0.4324402026208475,0.4304789098544022,0.3324721983153549,0.44765169610508027,0.4742476560902301,0.47256983066972746,0.3928764456291556,0.4087699203863705,0.31183036128369845,0.46790673415567274,0.25406291096327793,0.28157752176266726,0.2850427137201883,0.2534768248514073,1.0,0.0,0.4526747128844132,0.39300238130090637,0.2513105420640144,0.3315408091254728,0.46818886362671586,0.20429253816476678,0.47594108162498483,0.25550435968577134,0.38385170980110517,0.47516578128635023,0.25393563852067624,0.2616992488815666,0.2643654846746576,0.41004875446125366,0.4033081833395813,0.23902912741810634,0.2801537943718092
0.0,0.0,0.0,0.0,0.0,0.0,0.0,0.0,0.0,0.0,0.0,0.0,0.0,0.0,0.0,0.0,0.0,0.0,0.0,0.0,0.0,0.0,0.0,0.0,0.0,0.0,0.0,0.0,0.0,0.0,0.0,0.0,1.0,0.0,0.0,0.0,0.0,0.0,0.0,0.0,0.0,0.0,0.0,0.0,0.0,0.0,0.0,0.0,0.0,0.0
0.2995650352069045,0.39509413175833763,0.2205397377235212,0.24937045230962307,0.41641435733352195,0.4126003827168545,0.3506966750409787,0.26086935560673996,0.29357574018671184,0.25272994913522884,0.47012920322264007,0.2502718029190121,0.5067505308166452,0.2486518227706288,0.24166254963354972,0.3409861469667441,0.3455768476638752,0.46697584865040376,0.38531397874318685,0.34914123746867454,0.49217059877478053,0.5890075150451127,0.62083230977996,0.3676718635681524,0.3359568725145412,0.27121814007585743,0.48863912448091373,0.2521891259473549,0.28764595740097343,0.28744263422162997,0.24257974139246896,0.4526747128844132,0.0,1.0,0.4131325088804353,0.2697043903872699,0.32966308251071785,0.46617770663746305,0.18297037385500414,0.49189755721062167,0.2425009766049121,0.3890987067447861,0.4978712175721921,0.2553850613910694,0.257421228341015,0.26736043666737397,0.40389769216216387,0.4053012584984259,0.2514966315662477,0.2936239389487152
0.3079450402960815,0.5604892858307043,0.21506366837246382,0.2554028215569031,0.39816153610658767,0.566285693615922,0.35479132107964817,0.26425530195153635,0.29420029682049464,0.2630673859296565,0.43288308412993803,0.2604909568997248,0.40713712196058816,0.2546239574656505,0.24873173894540712,0.3469333448019323,0.41276642897434257,0.41610696716533224,0.33151565850195897,0.35333204258181816,0.4067259280873612,0.3874660549486053,0.41426593057191774,0.5238582655830184,0.4813126717994948,0.3314817619081961,0.41251112787402533,0.2539815035725046,0.2924727558724547,0.2945983994347271,0.2451749758368772,0.39300238130090637,0.0,0.4131325088804353,1.0,0.2590646648808661,0.3311745611578739,0.4053477505934566,0.18147951648052263,0.4178297497752407,0.24637297230982158,0.4675291605379619,0.42154463252817065,0.2577777220397459,0.26108309725448253,0.27051467314250943,0.4708160808011742,0.4703483527364628,0.2562800804471467,0.29297131776163166
0.2814979999327959,0.2654600765368478,0.20775275864707687,0.4177771621622981,0.256018300511612,0.2761380188313569,0.26457034701530235,0.4121369679596715,0.27970133554919574,0.4267824526268462,0.2801722206349183,0.40192813926596493,0.26172349785799787,0.41784357493362234,0.4117042445662795,0.2638607058541713,0.21681775667352177,0.273940321475293,0.22702615905360846,0.2644864972823864,0.2693596242909915,0.25258916930130215,0.26863727283797656,0.23815960285742444,0.2202828160093102,0.17059732433294794,0.27016925122173474,0.41324758867755806,0.30498111195127153,0.27819113393899875,0.4043969647502471,0.2513105420640144,0.0,0.2697043903872699,0.2590646648808661,1.0,0.25370141574952443,0.2607087286618739,0.2853279634370959,0.2701424535126131,0.4036647410797115,0.2631271697905543,0.26846832197829995,0.42055698028029065,0.41779636580039714,0.2922593678022838,0.26485520252861916,0.2653414025468628,0.41183753055050576,0.3089016355561759
0.27604120687330647,0.32602303509776975,0.2030156906315118,0.24687158511941476,0.32443772320556663,0.3395451491565825,0.7792013623081662,0.25027761931523795,0.2899442099757744,0.2512939332712154,0.34123787122729843,0.23614579337344344,0.33684408694550527,0.23673629575595545,0.24157211005222312,0.7339798901067353,0.2727502455646392,0.36117846088566063,0.29689046652248596,0.7764171054622133,0.3569536781626491,0.334118031966086,0.3634761349552732,0.294322285174095,0.2848173598680874,0.21992485640469028,0.3343285180145499,0.23716593575556422,0.264524707610175,0.27549415488200746,0.23559035940903905,0.3315408091254728,0.0,0.32966308251071785,0.3311745611578739,0.25370141574952443,1.0,0.31883039278257064,0.15552067639114509,0.32462124007672066,0.2335001506479636,0.3253053050563822,0.33646306415889005,0.24038393691484505,0.23914133044276076,0.24885286737956913,0.32218824948783586,0.3246207385240898,0.23149305682603405,0.2678638353980227
0.3215027199918632,0.4167726988675894,0.22416521056044392,0.25454731352075166,0.44078475678783635,0.41942331333168525,0.33617395059270794,0.27965842255053797,0.2931901387121495,0.26326061232446996,0.47640260037169824,0.2639322761717644,0.48142535634519756,0.2553770263178705,0.24910204530671098,0.3319858675451808,0.36772083852760806,0.4467456696292328,0.37425438214323603,0.3370857499002079,0.4627134235237117,0.4591106534068693,0.48609854280972287,0.3867260297743448,0.38223595637058994,0.3209681147359865,0.5687004009120346,0.2747847788223299,0.29350995372690447,0.2908637879441156,0.2458918044251711,0.46818886362671586,0.0,0.46617770663746305,0.4053477505934566,0.2607087286618739,0.31883039278257064,1.0,0.2258086192323986,0.5038490793839017,0.24833319384724606,0.4067432904742807,0.60833189300292,0.2779571230698408,0.26884366281650285,0.2765303895439216,0.4339788947823565,0.4286000039391339,0.26562561789635364,0.29583863847996594
0.23229077466702586,0.16871676137063707,0.13204027334318302,0.2981898749531686,0.18245663733969142,0.20495083509274892,0.16338464972441646,0.29051894382367904,0.17538011630615946,0.2890027713813782,0.1771806554174441,0.3029486477727532,0.16429151450102208,0.2880411177047588,0.27532277280831197,0.15984859831468878,0.32174319360656856,0.17078942559307786,0.1397769786472327,0.16199932860163868,0.16631551568257907,0.15764480900192956,0.1691049181704236,0.26376343607566943,0.31566038904802074,0.3224592750354437,0.16652655838576869,0.2980893061523737,0.19397885005707205,0.19107024679627826,0.26702601621967315,0.20429253816476678,0.0,0.18297037385500414,0.18147951648052263,0.2853279634370959,0.15552067639114509,0.2258086192323986,1.0,0.18003872060617854,0.26955464906932924,0.16910435408006197,0.17167159610663507,0.2896554241253726,0.30307241868820356,0.19023117679507162,0.2141758236075939,0.1851903178892671,0.27653348302524794,0.20424645260743435
