../ecoli_genomes/GCF_000163235.1_ASM16323v1_genomic.fna.gz,../ecoli_genomes/GCF_000164555.1_ASM16455v1_genomic.fna.gz,../ecoli_genomes/GCF_000208545.1_ASM20854v2_genomic.fna.gz,../ecoli_genomes/GCF_000233875.1_ASM23387v1_genomic.fna.gz,../ecoli_genomes/GCF_000249735.1_ASM24973v2_genomic.fna.gz,../ecoli_genomes/GCF_000261145.1_Esch_coli_M919_V2_genomic.fna.gz,../ecoli_genomes/GCF_000267705.2_ASM26770v2_genomic.fna.gz,../ecoli_genomes/GCF_000350665.1_Esch_coli_KTE5_V1_genomic.fna.gz,../ecoli_genomes/GCF_000351625.1_Esch_coli_KTE66_V1_genomic.fna.gz,../ecoli_genomes/GCF_000352285.1_Esch_coli_KTE46_V1_genomic.fna.gz,../ecoli_genomes/GCF_000358895.1_ASM35889v1_genomic.fna.gz,../ecoli_genomes/GCF_000456385.1_Esch_coli_HVH_26_4-5703913_V1_genomic.fna.gz,../ecoli_genomes/GCF_000458195.1_Esch_coli_HVH_147_4-5893887_V1_genomic.fna.gz,../ecoli_genomes/GCF_000459755.1_Esch_coli_KOEGE_58_171a_V1_genomic.fna.gz,../ecoli_genomes/GCF_000460055.1_Esch_coli_UMEA_3053-1_V1_genomic.fna.gz,../ecoli_genomes/GCF_000462165.2_ASM46216v2_genomic.fna.gz,../ecoli_genomes/GCF_000601135.1_ASM60113v1_genomic.fna.gz,../ecoli_genomes/GCF_000614595.1_Ec2010EL1058_genomic.fna.gz,../ecoli_genomes/GCF_000617745.1_Ec2010C-4529_genomic.fna.gz,../ecoli_genomes/GCF_000618265.2_EcF6751_genomic.fna.gz,../ecoli_genomes/GCF_000619005.2_Ec2009C-4052_genomic.fna.gz,../ecoli_genomes/GCF_000619105.1_Ec2009C-4780_genomic.fna.gz,../ecoli_genomes/GCF_000619765.2_Ec2009C-3279_genomic.fna.gz,../ecoli_genomes/GCF_000687005.1_ASM68700v1_genomic.fna.gz,../ecoli_genomes/GCF_000687025.1_ASM68702v1_genomic.fna.gz,../ecoli_genomes/GCF_000700125.1_ASM70012v1_genomic.fna.gz,../ecoli_genomes/GCF_000753315.1_FHI35_genomic.fna.gz,../ecoli_genomes/GCF_000776375.1_ASM77637v1_genomic.fna.gz,../ecoli_genomes/GCF_000779395.1_ASM77939v1_genomic.fna.gz,../ecoli_genomes/GCF_000780315.1_ASM78031v1_genomic.fna.gz,../ecoli_genomes/GCF_000781995.1_ASM78199v1_genomic.fna.gz,../ecoli_genomes/GCF_000986765.1_ASM98676v1_genomic.fna.gz,../ecoli_genomes/GCF_001041375.1_ViralProj287958_genomic.fna.gz,../ecoli_genomes/GCF_001265335.1_302014_genomic.fna.gz,../ecoli_genomes/GCF_001265625.1_100854_genomic.fna.gz,../ecoli_genomes/GCF_001267345.1_303289_genomic.fna.gz,../ecoli_genomes/GCF_001309985.1_ASM130998v1_genomic.fna.gz,../ecoli_genomes/GCF_001521695.1_ASM152169v1_genomic.fna.gz,../ecoli_genomes/GCF_001592595.1_ASM159259v1_genomic.fna.gz,../ecoli_genomes/GCF_001614975.1_ASM161497v1_genomic.fna.gz,../ecoli_genomes/GCF_001692775.1_ASM169277v1_genomic.fna.gz,../ecoli_genomes/GCF_001748915.1_ASM174891v1_genomic.fna.gz,../ecoli_genomes/GCF_001749235.1_ASM174923v1_genomic.fna.gz,../ecoli_genomes/GCF_001881155.1_ASM188115v1_genomic.fna.gz,../ecoli_genomes/GCF_001881345.1_ASM188134v1_genomic.fna.gz,../ecoli_genomes/GCF_001892405.1_ASM189240v1_genomic.fna.gz,../ecoli_genomes/GCF_001892585.1_ASM189258v1_genomic.fna.gz,../ecoli_genomes/GCF_001893985.1_ASM189398v1_genomic.fna.gz,../ecoli_genomes/GCF_002001595.1_ASM200159v1_genomic.fna.gz,../ecoli_genomes/GCF_002002145.1_ASM200214v1_genomic.fna.gz
1.0,0.31736151565047954,0.251551686716156,0.2837925217451863,0.28220897915791265,0.3018049872555072,0.2996216815289,0.28619982069586847,0.3941134214785802,0.29609533843725755,0.31118150879008777,0.2941971293548258,0.31173925562020444,0.2757135638911581,0.2699394934622006,0.3038108998682604,0.27683000813019043,0.3060052705402174,0.29528252354718576,0.3007141622311019,0.2925647881507242,0.2902132589482347,0.310872900993879,0.29022898464844826,0.2875623501214374,0.20327250372864125,0.29975085590079287,0.2859334635103232,0.3417493969139358,0.38820990967786184,0.26059445149834604,0.2966499544001584,0.0,0.305271915288183,0.3006682892424457,0.28230605780963824,0.2907988869210406,0.3069569613391858,0.28125741533131277,0.3018895573216296,0.2632925280566072,0.3037327692746882,0.3030100733590735,0.2858304805190953,0.2936492431955845,0.31555637927500446,0.3002575348885451,0.3013078906932919,0.2710963796385685,0.34208970530020344
0.31736151565047954,1.0,0.2317151565511184,0.2755714369157988,0.3848470759709899,0.5290374233027179,0.3499496160431289,0.28261891253229166,0.2989513454820405,0.2880600959127201,0.42436687944474505,0.2880938658005535,0.42045883128673667,0.2724172246702513,0.2631633714456241,0.3527199111763706,0.4413066011968457,0.41318113318155447,0.3925540749366069,0.3522982176693812,0.3989556630036192,0.3920703938208797,0.4161486378238731,0.5159948262313108,0.5368521087379561,0.30588725263353267,0.417922551937846,0.2807707440687761,0.3043798748841894,0.3011201307042365,0.26046667775209054,0.4025823972178416,0.0,0.4025033591243372,0.5621713103348267,0.2703293559106683,0.3333175543619483,0.4286778963358502,0.2531039939606389,0.4237099250624523,0.26155484183094757,0.4657125337800446,0.42399753166316934,0.29285314420526576,0.2893031571018554,0.28333109610907714,0.47690044301643575,0.47564698495971025,0.2847208158565062,0.30026911148405555
0.251551686716156,0.2317151565511184,1.0,0.20888588196838898,0.19906880294947393,0.2111474962792863,0.21191364691120862,0.2123017026470655,0.24074206688425803,0.21638279121413295,0.22623820690193785,0.21135516917730912,0.22605139131326024,0.21309033831986446,0.20684000512343603,0.2143208659311986,0.19716814324555632,0.2177944614321876,0.2083049113210821,0.21405398824415045,0.214249549363824,0.21200898360842968,0.22344634385408768,0.20287967674404228,0.20886087683874244,0.1411082101577763,0.22332234149931707,0.21306543467453642,0.24678279738216335,0.25175315798567544,0.20082519810978872,0.21492508511169084,0.0,0.2208661090827846,0.21377603522655653,0.21131765308100248,0.20323756494611855,0.21967014367602977,0.19981669507343047,0.22444185431965302,0.2039191652517277,0.22024425160664984,0.22923558046173653,0.21885750312251628,0.21380985365417815,0.2306856942611668,0.22131310106796387,0.22056944291323444,0.2175844024057123,0.2509259077129634
0.2837925217451863,0.2755714369157988,0.20888588196838898,1.0,0.26812781954097675,0.262476888516883,0.2565329748746086,0.5008412413501906,0.288343480042795,0.5256792708804724,0.2665334983109372,0.5071210233068977,0.2772167379127727,0.5444244348024034,0.5512519506711767,0.27021701835432477,0.24983043584732867,0.2599386669488306,0.2566821583296979,0.25646729407327074,0.25580307030929683,0.2512579066592455,0.26722038494799305,0.24958313072441352,0.2621103940631261,0.1757916368253355,0.2610436001666462,0.526651460802654,0.30224877494463787,0.2820862947992875,0.5037854161964426,0.27086379846840347,0.0,0.25728502617869853,0.25932014048057495,0.424456789546113,0.2527870188608461,0.26011272507972616,0.429456882570902,0.2605064768519072,0.5161612689553521,0.2574947102213594,0.25867452742290575,0.5260602240786034,0.5175980858710951,0.29320173478439693,0.25916610870668777,0.2591847173897577,0.4516999846249641,0.3062866634019159
0.28220897915791265,0.3848470759709899,0.19906880294947393,0.26812781954097675,1.0,0.39794276577879895,0.31277732820769066,0.2714888758802796,0.29273592750960975,0.28546970410454764,0.5018346510856917,0.25219445900274795,0.47448384190183845,0.25758696424659144,0.282049998945732,0.34005683624904137,0.4059604825834081,0.4080629140068164,0.40224301033720367,0.31580753997196453,0.42026719659484146,0.3951299864997705,0.4207676271775388,0.39690396443654363,0.3966410062445116,0.2870862693909447,0.4271651205773699,0.2548566515794711,0.2882308257062103,0.28550051134736165,0.25405765986009576,0.4551220245856227,0.0,0.4265845616068874,0.38545230448538503,0.24881324988118692,0.3122941006089619,0.4384886252039676,0.24396005071614046,0.43874833398914126,0.2658771523568191,0.39132571754964485,0.4451284406931958,0.254288195282662,0.25821423918950803,0.2622355989240309,0.4079294544214631,0.4111099221582052,0.2521195241337669,0.27739358664100844
0.3018049872555072,0.5290374233027179,0.2111474962792863,0.262476888516883,0.39794276577879895,1.0,0.3543539988951684,0.27515719139294426,0.28755168482277993,0.26687647736894726,0.39712880417876417,0.2607945935096617,0.4007502515037439,0.2572879975649066,0.2560776725897498,0.351183737723489,0.4349193819835653,0.400980067576968,0.3896660833768847,0.3497600747956555,0.37996027978109126,0.40705010388495144,0.39762989719732367,0.4928788260545437,0.5127658736079983,0.3050557667671111,0.3899456220523373,0.26306647581891696,0.29504792280379,0.28031782000593475,0.2452538392927035,0.3924950480398971,0.0,0.40599067193280036,0.53733350089829,0.26759630236311593,0.3336846389545637,0.4069727979252191,0.26875467294565347,0.397777887401528,0.2470900875016746,0.45396254355627796,0.39856984997669453,0.2650396003040195,0.2650033606005091,0.26952647166145505,0.4563486607970315,0.4578611109951435,0.2570633540398686,0.2954099372610849
0.2996216815289,0.3499496160431289,0.21191364691120862,0.2565329748746086,0.31277732820769066,0.3543539988951684,1.0,0.25647786042849574,0.29308669319419667,0.25805423272474615,0.35100051454790904,0.25247924379328446,0.35042598264543146,0.2524979929782566,0.24556858773271817,0.7678265157844646,0.31785453038313216,0.37974071090036987,0.37182087197714875,0.8725171880167006,0.3774794385846689,0.36581383013836943,0.3888827055392813,0.3237071284623759,0.3328009284469442,0.2343391187049556,0.35230824524149873,0.2541388104568678,0.28494175089939455,0.2893145845951056,0.23801010792849442,0.34367850044764825,0.0,0.3553993012662292,0.3578510356752368,0.2700878741362741,0.800124945583359,0.3397386933746682,0.2524399073950019,0.3526577146708203,0.23683961501427797,0.3438293051623156,0.3518901443921503,0.2573330529867256,0.2573940490673686,0.26979092825263984,0.3413404809803755,0.3415443179470886,0.2505585181880928,0.293861148922679
0.28619982069586847,0.28261891253229166,0.2123017026470655,0.5008412413501906,0.2714888758802796,0.27515719139294426,0.25647786042849574,1.0,0.28385472569868186,0.5107479400055597,0.2683184204314263,0.4809818766270968,0.28294946562562673,0.4934453345051826,0.47805911210860863,0.2660969193842031,0.2578063899986196,0.2671256657109793,0.25985284580195744,0.25687379233596574,0.2574608471417128,0.25241244775396576,0.26782091540291264,0.2655340669350734,0.270397260232334,0.18902705409662457,0.26604384616140064,0.6998803856973614,0.30882482934470357,0.2787718555022809,0.4739216339144041,0.2758533908407462,0.0,0.26717249445812485,0.2664867508771973,0.41743490142367623,0.25234833105626264,0.28527946920349767,0.4304571491237468,0.2681765656460554,0.4777851923676928,0.2665231921496275,0.2686788348350079,0.6974310915523538,0.6729788985614329,0.29020545772257766,0.264309129839987,0.2645350653298093,0.4459820026731398,0.30349448119694167
0.3941134214785802,0.2989513454820405,0.24074206688425803,0.288343480042795,0.29273592750960975,0.28755168482277993,0.29308669319419667,0.28385472569868186,1.0,0.3001018943803009,0.3059795803005769,0.27495679998303857,0.31472701735571473,0.2803725533558493,0.28554072380142015,0.3067793774189086,0.27158144527858485,0.29415562183779753,0.2785545026301841,0.2958160660728383,0.2862134763565053,0.2814691575077328,0.2984912018958521,0.28755250404474,0.28449227352502826,0.19463203971748344,0.29579680389542573,0.2792080108028565,0.337255241824057,0.4105567714518079,0.27357289472906365,0.29536199141033326,0.0,0.28968976814996905,0.2884366038414675,0.28311326832010286,0.28842017770686046,0.2903959552520077,0.2676733214310433,0.30132781835237843,0.27227103075004044,0.29217905756944096,0.3024479352157594,0.2772160140263994,0.273995198907248,0.3135397746403118,0.2920639352575497,0.2918043927699764,0.2720672516378664,0.34228961520633716
0.29609533843725755,0.2880600959127201,0.21638279121413295,0.5256792708804724,0.28546970410454764,0.26687647736894726,0.25805423272474615,0.5107479400055597,0.3001018943803009,1.0,0.2782048582333544,0.4873908275124246,0.2948873224416785,0.5199565446314391,0.505207495507829,0.27449095697018644,0.25534725127921076,0.2676720141024591,0.25840265755600444,0.25980205719777316,0.25868381067795343,0.2531374177334873,0.26984019294643125,0.2566579516560197,0.26731496606189775,0.18277173728845264,0.2702113244951846,0.5157153733963639,0.31225027094575963,0.2934110696823281,0.5255134128439214,0.2752621220796613,0.0,0.26438043675181144,0.26400351008863365,0.4294888489014138,0.2574634442031628,0.27312910073976304,0.4553463016590171,0.27105336299031924,0.526606586800449,0.26699598183223905,0.27021824962995467,0.5151342523792549,0.5156302747733692,0.2977256144163296,0.2682451267279625,0.26743720435932894,0.4727352850544848,0.3065714600025141
0.31118150879008777,0.42436687944474505,0.22623820690193785,0.2665334983109372,0.5018346510856917,0.39712880417876417,0.35100051454790904,0.2683184204314263,0.3059795803005769,0.2782048582333544,1.0,0.2723628633972244,0.5330891774746347,0.27173390852775436,0.26541175739912515,0.3610876427956955,0.38076084211884287,0.4829210215455343,0.46544471130582477,0.3535903772700324,0.48085412731069577,0.48340482841316246,0.4959616108901065,0.40346869375091254,0.40072849663552346,0.2728244853774757,0.5027936114575431,0.2755505371264426,0.29828869895925636,0.3032270549108743,0.25644004873740067,0.46876105018018166,0.0,0.4744210324752891,0.42310471513266856,0.2773231604184816,0.3405536763302168,0.4853485749633689,0.26120133600539197,0.5152070679327457,0.2541163894335634,0.4336386254383525,0.5092196128765643,0.27294504596303826,0.27090077705807614,0.2795303900688102,0.4349692505247703,0.43349116824494716,0.270373771510361,0.2993088933428033
0.2941971293548258,0.2880938658005535,0.21135516917730912,0.5071210233068977,0.25219445900274795,0.2607945935096617,0.25247924379328446,0.4809818766270968,0.27495679998303857,0.4873908275124246,0.2723628633972244,1.0,0.27114565890984443,0.5098354026452449,0.6103542906034509,0.25550243378328086,0.248160374986786,0.256501209667799,0.25583141422413236,0.25281276561118704,0.2571925055165869,0.2539293113751523,0.26580827760746273,0.25449352721814833,0.2610289476239639,0.1797074228153096,0.2618264075309923,0.4960755941782252,0.3055073073497032,0.27826062447154043,0.4515615559329188,0.2634873953682123,0.0,0.26181885415686346,0.2675571704512274,0.41340352218079934,0.2454055017990222,0.272147495680668,0.43394150678839793,0.265812145377225,0.46285973091544264,0.260772225995489,0.2665036272869774,0.5023371119320498,0.49767438169730827,0.29464215460740617,0.26616180935542344,0.26613161993789425,0.4393594841009715,0.3033339092271219
0.31173925562020444,0.42045883128673667,0.22605139131326024,0.2772167379127727,0.47448384190183845,0.4007502515037439,0.35042598264543146,0.28294946562562673,0.31472701735571473,0.2948873224416785,0.5330891774746347,0.27114565890984443,1.0,0.2715924963266315,0.2824327666120845,0.36586828122780557,0.37973526503599064,0.500885629925574,0.4846184952107522,0.3538913516129286,0.5163981116516603,0.5325091890132283,0.5643788321952499,0.3837479488840161,0.38545998249403823,0.26798812331774546,0.5436816953932767,0.27484473973394996,0.2976834642228856,0.315013369295045,0.26535300857439337,0.5056411337394371,0.0,0.5403195882377212,0.4182675285888895,0.2708248655372294,0.343239157429693,0.5121377439673034,0.26367568348304127,0.5531362230474397,0.2694152737391302,0.4277447910108262,0.5387956819424893,0.2719397019306714,0.2690332962212213,0.2753986375960191,0.4323391278698834,0.4299260504699697,0.27370633635795083,0.2973330681037998
0.2757135638911581,0.2724172246702513,0.21309033831986446,0.5444244348024034,0.25758696424659144,0.2572879975649066,0.2524979929782566,0.4934453345051826,0.2803725533558493,0.5199565446314391,0.27173390852775436,0.5098354026452449,0.2715924963266315,1.0,0.5445742346544613,0.25969832175343066,0.2436231176392306,0.2613455590953717,0.253325750787075,0.2540792518471613,0.24986905616651445,0.2468199855067542,0.2626528498398232,0.2438467956170276,0.24970958139423216,0.1717350465422759,0.26220534172023446,0.5269509534895831,0.30552194460714455,0.2752754721801507,0.49756193011571115,0.2586461805893867,0.0,0.25774301014783196,0.2590059904359575,0.41913579391325617,0.2474786315146975,0.2668756311688266,0.43379026559902445,0.2623458027085219,0.5076440139037173,0.2587295560407087,0.2634196533098744,0.52367845502705,0.5170199274102378,0.2964782704426684,0.260441879243019,0.2599252428739087,0.45939029429671474,0.30629042440110277
0.2699394934622006,0.2631633714456241,0.20684000512343603,0.5512519506711767,0.282049998945732,0.2560776725897498,0.24556858773271817,0.47805911210860863,0.28554072380142015,0.505207495507829,0.26541175739912515,0.6103542906034509,0.2824327666120845,0.5445742346544613,1.0,0.26211200846958393,0.2568953114646517,0.2520923160212897,0.24354832479698207,0.2473555229993707,0.24695949259139893,0.24224007308842466,0.2601366801793976,0.2474262256101063,0.25414210476365695,0.1862766660094144,0.25758703548356343,0.4931561141308576,0.2965247660436635,0.2778717909767634,0.49130888361020164,0.27221628296554545,0.0,0.25476138636273327,0.25332355526921846,0.41277475470013003,0.24385842479864628,0.26258560612745807,0.4353922456787557,0.2581212814117153,0.5056126090088153,0.2556006341910405,0.26079759194631247,0.4910490180050405,0.48469191252974786,0.29044238988984294,0.2651163247259648,0.2652088811456794,0.440098766211816,0.30785183777283764
0.3038108998682604,0.3527199111763706,0.2143208659311986,0.27021701835432477,0.34005683624904137,0.351183737723489,0.7678265157844646,0.2660969193842031,0.3067793774189086,0.27449095697018644,0.3610876427956955,0.25550243378328086,0.36586828122780557,0.25969832175343066,0.26211200846958393,1.0,0.3246668727962291,0.3696636135214615,0.36622304182380316,0.78288262336246,0.3611474800325847,0.35950876328976245,0.3781616821389704,0.32936684143021233,0.3475808299820349,0.2636394577870459,0.3523365282477052,0.2603722667808991,0.2914756899562694,0.3038211535206711,0.2530243327514482,0.3520638738364412,0.0,0.354298494873586,0.35660023688229747,0.27032793488865314,0.7453210099634852,0.3430604030919855,0.2515848763265831,0.3498899766384308,0.25235334282629207,0.3473169119340276,0.35301625043517515,0.25798326281062467,0.2590166104559831,0.27308351992340074,0.3475471760382074,0.348408513751554,0.25464604792121537,0.2949409770140624
0.27683000813019043,0.4413066011968457,0.19716814324555632,0.24983043584732867,0.4059604825834081,0.4349193819835653,0.31785453038313216,0.2578063899986196,0.27158144527858485,0.25534725127921076,0.38076084211884287,0.248160374986786,0.37973526503599064,0.2436231176392306,0.2568953114646517,0.3246668727962291,1.0,0.36061438478786656,0.35354889957046975,0.3167880160662102,0.3540608745667819,0.35768865487294077,0.3766292106414728,0.5163665126893155,0.488045053123062,0.3131649714797179,0.36292987517453135,0.24894122053716472,0.28297010054383265,0.2628432606729556,0.2377505121690665,0.4335217469415322,0.0,0.3817041802408345,0.45808528700882534,0.25399842421948127,0.3126412810776912,0.3712482032001482,0.2475648083373012,0.36914326047939416,0.23356715237303494,0.41478363325020107,0.3710069944996255,0.25090832112575623,0.2578190634552763,0.24526687282546888,0.4304756294041837,0.4335825036794927,0.23586481533290948,0.26918885759731126
0.3060052705402174,0.41318113318155447,0.2177944614321876,0.2599386669488306,0.4080629140068164,0.400980067576968,0.37974071090036987,0.2671256657109793,0.29415562183779753,0.2676720141024591,0.4829210215455343,0.256501209667799,0.500885629925574,0.2613455590953717,0.2520923160212897,0.3696636135214615,0.36061438478786656,1.0,0.5210179292413077,0.3798820009323368,0.5137941684477763,0.4962338823521897,0.5230004849126297,0.3708202453335806,0.37433708543625854,0.2559023426070285,0.5068414270920312,0.2664595571832723,0.2933550835125015,0.2973387460433362,0.24796171793987287,0.4653177550137627,0.0,0.47667741232683236,0.4093028225646107,0.27768992120470626,0.3641306292747245,0.467572232243863,0.2553926191024365,0.5005872982892419,0.24597653379708895,0.41843724234983104,0.4931440255653542,0.26581996388992146,0.26457674503059214,0.2716544859251998,0.42205780140768756,0.4200241271798175,0.2566549027963264,0.29570111888561257
0.29528252354718576,0.3925540749366069,0.2083049113210821,0.2566821583296979,0.40224301033720367,0.3896660833768847,0.37182087197714875,0.25985284580195744,0.2785545026301841,0.25840265755600444,0.46544471130582477,0.25583141422413236,0.4846184952107522,0.253325750787075,0.24354832479698207,0.36622304182380316,0.35354889957046975,0.5210179292413077,1.0,0.3705554021591835,0.5044670322558396,0.49532521706112687,0.5094006813961165,0.3574114055858506,0.36420012062654705,0.25788184674782233,0.48304169709621014,0.25954949118410764,0.2791841191143897,0.28578642443708757,0.23765932649945276,0.45067106682404845,0.0,0.4690510385937616,0.4019499575846257,0.2685244642592134,0.3614644871290751,0.45256493403650067,0.24908813090176385,0.4830871850597108,0.23660506422745076,0.401551698786314,0.472710851204982,0.26099427781090967,0.25904663852551735,0.26142091327813555,0.3989894122679375,0.39738758109431005,0.24943463407050803,0.28396568467488215
0.3007141622311019,0.3522982176693812,0.21405398824415045,0.25646729407327074,0.31580753997196453,0.3497600747956555,0.8725171880167006,0.25687379233596574,0.2958160660728383,0.25980205719777316,0.3535903772700324,0.25281276561118704,0.3538913516129286,0.2540792518471613,0.2473555229993707,0.78288262336246,0.3167880160662102,0.3798820009323368,0.3705554021591835,1.0,0.3796261760668369,0.3615847388870025,0.386833055764212,0.32357569530387964,0.3324464033768537,0.23533439383949617,0.35579773089745426,0.25536519568554183,0.28717440561531427,0.2923884666287524,0.24045992309763187,0.3445153668247577,0.0,0.35526068005066924,0.3571336053434192,0.2704232856811175,0.8054318881603217,0.3425449859955422,0.24856053144421497,0.3562932704867654,0.23890737729348754,0.3461388968433373,0.355379298925395,0.2566448248191091,0.25551198099642825,0.27224870866202244,0.3455207064625406,0.3457264017811277,0.2530188414215373,0.2964638445854285
0.2925647881507242,0.3989556630036192,0.214249549363824,0.25580307030929683,0.42026719659484146,0.37996027978109126,0.3774794385846689,0.2574608471417128,0.2862134763565053,0.25868381067795343,0.48085412731069577,0.2571925055165869,0.5163981116516603,0.24986905616651445,0.24695949259139893,0.3611474800325847,0.3540608745667819,0.5137941684477763,0.5044670322558396,0.3796261760668369,1.0,0.5016196773320684,0.5374881837075978,0.35778938852160636,0.3664101039646831,0.2609604549454394,0.5122561685860337,0.25836422936874315,0.2814387613477226,0.2895516934736976,0.2378890873274423,0.4741274001136401,0.0,0.5012883065086208,0.4013260298627829,0.2726804933084688,0.35946877885555584,0.4730259731477462,0.2527724814891452,0.5139062491036941,0.2399587068817658,0.3930239429917405,0.49709946687794593,0.2587452481499808,0.2599186719347798,0.2696092849231102,0.4132982395503919,0.41221990097454053,0.2519933440163936,0.2894260756244833
0.2902132589482347,0.3920703938208797,0.21200898360842968,0.2512579066592455,0.3951299864997705,0.40705010388495144,0.36581383013836943,0.25241244775396576,0.2814691575077328,0.2531374177334873,0.48340482841316246,0.2539293113751523,0.5325091890132283,0.2468199855067542,0.24224007308842466,0.35950876328976245,0.35768865487294077,0.4962338823521897,0.49532521706112687,0.3615847388870025,0.5016196773320684,1.0,0.6865331444514571,0.36352838142222343,0.3750082015805781,0.25722130881628824,0.5001786717479262,0.2523906421802674,0.27492354870900026,0.2825858092964343,0.2347212983504402,0.46912532866160817,0.0,0.6151418420442414,0.39624206079097046,0.25992598859537863,0.34859006113031277,0.4718910886308675,0.24004452573228618,0.5032538317505642,0.2336836328839852,0.39634161568236803,0.4977096028994952,0.25478725752341946,0.24988728897526036,0.2630854335270215,0.39973765215231394,0.39869713631710146,0.24989784249452995,0.28408879836818035
0.310872900993879,0.4161486378238731,0.22344634385408768,0.26722038494799305,0.4207676271775388,0.39762989719732367,0.3888827055392813,0.26782091540291264,0.2984912018958521,0.26984019294643125,0.4959616108901065,0.26580827760746273,0.5643788321952499,0.2626528498398232,0.2601366801793976,0.3781616821389704,0.3766292106414728,0.5230004849126297,0.5094006813961165,0.386833055764212,0.5374881837075978,0.6865331444514571,1.0,0.37346699274935713,0.3851821955424738,0.26616786239778845,0.5343593623897249,0.2678515276350655,0.2941044600373107,0.29714337958048354,0.25049418498576903,0.4951127467283254,0.0,0.6447399412330699,0.4131284668509413,0.27934066904991217,0.37013051339691005,0.4916685376198555,0.2622879127980301,0.5262784377473784,0.25188254565703627,0.411345400109013,0.519106391061567,0.2686851055374819,0.2680058371471721,0.2719158362992321,0.4196668999705321,0.4193184686534015,0.2636864864048578,0.29617819834765824
0.29022898464844826,0.5159948262313108,0.20287967674404228,0.24958313072441352,0.39690396443654363,0.4928788260545437,0.3237071284623759,0.2655340669350734,0.28755250404474,0.2566579516560197,0.40346869375091254,0.25449352721814833,0.3837479488840161,0.2438467956170276,0.2474262256101063,0.32936684143021233,0.5163665126893155,0.3708202453335806,0.3574114055858506,0.32357569530387964,0.35778938852160636,0.36352838142222343,0.37346699274935713,1.0,0.5490544419426597,0.305538642263086,0.37455567883838037,0.24944342406995668,0.2965850026961182,0.27099258384022407,0.2404080196642494,0.3998652211964284,0.0,0.37199932446173845,0.528756810214676,0.2545468312242549,0.3141917475875394,0.382244701577367,0.23561533999756168,0.37498996356927994,0.23884535622317504,0.43341273577248796,0.37535957405423337,0.2530719934021367,0.2547572661414158,0.2576341732727676,0.42846395942018123,0.4293131227032717,0.24097278696333735,0.2740373697984271
0.2875623501214374,0.5368521087379561,0.20886087683874244,0.2621103940631261,0.3966410062445116,0.5127658736079983,0.3328009284469442,0.270397260232334,0.28449227352502826,0.26731496606189775,0.40072849663552346,0.2610289476239639,0.38545998249403823,0.24970958139423216,0.25414210476365695,0.3475808299820349,0.488045053123062,0.37433708543625854,0.36420012062654705,0.3324464033768537,0.3664101039646831,0.3750082015805781,0.3851821955424738,0.5490544419426597,1.0,0.363464744145234,0.37499726361469554,0.25373870716961433,0.28008382721161684,0.27731088028363704,0.24684251534230717,0.43113146194056173,0.0,0.37330542865998184,0.548750827488157,0.2589420108600916,0.32982835504001684,0.3956907061218171,0.2520443430615056,0.3777246301613745,0.24534758246324784,0.43492867855044104,0.3824491308758776,0.2694014972480929,0.262944336588276,0.2639602710758885,0.4404010290503264,0.4445683610351693,0.25465286688136035,0.277012578059718
0.20327250372864125,0.30588725263353267,0.1411082101577763,0.1757916368253355,0.2870862693909447,0.3050557667671111,0.2343391187049556,0.18902705409662457,0.19463203971748344,0.18277173728845264,0.2728244853774757,0.1797074228153096,0.26798812331774546,0.1717350465422759,0.1862766660094144,0.2636394577870459,0.3131649714797179,0.2559023426070285,0.25788184674782233,0.23533439383949617,0.2609604549454394,0.25722130881628824,0.26616786239778845,0.305538642263086,0.363464744145234,1.0,0.2572194878940812,0.18004085846757378,0.18711786323976298,0.19144767076859548,0.16987548294230848,0.27789067824721636,0.0,0.27122781162874243,0.33148229201751755,0.17554007547525452,0.23206418747013102,0.28680299307440027,0.1667149581726841,0.26454895030764214,0.16956302898205,0.2994047442285662,0.2647784352229482,0.19313653841799294,0.19433172018454525,0.1747088771941836,0.31224947043076434,0.3350281341249013,0.17340414872270937,0.19147958750966676
0.29975085590079287,0.417922551937846,0.22332234149931707,0.2610436001666462,0.4271651205773699,0.3899456220523373,0.35230824524149873,0.26604384616140064,0.29579680389542573,0.2702113244951846,0.5027936114575431,0.2618264075309923,0.5436816953932767,0.26220534172023446,0.25758703548356343,0.3523365282477052,0.36292987517453135,0.5068414270920312,0.48304169709621014,0.35579773089745426,0.5122561685860337,0.5001786717479262,0.5343593623897249,0.37455567883838037,0.37499726361469554,0.2572194878940812,1.0,0.2644809570943394,0.29075675171098025,0.2980302288592219,0.24950716403759254,0.4922745873784271,0.0,0.4994547611481459,0.41159898226578795,0.2693918463078059,0.33910738104568694,0.5776177060949077,0.2457845165335113,0.5496343020553951,0.2501905992022695,0.4189156719753,0.6163838562250085,0.2691751836899786,0.2625272390705,0.2774590284943087,0.42134342583720996,0.4196216450089054,0.263835466808483,0.2917474385981894
0.2859334635103232,0.2807707440687761,0.21306543467453642,0.526651460802654,0.2548566515794711,0.26306647581891696,0.2541388104568678,0.6998803856973614,0.2792080108028565,0.5157153733963639,0.2755505371264426,0.4960755941782252,0.27484473973394996,0.5269509534895831,0.4931561141308576,0.2603722667808991,0.24894122053716472,0.2664595571832723,0.25954949118410764,0.25536519568554183,0.25836422936874315,0.2523906421802674,0.2678515276350655,0.24944342406995668,0.25373870716961433,0.18004085846757378,0.2644809570943394,1.0,0.3131455140890095,0.27790864531062953,0.47979345367030635,0.27021066144859085,0.0,0.26331920767598016,0.26078341738666255,0.42063970306461274,0.2490796898402563,0.278267373287192,0.4294818358549638,0.26422916446328215,0.4884499373163518,0.26200291740688353,0.26457906268336984,0.8063746915310308,0.7707200905964102,0.2935338403082789,0.2670171916579419,0.2677827030904536,0.46002121663949225,0.30323348937729466
0.3417493969139358,0.3043798748841894,0.24678279738216335,0.30224877494463787,0.2882308257062103,0.29504792280379,0.28494175089939455,0.30882482934470357,0.337255241824057,0.31225027094575963,0.29828869895925636,0.3055073073497032,0.2976834642228856,0.30552194460714455,0.2965247660436635,0.2914756899562694,0.28297010054383265,0.2933550835125015,0.2791841191143897,0.28717440561531427,0.2814387613477226,0.27492354870900026,0.2941044600373107,0.2965850026961182,0.28008382721161684,0.18711786323976298,0.29075675171098025,0.3131455140890095,1.0,0.32762754049606946,0.29120817101216856,0.28973848547978587,0.0,0.29036432074924867,0.2909748223352,0.30332813795108693,0.2761948424067002,0.29016919706435007,0.2777546769778194,0.2913697808989343,0.28719857431299434,0.2837277038692756,0.2912715413920167,0.3078904302277323,0.307559940664229,0.399202223716595,0.2895112689569377,0.2891328444566008,0.29252705972659365,0.6136597215192314
0.38820990967786184,0.3011201307042365,0.25175315798567544,0.2820862947992875,0.28550051134736165,0.28031782000593475,0.2893145845951056,0.2787718555022809,0.4105567714518079,0.2934110696823281,0.3032270549108743,0.27826062447154043,0.315013369295045,0.2752754721801507,0.2778717909767634,0.3038211535206711,0.2628432606729556,0.2973387460433362,0.28578642443708757,0.2923884666287524,0.2895516934736976,0.2825858092964343,0.29714337958048354,0.27099258384022407,0.27731088028363704,0.19144767076859548,0.2980302288592219,0.27790864531062953,0.32762754049606946,1.0,0.26924024492922605,0.2895575648397851,0.0,0.28585985933422686,0.2883712072534025,0.27734932784681676,0.28484602598994724,0.2876573828308281,0.2647951042710096,0.30682749623359873,0.27079488961666565,0.29284085606968147,0.3021932948262731,0.2751943363447028,0.27336122306137933,0.32303809125648963,0.29670738156619003,0.29657626053286656,0.2684915194439359,0.334313905646901
0.26059445149834604,0.26046667775209054,0.20082519810978872,0.5037854161964426,0.25405765986009576,0.2452538392927035,0.23801010792849442,0.4739216339144041,0.27357289472906365,0.5255134128439214,0.25644004873740067,0.4515615559329188,0.26535300857439337,0.49756193011571115,0.49130888361020164,0.2530243327514482,0.2377505121690665,0.24796171793987287,0.23765932649945276,0.24045992309763187,0.2378890873274423,0.2347212983504402,0.25049418498576903,0.2404080196642494,0.24684251534230717,0.16987548294230848,0.24950716403759254,0.47979345367030635,0.29120817101216856,0.26924024492922605,1.0,0.25497371615229725,0.0,0.2457210641772315,0.24438383969397182,0.40348407105830164,0.23683219711417047,0.2523753932588655,0.4134205524905201,0.24963574623252494,0.6498839116129649,0.24864279288692448,0.25082474158877244,0.478970439951914,0.4715245885697482,0.27979015594006884,0.24963571498778292,0.2491451174970547,0.4315927079777282,0.28789917054631786
0.2966499544001584,0.4025823972178416,0.21492508511169084,0.27086379846840347,0.4551220245856227,0.3924950480398971,0.34367850044764825,0.2758533908407462,0.29536199141033326,0.2752621220796613,0.46876105018018166,0.2634873953682123,0.5056411337394371,0.2586461805893867,0.27221628296554545,0.3520638738364412,0.4335217469415322,0.4653177550137627,0.45067106682404845,0.3445153668247577,0.4741274001136401,0.46912532866160817,0.4951127467283254,0.3998652211964284,0.43113146194056173,0.27789067824721636,0.4922745873784271,0.27021066144859085,0.28973848547978587,0.2895575648397851,0.25497371615229725,1.0,0.0,0.4788249065078778,0.39981584431401007,0.26266066826224044,0.3389750723329209,0.48412041809944917,0.2585492277289657,0.4954166317076746,0.2544800592774593,0.4063357595001058,0.4953609541194156,0.26741407430405806,0.26956521501620767,0.26642304130740047,0.4179955778316857,0.41571521651481735,0.25249378404182066,0.2838625660492008
0.0,0.0,0.0,0.0,0.0,0.0,0.0,0.0,0.0,0.0,0.0,0.0,0.0,0.0,0.0,0.0,0.0,0.0,0.0,0.0,0.0,0.0,0.0,0.0,0.0,0.0,0.0,0.0,0.0,0.0,0.0,0.0,1.0,0.0,0.0,0.0,0.0,0.0,0.0,0.0,0.0,0.0,0.0,0.0,0.0,0.0,0.0,0.0,0.0,0.0
0.305271915288183,0.4025033591243372,0.2208661090827846,0.25728502617869853,0.4265845616068874,0.40599067193280036,0.3553993012662292,0.26717249445812485,0.28968976814996905,0.26438043675181144,0.4744210324752891,0.26181885415686346,0.5403195882377212,0.25774301014783196,0.25476138636273327,0.354298494873586,0.3817041802408345,0.47667741232683236,0.4690510385937616,0.35526068005066924,0.5012883065086208,0.6151418420442414,0.6447399412330699,0.37199932446173845,0.37330542865998184,0.27122781162874243,0.4994547611481459,0.26331920767598016,0.29036432074924867,0.28585985933422686,0.2457210641772315,0.4788249065078778,0.0,1.0,0.40711580794783886,0.2811025317565615,0.341170992936109,0.4778920773892117,0.2691505744510142,0.501719811538506,0.24351499792402542,0.4065186143417633,0.5085249634663014,0.26220706380712544,0.2645869605970643,0.2647554657101049,0.4120805645696063,0.4126173418555519,0.25548259473845825,0.29095554387620026
0.3006682892424457,0.5621713103348267,0.21377603522655653,0.25932014048057495,0.38545230448538503,0.53733350089829,0.3578510356752368,0.2664867508771973,0.2884366038414675,0.26400351008863365,0.42310471513266856,0.2675571704512274,0.4182675285888895,0.2590059904359575,0.25332355526921846,0.35660023688229747,0.45808528700882534,0.4093028225646107,0.4019499575846257,0.3571336053434192,0.4013260298627829,0.39624206079097046,0.4131284668509413,0.528756810214676,0.548750827488157,0.33148229201751755,0.41159898226578795,0.26078341738666255,0.2909748223352,0.2883712072534025,0.24438383969397182,0.39981584431401007,0.0,0.40711580794783886,1.0,0.2661804429457978,0.33798011152896423,0.40777345083680017,0.2534011552166706,0.41677807988210325,0.2454859662947052,0.47341820506828114,0.4175506737200132,0.2632964225901724,0.2630951169754431,0.27089709228653625,0.47375198204089286,0.4745301079970674,0.25741009000671033,0.2895121326415012
0.28230605780963824,0.2703293559106683,0.21131765308100248,0.424456789546113,0.24881324988118692,0.26759630236311593,0.2700878741362741,0.41743490142367623,0.28311326832010286,0.4294888489014138,0.2773231604184816,0.41340352218079934,0.2708248655372294,0.41913579391325617,0.41277475470013003,0.27032793488865314,0.25399842421948127,0.27768992120470626,0.2685244642592134,0.2704232856811175,0.2726804933084688,0.25992598859537863,0.27934066904991217,0.2545468312242549,0.2589420108600916,0.17554007547525452,0.2693918463078059,0.42063970306461274,0.30332813795108693,0.27734932784681676,0.40348407105830164,0.26266066826224044,0.0,0.2811025317565615,0.2661804429457978,1.0,0.26270554438119975,0.26913315883736144,0.42322294240272007,0.27457910997059276,0.40198276032878444,0.2661691581019967,0.27028279509216413,0.4236998732392163,0.42378652659071403,0.2937162849350162,0.264996183613444,0.2649931482963137,0.40961341206358615,0.3058671396041025
0.2907988869210406,0.3333175543619483,0.20323756494611855,0.2527870188608461,0.3122941006089619,0.3336846389545637,0.800124945583359,0.25234833105626264,0.28842017770686046,0.2574634442031628,0.3405536763302168,0.2454055017990222,0.343239157429693,0.2474786315146975,0.24385842479864628,0.7453210099634852,0.3126412810776912,0.3641306292747245,0.3614644871290751,0.8054318881603217,0.35946877885555584,0.34859006113031277,0.37013051339691005,0.3141917475875394,0.32982835504001684,0.23206418747013102,0.33910738104568694,0.2490796898402563,0.2761948424067002,0.28484602598994724,0.23683219711417047,0.3389750723329209,0.0,0.341170992936109,0.33798011152896423,0.26270554438119975,1.0,0.32629907617757814,0.24576854233100887,0.335491646844965,0.2347217885480578,0.3305549204660122,0.3386626842543652,0.24766970987904402,0.24706712500836492,0.25991204399804924,0.32807552718519317,0.3285064784673266,0.24071739514755608,0.2826697883109035
0.3069569613391858,0.4286778963358502,0.21967014367602977,0.26011272507972616,0.4384886252039676,0.4069727979252191,0.3397386933746682,0.28527946920349767,0.2903959552520077,0.27312910073976304,0.4853485749633689,0.272147495680668,0.5121377439673034,0.2668756311688266,0.26258560612745807,0.3430604030919855,0.3712482032001482,0.467572232243863,0.45256493403650067,0.3425449859955422,0.4730259731477462,0.4718910886308675,0.4916685376198555,0.382244701577367,0.3956907061218171,0.28680299307440027,0.5776177060949077,0.278267373287192,0.29016919706435007,0.2876573828308281,0.2523753932588655,0.48412041809944917,0.0,0.4778920773892117,0.40777345083680017,0.26913315883736144,0.32629907617757814,1.0,0.2510972528926786,0.5175233331957766,0.25686363326483574,0.41668213582890956,0.6155174596963914,0.2841361470230075,0.27727111557914974,0.27393870270942533,0.42889299078398,0.42846549895644115,0.2683751823593862,0.2910216525592313
0.28125741533131277,0.2531039939606389,0.19981669507343047,0.429456882570902,0.24396005071614046,0.26875467294565347,0.2524399073950019,0.4304571491237468,0.2676733214310433,0.4553463016590171,0.26120133600539197,0.43394150678839793,0.26367568348304127,0.43379026559902445,0.4353922456787557,0.2515848763265831,0.2475648083373012,0.2553926191024365,0.24908813090176385,0.24856053144421497,0.2527724814891452,0.24004452573228618,0.2622879127980301,0.23561533999756168,0.2520443430615056,0.1667149581726841,0.2457845165335113,0.4294818358549638,0.2777546769778194,0.2647951042710096,0.4134205524905201,0.2585492277289657,0.0,0.2691505744510142,0.2534011552166706,0.42322294240272007,0.24576854233100887,0.2510972528926786,1.0,0.25264839390274607,0.41290335945256795,0.2554167518799598,0.25564623460643743,0.4330606236964868,0.43964633072661274,0.2670663287573024,0.25107808659306796,0.2501948437127266,0.4079664309408917,0.2764877860155138
0.3018895573216296,0.4237099250624523,0.22444185431965302,0.2605064768519072,0.43874833398914126,0.397777887401528,0.3526577146708203,0.2681765656460554,0.30132781835237843,0.27105336299031924,0.5152070679327457,0.265812145377225,0.5531362230474397,0.2623458027085219,0.2581212814117153,0.3498899766384308,0.36914326047939416,0.5005872982892419,0.4830871850597108,0.3562932704867654,0.5139062491036941,0.5032538317505642,0.5262784377473784,0.37498996356927994,0.3777246301613745,0.26454895030764214,0.5496343020553951,0.26422916446328215,0.2913697808989343,0.30682749623359873,0.24963574623252494,0.4954166317076746,0.0,0.501719811538506,0.41677807988210325,0.27457910997059276,0.335491646844965,0.5175233331957766,0.25264839390274607,1.0,0.24955418879924685,0.42185720999823517,0.5486157671094811,0.2665004176173651,0.26808288206119135,0.2831396446884591,0.4414386647701565,0.44023241263180435,0.2632833220960239,0.3026477548237435
