../ecoli_genomes/GCF_000163235.1_ASM16323v1_genomic.fna.gz,../ecoli_genomes/GCF_000164555.1_ASM16455v1_genomic.fna.gz,../ecoli_genomes/GCF_000208545.1_ASM20854v2_genomic.fna.gz,../ecoli_genomes/GCF_000233875.1_ASM23387v1_genomic.fna.gz,../ecoli_genomes/GCF_000249735.1_ASM24973v2_genomic.fna.gz,../ecoli_genomes/GCF_000261145.1_Esch_coli_M919_V2_genomic.fna.gz,../ecoli_genomes/GCF_000267705.2_ASM26770v2_genomic.fna.gz,../ecoli_genomes/GCF_000350665.1_Esch_coli_KTE5_V1_genomic.fna.gz,../ecoli_genomes/GCF_000351625.1_Esch_coli_KTE66_V1_genomic.fna.gz,../ecoli_genomes/GCF_000352285.1_Esch_coli_KTE46_V1_genomic.fna.gz,../ecoli_genomes/GCF_000358895.1_ASM35889v1_genomic.fna.gz,../ecoli_genomes/GCF_000456385.1_Esch_coli_HVH_26_4-5703913_V1_genomic.fna.gz,../ecoli_genomes/GCF_000458195.1_Esch_coli_HVH_147_4-5893887_V1_genomic.fna.gz,../ecoli_genomes/GCF_000459755.1_Esch_coli_KOEGE_58_171a_V1_genomic.fna.gz,../ecoli_genomes/GCF_000460055.1_Esch_coli_UMEA_3053-1_V1_genomic.fna.gz,../ecoli_genomes/GCF_000462165.2_ASM46216v2_genomic.fna.gz,../ecoli_genomes/GCF_000601135.1_ASM60113v1_genomic.fna.gz,../ecoli_genomes/GCF_000614595.1_Ec2010EL1058_genomic.fna.gz,../ecoli_genomes/GCF_000617745.1_Ec2010C-4529_genomic.fna.gz,../ecoli_genomes/GCF_000618265.2_EcF6751_genomic.fna.gz,../ecoli_genomes/GCF_000619005.2_Ec2009C-4052_genomic.fna.gz,../ecoli_genomes/GCF_000619105.1_Ec2009C-4780_genomic.fna.gz,../ecoli_genomes/GCF_000619765.2_Ec2009C-3279_genomic.fna.gz,../ecoli_genomes/GCF_000687005.1_ASM68700v1_genomic.fna.gz,../ecoli_genomes/GCF_000687025.1_ASM68702v1_genomic.fna.gz,../ecoli_genomes/GCF_000700125.1_ASM70012v1_genomic.fna.gz,../ecoli_genomes/GCF_000753315.1_FHI35_genomic.fna.gz,../ecoli_genomes/GCF_000776375.1_ASM77637v1_genomic.fna.gz,../ecoli_genomes/GCF_000779395.1_ASM77939v1_genomic.fna.gz,../ecoli_genomes/GCF_000780315.1_ASM78031v1_genomic.fna.gz,../ecoli_genomes/GCF_000781995.1_ASM78199v1_genomic.fna.gz,../ecoli_genomes/GCF_000986765.1_ASM98676v1_genomic.fna.gz,../ecoli_genomes/GCF_001041375.1_ViralProj287958_genomic.fna.gz,../ecoli_genomes/GCF_001265335.1_302014_genomic.fna.gz,../ecoli_genomes/GCF_001265625.1_100854_genomic.fna.gz,../ecoli_genomes/GCF_001267345.1_303289_genomic.fna.gz,../ecoli_genomes/GCF_001309985.1_ASM130998v1_genomic.fna.gz,../ecoli_genomes/GCF_001521695.1_ASM152169v1_genomic.fna.gz,../ecoli_genomes/GCF_001592595.1_ASM159259v1_genomic.fna.gz,../ecoli_genomes/GCF_001614975.1_ASM161497v1_genomic.fna.gz,../ecoli_genomes/GCF_001692775.1_ASM169277v1_genomic.fna.gz,../ecoli_genomes/GCF_001748915.1_ASM174891v1_genomic.fna.gz,../ecoli_genomes/GCF_001749235.1_ASM174923v1_genomic.fna.gz,../ecoli_genomes/GCF_001881155.1_ASM188115v1_genomic.fna.gz,../ecoli_genomes/GCF_001881345.1_ASM188134v1_genomic.fna.gz,../ecoli_genomes/GCF_001892405.1_ASM189240v1_genomic.fna.gz,../ecoli_genomes/GCF_001892585.1_ASM189258v1_genomic.fna.gz,../ecoli_genomes/GCF_001893985.1_ASM189398v1_genomic.fna.gz,../ecoli_genomes/GCF_002001595.1_ASM200159v1_genomic.fna.gz,../ecoli_genomes/GCF_002002145.1_ASM200214v1_genomic.fna.gz
1.0,0.784005018413932,0.7658792741450354,0.7746210159303112,0.7626177453592173,0.7594305575940383,0.7782964820597927,0.7683319678593309,0.7998973525957963,0.7762524599821863,0.7863421935469771,0.7735271279932964,0.7860524406439174,0.763817787657237,0.7634385270415538,0.7740558516505642,0.7467230969219385,0.7806534986126112,0.7711343526260556,0.7749428015770545,0.7772063322454666,0.7687047490948028,0.780996877299861,0.7485945893469701,0.7490583954907655,0.7473192609150598,0.7811021854048638,0.7663750985455784,0.7808718592126468,0.7935006460565304,0.7519949477913531,0.7732529290394292,0.0471526252281842,0.7775032964287725,0.7536329131101683,0.7628329257036432,0.763814634527955,0.7748868518580037,0.5983350502005298,0.7797277361206281,0.7563946829727992,0.7660067134678907,0.777484280882018,0.7726226597917881,0.7743537755664296,0.7295365868396203,0.7669773447597373,0.7679256149528517,0.7645037622722539,0.7719368109676478
0.784005018413932,1.0,0.765350280972054,0.764688917426149,0.782532341846025,0.831650487713694,0.7910050513102972,0.7592538970652599,0.7672572708436457,0.7726541453248492,0.8057158792523397,0.7754796184303281,0.8087955790144967,0.7679635376133331,0.7639267807897041,0.7855842319821759,0.803600441086634,0.8152788070413354,0.7936516053370506,0.7885510898056528,0.8033900325719311,0.7944966450112918,0.8072786553241436,0.8156664034961697,0.823031211529775,0.7962652853909625,0.809362854016702,0.7639746498011172,0.7639240878316492,0.7699690825641718,0.7529580957732899,0.7952222252192058,0.05052962767120195,0.7998620829741433,0.8367659220112411,0.7625521655444913,0.7711743474634379,0.799668502105099,0.5664988382382128,0.8076159521852615,0.7492074759621203,0.8233291487055767,0.805903546213313,0.7766425462223038,0.7725872223829731,0.7209577336671089,0.8273369656855984,0.8284628259157585,0.7660461785097057,0.7541262606625629
0.7658792741450354,0.765350280972054,1.0,0.7478832714637467,0.7397918787153015,0.7366613147875836,0.7523774839107535,0.7449032220615457,0.7661897463638473,0.7471511621941778,0.7586817834368185,0.7522196151103833,0.7645714580326468,0.7414271796542694,0.7461733320094128,0.7514043363640257,0.7199980733012632,0.7629868014976742,0.7509193696367472,0.7530171422097687,0.7659592247859729,0.7477901079191105,0.7635477967775671,0.721921703952668,0.7236494026503872,0.7221884799202465,0.7643024208382715,0.7471115047664458,0.7615075567745585,0.7613341448179994,0.7339712706752217,0.7508706156360365,0.0548427062040342,0.7590133519511083,0.735380174197929,0.7568572964900222,0.7392097887831979,0.7523450949836962,0.5539173908976536,0.7665264503675279,0.7352864518890816,0.7546125355287298,0.7656973429016752,0.7528889019358199,0.7478519414042596,0.7091576924360481,0.7496788452363397,0.7503821203155658,0.7514122139508345,0.7561192949626108
0.7746210159303112,0.764688917426149,0.7478832714637467,1.0,0.7564277807568414,0.7422326646601496,0.7556183455584351,0.8311356942056903,0.765763551649383,0.840102232680849,0.763832281700746,0.8420617938987116,0.7719087424162356,0.8447406808330048,0.8571036574887045,0.7493339097778723,0.7295213339792035,0.762650587897779,0.754263764650264,0.7533492172234098,0.7617885257492567,0.7503745466630997,0.7711385849947252,0.7302311691762494,0.7348453700180726,0.7248886231779477,0.7682180434827024,0.842898341733554,0.7790833613136703,0.7666794639843618,0.8240463120132199,0.7713040729527723,0.051609706193251115,0.7586414934872056,0.7354022640363816,0.802853123308171,0.747102763379834,0.7559196030721489,0.6051806491215554,0.7662692831063596,0.8301664151622601,0.7482271056851193,0.7612358054587556,0.8466612205431244,0.840776557829423,0.7261453308804298,0.7518728560247557,0.7522979461074969,0.8152768263157206,0.7741652911056359
0.7626177453592173,0.782532341846025,0.7397918787153015,0.7564277807568414,1.0,0.7829396585137434,0.7555122701707513,0.7443028242099256,0.7631010775010667,0.7647280652407669,0.8070616744427477,0.7497973602553416,0.8115925102448684,0.7493340579890311,0.7542197563010153,0.761550670784834,0.7811924142152733,0.7855782365258855,0.7790905664454945,0.7519568811085426,0.7798430177378688,0.7768535446994947,0.7851546832065269,0.7803935513023965,0.7837584600671808,0.7740609466511188,0.7943798903402062,0.7382559162739855,0.7517289492549846,0.753366206572067,0.7394641374335981,0.8052130032167409,0.05201800992570227,0.7863660258997054,0.7672526234957181,0.7374449381624484,0.7450570662741896,0.7973770860324242,0.5697007144566104,0.7944801592669373,0.7557754857214473,0.7864358670129701,0.8015246041861064,0.7519308778374414,0.7516492035712687,0.7012249826915934,0.7915466978598313,0.7916703928268355,0.7456378237161174,0.7455558435937897
0.7594305575940383,0.831650487713694,0.7366613147875836,0.7422326646601496,0.7829396585137434,1.0,0.7700039317238786,0.7376507357129389,0.7469763155768576,0.747750155632907,0.7887734549118431,0.7478363982168041,0.7910788556476003,0.7421591606992969,0.7426659710659697,0.7728114049097288,0.794554029974555,0.7993007289800896,0.7817208599769734,0.7656738719714683,0.7915329808310119,0.795745058536936,0.7895280555130394,0.8048602738229595,0.8217070494833437,0.7998281058875033,0.7847032911071741,0.7367604238956769,0.7437799836199694,0.7410701200842695,0.7369073519154934,0.7830218781172851,0.049779542640023156,0.7866277147574715,0.8237827880647737,0.7377046179999793,0.7511656189485791,0.7846932399268558,0.5667903803276595,0.786123289457697,0.7301067375694407,0.816572955356569,0.7908406281162536,0.7473959639604207,0.7436940190884442,0.7014708151896478,0.8120546158330351,0.8127551890565549,0.7394792344630737,0.7363903086701382
0.7782964820597927,0.7910050513102972,0.7523774839107535,0.7556183455584351,0.7555122701707513,0.7700039317238786,1.0,0.7562673414913148,0.7783843714715695,0.7608441456558057,0.7785308704147187,0.7604238811884603,0.786316651651257,0.75036369153903,0.7531758662323108,0.8984111492442585,0.7454196763799508,0.8043876546417663,0.7968057607741555,0.9442262333807668,0.8043014054450301,0.7921643430835029,0.8108927874211656,0.7506246242263135,0.7526076494329124,0.7426082236521765,0.7938981306320166,0.7580005526815298,0.7719703147786685,0.776193390835245,0.7469303174161168,0.779918540645712,0.05831806800785733,0.7922886970705835,0.7673527255953951,0.7743052216066988,0.9112222310594722,0.7746136497378568,0.5677245599908116,0.7921623716233924,0.7431863878687635,0.7706222064414139,0.7887582238531401,0.762727960717284,0.7614183427983053,0.7283849848519404,0.7724756387320959,0.773272942303704,0.7556224677880518,0.7660753547870535
0.7683319678593309,0.7592538970652599,0.7449032220615457,0.8311356942056903,0.7443028242099256,0.7376507357129389,0.7562673414913148,1.0,0.7619342706699722,0.8311446669482049,0.7585211774502825,0.8296175278405256,0.7641666536355045,0.8153436146988305,0.820427082035783,0.7501084396354026,0.7230358530417529,0.7588168619816904,0.7552191373281824,0.7541792563504703,0.7571668266299258,0.7502464771995152,0.7644500721746431,0.7196788712754588,0.7199137883792615,0.7156915256168157,0.7653381438437581,0.8762640953876326,0.7770483632948524,0.7629300643852437,0.8074372626373818,0.7670437510804343,0.05077955126850353,0.7607380362351539,0.7294893892764847,0.8005325319483297,0.7479058332716169,0.7613219747173676,0.5944884195512028,0.7675204517693487,0.8128003397865021,0.7399397863347557,0.7592756161370394,0.878843547709117,0.8706393290545947,0.7253116338894732,0.739250246228849,0.7398272952961378,0.8124536889382081,0.7691771957739146
0.7998973525957963,0.7672572708436457,0.7661897463638473,0.765763551649383,0.7631010775010667,0.7469763155768576,0.7783843714715695,0.7619342706699722,1.0,0.7723458833838387,0.7696442694274068,0.7645578317979722,0.7776700991052812,0.758877029782709,0.7641756761079826,0.7791959139252003,0.7349500417996436,0.7665676351219124,0.7653481652226006,0.7761741637797179,0.7663772255335584,0.7641819744142248,0.7742161943376855,0.7366687641504315,0.7323259456003859,0.7296737940370331,0.7762320348986906,0.7590491225026101,0.7786144924691928,0.808146894373102,0.7491170373089295,0.7705733961369862,0.05563614428607988,0.7717557332556054,0.7400541277992552,0.7673034240086515,0.7673141827215818,0.7622519159787997,0.5724559862177879,0.7758867382205857,0.7577930282547243,0.7504122982755321,0.7719078483709918,0.7686656219526169,0.7662778297059859,0.7376939568519343,0.7582501917972679,0.7583708049542478,0.7583137564163072,0.7777640511283619
0.7762524599821863,0.7726541453248492,0.7471511621941778,0.840102232680849,0.7647280652407669,0.747750155632907,0.7608441456558057,0.8311446669482049,0.7723458833838387,1.0,0.7705544773456574,0.831498869887405,0.7782543842288017,0.8284207809739901,0.8287941681153767,0.7565252162648031,0.734880355669558,0.760796718568142,0.753543071147832,0.7584094536131248,0.7601844165919196,0.7493836136511767,0.7660385543034847,0.7343171042909926,0.7413306546864579,0.7331240954472538,0.7735434510804482,0.8310345600434473,0.7838647742263614,0.7693881982156927,0.8289298316773841,0.7686689815048882,0.05385806419472605,0.7659881988746805,0.741472276657855,0.8090734098564544,0.7500698244220189,0.7627427774278828,0.5982858381396434,0.7751733079580867,0.8322057084483004,0.7504450959158346,0.7625849470444284,0.8396036013135978,0.8389405352365933,0.7299635691917236,0.7584326077427788,0.7586784413402927,0.8253507628715351,0.7735160764009631
0.7863421935469771,0.8057158792523397,0.7586817834368185,0.763832281700746,0.8070616744427477,0.7887734549118431,0.7785308704147187,0.7585211774502825,0.7696442694274068,0.7705544773456574,1.0,0.765060876156699,0.8406636011087121,0.7594696832702015,0.7587920150089282,0.7716799826019394,0.7746688035927272,0.8258673015903701,0.7982055841288469,0.7726113518365283,0.8079235342219495,0.8080381034186536,0.8171446337206711,0.7827999095339457,0.7723381474449588,0.7784866105244526,0.8256344586931298,0.7562801785637031,0.7645182564688675,0.774465657702965,0.7515890275718582,0.7991157076512563,0.051811670915721364,0.8064323364288275,0.7873829210636858,0.7607798074699397,0.7557970265947698,0.8196020150772049,0.571352549598509,0.8380565252891236,0.7514246724180739,0.80696326546364,0.8285933339190642,0.7677099327355911,0.7606955651162143,0.7132400569008888,0.8122934934069581,0.8124856793833897,0.7580816134274989,0.7585719667977706
0.7735271279932964,0.7754796184303281,0.7522196151103833,0.8420617938987116,0.7497973602553416,0.7478363982168041,0.7604238811884603,0.8296175278405256,0.7645578317979722,0.831498869887405,0.765060876156699,1.0,0.7728188429164735,0.8337638380843413,0.8633879901766579,0.7513885105216507,0.7338981630155235,0.7611837887330589,0.7602644922041946,0.7568619071865961,0.7642701194475694,0.7539937311602832,0.7690333352044698,0.7343468491224474,0.7310149648181374,0.725761601066497,0.7697420746769146,0.829732688035744,0.7797442528026377,0.7695499908720679,0.8086258633213244,0.7676375049634374,0.04821263582682189,0.765087421090507,0.7431642316640077,0.8007658295575979,0.7474974479492897,0.7594476443093343,0.5953444359737295,0.7714631928313278,0.8118142661233998,0.7549937184708311,0.7634776791946603,0.8360569805939597,0.8314423126468831,0.7312380581872998,0.7569118929186167,0.7577252149328435,0.807300849433353,0.769429072622641
0.7860524406439174,0.8087955790144967,0.7645714580326468,0.7719087424162356,0.8115925102448684,0.7910788556476003,0.786316651651257,0.7641666536355045,0.7776700991052812,0.7782543842288017,0.8406636011087121,0.7728188429164735,1.0,0.7582880146670392,0.768376885075914,0.7847031719438349,0.7754019048362979,0.8335918190144115,0.813926224148666,0.7834568435208971,0.8273196643112664,0.8248590271376764,0.842562897054776,0.7803375966015959,0.7762808682884507,0.7749688602368232,0.8462514288488788,0.760136515880175,0.7753169139806267,0.7831852421658935,0.7571155166125565,0.8268920652465104,0.04931497190760836,0.8323338943936582,0.7929985767055335,0.7608989579897665,0.7710253590905736,0.8255575705105112,0.5758091710643847,0.8438403470575878,0.758934419242389,0.8007304688034128,0.8436348099244192,0.7703392753923,0.7638617672252863,0.7184693495777205,0.8047002692182332,0.8045378196990989,0.760999927993991,0.7712744853879369
0.763817787657237,0.7679635376133331,0.7414271796542694,0.8447406808330048,0.7493340579890311,0.7421591606992969,0.75036369153903,0.8153436146988305,0.758877029782709,0.8284207809739901,0.7594696832702015,0.8337638380843413,0.7582880146670392,1.0,0.8498623249559951,0.7413854080028652,0.7277415534283684,0.7544085593139834,0.7477853247658817,0.7481745183441981,0.7527483068376188,0.7425790633396999,0.758172846058992,0.7249157748095986,0.7327829745460082,0.7239845016379727,0.7608826289067165,0.8294907160130284,0.7697601590442789,0.7593390138297751,0.8191621789578141,0.7631445404157856,0.05087885836059236,0.7515575928695886,0.7376891333624495,0.7934930692882031,0.7378223691451313,0.7529378009807068,0.5884863064702228,0.7618056017937647,0.8191160108133841,0.7497043117295773,0.755641854548345,0.8327567488311913,0.8285498108067095,0.7246963480929202,0.7510846044865901,0.7514492962001996,0.8088541157603423,0.7646417683822812
0.7634385270415538,0.7639267807897041,0.7461733320094128,0.8571036574887045,0.7542197563010153,0.7426659710659697,0.7531758662323108,0.820427082035783,0.7641756761079826,0.8287941681153767,0.7587920150089282,0.8633879901766579,0.768376885075914,0.8498623249559951,1.0,0.7477562543741887,0.7290010383962316,0.7557122810739936,0.7472429724301071,0.7521822892802732,0.7580964091657458,0.7440579066837452,0.7596206317669463,0.7269216661316836,0.7329343109575033,0.7247629232105622,0.762351858543487,0.820182305271726,0.7699809252501223,0.7594662048218526,0.8214577119101694,0.768341161684393,0.05085586932675201,0.7572164951378949,0.7369652472436408,0.7954142023648146,0.7411623695585564,0.7551580558401927,0.5916041866530184,0.7625336505002982,0.8245771107899755,0.7478952116626951,0.7614363519799752,0.8269103142250327,0.8202597558413001,0.7293042894400489,0.7532889512294018,0.7537480246333836,0.7988703532438196,0.7684130124467269
0.7740558516505642,0.7855842319821759,0.7514043363640257,0.7493339097778723,0.761550670784834,0.7728114049097288,0.8984111492442585,0.7501084396354026,0.7791959139252003,0.7565252162648031,0.7716799826019394,0.7513885105216507,0.7847031719438349,0.7413854080028652,0.7477562543741887,1.0,0.7440882951529684,0.7913722687691259,0.7947360138263451,0.9048200726334923,0.7919808790460603,0.7978187024899548,0.7949680370885885,0.7473564522034492,0.7557375252302668,0.7502642174452034,0.7821249463180427,0.7506392143699078,0.7618857379184677,0.7733455775011174,0.7404334892418678,0.7755997487605908,0.05711203701535417,0.7866117548623807,0.764363529114537,0.7649849330894611,0.8845726645658756,0.7695951132684099,0.5666064538380118,0.7842405788766093,0.7414089619387223,0.7636243883263513,0.7833334115601001,0.7552962075586886,0.754572020130539,0.7235523782667679,0.7674762991099757,0.76785610920839,0.7525952515522587,0.7606748411278419
0.7467230969219385,0.803600441086634,0.7199980733012632,0.7295213339792035,0.7811924142152733,0.794554029974555,0.7454196763799508,0.7230358530417529,0.7349500417996436,0.734880355669558,0.7746688035927272,0.7338981630155235,0.7754019048362979,0.7277415534283684,0.7290010383962316,0.7440882951529684,1.0,0.777729919567911,0.7601175002861857,0.738191874637976,0.7637881998767,0.7636848940734371,0.7696114362770263,0.8349716151228082,0.8151744095752659,0.8089847430309302,0.7675318715824442,0.7186327116136574,0.7226879994633586,0.7238349721995272,0.7162048375413685,0.7802057684062851,0.04826475007118636,0.7641178576242039,0.8037066373514637,0.71672386702139,0.7317597974564412,0.7623148307289511,0.551619606495881,0.76338490612075,0.7208684729217286,0.8000688078281207,0.7697513498028362,0.7310663055121231,0.7307407177678733,0.6755878198810814,0.8027850210139271,0.8030139195080179,0.7190532904568405,0.7074069462426404
0.7806534986126112,0.8152788070413354,0.7629868014976742,0.762650587897779,0.7855782365258855,0.7993007289800896,0.8043876546417663,0.7588168619816904,0.7665676351219124,0.760796718568142,0.8258673015903701,0.7611837887330589,0.8335918190144115,0.7544085593139834,0.7557122810739936,0.7913722687691259,0.777729919567911,1.0,0.8337225828061312,0.8006560788770665,0.8468141795741131,0.8294923348864752,0.8488658655898856,0.7739166779884306,0.7755247127098099,0.7746260596335155,0.8383463050089657,0.7583799135302738,0.76676264675602,0.7684103360740041,0.7500135573564486,0.8107843043597402,0.050955232795037,0.8253909747652642,0.7963703879722758,0.7659498923210325,0.7835976157339419,0.8062626683670284,0.5667206855056945,0.8325323961341315,0.7445610388057822,0.8127695089234459,0.8293893759172927,0.7646118432562818,0.7588037449934298,0.7141653163355957,0.8110751403273393,0.8126833114108589,0.746597355426142,0.7563611888104111
0.7711343526260556,0.7936516053370506,0.7509193696367472,0.754263764650264,0.7790905664454945,0.7817208599769734,0.7968057607741555,0.7552191373281824,0.7653481652226006,0.753543071147832,0.7982055841288469,0.7602644922041946,0.813926224148666,0.7477853247658817,0.7472429724301071,0.7947360138263451,0.7601175002861857,0.8337225828061312,1.0,0.7945401087246826,0.828856243051477,0.8220316975945801,0.8309664758746307,0.7572920513020501,0.7625976172384421,0.7519586404243694,0.8218845689160594,0.751776429492641,0.7560532750694088,0.7678762745988794,0.7454531964771578,0.8034321392158322,0.05511923169692312,0.8138170508956128,0.7750004178737654,0.7594099964016501,0.7870105476134195,0.7920833756615071,0.5694266864065932,0.8151156374520618,0.7394523778789432,0.786671060965255,0.8111602410816958,0.7604644729092442,0.7557596082506859,0.7195176909863885,0.7864126449970001,0.7879019927820449,0.7462911045598521,0.7570597778059504
0.7749428015770545,0.7885510898056528,0.7530171422097687,0.7533492172234098,0.7519568811085426,0.7656738719714683,0.9442262333807668,0.7541792563504703,0.7761741637797179,0.7584094536131248,0.7726113518365283,0.7568619071865961,0.7834568435208971,0.7481745183441981,0.7521822892802732,0.9048200726334923,0.738191874637976,0.8006560788770665,0.7945401087246826,1.0,0.8036014463852987,0.7894064366374551,0.8078744123034265,0.7427744788160575,0.7488630415898703,0.7378830420996305,0.7922251045846874,0.7572378112737541,0.7713139673911453,0.7741749449074996,0.7469515929264691,0.7770018460681224,0.058498821180502314,0.7933157477246116,0.762272151783146,0.7724305106800744,0.9119842504329932,0.7745853328113494,0.5655800067747535,0.7926346253745638,0.7426136836835151,0.7670431790563464,0.7880255161259491,0.7610015558680796,0.7595299561905406,0.728404992290905,0.7683657549703584,0.7692573089963237,0.7567375367439214,0.76599315625075
0.7772063322454666,0.8033900325719311,0.7659592247859729,0.7617885257492567,0.7798430177378688,0.7915329808310119,0.8043014054450301,0.7571668266299258,0.7663772255335584,0.7601844165919196,0.8079235342219495,0.7642701194475694,0.8273196643112664,0.7527483068376188,0.7580964091657458,0.7919808790460603,0.7637881998767,0.8468141795741131,0.828856243051477,0.8036014463852987,1.0,0.822729681679247,0.8490386427299806,0.7651515809445746,0.7722861950266686,0.7665856753889428,0.8325326489853692,0.75987716909945,0.76640786863614,0.7708723592662466,0.7561026113316387,0.8162961258316217,0.05240425573243879,0.8305287728174031,0.7885194736647356,0.7731140206101875,0.7871544984783729,0.8052150382189961,0.5670871136465336,0.8315535328573112,0.7498787552945354,0.7938239293778637,0.8232837421981745,0.7657772994546067,0.7619841812371505,0.7260409206021973,0.7970143069647043,0.7979042068084438,0.7504895110269303,0.7649268146293263
0.7687047490948028,0.7944966450112918,0.7477901079191105,0.7503745466630997,0.7768535446994947,0.795745058536936,0.7921643430835029,0.7502464771995152,0.7641819744142248,0.7493836136511767,0.8080381034186536,0.7539937311602832,0.8248590271376764,0.7425790633396999,0.7440579066837452,0.7978187024899548,0.7636848940734371,0.8294923348864752,0.8220316975945801,0.7894064366374551,0.822729681679247,1.0,0.871986554301101,0.7577985485132369,0.7615581559973299,0.7611649060039527,0.8197213656141569,0.749264516255107,0.7537005071926671,0.7643349037197225,0.7375985080076988,0.8036332736007168,0.05217785485598947,0.8409305642521802,0.7738731969600128,0.7537895534056791,0.774931786831726,0.7979212328402244,0.5640746390705158,0.8180913361496223,0.7367353075457803,0.7843494294506321,0.8195797868647349,0.7569521875215255,0.7523042462892415,0.7152658395590734,0.7830628904685144,0.7839176688064076,0.7483653066998903,0.7537604720092423
0.780996877299861,0.8072786553241436,0.7635477967775671,0.7711385849947252,0.7851546832065269,0.7895280555130394,0.8108927874211656,0.7644500721746431,0.7742161943376855,0.7660385543034847,0.8171446337206711,0.7690333352044698,0.842562897054776,0.758172846058992,0.7596206317669463,0.7949680370885885,0.7696114362770263,0.8488658655898856,0.8309664758746307,0.8078744123034265,0.8490386427299806,0.871986554301101,1.0,0.7662915360099042,0.7683865843799698,0.7597203666459309,0.84896483478905,0.7672354643917981,0.7777618925104548,0.7741378770431213,0.756331326668146,0.8190704152819943,0.05062175888601739,0.858676942181808,0.7816839173457488,0.7720396107868576,0.7904033123259689,0.8167774782526908,0.5691438799947846,0.8377183950527884,0.7528147044237676,0.7944722513051636,0.8333454081671339,0.7737846952157974,0.769263261042175,0.7285508395648337,0.791041571408988,0.7926843442705922,0.7614004165694117,0.769992066686525
0.7485945893469701,0.8156664034961697,0.721921703952668,0.7302311691762494,0.7803935513023965,0.8048602738229595,0.7506246242263135,0.7196788712754588,0.7366687641504315,0.7343171042909926,0.7827999095339457,0.7343468491224474,0.7803375966015959,0.7249157748095986,0.7269216661316836,0.7473564522034492,0.8349716151228082,0.7739166779884306,0.7572920513020501,0.7427744788160575,0.7651515809445746,0.7577985485132369,0.7662915360099042,1.0,0.8258170608310207,0.8030509433144668,0.7712414825203162,0.7146624714966165,0.7212534308877756,0.7296713167742482,0.7117277141960698,0.7670755223298249,0.05007021781569376,0.7563001220331198,0.8289677833049298,0.7199587000099145,0.7351135753121338,0.756383128685901,0.5520697949102653,0.7600558725940606,0.7173062732745685,0.8091953868850645,0.7664078352446688,0.7283415092343251,0.7269584791138894,0.6722214188606533,0.7982549491498281,0.7982600434998068,0.7176351173548319,0.7059799566303216
0.7490583954907655,0.823031211529775,0.7236494026503872,0.7348453700180726,0.7837584600671808,0.8217070494833437,0.7526076494329124,0.7199137883792615,0.7323259456003859,0.7413306546864579,0.7723381474449588,0.7310149648181374,0.7762808682884507,0.7327829745460082,0.7329343109575033,0.7557375252302668,0.8151744095752659,0.7755247127098099,0.7625976172384421,0.7488630415898703,0.7722861950266686,0.7615581559973299,0.7683865843799698,0.8258170608310207,1.0,0.8136083701486427,0.7710031880937384,0.7170145496360946,0.7231183104832571,0.7288461626855718,0.7238656540986106,0.7827038510814393,0.048582766928782495,0.7645311486509151,0.8220607659136473,0.7258556925662094,0.7381145008952601,0.7720996267485585,0.5587149454400635,0.765902966161049,0.7269523344402544,0.8046967259828339,0.7728204579600234,0.7357376417694297,0.7350688358411434,0.6857954556324272,0.801431294591877,0.8020830154493439,0.7297463911590315,0.7113238612184738
0.7473192609150598,0.7962652853909625,0.7221884799202465,0.7248886231779477,0.7740609466511188,0.7998281058875033,0.7426082236521765,0.7156915256168157,0.7296737940370331,0.7331240954472538,0.7784866105244526,0.725761601066497,0.7749688602368232,0.7239845016379727,0.7247629232105622,0.7502642174452034,0.8089847430309302,0.7746260596335155,0.7519586404243694,0.7378830420996305,0.7665856753889428,0.7611649060039527,0.7597203666459309,0.8030509433144668,0.8136083701486427,1.0,0.7627178252474143,0.7116369917861551,0.7120469476948963,0.72544495644736,0.7191394934068782,0.7614268570040732,0.05177572372693906,0.7529585231592555,0.798838626383109,0.7168340093985677,0.728763006506483,0.7584478758660252,0.5539204392651618,0.7625663844212948,0.7208422309633458,0.7994926609479716,0.7659942910749908,0.729852907973633,0.7272856874794993,0.6718560711541508,0.797677030507032,0.7986008557384404,0.7177377164765316,0.7022095341331156
0.7811021854048638,0.809362854016702,0.7643024208382715,0.7682180434827024,0.7943798903402062,0.7847032911071741,0.7938981306320166,0.7653381438437581,0.7762320348986906,0.7735434510804482,0.8256344586931298,0.7697420746769146,0.8462514288488788,0.7608826289067165,0.762351858543487,0.7821249463180427,0.7675318715824442,0.8383463050089657,0.8218845689160594,0.7922251045846874,0.8325326489853692,0.8197213656141569,0.84896483478905,0.7712414825203162,0.7710031880937384,0.7627178252474143,1.0,0.7635575343042371,0.7784606785670469,0.7766541393445932,0.7611639531910446,0.8210972042186797,0.050920387506701026,0.8274552703312197,0.7841701651534754,0.769138221269852,0.7760408449466998,0.8431423480117949,0.5690641135117804,0.8484737489451162,0.7562499427903079,0.8013184748059824,0.8550109543101907,0.7721892471824178,0.7664577344525969,0.7226494935369756,0.7975612477544155,0.7987530255150344,0.762992698780131,0.768957447737194
0.7663750985455784,0.7639746498011172,0.7471115047664458,0.842898341733554,0.7382559162739855,0.7367604238956769,0.7580005526815298,0.8762640953876326,0.7590491225026101,0.8310345600434473,0.7562801785637031,0.829732688035744,0.760136515880175,0.8294907160130284,0.820182305271726,0.7506392143699078,0.7186327116136574,0.7583799135302738,0.751776429492641,0.7572378112737541,0.75987716909945,0.749264516255107,0.7672354643917981,0.7146624714966165,0.7170145496360946,0.7116369917861551,0.7635575343042371,1.0,0.7815143155331375,0.7627424071707046,0.8155851200899635,0.7649844695039609,0.05385266462768579,0.75950582470284,0.729209467164663,0.8029840626372322,0.748315773147415,0.7565123922769561,0.5918822781178296,0.7627982573524302,0.8121871693873324,0.7377525557570036,0.7548803764351193,0.9125668478719249,0.8988347981329189,0.7269635681447075,0.744208186052383,0.7448688569223181,0.8243294576319764,0.7700883914625875
0.7808718592126468,0.7639240878316492,0.7615075567745585,0.7790833613136703,0.7517289492549846,0.7437799836199694,0.7719703147786685,0.7770483632948524,0.7786144924691928,0.7838647742263614,0.7645182564688675,0.7797442528026377,0.7753169139806267,0.7697601590442789,0.7699809252501223,0.7618857379184677,0.7226879994633586,0.76676264675602,0.7560532750694088,0.7713139673911453,0.76640786863614,0.7537005071926671,0.7777618925104548,0.7212534308877756,0.7231183104832571,0.7120469476948963,0.7784606785670469,0.7815143155331375,1.0,0.7758302003940414,0.7701749465728395,0.7743226128716161,0.05059168278744952,0.7711382813782581,0.7283118750070596,0.7769329746030565,0.7563017760574889,0.7664193995057484,0.5757094654066159,0.7769493079347652,0.7598972782711723,0.742207159986433,0.7674342348015798,0.7805949604859178,0.7797494008571302,0.7505094061503956,0.7478235800233904,0.7487012018121297,0.7712794948669799,0.855209606480992
0.7935006460565304,0.7699690825641718,0.7613341448179994,0.7666794639843618,0.753366206572067,0.7410701200842695,0.776193390835245,0.7629300643852437,0.808146894373102,0.7693881982156927,0.774465657702965,0.7695499908720679,0.7831852421658935,0.7593390138297751,0.7594662048218526,0.7733455775011174,0.7238349721995272,0.7684103360740041,0.7678762745988794,0.7741749449074996,0.7708723592662466,0.7643349037197225,0.7741378770431213,0.7296713167742482,0.7288461626855718,0.72544495644736,0.7766541393445932,0.7627424071707046,0.7758302003940414,1.0,0.7474575783468652,0.7621184138013278,0.053511626296738,0.76589808785305,0.7421332268909733,0.7661399264683018,0.7665701909120429,0.7612038589802808,0.5734369195076516,0.7808414660401887,0.7528698177427071,0.7516491859318772,0.7696188391293473,0.7693231689632841,0.7648127678417229,0.7362719915089833,0.7583322105479459,0.7594975938613636,0.762022109460384,0.7765958260269692
0.7519949477913531,0.7529580957732899,0.7339712706752217,0.8240463120132199,0.7394641374335981,0.7369073519154934,0.7469303174161168,0.8074372626373818,0.7491170373089295,0.8289298316773841,0.7515890275718582,0.8086258633213244,0.7571155166125565,0.8191621789578141,0.8214577119101694,0.7404334892418678,0.7162048375413685,0.7500135573564486,0.7454531964771578,0.7469515929264691,0.7561026113316387,0.7375985080076988,0.756331326668146,0.7117277141960698,0.7238656540986106,0.7191394934068782,0.7611639531910446,0.8155851200899635,0.7701749465728395,0.7474575783468652,1.0,0.7559360339417346,0.052497651328853534,0.7545691459905494,0.7245025408413173,0.7896337463537286,0.7359276578109266,0.7466451475960754,0.5833158543363659,0.759803052258879,0.8474649699830977,0.73861943831256,0.7523963061018452,0.8190563974093177,0.8130220241962849,0.7184387067160871,0.744100776335645,0.7445730057654136,0.79813238927034,0.7609115213433993
0.7732529290394292,0.7952222252192058,0.7508706156360365,0.7713040729527723,0.8052130032167409,0.7830218781172851,0.779918540645712,0.7670437510804343,0.7705733961369862,0.7686689815048882,0.7991157076512563,0.7676375049634374,0.8268920652465104,0.7631445404157856,0.768341161684393,0.7755997487605908,0.7802057684062851,0.8107843043597402,0.8034321392158322,0.7770018460681224,0.8162961258316217,0.8036332736007168,0.8190704152819943,0.7670755223298249,0.7827038510814393,0.7614268570040732,0.8210972042186797,0.7649844695039609,0.7743226128716161,0.7621184138013278,0.7559360339417346,1.0,0.04989455688876354,0.8145455186508803,0.7684244138683263,0.7623162951988887,0.7703027857370396,0.8129406671094134,0.577684525964796,0.8203370614839806,0.7572899460316096,0.785146940682214,0.819817343612647,0.7734898399844411,0.7714395151105073,0.7246817233568676,0.7891408868817753,0.7888100229044008,0.7548707775114204,0.7665335214696662
0.0471526252281842,0.05052962767120195,0.0548427062040342,0.051609706193251115,0.05201800992570227,0.049779542640023156,0.05831806800785733,0.05077955126850353,0.05563614428607988,0.05385806419472605,0.051811670915721364,0.04821263582682189,0.04931497190760836,0.05087885836059236,0.05085586932675201,0.05711203701535417,0.04826475007118636,0.050955232795037,0.05511923169692312,0.058498821180502314,0.05240425573243879,0.05217785485598947,0.05062175888601739,0.05007021781569376,0.048582766928782495,0.05177572372693906,0.050920387506701026,0.05385266462768579,0.05059168278744952,0.053511626296738,0.052497651328853534,0.04989455688876354,1.0,0.04686288793422155,0.05371672020728191,0.05330732392051052,0.0540325921787711,0.05343387168982627,0.0435232181502585,0.04990967103417587,0.048427062165596,0.04863179620142799,0.054092113197586,0.05463935774003037,0.05515470187221827,0.04655415458340617,0.051940820648741726,0.05193150990849804,0.05123100310105044,0.0526832600311834
0.7775032964287725,0.7998620829741433,0.7590133519511083,0.7586414934872056,0.7863660258997054,0.7866277147574715,0.7922886970705835,0.7607380362351539,0.7717557332556054,0.7659881988746805,0.8064323364288275,0.765087421090507,0.8323338943936582,0.7515575928695886,0.7572164951378949,0.7866117548623807,0.7641178576242039,0.8253909747652642,0.8138170508956128,0.7933157477246116,0.8305287728174031,0.8409305642521802,0.858676942181808,0.7563001220331198,0.7645311486509151,0.7529585231592555,0.8274552703312197,0.75950582470284,0.7711382813782581,0.76589808785305,0.7545691459905494,0.8145455186508803,0.04686288793422155,1.0,0.7741853311566986,0.7747294387634577,0.7747306380483093,0.811164824772803,0.5731572105154992,0.8281022502702473,0.7520063355290232,0.7895853835575614,0.8330315239988457,0.7666458406978326,0.7655608362499998,0.7220402054786275,0.7884249920267254,0.7887807083895447,0.7601561868893557,0.7700984076715487
0.7536329131101683,0.8367659220112411,0.735380174197929,0.7354022640363816,0.7672526234957181,0.8237827880647737,0.7673527255953951,0.7294893892764847,0.7400541277992552,0.741472276657855,0.7873829210636858,0.7431642316640077,0.7929985767055335,0.7376891333624495,0.7369652472436408,0.764363529114537,0.8037066373514637,0.7963703879722758,0.7750004178737654,0.762272151783146,0.7885194736647356,0.7738731969600128,0.7816839173457488,0.8289677833049298,0.8220607659136473,0.798838626383109,0.7841701651534754,0.729209467164663,0.7283118750070596,0.7421332268909733,0.7245025408413173,0.7684244138683263,0.05371672020728191,0.7741853311566986,1.0,0.7343828313841847,0.7452717052190548,0.7696641516562972,0.5537635252789022,0.7817788001165139,0.7223050319351756,0.8142605030100118,0.7854817574820745,0.7373256917893141,0.7354396282934332,0.6804252470851949,0.8094607273435084,0.8094245427759321,0.7262431363404693,0.7183502381719109
0.7628329257036432,0.7625521655444913,0.7568572964900222,0.802853123308171,0.7374449381624484,0.7377046179999793,0.7743052216066988,0.8005325319483297,0.7673034240086515,0.8090734098564544,0.7607798074699397,0.8007658295575979,0.7608989579897665,0.7934930692882031,0.7954142023648146,0.7649849330894611,0.71672386702139,0.7659498923210325,0.7594099964016501,0.7724305106800744,0.7731140206101875,0.7537895534056791,0.7720396107868576,0.7199587000099145,0.7258556925662094,0.7168340093985677,0.769138221269852,0.8029840626372322,0.7769329746030565,0.7661399264683018,0.7896337463537286,0.7623162951988887,0.05330732392051052,0.7747294387634577,0.7343828313841847,1.0,0.7617006617806572,0.75274213763571,0.603746664139386,0.7733807687925754,0.7914435614628845,0.7447392071343826,0.7577296063027098,0.8134784636166239,0.8100334096993381,0.7200143062872734,0.7447820523416551,0.745296659089666,0.7999623779471655,0.7753319893819922
0.763814634527955,0.7711743474634379,0.7392097887831979,0.747102763379834,0.7450570662741896,0.7511656189485791,0.9112222310594722,0.7479058332716169,0.7673141827215818,0.7500698244220189,0.7557970265947698,0.7474974479492897,0.7710253590905736,0.7378223691451313,0.7411623695585564,0.8845726645658756,0.7317597974564412,0.7835976157339419,0.7870105476134195,0.9119842504329932,0.7871544984783729,0.774931786831726,0.7904033123259689,0.7351135753121338,0.7381145008952601,0.728763006506483,0.7760408449466998,0.748315773147415,0.7563017760574889,0.7665701909120429,0.7359276578109266,0.7703027857370396,0.0540325921787711,0.7747306380483093,0.7452717052190548,0.7617006617806572,1.0,0.7582742544572079,0.561662531767564,0.7725357342183339,0.7344345882872019,0.7522634604580558,0.7715713113276218,0.7535123671258266,0.7521866906227486,0.7166160663715846,0.7518136470499643,0.7527537281911142,0.7456065078583023,0.7521357132070441
0.7748868518580037,0.799668502105099,0.7523450949836962,0.7559196030721489,0.7973770860324242,0.7846932399268558,0.7746136497378568,0.7613219747173676,0.7622519159787997,0.7627427774278828,0.8196020150772049,0.7594476443093343,0.8255575705105112,0.7529378009807068,0.7551580558401927,0.7695951132684099,0.7623148307289511,0.8062626683670284,0.7920833756615071,0.7745853328113494,0.8052150382189961,0.7979212328402244,0.8167774782526908,0.756383128685901,0.7720996267485585,0.7584478758660252,0.8431423480117949,0.7565123922769561,0.7664193995057484,0.7612038589802808,0.7466451475960754,0.8129406671094134,0.05343387168982627,0.811164824772803,0.7696641516562972,0.75274213763571,0.7582742544572079,1.0,0.5704597238219724,0.8341934430889231,0.7446509604441738,0.7897178014553039,0.8542753377972085,0.7662167475382646,0.7615277201887077,0.7178324037470789,0.8002486295965197,0.8005118402464666,0.7610252293840344,0.7581095281198771
0.5983350502005298,0.5664988382382128,0.5539173908976536,0.6051806491215554,0.5697007144566104,0.5667903803276595,0.5677245599908116,0.5944884195512028,0.5724559862177879,0.5982858381396434,0.571352549598509,0.5953444359737295,0.5758091710643847,0.5884863064702228,0.5916041866530184,0.5666064538380118,0.551619606495881,0.5667206855056945,0.5694266864065932,0.5655800067747535,0.5670871136465336,0.5640746390705158,0.5691438799947846,0.5520697949102653,0.5587149454400635,0.5539204392651618,0.5690641135117804,0.5918822781178296,0.5757094654066159,0.5734369195076516,0.5833158543363659,0.577684525964796,0.0435232181502585,0.5731572105154992,0.5537635252789022,0.603746664139386,0.561662531767564,0.5704597238219724,1.0,0.5731422439830449,0.5896970886641268,0.5619193843222581,0.5665049706238323,0.6003851821798205,0.5989163407333511,0.545373053377038,0.561400663997998,0.5606786080616617,0.5928581371111163,0.5816010305276549
