../ecoli_genomes/GCF_000163235.1_ASM16323v1_genomic.fna.gz,../ecoli_genomes/GCF_000164555.1_ASM16455v1_genomic.fna.gz,../ecoli_genomes/GCF_000208545.1_ASM20854v2_genomic.fna.gz,../ecoli_genomes/GCF_000233875.1_ASM23387v1_genomic.fna.gz,../ecoli_genomes/GCF_000249735.1_ASM24973v2_genomic.fna.gz,../ecoli_genomes/GCF_000261145.1_Esch_coli_M919_V2_genomic.fna.gz,../ecoli_genomes/GCF_000267705.2_ASM26770v2_genomic.fna.gz,../ecoli_genomes/GCF_000350665.1_Esch_coli_KTE5_V1_genomic.fna.gz,../ecoli_genomes/GCF_000351625.1_Esch_coli_KTE66_V1_genomic.fna.gz,../ecoli_genomes/GCF_000352285.1_Esch_coli_KTE46_V1_genomic.fna.gz,../ecoli_genomes/GCF_000358895.1_ASM35889v1_genomic.fna.gz,../ecoli_genomes/GCF_000456385.1_Esch_coli_HVH_26_4-5703913_V1_genomic.fna.gz,../ecoli_genomes/GCF_000458195.1_Esch_coli_HVH_147_4-5893887_V1_genomic.fna.gz,../ecoli_genomes/GCF_000459755.1_Esch_coli_KOEGE_58_171a_V1_genomic.fna.gz,../ecoli_genomes/GCF_000460055.1_Esch_coli_UMEA_3053-1_V1_genomic.fna.gz,../ecoli_genomes/GCF_000462165.2_ASM46216v2_genomic.fna.gz,../ecoli_genomes/GCF_000601135.1_ASM60113v1_genomic.fna.gz,../ecoli_genomes/GCF_000614595.1_Ec2010EL1058_genomic.fna.gz,../ecoli_genomes/GCF_000617745.1_Ec2010C-4529_genomic.fna.gz,../ecoli_genomes/GCF_000618265.2_EcF6751_genomic.fna.gz,../ecoli_genomes/GCF_000619005.2_Ec2009C-4052_genomic.fna.gz,../ecoli_genomes/GCF_000619105.1_Ec2009C-4780_genomic.fna.gz,../ecoli_genomes/GCF_000619765.2_Ec2009C-3279_genomic.fna.gz,../ecoli_genomes/GCF_000687005.1_ASM68700v1_genomic.fna.gz,../ecoli_genomes/GCF_000687025.1_ASM68702v1_genomic.fna.gz,../ecoli_genomes/GCF_000700125.1_ASM70012v1_genomic.fna.gz,../ecoli_genomes/GCF_000753315.1_FHI35_genomic.fna.gz,../ecoli_genomes/GCF_000776375.1_ASM77637v1_genomic.fna.gz,../ecoli_genomes/GCF_000779395.1_ASM77939v1_genomic.fna.gz,../ecoli_genomes/GCF_000780315.1_ASM78031v1_genomic.fna.gz,../ecoli_genomes/GCF_000781995.1_ASM78199v1_genomic.fna.gz,../ecoli_genomes/GCF_000986765.1_ASM98676v1_genomic.fna.gz,../ecoli_genomes/GCF_001041375.1_ViralProj287958_genomic.fna.gz,../ecoli_genomes/GCF_001265335.1_302014_genomic.fna.gz,../ecoli_genomes/GCF_001265625.1_100854_genomic.fna.gz,../ecoli_genomes/GCF_001267345.1_303289_genomic.fna.gz,../ecoli_genomes/GCF_001309985.1_ASM130998v1_genomic.fna.gz,../ecoli_genomes/GCF_001521695.1_ASM152169v1_genomic.fna.gz,../ecoli_genomes/GCF_001592595.1_ASM159259v1_genomic.fna.gz,../ecoli_genomes/GCF_001614975.1_ASM161497v1_genomic.fna.gz,../ecoli_genomes/GCF_001692775.1_ASM169277v1_genomic.fna.gz,../ecoli_genomes/GCF_001748915.1_ASM174891v1_genomic.fna.gz,../ecoli_genomes/GCF_001749235.1_ASM174923v1_genomic.fna.gz,../ecoli_genomes/GCF_001881155.1_ASM188115v1_genomic.fna.gz,../ecoli_genomes/GCF_001881345.1_ASM188134v1_genomic.fna.gz,../ecoli_genomes/GCF_001892405.1_ASM189240v1_genomic.fna.gz,../ecoli_genomes/GCF_001892585.1_ASM189258v1_genomic.fna.gz,../ecoli_genomes/GCF_001893985.1_ASM189398v1_genomic.fna.gz,../ecoli_genomes/GCF_002001595.1_ASM200159v1_genomic.fna.gz,../ecoli_genomes/GCF_002002145.1_ASM200214v1_genomic.fna.gz
1.0,0.321258564077174,0.24997572600329598,0.28454500016822015,0.28939918123374,0.3169095390663986,0.29520822316965,0.28998884289010785,0.384332283256562,0.2931730487729617,0.3216182124850374,0.2923879340156018,0.3036515684449872,0.27714692990425116,0.26897942621662074,0.29809390527103796,0.2697701194510018,0.30522126731523713,0.2510806499735695,0.29761830561098124,0.29394764045616373,0.2849079949304264,0.3057390263522084,0.2907643296433301,0.28675585774591994,0.2737684406550881,0.30808424024435166,0.2841752593315111,0.3387646246590936,0.3851590255544427,0.2620588998171859,0.30273732585237867,0.0,0.3049550569950026,0.3110679175697725,0.2604925102149477,0.28732432066290803,0.3136785123452617,0.24852524001421938,0.3122651700856983,0.25882308115844577,0.3050664557422741,0.31267609954846465,0.2881522056443303,0.3009262228333004,0.3175517990237643,0.3102714963413957,0.30922702635789356,0.27390399142855315,0.34283158925101476
0.321258564077174,1.0,0.2343728505013315,0.27921984083575635,0.365110500165845,0.5480800961456815,0.3471304021782009,0.2809440269018243,0.29779662139434415,0.28593204593578303,0.42204652621810246,0.29022655363671557,0.40252771751816907,0.27753864683092255,0.2658479999598661,0.34680788273621566,0.34716036017729157,0.41281136477865654,0.3294014294228683,0.3506524271498477,0.39683800650169243,0.3781532838691637,0.4111808074772303,0.44716547351599734,0.42411745851658156,0.4046657164180416,0.4136549872627391,0.27723024605480806,0.31315006443838633,0.3110119006148794,0.26314413579364215,0.3809607500233674,0.0,0.4049300202495687,0.5593222467992758,0.2532207387553209,0.3311742964112284,0.4231472285457013,0.19073311317194996,0.4178994665572563,0.25899457824814587,0.46135091985346566,0.41606059980223675,0.2895789333084091,0.29058247867998244,0.2910201525187519,0.47142786164521355,0.4760954186375299,0.2858601170572991,0.3058641798373115
0.24997572600329598,0.2343728505013315,1.0,0.20332525754411757,0.19626944936700375,0.21755359682932351,0.21212268997354777,0.2108635941581044,0.242478396099308,0.2113762119374587,0.23170476660967,0.20481195109113715,0.21762426858134565,0.21013401511895013,0.1974882649217834,0.21217733973400155,0.1626255874188205,0.2214424607012988,0.17911624632291023,0.2148981424534817,0.21715362081768785,0.20603420034839193,0.22304949053677603,0.18008687183321714,0.17577443750701038,0.18665023856789842,0.22439747706723234,0.21239015934221395,0.2476944069014877,0.24883412639900138,0.19515810560130564,0.2050813986976171,0.0,0.22259627026164863,0.2165925570129339,0.20139426822472717,0.20331956859259526,0.22069317182793735,0.14794427734431115,0.22676076679577162,0.1943465941649576,0.21963677864339182,0.22760783277985974,0.21587666397434058,0.21112615746567487,0.23195841956095398,0.22378443077191756,0.22538169865457236,0.21374482996140487,0.24768892772802498
0.28454500016822015,0.27921984083575635,0.20332525754411757,1.0,0.305554144748298,0.2819928940176014,0.2556349506696065,0.5060020338068201,0.297434095215964,0.5374138532016574,0.27331585414658,0.5094099634162176,0.2915327465535822,0.5488710827087308,0.5746995198613518,0.27533883565085504,0.22740211537197452,0.26297912735215456,0.2143645634627629,0.2575343199145612,0.2568868244316169,0.24266179447701275,0.2700139372496444,0.25377277673437393,0.2527392615383772,0.25617304112838735,0.2693015549834812,0.5127970433257492,0.30661632401436467,0.2864762124214427,0.5126308980097133,0.29489146978676517,0.0,0.2598065487815595,0.26755562744709904,0.3921397039108353,0.26429878756688796,0.2667542733642295,0.3369862861134838,0.2606173882113325,0.526096698615288,0.26478235458406085,0.2672783817661175,0.5193240724230215,0.513568834660082,0.29248038600680326,0.2639549617068364,0.26451781266178065,0.45007789859015435,0.3079222132788335
0.28939918123374,0.365110500165845,0.19626944936700375,0.305554144748298,1.0,0.39917608198839183,0.3046855541638366,0.2851228028417714,0.3245486236834526,0.3063570661843621,0.4849938517196922,0.259463468502073,0.4671164787736096,0.2768755381059085,0.3138006432431092,0.3478888123624948,0.35854240228207535,0.3869047060238283,0.3145767158241227,0.3080356909806069,0.39313410284456574,0.3683531745475127,0.40000711153943447,0.39794260378786095,0.3791994523609187,0.38633858799082754,0.41200298296057014,0.2409683988090815,0.2842330851160839,0.3109232546807329,0.2893240209331792,0.4588278955932502,0.0,0.40403569710484577,0.37877071295011455,0.22896628630068405,0.3305378767052509,0.4238455068811454,0.2035657665027556,0.41212633109018004,0.2982920307874891,0.38050741957898593,0.42067530925313024,0.26283427398803894,0.2661830403081771,0.25861855907992426,0.3876581380938041,0.3913255322816196,0.24863688456225708,0.2807168865236337
0.3169095390663986,0.5480800961456815,0.21755359682932351,0.2819928940176014,0.39917608198839183,1.0,0.3559446428708951,0.2937053345519395,0.3043191554110195,0.28242546745581587,0.4183883030513037,0.27387721868590553,0.4076476669327429,0.2777603045590157,0.2780387263997536,0.35907977034471616,0.3700922323190192,0.4176404555686647,0.33378878963288916,0.3579361824334004,0.3909877535032411,0.37545629840411276,0.4140809209316585,0.4717398377558242,0.44996950344110764,0.4063953755120344,0.406440766809534,0.2694654011341696,0.3072524910855946,0.3025976993199989,0.26526936217188457,0.39891604414696535,0.0,0.41780343961261446,0.5590021394612223,0.2631939785206663,0.3514015753874584,0.4173395729005118,0.22541668968016626,0.409673420837925,0.2659560118035731,0.4702687490723009,0.41247256423714107,0.2770928241523033,0.27794400708992884,0.2830632681320385,0.47457662352070407,0.47826124855181895,0.27246554450179994,0.31041309539024464
0.29520822316965,0.3471304021782009,0.21212268997354777,0.2556349506696065,0.3046855541638366,0.3559446428708951,1.0,0.2560748714832778,0.29343886587545,0.2520641349632866,0.3614506910780486,0.25000306941790307,0.34567578626597495,0.2531644356614481,0.24348470420717006,0.7396041385861232,0.2526604228038296,0.38565536701449854,0.3065775967840463,0.8598299320829978,0.38175830031812896,0.34798312894888905,0.38858398298740127,0.28839639240904547,0.2713716695302798,0.2931142470009931,0.35984739077198025,0.24949023209402243,0.28805083014234967,0.29454348958727616,0.23725110011345274,0.3232000184924708,0.0,0.356688463339352,0.35833742272030766,0.252324912693353,0.7969727534924054,0.3423970252303786,0.18742539599187658,0.3572896374089186,0.23320597402534649,0.3466171046781279,0.3565851777453708,0.2534396885460418,0.2543030881504491,0.26699614205795097,0.3430232074099647,0.34547330863232406,0.24812502486198973,0.29101475399099996
0.28998884289010785,0.2809440269018243,0.2108635941581044,0.5060020338068201,0.2851228028417714,0.2937053345519395,0.2560748714832778,1.0,0.2881228383461608,0.5029611321087136,0.2711140419968747,0.4832652537550507,0.2829203429407626,0.4933936721723925,0.4823837086953504,0.2704289724937534,0.23163446444538427,0.2631995469510392,0.2206430667810675,0.2571105586348238,0.2574923287667301,0.24624884300273042,0.2663489144100112,0.2660629451375781,0.2521473761503997,0.2532677381549101,0.2732090464200364,0.6780034567964134,0.31095834995748106,0.2835288594232285,0.4756163357174832,0.28044549782233585,0.0,0.2675805638257429,0.2713011940891934,0.381090371821979,0.2585597678076921,0.2858568316223983,0.3246107031717739,0.26801794852840244,0.4798112658764485,0.26872315133211777,0.27216660629833944,0.6889895753910839,0.66616049231598,0.29502061014243075,0.26480141076449826,0.2665356439873303,0.440890030670681,0.31090948447099176
0.384332283256562,0.29779662139434415,0.242478396099308,0.297434095215964,0.3245486236834526,0.3043191554110195,0.29343886587545,0.2881228383461608,1.0,0.30209746665350756,0.3095783372761567,0.26746774779510696,0.327778105774131,0.28211730011403546,0.2956870850607095,0.3184941350269782,0.2348101119401309,0.29706160739802334,0.2382598294065028,0.29764375511656727,0.2925627133241534,0.27609070923337675,0.2978134731684998,0.2677617982572488,0.26261894730528246,0.282427743906594,0.3067604297593983,0.263574631611908,0.3289491781578294,0.42047628072982624,0.2831654452333331,0.30062544833513016,0.0,0.2954332592249591,0.29797319885499796,0.26273381441275256,0.3009298426993281,0.29239308961360055,0.20251500680502033,0.3052281904261631,0.28119453961952134,0.2997427574374898,0.30687969605484255,0.2754802010305766,0.27134145873251236,0.309480840562124,0.2949946155652544,0.29734241754488966,0.26463644352441773,0.3379110610730265
0.2931730487729617,0.28593204593578303,0.2113762119374587,0.5374138532016574,0.3063570661843621,0.28242546745581587,0.2520641349632866,0.5029611321087136,0.30209746665350756,1.0,0.282588782397614,0.48289209822492685,0.2968992478235837,0.5144283260206641,0.5242321236186822,0.2698345738504412,0.21680704758601654,0.26589164755984984,0.2170047190870854,0.2551290702818022,0.25781420283713685,0.2467540769710007,0.26583159473632745,0.2450304700537751,0.24515588196790372,0.25503718003116416,0.27375275814493705,0.4887596949618773,0.3123738437168312,0.2895566975435264,0.5262559181561184,0.28206878193891494,0.0,0.26358407042288856,0.26830592737594383,0.3953474213070608,0.2584421811113369,0.2715672259352111,0.3292326972665094,0.27115332633447564,0.526021687306214,0.2681456290159744,0.27321326558927606,0.5026472308986476,0.502006713573357,0.2960874600092184,0.2653897516338025,0.2671329880785207,0.4626146401430907,0.3056589727811321
0.3216182124850374,0.42204652621810246,0.23170476660967,0.27331585414658,0.4849938517196922,0.4183883030513037,0.3614506910780486,0.2711140419968747,0.3095783372761567,0.282588782397614,1.0,0.26798493156153336,0.5175070397494353,0.276632922746032,0.2660346280169783,0.3682020151318225,0.3051486093519282,0.4883023772382995,0.4024520191637697,0.36648217866245125,0.4788618334219751,0.476884308905805,0.49632857532851626,0.3495477755456776,0.31820088316060846,0.35714246079076284,0.5071237105885601,0.2662801630764342,0.3133028862937238,0.3190350731406739,0.2635071126560019,0.44464682175537573,0.0,0.48277819633346974,0.4263977976311599,0.26290847519234317,0.35166446578482524,0.485788848606289,0.1992028695240986,0.5196912783498489,0.25765160738353277,0.43907242444865147,0.5082404363742123,0.2745545867522263,0.27442399526182326,0.2932039264430032,0.4373354203315909,0.4393222538862528,0.2770666526084087,0.3174371319554131
0.2923879340156018,0.29022655363671557,0.20481195109113715,0.5094099634162176,0.259463468502073,0.27387721868590553,0.25000306941790307,0.4832652537550507,0.26746774779510696,0.48289209822492685,0.26798493156153336,1.0,0.26795376924427083,0.503594428177967,0.5948075555728717,0.2570713650630648,0.22736864486506791,0.25694910504860025,0.21549605191919186,0.2509515856202824,0.2554189227273579,0.2408171518897122,0.2596557633715312,0.2606640441835947,0.24625875836775502,0.23993471343842354,0.26499958246972544,0.48571206186042104,0.31424531479589335,0.2768041951883943,0.4439477455708333,0.2662505288836029,0.0,0.2598262448689672,0.2698017538336379,0.3759502582967552,0.24766388127727712,0.2718161829718282,0.34012584917332744,0.26275838569147447,0.4530109941492566,0.256786912357563,0.2660025376606764,0.4925306375213051,0.49025708635377596,0.2952213590029853,0.2665397013253916,0.265963160598089,0.4289071149242927,0.3023050995225759
0.3036515684449872,0.40252771751816907,0.21762426858134565,0.2915327465535822,0.4671164787736096,0.4076476669327429,0.34567578626597495,0.2829203429407626,0.327778105774131,0.2968992478235837,0.5175070397494353,0.26795376924427083,1.0,0.2742783210668752,0.29215505666379926,0.3691228867212848,0.30341263724660794,0.47547200747543983,0.4888069547653018,0.3497926763912742,0.4916187471029756,0.547021352608893,0.5373331909229677,0.34950140133660945,0.32868576222824275,0.36535153832782274,0.5247017205852742,0.2596834551918069,0.2993511452785189,0.3259484406267026,0.2745550382692973,0.5192903376421891,0.0,0.5201941794424614,0.4062554424326802,0.24713418880659743,0.352469838503187,0.4958581877765308,0.1944579685407738,0.5281555378129537,0.27755714184354274,0.41080947064837936,0.5165288291371724,0.269088083440179,0.2664470157046317,0.2769775920013672,0.4111238139133948,0.4137157816922753,0.26360769588643684,0.3045267815388105
0.27714692990425116,0.27753864683092255,0.21013401511895013,0.5488710827087308,0.2768755381059085,0.2777603045590157,0.2531644356614481,0.4933936721723925,0.28211730011403546,0.5144283260206641,0.276632922746032,0.503594428177967,0.2742783210668752,1.0,0.5468595158489722,0.2604427637922415,0.20660460603218533,0.2640786953409221,0.21432486784248816,0.2563759271830356,0.25443428190022865,0.24281541400034012,0.26405903447727497,0.23072574985029115,0.22479673855105586,0.239358247003309,0.2715132370545926,0.5160228886015031,0.3130111248611185,0.27722777081830163,0.498235166358606,0.2651742642556042,0.0,0.25673224640191816,0.2654006595801637,0.39902999927633853,0.25237970861872216,0.2724783432633595,0.3212163617115804,0.26403968843728254,0.5015236329540456,0.2655168747047747,0.27019946437917153,0.515791970276217,0.5093127833562163,0.2991443917745715,0.26547945344635326,0.26735832786296665,0.4562312141817221,0.3099911594283079
0.26897942621662074,0.2658479999598661,0.1974882649217834,0.5746995198613518,0.3138006432431092,0.2780387263997536,0.24348470420717006,0.4823837086953504,0.2956870850607095,0.5242321236186822,0.2660346280169783,0.5948075555728717,0.29215505666379926,0.5468595158489722,1.0,0.26755602884245355,0.22134611240962976,0.25284297544866996,0.2047253203674434,0.24609072226261608,0.24834944624018962,0.23411864199414545,0.25709855064557263,0.24604563701959437,0.24279939400635275,0.2541009869568809,0.26355588104527805,0.4720219046325177,0.2981132337165451,0.2812076595184946,0.5074150568095552,0.28558802612971734,0.0,0.2512150846052196,0.2622339039466036,0.38192763287750575,0.2556097290581547,0.2616623881106369,0.32301566777674484,0.25599115132932126,0.5175874630866248,0.2598470957685428,0.2630957371393253,0.48275352264345395,0.4756550283708576,0.2905896303663088,0.26234466950255,0.2640592467140144,0.4373031473469745,0.30854132094896325
0.29809390527103796,0.34680788273621566,0.21217733973400155,0.27533883565085504,0.3478888123624948,0.35907977034471616,0.7396041385861232,0.2704289724937534,0.3184941350269782,0.2698345738504412,0.3682020151318225,0.2570713650630648,0.3691228867212848,0.2604427637922415,0.26755602884245355,1.0,0.2684099494011639,0.37028906170465836,0.3013645484908085,0.7581296356426379,0.3597510272728265,0.344671912084789,0.3746372492831016,0.306739649830051,0.29660032594815333,0.31558742501370196,0.357053886388912,0.25049278372182304,0.2861234342301987,0.3152411018097129,0.2603077282101386,0.3408389986592709,0.0,0.3548819924562775,0.3594453720627667,0.25210217672116675,0.7329078460967026,0.34126768208902736,0.1888871758643177,0.3546568113246984,0.256122355364252,0.34601184731932333,0.3532529375377854,0.25876971950800043,0.2587246680560136,0.2674163493008098,0.34505845106939426,0.34738385658481674,0.2521320891359923,0.2917173533126258
0.2697701194510018,0.34716036017729157,0.1626255874188205,0.22740211537197452,0.35854240228207535,0.3700922323190192,0.2526604228038296,0.23163446444538427,0.2348101119401309,0.21680704758601654,0.3051486093519282,0.22736864486506791,0.30341263724660794,0.20660460603218533,0.22134611240962976,0.2684099494011639,1.0,0.29100967024785485,0.2386656530052388,0.2539528721621941,0.2844913880149439,0.2780866786893702,0.29664558065096613,0.57358301129177,0.5584590442086397,0.42929757759597376,0.29221603931833606,0.20563582234550248,0.23979724702453753,0.23351618746796743,0.2088831478947225,0.41488143903756014,0.0,0.3122334296139795,0.38081075569382217,0.19049055215155564,0.2585208477491763,0.31158499459201894,0.2944445289481532,0.3125778792357947,0.2048895854358308,0.3286000550075868,0.2949073270983745,0.23010957456058745,0.23557809216471526,0.21533428668725352,0.3803700702327094,0.3605699379444063,0.19733426737300264,0.2402475052189612
0.30522126731523713,0.41281136477865654,0.2214424607012988,0.26297912735215456,0.3869047060238283,0.4176404555686647,0.38565536701449854,0.2631995469510392,0.29706160739802334,0.26589164755984984,0.4883023772382995,0.25694910504860025,0.47547200747543983,0.2640786953409221,0.25284297544866996,0.37028906170465836,0.29100967024785485,1.0,0.4336446617939409,0.38692448470934804,0.5059823505756944,0.4789561843158322,0.5248608580584087,0.3336846506307529,0.3022614455740237,0.34244958058671915,0.4983100268380456,0.2590691942116292,0.30291476053301203,0.3088449618363722,0.24627803105152724,0.43043741411711944,0.0,0.4810914620818919,0.4142177441217385,0.26418564719622284,0.3723181111038356,0.4618565016111188,0.19210379764202967,0.4963310084946838,0.24146992940724687,0.417650174424972,0.4852935531599708,0.26042040902300023,0.26064640641713255,0.2816471274880682,0.4208573594079523,0.4238449273559649,0.2586047151069255,0.30605930273420723
0.2510806499735695,0.3294014294228683,0.17911624632291023,0.2143645634627629,0.3145767158241227,0.33378878963288916,0.3065775967840463,0.2206430667810675,0.2382598294065028,0.2170047190870854,0.4024520191637697,0.21549605191919186,0.4888069547653018,0.21432486784248816,0.2047253203674434,0.3013645484908085,0.2386656530052388,0.4336446617939409,1.0,0.3072321033726845,0.41832763439802745,0.5150476898579648,0.42556048607223385,0.271431669948593,0.2557878183707032,0.2715692045338841,0.4077494613270114,0.21144793612231672,0.24316912022092618,0.24856040870319707,0.20667742900188746,0.430415351458734,0.0,0.3951452385448232,0.3381354281084593,0.21213943873233887,0.2968361059451762,0.38482318685288397,0.16111583333616875,0.4116230550702783,0.20015721460047908,0.3339727285681482,0.4028616192389918,0.22067678337683128,0.21777154938534227,0.23107741387022063,0.3349923400776138,0.3376853679541091,0.21347884435951459,0.24902779549151932
0.29761830561098124,0.3506524271498477,0.2148981424534817,0.2575343199145612,0.3080356909806069,0.3579361824334004,0.8598299320829978,0.2571105586348238,0.29764375511656727,0.2551290702818022,0.36648217866245125,0.2509515856202824,0.3497926763912742,0.2563759271830356,0.24609072226261608,0.7581296356426379,0.2539528721621941,0.38692448470934804,0.3072321033726845,1.0,0.3826035562755523,0.3497436735671522,0.3901308165667893,0.28812896451247005,0.27391049846908677,0.2950605066950692,0.36384833228760805,0.25227944134455027,0.2906693214801227,0.29915643447926754,0.23999898636720907,0.326202832223459,0.0,0.35875504504052236,0.3601597975942148,0.2534382348610985,0.8053112656338495,0.34683156718648267,0.1877175609098073,0.3626989376311297,0.23590828357233173,0.34977753279432156,0.36112359167581776,0.2550052332099575,0.25466459260439267,0.270615875716529,0.3475938038538551,0.35008492848295636,0.2516370038952589,0.2943607684378958
0.29394764045616373,0.39683800650169243,0.21715362081768785,0.2568868244316169,0.39313410284456574,0.3909877535032411,0.38175830031812896,0.2574923287667301,0.2925627133241534,0.25781420283713685,0.4788618334219751,0.2554189227273579,0.4916187471029756,0.25443428190022865,0.24834944624018962,0.3597510272728265,0.2844913880149439,0.5059823505756944,0.41832763439802745,0.3826035562755523,1.0,0.49013376081345794,0.540813303854047,0.32249874060215244,0.29644240576986347,0.33887962222545664,0.507766175914182,0.25612241458947715,0.29217004329674245,0.30454178438526813,0.2426373903258252,0.4422680627860742,0.0,0.5055656983930856,0.40450584959471747,0.25453062548996563,0.3640252307224344,0.4785644667095075,0.18967237907560164,0.5129393918254932,0.24019503046139956,0.391220399784012,0.49883422779986586,0.25811257156134926,0.26023613586152194,0.28046278912934386,0.4134679581941897,0.4165389631942805,0.25355828837856687,0.29351500133652497
0.2849079949304264,0.3781532838691637,0.20603420034839193,0.24266179447701275,0.3683531745475127,0.37545629840411276,0.34798312894888905,0.24624884300273042,0.27609070923337675,0.2467540769710007,0.476884308905805,0.2408171518897122,0.547021352608893,0.24281541400034012,0.23411864199414545,0.344671912084789,0.2780866786893702,0.4789561843158322,0.5150476898579648,0.3497436735671522,0.49013376081345794,1.0,0.6718780488835517,0.3093918322977638,0.2930316329973086,0.31408756799976423,0.490477552821737,0.23882144867958843,0.2758347781027227,0.2849229986138593,0.2334018139627917,0.46407320508201266,0.0,0.5984512004000135,0.3862954220908573,0.23743539050778806,0.33458296190225156,0.4596472340088166,0.18231863655445846,0.4941254470255504,0.22728215639400684,0.379441257376402,0.4820353866297806,0.24869989490558175,0.24457269378702062,0.2647322880093045,0.3827359794366124,0.3853681708105513,0.24380069835399143,0.28324435728197694
0.3057390263522084,0.4111808074772303,0.22304949053677603,0.2700139372496444,0.40000711153943447,0.4140809209316585,0.38858398298740127,0.2663489144100112,0.2978134731684998,0.26583159473632745,0.49632857532851626,0.2596557633715312,0.5373331909229677,0.26405903447727497,0.25709855064557263,0.3746372492831016,0.29664558065096613,0.5248608580584087,0.42556048607223385,0.3901308165667893,0.540813303854047,0.6718780488835517,1.0,0.33081109190225033,0.31037590610400323,0.33776919678541584,0.5324435974495796,0.2627687106739628,0.3024109870017567,0.30464783185998334,0.2523327202866569,0.4677759290388537,0.0,0.6387528823404328,0.4114081576399983,0.2582520040040118,0.37609024385322387,0.49551525576771416,0.19337672502737502,0.5269496926649014,0.24832214108124206,0.4046424225673443,0.5135205023510316,0.26561298450126747,0.264775341312234,0.28109001432363123,0.41035255873899745,0.4141623184924842,0.26219294453869535,0.30138658887504066
0.2907643296433301,0.44716547351599734,0.18008687183321714,0.25377277673437393,0.39794260378786095,0.4717398377558242,0.28839639240904547,0.2660629451375781,0.2677617982572488,0.2450304700537751,0.3495477755456776,0.2606640441835947,0.34950140133660945,0.23072574985029115,0.24604563701959437,0.306739649830051,0.57358301129177,0.3336846506307529,0.271431669948593,0.28812896451247005,0.32249874060215244,0.3093918322977638,0.33081109190225033,1.0,0.5934777320914106,0.43751128688470675,0.3380197098370106,0.2233729304845089,0.2628915289885847,0.2683249050552846,0.2353561892802678,0.41385208554150277,0.0,0.3472705778012194,0.48766887305569473,0.21293646584841752,0.2904388769803453,0.34279680607923846,0.25810787379386346,0.34724797712032296,0.2341648425063736,0.38443412058036464,0.3352247223647684,0.2533742541534386,0.2534163854652538,0.23991448911157398,0.40851718615415544,0.3984429250013539,0.22209924844053974,0.26322963108135244
0.28675585774591994,0.42411745851658156,0.17577443750701038,0.2527392615383772,0.3791994523609187,0.44996950344110764,0.2713716695302798,0.2521473761503997,0.26261894730528246,0.24515588196790372,0.31820088316060846,0.24625875836775502,0.32868576222824275,0.22479673855105586,0.24279939400635275,0.29660032594815333,0.5584590442086397,0.3022614455740237,0.2557878183707032,0.27391049846908677,0.29644240576986347,0.2930316329973086,0.31037590610400323,0.5934777320914106,1.0,0.4473108330531257,0.3105771238792032,0.21352017973879345,0.24199289766013476,0.25285075436543425,0.2309928623542966,0.42579770531683214,0.0,0.3204853504830728,0.4589289178808901,0.19566288092482753,0.28213868801821196,0.32981686173727387,0.28816624901943333,0.321832221319023,0.2282932881425601,0.35333272337587984,0.31236827575654147,0.2508099310316857,0.2471718969690586,0.23169332666574816,0.38938638639436773,0.37306763279966515,0.22111606276727147,0.24715104964958856
0.2737684406550881,0.4046657164180416,0.18665023856789842,0.25617304112838735,0.38633858799082754,0.4063953755120344,0.2931142470009931,0.2532677381549101,0.282427743906594,0.25503718003116416,0.35714246079076284,0.23993471343842354,0.36535153832782274,0.239358247003309,0.2541009869568809,0.31558742501370196,0.42929757759597376,0.34244958058671915,0.2715692045338841,0.2950605066950692,0.33887962222545664,0.31408756799976423,0.33776919678541584,0.43751128688470675,0.4473108330531257,1.0,0.3437962867886346,0.22171197724166558,0.2541142292594797,0.27486542480616927,0.2439924803091592,0.3796754804241428,0.0,0.3421126384626868,0.4185327101611911,0.21775227352028093,0.30336780472010405,0.3520958201037331,0.21510421944550095,0.3572223921856832,0.24126050525725018,0.3912985836735269,0.3395644796762506,0.24957426087401213,0.24624979231752353,0.24164586229983787,0.4062412458936573,0.4036259204615136,0.23386544521941688,0.26366388894257753
0.30808424024435166,0.4136549872627391,0.22439747706723234,0.2693015549834812,0.41200298296057014,0.406440766809534,0.35984739077198025,0.2732090464200364,0.3067604297593983,0.27375275814493705,0.5071237105885601,0.26499958246972544,0.5247017205852742,0.2715132370545926,0.26355588104527805,0.357053886388912,0.29221603931833606,0.4983100268380456,0.4077494613270114,0.36384833228760805,0.507766175914182,0.490477552821737,0.5324435974495796,0.3380197098370106,0.3105771238792032,0.3437962867886346,1.0,0.26204815497558787,0.3077124175423691,0.31258161269131524,0.25788020051583505,0.46342650353423365,0.0,0.5083312129606143,0.41486072777629346,0.254565102094525,0.34658063807770634,0.5896731664920266,0.1913572828133001,0.5501399607448096,0.2549023599964303,0.4135870597685972,0.6204364237482389,0.272708363248907,0.2661521160633997,0.28973361718513524,0.41376031907663446,0.41699987606791944,0.26958977749912116,0.3087816306769573
0.2841752593315111,0.27723024605480806,0.21239015934221395,0.5127970433257492,0.2409683988090815,0.2694654011341696,0.24949023209402243,0.6780034567964134,0.263574631611908,0.4887596949618773,0.2662801630764342,0.48571206186042104,0.2596834551918069,0.5160228886015031,0.4720219046325177,0.25049278372182304,0.20563582234550248,0.2590691942116292,0.21144793612231672,0.25227944134455027,0.25612241458947715,0.23882144867958843,0.2627687106739628,0.2233729304845089,0.21352017973879345,0.22171197724166558,0.26204815497558787,1.0,0.31068189450790884,0.2686827796628871,0.45991487788402285,0.2598340988149398,0.0,0.2574703861997111,0.2575926549372941,0.3814857752662424,0.24479057207799204,0.27607803726123625,0.3228079287252451,0.25758941963169424,0.4615269215266464,0.2598767856197911,0.26145819699075645,0.7710855060111315,0.7440543842941315,0.28904952563075115,0.2614395467275369,0.26145307232513426,0.4519388540345949,0.2987653628032504
0.3387646246590936,0.31315006443838633,0.2476944069014877,0.30661632401436467,0.2842330851160839,0.3072524910855946,0.28805083014234967,0.31095834995748106,0.3289491781578294,0.3123738437168312,0.3133028862937238,0.31424531479589335,0.2993511452785189,0.3130111248611185,0.2981132337165451,0.2861234342301987,0.23979724702453753,0.30291476053301203,0.24316912022092618,0.2906693214801227,0.29217004329674245,0.2758347781027227,0.3024109870017567,0.2628915289885847,0.24199289766013476,0.2541142292594797,0.3077124175423691,0.31068189450790884,1.0,0.327019843561404,0.2941078327924146,0.2896714356404809,0.0,0.3013767141558351,0.29673254689897566,0.2901778802736632,0.27841067629116856,0.30756627523214397,0.21827533427630275,0.3064809082925053,0.2847969735871698,0.28946668446049206,0.303105107641631,0.30820318599873087,0.31051537908061033,0.3923290298209149,0.29850178586331466,0.2997906164079809,0.3006167449574271,0.6151532140331352
0.3851590255544427,0.3110119006148794,0.24883412639900138,0.2864762124214427,0.3109232546807329,0.3025976993199989,0.29454348958727616,0.2835288594232285,0.42047628072982624,0.2895566975435264,0.3190350731406739,0.2768041951883943,0.3259484406267026,0.27722777081830163,0.2812076595184946,0.3152411018097129,0.23351618746796743,0.3088449618363722,0.24856040870319707,0.29915643447926754,0.30454178438526813,0.2849229986138593,0.30464783185998334,0.2683249050552846,0.25285075436543425,0.27486542480616927,0.31258161269131524,0.2686827796628871,0.327019843561404,1.0,0.2733900261647312,0.29449175575134123,0.0,0.29901506714713066,0.3041693533206118,0.2585275858163586,0.29374317791142357,0.3018878888303863,0.19748209374343972,0.322086003101847,0.2735331126148557,0.3014345315536716,0.3135118570353097,0.27898751074291783,0.2760677483013043,0.3246819232452659,0.307177905654091,0.3094902420929516,0.2670186956488476,0.3373766371898662
0.2620588998171859,0.26314413579364215,0.19515810560130564,0.5126308980097133,0.2893240209331792,0.26526936217188457,0.23725110011345274,0.4756163357174832,0.2831654452333331,0.5262559181561184,0.2635071126560019,0.4439477455708333,0.2745550382692973,0.498235166358606,0.5074150568095552,0.2603077282101386,0.2088831478947225,0.24627803105152724,0.20667742900188746,0.23999898636720907,0.2426373903258252,0.2334018139627917,0.2523327202866569,0.2353561892802678,0.2309928623542966,0.2439924803091592,0.25788020051583505,0.45991487788402285,0.2941078327924146,0.2733900261647312,1.0,0.26532318323115844,0.0,0.25056318368638675,0.25166468265654707,0.37952721400634293,0.24541066367732078,0.25457172016134466,0.3033951052371212,0.2548192683555155,0.6449465219303934,0.25539624415692574,0.2561023490697605,0.47509157318414985,0.46669399068587236,0.2823701980335632,0.25466847364022727,0.25633011548622675,0.43079870669746934,0.2909236673126028
0.30273732585237867,0.3809607500233674,0.2050813986976171,0.29489146978676517,0.4588278955932502,0.39891604414696535,0.3232000184924708,0.28044549782233585,0.30062544833513016,0.28206878193891494,0.44464682175537573,0.2662505288836029,0.5192903376421891,0.2651742642556042,0.28558802612971734,0.3408389986592709,0.41488143903756014,0.43043741411711944,0.430415351458734,0.326202832223459,0.4422680627860742,0.46407320508201266,0.4677759290388537,0.41385208554150277,0.42579770531683214,0.3796754804241428,0.46342650353423365,0.2598340988149398,0.2896714356404809,0.29449175575134123,0.26532318323115844,1.0,0.0,0.4591711989881133,0.386281321673386,0.23594024365936672,0.3336382769052535,0.46796716066119914,0.2295481428389472,0.47541075872198046,0.26655845310632187,0.3833051290453121,0.46897241442088244,0.2685958783645256,0.27486938483906864,0.2612782495049071,0.40210001111721994,0.39968897840604845,0.24830852876246945,0.2822394200187841
0.0,0.0,0.0,0.0,0.0,0.0,0.0,0.0,0.0,0.0,0.0,0.0,0.0,0.0,0.0,0.0,0.0,0.0,0.0,0.0,0.0,0.0,0.0,0.0,0.0,0.0,0.0,0.0,0.0,0.0,0.0,0.0,1.0,0.0,0.0,0.0,0.0,0.0,0.0,0.0,0.0,0.0,0.0,0.0,0.0,0.0,0.0,0.0,0.0,0.0
0.3049550569950026,0.4049300202495687,0.22259627026164863,0.2598065487815595,0.40403569710484577,0.41780343961261446,0.356688463339352,0.2675805638257429,0.2954332592249591,0.26358407042288856,0.48277819633346974,0.2598262448689672,0.5201941794424614,0.25673224640191816,0.2512150846052196,0.3548819924562775,0.3122334296139795,0.4810914620818919,0.3951452385448232,0.35875504504052236,0.5055656983930856,0.5984512004000135,0.6387528823404328,0.3472705778012194,0.3204853504830728,0.3421126384626868,0.5083312129606143,0.2574703861997111,0.3013767141558351,0.29901506714713066,0.25056318368638675,0.4591711989881133,0.0,1.0,0.41185416021766474,0.2634555393684923,0.346641596640177,0.48375170601031636,0.20625240345585183,0.5126555109112709,0.24442763366361575,0.4034521200441721,0.5048961652806481,0.26128355522917146,0.2649108092012903,0.2754133797634234,0.4105550634174415,0.4140492932062241,0.25473620753923387,0.30048259038973113
0.3110679175697725,0.5593222467992758,0.2165925570129339,0.26755562744709904,0.37877071295011455,0.5590021394612223,0.35833742272030766,0.2713011940891934,0.29797319885499796,0.26830592737594383,0.4263977976311599,0.2698017538336379,0.4062554424326802,0.2654006595801637,0.2622339039466036,0.3594453720627667,0.38081075569382217,0.4142177441217385,0.3381354281084593,0.3601597975942148,0.40450584959471747,0.3862954220908573,0.4114081576399983,0.48766887305569473,0.4589289178808901,0.4185327101611911,0.41486072777629346,0.2575926549372941,0.29673254689897566,0.3041693533206118,0.25166468265654707,0.386281321673386,0.0,0.41185416021766474,1.0,0.25254501764832427,0.3432649365075081,0.4027130281246597,0.20966293776568967,0.4195317632545237,0.24992687476410846,0.46654766010781723,0.41627433904109834,0.26545374103559627,0.2691619730990601,0.27797463692347124,0.4663532798665794,0.4676077398220456,0.2618200740528587,0.296727949820221
0.2604925102149477,0.2532207387553209,0.20139426822472717,0.3921397039108353,0.22896628630068405,0.2631939785206663,0.252324912693353,0.381090371821979,0.26273381441275256,0.3953474213070608,0.26290847519234317,0.3759502582967552,0.24713418880659743,0.39902999927633853,0.38192763287750575,0.25210217672116675,0.19049055215155564,0.26418564719622284,0.21213943873233887,0.2534382348610985,0.25453062548996563,0.23743539050778806,0.2582520040040118,0.21293646584841752,0.19566288092482753,0.21775227352028093,0.254565102094525,0.3814857752662424,0.2901778802736632,0.2585275858163586,0.37952721400634293,0.23594024365936672,0.0,0.2634555393684923,0.25254501764832427,1.0,0.24556377183429423,0.24625248215646856,0.29296999328224427,0.25602441433058254,0.37650410045666705,0.2526860851681789,0.2521005841660271,0.3868556275733085,0.3869266073579579,0.27566599167665096,0.24997029843265262,0.2516024838579014,0.3866210462279055,0.2937481268654353
0.28732432066290803,0.3311742964112284,0.20331956859259526,0.26429878756688796,0.3305378767052509,0.3514015753874584,0.7969727534924054,0.2585597678076921,0.3009298426993281,0.2584421811113369,0.35166446578482524,0.24766388127727712,0.352469838503187,0.25237970861872216,0.2556097290581547,0.7329078460967026,0.2585208477491763,0.3723181111038356,0.2968361059451762,0.8053112656338495,0.3640252307224344,0.33458296190225156,0.37609024385322387,0.2904388769803453,0.28213868801821196,0.30336780472010405,0.34658063807770634,0.24479057207799204,0.27841067629116856,0.29374317791142357,0.24541066367732078,0.3336382769052535,0.0,0.346641596640177,0.3432649365075081,0.24556377183429423,1.0,0.3330317744900041,0.1866968370798705,0.34030838576852596,0.24163229296640143,0.34051891439850457,0.34500149435950833,0.2503804077029653,0.250186753040474,0.25593244678144644,0.3320874716902986,0.33456551120438405,0.2404417171549451,0.2832449107588203
0.3136785123452617,0.4231472285457013,0.22069317182793735,0.2667542733642295,0.4238455068811454,0.4173395729005118,0.3423970252303786,0.2858568316223983,0.29239308961360055,0.2715672259352111,0.485788848606289,0.2718161829718282,0.4958581877765308,0.2724783432633595,0.2616623881106369,0.34126768208902736,0.31158499459201894,0.4618565016111188,0.38482318685288397,0.34683156718648267,0.4785644667095075,0.4596472340088166,0.49551525576771416,0.34279680607923846,0.32981686173727387,0.3520958201037331,0.5896731664920266,0.27607803726123625,0.30756627523214397,0.3018878888303863,0.25457172016134466,0.46796716066119914,0.0,0.48375170601031636,0.4027130281246597,0.24625248215646856,0.3330317744900041,1.0,0.21518200532943554,0.5198142867766843,0.2530068123857353,0.407307313070013,0.6240705005445852,0.28089865046834583,0.27038178879677865,0.28677120972422754,0.4271947864313419,0.4279118227146874,0.27031477837278906,0.30772010710828024
0.24852524001421938,0.19073311317194996,0.14794427734431115,0.3369862861134838,0.2035657665027556,0.22541668968016626,0.18742539599187658,0.3246107031717739,0.20251500680502033,0.3292326972665094,0.1992028695240986,0.34012584917332744,0.1944579685407738,0.3212163617115804,0.32301566777674484,0.1888871758643177,0.2944445289481532,0.19210379764202967,0.16111583333616875,0.1877175609098073,0.18967237907560164,0.18231863655445846,0.19337672502737502,0.25810787379386346,0.28816624901943333,0.21510421944550095,0.1913572828133001,0.3228079287252451,0.21827533427630275,0.19748209374343972,0.3033951052371212,0.2295481428389472,0.0,0.20625240345585183,0.20966293776568967,0.29296999328224427,0.1866968370798705,0.21518200532943554,1.0,0.20198448766165888,0.3000569191670771,0.20308692312821564,0.19894906439934612,0.3220301752700192,0.3240701138209541,0.2071958578485994,0.23187428905942264,0.20636611254338721,0.3018903621290788,0.22949241700563527
0.3122651700856983,0.4178994665572563,0.22676076679577162,0.2606173882113325,0.41212633109018004,0.409673420837925,0.3572896374089186,0.26801794852840244,0.3052281904261631,0.27115332633447564,0.5196912783498489,0.26275838569147447,0.5281555378129537,0.26403968843728254,0.25599115132932126,0.3546568113246984,0.3125778792357947,0.4963310084946838,0.4116230550702783,0.3626989376311297,0.5129393918254932,0.4941254470255504,0.5269496926649014,0.34724797712032296,0.321832221319023,0.3572223921856832,0.5501399607448096,0.25758941963169424,0.3064809082925053,0.322086003101847,0.2548192683555155,0.47541075872198046,0.0,0.5126555109112709,0.4195317632545237,0.25602441433058254,0.34030838576852596,0.5198142867766843,0.20198448766165888,1.0,0.24782524203056877,0.4180894401005182,0.5439647537943209,0.2653143079179724,0.267573960572272,0.2961478649030662,0.44326686879122634,0.4459823881809757,0.26523944505861163,0.3163512867842255
