../ecoli_genomes/GCF_000163235.1_ASM16323v1_genomic.fna.gz,../ecoli_genomes/GCF_000164555.1_ASM16455v1_genomic.fna.gz,../ecoli_genomes/GCF_000208545.1_ASM20854v2_genomic.fna.gz,../ecoli_genomes/GCF_000233875.1_ASM23387v1_genomic.fna.gz,../ecoli_genomes/GCF_000249735.1_ASM24973v2_genomic.fna.gz,../ecoli_genomes/GCF_000261145.1_Esch_coli_M919_V2_genomic.fna.gz,../ecoli_genomes/GCF_000267705.2_ASM26770v2_genomic.fna.gz,../ecoli_genomes/GCF_000350665.1_Esch_coli_KTE5_V1_genomic.fna.gz,../ecoli_genomes/GCF_000351625.1_Esch_coli_KTE66_V1_genomic.fna.gz,../ecoli_genomes/GCF_000352285.1_Esch_coli_KTE46_V1_genomic.fna.gz,../ecoli_genomes/GCF_000358895.1_ASM35889v1_genomic.fna.gz,../ecoli_genomes/GCF_000456385.1_Esch_coli_HVH_26_4-5703913_V1_genomic.fna.gz,../ecoli_genomes/GCF_000458195.1_Esch_coli_HVH_147_4-5893887_V1_genomic.fna.gz,../ecoli_genomes/GCF_000459755.1_Esch_coli_KOEGE_58_171a_V1_genomic.fna.gz,../ecoli_genomes/GCF_000460055.1_Esch_coli_UMEA_3053-1_V1_genomic.fna.gz,../ecoli_genomes/GCF_000462165.2_ASM46216v2_genomic.fna.gz,../ecoli_genomes/GCF_000601135.1_ASM60113v1_genomic.fna.gz,../ecoli_genomes/GCF_000614595.1_Ec2010EL1058_genomic.fna.gz,../ecoli_genomes/GCF_000617745.1_Ec2010C-4529_genomic.fna.gz,../ecoli_genomes/GCF_000618265.2_EcF6751_genomic.fna.gz,../ecoli_genomes/GCF_000619005.2_Ec2009C-4052_genomic.fna.gz,../ecoli_genomes/GCF_000619105.1_Ec2009C-4780_genomic.fna.gz,../ecoli_genomes/GCF_000619765.2_Ec2009C-3279_genomic.fna.gz,../ecoli_genomes/GCF_000687005.1_ASM68700v1_genomic.fna.gz,../ecoli_genomes/GCF_000687025.1_ASM68702v1_genomic.fna.gz,../ecoli_genomes/GCF_000700125.1_ASM70012v1_genomic.fna.gz,../ecoli_genomes/GCF_000753315.1_FHI35_genomic.fna.gz,../ecoli_genomes/GCF_000776375.1_ASM77637v1_genomic.fna.gz,../ecoli_genomes/GCF_000779395.1_ASM77939v1_genomic.fna.gz,../ecoli_genomes/GCF_000780315.1_ASM78031v1_genomic.fna.gz,../ecoli_genomes/GCF_000781995.1_ASM78199v1_genomic.fna.gz,../ecoli_genomes/GCF_000986765.1_ASM98676v1_genomic.fna.gz,../ecoli_genomes/GCF_001041375.1_ViralProj287958_genomic.fna.gz,../ecoli_genomes/GCF_001265335.1_302014_genomic.fna.gz,../ecoli_genomes/GCF_001265625.1_100854_genomic.fna.gz,../ecoli_genomes/GCF_001267345.1_303289_genomic.fna.gz,../ecoli_genomes/GCF_001309985.1_ASM130998v1_genomic.fna.gz,../ecoli_genomes/GCF_001521695.1_ASM152169v1_genomic.fna.gz,../ecoli_genomes/GCF_001592595.1_ASM159259v1_genomic.fna.gz,../ecoli_genomes/GCF_001614975.1_ASM161497v1_genomic.fna.gz,../ecoli_genomes/GCF_001692775.1_ASM169277v1_genomic.fna.gz,../ecoli_genomes/GCF_001748915.1_ASM174891v1_genomic.fna.gz,../ecoli_genomes/GCF_001749235.1_ASM174923v1_genomic.fna.gz,../ecoli_genomes/GCF_001881155.1_ASM188115v1_genomic.fna.gz,../ecoli_genomes/GCF_001881345.1_ASM188134v1_genomic.fna.gz,../ecoli_genomes/GCF_001892405.1_ASM189240v1_genomic.fna.gz,../ecoli_genomes/GCF_001892585.1_ASM189258v1_genomic.fna.gz,../ecoli_genomes/GCF_001893985.1_ASM189398v1_genomic.fna.gz,../ecoli_genomes/GCF_002001595.1_ASM200159v1_genomic.fna.gz,../ecoli_genomes/GCF_002002145.1_ASM200214v1_genomic.fna.gz
1.0,0.7953261849141198,0.7711779267759091,0.777892029685666,0.742739451918085,0.7636847936953644,0.7789395923492104,0.7813150629778819,0.7846978310240119,0.781309656481378,0.7815206785300081,0.7788472674212432,0.7718656606827146,0.7802756234120919,0.7603398852654334,0.774089846655509,0.7274275113658941,0.7844279857479841,0.7609203289595874,0.784760585191744,0.7794199029375237,0.7516236449312403,0.7780897191018757,0.7405909208697896,0.7303456981428434,0.6986124754011263,0.7841742681533502,0.7760012640936207,0.7701945566801671,0.7729904801501173,0.7644433532593262,0.7731685712317494,0.05600274770582059,0.7724138125064441,0.7641530687184442,0.7549145417247698,0.7633385524949936,0.7886901713352151,0.6669903526416658,0.7672654293959237,0.7659637817660542,0.7678939067255062,0.780176669347839,0.7882725224159605,0.7888041379522117,0.7642429710296633,0.7821169672149669,0.7817631497074766,0.7689258485429855,0.7741990431617674
0.7953261849141198,1.0,0.7692603488379548,0.7800354938483817,0.7694416075764757,0.8113279260256341,0.7987579535780119,0.7783221696893499,0.7617064307534811,0.7830320824186899,0.8185252136384074,0.7848940365800916,0.8013010415047663,0.783996230554707,0.7686659291104594,0.7911104281111685,0.754737810961444,0.8130012300348451,0.7791005806167325,0.8063765216649204,0.800362913507466,0.7633871077156629,0.8047282077568284,0.7975489326187025,0.766131334482934,0.7207331321334949,0.8164784799147446,0.7709217056088908,0.7658402913872474,0.7551032777638184,0.7709021948903398,0.795414883473597,0.05205070272784773,0.8004024589555017,0.8296101639599811,0.7511660112036475,0.7786657385136672,0.8164971448558067,0.6427990401482261,0.7989878318461089,0.7739451621627257,0.818649737500861,0.8138986104516263,0.789014052194815,0.7824919388184226,0.7566719570959329,0.8355834682239949,0.8373489073720667,0.7741732337002494,0.7694518237772319
0.7711779267759091,0.7692603488379548,1.0,0.7475475695539373,0.7222769362542593,0.7287861839178821,0.7583905477327875,0.7524084227145795,0.7469984746405237,0.7479480420553812,0.7593050612999702,0.7484982194022451,0.7570412980577444,0.7548454838700362,0.7424656713544864,0.7513652672830612,0.6939655836704024,0.7642804570809099,0.7340907018520725,0.765781100259613,0.7608155440796947,0.726664245832707,0.7548341561267828,0.7112533374937526,0.6933103500844794,0.6605086099106119,0.7667210409295925,0.7505745164704566,0.741695451143026,0.7447013403787909,0.7431787262389511,0.7479680054107647,0.05559197181170383,0.7535682475553787,0.7398124115376128,0.7401639678500868,0.7432964400620227,0.7580681291491815,0.6348773501711678,0.751177491818726,0.7402788680447265,0.748752864810816,0.7637343295435159,0.7600575908749257,0.7528567242294861,0.7448449342167478,0.7597742229504587,0.761334950966736,0.7521289654441328,0.7553454884135935
0.777892029685666,0.7800354938483817,0.7475475695539373,1.0,0.7572223357264403,0.7557833471043334,0.7665088298381326,0.8409492317376928,0.7640784386787294,0.8414082901767385,0.7675685531504293,0.8358514007156943,0.76814228380226,0.8565500037217798,0.8612409999194716,0.7695237381664684,0.7198626160086268,0.7694606626554411,0.7443009321991413,0.7719398968414444,0.7621611686178171,0.7303597180642742,0.7675505164321431,0.7282981733847359,0.726851586719305,0.6863689383907214,0.7733432146563587,0.8365320580751029,0.7535518035441089,0.7432710210062405,0.8304559135949502,0.7693487088231092,0.061010945280200124,0.7580608295671805,0.7516768131224063,0.7853296170228827,0.7514813402947195,0.7632304076314943,0.6794971781830581,0.7571484049488977,0.8400783786554314,0.7631567835046096,0.7621537952217836,0.8448451892865669,0.8393276169024015,0.7477483991471623,0.7651832676164422,0.7667454900658499,0.8094818917529004,0.7625106444702506
0.742739451918085,0.7694416075764757,0.7222769362542593,0.7572223357264403,1.0,0.7530138961077282,0.7440010151682867,0.7505722143962424,0.7510004946019415,0.7589784529816973,0.7826209150796584,0.7394514341034775,0.7977591290328174,0.7455867299528021,0.7493896073124726,0.7621980967940672,0.7439317661487399,0.7675232202213369,0.7431116546294432,0.7477993951750445,0.7729599473948205,0.7286705440547343,0.7709439623721019,0.7526509032225518,0.7424397486576568,0.7123633712186266,0.7786913959836799,0.7260226335856717,0.7412401434218728,0.728480904726371,0.7408546699820427,0.8034959404582716,0.05351530545019856,0.7712828115146367,0.7496240445943645,0.7154951753363793,0.741124396134484,0.7881229966431205,0.6621226720924953,0.7675866022643807,0.7488003437987161,0.7581012590289271,0.7809226856004657,0.7406888721203689,0.7416858645335226,0.7189906427706467,0.7744093329959719,0.7733597822862536,0.7294040090710016,0.7381463463412035
0.7636847936953644,0.8113279260256341,0.7287861839178821,0.7557833471043334,0.7530138961077282,1.0,0.7793663042407024,0.7530619989867369,0.7193312893239179,0.7505701948717403,0.7867267740250299,0.7531400189578804,0.7647438186117232,0.7591966576846461,0.7399509843347929,0.7719023230410171,0.7625289158990542,0.7856735200389733,0.7647246294665435,0.7750786700350206,0.7644226958466722,0.7761796298996801,0.7613994462859688,0.7854451817130564,0.7857285610155235,0.7310186378478734,0.7712993907764837,0.7357011588423747,0.7222191257736358,0.7007918823854731,0.746109315312826,0.7751433863912016,0.05085882960851562,0.7617784635932224,0.8210870776612843,0.7198591013918233,0.7638466414470133,0.7800432807164411,0.6395813510749211,0.7646249431651702,0.7593753736860495,0.8058656592544282,0.7686767762314441,0.7579162796708852,0.752018627330403,0.71896960826073,0.8028194581388695,0.8044231812376119,0.733664279759443,0.7259716501813145
0.7789395923492104,0.7987579535780119,0.7583905477327875,0.7665088298381326,0.7440010151682867,0.7793663042407024,1.0,0.7728719191906427,0.7501272553712467,0.7661956071253333,0.7908080555217142,0.7716196355693334,0.7781024923819461,0.7723485337411932,0.7563953406406491,0.8932922142787104,0.7308180582360306,0.8024166988876718,0.7785144256853851,0.9346131028718393,0.7919205563067709,0.7569098390460574,0.792928813199551,0.7492127911456705,0.7335918755131748,0.6949542697212914,0.7871419295777704,0.7652846831860901,0.7511768792080893,0.7415225427405447,0.7529503353270884,0.7754873045769296,0.0534899279900255,0.7772661712464743,0.7836477230654743,0.7529910898504272,0.9004604387102938,0.7767630390221626,0.6385772194252999,0.7709904668958056,0.7633416701860711,0.7822491515670319,0.7805428511761612,0.7781720193716378,0.7743684842953641,0.7357725075895081,0.7841061732629397,0.7858682392148553,0.7592601920999975,0.7553710015005839
0.7813150629778819,0.7783221696893499,0.7524084227145795,0.8409492317376928,0.7505722143962424,0.7530619989867369,0.7728719191906427,1.0,0.765913440749869,0.8314775064622146,0.7717149582252678,0.8347120758055331,0.7758497340151889,0.8347183176736004,0.8214566964089101,0.7732214392754835,0.7164397535065969,0.7727254897359153,0.7512716943567406,0.7789419545298129,0.7715677749253718,0.7446553955876561,0.7762237372466825,0.7228041445022917,0.7254265947074303,0.6864268790475967,0.7798137010065226,0.8847500804792903,0.7680317611239006,0.7510444731550017,0.8216835883798245,0.7710309017517328,0.06364547817053601,0.767909104646542,0.7451680009344825,0.7971983081131853,0.7569978562434471,0.7756003042488424,0.6845697143442719,0.7654254967142081,0.8202411287517273,0.755544187150297,0.7709097257221142,0.8947332627508804,0.8838503626142538,0.7621853840280597,0.7646355081305818,0.7647945011820857,0.8177323259542563,0.7735652939457144
0.7846978310240119,0.7617064307534811,0.7469984746405237,0.7640784386787294,0.7510004946019415,0.7193312893239179,0.7501272553712467,0.765913440749869,1.0,0.769846583150647,0.7596356697195669,0.750441596776992,0.7753612041972453,0.75899734217633,0.7636330835535444,0.7530833412791826,0.6756572715624727,0.7705130247402716,0.7437858778693782,0.7607118669049876,0.7726441243313705,0.7448245730928136,0.7805125045633257,0.6882017135159226,0.6890045974772627,0.6493108393140112,0.773103943709569,0.7618140334264821,0.7861642324316396,0.8121309711074547,0.7550366135823203,0.7685792765113988,0.056346093728799285,0.7636314734042302,0.7147057534753072,0.7583960002109462,0.7416526740182952,0.7595447126595245,0.6404010777702678,0.7619000674835816,0.7449234849141948,0.7224067533246815,0.7773291422118453,0.7591705335144001,0.756243584524775,0.7705730493447669,0.7437035856061096,0.7446347976280918,0.7667428548854959,0.7932481451597582
0.781309656481378,0.7830320824186899,0.7479480420553812,0.8414082901767385,0.7589784529816973,0.7505701948717403,0.7661956071253333,0.8314775064622146,0.769846583150647,1.0,0.7743889878920788,0.8238430238440345,0.7731848563914829,0.8377864238323393,0.8332364657309957,0.7710261916439032,0.7087747892609686,0.7653426074256452,0.7332497009967496,0.7736613790188188,0.765572428294941,0.7294909653782792,0.759751352614138,0.7286043841302031,0.7181905284054,0.685118263509926,0.7750707653974959,0.819301894641097,0.763259328242929,0.7516609844189908,0.841463890991768,0.7595254358623681,0.05670454457894103,0.7547458617640167,0.750749512340472,0.7879227423727599,0.7541267108790772,0.7683307681025789,0.6726032391522219,0.7607727793470977,0.8421409843973628,0.7603589100203194,0.765337190851381,0.8275491293292953,0.8272741900110269,0.7481479524119277,0.7654285055929082,0.7657623211707287,0.8115597574539718,0.7645030793043299
0.7815206785300081,0.8185252136384074,0.7593050612999702,0.7675685531504293,0.7826209150796584,0.7867267740250299,0.7908080555217142,0.7717149582252678,0.7596356697195669,0.7743889878920788,1.0,0.7698123584109567,0.8289329309388132,0.7748614293986892,0.7568958839938215,0.7865519891716796,0.7373785850730951,0.8241677150134762,0.7844891858645191,0.7972813576274866,0.8205745239795507,0.7904165670044715,0.8194247494082183,0.762916160862056,0.7380031087335288,0.7102367335309062,0.8342778632271434,0.7670385435827509,0.7536003266942576,0.7536799867100905,0.7616720704437236,0.7991501331545983,0.053727819054574244,0.8112062664761386,0.79586057372378,0.7498930688857028,0.7772698892172704,0.8278138122686381,0.6374019221143672,0.8214509960202497,0.7620333578089302,0.803813572308231,0.8323757451746756,0.7783668363805769,0.7703270187512741,0.743341898703649,0.8168521146552661,0.8176472028685164,0.7695307597363917,0.7616890472480649
0.7788472674212432,0.7848940365800916,0.7484982194022451,0.8358514007156943,0.7394514341034775,0.7531400189578804,0.7716196355693334,0.8347120758055331,0.750441596776992,0.8238430238440345,0.7698123584109567,1.0,0.7630443003889231,0.8340482014380077,0.8429373405483365,0.7655285303627122,0.7196222421115794,0.7656595324502498,0.7456775984494017,0.7735170112576941,0.7659043919812192,0.7406768298247283,0.7661297678096769,0.7282796427585873,0.7240596487526652,0.6898075128155774,0.7748310195890373,0.8289833629076644,0.7570151866112979,0.74082899610842,0.8068177850937361,0.7590949215023469,0.059998088166258956,0.7610332149322132,0.7554250948628205,0.7886496506650845,0.7525377476511096,0.7739241881100362,0.6812679844360137,0.7618586623532915,0.8134163076612188,0.7572094103136107,0.765042155064692,0.8379306537359009,0.8357195099915402,0.7493412796123391,0.7683107205571861,0.7677916836802233,0.807155063176244,0.7609630921393631
0.7718656606827146,0.8013010415047663,0.7570412980577444,0.76814228380226,0.7977591290328174,0.7647438186117232,0.7781024923819461,0.7758497340151889,0.7753612041972453,0.7731848563914829,0.8289329309388132,0.7630443003889231,1.0,0.7608071293772294,0.7623915640953545,0.7895427996240783,0.7262324898016332,0.8258758644010773,0.8021348191255251,0.7874705463454373,0.8275910555182426,0.7983804950922005,0.8421423050543941,0.7461893978388559,0.7293689042408027,0.7018187819652878,0.840868019879022,0.7630154889576771,0.7647153632632515,0.7676244206062065,0.7564087511377888,0.8290334348261905,0.05914616703081721,0.8266612130058199,0.7763276798990797,0.7461108481375349,0.7721034571044051,0.8252515122912294,0.6438186983293255,0.8204525323107195,0.7573550960642921,0.7793780218556423,0.8352344519283124,0.7710682625561047,0.7648722865488065,0.7491088833251395,0.7977726297998706,0.7970028482503382,0.7609858458037249,0.7688561031486585
0.7802756234120919,0.783996230554707,0.7548454838700362,0.8565500037217798,0.7455867299528021,0.7591966576846461,0.7723485337411932,0.8347183176736004,0.75899734217633,0.8377864238323393,0.7748614293986892,0.8340482014380077,0.7608071293772294,1.0,0.8493916502203491,0.7706047864368875,0.7121493377186292,0.773754696590023,0.7543945432780012,0.776715812428024,0.7664963447338402,0.7377846260900752,0.7655090851107188,0.7279139527189935,0.7153165954989738,0.6778736659463098,0.7752114518411931,0.8364405785730998,0.7601771854063011,0.7424975317355034,0.833407208483736,0.7605182099645834,0.0632929251187333,0.7583866101504615,0.7535391995339982,0.7946891803624085,0.7574529858349168,0.7659832607814689,0.67236782130586,0.7635594619959095,0.8361497838096181,0.7663636480123441,0.7662334941561657,0.8468434900956011,0.8393282079038515,0.7565917573204519,0.7702701243117609,0.7727692709298195,0.8116961164691212,0.7679674933073624
0.7603398852654334,0.7686659291104594,0.7424656713544864,0.8612409999194716,0.7493896073124726,0.7399509843347929,0.7563953406406491,0.8214566964089101,0.7636330835535444,0.8332364657309957,0.7568958839938215,0.8429373405483365,0.7623915640953545,0.8493916502203491,1.0,0.7644391252262946,0.702126491578642,0.7615371296847522,0.7320126030559297,0.7651944427977755,0.7568281126564285,0.7241073526649016,0.7570286234669114,0.7171145347953416,0.7086307361427944,0.6703833772729682,0.7651066881676982,0.8188661608805563,0.7524316998249831,0.7414222886456114,0.8236624317462697,0.7594861586813755,0.05850182295740958,0.7500694230218266,0.7396825569349244,0.7842021489149262,0.7442970868160534,0.755587505083406,0.6661521355047709,0.7507655451332523,0.8273305094385803,0.7488416165275922,0.7550029953019362,0.8222457520019952,0.8164827804960303,0.7453802774318325,0.7574818896466442,0.7591669938515035,0.8038060653041231,0.7628748767176896
0.774089846655509,0.7911104281111685,0.7513652672830612,0.7695237381664684,0.7621980967940672,0.7719023230410171,0.8932922142787104,0.7732214392754835,0.7530833412791826,0.7710261916439032,0.7865519891716796,0.7655285303627122,0.7895427996240783,0.7706047864368875,0.7644391252262946,1.0,0.7344624972832399,0.7904997253379245,0.769186917884108,0.897744902831574,0.7824528967422356,0.7478538226433524,0.7850465121837704,0.7535097292572852,0.7380275444496014,0.7044304907364483,0.7807380859475851,0.7591802134746201,0.7487282643944357,0.7453746754650625,0.7584175232636015,0.7795940624965099,0.051050530483587986,0.772101520146928,0.7779081802396942,0.7478742730312566,0.8921382628073671,0.7777263201400021,0.6360063030735937,0.7638742763911244,0.7670468726110948,0.7710301443069633,0.7763630477830747,0.7705420459613016,0.7680934905298458,0.7323066450545035,0.7764845116423892,0.7768172595989455,0.7555662882351862,0.7504018108833309
0.7274275113658941,0.754737810961444,0.6939655836704024,0.7198626160086268,0.7439317661487399,0.7625289158990542,0.7308180582360306,0.7164397535065969,0.6756572715624727,0.7087747892609686,0.7373785850730951,0.7196222421115794,0.7262324898016332,0.7121493377186292,0.702126491578642,0.7344624972832399,1.0,0.7261268470569359,0.7045344833847391,0.7291632612597249,0.715200835697786,0.6858021536540038,0.7176868752932766,0.8263052943178385,0.8214271958062084,0.8354595819461921,0.7345010681460993,0.6963286302970525,0.6761196794919199,0.6490216467794907,0.6992531538759201,0.754485782173884,0.04766255179266532,0.7238184211812497,0.7723182555188288,0.6773555530117896,0.7163509169637314,0.7577202212428983,0.6730690245291493,0.7199247475720443,0.7159565229224121,0.7665992670323353,0.7262089656268184,0.7251604007125358,0.7240488079260226,0.6672212753271964,0.7779630086820202,0.7677966536948984,0.6910964714741417,0.6761930717282556
0.7844279857479841,0.8130012300348451,0.7642804570809099,0.7694606626554411,0.7675232202213369,0.7856735200389733,0.8024166988876718,0.7727254897359153,0.7705130247402716,0.7653426074256452,0.8241677150134762,0.7656595324502498,0.8258758644010773,0.773754696590023,0.7615371296847522,0.7904997253379245,0.7261268470569359,1.0,0.8122749085844752,0.8077568232620781,0.8398240030965121,0.8056119914171532,0.8431629713234976,0.751684514827712,0.7308324529251649,0.6932646005927323,0.8348420326132473,0.7671768978317217,0.765906205631116,0.7625503503490412,0.7572105968351771,0.8101499232571064,0.06296294022363591,0.8180890499016188,0.786154144526237,0.7618829045857767,0.7857043743831289,0.8111802430217563,0.6417252478066948,0.8134619960130197,0.7584339322923416,0.7944269576036392,0.8243421638864599,0.7805776468587831,0.770490790062161,0.7549687858020597,0.8008310075923757,0.8026886345112805,0.7628151211780252,0.7781686402351028
0.7609203289595874,0.7791005806167325,0.7340907018520725,0.7443009321991413,0.7431116546294432,0.7647246294665435,0.7785144256853851,0.7512716943567406,0.7437858778693782,0.7332497009967496,0.7844891858645191,0.7456775984494017,0.8021348191255251,0.7543945432780012,0.7320126030559297,0.769186917884108,0.7045344833847391,0.8122749085844752,1.0,0.7747704213237523,0.7993917415833395,0.8033411607141666,0.8059910518739694,0.7177101525825167,0.7148295704219967,0.6689621677556574,0.79358803332813,0.7459840629488383,0.7455747556476355,0.7343641832675567,0.7325541250185726,0.7975667495704636,0.06575522102867792,0.7920274908939046,0.7542754741373441,0.7381183942838712,0.7673477602909171,0.7764222375654669,0.6292812010824284,0.7792856218518756,0.729070069072201,0.7617290622444784,0.7914103156833824,0.7545887592569522,0.7488276623508874,0.7382537831489151,0.7661611727914023,0.7680063696245091,0.74115949197907,0.7540764303323539
0.784760585191744,0.8063765216649204,0.765781100259613,0.7719398968414444,0.7477993951750445,0.7750786700350206,0.9346131028718393,0.7789419545298129,0.7607118669049876,0.7736613790188188,0.7972813576274866,0.7735170112576941,0.7874705463454373,0.776715812428024,0.7651944427977755,0.897744902831574,0.7291632612597249,0.8077568232620781,0.7747704213237523,1.0,0.7994676224454405,0.7576819959805094,0.8012614645096339,0.7500741302218997,0.7312994167435591,0.6940466140898741,0.7962660248110695,0.7734649816356649,0.7579834133419517,0.7535149875025787,0.759127467676687,0.7781660644741523,0.05374682694251165,0.7841060155393111,0.7847693473432277,0.7599951552930606,0.902461988624343,0.7850054625639744,0.6399045254863558,0.7806686641133359,0.7675281186719664,0.784983802430522,0.7897505130481751,0.7840532728285423,0.7790415521287288,0.7470002041424535,0.7882479584715206,0.7896832064920647,0.7687260826341686,0.7654547740399323
0.7794199029375237,0.800362913507466,0.7608155440796947,0.7621611686178171,0.7729599473948205,0.7644226958466722,0.7919205563067709,0.7715677749253718,0.7726441243313705,0.765572428294941,0.8205745239795507,0.7659043919812192,0.8275910555182426,0.7664963447338402,0.7568281126564285,0.7824528967422356,0.715200835697786,0.8398240030965121,0.7993917415833395,0.7994676224454405,1.0,0.8002345071618833,0.8440140643282568,0.7341398697673212,0.7206034950371676,0.6846926225073516,0.8350648224337581,0.7677517159057021,0.7713739403279172,0.768758256323144,0.7521316542319454,0.8152353881952609,0.05954225369586341,0.8243909796753504,0.7668645367949913,0.7623560498341415,0.7780549704701986,0.810392007429341,0.6399098820582423,0.8105104050573266,0.7505214223301669,0.7695078345275508,0.8250017625639099,0.7742434966400028,0.7696475881880926,0.7609760703243105,0.7947624995508704,0.7954862009367676,0.7678039527556317,0.7849750979285206
0.7516236449312403,0.7633871077156629,0.726664245832707,0.7303597180642742,0.7286705440547343,0.7761796298996801,0.7569098390460574,0.7446553955876561,0.7448245730928136,0.7294909653782792,0.7904165670044715,0.7406768298247283,0.7983804950922005,0.7377846260900752,0.7241073526649016,0.7478538226433524,0.6858021536540038,0.8056119914171532,0.8033411607141666,0.7576819959805094,0.8002345071618833,1.0,0.8351018001586035,0.6941711864730828,0.7051852305192482,0.6576783947902841,0.792771592234663,0.739146770024881,0.7529403488976278,0.739881769161462,0.7192309710488292,0.7842554419491793,0.06264624686960252,0.8088455908377659,0.7292535725836993,0.7282007542178464,0.7491659400188433,0.7755996286183233,0.6246864679354526,0.7826681233452949,0.7117283870758496,0.7356927576849241,0.7933551914728604,0.7443573794080194,0.7374209959978115,0.744537955695729,0.7524729921555315,0.754351729674737,0.7386015478399244,0.759972717149108
0.7780897191018757,0.8047282077568284,0.7548341561267828,0.7675505164321431,0.7709439623721019,0.7613994462859688,0.792928813199551,0.7762237372466825,0.7805125045633257,0.759751352614138,0.8194247494082183,0.7661297678096769,0.8421423050543941,0.7655090851107188,0.7570286234669114,0.7850465121837704,0.7176868752932766,0.8431629713234976,0.8059910518739694,0.8012614645096339,0.8440140643282568,0.8351018001586035,1.0,0.7296304986301743,0.7210852840916617,0.6814889436241507,0.8468117890429961,0.7733981419586892,0.7783049809435504,0.770897359134433,0.7500696882537881,0.8193600546871116,0.0636597887564978,0.8609270568546747,0.7624225245150258,0.765323125779017,0.7817321274320783,0.8179129629004361,0.6440463677755476,0.8154521533054374,0.7446192715493821,0.7716152577023389,0.8400171262432375,0.7775991052979655,0.7723447198146633,0.7607665785289137,0.787588710920464,0.7878756547602659,0.768340164707392,0.7859254378098657
0.7405909208697896,0.7975489326187025,0.7112533374937526,0.7282981733847359,0.7526509032225518,0.7854451817130564,0.7492127911456705,0.7228041445022917,0.6882017135159226,0.7286043841302031,0.762916160862056,0.7282796427585873,0.7461893978388559,0.7279139527189935,0.7171145347953416,0.7535097292572852,0.8263052943178385,0.751684514827712,0.7177101525825167,0.7500741302218997,0.7341398697673212,0.6941711864730828,0.7296304986301743,1.0,0.8055735132403156,0.7965290226919339,0.7526401557881175,0.7044869103049942,0.6894914036118396,0.6654433015908217,0.7171013365144407,0.7570951291739866,0.04778494233643038,0.7341741483060118,0.8199594189740799,0.6887239445483757,0.7329729261994351,0.7682021580436025,0.6418260227611605,0.7356571141998942,0.7368976949120649,0.7963314767191918,0.7410345701808824,0.7318658278553862,0.7294319925499025,0.6722290825369073,0.7933446153950945,0.7868892331216906,0.6990519531996655,0.686719190544155
0.7303456981428434,0.766131334482934,0.6933103500844794,0.726851586719305,0.7424397486576568,0.7857285610155235,0.7335918755131748,0.7254265947074303,0.6890045974772627,0.7181905284054,0.7380031087335288,0.7240596487526652,0.7293689042408027,0.7153165954989738,0.7086307361427944,0.7380275444496014,0.8214271958062084,0.7308324529251649,0.7148295704219967,0.7312994167435591,0.7206034950371676,0.7051852305192482,0.7210852840916617,0.8055735132403156,1.0,0.8234031925393349,0.7341278322383391,0.7036413214224337,0.6890994451759862,0.6655799947982122,0.7086585657920261,0.765222541230141,0.04492868820053264,0.7202341785652866,0.7813122394744112,0.681893407750328,0.7243228157601287,0.7573903921622236,0.6664173527702869,0.7260546807952433,0.7215121442941932,0.7522514707963412,0.7288458329296092,0.7313910433258601,0.7291359604009567,0.6810902789754765,0.7695295092882275,0.759363142450004,0.7000051771530167,0.6886443183750472
0.6986124754011263,0.7207331321334949,0.6605086099106119,0.6863689383907214,0.7123633712186266,0.7310186378478734,0.6949542697212914,0.6864268790475967,0.6493108393140112,0.685118263509926,0.7102367335309062,0.6898075128155774,0.7018187819652878,0.6778736659463098,0.6703833772729682,0.7044304907364483,0.8354595819461921,0.6932646005927323,0.6689621677556574,0.6940466140898741,0.6846926225073516,0.6576783947902841,0.6814889436241507,0.7965290226919339,0.8234031925393349,1.0,0.6986346691937453,0.6653700830272768,0.6395496673568157,0.6245791224796202,0.673744527394494,0.7158579771085871,0.04657719603591959,0.6840039096182183,0.7481366394899833,0.6477528280602283,0.6838117954699265,0.731318745301148,0.6654358346070914,0.6929251213250779,0.689778917062309,0.730271831595543,0.6930330978027461,0.6942029609554512,0.6920963829347155,0.6348528458594551,0.7451510503228588,0.730698995032173,0.6609074327076663,0.6440263790195833
0.7841742681533502,0.8164784799147446,0.7667210409295925,0.7733432146563587,0.7786913959836799,0.7712993907764837,0.7871419295777704,0.7798137010065226,0.773103943709569,0.7750707653974959,0.8342778632271434,0.7748310195890373,0.840868019879022,0.7752114518411931,0.7651066881676982,0.7807380859475851,0.7345010681460993,0.8348420326132473,0.79358803332813,0.7962660248110695,0.8350648224337581,0.792771592234663,0.8468117890429961,0.7526401557881175,0.7341278322383391,0.6986346691937453,1.0,0.7740595918671093,0.7692902644212738,0.7659363460522657,0.7624501797045161,0.8159140845269518,0.05987275166766426,0.8279967414242098,0.785046381651869,0.759327748978544,0.7718563343191585,0.8469047468180009,0.6463385597680258,0.8256974783860471,0.7610384297638112,0.7927401006659003,0.8662428402700045,0.7859734074758893,0.7794020061378797,0.7587848891164756,0.803599638669114,0.8036235011089665,0.7720088374135633,0.7802568840552062
0.7760012640936207,0.7709217056088908,0.7505745164704566,0.8365320580751029,0.7260226335856717,0.7357011588423747,0.7652846831860901,0.8847500804792903,0.7618140334264821,0.819301894641097,0.7670385435827509,0.8289833629076644,0.7630154889576771,0.8364405785730998,0.8188661608805563,0.7591802134746201,0.6963286302970525,0.7671768978317217,0.7459840629488383,0.7734649816356649,0.7677517159057021,0.739146770024881,0.7733981419586892,0.7044869103049942,0.7036413214224337,0.6653700830272768,0.7740595918671093,1.0,0.7695994679647402,0.7511743030346891,0.8110279930941378,0.7584621710395416,0.0648881499779772,0.7622126170429497,0.7345613091020036,0.7977908321665603,0.748869250280642,0.7621327862292377,0.6790438054947205,0.7552117168910308,0.8091900579930489,0.7433439128772907,0.7630582520293282,0.9171606252951924,0.9034915260680005,0.7614730883624572,0.7519090558562833,0.7521298145538422,0.823373181018946,0.7733065627627645
0.7701945566801671,0.7658402913872474,0.741695451143026,0.7535518035441089,0.7412401434218728,0.7222191257736358,0.7511768792080893,0.7680317611239006,0.7861642324316396,0.763259328242929,0.7536003266942576,0.7570151866112979,0.7647153632632515,0.7601771854063011,0.7524316998249831,0.7487282643944357,0.6761196794919199,0.765906205631116,0.7455747556476355,0.7579834133419517,0.7713739403279172,0.7529403488976278,0.7783049809435504,0.6894914036118396,0.6890994451759862,0.6395496673568157,0.7692902644212738,0.7695994679647402,1.0,0.7879500566827202,0.7456414210344154,0.7674041542026161,0.05120001586823708,0.7717618341803922,0.7072920119800743,0.7616912109036714,0.7431965115196091,0.7581378505266995,0.634500317819608,0.7611592219504423,0.7284993342453219,0.7174107431660753,0.7660002735541966,0.7644662831403659,0.7634496273963447,0.7929529794175527,0.7389024650864862,0.7395982019213374,0.7670728063365104,0.854779638121161
0.7729904801501173,0.7551032777638184,0.7447013403787909,0.7432710210062405,0.728480904726371,0.7007918823854731,0.7415225427405447,0.7510444731550017,0.8121309711074547,0.7516609844189908,0.7536799867100905,0.74082899610842,0.7676244206062065,0.7424975317355034,0.7414222886456114,0.7453746754650625,0.6490216467794907,0.7625503503490412,0.7343641832675567,0.7535149875025787,0.768758256323144,0.739881769161462,0.770897359134433,0.6654433015908217,0.6655799947982122,0.6245791224796202,0.7659363460522657,0.7511743030346891,0.7879500566827202,1.0,0.7319447279262818,0.75427979957981,0.05701529071133071,0.7565982269925943,0.6985784076982192,0.7482970763894597,0.7355671194082753,0.7503314057906191,0.6250586481341607,0.7552995251693558,0.7202269504945226,0.7023442459579309,0.7692223003918954,0.7460188570538232,0.7452547416368578,0.7778514485387795,0.7294359055648578,0.7302785998134164,0.7591978686270999,0.7903844971080627
0.7644433532593262,0.7709021948903398,0.7431787262389511,0.8304559135949502,0.7408546699820427,0.746109315312826,0.7529503353270884,0.8216835883798245,0.7550366135823203,0.841463890991768,0.7616720704437236,0.8068177850937361,0.7564087511377888,0.833407208483736,0.8236624317462697,0.7584175232636015,0.6992531538759201,0.7572105968351771,0.7325541250185726,0.759127467676687,0.7521316542319454,0.7192309710488292,0.7500696882537881,0.7171013365144407,0.7086585657920261,0.673744527394494,0.7624501797045161,0.8110279930941378,0.7456414210344154,0.7319447279262818,1.0,0.7474794009133432,0.06151151523454845,0.7454927789723199,0.744148234955335,0.7804356752694757,0.7408141406696236,0.7563638749087938,0.6581091646009537,0.747505561273746,0.8645410029435483,0.7561982492394252,0.7540843872989719,0.8210694148228852,0.8119986673760777,0.7389672306466981,0.7571607777443876,0.7581586014651295,0.7960396723879788,0.7508749597875026
0.7731685712317494,0.795414883473597,0.7479680054107647,0.7693487088231092,0.8034959404582716,0.7751433863912016,0.7754873045769296,0.7710309017517328,0.7685792765113988,0.7595254358623681,0.7991501331545983,0.7590949215023469,0.8290334348261905,0.7605182099645834,0.7594861586813755,0.7795940624965099,0.754485782173884,0.8101499232571064,0.7975667495704636,0.7781660644741523,0.8152353881952609,0.7842554419491793,0.8193600546871116,0.7570951291739866,0.765222541230141,0.7158579771085871,0.8159140845269518,0.7584621710395416,0.7674041542026161,0.75427979957981,0.7474794009133432,1.0,0.058464777117369415,0.8118819719062991,0.7663812327898666,0.7398616976913333,0.7737254901895311,0.8177559445155974,0.6573843228817635,0.8040749824789803,0.7470333762006525,0.7715508343954638,0.8177143142561678,0.7692709761875927,0.766484577358526,0.7536366657511173,0.7918003038446894,0.7905014338747132,0.7562741003192492,0.7679237404662032
0.05600274770582059,0.05205070272784773,0.05559197181170383,0.061010945280200124,0.05351530545019856,0.05085882960851562,0.0534899279900255,0.06364547817053601,0.056346093728799285,0.05670454457894103,0.053727819054574244,0.059998088166258956,0.05914616703081721,0.0632929251187333,0.05850182295740958,0.051050530483587986,0.04766255179266532,0.06296294022363591,0.06575522102867792,0.05374682694251165,0.05954225369586341,0.06264624686960252,0.0636597887564978,0.04778494233643038,0.04492868820053264,0.04657719603591959,0.05987275166766426,0.0648881499779772,0.05120001586823708,0.05701529071133071,0.06151151523454845,0.058464777117369415,1.0,0.059111333597452465,0.05180741147646528,0.06256832375827515,0.05243038868361849,0.05663318082465352,0.059158765876428876,0.05415736795870896,0.05989671683778486,0.05313897971205217,0.057924130083456316,0.06267546384480749,0.06315813911492985,0.05825286251495487,0.05555383109424483,0.05601083955548747,0.060849829172888836,0.058126206160230454
0.7724138125064441,0.8004024589555017,0.7535682475553787,0.7580608295671805,0.7712828115146367,0.7617784635932224,0.7772661712464743,0.767909104646542,0.7636314734042302,0.7547458617640167,0.8112062664761386,0.7610332149322132,0.8266612130058199,0.7583866101504615,0.7500694230218266,0.772101520146928,0.7238184211812497,0.8180890499016188,0.7920274908939046,0.7841060155393111,0.8243909796753504,0.8088455908377659,0.8609270568546747,0.7341741483060118,0.7202341785652866,0.6840039096182183,0.8279967414242098,0.7622126170429497,0.7717618341803922,0.7565982269925943,0.7454927789723199,0.8118819719062991,0.059111333597452465,1.0,0.7624733214486429,0.7528916628067778,0.7644163908918707,0.814952980376486,0.6474285759521825,0.8057147916010147,0.7391223469822685,0.7721794079430141,0.8277692904314733,0.7677269085769334,0.7637569269346643,0.751223184166589,0.7886652617675237,0.788518930671766,0.7657788014987972,0.7764325395089879
0.7641530687184442,0.8296101639599811,0.7398124115376128,0.7516768131224063,0.7496240445943645,0.8210870776612843,0.7836477230654743,0.7451680009344825,0.7147057534753072,0.750749512340472,0.79586057372378,0.7554250948628205,0.7763276798990797,0.7535391995339982,0.7396825569349244,0.7779081802396942,0.7723182555188288,0.786154144526237,0.7542754741373441,0.7847693473432277,0.7668645367949913,0.7292535725836993,0.7624225245150258,0.8199594189740799,0.7813122394744112,0.7481366394899833,0.785046381651869,0.7345613091020036,0.7072920119800743,0.6985784076982192,0.744148234955335,0.7663812327898666,0.05180741147646528,0.7624733214486429,1.0,0.7156782640322927,0.760946946228041,0.783849088463894,0.6299781137280198,0.7724157771106043,0.7587230752069791,0.8272075952390135,0.7799781678550444,0.7559079949966419,0.7501563673837629,0.6996537764286745,0.8248493888405689,0.8244665602364825,0.730615991760385,0.7124169427314226
0.7549145417247698,0.7511660112036475,0.7401639678500868,0.7853296170228827,0.7154951753363793,0.7198591013918233,0.7529910898504272,0.7971983081131853,0.7583960002109462,0.7879227423727599,0.7498930688857028,0.7886496506650845,0.7461108481375349,0.7946891803624085,0.7842021489149262,0.7478742730312566,0.6773555530117896,0.7618829045857767,0.7381183942838712,0.7599951552930606,0.7623560498341415,0.7282007542178464,0.765323125779017,0.6887239445483757,0.681893407750328,0.6477528280602283,0.759327748978544,0.7977908321665603,0.7616912109036714,0.7482970763894597,0.7804356752694757,0.7398616976913333,0.06256832375827515,0.7528916628067778,0.7156782640322927,1.0,0.737337559529693,0.7452092798324907,0.6570311820707104,0.7453920488332264,0.7749859623389002,0.7257695945839193,0.7505222457765574,0.7972571339024671,0.7980609576213895,0.7546411413450232,0.7373892845214168,0.7380054082426901,0.7953092357890597,0.7710456435334683
0.7633385524949936,0.7786657385136672,0.7432964400620227,0.7514813402947195,0.741124396134484,0.7638466414470133,0.9004604387102938,0.7569978562434471,0.7416526740182952,0.7541267108790772,0.7772698892172704,0.7525377476511096,0.7721034571044051,0.7574529858349168,0.7442970868160534,0.8921382628073671,0.7163509169637314,0.7857043743831289,0.7673477602909171,0.902461988624343,0.7780549704701986,0.7491659400188433,0.7817321274320783,0.7329729261994351,0.7243228157601287,0.6838117954699265,0.7718563343191585,0.748869250280642,0.7431965115196091,0.7355671194082753,0.7408141406696236,0.7737254901895311,0.05243038868361849,0.7644163908918707,0.760946946228041,0.737337559529693,1.0,0.7665507214439835,0.6267889786419394,0.7553792881787962,0.7469980633151365,0.7581586154935365,0.7706381535631839,0.7584325213160068,0.7544058921807001,0.7251231048945452,0.7622492789096221,0.7630981499739973,0.7472260377688557,0.7444496922780756
0.7886901713352151,0.8164971448558067,0.7580681291491815,0.7632304076314943,0.7881229966431205,0.7800432807164411,0.7767630390221626,0.7756003042488424,0.7595447126595245,0.7683307681025789,0.8278138122686381,0.7739241881100362,0.8252515122912294,0.7659832607814689,0.755587505083406,0.7777263201400021,0.7577202212428983,0.8111802430217563,0.7764222375654669,0.7850054625639744,0.810392007429341,0.7755996286183233,0.8179129629004361,0.7682021580436025,0.7573903921622236,0.731318745301148,0.8469047468180009,0.7621327862292377,0.7581378505266995,0.7503314057906191,0.7563638749087938,0.8177559445155974,0.05663318082465352,0.814952980376486,0.783849088463894,0.7452092798324907,0.7665507214439835,1.0,0.6554712589618078,0.8201635717090101,0.7583384291594986,0.7932615353173326,0.8541197471817717,0.7790200856136729,0.7710076782108395,0.7492790553737093,0.8155359714287773,0.8118868029748173,0.7636378476621253,0.7629512127997662
0.6669903526416658,0.6427990401482261,0.6348773501711678,0.6794971781830581,0.6621226720924953,0.6395813510749211,0.6385772194252999,0.6845697143442719,0.6404010777702678,0.6726032391522219,0.6374019221143672,0.6812679844360137,0.6438186983293255,0.67236782130586,0.6661521355047709,0.6360063030735937,0.6730690245291493,0.6417252478066948,0.6292812010824284,0.6399045254863558,0.6399098820582423,0.6246864679354526,0.6440463677755476,0.6418260227611605,0.6664173527702869,0.6654358346070914,0.6463385597680258,0.6790438054947205,0.634500317819608,0.6250586481341607,0.6581091646009537,0.6573843228817635,0.059158765876428876,0.6474285759521825,0.6299781137280198,0.6570311820707104,0.6267889786419394,0.6554712589618078,1.0,0.6402231179793334,0.6639107411939787,0.6366941456660433,0.6392328688145333,0.6825153078212015,0.6909244141687183,0.636250740604978,0.6516083311151941,0.6431797977730331,0.657576408384579,0.6447108053967663
