../ecoli_genomes/GCF_000163235.1_ASM16323v1_genomic.fna.gz,../ecoli_genomes/GCF_000164555.1_ASM16455v1_genomic.fna.gz,../ecoli_genomes/GCF_000208545.1_ASM20854v2_genomic.fna.gz,../ecoli_genomes/GCF_000233875.1_ASM23387v1_genomic.fna.gz,../ecoli_genomes/GCF_000249735.1_ASM24973v2_genomic.fna.gz,../ecoli_genomes/GCF_000261145.1_Esch_coli_M919_V2_genomic.fna.gz,../ecoli_genomes/GCF_000267705.2_ASM26770v2_genomic.fna.gz,../ecoli_genomes/GCF_000350665.1_Esch_coli_KTE5_V1_genomic.fna.gz,../ecoli_genomes/GCF_000351625.1_Esch_coli_KTE66_V1_genomic.fna.gz,../ecoli_genomes/GCF_000352285.1_Esch_coli_KTE46_V1_genomic.fna.gz,../ecoli_genomes/GCF_000358895.1_ASM35889v1_genomic.fna.gz,../ecoli_genomes/GCF_000456385.1_Esch_coli_HVH_26_4-5703913_V1_genomic.fna.gz,../ecoli_genomes/GCF_000458195.1_Esch_coli_HVH_147_4-5893887_V1_genomic.fna.gz,../ecoli_genomes/GCF_000459755.1_Esch_coli_KOEGE_58_171a_V1_genomic.fna.gz,../ecoli_genomes/GCF_000460055.1_Esch_coli_UMEA_3053-1_V1_genomic.fna.gz,../ecoli_genomes/GCF_000462165.2_ASM46216v2_genomic.fna.gz,../ecoli_genomes/GCF_000601135.1_ASM60113v1_genomic.fna.gz,../ecoli_genomes/GCF_000614595.1_Ec2010EL1058_genomic.fna.gz,../ecoli_genomes/GCF_000617745.1_Ec2010C-4529_genomic.fna.gz,../ecoli_genomes/GCF_000618265.2_EcF6751_genomic.fna.gz,../ecoli_genomes/GCF_000619005.2_Ec2009C-4052_genomic.fna.gz,../ecoli_genomes/GCF_000619105.1_Ec2009C-4780_genomic.fna.gz,../ecoli_genomes/GCF_000619765.2_Ec2009C-3279_genomic.fna.gz,../ecoli_genomes/GCF_000687005.1_ASM68700v1_genomic.fna.gz,../ecoli_genomes/GCF_000687025.1_ASM68702v1_genomic.fna.gz,../ecoli_genomes/GCF_000700125.1_ASM70012v1_genomic.fna.gz,../ecoli_genomes/GCF_000753315.1_FHI35_genomic.fna.gz,../ecoli_genomes/GCF_000776375.1_ASM77637v1_genomic.fna.gz,../ecoli_genomes/GCF_000779395.1_ASM77939v1_genomic.fna.gz,../ecoli_genomes/GCF_000780315.1_ASM78031v1_genomic.fna.gz,../ecoli_genomes/GCF_000781995.1_ASM78199v1_genomic.fna.gz,../ecoli_genomes/GCF_000986765.1_ASM98676v1_genomic.fna.gz,../ecoli_genomes/GCF_001041375.1_ViralProj287958_genomic.fna.gz,../ecoli_genomes/GCF_001265335.1_302014_genomic.fna.gz,../ecoli_genomes/GCF_001265625.1_100854_genomic.fna.gz,../ecoli_genomes/GCF_001267345.1_303289_genomic.fna.gz,../ecoli_genomes/GCF_001309985.1_ASM130998v1_genomic.fna.gz,../ecoli_genomes/GCF_001521695.1_ASM152169v1_genomic.fna.gz,../ecoli_genomes/GCF_001592595.1_ASM159259v1_genomic.fna.gz,../ecoli_genomes/GCF_001614975.1_ASM161497v1_genomic.fna.gz,../ecoli_genomes/GCF_001692775.1_ASM169277v1_genomic.fna.gz,../ecoli_genomes/GCF_001748915.1_ASM174891v1_genomic.fna.gz,../ecoli_genomes/GCF_001749235.1_ASM174923v1_genomic.fna.gz,../ecoli_genomes/GCF_001881155.1_ASM188115v1_genomic.fna.gz,../ecoli_genomes/GCF_001881345.1_ASM188134v1_genomic.fna.gz,../ecoli_genomes/GCF_001892405.1_ASM189240v1_genomic.fna.gz,../ecoli_genomes/GCF_001892585.1_ASM189258v1_genomic.fna.gz,../ecoli_genomes/GCF_001893985.1_ASM189398v1_genomic.fna.gz,../ecoli_genomes/GCF_002001595.1_ASM200159v1_genomic.fna.gz,../ecoli_genomes/GCF_002002145.1_ASM200214v1_genomic.fna.gz
1.0,0.39444856751934987,0.3306018949644497,0.3467850173016179,0.3565560619179615,0.3853763337255883,0.3555513702786187,0.3478294586134216,0.44299036483760845,0.3591318985254154,0.37710950609868077,0.3548385214230618,0.37991146153506716,0.332147426431029,0.32891865327702385,0.3587312736448188,0.32444516857916716,0.37171778020628554,0.35461802904649464,0.35903768107791667,0.3573396815038764,0.3625050593833924,0.3762892713178623,0.3594594169945665,0.3270295497552804,0.2997563221607482,0.3673601754891017,0.34387474195606227,0.39943044543031525,0.4450117903005919,0.32049243360861135,0.3732947421954981,0.0,0.3723190306058636,0.369523326651916,0.3385856590412686,0.3388262162153418,0.37156040287586256,0.30686531665297123,0.38074738572981703,0.32447738128792525,0.36779718002904394,0.378091059286046,0.3457320450354806,0.359238153927553,0.37239560202574595,0.372810653168681,0.37203097969765775,0.33197942021581883,0.4074881439533281
0.39444856751934987,1.0,0.3157461860409779,0.3499822183179331,0.4521379401423019,0.5878292855895595,0.4088932897673849,0.3461803993986302,0.3667334533343839,0.3579465407837743,0.4788676110283213,0.34835628067885926,0.48593521722408184,0.3364774891856197,0.3353799280692715,0.41509209279097514,0.412079137170555,0.4745025374380386,0.44574167002592224,0.4163232218249183,0.45427695874739193,0.459192645392675,0.472581250387623,0.5142060049817937,0.4533699082478877,0.36789559347054424,0.471633048697519,0.3467492998670404,0.37297541711855486,0.3774501096076005,0.3255497453546222,0.4595606306776383,0.0,0.4584431795143371,0.5831351410890708,0.33302157112528985,0.3891191144223318,0.47854524320725056,0.2765605758050058,0.478038449931821,0.32775806500966276,0.5105375269588528,0.4774293544007252,0.3583885272965527,0.3572973938697954,0.3487183431456097,0.5126130332072227,0.5171956876660191,0.35102968767903986,0.3680067771448886
0.3306018949644497,0.3157461860409779,1.0,0.27849812904536797,0.28077523703434426,0.29484967959151054,0.2866215988513974,0.2750741117088853,0.31668461023971317,0.2827131013033777,0.3099901811234168,0.27111061484799015,0.30847774815027995,0.26812810999745706,0.27160280507625134,0.2900702051216135,0.2353439171026388,0.29854519974819593,0.2826939204674155,0.2906550628055644,0.2936009330295065,0.29322349921736146,0.3033362845654173,0.2675341174836663,0.24367430388389455,0.21375694543039325,0.30267879026777356,0.27548103215979547,0.31718364093969653,0.3215966202845937,0.2622574635926348,0.2888020558343789,0.0,0.29764892843252155,0.29054076354972314,0.27922261511676316,0.27432804951804723,0.2976881671501892,0.2262936226121901,0.30651484891717784,0.2693634665157,0.29736826458192045,0.3104607611430167,0.2829568795150782,0.2730725969887867,0.2933941332837534,0.29909894026363826,0.30032309377308275,0.28296326983097064,0.3174662740785541
0.3467850173016179,0.3499822183179331,0.27849812904536797,1.0,0.32813359849295876,0.34189126715473994,0.31777424377910635,0.5384773229735591,0.3418468169893124,0.5635171845109621,0.33777664203027946,0.5403932004777194,0.3408532667285945,0.5792792615018101,0.5995892927478592,0.3253020116937949,0.28066969657125995,0.3319306095403376,0.31793019286702706,0.3215806956555619,0.3195440545202126,0.3264611740055515,0.33954450862902297,0.30879403210928535,0.2804802105519032,0.2548428902845772,0.32863523993780086,0.57037864744735,0.3604852730326543,0.33585120581534833,0.5343616643606659,0.33846375174295584,0.0,0.3219678486522459,0.3253077810268381,0.4644547297692345,0.3031902623828754,0.3295398880677627,0.4186775649695297,0.3263090312083037,0.5596522705069565,0.32551650907708285,0.33277571750384294,0.571009225107231,0.5582122273381209,0.3460710968038856,0.324214865444736,0.3264409533256789,0.5033557363590586,0.36350428664739765
0.3565560619179615,0.4521379401423019,0.28077523703434426,0.32813359849295876,1.0,0.462082328678612,0.37610015831637156,0.3294855004532973,0.35280062030668236,0.33427664544639313,0.5483347200159772,0.31465504137531386,0.5176550223686974,0.3225723614297473,0.3278586699985977,0.3976690201726405,0.3919320982499668,0.4662753219087642,0.4507918664378342,0.3798638720790777,0.46565744870047576,0.46417757077537547,0.47299777070218807,0.43416634996043446,0.38627140792396386,0.3576564709244333,0.47964913711615476,0.30990230211923664,0.35023459014423675,0.347107828295549,0.31181524647700987,0.49569877568311926,0.0,0.4715143822620246,0.4450013609987741,0.3128384410118107,0.3681434638738681,0.4987758097217573,0.3015148520119111,0.49342930301078824,0.3274817188147201,0.45001945716641323,0.5015135143055922,0.316553431196551,0.32555934070387715,0.32228065420663354,0.4624868432351905,0.4659512973144144,0.31270811867906356,0.3430846477153182
0.3853763337255883,0.5878292855895595,0.29484967959151054,0.34189126715473994,0.462082328678612,1.0,0.41459746721545465,0.3524908849475692,0.359474869142278,0.3380887975642881,0.47013163287457627,0.32956273211752907,0.47998847167711856,0.32823330760237135,0.32740980799362585,0.4188883871007758,0.44212278519513803,0.47723972100591405,0.4544246881982308,0.4156825576103126,0.44579616760381335,0.45377230317559125,0.4759282221348057,0.5386840497138776,0.48244636275532304,0.39424354556890095,0.45444533930842845,0.33760182047320075,0.3756330907693297,0.3632213520428511,0.31584383296388996,0.47199894610868043,0.0,0.48094949407527665,0.582073499858752,0.3409539988222503,0.3984251204949303,0.467344476540107,0.3049069766540753,0.47133071214383304,0.32377912421103694,0.515525602783528,0.47619190995513483,0.34294173006773343,0.3480864273447015,0.337453504446952,0.5192850324271913,0.5218053136961565,0.33422644643716204,0.3712932470393755
0.3555513702786187,0.4088932897673849,0.2866215988513974,0.31777424377910635,0.37610015831637156,0.41459746721545465,1.0,0.31769350632432647,0.3588278236059135,0.31992872732996536,0.40875731057768705,0.30321346631186463,0.4131526110432885,0.3048535308367638,0.3029939360204299,0.7632474786284056,0.322807044247456,0.44801752288227015,0.42735067404895255,0.8552721032876363,0.4379847098526616,0.4295121193220006,0.4513648042069034,0.3688395052594188,0.32106507862245237,0.28840039910943294,0.4156786441563167,0.3126839414648602,0.34482808873903914,0.357733547980595,0.29601161187533953,0.3942131020864883,0.0,0.4212720926482536,0.4155989391127328,0.32987358620614093,0.7863890766627372,0.39601041910504264,0.27212202708619804,0.4100305577434893,0.2940459108952632,0.40642225831955325,0.41518388496225267,0.3197711548995851,0.31766253536265965,0.3204278525794958,0.3962074190055894,0.3982764358426685,0.30812033392775584,0.3504314550588148
0.3478294586134216,0.3461803993986302,0.2750741117088853,0.5384773229735591,0.3294855004532973,0.3524908849475692,0.31769350632432647,1.0,0.33976132981828766,0.5436901284990432,0.3363812951323052,0.510016359340187,0.34431802527587063,0.5146699629926352,0.516149281193789,0.32589445757858326,0.27714026259539337,0.3328140338735106,0.32261760610143353,0.3216279658275576,0.32106490895233075,0.32427893814442066,0.3359115234776979,0.31193841089955165,0.27771535287710225,0.25464703591053717,0.328682493175641,0.7029616194298908,0.3652557097921587,0.337840520437504,0.504234938708281,0.3328318361357345,0.0,0.32936024004768794,0.32644628144984533,0.4609410832884113,0.30557798343822107,0.3443031057947268,0.41235688940923154,0.3360939451244579,0.5136319944006839,0.3309015728255946,0.3378077045538439,0.7065868562335083,0.6732297813250514,0.3401918663501703,0.32386813094634126,0.3256928648510877,0.49151168666156686,0.3647419401414347
0.44299036483760845,0.3667334533343839,0.31668461023971317,0.3418468169893124,0.35280062030668236,0.359474869142278,0.3588278236059135,0.33976132981828766,1.0,0.356277681213483,0.37330076944740076,0.3260347997037859,0.3776288144852792,0.33364536362895814,0.33547255512692176,0.36808246720228377,0.2854633282704532,0.3612616166387167,0.34323932418201375,0.3648295539583909,0.35094515382537417,0.3589633560831814,0.3674315666210518,0.3262842499752744,0.2846847388739113,0.2585377065088802,0.36448289176918414,0.33160656251268905,0.3916110816040226,0.4645759477798953,0.3267198179179185,0.3473288691689215,0.0,0.3575315247627565,0.35302994212590166,0.3369856259226677,0.3429484044576835,0.352777193261936,0.28341882634994264,0.36773930481590955,0.3288306970743776,0.3626316164907557,0.371668763866406,0.33610558919451394,0.33029332655482213,0.36445983960286554,0.3536951840886279,0.3560271098868337,0.3296584798204165,0.401042025144666
0.3591318985254154,0.3579465407837743,0.2827131013033777,0.5635171845109621,0.33427664544639313,0.3380887975642881,0.31992872732996536,0.5436901284990432,0.356277681213483,1.0,0.34707093237652553,0.5200829470410997,0.3527049912738862,0.5433325602466587,0.5399867732241201,0.32829725281225897,0.26565639540786057,0.333938910039394,0.3162737293975255,0.32338037522381635,0.32093616039766604,0.3261248061937848,0.3329131087424686,0.3048813957872969,0.2709983946631752,0.24436612335967134,0.333339486347782,0.5451463071911224,0.36559160665262536,0.350460595626795,0.5530873152905248,0.32890174977635145,0.0,0.3253110281680537,0.3253899726351842,0.4840175042800421,0.3048786674718311,0.3326737841504309,0.4220850571270629,0.33972402402782065,0.5571219806399994,0.3268728691508933,0.3351499032991351,0.5498259350285637,0.5509740375600907,0.3450884132819778,0.32803510247366274,0.33006728889193315,0.5181902722006697,0.362221129369268
0.37710950609868077,0.4788676110283213,0.3099901811234168,0.33777664203027946,0.5483347200159772,0.47013163287457627,0.40875731057768705,0.3363812951323052,0.37330076944740076,0.34707093237652553,1.0,0.3266989657222642,0.5787037869575125,0.3310306400734362,0.3306774453576926,0.415432619591077,0.36300624318508457,0.5302594077107082,0.49364047875938055,0.4156453927599303,0.5170198040883708,0.5261971409060765,0.533139144981559,0.42577938111738867,0.3612428466768284,0.3330722039933679,0.541697544130049,0.33589230075789966,0.3662008581577624,0.3780188145672082,0.3157913390624295,0.49956099216543093,0.0,0.5140286528702107,0.47204375996697934,0.3402352020079371,0.3899642426065961,0.5242168793838984,0.2793125758059237,0.5595881165426473,0.3237631950719788,0.493895587388982,0.553911891117612,0.33839986220544005,0.3326450597545544,0.3450095607600169,0.48219715579650746,0.48443945177609826,0.33626267367252616,0.36965182320673295
0.3548385214230618,0.34835628067885926,0.27111061484799015,0.5403932004777194,0.31465504137531386,0.32956273211752907,0.30321346631186463,0.510016359340187,0.3260347997037859,0.5200829470410997,0.3266989657222642,1.0,0.3277077534488809,0.5188630959096417,0.6123216650907992,0.30623133505632494,0.28625898874359157,0.31661596565225714,0.30853111542884826,0.3061037959285835,0.3100997353056195,0.3140653974860841,0.32261996499779355,0.31328774802944737,0.28773530119397084,0.26617944664269066,0.31634309282765594,0.5194488552756888,0.36155236111415656,0.3331605512515037,0.4786574071587444,0.32608553739819945,0.0,0.3171538001043257,0.32218899301981163,0.4441619954902859,0.28783750779661577,0.3236292076383842,0.4048835369833854,0.3206537654030476,0.49331497432716986,0.314670662506758,0.3249410719430308,0.5240897911502038,0.5221156961618232,0.3427893243840563,0.3192261699587393,0.3189177369343015,0.4696209178881131,0.3547376863523367
0.37991146153506716,0.48593521722408184,0.30847774815027995,0.3408532667285945,0.5176550223686974,0.47998847167711856,0.4131526110432885,0.34431802527587063,0.3776288144852792,0.3527049912738862,0.5787037869575125,0.3277077534488809,1.0,0.3269408959352571,0.3347651788190814,0.4268317047538627,0.370693636026285,0.5487725803860158,0.5242981455125081,0.41989123479815116,0.5488955220257943,0.5880242431255331,0.5970638725394183,0.4338040726091622,0.3663511796330037,0.33610224959139945,0.5842741531561997,0.3352561520457381,0.3691030749712505,0.38247546885808725,0.31894668581399055,0.5342786281877678,0.0,0.5738128676042704,0.48277064946438164,0.3358261392885524,0.3975153963632311,0.5570617521895613,0.28609638413651584,0.5927077973029866,0.3276433496233284,0.48757187821343717,0.5825490642444962,0.3380364512826507,0.3340107097685763,0.33977919101200993,0.48356625497845673,0.48696874140860236,0.33501457250892763,0.3708981038742486
0.332147426431029,0.3364774891856197,0.26812810999745706,0.5792792615018101,0.3225723614297473,0.32823330760237135,0.3048535308367638,0.5146699629926352,0.33364536362895814,0.5433325602466587,0.3310306400734362,0.5188630959096417,0.3269408959352571,1.0,0.5891367230728418,0.3101401256133214,0.25734945605039683,0.3210861998860065,0.3055897130876778,0.30996761783929316,0.3057933921099518,0.3145096356596735,0.32292990833433766,0.2855817728164223,0.25646309685235147,0.2322862361406317,0.31983891508397355,0.5468707413417426,0.3566239694702641,0.3267263831014674,0.524719634789002,0.3167551940561544,0.0,0.3108627483955293,0.3159405266832608,0.4593519784183636,0.29112070660857703,0.32217111353384287,0.4023086890150295,0.31719582582476447,0.54245316849758,0.31510052930168364,0.3255113283929212,0.5449717349648316,0.5334618955107086,0.34172725323749853,0.31423841876447756,0.3166975586098836,0.4974310510842783,0.3563645111053011
0.32891865327702385,0.3353799280692715,0.27160280507625134,0.5995892927478592,0.3278586699985977,0.32740980799362585,0.3029939360204299,0.516149281193789,0.33547255512692176,0.5399867732241201,0.3306774453576926,0.6123216650907992,0.3347651788190814,0.5891367230728418,1.0,0.3148615208904627,0.26605756957075366,0.3195004612104124,0.30418929149673757,0.3078131191906417,0.3077655431799424,0.3163006874124378,0.3241188129993775,0.29352961109419917,0.2638288080195883,0.23588735303734654,0.3182723227195563,0.5332606318248115,0.3529503755306128,0.32707772152181747,0.5295552716729137,0.3216633439681177,0.0,0.3109028784588027,0.3160072313015728,0.4566283021651283,0.2931922104975666,0.3225897139173094,0.40974581054228987,0.3170308037949484,0.5483613934137023,0.3152122014884562,0.3275340048044687,0.5322688567397137,0.5217683783255175,0.34416134072114146,0.31899883175106303,0.32251776192397186,0.4903688262932988,0.3661815280036319
0.3587312736448188,0.41509209279097514,0.2900702051216135,0.3253020116937949,0.3976690201726405,0.4188883871007758,0.7632474786284056,0.32589445757858326,0.36808246720228377,0.32829725281225897,0.415432619591077,0.30623133505632494,0.4268317047538627,0.3101401256133214,0.3148615208904627,1.0,0.33114639834636705,0.4362397807719466,0.433307997312928,0.7805696555226574,0.4232944873252025,0.4335260582364633,0.44351695883097164,0.3720269392694199,0.33181718809353256,0.29544200469923765,0.4143750400117705,0.3175411576391285,0.34836601450067406,0.36429776984198914,0.30604658486671643,0.40239502427728746,0.0,0.4209829237871924,0.41728756126331146,0.33328372077038326,0.7469122681931921,0.4009573393245598,0.27438621913079275,0.41241222973829317,0.30674955894605493,0.40621672842770595,0.4185023529209895,0.3216214324130321,0.32067201569719384,0.32442996384202905,0.4019043039822353,0.4047209517342276,0.31433971266242444,0.34977822932451064
0.32444516857916716,0.412079137170555,0.2353439171026388,0.28066969657125995,0.3919320982499668,0.44212278519513803,0.322807044247456,0.27714026259539337,0.2854633282704532,0.26565639540786057,0.36300624318508457,0.28625898874359157,0.370693636026285,0.25734945605039683,0.26605756957075366,0.33114639834636705,1.0,0.3606508297254958,0.3465518951584218,0.32373242661002444,0.35048289433711,0.35801661982755006,0.3694012834447574,0.5652062797423569,0.5587404995265242,0.6177601594273323,0.3573298307024829,0.27307314999380117,0.29051484963608565,0.2937698976312578,0.25099628606795044,0.4525451244375037,0.0,0.38352820488546124,0.42916418735637407,0.2664196852321459,0.31579450138586984,0.3605160620473127,0.26711088908808145,0.3770093145483955,0.2532312312886481,0.39417752081704494,0.36706464742866474,0.28621992325455303,0.29293372174022125,0.2687517589484618,0.44526429448598237,0.4258665657901478,0.25597485608555914,0.29620960167993327
0.37171778020628554,0.4745025374380386,0.29854519974819593,0.3319306095403376,0.4662753219087642,0.47723972100591405,0.44801752288227015,0.3328140338735106,0.3612616166387167,0.333938910039394,0.5302594077107082,0.31661596565225714,0.5487725803860158,0.3210861998860065,0.3195004612104124,0.4362397807719466,0.3606508297254958,1.0,0.5597998583970212,0.4497689540317321,0.5601937251002591,0.5639948286368902,0.5745140366429442,0.41622485648012164,0.3581302342856012,0.3261430632167145,0.5417497034408711,0.3288037755998735,0.36258500323557485,0.36767478070936965,0.3111528100432508,0.5037019279875761,0.0,0.5311601943891917,0.4709469332626637,0.34509559748043783,0.4228205037241166,0.5051586829409584,0.2823780258620777,0.5383389121487319,0.3089325165864961,0.47210421659238455,0.5370259472797473,0.3312402133346187,0.3269143819213495,0.3346893663590268,0.46676155536886166,0.4696913454371713,0.3202583563106949,0.3654725915994377
0.35461802904649464,0.44574167002592224,0.2826939204674155,0.31793019286702706,0.4507918664378342,0.4544246881982308,0.42735067404895255,0.32261760610143353,0.34323932418201375,0.3162737293975255,0.49364047875938055,0.30853111542884826,0.5242981455125081,0.3055897130876778,0.30418929149673757,0.433307997312928,0.3465518951584218,0.5597998583970212,1.0,0.42428449118531,0.5424062692277569,0.5474887394522033,0.5511703213468602,0.39893052851957933,0.35486458050715186,0.3103575512525054,0.5162020124318677,0.3131706531457996,0.3475097550031636,0.35232175852993,0.29669642376864636,0.4908623061251923,0.0,0.509016471458909,0.4596533092619898,0.3260614624830829,0.41250382805541064,0.48568620922596295,0.26822925543110143,0.5192791988524263,0.2982195333312194,0.449379122162444,0.5133489129438524,0.32013742290119795,0.317460277129476,0.32195638556611483,0.4399578742878745,0.44379243048689165,0.30678726612070983,0.3501945795592125
0.35903768107791667,0.4163232218249183,0.2906550628055644,0.3215806956555619,0.3798638720790777,0.4156825576103126,0.8552721032876363,0.3216279658275576,0.3648295539583909,0.32338037522381635,0.4156453927599303,0.3061037959285835,0.41989123479815116,0.30996761783929316,0.3078131191906417,0.7805696555226574,0.32373242661002444,0.4497689540317321,0.42428449118531,1.0,0.4399724314555187,0.4310347838184815,0.4514072884908611,0.3682889227513557,0.32245146965555993,0.2909829486948058,0.41962701266614766,0.3177012693070631,0.3493423992223623,0.3632614970836656,0.3001878351585813,0.39685570820858673,0.0,0.419458910655384,0.4171887056202185,0.33322395808712124,0.792362115313261,0.40155997184509185,0.27214663030348507,0.41716137526572505,0.2989542799484516,0.40802385063184543,0.42020553874659117,0.32262808718774527,0.31991376948658423,0.3265973999858237,0.40042048313810374,0.40238565949351324,0.3138293255114577,0.3549711698471615
0.3573396815038764,0.45427695874739193,0.2936009330295065,0.3195440545202126,0.46565744870047576,0.44579616760381335,0.4379847098526616,0.32106490895233075,0.35094515382537417,0.32093616039766604,0.5170198040883708,0.3100997353056195,0.5488955220257943,0.3057933921099518,0.3077655431799424,0.4232944873252025,0.35048289433711,0.5601937251002591,0.5424062692277569,0.4399724314555187,1.0,0.5542982894729174,0.5772755312178903,0.40240226162425796,0.3481801575156783,0.3214246296025356,0.542177773642603,0.31901325921693746,0.3482515806051043,0.3627576798249449,0.2988578763830533,0.5017092790758959,0.0,0.541001519324314,0.4576390560720891,0.33404041869563006,0.4150746989694283,0.5131484279224214,0.272685236468719,0.5427459597213912,0.30412836919180397,0.4406963478977851,0.5351258996561566,0.32382310905824785,0.3214865694240492,0.33061724597225217,0.45909860552449544,0.46179434946050735,0.3141777758774076,0.3532196223963361
0.3625050593833924,0.459192645392675,0.29322349921736146,0.3264611740055515,0.46417757077537547,0.45377230317559125,0.4295121193220006,0.32427893814442066,0.3589633560831814,0.3261248061937848,0.5261971409060765,0.3140653974860841,0.5880242431255331,0.3145096356596735,0.3163006874124378,0.4335260582364633,0.35801661982755006,0.5639948286368902,0.5474887394522033,0.4310347838184815,0.5542982894729174,1.0,0.7351790094868176,0.40499199960909316,0.35522373073774904,0.31820762213685627,0.5471723367654258,0.321148142004574,0.3494713423877406,0.3604874895657486,0.3030420085000912,0.5104550276658175,0.0,0.6501257001317697,0.4578698398207207,0.32839640800025427,0.4093162394771279,0.5185448590055177,0.2747146798802521,0.5533340556889256,0.3055001183735635,0.4555728731003006,0.5521097049594221,0.3259200776863489,0.32012483465002795,0.32633342956312494,0.4539160621621041,0.457311103693157,0.318186650318247,0.3561273433007529
0.3762892713178623,0.472581250387623,0.3033362845654173,0.33954450862902297,0.47299777070218807,0.4759282221348057,0.4513648042069034,0.3359115234776979,0.3674315666210518,0.3329131087424686,0.533139144981559,0.32261996499779355,0.5970638725394183,0.32292990833433766,0.3241188129993775,0.44351695883097164,0.3694012834447574,0.5745140366429442,0.5511703213468602,0.4514072884908611,0.5772755312178903,0.7351790094868176,1.0,0.4119050657792809,0.3650525119901453,0.3235629449828523,0.5664006915945758,0.3330922657533827,0.3630987376790814,0.3661204533681557,0.31435479452472037,0.5293537548768312,0.0,0.669508341289295,0.4728195672748172,0.3397920162397302,0.42612260034063765,0.5301554636120229,0.28840249409918794,0.5613411146375227,0.3149383918868208,0.46569512882876307,0.5583156372321407,0.3377808705642459,0.33345822252686974,0.33520291609392805,0.4615620154001656,0.4652312431374792,0.32601551574198173,0.36448014022471065
0.3594594169945665,0.5142060049817937,0.2675341174836663,0.30879403210928535,0.43416634996043446,0.5386840497138776,0.3688395052594188,0.31193841089955165,0.3262842499752744,0.3048813957872969,0.42577938111738867,0.31328774802944737,0.4338040726091622,0.2855817728164223,0.29352961109419917,0.3720269392694199,0.5652062797423569,0.41622485648012164,0.39893052851957933,0.3682889227513557,0.40240226162425796,0.40499199960909316,0.4119050657792809,1.0,0.5679690604956783,0.542312448697583,0.41166595645898096,0.29871162723171696,0.330638115523867,0.33508922763780724,0.2757846625164637,0.46182403306769726,0.0,0.41867642798992954,0.5451609808382063,0.3033958075701483,0.35548059930246234,0.40804053128575446,0.2812957848323142,0.42624111795772013,0.28698581849062577,0.46136880211130504,0.415632357605038,0.31024166197239933,0.31638694050370875,0.30196408918226814,0.4767288321885085,0.4662510145315746,0.28786892919909957,0.33423707374590794
0.3270295497552804,0.4533699082478877,0.24367430388389455,0.2804802105519032,0.38627140792396386,0.48244636275532304,0.32106507862245237,0.27771535287710225,0.2846847388739113,0.2709983946631752,0.3612428466768284,0.28773530119397084,0.3663511796330037,0.25646309685235147,0.2638288080195883,0.33181718809353256,0.5587404995265242,0.3581302342856012,0.35486458050715186,0.32245146965555993,0.3481801575156783,0.35522373073774904,0.3650525119901453,0.5679690604956783,1.0,0.5688700777086314,0.35776227336303623,0.26852298801721974,0.2844329904611007,0.2944897013901555,0.2532232600558889,0.45431044791874886,0.0,0.3696853831221729,0.477388277688058,0.2635020866059993,0.3202436232773713,0.36736417313752856,0.26305630023334237,0.3720934395334292,0.2563498443745734,0.3942716075829126,0.36835453841034727,0.28913216218043103,0.29345153082478603,0.2726955928964194,0.4283747596698957,0.4134027113729486,0.2640453727616543,0.2946867447044479
0.2997563221607482,0.36789559347054424,0.21375694543039325,0.2548428902845772,0.3576564709244333,0.39424354556890095,0.28840039910943294,0.25464703591053717,0.2585377065088802,0.24436612335967134,0.3330722039933679,0.26617944664269066,0.33610224959139945,0.2322862361406317,0.23588735303734654,0.29544200469923765,0.6177601594273323,0.3261430632167145,0.3103575512525054,0.2909829486948058,0.3214246296025356,0.31820762213685627,0.3235629449828523,0.542312448697583,0.5688700777086314,1.0,0.3251248094137048,0.2503281908797875,0.26324375630563457,0.2704240943574273,0.22835867696788315,0.4014960099527525,0.0,0.3364718343510792,0.3866345983793493,0.23815520838767534,0.28063887883117444,0.32971040519969874,0.2545903092880313,0.34930044554177386,0.231549464744098,0.3546749891704494,0.32768757343040855,0.2670168351230209,0.26514635652871466,0.2429139762965431,0.40862387866539773,0.3831053851616728,0.2387096964530172,0.26937430088668257
0.3673601754891017,0.471633048697519,0.30267879026777356,0.32863523993780086,0.47964913711615476,0.45444533930842845,0.4156786441563167,0.328682493175641,0.36448289176918414,0.333339486347782,0.541697544130049,0.31634309282765594,0.5842741531561997,0.31983891508397355,0.3182723227195563,0.4143750400117705,0.3573298307024829,0.5417497034408711,0.5162020124318677,0.41962701266614766,0.542177773642603,0.5471723367654258,0.5664006915945758,0.41166595645898096,0.35776227336303623,0.3251248094137048,1.0,0.32366712175413237,0.3600775983211921,0.36647974250687443,0.31061381861353665,0.5214016858412687,0.0,0.5366209200732718,0.4633335256328519,0.3268423521882041,0.3998527310085407,0.5993366014567942,0.26300216729495807,0.5749949032757835,0.3120622034652403,0.46520382342149,0.635954060257224,0.33320704013143165,0.3216429797229312,0.34138931694129904,0.46253369148672885,0.46528314407093185,0.3264222121286342,0.36187180274460784
0.34387474195606227,0.3467492998670404,0.27548103215979547,0.57037864744735,0.30990230211923664,0.33760182047320075,0.3126839414648602,0.7029616194298908,0.33160656251268905,0.5451463071911224,0.33589230075789966,0.5194488552756888,0.3352561520457381,0.5468707413417426,0.5332606318248115,0.3175411576391285,0.27307314999380117,0.3288037755998735,0.3131706531457996,0.3177012693070631,0.31901325921693746,0.321148142004574,0.3330922657533827,0.29871162723171696,0.26852298801721974,0.2503281908797875,0.32366712175413237,1.0,0.36184554803187396,0.3348865220814973,0.5062316035777193,0.32936165756025526,0.0,0.32150278519484465,0.32286587991771165,0.45901306765462746,0.2988421764460808,0.3366864776521815,0.40695748246669083,0.3282547522373601,0.520900978383797,0.3252354622050454,0.3303641021754429,0.8032652064786308,0.7554251286637514,0.3370557814431554,0.32254202637353624,0.3230214361302216,0.5069482366885197,0.3558154651213331
0.39943044543031525,0.37297541711855486,0.31718364093969653,0.3604852730326543,0.35023459014423675,0.3756330907693297,0.34482808873903914,0.3652557097921587,0.3916110816040226,0.36559160665262536,0.3662008581577624,0.36155236111415656,0.3691030749712505,0.3566239694702641,0.3529503755306128,0.34836601450067406,0.29051484963608565,0.36258500323557485,0.3475097550031636,0.3493423992223623,0.3482515806051043,0.3494713423877406,0.3630987376790814,0.330638115523867,0.2844329904611007,0.26324375630563457,0.3600775983211921,0.36184554803187396,1.0,0.3827216394486309,0.34327339345564156,0.35451488307620704,0.0,0.35617820424066027,0.3569261364511559,0.36058257090014245,0.32468589332279496,0.35885162675159055,0.2978450737438125,0.3631649030205124,0.34537535292197674,0.3514527590268589,0.3613907071507946,0.36296838094502537,0.3609310195775227,0.4315963850166189,0.3504306671098577,0.35222374896210495,0.3564746496604625,0.6271131421230531
0.4450117903005919,0.3774501096076005,0.3215966202845937,0.33585120581534833,0.347107828295549,0.3632213520428511,0.357733547980595,0.337840520437504,0.4645759477798953,0.350460595626795,0.3780188145672082,0.3331605512515037,0.38247546885808725,0.3267263831014674,0.32707772152181747,0.36429776984198914,0.2937698976312578,0.36767478070936965,0.35232175852993,0.3632614970836656,0.3627576798249449,0.3604874895657486,0.3661204533681557,0.33508922763780724,0.2944897013901555,0.2704240943574273,0.36647974250687443,0.3348865220814973,0.3827216394486309,1.0,0.3201111371530877,0.34664908667961436,0.0,0.35732182096974097,0.36281913954678435,0.3346524167376975,0.3412525570662568,0.36438482998697874,0.27886849861834706,0.3847563866374404,0.32495813671600127,0.3648948928864879,0.37584732584994396,0.3404332192064927,0.33698196956210613,0.37731840983786935,0.3699034560225757,0.3710547283025115,0.33721700823641165,0.4010217462285265
0.32049243360861135,0.3255497453546222,0.2622574635926348,0.5343616643606659,0.31181524647700987,0.31584383296388996,0.29601161187533953,0.504234938708281,0.3267198179179185,0.5530873152905248,0.3157913390624295,0.4786574071587444,0.31894668581399055,0.524719634789002,0.5295552716729137,0.30604658486671643,0.25099628606795044,0.3111528100432508,0.29669642376864636,0.3001878351585813,0.2988578763830533,0.3030420085000912,0.31435479452472037,0.2757846625164637,0.2532232600558889,0.22835867696788315,0.31061381861353665,0.5062316035777193,0.34327339345564156,0.3201111371530877,1.0,0.309846106935866,0.0,0.3095737820027228,0.3008708504304314,0.44369508626785814,0.28284172468026225,0.3139534197775211,0.38021685475425904,0.3121883435103534,0.6497964619651841,0.30436374363328333,0.3138274483431207,0.5140234047012334,0.5015955114766736,0.33358832975891095,0.3058292252553473,0.307559756887437,0.4732341615118276,0.34251294477438865
0.3732947421954981,0.4595606306776383,0.2888020558343789,0.33846375174295584,0.49569877568311926,0.47199894610868043,0.3942131020864883,0.3328318361357345,0.3473288691689215,0.32890174977635145,0.49956099216543093,0.32608553739819945,0.5342786281877678,0.3167551940561544,0.3216633439681177,0.40239502427728746,0.4525451244375037,0.5037019279875761,0.4908623061251923,0.39685570820858673,0.5017092790758959,0.5104550276658175,0.5293537548768312,0.46182403306769726,0.45431044791874886,0.4014960099527525,0.5214016858412687,0.32936165756025526,0.35451488307620704,0.34664908667961436,0.309846106935866,1.0,0.0,0.520549236367281,0.4533143335578107,0.31786712368132664,0.3881396506572977,0.5228528668990158,0.28661790134050724,0.5353332076000819,0.3080669123951921,0.45447344824177605,0.5384212440358801,0.33061030750060283,0.3387779082929755,0.32422659278463883,0.4653680149988705,0.4632652169860899,0.31056288623462325,0.3504867088875957
0.0,0.0,0.0,0.0,0.0,0.0,0.0,0.0,0.0,0.0,0.0,0.0,0.0,0.0,0.0,0.0,0.0,0.0,0.0,0.0,0.0,0.0,0.0,0.0,0.0,0.0,0.0,0.0,0.0,0.0,0.0,0.0,1.0,0.0,0.0,0.0,0.0,0.0,0.0,0.0,0.0,0.0,0.0,0.0,0.0,0.0,0.0,0.0,0.0,0.0
0.3723190306058636,0.4584431795143371,0.29764892843252155,0.3219678486522459,0.4715143822620246,0.48094949407527665,0.4212720926482536,0.32936024004768794,0.3575315247627565,0.3253110281680537,0.5140286528702107,0.3171538001043257,0.5738128676042704,0.3108627483955293,0.3109028784588027,0.4209829237871924,0.38352820488546124,0.5311601943891917,0.509016471458909,0.419458910655384,0.541001519324314,0.6501257001317697,0.669508341289295,0.41867642798992954,0.3696853831221729,0.3364718343510792,0.5366209200732718,0.32150278519484465,0.35617820424066027,0.35732182096974097,0.3095737820027228,0.520549236367281,0.0,1.0,0.4654390665668723,0.33928558783824514,0.39923385852059534,0.516807306843439,0.29393657148464825,0.5442582498726332,0.3031872470804946,0.4590485265043527,0.5522874363317359,0.325627331750445,0.3263072829872673,0.32829238546876205,0.4612078837669126,0.4629634413946184,0.31452448601675764,0.35807427995175534
0.369523326651916,0.5831351410890708,0.29054076354972314,0.3253077810268381,0.4450013609987741,0.582073499858752,0.4155989391127328,0.32644628144984533,0.35302994212590166,0.3253899726351842,0.47204375996697934,0.32218899301981163,0.48277064946438164,0.3159405266832608,0.3160072313015728,0.41728756126331146,0.42916418735637407,0.4709469332626637,0.4596533092619898,0.4171887056202185,0.4576390560720891,0.4578698398207207,0.4728195672748172,0.5451609808382063,0.477388277688058,0.3866345983793493,0.4633335256328519,0.32286587991771165,0.3569261364511559,0.36281913954678435,0.3008708504304314,0.4533143335578107,0.0,0.4654390665668723,1.0,0.327541929635086,0.3964145492790869,0.4513867003470121,0.2824426292625487,0.47293454212237984,0.30454087760139503,0.5132614952881359,0.47585379707781505,0.32539191849940696,0.32604348481742296,0.32575754409499824,0.4961110329621804,0.4968715165249479,0.31879995553860196,0.3541994244080844
0.3385856590412686,0.33302157112528985,0.27922261511676316,0.4644547297692345,0.3128384410118107,0.3409539988222503,0.32987358620614093,0.4609410832884113,0.3369856259226677,0.4840175042800421,0.3402352020079371,0.4441619954902859,0.3358261392885524,0.4593519784183636,0.4566283021651283,0.33328372077038326,0.2664196852321459,0.34509559748043783,0.3260614624830829,0.33322395808712124,0.33404041869563006,0.32839640800025427,0.3397920162397302,0.3033958075701483,0.2635020866059993,0.23815520838767534,0.3268423521882041,0.45901306765462746,0.36058257090014245,0.3346524167376975,0.44369508626785814,0.31786712368132664,0.0,0.33928558783824514,0.327541929635086,1.0,0.31429407315213,0.3253526543685118,0.41182445388600775,0.3389694310168443,0.4475357142264913,0.3259445807533501,0.3330228585383066,0.4647210002703964,0.46528522811963136,0.33288269673848403,0.32092991847828223,0.32167599598617846,0.45647103825899427,0.3607525078933299
0.3388262162153418,0.3891191144223318,0.27432804951804723,0.3031902623828754,0.3681434638738681,0.3984251204949303,0.7863890766627372,0.30557798343822107,0.3429484044576835,0.3048786674718311,0.3899642426065961,0.28783750779661577,0.3975153963632311,0.29112070660857703,0.2931922104975666,0.7469122681931921,0.31579450138586984,0.4228205037241166,0.41250382805541064,0.792362115313261,0.4150746989694283,0.4093162394771279,0.42612260034063765,0.35548059930246234,0.3202436232773713,0.28063887883117444,0.3998527310085407,0.2988421764460808,0.32468589332279496,0.3412525570662568,0.28284172468026225,0.3881396506572977,0.0,0.39923385852059534,0.3964145492790869,0.31429407315213,1.0,0.3800017394882308,0.26098786912980754,0.3894486784086233,0.2834056239956144,0.390362537613692,0.3994761077625969,0.3016362624853428,0.3003756992799881,0.3031368980836693,0.381480534339279,0.3834224194492014,0.29215888506666954,0.3335238587370971
0.37156040287586256,0.47854524320725056,0.2976881671501892,0.3295398880677627,0.4987758097217573,0.467344476540107,0.39601041910504264,0.3443031057947268,0.352777193261936,0.3326737841504309,0.5242168793838984,0.3236292076383842,0.5570617521895613,0.32217111353384287,0.3225897139173094,0.4009573393245598,0.3605160620473127,0.5051586829409584,0.48568620922596295,0.40155997184509185,0.5131484279224214,0.5185448590055177,0.5301554636120229,0.40804053128575446,0.36736417313752856,0.32971040519969874,0.5993366014567942,0.3366864776521815,0.35885162675159055,0.36438482998697874,0.3139534197775211,0.5228528668990158,0.0,0.516807306843439,0.4513867003470121,0.3253526543685118,0.3800017394882308,1.0,0.2809811276265959,0.5551564220038536,0.3170965871736685,0.46314290983595285,0.6412746221504144,0.3428366271414056,0.33714909203458665,0.33801155852854425,0.4754614079382611,0.4777418162003496,0.3335589241306669,0.36092694145990534
0.30686531665297123,0.2765605758050058,0.2262936226121901,0.4186775649695297,0.3015148520119111,0.3049069766540753,0.27212202708619804,0.41235688940923154,0.28341882634994264,0.4220850571270629,0.2793125758059237,0.4048835369833854,0.28609638413651584,0.4023086890150295,0.40974581054228987,0.27438621913079275,0.26711088908808145,0.2823780258620777,0.26822925543110143,0.27214663030348507,0.272685236468719,0.2747146798802521,0.28840249409918794,0.2812957848323142,0.26305630023334237,0.2545903092880313,0.26300216729495807,0.40695748246669083,0.2978450737438125,0.27886849861834706,0.38021685475425904,0.28661790134050724,0.0,0.29393657148464825,0.2824426292625487,0.41182445388600775,0.26098786912980754,0.2809811276265959,1.0,0.2759034774763872,0.3940791813066722,0.27934160416339604,0.27803638249507556,0.41313458232225586,0.41880754178073565,0.27413441995425203,0.27783563845908577,0.27613549292823236,0.3865366830145216,0.2993212354297111
0.38074738572981703,0.478038449931821,0.30651484891717784,0.3263090312083037,0.49342930301078824,0.47133071214383304,0.4100305577434893,0.3360939451244579,0.36773930481590955,0.33972402402782065,0.5595881165426473,0.3206537654030476,0.5927077973029866,0.31719582582476447,0.3170308037949484,0.41241222973829317,0.3770093145483955,0.5383389121487319,0.5192791988524263,0.41716137526572505,0.5427459597213912,0.5533340556889256,0.5613411146375227,0.42624111795772013,0.3720934395334292,0.34930044554177386,0.5749949032757835,0.3282547522373601,0.3631649030205124,0.3847563866374404,0.3121883435103534,0.5353332076000819,0.0,0.5442582498726332,0.47293454212237984,0.3389694310168443,0.3894486784086233,0.5551564220038536,0.2759034774763872,1.0,0.3139143358966079,0.4719223695348066,0.5859442388338094,0.333231243400706,0.3350706862470908,0.3466872327845951,0.49368499109297725,0.49477086804644066,0.3269495044833659,0.3707312351656671
