../ecoli_genomes/GCF_000163235.1_ASM16323v1_genomic.fna.gz,../ecoli_genomes/GCF_000164555.1_ASM16455v1_genomic.fna.gz,../ecoli_genomes/GCF_000208545.1_ASM20854v2_genomic.fna.gz,../ecoli_genomes/GCF_000233875.1_ASM23387v1_genomic.fna.gz,../ecoli_genomes/GCF_000249735.1_ASM24973v2_genomic.fna.gz,../ecoli_genomes/GCF_000261145.1_Esch_coli_M919_V2_genomic.fna.gz,../ecoli_genomes/GCF_000267705.2_ASM26770v2_genomic.fna.gz,../ecoli_genomes/GCF_000350665.1_Esch_coli_KTE5_V1_genomic.fna.gz,../ecoli_genomes/GCF_000351625.1_Esch_coli_KTE66_V1_genomic.fna.gz,../ecoli_genomes/GCF_000352285.1_Esch_coli_KTE46_V1_genomic.fna.gz,../ecoli_genomes/GCF_000358895.1_ASM35889v1_genomic.fna.gz,../ecoli_genomes/GCF_000456385.1_Esch_coli_HVH_26_4-5703913_V1_genomic.fna.gz,../ecoli_genomes/GCF_000458195.1_Esch_coli_HVH_147_4-5893887_V1_genomic.fna.gz,../ecoli_genomes/GCF_000459755.1_Esch_coli_KOEGE_58_171a_V1_genomic.fna.gz,../ecoli_genomes/GCF_000460055.1_Esch_coli_UMEA_3053-1_V1_genomic.fna.gz,../ecoli_genomes/GCF_000462165.2_ASM46216v2_genomic.fna.gz,../ecoli_genomes/GCF_000601135.1_ASM60113v1_genomic.fna.gz,../ecoli_genomes/GCF_000614595.1_Ec2010EL1058_genomic.fna.gz,../ecoli_genomes/GCF_000617745.1_Ec2010C-4529_genomic.fna.gz,../ecoli_genomes/GCF_000618265.2_EcF6751_genomic.fna.gz,../ecoli_genomes/GCF_000619005.2_Ec2009C-4052_genomic.fna.gz,../ecoli_genomes/GCF_000619105.1_Ec2009C-4780_genomic.fna.gz,../ecoli_genomes/GCF_000619765.2_Ec2009C-3279_genomic.fna.gz,../ecoli_genomes/GCF_000687005.1_ASM68700v1_genomic.fna.gz,../ecoli_genomes/GCF_000687025.1_ASM68702v1_genomic.fna.gz,../ecoli_genomes/GCF_000700125.1_ASM70012v1_genomic.fna.gz,../ecoli_genomes/GCF_000753315.1_FHI35_genomic.fna.gz,../ecoli_genomes/GCF_000776375.1_ASM77637v1_genomic.fna.gz,../ecoli_genomes/GCF_000779395.1_ASM77939v1_genomic.fna.gz,../ecoli_genomes/GCF_000780315.1_ASM78031v1_genomic.fna.gz,../ecoli_genomes/GCF_000781995.1_ASM78199v1_genomic.fna.gz,../ecoli_genomes/GCF_000986765.1_ASM98676v1_genomic.fna.gz,../ecoli_genomes/GCF_001041375.1_ViralProj287958_genomic.fna.gz,../ecoli_genomes/GCF_001265335.1_302014_genomic.fna.gz,../ecoli_genomes/GCF_001265625.1_100854_genomic.fna.gz,../ecoli_genomes/GCF_001267345.1_303289_genomic.fna.gz,../ecoli_genomes/GCF_001309985.1_ASM130998v1_genomic.fna.gz,../ecoli_genomes/GCF_001521695.1_ASM152169v1_genomic.fna.gz,../ecoli_genomes/GCF_001592595.1_ASM159259v1_genomic.fna.gz,../ecoli_genomes/GCF_001614975.1_ASM161497v1_genomic.fna.gz,../ecoli_genomes/GCF_001692775.1_ASM169277v1_genomic.fna.gz,../ecoli_genomes/GCF_001748915.1_ASM174891v1_genomic.fna.gz,../ecoli_genomes/GCF_001749235.1_ASM174923v1_genomic.fna.gz,../ecoli_genomes/GCF_001881155.1_ASM188115v1_genomic.fna.gz,../ecoli_genomes/GCF_001881345.1_ASM188134v1_genomic.fna.gz,../ecoli_genomes/GCF_001892405.1_ASM189240v1_genomic.fna.gz,../ecoli_genomes/GCF_001892585.1_ASM189258v1_genomic.fna.gz,../ecoli_genomes/GCF_001893985.1_ASM189398v1_genomic.fna.gz,../ecoli_genomes/GCF_002001595.1_ASM200159v1_genomic.fna.gz,../ecoli_genomes/GCF_002002145.1_ASM200214v1_genomic.fna.gz
1.0,0.3734301788327977,0.30957925051551416,0.3302376534812511,0.3175452279715969,0.34370724790519724,0.34588720661552996,0.336256476120964,0.43295528845199927,0.3430496723474705,0.36672651832252656,0.34325238751415366,0.36076682324504616,0.323638806398877,0.31290568377240646,0.3517265185878625,0.33434289934626416,0.35734583350328075,0.3335336702793523,0.3487980995565857,0.34171012734760753,0.34439527245531976,0.3611505357625959,0.3505978817731126,0.3438900769735218,0.3500179219390459,0.3577631706358264,0.32678813912126825,0.3814108680972724,0.4256230020295604,0.3079543742338653,0.3525435270903581,0.0,0.35334910359137695,0.35468244518891223,0.329844941279023,0.3359850185097015,0.35215253499079,0.282273521296605,0.35697972658249,0.3130700756743884,0.35018898896145,0.36130683534736685,0.33488508602738465,0.345255808633147,0.3610659800928332,0.34937860134446763,0.3497992241738853,0.3172113489584836,0.39016651157327065
0.3734301788327977,1.0,0.2909605960096684,0.3207390541069294,0.3903518919645389,0.5321819347442734,0.3902169858809347,0.3314958342445,0.350340187631053,0.3338078851292602,0.4704504776717029,0.3315662112366575,0.45135077602815,0.31664343421877683,0.3037864192470643,0.39331633104953323,0.48383894036585584,0.45565369118143506,0.4162711235704152,0.39598001796747484,0.4352758496889402,0.43080265890125413,0.4563222882340583,0.5433586538375111,0.5480242807162451,0.5164401890548439,0.45997746107442383,0.3275983063922504,0.35620217953603583,0.35171829882734085,0.3072202614641225,0.4333646759632668,0.0,0.44078340786227677,0.5715174667497691,0.31374596715772507,0.3765039672075259,0.45278788733208974,0.24674527054095263,0.4593757244399975,0.30353501557841456,0.5050051908904348,0.4663117022614661,0.341126111603025,0.3385533948650489,0.3310161774680982,0.5092325693486539,0.5093356367447056,0.33439223205326774,0.3541982243881836
0.30957925051551416,0.2909605960096684,1.0,0.26035934441777697,0.2378900476936774,0.2642347925620806,0.2703121224518171,0.26668139771564026,0.30158086194077094,0.265451789036135,0.2941030718441848,0.26002700772779497,0.279451381001913,0.26521471853135103,0.24981565189028077,0.2753347274196496,0.2583083697328872,0.2805017096888398,0.256157029278697,0.27705748286264753,0.2745518043036551,0.272267841302958,0.28103600604096945,0.261323328568269,0.2640738777211675,0.2694544239398021,0.28283695067735926,0.26782827245471463,0.3017598833121675,0.30313459195472825,0.25253162356178127,0.2699142233684264,0.0,0.2767054667347969,0.2710279476738924,0.2700105700038178,0.2634584705407439,0.26953768701159686,0.20917227997536392,0.2875371991854332,0.2544289884610166,0.2794264269680591,0.2880154640741669,0.273846917256619,0.2656295491645019,0.2840611499848146,0.28337451806357283,0.28366964279955664,0.27406993068600216,0.3068880349100469
0.3302376534812511,0.3207390541069294,0.26035934441777697,1.0,0.3162248539198915,0.3032246654880686,0.2967912778568981,0.5370617877711814,0.33616163039411695,0.561106330127317,0.3146591161306347,0.5349771095309375,0.33042501730343987,0.5717021329934511,0.5975118009129143,0.32122677203529393,0.2990465210198432,0.307292639770134,0.2842270265548571,0.3007471584176772,0.2943915661735801,0.2957255430739497,0.3147550240993944,0.31533714600343443,0.3112837606427913,0.3208235238470978,0.3077260155621362,0.5562889552411027,0.340346966531449,0.3241668622785854,0.5301198202429089,0.3323787047560086,0.0,0.2988630188130028,0.3032616490873391,0.44746066225806735,0.296502157309378,0.2960711456561177,0.37513729777087435,0.2994758907085142,0.5649430661501502,0.3089808195211461,0.310540230800484,0.5587413572997402,0.5493931819133713,0.3325702204091121,0.3068518239369121,0.3075359258900131,0.4851711798345669,0.3456460380527425
0.3175452279715969,0.3903518919645389,0.2378900476936774,0.3162248539198915,1.0,0.39424368237116325,0.32641692459349203,0.3083125246920919,0.33673661970703794,0.3166508513825811,0.4782990866160115,0.28660134504583934,0.4736582639419795,0.2897726852640117,0.3120694179537382,0.3765698848551323,0.41040274902265883,0.40437099064607507,0.37116873012902185,0.33376479576985885,0.4086251979896809,0.3931351723116775,0.41340681368798515,0.42474414968432717,0.40778843547447385,0.4207416318232705,0.42425662318764323,0.2793498399562626,0.3070348332759306,0.32889900933670146,0.28187354200849446,0.4510030843200218,0.0,0.4114277026442933,0.39724482780472226,0.2798114378414809,0.3384712422670094,0.4414971306088393,0.24400469322276996,0.4259002135237312,0.30931324471168564,0.4013366203106755,0.43468907853213823,0.28626819941676473,0.2940820844525114,0.29095569909493624,0.40655111307233427,0.4066268129324887,0.2755194668599247,0.3088469269238
0.34370724790519724,0.5321819347442734,0.2642347925620806,0.3032246654880686,0.39424368237116325,1.0,0.37405822277824485,0.31351900175130565,0.3341672204214995,0.30571539807820436,0.4322598512673068,0.30013213286047025,0.43175036002700384,0.2956044320841805,0.2915837505612098,0.3820917575016056,0.45740459506010567,0.44095352669167875,0.4022976460470863,0.37462979273078556,0.4070932643410796,0.4347848535346236,0.43240643361194797,0.5084358080668021,0.505475365985869,0.4694306451772414,0.42497522633184803,0.296935453938558,0.3402688427632282,0.32587406336754343,0.2815221576014991,0.4217511694436803,0.0,0.4286358204878089,0.5294953098621693,0.3075517612596863,0.3627710753719242,0.42214632908677396,0.26267917965081466,0.42660313720970366,0.2864312641926454,0.47549307254371387,0.4352956362541601,0.3024617104192142,0.307231555031687,0.3056352489287303,0.4776643027254318,0.4777457824909115,0.2981697783359538,0.33582705264535295
0.34588720661552996,0.3902169858809347,0.2703121224518171,0.2967912778568981,0.32641692459349203,0.37405822277824485,1.0,0.30377850814411045,0.34121682898283034,0.29904314254244124,0.3943741667110314,0.2921005528915417,0.3863099113032443,0.2910713713783363,0.2834351238584868,0.7432078377778826,0.3618780168189295,0.4298108236719358,0.3965306204711795,0.8363209446980453,0.41782231142527226,0.40134955471558575,0.4304392297185583,0.3737777623473906,0.3663742084425696,0.3790251982090661,0.39550251467282926,0.29580559302523024,0.3280626021690882,0.33379535861092136,0.28157389438885116,0.3760058193969388,0.0,0.39930934204137447,0.39526359129112165,0.32124280662932514,0.7885891887642117,0.36335978403765024,0.25688593300970697,0.3858924091125048,0.2783879755849906,0.38076770646177827,0.3939172850730672,0.3023628004924175,0.30233780113866104,0.30720130886112196,0.37245099783054525,0.3728613534840317,0.29292215203886074,0.3343364231050535
0.336256476120964,0.3314958342445,0.26668139771564026,0.5370617877711814,0.3083125246920919,0.31351900175130565,0.30377850814411045,1.0,0.3322331816573362,0.5434563340148675,0.3190076983373027,0.5163713044038063,0.33538578753030457,0.5244122691454807,0.5113966375442494,0.3191573859893334,0.30296028873509095,0.31683814316336467,0.2964388542903226,0.3073787057792332,0.30267748057657085,0.30590242649383914,0.3217072393766641,0.32504492865411694,0.3103622649734168,0.31976227853160777,0.3191534020910587,0.6938967542843777,0.3564835590551574,0.32258002884943504,0.5105031109851288,0.3218216455995384,0.0,0.30929382345811673,0.3092327019051021,0.4521171830704611,0.29841239552102694,0.3180399832547478,0.3861466368887623,0.31568606036107505,0.5125865336989012,0.31517711777562807,0.32012340687517826,0.6985351183933995,0.678731723270025,0.33177634677984924,0.31060769783889575,0.31088628041959887,0.48379705734811307,0.35204868633752184
0.43295528845199927,0.350340187631053,0.30158086194077094,0.33616163039411695,0.33673661970703794,0.3341672204214995,0.34121682898283034,0.3322331816573362,1.0,0.3444124063182813,0.36573406646824436,0.32074836008175756,0.3698762154347188,0.32629888892004866,0.32921266568122265,0.3659948118696158,0.328859195814889,0.35224913324550744,0.3188190063602524,0.34961298662609575,0.3374543636274542,0.3327547880034105,0.3494556055264554,0.3502481358613867,0.3332753239220013,0.34960715689446864,0.3564071326212934,0.3170057726994705,0.3820477277941555,0.4524658953306163,0.3192117086800409,0.3508744758087907,0.0,0.33852755062428097,0.34045157052522346,0.33129096670292746,0.3418084491653386,0.3329784988050245,0.26260515279255325,0.3550552234382982,0.32490885644035516,0.3470415694649861,0.3631826794933889,0.32312342457078214,0.3185797575204038,0.3587982655269012,0.34501588563066277,0.34529470896206427,0.31847129595815493,0.38980067427494836
0.3430496723474705,0.3338078851292602,0.265451789036135,0.561106330127317,0.3166508513825811,0.30571539807820436,0.29904314254244124,0.5434563340148675,0.3444124063182813,1.0,0.3265126228455112,0.5087369619450127,0.3391509663899347,0.5339438266418435,0.5382534185443708,0.3232801755608947,0.29645753007786635,0.3103419394676141,0.2850040026768468,0.3043797653077679,0.29512080149140363,0.29548694068684256,0.31045770958024876,0.3176199253567251,0.31154955898391434,0.3200899919314092,0.3158747967519844,0.5339441654620971,0.35072755789920607,0.3308376001457458,0.5534905183211798,0.31994131209710786,0.0,0.30251611234988596,0.30622389047420073,0.46082363159443185,0.2992039630276624,0.3055131669102563,0.3819979993933714,0.3125233625165236,0.5595058784023881,0.3111690705844108,0.3183267931796281,0.5384873144379967,0.5381345107748408,0.3349419243596641,0.31016636381690543,0.3107444178393509,0.5010407189707813,0.3477542344538258
0.36672651832252656,0.4704504776717029,0.2941030718441848,0.3146591161306347,0.4782990866160115,0.4322598512673068,0.3943741667110314,0.3190076983373027,0.36573406646824436,0.3265126228455112,1.0,0.3103166366901434,0.5584085890311321,0.31971940076125216,0.30322238463739437,0.40290434778142825,0.41967290876995433,0.5198619418486145,0.48866503136226336,0.40477553293103286,0.5090522918643935,0.5201236081550713,0.5240863303149067,0.43816815200055736,0.41886709452890436,0.4582610481003677,0.5365288034122915,0.3210112289991581,0.35422945367416536,0.3637059910227358,0.304745014236772,0.4889425474653051,0.0,0.5021344777546496,0.46090431403079923,0.32777181961069257,0.3837082407484501,0.5003905556856645,0.250155327227805,0.5519238839777671,0.3028817901166816,0.481423409122977,0.5453486912283318,0.3245048015555938,0.31982217949537606,0.3323453103429783,0.4723163231920049,0.4728046076346998,0.3233958663405945,0.35969171537859823
0.34325238751415366,0.3315662112366575,0.26002700772779497,0.5349771095309375,0.28660134504583934,0.30013213286047025,0.2921005528915417,0.5163713044038063,0.32074836008175756,0.5087369619450127,0.3103166366901434,1.0,0.3138525339278089,0.5253733500470794,0.606626618748567,0.3046658073516778,0.28850949218569133,0.3000647597807572,0.28367283972053536,0.29737819103682317,0.29553821859399143,0.29425318333131045,0.30689389272419876,0.3113120727129697,0.2973556507242576,0.3089610158614118,0.30548403209716823,0.5154475519547044,0.36009225885593643,0.3173952237486821,0.4722089947032363,0.30740767629585086,0.0,0.2976242895426502,0.30583965957231807,0.4366252201810944,0.28744564820272345,0.29688548012399607,0.38252975372749265,0.3063536017494478,0.49007516788865413,0.30237070341345995,0.30789322921677764,0.5225881659295211,0.5240789823836298,0.33174050050667536,0.305979757407958,0.3070681733436783,0.46440845281501975,0.347134239291377
0.36076682324504616,0.45135077602815,0.279451381001913,0.33042501730343987,0.4736582639419795,0.43175036002700384,0.3863099113032443,0.33538578753030457,0.3698762154347188,0.3391509663899347,0.5584085890311321,0.3138525339278089,1.0,0.3145742441052347,0.32373419882151633,0.41990960691695645,0.41926969602071495,0.5255722154881599,0.5222918556046696,0.39533271572500084,0.5260764897059294,0.5764432001096832,0.5732244386774346,0.4494202714324589,0.4205721250197665,0.45500184040388314,0.5637216330544599,0.31614074911683265,0.34890285552768263,0.3699747733519131,0.30680277314469195,0.5407204077520307,0.0,0.5517547619214889,0.4489438375882766,0.3156525098094408,0.39126541041479324,0.5129750536447715,0.24835854541489144,0.5603739065275133,0.31972074558500285,0.46074585748594254,0.5612094104537209,0.3209318425533002,0.3181335118971562,0.31965974438592026,0.460102311893114,0.4600464930447341,0.3132798611160702,0.34867740869094377
0.323638806398877,0.31664343421877683,0.26521471853135103,0.5717021329934511,0.2897726852640117,0.2956044320841805,0.2910713713783363,0.5244122691454807,0.32629888892004866,0.5339438266418435,0.31971940076125216,0.5253733500470794,0.3145742441052347,1.0,0.5768001232799231,0.30554951425016863,0.28728007105179487,0.30533101463439793,0.2813231628642495,0.2979886132828151,0.29070931625703356,0.29452650742764264,0.3100769966409026,0.2948687643737352,0.290044397639723,0.3039918763248508,0.30919877517382466,0.558569374378038,0.3523172296298951,0.31375835749367786,0.5213861589624111,0.3073923459725052,0.0,0.30047202002889817,0.2965628585446174,0.44814558169932894,0.28706598019694285,0.298174964439023,0.36442592861533396,0.3021734798386625,0.5358686140737563,0.3028336005870831,0.3085247126183639,0.555596841552752,0.5447914386099885,0.33844097274263873,0.30432659799675643,0.30489013408190613,0.492282849384337,0.35576615638188847
0.31290568377240646,0.3037864192470643,0.24981565189028077,0.5975118009129143,0.3120694179537382,0.2915837505612098,0.2834351238584868,0.5113966375442494,0.32921266568122265,0.5382534185443708,0.30322238463739437,0.606626618748567,0.32373419882151633,0.5768001232799231,1.0,0.31135443114103867,0.29118864285908197,0.2959353623085591,0.2679733718971481,0.29004075471377855,0.28462622525200076,0.2853270162458672,0.3023731328185989,0.30436716240428174,0.2981144470542585,0.3111626183343775,0.2996540865977154,0.5141229294041292,0.3380581889792421,0.3136167976490597,0.5211483512219002,0.3158824599819061,0.0,0.2887699960689686,0.29030489890404154,0.43518478097211366,0.28655258364133696,0.29153493709389733,0.3698589550086032,0.29452576423630006,0.5439549107611236,0.2957129526478235,0.3013640918358439,0.515195957768583,0.5075735266242083,0.3261130910153571,0.30028265132950793,0.3008189938412359,0.47010374773846353,0.34581744661157876
0.3517265185878625,0.39331633104953323,0.2753347274196496,0.32122677203529393,0.3765698848551323,0.3820917575016056,0.7432078377778826,0.3191573859893334,0.3659948118696158,0.3232801755608947,0.40290434778142825,0.3046658073516778,0.41990960691695645,0.30554951425016863,0.31135443114103867,1.0,0.37395740367608976,0.42452900321781895,0.3871009229532889,0.7770862622520088,0.4078566753999906,0.40665764630341994,0.4220103603686559,0.3923234666932861,0.3820406292877242,0.3998255452410342,0.4008180718851997,0.3027177287506394,0.3330694767842759,0.3600873483875614,0.29846336590379663,0.3976754157874792,0.0,0.39728577648801155,0.3947318709697991,0.3212635466217918,0.750027401030656,0.3736386586326256,0.24752313736285936,0.39250369258062046,0.3071923457569615,0.3910928166481663,0.400579281541818,0.30738209454010745,0.30790043021329405,0.3170401729632334,0.3825884519793893,0.3828608591620132,0.3032416264210256,0.3424350056013383
0.33434289934626416,0.48383894036585584,0.2583083697328872,0.2990465210198432,0.41040274902265883,0.45740459506010567,0.3618780168189295,0.30296028873509095,0.328859195814889,0.29645753007786635,0.41967290876995433,0.28850949218569133,0.41926969602071495,0.28728007105179487,0.29118864285908197,0.37395740367608976,1.0,0.41118725452178384,0.3761136705672482,0.36481640292177375,0.39733135202214054,0.39837102875688213,0.42247139186487537,0.5327265086917273,0.507898447257213,0.5240308164191767,0.4143645990778789,0.28769516306149334,0.33067613047426014,0.3220443745930923,0.27361865642216976,0.4592475453498095,0.0,0.42106078047970086,0.479492651740978,0.2987919809664564,0.35976372016288594,0.3976227392548476,0.2476146053456827,0.41667235074343123,0.27859969058812195,0.45395773947096085,0.41778855297907924,0.295336545175907,0.3099799452391424,0.2943380693822023,0.4732036212249361,0.4726647687067954,0.28402822739770917,0.3250859110868878
0.35734583350328075,0.45565369118143506,0.2805017096888398,0.307292639770134,0.40437099064607507,0.44095352669167875,0.4298108236719358,0.31683814316336467,0.35224913324550744,0.3103419394676141,0.5198619418486145,0.3000647597807572,0.5255722154881599,0.30533101463439793,0.2959353623085591,0.42452900321781895,0.41118725452178384,1.0,0.5282445472457397,0.4336725376132414,0.5476707117279243,0.5378689165627728,0.5637386036953916,0.4277733526319025,0.4108184493691148,0.44128975245050606,0.5370283326936742,0.3118798112308996,0.34421680858299875,0.3530802146640173,0.29369731701029,0.48084169908093954,0.0,0.5143235799706046,0.45673594293590636,0.3345405839916149,0.41683956178085124,0.478144551247374,0.2545971027751279,0.524824685349266,0.28973036387067475,0.46441005941640157,0.5258176222251796,0.315725691998166,0.3123135548349376,0.3179555530744822,0.4560108091543037,0.4564585310720617,0.30686090447556746,0.3491307342015981
0.3335336702793523,0.4162711235704152,0.256157029278697,0.2842270265548571,0.37116873012902185,0.4022976460470863,0.3965306204711795,0.2964388542903226,0.3188190063602524,0.2850040026768468,0.48866503136226336,0.28367283972053536,0.5222918556046696,0.2813231628642495,0.2679733718971481,0.3871009229532889,0.3761136705672482,0.5282445472457397,1.0,0.3966801573759765,0.5101012575017533,0.5413864051664967,0.5153016103305742,0.3899819548420801,0.3824174868662832,0.3922118281297915,0.4891520279422207,0.28709759766060206,0.31374300956645795,0.3237153283570775,0.26870567696184766,0.4735405713013453,0.0,0.4749716208149528,0.42515288900840575,0.30690318330465616,0.38173815939513345,0.4423265659456428,0.23837782866608415,0.4830192473646505,0.26452176959342055,0.4188890340796886,0.4869818599203114,0.29598621620758925,0.29157726357752045,0.29491143096483896,0.4103509554002803,0.4108818492443135,0.283165049745163,0.31823965487548234
0.3487980995565857,0.39598001796747484,0.27705748286264753,0.3007471584176772,0.33376479576985885,0.37462979273078556,0.8363209446980453,0.3073787057792332,0.34961298662609575,0.3043797653077679,0.40477553293103286,0.29737819103682317,0.39533271572500084,0.2979886132828151,0.29004075471377855,0.7770862622520088,0.36481640292177375,0.4336725376132414,0.3966801573759765,1.0,0.42502566671491304,0.40743825299178404,0.43229120197207593,0.3768188231109316,0.37200609571717647,0.38774621612135973,0.4051227628820645,0.3013670228949461,0.3331068415233006,0.34346291583731914,0.28875777762253096,0.3803482715872286,0.0,0.39888319238493675,0.3961461805706493,0.323290089656322,0.8104696937632381,0.37321434613350224,0.24816126250817905,0.3962232854178893,0.28499089392474686,0.38929920935461026,0.40121415345071254,0.30621783683065285,0.3037854429441993,0.31659694296954444,0.38181052430603424,0.3822376023549051,0.30055372065865793,0.3428887313021495
0.34171012734760753,0.4352758496889402,0.2745518043036551,0.2943915661735801,0.4086251979896809,0.4070932643410796,0.41782231142527226,0.30267748057657085,0.3374543636274542,0.29512080149140363,0.5090522918643935,0.29553821859399143,0.5260764897059294,0.29070931625703356,0.28462622525200076,0.4078566753999906,0.39733135202214054,0.5476707117279243,0.5101012575017533,0.42502566671491304,1.0,0.5313065085994693,0.5661932025261367,0.41425884622844034,0.39986808222067804,0.42938122295591874,0.5406014589563266,0.2983833076088618,0.324751347217092,0.3418494644063468,0.27918098107074263,0.4909311949049585,0.0,0.5283675305616993,0.44104497451211777,0.3197881026291466,0.40634372264538776,0.48887002788014966,0.24463073478033404,0.5279012013642279,0.281465020800994,0.43266784280930926,0.5273476843055607,0.3033529654016702,0.30205328152252664,0.3124877242622507,0.4501173550831691,0.45038955724913243,0.29669743077722843,0.3370374757213568
0.34439527245531976,0.43080265890125413,0.272267841302958,0.2957255430739497,0.3931351723116775,0.4347848535346236,0.40134955471558575,0.30590242649383914,0.3327547880034105,0.29548694068684256,0.5201236081550713,0.29425318333131045,0.5764432001096832,0.29452650742764264,0.2853270162458672,0.40665764630341994,0.39837102875688213,0.5378689165627728,0.5413864051664967,0.40743825299178404,0.5313065085994693,1.0,0.7006668742635624,0.4044761438597442,0.3957504008458034,0.41860334898134177,0.5327150657108786,0.2991331787627082,0.3267704386990773,0.33435335353808204,0.28162662471321875,0.49993528856512326,0.0,0.6224736051417588,0.4330827944091469,0.3128921203965236,0.393862686540133,0.48434246098358547,0.24236065469948642,0.5277290778152229,0.2803508360058946,0.4336282383192325,0.5327452789657922,0.3055180442869183,0.3003246163135658,0.3081558629107849,0.4329604481152428,0.4333706864195348,0.298247787118891,0.33719512165895726
0.3611505357625959,0.4563222882340583,0.28103600604096945,0.3147550240993944,0.41340681368798515,0.43240643361194797,0.4304392297185583,0.3217072393766641,0.3494556055264554,0.31045770958024876,0.5240863303149067,0.30689389272419876,0.5732244386774346,0.3100769966409026,0.3023731328185989,0.4220103603686559,0.42247139186487537,0.5637386036953916,0.5153016103305742,0.43229120197207593,0.5661932025261367,0.7006668742635624,1.0,0.4227309983624361,0.4196594979414945,0.43560826396005026,0.5642034109909545,0.31562884473346164,0.34233954146101697,0.34600994964181186,0.2981210553866406,0.5133979043948409,0.0,0.6495592256634624,0.45284961548354896,0.33224233905892886,0.41669464747942453,0.5036831996875484,0.25772357246630573,0.5445179001142045,0.2962673599578681,0.4495733161260852,0.5491683932102944,0.3209510101905173,0.31866550800397386,0.3193412478927933,0.4489696673018908,0.44908072466149207,0.3105523057307198,0.349714627610757
0.3505978817731126,0.5433586538375111,0.261323328568269,0.31533714600343443,0.42474414968432717,0.5084358080668021,0.3737777623473906,0.32504492865411694,0.3502481358613867,0.3176199253567251,0.43816815200055736,0.3113120727129697,0.4494202714324589,0.2948687643737352,0.30436716240428174,0.3923234666932861,0.5327265086917273,0.4277733526319025,0.3899819548420801,0.3768188231109316,0.41425884622844034,0.4044761438597442,0.4227309983624361,1.0,0.5546676263918272,0.5227458250646109,0.42935789964662785,0.2958146707987164,0.3431485705797015,0.341007731476452,0.2899171080406896,0.45125233460256264,0.0,0.41797549318062477,0.5482976432663876,0.30434287002363414,0.3722180339876252,0.41009240700802585,0.24465294002980154,0.4280004913440151,0.30237936051898984,0.4745217299851179,0.43104961862498625,0.30669285606963226,0.31990190024594456,0.30512360041567477,0.4726093057436227,0.472847970776312,0.29380422879256773,0.3305218307616211
0.3438900769735218,0.5480242807162451,0.2640738777211675,0.3112837606427913,0.40778843547447385,0.505475365985869,0.3663742084425696,0.3103622649734168,0.3332753239220013,0.31154955898391434,0.41886709452890436,0.2973556507242576,0.4205721250197665,0.290044397639723,0.2981144470542585,0.3820406292877242,0.507898447257213,0.4108184493691148,0.3824174868662832,0.37200609571717647,0.39986808222067804,0.3957504008458034,0.4196594979414945,0.5546676263918272,1.0,0.5325685326657514,0.4127026861750188,0.28811725502372443,0.3227520737187416,0.3239465310029237,0.2848156700526703,0.4556466680254462,0.0,0.4051526810830578,0.5519125308828436,0.29530861858767576,0.3668602628886952,0.40759433213680385,0.24427054240215618,0.4070392995635542,0.29115680719293846,0.45419448572334586,0.42298236901981,0.30701846662479815,0.31291646158802644,0.2998092808261007,0.46107430715642783,0.4625159417693936,0.30223174735875735,0.31930203965942916
0.3500179219390459,0.5164401890548439,0.2694544239398021,0.3208235238470978,0.4207416318232705,0.4694306451772414,0.3790251982090661,0.31976227853160777,0.34960715689446864,0.3200899919314092,0.4582610481003677,0.3089610158614118,0.45500184040388314,0.3039918763248508,0.3111626183343775,0.3998255452410342,0.5240308164191767,0.44128975245050606,0.3922118281297915,0.38774621612135973,0.42938122295591874,0.41860334898134177,0.43560826396005026,0.5227458250646109,0.5325685326657514,1.0,0.4440074847589889,0.30137233508411143,0.34041097101432694,0.34656263276520205,0.29663862399769814,0.4458121532751249,0.0,0.4239530707065138,0.5126224437152863,0.3079809728842875,0.38043217432675747,0.4303663488446625,0.24527846171106638,0.44637500141310116,0.3010930966148754,0.4874850156239725,0.44305406260254765,0.3179925486249795,0.3189997043166487,0.31236687387920814,0.4993582862942092,0.498938301884575,0.3124340125923918,0.34415789860678525
0.3577631706358264,0.45997746107442383,0.28283695067735926,0.3077260155621362,0.42425662318764323,0.42497522633184803,0.39550251467282926,0.3191534020910587,0.3564071326212934,0.3158747967519844,0.5365288034122915,0.30548403209716823,0.5637216330544599,0.30919877517382466,0.2996540865977154,0.4008180718851997,0.4143645990778789,0.5370283326936742,0.4891520279422207,0.4051227628820645,0.5406014589563266,0.5327150657108786,0.5642034109909545,0.42935789964662785,0.4127026861750188,0.4440074847589889,1.0,0.30889166864047246,0.3494668236234114,0.35444434376519407,0.29955056891851795,0.5123633036225943,0.0,0.5312497086114994,0.45200623103155846,0.32016159693449164,0.3862789696718001,0.5846900342108023,0.2422875483825203,0.5735159776460729,0.2982062339970254,0.457511639821371,0.6391169197233106,0.31787292207646245,0.3108578851878565,0.3265641667709205,0.45764106414911143,0.4577580508044422,0.31091363560104246,0.3525201550797853
0.32678813912126825,0.3275983063922504,0.26782827245471463,0.5562889552411027,0.2793498399562626,0.296935453938558,0.29580559302523024,0.6938967542843777,0.3170057726994705,0.5339441654620971,0.3210112289991581,0.5154475519547044,0.31614074911683265,0.558569374378038,0.5141229294041292,0.3027177287506394,0.28769516306149334,0.3118798112308996,0.28709759766060206,0.3013670228949461,0.2983833076088618,0.2991331787627082,0.31562884473346164,0.2958146707987164,0.28811725502372443,0.30137233508411143,0.30889166864047246,1.0,0.3536941476047635,0.3132303060972418,0.5090871876954585,0.3087954653131224,0.0,0.3004631220553,0.30097916147889703,0.44987019815639595,0.28783089999833567,0.3068854991145794,0.37954572636722395,0.3088449600730844,0.5173845979520291,0.30721338740305904,0.3125726762344083,0.7996292637170602,0.7588438836308702,0.33250187338147896,0.3089031464188101,0.3090505628206578,0.502392353762861,0.3482570609147482
0.3814108680972724,0.35620217953603583,0.3017598833121675,0.340346966531449,0.3070348332759306,0.3402688427632282,0.3280626021690882,0.3564835590551574,0.3820477277941555,0.35072755789920607,0.35422945367416536,0.36009225885593643,0.34890285552768263,0.3523172296298951,0.3380581889792421,0.3330694767842759,0.33067613047426014,0.34421680858299875,0.31374300956645795,0.3331068415233006,0.324751347217092,0.3267704386990773,0.34233954146101697,0.3431485705797015,0.3227520737187416,0.34041097101432694,0.3494668236234114,0.3536941476047635,1.0,0.3641522788790179,0.335194182694868,0.337115509190795,0.0,0.33397812330186594,0.339122191620973,0.3504218693975003,0.3185673760374542,0.3356248539431188,0.27940442534652954,0.34553889446452923,0.3305323901936086,0.3393342527342498,0.34561529290999404,0.35328456788816276,0.35426542453646714,0.42382804999147283,0.3396703551972118,0.3403927055281051,0.3438917863798824,0.6208707693596136
0.4256230020295604,0.35171829882734085,0.30313459195472825,0.3241668622785854,0.32889900933670146,0.32587406336754343,0.33379535861092136,0.32258002884943504,0.4524658953306163,0.3308376001457458,0.3637059910227358,0.3173952237486821,0.3699747733519131,0.31375835749367786,0.3136167976490597,0.3600873483875614,0.3220443745930923,0.3530802146640173,0.3237153283570775,0.34346291583731914,0.3418494644063468,0.33435335353808204,0.34600994964181186,0.341007731476452,0.3239465310029237,0.34656263276520205,0.35444434376519407,0.3132303060972418,0.3641522788790179,1.0,0.3072218022871819,0.34070352616958754,0.0,0.3339483856068667,0.3428132702697133,0.32085673034391027,0.3352767184094342,0.3337797316313257,0.2705158173385861,0.36196981980633225,0.3130942544954499,0.3467219514342248,0.3573998840106861,0.3173197932622617,0.31245785745374866,0.36582202434801825,0.3528948777622054,0.3533248448948021,0.3125760845036375,0.38299777393668666
0.3079543742338653,0.3072202614641225,0.25253162356178127,0.5301198202429089,0.28187354200849446,0.2815221576014991,0.28157389438885116,0.5105031109851288,0.3192117086800409,0.5534905183211798,0.304745014236772,0.4722089947032363,0.30680277314469195,0.5213861589624111,0.5211483512219002,0.29846336590379663,0.27361865642216976,0.29369731701029,0.26870567696184766,0.28875777762253096,0.27918098107074263,0.28162662471321875,0.2981210553866406,0.2899171080406896,0.2848156700526703,0.29663862399769814,0.29955056891851795,0.5090871876954585,0.335194182694868,0.3072218022871819,1.0,0.29377244563689076,0.0,0.2867397219582265,0.2846143201624294,0.43704310517331313,0.27966046041543524,0.2886295663890104,0.3539224312804383,0.2973442269873421,0.6467250779841625,0.2936700736956157,0.2979556657354716,0.5126975833830377,0.5019677215013384,0.3240049581913679,0.29246953053532343,0.292743803743576,0.47014335711944766,0.33387578996418443
0.3525435270903581,0.4333646759632668,0.2699142233684264,0.3323787047560086,0.4510030843200218,0.4217511694436803,0.3760058193969388,0.3218216455995384,0.3508744758087907,0.31994131209710786,0.4889425474653051,0.30740767629585086,0.5407204077520307,0.3073923459725052,0.3158824599819061,0.3976754157874792,0.4592475453498095,0.48084169908093954,0.4735405713013453,0.3803482715872286,0.4909311949049585,0.49993528856512326,0.5133979043948409,0.45125233460256264,0.4556466680254462,0.4458121532751249,0.5123633036225943,0.3087954653131224,0.337115509190795,0.34070352616958754,0.29377244563689076,1.0,0.0,0.4951442127337825,0.43026546540017785,0.3072540616302586,0.3792900988470078,0.4956972619311637,0.251372956422086,0.5145146039839303,0.3047388700701883,0.4303372599128086,0.5257955170427513,0.3101112220165876,0.32163211611129905,0.3102142484448478,0.44512804549670615,0.4455192185788883,0.2959513979940085,0.33258073250907194
0.0,0.0,0.0,0.0,0.0,0.0,0.0,0.0,0.0,0.0,0.0,0.0,0.0,0.0,0.0,0.0,0.0,0.0,0.0,0.0,0.0,0.0,0.0,0.0,0.0,0.0,0.0,0.0,0.0,0.0,0.0,0.0,1.0,0.0,0.0,0.0,0.0,0.0,0.0,0.0,0.0,0.0,0.0,0.0,0.0,0.0,0.0,0.0,0.0,0.0
0.35334910359137695,0.44078340786227677,0.2767054667347969,0.2988630188130028,0.4114277026442933,0.4286358204878089,0.39930934204137447,0.30929382345811673,0.33852755062428097,0.30251611234988596,0.5021344777546496,0.2976242895426502,0.5517547619214889,0.30047202002889817,0.2887699960689686,0.39728577648801155,0.42106078047970086,0.5143235799706046,0.4749716208149528,0.39888319238493675,0.5283675305616993,0.6224736051417588,0.6495592256634624,0.41797549318062477,0.4051526810830578,0.4239530707065138,0.5312497086114994,0.3004631220553,0.33397812330186594,0.3339483856068667,0.2867397219582265,0.4951442127337825,0.0,1.0,0.44456731881249434,0.3327160750009497,0.3834426630969874,0.48437514600091336,0.2617577068642807,0.5204871371217257,0.285117935510376,0.4381490231472964,0.5356833713539031,0.3058021923418833,0.3104787507229466,0.30708615612887324,0.4390607761026447,0.4393292204184913,0.2969516750348028,0.33787612800014566
0.35468244518891223,0.5715174667497691,0.2710279476738924,0.3032616490873391,0.39724482780472226,0.5294953098621693,0.39526359129112165,0.3092327019051021,0.34045157052522346,0.30622389047420073,0.46090431403079923,0.30583965957231807,0.4489438375882766,0.2965628585446174,0.29030489890404154,0.3947318709697991,0.479492651740978,0.45673594293590636,0.42515288900840575,0.3961461805706493,0.44104497451211777,0.4330827944091469,0.45284961548354896,0.5482976432663876,0.5519125308828436,0.5126224437152863,0.45200623103155846,0.30097916147889703,0.339122191620973,0.3428132702697133,0.2846143201624294,0.43026546540017785,0.0,0.44456731881249434,1.0,0.31193435637470124,0.3801693948256726,0.4241381921105445,0.25173458481054833,0.45504399817952645,0.2838431056965184,0.4952195635824278,0.4558066756141328,0.3052897442386646,0.311664271178551,0.30965015999633394,0.49608377241004775,0.49547696041488165,0.3012302851934211,0.33757705978546326
0.329844941279023,0.31374596715772507,0.2700105700038178,0.44746066225806735,0.2798114378414809,0.3075517612596863,0.32124280662932514,0.4521171830704611,0.33129096670292746,0.46082363159443185,0.32777181961069257,0.4366252201810944,0.3156525098094408,0.44814558169932894,0.43518478097211366,0.3212635466217918,0.2987919809664564,0.3345405839916149,0.30690318330465616,0.323290089656322,0.3197881026291466,0.3128921203965236,0.33224233905892886,0.30434287002363414,0.29530861858767576,0.3079809728842875,0.32016159693449164,0.44987019815639595,0.3504218693975003,0.32085673034391027,0.43704310517331313,0.3072540616302586,0.0,0.3327160750009497,0.31193435637470124,1.0,0.3123834627071239,0.299313307866662,0.39157073014118204,0.3155136321071009,0.43367379633834136,0.31154546180741505,0.31557736943164727,0.4580806839630992,0.4566392104909004,0.33162755083690354,0.3064057471809555,0.3069755687745436,0.44524675755992305,0.3555242962526909
0.3359850185097015,0.3765039672075259,0.2634584705407439,0.296502157309378,0.3384712422670094,0.3627710753719242,0.7885891887642117,0.29841239552102694,0.3418084491653386,0.2992039630276624,0.3837082407484501,0.28744564820272345,0.39126541041479324,0.28706598019694285,0.28655258364133696,0.750027401030656,0.35976372016288594,0.41683956178085124,0.38173815939513345,0.8104696937632381,0.40634372264538776,0.393862686540133,0.41669464747942453,0.3722180339876252,0.3668602628886952,0.38043217432675747,0.3862789696718001,0.28783089999833567,0.3185673760374542,0.3352767184094342,0.27966046041543524,0.3792900988470078,0.0,0.3834426630969874,0.3801693948256726,0.3123834627071239,1.0,0.3569300818694865,0.2383192138030369,0.3751780010458663,0.2800958146900654,0.37574292833765677,0.3858520557579509,0.2936475756883844,0.29260901568941067,0.3013666785618504,0.36503127285988923,0.3648690828032384,0.28519452950684177,0.3283134818399297
0.35215253499079,0.45278788733208974,0.26953768701159686,0.2960711456561177,0.4414971306088393,0.42214632908677396,0.36335978403765024,0.3180399832547478,0.3329784988050245,0.3055131669102563,0.5003905556856645,0.29688548012399607,0.5129750536447715,0.298174964439023,0.29153493709389733,0.3736386586326256,0.3976227392548476,0.478144551247374,0.4423265659456428,0.37321434613350224,0.48887002788014966,0.48434246098358547,0.5036831996875484,0.41009240700802585,0.40759433213680385,0.4303663488446625,0.5846900342108023,0.3068854991145794,0.3356248539431188,0.3337797316313257,0.2886295663890104,0.4956972619311637,0.0,0.48437514600091336,0.4241381921105445,0.299313307866662,0.3569300818694865,1.0,0.25201593134270384,0.5337990859483712,0.291169244335001,0.4374815255809895,0.6172504509460351,0.3134085881935422,0.31183853568819764,0.31611262013276886,0.45006920701279873,0.4490748888516216,0.308181390421146,0.33877753094953433
0.282273521296605,0.24674527054095263,0.20917227997536392,0.37513729777087435,0.24400469322276996,0.26267917965081466,0.25688593300970697,0.3861466368887623,0.26260515279255325,0.3819979993933714,0.250155327227805,0.38252975372749265,0.24835854541489144,0.36442592861533396,0.3698589550086032,0.24752313736285936,0.2476146053456827,0.2545971027751279,0.23837782866608415,0.24816126250817905,0.24463073478033404,0.24236065469948642,0.25772357246630573,0.24465294002980154,0.24427054240215618,0.24527846171106638,0.2422875483825203,0.37954572636722395,0.27940442534652954,0.2705158173385861,0.3539224312804383,0.251372956422086,0.0,0.2617577068642807,0.25173458481054833,0.39157073014118204,0.2383192138030369,0.25201593134270384,1.0,0.2523376951447672,0.3514411719526461,0.25155870012504444,0.2509747391082192,0.3855745287946626,0.3905471692838607,0.26182177334600565,0.2485280435860513,0.24760756714879206,0.36261266236858847,0.2801272243473878
0.35697972658249,0.4593757244399975,0.2875371991854332,0.2994758907085142,0.4259002135237312,0.42660313720970366,0.3858924091125048,0.31568606036107505,0.3550552234382982,0.3125233625165236,0.5519238839777671,0.3063536017494478,0.5603739065275133,0.3021734798386625,0.29452576423630006,0.39250369258062046,0.41667235074343123,0.524824685349266,0.4830192473646505,0.3962232854178893,0.5279012013642279,0.5277290778152229,0.5445179001142045,0.4280004913440151,0.4070392995635542,0.44637500141310116,0.5735159776460729,0.3088449600730844,0.34553889446452923,0.36196981980633225,0.2973442269873421,0.5145146039839303,0.0,0.5204871371217257,0.45504399817952645,0.3155136321071009,0.3751780010458663,0.5337990859483712,0.2523376951447672,1.0,0.29159716986175055,0.46250065463700707,0.5743725188794404,0.31269559569242156,0.31679749511328426,0.3347744331772514,0.4836508979429516,0.4806381728119803,0.3075996567634368,0.3563308944131469
