../ecoli_genomes/GCF_000163235.1_ASM16323v1_genomic.fna.gz,../ecoli_genomes/GCF_000164555.1_ASM16455v1_genomic.fna.gz,../ecoli_genomes/GCF_000208545.1_ASM20854v2_genomic.fna.gz,../ecoli_genomes/GCF_000233875.1_ASM23387v1_genomic.fna.gz,../ecoli_genomes/GCF_000249735.1_ASM24973v2_genomic.fna.gz,../ecoli_genomes/GCF_000261145.1_Esch_coli_M919_V2_genomic.fna.gz,../ecoli_genomes/GCF_000267705.2_ASM26770v2_genomic.fna.gz,../ecoli_genomes/GCF_000350665.1_Esch_coli_KTE5_V1_genomic.fna.gz,../ecoli_genomes/GCF_000351625.1_Esch_coli_KTE66_V1_genomic.fna.gz,../ecoli_genomes/GCF_000352285.1_Esch_coli_KTE46_V1_genomic.fna.gz,../ecoli_genomes/GCF_000358895.1_ASM35889v1_genomic.fna.gz,../ecoli_genomes/GCF_000456385.1_Esch_coli_HVH_26_4-5703913_V1_genomic.fna.gz,../ecoli_genomes/GCF_000458195.1_Esch_coli_HVH_147_4-5893887_V1_genomic.fna.gz,../ecoli_genomes/GCF_000459755.1_Esch_coli_KOEGE_58_171a_V1_genomic.fna.gz,../ecoli_genomes/GCF_000460055.1_Esch_coli_UMEA_3053-1_V1_genomic.fna.gz,../ecoli_genomes/GCF_000462165.2_ASM46216v2_genomic.fna.gz,../ecoli_genomes/GCF_000601135.1_ASM60113v1_genomic.fna.gz,../ecoli_genomes/GCF_000614595.1_Ec2010EL1058_genomic.fna.gz,../ecoli_genomes/GCF_000617745.1_Ec2010C-4529_genomic.fna.gz,../ecoli_genomes/GCF_000618265.2_EcF6751_genomic.fna.gz,../ecoli_genomes/GCF_000619005.2_Ec2009C-4052_genomic.fna.gz,../ecoli_genomes/GCF_000619105.1_Ec2009C-4780_genomic.fna.gz,../ecoli_genomes/GCF_000619765.2_Ec2009C-3279_genomic.fna.gz,../ecoli_genomes/GCF_000687005.1_ASM68700v1_genomic.fna.gz,../ecoli_genomes/GCF_000687025.1_ASM68702v1_genomic.fna.gz,../ecoli_genomes/GCF_000700125.1_ASM70012v1_genomic.fna.gz,../ecoli_genomes/GCF_000753315.1_FHI35_genomic.fna.gz,../ecoli_genomes/GCF_000776375.1_ASM77637v1_genomic.fna.gz,../ecoli_genomes/GCF_000779395.1_ASM77939v1_genomic.fna.gz,../ecoli_genomes/GCF_000780315.1_ASM78031v1_genomic.fna.gz,../ecoli_genomes/GCF_000781995.1_ASM78199v1_genomic.fna.gz,../ecoli_genomes/GCF_000986765.1_ASM98676v1_genomic.fna.gz,../ecoli_genomes/GCF_001041375.1_ViralProj287958_genomic.fna.gz,../ecoli_genomes/GCF_001265335.1_302014_genomic.fna.gz,../ecoli_genomes/GCF_001265625.1_100854_genomic.fna.gz,../ecoli_genomes/GCF_001267345.1_303289_genomic.fna.gz,../ecoli_genomes/GCF_001309985.1_ASM130998v1_genomic.fna.gz,../ecoli_genomes/GCF_001521695.1_ASM152169v1_genomic.fna.gz,../ecoli_genomes/GCF_001592595.1_ASM159259v1_genomic.fna.gz,../ecoli_genomes/GCF_001614975.1_ASM161497v1_genomic.fna.gz,../ecoli_genomes/GCF_001692775.1_ASM169277v1_genomic.fna.gz,../ecoli_genomes/GCF_001748915.1_ASM174891v1_genomic.fna.gz,../ecoli_genomes/GCF_001749235.1_ASM174923v1_genomic.fna.gz,../ecoli_genomes/GCF_001881155.1_ASM188115v1_genomic.fna.gz,../ecoli_genomes/GCF_001881345.1_ASM188134v1_genomic.fna.gz,../ecoli_genomes/GCF_001892405.1_ASM189240v1_genomic.fna.gz,../ecoli_genomes/GCF_001892585.1_ASM189258v1_genomic.fna.gz,../ecoli_genomes/GCF_001893985.1_ASM189398v1_genomic.fna.gz,../ecoli_genomes/GCF_002001595.1_ASM200159v1_genomic.fna.gz,../ecoli_genomes/GCF_002002145.1_ASM200214v1_genomic.fna.gz
1.0,0.38103769390351394,0.31547495167512773,0.33198986875066006,0.34133939506125033,0.3526791571225021,0.354649125672059,0.34098038961483357,0.4349224300919341,0.3466442891090571,0.37118365010601495,0.34377596606681815,0.3523640106564174,0.326549344885281,0.3155072963254063,0.35690573850878704,0.33100091162486467,0.360326167974905,0.29279270328584284,0.35988495547454735,0.3473128566981054,0.33104710552079153,0.36389246364202776,0.3418823000541771,0.34048980838467857,0.3201961957634626,0.36386838926851295,0.3320670637260851,0.39257034965618,0.43575118931621426,0.30711316507667774,0.35097326576642807,0.0,0.3585557015889017,0.3587136691145829,0.3108453625878752,0.3469586833880268,0.36259856218033604,0.26456017693058864,0.36809348314428336,0.30977790051206366,0.3550557331297741,0.36771367200209015,0.3339280955547499,0.3459508052686596,0.36269330376085895,0.35233894028413215,0.3537462151021954,0.3201260338998303,0.39384490232832325
0.38103769390351394,1.0,0.29687905200833087,0.33084849989119647,0.41779383038433626,0.5425691296514638,0.39508930116377416,0.33639382761741277,0.35649918669886393,0.3396256490995313,0.4678800009914983,0.34030771083563605,0.4451629532348146,0.32163431574959644,0.31562475537576273,0.3979291280724526,0.46518506736430343,0.45937270320676715,0.3653293573859526,0.4017760441685201,0.45025646777974626,0.42263780297762976,0.461330235248519,0.53105170547204,0.5386850376559382,0.4608656766025401,0.4630760959411637,0.33238393340675976,0.3631323784493107,0.36209325262124925,0.31062547917926275,0.4344338779651491,0.0,0.4560883810527562,0.5754764363988834,0.29995973314509494,0.3864468471850999,0.47177264711031797,0.21400194671585315,0.46585420301373903,0.3121684146295921,0.4992347351367846,0.4706561202534728,0.34242806019069505,0.34335514292496994,0.34268549420425554,0.5118514447332807,0.513807948176858,0.3384202262429895,0.35893353438488207
0.31547495167512773,0.29687905200833087,1.0,0.2599793720433139,0.25735934338085276,0.2647878693193694,0.2733880644077602,0.27058336097445157,0.30922991822359636,0.27157055506843664,0.2919862180485623,0.26312651964560696,0.2764207070088708,0.2622181897992685,0.25509277918924056,0.27367978093145395,0.2546583183930041,0.2806745502647121,0.22877184604945844,0.2779948302375629,0.2784987710746295,0.26349103660890205,0.28512362013835324,0.26223221083742987,0.2633513995935317,0.24832872102572878,0.2846266348754355,0.26591258212126423,0.30760793160971667,0.30829199924066253,0.2517064156659281,0.26463272591042086,0.0,0.28838828340126255,0.2759585925779229,0.25835315339702025,0.266109645031972,0.2793098422111694,0.18034390125538913,0.29147264603783496,0.2558575298034219,0.28464704775907224,0.2927929331324307,0.2702837713873443,0.26834677627518666,0.28745417534393813,0.28786946099587485,0.2884230263143768,0.27491722644201655,0.31061030040043613
0.33198986875066006,0.33084849989119647,0.2599793720433139,1.0,0.3313457554544934,0.310143447068289,0.30201837136322707,0.5353473776821271,0.34268085715915564,0.5546293340118368,0.31454547644165864,0.5380761628734864,0.3205160944758897,0.5752496047471036,0.5915396993076613,0.32296066170555504,0.2976190700022432,0.3099699912294335,0.25496346851459106,0.305124402582692,0.30290720510590285,0.2901258789853499,0.3215600340509298,0.31141853440221123,0.3130155709434781,0.2868037434464181,0.3115753217093862,0.5574456119247153,0.3453931601139755,0.34028449877625,0.5273220275368631,0.324358816224271,0.0,0.30641916640353273,0.30591943538493127,0.4191289840060418,0.3050797482007005,0.30747790808221054,0.3324862422852053,0.30667402240308483,0.5573865188746745,0.30815756412654505,0.31392810689112216,0.5569783565821602,0.5482669486011296,0.34220007885518533,0.3059220968280737,0.3078207458555471,0.4930982713524126,0.35534734353059905
0.34133939506125033,0.41779383038433626,0.25735934338085276,0.3313457554544934,1.0,0.4331537003059509,0.3503822731226298,0.32487102576287286,0.36260874352363215,0.33043774130576076,0.5120252430786982,0.3115025588744904,0.49102627612594096,0.3038227918504377,0.33596169601628867,0.40111222363862176,0.4447589333578643,0.42914840359307416,0.3527707522597774,0.3569540925842948,0.4440964886762181,0.40963563718443974,0.44495689304048947,0.4721103012494767,0.45328183593907134,0.4364832306998273,0.4547365566043823,0.29318312409264624,0.3301453221343382,0.3583547124548452,0.30677047537335633,0.48936364910728847,0.0,0.44937125346382345,0.42464152482871675,0.2694159978542495,0.3663481016609439,0.47512475047134317,0.21866842106647277,0.4605647180200835,0.32115447702175326,0.43195803124558085,0.47254297263725176,0.30067185782624517,0.30370200463572006,0.31342408766466523,0.43551560848596316,0.43771441819985923,0.2963643662040809,0.32261568890163517
0.3526791571225021,0.5425691296514638,0.2647878693193694,0.310143447068289,0.4331537003059509,1.0,0.3915696618515787,0.3195084811412263,0.34446633637044355,0.31225307840179195,0.44395384100174407,0.3052572971453438,0.4287060771036071,0.3034193474596282,0.2999203718890263,0.3964817461306869,0.4555746263077942,0.4463813165499293,0.35802643263482514,0.39405872014982124,0.4269501538109204,0.43103840705724483,0.4445744760189231,0.5123276891672376,0.5244093142143778,0.43738342421027177,0.43169309251126287,0.3066097359182648,0.3433794198770944,0.33896200993653225,0.29126152169309205,0.4300217026297283,0.0,0.4467562219731468,0.5468853318048766,0.2944235947953183,0.3839473993478002,0.43642761510012784,0.22137748387473166,0.44075370638965805,0.29584363200456987,0.48236487460380983,0.4504020868507175,0.3088099962898275,0.30954090585369365,0.31922358482326685,0.4874647663428132,0.4900145064808562,0.3076119359141063,0.34271429798379427
0.354649125672059,0.39508930116377416,0.2733880644077602,0.30201837136322707,0.3503822731226298,0.3915696618515787,1.0,0.3061031367888828,0.3481840518177436,0.3015383693736433,0.3990737666216875,0.29277739341679243,0.38377007904777816,0.2947701629593127,0.2859112360994055,0.743954759673279,0.35501614051984787,0.4354507421636621,0.3511457341610299,0.8492504539216938,0.43719695771190226,0.3968794555686511,0.4392984378267143,0.36773283674346224,0.36552547066829566,0.3496982363501764,0.4044018692471134,0.29774772541204875,0.3316681104814011,0.3506564427735531,0.2792556210281786,0.3770735008402486,0.0,0.4092303974876239,0.4071022855628509,0.3045034646562369,0.7981789439128611,0.3804659209473069,0.209166172355031,0.40107959269351456,0.28127593453766064,0.39376838673202597,0.407663378333058,0.3037076813399793,0.3032174938935046,0.32080104895626094,0.3867998330425073,0.3879544484244436,0.3001687005899708,0.3427281642888693
0.34098038961483357,0.33639382761741277,0.27058336097445157,0.5353473776821271,0.32487102576287286,0.3195084811412263,0.3061031367888828,1.0,0.3381055303782404,0.5439760462718933,0.32462307161784143,0.5189341220887111,0.3297833137134306,0.528875728983504,0.5162442442799184,0.31795871512667884,0.3062424015637407,0.3185872949167521,0.2663530985835497,0.30958490970428587,0.30990906221842196,0.3024436648851372,0.32590316391869756,0.32143863399235684,0.3089954861810056,0.29601304255762473,0.3263844470785624,0.6953737906805841,0.362291020928148,0.33914543203074055,0.5136559702793603,0.32278119397765326,0.0,0.32204839473005753,0.3166996811687879,0.4204380874761251,0.3039644852215333,0.33364340620961364,0.33047571729663083,0.3253147099221948,0.5185253691145304,0.31981376922247895,0.33169948354335366,0.7087584059168908,0.6822288733646624,0.34421902948431304,0.31401852830815524,0.3153784651996939,0.4899188293969584,0.36186369445805455
0.4349224300919341,0.35649918669886393,0.30922991822359636,0.34268085715915564,0.36260874352363215,0.34446633637044355,0.3481840518177436,0.3381055303782404,1.0,0.3521181903775952,0.36640001717730764,0.3238811325613178,0.36906446472780696,0.3305388312005355,0.3366281111469043,0.3751030386865454,0.32248110671299657,0.3511398248326957,0.2837608303607947,0.35601497600362997,0.3446892429397127,0.32910007587162216,0.3562225517460045,0.34978217771904396,0.34296555853240895,0.3275588577800521,0.36036692029031614,0.3235443139243509,0.37661944485287,0.4703273714641216,0.32255780976306614,0.34715166681542553,0.0,0.35308370493380226,0.34797140896888024,0.31316670361722165,0.35376054593201367,0.34666688998553985,0.2273346004141188,0.3620155835160812,0.3262469867119825,0.35436810827157816,0.36879547489985587,0.32740433116729584,0.32295517328356393,0.35656989835788744,0.34750883968960244,0.3489288951195335,0.32552777693033363,0.38828497826301167
0.3466442891090571,0.3396256490995313,0.27157055506843664,0.5546293340118368,0.33043774130576076,0.31225307840179195,0.3015383693736433,0.5439760462718933,0.3521181903775952,1.0,0.3279910360710133,0.5143691607501815,0.33150141822949597,0.5452407320735546,0.5339434785340234,0.32084655469713286,0.2917747254820201,0.31541487659911993,0.2579412691759887,0.30738995694261984,0.308246664278247,0.29175580749576935,0.3157773502485546,0.3126602966400669,0.30963648658129594,0.2929656867818353,0.3245843607797615,0.5423582330231647,0.35754728222018317,0.350595386168281,0.5491365388905985,0.3131589418097406,0.0,0.312594738899613,0.31105790291244806,0.43220497330897145,0.3022053586257758,0.3175486842318652,0.3325974524979798,0.32144582571167324,0.5599211612299021,0.3141747366420844,0.3204719666542051,0.544645917908189,0.5468515479229693,0.34473021620160416,0.31665565226895365,0.3177931851539383,0.5175876502940773,0.3581527002906275
0.37118365010601495,0.4678800009914983,0.2919862180485623,0.31454547644165864,0.5120252430786982,0.44395384100174407,0.3990737666216875,0.32462307161784143,0.36640001717730764,0.3279910360710133,1.0,0.31484737540945196,0.5402997735264007,0.3205234263159642,0.312977534136586,0.40358064405828986,0.4104873207542269,0.5241386237588768,0.4252890247952472,0.40826818944697696,0.5211919299898653,0.5069047675251661,0.5335316880755706,0.43361057933672487,0.4137135676716662,0.4124875017993943,0.5356035344775709,0.3222357306447179,0.35572796282282204,0.37225231620861854,0.30560680695143816,0.48014687832788394,0.0,0.5254512516359222,0.4640373900073419,0.3109168631540189,0.3920594623609015,0.515826269303923,0.21654392453939852,0.5497001661401939,0.3052373399197428,0.4795709394375246,0.5468987466326934,0.3237275669417704,0.3240399766474754,0.34285640526135985,0.4737290749903894,0.4747752878944814,0.32587970251943377,0.3638991426169431
0.34377596606681815,0.34030771083563605,0.26312651964560696,0.5380761628734864,0.3115025588744904,0.3052572971453438,0.29277739341679243,0.5189341220887111,0.3238811325613178,0.5143691607501815,0.31484737540945196,1.0,0.31208313655155684,0.5182547040375909,0.6193104501872306,0.3025578445853474,0.2864798192379252,0.30424220488924225,0.2563517083777639,0.2953454328058547,0.30384804279151045,0.2906342341163509,0.31358302442876773,0.30467761366632884,0.30157296983924076,0.28889690628045994,0.3099745369939185,0.5147544280919911,0.357798466285725,0.3316977834754258,0.48215012572516514,0.3080494799979083,0.0,0.3100762602641417,0.313442810154656,0.40314434410118394,0.2915474484074828,0.31647324514022235,0.3244553051563479,0.31418593269251094,0.5044223541229004,0.3066312509204294,0.31735891332595145,0.5204436346379773,0.5219856929164587,0.3401320060388733,0.3095914767746407,0.31132821295954183,0.47033451549131866,0.3503420751173145
0.3523640106564174,0.4451629532348146,0.2764207070088708,0.3205160944758897,0.49102627612594096,0.4287060771036071,0.38377007904777816,0.3297833137134306,0.36906446472780696,0.33150141822949597,0.5402997735264007,0.31208313655155684,1.0,0.31067767942155267,0.32328868258109433,0.4154239548280496,0.40065691617158683,0.5050352534459394,0.5226140331715712,0.3920923676305408,0.5209594180150009,0.5836188384138974,0.5616208587212058,0.4322401515747287,0.41122098797428885,0.40208494652517845,0.5541522075967933,0.3115124771721588,0.3391044783468471,0.3701337943487568,0.30388115806935434,0.5407109513209131,0.0,0.556215954337326,0.4434132831990951,0.289394880082005,0.39333846520200844,0.5160460392343545,0.20951810737703735,0.5502638124526058,0.31314523728697097,0.45126989908641213,0.5471295549769937,0.31323005049330466,0.31074639885670896,0.32023012508626225,0.4532256759620231,0.454796408728946,0.30932978907711073,0.3429621039306672
0.326549344885281,0.32163431574959644,0.2622181897992685,0.5752496047471036,0.3038227918504377,0.3034193474596282,0.2947701629593127,0.528875728983504,0.3305388312005355,0.5452407320735546,0.3205234263159642,0.5182547040375909,0.31067767942155267,1.0,0.5726612241334996,0.30368259671461706,0.27851948417104244,0.30940791770039455,0.254879055781974,0.30074237327374487,0.2974182313794148,0.2930990619003797,0.314697027388678,0.2935915031988353,0.2917856176643796,0.27478563370948095,0.3122912511128316,0.5599098132142216,0.358360406026362,0.3294544085682871,0.5230881058544092,0.30452567660360974,0.0,0.30497903210604516,0.3011839131866453,0.41955817713390386,0.292949680278876,0.3109322030656976,0.3298765459746378,0.30926731109944194,0.5452643704267783,0.3052891759280637,0.31413856327724565,0.5577103792289131,0.5468724128571827,0.34280938257862836,0.30385351005657657,0.3050857098250076,0.5027605930447773,0.36079587341684105
0.3155072963254063,0.31562475537576273,0.25509277918924056,0.5915396993076613,0.33596169601628867,0.2999203718890263,0.2859112360994055,0.5162442442799184,0.3366281111469043,0.5339434785340234,0.312977534136586,0.6193104501872306,0.32328868258109433,0.5726612241334996,1.0,0.311487933996899,0.29474093892883935,0.30031143917807535,0.24884152510555413,0.29155080129229194,0.29454901656063526,0.2853273407665138,0.3096470997597647,0.30978412193712224,0.30425834042994393,0.2908565787293972,0.30627470857109773,0.5214932645317298,0.3425468669853843,0.33309887529820037,0.5329685614387585,0.3160868952749778,0.0,0.29977682735468014,0.2998372355247695,0.4058680014121523,0.29254478249016225,0.3071767549603155,0.32073734422715017,0.3045683028931331,0.5599174997222345,0.3027586063014762,0.3100170054129202,0.5271044637313664,0.5149663988648875,0.3416499590033749,0.30989383017281746,0.31188998600628903,0.47920927629791676,0.35678460599459505
0.35690573850878704,0.3979291280724526,0.27367978093145395,0.32296066170555504,0.40111222363862176,0.3964817461306869,0.743954759673279,0.31795871512667884,0.3751030386865454,0.32084655469713286,0.40358064405828986,0.3025578445853474,0.4154239548280496,0.30368259671461706,0.311487933996899,1.0,0.3622763661790611,0.4256870762776821,0.3443616067340981,0.7692146820387248,0.4211376668096666,0.39530063072311916,0.42674223664201005,0.39111723630374373,0.38979125598941633,0.378294424410749,0.40180686306444446,0.29983420536075855,0.333002452704662,0.3759258688670549,0.2948060700475017,0.3916550550356065,0.0,0.4043433817162969,0.40405089976774156,0.3010838487799843,0.7633279919662828,0.3848235463572751,0.20858014141382208,0.39864320701203815,0.3036924777529687,0.3963967034647997,0.40979715414645645,0.30541710351285345,0.30475970543722597,0.32424580194450514,0.38918537250801777,0.39077623870644695,0.3057068407870881,0.34557377818327184
0.33100091162486467,0.46518506736430343,0.2546583183930041,0.2976190700022432,0.4447589333578643,0.4555746263077942,0.35501614051984787,0.3062424015637407,0.32248110671299657,0.2917747254820201,0.4104873207542269,0.2864798192379252,0.40065691617158683,0.27851948417104244,0.29474093892883935,0.3622763661790611,1.0,0.3955808964026609,0.31684840662393743,0.3548407731858527,0.3893083301608331,0.3722655797876422,0.4096508622254169,0.5440020720823411,0.49947950485633685,0.495202393327567,0.398751352391123,0.28255990159704825,0.3289214695716409,0.3176446775362697,0.28016808415256356,0.4627504236364818,0.0,0.4155182440536539,0.4748830154510748,0.2740054104851489,0.35517019013300033,0.3980473060235482,0.19992061426401675,0.40453012052672843,0.2815049671131168,0.44231153410862756,0.4134193344640671,0.2913017421677937,0.2984653271437745,0.2973170179107588,0.45452187327576543,0.45690753469320955,0.2799429679155039,0.3169961302692962
0.360326167974905,0.45937270320676715,0.2806745502647121,0.3099699912294335,0.42914840359307416,0.4463813165499293,0.4354507421636621,0.3185872949167521,0.3511398248326957,0.31541487659911993,0.5241386237588768,0.30424220488924225,0.5050352534459394,0.30940791770039455,0.30031143917807535,0.4256870762776821,0.3955808964026609,1.0,0.46633440398171067,0.43998118117382967,0.5489155234773638,0.5287357754180557,0.5603915776823483,0.4165970280104323,0.399853161375582,0.39049634957235957,0.5338167937230526,0.31410606519929973,0.34565888113510257,0.3594827135033841,0.29417307955411176,0.47197589721866073,0.0,0.5230451335441664,0.45808249247144295,0.3210321007627064,0.4232097611568495,0.4912165374700953,0.21712229287994778,0.527447388025933,0.2959232046046659,0.460579864419419,0.5237375721831892,0.31499752661629377,0.3130774441612597,0.3289907581956637,0.4579972847464565,0.4593216391639867,0.31153162480128804,0.35104045133494166
0.29279270328584284,0.3653293573859526,0.22877184604945844,0.25496346851459106,0.3527707522597774,0.35802643263482514,0.3511457341610299,0.2663530985835497,0.2837608303607947,0.2579412691759887,0.4252890247952472,0.2563517083777639,0.5226140331715712,0.254879055781974,0.24884152510555413,0.3443616067340981,0.31684840662393743,0.46633440398171067,1.0,0.35039214484678205,0.44675665257662345,0.5415323574043303,0.44733867146046413,0.3392943068096689,0.33142586772661586,0.31682954764974347,0.4284826736321695,0.2575664567166286,0.2797168269187975,0.2871235123307291,0.2401682663919148,0.46491805165386346,0.0,0.4194613075414899,0.3744328308933712,0.25591386118676274,0.342460405215679,0.40157101208199264,0.17971273572789603,0.43065360631784855,0.24305476378151103,0.36895693925237405,0.4269960555659663,0.2641835543049652,0.26364396227615083,0.2660695628695684,0.36316407301771436,0.36493389462418324,0.2562760575416009,0.28518308276801274
0.35988495547454735,0.4017760441685201,0.2779948302375629,0.305124402582692,0.3569540925842948,0.39405872014982124,0.8492504539216938,0.30958490970428587,0.35601497600362997,0.30738995694261984,0.40826818944697696,0.2953454328058547,0.3920923676305408,0.30074237327374487,0.29155080129229194,0.7692146820387248,0.3548407731858527,0.43998118117382967,0.35039214484678205,1.0,0.44024057485287604,0.40258737336535344,0.4400670919413774,0.37007831272727265,0.3703226617327601,0.354283104892989,0.41133726192870934,0.3033990692143781,0.33749797100650536,0.35954738276614184,0.2852419736504588,0.3803176424489312,0.0,0.41187755426899053,0.4069465962271013,0.3058332538171036,0.8202255928483373,0.3878346629695876,0.20746658082067715,0.4091339745615994,0.2870582812080441,0.4003290109091294,0.41532077765769915,0.3066738987217278,0.3050590057307998,0.32774597343092304,0.39399418072307657,0.39503371274642063,0.30653864749764037,0.3499790095879487
0.3473128566981054,0.45025646777974626,0.2784987710746295,0.30290720510590285,0.4440964886762181,0.4269501538109204,0.43719695771190226,0.30990906221842196,0.3446892429397127,0.308246664278247,0.5211919299898653,0.30384804279151045,0.5209594180150009,0.2974182313794148,0.29454901656063526,0.4211376668096666,0.3893083301608331,0.5489155234773638,0.44675665257662345,0.44024057485287604,1.0,0.5262705576014319,0.5750717452054253,0.40794402568246035,0.40223979148381894,0.39271043215634915,0.5431084083048368,0.3070569146543849,0.3328666550909892,0.352214694647606,0.28628182646149125,0.4878120828637501,0.0,0.5448141020103694,0.45340217148953676,0.3064172985685857,0.424678629905453,0.5066650703257436,0.21054252157189668,0.5401320975071063,0.29181440313673634,0.43920519648991796,0.5367855145624735,0.31144850051650985,0.30987875867569425,0.3326293743297648,0.4551621833677535,0.4566075667224071,0.3058691846836423,0.34210062444173694
0.33104710552079153,0.42263780297762976,0.26349103660890205,0.2901258789853499,0.40963563718443974,0.43103840705724483,0.3968794555686511,0.3024436648851372,0.32910007587162216,0.29175580749576935,0.5069047675251661,0.2906342341163509,0.5836188384138974,0.2930990619003797,0.2853273407665138,0.39530063072311916,0.3722655797876422,0.5287357754180557,0.5415323574043303,0.40258737336535344,0.5262705576014319,1.0,0.6757417053633923,0.3858398902559671,0.38355663644010285,0.3649774052359235,0.5190435452453972,0.2974055297021245,0.3171801780062513,0.3327152970465157,0.2755088905005677,0.5016601271503021,0.0,0.6123643896921167,0.4274287015996261,0.2863453724275732,0.3886383302552193,0.48528568425270546,0.2009916918802358,0.5203811703304868,0.2769895746403369,0.422361633542056,0.5235274705099644,0.2991583407291398,0.29643311423234553,0.308955199295299,0.4236017604882891,0.4254848914844581,0.29469326862094214,0.32949056659416187
0.36389246364202776,0.461330235248519,0.28512362013835324,0.3215600340509298,0.44495689304048947,0.4445744760189231,0.4392984378267143,0.32590316391869756,0.3562225517460045,0.3157773502485546,0.5335316880755706,0.31358302442876773,0.5616208587212058,0.314697027388678,0.3096470997597647,0.42674223664201005,0.4096508622254169,0.5603915776823483,0.44733867146046413,0.4400670919413774,0.5750717452054253,0.6757417053633923,1.0,0.41907614485028843,0.4171665350980036,0.3928345754874516,0.5653501025532138,0.3200424215033122,0.34830905990961547,0.35494592968774163,0.2988266036156486,0.5072915300270938,0.0,0.6658434681527976,0.4610115939291318,0.312809957373518,0.4264013902008862,0.5221215619535103,0.21969922172387835,0.5508266601779653,0.30070096930588386,0.45286425264328034,0.5576797017110598,0.3241451220068027,0.32473792332590645,0.33161011119789874,0.45418384589445304,0.45578921233193703,0.3178458753763268,0.3528459553987068
0.3418823000541771,0.53105170547204,0.26223221083742987,0.31141853440221123,0.4721103012494767,0.5123276891672376,0.36773283674346224,0.32143863399235684,0.34978217771904396,0.3126602966400669,0.43361057933672487,0.30467761366632884,0.4322401515747287,0.2935915031988353,0.30978412193712224,0.39111723630374373,0.5440020720823411,0.4165970280104323,0.3392943068096689,0.37007831272727265,0.40794402568246035,0.3858398902559671,0.41907614485028843,1.0,0.5549951914866966,0.49873996651018804,0.4202391104186859,0.28914014959525336,0.3374835335684786,0.341534118966655,0.2934188365108714,0.4475837205795775,0.0,0.42563667354370416,0.5538226971719313,0.2768232699059281,0.37312011581920446,0.40866371604989393,0.20074594809205948,0.41726301583615943,0.2991406961282801,0.4721749635170661,0.4259610935930985,0.2960443019673954,0.3018456712238814,0.30199177743254013,0.4640597358909285,0.4662724173390824,0.28972473015826794,0.3237757835543287
0.34048980838467857,0.5386850376559382,0.2633513995935317,0.3130155709434781,0.45328183593907134,0.5244093142143778,0.36552547066829566,0.3089954861810056,0.34296555853240895,0.30963648658129594,0.4137135676716662,0.30157296983924076,0.41122098797428885,0.2917856176643796,0.30425834042994393,0.38979125598941633,0.49947950485633685,0.399853161375582,0.33142586772661586,0.3703226617327601,0.40223979148381894,0.38355663644010285,0.4171665350980036,0.5549951914866966,1.0,0.514601422157376,0.4104699577306673,0.2862081136410992,0.3196700073835539,0.33166264390173483,0.28876821988463885,0.4592713315706569,0.0,0.4135086153379841,0.5478542963940503,0.27178272004274584,0.37169338015858455,0.4136222326289051,0.20293904223446402,0.41084186046286175,0.29347077919516984,0.45219291935126615,0.4234738541082398,0.30620708389008955,0.3023373602536701,0.3077165527868261,0.4606027004433829,0.4643700925785602,0.30129479708460716,0.31452938487691595
0.3201961957634626,0.4608656766025401,0.24832872102572878,0.2868037434464181,0.4364832306998273,0.43738342421027177,0.3496982363501764,0.29601304255762473,0.3275588577800521,0.2929656867818353,0.4124875017993943,0.28889690628045994,0.40208494652517845,0.27478563370948095,0.2908565787293972,0.378294424410749,0.495202393327567,0.39049634957235957,0.31682954764974347,0.354283104892989,0.39271043215634915,0.3649774052359235,0.3928345754874516,0.49873996651018804,0.514601422157376,1.0,0.39855784177038955,0.2745969052428112,0.3072969602054437,0.32209480603952023,0.2744279420134871,0.41773433483752787,0.0,0.3925290057048407,0.4761713274905006,0.2596580601234503,0.3555396804059491,0.4021255661539346,0.19328468939331045,0.4059577602501605,0.27541334087891955,0.4454816033997764,0.4066386898676022,0.2941343952455111,0.294967551197741,0.2901938333994035,0.44617838797271103,0.4510635107528408,0.2852513614637817,0.3057558281420645
0.36386838926851295,0.4630760959411637,0.2846266348754355,0.3115753217093862,0.4547365566043823,0.43169309251126287,0.4044018692471134,0.3263844470785624,0.36036692029031614,0.3245843607797615,0.5356035344775709,0.3099745369939185,0.5541522075967933,0.3122912511128316,0.30627470857109773,0.40180686306444446,0.398751352391123,0.5338167937230526,0.4284826736321695,0.41133726192870934,0.5431084083048368,0.5190435452453972,0.5653501025532138,0.4202391104186859,0.4104699577306673,0.39855784177038955,1.0,0.3168314338386672,0.3504500367646558,0.3581621219967318,0.3023046997715849,0.504097854406877,0.0,0.5443126810124223,0.4528492544098872,0.3034694514873899,0.3955803937371142,0.5954259081484169,0.20729265417744436,0.5762400621860538,0.3067380786741003,0.4630403640594092,0.6400015928956255,0.32347790356250483,0.31698379677758437,0.33485937695995827,0.4610321781191844,0.4623587157799588,0.31966702670356684,0.3546746993700072
0.3320670637260851,0.33238393340675976,0.26591258212126423,0.5574456119247153,0.29318312409264624,0.3066097359182648,0.29774772541204875,0.6953737906805841,0.3235443139243509,0.5423582330231647,0.3222357306447179,0.5147544280919911,0.3115124771721588,0.5599098132142216,0.5214932645317298,0.29983420536075855,0.28255990159704825,0.31410606519929973,0.2575664567166286,0.3033990692143781,0.3070569146543849,0.2974055297021245,0.3200424215033122,0.28914014959525336,0.2862081136410992,0.2745969052428112,0.3168314338386672,1.0,0.3587860097886415,0.32656090369402646,0.5058341290717703,0.3062770508938144,0.0,0.3112833025638657,0.3047795926518272,0.42030535498811006,0.29126071376408547,0.3246650222567782,0.3243321008376461,0.31547591496050864,0.5234916479931374,0.31006983951793465,0.31850152007717647,0.8066746848825784,0.7683107628060055,0.33945785930546324,0.3108198773402481,0.3116418441127943,0.5042793302124244,0.355244641204826
0.39257034965618,0.3631323784493107,0.30760793160971667,0.3453931601139755,0.3301453221343382,0.3433794198770944,0.3316681104814011,0.362291020928148,0.37661944485287,0.35754728222018317,0.35572796282282204,0.357798466285725,0.3391044783468471,0.358360406026362,0.3425468669853843,0.333002452704662,0.3289214695716409,0.34565888113510257,0.2797168269187975,0.33749797100650536,0.3328666550909892,0.3171801780062513,0.34830905990961547,0.3374835335684786,0.3196700073835539,0.3072969602054437,0.3504500367646558,0.3587860097886415,1.0,0.37493754126321455,0.33345188870423204,0.3397204379104004,0.0,0.34896059145544345,0.3414889361251321,0.33525370921203457,0.32288670924990215,0.34874403034107493,0.23507358929254585,0.35339722178877675,0.3336058609294337,0.33965666120371973,0.35215988374060003,0.3558373561975794,0.35856556176152654,0.4315782781106605,0.34581545754576815,0.3463876190667966,0.3497450793683823,0.6283343051654537
0.43575118931621426,0.36209325262124925,0.30829199924066253,0.34028449877625,0.3583547124548452,0.33896200993653225,0.3506564427735531,0.33914543203074055,0.4703273714641216,0.350595386168281,0.37225231620861854,0.3316977834754258,0.3701337943487568,0.3294544085682871,0.33309887529820037,0.3759258688670549,0.3176446775362697,0.3594827135033841,0.2871235123307291,0.35954738276614184,0.352214694647606,0.3327152970465157,0.35494592968774163,0.341534118966655,0.33166264390173483,0.32209480603952023,0.3581621219967318,0.32656090369402646,0.37493754126321455,1.0,0.32168752254074395,0.34159879053355324,0.0,0.34897626949246896,0.34846706691215046,0.3109497883767096,0.35356421057780196,0.3495453662575313,0.22997239954538906,0.3660836876379505,0.32843334317271167,0.3488961446183233,0.3638714837507695,0.3305945258096783,0.32445939593044626,0.373845180971902,0.354160825769108,0.3553089121994173,0.3261964676048126,0.3904726228705694
0.30711316507667774,0.31062547917926275,0.2517064156659281,0.5273220275368631,0.30677047537335633,0.29126152169309205,0.2792556210281786,0.5136559702793603,0.32255780976306614,0.5491365388905985,0.30560680695143816,0.48215012572516514,0.30388115806935434,0.5230881058544092,0.5329685614387585,0.2948060700475017,0.28016808415256356,0.29417307955411176,0.2401682663919148,0.2852419736504588,0.28628182646149125,0.2755088905005677,0.2988266036156486,0.2934188365108714,0.28876821988463885,0.2744279420134871,0.3023046997715849,0.5058341290717703,0.33345188870423204,0.32168752254074395,1.0,0.2974452129992584,0.0,0.2951362816629718,0.2883450250501063,0.4058514591150383,0.281204929162583,0.29919990270248653,0.3080021671278552,0.302201440016451,0.654947245013844,0.29617433297847684,0.30154268852982014,0.5156876255746525,0.503977577850365,0.3290012818097132,0.29763992138806084,0.29855371094705685,0.475440215593113,0.3389569637565266
0.35097326576642807,0.4344338779651491,0.26463272591042086,0.324358816224271,0.48936364910728847,0.4300217026297283,0.3770735008402486,0.32278119397765326,0.34715166681542553,0.3131589418097406,0.48014687832788394,0.3080494799979083,0.5407109513209131,0.30452567660360974,0.3160868952749778,0.3916550550356065,0.4627504236364818,0.47197589721866073,0.46491805165386346,0.3803176424489312,0.4878120828637501,0.5016601271503021,0.5072915300270938,0.4475837205795775,0.4592713315706569,0.41773433483752787,0.504097854406877,0.3062770508938144,0.3397204379104004,0.34159879053355324,0.2974452129992584,1.0,0.0,0.49274367764800686,0.4268771725692204,0.27802896283996237,0.3822893289145455,0.5009878680504964,0.21060143624650252,0.5045717401625245,0.30165675411394344,0.43904848590791556,0.522196759300726,0.307725335081797,0.3149815724599886,0.31484302226226646,0.4405973455722968,0.44330007116118764,0.29439981226525247,0.32766676008214424
0.0,0.0,0.0,0.0,0.0,0.0,0.0,0.0,0.0,0.0,0.0,0.0,0.0,0.0,0.0,0.0,0.0,0.0,0.0,0.0,0.0,0.0,0.0,0.0,0.0,0.0,0.0,0.0,0.0,0.0,0.0,0.0,1.0,0.0,0.0,0.0,0.0,0.0,0.0,0.0,0.0,0.0,0.0,0.0,0.0,0.0,0.0,0.0,0.0,0.0
0.3585557015889017,0.4560883810527562,0.28838828340126255,0.30641916640353273,0.44937125346382345,0.4467562219731468,0.4092303974876239,0.32204839473005753,0.35308370493380226,0.312594738899613,0.5254512516359222,0.3100762602641417,0.556215954337326,0.30497903210604516,0.29977682735468014,0.4043433817162969,0.4155182440536539,0.5230451335441664,0.4194613075414899,0.41187755426899053,0.5448141020103694,0.6123643896921167,0.6658434681527976,0.42563667354370416,0.4135086153379841,0.3925290057048407,0.5443126810124223,0.3112833025638657,0.34896059145544345,0.34897626949246896,0.2951362816629718,0.49274367764800686,0.0,1.0,0.45734908519680195,0.3182313254824678,0.3960742788521412,0.514650465850074,0.22153058089111144,0.5467291760402194,0.2937782194572801,0.4556329479077187,0.5567857261872473,0.31449315973299985,0.31768282478242793,0.3250634621097437,0.45861505116409484,0.45990860023213664,0.3107573002006919,0.3502483780248261
0.3587136691145829,0.5754764363988834,0.2759585925779229,0.30591943538493127,0.42464152482871675,0.5468853318048766,0.4071022855628509,0.3166996811687879,0.34797140896888024,0.31105790291244806,0.4640373900073419,0.313442810154656,0.4434132831990951,0.3011839131866453,0.2998372355247695,0.40405089976774156,0.4748830154510748,0.45808249247144295,0.3744328308933712,0.4069465962271013,0.45340217148953676,0.4274287015996261,0.4610115939291318,0.5538226971719313,0.5478542963940503,0.4761713274905006,0.4528492544098872,0.3047795926518272,0.3414889361251321,0.34846706691215046,0.2883450250501063,0.4268771725692204,0.0,0.45734908519680195,1.0,0.29867018118210253,0.39247420648621456,0.44048676591825453,0.2164395693078497,0.46243505976704535,0.29164489683389616,0.5070086026652465,0.4688113574214139,0.3075520432466622,0.3117583308684402,0.31980541622756065,0.4997867023820083,0.5011926552484492,0.307909648977874,0.33765591353076874
0.3108453625878752,0.29995973314509494,0.25835315339702025,0.4191289840060418,0.2694159978542495,0.2944235947953183,0.3045034646562369,0.4204380874761251,0.31316670361722165,0.43220497330897145,0.3109168631540189,0.40314434410118394,0.289394880082005,0.41955817713390386,0.4058680014121523,0.3010838487799843,0.2740054104851489,0.3210321007627064,0.25591386118676274,0.3058332538171036,0.3064172985685857,0.2863453724275732,0.312809957373518,0.2768232699059281,0.27178272004274584,0.2596580601234503,0.3034694514873899,0.42030535498811006,0.33525370921203457,0.3109497883767096,0.4058514591150383,0.27802896283996237,0.0,0.3182313254824678,0.29867018118210253,1.0,0.29636078693929324,0.28963235735157555,0.3121815236978467,0.303630989309573,0.41150837031567367,0.29577145550914197,0.30020592494590603,0.4238852555599516,0.42164805766991276,0.32018955000211824,0.2918666516410522,0.2927784385686131,0.43784649527575825,0.3399714639343562
0.3469586833880268,0.3864468471850999,0.266109645031972,0.3050797482007005,0.3663481016609439,0.3839473993478002,0.7981789439128611,0.3039644852215333,0.35376054593201367,0.3022053586257758,0.3920594623609015,0.2915474484074828,0.39333846520200844,0.292949680278876,0.29254478249016225,0.7633279919662828,0.35517019013300033,0.4232097611568495,0.342460405215679,0.8202255928483373,0.424678629905453,0.3886383302552193,0.4264013902008862,0.37312011581920446,0.37169338015858455,0.3555396804059491,0.3955803937371142,0.29126071376408547,0.32288670924990215,0.35356421057780196,0.281204929162583,0.3822893289145455,0.0,0.3960742788521412,0.39247420648621456,0.29636078693929324,1.0,0.37448701464474077,0.20259801844136704,0.3892629566561744,0.28368203394515257,0.38990371945919955,0.4019710083354089,0.2974186201163974,0.29589063671194715,0.31407659526728215,0.3783241857506586,0.3797143016560858,0.2939422767404851,0.3375140938266097
0.36259856218033604,0.47177264711031797,0.2793098422111694,0.30747790808221054,0.47512475047134317,0.43642761510012784,0.3804659209473069,0.33364340620961364,0.34666688998553985,0.3175486842318652,0.515826269303923,0.31647324514022235,0.5160460392343545,0.3109322030656976,0.3071767549603155,0.3848235463572751,0.3980473060235482,0.4912165374700953,0.40157101208199264,0.3878346629695876,0.5066650703257436,0.48528568425270546,0.5221215619535103,0.40866371604989393,0.4136222326289051,0.4021255661539346,0.5954259081484169,0.3246650222567782,0.34874403034107493,0.3495453662575313,0.29919990270248653,0.5009878680504964,0.0,0.514650465850074,0.44048676591825453,0.28963235735157555,0.37448701464474077,1.0,0.22129513794145272,0.5463024930411214,0.30194163328324386,0.45284884676008885,0.638863200586302,0.33025116661713527,0.32252412829431565,0.3334442593554894,0.4652951498015686,0.4670529485083317,0.3231480192653273,0.3469556970622327
0.26456017693058864,0.21400194671585315,0.18034390125538913,0.3324862422852053,0.21866842106647277,0.22137748387473166,0.209166172355031,0.33047571729663083,0.2273346004141188,0.3325974524979798,0.21654392453939852,0.3244553051563479,0.20951810737703735,0.3298765459746378,0.32073734422715017,0.20858014141382208,0.19992061426401675,0.21712229287994778,0.17971273572789603,0.20746658082067715,0.21054252157189668,0.2009916918802358,0.21969922172387835,0.20074594809205948,0.20293904223446402,0.19328468939331045,0.20729265417744436,0.3243321008376461,0.23507358929254585,0.22997239954538906,0.3080021671278552,0.21060143624650252,0.0,0.22153058089111144,0.2164395693078497,0.3121815236978467,0.20259801844136704,0.22129513794145272,1.0,0.211631778725911,0.3128807506653468,0.21088508249010252,0.21400264695758542,0.32921814852581366,0.3337721675141836,0.2232570620462394,0.21168343774398968,0.21331455801514265,0.31607996475469236,0.2393976061756694
0.36809348314428336,0.46585420301373903,0.29147264603783496,0.30667402240308483,0.4605647180200835,0.44075370638965805,0.40107959269351456,0.3253147099221948,0.3620155835160812,0.32144582571167324,0.5497001661401939,0.31418593269251094,0.5502638124526058,0.30926731109944194,0.3045683028931331,0.39864320701203815,0.40453012052672843,0.527447388025933,0.43065360631784855,0.4091339745615994,0.5401320975071063,0.5203811703304868,0.5508266601779653,0.41726301583615943,0.41084186046286175,0.4059577602501605,0.5762400621860538,0.31547591496050864,0.35339722178877675,0.3660836876379505,0.302201440016451,0.5045717401625245,0.0,0.5467291760402194,0.46243505976704535,0.303630989309573,0.3892629566561744,0.5463024930411214,0.211631778725911,1.0,0.3000115645361633,0.47184262981320646,0.5829485198912033,0.31861127410016066,0.31920873641325476,0.343528989264421,0.4932014717093307,0.4942446827807835,0.316685472359416,0.36450254352912814
