../ecoli_genomes/GCF_000163235.1_ASM16323v1_genomic.fna.gz,../ecoli_genomes/GCF_000164555.1_ASM16455v1_genomic.fna.gz,../ecoli_genomes/GCF_000208545.1_ASM20854v2_genomic.fna.gz,../ecoli_genomes/GCF_000233875.1_ASM23387v1_genomic.fna.gz,../ecoli_genomes/GCF_000249735.1_ASM24973v2_genomic.fna.gz,../ecoli_genomes/GCF_000261145.1_Esch_coli_M919_V2_genomic.fna.gz,../ecoli_genomes/GCF_000267705.2_ASM26770v2_genomic.fna.gz,../ecoli_genomes/GCF_000350665.1_Esch_coli_KTE5_V1_genomic.fna.gz,../ecoli_genomes/GCF_000351625.1_Esch_coli_KTE66_V1_genomic.fna.gz,../ecoli_genomes/GCF_000352285.1_Esch_coli_KTE46_V1_genomic.fna.gz,../ecoli_genomes/GCF_000358895.1_ASM35889v1_genomic.fna.gz,../ecoli_genomes/GCF_000456385.1_Esch_coli_HVH_26_4-5703913_V1_genomic.fna.gz,../ecoli_genomes/GCF_000458195.1_Esch_coli_HVH_147_4-5893887_V1_genomic.fna.gz,../ecoli_genomes/GCF_000459755.1_Esch_coli_KOEGE_58_171a_V1_genomic.fna.gz,../ecoli_genomes/GCF_000460055.1_Esch_coli_UMEA_3053-1_V1_genomic.fna.gz,../ecoli_genomes/GCF_000462165.2_ASM46216v2_genomic.fna.gz,../ecoli_genomes/GCF_000601135.1_ASM60113v1_genomic.fna.gz,../ecoli_genomes/GCF_000614595.1_Ec2010EL1058_genomic.fna.gz,../ecoli_genomes/GCF_000617745.1_Ec2010C-4529_genomic.fna.gz,../ecoli_genomes/GCF_000618265.2_EcF6751_genomic.fna.gz,../ecoli_genomes/GCF_000619005.2_Ec2009C-4052_genomic.fna.gz,../ecoli_genomes/GCF_000619105.1_Ec2009C-4780_genomic.fna.gz,../ecoli_genomes/GCF_000619765.2_Ec2009C-3279_genomic.fna.gz,../ecoli_genomes/GCF_000687005.1_ASM68700v1_genomic.fna.gz,../ecoli_genomes/GCF_000687025.1_ASM68702v1_genomic.fna.gz,../ecoli_genomes/GCF_000700125.1_ASM70012v1_genomic.fna.gz,../ecoli_genomes/GCF_000753315.1_FHI35_genomic.fna.gz,../ecoli_genomes/GCF_000776375.1_ASM77637v1_genomic.fna.gz,../ecoli_genomes/GCF_000779395.1_ASM77939v1_genomic.fna.gz,../ecoli_genomes/GCF_000780315.1_ASM78031v1_genomic.fna.gz,../ecoli_genomes/GCF_000781995.1_ASM78199v1_genomic.fna.gz,../ecoli_genomes/GCF_000986765.1_ASM98676v1_genomic.fna.gz,../ecoli_genomes/GCF_001041375.1_ViralProj287958_genomic.fna.gz,../ecoli_genomes/GCF_001265335.1_302014_genomic.fna.gz,../ecoli_genomes/GCF_001265625.1_100854_genomic.fna.gz,../ecoli_genomes/GCF_001267345.1_303289_genomic.fna.gz,../ecoli_genomes/GCF_001309985.1_ASM130998v1_genomic.fna.gz,../ecoli_genomes/GCF_001521695.1_ASM152169v1_genomic.fna.gz,../ecoli_genomes/GCF_001592595.1_ASM159259v1_genomic.fna.gz,../ecoli_genomes/GCF_001614975.1_ASM161497v1_genomic.fna.gz,../ecoli_genomes/GCF_001692775.1_ASM169277v1_genomic.fna.gz,../ecoli_genomes/GCF_001748915.1_ASM174891v1_genomic.fna.gz,../ecoli_genomes/GCF_001749235.1_ASM174923v1_genomic.fna.gz,../ecoli_genomes/GCF_001881155.1_ASM188115v1_genomic.fna.gz,../ecoli_genomes/GCF_001881345.1_ASM188134v1_genomic.fna.gz,../ecoli_genomes/GCF_001892405.1_ASM189240v1_genomic.fna.gz,../ecoli_genomes/GCF_001892585.1_ASM189258v1_genomic.fna.gz,../ecoli_genomes/GCF_001893985.1_ASM189398v1_genomic.fna.gz,../ecoli_genomes/GCF_002001595.1_ASM200159v1_genomic.fna.gz,../ecoli_genomes/GCF_002002145.1_ASM200214v1_genomic.fna.gz
1.0,0.3670167594432755,0.30813577240263224,0.3240823683500518,0.32952094960572,0.36520576670487637,0.34891096456855286,0.3321790965583462,0.4346777461227608,0.3344327038781393,0.36462286927529564,0.34191948493962,0.36401606917156426,0.31467147007559093,0.30553520017578184,0.3522121431979526,0.29703751821509283,0.3540744816453534,0.35245502821118346,0.3498806621094702,0.34850233087302596,0.3507721308277296,0.3595378888878201,0.3302384249160204,0.3040052092632609,0.29366194221102315,0.35864412936644674,0.3188477456925567,0.38061797567958444,0.4333516454411481,0.30186018894907396,0.3618450436928007,0.0,0.3530462701025314,0.35496979866382783,0.31926439290081443,0.33095531967162584,0.3650493364868608,0.289659455738979,0.36730048517243286,0.3061289143279431,0.35235656396846404,0.36531593513720717,0.3327860975661031,0.3441688851926341,0.3679572991814428,0.35449484128160247,0.35395030824498686,0.31512634281394225,0.3950998365004883
0.3670167594432755,1.0,0.2939999607020699,0.31571142405817976,0.4063331552572462,0.5766938783142085,0.39439382570829096,0.3276413527941786,0.34967875977432494,0.3309928368354176,0.46134811252547214,0.3366987779420898,0.46810785667472243,0.3166637248485782,0.30593205541314616,0.3993865562673792,0.33029210689233857,0.45669627469743335,0.43503293417584044,0.4001000509264808,0.44346312842706626,0.44852789924201086,0.45909169757134227,0.4612078119997357,0.40376263208243357,0.3507693776487636,0.462071212761229,0.3284924857915448,0.3630097440212122,0.3577312888849936,0.30086295946533725,0.4323179629819741,0.0,0.44057859447435,0.5728929328465966,0.31446562414822743,0.37536508191946116,0.4687813901399408,0.2750726419394077,0.46280547934280103,0.30441134306133855,0.4957434783839568,0.4640542693398082,0.33679463365378004,0.3351367410585774,0.3346926949246758,0.5062350903058415,0.5080385932461848,0.33331764183277746,0.361255169375003
0.30813577240263224,0.2939999607020699,1.0,0.2508658831374143,0.24963525116762397,0.2737366309796657,0.27276608186519813,0.25955140892991313,0.29939445712685586,0.25776212751990335,0.2926098114965283,0.26009291364321907,0.2909980383055081,0.253707487317931,0.24608020688395593,0.27757093348339634,0.18381408555472267,0.27991794365873657,0.26629121328553684,0.2772437606775534,0.2785718285454136,0.2749147886522326,0.2815518523494468,0.22905257470908724,0.20393245591766862,0.19679307006049462,0.287211960275484,0.2600472298771578,0.2973809547953079,0.30472234249416785,0.24013830790419677,0.264964871574107,0.0,0.2760810382328117,0.2690661548750942,0.2633130747833613,0.26195424655884847,0.28078118721200607,0.22505664000784364,0.2885119787893531,0.24753153442934872,0.27662970493523187,0.290095311926276,0.2645865890527118,0.25821947125001454,0.2764475973200171,0.28253980765574527,0.282538652134499,0.26830060404836775,0.30211025566759186
0.3240823683500518,0.31571142405817976,0.2508658831374143,1.0,0.31598860522453465,0.3205575383683391,0.2992376956247478,0.5250020443607498,0.3344586805566785,0.5511076401433808,0.3118326239188791,0.5301142573812045,0.32486601074728905,0.5750018574558697,0.5918816795220099,0.29665301796843857,0.2338995530715663,0.3076113501157224,0.29472812948200133,0.29946810277079594,0.3008427599344522,0.29883173680356456,0.31843379122545357,0.26654983331284854,0.25789108044857534,0.24559071791698128,0.3101748962981088,0.5451283483590199,0.34181211545146595,0.316860895572033,0.5395973023892945,0.3247303104525495,0.0,0.2984605524225935,0.30261710414950194,0.44847352470464175,0.2934469366325645,0.30024059148889237,0.41407992236502056,0.30234817453897755,0.5712268660701957,0.30531422999355806,0.3102214796238968,0.5556984720267908,0.5473342565185906,0.3319664173401957,0.30281557820763616,0.30606874223894365,0.48275856361730973,0.35004140113634563
0.32952094960572,0.4063331552572462,0.24963525116762397,0.31598860522453465,1.0,0.4298528768192097,0.34836024024265844,0.309290436777803,0.337326598210999,0.32417822752988534,0.5092703214284277,0.29565486415543896,0.5019684988773319,0.2905952330109862,0.32284116301860843,0.35750876827006894,0.34369674566625774,0.4274178250695895,0.4158221142101233,0.34824026654461426,0.43632716398282045,0.42305480486966174,0.44337116398943155,0.39082222880870143,0.3517746134183458,0.3425310982885934,0.45417866398332407,0.2853339393435891,0.33937712126788344,0.330347513070262,0.2979193671610003,0.48411509814530385,0.0,0.4415118168932134,0.4146163082693365,0.28124559538003036,0.3490742989956177,0.4731991378280538,0.2901784209901903,0.46210657948959144,0.313867344018001,0.4250460669802779,0.46581749088210367,0.2972023457217591,0.3026351962563669,0.30755794338248377,0.42688790257488507,0.42744538632456053,0.2867293474052204,0.325884911697767
0.36520576670487637,0.5766938783142085,0.2737366309796657,0.3205575383683391,0.4298528768192097,1.0,0.40128802962036925,0.33033485323801137,0.3547639270203492,0.3171791034214768,0.4523145774853723,0.3230309959865443,0.46630587174646176,0.3150350112577537,0.3102882130802883,0.3979838630949698,0.3644429037953516,0.4587172410707885,0.4443734033468597,0.40032861365380223,0.44026457729276225,0.44619336413852284,0.4676505247270122,0.4773207343947995,0.4399275241992098,0.3728581229927733,0.45031633301192897,0.3125978444653368,0.364349094452474,0.3513966903523199,0.3001838135626561,0.45374273609324944,0.0,0.45656950610488345,0.5710359089852481,0.3170488023497676,0.38021311370442257,0.45933343198171184,0.2942948853010817,0.45934212856336176,0.30852528047040917,0.4977301129485101,0.4628997000619399,0.32168582045418304,0.32100027322937785,0.3378140931365219,0.5075416841710385,0.5096186324701288,0.3168381864109555,0.3675062487092895
0.34891096456855286,0.39439382570829096,0.27276608186519813,0.2992376956247478,0.34836024024265844,0.40128802962036925,1.0,0.30184097207967486,0.34877149712118993,0.3002695530283527,0.3984181325042079,0.2903005512105562,0.40472961546995234,0.2972463523797336,0.2876079277182133,0.7732003477922474,0.2584278058444911,0.42630597392702485,0.4132973735226626,0.8615993123197115,0.4296789981285577,0.4210780276473767,0.43754582120651375,0.31973230016985266,0.2832349174686979,0.27133008787318924,0.4044808607450958,0.29512378078083634,0.3318939646336617,0.34657859479743747,0.278938795835451,0.3763162674124019,0.0,0.39212726714807833,0.39829836071263336,0.3125080150646068,0.7943361586862691,0.37767243862031297,0.27418465094064737,0.3997824795085485,0.2824872458602289,0.3850072363994195,0.4064577578827946,0.30001600835920006,0.29826491775387864,0.3197290208562614,0.38123192211746837,0.3823873335969512,0.2961298556652603,0.3451202855443034
0.3321790965583462,0.3276413527941786,0.25955140892991313,0.5250020443607498,0.309290436777803,0.33033485323801137,0.30184097207967486,1.0,0.32532922352467597,0.5290968681727622,0.31782590404767597,0.5177034776629081,0.32913227104411014,0.5137292088034787,0.5009015457764083,0.30099139470609604,0.25042757561131446,0.3143583840995966,0.3026849450841532,0.30316355420756813,0.30581508668480906,0.3058841950765141,0.3189787208579672,0.28905703919834724,0.267271207258177,0.2587802734054886,0.316290535621655,0.6849725453443687,0.3550367956128211,0.321028138413731,0.49598044327165336,0.3199405650815431,0.0,0.30949802158310435,0.31049341891966986,0.44454948823651974,0.2914422036117966,0.3295137583045289,0.4220722811386456,0.3201846601275169,0.510183763080239,0.3113654571344462,0.3211928891008883,0.7011910492304274,0.676762515133797,0.3330637315861936,0.3122713631605859,0.3130536292539251,0.4800491858816427,0.35191741131697574
0.4346777461227608,0.34967875977432494,0.29939445712685586,0.3344586805566785,0.337326598210999,0.3547639270203492,0.34877149712118993,0.32532922352467597,1.0,0.3424535153228082,0.36291504458268664,0.31442805791482487,0.37334301362019917,0.32248742276772446,0.3258766506918259,0.35076955609389326,0.23583417501181714,0.35058721614586996,0.3328978957394989,0.3520451810780265,0.34489572623365417,0.3478732371169181,0.3582918932479602,0.28953957705010935,0.25359750157892946,0.2509783828840705,0.3598740622709897,0.3142325621358345,0.37921278309429896,0.44843250858659045,0.31223106702632664,0.34340630807451233,0.0,0.34270559497124486,0.3444318625011773,0.3280814579739223,0.3382008541673607,0.3440267227720124,0.27827465873215973,0.3574882553511415,0.32108833163397155,0.34974383663538877,0.3654900627851221,0.3224946631221074,0.31666824941312066,0.3566119382817381,0.3465614358231438,0.34950717805076337,0.31633277042201613,0.39154994279863586
0.3344327038781393,0.3309928368354176,0.25776212751990335,0.5511076401433808,0.32417822752988534,0.3171791034214768,0.3002695530283527,0.5290968681727622,0.3424535153228082,1.0,0.3288796627346702,0.5094381346201688,0.34538168182406126,0.531721701516694,0.5295272357658496,0.3034198146015702,0.21557841575080572,0.3129685087479013,0.29865762426054965,0.3000907628181607,0.3047298765596168,0.30485240746249687,0.31134776460289915,0.2647954104586985,0.23946000662931954,0.23726871570964914,0.3165920618110254,0.5252091358144348,0.3527586406696791,0.33159975015437926,0.5481603460776987,0.3117164268052389,0.0,0.29845233492882983,0.30987494770579405,0.45838239748489407,0.2928322082383127,0.3118862988143273,0.4223908034577474,0.3175763194618336,0.5602417439977847,0.3152258823543842,0.31425360813614267,0.5326717193150846,0.5348306547696444,0.32619735137918404,0.30885911247139997,0.3099665172207925,0.5063972895363337,0.34844145419603634
0.36462286927529564,0.46134811252547214,0.2926098114965283,0.3118326239188791,0.5092703214284277,0.4523145774853723,0.3984181325042079,0.31782590404767597,0.36291504458268664,0.3288796627346702,1.0,0.3205594993408092,0.572706638143144,0.3178880426286351,0.3105458440885881,0.40459035247870834,0.2980866433265025,0.516714856950854,0.4955396606324045,0.40275353252976476,0.5120631679892634,0.5198886316230276,0.5273223344277815,0.3834303024494762,0.31977433807985656,0.3147716281809909,0.5426615613829462,0.3173196320038393,0.3546583914335285,0.3680928695227901,0.30028869502626887,0.47591055127662774,0.0,0.501112814549528,0.465333328883742,0.3283064811438944,0.37894284523769717,0.5129984689085307,0.28081413835218416,0.5484432732848865,0.30530615564587726,0.4788159374915584,0.5429911171746913,0.31831357349826095,0.3177551587571831,0.3347017356335925,0.466420236598201,0.4670439137826684,0.32304981795048293,0.36415961656022866
0.34191948493962,0.3366987779420898,0.26009291364321907,0.5301142573812045,0.29565486415543896,0.3230309959865443,0.2903005512105562,0.5177034776629081,0.31442805791482487,0.5094381346201688,0.3205594993408092,1.0,0.32022357364942444,0.5225403979422878,0.6032236329903247,0.2947926413162957,0.24885387534496883,0.30416262959119045,0.2957784043296454,0.29293242409186226,0.30343196882933665,0.3015088771323311,0.31125330391500305,0.29068884402275386,0.2651858149027233,0.2634381612439646,0.3094793809759445,0.5191964059549227,0.35489610435642316,0.32146573046432625,0.4666984965637059,0.31288203608214415,0.0,0.3043138673078949,0.31761321605925585,0.43735907380217487,0.2789163424422878,0.3132842602570258,0.4200633342389892,0.3164302389166741,0.494704919438536,0.30599641929477617,0.3130001491150072,0.5273055069971594,0.530937094185726,0.334122036099485,0.31690514587742125,0.3169846917720647,0.47274820674928286,0.3506552983743646
0.36401606917156426,0.46810785667472243,0.2909980383055081,0.32486601074728905,0.5019684988773319,0.46630587174646176,0.40472961546995234,0.32913227104411014,0.37334301362019917,0.34538168182406126,0.572706638143144,0.32022357364942444,1.0,0.31518781816000774,0.32386077976619276,0.4105144421703095,0.3051625997062667,0.535919503488334,0.520757410125314,0.40786012009373174,0.5505978204251669,0.5806169522175912,0.5975846907567073,0.3811282745135882,0.32751433873960734,0.3297692240837927,0.5837122502513667,0.3192577288978393,0.3649117486973168,0.3775838121008851,0.31041532051766885,0.5193970174872603,0.0,0.5643264663971286,0.46755717580210787,0.321887907434097,0.39109980230206143,0.5440086840555225,0.2821717398693244,0.5830147483407087,0.3198118176652246,0.48011580644540786,0.5760732766348995,0.32185380947110875,0.31915948935202054,0.33283968328061675,0.4765333009360889,0.4765837147557497,0.32490093920372154,0.3684073800491885
0.31467147007559093,0.3166637248485782,0.253707487317931,0.5750018574558697,0.2905952330109862,0.3150350112577537,0.2972463523797336,0.5137292088034787,0.32248742276772446,0.531721701516694,0.3178880426286351,0.5225403979422878,0.31518781816000774,1.0,0.5706659393720965,0.2991317420265035,0.2112795942299741,0.3100797741846101,0.29872508847454116,0.3002245392725703,0.30263976521224967,0.3027318196352501,0.31638381796506476,0.24907726039524747,0.23036354238754353,0.22134497082431615,0.31065318692209865,0.5461931498051047,0.3501636556407074,0.3151831737014298,0.5158572691622321,0.3031202697164721,0.0,0.2974880149660314,0.30019599737712566,0.44893376622542325,0.2887314299014576,0.30353665093960935,0.407641702664052,0.3082027463665933,0.5399325312292742,0.3026328017824913,0.30752611404233676,0.5460436642622252,0.5367277376655948,0.3367864352667981,0.3057420922365024,0.30880443527032464,0.4889062851369409,0.3545359909777027
0.30553520017578184,0.30593205541314616,0.24608020688395593,0.5918816795220099,0.32284116301860843,0.3102882130802883,0.2876079277182133,0.5009015457764083,0.3258766506918259,0.5295272357658496,0.3105458440885881,0.6032236329903247,0.32386077976619276,0.5706659393720965,1.0,0.2877678546645315,0.21572334040767727,0.29768208755562753,0.2835285446100253,0.2879034503103559,0.2933880021746207,0.290787028125545,0.30844966139952523,0.25135495836589217,0.23661426790300022,0.2316496377146252,0.30285733675699233,0.508748974936613,0.3406735788067585,0.30961373640863665,0.5191439102955383,0.3106738698268553,0.0,0.2897879199632668,0.2995805000697036,0.43598940437118083,0.2834148837894406,0.2980785731709076,0.4060160118347782,0.300783699674418,0.550415461923435,0.3011292396226516,0.30478034387565534,0.5163212032250206,0.5091334932665478,0.32512932874017275,0.30131485825465465,0.30474914306079026,0.46953322714683354,0.35195470840681087
0.3522121431979526,0.3993865562673792,0.27757093348339634,0.29665301796843857,0.35750876827006894,0.3979838630949698,0.7732003477922474,0.30099139470609604,0.35076955609389326,0.3034198146015702,0.40459035247870834,0.2947926413162957,0.4105144421703095,0.2991317420265035,0.2877678546645315,1.0,0.2606406409676989,0.41735575746428377,0.41420088347464723,0.7941960023481838,0.4170580366377884,0.4188217768275788,0.4297653650970453,0.3188312221428894,0.2768829889391742,0.2746905038215759,0.40363918567444346,0.2983453780355382,0.3335306862646493,0.35325111690278377,0.2786440909897715,0.37205653659561044,0.0,0.3911284312701242,0.3935751671985107,0.3119652909107924,0.7502368312276225,0.3826771541769798,0.26363076342663516,0.40104296096230274,0.2851661789285673,0.3875143313531043,0.4063078796150794,0.29922438938294404,0.2995394605271936,0.32304607229576454,0.3840791961654667,0.38451271898317585,0.3029823217213361,0.3452026668571795
0.29703751821509283,0.33029210689233857,0.18381408555472267,0.2338995530715663,0.34369674566625774,0.3644429037953516,0.2584278058444911,0.25042757561131446,0.23583417501181714,0.21557841575080572,0.2980866433265025,0.24885387534496883,0.3051625997062667,0.2112795942299741,0.21572334040767727,0.2606406409676989,1.0,0.290405692313355,0.2823359091206685,0.25869970466506376,0.28791448591085655,0.290374219373001,0.3009200958143131,0.5932523224969255,0.6010976411916138,0.5496514318145573,0.2933257067853424,0.20887613812593797,0.24615062103292296,0.2415979673776264,0.20403682612863694,0.4284833442999695,0.0,0.3220278398788121,0.35343502851944153,0.21149952418179496,0.25355680717667695,0.30037456227627146,0.22493084610266734,0.3176267471538834,0.2064511866578701,0.3174172321238261,0.29861206509899185,0.2604746514567218,0.26963640114555987,0.22527076345266794,0.3598063853706339,0.3440247789677072,0.20510940509061615,0.25152014363378505
0.3540744816453534,0.45669627469743335,0.27991794365873657,0.3076113501157224,0.4274178250695895,0.4587172410707885,0.42630597392702485,0.3143583840995966,0.35058721614586996,0.3129685087479013,0.516714856950854,0.30416262959119045,0.535919503488334,0.3100797741846101,0.29768208755562753,0.41735575746428377,0.290405692313355,1.0,0.5537768269202112,0.42811405300331473,0.5449549156081682,0.5506384403168372,0.5625648632334359,0.36323276502087964,0.31554183060580776,0.3089806339891338,0.5334922213881079,0.3102582302191941,0.34919736144087765,0.35523840309022836,0.2929750349742922,0.4708269883921956,0.0,0.501778375096092,0.45204651291782627,0.32858295396483206,0.4061769028326192,0.48715206253952825,0.28319564122066654,0.5258144474985355,0.29458203342373945,0.4603648454498275,0.5233148184754237,0.31355964868084485,0.3093623136039858,0.3267156585629285,0.45673770034216465,0.45764018386546,0.30745808484793236,0.35978922508689115
0.35245502821118346,0.43503293417584044,0.26629121328553684,0.29472812948200133,0.4158221142101233,0.4443734033468597,0.4132973735226626,0.3026849450841532,0.3328978957394989,0.29865762426054965,0.4955396606324045,0.2957784043296454,0.520757410125314,0.29872508847454116,0.2835285446100253,0.41420088347464723,0.2823359091206685,0.5537768269202112,1.0,0.4114625196801631,0.5367866422384631,0.5372603833327763,0.5448135075382508,0.3515644263903114,0.30980272943534426,0.29197991317754257,0.516939983451886,0.2955535732755271,0.33173354220456963,0.3419879606351134,0.27870968596641,0.4638691130480015,0.0,0.4909972647955291,0.4430141294374861,0.3094149195825008,0.39957860831372904,0.47673775137778884,0.267774950866551,0.5083912896160765,0.2837538174071078,0.4491599411352438,0.5085374016816709,0.30265703667351906,0.3006750694052469,0.3209196553623893,0.4378354564476641,0.44130286716737355,0.2979687552322522,0.3441667644588109
0.3498806621094702,0.4001000509264808,0.2772437606775534,0.29946810277079594,0.34824026654461426,0.40032861365380223,0.8615993123197115,0.30316355420756813,0.3520451810780265,0.3000907628181607,0.40275353252976476,0.29293242409186226,0.40786012009373174,0.3002245392725703,0.2879034503103559,0.7941960023481838,0.25869970466506376,0.42811405300331473,0.4114625196801631,1.0,0.42848338084859316,0.4215803814719392,0.4373480557452696,0.32061865700050673,0.28500890198491236,0.2728070437534884,0.40899440215187843,0.29751892323681983,0.33488362853135045,0.35137397981522067,0.2806764488159613,0.37834613455713684,0.0,0.39401162885595076,0.3980855482918253,0.31310218812207646,0.8043838071762622,0.3836399962819219,0.2683997313394021,0.4051341916273715,0.2829752329677492,0.387908877452527,0.4099543304477915,0.3007251288253414,0.2988925982215983,0.32354917175834585,0.3859349650496213,0.3868158845767834,0.299203428943528,0.34960372945263873
0.34850233087302596,0.44346312842706626,0.2785718285454136,0.3008427599344522,0.43632716398282045,0.44026457729276225,0.4296789981285577,0.30581508668480906,0.34489572623365417,0.3047298765596168,0.5120631679892634,0.30343196882933665,0.5505978204251669,0.30263976521224967,0.2933880021746207,0.4170580366377884,0.28791448591085655,0.5449549156081682,0.5367866422384631,0.42848338084859316,1.0,0.560517941613685,0.5810140087903852,0.35569614628919244,0.31149034579470947,0.30766720502315226,0.5443160383378196,0.30546417977745743,0.3350787120594819,0.353248845096631,0.28392967343650255,0.48779452366116716,0.0,0.5247599594310055,0.4403481143470007,0.3201188754169926,0.4111178791872552,0.5055291911280606,0.26986390196037113,0.5405039662800271,0.2923077344831634,0.4375723189375249,0.5310766352367383,0.30774828443638014,0.3055638564202545,0.3282811616595003,0.45103061134738887,0.45257073485467303,0.3045330652461744,0.3501464274074063
0.3507721308277296,0.44852789924201086,0.2749147886522326,0.29883173680356456,0.42305480486966174,0.44619336413852284,0.4210780276473767,0.3058841950765141,0.3478732371169181,0.30485240746249687,0.5198886316230276,0.3015088771323311,0.5806169522175912,0.3027318196352501,0.290787028125545,0.4188217768275788,0.290374219373001,0.5506384403168372,0.5372603833327763,0.4215803814719392,0.560517941613685,1.0,0.7384878625163107,0.3534905189147628,0.30831953970735726,0.29990558448579563,0.5477058407738224,0.3033185498269062,0.33906848948220136,0.3511766080946026,0.28340552836575983,0.478208801860304,0.0,0.6329094032817635,0.44299493082781916,0.31657757033756906,0.4031517089534823,0.5106832586287873,0.26603671079529223,0.549938536164865,0.28727099157096214,0.44620978599269434,0.5459262513329504,0.3069040963859252,0.30105310543979724,0.32272121279365173,0.4517442634228709,0.45227927153944525,0.30540231685916563,0.35183971730162145
0.3595378888878201,0.45909169757134227,0.2815518523494468,0.31843379122545357,0.44337116398943155,0.4676505247270122,0.43754582120651375,0.3189787208579672,0.3582918932479602,0.31134776460289915,0.5273223344277815,0.31125330391500305,0.5975846907567073,0.31638381796506476,0.30844966139952523,0.4297653650970453,0.3009200958143131,0.5625648632334359,0.5448135075382508,0.4373480557452696,0.5810140087903852,0.7384878625163107,1.0,0.3625092207978473,0.324239066047438,0.31074281111786295,0.5710757864268892,0.314730185746694,0.3507984496509692,0.35595932790401574,0.2975407549271687,0.5055132060006818,0.0,0.6415606345974882,0.45316449368091705,0.3275636207532341,0.41802772932271604,0.5255083069852808,0.27928825099303345,0.5568524374726879,0.30251600401338175,0.4533434969603489,0.5551078586536815,0.31742174697738257,0.3143541282036114,0.3341352855768497,0.458772612022305,0.46116344936437115,0.3119047095970925,0.3622559901276313
0.3302384249160204,0.4612078119997357,0.22905257470908724,0.26654983331284854,0.39082222880870143,0.4773207343947995,0.31973230016985266,0.28905703919834724,0.28953957705010935,0.2647954104586985,0.3834303024494762,0.29068884402275386,0.3811282745135882,0.24907726039524747,0.25135495836589217,0.3188312221428894,0.5932523224969255,0.36323276502087964,0.3515644263903114,0.32061865700050673,0.35569614628919244,0.3534905189147628,0.3625092207978473,1.0,0.6057556091525131,0.4952287184782491,0.36509721153469676,0.25591204057381023,0.3055162961432941,0.29084841294207786,0.24498953651679833,0.4497445310545102,0.0,0.3769846135938726,0.5011219059675892,0.2563710333232986,0.3089441974980546,0.36401511684642796,0.24601412875171635,0.3802335397542361,0.2481861112971797,0.40388642121790175,0.3634322519412845,0.2888448739475936,0.2958785213470795,0.2683662955449405,0.4201163823882347,0.40609841002501945,0.25211840519637974,0.3000740389305616
0.3040052092632609,0.40376263208243357,0.20393245591766862,0.25789108044857534,0.3517746134183458,0.4399275241992098,0.2832349174686979,0.267271207258177,0.25359750157892946,0.23946000662931954,0.31977433807985656,0.2651858149027233,0.32751433873960734,0.23036354238754353,0.23661426790300022,0.2768829889391742,0.6010976411916138,0.31554183060580776,0.30980272943534426,0.28500890198491236,0.31149034579470947,0.30831953970735726,0.324239066047438,0.6057556091525131,1.0,0.561929998504118,0.3163785325308248,0.22485713982245792,0.25618707256966555,0.25403706693483374,0.2249393153990008,0.4306294368453899,0.0,0.3319422076952374,0.4376556600134699,0.2243985347282872,0.2809856013892237,0.3208230505614975,0.23372200999612702,0.33554777378333456,0.2308901315434465,0.34663440809209034,0.3239257210136608,0.28276353594863757,0.28418386638333526,0.24945754238947626,0.3809689735493865,0.3650945099093129,0.23226178365063876,0.26698249402444707
0.29366194221102315,0.3507693776487636,0.19679307006049462,0.24559071791698128,0.3425310982885934,0.3728581229927733,0.27133008787318924,0.2587802734054886,0.2509783828840705,0.23726871570964914,0.3147716281809909,0.2634381612439646,0.3297692240837927,0.22134497082431615,0.2316496377146252,0.2746905038215759,0.5496514318145573,0.3089806339891338,0.29197991317754257,0.2728070437534884,0.30766720502315226,0.29990558448579563,0.31074281111786295,0.4952287184782491,0.561929998504118,1.0,0.3132216089613088,0.22119831326983086,0.24274620394615032,0.25277980496930685,0.21918753966010152,0.3950073885508881,0.0,0.320451098250605,0.37017694841338356,0.2208401989886991,0.269759586192309,0.31386264317375623,0.2268787686648438,0.3331902856764303,0.22530743079889015,0.33900603792259565,0.3098340301262278,0.27468244241643447,0.2770693314220236,0.23019405321498632,0.38067218837799854,0.35965297944814656,0.2268215648391282,0.2582103052511656
0.35864412936644674,0.462071212761229,0.287211960275484,0.3101748962981088,0.45417866398332407,0.45031633301192897,0.4044808607450958,0.316290535621655,0.3598740622709897,0.3165920618110254,0.5426615613829462,0.3094793809759445,0.5837122502513667,0.31065318692209865,0.30285733675699233,0.40363918567444346,0.2933257067853424,0.5334922213881079,0.516939983451886,0.40899440215187843,0.5443160383378196,0.5477058407738224,0.5710757864268892,0.36509721153469676,0.3163785325308248,0.3132216089613088,1.0,0.310113383111003,0.3525401390181293,0.36271195200823936,0.29887706346132115,0.5037287700767714,0.0,0.5267254946686613,0.45308430597907257,0.31719593672082014,0.38506287341259415,0.6039435031213416,0.2649727937416665,0.5776945518556933,0.30228460722480677,0.4614772936155025,0.6395623909038315,0.31532303595753264,0.3076268327777292,0.3354168525198651,0.4575484571749695,0.4589720560668149,0.31628127671085293,0.3596636806865572
0.3188477456925567,0.3284924857915448,0.2600472298771578,0.5451283483590199,0.2853339393435891,0.3125978444653368,0.29512378078083634,0.6849725453443687,0.3142325621358345,0.5252091358144348,0.3173196320038393,0.5191964059549227,0.3192577288978393,0.5461931498051047,0.508748974936613,0.2983453780355382,0.20887613812593797,0.3102582302191941,0.2955535732755271,0.29751892323681983,0.30546417977745743,0.3033185498269062,0.314730185746694,0.25591204057381023,0.22485713982245792,0.22119831326983086,0.310113383111003,1.0,0.3517183128063661,0.3131002898464078,0.4910625314172984,0.30037659964265084,0.0,0.29806421964613705,0.2996444993059093,0.4470624226091585,0.28380868154801187,0.3179291363755077,0.41515159872213925,0.3105184535492085,0.5138601765603967,0.30294466502447237,0.3092581500331554,0.7889924366124264,0.7536756729507528,0.3248840938711429,0.3059148926611529,0.3061627588858078,0.49596667176851317,0.34309680991445635
0.38061797567958444,0.3630097440212122,0.2973809547953079,0.34181211545146595,0.33937712126788344,0.364349094452474,0.3318939646336617,0.3550367956128211,0.37921278309429896,0.3527586406696791,0.3546583914335285,0.35489610435642316,0.3649117486973168,0.3501636556407074,0.3406735788067585,0.3335306862646493,0.24615062103292296,0.34919736144087765,0.33173354220456963,0.33488362853135045,0.3350787120594819,0.33906848948220136,0.3507984496509692,0.3055162961432941,0.25618707256966555,0.24274620394615032,0.3525401390181293,0.3517183128063661,1.0,0.36400297276927907,0.33103135377011284,0.34092309139514543,0.0,0.3378934597114207,0.3459464937750001,0.3464570659703713,0.31698314629135294,0.3538162968996512,0.3025432133972833,0.3549079575232499,0.3329236477217504,0.3414680371539125,0.3476774528666138,0.34859799090620047,0.3468775497487583,0.42322011499457646,0.3432897299711838,0.34392312925724,0.34405694277098264,0.6232683442221665
0.4333516454411481,0.3577312888849936,0.30472234249416785,0.316860895572033,0.330347513070262,0.3513966903523199,0.34657859479743747,0.321028138413731,0.44843250858659045,0.33159975015437926,0.3680928695227901,0.32146573046432625,0.3775838121008851,0.3151831737014298,0.30961373640863665,0.35325111690278377,0.2415979673776264,0.35523840309022836,0.3419879606351134,0.35137397981522067,0.353248845096631,0.3511766080946026,0.35595932790401574,0.29084841294207786,0.25403706693483374,0.25277980496930685,0.36271195200823936,0.3131002898464078,0.36400297276927907,1.0,0.30785236579965203,0.3333429416386877,0.0,0.3417013868809504,0.34721390732481194,0.32223086441972126,0.3338293388291822,0.3506838487268342,0.27798298550973344,0.372202871198838,0.31590952202822753,0.35048239345224486,0.3648277661399498,0.3204761799196615,0.31679110765151297,0.3723598925791062,0.3529160815983343,0.3556126346183247,0.31557043672105267,0.38507245098899634
0.30186018894907396,0.30086295946533725,0.24013830790419677,0.5395973023892945,0.2979193671610003,0.3001838135626561,0.278938795835451,0.49598044327165336,0.31223106702632664,0.5481603460776987,0.30028869502626887,0.4666984965637059,0.31041532051766885,0.5158572691622321,0.5191439102955383,0.2786440909897715,0.20403682612863694,0.2929750349742922,0.27870968596641,0.2806764488159613,0.28392967343650255,0.28340552836575983,0.2975407549271687,0.24498953651679833,0.2249393153990008,0.21918753966010152,0.29887706346132115,0.4910625314172984,0.33103135377011284,0.30785236579965203,1.0,0.29602134222724386,0.0,0.2841032571527141,0.2862662266877425,0.425305922534683,0.2723680749794355,0.29294697842237616,0.3907137889963286,0.29897134732705843,0.6578271190311572,0.2959275661502161,0.29495278796488933,0.5012708479019193,0.4938680451266956,0.31220987107887954,0.29168551864715153,0.2934948580685307,0.46166338308467636,0.32762461258358333
0.3618450436928007,0.4323179629819741,0.264964871574107,0.3247303104525495,0.48411509814530385,0.45374273609324944,0.3763162674124019,0.3199405650815431,0.34340630807451233,0.3117164268052389,0.47591055127662774,0.31288203608214415,0.5193970174872603,0.3031202697164721,0.3106738698268553,0.37205653659561044,0.4284833442999695,0.4708269883921956,0.4638691130480015,0.37834613455713684,0.48779452366116716,0.478208801860304,0.5055132060006818,0.4497445310545102,0.4306294368453899,0.3950073885508881,0.5037287700767714,0.30037659964265084,0.34092309139514543,0.3333429416386877,0.29602134222724386,1.0,0.0,0.48510537879700655,0.4387492936414964,0.2952950693056887,0.37053597284089235,0.4990877798775152,0.27767393491552816,0.5182472347019891,0.2996162891828953,0.4369695919063501,0.5117710742475079,0.31984860930575354,0.32342401098641316,0.31781127176484203,0.4546366374188271,0.45177722786755714,0.29242199537725777,0.33735160046834745
0.0,0.0,0.0,0.0,0.0,0.0,0.0,0.0,0.0,0.0,0.0,0.0,0.0,0.0,0.0,0.0,0.0,0.0,0.0,0.0,0.0,0.0,0.0,0.0,0.0,0.0,0.0,0.0,0.0,0.0,0.0,0.0,1.0,0.0,0.0,0.0,0.0,0.0,0.0,0.0,0.0,0.0,0.0,0.0,0.0,0.0,0.0,0.0,0.0,0.0
0.3530462701025314,0.44057859447435,0.2760810382328117,0.2984605524225935,0.4415118168932134,0.45656950610488345,0.39212726714807833,0.30949802158310435,0.34270559497124486,0.29845233492882983,0.501112814549528,0.3043138673078949,0.5643264663971286,0.2974880149660314,0.2897879199632668,0.3911284312701242,0.3220278398788121,0.501778375096092,0.4909972647955291,0.39401162885595076,0.5247599594310055,0.6329094032817635,0.6415606345974882,0.3769846135938726,0.3319422076952374,0.320451098250605,0.5267254946686613,0.29806421964613705,0.3378934597114207,0.3417013868809504,0.2841032571527141,0.48510537879700655,0.0,1.0,0.4379593000044355,0.3208089443236183,0.375024814158352,0.5047572225604082,0.276428463583425,0.5303603274529258,0.28757697734203846,0.4379586786892564,0.5378688250377015,0.3044746642893388,0.305436511413418,0.32069046924507827,0.44661698479997136,0.44682962842536555,0.29910185056555294,0.35156907642198065
0.35496979866382783,0.5728929328465966,0.2690661548750942,0.30261710414950194,0.4146163082693365,0.5710359089852481,0.39829836071263336,0.31049341891966986,0.3444318625011773,0.30987494770579405,0.465333328883742,0.31761321605925585,0.46755717580210787,0.30019599737712566,0.2995805000697036,0.3935751671985107,0.35343502851944153,0.45204651291782627,0.4430141294374861,0.3980855482918253,0.4403481143470007,0.44299493082781916,0.45316449368091705,0.5011219059675892,0.4376556600134699,0.37017694841338356,0.45308430597907257,0.2996444993059093,0.3459464937750001,0.34721390732481194,0.2862662266877425,0.4387492936414964,0.0,0.4379593000044355,1.0,0.30570230690042444,0.37593739643215673,0.4331304558546085,0.2725828531051342,0.4599877509125049,0.29279895340869244,0.4965220383822241,0.4584235467793505,0.30446191057020866,0.30690889689861045,0.319889247546268,0.4901499101764396,0.49036227428622037,0.3025200913675039,0.34645717563454226
0.31926439290081443,0.31446562414822743,0.2633130747833613,0.44847352470464175,0.28124559538003036,0.3170488023497676,0.3125080150646068,0.44454948823651974,0.3280814579739223,0.45838239748489407,0.3283064811438944,0.43735907380217487,0.321887907434097,0.44893376622542325,0.43598940437118083,0.3119652909107924,0.21149952418179496,0.32858295396483206,0.3094149195825008,0.31310218812207646,0.3201188754169926,0.31657757033756906,0.3275636207532341,0.2563710333232986,0.2243985347282872,0.2208401989886991,0.31719593672082014,0.4470624226091585,0.3464570659703713,0.32223086441972126,0.425305922534683,0.2952950693056887,0.0,0.3208089443236183,0.30570230690042444,1.0,0.301856588978317,0.30320845166173094,0.4184382620187026,0.32304824776120267,0.43239594770117473,0.3106995577978051,0.3165400386764814,0.45058509333903984,0.44929273417274473,0.3237864334050834,0.3070960404630495,0.3079039675726377,0.4480231567358297,0.3502076429599026
0.33095531967162584,0.37536508191946116,0.26195424655884847,0.2934469366325645,0.3490742989956177,0.38021311370442257,0.7943361586862691,0.2914422036117966,0.3382008541673607,0.2928322082383127,0.37894284523769717,0.2789163424422878,0.39109980230206143,0.2887314299014576,0.2834148837894406,0.7502368312276225,0.25355680717667695,0.4061769028326192,0.39957860831372904,0.8043838071762622,0.4111178791872552,0.4031517089534823,0.41802772932271604,0.3089441974980546,0.2809856013892237,0.269759586192309,0.38506287341259415,0.28380868154801187,0.31698314629135294,0.3338293388291822,0.2723680749794355,0.37053597284089235,0.0,0.375024814158352,0.37593739643215673,0.301856588978317,1.0,0.36175926227113053,0.2585655959819636,0.3795571716061511,0.27625565246808503,0.36787672228724866,0.38813280141849216,0.2892845561447941,0.28740553358040943,0.3044324009438838,0.36334687224547413,0.3641487498807162,0.28159781525650873,0.3298055498923943
0.3650493364868608,0.4687813901399408,0.28078118721200607,0.30024059148889237,0.4731991378280538,0.45933343198171184,0.37767243862031297,0.3295137583045289,0.3440267227720124,0.3118862988143273,0.5129984689085307,0.3132842602570258,0.5440086840555225,0.30353665093960935,0.2980785731709076,0.3826771541769798,0.30037456227627146,0.48715206253952825,0.47673775137778884,0.3836399962819219,0.5055291911280606,0.5106832586287873,0.5255083069852808,0.36401511684642796,0.3208230505614975,0.31386264317375623,0.6039435031213416,0.3179291363755077,0.3538162968996512,0.3506838487268342,0.29294697842237616,0.4990877798775152,0.0,0.5047572225604082,0.4331304558546085,0.30320845166173094,0.36175926227113053,1.0,0.2889248728030662,0.5496668054970104,0.2989372664849279,0.44736161898270355,0.6300768366358549,0.3212752482232313,0.3142429586673552,0.3275033041110009,0.4624800337711672,0.46315679004020727,0.3169783932702598,0.351050098399851
0.289659455738979,0.2750726419394077,0.22505664000784364,0.41407992236502056,0.2901784209901903,0.2942948853010817,0.27418465094064737,0.4220722811386456,0.27827465873215973,0.4223908034577474,0.28081413835218416,0.4200633342389892,0.2821717398693244,0.407641702664052,0.4060160118347782,0.26363076342663516,0.22493084610266734,0.28319564122066654,0.267774950866551,0.2683997313394021,0.26986390196037113,0.26603671079529223,0.27928825099303345,0.24601412875171635,0.23372200999612702,0.2268787686648438,0.2649727937416665,0.41515159872213925,0.3025432133972833,0.27798298550973344,0.3907137889963286,0.27767393491552816,0.0,0.276428463583425,0.2725828531051342,0.4184382620187026,0.2585655959819636,0.2889248728030662,1.0,0.27909906554478425,0.39534846667737245,0.2730028065636665,0.2740565097255663,0.42687305236157314,0.42852207288865507,0.2775824593447921,0.2739450368279682,0.2716910745501504,0.4023374585511853,0.299754492965684
0.36730048517243286,0.46280547934280103,0.2885119787893531,0.30234817453897755,0.46210657948959144,0.45934212856336176,0.3997824795085485,0.3201846601275169,0.3574882553511415,0.3175763194618336,0.5484432732848865,0.3164302389166741,0.5830147483407087,0.3082027463665933,0.300783699674418,0.40104296096230274,0.3176267471538834,0.5258144474985355,0.5083912896160765,0.4051341916273715,0.5405039662800271,0.549938536164865,0.5568524374726879,0.3802335397542361,0.33554777378333456,0.3331902856764303,0.5776945518556933,0.3105184535492085,0.3549079575232499,0.372202871198838,0.29897134732705843,0.5182472347019891,0.0,0.5303603274529258,0.4599877509125049,0.32304824776120267,0.3795571716061511,0.5496668054970104,0.27909906554478425,1.0,0.2983274249339586,0.4672976524720648,0.5753027044700545,0.3158510212200263,0.31803909419425547,0.3387031448012948,0.483801267835519,0.48331849916720104,0.3137743086090602,0.37001780123854644
