../ecoli_genomes/GCF_000163235.1_ASM16323v1_genomic.fna.gz,../ecoli_genomes/GCF_000164555.1_ASM16455v1_genomic.fna.gz,../ecoli_genomes/GCF_000208545.1_ASM20854v2_genomic.fna.gz,../ecoli_genomes/GCF_000233875.1_ASM23387v1_genomic.fna.gz,../ecoli_genomes/GCF_000249735.1_ASM24973v2_genomic.fna.gz,../ecoli_genomes/GCF_000261145.1_Esch_coli_M919_V2_genomic.fna.gz,../ecoli_genomes/GCF_000267705.2_ASM26770v2_genomic.fna.gz,../ecoli_genomes/GCF_000350665.1_Esch_coli_KTE5_V1_genomic.fna.gz,../ecoli_genomes/GCF_000351625.1_Esch_coli_KTE66_V1_genomic.fna.gz,../ecoli_genomes/GCF_000352285.1_Esch_coli_KTE46_V1_genomic.fna.gz,../ecoli_genomes/GCF_000358895.1_ASM35889v1_genomic.fna.gz,../ecoli_genomes/GCF_000456385.1_Esch_coli_HVH_26_4-5703913_V1_genomic.fna.gz,../ecoli_genomes/GCF_000458195.1_Esch_coli_HVH_147_4-5893887_V1_genomic.fna.gz,../ecoli_genomes/GCF_000459755.1_Esch_coli_KOEGE_58_171a_V1_genomic.fna.gz,../ecoli_genomes/GCF_000460055.1_Esch_coli_UMEA_3053-1_V1_genomic.fna.gz,../ecoli_genomes/GCF_000462165.2_ASM46216v2_genomic.fna.gz,../ecoli_genomes/GCF_000601135.1_ASM60113v1_genomic.fna.gz,../ecoli_genomes/GCF_000614595.1_Ec2010EL1058_genomic.fna.gz,../ecoli_genomes/GCF_000617745.1_Ec2010C-4529_genomic.fna.gz,../ecoli_genomes/GCF_000618265.2_EcF6751_genomic.fna.gz,../ecoli_genomes/GCF_000619005.2_Ec2009C-4052_genomic.fna.gz,../ecoli_genomes/GCF_000619105.1_Ec2009C-4780_genomic.fna.gz,../ecoli_genomes/GCF_000619765.2_Ec2009C-3279_genomic.fna.gz,../ecoli_genomes/GCF_000687005.1_ASM68700v1_genomic.fna.gz,../ecoli_genomes/GCF_000687025.1_ASM68702v1_genomic.fna.gz,../ecoli_genomes/GCF_000700125.1_ASM70012v1_genomic.fna.gz,../ecoli_genomes/GCF_000753315.1_FHI35_genomic.fna.gz,../ecoli_genomes/GCF_000776375.1_ASM77637v1_genomic.fna.gz,../ecoli_genomes/GCF_000779395.1_ASM77939v1_genomic.fna.gz,../ecoli_genomes/GCF_000780315.1_ASM78031v1_genomic.fna.gz,../ecoli_genomes/GCF_000781995.1_ASM78199v1_genomic.fna.gz,../ecoli_genomes/GCF_000986765.1_ASM98676v1_genomic.fna.gz,../ecoli_genomes/GCF_001041375.1_ViralProj287958_genomic.fna.gz,../ecoli_genomes/GCF_001265335.1_302014_genomic.fna.gz,../ecoli_genomes/GCF_001265625.1_100854_genomic.fna.gz,../ecoli_genomes/GCF_001267345.1_303289_genomic.fna.gz,../ecoli_genomes/GCF_001309985.1_ASM130998v1_genomic.fna.gz,../ecoli_genomes/GCF_001521695.1_ASM152169v1_genomic.fna.gz,../ecoli_genomes/GCF_001592595.1_ASM159259v1_genomic.fna.gz,../ecoli_genomes/GCF_001614975.1_ASM161497v1_genomic.fna.gz,../ecoli_genomes/GCF_001692775.1_ASM169277v1_genomic.fna.gz,../ecoli_genomes/GCF_001748915.1_ASM174891v1_genomic.fna.gz,../ecoli_genomes/GCF_001749235.1_ASM174923v1_genomic.fna.gz,../ecoli_genomes/GCF_001881155.1_ASM188115v1_genomic.fna.gz,../ecoli_genomes/GCF_001881345.1_ASM188134v1_genomic.fna.gz,../ecoli_genomes/GCF_001892405.1_ASM189240v1_genomic.fna.gz,../ecoli_genomes/GCF_001892585.1_ASM189258v1_genomic.fna.gz,../ecoli_genomes/GCF_001893985.1_ASM189398v1_genomic.fna.gz,../ecoli_genomes/GCF_002001595.1_ASM200159v1_genomic.fna.gz,../ecoli_genomes/GCF_002002145.1_ASM200214v1_genomic.fna.gz
1.0,0.38629474363611693,0.3185337826832,0.3348098058204133,0.34326262355190285,0.36412811941041245,0.3654446915603081,0.35186653793666656,0.44235350354726743,0.3436326748464036,0.38295188944160163,0.3556081232327868,0.3694338379926265,0.33075581583169056,0.3174827191864471,0.36621695540510824,0.3273919676976931,0.36926163018260594,0.3375658849987937,0.3674258649098531,0.35349027285648815,0.3533986383972122,0.3747937737065945,0.35096236566452277,0.3166305268825531,0.2968706072675008,0.37005524768950737,0.3399564054894786,0.3963046987564094,0.4371177498771246,0.30833769829230306,0.36237281666136123,0.0,0.36706864153685503,0.3678682831449126,0.33264566309275656,0.3434538558468897,0.37673118012574636,0.23102539265394761,0.3775601742165371,0.31821888681233956,0.36465595239638326,0.3734668538416859,0.3476986074123578,0.34942159774736625,0.3696150821270784,0.3622063348691341,0.3677193338269229,0.33418696142583326,0.4032931733302787
0.38629474363611693,1.0,0.2973919826799679,0.33172297087706093,0.4271427798144247,0.5572308025507602,0.40476937889616693,0.3415414522278343,0.35755993137987174,0.340005157632733,0.4748864133300028,0.34564133772433525,0.45783839704668383,0.32487583347931215,0.31305272755102165,0.4080054626286249,0.45159307240978896,0.46431163836824185,0.4187889997400479,0.4074653852353307,0.44631454789230074,0.4348161630300985,0.4646672023373438,0.5313060107397696,0.47254452428712124,0.4012900339340145,0.46254854288975633,0.3341024286184944,0.36634245497938045,0.3677443697694932,0.31041869865456106,0.4481767928260242,0.0,0.4487843817846463,0.5821227725937428,0.32225559731553555,0.38264591353308375,0.47157204899186045,0.20833782761872843,0.47351051595212734,0.31567745953300685,0.5045196827462638,0.4697700539377808,0.3487132207429884,0.345246022101102,0.3429992370189955,0.5059193416799523,0.5183149720352458,0.3443595838232717,0.3612762959335952
0.3185337826832,0.2973919826799679,1.0,0.2592573643912285,0.25850569458137873,0.2754921401142283,0.27446466960323435,0.26531817322249973,0.3041480027603869,0.26196113232060025,0.2967884710322217,0.2576844440027629,0.2881534437695986,0.2568325723806886,0.25058470925478216,0.2802972752826346,0.24806124345392344,0.2839517817194346,0.2571862251039927,0.2776245352855312,0.2773641905148846,0.270552924023879,0.28804721663711974,0.2653888551159921,0.2366659566649476,0.22434669435820642,0.2868757878818806,0.2606921935197327,0.304014542716888,0.3141929305117077,0.2439097811073263,0.27418751100213135,0.0,0.28287603282869844,0.28069041235489134,0.2642772534036608,0.26200253660179684,0.28378622862620073,0.16813044307705105,0.2944328268953884,0.2528967347869413,0.2815515252184876,0.29078755923888466,0.26660229545336045,0.2626478169810543,0.2827439248542376,0.28654060935209935,0.2909591715148847,0.2718092510060661,0.3100427866138523
0.3348098058204133,0.33172297087706093,0.2592573643912285,1.0,0.3319823840428734,0.31823325981734185,0.31244553684888166,0.5324736857844509,0.3410792549366668,0.5637353782488984,0.3224832190876582,0.5220944735023092,0.32996416632417147,0.5691664170532,0.595139967489426,0.32514103313730036,0.2918478536900443,0.31343733651352224,0.28571674341126885,0.3151378180498381,0.30577868467487235,0.30098780920225154,0.32586891287270126,0.2966477239122993,0.28114894573698535,0.26040616002676764,0.3116345929145835,0.5451145827071308,0.35283343436518255,0.3276848927718523,0.5449943243568101,0.3288819137690052,0.0,0.30747600231584804,0.3121972098489241,0.4498123501112403,0.30352437814360456,0.30487849108943055,0.289928297110589,0.3101087165586386,0.5634626454587133,0.3060170666151788,0.3114455883677295,0.5511477059189853,0.5402365241613705,0.33904691410397814,0.30410403500362004,0.3132774268373105,0.4939609185584186,0.36077203266554814
0.34326262355190285,0.4271427798144247,0.25850569458137873,0.3319823840428734,1.0,0.43591624596341183,0.3625496322509053,0.32751375136922534,0.35994158850599434,0.3418082299659757,0.515829215178303,0.3001162915728891,0.5020475760926135,0.3085108409664571,0.33316268448593656,0.389959134130311,0.4388165848404565,0.43808565059600624,0.4020409598988217,0.36572968971852915,0.44301732176513564,0.4214593743899081,0.4511963265207394,0.4489988139319441,0.40697574242182044,0.36835813907042236,0.4557824569464658,0.29353810181309237,0.34278756281166955,0.3382608171888509,0.32090841051237884,0.4946882552680959,0.0,0.44912904043807234,0.4268751687125799,0.2924409190672044,0.36737804328853907,0.47002939437611646,0.21300799489387645,0.47532573737163697,0.32986288577556466,0.4372434578485035,0.47143626681175776,0.3037269419526313,0.30942986960984875,0.3103340446254944,0.4347496117448991,0.44538253233425995,0.30087693333878474,0.32915666893460227
0.36412811941041245,0.5572308025507602,0.2754921401142283,0.31823325981734185,0.43591624596341183,1.0,0.4063847405557789,0.328168192305451,0.34264428312279593,0.31705228604230107,0.4541682084255172,0.3173549432827444,0.44057754480699995,0.3083381374745723,0.301234101552987,0.40723212759580873,0.4497621415042178,0.45236982503837164,0.41623768679245643,0.40587103162728744,0.43309655136140124,0.45608397639684883,0.4513037686731297,0.5216518702316509,0.46524498406224435,0.3874470333188297,0.43484357634705195,0.31264426734563666,0.35291028138634606,0.3439695967358479,0.2944801246990538,0.4381126016977813,0.0,0.45214686501032497,0.5559824205704802,0.3191741074907588,0.3833385656647006,0.4547501554738397,0.22336253757290858,0.44988390237712916,0.3034758642444936,0.4901605279281608,0.45122489404443067,0.32284709487474916,0.3236418648855134,0.32627429767000393,0.4849482498654293,0.49754872829603514,0.31525483203261373,0.35197875341707097
0.3654446915603081,0.40476937889616693,0.27446466960323435,0.31244553684888166,0.3625496322509053,0.4063847405557789,1.0,0.31537025293819243,0.35178643372734586,0.3086146657653116,0.4162361198034812,0.3023932653725878,0.4038395845175927,0.30375345441851775,0.2938328151725583,0.7640898643480618,0.3381923026181426,0.4467552553407589,0.40416932732428623,0.8690533731062321,0.4400577000802295,0.41350070829649943,0.44780698938828556,0.3706006925868227,0.31636695535203074,0.28925421723390754,0.4118410869794178,0.3051629958276093,0.3378473933185069,0.3516460867698894,0.2863706528125808,0.38587816245349316,0.0,0.4122188563253141,0.41151169212316063,0.32609969537943295,0.7822775584837802,0.3839196154682548,0.18858179926386265,0.4031814540465398,0.2887289763808636,0.4043227932772354,0.4133188568155646,0.3139893963128928,0.3123614773865594,0.3185935584692363,0.3810439844893093,0.39413702960247565,0.3094049035512726,0.3510349316202709
0.35186653793666656,0.3415414522278343,0.26531817322249973,0.5324736857844509,0.32751375136922534,0.328168192305451,0.31537025293819243,1.0,0.33856837729562483,0.5459602993452928,0.3282380406161286,0.5164923761864537,0.33537304534571344,0.514353891866981,0.5084365835092035,0.32407839766876356,0.3010477635221661,0.32196810897219874,0.29566622334681536,0.31601206985197516,0.3130794116920008,0.3035291416953221,0.3251347771927656,0.31627607686945636,0.29127338766684907,0.27548252972349874,0.32604006007118824,0.7025907159783621,0.3691265915563512,0.333038272418854,0.5029672820175717,0.3265960791269139,0.0,0.31801705999281726,0.3241003823483948,0.45155188594053475,0.29880702681341276,0.33359745639947314,0.3052468759761733,0.329378131651757,0.5140207236977861,0.31786803937159214,0.32410950806181027,0.7135366778529179,0.6875526004897037,0.3433118066352636,0.31440819292775235,0.31897310355789166,0.4953647292098007,0.3616443817996685
0.44235350354726743,0.35755993137987174,0.3041480027603869,0.3410792549366668,0.35994158850599434,0.34264428312279593,0.35178643372734586,0.33856837729562483,1.0,0.35769555749640247,0.3686426986987449,0.31353739055502317,0.37668302151208033,0.3315630133089852,0.33745832451400903,0.3659606459006114,0.3022901878852903,0.35863335034675325,0.31783721923152386,0.3557714162081401,0.3455738608198178,0.3375756006637216,0.3591992355616662,0.3225588116799639,0.2868526723207703,0.2664138642367071,0.36352699950377765,0.31794458841545015,0.38224664496694805,0.4569309586821152,0.3278590996405847,0.3485322913862118,0.0,0.3465076401387184,0.3479912845634433,0.33377486227212194,0.34359160285902024,0.33965534503023587,0.1903427045033388,0.35944963248616746,0.3296286481721554,0.3530673200894404,0.3661082120589677,0.3242729603079042,0.3171221000640383,0.3600867323088809,0.3353427618576268,0.34770146140540803,0.3223055921865813,0.39652253481478095
0.3436326748464036,0.340005157632733,0.26196113232060025,0.5637353782488984,0.3418082299659757,0.31705228604230107,0.3086146657653116,0.5459602993452928,0.35769555749640247,1.0,0.3353395267901049,0.49652347735753277,0.3413269265981851,0.533667403476362,0.5389193002529507,0.32484743713216657,0.28106088988111866,0.31742111698809927,0.28510947383324337,0.31161484780194215,0.304776851138881,0.2987261352951164,0.31606067865063847,0.2947295890343339,0.27171166987568174,0.25230098756051844,0.32122225270853333,0.5279858418482785,0.3579030092106261,0.33999108369367026,0.5565802158465897,0.31838351749075877,0.0,0.30575894943699566,0.31139777390703094,0.4573003205197941,0.30271768830964585,0.3133925440815506,0.27398336664880807,0.31851038563117895,0.5645455056973457,0.31415358423673634,0.3191912579392916,0.5381882958947233,0.5318965361896941,0.33781769744670453,0.30412437121601543,0.31480456113885047,0.509915638737396,0.3567328822268332
0.38295188944160163,0.4748864133300028,0.2967884710322217,0.3224832190876582,0.515829215178303,0.4541682084255172,0.4162361198034812,0.3282380406161286,0.3686426986987449,0.3353395267901049,1.0,0.3186730123776462,0.5668934202454563,0.32594399181120004,0.31202169487950904,0.4206614734067967,0.38567574939399996,0.534661761530508,0.4820497307701873,0.42112303902705106,0.5205649558713565,0.5211142237937003,0.5378440392486357,0.42295188111727156,0.3546613781127417,0.33541501783035,0.5429957154300735,0.3233098537182236,0.35536436086978485,0.37692216135940493,0.3055916268899621,0.4836266384760114,0.0,0.5197362350870864,0.47121085330111023,0.33621280426286504,0.39346335620102757,0.5109964741582367,0.18593914703181735,0.5570955455541922,0.31415322027852344,0.488231397101638,0.5534201405806247,0.32867928696307014,0.32606064085457587,0.33872053431184745,0.4616579347512225,0.48035640863117834,0.3349916370889483,0.37103941065678747
0.3556081232327868,0.34564133772433525,0.2576844440027629,0.5220944735023092,0.3001162915728891,0.3173549432827444,0.3023932653725878,0.5164923761864537,0.31353739055502317,0.49652347735753277,0.3186730123776462,1.0,0.30957066252572774,0.5112507943071509,0.5914460887240179,0.303396523628527,0.30401585374886686,0.30405855787182323,0.28355874306902273,0.3039523631282871,0.300958900256611,0.2967776270152497,0.3126469139185525,0.316101500387173,0.2980618197401227,0.2943557375803417,0.3063157378248721,0.5202897642855053,0.37343902036147114,0.3217483728508328,0.45763050325308585,0.3141741393020173,0.0,0.3137459774322733,0.32836204911561484,0.4355773783739547,0.28504253972787674,0.32484804263507205,0.32461555687352106,0.3246494851019449,0.4811873098574395,0.30490582289459467,0.3133687713957065,0.5307228808554643,0.52468993495233,0.3425229426641403,0.3265644686833933,0.3238932900407736,0.46929970397344334,0.3538423599786479
0.3694338379926265,0.45783839704668383,0.2881534437695986,0.32996416632417147,0.5020475760926135,0.44057754480699995,0.4038395845175927,0.33537304534571344,0.37668302151208033,0.3413269265981851,0.5668934202454563,0.30957066252572774,1.0,0.31626383769134625,0.323519333573674,0.42149548506640167,0.38430464695404276,0.5285830829042442,0.5258011941805353,0.40886281122865165,0.5380212861817402,0.5743532258912052,0.5829386737913604,0.41693781735675717,0.3547011502449887,0.33770741564485496,0.5599348110687244,0.3118836878768213,0.3497859449742112,0.3770170669029007,0.3140934759547296,0.5323865630593071,0.0,0.556285869200486,0.4529296721734202,0.3187866660341998,0.397410264917605,0.5136306385097602,0.18181602760930393,0.5657805240505329,0.3202939348015653,0.4695440638718107,0.5543699502488852,0.3170914846697216,0.31323892792487196,0.32673691667029336,0.4471400347290242,0.46510036632720164,0.31908069615003853,0.36219502382232693
0.33075581583169056,0.32487583347931215,0.2568325723806886,0.5691664170532,0.3085108409664571,0.3083381374745723,0.30375345441851775,0.514353891866981,0.3315630133089852,0.533667403476362,0.32594399181120004,0.5112507943071509,0.31626383769134625,1.0,0.5733501832010613,0.3094756003685487,0.26682957627459314,0.3131494159611472,0.2830404789853119,0.3072348145945588,0.3014521963503187,0.298054318215796,0.3169803191475232,0.2777322588399318,0.2510768407658661,0.23177967267147626,0.31410016746374647,0.5405480139642085,0.3565029066956388,0.3215990395873036,0.5183531662838385,0.3058539576728727,0.0,0.30193589607214155,0.305360265938751,0.44754325372567616,0.2897315431569414,0.3037265635184734,0.26924148005920256,0.30804611330607523,0.5305028907603064,0.3041429295868109,0.3133444354767454,0.5375702810987514,0.5282835169067899,0.3459095560304447,0.2964051661107878,0.30812121954745353,0.4896078841461702,0.36293041309031693
0.3174827191864471,0.31305272755102165,0.25058470925478216,0.595139967489426,0.33316268448593656,0.301234101552987,0.2938328151725583,0.5084365835092035,0.33745832451400903,0.5389193002529507,0.31202169487950904,0.5914460887240179,0.323519333573674,0.5733501832010613,1.0,0.30957662683717035,0.280533601961392,0.3017234923242127,0.2699604372232879,0.2976898810808999,0.29066033532388325,0.28420267244024744,0.3055104551832222,0.28138205586410425,0.26547698608149783,0.24642810801216097,0.30356271043129734,0.5081546880536547,0.3440335781532716,0.3171041601008947,0.5354483092758362,0.3126647927310644,0.0,0.29489629875841894,0.29675024779381254,0.43785163038650976,0.28949654813083514,0.2947972859933258,0.27013103997554766,0.30049450192837734,0.545385426235594,0.2973079444560637,0.30334154985747364,0.5097004483507431,0.5005735596166874,0.33069390368113294,0.2946853733238337,0.30444094945611755,0.47547296397966166,0.36083635471639464
0.36621695540510824,0.4080054626286249,0.2802972752826346,0.32514103313730036,0.389959134130311,0.40723212759580873,0.7640898643480618,0.32407839766876356,0.3659606459006114,0.32484743713216657,0.4206614734067967,0.303396523628527,0.42149548506640167,0.3094756003685487,0.30957662683717035,1.0,0.3447218365771265,0.43073099745598553,0.40288118474903545,0.7765904615144098,0.42014901589851106,0.413950211131798,0.43502842494696536,0.3695495962330263,0.32817893308203494,0.3005332072642729,0.41161067080589675,0.3071105080828227,0.34024982196239706,0.36559296556970244,0.2991527185457462,0.39335387477519057,0.0,0.40661595429084196,0.40401865668788606,0.32151485006189884,0.7292233407369234,0.3883044766396202,0.18600048856087104,0.40440207347648105,0.30465091423820534,0.4031051313069778,0.41279361820354965,0.312143151744971,0.3115810924917334,0.321805684619238,0.38573706873680724,0.3990448902066087,0.3173272094777889,0.3525197834336168
0.3273919676976931,0.45159307240978896,0.24806124345392344,0.2918478536900443,0.4388165848404565,0.4497621415042178,0.3381923026181426,0.3010477635221661,0.3022901878852903,0.28106088988111866,0.38567574939399996,0.30401585374886686,0.38430464695404276,0.26682957627459314,0.280533601961392,0.3447218365771265,1.0,0.36901095167225995,0.3406052828005822,0.3387761568384352,0.3677912943572186,0.3583219317299813,0.3842264700182162,0.5917135350827842,0.5682470835097888,0.5503552132930112,0.3701383194821708,0.28690839816698743,0.3543931543090323,0.2949786025422044,0.26446748681109644,0.47434191829443506,0.0,0.4106283405609581,0.48302692450340556,0.27553779801967226,0.3301520326204678,0.42520795370099784,0.3161853576093815,0.42414082388563334,0.266677197444676,0.4096115021951243,0.38572446918578074,0.304128218522272,0.3111585316869826,0.2999678145923488,0.49619199330783026,0.4684408987873576,0.262431390898077,0.30795681540211484
0.36926163018260594,0.46431163836824185,0.2839517817194346,0.31343733651352224,0.43808565059600624,0.45236982503837164,0.4467552553407589,0.32196810897219874,0.35863335034675325,0.31742111698809927,0.534661761530508,0.30405855787182323,0.5285830829042442,0.3131494159611472,0.3017234923242127,0.43073099745598553,0.36901095167225995,1.0,0.5237643219334103,0.4451377812754801,0.5536114872412226,0.5366218232391935,0.5730380226558176,0.41159074754050096,0.34465605077209893,0.3181665549116224,0.5437585494062704,0.31107688136267453,0.3454017411685968,0.36416599171769404,0.29559548081916354,0.4789829194439271,0.0,0.5215948821089991,0.4604659287464319,0.33526564065142084,0.42084687877023796,0.4854295482628723,0.1859700127553532,0.529228769608864,0.29782415283267993,0.47196752945695186,0.5257002586391623,0.3156097453337754,0.31196827608438327,0.32823503087505124,0.44546982285765424,0.4631851912134085,0.313558021376921,0.36026823818349274
0.3375658849987937,0.4187889997400479,0.2571862251039927,0.28571674341126885,0.4020409598988217,0.41623768679245643,0.40416932732428623,0.29566622334681536,0.31783721923152386,0.28510947383324337,0.4820497307701873,0.28355874306902273,0.5258011941805353,0.2830404789853119,0.2699604372232879,0.40288118474903545,0.3406052828005822,0.5237643219334103,1.0,0.399411026565071,0.50184290922478,0.5399231060565819,0.5121779750152409,0.3730605608186073,0.32013337728942626,0.29183792018942567,0.48462173412084575,0.28533825744910546,0.31625527321830693,0.3284601336653249,0.26547003513565604,0.46839214152646846,0.0,0.4771514577850473,0.423679756633487,0.3044767259110319,0.3827739727322437,0.4463675146186189,0.17344551009548415,0.4863852856208899,0.270206391549212,0.42742682188861736,0.47955266897400084,0.29136352516181896,0.28770747287252085,0.301511735563483,0.40537620216322523,0.4210158896893511,0.28794945979051123,0.3314809978285509
0.3674258649098531,0.4074653852353307,0.2776245352855312,0.3151378180498381,0.36572968971852915,0.40587103162728744,0.8690533731062321,0.31601206985197516,0.3557714162081401,0.31161484780194215,0.42112303902705106,0.3039523631282871,0.40886281122865165,0.3072348145945588,0.2976898810808999,0.7765904615144098,0.3387761568384352,0.4451377812754801,0.399411026565071,1.0,0.4378833467987435,0.4153731906594187,0.4442785149334133,0.36915513756623675,0.3182884986955362,0.2917780560141866,0.41579787365599274,0.30734863877862606,0.3403592148824375,0.35658638018984234,0.28974017709623334,0.3875390601796339,0.0,0.41252225687457655,0.41118799128094785,0.32677196195073,0.7893371581382151,0.3879317682452582,0.18555182001711146,0.4074544056190945,0.29225831499128396,0.4067745121555921,0.41570144591958935,0.31508827790099825,0.31156147778427,0.3231011692248119,0.3840260136901914,0.3972515390113991,0.3135004177668623,0.35512298046310364
0.35349027285648815,0.44631454789230074,0.2773641905148846,0.30577868467487235,0.44301732176513564,0.43309655136140124,0.4400577000802295,0.3130794116920008,0.3455738608198178,0.304776851138881,0.5205649558713565,0.300958900256611,0.5380212861817402,0.3014521963503187,0.29066033532388325,0.42014901589851106,0.3677912943572186,0.5536114872412226,0.50184290922478,0.4378833467987435,1.0,0.5338735355522106,0.5751988477788008,0.4048022733698261,0.3449341473562382,0.3223321473073748,0.5384350831872272,0.3060160377635429,0.3345268300103007,0.3590865994694683,0.2848591031998914,0.4887960352898757,0.0,0.5319371619993571,0.4507849299037011,0.3256877669106052,0.4128975918204083,0.4927710053303812,0.18388467639075812,0.5394659626426181,0.2889369470600085,0.446986353999946,0.52673612749419,0.3115527482033118,0.3098141995449437,0.3244241133494873,0.4457735707632592,0.4617255003046834,0.30636653894362553,0.35011185867822703
0.3533986383972122,0.4348161630300985,0.270552924023879,0.30098780920225154,0.4214593743899081,0.45608397639684883,0.41350070829649943,0.3035291416953221,0.3375756006637216,0.2987261352951164,0.5211142237937003,0.2967776270152497,0.5743532258912052,0.298054318215796,0.28420267244024744,0.413950211131798,0.3583219317299813,0.5366218232391935,0.5399231060565819,0.4153731906594187,0.5338735355522106,1.0,0.7029995188921938,0.38679964199650696,0.3295075215816521,0.3074576552808439,0.5295273702900407,0.29842178392793606,0.32657700426654535,0.3454330566290946,0.27741273971769453,0.48800430400813233,0.0,0.6242780432520102,0.4323879663388953,0.30838887707726303,0.38953644574860535,0.49335686811600854,0.1752501749257186,0.5326283112793824,0.28262254204497217,0.44271715997656347,0.5286655791757773,0.3047570433254516,0.29825358238697686,0.3142665740307353,0.42764306416444253,0.44327980753860174,0.30342836973683185,0.3486313151069539
0.3747937737065945,0.4646672023373438,0.28804721663711974,0.32586891287270126,0.4511963265207394,0.4513037686731297,0.44780698938828556,0.3251347771927656,0.3591992355616662,0.31606067865063847,0.5378440392486357,0.3126469139185525,0.5829386737913604,0.3169803191475232,0.3055104551832222,0.43502842494696536,0.3842264700182162,0.5730380226558176,0.5121779750152409,0.4442785149334133,0.5751988477788008,0.7029995188921938,1.0,0.4118430058440684,0.3545241748768342,0.3263265730844257,0.571099680050795,0.31983526528192996,0.35409270868494547,0.3623140590978946,0.3014162716057981,0.514753736004623,0.0,0.6553708001221923,0.4605575965654939,0.33103496579639413,0.4231504596132716,0.5162100516202012,0.19245666808727724,0.5593534238606932,0.30364683621731636,0.46543409386586976,0.5508847717152157,0.32513066731621876,0.32173982470120177,0.33200666962537784,0.44795768801949865,0.46547826482517396,0.31883252407216356,0.3645613144741825
0.35096236566452277,0.5313060107397696,0.2653888551159921,0.2966477239122993,0.4489988139319441,0.5216518702316509,0.3706006925868227,0.31627607686945636,0.3225588116799639,0.2947295890343339,0.42295188111727156,0.316101500387173,0.41693781735675717,0.2777322588399318,0.28138205586410425,0.3695495962330263,0.5917135350827842,0.41159074754050096,0.3730605608186073,0.36915513756623675,0.4048022733698261,0.38679964199650696,0.4118430058440684,1.0,0.5846575589774524,0.5085941024060024,0.4072251868265159,0.29763031592153866,0.36173971803157845,0.3195895299988081,0.2726637860898661,0.4571808818998948,0.0,0.4255019882616319,0.5721609395445313,0.2902370226199129,0.35411919387950486,0.4424927702882471,0.28724932208213594,0.4429621147843873,0.2777627063414251,0.45491032594113223,0.412431909305326,0.31152034301405884,0.31876955698933207,0.3095301891427388,0.5033806795389661,0.4838140282539417,0.28346786603365504,0.32222077584500286
0.3166305268825531,0.47254452428712124,0.2366659566649476,0.28114894573698535,0.40697574242182044,0.46524498406224435,0.31636695535203074,0.29127338766684907,0.2868526723207703,0.27171166987568174,0.3546613781127417,0.2980618197401227,0.3547011502449887,0.2510768407658661,0.26547698608149783,0.32817893308203494,0.5682470835097888,0.34465605077209893,0.32013337728942626,0.3182884986955362,0.3449341473562382,0.3295075215816521,0.3545241748768342,0.5846575589774524,1.0,0.6160142581570639,0.3424824345000037,0.2733674640073218,0.3351059646423814,0.2753217378801118,0.2521239037405033,0.44467602235778647,0.0,0.37447879401517203,0.5147387781791073,0.24712564735750142,0.3104730313559083,0.4267609591515811,0.35385273280687024,0.40339942972794385,0.25792485715308433,0.38526949195354676,0.358560701819273,0.300455624702496,0.3025144452121047,0.29249203156757053,0.4877015109599653,0.4421688905390928,0.2561790886354418,0.2828325440273858
0.2968706072675008,0.4012900339340145,0.22434669435820642,0.26040616002676764,0.36835813907042236,0.3874470333188297,0.28925421723390754,0.27548252972349874,0.2664138642367071,0.25230098756051844,0.33541501783035,0.2943557375803417,0.33770741564485496,0.23177967267147626,0.24642810801216097,0.3005332072642729,0.5503552132930112,0.3181665549116224,0.29183792018942567,0.2917780560141866,0.3223321473073748,0.3074576552808439,0.3263265730844257,0.5085941024060024,0.6160142581570639,1.0,0.3197146084115532,0.2626240928790121,0.32864946398692063,0.2596766839258693,0.2331264242859178,0.40368298604867814,0.0,0.35444201846975754,0.4517760800884024,0.2314914318356024,0.2870772759406516,0.41188906862897046,0.4039945764381814,0.40028985520404037,0.23666103910233338,0.3571337872095126,0.3281387317965103,0.2882089525890591,0.28659332817620453,0.2664731583469555,0.4923028361032673,0.42978224474279547,0.23530984021770773,0.2646566358004582
0.37005524768950737,0.46254854288975633,0.2868757878818806,0.3116345929145835,0.4557824569464658,0.43484357634705195,0.4118410869794178,0.32604006007118824,0.36352699950377765,0.32122225270853333,0.5429957154300735,0.3063157378248721,0.5599348110687244,0.31410016746374647,0.30356271043129734,0.41161067080589675,0.3701383194821708,0.5437585494062704,0.48462173412084575,0.41579787365599274,0.5384350831872272,0.5295273702900407,0.571099680050795,0.4072251868265159,0.3424824345000037,0.3197146084115532,1.0,0.31284307598112426,0.35061437950364005,0.3616498572471418,0.29856458739518577,0.5005224783625878,0.0,0.5306077846229187,0.45066243417251073,0.32446412699366955,0.39152269882692514,0.5791959893769435,0.17559117252399759,0.5659695471710979,0.3050165536123294,0.4660879124391728,0.6307730808026901,0.32174840049227915,0.311573788030835,0.33736631557087093,0.44070874427120765,0.45849345668179287,0.3208976498493352,0.3633182666751783
0.3399564054894786,0.3341024286184944,0.2606921935197327,0.5451145827071308,0.29353810181309237,0.31264426734563666,0.3051629958276093,0.7025907159783621,0.31794458841545015,0.5279858418482785,0.3233098537182236,0.5202897642855053,0.3118836878768213,0.5405480139642085,0.5081546880536547,0.3071105080828227,0.28690839816698743,0.31107688136267453,0.28533825744910546,0.30734863877862606,0.3060160377635429,0.29842178392793606,0.31983526528192996,0.29763031592153866,0.2733674640073218,0.2626240928790121,0.31284307598112426,1.0,0.36243241760899814,0.3211635939650894,0.49257235158436974,0.3104886248730051,0.0,0.30878656444824815,0.31875470844198706,0.4475667551498893,0.2870547143496859,0.32421364919548756,0.3043689482343499,0.3202119853889881,0.5107134301784576,0.308928619720655,0.31155767884775964,0.8049746991675844,0.7689221230730574,0.34005633347001496,0.3148652581067759,0.31816151411911364,0.5021699065495728,0.35167099043074224
0.3963046987564094,0.36634245497938045,0.304014542716888,0.35283343436518255,0.34278756281166955,0.35291028138634606,0.3378473933185069,0.3691265915563512,0.38224664496694805,0.3579030092106261,0.35536436086978485,0.37343902036147114,0.3497859449742112,0.3565029066956388,0.3440335781532716,0.34024982196239706,0.3543931543090323,0.3454017411685968,0.31625527321830693,0.3403592148824375,0.3345268300103007,0.32657700426654535,0.35409270868494547,0.36173971803157845,0.3351059646423814,0.32864946398692063,0.35061437950364005,0.36243241760899814,1.0,0.3710459240220614,0.33515418135262665,0.3555511149649535,0.0,0.3499632802580306,0.3611682290047987,0.34992769554391934,0.32247744982524373,0.37001112622427923,0.26329900405244133,0.3679983990060961,0.3340320395440075,0.3394671269606593,0.349482812744193,0.36693239687408785,0.3636959177119856,0.43004749199814296,0.3615700749330484,0.3568138390560841,0.34899407656401127,0.6194967797452822
0.4371177498771246,0.3677443697694932,0.3141929305117077,0.3276848927718523,0.3382608171888509,0.3439695967358479,0.3516460867698894,0.333038272418854,0.4569309586821152,0.33999108369367026,0.37692216135940493,0.3217483728508328,0.3770170669029007,0.3215990395873036,0.3171041601008947,0.36559296556970244,0.2949786025422044,0.36416599171769404,0.3284601336653249,0.35658638018984234,0.3590865994694683,0.3454330566290946,0.3623140590978946,0.3195895299988081,0.2753217378801118,0.2596766839258693,0.3616498572471418,0.3211635939650894,0.3710459240220614,1.0,0.31232377690622515,0.33646710893246223,0.0,0.3487479763879995,0.3513645388868768,0.33016239537193226,0.3403225576665786,0.34320089470588344,0.19438903128774054,0.3738113378719815,0.31751117087128145,0.35315196281766037,0.3657526123375364,0.32636339918531865,0.3201274422111422,0.37277368736781014,0.3440836038694477,0.3568399715753906,0.3272226679182916,0.3944600781783715
0.30833769829230306,0.31041869865456106,0.2439097811073263,0.5449943243568101,0.32090841051237884,0.2944801246990538,0.2863706528125808,0.5029672820175717,0.3278590996405847,0.5565802158465897,0.3055916268899621,0.45763050325308585,0.3140934759547296,0.5183531662838385,0.5354483092758362,0.2991527185457462,0.26446748681109644,0.29559548081916354,0.26547003513565604,0.28974017709623334,0.2848591031998914,0.27741273971769453,0.3014162716057981,0.2726637860898661,0.2521239037405033,0.2331264242859178,0.29856458739518577,0.49257235158436974,0.33515418135262665,0.31232377690622515,1.0,0.3022322441114873,0.0,0.28821808834152784,0.2885223205307452,0.4277524168266824,0.2827003174424426,0.2886731292022544,0.25286219027464274,0.29659073554447524,0.659607379050327,0.29131753958533113,0.297728400681077,0.5006352354838561,0.49209932067331974,0.3221123798162634,0.28372175367522234,0.29433601969401424,0.4652349219292625,0.33559895356272706
0.36237281666136123,0.4481767928260242,0.27418751100213135,0.3288819137690052,0.4946882552680959,0.4381126016977813,0.38587816245349316,0.3265960791269139,0.3485322913862118,0.31838351749075877,0.4836266384760114,0.3141741393020173,0.5323865630593071,0.3058539576728727,0.3126647927310644,0.39335387477519057,0.47434191829443506,0.4789829194439271,0.46839214152646846,0.3875390601796339,0.4887960352898757,0.48800430400813233,0.514753736004623,0.4571808818998948,0.44467602235778647,0.40368298604867814,0.5005224783625878,0.3104886248730051,0.3555511149649535,0.33646710893246223,0.3022322441114873,1.0,0.0,0.504141789088149,0.4465984135153881,0.2980550652916285,0.38217121291219214,0.5130800116203111,0.24093527264147185,0.5271950507407668,0.3007809797699086,0.4432163577418107,0.5141184482061839,0.31963458501910225,0.32227084900485536,0.32430050576964353,0.4650422462209364,0.46607122250639044,0.2945211461825783,0.33823093800473036
0.0,0.0,0.0,0.0,0.0,0.0,0.0,0.0,0.0,0.0,0.0,0.0,0.0,0.0,0.0,0.0,0.0,0.0,0.0,0.0,0.0,0.0,0.0,0.0,0.0,0.0,0.0,0.0,0.0,0.0,0.0,0.0,1.0,0.0,0.0,0.0,0.0,0.0,0.0,0.0,0.0,0.0,0.0,0.0,0.0,0.0,0.0,0.0,0.0,0.0
0.36706864153685503,0.4487843817846463,0.28287603282869844,0.30747600231584804,0.44912904043807234,0.45214686501032497,0.4122188563253141,0.31801705999281726,0.3465076401387184,0.30575894943699566,0.5197362350870864,0.3137459774322733,0.556285869200486,0.30193589607214155,0.29489629875841894,0.40661595429084196,0.4106283405609581,0.5215948821089991,0.4771514577850473,0.41252225687457655,0.5319371619993571,0.6242780432520102,0.6553708001221923,0.4255019882616319,0.37447879401517203,0.35444201846975754,0.5306077846229187,0.30878656444824815,0.3499632802580306,0.3487479763879995,0.28821808834152784,0.504141789088149,0.0,1.0,0.4581171770679914,0.333125065386649,0.38729049971498586,0.5041013846775119,0.22738322201228955,0.5476175424137442,0.29048893630297234,0.45459103564637715,0.5354305350774113,0.3173693561383545,0.3178561577894421,0.3223147400817752,0.45807759928004954,0.4664381067787515,0.3038193869979393,0.3556748354157011
0.3678682831449126,0.5821227725937428,0.28069041235489134,0.3121972098489241,0.4268751687125799,0.5559824205704802,0.41151169212316063,0.3241003823483948,0.3479912845634433,0.31139777390703094,0.47121085330111023,0.32836204911561484,0.4529296721734202,0.305360265938751,0.29675024779381254,0.40401865668788606,0.48302692450340556,0.4604659287464319,0.423679756633487,0.41118799128094785,0.4507849299037011,0.4323879663388953,0.4605575965654939,0.5721609395445313,0.5147387781791073,0.4517760800884024,0.45066243417251073,0.31875470844198706,0.3611682290047987,0.3513645388868768,0.2885223205307452,0.4465984135153881,0.0,0.4581171770679914,1.0,0.3157185505361507,0.3849854742343517,0.45825903555795167,0.2526346579758906,0.4779850563180764,0.29188127340093484,0.49931913826852437,0.46434578054558173,0.3254440815843921,0.3261433985465092,0.3298027136500955,0.5225303170385314,0.5196326469053791,0.30993493529929805,0.3444798248646176
0.33264566309275656,0.32225559731553555,0.2642772534036608,0.4498123501112403,0.2924409190672044,0.3191741074907588,0.32609969537943295,0.45155188594053475,0.33377486227212194,0.4573003205197941,0.33621280426286504,0.4355773783739547,0.3187866660341998,0.44754325372567616,0.43785163038650976,0.32151485006189884,0.27553779801967226,0.33526564065142084,0.3044767259110319,0.32677196195073,0.3256877669106052,0.30838887707726303,0.33103496579639413,0.2902370226199129,0.24712564735750142,0.2314914318356024,0.32446412699366955,0.4475667551498893,0.34992769554391934,0.33016239537193226,0.4277524168266824,0.2980550652916285,0.0,0.333125065386649,0.3157185505361507,1.0,0.3068673869656525,0.30232055256876866,0.26964031582408843,0.3232483647042613,0.43423784060367054,0.3165765962650263,0.31831235633518573,0.45736304243838777,0.4536900278221363,0.3327120708826463,0.30116456367754174,0.31186395476704654,0.45182544270064684,0.3593644331283077
0.3434538558468897,0.38264591353308375,0.26200253660179684,0.30352437814360456,0.36737804328853907,0.3833385656647006,0.7822775584837802,0.29880702681341276,0.34359160285902024,0.30271768830964585,0.39346335620102757,0.28504253972787674,0.397410264917605,0.2897315431569414,0.28949654813083514,0.7292233407369234,0.3301520326204678,0.42084687877023796,0.3827739727322437,0.7893371581382151,0.4128975918204083,0.38953644574860535,0.4231504596132716,0.35411919387950486,0.3104730313559083,0.2870772759406516,0.39152269882692514,0.2870547143496859,0.32247744982524373,0.3403225576665786,0.2827003174424426,0.38217121291219214,0.0,0.38729049971498586,0.3849854742343517,0.3068673869656525,1.0,0.3663753325538699,0.17656758221795021,0.3808075279933828,0.2828601297530956,0.3881714906920425,0.3942563128879393,0.2948864795399646,0.29205271416405243,0.30015760534853164,0.3632882165959824,0.375474693439537,0.29213797177691514,0.33223005391103166
0.37673118012574636,0.47157204899186045,0.28378622862620073,0.30487849108943055,0.47002939437611646,0.4547501554738397,0.3839196154682548,0.33359745639947314,0.33965534503023587,0.3133925440815506,0.5109964741582367,0.32484804263507205,0.5136306385097602,0.3037265635184734,0.2947972859933258,0.3883044766396202,0.42520795370099784,0.4854295482628723,0.4463675146186189,0.3879317682452582,0.4927710053303812,0.49335686811600854,0.5162100516202012,0.4424927702882471,0.4267609591515811,0.41188906862897046,0.5791959893769435,0.32421364919548756,0.37001112622427923,0.34320089470588344,0.2886731292022544,0.5130800116203111,0.0,0.5041013846775119,0.45825903555795167,0.30232055256876866,0.3663753325538699,1.0,0.2565366467360971,0.5563007896335308,0.29941037341025145,0.45639809703236345,0.6157883382668392,0.33557483564539803,0.3274095122391948,0.3345248925105223,0.4909392568266955,0.48493317470209807,0.3175633766456818,0.349011230069995
0.23102539265394761,0.20833782761872843,0.16813044307705105,0.289928297110589,0.21300799489387645,0.22336253757290858,0.18858179926386265,0.3052468759761733,0.1903427045033388,0.27398336664880807,0.18593914703181735,0.32461555687352106,0.18181602760930393,0.26924148005920256,0.27013103997554766,0.18600048856087104,0.3161853576093815,0.1859700127553532,0.17344551009548415,0.18555182001711146,0.18388467639075812,0.1752501749257186,0.19245666808727724,0.28724932208213594,0.35385273280687024,0.4039945764381814,0.17559117252399759,0.3043689482343499,0.26329900405244133,0.19438903128774054,0.25286219027464274,0.24093527264147185,0.0,0.22738322201228955,0.2526346579758906,0.26964031582408843,0.17656758221795021,0.2565366467360971,1.0,0.2372629898720886,0.26457298627685444,0.1885995463138811,0.18770909155047488,0.32594287115285736,0.32700494185290774,0.21193922013750854,0.2857236838253926,0.23787033034665284,0.2640180711310285,0.21281213543295663
0.3775601742165371,0.47351051595212734,0.2944328268953884,0.3101087165586386,0.47532573737163697,0.44988390237712916,0.4031814540465398,0.329378131651757,0.35944963248616746,0.31851038563117895,0.5570955455541922,0.3246494851019449,0.5657805240505329,0.30804611330607523,0.30049450192837734,0.40440207347648105,0.42414082388563334,0.529228769608864,0.4863852856208899,0.4074544056190945,0.5394659626426181,0.5326283112793824,0.5593534238606932,0.4429621147843873,0.40339942972794385,0.40028985520404037,0.5659695471710979,0.3202119853889881,0.3679983990060961,0.3738113378719815,0.29659073554447524,0.5271950507407668,0.0,0.5476175424137442,0.4779850563180764,0.3232483647042613,0.3808075279933828,0.5563007896335308,0.2372629898720886,1.0,0.3012729140262802,0.4728837896588476,0.5724202867857215,0.3276096592665676,0.3271593104032753,0.34732554328050547,0.5023297169439263,0.5028907627597028,0.3167858862109121,0.3696380604565894
