../ecoli_genomes/GCF_000163235.1_ASM16323v1_genomic.fna.gz,../ecoli_genomes/GCF_000164555.1_ASM16455v1_genomic.fna.gz,../ecoli_genomes/GCF_000208545.1_ASM20854v2_genomic.fna.gz,../ecoli_genomes/GCF_000233875.1_ASM23387v1_genomic.fna.gz,../ecoli_genomes/GCF_000249735.1_ASM24973v2_genomic.fna.gz,../ecoli_genomes/GCF_000261145.1_Esch_coli_M919_V2_genomic.fna.gz,../ecoli_genomes/GCF_000267705.2_ASM26770v2_genomic.fna.gz,../ecoli_genomes/GCF_000350665.1_Esch_coli_KTE5_V1_genomic.fna.gz,../ecoli_genomes/GCF_000351625.1_Esch_coli_KTE66_V1_genomic.fna.gz,../ecoli_genomes/GCF_000352285.1_Esch_coli_KTE46_V1_genomic.fna.gz,../ecoli_genomes/GCF_000358895.1_ASM35889v1_genomic.fna.gz,../ecoli_genomes/GCF_000456385.1_Esch_coli_HVH_26_4-5703913_V1_genomic.fna.gz,../ecoli_genomes/GCF_000458195.1_Esch_coli_HVH_147_4-5893887_V1_genomic.fna.gz,../ecoli_genomes/GCF_000459755.1_Esch_coli_KOEGE_58_171a_V1_genomic.fna.gz,../ecoli_genomes/GCF_000460055.1_Esch_coli_UMEA_3053-1_V1_genomic.fna.gz,../ecoli_genomes/GCF_000462165.2_ASM46216v2_genomic.fna.gz,../ecoli_genomes/GCF_000601135.1_ASM60113v1_genomic.fna.gz,../ecoli_genomes/GCF_000614595.1_Ec2010EL1058_genomic.fna.gz,../ecoli_genomes/GCF_000617745.1_Ec2010C-4529_genomic.fna.gz,../ecoli_genomes/GCF_000618265.2_EcF6751_genomic.fna.gz,../ecoli_genomes/GCF_000619005.2_Ec2009C-4052_genomic.fna.gz,../ecoli_genomes/GCF_000619105.1_Ec2009C-4780_genomic.fna.gz,../ecoli_genomes/GCF_000619765.2_Ec2009C-3279_genomic.fna.gz,../ecoli_genomes/GCF_000687005.1_ASM68700v1_genomic.fna.gz,../ecoli_genomes/GCF_000687025.1_ASM68702v1_genomic.fna.gz,../ecoli_genomes/GCF_000700125.1_ASM70012v1_genomic.fna.gz,../ecoli_genomes/GCF_000753315.1_FHI35_genomic.fna.gz,../ecoli_genomes/GCF_000776375.1_ASM77637v1_genomic.fna.gz,../ecoli_genomes/GCF_000779395.1_ASM77939v1_genomic.fna.gz,../ecoli_genomes/GCF_000780315.1_ASM78031v1_genomic.fna.gz,../ecoli_genomes/GCF_000781995.1_ASM78199v1_genomic.fna.gz,../ecoli_genomes/GCF_000986765.1_ASM98676v1_genomic.fna.gz,../ecoli_genomes/GCF_001041375.1_ViralProj287958_genomic.fna.gz,../ecoli_genomes/GCF_001265335.1_302014_genomic.fna.gz,../ecoli_genomes/GCF_001265625.1_100854_genomic.fna.gz,../ecoli_genomes/GCF_001267345.1_303289_genomic.fna.gz,../ecoli_genomes/GCF_001309985.1_ASM130998v1_genomic.fna.gz,../ecoli_genomes/GCF_001521695.1_ASM152169v1_genomic.fna.gz,../ecoli_genomes/GCF_001592595.1_ASM159259v1_genomic.fna.gz,../ecoli_genomes/GCF_001614975.1_ASM161497v1_genomic.fna.gz,../ecoli_genomes/GCF_001692775.1_ASM169277v1_genomic.fna.gz,../ecoli_genomes/GCF_001748915.1_ASM174891v1_genomic.fna.gz,../ecoli_genomes/GCF_001749235.1_ASM174923v1_genomic.fna.gz,../ecoli_genomes/GCF_001881155.1_ASM188115v1_genomic.fna.gz,../ecoli_genomes/GCF_001881345.1_ASM188134v1_genomic.fna.gz,../ecoli_genomes/GCF_001892405.1_ASM189240v1_genomic.fna.gz,../ecoli_genomes/GCF_001892585.1_ASM189258v1_genomic.fna.gz,../ecoli_genomes/GCF_001893985.1_ASM189398v1_genomic.fna.gz,../ecoli_genomes/GCF_002001595.1_ASM200159v1_genomic.fna.gz,../ecoli_genomes/GCF_002002145.1_ASM200214v1_genomic.fna.gz
1.0,0.7785242710505976,0.7667877280694501,0.7564040467945373,0.7410093303189174,0.7696867107893542,0.7693707139934787,0.7607592895870703,0.7920143603612844,0.7623040694913753,0.7661837451502119,0.7539459783849303,0.7692584748240151,0.7475460430964185,0.7402694763318229,0.7639004120794141,0.6999433320812912,0.7644515684518485,0.7341213690370652,0.7739385013861997,0.7680616726934297,0.7619086624129695,0.7745131069531477,0.7118797040923739,0.7243406461678275,0.6570537297020731,0.7729271340069941,0.7573009918032934,0.7802124491954796,0.7960665299741293,0.7421147660902501,0.7613491498491125,0.05490025932360065,0.7686926371784459,0.7542079766349883,0.755772987217763,0.7626838739963836,0.7714082557071487,0.6908920155157059,0.7523569489116797,0.7397688514194664,0.770487701841805,0.7743899145976065,0.7598278182141639,0.766273579577817,0.7700334533352631,0.7690832266641624,0.7700164233599928,0.7516335515916094,0.7844103375072231
0.7785242710505976,1.0,0.7532413361742772,0.7547019786060476,0.7728952909852984,0.8309798918161282,0.7713007905742997,0.7589989635713191,0.7607020393988448,0.7636709059038603,0.797371771684076,0.7571852884985032,0.8009335853521158,0.7502948238129579,0.7459207787550638,0.7704269548531826,0.7247344963442033,0.8003079051409292,0.7584338690366937,0.7745700780630324,0.7945488415166599,0.7886015880170982,0.8041995364524959,0.757485590328542,0.7697175834946439,0.6740771346435809,0.8074629720900008,0.7559541784153189,0.7716821491385085,0.7657238238958499,0.7476868342865755,0.7863123751194978,0.05204419023693907,0.796229709017311,0.8185363339577251,0.7524299868078821,0.7633424059318255,0.8106620502253146,0.6678325736039147,0.777324335146091,0.7489499859674105,0.8115055063107129,0.8034460380607581,0.7625231223324097,0.7624258915034725,0.7597224776121636,0.8122168766668658,0.813188513924589,0.7602425906345855,0.7677637514141716
0.7667877280694501,0.7532413361742772,1.0,0.7343237319302062,0.7233342220113606,0.7433222539427102,0.7461401889127973,0.7357885194017244,0.761759267541454,0.7452339442661184,0.7446966241362479,0.7321625258295217,0.7467748980745879,0.7317531773021286,0.7324112567418328,0.7411607707306241,0.6789295330115888,0.7411804808998241,0.7137169255649728,0.7496598322692434,0.7476516744010062,0.7385505228197655,0.7474046294818336,0.6898174715772242,0.6992653100865631,0.6396366485548177,0.7553332288660373,0.7373602513658422,0.7622557478764449,0.7519329260619121,0.7295269988710991,0.7312723856394368,0.0471359422599954,0.7440285004009339,0.731692364546746,0.7398523609456992,0.7377016746540757,0.7444961121913869,0.6687257555982125,0.7276784145767512,0.726040193992972,0.749336056053042,0.7515596691685574,0.7422492327773442,0.7402100523063757,0.7564144234600307,0.7498672460201286,0.7499876211512321,0.7436360111585358,0.7634203058063568
0.7564040467945373,0.7547019786060476,0.7343237319302062,1.0,0.7358948837653001,0.7535489091674652,0.7455679728308855,0.8231680970526893,0.7542897647535561,0.8285947865240424,0.7421378233244456,0.8110420386610233,0.756986809581382,0.8383095184449951,0.8382136646776028,0.747368662071451,0.6835362579561566,0.7507866121155246,0.7134874892664718,0.7481720579037932,0.748635796147087,0.7402514321078546,0.7566025939139822,0.69806688164029,0.7070706396219824,0.6417644389700057,0.7549469278909919,0.8329952506359879,0.7624916705872653,0.7558016067786799,0.8172297583400708,0.749784762873823,0.05412942376586671,0.7457423755707366,0.7360721253395606,0.7856555757287806,0.7414854714328084,0.749465276728691,0.7125548119986671,0.7292892547803888,0.8254714596202941,0.7470175764823963,0.748295900085538,0.8304518444662488,0.8233718619568584,0.7549508691306245,0.7481473918772799,0.7490780029130882,0.8077945876004289,0.7671844696755895
0.7410093303189174,0.7728952909852984,0.7233342220113606,0.7358948837653001,1.0,0.7792959789984981,0.7383842919030918,0.7388339401014004,0.7505544820583883,0.745072165730448,0.7858382585744617,0.7244213653979082,0.8008694930127601,0.7222184997132853,0.7366102241838759,0.7562189181649454,0.728147110657658,0.7645051576808457,0.7338171371355936,0.7418676308664884,0.7734896476553217,0.7588737886392601,0.7748590643134342,0.7428332552433514,0.7415612291354436,0.6760525802673008,0.7865247720287588,0.7224116431833931,0.7444022709028139,0.751076881544952,0.7312478242169285,0.7933647817064139,0.05365905923427661,0.7743860922701087,0.7600547323581497,0.7248978229821164,0.7415835525741216,0.7850180420067266,0.6704357101786447,0.7653247342346474,0.7377636450288183,0.768927145425583,0.7890595785880412,0.7266702333039791,0.7280229996608956,0.7280970150016524,0.7703917164101723,0.7701184921433015,0.7252676982775603,0.7427989862072433
0.7696867107893542,0.8309798918161282,0.7433222539427102,0.7535489091674652,0.7792959789984981,1.0,0.7771555754228917,0.7594337010144252,0.7583684128405631,0.7549228959942126,0.7922807478558989,0.7539638110263758,0.805983790389043,0.7444643731256981,0.7479586331538866,0.7761754739284589,0.7386389448143427,0.8049836132283391,0.767829383047823,0.7798571680098576,0.7974661252198211,0.7936849144695188,0.8067063703253283,0.7625694217594375,0.7779910685472323,0.6833480713343533,0.7978552442106681,0.7511147241814883,0.7711368933938857,0.7592354322286168,0.7464990036975858,0.8025011816655301,0.05029930043403674,0.8073516701371809,0.8234830793967601,0.7556886704788154,0.7705323740688329,0.8025048861260798,0.681979001310614,0.7812616765969437,0.7460192694591092,0.8147658640789586,0.80876370414031,0.7546921111738507,0.7562032235688756,0.7530407836569026,0.8145751738508962,0.8146382437823938,0.7481762182476754,0.7689806966608043
0.7693707139934787,0.7713007905742997,0.7461401889127973,0.7455679728308855,0.7383842919030918,0.7771555754228917,1.0,0.7464046976777574,0.7591971099487083,0.7460270960356692,0.7650852256102616,0.7353354389662242,0.7703263685697506,0.7375230741829913,0.7367750617969455,0.8994882388333303,0.6886276886924445,0.7903558200240192,0.7640149525606849,0.9398472568391151,0.7900182349825242,0.7812041963457548,0.7941275746820842,0.7073967428732286,0.71445341608462,0.6464331096842757,0.7789726209086005,0.7416059698630519,0.7604641217586794,0.7556390349443537,0.7345668637417032,0.7581560688495184,0.057052605014935254,0.7825691445294123,0.7609548178850507,0.7549984910280005,0.9150085652497112,0.770445828674508,0.6809367878902419,0.7527287300495743,0.7305957621926482,0.7726947229450516,0.7767572601272794,0.7459285203163726,0.7447485785850512,0.7519191428940241,0.7713694633240062,0.7725072055666805,0.7433213339267908,0.7657168669729667
0.7607592895870703,0.7589989635713191,0.7357885194017244,0.8231680970526893,0.7388339401014004,0.7594337010144252,0.7464046976777574,1.0,0.7481192049674368,0.8257108535407669,0.7440950325810585,0.8098967436481614,0.759979851255655,0.8112944576445962,0.8041291261319798,0.7447636646496436,0.6918517472404808,0.7491480396092428,0.7193700384818951,0.7468387832170434,0.7451540078432441,0.7421870533281005,0.7560883540320303,0.7023413596812672,0.7138584327045203,0.652838360411878,0.7530616309275483,0.8745680586972115,0.766684298069714,0.7510336630647121,0.8102706117178962,0.7464346907604779,0.050530164691613644,0.7458219998745705,0.7322041436052404,0.788044588754491,0.7411648885939451,0.7540704745084019,0.7091323094632107,0.7345908880840856,0.8128822283545789,0.7544341970813395,0.7478475547356362,0.8770749020837745,0.8684319233551985,0.7507906298209697,0.7484533090468735,0.7496657445956636,0.8043542610005474,0.7603445596507254
0.7920143603612844,0.7607020393988448,0.761759267541454,0.7542897647535561,0.7505544820583883,0.7583684128405631,0.7591971099487083,0.7481192049674368,1.0,0.7612000760236204,0.7567153313607686,0.7382171855953017,0.7678096315634283,0.7416767259575978,0.7476176398065032,0.7601843786523794,0.6835502374528346,0.7569394733624594,0.7198277188427931,0.7642217799253118,0.7593487650515398,0.750882556439133,0.7626753003825397,0.6975712518328017,0.7037113789149734,0.6406420937774286,0.766674482142868,0.7444270080250985,0.7709119839175309,0.8038038556473383,0.7447074699630282,0.7484998942633111,0.05151357059646533,0.7572029370053006,0.7420201123220318,0.7501171330638322,0.7547373367895255,0.7626062362470307,0.671433413062846,0.744714039490556,0.7442747875397147,0.7612106042622375,0.7634427462629854,0.7468249614230318,0.7431987000702133,0.7642731365262349,0.7650082185252107,0.7659728781370625,0.7466516283630119,0.7786018839489727
0.7623040694913753,0.7636709059038603,0.7452339442661184,0.8285947865240424,0.745072165730448,0.7549228959942126,0.7460270960356692,0.8257108535407669,0.7612000760236204,1.0,0.7494303164204521,0.8078920912454947,0.7638219727460509,0.8215895781493896,0.8197202304580853,0.7510653003684837,0.6854353778722051,0.7524237347502917,0.7152157975591433,0.749249421506281,0.7520574453217801,0.7425796113913492,0.7539375243276617,0.6979872070833197,0.7059304940557394,0.6440823547739262,0.7584108745159032,0.8213177271135035,0.7635407372382311,0.7627315637921563,0.8326148028413423,0.7429478711005484,0.04401429799435619,0.7440043684608141,0.7351461772247811,0.7961044441775413,0.7416842177131024,0.7552610813594662,0.716749458830753,0.7401222035647301,0.8339573416782876,0.749465188496699,0.752468482438545,0.8231769637277249,0.8226335755314979,0.7561473631612,0.7536048368967483,0.7539151023428676,0.8135957280846972,0.7630337941985249
0.7661837451502119,0.797371771684076,0.7446966241362479,0.7421378233244456,0.7858382585744617,0.7922807478558989,0.7650852256102616,0.7440950325810585,0.7567153313607686,0.7494303164204521,1.0,0.7393006972817588,0.8313122205194767,0.7369101258348316,0.7327321195697467,0.7648843328958619,0.7046986894899694,0.8191177556540454,0.7691175836146481,0.7688534629321059,0.8125233903192318,0.8131976822909879,0.822580809738538,0.7269606821628383,0.7272165940480235,0.6595624672014431,0.8263114116797213,0.7429559068239686,0.761031883559538,0.7657413081315385,0.7395668670815339,0.784367952236375,0.06103276044683337,0.810458102571168,0.7812075589850634,0.7510898743876345,0.7576281629842765,0.8120004181446386,0.671930108163634,0.8097584296190898,0.7372314237449057,0.7976483263316014,0.8256789517093137,0.7450217912851944,0.7468884272091532,0.7474758925086367,0.7915022733000788,0.7918691449876994,0.7468884471946468,0.7633107859505049
0.7539459783849303,0.7571852884985032,0.7321625258295217,0.8110420386610233,0.7244213653979082,0.7539638110263758,0.7353354389662242,0.8098967436481614,0.7382171855953017,0.8078920912454947,0.7393006972817588,1.0,0.7521835428893092,0.8048089227702726,0.8258121320527501,0.7308517320672872,0.6928142838108315,0.7441344043286339,0.7228820012450973,0.7366063266841752,0.7457273630738335,0.7418545477627818,0.753813507027613,0.7061056867816072,0.7136494441590763,0.657602954976767,0.747926870910018,0.8040626041947259,0.7570717524495749,0.7418782757476241,0.7918447019539042,0.7413341050413544,0.04939748869551608,0.7439429030462021,0.7370072331213132,0.7767150998969129,0.7280745873538834,0.7419911317284796,0.7024782143613699,0.7323749834101212,0.796673862347721,0.7427537862840314,0.7460449626560637,0.812434058607781,0.8123111984848146,0.7476783051133402,0.7499250082508606,0.7510802839534143,0.7932953707914537,0.7511007668713326
0.7692584748240151,0.8009335853521158,0.7467748980745879,0.756986809581382,0.8008694930127601,0.805983790389043,0.7703263685697506,0.759979851255655,0.7678096315634283,0.7638219727460509,0.8313122205194767,0.7521835428893092,1.0,0.7453910616660745,0.7532853508619812,0.7763750121747945,0.7152683411174823,0.8198133568951906,0.8024455538981161,0.7740246014194834,0.8220294827826449,0.8314337240287579,0.8393927127483235,0.7368959309513217,0.7363928912159984,0.6655897225683443,0.8436852255152922,0.7506219808858661,0.7677406965482216,0.7654872718618781,0.7534809543342356,0.8134743362842756,0.05401987698449717,0.8232990900907857,0.7896812732218214,0.7502165111890096,0.7655716884764413,0.8203369126852915,0.6721047206675609,0.8105065506882471,0.7525576277940151,0.8025223559910022,0.8334902586494557,0.7539523225807355,0.753503358117879,0.7470880202871133,0.7963108491336177,0.7964230958885766,0.7485960297491285,0.7656958519129571
0.7475460430964185,0.7502948238129579,0.7317531773021286,0.8383095184449951,0.7222184997132853,0.7444643731256981,0.7375230741829913,0.8112944576445962,0.7416767259575978,0.8215895781493896,0.7369101258348316,0.8048089227702726,0.7453910616660745,1.0,0.834284695598064,0.7350636072556318,0.6652716882683759,0.7446192525002717,0.7121381169110803,0.7410266927766571,0.740864970209776,0.7338584795116267,0.7465952422762895,0.6802454081379523,0.6877431537645927,0.6289485108323207,0.7447125108401598,0.8273401724478137,0.7545509848190425,0.7409544200120568,0.824869572800251,0.7293366430948636,0.055157304961689246,0.7314831292190509,0.7269507325414791,0.7840312558971243,0.7302652640365523,0.7404577007842379,0.7001625550358571,0.7254382369931257,0.8204040818562454,0.7335989494061386,0.7350878891349293,0.8280896874893251,0.8233528539875943,0.744714971060774,0.74026651246252,0.7408566147626425,0.8092415745172641,0.7559062958945657
0.7402694763318229,0.7459207787550638,0.7324112567418328,0.8382136646776028,0.7366102241838759,0.7479586331538866,0.7367750617969455,0.8041291261319798,0.7476176398065032,0.8197202304580853,0.7327321195697467,0.8258121320527501,0.7532853508619812,0.834284695598064,1.0,0.7405132805137551,0.6768418065730561,0.7412006020838771,0.7136901713504646,0.7393264299752506,0.7386942352447262,0.731175072171165,0.747492334299561,0.6868734335371187,0.6956034331956438,0.6332890129395286,0.7416721375545482,0.8100668131300186,0.7469083193449048,0.7458603168349884,0.8174813994278939,0.7425827023350515,0.050902525214923,0.7351955363472735,0.7287054422253298,0.7815841860829853,0.7322959011061628,0.739136794175383,0.6981959737600469,0.7223171610443319,0.8219833112076101,0.7354208396636861,0.7392752357429592,0.8105771018288123,0.8045861990799458,0.7472539204849743,0.7423688593404869,0.7433425841275554,0.7973186986683944,0.756530598601585
0.7639004120794141,0.7704269548531826,0.7411607707306241,0.747368662071451,0.7562189181649454,0.7761754739284589,0.8994882388333303,0.7447636646496436,0.7601843786523794,0.7510653003684837,0.7648843328958619,0.7308517320672872,0.7763750121747945,0.7350636072556318,0.7405132805137551,1.0,0.6910321893365767,0.7811073163133058,0.7574530885350221,0.9028666686716196,0.7799499936575145,0.7746292762132497,0.7849886712262621,0.7092913370117662,0.7174564395063903,0.646270659212774,0.7744523700800368,0.7363877892973103,0.7568360126751844,0.7584043621794427,0.738115208947875,0.7631866036487055,0.05846707706394516,0.776075994836533,0.7601059251000939,0.7476378277154831,0.8937790391460164,0.7682222819117552,0.6760050963682407,0.7497868015063052,0.7373130085582058,0.7741918986921138,0.7715737883792878,0.7381603057767938,0.7388824229556834,0.7493059778285469,0.7698841449950451,0.7706985033965619,0.7389875735971081,0.7614852755719903
0.6999433320812912,0.7247344963442033,0.6789295330115888,0.6835362579561566,0.728147110657658,0.7386389448143427,0.6886276886924445,0.6918517472404808,0.6835502374528346,0.6854353778722051,0.7046986894899694,0.6928142838108315,0.7152683411174823,0.6652716882683759,0.6768418065730561,0.6910321893365767,1.0,0.7060462870276712,0.6770935100151978,0.6916565018095151,0.707672268760427,0.7086719033441026,0.7164648328159666,0.8066469370601848,0.7975822749496874,0.7961740813665086,0.7133426758019662,0.672552109073508,0.6950924240119442,0.6878985997201652,0.6729525763980535,0.7504857212813933,0.0514165138305982,0.7295234402160606,0.7274053559663819,0.6752539194786932,0.6865396124847272,0.7121499199728862,0.6204301894113231,0.7015531786344501,0.6751863303715648,0.7187450360073281,0.7193805741311539,0.6883960707730084,0.6930127048460526,0.6894568834004632,0.7279028966598222,0.7282237872255444,0.6726264354136962,0.6947283805942441
0.7644515684518485,0.8003079051409292,0.7411804808998241,0.7507866121155246,0.7645051576808457,0.8049836132283391,0.7903558200240192,0.7491480396092428,0.7569394733624594,0.7524237347502917,0.8191177556540454,0.7441344043286339,0.8198133568951906,0.7446192525002717,0.7412006020838771,0.7811073163133058,0.7060462870276712,1.0,0.8033570763023928,0.7906246711802996,0.8281218946288151,0.8240484274144046,0.834427923765771,0.7243178741181819,0.7297409191916219,0.6588854747220565,0.8214556644616946,0.7482468123694627,0.764612936460126,0.7600187796070853,0.7418566901379962,0.7868525893199189,0.05999358067559302,0.8147338599944294,0.7846169376931538,0.7635435223008324,0.7808578610818235,0.8035202786469067,0.6844525956344059,0.7936867236668966,0.7397395486235958,0.7945432049784307,0.816436593273624,0.7510189140234123,0.7501972587604679,0.7559739113690783,0.7948352488108136,0.7955899424859935,0.7451445723601798,0.768170614604356
0.7341213690370652,0.7584338690366937,0.7137169255649728,0.7134874892664718,0.7338171371355936,0.767829383047823,0.7640149525606849,0.7193700384818951,0.7198277188427931,0.7152157975591433,0.7691175836146481,0.7228820012450973,0.8024455538981161,0.7121381169110803,0.7136901713504646,0.7574530885350221,0.6770935100151978,0.8033570763023928,1.0,0.7630977254742621,0.7935305459091605,0.8094300753158862,0.7996376643087997,0.6889621099017431,0.6998674253327825,0.6318730354750076,0.7837460289633565,0.7178154858984498,0.7371570638415581,0.7147687136297379,0.7123674595324887,0.7673152544734114,0.061760768573617786,0.7801372115317431,0.7546306374469441,0.7257338963829669,0.756315373882319,0.7681086973354758,0.6564317724986484,0.7607903503517852,0.704019805121056,0.7539663110219801,0.7781553657104842,0.7243226093889819,0.7217819546482566,0.7261981314201744,0.7556108237577756,0.7565509346320836,0.7090803062644853,0.7386407603035856
0.7739385013861997,0.7745700780630324,0.7496598322692434,0.7481720579037932,0.7418676308664884,0.7798571680098576,0.9398472568391151,0.7468387832170434,0.7642217799253118,0.749249421506281,0.7688534629321059,0.7366063266841752,0.7740246014194834,0.7410266927766571,0.7393264299752506,0.9028666686716196,0.6916565018095151,0.7906246711802996,0.7630977254742621,1.0,0.7948949650158437,0.7832432020795224,0.7952542590138734,0.7089649830770008,0.71699395165567,0.6478734337979086,0.78350631469884,0.7435299431916758,0.7628592888791079,0.7598720282529219,0.7382541482406606,0.7627586945671365,0.05873896764737441,0.7844256314258174,0.7624098676013407,0.7574574228918716,0.921781236069405,0.7746634687000415,0.6777928108922233,0.7569047334860075,0.7346207495939723,0.7784596397962144,0.7811266982159363,0.7470858092085071,0.7458485212543584,0.757471260083473,0.776754612034436,0.7778496524942032,0.7455019379241974,0.7705918520595921
0.7680616726934297,0.7945488415166599,0.7476516744010062,0.748635796147087,0.7734896476553217,0.7974661252198211,0.7900182349825242,0.7451540078432441,0.7593487650515398,0.7520574453217801,0.8125233903192318,0.7457273630738335,0.8220294827826449,0.740864970209776,0.7386942352447262,0.7799499936575145,0.707672268760427,0.8281218946288151,0.7935305459091605,0.7948949650158437,1.0,0.8174071645102955,0.8382091170433333,0.7229063747300066,0.7281929297335856,0.6616549230719642,0.8264425295920775,0.7428172319052573,0.7615795239029839,0.7620360989921855,0.740791420072413,0.7943623543774779,0.05896842990928863,0.8182421636723409,0.7823760742439466,0.7585628474466803,0.7820949613614603,0.8025209134212963,0.680815419239449,0.7955218983189365,0.7380991322165713,0.7862257561698602,0.8127002889573197,0.7493421350137621,0.7476152815481425,0.7632109587062047,0.7964032863809652,0.7969474227777233,0.7438876638040857,0.7666297581115618
0.7619086624129695,0.7886015880170982,0.7385505228197655,0.7402514321078546,0.7588737886392601,0.7936849144695188,0.7812041963457548,0.7421870533281005,0.750882556439133,0.7425796113913492,0.8131976822909879,0.7418545477627818,0.8314337240287579,0.7338584795116267,0.731175072171165,0.7746292762132497,0.7086719033441026,0.8240484274144046,0.8094300753158862,0.7832432020795224,0.8174071645102955,1.0,0.8843550166983256,0.723655418649093,0.7284275602519505,0.6619128927419338,0.8233303741763112,0.7411252763170462,0.7586965589636842,0.7527012656722767,0.7321020006003035,0.7890121594717057,0.05986158461375746,0.8457490893844808,0.7779904175046009,0.7512915256547715,0.7708046869284099,0.8026828654836264,0.6794902153468743,0.7946073478901238,0.7311766638507147,0.7872481187164547,0.8208098860914972,0.745626660601357,0.7456996641941869,0.748905396001684,0.7858361141333678,0.7863244553932767,0.7391158237804796,0.757645848692295
0.7745131069531477,0.8041995364524959,0.7474046294818336,0.7566025939139822,0.7748590643134342,0.8067063703253283,0.7941275746820842,0.7560883540320303,0.7626753003825397,0.7539375243276617,0.822580809738538,0.753813507027613,0.8393927127483235,0.7465952422762895,0.747492334299561,0.7849886712262621,0.7164648328159666,0.834427923765771,0.7996376643087997,0.7952542590138734,0.8382091170433333,0.8843550166983256,1.0,0.7309291546103194,0.7385284685770193,0.6637750787852865,0.8417241893702375,0.7549182856114682,0.7712778163419813,0.7633285799576555,0.7445663074762019,0.805272016158391,0.05797171005231294,0.8606596385399227,0.7893877900765698,0.7651193718920555,0.7855400587861219,0.8173776025696584,0.689304454750951,0.8032073006015968,0.7455899139643343,0.8011767919255557,0.8306969448545172,0.760795645479025,0.7598294295999559,0.7616223068838279,0.7972533728648615,0.7984275016680047,0.7538113819256753,0.7704607172136304
0.7118797040923739,0.757485590328542,0.6898174715772242,0.69806688164029,0.7428332552433514,0.7625694217594375,0.7073967428732286,0.7023413596812672,0.6975712518328017,0.6979872070833197,0.7269606821628383,0.7061056867816072,0.7368959309513217,0.6802454081379523,0.6868734335371187,0.7092913370117662,0.8066469370601848,0.7243178741181819,0.6889621099017431,0.7089649830770008,0.7229063747300066,0.723655418649093,0.7309291546103194,1.0,0.8150464669194545,0.7762715589416104,0.7368419825708012,0.6846096832575519,0.7055529017993956,0.7007700898246922,0.6854036133725221,0.7531259517602487,0.04861324926527111,0.7399831526219327,0.7673781910780323,0.6866613958084749,0.7006950248776802,0.7278877425439063,0.6254439706321656,0.7207842293466273,0.6868114687217599,0.7420560251502616,0.7349791115147282,0.6959312139148137,0.700058588998576,0.6963004109005004,0.7430073544546765,0.7420615174576404,0.6875061288655103,0.707122779872454
0.7243406461678275,0.7697175834946439,0.6992653100865631,0.7070706396219824,0.7415612291354436,0.7779910685472323,0.71445341608462,0.7138584327045203,0.7037113789149734,0.7059304940557394,0.7272165940480235,0.7136494441590763,0.7363928912159984,0.6877431537645927,0.6956034331956438,0.7174564395063903,0.7975822749496874,0.7297409191916219,0.6998674253327825,0.71699395165567,0.7281929297335856,0.7284275602519505,0.7385284685770193,0.8150464669194545,1.0,0.7781225538220092,0.7408640995999323,0.6942786804074181,0.7113739888421634,0.7046205461724945,0.6940497304853396,0.7717858428301202,0.05044138226559147,0.7436539710525168,0.7719227157370097,0.6945814115358946,0.7123121977454909,0.7426882259926162,0.6290317272765602,0.7231036726167785,0.6921211615258822,0.7458877133346686,0.7452260091785627,0.7116363908299053,0.7108372728514393,0.7112592923633664,0.7487217294581514,0.7505439721142688,0.6989400148309666,0.7140945469742146
0.6570537297020731,0.6740771346435809,0.6396366485548177,0.6417644389700057,0.6760525802673008,0.6833480713343533,0.6464331096842757,0.652838360411878,0.6406420937774286,0.6440823547739262,0.6595624672014431,0.657602954976767,0.6655897225683443,0.6289485108323207,0.6332890129395286,0.646270659212774,0.7961740813665086,0.6588854747220565,0.6318730354750076,0.6478734337979086,0.6616549230719642,0.6619128927419338,0.6637750787852865,0.7762715589416104,0.7781225538220092,1.0,0.6714219909390768,0.6336813821473242,0.642393386375683,0.6450719286227573,0.6345251420012825,0.6899624427930799,0.05118098124798842,0.6753797106110203,0.6840915178604845,0.6348824790842551,0.6423258610429496,0.6679257416305764,0.5871682169153766,0.6585371868196326,0.6338643777531614,0.6685877018114423,0.6709484471664056,0.6530672454676545,0.6531310214577971,0.6456138741556232,0.6771353084944965,0.6781833236701034,0.6370098277305507,0.6494955714959114
0.7729271340069941,0.8074629720900008,0.7553332288660373,0.7549469278909919,0.7865247720287588,0.7978552442106681,0.7789726209086005,0.7530616309275483,0.766674482142868,0.7584108745159032,0.8263114116797213,0.747926870910018,0.8436852255152922,0.7447125108401598,0.7416721375545482,0.7744523700800368,0.7133426758019662,0.8214556644616946,0.7837460289633565,0.78350631469884,0.8264425295920775,0.8233303741763112,0.8417241893702375,0.7368419825708012,0.7408640995999323,0.6714219909390768,1.0,0.7483468595715915,0.7675251296171721,0.7690200548829991,0.7459811260887081,0.8058793078440212,0.060976871589661696,0.8225087975521936,0.7835195503968875,0.7559797486254373,0.7719456053550319,0.8407142846721336,0.678089743460633,0.8126412856568492,0.7438187595784225,0.802275077859175,0.8546700512455431,0.7563852731494302,0.7531274797467122,0.7661523714284767,0.7979777028498337,0.7983919537797883,0.7545322828807671,0.7720517087773378
0.7573009918032934,0.7559541784153189,0.7373602513658422,0.8329952506359879,0.7224116431833931,0.7511147241814883,0.7416059698630519,0.8745680586972115,0.7444270080250985,0.8213177271135035,0.7429559068239686,0.8040626041947259,0.7506219808858661,0.8273401724478137,0.8100668131300186,0.7363877892973103,0.672552109073508,0.7482468123694627,0.7178154858984498,0.7435299431916758,0.7428172319052573,0.7411252763170462,0.7549182856114682,0.6846096832575519,0.6942786804074181,0.6336813821473242,0.7483468595715915,1.0,0.7649580656363933,0.7515193385475882,0.8087562359977057,0.7355007138136065,0.050192913184291976,0.7402525992623323,0.7269240737418232,0.7874727109091705,0.7344324169669848,0.747881002989414,0.7083612208513553,0.7280839426279131,0.8146696426351473,0.74532239406426,0.7416256617542725,0.9231276172890566,0.9044665413336235,0.7478971640131932,0.744429074231437,0.7450811109922293,0.81125334476951,0.7570252093306775
0.7802124491954796,0.7716821491385085,0.7622557478764449,0.7624916705872653,0.7444022709028139,0.7711368933938857,0.7604641217586794,0.766684298069714,0.7709119839175309,0.7635407372382311,0.761031883559538,0.7570717524495749,0.7677406965482216,0.7545509848190425,0.7469083193449048,0.7568360126751844,0.6950924240119442,0.764612936460126,0.7371570638415581,0.7628592888791079,0.7615795239029839,0.7586965589636842,0.7712778163419813,0.7055529017993956,0.7113739888421634,0.642393386375683,0.7675251296171721,0.7649580656363933,1.0,0.7709068981466702,0.7490009386247594,0.7546586988987128,0.04933569937206472,0.7628884409524905,0.7566806014543069,0.7558427549064313,0.7510391036946727,0.7653170931875367,0.6824426358519768,0.743596793184537,0.7464772831124183,0.758190163974315,0.764013086461965,0.766141847948166,0.7648775395917664,0.7833833155282434,0.7599204690524268,0.759257521509715,0.754922191083053,0.8490633916352495
0.7960665299741293,0.7657238238958499,0.7519329260619121,0.7558016067786799,0.751076881544952,0.7592354322286168,0.7556390349443537,0.7510336630647121,0.8038038556473383,0.7627315637921563,0.7657413081315385,0.7418782757476241,0.7654872718618781,0.7409544200120568,0.7458603168349884,0.7584043621794427,0.6878985997201652,0.7600187796070853,0.7147687136297379,0.7598720282529219,0.7620360989921855,0.7527012656722767,0.7633285799576555,0.7007700898246922,0.7046205461724945,0.6450719286227573,0.7690200548829991,0.7515193385475882,0.7709068981466702,1.0,0.7479116590191115,0.7428763875177353,0.05966316476641331,0.7525078457154357,0.7431716395558261,0.7488365565294397,0.7479406639584489,0.764040318985013,0.6876078476313746,0.7492046080048991,0.7504913972227049,0.7688029996727067,0.7680673467163511,0.7549338252012723,0.7523194590860776,0.7748871631204234,0.7667302708394192,0.7673903010529176,0.7522720234973307,0.7806268672732994
0.7421147660902501,0.7476868342865755,0.7295269988710991,0.8172297583400708,0.7312478242169285,0.7464990036975858,0.7345668637417032,0.8102706117178962,0.7447074699630282,0.8326148028413423,0.7395668670815339,0.7918447019539042,0.7534809543342356,0.824869572800251,0.8174813994278939,0.738115208947875,0.6729525763980535,0.7418566901379962,0.7123674595324887,0.7382541482406606,0.740791420072413,0.7321020006003035,0.7445663074762019,0.6854036133725221,0.6940497304853396,0.6345251420012825,0.7459811260887081,0.8087562359977057,0.7490009386247594,0.7479116590191115,1.0,0.7368898685993208,0.05378584267084596,0.7342025327592889,0.7247959663783021,0.7887055116257593,0.7329267142299847,0.7433297708876916,0.6954923439640057,0.7244715116925071,0.8621894785972576,0.7401602653086032,0.738778622160297,0.8129028018669464,0.8078454967360718,0.7444068831448305,0.7387609023188721,0.7394593853416536,0.8002464829835455,0.7499099612620468
0.7613491498491125,0.7863123751194978,0.7312723856394368,0.749784762873823,0.7933647817064139,0.8025011816655301,0.7581560688495184,0.7464346907604779,0.7484998942633111,0.7429478711005484,0.784367952236375,0.7413341050413544,0.8134743362842756,0.7293366430948636,0.7425827023350515,0.7631866036487055,0.7504857212813933,0.7868525893199189,0.7673152544734114,0.7627586945671365,0.7943623543774779,0.7890121594717057,0.805272016158391,0.7531259517602487,0.7717858428301202,0.6899624427930799,0.8058793078440212,0.7355007138136065,0.7546586988987128,0.7428763875177353,0.7368898685993208,1.0,0.05872332968440808,0.802565334911162,0.778383753989089,0.7409256750533595,0.7616826025247807,0.802289395107882,0.6604069539675252,0.7853777170292442,0.734958062734631,0.7819050593533399,0.802337618936426,0.7408746435826796,0.7453257705854908,0.7409003391881208,0.7813863145149538,0.7821959973804464,0.729428775919309,0.7535917015544211
0.05490025932360065,0.05204419023693907,0.0471359422599954,0.05412942376586671,0.05365905923427661,0.05029930043403674,0.057052605014935254,0.050530164691613644,0.05151357059646533,0.04401429799435619,0.06103276044683337,0.04939748869551608,0.05401987698449717,0.055157304961689246,0.050902525214923,0.05846707706394516,0.0514165138305982,0.05999358067559302,0.061760768573617786,0.05873896764737441,0.05896842990928863,0.05986158461375746,0.05797171005231294,0.04861324926527111,0.05044138226559147,0.05118098124798842,0.060976871589661696,0.050192913184291976,0.04933569937206472,0.05966316476641331,0.05378584267084596,0.05872332968440808,1.0,0.054813868291705425,0.0555667196292019,0.05735300908454666,0.05773847213516592,0.060139700114421935,0.039828172697958686,0.056488058663167084,0.050427947514311566,0.050315390311664765,0.05859470802640143,0.05226388778412838,0.05122054518977315,0.06151335148567705,0.055596172639332586,0.056612672494032124,0.05852851273931592,0.05001100557097371
0.7686926371784459,0.796229709017311,0.7440285004009339,0.7457423755707366,0.7743860922701087,0.8073516701371809,0.7825691445294123,0.7458219998745705,0.7572029370053006,0.7440043684608141,0.810458102571168,0.7439429030462021,0.8232990900907857,0.7314831292190509,0.7351955363472735,0.776075994836533,0.7295234402160606,0.8147338599944294,0.7801372115317431,0.7844256314258174,0.8182421636723409,0.8457490893844808,0.8606596385399227,0.7399831526219327,0.7436539710525168,0.6753797106110203,0.8225087975521936,0.7402525992623323,0.7628884409524905,0.7525078457154357,0.7342025327592889,0.802565334911162,0.054813868291705425,1.0,0.7935826214179973,0.7608847303431523,0.7734859132552604,0.8084173377177597,0.6895801018180708,0.79504881705899,0.7346942539069615,0.797456755389233,0.822424978741627,0.7450476616593469,0.7487044883796938,0.7505808191268837,0.7921752551593632,0.7920668434635103,0.7393236334813313,0.7637954058408506
0.7542079766349883,0.8185363339577251,0.731692364546746,0.7360721253395606,0.7600547323581497,0.8234830793967601,0.7609548178850507,0.7322041436052404,0.7420201123220318,0.7351461772247811,0.7812075589850634,0.7370072331213132,0.7896812732218214,0.7269507325414791,0.7287054422253298,0.7601059251000939,0.7274053559663819,0.7846169376931538,0.7546306374469441,0.7624098676013407,0.7823760742439466,0.7779904175046009,0.7893877900765698,0.7673781910780323,0.7719227157370097,0.6840915178604845,0.7835195503968875,0.7269240737418232,0.7566806014543069,0.7431716395558261,0.7247959663783021,0.778383753989089,0.0555667196292019,0.7935826214179973,1.0,0.7347053833301999,0.7495954586327669,0.7788560491458967,0.665477494928777,0.7693034610090057,0.719864460677619,0.7965091652214449,0.7891965683672257,0.7297524847290289,0.7323151185647307,0.7366342367417016,0.7936919965275773,0.7921253363046391,0.7297770838789019,0.7514423416704878
0.755772987217763,0.7524299868078821,0.7398523609456992,0.7856555757287806,0.7248978229821164,0.7556886704788154,0.7549984910280005,0.788044588754491,0.7501171330638322,0.7961044441775413,0.7510898743876345,0.7767150998969129,0.7502165111890096,0.7840312558971243,0.7815841860829853,0.7476378277154831,0.6752539194786932,0.7635435223008324,0.7257338963829669,0.7574574228918716,0.7585628474466803,0.7512915256547715,0.7651193718920555,0.6866613958084749,0.6945814115358946,0.6348824790842551,0.7559797486254373,0.7874727109091705,0.7558427549064313,0.7488365565294397,0.7887055116257593,0.7409256750533595,0.05735300908454666,0.7608847303431523,0.7347053833301999,1.0,0.7470348838070754,0.7464510972767494,0.7240396087005737,0.7376318513965656,0.7855922010438808,0.7476760581639552,0.747558494258616,0.7907091516357754,0.7931369746228625,0.7489258883908622,0.7493084662247442,0.7497130516017263,0.7883230373417315,0.756862813922513
0.7626838739963836,0.7633424059318255,0.7377016746540757,0.7414854714328084,0.7415835525741216,0.7705323740688329,0.9150085652497112,0.7411648885939451,0.7547373367895255,0.7416842177131024,0.7576281629842765,0.7280745873538834,0.7655716884764413,0.7302652640365523,0.7322959011061628,0.8937790391460164,0.6865396124847272,0.7808578610818235,0.756315373882319,0.921781236069405,0.7820949613614603,0.7708046869284099,0.7855400587861219,0.7006950248776802,0.7123121977454909,0.6423258610429496,0.7719456053550319,0.7344324169669848,0.7510391036946727,0.7479406639584489,0.7329267142299847,0.7616826025247807,0.05773847213516592,0.7734859132552604,0.7495954586327669,0.7470348838070754,1.0,0.7654447581551944,0.6706501196961803,0.7458665783638534,0.7297890513700597,0.7709914088205144,0.7724050841085277,0.7382310987420404,0.7367370784905375,0.7458625602698061,0.7642501342068097,0.7655663780601152,0.7335226453016395,0.7572035597528596
0.7714082557071487,0.8106620502253146,0.7444961121913869,0.749465276728691,0.7850180420067266,0.8025048861260798,0.770445828674508,0.7540704745084019,0.7626062362470307,0.7552610813594662,0.8120004181446386,0.7419911317284796,0.8203369126852915,0.7404577007842379,0.739136794175383,0.7682222819117552,0.7121499199728862,0.8035202786469067,0.7681086973354758,0.7746634687000415,0.8025209134212963,0.8026828654836264,0.8173776025696584,0.7278877425439063,0.7426882259926162,0.6679257416305764,0.8407142846721336,0.747881002989414,0.7653170931875367,0.764040318985013,0.7433297708876916,0.802289395107882,0.060139700114421935,0.8084173377177597,0.7788560491458967,0.7464510972767494,0.7654447581551944,1.0,0.674508146205372,0.8024784648472642,0.7434331363357976,0.7940886505102267,0.8535575869658838,0.7545758979605535,0.748812585649653,0.7563145664776268,0.7949386061915865,0.7949456146929783,0.749498289202335,0.7636123750642533
0.6908920155157059,0.6678325736039147,0.6687257555982125,0.7125548119986671,0.6704357101786447,0.681979001310614,0.6809367878902419,0.7091323094632107,0.671433413062846,0.716749458830753,0.671930108163634,0.7024782143613699,0.6721047206675609,0.7001625550358571,0.6981959737600469,0.6760050963682407,0.6204301894113231,0.6844525956344059,0.6564317724986484,0.6777928108922233,0.680815419239449,0.6794902153468743,0.689304454750951,0.6254439706321656,0.6290317272765602,0.5871682169153766,0.678089743460633,0.7083612208513553,0.6824426358519768,0.6876078476313746,0.6954923439640057,0.6604069539675252,0.039828172697958686,0.6895801018180708,0.665477494928777,0.7240396087005737,0.6706501196961803,0.674508146205372,1.0,0.670641930566706,0.6965139899509244,0.6765184914356315,0.6788693841254294,0.7075877334941139,0.7133892187959571,0.667716410399178,0.6726995951293773,0.6721167535108739,0.7076024081731023,0.6799335082390257
