../ecoli_genomes/GCF_000163235.1_ASM16323v1_genomic.fna.gz,../ecoli_genomes/GCF_000164555.1_ASM16455v1_genomic.fna.gz,../ecoli_genomes/GCF_000208545.1_ASM20854v2_genomic.fna.gz,../ecoli_genomes/GCF_000233875.1_ASM23387v1_genomic.fna.gz,../ecoli_genomes/GCF_000249735.1_ASM24973v2_genomic.fna.gz,../ecoli_genomes/GCF_000261145.1_Esch_coli_M919_V2_genomic.fna.gz,../ecoli_genomes/GCF_000267705.2_ASM26770v2_genomic.fna.gz,../ecoli_genomes/GCF_000350665.1_Esch_coli_KTE5_V1_genomic.fna.gz,../ecoli_genomes/GCF_000351625.1_Esch_coli_KTE66_V1_genomic.fna.gz,../ecoli_genomes/GCF_000352285.1_Esch_coli_KTE46_V1_genomic.fna.gz,../ecoli_genomes/GCF_000358895.1_ASM35889v1_genomic.fna.gz,../ecoli_genomes/GCF_000456385.1_Esch_coli_HVH_26_4-5703913_V1_genomic.fna.gz,../ecoli_genomes/GCF_000458195.1_Esch_coli_HVH_147_4-5893887_V1_genomic.fna.gz,../ecoli_genomes/GCF_000459755.1_Esch_coli_KOEGE_58_171a_V1_genomic.fna.gz,../ecoli_genomes/GCF_000460055.1_Esch_coli_UMEA_3053-1_V1_genomic.fna.gz,../ecoli_genomes/GCF_000462165.2_ASM46216v2_genomic.fna.gz,../ecoli_genomes/GCF_000601135.1_ASM60113v1_genomic.fna.gz,../ecoli_genomes/GCF_000614595.1_Ec2010EL1058_genomic.fna.gz,../ecoli_genomes/GCF_000617745.1_Ec2010C-4529_genomic.fna.gz,../ecoli_genomes/GCF_000618265.2_EcF6751_genomic.fna.gz,../ecoli_genomes/GCF_000619005.2_Ec2009C-4052_genomic.fna.gz,../ecoli_genomes/GCF_000619105.1_Ec2009C-4780_genomic.fna.gz,../ecoli_genomes/GCF_000619765.2_Ec2009C-3279_genomic.fna.gz,../ecoli_genomes/GCF_000687005.1_ASM68700v1_genomic.fna.gz,../ecoli_genomes/GCF_000687025.1_ASM68702v1_genomic.fna.gz,../ecoli_genomes/GCF_000700125.1_ASM70012v1_genomic.fna.gz,../ecoli_genomes/GCF_000753315.1_FHI35_genomic.fna.gz,../ecoli_genomes/GCF_000776375.1_ASM77637v1_genomic.fna.gz,../ecoli_genomes/GCF_000779395.1_ASM77939v1_genomic.fna.gz,../ecoli_genomes/GCF_000780315.1_ASM78031v1_genomic.fna.gz,../ecoli_genomes/GCF_000781995.1_ASM78199v1_genomic.fna.gz,../ecoli_genomes/GCF_000986765.1_ASM98676v1_genomic.fna.gz,../ecoli_genomes/GCF_001041375.1_ViralProj287958_genomic.fna.gz,../ecoli_genomes/GCF_001265335.1_302014_genomic.fna.gz,../ecoli_genomes/GCF_001265625.1_100854_genomic.fna.gz,../ecoli_genomes/GCF_001267345.1_303289_genomic.fna.gz,../ecoli_genomes/GCF_001309985.1_ASM130998v1_genomic.fna.gz,../ecoli_genomes/GCF_001521695.1_ASM152169v1_genomic.fna.gz,../ecoli_genomes/GCF_001592595.1_ASM159259v1_genomic.fna.gz,../ecoli_genomes/GCF_001614975.1_ASM161497v1_genomic.fna.gz,../ecoli_genomes/GCF_001692775.1_ASM169277v1_genomic.fna.gz,../ecoli_genomes/GCF_001748915.1_ASM174891v1_genomic.fna.gz,../ecoli_genomes/GCF_001749235.1_ASM174923v1_genomic.fna.gz,../ecoli_genomes/GCF_001881155.1_ASM188115v1_genomic.fna.gz,../ecoli_genomes/GCF_001881345.1_ASM188134v1_genomic.fna.gz,../ecoli_genomes/GCF_001892405.1_ASM189240v1_genomic.fna.gz,../ecoli_genomes/GCF_001892585.1_ASM189258v1_genomic.fna.gz,../ecoli_genomes/GCF_001893985.1_ASM189398v1_genomic.fna.gz,../ecoli_genomes/GCF_002001595.1_ASM200159v1_genomic.fna.gz,../ecoli_genomes/GCF_002002145.1_ASM200214v1_genomic.fna.gz
1.0,0.3266431970999554,0.26098055048473356,0.27580775959625203,0.28549143583494785,0.3153828432881275,0.3044880486897631,0.2834676534422348,0.38733107473732575,0.29439867511023654,0.3206013416450535,0.28571688265249406,0.3201247398474242,0.2687290788971405,0.2629602075642221,0.3065060689151219,0.2887785567629165,0.3112215929455927,0.3044038539407047,0.3061139967181491,0.3017827699627956,0.3078448617183036,0.3164229569600384,0.2818869691278595,0.27294466418953156,0.25038073355723445,0.31294475582383985,0.2752690659104212,0.3423973945578226,0.393194918761705,0.26079348876446906,0.30290162784726327,0.0,0.3111122189801354,0.31497569661586633,0.275903925652762,0.2915028819813814,0.31306121121805675,0.23681514966689177,0.319705341256044,0.2631086867096508,0.30872751730425696,0.3162665675336773,0.27778991555201127,0.2880663422830154,0.31568617619988837,0.3081330186462826,0.30787604740688856,0.2701210777560824,0.34407289386800133
0.3266431970999554,1.0,0.2364580093736307,0.27313622138752736,0.3777125551859375,0.563490405571003,0.3473242749467331,0.28115174872170445,0.2980388301898904,0.28407898427068534,0.42471846888926723,0.2842504515869585,0.42373604317689983,0.2669402781154475,0.2621097737175716,0.35311515648440406,0.4496035918273903,0.4119465197339597,0.4035324709571232,0.35046926635139997,0.40160920853894333,0.403554734135407,0.4110088604201002,0.5005392634637603,0.4771773906794152,0.38443484720541965,0.40980318020262263,0.2761799583101522,0.3042114222730383,0.30374295816404506,0.25847411122720854,0.4034617153723954,0.0,0.4049821589339715,0.5656149589148369,0.2649655009100851,0.3328351762000762,0.41398383167460173,0.23231250026057915,0.41970061206411713,0.2606797989741054,0.4696328479795623,0.414175724879022,0.2889199529078801,0.28872211792028823,0.28146978393989064,0.4763885286479591,0.4759696284221009,0.28233108670035045,0.29942162822136553
0.26098055048473356,0.2364580093736307,1.0,0.2081831144892221,0.20776636630684409,0.22803845403055079,0.22051280547700602,0.21618758595491905,0.24903867824531312,0.21692111727687036,0.23437689275805518,0.20751203485044245,0.23744582610760356,0.20919553422833792,0.2025527318518654,0.2247240019227239,0.20964319907741047,0.2293648034686787,0.22240268884357695,0.22319364733143032,0.22368822950794787,0.22632922031644653,0.2319220818110238,0.20237016167267508,0.2007148030492839,0.18123572319988468,0.22835205460932195,0.21190638778958337,0.2515892681664088,0.25373706501933757,0.20050968220818266,0.2205424044191866,0.0,0.22904436136201212,0.2219133961939923,0.21222931126371625,0.21100368652483337,0.22496040853043286,0.187573504273425,0.23568408441830724,0.20626554651123263,0.2273552989955856,0.23343445014954145,0.21858270911433642,0.21487780988666272,0.2312442310547257,0.2318023567320544,0.2310938166898533,0.21900788063101462,0.252824555086955
0.27580775959625203,0.27313622138752736,0.2081831144892221,1.0,0.26264117984187185,0.2740702837071156,0.2565131390575731,0.5048239808482285,0.2811571982539882,0.5218269417246604,0.2644566568750206,0.5035487676713802,0.27300458052648546,0.5451627930519333,0.5510601940889025,0.2651101339138976,0.25143355983922666,0.25890268433510444,0.25435888416770913,0.2583850678444436,0.25253448315523297,0.25440049938569087,0.2687443022118091,0.2493271621647396,0.25364360075328074,0.22458513069410224,0.2572871122673497,0.51749905159469,0.3065134979201398,0.2710124758422233,0.5072420337546837,0.27338620459090124,0.0,0.2550611619762949,0.2631988019205077,0.41435235141789206,0.25044927834177255,0.25489854711401205,0.3947116210795433,0.25829191643397087,0.5133302486964166,0.2579578713412093,0.25782369349896783,0.5269926410851238,0.5191008804060703,0.29441428513276946,0.2599842381958011,0.26090511258263305,0.4561424546885705,0.30884145179850075
0.28549143583494785,0.3777125551859375,0.20776636630684409,0.26264117984187185,1.0,0.40272349058732915,0.31593020032878927,0.2623596928139099,0.30086900166253305,0.2701541286064876,0.49861868856492464,0.24780131397343763,0.4744333759909838,0.24590650124283953,0.26135369684729204,0.3395196963678221,0.4041260150722018,0.4081847064392511,0.3950224469983997,0.32062827285457207,0.41202390706620895,0.4046505346698617,0.41835897515858167,0.3859101097475758,0.3839774864589959,0.3552746065832967,0.4237217556872702,0.23818991061299366,0.28561641117396663,0.2891251265600139,0.25302298085687014,0.4531854340220668,0.0,0.41669595645140833,0.38910426751183624,0.2385895166549341,0.32433349911938125,0.42543486942227127,0.2833601295889624,0.44140641793755886,0.2551703171952041,0.39415412906477065,0.43528937446002425,0.24680011587211237,0.25115322924427075,0.25770464472293475,0.4015934402223218,0.4024372220643657,0.24478776807050184,0.28386720313507297
0.3153828432881275,0.563490405571003,0.22803845403055079,0.2740702837071156,0.40272349058732915,1.0,0.365708764380147,0.28237947515956996,0.3048792792556815,0.27795829515046344,0.4280821473321639,0.2699650395793525,0.43603006670379896,0.26882979826068454,0.2663626809125518,0.3660667130072065,0.45967267322107375,0.4291330167220776,0.41899620602707,0.3634709246172254,0.40572241437282586,0.41513368597247724,0.4282332834381354,0.5229521193199007,0.49956503769583727,0.39338059216391064,0.4151435929084333,0.27067365599056104,0.3101056142851808,0.3059382961590805,0.25777634761968415,0.41802042096923175,0.0,0.42727821037395586,0.576499182531095,0.27653963228168443,0.3521107779871744,0.4167063843939489,0.25474679930913713,0.42354390815480314,0.26133048438456574,0.48125979811255015,0.4233638351646587,0.2749793792192935,0.27636286873192206,0.28362097389792984,0.4878345207495218,0.4890334712753851,0.2715673449977135,0.3064761582418146
0.3044880486897631,0.3473242749467331,0.22051280547700602,0.2565131390575731,0.31593020032878927,0.365708764380147,1.0,0.25638051500242676,0.29907831058030465,0.2592226601794497,0.35747285876776613,0.2521755969355759,0.3593308807092749,0.2537543111030277,0.24809293602685378,0.759308391619503,0.325293246434049,0.38589417281236105,0.38290762516663,0.8696065987977931,0.38900709223352736,0.3774988852135641,0.3954117715758124,0.315365788221701,0.3033523383170502,0.28179576288063035,0.3567863146145186,0.248743701385159,0.28390483344160566,0.29401236796816144,0.2375768166986072,0.34640885200674165,0.0,0.3641060463630237,0.3644109241194027,0.27051538640841855,0.7878648623407247,0.3397334845089637,0.24139882289012327,0.3575056997254581,0.2399197254057761,0.3455694279286172,0.3591666939733761,0.25346973506574466,0.2565313782283668,0.27426544668668706,0.34480392023533724,0.34484938469851,0.25289777748003484,0.29231490021934914
0.2834676534422348,0.28115174872170445,0.21618758595491905,0.5048239808482285,0.2623596928139099,0.28237947515956996,0.25638051500242676,1.0,0.28431746255642976,0.5058273411727263,0.26793514622110026,0.47708673464317997,0.28232433716987815,0.4906261960736359,0.4743793281178924,0.2652069034717496,0.25299650735223367,0.2643309926623234,0.258676303095401,0.25800383084791967,0.25902783956950004,0.25899761447542824,0.27028472216597477,0.254948708757061,0.24325412472272567,0.2273151596572428,0.26435443320245633,0.6878309662964889,0.31145619698464666,0.2760528905207835,0.4771959561237875,0.2673748152743607,0.0,0.263352657232631,0.26563991095515493,0.40602654180459385,0.2480174320532219,0.27396177967125346,0.39271474960564534,0.2701425106774209,0.4754163665319415,0.26672113165820743,0.26758616595721374,0.7010726409575002,0.6845564545013114,0.29470481606438026,0.2618451023676346,0.2617067015522998,0.4493635186084197,0.30754088281465286
0.38733107473732575,0.2980388301898904,0.24903867824531312,0.2811571982539882,0.30086900166253305,0.3048792792556815,0.29907831058030465,0.28431746255642976,1.0,0.29351479579292594,0.309123840556467,0.26691828679850327,0.32198039296187175,0.277442661574148,0.27821487443466375,0.3139411895902051,0.28507842777339953,0.3035854503101606,0.28852046754506033,0.3035292662428859,0.2971146553717937,0.2985911677591544,0.30865448978536913,0.277711595612534,0.2689565644184798,0.2525006749789147,0.30592914970047,0.2676102151373022,0.33606028536807864,0.4088949567064907,0.27000316047403405,0.30137190621730425,0.0,0.3014588749882263,0.2977782982298045,0.2755200106833249,0.298016333633785,0.2958010568712457,0.23857429764842264,0.30898050356132145,0.27207726141318744,0.30040809740599106,0.312367269247262,0.2739648679535662,0.2717062605555348,0.3154792775058445,0.29853697300416016,0.2984352271755789,0.26738962937874955,0.34474457336743036
0.29439867511023654,0.28407898427068534,0.21692111727687036,0.5218269417246604,0.2701541286064876,0.27795829515046344,0.2592226601794497,0.5058273411727263,0.29351479579292594,1.0,0.2783824879502247,0.4853946752317788,0.29061762199928,0.5063673412114092,0.5008146927569979,0.27099704879747855,0.2498135197367093,0.2684375451855622,0.26079393605170975,0.26173270061162957,0.2579107000937959,0.2610906632891068,0.26777637569889,0.2508373490079904,0.24782309709839856,0.22599636446435145,0.2700771112215047,0.49528716383782756,0.31719734162895685,0.2804925178101926,0.5234192727976446,0.264759473133545,0.0,0.26416697145228096,0.2691405795283104,0.4266489588938761,0.2554974964883665,0.2635996254220755,0.4010440279795736,0.27297911782280504,0.5209255663632669,0.2658557226665874,0.2685476284641901,0.5033235077661694,0.5078000915059215,0.29561734548368157,0.26627450614249504,0.2655994753541818,0.4685140084178152,0.3103689303547388
0.3206013416450535,0.42471846888926723,0.23437689275805518,0.2644566568750206,0.49861868856492464,0.4280821473321639,0.35747285876776613,0.26793514622110026,0.309123840556467,0.2783824879502247,1.0,0.2695594216413073,0.537903925951409,0.26371041680970975,0.2615303981155144,0.36703661104485397,0.3909987301317467,0.49207625030354185,0.4709068060725863,0.36289332761914206,0.4846452492674549,0.49684323793429874,0.49946097641613674,0.3963317126608983,0.35960077800944357,0.33822462086175165,0.5000425725837508,0.2642897311879788,0.30657476458926336,0.3117156789654063,0.2567691329960866,0.45961376720329694,0.0,0.4855277560909307,0.4333982254229618,0.2773060306112495,0.3459363947325266,0.47962648345691683,0.24050655206403615,0.5239610395699119,0.25800916640811045,0.4411652769155875,0.5045874493601403,0.26757054054546137,0.26838524093433747,0.28753663224195236,0.44468036509954467,0.444395833972585,0.2723491009847695,0.3087116738281913
0.28571688265249406,0.2842504515869585,0.20751203485044245,0.5035487676713802,0.24780131397343763,0.2699650395793525,0.2521755969355759,0.47708673464317997,0.26691828679850327,0.4853946752317788,0.2695594216413073,1.0,0.26596002967505816,0.5002331273395452,0.6119551200926026,0.25428381211604056,0.24493963629584825,0.25357650825797995,0.25343601908911406,0.25336785152639396,0.25423448156410566,0.2551278194112504,0.26290145416355704,0.24598945027133678,0.2388335466464726,0.2097799014368935,0.25720953975656613,0.48465545167362456,0.31103631240496343,0.2690161711225336,0.45373534992212794,0.25808273796744796,0.0,0.2574940514254883,0.2634757331130708,0.4024855462543355,0.24175511681300044,0.26396840178024294,0.38771084473920603,0.2639421573864631,0.4642786463777562,0.2540983033448152,0.2638389493316847,0.48775653507440886,0.4902864378353574,0.2914130285026102,0.2598463214894189,0.25970910469934927,0.4347489891732851,0.30261278054202445
0.3201247398474242,0.42373604317689983,0.23744582610760356,0.27300458052648546,0.4744333759909838,0.43603006670379896,0.3593308807092749,0.28232433716987815,0.32198039296187175,0.29061762199928,0.537903925951409,0.26596002967505816,1.0,0.2636084936784907,0.27321383893102635,0.37596227383450664,0.4016053677771325,0.5045230655882034,0.49560263462375653,0.36422254775206486,0.5163160714603536,0.5614078473716615,0.5695616650247572,0.39781701904367694,0.3700747222157541,0.3512099947492169,0.5430820607046152,0.26578268591351906,0.31036775137949113,0.3197709809888696,0.2649855588883777,0.5070528671415133,0.0,0.5525267113338681,0.4337374760063607,0.27207847269744134,0.3586684994632314,0.5104728019439956,0.23981949077452658,0.5591626279870126,0.26841944032325915,0.4431543713642243,0.5390462404205029,0.2709946373867641,0.2703250151962655,0.28421110679847406,0.44638752538620896,0.4459158856488754,0.27181337396569527,0.3091925337803144
0.2687290788971405,0.2669402781154475,0.20919553422833792,0.5451627930519333,0.24590650124283953,0.26882979826068454,0.2537543111030277,0.4906261960736359,0.277442661574148,0.5063673412114092,0.26371041680970975,0.5002331273395452,0.2636084936784907,1.0,0.5421134825662907,0.25945874710907724,0.24009536488540795,0.25764192308033973,0.2507228113817319,0.25712984367820524,0.2477064313460845,0.2510067740252706,0.26052312082144946,0.23168606543276116,0.23096598536584168,0.21118334315065435,0.255637256667397,0.5126702429973982,0.31123877867320315,0.26852204440894445,0.4921072355167969,0.2548807564105384,0.0,0.25099185551753234,0.25777471931433293,0.40962192946474985,0.24505624973789797,0.25658574347252594,0.392332388750918,0.2566317392810328,0.4996373889003032,0.25278275947920315,0.25748581212149446,0.5141330249177244,0.5077596876617662,0.2967882927660548,0.25649054743327493,0.25688829959502935,0.4485427516057451,0.3084001144507781
0.2629602075642221,0.2621097737175716,0.2025527318518654,0.5510601940889025,0.26135369684729204,0.2663626809125518,0.24809293602685378,0.4743793281178924,0.27821487443466375,0.5008146927569979,0.2615303981155144,0.6119551200926026,0.27321383893102635,0.5421134825662907,1.0,0.2577935264092569,0.2507291520285646,0.25328672597757773,0.24291151001084244,0.25050674966088105,0.2488417819308688,0.24888140896813904,0.2601658310423208,0.23929711816047916,0.237496065543914,0.2218688260530559,0.25378872890819293,0.48552579107157345,0.3017846993635007,0.26453718365221246,0.4941237295356239,0.26251723891824086,0.0,0.2489058103501849,0.2589165375377692,0.4043628489690405,0.24487271954764767,0.25321850955110425,0.39525333936865914,0.2570180034793619,0.5004221128387143,0.24899602159234935,0.2581368280207005,0.48852986499368467,0.4833342444260863,0.2910904601368164,0.25947244791325774,0.2600998820985344,0.4393154868666035,0.30889246889647404
0.3065060689151219,0.35311515648440406,0.2247240019227239,0.2651101339138976,0.3395196963678221,0.3660667130072065,0.759308391619503,0.2652069034717496,0.3139411895902051,0.27099704879747855,0.36703661104485397,0.25428381211604056,0.37596227383450664,0.25945874710907724,0.2577935264092569,1.0,0.33390921427877496,0.3777372619780536,0.37643796199617297,0.7873904597469132,0.37525448068591627,0.37987317121829767,0.3894490440765299,0.327036998157073,0.3122749673047217,0.3028689462409869,0.35848849383680714,0.2543694241736334,0.29077210611090076,0.30630316434146676,0.25028848407784443,0.349895677882443,0.0,0.3630480781410619,0.3604307989568175,0.2684918653003203,0.7350597732506673,0.34576971585866034,0.23028525814711742,0.36005070399408523,0.2531771634329326,0.34940240904495534,0.36078557221917784,0.2562216297038199,0.25933014052328396,0.2790603988228034,0.34902108818533795,0.34865036129807403,0.25971508980844427,0.2948236104130858
0.2887785567629165,0.4496035918273903,0.20964319907741047,0.25143355983922666,0.4041260150722018,0.45967267322107375,0.325293246434049,0.25299650735223367,0.28507842777339953,0.2498135197367093,0.3909987301317467,0.24493963629584825,0.4016053677771325,0.24009536488540795,0.2507291520285646,0.33390921427877496,1.0,0.3811152129150487,0.3697029058793333,0.3258500884700971,0.3741952524594341,0.3816675155045718,0.39329839737534267,0.4698158610388724,0.4479452486265042,0.3967924441877857,0.37882747358714397,0.24278745364512655,0.2855661292172623,0.2788177725225296,0.23545674433604424,0.442287097042967,0.0,0.39069363975249893,0.4584921454631663,0.25250686732601624,0.3278753051235045,0.3673306852076226,0.2210013553001956,0.3868941231304589,0.23786226146224498,0.42930615770917524,0.38740340354486147,0.24837463692511053,0.2553359393505955,0.25543824374570245,0.44166818694492327,0.4429569680959222,0.2373192775859344,0.2769219106685571
0.3112215929455927,0.4119465197339597,0.2293648034686787,0.25890268433510444,0.4081847064392511,0.4291330167220776,0.38589417281236105,0.2643309926623234,0.3035854503101606,0.2684375451855622,0.49207625030354185,0.25357650825797995,0.5045230655882034,0.25764192308033973,0.25328672597757773,0.3777372619780536,0.3811152129150487,1.0,0.5279628444878839,0.3868158548259214,0.5213918890212381,0.5155064429180096,0.5256521197480348,0.37428703751351255,0.3448757668411463,0.3278604137020056,0.49901519335465216,0.25859079582798006,0.29470051610828474,0.30353379457814034,0.24705787979343508,0.4582160973588648,0.0,0.48452840013784604,0.4202965755049022,0.28026718168386,0.37048438357633773,0.45790409633655127,0.24152028466347586,0.5000069420518896,0.24849765048102412,0.42003489680692185,0.4863895496836217,0.26032895827306857,0.2605453707891986,0.2770152603957914,0.4269897544724883,0.4271855819182623,0.25940550756352465,0.2976874241058154
0.3044038539407047,0.4035324709571232,0.22240268884357695,0.25435888416770913,0.3950224469983997,0.41899620602707,0.38290762516663,0.258676303095401,0.28852046754506033,0.26079393605170975,0.4709068060725863,0.25343601908911406,0.49560263462375653,0.2507228113817319,0.24291151001084244,0.37643796199617297,0.3697029058793333,0.5279628444878839,1.0,0.380607643405253,0.5115886486854734,0.5147299755753691,0.5156948771457868,0.3663097794680591,0.3419501802712648,0.31869707833075167,0.488580867856229,0.2527722248550788,0.2862195178726058,0.29259507013651864,0.23780015168003432,0.45289482669312897,0.0,0.4807450721529768,0.42001665532264487,0.27016528595267675,0.3674971021877207,0.45431903687971376,0.234922283400523,0.49214371763944387,0.23966669119416484,0.4110525150436344,0.4801941632372998,0.2569233213346295,0.2578121904537676,0.26997445163677214,0.4133444611414925,0.4135227588639421,0.25287344829117386,0.2889397155576199
0.3061139967181491,0.35046926635139997,0.22319364733143032,0.2583850678444436,0.32062827285457207,0.3634709246172254,0.8696065987977931,0.25800383084791967,0.3035292662428859,0.26173270061162957,0.36289332761914206,0.25336785152639396,0.36422254775206486,0.25712984367820524,0.25050674966088105,0.7873904597469132,0.3258500884700971,0.3868158548259214,0.380607643405253,1.0,0.3884846771408561,0.3815448684187015,0.3959689515689546,0.3170671284001694,0.3059125534942079,0.28413544462422013,0.36020869214982754,0.251649770561183,0.2882026814976556,0.2982351477113936,0.24057661597008173,0.34803581007907336,0.0,0.3646405551966877,0.3621641972856071,0.27059833492429397,0.8024492266444807,0.34388677978459703,0.2341419572873208,0.36091664673534574,0.24308120546698242,0.347808406539832,0.3626553175769889,0.2565731516888198,0.25828849906508,0.27877526958635934,0.3494300829542112,0.349339392586543,0.2569000251085194,0.29650529537205816
0.3017827699627956,0.40160920853894333,0.22368822950794787,0.25253448315523297,0.41202390706620895,0.40572241437282586,0.38900709223352736,0.25902783956950004,0.2971146553717937,0.2579107000937959,0.4846452492674549,0.25423448156410566,0.5163160714603536,0.2477064313460845,0.2488417819308688,0.37525448068591627,0.3741952524594341,0.5213918890212381,0.5115886486854734,0.3884846771408561,1.0,0.5220222330861515,0.5432222062715776,0.36213529989181414,0.3395811350107043,0.32211259916421253,0.5071074439266043,0.2558483034535922,0.28506676314533297,0.2983841179725476,0.23952664401443757,0.4756013223680321,0.0,0.5085085161136291,0.4128831606719765,0.27090324874922056,0.37304437982030547,0.474524848033138,0.23731973836000042,0.5149822755541661,0.24439253126204552,0.40432898654867067,0.49876910292641297,0.2588836019748618,0.26047915235697094,0.2768737924805389,0.42153918062402773,0.4214204072213389,0.2547015160910816,0.2923875665400978
0.3078448617183036,0.403554734135407,0.22632922031644653,0.25440049938569087,0.4046505346698617,0.41513368597247724,0.3774988852135641,0.25899761447542824,0.2985911677591544,0.2610906632891068,0.49684323793429874,0.2551278194112504,0.5614078473716615,0.2510067740252706,0.24888140896813904,0.37987317121829767,0.3816675155045718,0.5155064429180096,0.5147299755753691,0.3815448684187015,0.5220222330861515,1.0,0.7320739526980429,0.36603539668346496,0.3444408118949198,0.32172935460303487,0.5288142734806653,0.25446409545824167,0.2929724480815835,0.29699821282716377,0.2391489251761687,0.47945434904399253,0.0,0.6505203842749495,0.415647562465165,0.2675079034904675,0.3688148871564114,0.4922227858147049,0.2307638929191972,0.5301285173845145,0.2419988498421457,0.41520011732782414,0.5299912880025832,0.2587736091134294,0.25800337349222247,0.2776488906933675,0.4226869449878774,0.4228508153012491,0.259297088166766,0.2983013850789683
0.3164229569600384,0.4110088604201002,0.2319220818110238,0.2687443022118091,0.41835897515858167,0.4282332834381354,0.3954117715758124,0.27028472216597477,0.30865448978536913,0.26777637569889,0.49946097641613674,0.26290145416355704,0.5695616650247572,0.26052312082144946,0.2601658310423208,0.3894490440765299,0.39329839737534267,0.5256521197480348,0.5156948771457868,0.3959689515689546,0.5432222062715776,0.7320739526980429,1.0,0.37417406046458945,0.35734070655464045,0.3302000259584127,0.5401727226784714,0.2651096778214762,0.3017320144059875,0.3022139842043716,0.24982397184746374,0.4979435810148226,0.0,0.6524540006317364,0.42481751659193034,0.27874807512454103,0.3808029977416104,0.5016296382511849,0.24491338525042516,0.5352095903913092,0.2523768783708048,0.420645305118004,0.5290855408221147,0.26840887538133984,0.2699093851014316,0.2838486586958918,0.4258851098839963,0.4263749269439935,0.26471872704582455,0.30462033948945055
0.2818869691278595,0.5005392634637603,0.20237016167267508,0.2493271621647396,0.3859101097475758,0.5229521193199007,0.315365788221701,0.254948708757061,0.277711595612534,0.2508373490079904,0.3963317126608983,0.24598945027133678,0.39781701904367694,0.23168606543276116,0.23929711816047916,0.327036998157073,0.4698158610388724,0.37428703751351255,0.3663097794680591,0.3170671284001694,0.36213529989181414,0.36603539668346496,0.37417406046458945,1.0,0.5949218788962716,0.4129830582235713,0.3713122361526652,0.23283660972013487,0.27560108701499375,0.2764832314820067,0.23172615820058162,0.4043005572656745,0.0,0.3759015989239707,0.5204009068836042,0.24172728153656164,0.3127191390942582,0.354688324795824,0.2137496774731591,0.37902230135809845,0.23287469853089948,0.4349970078265777,0.3715111866004295,0.24085069899765155,0.24605116548224915,0.24944459059206547,0.42595290009525244,0.43019374562188106,0.2344794486170757,0.27162977159879587
0.27294466418953156,0.4771773906794152,0.2007148030492839,0.25364360075328074,0.3839774864589959,0.49956503769583727,0.3033523383170502,0.24325412472272567,0.2689565644184798,0.24782309709839856,0.35960077800944357,0.2388335466464726,0.3700747222157541,0.23096598536584168,0.237496065543914,0.3122749673047217,0.4479452486265042,0.3448757668411463,0.3419501802712648,0.3059125534942079,0.3395811350107043,0.3444408118949198,0.35734070655464045,0.5949218788962716,1.0,0.4488541089602962,0.34360471314960217,0.22528728936955456,0.2601587593877337,0.26112353876739325,0.22887099772621167,0.41935438403782466,0.0,0.35243715632150596,0.4898946670479829,0.2282047261812149,0.3060593679354605,0.34186765407967945,0.2060514434478532,0.3571563567272793,0.22924488356412998,0.3998873744713255,0.353540389040119,0.24575977303822594,0.24454554311187582,0.24546617684342675,0.39985586960175823,0.40606368797266446,0.23358872306132072,0.2606975014596361
0.25038073355723445,0.38443484720541965,0.18123572319988468,0.22458513069410224,0.3552746065832967,0.39338059216391064,0.28179576288063035,0.2273151596572428,0.2525006749789147,0.22599636446435145,0.33822462086175165,0.2097799014368935,0.3512099947492169,0.21118334315065435,0.2218688260530559,0.3028689462409869,0.3967924441877857,0.3278604137020056,0.31869707833075167,0.28413544462422013,0.32211259916421253,0.32172935460303487,0.3302000259584127,0.4129830582235713,0.4488541089602962,1.0,0.3240715928157205,0.20940378098636347,0.2360532030391297,0.24167847029127698,0.20951561357330384,0.35768994447599256,0.0,0.3296261827034346,0.4008304448042641,0.21096554882289997,0.2851477611946678,0.3235050328824184,0.1876373534529281,0.33715557758117565,0.2104375272715262,0.37849792393145676,0.3281242023822589,0.23004903258897935,0.22781082907554917,0.21929603110259455,0.37730447551788016,0.3902944603326568,0.21543193856949805,0.23731613444520794
0.31294475582383985,0.40980318020262263,0.22835205460932195,0.2572871122673497,0.4237217556872702,0.4151435929084333,0.3567863146145186,0.26435443320245633,0.30592914970047,0.2700771112215047,0.5000425725837508,0.25720953975656613,0.5430820607046152,0.255637256667397,0.25378872890819293,0.35848849383680714,0.37882747358714397,0.49901519335465216,0.488580867856229,0.36020869214982754,0.5071074439266043,0.5288142734806653,0.5401727226784714,0.3713122361526652,0.34360471314960217,0.3240715928157205,1.0,0.2571211128047505,0.29999034374416955,0.30260103124520377,0.24893101203884693,0.4905812077464444,0.0,0.5152590860388624,0.414752957122522,0.2648235434816062,0.3477090080974373,0.5845929987802108,0.2285656400819327,0.5483529554748158,0.25152509980150706,0.4236564975387668,0.6220857586731718,0.26379175511175057,0.2600169075467521,0.2813092229606555,0.42676430481992955,0.42650002198327086,0.2617948576579814,0.29998160777607064
0.2752690659104212,0.2761799583101522,0.21190638778958337,0.51749905159469,0.23818991061299366,0.27067365599056104,0.248743701385159,0.6878309662964889,0.2676102151373022,0.49528716383782756,0.2642897311879788,0.48465545167362456,0.26578268591351906,0.5126702429973982,0.48552579107157345,0.2543694241736334,0.24278745364512655,0.25859079582798006,0.2527722248550788,0.251649770561183,0.2558483034535922,0.25446409545824167,0.2651096778214762,0.23283660972013487,0.22528728936955456,0.20940378098636347,0.2571211128047505,1.0,0.30962020731815665,0.26737548133057376,0.4656562204062854,0.2553856884449627,0.0,0.2551377930107098,0.2592732398783669,0.40551078918275896,0.23888433406737664,0.26503169952274674,0.3920369572402017,0.2597343073094256,0.47834662631028446,0.25597162326562095,0.25974422864139624,0.7868917108463791,0.7663843363267466,0.2895730462848909,0.25992753390373635,0.2591397176826268,0.457545524560786,0.29957146947677116
0.3423973945578226,0.3042114222730383,0.2515892681664088,0.3065134979201398,0.28561641117396663,0.3101056142851808,0.28390483344160566,0.31145619698464666,0.33606028536807864,0.31719734162895685,0.30657476458926336,0.31103631240496343,0.31036775137949113,0.31123877867320315,0.3017846993635007,0.29077210611090076,0.2855661292172623,0.29470051610828474,0.2862195178726058,0.2882026814976556,0.28506676314533297,0.2929724480815835,0.3017320144059875,0.27560108701499375,0.2601587593877337,0.2360532030391297,0.29999034374416955,0.30962020731815665,1.0,0.33442245311463203,0.29659322700738144,0.29554994592311656,0.0,0.29520297221832703,0.29717238905054155,0.3067770183230383,0.27642020510965615,0.29608451598478425,0.26621889115266895,0.2985247203763165,0.29358382586482124,0.2870148673382392,0.2986797863271211,0.31124865323049977,0.3114207734810047,0.39451437362185515,0.2919376213127117,0.29132289396277555,0.30504633521725244,0.6243053439871207
0.393194918761705,0.30374295816404506,0.25373706501933757,0.2710124758422233,0.2891251265600139,0.3059382961590805,0.29401236796816144,0.2760528905207835,0.4088949567064907,0.2804925178101926,0.3117156789654063,0.2690161711225336,0.3197709809888696,0.26852204440894445,0.26453718365221246,0.30630316434146676,0.2788177725225296,0.30353379457814034,0.29259507013651864,0.2982351477113936,0.2983841179725476,0.29699821282716377,0.3022139842043716,0.2764832314820067,0.26112353876739325,0.24167847029127698,0.30260103124520377,0.26737548133057376,0.33442245311463203,1.0,0.2615933681350142,0.28852409622145736,0.0,0.2950633173807399,0.2995801393215659,0.2756919516001717,0.28799723802226784,0.29759431023484895,0.23220567000507197,0.3144756442274488,0.2649116578741181,0.29623760435309665,0.30774840187224606,0.27215918644632875,0.27032790269857,0.32570835919297414,0.3049415458713447,0.30482799783698755,0.26789978145899895,0.3440055356242514
0.26079348876446906,0.25847411122720854,0.20050968220818266,0.5072420337546837,0.25302298085687014,0.25777634761968415,0.2375768166986072,0.4771959561237875,0.27000316047403405,0.5234192727976446,0.2567691329960866,0.45373534992212794,0.2649855588883777,0.4921072355167969,0.4941237295356239,0.25028848407784443,0.23545674433604424,0.24705787979343508,0.23780015168003432,0.24057661597008173,0.23952664401443757,0.2391489251761687,0.24982397184746374,0.23172615820058162,0.22887099772621167,0.20951561357330384,0.24893101203884693,0.4656562204062854,0.29659322700738144,0.2615933681350142,1.0,0.25284508802905425,0.0,0.24551082374581124,0.24679066970046515,0.3978484232135723,0.23472652412866024,0.24582629821103352,0.37029091548799986,0.24812323633185385,0.6443368247921243,0.24315858335505214,0.24603198688552907,0.4770698404595498,0.47082239264615755,0.278714211955584,0.24595753553319732,0.24496477058150856,0.4296701074850806,0.28917770366040696
0.30290162784726327,0.4034617153723954,0.2205424044191866,0.27338620459090124,0.4531854340220668,0.41802042096923175,0.34640885200674165,0.2673748152743607,0.30137190621730425,0.264759473133545,0.45961376720329694,0.25808273796744796,0.5070528671415133,0.2548807564105384,0.26251723891824086,0.349895677882443,0.442287097042967,0.4582160973588648,0.45289482669312897,0.34803581007907336,0.4756013223680321,0.47945434904399253,0.4979435810148226,0.4043005572656745,0.41935438403782466,0.35768994447599256,0.4905812077464444,0.2553856884449627,0.29554994592311656,0.28852409622145736,0.25284508802905425,1.0,0.0,0.48268723526295243,0.40870706459565953,0.25111057728561925,0.3459086035216463,0.4853550462916473,0.23146900672725668,0.5069825111678274,0.2498829869942667,0.41722148683285687,0.504749461216289,0.2610129424399159,0.2668821166688484,0.2722588418451629,0.4194877479615602,0.4213062456835316,0.24905162084086319,0.28432013177997917
0.0,0.0,0.0,0.0,0.0,0.0,0.0,0.0,0.0,0.0,0.0,0.0,0.0,0.0,0.0,0.0,0.0,0.0,0.0,0.0,0.0,0.0,0.0,0.0,0.0,0.0,0.0,0.0,0.0,0.0,0.0,0.0,1.0,0.0,0.0,0.0,0.0,0.0,0.0,0.0,0.0,0.0,0.0,0.0,0.0,0.0,0.0,0.0,0.0,0.0
0.3111122189801354,0.4049821589339715,0.22904436136201212,0.2550611619762949,0.41669595645140833,0.42727821037395586,0.3641060463630237,0.263352657232631,0.3014588749882263,0.26416697145228096,0.4855277560909307,0.2574940514254883,0.5525267113338681,0.25099185551753234,0.2489058103501849,0.3630480781410619,0.39069363975249893,0.48452840013784604,0.4807450721529768,0.3646405551966877,0.5085085161136291,0.6505203842749495,0.6524540006317364,0.3759015989239707,0.35243715632150596,0.3296261827034346,0.5152590860388624,0.2551377930107098,0.29520297221832703,0.2950633173807399,0.24551082374581124,0.48268723526295243,0.0,1.0,0.41946262653750654,0.2784123658532647,0.35034952347433945,0.4920330123045462,0.24703394311423987,0.5193766492922357,0.24457920019404622,0.4134099929505386,0.521873626445968,0.258424733058644,0.2615664683387504,0.27475730807406595,0.42406306983389586,0.42393610807958526,0.2549131905083849,0.3006217706455905
0.31497569661586633,0.5656149589148369,0.2219133961939923,0.2631988019205077,0.38910426751183624,0.576499182531095,0.3644109241194027,0.26563991095515493,0.2977782982298045,0.2691405795283104,0.4333982254229618,0.2634757331130708,0.4337374760063607,0.25777471931433293,0.2589165375377692,0.3604307989568175,0.4584921454631663,0.4202965755049022,0.42001665532264487,0.3621641972856071,0.4128831606719765,0.415647562465165,0.42481751659193034,0.5204009068836042,0.4898946670479829,0.4008304448042641,0.414752957122522,0.2592732398783669,0.29717238905054155,0.2995801393215659,0.24679066970046515,0.40870706459565953,0.0,0.41946262653750654,1.0,0.2685558107561823,0.34762202460742253,0.39759466796778853,0.24283839061451318,0.4250394525849993,0.24888832280828888,0.4781352655837804,0.4210297153374556,0.2626199199541046,0.2655394582895316,0.2736364185138549,0.4757773396808388,0.47521383929504646,0.25986393460753554,0.29542278150327317
0.275903925652762,0.2649655009100851,0.21222931126371625,0.41435235141789206,0.2385895166549341,0.27653963228168443,0.27051538640841855,0.40602654180459385,0.2755200106833249,0.4266489588938761,0.2773060306112495,0.4024855462543355,0.27207847269744134,0.40962192946474985,0.4043628489690405,0.2684918653003203,0.25250686732601624,0.28026718168386,0.27016528595267675,0.27059833492429397,0.27090324874922056,0.2675079034904675,0.27874807512454103,0.24172728153656164,0.2282047261812149,0.21096554882289997,0.2648235434816062,0.40551078918275896,0.3067770183230383,0.2756919516001717,0.3978484232135723,0.25111057728561925,0.0,0.2784123658532647,0.2685558107561823,1.0,0.2570623169084345,0.25576457447524903,0.38117057974508994,0.272056201302858,0.40338130925564886,0.2610903968010071,0.2638654404161671,0.41295668736860813,0.4134345804871591,0.2903520983543618,0.26056708519159566,0.2596412110627744,0.4118837403329736,0.3071235551970738
0.2915028819813814,0.3328351762000762,0.21100368652483337,0.25044927834177255,0.32433349911938125,0.3521107779871744,0.7878648623407247,0.2480174320532219,0.298016333633785,0.2554974964883665,0.3459363947325266,0.24175511681300044,0.3586684994632314,0.24505624973789797,0.24487271954764767,0.7350597732506673,0.3278753051235045,0.37048438357633773,0.3674971021877207,0.8024492266444807,0.37304437982030547,0.3688148871564114,0.3808029977416104,0.3127191390942582,0.3060593679354605,0.2851477611946678,0.3477090080974373,0.23888433406737664,0.27642020510965615,0.28799723802226784,0.23472652412866024,0.3459086035216463,0.0,0.35034952347433945,0.34762202460742253,0.2570623169084345,1.0,0.3277354610281773,0.22509803353676927,0.34421554429182655,0.23672970385884906,0.3347059575108029,0.34921032264716245,0.24326657829088216,0.2457675216410472,0.2634551082237987,0.3335888306656958,0.3332274489086384,0.24154336575851476,0.27954792620871294
0.31306121121805675,0.41398383167460173,0.22496040853043286,0.25489854711401205,0.42543486942227127,0.4167063843939489,0.3397334845089637,0.27396177967125346,0.2958010568712457,0.2635996254220755,0.47962648345691683,0.26396840178024294,0.5104728019439956,0.25658574347252594,0.25321850955110425,0.34576971585866034,0.3673306852076226,0.45790409633655127,0.45431903687971376,0.34388677978459703,0.474524848033138,0.4922227858147049,0.5016296382511849,0.354688324795824,0.34186765407967945,0.3235050328824184,0.5845929987802108,0.26503169952274674,0.29608451598478425,0.29759431023484895,0.24582629821103352,0.4853550462916473,0.0,0.4920330123045462,0.39759466796778853,0.25576457447524903,0.3277354610281773,1.0,0.2354390363722597,0.5194813297131264,0.2496674563146002,0.4102577300145952,0.6213458154021312,0.2706707360013014,0.26371834352898127,0.2769839642303594,0.42580859336386934,0.42671828094047826,0.2649338148002407,0.2978495211403007
0.23681514966689177,0.23231250026057915,0.187573504273425,0.3947116210795433,0.2833601295889624,0.25474679930913713,0.24139882289012327,0.39271474960564534,0.23857429764842264,0.4010440279795736,0.24050655206403615,0.38771084473920603,0.23981949077452658,0.392332388750918,0.39525333936865914,0.23028525814711742,0.2210013553001956,0.24152028466347586,0.234922283400523,0.2341419572873208,0.23731973836000042,0.2307638929191972,0.24491338525042516,0.2137496774731591,0.2060514434478532,0.1876373534529281,0.2285656400819327,0.3920369572402017,0.26621889115266895,0.23220567000507197,0.37029091548799986,0.23146900672725668,0.0,0.24703394311423987,0.24283839061451318,0.38117057974508994,0.22509803353676927,0.2354390363722597,1.0,0.23509684147859056,0.37454084259725284,0.23755695051183745,0.23593219711424673,0.39263707512176294,0.39912679419832753,0.2539324531576469,0.23327323316145365,0.23291465970768976,0.3755718428246011,0.27532943337036797
0.319705341256044,0.41970061206411713,0.23568408441830724,0.25829191643397087,0.44140641793755886,0.42354390815480314,0.3575056997254581,0.2701425106774209,0.30898050356132145,0.27297911782280504,0.5239610395699119,0.2639421573864631,0.5591626279870126,0.2566317392810328,0.2570180034793619,0.36005070399408523,0.3868941231304589,0.5000069420518896,0.49214371763944387,0.36091664673534574,0.5149822755541661,0.5301285173845145,0.5352095903913092,0.37902230135809845,0.3571563567272793,0.33715557758117565,0.5483529554748158,0.2597343073094256,0.2985247203763165,0.3144756442274488,0.24812323633185385,0.5069825111678274,0.0,0.5193766492922357,0.4250394525849993,0.272056201302858,0.34421554429182655,0.5194813297131264,0.23509684147859056,1.0,0.25099492686705716,0.434175012245715,0.5495617484926416,0.2639013900027334,0.26600980524331486,0.28732209191106295,0.4521517416953965,0.45182635870386856,0.2651511652770564,0.3040647487757602
