../ecoli_genomes/GCF_000163235.1_ASM16323v1_genomic.fna.gz,../ecoli_genomes/GCF_000164555.1_ASM16455v1_genomic.fna.gz,../ecoli_genomes/GCF_000208545.1_ASM20854v2_genomic.fna.gz,../ecoli_genomes/GCF_000233875.1_ASM23387v1_genomic.fna.gz,../ecoli_genomes/GCF_000249735.1_ASM24973v2_genomic.fna.gz,../ecoli_genomes/GCF_000261145.1_Esch_coli_M919_V2_genomic.fna.gz,../ecoli_genomes/GCF_000267705.2_ASM26770v2_genomic.fna.gz,../ecoli_genomes/GCF_000350665.1_Esch_coli_KTE5_V1_genomic.fna.gz,../ecoli_genomes/GCF_000351625.1_Esch_coli_KTE66_V1_genomic.fna.gz,../ecoli_genomes/GCF_000352285.1_Esch_coli_KTE46_V1_genomic.fna.gz,../ecoli_genomes/GCF_000358895.1_ASM35889v1_genomic.fna.gz,../ecoli_genomes/GCF_000456385.1_Esch_coli_HVH_26_4-5703913_V1_genomic.fna.gz,../ecoli_genomes/GCF_000458195.1_Esch_coli_HVH_147_4-5893887_V1_genomic.fna.gz,../ecoli_genomes/GCF_000459755.1_Esch_coli_KOEGE_58_171a_V1_genomic.fna.gz,../ecoli_genomes/GCF_000460055.1_Esch_coli_UMEA_3053-1_V1_genomic.fna.gz,../ecoli_genomes/GCF_000462165.2_ASM46216v2_genomic.fna.gz,../ecoli_genomes/GCF_000601135.1_ASM60113v1_genomic.fna.gz,../ecoli_genomes/GCF_000614595.1_Ec2010EL1058_genomic.fna.gz,../ecoli_genomes/GCF_000617745.1_Ec2010C-4529_genomic.fna.gz,../ecoli_genomes/GCF_000618265.2_EcF6751_genomic.fna.gz,../ecoli_genomes/GCF_000619005.2_Ec2009C-4052_genomic.fna.gz,../ecoli_genomes/GCF_000619105.1_Ec2009C-4780_genomic.fna.gz,../ecoli_genomes/GCF_000619765.2_Ec2009C-3279_genomic.fna.gz,../ecoli_genomes/GCF_000687005.1_ASM68700v1_genomic.fna.gz,../ecoli_genomes/GCF_000687025.1_ASM68702v1_genomic.fna.gz,../ecoli_genomes/GCF_000700125.1_ASM70012v1_genomic.fna.gz,../ecoli_genomes/GCF_000753315.1_FHI35_genomic.fna.gz,../ecoli_genomes/GCF_000776375.1_ASM77637v1_genomic.fna.gz,../ecoli_genomes/GCF_000779395.1_ASM77939v1_genomic.fna.gz,../ecoli_genomes/GCF_000780315.1_ASM78031v1_genomic.fna.gz,../ecoli_genomes/GCF_000781995.1_ASM78199v1_genomic.fna.gz,../ecoli_genomes/GCF_000986765.1_ASM98676v1_genomic.fna.gz,../ecoli_genomes/GCF_001041375.1_ViralProj287958_genomic.fna.gz,../ecoli_genomes/GCF_001265335.1_302014_genomic.fna.gz,../ecoli_genomes/GCF_001265625.1_100854_genomic.fna.gz,../ecoli_genomes/GCF_001267345.1_303289_genomic.fna.gz,../ecoli_genomes/GCF_001309985.1_ASM130998v1_genomic.fna.gz,../ecoli_genomes/GCF_001521695.1_ASM152169v1_genomic.fna.gz,../ecoli_genomes/GCF_001592595.1_ASM159259v1_genomic.fna.gz,../ecoli_genomes/GCF_001614975.1_ASM161497v1_genomic.fna.gz,../ecoli_genomes/GCF_001692775.1_ASM169277v1_genomic.fna.gz,../ecoli_genomes/GCF_001748915.1_ASM174891v1_genomic.fna.gz,../ecoli_genomes/GCF_001749235.1_ASM174923v1_genomic.fna.gz,../ecoli_genomes/GCF_001881155.1_ASM188115v1_genomic.fna.gz,../ecoli_genomes/GCF_001881345.1_ASM188134v1_genomic.fna.gz,../ecoli_genomes/GCF_001892405.1_ASM189240v1_genomic.fna.gz,../ecoli_genomes/GCF_001892585.1_ASM189258v1_genomic.fna.gz,../ecoli_genomes/GCF_001893985.1_ASM189398v1_genomic.fna.gz,../ecoli_genomes/GCF_002001595.1_ASM200159v1_genomic.fna.gz,../ecoli_genomes/GCF_002002145.1_ASM200214v1_genomic.fna.gz
1.0,0.3224576288409232,0.2565304334881392,0.2825840252210632,0.27887774710433577,0.30578346703363146,0.2967144075830833,0.289275043560692,0.3812519362371707,0.2880993993155767,0.3213728186593279,0.2997317645523391,0.31450686538379946,0.278701376191683,0.263740854753872,0.296484604291266,0.2709378945797881,0.30603593104569615,0.30618802711070625,0.2998362176149687,0.2976786719131297,0.30535987032870093,0.3174993372156465,0.29555074249954716,0.2797965365985552,0.24415687970600286,0.3103558731080859,0.2811372844651501,0.3265997666521113,0.3826683088205295,0.2578485108672147,0.30723843599224965,0.0,0.30891410939952013,0.30228927057650323,0.2782716611007242,0.28278480268345874,0.3116212487992436,0.24257304794388246,0.31441050658029346,0.26070379708433633,0.30738985132457475,0.3142641621874699,0.28867226922883604,0.3003786842515167,0.31956731361696666,0.3017877601218264,0.3021196332906143,0.26886624880539745,0.3437943638393539
0.3224576288409232,1.0,0.23097969656784256,0.2643172813134702,0.3651080713599556,0.5533889206533057,0.345968099247396,0.2718379244422715,0.28914919058353405,0.27426300122681957,0.4281887383431269,0.2829167019590373,0.42367004419753385,0.2671095264188804,0.2526931214457002,0.3471155141508794,0.3578036139574029,0.4216023512470789,0.40060495580944344,0.35049389839781653,0.4083202793203514,0.41031123906574374,0.41992276358725034,0.46661679285499214,0.4443178356721118,0.36730028835618345,0.41734896233353447,0.2747556572435397,0.2977528508728584,0.293250098088331,0.25241094873441183,0.4006921927008775,0.0,0.40400514053255954,0.5606279326256884,0.2633000660805187,0.32822566580408274,0.42118098977575213,0.22866810699766427,0.42134030296465386,0.25230533642294806,0.47079197996710664,0.4225181089734056,0.28794729163384414,0.288018629030645,0.280020388878072,0.480631547843858,0.48059928634375726,0.2773651062416559,0.30012307703414154
0.2565304334881392,0.23097969656784256,1.0,0.20834907417407655,0.19505638021913763,0.2159569091167044,0.2110229988835176,0.20863645276083964,0.24021930513551615,0.21258933112426504,0.22968036308925444,0.21158052598662958,0.2243570739788613,0.2115110612176173,0.20123279318964338,0.2129794083786517,0.16639499832460636,0.21748100781923807,0.21163787684868762,0.21604474447798072,0.2147170629118087,0.21626410959630982,0.22347780524842253,0.1825721280475311,0.17955008597347455,0.16241103198909357,0.22025224568114554,0.208940042676384,0.241644667358212,0.2495732928340152,0.19914776691597602,0.2118498174163299,0.0,0.21872366995986403,0.20932403294809754,0.21323561406864056,0.19940697338156832,0.21693826634268376,0.18297942735146822,0.22517013510431483,0.2019617618114018,0.22009814587827448,0.22735487746773975,0.2154692552571027,0.21174356091770408,0.2290004253808321,0.22480978716032685,0.22426952462985528,0.21658968625203878,0.24627875985145442
0.2825840252210632,0.2643172813134702,0.20834907417407655,1.0,0.28662748036044416,0.26245272632065375,0.25268581953841174,0.5075517204016257,0.29257712647747824,0.5322658824852107,0.267521765389822,0.5033740500474528,0.2824030272228377,0.5501129769213831,0.5635144309063138,0.26256059844092183,0.23489295116336562,0.25772148773624715,0.2505936571115104,0.2551658477447679,0.2523973639213726,0.24862418851367718,0.2648092008518149,0.24418562448687242,0.25075857032126747,0.22771520257861022,0.25733206318730584,0.5096223711353647,0.2993179408341632,0.27397118225413764,0.5172521580470844,0.2885584158434694,0.0,0.251980040773898,0.2499589660204088,0.4213457778244867,0.24858548269419134,0.2541394394710489,0.3972337728522247,0.2581849737673363,0.5313431518226628,0.2560867002990961,0.2577545718600366,0.5163864866186576,0.5098850746042503,0.29114325409988284,0.2545516598240386,0.2554684300831158,0.4495637691749328,0.30805489875306846
0.27887774710433577,0.3651080713599556,0.19505638021913763,0.28662748036044416,1.0,0.38626246159080635,0.3034684647100484,0.280697771845552,0.29348808274532767,0.29389603818427235,0.4759426746939095,0.2471027422717642,0.4672327227694464,0.2588327849605725,0.29048563650447234,0.33101512519965315,0.34796447706017175,0.39391837454655787,0.37605068977985867,0.3076866070463691,0.39966735252570185,0.38567857423340013,0.4020097304649254,0.3650024379710026,0.3637127587455433,0.348750522350428,0.41052062048631965,0.2406055671936984,0.27436762966491857,0.27964945167622224,0.27054096654258497,0.4547009385146177,0.0,0.39484275339974173,0.3652046149882521,0.2384364680328449,0.3121250088768729,0.4262170507545415,0.2606681128959748,0.4197182492906065,0.28307995342262393,0.3727963993753308,0.4234510180772234,0.246804777019203,0.252626743552555,0.25324327119231416,0.38121899401762493,0.38185200694526245,0.23944143722462274,0.27094284096860377
0.30578346703363146,0.5533889206533057,0.2159569091167044,0.26245272632065375,0.38626246159080635,1.0,0.351643519090612,0.2778442956956735,0.29324325350361125,0.26878712253716586,0.4193499533599604,0.26442964758434173,0.42377813264236297,0.26434377930298825,0.2565222207913961,0.34878389674593846,0.3785426713082627,0.4198531002504511,0.40350807189284865,0.3521176680329917,0.39858128283057415,0.406523369833908,0.41956068589351525,0.48600960940591476,0.46505309042950627,0.37611231978869475,0.39966841671128284,0.2620905552605961,0.3009299566063748,0.28883535475445754,0.2510162044079338,0.41481358457792716,0.0,0.4197883434304611,0.5585965360265441,0.2663448965062245,0.3364884075922777,0.40780942416115973,0.25710378705853865,0.4133387432681209,0.2571513523227008,0.4741450626886359,0.4170958283210079,0.2706654039675984,0.2739986123936101,0.274392435865238,0.47623412816777644,0.47874223936591087,0.2623198331405616,0.2992243527794338
0.2967144075830833,0.345968099247396,0.2110229988835176,0.25268581953841174,0.3034684647100484,0.351643519090612,1.0,0.25101424899050084,0.28333099207026824,0.2505827089703334,0.35490281494832354,0.2548726589178586,0.34861387146789513,0.2532345960083716,0.24075467449990973,0.7417533729748862,0.26181521599428936,0.38139326327263967,0.3702586401011906,0.8469330553712251,0.3826424009240018,0.367323690316418,0.38812856364036563,0.2998936392179611,0.28371009598353025,0.2662193556532191,0.3518954812777705,0.24718337872798568,0.28026232426569897,0.2871226428400768,0.23457558577239723,0.33681535518546324,0.0,0.35363158315205856,0.35211789023934237,0.26837335529963335,0.7608645362101778,0.3320723882259117,0.23409248572751273,0.34729604647537293,0.23540248751873472,0.3433936944373921,0.35065034442752263,0.2562348478795473,0.2590386403613313,0.2679997332956282,0.34353890039347335,0.34321584797725413,0.24693184830506787,0.2905789832193475
0.289275043560692,0.2718379244422715,0.20863645276083964,0.5075517204016257,0.280697771845552,0.2778442956956735,0.25101424899050084,1.0,0.2865360251021989,0.5058837166514352,0.26969159526732467,0.4770638038290437,0.2863559469183501,0.4880666586368293,0.47810360187121304,0.26081091809423296,0.2443311796561891,0.2653717464799171,0.2592703942062433,0.2541146985862097,0.2546157662618048,0.2539114072366738,0.26457121571066033,0.2616436943474516,0.25103600616936883,0.22611413886981024,0.26393822732080985,0.6698420394368978,0.30752450803435794,0.2753499353693244,0.4791602726794615,0.2834360536945546,0.0,0.2614149634807065,0.25970110163320614,0.4106945838460374,0.24370028512929331,0.27167432805165126,0.3947674589515723,0.2700328008909407,0.4855169760928586,0.26700704155961064,0.26858297978808443,0.6765845140652922,0.6547056413494252,0.2908829022346513,0.26116596645734425,0.26180561593549634,0.4388337795139087,0.3084381053283378
0.3812519362371707,0.28914919058353405,0.24021930513551615,0.29257712647747824,0.29348808274532767,0.29324325350361125,0.28333099207026824,0.2865360251021989,1.0,0.3024553181085481,0.3061678451312838,0.26880042935874193,0.3196416733539791,0.2806580879872026,0.2915018449219754,0.296475019226783,0.23401166570897014,0.2887163867899539,0.2777326973016888,0.289584490895783,0.28391313853685474,0.28723485100858204,0.2962420728709103,0.25584502355138483,0.24884613608679695,0.23605097184748902,0.29638633521389834,0.2681099660775592,0.32472795121266695,0.40333426520070703,0.279079191691185,0.29110272509901225,0.0,0.2867437693261272,0.285845811625722,0.2754415399215808,0.2801714386496238,0.28543403384211874,0.23857982894821683,0.29679210106160303,0.2824082658249796,0.2940011505419238,0.2995209572641595,0.2700824808393397,0.2656476582303974,0.3056820851075367,0.28804618796962045,0.2870703776460972,0.2691329191233549,0.33488241368746197
0.2880993993155767,0.27426300122681957,0.21258933112426504,0.5322658824852107,0.29389603818427235,0.26878712253716586,0.2505827089703334,0.5058837166514352,0.3024553181085481,1.0,0.27612027751133517,0.4763651999889843,0.29655119756025705,0.5139007707143838,0.5094679262756099,0.2660463069778223,0.2143820593251603,0.2639614947253396,0.25289638073807563,0.2543149211070982,0.2518529912551537,0.2511437393471395,0.2616638242813282,0.23550439892545805,0.23589117668112958,0.2230949537864496,0.26461510068119154,0.49184421750866725,0.30714075213892755,0.28090567333395033,0.5339190449895355,0.27413356726111937,0.0,0.2530305400625019,0.25169324058074627,0.42756392287819844,0.24877785207469805,0.2585224823335024,0.4065585672576766,0.2663079728757197,0.5373792845182862,0.2630845923881483,0.26055517883001456,0.49154350651213785,0.4942111277270994,0.2889108891540956,0.2590984159609706,0.2588629048671418,0.4573746145332299,0.3027984814551882
0.3213728186593279,0.4281887383431269,0.22968036308925444,0.267521765389822,0.4759426746939095,0.4193499533599604,0.35490281494832354,0.26969159526732467,0.3061678451312838,0.27612027751133517,1.0,0.27328381303300686,0.5338442312059442,0.2765009945716074,0.2607564255688358,0.35928887824192046,0.3123482922663001,0.493647145099807,0.4719263761783097,0.3632249514305115,0.4841480956170803,0.49947190551911813,0.5024895334597641,0.36583347993449034,0.3292097336482477,0.32770516519306225,0.5133842937128792,0.27429107267868036,0.30513007563803685,0.31318235389995575,0.25486303852393133,0.4527635167497046,0.0,0.479971143396861,0.4225947838336691,0.27896100098467913,0.3380291520211084,0.48413434930127586,0.24323583207188448,0.5303815240657945,0.258279375995741,0.4385974570586165,0.5122602558158955,0.275995671919937,0.2758529591924882,0.28823312343136986,0.43648594648716,0.4356217512120081,0.27426978218984976,0.3142404655409202
0.2997317645523391,0.2829167019590373,0.21158052598662958,0.5033740500474528,0.2471027422717642,0.26442964758434173,0.2548726589178586,0.4770638038290437,0.26880042935874193,0.4763651999889843,0.27328381303300686,1.0,0.271248383739205,0.5088232714251566,0.5852172079299234,0.2551534152325584,0.23070736806669878,0.25732510901184946,0.26123848442557496,0.25812942792995686,0.25712545384897423,0.25872750645271303,0.26637554731458035,0.25099355238148835,0.24017653663044636,0.22604552164987912,0.2632374757930842,0.4888398762841486,0.30679485635845627,0.2702861463694388,0.4453403443964832,0.26616670520969543,0.0,0.2607780224989086,0.2597693662862074,0.4183679359315443,0.24100339982388297,0.26534036304602904,0.3985320424467311,0.26958105498451745,0.46009106527073185,0.2610094835989015,0.2673009685451555,0.4962170233764932,0.5016935597988855,0.2996953732161317,0.2677111905270424,0.26836588094758407,0.4382306107879037,0.3090890298718997
0.31450686538379946,0.42367004419753385,0.2243570739788613,0.2824030272228377,0.4672327227694464,0.42377813264236297,0.34861387146789513,0.2863559469183501,0.3196416733539791,0.29655119756025705,0.5338442312059442,0.271248383739205,1.0,0.2760565040815487,0.28358965884564846,0.3679152068232906,0.320950827192525,0.5053312564061778,0.48438830042205383,0.3546777812806672,0.5124426945224695,0.5500621658348824,0.5600709721545354,0.36927740064833425,0.3396644121182547,0.331309708519941,0.5460968007130517,0.270252525378473,0.30388466227768174,0.31621419099213743,0.2715109885528315,0.5036839580959837,0.0,0.5359980773807024,0.41782683676554,0.26931407643901617,0.3484785270334423,0.5058893129937407,0.24009274945936177,0.5502185228812597,0.2773603657934156,0.4339967393780779,0.534548571836801,0.26983181282545676,0.26818718961606236,0.28036510132023396,0.43014617934141774,0.42881534884862027,0.26866592698808367,0.30776260993814786
0.278701376191683,0.2671095264188804,0.2115110612176173,0.5501129769213831,0.2588327849605725,0.26434377930298825,0.2532345960083716,0.4880666586368293,0.2806580879872026,0.5139007707143838,0.2765009945716074,0.5088232714251566,0.2760565040815487,1.0,0.54252591036002,0.2566010082085388,0.20620224858324743,0.2635128757315961,0.258503452144778,0.2578453789623296,0.2528589768770356,0.25700218807062813,0.26582025701585366,0.2231692975712779,0.22077688675018792,0.20613909272482678,0.2659187014042156,0.5159554906398911,0.3061549143664549,0.2729454394007077,0.49717913740950614,0.2655117674957853,0.0,0.2558255812700919,0.25365810032663405,0.42858088586901266,0.2429696798893387,0.263842248342667,0.4007441212825631,0.2658566585926724,0.5091096734833829,0.26328726422518256,0.26593526672527434,0.5120555310846204,0.5030459835887151,0.2951274820851877,0.26236569130644316,0.2622531897425012,0.46345090637471353,0.312305291532301
0.263740854753872,0.2526931214457002,0.20123279318964338,0.5635144309063138,0.29048563650447234,0.2565222207913961,0.24075467449990973,0.47810360187121304,0.2915018449219754,0.5094679262756099,0.2607564255688358,0.5852172079299234,0.28358965884564846,0.54252591036002,1.0,0.25615819728171185,0.2196104608942946,0.24982657842320366,0.23834306213226397,0.2456324042032887,0.24261863207798007,0.24152035202874422,0.2550451968457811,0.22642122695754596,0.23159881871668642,0.21956607740980172,0.25311064538858474,0.46941231693942376,0.2953341268846382,0.2693478746581377,0.5078419758675106,0.2763943339422963,0.0,0.24174521535494875,0.24308989312276996,0.4053977093458443,0.240066597479641,0.24994771776101155,0.3890469634801069,0.25482635119609787,0.5230298468298316,0.2511729644062124,0.25332464175059277,0.4677262148141239,0.4605260170548149,0.2859135711072277,0.2579401303550256,0.2576842076478073,0.4266952850602421,0.3056795704432732
0.296484604291266,0.3471155141508794,0.2129794083786517,0.26256059844092183,0.33101512519965315,0.34878389674593846,0.7417533729748862,0.26081091809423296,0.296475019226783,0.2660463069778223,0.35928887824192046,0.2551534152325584,0.3679152068232906,0.2566010082085388,0.25615819728171185,1.0,0.26388225295606227,0.36827616288683707,0.35465714395776005,0.767055936397314,0.36313793150056506,0.36023325027970676,0.374442466696724,0.3021832300340951,0.28977028494024903,0.28624358029470176,0.35107405193337493,0.24950676490882528,0.2817975636837934,0.3016244851407045,0.24555093651767723,0.34542821835442283,0.0,0.3443437372230156,0.3448588162221481,0.26359576102696125,0.7370363133400754,0.3350301487473051,0.22930748118669286,0.3457870122313642,0.24865412240412965,0.34437019721849516,0.34899177485759303,0.2535872068968793,0.25729102823053074,0.2697958111882053,0.34565679455890397,0.3451879315044216,0.2501219124658496,0.2912977868100618
0.2709378945797881,0.3578036139574029,0.16639499832460636,0.23489295116336562,0.34796447706017175,0.3785426713082627,0.26181521599428936,0.2443311796561891,0.23401166570897014,0.2143820593251603,0.3123482922663001,0.23070736806669878,0.320950827192525,0.20620224858324743,0.2196104608942946,0.26388225295606227,1.0,0.30208374971698304,0.2922352623763006,0.2620748839763102,0.3014756531821212,0.3028226248922503,0.3140274547482613,0.5665324703276531,0.5514485591477964,0.42159639582562414,0.3022633535256595,0.2017852112098375,0.23234026240895267,0.23073266372569257,0.2077083695546158,0.4190727389234683,0.0,0.3297612432820899,0.36632557759154305,0.20562026054816263,0.25735405982129433,0.30260786149086893,0.20138507442998077,0.3217714044405491,0.2090587524831371,0.33697460596700235,0.3119783950047832,0.2411476133619419,0.2522060678611985,0.21559402011772666,0.35608566080591375,0.3591911830095743,0.1981951343769136,0.23682991872472514
0.30603593104569615,0.4216023512470789,0.21748100781923807,0.25772148773624715,0.39391837454655787,0.4198531002504511,0.38139326327263967,0.2653717464799171,0.2887163867899539,0.2639614947253396,0.493647145099807,0.25732510901184946,0.5053312564061778,0.2635128757315961,0.24982657842320366,0.36827616288683707,0.30208374971698304,1.0,0.5231171877794325,0.38289540165463987,0.5219924868239785,0.5239069173147382,0.5353174450301907,0.35346563211535265,0.322311181234196,0.30566811046453657,0.5048005938715046,0.2614145124335685,0.2918392908553531,0.2992409815510503,0.24691773652252558,0.45602172329567825,0.0,0.48527623510130957,0.41700783789380125,0.2777389821591546,0.3604388809994361,0.4630872110719828,0.23918798433886768,0.5010997692535282,0.24747953160889014,0.4268375941837794,0.49122840221121367,0.2678181478411543,0.2659620813657495,0.2750094219283322,0.4211967620164243,0.4203661740647734,0.2581011393520337,0.30172802712741675
0.30618802711070625,0.40060495580944344,0.21163787684868762,0.2505936571115104,0.37605068977985867,0.40350807189284865,0.3702586401011906,0.2592703942062433,0.2777326973016888,0.25289638073807563,0.4719263761783097,0.26123848442557496,0.48438830042205383,0.258503452144778,0.23834306213226397,0.35465714395776005,0.2922352623763006,0.5231171877794325,1.0,0.3663330782290528,0.4971408170935101,0.5070641909265188,0.512871018428208,0.33796944616728064,0.31552596466852934,0.2925683403942939,0.48255460301045106,0.2571824945912995,0.2872397329892934,0.2846699779302353,0.23465452294885758,0.4428458595884226,0.0,0.46672642212138027,0.4100418914525159,0.268332554088361,0.3512003479338305,0.45017468064819244,0.23330690556517975,0.48801912314776663,0.23646818596164465,0.4068672482497413,0.48170497809515944,0.2623317920874746,0.26250184629218887,0.27228508583519884,0.39877688470946593,0.3991569019582991,0.25504986389566664,0.29309556854772
0.2998362176149687,0.35049389839781653,0.21604474447798072,0.2551658477447679,0.3076866070463691,0.3521176680329917,0.8469330553712251,0.2541146985862097,0.289584490895783,0.2543149211070982,0.3632249514305115,0.25812942792995686,0.3546777812806672,0.2578453789623296,0.2456324042032887,0.767055936397314,0.2620748839763102,0.38289540165463987,0.3663330782290528,1.0,0.3853795981001015,0.369710843322374,0.387106187517013,0.29806832617931267,0.28523407157044356,0.2695328643495687,0.35947535644903805,0.2521573286287897,0.2854155551978007,0.29425960273319696,0.2387641429089835,0.3380983913785973,0.0,0.353600792257322,0.35175504289060455,0.270367051701466,0.7702446154699418,0.33911677043496646,0.23312624792310588,0.3550053227971094,0.239150046025551,0.3500601768529543,0.35708103467569796,0.2584307581824361,0.2592265426687115,0.2747125134803995,0.3495830643826525,0.34925928588275623,0.25224137118540746,0.29715050695691947
0.2976786719131297,0.4083202793203514,0.2147170629118087,0.2523973639213726,0.39966735252570185,0.39858128283057415,0.3826424009240018,0.2546157662618048,0.28391313853685474,0.2518529912551537,0.4841480956170803,0.25712545384897423,0.5124426945224695,0.2528589768770356,0.24261863207798007,0.36313793150056506,0.3014756531821212,0.5219924868239785,0.4971408170935101,0.3853795981001015,1.0,0.5205311203108882,0.541930568435862,0.34592999821072423,0.3205460700463526,0.31416420361651487,0.5167870008158661,0.25394602285852375,0.2841811515020354,0.291816397602921,0.23623027210688385,0.46925012994123694,0.0,0.4998964775308473,0.4114269339914767,0.27027135588562934,0.3584891208297234,0.475922112021961,0.23190063053215215,0.5161381879240357,0.24033587370534037,0.4069171904357325,0.5048740323714105,0.25992504932864424,0.26186899574458355,0.27585018706725317,0.4164186901432203,0.4155986846113273,0.2506254948816743,0.29854929427637034
0.30535987032870093,0.41031123906574374,0.21626410959630982,0.24862418851367718,0.38567857423340013,0.406523369833908,0.367323690316418,0.2539114072366738,0.28723485100858204,0.2511437393471395,0.49947190551911813,0.25872750645271303,0.5500621658348824,0.25700218807062813,0.24152035202874422,0.36023325027970676,0.3028226248922503,0.5239069173147382,0.5070641909265188,0.369710843322374,0.5205311203108882,1.0,0.7301325356531001,0.34703865317079463,0.31713562797464345,0.3049625713736277,0.5224222150266666,0.2562297963045711,0.2891452625852391,0.2931356699304126,0.2353404995849454,0.4654556316158047,0.0,0.6328717345540028,0.40650800387712904,0.26544459470339865,0.3531026069878902,0.4857013580670032,0.22989833481824007,0.5248280977838828,0.2374697805874182,0.41424705483088176,0.5229561962549063,0.25987921518957624,0.25770596652123157,0.27422294082320486,0.41320377518353424,0.41254001852893263,0.25596775352630796,0.3008478803452225
0.3174993372156465,0.41992276358725034,0.22347780524842253,0.2648092008518149,0.4020097304649254,0.41956068589351525,0.38812856364036563,0.26457121571066033,0.2962420728709103,0.2616638242813282,0.5024895334597641,0.26637554731458035,0.5600709721545354,0.26582025701585366,0.2550451968457811,0.374442466696724,0.3140274547482613,0.5353174450301907,0.512871018428208,0.387106187517013,0.541930568435862,0.7301325356531001,1.0,0.3566692400653453,0.33312328516689316,0.3178792226536109,0.5398737011591991,0.262650301873009,0.2991015957534111,0.29993566847831177,0.2492246287872807,0.4892091914648713,0.0,0.6383087209158022,0.4169258370329889,0.27661545785617003,0.36802192782238063,0.49377266037448964,0.23977732505875926,0.530330524400382,0.25120323980945813,0.42275750232882225,0.527467492590951,0.26890000120670154,0.2680111060373126,0.2797644717009089,0.4179766753876699,0.41837897985546013,0.2598754780417116,0.30756590551755214
0.29555074249954716,0.46661679285499214,0.1825721280475311,0.24418562448687242,0.3650024379710026,0.48600960940591476,0.2998936392179611,0.2616436943474516,0.25584502355138483,0.23550439892545805,0.36583347993449034,0.25099355238148835,0.36927740064833425,0.2231692975712779,0.22642122695754596,0.3021832300340951,0.5665324703276531,0.35346563211535265,0.33796944616728064,0.29806832617931267,0.34592999821072423,0.34703865317079463,0.3566692400653453,1.0,0.5857859048549845,0.42998349907857747,0.3486986222857624,0.2216205094935756,0.2542989424720886,0.2589377053803079,0.2191805712181858,0.41980304121530465,0.0,0.36811313396618695,0.49239434035317076,0.2264497927413497,0.291934443416788,0.3428814632338306,0.21418257338154623,0.36558590492060705,0.22379241190423027,0.40318231307874763,0.35269024227586077,0.2560444253234352,0.2658413494932652,0.24008323136161225,0.40581198942317853,0.4092731700182778,0.22111178822101374,0.2627700366572535
0.2797965365985552,0.4443178356721118,0.17955008597347455,0.25075857032126747,0.3637127587455433,0.46505309042950627,0.28371009598353025,0.25103600616936883,0.24884613608679695,0.23589117668112958,0.3292097336482477,0.24017653663044636,0.3396644121182547,0.22077688675018792,0.23159881871668642,0.28977028494024903,0.5514485591477964,0.322311181234196,0.31552596466852934,0.28523407157044356,0.3205460700463526,0.31713562797464345,0.33312328516689316,0.5857859048549845,1.0,0.4247677751950142,0.3179434791256365,0.21115385017665322,0.2372921525638565,0.237411050985173,0.2221039914124816,0.4391376303969846,0.0,0.3352100387165221,0.4609262116738583,0.214494939404149,0.284984679843563,0.3261245698313109,0.20736717022789752,0.3334181812038626,0.22388025952618706,0.36811298297135775,0.32974240450152625,0.2543355613253574,0.2546097546868191,0.23372397739763184,0.37643784211050024,0.37932045216461907,0.21952048851441075,0.24822969522463578
0.24415687970600286,0.36730028835618345,0.16241103198909357,0.22771520257861022,0.348750522350428,0.37611231978869475,0.2662193556532191,0.22611413886981024,0.23605097184748902,0.2230949537864496,0.32770516519306225,0.22604552164987912,0.331309708519941,0.20613909272482678,0.21956607740980172,0.28624358029470176,0.42159639582562414,0.30566811046453657,0.2925683403942939,0.2695328643495687,0.31416420361651487,0.3049625713736277,0.3178792226536109,0.42998349907857747,0.4247677751950142,1.0,0.31043154396092143,0.20003842985294662,0.2298802588052934,0.22788292937970822,0.21065091198015518,0.3617439389203364,0.0,0.3104002083515146,0.37584596321131436,0.2047974690071338,0.26512260073372673,0.3126385133616374,0.18734549003607393,0.3203895324389927,0.21234379227429911,0.3493969626923722,0.3098028997759227,0.23032005806957856,0.2344721139900997,0.2108457492560174,0.36521528720791874,0.36544675871751475,0.20746288103136157,0.23438862964166884
0.3103558731080859,0.41734896233353447,0.22025224568114554,0.25733206318730584,0.41052062048631965,0.39966841671128284,0.3518954812777705,0.26393822732080985,0.29638633521389834,0.26461510068119154,0.5133842937128792,0.2632374757930842,0.5460968007130517,0.2659187014042156,0.25311064538858474,0.35107405193337493,0.3022633535256595,0.5048005938715046,0.48255460301045106,0.35947535644903805,0.5167870008158661,0.5224222150266666,0.5398737011591991,0.3486986222857624,0.3179434791256365,0.31043154396092143,1.0,0.26113823244134005,0.2978610973110597,0.3014925670950308,0.24636868610853146,0.48783590557681367,0.0,0.5041251226173546,0.40769455888495976,0.2678577990132395,0.33455455413244894,0.5854175118703184,0.2258703460620285,0.5599878229660166,0.2486014218050222,0.4212528055630186,0.6275902857743754,0.2702901573588766,0.264084408333478,0.2849179711903328,0.41587162091833063,0.415218932422899,0.2619052444437332,0.3070900086388558
0.2811372844651501,0.2747556572435397,0.208940042676384,0.5096223711353647,0.2406055671936984,0.2620905552605961,0.24718337872798568,0.6698420394368978,0.2681099660775592,0.49184421750866725,0.27429107267868036,0.4888398762841486,0.270252525378473,0.5159554906398911,0.46941231693942376,0.24950676490882528,0.2017852112098375,0.2614145124335685,0.2571824945912995,0.2521573286287897,0.25394602285852375,0.2562297963045711,0.262650301873009,0.2216205094935756,0.21115385017665322,0.20003842985294662,0.26113823244134005,1.0,0.3058705268657377,0.26680436254079265,0.4593313276245462,0.2578144743889237,0.0,0.25367000347919555,0.2534993864522894,0.41478239678632733,0.23538729766819866,0.26629835889838704,0.3862602783769248,0.2628066845626956,0.4736779149806982,0.26027888092771034,0.2607968769807276,0.7797970243349255,0.7450473142216522,0.2889899191205457,0.2626381614010024,0.2623891877361344,0.45798206027397714,0.3019816055653328
0.3265997666521113,0.2977528508728584,0.241644667358212,0.2993179408341632,0.27436762966491857,0.3009299566063748,0.28026232426569897,0.30752450803435794,0.32472795121266695,0.30714075213892755,0.30513007563803685,0.30679485635845627,0.30388466227768174,0.3061549143664549,0.2953341268846382,0.2817975636837934,0.23234026240895267,0.2918392908553531,0.2872397329892934,0.2854155551978007,0.2841811515020354,0.2891452625852391,0.2991015957534111,0.2542989424720886,0.2372921525638565,0.2298802588052934,0.2978610973110597,0.3058705268657377,1.0,0.3214966579257281,0.28899342637305847,0.2829314806399018,0.0,0.29073502119243777,0.2826077237244554,0.3020931374447351,0.26780488515214296,0.2925908016268116,0.265479511325179,0.2936835741813566,0.289139030893912,0.2903798872492125,0.2945150559246207,0.3046802566685717,0.30501494135157703,0.3865612620880753,0.28721903918454517,0.2873207104446498,0.29880143942111603,0.6133773300607382
0.3826683088205295,0.293250098088331,0.2495732928340152,0.27397118225413764,0.27964945167622224,0.28883535475445754,0.2871226428400768,0.2753499353693244,0.40333426520070703,0.28090567333395033,0.31318235389995575,0.2702861463694388,0.31621419099213743,0.2729454394007077,0.2693478746581377,0.3016244851407045,0.23073266372569257,0.2992409815510503,0.2846699779302353,0.29425960273319696,0.291816397602921,0.2931356699304126,0.29993566847831177,0.2589377053803079,0.237411050985173,0.22788292937970822,0.3014925670950308,0.26680436254079265,0.3214966579257281,1.0,0.26213118767685484,0.2862347309263682,0.0,0.2879602362321877,0.2857443321254919,0.2704940630417827,0.27860823854410366,0.29142280613045535,0.2336677627357825,0.3128415038092439,0.26588061067634094,0.29738820733337956,0.3024590465150212,0.26954370967118046,0.26633158090788467,0.3181696442296843,0.29649133553993523,0.2965726996456379,0.2635565445380097,0.3358596527087886
0.2578485108672147,0.25241094873441183,0.19914776691597602,0.5172521580470844,0.27054096654258497,0.2510162044079338,0.23457558577239723,0.4791602726794615,0.279079191691185,0.5339190449895355,0.25486303852393133,0.4453403443964832,0.2715109885528315,0.49717913740950614,0.5078419758675106,0.24555093651767723,0.2077083695546158,0.24691773652252558,0.23465452294885758,0.2387641429089835,0.23623027210688385,0.2353404995849454,0.2492246287872807,0.2191805712181858,0.2221039914124816,0.21065091198015518,0.24636868610853146,0.4593313276245462,0.28899342637305847,0.26213118767685484,1.0,0.262462121390014,0.0,0.24060498268695119,0.2359326891329827,0.40286783289291195,0.23254006724887266,0.2418943197248623,0.3806052041061835,0.2517418033749469,0.6579239518964002,0.24784217149064713,0.24683671096305326,0.4633159063560134,0.4558310501733095,0.27903409961123515,0.24758479437522285,0.2477280447789385,0.42471289267054513,0.29040789010451806
0.30723843599224965,0.4006921927008775,0.2118498174163299,0.2885584158434694,0.4547009385146177,0.41481358457792716,0.33681535518546324,0.2834360536945546,0.29110272509901225,0.27413356726111937,0.4527635167497046,0.26616670520969543,0.5036839580959837,0.2655117674957853,0.2763943339422963,0.34542821835442283,0.4190727389234683,0.45602172329567825,0.4428458595884226,0.3380983913785973,0.46925012994123694,0.4654556316158047,0.4892091914648713,0.41980304121530465,0.4391376303969846,0.3617439389203364,0.48783590557681367,0.2578144743889237,0.2829314806399018,0.2862347309263682,0.262462121390014,1.0,0.0,0.4681355537742736,0.3927933818769809,0.25197733896054875,0.33762977776020164,0.4849316394920886,0.2398773723052131,0.49842402773007244,0.2638912191248931,0.4075928041388245,0.503291719995631,0.2711375391576031,0.2783707007723737,0.26793169293097785,0.409551485742231,0.41133358829028743,0.24751808115115437,0.28826634146743935
0.0,0.0,0.0,0.0,0.0,0.0,0.0,0.0,0.0,0.0,0.0,0.0,0.0,0.0,0.0,0.0,0.0,0.0,0.0,0.0,0.0,0.0,0.0,0.0,0.0,0.0,0.0,0.0,0.0,0.0,0.0,0.0,1.0,0.0,0.0,0.0,0.0,0.0,0.0,0.0,0.0,0.0,0.0,0.0,0.0,0.0,0.0,0.0,0.0,0.0
0.30891410939952013,0.40400514053255954,0.21872366995986403,0.251980040773898,0.39484275339974173,0.4197883434304611,0.35363158315205856,0.2614149634807065,0.2867437693261272,0.2530305400625019,0.479971143396861,0.2607780224989086,0.5359980773807024,0.2558255812700919,0.24174521535494875,0.3443437372230156,0.3297612432820899,0.48527623510130957,0.46672642212138027,0.353600792257322,0.4998964775308473,0.6328717345540028,0.6383087209158022,0.36811313396618695,0.3352100387165221,0.3104002083515146,0.5041251226173546,0.25367000347919555,0.29073502119243777,0.2879602362321877,0.24060498268695119,0.4681355537742736,0.0,1.0,0.40213458573998306,0.2708078001123564,0.3327481575626434,0.47578269986723254,0.24417352344305343,0.5080040820845726,0.23923570208285183,0.40881058776706514,0.5075565362946821,0.2597483910154029,0.26265269918080303,0.2676550465213571,0.4079589928405293,0.4083576976081532,0.24976643242473473,0.29636013637149283
0.30228927057650323,0.5606279326256884,0.20932403294809754,0.2499589660204088,0.3652046149882521,0.5585965360265441,0.35211789023934237,0.25970110163320614,0.285845811625722,0.25169324058074627,0.4225947838336691,0.2597693662862074,0.41782683676554,0.25365810032663405,0.24308989312276996,0.3448588162221481,0.36632557759154305,0.41700783789380125,0.4100418914525159,0.35175504289060455,0.4114269339914767,0.40650800387712904,0.4169258370329889,0.49239434035317076,0.4609262116738583,0.37584596321131436,0.40769455888495976,0.2534993864522894,0.2826077237244554,0.2857443321254919,0.2359326891329827,0.3927933818769809,0.0,0.40213458573998306,1.0,0.2571304916330879,0.33092659623902143,0.3973118826231835,0.2300938479777187,0.42046120890231375,0.24090799664932772,0.46362647091451714,0.4151479835131846,0.2608718047715475,0.26347179987727287,0.26790540590545364,0.4659427656089745,0.46594695691053245,0.25129701321162,0.28906412004698745
0.2782716611007242,0.2633000660805187,0.21323561406864056,0.4213457778244867,0.2384364680328449,0.2663448965062245,0.26837335529963335,0.4106945838460374,0.2754415399215808,0.42756392287819844,0.27896100098467913,0.4183679359315443,0.26931407643901617,0.42858088586901266,0.4053977093458443,0.26359576102696125,0.20562026054816263,0.2777389821591546,0.268332554088361,0.270367051701466,0.27027135588562934,0.26544459470339865,0.27661545785617003,0.2264497927413497,0.214494939404149,0.2047974690071338,0.2678577990132395,0.41478239678632733,0.3020931374447351,0.2704940630417827,0.40286783289291195,0.25197733896054875,0.0,0.2708078001123564,0.2571304916330879,1.0,0.25166259675310076,0.25353282235455255,0.39694296597590084,0.2699670511851199,0.40619832052794136,0.2657057269220414,0.2671894057253992,0.42436380535848583,0.4245551019326469,0.2917183528116667,0.2598932831979778,0.25939146396687096,0.4137164586094829,0.30906809897002496
0.28278480268345874,0.32822566580408274,0.19940697338156832,0.24858548269419134,0.3121250088768729,0.3364884075922777,0.7608645362101778,0.24370028512929331,0.2801714386496238,0.24877785207469805,0.3380291520211084,0.24100339982388297,0.3484785270334423,0.2429696798893387,0.240066597479641,0.7370363133400754,0.25735405982129433,0.3604388809994361,0.3512003479338305,0.7702446154699418,0.3584891208297234,0.3531026069878902,0.36802192782238063,0.291934443416788,0.284984679843563,0.26512260073372673,0.33455455413244894,0.23538729766819866,0.26780488515214296,0.27860823854410366,0.23254006724887266,0.33762977776020164,0.0,0.3327481575626434,0.33092659623902143,0.25166259675310076,1.0,0.3180258281546783,0.21807988817505997,0.3265252683025148,0.23418993866109195,0.33146178499872325,0.3378214563006142,0.23956119504783235,0.24099688318855306,0.253330651600822,0.3294392256738832,0.32911869936513505,0.2328544109292291,0.2768898181748597
0.3116212487992436,0.42118098977575213,0.21693826634268376,0.2541394394710489,0.4262170507545415,0.40780942416115973,0.3320723882259117,0.27167432805165126,0.28543403384211874,0.2585224823335024,0.48413434930127586,0.26534036304602904,0.5058893129937407,0.263842248342667,0.24994771776101155,0.3350301487473051,0.30260786149086893,0.4630872110719828,0.45017468064819244,0.33911677043496646,0.475922112021961,0.4857013580670032,0.49377266037448964,0.3428814632338306,0.3261245698313109,0.3126385133616374,0.5854175118703184,0.26629835889838704,0.2925908016268116,0.29142280613045535,0.2418943197248623,0.4849316394920886,0.0,0.47578269986723254,0.3973118826231835,0.25353282235455255,0.3180258281546783,1.0,0.23724642014701225,0.5221642924306324,0.24656114462462586,0.4161771340045125,0.6230864864751655,0.2731480223660149,0.2661213678619966,0.277930122167349,0.4192434758003609,0.41900733842788385,0.26113449746665196,0.2990826458613085
0.24257304794388246,0.22866810699766427,0.18297942735146822,0.3972337728522247,0.2606681128959748,0.25710378705853865,0.23409248572751273,0.3947674589515723,0.23857982894821683,0.4065585672576766,0.24323583207188448,0.3985320424467311,0.24009274945936177,0.4007441212825631,0.3890469634801069,0.22930748118669286,0.20138507442998077,0.23918798433886768,0.23330690556517975,0.23312624792310588,0.23190063053215215,0.22989833481824007,0.23977732505875926,0.21418257338154623,0.20736717022789752,0.18734549003607393,0.2258703460620285,0.3862602783769248,0.265479511325179,0.2336677627357825,0.3806052041061835,0.2398773723052131,0.0,0.24417352344305343,0.2300938479777187,0.39694296597590084,0.21807988817505997,0.23724642014701225,1.0,0.23910666627367494,0.3827410260116466,0.23556745034558535,0.23660119774196398,0.39492569762131513,0.3984690748521641,0.25664404642049543,0.23449702944800477,0.23426596126746613,0.3791893563791413,0.26707133842251274
0.31441050658029346,0.42134030296465386,0.22517013510431483,0.2581849737673363,0.4197182492906065,0.4133387432681209,0.34729604647537293,0.2700328008909407,0.29679210106160303,0.2663079728757197,0.5303815240657945,0.26958105498451745,0.5502185228812597,0.2658566585926724,0.25482635119609787,0.3457870122313642,0.3217714044405491,0.5010997692535282,0.48801912314776663,0.3550053227971094,0.5161381879240357,0.5248280977838828,0.530330524400382,0.36558590492060705,0.3334181812038626,0.3203895324389927,0.5599878229660166,0.2628066845626956,0.2936835741813566,0.3128415038092439,0.2517418033749469,0.49842402773007244,0.0,0.5080040820845726,0.42046120890231375,0.2699670511851199,0.3265252683025148,0.5221642924306324,0.23910666627367494,1.0,0.2502979273436361,0.42772551014247706,0.5563948348212828,0.2717245419985629,0.27116820247276463,0.2868691007910843,0.44272504105358845,0.4427975797780783,0.261826738345734,0.30961403470879567
