../ecoli_genomes/GCF_000163235.1_ASM16323v1_genomic.fna.gz,../ecoli_genomes/GCF_000164555.1_ASM16455v1_genomic.fna.gz,../ecoli_genomes/GCF_000208545.1_ASM20854v2_genomic.fna.gz,../ecoli_genomes/GCF_000233875.1_ASM23387v1_genomic.fna.gz,../ecoli_genomes/GCF_000249735.1_ASM24973v2_genomic.fna.gz,../ecoli_genomes/GCF_000261145.1_Esch_coli_M919_V2_genomic.fna.gz,../ecoli_genomes/GCF_000267705.2_ASM26770v2_genomic.fna.gz,../ecoli_genomes/GCF_000350665.1_Esch_coli_KTE5_V1_genomic.fna.gz,../ecoli_genomes/GCF_000351625.1_Esch_coli_KTE66_V1_genomic.fna.gz,../ecoli_genomes/GCF_000352285.1_Esch_coli_KTE46_V1_genomic.fna.gz,../ecoli_genomes/GCF_000358895.1_ASM35889v1_genomic.fna.gz,../ecoli_genomes/GCF_000456385.1_Esch_coli_HVH_26_4-5703913_V1_genomic.fna.gz,../ecoli_genomes/GCF_000458195.1_Esch_coli_HVH_147_4-5893887_V1_genomic.fna.gz,../ecoli_genomes/GCF_000459755.1_Esch_coli_KOEGE_58_171a_V1_genomic.fna.gz,../ecoli_genomes/GCF_000460055.1_Esch_coli_UMEA_3053-1_V1_genomic.fna.gz,../ecoli_genomes/GCF_000462165.2_ASM46216v2_genomic.fna.gz,../ecoli_genomes/GCF_000601135.1_ASM60113v1_genomic.fna.gz,../ecoli_genomes/GCF_000614595.1_Ec2010EL1058_genomic.fna.gz,../ecoli_genomes/GCF_000617745.1_Ec2010C-4529_genomic.fna.gz,../ecoli_genomes/GCF_000618265.2_EcF6751_genomic.fna.gz,../ecoli_genomes/GCF_000619005.2_Ec2009C-4052_genomic.fna.gz,../ecoli_genomes/GCF_000619105.1_Ec2009C-4780_genomic.fna.gz,../ecoli_genomes/GCF_000619765.2_Ec2009C-3279_genomic.fna.gz,../ecoli_genomes/GCF_000687005.1_ASM68700v1_genomic.fna.gz,../ecoli_genomes/GCF_000687025.1_ASM68702v1_genomic.fna.gz,../ecoli_genomes/GCF_000700125.1_ASM70012v1_genomic.fna.gz,../ecoli_genomes/GCF_000753315.1_FHI35_genomic.fna.gz,../ecoli_genomes/GCF_000776375.1_ASM77637v1_genomic.fna.gz,../ecoli_genomes/GCF_000779395.1_ASM77939v1_genomic.fna.gz,../ecoli_genomes/GCF_000780315.1_ASM78031v1_genomic.fna.gz,../ecoli_genomes/GCF_000781995.1_ASM78199v1_genomic.fna.gz,../ecoli_genomes/GCF_000986765.1_ASM98676v1_genomic.fna.gz,../ecoli_genomes/GCF_001041375.1_ViralProj287958_genomic.fna.gz,../ecoli_genomes/GCF_001265335.1_302014_genomic.fna.gz,../ecoli_genomes/GCF_001265625.1_100854_genomic.fna.gz,../ecoli_genomes/GCF_001267345.1_303289_genomic.fna.gz,../ecoli_genomes/GCF_001309985.1_ASM130998v1_genomic.fna.gz,../ecoli_genomes/GCF_001521695.1_ASM152169v1_genomic.fna.gz,../ecoli_genomes/GCF_001592595.1_ASM159259v1_genomic.fna.gz,../ecoli_genomes/GCF_001614975.1_ASM161497v1_genomic.fna.gz,../ecoli_genomes/GCF_001692775.1_ASM169277v1_genomic.fna.gz,../ecoli_genomes/GCF_001748915.1_ASM174891v1_genomic.fna.gz,../ecoli_genomes/GCF_001749235.1_ASM174923v1_genomic.fna.gz,../ecoli_genomes/GCF_001881155.1_ASM188115v1_genomic.fna.gz,../ecoli_genomes/GCF_001881345.1_ASM188134v1_genomic.fna.gz,../ecoli_genomes/GCF_001892405.1_ASM189240v1_genomic.fna.gz,../ecoli_genomes/GCF_001892585.1_ASM189258v1_genomic.fna.gz,../ecoli_genomes/GCF_001893985.1_ASM189398v1_genomic.fna.gz,../ecoli_genomes/GCF_002001595.1_ASM200159v1_genomic.fna.gz,../ecoli_genomes/GCF_002002145.1_ASM200214v1_genomic.fna.gz
1.0,0.32817532885957335,0.25865667905279144,0.2855930687424736,0.29996079884292703,0.3063788210439311,0.30726688614588804,0.2866001607759655,0.39081622338377797,0.30094281967901304,0.32894815975237623,0.29104726723582597,0.30789425931894665,0.2804324169609076,0.26995970357501475,0.3085571441157192,0.2799741199650142,0.31053081719439635,0.2516399108128131,0.3087496655055667,0.2990742955212322,0.2883084371249661,0.3179955415483686,0.29454139110027355,0.2983974358292474,0.25569003619629393,0.3127211039125676,0.2821818272588279,0.3359025377362709,0.3870729452315479,0.26346783688515607,0.3076541843805246,0.0,0.3144704175427233,0.3158186014900355,0.2716210228520305,0.2874962877417875,0.31135735942627407,0.2368019847022429,0.315587668244383,0.26608111415614955,0.31890317315044636,0.31974196604074334,0.2885761110284031,0.2986384669135804,0.3210344010980335,0.3085375500489743,0.31156964354476824,0.2755463692298864,0.34075268137950987
0.32817532885957335,1.0,0.23657667657765313,0.2811580619614439,0.3874781407014972,0.5442919760749889,0.3507482254181643,0.28329456259930874,0.3034070896779102,0.2945663831250773,0.43418260837055933,0.2884063864212587,0.41084537745925753,0.2798153028974537,0.2691876226071428,0.3521275125089086,0.398008250374688,0.42265502436037583,0.3352503300053489,0.3561845276833169,0.407473945960941,0.38500502308011253,0.42353382921412497,0.48564057186762744,0.497118522457075,0.37298317071912923,0.4211888067306303,0.283845909488027,0.3031034862681907,0.31753806925480677,0.2641395588296137,0.39560195280530275,0.0,0.41192645125246385,0.5605660134171149,0.2630252818173483,0.3290643837886331,0.4198493169792604,0.21037324441584837,0.42975617219719475,0.2652545529770213,0.4831905433396101,0.4274143944297035,0.29274776572632233,0.2920989493831212,0.2918184401381986,0.485392914140234,0.4836988981046181,0.2924997005837945,0.3024803358009177
0.25865667905279144,0.23657667657765313,1.0,0.2090838746943916,0.2053523413745335,0.21799245102546505,0.21399397923857522,0.2112191561291873,0.24781414925628287,0.2171884791687413,0.23279796229613114,0.20923315439026535,0.2209138315703929,0.20690419621530198,0.2028842550574742,0.2161187436353209,0.18554474559769862,0.22589960144281296,0.18136712552099066,0.2172278026471487,0.21767851309650088,0.20541936325089438,0.22621672065103837,0.19703755603220974,0.20171185415556137,0.1721237761906077,0.2253869951681351,0.21148223445685843,0.24500234726932923,0.2578129210471337,0.19885133426431179,0.20964998469704688,0.0,0.221918561199978,0.21891062833205155,0.20787943095291883,0.20049235642281404,0.21814241897585396,0.16231112529407943,0.2297081572484504,0.2021048665601981,0.22566422328795965,0.23032720978169485,0.21461394929570476,0.2096307705501529,0.2294625235569958,0.22904885023327126,0.22764664215561492,0.21525934146913972,0.2478661486865571
0.2855930687424736,0.2811580619614439,0.2090838746943916,1.0,0.28247381274084116,0.26580745693007535,0.25658453862364206,0.49105105659361237,0.2934034297089376,0.5325091322927449,0.274286028748543,0.49729403457896704,0.27241668337098346,0.5437277026272429,0.5512428110291864,0.26923894028715345,0.23135057826016736,0.26654688052770836,0.2176012834618476,0.2585668799405295,0.2559854240489432,0.24390953310992258,0.2728835098224236,0.24571519410084974,0.2540861958543549,0.22007141888358617,0.2647489988945314,0.5188964164350984,0.3008238360873041,0.27956623032205363,0.5094446116419701,0.2727491829185501,0.0,0.25798758177264836,0.263000047278391,0.40127098513599047,0.2478737241408132,0.2549953970779092,0.3426251700916739,0.2610638824917668,0.5291332056846549,0.2680684183927723,0.26417160885368973,0.5213547905248069,0.515350310898694,0.29354258092072105,0.2605779564136308,0.2631441715872376,0.45301880186076515,0.30565938742626264
0.29996079884292703,0.3874781407014972,0.2053523413745335,0.28247381274084116,1.0,0.3934293104309651,0.3149019405603999,0.27917785868059786,0.30271274996445807,0.2892449961495881,0.4972822955751861,0.26556423562045983,0.4573027023218036,0.26850110286329654,0.2818393427814011,0.3429048174171555,0.3664360183825164,0.40917247029377,0.33041223807073683,0.31865941119319163,0.4129490651649834,0.38414001080683136,0.4224587179327358,0.3814033233861963,0.3883485197563393,0.34013429795193784,0.4248200317952443,0.2522008505416833,0.2880725996492386,0.29566009651616787,0.2656160513815331,0.4458766909936195,0.0,0.4194456075966885,0.3846000100699073,0.23999015740877938,0.31642682860764637,0.44771193890256056,0.23757628174103362,0.4345990081951344,0.27903024780753005,0.3910820061384357,0.43632072472845607,0.25976765218702547,0.26497761583592083,0.2650440456688701,0.3974028143274039,0.3999876913983651,0.25533293317624384,0.27636580979720327
0.3063788210439311,0.5442919760749889,0.21799245102546505,0.26580745693007535,0.3934293104309651,1.0,0.35299005776696024,0.27838996150549444,0.2935587519778846,0.2729048833735138,0.41076891618578104,0.26151420296382155,0.395309864612152,0.2625620448596565,0.2551977264735126,0.3499659779725125,0.3854549638353705,0.41126273655763956,0.3329982865667934,0.34750122423413754,0.3854936141280044,0.4159538110227119,0.4094754888382649,0.4642215081041533,0.4765830805500135,0.357585985260781,0.3970589481795611,0.2668196947606777,0.30246713034438855,0.29725281714679297,0.2523633252380645,0.38805426976270574,0.0,0.4053257075148132,0.5337447779131681,0.25780084088669464,0.32627619495828497,0.3985171784642987,0.21335165973928283,0.40666276082853325,0.25596873525178143,0.46155105960681053,0.41021423612391494,0.26967029200203896,0.27140877774934025,0.27936909190220804,0.4610917471453809,0.4624300802244665,0.26881675741841016,0.29374894182371547
0.30726688614588804,0.3507482254181643,0.21399397923857522,0.25658453862364206,0.3149019405603999,0.35299005776696024,1.0,0.2632452741097613,0.2934864496248225,0.26491059847631604,0.3632418810224678,0.25635210301413835,0.33585025363010357,0.2547032798223787,0.2465136383459855,0.7636559250408131,0.2871689359637718,0.3770705122644846,0.312985095010084,0.8570429535860883,0.3780609195812701,0.3494479546405459,0.3817243798699672,0.3169493202770146,0.3101862196245905,0.28036175934255225,0.35550160310245305,0.2589382968925905,0.2820767090076989,0.2974851014007207,0.24147192935826756,0.3363947292709729,0.0,0.3530420926219445,0.3660364415949079,0.26850486548245267,0.7781770691687768,0.335198977993043,0.20664926585123,0.35285590556269686,0.2405103886398231,0.35088052276079273,0.35375313054309876,0.2629104592551137,0.2618282882017414,0.27480113484480184,0.34199979468978514,0.3418559139537638,0.25543415404107006,0.2872651280656576
0.2866001607759655,0.28329456259930874,0.2112191561291873,0.49105105659361237,0.27917785868059786,0.27838996150549444,0.2632452741097613,1.0,0.2830140230165473,0.503001763209298,0.27971273300554655,0.47620720525379767,0.2768860545308268,0.4803765075235702,0.4704955094777058,0.26992399161843317,0.24013525797845459,0.2718309159070965,0.22529585070215075,0.26348899357963196,0.2591119822778658,0.2526377571890288,0.2761116849804298,0.25906874297911175,0.2592872185580286,0.23100801553483785,0.2731000286984615,0.6816555913457237,0.31000660884913644,0.27818593679177783,0.46895389063633497,0.27366555186990105,0.0,0.27266428258598796,0.2734517866795665,0.3970577216232264,0.24983630179527772,0.28118226361398135,0.33567324248140673,0.27722009177736173,0.4734204575661358,0.2767177024246529,0.2806723076712456,0.6877885809892339,0.6607824959335797,0.29317475259888204,0.2671339311752793,0.2687060174521131,0.44176105010689404,0.3082789950387198
0.39081622338377797,0.3034070896779102,0.24781414925628287,0.2934034297089376,0.30271274996445807,0.2935587519778846,0.2934864496248225,0.2830140230165473,1.0,0.30325361865562994,0.3131126065487677,0.271202645726211,0.3048842424416811,0.28192261278031105,0.2820824639135284,0.3033367582091693,0.25133742373118684,0.3009452270604962,0.23789207715960103,0.298149399180195,0.2916620366530077,0.27243349652029136,0.30256662714013316,0.27602595950982756,0.2717049682906387,0.23952296729814138,0.3035031703095291,0.27194819147794913,0.3257916518420094,0.4008885759475891,0.2753043989187859,0.28938546842868973,0.0,0.2923264887911099,0.29404003418595626,0.2745119838706941,0.2829244470477529,0.2866474096692918,0.21682133024114836,0.30470875893806515,0.27864912556998966,0.3055320264158983,0.3075867580741122,0.2781366026786618,0.2751837316990243,0.3135463192445985,0.29477860465213634,0.29556889329484837,0.2746291534109212,0.3346591218142012
0.30094281967901304,0.2945663831250773,0.2171884791687413,0.5325091322927449,0.2892449961495881,0.2729048833735138,0.26491059847631604,0.503001763209298,0.30325361865562994,1.0,0.28716568203527115,0.4802510833186575,0.28399864449862844,0.507206857954983,0.5005860038129621,0.2786659650855354,0.23183148992541713,0.2735602273612182,0.22228221747777654,0.2691114686883228,0.2596802025590873,0.24908907728788643,0.26998402537512123,0.2475353949135347,0.25589043687781665,0.22523242912139052,0.27557898934559966,0.5075302881512553,0.3163245760643806,0.29332513384200576,0.5242828694361594,0.2688203215770598,0.0,0.2651464247797436,0.266468058242885,0.41262944047996053,0.2558293886413353,0.26864259964493176,0.3511354179951798,0.27311433915547456,0.5241535919941551,0.27483193605188094,0.2736022810876618,0.5116936419313953,0.5092276242519436,0.30049894399947896,0.2720404956920278,0.27280345803272676,0.4715488159489073,0.31458645240172645
0.32894815975237623,0.43418260837055933,0.23279796229613114,0.274286028748543,0.4972822955751861,0.41076891618578104,0.3632418810224678,0.27971273300554655,0.3131126065487677,0.28716568203527115,1.0,0.2761601630843804,0.5190819254461583,0.2769632039293214,0.2666157532646568,0.36607328991501165,0.34180997707076866,0.4961877581176576,0.4022513848310225,0.36460785974251186,0.48495531276589177,0.4760005249956355,0.5042904439665208,0.3802280466168382,0.3660729060296086,0.33503166454089284,0.5056498303755897,0.28090745221383073,0.30215183579141913,0.32171405194143177,0.2601721134525682,0.45395128561392173,0.0,0.48580822914956956,0.43501654492699715,0.27737331004097554,0.3431378437719307,0.4755268744324511,0.21343368224171555,0.5277737285733082,0.25953519105844136,0.4494688509808594,0.5108851427128857,0.28243354905016127,0.27979015707104815,0.2913569317808665,0.4411131893387943,0.4385230184577341,0.2812342476702918,0.30797618699945684
0.29104726723582597,0.2884063864212587,0.20923315439026535,0.49729403457896704,0.26556423562045983,0.26151420296382155,0.25635210301413835,0.47620720525379767,0.271202645726211,0.4802510833186575,0.2761601630843804,1.0,0.258956052860281,0.487232952764732,0.5948304724878566,0.26325954208144675,0.23660962892066162,0.2603053706764238,0.21612039891464374,0.25404919342274335,0.2543056915285874,0.24316455951402616,0.2638364501439795,0.2610707192160391,0.25182325890211144,0.2278707602762765,0.26220280841639854,0.48243509414287655,0.30512358487230073,0.2776509243201095,0.44624360058259915,0.2619965419116491,0.0,0.2586616357548712,0.26941167747344463,0.3934873742973609,0.24148065891092707,0.2635937645027234,0.3285811618917105,0.2641994153514401,0.4584053424691793,0.26489662291681915,0.2706411128675723,0.4889826142523068,0.48777312882947876,0.2938502156357067,0.26636769640466407,0.2679361742541778,0.42701711591884484,0.2974031481588729
0.30789425931894665,0.41084537745925753,0.2209138315703929,0.27241668337098346,0.4573027023218036,0.395309864612152,0.33585025363010357,0.2768860545308268,0.3048842424416811,0.28399864449862844,0.5190819254461583,0.258956052860281,1.0,0.2639062031666687,0.26986582201525255,0.3514834553015288,0.3354882282771211,0.48376988615281824,0.49869789245270335,0.3422249039243478,0.4918933075200087,0.5407414622272573,0.5436730827344195,0.36724684232910165,0.3526543768878322,0.31739489842958235,0.519164657002364,0.2644749675541681,0.2868002139071584,0.31439043947094014,0.25612080800979276,0.5080454159367285,0.0,0.5209375707666981,0.4035350746345555,0.252662462600309,0.32930374166056775,0.4770562180768587,0.20728262230240557,0.5232462364711857,0.26219168689878647,0.4238899250039445,0.515100395541829,0.26443685341669787,0.26256207068428494,0.2727735346593321,0.41812430502995346,0.4169026011990429,0.2621137400524647,0.2888320630818346
0.2804324169609076,0.2798153028974537,0.20690419621530198,0.5437277026272429,0.26850110286329654,0.2625620448596565,0.2547032798223787,0.4803765075235702,0.28192261278031105,0.507206857954983,0.2769632039293214,0.487232952764732,0.2639062031666687,1.0,0.5380450176829243,0.26051297380731675,0.22103487766833696,0.26657829682107004,0.22007088530271635,0.25793166906102416,0.2530112118396901,0.24456144889876363,0.2679626831537527,0.23410800732842252,0.23872142706311195,0.20901288977055343,0.26812402792707735,0.5156334203412236,0.3047464456831426,0.2760563669570767,0.4953090289305969,0.2601202497412597,0.0,0.2563353124657731,0.26011532004653426,0.3952438179527291,0.24475943114113585,0.2583198265643677,0.33930180751123384,0.26360365683578146,0.5112327718646463,0.2657928743790049,0.26870403701489687,0.5128844993133106,0.5039948889759088,0.2942165249305757,0.2615164427763169,0.2627861249181961,0.44605039097064525,0.3074438918566271
0.26995970357501475,0.2691876226071428,0.2028842550574742,0.5512428110291864,0.2818393427814011,0.2551977264735126,0.2465136383459855,0.4704955094777058,0.2820824639135284,0.5005860038129621,0.2666157532646568,0.5948304724878566,0.26986582201525255,0.5380450176829243,1.0,0.26041207317376314,0.22839002589276558,0.2566693416211886,0.20944006515219138,0.2503804395699305,0.24900968680418567,0.23489822829228058,0.26159776081646724,0.23644586004107593,0.24242910853679056,0.21924184815406944,0.26049232255557975,0.4865296017116305,0.29333152251166117,0.27255765842087043,0.4945333377093427,0.26263730964842325,0.0,0.2482106064246432,0.25556168919062505,0.39434334598561094,0.24128892263714385,0.25390935330726294,0.3337319915077108,0.2569011140944858,0.5072641265906845,0.26201736014647037,0.26257597079246475,0.4860874871044304,0.4793672639852269,0.2879961883349563,0.2623047918516723,0.26348616781155043,0.4369973596553184,0.30370650943792166
0.3085571441157192,0.3521275125089086,0.2161187436353209,0.26923894028715345,0.3429048174171555,0.3499659779725125,0.7636559250408131,0.26992399161843317,0.3033367582091693,0.2786659650855354,0.36607328991501165,0.26325954208144675,0.3514834553015288,0.26051297380731675,0.26041207317376314,1.0,0.2944496132315948,0.3665668437869012,0.3141654494518298,0.7633953338809949,0.36258431648803846,0.3432026260610349,0.37173383570586005,0.32544698360930424,0.3246398475298071,0.29645772035561013,0.3505158073331138,0.2606744731311694,0.282708888243106,0.30628702063553614,0.2514008777884533,0.3469119944313179,0.0,0.3513330559691058,0.36396674958282915,0.2674924714652568,0.7363631334129799,0.33688214394279814,0.20570203077008353,0.3487435124961187,0.25480002647930644,0.351387687902199,0.3534328360305572,0.2612835948763568,0.2628629076566278,0.27637472621046777,0.3443748604882997,0.34434666417765003,0.2571013233541335,0.2862995161020767
0.2799741199650142,0.398008250374688,0.18554474559769862,0.23135057826016736,0.3664360183825164,0.3854549638353705,0.2871689359637718,0.24013525797845459,0.25133742373118684,0.23183148992541713,0.34180997707076866,0.23660962892066162,0.3354882282771211,0.22103487766833696,0.22839002589276558,0.2944496132315948,1.0,0.3313036397724647,0.27008327774713836,0.2867313095514108,0.3260576214674249,0.3137708663504074,0.34348861184109114,0.5407069229134385,0.5142976444360406,0.393741564516885,0.33185245772002525,0.220385824861285,0.2517541817693312,0.2535891489897967,0.21704306794788797,0.41619523860414753,0.0,0.35159265306933474,0.4136312950177893,0.2188251404951228,0.27707052926153597,0.332266872055766,0.18332973626962956,0.34807804375574036,0.21704849013754002,0.3785333405003817,0.3406487972702147,0.24907049298514172,0.2555669182323985,0.23360132160501368,0.38701698192475487,0.39462866172817623,0.21856309839575205,0.2472696109565199
0.31053081719439635,0.42265502436037583,0.22589960144281296,0.26654688052770836,0.40917247029377,0.41126273655763956,0.3770705122644846,0.2718309159070965,0.3009452270604962,0.2735602273612182,0.4961877581176576,0.2603053706764238,0.48376988615281824,0.26657829682107004,0.2566693416211886,0.3665668437869012,0.3313036397724647,1.0,0.4349071284113295,0.3806225340246481,0.5097377150132886,0.4868757336630165,0.5252525563726902,0.3619430789358665,0.35028250671125194,0.31355415315859225,0.49786404867231426,0.2715716529911929,0.29368137161255237,0.31085629041078566,0.2527954297222157,0.4410796552473726,0.0,0.4784964769942336,0.41996969296285125,0.2729293183075733,0.3560564650533625,0.4515041873263378,0.2101863666110978,0.504893367243495,0.24963336968843597,0.4308733183368013,0.4889984312595256,0.2716739500495915,0.2692722030309719,0.28135833240978014,0.4301866679533275,0.4284690178729055,0.26888144964383986,0.3027622184481279
0.2516399108128131,0.3352503300053489,0.18136712552099066,0.2176012834618476,0.33041223807073683,0.3329982865667934,0.312985095010084,0.22529585070215075,0.23789207715960103,0.22228221747777654,0.4022513848310225,0.21612039891464374,0.49869789245270335,0.22007088530271635,0.20944006515219138,0.3141654494518298,0.27008327774713836,0.4349071284113295,1.0,0.3064992024644413,0.4217773691342783,0.48790399926771766,0.4284973920879732,0.2906722176511588,0.284530948314042,0.2506377344842958,0.40306253328808994,0.2222341152320444,0.2394108707013224,0.2484121244208074,0.20374500958104047,0.4371141501248561,0.0,0.39689897330236723,0.34296898865815595,0.22246218809855,0.3044408548129417,0.37113764346830846,0.17577830671684125,0.40866309514353194,0.20541456588964813,0.3398561861835838,0.3990534269920881,0.22379170964247452,0.22177251735665238,0.23008696009628804,0.3354116450109308,0.3353275576597,0.21730549922026476,0.24182622644159701
0.3087496655055667,0.3561845276833169,0.2172278026471487,0.2585668799405295,0.31865941119319163,0.34750122423413754,0.8570429535860883,0.26348899357963196,0.298149399180195,0.2691114686883228,0.36460785974251186,0.25404919342274335,0.3422249039243478,0.25793166906102416,0.2503804395699305,0.7633953338809949,0.2867313095514108,0.3806225340246481,0.3064992024644413,1.0,0.38132048292995735,0.341773971328856,0.38194800352464053,0.3129955602695411,0.306935614494697,0.2748264989450442,0.3617642319315284,0.26263980425558975,0.2856213245728787,0.3048020003549655,0.24623552911566293,0.3316264896174511,0.0,0.351531112180531,0.3600808704370825,0.26531922644479755,0.7679724156336949,0.33913619129138817,0.20231990106355602,0.35876012521464873,0.24476197336340744,0.3553615389958631,0.3597084352936053,0.2634031390455295,0.2621446993462979,0.2786755860134513,0.34764665505924885,0.346942332364349,0.2599651194772582,0.2917311469681345
0.2990742955212322,0.407473945960941,0.21767851309650088,0.2559854240489432,0.4129490651649834,0.3854936141280044,0.3780609195812701,0.2591119822778658,0.2916620366530077,0.2596802025590873,0.48495531276589177,0.2543056915285874,0.4918933075200087,0.2530112118396901,0.24900968680418567,0.36258431648803846,0.3260576214674249,0.5097377150132886,0.4217773691342783,0.38132048292995735,1.0,0.4801904500325592,0.5354167988806985,0.3528452186724532,0.3439578994055774,0.3179352896947384,0.5091057692168717,0.2606709694864836,0.282447548247139,0.3057376096080121,0.24117751367901186,0.4504782563152562,0.0,0.5009478533294094,0.4076255096799508,0.26438219792323403,0.3571742664544779,0.4683855660700381,0.20095986912029684,0.5100255009261973,0.24587692431866914,0.40669209292015784,0.4979962581274934,0.26182465420057877,0.26006777431320316,0.27753996825671834,0.4217453563931256,0.4197580663388092,0.25919802366234923,0.2908058834580388
0.2883084371249661,0.38500502308011253,0.20541936325089438,0.24390953310992258,0.38414001080683136,0.4159538110227119,0.3494479546405459,0.2526377571890288,0.27243349652029136,0.24908907728788643,0.4760005249956355,0.24316455951402616,0.5407414622272573,0.24456144889876363,0.23489822829228058,0.3432026260610349,0.3137708663504074,0.4868757336630165,0.48790399926771766,0.341773971328856,0.4801904500325592,1.0,0.6650396151566178,0.3358401620922671,0.32752924002038053,0.29638003047584194,0.4846126578397958,0.249401718858428,0.2683040293971365,0.28416165240540214,0.22935949473252137,0.46719097938428245,0.0,0.5895270904843117,0.38664624766395583,0.24565233254238772,0.3269248275344039,0.44931126070685723,0.19406658621887762,0.48870561998736384,0.22798146071748993,0.39018494613071464,0.48275693728635083,0.2515300820746871,0.2482867064528549,0.2587758767109599,0.38601327369017024,0.38533089539411014,0.24760929026172962,0.27549447075867717
0.3179955415483686,0.42353382921412497,0.22621672065103837,0.2728835098224236,0.4224587179327358,0.4094754888382649,0.3817243798699672,0.2761116849804298,0.30256662714013316,0.26998402537512123,0.5042904439665208,0.2638364501439795,0.5436730827344195,0.2679626831537527,0.26159776081646724,0.37173383570586005,0.34348861184109114,0.5252525563726902,0.4284973920879732,0.38194800352464053,0.5354167988806985,0.6650396151566178,1.0,0.3633669893875514,0.3582263995549575,0.32413406385548094,0.537692654187806,0.2755888180958368,0.2959034804549452,0.3082857319017227,0.25478828163795497,0.47760381754107073,0.0,0.649983035403869,0.4210486968298528,0.26721304742681584,0.3572935360652305,0.48885304756979686,0.21086845802879994,0.5308571906915553,0.2521073311497243,0.42668255370285435,0.5227168134295641,0.27634250272937266,0.27481576543064723,0.28124035358680377,0.42281524241567425,0.42252228329224073,0.270531102862383,0.29882744349436097
0.29454139110027355,0.48564057186762744,0.19703755603220974,0.24571519410084974,0.3814033233861963,0.4642215081041533,0.3169493202770146,0.25906874297911175,0.27602595950982756,0.2475353949135347,0.3802280466168382,0.2610707192160391,0.36724684232910165,0.23410800732842252,0.23644586004107593,0.32544698360930424,0.5407069229134385,0.3619430789358665,0.2906722176511588,0.3129955602695411,0.3528452186724532,0.3358401620922671,0.3633669893875514,1.0,0.5434571026288055,0.38312252386532475,0.35993005189275207,0.23066539690084353,0.2678936636288841,0.27606998428012963,0.22774103419154212,0.39595156976276324,0.0,0.3662260583368804,0.5136022756235226,0.23781417605215194,0.30411996421445286,0.3563779140753711,0.188401595139151,0.3714297907695593,0.23254798930949339,0.4167320778450804,0.3644971841315936,0.25302810871912607,0.25614709933858737,0.25341980280335674,0.4092207598690005,0.4141999579517188,0.2307184183778498,0.2654005592726313
0.2983974358292474,0.497118522457075,0.20171185415556137,0.2540861958543549,0.3883485197563393,0.4765830805500135,0.3101862196245905,0.2592872185580286,0.2717049682906387,0.25589043687781665,0.3660729060296086,0.25182325890211144,0.3526543768878322,0.23872142706311195,0.24242910853679056,0.3246398475298071,0.5142976444360406,0.35028250671125194,0.284530948314042,0.306935614494697,0.3439578994055774,0.32752924002038053,0.3582263995549575,0.5434571026288055,1.0,0.4238993477028151,0.3485251193973524,0.23331450597048942,0.26031448687120573,0.27112736684528305,0.2318400579325154,0.4395953866962655,0.0,0.3581104202196408,0.5166195915092249,0.23229282746795865,0.29787316478991355,0.3633185891889077,0.19427719509883,0.3650265479405126,0.23588662389276194,0.41183334855238984,0.3626504931379231,0.2618769625932844,0.26582343400818653,0.2584693295190408,0.41574853261855393,0.42099055753737413,0.24312042115090782,0.259838695825962
0.25569003619629393,0.37298317071912923,0.1721237761906077,0.22007141888358617,0.34013429795193784,0.357585985260781,0.28036175934255225,0.23100801553483785,0.23952296729814138,0.22523242912139052,0.33503166454089284,0.2278707602762765,0.31739489842958235,0.20901288977055343,0.21924184815406944,0.29645772035561013,0.393741564516885,0.31355415315859225,0.2506377344842958,0.2748264989450442,0.3179352896947384,0.29638003047584194,0.32413406385548094,0.38312252386532475,0.4238993477028151,1.0,0.30956368128582246,0.20997108885489346,0.22186044209406175,0.2418242555645841,0.20842163504731825,0.34223783234114447,0.0,0.31883002392883975,0.398952545802593,0.20846484132102838,0.27161014303126596,0.36499699805982266,0.16679827732177843,0.3324429330159847,0.20931768915587512,0.3660589037801306,0.31343649095582105,0.23674743719848923,0.24535771062959955,0.21978111673225975,0.3778551871850194,0.39742837250480356,0.21277949096659565,0.22996705686096042
0.3127211039125676,0.4211888067306303,0.2253869951681351,0.2647489988945314,0.4248200317952443,0.3970589481795611,0.35550160310245305,0.2731000286984615,0.3035031703095291,0.27557898934559966,0.5056498303755897,0.26220280841639854,0.519164657002364,0.26812402792707735,0.26049232255557975,0.3505158073331138,0.33185245772002525,0.49786404867231426,0.40306253328808994,0.3617642319315284,0.5091057692168717,0.4846126578397958,0.537692654187806,0.35993005189275207,0.3485251193973524,0.30956368128582246,1.0,0.2705583244623947,0.29475048182321584,0.3159477007781405,0.2533682790299644,0.46885354259934775,0.0,0.5036082655795779,0.41222456733525203,0.2606906880159414,0.3359373188068512,0.5683349801333621,0.20179715241370588,0.5442674866942964,0.25462502294857847,0.4305351254547064,0.6227983375431982,0.2735101249928049,0.26722876241859195,0.28631280980226403,0.42251666877854177,0.4200762339750821,0.27115487007708394,0.2997915176795276
0.2821818272588279,0.283845909488027,0.21148223445685843,0.5188964164350984,0.2522008505416833,0.2668196947606777,0.2589382968925905,0.6816555913457237,0.27194819147794913,0.5075302881512553,0.28090745221383073,0.48243509414287655,0.2644749675541681,0.5156334203412236,0.4865296017116305,0.2606744731311694,0.220385824861285,0.2715716529911929,0.2222341152320444,0.26263980425558975,0.2606709694864836,0.249401718858428,0.2755888180958368,0.23066539690084353,0.23331450597048942,0.20997108885489346,0.2705583244623947,1.0,0.3133053570281724,0.27626257261287035,0.4721127657425336,0.2590336199834933,0.0,0.2638788012851915,0.26541054801854824,0.40045852277431915,0.24229644684474438,0.2730332491950228,0.3402622227719695,0.26991717320376607,0.48139923131092155,0.272030333313502,0.2724752834070857,0.8078735115497044,0.7585416451298657,0.29195351479459564,0.2678975580086982,0.267293531445024,0.4638817511293696,0.30680350768414244
0.3359025377362709,0.3031034862681907,0.24500234726932923,0.3008238360873041,0.2880725996492386,0.30246713034438855,0.2820767090076989,0.31000660884913644,0.3257916518420094,0.3163245760643806,0.30215183579141913,0.30512358487230073,0.2868002139071584,0.3047464456831426,0.29333152251166117,0.282708888243106,0.2517541817693312,0.29368137161255237,0.2394108707013224,0.2856213245728787,0.282447548247139,0.2683040293971365,0.2959034804549452,0.2678936636288841,0.26031448687120573,0.22186044209406175,0.29475048182321584,0.3133053570281724,1.0,0.32753443799364634,0.2932428711436592,0.28702342148888116,0.0,0.2905628672847117,0.28664485317752464,0.29653329454629274,0.2665539253901388,0.2880028969817572,0.22925279060551373,0.29461894538755273,0.2895882967247263,0.2910692566214691,0.2937429716186467,0.3115492587054691,0.3118114515052567,0.3941875406432762,0.29026915744424586,0.29020612986242844,0.30318720665897336,0.6042303888690586
0.3870729452315479,0.31753806925480677,0.2578129210471337,0.27956623032205363,0.29566009651616787,0.29725281714679297,0.2974851014007207,0.27818593679177783,0.4008885759475891,0.29332513384200576,0.32171405194143177,0.2776509243201095,0.31439043947094014,0.2760563669570767,0.27255765842087043,0.30628702063553614,0.2535891489897967,0.31085629041078566,0.2484121244208074,0.3048020003549655,0.3057376096080121,0.28416165240540214,0.3082857319017227,0.27606998428012963,0.27112736684528305,0.2418242555645841,0.3159477007781405,0.27626257261287035,0.32753443799364634,1.0,0.2652788281521715,0.2883191985505722,0.0,0.3004130345241609,0.3044944297474783,0.2710035604123132,0.28627162010750984,0.2976250553759129,0.21038716738395646,0.3229201589162337,0.26906130987767485,0.30604396592280714,0.31559857871743624,0.2786518122956335,0.27409001596580207,0.324728457688535,0.3107226260086824,0.30999722758432646,0.27658808318677097,0.3397118817872905
0.26346783688515607,0.2641395588296137,0.19885133426431179,0.5094446116419701,0.2656160513815331,0.2523633252380645,0.24147192935826756,0.46895389063633497,0.2753043989187859,0.5242828694361594,0.2601721134525682,0.44624360058259915,0.25612080800979276,0.4953090289305969,0.4945333377093427,0.2514008777884533,0.21704306794788797,0.2527954297222157,0.20374500958104047,0.24623552911566293,0.24117751367901186,0.22935949473252137,0.25478828163795497,0.22774103419154212,0.2318400579325154,0.20842163504731825,0.2533682790299644,0.4721127657425336,0.2932428711436592,0.2652788281521715,1.0,0.2522171782069984,0.0,0.24718911802224397,0.24566236762265192,0.3879273400127976,0.234209029015908,0.2468811179839332,0.32010388431938364,0.2520036191179412,0.6549743981056944,0.2538566078357678,0.25410317462329635,0.4781314702236453,0.4718967807563985,0.2822942173741455,0.25292376988733933,0.2539974067104088,0.42656654186320975,0.2899709836027843
0.3076541843805246,0.39560195280530275,0.20964998469704688,0.2727491829185501,0.4458766909936195,0.38805426976270574,0.3363947292709729,0.27366555186990105,0.28938546842868973,0.2688203215770598,0.45395128561392173,0.2619965419116491,0.5080454159367285,0.2601202497412597,0.26263730964842325,0.3469119944313179,0.41619523860414753,0.4410796552473726,0.4371141501248561,0.3316264896174511,0.4504782563152562,0.46719097938428245,0.47760381754107073,0.39595156976276324,0.4395953866962655,0.34223783234114447,0.46885354259934775,0.2590336199834933,0.28702342148888116,0.2883191985505722,0.2522171782069984,1.0,0.0,0.46593806841319907,0.39493204162249584,0.24824783658506178,0.33000577896699035,0.45972273260330077,0.20629037968581887,0.4861503835037895,0.2504486244367856,0.3950261589361923,0.4840466534135891,0.2670895267787293,0.27546053859888187,0.26642257873507136,0.4037253599576204,0.40582559960360054,0.24700469482374166,0.27406410675534987
0.0,0.0,0.0,0.0,0.0,0.0,0.0,0.0,0.0,0.0,0.0,0.0,0.0,0.0,0.0,0.0,0.0,0.0,0.0,0.0,0.0,0.0,0.0,0.0,0.0,0.0,0.0,0.0,0.0,0.0,0.0,0.0,1.0,0.0,0.0,0.0,0.0,0.0,0.0,0.0,0.0,0.0,0.0,0.0,0.0,0.0,0.0,0.0,0.0,0.0
0.3144704175427233,0.41192645125246385,0.221918561199978,0.25798758177264836,0.4194456075966885,0.4053257075148132,0.3530420926219445,0.27266428258598796,0.2923264887911099,0.2651464247797436,0.48580822914956956,0.2586616357548712,0.5209375707666981,0.2563353124657731,0.2482106064246432,0.3513330559691058,0.35159265306933474,0.4784964769942336,0.39689897330236723,0.351531112180531,0.5009478533294094,0.5895270904843117,0.649983035403869,0.3662260583368804,0.3581104202196408,0.31883002392883975,0.5036082655795779,0.2638788012851915,0.2905628672847117,0.3004130345241609,0.24718911802224397,0.46593806841319907,0.0,1.0,0.41496381238937263,0.27211570408783137,0.33145900874562806,0.47114389764894604,0.21814196131913532,0.5081820796207674,0.24362117949631446,0.4158304254686649,0.5083515041082893,0.26777170748788803,0.27151537648180757,0.2755673993386275,0.41837529893146985,0.4192945145599196,0.26182830894115294,0.2928939398047179
0.3158186014900355,0.5605660134171149,0.21891062833205155,0.263000047278391,0.3846000100699073,0.5337447779131681,0.3660364415949079,0.2734517866795665,0.29404003418595626,0.266468058242885,0.43501654492699715,0.26941167747344463,0.4035350746345555,0.26011532004653426,0.25556168919062505,0.36396674958282915,0.4136312950177893,0.41996969296285125,0.34296898865815595,0.3600808704370825,0.4076255096799508,0.38664624766395583,0.4210486968298528,0.5136022756235226,0.5166195915092249,0.398952545802593,0.41222456733525203,0.26541054801854824,0.28664485317752464,0.3044944297474783,0.24566236762265192,0.39493204162249584,0.0,0.41496381238937263,1.0,0.26537907013515594,0.3374491256475417,0.40230584275180925,0.20700472591119745,0.4254583364626212,0.24607458403207472,0.48084889161516486,0.4202341773000904,0.2688576326826895,0.27093878753622214,0.2782984019732767,0.4750652290040974,0.47495817934465634,0.26296849527838406,0.2900680748398451
0.2716210228520305,0.2630252818173483,0.20787943095291883,0.40127098513599047,0.23999015740877938,0.25780084088669464,0.26850486548245267,0.3970577216232264,0.2745119838706941,0.41262944047996053,0.27737331004097554,0.3934873742973609,0.252662462600309,0.3952438179527291,0.39434334598561094,0.2674924714652568,0.2188251404951228,0.2729293183075733,0.22246218809855,0.26531922644479755,0.26438219792323403,0.24565233254238772,0.26721304742681584,0.23781417605215194,0.23229282746795865,0.20846484132102838,0.2606906880159414,0.40045852277431915,0.29653329454629274,0.2710035604123132,0.3879273400127976,0.24824783658506178,0.0,0.27211570408783137,0.26537907013515594,1.0,0.2496837705621595,0.249659797977835,0.328814562512447,0.2646877766465452,0.3865033042292114,0.2610626498998866,0.2602787918551447,0.4034195938876499,0.40080149389712105,0.28297601052771193,0.2539852584669917,0.25422026678972043,0.3930267072346155,0.30130646246629655
0.2874962877417875,0.3290643837886331,0.20049235642281404,0.2478737241408132,0.31642682860764637,0.32627619495828497,0.7781770691687768,0.24983630179527772,0.2829244470477529,0.2558293886413353,0.3431378437719307,0.24148065891092707,0.32930374166056775,0.24475943114113585,0.24128892263714385,0.7363631334129799,0.27707052926153597,0.3560564650533625,0.3044408548129417,0.7679724156336949,0.3571742664544779,0.3269248275344039,0.3572935360652305,0.30411996421445286,0.29787316478991355,0.27161014303126596,0.3359373188068512,0.24229644684474438,0.2665539253901388,0.28627162010750984,0.234209029015908,0.33000577896699035,0.0,0.33145900874562806,0.3374491256475417,0.2496837705621595,1.0,0.315730099091434,0.19266505216207153,0.33012244135048974,0.2341152458288458,0.3295040817098577,0.33667151614987467,0.2439338337649659,0.2437626574907401,0.257326161782524,0.3214394458076214,0.3211546161138784,0.23848374101916714,0.2684228805179818
0.31135735942627407,0.4198493169792604,0.21814241897585396,0.2549953970779092,0.44771193890256056,0.3985171784642987,0.335198977993043,0.28118226361398135,0.2866474096692918,0.26864259964493176,0.4755268744324511,0.2635937645027234,0.4770562180768587,0.2583198265643677,0.25390935330726294,0.33688214394279814,0.332266872055766,0.4515041873263378,0.37113764346830846,0.33913619129138817,0.4683855660700381,0.44931126070685723,0.48885304756979686,0.3563779140753711,0.3633185891889077,0.36499699805982266,0.5683349801333621,0.2730332491950228,0.2880028969817572,0.2976250553759129,0.2468811179839332,0.45972273260330077,0.0,0.47114389764894604,0.40230584275180925,0.249659797977835,0.315730099091434,1.0,0.2148829557898705,0.508549798791796,0.24952485966556226,0.4131207472252024,0.6067813292255897,0.27952101108576555,0.27599080786213537,0.27872044800694373,0.42273779100128916,0.4260675064582804,0.26807304215788785,0.28780687230433444
0.2368019847022429,0.21037324441584837,0.16231112529407943,0.3426251700916739,0.23757628174103362,0.21335165973928283,0.20664926585123,0.33567324248140673,0.21682133024114836,0.3511354179951798,0.21343368224171555,0.3285811618917105,0.20728262230240557,0.33930180751123384,0.3337319915077108,0.20570203077008353,0.18332973626962956,0.2101863666110978,0.17577830671684125,0.20231990106355602,0.20095986912029684,0.19406658621887762,0.21086845802879994,0.188401595139151,0.19427719509883,0.16679827732177843,0.20179715241370588,0.3402622227719695,0.22925279060551373,0.21038716738395646,0.32010388431938364,0.20629037968581887,0.0,0.21814196131913532,0.20700472591119745,0.328814562512447,0.19266505216207153,0.2148829557898705,1.0,0.20773496127697944,0.3254761981725023,0.20949693938860392,0.20952691056933792,0.33969030626694496,0.34258054886386446,0.21942549852212945,0.20340941678237168,0.20522911285088996,0.32128816786416825,0.23557935787652873
0.315587668244383,0.42975617219719475,0.2297081572484504,0.2610638824917668,0.4345990081951344,0.40666276082853325,0.35285590556269686,0.27722009177736173,0.30470875893806515,0.27311433915547456,0.5277737285733082,0.2641994153514401,0.5232462364711857,0.26360365683578146,0.2569011140944858,0.3487435124961187,0.34807804375574036,0.504893367243495,0.40866309514353194,0.35876012521464873,0.5100255009261973,0.48870561998736384,0.5308571906915553,0.3714297907695593,0.3650265479405126,0.3324429330159847,0.5442674866942964,0.26991717320376607,0.29461894538755273,0.3229201589162337,0.2520036191179412,0.4861503835037895,0.0,0.5081820796207674,0.4254583364626212,0.2646877766465452,0.33012244135048974,0.508549798791796,0.20773496127697944,1.0,0.2507424138129093,0.43492699924151434,0.5406530032714096,0.2734063072984755,0.27494645335543955,0.2923697971109386,0.4503535949910189,0.44977234676088174,0.26981808166565413,0.3044106573276053
