../ecoli_genomes/GCF_000163235.1_ASM16323v1_genomic.fna.gz,../ecoli_genomes/GCF_000164555.1_ASM16455v1_genomic.fna.gz,../ecoli_genomes/GCF_000208545.1_ASM20854v2_genomic.fna.gz,../ecoli_genomes/GCF_000233875.1_ASM23387v1_genomic.fna.gz,../ecoli_genomes/GCF_000249735.1_ASM24973v2_genomic.fna.gz,../ecoli_genomes/GCF_000261145.1_Esch_coli_M919_V2_genomic.fna.gz,../ecoli_genomes/GCF_000267705.2_ASM26770v2_genomic.fna.gz,../ecoli_genomes/GCF_000350665.1_Esch_coli_KTE5_V1_genomic.fna.gz,../ecoli_genomes/GCF_000351625.1_Esch_coli_KTE66_V1_genomic.fna.gz,../ecoli_genomes/GCF_000352285.1_Esch_coli_KTE46_V1_genomic.fna.gz,../ecoli_genomes/GCF_000358895.1_ASM35889v1_genomic.fna.gz,../ecoli_genomes/GCF_000456385.1_Esch_coli_HVH_26_4-5703913_V1_genomic.fna.gz,../ecoli_genomes/GCF_000458195.1_Esch_coli_HVH_147_4-5893887_V1_genomic.fna.gz,../ecoli_genomes/GCF_000459755.1_Esch_coli_KOEGE_58_171a_V1_genomic.fna.gz,../ecoli_genomes/GCF_000460055.1_Esch_coli_UMEA_3053-1_V1_genomic.fna.gz,../ecoli_genomes/GCF_000462165.2_ASM46216v2_genomic.fna.gz,../ecoli_genomes/GCF_000601135.1_ASM60113v1_genomic.fna.gz,../ecoli_genomes/GCF_000614595.1_Ec2010EL1058_genomic.fna.gz,../ecoli_genomes/GCF_000617745.1_Ec2010C-4529_genomic.fna.gz,../ecoli_genomes/GCF_000618265.2_EcF6751_genomic.fna.gz,../ecoli_genomes/GCF_000619005.2_Ec2009C-4052_genomic.fna.gz,../ecoli_genomes/GCF_000619105.1_Ec2009C-4780_genomic.fna.gz,../ecoli_genomes/GCF_000619765.2_Ec2009C-3279_genomic.fna.gz,../ecoli_genomes/GCF_000687005.1_ASM68700v1_genomic.fna.gz,../ecoli_genomes/GCF_000687025.1_ASM68702v1_genomic.fna.gz,../ecoli_genomes/GCF_000700125.1_ASM70012v1_genomic.fna.gz,../ecoli_genomes/GCF_000753315.1_FHI35_genomic.fna.gz,../ecoli_genomes/GCF_000776375.1_ASM77637v1_genomic.fna.gz,../ecoli_genomes/GCF_000779395.1_ASM77939v1_genomic.fna.gz,../ecoli_genomes/GCF_000780315.1_ASM78031v1_genomic.fna.gz,../ecoli_genomes/GCF_000781995.1_ASM78199v1_genomic.fna.gz,../ecoli_genomes/GCF_000986765.1_ASM98676v1_genomic.fna.gz,../ecoli_genomes/GCF_001041375.1_ViralProj287958_genomic.fna.gz,../ecoli_genomes/GCF_001265335.1_302014_genomic.fna.gz,../ecoli_genomes/GCF_001265625.1_100854_genomic.fna.gz,../ecoli_genomes/GCF_001267345.1_303289_genomic.fna.gz,../ecoli_genomes/GCF_001309985.1_ASM130998v1_genomic.fna.gz,../ecoli_genomes/GCF_001521695.1_ASM152169v1_genomic.fna.gz,../ecoli_genomes/GCF_001592595.1_ASM159259v1_genomic.fna.gz,../ecoli_genomes/GCF_001614975.1_ASM161497v1_genomic.fna.gz,../ecoli_genomes/GCF_001692775.1_ASM169277v1_genomic.fna.gz,../ecoli_genomes/GCF_001748915.1_ASM174891v1_genomic.fna.gz,../ecoli_genomes/GCF_001749235.1_ASM174923v1_genomic.fna.gz,../ecoli_genomes/GCF_001881155.1_ASM188115v1_genomic.fna.gz,../ecoli_genomes/GCF_001881345.1_ASM188134v1_genomic.fna.gz,../ecoli_genomes/GCF_001892405.1_ASM189240v1_genomic.fna.gz,../ecoli_genomes/GCF_001892585.1_ASM189258v1_genomic.fna.gz,../ecoli_genomes/GCF_001893985.1_ASM189398v1_genomic.fna.gz,../ecoli_genomes/GCF_002001595.1_ASM200159v1_genomic.fna.gz,../ecoli_genomes/GCF_002002145.1_ASM200214v1_genomic.fna.gz
1.0,0.3243764941578384,0.258950806391393,0.2783112022278921,0.2831724415712268,0.31137353723645733,0.2951174692996691,0.28504388764205435,0.38584266658232813,0.28815300761029217,0.32386318402527103,0.28902847841577406,0.31204043426372063,0.26900909204904444,0.2607871724015859,0.29721031734388637,0.2841968346560193,0.3091639822097759,0.296006744979477,0.2979687548525277,0.3000578410230105,0.302437058660054,0.3155718979921499,0.3130688473893217,0.2836010055815652,0.2354256968401216,0.3076906952369326,0.27686196040329736,0.340838284518869,0.3858097378072388,0.24924529635355952,0.30435123721955015,0.0,0.312109812256122,0.3094469582704559,0.2701819865798176,0.28497261435130794,0.3177900687430809,0.21951585197912893,0.3176136991586346,0.2564451718532109,0.30520508160371074,0.3098544132174478,0.2813112821595253,0.2881301464455651,0.32403793079903986,0.3029648388310632,0.30516843227248913,0.26762705657322705,0.34020408329899066
0.3243764941578384,1.0,0.23425053419860886,0.2722751662842161,0.38074141991841604,0.5605325045985917,0.34505926022489,0.28075725695978215,0.3021263208703998,0.27944501973059876,0.43468774669395105,0.2834510049831843,0.426958726770731,0.2665552925605037,0.2575036077900307,0.34606664208579485,0.3889451703907201,0.4194102692427305,0.3995566414567774,0.35044010685976357,0.40723310076426655,0.406223217543215,0.4222742532378999,0.5173790461186296,0.45883411855938383,0.317316341789718,0.4209777593344367,0.2762192415895294,0.3107290485634676,0.30667933426675875,0.2506289426185395,0.4072647921028725,0.0,0.41161357954032163,0.5595964945296572,0.26571896482732127,0.3294775428255914,0.4202643700847106,0.17400299725929624,0.42184874025254004,0.25544105621749635,0.4778126895740371,0.4246916527338239,0.2853129128875408,0.2847605521804849,0.2911887766935265,0.46339173783097654,0.4786166500141942,0.28003144956705217,0.310265490791345
0.258950806391393,0.23425053419860886,1.0,0.20571995971591261,0.20326780075876594,0.22175667537575072,0.2166059782218941,0.21425055011891136,0.2532338809669835,0.21158800405507083,0.23084481042724136,0.20579331530562284,0.2316419226641908,0.207852665648814,0.20178261336850845,0.2177888673463373,0.18058403037069093,0.22404327522056167,0.21682867243287773,0.2207739762861055,0.21918812073085936,0.21984502570845832,0.2268847336631703,0.20501833067977615,0.18435343474416255,0.14564542157382399,0.2270487082732069,0.21171898398054723,0.24406525440783478,0.252663896101776,0.19374084587031704,0.21985995640847966,0.0,0.22621445482027436,0.21187070145290754,0.21105711563362273,0.20801475744538722,0.22052191456959225,0.13688304108262495,0.22622081031695096,0.19941504924691889,0.22264045142689592,0.22897012654372362,0.21675300135165343,0.2120728815016737,0.23182168872011455,0.2214096704204268,0.2268094351714337,0.21351345596356985,0.24918793591143484
0.2783112022278921,0.2722751662842161,0.20571995971591261,1.0,0.2743667658423916,0.26800031679770697,0.24982556331372707,0.49832682769044945,0.2923059534911121,0.522034066612789,0.2696677154711127,0.5050371425934526,0.27751267059017737,0.5340088543387085,0.5519757487400776,0.2579167154252877,0.24094313575451098,0.2628204291004004,0.254946563456545,0.25241146233683887,0.25460271686530545,0.2514520500749968,0.27576225791188935,0.2571779610088091,0.2450378626758174,0.19236307714889989,0.26117283859120255,0.5165924664415247,0.3048505289333566,0.2732431683191323,0.4985713082736193,0.28355321321103966,0.0,0.2595189098114683,0.2551659998874335,0.41661895585788344,0.25032162228780697,0.25226318797962144,0.29787090775810277,0.26301641265829323,0.5148380758688174,0.25648818830373976,0.26284158771814714,0.520240144830449,0.5109568611021417,0.29222086574041584,0.24998460344551898,0.2561148473452862,0.4441622584980621,0.30940452184246836
0.2831724415712268,0.38074141991841604,0.20326780075876594,0.2743667658423916,1.0,0.4033046394035097,0.3111264608801232,0.2713715422416937,0.29898504451178387,0.27707703433582054,0.5008212196376156,0.263176674898582,0.4788250030194071,0.26002958484329897,0.2811701974834745,0.3389096447668497,0.3462230954573269,0.4004174345349629,0.3905241841857635,0.3156331913119601,0.41394783853032147,0.40173185132613065,0.4194326101921707,0.39796793817598086,0.37208215735281924,0.2969898285163467,0.42010292618102707,0.24140611102918685,0.27783492386632913,0.287918898127418,0.26442003900175814,0.4636210947680921,0.0,0.4210427229153455,0.37822118215424205,0.24519840455879194,0.32590713131478233,0.4420566769200157,0.19621577171279136,0.43308201001555513,0.2716430971810091,0.39400159436406756,0.43985284919925516,0.25558236788587574,0.26049063555226726,0.26013542747166196,0.38821501726197594,0.3978950873687379,0.24623105246422217,0.27363933164581344
0.31137353723645733,0.5605325045985917,0.22175667537575072,0.26800031679770697,0.4033046394035097,1.0,0.3565476189533251,0.2834529692191735,0.3005112479693627,0.2674178117701149,0.4221777045605203,0.26868186986824505,0.4267331428096539,0.25830781810748993,0.2577575480790735,0.3580028423236066,0.41684800642852493,0.41736177452361045,0.41016043771544286,0.3535004479040754,0.4028953044393093,0.4052174908377807,0.42517060043272736,0.5249006555932512,0.4863616723862211,0.3432006735210438,0.40897692724824897,0.2660926366084082,0.30901230328670837,0.3012366150414826,0.2487352152701492,0.42077280255752025,0.0,0.42545189936827654,0.557757548882685,0.2725186097251264,0.34169464435678953,0.41895371615704435,0.21600631273464133,0.42177846354368553,0.25275956090817187,0.4769857253725347,0.41835471099594446,0.2708634085369336,0.27182668336127613,0.2874527557382145,0.4731555467914369,0.48318029047707267,0.26592054761640493,0.3082128891297554
0.2951174692996691,0.34505926022489,0.2166059782218941,0.24982556331372707,0.3111264608801232,0.3565476189533251,1.0,0.25489634736008937,0.2904085333692419,0.2551570542335765,0.36343724490228757,0.246826608252124,0.357469352933269,0.2438746944453699,0.23865206412176243,0.7351767033761354,0.2816560309159175,0.38105883509426597,0.3759084971895609,0.843856444337338,0.380511352412786,0.36955469969267074,0.3873758982176645,0.32103598695455093,0.2892216236666716,0.2303041553063616,0.355260038520987,0.24692040228027323,0.28375518021536417,0.2858955430362258,0.22954005027381286,0.341311748794597,0.0,0.3621739093324976,0.35213003068434257,0.2707617075395158,0.782313076084603,0.33043715408325847,0.1757050693217278,0.3526390006617749,0.23170542135629302,0.34800101241588044,0.35713165336347874,0.2522009945701259,0.2524674766401911,0.26680787326638833,0.33013538537809795,0.33919123127174666,0.24738160075280202,0.28806778730894733
0.28504388764205435,0.28075725695978215,0.21425055011891136,0.49832682769044945,0.2713715422416937,0.2834529692191735,0.25489634736008937,1.0,0.2889605054703368,0.5068593765727519,0.27669715594535804,0.48671853686040256,0.2857163760876599,0.47946023840878105,0.4766275307949015,0.26284603318035127,0.23548816463888067,0.2723772716189483,0.26635053687492916,0.2563434919975902,0.2606349788802762,0.2626585457529165,0.27557993404228975,0.273624510432222,0.24205357079973933,0.19769739854793877,0.2717369443180666,0.6920566404771383,0.31593129364646877,0.27724343755542435,0.46651437467682966,0.27889870639654857,0.0,0.2744599650530536,0.26063412804838804,0.4136797514885231,0.24957850825482863,0.277609287854098,0.3050713420914475,0.2743542508391822,0.47587910206383377,0.2685861714254697,0.27446059732926054,0.6992790621611094,0.6752228512830416,0.29371608492646106,0.2557659372305249,0.2606311079707774,0.44102334350679984,0.3103247279471387
0.38584266658232813,0.3021263208703998,0.2532338809669835,0.2923059534911121,0.29898504451178387,0.3005112479693627,0.2904085333692419,0.2889605054703368,1.0,0.29722419230010877,0.31387179447113545,0.27253093697681663,0.31879496847927413,0.2784735096279446,0.2846284081164402,0.29850508077908955,0.25106174317520147,0.30187954040881504,0.2832833720835699,0.29603743893406465,0.2917593834615384,0.29174706200029865,0.304596302662413,0.2957412104353324,0.25581462224024165,0.20525894508401155,0.30254394096996406,0.2698531718238467,0.3311479357177828,0.404178546455351,0.27509976785620427,0.303445901783134,0.0,0.2992764587268888,0.2926586188778152,0.2775667914728629,0.2882534999676788,0.2865391572856407,0.17535097490367735,0.30217600195595984,0.2789662715725135,0.29836737023092763,0.3073065631052523,0.2760776631196412,0.2729103929445763,0.3136152552362135,0.28455016486182827,0.29254312356574697,0.2669776766595803,0.33584597385186066
0.28815300761029217,0.27944501973059876,0.21158800405507083,0.522034066612789,0.27707703433582054,0.2674178117701149,0.2551570542335765,0.5068593765727519,0.29722419230010877,1.0,0.2841766612288207,0.4778998707930616,0.28980918909824516,0.49988472733987455,0.4998373198773163,0.2647481538197233,0.2202125651105834,0.27026446194904186,0.25430248448350334,0.2579825580957955,0.2583213135436221,0.2598533896258006,0.26738199505103855,0.2570366142307742,0.23389847281670084,0.1866817437327527,0.26958653357282514,0.5002195331388677,0.31445185052644353,0.2829778506905215,0.5077222654367859,0.270503626258078,0.0,0.26397461391799315,0.25620592908287565,0.4260301310928565,0.2539374539976632,0.25907820329110376,0.29712106552559003,0.26973968507103785,0.5180444349432225,0.26052074692221816,0.2681075400978292,0.5083317035887803,0.5085840313248498,0.2939317202583648,0.2504677628690418,0.2567586614901748,0.4671988327910681,0.3116882290834372
0.32386318402527103,0.43468774669395105,0.23084481042724136,0.2696677154711127,0.5008212196376156,0.4221777045605203,0.36343724490228757,0.27669715594535804,0.31387179447113545,0.2841766612288207,1.0,0.272654031390677,0.5383716243710579,0.2696590884233364,0.26679243075168235,0.3727712097287872,0.33441036222542464,0.48729478989972863,0.4612203155225284,0.37052732057775595,0.49109416972836073,0.5002571931328924,0.5024721223797245,0.3966913700918103,0.34202461464018574,0.27865599326319634,0.5133679566607037,0.2723547246408399,0.3090565970170056,0.3190301441347607,0.2544042050784685,0.47012833984469293,0.0,0.49272633844287783,0.41932921599773554,0.28327817873856587,0.3537551790768123,0.4817349670729034,0.18352063884277336,0.5226071296650736,0.25907151875690293,0.4415260525642861,0.5170230203192041,0.2769865270330254,0.27538707036672205,0.2908625097849389,0.42447212239441445,0.4365154053506708,0.2768805221740671,0.3169315577062505
0.28902847841577406,0.2834510049831843,0.20579331530562284,0.5050371425934526,0.263176674898582,0.26868186986824505,0.246826608252124,0.48671853686040256,0.27253093697681663,0.4778998707930616,0.272654031390677,1.0,0.27285576147096713,0.49030085115075095,0.5942113489816823,0.25593467765059363,0.25778837646140784,0.26003591660541425,0.2547156085010216,0.2486198546110312,0.2553379431746624,0.2555864895080948,0.2669387033857461,0.2734273804298296,0.2583040489347961,0.21712651792007331,0.26415067817078597,0.48581873855175417,0.30926971381803037,0.2756487625238364,0.4377991943168271,0.2769205411363169,0.0,0.2677904849412477,0.2657450409374148,0.3970331115209571,0.24094671421118263,0.2747676287864721,0.3410608743164866,0.27475332382355955,0.4589315952361597,0.2564234765273301,0.2692461722792574,0.4894198381771123,0.4916928069192613,0.29438096352554377,0.266714874342044,0.26478950326886574,0.42663614881554657,0.30289891594222174
0.31204043426372063,0.426958726770731,0.2316419226641908,0.27751267059017737,0.4788250030194071,0.4267331428096539,0.357469352933269,0.2857163760876599,0.31879496847927413,0.28980918909824516,0.5383716243710579,0.27285576147096713,1.0,0.2650279349364517,0.276090653086528,0.37588076292805117,0.3399040106683018,0.4998727013699429,0.4876624199656543,0.36387388166002765,0.5168031726603189,0.5523494632218471,0.5681290340951677,0.41363346957356206,0.3545619273368942,0.2834626129399247,0.5450039885965209,0.26691528199747827,0.310735450768707,0.3217791005806053,0.2620505621439889,0.5114760879437086,0.0,0.549164130499882,0.42080594503160473,0.2714694872926863,0.36244658467387003,0.49714021667928,0.176328888660384,0.5409846563893665,0.2666958027027416,0.43796413580846916,0.539334552919585,0.2725588209725621,0.27036276815976357,0.2853702211387651,0.4173594527610194,0.42926247939266315,0.26933447018236056,0.31122568011135976
0.26900909204904444,0.2665552925605037,0.207852665648814,0.5340088543387085,0.26002958484329897,0.25830781810748993,0.2438746944453699,0.47946023840878105,0.2784735096279446,0.49988472733987455,0.2696590884233364,0.49030085115075095,0.2650279349364517,1.0,0.5437400502096286,0.24858417736395377,0.21670268347443722,0.2633013268916895,0.24756481059424085,0.24781370154601767,0.24954997381986999,0.25305185961082555,0.26690643836118844,0.23602718445049797,0.21700956383381154,0.17014881611677357,0.26172772823287116,0.5071844210291353,0.3048585229314814,0.26467623140760965,0.48707345769678667,0.2655863267324171,0.0,0.2588726822216587,0.25184681587643043,0.41373088481645504,0.23949957624735452,0.25128263199640144,0.28578491471331036,0.2573354215922611,0.5018615888953483,0.25102435084561747,0.2651927761097398,0.5057140912360027,0.4945396465126981,0.29302564553405974,0.24287843142065257,0.25091170251256933,0.4434826997254301,0.3117830116400635
0.2607871724015859,0.2575036077900307,0.20178261336850845,0.5519757487400776,0.2811701974834745,0.2577575480790735,0.23865206412176243,0.4766275307949015,0.2846284081164402,0.4998373198773163,0.26679243075168235,0.5942113489816823,0.276090653086528,0.5437400502096286,1.0,0.25283801559585384,0.22323794444800604,0.25666618936165553,0.24064829012372302,0.24350342725821184,0.24622474252279858,0.24866247322887436,0.2625603110544258,0.24657612501490256,0.22607905632317649,0.18306626943191906,0.25748676569590745,0.48068876988370735,0.29923249850812605,0.2687537146340485,0.4912051909182287,0.27150901787446236,0.0,0.2543639138565639,0.24454673780281422,0.4029433186754954,0.24370009477557963,0.24824649614712935,0.28633479521806415,0.2552873931929258,0.5052021046775759,0.25000090468975245,0.25991009388411723,0.48649569492466815,0.4779859461946834,0.28675620050165607,0.24560766944077495,0.2530170778897348,0.43485647158968277,0.3096871224679415
0.29721031734388637,0.34606664208579485,0.2177888673463373,0.2579167154252877,0.3389096447668497,0.3580028423236066,0.7351767033761354,0.26284603318035127,0.29850508077908955,0.2647481538197233,0.3727712097287872,0.25593467765059363,0.37588076292805117,0.24858417736395377,0.25283801559585384,1.0,0.2821578524048308,0.36669303750470383,0.3621072508102111,0.7564704354700146,0.36303523223514533,0.3654357412362427,0.37561117973188674,0.34061796142395273,0.30364222062789026,0.24582302965506408,0.354593663210226,0.24885819420480393,0.28410779933520125,0.30045845171628927,0.2427298652757488,0.3512249639911128,0.0,0.3539770583466305,0.3460977773292493,0.2660030971303914,0.7398345484362203,0.3324024738329968,0.17052300366607587,0.3518416829413361,0.24581884865535286,0.3454597663886091,0.3549267458661729,0.2571357068696175,0.25593467765059363,0.26898558597684397,0.3325628983743252,0.34223350260862284,0.25130578272557946,0.28789470184409505
0.2841968346560193,0.3889451703907201,0.18058403037069093,0.24094313575451098,0.3462230954573269,0.41684800642852493,0.2816560309159175,0.23548816463888067,0.25106174317520147,0.2202125651105834,0.33441036222542464,0.25778837646140784,0.3399040106683018,0.21670268347443722,0.22323794444800604,0.2821578524048308,1.0,0.32354431715635423,0.31789191703902064,0.28242254911236697,0.32198305497375634,0.325997318662544,0.3414655860985599,0.5233761745780396,0.5513791200250646,0.520966389412619,0.3242364104423172,0.22839898332924835,0.25270401134129783,0.2526910805639683,0.20486122308652988,0.41423307559510136,0.0,0.3652190737223846,0.4486840449681039,0.2233235221407076,0.28045176806698835,0.3871317240226627,0.40471379343771463,0.39306658664318317,0.21194070446552382,0.3665370189656393,0.3309801312308346,0.23472944273408836,0.24225818375386288,0.25198347443775615,0.4721118347687947,0.42923162844108675,0.21307822243631724,0.2597891655043174
0.3091639822097759,0.4194102692427305,0.22404327522056167,0.2628204291004004,0.4004174345349629,0.41736177452361045,0.38105883509426597,0.2723772716189483,0.30187954040881504,0.27026446194904186,0.48729478989972863,0.26003591660541425,0.4998727013699429,0.2633013268916895,0.25666618936165553,0.36669303750470383,0.32354431715635423,1.0,0.5144184694117933,0.3838843725334953,0.5126606649655993,0.5057804771409691,0.5206798437740476,0.38172918023801927,0.3276428038584964,0.2615300555933625,0.5008023224354992,0.2646462643254459,0.29929951909279484,0.30033052498972845,0.2461599467275526,0.45585389922514563,0.0,0.47911213119346663,0.40869515131633294,0.2810083056589322,0.3662987156722908,0.44949687845208985,0.18398454980001444,0.4844862399797283,0.24852576006620297,0.42199946571032265,0.4889198915993549,0.2675906175352456,0.2653517546506202,0.2736696966014962,0.40409831480221714,0.4162815663313192,0.2640420132375526,0.3049921894030587
0.296006744979477,0.3995566414567774,0.21682867243287773,0.254946563456545,0.3905241841857635,0.41016043771544286,0.3759084971895609,0.26635053687492916,0.2832833720835699,0.25430248448350334,0.4612203155225284,0.2547156085010216,0.4876624199656543,0.24756481059424085,0.24064829012372302,0.3621072508102111,0.31789191703902064,0.5144184694117933,1.0,0.3682639324934073,0.5017122001908432,0.5019241367835081,0.5144024577452551,0.3672966256412572,0.3236127849099304,0.25662729079005187,0.4836284081673268,0.25635927141768544,0.2840255877959659,0.2909809142396643,0.2313293067988217,0.45251034356596853,0.0,0.4725706960692666,0.40277205159139984,0.27299506493931536,0.36081563944505113,0.4388580574671851,0.1767401632990202,0.4740679944480287,0.23458515423218906,0.40707034797461394,0.47533207793188226,0.2597784795935022,0.2584066674069223,0.26694575642310825,0.38367682686516624,0.3972017635581928,0.25308134363710766,0.29095503447373083
0.2979687548525277,0.35044010685976357,0.2207739762861055,0.25241146233683887,0.3156331913119601,0.3535004479040754,0.843856444337338,0.2563434919975902,0.29603743893406465,0.2579825580957955,0.37052732057775595,0.2486198546110312,0.36387388166002765,0.24781370154601767,0.24350342725821184,0.7564704354700146,0.28242254911236697,0.3838843725334953,0.3682639324934073,1.0,0.38385504977290585,0.3711193522298192,0.38915049809911295,0.32462475467987983,0.29137329979261606,0.23277470740820716,0.36159754776983477,0.2508115799037033,0.2869344954087337,0.2912517091590706,0.2332395161700005,0.34444261313197944,0.0,0.35936984391076054,0.35046085248402337,0.2697619733258245,0.7914945777753136,0.3355673592662596,0.16982638157794128,0.36063607791677066,0.23628000792085024,0.35046247090128,0.3634027864252174,0.25480705950218496,0.25275563125747325,0.2722391868410653,0.3361472666340659,0.34540916262587096,0.25268552660760035,0.2930714641493659
0.3000578410230105,0.40723310076426655,0.21918812073085936,0.25460271686530545,0.41394783853032147,0.4028953044393093,0.380511352412786,0.2606349788802762,0.2917593834615384,0.2583213135436221,0.49109416972836073,0.2553379431746624,0.5168031726603189,0.24954997381986999,0.24622474252279858,0.36303523223514533,0.32198305497375634,0.5126606649655993,0.5017122001908432,0.38385504977290585,1.0,0.511296547573372,0.5308121639691461,0.37278975308711604,0.3245012968415203,0.26383988927512847,0.510333458975336,0.2569946817354599,0.2861826920556475,0.29661215330707624,0.23535400010020102,0.4745998340535321,0.0,0.5006061813196716,0.40057430232369307,0.273215743114562,0.3634534495314128,0.47039899710147437,0.17378425164686373,0.5054402825992895,0.2429488160462263,0.4034467920488439,0.5039284443787375,0.26026888090154654,0.25915419000370954,0.2748142471667846,0.39888222969390474,0.4105456238027755,0.25724978941506627,0.296291371444414
0.302437058660054,0.406223217543215,0.21984502570845832,0.2514520500749968,0.40173185132613065,0.4052174908377807,0.36955469969267074,0.2626585457529165,0.29174706200029865,0.2598533896258006,0.5002571931328924,0.2555864895080948,0.5523494632218471,0.25305185961082555,0.24866247322887436,0.3654357412362427,0.325997318662544,0.5057804771409691,0.5019241367835081,0.3711193522298192,0.511296547573372,1.0,0.7136260025771259,0.37009278916746036,0.3319677416963466,0.26113500629548736,0.5125546032948132,0.2584911614007347,0.29001853604095473,0.294683962523303,0.23839778432935588,0.47862122911005534,0.0,0.6320690601031801,0.402562285206008,0.26783471229044875,0.35794156360272544,0.4690407152273436,0.17711029497293507,0.5082424589033436,0.24010256068491775,0.40882202091242525,0.5087851831023151,0.2614274992326875,0.2566996159813616,0.2753039029888539,0.3917144006391703,0.4027931577057152,0.2563701670981836,0.29678203060653563
0.3155718979921499,0.4222742532378999,0.2268847336631703,0.27576225791188935,0.4194326101921707,0.42517060043272736,0.3873758982176645,0.27557993404228975,0.304596302662413,0.26738199505103855,0.5024721223797245,0.2669387033857461,0.5681290340951677,0.26690643836118844,0.2625603110544258,0.37561117973188674,0.3414655860985599,0.5206798437740476,0.5144024577452551,0.38915049809911295,0.5308121639691461,0.7136260025771259,1.0,0.3840588028595894,0.34041281541359947,0.26974167125880677,0.5342003045931669,0.2731731359308852,0.3015327056900723,0.30106891962279136,0.2493508887522533,0.49966538533135896,0.0,0.6424553602734833,0.40836619282915987,0.27804250128395114,0.37212863209452574,0.48083530428215127,0.18272694852807858,0.516797055816147,0.2525281260987444,0.4178390731314632,0.5190429053797485,0.27425039458754175,0.27206781374530997,0.28129818145175,0.4014379670421985,0.415165280866968,0.26445348564407745,0.30527590176527786
0.3130688473893217,0.5173790461186296,0.20501833067977615,0.2571779610088091,0.39796793817598086,0.5249006555932512,0.32103598695455093,0.273624510432222,0.2957412104353324,0.2570366142307742,0.3966913700918103,0.2734273804298296,0.41363346957356206,0.23602718445049797,0.24657612501490256,0.34061796142395273,0.5233761745780396,0.38172918023801927,0.3672966256412572,0.32462475467987983,0.37278975308711604,0.37009278916746036,0.3840588028595894,1.0,0.5861618253957426,0.45475636812744047,0.38211813330711286,0.25081773443265987,0.2776172938297309,0.2942265304536946,0.23607418241668876,0.428107474222144,0.0,0.3986041268622864,0.5600141961145484,0.2444879430797965,0.3237231310898352,0.4118369007316919,0.31479105899519866,0.42264680587323744,0.24151212617755125,0.43447324417963407,0.3835178960104443,0.2587605911758556,0.264671424642805,0.27161203265080913,0.4841460393251449,0.4602967366946179,0.24137124237964658,0.28339163920880905
0.2836010055815652,0.45883411855938383,0.18435343474416255,0.2450378626758174,0.37208215735281924,0.4863616723862211,0.2892216236666716,0.24205357079973933,0.25581462224024165,0.23389847281670084,0.34202461464018574,0.2583040489347961,0.3545619273368942,0.21700956383381154,0.22607905632317649,0.30364222062789026,0.5513791200250646,0.3276428038584964,0.3236127849099304,0.29137329979261606,0.3245012968415203,0.3319677416963466,0.34041281541359947,0.5861618253957426,1.0,0.5132078634259043,0.3307427240872667,0.2291540675928262,0.24782290983316357,0.25952239035342495,0.2157659679565218,0.4198785153068242,0.0,0.3573860301730024,0.5126216292740894,0.2173061770182203,0.294563561614402,0.39574740843143097,0.3666749578512989,0.3899937646953676,0.2207532948965183,0.38355251749704855,0.3398448832716512,0.2478725285030693,0.24625690821637436,0.2576146098039144,0.4617763418747577,0.4256996338220512,0.22544280645880144,0.2550182901800969
0.2354256968401216,0.317316341789718,0.14564542157382399,0.19236307714889989,0.2969898285163467,0.3432006735210438,0.2303041553063616,0.19769739854793877,0.20525894508401155,0.1866817437327527,0.27865599326319634,0.21712651792007331,0.2834626129399247,0.17014881611677357,0.18306626943191906,0.24582302965506408,0.520966389412619,0.2615300555933625,0.25662729079005187,0.23277470740820716,0.26383988927512847,0.26113500629548736,0.26974167125880677,0.45475636812744047,0.5132078634259043,1.0,0.26418120989239824,0.18993588799927097,0.2025848498854701,0.21084356577486008,0.17094848228882387,0.3340506822428001,0.0,0.297456645607622,0.38286347661328723,0.1722053908122666,0.23403266732908123,0.34696858523813634,0.3945845038174509,0.33578706320817586,0.17386054342773283,0.30400305881793466,0.2698870775819975,0.20539571818728286,0.20852815651458012,0.2087773665867,0.4123106069226238,0.37121783217502935,0.17857608857224827,0.2071239670559487
0.3076906952369326,0.4209777593344367,0.2270487082732069,0.26117283859120255,0.42010292618102707,0.40897692724824897,0.355260038520987,0.2717369443180666,0.30254394096996406,0.26958653357282514,0.5133679566607037,0.26415067817078597,0.5450039885965209,0.26172772823287116,0.25748676569590745,0.354593663210226,0.3242364104423172,0.5008023224354992,0.4836284081673268,0.36159754776983477,0.510333458975336,0.5125546032948132,0.5342003045931669,0.38211813330711286,0.3307427240872667,0.26418120989239824,1.0,0.2629670289762529,0.30225959922999723,0.3058126924421808,0.24483918131284976,0.4910314629932062,0.0,0.5063522843922642,0.40672642644710555,0.2713908585973358,0.3429139719983493,0.5619820200144421,0.1723863233710381,0.5390401401978686,0.25019307860442075,0.4183808866485895,0.6200301404189124,0.2698152666457768,0.26415067817078597,0.28274943999910995,0.40062809281530687,0.4122322297153568,0.2671882438478326,0.3043675813260104
0.27686196040329736,0.2762192415895294,0.21171898398054723,0.5165924664415247,0.24140611102918685,0.2660926366084082,0.24692040228027323,0.6920566404771383,0.2698531718238467,0.5002195331388677,0.2723547246408399,0.48581873855175417,0.26691528199747827,0.5071844210291353,0.48068876988370735,0.24885819420480393,0.22839898332924835,0.2646462643254459,0.25635927141768544,0.2508115799037033,0.2569946817354599,0.2584911614007347,0.2731731359308852,0.25081773443265987,0.2291540675928262,0.18993588799927097,0.2629670289762529,1.0,0.31415200043899505,0.2642839872369296,0.4618749419297027,0.2668451977028774,0.0,0.2646949543819517,0.2555870945342651,0.41117438263607287,0.23856382337058457,0.2705613120503805,0.31078782548675465,0.26657077460164325,0.47649360291935616,0.2599412633860041,0.26453985824986836,0.802876367554904,0.7621203408680726,0.29257700369707207,0.25665659135335417,0.2604820681216242,0.4550195458675961,0.30733909144117233
0.340838284518869,0.3107290485634676,0.24406525440783478,0.3048505289333566,0.27783492386632913,0.30901230328670837,0.28375518021536417,0.31593129364646877,0.3311479357177828,0.31445185052644353,0.3090565970170056,0.30926971381803037,0.310735450768707,0.3048585229314814,0.29923249850812605,0.28410779933520125,0.25270401134129783,0.29929951909279484,0.2840255877959659,0.2869344954087337,0.2861826920556475,0.29001853604095473,0.3015327056900723,0.2776172938297309,0.24782290983316357,0.2025848498854701,0.30225959922999723,0.31415200043899505,1.0,0.32488680081133314,0.2865706101226875,0.29815689653490907,0.0,0.2994121684666773,0.2933454289208254,0.30810577116120574,0.276649996034791,0.2934599593735171,0.20780425975764483,0.29996209832970877,0.2879630600507803,0.2959408131862328,0.2992241324974192,0.31160164945597335,0.311528687920673,0.3903060485338137,0.2860257305353797,0.2938143310593778,0.2994865849602575,0.6134311148399016
0.3858097378072388,0.30667933426675875,0.252663896101776,0.2732431683191323,0.287918898127418,0.3012366150414826,0.2858955430362258,0.27724343755542435,0.404178546455351,0.2829778506905215,0.3190301441347607,0.2756487625238364,0.3217791005806053,0.26467623140760965,0.2687537146340485,0.30045845171628927,0.2526910805639683,0.30033052498972845,0.2909809142396643,0.2912517091590706,0.29661215330707624,0.294683962523303,0.30106891962279136,0.2942265304536946,0.25952239035342495,0.21084356577486008,0.3058126924421808,0.2642839872369296,0.32488680081133314,1.0,0.25768090365984986,0.293816755504151,0.0,0.29881903358697814,0.29929212825110973,0.27067763915937737,0.28115723966167594,0.29354404222126895,0.1888821966911055,0.31298777198628847,0.26598626449535046,0.29896798244676714,0.30880239437057555,0.2728632460743782,0.26905592156399905,0.3267087546586568,0.2946850220947087,0.30013046832084567,0.26603108096515526,0.33860405858040565
0.24924529635355952,0.2506289426185395,0.19374084587031704,0.4985713082736193,0.26442003900175814,0.2487352152701492,0.22954005027381286,0.46651437467682966,0.27509976785620427,0.5077222654367859,0.2544042050784685,0.4377991943168271,0.2620505621439889,0.48707345769678667,0.4912051909182287,0.2427298652757488,0.20486122308652988,0.2461599467275526,0.2313293067988217,0.2332395161700005,0.23535400010020102,0.23839778432935588,0.2493508887522533,0.23607418241668876,0.2157659679565218,0.17094848228882387,0.24483918131284976,0.4618749419297027,0.2865706101226875,0.25768090365984986,1.0,0.25994617408749243,0.0,0.2461166084616181,0.2360565285422559,0.394005470664451,0.23332448174736198,0.23464682704409956,0.26650123872505416,0.24373558391516936,0.6531445299589671,0.24027425370800848,0.24496397057402708,0.4692503822466799,0.46027231038878713,0.27103015490322724,0.23206424740797305,0.23795635246348046,0.4158221799605437,0.2857853908007155
0.30435123721955015,0.4072647921028725,0.21985995640847966,0.28355321321103966,0.4636210947680921,0.42077280255752025,0.341311748794597,0.27889870639654857,0.303445901783134,0.270503626258078,0.47012833984469293,0.2769205411363169,0.5114760879437086,0.2655863267324171,0.27150901787446236,0.3512249639911128,0.41423307559510136,0.45585389922514563,0.45251034356596853,0.34444261313197944,0.4745998340535321,0.47862122911005534,0.49966538533135896,0.428107474222144,0.4198785153068242,0.3340506822428001,0.4910314629932062,0.2668451977028774,0.29815689653490907,0.293816755504151,0.25994617408749243,1.0,0.0,0.4891313926535007,0.41174849737816044,0.26348867606807325,0.3484687125829937,0.49378078763663324,0.23485042162057357,0.514771117166379,0.2578701246913748,0.41071066682522706,0.5003073040008015,0.27265035767299994,0.2737758524585058,0.27502382890974664,0.42264914579431556,0.42292480314739644,0.25434868020985657,0.2932098756837983
0.0,0.0,0.0,0.0,0.0,0.0,0.0,0.0,0.0,0.0,0.0,0.0,0.0,0.0,0.0,0.0,0.0,0.0,0.0,0.0,0.0,0.0,0.0,0.0,0.0,0.0,0.0,0.0,0.0,0.0,0.0,0.0,1.0,0.0,0.0,0.0,0.0,0.0,0.0,0.0,0.0,0.0,0.0,0.0,0.0,0.0,0.0,0.0,0.0,0.0
0.312109812256122,0.41161357954032163,0.22621445482027436,0.2595189098114683,0.4210427229153455,0.42545189936827654,0.3621739093324976,0.2744599650530536,0.2992764587268888,0.26397461391799315,0.49272633844287783,0.2677904849412477,0.549164130499882,0.2588726822216587,0.2543639138565639,0.3539770583466305,0.3652190737223846,0.47911213119346663,0.4725706960692666,0.35936984391076054,0.5006061813196716,0.6320690601031801,0.6424553602734833,0.3986041268622864,0.3573860301730024,0.297456645607622,0.5063522843922642,0.2646949543819517,0.2994121684666773,0.29881903358697814,0.2461166084616181,0.4891313926535007,0.0,1.0,0.4166293559547293,0.28348849230336115,0.3462518121327769,0.4813935205737693,0.22307656115113472,0.5102214691170146,0.24705165767460524,0.41420050625523186,0.5115683988021663,0.26834962968212817,0.26944350282341756,0.275811206688945,0.4116815143574828,0.4178863648977157,0.2583144742126052,0.300955579802762
0.3094469582704559,0.5595964945296572,0.21187070145290754,0.2551659998874335,0.37822118215424205,0.557757548882685,0.35213003068434257,0.26063412804838804,0.2926586188778152,0.25620592908287565,0.41932921599773554,0.2657450409374148,0.42080594503160473,0.25184681587643043,0.24454673780281422,0.3460977773292493,0.4486840449681039,0.40869515131633294,0.40277205159139984,0.35046085248402337,0.40057430232369307,0.402562285206008,0.40836619282915987,0.5600141961145484,0.5126216292740894,0.38286347661328723,0.40672642644710555,0.2555870945342651,0.2933454289208254,0.29929212825110973,0.2360565285422559,0.41174849737816044,0.0,0.4166293559547293,1.0,0.2559900770684964,0.33455912598808724,0.4095786018101695,0.24417947647280724,0.4308889855150496,0.2409879932341672,0.4670065778932694,0.4209531690950682,0.25718838301603075,0.25735101171434815,0.2811129388000322,0.47826267614285434,0.4750963079468915,0.2506233467055914,0.29496879140844845
0.2701819865798176,0.26571896482732127,0.21105711563362273,0.41661895585788344,0.24519840455879194,0.2725186097251264,0.2707617075395158,0.4136797514885231,0.2775667914728629,0.4260301310928565,0.28327817873856587,0.3970331115209571,0.2714694872926863,0.41373088481645504,0.4029433186754954,0.2660030971303914,0.2233235221407076,0.2810083056589322,0.27299506493931536,0.2697619733258245,0.273215743114562,0.26783471229044875,0.27804250128395114,0.2444879430797965,0.2173061770182203,0.1722053908122666,0.2713908585973358,0.41117438263607287,0.30810577116120574,0.27067763915937737,0.394005470664451,0.26348867606807325,0.0,0.28348849230336115,0.2559900770684964,1.0,0.2579099778452256,0.2524975471668355,0.27763264686087064,0.27385253808717147,0.40070542124687314,0.2604122989039711,0.2691841752136216,0.41623290025094384,0.4171209388608459,0.2893528400685671,0.25113029418559196,0.25823099264986793,0.40853889543050825,0.31221359981630037
0.28497261435130794,0.3294775428255914,0.20801475744538722,0.25032162228780697,0.32590713131478233,0.34169464435678953,0.782313076084603,0.24957850825482863,0.2882534999676788,0.2539374539976632,0.3537551790768123,0.24094671421118263,0.36244658467387003,0.23949957624735452,0.24370009477557963,0.7398345484362203,0.28045176806698835,0.3662987156722908,0.36081563944505113,0.7914945777753136,0.3634534495314128,0.35794156360272544,0.37212863209452574,0.3237231310898352,0.294563561614402,0.23403266732908123,0.3429139719983493,0.23856382337058457,0.276649996034791,0.28115723966167594,0.23332448174736198,0.3484687125829937,0.0,0.3462518121327769,0.33455912598808724,0.2579099778452256,1.0,0.3197500761536216,0.1650183857397881,0.33832662439053407,0.2340376217679182,0.33817031395871033,0.35011871242108183,0.2460604279721148,0.2433871943711089,0.25806872374873013,0.3193589787543626,0.32868278540175044,0.23813064469687173,0.2786769617378708
0.3177900687430809,0.4202643700847106,0.22052191456959225,0.25226318797962144,0.4420566769200157,0.41895371615704435,0.33043715408325847,0.277609287854098,0.2865391572856407,0.25907820329110376,0.4817349670729034,0.2747676287864721,0.49714021667928,0.25128263199640144,0.24824649614712935,0.3324024738329968,0.3871317240226627,0.44949687845208985,0.4388580574671851,0.3355673592662596,0.47039899710147437,0.4690407152273436,0.48083530428215127,0.4118369007316919,0.39574740843143097,0.34696858523813634,0.5619820200144421,0.2705613120503805,0.2934599593735171,0.29354404222126895,0.23464682704409956,0.49378078763663324,0.0,0.4813935205737693,0.4095786018101695,0.2524975471668355,0.3197500761536216,1.0,0.2731037823694694,0.526723519859384,0.2400731497775036,0.40751321642895,0.6020944609226369,0.2734890408228793,0.26846710246408045,0.28373151489964776,0.435944888086064,0.4268664184852837,0.26175469823032593,0.29510485238942685
0.21951585197912893,0.17400299725929624,0.13688304108262495,0.29787090775810277,0.19621577171279136,0.21600631273464133,0.1757050693217278,0.3050713420914475,0.17535097490367735,0.29712106552559003,0.18352063884277336,0.3410608743164866,0.176328888660384,0.28578491471331036,0.28633479521806415,0.17052300366607587,0.40471379343771463,0.18398454980001444,0.1767401632990202,0.16982638157794128,0.17378425164686373,0.17711029497293507,0.18272694852807858,0.31479105899519866,0.3666749578512989,0.3945845038174509,0.1723863233710381,0.31078782548675465,0.20780425975764483,0.1888821966911055,0.26650123872505416,0.23485042162057357,0.0,0.22307656115113472,0.24417947647280724,0.27763264686087064,0.1650183857397881,0.2731037823694694,1.0,0.2543943343649192,0.27237408682684927,0.17652379759583625,0.17563334990687585,0.3133708971625121,0.32246886096178307,0.2179703332783821,0.28503164014360693,0.2253998578968175,0.2787320087448585,0.21044413956721109
0.3176136991586346,0.42184874025254004,0.22622081031695096,0.26301641265829323,0.43308201001555513,0.42177846354368553,0.3526390006617749,0.2743542508391822,0.30217600195595984,0.26973968507103785,0.5226071296650736,0.27475332382355955,0.5409846563893665,0.2573354215922611,0.2552873931929258,0.3518416829413361,0.39306658664318317,0.4844862399797283,0.4740679944480287,0.36063607791677066,0.5054402825992895,0.5082424589033436,0.516797055816147,0.42264680587323744,0.3899937646953676,0.33578706320817586,0.5390401401978686,0.26657077460164325,0.29996209832970877,0.31298777198628847,0.24373558391516936,0.514771117166379,0.0,0.5102214691170146,0.4308889855150496,0.27385253808717147,0.33832662439053407,0.526723519859384,0.2543943343649192,1.0,0.24793598674096096,0.4206047441348494,0.5406047094296931,0.2694027877332912,0.2729130864875836,0.29554645466893115,0.4540615094227066,0.4479001116758492,0.26446563221660724,0.31115187303413405
