../ecoli_genomes/GCF_000163235.1_ASM16323v1_genomic.fna.gz,../ecoli_genomes/GCF_000164555.1_ASM16455v1_genomic.fna.gz,../ecoli_genomes/GCF_000208545.1_ASM20854v2_genomic.fna.gz,../ecoli_genomes/GCF_000233875.1_ASM23387v1_genomic.fna.gz,../ecoli_genomes/GCF_000249735.1_ASM24973v2_genomic.fna.gz,../ecoli_genomes/GCF_000261145.1_Esch_coli_M919_V2_genomic.fna.gz,../ecoli_genomes/GCF_000267705.2_ASM26770v2_genomic.fna.gz,../ecoli_genomes/GCF_000350665.1_Esch_coli_KTE5_V1_genomic.fna.gz,../ecoli_genomes/GCF_000351625.1_Esch_coli_KTE66_V1_genomic.fna.gz,../ecoli_genomes/GCF_000352285.1_Esch_coli_KTE46_V1_genomic.fna.gz,../ecoli_genomes/GCF_000358895.1_ASM35889v1_genomic.fna.gz,../ecoli_genomes/GCF_000456385.1_Esch_coli_HVH_26_4-5703913_V1_genomic.fna.gz,../ecoli_genomes/GCF_000458195.1_Esch_coli_HVH_147_4-5893887_V1_genomic.fna.gz,../ecoli_genomes/GCF_000459755.1_Esch_coli_KOEGE_58_171a_V1_genomic.fna.gz,../ecoli_genomes/GCF_000460055.1_Esch_coli_UMEA_3053-1_V1_genomic.fna.gz,../ecoli_genomes/GCF_000462165.2_ASM46216v2_genomic.fna.gz,../ecoli_genomes/GCF_000601135.1_ASM60113v1_genomic.fna.gz,../ecoli_genomes/GCF_000614595.1_Ec2010EL1058_genomic.fna.gz,../ecoli_genomes/GCF_000617745.1_Ec2010C-4529_genomic.fna.gz,../ecoli_genomes/GCF_000618265.2_EcF6751_genomic.fna.gz,../ecoli_genomes/GCF_000619005.2_Ec2009C-4052_genomic.fna.gz,../ecoli_genomes/GCF_000619105.1_Ec2009C-4780_genomic.fna.gz,../ecoli_genomes/GCF_000619765.2_Ec2009C-3279_genomic.fna.gz,../ecoli_genomes/GCF_000687005.1_ASM68700v1_genomic.fna.gz,../ecoli_genomes/GCF_000687025.1_ASM68702v1_genomic.fna.gz,../ecoli_genomes/GCF_000700125.1_ASM70012v1_genomic.fna.gz,../ecoli_genomes/GCF_000753315.1_FHI35_genomic.fna.gz,../ecoli_genomes/GCF_000776375.1_ASM77637v1_genomic.fna.gz,../ecoli_genomes/GCF_000779395.1_ASM77939v1_genomic.fna.gz,../ecoli_genomes/GCF_000780315.1_ASM78031v1_genomic.fna.gz,../ecoli_genomes/GCF_000781995.1_ASM78199v1_genomic.fna.gz,../ecoli_genomes/GCF_000986765.1_ASM98676v1_genomic.fna.gz,../ecoli_genomes/GCF_001041375.1_ViralProj287958_genomic.fna.gz,../ecoli_genomes/GCF_001265335.1_302014_genomic.fna.gz,../ecoli_genomes/GCF_001265625.1_100854_genomic.fna.gz,../ecoli_genomes/GCF_001267345.1_303289_genomic.fna.gz,../ecoli_genomes/GCF_001309985.1_ASM130998v1_genomic.fna.gz,../ecoli_genomes/GCF_001521695.1_ASM152169v1_genomic.fna.gz,../ecoli_genomes/GCF_001592595.1_ASM159259v1_genomic.fna.gz,../ecoli_genomes/GCF_001614975.1_ASM161497v1_genomic.fna.gz,../ecoli_genomes/GCF_001692775.1_ASM169277v1_genomic.fna.gz,../ecoli_genomes/GCF_001748915.1_ASM174891v1_genomic.fna.gz,../ecoli_genomes/GCF_001749235.1_ASM174923v1_genomic.fna.gz,../ecoli_genomes/GCF_001881155.1_ASM188115v1_genomic.fna.gz,../ecoli_genomes/GCF_001881345.1_ASM188134v1_genomic.fna.gz,../ecoli_genomes/GCF_001892405.1_ASM189240v1_genomic.fna.gz,../ecoli_genomes/GCF_001892585.1_ASM189258v1_genomic.fna.gz,../ecoli_genomes/GCF_001893985.1_ASM189398v1_genomic.fna.gz,../ecoli_genomes/GCF_002001595.1_ASM200159v1_genomic.fna.gz,../ecoli_genomes/GCF_002002145.1_ASM200214v1_genomic.fna.gz
1.0,0.3190030785108714,0.2631922975351709,0.2768061373577083,0.28305198866487613,0.3164616000797723,0.29977413783422524,0.2860534677222857,0.38949755510064177,0.28820922907707947,0.32328702877247373,0.2876235142571799,0.3159743417723637,0.27287773376917734,0.2633959627416821,0.3025341399373752,0.27273981308206174,0.3078893935671072,0.2872077806089526,0.29994656207032855,0.2986508721036282,0.3029683935850006,0.3152410699897312,0.3096895804082067,0.28844686051762325,0.2945551635643612,0.306962334972545,0.27888414763727276,0.34073964307393,0.3915449544643146,0.26253378915721537,0.30571460793924965,0.0,0.31231020412607613,0.30162003586051,0.2744908906590353,0.2856134425681357,0.31306607514037754,0.23148037401901678,0.31525616675322377,0.2633363831507547,0.30712266464492755,0.31449794637988504,0.2834564892411454,0.29322837914138533,0.31979891094295776,0.3121946044859383,0.3121696908486634,0.2660122069083699,0.34199319445132703
0.3190030785108714,1.0,0.23957479355197653,0.27059942512303947,0.3689008441557089,0.5784513123474597,0.34272788269189614,0.28424877132345605,0.3008088742829551,0.28436146416917074,0.43736038601735283,0.28622459982118253,0.42013999181234374,0.2711145914199038,0.2597505644163206,0.3426241140016091,0.38268053305186445,0.4187064646924846,0.3855508278532178,0.34781392833470137,0.40372438583299786,0.4018742489539212,0.41957199285625335,0.5171838497416442,0.4810331813002382,0.4578089641821982,0.42144507170996426,0.2809821473362727,0.30758737849984974,0.3037186832208766,0.2627280433124296,0.4047522266494067,0.0,0.41332356219821764,0.569552256068748,0.267119179387148,0.3238083901601959,0.43417135109634575,0.2195262001831565,0.42570713918615755,0.2645693707011846,0.4789756634111224,0.42869115062695085,0.29256652591496146,0.29149705752251565,0.2810722952945802,0.48649305303789236,0.48664089786814513,0.28296099249178097,0.30324860538031995
0.2631922975351709,0.23957479355197653,1.0,0.20856818945894695,0.19912304440442474,0.2307847850892485,0.220669522456848,0.21374109170778932,0.24650995239185325,0.21713263060985832,0.24060508358117394,0.20961754926341536,0.23218895625824654,0.2132398124006344,0.2035779899237512,0.2231090758513048,0.1793057566485602,0.22678117602610925,0.2106235064435128,0.2230550950276814,0.2256265507785331,0.2198691488777158,0.230296163557433,0.2088544810335281,0.19604925227846048,0.2069664665777161,0.22826078257015303,0.21607151182420126,0.25418998958335415,0.2550370988403129,0.20432880645597296,0.22029983044888923,0.0,0.22816948376971002,0.2191835659131448,0.2145750555463899,0.21207008439663522,0.22541061857517952,0.18025030147130972,0.23232180435678018,0.20636500117308199,0.22732649860631726,0.23412297853612318,0.21852099736105413,0.21521189331987978,0.23891563155029472,0.23320359121922407,0.23312252550747958,0.21843427954171946,0.25367326833615156
0.2768061373577083,0.27059942512303947,0.20856818945894695,1.0,0.2825340413316074,0.27860938590804174,0.2547716339394591,0.4987641077690713,0.29114082465933444,0.5324945076668196,0.2669343722363454,0.49625738149121357,0.2849159501797639,0.533300859634761,0.5589948714255601,0.27279583900579096,0.23756981946668454,0.2588672202296374,0.24178474208578515,0.25487095302337814,0.25406725299816835,0.24577027250990047,0.26425493771316066,0.263593132612464,0.2642263724015059,0.2715762158400292,0.2603795691396017,0.5069341499576872,0.2997805423562614,0.2762824037639692,0.5044362581238526,0.2895500598487901,0.0,0.2549030128291141,0.2571948344880003,0.41200837994527606,0.25341405744413126,0.2565152389494443,0.3730572120408875,0.26110120568265316,0.5214115938125898,0.2561114557274785,0.2634177620161322,0.5117896250870213,0.5017618098483245,0.28992038315434665,0.2583437287093976,0.25875489556950837,0.445189050703481,0.30257132149346166
0.28305198866487613,0.3689008441557089,0.19912304440442474,0.2825340413316074,1.0,0.39651116184819446,0.29735806582875235,0.2796395077616485,0.30969074595258816,0.2904570608371413,0.47442079158277894,0.252928863350946,0.45548581086936435,0.25523556531112757,0.28394044020044706,0.3394775712046567,0.34413957748326873,0.3811866004420231,0.3542972739458913,0.30025782757067687,0.3902606951863997,0.36987487057828283,0.39127327793856526,0.3843143919678341,0.3719923435327125,0.40694234166013543,0.3952027294521079,0.24281480274329426,0.26682936555464154,0.29338138118328483,0.2689247916658307,0.4397181982570251,0.0,0.39938590987133016,0.3755439244462392,0.23827789617203698,0.3078353857484406,0.4298813615296059,0.28363977404534324,0.41049155931532166,0.27633691806493976,0.3724783102601935,0.4106366818403462,0.25223291358047484,0.25758059162944225,0.25127011606604377,0.3820573558020611,0.38314577748243295,0.24412103720216527,0.28335295489296564
0.3164616000797723,0.5784513123474597,0.2307847850892485,0.27860938590804174,0.39651116184819446,1.0,0.35759583143033524,0.29433384414167485,0.30516704668610506,0.282114828595731,0.4306408961536995,0.27620017051275536,0.4298935822295018,0.27508826802125186,0.2709584887378338,0.3624244151463668,0.3895682328880412,0.42674193145614236,0.3867851164755566,0.3584418021325779,0.40305684202202896,0.4004215843716854,0.42392654761123594,0.5195639357670426,0.4956442889802922,0.4553286009384796,0.41441582921501985,0.27758818419221987,0.3126436636704899,0.30234434043386504,0.26327669583365454,0.4205872031410798,0.0,0.42491022215787333,0.5752328055744318,0.2752891576712799,0.3424812901444969,0.42343829117615117,0.2394028913603664,0.422024347502438,0.26468991273822107,0.4792891698307017,0.4284007795788155,0.28307649626701936,0.2858006216000344,0.283921719632489,0.4885223028438236,0.49248007322846443,0.2712542064280624,0.31106566623700416
0.29977413783422524,0.34272788269189614,0.220669522456848,0.2547716339394591,0.29735806582875235,0.35759583143033524,1.0,0.26193377029476794,0.2946727776757957,0.2582454855534393,0.35886074978559446,0.25135107540020785,0.3468380287000439,0.25374789728283975,0.24610728606657395,0.7359616432935507,0.26523194685209805,0.37774725238537354,0.34433095074272824,0.8517567957326047,0.37785866984938044,0.3579057053038248,0.38225371916680273,0.31807772800799683,0.29150792407546744,0.31091052254073004,0.35029855989537184,0.25880013970403914,0.2822244944094203,0.2918180291960908,0.24073491439245465,0.3334380570224793,0.0,0.3523048532991061,0.34864268187770875,0.2662833175779997,0.7699467889333609,0.33406102579256547,0.22423446642403744,0.3533393261061625,0.24109090482475226,0.3386698432047023,0.35228103495779284,0.258243792698301,0.2586053418819888,0.26843823560582425,0.33842258039182593,0.3386475053344762,0.2526654963878239,0.2878471831045669
0.2860534677222857,0.28424877132345605,0.21374109170778932,0.4987641077690713,0.2796395077616485,0.29433384414167485,0.26193377029476794,1.0,0.289377886473568,0.5101524840740336,0.2792877386708963,0.4813143645133514,0.2888561740942447,0.4886359183309146,0.4761833240558413,0.2758213729334307,0.2500373580949514,0.2672515596452767,0.2555038258855956,0.2636788087087216,0.26145561133070583,0.25589805202407334,0.2707662009119661,0.2893625241549844,0.2688114598328234,0.2779885453737928,0.2677405246073401,0.6912407709759044,0.31160937976560765,0.2816421344759996,0.4709643457119397,0.2881376868891299,0.0,0.2693200339717119,0.2667076594307398,0.4091872516506966,0.25519158298312816,0.2824335100004455,0.3753933761855446,0.27675023234691243,0.47458227786961893,0.26869332553486636,0.27653760986152254,0.6997637742787326,0.6741229149336483,0.2979560039045972,0.2686663841228083,0.2689408090707289,0.4430549649338025,0.309640596379146
0.38949755510064177,0.3008088742829551,0.24650995239185325,0.29114082465933444,0.30969074595258816,0.30516704668610506,0.2946727776757957,0.289377886473568,1.0,0.3078314274377669,0.31557199939352243,0.2705685332698373,0.3320736872417085,0.28372750671654434,0.2917284010993574,0.31742516473922,0.24840456061691174,0.2996081231000256,0.27424638217428365,0.2985684489123206,0.29313586217266396,0.28651671228852527,0.3049662372804747,0.29836765220721484,0.2720029166412177,0.29768913916042195,0.3070281972656751,0.265962582666753,0.32824557166920076,0.4237181991008381,0.2835240201337793,0.3113475216537174,0.0,0.29530223122537647,0.2892732225772958,0.2802190736393195,0.29236247206414245,0.29380870264641346,0.22470801742818525,0.30771265097616984,0.28427759084626336,0.30229830886548237,0.3095259237968446,0.2721184378083733,0.2711090441140337,0.3084856801206073,0.29884872597546175,0.29883362170015626,0.2650708442286791,0.3356422288197557
0.28820922907707947,0.28436146416917074,0.21713263060985832,0.5324945076668196,0.2904570608371413,0.282114828595731,0.2582454855534393,0.5101524840740336,0.3078314274377669,1.0,0.28187420057447254,0.4792843866000124,0.29913235466308563,0.5082669947885875,0.5103117180248646,0.2789390636781789,0.2285650762595305,0.26968055414047376,0.24751341259546744,0.2604962235343672,0.26203447293771687,0.2510197230750738,0.26536106033949536,0.2651158555047083,0.2569026615114357,0.2767288725563912,0.26856549951613384,0.4989210183739604,0.31612337534529045,0.286742272249337,0.5283313243901446,0.2815073829590371,0.0,0.2593917255831856,0.2620352660075872,0.4284431075598558,0.2573164693947556,0.26876060368435073,0.38587557849194065,0.27570983802071614,0.5331945790191095,0.26468802494433796,0.2702390048174217,0.5034768696889748,0.5035997100738707,0.29664369569950044,0.2694271991346362,0.2697185869019767,0.46616228604950294,0.3067094395581169
0.32328702877247373,0.43736038601735283,0.24060508358117394,0.2669343722363454,0.47442079158277894,0.4306408961536995,0.35886074978559446,0.2792877386708963,0.31557199939352243,0.28187420057447254,1.0,0.27082943278815186,0.525086673775447,0.2753748211722906,0.26368551238860016,0.3595081337820295,0.32635822355123556,0.4943264257525495,0.45959533071795733,0.36319166026656335,0.4896494931161599,0.4930007913210346,0.502469412034622,0.39482396132368525,0.35848320797224387,0.3961470945792248,0.5056146389444479,0.2782553729321551,0.30355250514339926,0.3193530633744409,0.25993882262490975,0.46036413782464736,0.0,0.4842116514619339,0.43124512706575446,0.27907927178122205,0.339026243182047,0.4859924386374185,0.22734369300138213,0.53018110509754,0.26033344824007254,0.44275495885222105,0.5096432673892832,0.27989064562340193,0.28045427642916443,0.285667304889731,0.44601111925755166,0.4458804186380133,0.27828644842047634,0.3094956239075045
0.2876235142571799,0.28622459982118253,0.20961754926341536,0.49625738149121357,0.252928863350946,0.27620017051275536,0.25135107540020785,0.4813143645133514,0.2705685332698373,0.4792843866000124,0.27082943278815186,1.0,0.2680754018842245,0.4890098395976742,0.5920450479372057,0.2573805919864196,0.24820980373565504,0.25868893205692256,0.24458014243900406,0.25341628586560827,0.2555362164158623,0.2485466811528303,0.2609753214847461,0.27439475878346353,0.2637165186634758,0.26516864896906944,0.2597942916217717,0.48264325220783855,0.3120903504684951,0.274594852942443,0.4442089690053489,0.2719582542382639,0.0,0.25952666048615614,0.25868984486482594,0.3999533264153473,0.24221786438501502,0.26896104770925744,0.3655357311958427,0.2665543099067166,0.458711857982822,0.2547990614331669,0.26847761671893966,0.49191445939883416,0.4916873631449076,0.2941473021863097,0.2646779921620146,0.26469518929386104,0.4290133317757743,0.3007996514044039
0.3159743417723637,0.42013999181234374,0.23218895625824654,0.2849159501797639,0.45548581086936435,0.4298935822295018,0.3468380287000439,0.2888561740942447,0.3320736872417085,0.29913235466308563,0.525086673775447,0.2680754018842245,1.0,0.2700563149645625,0.2836608952507902,0.3671668980821604,0.33181408320418837,0.4923743861133427,0.49698556856006837,0.35146385011111325,0.5061697515342695,0.5568472361448286,0.5555622679028613,0.39949060421071414,0.36211667115233936,0.40389714668006516,0.5348332919284033,0.26505067578924213,0.29836840623704375,0.32573626645147336,0.27284769719343416,0.5123528549846204,0.0,0.5325185986272645,0.4175808069294671,0.26723281289213374,0.34345873869950183,0.4991231837082263,0.221356138682553,0.5378344923966116,0.2753975380805167,0.42861092405963797,0.5289062297074858,0.26934762713627836,0.2672686035175603,0.27852892287063546,0.4287954519708873,0.42866352554925113,0.2669791076158099,0.29951422370494285
0.27287773376917734,0.2711145914199038,0.2132398124006344,0.533300859634761,0.25523556531112757,0.27508826802125186,0.25374789728283975,0.4886359183309146,0.28372750671654434,0.5082669947885875,0.2753748211722906,0.4890098395976742,0.2700563149645625,1.0,0.5380560413277836,0.2610250379996869,0.2191406238405854,0.26417789328800345,0.24430345846602597,0.25621133728327605,0.2547535186177001,0.24815889022334325,0.2642743537483029,0.24790891678409577,0.23525536072921982,0.2530524611502041,0.2674671668989286,0.5103790527163249,0.30899446583063284,0.2733729716621953,0.4873977959553958,0.2646585459866103,0.0,0.2539770914732552,0.2585133417016998,0.4148696203603779,0.2451501949067899,0.26278740143980117,0.37447147632708433,0.26580141784484634,0.49864015209299384,0.26135704899800516,0.26603947237400427,0.5097730923207373,0.502605084545354,0.30201064410635103,0.2663051832747546,0.26659025728034413,0.4529756917791464,0.31182073905586327
0.2633959627416821,0.2597505644163206,0.2035779899237512,0.5589948714255601,0.28394044020044706,0.2709584887378338,0.24610728606657395,0.4761833240558413,0.2917284010993574,0.5103117180248646,0.26368551238860016,0.5920450479372057,0.2836608952507902,0.5380560413277836,1.0,0.26945289743895473,0.22748172903124309,0.2528935113635119,0.23269912577933516,0.24789281236718097,0.24674345769175465,0.2369149998694665,0.2556208091757858,0.25192892877488604,0.24939560032765284,0.26485922594181655,0.2571707645867989,0.4728270296004401,0.2966755460616962,0.2694451508811293,0.49944547823183927,0.2788270133679639,0.0,0.2479302234998142,0.2527853426852914,0.4002633148631448,0.24959359034890882,0.2535193976353197,0.37347696508661576,0.25723407403017307,0.5100338462270864,0.25045257027493617,0.2582122683725837,0.4750856817960418,0.4684727190750927,0.2896056784094472,0.2582122683725837,0.25860815844221874,0.42992868697655295,0.30490662061754714
0.3025341399373752,0.3426241140016091,0.2231090758513048,0.27279583900579096,0.3394775712046567,0.3624244151463668,0.7359616432935507,0.2758213729334307,0.31742516473922,0.2789390636781789,0.3595081337820295,0.2573805919864196,0.3671668980821604,0.2610250379996869,0.26945289743895473,1.0,0.28043885883429287,0.366048166218632,0.33932357533286983,0.7575352842537051,0.3588687551543531,0.3468931392047895,0.36999028678034784,0.33358139576637624,0.31193481560948977,0.33388739369258735,0.34436087349661626,0.260254072104962,0.2830370968614233,0.30699166962188873,0.26189125257176116,0.3443202287758037,0.0,0.34874995982767787,0.3443765285807304,0.266451048231379,0.7335339451739594,0.33431650990028416,0.2228629061501296,0.3518925808978194,0.2596814990162415,0.33931013841250723,0.35276355181520813,0.26186629267046313,0.26364547754415546,0.2686657957322929,0.33948759264619577,0.3395686676944767,0.2565425195691372,0.2876428662481456
0.27273981308206174,0.38268053305186445,0.1793057566485602,0.23756981946668454,0.34413957748326873,0.3895682328880412,0.26523194685209805,0.2500373580949514,0.24840456061691174,0.2285650762595305,0.32635822355123556,0.24820980373565504,0.33181408320418837,0.2191406238405854,0.22748172903124309,0.28043885883429287,1.0,0.3149691787817416,0.2887179389039355,0.26714742504770417,0.30610044203938913,0.3062320997104663,0.32145851032510464,0.5554530756346172,0.5572984112918915,0.5375150102589246,0.3135289463479797,0.21880686000661054,0.2416957018940331,0.24496018938931308,0.2127846843023602,0.4143268677811003,0.0,0.35325917965670506,0.3886664035290889,0.21259714350018633,0.26348285008644723,0.3198680230665668,0.19368305886819448,0.33177273842225175,0.21491162701033295,0.35291307508932623,0.3218497372341528,0.24635618019223549,0.2532126650996276,0.22830474665438694,0.3829673983808908,0.3782367963201685,0.20889359474135794,0.24363468754128226
0.3078893935671072,0.4187064646924846,0.22678117602610925,0.2588672202296374,0.3811866004420231,0.42674193145614236,0.37774725238537354,0.2672515596452767,0.2996081231000256,0.26968055414047376,0.4943264257525495,0.25868893205692256,0.4923743861133427,0.26417789328800345,0.2528935113635119,0.366048166218632,0.3149691787817416,1.0,0.5003211499881937,0.3815756623045954,0.5130952649339039,0.5029460332668211,0.5231972864939424,0.3810977420164159,0.34096592721735175,0.3736935889134877,0.5020674192568022,0.2650562444774657,0.2898229361297866,0.3065802531431867,0.2509364010167624,0.4502303682901324,0.0,0.4768194000269287,0.4182752257156601,0.2797764318711965,0.35979016487325755,0.46172102702389106,0.22771760474261704,0.5011461131780042,0.2501860693303718,0.42604835493511195,0.4931772310485767,0.2660653253281391,0.26486226742042274,0.27598609397167206,0.42829123022473925,0.428316051377993,0.2611325538222252,0.2977563274933669
0.2872077806089526,0.3855508278532178,0.2106235064435128,0.24178474208578515,0.3542972739458913,0.3867851164755566,0.34433095074272824,0.2555038258855956,0.27424638217428365,0.24751341259546744,0.45959533071795733,0.24458014243900406,0.49698556856006837,0.24430345846602597,0.23269912577933516,0.33932357533286983,0.2887179389039355,0.5003211499881937,1.0,0.3454001007598725,0.4848314033176392,0.5157779997680658,0.4864283290371286,0.34666562341047724,0.31421741325802854,0.33905598496440836,0.4701643356029833,0.2508953867879181,0.2709332723407467,0.28151759941210275,0.23091545874391506,0.4477171554676205,0.0,0.45928719225389225,0.3895567879818901,0.25906684387788625,0.3295321071232825,0.43310034899669014,0.21280235995952923,0.46720074937910894,0.22910495456474367,0.38642646457950625,0.4571356371429577,0.2547407647364971,0.25552510238971027,0.2561085350771948,0.38776436057200925,0.38833898250904375,0.24687445094401983,0.277286899686914
0.29994656207032855,0.34781392833470137,0.2230550950276814,0.25487095302337814,0.30025782757067687,0.3584418021325779,0.8517567957326047,0.2636788087087216,0.2985684489123206,0.2604962235343672,0.36319166026656335,0.25341628586560827,0.35146385011111325,0.25621133728327605,0.24789281236718097,0.7575352842537051,0.26714742504770417,0.3815756623045954,0.3454001007598725,1.0,0.3804326887834304,0.3591281208049997,0.3828127222327089,0.31990724183618335,0.2946511286796264,0.3140063859251273,0.3538213256942464,0.2600437525254614,0.2838454566041272,0.29536382559311636,0.24342552805903828,0.33463353625561143,0.0,0.35169577825146014,0.34904343050500497,0.268658455514321,0.775278784583243,0.3380526276544975,0.22199208087253886,0.35864011044078214,0.24342639309147973,0.3428715827343203,0.35742031919841477,0.25960300823626337,0.25928575035568113,0.27212061597969217,0.3431333968355462,0.34308324057668593,0.2552135429914333,0.2914516950025301
0.2986508721036282,0.40372438583299786,0.2256265507785331,0.25406725299816835,0.3902606951863997,0.40305684202202896,0.37785866984938044,0.26145561133070583,0.29313586217266396,0.26203447293771687,0.4896494931161599,0.2555362164158623,0.5061697515342695,0.2547535186177001,0.24674345769175465,0.3588687551543531,0.30610044203938913,0.5130952649339039,0.4848314033176392,0.3804326887834304,1.0,0.5102893320433541,0.5408527196798474,0.36769485992871354,0.3293719073800996,0.3681544071764763,0.5130874946375406,0.2610394649699258,0.28243688622886154,0.2983204159152588,0.24144311284158104,0.46499191048766186,0.0,0.5036209061921879,0.4100069730489272,0.2710086609555953,0.35723863807330336,0.47528845454362445,0.2244002447061687,0.5137080416798354,0.24569437365250935,0.40116866231041715,0.5008002384218393,0.26268564209908185,0.2639296746161153,0.2724094494782602,0.41345056526419366,0.41333249878468514,0.25636040239277336,0.2876532154578948
0.3029683935850006,0.4018742489539212,0.2198691488777158,0.24577027250990047,0.36987487057828283,0.4004215843716854,0.3579057053038248,0.25589805202407334,0.28651671228852527,0.2510197230750738,0.4930007913210346,0.2485466811528303,0.5568472361448286,0.24815889022334325,0.2369149998694665,0.3468931392047895,0.3062320997104663,0.5029460332668211,0.5157779997680658,0.3591281208049997,0.5102893320433541,1.0,0.7131206219907804,0.35954559432559396,0.3273294202125281,0.35708098055742465,0.5116548865460617,0.25426099224261833,0.2790183264109075,0.2919646324691252,0.23357723390661733,0.4748788285064527,0.0,0.6262638209224769,0.39943644040567405,0.25773573728417776,0.33864320211165033,0.4783080000000999,0.21058271246236904,0.517529185287691,0.2332326572137403,0.4051270593996179,0.5093278244074112,0.2561118842792657,0.25435143735802956,0.2716865203737804,0.4103565972269415,0.41052755098831484,0.25430568667637066,0.29048548124616913
0.3152410699897312,0.41957199285625335,0.230296163557433,0.26425493771316066,0.39127327793856526,0.42392654761123594,0.38225371916680273,0.2707662009119661,0.3049662372804747,0.26536106033949536,0.502469412034622,0.2609753214847461,0.5555622679028613,0.2642743537483029,0.2556208091757858,0.36999028678034784,0.32145851032510464,0.5231972864939424,0.4864283290371286,0.3828127222327089,0.5408527196798474,0.7131206219907804,1.0,0.37937536765756164,0.344667661584138,0.37511939684726403,0.5353959325945024,0.2683299943066112,0.2919477836599462,0.3036545297864812,0.25041068602826033,0.48531423277824115,0.0,0.6463963626380529,0.418515613978933,0.27502712022677145,0.36253955576467023,0.49342496764798005,0.2331115702679427,0.5287193405817118,0.24978479892627736,0.4223077649518814,0.5211533950442837,0.26895127726662815,0.26796385692091196,0.28103000193437,0.42375584638015873,0.42347666391339056,0.26519710744508873,0.30006966075251484
0.3096895804082067,0.5171838497416442,0.2088544810335281,0.263593132612464,0.3843143919678341,0.5195639357670426,0.31807772800799683,0.2893625241549844,0.29836765220721484,0.2651158555047083,0.39482396132368525,0.27439475878346353,0.39949060421071414,0.24790891678409577,0.25192892877488604,0.33358139576637624,0.5554530756346172,0.3810977420164159,0.34666562341047724,0.31990724183618335,0.36769485992871354,0.35954559432559396,0.37937536765756164,1.0,0.609300828235467,0.5373981084471098,0.3792346925677016,0.24759663284444045,0.27133797910485746,0.2877046789677037,0.24741317769842586,0.4295526241920231,0.0,0.3955139961696126,0.5254335868827424,0.2446568272111943,0.31003540787018546,0.37642567378859126,0.2181540539708161,0.38811726323445117,0.24906803559517443,0.4295089677076396,0.3827081355834395,0.2707149939859559,0.2817758818682923,0.2546484699511721,0.43957202744520096,0.43676114896450424,0.24308082794936803,0.2765369219696715
0.28844686051762325,0.4810331813002382,0.19604925227846048,0.2642263724015059,0.3719923435327125,0.4956442889802922,0.29150792407546744,0.2688114598328234,0.2720029166412177,0.2569026615114357,0.35848320797224387,0.2637165186634758,0.36211667115233936,0.23525536072921982,0.24939560032765284,0.31193481560948977,0.5572984112918915,0.34096592721735175,0.31421741325802854,0.2946511286796264,0.3293719073800996,0.3273294202125281,0.344667661584138,0.609300828235467,1.0,0.5395735570979172,0.3438769788949009,0.2321226931634418,0.2545990639146364,0.25888647414718646,0.23949270920655907,0.4309447433860407,0.0,0.3568194218225271,0.4834896485875585,0.2240568598022148,0.29362113441132487,0.3493927592342355,0.20419319151591775,0.3529409011581738,0.23909779827693933,0.39293941896252926,0.3533679280644483,0.2653523352802376,0.2689107322693671,0.24571824784461316,0.40580197904976245,0.4031597230626981,0.23417468338957692,0.2516585275073794
0.2945551635643612,0.4578089641821982,0.2069664665777161,0.2715762158400292,0.40694234166013543,0.4553286009384796,0.31091052254073004,0.2779885453737928,0.29768913916042195,0.2767288725563912,0.3961470945792248,0.26516864896906944,0.40389714668006516,0.2530524611502041,0.26485922594181655,0.33388739369258735,0.5375150102589246,0.3736935889134877,0.33905598496440836,0.3140063859251273,0.3681544071764763,0.35708098055742465,0.37511939684726403,0.5373981084471098,0.5395735570979172,1.0,0.37378879454303326,0.24609413727717222,0.2760007776529757,0.2871913745656909,0.25859305512180075,0.42893649436928427,0.0,0.3952002201236482,0.46422519900164794,0.24370859438455972,0.30857878602541544,0.37863348537755337,0.21210595358744988,0.3890198259132449,0.2581657116900514,0.4306558274262031,0.37604354235141346,0.2700274178303421,0.27293381615828394,0.2561013548610124,0.44595154131581105,0.4440656162132126,0.2510911597157365,0.27691479715719347
0.306962334972545,0.42144507170996426,0.22826078257015303,0.2603795691396017,0.3952027294521079,0.41441582921501985,0.35029855989537184,0.2677405246073401,0.3070281972656751,0.26856549951613384,0.5056146389444479,0.2597942916217717,0.5348332919284033,0.2674671668989286,0.2571707645867989,0.34436087349661626,0.3135289463479797,0.5020674192568022,0.4701643356029833,0.3538213256942464,0.5130874946375406,0.5116548865460617,0.5353959325945024,0.3792346925677016,0.3438769788949009,0.37378879454303326,1.0,0.26206212536827955,0.2967901019662291,0.3053721496512626,0.25266220417489016,0.47983593625220666,0.0,0.5033184385802775,0.4136660284970889,0.26903038525725953,0.331977706518395,0.5817133354135646,0.21646366045735377,0.5498318866055238,0.25403668129044266,0.4215576229497999,0.6212443401982525,0.2688447072447343,0.2640147855736745,0.2820395065566047,0.42330833420624436,0.42334560030445745,0.263387083229808,0.30077887566816386
0.27888414763727276,0.2809821473362727,0.21607151182420126,0.5069341499576872,0.24281480274329426,0.27758818419221987,0.25880013970403914,0.6912407709759044,0.265962582666753,0.4989210183739604,0.2782553729321551,0.48264325220783855,0.26505067578924213,0.5103790527163249,0.4728270296004401,0.260254072104962,0.21880686000661054,0.2650562444774657,0.2508953867879181,0.2600437525254614,0.2610394649699258,0.25426099224261833,0.2683299943066112,0.24759663284444045,0.2321226931634418,0.24609413727717222,0.26206212536827955,1.0,0.3102238486818619,0.2690081503819811,0.45971364834577144,0.2644765507037413,0.0,0.2615004750841382,0.2608208328838493,0.41328647217063774,0.24631907229920247,0.274499365179689,0.38198046781405604,0.27231784614868526,0.4727817673209108,0.26300319929333926,0.2674570175278026,0.8030331400604092,0.7540013409451132,0.2938493121834349,0.26732350785132863,0.26827728951965446,0.46105448785092173,0.30341618813173077
0.34073964307393,0.30758737849984974,0.25418998958335415,0.2997805423562614,0.26682936555464154,0.3126436636704899,0.2822244944094203,0.31160937976560765,0.32824557166920076,0.31612337534529045,0.30355250514339926,0.3120903504684951,0.29836840623704375,0.30899446583063284,0.2966755460616962,0.2830370968614233,0.2416957018940331,0.2898229361297866,0.2709332723407467,0.2838454566041272,0.28243688622886154,0.2790183264109075,0.2919477836599462,0.27133797910485746,0.2545990639146364,0.2760007776529757,0.2967901019662291,0.3102238486818619,1.0,0.3244039856254588,0.290513759155659,0.2906198835403663,0.0,0.2957090107112098,0.29051275304983837,0.30229055422879625,0.2696506226415748,0.2963307414266515,0.2483978564401491,0.2976561302507952,0.28811432868799414,0.2852892028966143,0.2935498008167432,0.3061258974043142,0.30738046270544594,0.3983045868397117,0.2936867898008193,0.293685506504609,0.301346963404724,0.6077212498588341
0.3915449544643146,0.3037186832208766,0.2550370988403129,0.2762824037639692,0.29338138118328483,0.30234434043386504,0.2918180291960908,0.2816421344759996,0.4237181991008381,0.286742272249337,0.3193530633744409,0.274594852942443,0.32573626645147336,0.2733729716621953,0.2694451508811293,0.30699166962188873,0.24496018938931308,0.3065802531431867,0.28151759941210275,0.29536382559311636,0.2983204159152588,0.2919646324691252,0.3036545297864812,0.2877046789677037,0.25888647414718646,0.2871913745656909,0.3053721496512626,0.2690081503819811,0.3244039856254588,1.0,0.26705619373292233,0.2971952188703232,0.0,0.2970086290086652,0.2909034976159921,0.27652708265613424,0.2855172297565274,0.29931305511849293,0.2233589296885734,0.31561006731127417,0.26912149678194675,0.29725363942195004,0.3120998794269917,0.2736016850915718,0.27078001527625706,0.31774181523919387,0.3056441911182701,0.3057666885774767,0.2639208186655838,0.3320881011489405
0.26253378915721537,0.2627280433124296,0.20432880645597296,0.5044362581238526,0.2689247916658307,0.26327669583365454,0.24073491439245465,0.4709643457119397,0.2835240201337793,0.5283313243901446,0.25993882262490975,0.4442089690053489,0.27284769719343416,0.4873977959553958,0.49944547823183927,0.26189125257176116,0.2127846843023602,0.2509364010167624,0.23091545874391506,0.24342552805903828,0.24144311284158104,0.23357723390661733,0.25041068602826033,0.24741317769842586,0.23949270920655907,0.25859305512180075,0.25266220417489016,0.45971364834577144,0.290513759155659,0.26705619373292233,1.0,0.2646198031593745,0.0,0.24468840077329046,0.24573096913475967,0.3939490065509208,0.2407714629264488,0.2504564169039968,0.3506830866562046,0.25599447663081487,0.6534394987333936,0.24875690330150635,0.2526979348657047,0.46526983693129953,0.4566924470007233,0.2759437489508326,0.25069746421662675,0.25071725224410457,0.42487912256342775,0.2836814390293778
0.30571460793924965,0.4047522266494067,0.22029983044888923,0.2895500598487901,0.4397181982570251,0.4205872031410798,0.3334380570224793,0.2881376868891299,0.3113475216537174,0.2815073829590371,0.46036413782464736,0.2719582542382639,0.5123528549846204,0.2646585459866103,0.2788270133679639,0.3443202287758037,0.4143268677811003,0.4502303682901324,0.4477171554676205,0.33463353625561143,0.46499191048766186,0.4748788285064527,0.48531423277824115,0.4295526241920231,0.4309447433860407,0.42893649436928427,0.47983593625220666,0.2644765507037413,0.2906198835403663,0.2971952188703232,0.2646198031593745,1.0,0.0,0.4802581635456832,0.39976736439201654,0.2542982585145107,0.33353714188886063,0.4771629487648277,0.227952198033069,0.4905586324229285,0.2646365568740183,0.39906691578440023,0.49296713754019694,0.274404469498842,0.2811310846915671,0.27086442377371345,0.408500314554998,0.40822580787261364,0.2501190963392794,0.28306744534968675
0.0,0.0,0.0,0.0,0.0,0.0,0.0,0.0,0.0,0.0,0.0,0.0,0.0,0.0,0.0,0.0,0.0,0.0,0.0,0.0,0.0,0.0,0.0,0.0,0.0,0.0,0.0,0.0,0.0,0.0,0.0,0.0,1.0,0.0,0.0,0.0,0.0,0.0,0.0,0.0,0.0,0.0,0.0,0.0,0.0,0.0,0.0,0.0,0.0,0.0
0.31231020412607613,0.41332356219821764,0.22816948376971002,0.2549030128291141,0.39938590987133016,0.42491022215787333,0.3523048532991061,0.2693200339717119,0.29530223122537647,0.2593917255831856,0.4842116514619339,0.25952666048615614,0.5325185986272645,0.2539770914732552,0.2479302234998142,0.34874995982767787,0.35325917965670506,0.4768194000269287,0.45928719225389225,0.35169577825146014,0.5036209061921879,0.6262638209224769,0.6463963626380529,0.3955139961696126,0.3568194218225271,0.3952002201236482,0.5033184385802775,0.2615004750841382,0.2957090107112098,0.2970086290086652,0.24468840077329046,0.4802581635456832,0.0,1.0,0.4195167972002378,0.2748884021199015,0.33297633663733894,0.4795049783425209,0.23311015299814342,0.5099221505914132,0.24059258743445755,0.4141130975505256,0.5059933085699112,0.26378438992390285,0.2660646382153895,0.2732430358510164,0.4162015257217364,0.4169797868117958,0.2566315511884437,0.29747578641862105
0.30162003586051,0.569552256068748,0.2191835659131448,0.2571948344880003,0.3755439244462392,0.5752328055744318,0.34864268187770875,0.2667076594307398,0.2892732225772958,0.2620352660075872,0.43124512706575446,0.25868984486482594,0.4175808069294671,0.2585133417016998,0.2527853426852914,0.3443765285807304,0.3886664035290889,0.4182752257156601,0.3895567879818901,0.34904343050500497,0.4100069730489272,0.39943644040567405,0.418515613978933,0.5254335868827424,0.4834896485875585,0.46422519900164794,0.4136660284970889,0.2608208328838493,0.29051275304983837,0.2909034976159921,0.24573096913475967,0.39976736439201654,0.0,0.4195167972002378,1.0,0.26191659646917054,0.3248085803423648,0.4085768693785209,0.22612200356149414,0.4224387012418406,0.24623421900166287,0.4756301257270005,0.42574976969232625,0.262490770119322,0.26443313708273963,0.2665406237547949,0.4719074078201101,0.47289974345600083,0.2569155651688768,0.28881942472797273
0.2744908906590353,0.267119179387148,0.2145750555463899,0.41200837994527606,0.23827789617203698,0.2752891576712799,0.2662833175779997,0.4091872516506966,0.2802190736393195,0.4284431075598558,0.27907927178122205,0.3999533264153473,0.26723281289213374,0.4148696203603779,0.4002633148631448,0.266451048231379,0.21259714350018633,0.2797764318711965,0.25906684387788625,0.268658455514321,0.2710086609555953,0.25773573728417776,0.27502712022677145,0.2446568272111943,0.2240568598022148,0.24370859438455972,0.26903038525725953,0.41328647217063774,0.30229055422879625,0.27652708265613424,0.3939490065509208,0.2542982585145107,0.0,0.2748884021199015,0.26191659646917054,1.0,0.2533615751987027,0.25842185432404174,0.36119570205455886,0.2745869668162577,0.39773365077865963,0.26279513706582613,0.26786316851930914,0.41550897212109006,0.41619765104819206,0.28640201780947905,0.26364798434512915,0.26381176116280214,0.41099006452319997,0.30185974490314105
0.2856134425681357,0.3238083901601959,0.21207008439663522,0.25341405744413126,0.3078353857484406,0.3424812901444969,0.7699467889333609,0.25519158298312816,0.29236247206414245,0.2573164693947556,0.339026243182047,0.24221786438501502,0.34345873869950183,0.2451501949067899,0.24959359034890882,0.7335339451739594,0.26348285008644723,0.35979016487325755,0.3295321071232825,0.775278784583243,0.35723863807330336,0.33864320211165033,0.36253955576467023,0.31003540787018546,0.29362113441132487,0.30857878602541544,0.331977706518395,0.24631907229920247,0.2696506226415748,0.2855172297565274,0.2407714629264488,0.33353714188886063,0.0,0.33297633663733894,0.3248085803423648,0.2533615751987027,1.0,0.3198250343783744,0.2120316048209544,0.33270731094761896,0.24017217022420856,0.3231775417708129,0.33891680876137764,0.2456922252205328,0.24555524876142787,0.2527379548799896,0.32164813120481395,0.3213421309728678,0.23876477241269023,0.27335113813146206
0.31306607514037754,0.43417135109634575,0.22541061857517952,0.2565152389494443,0.4298813615296059,0.42343829117615117,0.33406102579256547,0.2824335100004455,0.29380870264641346,0.26876060368435073,0.4859924386374185,0.26896104770925744,0.4991231837082263,0.26278740143980117,0.2535193976353197,0.33431650990028416,0.3198680230665668,0.46172102702389106,0.43310034899669014,0.3380526276544975,0.47528845454362445,0.4783080000000999,0.49342496764798005,0.37642567378859126,0.3493927592342355,0.37863348537755337,0.5817133354135646,0.274499365179689,0.2963307414266515,0.29931305511849293,0.2504564169039968,0.4771629487648277,0.0,0.4795049783425209,0.4085768693785209,0.25842185432404174,0.3198250343783744,1.0,0.24638925548744828,0.5236052681655196,0.25344092633548954,0.41853845667956135,0.6245914073251643,0.2774679246411921,0.2744356145973823,0.2787534667130349,0.42943317980837103,0.4289908432284135,0.26742150369223194,0.3022797694362529
0.23148037401901678,0.2195262001831565,0.18025030147130972,0.3730572120408875,0.28363977404534324,0.2394028913603664,0.22423446642403744,0.3753933761855446,0.22470801742818525,0.38587557849194065,0.22734369300138213,0.3655357311958427,0.221356138682553,0.37447147632708433,0.37347696508661576,0.2228629061501296,0.19368305886819448,0.22771760474261704,0.21280235995952923,0.22199208087253886,0.2244002447061687,0.21058271246236904,0.2331115702679427,0.2181540539708161,0.20419319151591775,0.21210595358744988,0.21646366045735377,0.38198046781405604,0.2483978564401491,0.2233589296885734,0.3506830866562046,0.227952198033069,0.0,0.23311015299814342,0.22612200356149414,0.36119570205455886,0.2120316048209544,0.24638925548744828,1.0,0.22577696226103028,0.3580071933329795,0.222409808303062,0.22182725829028516,0.37740319661188015,0.38761923483639016,0.2392247668468297,0.22088315147173299,0.22068309924737106,0.3595576581698605,0.27063303258632054
0.31525616675322377,0.42570713918615755,0.23232180435678018,0.26110120568265316,0.41049155931532166,0.422024347502438,0.3533393261061625,0.27675023234691243,0.30771265097616984,0.27570983802071614,0.53018110509754,0.2665543099067166,0.5378344923966116,0.26580141784484634,0.25723407403017307,0.3518925808978194,0.33177273842225175,0.5011461131780042,0.46720074937910894,0.35864011044078214,0.5137080416798354,0.517529185287691,0.5287193405817118,0.38811726323445117,0.3529409011581738,0.3890198259132449,0.5498318866055238,0.27231784614868526,0.2976561302507952,0.31561006731127417,0.25599447663081487,0.4905586324229285,0.0,0.5099221505914132,0.4224387012418406,0.2745869668162577,0.33270731094761896,0.5236052681655196,0.22577696226103028,1.0,0.25685930999279494,0.4287888365020417,0.5477734633009512,0.2744319620004001,0.27613125786081905,0.2886327526631888,0.44968957611854543,0.4487313636892386,0.26874333188395405,0.3076729133377841
