../ecoli_genomes/GCF_000163235.1_ASM16323v1_genomic.fna.gz,../ecoli_genomes/GCF_000164555.1_ASM16455v1_genomic.fna.gz,../ecoli_genomes/GCF_000208545.1_ASM20854v2_genomic.fna.gz,../ecoli_genomes/GCF_000233875.1_ASM23387v1_genomic.fna.gz,../ecoli_genomes/GCF_000249735.1_ASM24973v2_genomic.fna.gz,../ecoli_genomes/GCF_000261145.1_Esch_coli_M919_V2_genomic.fna.gz,../ecoli_genomes/GCF_000267705.2_ASM26770v2_genomic.fna.gz,../ecoli_genomes/GCF_000350665.1_Esch_coli_KTE5_V1_genomic.fna.gz,../ecoli_genomes/GCF_000351625.1_Esch_coli_KTE66_V1_genomic.fna.gz,../ecoli_genomes/GCF_000352285.1_Esch_coli_KTE46_V1_genomic.fna.gz,../ecoli_genomes/GCF_000358895.1_ASM35889v1_genomic.fna.gz,../ecoli_genomes/GCF_000456385.1_Esch_coli_HVH_26_4-5703913_V1_genomic.fna.gz,../ecoli_genomes/GCF_000458195.1_Esch_coli_HVH_147_4-5893887_V1_genomic.fna.gz,../ecoli_genomes/GCF_000459755.1_Esch_coli_KOEGE_58_171a_V1_genomic.fna.gz,../ecoli_genomes/GCF_000460055.1_Esch_coli_UMEA_3053-1_V1_genomic.fna.gz,../ecoli_genomes/GCF_000462165.2_ASM46216v2_genomic.fna.gz,../ecoli_genomes/GCF_000601135.1_ASM60113v1_genomic.fna.gz,../ecoli_genomes/GCF_000614595.1_Ec2010EL1058_genomic.fna.gz,../ecoli_genomes/GCF_000617745.1_Ec2010C-4529_genomic.fna.gz,../ecoli_genomes/GCF_000618265.2_EcF6751_genomic.fna.gz,../ecoli_genomes/GCF_000619005.2_Ec2009C-4052_genomic.fna.gz,../ecoli_genomes/GCF_000619105.1_Ec2009C-4780_genomic.fna.gz,../ecoli_genomes/GCF_000619765.2_Ec2009C-3279_genomic.fna.gz,../ecoli_genomes/GCF_000687005.1_ASM68700v1_genomic.fna.gz,../ecoli_genomes/GCF_000687025.1_ASM68702v1_genomic.fna.gz,../ecoli_genomes/GCF_000700125.1_ASM70012v1_genomic.fna.gz,../ecoli_genomes/GCF_000753315.1_FHI35_genomic.fna.gz,../ecoli_genomes/GCF_000776375.1_ASM77637v1_genomic.fna.gz,../ecoli_genomes/GCF_000779395.1_ASM77939v1_genomic.fna.gz,../ecoli_genomes/GCF_000780315.1_ASM78031v1_genomic.fna.gz,../ecoli_genomes/GCF_000781995.1_ASM78199v1_genomic.fna.gz,../ecoli_genomes/GCF_000986765.1_ASM98676v1_genomic.fna.gz,../ecoli_genomes/GCF_001041375.1_ViralProj287958_genomic.fna.gz,../ecoli_genomes/GCF_001265335.1_302014_genomic.fna.gz,../ecoli_genomes/GCF_001265625.1_100854_genomic.fna.gz,../ecoli_genomes/GCF_001267345.1_303289_genomic.fna.gz,../ecoli_genomes/GCF_001309985.1_ASM130998v1_genomic.fna.gz,../ecoli_genomes/GCF_001521695.1_ASM152169v1_genomic.fna.gz,../ecoli_genomes/GCF_001592595.1_ASM159259v1_genomic.fna.gz,../ecoli_genomes/GCF_001614975.1_ASM161497v1_genomic.fna.gz,../ecoli_genomes/GCF_001692775.1_ASM169277v1_genomic.fna.gz,../ecoli_genomes/GCF_001748915.1_ASM174891v1_genomic.fna.gz,../ecoli_genomes/GCF_001749235.1_ASM174923v1_genomic.fna.gz,../ecoli_genomes/GCF_001881155.1_ASM188115v1_genomic.fna.gz,../ecoli_genomes/GCF_001881345.1_ASM188134v1_genomic.fna.gz,../ecoli_genomes/GCF_001892405.1_ASM189240v1_genomic.fna.gz,../ecoli_genomes/GCF_001892585.1_ASM189258v1_genomic.fna.gz,../ecoli_genomes/GCF_001893985.1_ASM189398v1_genomic.fna.gz,../ecoli_genomes/GCF_002001595.1_ASM200159v1_genomic.fna.gz,../ecoli_genomes/GCF_002002145.1_ASM200214v1_genomic.fna.gz
1.0,0.37804161452548135,0.320395984604543,0.3350069022806291,0.33362748633714057,0.34494971165020805,0.35446058525520363,0.34113374235833294,0.43889968845773286,0.35256886431671575,0.3829381698947907,0.34553279442066487,0.37056603402225585,0.3270857936311812,0.32035855721045836,0.3609497980581198,0.34166942613060025,0.36114930981348026,0.3373164457715322,0.3585796359202811,0.34598781255769695,0.33911637635568737,0.3681282312909301,0.35487251726991653,0.3407251417690803,0.3355394651912714,0.3614348079051174,0.3329572398825812,0.38835851586958636,0.4332107114393542,0.3136728595663051,0.3529125850542083,0.0,0.35939782748037574,0.35611012242076456,0.3326305490080239,0.346311443676557,0.3743694533237262,0.28476592713072235,0.3673782139866144,0.31743423660068837,0.3592315314869712,0.36811715798211053,0.3326900187328481,0.3416306520050174,0.36623245387249215,0.3607968492559167,0.361927473363872,0.3308697256234475,0.4038318946641265
0.37804161452548135,1.0,0.3021366630006157,0.3359975082100993,0.4140419517708508,0.5302815154266427,0.397210259933372,0.34186430315988836,0.3556434014649337,0.34912684283400086,0.4840208479204079,0.3447308715912679,0.47638575281745754,0.32487566204012475,0.3238653045144586,0.4059149596565328,0.48482929086829263,0.46272505527303864,0.4218891698125772,0.40325527183859344,0.44828189030846144,0.4356992298398016,0.47207890416899934,0.5596847029827626,0.5483309532896798,0.5083469437569587,0.46819988122847667,0.3363955713945629,0.36604037247057075,0.3668108114212889,0.3152123224090764,0.44749134689348946,0.0,0.4550250054686811,0.5825542283680536,0.3271126812046463,0.38311137584130606,0.4874255375396399,0.2759362641011468,0.4736198296749107,0.3199898397499349,0.5063825290772308,0.47392900126135684,0.34778754477584517,0.3463250052786795,0.34299202662003625,0.5168781199525263,0.5175873735625677,0.34280945260089335,0.370362357802119
0.320395984604543,0.3021366630006157,1.0,0.2655889735853767,0.25294693147141334,0.26338537960877584,0.2793090398556314,0.2697144121151418,0.30784885197802536,0.2758529040253639,0.30164055702911163,0.26873516992455393,0.29174639376252165,0.2625539856234391,0.26132847954394367,0.28415212841240045,0.2670636937272147,0.28617378224598033,0.2626444072211487,0.2840064093368396,0.2818643180537269,0.27565728256210087,0.29232622335306124,0.2735113258934697,0.2620479167190424,0.26933036918321396,0.2920125886166307,0.26615627167103584,0.30623321621270183,0.31829463084582676,0.25203116558489047,0.27767757085541855,0.0,0.2867076127743786,0.27665303540177444,0.27447219572089343,0.2686358567217927,0.2940661289738633,0.22728205843288185,0.2956977389677091,0.2581840129488534,0.2860215200932149,0.3005516811402631,0.2725543492118836,0.26658419890109275,0.2880989728182556,0.29576210563952077,0.2955613200534518,0.27557337718761354,0.3175445444452203
0.3350069022806291,0.3359975082100993,0.2655889735853767,1.0,0.30794461978763155,0.30472946464252415,0.3142120687110971,0.5299681727932355,0.3351701856622127,0.5527194190121724,0.3326610938237644,0.5388997129425475,0.33389610911022094,0.5794685481850399,0.5905849215972278,0.3285563746465304,0.30852164122976067,0.32295989186524143,0.2967782189333088,0.31855959631033326,0.3101701390507502,0.3039380161552324,0.3334899750119591,0.3091825148915207,0.3132808996765064,0.3180960369994601,0.32611043865482603,0.560329440696147,0.35744708543840165,0.3355069487370814,0.5388820376741315,0.3281006834828454,0.0,0.3140414069182089,0.3160330842184327,0.4582285153076745,0.3083612169288459,0.32875799778175196,0.4133512714395433,0.323292907179331,0.5546863904753243,0.31756344160800076,0.328712126002918,0.5586077921920771,0.5434461279176842,0.34869491778801553,0.3222229811955689,0.32351085809319235,0.4942841932863402,0.3686715572492123
0.33362748633714057,0.4140419517708508,0.25294693147141334,0.30794461978763155,1.0,0.41007632058159227,0.3505879036648485,0.31312456804704647,0.33368514092269497,0.3215487650900589,0.512504770547291,0.29700352435526955,0.47927341189203154,0.29706867907381374,0.307295235744945,0.3754796581076836,0.42564696519229217,0.4310427860167394,0.40350463742782094,0.3558931662004413,0.43564817233620134,0.4056820352873076,0.443767978370893,0.41439591064274606,0.4175959315492165,0.44280474729676356,0.4461262080360706,0.2927895948387499,0.33078108489770863,0.331912217883908,0.29858740198929856,0.45468874315889707,0.0,0.44747283437217344,0.41207978309666615,0.29215664934985075,0.34822906405078646,0.46506753517399824,0.28488368426408917,0.46121437384852015,0.31062831482222275,0.4304915021884774,0.4669980053596757,0.2961494216953957,0.2987023077792381,0.3080286634056325,0.42756520759590266,0.42894596774503735,0.29883503593483285,0.3296480115584154
0.34494971165020805,0.5302815154266427,0.26338537960877584,0.30472946464252415,0.41007632058159227,1.0,0.39100118751623103,0.3158038758407471,0.3290938487067512,0.3120624484607408,0.4383767539992707,0.3036456602717633,0.4353163383049581,0.3002238465834717,0.29742904210144916,0.391260784551023,0.45478931841357995,0.4338036334535592,0.4096322840747162,0.38458033522873825,0.4166600317083373,0.47121038649583535,0.4399344553619806,0.5063776770376494,0.501260308008132,0.4564833647685397,0.4245127633927913,0.30329379313682536,0.3444820233371433,0.330752374704681,0.28996390725390075,0.4213512048794539,0.0,0.4424576158226201,0.5301732487348008,0.3146716609929435,0.3709229239794132,0.4401932898958414,0.283935212170648,0.43276182722551937,0.2974305492529712,0.4782270545178666,0.4379935505295418,0.3056748180639929,0.3049603150566652,0.3180429220181138,0.47643154032533863,0.47826457392788124,0.3036883913404227,0.35055614909930255
0.35446058525520363,0.397210259933372,0.2793090398556314,0.3142120687110971,0.3505879036648485,0.39100118751623103,1.0,0.3159898376675708,0.3518653844179548,0.31548863494456203,0.41311914955926776,0.30557070201295833,0.4003843943832458,0.305234103306521,0.3047726451141879,0.7617303324982378,0.37037682596091814,0.4405911066175495,0.4055678552502624,0.8634058011390568,0.4349957145440446,0.41181504144869696,0.4495698758012904,0.3854220585695157,0.36664673614413634,0.3804669125512401,0.4094157223606504,0.30863929650413147,0.3412821065472669,0.35385680452751633,0.2935964261412217,0.3926741968803473,0.0,0.4093031779889865,0.40631246659903775,0.3339013359650532,0.795953011794007,0.3931067855119681,0.2809683461414376,0.40438428783402713,0.2942026568684719,0.398868097853634,0.4087256451418828,0.3110866500565982,0.3088011857441251,0.323360250510607,0.39176318757354245,0.39186724077433976,0.30685470593302944,0.3543247877009349
0.34113374235833294,0.34186430315988836,0.2697144121151418,0.5299681727932355,0.31312456804704647,0.3158038758407471,0.3159898376675708,1.0,0.33268660936090866,0.5371230601667221,0.3357834110464295,0.5119185970445557,0.34077871839100327,0.5206611486763602,0.5131318691138029,0.32545278977005965,0.3108428757231747,0.32291455064600627,0.3026269878444089,0.31970631850213294,0.3101392728571509,0.3076933825475401,0.3332342108305406,0.3234985887552616,0.30377261187120186,0.3190861386689544,0.3310940223178398,0.7090588909418087,0.3654252381598362,0.33648777451869494,0.501692043553577,0.32404449145966197,0.0,0.32386254465363595,0.31674261819961536,0.4518225588511553,0.30685840900372696,0.34795649900969206,0.4122061198183036,0.33075408091867964,0.5026217363509539,0.327626310075227,0.3327079471286698,0.707112407770867,0.6786755289790982,0.3389580478515696,0.32436663491953166,0.3244057591773135,0.4888046776990771,0.36692409536438675
0.43889968845773286,0.3556434014649337,0.30784885197802536,0.3351701856622127,0.33368514092269497,0.3290938487067512,0.3518653844179548,0.33268660936090866,1.0,0.3507264897776654,0.3696342384071183,0.32199670519581236,0.3684969676177242,0.3313212463170374,0.331107764486433,0.36708339468196893,0.32936640309080767,0.3506732234121175,0.32106254932607803,0.3578706468126559,0.33704162217227296,0.33257961799347757,0.3555793836289912,0.34552737564446256,0.3290192614895999,0.3401857263006105,0.3582284222685246,0.3218140449072564,0.38282704234236453,0.46190016508027043,0.32763262624576317,0.34453038866504104,0.0,0.34895802061685566,0.34725634673059247,0.3354032905644111,0.3442758966324512,0.3549553798508084,0.28392759908674936,0.3612161232509201,0.32707029600279136,0.35214873336790065,0.36708444667555984,0.32451167124490654,0.3179353125767963,0.36400836212332266,0.3515722658937336,0.3520040907647505,0.3249728290420715,0.3993560832966575
0.35256886431671575,0.34912684283400086,0.2758529040253639,0.5527194190121724,0.3215487650900589,0.3120624484607408,0.31548863494456203,0.5371230601667221,0.3507264897776654,1.0,0.34997189250724536,0.5225315117718072,0.3506553505722835,0.5370042001956385,0.5380939348561979,0.3336719706221397,0.3084765108461748,0.32334086005651763,0.30290947053048667,0.3199486970916636,0.31253744097846814,0.3100777297742282,0.32886452020262014,0.3175533452665673,0.31593637855394396,0.3242181735203876,0.33155140275338124,0.5426664281958452,0.3740871719503377,0.3502278463337717,0.5562847257629557,0.32177011656798216,0.0,0.32370621908300956,0.3205483807862447,0.46916562195716816,0.30913612840530935,0.33791082075419554,0.42928256080263605,0.337420233649143,0.5601820943319065,0.3242928112321595,0.3355845473609911,0.542214002348163,0.5426282228567607,0.34875771133962485,0.3310586099325017,0.33154170704030483,0.5195321923728081,0.36879898421027835
0.3829381698947907,0.4840208479204079,0.30164055702911163,0.3326610938237644,0.512504770547291,0.4383767539992707,0.41311914955926776,0.3357834110464295,0.3696342384071183,0.34997189250724536,1.0,0.332721040249917,0.570355406993984,0.3332993927839891,0.325982792132016,0.4255305307066649,0.43165586568992254,0.5301479262281421,0.4806041236853701,0.4207265394023556,0.5209902651232292,0.5101954838946626,0.5418228452509954,0.45677254959938496,0.42503529645776494,0.45636077445494405,0.5491135986554463,0.3367904885454053,0.36683365272167157,0.38074073430129285,0.32177851780347366,0.4966548518714988,0.0,0.5250277071144123,0.4736027442328894,0.3416309981988024,0.4034000449859576,0.5448278655278078,0.2828113522240354,0.5689394241454655,0.321461009852418,0.4929976728827372,0.5608324869752291,0.3355771418168014,0.3347611313009722,0.3457180140376297,0.49261858623575494,0.49287296698365146,0.3401785555717173,0.3727533024748605
0.34553279442066487,0.3447308715912679,0.26873516992455393,0.5388997129425475,0.29700352435526955,0.3036456602717633,0.30557070201295833,0.5119185970445557,0.32199670519581236,0.5225315117718072,0.332721040249917,1.0,0.32937799339046037,0.5263436310936078,0.6194641712794846,0.3126967646816047,0.29794557699657154,0.3131313382523546,0.2989549629817836,0.30896081343201953,0.3085476241405952,0.30178760691509343,0.32444260182713325,0.311909868322522,0.295519406463585,0.3068978146522996,0.3193736189921844,0.524759372680737,0.3715557512750054,0.33054662447355765,0.481094114953723,0.31109077636756766,0.0,0.31397752899280584,0.3194367729672588,0.44463043795623114,0.29656218522689226,0.3316953265051976,0.4061316409745892,0.32411330444109665,0.496223362613065,0.31597221681917054,0.328301675247603,0.5278001813578812,0.5230092781111694,0.34259757790161005,0.32471855663880755,0.3254381273879601,0.477563767540535,0.36255672839529385
0.37056603402225585,0.47638575281745754,0.29174639376252165,0.33389610911022094,0.47927341189203154,0.4353163383049581,0.4003843943832458,0.34077871839100327,0.3684969676177242,0.3506553505722835,0.570355406993984,0.32937799339046037,1.0,0.32554561556000694,0.33032634390563054,0.41793211992270185,0.4288968700286263,0.5315581881767844,0.5364382350839156,0.40662168927577313,0.5355759984430947,0.5632855085028434,0.5868253540026871,0.45475574383644235,0.4290286710325706,0.45019181831586796,0.5735383552743276,0.3293607609920848,0.3604596226656849,0.37802039017753497,0.32419827314856864,0.5372625052496302,0.0,0.5735129215962186,0.47192209723568623,0.3280755484642617,0.39324453976295926,0.5528863049042092,0.28336668263502407,0.5818136135986804,0.32471514927746314,0.4840148042789587,0.571157514320346,0.329841361333847,0.32542878414543996,0.3368136360074303,0.4834910023061094,0.4837116377880697,0.33213540376191275,0.36687962528377704
0.3270857936311812,0.32487566204012475,0.2625539856234391,0.5794685481850399,0.29706867907381374,0.3002238465834717,0.305234103306521,0.5206611486763602,0.3313212463170374,0.5370042001956385,0.3332993927839891,0.5263436310936078,0.32554561556000694,1.0,0.5832554190085606,0.31347442112092194,0.2956887937183468,0.3176911203968197,0.2928403023524727,0.3102055896188156,0.3019144526969777,0.30152740363140773,0.3256950239562961,0.2989607718668663,0.2924284809255816,0.30507823114722743,0.321931787713743,0.5565297105071721,0.3610275577708657,0.3254992768647623,0.5289338917369241,0.31239049174326117,0.0,0.3115026739258431,0.310894939602844,0.45995252852733914,0.29680859805292836,0.3266956929118593,0.4085898696739487,0.3189518096783944,0.5430158287192409,0.3112529004245881,0.3243806621468234,0.5506734498244324,0.5355701386098015,0.34677133035963925,0.31645741569011254,0.3171928072146981,0.49523446547166483,0.36746730322537446
0.32035855721045836,0.3238653045144586,0.26132847954394367,0.5905849215972278,0.307295235744945,0.29742904210144916,0.3047726451141879,0.5131318691138029,0.331107764486433,0.5380939348561979,0.325982792132016,0.6194641712794846,0.33032634390563054,0.5832554190085606,1.0,0.3182236644889511,0.3060550190819613,0.3114881454363,0.28687267103266767,0.31000871574934175,0.30181262290091626,0.2964817849672756,0.3237254376811183,0.3019950208689831,0.3017447005963093,0.3104935346400238,0.31743258203520786,0.5330815835384415,0.35413834371042985,0.3252983940988142,0.5303001486141145,0.31653740415401854,0.0,0.30876707801978887,0.31029757198944674,0.45040161893705166,0.29863168345424174,0.3236049690321181,0.40840066021962906,0.31741488327353873,0.5430043788488794,0.3091763747480164,0.3219063481118698,0.5281732159501877,0.5141613739692147,0.34433212451411066,0.3201845954531626,0.3211759275065019,0.4843417963789638,0.368273546229658
0.3609497980581198,0.4059149596565328,0.28415212841240045,0.3285563746465304,0.3754796581076836,0.391260784551023,0.7617303324982378,0.32545278977005965,0.36708339468196893,0.3336719706221397,0.4255305307066649,0.3126967646816047,0.41793211992270185,0.31347442112092194,0.3182236644889511,1.0,0.3785632753366567,0.4277752568693747,0.3997809593540326,0.7762791823287267,0.4156422935791737,0.4098100524912538,0.4382122545064129,0.39253013159372263,0.38224891782222026,0.39915829383584833,0.4082854940755938,0.3153565792586053,0.35020465182377547,0.3724416577560823,0.30912492894864163,0.3956409713795721,0.0,0.4039348863003329,0.4046618878834606,0.3360209848726513,0.7473612561606987,0.40112799324004456,0.27964103954993613,0.4092242081335815,0.31039077942852356,0.3991142177379987,0.41150370239669243,0.3140530207209692,0.31543724787492566,0.3315096904848035,0.3996365561647717,0.39959124812163815,0.31607805826502267,0.35820215279501366
0.34166942613060025,0.48482929086829263,0.2670636937272147,0.30852164122976067,0.42564696519229217,0.45478931841357995,0.37037682596091814,0.3108428757231747,0.32936640309080767,0.3084765108461748,0.43165586568992254,0.29794557699657154,0.4288968700286263,0.2956887937183468,0.3060550190819613,0.3785632753366567,1.0,0.4154947482648096,0.38487437251368295,0.3699383709590973,0.4093884883208465,0.40221870506101265,0.43752752742661805,0.5047774993832757,0.5207851929593498,0.5553744098582305,0.41918178235047154,0.299324724196499,0.3410297404692848,0.3340265575661958,0.29284373430839283,0.4753064276451574,0.0,0.4302058643389053,0.4852359119435089,0.3032636423475682,0.3598236549357675,0.41985054911585884,0.25918003208414164,0.424676000232341,0.2942435764430048,0.4661397755462795,0.4286281805604464,0.30279350174862985,0.3080100229570284,0.3145704996622267,0.4776855436145798,0.4800889430721256,0.2948218067527032,0.3384485722083549
0.36114930981348026,0.46272505527303864,0.28617378224598033,0.32295989186524143,0.4310427860167394,0.4338036334535592,0.4405911066175495,0.32291455064600627,0.3506732234121175,0.32334086005651763,0.5301479262281421,0.3131313382523546,0.5315581881767844,0.3176911203968197,0.3114881454363,0.4277752568693747,0.4154947482648096,1.0,0.5338154620743074,0.4426427528173884,0.5482448956836539,0.5277721709938884,0.56612472567156,0.4384008658711508,0.4108022944562816,0.42540037346905213,0.5326831056478456,0.3171930979097355,0.35120890952444184,0.35710042294059796,0.30401173162175743,0.48950580812196687,0.0,0.519563401840363,0.4577046200673962,0.34165734438769935,0.4247337746963663,0.5094220242292073,0.2860588821971076,0.5301272074089431,0.30318160325626664,0.46963053093459495,0.5280969394588777,0.31874260749080374,0.31530439402817245,0.3320727469722393,0.4702867077758288,0.47100885421150096,0.31379752121542726,0.36442858198082684
0.3373164457715322,0.4218891698125772,0.2626444072211487,0.2967782189333088,0.40350463742782094,0.4096322840747162,0.4055678552502624,0.3026269878444089,0.32106254932607803,0.30290947053048667,0.4806041236853701,0.2989549629817836,0.5364382350839156,0.2928403023524727,0.28687267103266767,0.3997809593540326,0.38487437251368295,0.5338154620743074,1.0,0.4018553014691032,0.5103393290810605,0.5281355950042294,0.5179002527791858,0.40145604213645136,0.3815247377960772,0.38641513844890496,0.49201438199591263,0.2979463259375762,0.3253216441020741,0.33079847011638674,0.28178594963497927,0.485221134906898,0.0,0.4831198607926469,0.43144533578458333,0.30717414189358405,0.39055315122862433,0.4737856215734496,0.25885795175191506,0.49135293970560456,0.28437403338165557,0.43068130417715744,0.4871841123953773,0.29952789346425435,0.29817743377249784,0.30833013647762486,0.42609769431466427,0.4274146864386089,0.2933606382545595,0.33367468566632075
0.3585796359202811,0.40325527183859344,0.2840064093368396,0.31855959631033326,0.3558931662004413,0.38458033522873825,0.8634058011390568,0.31970631850213294,0.3578706468126559,0.3199486970916636,0.4207265394023556,0.30896081343201953,0.40662168927577313,0.3102055896188156,0.31000871574934175,0.7762791823287267,0.3699383709590973,0.4426427528173884,0.4018553014691032,1.0,0.43425504877606946,0.4070104323002245,0.448538425841012,0.38647241092900264,0.371369380553912,0.3852825067308405,0.41466518167079347,0.3129968905124574,0.3466035650582534,0.3597550998391854,0.2980835063383622,0.39464508842615853,0.0,0.4084110414547455,0.40610843488983817,0.33464106533851756,0.7997516042721243,0.3996512486918712,0.2769063367896937,0.4108687812140429,0.29870231971399297,0.40323017410355655,0.41472267769671267,0.3139801033442913,0.3107965490257605,0.3287516054331032,0.39767654733653823,0.3977849420337153,0.31184409399323476,0.36051640271801577
0.34598781255769695,0.44828189030846144,0.2818643180537269,0.3101701390507502,0.43564817233620134,0.4166600317083373,0.4349957145440446,0.3101392728571509,0.33704162217227296,0.31253744097846814,0.5209902651232292,0.3085476241405952,0.5355759984430947,0.3019144526969777,0.30181262290091626,0.4156422935791737,0.4093884883208465,0.5482448956836539,0.5103393290810605,0.43425504877606946,1.0,0.5206658385167409,0.5763979597154494,0.4241251730939407,0.4052134787215914,0.42309765761991447,0.5377658444502308,0.308930724899505,0.33540243028887295,0.35154772308036997,0.293965071862923,0.49881568639957674,0.0,0.5336593557328462,0.4476978619534224,0.3272753694040086,0.41398142435865914,0.5112896432690357,0.2714555241457026,0.5403085930299114,0.29883167218524453,0.4447868930609493,0.5246560863960794,0.3105709524194953,0.309051800380465,0.32836305977301994,0.4605619666452865,0.46124573594283014,0.30527672054848287,0.34680778304349835
0.33911637635568737,0.4356992298398016,0.27565728256210087,0.3039380161552324,0.4056820352873076,0.47121038649583535,0.41181504144869696,0.3076933825475401,0.33257961799347757,0.3100777297742282,0.5101954838946626,0.30178760691509343,0.5632855085028434,0.30152740363140773,0.2964817849672756,0.4098100524912538,0.40221870506101265,0.5277721709938884,0.5281355950042294,0.4070104323002245,0.5206658385167409,1.0,0.6775045957618228,0.411525122002654,0.38979498677134417,0.40145094520999225,0.5213101207995203,0.3061655561193818,0.3286402611457575,0.3384624106733718,0.2904623164420702,0.48956807870515096,0.0,0.606552253177018,0.43445832496510717,0.3123473841080895,0.3928099577965828,0.5008747541464627,0.26755868428397434,0.5263950764521236,0.2900660790146373,0.4397790171186374,0.5264604306505527,0.3074075176179236,0.3028863298643414,0.31571863608792905,0.44010146171206954,0.4402901812418273,0.30324001175966286,0.34303617582640966
0.3681282312909301,0.47207890416899934,0.29232622335306124,0.3334899750119591,0.443767978370893,0.4399344553619806,0.4495698758012904,0.3332342108305406,0.3555793836289912,0.32886452020262014,0.5418228452509954,0.32444260182713325,0.5868253540026871,0.3256950239562961,0.3237254376811183,0.4382122545064129,0.43752752742661805,0.56612472567156,0.5179002527791858,0.448538425841012,0.5763979597154494,0.6775045957618228,1.0,0.44144202916830844,0.43341710959254376,0.43530488512773446,0.5692851822116398,0.32781491176088606,0.3531315302023529,0.3593647383279892,0.313597909020493,0.5289080550101461,0.0,0.6597084600241314,0.4697022861011707,0.33608306302213364,0.43118317987071475,0.5397284099600288,0.28789244920461843,0.5603059755494981,0.31517017206486087,0.4740185826059581,0.5599359976549207,0.3300085675957479,0.3278299125652152,0.3379593002321495,0.468558993683744,0.46943482821209837,0.3216496100220808,0.36593329992257206
0.35487251726991653,0.5596847029827626,0.2735113258934697,0.3091825148915207,0.41439591064274606,0.5063776770376494,0.3854220585695157,0.3234985887552616,0.34552737564446256,0.3175533452665673,0.45677254959938496,0.311909868322522,0.45475574383644235,0.2989607718668663,0.3019950208689831,0.39253013159372263,0.5047774993832757,0.4384008658711508,0.40145604213645136,0.38647241092900264,0.4241251730939407,0.411525122002654,0.44144202916830844,1.0,0.528982445293283,0.5198957890960455,0.44354879774659606,0.3065363974122528,0.34930261232857573,0.34685668034792283,0.29648169305461647,0.4379299657589414,0.0,0.43727643738566424,0.566756914632478,0.3120739805781062,0.3754670554452353,0.4401396535947685,0.2627433889446392,0.43908960147965836,0.29719435331370425,0.48993986234421916,0.44556392267421263,0.3079107418190601,0.3112225971303749,0.31768856282914204,0.48332429961019496,0.4836359807302433,0.3042679275144661,0.34758787013265147
0.3407251417690803,0.5483309532896798,0.2620479167190424,0.3132808996765064,0.4175959315492165,0.501260308008132,0.36664673614413634,0.30377261187120186,0.3290192614895999,0.31593637855394396,0.42503529645776494,0.295519406463585,0.4290286710325706,0.2924284809255816,0.3017447005963093,0.38224891782222026,0.5207851929593498,0.4108022944562816,0.3815247377960772,0.371369380553912,0.4052134787215914,0.38979498677134417,0.43341710959254376,0.528982445293283,1.0,0.5345354225361152,0.41724350232362295,0.29148047873289906,0.3316638640573266,0.3271023688400063,0.29365336144760834,0.4732445264512801,0.0,0.4169939079564917,0.538553726734339,0.29648718411632813,0.36430852907609956,0.4227272520765777,0.2560197314956063,0.4198524113295745,0.295872795567956,0.4600999512698004,0.42617685033018227,0.304045962769791,0.30367883338303026,0.3157895422106065,0.4677124822559031,0.468736370561464,0.3030414562824233,0.33183615744874895
0.3355394651912714,0.5083469437569587,0.26933036918321396,0.3180960369994601,0.44280474729676356,0.4564833647685397,0.3804669125512401,0.3190861386689544,0.3401857263006105,0.3242181735203876,0.45636077445494405,0.3068978146522996,0.45019181831586796,0.30507823114722743,0.3104935346400238,0.39915829383584833,0.5553744098582305,0.42540037346905213,0.38641513844890496,0.3852825067308405,0.42309765761991447,0.40145094520999225,0.43530488512773446,0.5198957890960455,0.5345354225361152,1.0,0.4355789888042556,0.3069232099673702,0.34626638086119244,0.34384500602977075,0.30678898181758707,0.43969078616524726,0.0,0.42380318701128283,0.5000233537691214,0.30817575248721196,0.3748550775993754,0.43476264758886896,0.2657600788637565,0.441671788510409,0.30404762906126526,0.4849660967263828,0.43532885549648304,0.3181498704338672,0.30973710228066675,0.31706954641570584,0.4888050737519196,0.4891050935291633,0.3135920791569007,0.34046168600267135
0.3614348079051174,0.46819988122847667,0.2920125886166307,0.32611043865482603,0.4461262080360706,0.4245127633927913,0.4094157223606504,0.3310940223178398,0.3582284222685246,0.33155140275338124,0.5491135986554463,0.3193736189921844,0.5735383552743276,0.321931787713743,0.31743258203520786,0.4082854940755938,0.41918178235047154,0.5326831056478456,0.49201438199591263,0.41466518167079347,0.5377658444502308,0.5213101207995203,0.5692851822116398,0.44354879774659606,0.41724350232362295,0.4355789888042556,1.0,0.32428452588080126,0.35806453715631437,0.35882661573727115,0.311034354340315,0.5188808239535937,0.0,0.5364310210973661,0.46019910644036,0.3275333337607813,0.3942421467711278,0.6120312570414614,0.2720503935003806,0.5769803397655552,0.3126198530507428,0.466729850873684,0.6359687549195459,0.3305883757905119,0.32031207756164337,0.34030053874341204,0.46333264198753576,0.4640573183549299,0.32727620341349506,0.3651526074940371
0.3329572398825812,0.3363955713945629,0.26615627167103584,0.560329440696147,0.2927895948387499,0.30329379313682536,0.30863929650413147,0.7090588909418087,0.3218140449072564,0.5426664281958452,0.3367904885454053,0.524759372680737,0.3293607609920848,0.5565297105071721,0.5330815835384415,0.3153565792586053,0.299324724196499,0.3171930979097355,0.2979463259375762,0.3129968905124574,0.308930724899505,0.3061655561193818,0.32781491176088606,0.3065363974122528,0.29148047873289906,0.3069232099673702,0.32428452588080126,1.0,0.36235561336400346,0.32775977484790686,0.509376558365072,0.3184194700382251,0.0,0.31717356984401823,0.3138299745435902,0.45463555475056805,0.29958833506835725,0.34145016267172124,0.4077664958968341,0.3231170461265974,0.5236298095027172,0.31704694282484136,0.32605234891976065,0.8221879242127285,0.7706808219333281,0.33800159107676664,0.32321356027008463,0.32339830611242293,0.5070298102122759,0.35900792703036566
0.38835851586958636,0.36604037247057075,0.30623321621270183,0.35744708543840165,0.33078108489770863,0.3444820233371433,0.3412821065472669,0.3654252381598362,0.38282704234236453,0.3740871719503377,0.36683365272167157,0.3715557512750054,0.3604596226656849,0.3610275577708657,0.35413834371042985,0.35020465182377547,0.3410297404692848,0.35120890952444184,0.3253216441020741,0.3466035650582534,0.33540243028887295,0.3286402611457575,0.3531315302023529,0.34930261232857573,0.3316638640573266,0.34626638086119244,0.35806453715631437,0.36235561336400346,1.0,0.37938176694360626,0.3451579026510605,0.3430635851090482,0.0,0.3511132948152216,0.3508381651594752,0.36297763801878835,0.3313435359928816,0.3648900344889928,0.3013955954102624,0.356114818123315,0.34470911517765346,0.34832452906742084,0.3590165623764263,0.36173779102518844,0.35882940064683355,0.4288773746772083,0.34919873947943847,0.34950988529476734,0.3605827448815946,0.6287319495572122
0.4332107114393542,0.3668108114212889,0.31829463084582676,0.3355069487370814,0.331912217883908,0.330752374704681,0.35385680452751633,0.33648777451869494,0.46190016508027043,0.3502278463337717,0.38074073430129285,0.33054662447355765,0.37802039017753497,0.3254992768647623,0.3252983940988142,0.3724416577560823,0.3340265575661958,0.35710042294059796,0.33079847011638674,0.3597550998391854,0.35154772308036997,0.3384624106733718,0.3593647383279892,0.34685668034792283,0.3271023688400063,0.34384500602977075,0.35882661573727115,0.32775977484790686,0.37938176694360626,1.0,0.32330422249795376,0.34565662587360046,0.0,0.3491368614797806,0.3528799298717311,0.33123358195507335,0.3468463617819154,0.35803006767143764,0.2839615903923519,0.37444401902422186,0.32582522191246044,0.35916576510355913,0.36930090839918117,0.3288256591784151,0.3240639476937056,0.37473040738828267,0.3659659335596468,0.36669223748165936,0.3274355094530058,0.3993447408116292
0.3136728595663051,0.3152123224090764,0.25203116558489047,0.5388820376741315,0.29858740198929856,0.28996390725390075,0.2935964261412217,0.501692043553577,0.32763262624576317,0.5562847257629557,0.32177851780347366,0.481094114953723,0.32419827314856864,0.5289338917369241,0.5303001486141145,0.30912492894864163,0.29284373430839283,0.30401173162175743,0.28178594963497927,0.2980835063383622,0.293965071862923,0.2904623164420702,0.313597909020493,0.29648169305461647,0.29365336144760834,0.30678898181758707,0.311034354340315,0.509376558365072,0.3451579026510605,0.32330422249795376,1.0,0.3076742943913976,0.0,0.30348610762998174,0.3005321161446852,0.4379718410287917,0.28992697754017016,0.31338158162752094,0.3935165232243254,0.3115499821569683,0.6694448994236135,0.3028507262073066,0.3133917687327483,0.5083668019583978,0.49443600811697563,0.3266588691637675,0.308822754115741,0.3092652498294617,0.4739460861333997,0.3451559811999798
0.3529125850542083,0.44749134689348946,0.27767757085541855,0.3281006834828454,0.45468874315889707,0.4213512048794539,0.3926741968803473,0.32404449145966197,0.34453038866504104,0.32177011656798216,0.4966548518714988,0.31109077636756766,0.5372625052496302,0.31239049174326117,0.31653740415401854,0.3956409713795721,0.4753064276451574,0.48950580812196687,0.485221134906898,0.39464508842615853,0.49881568639957674,0.48956807870515096,0.5289080550101461,0.4379299657589414,0.4732445264512801,0.43969078616524726,0.5188808239535937,0.3184194700382251,0.3430635851090482,0.34565662587360046,0.3076742943913976,1.0,0.0,0.5086466342272555,0.4375612790833664,0.31222533007845177,0.3886186284251143,0.5192935313611458,0.27235803657567226,0.525135555912416,0.3040959525931596,0.45280683846533476,0.5254369580930843,0.3194965578642124,0.32219754626327957,0.32760092760252324,0.4581743345998719,0.4604358684785578,0.3050381298188911,0.34625633409838763
0.0,0.0,0.0,0.0,0.0,0.0,0.0,0.0,0.0,0.0,0.0,0.0,0.0,0.0,0.0,0.0,0.0,0.0,0.0,0.0,0.0,0.0,0.0,0.0,0.0,0.0,0.0,0.0,0.0,0.0,0.0,0.0,1.0,0.0,0.0,0.0,0.0,0.0,0.0,0.0,0.0,0.0,0.0,0.0,0.0,0.0,0.0,0.0,0.0,0.0
0.35939782748037574,0.4550250054686811,0.2867076127743786,0.3140414069182089,0.44747283437217344,0.4424576158226201,0.4093031779889865,0.32386254465363595,0.34895802061685566,0.32370621908300956,0.5250277071144123,0.31397752899280584,0.5735129215962186,0.3115026739258431,0.30876707801978887,0.4039348863003329,0.4302058643389053,0.519563401840363,0.4831198607926469,0.4084110414547455,0.5336593557328462,0.606552253177018,0.6597084600241314,0.43727643738566424,0.4169939079564917,0.42380318701128283,0.5364310210973661,0.31717356984401823,0.3511132948152216,0.3491368614797806,0.30348610762998174,0.5086466342272555,0.0,1.0,0.4603950811285008,0.3412653645080048,0.3942463415092683,0.5215827346899867,0.30082903347940415,0.5422790893008664,0.30332684434774093,0.46963940346194144,0.5492158078456133,0.31722132297461536,0.3155472006435037,0.32572022004466705,0.46167815088097275,0.46220685400015626,0.31344704513406496,0.35821697232454996
0.35611012242076456,0.5825542283680536,0.27665303540177444,0.3160330842184327,0.41207978309666615,0.5301732487348008,0.40631246659903775,0.31674261819961536,0.34725634673059247,0.3205483807862447,0.4736027442328894,0.3194367729672588,0.47192209723568623,0.310894939602844,0.31029757198944674,0.4046618878834606,0.4852359119435089,0.4577046200673962,0.43144533578458333,0.40610843488983817,0.4476978619534224,0.43445832496510717,0.4697022861011707,0.566756914632478,0.538553726734339,0.5000233537691214,0.46019910644036,0.3138299745435902,0.3508381651594752,0.3528799298717311,0.3005321161446852,0.4375612790833664,0.0,0.4603950811285008,1.0,0.31923676867890727,0.38520576928039485,0.4562758967619155,0.2733901137841721,0.4649578784906988,0.3014456775868093,0.5056778297237752,0.4746847052504909,0.31535137963407034,0.3145641277817224,0.3241886424118655,0.5021696058799563,0.5029079118187003,0.3115855471801803,0.3525808146916354
0.3326305490080239,0.3271126812046463,0.27447219572089343,0.4582285153076745,0.29215664934985075,0.3146716609929435,0.3339013359650532,0.4518225588511553,0.3354032905644111,0.46916562195716816,0.3416309981988024,0.44463043795623114,0.3280755484642617,0.45995252852733914,0.45040161893705166,0.3360209848726513,0.3032636423475682,0.34165734438769935,0.30717414189358405,0.33464106533851756,0.3272753694040086,0.3123473841080895,0.33608306302213364,0.3120739805781062,0.29648718411632813,0.30817575248721196,0.3275333337607813,0.45463555475056805,0.36297763801878835,0.33123358195507335,0.4379718410287917,0.31222533007845177,0.0,0.3412653645080048,0.31923676867890727,1.0,0.3209312067679324,0.3231226936549465,0.4209667219509189,0.33069261399977556,0.4441589996292281,0.3263083088574463,0.32845194648278053,0.45729624432876026,0.45515220065427564,0.33324095102175455,0.3222355283918703,0.3225584287847477,0.4544643139693606,0.36830789705011124
0.346311443676557,0.38311137584130606,0.2686358567217927,0.3083612169288459,0.34822906405078646,0.3709229239794132,0.795953011794007,0.30685840900372696,0.3442758966324512,0.30913612840530935,0.4034000449859576,0.29656218522689226,0.39324453976295926,0.29680859805292836,0.29863168345424174,0.7473612561606987,0.3598236549357675,0.4247337746963663,0.39055315122862433,0.7997516042721243,0.41398142435865914,0.3928099577965828,0.43118317987071475,0.3754670554452353,0.36430852907609956,0.3748550775993754,0.3942421467711278,0.29958833506835725,0.3313435359928816,0.3468463617819154,0.28992697754017016,0.3886186284251143,0.0,0.3942463415092683,0.38520576928039485,0.3209312067679324,1.0,0.3808495929267415,0.26978688736958134,0.38382648609402137,0.28869199367082876,0.3864405738350505,0.39569467168588035,0.2997797331362472,0.2971443552804196,0.31213497420328573,0.37880863921499586,0.37889918639814224,0.29504466531075,0.34323303757260837
0.3743694533237262,0.4874255375396399,0.2940661289738633,0.32875799778175196,0.46506753517399824,0.4401932898958414,0.3931067855119681,0.34795649900969206,0.3549553798508084,0.33791082075419554,0.5448278655278078,0.3316953265051976,0.5528863049042092,0.3266956929118593,0.3236049690321181,0.40112799324004456,0.41985054911585884,0.5094220242292073,0.4737856215734496,0.3996512486918712,0.5112896432690357,0.5008747541464627,0.5397284099600288,0.4401396535947685,0.4227272520765777,0.43476264758886896,0.6120312570414614,0.34145016267172124,0.3648900344889928,0.35803006767143764,0.31338158162752094,0.5192935313611458,0.0,0.5215827346899867,0.4562758967619155,0.3231226936549465,0.3808495929267415,1.0,0.28386510179903524,0.5621374912348985,0.31799686756818224,0.4707581006913846,0.6494683299845764,0.34389073650848934,0.33246021211190946,0.3409918297421538,0.48236274208407093,0.4830638016098048,0.3377898891135549,0.36339092782239035
0.28476592713072235,0.2759362641011468,0.22728205843288185,0.4133512714395433,0.28488368426408917,0.283935212170648,0.2809683461414376,0.4122061198183036,0.28392759908674936,0.42928256080263605,0.2828113522240354,0.4061316409745892,0.28336668263502407,0.4085898696739487,0.40840066021962906,0.27964103954993613,0.25918003208414164,0.2860588821971076,0.25885795175191506,0.2769063367896937,0.2714555241457026,0.26755868428397434,0.28789244920461843,0.2627433889446392,0.2560197314956063,0.2657600788637565,0.2720503935003806,0.4077664958968341,0.3013955954102624,0.2839615903923519,0.3935165232243254,0.27235803657567226,0.0,0.30082903347940415,0.2733901137841721,0.4209667219509189,0.26978688736958134,0.28386510179903524,1.0,0.27941018806982165,0.39708648886391973,0.2897627191014368,0.2832307548658952,0.40970482680310627,0.4123077721695698,0.28405074744200454,0.2785167879331738,0.27865214673438676,0.40567702425201946,0.30822927962451196
0.3673782139866144,0.4736198296749107,0.2956977389677091,0.323292907179331,0.46121437384852015,0.43276182722551937,0.40438428783402713,0.33075408091867964,0.3612161232509201,0.337420233649143,0.5689394241454655,0.32411330444109665,0.5818136135986804,0.3189518096783944,0.31741488327353873,0.4092242081335815,0.424676000232341,0.5301272074089431,0.49135293970560456,0.4108687812140429,0.5403085930299114,0.5263950764521236,0.5603059755494981,0.43908960147965836,0.4198524113295745,0.441671788510409,0.5769803397655552,0.3231170461265974,0.356114818123315,0.37444401902422186,0.3115499821569683,0.525135555912416,0.0,0.5422790893008664,0.4649578784906988,0.33069261399977556,0.38382648609402137,0.5621374912348985,0.27941018806982165,1.0,0.3131522238989992,0.4749551452750149,0.5827860228569157,0.3252777164370648,0.3239456110930866,0.3462653218163033,0.4957688990246545,0.4956330093690997,0.3246110712981244,0.37149716922888143
