../ecoli_genomes/GCF_000163235.1_ASM16323v1_genomic.fna.gz,../ecoli_genomes/GCF_000164555.1_ASM16455v1_genomic.fna.gz,../ecoli_genomes/GCF_000208545.1_ASM20854v2_genomic.fna.gz,../ecoli_genomes/GCF_000233875.1_ASM23387v1_genomic.fna.gz,../ecoli_genomes/GCF_000249735.1_ASM24973v2_genomic.fna.gz,../ecoli_genomes/GCF_000261145.1_Esch_coli_M919_V2_genomic.fna.gz,../ecoli_genomes/GCF_000267705.2_ASM26770v2_genomic.fna.gz,../ecoli_genomes/GCF_000350665.1_Esch_coli_KTE5_V1_genomic.fna.gz,../ecoli_genomes/GCF_000351625.1_Esch_coli_KTE66_V1_genomic.fna.gz,../ecoli_genomes/GCF_000352285.1_Esch_coli_KTE46_V1_genomic.fna.gz,../ecoli_genomes/GCF_000358895.1_ASM35889v1_genomic.fna.gz,../ecoli_genomes/GCF_000456385.1_Esch_coli_HVH_26_4-5703913_V1_genomic.fna.gz,../ecoli_genomes/GCF_000458195.1_Esch_coli_HVH_147_4-5893887_V1_genomic.fna.gz,../ecoli_genomes/GCF_000459755.1_Esch_coli_KOEGE_58_171a_V1_genomic.fna.gz,../ecoli_genomes/GCF_000460055.1_Esch_coli_UMEA_3053-1_V1_genomic.fna.gz,../ecoli_genomes/GCF_000462165.2_ASM46216v2_genomic.fna.gz,../ecoli_genomes/GCF_000601135.1_ASM60113v1_genomic.fna.gz,../ecoli_genomes/GCF_000614595.1_Ec2010EL1058_genomic.fna.gz,../ecoli_genomes/GCF_000617745.1_Ec2010C-4529_genomic.fna.gz,../ecoli_genomes/GCF_000618265.2_EcF6751_genomic.fna.gz,../ecoli_genomes/GCF_000619005.2_Ec2009C-4052_genomic.fna.gz,../ecoli_genomes/GCF_000619105.1_Ec2009C-4780_genomic.fna.gz,../ecoli_genomes/GCF_000619765.2_Ec2009C-3279_genomic.fna.gz,../ecoli_genomes/GCF_000687005.1_ASM68700v1_genomic.fna.gz,../ecoli_genomes/GCF_000687025.1_ASM68702v1_genomic.fna.gz,../ecoli_genomes/GCF_000700125.1_ASM70012v1_genomic.fna.gz,../ecoli_genomes/GCF_000753315.1_FHI35_genomic.fna.gz,../ecoli_genomes/GCF_000776375.1_ASM77637v1_genomic.fna.gz,../ecoli_genomes/GCF_000779395.1_ASM77939v1_genomic.fna.gz,../ecoli_genomes/GCF_000780315.1_ASM78031v1_genomic.fna.gz,../ecoli_genomes/GCF_000781995.1_ASM78199v1_genomic.fna.gz,../ecoli_genomes/GCF_000986765.1_ASM98676v1_genomic.fna.gz,../ecoli_genomes/GCF_001041375.1_ViralProj287958_genomic.fna.gz,../ecoli_genomes/GCF_001265335.1_302014_genomic.fna.gz,../ecoli_genomes/GCF_001265625.1_100854_genomic.fna.gz,../ecoli_genomes/GCF_001267345.1_303289_genomic.fna.gz,../ecoli_genomes/GCF_001309985.1_ASM130998v1_genomic.fna.gz,../ecoli_genomes/GCF_001521695.1_ASM152169v1_genomic.fna.gz,../ecoli_genomes/GCF_001592595.1_ASM159259v1_genomic.fna.gz,../ecoli_genomes/GCF_001614975.1_ASM161497v1_genomic.fna.gz,../ecoli_genomes/GCF_001692775.1_ASM169277v1_genomic.fna.gz,../ecoli_genomes/GCF_001748915.1_ASM174891v1_genomic.fna.gz,../ecoli_genomes/GCF_001749235.1_ASM174923v1_genomic.fna.gz,../ecoli_genomes/GCF_001881155.1_ASM188115v1_genomic.fna.gz,../ecoli_genomes/GCF_001881345.1_ASM188134v1_genomic.fna.gz,../ecoli_genomes/GCF_001892405.1_ASM189240v1_genomic.fna.gz,../ecoli_genomes/GCF_001892585.1_ASM189258v1_genomic.fna.gz,../ecoli_genomes/GCF_001893985.1_ASM189398v1_genomic.fna.gz,../ecoli_genomes/GCF_002001595.1_ASM200159v1_genomic.fna.gz,../ecoli_genomes/GCF_002002145.1_ASM200214v1_genomic.fna.gz
1.0,0.32298607770046983,0.25840485848664707,0.27912048365009967,0.2958354305783306,0.3061030445697621,0.3087332067731515,0.28776451319596064,0.3956268216332831,0.29452645495515084,0.3240428451433074,0.2859995183872398,0.32014300275991536,0.2788054141994446,0.27082791167775255,0.30493274118537017,0.28317776831430963,0.31219707323014156,0.29996176770622296,0.3072680314253814,0.29705421257164,0.28610025568436526,0.3174558038606746,0.3048261648547228,0.29519646273835276,0.26975422264210247,0.31481982677207165,0.28267337489070976,0.3355875484896871,0.38466158248970683,0.2598959445562288,0.3028453074868116,0.0,0.3055858089197766,0.3025903789406207,0.27547619995833683,0.29056513095784897,0.3223220113759723,0.2432447681633848,0.3172867456594376,0.26725722350769743,0.31073607949446325,0.31744039991212625,0.284149305498692,0.2963515947804407,0.31431173916772515,0.3068337758833152,0.3072540094386639,0.27633454397773893,0.34468642332844557
0.32298607770046983,1.0,0.23840790223875286,0.2759849935651174,0.38569642198248866,0.5427140019807548,0.3494459501103224,0.28397152144395077,0.3087480843578092,0.29013196983426426,0.42903618592657244,0.2894662027638448,0.4230749224704593,0.27395794394528994,0.26828622548401804,0.34899292256556524,0.43945024278695544,0.4158029569056294,0.3946143566295376,0.3529151856506155,0.4038952702417232,0.37679689584898424,0.4164307989804741,0.5493404137633127,0.5438395828244011,0.43389947710446686,0.41548832274509573,0.2798704021589725,0.30502267781639414,0.311645395368071,0.2608023181479834,0.4058507199102517,0.0,0.39888253442112365,0.5607700904208475,0.271382386671438,0.3295976996877107,0.4326094090773177,0.2392606498511617,0.42101841235498083,0.26302737346069327,0.47095949484490773,0.41612722591017637,0.29291177898304843,0.2919597428931532,0.2886454646259713,0.48288682333731414,0.4842535543908295,0.28714895906866356,0.30806358767564235
0.25840485848664707,0.23840790223875286,1.0,0.20791141937926616,0.2098483307683967,0.21732162528130927,0.22107179248693964,0.21187521328613068,0.24984899089654955,0.2161538848778386,0.23294905860975001,0.20728101670636556,0.23144071933042754,0.20939092743722842,0.20660457964054357,0.22141030352314117,0.20173729671294527,0.2263970348029658,0.2197534613596418,0.22292890980712987,0.22070958742805258,0.21128801219688342,0.2306726204751992,0.218651604024666,0.2159309906398259,0.19746435281208363,0.23123459043187766,0.21117730097683363,0.24799296090782041,0.2611955264229201,0.20115032320112958,0.2214991257531067,0.0,0.223841304787747,0.21789424126059076,0.2138954713697483,0.2092153524249858,0.23218358603355416,0.182987328257742,0.23131113530401115,0.20497422562329448,0.2241102383894854,0.23218404684339622,0.21766459875031408,0.21357551437207223,0.23643078845483168,0.23138416117946548,0.2308522411510915,0.2189311780677834,0.2543528112303529
0.27912048365009967,0.2759849935651174,0.20791141937926616,1.0,0.2827222526400853,0.2683978649779335,0.26255396749669335,0.4976645156805386,0.2845231231367764,0.5293595381135844,0.2783025808821882,0.48877500741963287,0.28653344527477254,0.5448199598783519,0.5554050114492743,0.2632189114562966,0.25197104988115204,0.269578238979582,0.25961441419451525,0.2626752733922866,0.2618494607702544,0.24389757362472742,0.2743894638660277,0.26555901045904917,0.2674707647277389,0.25098982066596165,0.2696752198342919,0.5237635202316631,0.2967401840506224,0.2777675234482695,0.5045566906164438,0.2845114304504973,0.0,0.25908378168547697,0.26223124605656023,0.4185742885023096,0.25428937411718344,0.2710920537858178,0.4069161892851656,0.2655270684809984,0.5317278856635468,0.26409885720758997,0.26752490002442253,0.5325757998362056,0.5224883666756626,0.2996272343816979,0.2641095910138278,0.26478500538771255,0.45626289986648283,0.31102160708779336
0.2958354305783306,0.38569642198248866,0.2098483307683967,0.2827222526400853,1.0,0.3954790393008448,0.32915297532187227,0.26956913324435516,0.3002917407120794,0.2909251255583396,0.5140497493477094,0.2570970013727326,0.471499741454667,0.26453356345360524,0.2829727144712213,0.3455178457040442,0.43556960016418667,0.4093330103889481,0.4028154061752267,0.32849098477704863,0.4189171208251036,0.3829088962414575,0.41945761818655214,0.4364854265996878,0.4173957630360452,0.4403235177896091,0.42968350150829926,0.2538572432153242,0.2909617013504998,0.29173194396279034,0.2566596199351381,0.4666383553786121,0.0,0.4325835847328935,0.39902775080365993,0.24902693119989694,0.3323695238652108,0.43615434721840673,0.23168251240516957,0.43391026059261373,0.2753324062787922,0.404445610598661,0.44345947517050255,0.26709417227677756,0.2736353209210943,0.2632760112866983,0.4128629678925896,0.4122094620079486,0.254431568807979,0.284129820486795
0.3061030445697621,0.5427140019807548,0.21732162528130927,0.2683978649779335,0.3954790393008448,1.0,0.3559319117552031,0.2772971237897409,0.30093435748792285,0.2739780849014646,0.4106682425467255,0.2606123214263365,0.4118481340799274,0.26832536322443323,0.26155595986295066,0.3471258362650481,0.4407783024392934,0.408524688924072,0.4026041426888257,0.34835265080723055,0.38785415907207776,0.4173142206363677,0.4059709576478512,0.530770861538477,0.5244005525888902,0.4240707141331225,0.3963712816576348,0.268025949367769,0.3036416130691686,0.2899979187811035,0.2497625668039476,0.3975210784024895,0.0,0.41187160474160045,0.5461506097419806,0.27083541145351564,0.33509348096960667,0.4105582367298187,0.25407716906977584,0.4042724798448274,0.2619923623995135,0.470137934293849,0.4071577742725254,0.2717018054410346,0.2716440823792404,0.2762415320571583,0.47193890240324055,0.4740888829761982,0.26613548592666714,0.30227098978577926
0.3087332067731515,0.3494459501103224,0.22107179248693964,0.26255396749669335,0.32915297532187227,0.3559319117552031,1.0,0.2650040152175108,0.30644098255759455,0.26597069422872743,0.36921642383725206,0.2565975362827868,0.3616484456727861,0.2617630064440435,0.2530441549528045,0.7646213833726434,0.32692728077605626,0.391287417280067,0.3789180957433883,0.8696522379841385,0.3841755253396313,0.35583426802535023,0.38875424816226356,0.3443290349339484,0.3341839381626094,0.3166578532505966,0.3599523242481988,0.26035037745246514,0.27725367393893263,0.2947268731810625,0.24580548339182906,0.34216157062634567,0.0,0.36039072345801837,0.35953237090942636,0.2763375901349493,0.7820819414759264,0.3475809258243612,0.24533186880798552,0.358621605106035,0.2507648938701925,0.36364355113313385,0.361003082370026,0.26709840781148686,0.2667188297345421,0.267792917816675,0.35213525091804,0.35215974640834347,0.2566974669903327,0.29279827376266376
0.28776451319596064,0.28397152144395077,0.21187521328613068,0.4976645156805386,0.26956913324435516,0.2772971237897409,0.2650040152175108,1.0,0.27914472762487996,0.5008080963818726,0.2804121782753146,0.46805206574173286,0.28349494174536716,0.49310515639555363,0.47427818556119317,0.2627449500131963,0.25613583632193104,0.27361317273593044,0.26634238663863896,0.2649440031046437,0.26509804398711345,0.2482711691619256,0.2736102465132183,0.27518246112158795,0.2629598730663728,0.2459269195515924,0.2754069574890371,0.6914578709308612,0.30679987181306057,0.2748574467799325,0.46478017464688837,0.274215031634244,0.0,0.26902646327298585,0.26842089894462473,0.4131406737665203,0.2488120144015461,0.2937236235333004,0.3958400824223475,0.2751859393533558,0.4776108993966943,0.27354632258791,0.27718446615962344,0.6969046164228032,0.6706584415149185,0.29519039623236654,0.26970759675983225,0.2693117614613877,0.4492779935128802,0.3108453309272845
0.3956268216332831,0.3087480843578092,0.24984899089654955,0.2845231231367764,0.3002917407120794,0.30093435748792285,0.30644098255759455,0.27914472762487996,1.0,0.2973364696259049,0.3191658519011983,0.2707086406942908,0.32435411364834466,0.2850137262775827,0.2824885733087933,0.3048467374771945,0.27713046044244716,0.30915816243182703,0.29085939460018895,0.3078052634879226,0.2958068739353523,0.28278130223399633,0.31003142645872217,0.29824323456455293,0.2922604918883822,0.2733241961786589,0.3135167628672275,0.27289077759469005,0.3346784396480825,0.41380150504180147,0.2691314889451113,0.29787946479442673,0.0,0.30089958253884874,0.3018303820030728,0.28298478864025123,0.29322427618367786,0.3065207506685588,0.2483147728555587,0.31294107816025984,0.27546391288452343,0.3067275081903946,0.313944341943302,0.27988448827387724,0.27636224904788165,0.3154883217395337,0.30109492720027664,0.3006063170576636,0.27847091223018416,0.3500342209876326
0.29452645495515084,0.29013196983426426,0.2161538848778386,0.5293595381135844,0.2909251255583396,0.2739780849014646,0.26597069422872743,0.5008080963818726,0.2973364696259049,1.0,0.2924351090270978,0.4777605083860673,0.2967895527916835,0.514107321345517,0.5143946244611594,0.2689333981265256,0.25737584065690977,0.27662324754123724,0.25887452501387453,0.26588272679245006,0.26535990644439145,0.24681344775862313,0.27188787217576194,0.27276312631745425,0.2711760064548189,0.25787494043964976,0.2799112334866841,0.5075285632303446,0.3144758575486847,0.28905237384049387,0.5235191754375136,0.27629607577225346,0.0,0.2613138656594439,0.26769360449170254,0.4280511456070658,0.2575150901836534,0.2796060510504498,0.4178972874546998,0.2758671172198207,0.5390513048370004,0.27409150636335067,0.272988923579764,0.5163580546218476,0.5168784557929489,0.3013359783943377,0.27191439248991356,0.27153087189244196,0.4735360134944526,0.31506520953544703
0.3240428451433074,0.42903618592657244,0.23294905860975001,0.2783025808821882,0.5140497493477094,0.4106682425467255,0.36921642383725206,0.2804121782753146,0.3191658519011983,0.2924351090270978,1.0,0.27310591950307717,0.53140996137425,0.28303708877395395,0.27433610998070157,0.3731636357807515,0.37971490513190687,0.4815629112692851,0.4582774446562947,0.3714346050824092,0.4823759051354005,0.45813113983227394,0.49422667978862644,0.4179310602720697,0.3918054943525532,0.38437882792952704,0.5026604884748616,0.28064294619102825,0.3015997963249458,0.3190294386517045,0.2631192372530241,0.4636160187544651,0.0,0.4721720132695567,0.4204130883425481,0.2832934904042017,0.3496153069981329,0.48375263376035105,0.24879373903975877,0.5172377750915365,0.26994758787789297,0.4426699548781664,0.5004652620852839,0.2827948793938969,0.2850631933096459,0.28692067567843693,0.4407847608877389,0.44115710877467174,0.2794095540921504,0.3139867246933794
0.2859995183872398,0.2894662027638448,0.20728101670636556,0.48877500741963287,0.2570970013727326,0.2606123214263365,0.2565975362827868,0.46805206574173286,0.2707086406942908,0.4777605083860673,0.27310591950307717,1.0,0.2714874759275778,0.4871299658754481,0.58362798437405,0.25710613855614994,0.24414132320562165,0.2618026539419853,0.25730538425683436,0.25662215817886047,0.2576206664965237,0.24053738400564206,0.26400788580457846,0.2605005303371246,0.25397243452214247,0.23858903679666177,0.26411717535722157,0.47685136768729974,0.30668516410271685,0.27593648818714167,0.4360867722563011,0.26453828275467983,0.0,0.2578069333628551,0.26288523331936264,0.3968741901044357,0.24281598250611214,0.27379276354548043,0.3856635454405757,0.26662744494856905,0.45630302442001336,0.25958427660315075,0.26992164464503,0.48025851824423493,0.47888326651426494,0.29560595538654044,0.26427859552995214,0.26478203482323037,0.4270919377475103,0.3025053526712165
0.32014300275991536,0.4230749224704593,0.23144071933042754,0.28653344527477254,0.471499741454667,0.4118481340799274,0.3616484456727861,0.28349494174536716,0.32435411364834466,0.2967895527916835,0.53140996137425,0.2714874759275778,1.0,0.2792161541494168,0.282465283564038,0.3675127397718225,0.38199801404081135,0.49771986414050506,0.4866521492463446,0.36386663732580704,0.5143049901059489,0.5137924359440553,0.5637420386084233,0.4178746412989637,0.39113574181703525,0.3838322173760558,0.54195726850208,0.2754012744116485,0.30272006026945075,0.32329686874184327,0.26451014454931787,0.5034890993977026,0.0,0.5392059083769971,0.42141357336163154,0.27773544953342966,0.35206619735496414,0.5141684260363453,0.24776788032575014,0.5435865113863297,0.2759804401632333,0.4367206576822664,0.5301198094752835,0.2809099475457032,0.278354355446631,0.2841718924724521,0.43431256390310646,0.4341588676103382,0.2731149427568724,0.3146809802797347
0.2788054141994446,0.27395794394528994,0.20939092743722842,0.5448199598783519,0.26453356345360524,0.26832536322443323,0.2617630064440435,0.49310515639555363,0.2850137262775827,0.514107321345517,0.28303708877395395,0.4871299658754481,0.2792161541494168,1.0,0.5480139221903577,0.26013871590724413,0.2481288111881358,0.2704754809003207,0.2556278069558815,0.2617211129900612,0.2599378253053922,0.24626238187422755,0.27239390034984556,0.2583810580321946,0.2592050452769852,0.24121837899913878,0.27477121375621594,0.5229433848083822,0.31021790942589034,0.27655379172256933,0.48892732456697396,0.2693995536994487,0.0,0.2594259151420061,0.26252169523582025,0.41683562540031704,0.24734999413242587,0.2778486604956706,0.40307688595516233,0.26895561713650984,0.5094488093204219,0.2665406353624896,0.26867784286166185,0.5232916897942164,0.5128651286007726,0.30636441141390347,0.26325217277387647,0.26393942724626573,0.4582586811463303,0.3179272887099277
0.27082791167775255,0.26828622548401804,0.20660457964054357,0.5554050114492743,0.2829727144712213,0.26155595986295066,0.2530441549528045,0.47427818556119317,0.2824885733087933,0.5143946244611594,0.27433610998070157,0.58362798437405,0.282465283564038,0.5480139221903577,1.0,0.2569070917089197,0.2583609549051926,0.2619470972098126,0.24959397391787808,0.2543841044066818,0.2543302586883054,0.23753282573150736,0.266228128346382,0.25964119834205535,0.25982038176371225,0.2478580554927725,0.2670051526570252,0.4917246949208379,0.29726146622615734,0.27563059731137585,0.4962050070906324,0.2760877302354593,0.0,0.2550010675094937,0.26041073192493713,0.4097783524396774,0.24715400356462858,0.26967141857742016,0.40359253087205804,0.26245498798647404,0.515991007131147,0.2620065345056073,0.2668956931012241,0.4961250946735909,0.487844901590466,0.30100768662618316,0.26817036088076873,0.26828700918507253,0.44204242208018185,0.31652983862378814
0.30493274118537017,0.34899292256556524,0.22141030352314117,0.2632189114562966,0.3455178457040442,0.3471258362650481,0.7646213833726434,0.2627449500131963,0.3048467374771945,0.2689333981265256,0.3731636357807515,0.25710613855614994,0.3675127397718225,0.26013871590724413,0.2569070917089197,1.0,0.3271433145015803,0.37564298614255986,0.3676910576870941,0.769942639021818,0.36660980453661185,0.3543661090606234,0.3773294581641444,0.34511211206049397,0.3313447274489556,0.33454253650615795,0.3558002889007299,0.26026381092107087,0.2787617836727836,0.3014090568260175,0.24293546040878133,0.34051471736214656,0.0,0.35380732321084785,0.3572127537293627,0.271123534001224,0.7434117740578483,0.3486124948588354,0.23543905254064434,0.35475672784901446,0.2537368305813543,0.35620172032346,0.3549493467133821,0.2627467643781609,0.26419524772034597,0.2662888157529044,0.3494638136891286,0.349217905816413,0.25808242029177253,0.2911405209665079
0.28317776831430963,0.43945024278695544,0.20173729671294527,0.25197104988115204,0.43556960016418667,0.4407783024392934,0.32692728077605626,0.25613583632193104,0.27713046044244716,0.25737584065690977,0.37971490513190687,0.24414132320562165,0.38199801404081135,0.2481288111881358,0.2583609549051926,0.3271433145015803,1.0,0.36841776883773647,0.3514200030712473,0.322411915234905,0.3551516092520196,0.34093489885326045,0.3730612594747962,0.53039566118388,0.4917825884412951,0.5463707752236724,0.36354029204745053,0.24715969155588702,0.285679608965102,0.2634752500946689,0.23801382695783813,0.425959006887478,0.0,0.39980924670254037,0.46350440471918475,0.2477487562614632,0.31394912982531664,0.3766070539228169,0.22364187927504509,0.3700531663080089,0.24583321519222123,0.4218913143013012,0.37220241295049894,0.2568942276054039,0.2651645692230127,0.2598089652382326,0.4402721442454297,0.4406193754035532,0.24394017554518,0.28714343555697885
0.31219707323014156,0.4158029569056294,0.2263970348029658,0.269578238979582,0.4093330103889481,0.408524688924072,0.391287417280067,0.27361317273593044,0.30915816243182703,0.27662324754123724,0.4815629112692851,0.2618026539419853,0.49771986414050506,0.2704754809003207,0.2619470972098126,0.37564298614255986,0.36841776883773647,1.0,0.5156109655946565,0.3885640340937836,0.5089278055100886,0.47008591105579245,0.5179873733219935,0.4017142106821412,0.3804452492263063,0.3623841388591089,0.4945675783588589,0.26967494015596105,0.293369418150223,0.3058156008880286,0.2560726492346065,0.45133180069673806,0.0,0.4678769792318146,0.4129094977770148,0.2853854316410427,0.3701711940061958,0.4667208253830135,0.24756946154181136,0.49093910030611254,0.25944983050243975,0.4276031835783318,0.4843539851918276,0.2729367517039346,0.27196551028437277,0.2773373224222352,0.4231388287836044,0.4239294813115916,0.26571892809973596,0.3040778167260434
0.29996176770622296,0.3946143566295376,0.2197534613596418,0.25961441419451525,0.4028154061752267,0.4026041426888257,0.3789180957433883,0.26634238663863896,0.29085939460018895,0.25887452501387453,0.4582774446562947,0.25730538425683436,0.4866521492463446,0.2556278069558815,0.24959397391787808,0.3676910576870941,0.3514200030712473,0.5156109655946565,1.0,0.3748740035249668,0.5012207259940802,0.4767779921046633,0.4990858558931992,0.3828859991885455,0.369000137332674,0.3456330432337411,0.47944630518502995,0.2602196711659883,0.28076060248514834,0.2896957391915276,0.23826810519446817,0.4464875479970353,0.0,0.462839826496086,0.40140827434298765,0.27224213423882426,0.3584663723247935,0.4543918408850861,0.2392135270263298,0.48325451775019646,0.24187693815599087,0.40774501240902117,0.4738256565129306,0.26578461416127774,0.26439878577722464,0.26623364511708303,0.40412406435474635,0.4045769600018241,0.25414169193071134,0.2926524767566644
0.3072680314253814,0.3529151856506155,0.22292890980712987,0.2626752733922866,0.32849098477704863,0.34835265080723055,0.8696522379841385,0.2649440031046437,0.3078052634879226,0.26588272679245006,0.3714346050824092,0.25662215817886047,0.36386663732580704,0.2617211129900612,0.2543841044066818,0.769942639021818,0.322411915234905,0.3885640340937836,0.3748740035249668,1.0,0.3836306988252446,0.34841777245247096,0.3863485456821707,0.3423135905146458,0.33324804912472217,0.314309824761137,0.3611321798623276,0.25965617774809135,0.2793959697023136,0.2980342485692935,0.24556120727972242,0.34252409535495887,0.0,0.3580621086400395,0.3579860077578012,0.2745981456346964,0.7785139878846853,0.34772340904704613,0.2412058904613127,0.36121427724060107,0.2501028293208304,0.3592631421611161,0.3607077104873291,0.2655458741982728,0.264746987817954,0.2700045650326309,0.35244484155462763,0.3523429698058749,0.2575813146786696,0.29500817510287103
0.29705421257164,0.4038952702417232,0.22070958742805258,0.2618494607702544,0.4189171208251036,0.38785415907207776,0.3841755253396313,0.26509804398711345,0.2958068739353523,0.26535990644439145,0.4823759051354005,0.2576206664965237,0.5143049901059489,0.2599378253053922,0.2543302586883054,0.36660980453661185,0.3551516092520196,0.5089278055100886,0.5012207259940802,0.3836306988252446,1.0,0.48216978994842397,0.5364818695688713,0.38683350049828624,0.3702075502120099,0.3591886419993041,0.5115176449442531,0.2610128535015197,0.28311994584393096,0.29861352779413275,0.24403570084702786,0.4673990729987725,0.0,0.49620870053115007,0.4046671287813376,0.2761170631027856,0.35990834822257445,0.4839940494770192,0.23930005015435585,0.5085854677238348,0.25052664916893486,0.4024383841084078,0.496836903679037,0.2660376503481533,0.2660586379547657,0.2789599334637384,0.4182132786785815,0.41898811373905653,0.2569978096149732,0.2948899134988555
0.28610025568436526,0.37679689584898424,0.21128801219688342,0.24389757362472742,0.3829088962414575,0.4173142206363677,0.35583426802535023,0.2482711691619256,0.28278130223399633,0.24681344775862313,0.45813113983227394,0.24053738400564206,0.5137924359440553,0.24626238187422755,0.23753282573150736,0.3543661090606234,0.34093489885326045,0.47008591105579245,0.4767779921046633,0.34841777245247096,0.48216978994842397,1.0,0.669959715618236,0.3633751337224952,0.3545846247624084,0.3448026828894388,0.4820637074873736,0.24494041062442928,0.2679792253656841,0.2765635727698543,0.2283053821027986,0.44568964882537754,0.0,0.5826777183727186,0.37644751832814594,0.25136604141636265,0.34026395239920126,0.45789467166274833,0.2248062898753731,0.4819999013204086,0.23160474485729798,0.3865852341877546,0.47770561507714526,0.24945165201754071,0.24607022687480562,0.2565939711355547,0.384439032342931,0.38472215309404245,0.24306734400381014,0.28084070974416775
0.3174558038606746,0.4164307989804741,0.2306726204751992,0.2743894638660277,0.41945761818655214,0.4059709576478512,0.38875424816226356,0.2736102465132183,0.31003142645872217,0.27188787217576194,0.49422667978862644,0.26400788580457846,0.5637420386084233,0.27239390034984556,0.266228128346382,0.3773294581641444,0.3730612594747962,0.5179873733219935,0.4990858558931992,0.3863485456821707,0.5364818695688713,0.669959715618236,1.0,0.39949913409722626,0.3872735232349279,0.3622645726483089,0.5343682231047108,0.27078731457630656,0.2954111745409962,0.30084416266560554,0.2538629949202148,0.48970625571156445,0.0,0.641120352971934,0.40895922179551325,0.2787322260978644,0.3696601530612521,0.503837247907946,0.24729246698412854,0.5240391976752379,0.25911847455146564,0.4178577732144806,0.5189075242087134,0.2735131641143983,0.27302561571815587,0.2810191081793535,0.4181773766411597,0.4183546282916132,0.2654332030925337,0.3057086062312626
0.3048261648547228,0.5493404137633127,0.218651604024666,0.26555901045904917,0.4364854265996878,0.530770861538477,0.3443290349339484,0.27518246112158795,0.29824323456455293,0.27276312631745425,0.4179310602720697,0.2605005303371246,0.4178746412989637,0.2583810580321946,0.25964119834205535,0.34511211206049397,0.53039566118388,0.4017142106821412,0.3828859991885455,0.3423135905146458,0.38683350049828624,0.3633751337224952,0.39949913409722626,1.0,0.5720621116026322,0.5213796183942039,0.39620211350812473,0.25848293667764966,0.29811577125957045,0.2934026428324755,0.24335855308961307,0.41642853996836604,0.0,0.40667577231729524,0.5745411147845151,0.2619259620307275,0.3281734510603782,0.39714185198814933,0.23512292965491377,0.3981095766071634,0.25396718465018886,0.46631994977277946,0.3996731198216106,0.26718941644340366,0.27343943741292065,0.27064763302218775,0.4643461208039561,0.4643116849343797,0.2583900735438033,0.2989368366008648
0.29519646273835276,0.5438395828244011,0.2159309906398259,0.2674707647277389,0.4173957630360452,0.5244005525888902,0.3341839381626094,0.2629598730663728,0.2922604918883822,0.2711760064548189,0.3918054943525532,0.25397243452214247,0.39113574181703525,0.2592050452769852,0.25982038176371225,0.3313447274489556,0.4917825884412951,0.3804452492263063,0.369000137332674,0.33324804912472217,0.3702075502120099,0.3545846247624084,0.3872735232349279,0.5720621116026322,1.0,0.49642428769108216,0.3809558660404163,0.25120448142927376,0.2861261798901985,0.27780004466454544,0.24754365908803755,0.4291642549923118,0.0,0.38573151521090454,0.5477367625933995,0.25125607098196634,0.32346957899761564,0.3940232163898183,0.23331031958136195,0.3834621376824281,0.25598158484002287,0.44440930718643945,0.3893389007979342,0.27539477315303074,0.2738473864701353,0.27331435783521163,0.4545943716443548,0.45659714918400196,0.26321431345929935,0.2867508265960459
0.26975422264210247,0.43389947710446686,0.19746435281208363,0.25098982066596165,0.4403235177896091,0.4240707141331225,0.3166578532505966,0.2459269195515924,0.2733241961786589,0.25787494043964976,0.38437882792952704,0.23858903679666177,0.3838322173760558,0.24121837899913878,0.2478580554927725,0.33454253650615795,0.5463707752236724,0.3623841388591089,0.3456330432337411,0.314309824761137,0.3591886419993041,0.3448026828894388,0.3622645726483089,0.5213796183942039,0.49642428769108216,1.0,0.3627660972142983,0.23509165990342462,0.2763756823152168,0.2615372188959506,0.2360088779681202,0.3944717171595019,0.0,0.3857358205076843,0.4585782929606569,0.23484048290483583,0.31604595520343215,0.3749076592447359,0.21768042335596405,0.3695789588474687,0.24255761415126043,0.42246198601705576,0.36377457404477476,0.25368145844941015,0.25128652839152876,0.2486500781090586,0.4292781641968201,0.4267094630696352,0.2450433906613504,0.2740294792181376
0.31481982677207165,0.41548832274509573,0.23123459043187766,0.2696752198342919,0.42968350150829926,0.3963712816576348,0.3599523242481988,0.2754069574890371,0.3135167628672275,0.2799112334866841,0.5026604884748616,0.26411717535722157,0.54195726850208,0.27477121375621594,0.2670051526570252,0.3558002889007299,0.36354029204745053,0.4945675783588589,0.47944630518502995,0.3611321798623276,0.5115176449442531,0.4820637074873736,0.5343682231047108,0.39620211350812473,0.3809558660404163,0.3627660972142983,1.0,0.2705728486607696,0.3007726480892844,0.3089949842504224,0.2560970120516409,0.49808120467429784,0.0,0.49766897901260176,0.40530330841245055,0.27736699977311474,0.3401163741514095,0.5947587600832923,0.24240288760008222,0.5438530787228619,0.2614744667324532,0.41896321010431414,0.615168949009541,0.27836556794672374,0.2726633377382347,0.2864708489146399,0.4181523714313522,0.418358498783051,0.2714761281796998,0.30919753627084
0.28267337489070976,0.2798704021589725,0.21117730097683363,0.5237635202316631,0.2538572432153242,0.268025949367769,0.26035037745246514,0.6914578709308612,0.27289077759469005,0.5075285632303446,0.28064294619102825,0.47685136768729974,0.2754012744116485,0.5229433848083822,0.4917246949208379,0.26026381092107087,0.24715969155588702,0.26967494015596105,0.2602196711659883,0.25965617774809135,0.2610128535015197,0.24494041062442928,0.27078731457630656,0.25848293667764966,0.25120448142927376,0.23509165990342462,0.2705728486607696,1.0,0.30327448301869253,0.2712899460919318,0.47380058485330834,0.27055920268263134,0.0,0.26070957249438265,0.26014828375174126,0.41195801907372487,0.24602590061040952,0.28577220062683206,0.39590221543662396,0.2684358333620769,0.49025524374357166,0.2688446487150994,0.26894528426464037,0.7967022801522265,0.7541341081209276,0.2953980324080131,0.26776109067049025,0.2676412054180275,0.4654358953680997,0.30739913314276546
0.3355875484896871,0.30502267781639414,0.24799296090782041,0.2967401840506224,0.2909617013504998,0.3036416130691686,0.27725367393893263,0.30679987181306057,0.3346784396480825,0.3144758575486847,0.3015997963249458,0.30668516410271685,0.30272006026945075,0.31021790942589034,0.29726146622615734,0.2787617836727836,0.285679608965102,0.293369418150223,0.28076060248514834,0.2793959697023136,0.28311994584393096,0.2679792253656841,0.2954111745409962,0.29811577125957045,0.2861261798901985,0.2763756823152168,0.3007726480892844,0.30327448301869253,1.0,0.32725883076311624,0.28718185288848963,0.2972587305876465,0.0,0.2976094186731886,0.2886465501529849,0.30216472031366604,0.26647239941398615,0.3038125928693254,0.2592643812894163,0.29797302557474414,0.28926187439152373,0.28756067825396003,0.2953443680723221,0.30529836187093873,0.3057561813444051,0.3924191274927633,0.28857576488682135,0.28826000348165737,0.294915357626217,0.6095987381910378
0.38466158248970683,0.311645395368071,0.2611955264229201,0.2777675234482695,0.29173194396279034,0.2899979187811035,0.2947268731810625,0.2748574467799325,0.41380150504180147,0.28905237384049387,0.3190294386517045,0.27593648818714167,0.32329686874184327,0.27655379172256933,0.27563059731137585,0.3014090568260175,0.2634752500946689,0.3058156008880286,0.2896957391915276,0.2980342485692935,0.29861352779413275,0.2765635727698543,0.30084416266560554,0.2934026428324755,0.27780004466454544,0.2615372188959506,0.3089949842504224,0.2712899460919318,0.32725883076311624,1.0,0.2606933715983941,0.2904980151868307,0.0,0.2888672182946098,0.2964365909188953,0.2758896169515219,0.2831556309400073,0.3064136719396363,0.2363222721917828,0.31716973005391536,0.269894377826674,0.29602446978112396,0.3082299984112,0.2771486013005826,0.27359606676682713,0.32471250544563623,0.30070373624343305,0.30090843078387985,0.2739033915747079,0.34305340254516337
0.2598959445562288,0.2608023181479834,0.20115032320112958,0.5045566906164438,0.2566596199351381,0.2497625668039476,0.24580548339182906,0.46478017464688837,0.2691314889451113,0.5235191754375136,0.2631192372530241,0.4360867722563011,0.26451014454931787,0.48892732456697396,0.4962050070906324,0.24293546040878133,0.23801382695783813,0.2560726492346065,0.23826810519446817,0.24556120727972242,0.24403570084702786,0.2283053821027986,0.2538629949202148,0.24335855308961307,0.24754365908803755,0.2360088779681202,0.2560970120516409,0.47380058485330834,0.28718185288848963,0.2606933715983941,1.0,0.2543111793012187,0.0,0.2438184963167611,0.24686823209849107,0.39734346637469564,0.2351522083855091,0.2584902567181424,0.38201276165051723,0.2549440147943651,0.6607713071270898,0.2535646797636739,0.25373719388949567,0.48007624613692323,0.4707177777453533,0.28263335722507055,0.24983077778873508,0.24961469160213456,0.4321102033307004,0.2906589019955155
0.3028453074868116,0.4058507199102517,0.2214991257531067,0.2845114304504973,0.4666383553786121,0.3975210784024895,0.34216157062634567,0.274215031634244,0.29787946479442673,0.27629607577225346,0.4636160187544651,0.26453828275467983,0.5034890993977026,0.2693995536994487,0.2760877302354593,0.34051471736214656,0.425959006887478,0.45133180069673806,0.4464875479970353,0.34252409535495887,0.4673990729987725,0.44568964882537754,0.48970625571156445,0.41642853996836604,0.4291642549923118,0.3944717171595019,0.49808120467429784,0.27055920268263134,0.2972587305876465,0.2904980151868307,0.2543111793012187,1.0,0.0,0.47990976853173695,0.4027022440491752,0.2639293076064797,0.333209960068796,0.4938195597134679,0.2419357923769042,0.5017741012856971,0.26017815714488934,0.4121392137469293,0.5010266914799643,0.2755774876198752,0.27898391583698756,0.27407408872076533,0.4180806219926627,0.4178706738162079,0.2576114054269124,0.29645630825731606
0.0,0.0,0.0,0.0,0.0,0.0,0.0,0.0,0.0,0.0,0.0,0.0,0.0,0.0,0.0,0.0,0.0,0.0,0.0,0.0,0.0,0.0,0.0,0.0,0.0,0.0,0.0,0.0,0.0,0.0,0.0,0.0,1.0,0.0,0.0,0.0,0.0,0.0,0.0,0.0,0.0,0.0,0.0,0.0,0.0,0.0,0.0,0.0,0.0,0.0
0.3055858089197766,0.39888253442112365,0.223841304787747,0.25908378168547697,0.4325835847328935,0.41187160474160045,0.36039072345801837,0.26902646327298585,0.30089958253884874,0.2613138656594439,0.4721720132695567,0.2578069333628551,0.5392059083769971,0.2594259151420061,0.2550010675094937,0.35380732321084785,0.39980924670254037,0.4678769792318146,0.462839826496086,0.3580621086400395,0.49620870053115007,0.5826777183727186,0.641120352971934,0.40667577231729524,0.38573151521090454,0.3857358205076843,0.49766897901260176,0.26070957249438265,0.2976094186731886,0.2888672182946098,0.2438184963167611,0.47990976853173695,0.0,1.0,0.41458363570245593,0.27840641598035665,0.33986977200440693,0.4848494213035973,0.25558778626549894,0.4973979442684455,0.2471899512729031,0.41652248404501224,0.502205546539253,0.2631993872778492,0.2664398891037665,0.2743429009679905,0.4116875122674296,0.4115450253249878,0.25340972913936166,0.3048382821206864
0.3025903789406207,0.5607700904208475,0.21789424126059076,0.26223124605656023,0.39902775080365993,0.5461506097419806,0.35953237090942636,0.26842089894462473,0.3018303820030728,0.26769360449170254,0.4204130883425481,0.26288523331936264,0.42141357336163154,0.26252169523582025,0.26041073192493713,0.3572127537293627,0.46350440471918475,0.4129094977770148,0.40140827434298765,0.3579860077578012,0.4046671287813376,0.37644751832814594,0.40895922179551325,0.5745411147845151,0.5477367625933995,0.4585782929606569,0.40530330841245055,0.26014828375174126,0.2886465501529849,0.2964365909188953,0.24686823209849107,0.4027022440491752,0.0,0.41458363570245593,1.0,0.26214993325101543,0.33776463332084394,0.4036998500686232,0.2396944332298141,0.4145661884488171,0.25302577917896774,0.4781608599975975,0.4165223485970153,0.26443432120244725,0.26501225886279955,0.27213862135810285,0.4732939110100979,0.4736910349799105,0.2587434458522825,0.2961413038660222
0.27547619995833683,0.271382386671438,0.2138954713697483,0.4185742885023096,0.24902693119989694,0.27083541145351564,0.2763375901349493,0.4131406737665203,0.28298478864025123,0.4280511456070658,0.2832934904042017,0.3968741901044357,0.27773544953342966,0.41683562540031704,0.4097783524396774,0.271123534001224,0.2477487562614632,0.2853854316410427,0.27224213423882426,0.2745981456346964,0.2761170631027856,0.25136604141636265,0.2787322260978644,0.2619259620307275,0.25125607098196634,0.23484048290483583,0.27736699977311474,0.41195801907372487,0.30216472031366604,0.2758896169515219,0.39734346637469564,0.2639293076064797,0.0,0.27840641598035665,0.26214993325101543,1.0,0.2622960404495721,0.26764814950803495,0.390570672651103,0.27616461768892797,0.405269332999484,0.2693035177753119,0.2705380730371959,0.4192170629510139,0.42302215468617776,0.2885311499049601,0.261466046272818,0.2615040111223087,0.4085148235457057,0.3118368994639924
0.29056513095784897,0.3295976996877107,0.2092153524249858,0.25428937411718344,0.3323695238652108,0.33509348096960667,0.7820819414759264,0.2488120144015461,0.29322427618367786,0.2575150901836534,0.3496153069981329,0.24281598250611214,0.35206619735496414,0.24734999413242587,0.24715400356462858,0.7434117740578483,0.31394912982531664,0.3701711940061958,0.3584663723247935,0.7785139878846853,0.35990834822257445,0.34026395239920126,0.3696601530612521,0.3281734510603782,0.32346957899761564,0.31604595520343215,0.3401163741514095,0.24602590061040952,0.26647239941398615,0.2831556309400073,0.2351522083855091,0.333209960068796,0.0,0.33986977200440693,0.33776463332084394,0.2622960404495721,1.0,0.3306111622490877,0.23118229304287896,0.33640428731638117,0.24023078582301938,0.34150107587715994,0.34322678135285234,0.25040232775309124,0.2505282054501764,0.25197699704443255,0.3314209799406096,0.330930448951569,0.2399709734205685,0.2787356845151401
0.3223220113759723,0.4326094090773177,0.23218358603355416,0.2710920537858178,0.43615434721840673,0.4105582367298187,0.3475809258243612,0.2937236235333004,0.3065207506685588,0.2796060510504498,0.48375263376035105,0.27379276354548043,0.5141684260363453,0.2778486604956706,0.26967141857742016,0.3486124948588354,0.3766070539228169,0.4667208253830135,0.4543918408850861,0.34772340904704613,0.4839940494770192,0.45789467166274833,0.503837247907946,0.39714185198814933,0.3940232163898183,0.3749076592447359,0.5947587600832923,0.28577220062683206,0.3038125928693254,0.3064136719396363,0.2584902567181424,0.4938195597134679,0.0,0.4848494213035973,0.4036998500686232,0.26764814950803495,0.3306111622490877,1.0,0.24642325116473496,0.5190953341146387,0.2657144975450043,0.422594759850362,0.62938025880413,0.2919667839284982,0.282534114072871,0.2859966342137177,0.43339153162092225,0.43351890770008483,0.2809414458130909,0.30944836386235486
0.2432447681633848,0.2392606498511617,0.182987328257742,0.4069161892851656,0.23168251240516957,0.25407716906977584,0.24533186880798552,0.3958400824223475,0.2483147728555587,0.4178972874546998,0.24879373903975877,0.3856635454405757,0.24776788032575014,0.40307688595516233,0.40359253087205804,0.23543905254064434,0.22364187927504509,0.24756946154181136,0.2392135270263298,0.2412058904613127,0.23930005015435585,0.2248062898753731,0.24729246698412854,0.23512292965491377,0.23331031958136195,0.21768042335596405,0.24240288760008222,0.39590221543662396,0.2592643812894163,0.2363222721917828,0.38201276165051723,0.2419357923769042,0.0,0.25558778626549894,0.2396944332298141,0.390570672651103,0.23118229304287896,0.24642325116473496,1.0,0.24383168447061665,0.38982870902659816,0.24960152522853096,0.24801616834826024,0.400091673588995,0.4066013091355729,0.2459597677066202,0.23858745712552754,0.2381270994807817,0.38225018910277864,0.2672223716000016
0.3172867456594376,0.42101841235498083,0.23131113530401115,0.2655270684809984,0.43391026059261373,0.4042724798448274,0.358621605106035,0.2751859393533558,0.31294107816025984,0.2758671172198207,0.5172377750915365,0.26662744494856905,0.5435865113863297,0.26895561713650984,0.26245498798647404,0.35475672784901446,0.3700531663080089,0.49093910030611254,0.48325451775019646,0.36121427724060107,0.5085854677238348,0.4819999013204086,0.5240391976752379,0.3981095766071634,0.3834621376824281,0.3695789588474687,0.5438530787228619,0.2684358333620769,0.29797302557474414,0.31716973005391536,0.2549440147943651,0.5017741012856971,0.0,0.4973979442684455,0.4145661884488171,0.27616461768892797,0.33640428731638117,0.5190953341146387,0.24383168447061665,1.0,0.2594290613189716,0.42697008441298845,0.5391804655817523,0.2743032411391376,0.27725890096659034,0.29330827343122134,0.4463940260286763,0.44685409148311916,0.2678907744423775,0.3146523529710479
