../ecoli_genomes/GCF_000163235.1_ASM16323v1_genomic.fna.gz,../ecoli_genomes/GCF_000164555.1_ASM16455v1_genomic.fna.gz,../ecoli_genomes/GCF_000208545.1_ASM20854v2_genomic.fna.gz,../ecoli_genomes/GCF_000233875.1_ASM23387v1_genomic.fna.gz,../ecoli_genomes/GCF_000249735.1_ASM24973v2_genomic.fna.gz,../ecoli_genomes/GCF_000261145.1_Esch_coli_M919_V2_genomic.fna.gz,../ecoli_genomes/GCF_000267705.2_ASM26770v2_genomic.fna.gz,../ecoli_genomes/GCF_000350665.1_Esch_coli_KTE5_V1_genomic.fna.gz,../ecoli_genomes/GCF_000351625.1_Esch_coli_KTE66_V1_genomic.fna.gz,../ecoli_genomes/GCF_000352285.1_Esch_coli_KTE46_V1_genomic.fna.gz,../ecoli_genomes/GCF_000358895.1_ASM35889v1_genomic.fna.gz,../ecoli_genomes/GCF_000456385.1_Esch_coli_HVH_26_4-5703913_V1_genomic.fna.gz,../ecoli_genomes/GCF_000458195.1_Esch_coli_HVH_147_4-5893887_V1_genomic.fna.gz,../ecoli_genomes/GCF_000459755.1_Esch_coli_KOEGE_58_171a_V1_genomic.fna.gz,../ecoli_genomes/GCF_000460055.1_Esch_coli_UMEA_3053-1_V1_genomic.fna.gz,../ecoli_genomes/GCF_000462165.2_ASM46216v2_genomic.fna.gz,../ecoli_genomes/GCF_000601135.1_ASM60113v1_genomic.fna.gz,../ecoli_genomes/GCF_000614595.1_Ec2010EL1058_genomic.fna.gz,../ecoli_genomes/GCF_000617745.1_Ec2010C-4529_genomic.fna.gz,../ecoli_genomes/GCF_000618265.2_EcF6751_genomic.fna.gz,../ecoli_genomes/GCF_000619005.2_Ec2009C-4052_genomic.fna.gz,../ecoli_genomes/GCF_000619105.1_Ec2009C-4780_genomic.fna.gz,../ecoli_genomes/GCF_000619765.2_Ec2009C-3279_genomic.fna.gz,../ecoli_genomes/GCF_000687005.1_ASM68700v1_genomic.fna.gz,../ecoli_genomes/GCF_000687025.1_ASM68702v1_genomic.fna.gz,../ecoli_genomes/GCF_000700125.1_ASM70012v1_genomic.fna.gz,../ecoli_genomes/GCF_000753315.1_FHI35_genomic.fna.gz,../ecoli_genomes/GCF_000776375.1_ASM77637v1_genomic.fna.gz,../ecoli_genomes/GCF_000779395.1_ASM77939v1_genomic.fna.gz,../ecoli_genomes/GCF_000780315.1_ASM78031v1_genomic.fna.gz,../ecoli_genomes/GCF_000781995.1_ASM78199v1_genomic.fna.gz,../ecoli_genomes/GCF_000986765.1_ASM98676v1_genomic.fna.gz,../ecoli_genomes/GCF_001041375.1_ViralProj287958_genomic.fna.gz,../ecoli_genomes/GCF_001265335.1_302014_genomic.fna.gz,../ecoli_genomes/GCF_001265625.1_100854_genomic.fna.gz,../ecoli_genomes/GCF_001267345.1_303289_genomic.fna.gz,../ecoli_genomes/GCF_001309985.1_ASM130998v1_genomic.fna.gz,../ecoli_genomes/GCF_001521695.1_ASM152169v1_genomic.fna.gz,../ecoli_genomes/GCF_001592595.1_ASM159259v1_genomic.fna.gz,../ecoli_genomes/GCF_001614975.1_ASM161497v1_genomic.fna.gz,../ecoli_genomes/GCF_001692775.1_ASM169277v1_genomic.fna.gz,../ecoli_genomes/GCF_001748915.1_ASM174891v1_genomic.fna.gz,../ecoli_genomes/GCF_001749235.1_ASM174923v1_genomic.fna.gz,../ecoli_genomes/GCF_001881155.1_ASM188115v1_genomic.fna.gz,../ecoli_genomes/GCF_001881345.1_ASM188134v1_genomic.fna.gz,../ecoli_genomes/GCF_001892405.1_ASM189240v1_genomic.fna.gz,../ecoli_genomes/GCF_001892585.1_ASM189258v1_genomic.fna.gz,../ecoli_genomes/GCF_001893985.1_ASM189398v1_genomic.fna.gz,../ecoli_genomes/GCF_002001595.1_ASM200159v1_genomic.fna.gz,../ecoli_genomes/GCF_002002145.1_ASM200214v1_genomic.fna.gz
1.0,0.3823548159854693,0.314973457191827,0.3356037487030399,0.3417248556393212,0.3628694944112608,0.3709977314456274,0.34097295777509906,0.44258410230021095,0.34706813798615943,0.3872160246505547,0.3389644633058718,0.37095857738012583,0.3390865974402578,0.31731830487745294,0.36682356434283503,0.33313982579947854,0.37019001382519334,0.3446660089578395,0.36969482185721714,0.35550230003676064,0.34896181771980883,0.3755216265605713,0.35674339835547175,0.3454399264987197,0.34398133143074217,0.3732611172823673,0.33869606735954516,0.40303938264867867,0.44427286382936704,0.3187228918466689,0.3593388659784732,0.0,0.36507308667199634,0.3657768481269035,0.31473929004781076,0.35296870761975707,0.3665421175200032,0.2958364974790304,0.3739142546465978,0.3217318436734523,0.3649852559418624,0.3693621408741501,0.33904172632566487,0.34874231706077186,0.3678496622084322,0.3625724215857402,0.36319990008776804,0.3247853326975917,0.40686310655591107
0.3823548159854693,1.0,0.29242401635335347,0.32462443615372705,0.40594611749959786,0.5627286256317114,0.4001260843485097,0.33294479084351714,0.352597449773716,0.3355359994507596,0.4840208208495882,0.3415391509704985,0.4479504825648971,0.32150705237527843,0.31104678156687104,0.3976323115887863,0.45919883469688616,0.45234747328282887,0.40967040970691415,0.40122997702607466,0.4392697761604091,0.4453469465382949,0.45266193569389757,0.5489710326736632,0.5394583654141263,0.49095664012487095,0.45573987902678226,0.3262795742404918,0.3568782667173567,0.35507115567291525,0.3089236929257736,0.4404289879679144,0.0,0.44633713701964783,0.5827927638620285,0.3118851674555895,0.37764134187787324,0.46584902177932186,0.25427302746767944,0.454940545185748,0.3078035156469552,0.4854561772583773,0.4501639497080274,0.3427678711439256,0.34059090223982846,0.34006352797387385,0.49616560317697933,0.4961606267328137,0.3319250793567118,0.3615652816580184
0.314973457191827,0.29242401635335347,1.0,0.2630398505650473,0.2550136342064221,0.26408351595150537,0.2767584055805765,0.2713669682050833,0.30699118176481555,0.26770047054935675,0.29438419965969465,0.2627152711122783,0.28275246482639005,0.263876009511567,0.25630578419322525,0.2777982885150402,0.25837295303312136,0.28458825635851115,0.2573718289321406,0.2784412192505251,0.2821939986161953,0.26719501869254336,0.287261847662977,0.2658629603182143,0.26108406474241963,0.2739735378290451,0.29023743740535557,0.27102230478468925,0.30360653158358397,0.3051148794295786,0.2539675515590042,0.2761649341495387,0.0,0.2845189942447929,0.27375586145247177,0.2564454681713475,0.2627890321440076,0.2830390707088233,0.21282410363567028,0.29233353210332236,0.25622778361210896,0.2801564531562125,0.29116741289403947,0.2760321375779581,0.27006712453643933,0.283353488015484,0.28863794623023753,0.28801255776936097,0.27387214233135193,0.3103136205426632
0.3356037487030399,0.32462443615372705,0.2630398505650473,1.0,0.3173932736193703,0.3053730110660383,0.31024845726907846,0.5443172633980429,0.34000229728202513,0.5654624221862726,0.32039469613342497,0.5389965097717325,0.3289089749685472,0.5956163144077077,0.6092331383874687,0.3212935628631226,0.2973224733084504,0.32067672405789915,0.29423096917905456,0.31108860425870943,0.3058575685339704,0.29873820564745757,0.3278755703343599,0.30167002833055945,0.3113001208655721,0.30929066891762724,0.3195665972773103,0.5684052495304912,0.34943540517698435,0.3316113606707656,0.5475716917342797,0.3313885561796188,0.0,0.30936890012888396,0.30804307727936375,0.43600631044448424,0.302133924148008,0.31409869633057397,0.4043497867936171,0.3129213191562811,0.5654647166077722,0.3056465756512863,0.3161251302320227,0.5650549487075346,0.5510981242932742,0.3470350396812434,0.31088119699273187,0.3126886745759634,0.49509246219896197,0.362500113442359
0.3417248556393212,0.40594611749959786,0.2550136342064221,0.3173932736193703,1.0,0.4160099130148631,0.3607733531152785,0.31356973348442574,0.34364407934620866,0.32159614692315086,0.5046087498242466,0.2995460588246649,0.4850079219396458,0.30631314979429536,0.31646603392476846,0.38737910099428596,0.436753561799884,0.4243726338015851,0.4076476429475333,0.36188453081471783,0.44250104232714593,0.4135028182953806,0.4433198887648434,0.4391140109206111,0.4282862958886867,0.4432264043500217,0.448734354802499,0.29005155958864925,0.3383947317836312,0.34186416437357137,0.3006137469541659,0.4733148102112601,0.0,0.4451885215762935,0.4126750969620663,0.2769536327938621,0.35748190613296404,0.4649150542618803,0.28040975520737776,0.4612141387395903,0.31676666988251356,0.42880231762598764,0.46524707835455614,0.29922466248011226,0.3005628597611144,0.3096267069451589,0.43722042354273905,0.4396853277938213,0.2946433857920022,0.3297090455805127
0.3628694944112608,0.5627286256317114,0.26408351595150537,0.3053730110660383,0.4160099130148631,1.0,0.39915283336349894,0.3191761120007477,0.3339160495398653,0.30920923057831884,0.46507387885853124,0.31820238842565063,0.42857515909869337,0.30484043244514447,0.2883886494175347,0.39310232895027175,0.4562959240284373,0.43388875916931446,0.42068302577856387,0.39366984533281446,0.4179586435281031,0.47292458644119617,0.43841246765854425,0.5326139918978975,0.5353857301657118,0.45967325520833135,0.41903097039178927,0.3069294988766931,0.3553963872818642,0.33349022079142676,0.28851064835148277,0.4469967162819619,0.0,0.44098871537391826,0.5607992267363615,0.3053778675686756,0.37704215370691574,0.43805110049943663,0.2579217045485903,0.43354381056311975,0.2970698535389128,0.484307933191377,0.43367919259382826,0.31499890769217875,0.31441703168091173,0.32810669558815975,0.481251501539284,0.48351096771177027,0.3034658392036238,0.3512872439745177
0.3709977314456274,0.4001260843485097,0.2767584055805765,0.31024845726907846,0.3607733531152785,0.39915283336349894,1.0,0.31686077487916064,0.3562403080870077,0.3125702054100792,0.4175605567848709,0.3047230026842114,0.40327720036512305,0.3085457677454344,0.2975625362058467,0.7691516239005198,0.37244739334603094,0.43888202939642773,0.40703582762569523,0.8733282387442716,0.43348758929506725,0.41537926925014446,0.44642285947693006,0.3814415868850929,0.38104875130605753,0.3812081816862847,0.4092206669977746,0.31089286861399323,0.34885116061992283,0.3567032762740706,0.29556169051971437,0.3929677618974754,0.0,0.41964229510929507,0.41142673155242504,0.3103992222032963,0.7942746101447495,0.38959966937281454,0.2606627673960523,0.40881453200032336,0.2936229357823694,0.40243870332992404,0.4123913956398457,0.3183647390971348,0.3169311391780656,0.3318677926603414,0.395500396261546,0.39616670910624907,0.3075941537314003,0.355860120017332
0.34097295777509906,0.33294479084351714,0.2713669682050833,0.5443172633980429,0.31356973348442574,0.3191761120007477,0.31686077487916064,1.0,0.3358911162886329,0.5482546175039633,0.3254902622462049,0.5178047100119523,0.3314422986785017,0.5267739925695298,0.5150032994001579,0.32062268427075047,0.29967649848813604,0.3263136585644837,0.30362178299181497,0.31663311304318553,0.31383510945667104,0.30497141269371686,0.32748396195829765,0.3159466286859317,0.31065436654085143,0.31480756358676787,0.32526930192843795,0.7141903540076664,0.36249101172347464,0.3340352001676655,0.5194685389944778,0.3244121368812086,0.0,0.3198685972802061,0.3195948670990829,0.4319571163587489,0.3045317646366521,0.3364151263269378,0.3925430618852582,0.33097385565374915,0.5182623147957297,0.3169286371226606,0.33005374309370095,0.711688188241461,0.6828474860596943,0.3489550201841627,0.31830855723918183,0.31915756074676405,0.4907015751384286,0.3643229698150724
0.44258410230021095,0.352597449773716,0.30699118176481555,0.34000229728202513,0.34364407934620866,0.3339160495398653,0.3562403080870077,0.3358911162886329,1.0,0.34937908959039243,0.3705708061430386,0.3203581968571678,0.3715156848865403,0.33504167304071497,0.3346390764195588,0.3675972094716444,0.3239757498479213,0.36283600287866336,0.3235426337854129,0.35911605314143413,0.3493165471399764,0.3343501136769813,0.3635015285758413,0.34714262933041107,0.3330592840479215,0.3461765235629318,0.36611707425617446,0.32832690112692653,0.3842006310727648,0.4578237441905447,0.3261283066784888,0.35012448387676065,0.0,0.3529770839369316,0.34795084122523623,0.31459361626545923,0.34573421439807606,0.34641241119911204,0.26776229032389376,0.36563885417631947,0.32783958660740753,0.3495199170081482,0.36594477945797954,0.3305539801128382,0.32424878496722787,0.3622584419708951,0.35004548566689897,0.3508579090120152,0.3251937982611367,0.3960684878818307
0.34706813798615943,0.3355359994507596,0.26770047054935675,0.5654624221862726,0.32159614692315086,0.30920923057831884,0.3125702054100792,0.5482546175039633,0.34937908959039243,1.0,0.33546590782319263,0.51117605797088,0.3377556671219205,0.5464016553583804,0.5408141236534403,0.3239071314562205,0.29285917748025636,0.3218362132921232,0.2934997719518381,0.3126465542818314,0.30805945115260835,0.2989104362496754,0.31944133340507197,0.3078391681186833,0.310273779587542,0.31418173842450714,0.3261287787956362,0.5435733976596493,0.35656468693635335,0.34225085535617705,0.5636320023829089,0.319603934657681,0.0,0.3116572822794279,0.3140735092122653,0.4419703378103752,0.30370413293024634,0.318997895055917,0.3965984796876646,0.32542951070461845,0.5631818652674596,0.311231005435212,0.321148467821725,0.5453565494197761,0.5418876532484049,0.34843520316224375,0.3169072981191168,0.31687956347427204,0.5127563446404575,0.3601589256690193
0.3872160246505547,0.4840208208495882,0.29438419965969465,0.32039469613342497,0.5046087498242466,0.46507387885853124,0.4175605567848709,0.3254902622462049,0.3705708061430386,0.33546590782319263,1.0,0.32350005253811676,0.5516176366118999,0.32657932089914754,0.3152071181481706,0.422356876471941,0.4168803208389523,0.5248432346124594,0.4740987634309688,0.4184786294923486,0.5136952987039469,0.5264815221624364,0.5275939315846789,0.45358341963199844,0.4340811012064669,0.4478147172999625,0.5361473335793726,0.32692603433277145,0.36398551177501015,0.377395291984873,0.31213181103300636,0.49937398545633693,0.0,0.5132505998436936,0.47295652698056223,0.3201894127918018,0.4032705845422382,0.5164372206630958,0.26127057843389756,0.5516717476611532,0.30788864518581016,0.47653657260222104,0.5355357141689219,0.32683153246091956,0.32791962421571086,0.3484434932136409,0.47556624065203,0.4743772248729743,0.32498753986055184,0.3737814742541926
0.3389644633058718,0.3415391509704985,0.2627152711122783,0.5389965097717325,0.2995460588246649,0.31820238842565063,0.3047230026842114,0.5178047100119523,0.3203581968571678,0.51117605797088,0.32350005253811676,1.0,0.31785607997361176,0.5247622131290417,0.6119280965547955,0.3084625304523182,0.29107187940872103,0.3110049976386684,0.2929010661046386,0.30454627020223535,0.30737564283676566,0.3071660962076542,0.31362481410430265,0.30830191711437616,0.3008054664399952,0.3035796327321719,0.3116321143559264,0.5204208964101891,0.3615229327396092,0.33125962921169505,0.4738615643699653,0.3123973219335413,0.0,0.31228488165974144,0.3157415431896402,0.4180441005426877,0.2917853543756753,0.316808398467024,0.3868312791025216,0.32186154505059195,0.4874964354319088,0.30854474576225877,0.3160818410199636,0.52322165058876,0.5214308759218633,0.34938737830076005,0.31656192242556147,0.3177800881992332,0.461670284643267,0.3580544132987452
0.37095857738012583,0.4479504825648971,0.28275246482639005,0.3289089749685472,0.4850079219396458,0.42857515909869337,0.40327720036512305,0.3314422986785017,0.3715156848865403,0.3377556671219205,0.5516176366118999,0.31785607997361176,1.0,0.3238742203193997,0.32522389574090604,0.422671988881243,0.4193991219861015,0.5245601474077033,0.5243845191542004,0.40741256577005847,0.5329518790746923,0.5624428647167465,0.5815059411124462,0.44147978701279333,0.4213682102436189,0.4537287173236585,0.5667340876087272,0.32023145961397603,0.35244019037952323,0.38345089150718814,0.315440600506678,0.5350794722365384,0.0,0.5660096193218328,0.45438756165021643,0.30134416889023974,0.398976738096284,0.5269897594716354,0.2603964625847809,0.5731187093196516,0.32100215862514336,0.466185222680891,0.5597196875976812,0.3245850224866629,0.31922965559454597,0.32890374497388464,0.47231932992328485,0.47255675505443095,0.31942766626468533,0.35918428166511196
0.3390865974402578,0.32150705237527843,0.263876009511567,0.5956163144077077,0.30631314979429536,0.30484043244514447,0.3085457677454344,0.5267739925695298,0.33504167304071497,0.5464016553583804,0.32657932089914754,0.5247622131290417,0.3238742203193997,1.0,0.5788331468455377,0.31146007387111263,0.28921013126487716,0.3204818780130134,0.2914630637253186,0.3102533840846814,0.30730571896700176,0.2983975591374117,0.32257994334254736,0.29650845281665794,0.299043381474969,0.3035731369536495,0.3223627222546338,0.5615352301646207,0.36049958863864406,0.33268306842626805,0.5327772677074429,0.315705208801375,0.0,0.31193675123750475,0.31217830968661464,0.4334602637731667,0.29650381890127553,0.3191115213061838,0.39622639082983135,0.3207123903735265,0.5481847321490978,0.31117890396367087,0.3226856531662817,0.5554144237490972,0.5426515687356054,0.3468987488380898,0.3166787664652666,0.3178379902453168,0.4926318187887152,0.36652699946736766
0.31731830487745294,0.31104678156687104,0.25630578419322525,0.6092331383874687,0.31646603392476846,0.2883886494175347,0.2975625362058467,0.5150032994001579,0.3346390764195588,0.5408141236534403,0.3152071181481706,0.6119280965547955,0.32522389574090604,0.5788331468455377,1.0,0.31427886843086816,0.28832368337548364,0.30898758702219065,0.2778908510182223,0.29931649487668677,0.2988911746566759,0.2858346764595121,0.3142840312804337,0.29328594967853494,0.2976372980980706,0.30438509551027604,0.30998763381712124,0.5252452524110012,0.3444033733133215,0.3265630027722435,0.5335719181416878,0.3154177171746395,0.0,0.29953837408326434,0.2988080993090826,0.42095219699993813,0.2915779483883858,0.3098881751669649,0.38931273065396677,0.31105769834351393,0.5435478548592063,0.2974513311575194,0.30852684657131857,0.524697854253227,0.5110452162992338,0.3474916226548217,0.3131683132479366,0.3147963069500732,0.4738442448922615,0.362943050328973
0.36682356434283503,0.3976323115887863,0.2777982885150402,0.3212935628631226,0.38737910099428596,0.39310232895027175,0.7691516239005198,0.32062268427075047,0.3675972094716444,0.3239071314562205,0.422356876471941,0.3084625304523182,0.422671988881243,0.31146007387111263,0.31427886843086816,1.0,0.37469992943114194,0.42382831510687746,0.4026558439024749,0.7702082824614825,0.4193787166180267,0.4098175442460593,0.4322196650458392,0.3890936442104991,0.3907225828249995,0.39712866256254564,0.405226773168323,0.30951772453690896,0.34960534492468853,0.36665957139111705,0.3083742337244423,0.401754146979586,0.0,0.4139435882027488,0.4034182949949402,0.3066260433536444,0.7424759754009114,0.3874737970669493,0.257790006485617,0.4054035320874121,0.3085013104470462,0.3986608261100494,0.40763754443112055,0.3122715109377807,0.31180479437501374,0.330826791053903,0.39701270736086736,0.3980789856733241,0.307719783516864,0.3534898578265562
0.33313982579947854,0.45919883469688616,0.25837295303312136,0.2973224733084504,0.436753561799884,0.4562959240284373,0.37244739334603094,0.29967649848813604,0.3239757498479213,0.29285917748025636,0.4168803208389523,0.29107187940872103,0.4193991219861015,0.28921013126487716,0.28832368337548364,0.37469992943114194,1.0,0.40536844627980295,0.37588496847183994,0.3700451470140238,0.40410886841314464,0.400458153871168,0.4244792779800737,0.5397334920567713,0.5032094060316599,0.5347193376809026,0.4077584432449721,0.28882091564925483,0.3369477036622044,0.3227196260694739,0.2809832556247518,0.4725177398520046,0.0,0.4283980355361676,0.4727691107385723,0.2785329650459407,0.36239158124279647,0.40115194604131776,0.2419042872965772,0.41616723241877396,0.2801155430822526,0.45237105775999165,0.41505771219404963,0.29831106681216335,0.30503244537283425,0.3017006099919798,0.4615831759824195,0.46261507027550597,0.2830752851692627,0.32437820964608455
0.37019001382519334,0.45234747328282887,0.28458825635851115,0.32067672405789915,0.4243726338015851,0.43388875916931446,0.43888202939642773,0.3263136585644837,0.36283600287866336,0.3218362132921232,0.5248432346124594,0.3110049976386684,0.5245601474077033,0.3204818780130134,0.30898758702219065,0.42382831510687746,0.40536844627980295,1.0,0.5140468854955984,0.4383839150120099,0.546530749451573,0.5243160926420951,0.5689377255646901,0.4255760071063829,0.40564611707953,0.43103762857284333,0.5353538872874587,0.3239218767527595,0.35594683385812953,0.36755129129307595,0.3085992175631048,0.48504246583185606,0.0,0.5244632804226926,0.4542368364548567,0.32254146118325644,0.4162523250462401,0.49172978795581557,0.27239844046516726,0.5330677995964859,0.30464111034957764,0.4594543127300905,0.5155844420754301,0.325892190367308,0.3233479398654312,0.3339196975559874,0.4598859968251279,0.45954805948894106,0.3169540852060053,0.3648056791061769
0.3446660089578395,0.40967040970691415,0.2573718289321406,0.29423096917905456,0.4076476429475333,0.42068302577856387,0.40703582762569523,0.30362178299181497,0.3235426337854129,0.2934997719518381,0.4740987634309688,0.2929010661046386,0.5243845191542004,0.2914630637253186,0.2778908510182223,0.4026558439024749,0.37588496847183994,0.5140468854955984,1.0,0.3989538363504549,0.5005402516599418,0.5325107480700626,0.5046285262758061,0.39584413453253064,0.3965206839022214,0.3898781898497129,0.481535315190297,0.2962996787237122,0.32916420579873285,0.3363776359165649,0.2805763441626805,0.4841063145618222,0.0,0.4794760696465846,0.42133313962799024,0.29214585708566254,0.3831055325488225,0.4503635330644662,0.2486344363400187,0.491824701766002,0.2815786355229083,0.4234651778669758,0.47821620455243596,0.301001825448303,0.298120284660526,0.30872780140800626,0.4179883828670359,0.4196701649176934,0.2862389394805578,0.3320220869001219
0.36969482185721714,0.40122997702607466,0.2784412192505251,0.31108860425870943,0.36188453081471783,0.39366984533281446,0.8733282387442716,0.31663311304318553,0.35911605314143413,0.3126465542818314,0.4184786294923486,0.30454627020223535,0.40741256577005847,0.3102533840846814,0.29931649487668677,0.7702082824614825,0.3700451470140238,0.4383839150120099,0.3989538363504549,1.0,0.4351481329228375,0.4099970602794125,0.4444555331363318,0.3813521934089903,0.378230845316851,0.38299618944722913,0.41402223141554373,0.31106630200410446,0.34945468294785187,0.359713600133582,0.295547765252444,0.39217622245155115,0.0,0.4176801899681287,0.4099818731080238,0.31021027676051083,0.7983482719478832,0.39271312744721576,0.2569811001005028,0.41450319728369744,0.29524742899704504,0.40277903861295405,0.41388978520519815,0.3175624337595281,0.3149303605633086,0.33447996016189796,0.39778369388462953,0.39818041985982844,0.3104640277452039,0.3578944662392084
0.35550230003676064,0.4392697761604091,0.2821939986161953,0.3058575685339704,0.44250104232714593,0.4179586435281031,0.43348758929506725,0.31383510945667104,0.3493165471399764,0.30805945115260835,0.5136952987039469,0.30737564283676566,0.5329518790746923,0.30730571896700176,0.2988911746566759,0.4193787166180267,0.40410886841314464,0.546530749451573,0.5005402516599418,0.4351481329228375,1.0,0.5244896802972898,0.5726365401229789,0.41532753788826815,0.4041126668791407,0.4306543675871699,0.5389911995792006,0.3123797257808708,0.34063787879607543,0.36092377788512275,0.2934752921476973,0.4951441294735224,0.0,0.542969841422113,0.44489755188210756,0.3110686543106592,0.41076858844007935,0.49953589472585125,0.26049951491745815,0.5430402420794267,0.29648198402438153,0.4405994681473856,0.5295000571568529,0.31667363266605375,0.3161813735061145,0.3315697050698184,0.46108468676219483,0.46055825619747903,0.31053185887467805,0.3503625331638849
0.34896181771980883,0.4453469465382949,0.26719501869254336,0.29873820564745757,0.4135028182953806,0.47292458644119617,0.41537926925014446,0.30497141269371686,0.3343501136769813,0.2989104362496754,0.5264815221624364,0.3071660962076542,0.5624428647167465,0.2983975591374117,0.2858346764595121,0.4098175442460593,0.400458153871168,0.5243160926420951,0.5325107480700626,0.4099970602794125,0.5244896802972898,1.0,0.6793904180956254,0.42283301166372256,0.41546365287892884,0.40512712994818023,0.5126310288261876,0.303181090993618,0.3293228388009197,0.3434639386045192,0.2827447934258015,0.510091734721486,0.0,0.6206234673451525,0.4480696768603992,0.30218249922977636,0.39119467811207853,0.49030027430642686,0.25344099677731724,0.5213028267765178,0.2811216043848721,0.4371755057359794,0.5164070114826282,0.307558830386531,0.3042907727277602,0.32265003043219265,0.43194506609426564,0.4323014521103983,0.29568527368984776,0.3449789356867201
0.3755216265605713,0.45266193569389757,0.287261847662977,0.3278755703343599,0.4433198887648434,0.43841246765854425,0.44642285947693006,0.32748396195829765,0.3635015285758413,0.31944133340507197,0.5275939315846789,0.31362481410430265,0.5815059411124462,0.32257994334254736,0.3142840312804337,0.4322196650458392,0.4244792779800737,0.5689377255646901,0.5046285262758061,0.4444555331363318,0.5726365401229789,0.6793904180956254,1.0,0.42870262319670127,0.4206332946994048,0.43299900783540246,0.5627033166152299,0.3271280219352537,0.35671940663577384,0.36593335293442864,0.3084062092583396,0.5188621381641556,0.0,0.6683264798248564,0.45670536496004,0.3177971777140526,0.4261141826800423,0.5197323124694395,0.26913961307984435,0.5559829652641787,0.3069456946049469,0.45996595105391436,0.5460070969698674,0.33069673028328583,0.3278019576834501,0.3339502777684614,0.4625727582018523,0.46314616743480774,0.31908955071085654,0.3635181588059865
0.35674339835547175,0.5489710326736632,0.2658629603182143,0.30167002833055945,0.4391140109206111,0.5326139918978975,0.3814415868850929,0.3159466286859317,0.34714262933041107,0.3078391681186833,0.45358341963199844,0.30830191711437616,0.44147978701279333,0.29650845281665794,0.29328594967853494,0.3890936442104991,0.5397334920567713,0.4255760071063829,0.39584413453253064,0.3813521934089903,0.41532753788826815,0.42283301166372256,0.42870262319670127,1.0,0.5558404316489474,0.5226326853394893,0.42436828214619005,0.29599256343723235,0.34938345107609337,0.3437746014686375,0.2895530422532523,0.4531675289439656,0.0,0.4283764635934463,0.5631327273371276,0.29284358175241076,0.3678398226088272,0.41543037580143294,0.24884312342506154,0.4312063920746926,0.2936544301981665,0.475338351792726,0.4260265844911276,0.3038621510862851,0.3062512309985552,0.3154980009013031,0.46712479392996886,0.4679311869669438,0.2947834099554789,0.3384732535962546
0.3454399264987197,0.5394583654141263,0.26108406474241963,0.3113001208655721,0.4282862958886867,0.5353857301657118,0.38104875130605753,0.31065436654085143,0.3330592840479215,0.310273779587542,0.4340811012064669,0.3008054664399952,0.4213682102436189,0.299043381474969,0.2976372980980706,0.3907225828249995,0.5032094060316599,0.40564611707953,0.3965206839022214,0.378230845316851,0.4041126668791407,0.41546365287892884,0.4206332946994048,0.5558404316489474,1.0,0.5145304666230883,0.40977274442737033,0.292193628856799,0.32407308306843197,0.3266640332744015,0.2908482286413536,0.47058316269969913,0.0,0.4155816970834275,0.549909376039021,0.2841715832256737,0.36950692737751223,0.40962579470892946,0.24840062453468337,0.41175337128694867,0.29501728953484585,0.4627437081627658,0.42298522403065597,0.31382503794691985,0.3091560209090586,0.31302984244436904,0.45525811607508226,0.4565734411289475,0.30251755942400327,0.3235103103202064
0.34398133143074217,0.49095664012487095,0.2739735378290451,0.30929066891762724,0.4432264043500217,0.45967325520833135,0.3812081816862847,0.31480756358676787,0.3461765235629318,0.31418173842450714,0.4478147172999625,0.3035796327321719,0.4537287173236585,0.3035731369536495,0.30438509551027604,0.39712866256254564,0.5347193376809026,0.43103762857284333,0.3898781898497129,0.38299618944722913,0.4306543675871699,0.40512712994818023,0.43299900783540246,0.5226326853394893,0.5145304666230883,1.0,0.4365185028208197,0.2981602014516005,0.34149166373284634,0.3451482008347484,0.29615204986297816,0.4511518558790445,0.0,0.43104374380430033,0.4943179519849671,0.28589851141149814,0.38209147019562917,0.42761758700887986,0.25067230509308447,0.44340781152919484,0.2979723821758661,0.4759814013546121,0.434318488618025,0.3131506953492268,0.3092251078811782,0.31182193415488824,0.4874395066580839,0.48779207796564805,0.30958073388072616,0.33685460170574155
0.3732611172823673,0.45573987902678226,0.29023743740535557,0.3195665972773103,0.448734354802499,0.41903097039178927,0.4092206669977746,0.32526930192843795,0.36611707425617446,0.3261287787956362,0.5361473335793726,0.3116321143559264,0.5667340876087272,0.3223627222546338,0.30998763381712124,0.405226773168323,0.4077584432449721,0.5353538872874587,0.481535315190297,0.41402223141554373,0.5389911995792006,0.5126310288261876,0.5627033166152299,0.42436828214619005,0.40977274442737033,0.4365185028208197,1.0,0.3234960728340306,0.35503779928090073,0.3713203944974459,0.31224656715998844,0.5073108924959544,0.0,0.537512585509309,0.448212085729235,0.3060031918115992,0.39206454530488355,0.5891624053697437,0.2526270058994765,0.5817159016345624,0.31134095845273,0.46420272995388956,0.6356340911414731,0.3323960037056004,0.31949027977535516,0.3408888592988967,0.4623894772102577,0.4615690349685484,0.32299090465792435,0.36392461756553185
0.33869606735954516,0.3262795742404918,0.27102230478468925,0.5684052495304912,0.29005155958864925,0.3069294988766931,0.31089286861399323,0.7141903540076664,0.32832690112692653,0.5435733976596493,0.32692603433277145,0.5204208964101891,0.32023145961397603,0.5615352301646207,0.5252452524110012,0.30951772453690896,0.28882091564925483,0.3239218767527595,0.2962996787237122,0.31106630200410446,0.3123797257808708,0.303181090993618,0.3271280219352537,0.29599256343723235,0.292193628856799,0.2981602014516005,0.3234960728340306,1.0,0.36097214281799117,0.33331175457495654,0.5224710377115738,0.3122693318146792,0.0,0.31458567716885,0.31209841380860903,0.42897430445807416,0.29757801737239276,0.32746278338308876,0.388501269365257,0.3217122333699832,0.5271118236700237,0.31001639106865464,0.3198528603708467,0.811515065156774,0.773768672651803,0.34575021469397005,0.31643839213215996,0.31691686927195417,0.5056381635417436,0.360808968195652
0.40303938264867867,0.3568782667173567,0.30360653158358397,0.34943540517698435,0.3383947317836312,0.3553963872818642,0.34885116061992283,0.36249101172347464,0.3842006310727648,0.35656468693635335,0.36398551177501015,0.3615229327396092,0.35244019037952323,0.36049958863864406,0.3444033733133215,0.34960534492468853,0.3369477036622044,0.35594683385812953,0.32916420579873285,0.34945468294785187,0.34063787879607543,0.3293228388009197,0.35671940663577384,0.34938345107609337,0.32407308306843197,0.34149166373284634,0.35503779928090073,0.36097214281799117,1.0,0.38008083241132673,0.3444622486318535,0.3460646835645561,0.0,0.3540952406746425,0.34262149339730474,0.3334631666092217,0.3336546367868952,0.34966146918568386,0.28561187758346507,0.3579777432842469,0.33821247184943515,0.34497930966055956,0.35410512016733986,0.35537829719304126,0.3555078170886563,0.4290097151183069,0.3499516356509895,0.35020888710822895,0.3495274667263071,0.6320232734122939
0.44427286382936704,0.35507115567291525,0.3051148794295786,0.3316113606707656,0.34186416437357137,0.33349022079142676,0.3567032762740706,0.3340352001676655,0.4578237441905447,0.34225085535617705,0.377395291984873,0.33125962921169505,0.38345089150718814,0.33268306842626805,0.3265630027722435,0.36665957139111705,0.3227196260694739,0.36755129129307595,0.3363776359165649,0.359713600133582,0.36092377788512275,0.3434639386045192,0.36593335293442864,0.3437746014686375,0.3266640332744015,0.3451482008347484,0.3713203944974459,0.33331175457495654,0.38008083241132673,1.0,0.32350734162226025,0.3460767801780036,0.0,0.3594572490661281,0.3535990402479705,0.3139045213833337,0.3456021362421945,0.35385167819301144,0.29052775358048843,0.3820614539520869,0.3246598998131781,0.35838293998050264,0.3733747749835158,0.3347448402650981,0.3308640238101782,0.37238768225372754,0.3647353505500064,0.3651063432382574,0.3293611988091768,0.3986575880886859
0.3187228918466689,0.3089236929257736,0.2539675515590042,0.5475716917342797,0.3006137469541659,0.28851064835148277,0.29556169051971437,0.5194685389944778,0.3261283066784888,0.5636320023829089,0.31213181103300636,0.4738615643699653,0.315440600506678,0.5327772677074429,0.5335719181416878,0.3083742337244423,0.2809832556247518,0.3085992175631048,0.2805763441626805,0.295547765252444,0.2934752921476973,0.2827447934258015,0.3084062092583396,0.2895530422532523,0.2908482286413536,0.29615204986297816,0.31224656715998844,0.5224710377115738,0.3444622486318535,0.32350734162226025,1.0,0.3068094220952111,0.0,0.30269373627162444,0.29591804636124497,0.4199455504903372,0.2885505474558948,0.30588704621540896,0.36585475465497386,0.309086361250299,0.6635649729960251,0.2949557164905423,0.30682287017391674,0.5186080580129728,0.5085491222419859,0.3339959330631884,0.3054771816547397,0.3056806734225974,0.4763042673914103,0.3458797103164657
0.3593388659784732,0.4404289879679144,0.2761649341495387,0.3313885561796188,0.4733148102112601,0.4469967162819619,0.3929677618974754,0.3244121368812086,0.35012448387676065,0.319603934657681,0.49937398545633693,0.3123973219335413,0.5350794722365384,0.315705208801375,0.3154177171746395,0.401754146979586,0.4725177398520046,0.48504246583185606,0.4841063145618222,0.39217622245155115,0.4951441294735224,0.510091734721486,0.5188621381641556,0.4531675289439656,0.47058316269969913,0.4511518558790445,0.5073108924959544,0.3122693318146792,0.3460646835645561,0.3460767801780036,0.3068094220952111,1.0,0.0,0.503971281637076,0.43832591740665683,0.29603938300575494,0.386407239387197,0.509067083961068,0.2626140454715348,0.5175560421217592,0.3056515766600405,0.44665566187849715,0.5229179914428019,0.31663477614420776,0.31921123364997195,0.3233226541164508,0.4511219851056236,0.4525496919477163,0.298887136645159,0.33894757771394557
0.0,0.0,0.0,0.0,0.0,0.0,0.0,0.0,0.0,0.0,0.0,0.0,0.0,0.0,0.0,0.0,0.0,0.0,0.0,0.0,0.0,0.0,0.0,0.0,0.0,0.0,0.0,0.0,0.0,0.0,0.0,0.0,1.0,0.0,0.0,0.0,0.0,0.0,0.0,0.0,0.0,0.0,0.0,0.0,0.0,0.0,0.0,0.0,0.0,0.0
0.36507308667199634,0.44633713701964783,0.2845189942447929,0.30936890012888396,0.4451885215762935,0.44098871537391826,0.41964229510929507,0.3198685972802061,0.3529770839369316,0.3116572822794279,0.5132505998436936,0.31228488165974144,0.5660096193218328,0.31193675123750475,0.29953837408326434,0.4139435882027488,0.4283980355361676,0.5244632804226926,0.4794760696465846,0.4176801899681287,0.542969841422113,0.6206234673451525,0.6683264798248564,0.4283764635934463,0.4155816970834275,0.43104374380430033,0.537512585509309,0.31458567716885,0.3540952406746425,0.3594572490661281,0.30269373627162444,0.503971281637076,0.0,1.0,0.4527577014531835,0.317511447921732,0.3937710963975555,0.5058105330848446,0.26677838262966114,0.5458518872463985,0.29756967957965486,0.45801408247244757,0.5458935364452875,0.3185971965219627,0.31994839930091035,0.3276019293802399,0.45837128627462365,0.4593936083144978,0.3085574117948088,0.35557020072421175
0.3657768481269035,0.5827927638620285,0.27375586145247177,0.30804307727936375,0.4126750969620663,0.5607992267363615,0.41142673155242504,0.3195948670990829,0.34795084122523623,0.3140735092122653,0.47295652698056223,0.3157415431896402,0.45438756165021643,0.31217830968661464,0.2988080993090826,0.4034182949949402,0.4727691107385723,0.4542368364548567,0.42133313962799024,0.4099818731080238,0.44489755188210756,0.4480696768603992,0.45670536496004,0.5631327273371276,0.549909376039021,0.4943179519849671,0.448212085729235,0.31209841380860903,0.34262149339730474,0.3535990402479705,0.29591804636124497,0.43832591740665683,0.0,0.4527577014531835,1.0,0.3081353717177432,0.3833166630855679,0.43642175773625846,0.2614388025792971,0.4618291160626711,0.2944508782609663,0.49741955788449843,0.45822366471620546,0.31549849387392614,0.31775077603545,0.32574497427478644,0.49076974373010496,0.4914682827854535,0.309599387991205,0.3452147040950858
0.31473929004781076,0.3118851674555895,0.2564454681713475,0.43600631044448424,0.2769536327938621,0.3053778675686756,0.3103992222032963,0.4319571163587489,0.31459361626545923,0.4419703378103752,0.3201894127918018,0.4180441005426877,0.30134416889023974,0.4334602637731667,0.42095219699993813,0.3066260433536444,0.2785329650459407,0.32254146118325644,0.29214585708566254,0.31021027676051083,0.3110686543106592,0.30218249922977636,0.3177971777140526,0.29284358175241076,0.2841715832256737,0.28589851141149814,0.3060031918115992,0.42897430445807416,0.3334631666092217,0.3139045213833337,0.4199455504903372,0.29603938300575494,0.0,0.317511447921732,0.3081353717177432,1.0,0.29621920498080756,0.30048153457186055,0.37893381144180993,0.30899765207929164,0.42234074307066827,0.2951140172993325,0.3040186805734507,0.4337781876101432,0.42997673443228124,0.32634477325573796,0.29432200770424966,0.2947954876681347,0.4335848500832957,0.3465201658555378
0.35296870761975707,0.37764134187787324,0.2627890321440076,0.302133924148008,0.35748190613296404,0.37704215370691574,0.7942746101447495,0.3045317646366521,0.34573421439807606,0.30370413293024634,0.4032705845422382,0.2917853543756753,0.398976738096284,0.29650381890127553,0.2915779483883858,0.7424759754009114,0.36239158124279647,0.4162523250462401,0.3831055325488225,0.7983482719478832,0.41076858844007935,0.39119467811207853,0.4261141826800423,0.3678398226088272,0.36950692737751223,0.38209147019562917,0.39206454530488355,0.29757801737239276,0.3336546367868952,0.3456021362421945,0.2885505474558948,0.386407239387197,0.0,0.3937710963975555,0.3833166630855679,0.29621920498080756,1.0,0.3737130968960881,0.24790087912604675,0.38316480190241864,0.28621970010202813,0.3836001791876934,0.3935013779539833,0.301157638488077,0.2995501609429534,0.31496636473154793,0.3768091493643979,0.3770175297710482,0.29187307285674946,0.33820460553189113
0.3665421175200032,0.46584902177932186,0.2830390707088233,0.31409869633057397,0.4649150542618803,0.43805110049943663,0.38959966937281454,0.3364151263269378,0.34641241119911204,0.318997895055917,0.5164372206630958,0.316808398467024,0.5269897594716354,0.3191115213061838,0.3098881751669649,0.3874737970669493,0.40115194604131776,0.49172978795581557,0.4503635330644662,0.39271312744721576,0.49953589472585125,0.49030027430642686,0.5197323124694395,0.41543037580143294,0.40962579470892946,0.42761758700887986,0.5891624053697437,0.32746278338308876,0.34966146918568386,0.35385167819301144,0.30588704621540896,0.509067083961068,0.0,0.5058105330848446,0.43642175773625846,0.30048153457186055,0.3737130968960881,1.0,0.26046581309400174,0.5413753565364317,0.3069704496030644,0.45089219271774217,0.6218171597510609,0.33426911584740293,0.32421386714496037,0.3319985248756524,0.46935789693825025,0.46955730491791847,0.3201566111415186,0.35464315857392226
0.2958364974790304,0.25427302746767944,0.21282410363567028,0.4043497867936171,0.28040975520737776,0.2579217045485903,0.2606627673960523,0.3925430618852582,0.26776229032389376,0.3965984796876646,0.26127057843389756,0.3868312791025216,0.2603964625847809,0.39622639082983135,0.38931273065396677,0.257790006485617,0.2419042872965772,0.27239844046516726,0.2486344363400187,0.2569811001005028,0.26049951491745815,0.25344099677731724,0.26913961307984435,0.24884312342506154,0.24840062453468337,0.25067230509308447,0.2526270058994765,0.388501269365257,0.28561187758346507,0.29052775358048843,0.36585475465497386,0.2626140454715348,0.0,0.26677838262966114,0.2614388025792971,0.37893381144180993,0.24790087912604675,0.26046581309400174,1.0,0.25435753719168186,0.3754594835591293,0.2534205319561429,0.2589571874025207,0.3917214764174819,0.39548091066479285,0.26764989807838613,0.25351712505494806,0.2552460407749728,0.36779077396722704,0.29814969970750327
0.3739142546465978,0.454940545185748,0.29233353210332236,0.3129213191562811,0.4612141387395903,0.43354381056311975,0.40881453200032336,0.33097385565374915,0.36563885417631947,0.32542951070461845,0.5516717476611532,0.32186154505059195,0.5731187093196516,0.3207123903735265,0.31105769834351393,0.4054035320874121,0.41616723241877396,0.5330677995964859,0.491824701766002,0.41450319728369744,0.5430402420794267,0.5213028267765178,0.5559829652641787,0.4312063920746926,0.41175337128694867,0.44340781152919484,0.5817159016345624,0.3217122333699832,0.3579777432842469,0.3820614539520869,0.309086361250299,0.5175560421217592,0.0,0.5458518872463985,0.4618291160626711,0.30899765207929164,0.38316480190241864,0.5413753565364317,0.25435753719168186,1.0,0.3074525078091661,0.47626029511993584,0.5781065358747194,0.32506336376252265,0.32890533868878136,0.34861942704461757,0.48905910463302227,0.4881271041527525,0.3216015756533792,0.3737108555761308
