../ecoli_genomes/GCF_000163235.1_ASM16323v1_genomic.fna.gz,../ecoli_genomes/GCF_000164555.1_ASM16455v1_genomic.fna.gz,../ecoli_genomes/GCF_000208545.1_ASM20854v2_genomic.fna.gz,../ecoli_genomes/GCF_000233875.1_ASM23387v1_genomic.fna.gz,../ecoli_genomes/GCF_000249735.1_ASM24973v2_genomic.fna.gz,../ecoli_genomes/GCF_000261145.1_Esch_coli_M919_V2_genomic.fna.gz,../ecoli_genomes/GCF_000267705.2_ASM26770v2_genomic.fna.gz,../ecoli_genomes/GCF_000350665.1_Esch_coli_KTE5_V1_genomic.fna.gz,../ecoli_genomes/GCF_000351625.1_Esch_coli_KTE66_V1_genomic.fna.gz,../ecoli_genomes/GCF_000352285.1_Esch_coli_KTE46_V1_genomic.fna.gz,../ecoli_genomes/GCF_000358895.1_ASM35889v1_genomic.fna.gz,../ecoli_genomes/GCF_000456385.1_Esch_coli_HVH_26_4-5703913_V1_genomic.fna.gz,../ecoli_genomes/GCF_000458195.1_Esch_coli_HVH_147_4-5893887_V1_genomic.fna.gz,../ecoli_genomes/GCF_000459755.1_Esch_coli_KOEGE_58_171a_V1_genomic.fna.gz,../ecoli_genomes/GCF_000460055.1_Esch_coli_UMEA_3053-1_V1_genomic.fna.gz,../ecoli_genomes/GCF_000462165.2_ASM46216v2_genomic.fna.gz,../ecoli_genomes/GCF_000601135.1_ASM60113v1_genomic.fna.gz,../ecoli_genomes/GCF_000614595.1_Ec2010EL1058_genomic.fna.gz,../ecoli_genomes/GCF_000617745.1_Ec2010C-4529_genomic.fna.gz,../ecoli_genomes/GCF_000618265.2_EcF6751_genomic.fna.gz,../ecoli_genomes/GCF_000619005.2_Ec2009C-4052_genomic.fna.gz,../ecoli_genomes/GCF_000619105.1_Ec2009C-4780_genomic.fna.gz,../ecoli_genomes/GCF_000619765.2_Ec2009C-3279_genomic.fna.gz,../ecoli_genomes/GCF_000687005.1_ASM68700v1_genomic.fna.gz,../ecoli_genomes/GCF_000687025.1_ASM68702v1_genomic.fna.gz,../ecoli_genomes/GCF_000700125.1_ASM70012v1_genomic.fna.gz,../ecoli_genomes/GCF_000753315.1_FHI35_genomic.fna.gz,../ecoli_genomes/GCF_000776375.1_ASM77637v1_genomic.fna.gz,../ecoli_genomes/GCF_000779395.1_ASM77939v1_genomic.fna.gz,../ecoli_genomes/GCF_000780315.1_ASM78031v1_genomic.fna.gz,../ecoli_genomes/GCF_000781995.1_ASM78199v1_genomic.fna.gz,../ecoli_genomes/GCF_000986765.1_ASM98676v1_genomic.fna.gz,../ecoli_genomes/GCF_001041375.1_ViralProj287958_genomic.fna.gz,../ecoli_genomes/GCF_001265335.1_302014_genomic.fna.gz,../ecoli_genomes/GCF_001265625.1_100854_genomic.fna.gz,../ecoli_genomes/GCF_001267345.1_303289_genomic.fna.gz,../ecoli_genomes/GCF_001309985.1_ASM130998v1_genomic.fna.gz,../ecoli_genomes/GCF_001521695.1_ASM152169v1_genomic.fna.gz,../ecoli_genomes/GCF_001592595.1_ASM159259v1_genomic.fna.gz,../ecoli_genomes/GCF_001614975.1_ASM161497v1_genomic.fna.gz,../ecoli_genomes/GCF_001692775.1_ASM169277v1_genomic.fna.gz,../ecoli_genomes/GCF_001748915.1_ASM174891v1_genomic.fna.gz,../ecoli_genomes/GCF_001749235.1_ASM174923v1_genomic.fna.gz,../ecoli_genomes/GCF_001881155.1_ASM188115v1_genomic.fna.gz,../ecoli_genomes/GCF_001881345.1_ASM188134v1_genomic.fna.gz,../ecoli_genomes/GCF_001892405.1_ASM189240v1_genomic.fna.gz,../ecoli_genomes/GCF_001892585.1_ASM189258v1_genomic.fna.gz,../ecoli_genomes/GCF_001893985.1_ASM189398v1_genomic.fna.gz,../ecoli_genomes/GCF_002001595.1_ASM200159v1_genomic.fna.gz,../ecoli_genomes/GCF_002002145.1_ASM200214v1_genomic.fna.gz
1.0,0.3179480736389062,0.25672919571108366,0.2770725414822107,0.281334918934114,0.3037329032446566,0.2954860154845509,0.28484786231453296,0.39197409778403947,0.2925744912289646,0.3151897131695345,0.28712868982172357,0.30750555756646825,0.27001501394229543,0.26748645667905047,0.2974600799731836,0.2737056736352732,0.30688322368334764,0.27688596196469617,0.2955175580498475,0.29097843426795467,0.2917242413590556,0.3100891614969322,0.28671355003792043,0.2822317804073049,0.26508722696193654,0.3002257406706441,0.2804646867256074,0.33923727020414596,0.38000565436480893,0.25355539366772206,0.3035316700359093,0.0,0.3045389002436938,0.3001065487022455,0.2675394643425564,0.28611709835273813,0.3071654377313293,0.23814427835778051,0.3039245360663496,0.2575401420116654,0.30188224429433774,0.30706030780160376,0.28077904924532193,0.28995037249667077,0.3221360574369885,0.301619613955874,0.301958766035603,0.26521539727561794,0.34870191169345055
0.3179480736389062,1.0,0.23398609995149233,0.27341036039177646,0.38310952510930907,0.5442957879506831,0.348388830357684,0.28076317054473643,0.2980914437196299,0.2863955521792749,0.42706739303487273,0.28287017683103244,0.4117670322944762,0.26332701627951827,0.263856158203458,0.35161750795187385,0.43047143428154533,0.4131251142122153,0.3697714320380102,0.3497914207125653,0.3935722839100736,0.3894214399919067,0.41194595606716156,0.522970300610166,0.514300343724327,0.44310297786669517,0.4086570013788694,0.276580811083328,0.3011169584431407,0.30526259012230594,0.2556647258969835,0.3995599284743926,0.0,0.401840582584592,0.568156670956525,0.25542120436008353,0.33373076135138624,0.41765832688410576,0.2164989617543096,0.41510054284474596,0.25659922017438996,0.4655268007711775,0.41591372528356496,0.2847810671277604,0.283966851183058,0.28062727677554833,0.47902201085233675,0.47927344351580126,0.2753603902161862,0.299934390344081
0.25672919571108366,0.23398609995149233,1.0,0.20569095339385413,0.2021884735189664,0.2160741095900941,0.2161154854580335,0.20912146154350164,0.24281115382513407,0.21459889632009765,0.23351660079578307,0.2084288120526694,0.22146174644976147,0.2036523146316782,0.20344582571804248,0.22009126079347863,0.19691743467722012,0.2207734014332864,0.1985207906258929,0.21683953872567696,0.21591928360102564,0.210460702524643,0.22313131524242047,0.20729159500927963,0.20439528307729982,0.19690776041567348,0.22158446570593426,0.20791763422011744,0.24656042918422483,0.2515768748737238,0.19458371341124003,0.21889538975435774,0.0,0.22217575843718662,0.21631366648522699,0.2013270447547334,0.20875915611478646,0.22101814353639404,0.16897968823312925,0.22512905513363923,0.20081833714281716,0.22178545489696633,0.22746133740433327,0.21262529297718324,0.20902033792514685,0.23105362455868328,0.22982040577244,0.22926249667209286,0.2125339336857225,0.25009477382872514
0.2770725414822107,0.27341036039177646,0.20569095339385413,1.0,0.26420856070217036,0.2626683910325679,0.2529618739521102,0.49890197440050343,0.28108245387701536,0.5233816900894079,0.26645924603638493,0.5087890716059564,0.264246782562943,0.5434150931827642,0.5623988520699117,0.2615403402009209,0.24729536482938697,0.25865352142330156,0.23745035091024502,0.25284399910958366,0.2515890336446679,0.24378119168893875,0.2640333214383135,0.2537925700437491,0.2595297324147593,0.24635470188739683,0.25345883822237736,0.5241464646931473,0.2947927790577267,0.2755600703000195,0.5021153000330806,0.2716598172920711,0.0,0.2522734383408911,0.26112002806358703,0.4073182399159042,0.2529300730209152,0.2533094203583979,0.36839362376776696,0.25148653166691237,0.5188404081841136,0.2540715526377145,0.2566172397364286,0.5309488222630558,0.5211466734101668,0.2909940784277424,0.25567119235609215,0.257014041385781,0.45528733434316815,0.3054589768474021
0.281334918934114,0.38310952510930907,0.2021884735189664,0.26420856070217036,1.0,0.3985305171168694,0.315985265425349,0.26263001162334254,0.2910202993316464,0.26949451479007214,0.5019598442983741,0.2530644303575108,0.4486800677226249,0.25572158100325826,0.26818365384184106,0.33117651362977774,0.4338591976312185,0.4013918270465471,0.3675057923629049,0.315937827594467,0.41539306879336546,0.38821767548291986,0.41475055145392126,0.42756689049991725,0.4199567003620469,0.4372602178075017,0.42178626938755537,0.23884358359553626,0.285502038630724,0.286828666475763,0.26191891466714523,0.4558898286864984,0.0,0.424033339525679,0.3996380377491674,0.23147433488305424,0.3160792967475795,0.42943986853581506,0.20083958014501058,0.43382649674180995,0.26286896169284246,0.3955462714463366,0.4462053643494879,0.2536393169142306,0.25851831914624834,0.26027110165276457,0.4088620623834137,0.411219188084905,0.2429823778071769,0.27172508269713047
0.3037329032446566,0.5442957879506831,0.2160741095900941,0.2626683910325679,0.3985305171168694,1.0,0.3530950744815592,0.2782964133430156,0.2925414292005388,0.26799778802360696,0.4123784430184194,0.26762582208168706,0.4086508268382012,0.2530834931574245,0.2560021929985289,0.35443315597142666,0.441868995416137,0.41117952779232203,0.3719658799227169,0.3503125212817083,0.3840396585477255,0.4123152067047302,0.41011568917408414,0.5202524787369031,0.5232089152864114,0.4353096315656514,0.3977449553190532,0.26152083024924677,0.2964328984237703,0.29283198067010185,0.24528901611298648,0.4079313767215397,0.0,0.40869467899483536,0.5580742984404647,0.2595895373798943,0.3407266043923539,0.4032481714215812,0.22999588261493464,0.4087920369996253,0.2489322781967459,0.46303234339079924,0.41304474688870085,0.26698535805621515,0.27001840249575493,0.2705713836997863,0.4739583797570526,0.476032084470964,0.2590558916375012,0.29582168357284055
0.2954860154845509,0.348388830357684,0.2161154854580335,0.2529618739521102,0.315985265425349,0.3530950744815592,1.0,0.2567545374896255,0.29244768073243244,0.2547278088702677,0.3588150857918444,0.24860421354087692,0.34684440539796857,0.24611933763168137,0.2442750895957081,0.7741858082819801,0.3157109837872637,0.38189123910822687,0.35528637551702846,0.8689403924203074,0.3770405044530929,0.3545207470785693,0.3833656415764851,0.3320013381892134,0.32495165598449827,0.31490899525775873,0.3524849747307094,0.2505680255506094,0.27984884145452005,0.2944968037982345,0.2338299408091291,0.3386147191703315,0.0,0.35482831380408764,0.3655955305972136,0.25694833724249466,0.8172947233746815,0.33030476496351746,0.21353322933287788,0.3512906613022283,0.23455068518841582,0.34659627009422145,0.35401565739047314,0.25356406031386824,0.25391971205599717,0.26778570207197383,0.34681538601155715,0.3469584651063321,0.24569352534715072,0.2892131216665239
0.28484786231453296,0.28076317054473643,0.20912146154350164,0.49890197440050343,0.26263001162334254,0.2782964133430156,0.2567545374896255,1.0,0.2786202455910024,0.5075466387950038,0.2695444382257379,0.4829270243130884,0.272616011921359,0.48093915883099014,0.47836572970262214,0.26455137518900995,0.2442795328953269,0.26309018202744494,0.24558593689446762,0.25746109971082776,0.2514321489476691,0.25215032113584535,0.26654307506723696,0.27066399212249115,0.25937038236260246,0.24752017656036107,0.26140682471881804,0.6969210067715157,0.307857255936278,0.27790486177283014,0.464527546364804,0.26819768464510907,0.0,0.2609531195659057,0.264011761090592,0.40104749542979756,0.2518177424541317,0.27254447434893947,0.3650206535830146,0.26663659853133426,0.4680459906770956,0.26177424979858444,0.2653947646597197,0.7053966166369081,0.6761211780914491,0.2879653853440842,0.2612015991828639,0.26096690631494035,0.4440357405714146,0.3047965098344074
0.39197409778403947,0.2980914437196299,0.24281115382513407,0.28108245387701536,0.2910202993316464,0.2925414292005388,0.29244768073243244,0.2786202455910024,1.0,0.2914751693123405,0.31308925447335645,0.26788682507641115,0.3069679027494765,0.2712334001859814,0.27658242022221524,0.3017868310329128,0.27066360537169787,0.297703788717408,0.2652296280893919,0.29441320669329274,0.28903858678933825,0.28454715749634896,0.30170295482692455,0.2933799532073934,0.27803709389860576,0.26827921933665,0.29880487520097654,0.26828848093005775,0.3283033929225232,0.4093473614666956,0.2674269778200945,0.2928797118265323,0.0,0.29328828265048523,0.29296868325415226,0.2705332279885957,0.28698578639604677,0.28954596223553775,0.22503562761445906,0.3017067472517885,0.26842652535831646,0.29294012355460575,0.30436188705242584,0.27459121283892063,0.27017155167726914,0.31127651381535193,0.29511352375481525,0.294940723947416,0.26571636342567084,0.34500393310620103
0.2925744912289646,0.2863955521792749,0.21459889632009765,0.5233816900894079,0.26949451479007214,0.26799778802360696,0.2547278088702677,0.5075466387950038,0.2914751693123405,1.0,0.28144499696486613,0.48630123653170587,0.27825304155338126,0.503129316983225,0.5034898158405032,0.26329005194857225,0.2419156870471958,0.2633258640407493,0.24397183978183878,0.255489392999269,0.2561870314843695,0.2533145022569888,0.2635017181336259,0.2608345377991602,0.2627368423249433,0.24926113854586496,0.2653835908361214,0.5049682848923924,0.3113637923883992,0.2864304691861568,0.5240256603028934,0.2673179385177563,0.0,0.25963125773665363,0.2623506626880494,0.41831587448618335,0.25155907065853,0.2640315649269457,0.3758162060962632,0.267355015556336,0.5215531507681743,0.25925025222889453,0.2642456519488495,0.5119116581740009,0.5126777304357328,0.29782087195106555,0.26517863307291223,0.2646754957607447,0.47311139973440475,0.3108342310392944
0.3151897131695345,0.42706739303487273,0.23351660079578307,0.26645924603638493,0.5019598442983741,0.4123784430184194,0.3588150857918444,0.2695444382257379,0.31308925447335645,0.28144499696486613,1.0,0.26436747761303203,0.5208994035708124,0.2636695558115738,0.2618331553674704,0.3640378199248191,0.3726156685876103,0.48874587947626724,0.4323566881198463,0.3612553078974937,0.4830340597003957,0.4771319714072716,0.49280358253445455,0.39690100627038105,0.37560142941056274,0.3835404687707328,0.49988453013009515,0.2697649614701806,0.2991301607248642,0.3177152968385747,0.25516620449281346,0.45792985989005597,0.0,0.47682614139255675,0.4301208364080916,0.2659397552898234,0.3451367450669026,0.4815135596262362,0.21935621085571866,0.5166770784391693,0.25365523727648487,0.43550332211541487,0.5081467801028983,0.2694973341109459,0.27099086809207285,0.28495251625607043,0.4408490094597559,0.4399060832779087,0.2681008668150443,0.3055219596537577
0.28712868982172357,0.28287017683103244,0.2084288120526694,0.5087890716059564,0.2530644303575108,0.26762582208168706,0.24860421354087692,0.4829270243130884,0.26788682507641115,0.48630123653170587,0.26436747761303203,1.0,0.2624979739274661,0.4964763852401348,0.6120357755654263,0.2554561585067374,0.2403975350930322,0.25393183205558567,0.24015138734386232,0.2479915939180316,0.24983660432855692,0.24714487394064544,0.25929780496601107,0.2568590895017103,0.2514846298728268,0.24313319623724805,0.24951868351180917,0.48635718288139196,0.30202928349013036,0.2753744168396087,0.4495734261327976,0.2637705497212516,0.0,0.25701991034256144,0.2620052022009305,0.39282757605599194,0.243946100166464,0.256512054906627,0.3605738941034551,0.25410365782138855,0.4681820258039304,0.25380858844002785,0.2577571219597532,0.49028385741657954,0.48865762164563076,0.28639599967786167,0.2595711867243621,0.26035977837290736,0.4326685601615996,0.2967909617543646
0.30750555756646825,0.4117670322944762,0.22146174644976147,0.264246782562943,0.4486800677226249,0.4086508268382012,0.34684440539796857,0.272616011921359,0.3069679027494765,0.27825304155338126,0.5208994035708124,0.2624979739274661,1.0,0.2536218715299924,0.26710517214861784,0.35575077414395695,0.3627794584059042,0.4890437713156731,0.49323739269370526,0.34665819784552376,0.5049597339840846,0.5442637729236337,0.5560123521129678,0.397153712699023,0.3769662061728669,0.3690539165141373,0.5354532560953073,0.25980741711658073,0.28799504845905544,0.31384318170198855,0.2538278891939977,0.505533083693251,0.0,0.5364832144062033,0.4204171025659381,0.24858649044287584,0.340538541424236,0.4957746826776953,0.21017357746698284,0.5379236593313713,0.2531256597536672,0.4194218321686254,0.5309898772517321,0.26528745818893795,0.26213980469205944,0.26957406657247374,0.42646688025881163,0.4264929460732231,0.25648642618287754,0.2934190017790719
0.27001501394229543,0.26332701627951827,0.2036523146316782,0.5434150931827642,0.25572158100325826,0.2530834931574245,0.24611933763168137,0.48093915883099014,0.2712334001859814,0.503129316983225,0.2636695558115738,0.4964763852401348,0.2536218715299924,1.0,0.5466865804131289,0.24992155238544722,0.2326701132807265,0.2505816206930537,0.23297947682373799,0.24712477990692172,0.24317125891065727,0.23964966107950203,0.2537289243528662,0.2372332372144269,0.23908072657283264,0.2309340977766331,0.24976883291964735,0.5119193331230926,0.2990150610332808,0.2652686829191564,0.49586097593996237,0.25720965666059536,0.0,0.25180232854030293,0.25414091063850297,0.3974694147782236,0.24103741951021906,0.2501527166547477,0.3649456469000092,0.2488733811630195,0.5079263355856849,0.247621495918541,0.25523809988429624,0.5129567772988751,0.5050667007372929,0.28982911260284683,0.25222188614910956,0.25290370065075196,0.4498422421434469,0.30531180753300513
0.26748645667905047,0.263856158203458,0.20344582571804248,0.5623988520699117,0.26818365384184106,0.2560021929985289,0.2442750895957081,0.47836572970262214,0.27658242022221524,0.5034898158405032,0.2618331553674704,0.6120357755654263,0.26710517214861784,0.5466865804131289,1.0,0.25488436393345293,0.2419551099787488,0.25348698416809734,0.2347200076700534,0.24527666465963216,0.24455535333047929,0.24027632587056713,0.25628207141194426,0.2529408203847251,0.25332175140850166,0.24428401495439678,0.2508979830728524,0.48891397183717955,0.2940241796263373,0.27307339746627257,0.49937847841641814,0.264883864946328,0.0,0.2506435037143816,0.2539360807049935,0.4008660519936965,0.24376434581151474,0.2504753812456204,0.3632533454189617,0.25144446158737177,0.5113443323311102,0.2483687865571771,0.25562712706344903,0.4960021164628857,0.4871313221621283,0.28591088368503503,0.2591198640158532,0.25952402763191285,0.44200942999787296,0.3078861360499746
0.2974600799731836,0.35161750795187385,0.22009126079347863,0.2615403402009209,0.33117651362977774,0.35443315597142666,0.7741858082819801,0.26455137518900995,0.3017868310329128,0.26329005194857225,0.3640378199248191,0.2554561585067374,0.35575077414395695,0.24992155238544722,0.25488436393345293,1.0,0.3164124421154382,0.3744472657278456,0.34926224275234885,0.7867740883018212,0.36241822912044086,0.35141410964794484,0.37171349597541525,0.34104875179845884,0.33043004565682366,0.325437357083467,0.34816879113974974,0.25313752484782615,0.28131616406120363,0.3059409853200372,0.24435320503961433,0.33948201739804185,0.0,0.35058083899954506,0.3633039174421958,0.2542892983385143,0.7548607341844159,0.3336180097654271,0.20990921032661758,0.3506878471533599,0.24443081588963123,0.34608017322600026,0.35189211413292987,0.25798625066481806,0.25829146886226373,0.27017803423008113,0.34736755731413493,0.346816736417887,0.2500969103851055,0.29047947258608064
0.2737056736352732,0.43047143428154533,0.19691743467722012,0.24729536482938697,0.4338591976312185,0.441868995416137,0.3157109837872637,0.2442795328953269,0.27066360537169787,0.2419156870471958,0.3726156685876103,0.2403975350930322,0.3627794584059042,0.2326701132807265,0.2419551099787488,0.3164124421154382,1.0,0.3556153562034182,0.3309431310656583,0.314467571982323,0.3507118918152502,0.3462396694022911,0.3709718802303855,0.5126416182201692,0.505281265486175,0.5288955661785983,0.3609043741975507,0.23122315557738737,0.28587314131297026,0.26541490190256767,0.22926478313281473,0.4412816655265256,0.0,0.3744413143239421,0.44894381529517424,0.23361382543770814,0.31308371239528154,0.35754821245358315,0.19870230590353322,0.3680637963779617,0.2302357193634521,0.4184098371309004,0.3733065498697695,0.2434319716299611,0.2505690405226282,0.24647436852852556,0.42127132338344486,0.42418899820054234,0.22887408277108467,0.2675675143029701
0.30688322368334764,0.4131251142122153,0.2207734014332864,0.25865352142330156,0.4013918270465471,0.41117952779232203,0.38189123910822687,0.26309018202744494,0.297703788717408,0.2633258640407493,0.48874587947626724,0.25393183205558567,0.4890437713156731,0.2505816206930537,0.25348698416809734,0.3744472657278456,0.3556153562034182,1.0,0.49860764631671173,0.3803633334696601,0.5077567915395693,0.4986754874640722,0.5196037366257263,0.37913973857648686,0.3644632724803055,0.35951562438229645,0.49655122771623106,0.25924854862679725,0.2848446712820919,0.3070732354649718,0.23850058704701071,0.45319910493095295,0.0,0.47867299462257706,0.417858505075983,0.26486861692840347,0.3675083783415921,0.45551329849579403,0.22017950694309085,0.48839987548784736,0.2379794097442407,0.41629958829721336,0.4886026942210647,0.2614040495339164,0.2609619545572831,0.26787364163518645,0.4193916828592197,0.4188188304939069,0.25196810793416224,0.2923072057715199
0.27688596196469617,0.3697714320380102,0.1985207906258929,0.23745035091024502,0.3675057923629049,0.3719658799227169,0.35528637551702846,0.24558593689446762,0.2652296280893919,0.24397183978183878,0.4323566881198463,0.24015138734386232,0.49323739269370526,0.23297947682373799,0.2347200076700534,0.34926224275234885,0.3309431310656583,0.49860764631671173,1.0,0.3522000388969979,0.4706943765799968,0.49244281278639346,0.477350963705212,0.34778888215403947,0.33740008134160016,0.32854639785954687,0.45997164898317755,0.23835211485425667,0.2561252789414077,0.27715330062753396,0.21979485850432168,0.4468405224920313,0.0,0.4438159007208389,0.38429720416036506,0.24157825119223508,0.34312910192631185,0.42202718152092167,0.19762011627759624,0.45593065785797304,0.2210270703367535,0.37596528717270916,0.4526394320692172,0.24413863160260518,0.24372618418605896,0.24955967904387877,0.3778875527552865,0.37832316142417755,0.23113318157637563,0.2648421881641049
0.2955175580498475,0.3497914207125653,0.21683953872567696,0.25284399910958366,0.315937827594467,0.3503125212817083,0.8689403924203074,0.25746109971082776,0.29441320669329274,0.255489392999269,0.3612553078974937,0.2479915939180316,0.34665819784552376,0.24712477990692172,0.24527666465963216,0.7867740883018212,0.314467571982323,0.3803633334696601,0.3522000388969979,1.0,0.3761131977209763,0.35335407359864224,0.3813249061156052,0.32901719141729413,0.32280111607321793,0.3162093646581894,0.35374915483591385,0.2521186901703957,0.28168246100452754,0.2968726520811634,0.2353718281293261,0.33692095587213766,0.0,0.3517109492364995,0.3624401597037602,0.25548401542242394,0.8184238297222614,0.3306415444515092,0.21148531521929592,0.3523983235292951,0.23572764346952102,0.3460926610663867,0.3537431001762069,0.254357417002417,0.2543580064037838,0.2695360430079998,0.34764583290105666,0.3473745684384524,0.24705441666110683,0.2907383631288538
0.29097843426795467,0.3935722839100736,0.21591928360102564,0.2515890336446679,0.41539306879336546,0.3840396585477255,0.3770405044530929,0.2514321489476691,0.28903858678933825,0.2561870314843695,0.4830340597003957,0.24983660432855692,0.5049597339840846,0.24317125891065727,0.24455535333047929,0.36241822912044086,0.3507118918152502,0.5077567915395693,0.4706943765799968,0.3761131977209763,1.0,0.5023014022077321,0.5420212385897769,0.3692312189703435,0.35775738446518335,0.3560386142657419,0.5144120950758709,0.24928132754538812,0.27103806959098453,0.29648841939746984,0.23211325373914216,0.4682880773400385,0.0,0.5052642705012106,0.4039266787084389,0.25389464630980463,0.3603193547057376,0.4727841020634769,0.20766938110494504,0.5084207229023268,0.23798599648714414,0.39562764142428486,0.502794220564377,0.2533622239205232,0.2530224847628224,0.2698869813604976,0.41332210260679025,0.4136669785238607,0.24824332994766385,0.2831315862427374
0.2917242413590556,0.3894214399919067,0.210460702524643,0.24378119168893875,0.38821767548291986,0.4123152067047302,0.3545207470785693,0.25215032113584535,0.28454715749634896,0.2533145022569888,0.4771319714072716,0.24714487394064544,0.5442637729236337,0.23964966107950203,0.24027632587056713,0.35141410964794484,0.3462396694022911,0.4986754874640722,0.49244281278639346,0.35335407359864224,0.5023014022077321,1.0,0.6954433407760849,0.3598431044531718,0.35356432131121873,0.3437538951952954,0.49889677719199543,0.24958358252212098,0.2692827185981397,0.2895321542105902,0.22644613713116746,0.47668883224398906,0.0,0.6110945997580302,0.39731568865533917,0.24444358401387423,0.3401828190157675,0.46448337191998135,0.20201650527545578,0.5026028539630911,0.226427431243735,0.39590369998791275,0.5016529939768153,0.2503603504312327,0.2488877726557126,0.2602384170945714,0.39858243817037775,0.3977603085095085,0.24233152058996943,0.28082166883541415
0.3100891614969322,0.41194595606716156,0.22313131524242047,0.2640333214383135,0.41475055145392126,0.41011568917408414,0.3833656415764851,0.26654307506723696,0.30170295482692455,0.2635017181336259,0.49280358253445455,0.25929780496601107,0.5560123521129678,0.2537289243528662,0.25628207141194426,0.37171349597541525,0.3709718802303855,0.5196037366257263,0.477350963705212,0.3813249061156052,0.5420212385897769,0.6954433407760849,1.0,0.3822354840127711,0.3759429467108364,0.36441717915274463,0.5328536183560122,0.26134712136656113,0.2866493082959739,0.3037794685268802,0.2396299770917768,0.49922343405607383,0.0,0.6491346128251612,0.42125033214928953,0.26357169668148395,0.3702095279094493,0.48974582615459683,0.21949741108519494,0.5245168023690436,0.2418586864920873,0.41261392669897434,0.523566875596898,0.26414724964499703,0.26450694141743025,0.2747274224117916,0.4169060285913796,0.4173962873191778,0.25517225298639246,0.2956472511806254
0.28671355003792043,0.522970300610166,0.20729159500927963,0.2537925700437491,0.42756689049991725,0.5202524787369031,0.3320013381892134,0.27066399212249115,0.2933799532073934,0.2608345377991602,0.39690100627038105,0.2568590895017103,0.397153712699023,0.2372332372144269,0.2529408203847251,0.34104875179845884,0.5126416182201692,0.37913973857648686,0.34778888215403947,0.32901719141729413,0.3692312189703435,0.3598431044531718,0.3822354840127711,1.0,0.5531413041661319,0.490854789611055,0.38554422876579675,0.24335806015396466,0.2918196496751255,0.2868101245800131,0.24806101355719135,0.40711683626060746,0.0,0.3812482528561081,0.5448893684426814,0.24371073037029756,0.3264585863531487,0.3725770743693695,0.20403585694610527,0.38539736915850376,0.24679586441656975,0.43924189233221345,0.38502820473274924,0.2553831977730421,0.26183679584417074,0.2586278777354859,0.44179279254318893,0.4432582868503263,0.23939912472377367,0.27903398595443785
0.2822317804073049,0.514300343724327,0.20439528307729982,0.2595297324147593,0.4199567003620469,0.5232089152864114,0.32495165598449827,0.25937038236260246,0.27803709389860576,0.2627368423249433,0.37560142941056274,0.2514846298728268,0.3769662061728669,0.23908072657283264,0.25332175140850166,0.33043004565682366,0.505281265486175,0.3644632724803055,0.33740008134160016,0.32280111607321793,0.35775738446518335,0.35356432131121873,0.3759429467108364,0.5531413041661319,1.0,0.5036362821275797,0.3661711800369285,0.2368846910005159,0.2794803688044557,0.2749415231702226,0.24102220791952755,0.43192017496539215,0.0,0.37138705181918386,0.535547069458703,0.23114741405427042,0.32180598927355086,0.3706827506451086,0.2039567014598982,0.3722721301480325,0.24268089215009325,0.42727214740310127,0.37907601874201813,0.2592657413275926,0.25964961957727606,0.26085540273298324,0.43342826744177476,0.43552161780447507,0.24615326058094644,0.27002587883903195
0.26508722696193654,0.44310297786669517,0.19690776041567348,0.24635470188739683,0.4372602178075017,0.4353096315656514,0.31490899525775873,0.24752017656036107,0.26827921933665,0.24926113854586496,0.3835404687707328,0.24313319623724805,0.3690539165141373,0.2309340977766331,0.24428401495439678,0.325437357083467,0.5288955661785983,0.35951562438229645,0.32854639785954687,0.3162093646581894,0.3560386142657419,0.3437538951952954,0.36441717915274463,0.490854789611055,0.5036362821275797,1.0,0.35824928317638394,0.22924371624394824,0.2843826535836407,0.2698386721830237,0.23363532307866874,0.394638366033343,0.0,0.3575828579781475,0.4508196054788929,0.2263443316462299,0.3164560809709408,0.36401464107165615,0.19153091302876057,0.368116686812584,0.23408434955572532,0.4280294015688285,0.36092954540600497,0.24593900944428615,0.2441614656547011,0.24955574345015996,0.41991487827234575,0.421037941356724,0.23759604147907198,0.2662761082318884
0.3002257406706441,0.4086570013788694,0.22158446570593426,0.25345883822237736,0.42178626938755537,0.3977449553190532,0.3524849747307094,0.26140682471881804,0.29880487520097654,0.2653835908361214,0.49988453013009515,0.24951868351180917,0.5354532560953073,0.24976883291964735,0.2508979830728524,0.34816879113974974,0.3609043741975507,0.49655122771623106,0.45997164898317755,0.35374915483591385,0.5144120950758709,0.49889677719199543,0.5328536183560122,0.38554422876579675,0.3661711800369285,0.35824928317638394,1.0,0.25537327526996323,0.28326471568618805,0.3051538602366146,0.24175931325279398,0.49069500546000433,0.0,0.5028186030692532,0.4132158511667815,0.2540070717772376,0.3393840671163668,0.5758114798847371,0.2061148043350559,0.5489092957625965,0.24301646040470248,0.41591965774310324,0.6179957813841388,0.26169091402878375,0.25811258141407023,0.27326098792434594,0.4167990835402139,0.41608048454036106,0.2569296273159317,0.28981211014565134
0.2804646867256074,0.276580811083328,0.20791763422011744,0.5241464646931473,0.23884358359553626,0.26152083024924677,0.2505680255506094,0.6969210067715157,0.26828848093005775,0.5049682848923924,0.2697649614701806,0.48635718288139196,0.25980741711658073,0.5119193331230926,0.48891397183717955,0.25313752484782615,0.23122315557738737,0.25924854862679725,0.23835211485425667,0.2521186901703957,0.24928132754538812,0.24958358252212098,0.26134712136656113,0.24335806015396466,0.2368846910005159,0.22924371624394824,0.25537327526996323,1.0,0.30630866440043225,0.27072981341761804,0.46394654229830246,0.2588559331301643,0.0,0.25427547233781056,0.25660294746915546,0.3986866444643269,0.24339652884109308,0.2634869909842442,0.36404041284191835,0.25780833950924154,0.47430149594248217,0.2558136498857778,0.2557488216706094,0.8042291392355124,0.7593002280133951,0.2872486385805205,0.2596691626828814,0.2598330559212707,0.456431458888647,0.2984958132493093
0.33923727020414596,0.3011169584431407,0.24656042918422483,0.2947927790577267,0.285502038630724,0.2964328984237703,0.27984884145452005,0.307857255936278,0.3283033929225232,0.3113637923883992,0.2991301607248642,0.30202928349013036,0.28799504845905544,0.2990150610332808,0.2940241796263373,0.28131616406120363,0.28587314131297026,0.2848446712820919,0.2561252789414077,0.28168246100452754,0.27103806959098453,0.2692827185981397,0.2866493082959739,0.2918196496751255,0.2794803688044557,0.2843826535836407,0.28326471568618805,0.30630866440043225,1.0,0.32291290852347243,0.28592768737316054,0.290898720383736,0.0,0.2854282013096924,0.2905357128912971,0.28989338362149597,0.2698540747035514,0.2831275357772034,0.24359683411808097,0.28561459110458776,0.28241030693564784,0.28686621114330346,0.28524399625233465,0.30258840069328763,0.3043303090141506,0.390141452303447,0.2871370672941057,0.28698470494499806,0.29574159506340136,0.6106878687521493
0.38000565436480893,0.30526259012230594,0.2515768748737238,0.2755600703000195,0.286828666475763,0.29283198067010185,0.2944968037982345,0.27790486177283014,0.4093473614666956,0.2864304691861568,0.3177152968385747,0.2753744168396087,0.31384318170198855,0.2652686829191564,0.27307339746627257,0.3059409853200372,0.26541490190256767,0.3070732354649718,0.27715330062753396,0.2968726520811634,0.29648841939746984,0.2895321542105902,0.3037794685268802,0.2868101245800131,0.2749415231702226,0.2698386721830237,0.3051538602366146,0.27072981341761804,0.32291290852347243,1.0,0.2624080147144974,0.2894222441414045,0.0,0.2950943226775694,0.2973357378783512,0.2645971227538607,0.2881108636518578,0.2948957891406153,0.2206553051853739,0.3138770539412855,0.26512660464706217,0.29398423580680044,0.30880656681954344,0.27571313219300075,0.271424212742573,0.3225281899961927,0.3020622223798072,0.30215688932735696,0.26503567328703614,0.33572411972969385
0.25355539366772206,0.2556647258969835,0.19458371341124003,0.5021153000330806,0.26191891466714523,0.24528901611298648,0.2338299408091291,0.464527546364804,0.2674269778200945,0.5240256603028934,0.25516620449281346,0.4495734261327976,0.2538278891939977,0.49586097593996237,0.49937847841641814,0.24435320503961433,0.22926478313281473,0.23850058704701071,0.21979485850432168,0.2353718281293261,0.23211325373914216,0.22644613713116746,0.2396299770917768,0.24806101355719135,0.24102220791952755,0.23363532307866874,0.24175931325279398,0.46394654229830246,0.28592768737316054,0.2624080147144974,1.0,0.2507851954052128,0.0,0.23923828973003858,0.244202765951668,0.3852430688052234,0.2321463467442738,0.23798549168255378,0.3447127657388658,0.24396113481043558,0.6542818612405541,0.24075728736981572,0.2425432089550662,0.4711717244556286,0.4619662486331164,0.274668179531531,0.2465983883768056,0.2466367969704809,0.4293709177099999,0.28505345299141105
0.3035316700359093,0.3995599284743926,0.21889538975435774,0.2716598172920711,0.4558898286864984,0.4079313767215397,0.3386147191703315,0.26819768464510907,0.2928797118265323,0.2673179385177563,0.45792985989005597,0.2637705497212516,0.505533083693251,0.25720965666059536,0.264883864946328,0.33948201739804185,0.4412816655265256,0.45319910493095295,0.4468405224920313,0.33692095587213766,0.4682880773400385,0.47668883224398906,0.49922343405607383,0.40711683626060746,0.43192017496539215,0.394638366033343,0.49069500546000433,0.2588559331301643,0.290898720383736,0.2894222441414045,0.2507851954052128,1.0,0.0,0.4824673788400221,0.40613449035404126,0.24478488879430482,0.335756386998849,0.48400962922036295,0.21428350029003873,0.5010610380221403,0.24926095906398238,0.4095099444943543,0.507757215118898,0.2655516026879091,0.27170809586431677,0.26563114117449094,0.41857062424302527,0.41910945117045373,0.24841734564843188,0.28233743580647297
0.0,0.0,0.0,0.0,0.0,0.0,0.0,0.0,0.0,0.0,0.0,0.0,0.0,0.0,0.0,0.0,0.0,0.0,0.0,0.0,0.0,0.0,0.0,0.0,0.0,0.0,0.0,0.0,0.0,0.0,0.0,0.0,1.0,0.0,0.0,0.0,0.0,0.0,0.0,0.0,0.0,0.0,0.0,0.0,0.0,0.0,0.0,0.0,0.0,0.0
0.3045389002436938,0.401840582584592,0.22217575843718662,0.2522734383408911,0.424033339525679,0.40869467899483536,0.35482831380408764,0.2609531195659057,0.29328828265048523,0.25963125773665363,0.47682614139255675,0.25701991034256144,0.5364832144062033,0.25180232854030293,0.2506435037143816,0.35058083899954506,0.3744413143239421,0.47867299462257706,0.4438159007208389,0.3517109492364995,0.5052642705012106,0.6110945997580302,0.6491346128251612,0.3812482528561081,0.37138705181918386,0.3575828579781475,0.5028186030692532,0.25427547233781056,0.2854282013096924,0.2950943226775694,0.23923828973003858,0.4824673788400221,0.0,1.0,0.41571691112682785,0.26636058654954065,0.3414762982566567,0.4750544333823121,0.2225599001329973,0.5064827881666571,0.23932589307146257,0.4079324162109341,0.5177768229187609,0.2565021918531065,0.26037122976531624,0.2663692786962667,0.4144125037408871,0.41548422948509856,0.24854391405827658,0.2878260652474557
0.3001065487022455,0.568156670956525,0.21631366648522699,0.26112002806358703,0.3996380377491674,0.5580742984404647,0.3655955305972136,0.264011761090592,0.29296868325415226,0.2623506626880494,0.4301208364080916,0.2620052022009305,0.4204171025659381,0.25414091063850297,0.2539360807049935,0.3633039174421958,0.44894381529517424,0.417858505075983,0.38429720416036506,0.3624401597037602,0.4039266787084389,0.39731568865533917,0.42125033214928953,0.5448893684426814,0.535547069458703,0.4508196054788929,0.4132158511667815,0.25660294746915546,0.2905357128912971,0.2973357378783512,0.244202765951668,0.40613449035404126,0.0,0.41571691112682785,1.0,0.2520659115219682,0.3497274185672635,0.39904269835076467,0.2156171969685502,0.42016362823657016,0.24495022794571175,0.4722951014021183,0.42518125003186336,0.2580993655984285,0.2610821321994794,0.27460465659583944,0.47849149544586755,0.47928021251612807,0.2554271261811517,0.2887863654328907
0.2675394643425564,0.25542120436008353,0.2013270447547334,0.4073182399159042,0.23147433488305424,0.2595895373798943,0.25694833724249466,0.40104749542979756,0.2705332279885957,0.41831587448618335,0.2659397552898234,0.39282757605599194,0.24858649044287584,0.3974694147782236,0.4008660519936965,0.2542892983385143,0.23361382543770814,0.26486861692840347,0.24157825119223508,0.25548401542242394,0.25389464630980463,0.24444358401387423,0.26357169668148395,0.24371073037029756,0.23114741405427042,0.2263443316462299,0.2540070717772376,0.3986866444643269,0.28989338362149597,0.2645971227538607,0.3852430688052234,0.24478488879430482,0.0,0.26636058654954065,0.2520659115219682,1.0,0.24721253552845468,0.24441472089026428,0.35587832495990457,0.25639991372006776,0.3876465748132204,0.24964987174439768,0.25304508590134733,0.4046265519091713,0.4075065068464978,0.27599446072883127,0.2477513187166699,0.24805176213294566,0.3989214723633585,0.2963876549559006
0.28611709835273813,0.33373076135138624,0.20875915611478646,0.2529300730209152,0.3160792967475795,0.3407266043923539,0.8172947233746815,0.2518177424541317,0.28698578639604677,0.25155907065853,0.3451367450669026,0.243946100166464,0.340538541424236,0.24103741951021906,0.24376434581151474,0.7548607341844159,0.31308371239528154,0.3675083783415921,0.34312910192631185,0.8184238297222614,0.3603193547057376,0.3401828190157675,0.3702095279094493,0.3264585863531487,0.32180598927355086,0.3164560809709408,0.3393840671163668,0.24339652884109308,0.2698540747035514,0.2881108636518578,0.2321463467442738,0.335756386998849,0.0,0.3414762982566567,0.3497274185672635,0.24721253552845468,1.0,0.32000617669880205,0.20534549393707457,0.3367776207299825,0.23257170625356915,0.3347024129107037,0.34320156596475826,0.24847540803107493,0.24796514374407896,0.2589504536795222,0.33473556603658716,0.33486266246367347,0.23758532232717966,0.27974564522853207
0.3071654377313293,0.41765832688410576,0.22101814353639404,0.2533094203583979,0.42943986853581506,0.4032481714215812,0.33030476496351746,0.27254447434893947,0.28954596223553775,0.2640315649269457,0.4815135596262362,0.256512054906627,0.4957746826776953,0.2501527166547477,0.2504753812456204,0.3336180097654271,0.35754821245358315,0.45551329849579403,0.42202718152092167,0.3306415444515092,0.4727841020634769,0.46448337191998135,0.48974582615459683,0.3725770743693695,0.3706827506451086,0.36401464107165615,0.5758114798847371,0.2634869909842442,0.2831275357772034,0.2948957891406153,0.23798549168255378,0.48400962922036295,0.0,0.4750544333823121,0.39904269835076467,0.24441472089026428,0.32000617669880205,1.0,0.21543580348182623,0.521181938682495,0.2426926066141497,0.41444452983521896,0.6212309402370664,0.2707354263401839,0.2663889937451356,0.2749752599559476,0.423956093265337,0.42365671896332047,0.2600010169283369,0.28717165210857687
0.23814427835778051,0.2164989617543096,0.16897968823312925,0.36839362376776696,0.20083958014501058,0.22999588261493464,0.21353322933287788,0.3650206535830146,0.22503562761445906,0.3758162060962632,0.21935621085571866,0.3605738941034551,0.21017357746698284,0.3649456469000092,0.3632533454189617,0.20990921032661758,0.19870230590353322,0.22017950694309085,0.19762011627759624,0.21148531521929592,0.20766938110494504,0.20201650527545578,0.21949741108519494,0.20403585694610527,0.2039567014598982,0.19153091302876057,0.2061148043350559,0.36404041284191835,0.24359683411808097,0.2206553051853739,0.3447127657388658,0.21428350029003873,0.0,0.2225599001329973,0.2156171969685502,0.35587832495990457,0.20534549393707457,0.21543580348182623,1.0,0.21525253681343803,0.34692579059258943,0.21582706404977903,0.21645025174215604,0.36690869302930706,0.37868014309673625,0.23072968005351602,0.21444629608023824,0.21456099323622957,0.3519382971720648,0.2475907264788494
0.3039245360663496,0.41510054284474596,0.22512905513363923,0.25148653166691237,0.43382649674180995,0.4087920369996253,0.3512906613022283,0.26663659853133426,0.3017067472517885,0.267355015556336,0.5166770784391693,0.25410365782138855,0.5379236593313713,0.2488733811630195,0.25144446158737177,0.3506878471533599,0.3680637963779617,0.48839987548784736,0.45593065785797304,0.3523983235292951,0.5084207229023268,0.5026028539630911,0.5245168023690436,0.38539736915850376,0.3722721301480325,0.368116686812584,0.5489092957625965,0.25780833950924154,0.28561459110458776,0.3138770539412855,0.24396113481043558,0.5010610380221403,0.0,0.5064827881666571,0.42016362823657016,0.25639991372006776,0.3367776207299825,0.521181938682495,0.21525253681343803,1.0,0.24278373635262251,0.4232137259096471,0.5493611179565954,0.26077926890038294,0.26354941173851587,0.27688876749659885,0.44670198077180245,0.4454212228493877,0.25504603882942656,0.29737454741050995
