../ecoli_genomes/GCF_000163235.1_ASM16323v1_genomic.fna.gz,../ecoli_genomes/GCF_000164555.1_ASM16455v1_genomic.fna.gz,../ecoli_genomes/GCF_000208545.1_ASM20854v2_genomic.fna.gz,../ecoli_genomes/GCF_000233875.1_ASM23387v1_genomic.fna.gz,../ecoli_genomes/GCF_000249735.1_ASM24973v2_genomic.fna.gz,../ecoli_genomes/GCF_000261145.1_Esch_coli_M919_V2_genomic.fna.gz,../ecoli_genomes/GCF_000267705.2_ASM26770v2_genomic.fna.gz,../ecoli_genomes/GCF_000350665.1_Esch_coli_KTE5_V1_genomic.fna.gz,../ecoli_genomes/GCF_000351625.1_Esch_coli_KTE66_V1_genomic.fna.gz,../ecoli_genomes/GCF_000352285.1_Esch_coli_KTE46_V1_genomic.fna.gz,../ecoli_genomes/GCF_000358895.1_ASM35889v1_genomic.fna.gz,../ecoli_genomes/GCF_000456385.1_Esch_coli_HVH_26_4-5703913_V1_genomic.fna.gz,../ecoli_genomes/GCF_000458195.1_Esch_coli_HVH_147_4-5893887_V1_genomic.fna.gz,../ecoli_genomes/GCF_000459755.1_Esch_coli_KOEGE_58_171a_V1_genomic.fna.gz,../ecoli_genomes/GCF_000460055.1_Esch_coli_UMEA_3053-1_V1_genomic.fna.gz,../ecoli_genomes/GCF_000462165.2_ASM46216v2_genomic.fna.gz,../ecoli_genomes/GCF_000601135.1_ASM60113v1_genomic.fna.gz,../ecoli_genomes/GCF_000614595.1_Ec2010EL1058_genomic.fna.gz,../ecoli_genomes/GCF_000617745.1_Ec2010C-4529_genomic.fna.gz,../ecoli_genomes/GCF_000618265.2_EcF6751_genomic.fna.gz,../ecoli_genomes/GCF_000619005.2_Ec2009C-4052_genomic.fna.gz,../ecoli_genomes/GCF_000619105.1_Ec2009C-4780_genomic.fna.gz,../ecoli_genomes/GCF_000619765.2_Ec2009C-3279_genomic.fna.gz,../ecoli_genomes/GCF_000687005.1_ASM68700v1_genomic.fna.gz,../ecoli_genomes/GCF_000687025.1_ASM68702v1_genomic.fna.gz,../ecoli_genomes/GCF_000700125.1_ASM70012v1_genomic.fna.gz,../ecoli_genomes/GCF_000753315.1_FHI35_genomic.fna.gz,../ecoli_genomes/GCF_000776375.1_ASM77637v1_genomic.fna.gz,../ecoli_genomes/GCF_000779395.1_ASM77939v1_genomic.fna.gz,../ecoli_genomes/GCF_000780315.1_ASM78031v1_genomic.fna.gz,../ecoli_genomes/GCF_000781995.1_ASM78199v1_genomic.fna.gz,../ecoli_genomes/GCF_000986765.1_ASM98676v1_genomic.fna.gz,../ecoli_genomes/GCF_001041375.1_ViralProj287958_genomic.fna.gz,../ecoli_genomes/GCF_001265335.1_302014_genomic.fna.gz,../ecoli_genomes/GCF_001265625.1_100854_genomic.fna.gz,../ecoli_genomes/GCF_001267345.1_303289_genomic.fna.gz,../ecoli_genomes/GCF_001309985.1_ASM130998v1_genomic.fna.gz,../ecoli_genomes/GCF_001521695.1_ASM152169v1_genomic.fna.gz,../ecoli_genomes/GCF_001592595.1_ASM159259v1_genomic.fna.gz,../ecoli_genomes/GCF_001614975.1_ASM161497v1_genomic.fna.gz,../ecoli_genomes/GCF_001692775.1_ASM169277v1_genomic.fna.gz,../ecoli_genomes/GCF_001748915.1_ASM174891v1_genomic.fna.gz,../ecoli_genomes/GCF_001749235.1_ASM174923v1_genomic.fna.gz,../ecoli_genomes/GCF_001881155.1_ASM188115v1_genomic.fna.gz,../ecoli_genomes/GCF_001881345.1_ASM188134v1_genomic.fna.gz,../ecoli_genomes/GCF_001892405.1_ASM189240v1_genomic.fna.gz,../ecoli_genomes/GCF_001892585.1_ASM189258v1_genomic.fna.gz,../ecoli_genomes/GCF_001893985.1_ASM189398v1_genomic.fna.gz,../ecoli_genomes/GCF_002001595.1_ASM200159v1_genomic.fna.gz,../ecoli_genomes/GCF_002002145.1_ASM200214v1_genomic.fna.gz
1.0,0.3789696002593893,0.3187563661487516,0.3414718206714602,0.3294520628121105,0.3628488381731094,0.3549395198915921,0.3477397543998737,0.4295895600121328,0.3499761380643521,0.37850130575823826,0.3514151795973982,0.36755041567577507,0.33640112473049866,0.3224770941289359,0.35314872990093227,0.31619683513758423,0.36891947061359365,0.34162980006150445,0.3565661404914594,0.35382878772298887,0.3548288088310644,0.37520369374858054,0.32062438228847445,0.3381889004608979,0.33617015043743126,0.3670971493169004,0.338811304008781,0.3876222226510577,0.434642085988595,0.31689309383430764,0.3530675074227474,0.0,0.3680890852706846,0.3532585393213368,0.33645192929087175,0.33530859579996597,0.36730206149996203,0.2749351889732278,0.3668507080497341,0.3195927802317601,0.35826060172421714,0.3654865534146585,0.3411456480885702,0.3495968128882284,0.3607735314442181,0.35903893460495584,0.36002711256794917,0.3309388486564663,0.3955416224871162
0.3789696002593893,1.0,0.3009327447385902,0.3350317864572404,0.4169117491242986,0.5496706564136837,0.39720203928423037,0.33961191617611153,0.35502645922957865,0.34426897803295486,0.4742879779168161,0.3444739066563459,0.45831544885594055,0.3323896770528729,0.3166897819230764,0.39397732110911665,0.44824713283862205,0.4599125817983949,0.42045537440674785,0.4018907435802066,0.4450496079954168,0.42491688842094977,0.46653600946745666,0.49003886962739673,0.5388063623199889,0.4825396335032025,0.4662020677233545,0.33621983972000524,0.3642706978953272,0.3661187371910347,0.31624864380665496,0.4380554056274497,0.0,0.44889327747420726,0.5689763176411506,0.3261063112736564,0.3755486296809448,0.46513316047012876,0.24117004354477078,0.46649702210971933,0.315342534826794,0.5038538296531304,0.46500210284330645,0.3515116573059123,0.34511112623033624,0.337363947531204,0.5146122414663574,0.5152400417256201,0.34409398868269914,0.35526654629752463
0.3187563661487516,0.3009327447385902,1.0,0.2614971370918271,0.2570957357418491,0.27219112284803715,0.2713532542362559,0.2685553993216586,0.29824056795856035,0.26758105892073825,0.29620960339785296,0.26191705652577846,0.2886835516628091,0.2642132019170911,0.2528477081475229,0.27004310125969344,0.2419956002182243,0.28960734498855323,0.2629775956516448,0.2741607126303187,0.2822752257366218,0.26829978732482784,0.293199006492351,0.24334137636866116,0.25806160935116007,0.2601525431959465,0.2921201221155769,0.26834082038605755,0.30270935673976085,0.31142134368657715,0.2516468328311965,0.27115413835823765,0.0,0.2854111859882855,0.27052240257850857,0.2695300450897977,0.2565731853838973,0.2863445783742111,0.19790046615914358,0.2949724563781768,0.2564348857666039,0.2831161507877962,0.29421951062846596,0.27266508776569,0.2662244864299783,0.28305017714036307,0.28799314457672087,0.2878749936493864,0.2738295920021171,0.30586545728124115
0.3414718206714602,0.3350317864572404,0.2614971370918271,1.0,0.3269302688046445,0.32439970738197477,0.3093940823703841,0.5441649764314559,0.34805695084537003,0.5705375106190538,0.3250288668895627,0.5410599871484484,0.3395987176043692,0.5817357512545461,0.5965628560809352,0.3194181772434491,0.2899644774802419,0.3229036101693351,0.2968104281709243,0.31111198387226935,0.3080414297757583,0.3002824194443361,0.32991462387845527,0.29458181280747064,0.31312645294314556,0.3126323875048844,0.3218037805802457,0.5519073134763163,0.3528442904630733,0.34028648613484147,0.5390506796664843,0.33752612732991794,0.0,0.31226528288633126,0.30950336383571364,0.4590002192904521,0.2996355602435269,0.3153397708161003,0.3606653674032818,0.3191888302179401,0.5587117031953033,0.3166310812083415,0.3196020968828813,0.5541470479153613,0.5490056421388805,0.34402805298895245,0.3164306555819587,0.3187679278495591,0.490681527678991,0.35752895286573083
0.3294520628121105,0.4169117491242986,0.2570957357418491,0.3269302688046445,1.0,0.43130886519555145,0.3490046462710591,0.32277061314660593,0.35709406921681885,0.3288662366637376,0.500013518065413,0.2961981133116218,0.49405531750654785,0.30419038554634514,0.3252421753643726,0.38737781377446534,0.4676672378939104,0.42397355894411815,0.3887487023200804,0.3529210164709574,0.431851503997699,0.39760306345842666,0.4369812272200232,0.4802775582079849,0.4631488951971765,0.45811924506747315,0.4428178389272299,0.28621791517641937,0.3393759351674872,0.3520735849100669,0.3100498202457004,0.4970295242960978,0.0,0.44379293873121184,0.42033532005903906,0.28913699735091936,0.35623187988246474,0.4585517261844677,0.23773823802881244,0.45375023702596307,0.31954246845655077,0.41912093979069476,0.45296677974191146,0.29293613538428376,0.2984677600643795,0.3076764507402908,0.43457302316792357,0.43491550061481765,0.29928139233457385,0.3266399657066149
0.3628488381731094,0.5496706564136837,0.27219112284803715,0.32439970738197477,0.43130886519555145,1.0,0.38984866485773284,0.33251382773882054,0.34103008020271197,0.32386216215856856,0.4647402177154175,0.3199213089742253,0.4465458609914562,0.31634177818512155,0.3085628340791129,0.4115564745541459,0.4569413622157231,0.45010808139398295,0.4223044526432611,0.39147501128672757,0.42962339036792085,0.46570445631305557,0.4567907467843615,0.5171248358771625,0.5507152188971867,0.49228655630561957,0.43589812473575107,0.31469607740737615,0.3507005649257561,0.3444102081383438,0.30064676181216543,0.45122271016919135,0.0,0.45285929836936645,0.5474076912297945,0.3241960516886353,0.3746576242512528,0.4415411250391664,0.2552666015672842,0.444896223478113,0.30264823569966115,0.49336489820903673,0.4447022026614561,0.3210042910001839,0.3271563857625289,0.3346904989184354,0.4988730141303439,0.5021765277287633,0.311673262951332,0.35369525151615966
0.3549395198915921,0.39720203928423037,0.2713532542362559,0.3093940823703841,0.3490046462710591,0.38984866485773284,1.0,0.31391424450812266,0.3470174454569529,0.3106549411235442,0.40620841123531926,0.305606599906201,0.39601735751006284,0.3093042453479502,0.29521997179851345,0.742188379958638,0.3392715557362229,0.4385491792561492,0.4023606102857088,0.8691978767743266,0.43198070264482136,0.4010148179252019,0.4380434843479154,0.3389215853049985,0.3601290898918287,0.3629268975284625,0.40116144594332426,0.3045057442111092,0.3357896972501644,0.3498649421716643,0.2894916156741467,0.37580204337708356,0.0,0.4027665142245588,0.39603708582658914,0.32979158351642346,0.776985679121122,0.38012649051999603,0.24031914704292612,0.4032494866183717,0.2873120970691404,0.3917199824271911,0.39956369720393403,0.3100305028958479,0.30898171589704315,0.317209145366945,0.38330110219623337,0.38486674788042774,0.3037524433199481,0.33902874219164303
0.3477397543998737,0.33961191617611153,0.2685553993216586,0.5441649764314559,0.32277061314660593,0.33251382773882054,0.31391424450812266,1.0,0.3400991588434561,0.5458281203026338,0.3296589473768182,0.5216411879773083,0.3452595716880449,0.5276875509514645,0.5179416396102032,0.32082194752732873,0.2909515413893131,0.3292860112877871,0.3075656126262567,0.31492660930940986,0.31530873540274784,0.3049018785872797,0.3337093526687547,0.30155855298621936,0.3107726588103715,0.3106664753717714,0.32686415333331365,0.7059162809190158,0.36334903133086094,0.34103176493375575,0.5110460680663947,0.3274655591825698,0.0,0.32261523440090256,0.3168410935206698,0.45652862942084127,0.301723488489709,0.33889644678504305,0.3644609784817441,0.3298379681863719,0.5111354690710527,0.32528522104292856,0.33077386354138194,0.7042701334408271,0.6872218608679392,0.34112655392513913,0.3194495151177633,0.32136022642342266,0.4905526512453061,0.3600899614573262
0.4295895600121328,0.35502645922957865,0.29824056795856035,0.34805695084537003,0.35709406921681885,0.34103008020271197,0.3470174454569529,0.3400991588434561,1.0,0.3572955433538755,0.3623645520655311,0.3210644376147208,0.37964392289600923,0.33484726518930086,0.33895057582391386,0.36103823701800264,0.31199638524786333,0.35562959190151633,0.31711330995944786,0.35217489322505646,0.3431068158415076,0.32843632201880957,0.36264337689961423,0.32382387810160607,0.33207087052564954,0.33816014238987124,0.36081872927418457,0.3196181869725985,0.3727917232989477,0.461508650243718,0.33018272283485983,0.3492594021344785,0.0,0.3490723285237908,0.33625805066244974,0.33174793041143846,0.3386970960741452,0.3449861350799255,0.24844983227734552,0.3614437359659124,0.3317790022661077,0.35245138479050153,0.36179847688016276,0.32429646306330007,0.3209476500381563,0.35151129944688053,0.34902271592719913,0.3505468832254016,0.32343340145202215,0.38394354410496523
0.3499761380643521,0.34426897803295486,0.26758105892073825,0.5705375106190538,0.3288662366637376,0.32386216215856856,0.3106549411235442,0.5458281203026338,0.3572955433538755,1.0,0.33770723650398327,0.5180244583238323,0.3507697549997807,0.5491114614867832,0.5365460341950635,0.32138172045013436,0.28484663389184195,0.32571952459964404,0.29419342901068846,0.31313216160684154,0.31299720248100793,0.30229981393734107,0.3236939145084702,0.2983127628540555,0.3150519373221512,0.31845165941482123,0.32859142483232817,0.5360885983428769,0.36046428883894943,0.34802546978204507,0.5565960924238949,0.3247206045782508,0.0,0.3147319923384355,0.31262682613137693,0.47115650639527185,0.3000839368648247,0.3256733278933983,0.3670944305733267,0.33142688357903516,0.5583383672359602,0.32004490330371704,0.3253596723288781,0.538799544726821,0.5398881654952041,0.3401533045573635,0.32210435198149845,0.32225354793497407,0.5086846606241626,0.3587785968397158
0.37850130575823826,0.4742879779168161,0.29620960339785296,0.3250288668895627,0.500013518065413,0.4647402177154175,0.40620841123531926,0.3296589473768182,0.3623645520655311,0.33770723650398327,1.0,0.32565381071681065,0.5599969809899839,0.3323746617838991,0.3154952712242607,0.40337217602642816,0.3860411688946781,0.5270739848414143,0.4866415209415528,0.41176228488718813,0.5161840540932835,0.514211321482806,0.5291959929401697,0.4069007325756506,0.4125819961094648,0.43330610915990875,0.5351257229784396,0.32663649592079214,0.3491413876708941,0.3731924251900621,0.311156497959469,0.475706699601245,0.0,0.5070233780099014,0.4577643948113608,0.340248875125591,0.38188153186147633,0.5126912855646839,0.2522546830153326,0.5579054020179828,0.3144551588045721,0.48026761018890474,0.5351546100223565,0.330341343709618,0.3284667204841313,0.33635502825813646,0.4791973250419669,0.47949841990902753,0.3349026280793074,0.36105638610466306
0.3514151795973982,0.3444739066563459,0.26191705652577846,0.5410599871484484,0.2961981133116218,0.3199213089742253,0.305606599906201,0.5216411879773083,0.3210644376147208,0.5180244583238323,0.32565381071681065,1.0,0.32231322750566493,0.5258130406343661,0.6010048857937285,0.30672138071931754,0.275477059263213,0.3157671477633509,0.3010451599200509,0.3045184041554708,0.3103313549600544,0.3087299351426851,0.32182920171048224,0.2839547861627777,0.3026519973699283,0.29926931027375026,0.3163260881189547,0.5231744184075637,0.3633578959115119,0.33364650110531346,0.4822760594260973,0.31422377790310674,0.0,0.3128913436136721,0.3129109941345747,0.44615029961768626,0.28883893075600864,0.3172137544660092,0.3568616598393235,0.321410531754616,0.49400783931786185,0.3094222109039898,0.31892982644178913,0.5297991375594746,0.5314229386357596,0.3389276206927909,0.3186194374294312,0.31956945319567853,0.4752195889010189,0.34928923678707835
0.36755041567577507,0.45831544885594055,0.2886835516628091,0.3395987176043692,0.49405531750654785,0.4465458609914562,0.39601735751006284,0.3452595716880449,0.37964392289600923,0.3507697549997807,0.5599969809899839,0.32231322750566493,1.0,0.3280207024225862,0.33321686470424283,0.41612275341395033,0.39368603385704526,0.5238091437533072,0.5193738944332419,0.40248018707345223,0.5320643480678272,0.5441637012822776,0.5769156996101981,0.4106905365021991,0.417223628301166,0.4372915133464197,0.562229987997422,0.3231777083383728,0.35029617946400926,0.3848914828843888,0.32404926713600846,0.5277057734735706,0.0,0.5505357042754857,0.44532385109024375,0.32398961154654005,0.3904107771781924,0.5260173845053017,0.2481117028451807,0.5707008151985086,0.3299237008703141,0.46558445260536385,0.5516174525869936,0.3239181194068016,0.32257374146550566,0.32702491413243306,0.46233132766701446,0.46211543020080925,0.3251594685362377,0.35746550740241456
0.33640112473049866,0.3323896770528729,0.2642132019170911,0.5817357512545461,0.30419038554634514,0.31634177818512155,0.3093042453479502,0.5276875509514645,0.33484726518930086,0.5491114614867832,0.3323746617838991,0.5258130406343661,0.3280207024225862,1.0,0.5738655600817082,0.30662590427417,0.2762443245544951,0.32380574735402734,0.2953884429424598,0.31277242808497807,0.3061100319753698,0.29921580595258856,0.3266749789891581,0.277080078665337,0.2953296443249577,0.29582713490927504,0.32339343997746495,0.5499862925372405,0.3595709094673728,0.33091307263819036,0.5325114013453298,0.3137855196399828,0.0,0.3105873712163112,0.3071352923790497,0.45979987604404726,0.2920005551043896,0.3194695879913869,0.35306106925744984,0.32089167476635183,0.5435659085036247,0.31712663501027116,0.32034845032320347,0.5473571539968473,0.5412156558596857,0.3457429118276608,0.3167486401108439,0.3193801820435792,0.49462545761115473,0.35959118404057666
0.3224770941289359,0.3166897819230764,0.2528477081475229,0.5965628560809352,0.3252421753643726,0.3085628340791129,0.29521997179851345,0.5179416396102032,0.33895057582391386,0.5365460341950635,0.3154952712242607,0.6010048857937285,0.33321686470424283,0.5738655600817082,1.0,0.30912608944547304,0.2859038552394907,0.307751508680532,0.2839487927977722,0.2986306909811751,0.2969873234299367,0.28482413534422013,0.3153922859211611,0.28730659303931394,0.29764814714181764,0.30125318378487054,0.31043434290246885,0.511837157540241,0.3411773777924081,0.3294283284551899,0.5317270998378637,0.3242207903899339,0.0,0.30154062719015473,0.2982570685755175,0.44074936688268007,0.2908075623477496,0.3058869048565067,0.3494096954313748,0.3094246493504287,0.5430352536811869,0.3050810721573506,0.3103089212628384,0.5124707765552836,0.5088305349301384,0.33430038257373673,0.31265632834105495,0.31516938789357807,0.47344680224186186,0.35607757885771696
0.35314872990093227,0.39397732110911665,0.27004310125969344,0.3194181772434491,0.38737781377446534,0.4115564745541459,0.742188379958638,0.32082194752732873,0.36103823701800264,0.32138172045013436,0.40337217602642816,0.30672138071931754,0.41612275341395033,0.30662590427417,0.30912608944547304,1.0,0.3509036966801954,0.4169510482571748,0.39931627747110876,0.7502292114381452,0.40706264289744165,0.4192229213177271,0.424921797224598,0.3670843396797401,0.38811967535299075,0.39551245593893314,0.39188358895337805,0.3008017824879945,0.3305884157686567,0.3620078921459221,0.2966226866606142,0.39405895863540963,0.0,0.3937110690429855,0.39188969231813087,0.3254643632943336,0.7401752246055069,0.37742395558614916,0.23877938015098943,0.3964113526089691,0.299603086695749,0.38721996674214254,0.3940118420784986,0.3046071192809695,0.3076130746072362,0.3141565330471704,0.38356312124231573,0.3838172104902602,0.30255173240980426,0.3366200363114291
0.31619683513758423,0.44824713283862205,0.2419956002182243,0.2899644774802419,0.4676672378939104,0.4569413622157231,0.3392715557362229,0.2909515413893131,0.31199638524786333,0.28484663389184195,0.3860411688946781,0.275477059263213,0.39368603385704526,0.2762443245544951,0.2859038552394907,0.3509036966801954,1.0,0.3802266379922301,0.3543210032915548,0.3383609837007604,0.3725982985665375,0.3663017338535902,0.39594561976476883,0.5726648490117876,0.5252114899467575,0.52225417584082,0.38101422032168997,0.27112983413743796,0.33881202896138674,0.3108486528775528,0.27046518881324033,0.4700528974682763,0.0,0.4194114973299832,0.4655618278758431,0.2835921173094982,0.336235119537018,0.37669002014017683,0.22300753755817504,0.3867397494664011,0.2713260300110488,0.42646944997086655,0.3860253775089363,0.2800423016023945,0.28977035576245147,0.2914867432993534,0.4475107034249788,0.4463717140969289,0.27235090673605766,0.3118964283060318
0.36891947061359365,0.4599125817983949,0.28960734498855323,0.3229036101693351,0.42397355894411815,0.45010808139398295,0.4385491792561492,0.3292860112877871,0.35562959190151633,0.32571952459964404,0.5270739848414143,0.3157671477633509,0.5238091437533072,0.32380574735402734,0.307751508680532,0.4169510482571748,0.3802266379922301,1.0,0.5261155579451899,0.44090926871986635,0.5453680073737226,0.5160105532958497,0.5648492996952907,0.38351411444998207,0.3978511813314345,0.40921871361968853,0.5378071920878158,0.322007005232958,0.35373922007414227,0.36548324770314056,0.30547155886183264,0.4679360514348214,0.0,0.5172406326604555,0.44899955414779236,0.34615676652315297,0.41387282653070023,0.4922652575201806,0.2516646974138599,0.5321257037933302,0.30326629917759107,0.46543827781617264,0.5239390372951589,0.32330575436214615,0.32411087097423374,0.32899481948940135,0.46053698299268675,0.46229403207309694,0.3163364747988868,0.3576998559663821
0.34162980006150445,0.42045537440674785,0.2629775956516448,0.2968104281709243,0.3887487023200804,0.4223044526432611,0.4023606102857088,0.3075656126262567,0.31711330995944786,0.29419342901068846,0.4866415209415528,0.3010451599200509,0.5193738944332419,0.2953884429424598,0.2839487927977722,0.39931627747110876,0.3543210032915548,0.5261155579451899,1.0,0.4008115279576805,0.5023541406759713,0.5316696675486595,0.5198987012388803,0.3571040104101917,0.37527252539462375,0.38028761902113817,0.48447548786611283,0.2921585914332825,0.32571250788771977,0.33097352741659936,0.2771517433851395,0.4681512539674212,0.0,0.475541861686534,0.4168368277085758,0.3175821384145654,0.3889694749927819,0.45054971219451767,0.23584559700851748,0.49160230726145004,0.27869587320709055,0.4235268690237496,0.47953112155951383,0.3002375847630391,0.3015523804494712,0.30390692595443847,0.4198419391936009,0.42278493470368095,0.28838538407201275,0.3307427034232753
0.3565661404914594,0.4018907435802066,0.2741607126303187,0.31111198387226935,0.3529210164709574,0.39147501128672757,0.8691978767743266,0.31492660930940986,0.35217489322505646,0.31313216160684154,0.41176228488718813,0.3045184041554708,0.40248018707345223,0.31277242808497807,0.2986306909811751,0.7502292114381452,0.3383609837007604,0.44090926871986635,0.4008115279576805,1.0,0.4333578504719955,0.40227473982771367,0.4372875743588276,0.338022053018031,0.36002031517626065,0.3643449208317435,0.40727330952420926,0.307480377382805,0.33932039837367534,0.3543663578705276,0.29319101687853755,0.3771058727670382,0.0,0.40483304381344887,0.39649384210665095,0.3311161796280311,0.7686436795056258,0.38539320357126927,0.24208637737093408,0.40831471819557863,0.2911095434472156,0.39576138810514216,0.4053486369260456,0.31063211867305396,0.30925290510576997,0.3215559005269356,0.38815898123338377,0.3896093878902901,0.30820273371278306,0.3443007787651391
0.35382878772298887,0.4450496079954168,0.2822752257366218,0.3080414297757583,0.431851503997699,0.42962339036792085,0.43198070264482136,0.31530873540274784,0.3431068158415076,0.31299720248100793,0.5161840540932835,0.3103313549600544,0.5320643480678272,0.3061100319753698,0.2969873234299367,0.40706264289744165,0.3725982985665375,0.5453680073737226,0.5023541406759713,0.4333578504719955,1.0,0.5205067135014482,0.574286612078424,0.3754583386933076,0.3893889594357616,0.4093221842010125,0.5351613654650507,0.3090084276386734,0.3370462093056351,0.3608645085587142,0.2946359038051466,0.47632095155406884,0.0,0.5305366082303677,0.43934719302555225,0.327940404169612,0.40478089396316896,0.5027200209680611,0.23842670871986227,0.5416405158650777,0.29665841877760146,0.43936249960408924,0.525756869912962,0.31466880207022274,0.31337740722207175,0.3256021209004185,0.45607429644616926,0.4563460260131659,0.309161553218148,0.3488273453733488
0.3548288088310644,0.42491688842094977,0.26829978732482784,0.3002824194443361,0.39760306345842666,0.46570445631305557,0.4010148179252019,0.3049018785872797,0.32843632201880957,0.30229981393734107,0.514211321482806,0.3087299351426851,0.5441637012822776,0.29921580595258856,0.28482413534422013,0.4192229213177271,0.3663017338535902,0.5160105532958497,0.5316696675486595,0.40227473982771367,0.5205067135014482,1.0,0.6776271101412972,0.3845949104516414,0.40725669486130023,0.41127925735955084,0.5103621974720609,0.2959347147142498,0.3227521500881486,0.3343407539821932,0.27926178805339874,0.48373778545777935,0.0,0.6023508302666332,0.421514043072726,0.31787113195914163,0.37907207836686607,0.48436929786486016,0.23778221722169612,0.5240472093330553,0.27965535332587177,0.42566582020402177,0.5088362400936565,0.30529579035252263,0.3039739302927853,0.31380250484767214,0.4274872236492996,0.42889334036870586,0.298698247948773,0.3350190254466515
0.37520369374858054,0.46653600946745666,0.293199006492351,0.32991462387845527,0.4369812272200232,0.4567907467843615,0.4380434843479154,0.3337093526687547,0.36264337689961423,0.3236939145084702,0.5291959929401697,0.32182920171048224,0.5769156996101981,0.3266749789891581,0.3153922859211611,0.424921797224598,0.39594561976476883,0.5648492996952907,0.5198987012388803,0.4372875743588276,0.574286612078424,0.6776271101412972,1.0,0.38894447480490135,0.412454624918282,0.4131727246099859,0.566464284305633,0.32684564398089566,0.3548914682076584,0.3636650505612734,0.30859883035688995,0.5113828523887733,0.0,0.6463639304634419,0.4501231294034498,0.33882196971987,0.4159909093106513,0.522595966467494,0.2495549445320463,0.561422008835434,0.3071308346112641,0.4602451116488455,0.5488652761697059,0.3304103502214304,0.3301954340358523,0.33270705301349146,0.45619677102350065,0.45874402898850875,0.32104534212730107,0.35766466091222604
0.32062438228847445,0.49003886962739673,0.24334137636866116,0.29458181280747064,0.4802775582079849,0.5171248358771625,0.3389215853049985,0.30155855298621936,0.32382387810160607,0.2983127628540555,0.4069007325756506,0.2839547861627777,0.4106905365021991,0.277080078665337,0.28730659303931394,0.3670843396797401,0.5726648490117876,0.38351411444998207,0.3571040104101917,0.338022053018031,0.3754583386933076,0.3845949104516414,0.38894447480490135,1.0,0.5624712481210042,0.5218983356314901,0.38546864434312644,0.2713076985909195,0.33087310028973915,0.3184745968178093,0.2774444633392975,0.43900562821632116,0.0,0.40526844926726135,0.5191230554839257,0.28160492625209144,0.33425163057339013,0.3821958637984163,0.21584541592773376,0.38641124262136617,0.2800329217012947,0.4376243345715738,0.3793644585083892,0.27616349682937114,0.28546007347990965,0.28954669004322453,0.43890649675130655,0.43437710384343586,0.2765236715944528,0.30821259053867
0.3381889004608979,0.5388063623199889,0.25806160935116007,0.31312645294314556,0.4631488951971765,0.5507152188971867,0.3601290898918287,0.3107726588103715,0.33207087052564954,0.3150519373221512,0.4125819961094648,0.3026519973699283,0.417223628301166,0.2953296443249577,0.29764814714181764,0.38811967535299075,0.5252114899467575,0.3978511813314345,0.37527252539462375,0.36002031517626065,0.3893889594357616,0.40725669486130023,0.412454624918282,0.5624712481210042,1.0,0.5396076419358768,0.3984334982767195,0.2817842399642473,0.3271003666103066,0.32640440648672897,0.2896876424276894,0.4840889491334661,0.0,0.4120900791598566,0.542565066368818,0.2914994359314693,0.3591139946660259,0.40505800420445126,0.22571426751855705,0.4049011918462032,0.29316987863737254,0.4479839573746405,0.4064697175027576,0.3037325157146027,0.30799942557854765,0.31340531919874337,0.46297814621541733,0.46078979049070834,0.3000463356270404,0.3178227165075954
0.33617015043743126,0.4825396335032025,0.2601525431959465,0.3126323875048844,0.45811924506747315,0.49228655630561957,0.3629268975284625,0.3106664753717714,0.33816014238987124,0.31845165941482123,0.43330610915990875,0.29926931027375026,0.4372915133464197,0.29582713490927504,0.30125318378487054,0.39551245593893314,0.52225417584082,0.40921871361968853,0.38028761902113817,0.3643449208317435,0.4093221842010125,0.41127925735955084,0.4131727246099859,0.5218983356314901,0.5396076419358768,1.0,0.41147101428762844,0.2853585321386908,0.3260898288174965,0.33995288822763015,0.29397327325422595,0.4424373806838521,0.0,0.42577612855367364,0.49932692606595397,0.29744042532149195,0.36263808197379677,0.40585119397667346,0.23238524498727708,0.4186500634693352,0.29612521721272245,0.45972421187569035,0.40821897673857854,0.3037205739497404,0.30194921934010743,0.3054337953318337,0.47503690798714016,0.47098262351778597,0.30348817948510276,0.3223713728675347
0.3670971493169004,0.4662020677233545,0.2921201221155769,0.3218037805802457,0.4428178389272299,0.43589812473575107,0.40116144594332426,0.32686415333331365,0.36081872927418457,0.32859142483232817,0.5351257229784396,0.3163260881189547,0.562229987997422,0.32339343997746495,0.31043434290246885,0.39188358895337805,0.38101422032168997,0.5378071920878158,0.48447548786611283,0.40727330952420926,0.5351613654650507,0.5103621974720609,0.566464284305633,0.38546864434312644,0.3984334982767195,0.41147101428762844,1.0,0.3193193465942733,0.35268066064373516,0.3664242356620603,0.30866756062733236,0.4963274652515124,0.0,0.5263031844330064,0.4441266425407602,0.32950270043755125,0.37863970753857634,0.5960195903840655,0.2371531826248776,0.5742643848708113,0.30948124527417786,0.46017194404185013,0.6295097888887707,0.3280023910417462,0.3204173147556706,0.33699304309725264,0.4596912148780128,0.4607994602135581,0.3273417254667135,0.3556723511684128
0.338811304008781,0.33621983972000524,0.26834082038605755,0.5519073134763163,0.28621791517641937,0.31469607740737615,0.3045057442111092,0.7059162809190158,0.3196181869725985,0.5360885983428769,0.32663649592079214,0.5231744184075637,0.3231777083383728,0.5499862925372405,0.511837157540241,0.3008017824879945,0.27112983413743796,0.322007005232958,0.2921585914332825,0.307480377382805,0.3090084276386734,0.2959347147142498,0.32684564398089566,0.2713076985909195,0.2817842399642473,0.2853585321386908,0.3193193465942733,1.0,0.36162549589846305,0.32555331431185186,0.5042640646010861,0.3095952479985533,0.0,0.31276347648330616,0.3074318922191368,0.4550645312592113,0.287604781765165,0.328423943303489,0.3546861040941508,0.31963304055684083,0.5106161251036558,0.3172913638648519,0.31800821936212864,0.7905940199042438,0.7606044014022029,0.3353447340227329,0.31498035950992576,0.3160907151964607,0.4977016097491589,0.3483095097437544
0.3876222226510577,0.3642706978953272,0.30270935673976085,0.3528442904630733,0.3393759351674872,0.3507005649257561,0.3357896972501644,0.36334903133086094,0.3727917232989477,0.36046428883894943,0.3491413876708941,0.3633578959115119,0.35029617946400926,0.3595709094673728,0.3411773777924081,0.3305884157686567,0.33881202896138674,0.35373922007414227,0.32571250788771977,0.33932039837367534,0.3370462093056351,0.3227521500881486,0.3548914682076584,0.33087310028973915,0.3271003666103066,0.3260898288174965,0.35268066064373516,0.36162549589846305,1.0,0.37213373361682844,0.338801805861107,0.3440191032366905,0.0,0.3519694669602347,0.3408780434026042,0.3555317281043313,0.31709794604673214,0.3489180850051937,0.26514471412018303,0.35258507347504775,0.3336496594372397,0.34481919585263554,0.34929791890881123,0.35818355162674764,0.3588809476203312,0.4254358103242557,0.3451488940853662,0.3457093271683086,0.35135045664275344,0.6132653916891606
0.434642085988595,0.3661187371910347,0.31142134368657715,0.34028648613484147,0.3520735849100669,0.3444102081383438,0.3498649421716643,0.34103176493375575,0.461508650243718,0.34802546978204507,0.3731924251900621,0.33364650110531346,0.3848914828843888,0.33091307263819036,0.3294283284551899,0.3620078921459221,0.3108486528775528,0.36548324770314056,0.33097352741659936,0.3543663578705276,0.3608645085587142,0.3343407539821932,0.3636650505612734,0.3184745968178093,0.32640440648672897,0.33995288822763015,0.3664242356620603,0.32555331431185186,0.37213373361682844,1.0,0.3269729764629353,0.34543706880341385,0.0,0.3494697485161107,0.34521389993020046,0.3294213889740174,0.33738352220754564,0.35304177268931414,0.23888750171525364,0.3782225310519206,0.32998311862402474,0.3562197508611673,0.36800224088103517,0.3285194091438842,0.32404200702663377,0.36915214313683997,0.36654377416822514,0.36696078145869726,0.32608084902470313,0.38622342730624626
0.31689309383430764,0.31624864380665496,0.2516468328311965,0.5390506796664843,0.3100498202457004,0.30064676181216543,0.2894916156741467,0.5110460680663947,0.33018272283485983,0.5565960924238949,0.311156497959469,0.4822760594260973,0.32404926713600846,0.5325114013453298,0.5317270998378637,0.2966226866606142,0.27046518881324033,0.30547155886183264,0.2771517433851395,0.29319101687853755,0.2946359038051466,0.27926178805339874,0.30859883035688995,0.2774444633392975,0.2896876424276894,0.29397327325422595,0.30866756062733236,0.5042640646010861,0.338801805861107,0.3269729764629353,1.0,0.3095181115132968,0.0,0.297432801888333,0.2885767402612974,0.4379139688614716,0.28043924279353116,0.30533623431753887,0.3326451074635144,0.30981342549787605,0.6554287964960253,0.30299232431818957,0.3059177180699467,0.505536467618892,0.4996358030220326,0.3287904624664457,0.30420972381435596,0.3048693018125963,0.46863454882892064,0.33803857756561506
0.3530675074227474,0.4380554056274497,0.27115413835823765,0.33752612732991794,0.4970295242960978,0.45122271016919135,0.37580204337708356,0.3274655591825698,0.3492594021344785,0.3247206045782508,0.475706699601245,0.31422377790310674,0.5277057734735706,0.3137855196399828,0.3242207903899339,0.39405895863540963,0.4700528974682763,0.4679360514348214,0.4681512539674212,0.3771058727670382,0.47632095155406884,0.48373778545777935,0.5113828523887733,0.43900562821632116,0.4840889491334661,0.4424373806838521,0.4963274652515124,0.3095952479985533,0.3440191032366905,0.34543706880341385,0.3095181115132968,1.0,0.0,0.49642809635061114,0.4284533606655998,0.30663733622332934,0.3759365879786519,0.4931559028389204,0.23864933471934768,0.5083451596074424,0.3097245621048542,0.43617953615455307,0.5060533628062038,0.3105559267493103,0.3187377414033318,0.31846859935422,0.4489895659263372,0.44993804439831675,0.2997718480932078,0.3353248501307915
0.0,0.0,0.0,0.0,0.0,0.0,0.0,0.0,0.0,0.0,0.0,0.0,0.0,0.0,0.0,0.0,0.0,0.0,0.0,0.0,0.0,0.0,0.0,0.0,0.0,0.0,0.0,0.0,0.0,0.0,0.0,0.0,1.0,0.0,0.0,0.0,0.0,0.0,0.0,0.0,0.0,0.0,0.0,0.0,0.0,0.0,0.0,0.0,0.0,0.0
0.3680890852706846,0.44889327747420726,0.2854111859882855,0.31226528288633126,0.44379293873121184,0.45285929836936645,0.4027665142245588,0.32261523440090256,0.3490723285237908,0.3147319923384355,0.5070233780099014,0.3128913436136721,0.5505357042754857,0.3105873712163112,0.30154062719015473,0.3937110690429855,0.4194114973299832,0.5172406326604555,0.475541861686534,0.40483304381344887,0.5305366082303677,0.6023508302666332,0.6463639304634419,0.40526844926726135,0.4120900791598566,0.42577612855367364,0.5263031844330064,0.31276347648330616,0.3519694669602347,0.3494697485161107,0.297432801888333,0.49642809635061114,0.0,1.0,0.4526184205603021,0.34554891067481364,0.380203740101814,0.5022133706313114,0.2730950063169384,0.532054722224039,0.2950314413251127,0.45181205753005405,0.5328226896587994,0.31671655725653847,0.3205634471732878,0.3213053889270051,0.4496256608821393,0.45098036003592645,0.31244770889755713,0.3496361503857708
0.3532585393213368,0.5689763176411506,0.27052240257850857,0.30950336383571364,0.42033532005903906,0.5474076912297945,0.39603708582658914,0.3168410935206698,0.33625805066244974,0.31262682613137693,0.4577643948113608,0.3129109941345747,0.44532385109024375,0.3071352923790497,0.2982570685755175,0.39188969231813087,0.4655618278758431,0.44899955414779236,0.4168368277085758,0.39649384210665095,0.43934719302555225,0.421514043072726,0.4501231294034498,0.5191230554839257,0.542565066368818,0.49932692606595397,0.4441266425407602,0.3074318922191368,0.3408780434026042,0.34521389993020046,0.2885767402612974,0.4284533606655998,0.0,0.4526184205603021,1.0,0.31750544377839807,0.373468276062239,0.43110761604858805,0.24792015411737833,0.45063267197869683,0.2887550933676566,0.49236601141260805,0.45232461258485623,0.312004437350726,0.31612291448803476,0.3188639779610868,0.4978356002937968,0.49570010491896943,0.31088931382925333,0.33537714701930676
0.33645192929087175,0.3261063112736564,0.2695300450897977,0.4590002192904521,0.28913699735091936,0.3241960516886353,0.32979158351642346,0.45652862942084127,0.33174793041143846,0.47115650639527185,0.340248875125591,0.44615029961768626,0.32398961154654005,0.45979987604404726,0.44074936688268007,0.3254643632943336,0.2835921173094982,0.34615676652315297,0.3175821384145654,0.3311161796280311,0.327940404169612,0.31787113195914163,0.33882196971987,0.28160492625209144,0.2914994359314693,0.29744042532149195,0.32950270043755125,0.4550645312592113,0.3555317281043313,0.3294213889740174,0.4379139688614716,0.30663733622332934,0.0,0.34554891067481364,0.31750544377839807,1.0,0.3135275073445837,0.31329926580569467,0.37117702536659125,0.32860914335791447,0.43926945144091956,0.31876537104980707,0.3253817216517235,0.4617876384435806,0.46264732112506746,0.3335563395935446,0.31576781074002314,0.31701989569047695,0.4545237038656337,0.35415626850343407
0.33530859579996597,0.3755486296809448,0.2565731853838973,0.2996355602435269,0.35623187988246474,0.3746576242512528,0.776985679121122,0.301723488489709,0.3386970960741452,0.3000839368648247,0.38188153186147633,0.28883893075600864,0.3904107771781924,0.2920005551043896,0.2908075623477496,0.7401752246055069,0.336235119537018,0.41387282653070023,0.3889694749927819,0.7686436795056258,0.40478089396316896,0.37907207836686607,0.4159909093106513,0.33425163057339013,0.3591139946660259,0.36263808197379677,0.37863970753857634,0.287604781765165,0.31709794604673214,0.33738352220754564,0.28043924279353116,0.3759365879786519,0.0,0.380203740101814,0.373468276062239,0.3135275073445837,1.0,0.3594761586157309,0.23162263287146423,0.374449548893077,0.28002901530449975,0.372556691345858,0.38338150426556006,0.293425400758241,0.292807188586112,0.2964222886279143,0.3635530758883002,0.3647109369261361,0.28403901206322224,0.3202722294718354
0.36730206149996203,0.46513316047012876,0.2863445783742111,0.3153397708161003,0.4585517261844677,0.4415411250391664,0.38012649051999603,0.33889644678504305,0.3449861350799255,0.3256733278933983,0.5126912855646839,0.3172137544660092,0.5260173845053017,0.3194695879913869,0.3058869048565067,0.37742395558614916,0.37669002014017683,0.4922652575201806,0.45054971219451767,0.38539320357126927,0.5027200209680611,0.48436929786486016,0.522595966467494,0.3821958637984163,0.40505800420445126,0.40585119397667346,0.5960195903840655,0.328423943303489,0.3489180850051937,0.35304177268931414,0.30533623431753887,0.4931559028389204,0.0,0.5022133706313114,0.43110761604858805,0.31329926580569467,0.3594761586157309,1.0,0.2468671260568288,0.5479709413348705,0.30750185634350946,0.45300192086888746,0.6288056302966688,0.33669881347866193,0.3281011680266853,0.3329129246852639,0.4679091918777887,0.4696041782998991,0.3300972296285354,0.35086484748624613
0.2749351889732278,0.24117004354477078,0.19790046615914358,0.3606653674032818,0.23773823802881244,0.2552666015672842,0.24031914704292612,0.3644609784817441,0.24844983227734552,0.3670944305733267,0.2522546830153326,0.3568616598393235,0.2481117028451807,0.35306106925744984,0.3494096954313748,0.23877938015098943,0.22300753755817504,0.2516646974138599,0.23584559700851748,0.24208637737093408,0.23842670871986227,0.23778221722169612,0.2495549445320463,0.21584541592773376,0.22571426751855705,0.23238524498727708,0.2371531826248776,0.3546861040941508,0.26514471412018303,0.23888750171525364,0.3326451074635144,0.23864933471934768,0.0,0.2730950063169384,0.24792015411737833,0.37117702536659125,0.23162263287146423,0.2468671260568288,1.0,0.24114889378224402,0.3410423846389935,0.2490536667471891,0.2463189733012514,0.3656181012566915,0.37396847166584635,0.24097193913542303,0.2451558777494931,0.24628288467479365,0.352038384265426,0.2744967640119368
0.3668507080497341,0.46649702210971933,0.2949724563781768,0.3191888302179401,0.45375023702596307,0.444896223478113,0.4032494866183717,0.3298379681863719,0.3614437359659124,0.33142688357903516,0.5579054020179828,0.321410531754616,0.5707008151985086,0.32089167476635183,0.3094246493504287,0.3964113526089691,0.3867397494664011,0.5321257037933302,0.49160230726145004,0.40831471819557863,0.5416405158650777,0.5240472093330553,0.561422008835434,0.38641124262136617,0.4049011918462032,0.4186500634693352,0.5742643848708113,0.31963304055684083,0.35258507347504775,0.3782225310519206,0.30981342549787605,0.5083451596074424,0.0,0.532054722224039,0.45063267197869683,0.32860914335791447,0.374449548893077,0.5479709413348705,0.24114889378224402,1.0,0.3078431326131985,0.46133413140899204,0.5755033827428485,0.32336377906913094,0.32247396164185727,0.34132684844853245,0.4864512656083755,0.4877788793947063,0.322568577976163,0.3632544095217195
