../ecoli_genomes/GCF_000163235.1_ASM16323v1_genomic.fna.gz,../ecoli_genomes/GCF_000164555.1_ASM16455v1_genomic.fna.gz,../ecoli_genomes/GCF_000208545.1_ASM20854v2_genomic.fna.gz,../ecoli_genomes/GCF_000233875.1_ASM23387v1_genomic.fna.gz,../ecoli_genomes/GCF_000249735.1_ASM24973v2_genomic.fna.gz,../ecoli_genomes/GCF_000261145.1_Esch_coli_M919_V2_genomic.fna.gz,../ecoli_genomes/GCF_000267705.2_ASM26770v2_genomic.fna.gz,../ecoli_genomes/GCF_000350665.1_Esch_coli_KTE5_V1_genomic.fna.gz,../ecoli_genomes/GCF_000351625.1_Esch_coli_KTE66_V1_genomic.fna.gz,../ecoli_genomes/GCF_000352285.1_Esch_coli_KTE46_V1_genomic.fna.gz,../ecoli_genomes/GCF_000358895.1_ASM35889v1_genomic.fna.gz,../ecoli_genomes/GCF_000456385.1_Esch_coli_HVH_26_4-5703913_V1_genomic.fna.gz,../ecoli_genomes/GCF_000458195.1_Esch_coli_HVH_147_4-5893887_V1_genomic.fna.gz,../ecoli_genomes/GCF_000459755.1_Esch_coli_KOEGE_58_171a_V1_genomic.fna.gz,../ecoli_genomes/GCF_000460055.1_Esch_coli_UMEA_3053-1_V1_genomic.fna.gz,../ecoli_genomes/GCF_000462165.2_ASM46216v2_genomic.fna.gz,../ecoli_genomes/GCF_000601135.1_ASM60113v1_genomic.fna.gz,../ecoli_genomes/GCF_000614595.1_Ec2010EL1058_genomic.fna.gz,../ecoli_genomes/GCF_000617745.1_Ec2010C-4529_genomic.fna.gz,../ecoli_genomes/GCF_000618265.2_EcF6751_genomic.fna.gz,../ecoli_genomes/GCF_000619005.2_Ec2009C-4052_genomic.fna.gz,../ecoli_genomes/GCF_000619105.1_Ec2009C-4780_genomic.fna.gz,../ecoli_genomes/GCF_000619765.2_Ec2009C-3279_genomic.fna.gz,../ecoli_genomes/GCF_000687005.1_ASM68700v1_genomic.fna.gz,../ecoli_genomes/GCF_000687025.1_ASM68702v1_genomic.fna.gz,../ecoli_genomes/GCF_000700125.1_ASM70012v1_genomic.fna.gz,../ecoli_genomes/GCF_000753315.1_FHI35_genomic.fna.gz,../ecoli_genomes/GCF_000776375.1_ASM77637v1_genomic.fna.gz,../ecoli_genomes/GCF_000779395.1_ASM77939v1_genomic.fna.gz,../ecoli_genomes/GCF_000780315.1_ASM78031v1_genomic.fna.gz,../ecoli_genomes/GCF_000781995.1_ASM78199v1_genomic.fna.gz,../ecoli_genomes/GCF_000986765.1_ASM98676v1_genomic.fna.gz,../ecoli_genomes/GCF_001041375.1_ViralProj287958_genomic.fna.gz,../ecoli_genomes/GCF_001265335.1_302014_genomic.fna.gz,../ecoli_genomes/GCF_001265625.1_100854_genomic.fna.gz,../ecoli_genomes/GCF_001267345.1_303289_genomic.fna.gz,../ecoli_genomes/GCF_001309985.1_ASM130998v1_genomic.fna.gz,../ecoli_genomes/GCF_001521695.1_ASM152169v1_genomic.fna.gz,../ecoli_genomes/GCF_001592595.1_ASM159259v1_genomic.fna.gz,../ecoli_genomes/GCF_001614975.1_ASM161497v1_genomic.fna.gz,../ecoli_genomes/GCF_001692775.1_ASM169277v1_genomic.fna.gz,../ecoli_genomes/GCF_001748915.1_ASM174891v1_genomic.fna.gz,../ecoli_genomes/GCF_001749235.1_ASM174923v1_genomic.fna.gz,../ecoli_genomes/GCF_001881155.1_ASM188115v1_genomic.fna.gz,../ecoli_genomes/GCF_001881345.1_ASM188134v1_genomic.fna.gz,../ecoli_genomes/GCF_001892405.1_ASM189240v1_genomic.fna.gz,../ecoli_genomes/GCF_001892585.1_ASM189258v1_genomic.fna.gz,../ecoli_genomes/GCF_001893985.1_ASM189398v1_genomic.fna.gz,../ecoli_genomes/GCF_002001595.1_ASM200159v1_genomic.fna.gz,../ecoli_genomes/GCF_002002145.1_ASM200214v1_genomic.fna.gz
1.0,0.32555813347743057,0.2586228475670226,0.2789635023653937,0.29210901743498685,0.3095468770594455,0.30024701800459197,0.27628890374775583,0.39130237124446543,0.2913156526152374,0.32638916336946056,0.2836064796639358,0.29977710225984255,0.2712140298498531,0.2622433714941268,0.30645053801569877,0.2963915882635917,0.3072540281532352,0.26029170073307306,0.3031927176832001,0.2950788853726929,0.27565286221357255,0.30946163642627433,0.31251404292324814,0.30470838684311075,0.28731188087755855,0.3088357157246049,0.27665302261764446,0.3359207902424639,0.38630129090475207,0.2537976025347105,0.3032400050458194,0.0,0.3034852951089938,0.3087468439335729,0.2660755016223213,0.2892630702726664,0.30987396114710863,0.246486750696004,0.3188691257245937,0.26129300484706397,0.3094067820239478,0.31122430196565043,0.2762710728753429,0.28544872000698895,0.318302820082238,0.3085129869988962,0.31007054511064214,0.27201884184130387,0.34534908783789986
0.32555813347743057,1.0,0.23244129789433876,0.27864323923364265,0.3772829602821014,0.5412028996054746,0.34274767511267334,0.2766717579524768,0.30081236182395277,0.28710674947564674,0.4320659770582006,0.2872304861182958,0.4080554572523729,0.2696519876731708,0.26654890525498953,0.3497922982827357,0.44026976413576224,0.41146389962137153,0.34441032667368876,0.3470692900649244,0.39622943630045804,0.36707480748854504,0.41525350642992787,0.5455079462289372,0.542108785248842,0.40838649762147483,0.41514611324041784,0.2751206597555145,0.30185192046997267,0.3034346846756496,0.25489868419919226,0.39971990583156525,0.0,0.4007055744059843,0.5588909231848576,0.2569518297790907,0.32703276929065883,0.4275407819759429,0.22871855328345148,0.42373241567610453,0.2608876140992953,0.47626166765906985,0.4217527677389217,0.28621814491764064,0.2880089534538556,0.28515379910335814,0.4785966174023585,0.4792598611434754,0.2832425294109405,0.3025714006078384
0.2586228475670226,0.23244129789433876,1.0,0.20878214573468945,0.1971265198940152,0.2157706332964413,0.2146913375264946,0.21060592147386892,0.24630041952520276,0.21357323603236034,0.23073876445083275,0.20684784371231235,0.22007640567632114,0.20676170859722498,0.2039091034262962,0.21930313272797208,0.2017123497113199,0.22360404381842924,0.184023975348372,0.21812387758106322,0.21665706957721542,0.19746186203953453,0.22045055501732136,0.21728784166572424,0.211684824528814,0.18290745501043548,0.2243096405419579,0.210287782654618,0.24766194579188316,0.2544971562938223,0.19395921528193172,0.2135128924765881,0.0,0.2180497246585349,0.21607748599481225,0.2060563083809125,0.2070710968551951,0.22065777568527534,0.18291350744286938,0.2252703775385172,0.2029188615018498,0.2234209106765861,0.2300154423284998,0.21516067254634907,0.20928406888721285,0.23090934415374165,0.22387539452785044,0.22393677095398434,0.21481614371476687,0.25169334235498864
0.2789635023653937,0.27864323923364265,0.20878214573468945,1.0,0.24265002537417057,0.26403826817635845,0.25052790219172605,0.492872538142866,0.2741821431882354,0.5129267838525056,0.2679794206885556,0.4971139059200764,0.2566663021723643,0.5397930147318291,0.5539834235475267,0.2577012290757714,0.2474513808431944,0.26056006120308606,0.2228169986601637,0.25346513166640894,0.2540485416754509,0.23492422582763084,0.26891886630685335,0.2559128809513428,0.26135586614318895,0.2204138834600925,0.2639308944559928,0.5253860742191073,0.2974258039510902,0.26602445141194075,0.48739682469748546,0.26310972071800465,0.0,0.25442220601569343,0.258579461951847,0.3973286382115141,0.24386920731059036,0.261551594722647,0.38634806719396275,0.2643533647155041,0.5098928293859066,0.25756022315984706,0.2666952356927319,0.521643281448394,0.508835995064774,0.29318733031595423,0.26021778892823155,0.26159631727457866,0.4522562071856243,0.3069359353847354
0.29210901743498685,0.3772829602821014,0.1971265198940152,0.24265002537417057,1.0,0.37454222806983983,0.30381613741894564,0.24363741368004488,0.2700899687945483,0.2487802832928243,0.48922485475051536,0.23954445988579864,0.4278306524057476,0.23945684282859103,0.2449398935036805,0.333997085076834,0.37662870984237706,0.39015721730327324,0.3373827925126227,0.30702912083230094,0.40282927520093537,0.36077240797790555,0.40693082088180177,0.3866052560557356,0.39021212716570763,0.33431851267518153,0.4148072722293623,0.2344015873541867,0.2753131248033287,0.271107808970273,0.2289694266472646,0.41870760027274456,0.0,0.400106506657934,0.37727983748553373,0.2242444901963485,0.3059416561277378,0.4469058648967451,0.22087153506377832,0.42789351354811167,0.2360755999069052,0.3803635387741747,0.4279877809240633,0.23917319597930609,0.24494603139363402,0.2581802062915244,0.39224430685062683,0.39579336671300025,0.2407472500768837,0.2714778099559221
0.3095468770594455,0.5412028996054746,0.2157706332964413,0.26403826817635845,0.37454222806983983,1.0,0.349997864373629,0.2715285318928362,0.2927527720028317,0.2620346609959905,0.40937946618960186,0.26073194595992777,0.38951615606706835,0.2595999634120909,0.2521434250320227,0.3487072020380335,0.4323252147301859,0.3997088849720002,0.3431657614579432,0.3491386906059709,0.3818583404016306,0.40050657262937595,0.4061141488635579,0.5251651928328274,0.5224571752937947,0.38500095799516765,0.39375558036317315,0.2617616856181103,0.3037934385532377,0.28931817400739135,0.24058640094817618,0.3918164497254386,0.0,0.39981847178284424,0.5434385176614109,0.2581732792919861,0.33381726968080205,0.4016477728063864,0.2404844364605624,0.40944966132936444,0.24855936721003125,0.46538932219968454,0.4074366706112359,0.26501815500605963,0.2659612864569657,0.27884894702924445,0.46181034054164805,0.4642968350088007,0.26467764615441913,0.3010602190663998
0.30024701800459197,0.34274767511267334,0.2146913375264946,0.25052790219172605,0.30381613741894564,0.349997864373629,1.0,0.24787040800064697,0.2893249569501479,0.2511094044216141,0.35821468880326746,0.243694934687522,0.33773708113810075,0.24789885317237326,0.24094443519943198,0.7564824666936918,0.31691821671468,0.38094230680304997,0.3202122001011468,0.8590329350590202,0.3738097511508377,0.3313664191627105,0.38536689566212123,0.33885431534826227,0.32946853046865066,0.28600446990049044,0.3498267500599218,0.24582451582380171,0.28534849824151254,0.28718746671658657,0.22712402007506838,0.3338513734025338,0.0,0.3491712246402534,0.35276516154708115,0.25851172580614645,0.7875088699170985,0.33095992041002376,0.23320487453865313,0.3513497517889458,0.23227966113166454,0.3495254510627356,0.3525459713439921,0.24967720424950401,0.24599563332638297,0.2640035809678555,0.34046432980345986,0.3403350185778502,0.24497086378108535,0.29114129454727444
0.27628890374775583,0.2766717579524768,0.21060592147386892,0.492872538142866,0.24363741368004488,0.2715285318928362,0.24787040800064697,1.0,0.2678473745047092,0.49342839693913576,0.26618696701592726,0.4715432304165249,0.26179945863412046,0.4793514318531983,0.4687016861704403,0.2521490646344703,0.24200777185156896,0.2591960065849528,0.2281110128216367,0.24976208391181576,0.25498283548274536,0.24057037439981044,0.26694999931806673,0.2629326643905766,0.2548147092539671,0.22151126208666816,0.26209808818957503,0.6955997362633015,0.3000210247741363,0.2633231122733751,0.4510734620118221,0.2553007901757782,0.0,0.2612060602184232,0.25903371014045506,0.3904637112251087,0.2392378837885626,0.27538069423990885,0.38829843898984673,0.26784243084369874,0.464920738981232,0.2590420828290221,0.26780092101503516,0.6910413474211932,0.6600466421427129,0.28447686718372767,0.26126671683154634,0.26246115798488234,0.4434580612662339,0.29843459529770044
0.39130237124446543,0.30081236182395277,0.24630041952520276,0.2741821431882354,0.2700899687945483,0.2927527720028317,0.2893249569501479,0.2678473745047092,1.0,0.28625884987754324,0.31068955030048384,0.25794095502115877,0.29204242337212394,0.2698409785091449,0.26918772048326445,0.2973769789094747,0.26837043545773365,0.2933909571449631,0.240885240991917,0.29324343836529443,0.282332966981251,0.2603739552174926,0.2948650811983947,0.2931733646315642,0.2831341493230368,0.24718870645155366,0.2966521083376831,0.26657071818836886,0.32810856027600677,0.40058215946755926,0.2634464948666856,0.2825759798132802,0.0,0.2865178243244282,0.2901639305247,0.26839336006020365,0.2788505194219977,0.2879245256927113,0.2380827966443977,0.3045419629026177,0.2657792707260538,0.2939482966865682,0.30018610724035333,0.26749798053570883,0.26297494607494953,0.3088879675178632,0.29380387935419805,0.29469518295428276,0.2645342987161562,0.3388217690223072
0.2913156526152374,0.28710674947564674,0.21357323603236034,0.5129267838525056,0.2487802832928243,0.2620346609959905,0.2511094044216141,0.49342839693913576,0.28625884987754324,1.0,0.27651960395180863,0.4746773681274843,0.2681758715639917,0.5033413092101018,0.49456082749242103,0.26113545039674757,0.24271523684599494,0.2600997293561672,0.22473410084407308,0.25346950108775324,0.25286666701298155,0.23455592198649822,0.25908710762391773,0.26070878770674233,0.25980261365742496,0.22964173313984138,0.2675942514436318,0.5016718383379959,0.3065407304237252,0.27837118422863183,0.5015768610529561,0.2553275078165711,0.0,0.254317503365852,0.2603586511263849,0.4100202427711708,0.24379177392055784,0.26945271914930957,0.4042088846562828,0.2715664022700668,0.5154322302017409,0.2617815892461022,0.26889995848563863,0.5000744353645932,0.4993318405052023,0.28841726293922476,0.26547991082588596,0.26577373167823926,0.46727870027917306,0.3016206014288543
0.32638916336946056,0.4320659770582006,0.23073876445083275,0.2679794206885556,0.48922485475051536,0.40937946618960186,0.35821468880326746,0.26618696701592726,0.31068955030048384,0.27651960395180863,1.0,0.2628926767177546,0.5284764768678158,0.26814539372994983,0.26222432014193975,0.3670254633675284,0.37754741576440254,0.48440952350929434,0.43056768708706583,0.3627709310072109,0.4793770820656629,0.46467546288643613,0.4997230870416638,0.42151999481389124,0.3929260920933012,0.35564043918528887,0.5084568126951481,0.26901960683872816,0.3039901305045374,0.3180774350651856,0.24931696575492013,0.47055259389872217,0.0,0.48235474193946704,0.42625138463412904,0.2636724560173753,0.34706290537060136,0.4878312169289838,0.23789809672516127,0.5241040915787448,0.2558522082415984,0.4475155953199831,0.5115759607185897,0.2695252556759077,0.26652075520152496,0.28653699777177877,0.4388506541815933,0.43909608474339856,0.2707023342492909,0.3095809219349912
0.2836064796639358,0.2872304861182958,0.20684784371231235,0.4971139059200764,0.23954445988579864,0.26073194595992777,0.243694934687522,0.4715432304165249,0.25794095502115877,0.4746773681274843,0.2628926767177546,1.0,0.25459732967788007,0.48950896580953307,0.5900070284545257,0.24790467869612942,0.2408942486729001,0.25378273369896975,0.22383658237899373,0.2450224764505936,0.2537783264494977,0.23377640199424154,0.2609443832750744,0.2580869135306433,0.2549328318151688,0.22051647584472478,0.2575526182970692,0.4851843937558379,0.3098403847763882,0.2644325592328285,0.4256459891193827,0.25580671567034385,0.0,0.25521591566954926,0.25971986261796376,0.37712594307401626,0.23703626682733303,0.2643463823022367,0.3818975258112267,0.26306768709398476,0.4506018337684389,0.25298564617409447,0.2625303316635761,0.4870056617219376,0.48604232898556154,0.2870283580481541,0.2648915754688451,0.26606670208258343,0.42873850747335096,0.2972815402056287
0.29977710225984255,0.4080554572523729,0.22007640567632114,0.2566663021723643,0.4278306524057476,0.38951615606706835,0.33773708113810075,0.26179945863412046,0.29204242337212394,0.2681758715639917,0.5284764768678158,0.25459732967788007,1.0,0.25317987846288625,0.2590680250700921,0.35661167698840424,0.3599862900585933,0.47596651940117474,0.5058253528264622,0.3420168974164437,0.4920912166928403,0.5410642778959749,0.5424069626905399,0.3970524772624602,0.377920821280606,0.34002937368793495,0.5283374460833826,0.25886221300959,0.2890756927612248,0.30213997144126903,0.2401064155311491,0.5134545033135329,0.0,0.5324489029388166,0.4053475757551044,0.2458405569587675,0.33334890186250576,0.4957989791838211,0.219945684683178,0.5372946639098963,0.24698026566733855,0.41582535067075566,0.523304793284513,0.25922769232345344,0.2549232945263886,0.26818026332201583,0.412142570261115,0.4129536044343266,0.25717724878117265,0.29067270787743493
0.2712140298498531,0.2696519876731708,0.20676170859722498,0.5397930147318291,0.23945684282859103,0.2595999634120909,0.24789885317237326,0.4793514318531983,0.2698409785091449,0.5033413092101018,0.26814539372994983,0.48950896580953307,0.25317987846288625,1.0,0.5453270208543135,0.2526191177548588,0.23476071482546168,0.2571431773052344,0.2208569720279766,0.2510640227432107,0.24634886517246024,0.23402302600788027,0.2618257204331814,0.24799991194768345,0.2502567840135299,0.21620824530742233,0.2604745608291794,0.5105662782776527,0.3016485394125248,0.2647305348122303,0.4750139167481793,0.2535162850805135,0.0,0.24889936733344442,0.25653314225950885,0.3937570637042037,0.2382415900143915,0.26170365380978944,0.39421597878467307,0.26294483187341555,0.49605344511400595,0.2548492706876728,0.2628134592170722,0.5081767820548416,0.49611364560993443,0.29056547538437905,0.2578858534667082,0.25884593149381574,0.4490085222218019,0.30332967006758216
0.2622433714941268,0.26654890525498953,0.2039091034262962,0.5539834235475267,0.2449398935036805,0.2521434250320227,0.24094443519943198,0.4687016861704403,0.26918772048326445,0.49456082749242103,0.26222432014193975,0.5900070284545257,0.2590680250700921,0.5453270208543135,1.0,0.25252553847943615,0.2427313853412092,0.25295503647178885,0.2153293120301485,0.24413011411472707,0.24717040045709915,0.23194316330622666,0.2592239065269103,0.24709236068657692,0.2516993987077699,0.21823472001096145,0.25755186558284626,0.49049507673289805,0.2907990314658686,0.2603816758614734,0.4787297281446482,0.2548421026902641,0.0,0.24638403055913316,0.252647844022707,0.38832270194470564,0.23583908986339486,0.2582819173409968,0.3909294217839594,0.2606694998337544,0.49981771194032765,0.2493907564283303,0.2618202891752096,0.4885424244677773,0.477401106504974,0.28815195790496195,0.26366303767931987,0.26472637768093976,0.4403328385589025,0.30481397365781704
0.30645053801569877,0.3497922982827357,0.21930313272797208,0.2577012290757714,0.333997085076834,0.3487072020380335,0.7564824666936918,0.2521490646344703,0.2973769789094747,0.26113545039674757,0.3670254633675284,0.24790467869612942,0.35661167698840424,0.2526191177548588,0.25252553847943615,1.0,0.3283277502002223,0.37462344540373016,0.31224590446755707,0.7746571557120664,0.36369987347441735,0.3304352826535175,0.3733697742001255,0.34721550190018313,0.34566449155105583,0.30499608273720424,0.35072311710993576,0.24932861637839698,0.2899198126522371,0.2959755060497966,0.23637719270343838,0.33915577191803115,0.0,0.34662700696972804,0.3523540091026247,0.2555920077689692,0.7431730259197655,0.3381984056136821,0.22628734281937302,0.35538681740222067,0.2402505585399869,0.35254285265623697,0.3548921998462743,0.2509809811629201,0.2501157620222203,0.26823660343385447,0.3467421386670382,0.34674668737340897,0.250475419150063,0.2944610514775974
0.2963915882635917,0.44026976413576224,0.2017123497113199,0.2474513808431944,0.37662870984237706,0.4323252147301859,0.31691821671468,0.24200777185156896,0.26837043545773365,0.24271523684599494,0.37754741576440254,0.2408942486729001,0.3599862900585933,0.23476071482546168,0.2427313853412092,0.3283277502002223,1.0,0.36120707500810767,0.30891326396823304,0.31818409127997216,0.3541742930595616,0.3355039756705456,0.3764337779568181,0.48828285682026895,0.4902608676941075,0.5111447241718453,0.36351791114320564,0.2364900902844792,0.2749152269762436,0.2684879480536083,0.223850531879896,0.4183114038329958,0.0,0.3751855308023452,0.4381021237976289,0.2378774195439275,0.31247161770600407,0.35976664886484544,0.22345129733948577,0.3740921771926836,0.2264479380663288,0.4147891517792519,0.37628547354782815,0.24545142832892086,0.250624495987559,0.25676906160549406,0.4346166464043,0.43637589768059537,0.23861646809422699,0.27646657382678774
0.3072540281532352,0.41146389962137153,0.22360404381842924,0.26056006120308606,0.39015721730327324,0.3997088849720002,0.38094230680304997,0.2591960065849528,0.2933909571449631,0.2600997293561672,0.48440952350929434,0.25378273369896975,0.47596651940117474,0.2571431773052344,0.25295503647178885,0.37462344540373016,0.36120707500810767,1.0,0.4454067217858788,0.38233174275566817,0.5095712186465695,0.4625771187604959,0.5236754284211704,0.4025467872236943,0.38034195108140256,0.3353689276698717,0.4990383029474288,0.25889846016653517,0.29372486196407954,0.3023672184481694,0.235175540018139,0.4450069031661984,0.0,0.47212005501118814,0.415045748273665,0.26557297053683826,0.36865902518217375,0.46017503932763537,0.2305541580419942,0.4946352579063742,0.24091783502036856,0.4225716166932423,0.4916712738634742,0.2602022056601815,0.2568414891565194,0.2733092557364123,0.4149183282590809,0.415448599866134,0.25494372401032794,0.2982152710165925
0.26029170073307306,0.34441032667368876,0.184023975348372,0.2228169986601637,0.3373827925126227,0.3431657614579432,0.3202122001011468,0.2281110128216367,0.240885240991917,0.22473410084407308,0.43056768708706583,0.22383658237899373,0.5058253528264622,0.2208569720279766,0.2153293120301485,0.31224590446755707,0.30891326396823304,0.4454067217858788,1.0,0.31768763827017243,0.43657093487914567,0.4985120994812693,0.44339860266108555,0.3319837134027397,0.32244888136685357,0.28073945903297104,0.4192919440658379,0.22461893378762388,0.24818641371515748,0.2542668905900636,0.2052747345471322,0.456285361147006,0.0,0.43571868385090917,0.34912995975381855,0.22327351086742486,0.30661717292696145,0.39616738069197766,0.19618109516744708,0.42431687060936296,0.21053387097463128,0.3509880512709992,0.4186889710147671,0.22851734233078003,0.2275328591279835,0.23144257682135116,0.3455085969875751,0.34688182295647996,0.2151668689217423,0.2505378374360654
0.3031927176832001,0.3470692900649244,0.21812387758106322,0.25346513166640894,0.30702912083230094,0.3491386906059709,0.8590329350590202,0.24976208391181576,0.29324343836529443,0.25346950108775324,0.3627709310072109,0.2450224764505936,0.3420168974164437,0.2510640227432107,0.24413011411472707,0.7746571557120664,0.31818409127997216,0.38233174275566817,0.31768763827017243,1.0,0.37846134501797946,0.33033337465275725,0.38360093624768665,0.3401543750420205,0.33206295671566344,0.28901954211204994,0.354315985534259,0.24842330939680468,0.2894459503224466,0.28941072620705144,0.2284843533583294,0.3372734611201601,0.0,0.3481134511181202,0.35059041165496474,0.25704191484936667,0.7938148839848576,0.33621251628459137,0.2274376147451953,0.3565718600649731,0.23544840979560322,0.3511879263988741,0.356112783803999,0.2507449400228968,0.2460497378119788,0.2687230612420204,0.34320069880513515,0.34307446289358345,0.2480665439369263,0.29575471508118856
0.2950788853726929,0.39622943630045804,0.21665706957721542,0.2540485416754509,0.40282927520093537,0.3818583404016306,0.3738097511508377,0.25498283548274536,0.282332966981251,0.25286666701298155,0.4793770820656629,0.2537783264494977,0.4920912166928403,0.24634886517246024,0.24717040045709915,0.36369987347441735,0.3541742930595616,0.5095712186465695,0.43657093487914567,0.37846134501797946,1.0,0.466103171862016,0.5366540514574815,0.38720748595603627,0.36980591059743106,0.33156338844090516,0.5086878524808205,0.25416359093778285,0.28171665092936216,0.2963801063395157,0.22992059822953548,0.46965222634474657,0.0,0.49430049337233617,0.4052403135505691,0.25956932117583487,0.36037098042646276,0.4733951393016166,0.22550054631732674,0.5083341752493261,0.24209773556554903,0.39768512937264877,0.4967931368182008,0.25717025972733976,0.2562974612292893,0.2723196784761863,0.40966500546297435,0.40972863954517846,0.2504126529175851,0.2879077376491468
0.27565286221357255,0.36707480748854504,0.19746186203953453,0.23492422582763084,0.36077240797790555,0.40050657262937595,0.3313664191627105,0.24057037439981044,0.2603739552174926,0.23455592198649822,0.46467546288643613,0.23377640199424154,0.5410642778959749,0.23402302600788027,0.23194316330622666,0.3304352826535175,0.3355039756705456,0.4625771187604959,0.4985120994812693,0.33033337465275725,0.466103171862016,1.0,0.6398354066308709,0.3560394659754297,0.3424770649419856,0.3017583804531173,0.47507071032459014,0.2434994707065895,0.25800311445719804,0.2689887555279167,0.21538068825002488,0.4719568455535532,0.0,0.5855414383416022,0.3681000217734115,0.2328496698016045,0.3190718962859941,0.4450169164758371,0.21037193523011632,0.47779329615032384,0.21901595749232183,0.3730139143474708,0.47491241570557363,0.2435108093540519,0.23892115678594106,0.2457554837492203,0.3710474904660076,0.37160396161790354,0.23230215169369306,0.2632746253355822
0.30946163642627433,0.41525350642992787,0.22045055501732136,0.26891886630685335,0.40693082088180177,0.4061141488635579,0.38536689566212123,0.26694999931806673,0.2948650811983947,0.25908710762391773,0.4997230870416638,0.2609443832750744,0.5424069626905399,0.2618257204331814,0.2592239065269103,0.3733697742001255,0.3764337779568181,0.5236754284211704,0.44339860266108555,0.38360093624768665,0.5366540514574815,0.6398354066308709,1.0,0.4018184508099082,0.3924926355511098,0.3377164295285219,0.5410607358552163,0.265666316747341,0.29068911595408065,0.29839318946487914,0.24084416300686684,0.488531298864742,0.0,0.6390040564918322,0.4133443361767156,0.26608347983651826,0.3682828500898445,0.49678446429741496,0.23775651464156466,0.5303796883069549,0.24608897114075257,0.4162161113485404,0.5272318475479711,0.2696776368632916,0.2653508564778777,0.2780644998210283,0.4167596737217478,0.41711838878134766,0.2612013360186779,0.2959217052906816
0.31251404292324814,0.5455079462289372,0.21728784166572424,0.2559128809513428,0.3866052560557356,0.5251651928328274,0.33885431534826227,0.2629326643905766,0.2931733646315642,0.26070878770674233,0.42151999481389124,0.2580869135306433,0.3970524772624602,0.24799991194768345,0.24709236068657692,0.34721550190018313,0.48828285682026895,0.4025467872236943,0.3319837134027397,0.3401543750420205,0.38720748595603627,0.3560394659754297,0.4018184508099082,1.0,0.5511308529495182,0.40359940785306214,0.4037444508894308,0.25040912607507027,0.29752843944455265,0.2932167546197849,0.23793370041721928,0.3986520961095965,0.0,0.39436560209611493,0.5589053653893981,0.24901996141533067,0.3292641212918541,0.390521849936877,0.23162120655638152,0.4071734982587255,0.24409441727153247,0.46371364456497854,0.40514479288170546,0.25627583500802376,0.25986141093587356,0.2663304328016699,0.46081708678057065,0.4614023611901057,0.2558926362951284,0.2882214719031789
0.30470838684311075,0.542108785248842,0.211684824528814,0.26135586614318895,0.39021212716570763,0.5224571752937947,0.32946853046865066,0.2548147092539671,0.2831341493230368,0.25980261365742496,0.3929260920933012,0.2549328318151688,0.377920821280606,0.2502567840135299,0.2516993987077699,0.34566449155105583,0.4902608676941075,0.38034195108140256,0.32244888136685357,0.33206295671566344,0.36980591059743106,0.3424770649419856,0.3924926355511098,0.5511308529495182,1.0,0.4511806934313365,0.37912924311225304,0.24664450044359076,0.2790751288523713,0.27897377130052403,0.23673805078215404,0.417677440850983,0.0,0.3760757286930393,0.545684486106787,0.24073790607161138,0.3230557094117146,0.38222172906023366,0.22705930029262023,0.3851613099507888,0.24284125880423402,0.4436581799306235,0.3931548821520272,0.2653199514369071,0.26163981583042517,0.2681361386135698,0.4519556482540835,0.45249603569898955,0.2598407774940461,0.27705959503065514
0.28731188087755855,0.40838649762147483,0.18290745501043548,0.2204138834600925,0.33431851267518153,0.38500095799516765,0.28600446990049044,0.22151126208666816,0.24718870645155366,0.22964173313984138,0.35564043918528887,0.22051647584472478,0.34002937368793495,0.21620824530742233,0.21823472001096145,0.30499608273720424,0.5111447241718453,0.3353689276698717,0.28073945903297104,0.28901954211204994,0.33156338844090516,0.3017583804531173,0.3377164295285219,0.40359940785306214,0.4511806934313365,1.0,0.3360751353701835,0.21758600063633737,0.24609112531407618,0.25163293672552156,0.20806765619577705,0.36896999022756816,0.0,0.3279428286821321,0.4091839723841527,0.21495198550379246,0.2872298547927169,0.33453421010663886,0.1969175167963897,0.3496953402021563,0.21244438419059275,0.38818277978168636,0.3390917806183755,0.22831380022253212,0.22868315087988345,0.2288898297587869,0.3942491909834597,0.39482626553586475,0.22740346032730774,0.2520942116519127
0.3088357157246049,0.41514611324041784,0.2243096405419579,0.2639308944559928,0.4148072722293623,0.39375558036317315,0.3498267500599218,0.26209808818957503,0.2966521083376831,0.2675942514436318,0.5084568126951481,0.2575526182970692,0.5283374460833826,0.2604745608291794,0.25755186558284626,0.35072311710993576,0.36351791114320564,0.4990383029474288,0.4192919440658379,0.354315985534259,0.5086878524808205,0.47507071032459014,0.5410607358552163,0.4037444508894308,0.37912924311225304,0.3360751353701835,1.0,0.2606054288762234,0.2968579625432949,0.30503066854910676,0.24025859037882402,0.4865667366865911,0.0,0.5063257902002245,0.41230334538851754,0.2564155694655924,0.33641172619610404,0.5775443437721786,0.22640900548631093,0.5498726538399477,0.25015628532987944,0.4205777704213468,0.6143895088384681,0.2654662298227176,0.258262305765804,0.28007030583068937,0.4186212837702131,0.41915443649562867,0.26198135381012033,0.2998801565204159
0.27665302261764446,0.2751206597555145,0.210287782654618,0.5253860742191073,0.2344015873541867,0.2617616856181103,0.24582451582380171,0.6955997362633015,0.26657071818836886,0.5016718383379959,0.26901960683872816,0.4851843937558379,0.25886221300959,0.5105662782776527,0.49049507673289805,0.24932861637839698,0.2364900902844792,0.25889846016653517,0.22461893378762388,0.24842330939680468,0.25416359093778285,0.2434994707065895,0.265666316747341,0.25040912607507027,0.24664450044359076,0.21758600063633737,0.2606054288762234,1.0,0.30300135388583116,0.2662068077068075,0.46037603034888874,0.25346046551036894,0.0,0.255127935776713,0.25531979114824843,0.39248863612134854,0.2392235839052741,0.26911547149569615,0.38839942869051713,0.26335350307493355,0.4811096915154738,0.2574096430356818,0.2621192950703023,0.8052726610291192,0.7570650718519564,0.28583890731570105,0.26140322797129867,0.26208527312954866,0.4580346016848901,0.2998333351721839
0.3359207902424639,0.30185192046997267,0.24766194579188316,0.2974258039510902,0.2753131248033287,0.3037934385532377,0.28534849824151254,0.3000210247741363,0.32810856027600677,0.3065407304237252,0.3039901305045374,0.3098403847763882,0.2890756927612248,0.3016485394125248,0.2907990314658686,0.2899198126522371,0.2749152269762436,0.29372486196407954,0.24818641371515748,0.2894459503224466,0.28171665092936216,0.25800311445719804,0.29068911595408065,0.29752843944455265,0.2790751288523713,0.24609112531407618,0.2968579625432949,0.30300135388583116,1.0,0.3204687547336512,0.2799899640682797,0.29113154043645184,0.0,0.28568221221251144,0.2882719624631682,0.289988046612655,0.27425058145587633,0.29699684543878024,0.2627604479103657,0.3010342361753978,0.2840109496916584,0.29091853774229415,0.29661641156221774,0.3007542169709053,0.30079499830443335,0.394310131562271,0.29291981553638646,0.29219478785001074,0.29464040132202207,0.6158734943425179
0.38630129090475207,0.3034346846756496,0.2544971562938223,0.26602445141194075,0.271107808970273,0.28931817400739135,0.28718746671658657,0.2633231122733751,0.40058215946755926,0.27837118422863183,0.3180774350651856,0.2644325592328285,0.30213997144126903,0.2647305348122303,0.2603816758614734,0.2959755060497966,0.2684879480536083,0.3023672184481694,0.2542668905900636,0.28941072620705144,0.2963801063395157,0.2689887555279167,0.29839318946487914,0.2932167546197849,0.27897377130052403,0.25163293672552156,0.30503066854910676,0.2662068077068075,0.3204687547336512,1.0,0.25386628851581394,0.2872409067570695,0.0,0.289916570171049,0.2933834819492138,0.2657429500837002,0.2790439811327988,0.29346836109055296,0.2322916251547732,0.3161154928504547,0.25878247445560265,0.2996286393914156,0.3091876924827561,0.26781615558330385,0.262798318515007,0.3171372875458768,0.3015522842132752,0.30232351372652355,0.26930886941193133,0.3327403569590742
0.2537976025347105,0.25489868419919226,0.19395921528193172,0.48739682469748546,0.2289694266472646,0.24058640094817618,0.22712402007506838,0.4510734620118221,0.2634464948666856,0.5015768610529561,0.24931696575492013,0.4256459891193827,0.2401064155311491,0.4750139167481793,0.4787297281446482,0.23637719270343838,0.223850531879896,0.235175540018139,0.2052747345471322,0.2284843533583294,0.22992059822953548,0.21538068825002488,0.24084416300686684,0.23793370041721928,0.23673805078215404,0.20806765619577705,0.24025859037882402,0.46037603034888874,0.2799899640682797,0.25386628851581394,1.0,0.24224395751232808,0.0,0.2313477689665724,0.23448532193544736,0.37438920896092476,0.22450862018120477,0.24155314112749804,0.36401546649732874,0.24391846273833773,0.6287269461305127,0.2398244634923905,0.24308333339449428,0.45635478906128346,0.4502792166935211,0.2736048301298468,0.24404601630113576,0.24468521421313016,0.41886062898643195,0.2797200736483808
0.3032400050458194,0.39971990583156525,0.2135128924765881,0.26310972071800465,0.41870760027274456,0.3918164497254386,0.3338513734025338,0.2553007901757782,0.2825759798132802,0.2553275078165711,0.47055259389872217,0.25580671567034385,0.5134545033135329,0.2535162850805135,0.2548421026902641,0.33915577191803115,0.4183114038329958,0.4450069031661984,0.456285361147006,0.3372734611201601,0.46965222634474657,0.4719568455535532,0.488531298864742,0.3986520961095965,0.417677440850983,0.36896999022756816,0.4865667366865911,0.25346046551036894,0.29113154043645184,0.2872409067570695,0.24224395751232808,1.0,0.0,0.4777840947433377,0.39158797212098806,0.24075875187521667,0.33164421736034044,0.4790452333316799,0.2273109295427097,0.500560506302685,0.2397925992433747,0.3996042427708788,0.4953300690023543,0.25546077865091654,0.25902804062830986,0.2695760630614641,0.4081796070048642,0.4097544566123478,0.24860679244667327,0.2842608089467662
0.0,0.0,0.0,0.0,0.0,0.0,0.0,0.0,0.0,0.0,0.0,0.0,0.0,0.0,0.0,0.0,0.0,0.0,0.0,0.0,0.0,0.0,0.0,0.0,0.0,0.0,0.0,0.0,0.0,0.0,0.0,0.0,1.0,0.0,0.0,0.0,0.0,0.0,0.0,0.0,0.0,0.0,0.0,0.0,0.0,0.0,0.0,0.0,0.0,0.0
0.3034852951089938,0.4007055744059843,0.2180497246585349,0.25442220601569343,0.400106506657934,0.39981847178284424,0.3491712246402534,0.2612060602184232,0.2865178243244282,0.254317503365852,0.48235474193946704,0.25521591566954926,0.5324489029388166,0.24889936733344442,0.24638403055913316,0.34662700696972804,0.3751855308023452,0.47212005501118814,0.43571868385090917,0.3481134511181202,0.49430049337233617,0.5855414383416022,0.6390040564918322,0.39436560209611493,0.3760757286930393,0.3279428286821321,0.5063257902002245,0.255127935776713,0.28568221221251144,0.289916570171049,0.2313477689665724,0.4777840947433377,0.0,1.0,0.402237887133851,0.26617381331330503,0.3319256197910381,0.479665210464854,0.24650707509735625,0.5069357830803167,0.23475038234417378,0.40227963005383893,0.5119016038117548,0.2595397570604059,0.2604108633625324,0.26827446009188427,0.4048417009752078,0.40563308842010715,0.2516408129235561,0.2871304064181651
0.3087468439335729,0.5588909231848576,0.21607748599481225,0.258579461951847,0.37727983748553373,0.5434385176614109,0.35276516154708115,0.25903371014045506,0.2901639305247,0.2603586511263849,0.42625138463412904,0.25971986261796376,0.4053475757551044,0.25653314225950885,0.252647844022707,0.3523540091026247,0.4381021237976289,0.415045748273665,0.34912995975381855,0.35059041165496474,0.4052403135505691,0.3681000217734115,0.4133443361767156,0.5589053653893981,0.545684486106787,0.4091839723841527,0.41230334538851754,0.25531979114824843,0.2882719624631682,0.2933834819492138,0.23448532193544736,0.39158797212098806,0.0,0.402237887133851,1.0,0.25379462525281105,0.33538164630874023,0.40167152573738185,0.22991393155720774,0.4191053082418901,0.24140018819530318,0.4812866299186809,0.4204340811424303,0.25744559359260066,0.25692424234136757,0.2699893710817354,0.4699974857434467,0.4711891057573655,0.2564622676037652,0.28996818650743916
0.2660755016223213,0.2569518297790907,0.2060563083809125,0.3973286382115141,0.2242444901963485,0.2581732792919861,0.25851172580614645,0.3904637112251087,0.26839336006020365,0.4100202427711708,0.2636724560173753,0.37712594307401626,0.2458405569587675,0.3937570637042037,0.38832270194470564,0.2555920077689692,0.2378774195439275,0.26557297053683826,0.22327351086742486,0.25704191484936667,0.25956932117583487,0.2328496698016045,0.26608347983651826,0.24901996141533067,0.24073790607161138,0.21495198550379246,0.2564155694655924,0.39248863612134854,0.289988046612655,0.2657429500837002,0.37438920896092476,0.24075875187521667,0.0,0.26617381331330503,0.25379462525281105,1.0,0.24671844816386945,0.2538344951420386,0.37079961612080403,0.26548218428679005,0.38435426140463735,0.2533000132364257,0.25953219547775386,0.3959106163549644,0.3940779298674827,0.27689328307446026,0.2567771310766559,0.2567758335947059,0.39178467970194575,0.29399338564987754
0.2892630702726664,0.32703276929065883,0.2070710968551951,0.24386920731059036,0.3059416561277378,0.33381726968080205,0.7875088699170985,0.2392378837885626,0.2788505194219977,0.24379177392055784,0.34706290537060136,0.23703626682733303,0.33334890186250576,0.2382415900143915,0.23583908986339486,0.7431730259197655,0.31247161770600407,0.36865902518217375,0.30661717292696145,0.7938148839848576,0.36037098042646276,0.3190718962859941,0.3682828500898445,0.3292641212918541,0.3230557094117146,0.2872298547927169,0.33641172619610404,0.2392235839052741,0.27425058145587633,0.2790439811327988,0.22450862018120477,0.33164421736034044,0.0,0.3319256197910381,0.33538164630874023,0.24671844816386945,1.0,0.3197087816681491,0.22212875572482338,0.33643680806722476,0.2246463858758011,0.3385720107847191,0.341553673540265,0.23930382136123152,0.2374470432657142,0.2527728116058455,0.32811932453417336,0.3275993255496059,0.23437981275001718,0.280740116838869
0.30987396114710863,0.4275407819759429,0.22065777568527534,0.261551594722647,0.4469058648967451,0.4016477728063864,0.33095992041002376,0.27538069423990885,0.2879245256927113,0.26945271914930957,0.4878312169289838,0.2643463823022367,0.4957989791838211,0.26170365380978944,0.2582819173409968,0.3381984056136821,0.35976664886484544,0.46017503932763537,0.39616738069197766,0.33621251628459137,0.4733951393016166,0.4450169164758371,0.49678446429741496,0.390521849936877,0.38222172906023366,0.33453421010663886,0.5775443437721786,0.26911547149569615,0.29699684543878024,0.29346836109055296,0.24155314112749804,0.4790452333316799,0.0,0.479665210464854,0.40167152573738185,0.2538344951420386,0.3197087816681491,1.0,0.23625862614549686,0.5167106887534778,0.25306503599378516,0.41434940498950157,0.6152383201520505,0.2733491882513859,0.26809121478844844,0.27894081241372803,0.4238862917985349,0.42466679224391324,0.2666882941904922,0.2972272984949569
0.246486750696004,0.22871855328345148,0.18291350744286938,0.38634806719396275,0.22087153506377832,0.2404844364605624,0.23320487453865313,0.38829843898984673,0.2380827966443977,0.4042088846562828,0.23789809672516127,0.3818975258112267,0.219945684683178,0.39421597878467307,0.3909294217839594,0.22628734281937302,0.22345129733948577,0.2305541580419942,0.19618109516744708,0.2274376147451953,0.22550054631732674,0.21037193523011632,0.23775651464156466,0.23162120655638152,0.22705930029262023,0.1969175167963897,0.22640900548631093,0.38839942869051713,0.2627604479103657,0.2322916251547732,0.36401546649732874,0.2273109295427097,0.0,0.24650707509735625,0.22991393155720774,0.37079961612080403,0.22212875572482338,0.23625862614549686,1.0,0.23632906046986035,0.3747044854304632,0.22414006216351712,0.23327411961141786,0.3906555680477565,0.39602320047030515,0.24785240660586016,0.2312017027125539,0.23108198873974595,0.37734736386545253,0.26117850005701826
0.3188691257245937,0.42373241567610453,0.2252703775385172,0.2643533647155041,0.42789351354811167,0.40944966132936444,0.3513497517889458,0.26784243084369874,0.3045419629026177,0.2715664022700668,0.5241040915787448,0.26306768709398476,0.5372946639098963,0.26294483187341555,0.2606694998337544,0.35538681740222067,0.3740921771926836,0.4946352579063742,0.42431687060936296,0.3565718600649731,0.5083341752493261,0.47779329615032384,0.5303796883069549,0.4071734982587255,0.3851613099507888,0.3496953402021563,0.5498726538399477,0.26335350307493355,0.3010342361753978,0.3161154928504547,0.24391846273833773,0.500560506302685,0.0,0.5069357830803167,0.4191053082418901,0.26548218428679005,0.33643680806722476,0.5167106887534778,0.23632906046986035,1.0,0.25159745955510326,0.4293953907422162,0.5496099688257707,0.266062522315374,0.2639392603313466,0.2897160063162284,0.442806943773567,0.4434964165999967,0.2636323990572199,0.311515805877593
