../ecoli_genomes/GCF_000163235.1_ASM16323v1_genomic.fna.gz,../ecoli_genomes/GCF_000164555.1_ASM16455v1_genomic.fna.gz,../ecoli_genomes/GCF_000208545.1_ASM20854v2_genomic.fna.gz,../ecoli_genomes/GCF_000233875.1_ASM23387v1_genomic.fna.gz,../ecoli_genomes/GCF_000249735.1_ASM24973v2_genomic.fna.gz,../ecoli_genomes/GCF_000261145.1_Esch_coli_M919_V2_genomic.fna.gz,../ecoli_genomes/GCF_000267705.2_ASM26770v2_genomic.fna.gz,../ecoli_genomes/GCF_000350665.1_Esch_coli_KTE5_V1_genomic.fna.gz,../ecoli_genomes/GCF_000351625.1_Esch_coli_KTE66_V1_genomic.fna.gz,../ecoli_genomes/GCF_000352285.1_Esch_coli_KTE46_V1_genomic.fna.gz,../ecoli_genomes/GCF_000358895.1_ASM35889v1_genomic.fna.gz,../ecoli_genomes/GCF_000456385.1_Esch_coli_HVH_26_4-5703913_V1_genomic.fna.gz,../ecoli_genomes/GCF_000458195.1_Esch_coli_HVH_147_4-5893887_V1_genomic.fna.gz,../ecoli_genomes/GCF_000459755.1_Esch_coli_KOEGE_58_171a_V1_genomic.fna.gz,../ecoli_genomes/GCF_000460055.1_Esch_coli_UMEA_3053-1_V1_genomic.fna.gz,../ecoli_genomes/GCF_000462165.2_ASM46216v2_genomic.fna.gz,../ecoli_genomes/GCF_000601135.1_ASM60113v1_genomic.fna.gz,../ecoli_genomes/GCF_000614595.1_Ec2010EL1058_genomic.fna.gz,../ecoli_genomes/GCF_000617745.1_Ec2010C-4529_genomic.fna.gz,../ecoli_genomes/GCF_000618265.2_EcF6751_genomic.fna.gz,../ecoli_genomes/GCF_000619005.2_Ec2009C-4052_genomic.fna.gz,../ecoli_genomes/GCF_000619105.1_Ec2009C-4780_genomic.fna.gz,../ecoli_genomes/GCF_000619765.2_Ec2009C-3279_genomic.fna.gz,../ecoli_genomes/GCF_000687005.1_ASM68700v1_genomic.fna.gz,../ecoli_genomes/GCF_000687025.1_ASM68702v1_genomic.fna.gz,../ecoli_genomes/GCF_000700125.1_ASM70012v1_genomic.fna.gz,../ecoli_genomes/GCF_000753315.1_FHI35_genomic.fna.gz,../ecoli_genomes/GCF_000776375.1_ASM77637v1_genomic.fna.gz,../ecoli_genomes/GCF_000779395.1_ASM77939v1_genomic.fna.gz,../ecoli_genomes/GCF_000780315.1_ASM78031v1_genomic.fna.gz,../ecoli_genomes/GCF_000781995.1_ASM78199v1_genomic.fna.gz,../ecoli_genomes/GCF_000986765.1_ASM98676v1_genomic.fna.gz,../ecoli_genomes/GCF_001041375.1_ViralProj287958_genomic.fna.gz,../ecoli_genomes/GCF_001265335.1_302014_genomic.fna.gz,../ecoli_genomes/GCF_001265625.1_100854_genomic.fna.gz,../ecoli_genomes/GCF_001267345.1_303289_genomic.fna.gz,../ecoli_genomes/GCF_001309985.1_ASM130998v1_genomic.fna.gz,../ecoli_genomes/GCF_001521695.1_ASM152169v1_genomic.fna.gz,../ecoli_genomes/GCF_001592595.1_ASM159259v1_genomic.fna.gz,../ecoli_genomes/GCF_001614975.1_ASM161497v1_genomic.fna.gz,../ecoli_genomes/GCF_001692775.1_ASM169277v1_genomic.fna.gz,../ecoli_genomes/GCF_001748915.1_ASM174891v1_genomic.fna.gz,../ecoli_genomes/GCF_001749235.1_ASM174923v1_genomic.fna.gz,../ecoli_genomes/GCF_001881155.1_ASM188115v1_genomic.fna.gz,../ecoli_genomes/GCF_001881345.1_ASM188134v1_genomic.fna.gz,../ecoli_genomes/GCF_001892405.1_ASM189240v1_genomic.fna.gz,../ecoli_genomes/GCF_001892585.1_ASM189258v1_genomic.fna.gz,../ecoli_genomes/GCF_001893985.1_ASM189398v1_genomic.fna.gz,../ecoli_genomes/GCF_002001595.1_ASM200159v1_genomic.fna.gz,../ecoli_genomes/GCF_002002145.1_ASM200214v1_genomic.fna.gz
1.0,0.7818415505429164,0.7594657743158841,0.7687170840003669,0.7506618159802485,0.7507884400473863,0.7756883545384519,0.7674076446326508,0.7923887156165484,0.7681392711075208,0.7736499049045776,0.76733354346467,0.7680937981517152,0.760607983356083,0.754095212971651,0.7757736159109263,0.757333937090156,0.7709454210477575,0.769040479910778,0.7763664632511383,0.7697502819723266,0.7230970376194394,0.7787510011167466,0.7578790631701852,0.7438485360718916,0.7589746637176118,0.768714445354813,0.7636906075838819,0.7784574630982227,0.7971959445935655,0.7533483937313415,0.7641106577307816,0.08826208951024572,0.773248002115837,0.7668626730053091,0.7666966508823572,0.7628159898494076,0.7729337597228257,0.6630705401315058,0.774662103608184,0.7546176262592755,0.7729201564307902,0.7758464589437777,0.7709437468102864,0.7747449469491585,0.7642652537269393,0.775516488884369,0.7760528584060027,0.7616875226311036,0.7898842093380694
0.7818415505429164,1.0,0.7604485426868897,0.7711406471726117,0.7778190906881023,0.7928770505469106,0.7797504160234114,0.7667306255019023,0.7625597731017829,0.7722573879838829,0.8026047443139033,0.7630584550544268,0.800593354550604,0.7613828135494216,0.7616285584145925,0.7813496007677343,0.7866762274511249,0.7971607551720482,0.7898667757653972,0.7821128603391991,0.7935623414857179,0.7424191643173774,0.8056898115377983,0.8094243910508416,0.8013087119424948,0.802977313811115,0.8022696137031271,0.762811041207683,0.7691541168111334,0.7789392269560327,0.7585326771001775,0.7905824197112247,0.08889550926140921,0.8032978787066772,0.8232696897732023,0.7672377125338619,0.7698679347648412,0.7963779781284183,0.647323004462532,0.8046002782195719,0.7586970129134483,0.8127571107494743,0.804878168137653,0.7737186811443374,0.7702480259104588,0.7615441637102067,0.8241050244703576,0.8230258523465132,0.7753205897834491,0.7739106989347411
0.7594657743158841,0.7604485426868897,1.0,0.7374257809048341,0.7294036612092475,0.7244270620690941,0.7486084879426851,0.739540420895068,0.7560756082776422,0.742205822741727,0.7494241269921174,0.7351449026870157,0.7469328892893934,0.7336794200883742,0.7310612803700993,0.7500527702839875,0.7252288676173346,0.7481841756894481,0.7420407297159266,0.7515147866453912,0.7466073383907379,0.7123347560622697,0.7536491876664636,0.7249775000653995,0.7242695588220419,0.724389162882814,0.7490477176295939,0.7360321537582764,0.7525673104140678,0.7571081350197209,0.7246346040948,0.7407693549484313,0.09045127511180506,0.7492106585907841,0.7346104101687612,0.7451704194898916,0.7400152940086937,0.7452590541341035,0.6359648221969467,0.7504344143486263,0.7309729832395443,0.749937032827027,0.7503620880758747,0.7418241177692577,0.7383317263917593,0.744846908592925,0.753342944032228,0.752822809567863,0.7487648520085624,0.7547123380324087
0.7687170840003669,0.7711406471726117,0.7374257809048341,1.0,0.7530644691906311,0.7396537685243785,0.7500600246669114,0.8285959853612214,0.7562456440156635,0.8408182003605333,0.7623088463949256,0.8282329983741132,0.7669430839998912,0.8398360714104739,0.8574583290403643,0.7555831630742113,0.7402276348577994,0.7564311855842731,0.7500710012813327,0.7510559450400661,0.7577235036896581,0.7131482712701649,0.7674090551024232,0.7396318642593864,0.7406954377473294,0.7500114144994199,0.7608910601148388,0.8333423542801438,0.765411320590008,0.7623837910084514,0.820893119707752,0.7643154916896027,0.07863966321265248,0.761122361244424,0.749842234518074,0.796721858543758,0.7400075985117676,0.756083389004203,0.6870012826364135,0.7579390345136112,0.8314846766092359,0.7590034637377886,0.7576808864760674,0.8409208795644134,0.835806031699636,0.7664696453618558,0.7610593004898898,0.761170611909458,0.8162481570285485,0.7707881574934389
0.7506618159802485,0.7778190906881023,0.7294036612092475,0.7530644691906311,1.0,0.7668641554914009,0.7483963493985348,0.741340129554228,0.7516780247370884,0.7514267987668808,0.7992553987511204,0.7436091410984255,0.8023287801918496,0.7404741501411738,0.7536385732959545,0.7640787644034555,0.7770886545426059,0.7707823064606043,0.7663487637761832,0.7515567173294236,0.7749219443238667,0.7235890592262713,0.780002518189183,0.782059265146741,0.7718678308381907,0.784577778595156,0.7765552145919418,0.7277347715916016,0.7489071878302938,0.7563134132333633,0.7350219124930348,0.7957578972277257,0.0843153272124959,0.7788804459132278,0.7753304097887188,0.7364042271975733,0.7514544212211388,0.7820649529322619,0.6254703614933337,0.7851332325538805,0.7460225870605404,0.7805048308074524,0.7858605578267727,0.735615611160968,0.7361969960287764,0.7396506287716763,0.7908716014848124,0.7923533600052872,0.7371379010661623,0.7550402993035917
0.7507884400473863,0.7928770505469106,0.7244270620690941,0.7396537685243785,0.7668641554914009,1.0,0.7606250998792011,0.7424757583988215,0.7377627393430826,0.7349548204541583,0.775215699954881,0.7335110041646062,0.7647886177670955,0.7298429388366694,0.7281229920024146,0.7567510171812574,0.7682803114535457,0.7736119387727427,0.7802733882826964,0.7502866961737308,0.7637891020123964,0.7871301787581864,0.7744556913915753,0.7777852850021711,0.7891833979083819,0.7747965343206257,0.7615392514809944,0.7346254640793379,0.7409438911180601,0.737305306677403,0.723290145619992,0.7720843343591789,0.08495499094272763,0.7754071214653119,0.7952543883770768,0.7413364276465176,0.7452881060459593,0.7671017913051004,0.632711582234136,0.7771767431961649,0.7272684873454485,0.7819912350877992,0.7731024427504201,0.7397902714140798,0.7383951451242995,0.7352208557218662,0.787850796450571,0.7892082347343266,0.7315044954695757,0.7501139319251653
0.7756883545384519,0.7797504160234114,0.7486084879426851,0.7500600246669114,0.7483963493985348,0.7606250998792011,1.0,0.7451575184141901,0.7617745439160222,0.7437823279790323,0.7747471492278779,0.7412158020530861,0.7722676743011508,0.742738103972508,0.7388954545443427,0.8924699227953884,0.7551917192857751,0.7992576603504105,0.7902264681534202,0.9407445788271168,0.801356468572271,0.7558249308742652,0.8017456793062043,0.7526086548812347,0.7497438488312389,0.7636733957082398,0.7831942601599726,0.7395640921755284,0.7680039679502968,0.7642616695607728,0.7349866132705647,0.7687926869660322,0.08472318516626187,0.7859612809471109,0.7712398345317968,0.7593609174528798,0.915119143589598,0.7691950667494413,0.641495091000693,0.780820792247477,0.7421744202354674,0.7736714184848767,0.7831981036129158,0.7480862890115915,0.7460373385391165,0.7475846774474239,0.7786159453895657,0.7782573669473367,0.7426585247030026,0.7709109797578053
0.7674076446326508,0.7667306255019023,0.739540420895068,0.8285959853612214,0.741340129554228,0.7424757583988215,0.7451575184141901,1.0,0.7508632475535147,0.8260966858634688,0.7519009514575685,0.8182823648001354,0.7580591726639675,0.8169747920168552,0.8182529283963008,0.7483024098426324,0.7306232217939111,0.748323017927077,0.7478070811345945,0.7463314160039698,0.7461202170113383,0.7130911407030972,0.7596224682245241,0.7407781873236852,0.7310436459271834,0.7403538174736072,0.7512723743806254,0.8779032514112282,0.7660362594144373,0.7572034046527365,0.8082502360411724,0.74921436705581,0.0801933735053324,0.7557220703685841,0.7452015760867927,0.7916987494190575,0.7329931817401316,0.7554016115700344,0.6833644311710247,0.7516074140246012,0.8149459360343039,0.7549710854076755,0.7538229744821905,0.8809949710388761,0.8711182669835382,0.7628471841505573,0.7536774901927461,0.7533268857841158,0.8091139614040718,0.7690727735678966
0.7923887156165484,0.7625597731017829,0.7560756082776422,0.7562456440156635,0.7516780247370884,0.7377627393430826,0.7617745439160222,0.7508632475535147,1.0,0.7621489664488198,0.7632396376457341,0.7458012790598388,0.7713918844882035,0.7455291386230631,0.7539443487650688,0.7721808751066844,0.7482632180976789,0.763414440267318,0.7572689957621148,0.7650959279773246,0.757532159943175,0.7199235196340614,0.7683585955528288,0.7420612946515172,0.7319000460080181,0.7552716255120728,0.7634572219926566,0.7456319417065579,0.7762158604225996,0.8049711833186887,0.742885646819221,0.7561355011504443,0.09035107851432289,0.7646975471766326,0.7531598854590827,0.7573024835324249,0.7523434943269383,0.7573011343842062,0.6439176683234888,0.7716706828278348,0.7458248064539729,0.7623245138957239,0.7700913108404506,0.7503322506519359,0.7452452823761349,0.7686724169811875,0.7708993026121405,0.7701816511878702,0.7497245646879576,0.789659346967168
0.7681392711075208,0.7722573879838829,0.742205822741727,0.8408182003605333,0.7514267987668808,0.7349548204541583,0.7437823279790323,0.8260966858634688,0.7621489664488198,1.0,0.7709935018247809,0.8196546926874493,0.7711860636672737,0.8228169262997053,0.829247879254821,0.7535104756507226,0.7351903340853865,0.7541651084590719,0.7480219280339806,0.7470246744752322,0.7507191716540372,0.7110151097932942,0.7609136388420966,0.742141476945892,0.7360661519370009,0.7504170598199504,0.7602835827688816,0.8253159496917503,0.7672186173238913,0.7687954139583371,0.8244412365715166,0.7537015798813815,0.08660833390070188,0.7561640923967883,0.7498673440067436,0.7962511215486198,0.7360080711211522,0.7591086670403391,0.6795190707769698,0.7607680346434769,0.8300972774504508,0.7553120253602199,0.7582384878662665,0.826422183561113,0.8258261463552525,0.7632112542749998,0.7612220494510916,0.7606708127370647,0.8209407280696167,0.765574637230531
0.7736499049045776,0.8026047443139033,0.7494241269921174,0.7623088463949256,0.7992553987511204,0.775215699954881,0.7747471492278779,0.7519009514575685,0.7632396376457341,0.7709935018247809,1.0,0.7503526756295607,0.8301036730351211,0.7542749040222988,0.752499182460928,0.7787055135223064,0.7631542860493428,0.8105280889638418,0.799951751127135,0.7765116737444469,0.80176603063787,0.7627192095239388,0.8139415453332904,0.7782157537479819,0.7652472970702615,0.7953762835251428,0.8218812207889177,0.7517302761265137,0.761856539912475,0.7739739901224498,0.7471720727363418,0.7943803296953491,0.08876696184178157,0.8028736094020074,0.7910314523313536,0.7620611603832385,0.7657452073965865,0.8143206784412167,0.6402546544323346,0.8357529306600381,0.7473938278391414,0.7997571191886303,0.8247542179733325,0.7540705557541839,0.7509216622372513,0.7616558820461126,0.8103567110807175,0.8091363943340588,0.7590579349558434,0.7727692247899421
0.76733354346467,0.7630584550544268,0.7351449026870157,0.8282329983741132,0.7436091410984255,0.7335110041646062,0.7412158020530861,0.8182823648001354,0.7458012790598388,0.8196546926874493,0.7503526756295607,1.0,0.7499866961504426,0.8099791395821322,0.8377852052992868,0.7435038703767998,0.7291704613981171,0.7400737475129295,0.741001890588117,0.7408298834403451,0.7484961810682488,0.7087088537692768,0.7587426068507132,0.7334659531799179,0.7307453893730143,0.7374489954813845,0.743766420160185,0.8122732308359668,0.7637363477155551,0.7555443543379077,0.7952591517018401,0.7514920511263499,0.08557481240765386,0.7527598493883361,0.7420061503612384,0.7875277167902972,0.7301594640840285,0.7443769886712572,0.6784753503213841,0.7457994938445709,0.8060066268594696,0.7428646378657713,0.7478470039695793,0.8205219603219228,0.8188375429817385,0.7583915299885167,0.750795898374633,0.7512491437238433,0.7971413207145749,0.7610134762567435
0.7680937981517152,0.800593354550604,0.7469328892893934,0.7669430839998912,0.8023287801918496,0.7647886177670955,0.7722676743011508,0.7580591726639675,0.7713918844882035,0.7711860636672737,0.8301036730351211,0.7499866961504426,1.0,0.75138621108549,0.7605596459794712,0.7837780674465823,0.7682750568655415,0.817397787042994,0.8053971259843954,0.7783786457827947,0.8167256918968201,0.7610264677709608,0.8308409184111494,0.7830595314268545,0.758475731387119,0.7873777971874694,0.8320513213768324,0.7495710173579773,0.7688133136856723,0.7797077806616886,0.7471599835779532,0.8047489342626974,0.08608723971558108,0.8185604273627256,0.7910481945400016,0.7590793673576182,0.7702641552002512,0.8133157008616813,0.6372047074949085,0.8419772799404864,0.7524815826734133,0.8009267481305737,0.8303613950189139,0.751173759723526,0.7471130916351383,0.7546678392768613,0.812962949560177,0.8121440550284045,0.7523776476071689,0.7732545914254134
0.760607983356083,0.7613828135494216,0.7336794200883742,0.8398360714104739,0.7404741501411738,0.7298429388366694,0.742738103972508,0.8169747920168552,0.7455291386230631,0.8228169262997053,0.7542749040222988,0.8099791395821322,0.75138621108549,1.0,0.8427949867651687,0.7440652691974814,0.7290173658321922,0.7470379800765143,0.7425546821381186,0.7447396468353649,0.7471511945471929,0.7037706370969701,0.7560634682847049,0.7299862980420782,0.7286647562053208,0.7363681606762139,0.7507806352199297,0.8286170332034374,0.7633199537674049,0.7551229973915853,0.8133770312677311,0.748319616655134,0.08117056227628427,0.7506553969200269,0.7451071264545872,0.787928725581106,0.7309933342207282,0.7513897826199328,0.676810648180832,0.7554317812162852,0.8169618993866283,0.7490719939479709,0.7540505606767558,0.833752945198664,0.8259740038878751,0.7648557642704078,0.7553554611012627,0.7564066426616011,0.8115775158908328,0.771806156122466
0.754095212971651,0.7616285584145925,0.7310612803700993,0.8574583290403643,0.7536385732959545,0.7281229920024146,0.7388954545443427,0.8182529283963008,0.7539443487650688,0.829247879254821,0.752499182460928,0.8377852052992868,0.7605596459794712,0.8427949867651687,1.0,0.7501425894734972,0.7365234607499935,0.7412421951330441,0.7333114949721147,0.7422943547993851,0.7435372618317939,0.7013831335960629,0.7540802494650236,0.734270792984148,0.7333434593390808,0.7434857350889377,0.746490403493989,0.8176842458639517,0.7570737307121744,0.755783032888783,0.8212167373128838,0.7564691011090755,0.08453628776128641,0.7500037450161572,0.7417579060869621,0.7839786128878142,0.7310174921265751,0.7481642063121241,0.6778282605111154,0.7511512544682928,0.8261311996718156,0.7434012890113643,0.7491678434729487,0.8205374971543713,0.8170805942869881,0.764568780898933,0.7561275352779688,0.756097719520891,0.8037950987942873,0.766644759268991
0.7757736159109263,0.7813496007677343,0.7500527702839875,0.7555831630742113,0.7640787644034555,0.7567510171812574,0.8924699227953884,0.7483024098426324,0.7721808751066844,0.7535104756507226,0.7787055135223064,0.7435038703767998,0.7837780674465823,0.7440652691974814,0.7501425894734972,1.0,0.7590167426640586,0.7862051186431277,0.7869994002783952,0.9003357202355341,0.7898357799742468,0.7531053487789716,0.7938378019126107,0.7552593883435081,0.7526658379798428,0.7683219870981488,0.7782588874998223,0.7430223223331116,0.7687159061119255,0.771692689738462,0.7407707981038635,0.7731550352892842,0.08904272659302115,0.7809263159120171,0.7710550182720173,0.7566003697008143,0.8875896893191826,0.770492282739256,0.6385413181521551,0.7827349008885178,0.7483320987061219,0.7745953315028975,0.7828337818369251,0.7453962244925902,0.7448558501585516,0.7521444453601409,0.7810879614048964,0.779247068425112,0.7486756307886675,0.7748793854416322
0.757333937090156,0.7866762274511249,0.7252288676173346,0.7402276348577994,0.7770886545426059,0.7682803114535457,0.7551917192857751,0.7306232217939111,0.7482632180976789,0.7351903340853865,0.7631542860493428,0.7291704613981171,0.7682750568655415,0.7290173658321922,0.7365234607499935,0.7590167426640586,1.0,0.7612023882209676,0.7607458915597488,0.752498220745596,0.7645670263070269,0.7241738984443876,0.7809823731356432,0.8110641868923891,0.796759893497381,0.7935535710751043,0.7671675554107318,0.7259275278037599,0.7470445447195198,0.749604505355663,0.720166624851797,0.7958745476140769,0.08561885147959969,0.778014062377342,0.7866127442280513,0.7337568575164575,0.7494147074728819,0.7616986355737229,0.6263306409301712,0.7735465605228639,0.7266116719824984,0.7819425284001351,0.7691894182572637,0.7329350085554394,0.7363038342339655,0.7304636092296577,0.7879267313014134,0.7899175495948414,0.7272799967689672,0.7489869561557166
0.7709454210477575,0.7971607551720482,0.7481841756894481,0.7564311855842731,0.7707823064606043,0.7736119387727427,0.7992576603504105,0.748323017927077,0.763414440267318,0.7541651084590719,0.8105280889638418,0.7400737475129295,0.817397787042994,0.7470379800765143,0.7412421951330441,0.7862051186431277,0.7612023882209676,1.0,0.8359029609953659,0.7978311720309659,0.8336737265957238,0.7801080166604029,0.8436453046682699,0.7665323546697111,0.75775846496674,0.7799128464562515,0.8289773298854398,0.7420936269472526,0.7666501038184439,0.7738104300548846,0.7394988660307469,0.7894977591022475,0.08783877657287542,0.8163156051783258,0.7890347242543208,0.7666450585886531,0.7843712985150197,0.801158837655228,0.6430263369657184,0.8231191272362798,0.7415623097190709,0.7972317839261114,0.8203327522798743,0.7500801423910708,0.7456505338033603,0.7572858740819024,0.8056316639162007,0.8055353309993345,0.7480287432282738,0.7755192980903963
0.769040479910778,0.7898667757653972,0.7420407297159266,0.7500710012813327,0.7663487637761832,0.7802733882826964,0.7902264681534202,0.7478070811345945,0.7572689957621148,0.7480219280339806,0.799951751127135,0.741001890588117,0.8053971259843954,0.7425546821381186,0.7333114949721147,0.7869994002783952,0.7607458915597488,0.8359029609953659,1.0,0.790016880502668,0.8239158462993763,0.7897445729464085,0.8278249555142101,0.7634084217137143,0.7613240371217789,0.7707782412894847,0.8149075998364341,0.7407761030085723,0.7616568062580529,0.7659003903020913,0.7329915049638267,0.7919530263690711,0.0876903674209133,0.8091952606978009,0.7948834126746379,0.7511038963427277,0.7810142484806573,0.7951779004969217,0.635357096351999,0.8152671094034276,0.7340283092800118,0.7900514581587661,0.8084155648812964,0.7500269466450074,0.7448532138416962,0.7491522160247608,0.7972477884701857,0.7974682366377858,0.7467147816435971,0.7714183236913418
0.7763664632511383,0.7821128603391991,0.7515147866453912,0.7510559450400661,0.7515567173294236,0.7502866961737308,0.9407445788271168,0.7463314160039698,0.7650959279773246,0.7470246744752322,0.7765116737444469,0.7408298834403451,0.7783786457827947,0.7447396468353649,0.7422943547993851,0.9003357202355341,0.752498220745596,0.7978311720309659,0.790016880502668,1.0,0.8028098193744138,0.7452707132447156,0.8013329758970784,0.7524478236927423,0.746955707567022,0.7652238395503541,0.7855107075422485,0.743285422608019,0.7726391401932682,0.7695006486336706,0.7395372054025589,0.7679165606467936,0.08617506191599655,0.7852946405255954,0.7732412612171826,0.7610046674838543,0.9182118383437878,0.7712762168583356,0.6415301438918453,0.7838218706203792,0.7464724417641121,0.7779414652335044,0.7860994754031526,0.7492402228222073,0.746123445972053,0.7523485263744425,0.780161811071674,0.7788589633314911,0.7471613709096221,0.7764603277848589
0.7697502819723266,0.7935623414857179,0.7466073383907379,0.7577235036896581,0.7749219443238667,0.7637891020123964,0.801356468572271,0.7461202170113383,0.757532159943175,0.7507191716540372,0.80176603063787,0.7484961810682488,0.8167256918968201,0.7471511945471929,0.7435372618317939,0.7898357799742468,0.7645670263070269,0.8336737265957238,0.8239158462993763,0.8028098193744138,1.0,0.7656941238208296,0.8393729619009843,0.7697574014737604,0.7609806327283257,0.7817102070320201,0.8215784172050297,0.7432653467375514,0.763219732661497,0.7691968235694278,0.7375838271582269,0.7973682130910161,0.093077108192135,0.8256794358820571,0.7943993759166554,0.7589795925968755,0.7883296168043616,0.8035744182106069,0.6417154873426393,0.818723839194116,0.743336132704604,0.7933586000565883,0.8168415056351717,0.753069796940807,0.751156187802974,0.7531577080883352,0.8028653515282805,0.8027240059945283,0.7481654464519194,0.7689121564632235
0.7230970376194394,0.7424191643173774,0.7123347560622697,0.7131482712701649,0.7235890592262713,0.7871301787581864,0.7558249308742652,0.7130911407030972,0.7199235196340614,0.7110151097932942,0.7627192095239388,0.7087088537692768,0.7610264677709608,0.7037706370969701,0.7013831335960629,0.7531053487789716,0.7241738984443876,0.7801080166604029,0.7897445729464085,0.7452707132447156,0.7656941238208296,1.0,0.8095993943913604,0.7158233483895713,0.7279890747792589,0.7308900803822513,0.7640839180763344,0.7114967545363176,0.7213208962011841,0.7230905370119765,0.6975694166589976,0.7498187698623933,0.08485386974702558,0.784392173526326,0.7382813659489299,0.7190364825967114,0.736792575593177,0.7547197022752,0.6128848399261273,0.7735595660986772,0.6961804066507894,0.739523027916676,0.7664689351967571,0.7139354663354982,0.7096671062190323,0.7132659143835065,0.7509407052046586,0.7501464719100417,0.7034260396204755,0.7315210138129269
0.7787510011167466,0.8056898115377983,0.7536491876664636,0.7674090551024232,0.780002518189183,0.7744556913915753,0.8017456793062043,0.7596224682245241,0.7683585955528288,0.7609136388420966,0.8139415453332904,0.7587426068507132,0.8308409184111494,0.7560634682847049,0.7540802494650236,0.7938378019126107,0.7809823731356432,0.8436453046682699,0.8278249555142101,0.8013329758970784,0.8393729619009843,0.8095993943913604,1.0,0.7781443269079291,0.7704350408559644,0.7819172253479942,0.8370133332623555,0.7551105421754964,0.7736111585937254,0.7741944666277274,0.7473376624354633,0.8108226989431683,0.08559129068153326,0.8623665078551248,0.7935511281754464,0.7701701103139278,0.7882235927273303,0.8155898099231728,0.6494439281770938,0.8259523594192182,0.7481067902765302,0.7982274560901952,0.8311196689268594,0.7629112420092672,0.7589473892923082,0.7597039758136416,0.8076932146616258,0.8079828054410516,0.7560931474625403,0.7817358240890776
0.7578790631701852,0.8094243910508416,0.7249775000653995,0.7396318642593864,0.782059265146741,0.7777852850021711,0.7526086548812347,0.7407781873236852,0.7420612946515172,0.742141476945892,0.7782157537479819,0.7334659531799179,0.7830595314268545,0.7299862980420782,0.734270792984148,0.7552593883435081,0.8110641868923891,0.7665323546697111,0.7634084217137143,0.7524478236927423,0.7697574014737604,0.7158233483895713,0.7781443269079291,1.0,0.7959428207313148,0.792026222839726,0.7755124410677838,0.7274467722218513,0.7445269924075519,0.7509075352598578,0.7284878109147048,0.78204962628677,0.08523724978694547,0.7744947159468556,0.8122469809060935,0.7385283075378554,0.7467838002929521,0.7675293231439091,0.6305276606341111,0.7741295689650569,0.731831270836462,0.7890433636822222,0.7737437663403122,0.7351175755859184,0.7375321816822811,0.7299504286945264,0.7894400634717931,0.7907573954407425,0.7317656397083605,0.7477516474511721
0.7438485360718916,0.8013087119424948,0.7242695588220419,0.7406954377473294,0.7718678308381907,0.7891833979083819,0.7497438488312389,0.7310436459271834,0.7319000460080181,0.7360661519370009,0.7652472970702615,0.7307453893730143,0.758475731387119,0.7286647562053208,0.7333434593390808,0.7526658379798428,0.796759893497381,0.75775846496674,0.7613240371217789,0.746955707567022,0.7609806327283257,0.7279890747792589,0.7704350408559644,0.7959428207313148,1.0,0.7955729616932781,0.7609823076634908,0.7218799701089544,0.7335536532336986,0.7404532785848941,0.7258844250992558,0.7894454909095171,0.08874732390210371,0.7698090928868951,0.7997371365995831,0.7300265095270073,0.746877291943896,0.7622889972790349,0.623373577866601,0.7620516221257955,0.7307180564579806,0.7725289048156758,0.766356432333813,0.7356063300028359,0.7361420558565488,0.7355452998747013,0.7841659762044019,0.7861119222346054,0.7330009965076059,0.7466925561178158
0.7589746637176118,0.802977313811115,0.724389162882814,0.7500114144994199,0.784577778595156,0.7747965343206257,0.7636733957082398,0.7403538174736072,0.7552716255120728,0.7504170598199504,0.7953762835251428,0.7374489954813845,0.7873777971874694,0.7363681606762139,0.7434857350889377,0.7683219870981488,0.7935535710751043,0.7799128464562515,0.7707782412894847,0.7652238395503541,0.7817102070320201,0.7308900803822513,0.7819172253479942,0.792026222839726,0.7955729616932781,1.0,0.7846145829521718,0.7307088065406058,0.7476486206364581,0.7643181919749514,0.7315017733571803,0.780734079268451,0.08719485274511429,0.7745086117073687,0.7964217569231156,0.7475513306710315,0.7598049384160841,0.7830007152024899,0.6333941780503842,0.7928150128251411,0.7358767810965698,0.7949999986695501,0.7912238494345489,0.7444741424712614,0.7403289938460016,0.7375402140274874,0.8006938760438682,0.8017180181225805,0.7504882796970549,0.76341015206896
0.768714445354813,0.8022696137031271,0.7490477176295939,0.7608910601148388,0.7765552145919418,0.7615392514809944,0.7831942601599726,0.7512723743806254,0.7634572219926566,0.7602835827688816,0.8218812207889177,0.743766420160185,0.8320513213768324,0.7507806352199297,0.746490403493989,0.7782588874998223,0.7671675554107318,0.8289773298854398,0.8149075998364341,0.7855107075422485,0.8215784172050297,0.7640839180763344,0.8370133332623555,0.7755124410677838,0.7609823076634908,0.7846145829521718,1.0,0.7444676826144344,0.7660392121257411,0.7769869738902249,0.743830992145278,0.8009963754322027,0.0867637865365567,0.8155091286969665,0.7880579159743891,0.7615831535893525,0.7732261981471701,0.8323430581527002,0.635955022583063,0.8384134592152251,0.7476746372337217,0.8022050089849686,0.8569465319483428,0.7542000663172749,0.7459460803176879,0.7621729328461604,0.806814818215727,0.8062127218367114,0.7548219405110129,0.7785954721012784
0.7636906075838819,0.762811041207683,0.7360321537582764,0.8333423542801438,0.7277347715916016,0.7346254640793379,0.7395640921755284,0.8779032514112282,0.7456319417065579,0.8253159496917503,0.7517302761265137,0.8122732308359668,0.7495710173579773,0.8286170332034374,0.8176842458639517,0.7430223223331116,0.7259275278037599,0.7420936269472526,0.7407761030085723,0.743285422608019,0.7432653467375514,0.7114967545363176,0.7551105421754964,0.7274467722218513,0.7218799701089544,0.7307088065406058,0.7444676826144344,1.0,0.7687879232541921,0.7531761388842101,0.8092320867416294,0.7451131884818119,0.08238048641960105,0.7486664801929148,0.741188867529224,0.7927771025653286,0.7272702145085915,0.7477577818513101,0.6844719562184738,0.7469067622961574,0.8121838949692912,0.7503585810799893,0.7478197819828427,0.9114166789772998,0.9027329799904048,0.7623199562634166,0.7488311855738248,0.7476458989800885,0.8184651197489481,0.7657721489757696
0.7784574630982227,0.7691541168111334,0.7525673104140678,0.765411320590008,0.7489071878302938,0.7409438911180601,0.7680039679502968,0.7660362594144373,0.7762158604225996,0.7672186173238913,0.761856539912475,0.7637363477155551,0.7688133136856723,0.7633199537674049,0.7570737307121744,0.7687159061119255,0.7470445447195198,0.7666501038184439,0.7616568062580529,0.7726391401932682,0.763219732661497,0.7213208962011841,0.7736111585937254,0.7445269924075519,0.7335536532336986,0.7476486206364581,0.7660392121257411,0.7687879232541921,1.0,0.7743199593225957,0.7499488912090051,0.7580474181106185,0.0913356344065912,0.7723464264817296,0.7547463862486752,0.7683567105560676,0.7568702030786867,0.7624229559357887,0.6507665732526327,0.7664324562797148,0.7550949002601139,0.7634083784522123,0.7691229325789303,0.7700697978238853,0.7648702208946434,0.7827385082417879,0.767565089137946,0.7665887843519373,0.7654492470324029,0.8453875189441172
0.7971959445935655,0.7789392269560327,0.7571081350197209,0.7623837910084514,0.7563134132333633,0.737305306677403,0.7642616695607728,0.7572034046527365,0.8049711833186887,0.7687954139583371,0.7739739901224498,0.7555443543379077,0.7797077806616886,0.7551229973915853,0.755783032888783,0.771692689738462,0.749604505355663,0.7738104300548846,0.7659003903020913,0.7695006486336706,0.7691968235694278,0.7230905370119765,0.7741944666277274,0.7509075352598578,0.7404532785848941,0.7643181919749514,0.7769869738902249,0.7531761388842101,0.7743199593225957,1.0,0.74934226897805,0.7594249636404388,0.08565463831337983,0.7719914088846868,0.7618668656195313,0.7650624039269475,0.7566727752653799,0.7729955274049637,0.6534391404674138,0.7827779903196208,0.7607462338599862,0.773632053150261,0.779374171411221,0.7589567727584368,0.7550313011334495,0.7737512351868259,0.7781202293163394,0.778778587013038,0.7569675687524025,0.7901670920980736
0.7533483937313415,0.7585326771001775,0.7246346040948,0.820893119707752,0.7350219124930348,0.723290145619992,0.7349866132705647,0.8082502360411724,0.742885646819221,0.8244412365715166,0.7471720727363418,0.7952591517018401,0.7471599835779532,0.8133770312677311,0.8212167373128838,0.7407707981038635,0.720166624851797,0.7394988660307469,0.7329915049638267,0.7395372054025589,0.7375838271582269,0.6975694166589976,0.7473376624354633,0.7284878109147048,0.7258844250992558,0.7315017733571803,0.743830992145278,0.8092320867416294,0.7499488912090051,0.74934226897805,1.0,0.7429982275044076,0.08088002728649057,0.744938283638557,0.7339145292083169,0.7842375731049551,0.7268405553200983,0.7431752331051619,0.6657454469893644,0.7431907109683031,0.84430933172423,0.7475954531993382,0.7466060291718992,0.8126001469501372,0.8064333361417603,0.7580698201674926,0.7510679964182112,0.7510810878869162,0.795148292783429,0.7529754137207733
0.7641106577307816,0.7905824197112247,0.7407693549484313,0.7643154916896027,0.7957578972277257,0.7720843343591789,0.7687926869660322,0.74921436705581,0.7561355011504443,0.7537015798813815,0.7943803296953491,0.7514920511263499,0.8047489342626974,0.748319616655134,0.7564691011090755,0.7731550352892842,0.7958745476140769,0.7894977591022475,0.7919530263690711,0.7679165606467936,0.7973682130910161,0.7498187698623933,0.8108226989431683,0.78204962628677,0.7894454909095171,0.780734079268451,0.8009963754322027,0.7451131884818119,0.7580474181106185,0.7594249636404388,0.7429982275044076,1.0,0.08841775905482618,0.803436317017462,0.7835323328948094,0.7474384722473224,0.7632854009798659,0.8008624834194403,0.6315361635568386,0.8067569815591499,0.748505828572861,0.7880513225870325,0.8094316275936592,0.7487916048492202,0.750512717185455,0.7450286608073542,0.7943615820455074,0.7941808533981347,0.7438900898988291,0.7594749766170664
0.08826208951024572,0.08889550926140921,0.09045127511180506,0.07863966321265248,0.0843153272124959,0.08495499094272763,0.08472318516626187,0.0801933735053324,0.09035107851432289,0.08660833390070188,0.08876696184178157,0.08557481240765386,0.08608723971558108,0.08117056227628427,0.08453628776128641,0.08904272659302115,0.08561885147959969,0.08783877657287542,0.0876903674209133,0.08617506191599655,0.093077108192135,0.08485386974702558,0.08559129068153326,0.08523724978694547,0.08874732390210371,0.08719485274511429,0.0867637865365567,0.08238048641960105,0.0913356344065912,0.08565463831337983,0.08088002728649057,0.08841775905482618,1.0,0.08653051996185479,0.09143200071147828,0.08130745208337631,0.08816971514569627,0.09157600387539855,0.06864845700392574,0.08940793865893693,0.08061306590306816,0.08545277531653817,0.09410333252805181,0.08232683806152585,0.08199288561595552,0.0878970033715547,0.09149302306157658,0.09168550982288004,0.08537155401623076,0.09071132378101887
0.773248002115837,0.8032978787066772,0.7492106585907841,0.761122361244424,0.7788804459132278,0.7754071214653119,0.7859612809471109,0.7557220703685841,0.7646975471766326,0.7561640923967883,0.8028736094020074,0.7527598493883361,0.8185604273627256,0.7506553969200269,0.7500037450161572,0.7809263159120171,0.778014062377342,0.8163156051783258,0.8091952606978009,0.7852946405255954,0.8256794358820571,0.784392173526326,0.8623665078551248,0.7744947159468556,0.7698090928868951,0.7745086117073687,0.8155091286969665,0.7486664801929148,0.7723464264817296,0.7719914088846868,0.744938283638557,0.803436317017462,0.08653051996185479,1.0,0.7921346877009868,0.7694124102936811,0.773180002714843,0.8060795353578081,0.646497213944252,0.8215533444029837,0.7472869535122386,0.7906659569746184,0.8230035279342286,0.7591735133497554,0.7545762018404205,0.7592336054532937,0.7984483044428246,0.7996063104831085,0.749233060236757,0.7798196864851683
0.7668626730053091,0.8232696897732023,0.7346104101687612,0.749842234518074,0.7753304097887188,0.7952543883770768,0.7712398345317968,0.7452015760867927,0.7531598854590827,0.7498673440067436,0.7910314523313536,0.7420061503612384,0.7910481945400016,0.7451071264545872,0.7417579060869621,0.7710550182720173,0.7866127442280513,0.7890347242543208,0.7948834126746379,0.7732412612171826,0.7943993759166554,0.7382813659489299,0.7935511281754464,0.8122469809060935,0.7997371365995831,0.7964217569231156,0.7880579159743891,0.741188867529224,0.7547463862486752,0.7618668656195313,0.7339145292083169,0.7835323328948094,0.09143200071147828,0.7921346877009868,1.0,0.744086095071854,0.7609730471126233,0.7838325292288431,0.6387558708032456,0.7974269366767244,0.7400865404838959,0.8006493269092556,0.7997940776780632,0.7458709173674759,0.7457932277510434,0.7431535259832802,0.8071635365610369,0.8077354023806431,0.7443088445876465,0.7634842896536054
0.7666966508823572,0.7672377125338619,0.7451704194898916,0.796721858543758,0.7364042271975733,0.7413364276465176,0.7593609174528798,0.7916987494190575,0.7573024835324249,0.7962511215486198,0.7620611603832385,0.7875277167902972,0.7590793673576182,0.787928725581106,0.7839786128878142,0.7566003697008143,0.7337568575164575,0.7666450585886531,0.7511038963427277,0.7610046674838543,0.7589795925968755,0.7190364825967114,0.7701701103139278,0.7385283075378554,0.7300265095270073,0.7475513306710315,0.7615831535893525,0.7927771025653286,0.7683567105560676,0.7650624039269475,0.7842375731049551,0.7474384722473224,0.08130745208337631,0.7694124102936811,0.744086095071854,1.0,0.7482924629816523,0.7525978876616993,0.6882120926420566,0.7603410482311033,0.7862393725470267,0.7602083391180645,0.756814907349754,0.7964724548162525,0.7975381731874106,0.7603898061384127,0.757658568629653,0.7576858610742823,0.7848048211632161,0.771511946138549
0.7628159898494076,0.7698679347648412,0.7400152940086937,0.7400075985117676,0.7514544212211388,0.7452881060459593,0.915119143589598,0.7329931817401316,0.7523434943269383,0.7360080711211522,0.7657452073965865,0.7301594640840285,0.7702641552002512,0.7309933342207282,0.7310174921265751,0.8875896893191826,0.7494147074728819,0.7843712985150197,0.7810142484806573,0.9182118383437878,0.7883296168043616,0.736792575593177,0.7882235927273303,0.7467838002929521,0.746877291943896,0.7598049384160841,0.7732261981471701,0.7272702145085915,0.7568702030786867,0.7566727752653799,0.7268405553200983,0.7632854009798659,0.08816971514569627,0.773180002714843,0.7609730471126233,0.7482924629816523,1.0,0.7621344677058209,0.6330358324599501,0.770970182144271,0.735082004157611,0.7683423731127443,0.7747887770142929,0.7340944551305897,0.7314788925897804,0.7388361571781067,0.7686595837212892,0.7680948537202318,0.7325158927204458,0.7605523787254929
0.7729337597228257,0.7963779781284183,0.7452590541341035,0.756083389004203,0.7820649529322619,0.7671017913051004,0.7691950667494413,0.7554016115700344,0.7573011343842062,0.7591086670403391,0.8143206784412167,0.7443769886712572,0.8133157008616813,0.7513897826199328,0.7481642063121241,0.770492282739256,0.7616986355737229,0.801158837655228,0.7951779004969217,0.7712762168583356,0.8035744182106069,0.7547197022752,0.8155898099231728,0.7675293231439091,0.7622889972790349,0.7830007152024899,0.8323430581527002,0.7477577818513101,0.7624229559357887,0.7729955274049637,0.7431752331051619,0.8008624834194403,0.09157600387539855,0.8060795353578081,0.7838325292288431,0.7525978876616993,0.7621344677058209,1.0,0.6348578842986431,0.8246811713678038,0.7474591369637432,0.7963449332299439,0.8590998732930789,0.7546739342549732,0.7485743691648816,0.7538558271418019,0.8034552975187934,0.8029082546916042,0.7547464694133919,0.7719425071779412
0.6630705401315058,0.647323004462532,0.6359648221969467,0.6870012826364135,0.6254703614933337,0.632711582234136,0.641495091000693,0.6833644311710247,0.6439176683234888,0.6795190707769698,0.6402546544323346,0.6784753503213841,0.6372047074949085,0.676810648180832,0.6778282605111154,0.6385413181521551,0.6263306409301712,0.6430263369657184,0.635357096351999,0.6415301438918453,0.6417154873426393,0.6128848399261273,0.6494439281770938,0.6305276606341111,0.623373577866601,0.6333941780503842,0.635955022583063,0.6844719562184738,0.6507665732526327,0.6534391404674138,0.6657454469893644,0.6315361635568386,0.06864845700392574,0.646497213944252,0.6387558708032456,0.6882120926420566,0.6330358324599501,0.6348578842986431,1.0,0.6388466735518883,0.6720240491936127,0.6379958857553842,0.6406171772558491,0.6866860554091895,0.6856913767771191,0.6459559970674498,0.6379334518862472,0.6376501581914675,0.6749604202008395,0.6567163042271171
