../ecoli_genomes/GCF_000163235.1_ASM16323v1_genomic.fna.gz,../ecoli_genomes/GCF_000164555.1_ASM16455v1_genomic.fna.gz,../ecoli_genomes/GCF_000208545.1_ASM20854v2_genomic.fna.gz,../ecoli_genomes/GCF_000233875.1_ASM23387v1_genomic.fna.gz,../ecoli_genomes/GCF_000249735.1_ASM24973v2_genomic.fna.gz,../ecoli_genomes/GCF_000261145.1_Esch_coli_M919_V2_genomic.fna.gz,../ecoli_genomes/GCF_000267705.2_ASM26770v2_genomic.fna.gz,../ecoli_genomes/GCF_000350665.1_Esch_coli_KTE5_V1_genomic.fna.gz,../ecoli_genomes/GCF_000351625.1_Esch_coli_KTE66_V1_genomic.fna.gz,../ecoli_genomes/GCF_000352285.1_Esch_coli_KTE46_V1_genomic.fna.gz,../ecoli_genomes/GCF_000358895.1_ASM35889v1_genomic.fna.gz,../ecoli_genomes/GCF_000456385.1_Esch_coli_HVH_26_4-5703913_V1_genomic.fna.gz,../ecoli_genomes/GCF_000458195.1_Esch_coli_HVH_147_4-5893887_V1_genomic.fna.gz,../ecoli_genomes/GCF_000459755.1_Esch_coli_KOEGE_58_171a_V1_genomic.fna.gz,../ecoli_genomes/GCF_000460055.1_Esch_coli_UMEA_3053-1_V1_genomic.fna.gz,../ecoli_genomes/GCF_000462165.2_ASM46216v2_genomic.fna.gz,../ecoli_genomes/GCF_000601135.1_ASM60113v1_genomic.fna.gz,../ecoli_genomes/GCF_000614595.1_Ec2010EL1058_genomic.fna.gz,../ecoli_genomes/GCF_000617745.1_Ec2010C-4529_genomic.fna.gz,../ecoli_genomes/GCF_000618265.2_EcF6751_genomic.fna.gz,../ecoli_genomes/GCF_000619005.2_Ec2009C-4052_genomic.fna.gz,../ecoli_genomes/GCF_000619105.1_Ec2009C-4780_genomic.fna.gz,../ecoli_genomes/GCF_000619765.2_Ec2009C-3279_genomic.fna.gz,../ecoli_genomes/GCF_000687005.1_ASM68700v1_genomic.fna.gz,../ecoli_genomes/GCF_000687025.1_ASM68702v1_genomic.fna.gz,../ecoli_genomes/GCF_000700125.1_ASM70012v1_genomic.fna.gz,../ecoli_genomes/GCF_000753315.1_FHI35_genomic.fna.gz,../ecoli_genomes/GCF_000776375.1_ASM77637v1_genomic.fna.gz,../ecoli_genomes/GCF_000779395.1_ASM77939v1_genomic.fna.gz,../ecoli_genomes/GCF_000780315.1_ASM78031v1_genomic.fna.gz,../ecoli_genomes/GCF_000781995.1_ASM78199v1_genomic.fna.gz,../ecoli_genomes/GCF_000986765.1_ASM98676v1_genomic.fna.gz,../ecoli_genomes/GCF_001041375.1_ViralProj287958_genomic.fna.gz,../ecoli_genomes/GCF_001265335.1_302014_genomic.fna.gz,../ecoli_genomes/GCF_001265625.1_100854_genomic.fna.gz,../ecoli_genomes/GCF_001267345.1_303289_genomic.fna.gz,../ecoli_genomes/GCF_001309985.1_ASM130998v1_genomic.fna.gz,../ecoli_genomes/GCF_001521695.1_ASM152169v1_genomic.fna.gz,../ecoli_genomes/GCF_001592595.1_ASM159259v1_genomic.fna.gz,../ecoli_genomes/GCF_001614975.1_ASM161497v1_genomic.fna.gz,../ecoli_genomes/GCF_001692775.1_ASM169277v1_genomic.fna.gz,../ecoli_genomes/GCF_001748915.1_ASM174891v1_genomic.fna.gz,../ecoli_genomes/GCF_001749235.1_ASM174923v1_genomic.fna.gz,../ecoli_genomes/GCF_001881155.1_ASM188115v1_genomic.fna.gz,../ecoli_genomes/GCF_001881345.1_ASM188134v1_genomic.fna.gz,../ecoli_genomes/GCF_001892405.1_ASM189240v1_genomic.fna.gz,../ecoli_genomes/GCF_001892585.1_ASM189258v1_genomic.fna.gz,../ecoli_genomes/GCF_001893985.1_ASM189398v1_genomic.fna.gz,../ecoli_genomes/GCF_002001595.1_ASM200159v1_genomic.fna.gz,../ecoli_genomes/GCF_002002145.1_ASM200214v1_genomic.fna.gz
1.0,0.37108421000288094,0.3073022885505259,0.3420721705179921,0.3597024460230782,0.3514859890824159,0.35201401139521626,0.34838302525428844,0.44381405930750095,0.3542294689385739,0.3810202962373309,0.35181655374185383,0.36731685840886774,0.3369211139478553,0.33032802874893996,0.3609075310962302,0.36037967677103566,0.3603928159906936,0.31837927198265836,0.3532786688543861,0.3498074240750201,0.32806553601588884,0.36556588253164557,0.37109389774076085,0.34540420268705563,0.35765195147905615,0.3574890927859329,0.3371818875429169,0.38988350654684123,0.43600285373000147,0.3107317724298255,0.35940363716613133,0.0,0.35693506736470737,0.35810642502862033,0.3287865129168541,0.3331875732878592,0.35991816786517705,0.29627761267405217,0.36268299654689584,0.32361768044155537,0.35605833207897086,0.36446412987417853,0.3464133502364537,0.3548011328240964,0.3650874272703114,0.3581172899815054,0.35721214346842955,0.33088408364835753,0.3947665527214572
0.37108421000288094,1.0,0.2873554802509576,0.32684224282348207,0.4302282330770887,0.5256154304849701,0.3885559448711421,0.3352846146768219,0.35267909100266004,0.34292363596096753,0.46639982023399995,0.33778670765016583,0.45719772397987635,0.32520203299314876,0.31423020969332727,0.3895576821037591,0.49740564471805004,0.4573436992746478,0.38150102246759776,0.39380043221093386,0.43997164975506975,0.38954892132212093,0.4575126461714326,0.5631070854512641,0.5291129625448561,0.4968621435377867,0.4565811647115209,0.3366447139962182,0.3597781645237317,0.3591311325023433,0.3080418726497762,0.4457526978315527,0.0,0.4488352038876855,0.5707031992845784,0.31508915692624917,0.36906791482350554,0.46514216150240373,0.28876781615401137,0.46109042324945615,0.31124102936592934,0.49531817307604586,0.46513058148963893,0.3441613735025806,0.34211977459553156,0.32944986240067653,0.5068636403873926,0.5086685809089568,0.33954257742648797,0.35645900393042884
0.3073022885505259,0.2873554802509576,1.0,0.2614555288888962,0.25835421667223846,0.25630685272188736,0.2635767605241923,0.2641806130721085,0.29956393113126434,0.27198925627566306,0.29005000472379294,0.2576264408608384,0.27502189176019554,0.26171141617905735,0.2531890007148775,0.2656090338900885,0.2645204651048504,0.27478058799723415,0.23665068205165962,0.2679691446936825,0.270653892499482,0.24206635252294706,0.2773414586634686,0.26779570642244865,0.25282953995581203,0.25931924785823224,0.2778239741366174,0.2669615234360939,0.29792527002964697,0.3093291750094037,0.2472803686182803,0.2673743678278956,0.0,0.2737032206322809,0.26560818551655097,0.2597286496196085,0.24973823150993735,0.27448608952982456,0.23309511898022028,0.2821991487514086,0.25268719119215666,0.26983051914862144,0.28745708860272556,0.2697392624355056,0.2653689280903163,0.27823587334290445,0.27940967941996253,0.2794017645723782,0.26902345698713404,0.3010625005760077
0.3420721705179921,0.32684224282348207,0.2614555288888962,1.0,0.32638523533370023,0.3094764836365488,0.29925469928745785,0.5318604739436237,0.33682347843411664,0.5630259603523413,0.3246053206555285,0.5431690028947135,0.31982216641970973,0.5873331382819028,0.6003948894746569,0.31011665078434836,0.33129023520641054,0.3132657176169982,0.2705737701969404,0.30142200679262,0.3032871074202983,0.2760436813148347,0.32217274778090355,0.323975322259337,0.31014422856349855,0.3257160351530147,0.31412873984008516,0.5576410803549998,0.34564007418215337,0.32567932619990825,0.5340585942048992,0.33163513029909786,0.0,0.30251175857714285,0.31097637182218096,0.44844285036784504,0.29222438024068764,0.3095660600886687,0.4266312202654702,0.3068836244239671,0.5628971007193726,0.31590100335185833,0.31630137156244753,0.5626323582710755,0.5487611549556681,0.341476591608035,0.3184072327366575,0.3187824979115852,0.4873085697243854,0.3627135387100461
0.3597024460230782,0.4302282330770887,0.25835421667223846,0.32638523533370023,1.0,0.42409623454947476,0.36011578210669504,0.3328623785345738,0.35279749360305446,0.3373144055331604,0.5428866717703307,0.32001830583041346,0.5030001567495339,0.3189286465287008,0.337972233744557,0.3948992673994628,0.4497526015224421,0.445923263601132,0.39091436410294034,0.36534439749489633,0.45418215042668475,0.4036029133859699,0.4601996287105422,0.4437758004571557,0.42554883992885895,0.4446524929287393,0.459797302953471,0.3021649520994705,0.3335790054096286,0.351829548726329,0.3085361364091087,0.4869223973290935,0.0,0.46013685515233416,0.4304519525356345,0.29852235989536613,0.3656364679515781,0.47842073111476413,0.29877418864566274,0.47663358559740376,0.3257529557909177,0.42969262861098023,0.48499330079949843,0.31830374218926527,0.323810075849309,0.3106952465339641,0.4538209581269086,0.4531119144952539,0.3112133310916513,0.35058410402668405
0.3514859890824159,0.5256154304849701,0.25630685272188736,0.3094764836365488,0.42409623454947476,1.0,0.38739065403684936,0.3272557956807721,0.32853882885979635,0.31556349358969693,0.4528096152421114,0.3106178217879547,0.4296411880191896,0.304526013213293,0.2979789362200227,0.4043446822086436,0.48278282923546734,0.4388235156608039,0.38573157895728105,0.382439882353624,0.4145794529927367,0.47754628273546684,0.4420441537464026,0.5587209416555119,0.5496149367534346,0.5207020749662712,0.4209704777401515,0.31098256079631403,0.33619594669921415,0.32919802929386843,0.28266068218568663,0.44026507765856915,0.0,0.43010098732986346,0.5436239851519263,0.3088180448093848,0.36543305680038485,0.43365726486595946,0.29323618477123436,0.43287900529665724,0.292119298774834,0.473966084296338,0.4335156647614785,0.3160320667722678,0.3176106405551381,0.31831723145486335,0.47808887430010993,0.48027935583002357,0.3043706535479086,0.3446137285759052
0.35201401139521626,0.3885559448711421,0.2635767605241923,0.29925469928745785,0.36011578210669504,0.38739065403684936,1.0,0.30434880103605233,0.34691903711556293,0.30307510095627965,0.4053217593097306,0.2991737009801879,0.38683214574883407,0.29520152106648023,0.28828087922402656,0.7511785577945085,0.3837852018758089,0.43180312996915826,0.3692626073323523,0.858335083040925,0.42615544178859044,0.3817574706210216,0.4385121865400279,0.4024926781889381,0.3720700237144673,0.38352751259596807,0.4000085569223665,0.2990899376381899,0.33754481983776663,0.34526001171539233,0.27753279376864604,0.3853638950138839,0.0,0.40088819801618614,0.4060007252462613,0.3143962895149969,0.7727017962343827,0.3748593377622551,0.2831493120256783,0.3939967832391653,0.27819712532303,0.3870605346036363,0.3943508359467962,0.3044807116039131,0.3041563035500834,0.31239690142991905,0.37893455337807247,0.3791555405467447,0.29699483453079145,0.3403682898679007
0.34838302525428844,0.3352846146768219,0.2641806130721085,0.5318604739436237,0.3328623785345738,0.3272557956807721,0.30434880103605233,1.0,0.3359347873802857,0.5403518257296229,0.32953578414207896,0.5209276860158149,0.33285025836433924,0.5232445028245167,0.5153481412082397,0.3142612111046559,0.3305230909443788,0.32221081718751543,0.29182587427033346,0.3059299238119939,0.309618359551602,0.2889673411015422,0.32650815698263247,0.3408152990363996,0.3176723562390963,0.3235546471311376,0.32260834256268434,0.6993523918906649,0.36036429601688125,0.3299552130841832,0.4962771968166054,0.3313201281728395,0.0,0.31980361010139746,0.3239443894841578,0.4438105867744544,0.2920920401805023,0.33313428759058583,0.4322899308977384,0.3239087652058057,0.5089178995168829,0.32015894014554114,0.3263064207500225,0.7131097552687422,0.6835868600632214,0.34341191845776764,0.3197126553164078,0.3189964093594738,0.4825696243298605,0.3608282800983885
0.44381405930750095,0.35267909100266004,0.29956393113126434,0.33682347843411664,0.35279749360305446,0.32853882885979635,0.34691903711556293,0.3359347873802857,1.0,0.34749688969609294,0.37162133730255176,0.3252014459144671,0.364378553045153,0.332180895275473,0.33559270197072333,0.358323685209639,0.3445764530611084,0.3519010139094876,0.2988653781542644,0.3533415536243991,0.34146379916300296,0.30399156347728973,0.3522004410289681,0.35374043695155855,0.3224079836068646,0.3400532365617934,0.355807199693005,0.3257612631776704,0.38002314318323016,0.4612326901678838,0.3204367475906539,0.3473505956070122,0.0,0.3459885973282453,0.3454790319094918,0.326185984665066,0.33581240297439774,0.34293517854944144,0.2860869714676886,0.3597259248282513,0.3240373352710634,0.3481239903361546,0.3634932962774161,0.33010168860293865,0.3253480388619606,0.36099799135203736,0.3483641346237196,0.34717668116287903,0.32452958675950594,0.3935499151503975
0.3542294689385739,0.34292363596096753,0.27198925627566306,0.5630259603523413,0.3373144055331604,0.31556349358969693,0.30307510095627965,0.5403518257296229,0.34749688969609294,1.0,0.34405859165673713,0.523095332289828,0.3389204352227728,0.5451179005983477,0.5398596511584987,0.31562938668278495,0.32407673108691626,0.32004380458172543,0.2797365897573161,0.30706452970989806,0.3108048212943485,0.28246944429655474,0.31787029189611604,0.329366810078923,0.3101967507054253,0.3280151534796564,0.326221271445277,0.5416221167405494,0.3622862329548927,0.34106893682968964,0.5462828620134155,0.32340015760888974,0.0,0.30963870438116425,0.3207275596675381,0.4646326384404912,0.29482040104413376,0.3238387470451106,0.4420999069845446,0.3272662436836752,0.5587129520313403,0.3209732618073481,0.32521957001834867,0.5439928243392769,0.5448494382084388,0.34110980510326805,0.32351139203646384,0.32319629768221103,0.5129506873593379,0.36309935729764786
0.3810202962373309,0.46639982023399995,0.29005000472379294,0.3246053206555285,0.5428866717703307,0.4528096152421114,0.4053217593097306,0.32953578414207896,0.37162133730255176,0.34405859165673713,1.0,0.32711970772414267,0.5577331991422423,0.32845841651712815,0.320049312764746,0.41526813348248814,0.4540825656703634,0.528852433615511,0.4425224020665054,0.40908456845863206,0.5145369908931192,0.484145148418926,0.5312266250896815,0.4723330741954207,0.4322225405184703,0.4665373559675664,0.5320034577393848,0.32872016100728085,0.3606565319411583,0.3778820401270352,0.310536049219838,0.5035461453202901,0.0,0.5111870393035343,0.4693485477728474,0.3284414049778036,0.3906950448162442,0.513022260710229,0.29416815476452907,0.5599040390299441,0.31238237293477367,0.4744933371370942,0.5434490966792362,0.328865668120517,0.3280774510152974,0.33800939334773106,0.48256940178201946,0.4813872657344016,0.33041664654887715,0.36547515951871046
0.35181655374185383,0.33778670765016583,0.2576264408608384,0.5431690028947135,0.32001830583041346,0.3106178217879547,0.2991737009801879,0.5209276860158149,0.3252014459144671,0.523095332289828,0.32711970772414267,1.0,0.3211411996882353,0.533345318492046,0.6148920024548731,0.3037013546215718,0.32237581760074263,0.30927101941958435,0.28441044416271144,0.29757781286633367,0.30511172746136306,0.28973202678822063,0.32026992006936617,0.3287972217156142,0.31011314209390983,0.31924351870583634,0.314603830129659,0.5276767621860308,0.3543280201318909,0.3281432249281908,0.47879315434257197,0.3242443863221488,0.0,0.3104160699747269,0.32152955856247734,0.43708341281922514,0.28373769318956166,0.31472548459806216,0.42404161536547447,0.3149124228462833,0.5021679419830805,0.3100842035356727,0.3231742231854372,0.5340885629369385,0.5313003047451392,0.33943556234055383,0.3168007592767551,0.31703840049549337,0.4681812555157746,0.35326837425454183
0.36731685840886774,0.45719772397987635,0.27502189176019554,0.31982216641970973,0.5030001567495339,0.4296411880191896,0.38683214574883407,0.33285025836433924,0.364378553045153,0.3389204352227728,0.5577331991422423,0.3211411996882353,1.0,0.3146691006857968,0.3236767878188247,0.40737123084348736,0.4515783689599927,0.5268851229721172,0.5222689746186555,0.39251582791208783,0.5319898202475721,0.5180803725687455,0.5719546149780514,0.4648137247558837,0.41203448240138507,0.44329683388136776,0.5552502741979373,0.3196913747957981,0.3476754347765647,0.36935288932306864,0.3022341531822945,0.5483580689955478,0.0,0.5554364312848126,0.4589575143476038,0.3104500798527332,0.3843019930988846,0.5278245697443686,0.2842051933789038,0.5671598472667247,0.31243338157143097,0.46542312230402116,0.5545251600691332,0.32208834349792526,0.31900062333627033,0.31835219483050814,0.4660221531424519,0.4641146099386577,0.31686520536508955,0.34747457703100937
0.3369211139478553,0.32520203299314876,0.26171141617905735,0.5873331382819028,0.3189286465287008,0.304526013213293,0.29520152106648023,0.5232445028245167,0.332180895275473,0.5451179005983477,0.32845841651712815,0.533345318492046,0.3146691006857968,1.0,0.5955019205842839,0.29936371519105065,0.31685110710631526,0.3135279632813208,0.2748482243669549,0.29989545063779144,0.29829460301630606,0.27661881727201,0.31798487001041964,0.30835157204822294,0.294294358047682,0.3085029126491514,0.3150497717204098,0.5614740792938633,0.3583130823220687,0.32342819961428515,0.537265697726152,0.31937932030313176,0.0,0.30672794079284127,0.3115978320545577,0.4457887811163376,0.28230131903741074,0.31349530679658855,0.42389036076559994,0.31214559416894005,0.552678096754248,0.3118454591202158,0.3192151216069855,0.556089747763999,0.5477263993853603,0.3462180850555384,0.31695989257536095,0.31761731608672505,0.49180443669141505,0.36825514524142167
0.33032802874893996,0.31423020969332727,0.2531890007148775,0.6003948894746569,0.337972233744557,0.2979789362200227,0.28828087922402656,0.5153481412082397,0.33559270197072333,0.5398596511584987,0.320049312764746,0.6148920024548731,0.3236767878188247,0.5955019205842839,1.0,0.3033375013985131,0.32706722454223547,0.30744708737031,0.2712479908488381,0.29297596551329175,0.29602762336376254,0.26975771211450095,0.3134934966098949,0.31534157323977685,0.2998565394471052,0.31167650854198836,0.3081284089065949,0.5271322580220796,0.34324230992219384,0.31994936847871436,0.5312401470450093,0.3241678525238805,0.0,0.3031338470081244,0.30597705998550706,0.4428469888688513,0.28601416113837685,0.3084369906609079,0.4172756156448171,0.3055730944466908,0.552111691966025,0.30460816706415805,0.31651842785558815,0.5303752503733443,0.5214257347518735,0.3392022908964659,0.31669266100737903,0.3161222359065047,0.47661919648382256,0.3665542188734007
0.3609075310962302,0.3895576821037591,0.2656090338900885,0.31011665078434836,0.3948992673994628,0.4043446822086436,0.7511785577945085,0.3142612111046559,0.358323685209639,0.31562938668278495,0.41526813348248814,0.3037013546215718,0.40737123084348736,0.29936371519105065,0.3033375013985131,1.0,0.4007707004932055,0.4167324249408576,0.36863261026821437,0.7589106502624884,0.40309716277664576,0.39762878992450745,0.42519593222779273,0.4215514502196335,0.3935748957258062,0.4097257869273735,0.3914438406000107,0.3004320818040388,0.33687377724963596,0.35705179914455587,0.28547890702976275,0.4013868166794611,0.0,0.40196417524215,0.40484017929139027,0.3102168529336552,0.7407331912947879,0.37946503461852377,0.2752745490841674,0.39165538996823746,0.29177031458925806,0.3900867493993171,0.39446903292605673,0.30772727202383987,0.30958139332447443,0.3143213296934364,0.3858415965053644,0.38448567749625817,0.3017448987770778,0.34100535749780303
0.36037967677103566,0.49740564471805004,0.2645204651048504,0.33129023520641054,0.4497526015224421,0.48278282923546734,0.3837852018758089,0.3305230909443788,0.3445764530611084,0.32407673108691626,0.4540825656703634,0.32237581760074263,0.4515783689599927,0.31685110710631526,0.32706722454223547,0.4007707004932055,1.0,0.4402041830749399,0.37451092408216735,0.3836560627360701,0.4279492149713603,0.4036536683297389,0.45037277948832055,0.5361515998373565,0.4986081496671392,0.5381533690460047,0.43370802252329277,0.31410787734938883,0.3372105565869419,0.3408386415867912,0.2959501306624426,0.4839506379594074,0.0,0.44215901313068096,0.4993053888659753,0.3155991926641022,0.37762831730042046,0.4233763803419852,0.2971886380872659,0.4350969006220654,0.3067780236236395,0.47525253361008357,0.44454846400870685,0.32778707643846805,0.33588855128331785,0.3121368074466193,0.4951829086797701,0.49684263414084706,0.30690680851995844,0.3435590770470013
0.3603928159906936,0.4573436992746478,0.27478058799723415,0.3132657176169982,0.445923263601132,0.4388235156608039,0.43180312996915826,0.32221081718751543,0.3519010139094876,0.32004380458172543,0.528852433615511,0.30927101941958435,0.5268851229721172,0.3135279632813208,0.30744708737031,0.4167324249408576,0.4402041830749399,1.0,0.4867665145065341,0.4351596840782951,0.5527683296434083,0.4885967215703503,0.5686392539881087,0.45594012869602585,0.4126800656664006,0.4369535665964549,0.5370369257469637,0.3191011674761637,0.35064400719835354,0.3575983615291627,0.294241196525572,0.49833863440804294,0.0,0.5202185963254058,0.45857605722867156,0.32632392567123947,0.4107978932182548,0.4935016837991667,0.29295187560555347,0.5323235758837741,0.2946866522700873,0.4663756905426346,0.5244297322994005,0.3186437221661951,0.31666527838064285,0.3235039053897566,0.46301641208030364,0.4640654492813894,0.31132479149652803,0.35625675224300946
0.31837927198265836,0.38150102246759776,0.23665068205165962,0.2705737701969404,0.39091436410294034,0.38573157895728105,0.3692626073323523,0.29182587427033346,0.2988653781542644,0.2797365897573161,0.4425224020665054,0.28441044416271144,0.5222689746186555,0.2748482243669549,0.2712479908488381,0.36863261026821437,0.37451092408216735,0.4867665145065341,1.0,0.3660883388978087,0.4724949853529695,0.5001162613913821,0.4797281365102999,0.39157269977351816,0.37140227207598664,0.3766250922196591,0.4489409451470062,0.28177974269376227,0.3003907329088331,0.30666121976125527,0.25857193204435913,0.48993618035506314,0.0,0.44505041619372776,0.3984184098953808,0.2808044340317728,0.35480095051407734,0.42251321282477206,0.2504385718168518,0.45162526462326824,0.2607655237776294,0.38653251098450214,0.44486147710190027,0.288349097574674,0.28827588522539505,0.28176208589713336,0.3865244424036587,0.3865663632760675,0.2694015306412805,0.30299978174887676
0.3532786688543861,0.39380043221093386,0.2679691446936825,0.30142200679262,0.36534439749489633,0.382439882353624,0.858335083040925,0.3059299238119939,0.3533415536243991,0.30706452970989806,0.40908456845863206,0.29757781286633367,0.39251582791208783,0.29989545063779144,0.29297596551329175,0.7589106502624884,0.3836560627360701,0.4351596840782951,0.3660883388978087,1.0,0.4275661470201795,0.3753918396997795,0.4379334603116837,0.3962487183458355,0.37053939641626743,0.3806533652922012,0.4045820061736368,0.3022374109754039,0.3392156880823901,0.35106076738636105,0.28139690808672657,0.3858399938797352,0.0,0.4024001807848292,0.40481395756896843,0.313342235616076,0.7824731021658927,0.38098674044112213,0.2811916210489449,0.400089434204825,0.2826986127987745,0.3920378586557146,0.39941400763666945,0.304929691485336,0.3023589306371792,0.31712217794263564,0.38424983867947415,0.38447730596191576,0.3026556954855676,0.345227423848804
0.3498074240750201,0.43997164975506975,0.270653892499482,0.3032871074202983,0.45418215042668475,0.4145794529927367,0.42615544178859044,0.309618359551602,0.34146379916300296,0.3108048212943485,0.5145369908931192,0.30511172746136306,0.5319898202475721,0.29829460301630606,0.29602762336376254,0.40309716277664576,0.4279492149713603,0.5527683296434083,0.4724949853529695,0.4275661470201795,1.0,0.4808184077789822,0.5686918486757894,0.43765640049709365,0.40327865463410417,0.4310535844593574,0.5431833091754263,0.30841836818926127,0.33752561103314704,0.3531832331795589,0.28364750031537533,0.4997760062144039,0.0,0.5294782133134829,0.44657207809360333,0.31485882192015746,0.39910894492940574,0.500471345750277,0.27743867770531094,0.5424333323900009,0.2889292606515321,0.43804845299689543,0.5278759085185158,0.31254954623588005,0.31176384538707536,0.3199375110174636,0.4529461771176644,0.4530053325494263,0.3073076754489017,0.34159204997775516
0.32806553601588884,0.38954892132212093,0.24206635252294706,0.2760436813148347,0.4036029133859699,0.47754628273546684,0.3817574706210216,0.2889673411015422,0.30399156347728973,0.28246944429655474,0.484145148418926,0.28973202678822063,0.5180803725687455,0.27661881727201,0.26975771211450095,0.39762878992450745,0.4036536683297389,0.4885967215703503,0.5001162613913821,0.3753918396997795,0.4808184077789822,1.0,0.62398081317322,0.4318736477912054,0.429510846013449,0.4401498084315577,0.4729663422752921,0.2832661142568128,0.3031583442401865,0.30817685425341446,0.2560056496748069,0.4929996350616911,0.0,0.5557980616594227,0.4112436507766587,0.2841462384118819,0.3567961979417601,0.4561503827617348,0.25583765445454,0.48933734719389643,0.2587556241374446,0.39974291595580247,0.47412461575300435,0.28887239179882784,0.28749174037557745,0.2996514873763697,0.4035782020586379,0.40243087356897367,0.2733037873225216,0.31405558244150056
0.36556588253164557,0.4575126461714326,0.2773414586634686,0.32217274778090355,0.4601996287105422,0.4420441537464026,0.4385121865400279,0.32650815698263247,0.3522004410289681,0.31787029189611604,0.5312266250896815,0.32026992006936617,0.5719546149780514,0.31798487001041964,0.3134934966098949,0.42519593222779273,0.45037277948832055,0.5686392539881087,0.4797281365102999,0.4379334603116837,0.5686918486757894,0.62398081317322,1.0,0.4521826597746256,0.42500961432797146,0.43157778042315764,0.5661534998140891,0.3241702635022924,0.34846722596930635,0.35502411179016535,0.29681091608814725,0.5293975032261389,0.0,0.6578001311103834,0.4627147662643898,0.3251400764181448,0.41222367094019874,0.5227722517650171,0.29678141429350435,0.5605658111693756,0.29916583857955414,0.45681913992973044,0.5492598944653089,0.32545246819907037,0.3240321657778744,0.3285417625222784,0.4621048167981714,0.4634586291609746,0.3172007078376453,0.3550848709608978
0.37109389774076085,0.5631070854512641,0.26779570642244865,0.323975322259337,0.4437758004571557,0.5587209416555119,0.4024926781889381,0.3408152990363996,0.35374043695155855,0.329366810078923,0.4723330741954207,0.3287972217156142,0.4648137247558837,0.30835157204822294,0.31534157323977685,0.4215514502196335,0.5361515998373565,0.45594012869602585,0.39157269977351816,0.3962487183458355,0.43765640049709365,0.4318736477912054,0.4521826597746256,1.0,0.5575263270011185,0.5482565564291058,0.45111981881953955,0.31602311727004917,0.34138955019827355,0.3533855225506357,0.2960225699949095,0.45840882068436595,0.0,0.44241700831483877,0.5830644118692786,0.31466713130197876,0.38755997465098657,0.4325882448815572,0.28304530155025276,0.4474027936925057,0.30544734217164726,0.4929310952045052,0.4474914428501997,0.3311675001579695,0.3369741201624046,0.3121810674717105,0.4888955902049015,0.4879469890829785,0.31129109538232935,0.3413942512116316
0.34540420268705563,0.5291129625448561,0.25282953995581203,0.31014422856349855,0.42554883992885895,0.5496149367534346,0.3720700237144673,0.3176723562390963,0.3224079836068646,0.3101967507054253,0.4322225405184703,0.31011314209390983,0.41203448240138507,0.294294358047682,0.2998565394471052,0.3935748957258062,0.4986081496671392,0.4126800656664006,0.37140227207598664,0.37053939641626743,0.40327865463410417,0.429510846013449,0.42500961432797146,0.5575263270011185,1.0,0.534454718230513,0.40612661838740716,0.2973262125985938,0.3165044131420969,0.3194783020729023,0.2830906356269812,0.45044579956784003,0.0,0.4064679195653004,0.5416038523851094,0.28861241990394726,0.36347878689236046,0.4092591619007524,0.2692695402987181,0.40586994241454377,0.2863330378271923,0.45091719188776835,0.41845900976368633,0.3199285926112915,0.32100775413729765,0.30343527083162614,0.45614526781095377,0.4558773543432806,0.30058679558324364,0.3177458089070041
0.35765195147905615,0.4968621435377867,0.25931924785823224,0.3257160351530147,0.4446524929287393,0.5207020749662712,0.38352751259596807,0.3235546471311376,0.3400532365617934,0.3280151534796564,0.4665373559675664,0.31924351870583634,0.44329683388136776,0.3085029126491514,0.31167650854198836,0.4097257869273735,0.5381533690460047,0.4369535665964549,0.3766250922196591,0.3806533652922012,0.4310535844593574,0.4401498084315577,0.43157778042315764,0.5482565564291058,0.534454718230513,1.0,0.4285476574799608,0.30706476415882367,0.3270015468094033,0.33734522006311374,0.29572633083187827,0.45022810457173,0.0,0.4200912733124096,0.5081727463299865,0.30855464438824387,0.377207181836412,0.42633384929279095,0.28095126043126784,0.43787244585831053,0.3036137691121896,0.48149541430037424,0.4345009592304817,0.32643353110701845,0.32386084324498066,0.31012263793808903,0.4888883136604798,0.48795426185283464,0.3148797943607027,0.33219122036523374
0.3574890927859329,0.4565811647115209,0.2778239741366174,0.31412873984008516,0.459797302953471,0.4209704777401515,0.4000085569223665,0.32260834256268434,0.355807199693005,0.326221271445277,0.5320034577393848,0.314603830129659,0.5552502741979373,0.3150497717204098,0.3081284089065949,0.3914438406000107,0.43370802252329277,0.5370369257469637,0.4489409451470062,0.4045820061736368,0.5431833091754263,0.4729663422752921,0.5661534998140891,0.45111981881953955,0.40612661838740716,0.4285476574799608,1.0,0.3185408255958919,0.34861703756993345,0.3588939423508919,0.2975907614868514,0.5186906139196242,0.0,0.5324412457330576,0.457275350663781,0.31447983796796075,0.37995625451809756,0.5913532366195369,0.2796761513683882,0.5740113807174643,0.301055790187268,0.4597927767554002,0.6342302083787856,0.32204752446742024,0.315655374583119,0.3301314784476822,0.4581650515846858,0.45872603889743435,0.3174739558653039,0.3537685105743733
0.3371818875429169,0.3366447139962182,0.2669615234360939,0.5576410803549998,0.3021649520994705,0.31098256079631403,0.2990899376381899,0.6993523918906649,0.3257612631776704,0.5416221167405494,0.32872016100728085,0.5276767621860308,0.3196913747957981,0.5614740792938633,0.5271322580220796,0.3004320818040388,0.31410787734938883,0.3191011674761637,0.28177974269376227,0.3022374109754039,0.30841836818926127,0.2832661142568128,0.3241702635022924,0.31602311727004917,0.2973262125985938,0.30706476415882367,0.3185408255958919,1.0,0.3629519151632373,0.3284735748450661,0.505729262236675,0.3201664709266572,0.0,0.31174512158958156,0.31461924055174617,0.4445767964006818,0.284524971677512,0.32905382746388434,0.4315627316016861,0.31813720843563753,0.5168140559208305,0.3164062106251526,0.32136465170480877,0.8015518219088816,0.7509875206032721,0.33868135710202973,0.32007427172474545,0.32046321576231385,0.4988035333116958,0.35727873536379806
0.38988350654684123,0.3597781645237317,0.29792527002964697,0.34564007418215337,0.3335790054096286,0.33619594669921415,0.33754481983776663,0.36036429601688125,0.38002314318323016,0.3622862329548927,0.3606565319411583,0.3543280201318909,0.3476754347765647,0.3583130823220687,0.34324230992219384,0.33687377724963596,0.3372105565869419,0.35064400719835354,0.3003907329088331,0.3392156880823901,0.33752561103314704,0.3031583442401865,0.34846722596930635,0.34138955019827355,0.3165044131420969,0.3270015468094033,0.34861703756993345,0.3629519151632373,1.0,0.38001134711959883,0.3331656994279343,0.33827362234128366,0.0,0.345957091991539,0.3452666842346458,0.34960795303246406,0.3191972195369661,0.3453957706427494,0.31658832130892645,0.3520917754757137,0.33004712267054204,0.3427080931512877,0.35215314430687505,0.35731705568924266,0.3549784891914207,0.4218029077791493,0.3457785176303876,0.3453037110730258,0.35287956767338224,0.6149238485295196
0.43600285373000147,0.3591311325023433,0.3093291750094037,0.32567932619990825,0.351829548726329,0.32919802929386843,0.34526001171539233,0.3299552130841832,0.4612326901678838,0.34106893682968964,0.3778820401270352,0.3281432249281908,0.36935288932306864,0.32342819961428515,0.31994936847871436,0.35705179914455587,0.3408386415867912,0.3575983615291627,0.30666121976125527,0.35106076738636105,0.3531832331795589,0.30817685425341446,0.35502411179016535,0.3533855225506357,0.3194783020729023,0.33734522006311374,0.3588939423508919,0.3284735748450661,0.38001134711959883,1.0,0.3083402498266866,0.3425262659276165,0.0,0.3464571778004615,0.350583524266994,0.32019014294524406,0.3347393135044455,0.3511647322605951,0.2817806901417995,0.37117032795802996,0.3177573982009154,0.3517508340488398,0.36600848651724116,0.3286759226661484,0.32401497425521186,0.3745495483068607,0.3576470933999486,0.35774685504495685,0.33033447625837875,0.3929388961661434
0.3107317724298255,0.3080418726497762,0.2472803686182803,0.5340585942048992,0.3085361364091087,0.28266068218568663,0.27753279376864604,0.4962771968166054,0.3204367475906539,0.5462828620134155,0.310536049219838,0.47879315434257197,0.3022341531822945,0.537265697726152,0.5312401470450093,0.28547890702976275,0.2959501306624426,0.294241196525572,0.25857193204435913,0.28139690808672657,0.28364750031537533,0.2560056496748069,0.29681091608814725,0.2960225699949095,0.2830906356269812,0.29572633083187827,0.2975907614868514,0.505729262236675,0.3331656994279343,0.3083402498266866,1.0,0.301757663952273,0.0,0.2908200560582337,0.29318981202276995,0.42819089859560844,0.27000098532250105,0.29277299232759235,0.39951520831392184,0.2952538404871764,0.6439246936020295,0.29411632552677536,0.29876971271740005,0.5053749936966122,0.4943396548882172,0.32116220617561375,0.295792898924373,0.2958958933179,0.46112754525975075,0.3395397166867613
0.35940363716613133,0.4457526978315527,0.2673743678278956,0.33163513029909786,0.4869223973290935,0.44026507765856915,0.3853638950138839,0.3313201281728395,0.3473505956070122,0.32340015760888974,0.5035461453202901,0.3242443863221488,0.5483580689955478,0.31937932030313176,0.3241678525238805,0.4013868166794611,0.4839506379594074,0.49833863440804294,0.48993618035506314,0.3858399938797352,0.4997760062144039,0.4929996350616911,0.5293975032261389,0.45840882068436595,0.45044579956784003,0.45022810457173,0.5186906139196242,0.3201664709266572,0.33827362234128366,0.3425262659276165,0.301757663952273,1.0,0.0,0.5112687537940732,0.4382386484812907,0.30611648016721016,0.3847865214324053,0.5112889223836069,0.2879638745014296,0.5219746057786869,0.3049484663319877,0.44376284364787244,0.5356939404591086,0.3261670136345506,0.3284955681506919,0.319905434036431,0.4594427284319812,0.4597792346216414,0.3060043842760186,0.3418898038468634
0.0,0.0,0.0,0.0,0.0,0.0,0.0,0.0,0.0,0.0,0.0,0.0,0.0,0.0,0.0,0.0,0.0,0.0,0.0,0.0,0.0,0.0,0.0,0.0,0.0,0.0,0.0,0.0,0.0,0.0,0.0,0.0,1.0,0.0,0.0,0.0,0.0,0.0,0.0,0.0,0.0,0.0,0.0,0.0,0.0,0.0,0.0,0.0,0.0,0.0
0.35693506736470737,0.4488352038876855,0.2737032206322809,0.30251175857714285,0.46013685515233416,0.43010098732986346,0.40088819801618614,0.31980361010139746,0.3459885973282453,0.30963870438116425,0.5111870393035343,0.3104160699747269,0.5554364312848126,0.30672794079284127,0.3031338470081244,0.40196417524215,0.44215901313068096,0.5202185963254058,0.44505041619372776,0.4024001807848292,0.5294782133134829,0.5557980616594227,0.6578001311103834,0.44241700831483877,0.4064679195653004,0.4200912733124096,0.5324412457330576,0.31174512158958156,0.345957091991539,0.3464571778004615,0.2908200560582337,0.5112687537940732,0.0,1.0,0.4561535777370226,0.3231522474899746,0.3837731407370616,0.5049599211348024,0.2986076777920289,0.5399963327509476,0.29163193539295273,0.450078317102394,0.5398551292624714,0.3145310170460712,0.3171288984823699,0.3159350973695775,0.45492349488742767,0.45529374198656636,0.30368907873047357,0.34559662678978265
0.35810642502862033,0.5707031992845784,0.26560818551655097,0.31097637182218096,0.4304519525356345,0.5436239851519263,0.4060007252462613,0.3239443894841578,0.3454790319094918,0.3207275596675381,0.4693485477728474,0.32152955856247734,0.4589575143476038,0.3115978320545577,0.30597705998550706,0.40484017929139027,0.4993053888659753,0.45857605722867156,0.3984184098953808,0.40481395756896843,0.44657207809360333,0.4112436507766587,0.4627147662643898,0.5830644118692786,0.5416038523851094,0.5081727463299865,0.457275350663781,0.31461924055174617,0.3452666842346458,0.350583524266994,0.29318981202276995,0.4382386484812907,0.0,0.4561535777370226,1.0,0.31337890323020057,0.3825489733344929,0.43792152660106753,0.2919069242049539,0.45928440606752274,0.29753193738217176,0.5000353123573957,0.4672564641648219,0.3181048722696773,0.32055115034359327,0.3136165860674659,0.49987371013955595,0.4995662268270058,0.3092699995643472,0.3418609125036689
0.3287865129168541,0.31508915692624917,0.2597286496196085,0.44844285036784504,0.29852235989536613,0.3088180448093848,0.3143962895149969,0.4438105867744544,0.326185984665066,0.4646326384404912,0.3284414049778036,0.43708341281922514,0.3104500798527332,0.4457887811163376,0.4428469888688513,0.3102168529336552,0.3155991926641022,0.32632392567123947,0.2808044340317728,0.313342235616076,0.31485882192015746,0.2841462384118819,0.3251400764181448,0.31466713130197876,0.28861241990394726,0.30855464438824387,0.31447983796796075,0.4445767964006818,0.34960795303246406,0.32019014294524406,0.42819089859560844,0.30611648016721016,0.0,0.3231522474899746,0.31337890323020057,1.0,0.2969395099570399,0.30385128955607066,0.42625708417380315,0.31826506212420413,0.43586619932031834,0.3135506487159112,0.31586107419117304,0.4473417411420898,0.44808778121027937,0.32511844533042467,0.31131876208552034,0.3106097788810366,0.4486547896598527,0.3559740835109565
0.3331875732878592,0.36906791482350554,0.24973823150993735,0.29222438024068764,0.3656364679515781,0.36543305680038485,0.7727017962343827,0.2920920401805023,0.33581240297439774,0.29482040104413376,0.3906950448162442,0.28373769318956166,0.3843019930988846,0.28230131903741074,0.28601416113837685,0.7407331912947879,0.37762831730042046,0.4107978932182548,0.35480095051407734,0.7824731021658927,0.39910894492940574,0.3567961979417601,0.41222367094019874,0.38755997465098657,0.36347878689236046,0.377207181836412,0.37995625451809756,0.284524971677512,0.3191972195369661,0.3347393135044455,0.27000098532250105,0.3847865214324053,0.0,0.3837731407370616,0.3825489733344929,0.2969395099570399,1.0,0.36016087121637996,0.26714699538569187,0.36726544212029033,0.2717698848833223,0.3732921464454224,0.38163171526791684,0.28827835263777213,0.28634070067116857,0.29403590394862555,0.3627050714396596,0.3611878369186432,0.2821621991452544,0.32454922658923635
0.35991816786517705,0.46514216150240373,0.27448608952982456,0.3095660600886687,0.47842073111476413,0.43365726486595946,0.3748593377622551,0.33313428759058583,0.34293517854944144,0.3238387470451106,0.513022260710229,0.31472548459806216,0.5278245697443686,0.31349530679658855,0.3084369906609079,0.37946503461852377,0.4233763803419852,0.4935016837991667,0.42251321282477206,0.38098674044112213,0.500471345750277,0.4561503827617348,0.5227722517650171,0.4325882448815572,0.4092591619007524,0.42633384929279095,0.5913532366195369,0.32905382746388434,0.3453957706427494,0.3511647322605951,0.29277299232759235,0.5112889223836069,0.0,0.5049599211348024,0.43792152660106753,0.30385128955607066,0.36016087121637996,1.0,0.2859686908045461,0.5460871816638806,0.3042071610491658,0.4522254772550558,0.629525980420318,0.3304264699906593,0.32202178972351414,0.32254988693291997,0.4700436972680575,0.4697637477959087,0.3266984890260748,0.34940184873501956
0.29627761267405217,0.28876781615401137,0.23309511898022028,0.4266312202654702,0.29877418864566274,0.29323618477123436,0.2831493120256783,0.4322899308977384,0.2860869714676886,0.4420999069845446,0.29416815476452907,0.42404161536547447,0.2842051933789038,0.42389036076559994,0.4172756156448171,0.2752745490841674,0.2971886380872659,0.29295187560555347,0.2504385718168518,0.2811916210489449,0.27743867770531094,0.25583765445454,0.29678141429350435,0.28304530155025276,0.2692695402987181,0.28095126043126784,0.2796761513683882,0.4315627316016861,0.31658832130892645,0.2817806901417995,0.39951520831392184,0.2879638745014296,0.0,0.2986076777920289,0.2919069242049539,0.42625708417380315,0.26714699538569187,0.2859686908045461,1.0,0.2887378439855066,0.4062605132137548,0.2886083452956808,0.2865867677485461,0.4307170164044418,0.4381249392421267,0.29274281157218485,0.2891314859637736,0.2883955712761118,0.4117216469469076,0.3227927045644303
0.36268299654689584,0.46109042324945615,0.2821991487514086,0.3068836244239671,0.47663358559740376,0.43287900529665724,0.3939967832391653,0.3239087652058057,0.3597259248282513,0.3272662436836752,0.5599040390299441,0.3149124228462833,0.5671598472667247,0.31214559416894005,0.3055730944466908,0.39165538996823746,0.4350969006220654,0.5323235758837741,0.45162526462326824,0.400089434204825,0.5424333323900009,0.48933734719389643,0.5605658111693756,0.4474027936925057,0.40586994241454377,0.43787244585831053,0.5740113807174643,0.31813720843563753,0.3520917754757137,0.37117032795802996,0.2952538404871764,0.5219746057786869,0.0,0.5399963327509476,0.45928440606752274,0.31826506212420413,0.36726544212029033,0.5460871816638806,0.2887378439855066,1.0,0.2992428382763258,0.4644234901023969,0.5785784401262537,0.31784545957360677,0.31913356540150717,0.3384126719029489,0.4829095658348158,0.4841711502288948,0.31877744837509725,0.36078205133579333
