../ecoli_genomes/GCF_000163235.1_ASM16323v1_genomic.fna.gz,../ecoli_genomes/GCF_000164555.1_ASM16455v1_genomic.fna.gz,../ecoli_genomes/GCF_000208545.1_ASM20854v2_genomic.fna.gz,../ecoli_genomes/GCF_000233875.1_ASM23387v1_genomic.fna.gz,../ecoli_genomes/GCF_000249735.1_ASM24973v2_genomic.fna.gz,../ecoli_genomes/GCF_000261145.1_Esch_coli_M919_V2_genomic.fna.gz,../ecoli_genomes/GCF_000267705.2_ASM26770v2_genomic.fna.gz,../ecoli_genomes/GCF_000350665.1_Esch_coli_KTE5_V1_genomic.fna.gz,../ecoli_genomes/GCF_000351625.1_Esch_coli_KTE66_V1_genomic.fna.gz,../ecoli_genomes/GCF_000352285.1_Esch_coli_KTE46_V1_genomic.fna.gz,../ecoli_genomes/GCF_000358895.1_ASM35889v1_genomic.fna.gz,../ecoli_genomes/GCF_000456385.1_Esch_coli_HVH_26_4-5703913_V1_genomic.fna.gz,../ecoli_genomes/GCF_000458195.1_Esch_coli_HVH_147_4-5893887_V1_genomic.fna.gz,../ecoli_genomes/GCF_000459755.1_Esch_coli_KOEGE_58_171a_V1_genomic.fna.gz,../ecoli_genomes/GCF_000460055.1_Esch_coli_UMEA_3053-1_V1_genomic.fna.gz,../ecoli_genomes/GCF_000462165.2_ASM46216v2_genomic.fna.gz,../ecoli_genomes/GCF_000601135.1_ASM60113v1_genomic.fna.gz,../ecoli_genomes/GCF_000614595.1_Ec2010EL1058_genomic.fna.gz,../ecoli_genomes/GCF_000617745.1_Ec2010C-4529_genomic.fna.gz,../ecoli_genomes/GCF_000618265.2_EcF6751_genomic.fna.gz,../ecoli_genomes/GCF_000619005.2_Ec2009C-4052_genomic.fna.gz,../ecoli_genomes/GCF_000619105.1_Ec2009C-4780_genomic.fna.gz,../ecoli_genomes/GCF_000619765.2_Ec2009C-3279_genomic.fna.gz,../ecoli_genomes/GCF_000687005.1_ASM68700v1_genomic.fna.gz,../ecoli_genomes/GCF_000687025.1_ASM68702v1_genomic.fna.gz,../ecoli_genomes/GCF_000700125.1_ASM70012v1_genomic.fna.gz,../ecoli_genomes/GCF_000753315.1_FHI35_genomic.fna.gz,../ecoli_genomes/GCF_000776375.1_ASM77637v1_genomic.fna.gz,../ecoli_genomes/GCF_000779395.1_ASM77939v1_genomic.fna.gz,../ecoli_genomes/GCF_000780315.1_ASM78031v1_genomic.fna.gz,../ecoli_genomes/GCF_000781995.1_ASM78199v1_genomic.fna.gz,../ecoli_genomes/GCF_000986765.1_ASM98676v1_genomic.fna.gz,../ecoli_genomes/GCF_001041375.1_ViralProj287958_genomic.fna.gz,../ecoli_genomes/GCF_001265335.1_302014_genomic.fna.gz,../ecoli_genomes/GCF_001265625.1_100854_genomic.fna.gz,../ecoli_genomes/GCF_001267345.1_303289_genomic.fna.gz,../ecoli_genomes/GCF_001309985.1_ASM130998v1_genomic.fna.gz,../ecoli_genomes/GCF_001521695.1_ASM152169v1_genomic.fna.gz,../ecoli_genomes/GCF_001592595.1_ASM159259v1_genomic.fna.gz,../ecoli_genomes/GCF_001614975.1_ASM161497v1_genomic.fna.gz,../ecoli_genomes/GCF_001692775.1_ASM169277v1_genomic.fna.gz,../ecoli_genomes/GCF_001748915.1_ASM174891v1_genomic.fna.gz,../ecoli_genomes/GCF_001749235.1_ASM174923v1_genomic.fna.gz,../ecoli_genomes/GCF_001881155.1_ASM188115v1_genomic.fna.gz,../ecoli_genomes/GCF_001881345.1_ASM188134v1_genomic.fna.gz,../ecoli_genomes/GCF_001892405.1_ASM189240v1_genomic.fna.gz,../ecoli_genomes/GCF_001892585.1_ASM189258v1_genomic.fna.gz,../ecoli_genomes/GCF_001893985.1_ASM189398v1_genomic.fna.gz,../ecoli_genomes/GCF_002001595.1_ASM200159v1_genomic.fna.gz,../ecoli_genomes/GCF_002002145.1_ASM200214v1_genomic.fna.gz
1.0,0.3782761557297586,0.3188720293889341,0.3392691549010216,0.34462235874669467,0.3763455762527196,0.3588691692780491,0.3465375065683014,0.43298879070929297,0.3453997565465654,0.3750095673223781,0.3506839623398881,0.357054728507179,0.3287473595991105,0.3170243117577858,0.35662100198514146,0.28513615945503956,0.366334356560045,0.2973136286560212,0.3571291652659129,0.35160625167695914,0.3397842192839068,0.3712319164659962,0.32942253318803427,0.3104083628325085,0.27660338603550816,0.367466532621479,0.33960338277452784,0.39063900452683264,0.438923967168271,0.3143840983999373,0.3595303627489207,0.0,0.3703874124534755,0.36818701108826135,0.31374919031427484,0.3358702557596823,0.3700942451731529,0.22842428195370323,0.3774561013273037,0.319464439823788,0.3580736864927897,0.3695618978175891,0.34870182487763646,0.3578474767640084,0.373776572496188,0.358075724765369,0.3612002007039734,0.32882064983687376,0.4039758979867899
0.3782761557297586,1.0,0.3014476315229341,0.3268898466097838,0.4267267084391646,0.5709922533595021,0.3957806851787129,0.3348083416103025,0.3623766660696809,0.34396173059039703,0.46572338805312996,0.33189099771014274,0.44669006617059204,0.31992870697263986,0.31570941394367336,0.392363826583612,0.312606338660098,0.45802967107242765,0.36254992723732615,0.39749511350598354,0.43928588041624317,0.4186101412655837,0.45428706384709394,0.43841831109118,0.3822082841889447,0.30131059624673184,0.45767224219794755,0.33647959490298307,0.3702928912674145,0.3637160974398298,0.312783720772034,0.41591754253038526,0.0,0.4432974876798699,0.5517086201588082,0.3050741876489783,0.3715917541232354,0.4565936575057885,0.17347743069556043,0.44997332514910027,0.31497536314538244,0.49162974171324436,0.46263588154254665,0.3412668675619157,0.34421848036445846,0.34103073713313437,0.4833950895395205,0.4889123405526846,0.3411736448155531,0.36755516398530086
0.3188720293889341,0.3014476315229341,1.0,0.26294531597010184,0.26581632833049684,0.28626621701596167,0.2802341663137631,0.2677995729308056,0.3106532004250855,0.27164582047522046,0.303803684288239,0.2599287880571106,0.2875949152095407,0.2673777079245997,0.2569742400246713,0.27669261612202656,0.18281818869195987,0.296293559318638,0.23745985666206904,0.28210368564541866,0.2883593776309261,0.27444955316611896,0.29467415266900776,0.2232733352338956,0.1972819096066969,0.1745898801422947,0.2982165662423806,0.27293080003597037,0.3121781410315243,0.31611738103359655,0.2538827463121045,0.2650598222598938,0.0,0.28800782772826083,0.27239339976809207,0.2604343691919516,0.2616213708416487,0.28632023745146506,0.13801503185145958,0.29637439349864925,0.25979806217136325,0.28774601366810404,0.30034159613317424,0.273696046633787,0.2688942287042122,0.29557393928856524,0.2812028585706535,0.28338824652438943,0.2784122752804885,0.31757653047049605
0.3392691549010216,0.3268898466097838,0.26294531597010184,1.0,0.33459343495681504,0.3330962039374811,0.31352684279794263,0.5434937138020346,0.34648946717982976,0.5621727372053366,0.3240735545781174,0.5351430418195997,0.32780686501933376,0.5826913854000939,0.5982233141210522,0.32783606856904335,0.22991241854866262,0.3196993782961114,0.258971890796044,0.313595164384016,0.30607682302974504,0.2947611091392851,0.3283362933443096,0.2717990203288184,0.25413641398767906,0.2194277079670568,0.3186817785966669,0.5542912250568135,0.356789637499052,0.3416170867358389,0.5421276206226295,0.32664802806614224,0.0,0.3159233475110955,0.30875237269464473,0.43633064265630084,0.30547330718633836,0.31005407039527766,0.26505973945475114,0.31058492306994634,0.557594739791204,0.31293149337231463,0.3189683069271758,0.5559148722834713,0.5435726534042269,0.3497902275068052,0.30922845717757874,0.3126577225650099,0.49499011283070593,0.37147872488978073
0.34462235874669467,0.4267267084391646,0.26581632833049684,0.33459343495681504,1.0,0.4598492729173229,0.3648583366831384,0.3359389796854422,0.35530767625389925,0.34238358228437027,0.5209920821554138,0.32024510857995436,0.4925463288565666,0.3109959303458586,0.3366571001561791,0.4025165658095651,0.3442968272647684,0.446293905899815,0.35781452732502916,0.36704066986477524,0.4461246966500728,0.4153874650366888,0.4561573133588471,0.4174923275614182,0.3673601945990739,0.34019665791230824,0.4610293300511531,0.3033646323908953,0.3438302748156765,0.36144078645807765,0.31199017675283713,0.4848137837770512,0.0,0.45441759887348687,0.4263260269511375,0.2859081692955111,0.3626261668775279,0.4626974756699139,0.18971873334375455,0.4691810131426549,0.3232638461538416,0.4299761535985147,0.4713281454847148,0.3116963001461409,0.318456104661075,0.31921512150519316,0.4336389049648982,0.43994725805283386,0.3066458185259662,0.33650489367064695
0.3763455762527196,0.5709922533595021,0.28626621701596167,0.3330962039374811,0.4598492729173229,1.0,0.40896309243749096,0.3408502160453517,0.36044683429649527,0.33518387579359266,0.4664527889832719,0.32849596696993955,0.4540819016713413,0.32350599626495014,0.32171769404286965,0.40787427910608587,0.34907780193039495,0.46508810655517263,0.37305647169783873,0.40689027901075203,0.44329626761509744,0.42350578237112846,0.466993046091844,0.4653186175487478,0.42124729083299783,0.33736740974033486,0.4515569939870493,0.3273293443569367,0.37246845319867894,0.3644707349126025,0.31342746713603586,0.4454341615087333,0.0,0.468136848653546,0.565719256056326,0.3174776823600295,0.3868014055556933,0.45153960069031795,0.19119038804053534,0.45240687892894105,0.31899325922220223,0.498290171782373,0.4630369950995724,0.33350416884750334,0.3394790104577937,0.3434370578749869,0.4943507209910405,0.502813026219971,0.3282561680134808,0.3730201569345214
0.3588691692780491,0.3957806851787129,0.2802341663137631,0.31352684279794263,0.3648583366831384,0.40896309243749096,1.0,0.31426296392803565,0.35257868157330874,0.3153661448963728,0.41089371664796237,0.3007720427211209,0.39331563083919574,0.30671429377752757,0.2999813446176456,0.7491887335682722,0.2526270988782017,0.44638406225510485,0.35328570084716215,0.8640163392751011,0.43594364175299016,0.4046174100490494,0.4451346074320536,0.31014835245426753,0.2779054913373432,0.24831310161964193,0.41348902714444324,0.3142171540226292,0.3500746230779477,0.35478239663360234,0.29640022885470096,0.3713849393895271,0.0,0.40978266005737995,0.4006110092283134,0.30853453277151555,0.7860893818943555,0.38409442556762263,0.16105988067186305,0.3955077952273912,0.29650002937641484,0.3995252140354403,0.41391113400025936,0.3144609132830176,0.31174489027536356,0.3272057819662877,0.3769030264016958,0.38048606998409196,0.30937926979176733,0.3560023596294726
0.3465375065683014,0.3348083416103025,0.2677995729308056,0.5434937138020346,0.3359389796854422,0.3408502160453517,0.31426296392803565,1.0,0.33574781379807406,0.5392191049477174,0.32882188761586173,0.5250924110611989,0.33320613935015464,0.5255168238695398,0.5201442547380102,0.3237497735071413,0.25345628217686367,0.32692058363848586,0.26745536559114225,0.31322701142778286,0.31227604840977385,0.3027356454410215,0.32853176216033864,0.29581177810298165,0.27204280094724065,0.23559168597071412,0.3247346379682866,0.702937408836171,0.36343685656866276,0.3400389647275873,0.5130724359822708,0.32881509392149555,0.0,0.32822672616463267,0.3253386583955117,0.42854670103041925,0.29898180222311566,0.33582090835437595,0.27520706240846715,0.3302794793036754,0.5161083994639204,0.3195037957621485,0.3273577097537661,0.7104337035813046,0.6871158035186896,0.3496839725676196,0.32033819478130876,0.3225120311474923,0.4880095903311129,0.3678979002253566
0.43298879070929297,0.3623766660696809,0.3106532004250855,0.34648946717982976,0.35530767625389925,0.36044683429649527,0.35257868157330874,0.33574781379807406,1.0,0.3561966349219917,0.3700303614881192,0.31616502373507627,0.3694263361790111,0.3348861023305275,0.33903271194094,0.3637267499144441,0.21708204575295187,0.3628797174564298,0.28682874695093985,0.35567375881446184,0.34925852891033204,0.33444147805928637,0.3644034096559531,0.28555931680795466,0.24525931784791377,0.22121600708411115,0.3693290873782221,0.32734284645371026,0.3884998117024103,0.4653599200289469,0.3339825148633049,0.33877076681159457,0.0,0.3538266498722974,0.33841940290649286,0.31787087485536336,0.34107229730223176,0.3478005191083723,0.16801656654137065,0.3586247542955405,0.33131275517725467,0.35062425334935543,0.37151084767871423,0.32268858049164884,0.31819291006121597,0.36285484087586484,0.33838873415452764,0.3413744477941344,0.3261936992800726,0.3988288426735871
0.3453997565465654,0.34396173059039703,0.27164582047522046,0.5621727372053366,0.34238358228437027,0.33518387579359266,0.3153661448963728,0.5392191049477174,0.3561966349219917,1.0,0.34241663784984955,0.5070821920821127,0.34282886968819615,0.5465062311947921,0.5439502106350604,0.33185767301444624,0.20149186336910485,0.3286147495912677,0.26552032242137935,0.3172933419002383,0.31191716302832284,0.30247435135744116,0.326074606710004,0.25969547451371766,0.23302225019850664,0.2079581256858658,0.33028336110799017,0.5435947926694207,0.36451329833997237,0.35042998363004685,0.5597420588336498,0.31463257627274543,0.0,0.3160412604941816,0.3075394377326657,0.4425366575913603,0.3042852305222684,0.3221615131336345,0.2463666610803652,0.3216942072405755,0.5644911071428473,0.32340569768805305,0.32800154222296707,0.5344792339856307,0.537090516908722,0.34764076690910606,0.31102456313694793,0.31342383831870047,0.5153224326228252,0.362648049945108
0.3750095673223781,0.46572338805312996,0.303803684288239,0.3240735545781174,0.5209920821554138,0.4664527889832719,0.41089371664796237,0.32882188761586173,0.3700303614881192,0.34241663784984955,1.0,0.3163841818888877,0.54922923219538,0.3290815275580533,0.3196864021971497,0.40521426148618667,0.2761042706056771,0.5359243851284314,0.4250966932097816,0.4122569441896382,0.5215777260892334,0.5125813823829919,0.5392356513391264,0.35218056269227793,0.30117054749155303,0.2793016959779018,0.5440635763836672,0.33875652677766455,0.3707513006999261,0.3847237192347792,0.3160800575775975,0.46622510139649886,0.0,0.5180651017677602,0.4520842846312416,0.32039888972636665,0.38259817984384326,0.5094860082876189,0.16480596600415554,0.5458786429932934,0.3196723964928667,0.48731762762093955,0.548912095731956,0.3304361949615082,0.32882098456751363,0.34594707521755697,0.4618758953804385,0.46659116556864355,0.3355515909344545,0.3731103509616136
0.3506839623398881,0.33189099771014274,0.2599287880571106,0.5351430418195997,0.32024510857995436,0.32849596696993955,0.3007720427211209,0.5250924110611989,0.31616502373507627,0.5070821920821127,0.3163841818888877,1.0,0.3143402584295104,0.517372203791809,0.6004993288657765,0.3050287056322999,0.30624266902959374,0.30798505023492684,0.2597986067452246,0.2990890651036233,0.3032725908589866,0.29332689690630875,0.31895729324323785,0.32931544364121146,0.32353055491994154,0.2595351756051233,0.3076922870547537,0.5105669743701313,0.3525741339748879,0.3317512598520137,0.47739069658322864,0.33824920815006854,0.0,0.3239094763675686,0.3406376869261418,0.4106428896448321,0.2847262051709387,0.3249604397216914,0.3379966341888989,0.33727485496740117,0.49077216408101576,0.3062117200364993,0.3156050787518422,0.5351430418195997,0.5329246359328372,0.3462086456005956,0.3414642789202156,0.3416998184702291,0.4629853014357759,0.35081408672835046
0.357054728507179,0.44669006617059204,0.2875949152095407,0.32780686501933376,0.4925463288565666,0.4540819016713413,0.39331563083919574,0.33320613935015464,0.3694263361790111,0.34282886968819615,0.54922923219538,0.3143402584295104,1.0,0.320914929394013,0.33250345485750876,0.4056323916913678,0.26980501139360047,0.5241097644565691,0.5280123557326597,0.39506562298876235,0.5226932317687925,0.5789289786173608,0.5655016525135581,0.35282425415938834,0.2984214309221219,0.27187403627716966,0.5480829752209382,0.32441805367667176,0.35247254526465976,0.37887719579638357,0.31437584504327276,0.5229950202299191,0.0,0.5438671943039848,0.4335910407835959,0.30282462106347574,0.3822123173558156,0.507920269213637,0.15937508538196887,0.5404933693496112,0.32246213510522703,0.4588165774069687,0.5480985103175455,0.3171597733033753,0.31612946111320506,0.32608506805692794,0.4386180357576509,0.4420341486519096,0.3208377097671129,0.35568958767962866
0.3287473595991105,0.31992870697263986,0.2673777079245997,0.5826913854000939,0.3109959303458586,0.32350599626495014,0.30671429377752757,0.5255168238695398,0.3348861023305275,0.5465062311947921,0.3290815275580533,0.517372203791809,0.320914929394013,1.0,0.5831129211516302,0.31037308262936725,0.19656900762100815,0.32054390386039244,0.2628029927340487,0.30868855426296593,0.3022235872479967,0.2987063945337257,0.32265083710007036,0.24363800994593698,0.21674107078072147,0.19321932383211482,0.32160573204163134,0.5589421422068477,0.36114688164581776,0.3339607217304216,0.5281976087155416,0.3015508977433512,0.0,0.30965895728699366,0.299161061998816,0.4379004562667249,0.29291612748777907,0.30974313730035363,0.24504714016864593,0.3081300069574434,0.5423983975758737,0.3120596400868738,0.3171799224138816,0.5476894488334899,0.5335059429561543,0.34922757146862005,0.3003899039911099,0.30416869332654506,0.499351523484203,0.3663552193448516
0.3170243117577858,0.31570941394367336,0.2569742400246713,0.5982233141210522,0.3366571001561791,0.32171769404286965,0.2999813446176456,0.5201442547380102,0.33903271194094,0.5439502106350604,0.3196864021971497,0.6004993288657765,0.33250345485750876,0.5831129211516302,1.0,0.318737349232008,0.20547240493238295,0.31084888374145137,0.25584137896868353,0.30115605350228103,0.2989581036122222,0.2915601818372995,0.31881116870428705,0.25614151998837587,0.22928483446154047,0.20970356088132136,0.31482948676114497,0.5262462635541376,0.3471283805336619,0.33353435084817773,0.5371368035550941,0.31267440768920707,0.0,0.3057772998219245,0.2981846712696975,0.4257306958901427,0.29435287555803846,0.30721943413734754,0.23738976084137797,0.30293843683381017,0.5496633369506032,0.3061030462484796,0.3154715992978143,0.5192606236444888,0.5090145760497781,0.3422752068159983,0.301994087177194,0.3064809606753256,0.4823230711512918,0.3649213835142612
0.35662100198514146,0.392363826583612,0.27669261612202656,0.32783606856904335,0.4025165658095651,0.40787427910608587,0.7491887335682722,0.3237497735071413,0.3637267499144441,0.33185767301444624,0.40521426148618667,0.3050287056322999,0.4056323916913678,0.31037308262936725,0.318737349232008,1.0,0.25716424533370474,0.42252482367826105,0.3443657364549775,0.7541204667212383,0.40937825872911404,0.3912178255859361,0.42472006521787353,0.32103351851359985,0.29304569421091997,0.275093361556351,0.400659193084527,0.31127355723693384,0.3444693032667512,0.36605033888477834,0.3102660650691992,0.37967858746497773,0.0,0.3994168224503183,0.3897083582430758,0.30376020719324925,0.7403871249080124,0.38188491837734595,0.1558077920199219,0.38716303067374147,0.31086850541803956,0.39103144030931514,0.40486513520716405,0.3106651888464348,0.3130106587206639,0.32379730186682953,0.3731657437822671,0.3768217323952713,0.30967372066583676,0.3472215736993355
0.28513615945503956,0.312606338660098,0.18281818869195987,0.22991241854866262,0.3442968272647684,0.34907780193039495,0.2526270988782017,0.25345628217686367,0.21708204575295187,0.20149186336910485,0.2761042706056771,0.30624266902959374,0.26980501139360047,0.19656900762100815,0.20547240493238295,0.25716424533370474,1.0,0.2732861655513562,0.23151881621353576,0.2509519591180319,0.26962666444474603,0.26245424138410267,0.2880974916211593,0.5899950893599835,0.6423930194804466,0.47288566738793525,0.27186595394073865,0.20230121278455482,0.2325865507685545,0.23891722369541368,0.18988632819480855,0.4329855093770725,0.0,0.33475510572066336,0.42830409294077243,0.19394717902288916,0.24420386297603158,0.30747707651326917,0.3999756053731006,0.37966466728111037,0.19422118447713055,0.29420786767347007,0.28011787236976393,0.27047799688318286,0.2690789476439488,0.25214827620346847,0.42536894299771555,0.4177217132118991,0.19523162587154896,0.2380885330165351
0.366334356560045,0.45802967107242765,0.296293559318638,0.3196993782961114,0.446293905899815,0.46508810655517263,0.44638406225510485,0.32692058363848586,0.3628797174564298,0.3286147495912677,0.5359243851284314,0.30798505023492684,0.5241097644565691,0.32054390386039244,0.31084888374145137,0.42252482367826105,0.2732861655513562,1.0,0.4663075760941984,0.44525758345626953,0.5586844574831886,0.5337106747415132,0.575351778429787,0.3465549831375784,0.29777007855564996,0.27014707927171966,0.5506528661698251,0.329922946807674,0.3649255043304567,0.376428263472962,0.3089840388691446,0.4669897477018037,0.0,0.5273209730631737,0.4504288894886054,0.3256028376904281,0.42121222044814477,0.4964388289374758,0.1651892308444275,0.5246530752958963,0.30749409598292277,0.4783209802656405,0.5416293483224182,0.3238472936172775,0.32037113533078987,0.33952245682690185,0.44891830253557274,0.4523062898670558,0.3212489071467538,0.36993426976795074
0.2973136286560212,0.36254992723732615,0.23745985666206904,0.258971890796044,0.35781452732502916,0.37305647169783873,0.35328570084716215,0.26745536559114225,0.28682874695093985,0.26552032242137935,0.4250966932097816,0.2597986067452246,0.5280123557326597,0.2628029927340487,0.25584137896868353,0.3443657364549775,0.23151881621353576,0.4663075760941984,1.0,0.3474591791006071,0.4430668046727857,0.5347244232750392,0.45367896779388805,0.2836280187996446,0.25117080772394995,0.22361923317044174,0.4323743726009741,0.2699351642797615,0.2901431459969557,0.29834186558059095,0.2518968763484475,0.45693491097114014,0.0,0.4186013096324531,0.3631850682059071,0.25901365172367885,0.338532634140299,0.39655855395222306,0.13760202873814453,0.42107290469167347,0.25392824057904917,0.37047984328851347,0.42631719639539467,0.269950043005031,0.26789308162543846,0.2739326377411735,0.35212582246903423,0.3568559517340837,0.2585593426639441,0.29966886666322445
0.3571291652659129,0.39749511350598354,0.28210368564541866,0.313595164384016,0.36704066986477524,0.40689027901075203,0.8640163392751011,0.31322701142778286,0.35567375881446184,0.3172933419002383,0.4122569441896382,0.2990890651036233,0.39506562298876235,0.30868855426296593,0.30115605350228103,0.7541204667212383,0.2509519591180319,0.44525758345626953,0.3474591791006071,1.0,0.43501044702769887,0.4023539461122274,0.4448617952233971,0.30827506000868254,0.27813927609464184,0.248973693335103,0.4155174353896891,0.3139601328604701,0.34868955377195265,0.3588816868788567,0.29792683873789005,0.3731634743765815,0.0,0.40965551253005195,0.39754105475942814,0.3081621240453619,0.7853826225139875,0.38702248587865884,0.15877627446919307,0.39898724805861885,0.2981577614387526,0.39989301016571555,0.41628322305667975,0.313595164384016,0.30965263478049776,0.33090497426948384,0.3792715664243904,0.3826075784816573,0.3117745769039727,0.3578340082201029
0.35160625167695914,0.43928588041624317,0.2883593776309261,0.30607682302974504,0.4461246966500728,0.44329626761509744,0.43594364175299016,0.31227604840977385,0.34925852891033204,0.31191716302832284,0.5215777260892334,0.3032725908589866,0.5226932317687925,0.3022235872479967,0.2989581036122222,0.40937825872911404,0.26962666444474603,0.5586844574831886,0.4430668046727857,0.43501044702769887,1.0,0.5193384662906123,0.5717658772294971,0.33861848571280884,0.29507724005578206,0.2751223599863285,0.5422864540217918,0.31629380418888764,0.3466021941084443,0.36755370524498665,0.29407609117716427,0.4680728490708582,0.0,0.5273557393538173,0.43693155339279066,0.3089115531493838,0.40882082058521085,0.49404681489781377,0.1583837005953802,0.519608680705742,0.29972247832291277,0.4375170945613407,0.5265107119240253,0.31385850248437475,0.31369951905441185,0.3328737092286178,0.43778712443202206,0.44166748632902275,0.3098778946874261,0.35201619722402644
0.3397842192839068,0.4186101412655837,0.27444955316611896,0.2947611091392851,0.4153874650366888,0.42350578237112846,0.4046174100490494,0.3027356454410215,0.33444147805928637,0.30247435135744116,0.5125813823829919,0.29332689690630875,0.5789289786173608,0.2987063945337257,0.2915601818372995,0.3912178255859361,0.26245424138410267,0.5337106747415132,0.5347244232750392,0.4023539461122274,0.5193384662906123,1.0,0.6827414562888987,0.31987410760500723,0.27879491664756695,0.2554792344107337,0.5223343112508798,0.3091361512873566,0.3343578608898842,0.3475561458929144,0.2862203893919706,0.4834454813158424,0.0,0.6089578305810592,0.41235019247346616,0.2941226929783478,0.383452114302245,0.4816822080852228,0.1529355033375348,0.5070542128514606,0.28679594897240124,0.42822319018408506,0.5260105261259657,0.30642373830516156,0.3026683148111271,0.3141633232626799,0.41401275079757005,0.41731178307451877,0.3027631226528067,0.3408179729334089
0.3712319164659962,0.45428706384709394,0.29467415266900776,0.3283362933443096,0.4561573133588471,0.466993046091844,0.4451346074320536,0.32853176216033864,0.3644034096559531,0.326074606710004,0.5392356513391264,0.31895729324323785,0.5655016525135581,0.32265083710007036,0.31881116870428705,0.42472006521787353,0.2880974916211593,0.575351778429787,0.45367896779388805,0.4448617952233971,0.5717658772294971,0.6827414562888987,1.0,0.3523936179749644,0.3133003854540076,0.27851054453450186,0.5775292318194105,0.3309867009893245,0.36321358488404365,0.37398127965260786,0.3104377510335843,0.4974303123143309,0.0,0.6568624832190013,0.44931463608444466,0.319466170789934,0.42053260168815554,0.5202519270527808,0.17115612056956997,0.5438099763939005,0.31198926962864937,0.4620861363106322,0.5605164152786954,0.32957583340846275,0.3276428240821778,0.3436844769139614,0.44527762348149535,0.45065040430113257,0.3258263643877749,0.3678657431399688
0.32942253318803427,0.43841831109118,0.2232733352338956,0.2717990203288184,0.4174923275614182,0.4653186175487478,0.31014835245426753,0.29581177810298165,0.28555931680795466,0.25969547451371766,0.35218056269227793,0.32931544364121146,0.35282425415938834,0.24363800994593698,0.25614151998837587,0.32103351851359985,0.5899950893599835,0.3465549831375784,0.2836280187996446,0.30827506000868254,0.33861848571280884,0.31987410760500723,0.3523936179749644,1.0,0.6090355949457444,0.4693679628565456,0.34516367237235934,0.2479784742638108,0.295209818618243,0.2989611787532501,0.24170577056910514,0.4509187393202977,0.0,0.38239394407567184,0.5199153916785044,0.24236061816998455,0.2975838001018135,0.3609965617474177,0.3227403577892538,0.41310241398980063,0.24896841383587565,0.3744479514913699,0.3471008403934458,0.2968162269318858,0.29904924686527834,0.2878164049172973,0.4551694136807244,0.45018149365391913,0.24616806926298507,0.29003998770667627
0.3104083628325085,0.3822082841889447,0.1972819096066969,0.25413641398767906,0.3673601945990739,0.42124729083299783,0.2779054913373432,0.27204280094724065,0.24525931784791377,0.23302225019850664,0.30117054749155303,0.32353055491994154,0.2984214309221219,0.21674107078072147,0.22928483446154047,0.29304569421091997,0.6423930194804466,0.29777007855564996,0.25117080772394995,0.27813927609464184,0.29507724005578206,0.27879491664756695,0.3133003854540076,0.6090355949457444,1.0,0.49223966571283406,0.2956524128978013,0.2197514871645443,0.24939402197515503,0.2593331016774092,0.215130750771223,0.4524229348494174,0.0,0.35024013611437765,0.4950838445154562,0.2089914335556492,0.27085745409768036,0.3319883437394985,0.39280878964321586,0.3965779985538791,0.21766239050096892,0.32477575760658617,0.30595360441172825,0.2887926589702313,0.28956145870468064,0.2697840265013416,0.443906262052821,0.4385848828469191,0.2244721128335848,0.254195379329778
0.27660338603550816,0.30131059624673184,0.1745898801422947,0.2194277079670568,0.34019665791230824,0.33736740974033486,0.24831310161964193,0.23559168597071412,0.22121600708411115,0.2079581256858658,0.2793016959779018,0.2595351756051233,0.27187403627716966,0.19321932383211482,0.20970356088132136,0.275093361556351,0.47288566738793525,0.27014707927171966,0.22361923317044174,0.248973693335103,0.2751223599863285,0.2554792344107337,0.27851054453450186,0.4693679628565456,0.49223966571283406,1.0,0.2683609338876898,0.19428888659375987,0.22107557161198244,0.23681346065008801,0.19289458714240804,0.3676410734141422,0.0,0.3105427359284513,0.36187547318580304,0.18638737190283372,0.24224189240755545,0.28669557621361164,0.18626627667894768,0.30980431050470936,0.19530550520279444,0.2976875854361615,0.2781136621785747,0.25598422657766295,0.24985840240183788,0.22578238155096098,0.33610545235920675,0.3386559804757784,0.19907977266915244,0.22488433527772766
0.367466532621479,0.45767224219794755,0.2982165662423806,0.3186817785966669,0.4610293300511531,0.4515569939870493,0.41348902714444324,0.3247346379682866,0.3693290873782221,0.33028336110799017,0.5440635763836672,0.3076922870547537,0.5480829752209382,0.32160573204163134,0.31482948676114497,0.400659193084527,0.27186595394073865,0.5506528661698251,0.4323743726009741,0.4155174353896891,0.5422864540217918,0.5223343112508798,0.5775292318194105,0.34516367237235934,0.2956524128978013,0.2683609338876898,1.0,0.32677729818987766,0.3622223947618358,0.3786343244493966,0.30946790650142186,0.4836810212906977,0.0,0.533125142255053,0.4414661529044598,0.31211277140853966,0.39081383952531557,0.5845944278660797,0.16039458511166416,0.5556428005083571,0.31264358956850014,0.46696922874559244,0.6417866573031564,0.32589940525092587,0.31873156581954365,0.34337717816349234,0.44403745140882167,0.4478534717462218,0.32659340038431783,0.3654847586343948
0.33960338277452784,0.33647959490298307,0.27293080003597037,0.5542912250568135,0.3033646323908953,0.3273293443569367,0.3142171540226292,0.702937408836171,0.32734284645371026,0.5435947926694207,0.33875652677766455,0.5105669743701313,0.32441805367667176,0.5589421422068477,0.5262462635541376,0.31127355723693384,0.20230121278455482,0.329922946807674,0.2699351642797615,0.3139601328604701,0.31629380418888764,0.3091361512873566,0.3309867009893245,0.2479784742638108,0.2197514871645443,0.19428888659375987,0.32677729818987766,1.0,0.3674459887289976,0.3349435351029951,0.5133578475445567,0.3055679842589669,0.0,0.3197731506514754,0.30785551243864606,0.4360045353343085,0.2936338524910226,0.3302607452052474,0.24534449787116608,0.31802282243336333,0.5291311818284155,0.3176798478216524,0.32550371914989906,0.7899083803545088,0.7492343165532295,0.3498629589211558,0.31096755930589737,0.3136278472295093,0.5114011369104373,0.3662986380393538
0.39063900452683264,0.3702928912674145,0.3121781410315243,0.356789637499052,0.3438302748156765,0.37246845319867894,0.3500746230779477,0.36343685656866276,0.3884998117024103,0.36451329833997237,0.3707513006999261,0.3525741339748879,0.35247254526465976,0.36114688164581776,0.3471283805336619,0.3444693032667512,0.2325865507685545,0.3649255043304567,0.2901431459969557,0.34868955377195265,0.3466021941084443,0.3343578608898842,0.36321358488404365,0.295209818618243,0.24939402197515503,0.22107557161198244,0.3622223947618358,0.3674459887289976,1.0,0.38678618145360844,0.3465599543962381,0.3356686816866763,0.0,0.35626830572203516,0.3493243599770267,0.3452341871946927,0.3305951246504042,0.34842952068088884,0.17586356190745223,0.35217286182578633,0.34325977095198645,0.3552675823870709,0.3604822355586772,0.3580659644789088,0.3581874747396252,0.4375305565675547,0.3428821990216083,0.3452315276551384,0.3521838759952187,0.6344588852885248
0.438923967168271,0.3637160974398298,0.31611738103359655,0.3416170867358389,0.36144078645807765,0.3644707349126025,0.35478239663360234,0.3400389647275873,0.4653599200289469,0.35042998363004685,0.3847237192347792,0.3317512598520137,0.37887719579638357,0.3339607217304216,0.33353435084817773,0.36605033888477834,0.23891722369541368,0.376428263472962,0.29834186558059095,0.3588816868788567,0.36755370524498665,0.3475561458929144,0.37398127965260786,0.2989611787532501,0.2593331016774092,0.23681346065008801,0.3786343244493966,0.3349435351029951,0.38678618145360844,1.0,0.3296806453516541,0.3469490708256333,0.0,0.36040550470609023,0.35576660376432834,0.3206720732202887,0.34113273764120755,0.3627785888385724,0.1967786065101036,0.38097896348245763,0.33687487709277564,0.35894546157686746,0.38084183926890236,0.3351125288785374,0.33193975460375613,0.3804168950601965,0.35636564185360275,0.3593714160286122,0.3335171554140325,0.40264846537390464
0.3143840983999373,0.312783720772034,0.2538827463121045,0.5421276206226295,0.31199017675283713,0.31342746713603586,0.29640022885470096,0.5130724359822708,0.3339825148633049,0.5597420588336498,0.3160800575775975,0.47739069658322864,0.31437584504327276,0.5281976087155416,0.5371368035550941,0.3102660650691992,0.18988632819480855,0.3089840388691446,0.2518968763484475,0.29792683873789005,0.29407609117716427,0.2862203893919706,0.3104377510335843,0.24170577056910514,0.215130750771223,0.19289458714240804,0.30946790650142186,0.5133578475445567,0.3465599543962381,0.3296806453516541,1.0,0.29304331121935634,0.0,0.29869317812239893,0.28756042941095217,0.4229040730860695,0.2899034127087411,0.3009896472304916,0.2300346962335339,0.29893175338196276,0.6572592632020766,0.30109080578332303,0.3076228789909754,0.5083271234069948,0.4967532665623213,0.33569407197225987,0.29324282339780583,0.2957364068633703,0.4791450272649165,0.34943917511551936
0.3595303627489207,0.41591754253038526,0.2650598222598938,0.32664802806614224,0.4848137837770512,0.4454341615087333,0.3713849393895271,0.32881509392149555,0.33877076681159457,0.31463257627274543,0.46622510139649886,0.33824920815006854,0.5229950202299191,0.3015508977433512,0.31267440768920707,0.37967858746497773,0.4329855093770725,0.4669897477018037,0.45693491097114014,0.3731634743765815,0.4680728490708582,0.4834454813158424,0.4974303123143309,0.4509187393202977,0.4524229348494174,0.3676410734141422,0.4836810212906977,0.3055679842589669,0.3356686816866763,0.3469490708256333,0.29304331121935634,1.0,0.0,0.49968229038919143,0.44479863713862877,0.2819674136100082,0.36318769644878146,0.48969792424507863,0.24986962143097158,0.5256070147624716,0.29669773614555806,0.4220212374976541,0.4995575173227118,0.32664802806614224,0.33092741268871273,0.32568754596013294,0.45812647997905753,0.45802906333146653,0.28912504536906525,0.3338973044048492
0.0,0.0,0.0,0.0,0.0,0.0,0.0,0.0,0.0,0.0,0.0,0.0,0.0,0.0,0.0,0.0,0.0,0.0,0.0,0.0,0.0,0.0,0.0,0.0,0.0,0.0,0.0,0.0,0.0,0.0,0.0,0.0,1.0,0.0,0.0,0.0,0.0,0.0,0.0,0.0,0.0,0.0,0.0,0.0,0.0,0.0,0.0,0.0,0.0,0.0
0.3703874124534755,0.4432974876798699,0.28800782772826083,0.3159233475110955,0.45441759887348687,0.468136848653546,0.40978266005737995,0.32822672616463267,0.3538266498722974,0.3160412604941816,0.5180651017677602,0.3239094763675686,0.5438671943039848,0.30965895728699366,0.3057772998219245,0.3994168224503183,0.33475510572066336,0.5273209730631737,0.4186013096324531,0.40965551253005195,0.5273557393538173,0.6089578305810592,0.6568624832190013,0.38239394407567184,0.35024013611437765,0.3105427359284513,0.533125142255053,0.3197731506514754,0.35626830572203516,0.36040550470609023,0.29869317812239893,0.49968229038919143,0.0,1.0,0.4557718292182972,0.32104765605817787,0.38673133745944155,0.5036671047463417,0.20517515262425712,0.5369104467121174,0.2990491652866685,0.45269747055777165,0.5480286581379348,0.32856046568313024,0.327852440188825,0.33614983120606634,0.45394899668789157,0.45767745518631087,0.3131937819220768,0.3603790715534607
0.36818701108826135,0.5517086201588082,0.27239339976809207,0.30875237269464473,0.4263260269511375,0.565719256056326,0.4006110092283134,0.3253386583955117,0.33841940290649286,0.3075394377326657,0.4520842846312416,0.3406376869261418,0.4335910407835959,0.299161061998816,0.2981846712696975,0.3897083582430758,0.42830409294077243,0.4504288894886054,0.3631850682059071,0.39754105475942814,0.43693155339279066,0.41235019247346616,0.44931463608444466,0.5199153916785044,0.4950838445154562,0.36187547318580304,0.4414661529044598,0.30785551243864606,0.3493243599770267,0.35576660376432834,0.28756042941095217,0.44479863713862877,0.0,0.4557718292182972,1.0,0.29590288678930177,0.3741085995262745,0.43503387562022644,0.2692368439751942,0.48442595727642257,0.2879164654809213,0.48252166998138923,0.45245432641379035,0.3227346541840731,0.32578059213507793,0.3343275891823081,0.5180258255399052,0.519402224873208,0.3051011914316084,0.3475451864056446
0.31374919031427484,0.3050741876489783,0.2604343691919516,0.43633064265630084,0.2859081692955111,0.3174776823600295,0.30853453277151555,0.42854670103041925,0.31787087485536336,0.4425366575913603,0.32039888972636665,0.4106428896448321,0.30282462106347574,0.4379004562667249,0.4257306958901427,0.30376020719324925,0.19394717902288916,0.3256028376904281,0.25901365172367885,0.3081621240453619,0.3089115531493838,0.2941226929783478,0.319466170789934,0.24236061816998455,0.2089914335556492,0.18638737190283372,0.31211277140853966,0.4360045353343085,0.3452341871946927,0.3206720732202887,0.4229040730860695,0.2819674136100082,0.0,0.32104765605817787,0.29590288678930177,1.0,0.2933538171337594,0.2991828753545359,0.2315243499096591,0.3042079379309378,0.4327684598989193,0.3021986073867502,0.30931707767403316,0.43236401672378566,0.429581513164208,0.32736116581880137,0.29036320451401154,0.29283163902072373,0.4356646395039958,0.35324930764641616
0.3358702557596823,0.3715917541232354,0.2616213708416487,0.30547330718633836,0.3626261668775279,0.3868014055556933,0.7860893818943555,0.29898180222311566,0.34107229730223176,0.3042852305222684,0.38259817984384326,0.2847262051709387,0.3822123173558156,0.29291612748777907,0.29435287555803846,0.7403871249080124,0.24420386297603158,0.42121222044814477,0.338532634140299,0.7853826225139875,0.40882082058521085,0.383452114302245,0.42053260168815554,0.2975838001018135,0.27085745409768036,0.24224189240755545,0.39081383952531557,0.2936338524910226,0.3305951246504042,0.34113273764120755,0.2899034127087411,0.36318769644878146,0.0,0.38673133745944155,0.3741085995262745,0.2933538171337594,1.0,0.3652388534746748,0.1535696075207117,0.3692402214698065,0.2856242248080103,0.3778857324578484,0.3943995028562577,0.2919840087770168,0.2911413596378535,0.30745968784582456,0.35406737349301665,0.3568454931447359,0.289240284413093,0.3331681953995467
0.3700942451731529,0.4565936575057885,0.28632023745146506,0.31005407039527766,0.4626974756699139,0.45153960069031795,0.38409442556762263,0.33582090835437595,0.3478005191083723,0.3221615131336345,0.5094860082876189,0.3249604397216914,0.507920269213637,0.30974313730035363,0.30721943413734754,0.38188491837734595,0.30747707651326917,0.4964388289374758,0.39655855395222306,0.38702248587865884,0.49404681489781377,0.4816822080852228,0.5202519270527808,0.3609965617474177,0.3319883437394985,0.28669557621361164,0.5845944278660797,0.3302607452052474,0.34842952068088884,0.3627785888385724,0.3009896472304916,0.48969792424507863,0.0,0.5036671047463417,0.43503387562022644,0.2991828753545359,0.3652388534746748,1.0,0.20434777542406624,0.5389849374362874,0.3054967264791689,0.45271868447100205,0.6227715798829109,0.33470188045768,0.32889119841788916,0.33430884703617003,0.46524175838175197,0.46737581128131767,0.32558458690363545,0.34954613790255795
0.22842428195370323,0.17347743069556043,0.13801503185145958,0.26505973945475114,0.18971873334375455,0.19119038804053534,0.16105988067186305,0.27520706240846715,0.16801656654137065,0.2463666610803652,0.16480596600415554,0.3379966341888989,0.15937508538196887,0.24504714016864593,0.23738976084137797,0.1558077920199219,0.3999756053731006,0.1651892308444275,0.13760202873814453,0.15877627446919307,0.1583837005953802,0.1529355033375348,0.17115612056956997,0.3227403577892538,0.39280878964321586,0.18626627667894768,0.16039458511166416,0.24534449787116608,0.17586356190745223,0.1967786065101036,0.2300346962335339,0.24986962143097158,0.0,0.20517515262425712,0.2692368439751942,0.2315243499096591,0.1535696075207117,0.20434777542406624,1.0,0.2729835153421861,0.23087835781807153,0.16262413302477996,0.16230442108513388,0.28747422015970103,0.28982894780361523,0.2023112330740594,0.2922969137891115,0.2795723334380784,0.23415127482420206,0.19115201648397684
0.3774561013273037,0.44997332514910027,0.29637439349864925,0.31058492306994634,0.4691810131426549,0.45240687892894105,0.3955077952273912,0.3302794793036754,0.3586247542955405,0.3216942072405755,0.5458786429932934,0.33727485496740117,0.5404933693496112,0.3081300069574434,0.30293843683381017,0.38716303067374147,0.37966466728111037,0.5246530752958963,0.42107290469167347,0.39898724805861885,0.519608680705742,0.5070542128514606,0.5438099763939005,0.41310241398980063,0.3965779985538791,0.30980431050470936,0.5556428005083571,0.31802282243336333,0.35217286182578633,0.38097896348245763,0.29893175338196276,0.5256070147624716,0.0,0.5369104467121174,0.48442595727642257,0.3042079379309378,0.3692402214698065,0.5389849374362874,0.2729835153421861,1.0,0.3016163344724274,0.4571533021808827,0.5585342456005626,0.33196882044522646,0.3305708234376348,0.3520428385622786,0.5111650438131128,0.5101225461916262,0.3154912236200291,0.3652905620912752
