../ecoli_genomes/GCF_000163235.1_ASM16323v1_genomic.fna.gz,../ecoli_genomes/GCF_000164555.1_ASM16455v1_genomic.fna.gz,../ecoli_genomes/GCF_000208545.1_ASM20854v2_genomic.fna.gz,../ecoli_genomes/GCF_000233875.1_ASM23387v1_genomic.fna.gz,../ecoli_genomes/GCF_000249735.1_ASM24973v2_genomic.fna.gz,../ecoli_genomes/GCF_000261145.1_Esch_coli_M919_V2_genomic.fna.gz,../ecoli_genomes/GCF_000267705.2_ASM26770v2_genomic.fna.gz,../ecoli_genomes/GCF_000350665.1_Esch_coli_KTE5_V1_genomic.fna.gz,../ecoli_genomes/GCF_000351625.1_Esch_coli_KTE66_V1_genomic.fna.gz,../ecoli_genomes/GCF_000352285.1_Esch_coli_KTE46_V1_genomic.fna.gz,../ecoli_genomes/GCF_000358895.1_ASM35889v1_genomic.fna.gz,../ecoli_genomes/GCF_000456385.1_Esch_coli_HVH_26_4-5703913_V1_genomic.fna.gz,../ecoli_genomes/GCF_000458195.1_Esch_coli_HVH_147_4-5893887_V1_genomic.fna.gz,../ecoli_genomes/GCF_000459755.1_Esch_coli_KOEGE_58_171a_V1_genomic.fna.gz,../ecoli_genomes/GCF_000460055.1_Esch_coli_UMEA_3053-1_V1_genomic.fna.gz,../ecoli_genomes/GCF_000462165.2_ASM46216v2_genomic.fna.gz,../ecoli_genomes/GCF_000601135.1_ASM60113v1_genomic.fna.gz,../ecoli_genomes/GCF_000614595.1_Ec2010EL1058_genomic.fna.gz,../ecoli_genomes/GCF_000617745.1_Ec2010C-4529_genomic.fna.gz,../ecoli_genomes/GCF_000618265.2_EcF6751_genomic.fna.gz,../ecoli_genomes/GCF_000619005.2_Ec2009C-4052_genomic.fna.gz,../ecoli_genomes/GCF_000619105.1_Ec2009C-4780_genomic.fna.gz,../ecoli_genomes/GCF_000619765.2_Ec2009C-3279_genomic.fna.gz,../ecoli_genomes/GCF_000687005.1_ASM68700v1_genomic.fna.gz,../ecoli_genomes/GCF_000687025.1_ASM68702v1_genomic.fna.gz,../ecoli_genomes/GCF_000700125.1_ASM70012v1_genomic.fna.gz,../ecoli_genomes/GCF_000753315.1_FHI35_genomic.fna.gz,../ecoli_genomes/GCF_000776375.1_ASM77637v1_genomic.fna.gz,../ecoli_genomes/GCF_000779395.1_ASM77939v1_genomic.fna.gz,../ecoli_genomes/GCF_000780315.1_ASM78031v1_genomic.fna.gz,../ecoli_genomes/GCF_000781995.1_ASM78199v1_genomic.fna.gz,../ecoli_genomes/GCF_000986765.1_ASM98676v1_genomic.fna.gz,../ecoli_genomes/GCF_001041375.1_ViralProj287958_genomic.fna.gz,../ecoli_genomes/GCF_001265335.1_302014_genomic.fna.gz,../ecoli_genomes/GCF_001265625.1_100854_genomic.fna.gz,../ecoli_genomes/GCF_001267345.1_303289_genomic.fna.gz,../ecoli_genomes/GCF_001309985.1_ASM130998v1_genomic.fna.gz,../ecoli_genomes/GCF_001521695.1_ASM152169v1_genomic.fna.gz,../ecoli_genomes/GCF_001592595.1_ASM159259v1_genomic.fna.gz,../ecoli_genomes/GCF_001614975.1_ASM161497v1_genomic.fna.gz,../ecoli_genomes/GCF_001692775.1_ASM169277v1_genomic.fna.gz,../ecoli_genomes/GCF_001748915.1_ASM174891v1_genomic.fna.gz,../ecoli_genomes/GCF_001749235.1_ASM174923v1_genomic.fna.gz,../ecoli_genomes/GCF_001881155.1_ASM188115v1_genomic.fna.gz,../ecoli_genomes/GCF_001881345.1_ASM188134v1_genomic.fna.gz,../ecoli_genomes/GCF_001892405.1_ASM189240v1_genomic.fna.gz,../ecoli_genomes/GCF_001892585.1_ASM189258v1_genomic.fna.gz,../ecoli_genomes/GCF_001893985.1_ASM189398v1_genomic.fna.gz,../ecoli_genomes/GCF_002001595.1_ASM200159v1_genomic.fna.gz,../ecoli_genomes/GCF_002002145.1_ASM200214v1_genomic.fna.gz
1.0,0.38422229636691485,0.3229517138989806,0.34124114431895713,0.3441839696271969,0.35667723571124654,0.3549968001946606,0.34904481197462445,0.4340268752747629,0.3509240416173517,0.3772350503140802,0.3465263158955494,0.366943178968716,0.334425748363665,0.3208093991609293,0.36444840009486046,0.34316674674907555,0.3648295828778917,0.32449930164051266,0.3583830596096935,0.3532465251188429,0.3425532330236033,0.37628561666699567,0.3694444391781324,0.35117467323114804,0.3597419977282994,0.3719132722485219,0.3402407814010139,0.3980088726008246,0.4363616576089535,0.32060895243926957,0.3563056863944012,0.0,0.36641061821191956,0.36128287486529365,0.3349869773885711,0.3485904645340536,0.36941824007557134,0.26135694868400405,0.3749211758370078,0.3248589086213256,0.36477264852743774,0.36749558945334515,0.347016504280488,0.35506739682972654,0.366926521137788,0.36585378205738806,0.36599074294497236,0.3281554932983355,0.3998615689696259
0.38422229636691485,1.0,0.3008880452231155,0.3389768705137952,0.42669760931910483,0.5474729394022184,0.3940973027381959,0.3404331125882091,0.36022380785998886,0.3411847814483877,0.4794148338838614,0.3470824827302349,0.4680392059713645,0.3284070689611116,0.3228775788485898,0.39853420742129686,0.48091923996032837,0.46460801678253616,0.39054319106369995,0.40201161431383103,0.44905129517166487,0.42621274666416187,0.47485032020525775,0.5741563280873299,0.5555760840480275,0.5229721147016386,0.4720434673710385,0.34089762303292204,0.36538255908063066,0.36695662502821613,0.3169147661244536,0.4448539142016624,0.0,0.45743631713530797,0.5778574011350841,0.3254528627793528,0.3809074719772926,0.4790902063609823,0.23226198576477808,0.47616262984933033,0.3190010785741382,0.5082667312992577,0.4713191820445478,0.3511829972499989,0.3515259755280469,0.3401541025090098,0.5233040558956747,0.5236414499265478,0.34450021096173056,0.36304665252899104
0.3229517138989806,0.3008880452231155,1.0,0.2654430725385859,0.26185778109408964,0.2702693592306553,0.2721378660073748,0.26986923638954197,0.3060529320977514,0.2742970565554669,0.2984296799022129,0.26818504453200376,0.28951298948855697,0.27001669345044366,0.26097555416302387,0.2803898764626058,0.2639052279898676,0.2895416472157314,0.2484387184534541,0.2793900239460614,0.28278870022006386,0.26748373669924763,0.2919078161282922,0.28166297207231283,0.26855686073616103,0.27642200701786335,0.2948131735280831,0.2725620074798051,0.3055946421232336,0.3156367893576394,0.26019133634806524,0.2735179587662576,0.0,0.28693366724241154,0.27949363846083364,0.2783621939793375,0.26434488137739476,0.2904040215288979,0.19508459032587555,0.2982000030804679,0.2648363162279558,0.2848849012594006,0.2985462414268959,0.2785563591167509,0.2735714515525982,0.28654897715511474,0.2949628302930265,0.2946111166596307,0.278264493289501,0.3114191457605008
0.34124114431895713,0.3389768705137952,0.2654430725385859,1.0,0.34480943237004746,0.320181167242523,0.3038216032307104,0.5396300374832033,0.3529812571293496,0.555884980587634,0.32655696070083373,0.5425600040999372,0.33731502132817914,0.5728995761728192,0.598529516374585,0.33407571472483444,0.3235501548491999,0.3261287484152665,0.28330126452131577,0.30822693115088284,0.3118641317300712,0.29635606126979064,0.3311695317434654,0.33582374862090936,0.3422092755252888,0.3445486028282134,0.3286760715475475,0.5465846024830323,0.35543945199616134,0.34589864000285997,0.5465214386706161,0.3439811439621665,0.0,0.31548871298084236,0.3175535206489213,0.45024471460514714,0.3052431331351022,0.32049786727091467,0.3439407060087015,0.3218939187359954,0.5629493970786249,0.3186963404029477,0.32393044035666185,0.5564099653847986,0.5467649176648319,0.3496802176670569,0.3177712198219097,0.318964792861411,0.4934648552928673,0.3621511054348109
0.3441839696271969,0.42669760931910483,0.26185778109408964,0.34480943237004746,1.0,0.43862211427963005,0.34854999350839055,0.33840610544852945,0.37653966463516386,0.34237878091838736,0.5214215249214749,0.3101058284987843,0.5087985666926909,0.3147470645837742,0.34442155733959723,0.4114720742310547,0.4333336099245455,0.43750026869825176,0.38433459535085546,0.35704839769716123,0.44169607198264305,0.4072378755400978,0.45166220085015085,0.45052826640069965,0.4527140959756497,0.4775435631193604,0.46080150482257054,0.2942631149727958,0.33776419764011445,0.35717670237426125,0.3313839130699828,0.48893293083294476,0.0,0.4467291479804113,0.4233968975333283,0.2971745791453434,0.36331980165336963,0.46893940963586167,0.23693911868913942,0.4762634638048643,0.3419523866454255,0.43049137147908534,0.4682461458368089,0.3076954315754158,0.30854946173387643,0.3101258574856005,0.4446789806384823,0.4454799114400825,0.29899681495945896,0.3405588779024883
0.35667723571124654,0.5474729394022184,0.2702693592306553,0.320181167242523,0.43862211427963005,1.0,0.38493596536624775,0.33250173046384857,0.3425192900096298,0.31623626291070817,0.44889553051647135,0.3110962671236486,0.44019195368701547,0.3063860442227818,0.30622823029776947,0.393326065427429,0.4630136317570823,0.4466616728233528,0.391327033045791,0.38633678399451243,0.4218935988621977,0.44925577702625263,0.4554657885283847,0.559953925269447,0.5429040872755793,0.47923698264228687,0.43856737008258906,0.3114917777508024,0.3522863693501779,0.3399037771742852,0.29908313732769987,0.43260740571018497,0.0,0.44911787537421854,0.5481423854823209,0.3219677011325808,0.3775238688679522,0.4537209824254096,0.24145216439041717,0.4422036462066795,0.30432169926766894,0.4935416506379616,0.44478843217966335,0.3235867790765602,0.3221209652531264,0.3243088826628633,0.491828609301341,0.4942981700530087,0.30911507639157043,0.35066816264420997
0.3549968001946606,0.3940973027381959,0.2721378660073748,0.3038216032307104,0.34854999350839055,0.38493596536624775,1.0,0.30910690816401654,0.34227744086188394,0.300833974459191,0.3947591735666294,0.29674102164887683,0.38454111236961286,0.2977149059215778,0.28793105346878445,0.7324271822637769,0.357790506609027,0.4258830088156732,0.35997398022906235,0.8330730549487041,0.41862311158903187,0.3880151375558748,0.4350841339041688,0.3940165209153602,0.3732106870587957,0.3799162054715739,0.4033127336724195,0.3011581593825384,0.33795736547944555,0.34319925362332726,0.2826795610490721,0.37109928076795595,0.0,0.395242575557324,0.399938703289333,0.3153646902536945,0.7752832087672185,0.379649616319481,0.22979735523835298,0.3943133728800081,0.2815118072939159,0.3868639429187436,0.39349560720300514,0.3109931346067435,0.3110935822932447,0.3110275036732799,0.385833030783195,0.3859129970278994,0.2980114285229617,0.33731987961271703
0.34904481197462445,0.3404331125882091,0.26986923638954197,0.5396300374832033,0.33840610544852945,0.33250173046384857,0.30910690816401654,1.0,0.34327185701552854,0.53847243511129,0.32500289221820855,0.5211064139975499,0.337736088085993,0.5241240978495261,0.5196428382738829,0.330162754298744,0.32803032428978873,0.3250651430797169,0.2846873684843083,0.3122714064663007,0.30920152784631916,0.2961121873287119,0.32792532501245863,0.3456468681519721,0.3342050639115758,0.3422333597634153,0.3291191619588403,0.6947061990611523,0.3634123148284205,0.34249987982593044,0.5187083192632485,0.3298200210430654,0.0,0.3182967790284391,0.31973885342348984,0.4498168451377177,0.30814316999564084,0.3349066075592787,0.34755266930421846,0.3261808857889483,0.5219823456178917,0.32161918852943816,0.32694866253012367,0.6990263736514035,0.6759531084859685,0.3445879526354575,0.3186653502816158,0.3201113388949457,0.48642090954561523,0.3587244145975854
0.4340268752747629,0.36022380785998886,0.3060529320977514,0.3529812571293496,0.37653966463516386,0.3425192900096298,0.34227744086188394,0.34327185701552854,1.0,0.35768213901681367,0.37040209749830466,0.32601226432372354,0.3800194523011955,0.33610723755625416,0.34551416106464083,0.3761003881369903,0.3417905630166739,0.3557953489486203,0.3010340067777604,0.3516384214250683,0.34707645417642674,0.33155681384616553,0.36335286927357147,0.36834811004502355,0.3584584876034902,0.36996765618737104,0.36533340024802907,0.3244414753504823,0.38039391554307134,0.46046364643041693,0.3438999786207835,0.3585529423497361,0.0,0.3530445762079574,0.34765346982747103,0.334769859279209,0.3450130329382717,0.35045687490757105,0.24478863608400603,0.3674801247092011,0.3420883496016397,0.3563878167565053,0.3671631356815851,0.33178144569894885,0.32497884333119464,0.35791312342314596,0.35491061880054764,0.35493446875862344,0.32451110193081023,0.39283758736634367
0.3509240416173517,0.3411847814483877,0.2742970565554669,0.555884980587634,0.34237878091838736,0.31623626291070817,0.300833974459191,0.53847243511129,0.35768213901681367,1.0,0.33430532814359737,0.5184977176258498,0.34612007569548087,0.5356382903407555,0.5466055717148512,0.33363236535990537,0.31306737252005257,0.3227603737789946,0.2725394258698891,0.3078404938692948,0.3079264527460115,0.2935326694682574,0.31977769811097434,0.3322734121464598,0.332945074158306,0.3447362904668154,0.32950187870163905,0.5292424061380051,0.3575755877902317,0.3522869342492564,0.5690018783627355,0.32399836272910054,0.0,0.3108680024720504,0.3169313579523687,0.46220063154182955,0.3028228027890877,0.32113805244546234,0.35453482528744085,0.3273103673616715,0.5691526737843515,0.3155515662686933,0.32468280822271434,0.5368351242776972,0.5336867554435909,0.34079973381762085,0.3180545526623275,0.3179211000937219,0.508666229879599,0.3516342294422442
0.3772350503140802,0.4794148338838614,0.2984296799022129,0.32655696070083373,0.5214215249214749,0.44889553051647135,0.3947591735666294,0.32500289221820855,0.37040209749830466,0.33430532814359737,1.0,0.3256197328311613,0.563630451219376,0.3277243417771344,0.3206486633793617,0.40788176570516443,0.4293592586228593,0.5309094212477926,0.45519165608010626,0.4051470335855115,0.5136683366618171,0.5041783840518412,0.5380784644894263,0.47239537601911696,0.4273493368587792,0.46392963456533276,0.5436389725164805,0.327092707223119,0.3598900503905845,0.3759705963868121,0.3132125196776354,0.48626958310967705,0.0,0.5194799249232837,0.4699035605394887,0.3379689308205466,0.38368073678565673,0.5223640773675722,0.23913710045195735,0.5636908035928647,0.31419995900756736,0.4877347172231361,0.5478253183553821,0.33150461275713483,0.3292479892857848,0.33515353077096965,0.4918844670393857,0.491111987671514,0.33118537250251834,0.36149289068530743
0.3465263158955494,0.3470824827302349,0.26818504453200376,0.5425600040999372,0.3101058284987843,0.3110962671236486,0.29674102164887683,0.5211064139975499,0.32601226432372354,0.5184977176258498,0.3256197328311613,1.0,0.3215379729840707,0.5295957387285783,0.6119203142565829,0.30803091692940954,0.3127548211292963,0.31693058063491664,0.281130557969692,0.3000027430243368,0.30954098932776175,0.29413694992518635,0.3211947612629322,0.3296627368622146,0.31493661281498386,0.3223698953363303,0.3246181432702654,0.5220446873059945,0.35732507501236976,0.3365278870183658,0.48779390596479977,0.316867782970535,0.0,0.31438826775716455,0.3209089794307395,0.43670267093923065,0.29210771157429016,0.32316593141158867,0.3381002195497922,0.3253675153467027,0.5045703029167357,0.3112332257254289,0.3246673370244222,0.5314267784291559,0.52997556793375,0.3512065095097108,0.31714972648709305,0.3182104339805788,0.4724764693338006,0.3521541369428839
0.366943178968716,0.4680392059713645,0.28951298948855697,0.33731502132817914,0.5087985666926909,0.44019195368701547,0.38454111236961286,0.337736088085993,0.3800194523011955,0.34612007569548087,0.563630451219376,0.3215379729840707,1.0,0.3188493353321912,0.33648808904977634,0.4198590583567866,0.4315567640235217,0.5197765836523522,0.5237766515350546,0.3955350146196328,0.5259964680654887,0.5631011050373351,0.5736964668084868,0.4737194275834007,0.4400754184447272,0.4719195521677657,0.569393312471576,0.3175632992487557,0.35002879382371765,0.37949368194540345,0.3247241691203012,0.5471505378554817,0.0,0.5480309761620348,0.461882637227616,0.31736331831368536,0.3831876978019707,0.5327959797686057,0.2356978711443095,0.5726497050458718,0.32568728586975326,0.4691046913345023,0.5563905384241106,0.32369869070458546,0.31841571560143656,0.3244902333903833,0.47119374378995516,0.47093214891273727,0.3201479781167498,0.3509833315602001
0.334425748363665,0.3284070689611116,0.27001669345044366,0.5728995761728192,0.3147470645837742,0.3063860442227818,0.2977149059215778,0.5241240978495261,0.33610723755625416,0.5356382903407555,0.3277243417771344,0.5295957387285783,0.3188493353321912,1.0,0.5793636482786879,0.3136631116856191,0.29998095019443083,0.3228927776417644,0.2769302105077863,0.3050438404793403,0.3060642992611067,0.2918057662084913,0.3191046458882524,0.3123248494336286,0.3090475284764831,0.31836019696771367,0.3237664411576674,0.550578368752051,0.3634040997038621,0.3299160147470138,0.5311001308373009,0.31823683761560295,0.0,0.307728161492524,0.310564742817395,0.45475167760467994,0.29516633198842124,0.3190413728359084,0.3379885921375533,0.3203643308202653,0.5369343507287635,0.3139763920474484,0.32207420306976453,0.5515331663456178,0.540912523368499,0.35061755348109447,0.31430696178106154,0.3156795451530784,0.48794902700453635,0.36192372059425004
0.3208093991609293,0.3228775788485898,0.26097555416302387,0.598529516374585,0.34442155733959723,0.30622823029776947,0.28793105346878445,0.5196428382738829,0.34551416106464083,0.5466055717148512,0.3206486633793617,0.6119203142565829,0.33648808904977634,0.5793636482786879,1.0,0.3232818507666506,0.3200398955899296,0.3136769949045274,0.2685365759368469,0.29549824514150047,0.3002072120212349,0.2852520606714919,0.31706493394683266,0.3250702118837764,0.326770849652974,0.3376791615289424,0.3200526871470024,0.5155655193967787,0.34570403387139614,0.3358617736792133,0.5399134277270252,0.32961387597470493,0.0,0.30568685946613716,0.30418285046584026,0.43909582512552303,0.2951324085646744,0.3143692814705209,0.34429298914921,0.3175683280720383,0.5516195950728252,0.3065110451528207,0.31769653195712944,0.520295532162266,0.5111822517599154,0.3473418979134625,0.3148413180857973,0.3164061624695057,0.47673967115788374,0.35947851443620404
0.36444840009486046,0.39853420742129686,0.2803898764626058,0.33407571472483444,0.4114720742310547,0.393326065427429,0.7324271822637769,0.330162754298744,0.3761003881369903,0.33363236535990537,0.40788176570516443,0.30803091692940954,0.4198590583567866,0.3136631116856191,0.3232818507666506,1.0,0.3812955479400443,0.42050122228986775,0.36763808991888136,0.7666097098921009,0.40997431326605016,0.39045900929081145,0.4263741559982709,0.4151870638583879,0.4091949290945379,0.41696884122919287,0.4080196462466199,0.3074085586364065,0.3464867775503002,0.3723994548936924,0.31607544616893024,0.4023954472123398,0.0,0.3939806761950765,0.4023883292561313,0.3186287752577922,0.7460998892761479,0.39047143213946856,0.23365192596558126,0.4018274682142714,0.3156500604844743,0.3940044674482509,0.40373612082290655,0.3156544925463982,0.3133849465818874,0.3197594672246282,0.3950571253743683,0.39498044729339377,0.30792524875566685,0.34538735393869147
0.34316674674907555,0.48091923996032837,0.2639052279898676,0.3235501548491999,0.4333336099245455,0.4630136317570823,0.357790506609027,0.32803032428978873,0.3417905630166739,0.31306737252005257,0.4293592586228593,0.3127548211292963,0.4315567640235217,0.29998095019443083,0.3200398955899296,0.3812955479400443,1.0,0.41396913701630267,0.35673746303644693,0.36185621237586807,0.40753230194628953,0.3924032149914559,0.43076725888595513,0.5009806975856905,0.49840980392951295,0.524137921451351,0.4193584543706518,0.299282409001289,0.32755894010260456,0.33462791925131863,0.3017844014731418,0.46902444151621725,0.0,0.4300061358954109,0.47322262038358953,0.30777869088837695,0.3583311250672476,0.40818650233329035,0.23248180352256131,0.4223514107450702,0.3040124272267707,0.4502084945613023,0.4193816578838191,0.321574839067003,0.32441161098078486,0.3085283174119138,0.46881352143356114,0.4709590964085141,0.2943301897591063,0.3274711296164071
0.3648295828778917,0.46460801678253616,0.2895416472157314,0.3261287484152665,0.43750026869825176,0.4466616728233528,0.4258830088156732,0.3250651430797169,0.3557953489486203,0.3227603737789946,0.5309094212477926,0.31693058063491664,0.5197765836523522,0.3228927776417644,0.3136769949045274,0.42050122228986775,0.41396913701630267,1.0,0.48650115242523284,0.4335643727828463,0.5446823847740406,0.5209082471898596,0.5719581327357468,0.4533976117751981,0.4182905496252993,0.44675823025714023,0.5423368626121079,0.3214493340889527,0.35451277068541065,0.3610122307155551,0.30726314168675817,0.4769275768743767,0.0,0.5218839558983457,0.45772795022471136,0.3448845704706307,0.41296336634366493,0.49878910157738987,0.24016246047166956,0.5339462360624302,0.30650043856085274,0.4720276059651711,0.5273686157900233,0.324544616889912,0.3216705657963219,0.3292129765215901,0.4707634511963018,0.4706823858369735,0.317922019660663,0.3557763406168728
0.32449930164051266,0.39054319106369995,0.2484387184534541,0.28330126452131577,0.38433459535085546,0.391327033045791,0.35997398022906235,0.2846873684843083,0.3010340067777604,0.2725394258698891,0.45519165608010626,0.281130557969692,0.5237766515350546,0.2769302105077863,0.2685365759368469,0.36763808991888136,0.35673746303644693,0.48650115242523284,1.0,0.36497006597611337,0.4737757687825367,0.5433784684629476,0.48619031286650416,0.38738368277565605,0.3667147888959864,0.37233743854651014,0.4630035133704027,0.27865734370161355,0.3075276559842941,0.3095906077896394,0.26137603452749836,0.47489626169385835,0.0,0.4497846303079841,0.3955038462303978,0.29090274465198107,0.3597993791895632,0.43884282569211275,0.2056807641076841,0.461897597714541,0.263072700133819,0.39896053888522676,0.45561270132299225,0.2858644023904253,0.2824780112083354,0.2886520879458099,0.3945621528133886,0.3962637315790887,0.27153468433066563,0.30837738789275426
0.3583830596096935,0.40201161431383103,0.2793900239460614,0.30822693115088284,0.35704839769716123,0.38633678399451243,0.8330730549487041,0.3122714064663007,0.3516384214250683,0.3078404938692948,0.4051470335855115,0.3000027430243368,0.3955350146196328,0.3050438404793403,0.29549824514150047,0.7666097098921009,0.36185621237586807,0.4335643727828463,0.36497006597611337,1.0,0.4262273542465176,0.3927417371300228,0.4390271987189086,0.39099925601671515,0.3751758752617298,0.3871468296490804,0.4126100129395356,0.3074043554954383,0.34392261829210313,0.3524202121947958,0.2897076066025569,0.3787725198673133,0.0,0.3997478586367077,0.40163284346346384,0.3199763153359809,0.7950825906273936,0.38863597542673034,0.2270445016291741,0.4049119146925695,0.2888815622634199,0.39606922970582736,0.40571477511947684,0.31325278373905285,0.3096758917578919,0.3198024224898024,0.39640119258764484,0.3964889452614997,0.3057244414490996,0.34729962288663996
0.3532465251188429,0.44905129517166487,0.28278870022006386,0.3118641317300712,0.44169607198264305,0.4218935988621977,0.41862311158903187,0.30920152784631916,0.34707645417642674,0.3079264527460115,0.5136683366618171,0.30954098932776175,0.5259964680654887,0.3060642992611067,0.3002072120212349,0.40997431326605016,0.40753230194628953,0.5446823847740406,0.4737757687825367,0.4262273542465176,1.0,0.5150685375837741,0.5771665365505811,0.4326019610066162,0.40699017997608444,0.4428740155044506,0.5394629260652294,0.3100296533307485,0.3385899004129358,0.3517831901697758,0.29180168923044036,0.48437440341076654,0.0,0.5324688831802946,0.4453762034497578,0.325841652594959,0.4011328766632437,0.5039747472546123,0.23080322338787518,0.5391274475442029,0.2949927743826041,0.44849066878515764,0.5296177469658911,0.31319795244011905,0.3109361190099469,0.3258173813973072,0.46287823547577045,0.46312724853630804,0.3060867632035513,0.3444655978754825
0.3425532330236033,0.42621274666416187,0.26748373669924763,0.29635606126979064,0.4072378755400978,0.44925577702625263,0.3880151375558748,0.2961121873287119,0.33155681384616553,0.2935326694682574,0.5041783840518412,0.29413694992518635,0.5631011050373351,0.2918057662084913,0.2852520606714919,0.39045900929081145,0.3924032149914559,0.5209082471898596,0.5433784684629476,0.3927417371300228,0.5150685375837741,1.0,0.6681416906324851,0.442210676272191,0.4113089678339882,0.40833437835737474,0.5153209742424338,0.29537628873806965,0.32367696259126355,0.3329413989516704,0.2758489041280804,0.4986701158581387,0.0,0.5913441620308411,0.431528189434335,0.3066751201845135,0.37638786422320314,0.49404898260599617,0.21596285636778667,0.5196623334184656,0.2764308867195352,0.4311322586042001,0.51191491971689,0.3030281206689547,0.29835342905727635,0.3078134716649671,0.4302365452429674,0.4302849697586373,0.2920893910807356,0.32799818991766716
0.37628561666699567,0.47485032020525775,0.2919078161282922,0.3311695317434654,0.45166220085015085,0.4554657885283847,0.4350841339041688,0.32792532501245863,0.36335286927357147,0.31977769811097434,0.5380784644894263,0.3211947612629322,0.5736964668084868,0.3191046458882524,0.31706493394683266,0.4263741559982709,0.43076725888595513,0.5719581327357468,0.48619031286650416,0.4390271987189086,0.5771665365505811,0.6681416906324851,1.0,0.45900663607773073,0.43182996288810926,0.4511743990527145,0.5784168631795445,0.32512486347506875,0.35544343602849204,0.36331177428132444,0.3045865210241101,0.5155062985332057,0.0,0.6515784331721217,0.4638577241429208,0.335126714400216,0.4168800722414804,0.5311257917346764,0.23770393957937586,0.5660018344630677,0.3059922624923822,0.4715781050574539,0.5573327069962084,0.3302631380883232,0.32710388095906384,0.33154836339023763,0.47104297782512694,0.4716004214338183,0.31966939498764557,0.3573688322586741
0.3694444391781324,0.5741563280873299,0.28166297207231283,0.33582374862090936,0.45052826640069965,0.559953925269447,0.3940165209153602,0.3456468681519721,0.36834811004502355,0.3322734121464598,0.47239537601911696,0.3296627368622146,0.4737194275834007,0.3123248494336286,0.3250702118837764,0.4151870638583879,0.5009806975856905,0.4533976117751981,0.38738368277565605,0.39099925601671515,0.4326019610066162,0.442210676272191,0.45900663607773073,1.0,0.5820756514198715,0.5306521118135896,0.46005154803025805,0.3143147443353035,0.3475501222019032,0.36443428017452495,0.31909900346073805,0.45755548193360873,0.0,0.4540339956828645,0.5865793502303991,0.32629533741546624,0.3859903295208119,0.43988210149831786,0.24314526885595533,0.4553321541601889,0.32001785381650005,0.4957454278908735,0.4477748694858138,0.32799923932883523,0.33262114351506944,0.3217398400039255,0.49603405388045296,0.4963180108059505,0.3121863376304631,0.34600971261035285
0.35117467323114804,0.5555760840480275,0.26855686073616103,0.3422092755252888,0.4527140959756497,0.5429040872755793,0.3732106870587957,0.3342050639115758,0.3584584876034902,0.332945074158306,0.4273493368587792,0.31493661281498386,0.4400754184447272,0.3090475284764831,0.326770849652974,0.4091949290945379,0.49840980392951295,0.4182905496252993,0.3667147888959864,0.3751758752617298,0.40699017997608444,0.4113089678339882,0.43182996288810926,0.5820756514198715,1.0,0.5428041749723425,0.42260000643740336,0.3027773478432092,0.3304425505481978,0.3468412373605988,0.3201964839116763,0.4698614831140323,0.0,0.4186110484501987,0.5505164787558942,0.30525077082146557,0.3779292915121063,0.42959583818635605,0.23438313057023374,0.42268198707532,0.31948283460419413,0.4634355858883341,0.4267413467036174,0.3253635437974397,0.3209106180810809,0.3152317458999181,0.4710235084512612,0.47023625872893626,0.3085184734010348,0.3276177927063709
0.3597419977282994,0.5229721147016386,0.27642200701786335,0.3445486028282134,0.4775435631193604,0.47923698264228687,0.3799162054715739,0.3422333597634153,0.36996765618737104,0.3447362904668154,0.46392963456533276,0.3223698953363303,0.4719195521677657,0.31836019696771367,0.3376791615289424,0.41696884122919287,0.524137921451351,0.44675823025714023,0.37233743854651014,0.3871468296490804,0.4428740155044506,0.40833437835737474,0.4511743990527145,0.5306521118135896,0.5428041749723425,1.0,0.44525325179849395,0.3098154592910214,0.33919889742276366,0.3619680711372616,0.3284310068765641,0.4594455580220729,0.0,0.43485588930045915,0.5083424978314619,0.3170385927566217,0.382966479519094,0.4417590793899151,0.23731121489240148,0.4557759471450358,0.3292067071579361,0.4921684228528409,0.44471812918807274,0.3295131897258483,0.3263678275049535,0.31608433926539803,0.49771812782746283,0.49702569229881044,0.3208717349744853,0.3449080006345411
0.3719132722485219,0.4720434673710385,0.2948131735280831,0.3286760715475475,0.46080150482257054,0.43856737008258906,0.4033127336724195,0.3291191619588403,0.36533340024802907,0.32950187870163905,0.5436389725164805,0.3246181432702654,0.569393312471576,0.3237664411576674,0.3200526871470024,0.4080196462466199,0.4193584543706518,0.5423368626121079,0.4630035133704027,0.4126100129395356,0.5394629260652294,0.5153209742424338,0.5784168631795445,0.46005154803025805,0.42260000643740336,0.44525325179849395,1.0,0.3242533654067252,0.3592983703486149,0.36944295141480965,0.3119074737126709,0.5142471952119003,0.0,0.5377857147375942,0.4619072382485111,0.3319098729514729,0.38854749754788953,0.6005568544191093,0.2323490650869804,0.5830514598128975,0.3124420837375159,0.47482517630125787,0.6401516031217833,0.3310454940879153,0.3239994794859281,0.33932255980516535,0.47136579539567436,0.4711410349150631,0.32483342449968167,0.3586044864017375
0.3402407814010139,0.34089762303292204,0.2725620074798051,0.5465846024830323,0.2942631149727958,0.3114917777508024,0.3011581593825384,0.6947061990611523,0.3244414753504823,0.5292424061380051,0.327092707223119,0.5220446873059945,0.3175632992487557,0.550578368752051,0.5155655193967787,0.3074085586364065,0.299282409001289,0.3214493340889527,0.27865734370161355,0.3074043554954383,0.3100296533307485,0.29537628873806965,0.32512486347506875,0.3143147443353035,0.3027773478432092,0.3098154592910214,0.3242533654067252,1.0,0.36608410512479006,0.32995942937848144,0.5073833446244995,0.3101864914249478,0.0,0.31104281171267656,0.31219818836656443,0.45116669858569225,0.2949755570340693,0.33170334019298187,0.3341273203184546,0.3222423139467445,0.5186354913544657,0.3161871001013804,0.3213146642884003,0.7927139813033786,0.7482765196533463,0.3432590499701206,0.32001244000770135,0.3205498264647836,0.5046007426727233,0.35585205386500873
0.3980088726008246,0.36538255908063066,0.3055946421232336,0.35543945199616134,0.33776419764011445,0.3522863693501779,0.33795736547944555,0.3634123148284205,0.38039391554307134,0.3575755877902317,0.3598900503905845,0.35732507501236976,0.35002879382371765,0.3634040997038621,0.34570403387139614,0.3464867775503002,0.32755894010260456,0.35451277068541065,0.3075276559842941,0.34392261829210313,0.3385899004129358,0.32367696259126355,0.35544343602849204,0.3475501222019032,0.3304425505481978,0.33919889742276366,0.3592983703486149,0.36608410512479006,1.0,0.37980860101468694,0.34420012891231944,0.33761170371496074,0.0,0.34290978233563296,0.3449571049123802,0.35561910020703413,0.32988403613864503,0.3585663088292639,0.2551856547720138,0.3589071193462604,0.34369696065613664,0.34524452835944,0.3528555349872795,0.3632287814563302,0.3613129271317109,0.4315835816212279,0.35334129253611846,0.3536795723909679,0.3547056079721559,0.6181113252529449
0.4363616576089535,0.36695662502821613,0.3156367893576394,0.34589864000285997,0.35717670237426125,0.3399037771742852,0.34319925362332726,0.34249987982593044,0.46046364643041693,0.3522869342492564,0.3759705963868121,0.3365278870183658,0.37949368194540345,0.3299160147470138,0.3358617736792133,0.3723994548936924,0.33462791925131863,0.3610122307155551,0.3095906077896394,0.3524202121947958,0.3517831901697758,0.3329413989516704,0.36331177428132444,0.36443428017452495,0.3468412373605988,0.3619680711372616,0.36944295141480965,0.32995942937848144,0.37980860101468694,1.0,0.33358833628432416,0.34725578483327935,0.0,0.34789012103999994,0.3530613237179596,0.3322442730078845,0.34104821814001995,0.355514021185829,0.24397512539619493,0.3785408674913203,0.3361454039286017,0.3569171523982264,0.37007240445373235,0.3371049528993295,0.33071411069905177,0.37228158962392477,0.3660807609435843,0.3663904755200005,0.33037171437296375,0.3906167389088929
0.32060895243926957,0.3169147661244536,0.26019133634806524,0.5465214386706161,0.3313839130699828,0.29908313732769987,0.2826795610490721,0.5187083192632485,0.3438999786207835,0.5690018783627355,0.3132125196776354,0.48779390596479977,0.3247241691203012,0.5311001308373009,0.5399134277270252,0.31607544616893024,0.3017844014731418,0.30726314168675817,0.26137603452749836,0.2897076066025569,0.29180168923044036,0.2758489041280804,0.3045865210241101,0.31909900346073805,0.3201964839116763,0.3284310068765641,0.3119074737126709,0.5073833446244995,0.34420012891231944,0.33358833628432416,1.0,0.3165719971601997,0.0,0.2959086941603293,0.3000245443968278,0.4388446222326512,0.2874176753348012,0.30348822153719535,0.332349777621221,0.3088252098387362,0.671912832284449,0.3022797783988297,0.30637467280585773,0.5184157411539145,0.5080270171483163,0.3312347010052664,0.30346278616141953,0.30384140514413305,0.4764190961338308,0.3421559501318424
0.3563056863944012,0.4448539142016624,0.2735179587662576,0.3439811439621665,0.48893293083294476,0.43260740571018497,0.37109928076795595,0.3298200210430654,0.3585529423497361,0.32399836272910054,0.48626958310967705,0.316867782970535,0.5471505378554817,0.31823683761560295,0.32961387597470493,0.4023954472123398,0.46902444151621725,0.4769275768743767,0.47489626169385835,0.3787725198673133,0.48437440341076654,0.4986701158581387,0.5155062985332057,0.45755548193360873,0.4698614831140323,0.4594455580220729,0.5142471952119003,0.3101864914249478,0.33761170371496074,0.34725578483327935,0.3165719971601997,1.0,0.0,0.49859295949064386,0.43305353801798374,0.3109239884353696,0.3794934350856035,0.5044594269351645,0.23668031665542855,0.523307981666969,0.31245404137182453,0.4429925668172089,0.5190090975101117,0.31772120637944046,0.31952518968318677,0.3164824761037225,0.45270666630834644,0.4543045587389263,0.2991380049551925,0.33119756505572007
0.0,0.0,0.0,0.0,0.0,0.0,0.0,0.0,0.0,0.0,0.0,0.0,0.0,0.0,0.0,0.0,0.0,0.0,0.0,0.0,0.0,0.0,0.0,0.0,0.0,0.0,0.0,0.0,0.0,0.0,0.0,0.0,1.0,0.0,0.0,0.0,0.0,0.0,0.0,0.0,0.0,0.0,0.0,0.0,0.0,0.0,0.0,0.0,0.0,0.0
0.36641061821191956,0.45743631713530797,0.28693366724241154,0.31548871298084236,0.4467291479804113,0.44911787537421854,0.395242575557324,0.3182967790284391,0.3530445762079574,0.3108680024720504,0.5194799249232837,0.31438826775716455,0.5480309761620348,0.307728161492524,0.30568685946613716,0.3939806761950765,0.4300061358954109,0.5218839558983457,0.4497846303079841,0.3997478586367077,0.5324688831802946,0.5913441620308411,0.6515784331721217,0.4540339956828645,0.4186110484501987,0.43485588930045915,0.5377857147375942,0.31104281171267656,0.34290978233563296,0.34789012103999994,0.2959086941603293,0.49859295949064386,0.0,1.0,0.46109960736050026,0.3361779885691323,0.382290097271469,0.5063850195309891,0.24632644943557158,0.5411607847585423,0.296894439577594,0.45888936329590657,0.5420726447198759,0.31518310016125106,0.31763723373747477,0.3186350681227105,0.4596996371228448,0.46083998935391646,0.30584981377258635,0.34906102816596596
0.36128287486529365,0.5778574011350841,0.27949363846083364,0.3175535206489213,0.4233968975333283,0.5481423854823209,0.399938703289333,0.31973885342348984,0.34765346982747103,0.3169313579523687,0.4699035605394887,0.3209089794307395,0.461882637227616,0.310564742817395,0.30418285046584026,0.4023883292561313,0.47322262038358953,0.45772795022471136,0.3955038462303978,0.40163284346346384,0.4453762034497578,0.431528189434335,0.4638577241429208,0.5865793502303991,0.5505164787558942,0.5083424978314619,0.4619072382485111,0.31219818836656443,0.3449571049123802,0.3530613237179596,0.3000245443968278,0.43305353801798374,0.0,0.46109960736050026,1.0,0.32058562798386303,0.38152363206004625,0.4418302259948661,0.2352910336047639,0.470593768379616,0.3006053321666097,0.4971348936031873,0.46497681879978237,0.3179898745635892,0.3185220930846814,0.32191638836990744,0.5008663736393426,0.5005713903116786,0.30873336499465387,0.34284568546090577
0.3349869773885711,0.3254528627793528,0.2783621939793375,0.45024471460514714,0.2971745791453434,0.3219677011325808,0.3153646902536945,0.4498168451377177,0.334769859279209,0.46220063154182955,0.3379689308205466,0.43670267093923065,0.31736331831368536,0.45475167760467994,0.43909582512552303,0.3186287752577922,0.30777869088837695,0.3448845704706307,0.29090274465198107,0.3199763153359809,0.325841652594959,0.3066751201845135,0.335126714400216,0.32629533741546624,0.30525077082146557,0.3170385927566217,0.3319098729514729,0.45116669858569225,0.35561910020703413,0.3322442730078845,0.4388446222326512,0.3109239884353696,0.0,0.3361779885691323,0.32058562798386303,1.0,0.30764269932968447,0.3188591137834028,0.3618579436449284,0.3326931210785362,0.4427782653240876,0.32291940629225535,0.3255116571291632,0.4575053306877068,0.45555559224398545,0.33843879084704354,0.3191450646619647,0.3191495504127596,0.45204695517724325,0.35794286728312696
0.3485904645340536,0.3809074719772926,0.26434488137739476,0.3052431331351022,0.36331980165336963,0.3775238688679522,0.7752832087672185,0.30814316999564084,0.3450130329382717,0.3028228027890877,0.38368073678565673,0.29210771157429016,0.3831876978019707,0.29516633198842124,0.2951324085646744,0.7460998892761479,0.3583311250672476,0.41296336634366493,0.3597993791895632,0.7950825906273936,0.4011328766632437,0.37638786422320314,0.4168800722414804,0.3859903295208119,0.3779292915121063,0.382966479519094,0.38854749754788953,0.2949755570340693,0.32988403613864503,0.34104821814001995,0.2874176753348012,0.3794934350856035,0.0,0.382290097271469,0.38152363206004625,0.30764269932968447,1.0,0.37115074900086653,0.22333235043835487,0.3792220867034789,0.28542251219378134,0.37750821142437685,0.38303858189855,0.30250870748798797,0.29872871493201947,0.30279373564017364,0.3748144313773363,0.37487525436027913,0.287708769787436,0.32922223447206866
0.36941824007557134,0.4790902063609823,0.2904040215288979,0.32049786727091467,0.46893940963586167,0.4537209824254096,0.379649616319481,0.3349066075592787,0.35045687490757105,0.32113805244546234,0.5223640773675722,0.32316593141158867,0.5327959797686057,0.3190413728359084,0.3143692814705209,0.39047143213946856,0.40818650233329035,0.49878910157738987,0.43884282569211275,0.38863597542673034,0.5039747472546123,0.49404898260599617,0.5311257917346764,0.43988210149831786,0.42959583818635605,0.4417590793899151,0.6005568544191093,0.33170334019298187,0.3585663088292639,0.355514021185829,0.30348822153719535,0.5044594269351645,0.0,0.5063850195309891,0.4418302259948661,0.3188591137834028,0.37115074900086653,1.0,0.23697420502174837,0.5514150069415826,0.30894953394615,0.46799163806583355,0.6384877834730678,0.33529539190509317,0.32670355355517167,0.3340336518310777,0.4783291534903168,0.47883144862211713,0.32367998063527503,0.3539459840126593
0.26135694868400405,0.23226198576477808,0.19508459032587555,0.3439407060087015,0.23693911868913942,0.24145216439041717,0.22979735523835298,0.34755266930421846,0.24478863608400603,0.35453482528744085,0.23913710045195735,0.3381002195497922,0.2356978711443095,0.3379885921375533,0.34429298914921,0.23365192596558126,0.23248180352256131,0.24016246047166956,0.2056807641076841,0.2270445016291741,0.23080322338787518,0.21596285636778667,0.23770393957937586,0.24314526885595533,0.23438313057023374,0.23731121489240148,0.2323490650869804,0.3341273203184546,0.2551856547720138,0.24397512539619493,0.332349777621221,0.23668031665542855,0.0,0.24632644943557158,0.2352910336047639,0.3618579436449284,0.22333235043835487,0.23697420502174837,1.0,0.23806798575859078,0.333851121369968,0.23147314088081639,0.23569630930714003,0.33885392647439405,0.3434348487979033,0.24183319869220166,0.23306117101581292,0.23220354627526396,0.3311710360085638,0.26029058706137786
0.3749211758370078,0.47616262984933033,0.2982000030804679,0.3218939187359954,0.4762634638048643,0.4422036462066795,0.3943133728800081,0.3261808857889483,0.3674801247092011,0.3273103673616715,0.5636908035928647,0.3253675153467027,0.5726497050458718,0.3203643308202653,0.3175683280720383,0.4018274682142714,0.4223514107450702,0.5339462360624302,0.461897597714541,0.4049119146925695,0.5391274475442029,0.5196623334184656,0.5660018344630677,0.4553321541601889,0.42268198707532,0.4557759471450358,0.5830514598128975,0.3222423139467445,0.3589071193462604,0.3785408674913203,0.3088252098387362,0.523307981666969,0.0,0.5411607847585423,0.470593768379616,0.3326931210785362,0.3792220867034789,0.5514150069415826,0.23806798575859078,1.0,0.31015011256388436,0.478187206655615,0.5820762172911305,0.324135172601689,0.3239273472474197,0.34394561079080155,0.4970426603518395,0.4964012169068792,0.3230667017559623,0.3623694150026241
