../ecoli_genomes/GCF_000163235.1_ASM16323v1_genomic.fna.gz,../ecoli_genomes/GCF_000164555.1_ASM16455v1_genomic.fna.gz,../ecoli_genomes/GCF_000208545.1_ASM20854v2_genomic.fna.gz,../ecoli_genomes/GCF_000233875.1_ASM23387v1_genomic.fna.gz,../ecoli_genomes/GCF_000249735.1_ASM24973v2_genomic.fna.gz,../ecoli_genomes/GCF_000261145.1_Esch_coli_M919_V2_genomic.fna.gz,../ecoli_genomes/GCF_000267705.2_ASM26770v2_genomic.fna.gz,../ecoli_genomes/GCF_000350665.1_Esch_coli_KTE5_V1_genomic.fna.gz,../ecoli_genomes/GCF_000351625.1_Esch_coli_KTE66_V1_genomic.fna.gz,../ecoli_genomes/GCF_000352285.1_Esch_coli_KTE46_V1_genomic.fna.gz,../ecoli_genomes/GCF_000358895.1_ASM35889v1_genomic.fna.gz,../ecoli_genomes/GCF_000456385.1_Esch_coli_HVH_26_4-5703913_V1_genomic.fna.gz,../ecoli_genomes/GCF_000458195.1_Esch_coli_HVH_147_4-5893887_V1_genomic.fna.gz,../ecoli_genomes/GCF_000459755.1_Esch_coli_KOEGE_58_171a_V1_genomic.fna.gz,../ecoli_genomes/GCF_000460055.1_Esch_coli_UMEA_3053-1_V1_genomic.fna.gz,../ecoli_genomes/GCF_000462165.2_ASM46216v2_genomic.fna.gz,../ecoli_genomes/GCF_000601135.1_ASM60113v1_genomic.fna.gz,../ecoli_genomes/GCF_000614595.1_Ec2010EL1058_genomic.fna.gz,../ecoli_genomes/GCF_000617745.1_Ec2010C-4529_genomic.fna.gz,../ecoli_genomes/GCF_000618265.2_EcF6751_genomic.fna.gz,../ecoli_genomes/GCF_000619005.2_Ec2009C-4052_genomic.fna.gz,../ecoli_genomes/GCF_000619105.1_Ec2009C-4780_genomic.fna.gz,../ecoli_genomes/GCF_000619765.2_Ec2009C-3279_genomic.fna.gz,../ecoli_genomes/GCF_000687005.1_ASM68700v1_genomic.fna.gz,../ecoli_genomes/GCF_000687025.1_ASM68702v1_genomic.fna.gz,../ecoli_genomes/GCF_000700125.1_ASM70012v1_genomic.fna.gz,../ecoli_genomes/GCF_000753315.1_FHI35_genomic.fna.gz,../ecoli_genomes/GCF_000776375.1_ASM77637v1_genomic.fna.gz,../ecoli_genomes/GCF_000779395.1_ASM77939v1_genomic.fna.gz,../ecoli_genomes/GCF_000780315.1_ASM78031v1_genomic.fna.gz,../ecoli_genomes/GCF_000781995.1_ASM78199v1_genomic.fna.gz,../ecoli_genomes/GCF_000986765.1_ASM98676v1_genomic.fna.gz,../ecoli_genomes/GCF_001041375.1_ViralProj287958_genomic.fna.gz,../ecoli_genomes/GCF_001265335.1_302014_genomic.fna.gz,../ecoli_genomes/GCF_001265625.1_100854_genomic.fna.gz,../ecoli_genomes/GCF_001267345.1_303289_genomic.fna.gz,../ecoli_genomes/GCF_001309985.1_ASM130998v1_genomic.fna.gz,../ecoli_genomes/GCF_001521695.1_ASM152169v1_genomic.fna.gz,../ecoli_genomes/GCF_001592595.1_ASM159259v1_genomic.fna.gz,../ecoli_genomes/GCF_001614975.1_ASM161497v1_genomic.fna.gz,../ecoli_genomes/GCF_001692775.1_ASM169277v1_genomic.fna.gz,../ecoli_genomes/GCF_001748915.1_ASM174891v1_genomic.fna.gz,../ecoli_genomes/GCF_001749235.1_ASM174923v1_genomic.fna.gz,../ecoli_genomes/GCF_001881155.1_ASM188115v1_genomic.fna.gz,../ecoli_genomes/GCF_001881345.1_ASM188134v1_genomic.fna.gz,../ecoli_genomes/GCF_001892405.1_ASM189240v1_genomic.fna.gz,../ecoli_genomes/GCF_001892585.1_ASM189258v1_genomic.fna.gz,../ecoli_genomes/GCF_001893985.1_ASM189398v1_genomic.fna.gz,../ecoli_genomes/GCF_002001595.1_ASM200159v1_genomic.fna.gz,../ecoli_genomes/GCF_002002145.1_ASM200214v1_genomic.fna.gz
1.0,0.3700472872246131,0.316714630142518,0.33584296027984295,0.3130768617502757,0.3325372348272826,0.35438629343211125,0.3393593648162482,0.43289830006443153,0.3456788361812345,0.3786545724823327,0.33291546773941005,0.3574506252443167,0.3341439978349988,0.31986112516532483,0.35147523410003456,0.30009358785130624,0.35607923562975397,0.3250798839974075,0.3586546841030286,0.34904382444752224,0.3323084597741759,0.3655796675406878,0.3119510806069775,0.33096622097929995,0.3334920081787339,0.36099712845922294,0.32548862292550795,0.3866302052581656,0.4324261245294162,0.30714111267632227,0.3459791411594444,0.0,0.359717920872608,0.3571401006482732,0.3382131770511192,0.3379825012345774,0.3661898237263933,0.24098906185332025,0.35983700350016035,0.32340009686579707,0.3513052286462769,0.36501428314072826,0.33651711492877745,0.3467289508429545,0.36234186397546897,0.35323966121871386,0.3547451521732814,0.32357430904938,0.38873078397648764
0.3700472872246131,1.0,0.2902628205765009,0.32437014028270506,0.39631384526630686,0.5251410014386209,0.38842719772884216,0.3287818444165779,0.3483985890049902,0.3383470108335668,0.46867074118176466,0.3392116187468054,0.4468046200386361,0.31956859343043176,0.3123330043373167,0.38451950943622004,0.42427413268092706,0.4438614190670628,0.4003812253251189,0.3955830441804338,0.4320500665612649,0.4141300849487457,0.4452265549885468,0.5000869084481048,0.5347849638317994,0.4795587861316497,0.44672301514599166,0.31396882918412294,0.3538544365894968,0.3508646136238541,0.3032468639739494,0.43783614375552815,0.0,0.44379375690927014,0.5836834262328108,0.3274816202630344,0.3686134346645277,0.46822138244290046,0.2007955494121253,0.453656821010059,0.31643005479206787,0.4932732323953608,0.45392792976694885,0.33800362024575414,0.3381118461841526,0.33375092653240757,0.5028255183704656,0.5041576986505036,0.3320169507920613,0.3437791526871097
0.316714630142518,0.2902628205765009,1.0,0.26072122609966153,0.24094897040975072,0.24636622341443615,0.2766551965428239,0.2636214721998136,0.30585868154541984,0.26776015603125913,0.29399991291050076,0.26142603935481157,0.2836888260483724,0.263658119942633,0.26066047114292434,0.2755926970123195,0.23219093711610883,0.28018027907672527,0.2501631617484552,0.2810887326683109,0.2770870264332621,0.25279699470284,0.2823468932810216,0.2383362785242159,0.25344957736946816,0.2564783393082396,0.2912685856919184,0.2548839852799668,0.29937079822919255,0.3065066451962747,0.24638886057334686,0.2685144085068194,0.0,0.2801605616343329,0.27229555209274725,0.26805077765429597,0.2631307208690611,0.2857233500406696,0.1642854401954703,0.2925668587838829,0.26098618697510867,0.2807353596587915,0.294714567564734,0.2713936168439327,0.26309142287647436,0.27882206371570173,0.2872847743036281,0.28690100548041086,0.2714569277785084,0.3009063164308504
0.33584296027984295,0.32437014028270506,0.26072122609966153,1.0,0.3062152248182951,0.2934618682377359,0.30683227932316226,0.5289677621407525,0.3411536592017155,0.5528284596299324,0.3219428693618369,0.5299871419808404,0.3286124030503249,0.5870933429121363,0.5972841838644795,0.3220697311802976,0.2755594244467704,0.31490625350139057,0.2834907803553217,0.3128405025442209,0.3047351535297034,0.28113453635872365,0.3239157821494212,0.27233132397198756,0.308450906833168,0.30808652444464524,0.3166248603986843,0.5298989248377781,0.3468134158827122,0.3240369377609186,0.5249126978664078,0.3309910930633587,0.0,0.30656431298852216,0.30734967931549384,0.4563159308784299,0.3037804590271673,0.3154496475173534,0.30017890903852507,0.30966465940049936,0.571109925037478,0.31036818279754796,0.31807086085690406,0.5525978012865438,0.5438674136993511,0.3426025445971702,0.3117320406086882,0.3144522776280666,0.4956856256953296,0.35304990560966565
0.3130768617502757,0.39631384526630686,0.24094897040975072,0.3062152248182951,1.0,0.37468738429096615,0.33529218659012383,0.30130349503152953,0.3289085275840562,0.31179718140242174,0.4790087376697537,0.28108224897892065,0.4632571492935553,0.2930986534278007,0.30895972433502183,0.3739969291955094,0.44833480681698346,0.4045502551959571,0.3594185347798514,0.3398863977872646,0.4123298678863214,0.3618493097769009,0.41768100809635,0.449292454642934,0.4355848175738518,0.4308924442196085,0.4161028129993769,0.26516830382388024,0.3350919129009582,0.32182307794661447,0.29086555745328135,0.47404275663310014,0.0,0.4207758950246614,0.3970689185650613,0.27603743978233986,0.3412315027376789,0.44176203057524643,0.1976676238904448,0.4281641842156746,0.3045173109604149,0.40119608198845835,0.432589353921935,0.2782265740205202,0.2821285448539944,0.2920923009377009,0.4126091078420693,0.41349604796439665,0.2824162241883542,0.3202189268242548
0.3325372348272826,0.5251410014386209,0.24636622341443615,0.2934618682377359,0.37468738429096615,1.0,0.37015721669090607,0.30176371393288115,0.3077637686998391,0.2919824749684601,0.4234317553395176,0.2920466195334276,0.3973192273268361,0.2850397287082017,0.2765687946569618,0.37932221802522903,0.4035672613910948,0.41293976932074794,0.3907865378510301,0.3632457239339144,0.38424919520384593,0.4795336307571567,0.41223233496067224,0.4814100846261482,0.5117216178553743,0.44504908583310077,0.3884495215269814,0.27814526396194517,0.3222244907401798,0.3062951176346056,0.263619917780452,0.4210342265352468,0.0,0.41141052385172494,0.5264374332537174,0.30985212775127946,0.3454103913275326,0.415356558661821,0.20063243336768521,0.4022472341106804,0.27826085746605933,0.44721120714476337,0.4036204720339006,0.2933364177203809,0.29879502330007235,0.30511274168276425,0.4474121796612035,0.450854991791942,0.2829841248764716,0.3156419059836806
0.35438629343211125,0.38842719772884216,0.2766551965428239,0.30683227932316226,0.33529218659012383,0.37015721669090607,1.0,0.31012815659889725,0.34421296407279145,0.30663909616621676,0.4011047989244533,0.29997321260140586,0.38694610687778563,0.3053718988050872,0.29735336229774545,0.7564993362550232,0.3277874540819906,0.42619658199441723,0.3990027731832766,0.8398063508962479,0.4261124383855108,0.38470456948756326,0.43241695810888314,0.337533902177495,0.3625519464424527,0.3602202917631768,0.39520094028283437,0.2953389505102758,0.33517764739282985,0.34237595442981694,0.2828160915879021,0.3859653244993356,0.0,0.403256443061339,0.3944792800685336,0.3256630861654962,0.7913675848945758,0.3849073516060033,0.20296021994685098,0.3945840330274527,0.2937943465837648,0.3827681737736871,0.39926128575190123,0.31283684283945723,0.3101477270895344,0.3161580662409368,0.3803404631939463,0.3814813863442309,0.2993943261681571,0.33793254224736613
0.3393593648162482,0.3287818444165779,0.2636214721998136,0.5289677621407525,0.30130349503152953,0.30176371393288115,0.31012815659889725,1.0,0.3337325375952104,0.5316935614037284,0.32242895144135686,0.49809903347735573,0.3300207485869351,0.5174382792025878,0.505605594921028,0.31955326289802255,0.27296248035495896,0.32090173286795964,0.28928979422653167,0.31452625101493403,0.306057715816922,0.2877505539490983,0.32137407514922833,0.2830911646427434,0.3042339259890715,0.30440159651971077,0.3198337980055893,0.6763794321271025,0.3561923406910815,0.32179435916463006,0.5107907588305612,0.32361437620396327,0.0,0.31530914078717276,0.31093697551754707,0.4522511631483025,0.30184888620429484,0.3313825712922098,0.2999557429099,0.3162340614550224,0.5196250773727694,0.3180022874047308,0.32374547349295846,0.6975496969127475,0.6764909757147104,0.3373999700834963,0.3149580114550591,0.31610376430763165,0.48053339534526485,0.3515521343711141
0.43289830006443153,0.3483985890049902,0.30585868154541984,0.3411536592017155,0.3289085275840562,0.3077637686998391,0.34421296407279145,0.3337325375952104,1.0,0.3521925275627198,0.36455480944994945,0.31286855397703717,0.3676970264852505,0.3310302618669577,0.3377547204016914,0.3587980112633319,0.29693742097854703,0.3495161183609705,0.3026541675329405,0.35334695118682824,0.3408749439441976,0.30428933338093955,0.34920902008611476,0.30316397435609355,0.32459467504049977,0.33463302584572097,0.35635072794197753,0.3090764145471139,0.3771317629354042,0.45623693391276,0.31736346253850856,0.3425368957645627,0.0,0.3451675414852561,0.3420714541484149,0.33586766910583143,0.3383469893604186,0.34756566067459205,0.20511968901211097,0.3593693211209741,0.3332031998379428,0.34551082267628286,0.36090196953258524,0.32360603387319464,0.320208891209422,0.35860953583421706,0.3473335490305187,0.3484402441613357,0.32119823345250975,0.3872645025817628
0.3456788361812345,0.3383470108335668,0.26776015603125913,0.5528284596299324,0.31179718140242174,0.2919824749684601,0.30663909616621676,0.5316935614037284,0.3521925275627198,1.0,0.33831359898432467,0.4999866029347835,0.34139769279209453,0.5363631651919252,0.5340983261685006,0.3249657240829009,0.27097918390015374,0.31756834307024673,0.28052089804326996,0.3142667366141718,0.30674042848803396,0.28614199369257953,0.31428919007822964,0.28379938498146307,0.3123720648595496,0.3156817661915152,0.3254934030419141,0.5045069080836839,0.3552905858608223,0.3347544465834895,0.5400144842686649,0.31815436575543665,0.0,0.3114555557056291,0.31317809764231874,0.4655695112737531,0.30239698169637785,0.3203668922516144,0.3039485232727841,0.3233957090211924,0.5674297680412779,0.31694281226235366,0.3198265934428238,0.5297117215475249,0.5286740906157686,0.3402368853098101,0.315984467057042,0.3159404046612695,0.505383663033355,0.35112606739193697
0.3786545724823327,0.46867074118176466,0.29399991291050076,0.3219428693618369,0.4790087376697537,0.4234317553395176,0.4011047989244533,0.32242895144135686,0.36455480944994945,0.33831359898432467,1.0,0.31688478389166375,0.5600497696230884,0.3257489371724064,0.31480771517531103,0.403653328281688,0.37583785631004607,0.5205865766836746,0.4621204594349677,0.4119211367653529,0.5166983425019687,0.4957935956009004,0.5241656701536765,0.40408267450254465,0.4152185892082191,0.4400996056957509,0.5268074888091332,0.3135381773367888,0.35327063377757917,0.3645516842056209,0.30364090623378115,0.4875776116323407,0.0,0.5130871674196333,0.47015011810746554,0.3394529706691718,0.3845899715960036,0.5216893665338531,0.20909213864125786,0.5555885419593509,0.3187370959446375,0.4736946295220129,0.533923566110751,0.3265728284342567,0.32736023514592794,0.33333797054364134,0.4739886642529214,0.4738105960820368,0.32925204810218023,0.35810201981184586
0.33291546773941005,0.3392116187468054,0.26142603935481157,0.5299871419808404,0.28108224897892065,0.2920466195334276,0.29997321260140586,0.49809903347735573,0.31286855397703717,0.4999866029347835,0.31688478389166375,1.0,0.30685032675270385,0.5188036838869496,0.597087428245327,0.29883136515446695,0.26109987124624057,0.3032444696954165,0.281865819549861,0.30244615500728955,0.29861110921274214,0.2810366596048538,0.3082953595596385,0.27058076746375204,0.2895156889440781,0.2851266973303096,0.30367769873240646,0.487423385952772,0.3548563881334551,0.3143830763825096,0.4570430664827715,0.30789150254432707,0.0,0.3055709046755992,0.30951727554639874,0.43465273974573404,0.2862334367849749,0.31616014366040834,0.2880741177291486,0.3026771753263886,0.4954216698012678,0.3068070976750339,0.31080236358569935,0.5096601028000942,0.5121490846758299,0.33551224438228666,0.309562023144616,0.3110855141809571,0.460656924145886,0.3375393132026282
0.3574506252443167,0.4468046200386361,0.2836888260483724,0.3286124030503249,0.4632571492935553,0.3973192273268361,0.38694610687778563,0.3300207485869351,0.3676970264852505,0.34139769279209453,0.5600497696230884,0.30685032675270385,1.0,0.32022744816289894,0.32645205769098773,0.40596455773288054,0.37319737186675206,0.5232798377696454,0.5011213897549252,0.3971211567340852,0.5339348614795538,0.5210190835472441,0.5751054843988959,0.389978919980399,0.4064858924426088,0.43249631656261467,0.5572856075425694,0.30376866312624873,0.3434832628479497,0.36719513013202,0.30858464698719656,0.5268624748057125,0.0,0.559482209286665,0.453775364670745,0.31881609758249485,0.3856956873458435,0.5317335254328028,0.19674401089381832,0.5707298413358747,0.3249206267774143,0.46344726928922897,0.5560198344168119,0.315240143551324,0.31136296510227135,0.3209220004818324,0.4644525586689182,0.46389390977196354,0.3193673182030582,0.3486888639185646
0.3341439978349988,0.31956859343043176,0.263658119942633,0.5870933429121363,0.2930986534278007,0.2850397287082017,0.3053718988050872,0.5174382792025878,0.3310302618669577,0.5363631651919252,0.3257489371724064,0.5188036838869496,0.32022744816289894,1.0,0.5837944489149509,0.31000827190841007,0.2643930997620687,0.31358765969800084,0.28128995375959376,0.3111656739018547,0.29891478886576217,0.27861382056644757,0.3173224204779347,0.2639881649106832,0.2904513562819174,0.2945861575077401,0.31782035960770405,0.5259509616038403,0.356812765808184,0.3189060623930724,0.5076038157126941,0.3116122956168421,0.0,0.30701321418060046,0.3068608813561171,0.45468573926202616,0.29699184406931445,0.3167622803281106,0.3016596820078916,0.310578820673172,0.5471290479545585,0.3100960006549338,0.3170812711044946,0.5476462595888785,0.5370932051862574,0.3434038595692398,0.31230829894161016,0.3146610553708713,0.4924273912649427,0.3579780953589283
0.31986112516532483,0.3123330043373167,0.26066047114292434,0.5972841838644795,0.30895972433502183,0.2765687946569618,0.29735336229774545,0.505605594921028,0.3377547204016914,0.5340983261685006,0.31480771517531103,0.597087428245327,0.32645205769098773,0.5837944489149509,1.0,0.31499172481230087,0.2754532104229278,0.30550855668512744,0.27359663722020544,0.30286606150042983,0.29340665459246396,0.26769350692198013,0.30917289311706453,0.26553709242960355,0.2986547907557817,0.3014695185774815,0.3072909962861976,0.49753804750605857,0.34565495591210227,0.3211485069908885,0.5148582902277721,0.32001559871371266,0.0,0.30073736397478956,0.29816290403818746,0.440165750067285,0.2957143738124529,0.3081818522982934,0.2876758953299805,0.304355225584082,0.5544826675123138,0.3048176042255447,0.3099277203606383,0.5153968288910094,0.5068883732183376,0.3405443016318166,0.311631388076111,0.31345284449221733,0.47650009418577854,0.35821346593875725
0.35147523410003456,0.38451950943622004,0.2755926970123195,0.3220697311802976,0.3739969291955094,0.37932221802522903,0.7564993362550232,0.31955326289802255,0.3587980112633319,0.3249657240829009,0.403653328281688,0.29883136515446695,0.40596455773288054,0.31000827190841007,0.31499172481230087,1.0,0.3344435183339386,0.41032702313359337,0.39490237410579576,0.7536181605860585,0.40713078468359576,0.3968567628689078,0.41971192442699146,0.3460104496009121,0.3868867415706613,0.3838097149322144,0.3891721639275445,0.2963486442361354,0.3354817721936387,0.3526815147807174,0.2979434330217797,0.40074821958301354,0.0,0.39413871055592753,0.38919302855029336,0.32111470710102186,0.7504813829594768,0.3859372838870966,0.19593071094096515,0.3892868291364815,0.30929001018362745,0.3814408018392442,0.3952091057044188,0.30873227290925676,0.30968189056519524,0.3168428434126027,0.3802728679500911,0.3802467873611184,0.2997202242311242,0.33765157301163407
0.30009358785130624,0.42427413268092706,0.23219093711610883,0.2755594244467704,0.44833480681698346,0.4035672613910948,0.3277874540819906,0.27296248035495896,0.29693742097854703,0.27097918390015374,0.37583785631004607,0.26109987124624057,0.37319737186675206,0.2643930997620687,0.2754532104229278,0.3344435183339386,1.0,0.3605063409859751,0.32983225586640974,0.3295105279037852,0.36068428931509966,0.33639344608167443,0.38192663143511385,0.5650450483435218,0.5008073996544098,0.49842314722160663,0.36679559739474055,0.2518942557282794,0.3299445738106259,0.2931201496599991,0.263548116718755,0.4597594242818105,0.0,0.3890508103611666,0.44201947978218903,0.274927821870364,0.32065947338552514,0.37469177880482674,0.18059730833170917,0.37485558155967025,0.2686277591134011,0.40250555829018686,0.36895803166252017,0.267128941941841,0.2753708900631954,0.2831348914729065,0.4225552836347226,0.42599978559867524,0.25723847306214687,0.30356863342642115
0.35607923562975397,0.4438614190670628,0.28018027907672527,0.31490625350139057,0.4045502551959571,0.41293976932074794,0.42619658199441723,0.32090173286795964,0.3495161183609705,0.31756834307024673,0.5205865766836746,0.3032444696954165,0.5232798377696454,0.31358765969800084,0.30550855668512744,0.41032702313359337,0.3605063409859751,1.0,0.49745967541531066,0.43314430329843934,0.5451516289226501,0.48705865554183814,0.5536684200510414,0.37832635028218,0.3977141744907875,0.40877700839081665,0.5268428602420414,0.3037519932773849,0.33830529748821037,0.34874324586053496,0.29509197354321637,0.4830087622703261,0.0,0.5125586269944797,0.45385458276982615,0.33884671605393935,0.4080854356691549,0.4916339419465007,0.20791153620651515,0.5269207830213696,0.3050150141144028,0.4557657645735548,0.517314035175596,0.31578046907014856,0.31390355655379276,0.31981004238032107,0.45936488162467803,0.4593183238602553,0.30785603895383196,0.34634083238164437
0.3250798839974075,0.4003812253251189,0.2501631617484552,0.2834907803553217,0.3594185347798514,0.3907865378510301,0.3990027731832766,0.28928979422653167,0.3026541675329405,0.28052089804326996,0.4621204594349677,0.281865819549861,0.5011213897549252,0.28128995375959376,0.27359663722020544,0.39490237410579576,0.32983225586640974,0.49745967541531066,1.0,0.3812312025601786,0.4880464574232861,0.5059418174473662,0.49421804251747936,0.34337588665614016,0.37203233083073406,0.363681285996982,0.4602054577595558,0.27409242299659353,0.30839360449639697,0.3130067695709243,0.2608502818507312,0.4732444069549365,0.0,0.4612812179897492,0.4117002232040703,0.2977279099292558,0.38140512510499025,0.4416068146454163,0.18053852119179103,0.4630100460983375,0.26912561346607244,0.40282261969945155,0.4530503064491884,0.28839012233124184,0.2869152123038433,0.28957186064707474,0.3991996787146399,0.40157454293973704,0.27560356444716416,0.30756021771334807
0.3586546841030286,0.3955830441804338,0.2810887326683109,0.3128405025442209,0.3398863977872646,0.3632457239339144,0.8398063508962479,0.31452625101493403,0.35334695118682824,0.3142667366141718,0.4119211367653529,0.30244615500728955,0.3971211567340852,0.3111656739018547,0.30286606150042983,0.7536181605860585,0.3295105279037852,0.43314430329843934,0.3812312025601786,1.0,0.4281469222274823,0.38106203719866283,0.4366580818771253,0.33874331660129187,0.3648666160622769,0.3655160634664216,0.40474972592371095,0.3000637878126251,0.3369983519948414,0.34901925423631563,0.28811963777907235,0.3874550039400929,0.0,0.40250577663081843,0.39914188250862126,0.32651367134474507,0.7810401901574859,0.3912288684425831,0.20177288570797391,0.403945130389773,0.30000187071397855,0.3907715928615725,0.4071534130931146,0.31574420438278017,0.3127158987179266,0.3245181461773946,0.38743294834119024,0.3886217647450837,0.3069382046881285,0.34671613269336854
0.34904382444752224,0.4320500665612649,0.2770870264332621,0.3047351535297034,0.4123298678863214,0.38424919520384593,0.4261124383855108,0.306057715816922,0.3408749439441976,0.30674042848803396,0.5166983425019687,0.29861110921274214,0.5339348614795538,0.29891478886576217,0.29340665459246396,0.40713078468359576,0.36068428931509966,0.5451516289226501,0.4880464574232861,0.4281469222274823,1.0,0.49300625297531053,0.5706412543382575,0.3734494178020715,0.3918487363909565,0.40921973718134863,0.5334295178101536,0.29316032050214824,0.3305021949076442,0.3475805902527783,0.28337103549063103,0.4966403607117438,0.0,0.5332165507572739,0.44352294595848873,0.3198546239796358,0.40697553223884086,0.5052071861372036,0.19718889645533044,0.5414836840641908,0.2979646688844483,0.43331579553933264,0.5210304683524005,0.3090176191536971,0.3076591358390489,0.32065570554514233,0.4521651622604468,0.45196489356532155,0.3031930641906909,0.3415188513475582
0.3323084597741759,0.4141300849487457,0.25279699470284,0.28113453635872365,0.3618493097769009,0.4795336307571567,0.38470456948756326,0.2877505539490983,0.30428933338093955,0.28614199369257953,0.4957935956009004,0.2810366596048538,0.5210190835472441,0.27861382056644757,0.26769350692198013,0.3968567628689078,0.33639344608167443,0.48705865554183814,0.5059418174473662,0.38106203719866283,0.49300625297531053,1.0,0.6356394010791222,0.3738544896310716,0.3909781501186024,0.38908457059448065,0.47845161291013194,0.2773474520656882,0.30444409944625994,0.3092713079168713,0.2581811434856667,0.4729001722721696,0.0,0.5687130284581972,0.424901592192496,0.3040824062117051,0.3637892796230314,0.47083289284396945,0.1831287435253105,0.49117736364059306,0.2673860085639018,0.3996561614437497,0.4775798098882452,0.2894266707839599,0.2899588425877111,0.29585496022768387,0.40167435810794894,0.40148897964995967,0.27773693199382765,0.31509754617463237
0.3655796675406878,0.4452265549885468,0.2823468932810216,0.3239157821494212,0.41768100809635,0.41223233496067224,0.43241695810888314,0.32137407514922833,0.34920902008611476,0.31428919007822964,0.5241656701536765,0.3082953595596385,0.5751054843988959,0.3173224204779347,0.30917289311706453,0.41971192442699146,0.38192663143511385,0.5536684200510414,0.49421804251747936,0.4366580818771253,0.5706412543382575,0.6356394010791222,1.0,0.3817095332088577,0.4077414022039896,0.413137120802194,0.5573179618830473,0.30546189972283744,0.345464934938318,0.35007238474863234,0.2965427559712308,0.5104865029528836,0.0,0.658763048919835,0.4561466772085203,0.3282925141385057,0.41493804650597854,0.5264424543284134,0.20626472085049563,0.5501208158042887,0.3083923794603719,0.45148522254220225,0.5435396512869237,0.3204864385931011,0.3188287026777685,0.32309445374294865,0.45326764670251696,0.4556590402140285,0.3135256986810768,0.35115441509480405
0.3119510806069775,0.5000869084481048,0.2383362785242159,0.27233132397198756,0.449292454642934,0.4814100846261482,0.337533902177495,0.2830911646427434,0.30316397435609355,0.28379938498146307,0.40408267450254465,0.27058076746375204,0.389978919980399,0.2639881649106832,0.26553709242960355,0.3460104496009121,0.5650450483435218,0.37832635028218,0.34337588665614016,0.33874331660129187,0.3734494178020715,0.3738544896310716,0.3817095332088577,1.0,0.560808305881664,0.5028846175281941,0.3779768806073006,0.2547439218622152,0.34130755512130784,0.30205847808041075,0.26116446146429906,0.4438916516199253,0.0,0.3834352295850447,0.5132368108050066,0.2819228185320434,0.32787795826215405,0.38567005446248626,0.17867782522276143,0.38091398247125396,0.26852965670850204,0.427590880004333,0.3767634467107205,0.26692060421137453,0.2754486201710614,0.282806115611397,0.42635248012805427,0.4232639002399533,0.26153472465440375,0.3031838059957036
0.33096622097929995,0.5347849638317994,0.25344957736946816,0.308450906833168,0.4355848175738518,0.5117216178553743,0.3625519464424527,0.3042339259890715,0.32459467504049977,0.3123720648595496,0.4152185892082191,0.2895156889440781,0.4064858924426088,0.2904513562819174,0.2986547907557817,0.3868867415706613,0.5008073996544098,0.3977141744907875,0.37203233083073406,0.3648666160622769,0.3918487363909565,0.3909781501186024,0.4077414022039896,0.560808305881664,1.0,0.5345784635869933,0.39541996375496413,0.27382386054876506,0.3292452967316958,0.3175929315871162,0.28749150067829843,0.472433832355036,0.0,0.3998496250227609,0.5376126594553268,0.2978245625462014,0.36388575329160444,0.4117356193893592,0.18721304212915468,0.39745341888228647,0.2962466951888624,0.4404336356652855,0.40534420563267737,0.2998165668265488,0.30449786155555114,0.3076858894558574,0.4506910611978342,0.4517387580324417,0.2937660025339601,0.3211135045622001
0.3334920081787339,0.4795587861316497,0.2564783393082396,0.30808652444464524,0.4308924442196085,0.44504908583310077,0.3602202917631768,0.30440159651971077,0.33463302584572097,0.3156817661915152,0.4400996056957509,0.2851266973303096,0.43249631656261467,0.2945861575077401,0.3014695185774815,0.3838097149322144,0.49842314722160663,0.40877700839081665,0.363681285996982,0.3655160634664216,0.40921973718134863,0.38908457059448065,0.413137120802194,0.5028846175281941,0.5345784635869933,1.0,0.4111282763306734,0.27712167599502224,0.3322565425733415,0.3322286838666234,0.28881469626047207,0.451697207956007,0.0,0.40557481281504126,0.4846675946529968,0.2997363863988851,0.3587146505652624,0.4119204218213012,0.19372329017053558,0.42663248301046675,0.30258820260606367,0.4594642507346065,0.41185153429431987,0.30060342989694455,0.30115973121780126,0.3055671055225563,0.4752512655453782,0.4731698800975278,0.3007114581379342,0.32979024932926726
0.36099712845922294,0.44672301514599166,0.2912685856919184,0.3166248603986843,0.4161028129993769,0.3884495215269814,0.39520094028283437,0.3198337980055893,0.35635072794197753,0.3254934030419141,0.5268074888091332,0.30367769873240646,0.5572856075425694,0.31782035960770405,0.3072909962861976,0.3891721639275445,0.36679559739474055,0.5268428602420414,0.4602054577595558,0.40474972592371095,0.5334295178101536,0.47845161291013194,0.5573179618830473,0.3779768806073006,0.39541996375496413,0.4111282763306734,1.0,0.301691543640663,0.3461067907940565,0.35354146382953755,0.30046903053445195,0.49809397309414094,0.0,0.5306978618665762,0.4471368602156546,0.32453594535097374,0.3811895948823386,0.5974540440397855,0.1945114569782752,0.5687221809363505,0.3130615590089991,0.45381145076150786,0.6232394055131298,0.3213119785305032,0.31416765055691853,0.32887306538464467,0.45418745859095655,0.4548397679685825,0.3199229942272216,0.35080822370854314
0.32548862292550795,0.31396882918412294,0.2548839852799668,0.5298989248377781,0.26516830382388024,0.27814526396194517,0.2953389505102758,0.6763794321271025,0.3090764145471139,0.5045069080836839,0.3135381773367888,0.487423385952772,0.30376866312624873,0.5259509616038403,0.49753804750605857,0.2963486442361354,0.2518942557282794,0.3037519932773849,0.27409242299659353,0.3000637878126251,0.29316032050214824,0.2773474520656882,0.30546189972283744,0.2547439218622152,0.27382386054876506,0.27712167599502224,0.301691543640663,1.0,0.34458807119824897,0.3038400140609391,0.516660271783272,0.2988234905045938,0.0,0.29617242729886395,0.29607446074387034,0.43431175274967504,0.28446455491372913,0.3131116852545083,0.28600948870246945,0.299502915165651,0.5024751883641309,0.30244769208164857,0.30162058078132725,0.7936629398199306,0.7556031816300431,0.3195841545874579,0.301813832114024,0.3020107707842419,0.4771113720836664,0.3322552454202151
0.3866302052581656,0.3538544365894968,0.29937079822919255,0.3468134158827122,0.3350919129009582,0.3222244907401798,0.33517764739282985,0.3561923406910815,0.3771317629354042,0.3552905858608223,0.35327063377757917,0.3548563881334551,0.3434832628479497,0.356812765808184,0.34565495591210227,0.3354817721936387,0.3299445738106259,0.33830529748821037,0.30839360449639697,0.3369983519948414,0.3305021949076442,0.30444409944625994,0.345464934938318,0.34130755512130784,0.3292452967316958,0.3322565425733415,0.3461067907940565,0.34458807119824897,1.0,0.3670604710280664,0.33173045274007973,0.34502017108230854,0.0,0.3446690205947144,0.3380292625959235,0.3531276155365428,0.3218106445162906,0.3518803122970672,0.22181289393770243,0.34538452308079837,0.33978399142232574,0.33976466899049984,0.3463777847737215,0.3545755170220347,0.3517457118442864,0.4206068336476576,0.3451960232703968,0.34503664189444805,0.3421237411237893,0.6133455275893434
0.4324261245294162,0.3508646136238541,0.3065066451962747,0.3240369377609186,0.32182307794661447,0.3062951176346056,0.34237595442981694,0.32179435916463006,0.45623693391276,0.3347544465834895,0.3645516842056209,0.3143830763825096,0.36719513013202,0.3189060623930724,0.3211485069908885,0.3526815147807174,0.2931201496599991,0.34874324586053496,0.3130067695709243,0.34901925423631563,0.3475805902527783,0.3092713079168713,0.35007238474863234,0.30205847808041075,0.3175929315871162,0.3322286838666234,0.35354146382953755,0.3038400140609391,0.3670604710280664,1.0,0.30628250871786633,0.33327050223446253,0.0,0.3438625643474359,0.3483772172372931,0.32505795670036497,0.3334216538354501,0.3500257819703497,0.2169233024835694,0.362931152405533,0.32371194910504386,0.34568495353047013,0.35855925165952585,0.31781389093000245,0.31236882297354296,0.36458781606402924,0.35448669285012635,0.3553250266985851,0.313931250843571,0.38012481288302036
0.30714111267632227,0.3032468639739494,0.24638886057334686,0.5249126978664078,0.29086555745328135,0.263619917780452,0.2828160915879021,0.5107907588305612,0.31736346253850856,0.5400144842686649,0.30364090623378115,0.4570430664827715,0.30858464698719656,0.5076038157126941,0.5148582902277721,0.2979434330217797,0.263548116718755,0.29509197354321637,0.2608502818507312,0.28811963777907235,0.28337103549063103,0.2581811434856667,0.2965427559712308,0.26116446146429906,0.28749150067829843,0.28881469626047207,0.30046903053445195,0.516660271783272,0.33173045274007973,0.30628250871786633,1.0,0.3029386859270121,0.0,0.2925334168655185,0.284590590642683,0.42756783476839055,0.2783847700809249,0.2978758510864693,0.2795116359011466,0.29597733272479265,0.6513324013843225,0.2921441416713676,0.2966112935061809,0.5177998168166715,0.50829897211773,0.3195442084884865,0.29485761796448406,0.2958310282410227,0.4577540868240382,0.3255989430291414
0.3459791411594444,0.43783614375552815,0.2685144085068194,0.3309910930633587,0.47404275663310014,0.4210342265352468,0.3859653244993356,0.32361437620396327,0.3425368957645627,0.31815436575543665,0.4875776116323407,0.30789150254432707,0.5268624748057125,0.3116122956168421,0.32001559871371266,0.40074821958301354,0.4597594242818105,0.4830087622703261,0.4732444069549365,0.3874550039400929,0.4966403607117438,0.4729001722721696,0.5104865029528836,0.4438916516199253,0.472433832355036,0.451697207956007,0.49809397309414094,0.2988234905045938,0.34502017108230854,0.33327050223446253,0.3029386859270121,1.0,0.0,0.4967972822472583,0.4394487493489676,0.3153392066245976,0.38672046622819045,0.5081736618554503,0.20448794844399132,0.508489976921554,0.30978942837013923,0.44113053074863195,0.5075478530613053,0.3112557141794031,0.31705499454490127,0.3131072560523037,0.44727095428457986,0.4494930697806331,0.30037110863350047,0.33420223646603975
0.0,0.0,0.0,0.0,0.0,0.0,0.0,0.0,0.0,0.0,0.0,0.0,0.0,0.0,0.0,0.0,0.0,0.0,0.0,0.0,0.0,0.0,0.0,0.0,0.0,0.0,0.0,0.0,0.0,0.0,0.0,0.0,1.0,0.0,0.0,0.0,0.0,0.0,0.0,0.0,0.0,0.0,0.0,0.0,0.0,0.0,0.0,0.0,0.0,0.0
0.359717920872608,0.44379375690927014,0.2801605616343329,0.30656431298852216,0.4207758950246614,0.41141052385172494,0.403256443061339,0.31530914078717276,0.3451675414852561,0.3114555557056291,0.5130871674196333,0.3055709046755992,0.559482209286665,0.30701321418060046,0.30073736397478956,0.39413871055592753,0.3890508103611666,0.5125586269944797,0.4612812179897492,0.40250577663081843,0.5332165507572739,0.5687130284581972,0.658763048919835,0.3834352295850447,0.3998496250227609,0.40557481281504126,0.5306978618665762,0.29617242729886395,0.3446690205947144,0.3438625643474359,0.2925334168655185,0.4967972822472583,0.0,1.0,0.4499791549644624,0.3316359656212545,0.3843119360499281,0.5125967888995236,0.2263812891478988,0.5353171396080164,0.30196428298879385,0.4482869130730054,0.5365937188808365,0.31027676322085884,0.3133571828464443,0.31634331470445387,0.4495557952486706,0.45257026768432274,0.3073517113079912,0.3431713054666349
0.3571401006482732,0.5836834262328108,0.27229555209274725,0.30734967931549384,0.3970689185650613,0.5264374332537174,0.3944792800685336,0.31093697551754707,0.3420714541484149,0.31317809764231874,0.47015011810746554,0.30951727554639874,0.453775364670745,0.3068608813561171,0.29816290403818746,0.38919302855029336,0.44201947978218903,0.45385458276982615,0.4117002232040703,0.39914188250862126,0.44352294595848873,0.424901592192496,0.4561466772085203,0.5132368108050066,0.5376126594553268,0.4846675946529968,0.4471368602156546,0.29607446074387034,0.3380292625959235,0.3483772172372931,0.284590590642683,0.4394487493489676,0.0,0.4499791549644624,1.0,0.3217507302290967,0.37470777166372793,0.450327755652723,0.2046773861175868,0.4604051649590247,0.29716631307976016,0.49446863486052284,0.45787634890743845,0.30782860656461275,0.3117625394593192,0.3223603505072552,0.4954876840700225,0.49586631100633516,0.30598908651398793,0.34000241711512025
0.3382131770511192,0.3274816202630344,0.26805077765429597,0.4563159308784299,0.27603743978233986,0.30985212775127946,0.3256630861654962,0.4522511631483025,0.33586766910583143,0.4655695112737531,0.3394529706691718,0.43465273974573404,0.31881609758249485,0.45468573926202616,0.440165750067285,0.32111470710102186,0.274927821870364,0.33884671605393935,0.2977279099292558,0.32651367134474507,0.3198546239796358,0.3040824062117051,0.3282925141385057,0.2819228185320434,0.2978245625462014,0.2997363863988851,0.32453594535097374,0.43431175274967504,0.3531276155365428,0.32505795670036497,0.42756783476839055,0.3153392066245976,0.0,0.3316359656212545,0.3217507302290967,1.0,0.3108439128350937,0.319715467580874,0.3339208972541875,0.32610634192250154,0.4497260880608589,0.3188128801620532,0.3201710953088328,0.4549479754471728,0.45639357484492293,0.33706435564505366,0.31518835441826876,0.31568613758069486,0.44914647511671346,0.3594157123231042
0.3379825012345774,0.3686134346645277,0.2631307208690611,0.3037804590271673,0.3412315027376789,0.3454103913275326,0.7913675848945758,0.30184888620429484,0.3383469893604186,0.30239698169637785,0.3845899715960036,0.2862334367849749,0.3856956873458435,0.29699184406931445,0.2957143738124529,0.7504813829594768,0.32065947338552514,0.4080854356691549,0.38140512510499025,0.7810401901574859,0.40697553223884086,0.3637892796230314,0.41493804650597854,0.32787795826215405,0.36388575329160444,0.3587146505652624,0.3811895948823386,0.28446455491372913,0.3218106445162906,0.3334216538354501,0.2783847700809249,0.38672046622819045,0.0,0.3843119360499281,0.37470777166372793,0.3108439128350937,1.0,0.372730680716315,0.1917627871832469,0.3766318922448477,0.2891301970797444,0.3721685887084183,0.38888565619465953,0.2982730586201525,0.29545357345076584,0.30094847673189185,0.3657200267668421,0.36609333368530894,0.28670416390106856,0.3262898727581134
0.3661898237263933,0.46822138244290046,0.2857233500406696,0.3154496475173534,0.44176203057524643,0.415356558661821,0.3849073516060033,0.3313825712922098,0.34756566067459205,0.3203668922516144,0.5216893665338531,0.31616014366040834,0.5317335254328028,0.3167622803281106,0.3081818522982934,0.3859372838870966,0.37469177880482674,0.4916339419465007,0.4416068146454163,0.3912288684425831,0.5052071861372036,0.47083289284396945,0.5264424543284134,0.38567005446248626,0.4117356193893592,0.4119204218213012,0.5974540440397855,0.3131116852545083,0.3518803122970672,0.3500257819703497,0.2978758510864693,0.5081736618554503,0.0,0.5125967888995236,0.450327755652723,0.319715467580874,0.372730680716315,1.0,0.20345392403848317,0.5477045796290222,0.3137164073962255,0.4550263218721965,0.6277980142399382,0.33224859315718447,0.3252565093842027,0.3305940400162737,0.47144966696440593,0.47280522555138005,0.32547550886482113,0.3527028660245689
0.24098906185332025,0.2007955494121253,0.1642854401954703,0.30017890903852507,0.1976676238904448,0.20063243336768521,0.20296021994685098,0.2999557429099,0.20511968901211097,0.3039485232727841,0.20909213864125786,0.2880741177291486,0.19674401089381832,0.3016596820078916,0.2876758953299805,0.19593071094096515,0.18059730833170917,0.20791153620651515,0.18053852119179103,0.20177288570797391,0.19718889645533044,0.1831287435253105,0.20626472085049563,0.17867782522276143,0.18721304212915468,0.19372329017053558,0.1945114569782752,0.28600948870246945,0.22181289393770243,0.2169233024835694,0.2795116359011466,0.20448794844399132,0.0,0.2263812891478988,0.2046773861175868,0.3339208972541875,0.1917627871832469,0.20345392403848317,1.0,0.2071133852391256,0.2907878683768904,0.20223209056966573,0.1984458688483507,0.29382455377313743,0.31013691515595687,0.21175785976794215,0.20188341585219471,0.20236422923368458,0.30113018446118667,0.23642328676916813
0.35983700350016035,0.453656821010059,0.2925668587838829,0.30966465940049936,0.4281641842156746,0.4022472341106804,0.3945840330274527,0.3162340614550224,0.3593693211209741,0.3233957090211924,0.5555885419593509,0.3026771753263886,0.5707298413358747,0.310578820673172,0.304355225584082,0.3892868291364815,0.37485558155967025,0.5269207830213696,0.4630100460983375,0.403945130389773,0.5414836840641908,0.49117736364059306,0.5501208158042887,0.38091398247125396,0.39745341888228647,0.42663248301046675,0.5687221809363505,0.299502915165651,0.34538452308079837,0.362931152405533,0.29597733272479265,0.508489976921554,0.0,0.5353171396080164,0.4604051649590247,0.32610634192250154,0.3766318922448477,0.5477045796290222,0.2071133852391256,1.0,0.3097582392421139,0.46249223662604944,0.5688317973525241,0.3138098392001176,0.31430427392925386,0.33504834544147555,0.48453242592372037,0.485136162681963,0.3179473062301279,0.35918528004725603
