../ecoli_genomes/GCF_000163235.1_ASM16323v1_genomic.fna.gz,../ecoli_genomes/GCF_000164555.1_ASM16455v1_genomic.fna.gz,../ecoli_genomes/GCF_000208545.1_ASM20854v2_genomic.fna.gz,../ecoli_genomes/GCF_000233875.1_ASM23387v1_genomic.fna.gz,../ecoli_genomes/GCF_000249735.1_ASM24973v2_genomic.fna.gz,../ecoli_genomes/GCF_000261145.1_Esch_coli_M919_V2_genomic.fna.gz,../ecoli_genomes/GCF_000267705.2_ASM26770v2_genomic.fna.gz,../ecoli_genomes/GCF_000350665.1_Esch_coli_KTE5_V1_genomic.fna.gz,../ecoli_genomes/GCF_000351625.1_Esch_coli_KTE66_V1_genomic.fna.gz,../ecoli_genomes/GCF_000352285.1_Esch_coli_KTE46_V1_genomic.fna.gz,../ecoli_genomes/GCF_000358895.1_ASM35889v1_genomic.fna.gz,../ecoli_genomes/GCF_000456385.1_Esch_coli_HVH_26_4-5703913_V1_genomic.fna.gz,../ecoli_genomes/GCF_000458195.1_Esch_coli_HVH_147_4-5893887_V1_genomic.fna.gz,../ecoli_genomes/GCF_000459755.1_Esch_coli_KOEGE_58_171a_V1_genomic.fna.gz,../ecoli_genomes/GCF_000460055.1_Esch_coli_UMEA_3053-1_V1_genomic.fna.gz,../ecoli_genomes/GCF_000462165.2_ASM46216v2_genomic.fna.gz,../ecoli_genomes/GCF_000601135.1_ASM60113v1_genomic.fna.gz,../ecoli_genomes/GCF_000614595.1_Ec2010EL1058_genomic.fna.gz,../ecoli_genomes/GCF_000617745.1_Ec2010C-4529_genomic.fna.gz,../ecoli_genomes/GCF_000618265.2_EcF6751_genomic.fna.gz,../ecoli_genomes/GCF_000619005.2_Ec2009C-4052_genomic.fna.gz,../ecoli_genomes/GCF_000619105.1_Ec2009C-4780_genomic.fna.gz,../ecoli_genomes/GCF_000619765.2_Ec2009C-3279_genomic.fna.gz,../ecoli_genomes/GCF_000687005.1_ASM68700v1_genomic.fna.gz,../ecoli_genomes/GCF_000687025.1_ASM68702v1_genomic.fna.gz,../ecoli_genomes/GCF_000700125.1_ASM70012v1_genomic.fna.gz,../ecoli_genomes/GCF_000753315.1_FHI35_genomic.fna.gz,../ecoli_genomes/GCF_000776375.1_ASM77637v1_genomic.fna.gz,../ecoli_genomes/GCF_000779395.1_ASM77939v1_genomic.fna.gz,../ecoli_genomes/GCF_000780315.1_ASM78031v1_genomic.fna.gz,../ecoli_genomes/GCF_000781995.1_ASM78199v1_genomic.fna.gz,../ecoli_genomes/GCF_000986765.1_ASM98676v1_genomic.fna.gz,../ecoli_genomes/GCF_001041375.1_ViralProj287958_genomic.fna.gz,../ecoli_genomes/GCF_001265335.1_302014_genomic.fna.gz,../ecoli_genomes/GCF_001265625.1_100854_genomic.fna.gz,../ecoli_genomes/GCF_001267345.1_303289_genomic.fna.gz,../ecoli_genomes/GCF_001309985.1_ASM130998v1_genomic.fna.gz,../ecoli_genomes/GCF_001521695.1_ASM152169v1_genomic.fna.gz,../ecoli_genomes/GCF_001592595.1_ASM159259v1_genomic.fna.gz,../ecoli_genomes/GCF_001614975.1_ASM161497v1_genomic.fna.gz,../ecoli_genomes/GCF_001692775.1_ASM169277v1_genomic.fna.gz,../ecoli_genomes/GCF_001748915.1_ASM174891v1_genomic.fna.gz,../ecoli_genomes/GCF_001749235.1_ASM174923v1_genomic.fna.gz,../ecoli_genomes/GCF_001881155.1_ASM188115v1_genomic.fna.gz,../ecoli_genomes/GCF_001881345.1_ASM188134v1_genomic.fna.gz,../ecoli_genomes/GCF_001892405.1_ASM189240v1_genomic.fna.gz,../ecoli_genomes/GCF_001892585.1_ASM189258v1_genomic.fna.gz,../ecoli_genomes/GCF_001893985.1_ASM189398v1_genomic.fna.gz,../ecoli_genomes/GCF_002001595.1_ASM200159v1_genomic.fna.gz,../ecoli_genomes/GCF_002002145.1_ASM200214v1_genomic.fna.gz
1.0,0.37860283368069914,0.31403662199208193,0.32530025924449113,0.31803502974750997,0.36187193799569306,0.3568954499716044,0.335876791662829,0.42795332316947143,0.3399784684439777,0.3749616126075981,0.34302960415949313,0.3617490956437601,0.32424528761939286,0.31267840208304987,0.35829563227878136,0.34247576333397267,0.35825631613129405,0.35154894668648706,0.35887756657450354,0.35480868751722716,0.35460387254407855,0.3657964438952487,0.3530003198335343,0.33715276277088513,0.336611631691608,0.3599332406624426,0.33449572615528145,0.3880374122554001,0.4299669907345509,0.309391768038204,0.35353930000038614,0.0,0.3546020643072859,0.36103445362441344,0.30350958675356454,0.3431434287212982,0.36401547927669653,0.2826963228247378,0.36838506410563865,0.3105284522792876,0.3595833540138925,0.36579330974551405,0.33797483572946874,0.348675576891074,0.36364328744781715,0.357471935235392,0.35871719605761565,0.32970874469238565,0.3924488195703476
0.37860283368069914,1.0,0.2994958309485699,0.33153464166151336,0.4007132757788652,0.5724541543577721,0.39592203294596595,0.3416447062380523,0.35199266073245294,0.3465617403547614,0.4646164403812958,0.34951190053800496,0.45871043787819354,0.3269943364619968,0.3188602822223344,0.3967793307384707,0.4838117316138991,0.45639268103176833,0.4413970264206809,0.3978237012543635,0.4442226015090106,0.4438809063012006,0.45724305052228786,0.5462609669670297,0.5478532577323578,0.4936164427017711,0.4564323032593661,0.3416660302106471,0.36480658614903094,0.3647384670111653,0.31640622847566824,0.45465806345313164,0.0,0.4406564330900805,0.5799863467012587,0.3040404963791665,0.376265065447972,0.46019529453078634,0.27149140815457384,0.4674331973696617,0.31374333894910633,0.49556407478854736,0.46223726928284914,0.35564932970184526,0.3556206297602119,0.3377512942273415,0.5108198993210409,0.5117154105833089,0.34766668250724564,0.357548283440993
0.31403662199208193,0.2994958309485699,1.0,0.26805972303789927,0.25098611592347253,0.2815297964533363,0.284017274536823,0.2714589593981971,0.30371672399692207,0.2719173596097225,0.2985413194602464,0.27021256797310156,0.2914643184769157,0.26738464716972865,0.2604704877547386,0.28450263900198836,0.2674583788233248,0.2878891351868935,0.2777296553000693,0.2865062964866064,0.2875229866246233,0.28343830043636864,0.29131992063855816,0.27222742811114276,0.26523551433741743,0.267706624012094,0.28944868033252213,0.2739445911875493,0.3112948376559581,0.3195522856280806,0.25171601938672983,0.28227782169531856,0.0,0.28461656878997255,0.27913133738428564,0.2577301953436094,0.27079866886369064,0.28601357941175476,0.22240938153944,0.29680437903172796,0.25622542376758173,0.28379764180205913,0.2997593151170773,0.27984895596371484,0.2734096689958383,0.28926872884580856,0.29678682528130595,0.29687999054503067,0.2767634802099741,0.31467501457464586
0.32530025924449113,0.33153464166151336,0.26805972303789927,1.0,0.33322791204034996,0.3324086561707096,0.3078498699682335,0.5416867169986048,0.34673058482312036,0.5738949815171045,0.3182810313016641,0.5416140800313953,0.34265422502360976,0.5749144563140395,0.604932619917546,0.3366300775973188,0.32188874950918167,0.3197729348199023,0.30835480978414254,0.30941650449967006,0.30979255698370933,0.30311688473557485,0.3262199679187219,0.3340343580307851,0.3352879543352574,0.3262751849343398,0.31484330328691545,0.5495887365622528,0.3554832012794664,0.33535842546074124,0.5459433134716097,0.35259690826409384,0.0,0.3022876334029593,0.3166411165959775,0.42974244879668966,0.30828644953311446,0.31252823924475426,0.4082072453300366,0.3122630620967216,0.5639869175968656,0.3139571302990182,0.3166610445144711,0.5562237582756541,0.5487089732524291,0.33679416766562553,0.3102816506031565,0.3115917379152763,0.49788225549325993,0.36047607265325454
0.31803502974750997,0.4007132757788652,0.25098611592347253,0.33322791204034996,1.0,0.4313075836699425,0.34344710698404635,0.3299907356908919,0.35553033546195467,0.3399760614825569,0.48707272033621407,0.30848454690463967,0.49283075236253504,0.309932802040199,0.3402893215020053,0.40057749016319755,0.44468165882271227,0.4090546393916241,0.4034061080145226,0.34379914574003845,0.42090056636748274,0.40153263023649255,0.4204871567253218,0.4638665062967451,0.44550008818115205,0.4596887012481031,0.4234970977785023,0.28432262429918276,0.31752743521735793,0.34741787761505705,0.3222938440284461,0.4802675545664504,0.0,0.41853498959603164,0.39754095398739453,0.2693072586452778,0.35712964363877886,0.43429803130497824,0.3090119789643627,0.4375695135470612,0.33620076349732886,0.4049557007688892,0.4443891409242883,0.30140893108721656,0.30308050922194363,0.29770314623709093,0.4150435473944104,0.41724518542236233,0.2961519161287366,0.31434062416729425
0.36187193799569306,0.5724541543577721,0.2815297964533363,0.3324086561707096,0.4313075836699425,1.0,0.39958129928539543,0.34210484756137405,0.3563476213086555,0.336114995060685,0.45824512267551665,0.3319117424117676,0.4624224602604179,0.32055928179538307,0.3228753437403207,0.40826283661339846,0.4869535718546315,0.45600943626840373,0.44378132329171727,0.3991990507327361,0.43428149200418287,0.4387356478754566,0.45625266454717894,0.555929554401273,0.5499159512340264,0.48956165995835565,0.444070785157312,0.32526137616114237,0.3645414812916875,0.3566303709784353,0.31239939789464977,0.46196777810798595,0.0,0.45327571752433937,0.5728021118342377,0.305302765265838,0.3860663884737131,0.45218494190262437,0.29867252703566416,0.45540647904134,0.31923373046964265,0.5082853049743623,0.46091437563818183,0.33322857557434027,0.33251040298545653,0.3250520011769398,0.5073510966611321,0.510096924637881,0.32934209255215796,0.35769277978769354
0.3568954499716044,0.39592203294596595,0.284017274536823,0.3078498699682335,0.34344710698404635,0.39958129928539543,1.0,0.3142235158713904,0.3494440858074187,0.31171489679221986,0.39930391917577923,0.31145563137444177,0.3991840008204388,0.30436998417086614,0.2975808792833272,0.7588578577257719,0.3739760997529714,0.4442219324275214,0.43077856141135484,0.8739466721386712,0.4329669568668101,0.41997811006726016,0.4411863800487257,0.38243974127153546,0.3732816523686098,0.3708609614715578,0.407739639841467,0.30624110786443015,0.3431540077532582,0.35293411687840137,0.29082942973655934,0.394207479266406,0.0,0.4007152485664972,0.40255747272818065,0.3033309486612076,0.8005223335210694,0.38580146911630375,0.2729063617323513,0.4031571322507236,0.2888859032209119,0.3916790906073181,0.4034807139280371,0.31574932960960134,0.3152886785435811,0.3154038996130162,0.38816282863848195,0.3891657465483055,0.30879065465763567,0.3462635531595565
0.335876791662829,0.3416447062380523,0.2714589593981971,0.5416867169986048,0.3299907356908919,0.34210484756137405,0.3142235158713904,1.0,0.34340141056473916,0.5454651960698564,0.3271285535682641,0.5256739631196725,0.3486067206569573,0.524032400237818,0.5230475162436234,0.3355072782491981,0.32610984591938164,0.32465737482545365,0.32034283003942243,0.3147377650137999,0.3154218451432864,0.31069975531108907,0.3268353284544938,0.3480365857610753,0.33441029191720706,0.3294078452570107,0.32321165828248355,0.6916002018240297,0.3666439750082283,0.3387610144549533,0.5088023755538393,0.34922182465850393,0.0,0.3165065176709897,0.3256980395166753,0.42019457766335544,0.3099323924567611,0.33533038344356203,0.41105972500123567,0.3268822973536849,0.5178861753159099,0.32272852934197727,0.3291068085610115,0.7075394690827096,0.6845976405076255,0.34113363262066687,0.3184777810007182,0.31898045019132026,0.48935014611948624,0.3577681332339899
0.42795332316947143,0.35199266073245294,0.30371672399692207,0.34673058482312036,0.35553033546195467,0.3563476213086555,0.3494440858074187,0.34340141056473916,1.0,0.357305035841085,0.365510881931158,0.32826735821227726,0.3846357945515595,0.3313804633664086,0.3456368946659263,0.37999685230744007,0.3463588815071632,0.35247227785612845,0.33807993276829273,0.35309713590364755,0.3455465681931569,0.3434819963008118,0.35320085245153465,0.3678618983532951,0.35303235217288664,0.35345676115646485,0.35621873717040575,0.3182993466847297,0.37665744104125987,0.4603410839240084,0.33253496520641823,0.36966966724879646,0.0,0.34272641891974864,0.3470998755715341,0.30955460820952785,0.3493597273936029,0.34742745705297406,0.2764324700480153,0.3604471482435525,0.3349601716904814,0.35177199402724346,0.36696166948132625,0.3300291035694696,0.32322559859304645,0.35454473578535506,0.34633213236373817,0.3475658564821734,0.32391109502810567,0.38800501426727685
0.3399784684439777,0.3465617403547614,0.2719173596097225,0.5738949815171045,0.3399760614825569,0.336114995060685,0.31171489679221986,0.5454651960698564,0.357305035841085,1.0,0.34012197826628754,0.5254979877567132,0.35391699520451014,0.545803845397562,0.5479274741692035,0.3408707367286036,0.32566972043497544,0.32582477542648114,0.3126824621468911,0.3139190885028259,0.3122013754272476,0.3115894492571738,0.3211125733419633,0.34047384423590654,0.3349734377294935,0.3356173902577855,0.3233163381677119,0.5285962241674698,0.3631969305936782,0.3466054470178891,0.566652491371346,0.34063060335498707,0.0,0.3099760606733952,0.322058891720329,0.4376287180483516,0.3112716043999204,0.319762504666655,0.4255799160611642,0.3303331104132077,0.5725214161399612,0.3233610330013811,0.3280795914200578,0.5432511411571792,0.5421920000095437,0.33929028248632187,0.32265703905456067,0.3231837109059015,0.5139185030975804,0.35748993606755963
0.3749616126075981,0.4646164403812958,0.2985413194602464,0.3182810313016641,0.48707272033621407,0.45824512267551665,0.39930391917577923,0.3271285535682641,0.365510881931158,0.34012197826628754,1.0,0.32586756069426603,0.556209158319122,0.3269101201399527,0.315863891501848,0.39909394255253516,0.43334831215732494,0.5191977885548755,0.4867930932639818,0.4032331285636629,0.5134169431632021,0.5203205811761764,0.5210488702151299,0.4519455043858621,0.41439292248442827,0.44124067264256994,0.5309441605950282,0.3269411561105867,0.35769277812259737,0.3697749477893727,0.3062729456529314,0.486807913961136,0.0,0.5052648105265162,0.4649354214582121,0.3170259838315008,0.38040062639264016,0.5151442213368225,0.2934962406297924,0.5546407288025064,0.31145406649370355,0.483969222556781,0.5357869313234565,0.33445037660017474,0.3324156761220868,0.33710325540394837,0.4771234230144039,0.4781765520360115,0.34078176769133894,0.3648196089974436
0.34302960415949313,0.34951190053800496,0.27021256797310156,0.5416140800313953,0.30848454690463967,0.3319117424117676,0.31145563137444177,0.5256739631196725,0.32826735821227726,0.5254979877567132,0.32586756069426603,1.0,0.33561690131066435,0.5318061183626575,0.6219857332504242,0.31836561704181165,0.31202709536115536,0.3186453743100278,0.3209122987305888,0.31134479526931436,0.31505433811874517,0.31174142352876966,0.3247164385769836,0.3281306785711672,0.3187537022856711,0.3118888555608581,0.32228970779150445,0.5249459223239709,0.36846011554694147,0.338499306065443,0.48711237244296723,0.3310759907096753,0.0,0.3102704648586374,0.32673022246513195,0.41837932716218196,0.3027815264180903,0.3207040317963946,0.4082939654221389,0.32208563165815773,0.5004244784385801,0.3115494294108956,0.3262663762031245,0.5371506393858552,0.536278008436644,0.3458790447470971,0.31914763546131897,0.32061002258904514,0.4850700228839603,0.3594562527603967
0.3617490956437601,0.45871043787819354,0.2914643184769157,0.34265422502360976,0.49283075236253504,0.4624224602604179,0.3991840008204388,0.3486067206569573,0.3846357945515595,0.35391699520451014,0.556209158319122,0.33561690131066435,1.0,0.32755624741943457,0.3451476068045928,0.43002559688873276,0.4432665999557788,0.5265182721719375,0.5133319610450353,0.4030403170682978,0.5411865787581921,0.573634818584181,0.586569358616599,0.47471795224328384,0.44026905551096984,0.460798414626868,0.5679630708085219,0.3196048151878229,0.3584648749169148,0.38596457423663366,0.3299774581907743,0.5445511825782523,0.0,0.5554295574234009,0.46479383763170823,0.3007402865381633,0.39955401165945104,0.5292372138999877,0.2763837310344909,0.5805470733498548,0.3328189543614719,0.4689559215915118,0.5648084555359634,0.3295656254981043,0.3253698984730953,0.3338222363615079,0.4692650198374406,0.46943311831156886,0.3267128435824931,0.36373922437943684
0.32424528761939286,0.3269943364619968,0.26738464716972865,0.5749144563140395,0.309932802040199,0.32055928179538307,0.30436998417086614,0.524032400237818,0.3313804633664086,0.545803845397562,0.3269101201399527,0.5318061183626575,0.32755624741943457,1.0,0.5770905364346426,0.31703707454798624,0.30659526452873964,0.3208124278024168,0.30567026882066084,0.30705200548767964,0.30619670950346534,0.3093142778403538,0.3228655275501242,0.3101314893978214,0.3079311986038542,0.30812990026809983,0.3175815924278925,0.5475881573545829,0.3638135641163791,0.3250804961374738,0.5280289437900595,0.3314146157819312,0.0,0.30909509255292866,0.3134762420791828,0.4271359455943914,0.29709263801860764,0.3139901331826168,0.4033573630568681,0.3163374321266017,0.5378077712521714,0.31166638702494387,0.3198472858656781,0.5489457039128746,0.5410672651344295,0.33706437406819334,0.3130970987575301,0.31428942927415326,0.5024910678021602,0.36154884246592434
0.31267840208304987,0.3188602822223344,0.2604704877547386,0.604932619917546,0.3402893215020053,0.3228753437403207,0.2975808792833272,0.5230475162436234,0.3456368946659263,0.5479274741692035,0.315863891501848,0.6219857332504242,0.3451476068045928,0.5770905364346426,1.0,0.33283514030392447,0.3245630693666862,0.31009157076544247,0.29343942489857167,0.30047034239863213,0.3000614045615798,0.29855948495012297,0.3158189258269515,0.3334744060797168,0.3324772820160107,0.32735076668728336,0.30899476888167454,0.5081452672750507,0.34866362357103065,0.3341103040441026,0.5458694286949339,0.34593139515709226,0.0,0.2979551608606461,0.3079706959243268,0.41663607465527785,0.3019324529662387,0.3101594848720848,0.40503439475120684,0.31076168860713993,0.553646965966248,0.303090125994968,0.3156078909563421,0.5188593020546534,0.511082038983274,0.3341861737897006,0.31255060159813863,0.31317613936061384,0.4812633524876173,0.35834096713714014
0.35829563227878136,0.3967793307384707,0.28450263900198836,0.3366300775973188,0.40057749016319755,0.40826283661339846,0.7588578577257719,0.3355072782491981,0.37999685230744007,0.3408707367286036,0.39909394255253516,0.31836561704181165,0.43002559688873276,0.31703707454798624,0.33283514030392447,1.0,0.39628551479126317,0.42489765900000875,0.414525867293299,0.7701277735604454,0.41101537807118405,0.40846507088072004,0.4245901413995681,0.4129638632355691,0.4076935342229532,0.40415323109195,0.3990049696466422,0.30691434554875363,0.33954013241121117,0.37541647981252535,0.31818720396250133,0.4153735676123179,0.0,0.39226019816792623,0.3999210231085709,0.29926137846792633,0.7468546725402236,0.38753980704100044,0.26553269895508,0.40319426893852806,0.32072029600368335,0.3937539787760347,0.4035789983701845,0.3193650365643924,0.31836624259853763,0.31732865762332907,0.38945162504642117,0.39030198319389153,0.3145104564336312,0.3448993712072159
0.34247576333397267,0.4838117316138991,0.2674583788233248,0.32188874950918167,0.44468165882271227,0.4869535718546315,0.3739760997529714,0.32610984591938164,0.3463588815071632,0.32566972043497544,0.43334831215732494,0.31202709536115536,0.4432665999557788,0.30659526452873964,0.3245630693666862,0.39628551479126317,1.0,0.4208597024664572,0.402463169055283,0.3732670341901959,0.4136493398831187,0.41519215477132054,0.4292360706597449,0.5552377492049524,0.5258804287091593,0.5676897573532649,0.41815211630813964,0.3034683831663296,0.34031112470168634,0.34193078846921676,0.3058658062164673,0.4896794666666864,0.0,0.4276048073603016,0.4865244661088004,0.2855210362996483,0.373870922866979,0.41587228586304426,0.271341059072411,0.43224940875570816,0.30703267939409407,0.4627212726283829,0.42851764103764667,0.31787688437433925,0.3231767663319859,0.3029169047733321,0.4783138436808412,0.4804729881041918,0.30181815378885535,0.32997584973715954
0.35825631613129405,0.45639268103176833,0.2878891351868935,0.3197729348199023,0.4090546393916241,0.45600943626840373,0.4442219324275214,0.32465737482545365,0.35247227785612845,0.32582477542648114,0.5191977885548755,0.3186453743100278,0.5265182721719375,0.3208124278024168,0.31009157076544247,0.42489765900000875,0.4208597024664572,1.0,0.5607746720069628,0.4429037036667819,0.5514276260396331,0.5489723060885076,0.563500972854144,0.43623569539449203,0.4130683713575074,0.42122665692518135,0.5340314463474359,0.3208546839034645,0.35435748092930097,0.36012340571219126,0.3028974663849777,0.495332888392491,0.0,0.5037717777832736,0.4611018669722845,0.31737479009503167,0.4244706379891401,0.4874847652068792,0.2770193828792302,0.5280888885042441,0.3013689616989268,0.46112378353783323,0.5203979168374862,0.32526033973643,0.3241345061462374,0.3273552385581575,0.46093809829332355,0.46192403414040706,0.32263543587342824,0.3533191222189699
0.35154894668648706,0.4413970264206809,0.2777296553000693,0.30835480978414254,0.4034061080145226,0.44378132329171727,0.43077856141135484,0.32034283003942243,0.33807993276829273,0.3126824621468911,0.4867930932639818,0.3209122987305888,0.5133319610450353,0.30567026882066084,0.29343942489857167,0.414525867293299,0.402463169055283,0.5607746720069628,1.0,0.42241087794657217,0.5365961092220053,0.5347298814718853,0.542587026961972,0.41343975689824997,0.40784784064833546,0.39837220690669695,0.5166468362150232,0.31087481642099835,0.34589193458640277,0.345439178967452,0.29285231028504033,0.48768575019169214,0.0,0.49363958195083324,0.44322030467190565,0.30517298037182483,0.4106755758749109,0.47981375912408575,0.2634195681511202,0.5085786688807102,0.29173098740355574,0.4475506406054408,0.5034433805936458,0.3197585927712895,0.318191486952048,0.31811540952404604,0.44330834140962194,0.4466723534040473,0.3118167823402411,0.34470963902694973
0.35887756657450354,0.3978237012543635,0.2865062964866064,0.30941650449967006,0.34379914574003845,0.3991990507327361,0.8739466721386712,0.3147377650137999,0.35309713590364755,0.3139190885028259,0.4032331285636629,0.31134479526931436,0.4030403170682978,0.30705200548767964,0.30047034239863213,0.7701277735604454,0.3732670341901959,0.4429037036667819,0.42241087794657217,1.0,0.43209414269982216,0.42138756788942766,0.43912195208957483,0.3821859652228432,0.37356563135790144,0.37125910430213893,0.4105174209250484,0.3082824328204896,0.34528232501252387,0.35634986176480277,0.2911344383127582,0.3951069011408337,0.0,0.3984674963319901,0.4026820803611495,0.3021301067228005,0.8041084948999774,0.3892283851793321,0.26868490167228987,0.40659765199155007,0.29030513942039216,0.3935779737077173,0.4066622768955104,0.31576107664183883,0.31485440386020225,0.3197273953376464,0.3903560806889069,0.39122521654384523,0.31136044191176204,0.3494295675069685
0.35480868751722716,0.4442226015090106,0.2875229866246233,0.30979255698370933,0.42090056636748274,0.43428149200418287,0.4329669568668101,0.3154218451432864,0.3455465681931569,0.3122013754272476,0.5134169431632021,0.31505433811874517,0.5411865787581921,0.30619670950346534,0.3000614045615798,0.41101537807118405,0.4136493398831187,0.5514276260396331,0.5365961092220053,0.43209414269982216,1.0,0.5509657071017547,0.5725818821246365,0.42486825239433634,0.40389342920237703,0.42012646082363125,0.535399349508622,0.31616023821511907,0.3416072879414842,0.35400615067910135,0.29221501854940335,0.5093401100261337,0.0,0.5264393253301618,0.4480726381962795,0.30544061040364656,0.4129950275059213,0.5056213487472645,0.2756605616044451,0.5418006398837376,0.2947551920830841,0.44377463403054407,0.530615687751925,0.3198086802060738,0.32124328522787504,0.3302808035665771,0.4614411654533076,0.46241659201227137,0.3156977684546315,0.3450979043725678
0.35460387254407855,0.4438809063012006,0.28343830043636864,0.30311688473557485,0.40153263023649255,0.4387356478754566,0.41997811006726016,0.31069975531108907,0.3434819963008118,0.3115894492571738,0.5203205811761764,0.31174142352876966,0.573634818584181,0.3093142778403538,0.29855948495012297,0.40846507088072004,0.41519215477132054,0.5489723060885076,0.5347298814718853,0.42138756788942766,0.5509657071017547,1.0,0.7364027127833914,0.41665511735372307,0.40247253333397404,0.40910403973277665,0.5450110014180263,0.3129555201102552,0.3480813869233076,0.3481247997348119,0.29125930872397254,0.49940255117414756,0.0,0.6354021399248959,0.4493447682404986,0.299221230991219,0.40152066884131576,0.5139904671991431,0.26674962333998953,0.5512276351662032,0.2891899778112007,0.4521956614724706,0.5489066814119936,0.3184575655998969,0.31445894768721283,0.3270182136495067,0.4536499709138839,0.4542890972725595,0.31575630474607086,0.3536214572590688
0.3657964438952487,0.45724305052228786,0.29131992063855816,0.3262199679187219,0.4204871567253218,0.45625266454717894,0.4411863800487257,0.3268353284544938,0.35320085245153465,0.3211125733419633,0.5210488702151299,0.3247164385769836,0.586569358616599,0.3228655275501242,0.3158189258269515,0.4245901413995681,0.4292360706597449,0.563500972854144,0.542587026961972,0.43912195208957483,0.5725818821246365,0.7364027127833914,1.0,0.42952276243784726,0.42094804282132503,0.4213393852538242,0.5617458096502906,0.32632980717024496,0.35700667696533417,0.3558764275104025,0.30227767516232273,0.5273970749575614,0.0,0.6395593182587955,0.4553012301349135,0.3119891896973136,0.4220256429606728,0.5203091057161632,0.2755024081322076,0.5541011115053436,0.30353272302768597,0.4555270985367855,0.550318819872708,0.3303440219222801,0.3301431409020591,0.3319878976516871,0.45757938868703174,0.4592037634853887,0.3235481395656845,0.3583533930985374
0.3530003198335343,0.5462609669670297,0.27222742811114276,0.3340343580307851,0.4638665062967451,0.555929554401273,0.38243974127153546,0.3480365857610753,0.3678618983532951,0.34047384423590654,0.4519455043858621,0.3281306785711672,0.47471795224328384,0.3101314893978214,0.3334744060797168,0.4129638632355691,0.5552377492049524,0.43623569539449203,0.41343975689824997,0.3821859652228432,0.42486825239433634,0.41665511735372307,0.42952276243784726,1.0,0.5794395632088577,0.5695295981649242,0.4360189652806048,0.3053667412108423,0.3443524403098772,0.36325283785236306,0.3134691673906874,0.475556266466978,0.0,0.4242402296454809,0.5617577275836196,0.2891476013385028,0.38265243193116916,0.42078530422637017,0.26703702585391564,0.4355531979195191,0.3220441606529899,0.48671642105407364,0.43582551446179174,0.32367655789326555,0.32724007643684827,0.30769049180924946,0.4784908760501222,0.479125220792317,0.3090198237577947,0.33837620289984516
0.33715276277088513,0.5478532577323578,0.26523551433741743,0.3352879543352574,0.44550008818115205,0.5499159512340264,0.3732816523686098,0.33441029191720706,0.35303235217288664,0.3349734377294935,0.41439292248442827,0.3187537022856711,0.44026905551096984,0.3079311986038542,0.3324772820160107,0.4076935342229532,0.5258804287091593,0.4130683713575074,0.40784784064833546,0.37356563135790144,0.40389342920237703,0.40247253333397404,0.42094804282132503,0.5794395632088577,1.0,0.5462792981020212,0.4112608282219844,0.29680889350222506,0.3285456267542022,0.3450192169663585,0.3162072516327009,0.48998292222219986,0.0,0.40807595520747664,0.54017546972982,0.2804310147420862,0.38380540387794193,0.4183532258368956,0.2616712333862603,0.41811437945184693,0.318409460207976,0.45774494020165235,0.42594890073066216,0.3253425295590081,0.32125943490143793,0.30663515152686927,0.4634766008936223,0.46467041446864554,0.31123065098441405,0.32741405937613244
0.336611631691608,0.4936164427017711,0.267706624012094,0.3262751849343398,0.4596887012481031,0.48956165995835565,0.3708609614715578,0.3294078452570107,0.35345676115646485,0.3356173902577855,0.44124067264256994,0.3118888555608581,0.460798414626868,0.30812990026809983,0.32735076668728336,0.40415323109195,0.5676897573532649,0.42122665692518135,0.39837220690669695,0.37125910430213893,0.42012646082363125,0.40910403973277665,0.4213393852538242,0.5695295981649242,0.5462792981020212,1.0,0.42047446063233307,0.29563267725252307,0.3344940114082837,0.3519937007920151,0.31555907977660724,0.4626415828792685,0.0,0.41020187335447644,0.4911105892581282,0.2827447333672244,0.37402837575398995,0.422298008789467,0.26451625082814434,0.43411192459313197,0.3158699242028137,0.47051935065789696,0.42879125204413426,0.3206259057105174,0.31366552464722597,0.3073036163216303,0.4777077551632629,0.47803381613989815,0.3158882487888771,0.3288891800724173
0.3599332406624426,0.4564323032593661,0.28944868033252213,0.31484330328691545,0.4234970977785023,0.444070785157312,0.407739639841467,0.32321165828248355,0.35621873717040575,0.3233163381677119,0.5309441605950282,0.32228970779150445,0.5679630708085219,0.3175815924278925,0.30899476888167454,0.3990049696466422,0.41815211630813964,0.5340314463474359,0.5166468362150232,0.4105174209250484,0.535399349508622,0.5450110014180263,0.5617458096502906,0.4360189652806048,0.4112608282219844,0.42047446063233307,1.0,0.3149987025133958,0.3546580612876322,0.3606400800699622,0.303483114756923,0.5187638469113875,0.0,0.5226291123082034,0.45894309151653023,0.3002821240631508,0.3920991161156626,0.5878171527088448,0.2689854081789822,0.5770580923116075,0.3032403487762172,0.46191265068357523,0.6328940591475658,0.3274537499561543,0.3210077633083489,0.3333617240144582,0.45766764266573023,0.4584894473730111,0.3226566553052794,0.3570852764348207
0.33449572615528145,0.3416660302106471,0.2739445911875493,0.5495887365622528,0.28432262429918276,0.32526137616114237,0.30624110786443015,0.6916002018240297,0.3182993466847297,0.5285962241674698,0.3269411561105867,0.5249459223239709,0.3196048151878229,0.5475881573545829,0.5081452672750507,0.30691434554875363,0.3034683831663296,0.3208546839034645,0.31087481642099835,0.3082824328204896,0.31616023821511907,0.3129555201102552,0.32632980717024496,0.3053667412108423,0.29680889350222506,0.29563267725252307,0.3149987025133958,1.0,0.36775972773290644,0.32120677083390636,0.4950761909723047,0.3268929037418563,0.0,0.3120294555467521,0.3177806191648497,0.4233497840917936,0.2929581801818869,0.32670618521194583,0.40969779747373447,0.31692300304039356,0.49920885234667434,0.3162396979672806,0.3200250896539093,0.8010185554474727,0.7744986236239788,0.3396537950490417,0.31874647672989864,0.31981009809201566,0.5086677771906779,0.3542145666751969
0.3880374122554001,0.36480658614903094,0.3112948376559581,0.3554832012794664,0.31752743521735793,0.3645414812916875,0.3431540077532582,0.3666439750082283,0.37665744104125987,0.3631969305936782,0.35769277812259737,0.36846011554694147,0.3584648749169148,0.3638135641163791,0.34866362357103065,0.33954013241121117,0.34031112470168634,0.35435748092930097,0.34589193458640277,0.34528232501252387,0.3416072879414842,0.3480813869233076,0.35700667696533417,0.3443524403098772,0.3285456267542022,0.3344940114082837,0.3546580612876322,0.36775972773290644,1.0,0.37545660442567663,0.3367668185444388,0.35136421809836527,0.0,0.3437728898367577,0.3492406948862755,0.3338524334418477,0.32656029294493893,0.35315559844913524,0.29576188639858725,0.3561015942311815,0.3373115456786392,0.34469958283993074,0.35596859235731837,0.3666719290638103,0.36642851757175676,0.4327591155639665,0.3505017208184703,0.35104621389422275,0.35969363227714957,0.6279234631974582
0.4299669907345509,0.3647384670111653,0.3195522856280806,0.33535842546074124,0.34741787761505705,0.3566303709784353,0.35293411687840137,0.3387610144549533,0.4603410839240084,0.3466054470178891,0.3697749477893727,0.338499306065443,0.38596457423663366,0.3250804961374738,0.3341103040441026,0.37541647981252535,0.34193078846921676,0.36012340571219126,0.345439178967452,0.35634986176480277,0.35400615067910135,0.3481247997348119,0.3558764275104025,0.36325283785236306,0.3450192169663585,0.3519937007920151,0.3606400800699622,0.32120677083390636,0.37545660442567663,1.0,0.323522416909798,0.35869125751743614,0.0,0.339723025102345,0.3556886049804723,0.3067603779719791,0.3470580221666145,0.3534905188892994,0.27372962640232334,0.3734509454370729,0.32680997197173056,0.3541753875571285,0.36981278891546543,0.33103694377002635,0.3250135540221287,0.3707618432795259,0.3616112388370065,0.3621609603113507,0.3250585485886702,0.38608073307945345
0.309391768038204,0.31640622847566824,0.25171601938672983,0.5459433134716097,0.3222938440284461,0.31239939789464977,0.29082942973655934,0.5088023755538393,0.33253496520641823,0.566652491371346,0.3062729456529314,0.48711237244296723,0.3299774581907743,0.5280289437900595,0.5458694286949339,0.31818720396250133,0.3058658062164673,0.3028974663849777,0.29285231028504033,0.2911344383127582,0.29221501854940335,0.29125930872397254,0.30227767516232273,0.3134691673906874,0.3162072516327009,0.31555907977660724,0.303483114756923,0.4950761909723047,0.3367668185444388,0.323522416909798,1.0,0.3278576280002361,0.0,0.29687465960421966,0.29614125008692316,0.4106737803126449,0.29232149375331995,0.3007222574790047,0.3851009532722732,0.30547134877080584,0.6594608125636688,0.3007177620526579,0.30740061500172344,0.5086169940429337,0.5014060305972221,0.32605299624736317,0.3032395209647982,0.30385058741785864,0.47018528937238424,0.3364090316819033
0.35353930000038614,0.45465806345313164,0.28227782169531856,0.35259690826409384,0.4802675545664504,0.46196777810798595,0.394207479266406,0.34922182465850393,0.36966966724879646,0.34063060335498707,0.486807913961136,0.3310759907096753,0.5445511825782523,0.3314146157819312,0.34593139515709226,0.4153735676123179,0.4896794666666864,0.495332888392491,0.48768575019169214,0.3951069011408337,0.5093401100261337,0.49940255117414756,0.5273970749575614,0.475556266466978,0.48998292222219986,0.4626415828792685,0.5187638469113875,0.3268929037418563,0.35136421809836527,0.35869125751743614,0.3278576280002361,1.0,0.0,0.5034216972317436,0.44199883547592567,0.29422878807677133,0.39913245726812985,0.5106366203503906,0.27410029000143943,0.5263536887824198,0.3243963878612198,0.4512082735415034,0.532108849862401,0.3338398399050273,0.33929898510482936,0.3187515769685302,0.4554644895394221,0.4571372745078365,0.3177632909781315,0.3464301537165597
0.0,0.0,0.0,0.0,0.0,0.0,0.0,0.0,0.0,0.0,0.0,0.0,0.0,0.0,0.0,0.0,0.0,0.0,0.0,0.0,0.0,0.0,0.0,0.0,0.0,0.0,0.0,0.0,0.0,0.0,0.0,0.0,1.0,0.0,0.0,0.0,0.0,0.0,0.0,0.0,0.0,0.0,0.0,0.0,0.0,0.0,0.0,0.0,0.0,0.0
0.3546020643072859,0.4406564330900805,0.28461656878997255,0.3022876334029593,0.41853498959603164,0.45327571752433937,0.4007152485664972,0.3165065176709897,0.34272641891974864,0.3099760606733952,0.5052648105265162,0.3102704648586374,0.5554295574234009,0.30909509255292866,0.2979551608606461,0.39226019816792623,0.4276048073603016,0.5037717777832736,0.49363958195083324,0.3984674963319901,0.5264393253301618,0.6354021399248959,0.6395593182587955,0.4242402296454809,0.40807595520747664,0.41020187335447644,0.5226291123082034,0.3120294555467521,0.3437728898367577,0.339723025102345,0.29687465960421966,0.5034216972317436,0.0,1.0,0.4484483098371609,0.31145371002878897,0.3801545894566978,0.5057490158598446,0.29451130811215076,0.5327212340646627,0.2951268787392264,0.44721982139812666,0.538269316450332,0.31746369143538944,0.3216466135951753,0.3147245842370302,0.4487220994951233,0.45075720819940823,0.3084081708608234,0.34933750122707563
0.36103445362441344,0.5799863467012587,0.27913133738428564,0.3166411165959775,0.39754095398739453,0.5728021118342377,0.40255747272818065,0.3256980395166753,0.3470998755715341,0.322058891720329,0.4649354214582121,0.32673022246513195,0.46479383763170823,0.3134762420791828,0.3079706959243268,0.3999210231085709,0.4865244661088004,0.4611018669722845,0.44322030467190565,0.4026820803611495,0.4480726381962795,0.4493447682404986,0.4553012301349135,0.5617577275836196,0.54017546972982,0.4911105892581282,0.45894309151653023,0.3177806191648497,0.3492406948862755,0.3556886049804723,0.29614125008692316,0.44199883547592567,0.0,0.4484483098371609,1.0,0.30017356723399136,0.3802906664295712,0.4459117031738816,0.2782384096741105,0.4697707057118241,0.29890062387393046,0.5059959967008624,0.46574392047071356,0.3223278205449672,0.3229588231643761,0.32374733300664726,0.5045493846246734,0.5054457494262248,0.31983181981550135,0.3479660073799239
0.30350958675356454,0.3040404963791665,0.2577301953436094,0.42974244879668966,0.2693072586452778,0.305302765265838,0.3033309486612076,0.42019457766335544,0.30955460820952785,0.4376287180483516,0.3170259838315008,0.41837932716218196,0.3007402865381633,0.4271359455943914,0.41663607465527785,0.29926137846792633,0.2855210362996483,0.31737479009503167,0.30517298037182483,0.3021301067228005,0.30544061040364656,0.299221230991219,0.3119891896973136,0.2891476013385028,0.2804310147420862,0.2827447333672244,0.3002821240631508,0.4233497840917936,0.3338524334418477,0.3067603779719791,0.4106737803126449,0.29422878807677133,0.0,0.31145371002878897,0.30017356723399136,1.0,0.2904755523881888,0.2947738769863786,0.3832267671085666,0.3070958364641794,0.4188311626316654,0.2992925013414506,0.3023026922973391,0.4305386227954052,0.42898514904731266,0.3181509347531366,0.29812686836008184,0.29899481558684526,0.4416890392135475,0.3353587366169368
0.3431434287212982,0.376265065447972,0.27079866886369064,0.30828644953311446,0.35712964363877886,0.3860663884737131,0.8005223335210694,0.3099323924567611,0.3493597273936029,0.3112716043999204,0.38040062639264016,0.3027815264180903,0.39955401165945104,0.29709263801860764,0.3019324529662387,0.7468546725402236,0.373870922866979,0.4244706379891401,0.4106755758749109,0.8041084948999774,0.4129950275059213,0.40152066884131576,0.4220256429606728,0.38265243193116916,0.38380540387794193,0.37402837575398995,0.3920991161156626,0.2929581801818869,0.32656029294493893,0.3470580221666145,0.29232149375331995,0.39913245726812985,0.0,0.3801545894566978,0.3802906664295712,0.2904755523881888,1.0,0.37462277574219605,0.25813661220474216,0.38446369195167396,0.29082148072831393,0.37568539560502967,0.38972696426435394,0.30509031698531275,0.3033914978701965,0.3012108343277371,0.37197522811040584,0.3726379896976598,0.29610682593729043,0.33223502280619577
0.36401547927669653,0.46019529453078634,0.28601357941175476,0.31252823924475426,0.43429803130497824,0.45218494190262437,0.38580146911630375,0.33533038344356203,0.34742745705297406,0.319762504666655,0.5151442213368225,0.3207040317963946,0.5292372138999877,0.3139901331826168,0.3101594848720848,0.38753980704100044,0.41587228586304426,0.4874847652068792,0.47981375912408575,0.3892283851793321,0.5056213487472645,0.5139904671991431,0.5203091057161632,0.42078530422637017,0.4183532258368956,0.422298008789467,0.5878171527088448,0.32670618521194583,0.35315559844913524,0.3534905188892994,0.3007222574790047,0.5106366203503906,0.0,0.5057490158598446,0.4459117031738816,0.2947738769863786,0.37462277574219605,1.0,0.27630266751207655,0.5487430160801117,0.30445827444881046,0.45347180558522704,0.633106588471713,0.3357398769861204,0.3253842711053826,0.32921678438882396,0.46962217497868386,0.4701105453997526,0.32839292856867197,0.35399148640561073
0.2826963228247378,0.27149140815457384,0.22240938153944,0.4082072453300366,0.3090119789643627,0.29867252703566416,0.2729063617323513,0.41105972500123567,0.2764324700480153,0.4255799160611642,0.2934962406297924,0.4082939654221389,0.2763837310344909,0.4033573630568681,0.40503439475120684,0.26553269895508,0.271341059072411,0.2770193828792302,0.2634195681511202,0.26868490167228987,0.2756605616044451,0.26674962333998953,0.2755024081322076,0.26703702585391564,0.2616712333862603,0.26451625082814434,0.2689854081789822,0.40969779747373447,0.29576188639858725,0.27372962640232334,0.3851009532722732,0.27410029000143943,0.0,0.29451130811215076,0.2782384096741105,0.3832267671085666,0.25813661220474216,0.27630266751207655,1.0,0.27934780155175165,0.3931279988508224,0.2809725728055391,0.2809015526877442,0.41199034673853085,0.41651381322555825,0.27894455039871646,0.27183057809877087,0.27213526419620115,0.4008296737556841,0.29432850102172725
0.36838506410563865,0.4674331973696617,0.29680437903172796,0.3122630620967216,0.4375695135470612,0.45540647904134,0.4031571322507236,0.3268822973536849,0.3604471482435525,0.3303331104132077,0.5546407288025064,0.32208563165815773,0.5805470733498548,0.3163374321266017,0.31076168860713993,0.40319426893852806,0.43224940875570816,0.5280888885042441,0.5085786688807102,0.40659765199155007,0.5418006398837376,0.5512276351662032,0.5541011115053436,0.4355531979195191,0.41811437945184693,0.43411192459313197,0.5770580923116075,0.31692300304039356,0.3561015942311815,0.3734509454370729,0.30547134877080584,0.5263536887824198,0.0,0.5327212340646627,0.4697707057118241,0.3070958364641794,0.38446369195167396,0.5487430160801117,0.27934780155175165,1.0,0.30354375498986286,0.47278130552978825,0.5815195251972993,0.32499295556117735,0.32397147291327133,0.33933181428308357,0.49036240852574786,0.4912397234323128,0.3263575651169498,0.36455644787401553
