../ecoli_genomes/GCF_000163235.1_ASM16323v1_genomic.fna.gz,../ecoli_genomes/GCF_000164555.1_ASM16455v1_genomic.fna.gz,../ecoli_genomes/GCF_000208545.1_ASM20854v2_genomic.fna.gz,../ecoli_genomes/GCF_000233875.1_ASM23387v1_genomic.fna.gz,../ecoli_genomes/GCF_000249735.1_ASM24973v2_genomic.fna.gz,../ecoli_genomes/GCF_000261145.1_Esch_coli_M919_V2_genomic.fna.gz,../ecoli_genomes/GCF_000267705.2_ASM26770v2_genomic.fna.gz,../ecoli_genomes/GCF_000350665.1_Esch_coli_KTE5_V1_genomic.fna.gz,../ecoli_genomes/GCF_000351625.1_Esch_coli_KTE66_V1_genomic.fna.gz,../ecoli_genomes/GCF_000352285.1_Esch_coli_KTE46_V1_genomic.fna.gz,../ecoli_genomes/GCF_000358895.1_ASM35889v1_genomic.fna.gz,../ecoli_genomes/GCF_000456385.1_Esch_coli_HVH_26_4-5703913_V1_genomic.fna.gz,../ecoli_genomes/GCF_000458195.1_Esch_coli_HVH_147_4-5893887_V1_genomic.fna.gz,../ecoli_genomes/GCF_000459755.1_Esch_coli_KOEGE_58_171a_V1_genomic.fna.gz,../ecoli_genomes/GCF_000460055.1_Esch_coli_UMEA_3053-1_V1_genomic.fna.gz,../ecoli_genomes/GCF_000462165.2_ASM46216v2_genomic.fna.gz,../ecoli_genomes/GCF_000601135.1_ASM60113v1_genomic.fna.gz,../ecoli_genomes/GCF_000614595.1_Ec2010EL1058_genomic.fna.gz,../ecoli_genomes/GCF_000617745.1_Ec2010C-4529_genomic.fna.gz,../ecoli_genomes/GCF_000618265.2_EcF6751_genomic.fna.gz,../ecoli_genomes/GCF_000619005.2_Ec2009C-4052_genomic.fna.gz,../ecoli_genomes/GCF_000619105.1_Ec2009C-4780_genomic.fna.gz,../ecoli_genomes/GCF_000619765.2_Ec2009C-3279_genomic.fna.gz,../ecoli_genomes/GCF_000687005.1_ASM68700v1_genomic.fna.gz,../ecoli_genomes/GCF_000687025.1_ASM68702v1_genomic.fna.gz,../ecoli_genomes/GCF_000700125.1_ASM70012v1_genomic.fna.gz,../ecoli_genomes/GCF_000753315.1_FHI35_genomic.fna.gz,../ecoli_genomes/GCF_000776375.1_ASM77637v1_genomic.fna.gz,../ecoli_genomes/GCF_000779395.1_ASM77939v1_genomic.fna.gz,../ecoli_genomes/GCF_000780315.1_ASM78031v1_genomic.fna.gz,../ecoli_genomes/GCF_000781995.1_ASM78199v1_genomic.fna.gz,../ecoli_genomes/GCF_000986765.1_ASM98676v1_genomic.fna.gz,../ecoli_genomes/GCF_001041375.1_ViralProj287958_genomic.fna.gz,../ecoli_genomes/GCF_001265335.1_302014_genomic.fna.gz,../ecoli_genomes/GCF_001265625.1_100854_genomic.fna.gz,../ecoli_genomes/GCF_001267345.1_303289_genomic.fna.gz,../ecoli_genomes/GCF_001309985.1_ASM130998v1_genomic.fna.gz,../ecoli_genomes/GCF_001521695.1_ASM152169v1_genomic.fna.gz,../ecoli_genomes/GCF_001592595.1_ASM159259v1_genomic.fna.gz,../ecoli_genomes/GCF_001614975.1_ASM161497v1_genomic.fna.gz,../ecoli_genomes/GCF_001692775.1_ASM169277v1_genomic.fna.gz,../ecoli_genomes/GCF_001748915.1_ASM174891v1_genomic.fna.gz,../ecoli_genomes/GCF_001749235.1_ASM174923v1_genomic.fna.gz,../ecoli_genomes/GCF_001881155.1_ASM188115v1_genomic.fna.gz,../ecoli_genomes/GCF_001881345.1_ASM188134v1_genomic.fna.gz,../ecoli_genomes/GCF_001892405.1_ASM189240v1_genomic.fna.gz,../ecoli_genomes/GCF_001892585.1_ASM189258v1_genomic.fna.gz,../ecoli_genomes/GCF_001893985.1_ASM189398v1_genomic.fna.gz,../ecoli_genomes/GCF_002001595.1_ASM200159v1_genomic.fna.gz,../ecoli_genomes/GCF_002002145.1_ASM200214v1_genomic.fna.gz
1.0,0.31788178022222835,0.25625378018252465,0.2832263206785407,0.2896159297315236,0.2927450061214788,0.3025668948375212,0.2910491200977112,0.38919048199807293,0.2904854243491808,0.31599259412210734,0.29465207419943007,0.30240519939134924,0.27107075351215093,0.27035551720689666,0.30432900764601967,0.2769399764820679,0.3038812859274894,0.25801700421277074,0.3013372027345508,0.29251436484345583,0.28173870987664074,0.30912861758963894,0.28161056166888865,0.29112548764429846,0.2432969063816749,0.3022378632370871,0.2776833840338141,0.3259758522185975,0.38599429025527665,0.25831142846428057,0.2997075617363669,0.0,0.30163993888858365,0.30047603789580024,0.2826109853914184,0.289278215745146,0.3071551537226139,0.2734024517271746,0.30206236018791344,0.263168762548216,0.3031793135899943,0.30879353275956045,0.28558945326412033,0.29230722233879036,0.3115560478937469,0.30430815481559326,0.3040938300167739,0.2642223873192493,0.34300560558041127
0.31788178022222835,1.0,0.23550351167643047,0.2687677046191693,0.38232200760598156,0.513884274934098,0.3450820669582262,0.27870495986025723,0.294362902447158,0.2790525620741112,0.420453485605225,0.28365007349915905,0.403234771380677,0.2645604888486729,0.26100923187678415,0.3450362864924784,0.41084342803274054,0.4162064127694921,0.33211093395382885,0.3470634516334362,0.3996129088928465,0.3706405803626589,0.41266547176810087,0.5029858069012937,0.5234947754319393,0.35217983863925206,0.4125880603735469,0.27016149761359454,0.3045101202223395,0.30057367996464956,0.2520550527372065,0.3950045498518615,0.0,0.40068188612583666,0.5533263707966509,0.26090657846119336,0.3284814711294476,0.42047929943142814,0.20987083364905135,0.4149465298273681,0.25578552491085993,0.47195961281391974,0.42059834563236853,0.2813400363221179,0.28345199318235714,0.28118269631931014,0.4821108019268424,0.4825238340645648,0.2749784627042332,0.3009519716276041
0.25625378018252465,0.23550351167643047,1.0,0.2071504283515634,0.2039749764503287,0.20418847930511352,0.21480059308544142,0.21172779439160305,0.2458300906030737,0.2159765617384347,0.23208829973286826,0.20973520657036482,0.2231891957665264,0.20564098614803616,0.20504106925547128,0.21758424748729577,0.19222412348903284,0.22173992676018273,0.18283559824927686,0.21699927794965002,0.2193655664886076,0.20314214328282498,0.2252379289516948,0.20143514106539517,0.20500822585095135,0.16027372813031504,0.22428347606891208,0.20688229836306427,0.24175971902341942,0.25064439951773554,0.19580044243314831,0.21156395129137961,0.0,0.21917947216211142,0.21489633172607137,0.20806974259817423,0.2048149990784912,0.21893534016088456,0.16745209112524084,0.22839319933245894,0.2013372091697223,0.2249710598405925,0.23121841690323697,0.2118106364301784,0.20736627258693252,0.2283147125863092,0.2318180956761936,0.23182625528151657,0.21378412862598273,0.2454428940367267
0.2832263206785407,0.2687677046191693,0.2071504283515634,1.0,0.262724440266623,0.24683061602962875,0.2511476873368802,0.5064204977466812,0.28359777724364554,0.525935520476901,0.26629874621074656,0.5056521591654464,0.2657512693889341,0.542549489805024,0.5533631573329936,0.2569106497314948,0.23103880230997764,0.2589798023523394,0.21410712167062462,0.2510763428623537,0.24966567253097116,0.23560479937680645,0.26593709670428656,0.23667862352093316,0.2518858193856829,0.19328290773443746,0.2613167332841474,0.5368864393701571,0.2985709961510048,0.2730578946939246,0.49592643921469515,0.26828005132652577,0.0,0.2497857331927611,0.25234561862337457,0.4147789549686638,0.24353646423939712,0.25585261578937235,0.3713659020733294,0.2548030614395306,0.5254376833255445,0.25760550839755103,0.2617895066396404,0.5339643039139926,0.5241995561103646,0.29216626000351353,0.256345097922865,0.2561538015910537,0.4493034259984303,0.3084724638968036
0.2896159297315236,0.38232200760598156,0.2039749764503287,0.262724440266623,1.0,0.38016290208155323,0.31697147889304644,0.2657663131414649,0.2877755929180228,0.26890860407435346,0.49999311641354804,0.253899630240502,0.4482175915119738,0.25734009654331824,0.26866331990780823,0.340226199121037,0.3986167861972677,0.4048424978418166,0.33702802967008283,0.3183289995577564,0.41061029928258574,0.37477697596058523,0.4150325742657185,0.408650249796666,0.40427827806379446,0.326360591620769,0.4190060256213156,0.24168465549902607,0.28565967805224135,0.2778832278731823,0.25351840172447504,0.44348619571710945,0.0,0.4211433093424727,0.39404902571775047,0.2481577931951615,0.31803882338388156,0.4319611518909775,0.20242151696954247,0.42750334894444286,0.26647060477842854,0.38630475465575465,0.436285301300012,0.24733844621834822,0.2561786692133372,0.262961180046294,0.4036084071585101,0.4018172137821002,0.24112157266107537,0.2833831123188133
0.2927450061214788,0.513884274934098,0.20418847930511352,0.24683061602962875,0.38016290208155323,1.0,0.3432739415342152,0.2665644549264887,0.2752883881396291,0.250709405476793,0.3921577227561618,0.2516017500164379,0.3826949789873345,0.24894229849815053,0.2456169888076133,0.3462430248798455,0.40549184980023634,0.39667034334371265,0.32868514107425906,0.33688766553997784,0.37262062390153605,0.4022829343243375,0.38745445432054726,0.47660767309187513,0.49546812050074474,0.33407552250804584,0.3791022250562589,0.24673724487832394,0.2889746085015126,0.2758945106876556,0.23001259484343017,0.3846545881489225,0.0,0.3871280022669755,0.5151665392414064,0.2555907354111441,0.32825613704442247,0.3856310932735191,0.22225009540189533,0.38496829817410794,0.23949668698293147,0.44342711674413704,0.3944507926911228,0.2530020675204796,0.2559285577380709,0.2647076545293843,0.44922487042936776,0.4502855527417444,0.24335769410363695,0.2926074958968431
0.3025668948375212,0.3450820669582262,0.21480059308544142,0.2511476873368802,0.31697147889304644,0.3432739415342152,1.0,0.2579199437195213,0.28945641021084334,0.2539984447786564,0.3605140735146779,0.2475177678775743,0.34539837739273993,0.24607727831009918,0.23823534639394695,0.7683532045454611,0.29928429651785193,0.3826704517250863,0.318311224760226,0.871015862661113,0.37689259135737574,0.34603894564103477,0.3867781642748419,0.31313543649189524,0.32189017120891206,0.2517310790823336,0.349331546495938,0.24683020960948543,0.28363157851191734,0.29040421212495193,0.23360839226716645,0.3344119929001792,0.0,0.35275082663320134,0.34943988600312215,0.2648410066928726,0.782762522162339,0.3317210836788069,0.2105753106618693,0.349015638583134,0.23613513380008622,0.3487590991765056,0.3523473517028287,0.25055607639366106,0.2504871509127341,0.26725811270261435,0.3445976225858949,0.34441320856113644,0.24153828614474382,0.2912399098687811
0.2910491200977112,0.27870495986025723,0.21172779439160305,0.5064204977466812,0.2657663131414649,0.2665644549264887,0.2579199437195213,1.0,0.27864218046223876,0.5018849945478443,0.2723976530414751,0.4882131500538256,0.27121481631122657,0.4862312312760514,0.47668731573943257,0.2596864188828554,0.23477187199976635,0.26681699233794676,0.2253606062490685,0.25794585987270213,0.25224628693669193,0.24231933582945453,0.2692906155182082,0.2495506065211791,0.2542963719835504,0.1956799047548251,0.26717500185446164,0.6881685721455184,0.3075981917550644,0.2759436863761594,0.4652609676584676,0.2687410842654202,0.0,0.2636564704385346,0.25949853637751086,0.4167178208658555,0.2487219849522495,0.27709512673880954,0.3733988933806317,0.26671514614124747,0.47716403749675274,0.27037057619364935,0.27088045700026153,0.6968225039858337,0.6675734693700927,0.2919686658392051,0.26389708632370745,0.2636771499235504,0.4456409159863566,0.3136609426656508
0.38919048199807293,0.294362902447158,0.2458300906030737,0.28359777724364554,0.2877755929180228,0.2752883881396291,0.28945641021084334,0.27864218046223876,1.0,0.2925321278499182,0.3026944808675782,0.27197002782331847,0.3007254045569778,0.2731757595284595,0.2787431705711271,0.2959133802388195,0.2511897534605608,0.297768416699822,0.23839507504355828,0.29140305390663446,0.28620080083706656,0.26713821498181367,0.2974600158328151,0.27235043953449234,0.2759997955038822,0.2138790824048178,0.29866103085205964,0.2688515893467872,0.32936337052113096,0.4034499983442247,0.26651530164347803,0.2840035989533112,0.0,0.28442048453100044,0.28259751071146544,0.27952023758931877,0.27837300340533677,0.28451468174683825,0.23449680496692404,0.29806555634437504,0.2720104862156145,0.2942007717507623,0.301691379048883,0.271772253176917,0.26692967090455844,0.3075222711952298,0.2921436165052005,0.29116679721865235,0.2644152245613879,0.3422441448794671
0.2904854243491808,0.2790525620741112,0.2159765617384347,0.525935520476901,0.26890860407435346,0.250709405476793,0.2539984447786564,0.5018849945478443,0.2925321278499182,1.0,0.2730996991452129,0.4821676841548742,0.27436820337863754,0.500983941083422,0.4956697807213015,0.2599389174857085,0.22889055508572242,0.2620639966358024,0.21638858196718858,0.2538862116596168,0.2518642881426495,0.23629042712676163,0.2602288498090347,0.24016046986702555,0.25338946367031256,0.19887292708053783,0.264294773543608,0.5042719608836548,0.3073085750784218,0.282786682071017,0.5153154696059944,0.25819991773703843,0.0,0.2507391014517527,0.25647956091717306,0.4221163323751397,0.242427637505784,0.25838388857204353,0.3741789965781105,0.2635294932781854,0.5209250550896907,0.26046657085887526,0.26232635318275654,0.5043127170891368,0.505946014986209,0.29423396094551324,0.25996899972797693,0.2599194519483021,0.46541775037393474,0.3046673630108989
0.31599259412210734,0.420453485605225,0.23208829973286826,0.26629874621074656,0.49999311641354804,0.3921577227561618,0.3605140735146779,0.2723976530414751,0.3026944808675782,0.2730996991452129,1.0,0.26732722023130273,0.5208165260679241,0.26450684172133443,0.258765231861667,0.3649811776030303,0.3514431120499051,0.4858589056641859,0.4172596128041052,0.36244161604589675,0.48185840916131784,0.4634746250972466,0.4905718667469854,0.38668231238239914,0.38284359627377873,0.30218912427721467,0.499137931958745,0.2651841402668632,0.30209533617467055,0.3092609104077281,0.24818189665212775,0.45559984178646273,0.0,0.4659073752269277,0.415651310404594,0.2750066811213929,0.3486068764030209,0.47307982063783915,0.21505510661866611,0.515937070989997,0.25130000035181177,0.42804498665190727,0.5043639546724068,0.2680819420079268,0.26886210382063647,0.2847488882595681,0.4344324326286849,0.4338743577275862,0.26477739629819863,0.3077884698640858
0.29465207419943007,0.28365007349915905,0.20973520657036482,0.5056521591654464,0.253899630240502,0.2516017500164379,0.2475177678775743,0.4882131500538256,0.27197002782331847,0.4821676841548742,0.26732722023130273,1.0,0.2635567894885924,0.4897111083932939,0.614166010516397,0.2511065041925803,0.22671614635713166,0.25817498134652395,0.22181712110909846,0.2474524936651249,0.2514526555575999,0.24084988234821358,0.26324744886089724,0.2437125380449886,0.25056265111039544,0.19034289909071012,0.258875548381177,0.49526520243408345,0.3012279256084308,0.2762999904940088,0.4427580302089631,0.25670548095059353,0.0,0.2557127320050875,0.260844403351579,0.4065997561769168,0.2368878713618514,0.2658056071907927,0.3806044523066533,0.2588229037788924,0.467037418086541,0.257929246921358,0.2692296967296759,0.499897807732264,0.49467269468934216,0.2927533483302759,0.2663943336118706,0.2668294286052436,0.4272474496324179,0.30431232960157406
0.30240519939134924,0.403234771380677,0.2231891957665264,0.2657512693889341,0.4482175915119738,0.3826949789873345,0.34539837739273993,0.27121481631122657,0.3007254045569778,0.27436820337863754,0.5208165260679241,0.2635567894885924,1.0,0.2548100468727904,0.26337782108874075,0.36191106995348954,0.34648706118853956,0.4843009420180143,0.498564192337295,0.34741384227378413,0.4977254664697699,0.5445198807656751,0.5451172789215349,0.3716518510833282,0.366970460678829,0.2943026845592822,0.5221307538424317,0.2551667120265425,0.29115794831692654,0.3057183675766304,0.2487808179918397,0.5148337684811359,0.0,0.5153358916172045,0.4037836971902893,0.25685750930696283,0.3467290404329192,0.4831573682448679,0.20645575901842994,0.5261490979058734,0.25650808471892395,0.4143794154140539,0.5182859649143752,0.2582300205035901,0.2570099073707238,0.27158245692040806,0.4182448964241344,0.41677868640204496,0.25274958418240434,0.298104615730731
0.27107075351215093,0.2645604888486729,0.20564098614803616,0.542549489805024,0.25734009654331824,0.24894229849815053,0.24607727831009918,0.4862312312760514,0.2731757595284595,0.500983941083422,0.26450684172133443,0.4897111083932939,0.2548100468727904,1.0,0.5344370111028072,0.24760647485429,0.22026212773102738,0.2578922651412673,0.21378417444240994,0.24664810783354507,0.24368473868754592,0.23208525121744983,0.2571214343360506,0.22695724735533374,0.23901351792062842,0.1852362890371333,0.25845316730722445,0.5159830805711458,0.30305076813863663,0.2634163562672781,0.486858923198793,0.25276338099913487,0.0,0.24770525518258724,0.2511056111864741,0.40742548130768586,0.23376240144005123,0.25467571810004574,0.35368297447231645,0.2540702243949765,0.5095459001900974,0.2551644353143073,0.2611780709426027,0.5114718481908593,0.5054671121037364,0.2921746533729591,0.25525472692849505,0.25558611486926475,0.4461486495169249,0.3045120032073265
0.27035551720689666,0.26100923187678415,0.20504106925547128,0.5533631573329936,0.26866331990780823,0.2456169888076133,0.23823534639394695,0.47668731573943257,0.2787431705711271,0.4956697807213015,0.258765231861667,0.614166010516397,0.26337782108874075,0.5344370111028072,1.0,0.2459702650583765,0.2367484807093274,0.2516745065749504,0.20712913522826626,0.23978153589883,0.24097762223794372,0.23079053252833615,0.2566984457226056,0.2343494045500324,0.2437315099327283,0.1916475872265988,0.2542041044517074,0.49697791937725655,0.29379628793850987,0.2663474527067098,0.492373258061484,0.2632662348508542,0.0,0.24568206894548883,0.24976131686822767,0.4066777861609877,0.23173493306468762,0.2534085166314535,0.3628728924880301,0.2534855722409639,0.5180799616455913,0.252793446728393,0.25952757737300747,0.4947223427020304,0.4877452194925106,0.2918255782995566,0.2616372941182501,0.26233043511250675,0.43634017015161575,0.3089654629557549
0.30432900764601967,0.3450362864924784,0.21758424748729577,0.2569106497314948,0.340226199121037,0.3462430248798455,0.7683532045454611,0.2596864188828554,0.2959133802388195,0.2599389174857085,0.3649811776030303,0.2511065041925803,0.36191106995348954,0.24760647485429,0.2459702650583765,1.0,0.3066077382949075,0.37149621917031495,0.31590375808685245,0.7790330844577118,0.36595800591868,0.34834721703037563,0.3804525900416793,0.3228067422302848,0.3298520539329448,0.2618811877405044,0.3505888206585065,0.24708237836925429,0.28640351695087085,0.29835909171754726,0.23782820564882734,0.3380893756038711,0.0,0.35113179107364945,0.35112606801044954,0.2639805511450579,0.7439604688918713,0.33354756005913755,0.20596606591050393,0.34811425268761964,0.24628822205881995,0.3471524594970713,0.35342328113594024,0.2532825896254788,0.2535483076572157,0.27025008808499007,0.3476344621061974,0.3470184949061885,0.24406887791350773,0.2968934829825448
0.2769399764820679,0.41084342803274054,0.19222412348903284,0.23103880230997764,0.3986167861972677,0.40549184980023634,0.29928429651785193,0.23477187199976635,0.2511897534605608,0.22889055508572242,0.3514431120499051,0.22671614635713166,0.34648706118853956,0.22026212773102738,0.2367484807093274,0.3066077382949075,1.0,0.34555361874418955,0.28381402137398526,0.297289056076518,0.33873785172947823,0.31474969590062807,0.34941044852831127,0.51464636512645,0.4849719502997424,0.4993932245678614,0.34091171741483495,0.22088063053898177,0.2765304311644994,0.2532561557563716,0.20956199410727605,0.42314272819054344,0.0,0.37491119264908024,0.44577030950399343,0.23463108134280497,0.2944093355660954,0.3405485810567971,0.18503591017981036,0.3458798012011558,0.21803100927059216,0.3982630206664223,0.3523529242020017,0.22677006280381296,0.23552481336112674,0.24140515787691308,0.4114884928648156,0.4107103959769609,0.21401002074564357,0.26872338455295364
0.3038812859274894,0.4162064127694921,0.22173992676018273,0.2589798023523394,0.4048424978418166,0.39667034334371265,0.3826704517250863,0.26681699233794676,0.297768416699822,0.2620639966358024,0.4858589056641859,0.25817498134652395,0.4843009420180143,0.2578922651412673,0.2516745065749504,0.37149621917031495,0.34555361874418955,1.0,0.43863708017056,0.38252112604326405,0.5122168287757943,0.47334079769557735,0.5212979572742262,0.36731316256496405,0.36813620461272856,0.291923631697936,0.4938198659865479,0.25695771545179613,0.29240531614483634,0.30097018971405376,0.24263281647812573,0.4401222439815303,0.0,0.4729214363125077,0.4097542451065216,0.27564413096206763,0.3630438528359735,0.4514789397257565,0.21978424133924124,0.4890420671583242,0.2446113132526363,0.4215990779220803,0.48389054425501676,0.26027341722611996,0.2601795191388676,0.2724752716254094,0.42556598212785024,0.4256393122423152,0.2512171522072474,0.29701309013710586
0.25801700421277074,0.33211093395382885,0.18283559824927686,0.21410712167062462,0.33702802967008283,0.32868514107425906,0.318311224760226,0.2253606062490685,0.23839507504355828,0.21638858196718858,0.4172596128041052,0.22181712110909846,0.498564192337295,0.21378417444240994,0.20712913522826626,0.31590375808685245,0.28381402137398526,0.43863708017056,1.0,0.31257649030725343,0.4188464182283703,0.5003254560596213,0.42947961598778006,0.30180140820356416,0.30480944043788527,0.2350611536892645,0.4049049760455379,0.21488135100696182,0.2410871713403836,0.2476428241761599,0.1979828006862544,0.4443959482289175,0.0,0.392471055874015,0.33473977509197217,0.2282922849186677,0.30881871831878793,0.3809775768110124,0.1842025507579086,0.40428203948902053,0.20212177829580635,0.34284699711254496,0.4039693934799691,0.22035003392698782,0.2200903529513305,0.2305167374771543,0.3411939803285624,0.34262369813944693,0.21005151828911284,0.24974516439244343
0.3013372027345508,0.3470634516334362,0.21699927794965002,0.2510763428623537,0.3183289995577564,0.33688766553997784,0.871015862661113,0.25794585987270213,0.29140305390663446,0.2538862116596168,0.36244161604589675,0.2474524936651249,0.34741384227378413,0.24664810783354507,0.23978153589883,0.7790330844577118,0.297289056076518,0.38252112604326405,0.31257649030725343,1.0,0.3786617329957521,0.34073293389677506,0.38701034936288414,0.3124073708350197,0.32140323934381343,0.252110483118543,0.3520633986994871,0.24817675450339205,0.2855108714167043,0.29316248199215755,0.23574923075418164,0.33475845083535516,0.0,0.35247764872757015,0.3486765366219713,0.26478170010812574,0.7901249983570173,0.3328017243637006,0.2073778241720472,0.3523281741263733,0.23754156387049408,0.3492423882791257,0.35498253114665257,0.2507511204978381,0.25084569376880195,0.26976465201123945,0.34757725713507104,0.3475339937518268,0.24295169605922606,0.29320719305823906
0.29251436484345583,0.3996129088928465,0.2193655664886076,0.24966567253097116,0.41061029928258574,0.37262062390153605,0.37689259135737574,0.25224628693669193,0.28620080083706656,0.2518642881426495,0.48185840916131784,0.2514526555575999,0.4977254664697699,0.24368473868754592,0.24097762223794372,0.36595800591868,0.33873785172947823,0.5122168287757943,0.4188464182283703,0.3786617329957521,1.0,0.4796015193267731,0.5374260965888138,0.3574161345574961,0.36205263576989954,0.2893594899838695,0.5037230721322193,0.24781847890913677,0.2822788871097759,0.29647582181868914,0.23149155724914683,0.45865447961531547,0.0,0.4954881781880365,0.40309899056990206,0.26291612285125165,0.35761421226966383,0.4686390513808949,0.20481028363650722,0.5026730746386983,0.237833652345267,0.3980071427341543,0.4938803339885288,0.2513439178064335,0.2511884768111783,0.2728011884945306,0.4171232672740033,0.41642760858016403,0.24510511004579316,0.2885535730362099
0.28173870987664074,0.3706405803626589,0.20314214328282498,0.23560479937680645,0.37477697596058523,0.4022829343243375,0.34603894564103477,0.24231933582945453,0.26713821498181367,0.23629042712676163,0.4634746250972466,0.24084988234821358,0.5445198807656751,0.23208525121744983,0.23079053252833615,0.34834721703037563,0.31474969590062807,0.47334079769557735,0.5003254560596213,0.34073293389677506,0.4796015193267731,1.0,0.6439309402308437,0.33119330406505076,0.3349998013201405,0.2627448440489354,0.47039878387786205,0.23465398344815647,0.265191570231585,0.27182384904432755,0.2196372733093377,0.46298787670500074,0.0,0.5647982924060866,0.36425096379686206,0.24264922923344623,0.32934085600908214,0.43851709426732155,0.19480827883332774,0.47150868000412394,0.22303607317433904,0.37447963822559127,0.4710165046732008,0.2401573866751372,0.23831021643812578,0.25359608705133463,0.37678798204676156,0.3761820891097908,0.23104352509898607,0.2745051618919303
0.30912861758963894,0.41266547176810087,0.2252379289516948,0.26593709670428656,0.4150325742657185,0.38745445432054726,0.3867781642748419,0.2692906155182082,0.2974600158328151,0.2602288498090347,0.4905718667469854,0.26324744886089724,0.5451172789215349,0.2571214343360506,0.2566984457226056,0.3804525900416793,0.34941044852831127,0.5212979572742262,0.42947961598778006,0.38701034936288414,0.5374260965888138,0.6439309402308437,1.0,0.3642661077545072,0.3744927353449691,0.28873362331223307,0.5288497122509916,0.26190301672356775,0.2939437526628955,0.299023167650288,0.24465095516033686,0.47803059071148746,0.0,0.6294238496914184,0.40681000279602453,0.26806073998518354,0.37061271722593414,0.4833244384998405,0.2159984693226069,0.5177973399807928,0.24895903523726226,0.4150318003068212,0.5159109051757644,0.26476107991469233,0.2630919067522508,0.27846269310758465,0.41519880535909337,0.415437397995688,0.25385441172622525,0.29765779144186066
0.28161056166888865,0.5029858069012937,0.20143514106539517,0.23667862352093316,0.408650249796666,0.47660767309187513,0.31313543649189524,0.2495506065211791,0.27235043953449234,0.24016046986702555,0.38668231238239914,0.2437125380449886,0.3716518510833282,0.22695724735533374,0.2343494045500324,0.3228067422302848,0.51464636512645,0.36731316256496405,0.30180140820356416,0.3124073708350197,0.3574161345574961,0.33119330406505076,0.3642661077545072,1.0,0.5562427711231376,0.3960646147716731,0.36490772667537397,0.22612041970176722,0.29341086352206525,0.26563656034596983,0.21788938014174286,0.40101568569593304,0.0,0.3839335229826695,0.5338727998354257,0.2385838745162947,0.30770078610100093,0.36207065221890755,0.18594409567493886,0.3628042362294548,0.22386012760763063,0.42677564483738484,0.36933280276197167,0.23274902062723402,0.2405597624931396,0.251864267098483,0.4301662652624707,0.42825060905475,0.2236421905725995,0.2805787570110443
0.29112548764429846,0.5234947754319393,0.20500822585095135,0.2518858193856829,0.40427827806379446,0.49546812050074474,0.32189017120891206,0.2542963719835504,0.2759997955038822,0.25338946367031256,0.38284359627377873,0.25056265111039544,0.366970460678829,0.23901351792062842,0.2437315099327283,0.3298520539329448,0.4849719502997424,0.36813620461272856,0.30480944043788527,0.32140323934381343,0.36205263576989954,0.3349998013201405,0.3744927353449691,0.5562427711231376,1.0,0.4156734006797037,0.365615837493353,0.23706384753143728,0.2836912584892761,0.26785959614236554,0.2331074152124789,0.4191650348457573,0.0,0.3807234939291545,0.5414919105309492,0.2438849988137255,0.3141379577974547,0.3742181507380049,0.2035218532378309,0.36748506392594094,0.236574437825796,0.4305774247894333,0.3753132307809235,0.25680806509844856,0.260106418602016,0.2613632049786162,0.44026998768405834,0.43971262510871456,0.24269226981891345,0.2773530704807241
0.2432969063816749,0.35217983863925206,0.16027372813031504,0.19328290773443746,0.326360591620769,0.33407552250804584,0.2517310790823336,0.1956799047548251,0.2138790824048178,0.19887292708053783,0.30218912427721467,0.19034289909071012,0.2943026845592822,0.1852362890371333,0.1916475872265988,0.2618811877405044,0.4993932245678614,0.291923631697936,0.2350611536892645,0.252110483118543,0.2893594899838695,0.2627448440489354,0.28873362331223307,0.3960646147716731,0.4156734006797037,1.0,0.2905786221676213,0.1830198601897831,0.22922795854918132,0.2180340052966464,0.18033035623078586,0.34083031953791265,0.0,0.3050808236586591,0.3719259642721022,0.1907308780966317,0.25334498653863535,0.30308232440778005,0.15554941703777336,0.29598918984674305,0.18566159683362715,0.3348223932752774,0.29080269005780124,0.19292404504691696,0.19770911649855605,0.207601564054387,0.3450642615325489,0.34158926153659797,0.19126612143642996,0.22597014066526633
0.3022378632370871,0.4125880603735469,0.22428347606891208,0.2613167332841474,0.4190060256213156,0.3791022250562589,0.349331546495938,0.26717500185446164,0.29866103085205964,0.264294773543608,0.499137931958745,0.258875548381177,0.5221307538424317,0.25845316730722445,0.2542041044517074,0.3505888206585065,0.34091171741483495,0.4938198659865479,0.4049049760455379,0.3520633986994871,0.5037230721322193,0.47039878387786205,0.5288497122509916,0.36490772667537397,0.365615837493353,0.2905786221676213,1.0,0.2574888055649289,0.29560579103944606,0.3007280572066564,0.24520103157284434,0.4727223404814558,0.0,0.4903424321642843,0.4031392864241221,0.26368242863673275,0.3357283955892072,0.5648643323633786,0.20513951759757243,0.5407890521728659,0.2510110856941321,0.41495183067598573,0.6137178289467873,0.2645469514044174,0.2588716602216764,0.28276532046360214,0.4174247399594946,0.41721474926903,0.2591900267212438,0.2980400419991919
0.2776833840338141,0.27016149761359454,0.20688229836306427,0.5368864393701571,0.24168465549902607,0.24673724487832394,0.24683020960948543,0.6881685721455184,0.2688515893467872,0.5042719608836548,0.2651841402668632,0.49526520243408345,0.2551667120265425,0.5159830805711458,0.49697791937725655,0.24708237836925429,0.22088063053898177,0.25695771545179613,0.21488135100696182,0.24817675450339205,0.24781847890913677,0.23465398344815647,0.26190301672356775,0.22612041970176722,0.23706384753143728,0.1830198601897831,0.2574888055649289,1.0,0.2986230422919678,0.2695424843889125,0.46793521305774444,0.25422655601743493,0.0,0.24889369047474286,0.24731237676678797,0.40700886405025394,0.23489745875832835,0.2651170435871322,0.36843332711426524,0.2557849353799312,0.4926386485261365,0.25576478069908926,0.2581500478920504,0.8031268945248599,0.7539243927075117,0.29169921782367547,0.2559674464851923,0.2563129809639455,0.4581383972692844,0.29961655340372406
0.3259758522185975,0.3045101202223395,0.24175971902341942,0.2985709961510048,0.28565967805224135,0.2889746085015126,0.28363157851191734,0.3075981917550644,0.32936337052113096,0.3073085750784218,0.30209533617467055,0.3012279256084308,0.29115794831692654,0.30305076813863663,0.29379628793850987,0.28640351695087085,0.2765304311644994,0.29240531614483634,0.2410871713403836,0.2855108714167043,0.2822788871097759,0.265191570231585,0.2939437526628955,0.29341086352206525,0.2836912584892761,0.22922795854918132,0.29560579103944606,0.2986230422919678,1.0,0.32181796598218726,0.28100962658365347,0.2839925288964551,0.0,0.28917802125127245,0.2912051440904819,0.2995035690535933,0.26959379933107186,0.2909296140390001,0.23483967657415128,0.295563014795157,0.2845811135240349,0.2908656191760669,0.2930875614718812,0.2983760709416715,0.2988251714304043,0.39369385065917417,0.28728443499529,0.28672709952462816,0.2917968698565112,0.6017896728131934
0.38599429025527665,0.30057367996464956,0.25064439951773554,0.2730578946939246,0.2778832278731823,0.2758945106876556,0.29040421212495193,0.2759436863761594,0.4034499983442247,0.282786682071017,0.3092609104077281,0.2762999904940088,0.3057183675766304,0.2634163562672781,0.2663474527067098,0.29835909171754726,0.2532561557563716,0.30097018971405376,0.2476428241761599,0.29316248199215755,0.29647582181868914,0.27182384904432755,0.299023167650288,0.26563656034596983,0.26785959614236554,0.2180340052966464,0.3007280572066564,0.2695424843889125,0.32181796598218726,1.0,0.25520044105304807,0.27988514209227977,0.0,0.2867689774137344,0.29006942772499233,0.27148842613444546,0.27843084924586003,0.28929232976093555,0.23866683706951575,0.31148366937322525,0.26143485988561654,0.2977997271544086,0.30541657539146505,0.27253627404502545,0.26726864372676806,0.3230771101013049,0.2994047360864527,0.29908866209789664,0.26454516014449503,0.335936719965504
0.25831142846428057,0.2520550527372065,0.19580044243314831,0.49592643921469515,0.25351840172447504,0.23001259484343017,0.23360839226716645,0.4652609676584676,0.26651530164347803,0.5153154696059944,0.24818189665212775,0.4427580302089631,0.2487808179918397,0.486858923198793,0.492373258061484,0.23782820564882734,0.20956199410727605,0.24263281647812573,0.1979828006862544,0.23574923075418164,0.23149155724914683,0.2196372733093377,0.24465095516033686,0.21788938014174286,0.2331074152124789,0.18033035623078586,0.24520103157284434,0.46793521305774444,0.28100962658365347,0.25520044105304807,1.0,0.24270213767290305,0.0,0.23668782198946348,0.23555513161981056,0.39720319486566713,0.22506278370878252,0.2407391428867851,0.34064437489350463,0.24423713809946224,0.6515337325015622,0.24129877969918723,0.24531537471811438,0.46939072175110985,0.4648784384143799,0.27709388733065565,0.24134749282716683,0.2410479494814759,0.4287565315478592,0.2823537764392433
0.2997075617363669,0.3950045498518615,0.21156395129137961,0.26828005132652577,0.44348619571710945,0.3846545881489225,0.3344119929001792,0.2687410842654202,0.2840035989533112,0.25819991773703843,0.45559984178646273,0.25670548095059353,0.5148337684811359,0.25276338099913487,0.2632662348508542,0.3380893756038711,0.42314272819054344,0.4401222439815303,0.4443959482289175,0.33475845083535516,0.45865447961531547,0.46298787670500074,0.47803059071148746,0.40101568569593304,0.4191650348457573,0.34083031953791265,0.4727223404814558,0.25422655601743493,0.2839925288964551,0.27988514209227977,0.24270213767290305,1.0,0.0,0.4692180979799152,0.394831940382932,0.2538149649790369,0.33820881170467065,0.4708480304902809,0.20939598313575492,0.4795811842383497,0.2474402475987565,0.39651456824501097,0.48850212282466565,0.25857159607441815,0.26591408333979627,0.26269856422927573,0.4069056698694534,0.4075749606124369,0.24118254988025056,0.2842783129666512
0.0,0.0,0.0,0.0,0.0,0.0,0.0,0.0,0.0,0.0,0.0,0.0,0.0,0.0,0.0,0.0,0.0,0.0,0.0,0.0,0.0,0.0,0.0,0.0,0.0,0.0,0.0,0.0,0.0,0.0,0.0,0.0,1.0,0.0,0.0,0.0,0.0,0.0,0.0,0.0,0.0,0.0,0.0,0.0,0.0,0.0,0.0,0.0,0.0,0.0
0.30163993888858365,0.40068188612583666,0.21917947216211142,0.2497857331927611,0.4211433093424727,0.3871280022669755,0.35275082663320134,0.2636564704385346,0.28442048453100044,0.2507391014517527,0.4659073752269277,0.2557127320050875,0.5153358916172045,0.24770525518258724,0.24568206894548883,0.35113179107364945,0.37491119264908024,0.4729214363125077,0.392471055874015,0.35247764872757015,0.4954881781880365,0.5647982924060866,0.6294238496914184,0.3839335229826695,0.3807234939291545,0.3050808236586591,0.4903424321642843,0.24889369047474286,0.28917802125127245,0.2867689774137344,0.23668782198946348,0.4692180979799152,0.0,1.0,0.4142078361271099,0.27048206927531493,0.33670691472567293,0.46590502802814815,0.2208770728528625,0.49172548001617955,0.2383584003086816,0.4056196229421768,0.4970304423579007,0.25350688863800586,0.25801594685670626,0.270875565129592,0.41013100703104677,0.4091491082563692,0.24393408685214424,0.2947451927022763
0.30047603789580024,0.5533263707966509,0.21489633172607137,0.25234561862337457,0.39404902571775047,0.5151665392414064,0.34943988600312215,0.25949853637751086,0.28259751071146544,0.25647956091717306,0.415651310404594,0.260844403351579,0.4037836971902893,0.2511056111864741,0.24976131686822767,0.35112606801044954,0.44577030950399343,0.4097542451065216,0.33473977509197217,0.3486765366219713,0.40309899056990206,0.36425096379686206,0.40681000279602453,0.5338727998354257,0.5414919105309492,0.3719259642721022,0.4031392864241221,0.24731237676678797,0.2912051440904819,0.29006942772499233,0.23555513161981056,0.394831940382932,0.0,0.4142078361271099,1.0,0.2567972226001284,0.33024301209954965,0.3946477636532273,0.20793037717015672,0.4090109694288977,0.24244008782660842,0.47080719305081675,0.41569813138557776,0.25230043846355155,0.25598151222346255,0.26573992663641754,0.4667608208822873,0.4637212758860959,0.24680140067260947,0.2889837326611424
0.2826109853914184,0.26090657846119336,0.20806974259817423,0.4147789549686638,0.2481577931951615,0.2555907354111441,0.2648410066928726,0.4167178208658555,0.27952023758931877,0.4221163323751397,0.2750066811213929,0.4065997561769168,0.25685750930696283,0.40742548130768586,0.4066777861609877,0.2639805511450579,0.23463108134280497,0.27564413096206763,0.2282922849186677,0.26478170010812574,0.26291612285125165,0.24264922923344623,0.26806073998518354,0.2385838745162947,0.2438849988137255,0.1907308780966317,0.26368242863673275,0.40700886405025394,0.2995035690535933,0.27148842613444546,0.39720319486566713,0.2538149649790369,0.0,0.27048206927531493,0.2567972226001284,1.0,0.2548339611104147,0.25427569755661517,0.3706569856311165,0.26596011144504494,0.4012368583891317,0.2623881027205158,0.2650395086414633,0.4159366895454558,0.4152373309750832,0.286145759317453,0.2609109093852292,0.26017004064444427,0.3983132945881186,0.3112332527668096
0.289278215745146,0.3284814711294476,0.2048149990784912,0.24353646423939712,0.31803882338388156,0.32825613704442247,0.782762522162339,0.2487219849522495,0.27837300340533677,0.242427637505784,0.3486068764030209,0.2368878713618514,0.3467290404329192,0.23376240144005123,0.23173493306468762,0.7439604688918713,0.2944093355660954,0.3630438528359735,0.30881871831878793,0.7901249983570173,0.35761421226966383,0.32934085600908214,0.37061271722593414,0.30770078610100093,0.3141379577974547,0.25334498653863535,0.3357283955892072,0.23489745875832835,0.26959379933107186,0.27843084924586003,0.22506278370878252,0.33820881170467065,0.0,0.33670691472567293,0.33024301209954965,0.2548339611104147,1.0,0.32068372773141607,0.1991362187015575,0.32682102516942213,0.2267584765917392,0.33705342813743333,0.34349227913295544,0.2373598774428618,0.23795091289943637,0.2527879247682422,0.33018987698807667,0.3297329439059594,0.22612952136687037,0.28135912249925965
0.3071551537226139,0.42047929943142814,0.21893534016088456,0.25585261578937235,0.4319611518909775,0.3856310932735191,0.3317210836788069,0.27709512673880954,0.28451468174683825,0.25838388857204353,0.47307982063783915,0.2658056071907927,0.4831573682448679,0.25467571810004574,0.2534085166314535,0.33354756005913755,0.3405485810567971,0.4514789397257565,0.3809775768110124,0.3328017243637006,0.4686390513808949,0.43851709426732155,0.4833244384998405,0.36207065221890755,0.3742181507380049,0.30308232440778005,0.5648643323633786,0.2651170435871322,0.2909296140390001,0.28929232976093555,0.2407391428867851,0.4708480304902809,0.0,0.46590502802814815,0.3946477636532273,0.25427569755661517,0.32068372773141607,1.0,0.2101429197790291,0.5021492978581253,0.2494955859132545,0.40915979606585073,0.6066419241578165,0.2705669618120423,0.26909407275189867,0.2747890448045738,0.4229512602963734,0.42326239434358726,0.2573979502801548,0.2919636234325409
0.2734024517271746,0.20987083364905135,0.16745209112524084,0.3713659020733294,0.20242151696954247,0.22225009540189533,0.2105753106618693,0.3733988933806317,0.23449680496692404,0.3741789965781105,0.21505510661866611,0.3806044523066533,0.20645575901842994,0.35368297447231645,0.3628728924880301,0.20596606591050393,0.18503591017981036,0.21978424133924124,0.1842025507579086,0.2073778241720472,0.20481028363650722,0.19480827883332774,0.2159984693226069,0.18594409567493886,0.2035218532378309,0.15554941703777336,0.20513951759757243,0.36843332711426524,0.23483967657415128,0.23866683706951575,0.34064437489350463,0.20939598313575492,0.0,0.2208770728528625,0.20793037717015672,0.3706569856311165,0.1991362187015575,0.2101429197790291,1.0,0.20678159048303302,0.3418941051042311,0.21731853631649056,0.21369786660273227,0.3783547663383323,0.3732262669371116,0.22909284457760937,0.21511183158091862,0.2144095596957719,0.3458262850028204,0.24955259267530172
0.30206236018791344,0.4149465298273681,0.22839319933245894,0.2548030614395306,0.42750334894444286,0.38496829817410794,0.349015638583134,0.26671514614124747,0.29806555634437504,0.2635294932781854,0.515937070989997,0.2588229037788924,0.5261490979058734,0.2540702243949765,0.2534855722409639,0.34811425268761964,0.3458798012011558,0.4890420671583242,0.40428203948902053,0.3523281741263733,0.5026730746386983,0.47150868000412394,0.5177973399807928,0.3628042362294548,0.36748506392594094,0.29598918984674305,0.5407890521728659,0.2557849353799312,0.295563014795157,0.31148366937322525,0.24423713809946224,0.4795811842383497,0.0,0.49172548001617955,0.4090109694288977,0.26596011144504494,0.32682102516942213,0.5021492978581253,0.20678159048303302,1.0,0.24767406597713382,0.4188610853149325,0.5377232376428985,0.2569418930224051,0.25854913609196406,0.2861407217494256,0.4432486164409989,0.4436125353270123,0.2549575886680373,0.3031269709605283
