../ecoli_genomes/GCF_000163235.1_ASM16323v1_genomic.fna.gz,../ecoli_genomes/GCF_000164555.1_ASM16455v1_genomic.fna.gz,../ecoli_genomes/GCF_000208545.1_ASM20854v2_genomic.fna.gz,../ecoli_genomes/GCF_000233875.1_ASM23387v1_genomic.fna.gz,../ecoli_genomes/GCF_000249735.1_ASM24973v2_genomic.fna.gz,../ecoli_genomes/GCF_000261145.1_Esch_coli_M919_V2_genomic.fna.gz,../ecoli_genomes/GCF_000267705.2_ASM26770v2_genomic.fna.gz,../ecoli_genomes/GCF_000350665.1_Esch_coli_KTE5_V1_genomic.fna.gz,../ecoli_genomes/GCF_000351625.1_Esch_coli_KTE66_V1_genomic.fna.gz,../ecoli_genomes/GCF_000352285.1_Esch_coli_KTE46_V1_genomic.fna.gz,../ecoli_genomes/GCF_000358895.1_ASM35889v1_genomic.fna.gz,../ecoli_genomes/GCF_000456385.1_Esch_coli_HVH_26_4-5703913_V1_genomic.fna.gz,../ecoli_genomes/GCF_000458195.1_Esch_coli_HVH_147_4-5893887_V1_genomic.fna.gz,../ecoli_genomes/GCF_000459755.1_Esch_coli_KOEGE_58_171a_V1_genomic.fna.gz,../ecoli_genomes/GCF_000460055.1_Esch_coli_UMEA_3053-1_V1_genomic.fna.gz,../ecoli_genomes/GCF_000462165.2_ASM46216v2_genomic.fna.gz,../ecoli_genomes/GCF_000601135.1_ASM60113v1_genomic.fna.gz,../ecoli_genomes/GCF_000614595.1_Ec2010EL1058_genomic.fna.gz,../ecoli_genomes/GCF_000617745.1_Ec2010C-4529_genomic.fna.gz,../ecoli_genomes/GCF_000618265.2_EcF6751_genomic.fna.gz,../ecoli_genomes/GCF_000619005.2_Ec2009C-4052_genomic.fna.gz,../ecoli_genomes/GCF_000619105.1_Ec2009C-4780_genomic.fna.gz,../ecoli_genomes/GCF_000619765.2_Ec2009C-3279_genomic.fna.gz,../ecoli_genomes/GCF_000687005.1_ASM68700v1_genomic.fna.gz,../ecoli_genomes/GCF_000687025.1_ASM68702v1_genomic.fna.gz,../ecoli_genomes/GCF_000700125.1_ASM70012v1_genomic.fna.gz,../ecoli_genomes/GCF_000753315.1_FHI35_genomic.fna.gz,../ecoli_genomes/GCF_000776375.1_ASM77637v1_genomic.fna.gz,../ecoli_genomes/GCF_000779395.1_ASM77939v1_genomic.fna.gz,../ecoli_genomes/GCF_000780315.1_ASM78031v1_genomic.fna.gz,../ecoli_genomes/GCF_000781995.1_ASM78199v1_genomic.fna.gz,../ecoli_genomes/GCF_000986765.1_ASM98676v1_genomic.fna.gz,../ecoli_genomes/GCF_001041375.1_ViralProj287958_genomic.fna.gz,../ecoli_genomes/GCF_001265335.1_302014_genomic.fna.gz,../ecoli_genomes/GCF_001265625.1_100854_genomic.fna.gz,../ecoli_genomes/GCF_001267345.1_303289_genomic.fna.gz,../ecoli_genomes/GCF_001309985.1_ASM130998v1_genomic.fna.gz,../ecoli_genomes/GCF_001521695.1_ASM152169v1_genomic.fna.gz,../ecoli_genomes/GCF_001592595.1_ASM159259v1_genomic.fna.gz,../ecoli_genomes/GCF_001614975.1_ASM161497v1_genomic.fna.gz,../ecoli_genomes/GCF_001692775.1_ASM169277v1_genomic.fna.gz,../ecoli_genomes/GCF_001748915.1_ASM174891v1_genomic.fna.gz,../ecoli_genomes/GCF_001749235.1_ASM174923v1_genomic.fna.gz,../ecoli_genomes/GCF_001881155.1_ASM188115v1_genomic.fna.gz,../ecoli_genomes/GCF_001881345.1_ASM188134v1_genomic.fna.gz,../ecoli_genomes/GCF_001892405.1_ASM189240v1_genomic.fna.gz,../ecoli_genomes/GCF_001892585.1_ASM189258v1_genomic.fna.gz,../ecoli_genomes/GCF_001893985.1_ASM189398v1_genomic.fna.gz,../ecoli_genomes/GCF_002001595.1_ASM200159v1_genomic.fna.gz,../ecoli_genomes/GCF_002002145.1_ASM200214v1_genomic.fna.gz
1.0,0.7739389982547348,0.7548543574036853,0.7361223638823344,0.7519076344769322,0.7627410048811658,0.7467518996372157,0.7484840303508267,0.777507497421877,0.7481504553932492,0.774612668751435,0.7421279642108284,0.7641160510622758,0.7294057307565103,0.7230696962290748,0.7534112375028638,0.7157132079368439,0.7626739796264059,0.745377744682276,0.755861964188014,0.740951142814325,0.750551181491777,0.7745284952272773,0.7336476946587154,0.7281434993766398,0.6429049350620012,0.7765079496994406,0.7446680442028196,0.764038212629805,0.789868947946527,0.7233696800242271,0.7639821963722147,0.056390174469869714,0.7632769400491738,0.7522706357500072,0.7348732013267216,0.7377974016767966,0.771696214088257,0.6927199328938465,0.775197491764064,0.7242926634125146,0.7715991538202398,0.7703750126550111,0.7476125652224644,0.748402609622232,0.7473425995865214,0.7696028663533002,0.7697168171901551,0.7337750376449832,0.7843065049183456
0.7739389982547348,1.0,0.7501446282424648,0.7491681337605207,0.7767976760355684,0.8206011100723205,0.7637065183092577,0.7551215668815938,0.7600349250290944,0.7538137874727711,0.8037485506260993,0.7550831356117199,0.8021669180573798,0.7497567733130244,0.7418029447044525,0.7732085614917361,0.7422021704496269,0.7936058488454566,0.7701483179144045,0.7753841380367411,0.7772331827238446,0.7747437632844427,0.801916748676078,0.7823647966331202,0.7717045094948027,0.6503065102855488,0.8000956235440437,0.7555653340160696,0.7732403995832672,0.7731220703104034,0.7361452428327908,0.7958241155632257,0.05815469038521237,0.7962397439629503,0.8282915852143056,0.7327852379829362,0.7550414438838098,0.803793488572482,0.6819480738022025,0.7929297648009559,0.7374324626289851,0.7995713227691585,0.8010595307310167,0.7605232766387305,0.7571534219459852,0.7597769320006944,0.8266496669144662,0.8260684118530871,0.7582997498335677,0.7664145720439259
0.7548543574036853,0.7501446282424648,1.0,0.7242491365655066,0.7287091256842185,0.744621723745267,0.746643637828426,0.7302434277623987,0.7522341608424022,0.7343967189137491,0.7491046996284343,0.7268284890207214,0.7462986005288519,0.7238766108347283,0.7177698617940526,0.753491895096222,0.6838130731116184,0.7426245314091997,0.7257711356739467,0.7556983478081167,0.7343388209226418,0.7315784159343677,0.7489386547864421,0.7024001565666809,0.6949135451915147,0.6121440450571033,0.742985566586058,0.7329515381694323,0.753365751263583,0.7613390009514704,0.7225499817540748,0.7385250238517446,0.05671113813916728,0.7490987445962454,0.729628953574325,0.7213907939284577,0.740959883820395,0.7454644213495107,0.6757498260885679,0.7392755194918087,0.7210213017251343,0.7380861134974042,0.7411794349483243,0.7339151726718864,0.7238528292547973,0.740469268894578,0.7534472679312396,0.7513584240499465,0.7419203730123545,0.7492641500350492
0.7361223638823344,0.7491681337605207,0.7242491365655066,1.0,0.7327925266667028,0.7417781355638986,0.7259155867503475,0.8243290030428146,0.7566134288302724,0.826586808667495,0.7394260694405228,0.8238439465149632,0.7383256879657222,0.8397430063341517,0.848081075040669,0.7359592654698707,0.6845998913733538,0.7338348370852361,0.7119362497443158,0.732701163031385,0.7220839163339188,0.7232259164146756,0.7372370350577698,0.7101580387314135,0.7021008359436081,0.6032885648084765,0.7265276202884206,0.8270911394049962,0.7670696362400173,0.7526011554251374,0.8243038081626755,0.7467653029883846,0.05994202258152426,0.7368989489431297,0.736864725434738,0.7601418611467757,0.7187918392476778,0.7265706730237461,0.726495793294273,0.7104282979789727,0.824555151437648,0.7111107640145342,0.7294014490752296,0.8315025466157998,0.8204569442894887,0.7569903904023529,0.7377249509433659,0.7366626543034992,0.8047555673134585,0.7388464013513304
0.7519076344769322,0.7767976760355684,0.7287091256842185,0.7327925266667028,1.0,0.7654166683288075,0.7323085989036076,0.7368869873224122,0.744742147522242,0.7426486759156512,0.7977814261616082,0.7200080804344209,0.7984839252305127,0.7273745564869039,0.7259038063767704,0.7568065195010085,0.7301431072783303,0.768504809758964,0.7427738555742165,0.7422062318875683,0.7560239866089311,0.7496657064559793,0.7747247059508807,0.7425533875578705,0.7381217127014248,0.6550437798518614,0.7763119436758149,0.7261880217754796,0.7420107966228504,0.750285944748367,0.7286394505005729,0.7851616035641433,0.05675926549284205,0.7775114648410093,0.7574122327283234,0.7125222423839437,0.7349137215436068,0.7911492289132321,0.6772390667798585,0.7810650017962772,0.7316953202662551,0.7667462778669041,0.7851904895766593,0.7337401259664798,0.7311892575630539,0.7312504810989354,0.7835031370652532,0.7824081685894756,0.7292351617490997,0.7423344789253371
0.7627410048811658,0.8206011100723205,0.744621723745267,0.7417781355638986,0.7654166683288075,1.0,0.7600166209439593,0.7495190675725265,0.75086075390865,0.7440187156885383,0.7869504823543295,0.7372997752956401,0.7833396194497776,0.7391661399903534,0.7331022315758744,0.7704293513623074,0.7356813129529283,0.7830844673299582,0.7656651284961221,0.7691962858054053,0.7650066830730018,0.795391698385453,0.791072013436835,0.7662420510862419,0.7657106495549918,0.6491883925148372,0.7799670297218607,0.7435262052257501,0.7680276921742801,0.7581206769983194,0.7337807548250233,0.7881377016310159,0.054959468068327744,0.7898080218903522,0.801234399353413,0.726912665302921,0.7517981813787094,0.7884764914723049,0.6908907504958652,0.7740336096145941,0.7291584675928826,0.7912538509013302,0.7800607452890816,0.7451444935086919,0.743146647468447,0.7491999790066798,0.8051894340839767,0.8047391770177811,0.7415116150879288,0.758513498870049
0.7467518996372157,0.7637065183092577,0.746643637828426,0.7259155867503475,0.7323085989036076,0.7600166209439593,1.0,0.7348869131153986,0.7479845523645886,0.7321138048163724,0.7631986866423468,0.7310360758152858,0.7646348199804462,0.7303455847768365,0.724234890542364,0.895411523998146,0.6970276227249943,0.7957894774037172,0.7619752080192591,0.9319337636826495,0.7920911963919167,0.7750796038269196,0.7959624024907541,0.7178057460028193,0.7074544754377097,0.6201977164579151,0.7680371367748197,0.7337840886316667,0.7509818554070068,0.7522016694285125,0.7165607866965185,0.7571755337908553,0.054844626646554984,0.7802201580898217,0.761345192718563,0.7395997318299823,0.9087490907836115,0.7537028117229463,0.681735243075265,0.7528395987621763,0.7171260097427195,0.7506447870554988,0.7725248206540367,0.736643587810581,0.729896676511227,0.7411649186032883,0.763907900228713,0.7617719988617344,0.7344876518925821,0.7410953222156458
0.7484840303508267,0.7551215668815938,0.7302434277623987,0.8243290030428146,0.7368869873224122,0.7495190675725265,0.7348869131153986,1.0,0.7593914428616481,0.8285317620098733,0.743976678856429,0.8197844461657602,0.7448705863981577,0.8223064643041678,0.8225354849450395,0.7416617414258906,0.6887032558791445,0.7405510254758376,0.7200056917225559,0.7420282635665589,0.7285999724901839,0.7313554258722195,0.7419732494077593,0.7199921637307745,0.7023680581530163,0.6135516218107673,0.7338620244222079,0.8754727346000608,0.7739217167152505,0.7609900643644587,0.8094700936619478,0.7472684352083276,0.06010037659223866,0.7491543305240018,0.7394185173879305,0.773010593362678,0.7258270121055315,0.7370795549751059,0.7372700464862227,0.7180604683406129,0.8061193774312252,0.7196865497947199,0.7365890931981456,0.880322556656435,0.8615928818122081,0.7595524074087278,0.7467846467739647,0.7457591602489422,0.8043568097712407,0.7429981170930187
0.777507497421877,0.7600349250290944,0.7522341608424022,0.7566134288302724,0.744742147522242,0.75086075390865,0.7479845523645886,0.7593914428616481,1.0,0.7741612566455122,0.7608143399929431,0.7538566382014069,0.7621181442468459,0.7501557558485749,0.7593446888738902,0.7602498848917211,0.6990299752779909,0.7579046264488025,0.7250017571002654,0.7590643809692521,0.7393019074075642,0.7360242191362764,0.7499354311617122,0.7189492665965418,0.7058585192129563,0.6105188164996185,0.7471920613088509,0.7518036839411208,0.773039446144232,0.807578021744599,0.7530666121444857,0.7492409033204694,0.057517314600162295,0.7565009368296552,0.7458897413366299,0.7422000474925707,0.7446318265731857,0.7435776744402953,0.6957211808235132,0.7355649707447932,0.7512256738122228,0.7359843475678828,0.7555023840121464,0.7552179101052159,0.747786820015458,0.7578210244193675,0.7651085331830826,0.7626213331004399,0.7583254225193291,0.7523600351692027
0.7481504553932492,0.7538137874727711,0.7343967189137491,0.826586808667495,0.7426486759156512,0.7440187156885383,0.7321138048163724,0.8285317620098733,0.7741612566455122,1.0,0.7501872136454483,0.8129933629381833,0.7514577125236583,0.8188032589333277,0.8208424527778043,0.746996976113447,0.6781025712001636,0.7420564495415891,0.714230226413638,0.7403952262875723,0.7228795253100524,0.727560889391935,0.7344008744059412,0.7115254344415591,0.7026213391610177,0.6036559169729929,0.7362963681452528,0.8261662109948271,0.7775075789008855,0.7695883914901245,0.8286075396748496,0.7462425449756722,0.05731825195403939,0.7440773615135978,0.7418033913221374,0.7700528010654707,0.7271729910943256,0.734962834690353,0.7329617672664105,0.7201635033885321,0.8257337244463663,0.7173971308483356,0.7362352988466769,0.8280829513429323,0.8210263759669217,0.762108728133339,0.7482848896345571,0.7467412727638392,0.8162489004850517,0.740500055074145
0.774612668751435,0.8037485506260993,0.7491046996284343,0.7394260694405228,0.7977814261616082,0.7869504823543295,0.7631986866423468,0.743976678856429,0.7608143399929431,0.7501872136454483,1.0,0.7354796975439689,0.8347246718127987,0.7445127885460494,0.7285219242671108,0.7754387541075328,0.7172817739671653,0.816911163422766,0.7854048372344842,0.7723101309795269,0.7948701274932806,0.7960016669103114,0.8159923514072315,0.7507066458328241,0.7249598252112388,0.6417057493586485,0.8181046161908826,0.747243505805508,0.7684794143108367,0.7739315294516347,0.7317616231403435,0.7982106118322002,0.055252763560091456,0.8149569679583255,0.7903932363266369,0.7374196789366045,0.7558795673873059,0.8141272538764739,0.6760630437335704,0.8183801913229436,0.7336543520028698,0.7939578288891096,0.8233156536334244,0.7458926471459031,0.739471572977179,0.7448867549141339,0.809063206663898,0.8059669861363872,0.753536184985755,0.7638441629511573
0.7421279642108284,0.7550831356117199,0.7268284890207214,0.8238439465149632,0.7200080804344209,0.7372997752956401,0.7310360758152858,0.8197844461657602,0.7538566382014069,0.8129933629381833,0.7354796975439689,1.0,0.7309126607175229,0.8123422832760445,0.8388129119223637,0.737215779049305,0.6876478749232792,0.7318393917868151,0.7086769378768274,0.7385625681548729,0.7217724890373236,0.7263285095666372,0.7334663162603479,0.7139482549744891,0.6999271723368155,0.6128909661523148,0.7211746595041842,0.8154917100520338,0.7661783563720256,0.755205242359025,0.7952322655096296,0.7379552173231416,0.06167394852822705,0.7397499169707715,0.7368640283909258,0.7662030127532108,0.7216469288592734,0.7238087225366429,0.7385699479323199,0.7040465358990031,0.7963255890077027,0.7054866968319449,0.7250955119928105,0.8237955070661396,0.817720336327721,0.7610126905663075,0.7389092785765305,0.7389301822928892,0.8042421703011178,0.7326138583285913
0.7641160510622758,0.8021669180573798,0.7462986005288519,0.7383256879657222,0.7984839252305127,0.7833396194497776,0.7646348199804462,0.7448705863981577,0.7621181442468459,0.7514577125236583,0.8347246718127987,0.7309126607175229,1.0,0.736274503155523,0.7305586292624873,0.7848511405314246,0.7252269950840842,0.8185467534833764,0.8114528262747096,0.7751780573974901,0.8044209717297875,0.816519162615184,0.8385036000287911,0.754946096735009,0.7332488767926659,0.6441693424189427,0.8324094268338685,0.7386874809927061,0.7650521191321068,0.773509383086998,0.7312825413762916,0.819059684379882,0.05763163932621418,0.8345271485861216,0.7883266905519911,0.7269229552920347,0.7663349022770409,0.8241999252158847,0.6740876513900727,0.8256685642765849,0.7300926693200955,0.793553359767125,0.8356907232524585,0.7383206563714902,0.7317655129544325,0.7478055094761414,0.8085004190827352,0.8055556636887055,0.7455305197452607,0.7646103495037972
0.7294057307565103,0.7497567733130244,0.7238766108347283,0.8397430063341517,0.7273745564869039,0.7391661399903534,0.7303455847768365,0.8223064643041678,0.7501557558485749,0.8188032589333277,0.7445127885460494,0.8123422832760445,0.736274503155523,1.0,0.8397065748263159,0.7360806170320706,0.6738625348299734,0.7382665930321651,0.7139478502066348,0.7388593033552671,0.7233756069402727,0.723661798195959,0.7345167985350003,0.70324299524993,0.6884802445152134,0.5914280708915842,0.7250881066662784,0.8315670119170033,0.7695179384663557,0.7439937231333369,0.818214917756793,0.7423694042163331,0.061179218478218056,0.7419903014464505,0.7337669666458352,0.7704442761482503,0.7223246756617338,0.7282109215939048,0.714663303954774,0.7102128063187609,0.8156373326493591,0.7068378992859314,0.7306055164959586,0.8284767637764827,0.8168598851834197,0.7590776104110909,0.7394415442959319,0.739024083283984,0.8072035825807311,0.7370009401917779
0.7230696962290748,0.7418029447044525,0.7177698617940526,0.848081075040669,0.7259038063767704,0.7331022315758744,0.724234890542364,0.8225354849450395,0.7593446888738902,0.8208424527778043,0.7285219242671108,0.8388129119223637,0.7305586292624873,0.8397065748263159,1.0,0.7346516483252357,0.6799858276458837,0.728366820320519,0.7002475736713012,0.733005242329174,0.7132119267330455,0.7129523207299009,0.7242163955391678,0.7016381734425463,0.6933380100278138,0.5935983919090846,0.7151096461261589,0.8191478683021415,0.7614501671791991,0.7443138488207512,0.8244505172279172,0.7355723453440756,0.06261692518794615,0.7323833978446297,0.7268903800794897,0.7644730938713316,0.7190758656640641,0.7172155221789703,0.7284686797616948,0.6972141919288,0.8227058357437641,0.6994830499584839,0.7208790700291755,0.8218131193513699,0.811875958980935,0.7535083330411854,0.7340654560792897,0.7334193926594883,0.8032950586848054,0.7316733869662047
0.7534112375028638,0.7732085614917361,0.753491895096222,0.7359592654698707,0.7568065195010085,0.7704293513623074,0.895411523998146,0.7416617414258906,0.7602498848917211,0.746996976113447,0.7754387541075328,0.737215779049305,0.7848511405314246,0.7360806170320706,0.7346516483252357,1.0,0.7059997548547867,0.7915847979575635,0.7624177938760293,0.9057668277371488,0.7824583121270969,0.7765099850779675,0.7952355542434216,0.7293490934969749,0.7230137017917058,0.6329902948782005,0.7739030844870961,0.7385885990726586,0.7587534632951325,0.768508082695194,0.7280204653846287,0.7707672997787843,0.052405587584715585,0.7876074161988742,0.7692315095734755,0.7389236221369427,0.8902425475056396,0.7643905461260047,0.6792610622791813,0.7626619184216472,0.7279255036810146,0.7576386304325576,0.7760817761826668,0.7404445082113222,0.7349492842838656,0.7483448126731447,0.7770488771567026,0.7749061830249128,0.7415480074498358,0.7463623718581112
0.7157132079368439,0.7422021704496269,0.6838130731116184,0.6845998913733538,0.7301431072783303,0.7356813129529283,0.6970276227249943,0.6887032558791445,0.6990299752779909,0.6781025712001636,0.7172817739671653,0.6876478749232792,0.7252269950840842,0.6738625348299734,0.6799858276458837,0.7059997548547867,1.0,0.7195489134312022,0.7023021494498654,0.7026986831416651,0.7076942081777757,0.708414842535886,0.7271680469446522,0.8123997545974408,0.7997355436626669,0.7343341325326965,0.7131698511421827,0.6735618025644384,0.6933678119390128,0.7023458586706579,0.6671848460261403,0.7653892811755826,0.05396130615363126,0.7347501685818971,0.7368870815119126,0.6666300920958041,0.6955145900954827,0.719516679327676,0.6338845960782765,0.7126396195125808,0.6655897628455032,0.716867892126277,0.7182385145152466,0.6903412411874205,0.6929425468161059,0.6834528653829937,0.7411248036097068,0.7431096676931181,0.6741010028888652,0.6947323009879819
0.7626739796264059,0.7936058488454566,0.7426245314091997,0.7338348370852361,0.768504809758964,0.7830844673299582,0.7957894774037172,0.7405510254758376,0.7579046264488025,0.7420564495415891,0.816911163422766,0.7318393917868151,0.8185467534833764,0.7382665930321651,0.728366820320519,0.7915847979575635,0.7195489134312022,1.0,0.810103077119663,0.7969921044153959,0.8258935654108686,0.809585667591945,0.8397594105264896,0.7461422459209626,0.7275032064784628,0.6355183654116996,0.8178654662062421,0.7400202215399114,0.764758203951255,0.7661647458965096,0.7252592165088095,0.8013879564481832,0.05387959520156249,0.8241204563687604,0.7857130183035118,0.7395835632444319,0.7806040246447775,0.7956674677236197,0.6775862666382044,0.8017816184477098,0.723650277620626,0.7823388692703764,0.8169126567381244,0.7398810149613546,0.7330439927688066,0.7463891627192295,0.7985135888299346,0.7960604927439006,0.740485160174436,0.7599087204102217
0.745377744682276,0.7701483179144045,0.7257711356739467,0.7119362497443158,0.7427738555742165,0.7656651284961221,0.7619752080192591,0.7200056917225559,0.7250017571002654,0.714230226413638,0.7854048372344842,0.7086769378768274,0.8114528262747096,0.7139478502066348,0.7002475736713012,0.7624177938760293,0.7023021494498654,0.810103077119663,1.0,0.7647861708044981,0.7908125089682336,0.8085622091235947,0.8140960126564594,0.7247409470899395,0.7089929502166127,0.626696199342742,0.7991281211632532,0.715905498960488,0.734826694919078,0.7337491838940748,0.7037554670151028,0.7859875788208267,0.048849091499924,0.7943666171736514,0.7597530072735265,0.7189858564079005,0.7482876765637095,0.7796327759382432,0.6617964966677037,0.7875539826833937,0.7029396682534623,0.7736408440305482,0.7886986208764284,0.7171628340178621,0.7101146946518315,0.7203827138787974,0.7695019506322047,0.7683401528341384,0.715142203408524,0.7501895715090277
0.755861964188014,0.7753841380367411,0.7556983478081167,0.732701163031385,0.7422062318875683,0.7691962858054053,0.9319337636826495,0.7420282635665589,0.7590643809692521,0.7403952262875723,0.7723101309795269,0.7385625681548729,0.7751780573974901,0.7388593033552671,0.733005242329174,0.9057668277371488,0.7026986831416651,0.7969921044153959,0.7647861708044981,1.0,0.7883069148367096,0.7748833273295996,0.7977964851188611,0.7270289767749138,0.7170107911654435,0.6244198501911898,0.7764237096612974,0.7413500358241707,0.7609162200479526,0.7619084001418855,0.7244862674020742,0.7656742781061981,0.05547994357540065,0.7882289810246721,0.7702351456284545,0.7445868171170433,0.9098727452965676,0.7634863689236485,0.6826412531071051,0.762041806108945,0.7251446082111762,0.7614759403333532,0.7768206455163593,0.7431072486519397,0.7356421356857439,0.7486522539500022,0.776382038275304,0.7739381524933839,0.7436115574974237,0.748213131858458
0.740951142814325,0.7772331827238446,0.7343388209226418,0.7220839163339188,0.7560239866089311,0.7650066830730018,0.7920911963919167,0.7285999724901839,0.7393019074075642,0.7228795253100524,0.7948701274932806,0.7217724890373236,0.8044209717297875,0.7233756069402727,0.7132119267330455,0.7824583121270969,0.7076942081777757,0.8258935654108686,0.7908125089682336,0.7883069148367096,1.0,0.8024426859350524,0.8368210206683622,0.7314485400482766,0.7164311676257412,0.637604801083786,0.7955695040677524,0.7255040104804672,0.7485959067117758,0.7459332313794467,0.7086051059253449,0.7865854269817267,0.05737413532793334,0.811163532461158,0.7688281640958183,0.7311359706882562,0.7705912269408977,0.7842226945136151,0.673119871269326,0.7851864390398087,0.7067669515116718,0.7581098914455688,0.7909213112931044,0.728305054896434,0.7231107854024683,0.73413593420652,0.7826723353523235,0.7813736159841537,0.729929637005001,0.7401847493423899
0.750551181491777,0.7747437632844427,0.7315784159343677,0.7232259164146756,0.7496657064559793,0.795391698385453,0.7750796038269196,0.7313554258722195,0.7360242191362764,0.727560889391935,0.7960016669103114,0.7263285095666372,0.816519162615184,0.723661798195959,0.7129523207299009,0.7765099850779675,0.708414842535886,0.809585667591945,0.8085622091235947,0.7748833273295996,0.8024426859350524,1.0,0.8606013897411151,0.7262995768000904,0.717135586661398,0.6281509568863054,0.7998324375035637,0.7319962250770754,0.7513668423670532,0.746824318688772,0.7167981468887183,0.7945167671177973,0.056727285657764304,0.8340335260546443,0.764924943698826,0.720983848507095,0.761953133053658,0.794398978686416,0.6683477916882448,0.7908619037895016,0.7116321698169832,0.7659117842164027,0.801535112844162,0.7310555475119811,0.7245357333633972,0.7333562521211237,0.7742369501495999,0.772228404625389,0.7274992395626625,0.7500060955453438
0.7745284952272773,0.801916748676078,0.7489386547864421,0.7372370350577698,0.7747247059508807,0.791072013436835,0.7959624024907541,0.7419732494077593,0.7499354311617122,0.7344008744059412,0.8159923514072315,0.7334663162603479,0.8385036000287911,0.7345167985350003,0.7242163955391678,0.7952355542434216,0.7271680469446522,0.8397594105264896,0.8140960126564594,0.7977964851188611,0.8368210206683622,0.8606013897411151,1.0,0.7428639363382711,0.7331620399815844,0.6463839200582835,0.8350897557661672,0.740766180199987,0.7633567627231433,0.7596208019755968,0.7204987253722703,0.8140940691695694,0.058652769475061484,0.8601513846626194,0.7828611083860832,0.7333560179502918,0.7820472145181645,0.8196936861762159,0.6769311527470211,0.8236356442631402,0.7212585970008126,0.7975685204390353,0.8297894200707749,0.7417605712810579,0.7356812545850828,0.7451008682973483,0.8025268659040048,0.80080299614685,0.737612193064852,0.7750231705021137
0.7336476946587154,0.7823647966331202,0.7024001565666809,0.7101580387314135,0.7425533875578705,0.7662420510862419,0.7178057460028193,0.7199921637307745,0.7189492665965418,0.7115254344415591,0.7507066458328241,0.7139482549744891,0.754946096735009,0.70324299524993,0.7016381734425463,0.7293490934969749,0.8123997545974408,0.7461422459209626,0.7247409470899395,0.7270289767749138,0.7314485400482766,0.7262995768000904,0.7428639363382711,1.0,0.8122207851768642,0.7158906829527463,0.7460898868447584,0.7061971983448577,0.7227484100801932,0.7264020344026811,0.6963808278905299,0.779065327694984,0.05602776673820786,0.750767662549089,0.7840292010660742,0.6983157292469984,0.7143647563182325,0.7423302039858608,0.6571495429458356,0.7351329720378459,0.6943000811954831,0.7461465464580778,0.7435954223529067,0.720804340439956,0.7194627878179393,0.7111795672638224,0.760299144483997,0.7612613499795801,0.7052066977884721,0.7130581912177989
0.7281434993766398,0.7717045094948027,0.6949135451915147,0.7021008359436081,0.7381217127014248,0.7657106495549918,0.7074544754377097,0.7023680581530163,0.7058585192129563,0.7026213391610177,0.7249598252112388,0.6999271723368155,0.7332488767926659,0.6884802445152134,0.6933380100278138,0.7230137017917058,0.7997355436626669,0.7275032064784628,0.7089929502166127,0.7170107911654435,0.7164311676257412,0.717135586661398,0.7331620399815844,0.8122207851768642,1.0,0.7359150720908527,0.7265426428822015,0.6890643995728511,0.7130913412618207,0.710462044745987,0.6892193012755159,0.7797497831183611,0.052054054115664994,0.7367298335528669,0.7672657689265665,0.6789173987251556,0.7072124941146105,0.7329941926156467,0.6422952006445495,0.7238387254258103,0.68484859154953,0.7307363207620575,0.7296613637175156,0.7072245833830662,0.708463238826834,0.7050647937661298,0.7509735709140991,0.7534781598740847,0.6920019217553677,0.7023683253164594
0.6429049350620012,0.6503065102855488,0.6121440450571033,0.6032885648084765,0.6550437798518614,0.6491883925148372,0.6201977164579151,0.6135516218107673,0.6105188164996185,0.6036559169729929,0.6417057493586485,0.6128909661523148,0.6441693424189427,0.5914280708915842,0.5935983919090846,0.6329902948782005,0.7343341325326965,0.6355183654116996,0.626696199342742,0.6244198501911898,0.637604801083786,0.6281509568863054,0.6463839200582835,0.7158906829527463,0.7359150720908527,1.0,0.6439408479339184,0.5939721807761826,0.6120772155984848,0.6195547564780095,0.5922109881797892,0.6665779473437488,0.049739342937730635,0.6424077781763416,0.6534007807358392,0.5873696108128094,0.6179759578313242,0.6478005906224069,0.5617246678609973,0.6516668795242183,0.5889327017634147,0.6517364690618788,0.6427471643241907,0.6144674696487933,0.6135795436486722,0.6030801027861012,0.6552944020307756,0.6602940411672217,0.6009636457501552,0.6274282473673256
0.7765079496994406,0.8000956235440437,0.742985566586058,0.7265276202884206,0.7763119436758149,0.7799670297218607,0.7680371367748197,0.7338620244222079,0.7471920613088509,0.7362963681452528,0.8181046161908826,0.7211746595041842,0.8324094268338685,0.7250881066662784,0.7151096461261589,0.7739030844870961,0.7131698511421827,0.8178654662062421,0.7991281211632532,0.7764237096612974,0.7955695040677524,0.7998324375035637,0.8350897557661672,0.7460898868447584,0.7265426428822015,0.6439408479339184,1.0,0.7316690900208658,0.7545928664374872,0.7589798975337227,0.7201369565424144,0.8014242701205518,0.05786548529431601,0.8103962830713176,0.7749550003755189,0.7243774816550457,0.7588383860204482,0.8434741076770521,0.6644624280299026,0.8377984795280089,0.7226959129352141,0.8138614860615546,0.8502796510469006,0.734443330985382,0.722137858890548,0.7360515571540147,0.7987346551369509,0.7962615354907743,0.736691997714156,0.779746251586689
0.7446680442028196,0.7555653340160696,0.7329515381694323,0.8270911394049962,0.7261880217754796,0.7435262052257501,0.7337840886316667,0.8754727346000608,0.7518036839411208,0.8261662109948271,0.747243505805508,0.8154917100520338,0.7386874809927061,0.8315670119170033,0.8191478683021415,0.7385885990726586,0.6735618025644384,0.7400202215399114,0.715905498960488,0.7413500358241707,0.7255040104804672,0.7319962250770754,0.740766180199987,0.7061971983448577,0.6890643995728511,0.5939721807761826,0.7316690900208658,1.0,0.7698389479210905,0.7541275599094212,0.8075489462796701,0.7441526811134465,0.054955514473477685,0.7481790585771195,0.7368561857765369,0.772433036882443,0.7237913793723667,0.7369308500493619,0.7322337394640993,0.71953649661027,0.8055205153507066,0.7165565354385748,0.7341156385206794,0.9192514445837938,0.8959407264596476,0.7572900781620903,0.7448830271089387,0.7437321019927213,0.8096564596745439,0.7391144378242758
0.764038212629805,0.7732403995832672,0.753365751263583,0.7670696362400173,0.7420107966228504,0.7680276921742801,0.7509818554070068,0.7739217167152505,0.773039446144232,0.7775075789008855,0.7684794143108367,0.7661783563720256,0.7650521191321068,0.7695179384663557,0.7614501671791991,0.7587534632951325,0.6933678119390128,0.764758203951255,0.734826694919078,0.7609162200479526,0.7485959067117758,0.7513668423670532,0.7633567627231433,0.7227484100801932,0.7130913412618207,0.6120772155984848,0.7545928664374872,0.7698389479210905,1.0,0.7700898594487939,0.762527268757116,0.763077850526074,0.05808873505820078,0.7665350765609142,0.754422393768717,0.7536179333036654,0.7418865557866428,0.7585791383660441,0.7034001386710036,0.7487576752130196,0.7571550327334866,0.7468135964054547,0.7569166502363744,0.7696027741905758,0.7618754291943799,0.7874789875329555,0.7677902763701869,0.7664163424938726,0.7700998806458311,0.8222408837625651
0.789868947946527,0.7731220703104034,0.7613390009514704,0.7526011554251374,0.750285944748367,0.7581206769983194,0.7522016694285125,0.7609900643644587,0.807578021744599,0.7695883914901245,0.7739315294516347,0.755205242359025,0.773509383086998,0.7439937231333369,0.7443138488207512,0.768508082695194,0.7023458586706579,0.7661647458965096,0.7337491838940748,0.7619084001418855,0.7459332313794467,0.746824318688772,0.7596208019755968,0.7264020344026811,0.710462044745987,0.6195547564780095,0.7589798975337227,0.7541275599094212,0.7700898594487939,1.0,0.7430026347173315,0.7563246136388138,0.05481318951451253,0.7618106512090956,0.7582942824795541,0.7383879311423753,0.7485086269646821,0.7576797534853552,0.6897281739559055,0.7560344874337263,0.7476350232311704,0.7461239501908818,0.7644796848886118,0.757191691063672,0.7501488365934116,0.7624396344259567,0.7756378210767271,0.7737079720204507,0.7526985118631118,0.7583310628451343
0.7233696800242271,0.7361452428327908,0.7225499817540748,0.8243038081626755,0.7286394505005729,0.7337807548250233,0.7165607866965185,0.8094700936619478,0.7530666121444857,0.8286075396748496,0.7317616231403435,0.7952322655096296,0.7312825413762916,0.818214917756793,0.8244505172279172,0.7280204653846287,0.6671848460261403,0.7252592165088095,0.7037554670151028,0.7244862674020742,0.7086051059253449,0.7167981468887183,0.7204987253722703,0.6963808278905299,0.6892193012755159,0.5922109881797892,0.7201369565424144,0.8075489462796701,0.762527268757116,0.7430026347173315,1.0,0.734732879053697,0.05687462658313369,0.7309862809951078,0.7243983968594199,0.7634966105148596,0.7107946456891829,0.7190930865966553,0.7207600959285587,0.704635407014387,0.8542136931863707,0.702892415680187,0.7181951356670181,0.811410304213155,0.799107819893804,0.7509511641943188,0.7318651589944305,0.7306956167984835,0.7953141117692266,0.7269899989737032
0.7639821963722147,0.7958241155632257,0.7385250238517446,0.7467653029883846,0.7851616035641433,0.7881377016310159,0.7571755337908553,0.7472684352083276,0.7492409033204694,0.7462425449756722,0.7982106118322002,0.7379552173231416,0.819059684379882,0.7423694042163331,0.7355723453440756,0.7707672997787843,0.7653892811755826,0.8013879564481832,0.7859875788208267,0.7656742781061981,0.7865854269817267,0.7945167671177973,0.8140940691695694,0.779065327694984,0.7797497831183611,0.6665779473437488,0.8014242701205518,0.7441526811134465,0.763077850526074,0.7563246136388138,0.734732879053697,1.0,0.05792616882185597,0.8116688001972961,0.7804319832931561,0.7249598878075644,0.7539133496559879,0.8028421436537783,0.6776852528490311,0.7953456408993486,0.7320202073030897,0.7751585714192222,0.803496825831189,0.7498317761327453,0.7484188181493219,0.748683591876189,0.7957896004895314,0.7955687519417803,0.735311323143247,0.7487750476645811
0.056390174469869714,0.05815469038521237,0.05671113813916728,0.05994202258152426,0.05675926549284205,0.054959468068327744,0.054844626646554984,0.06010037659223866,0.057517314600162295,0.05731825195403939,0.055252763560091456,0.06167394852822705,0.05763163932621418,0.061179218478218056,0.06261692518794615,0.052405587584715585,0.05396130615363126,0.05387959520156249,0.048849091499924,0.05547994357540065,0.05737413532793334,0.056727285657764304,0.058652769475061484,0.05602776673820786,0.052054054115664994,0.049739342937730635,0.05786548529431601,0.054955514473477685,0.05808873505820078,0.05481318951451253,0.05687462658313369,0.05792616882185597,1.0,0.058996277325111146,0.0559539607964038,0.05543758789425002,0.05461076761410277,0.05699813427706524,0.060215333420760686,0.053207568912519654,0.05991292437298268,0.05133175591071737,0.05756861699882243,0.057469138020246,0.056448281556889746,0.059144871323450254,0.05458588653315233,0.0545008519248098,0.060565275895854254,0.05340952058899184
0.7632769400491738,0.7962397439629503,0.7490987445962454,0.7368989489431297,0.7775114648410093,0.7898080218903522,0.7802201580898217,0.7491543305240018,0.7565009368296552,0.7440773615135978,0.8149569679583255,0.7397499169707715,0.8345271485861216,0.7419903014464505,0.7323833978446297,0.7876074161988742,0.7347501685818971,0.8241204563687604,0.7943666171736514,0.7882289810246721,0.811163532461158,0.8340335260546443,0.8601513846626194,0.750767662549089,0.7367298335528669,0.6424077781763416,0.8103962830713176,0.7481790585771195,0.7665350765609142,0.7618106512090956,0.7309862809951078,0.8116688001972961,0.058996277325111146,1.0,0.7822205033395314,0.7469838398029481,0.77161057923489,0.804678021967256,0.6913146776962634,0.80184503890624,0.7282669156919678,0.7800563413327279,0.8216531633182529,0.7497171913921477,0.7466995550253168,0.7509165989269904,0.8011802057589112,0.7996955931608986,0.7459326666318314,0.7571647611503874
0.7522706357500072,0.8282915852143056,0.729628953574325,0.736864725434738,0.7574122327283234,0.801234399353413,0.761345192718563,0.7394185173879305,0.7458897413366299,0.7418033913221374,0.7903932363266369,0.7368640283909258,0.7883266905519911,0.7337669666458352,0.7268903800794897,0.7692315095734755,0.7368870815119126,0.7857130183035118,0.7597530072735265,0.7702351456284545,0.7688281640958183,0.764924943698826,0.7828611083860832,0.7840292010660742,0.7672657689265665,0.6534007807358392,0.7749550003755189,0.7368561857765369,0.754422393768717,0.7582942824795541,0.7243983968594199,0.7804319832931561,0.0559539607964038,0.7822205033395314,1.0,0.7270224989224554,0.750424056868434,0.7780476536350643,0.6791874999386652,0.768883937626187,0.7216017189917469,0.7701858097092943,0.780834586134758,0.7394218280014745,0.7387807593501043,0.7431755872935948,0.8012775666742343,0.8005538110130221,0.7400779875091429,0.7344538046060041
0.7348732013267216,0.7327852379829362,0.7213907939284577,0.7601418611467757,0.7125222423839437,0.726912665302921,0.7395997318299823,0.773010593362678,0.7422000474925707,0.7700528010654707,0.7374196789366045,0.7662030127532108,0.7269229552920347,0.7704442761482503,0.7644730938713316,0.7389236221369427,0.6666300920958041,0.7395835632444319,0.7189858564079005,0.7445868171170433,0.7311359706882562,0.720983848507095,0.7333560179502918,0.6983157292469984,0.6789173987251556,0.5873696108128094,0.7243774816550457,0.772433036882443,0.7536179333036654,0.7383879311423753,0.7634966105148596,0.7249598878075644,0.05543758789425002,0.7469838398029481,0.7270224989224554,1.0,0.725744678592213,0.7125395646211032,0.731380301368728,0.7080855566793214,0.7559670212450182,0.7101286796622471,0.7244065376885213,0.7765578180679517,0.7699820600376922,0.7409935658453843,0.7335399872279447,0.731800180366878,0.7791118371439062,0.7289003252029165
0.7377974016767966,0.7550414438838098,0.740959883820395,0.7187918392476778,0.7349137215436068,0.7517981813787094,0.9087490907836115,0.7258270121055315,0.7446318265731857,0.7271729910943256,0.7558795673873059,0.7216469288592734,0.7663349022770409,0.7223246756617338,0.7190758656640641,0.8902425475056396,0.6955145900954827,0.7806040246447775,0.7482876765637095,0.9098727452965676,0.7705912269408977,0.761953133053658,0.7820472145181645,0.7143647563182325,0.7072124941146105,0.6179759578313242,0.7588383860204482,0.7237913793723667,0.7418865557866428,0.7485086269646821,0.7107946456891829,0.7539133496559879,0.05461076761410277,0.77161057923489,0.750424056868434,0.725744678592213,1.0,0.7490969061458643,0.6676136611576464,0.7445649176009567,0.710525846751662,0.7407599060402574,0.7679845873520521,0.7248898733847035,0.7193967130527719,0.7280613350602538,0.7596170060956077,0.7570808451597557,0.7243910371419657,0.7285761514877318
0.771696214088257,0.803793488572482,0.7454644213495107,0.7265706730237461,0.7911492289132321,0.7884764914723049,0.7537028117229463,0.7370795549751059,0.7435776744402953,0.734962834690353,0.8141272538764739,0.7238087225366429,0.8241999252158847,0.7282109215939048,0.7172155221789703,0.7643905461260047,0.719516679327676,0.7956674677236197,0.7796327759382432,0.7634863689236485,0.7842226945136151,0.794398978686416,0.8196936861762159,0.7423302039858608,0.7329941926156467,0.6478005906224069,0.8434741076770521,0.7369308500493619,0.7585791383660441,0.7576797534853552,0.7190930865966553,0.8028421436537783,0.05699813427706524,0.804678021967256,0.7780476536350643,0.7125395646211032,0.7490969061458643,1.0,0.6734390989841944,0.8310245003324102,0.7200135346063916,0.8053907442148255,0.8566967824269949,0.7373322419188024,0.7299027169843613,0.7370864234575027,0.8028985698418344,0.8009611496750738,0.7388851974492839,0.7717734416057147
0.6927199328938465,0.6819480738022025,0.6757498260885679,0.726495793294273,0.6772390667798585,0.6908907504958652,0.681735243075265,0.7372700464862227,0.6957211808235132,0.7329617672664105,0.6760630437335704,0.7385699479323199,0.6740876513900727,0.714663303954774,0.7284686797616948,0.6792610622791813,0.6338845960782765,0.6775862666382044,0.6617964966677037,0.6826412531071051,0.673119871269326,0.6683477916882448,0.6769311527470211,0.6571495429458356,0.6422952006445495,0.5617246678609973,0.6644624280299026,0.7322337394640993,0.7034001386710036,0.6897281739559055,0.7207600959285587,0.6776852528490311,0.060215333420760686,0.6913146776962634,0.6791874999386652,0.731380301368728,0.6676136611576464,0.6734390989841944,1.0,0.6598218145750832,0.7186733916397772,0.663751738709196,0.6693218564944572,0.7376609358284634,0.7399922592949653,0.6956146901856924,0.6760681741172727,0.6770676483540977,0.7242981369016055,0.6769619554944152
