../ecoli_genomes/GCF_000163235.1_ASM16323v1_genomic.fna.gz,../ecoli_genomes/GCF_000164555.1_ASM16455v1_genomic.fna.gz,../ecoli_genomes/GCF_000208545.1_ASM20854v2_genomic.fna.gz,../ecoli_genomes/GCF_000233875.1_ASM23387v1_genomic.fna.gz,../ecoli_genomes/GCF_000249735.1_ASM24973v2_genomic.fna.gz,../ecoli_genomes/GCF_000261145.1_Esch_coli_M919_V2_genomic.fna.gz,../ecoli_genomes/GCF_000267705.2_ASM26770v2_genomic.fna.gz,../ecoli_genomes/GCF_000350665.1_Esch_coli_KTE5_V1_genomic.fna.gz,../ecoli_genomes/GCF_000351625.1_Esch_coli_KTE66_V1_genomic.fna.gz,../ecoli_genomes/GCF_000352285.1_Esch_coli_KTE46_V1_genomic.fna.gz,../ecoli_genomes/GCF_000358895.1_ASM35889v1_genomic.fna.gz,../ecoli_genomes/GCF_000456385.1_Esch_coli_HVH_26_4-5703913_V1_genomic.fna.gz,../ecoli_genomes/GCF_000458195.1_Esch_coli_HVH_147_4-5893887_V1_genomic.fna.gz,../ecoli_genomes/GCF_000459755.1_Esch_coli_KOEGE_58_171a_V1_genomic.fna.gz,../ecoli_genomes/GCF_000460055.1_Esch_coli_UMEA_3053-1_V1_genomic.fna.gz,../ecoli_genomes/GCF_000462165.2_ASM46216v2_genomic.fna.gz,../ecoli_genomes/GCF_000601135.1_ASM60113v1_genomic.fna.gz,../ecoli_genomes/GCF_000614595.1_Ec2010EL1058_genomic.fna.gz,../ecoli_genomes/GCF_000617745.1_Ec2010C-4529_genomic.fna.gz,../ecoli_genomes/GCF_000618265.2_EcF6751_genomic.fna.gz,../ecoli_genomes/GCF_000619005.2_Ec2009C-4052_genomic.fna.gz,../ecoli_genomes/GCF_000619105.1_Ec2009C-4780_genomic.fna.gz,../ecoli_genomes/GCF_000619765.2_Ec2009C-3279_genomic.fna.gz,../ecoli_genomes/GCF_000687005.1_ASM68700v1_genomic.fna.gz,../ecoli_genomes/GCF_000687025.1_ASM68702v1_genomic.fna.gz,../ecoli_genomes/GCF_000700125.1_ASM70012v1_genomic.fna.gz,../ecoli_genomes/GCF_000753315.1_FHI35_genomic.fna.gz,../ecoli_genomes/GCF_000776375.1_ASM77637v1_genomic.fna.gz,../ecoli_genomes/GCF_000779395.1_ASM77939v1_genomic.fna.gz,../ecoli_genomes/GCF_000780315.1_ASM78031v1_genomic.fna.gz,../ecoli_genomes/GCF_000781995.1_ASM78199v1_genomic.fna.gz,../ecoli_genomes/GCF_000986765.1_ASM98676v1_genomic.fna.gz,../ecoli_genomes/GCF_001041375.1_ViralProj287958_genomic.fna.gz,../ecoli_genomes/GCF_001265335.1_302014_genomic.fna.gz,../ecoli_genomes/GCF_001265625.1_100854_genomic.fna.gz,../ecoli_genomes/GCF_001267345.1_303289_genomic.fna.gz,../ecoli_genomes/GCF_001309985.1_ASM130998v1_genomic.fna.gz,../ecoli_genomes/GCF_001521695.1_ASM152169v1_genomic.fna.gz,../ecoli_genomes/GCF_001592595.1_ASM159259v1_genomic.fna.gz,../ecoli_genomes/GCF_001614975.1_ASM161497v1_genomic.fna.gz,../ecoli_genomes/GCF_001692775.1_ASM169277v1_genomic.fna.gz,../ecoli_genomes/GCF_001748915.1_ASM174891v1_genomic.fna.gz,../ecoli_genomes/GCF_001749235.1_ASM174923v1_genomic.fna.gz,../ecoli_genomes/GCF_001881155.1_ASM188115v1_genomic.fna.gz,../ecoli_genomes/GCF_001881345.1_ASM188134v1_genomic.fna.gz,../ecoli_genomes/GCF_001892405.1_ASM189240v1_genomic.fna.gz,../ecoli_genomes/GCF_001892585.1_ASM189258v1_genomic.fna.gz,../ecoli_genomes/GCF_001893985.1_ASM189398v1_genomic.fna.gz,../ecoli_genomes/GCF_002001595.1_ASM200159v1_genomic.fna.gz,../ecoli_genomes/GCF_002002145.1_ASM200214v1_genomic.fna.gz
1.0,0.3258194771991272,0.25893341358290545,0.2828987547564811,0.2841818704781812,0.31031258585786115,0.29851533996123136,0.2859205883927415,0.38355415037189167,0.29482112990859266,0.3177894440792798,0.2903809848692632,0.31801947413619547,0.28042463641832827,0.2645597590659051,0.3010032906184038,0.29145149389042246,0.3087485085844045,0.30104273575126395,0.2991561713332914,0.297711820277228,0.29342267886269435,0.3093251686124333,0.28276434735340805,0.2912200670743539,0.2761840652678901,0.3079107132945348,0.2837509416494932,0.34844091533172905,0.38261267084791395,0.25772320081528854,0.31396382525533284,0.0,0.30604114068282773,0.3031705305221638,0.26925490302747934,0.29184543999203605,0.31350189851076216,0.2663695988751239,0.3142733018649758,0.26460337198675643,0.3035521047970321,0.3129285993332219,0.2881108740259889,0.29835777924696893,0.31553498485566567,0.3025997501986901,0.3053762722562986,0.27189617384758913,0.34216851358377354
0.3258194771991272,1.0,0.23642234605598977,0.27191990307095104,0.36258617970635376,0.5341690180983314,0.3526138933682159,0.2765565576579472,0.2980720986464548,0.2863622436867391,0.42350797981502375,0.28523811786556663,0.4189112690336112,0.26698667467406356,0.2617867333635243,0.3478714827080571,0.4229752913036209,0.41548105084609,0.3929438643408476,0.3550907444657262,0.40040613703955874,0.38491869056584427,0.4093612990052766,0.4520960983448641,0.4883912995318256,0.42961678455916974,0.4133910088184183,0.28071072425281385,0.3065026986574665,0.3100319872970373,0.2574932907660987,0.39371284137821394,0.0,0.3978381147591078,0.5496312594894897,0.25509668609815084,0.3392703797183533,0.42171906585950314,0.2526255817140536,0.419744479214921,0.25862409704195144,0.4683563446444121,0.4171251313716037,0.28664016767356115,0.2878777005453761,0.2811966055172094,0.4819070980613325,0.4820224308413623,0.28198845019466023,0.30276909518048034
0.25893341358290545,0.23642234605598977,1.0,0.2084324494672346,0.1968789713374708,0.21588685056596868,0.2188420780060134,0.2157389124666822,0.2491868827281335,0.21689356234002655,0.23518255018849954,0.21117608106528274,0.2311114814156785,0.21109151582948582,0.20488654188532351,0.2190101749406449,0.19803590076426825,0.22738260542120559,0.21701812154570865,0.22049597634395024,0.21904605069883976,0.21313648019362463,0.22563394697285033,0.18737453523338776,0.2001408035025084,0.19741818089320617,0.22604811403038638,0.21635829237612558,0.2515848537301626,0.2559195787961157,0.20030389889111566,0.21516774600492417,0.0,0.21868605830510146,0.2107944165707445,0.20910751469397848,0.2101407246845456,0.22616123474401384,0.20032863130831646,0.23113880022364341,0.20365252204183526,0.22741561104323604,0.23239742282950138,0.2207742550363948,0.21604409782507417,0.232474688044791,0.2311547895787579,0.23057645220987444,0.2171655153396952,0.2504057805401816
0.2828987547564811,0.27191990307095104,0.2084324494672346,1.0,0.28580308946793165,0.2681617885160019,0.2537936988599261,0.4956844236780905,0.28855548917361273,0.5361482788675362,0.26296140661455947,0.5005124385190398,0.29425762868175365,0.5392519625523216,0.5586755794186842,0.2781401370437758,0.2671165568205457,0.26175931838844135,0.2550210450976107,0.254227187291058,0.2563220855812437,0.2503942189146058,0.27147453948670486,0.25578674364892495,0.2699625680147417,0.2652419698094072,0.2668798020188389,0.5180369123877615,0.2984290666901963,0.28048185667345127,0.4998565668305226,0.2907826719284736,0.0,0.2570449348581636,0.25767684546946246,0.40308809339407126,0.2587128029213883,0.2634111191238443,0.4387525058928592,0.25968460084600653,0.5327929840043408,0.2582023844382574,0.26479561420008857,0.5156021813184071,0.5060331142462668,0.28985814331798787,0.2621004262610177,0.26463460724830046,0.4447806932467151,0.3084928256417173
0.2841818704781812,0.36258617970635376,0.1968789713374708,0.28580308946793165,1.0,0.39083398005963144,0.30213635395814853,0.27095563040984527,0.30068106145169127,0.2871583536876089,0.4724283425659721,0.26016592275264794,0.46975999641037125,0.26196217949399914,0.29132849402084104,0.3499341213802558,0.38828415534429683,0.3950794618531325,0.3786140476116019,0.30460346006844263,0.40085005035399257,0.3740228111457812,0.4005868436803678,0.3824300339306166,0.3798982417010641,0.39516942917486186,0.4149112684234023,0.24456481746304237,0.27870153240077566,0.2900287231266103,0.2605760333431921,0.45505907517618194,0.0,0.41115257464575594,0.37063619621936816,0.23237616179644638,0.3161440927448894,0.4254918758834604,0.2669372316854809,0.4228128805041801,0.28701418889805064,0.3743610348555698,0.4259003513399795,0.2528015271535041,0.25119566595911613,0.2563154305641743,0.38454734424138126,0.38911971105889964,0.2427131232095413,0.27843144509700135
0.31031258585786115,0.5341690180983314,0.21588685056596868,0.2681617885160019,0.39083398005963144,1.0,0.3580109554073143,0.27674615972005956,0.2917749564378579,0.2702636914336025,0.40808466821962974,0.26915329605463567,0.40946788235413223,0.25407922796038596,0.25725469366269094,0.35552577165598276,0.4336187181016663,0.4055368264152881,0.39519132221730036,0.35208469342198623,0.3913607451528507,0.4189497435997881,0.4071974235692919,0.4627393324982244,0.5147083082991468,0.42819077868304334,0.3886847966158016,0.2653508693512757,0.30047294556308657,0.2932882967997321,0.24535394959820567,0.40085210797568704,0.0,0.40092630469246837,0.5388619305134459,0.25562044059819666,0.3438024848341512,0.3982415375538203,0.2628962669390107,0.40044620155716115,0.2579661804257055,0.45717753616179935,0.3984814788444192,0.2693619781155909,0.2686423671023419,0.27896631266152716,0.4634602963571446,0.4672596623895049,0.2592844797260714,0.30073137471974365
0.29851533996123136,0.3526138933682159,0.2188420780060134,0.2537936988599261,0.30213635395814853,0.3580109554073143,1.0,0.2512793990583112,0.28983872373246145,0.2518635019363482,0.3573227952109508,0.24697001351927217,0.35480158747846424,0.2465382552338541,0.2420713243373228,0.74457998325697,0.3080402079027327,0.3891648373721144,0.37318113231952565,0.8744158897758695,0.38604913876372937,0.36743630095487956,0.38805420629150167,0.2970053656313685,0.314317711247983,0.31794461427818554,0.35790163337339265,0.2531056835507173,0.28261183984480265,0.29211231885654654,0.23626651682755007,0.33961701722952187,0.0,0.35296263584885956,0.354735942084187,0.258351195655378,0.788167625056669,0.3411823543936432,0.24848700667094525,0.3567872330985977,0.23600153628728215,0.3460273518662692,0.3558015279177219,0.2528740729820971,0.2520107549297228,0.26881829393028833,0.34438534022392797,0.34432017597225684,0.2480467851698016,0.28790996463879703
0.2859205883927415,0.2765565576579472,0.2157389124666822,0.4956844236780905,0.27095563040984527,0.27674615972005956,0.2512793990583112,1.0,0.2820969895880705,0.5028462041686974,0.26380633568846645,0.4808967741154647,0.28662206805716384,0.47217464389514996,0.4728313084973629,0.2698878056101611,0.2674950433623269,0.2616181405175665,0.2569807143592395,0.25169900685602176,0.25834727870350893,0.2504593752172741,0.26651181785205635,0.26887743282139676,0.2662668075553324,0.2642032487808481,0.2686867296226445,0.676355164306008,0.3034045601340444,0.2756691488100226,0.4634726368810993,0.27727675964963683,0.0,0.2647349176448376,0.2650552980953612,0.38796336621349736,0.24985939360565257,0.283330698452804,0.41772214192257384,0.27120785384308455,0.48087966693139717,0.2648843837774596,0.2729036504283203,0.6845217894869045,0.6579435326854891,0.28598381771601133,0.26014810117089293,0.26279492602132415,0.4323715142995921,0.300745794385045
0.38355415037189167,0.2980720986464548,0.2491868827281335,0.28855548917361273,0.30068106145169127,0.2917749564378579,0.28983872373246145,0.2820969895880705,1.0,0.29939970885871525,0.30297435001513395,0.26815213970275364,0.32644325932442086,0.27916836176849624,0.2879779514599975,0.31228136986027777,0.2669501465194257,0.2985838505308688,0.2839469945116604,0.29290523207828434,0.28728762423827725,0.27885264630758066,0.29966160838615596,0.2686931725304852,0.27282118167098546,0.27485492076779017,0.3037924410849938,0.2723352750573509,0.3305449640911554,0.4052941509349657,0.27316783035989134,0.30154593488245773,0.0,0.28847243082615415,0.28766617806699346,0.270876464503484,0.2956604412037298,0.2929573021363516,0.2624376800715058,0.3023270488033313,0.2782840322802318,0.293504187607861,0.3097588081419719,0.2697105061390458,0.2656830701608174,0.30473548772200787,0.2884953661575279,0.2895440509078101,0.2694854916685996,0.3365766984215832
0.29482112990859266,0.2863622436867391,0.21689356234002655,0.5361482788675362,0.2871583536876089,0.2702636914336025,0.2518635019363482,0.5028462041686974,0.29939970885871525,1.0,0.27850590729147484,0.47829464852012593,0.2997326471697287,0.5016231807563964,0.5124527592202512,0.27651712061604394,0.2527032394923989,0.2653846172500105,0.2544650086635287,0.2537752692194778,0.2585083379807118,0.2524111065804575,0.26672609925484303,0.24317809407539415,0.25687879584190043,0.2600223996866827,0.27435427224379483,0.5026541934636628,0.3091467433128138,0.29188728792598995,0.5186829401669077,0.27703533391398905,0.0,0.26163235700189735,0.2592424715835878,0.40820591831843545,0.2557748900939125,0.2702244022300674,0.4392923544588597,0.2725985555745214,0.5342285390495971,0.2663274030484012,0.2708731845136869,0.4997051169506662,0.5032428811177067,0.28795653558319456,0.26627898813476425,0.2663729715227735,0.4616274201933882,0.304569870520051
0.3177894440792798,0.42350797981502375,0.23518255018849954,0.26296140661455947,0.4724283425659721,0.40808466821962974,0.3573227952109508,0.26380633568846645,0.30297435001513395,0.27850590729147484,1.0,0.2649793050512066,0.5348866273666291,0.2647111957659958,0.2594252591961249,0.35883348490454814,0.35723350313668634,0.48973335253305783,0.47781123866958,0.3599500276966877,0.48741127561075903,0.48679131419430166,0.5009502983505363,0.347231007080669,0.3579066175703147,0.369600053521442,0.5150406538748953,0.2738306050131317,0.3067308204629544,0.31204064595675096,0.24979924782621976,0.4534711620954397,0.0,0.4800703712140231,0.41047816893587463,0.26362103005967075,0.34737223435611864,0.49201575379176954,0.2615014370315205,0.5243740171205908,0.25402642196882397,0.4363404217174812,0.5182648747649854,0.26734342795807875,0.26726880827313126,0.28302445377181096,0.4337785208829723,0.4329695574947482,0.2690598415173735,0.30751468229455947
0.2903809848692632,0.28523811786556663,0.21117608106528274,0.5005124385190398,0.26016592275264794,0.26915329605463567,0.24697001351927217,0.4808967741154647,0.26815213970275364,0.47829464852012593,0.2649793050512066,1.0,0.2729128710460519,0.4897178153677133,0.5988423654575631,0.25885438662487625,0.26327008190829626,0.25332381385059144,0.25239651789553597,0.24554581812650866,0.25338510233049283,0.25279870153830086,0.25975330890172477,0.26148893194343126,0.26678829744303867,0.26393719126534065,0.26069919354662374,0.4841268866899554,0.3039378248891976,0.27315584762145484,0.43625589652227237,0.2736270142459266,0.0,0.2586698146101055,0.26292370437012014,0.3875602815396285,0.24282576533206235,0.2702122386527396,0.42736949282958137,0.2629579477155758,0.4613539706262265,0.2566751703605519,0.2650521864721912,0.49642000390970553,0.49440694897593385,0.28773710562419375,0.2618354200079074,0.2647613708938976,0.4281267875340393,0.2983260163657797
0.31801947413619547,0.4189112690336112,0.2311114814156785,0.29425762868175365,0.46975999641037125,0.40946788235413223,0.35480158747846424,0.28662206805716384,0.32644325932442086,0.2997326471697287,0.5348866273666291,0.2729128710460519,1.0,0.27124712231692394,0.29185136305677184,0.3803269080724917,0.3759601008851725,0.5002736923895357,0.4884568538158973,0.3590455234927509,0.5065827018865061,0.524390878024495,0.5623600756817783,0.36614816045484977,0.36853714665942183,0.3833475158056615,0.549924894381243,0.27506677150094827,0.3020938673293053,0.3233379430281498,0.2689220550541236,0.5006556953073424,0.0,0.5318180911959702,0.40672553119935795,0.26121455701667307,0.3603304957773339,0.510571381519688,0.2713556083873342,0.546410487744067,0.28237589867125423,0.43010048516667,0.5337453825291772,0.2721213398143554,0.26780624068797765,0.27709939117202254,0.4376813807224701,0.43774843460972823,0.2735980883597796,0.3040401634440266
0.28042463641832827,0.26698667467406356,0.21109151582948582,0.5392519625523216,0.26196217949399914,0.25407922796038596,0.2465382552338541,0.47217464389514996,0.27916836176849624,0.5016231807563964,0.2647111957659958,0.4897178153677133,0.27124712231692394,1.0,0.5375043015090437,0.2548674171405265,0.23631623195572626,0.25767831921704776,0.24964700361187941,0.24891978326538633,0.24707398955857374,0.24461403651746172,0.26314072343301675,0.21783460666733112,0.232830464404723,0.2363889734912229,0.2628177201387014,0.512366236634844,0.3045589324191228,0.27327548101038335,0.4941407460385435,0.2623342097904442,0.0,0.2541489356180088,0.25104671420138636,0.40116800698483257,0.24471558646402136,0.2627335714153515,0.4217982670351076,0.25853846979649053,0.5096545575928728,0.25414756101604785,0.2652302378776096,0.507558756091943,0.49900688712787633,0.2910628931944216,0.2574915879208668,0.25919690552411034,0.4451966641027242,0.3094104723931821
0.2645597590659051,0.2617867333635243,0.20488654188532351,0.5586755794186842,0.29132849402084104,0.25725469366269094,0.2420713243373228,0.4728313084973629,0.2879779514599975,0.5124527592202512,0.2594252591961249,0.5988423654575631,0.29185136305677184,0.5375043015090437,1.0,0.27038214064272836,0.25207294688096415,0.2519760314674413,0.2416701345706055,0.24441392247800342,0.24624065273201212,0.2387728222666713,0.2595380617926667,0.23975385975556784,0.2500709597756652,0.25554123411831964,0.26055174321496577,0.4812104258208809,0.2903431465374593,0.27715304342974145,0.49690461349730286,0.27814446823099304,0.0,0.24952465992313821,0.2486866817951855,0.3886446711169321,0.24986225098315074,0.256878461541895,0.42904426487226377,0.25464610936588716,0.5187791265600756,0.2544724042499379,0.26146793596485796,0.4790095012882757,0.46904832274296804,0.28299666888376906,0.25971613917955505,0.26092753144562186,0.4304176130963825,0.306149443015574
0.3010032906184038,0.3478714827080571,0.2190101749406449,0.2781401370437758,0.3499341213802558,0.35552577165598276,0.74457998325697,0.2698878056101611,0.31228136986027777,0.27651712061604394,0.35883348490454814,0.25885438662487625,0.3803269080724917,0.2548674171405265,0.27038214064272836,1.0,0.3270552794025384,0.3696331198145003,0.3606943458113866,0.7526649858736176,0.3637432452510463,0.35418696113668435,0.372573019976728,0.33446769965210255,0.3461726806778711,0.3651036371773203,0.3514992042603098,0.25969229829810203,0.2846163978224886,0.30925671035753166,0.25613723770449914,0.36078733092298,0.0,0.3465428929802872,0.35873342699120137,0.2605811021891048,0.7462629464046979,0.3465080284486528,0.2508212186633664,0.3491660561699278,0.26236390037748314,0.34660745450388974,0.35202631191065537,0.25748866569092055,0.25518607319584696,0.2689189643405161,0.3452398357465227,0.3455499869535382,0.25159091881447104,0.28413720344352944
0.29145149389042246,0.4229752913036209,0.19803590076426825,0.2671165568205457,0.38828415534429683,0.4336187181016663,0.3080402079027327,0.2674950433623269,0.2669501465194257,0.2527032394923989,0.35723350313668634,0.26327008190829626,0.3759601008851725,0.23631623195572626,0.25207294688096415,0.3270552794025384,1.0,0.3514978477890034,0.33720622205754724,0.3063475162579521,0.3461698173600807,0.34336887804692184,0.36265477840207694,0.5421218669949504,0.5146316856392568,0.5230766978933891,0.3479417954880354,0.2368353063946973,0.26884713506416,0.2658438124372279,0.2304030407534149,0.4422299958475301,0.0,0.3907520734650817,0.4524072918345946,0.2306574723957816,0.3108977318932449,0.359221216260766,0.2314970666937045,0.3618092169472382,0.2395680713949705,0.40108651614233226,0.35914817756656503,0.2609612963823916,0.2662371825310611,0.25484363802197896,0.4107571727109002,0.4211790534257316,0.22900724272986228,0.2758554473964231
0.3087485085844045,0.41548105084609,0.22738260542120559,0.26175931838844135,0.3950794618531325,0.4055368264152881,0.3891648373721144,0.2616181405175665,0.2985838505308688,0.2653846172500105,0.48973335253305783,0.25332381385059144,0.5002736923895357,0.25767831921704776,0.2519760314674413,0.3696331198145003,0.3514978477890034,1.0,0.5216968699044061,0.3888490223404272,0.5105550348590244,0.49857922435539004,0.5253313912229816,0.3362520430838327,0.351857452204712,0.3571369526447046,0.5002211768290745,0.26520934446147715,0.29465819206695976,0.30874542999176324,0.24492485035786993,0.44596794634676484,0.0,0.47655740297360916,0.4053045609221524,0.2646211408257496,0.3734552439389197,0.45960242049542155,0.25669432701622596,0.4999310063098814,0.24525127592244922,0.42533350679311444,0.4904848234625787,0.26339150205998096,0.26045786962099826,0.2763999228797712,0.4270025876448833,0.42729048176109874,0.2601387707995819,0.30052933529377934
0.30104273575126395,0.3929438643408476,0.21701812154570865,0.2550210450976107,0.3786140476116019,0.39519132221730036,0.37318113231952565,0.2569807143592395,0.2839469945116604,0.2544650086635287,0.47781123866958,0.25239651789553597,0.4884568538158973,0.24964700361187941,0.2416701345706055,0.3606943458113866,0.33720622205754724,0.5216968699044061,1.0,0.37132054673494497,0.5082031392713342,0.500125448451991,0.5077713408970588,0.32174037738046013,0.3424606521386234,0.34422002230114357,0.49268145879169456,0.26018527427362304,0.2864479074740701,0.2923517856383755,0.23302660024044064,0.44514936485283374,0.0,0.46265549500892045,0.3958242869968325,0.25945762521287397,0.3594733132033432,0.45493949729645744,0.2550786693183412,0.4848730339967421,0.23797393918499965,0.4074106200519959,0.4807418403535587,0.2579416949692166,0.25491382529237805,0.269647431508112,0.4028833832385681,0.40435778487789953,0.2532070403610174,0.28874902069987685
0.2991561713332914,0.3550907444657262,0.22049597634395024,0.254227187291058,0.30460346006844263,0.35208469342198623,0.8744158897758695,0.25169900685602176,0.29290523207828434,0.2537752692194778,0.3599500276966877,0.24554581812650866,0.3590455234927509,0.24891978326538633,0.24441392247800342,0.7526649858736176,0.3063475162579521,0.3888490223404272,0.37132054673494497,1.0,0.3846081491029779,0.36128095460124554,0.38867359745101937,0.29628477028741096,0.31118929699117126,0.31459157962750817,0.3610207228861003,0.2541340698960375,0.28394623589676204,0.2954737815648464,0.23781302368704116,0.33849587102915846,0.0,0.3538391931490702,0.35215432591292994,0.25737391761975226,0.803102376796367,0.343986573266328,0.2468174256399187,0.36003700325189514,0.2384018806588366,0.3480369156750984,0.3594838949715896,0.25336983116894896,0.25125877521663964,0.27072958126328983,0.34704361173902865,0.3469825684090204,0.25043991569830426,0.29026298498061753
0.297711820277228,0.40040613703955874,0.21904605069883976,0.2563220855812437,0.40085005035399257,0.3913607451528507,0.38604913876372937,0.25834727870350893,0.28728762423827725,0.2585083379807118,0.48741127561075903,0.25338510233049283,0.5065827018865061,0.24707398955857374,0.24624065273201212,0.3637432452510463,0.3461698173600807,0.5105550348590244,0.5082031392713342,0.3846081491029779,1.0,0.5017427969885397,0.5380353114821442,0.330630881224667,0.34436069836155025,0.358243051043044,0.5092067082828682,0.26033482963083077,0.28136161801506143,0.2922853045958157,0.2363141331862263,0.4614378441706042,0.0,0.4980709431237872,0.3970155012731933,0.25976144201104134,0.36760714036450304,0.47955250360776547,0.25213631841720585,0.5133428777623241,0.2424746063907255,0.39781518622527934,0.5019721918860423,0.2598578451064256,0.2595276591548843,0.27348873867821344,0.4172233152746556,0.41735712812890446,0.2526866459371976,0.28994426576654675
0.29342267886269435,0.38491869056584427,0.21313648019362463,0.2503942189146058,0.3740228111457812,0.4189497435997881,0.36743630095487956,0.2504593752172741,0.27885264630758066,0.2524111065804575,0.48679131419430166,0.25279870153830086,0.524390878024495,0.24461403651746172,0.2387728222666713,0.35418696113668435,0.34336887804692184,0.49857922435539004,0.500125448451991,0.36128095460124554,0.5017427969885397,1.0,0.684486192982501,0.3181979295847731,0.356594574860157,0.3436487955889229,0.49590080875450493,0.2585390045533559,0.2788886468023207,0.28174028892884084,0.2303241995199482,0.45624657269896507,0.0,0.5937058742354664,0.388103485556306,0.2520424001233862,0.3502054901554864,0.4665649559216073,0.2503114440253953,0.4974348884529929,0.2317465184191383,0.3897069250500649,0.49241750388698147,0.2559104171251585,0.25430165198044186,0.26473791486412757,0.3973875133951682,0.39692294412947915,0.25162319049640935,0.28631536707556493
0.3093251686124333,0.4093612990052766,0.22563394697285033,0.27147453948670486,0.4005868436803678,0.4071974235692919,0.38805420629150167,0.26651181785205635,0.29966160838615596,0.26672609925484303,0.5009502983505363,0.25975330890172477,0.5623600756817783,0.26314072343301675,0.2595380617926667,0.372573019976728,0.36265477840207694,0.5253313912229816,0.5077713408970588,0.38867359745101937,0.5380353114821442,0.684486192982501,1.0,0.33675022470552807,0.35659630823762967,0.35392741596389155,0.5380093994620178,0.2721375498614036,0.2953976307793018,0.2988804119012236,0.2494857522900229,0.4818390260939749,0.0,0.6362475548408284,0.4026628096311238,0.26859938833061403,0.3746788220413888,0.49805486138451593,0.26367623381124916,0.5255805639642019,0.25184364446160357,0.41029792366835494,0.5223059690426078,0.27010510135115473,0.267001620370953,0.27736124351041613,0.41679381286324146,0.41785710274284427,0.2653311243735331,0.3000921705892935
0.28276434735340805,0.4520960983448641,0.18737453523338776,0.25578674364892495,0.3824300339306166,0.4627393324982244,0.2970053656313685,0.26887743282139676,0.2686931725304852,0.24317809407539415,0.347231007080669,0.26148893194343126,0.36614816045484977,0.21783460666733112,0.23975385975556784,0.33446769965210255,0.5421218669949504,0.3362520430838327,0.32174037738046013,0.29628477028741096,0.330630881224667,0.3181979295847731,0.33675022470552807,1.0,0.5830774837559447,0.528736840080912,0.33635928257172387,0.21905931305505566,0.25183872243990535,0.26923414391423806,0.2191602705938661,0.4095679658694801,0.0,0.36758909779413496,0.5080166641108363,0.22241322466211322,0.29884037732812996,0.34789655349865867,0.2219401027360286,0.34390335935728156,0.23013261376196714,0.39340709825557785,0.3377166964277235,0.257663004171104,0.2562353342920567,0.2440385444806582,0.38483227032660816,0.39626111114152296,0.21401165813346157,0.2586710118009534
0.2912200670743539,0.4883912995318256,0.2001408035025084,0.2699625680147417,0.3798982417010641,0.5147083082991468,0.314317711247983,0.2662668075553324,0.27282118167098546,0.25687879584190043,0.3579066175703147,0.26678829744303867,0.36853714665942183,0.232830464404723,0.2500709597756652,0.3461726806778711,0.5146316856392568,0.351857452204712,0.3424606521386234,0.31118929699117126,0.34436069836155025,0.356594574860157,0.35659630823762967,0.5830774837559447,1.0,0.5174244850679155,0.3437880019290368,0.23522735083194102,0.2594076155429803,0.26769659535575796,0.2343556885593776,0.4330431564565169,0.0,0.3639223317860084,0.5235056800367809,0.2287615010844969,0.3158115088104314,0.36652058749631944,0.23575967828542932,0.3575335169464854,0.24274204512578734,0.4071355337824216,0.35382884985939433,0.2672999331366671,0.2687734159570955,0.25948214104723344,0.41020025557898965,0.4184562617931973,0.23776750023901871,0.2685231837740929
0.2761840652678901,0.42961678455916974,0.19741818089320617,0.2652419698094072,0.39516942917486186,0.42819077868304334,0.31794461427818554,0.2642032487808481,0.27485492076779017,0.2600223996866827,0.369600053521442,0.26393719126534065,0.3833475158056615,0.2363889734912229,0.25554123411831964,0.3651036371773203,0.5230766978933891,0.3571369526447046,0.34422002230114357,0.31459157962750817,0.358243051043044,0.3436487955889229,0.35392741596389155,0.528736840080912,0.5174244850679155,1.0,0.3542467697976639,0.2376763165182143,0.2654260061989687,0.2734014597167571,0.23785482580108408,0.4065866461816324,0.0,0.37653644784186746,0.48100680385830596,0.23630869261139587,0.3193214349091845,0.37031972461012586,0.23184271393486455,0.37221565881173424,0.24637051739769122,0.41808709726391335,0.3599656736549949,0.2608730262104342,0.2568583082735695,0.25431969788599507,0.4243359780281607,0.42910455261713454,0.238685394848399,0.2675987658944786
0.3079107132945348,0.4133910088184183,0.22604811403038638,0.2668798020188389,0.4149112684234023,0.3886847966158016,0.35790163337339265,0.2686867296226445,0.3037924410849938,0.27435427224379483,0.5150406538748953,0.26069919354662374,0.549924894381243,0.2628177201387014,0.26055174321496577,0.3514992042603098,0.3479417954880354,0.5002211768290745,0.49268145879169456,0.3610207228861003,0.5092067082828682,0.49590080875450493,0.5380093994620178,0.33635928257172387,0.3437880019290368,0.3542467697976639,1.0,0.269215815934693,0.2996099456840615,0.3064151777394837,0.2525153858723692,0.4815956502806453,0.0,0.5027537944600611,0.39595241885265,0.2582314427862834,0.3467279021361329,0.5861034015346875,0.25306293802694824,0.5465751941689465,0.25594771771418223,0.4215936990690393,0.6219091315384693,0.2699464971605374,0.26451767749899946,0.2786563830212334,0.41944958623688544,0.4191496131684782,0.2665929408197175,0.3009231173111018
0.2837509416494932,0.28071072425281385,0.21635829237612558,0.5180369123877615,0.24456481746304237,0.2653508693512757,0.2531056835507173,0.676355164306008,0.2723352750573509,0.5026541934636628,0.2738306050131317,0.4841268866899554,0.27506677150094827,0.512366236634844,0.4812104258208809,0.25969229829810203,0.2368353063946973,0.26520934446147715,0.26018527427362304,0.2541340698960375,0.26033482963083077,0.2585390045533559,0.2721375498614036,0.21905931305505566,0.23522735083194102,0.2376763165182143,0.269215815934693,1.0,0.31263830498805023,0.2738107715513347,0.4658338316512889,0.26284250031459533,0.0,0.26110575151702964,0.25467353278131777,0.39695429155097894,0.2494326719751333,0.277683340504854,0.42364026343957184,0.26642064944491817,0.48198430544333104,0.26057978318069963,0.2688573066592278,0.7920947382349524,0.7549313433976863,0.28421557692452293,0.2654245640756675,0.26523830445606145,0.45471160633032537,0.29976142308217646
0.34844091533172905,0.3065026986574665,0.2515848537301626,0.2984290666901963,0.27870153240077566,0.30047294556308657,0.28261183984480265,0.3034045601340444,0.3305449640911554,0.3091467433128138,0.3067308204629544,0.3039378248891976,0.3020938673293053,0.3045589324191228,0.2903431465374593,0.2846163978224886,0.26884713506416,0.29465819206695976,0.2864479074740701,0.28394623589676204,0.28136161801506143,0.2788886468023207,0.2953976307793018,0.25183872243990535,0.2594076155429803,0.2654260061989687,0.2996099456840615,0.31263830498805023,1.0,0.32337979805350814,0.28601001456266295,0.29446175292847787,0.0,0.2932621871859943,0.28741772036338165,0.2929252189680419,0.27737962706880614,0.2969743430928582,0.28137877416142043,0.2985206831701541,0.2852113227285942,0.28690014071813774,0.29833472404916417,0.3067759727824806,0.3062904686165806,0.3818079600217551,0.2919844358770074,0.2913030548745722,0.29533656262133845,0.61379882187505
0.38261267084791395,0.3100319872970373,0.2559195787961157,0.28048185667345127,0.2900287231266103,0.2932882967997321,0.29211231885654654,0.2756691488100226,0.4052941509349657,0.29188728792598995,0.31204064595675096,0.27315584762145484,0.3233379430281498,0.27327548101038335,0.27715304342974145,0.30925671035753166,0.2658438124372279,0.30874542999176324,0.2923517856383755,0.2954737815648464,0.2922853045958157,0.28174028892884084,0.2988804119012236,0.26923414391423806,0.26769659535575796,0.2734014597167571,0.3064151777394837,0.2738107715513347,0.32337979805350814,1.0,0.26582965685863114,0.29203120246143244,0.0,0.28920136172093547,0.29091103497302095,0.26747687059107494,0.2917173457508796,0.3000660302240399,0.25039355206413294,0.3119303197577825,0.27139742470812556,0.2977688727865766,0.3101443947900837,0.2718906864608702,0.26693978334917223,0.3159718375093832,0.3014822204582934,0.3017260761978877,0.27263687093242295,0.33255387815362814
0.25772320081528854,0.2574932907660987,0.20030389889111566,0.4998565668305226,0.2605760333431921,0.24535394959820567,0.23626651682755007,0.4634726368810993,0.27316783035989134,0.5186829401669077,0.24979924782621976,0.43625589652227237,0.2689220550541236,0.4941407460385435,0.49690461349730286,0.25613723770449914,0.2304030407534149,0.24492485035786993,0.23302660024044064,0.23781302368704116,0.2363141331862263,0.2303241995199482,0.2494857522900229,0.2191602705938661,0.2343556885593776,0.23785482580108408,0.2525153858723692,0.4658338316512889,0.28601001456266295,0.26582965685863114,1.0,0.25548234407019443,0.0,0.24294996771299182,0.23759256002534357,0.3797071249029781,0.24181720727941136,0.24964144963228885,0.39695252992087404,0.2477646177583115,0.6425695540938627,0.2472712394706178,0.2520748979229813,0.4637139337142735,0.4574702081976566,0.26984936007858085,0.2478594511218648,0.24707410087472115,0.41944388148518497,0.28297252847574716
0.31396382525533284,0.39371284137821394,0.21516774600492417,0.2907826719284736,0.45505907517618194,0.40085210797568704,0.33961701722952187,0.27727675964963683,0.30154593488245773,0.27703533391398905,0.4534711620954397,0.2736270142459266,0.5006556953073424,0.2623342097904442,0.27814446823099304,0.36078733092298,0.4422299958475301,0.44596794634676484,0.44514936485283374,0.33849587102915846,0.4614378441706042,0.45624657269896507,0.4818390260939749,0.4095679658694801,0.4330431564565169,0.4065866461816324,0.4815956502806453,0.26284250031459533,0.29446175292847787,0.29203120246143244,0.25548234407019443,1.0,0.0,0.47116937800134295,0.39756995777414883,0.24649797629175252,0.34233522966709484,0.47683815637765026,0.2557265529440158,0.48554543433201114,0.2634521762678046,0.39682604607327787,0.48959437228778513,0.27239768654418517,0.2760651084584189,0.2722611945804897,0.4036779726141506,0.40926034682945733,0.24956670585018792,0.2888382531946073
0.0,0.0,0.0,0.0,0.0,0.0,0.0,0.0,0.0,0.0,0.0,0.0,0.0,0.0,0.0,0.0,0.0,0.0,0.0,0.0,0.0,0.0,0.0,0.0,0.0,0.0,0.0,0.0,0.0,0.0,0.0,0.0,1.0,0.0,0.0,0.0,0.0,0.0,0.0,0.0,0.0,0.0,0.0,0.0,0.0,0.0,0.0,0.0,0.0,0.0
0.30604114068282773,0.3978381147591078,0.21868605830510146,0.2570449348581636,0.41115257464575594,0.40092630469246837,0.35296263584885956,0.2647349176448376,0.28847243082615415,0.26163235700189735,0.4800703712140231,0.2586698146101055,0.5318180911959702,0.2541489356180088,0.24952465992313821,0.3465428929802872,0.3907520734650817,0.47655740297360916,0.46265549500892045,0.3538391931490702,0.4980709431237872,0.5937058742354664,0.6362475548408284,0.36758909779413496,0.3639223317860084,0.37653644784186746,0.5027537944600611,0.26110575151702964,0.2932621871859943,0.28920136172093547,0.24294996771299182,0.47116937800134295,0.0,1.0,0.409877365190655,0.26558665176963203,0.3405797939227224,0.4804505848393502,0.2607942056734166,0.4983833005270665,0.24477016742221103,0.3994760728811938,0.5053989263608771,0.26232980852818644,0.26488330165473994,0.2686813485068641,0.4045564657983547,0.4066209083152198,0.25218925882353127,0.29916426471769586
0.3031705305221638,0.5496312594894897,0.2107944165707445,0.25767684546946246,0.37063619621936816,0.5388619305134459,0.354735942084187,0.2650552980953612,0.28766617806699346,0.2592424715835878,0.41047816893587463,0.26292370437012014,0.40672553119935795,0.25104671420138636,0.2486866817951855,0.35873342699120137,0.4524072918345946,0.4053045609221524,0.3958242869968325,0.35215432591292994,0.3970155012731933,0.388103485556306,0.4026628096311238,0.5080166641108363,0.5235056800367809,0.48100680385830596,0.39595241885265,0.25467353278131777,0.28741772036338165,0.29091103497302095,0.23759256002534357,0.39756995777414883,0.0,0.409877365190655,1.0,0.2544033650741747,0.33788660476420407,0.39596907238699086,0.24896715813485593,0.4092731674528205,0.24351658915971341,0.4649466476211397,0.40767134740728117,0.2601956536339576,0.2602508333048619,0.26953168369628533,0.4595633928732674,0.46117712698617164,0.24809783202048152,0.2891065150182369
0.26925490302747934,0.25509668609815084,0.20910751469397848,0.40308809339407126,0.23237616179644638,0.25562044059819666,0.258351195655378,0.38796336621349736,0.270876464503484,0.40820591831843545,0.26362103005967075,0.3875602815396285,0.26121455701667307,0.40116800698483257,0.3886446711169321,0.2605811021891048,0.2306574723957816,0.2646211408257496,0.25945762521287397,0.25737391761975226,0.25976144201104134,0.2520424001233862,0.26859938833061403,0.22241322466211322,0.2287615010844969,0.23630869261139587,0.2582314427862834,0.39695429155097894,0.2929252189680419,0.26747687059107494,0.3797071249029781,0.24649797629175252,0.0,0.26558665176963203,0.2544033650741747,1.0,0.25252381993898265,0.2528738645875396,0.3981404899339761,0.25852372143260227,0.3875737898716496,0.2529296856061961,0.2586542711983726,0.39899592107110105,0.3956149931744454,0.27859632037047777,0.2519517260412023,0.2525909284356461,0.39039379386197826,0.2952570803664968
0.29184543999203605,0.3392703797183533,0.2101407246845456,0.2587128029213883,0.3161440927448894,0.3438024848341512,0.788167625056669,0.24985939360565257,0.2956604412037298,0.2557748900939125,0.34737223435611864,0.24282576533206235,0.3603304957773339,0.24471558646402136,0.24986225098315074,0.7462629464046979,0.3108977318932449,0.3734552439389197,0.3594733132033432,0.803102376796367,0.36760714036450304,0.3502054901554864,0.3746788220413888,0.29884037732812996,0.3158115088104314,0.3193214349091845,0.3467279021361329,0.2494326719751333,0.27737962706880614,0.2917173457508796,0.24181720727941136,0.34233522966709484,0.0,0.3405797939227224,0.33788660476420407,0.25252381993898265,1.0,0.33306825297343423,0.2425951453258952,0.34038895018323134,0.2423807641726886,0.33713602719682423,0.34719274215827134,0.24530920573784465,0.24319399750354198,0.2591564507396277,0.3359142377150348,0.3359531445684455,0.24020358822264198,0.2781856891609171
0.31350189851076216,0.42171906585950314,0.22616123474401384,0.2634111191238443,0.4254918758834604,0.3982415375538203,0.3411823543936432,0.283330698452804,0.2929573021363516,0.2702244022300674,0.49201575379176954,0.2702122386527396,0.510571381519688,0.2627335714153515,0.256878461541895,0.3465080284486528,0.359221216260766,0.45960242049542155,0.45493949729645744,0.343986573266328,0.47955250360776547,0.4665649559216073,0.49805486138451593,0.34789655349865867,0.36652058749631944,0.37031972461012586,0.5861034015346875,0.277683340504854,0.2969743430928582,0.3000660302240399,0.24964144963228885,0.47683815637765026,0.0,0.4804505848393502,0.39596907238699086,0.2528738645875396,0.33306825297343423,1.0,0.26005668338783594,0.5178267482252993,0.25682065565241907,0.41237878514647697,0.6226969105042222,0.2841920535320711,0.27588898917629134,0.27848194440659,0.42706985099839045,0.42804569056315833,0.2716916383671566,0.2947306355078245
0.2663695988751239,0.2526255817140536,0.20032863130831646,0.4387525058928592,0.2669372316854809,0.2628962669390107,0.24848700667094525,0.41772214192257384,0.2624376800715058,0.4392923544588597,0.2615014370315205,0.42736949282958137,0.2713556083873342,0.4217982670351076,0.42904426487226377,0.2508212186633664,0.2314970666937045,0.25669432701622596,0.2550786693183412,0.2468174256399187,0.25213631841720585,0.2503114440253953,0.26367623381124916,0.2219401027360286,0.23575967828542932,0.23184271393486455,0.25306293802694824,0.42364026343957184,0.28137877416142043,0.25039355206413294,0.39695252992087404,0.2557265529440158,0.0,0.2607942056734166,0.24896715813485593,0.3981404899339761,0.2425951453258952,0.26005668338783594,1.0,0.2532129799859244,0.41790379064168737,0.2563771475153902,0.25988193090780687,0.4312266644352142,0.429111261945503,0.2658642642591248,0.251012261857679,0.25289522101404116,0.40076220626351156,0.2794020375028463
0.3142733018649758,0.419744479214921,0.23113880022364341,0.25968460084600653,0.4228128805041801,0.40044620155716115,0.3567872330985977,0.27120785384308455,0.3023270488033313,0.2725985555745214,0.5243740171205908,0.2629579477155758,0.546410487744067,0.25853846979649053,0.25464610936588716,0.3491660561699278,0.3618092169472382,0.4999310063098814,0.4848730339967421,0.36003700325189514,0.5133428777623241,0.4974348884529929,0.5255805639642019,0.34390335935728156,0.3575335169464854,0.37221565881173424,0.5465751941689465,0.26642064944491817,0.2985206831701541,0.3119303197577825,0.2477646177583115,0.48554543433201114,0.0,0.4983833005270665,0.4092731674528205,0.25852372143260227,0.34038895018323134,0.5178267482252993,0.2532129799859244,1.0,0.24983986876263775,0.4213328830551262,0.5461262537244813,0.2683543407342551,0.2679832859861019,0.28812016201740065,0.44387647644658534,0.44461756053251333,0.2629132742661995,0.30825866273235514
