../ecoli_genomes/GCF_000163235.1_ASM16323v1_genomic.fna.gz,../ecoli_genomes/GCF_000164555.1_ASM16455v1_genomic.fna.gz,../ecoli_genomes/GCF_000208545.1_ASM20854v2_genomic.fna.gz,../ecoli_genomes/GCF_000233875.1_ASM23387v1_genomic.fna.gz,../ecoli_genomes/GCF_000249735.1_ASM24973v2_genomic.fna.gz,../ecoli_genomes/GCF_000261145.1_Esch_coli_M919_V2_genomic.fna.gz,../ecoli_genomes/GCF_000267705.2_ASM26770v2_genomic.fna.gz,../ecoli_genomes/GCF_000350665.1_Esch_coli_KTE5_V1_genomic.fna.gz,../ecoli_genomes/GCF_000351625.1_Esch_coli_KTE66_V1_genomic.fna.gz,../ecoli_genomes/GCF_000352285.1_Esch_coli_KTE46_V1_genomic.fna.gz,../ecoli_genomes/GCF_000358895.1_ASM35889v1_genomic.fna.gz,../ecoli_genomes/GCF_000456385.1_Esch_coli_HVH_26_4-5703913_V1_genomic.fna.gz,../ecoli_genomes/GCF_000458195.1_Esch_coli_HVH_147_4-5893887_V1_genomic.fna.gz,../ecoli_genomes/GCF_000459755.1_Esch_coli_KOEGE_58_171a_V1_genomic.fna.gz,../ecoli_genomes/GCF_000460055.1_Esch_coli_UMEA_3053-1_V1_genomic.fna.gz,../ecoli_genomes/GCF_000462165.2_ASM46216v2_genomic.fna.gz,../ecoli_genomes/GCF_000601135.1_ASM60113v1_genomic.fna.gz,../ecoli_genomes/GCF_000614595.1_Ec2010EL1058_genomic.fna.gz,../ecoli_genomes/GCF_000617745.1_Ec2010C-4529_genomic.fna.gz,../ecoli_genomes/GCF_000618265.2_EcF6751_genomic.fna.gz,../ecoli_genomes/GCF_000619005.2_Ec2009C-4052_genomic.fna.gz,../ecoli_genomes/GCF_000619105.1_Ec2009C-4780_genomic.fna.gz,../ecoli_genomes/GCF_000619765.2_Ec2009C-3279_genomic.fna.gz,../ecoli_genomes/GCF_000687005.1_ASM68700v1_genomic.fna.gz,../ecoli_genomes/GCF_000687025.1_ASM68702v1_genomic.fna.gz,../ecoli_genomes/GCF_000700125.1_ASM70012v1_genomic.fna.gz,../ecoli_genomes/GCF_000753315.1_FHI35_genomic.fna.gz,../ecoli_genomes/GCF_000776375.1_ASM77637v1_genomic.fna.gz,../ecoli_genomes/GCF_000779395.1_ASM77939v1_genomic.fna.gz,../ecoli_genomes/GCF_000780315.1_ASM78031v1_genomic.fna.gz,../ecoli_genomes/GCF_000781995.1_ASM78199v1_genomic.fna.gz,../ecoli_genomes/GCF_000986765.1_ASM98676v1_genomic.fna.gz,../ecoli_genomes/GCF_001041375.1_ViralProj287958_genomic.fna.gz,../ecoli_genomes/GCF_001265335.1_302014_genomic.fna.gz,../ecoli_genomes/GCF_001265625.1_100854_genomic.fna.gz,../ecoli_genomes/GCF_001267345.1_303289_genomic.fna.gz,../ecoli_genomes/GCF_001309985.1_ASM130998v1_genomic.fna.gz,../ecoli_genomes/GCF_001521695.1_ASM152169v1_genomic.fna.gz,../ecoli_genomes/GCF_001592595.1_ASM159259v1_genomic.fna.gz,../ecoli_genomes/GCF_001614975.1_ASM161497v1_genomic.fna.gz,../ecoli_genomes/GCF_001692775.1_ASM169277v1_genomic.fna.gz,../ecoli_genomes/GCF_001748915.1_ASM174891v1_genomic.fna.gz,../ecoli_genomes/GCF_001749235.1_ASM174923v1_genomic.fna.gz,../ecoli_genomes/GCF_001881155.1_ASM188115v1_genomic.fna.gz,../ecoli_genomes/GCF_001881345.1_ASM188134v1_genomic.fna.gz,../ecoli_genomes/GCF_001892405.1_ASM189240v1_genomic.fna.gz,../ecoli_genomes/GCF_001892585.1_ASM189258v1_genomic.fna.gz,../ecoli_genomes/GCF_001893985.1_ASM189398v1_genomic.fna.gz,../ecoli_genomes/GCF_002001595.1_ASM200159v1_genomic.fna.gz,../ecoli_genomes/GCF_002002145.1_ASM200214v1_genomic.fna.gz
1.0,0.7899853428170795,0.7788971073841875,0.7731953229614895,0.7808538450179926,0.7796679051618448,0.788149537760113,0.7849529028806568,0.8164723664205752,0.7795764124915382,0.7860019440836244,0.7777918427952717,0.7875215388968066,0.7690422285647944,0.762071972698708,0.7921575670771004,0.7772140044145813,0.7897785751573603,0.762946678335509,0.7924516710076511,0.7824300412742443,0.7667084926397996,0.7912424440177608,0.789837775396442,0.7632226324229332,0.6809963855518828,0.7895840164822625,0.7794031300538102,0.7927253208184104,0.8096000942836066,0.7650548399063182,0.7830253062699615,0.051846620329407234,0.7813482722105938,0.782735053314016,0.7629411029280735,0.7794378047634278,0.7819855824869038,0.7474212343264806,0.790592625709537,0.7602530363131863,0.7869522915527517,0.7882675164320577,0.7794361711567863,0.7840195850520851,0.7866486416958283,0.786422349904672,0.7859871702468788,0.7723993956942611,0.7912270293318634
0.7899853428170795,1.0,0.7652734136224765,0.7724625575027649,0.809171506389981,0.8262011477924632,0.7847974153710877,0.7830087849691542,0.7899727668795508,0.7829773673785342,0.8103231064267502,0.782382582485622,0.8098271408222599,0.7721122888400471,0.7698891095641018,0.7909997736045359,0.8085432002218953,0.8130461453288708,0.7837173357775937,0.790525934586094,0.8084447497389184,0.7848589844858787,0.8107708975730484,0.8437577454862021,0.8267262015645432,0.70531246924175,0.8124210326998884,0.777486084911811,0.7861056261081084,0.7815124425809934,0.7683265609493616,0.7947127905211379,0.06340315784304895,0.8012955497533252,0.8320955075270868,0.765377319317154,0.7756300254738075,0.8137554507363081,0.7492274088811439,0.8120384128061863,0.7706521413407963,0.8236397803676141,0.811436469783895,0.78797096280318,0.7838974629743303,0.7813920878251837,0.8294681771729997,0.8289854555357946,0.7803621869121692,0.7816367042800353
0.7788971073841875,0.7652734136224765,1.0,0.7452397649964817,0.7564194871550873,0.754172959585095,0.7585073535891094,0.7556781331676349,0.7758516006725817,0.751919375242371,0.7652026481140178,0.751199591728063,0.7677185990985371,0.7462696153226915,0.7461829202028235,0.7655289541378225,0.7499480826098629,0.7697730848637329,0.7396907996361448,0.7626695439592777,0.761267780857513,0.7489634176894742,0.767621187482723,0.7547620863645566,0.740793641339776,0.6554228372104915,0.7680331684603214,0.7533972275953262,0.767355226401915,0.773673320542497,0.7451891447447192,0.7542132013817693,0.05656145996422435,0.7592628826540628,0.7539391624574384,0.7510557837018762,0.7543867015588135,0.7643966095279721,0.7308228829574234,0.7681111135391566,0.7441517868123348,0.7638552626507682,0.7673027662384938,0.7566692761765337,0.7520536664061879,0.7633350074548348,0.7725335583098017,0.7717485089235173,0.753510456669068,0.7710335883982009
0.7731953229614895,0.7724625575027649,0.7452397649964817,1.0,0.7637024432429476,0.7588562542596209,0.7617164957099759,0.837225336708338,0.7809223979342115,0.842929352873322,0.7681131222154445,0.8400518190866983,0.7666868035668708,0.849101000049061,0.8514181219707452,0.7675042939175698,0.757792650499643,0.776268046253372,0.7526523121147771,0.7685376987750435,0.7727901539280266,0.7528848253279579,0.7752191008942347,0.7625572908816497,0.7542330785592689,0.6672603961172986,0.7740455305342075,0.8457874059909343,0.7818036765814784,0.7627064582045775,0.8322744453139321,0.760573602225218,0.05476722836311998,0.7630814849335908,0.762831002682616,0.8027630842413536,0.7554478874986291,0.7610069162826287,0.7848034722487301,0.7707645906688311,0.8362354396601438,0.7677914819408131,0.7679631222932503,0.8445076634420455,0.8371134526859081,0.7810600970028276,0.7732403863116345,0.7728148193752387,0.8207867822612102,0.7801703411902754
0.7808538450179926,0.809171506389981,0.7564194871550873,0.7637024432429476,1.0,0.8117779167861978,0.7822489809913578,0.7772903668388054,0.7800548327140417,0.7691210532129272,0.8356512819721075,0.7736561631155147,0.8222509361649494,0.7672740266185464,0.7680448018201527,0.787425510467553,0.8014923622862151,0.8186926505108786,0.7940730251217125,0.7854041844144611,0.818133624673884,0.7951081925514414,0.8196564309182451,0.8021857572077733,0.7944513430747308,0.707247349606817,0.8227982902883668,0.7670143941083452,0.7881026748532824,0.7768172222879486,0.7653628015366021,0.8092660134793139,0.06029680230881518,0.8224182857816642,0.798149057514753,0.7664949836284891,0.7762309149981286,0.8270138840817183,0.7518255160047828,0.8284510582992244,0.7670689638397801,0.8183705329059409,0.8300227161720095,0.7752444782814113,0.772788356510409,0.7736582128613215,0.8160781116121517,0.8169230387089041,0.7725981861812972,0.7789565272331267
0.7796679051618448,0.8262011477924632,0.754172959585095,0.7588562542596209,0.8117779167861978,1.0,0.7817913217519914,0.7698445377073977,0.7773460626100773,0.764677423105978,0.794926928115639,0.7633952350174247,0.7996774999006712,0.7562941004400356,0.7622079095672533,0.7821492849661407,0.8023229172445601,0.8081057461975965,0.7832861919911114,0.7815079790288773,0.7951260600814463,0.7970081961819089,0.8013829704735853,0.8307378499726823,0.8094010361894741,0.7033612181625337,0.8002591042672786,0.7630757633272189,0.7749030202800586,0.7631333007868015,0.7576828266606067,0.7918065177670321,0.05216664282567274,0.8012299629228831,0.8212591112800954,0.757746865607274,0.7701702009818748,0.8007755322417054,0.7525997709438224,0.8046194356498002,0.7571264512128606,0.8250200133459127,0.8010536250427386,0.7658603432287662,0.7678590132029186,0.7704836135319788,0.8170200646199294,0.8189247652571228,0.7586359219641088,0.7760426006223914
0.788149537760113,0.7847974153710877,0.7585073535891094,0.7617164957099759,0.7822489809913578,0.7817913217519914,1.0,0.7710209198662439,0.7810662252177119,0.757991147248707,0.784834291145945,0.7612599290160358,0.7894233571723748,0.7550098901262521,0.7533219321531462,0.9120057339420857,0.7742833703341532,0.8097942046564651,0.7866500354637322,0.9454203103718938,0.8076900987969774,0.7834331344950138,0.8065791845048627,0.7901735671836965,0.7665661271577497,0.6822346943797521,0.7974622676052983,0.7617556921487638,0.7787369320234697,0.7741516091019058,0.749736910521539,0.7748386591698566,0.06154809041304288,0.7924550870196924,0.7824665224143694,0.7634040111112481,0.9225528365667431,0.7790012085718345,0.7391761061250706,0.7913413962477258,0.7454340602912195,0.7956441007475974,0.7925665926502985,0.767096945797324,0.76334956074512,0.7698005328841119,0.7892395923317487,0.7896087573880146,0.761154736410427,0.7793965282017254
0.7849529028806568,0.7830087849691542,0.7556781331676349,0.837225336708338,0.7772903668388054,0.7698445377073977,0.7710209198662439,1.0,0.783407542658362,0.8418601207705966,0.773979460136962,0.8359516131884378,0.7736431729583694,0.8316317961087997,0.8233172690781959,0.7763333112388473,0.7621913689292117,0.7760649044764081,0.7508570661629692,0.7746616904785907,0.7732975640286013,0.7561461059182624,0.7756823545976069,0.7802683577951613,0.7557097135954521,0.6781328547409435,0.7794375092745589,0.8927388209660152,0.7930505013538123,0.7727621327305192,0.8306985610305835,0.7599759076704573,0.059862537906476665,0.7701760903086843,0.7710403786904242,0.8090449842690404,0.7604630260304795,0.778044099016054,0.7932462506946067,0.7787851361530541,0.8241041687952506,0.7790649341455715,0.7769618142513746,0.8941980864984941,0.8847908946658563,0.7847754911618757,0.781408635823635,0.780846597493586,0.8284600268722334,0.7916336873824168
0.8164723664205752,0.7899727668795508,0.7758516006725817,0.7809223979342115,0.7800548327140417,0.7773460626100773,0.7810662252177119,0.783407542658362,1.0,0.7848928967089714,0.7878111988454575,0.7736515348020154,0.7853231516730022,0.7768365812606249,0.7704511084736556,0.788292135512104,0.7676301494214872,0.7908956651356622,0.7627068780196142,0.7894173211515609,0.7855236445174462,0.7640148188263736,0.7853579433137625,0.7890129441117765,0.7652123897332263,0.6767079954987998,0.7882061007008665,0.7814473667317454,0.7959070946091873,0.8132277781231536,0.7718445879854903,0.7700092962110738,0.05115291694512292,0.7791533447827039,0.7868787788338402,0.7723326861582267,0.7728175703433673,0.780836145355523,0.7515646956305622,0.7914474767579871,0.7691416069993524,0.7854672162573655,0.7878430048947198,0.7846871200931366,0.7792550722852161,0.7865804061877189,0.790744221583916,0.7904273848427261,0.7794022936037011,0.7941367165643272
0.7795764124915382,0.7829773673785342,0.751919375242371,0.842929352873322,0.7691210532129272,0.764677423105978,0.757991147248707,0.8418601207705966,0.7848928967089714,1.0,0.7770405160882811,0.8281904477405133,0.773031503143977,0.8355425303332068,0.824542715880048,0.76907221061371,0.7550795133935568,0.7738717420136638,0.7492227070816284,0.7668649792492651,0.7711964361903934,0.7532035592093594,0.771423979875045,0.7714889860395806,0.7521784559163857,0.6702745038526787,0.7783380547033321,0.8442976787687339,0.7853970207866693,0.7687751088464008,0.8393406048460134,0.7596586572361865,0.056268162978584835,0.761036481219583,0.7667575063670506,0.8156404400383117,0.7516914332211351,0.7659167000754206,0.7973315019628144,0.7779336623853195,0.8354905735707695,0.7752601729491034,0.7705113350531609,0.8467397801941194,0.8435482338563496,0.7780931100513748,0.7757548149220062,0.7743054459790645,0.8368980576553083,0.7810789636292095
0.7860019440836244,0.8103231064267502,0.7652026481140178,0.7681131222154445,0.8356512819721075,0.794926928115639,0.784834291145945,0.773979460136962,0.7878111988454575,0.7770405160882811,1.0,0.7684190701388389,0.8449773451116706,0.7707832611676887,0.7656188214127791,0.7914068599927953,0.795900066186223,0.8345347068814659,0.8093389664566748,0.7885204423366994,0.8220070191265769,0.8074264109156241,0.8294903018335281,0.8103648867072515,0.7829520352794131,0.6963014555973941,0.8367180108578189,0.7722280229109284,0.7818347525639002,0.7804325281882891,0.7640411558138145,0.8087113193642227,0.05537120586619104,0.8192705208069135,0.7992003273162335,0.7698386833779031,0.7788808970682652,0.8283165485911843,0.7546938331304681,0.8453466642944735,0.7610059910637855,0.8184829841712634,0.8400185996413484,0.7746935653963563,0.7728364386807134,0.7747182338357104,0.8185384627912269,0.8174573973583036,0.7687718617847221,0.7874271289406688
0.7777918427952717,0.782382582485622,0.751199591728063,0.8400518190866983,0.7736561631155147,0.7633952350174247,0.7612599290160358,0.8359516131884378,0.7736515348020154,0.8281904477405133,0.7684190701388389,1.0,0.76999044039437,0.831407794467113,0.8532327823185031,0.7669259058996738,0.761903110844939,0.7698219346625673,0.7476161966715498,0.7653654787772511,0.7708295469038668,0.7533559937611664,0.7755250235192896,0.7692153337536642,0.7546074871910047,0.682299221579388,0.7736921414632604,0.831060918908906,0.7835808018747887,0.7668038259121626,0.8148551327725282,0.760435479098072,0.05905505652928533,0.7638944149619227,0.7677935042913275,0.796941565751077,0.7548581887376282,0.7662069325295161,0.7908670631294135,0.7753924224368813,0.8194304426226503,0.7675075343249963,0.770755899086105,0.8334957281864185,0.8312004821925578,0.7794732640861362,0.7731795911835863,0.773289235785628,0.8199380160033425,0.7771765783114456
0.7875215388968066,0.8098271408222599,0.7677185990985371,0.7666868035668708,0.8222509361649494,0.7996774999006712,0.7894233571723748,0.7736431729583694,0.7853231516730022,0.773031503143977,0.8449773451116706,0.76999044039437,1.0,0.7643377299745225,0.7695940026318965,0.793438045596124,0.794105650539329,0.8407897311183485,0.8315235065252136,0.7931671302982466,0.8344622612183592,0.8276054712686555,0.8440399892674612,0.808119559806935,0.7808369252562611,0.694081433561512,0.8509701857236571,0.7705107255784684,0.783524407053523,0.7845694778037753,0.7631978899682247,0.8184416534208494,0.061516368517067654,0.8321722927519009,0.808959353618234,0.7613323393687377,0.7826416029072758,0.8325750614227156,0.7492149599343113,0.8576783552721944,0.7607816313495587,0.8167500735895153,0.8414272914630011,0.7740018008315247,0.7688018310171023,0.7759225251838017,0.8164140868891635,0.8158007217071388,0.7686179919945239,0.7843668533507674
0.7690422285647944,0.7721122888400471,0.7462696153226915,0.849101000049061,0.7672740266185464,0.7562941004400356,0.7550098901262521,0.8316317961087997,0.7768365812606249,0.8355425303332068,0.7707832611676887,0.831407794467113,0.7643377299745225,1.0,0.846945351409292,0.7634281981546411,0.7522952522987378,0.7682238545379928,0.7471444274598609,0.7620185130321899,0.7627045000804669,0.7472442207730662,0.7677871709387807,0.7623203129833325,0.7483110324835396,0.6686823575424448,0.7698915479092603,0.8439560263545588,0.7794998459990037,0.760999486153142,0.827226497885553,0.7581868243574159,0.055947805971461095,0.7612161015661878,0.7620589002027134,0.8014542157704394,0.749731941295454,0.7617320538273431,0.7848650505583957,0.7710640943315459,0.8261372791462862,0.7721299980076248,0.7677774408962704,0.8405616487437557,0.8341563524328076,0.776895794357541,0.7734654286526281,0.7739639510409361,0.8153870854638747,0.7785326662457156
0.762071972698708,0.7698891095641018,0.7461829202028235,0.8514181219707452,0.7680448018201527,0.7622079095672533,0.7533219321531462,0.8233172690781959,0.7704511084736556,0.824542715880048,0.7656188214127791,0.8532327823185031,0.7695940026318965,0.846945351409292,1.0,0.7602920972919712,0.7566449558790089,0.7685641364858872,0.7434938067379446,0.7596211148862944,0.7671611037302688,0.751512341280848,0.7703872958386622,0.7605559627915394,0.7477701772438772,0.6685944369536366,0.771890969965396,0.8285585877504442,0.7783554243186764,0.7582362610200349,0.8287042411728752,0.7542120491704644,0.05607867366882191,0.7613666770297719,0.7607950707091667,0.7970572591538554,0.7470228528885998,0.763481207156152,0.7888341642363247,0.7704333414888227,0.829128759443814,0.7692162825669036,0.7681047761002737,0.8265106761276716,0.8206880014481153,0.7753617572667053,0.773406050363244,0.773138465884728,0.8101420225764387,0.7795225292238308
0.7921575670771004,0.7909997736045359,0.7655289541378225,0.7675042939175698,0.787425510467553,0.7821492849661407,0.9120057339420857,0.7763333112388473,0.788292135512104,0.76907221061371,0.7914068599927953,0.7669259058996738,0.793438045596124,0.7634281981546411,0.7602920972919712,1.0,0.7754157970535114,0.8090681038882748,0.7868043482113711,0.9218927967163365,0.8050843319259928,0.7830011346776078,0.8070249651032634,0.7903590677103732,0.7709484368095463,0.6894925059410917,0.7959474317674622,0.7711884446028201,0.7878877569967233,0.7823074749830007,0.7600432600375835,0.7746851801124207,0.061171080526006616,0.7915810679031936,0.7883628598144296,0.7699665299312506,0.8978187186114975,0.7856713418943443,0.7459105000405531,0.795795844974353,0.7565106581234293,0.79762621657267,0.7955098000219545,0.773668222616099,0.7683962321226049,0.7766584949565446,0.7937947299280314,0.794201034314947,0.7687757966754444,0.782556642925894
0.7772140044145813,0.8085432002218953,0.7499480826098629,0.757792650499643,0.8014923622862151,0.8023229172445601,0.7742833703341532,0.7621913689292117,0.7676301494214872,0.7550795133935568,0.795900066186223,0.761903110844939,0.794105650539329,0.7522952522987378,0.7566449558790089,0.7754157970535114,1.0,0.8029353061963557,0.7742489187755937,0.7770375928373167,0.7965394716066294,0.7823015670744257,0.8092817058492873,0.8105663972754058,0.8086483715686882,0.706415406646784,0.7997684590911508,0.7590919845071367,0.7671878504017922,0.7577030280643007,0.7472602369385266,0.8071849217913611,0.06523778641889388,0.8046443831112277,0.8039918854741279,0.7540784618269613,0.7684247230152186,0.7940220050883148,0.7399947514399274,0.8018582068784953,0.7461499126919626,0.8062230435739868,0.807624073421837,0.7639910050720176,0.7659225316439943,0.7626860928788541,0.8152999449015149,0.8162042103060256,0.7550786219380801,0.7656492611613201
0.7897785751573603,0.8130461453288708,0.7697730848637329,0.776268046253372,0.8186926505108786,0.8081057461975965,0.8097942046564651,0.7760649044764081,0.7908956651356622,0.7738717420136638,0.8345347068814659,0.7698219346625673,0.8407897311183485,0.7682238545379928,0.7685641364858872,0.8090681038882748,0.8029353061963557,1.0,0.828722371154045,0.8138474512469296,0.8446515542517854,0.8255066433499344,0.8495453903007937,0.8139293630340748,0.7929408261968135,0.6947620757479275,0.8462575462177486,0.7752773472728081,0.7876821108724246,0.7852056243930328,0.7686061789935377,0.8168905349132864,0.05689105608333056,0.83612488187358,0.81212570850508,0.77516570622415,0.799541638646644,0.8246760563227191,0.7541892826873055,0.8388186262856839,0.764837449221354,0.8290277733425553,0.840952577515362,0.7789075164823047,0.7723631268737406,0.7813919363138124,0.8240860214793875,0.8236868830713664,0.7692607805204592,0.7876584028183947
0.762946678335509,0.7837173357775937,0.7396907996361448,0.7526523121147771,0.7940730251217125,0.7832861919911114,0.7866500354637322,0.7508570661629692,0.7627068780196142,0.7492227070816284,0.8093389664566748,0.7476161966715498,0.8315235065252136,0.7471444274598609,0.7434938067379446,0.7868043482113711,0.7742489187755937,0.828722371154045,1.0,0.787937537081323,0.8163903263619129,0.8232568438406866,0.8192835618637119,0.7828607677609191,0.7666848654889449,0.6792179325410768,0.8075327357403694,0.7475285663012827,0.7618177743790857,0.7585314421572814,0.7424620907423765,0.8016972803755992,0.06017679779965457,0.8047264314487215,0.7841079366067881,0.7495168356386414,0.7816148145703687,0.7930635640812171,0.7289380501985626,0.8130089692504112,0.7407652211647702,0.7987390176647551,0.8069985387971158,0.751009027954069,0.7473689794491547,0.757018506292809,0.7924132908174685,0.7938308232295543,0.7426920187706461,0.7634259778250471
0.7924516710076511,0.790525934586094,0.7626695439592777,0.7685376987750435,0.7854041844144611,0.7815079790288773,0.9454203103718938,0.7746616904785907,0.7894173211515609,0.7668649792492651,0.7885204423366994,0.7653654787772511,0.7931671302982466,0.7620185130321899,0.7596211148862944,0.9218927967163365,0.7770375928373167,0.8138474512469296,0.787937537081323,1.0,0.8127825751380214,0.7857365416973814,0.8089343422046281,0.7897548326594221,0.7708591747144702,0.6834293085681395,0.8011201844336369,0.7686673051069928,0.7844232437342666,0.7791317579471863,0.7572799855378871,0.7797628052350346,0.0599160010987031,0.7935629923442491,0.7852631523323057,0.76782644995028,0.9173970121498078,0.7844530065636364,0.7423679382248001,0.7965797546442875,0.7521086398832713,0.7974584070499908,0.7961740247898936,0.7724571958194495,0.7674115611680308,0.7753316771860022,0.7935968701144883,0.7938812631143651,0.7674010013831228,0.7826426625527942
0.7824300412742443,0.8084447497389184,0.761267780857513,0.7727901539280266,0.818133624673884,0.7951260600814463,0.8076900987969774,0.7732975640286013,0.7855236445174462,0.7711964361903934,0.8220070191265769,0.7708295469038668,0.8344622612183592,0.7627045000804669,0.7671611037302688,0.8050843319259928,0.7965394716066294,0.8446515542517854,0.8163903263619129,0.8127825751380214,1.0,0.8153804952129543,0.8443369190912692,0.805427888080961,0.7888090490703411,0.6960804453034029,0.8379512617644416,0.7705269159204804,0.7855010156080959,0.7838885421757942,0.7632084776775748,0.81530775864024,0.06214312817924739,0.8332256293455362,0.8020700290688696,0.7690030220940076,0.7969525757832266,0.8216292483123532,0.7499939826739114,0.8383467979509506,0.7613649576157318,0.813249773020662,0.8291171069936942,0.776282550729656,0.770258670229757,0.7789854157852142,0.820569151124301,0.820573186530469,0.7713803463162664,0.7847903218165093
0.7667084926397996,0.7848589844858787,0.7489634176894742,0.7528848253279579,0.7951081925514414,0.7970081961819089,0.7834331344950138,0.7561461059182624,0.7640148188263736,0.7532035592093594,0.8074264109156241,0.7533559937611664,0.8276054712686555,0.7472442207730662,0.751512341280848,0.7830011346776078,0.7823015670744257,0.8255066433499344,0.8232568438406866,0.7857365416973814,0.8153804952129543,1.0,0.8612705244213692,0.7788738376598925,0.7594445857041805,0.6828110137842912,0.8170610953271724,0.7518641317739717,0.7610485441617874,0.7587069803874328,0.745608117447422,0.8052581028651249,0.067049061175678,0.8346117812053883,0.7786741177837609,0.7496568224767284,0.7745991845121775,0.8016919216978573,0.7316736342069257,0.8197261489592211,0.7449018190152218,0.7997992541876514,0.8166963605552899,0.7536681029338772,0.7516175717668927,0.7621273726435814,0.7937815938203403,0.7951320152159761,0.747784315946532,0.7670108300785778
0.7912424440177608,0.8107708975730484,0.767621187482723,0.7752191008942347,0.8196564309182451,0.8013829704735853,0.8065791845048627,0.7756823545976069,0.7853579433137625,0.771423979875045,0.8294903018335281,0.7755250235192896,0.8440399892674612,0.7677871709387807,0.7703872958386622,0.8070249651032634,0.8092817058492873,0.8495453903007937,0.8192835618637119,0.8089343422046281,0.8443369190912692,0.8612705244213692,1.0,0.8040691501102186,0.7902880284160163,0.7014992109432066,0.8444561953762768,0.7699410886022678,0.7846402546996523,0.7785486534011345,0.7663464331135359,0.825765345601315,0.06492510071280189,0.8622839387378239,0.8022215561689332,0.7677030779691163,0.7994461521616015,0.8249555618991679,0.7502370237523003,0.8405636856128491,0.7604425724342555,0.8187247624577241,0.8373736446854005,0.7755733815680664,0.7725395847417359,0.7772233429508826,0.816412141518063,0.8167478045523905,0.7695317570655713,0.7836660262009831
0.789837775396442,0.8437577454862021,0.7547620863645566,0.7625572908816497,0.8021857572077733,0.8307378499726823,0.7901735671836965,0.7802683577951613,0.7890129441117765,0.7714889860395806,0.8103648867072515,0.7692153337536642,0.808119559806935,0.7623203129833325,0.7605559627915394,0.7903590677103732,0.8105663972754058,0.8139293630340748,0.7828607677609191,0.7897548326594221,0.805427888080961,0.7788738376598925,0.8040691501102186,1.0,0.8212889805073649,0.7058764004661595,0.814470555256268,0.7691285766856808,0.7784819138798821,0.7767284358963302,0.7581295270821284,0.791169553711522,0.055381025111097215,0.7995876267599562,0.8380797520597124,0.7637291086711817,0.7809793523942011,0.8037993406288807,0.7480387599904466,0.8058878247208012,0.7599659161317444,0.8244974534204247,0.8102058004787449,0.7745528909534782,0.7726902107249575,0.7708372985470393,0.821589254463626,0.8202051913711665,0.7694032790200991,0.779721859855285
0.7632226324229332,0.8267262015645432,0.740793641339776,0.7542330785592689,0.7944513430747308,0.8094010361894741,0.7665661271577497,0.7557097135954521,0.7652123897332263,0.7521784559163857,0.7829520352794131,0.7546074871910047,0.7808369252562611,0.7483110324835396,0.7477701772438772,0.7709484368095463,0.8086483715686882,0.7929408261968135,0.7666848654889449,0.7708591747144702,0.7888090490703411,0.7594445857041805,0.7902880284160163,0.8212889805073649,1.0,0.7213357465024862,0.7898959550003866,0.7506505152722309,0.7602972614457113,0.75412170343914,0.7413807900266043,0.7933093946625571,0.05286130373595965,0.7829269360921536,0.8195545457817579,0.7449082192745655,0.7601744050116935,0.7878655664241526,0.7316030893303449,0.7902354001598497,0.7460158401946182,0.8008998096025437,0.7912110128271118,0.7619846796536753,0.7594551827331251,0.7615705524868805,0.8050353672277881,0.8058054895204021,0.7568483404838771,0.7604149494048915
0.6809963855518828,0.70531246924175,0.6554228372104915,0.6672603961172986,0.707247349606817,0.7033612181625337,0.6822346943797521,0.6781328547409435,0.6767079954987998,0.6702745038526787,0.6963014555973941,0.682299221579388,0.694081433561512,0.6686823575424448,0.6685944369536366,0.6894925059410917,0.706415406646784,0.6947620757479275,0.6792179325410768,0.6834293085681395,0.6960804453034029,0.6828110137842912,0.7014992109432066,0.7058764004661595,0.7213357465024862,1.0,0.6950314678544528,0.6701266559431882,0.6744865697939955,0.6750951684330309,0.6647345173618198,0.6831432015012502,0.05498661309049435,0.6968589802505807,0.7068847045364053,0.6677469761861197,0.6780786314493763,0.7037637493370583,0.6554077197528109,0.699430670168395,0.6627316602724513,0.7023445364895089,0.6984918924164671,0.6815034005950464,0.6806629070262895,0.6723483220576412,0.7134919299339196,0.7195551130026088,0.6788455924709169,0.6737179871739243
0.7895840164822625,0.8124210326998884,0.7680331684603214,0.7740455305342075,0.8227982902883668,0.8002591042672786,0.7974622676052983,0.7794375092745589,0.7882061007008665,0.7783380547033321,0.8367180108578189,0.7736921414632604,0.8509701857236571,0.7698915479092603,0.771890969965396,0.7959474317674622,0.7997684590911508,0.8462575462177486,0.8075327357403694,0.8011201844336369,0.8379512617644416,0.8170610953271724,0.8444561953762768,0.814470555256268,0.7898959550003866,0.6950314678544528,1.0,0.7736073619060024,0.7859297767865224,0.7791285076551474,0.7677812358735788,0.8216376712946529,0.060731661412854354,0.8302496114767948,0.8028775588698724,0.7715617826765402,0.7876712625790905,0.8439972608265129,0.7515219531414563,0.850243132981588,0.767221549365357,0.823017576164242,0.8662908403764173,0.7790873141801546,0.7728026038979199,0.7775100796298959,0.8187826211818274,0.8176433975435964,0.775282624727454,0.786442127621413
0.7794031300538102,0.777486084911811,0.7533972275953262,0.8457874059909343,0.7670143941083452,0.7630757633272189,0.7617556921487638,0.8927388209660152,0.7814473667317454,0.8442976787687339,0.7722280229109284,0.831060918908906,0.7705107255784684,0.8439560263545588,0.8285585877504442,0.7711884446028201,0.7590919845071367,0.7752773472728081,0.7475285663012827,0.7686673051069928,0.7705269159204804,0.7518641317739717,0.7699410886022678,0.7691285766856808,0.7506505152722309,0.6701266559431882,0.7736073619060024,1.0,0.7888889110231603,0.7678333134822715,0.8331110926008066,0.7585994265177631,0.05609492673673733,0.7643781524123302,0.768849524217059,0.8051932571955959,0.7560529407184148,0.7735526242461774,0.7905985730062779,0.7729296192334544,0.8281262756130652,0.77546803246377,0.7742438018202709,0.9226732458861646,0.9080475940152861,0.7791273769404079,0.7803431095061477,0.7792968705561343,0.825426022082409,0.7849286063057913
0.7927253208184104,0.7861056261081084,0.767355226401915,0.7818036765814784,0.7881026748532824,0.7749030202800586,0.7787369320234697,0.7930505013538123,0.7959070946091873,0.7853970207866693,0.7818347525639002,0.7835808018747887,0.783524407053523,0.7794998459990037,0.7783554243186764,0.7878877569967233,0.7671878504017922,0.7876821108724246,0.7618177743790857,0.7844232437342666,0.7855010156080959,0.7610485441617874,0.7846402546996523,0.7784819138798821,0.7602972614457113,0.6744865697939955,0.7859297767865224,0.7888889110231603,1.0,0.7876757635336186,0.7824340289925488,0.7702302614847655,0.055097771058226774,0.7773034968338602,0.7800232371090531,0.7779120194204074,0.7759562474725041,0.7831918815686781,0.7630601316563376,0.7875872113468443,0.7748177199017665,0.7844373121378772,0.7803452104010606,0.7909699185677053,0.7881899793514118,0.8025601434495505,0.7860127796406834,0.785540240194248,0.7836767997637255,0.8619117756523137
0.8096000942836066,0.7815124425809934,0.773673320542497,0.7627064582045775,0.7768172222879486,0.7631333007868015,0.7741516091019058,0.7727621327305192,0.8132277781231536,0.7687751088464008,0.7804325281882891,0.7668038259121626,0.7845694778037753,0.760999486153142,0.7582362610200349,0.7823074749830007,0.7577030280643007,0.7852056243930328,0.7585314421572814,0.7791317579471863,0.7838885421757942,0.7587069803874328,0.7785486534011345,0.7767284358963302,0.75412170343914,0.6750951684330309,0.7791285076551474,0.7678333134822715,0.7876757635336186,1.0,0.7599992275996583,0.7597352211393593,0.05206995641029677,0.7741313404437892,0.7797841767710635,0.7651216757127995,0.7686973112178961,0.7739649996055221,0.7413856843688843,0.7928193138833685,0.7596496188816898,0.7804433226165269,0.7827684775005126,0.7735236094836179,0.7686797438617936,0.7870950807988923,0.7842696078637079,0.7835878553054062,0.7645352244243647,0.7883000859756444
0.7650548399063182,0.7683265609493616,0.7451891447447192,0.8322744453139321,0.7653628015366021,0.7576828266606067,0.749736910521539,0.8306985610305835,0.7718445879854903,0.8393406048460134,0.7640411558138145,0.8148551327725282,0.7631978899682247,0.827226497885553,0.8287042411728752,0.7600432600375835,0.7472602369385266,0.7686061789935377,0.7424620907423765,0.7572799855378871,0.7632084776775748,0.745608117447422,0.7663464331135359,0.7581295270821284,0.7413807900266043,0.6647345173618198,0.7677812358735788,0.8331110926008066,0.7824340289925488,0.7599992275996583,1.0,0.7542001604374826,0.06407302446255181,0.7605252627238506,0.7589359097769159,0.8025533540124827,0.7438495615411901,0.7552794215694162,0.7804444803766727,0.7687515832200411,0.8636973414153755,0.7666923563778066,0.7618308886816302,0.8336971949687566,0.8275666322247482,0.7727266257275417,0.7716975019197898,0.7714852578172926,0.8123904161222535,0.7767227721224359
0.7830253062699615,0.7947127905211379,0.7542132013817693,0.760573602225218,0.8092660134793139,0.7918065177670321,0.7748386591698566,0.7599759076704573,0.7700092962110738,0.7596586572361865,0.8087113193642227,0.760435479098072,0.8184416534208494,0.7581868243574159,0.7542120491704644,0.7746851801124207,0.8071849217913611,0.8168905349132864,0.8016972803755992,0.7797628052350346,0.81530775864024,0.8052581028651249,0.825765345601315,0.791169553711522,0.7933093946625571,0.6831432015012502,0.8216376712946529,0.7585994265177631,0.7702302614847655,0.7597352211393593,0.7542001604374826,1.0,0.0645975355117967,0.8193585481514236,0.7793636320746451,0.7499689247864042,0.7705152942089455,0.8149125794036017,0.7392420932564122,0.824075152809385,0.7482131784839989,0.8043311413560852,0.8241610466593516,0.760997357179584,0.7628083894462324,0.7680860284342481,0.7996883193697175,0.799548168704578,0.75380352937779,0.7648885910727461
0.051846620329407234,0.06340315784304895,0.05656145996422435,0.05476722836311998,0.06029680230881518,0.05216664282567274,0.06154809041304288,0.059862537906476665,0.05115291694512292,0.056268162978584835,0.05537120586619104,0.05905505652928533,0.061516368517067654,0.055947805971461095,0.05607867366882191,0.061171080526006616,0.06523778641889388,0.05689105608333056,0.06017679779965457,0.0599160010987031,0.06214312817924739,0.067049061175678,0.06492510071280189,0.055381025111097215,0.05286130373595965,0.05498661309049435,0.060731661412854354,0.05609492673673733,0.055097771058226774,0.05206995641029677,0.06407302446255181,0.0645975355117967,1.0,0.06174715001355735,0.054059104232336064,0.05568120749690175,0.060264503606615394,0.05678248025671828,0.056101406280328,0.06105525105758558,0.053639772402121144,0.061305315491368195,0.056609230541977085,0.05838044776398443,0.058825502799763174,0.05721950210089488,0.06469948616434396,0.06450913994759333,0.05353408853925967,0.05443752570592564
0.7813482722105938,0.8012955497533252,0.7592628826540628,0.7630814849335908,0.8224182857816642,0.8012299629228831,0.7924550870196924,0.7701760903086843,0.7791533447827039,0.761036481219583,0.8192705208069135,0.7638944149619227,0.8321722927519009,0.7612161015661878,0.7613666770297719,0.7915810679031936,0.8046443831112277,0.83612488187358,0.8047264314487215,0.7935629923442491,0.8332256293455362,0.8346117812053883,0.8622839387378239,0.7995876267599562,0.7829269360921536,0.6968589802505807,0.8302496114767948,0.7643781524123302,0.7773034968338602,0.7741313404437892,0.7605252627238506,0.8193585481514236,0.06174715001355735,1.0,0.7992551307407503,0.7731784842758079,0.7833121210144909,0.8200347077432302,0.758170142536633,0.829271487013062,0.7539967812477919,0.8139546809048843,0.8382963732429013,0.7689631633838745,0.7669285283711342,0.7718372480658141,0.8130839575617601,0.8135416813037609,0.7638261397720691,0.7808743784370407
0.782735053314016,0.8320955075270868,0.7539391624574384,0.762831002682616,0.798149057514753,0.8212591112800954,0.7824665224143694,0.7710403786904242,0.7868787788338402,0.7667575063670506,0.7992003273162335,0.7677935042913275,0.808959353618234,0.7620589002027134,0.7607950707091667,0.7883628598144296,0.8039918854741279,0.81212570850508,0.7841079366067881,0.7852631523323057,0.8020700290688696,0.7786741177837609,0.8022215561689332,0.8380797520597124,0.8195545457817579,0.7068847045364053,0.8028775588698724,0.768849524217059,0.7800232371090531,0.7797841767710635,0.7589359097769159,0.7793636320746451,0.054059104232336064,0.7992551307407503,1.0,0.7581898127397821,0.7739301252487939,0.7969996604175318,0.749331093725548,0.8097727101358291,0.7587280130567072,0.8162759626490896,0.8048909901952417,0.7692975494947696,0.766341142897384,0.7695208595757164,0.8215787220446515,0.821783409716784,0.7644713954164735,0.7789270473728456
0.7629411029280735,0.765377319317154,0.7510557837018762,0.8027630842413536,0.7664949836284891,0.757746865607274,0.7634040111112481,0.8090449842690404,0.7723326861582267,0.8156404400383117,0.7698386833779031,0.796941565751077,0.7613323393687377,0.8014542157704394,0.7970572591538554,0.7699665299312506,0.7540784618269613,0.77516570622415,0.7495168356386414,0.76782644995028,0.7690030220940076,0.7496568224767284,0.7677030779691163,0.7637291086711817,0.7449082192745655,0.6677469761861197,0.7715617826765402,0.8051932571955959,0.7779120194204074,0.7651216757127995,0.8025533540124827,0.7499689247864042,0.05568120749690175,0.7731784842758079,0.7581898127397821,1.0,0.7552607218805609,0.7563436506377944,0.7945195990095536,0.7713710876469123,0.7994208946113754,0.7706935450187633,0.7656523989222491,0.8125961142873093,0.8062448199610752,0.7680862246398994,0.7641813738517295,0.7634431086723692,0.8058749783632112,0.7765575326391922
0.7794378047634278,0.7756300254738075,0.7543867015588135,0.7554478874986291,0.7762309149981286,0.7701702009818748,0.9225528365667431,0.7604630260304795,0.7728175703433673,0.7516914332211351,0.7788808970682652,0.7548581887376282,0.7826416029072758,0.749731941295454,0.7470228528885998,0.8978187186114975,0.7684247230152186,0.799541638646644,0.7816148145703687,0.9173970121498078,0.7969525757832266,0.7745991845121775,0.7994461521616015,0.7809793523942011,0.7601744050116935,0.6780786314493763,0.7876712625790905,0.7560529407184148,0.7759562474725041,0.7686973112178961,0.7438495615411901,0.7705152942089455,0.060264503606615394,0.7833121210144909,0.7739301252487939,0.7552607218805609,1.0,0.7746434178988988,0.7316522290781773,0.7809710012704458,0.7401666764703787,0.7879001887115784,0.7852729794615895,0.759972887878406,0.7543816947842201,0.7631746456718902,0.7799815859549225,0.7805498157667409,0.7512124526131014,0.7738967322870176
0.7819855824869038,0.8137554507363081,0.7643966095279721,0.7610069162826287,0.8270138840817183,0.8007755322417054,0.7790012085718345,0.778044099016054,0.780836145355523,0.7659167000754206,0.8283165485911843,0.7662069325295161,0.8325750614227156,0.7617320538273431,0.763481207156152,0.7856713418943443,0.7940220050883148,0.8246760563227191,0.7930635640812171,0.7844530065636364,0.8216292483123532,0.8016919216978573,0.8249555618991679,0.8037993406288807,0.7878655664241526,0.7037637493370583,0.8439972608265129,0.7735526242461774,0.7831918815686781,0.7739649996055221,0.7552794215694162,0.8149125794036017,0.05678248025671828,0.8200347077432302,0.7969996604175318,0.7563436506377944,0.7746434178988988,1.0,0.7441280143153328,0.832891621034846,0.7607279266218525,0.8151510200176337,0.8619192130467334,0.7776869250965827,0.7692532698484108,0.775195239028926,0.8174306980228676,0.8168748697794699,0.7656603043591061,0.7811402923894608
0.7474212343264806,0.7492274088811439,0.7308228829574234,0.7848034722487301,0.7518255160047828,0.7525997709438224,0.7391761061250706,0.7932462506946067,0.7515646956305622,0.7973315019628144,0.7546938331304681,0.7908670631294135,0.7492149599343113,0.7848650505583957,0.7888341642363247,0.7459105000405531,0.7399947514399274,0.7541892826873055,0.7289380501985626,0.7423679382248001,0.7499939826739114,0.7316736342069257,0.7502370237523003,0.7480387599904466,0.7316030893303449,0.6554077197528109,0.7515219531414563,0.7905985730062779,0.7630601316563376,0.7413856843688843,0.7804444803766727,0.7392420932564122,0.056101406280328,0.758170142536633,0.749331093725548,0.7945195990095536,0.7316522290781773,0.7441280143153328,1.0,0.7575674553969061,0.7789226236631978,0.7576215017352497,0.748060369899506,0.7939167621543117,0.799422214110441,0.7580506316448127,0.754513501334826,0.7531974150391417,0.7895241932060117,0.7597238087164336
