../ecoli_genomes/GCF_000163235.1_ASM16323v1_genomic.fna.gz,../ecoli_genomes/GCF_000164555.1_ASM16455v1_genomic.fna.gz,../ecoli_genomes/GCF_000208545.1_ASM20854v2_genomic.fna.gz,../ecoli_genomes/GCF_000233875.1_ASM23387v1_genomic.fna.gz,../ecoli_genomes/GCF_000249735.1_ASM24973v2_genomic.fna.gz,../ecoli_genomes/GCF_000261145.1_Esch_coli_M919_V2_genomic.fna.gz,../ecoli_genomes/GCF_000267705.2_ASM26770v2_genomic.fna.gz,../ecoli_genomes/GCF_000350665.1_Esch_coli_KTE5_V1_genomic.fna.gz,../ecoli_genomes/GCF_000351625.1_Esch_coli_KTE66_V1_genomic.fna.gz,../ecoli_genomes/GCF_000352285.1_Esch_coli_KTE46_V1_genomic.fna.gz,../ecoli_genomes/GCF_000358895.1_ASM35889v1_genomic.fna.gz,../ecoli_genomes/GCF_000456385.1_Esch_coli_HVH_26_4-5703913_V1_genomic.fna.gz,../ecoli_genomes/GCF_000458195.1_Esch_coli_HVH_147_4-5893887_V1_genomic.fna.gz,../ecoli_genomes/GCF_000459755.1_Esch_coli_KOEGE_58_171a_V1_genomic.fna.gz,../ecoli_genomes/GCF_000460055.1_Esch_coli_UMEA_3053-1_V1_genomic.fna.gz,../ecoli_genomes/GCF_000462165.2_ASM46216v2_genomic.fna.gz,../ecoli_genomes/GCF_000601135.1_ASM60113v1_genomic.fna.gz,../ecoli_genomes/GCF_000614595.1_Ec2010EL1058_genomic.fna.gz,../ecoli_genomes/GCF_000617745.1_Ec2010C-4529_genomic.fna.gz,../ecoli_genomes/GCF_000618265.2_EcF6751_genomic.fna.gz,../ecoli_genomes/GCF_000619005.2_Ec2009C-4052_genomic.fna.gz,../ecoli_genomes/GCF_000619105.1_Ec2009C-4780_genomic.fna.gz,../ecoli_genomes/GCF_000619765.2_Ec2009C-3279_genomic.fna.gz,../ecoli_genomes/GCF_000687005.1_ASM68700v1_genomic.fna.gz,../ecoli_genomes/GCF_000687025.1_ASM68702v1_genomic.fna.gz,../ecoli_genomes/GCF_000700125.1_ASM70012v1_genomic.fna.gz,../ecoli_genomes/GCF_000753315.1_FHI35_genomic.fna.gz,../ecoli_genomes/GCF_000776375.1_ASM77637v1_genomic.fna.gz,../ecoli_genomes/GCF_000779395.1_ASM77939v1_genomic.fna.gz,../ecoli_genomes/GCF_000780315.1_ASM78031v1_genomic.fna.gz,../ecoli_genomes/GCF_000781995.1_ASM78199v1_genomic.fna.gz,../ecoli_genomes/GCF_000986765.1_ASM98676v1_genomic.fna.gz,../ecoli_genomes/GCF_001041375.1_ViralProj287958_genomic.fna.gz,../ecoli_genomes/GCF_001265335.1_302014_genomic.fna.gz,../ecoli_genomes/GCF_001265625.1_100854_genomic.fna.gz,../ecoli_genomes/GCF_001267345.1_303289_genomic.fna.gz,../ecoli_genomes/GCF_001309985.1_ASM130998v1_genomic.fna.gz,../ecoli_genomes/GCF_001521695.1_ASM152169v1_genomic.fna.gz,../ecoli_genomes/GCF_001592595.1_ASM159259v1_genomic.fna.gz,../ecoli_genomes/GCF_001614975.1_ASM161497v1_genomic.fna.gz,../ecoli_genomes/GCF_001692775.1_ASM169277v1_genomic.fna.gz,../ecoli_genomes/GCF_001748915.1_ASM174891v1_genomic.fna.gz,../ecoli_genomes/GCF_001749235.1_ASM174923v1_genomic.fna.gz,../ecoli_genomes/GCF_001881155.1_ASM188115v1_genomic.fna.gz,../ecoli_genomes/GCF_001881345.1_ASM188134v1_genomic.fna.gz,../ecoli_genomes/GCF_001892405.1_ASM189240v1_genomic.fna.gz,../ecoli_genomes/GCF_001892585.1_ASM189258v1_genomic.fna.gz,../ecoli_genomes/GCF_001893985.1_ASM189398v1_genomic.fna.gz,../ecoli_genomes/GCF_002001595.1_ASM200159v1_genomic.fna.gz,../ecoli_genomes/GCF_002002145.1_ASM200214v1_genomic.fna.gz
1.0,0.79593200514399,0.7779917450864575,0.7738597815148348,0.7571145406975913,0.7790149042880363,0.7675924009175625,0.7760157182023754,0.8063478396233661,0.7768126596640386,0.787166264659518,0.7781349806148752,0.7806904222392598,0.7637908560193383,0.7662263914750126,0.771515878339211,0.7388123131462514,0.7852736984163313,0.74044269364382,0.775172617329524,0.7774631729848627,0.7531460146930944,0.7898915320683788,0.7570932657830691,0.7387374433864823,0.6857816607436471,0.783809844819014,0.7670135679467327,0.7958066182832947,0.8096821713734763,0.7651074751124459,0.778846785249582,0.07588868344960786,0.7829397413196686,0.777894613302175,0.7582939291057358,0.7601837980941253,0.7959559122134784,0.6377350535912722,0.7862599175029485,0.755442022839406,0.7847752490160412,0.7914140505084818,0.7732511030603375,0.7772466044622698,0.7780363244120136,0.7916245972933711,0.7908551189843557,0.7633741448111295,0.8011117007928603
0.79593200514399,1.0,0.7736940941179803,0.7671797416265234,0.7740469846295368,0.8279453698871458,0.7839192298087798,0.7787854006781574,0.7947998638706559,0.7764597624693104,0.8117412005133511,0.7661892626571838,0.8003907774716081,0.7581305622402956,0.754810408198716,0.7833892454889028,0.7562966655938507,0.8034382789057908,0.7544082318388521,0.7906476322894276,0.8026063333765969,0.770389438068346,0.8061331637508385,0.794633688095365,0.7786749410885376,0.70112109298375,0.808114948605515,0.767255489560303,0.7831774910540548,0.7868043787006143,0.7542235902867283,0.7928692763349554,0.07633520335312138,0.8015021505665719,0.8360912121224493,0.7572634117928264,0.7721718013357084,0.8147243497761381,0.6226459357276348,0.8111651034961082,0.7548354456105077,0.8166519571334765,0.8103260151898903,0.7779660784867924,0.7774861863463233,0.7713247711016135,0.8272604526436772,0.8278170525331287,0.772414417537628,0.781328310582338
0.7779917450864575,0.7736940941179803,1.0,0.7588609926230478,0.7323739852295553,0.751121242776201,0.7604965259786555,0.7576080861114698,0.7784080570563784,0.7567515644852607,0.765655602985352,0.7571402914416876,0.7623830721958602,0.7514866836034827,0.7552855350220045,0.7574029906708917,0.7194524203601274,0.7642152534816566,0.7185933749014624,0.7665392626971068,0.7709269105804992,0.7366397296708218,0.7729206783602977,0.7318315262374754,0.7186580585070498,0.6647827440031122,0.7716401404609768,0.7515291730830131,0.7747208254761305,0.772988711652892,0.7506453613569616,0.7546744052319828,0.07689173248288916,0.7706390946067246,0.7544183351597591,0.7501570536658173,0.7484720041042147,0.7652864677636553,0.6167056943106368,0.7746952728660127,0.7439073801740206,0.760532139187613,0.7735042435815835,0.759323903044661,0.758161793334837,0.7648722072542277,0.7725196291667826,0.7720198321684089,0.7586449505203734,0.7749406827677646
0.7738597815148348,0.7671797416265234,0.7588609926230478,1.0,0.7490253494607535,0.7579179968694764,0.7514896501054216,0.8375933598052616,0.7790287142002913,0.8436887630923235,0.7731113614472697,0.8334248791570865,0.765031488418097,0.8502392434002425,0.8582646970294445,0.7533647212253272,0.7188937082816391,0.767723622809328,0.7227675503159974,0.7587613622053431,0.766399204285493,0.7340633790084842,0.7709776214927271,0.7300331365444387,0.7162566876682916,0.6656179062152774,0.7671443712503554,0.8483838564988108,0.7789383758815119,0.7711677009729088,0.8294798117361605,0.7598500645692092,0.07009129502454081,0.7599001564181432,0.7526423177691929,0.7926357202484748,0.7430997120563391,0.7648283250171971,0.6631210504347391,0.7650990983793704,0.8343238357265752,0.7590531017064204,0.7686022888399222,0.8585357568016608,0.8528052676423981,0.7677313191750833,0.7647579277888092,0.7663700541779975,0.8185271248755013,0.7801380535646346
0.7571145406975913,0.7740469846295368,0.7323739852295553,0.7490253494607535,1.0,0.7784214228240176,0.7463326243737411,0.7450487470851821,0.7592389677737378,0.7460058898340284,0.7898438962845163,0.7387409708061594,0.7820314815388626,0.7337227110071408,0.7408691913852071,0.7495496638236971,0.7376673770319886,0.7760528648972561,0.733588148160889,0.7510649020017293,0.772402308606041,0.7449441340933185,0.7770039751200235,0.7485644044462924,0.729058853308049,0.6823670564969346,0.7790283560914202,0.7316898445306956,0.7539047830278534,0.7458654747219011,0.7348557500955171,0.7786726046041337,0.07476458911986872,0.7750944720919817,0.7651755705273249,0.7342406812091758,0.739909737654322,0.7884722730880621,0.6373041432151809,0.778281439619515,0.7396197805927553,0.7734282945789321,0.7839694124935256,0.7416686572472302,0.7436243345786255,0.7381932767438828,0.7838769417281747,0.78395146287937,0.7339154941089732,0.7487954912646126
0.7790149042880363,0.8279453698871458,0.751121242776201,0.7579179968694764,0.7784214228240176,1.0,0.7832202557503998,0.7738041366205823,0.778793058952545,0.7622796145530142,0.7926003907690045,0.7524918312302673,0.7827086113402655,0.7521434578427932,0.7493488522599585,0.7851530720963963,0.7554795643457444,0.7974595378666876,0.7528235503379384,0.7851927589420804,0.7882170770238801,0.7772986842374053,0.7966410015125481,0.7994365611439789,0.7790668191064558,0.7038521871230552,0.787201684536217,0.7541977449144623,0.7693976140721237,0.7653232448110198,0.745600318834897,0.7863972565114636,0.07865059950901876,0.7919877276200304,0.8233218652125089,0.7564287806043302,0.7710195899049919,0.7947745158886541,0.6263634038984691,0.7894583900917513,0.745078727075115,0.8193752324097239,0.7894622437282088,0.7657085127265273,0.7670892395026911,0.7626677660356909,0.8133942551859917,0.8145462468814129,0.7535177920411913,0.7724033619574118
0.7675924009175625,0.7839192298087798,0.7604965259786555,0.7514896501054216,0.7463326243737411,0.7832202557503998,1.0,0.7519092803470517,0.7723150655931545,0.746427030467451,0.7776981209902669,0.7423570180765314,0.7754622702120025,0.7405072703088713,0.744467405600832,0.8897780137634848,0.7213094085676521,0.8109231268771978,0.7597432261681225,0.9425335318540354,0.8038663101912532,0.7711729600048892,0.8095049541700503,0.7467992761142013,0.7279216748909234,0.66229844812088,0.7854145142179316,0.7403197677614899,0.7749963798995975,0.7663826999202865,0.7383668222287911,0.7724190023767773,0.06740672464535313,0.7830162597129883,0.7767689280457041,0.7530961334973808,0.9174060182985481,0.7745758750529662,0.6205516297572162,0.7873035894839165,0.7308906316423284,0.7781358804140759,0.782991562292019,0.75126375989498,0.7518457258127622,0.7549763594691644,0.7787427834401544,0.7783881297185034,0.7428013599292622,0.7758023964966458
0.7760157182023754,0.7787854006781574,0.7576080861114698,0.8375933598052616,0.7450487470851821,0.7738041366205823,0.7519092803470517,1.0,0.7720683034223874,0.8329624520111382,0.7727590449506436,0.8205776846875045,0.768724974382189,0.8244775199826126,0.819581385451661,0.7538635635315634,0.7218729841096955,0.7669910325670036,0.7304972159278647,0.7579695858107462,0.7700137571206013,0.7420354664457652,0.7702358609113502,0.7418837066493837,0.7221308634365302,0.6711832660650597,0.7709770194787476,0.8770004181295534,0.7726085220193544,0.7711986896910843,0.8188606010862708,0.7623581440404437,0.07189405159895934,0.7657988363811564,0.7626512856770418,0.7905830665097651,0.7421146732022177,0.7762665828815456,0.6531253021962649,0.7734840813369053,0.817873101832211,0.7673454613382269,0.770672813114228,0.8896497050597261,0.8789994596176972,0.7646874845486276,0.7688473942325014,0.7691860451816748,0.8124749918909738,0.7725113413890858
0.8063478396233661,0.7947998638706559,0.7784080570563784,0.7790287142002913,0.7592389677737378,0.778793058952545,0.7723150655931545,0.7720683034223874,1.0,0.7794031296768418,0.7953636622734852,0.763167353412282,0.7872069679094169,0.7647929142986478,0.770027217849655,0.7777780393548983,0.7240410570880405,0.7830176619190093,0.7371264082958326,0.7792472769888197,0.7836463752283194,0.7553646145242985,0.7875432033664218,0.74654983022695,0.7249839918404417,0.6699973003864703,0.7880678370300718,0.765481543451254,0.7935143054189137,0.8128334504853496,0.768077520690233,0.767294206191937,0.07467452053490453,0.7790363875751112,0.7775676009186775,0.7626315585753911,0.7640741052994169,0.7802837124887527,0.6201859635873984,0.7922560302998859,0.7627527618033401,0.785143976452176,0.7930430979784331,0.7747989529146656,0.7721537561626202,0.77813714108826,0.792060172507638,0.7911038500816744,0.7675780415684117,0.8017162295921061
0.7768126596640386,0.7764597624693104,0.7567515644852607,0.8436887630923235,0.7460058898340284,0.7622796145530142,0.746427030467451,0.8329624520111382,0.7794031296768418,1.0,0.7776828942070834,0.8256897712979892,0.7674249556282934,0.8325768989539956,0.8351872315984927,0.7491250973928048,0.7109719774349894,0.7675130341825459,0.7266623160189203,0.7528649838956261,0.7636512443101166,0.7389895981087936,0.7677901175276164,0.7281776310284557,0.7129808064376466,0.6613536936304547,0.7714977037728228,0.8379758040692735,0.7751520710601262,0.7766096028122593,0.8400946032727195,0.7533977174242346,0.07510968386294592,0.7599720213876616,0.7585342655822147,0.7947335894358258,0.736135733773364,0.7718844637100499,0.6578190867116578,0.7743508260807808,0.8373742735821621,0.7638035061148805,0.7730571612672262,0.8434309914426886,0.8408656863292384,0.7630674142535824,0.7698633399330926,0.7707977611159779,0.825551577422005,0.772746930092703
0.787166264659518,0.8117412005133511,0.765655602985352,0.7731113614472697,0.7898438962845163,0.7926003907690045,0.7776981209902669,0.7727590449506436,0.7953636622734852,0.7776828942070834,1.0,0.7647532487720405,0.8427222616471784,0.7654387064461945,0.7630217814085876,0.7842614680826672,0.7351471571457138,0.8211630902380598,0.7798268750911796,0.7854720432011304,0.8206533187385253,0.8103808805616812,0.8328145327592885,0.7637820819105018,0.7412110299139831,0.6867359570692728,0.833517245889919,0.7666526237126006,0.7825161202700841,0.7821758377443669,0.7626927489349136,0.8060357413863093,0.07484788487830218,0.8220887352400954,0.8055228900289486,0.7626393974550368,0.7726190242465357,0.8222387162267542,0.6289782608503094,0.842975211338573,0.7519106232525712,0.8076947236870611,0.833645793660266,0.7717943625538106,0.7722162366350038,0.7674672117589779,0.8147843024616005,0.8131432311902007,0.7674305493287086,0.7846292707774083
0.7781349806148752,0.7661892626571838,0.7571402914416876,0.8334248791570865,0.7387409708061594,0.7524918312302673,0.7423570180765314,0.8205776846875045,0.763167353412282,0.8256897712979892,0.7647532487720405,1.0,0.7559415028799475,0.8175008898623173,0.8453612103009946,0.7431468585259315,0.7160030111544806,0.7618717967218247,0.7224591950437445,0.7466659484663417,0.7597326369918658,0.7377256165836494,0.7647870168775925,0.7285196550471866,0.7146956539706276,0.6684116822034131,0.7601347196955045,0.819583109694011,0.7750155536437029,0.7611878777573758,0.8133069804921007,0.7576166772743649,0.07502742025642573,0.7610514534809688,0.7459186775464242,0.7828245817875068,0.7324144009530058,0.7649527258276909,0.6697350057990801,0.7595191838722402,0.8104694659499613,0.7602458264880131,0.7662853905862369,0.8285225575340395,0.8273657715570759,0.7642202267858752,0.7643237923986221,0.765165186232166,0.8008614151513552,0.7720514298549737
0.7806904222392598,0.8003907774716081,0.7623830721958602,0.765031488418097,0.7820314815388626,0.7827086113402655,0.7754622702120025,0.768724974382189,0.7872069679094169,0.7674249556282934,0.8427222616471784,0.7559415028799475,1.0,0.7539190243828036,0.7598876646316988,0.7809217749038412,0.7358711198638548,0.8168029091581406,0.8104313283024547,0.783439684446285,0.818692446803453,0.8238752203224963,0.8339354731505508,0.7609985840093318,0.7365742962681573,0.681961068579352,0.8399579732132061,0.7546631350841041,0.779994796473642,0.7820278674655685,0.7549253210204954,0.8170992089893471,0.06503408870350935,0.8260415663012926,0.7911577297890175,0.7526887639554093,0.7715947724397894,0.828317004037783,0.6219183124812487,0.8395120688076247,0.7484074506962375,0.796456574921129,0.8335742390805174,0.7631327569086865,0.7619901206566224,0.7656580511895167,0.7998943671206732,0.7990265977036155,0.7570255223920979,0.7795392562566895
0.7637908560193383,0.7581305622402956,0.7514866836034827,0.8502392434002425,0.7337227110071408,0.7521434578427932,0.7405072703088713,0.8244775199826126,0.7647929142986478,0.8325768989539956,0.7654387064461945,0.8175008898623173,0.7539190243828036,1.0,0.8457891827594265,0.7415892233956888,0.7030586377639589,0.7581859534461806,0.7197335896331736,0.7469815977291309,0.7547576667255447,0.7355869743281027,0.7623609874454966,0.7171904826391003,0.7045696739466629,0.6530743375385937,0.7578881937671571,0.8418327981856832,0.7728892563536219,0.7617881760656815,0.8260273782789436,0.7483940585421733,0.06703430804696942,0.7519729870438722,0.746074253530637,0.784859252513153,0.7312182972061804,0.7571854625188019,0.6363420369112358,0.7536341109269723,0.8240759179616978,0.7501586566473089,0.7570808288843548,0.8440083417933235,0.8360836115467545,0.7656025486567303,0.7571970272138919,0.7577659055609358,0.8118653387881432,0.7748914714072456
0.7662263914750126,0.754810408198716,0.7552855350220045,0.8582646970294445,0.7408691913852071,0.7493488522599585,0.744467405600832,0.819581385451661,0.770027217849655,0.8351872315984927,0.7630217814085876,0.8453612103009946,0.7598876646316988,0.8457891827594265,1.0,0.7473284283341182,0.7071815658421204,0.7596320668120546,0.7172612192216887,0.7510296968936245,0.7573197948919018,0.733010841175359,0.765761021420442,0.7200175430980844,0.7054279513183692,0.6541553843230574,0.7606018669405157,0.8231840635519645,0.7740363986227274,0.7635918471263721,0.8364582460812097,0.7525871334423619,0.06554103477644191,0.7573193592282841,0.7404150244223305,0.7865178606648849,0.7350672728371227,0.7573601627512285,0.6562000311418299,0.7591599008618368,0.8374078548031314,0.7524575431499272,0.7624009218579632,0.8267869008024662,0.8220898343805816,0.7651580907295441,0.7563617286832975,0.7566208683497422,0.809967146719576,0.7780881436705396
0.771515878339211,0.7833892454889028,0.7574029906708917,0.7533647212253272,0.7495496638236971,0.7851530720963963,0.8897780137634848,0.7538635635315634,0.7777780393548983,0.7491250973928048,0.7842614680826672,0.7431468585259315,0.7809217749038412,0.7415892233956888,0.7473284283341182,1.0,0.721496187558659,0.7964963009045393,0.7534794565511608,0.9006983387777489,0.7882975384866808,0.7786891149314112,0.8020270554392909,0.7505937747107556,0.7328605341100867,0.669110340465707,0.7789803305119936,0.7420493508780068,0.7751296296935499,0.7747885896411527,0.741171368639648,0.7757933317488872,0.0700013669234506,0.7791246876493281,0.777863845826299,0.7508360705874707,0.8956313082507156,0.7752795815962779,0.6181433768614452,0.7865846747293306,0.7331194902038258,0.7780461745804335,0.7784408443458812,0.7499912206787591,0.7529798107362002,0.7568262000934983,0.7781127896205156,0.7779462949715893,0.7434428268284392,0.7754215706040442
0.7388123131462514,0.7562966655938507,0.7194524203601274,0.7188937082816391,0.7376673770319886,0.7554795643457444,0.7213094085676521,0.7218729841096955,0.7240410570880405,0.7109719774349894,0.7351471571457138,0.7160030111544806,0.7358711198638548,0.7030586377639589,0.7071815658421204,0.721496187558659,1.0,0.7342471402200416,0.696852265520584,0.7261600485430835,0.7309610224591969,0.709850747365571,0.7412237848742516,0.8147777208046737,0.8177406156014393,0.8125451205163665,0.735073272212627,0.7040249611177558,0.7255419715497873,0.7221439054462753,0.7031847806899476,0.7698382889336705,0.07056109800617305,0.7393385639884779,0.7511042139342007,0.7077292599813965,0.7153518767730567,0.7383954804410345,0.5953280318989079,0.7386943634400613,0.7003554993029899,0.7545114343781363,0.7409296246475389,0.726430572160214,0.7254506091764443,0.7146651876909924,0.7575762433095676,0.7603165896807665,0.7086421627004378,0.7248687726969909
0.7852736984163313,0.8034382789057908,0.7642152534816566,0.767723622809328,0.7760528648972561,0.7974595378666876,0.8109231268771978,0.7669910325670036,0.7830176619190093,0.7675130341825459,0.8211630902380598,0.7618717967218247,0.8168029091581406,0.7581859534461806,0.7596320668120546,0.7964963009045393,0.7342471402200416,1.0,0.7982459245832852,0.8150004060736644,0.8420809935635638,0.8030866895297747,0.8451994729372968,0.7631246026542442,0.7407682302787592,0.6816680917902769,0.8323146024874282,0.7580625543011913,0.784047548909802,0.7780037383256171,0.7551696880317251,0.8012461348412931,0.06817273384249156,0.8151885703291937,0.7999552622455725,0.7664347058142813,0.8000388632819269,0.8115857353328254,0.6405685144431167,0.8299341664159855,0.7489565981487424,0.8084743713128703,0.8264631524954288,0.7657324509297067,0.7662410935933426,0.7707500238618631,0.8165682780413869,0.8152140223292456,0.7585457426268037,0.7885606255768662
0.74044269364382,0.7544082318388521,0.7185933749014624,0.7227675503159974,0.733588148160889,0.7528235503379384,0.7597432261681225,0.7304972159278647,0.7371264082958326,0.7266623160189203,0.7798268750911796,0.7224591950437445,0.8104313283024547,0.7197335896331736,0.7172612192216887,0.7534794565511608,0.696852265520584,0.7982459245832852,1.0,0.7615737845746566,0.785907678930138,0.8125229237581366,0.7907464416946722,0.7207536570830457,0.7055611004703829,0.6485394747575841,0.7851779796252296,0.7226004323501378,0.7408532802280912,0.7302205523559893,0.7172255953310935,0.7886401298757985,0.0690575551002286,0.7807865902325002,0.7486030717739102,0.7252892135691453,0.7506025652233094,0.7817464334984132,0.6207893867485128,0.7843093589380039,0.7104094882929075,0.7519995775622221,0.7760032055988169,0.7289723425360066,0.7307946752473564,0.7304133544040079,0.763281934611397,0.7635287681218693,0.7183191817154717,0.7361695655986786
0.775172617329524,0.7906476322894276,0.7665392626971068,0.7587613622053431,0.7510649020017293,0.7851927589420804,0.9425335318540354,0.7579695858107462,0.7792472769888197,0.7528649838956261,0.7854720432011304,0.7466659484663417,0.783439684446285,0.7469815977291309,0.7510296968936245,0.9006983387777489,0.7261600485430835,0.8150004060736644,0.7615737845746566,1.0,0.8086332470361276,0.7756047894629008,0.8159402468471509,0.746956024038565,0.7325654703742939,0.666603598944602,0.7928006090504504,0.7457887106036623,0.7826444943607729,0.7760015747177542,0.7437449192645944,0.7786912873428595,0.06980600291415673,0.7865249977686559,0.782863994290921,0.757168764940339,0.9189140549938334,0.7808985492791666,0.6222691360639612,0.7975944489814908,0.7350575351423081,0.7846678306897769,0.789260947712213,0.7561250984618022,0.7571840968833078,0.7629488141566758,0.7868226177530837,0.7865212705244335,0.7504546375640394,0.7835805965401659
0.7774631729848627,0.8026063333765969,0.7709269105804992,0.766399204285493,0.772402308606041,0.7882170770238801,0.8038663101912532,0.7700137571206013,0.7836463752283194,0.7636512443101166,0.8206533187385253,0.7597326369918658,0.818692446803453,0.7547576667255447,0.7573197948919018,0.7882975384866808,0.7309610224591969,0.8420809935635638,0.785907678930138,0.8086332470361276,1.0,0.8038464035218865,0.8477828594102056,0.7590651208320017,0.7399010121447955,0.682353682016541,0.8318312584287397,0.7565183640670867,0.7811433714473501,0.7756278232673237,0.7533390382358712,0.8083053013980885,0.07257148854737516,0.8229762181228673,0.7918063675688712,0.7703341325618747,0.7902555347926199,0.8152283611229454,0.630953722074123,0.8376548726348907,0.749738822695653,0.7911033589560572,0.8261892315355976,0.765488329571502,0.7665677353359821,0.7725399012796949,0.8116966397139406,0.8100527688238568,0.7638342184182744,0.7893711211652319
0.7531460146930944,0.770389438068346,0.7366397296708218,0.7340633790084842,0.7449441340933185,0.7772986842374053,0.7711729600048892,0.7420354664457652,0.7553646145242985,0.7389895981087936,0.8103808805616812,0.7377256165836494,0.8238752203224963,0.7355869743281027,0.733010841175359,0.7786891149314112,0.709850747365571,0.8030866895297747,0.8125229237581366,0.7756047894629008,0.8038464035218865,1.0,0.8496331077655417,0.7493154366750321,0.7286052063966058,0.6712853239101102,0.8070494245766159,0.7334269780821452,0.7552004698424237,0.750751781726053,0.7294478745260227,0.8021137645449883,0.07100498880034078,0.8213409624917467,0.7669744651292469,0.7389389210897493,0.7681989973492337,0.8014662294383856,0.6122794347151298,0.8068503504201299,0.7198194686830557,0.773558188562941,0.8002382972590727,0.7396944615510337,0.7428304691895486,0.7506157577817661,0.7775369051318798,0.7770281264869402,0.7321446296555449,0.7596900658397331
0.7898915320683788,0.8061331637508385,0.7729206783602977,0.7709776214927271,0.7770039751200235,0.7966410015125481,0.8095049541700503,0.7702358609113502,0.7875432033664218,0.7677901175276164,0.8328145327592885,0.7647870168775925,0.8339354731505508,0.7623609874454966,0.765761021420442,0.8020270554392909,0.7412237848742516,0.8451994729372968,0.7907464416946722,0.8159402468471509,0.8477828594102056,0.8496331077655417,1.0,0.7614304524676169,0.7448769463246153,0.6830286564993843,0.8419274141251717,0.7596833579782809,0.7865187240717307,0.781508016379113,0.7588939740792147,0.8197144932663873,0.07134971021499625,0.8554325974690764,0.7981610232757121,0.7656598892480625,0.7996678355872131,0.8256937417913089,0.6364689104028431,0.8409265833803417,0.7507207753179138,0.8052659918971005,0.8368974140540261,0.7675911826723623,0.7697391479717887,0.7736248417609086,0.8163645519858443,0.8164797226275542,0.76554742614041,0.7885233770914657
0.7570932657830691,0.794633688095365,0.7318315262374754,0.7300331365444387,0.7485644044462924,0.7994365611439789,0.7467992761142013,0.7418837066493837,0.74654983022695,0.7281776310284557,0.7637820819105018,0.7285196550471866,0.7609985840093318,0.7171904826391003,0.7200175430980844,0.7505937747107556,0.8147777208046737,0.7631246026542442,0.7207536570830457,0.746956024038565,0.7590651208320017,0.7493154366750321,0.7614304524676169,1.0,0.8332127731897729,0.7874377202234781,0.7610055752867623,0.7196082771603496,0.738814488430292,0.7474250449346471,0.7121521957200382,0.7770633606979119,0.06546966563358403,0.7588177834969263,0.8017598372753881,0.723216918401162,0.738884523795745,0.7617137625484671,0.6005861712224279,0.7608869403972744,0.7141712855272572,0.7770370422011215,0.7601862902080332,0.741311650542583,0.7411593402842727,0.7355731913719346,0.7760174815625863,0.778208393477253,0.7237281172855698,0.7450810705476232
0.7387374433864823,0.7786749410885376,0.7186580585070498,0.7162566876682916,0.729058853308049,0.7790668191064558,0.7279216748909234,0.7221308634365302,0.7249839918404417,0.7129808064376466,0.7412110299139831,0.7146956539706276,0.7365742962681573,0.7045696739466629,0.7054279513183692,0.7328605341100867,0.8177406156014393,0.7407682302787592,0.7055611004703829,0.7325654703742939,0.7399010121447955,0.7286052063966058,0.7448769463246153,0.8332127731897729,1.0,0.8067868406629626,0.7420124283937837,0.7022306456692402,0.7205885170630535,0.7209726410073237,0.6969470763099063,0.7762207184841362,0.07125057838056259,0.7417216027429832,0.7749583349585121,0.7042162315051825,0.7229754480308086,0.7483535859736119,0.5902619876074466,0.7408814842096374,0.6953853543102749,0.755096113891899,0.7441564647552721,0.7269416899827272,0.7265716519880734,0.7239565522108206,0.7586360164117352,0.7616973176301358,0.7121547473760026,0.7258385017332284
0.6857816607436471,0.70112109298375,0.6647827440031122,0.6656179062152774,0.6823670564969346,0.7038521871230552,0.66229844812088,0.6711832660650597,0.6699973003864703,0.6613536936304547,0.6867359570692728,0.6684116822034131,0.681961068579352,0.6530743375385937,0.6541553843230574,0.669110340465707,0.8125451205163665,0.6816680917902769,0.6485394747575841,0.666603598944602,0.682353682016541,0.6712853239101102,0.6830286564993843,0.7874377202234781,0.8067868406629626,1.0,0.6854402459662119,0.6519041715735281,0.669493889662085,0.6716664067429509,0.6522213719713446,0.7072325385855008,0.06675834613583775,0.6826424840179596,0.7016371290346309,0.6545228308777337,0.6595573745694201,0.6934496913475154,0.5606925679804716,0.6917679668418568,0.6491524966792792,0.6956434157558518,0.6854923660342926,0.6771925958071696,0.6731287313737002,0.6715655265584719,0.7013619023875435,0.7037754524478239,0.6596751054243002,0.6772603728603908
0.783809844819014,0.808114948605515,0.7716401404609768,0.7671443712503554,0.7790283560914202,0.787201684536217,0.7854145142179316,0.7709770194787476,0.7880678370300718,0.7714977037728228,0.833517245889919,0.7601347196955045,0.8399579732132061,0.7578881937671571,0.7606018669405157,0.7789803305119936,0.735073272212627,0.8323146024874282,0.7851779796252296,0.7928006090504504,0.8318312584287397,0.8070494245766159,0.8419274141251717,0.7610055752867623,0.7420124283937837,0.6854402459662119,1.0,0.7589916193813009,0.7875176628432821,0.7794009090875518,0.7610359265315106,0.8136223954393613,0.06951850766701684,0.8276403800192107,0.7942044172857234,0.759750903161157,0.7769967734556359,0.8547967275263383,0.6288197645689821,0.850933191974242,0.7563889839743105,0.8073773306912364,0.8624650730399352,0.7680756114548302,0.7650183450662379,0.77208064988384,0.8135675376920722,0.8130762084009611,0.7664759438357269,0.7860289614713841
0.7670135679467327,0.767255489560303,0.7515291730830131,0.8483838564988108,0.7316898445306956,0.7541977449144623,0.7403197677614899,0.8770004181295534,0.765481543451254,0.8379758040692735,0.7666526237126006,0.819583109694011,0.7546631350841041,0.8418327981856832,0.8231840635519645,0.7420493508780068,0.7040249611177558,0.7580625543011913,0.7226004323501378,0.7457887106036623,0.7565183640670867,0.7334269780821452,0.7596833579782809,0.7196082771603496,0.7022306456692402,0.6519041715735281,0.7589916193813009,1.0,0.7718764967163134,0.7634130798255417,0.8254459885822988,0.7501534353220309,0.07144852361984466,0.7517913499352493,0.7460278683914646,0.7830074668484808,0.7292461582301266,0.7647118708173855,0.6488791729799442,0.7587103441045879,0.8197611512078752,0.7492994262423482,0.7592144607577015,0.9178034041525307,0.9037327118799999,0.7601989722524305,0.7613848743712073,0.7606380817986695,0.8164395765759866,0.764476275137709
0.7958066182832947,0.7831774910540548,0.7747208254761305,0.7789383758815119,0.7539047830278534,0.7693976140721237,0.7749963798995975,0.7726085220193544,0.7935143054189137,0.7751520710601262,0.7825161202700841,0.7750155536437029,0.779994796473642,0.7728892563536219,0.7740363986227274,0.7751296296935499,0.7255419715497873,0.784047548909802,0.7408532802280912,0.7826444943607729,0.7811433714473501,0.7552004698424237,0.7865187240717307,0.738814488430292,0.7205885170630535,0.669493889662085,0.7875176628432821,0.7718764967163134,1.0,0.7837943521650879,0.7695953673319508,0.7668038466610742,0.08410876417966984,0.7773703410740067,0.7662543636700768,0.7658641778367916,0.7643364457889801,0.7858280966420255,0.6252490376772291,0.7890078134435291,0.7643263834586611,0.7720062181927583,0.7857114591211144,0.7775185409209107,0.7748476916719054,0.8025733908991739,0.7824187299316367,0.7817270094405389,0.7735784747157202,0.8598928178401063
0.8096821713734763,0.7868043787006143,0.772988711652892,0.7711677009729088,0.7458654747219011,0.7653232448110198,0.7663826999202865,0.7711986896910843,0.8128334504853496,0.7766096028122593,0.7821758377443669,0.7611878777573758,0.7820278674655685,0.7617881760656815,0.7635918471263721,0.7747885896411527,0.7221439054462753,0.7780037383256171,0.7302205523559893,0.7760015747177542,0.7756278232673237,0.750751781726053,0.781508016379113,0.7474250449346471,0.7209726410073237,0.6716664067429509,0.7794009090875518,0.7634130798255417,0.7837943521650879,1.0,0.7660425900526305,0.760511729455617,0.06833005364520917,0.7678821759824371,0.7732469610823337,0.7584609808862808,0.7606779265225493,0.7756336209119437,0.6245929373345099,0.7882208665325201,0.7603110340896642,0.7750753745342945,0.7822634849660959,0.7721412863708849,0.769483730841495,0.7851099712476577,0.7854785834359769,0.7853202375448196,0.767324495393902,0.7889301308876615
0.7651074751124459,0.7542235902867283,0.7506453613569616,0.8294798117361605,0.7348557500955171,0.745600318834897,0.7383668222287911,0.8188606010862708,0.768077520690233,0.8400946032727195,0.7626927489349136,0.8133069804921007,0.7549253210204954,0.8260273782789436,0.8364582460812097,0.741171368639648,0.7031847806899476,0.7551696880317251,0.7172255953310935,0.7437449192645944,0.7533390382358712,0.7294478745260227,0.7588939740792147,0.7121521957200382,0.6969470763099063,0.6522213719713446,0.7610359265315106,0.8254459885822988,0.7695953673319508,0.7660425900526305,1.0,0.7387247063595035,0.07268219740254556,0.752825972946322,0.7366231764830742,0.7855737857678328,0.7298704504192096,0.7547637364832516,0.6557995270512467,0.7567517729639577,0.8678600497638982,0.7519174528594413,0.7586984536919049,0.8292133590681927,0.8241188042836383,0.7609839980115785,0.7515628486733331,0.7524581523123528,0.8131004148297557,0.7634951487671388
0.778846785249582,0.7928692763349554,0.7546744052319828,0.7598500645692092,0.7786726046041337,0.7863972565114636,0.7724190023767773,0.7623581440404437,0.767294206191937,0.7533977174242346,0.8060357413863093,0.7576166772743649,0.8170992089893471,0.7483940585421733,0.7525871334423619,0.7757933317488872,0.7698382889336705,0.8012461348412931,0.7886401298757985,0.7786912873428595,0.8083053013980885,0.8021137645449883,0.8197144932663873,0.7770633606979119,0.7762207184841362,0.7072325385855008,0.8136223954393613,0.7501534353220309,0.7668038466610742,0.760511729455617,0.7387247063595035,1.0,0.07446237306467929,0.8070221167875848,0.7823718201841681,0.751950541797077,0.7701973336499174,0.8162333928860445,0.6235997207103342,0.8130548070771456,0.7355090772947472,0.7940067077377495,0.8158633969800833,0.7595733338833612,0.7649743389018735,0.7631374719072176,0.8021484647215529,0.8027408142734557,0.7455695642469891,0.7639096922458757
0.07588868344960786,0.07633520335312138,0.07689173248288916,0.07009129502454081,0.07476458911986872,0.07865059950901876,0.06740672464535313,0.07189405159895934,0.07467452053490453,0.07510968386294592,0.07484788487830218,0.07502742025642573,0.06503408870350935,0.06703430804696942,0.06554103477644191,0.0700013669234506,0.07056109800617305,0.06817273384249156,0.0690575551002286,0.06980600291415673,0.07257148854737516,0.07100498880034078,0.07134971021499625,0.06546966563358403,0.07125057838056259,0.06675834613583775,0.06951850766701684,0.07144852361984466,0.08410876417966984,0.06833005364520917,0.07268219740254556,0.07446237306467929,1.0,0.07155746823443798,0.06645276801151634,0.07092644970411344,0.06868693844988294,0.07052592981685957,0.06301395162363865,0.07228884586751805,0.07277914093503857,0.07379787342516209,0.0726439088084132,0.07259886623170386,0.0720647442943263,0.07087604544567849,0.07899888007649358,0.07926539008663125,0.06377628000232138,0.07803778769877445
0.7829397413196686,0.8015021505665719,0.7706390946067246,0.7599001564181432,0.7750944720919817,0.7919877276200304,0.7830162597129883,0.7657988363811564,0.7790363875751112,0.7599720213876616,0.8220887352400954,0.7610514534809688,0.8260415663012926,0.7519729870438722,0.7573193592282841,0.7791246876493281,0.7393385639884779,0.8151885703291937,0.7807865902325002,0.7865249977686559,0.8229762181228673,0.8213409624917467,0.8554325974690764,0.7588177834969263,0.7417216027429832,0.6826424840179596,0.8276403800192107,0.7517913499352493,0.7773703410740067,0.7678821759824371,0.752825972946322,0.8070221167875848,0.07155746823443798,1.0,0.7892810055660137,0.7619514413036695,0.7708944779706869,0.8182075602907968,0.6312989044605315,0.8283424582056945,0.7479834023861619,0.7999306964731303,0.8283950638267702,0.7590292601395119,0.7615832510386603,0.7624962434679687,0.8051557592802641,0.8044470255221672,0.7551600851665394,0.7794565240567604
0.777894613302175,0.8360912121224493,0.7544183351597591,0.7526423177691929,0.7651755705273249,0.8233218652125089,0.7767689280457041,0.7626512856770418,0.7775676009186775,0.7585342655822147,0.8055228900289486,0.7459186775464242,0.7911577297890175,0.746074253530637,0.7404150244223305,0.777863845826299,0.7511042139342007,0.7999552622455725,0.7486030717739102,0.782863994290921,0.7918063675688712,0.7669744651292469,0.7981610232757121,0.8017598372753881,0.7749583349585121,0.7016371290346309,0.7942044172857234,0.7460278683914646,0.7662543636700768,0.7732469610823337,0.7366231764830742,0.7823718201841681,0.06645276801151634,0.7892810055660137,1.0,0.7477684212063391,0.7639486723072655,0.7885398107681222,0.6216802657047432,0.8006807802977041,0.7358845549312665,0.8108046193578656,0.7962371846574928,0.7565725493623978,0.7591582013011118,0.7568698967296466,0.8145876524986322,0.8143012116531319,0.7533065394500867,0.7678219620425332
0.7582939291057358,0.7572634117928264,0.7501570536658173,0.7926357202484748,0.7342406812091758,0.7564287806043302,0.7530961334973808,0.7905830665097651,0.7626315585753911,0.7947335894358258,0.7626393974550368,0.7828245817875068,0.7526887639554093,0.784859252513153,0.7865178606648849,0.7508360705874707,0.7077292599813965,0.7664347058142813,0.7252892135691453,0.757168764940339,0.7703341325618747,0.7389389210897493,0.7656598892480625,0.723216918401162,0.7042162315051825,0.6545228308777337,0.759750903161157,0.7830074668484808,0.7658641778367916,0.7584609808862808,0.7855737857678328,0.751950541797077,0.07092644970411344,0.7619514413036695,0.7477684212063391,1.0,0.7414308822986897,0.7526372919099233,0.6556292447322063,0.7626388134489562,0.783305418285535,0.7511692576728212,0.7586672927563093,0.7921066100264971,0.7941357482757627,0.7543183146829463,0.7564081541955245,0.7564369270136447,0.7900193147809007,0.767069036629549
0.7601837980941253,0.7721718013357084,0.7484720041042147,0.7430997120563391,0.739909737654322,0.7710195899049919,0.9174060182985481,0.7421146732022177,0.7640741052994169,0.736135733773364,0.7726190242465357,0.7324144009530058,0.7715947724397894,0.7312182972061804,0.7350672728371227,0.8956313082507156,0.7153518767730567,0.8000388632819269,0.7506025652233094,0.9189140549938334,0.7902555347926199,0.7681989973492337,0.7996678355872131,0.738884523795745,0.7229754480308086,0.6595573745694201,0.7769967734556359,0.7292461582301266,0.7643364457889801,0.7606779265225493,0.7298704504192096,0.7701973336499174,0.06868693844988294,0.7708944779706869,0.7639486723072655,0.7414308822986897,1.0,0.7655649824972037,0.6132759803113508,0.777009665889983,0.7204438132745956,0.7672486866839671,0.7732955850591734,0.7400000225459387,0.7418727396047045,0.7461374313647415,0.7676070424014342,0.7672200433427083,0.7316663250945108,0.7666666997482128
0.7959559122134784,0.8147243497761381,0.7652864677636553,0.7648283250171971,0.7884722730880621,0.7947745158886541,0.7745758750529662,0.7762665828815456,0.7802837124887527,0.7718844637100499,0.8222387162267542,0.7649527258276909,0.828317004037783,0.7571854625188019,0.7573601627512285,0.7752795815962779,0.7383954804410345,0.8115857353328254,0.7817464334984132,0.7808985492791666,0.8152283611229454,0.8014662294383856,0.8256937417913089,0.7617137625484671,0.7483535859736119,0.6934496913475154,0.8547967275263383,0.7647118708173855,0.7858280966420255,0.7756336209119437,0.7547637364832516,0.8162333928860445,0.07052592981685957,0.8182075602907968,0.7885398107681222,0.7526372919099233,0.7655649824972037,1.0,0.6336409720411478,0.8371151803528794,0.7521802701487583,0.8031622695482512,0.8627005939689432,0.7728003766489704,0.7697221282837154,0.7707783550799467,0.815485852021293,0.8149199362462758,0.7621250959047733,0.7822479529496867
0.6377350535912722,0.6226459357276348,0.6167056943106368,0.6631210504347391,0.6373041432151809,0.6263634038984691,0.6205516297572162,0.6531253021962649,0.6201859635873984,0.6578190867116578,0.6289782608503094,0.6697350057990801,0.6219183124812487,0.6363420369112358,0.6562000311418299,0.6181433768614452,0.5953280318989079,0.6405685144431167,0.6207893867485128,0.6222691360639612,0.630953722074123,0.6122794347151298,0.6364689104028431,0.6005861712224279,0.5902619876074466,0.5606925679804716,0.6288197645689821,0.6488791729799442,0.6252490376772291,0.6245929373345099,0.6557995270512467,0.6235997207103342,0.06301395162363865,0.6312989044605315,0.6216802657047432,0.6556292447322063,0.6132759803113508,0.6336409720411478,1.0,0.6229504727888395,0.6506672396326982,0.6291767686414188,0.6335721684099185,0.6577093965396781,0.6562220872757241,0.6185683666669788,0.6227187332331745,0.624094417977334,0.6469387157477509,0.6293494848195356
