../ecoli_genomes/GCF_000163235.1_ASM16323v1_genomic.fna.gz,../ecoli_genomes/GCF_000164555.1_ASM16455v1_genomic.fna.gz,../ecoli_genomes/GCF_000208545.1_ASM20854v2_genomic.fna.gz,../ecoli_genomes/GCF_000233875.1_ASM23387v1_genomic.fna.gz,../ecoli_genomes/GCF_000249735.1_ASM24973v2_genomic.fna.gz,../ecoli_genomes/GCF_000261145.1_Esch_coli_M919_V2_genomic.fna.gz,../ecoli_genomes/GCF_000267705.2_ASM26770v2_genomic.fna.gz,../ecoli_genomes/GCF_000350665.1_Esch_coli_KTE5_V1_genomic.fna.gz,../ecoli_genomes/GCF_000351625.1_Esch_coli_KTE66_V1_genomic.fna.gz,../ecoli_genomes/GCF_000352285.1_Esch_coli_KTE46_V1_genomic.fna.gz,../ecoli_genomes/GCF_000358895.1_ASM35889v1_genomic.fna.gz,../ecoli_genomes/GCF_000456385.1_Esch_coli_HVH_26_4-5703913_V1_genomic.fna.gz,../ecoli_genomes/GCF_000458195.1_Esch_coli_HVH_147_4-5893887_V1_genomic.fna.gz,../ecoli_genomes/GCF_000459755.1_Esch_coli_KOEGE_58_171a_V1_genomic.fna.gz,../ecoli_genomes/GCF_000460055.1_Esch_coli_UMEA_3053-1_V1_genomic.fna.gz,../ecoli_genomes/GCF_000462165.2_ASM46216v2_genomic.fna.gz,../ecoli_genomes/GCF_000601135.1_ASM60113v1_genomic.fna.gz,../ecoli_genomes/GCF_000614595.1_Ec2010EL1058_genomic.fna.gz,../ecoli_genomes/GCF_000617745.1_Ec2010C-4529_genomic.fna.gz,../ecoli_genomes/GCF_000618265.2_EcF6751_genomic.fna.gz,../ecoli_genomes/GCF_000619005.2_Ec2009C-4052_genomic.fna.gz,../ecoli_genomes/GCF_000619105.1_Ec2009C-4780_genomic.fna.gz,../ecoli_genomes/GCF_000619765.2_Ec2009C-3279_genomic.fna.gz,../ecoli_genomes/GCF_000687005.1_ASM68700v1_genomic.fna.gz,../ecoli_genomes/GCF_000687025.1_ASM68702v1_genomic.fna.gz,../ecoli_genomes/GCF_000700125.1_ASM70012v1_genomic.fna.gz,../ecoli_genomes/GCF_000753315.1_FHI35_genomic.fna.gz,../ecoli_genomes/GCF_000776375.1_ASM77637v1_genomic.fna.gz,../ecoli_genomes/GCF_000779395.1_ASM77939v1_genomic.fna.gz,../ecoli_genomes/GCF_000780315.1_ASM78031v1_genomic.fna.gz,../ecoli_genomes/GCF_000781995.1_ASM78199v1_genomic.fna.gz,../ecoli_genomes/GCF_000986765.1_ASM98676v1_genomic.fna.gz,../ecoli_genomes/GCF_001041375.1_ViralProj287958_genomic.fna.gz,../ecoli_genomes/GCF_001265335.1_302014_genomic.fna.gz,../ecoli_genomes/GCF_001265625.1_100854_genomic.fna.gz,../ecoli_genomes/GCF_001267345.1_303289_genomic.fna.gz,../ecoli_genomes/GCF_001309985.1_ASM130998v1_genomic.fna.gz,../ecoli_genomes/GCF_001521695.1_ASM152169v1_genomic.fna.gz,../ecoli_genomes/GCF_001592595.1_ASM159259v1_genomic.fna.gz,../ecoli_genomes/GCF_001614975.1_ASM161497v1_genomic.fna.gz,../ecoli_genomes/GCF_001692775.1_ASM169277v1_genomic.fna.gz,../ecoli_genomes/GCF_001748915.1_ASM174891v1_genomic.fna.gz,../ecoli_genomes/GCF_001749235.1_ASM174923v1_genomic.fna.gz,../ecoli_genomes/GCF_001881155.1_ASM188115v1_genomic.fna.gz,../ecoli_genomes/GCF_001881345.1_ASM188134v1_genomic.fna.gz,../ecoli_genomes/GCF_001892405.1_ASM189240v1_genomic.fna.gz,../ecoli_genomes/GCF_001892585.1_ASM189258v1_genomic.fna.gz,../ecoli_genomes/GCF_001893985.1_ASM189398v1_genomic.fna.gz,../ecoli_genomes/GCF_002001595.1_ASM200159v1_genomic.fna.gz,../ecoli_genomes/GCF_002002145.1_ASM200214v1_genomic.fna.gz
1.0,0.3748635850767691,0.31913285346010967,0.331879693548204,0.34486222615891504,0.36341194647093267,0.34688228338883564,0.3473139287286797,0.4369038798065691,0.35225082695254584,0.3763097934219759,0.35105006748601053,0.37440922407011124,0.32478671184725105,0.3209286951917695,0.35676418037458946,0.3434919749780838,0.3596299825405208,0.34911526508856616,0.3502209383266359,0.34579084451849207,0.3465864647100658,0.3630667684107548,0.3596093044667934,0.3458477141798003,0.3363027170096172,0.3559878525379684,0.33705253271388314,0.38494753378558977,0.4371701496578497,0.31562937995472584,0.3590065506071818,0.0,0.3518451955081058,0.3579127956815874,0.3175813573601618,0.3390067112832442,0.36157502832337685,0.28578637814148944,0.36234796886156007,0.31887580369171487,0.3551709910109917,0.3636364963132458,0.34593424341187373,0.35324986513126344,0.3531968223336318,0.35581307901378034,0.35681483227408106,0.3238631677831666,0.3901631246949191
0.3748635850767691,1.0,0.2976557015336012,0.32714073821609113,0.4242461637985748,0.5621794730573306,0.3936344385969178,0.3364619889504823,0.35337523651249236,0.3453443794347302,0.46888389842030387,0.3368245601231318,0.4759441872451955,0.3209513797538812,0.3093545798116163,0.39926783403215615,0.47422077890905956,0.4686389674273559,0.44052293421528754,0.4012883053178329,0.4523780238077988,0.4482884825747747,0.4652124609896138,0.5492733913776631,0.5368075095802034,0.4779089443215344,0.46301583624279297,0.33318756302180863,0.361511780324003,0.362969070748948,0.3129645929725541,0.45317032973867355,0.0,0.4451591782898615,0.5733535337765786,0.31198172164362437,0.3811002871186927,0.4636954503196429,0.26013325025291956,0.47090100921548406,0.31673111048650393,0.49526693086069085,0.47057556801184897,0.3449459535131404,0.3441667434135791,0.33860629071663895,0.5080330902066843,0.5070747416070214,0.3392577958200944,0.36059048032846686
0.31913285346010967,0.2976557015336012,1.0,0.2686753482255173,0.26604559691074847,0.2809375035154822,0.2802299412999856,0.27469946842551807,0.30859122551945084,0.2771356552279838,0.296568461512401,0.26696533399791444,0.2996838034026441,0.26919610239783287,0.2581204258289097,0.2846328148801781,0.26449275950217765,0.28590877058466235,0.27417705289804806,0.28553659471240156,0.2828703569303802,0.2803505986827757,0.29119803731124927,0.2703828079420757,0.26546486248484447,0.26000137517175215,0.2925155143987572,0.2762384578007274,0.3128085751866029,0.3141410264537632,0.25518333824516004,0.28384632486843686,0.0,0.28422037321933924,0.2800579402713357,0.2667986716703058,0.2706297101313465,0.2837629864817186,0.22030063044440473,0.2955801105793133,0.26190440191783404,0.2825083398840149,0.2967269732448822,0.28164831483948705,0.2756038263742455,0.29156315982503156,0.2893688279973705,0.2890163823698615,0.2821632745169277,0.3164128653971071
0.331879693548204,0.32714073821609113,0.2686753482255173,1.0,0.3240091625173215,0.315581847681933,0.30562617118612045,0.5343797584698883,0.33663132633467097,0.5570585368970633,0.3242355847424959,0.5361303321475672,0.33156300257498883,0.5800987470509915,0.5951425737345755,0.32401094372821837,0.3024790387847469,0.3192857746710227,0.30924781803521506,0.3094433466738421,0.3048736358905584,0.3066202095131726,0.3227635657011456,0.32308641708408425,0.3102965152145567,0.3014157750495754,0.31345459996819947,0.5592834727595803,0.35165805278711737,0.32934036337170813,0.5424158121077456,0.33502163672537355,0.0,0.30258870465713283,0.3106625316218029,0.44156705971996424,0.30650531312205687,0.30793216456368255,0.38865921135320847,0.3117638023656133,0.5594569295338753,0.3114851752543356,0.3159900534106239,0.5628325115903989,0.555479532728384,0.34092370137592776,0.3117401040992268,0.3122747939767285,0.48997950000971036,0.3622371549856743
0.34486222615891504,0.4242461637985748,0.26604559691074847,0.3240091625173215,1.0,0.44057770635740345,0.35744866690025856,0.3348450296240879,0.3496658292643916,0.3407140123853464,0.5320805108864879,0.3126926574447412,0.5123849194749877,0.3107080688603606,0.3325071180870276,0.39752554097592974,0.4417722926441653,0.4448235057781965,0.44085951906655707,0.3622446271652672,0.4523854195584083,0.44285603245574534,0.45341059883980717,0.463524715473707,0.44028300511929774,0.44807525882526034,0.45546718332113745,0.2992160348329683,0.33329893124578613,0.3485958171151996,0.3239408480520374,0.4891155968059868,0.0,0.4552188269955335,0.43433597204331165,0.29037316079764386,0.3647045395302019,0.4714905948772966,0.28749043052805867,0.47319843079996016,0.33118268227542946,0.44053288822931225,0.4799455583693738,0.31861449561915256,0.32558951983927675,0.3197205846721016,0.44953171706623185,0.44886864594501164,0.3031489754006804,0.3467835079553854
0.36341194647093267,0.5621794730573306,0.2809375035154822,0.315581847681933,0.44057770635740345,1.0,0.4046308401753984,0.33436988610986784,0.3517308593583649,0.32597794416964854,0.45556759827519033,0.3153951259789063,0.4680883610843337,0.31070459972833697,0.30762057011102195,0.4058071627576463,0.47208014148780986,0.46129729718364565,0.44446061646592894,0.40552949339053723,0.4445920192966215,0.4415828355342012,0.4614312260745379,0.5478268312476935,0.5364301823194577,0.46720669645487267,0.44462544149088934,0.3172513585249117,0.36083210367041674,0.3555736612129542,0.3036230323317717,0.4540612997500969,0.0,0.4473970106117282,0.5679181008515889,0.3160497251705626,0.3910167795232079,0.4493619355352301,0.2814271038860019,0.4538391100004314,0.3096820368396678,0.5076544558245757,0.46000048593129617,0.326580567692365,0.32340439319956404,0.3312352552354483,0.5006733881508205,0.5020384326614654,0.32028002588562365,0.35784216287923565
0.34688228338883564,0.3936344385969178,0.2802299412999856,0.30562617118612045,0.35744866690025856,0.4046308401753984,1.0,0.3159247267382601,0.3451586508155249,0.3120689606679432,0.40059862340496843,0.3033266847813494,0.39976003155717,0.2979759785745616,0.2918422894274364,0.7458195629458784,0.36774533376052476,0.44060819937685936,0.42026461828333583,0.8659318529007216,0.4286233768732962,0.4245094899269166,0.44374974491779395,0.37535508425227904,0.37132746764792346,0.36315785878738016,0.4012623855601506,0.30707500652576425,0.3430226056745985,0.34464887944628575,0.2906802993343689,0.3926510197025419,0.0,0.40404050385771695,0.4041473876021705,0.31955155506024546,0.7989372972773054,0.37629138186289424,0.27348136483197016,0.3981898041550278,0.29039216919822985,0.38858156002307953,0.4019846329360429,0.31329631311992,0.3131013076691389,0.3186208718122585,0.3858186935520457,0.3850757751688264,0.3046395112847018,0.34756632526238884
0.3473139287286797,0.3364619889504823,0.27469946842551807,0.5343797584698883,0.3348450296240879,0.33436988610986784,0.3159247267382601,1.0,0.3431114685382157,0.5453669640904797,0.33598674160828845,0.5159639115210322,0.3502136643280862,0.5132452643492376,0.5039732325154613,0.3338648129661198,0.313830771655624,0.3288795248350731,0.3238279936705434,0.3192134157430674,0.3146623991446673,0.3170875639812182,0.33156907142915126,0.3362714278970078,0.32237641861548827,0.31269012660395235,0.3291144355227068,0.6951232884198904,0.3614950908137783,0.34259499486061706,0.5030811193387575,0.3383613578026554,0.0,0.31899608358367904,0.32271910234055035,0.44084531465775645,0.3114551885758048,0.3394058226898451,0.40230434961768724,0.32923600497538996,0.5147654186531911,0.3261654474508582,0.3345660646004801,0.7041980462293862,0.6786790648820802,0.33889968412771265,0.31859632665035176,0.31910828780317035,0.4847521155620791,0.36031633388974404
0.4369038798065691,0.35337523651249236,0.30859122551945084,0.33663132633467097,0.3496658292643916,0.3517308593583649,0.3451586508155249,0.3431114685382157,1.0,0.3532183804400615,0.36966179829225443,0.3255079506893095,0.37836693406873956,0.33040252348097554,0.3313866643312934,0.3685217325522766,0.33371185308008366,0.3516836736033603,0.33954289820857886,0.35113597250739725,0.33844900352899854,0.34324976586391764,0.35425993525630817,0.3537272693716089,0.33921152634924867,0.3349839017439198,0.35842746889347143,0.32847553178863687,0.3854199329704755,0.4597340623494396,0.3285792756093938,0.3573089360247075,0.0,0.3461416150623734,0.34466708220841846,0.3237229585321484,0.3441566518047856,0.3448699380347656,0.276234668398457,0.35775516837161947,0.32789924440735263,0.34971652255367147,0.36503969934905545,0.3380451494684147,0.33109000933716703,0.3558094620013039,0.34931625563375146,0.3496465834854875,0.32400600664605617,0.39636704773054576
0.35225082695254584,0.3453443794347302,0.2771356552279838,0.5570585368970633,0.3407140123853464,0.32597794416964854,0.3120689606679432,0.5453669640904797,0.3532183804400615,1.0,0.34718748539716493,0.5154040375462745,0.3543233870130075,0.5383545516538728,0.5341298273095123,0.3331324931698565,0.31025908451038753,0.3277838285792707,0.314810544104297,0.316758885900038,0.3129033723560777,0.3141670017554843,0.32402834781943923,0.3288468510049135,0.31961973549865985,0.3150863418205727,0.3309336688777208,0.5375153252127537,0.3655891694878505,0.34818192595869013,0.5651040732542121,0.3325058822231175,0.0,0.3145417148304167,0.31868712894009865,0.45633645758298447,0.3128298508469628,0.32464035884754827,0.404500531062009,0.3297373743905385,0.5714500308443247,0.3234528845834107,0.3315741540752294,0.5451249348320772,0.550507962415574,0.3448336336527048,0.32582217867125396,0.32567183271572464,0.514020762936696,0.36304661323172804
0.3763097934219759,0.46888389842030387,0.296568461512401,0.3242355847424959,0.5320805108864879,0.45556759827519033,0.40059862340496843,0.33598674160828845,0.36966179829225443,0.34718748539716493,1.0,0.32543021443015274,0.5661753331776952,0.3268581774416045,0.3157026947129883,0.42114900109508224,0.43025673301049894,0.5211485219173331,0.48824159337748085,0.40668703056418976,0.5158377490111465,0.5177137219676353,0.5247856094456231,0.45815267373092916,0.4344203534838985,0.45594062575082694,0.5281993266435119,0.3289306889539815,0.36197896910187966,0.3775221805522796,0.31726907076699573,0.5010329961097999,0.0,0.4988260646494952,0.4696667095503215,0.32685606481443297,0.3915133157948233,0.5165175076601088,0.26875569814291544,0.5517744757076821,0.3205224383226052,0.481711347440269,0.5435107751434101,0.3369005673603145,0.3360138805682016,0.3418041008646513,0.4795521897506644,0.4795799207837478,0.33279924838454555,0.369973203470907
0.35105006748601053,0.3368245601231318,0.26696533399791444,0.5361303321475672,0.3126926574447412,0.3153951259789063,0.3033266847813494,0.5159639115210322,0.3255079506893095,0.5154040375462745,0.32543021443015274,1.0,0.32746137140226805,0.5212474192554228,0.5979258166657231,0.3145521960661207,0.30147537471457864,0.31513137300085126,0.31190746869035313,0.30571656948155046,0.30738792312424046,0.3060892320389662,0.31523213814778506,0.3173606647524706,0.3073106414589296,0.30213034884560286,0.3142688300119003,0.5195765599048127,0.3605554851662768,0.33301413726256057,0.46898825195137406,0.32128493213929954,0.0,0.30682230706435243,0.32048717864233534,0.4272134758504642,0.29437328687297337,0.31803670053738864,0.3966661441220066,0.32002780457036506,0.49007918576422316,0.3110131144966254,0.32383954318104347,0.5255421061168992,0.5245666438550118,0.33920100659979413,0.31773319362805985,0.3182374653551491,0.46861337567659056,0.35647275669445144
0.37440922407011124,0.4759441872451955,0.2996838034026441,0.33156300257498883,0.5123849194749877,0.4680883610843337,0.39976003155717,0.3502136643280862,0.37836693406873956,0.3543233870130075,0.5661753331776952,0.32746137140226805,1.0,0.3222369858071108,0.3298505524949592,0.42392554890808254,0.441152256893554,0.53796670593002,0.5226566209812367,0.4056264425494702,0.5408193647901822,0.5759233006303763,0.5919260057966033,0.4744205206416793,0.43849649492212983,0.4413278811622373,0.5706637276539545,0.3298091909736207,0.3641884955144796,0.38934265613372165,0.3260878567656649,0.5470519070709547,0.0,0.5590496394529003,0.47454251366445477,0.31827474795670996,0.39766805588671994,0.5331959367633725,0.2700076111126771,0.586777973063542,0.3293942285705431,0.48222214797444485,0.57139735158726,0.3370929800155025,0.3343197804593423,0.3387549647759993,0.48314546894555666,0.48278437696785326,0.32897964183820827,0.3691138267279642
0.32478671184725105,0.3209513797538812,0.26919610239783287,0.5800987470509915,0.3107080688603606,0.31070459972833697,0.2979759785745616,0.5132452643492376,0.33040252348097554,0.5383545516538728,0.3268581774416045,0.5212474192554228,0.3222369858071108,1.0,0.5776835826349949,0.310284610938513,0.2943453692805258,0.31684578667686736,0.3021975363332542,0.3035791757927696,0.2984800757889975,0.30453892697023954,0.3160712264348501,0.3021320685639667,0.2925232179629923,0.29187407782545716,0.3150165762771936,0.5520167797052324,0.35769610646209615,0.32383143147821836,0.5297275716476866,0.31927560950229616,0.0,0.30503175387027714,0.30706141105620155,0.43909238060961786,0.2929634577398361,0.31228272908659116,0.3805712863130828,0.3119207103181708,0.5394554567186307,0.3083777396753634,0.3170427757864288,0.547279133152488,0.5382298387656574,0.3406750460132072,0.31165517418034805,0.31302223229883885,0.4929772378729542,0.363436657753757
0.3209286951917695,0.3093545798116163,0.2581204258289097,0.5951425737345755,0.3325071180870276,0.30762057011102195,0.2918422894274364,0.5039732325154613,0.3313866643312934,0.5341298273095123,0.3157026947129883,0.5979258166657231,0.3298505524949592,0.5776835826349949,1.0,0.31418903695677725,0.30503415087726526,0.30465464065554393,0.29358304659141676,0.29670430097057754,0.2934960448869943,0.29561503414326507,0.3111630080616252,0.31478274341886714,0.30253177135140297,0.2996674603320264,0.30651344139559356,0.5105692939682407,0.3414785860836491,0.3243331038795163,0.5341161500803969,0.3282133751296409,0.0,0.29484791520445797,0.3024424301485298,0.4264021081457907,0.2955458940687006,0.3068126065379232,0.3838284260562367,0.3042567694122469,0.5479120337951023,0.30336088194379385,0.3116361456876585,0.5148399142855673,0.5090227746422928,0.3336331214219769,0.31248112480609247,0.3132272799844228,0.46769504636341264,0.3590155006241328
0.35676418037458946,0.39926783403215615,0.2846328148801781,0.32401094372821837,0.39752554097592974,0.4058071627576463,0.7458195629458784,0.3338648129661198,0.3685217325522766,0.3331324931698565,0.42114900109508224,0.3145521960661207,0.42392554890808254,0.310284610938513,0.31418903695677725,1.0,0.3858949775243937,0.4274090050859385,0.4146733718186285,0.7655170277698113,0.4114307034301191,0.41698340817721613,0.4284385693417909,0.40056079413741363,0.4025858241445772,0.4016301890894568,0.39834008924923026,0.310552777818783,0.34455511572245734,0.3668828757711955,0.3120426983660759,0.40847909127815973,0.0,0.3973829074323172,0.4083089247991478,0.3193481370214599,0.7415547752734026,0.3868269072308407,0.263428489904732,0.4009535001508644,0.3125069236793506,0.3918271576564806,0.4052319153750287,0.32173478303385883,0.3237580860489744,0.3256310123434083,0.3894651509127477,0.38871297618860134,0.3128279870122892,0.3518924532752874
0.3434919749780838,0.47422077890905956,0.26449275950217765,0.3024790387847469,0.4417722926441653,0.47208014148780986,0.36774533376052476,0.313830771655624,0.33371185308008366,0.31025908451038753,0.43025673301049894,0.30147537471457864,0.441152256893554,0.2943453692805258,0.30503415087726526,0.3858949775243937,1.0,0.41756153989737077,0.4047188011899675,0.3693904709130543,0.40624771070763277,0.41365962495936803,0.4303423941091644,0.5415472047171794,0.5187934583933155,0.5394774227450632,0.41737206626976775,0.2954295677682852,0.33190202256775414,0.3357144089676427,0.2901610663969493,0.4782369618695519,0.0,0.4245789957655487,0.47958624092221447,0.29494083883548405,0.3679366774132975,0.40344263163065774,0.2529730405366293,0.42717460407093977,0.29302185513044066,0.4526936619715136,0.4234312301638863,0.30970079522166516,0.31681625793154344,0.30524405470946914,0.4712951230357697,0.47117087141335356,0.2927047904480674,0.3324976400256584
0.3596299825405208,0.4686389674273559,0.28590877058466235,0.3192857746710227,0.4448235057781965,0.46129729718364565,0.44060819937685936,0.3288795248350731,0.3516836736033603,0.3277838285792707,0.5211485219173331,0.31513137300085126,0.53796670593002,0.31684578667686736,0.30465464065554393,0.4274090050859385,0.41756153989737077,1.0,0.558697859832896,0.44318032519536776,0.5492543678766708,0.5540689964707497,0.5607795607359423,0.4345207187108445,0.4129383865071756,0.4166833957742686,0.5314408068411337,0.3253295224504419,0.35793062418212873,0.35864358976125577,0.30575599017611055,0.5051386279873762,0.0,0.5127818847276803,0.46269424691409167,0.33200515731810076,0.42204132124666405,0.48610177256761844,0.27884961353772486,0.528015150724076,0.30519628326594117,0.46997263302502124,0.5200441196718908,0.3279004574679616,0.32443827594823316,0.3325126959685415,0.46560129101424164,0.4659181927991969,0.31507423641788446,0.36171396487063023
0.34911526508856616,0.44052293421528754,0.27417705289804806,0.30924781803521506,0.44085951906655707,0.44446061646592894,0.42026461828333583,0.3238279936705434,0.33954289820857886,0.314810544104297,0.48824159337748085,0.31190746869035313,0.5226566209812367,0.3021975363332542,0.29358304659141676,0.4146733718186285,0.4047188011899675,0.558697859832896,1.0,0.4204028724991671,0.5302180686394582,0.54648808475054,0.5445026827718582,0.41932592652186595,0.40471309969166613,0.3973916625488354,0.5132700427685328,0.3122931092021971,0.3476353751526705,0.34635318087361866,0.29206963976002054,0.4919423912316392,0.0,0.4993222424039334,0.4540470478504921,0.32142514629248575,0.40522857322581696,0.47447324842988303,0.2671018342915802,0.5150097931808371,0.29386070088031013,0.449956278739983,0.5026173499345568,0.32072634770099506,0.3185478836318941,0.3215295173015341,0.4463499037672186,0.4470909492579265,0.3063301782340643,0.3484482916272966
0.3502209383266359,0.4012883053178329,0.28553659471240156,0.3094433466738421,0.3622446271652672,0.40552949339053723,0.8659318529007216,0.3192134157430674,0.35113597250739725,0.316758885900038,0.40668703056418976,0.30571656948155046,0.4056264425494702,0.3035791757927696,0.29670430097057754,0.7655170277698113,0.3693904709130543,0.44318032519536776,0.4204028724991671,1.0,0.4318840676701,0.42668277628430107,0.443855026423118,0.3762836572013203,0.3745471375644469,0.36504489297803366,0.4064390404268514,0.31196827405812866,0.3490394915739161,0.3515543063808113,0.2947590480655703,0.3959059781237826,0.0,0.4037800514987181,0.4059155998503259,0.32038349807102373,0.8051518739285052,0.38309445533460507,0.2696762394724004,0.40417580969463074,0.2953424473545765,0.3907974800102494,0.407497729791123,0.31606359718040544,0.31515716115950265,0.32501424877519847,0.3903439237737577,0.38973611524152496,0.31025285149086257,0.3538522795271921
0.34579084451849207,0.4523780238077988,0.2828703569303802,0.3048736358905584,0.4523854195584083,0.4445920192966215,0.4286233768732962,0.3146623991446673,0.33844900352899854,0.3129033723560777,0.5158377490111465,0.30738792312424046,0.5408193647901822,0.2984800757889975,0.2934960448869943,0.4114307034301191,0.40624771070763277,0.5492543678766708,0.5302180686394582,0.4318840676701,1.0,0.5480547520557864,0.5691857067664208,0.42638477397648034,0.4035624673234879,0.40829621136285854,0.5331760836432275,0.31178200974393455,0.34031209123366946,0.3548684957938567,0.29000006871155914,0.5100053746951618,0.0,0.5307183834020955,0.4538857039039922,0.3173947583395559,0.41104691869765875,0.4956848482614563,0.26514053388799785,0.5410718919324751,0.29438488848565303,0.4414076538458125,0.524626173245342,0.3148408476141771,0.3140256285311114,0.3272140786862465,0.46402080921471855,0.46352471407953,0.30720296564844407,0.34778691746291746
0.3465864647100658,0.4482884825747747,0.2803505986827757,0.3066202095131726,0.44285603245574534,0.4415828355342012,0.4245094899269166,0.3170875639812182,0.34324976586391764,0.3141670017554843,0.5177137219676353,0.3060892320389662,0.5759233006303763,0.30453892697023954,0.29561503414326507,0.41698340817721613,0.41365962495936803,0.5540689964707497,0.54648808475054,0.42668277628430107,0.5480547520557864,1.0,0.7191965834691894,0.4213916630090687,0.40538460015361555,0.4005602491972545,0.5327747129555127,0.3148800206597746,0.346496690359435,0.348652960704416,0.29248027700760204,0.5089730273029331,0.0,0.6278363677288165,0.44967933265682636,0.3157882392284481,0.411966853290907,0.5006099992520737,0.265462030394936,0.5426377720627766,0.29293067512981885,0.44574190908919176,0.5374590669636805,0.31773655204266815,0.3128390766935508,0.3260264770949822,0.45235926193451437,0.4523396871216614,0.30910452575655556,0.35377885451289615
0.3630667684107548,0.4652124609896138,0.29119803731124927,0.3227635657011456,0.45341059883980717,0.4614312260745379,0.44374974491779395,0.33156907142915126,0.35425993525630817,0.32402834781943923,0.5247856094456231,0.31523213814778506,0.5919260057966033,0.3160712264348501,0.3111630080616252,0.4284385693417909,0.4303423941091644,0.5607795607359423,0.5445026827718582,0.443855026423118,0.5691857067664208,0.7191965834691894,1.0,0.4355127140540377,0.4197244782587275,0.4110662831698654,0.5542377202625737,0.3289617581052634,0.35609160992865396,0.3557949576430667,0.3076677798280162,0.5321427452959224,0.0,0.6396691667380898,0.4635881434267247,0.325538591945023,0.4253956955865126,0.5127166609175758,0.2790299255335804,0.5518778230149102,0.3072411539357981,0.4568780916451577,0.5430563410642641,0.33111092449473656,0.32794297340426315,0.3315060666336346,0.46124418877919315,0.46139530177464794,0.31809382326465496,0.35981946966811507
0.3596093044667934,0.5492733913776631,0.2703828079420757,0.32308641708408425,0.463524715473707,0.5478268312476935,0.37535508425227904,0.3362714278970078,0.3537272693716089,0.3288468510049135,0.45815267373092916,0.3173606647524706,0.4744205206416793,0.3021320685639667,0.31478274341886714,0.40056079413741363,0.5415472047171794,0.4345207187108445,0.41932592652186595,0.3762836572013203,0.42638477397648034,0.4213916630090687,0.4355127140540377,1.0,0.5691898185162366,0.5397697550861362,0.43490086074125545,0.30099933816046975,0.3436627470982453,0.35688502973496117,0.309566603329852,0.46655225039280945,0.0,0.4254357527264129,0.5636648518635644,0.3015886230703896,0.37597463697203526,0.4155341175594117,0.24908479533470518,0.44464350171291434,0.3181462751625622,0.4942037424322093,0.43981649657211364,0.31679139609026397,0.3221485370002507,0.3133598614718608,0.4806896532947005,0.477505377208184,0.30179997560791194,0.3451096606018228
0.3458477141798003,0.5368075095802034,0.26546486248484447,0.3102965152145567,0.44028300511929774,0.5364301823194577,0.37132746764792346,0.32237641861548827,0.33921152634924867,0.31961973549865985,0.4344203534838985,0.3073106414589296,0.43849649492212983,0.2925232179629923,0.30253177135140297,0.4025858241445772,0.5187934583933155,0.4129383865071756,0.40471309969166613,0.3745471375644469,0.4035624673234879,0.40538460015361555,0.4197244782587275,0.5691898185162366,1.0,0.5402234805833459,0.41210915011522664,0.292147862780765,0.3211155545901204,0.33804424006584666,0.2969391716536661,0.4701511017593045,0.0,0.41301601737952687,0.5501905660138339,0.29094095261444586,0.3726761998727839,0.41044974868057127,0.2551059709025798,0.420313601342712,0.30138168049096203,0.4613008786924019,0.42685196392275027,0.32109803560796724,0.3171599950566424,0.30798764072664486,0.4607037237855882,0.45899974321444925,0.30485782295882846,0.3270545050426855
0.3363027170096172,0.4779089443215344,0.26000137517175215,0.3014157750495754,0.44807525882526034,0.46720669645487267,0.36315785878738016,0.31269012660395235,0.3349839017439198,0.3150863418205727,0.45594062575082694,0.30213034884560286,0.4413278811622373,0.29187407782545716,0.2996674603320264,0.4016301890894568,0.5394774227450632,0.4166833957742686,0.3973916625488354,0.36504489297803366,0.40829621136285854,0.4005602491972545,0.4110662831698654,0.5397697550861362,0.5402234805833459,1.0,0.4113488843724572,0.28625338721551563,0.32635991700313305,0.33746311166263887,0.2958999851742896,0.44851071653822105,0.0,0.40026133191623403,0.48866373072210934,0.28783372137300567,0.36259468365675507,0.4125184360902775,0.2471586768465186,0.42540827331452125,0.29712916767024045,0.4588690478225852,0.4153586479097128,0.31256743336195236,0.30598683655907677,0.3047392218164686,0.46379211606425663,0.4600461321938236,0.3002471712646356,0.3273229342921935
0.3559878525379684,0.46301583624279297,0.2925155143987572,0.31345459996819947,0.45546718332113745,0.44462544149088934,0.4012623855601506,0.3291144355227068,0.35842746889347143,0.3309336688777208,0.5281993266435119,0.3142688300119003,0.5706637276539545,0.3150165762771936,0.30651344139559356,0.39834008924923026,0.41737206626976775,0.5314408068411337,0.5132700427685328,0.4064390404268514,0.5331760836432275,0.5327747129555127,0.5542377202625737,0.43490086074125545,0.41210915011522664,0.4113488843724572,1.0,0.32306819205499304,0.3614738621210891,0.3641057537683011,0.3084104250145472,0.524885714761715,0.0,0.5165600316325611,0.4547777686817607,0.31716132507822925,0.3887528292588518,0.5872465714398363,0.2603811723416014,0.5720768919780985,0.3090203143421356,0.463177928960112,0.6343643108151206,0.3278949617991005,0.31986603199749797,0.3410081860710331,0.46347643082506473,0.4638169340754459,0.3232686344561143,0.3656357549368767
0.33705253271388314,0.33318756302180863,0.2762384578007274,0.5592834727595803,0.2992160348329683,0.3172513585249117,0.30707500652576425,0.6951232884198904,0.32847553178863687,0.5375153252127537,0.3289306889539815,0.5195765599048127,0.3298091909736207,0.5520167797052324,0.5105692939682407,0.310552777818783,0.2954295677682852,0.3253295224504419,0.3122931092021971,0.31196827405812866,0.31178200974393455,0.3148800206597746,0.3289617581052634,0.30099933816046975,0.292147862780765,0.28625338721551563,0.32306819205499304,1.0,0.3653448154453267,0.328351187070973,0.5029917586203733,0.323658337181291,0.0,0.3117042788362051,0.3094648954420258,0.44132236133385994,0.29817176737052986,0.3308288135166101,0.3985837072649021,0.3192832728735805,0.5176846162660749,0.31442713058184235,0.32464052332816906,0.803452746127896,0.7586812717147899,0.33806214119561184,0.3192144420543588,0.31892536764428703,0.5048418213412118,0.3570951615138298
0.38494753378558977,0.361511780324003,0.3128085751866029,0.35165805278711737,0.33329893124578613,0.36083210367041674,0.3430226056745985,0.3614950908137783,0.3854199329704755,0.3655891694878505,0.36197896910187966,0.3605554851662768,0.3641884955144796,0.35769610646209615,0.3414785860836491,0.34455511572245734,0.33190202256775414,0.35793062418212873,0.3476353751526705,0.3490394915739161,0.34031209123366946,0.346496690359435,0.35609160992865396,0.3436627470982453,0.3211155545901204,0.32635991700313305,0.3614738621210891,0.3653448154453267,1.0,0.3799964042198465,0.3402965316785579,0.35012111969198434,0.0,0.3496265376783966,0.3460303970942724,0.34495271170042663,0.33041750481487364,0.3514607934804176,0.29156366067357553,0.35608540794459753,0.3411985603702252,0.3385575168633478,0.35627718596899505,0.36015160461541773,0.3591832974393597,0.4342380592295473,0.3492484397296358,0.3490407416259592,0.3540444456745745,0.6306910355795148
0.4371701496578497,0.362969070748948,0.3141410264537632,0.32934036337170813,0.3485958171151996,0.3555736612129542,0.34464887944628575,0.34259499486061706,0.4597340623494396,0.34818192595869013,0.3775221805522796,0.33301413726256057,0.38934265613372165,0.32383143147821836,0.3243331038795163,0.3668828757711955,0.3357144089676427,0.35864358976125577,0.34635318087361866,0.3515543063808113,0.3548684957938567,0.348652960704416,0.3557949576430667,0.35688502973496117,0.33804424006584666,0.33746311166263887,0.3641057537683011,0.328351187070973,0.3799964042198465,1.0,0.32484879894829344,0.3595791681101884,0.0,0.3414262437467338,0.35662025689432686,0.32197236941392415,0.3403196502008784,0.35304757108755513,0.2715946951309315,0.37642751986735556,0.3276932259097003,0.3521195475362423,0.3716312326977351,0.33797314688573676,0.33062582064831536,0.37102083553873233,0.36236936616750104,0.36313106001708684,0.32838481748120874,0.3921337516312583
0.31562937995472584,0.3129645929725541,0.25518333824516004,0.5424158121077456,0.3239408480520374,0.3036230323317717,0.2906802993343689,0.5030811193387575,0.3285792756093938,0.5651040732542121,0.31726907076699573,0.46898825195137406,0.3260878567656649,0.5297275716476866,0.5341161500803969,0.3120426983660759,0.2901610663969493,0.30575599017611055,0.29206963976002054,0.2947590480655703,0.29000006871155914,0.29248027700760204,0.3076677798280162,0.309566603329852,0.2969391716536661,0.2958999851742896,0.3084104250145472,0.5029917586203733,0.3402965316785579,0.32484879894829344,1.0,0.31594876201542965,0.0,0.2966484683752918,0.29817271010452295,0.42497328067758755,0.2944671278171659,0.29855941786844165,0.3685905235644862,0.30706359004660466,0.6811335650112825,0.30345178367687464,0.30663414073621176,0.511946054772971,0.5035372733030181,0.3272711374566869,0.3024341531555377,0.3024229259856186,0.465406055633217,0.343533474773574
0.3590065506071818,0.45317032973867355,0.28384632486843686,0.33502163672537355,0.4891155968059868,0.4540612997500969,0.3926510197025419,0.3383613578026554,0.3573089360247075,0.3325058822231175,0.5010329961097999,0.32128493213929954,0.5470519070709547,0.31927560950229616,0.3282133751296409,0.40847909127815973,0.4782369618695519,0.5051386279873762,0.4919423912316392,0.3959059781237826,0.5100053746951618,0.5089730273029331,0.5321427452959224,0.46655225039280945,0.4701511017593045,0.44851071653822105,0.524885714761715,0.323658337181291,0.35012111969198434,0.3595791681101884,0.31594876201542965,1.0,0.0,0.5106644212285423,0.4474253047719584,0.3063763991273367,0.3921301025939494,0.5114623883255569,0.268326181397996,0.5313399792394384,0.31640818963844874,0.4556719363711771,0.539457945418875,0.3297665762385843,0.33262189661829433,0.32398596256249546,0.46607668424778936,0.46601225500788124,0.30808932696702906,0.3481946683133643
0.0,0.0,0.0,0.0,0.0,0.0,0.0,0.0,0.0,0.0,0.0,0.0,0.0,0.0,0.0,0.0,0.0,0.0,0.0,0.0,0.0,0.0,0.0,0.0,0.0,0.0,0.0,0.0,0.0,0.0,0.0,0.0,1.0,0.0,0.0,0.0,0.0,0.0,0.0,0.0,0.0,0.0,0.0,0.0,0.0,0.0,0.0,0.0,0.0,0.0
0.3518451955081058,0.4451591782898615,0.28422037321933924,0.30258870465713283,0.4552188269955335,0.4473970106117282,0.40404050385771695,0.31899608358367904,0.3461416150623734,0.3145417148304167,0.4988260646494952,0.30682230706435243,0.5590496394529003,0.30503175387027714,0.29484791520445797,0.3973829074323172,0.4245789957655487,0.5127818847276803,0.4993222424039334,0.4037800514987181,0.5307183834020955,0.6278363677288165,0.6396691667380898,0.4254357527264129,0.41301601737952687,0.40026133191623403,0.5165600316325611,0.3117042788362051,0.3496265376783966,0.3414262437467338,0.2966484683752918,0.5106644212285423,0.0,1.0,0.45213109535790763,0.3268391348580554,0.38612953434656394,0.4908868771170338,0.27808603904762585,0.5255950002108563,0.2950003695516783,0.4485015672487077,0.5381027373037928,0.31507706387540224,0.31950540628724333,0.3202686576469562,0.4473843659292073,0.44783432786341526,0.3044001691069841,0.3519661423138848
0.3579127956815874,0.5733535337765786,0.2800579402713357,0.3106625316218029,0.43433597204331165,0.5679181008515889,0.4041473876021705,0.32271910234055035,0.34466708220841846,0.31868712894009865,0.4696667095503215,0.32048717864233534,0.47454251366445477,0.30706141105620155,0.3024424301485298,0.4083089247991478,0.47958624092221447,0.46269424691409167,0.4540470478504921,0.4059155998503259,0.4538857039039922,0.44967933265682636,0.4635881434267247,0.5636648518635644,0.5501905660138339,0.48866373072210934,0.4547777686817607,0.3094648954420258,0.3460303970942724,0.35662025689432686,0.29817271010452295,0.4474253047719584,0.0,0.45213109535790763,1.0,0.3100327709113647,0.3865215848009217,0.4399301058029973,0.2648737555192062,0.4679755202381428,0.30087184697513036,0.504908417856669,0.4653707419123151,0.31592255391753044,0.3167465859026821,0.3238445578380067,0.4983184905099416,0.4975707276188315,0.30984524494866117,0.3478936591709402
0.3175813573601618,0.31198172164362437,0.2667986716703058,0.44156705971996424,0.29037316079764386,0.3160497251705626,0.31955155506024546,0.44084531465775645,0.3237229585321484,0.45633645758298447,0.32685606481443297,0.4272134758504642,0.31827474795670996,0.43909238060961786,0.4264021081457907,0.3193481370214599,0.29494083883548405,0.33200515731810076,0.32142514629248575,0.32038349807102373,0.3173947583395559,0.3157882392284481,0.325538591945023,0.3015886230703896,0.29094095261444586,0.28783372137300567,0.31716132507822925,0.44132236133385994,0.34495271170042663,0.32197236941392415,0.42497328067758755,0.3063763991273367,0.0,0.3268391348580554,0.3100327709113647,1.0,0.3077941171766728,0.3088278438153854,0.38164122248377585,0.31999177032453485,0.4291107663645226,0.3118484839347426,0.31708700054244576,0.4466742433167563,0.44580073948414656,0.32757143124596044,0.30692784217866087,0.306661339822517,0.4437439272983891,0.34977891225401236
0.3390067112832442,0.3811002871186927,0.2706297101313465,0.30650531312205687,0.3647045395302019,0.3910167795232079,0.7989372972773054,0.3114551885758048,0.3441566518047856,0.3128298508469628,0.3915133157948233,0.29437328687297337,0.39766805588671994,0.2929634577398361,0.2955458940687006,0.7415547752734026,0.3679366774132975,0.42204132124666405,0.40522857322581696,0.8051518739285052,0.41104691869765875,0.411966853290907,0.4253956955865126,0.37597463697203526,0.3726761998727839,0.36259468365675507,0.3887528292588518,0.29817176737052986,0.33041750481487364,0.3403196502008784,0.2944671278171659,0.3921301025939494,0.0,0.38612953434656394,0.3865215848009217,0.3077941171766728,1.0,0.3668899392481272,0.25902471602468635,0.38337510440088785,0.2925394230345906,0.37870646035857836,0.39408851561984637,0.3034833682810695,0.303593675812716,0.30963022061868695,0.3736650795976595,0.37281609279861616,0.2949345949740171,0.33690076491620446
0.36157502832337685,0.4636954503196429,0.2837629864817186,0.30793216456368255,0.4714905948772966,0.4493619355352301,0.37629138186289424,0.3394058226898451,0.3448699380347656,0.32464035884754827,0.5165175076601088,0.31803670053738864,0.5331959367633725,0.31228272908659116,0.3068126065379232,0.3868269072308407,0.40344263163065774,0.48610177256761844,0.47447324842988303,0.38309445533460507,0.4956848482614563,0.5006099992520737,0.5127166609175758,0.4155341175594117,0.41044974868057127,0.4125184360902775,0.5872465714398363,0.3308288135166101,0.3514607934804176,0.35304757108755513,0.29855941786844165,0.5114623883255569,0.0,0.4908868771170338,0.4399301058029973,0.3088278438153854,0.3668899392481272,1.0,0.27173466282457126,0.5417997823676064,0.305871890191164,0.4579585080965368,0.6288835387947789,0.336556676718596,0.3232454597234098,0.33501532066215267,0.4684340065818686,0.4682271164159262,0.3274974523351474,0.35959511904918684
0.28578637814148944,0.26013325025291956,0.22030063044440473,0.38865921135320847,0.28749043052805867,0.2814271038860019,0.27348136483197016,0.40230434961768724,0.276234668398457,0.404500531062009,0.26875569814291544,0.3966661441220066,0.2700076111126771,0.3805712863130828,0.3838284260562367,0.263428489904732,0.2529730405366293,0.27884961353772486,0.2671018342915802,0.2696762394724004,0.26514053388799785,0.265462030394936,0.2790299255335804,0.24908479533470518,0.2551059709025798,0.2471586768465186,0.2603811723416014,0.3985837072649021,0.29156366067357553,0.2715946951309315,0.3685905235644862,0.268326181397996,0.0,0.27808603904762585,0.2648737555192062,0.38164122248377585,0.25902471602468635,0.27173466282457126,1.0,0.26300589531744667,0.3723814955576342,0.26244880911991775,0.2682659515810273,0.4052816409193849,0.40379054307396134,0.2703310189932403,0.26126656397235526,0.2611287059257137,0.37797438412193396,0.30611026889954907
0.36234796886156007,0.47090100921548406,0.2955801105793133,0.3117638023656133,0.47319843079996016,0.4538391100004314,0.3981898041550278,0.32923600497538996,0.35775516837161947,0.3297373743905385,0.5517744757076821,0.32002780457036506,0.586777973063542,0.3119207103181708,0.3042567694122469,0.4009535001508644,0.42717460407093977,0.528015150724076,0.5150097931808371,0.40417580969463074,0.5410718919324751,0.5426377720627766,0.5518778230149102,0.44464350171291434,0.420313601342712,0.42540827331452125,0.5720768919780985,0.3192832728735805,0.35608540794459753,0.37642751986735556,0.30706359004660466,0.5313399792394384,0.0,0.5255950002108563,0.4679755202381428,0.31999177032453485,0.38337510440088785,0.5417997823676064,0.26300589531744667,1.0,0.31016830207869617,0.4751262877352119,0.5769706258527523,0.3229892137452075,0.3229633239073625,0.3447061045516763,0.49147435825149643,0.49108870333674925,0.3196580381408465,0.36946475611673524
