../ecoli_genomes/GCF_000163235.1_ASM16323v1_genomic.fna.gz,../ecoli_genomes/GCF_000164555.1_ASM16455v1_genomic.fna.gz,../ecoli_genomes/GCF_000208545.1_ASM20854v2_genomic.fna.gz,../ecoli_genomes/GCF_000233875.1_ASM23387v1_genomic.fna.gz,../ecoli_genomes/GCF_000249735.1_ASM24973v2_genomic.fna.gz,../ecoli_genomes/GCF_000261145.1_Esch_coli_M919_V2_genomic.fna.gz,../ecoli_genomes/GCF_000267705.2_ASM26770v2_genomic.fna.gz,../ecoli_genomes/GCF_000350665.1_Esch_coli_KTE5_V1_genomic.fna.gz,../ecoli_genomes/GCF_000351625.1_Esch_coli_KTE66_V1_genomic.fna.gz,../ecoli_genomes/GCF_000352285.1_Esch_coli_KTE46_V1_genomic.fna.gz,../ecoli_genomes/GCF_000358895.1_ASM35889v1_genomic.fna.gz,../ecoli_genomes/GCF_000456385.1_Esch_coli_HVH_26_4-5703913_V1_genomic.fna.gz,../ecoli_genomes/GCF_000458195.1_Esch_coli_HVH_147_4-5893887_V1_genomic.fna.gz,../ecoli_genomes/GCF_000459755.1_Esch_coli_KOEGE_58_171a_V1_genomic.fna.gz,../ecoli_genomes/GCF_000460055.1_Esch_coli_UMEA_3053-1_V1_genomic.fna.gz,../ecoli_genomes/GCF_000462165.2_ASM46216v2_genomic.fna.gz,../ecoli_genomes/GCF_000601135.1_ASM60113v1_genomic.fna.gz,../ecoli_genomes/GCF_000614595.1_Ec2010EL1058_genomic.fna.gz,../ecoli_genomes/GCF_000617745.1_Ec2010C-4529_genomic.fna.gz,../ecoli_genomes/GCF_000618265.2_EcF6751_genomic.fna.gz,../ecoli_genomes/GCF_000619005.2_Ec2009C-4052_genomic.fna.gz,../ecoli_genomes/GCF_000619105.1_Ec2009C-4780_genomic.fna.gz,../ecoli_genomes/GCF_000619765.2_Ec2009C-3279_genomic.fna.gz,../ecoli_genomes/GCF_000687005.1_ASM68700v1_genomic.fna.gz,../ecoli_genomes/GCF_000687025.1_ASM68702v1_genomic.fna.gz,../ecoli_genomes/GCF_000700125.1_ASM70012v1_genomic.fna.gz,../ecoli_genomes/GCF_000753315.1_FHI35_genomic.fna.gz,../ecoli_genomes/GCF_000776375.1_ASM77637v1_genomic.fna.gz,../ecoli_genomes/GCF_000779395.1_ASM77939v1_genomic.fna.gz,../ecoli_genomes/GCF_000780315.1_ASM78031v1_genomic.fna.gz,../ecoli_genomes/GCF_000781995.1_ASM78199v1_genomic.fna.gz,../ecoli_genomes/GCF_000986765.1_ASM98676v1_genomic.fna.gz,../ecoli_genomes/GCF_001041375.1_ViralProj287958_genomic.fna.gz,../ecoli_genomes/GCF_001265335.1_302014_genomic.fna.gz,../ecoli_genomes/GCF_001265625.1_100854_genomic.fna.gz,../ecoli_genomes/GCF_001267345.1_303289_genomic.fna.gz,../ecoli_genomes/GCF_001309985.1_ASM130998v1_genomic.fna.gz,../ecoli_genomes/GCF_001521695.1_ASM152169v1_genomic.fna.gz,../ecoli_genomes/GCF_001592595.1_ASM159259v1_genomic.fna.gz,../ecoli_genomes/GCF_001614975.1_ASM161497v1_genomic.fna.gz,../ecoli_genomes/GCF_001692775.1_ASM169277v1_genomic.fna.gz,../ecoli_genomes/GCF_001748915.1_ASM174891v1_genomic.fna.gz,../ecoli_genomes/GCF_001749235.1_ASM174923v1_genomic.fna.gz,../ecoli_genomes/GCF_001881155.1_ASM188115v1_genomic.fna.gz,../ecoli_genomes/GCF_001881345.1_ASM188134v1_genomic.fna.gz,../ecoli_genomes/GCF_001892405.1_ASM189240v1_genomic.fna.gz,../ecoli_genomes/GCF_001892585.1_ASM189258v1_genomic.fna.gz,../ecoli_genomes/GCF_001893985.1_ASM189398v1_genomic.fna.gz,../ecoli_genomes/GCF_002001595.1_ASM200159v1_genomic.fna.gz,../ecoli_genomes/GCF_002002145.1_ASM200214v1_genomic.fna.gz
1.0,0.37973724304157574,0.3172037501825957,0.33650980372524597,0.359348611146481,0.36414267293370217,0.3632242508977753,0.34435927734602656,0.43629235497358065,0.3563312030179536,0.3758344111345411,0.3482083862805124,0.3721063878304445,0.3306720415666746,0.31985325288710686,0.3675193012220692,0.35774847514983565,0.36390958022868103,0.3356313604135429,0.36576289361259806,0.3557518814050413,0.35859700005673434,0.36949481437787857,0.36786817951816975,0.35257786168720606,0.360762838522132,0.3629255682486575,0.33808560816286193,0.3944136339774492,0.4464992430946032,0.3143146474218578,0.3515225901891227,0.0,0.3676286970164998,0.3675028666712121,0.33558311274128094,0.34981568632222204,0.3735151616994311,0.28269279977855644,0.36975526969572936,0.3193970014208267,0.3666683727086806,0.37242890285063646,0.3411285726990383,0.347664245501071,0.3618382818660817,0.3622127712870785,0.36354755758412316,0.3308121381052701,0.4004999544014052
0.37973724304157574,1.0,0.2988890459275695,0.3295684493252454,0.43692500788095057,0.5692283648813277,0.3987061482431459,0.34125379074399853,0.35527470997503907,0.33783246266588696,0.4679168391723525,0.3463672563504956,0.4547560891921325,0.3248549484603769,0.3156766265806833,0.40201291629814373,0.4931068121418577,0.4587880033470325,0.4105814974914258,0.40430683165417514,0.44554072336563366,0.44696217327012955,0.46342306466728445,0.5659298140679823,0.567078222062458,0.5176628222474737,0.45443461841159105,0.3407279286352939,0.36568434663712157,0.3654579083959616,0.3116346977812652,0.4512021039970514,0.0,0.44866466972638464,0.5746171399371784,0.3225483682752486,0.38231363966044596,0.4670841254961371,0.25900073948646263,0.46604153478205046,0.31202330034979875,0.505759521308375,0.47106783410005004,0.34799698418934477,0.34726032910954896,0.33624004686255216,0.5142249545688995,0.5146189487327963,0.3406721244665857,0.3604367384831759
0.3172037501825957,0.2988890459275695,1.0,0.26684797568607643,0.26950002576290466,0.2791682063048203,0.2796011584941228,0.2720786087549557,0.3105701452906524,0.2709153455306841,0.2947176068125784,0.2680381156210616,0.2878453475422944,0.26719442010172745,0.2584200272873275,0.28452245966639733,0.2714865067625034,0.28485928396976257,0.2590285630202238,0.2843859985827041,0.28725448457597846,0.2816119066002065,0.29352160601584076,0.2795656978053388,0.269972245713918,0.27878420732103226,0.28702145892562403,0.27524982093400663,0.309454121880666,0.3174134830376866,0.25205878484656175,0.2758435860337012,0.0,0.28504144895319294,0.27724973824840693,0.2718086907057714,0.26787115706065034,0.282177372006846,0.21015431027269327,0.2932467625698598,0.2594222376084152,0.2836958412031705,0.2971299704089173,0.27656188029004036,0.27033155230871353,0.2894665685740745,0.2895006583685972,0.2888352547156152,0.27609399208924457,0.3148399885691595
0.33650980372524597,0.3295684493252454,0.26684797568607643,1.0,0.3448477699676298,0.3246905040638043,0.3125432274226989,0.5331586894217513,0.34592045656389125,0.5548958067039382,0.3192190032854886,0.5405283436542737,0.33510389609870117,0.580448136715884,0.5941669508339689,0.3300272913340675,0.3142834934483525,0.3210226031688881,0.2899010408989796,0.316633606040607,0.3111575211070132,0.31214241807628984,0.32964747180421194,0.325842746248577,0.31766758088103575,0.3227259714034677,0.3160196603245734,0.5653106424217422,0.3587237926545962,0.339938698706169,0.5329888481873989,0.33745777202798277,0.0,0.3096859990595159,0.31468704946874615,0.45709959117598475,0.306098307656127,0.3108204825477576,0.3995229528218278,0.31318007423527683,0.5622330525939372,0.3110194888928337,0.32085237848593795,0.5571643187953552,0.5470660340290305,0.34290762925988605,0.31230366222553996,0.31374718868672846,0.49224393080901585,0.3611551695995219
0.359348611146481,0.43692500788095057,0.26950002576290466,0.3448477699676298,1.0,0.44957605360888786,0.37182619007886264,0.33259701491046423,0.36377396033722975,0.34540572434637584,0.5366276597395849,0.3225726721634403,0.5247645678141086,0.3295770878037173,0.34710538630798693,0.4120213244864581,0.44561484596484546,0.4582669561870403,0.4175999603567835,0.3755820644745258,0.4686586499886981,0.4575167596326144,0.4709376626075916,0.46395139932068863,0.4437924001167669,0.4546188219985531,0.47048056964663876,0.3190843498331829,0.34156961451737944,0.36759276183640666,0.30976789572284746,0.5009756017972631,0.0,0.4669284455798056,0.43938459343129,0.3077794364970311,0.3748980425662999,0.48729767040512584,0.2884865111043955,0.4822717049440536,0.3439659362365033,0.4439801808252355,0.501645918280905,0.3170937146255003,0.3239304381333369,0.321408932447641,0.46266120250329645,0.4649016093336207,0.31376142433274223,0.33668042136066334
0.36414267293370217,0.5692283648813277,0.2791682063048203,0.3246905040638043,0.44957605360888786,1.0,0.4018438776793728,0.3373965980760729,0.35268529306644136,0.3286053904462618,0.45477582990758436,0.31894353742855397,0.4559597533561014,0.31963064204656344,0.3150831693626239,0.4033625806709973,0.4885061616908406,0.4538101059634968,0.40935759522928505,0.4012396712594595,0.4360207878924188,0.43611690361086985,0.45749986439445844,0.555144723738373,0.5525061571011594,0.4924983696851114,0.43967291677728804,0.32588969087459607,0.3552820817302317,0.35456429413530777,0.3016515315663517,0.44896583081972663,0.0,0.45825283976409403,0.5676287898271184,0.3294929458553916,0.38332411813543166,0.45727711476075017,0.2925538735377845,0.4520545166991905,0.3110217550255434,0.5028567134565575,0.4627377135606433,0.32514047881716257,0.32519751703007516,0.32575363658247536,0.5046606456313526,0.506166965887245,0.32240011978526273,0.3591136444005387
0.3632242508977753,0.3987061482431459,0.2796011584941228,0.3125432274226989,0.37182619007886264,0.4018438776793728,1.0,0.313423619330377,0.3554556038783361,0.31589970298442505,0.40346658375600464,0.3096213238039319,0.3965927178132689,0.3103991379842901,0.299420185641305,0.7639938992763473,0.3880917153219936,0.4328170371234066,0.3899977012127509,0.8503048975536135,0.42717036606427816,0.4165928604546505,0.4367063945806724,0.3934747718326025,0.3806336304759045,0.3937711492135759,0.40144939410470093,0.3083131394339904,0.3501604370185535,0.35385613263848614,0.2930723935522431,0.38550835816503104,0.0,0.4081035556974716,0.4058337267031644,0.3276160320897946,0.793651259599222,0.3808104717615035,0.2648733761039981,0.40229347538830607,0.2930846017842722,0.3981971792818022,0.40446576047618765,0.3123345257918009,0.3088399376528217,0.3198087344852887,0.3880847897600964,0.3878112916085108,0.31122074650986764,0.352169913560584
0.34435927734602656,0.34125379074399853,0.2720786087549557,0.5331586894217513,0.33259701491046423,0.3373965980760729,0.313423619330377,1.0,0.3378599555334808,0.5397489342662185,0.32875807712898564,0.5257955506056438,0.3332259197257903,0.5249132595607129,0.5074024218961113,0.3201209389688022,0.3243194554912887,0.3219733534539354,0.29591866362992025,0.31729168376262074,0.31387830807285455,0.31405075283874473,0.3299205203229749,0.33792038959013215,0.31571235337226067,0.33006116837193966,0.31850348368676407,0.7070859366983913,0.36785966581330654,0.33688056143897216,0.49952838195509186,0.32513411210746623,0.0,0.3208960517217351,0.3229189674250814,0.4516037372013171,0.30130657987209586,0.3348402497617209,0.3927464882499361,0.32701775125949706,0.5111059895492316,0.32552545629783947,0.32740032937942387,0.7052549973223328,0.6813835027275568,0.34476435916680537,0.32198197531463735,0.32175259547515567,0.49367969240207377,0.36475829166133655
0.43629235497358065,0.35527470997503907,0.3105701452906524,0.34592045656389125,0.36377396033722975,0.35268529306644136,0.3554556038783361,0.3378599555334808,1.0,0.3525737980398027,0.36905831685160617,0.3316621991821399,0.37143034471099,0.33805067963500834,0.33579740385385903,0.370286369668523,0.3414272051691908,0.35726608323101927,0.3174398862551888,0.3622942567427426,0.3458989767133881,0.349241013280871,0.35940679069730397,0.3602779320323971,0.3385903641373975,0.3564448600497746,0.3610665869546068,0.33308856238751516,0.3907114577286859,0.46782049392997593,0.3204658470645906,0.3487655535984209,0.0,0.35365312791947934,0.3523275861798867,0.3408215678747434,0.3462581615010427,0.3467675544113332,0.27534253321862245,0.36087154941339206,0.330339038048414,0.3548787964770861,0.3676799403269868,0.3339755816266321,0.32665071118817646,0.36516246269196295,0.352601594258246,0.35271319331099726,0.33102093599477833,0.3982766264821388
0.3563312030179536,0.33783246266588696,0.2709153455306841,0.5548958067039382,0.34540572434637584,0.3286053904462618,0.31589970298442505,0.5397489342662185,0.3525737980398027,1.0,0.33522656788031435,0.5252559922460354,0.34343477063636163,0.5483022064673537,0.5327801368237159,0.33185905843634744,0.3173931418902656,0.32731389537874744,0.2909687328330358,0.3204118002643972,0.3105559774767219,0.31264523465245286,0.32347556941456646,0.32874609997496373,0.3168078054437129,0.3281917572973734,0.3228679703224274,0.5505571874944557,0.3657243272750934,0.3479190307045644,0.5422422320029764,0.32299090320873347,0.0,0.3167791563418608,0.31985920091930675,0.47007275677036975,0.3061700002826224,0.3233854097997152,0.39360580922390453,0.3287030774966727,0.5528788301159695,0.3179281466386351,0.32688822440827425,0.5460603938656161,0.5469902827089477,0.34303285906406267,0.3223126877699395,0.3226795220498293,0.5173574337177784,0.3611729481012539
0.3758344111345411,0.4679168391723525,0.2947176068125784,0.3192190032854886,0.5366276597395849,0.45477582990758436,0.40346658375600464,0.32875807712898564,0.36905831685160617,0.33522656788031435,1.0,0.3296296724699329,0.5514775169419384,0.3273799409374182,0.3145682690378817,0.411364069572954,0.4381966332486904,0.527020566434756,0.46751649773861326,0.4109253408225191,0.5175974303046844,0.5234693079413635,0.5360716575702363,0.45838289182427516,0.4302510212932821,0.4649003145443422,0.5303542089114098,0.32974047066290446,0.3583606692202922,0.37301192372693004,0.30666324791364596,0.48465178523283314,0.0,0.5133446670370625,0.46365878115190096,0.3363326582249677,0.388238657907197,0.5163367063323379,0.2609529355646304,0.5604851259251475,0.30886791435747496,0.4804581639702591,0.5477103553563548,0.33046749105169215,0.3268641016159993,0.33975093016265245,0.4816098140453333,0.48112010537181027,0.3339017633660786,0.3643937885575598
0.3482083862805124,0.3463672563504956,0.2680381156210616,0.5405283436542737,0.3225726721634403,0.31894353742855397,0.3096213238039319,0.5257955506056438,0.3316621991821399,0.5252559922460354,0.3296296724699329,1.0,0.327707601397087,0.5328805524532197,0.6249822096608723,0.3179421430106185,0.3129452033066016,0.3160536232542259,0.29626659537811495,0.3122933569806793,0.31459110121844647,0.3141368644651532,0.3246302709566511,0.3275540937654504,0.315302648809501,0.3242702541558945,0.31468221971927635,0.5267297231154694,0.3678057151427945,0.3421981297434623,0.4843936535159814,0.3194829599582236,0.0,0.3132435866599357,0.32073016689578393,0.44452256167790394,0.2996338487968855,0.3205970165759745,0.3973210314727801,0.31959546773158587,0.5033948769550285,0.311439334886617,0.32501127361938986,0.5303276756378592,0.5281916767827184,0.34699039032210965,0.316851808088518,0.31827916380998955,0.48603225773899517,0.36184541960289285
0.3721063878304445,0.4547560891921325,0.2878453475422944,0.33510389609870117,0.5247645678141086,0.4559597533561014,0.3965927178132689,0.3332259197257903,0.37143034471099,0.34343477063636163,0.5514775169419384,0.327707601397087,1.0,0.3210130228859821,0.3323134112928945,0.4221175611068052,0.444665339013007,0.5318252231043026,0.5261368078128326,0.4018294060315004,0.5354596223650807,0.5863421643877139,0.581663835646383,0.47245948437448826,0.4266770206347601,0.45752554347628926,0.5579581372963305,0.3251040179103508,0.35663404328239245,0.3816021769272968,0.30577569690496986,0.5299695800821393,0.0,0.560056988475282,0.45932425280046385,0.3201406902702598,0.39354077534548015,0.5294583145593853,0.2689326451597458,0.5695867934007101,0.3217193732988347,0.4666014937901969,0.5619612419426463,0.32311087811383266,0.3208970802554929,0.32983334527483743,0.46883348173513295,0.4694825285035604,0.3226116286977211,0.35900006919008864
0.3306720415666746,0.3248549484603769,0.26719442010172745,0.580448136715884,0.3295770878037173,0.31963064204656344,0.3103991379842901,0.5249132595607129,0.33805067963500834,0.5483022064673537,0.3273799409374182,0.5328805524532197,0.3210130228859821,1.0,0.5798662097609227,0.3172379803057389,0.3069676219800398,0.31874072091792993,0.28820452146131514,0.31551171129875843,0.30432668327276835,0.311665195415871,0.3235887470266854,0.3115865419514414,0.3078650684819667,0.31556212590656696,0.31539252178401456,0.5639757239785241,0.3650791713678073,0.3320759295998026,0.5343800673069108,0.31814816257184675,0.0,0.31222187581396377,0.31880653496507594,0.4561935002572829,0.29843549884268583,0.316681743973279,0.3810929666906221,0.31770148735347925,0.5455609453532673,0.31143407518835475,0.32384012913581384,0.5557538075362052,0.5453324432237647,0.34728760377836465,0.3143088374852706,0.3149528981176515,0.5046370766386177,0.36683414629126954
0.31985325288710686,0.3156766265806833,0.2584200272873275,0.5941669508339689,0.34710538630798693,0.3150831693626239,0.299420185641305,0.5074024218961113,0.33579740385385903,0.5327801368237159,0.3145682690378817,0.6249822096608723,0.3323134112928945,0.5798662097609227,1.0,0.31875435500105853,0.3167991523389758,0.3091821139303903,0.27955560326459383,0.30512302231699373,0.3004796081194092,0.30218279876530585,0.31800603026748,0.32185834706856953,0.3055407638217894,0.31810180659034504,0.305962243665159,0.5277190677573405,0.3533528828656125,0.33212507549661974,0.5224438404582276,0.32701017940952604,0.0,0.3048754795792744,0.30830111263517257,0.44402497148905906,0.294840318657947,0.3089972939100354,0.39172553670038346,0.3064246942236315,0.5484777883259584,0.3062918657413597,0.3171601107235468,0.5187508381056062,0.5101002454084456,0.3411686593948168,0.3128061667693346,0.3140714967248186,0.48091485239480225,0.36597460273291116
0.3675193012220692,0.40201291629814373,0.28452245966639733,0.3300272913340675,0.4120213244864581,0.4033625806709973,0.7639938992763473,0.3201209389688022,0.370286369668523,0.33185905843634744,0.411364069572954,0.3179421430106185,0.4221175611068052,0.3172379803057389,0.31875435500105853,1.0,0.3954379455766559,0.42376001762127125,0.3862378951706249,0.7808461978198864,0.41487590160248755,0.4197988232642783,0.43139467562312295,0.40878295128780695,0.3906564369659341,0.4067419896530927,0.4016458939691351,0.31292073776639684,0.3530883939483882,0.3737179663759197,0.30155794998534147,0.39898049504156075,0.0,0.4043235023678303,0.40345648001685774,0.32438261583745476,0.7519742904849644,0.38558844232592393,0.26272778631435023,0.4048980518883901,0.3126211325149716,0.40029478003616425,0.40872478113367416,0.3119440744157994,0.31215171594542357,0.3255905364710684,0.39707943918210575,0.39766613175435395,0.3178613569847525,0.35579914035900906
0.35774847514983565,0.4931068121418577,0.2714865067625034,0.3142834934483525,0.44561484596484546,0.4885061616908406,0.3880917153219936,0.3243194554912887,0.3414272051691908,0.3173931418902656,0.4381966332486904,0.3129452033066016,0.444665339013007,0.3069676219800398,0.3167991523389758,0.3954379455766559,1.0,0.42661282591247296,0.3882601977406911,0.38668518817461706,0.4242747527000713,0.43037279254358174,0.44511592454210636,0.5332946229541932,0.5069559870385179,0.5395880380721811,0.4266378795406939,0.31660101279736375,0.3413872657776176,0.34205137771142724,0.29345148695745715,0.4646154314075478,0.0,0.44726200801360905,0.5017182591657295,0.31761082195103785,0.37894733000764746,0.42421062980714774,0.26338399700751025,0.43413525314056267,0.29822546125527183,0.4848984767128367,0.44770312946155666,0.31703673344382666,0.3286312829034499,0.30942063772670303,0.48709545914264774,0.49009377702176227,0.30868305888598113,0.34254170427974406
0.36390958022868103,0.4587880033470325,0.28485928396976257,0.3210226031688881,0.4582669561870403,0.4538101059634968,0.4328170371234066,0.3219733534539354,0.35726608323101927,0.32731389537874744,0.527020566434756,0.3160536232542259,0.5318252231043026,0.31874072091792993,0.3091821139303903,0.42376001762127125,0.42661282591247296,1.0,0.5179689193188235,0.43401894292218646,0.5454776141926538,0.551049457820185,0.5654953768546707,0.44973191779867805,0.4194109325813421,0.4457380059490287,0.5368710399719931,0.32193662678434054,0.3583997490792481,0.363514813991592,0.303383921516472,0.4857065434413066,0.0,0.5202080303896264,0.45250984276837714,0.33856077561131304,0.4155323895289317,0.49291087068847994,0.26305403290163465,0.5336859296396181,0.30287445904686494,0.46747170676216276,0.526171568878677,0.32219125710068575,0.3175013522371679,0.32871686191110816,0.4647719647302938,0.4646266908025116,0.31855610242570276,0.3602397616003288
0.3356313604135429,0.4105814974914258,0.2590285630202238,0.2899010408989796,0.4175999603567835,0.40935759522928505,0.3899977012127509,0.29591866362992025,0.3174398862551888,0.2909687328330358,0.46751649773861326,0.29626659537811495,0.5261368078128326,0.28820452146131514,0.27955560326459383,0.3862378951706249,0.3882601977406911,0.5179689193188235,1.0,0.3860079514787871,0.49390565493633165,0.5406477346388834,0.5041143856636676,0.40621416684360845,0.38815522129909685,0.39866683981135076,0.4780423816844883,0.2906111980232823,0.32354551726017444,0.32778025515930365,0.2741743249638905,0.4687612446389172,0.0,0.4700158478099219,0.41571480562536045,0.30428306289640106,0.3719663542743331,0.4456463821793394,0.2526999887598145,0.481938169419156,0.2720666626619209,0.42140249336440827,0.4772894921161033,0.29453280732426923,0.2926197708213166,0.298035217224376,0.41761437462703677,0.4187333287356093,0.28972392937913116,0.3252395643265956
0.36576289361259806,0.40430683165417514,0.2843859985827041,0.316633606040607,0.3755820644745258,0.4012396712594595,0.8503048975536135,0.31729168376262074,0.3622942567427426,0.3204118002643972,0.4109253408225191,0.3122933569806793,0.4018294060315004,0.31551171129875843,0.30512302231699373,0.7808461978198864,0.38668518817461706,0.43401894292218646,0.3860079514787871,1.0,0.42856131478122617,0.41674797463050395,0.4371056569785272,0.39320617156337734,0.3852128626483571,0.3976051735037206,0.4060167522498098,0.3126962636575452,0.35552489719370584,0.35964513482870664,0.29810640284747514,0.3885687929324203,0.0,0.40926641382992857,0.4050518645622183,0.3285541417576703,0.8005602031718229,0.3869478622814364,0.25852272075910354,0.4101012031377709,0.297744453082477,0.40265864015982766,0.4106552100024097,0.3147473794590767,0.3106211266207729,0.3265623076399322,0.3947525474187039,0.3944770287713101,0.3164759987649095,0.35962694237617465
0.3557518814050413,0.44554072336563366,0.28725448457597846,0.3111575211070132,0.4686586499886981,0.4360207878924188,0.42717036606427816,0.31387830807285455,0.3458989767133881,0.3105559774767219,0.5175974303046844,0.31459110121844647,0.5354596223650807,0.30432668327276835,0.3004796081194092,0.41487590160248755,0.4242747527000713,0.5454776141926538,0.49390565493633165,0.42856131478122617,1.0,0.5433071264430358,0.5696300655698594,0.4375952491111331,0.4130516327827779,0.44677901501751593,0.5381664750648901,0.31517828772448353,0.3417291618538677,0.3594669106976808,0.290702552692355,0.49648403674591446,0.0,0.5346049683030982,0.4435915940798345,0.32419931316588646,0.4071725161368702,0.5015648748759605,0.2557047906074438,0.5374769525851795,0.2965812133526913,0.44443029148004376,0.5315804209371958,0.31556623962358143,0.3146024933814626,0.3294996041529338,0.4611469153108705,0.4613128742627748,0.3107427738423014,0.3501358821630065
0.35859700005673434,0.44696217327012955,0.2816119066002065,0.31214241807628984,0.4575167596326144,0.43611690361086985,0.4165928604546505,0.31405075283874473,0.349241013280871,0.31264523465245286,0.5234693079413635,0.3141368644651532,0.5863421643877139,0.311665195415871,0.30218279876530585,0.4197988232642783,0.43037279254358174,0.551049457820185,0.5406477346388834,0.41674797463050395,0.5433071264430358,1.0,0.7283007993160533,0.43739982954104817,0.4199311445268633,0.4414496534380613,0.5418941013935747,0.3130572907037744,0.34644210282352594,0.3545479871227468,0.2928759106418032,0.506705640036985,0.0,0.6493970887487264,0.44451220768039956,0.3208970968459294,0.40081117641786534,0.5115781120280241,0.26120841509632264,0.5456737645373609,0.2933681829844872,0.4483857456638415,0.5515360148069322,0.31637778053555266,0.30933833511902886,0.32146594418755736,0.45028639844448426,0.4512229416595308,0.3127976767836218,0.35207216901159677
0.36949481437787857,0.46342306466728445,0.29352160601584076,0.32964747180421194,0.4709376626075916,0.45749986439445844,0.4367063945806724,0.3299205203229749,0.35940679069730397,0.32347556941456646,0.5360716575702363,0.3246302709566511,0.581663835646383,0.3235887470266854,0.31800603026748,0.43139467562312295,0.44511592454210636,0.5654953768546707,0.5041143856636676,0.4371056569785272,0.5696300655698594,0.7283007993160533,1.0,0.4535657469205896,0.43139555052887335,0.45167751776525944,0.5645808264352676,0.32995872538226056,0.3603748563659206,0.361318724712434,0.30727592737633336,0.520510803512573,0.0,0.6608546218568145,0.4569845793259777,0.33476910443753083,0.41910621350224364,0.5258669674877112,0.2660112891237175,0.558838049917596,0.306301782631781,0.4573960704006431,0.5602532845101019,0.32807942863917816,0.32508085526160035,0.3292192334004329,0.462975972234141,0.46348190400722156,0.32306477423688307,0.3626036167604981
0.36786817951816975,0.5659298140679823,0.2795656978053388,0.325842746248577,0.46395139932068863,0.555144723738373,0.3934747718326025,0.33792038959013215,0.3602779320323971,0.32874609997496373,0.45838289182427516,0.3275540937654504,0.47245948437448826,0.3115865419514414,0.32185834706856953,0.40878295128780695,0.5332946229541932,0.44973191779867805,0.40621416684360845,0.39320617156337734,0.4375952491111331,0.43739982954104817,0.4535657469205896,1.0,0.5649513955107509,0.5249989424998939,0.44889842707841354,0.3166252093798352,0.34523430177036596,0.36398041278978854,0.2981923870271699,0.44927209905505794,0.0,0.44728823618837976,0.5800285159182542,0.3198651655144269,0.3852950251207584,0.43673714084655846,0.26823604618400254,0.4436044712055377,0.31491826893925157,0.5037897278430143,0.4558964203069159,0.31928453677302937,0.3257751892625982,0.32239959570685794,0.4901462211705977,0.4939914598873757,0.312550416022933,0.34491896256446275
0.35257786168720606,0.567078222062458,0.269972245713918,0.31766758088103575,0.4437924001167669,0.5525061571011594,0.3806336304759045,0.31571235337226067,0.3385903641373975,0.3168078054437129,0.4302510212932821,0.315302648809501,0.4266770206347601,0.3078650684819667,0.3055407638217894,0.3906564369659341,0.5069559870385179,0.4194109325813421,0.38815522129909685,0.3852128626483571,0.4130516327827779,0.4199311445268633,0.43139555052887335,0.5649513955107509,1.0,0.5383835921444615,0.4214496104974198,0.30325837114129994,0.3342616238970946,0.33960401962200315,0.2939123949092588,0.46966737689790017,0.0,0.42101457568573575,0.5549960168674477,0.3091938308388571,0.3766837944806233,0.43036754774392627,0.25826420896431246,0.4247431840357585,0.30108387107202406,0.47698466345832946,0.444608269389013,0.31789306177015986,0.3155107404204226,0.31483499555336447,0.47604682776255125,0.4806603630455739,0.3140233046095192,0.3367168226881908
0.360762838522132,0.5176628222474737,0.27878420732103226,0.3227259714034677,0.4546188219985531,0.4924983696851114,0.3937711492135759,0.33006116837193966,0.3564448600497746,0.3281917572973734,0.4649003145443422,0.3242702541558945,0.45752554347628926,0.31556212590656696,0.31810180659034504,0.4067419896530927,0.5395880380721811,0.4457380059490287,0.39866683981135076,0.3976051735037206,0.44677901501751593,0.4414496534380613,0.45167751776525944,0.5249989424998939,0.5383835921444615,1.0,0.4432762861258477,0.3163701882886123,0.34802404183954605,0.3594565971071412,0.30353167850447804,0.4485933707550809,0.0,0.43813524742002175,0.5124288355442352,0.32308535079023937,0.38943676269165417,0.4412504737937136,0.26518057536091666,0.4572138614471345,0.30815981613929744,0.5026846289617788,0.45486070278897994,0.32975628820114466,0.3275074682280994,0.3199871883929303,0.5072912411772121,0.5094904057775156,0.3273233549607917,0.3530349248865233
0.3629255682486575,0.45443461841159105,0.28702145892562403,0.3160196603245734,0.47048056964663876,0.43967291677728804,0.40144939410470093,0.31850348368676407,0.3610665869546068,0.3228679703224274,0.5303542089114098,0.31468221971927635,0.5579581372963305,0.31539252178401456,0.305962243665159,0.4016458939691351,0.4266378795406939,0.5368710399719931,0.4780423816844883,0.4060167522498098,0.5381664750648901,0.5418941013935747,0.5645808264352676,0.44889842707841354,0.4214496104974198,0.4432762861258477,1.0,0.315640010348619,0.3535394626216505,0.36385898070777534,0.2986421764906806,0.5092911886783615,0.0,0.5319924336683693,0.44869117612278697,0.32254892665482215,0.38898785289585047,0.584271890282617,0.24795697259290972,0.5655425069327047,0.30170089186325355,0.45853670254669976,0.6289950846695405,0.3210649036235501,0.31205505517848187,0.33181214009317894,0.45625560873993853,0.45661573644359077,0.3194620098859815,0.3574200695672949
0.33808560816286193,0.3407279286352939,0.27524982093400663,0.5653106424217422,0.3190843498331829,0.32588969087459607,0.3083131394339904,0.7070859366983913,0.33308856238751516,0.5505571874944557,0.32974047066290446,0.5267297231154694,0.3251040179103508,0.5639757239785241,0.5277190677573405,0.31292073776639684,0.31660101279736375,0.32193662678434054,0.2906111980232823,0.3126962636575452,0.31517828772448353,0.3130572907037744,0.32995872538226056,0.3166252093798352,0.30325837114129994,0.3163701882886123,0.315640010348619,1.0,0.3713003183126854,0.3327173494514102,0.5142467914744613,0.32364445354645655,0.0,0.3153335894707563,0.31707994159287733,0.45552952018166504,0.2952956969916427,0.32649238656707313,0.39136226468070423,0.32229897527131635,0.5251430460121087,0.31964611103613805,0.31996596232456465,0.8101695422893251,0.7745247006126016,0.3441883821621693,0.3207848014596466,0.32084993939049045,0.5125103889798341,0.36061888819531873
0.3944136339774492,0.36568434663712157,0.309454121880666,0.3587237926545962,0.34156961451737944,0.3552820817302317,0.3501604370185535,0.36785966581330654,0.3907114577286859,0.3657243272750934,0.3583606692202922,0.3678057151427945,0.35663404328239245,0.3650791713678073,0.3533528828656125,0.3530883939483882,0.3413872657776176,0.3583997490792481,0.32354551726017444,0.35552489719370584,0.3417291618538677,0.34644210282352594,0.3603748563659206,0.34523430177036596,0.3342616238970946,0.34802404183954605,0.3535394626216505,0.3713003183126854,1.0,0.38053595698511233,0.3398723637098865,0.344415861612134,0.0,0.3508424543092966,0.34682012632889747,0.35705343414358837,0.3365633733840908,0.35145465886186245,0.2849123288395503,0.353132485849063,0.338364618045249,0.3511219595397784,0.35695464037768565,0.3670400712489271,0.3657474046540996,0.431503911188459,0.3503935104738799,0.35082860308249364,0.35433582148575693,0.63270020405809
0.4464992430946032,0.3654579083959616,0.3174134830376866,0.339938698706169,0.36759276183640666,0.35456429413530777,0.35385613263848614,0.33688056143897216,0.46782049392997593,0.3479190307045644,0.37301192372693004,0.3421981297434623,0.3816021769272968,0.3320759295998026,0.33212507549661974,0.3737179663759197,0.34205137771142724,0.363514813991592,0.32778025515930365,0.35964513482870664,0.3594669106976808,0.3545479871227468,0.361318724712434,0.36398041278978854,0.33960401962200315,0.3594565971071412,0.36385898070777534,0.3327173494514102,0.38053595698511233,1.0,0.3202569099760444,0.348156713967272,0.0,0.3508672558674012,0.35664398903143435,0.3386882328417635,0.34625283862822953,0.3556641474275771,0.2802280030525036,0.37388806981844047,0.3308705979361922,0.35564773668239635,0.36994714427742637,0.3320892141261901,0.32658492866338695,0.37827453063145244,0.3620387409057202,0.36213352547434086,0.3310155113924892,0.3949794188072102
0.3143146474218578,0.3116346977812652,0.25205878484656175,0.5329888481873989,0.30976789572284746,0.3016515315663517,0.2930723935522431,0.49952838195509186,0.3204658470645906,0.5422422320029764,0.30666324791364596,0.4843936535159814,0.30577569690496986,0.5343800673069108,0.5224438404582276,0.30155794998534147,0.29345148695745715,0.303383921516472,0.2741743249638905,0.29810640284747514,0.290702552692355,0.2928759106418032,0.30727592737633336,0.2981923870271699,0.2939123949092588,0.30353167850447804,0.2986421764906806,0.5142467914744613,0.3398723637098865,0.3202569099760444,1.0,0.30142304217199345,0.0,0.29788089809284846,0.2974427881122014,0.43776809443097087,0.2839516463925389,0.2967645778071698,0.35868841957990405,0.30400057966390914,0.6486652601001344,0.29545345322338445,0.30380349535756734,0.5119339574538504,0.5026354900510768,0.326721192816411,0.3013016466103341,0.30124639391691943,0.4759640876704313,0.3372023790612677
0.3515225901891227,0.4512021039970514,0.2758435860337012,0.33745777202798277,0.5009756017972631,0.44896583081972663,0.38550835816503104,0.32513411210746623,0.3487655535984209,0.32299090320873347,0.48465178523283314,0.3194829599582236,0.5299695800821393,0.31814816257184675,0.32701017940952604,0.39898049504156075,0.4646154314075478,0.4857065434413066,0.4687612446389172,0.3885687929324203,0.49648403674591446,0.506705640036985,0.520510803512573,0.44927209905505794,0.46966737689790017,0.4485933707550809,0.5092911886783615,0.32364445354645655,0.344415861612134,0.348156713967272,0.30142304217199345,1.0,0.0,0.4971083454503312,0.43434852540925306,0.31214109800436984,0.3862477401087754,0.5088879360931924,0.2644727014117626,0.5120330783367661,0.3110600604947128,0.44702569214871835,0.5340353468711239,0.317922747746732,0.32508885565953727,0.3159336295289189,0.4556130109494396,0.45760253125464556,0.3041341813316516,0.3449666428172288
0.0,0.0,0.0,0.0,0.0,0.0,0.0,0.0,0.0,0.0,0.0,0.0,0.0,0.0,0.0,0.0,0.0,0.0,0.0,0.0,0.0,0.0,0.0,0.0,0.0,0.0,0.0,0.0,0.0,0.0,0.0,0.0,1.0,0.0,0.0,0.0,0.0,0.0,0.0,0.0,0.0,0.0,0.0,0.0,0.0,0.0,0.0,0.0,0.0,0.0
0.3676286970164998,0.44866466972638464,0.28504144895319294,0.3096859990595159,0.4669284455798056,0.45825283976409403,0.4081035556974716,0.3208960517217351,0.35365312791947934,0.3167791563418608,0.5133446670370625,0.3132435866599357,0.560056988475282,0.31222187581396377,0.3048754795792744,0.4043235023678303,0.44726200801360905,0.5202080303896264,0.4700158478099219,0.40926641382992857,0.5346049683030982,0.6493970887487264,0.6608546218568145,0.44728823618837976,0.42101457568573575,0.43813524742002175,0.5319924336683693,0.3153335894707563,0.3508424543092966,0.3508672558674012,0.29788089809284846,0.4971083454503312,0.0,1.0,0.45556994020470454,0.33430770333718596,0.3881653207371121,0.5087213136764115,0.27553642941639034,0.5414309195771347,0.29660112545748496,0.4548316393288381,0.551983678822479,0.31585493241494145,0.31446082403625364,0.32257618300087376,0.4566990890973067,0.45703164055699386,0.31106988164465754,0.353200415534318
0.3675028666712121,0.5746171399371784,0.27724973824840693,0.31468704946874615,0.43938459343129,0.5676287898271184,0.4058337267031644,0.3229189674250814,0.3523275861798867,0.31985920091930675,0.46365878115190096,0.32073016689578393,0.45932425280046385,0.31880653496507594,0.30830111263517257,0.40345648001685774,0.5017182591657295,0.45250984276837714,0.41571480562536045,0.4050518645622183,0.4435915940798345,0.44451220768039956,0.4569845793259777,0.5800285159182542,0.5549960168674477,0.5124288355442352,0.44869117612278697,0.31707994159287733,0.34682012632889747,0.35664398903143435,0.2974427881122014,0.43434852540925306,0.0,0.45556994020470454,1.0,0.3201159568512343,0.3825875449378884,0.44459036829937293,0.26507077440632165,0.4642310978259102,0.30004660387895343,0.5076126195689643,0.469585157962093,0.31566332102270633,0.31829285926053685,0.3216091458998145,0.49916229678558655,0.49944873485308794,0.31530305540467474,0.343660204895356
0.33558311274128094,0.3225483682752486,0.2718086907057714,0.45709959117598475,0.3077794364970311,0.3294929458553916,0.3276160320897946,0.4516037372013171,0.3408215678747434,0.47007275677036975,0.3363326582249677,0.44452256167790394,0.3201406902702598,0.4561935002572829,0.44402497148905906,0.32438261583745476,0.31761082195103785,0.33856077561131304,0.30428306289640106,0.3285541417576703,0.32419931316588646,0.3208970968459294,0.33476910443753083,0.3198651655144269,0.3091938308388571,0.32308535079023937,0.32254892665482215,0.45552952018166504,0.35705343414358837,0.3386882328417635,0.43776809443097087,0.31214109800436984,0.0,0.33430770333718596,0.3201159568512343,1.0,0.3137214295289412,0.31349533420889886,0.40510751806294654,0.3265739818255392,0.44168125381948653,0.31940277829000707,0.3258835175080005,0.4605764583724271,0.4575862723134243,0.33873988419094103,0.3153027025358667,0.31592886249540486,0.45408039690567026,0.36139737865177046
0.34981568632222204,0.38231363966044596,0.26787115706065034,0.306098307656127,0.3748980425662999,0.38332411813543166,0.793651259599222,0.30130657987209586,0.3462581615010427,0.3061700002826224,0.388238657907197,0.2996338487968855,0.39354077534548015,0.29843549884268583,0.294840318657947,0.7519742904849644,0.37894733000764746,0.4155323895289317,0.3719663542743331,0.8005602031718229,0.4071725161368702,0.40081117641786534,0.41910621350224364,0.3852950251207584,0.3766837944806233,0.38943676269165417,0.38898785289585047,0.2952956969916427,0.3365633733840908,0.34625283862822953,0.2839516463925389,0.3862477401087754,0.0,0.3881653207371121,0.3825875449378884,0.3137214295289412,1.0,0.36845478616874416,0.25119005735865296,0.38153863442479485,0.28760688313405935,0.3854076668196622,0.39221498484218764,0.29704571664289836,0.2944774492897132,0.3073261600156587,0.3741607656741541,0.37388608917543453,0.296143826934815,0.33974076682170984
0.3735151616994311,0.4670841254961371,0.282177372006846,0.3108204825477576,0.48729767040512584,0.45727711476075017,0.3808104717615035,0.3348402497617209,0.3467675544113332,0.3233854097997152,0.5163367063323379,0.3205970165759745,0.5294583145593853,0.316681743973279,0.3089972939100354,0.38558844232592393,0.42421062980714774,0.49291087068847994,0.4456463821793394,0.3869478622814364,0.5015648748759605,0.5115781120280241,0.5258669674877112,0.43673714084655846,0.43036754774392627,0.4412504737937136,0.584271890282617,0.32649238656707313,0.35145465886186245,0.3556641474275771,0.2967645778071698,0.5088879360931924,0.0,0.5087213136764115,0.44459036829937293,0.31349533420889886,0.36845478616874416,1.0,0.2579518597231514,0.5449699036380239,0.30445528899502705,0.4578665458929655,0.6371892444653542,0.33054394882682836,0.3239098949069745,0.3286316925614017,0.4693908889618039,0.4696292225739489,0.3248406035289194,0.3503089145580096
0.28269279977855644,0.25900073948646263,0.21015431027269327,0.3995229528218278,0.2884865111043955,0.2925538735377845,0.2648733761039981,0.3927464882499361,0.27534253321862245,0.39360580922390453,0.2609529355646304,0.3973210314727801,0.2689326451597458,0.3810929666906221,0.39172553670038346,0.26272778631435023,0.26338399700751025,0.26305403290163465,0.2526999887598145,0.25852272075910354,0.2557047906074438,0.26120841509632264,0.2660112891237175,0.26823604618400254,0.25826420896431246,0.26518057536091666,0.24795697259290972,0.39136226468070423,0.2849123288395503,0.2802280030525036,0.35868841957990405,0.2644727014117626,0.0,0.27553642941639034,0.26507077440632165,0.40510751806294654,0.25119005735865296,0.2579518597231514,1.0,0.2532711075885151,0.3789089654498423,0.2587324320996588,0.2591858989358016,0.40080845320915426,0.3957171766591152,0.26780907237972496,0.2564378467497901,0.2587912016781878,0.37059181395919594,0.28596053907835617
0.36975526969572936,0.46604153478205046,0.2932467625698598,0.31318007423527683,0.4822717049440536,0.4520545166991905,0.40229347538830607,0.32701775125949706,0.36087154941339206,0.3287030774966727,0.5604851259251475,0.31959546773158587,0.5695867934007101,0.31770148735347925,0.3064246942236315,0.4048980518883901,0.43413525314056267,0.5336859296396181,0.481938169419156,0.4101012031377709,0.5374769525851795,0.5456737645373609,0.558838049917596,0.4436044712055377,0.4247431840357585,0.4572138614471345,0.5655425069327047,0.32229897527131635,0.353132485849063,0.37388806981844047,0.30400057966390914,0.5120330783367661,0.0,0.5414309195771347,0.4642310978259102,0.3265739818255392,0.38153863442479485,0.5449699036380239,0.2532711075885151,1.0,0.30163818214599036,0.4679246364123887,0.5802783000154328,0.325223091065886,0.32398711630701127,0.33753300533131936,0.493706141243728,0.49295857393285114,0.32352858478714086,0.3620182974903734
