../ecoli_genomes/GCF_000163235.1_ASM16323v1_genomic.fna.gz,../ecoli_genomes/GCF_000164555.1_ASM16455v1_genomic.fna.gz,../ecoli_genomes/GCF_000208545.1_ASM20854v2_genomic.fna.gz,../ecoli_genomes/GCF_000233875.1_ASM23387v1_genomic.fna.gz,../ecoli_genomes/GCF_000249735.1_ASM24973v2_genomic.fna.gz,../ecoli_genomes/GCF_000261145.1_Esch_coli_M919_V2_genomic.fna.gz,../ecoli_genomes/GCF_000267705.2_ASM26770v2_genomic.fna.gz,../ecoli_genomes/GCF_000350665.1_Esch_coli_KTE5_V1_genomic.fna.gz,../ecoli_genomes/GCF_000351625.1_Esch_coli_KTE66_V1_genomic.fna.gz,../ecoli_genomes/GCF_000352285.1_Esch_coli_KTE46_V1_genomic.fna.gz,../ecoli_genomes/GCF_000358895.1_ASM35889v1_genomic.fna.gz,../ecoli_genomes/GCF_000456385.1_Esch_coli_HVH_26_4-5703913_V1_genomic.fna.gz,../ecoli_genomes/GCF_000458195.1_Esch_coli_HVH_147_4-5893887_V1_genomic.fna.gz,../ecoli_genomes/GCF_000459755.1_Esch_coli_KOEGE_58_171a_V1_genomic.fna.gz,../ecoli_genomes/GCF_000460055.1_Esch_coli_UMEA_3053-1_V1_genomic.fna.gz,../ecoli_genomes/GCF_000462165.2_ASM46216v2_genomic.fna.gz,../ecoli_genomes/GCF_000601135.1_ASM60113v1_genomic.fna.gz,../ecoli_genomes/GCF_000614595.1_Ec2010EL1058_genomic.fna.gz,../ecoli_genomes/GCF_000617745.1_Ec2010C-4529_genomic.fna.gz,../ecoli_genomes/GCF_000618265.2_EcF6751_genomic.fna.gz,../ecoli_genomes/GCF_000619005.2_Ec2009C-4052_genomic.fna.gz,../ecoli_genomes/GCF_000619105.1_Ec2009C-4780_genomic.fna.gz,../ecoli_genomes/GCF_000619765.2_Ec2009C-3279_genomic.fna.gz,../ecoli_genomes/GCF_000687005.1_ASM68700v1_genomic.fna.gz,../ecoli_genomes/GCF_000687025.1_ASM68702v1_genomic.fna.gz,../ecoli_genomes/GCF_000700125.1_ASM70012v1_genomic.fna.gz,../ecoli_genomes/GCF_000753315.1_FHI35_genomic.fna.gz,../ecoli_genomes/GCF_000776375.1_ASM77637v1_genomic.fna.gz,../ecoli_genomes/GCF_000779395.1_ASM77939v1_genomic.fna.gz,../ecoli_genomes/GCF_000780315.1_ASM78031v1_genomic.fna.gz,../ecoli_genomes/GCF_000781995.1_ASM78199v1_genomic.fna.gz,../ecoli_genomes/GCF_000986765.1_ASM98676v1_genomic.fna.gz,../ecoli_genomes/GCF_001041375.1_ViralProj287958_genomic.fna.gz,../ecoli_genomes/GCF_001265335.1_302014_genomic.fna.gz,../ecoli_genomes/GCF_001265625.1_100854_genomic.fna.gz,../ecoli_genomes/GCF_001267345.1_303289_genomic.fna.gz,../ecoli_genomes/GCF_001309985.1_ASM130998v1_genomic.fna.gz,../ecoli_genomes/GCF_001521695.1_ASM152169v1_genomic.fna.gz,../ecoli_genomes/GCF_001592595.1_ASM159259v1_genomic.fna.gz,../ecoli_genomes/GCF_001614975.1_ASM161497v1_genomic.fna.gz,../ecoli_genomes/GCF_001692775.1_ASM169277v1_genomic.fna.gz,../ecoli_genomes/GCF_001748915.1_ASM174891v1_genomic.fna.gz,../ecoli_genomes/GCF_001749235.1_ASM174923v1_genomic.fna.gz,../ecoli_genomes/GCF_001881155.1_ASM188115v1_genomic.fna.gz,../ecoli_genomes/GCF_001881345.1_ASM188134v1_genomic.fna.gz,../ecoli_genomes/GCF_001892405.1_ASM189240v1_genomic.fna.gz,../ecoli_genomes/GCF_001892585.1_ASM189258v1_genomic.fna.gz,../ecoli_genomes/GCF_001893985.1_ASM189398v1_genomic.fna.gz,../ecoli_genomes/GCF_002001595.1_ASM200159v1_genomic.fna.gz,../ecoli_genomes/GCF_002002145.1_ASM200214v1_genomic.fna.gz
1.0,0.36750322441649086,0.31434613099922604,0.34292558563908715,0.350499331781016,0.35163943033934253,0.3561289586434597,0.35019670364099753,0.44810917153724494,0.351538603733751,0.37709204124243967,0.3508065571252036,0.35710028475411915,0.33264183704073,0.32847051385207504,0.3611185490478451,0.36172941682318704,0.359153723045302,0.30645611905932435,0.3594234652476793,0.3494725281687646,0.3260803462015055,0.36475942383691506,0.375860328665798,0.35569834354714536,0.32945227462722393,0.3574608501196237,0.33587654475441575,0.3889179944559408,0.4411187090643115,0.3157316424401757,0.35533152011854485,0.0,0.3528328392765038,0.36738182604723424,0.33518380483234933,0.345625434706773,0.364260267427053,0.2376533645133826,0.36048464469135977,0.3202625617926983,0.368711088786531,0.36756134429819654,0.3441490681976195,0.3538864281170895,0.3648844367065359,0.3610275850246226,0.3594215676573618,0.33165662959638975,0.4032006125598149
0.36750322441649086,1.0,0.28628219697210233,0.3191483777683196,0.39606419828062744,0.4940180253063817,0.40477644572292315,0.33012195400906674,0.34365793841974623,0.32841447704731186,0.4592519463412683,0.3434473513274767,0.4184850819599848,0.3100316344882327,0.30203150990970284,0.39586050561392605,0.47148156737536284,0.44610251553011915,0.3672789756905277,0.3855607439546116,0.4336318340778589,0.3990477361862046,0.44578048803331516,0.5632809793541912,0.5452417209594642,0.47305898289792503,0.43330309917548127,0.3335974868284337,0.34534605590165246,0.3466946129992712,0.3020445898476607,0.4282322610638126,0.0,0.41743660427496987,0.580321289125078,0.32218977356410194,0.3761794674997735,0.45021773822302613,0.1744559245144932,0.43842681527485894,0.2967106573332494,0.4709744168528275,0.44338497817152756,0.338361635464556,0.3337871079301339,0.3279536222756354,0.48111011710321105,0.4824283513561498,0.32275286690067073,0.34791527250613663
0.31434613099922604,0.28628219697210233,1.0,0.25528835814848727,0.24572921414325888,0.258467121550237,0.2780337724054637,0.2626159398745179,0.3021120881147129,0.2679664077707202,0.2909986011938709,0.26043609490503183,0.2696529971088394,0.26336146893973955,0.2510836971466417,0.2747559130930234,0.2610797661033589,0.2815461096231381,0.23294852875555305,0.28234686369466655,0.27870174768581,0.24942319634163457,0.2838883420894386,0.2680521650727582,0.2522618781755883,0.24395584113315505,0.2818777252527761,0.2682698545159946,0.30417456625319683,0.30889460948816727,0.2516513887217626,0.2634535759403721,0.0,0.27016929866418127,0.27270823066940153,0.2659263186039257,0.26421385657167407,0.2770463225235411,0.1493960300301529,0.2837492398032534,0.2482437628243499,0.2798663512425027,0.2874112270334147,0.26726773357580436,0.2612935884717076,0.28978029828937524,0.28532333924199704,0.2843953204896552,0.27102427587093714,0.31017392016467893
0.34292558563908715,0.3191483777683196,0.25528835814848727,1.0,0.3505595896097211,0.31753334892784024,0.3025806109218411,0.5378388664205314,0.35035223663544734,0.5696629642650206,0.3179020891389017,0.5470613524534105,0.3336378830417812,0.5754933667151749,0.6032551647038269,0.332362657623837,0.326966786053856,0.312158138839836,0.2684838865201685,0.3052907914203705,0.30343106639490813,0.2867845061808082,0.32273243213972314,0.3387529778747651,0.3263529863384802,0.2975719317912443,0.31297425084746866,0.5515097685394945,0.3501354590526268,0.33843890325062476,0.5328601627842533,0.33725999459571643,0.0,0.3025319582761612,0.3160138336735182,0.45019884005690525,0.30387913651557485,0.30717215000681874,0.28859699080801426,0.3032092021093622,0.5647004197277037,0.31290126543597574,0.3149165427229348,0.5553679243429953,0.547790986811862,0.3357208164891896,0.3145315746095976,0.3145704221891156,0.4910265415379462,0.3665123109385736
0.350499331781016,0.39606419828062744,0.24572921414325888,0.3505595896097211,1.0,0.42135605431817336,0.35582500816126905,0.339808164066164,0.3677537866865005,0.356591969869431,0.5106331691006285,0.3170060456432767,0.5013844746260105,0.31631201121560104,0.3477229983926615,0.40644938281888054,0.4618843456357221,0.4246257887809528,0.36295101225552584,0.3591659870788214,0.4290482810705156,0.39090535136649784,0.4435584626845891,0.464950384013772,0.4575429258889774,0.4201003431801965,0.44538963449898905,0.2999854298995809,0.3239774682205109,0.3580018440032008,0.30830550267658097,0.4921071868504936,0.0,0.44091347477051634,0.4307063422668417,0.2990409325149689,0.3660817981814267,0.45134718947432073,0.18858475351240123,0.4538452182854029,0.34837253130008805,0.42970981150965437,0.46656439608287725,0.3135944871762355,0.3241655903633235,0.3032551128135914,0.43963616514885806,0.43875307375666206,0.30412533552558074,0.3293255003189487
0.35163943033934253,0.4940180253063817,0.258467121550237,0.31753334892784024,0.42135605431817336,1.0,0.39131584490842,0.32757997143646955,0.33882016191783815,0.3140452009364578,0.45119426596251055,0.3164535948220688,0.4147816120784157,0.30559622368743733,0.2983516900213782,0.4033787834975102,0.46332572328957355,0.43236530174562404,0.3779691542902206,0.3813270131516824,0.4056497943466689,0.4511663824930693,0.426406655865911,0.5394911760256262,0.5320978157812397,0.4412761075131616,0.4093804446764483,0.3120231610199169,0.3433112180836877,0.3347415746434167,0.2909106620526424,0.42873038907728167,0.0,0.42260473199912363,0.5263352764745205,0.3125761212697955,0.3679090496374998,0.42359583099719234,0.1948914736019537,0.41863286585947257,0.30094565120550276,0.4737517685442668,0.4317149007517652,0.3134104550580784,0.3126519351275596,0.31441414137585944,0.4663263220944249,0.46708372178503077,0.30390243280063034,0.3466309261107474
0.3561289586434597,0.40477644572292315,0.2780337724054637,0.3025806109218411,0.35582500816126905,0.39131584490842,1.0,0.3142099790215426,0.35294806456782135,0.30386493970181483,0.4116471625314946,0.30455742868647817,0.38072738984216214,0.30005871138363926,0.2896720841976318,0.7384666225281455,0.3848506267205727,0.4349548854882883,0.36214060488143796,0.843947361714876,0.4314073645713553,0.3903054258521107,0.4350587758877281,0.4123351769485656,0.3825121156369975,0.3787830307555916,0.3935524769565977,0.31001814777761316,0.338047569898032,0.34476791196011214,0.2852306755711773,0.383607020098902,0.0,0.3942197789851659,0.41446289451077534,0.324966514451262,0.7768686342131933,0.38559726505253655,0.1812128303818472,0.39407059322974947,0.2806163402191427,0.40054671392894436,0.4043898903040737,0.3119694681605445,0.3113815671854546,0.31984745799126013,0.39078420828993576,0.3900747989323201,0.2998110133713848,0.35174826439974904
0.35019670364099753,0.33012195400906674,0.2626159398745179,0.5378388664205314,0.339808164066164,0.32757997143646955,0.3142099790215426,1.0,0.3432711384795428,0.5461644627409789,0.3289475074679541,0.5224510098248083,0.3317968501242078,0.5249378943280871,0.5188293116217182,0.3251843930876943,0.33068534815171224,0.32205283082100256,0.2784921433761196,0.3144847795901182,0.3152959882314532,0.28997829390503116,0.327882821321993,0.3499033542323233,0.3263020886449174,0.30892391099915384,0.3215872721789894,0.6964623761993833,0.36099577849412434,0.33684250253119086,0.5050671156156427,0.32973582222646225,0.0,0.3168057778853669,0.33062837793376554,0.45179886810081804,0.305375161787933,0.3392578252324646,0.2886605692919353,0.3228881502791804,0.5133091373435301,0.3327766974508112,0.33319452690717677,0.7030564045824148,0.6805620076437238,0.33790029982279246,0.325554120643315,0.3253873932811553,0.4926782518836341,0.36710867950300663
0.44810917153724494,0.34365793841974623,0.3021120881147129,0.35035223663544734,0.3677537866865005,0.33882016191783815,0.35294806456782135,0.3432711384795428,1.0,0.3616814600678666,0.3729847511216843,0.3288964246416737,0.3689962545621954,0.3357567310713835,0.3455652609167531,0.3740164345649287,0.35498513902028106,0.3566659905990066,0.2974691529354836,0.3588540052459527,0.34708674018836116,0.31931897692275013,0.3621279126466119,0.3697795390500095,0.34899430032247225,0.3294030154877825,0.3615671801322866,0.32911153853723707,0.3805580328956921,0.4702694529777993,0.3286596315612551,0.353319135087904,0.0,0.35011151152246,0.35666370080907994,0.33986123117581335,0.3478639116047507,0.3500249044067336,0.20654718604932,0.36126984929429573,0.33577520556870666,0.3643655916647972,0.37114485488414484,0.3342934150848256,0.3307099331740939,0.36632690039846416,0.3591762921018943,0.35731527178749745,0.33110258382894797,0.39583710407744277
0.351538603733751,0.32841447704731186,0.2679664077707202,0.5696629642650206,0.356591969869431,0.3140452009364578,0.30386493970181483,0.5461644627409789,0.3616814600678666,1.0,0.33626027204986564,0.5214385600530146,0.3472549147165822,0.5468520225038563,0.5520912555596057,0.3339116839945815,0.32686747604793953,0.318836782207397,0.2689133186624548,0.30872172654109853,0.3116841408454223,0.28231490962978734,0.31982791342392813,0.3445673925220152,0.32573171202466,0.3051787608910591,0.32586389595818666,0.5393887573957715,0.3627850338171206,0.3511854335882958,0.5571852688020131,0.3271492006108777,0.0,0.3105703305787053,0.3229586060034977,0.4665145790077778,0.305750082060427,0.32484322779682206,0.291536738034575,0.32256204805405786,0.5691895721727709,0.326542711191805,0.32877018146589143,0.543423430517766,0.5490938204231695,0.33980177346436014,0.3252927936482598,0.32452414530114004,0.518526249803005,0.3666077082218857
0.37709204124243967,0.4592519463412683,0.2909986011938709,0.3179020891389017,0.5106331691006285,0.45119426596251055,0.4116471625314946,0.3289475074679541,0.3729847511216843,0.33626027204986564,1.0,0.32349052945740464,0.5561502909633322,0.3239452669229568,0.3087836384221275,0.4191063414131453,0.44413229178784797,0.5190857921311257,0.4682582277057562,0.40755186140067157,0.5093784089782744,0.5203443136958287,0.5257761687160108,0.4820285199553064,0.45029050144859495,0.4399759148151702,0.5340236898714437,0.3277490916328182,0.35287770752035197,0.36698691476363243,0.31074845733911993,0.5000500144043349,0.0,0.5085712278367185,0.4755086301102631,0.3350000080712029,0.39277254967755104,0.5270250401147158,0.19012882165907108,0.5523639875382468,0.30779222808406315,0.4807114543163554,0.5437240842048885,0.3296141289447341,0.33225121331782304,0.33467002147755776,0.47388393310946597,0.4715662486030854,0.3317985391824231,0.3654626082886646
0.3508065571252036,0.3434473513274767,0.26043609490503183,0.5470613524534105,0.3170060456432767,0.3164535948220688,0.30455742868647817,0.5224510098248083,0.3288964246416737,0.5214385600530146,0.32349052945740464,1.0,0.3115561734585359,0.529644822082983,0.6153570880015345,0.31739872336035135,0.3186436895533722,0.30562470192889823,0.2670006062871435,0.29863221309240595,0.30602452090309895,0.29240506338449956,0.31573646174819736,0.33881656918683045,0.3206643463746698,0.30412524136550034,0.3095982137630904,0.5255032559166308,0.35631617072403443,0.3317483409750578,0.47929948616923956,0.32347006195105255,0.0,0.3022073037998253,0.32647942308333344,0.4369452335873071,0.2960340356297564,0.3163230429218984,0.2762249602820619,0.3062275552027135,0.495207731947811,0.30984139476864636,0.3160576512242623,0.529227958325153,0.527333385829545,0.3396669701764208,0.31882951561051076,0.31870270035620973,0.46950845112792283,0.35948207625858297
0.35710028475411915,0.4184850819599848,0.2696529971088394,0.3336378830417812,0.5013844746260105,0.4147816120784157,0.38072738984216214,0.3317968501242078,0.3689962545621954,0.3472549147165822,0.5561502909633322,0.3115561734585359,1.0,0.31580199087230787,0.32848953440804973,0.4057912530907708,0.43275011119605644,0.5017409767033942,0.5319636226946651,0.38895370093630466,0.5104901293898063,0.5491123640523041,0.5591215470207354,0.4527558857960938,0.414720137206085,0.3972028545145285,0.5558948502973449,0.3153751524933093,0.33830379873793226,0.3726869801027739,0.3090735748517499,0.548957570248785,0.0,0.5499373694574061,0.4468206628620607,0.31220861688171453,0.38380928699963224,0.525073754988919,0.1837002911527127,0.5513387264090476,0.32322960362444,0.45017081317201035,0.5465053463946948,0.31657038618084754,0.315563102373263,0.31491811375593726,0.4497044018841052,0.44723199769354627,0.31393196571585424,0.3487183533033207
0.33264183704073,0.3100316344882327,0.26336146893973955,0.5754933667151749,0.31631201121560104,0.30559622368743733,0.30005871138363926,0.5249378943280871,0.3357567310713835,0.5468520225038563,0.3239452669229568,0.529644822082983,0.31580199087230787,1.0,0.5804538560885348,0.30942290657811466,0.3050505481015001,0.3159004868044507,0.2638229842011326,0.30458398826502664,0.30465704265094873,0.28098032300821674,0.31781125204918637,0.3134207543236429,0.3028144739106722,0.2843493556198684,0.31671184231011407,0.5555336400691349,0.36082581973322536,0.3274294595414512,0.5261794533748442,0.3122923461786248,0.0,0.3027316111160321,0.31247643288248084,0.4509800840472563,0.2924231902973313,0.313077496344743,0.2727333744628849,0.3113245047551243,0.5331803224170066,0.31336461808174765,0.31915220268934674,0.5513166466826804,0.5399978571567694,0.3391063089540073,0.31578915063692026,0.3143831913476578,0.4978260648803975,0.36907757546345743
0.32847051385207504,0.30203150990970284,0.2510836971466417,0.6032551647038269,0.3477229983926615,0.2983516900213782,0.2896720841976318,0.5188293116217182,0.3455652609167531,0.5520912555596057,0.3087836384221275,0.6153570880015345,0.32848953440804973,0.5804538560885348,1.0,0.3185589650215622,0.325841617387575,0.3018362949298137,0.25435537192521995,0.2957036266882075,0.29681987618836425,0.2717979332712924,0.31093833131896564,0.32359840790453176,0.31160698935829945,0.29352001083633095,0.30694702733522905,0.5237712263720675,0.34425624443393277,0.3329077002014077,0.5250799416490455,0.3270940611136701,0.0,0.2959076046398945,0.3099285900448815,0.43850662491820747,0.29221687012983777,0.3063712911664924,0.28187763401388355,0.3000919711525952,0.5506352585385427,0.3078296200262607,0.31255210958302715,0.5246996735967911,0.5170499609917862,0.33426889629559153,0.3179295339878323,0.3164874092254102,0.47990170937794907,0.36409081492454065
0.3611185490478451,0.39586050561392605,0.2747559130930234,0.332362657623837,0.40644938281888054,0.4033787834975102,0.7384666225281455,0.3251843930876943,0.3740164345649287,0.3339116839945815,0.4191063414131453,0.31739872336035135,0.4057912530907708,0.30942290657811466,0.3185589650215622,1.0,0.4027381968380441,0.41400200890930616,0.3581868045975072,0.7390508320295766,0.40591032427508045,0.39936233857324577,0.4160521447991675,0.43439521410015547,0.41067131169582516,0.40364615798526304,0.3867658566058144,0.311723486087749,0.3365155845304757,0.36397130050226834,0.30116655806189796,0.39872043827926806,0.0,0.38653315668828137,0.4144797881500867,0.3198714262342185,0.7271520270187899,0.3826930249651459,0.18284469938572157,0.3858692551058919,0.3105231347542271,0.3902555391882928,0.39815760146491497,0.31664737091969386,0.31950595412053184,0.32054543606029773,0.38778024656871835,0.38746864634516487,0.3068810591942783,0.34762925627893304
0.36172941682318704,0.47148156737536284,0.2610797661033589,0.326966786053856,0.4618843456357221,0.46332572328957355,0.3848506267205727,0.33068534815171224,0.35498513902028106,0.32686747604793953,0.44413229178784797,0.3186436895533722,0.43275011119605644,0.3050505481015001,0.325841617387575,0.4027381968380441,1.0,0.4202007178390399,0.3573940322256436,0.38137054601198106,0.4166460945484264,0.3969351271711108,0.43750631888046954,0.5375273929967646,0.5199941834165832,0.5056660874501853,0.4212104637262124,0.31113057017635837,0.3248474498905043,0.34555315754252236,0.3010325966144415,0.4808743460510755,0.0,0.43036990560525645,0.4985975437231469,0.31502599504797835,0.37733603139744054,0.4168571948801585,0.1904741486503141,0.4267543613636452,0.31121028416405483,0.46857359401557275,0.43771005132974605,0.32447366285493495,0.3317455448270782,0.30379203480762806,0.48313003361348394,0.4837606665067269,0.30610307332470055,0.3353066606029862
0.359153723045302,0.44610251553011915,0.2815461096231381,0.312158138839836,0.4246257887809528,0.43236530174562404,0.4349548854882883,0.32205283082100256,0.3566659905990066,0.318836782207397,0.5190857921311257,0.30562470192889823,0.5017409767033942,0.3159004868044507,0.3018362949298137,0.41400200890930616,0.4202007178390399,1.0,0.4669486592220704,0.4404436050446391,0.5468190590331636,0.48929746915150496,0.56641643068128,0.43811059705777444,0.4061308436389046,0.39808376123811495,0.5275565939296814,0.32082638752969317,0.3547630836837924,0.35938416985822874,0.2990237041450995,0.4738242569808693,0.0,0.5017914077742082,0.4553795067101599,0.33208704503611775,0.4183165341498589,0.4925381927831014,0.18452450803134335,0.5254412530981498,0.29234382233056677,0.4685364123379214,0.5253381787278754,0.3166005639135816,0.31228899736270044,0.3258475012979948,0.4630175180556614,0.4609307057754025,0.3129058109363151,0.36325424475914336
0.30645611905932435,0.3672789756905277,0.23294852875555305,0.2684838865201685,0.36295101225552584,0.3779691542902206,0.36214060488143796,0.2784921433761196,0.2974691529354836,0.2689133186624548,0.4682582277057562,0.2670006062871435,0.5319636226946651,0.2638229842011326,0.25435537192521995,0.3581868045975072,0.3573940322256436,0.4669486592220704,1.0,0.35871023550146597,0.4573543849889351,0.5513381389895715,0.4594732790277495,0.3781592747378866,0.35992992272840807,0.339861880352729,0.4645360903112895,0.2692436700804637,0.2902687117975217,0.29974576852814006,0.2540423144015772,0.48260908936492464,0.0,0.4529254213271239,0.38547599121612475,0.27831752909136687,0.3488737589224892,0.445921160205313,0.16055926210446603,0.4574099496240106,0.25272303315265787,0.3794809810247973,0.4448008303313845,0.2725055187573001,0.2701275294629325,0.2740886568464007,0.3722449962237796,0.37209575960553165,0.26253809763653124,0.30089060577066207
0.3594234652476793,0.3855607439546116,0.28234686369466655,0.3052907914203705,0.3591659870788214,0.3813270131516824,0.843947361714876,0.3144847795901182,0.3588540052459527,0.30872172654109853,0.40755186140067157,0.29863221309240595,0.38895370093630466,0.30458398826502664,0.2957036266882075,0.7390508320295766,0.38137054601198106,0.4404436050446391,0.35871023550146597,1.0,0.4331967684152258,0.3758722467689971,0.43601770572476073,0.39557506500594564,0.37013860885094574,0.36186011380661887,0.4020997106691603,0.31061240722755856,0.34401393810878556,0.3523512939586221,0.290362813010989,0.37863397594140424,0.0,0.39614594208867926,0.40408740084697536,0.3222630190689453,0.7869429860573478,0.388604756242229,0.18056164799243457,0.40029490406933,0.286054275251167,0.4044880273823721,0.41031484407374563,0.31161343191044244,0.31091830150059163,0.3230660968083344,0.39707282819489254,0.39636508632512213,0.30592767578834523,0.3574113739762984
0.3494725281687646,0.4336318340778589,0.27870174768581,0.30343106639490813,0.4290482810705156,0.4056497943466689,0.4314073645713553,0.3152959882314532,0.34708674018836116,0.3116841408454223,0.5093784089782744,0.30602452090309895,0.5104901293898063,0.30465704265094873,0.29681987618836425,0.40591032427508045,0.4166460945484264,0.5468190590331636,0.4573543849889351,0.4331967684152258,1.0,0.4878074448104448,0.5672854623528691,0.4330404434644485,0.3997535276830321,0.4017107022411407,0.5311523390575434,0.3151967605867104,0.3355328918116133,0.3536047109248208,0.2937767006699862,0.4860559507066756,0.0,0.5176335012894371,0.4504912114906219,0.32821932477607585,0.4061524159559754,0.5030667131983159,0.17908398215501842,0.5319827080347237,0.2927504175739978,0.44179792091206693,0.5290811780243216,0.31347570797881896,0.3109223482848327,0.3231319921100789,0.45516287707194103,0.45391285665099435,0.3105149859245687,0.3507399970878
0.3260803462015055,0.3990477361862046,0.24942319634163457,0.2867845061808082,0.39090535136649784,0.4511663824930693,0.3903054258521107,0.28997829390503116,0.31931897692275013,0.28231490962978734,0.5203443136958287,0.29240506338449956,0.5491123640523041,0.28098032300821674,0.2717979332712924,0.39936233857324577,0.3969351271711108,0.48929746915150496,0.5513381389895715,0.3758722467689971,0.4878074448104448,1.0,0.6198847900329438,0.4237008478711213,0.40562149783448365,0.390214397062872,0.4895509907066927,0.2893206175964482,0.3015937688385548,0.31514751877654046,0.26660254755841206,0.49765024657961354,0.0,0.574378920370211,0.4145126676568751,0.2918499001855289,0.3690639446040318,0.47167053165361694,0.1686781282348262,0.49252261073486436,0.2632127923720182,0.40324049408152274,0.4890099818421366,0.29101771387906883,0.2861574674872064,0.29182191111587474,0.39941597646138505,0.39718817464993195,0.27940719575363215,0.32092190274573384
0.36475942383691506,0.44578048803331516,0.2838883420894386,0.32273243213972314,0.4435584626845891,0.426406655865911,0.4350587758877281,0.327882821321993,0.3621279126466119,0.31982791342392813,0.5257761687160108,0.31573646174819736,0.5591215470207354,0.31781125204918637,0.31093833131896564,0.4160521447991675,0.43750631888046954,0.56641643068128,0.4594732790277495,0.43601770572476073,0.5672854623528691,0.6198847900329438,1.0,0.43996319139725737,0.41516254646348627,0.4001541780447102,0.5558613782845521,0.32545161809460366,0.3531625779531362,0.35814869606907107,0.30531528760711635,0.5094964853122099,0.0,0.6376209594172113,0.45552056772276484,0.3321123192585428,0.415430910634071,0.5246265364529286,0.18687434481127996,0.5495135716932519,0.3029256135284586,0.4574832088294668,0.5487926962275667,0.3237446262840403,0.3206944985542225,0.325768249998161,0.4588918223896048,0.45840177059366194,0.31835216348890816,0.35984583469910847
0.375860328665798,0.5632809793541912,0.2680521650727582,0.3387529778747651,0.464950384013772,0.5394911760256262,0.4123351769485656,0.3499033542323233,0.3697795390500095,0.3445673925220152,0.4820285199553064,0.33881656918683045,0.4527558857960938,0.3134207543236429,0.32359840790453176,0.43439521410015547,0.5375273929967646,0.43811059705777444,0.3781592747378866,0.39557506500594564,0.4330404434644485,0.4237008478711213,0.43996319139725737,1.0,0.6004303562306215,0.519578365125053,0.43561853708222864,0.32047921892118425,0.33472630078497756,0.36522285946100785,0.3079275716561053,0.4564557232735369,0.0,0.43430349872048113,0.5937519204201814,0.32913235442710953,0.3955254723732501,0.43211138816436145,0.19617109036993563,0.44079174969242996,0.3261946090593769,0.49775273318505076,0.45046527231308975,0.33561346853530793,0.34333944355267976,0.3157742792564413,0.48502919488914176,0.4864395285764739,0.3185306178426208,0.3491288944397307
0.35569834354714536,0.5452417209594642,0.2522618781755883,0.3263529863384802,0.4575429258889774,0.5320978157812397,0.3825121156369975,0.3263020886449174,0.34899430032247225,0.32573171202466,0.45029050144859495,0.3206643463746698,0.414720137206085,0.3028144739106722,0.31160698935829945,0.41067131169582516,0.5199941834165832,0.4061308436389046,0.35992992272840807,0.37013860885094574,0.3997535276830321,0.40562149783448365,0.41516254646348627,0.6004303562306215,1.0,0.5265215341404094,0.4052813399589995,0.30006915447246607,0.31354463691968526,0.3357272881660328,0.30287412770035715,0.4659233910063807,0.0,0.4121201192027919,0.5635888240726344,0.3037905394574657,0.3757440614387805,0.41717152956652737,0.19093188650431125,0.4119905536498909,0.31062922825789874,0.460558131838258,0.42321495880255566,0.3284442968145712,0.3272198409191358,0.30950254571172986,0.46105520740494266,0.4636904588686397,0.3103513137272098,0.3293538015168179
0.32945227462722393,0.47305898289792503,0.24395584113315505,0.2975719317912443,0.4201003431801965,0.4412761075131616,0.3787830307555916,0.30892391099915384,0.3294030154877825,0.3051787608910591,0.4399759148151702,0.30412524136550034,0.3972028545145285,0.2843493556198684,0.29352001083633095,0.40364615798526304,0.5056660874501853,0.39808376123811495,0.339861880352729,0.36186011380661887,0.4017107022411407,0.390214397062872,0.4001541780447102,0.519578365125053,0.5265215341404094,1.0,0.3866814705682734,0.290426093057111,0.3008501967637245,0.3189474476731051,0.27845001588132,0.4193278481641808,0.0,0.3821782010702608,0.48581905224801825,0.29706114504133907,0.36452635112495035,0.4016700905232774,0.18162516946187213,0.4077800042001988,0.2832942976660242,0.4417692284532001,0.39989068911698367,0.3101459195109375,0.3097877286141284,0.29061112659448385,0.43841702662132487,0.4446047900684792,0.2921978234590199,0.31413602776831717
0.3574608501196237,0.43330309917548127,0.2818777252527761,0.31297425084746866,0.44538963449898905,0.4093804446764483,0.3935524769565977,0.3215872721789894,0.3615671801322866,0.32586389595818666,0.5340236898714437,0.3095982137630904,0.5558948502973449,0.31671184231011407,0.30694702733522905,0.3867658566058144,0.4212104637262124,0.5275565939296814,0.4645360903112895,0.4020997106691603,0.5311523390575434,0.4895509907066927,0.5558613782845521,0.43561853708222864,0.4052813399589995,0.3866814705682734,1.0,0.3184731824088751,0.3484507394888431,0.3617562633664706,0.3067724386064786,0.5123187824385127,0.0,0.5283259419640123,0.45014664160623497,0.31890601333795054,0.3812058285608211,0.6052340517352537,0.17886582870210865,0.5686478117452698,0.30251994440802144,0.45369051231356483,0.6358706609372428,0.32099511082930354,0.3136439426564541,0.3295728098320181,0.45580791196123027,0.45442216296902527,0.3199930203080036,0.3572459727116597
0.33587654475441575,0.3335974868284337,0.2682698545159946,0.5515097685394945,0.2999854298995809,0.3120231610199169,0.31001814777761316,0.6964623761993833,0.32911153853723707,0.5393887573957715,0.3277490916328182,0.5255032559166308,0.3153751524933093,0.5555336400691349,0.5237712263720675,0.311723486087749,0.31113057017635837,0.32082638752969317,0.2692436700804637,0.31061240722755856,0.3151967605867104,0.2893206175964482,0.32545161809460366,0.32047921892118425,0.30006915447246607,0.290426093057111,0.3184731824088751,1.0,0.3677761903961436,0.33060381580687925,0.5110215302448764,0.3183891751639497,0.0,0.3063369838435974,0.3204868936499705,0.4533956434288716,0.29635434079934875,0.3305472332925671,0.2749490678155828,0.31841673634943257,0.5109137521582361,0.32041979479861415,0.3247940762539253,0.7886322710692077,0.7460251403167877,0.3386736800083757,0.32205585985106,0.32142617621897207,0.5042669939525418,0.36338544547833795
0.3889179944559408,0.34534605590165246,0.30417456625319683,0.3501354590526268,0.3239774682205109,0.3433112180836877,0.338047569898032,0.36099577849412434,0.3805580328956921,0.3627850338171206,0.35287770752035197,0.35631617072403443,0.33830379873793226,0.36082581973322536,0.34425624443393277,0.3365155845304757,0.3248474498905043,0.3547630836837924,0.2902687117975217,0.34401393810878556,0.3355328918116133,0.3015937688385548,0.3531625779531362,0.33472630078497756,0.31354463691968526,0.3008501967637245,0.3484507394888431,0.3677761903961436,1.0,0.37292557101615464,0.33931563998924186,0.33574619407877615,0.0,0.3346387673765311,0.34242477513759273,0.35782062082613664,0.3254931300506345,0.3473960956201576,0.20118504505452794,0.3471840244170479,0.33609592459438553,0.34178725363618023,0.3500140410204533,0.3586952657762983,0.3565742107261598,0.4289280941190021,0.34601585499094256,0.34412152051201406,0.3503257534372053,0.6328886017475797
0.4411187090643115,0.3466946129992712,0.30889460948816727,0.33843890325062476,0.3580018440032008,0.3347415746434167,0.34476791196011214,0.33684250253119086,0.4702694529777993,0.3511854335882958,0.36698691476363243,0.3317483409750578,0.3726869801027739,0.3274294595414512,0.3329077002014077,0.36397130050226834,0.34555315754252236,0.35938416985822874,0.29974576852814006,0.3523512939586221,0.3536047109248208,0.31514751877654046,0.35814869606907107,0.36522285946100785,0.3357272881660328,0.3189474476731051,0.3617562633664706,0.33060381580687925,0.37292557101615464,1.0,0.3242465813890104,0.34740411480669664,0.0,0.34475963141677823,0.35819464872792817,0.33115580141745526,0.3394648306435579,0.3480796774970901,0.199218636908166,0.37231068963436065,0.329801555808804,0.3592360382355527,0.369485915855292,0.33217868789258975,0.32803504509410275,0.37636788280539424,0.3622542455672624,0.36165350423065024,0.32593446117472213,0.3922502997325499
0.3157316424401757,0.3020445898476607,0.2516513887217626,0.5328601627842533,0.30830550267658097,0.2909106620526424,0.2852306755711773,0.5050671156156427,0.3286596315612551,0.5571852688020131,0.31074845733911993,0.47929948616923956,0.3090735748517499,0.5261794533748442,0.5250799416490455,0.30116655806189796,0.3010325966144415,0.2990237041450995,0.2540423144015772,0.290362813010989,0.2937767006699862,0.26660254755841206,0.30531528760711635,0.3079275716561053,0.30287412770035715,0.27845001588132,0.3067724386064786,0.5110215302448764,0.33931563998924186,0.3242465813890104,1.0,0.3028986563834286,0.0,0.2982679411710073,0.29981262270804654,0.43778568960457653,0.28332948397273117,0.30194655602986176,0.2710224913446937,0.3056641509898672,0.6468829767841697,0.3054177304298825,0.30711891278132286,0.5111022753891932,0.5029581790145516,0.3236002580937355,0.304427376943627,0.3052884782616654,0.4808047217922694,0.3467232714011995
0.35533152011854485,0.4282322610638126,0.2634535759403721,0.33725999459571643,0.4921071868504936,0.42873038907728167,0.383607020098902,0.32973582222646225,0.353319135087904,0.3271492006108777,0.5000500144043349,0.32347006195105255,0.548957570248785,0.3122923461786248,0.3270940611136701,0.39872043827926806,0.4808743460510755,0.4738242569808693,0.48260908936492464,0.37863397594140424,0.4860559507066756,0.49765024657961354,0.5094964853122099,0.4564557232735369,0.4659233910063807,0.4193278481641808,0.5123187824385127,0.3183891751639497,0.33574619407877615,0.34740411480669664,0.3028986563834286,1.0,0.0,0.5007605257696779,0.43881480974384346,0.30741134789739566,0.38367687428998387,0.5057189951734054,0.18489238515378503,0.5098746651655615,0.3109514255384337,0.4322465144726165,0.5176459557889768,0.3168020155540655,0.32001475014277314,0.3092641790613021,0.44147956632618623,0.440555509010485,0.29814714348632576,0.3341744824933245
0.0,0.0,0.0,0.0,0.0,0.0,0.0,0.0,0.0,0.0,0.0,0.0,0.0,0.0,0.0,0.0,0.0,0.0,0.0,0.0,0.0,0.0,0.0,0.0,0.0,0.0,0.0,0.0,0.0,0.0,0.0,0.0,1.0,0.0,0.0,0.0,0.0,0.0,0.0,0.0,0.0,0.0,0.0,0.0,0.0,0.0,0.0,0.0,0.0,0.0
0.3528328392765038,0.41743660427496987,0.27016929866418127,0.3025319582761612,0.44091347477051634,0.42260473199912363,0.3942197789851659,0.3168057778853669,0.35011151152246,0.3105703305787053,0.5085712278367185,0.3022073037998253,0.5499373694574061,0.3027316111160321,0.2959076046398945,0.38653315668828137,0.43036990560525645,0.5017914077742082,0.4529254213271239,0.39614594208867926,0.5176335012894371,0.574378920370211,0.6376209594172113,0.43430349872048113,0.4121201192027919,0.3821782010702608,0.5283259419640123,0.3063369838435974,0.3346387673765311,0.34475963141677823,0.2982679411710073,0.5007605257696779,0.0,1.0,0.43902291298057183,0.32935341798091244,0.37545538339026585,0.5110050744339796,0.19506530320429227,0.5347696329979861,0.29268042913210124,0.44729176180431773,0.5325926964541765,0.30903582573299737,0.31160507209389987,0.30924918156370507,0.4446723561918745,0.44387555265714107,0.3041407693342719,0.3442108882367896
0.36738182604723424,0.580321289125078,0.27270823066940153,0.3160138336735182,0.4307063422668417,0.5263352764745205,0.41446289451077534,0.33062837793376554,0.35666370080907994,0.3229586060034977,0.4755086301102631,0.32647942308333344,0.4468206628620607,0.31247643288248084,0.3099285900448815,0.4144797881500867,0.4985975437231469,0.4553795067101599,0.38547599121612475,0.40408740084697536,0.4504912114906219,0.4145126676568751,0.45552056772276484,0.5937519204201814,0.5635888240726344,0.48581905224801825,0.45014664160623497,0.3204868936499705,0.34242477513759273,0.35819464872792817,0.29981262270804654,0.43881480974384346,0.0,0.43902291298057183,1.0,0.32149293681394164,0.3910636054016753,0.4438119572210648,0.18846362118889093,0.4583182242482424,0.2993915661366551,0.5008048340108129,0.4682350040825226,0.32397790485302624,0.32546020499039097,0.3242053554939418,0.49407464945394575,0.49340241469618795,0.31330631417273824,0.35006475353013855
0.33518380483234933,0.32218977356410194,0.2659263186039257,0.45019884005690525,0.2990409325149689,0.3125761212697955,0.324966514451262,0.45179886810081804,0.33986123117581335,0.4665145790077778,0.3350000080712029,0.4369452335873071,0.31220861688171453,0.4509800840472563,0.43850662491820747,0.3198714262342185,0.31502599504797835,0.33208704503611775,0.27831752909136687,0.3222630190689453,0.32821932477607585,0.2918499001855289,0.3321123192585428,0.32913235442710953,0.3037905394574657,0.29706114504133907,0.31890601333795054,0.4533956434288716,0.35782062082613664,0.33115580141745526,0.43778568960457653,0.30741134789739566,0.0,0.32935341798091244,0.32149293681394164,1.0,0.309783042259283,0.3197017989281645,0.2921424128526473,0.3304523308626395,0.43565130303823696,0.3280258257660066,0.32641758046418157,0.4545030368896129,0.45255195490968425,0.33452200689715805,0.3172939793308426,0.3153342443854735,0.4503589688170978,0.3671689569993777
0.345625434706773,0.3761794674997735,0.26421385657167407,0.30387913651557485,0.3660817981814267,0.3679090496374998,0.7768686342131933,0.305375161787933,0.3478639116047507,0.305750082060427,0.39277254967755104,0.2960340356297564,0.38380928699963224,0.2924231902973313,0.29221687012983777,0.7271520270187899,0.37733603139744054,0.4183165341498589,0.3488737589224892,0.7869429860573478,0.4061524159559754,0.3690639446040318,0.415430910634071,0.3955254723732501,0.3757440614387805,0.36452635112495035,0.3812058285608211,0.29635434079934875,0.3254931300506345,0.3394648306435579,0.28332948397273117,0.38367687428998387,0.0,0.37545538339026585,0.3910636054016753,0.309783042259283,1.0,0.36938608811145834,0.1755870125692045,0.3738919507304669,0.2841755245722627,0.38388533185165286,0.3898273187136412,0.3013560193136001,0.3007935507294004,0.3049763978834945,0.3765042721222561,0.3756641764934995,0.2871717358187017,0.33691407888767566
0.364260267427053,0.45021773822302613,0.2770463225235411,0.30717215000681874,0.45134718947432073,0.42359583099719234,0.38559726505253655,0.3392578252324646,0.3500249044067336,0.32484322779682206,0.5270250401147158,0.3163230429218984,0.525073754988919,0.313077496344743,0.3063712911664924,0.3826930249651459,0.4168571948801585,0.4925381927831014,0.445921160205313,0.388604756242229,0.5030667131983159,0.47167053165361694,0.5246265364529286,0.43211138816436145,0.41717152956652737,0.4016700905232774,0.6052340517352537,0.3305472332925671,0.3473960956201576,0.3480796774970901,0.30194655602986176,0.5057189951734054,0.0,0.5110050744339796,0.4438119572210648,0.3197017989281645,0.36938608811145834,1.0,0.18666873081946,0.5491151958731957,0.3025441877465671,0.4556030776597403,0.63875743814793,0.3356656842166438,0.3284433624873868,0.3267892029082846,0.4657670512859693,0.4650095053880927,0.3302891750644851,0.3486162833016412
0.2376533645133826,0.1744559245144932,0.1493960300301529,0.28859699080801426,0.18858475351240123,0.1948914736019537,0.1812128303818472,0.2886605692919353,0.20654718604932,0.291536738034575,0.19012882165907108,0.2762249602820619,0.1837002911527127,0.2727333744628849,0.28187763401388355,0.18284469938572157,0.1904741486503141,0.18452450803134335,0.16055926210446603,0.18056164799243457,0.17908398215501842,0.1686781282348262,0.18687434481127996,0.19617109036993563,0.19093188650431125,0.18162516946187213,0.17886582870210865,0.2749490678155828,0.20118504505452794,0.199218636908166,0.2710224913446937,0.18489238515378503,0.0,0.19506530320429227,0.18846362118889093,0.2921424128526473,0.1755870125692045,0.18666873081946,1.0,0.18410953562372612,0.2701463162829706,0.19954750049710968,0.19009982897813327,0.2858202177190624,0.28834489779162564,0.1857733571141107,0.18706255517898662,0.18714209723951636,0.27266998809944853,0.21718773235886168
0.36048464469135977,0.43842681527485894,0.2837492398032534,0.3032092021093622,0.4538452182854029,0.41863286585947257,0.39407059322974947,0.3228881502791804,0.36126984929429573,0.32256204805405786,0.5523639875382468,0.3062275552027135,0.5513387264090476,0.3113245047551243,0.3000919711525952,0.3858692551058919,0.4267543613636452,0.5254412530981498,0.4574099496240106,0.40029490406933,0.5319827080347237,0.49252261073486436,0.5495135716932519,0.44079174969242996,0.4119905536498909,0.4077800042001988,0.5686478117452698,0.31841673634943257,0.3471840244170479,0.37231068963436065,0.3056641509898672,0.5098746651655615,0.0,0.5347696329979861,0.4583182242482424,0.3304523308626395,0.3738919507304669,0.5491151958731957,0.18410953562372612,1.0,0.2997552869071305,0.4625126075842454,0.5775231379068948,0.31871098699889977,0.3223401721952278,0.33345739379433204,0.48514800155568494,0.4845049561917959,0.31898082079035606,0.3632209122225697
