../ecoli_genomes/GCF_000163235.1_ASM16323v1_genomic.fna.gz,../ecoli_genomes/GCF_000164555.1_ASM16455v1_genomic.fna.gz,../ecoli_genomes/GCF_000208545.1_ASM20854v2_genomic.fna.gz,../ecoli_genomes/GCF_000233875.1_ASM23387v1_genomic.fna.gz,../ecoli_genomes/GCF_000249735.1_ASM24973v2_genomic.fna.gz,../ecoli_genomes/GCF_000261145.1_Esch_coli_M919_V2_genomic.fna.gz,../ecoli_genomes/GCF_000267705.2_ASM26770v2_genomic.fna.gz,../ecoli_genomes/GCF_000350665.1_Esch_coli_KTE5_V1_genomic.fna.gz,../ecoli_genomes/GCF_000351625.1_Esch_coli_KTE66_V1_genomic.fna.gz,../ecoli_genomes/GCF_000352285.1_Esch_coli_KTE46_V1_genomic.fna.gz,../ecoli_genomes/GCF_000358895.1_ASM35889v1_genomic.fna.gz,../ecoli_genomes/GCF_000456385.1_Esch_coli_HVH_26_4-5703913_V1_genomic.fna.gz,../ecoli_genomes/GCF_000458195.1_Esch_coli_HVH_147_4-5893887_V1_genomic.fna.gz,../ecoli_genomes/GCF_000459755.1_Esch_coli_KOEGE_58_171a_V1_genomic.fna.gz,../ecoli_genomes/GCF_000460055.1_Esch_coli_UMEA_3053-1_V1_genomic.fna.gz,../ecoli_genomes/GCF_000462165.2_ASM46216v2_genomic.fna.gz,../ecoli_genomes/GCF_000601135.1_ASM60113v1_genomic.fna.gz,../ecoli_genomes/GCF_000614595.1_Ec2010EL1058_genomic.fna.gz,../ecoli_genomes/GCF_000617745.1_Ec2010C-4529_genomic.fna.gz,../ecoli_genomes/GCF_000618265.2_EcF6751_genomic.fna.gz,../ecoli_genomes/GCF_000619005.2_Ec2009C-4052_genomic.fna.gz,../ecoli_genomes/GCF_000619105.1_Ec2009C-4780_genomic.fna.gz,../ecoli_genomes/GCF_000619765.2_Ec2009C-3279_genomic.fna.gz,../ecoli_genomes/GCF_000687005.1_ASM68700v1_genomic.fna.gz,../ecoli_genomes/GCF_000687025.1_ASM68702v1_genomic.fna.gz,../ecoli_genomes/GCF_000700125.1_ASM70012v1_genomic.fna.gz,../ecoli_genomes/GCF_000753315.1_FHI35_genomic.fna.gz,../ecoli_genomes/GCF_000776375.1_ASM77637v1_genomic.fna.gz,../ecoli_genomes/GCF_000779395.1_ASM77939v1_genomic.fna.gz,../ecoli_genomes/GCF_000780315.1_ASM78031v1_genomic.fna.gz,../ecoli_genomes/GCF_000781995.1_ASM78199v1_genomic.fna.gz,../ecoli_genomes/GCF_000986765.1_ASM98676v1_genomic.fna.gz,../ecoli_genomes/GCF_001041375.1_ViralProj287958_genomic.fna.gz,../ecoli_genomes/GCF_001265335.1_302014_genomic.fna.gz,../ecoli_genomes/GCF_001265625.1_100854_genomic.fna.gz,../ecoli_genomes/GCF_001267345.1_303289_genomic.fna.gz,../ecoli_genomes/GCF_001309985.1_ASM130998v1_genomic.fna.gz,../ecoli_genomes/GCF_001521695.1_ASM152169v1_genomic.fna.gz,../ecoli_genomes/GCF_001592595.1_ASM159259v1_genomic.fna.gz,../ecoli_genomes/GCF_001614975.1_ASM161497v1_genomic.fna.gz,../ecoli_genomes/GCF_001692775.1_ASM169277v1_genomic.fna.gz,../ecoli_genomes/GCF_001748915.1_ASM174891v1_genomic.fna.gz,../ecoli_genomes/GCF_001749235.1_ASM174923v1_genomic.fna.gz,../ecoli_genomes/GCF_001881155.1_ASM188115v1_genomic.fna.gz,../ecoli_genomes/GCF_001881345.1_ASM188134v1_genomic.fna.gz,../ecoli_genomes/GCF_001892405.1_ASM189240v1_genomic.fna.gz,../ecoli_genomes/GCF_001892585.1_ASM189258v1_genomic.fna.gz,../ecoli_genomes/GCF_001893985.1_ASM189398v1_genomic.fna.gz,../ecoli_genomes/GCF_002001595.1_ASM200159v1_genomic.fna.gz,../ecoli_genomes/GCF_002002145.1_ASM200214v1_genomic.fna.gz
1.0,0.32473271367824696,0.25462438704040635,0.28669929416344764,0.291299126532245,0.2963242972916107,0.30233565393494166,0.2883749551272681,0.39559341972993567,0.29339059798273137,0.31799347846072357,0.29448649302380403,0.31501079951982014,0.28329830860957783,0.27120418243558253,0.30662864571962745,0.2647969952647412,0.31207966539447285,0.2979383961351614,0.3024453024334506,0.2959237560376281,0.278693533225973,0.31117300612629895,0.2752043824995173,0.2878621412308573,0.24176166821811818,0.30684655382428383,0.2796361251824887,0.34312754149702174,0.3878402423632229,0.2639937984727263,0.3036046472249079,0.0,0.3024568667442906,0.30339732152971643,0.26234640549591726,0.29177638579625387,0.3110196995688196,0.24235550438435338,0.3145675993261211,0.27434789317702934,0.30543606299602377,0.31221439741510937,0.2841712989624203,0.2921895543331041,0.3162890448223207,0.30309787588307013,0.3055698593134677,0.26925671149488506,0.35018614765637757
0.32473271367824696,1.0,0.23346999466226115,0.2820413357773489,0.39472838247213093,0.5077498581373092,0.34818649515633293,0.2824941977798089,0.30537255802586827,0.2893241629621899,0.425574313447851,0.29330582519359727,0.4266695565092683,0.2748301287998971,0.2693442259264609,0.3524411913980109,0.42063607785692414,0.41482793613949354,0.3947994099863966,0.35015739965363135,0.40202161173616124,0.36445980623144414,0.419715426146549,0.49824897736799956,0.5250165497741749,0.3833649509992232,0.41727182374798555,0.2793548178026609,0.3124002041567492,0.31089185594072033,0.2621224293769877,0.4117472044515106,0.0,0.40644683808432003,0.5686456399982203,0.2519620798002571,0.3343855736542318,0.42438429318921944,0.20035363204334933,0.4268006515517364,0.27067191926447864,0.47023744280274216,0.4214332548205604,0.2897025122746737,0.29094274922598873,0.28206480084484176,0.4856530358620744,0.4862269816300788,0.2831583559141245,0.3086679221814238
0.25462438704040635,0.23346999466226115,1.0,0.20473717632087995,0.20747376534571826,0.20320081803654078,0.21260828776983676,0.20574189520815145,0.24146374504738388,0.2098672151534603,0.22876324592346753,0.2063513692105685,0.2269233689390434,0.2054437287610924,0.2022745356173633,0.2182605721822467,0.19056105423469605,0.21925887987739856,0.20745527717624068,0.2145649013516029,0.2153688640098237,0.19627074345951367,0.22291788562101045,0.19475372370856237,0.2051085408586375,0.17274237066589349,0.22320989476535147,0.20454980224485397,0.24592636427025594,0.25149368981601805,0.19210560193846504,0.21815240231423905,0.0,0.21961766159943508,0.2162222257343127,0.1989747778141191,0.20575107456689057,0.223024317638422,0.15445462693111378,0.22528709258905144,0.20175054204705167,0.2210970422533861,0.2253153595206837,0.20930134655957044,0.20492450072468016,0.22783179644492957,0.2284165667262329,0.2276415952075731,0.21378531422647806,0.24874516383731526
0.28669929416344764,0.2820413357773489,0.20473717632087995,1.0,0.26976450151966347,0.2589657731063284,0.255333581272,0.4964748580317545,0.28640351386801144,0.5181773761078867,0.2658734051897135,0.5043735122761538,0.2753563506879705,0.5396247133571286,0.5512951505384961,0.2699615188180734,0.24334950548388212,0.26979767388880826,0.2576751091080165,0.2562388657225111,0.25763926567599504,0.23930382210257772,0.26903815724272817,0.24005062742555205,0.2690396688273744,0.22152560744349548,0.2623130344053196,0.5156252615229726,0.29955422810917753,0.27085187945018885,0.501614659161194,0.28212984091617854,0.0,0.2561313283662153,0.2628510223958991,0.39138251988544337,0.25476482602244477,0.25985824479948605,0.33653000372903863,0.2621627866596168,0.5286897891713391,0.2609005882517639,0.2675053991358607,0.5237004589028441,0.5180077205081219,0.29406885662282556,0.2623668387895929,0.26621420507547255,0.4503475402865481,0.30966717044016756
0.291299126532245,0.39472838247213093,0.20747376534571826,0.26976450151966347,1.0,0.3865438168519172,0.3178414150076454,0.27143002664327887,0.297849013163611,0.2723041644231018,0.5193059012193084,0.25671639317248285,0.470125835062674,0.2564339638290545,0.27223952881923796,0.3501049467463262,0.4392769036702522,0.41216307529179264,0.40319706671749367,0.3205398724042239,0.42186971921168503,0.37168272540269354,0.4263379453517716,0.4474376481767799,0.42548037481040546,0.353739252159717,0.42688226295512355,0.24407837293268575,0.30554379194117254,0.28602053849548814,0.2606478351648255,0.47244984124853595,0.0,0.42718054436683206,0.39183567132043096,0.23363709943435618,0.3213704291086692,0.4403457212300551,0.18378010264585953,0.44657329380099864,0.2693148177091227,0.3990147386467061,0.4406937492589824,0.2526029151805723,0.25372739711380454,0.2712428928534657,0.4091086776842987,0.41128216859190314,0.24483616126562802,0.2884993035664838
0.2963242972916107,0.5077498581373092,0.20320081803654078,0.2589657731063284,0.3865438168519172,1.0,0.34195913458235927,0.2695910582969413,0.28187811834670595,0.2535114236220003,0.39576953174923013,0.26126646175249213,0.3860306776154263,0.2532669041396306,0.24657481162214712,0.3355054172311095,0.40782366449019003,0.3949744034343582,0.38858440211093803,0.3273054670221308,0.37291958326721053,0.44354326388312415,0.39446654537505543,0.4654360511282165,0.5099637894258982,0.3530363794873226,0.372327542261507,0.2592839720319342,0.29119845307090975,0.2782268099976901,0.23831402366736154,0.3983197420328406,0.0,0.3898929428304556,0.5206407819456682,0.24416717485193895,0.3188763676778007,0.3780880938070893,0.2023260691128449,0.38996075262814955,0.24711803274936406,0.43361585193225305,0.3844208792562863,0.2591866171651023,0.25966761744563616,0.2685637167110495,0.4475825364575421,0.4511012685871323,0.24371674125302745,0.29059672829053296
0.30233565393494166,0.34818649515633293,0.21260828776983676,0.255333581272,0.3178414150076454,0.34195913458235927,1.0,0.2557952308288546,0.2962078366281391,0.25429628890475386,0.35401774119787166,0.25443547785617004,0.35373499482522275,0.2535427370931459,0.24612711697939205,0.7669577643762475,0.2954053589216631,0.38339156331419366,0.3647257582568032,0.8690360486838764,0.3742784918765705,0.3462367234567253,0.38550481727116526,0.3010608535587225,0.32290654965136356,0.2675846993963892,0.35035395328431007,0.25063100608163624,0.287748657385846,0.2933135566886901,0.23667694841185338,0.3389779403513469,0.0,0.3506035244633241,0.3524642257168812,0.25256028172552225,0.8155239269941,0.331286127214626,0.19883699795881093,0.35272737099274654,0.2431763777315188,0.34435937394719085,0.3501556742683224,0.2528064231059596,0.25351546607798414,0.267208793020142,0.34098711763409495,0.33983653408677605,0.24777432819364342,0.29328649159461195
0.2883749551272681,0.2824941977798089,0.20574189520815145,0.4964748580317545,0.27143002664327887,0.2695910582969413,0.2557952308288546,1.0,0.28165931878653017,0.5006296906402393,0.2688641325342803,0.47073691021390873,0.2810779105434207,0.4869556297862945,0.47330220316713845,0.26629909677423014,0.24364694305780288,0.27060560842635206,0.26102933721263955,0.25606987992797015,0.2571933559887922,0.23963330041060615,0.2695705835674408,0.2501708537284548,0.261848346255672,0.22072304978121815,0.26858998221426555,0.6887275623319706,0.3087245420015249,0.2709725571061341,0.4700213355945231,0.27415264187416843,0.0,0.2655536023784104,0.26575987467902107,0.3892127772292534,0.25107506592993745,0.27562910160027676,0.3333996343379385,0.27221593757103635,0.48715618310727815,0.26878374077255285,0.2709658798126714,0.6933741044545911,0.6706218857980577,0.2892445920619008,0.26491309232923554,0.26635807659062094,0.4381530362890499,0.30920681981460074
0.39559341972993567,0.30537255802586827,0.24146374504738388,0.28640351386801144,0.297849013163611,0.28187811834670595,0.2962078366281391,0.28165931878653017,1.0,0.29417598432812986,0.308026149528162,0.27174664418722794,0.3192333870336935,0.2748890856400765,0.2848410409555129,0.31080099857358,0.2639336305388442,0.3004623321723783,0.28057327090446715,0.2988006668745119,0.29016870651577853,0.26416812686271407,0.30247781076476077,0.2750037377728278,0.2840124301230974,0.24329032423915586,0.30575079180487685,0.2655925637595655,0.3285175264872834,0.40475924103830874,0.2751267900822625,0.2987634540099753,0.0,0.29452129648194847,0.2984026915610529,0.26443095271279127,0.2916613822048818,0.2921999550643395,0.20497098412258563,0.309402570135628,0.280195299348016,0.3013228143728739,0.30661648548450815,0.2727540890439948,0.2693005809398413,0.3095855279166404,0.2979506539076968,0.298973757802787,0.2635812258406648,0.33946198740494615
0.29339059798273137,0.2893241629621899,0.2098672151534603,0.5181773761078867,0.2723041644231018,0.2535114236220003,0.25429628890475386,0.5006296906402393,0.29417598432812986,1.0,0.2753186838244962,0.48599786137304435,0.2844621578127807,0.5066556142915888,0.5010395818429507,0.27088096496855196,0.23602255363129987,0.2687419953399891,0.24981100778747534,0.2553967533317778,0.25499453861167376,0.23138086800477875,0.2617377983294181,0.2419335819415399,0.2626116199010762,0.2240410067190417,0.26898964938123404,0.49919714503706003,0.3095019886915096,0.28130917713106285,0.5152890990562828,0.266902158364135,0.0,0.2569075494714256,0.2626755921419498,0.4011268385267085,0.2502061607393141,0.2603385349058308,0.34542028848670625,0.27005578449475964,0.5283956338884113,0.2650345863914082,0.265579640642464,0.5045559479076845,0.5079432967071793,0.2891999329972291,0.2642750559872492,0.2644910814885145,0.46459104308231003,0.3039713529682426
0.31799347846072357,0.425574313447851,0.22876324592346753,0.2658734051897135,0.5193059012193084,0.39576953174923013,0.35401774119787166,0.2688641325342803,0.308026149528162,0.2753186838244962,1.0,0.26933445903232767,0.5264112665373634,0.2696305766607464,0.26465964700282807,0.36143236922611643,0.36057570192093713,0.4830766947834574,0.45857656686930004,0.35508484704600163,0.47628041339733274,0.44487949042358454,0.4927649200489371,0.38028540580128334,0.37726979054540966,0.33110198183920514,0.4980191653868925,0.26610395498214,0.3057880928448309,0.31406312457061447,0.2569041880925921,0.4663481834035714,0.0,0.47835950126308036,0.41836943668474735,0.2557539062864256,0.343223159024745,0.47524303932253764,0.2017915991653626,0.5169673196459393,0.2609369426547812,0.43101130542641064,0.49654952144781916,0.26634391383414957,0.2668469972943136,0.2785088300022699,0.43361321621478355,0.4331258014812036,0.2623609703671844,0.3084471780214795
0.29448649302380403,0.29330582519359727,0.2063513692105685,0.5043735122761538,0.25671639317248285,0.26126646175249213,0.25443547785617004,0.47073691021390873,0.27174664418722794,0.48599786137304435,0.26933445903232767,1.0,0.2677085835941274,0.49619630121394476,0.6163745463468963,0.25936358234207857,0.23343842230067657,0.2657451611911219,0.2551992969703373,0.25340915834570354,0.2576327493810734,0.24192656151234804,0.26382422988439747,0.2414207017430855,0.25569445403360624,0.21241491479323893,0.2617710979810066,0.4817188137587145,0.3130597050313192,0.27558874844721093,0.4456642244395187,0.26582328977442193,0.0,0.25674220264397984,0.2628724792163588,0.3798761350615327,0.24598348352593835,0.26341513858519994,0.3346670305121564,0.26473567027966405,0.47214830689140075,0.26005972832679414,0.266112653870618,0.48521773496361664,0.4876211458515709,0.29263185949262616,0.26547142082069874,0.2674249599127788,0.4343306690880506,0.30775417326086973
0.31501079951982014,0.4266695565092683,0.2269233689390434,0.2753563506879705,0.470125835062674,0.3860306776154263,0.35373499482522275,0.2810779105434207,0.3192333870336935,0.2844621578127807,0.5264112665373634,0.2677085835941274,1.0,0.26887543062936725,0.27631644790769083,0.3706020494779546,0.3556126143942884,0.49744400013091417,0.47760693106941055,0.35558287407123534,0.5092932322912527,0.48526427348399404,0.5657143260625688,0.3722210921932172,0.37787827675238184,0.33110660427613425,0.5414120091010456,0.26649385655944613,0.3022007124507302,0.3203016982202357,0.2634598788642578,0.4994291969309218,0.0,0.538599351452488,0.42035463572217846,0.2499908789875812,0.3512703852069199,0.504331139560385,0.20047387455272725,0.5574590735835414,0.2714226735122369,0.42678646730602543,0.5346124575617477,0.269864961118249,0.2679612698505106,0.2784222569292196,0.43100977626414994,0.43018068971563017,0.2648075817666331,0.3060582867084002
0.28329830860957783,0.2748301287998971,0.2054437287610924,0.5396247133571286,0.2564339638290545,0.2532669041396306,0.2535427370931459,0.4869556297862945,0.2748890856400765,0.5066556142915888,0.2696305766607464,0.49619630121394476,0.26887543062936725,1.0,0.543169569083618,0.25961610422428694,0.23007833190483473,0.2689731068857034,0.2506184893153076,0.25546688784628824,0.2504526027146985,0.23201022037148233,0.26381976823952014,0.23029203219977468,0.24905917242761588,0.20770270351799136,0.26357109876361096,0.515020207098219,0.31049701230565874,0.26672167571421757,0.489353498655124,0.2644130615866982,0.0,0.254372115511981,0.2593381511816054,0.3919257955881874,0.2471934092033009,0.26062508551965935,0.3408608859685236,0.2613565997374043,0.513290533180534,0.2598243704248665,0.26693822057840677,0.5143275191153132,0.5080217853063071,0.29419973154254786,0.264299331830508,0.2655331169598234,0.4525751814361293,0.31251482507364503
0.27120418243558253,0.2693442259264609,0.2022745356173633,0.5512951505384961,0.27223952881923796,0.24657481162214712,0.24612711697939205,0.47330220316713845,0.2848410409555129,0.5010395818429507,0.26465964700282807,0.6163745463468963,0.27631644790769083,0.543169569083618,1.0,0.2632099789916095,0.2409563695975524,0.26145244326368244,0.24293737540605576,0.24875563702406678,0.2488586231930403,0.22551324529785022,0.2616362258280889,0.23745380453709253,0.25722179135364476,0.2169394142944041,0.25986251713828146,0.48173921930406227,0.300418243963813,0.2688621749137208,0.4910146765100467,0.26903058662179336,0.0,0.2538619156861579,0.2584475194601945,0.385733280393159,0.24528560667319466,0.25560746570190185,0.33348145370742055,0.25856774937107085,0.5115230463847962,0.2538544735311753,0.2635126552085503,0.4869992809883109,0.47996815296478557,0.29289211295368234,0.2645656665827223,0.26675334801934025,0.4437908847488846,0.31602389716028834
0.30662864571962745,0.3524411913980109,0.2182605721822467,0.2699615188180734,0.3501049467463262,0.3355054172311095,0.7669577643762475,0.26629909677423014,0.31080099857358,0.27088096496855196,0.36143236922611643,0.25936358234207857,0.3706020494779546,0.25961610422428694,0.2632099789916095,1.0,0.3057468782638234,0.3726795856604628,0.3588340670608089,0.7785052359347239,0.3615410219264812,0.33588991187386086,0.37845875780074134,0.3132750457416924,0.33744559468295543,0.28096102161895975,0.34693869823619705,0.25108392646986855,0.2895161218457699,0.3022460312733046,0.2522443060141446,0.3487120069718912,0.0,0.3496193309224007,0.35058085549377827,0.2509844710438114,0.750376948635548,0.3354527758419974,0.19250820830630389,0.35243347070395536,0.25944881011236276,0.34600656501532023,0.3491554318061123,0.2567708398509545,0.2570385078495847,0.26995908854660977,0.34294925446000657,0.3419233772533704,0.25245457012464634,0.2935818119872249
0.2647969952647412,0.42063607785692414,0.19056105423469605,0.24334950548388212,0.4392769036702522,0.40782366449019003,0.2954053589216631,0.24364694305780288,0.2639336305388442,0.23602255363129987,0.36057570192093713,0.23343842230067657,0.3556126143942884,0.23007833190483473,0.2409563695975524,0.3057468782638234,1.0,0.34652658163518535,0.3353427596832903,0.2940935904772227,0.3403400113696383,0.32073386992963926,0.36278506714313263,0.5433950665046788,0.4860116824074485,0.39885388918484643,0.34250567641476637,0.22870764216087247,0.29359302234132323,0.2552312445085817,0.22556702840438103,0.4316704296471824,0.0,0.3625163249834057,0.42835105119595973,0.2231754600157223,0.29213084131748046,0.34536858641711277,0.17469302061742564,0.35086631748689834,0.23095275331171417,0.38933252100768434,0.35224498234671486,0.23575987094506867,0.24365114893706874,0.2469789718808122,0.410559965123794,0.41486194141401456,0.2182388580186273,0.26873753163263603
0.31207966539447285,0.41482793613949354,0.21925887987739856,0.26979767388880826,0.41216307529179264,0.3949744034343582,0.38339156331419366,0.27060560842635206,0.3004623321723783,0.2687419953399891,0.4830766947834574,0.2657451611911219,0.49744400013091417,0.2689731068857034,0.26145244326368244,0.3726795856604628,0.34652658163518535,1.0,0.5201406127910471,0.3814961076942064,0.5046033604014044,0.46383161640207593,0.5261831127063299,0.35457747453855415,0.37055194190555063,0.3140874819862238,0.4884439121228278,0.26461784652579146,0.30136435181072474,0.30603221539618697,0.2522681033471518,0.45705175857397295,0.0,0.4741536627472124,0.41878462184332865,0.26627767633811106,0.36971353392538875,0.45313340817165826,0.20627205525127068,0.49755146573143627,0.2593577020242026,0.4250831444635075,0.4780027656286522,0.26536793609606524,0.26534039448656965,0.28001939459315595,0.4235587620475424,0.4233614134330983,0.2598945046633555,0.30688950829759976
0.2979383961351614,0.3947994099863966,0.20745527717624068,0.2576751091080165,0.40319706671749367,0.38858440211093803,0.3647257582568032,0.26102933721263955,0.28057327090446715,0.24981100778747534,0.45857656686930004,0.2551992969703373,0.47760693106941055,0.2506184893153076,0.24293737540605576,0.3588340670608089,0.3353427596832903,0.5201406127910471,1.0,0.3594294136449727,0.4969771134665615,0.4671220439215462,0.507428522413497,0.3376368050055546,0.36132762873728586,0.29700546970812447,0.47305403586221817,0.25308454726734386,0.2830571163441816,0.28663258997018537,0.2317688215529905,0.45055598864998314,0.0,0.4592342726537534,0.39708050750453106,0.25112695707242016,0.35233544388009097,0.438774105168941,0.19480474501208478,0.4760404998891019,0.24161435274434928,0.3996224687047336,0.4602144642141941,0.2542856792983156,0.2554495069955641,0.2692526235122715,0.39737282169229027,0.40005228303582074,0.24449376741365092,0.29450525916200354
0.3024453024334506,0.35015739965363135,0.2145649013516029,0.2562388657225111,0.3205398724042239,0.3273054670221308,0.8690360486838764,0.25606987992797015,0.2988006668745119,0.2553967533317778,0.35508484704600163,0.25340915834570354,0.35558287407123534,0.25546688784628824,0.24875563702406678,0.7785052359347239,0.2940935904772227,0.3814961076942064,0.3594294136449727,1.0,0.37384517054195243,0.3309963014652533,0.3849987834870956,0.3020385301495563,0.32088910119795644,0.26687797362413834,0.3529254496723402,0.2510737584467223,0.28941853210628377,0.29681216959514933,0.23882442966897743,0.33785760418052635,0.0,0.35139447031387394,0.3524026394707196,0.2521012528712736,0.81333987199955,0.3339439276367502,0.19682078209642928,0.35486328109195386,0.2448833217122096,0.3447955800308856,0.35215298113011906,0.2528835462051434,0.2523414515703737,0.2686069838548548,0.3430197018734015,0.34200761727328155,0.2505513192120523,0.2954373405307651
0.2959237560376281,0.40202161173616124,0.2153688640098237,0.25763926567599504,0.42186971921168503,0.37291958326721053,0.3742784918765705,0.2571933559887922,0.29016870651577853,0.25499453861167376,0.47628041339733274,0.2576327493810734,0.5092932322912527,0.2504526027146985,0.2488586231930403,0.3615410219264812,0.3403400113696383,0.5046033604014044,0.4969771134665615,0.37384517054195243,1.0,0.46200620862626085,0.5352985338211916,0.34501973953773146,0.35661373825224796,0.31177960390036064,0.5036713204432941,0.25631728229093564,0.2863032494758203,0.29865946054329406,0.2386841836527902,0.4704891343454146,0.0,0.4966223882043692,0.40869813690109935,0.2544483689614795,0.35997133102230794,0.4689150673966711,0.1969400855291623,0.5063188106849581,0.24991689190133548,0.4007045608239995,0.4901845420254959,0.25745621691492393,0.2578734917001042,0.2739451759441157,0.41509931995101057,0.4152203577425998,0.2509592199339852,0.2937676043755191
0.278693533225973,0.36445980623144414,0.19627074345951367,0.23930382210257772,0.37168272540269354,0.44354326388312415,0.3462367234567253,0.23963330041060615,0.26416812686271407,0.23138086800477875,0.44487949042358454,0.24192656151234804,0.48526427348399404,0.23201022037148233,0.22551324529785022,0.33588991187386086,0.32073386992963926,0.46383161640207593,0.4671220439215462,0.3309963014652533,0.46200620862626085,1.0,0.6349648722466961,0.31215825458913204,0.3501350911527913,0.28268164047958044,0.45376076944908594,0.24379930234471248,0.2668434419356498,0.27074778722392234,0.2168384479908375,0.4419799255878124,0.0,0.5556044168148351,0.37076100167387893,0.22715544793393516,0.32460382213439165,0.4243704915078518,0.17816001748560883,0.4695729175944464,0.22184819466807226,0.3671284844025048,0.4520515935879106,0.23757990486191272,0.23908099833363228,0.25122279353106824,0.3691023302250679,0.3691778137093038,0.22836191832157293,0.27038189224265896
0.31117300612629895,0.419715426146549,0.22291788562101045,0.26903815724272817,0.4263379453517716,0.39446654537505543,0.38550481727116526,0.2695705835674408,0.30247781076476077,0.2617377983294181,0.4927649200489371,0.26382422988439747,0.5657143260625688,0.26381976823952014,0.2616362258280889,0.37845875780074134,0.36278506714313263,0.5261831127063299,0.507428522413497,0.3849987834870956,0.5352985338211916,0.6349648722466961,1.0,0.35710572571266586,0.37936466329177754,0.3153100010580322,0.5301266387545275,0.2642982608424167,0.29876643515865864,0.3046319067148099,0.2505781369994433,0.4981240964472522,0.0,0.6526667220899149,0.4176297932224541,0.2579641087542974,0.37415224113265166,0.4912096874210943,0.2010700724173532,0.5315948877028325,0.2565902375732888,0.4150074695010849,0.5160749978155563,0.2665050812377566,0.26604546009066565,0.27750182610761187,0.4215569036829777,0.4228988444219689,0.25800714993872453,0.3057489053861927
0.2752043824995173,0.49824897736799956,0.19475372370856237,0.24005062742555205,0.4474376481767799,0.4654360511282165,0.3010608535587225,0.2501708537284548,0.2750037377728278,0.2419335819415399,0.38028540580128334,0.2414207017430855,0.3722210921932172,0.23029203219977468,0.23745380453709253,0.3132750457416924,0.5433950665046788,0.35457747453855415,0.3376368050055546,0.3020385301495563,0.34501973953773146,0.31215825458913204,0.35710572571266586,1.0,0.5401668810221592,0.39516790937042523,0.3580517616059574,0.22810339293693815,0.3038855392951083,0.26673154123567255,0.22984558602577176,0.4018999687071967,0.0,0.3636765999959508,0.5108576479168216,0.22118569190812287,0.2954874103006826,0.3572149520979667,0.1743543602016221,0.35826221104436595,0.23392146445024853,0.4125890094279815,0.35812161525385855,0.23558849534815685,0.2410020641366899,0.2424272700975164,0.41638376797751675,0.4161035134149549,0.22417629085313606,0.2683933732493896
0.2878621412308573,0.5250165497741749,0.2051085408586375,0.2690396688273744,0.42548037481040546,0.5099637894258982,0.32290654965136356,0.261848346255672,0.2840124301230974,0.2626116199010762,0.37726979054540966,0.25569445403360624,0.37787827675238184,0.24905917242761588,0.25722179135364476,0.33744559468295543,0.4860116824074485,0.37055194190555063,0.36132762873728586,0.32088910119795644,0.35661373825224796,0.3501350911527913,0.37936466329177754,0.5401668810221592,1.0,0.40066310129432214,0.36300619338777207,0.24075816878118483,0.2889252517184937,0.273657805908439,0.2435259040899661,0.44045179525289635,0.0,0.36646697355928093,0.526385659021684,0.23191146861724443,0.3234892295409745,0.372981424916066,0.1864067843714221,0.3690816826460488,0.25130785796844257,0.41843714344018756,0.37057373246374137,0.25903225627301774,0.25988737059069766,0.26357092752103484,0.42982219950760003,0.4315736120965883,0.24691381755931952,0.27628787281082734
0.24176166821811818,0.3833649509992232,0.17274237066589349,0.22152560744349548,0.353739252159717,0.3530363794873226,0.2675846993963892,0.22072304978121815,0.24329032423915586,0.2240410067190417,0.33110198183920514,0.21241491479323893,0.33110660427613425,0.20770270351799136,0.2169394142944041,0.28096102161895975,0.39885388918484643,0.3140874819862238,0.29700546970812447,0.26687797362413834,0.31177960390036064,0.28268164047958044,0.3153100010580322,0.39516790937042523,0.40066310129432214,1.0,0.3101562371154658,0.2034652856006044,0.2438871044769395,0.23720196998793575,0.2090915501627707,0.3356992066912706,0.0,0.3086588104992418,0.3782859011893466,0.19725869851588695,0.2651767799107392,0.30932951187038094,0.1618374704427008,0.3226898319373722,0.21386079229936283,0.3610769444943007,0.31077407496527787,0.21539455412400477,0.21627939935715157,0.21251982524373458,0.3680707990651405,0.36884743074033977,0.2093767677892553,0.2343541821544869
0.30684655382428383,0.41727182374798555,0.22320989476535147,0.2623130344053196,0.42688226295512355,0.372327542261507,0.35035395328431007,0.26858998221426555,0.30575079180487685,0.26898964938123404,0.4980191653868925,0.2617710979810066,0.5414120091010456,0.26357109876361096,0.25986251713828146,0.34693869823619705,0.34250567641476637,0.4884439121228278,0.47305403586221817,0.3529254496723402,0.5036713204432941,0.45376076944908594,0.5301266387545275,0.3580517616059574,0.36300619338777207,0.3101562371154658,1.0,0.26271511572757955,0.29776529625990544,0.3030925952564899,0.25236753775547605,0.48933697907820817,0.0,0.49984019197540464,0.4106773643499996,0.25339897488556407,0.3383121837903048,0.5783893992256345,0.19709332617445519,0.5448386819721822,0.2613968504798364,0.4157074996225205,0.6158964737573008,0.26694742913735836,0.26267538924809275,0.27897389728927424,0.414642233311174,0.41357768256681615,0.26434382101851295,0.301932819452566
0.2796361251824887,0.2793548178026609,0.20454980224485397,0.5156252615229726,0.24407837293268575,0.2592839720319342,0.25063100608163624,0.6887275623319706,0.2655925637595655,0.49919714503706003,0.26610395498214,0.4817188137587145,0.26649385655944613,0.515020207098219,0.48173921930406227,0.25108392646986855,0.22870764216087247,0.26461784652579146,0.25308454726734386,0.2510737584467223,0.25631728229093564,0.24379930234471248,0.2642982608424167,0.22810339293693815,0.24075816878118483,0.2034652856006044,0.26271511572757955,1.0,0.30750854720410126,0.2651983737446362,0.4681161295444929,0.2637216879760693,0.0,0.2540642047017684,0.2595657738332079,0.3896954321806204,0.2400953402465651,0.2666151575910315,0.33537947260988854,0.26471357798528616,0.4931927319608693,0.2580766045422366,0.2615331707671812,0.8023917650942549,0.7669481776829171,0.2860993828361319,0.26158254613246235,0.26190128978356886,0.45146063099067024,0.2996448499760723
0.34312754149702174,0.3124002041567492,0.24592636427025594,0.29955422810917753,0.30554379194117254,0.29119845307090975,0.287748657385846,0.3087245420015249,0.3285175264872834,0.3095019886915096,0.3057880928448309,0.3130597050313192,0.3022007124507302,0.31049701230565874,0.300418243963813,0.2895161218457699,0.29359302234132323,0.30136435181072474,0.2830571163441816,0.28941853210628377,0.2863032494758203,0.2668434419356498,0.29876643515865864,0.3038855392951083,0.2889252517184937,0.2438871044769395,0.29776529625990544,0.30750854720410126,1.0,0.32649003809247723,0.2899596374317399,0.30018205147856536,0.0,0.2947516120548266,0.30009235649539745,0.2863984183940287,0.2777565610793242,0.2941491900579226,0.2237265558665914,0.29817801459116644,0.2916456544148328,0.2941258796068821,0.29347076180777665,0.30313238239512863,0.30521610640441355,0.38839719627238367,0.3000680767707643,0.29934258903715905,0.2956178379699652,0.6106649651958058
0.3878402423632229,0.31089185594072033,0.25149368981601805,0.27085187945018885,0.28602053849548814,0.2782268099976901,0.2933135566886901,0.2709725571061341,0.40475924103830874,0.28130917713106285,0.31406312457061447,0.27558874844721093,0.3203016982202357,0.26672167571421757,0.2688621749137208,0.3022460312733046,0.2552312445085817,0.30603221539618697,0.28663258997018537,0.29681216959514933,0.29865946054329406,0.27074778722392234,0.3046319067148099,0.26673154123567255,0.273657805908439,0.23720196998793575,0.3030925952564899,0.2651983737446362,0.32649003809247723,1.0,0.26177188521696826,0.2881440543796363,0.0,0.2961981840180603,0.2963899653946933,0.2570357697903861,0.2870003520368186,0.29678316903652147,0.20581606330918467,0.31714480048542926,0.26810852078179714,0.29717826804780145,0.30633424798198294,0.26833203221295154,0.264563653347745,0.3242308133963754,0.303880539326699,0.30409282890241385,0.2659343754768889,0.336496219634012
0.2639937984727263,0.2621224293769877,0.19210560193846504,0.501614659161194,0.2606478351648255,0.23831402366736154,0.23667694841185338,0.4700213355945231,0.2751267900822625,0.5152890990562828,0.2569041880925921,0.4456642244395187,0.2634598788642578,0.489353498655124,0.4910146765100467,0.2522443060141446,0.22556702840438103,0.2522681033471518,0.2317688215529905,0.23882442966897743,0.2386841836527902,0.2168384479908375,0.2505781369994433,0.22984558602577176,0.2435259040899661,0.2090915501627707,0.25236753775547605,0.4681161295444929,0.2899596374317399,0.26177188521696826,1.0,0.2593432244118111,0.0,0.2432730110954886,0.24379735795133672,0.3729047750066249,0.23580131503895885,0.24653574070374096,0.315926744596455,0.2519074821950348,0.6533290305126929,0.24788841201763767,0.2519979721274669,0.4746467471842525,0.47030134591266826,0.27171887226616886,0.24940776204846227,0.251787319480798,0.42408681891773004,0.2876688560206172
0.3036046472249079,0.4117472044515106,0.21815240231423905,0.28212984091617854,0.47244984124853595,0.3983197420328406,0.3389779403513469,0.27415264187416843,0.2987634540099753,0.266902158364135,0.4663481834035714,0.26582328977442193,0.4994291969309218,0.2644130615866982,0.26903058662179336,0.3487120069718912,0.4316704296471824,0.45705175857397295,0.45055598864998314,0.33785760418052635,0.4704891343454146,0.4419799255878124,0.4981240964472522,0.4018999687071967,0.44045179525289635,0.3356992066912706,0.48933697907820817,0.2637216879760693,0.30018205147856536,0.2881440543796363,0.2593432244118111,1.0,0.0,0.4779151226495544,0.40110000898143205,0.24427842071761896,0.34054199717949807,0.4826568825857459,0.1959861393992669,0.5056216757581378,0.26219326413746213,0.41038156168458373,0.5033919439657819,0.2669526604217992,0.27085780786546554,0.2737233299156846,0.42044665625824684,0.42275677965912783,0.25097541460797035,0.2928058817802036
0.0,0.0,0.0,0.0,0.0,0.0,0.0,0.0,0.0,0.0,0.0,0.0,0.0,0.0,0.0,0.0,0.0,0.0,0.0,0.0,0.0,0.0,0.0,0.0,0.0,0.0,0.0,0.0,0.0,0.0,0.0,0.0,1.0,0.0,0.0,0.0,0.0,0.0,0.0,0.0,0.0,0.0,0.0,0.0,0.0,0.0,0.0,0.0,0.0,0.0
0.3024568667442906,0.40644683808432003,0.21961766159943508,0.2561313283662153,0.42718054436683206,0.3898929428304556,0.3506035244633241,0.2655536023784104,0.29452129648194847,0.2569075494714256,0.47835950126308036,0.25674220264397984,0.538599351452488,0.254372115511981,0.2538619156861579,0.3496193309224007,0.3625163249834057,0.4741536627472124,0.4592342726537534,0.35139447031387394,0.4966223882043692,0.5556044168148351,0.6526667220899149,0.3636765999959508,0.36646697355928093,0.3086588104992418,0.49984019197540464,0.2540642047017684,0.2947516120548266,0.2961981840180603,0.2432730110954886,0.4779151226495544,0.0,1.0,0.4088019301440823,0.2614209815426871,0.3385319206852867,0.4773191669280119,0.21019486206091553,0.5105657775334014,0.24958613170114274,0.40871085858811285,0.5075933053820427,0.2566093405529569,0.25672998950821024,0.2708754247652275,0.41469387401326596,0.4156785262952366,0.25154971187879327,0.30088768624569995
0.30339732152971643,0.5686456399982203,0.2162222257343127,0.2628510223958991,0.39183567132043096,0.5206407819456682,0.3524642257168812,0.26575987467902107,0.2984026915610529,0.2626755921419498,0.41836943668474735,0.2628724792163588,0.42035463572217846,0.2593381511816054,0.2584475194601945,0.35058085549377827,0.42835105119595973,0.41878462184332865,0.39708050750453106,0.3524026394707196,0.40869813690109935,0.37076100167387893,0.4176297932224541,0.5108576479168216,0.526385659021684,0.3782859011893466,0.4106773643499996,0.2595657738332079,0.30009235649539745,0.2963899653946933,0.24379735795133672,0.40110000898143205,0.0,0.4088019301440823,1.0,0.24988924413964075,0.33616174977800095,0.3988285418888866,0.19814346593678,0.42133867113615364,0.2518186474884492,0.46875092687952924,0.4145933567210752,0.26196914098025603,0.265122984696223,0.2682837930319002,0.47424656242108465,0.4729218708298877,0.2532939864124327,0.2949429070663513
0.26234640549591726,0.2519620798002571,0.1989747778141191,0.39138251988544337,0.23363709943435618,0.24416717485193895,0.25256028172552225,0.3892127772292534,0.26443095271279127,0.4011268385267085,0.2557539062864256,0.3798761350615327,0.2499908789875812,0.3919257955881874,0.385733280393159,0.2509844710438114,0.2231754600157223,0.26627767633811106,0.25112695707242016,0.2521012528712736,0.2544483689614795,0.22715544793393516,0.2579641087542974,0.22118569190812287,0.23191146861724443,0.19725869851588695,0.25339897488556407,0.3896954321806204,0.2863984183940287,0.2570357697903861,0.3729047750066249,0.24427842071761896,0.0,0.2614209815426871,0.24988924413964075,1.0,0.24365054511795858,0.24186862281648225,0.3196829084138155,0.25546035178970894,0.3867931965155963,0.2458254224241544,0.24984441564215643,0.39304016426827115,0.390386968172987,0.26986092994312694,0.24584020427672282,0.24541989843783285,0.39231854034476976,0.29301641447776783
0.29177638579625387,0.3343855736542318,0.20575107456689057,0.25476482602244477,0.3213704291086692,0.3188763676778007,0.8155239269941,0.25107506592993745,0.2916613822048818,0.2502061607393141,0.343223159024745,0.24598348352593835,0.3512703852069199,0.2471934092033009,0.24528560667319466,0.750376948635548,0.29213084131748046,0.36971353392538875,0.35233544388009097,0.81333987199955,0.35997133102230794,0.32460382213439165,0.37415224113265166,0.2954874103006826,0.3234892295409745,0.2651767799107392,0.3383121837903048,0.2400953402465651,0.2777565610793242,0.2870003520368186,0.23580131503895885,0.34054199717949807,0.0,0.3385319206852867,0.33616174977800095,0.24365054511795858,1.0,0.3227570917705648,0.19167770938274253,0.3370928319856308,0.24011177406399942,0.3305627792637662,0.34106366619016826,0.2452391256704295,0.24499712191374934,0.25734647600223304,0.32811270309772034,0.32713335263652643,0.23928083388930643,0.284232016580488
0.3110196995688196,0.42438429318921944,0.223024317638422,0.25985824479948605,0.4403457212300551,0.3780880938070893,0.331286127214626,0.27562910160027676,0.2921999550643395,0.2603385349058308,0.47524303932253764,0.26341513858519994,0.504331139560385,0.26062508551965935,0.25560746570190185,0.3354527758419974,0.34536858641711277,0.45313340817165826,0.438774105168941,0.3339439276367502,0.4689150673966711,0.4243704915078518,0.4912096874210943,0.3572149520979667,0.372981424916066,0.30932951187038094,0.5783893992256345,0.2666151575910315,0.2941491900579226,0.29678316903652147,0.24653574070374096,0.4826568825857459,0.0,0.4773191669280119,0.3988285418888866,0.24186862281648225,0.3227570917705648,1.0,0.19600951762489616,0.515987576711173,0.2560324219587028,0.41012510706668326,0.6172162023366198,0.2701455101178373,0.2622873387993605,0.2809782291058289,0.4220186662714255,0.42157238119644114,0.2619867588560566,0.29533656151922505
0.24235550438435338,0.20035363204334933,0.15445462693111378,0.33653000372903863,0.18378010264585953,0.2023260691128449,0.19883699795881093,0.3333996343379385,0.20497098412258563,0.34542028848670625,0.2017915991653626,0.3346670305121564,0.20047387455272725,0.3408608859685236,0.33348145370742055,0.19250820830630389,0.17469302061742564,0.20627205525127068,0.19480474501208478,0.19682078209642928,0.1969400855291623,0.17816001748560883,0.2010700724173532,0.1743543602016221,0.1864067843714221,0.1618374704427008,0.19709332617445519,0.33537947260988854,0.2237265558665914,0.20581606330918467,0.315926744596455,0.1959861393992669,0.0,0.21019486206091553,0.19814346593678,0.3196829084138155,0.19167770938274253,0.19600951762489616,1.0,0.19891040976107544,0.32661183065648414,0.1996121125783834,0.20160542032502704,0.3381988565631344,0.3387627854600608,0.20818130484799757,0.20056107033865278,0.20043530282150102,0.3182591980165834,0.2288610318272818
0.3145675993261211,0.4268006515517364,0.22528709258905144,0.2621627866596168,0.44657329380099864,0.38996075262814955,0.35272737099274654,0.27221593757103635,0.309402570135628,0.27005578449475964,0.5169673196459393,0.26473567027966405,0.5574590735835414,0.2613565997374043,0.25856774937107085,0.35243347070395536,0.35086631748689834,0.49755146573143627,0.4760404998891019,0.35486328109195386,0.5063188106849581,0.4695729175944464,0.5315948877028325,0.35826221104436595,0.3690816826460488,0.3226898319373722,0.5448386819721822,0.26471357798528616,0.29817801459116644,0.31714480048542926,0.2519074821950348,0.5056216757581378,0.0,0.5105657775334014,0.42133867113615364,0.25546035178970894,0.3370928319856308,0.515987576711173,0.19891040976107544,1.0,0.2596506157334356,0.4262537579739306,0.5456235696911658,0.26480531438497357,0.2665927348016356,0.28661102808556393,0.4417878817414629,0.4413604354470301,0.25985177268476034,0.310946728541333
