../ecoli_genomes/GCF_000163235.1_ASM16323v1_genomic.fna.gz,../ecoli_genomes/GCF_000164555.1_ASM16455v1_genomic.fna.gz,../ecoli_genomes/GCF_000208545.1_ASM20854v2_genomic.fna.gz,../ecoli_genomes/GCF_000233875.1_ASM23387v1_genomic.fna.gz,../ecoli_genomes/GCF_000249735.1_ASM24973v2_genomic.fna.gz,../ecoli_genomes/GCF_000261145.1_Esch_coli_M919_V2_genomic.fna.gz,../ecoli_genomes/GCF_000267705.2_ASM26770v2_genomic.fna.gz,../ecoli_genomes/GCF_000350665.1_Esch_coli_KTE5_V1_genomic.fna.gz,../ecoli_genomes/GCF_000351625.1_Esch_coli_KTE66_V1_genomic.fna.gz,../ecoli_genomes/GCF_000352285.1_Esch_coli_KTE46_V1_genomic.fna.gz,../ecoli_genomes/GCF_000358895.1_ASM35889v1_genomic.fna.gz,../ecoli_genomes/GCF_000456385.1_Esch_coli_HVH_26_4-5703913_V1_genomic.fna.gz,../ecoli_genomes/GCF_000458195.1_Esch_coli_HVH_147_4-5893887_V1_genomic.fna.gz,../ecoli_genomes/GCF_000459755.1_Esch_coli_KOEGE_58_171a_V1_genomic.fna.gz,../ecoli_genomes/GCF_000460055.1_Esch_coli_UMEA_3053-1_V1_genomic.fna.gz,../ecoli_genomes/GCF_000462165.2_ASM46216v2_genomic.fna.gz,../ecoli_genomes/GCF_000601135.1_ASM60113v1_genomic.fna.gz,../ecoli_genomes/GCF_000614595.1_Ec2010EL1058_genomic.fna.gz,../ecoli_genomes/GCF_000617745.1_Ec2010C-4529_genomic.fna.gz,../ecoli_genomes/GCF_000618265.2_EcF6751_genomic.fna.gz,../ecoli_genomes/GCF_000619005.2_Ec2009C-4052_genomic.fna.gz,../ecoli_genomes/GCF_000619105.1_Ec2009C-4780_genomic.fna.gz,../ecoli_genomes/GCF_000619765.2_Ec2009C-3279_genomic.fna.gz,../ecoli_genomes/GCF_000687005.1_ASM68700v1_genomic.fna.gz,../ecoli_genomes/GCF_000687025.1_ASM68702v1_genomic.fna.gz,../ecoli_genomes/GCF_000700125.1_ASM70012v1_genomic.fna.gz,../ecoli_genomes/GCF_000753315.1_FHI35_genomic.fna.gz,../ecoli_genomes/GCF_000776375.1_ASM77637v1_genomic.fna.gz,../ecoli_genomes/GCF_000779395.1_ASM77939v1_genomic.fna.gz,../ecoli_genomes/GCF_000780315.1_ASM78031v1_genomic.fna.gz,../ecoli_genomes/GCF_000781995.1_ASM78199v1_genomic.fna.gz,../ecoli_genomes/GCF_000986765.1_ASM98676v1_genomic.fna.gz,../ecoli_genomes/GCF_001041375.1_ViralProj287958_genomic.fna.gz,../ecoli_genomes/GCF_001265335.1_302014_genomic.fna.gz,../ecoli_genomes/GCF_001265625.1_100854_genomic.fna.gz,../ecoli_genomes/GCF_001267345.1_303289_genomic.fna.gz,../ecoli_genomes/GCF_001309985.1_ASM130998v1_genomic.fna.gz,../ecoli_genomes/GCF_001521695.1_ASM152169v1_genomic.fna.gz,../ecoli_genomes/GCF_001592595.1_ASM159259v1_genomic.fna.gz,../ecoli_genomes/GCF_001614975.1_ASM161497v1_genomic.fna.gz,../ecoli_genomes/GCF_001692775.1_ASM169277v1_genomic.fna.gz,../ecoli_genomes/GCF_001748915.1_ASM174891v1_genomic.fna.gz,../ecoli_genomes/GCF_001749235.1_ASM174923v1_genomic.fna.gz,../ecoli_genomes/GCF_001881155.1_ASM188115v1_genomic.fna.gz,../ecoli_genomes/GCF_001881345.1_ASM188134v1_genomic.fna.gz,../ecoli_genomes/GCF_001892405.1_ASM189240v1_genomic.fna.gz,../ecoli_genomes/GCF_001892585.1_ASM189258v1_genomic.fna.gz,../ecoli_genomes/GCF_001893985.1_ASM189398v1_genomic.fna.gz,../ecoli_genomes/GCF_002001595.1_ASM200159v1_genomic.fna.gz,../ecoli_genomes/GCF_002002145.1_ASM200214v1_genomic.fna.gz
1.0,0.31887234819725685,0.2569000031658415,0.28201425194062724,0.3085397324069997,0.3082279727801116,0.29551039682168556,0.287091152733739,0.38370774881912706,0.28898707259270906,0.3177025546581085,0.2849687389861504,0.3194338114317855,0.2725123721468329,0.2620601717119774,0.30519951074918905,0.29186360828445,0.30668865490826325,0.27921024867571564,0.2981736744614102,0.29750465892887334,0.30517676563016594,0.3116644200570595,0.3101221659564105,0.2952099286866138,0.29260171272896207,0.3057402818034658,0.2752481429687912,0.34492946051527085,0.38010512526838836,0.25178489742230825,0.31041004697212815,0.0,0.30730604892790225,0.3049519672912143,0.2750753768487636,0.2856970505328187,0.30303294147096604,0.2609800853709019,0.3090126684991381,0.25985004034078796,0.3099619216128666,0.31412314141680675,0.28123274136691456,0.28973015369791333,0.3097011055942468,0.3062544043957327,0.30487139303346733,0.26803509220696564,0.34358938121256954
0.31887234819725685,1.0,0.23624655750873558,0.2716670036612301,0.3830872274342211,0.5444225288865384,0.3434837669698234,0.2790584141220238,0.3005553837654579,0.2825146127217478,0.4275592115273845,0.2863453100676152,0.40962192946474985,0.2659563379199442,0.2590134621964939,0.34418567974813763,0.44779692272769367,0.4136050487231442,0.3652461998188282,0.34861235601715024,0.40272019275614046,0.40209792408638745,0.4173945066547323,0.5444191571857566,0.5340158694504639,0.4763968557237892,0.4145716582920659,0.2787655807212702,0.312172964582105,0.3054610516437817,0.25326159732227393,0.3938864946099313,0.0,0.3978042999420339,0.564747032435712,0.2693511654251898,0.32791312391350125,0.4136981518826959,0.23333192337043973,0.41911164035539106,0.25620566918243026,0.46849292932097575,0.4165259873378603,0.28847820671878566,0.2881135804950211,0.28693346814353615,0.4763923250390387,0.4775719702874558,0.28409612371861326,0.30521507220626876
0.2569000031658415,0.23624655750873558,1.0,0.20430553872277457,0.2043160884784292,0.21607003755318643,0.2151904877145716,0.21161679615889128,0.24265259104483794,0.21104979557233616,0.23431256282896717,0.2050913980416823,0.22208081808892843,0.20688138240200715,0.19729113811009158,0.21655467062598843,0.20908246367718308,0.2223287350136417,0.20155210425354242,0.2187687860733768,0.21859093348829628,0.21897297616617206,0.22553367472570773,0.21295958188686137,0.21112571927127277,0.20690977804364563,0.23050012441693346,0.2094869839197161,0.25213315460442953,0.24726987410930157,0.1954541326116196,0.22105398767694306,0.0,0.22125687213975098,0.21530007626966463,0.20828531092616853,0.20481091695655762,0.2269408875081279,0.18379013994111082,0.23224138920271897,0.19707041646617074,0.22425312051322788,0.23642894292235928,0.21547318756625133,0.21082669646865115,0.23317094266965277,0.2284896709656441,0.2285585833915832,0.21408730848915503,0.24940067723802983
0.28201425194062724,0.2716670036612301,0.20430553872277457,1.0,0.30307880516827923,0.26656042134515834,0.25223307710320786,0.5031099552866182,0.2901553278626706,0.5395217430614152,0.26544672260312874,0.5165404262658073,0.287857950263517,0.5494154519424148,0.5657285358581208,0.2796998976920092,0.26224422960656113,0.2583338314742224,0.2328335728688128,0.25490949953919606,0.25297501460390637,0.25309406596085704,0.2678972555235377,0.27220159549696366,0.2710635523783832,0.2690201506068113,0.26249171055167797,0.5206606359801949,0.30844865426973345,0.27456838117368587,0.5036596651736862,0.290952110152517,0.0,0.25193671777264715,0.2556590972346555,0.4205032905031909,0.2525672826585097,0.25021772028651046,0.40547662260759865,0.25470692820743723,0.5294654977004588,0.2571082347819853,0.2638089897189211,0.520595559866819,0.5130705451572308,0.292419135787246,0.26005677634422475,0.2593500422805869,0.45411828365702755,0.3099339797799159
0.3085397324069997,0.3830872274342211,0.2043160884784292,0.30307880516827923,1.0,0.4129701486234323,0.31132573429984023,0.2943155119981551,0.3213875699269664,0.3038772316952486,0.5079432007142913,0.2724979862680249,0.5070741531165031,0.27001987629615043,0.2970753313845783,0.37186810236745294,0.424256669287675,0.41083791427198646,0.37165045565265253,0.315344575685894,0.41885099654734115,0.4145074009564589,0.4219740075461712,0.44735653060480507,0.4189570949049478,0.4345109997277147,0.4305328773704896,0.25498666166120354,0.2910343467651112,0.306773315208106,0.2617035773625942,0.4845376093774224,0.0,0.42716626510142386,0.3948286224468439,0.2503357249688256,0.32652601649838886,0.4211531482555204,0.22854804201480483,0.43509252254310193,0.2930035430807514,0.3922066639853641,0.4461007048392953,0.26337317895468604,0.2691560683927383,0.2613014575797712,0.41768542505985695,0.4161939905539839,0.24895383062843457,0.2826530489212704
0.3082279727801116,0.5444225288865384,0.21607003755318643,0.26656042134515834,0.4129701486234323,1.0,0.34959406695623685,0.2848121924672674,0.30194765844792626,0.2723646638853293,0.41460235202281615,0.26480449017064733,0.4150596548416333,0.2592528595462683,0.2601524168386764,0.3558588552687817,0.45652771757576505,0.41338698417438646,0.36581283735912706,0.34913831154333297,0.3954687558862785,0.39616193904337516,0.41080545308979277,0.5403321420206959,0.5298667837999962,0.46482982067538625,0.39773961181805406,0.26295306296805343,0.309853166872589,0.3014393714958419,0.24745492316009443,0.4077278853031123,0.0,0.41071565165301416,0.5560761033146054,0.2688597490000404,0.3389420040587754,0.40105418800374515,0.2454233928703019,0.4070314316995187,0.2573327332649731,0.4730288556751624,0.41441813718830245,0.26735850851586673,0.268986894817576,0.2768862122502066,0.47475853050406636,0.4771598416741356,0.2640517151091064,0.3051580621441289
0.29551039682168556,0.3434837669698234,0.2151904877145716,0.25223307710320786,0.31132573429984023,0.34959406695623685,1.0,0.25588655717158004,0.29142144747253584,0.24947320508408966,0.3500118841066818,0.24862381817324808,0.33822846130703044,0.24886169337343955,0.2388197344079105,0.743378663693416,0.31814807177583193,0.37053447541289686,0.3321901505286061,0.8603145491429378,0.37219541966854375,0.3601541441049452,0.3783258667015089,0.3321854691205489,0.31866267299193907,0.330140518403382,0.34974657638098305,0.2506175559175974,0.2868378765499844,0.288203975879577,0.23292183941987854,0.32948154033411503,0.0,0.34681784569246654,0.3507982832588412,0.26481835344340254,0.7873684513422207,0.32266296715194254,0.2322123100480723,0.34431998601565184,0.23124957050583916,0.34247185620316933,0.3474514619963256,0.2554047672213824,0.2560746634489799,0.26502735927588406,0.3346195660434096,0.3345890523660656,0.2448580382479727,0.29312731205216824
0.287091152733739,0.2790584141220238,0.21161679615889128,0.5031099552866182,0.2943155119981551,0.2848121924672674,0.25588655717158004,1.0,0.2814541561317421,0.5047040850651425,0.2707189456438589,0.48542717217936304,0.28871628270064575,0.49087097858954964,0.4783972864266448,0.2720925385589169,0.2665124648290583,0.2639944976465961,0.24521975677713947,0.2578095191496341,0.2580262063529727,0.2598424893084361,0.27152322011252694,0.27905061977463885,0.26638671232543476,0.27127223294600933,0.2685568038184981,0.6894996885367644,0.3186437305755294,0.27277412816715685,0.46487990698738957,0.2839670556493119,0.0,0.2662426697330105,0.2624719244620932,0.4107330691529998,0.25099914213590524,0.27498188994087025,0.4033661798593984,0.268965296789734,0.476371567887271,0.27258223501978884,0.27591848717094203,0.6893075430469395,0.6702540510943651,0.2946178856670325,0.26643758348661417,0.2665192882301306,0.43972767215141817,0.3118577191415717
0.38370774881912706,0.3005553837654579,0.24265259104483794,0.2901553278626706,0.3213875699269664,0.30194765844792626,0.29142144747253584,0.2814541561317421,1.0,0.29843292397391985,0.30854111195499156,0.2714954133126878,0.3218550063080807,0.27584627342817036,0.28191227827842624,0.3170686132981334,0.28935892372615024,0.2964274787055463,0.2603386514832142,0.29662223700527734,0.289983505635648,0.2910723942057205,0.29770223452203537,0.3064066402870692,0.29355998175318665,0.29598828812425704,0.30074502281182414,0.26874468235439986,0.32907639029495783,0.4096897972235528,0.2678813932186057,0.304868894891299,0.0,0.2911680705304489,0.2962672239051164,0.2755215190683321,0.2898430486067203,0.2834505887516333,0.23831853365105216,0.2988816347678507,0.2742640821465716,0.29543383989984107,0.3052170657851814,0.2701534749544978,0.2668031835734386,0.30762329750489126,0.2944046859284307,0.2934145784819374,0.26482230112369354,0.3352551600441409
0.28898707259270906,0.2825146127217478,0.21104979557233616,0.5395217430614152,0.3038772316952486,0.2723646638853293,0.24947320508408966,0.5047040850651425,0.29843292397391985,1.0,0.2738328540463497,0.49180729023344427,0.2947192219650463,0.5119963584295004,0.5121288650419198,0.2772220001725383,0.26420075217046257,0.2611292006991832,0.2379690583414048,0.25283862226881537,0.2537158531559601,0.25329781751749825,0.26101986675449207,0.2729093109679608,0.27233248634828056,0.2749963784445407,0.26726963930499414,0.5014498500804052,0.31528303969549965,0.2842478595384704,0.5117315602607908,0.28283243895909693,0.0,0.2562392486516868,0.26000669115258646,0.4217387275285578,0.2497493932822672,0.26051073456034735,0.4119120028569033,0.26710763046501373,0.5258823895318188,0.2633587484325751,0.26767686527943535,0.5037490122098927,0.5057728261796633,0.29465829743249217,0.26586265079443205,0.2659441568951967,0.4602263704738382,0.308313593559422
0.3177025546581085,0.4275592115273845,0.23431256282896717,0.26544672260312874,0.5079432007142913,0.41460235202281615,0.3500118841066818,0.2707189456438589,0.30854111195499156,0.2738328540463497,1.0,0.2703843270233314,0.5167334332004918,0.2703233952412487,0.2592086243796393,0.3562840185337717,0.3855685611802673,0.48543182514776273,0.4267819965027785,0.3554966613851651,0.48136531541212724,0.4867355374610547,0.49227316974680335,0.41740497285055944,0.3845244436381623,0.4037238374314187,0.5015505880500705,0.27284878385419653,0.31296355850877877,0.31317822320449007,0.2545497629330127,0.44876043797435106,0.0,0.4696751538802423,0.4272737773729347,0.2770086159577684,0.33988964232829966,0.46868966356249286,0.2373277864928801,0.5209195671365643,0.25480541039896465,0.4331604553498877,0.5056777848339227,0.27376812819434737,0.2732453957835592,0.28648953861090676,0.4410609215443899,0.44121341003591275,0.26999791210343227,0.31262249075453785
0.2849687389861504,0.2863453100676152,0.2050913980416823,0.5165404262658073,0.2724979862680249,0.26480449017064733,0.24862381817324808,0.48542717217936304,0.2714954133126878,0.49180729023344427,0.2703843270233314,1.0,0.27435158804465,0.49630755455529685,0.606169559943579,0.2580710404045755,0.2516937751774261,0.2560113964692329,0.2371657095387888,0.25148918911567775,0.25497039822729395,0.2590769069665039,0.2679211692247896,0.2662348311872269,0.2536728969582792,0.2580468965404683,0.26000669385907016,0.4854150456220593,0.3160570045118597,0.2657454292747413,0.4479774707795088,0.2678237751447804,0.0,0.2572161344129307,0.2598796645095002,0.4072308978397343,0.2416458605386309,0.25950696547137,0.39465139599180044,0.25824226717044707,0.46838682367249074,0.2577820408570023,0.2684742969297301,0.4955827820209213,0.4946520838722014,0.29133853769436846,0.2642887112226736,0.2648944304301203,0.4434867143560043,0.3026814960859978
0.3194338114317855,0.40962192946474985,0.22208081808892843,0.287857950263517,0.5070741531165031,0.4150596548416333,0.33822846130703044,0.28871628270064575,0.3218550063080807,0.2947192219650463,0.5167334332004918,0.27435158804465,1.0,0.2704269692563652,0.28337181141844725,0.3722447877766526,0.3952214302627495,0.4877869379327372,0.4880949786739296,0.3420242315095464,0.5006559277085842,0.5587376276981517,0.5473556061373615,0.4254414375855209,0.39513410020550943,0.40608887571576213,0.5285517572867289,0.27006603917213534,0.30527754212301095,0.3193697497426021,0.25890791655143863,0.519338734371986,0.0,0.5256076428108175,0.41154648641913205,0.2620523697034035,0.3432118133497849,0.48319412237476433,0.23512002358539041,0.5263066435156731,0.2748296163836942,0.4217572969825907,0.5248206450991306,0.27292342491658483,0.27093148971393444,0.27762914468915556,0.4327669191998338,0.43182935571090664,0.26205641326491735,0.3043348472426568
0.2725123721468329,0.2659563379199442,0.20688138240200715,0.5494154519424148,0.27001987629615043,0.2592528595462683,0.24886169337343955,0.49087097858954964,0.27584627342817036,0.5119963584295004,0.2703233952412487,0.49630755455529685,0.2704269692563652,1.0,0.5409948214741579,0.2589928639438899,0.2467068818556355,0.2591441328812928,0.23653824113706545,0.25248386589659655,0.25061075459491067,0.25625379398873693,0.2642121273781993,0.2526525957838367,0.24735354592860048,0.25256443195801404,0.26374318282625864,0.5191030496621221,0.3124558761370444,0.26358337435935697,0.495437152449978,0.26514493540956674,0.0,0.2555950784118407,0.2550380726262418,0.42096959733155326,0.24233704649622156,0.2567641800160565,0.3981920958839328,0.2611317144799562,0.5053990285820189,0.2566914917909514,0.2636327987628896,0.5174359631471424,0.5102342935800583,0.2993024490735582,0.26145191573239723,0.2613990339443959,0.45756893733548565,0.31120045192853674
0.2620601717119774,0.2590134621964939,0.19729113811009158,0.5657285358581208,0.2970753313845783,0.2601524168386764,0.2388197344079105,0.4783972864266448,0.28191227827842624,0.5121288650419198,0.2592086243796393,0.606169559943579,0.28337181141844725,0.5409948214741579,1.0,0.2658254764042258,0.26098794500225997,0.24814796181491228,0.22420079687631056,0.24253753187713234,0.24264929463003237,0.2443609784118449,0.2575660766378044,0.26368709921019695,0.2582325624981143,0.2620619006012982,0.25456392196553734,0.4786701255291981,0.30382020434613133,0.26458743735644596,0.49701089642600327,0.27730751181894053,0.0,0.24877893033525866,0.2485347478592762,0.40499493441958667,0.24095409147412128,0.24771707628624706,0.3979437328681945,0.24889401874134065,0.518235720375456,0.2500597536465252,0.25885218707009205,0.4801577388852212,0.47409454980060994,0.28937280805504206,0.2603849088209266,0.26109691955965975,0.43724002682392404,0.3092740892209874
0.30519951074918905,0.34418567974813763,0.21655467062598843,0.2796998976920092,0.37186810236745294,0.3558588552687817,0.743378663693416,0.2720925385589169,0.3170686132981334,0.2772220001725383,0.3562840185337717,0.2580710404045755,0.3722447877766526,0.2589928639438899,0.2658254764042258,1.0,0.33787659142801285,0.36212062956329405,0.3290419648102626,0.7646575471483329,0.35774492916309664,0.35856470274186103,0.3704062505190512,0.35853049966638006,0.34877295158174404,0.35788842055150816,0.34554455129212214,0.25486405464123074,0.2906044429855704,0.3068506084300199,0.24794411505053948,0.3585545896028429,0.0,0.34349476201154316,0.3516646256965139,0.26377275124060273,0.7406205827126313,0.32761736373721917,0.2294569950742934,0.3406003140788645,0.26040021134517155,0.3420074320937082,0.3468817034839994,0.25887394902429417,0.26093493144842084,0.27016815329183774,0.34232461859651553,0.34120268030119416,0.25005697566162777,0.29274714186554307
0.29186360828445,0.44779692272769367,0.20908246367718308,0.26224422960656113,0.424256669287675,0.45652771757576505,0.31814807177583193,0.2665124648290583,0.28935892372615024,0.26420075217046257,0.3855685611802673,0.2516937751774261,0.3952214302627495,0.2467068818556355,0.26098794500225997,0.33787659142801285,1.0,0.36974466291100083,0.3340274639381192,0.3180837750280877,0.36606522145931486,0.3765565623813436,0.38476140441117734,0.5191915486793492,0.4811111576702404,0.5145209632251789,0.36741618158979594,0.24872134737372165,0.2912888253199759,0.27948486354407975,0.23572154106524612,0.4371575971325725,0.0,0.38332015796833163,0.455368431696216,0.25079166742169356,0.3164703954753736,0.35532477887458136,0.224476305775002,0.37557155153623534,0.24629686245174565,0.42541073543076335,0.3816354298279454,0.2545918323158145,0.2620742997742822,0.25928012456864813,0.4446407707418989,0.44479501256444864,0.24081450489675738,0.2825505523364732
0.30668865490826325,0.4136050487231442,0.2223287350136417,0.2583338314742224,0.41083791427198646,0.41338698417438646,0.37053447541289686,0.2639944976465961,0.2964274787055463,0.2611292006991832,0.48543182514776273,0.2560113964692329,0.4877869379327372,0.2591441328812928,0.24814796181491228,0.36212062956329405,0.36974466291100083,1.0,0.4781714741507531,0.3735060754334958,0.508532845129795,0.510116887904303,0.5240099184128677,0.3957732485217277,0.3748001141187396,0.3885993318120927,0.5008603713653845,0.2620677751377761,0.3030430732109991,0.3025218196179127,0.24384753727401598,0.44953889742260134,0.0,0.4695321195400919,0.411112028535333,0.2725322292214092,0.3600954629350458,0.45175518863807496,0.23174157930814965,0.49319910795125776,0.2428334959931574,0.41696731887132144,0.4888480915713006,0.2642852177971068,0.2620163407644073,0.2758312945713757,0.41963018093011306,0.4202427376886776,0.25477041762025254,0.3066044715116144
0.27921024867571564,0.3652461998188282,0.20155210425354242,0.2328335728688128,0.37165045565265253,0.36581283735912706,0.3321901505286061,0.24521975677713947,0.2603386514832142,0.2379690583414048,0.4267819965027785,0.2371657095387888,0.4880949786739296,0.23653824113706545,0.22420079687631056,0.3290419648102626,0.3340274639381192,0.4781714741507531,1.0,0.3312086152456125,0.45946299533100987,0.5009260291788014,0.46889196959565826,0.3562461012350472,0.3393520190851411,0.3397755300475308,0.4438075993987216,0.23907672551020553,0.2689671029621654,0.2660870257241118,0.21984712339882273,0.4394346440963681,0.0,0.4264758613896178,0.3771510647699906,0.24736079090951124,0.3233482916462206,0.40476640767884353,0.21031573588766184,0.44693137014384077,0.22065603596850902,0.371382298929238,0.4363860407000376,0.24670544029333996,0.24726785480761504,0.24634101907621464,0.37601994494751656,0.37601013233272007,0.23305829191656535,0.2733930027343464
0.2981736744614102,0.34861235601715024,0.2187687860733768,0.25490949953919606,0.315344575685894,0.34913831154333297,0.8603145491429378,0.2578095191496341,0.29662223700527734,0.25283862226881537,0.3554966613851651,0.25148918911567775,0.3420242315095464,0.25248386589659655,0.24253753187713234,0.7646575471483329,0.3180837750280877,0.3735060754334958,0.3312086152456125,1.0,0.3732651203418963,0.36128922391214957,0.3800681458659786,0.3325899869598228,0.3219223518381523,0.3321272095086911,0.3513769506974366,0.2537623065909662,0.29003068379986086,0.29103419269278796,0.2362784573074309,0.33190299018298663,0.0,0.34569918442328773,0.34921723121371373,0.26600000920603195,0.792572089734017,0.3277986757731486,0.22769234615819967,0.3491479999693844,0.23506826843934858,0.34596790689153833,0.3512422227983605,0.25708085792188384,0.25743845404794197,0.2702981938468635,0.33913380692290884,0.33910196068607545,0.24890519966024194,0.29686996807500343
0.29750465892887334,0.40272019275614046,0.21859093348829628,0.25297501460390637,0.41885099654734115,0.3954687558862785,0.37219541966854375,0.2580262063529727,0.289983505635648,0.2537158531559601,0.48136531541212724,0.25497039822729395,0.5006559277085842,0.25061075459491067,0.24264929463003237,0.35774492916309664,0.36606522145931486,0.508532845129795,0.45946299533100987,0.3732651203418963,1.0,0.5121865591092076,0.5353265508416362,0.38521472361976417,0.36736467327636446,0.38272844799700667,0.5047939167106493,0.2571500942746554,0.291234380167532,0.295657247414126,0.23548641689213323,0.4629787611313002,0.0,0.4919733904784014,0.4055129314348127,0.2684615197596685,0.3555113930990105,0.46585499044388723,0.22987196786812136,0.507145903030668,0.23794858680270348,0.39324444459950203,0.4922191680379656,0.26024246173316723,0.2613628780518301,0.27777127866884255,0.4186654181058118,0.41926887385836664,0.2507996893875428,0.296369724497761
0.30517676563016594,0.40209792408638745,0.21897297616617206,0.25309406596085704,0.4145074009564589,0.39616193904337516,0.3601541441049452,0.2598424893084361,0.2910723942057205,0.25329781751749825,0.4867355374610547,0.2590769069665039,0.5587376276981517,0.25625379398873693,0.2443609784118449,0.35856470274186103,0.3765565623813436,0.510116887904303,0.5009260291788014,0.36128922391214957,0.5121865591092076,1.0,0.7225988217535614,0.3887843119108587,0.37037120520201716,0.37740028631421885,0.5156570805698428,0.25683923960188293,0.2907206234627918,0.2952621911837603,0.23624353055582958,0.4794368138288295,0.0,0.6243739764848132,0.40473449158741825,0.25924928256865576,0.3491224983890473,0.47057994940377923,0.22856998951573826,0.5159514566160819,0.23796511002981258,0.40448483368824373,0.509505429537856,0.2643663353001572,0.2608468264489242,0.26999333684642257,0.4175818905574594,0.41727368779227214,0.2541777245879415,0.2986215551453252
0.3116644200570595,0.4173945066547323,0.22553367472570773,0.2678972555235377,0.4219740075461712,0.41080545308979277,0.3783258667015089,0.27152322011252694,0.29770223452203537,0.26101986675449207,0.49227316974680335,0.2679211692247896,0.5473556061373615,0.2642121273781993,0.2575660766378044,0.3704062505190512,0.38476140441117734,0.5240099184128677,0.46889196959565826,0.3800681458659786,0.5353265508416362,0.7225988217535614,1.0,0.39679167265341775,0.38044418285185233,0.38492699603330616,0.5346351320770584,0.2679977521400473,0.30240036740578324,0.30186664753556147,0.24799162112304818,0.4885415261378738,0.0,0.6300846775559723,0.4119766488297497,0.27360358543530694,0.36656294282425383,0.4816309096983613,0.24180267989751114,0.5265799014607446,0.24811870538219516,0.4108203388228986,0.5170973650489561,0.27047804061825,0.27027210853969164,0.27792198279598845,0.4195934538940206,0.42035466259056053,0.2599034314379889,0.3041015032750243
0.3101221659564105,0.5444191571857566,0.21295958188686137,0.27220159549696366,0.44735653060480507,0.5403321420206959,0.3321854691205489,0.27905061977463885,0.3064066402870692,0.2729093109679608,0.41740497285055944,0.2662348311872269,0.4254414375855209,0.2526525957838367,0.26368709921019695,0.35853049966638006,0.5191915486793492,0.3957732485217277,0.3562461012350472,0.3325899869598228,0.38521472361976417,0.3887843119108587,0.39679167265341775,1.0,0.5633104145374557,0.523974474970935,0.39216648102838625,0.2521926500862648,0.3015518102063811,0.2966277293492884,0.24127027456016403,0.42448169955033455,0.0,0.3931201493620159,0.5618016923552588,0.25930442937005727,0.33566072717703177,0.3766807952251311,0.22674300773020084,0.3886452233620561,0.2559309255717851,0.45811163278078537,0.3978646794355295,0.2600517744569524,0.2652718134176745,0.26495231737301705,0.4649951574933283,0.4645551373350548,0.250263186394166,0.28898331760682683
0.2952099286866138,0.5340158694504639,0.21112571927127277,0.2710635523783832,0.4189570949049478,0.5298667837999962,0.31866267299193907,0.26638671232543476,0.29355998175318665,0.27233248634828056,0.3845244436381623,0.2536728969582792,0.39513410020550943,0.24735354592860048,0.2582325624981143,0.34877295158174404,0.4811111576702404,0.3748001141187396,0.3393520190851411,0.3219223518381523,0.36736467327636446,0.37037120520201716,0.38044418285185233,0.5633104145374557,1.0,0.5081145987182246,0.3712541681880348,0.2464320402481971,0.2839309633358452,0.2820395825257982,0.2426056783706988,0.42353730862394723,0.0,0.36874368194429397,0.5409477145520908,0.251341598340295,0.32501579181537954,0.36940894685900205,0.22491249914649725,0.3727053617330309,0.24987974883188369,0.4282706065316898,0.38195492708281487,0.26148227233434274,0.26166003076357325,0.26336096252667873,0.44407742681828133,0.4443753708895489,0.25481940897061006,0.27791830590554645
0.29260171272896207,0.4763968557237892,0.20690977804364563,0.2690201506068113,0.4345109997277147,0.46482982067538625,0.330140518403382,0.27127223294600933,0.29598828812425704,0.2749963784445407,0.4037238374314187,0.2580468965404683,0.40608887571576213,0.25256443195801404,0.2620619006012982,0.35788842055150816,0.5145209632251789,0.3885993318120927,0.3397755300475308,0.3321272095086911,0.38272844799700667,0.37740028631421885,0.38492699603330616,0.523974474970935,0.5081145987182246,1.0,0.3827892253971279,0.24796973385302523,0.2885889806877707,0.28994838012773405,0.2484921823997911,0.40905166927401315,0.0,0.3795475184542725,0.47214602586944165,0.2545853994352216,0.3341768051559213,0.36978838680805615,0.22751413978411794,0.3901026244292819,0.2551213889588939,0.44406766701822986,0.3825258333352277,0.26151424719392335,0.25967506263361906,0.2624918477586201,0.4575339199581504,0.4573926078569027,0.25685007426383655,0.28441474617940143
0.3057402818034658,0.4145716582920659,0.23050012441693346,0.26249171055167797,0.4305328773704896,0.39773961181805406,0.34974657638098305,0.2685568038184981,0.30074502281182414,0.26726963930499414,0.5015505880500705,0.26000669385907016,0.5285517572867289,0.26374318282625864,0.25456392196553734,0.34554455129212214,0.36741618158979594,0.5008603713653845,0.4438075993987216,0.3513769506974366,0.5047939167106493,0.5156570805698428,0.5346351320770584,0.39216648102838625,0.3712541681880348,0.3827892253971279,1.0,0.26466015516284047,0.3069021154869739,0.30383314618330726,0.24891722016897144,0.48136389328420326,0.0,0.49658123158492473,0.40799634669787754,0.2663435221616761,0.33699319072888734,0.5690492221959879,0.2263146716660145,0.5434756995961947,0.25023824384023585,0.41403880235940804,0.6176606038447527,0.2707004325828959,0.2650004049811123,0.2847192525159963,0.41483992070645315,0.4157655151868841,0.262674986731966,0.3073876585651123
0.2752481429687912,0.2787655807212702,0.2094869839197161,0.5206606359801949,0.25498666166120354,0.26295306296805343,0.2506175559175974,0.6894996885367644,0.26874468235439986,0.5014498500804052,0.27284878385419653,0.4854150456220593,0.27006603917213534,0.5191030496621221,0.4786701255291981,0.25486405464123074,0.24872134737372165,0.2620677751377761,0.23907672551020553,0.2537623065909662,0.2571500942746554,0.25683923960188293,0.2679977521400473,0.2521926500862648,0.2464320402481971,0.24796973385302523,0.26466015516284047,1.0,0.3160712837241957,0.2697807614943559,0.4687906873116888,0.26704926150673425,0.0,0.2551686213374783,0.25546127881984093,0.41602417333872277,0.24048838362457592,0.2663405133193638,0.3998197638256493,0.2630117807539353,0.47970933081598643,0.25832494573294085,0.2650573121593508,0.7965317109796691,0.7644177768530444,0.29476665693246806,0.2622040344705825,0.26268139370019417,0.4609785145317923,0.3040779673668357
0.34492946051527085,0.312172964582105,0.25213315460442953,0.30844865426973345,0.2910343467651112,0.309853166872589,0.2868378765499844,0.3186437305755294,0.32907639029495783,0.31528303969549965,0.31296355850877877,0.3160570045118597,0.30527754212301095,0.3124558761370444,0.30382020434613133,0.2906044429855704,0.2912888253199759,0.3030430732109991,0.2689671029621654,0.29003068379986086,0.291234380167532,0.2907206234627918,0.30240036740578324,0.3015518102063811,0.2839309633358452,0.2885889806877707,0.3069021154869739,0.3160712837241957,1.0,0.3297814615411869,0.2927115957873778,0.2995403761363127,0.0,0.29318077697600653,0.29834541551560845,0.31290633377170896,0.2763016052003796,0.29751661113138805,0.26785551179433154,0.3045694147832321,0.29048615251861165,0.29348669253470383,0.3051680255603637,0.31471199943231754,0.31468855667660844,0.39625876067631327,0.29695606943193953,0.29746274658554706,0.30514058053024085,0.6154978513156846
0.38010512526838836,0.3054610516437817,0.24726987410930157,0.27456838117368587,0.306773315208106,0.3014393714958419,0.288203975879577,0.27277412816715685,0.4096897972235528,0.2842478595384704,0.31317822320449007,0.2657454292747413,0.3193697497426021,0.26358337435935697,0.26458743735644596,0.3068506084300199,0.27948486354407975,0.3025218196179127,0.2660870257241118,0.29103419269278796,0.295657247414126,0.2952621911837603,0.30186664753556147,0.2966277293492884,0.2820395825257982,0.28994838012773405,0.30383314618330726,0.2697807614943559,0.3297814615411869,1.0,0.2583018277724992,0.29540312838524174,0.0,0.29013385870669617,0.3001259005652146,0.26829479129778544,0.28625159857419114,0.2934124204717722,0.2399941609970595,0.3102774471195796,0.2639013086885025,0.2937848300593191,0.3061590138473006,0.2696024540615224,0.2657639512111165,0.31499612196767235,0.3025067713229034,0.3027391903952087,0.26710326341883384,0.33649206974597845
0.25178489742230825,0.25326159732227393,0.1954541326116196,0.5036596651736862,0.2617035773625942,0.24745492316009443,0.23292183941987854,0.46487990698738957,0.2678813932186057,0.5117315602607908,0.2545497629330127,0.4479774707795088,0.25890791655143863,0.495437152449978,0.49701089642600327,0.24794411505053948,0.23572154106524612,0.24384753727401598,0.21984712339882273,0.2362784573074309,0.23548641689213323,0.23624353055582958,0.24799162112304818,0.24127027456016403,0.2426056783706988,0.2484921823997911,0.24891722016897144,0.4687906873116888,0.2927115957873778,0.2583018277724992,1.0,0.25334871755304855,0.0,0.2412788641907737,0.2390888370781078,0.39828599810285625,0.2299692223796721,0.24035483970130433,0.37751224651527004,0.24850594405553106,0.6431874421123361,0.24097029335005504,0.24743483344369765,0.4717886307520579,0.46456457146642116,0.27981853653044175,0.246148703497155,0.24647282160823358,0.43018559753942276,0.29129390404047184
0.31041004697212815,0.3938864946099313,0.22105398767694306,0.290952110152517,0.4845376093774224,0.4077278853031123,0.32948154033411503,0.2839670556493119,0.304868894891299,0.28283243895909693,0.44876043797435106,0.2678237751447804,0.519338734371986,0.26514493540956674,0.27730751181894053,0.3585545896028429,0.4371575971325725,0.44953889742260134,0.4394346440963681,0.33190299018298663,0.4629787611313002,0.4794368138288295,0.4885415261378738,0.42448169955033455,0.42353730862394723,0.40905166927401315,0.48136389328420326,0.26704926150673425,0.2995403761363127,0.29540312838524174,0.25334871755304855,1.0,0.0,0.47131849693242445,0.3899479094220205,0.25489333770924294,0.33665628093066524,0.45887926749049235,0.23274647396076165,0.48116188301135365,0.2660498362554351,0.3988840118806225,0.4885557563646987,0.2681413504719897,0.2758365733570375,0.26610916531282347,0.41427533431390984,0.41399277180363026,0.2478383248771482,0.28618385382726996
0.0,0.0,0.0,0.0,0.0,0.0,0.0,0.0,0.0,0.0,0.0,0.0,0.0,0.0,0.0,0.0,0.0,0.0,0.0,0.0,0.0,0.0,0.0,0.0,0.0,0.0,0.0,0.0,0.0,0.0,0.0,0.0,1.0,0.0,0.0,0.0,0.0,0.0,0.0,0.0,0.0,0.0,0.0,0.0,0.0,0.0,0.0,0.0,0.0,0.0
0.30730604892790225,0.3978042999420339,0.22125687213975098,0.25193671777264715,0.42716626510142386,0.41071565165301416,0.34681784569246654,0.2662426697330105,0.2911680705304489,0.2562392486516868,0.4696751538802423,0.2572161344129307,0.5256076428108175,0.2555950784118407,0.24877893033525866,0.34349476201154316,0.38332015796833163,0.4695321195400919,0.4264758613896178,0.34569918442328773,0.4919733904784014,0.6243739764848132,0.6300846775559723,0.3931201493620159,0.36874368194429397,0.3795475184542725,0.49658123158492473,0.2551686213374783,0.29318077697600653,0.29013385870669617,0.2412788641907737,0.47131849693242445,0.0,1.0,0.40607358042154074,0.27419571145870736,0.32963358014647726,0.46365332150888316,0.24436479253918308,0.4938721961545147,0.24286923107445046,0.4042232778251469,0.5031001024625774,0.259251984100794,0.26336162839419563,0.2653632524030667,0.4113109108703906,0.411900354762337,0.249093319715339,0.2979459872269866
0.3049519672912143,0.564747032435712,0.21530007626966463,0.2556590972346555,0.3948286224468439,0.5560761033146054,0.3507982832588412,0.2624719244620932,0.2962672239051164,0.26000669115258646,0.4272737773729347,0.2598796645095002,0.41154648641913205,0.2550380726262418,0.2485347478592762,0.3516646256965139,0.455368431696216,0.411112028535333,0.3771510647699906,0.34921723121371373,0.4055129314348127,0.40473449158741825,0.4119766488297497,0.5618016923552588,0.5409477145520908,0.47214602586944165,0.40799634669787754,0.25546127881984093,0.29834541551560845,0.3001259005652146,0.2390888370781078,0.3899479094220205,0.0,0.40607358042154074,1.0,0.2638928942602139,0.33456432672957215,0.39094731625874724,0.23054163911835435,0.4139967132641946,0.24144111169135973,0.4672226535575169,0.41876071138074755,0.25917422450733785,0.2617086972481478,0.27174200723113406,0.47584410207255246,0.4760143715802868,0.2559881965466969,0.2959289331631071
0.2750753768487636,0.2693511654251898,0.20828531092616853,0.4205032905031909,0.2503357249688256,0.2688597490000404,0.26481835344340254,0.4107330691529998,0.2755215190683321,0.4217387275285578,0.2770086159577684,0.4072308978397343,0.2620523697034035,0.42096959733155326,0.40499493441958667,0.26377275124060273,0.25079166742169356,0.2725322292214092,0.24736079090951124,0.26600000920603195,0.2684615197596685,0.25924928256865576,0.27360358543530694,0.25930442937005727,0.251341598340295,0.2545853994352216,0.2663435221616761,0.41602417333872277,0.31290633377170896,0.26829479129778544,0.39828599810285625,0.25489333770924294,0.0,0.27419571145870736,0.2638928942602139,1.0,0.2564133975081012,0.2543851184784248,0.389654019770872,0.2697394240922152,0.3999492160686494,0.2617954070745665,0.2668837979299613,0.42006929252417724,0.4208397162397648,0.29271460385699277,0.2600092903491914,0.259822531405973,0.4088397217932199,0.31123391144652934
0.2856970505328187,0.32791312391350125,0.20481091695655762,0.2525672826585097,0.32652601649838886,0.3389420040587754,0.7873684513422207,0.25099914213590524,0.2898430486067203,0.2497493932822672,0.33988964232829966,0.2416458605386309,0.3432118133497849,0.24233704649622156,0.24095409147412128,0.7406205827126313,0.3164703954753736,0.3600954629350458,0.3233482916462206,0.792572089734017,0.3555113930990105,0.3491224983890473,0.36656294282425383,0.33566072717703177,0.32501579181537954,0.3341768051559213,0.33699319072888734,0.24048838362457592,0.2763016052003796,0.28625159857419114,0.2299692223796721,0.33665628093066524,0.0,0.32963358014647726,0.33456432672957215,0.2564133975081012,1.0,0.3114210435593173,0.22077370220989456,0.3287728957467102,0.2324957266133305,0.3301243505223046,0.33657692107358084,0.2453547905234451,0.24496125537914204,0.25328789272004026,0.322688871376003,0.3222777368296973,0.23333963890471376,0.2798122016429825
0.30303294147096604,0.4136981518826959,0.2269408875081279,0.25021772028651046,0.4211531482555204,0.40105418800374515,0.32266296715194254,0.27498188994087025,0.2834505887516333,0.26051073456034735,0.46868966356249286,0.25950696547137,0.48319412237476433,0.2567641800160565,0.24771707628624706,0.32761736373721917,0.35532477887458136,0.45175518863807496,0.40476640767884353,0.3277986757731486,0.46585499044388723,0.47057994940377923,0.4816309096983613,0.3766807952251311,0.36940894685900205,0.36978838680805615,0.5690492221959879,0.2663405133193638,0.29751661113138805,0.2934124204717722,0.24035483970130433,0.45887926749049235,0.0,0.46365332150888316,0.39094731625874724,0.2543851184784248,0.3114210435593173,1.0,0.2254689886519503,0.503810529426025,0.24538964084008408,0.40271738007979463,0.6085801844286866,0.27206315839574235,0.26849548947351,0.27870086677575845,0.41793761870748447,0.4185243319869292,0.266448980272746,0.29304891649170084
0.2609800853709019,0.23333192337043973,0.18379013994111082,0.40547662260759865,0.22854804201480483,0.2454233928703019,0.2322123100480723,0.4033661798593984,0.23831853365105216,0.4119120028569033,0.2373277864928801,0.39465139599180044,0.23512002358539041,0.3981920958839328,0.3979437328681945,0.2294569950742934,0.224476305775002,0.23174157930814965,0.21031573588766184,0.22769234615819967,0.22987196786812136,0.22856998951573826,0.24180267989751114,0.22674300773020084,0.22491249914649725,0.22751413978411794,0.2263146716660145,0.3998197638256493,0.26785551179433154,0.2399941609970595,0.37751224651527004,0.23274647396076165,0.0,0.24436479253918308,0.23054163911835435,0.389654019770872,0.22077370220989456,0.2254689886519503,1.0,0.23150345809762662,0.3798883779252701,0.23208644911392917,0.2337530929259004,0.4027699692167981,0.40640471949425283,0.24829873434081362,0.2264341385980857,0.2265023752412365,0.3809291864213096,0.2681584659093528
0.3090126684991381,0.41911164035539106,0.23224138920271897,0.25470692820743723,0.43509252254310193,0.4070314316995187,0.34431998601565184,0.268965296789734,0.2988816347678507,0.26710763046501373,0.5209195671365643,0.25824226717044707,0.5263066435156731,0.2611317144799562,0.24889401874134065,0.3406003140788645,0.37557155153623534,0.49319910795125776,0.44693137014384077,0.3491479999693844,0.507145903030668,0.5159514566160819,0.5265799014607446,0.3886452233620561,0.3727053617330309,0.3901026244292819,0.5434756995961947,0.2630117807539353,0.3045694147832321,0.3102774471195796,0.24850594405553106,0.48116188301135365,0.0,0.4938721961545147,0.4139967132641946,0.2697394240922152,0.3287728957467102,0.503810529426025,0.23150345809762662,1.0,0.2458179352528279,0.4205048211730642,0.5396435966245655,0.2649794201520128,0.26579136448386687,0.28623854737961407,0.44134282584979134,0.4421468288918926,0.26331966161187814,0.3145731927685248
