../ecoli_genomes/GCF_000163235.1_ASM16323v1_genomic.fna.gz,../ecoli_genomes/GCF_000164555.1_ASM16455v1_genomic.fna.gz,../ecoli_genomes/GCF_000208545.1_ASM20854v2_genomic.fna.gz,../ecoli_genomes/GCF_000233875.1_ASM23387v1_genomic.fna.gz,../ecoli_genomes/GCF_000249735.1_ASM24973v2_genomic.fna.gz,../ecoli_genomes/GCF_000261145.1_Esch_coli_M919_V2_genomic.fna.gz,../ecoli_genomes/GCF_000267705.2_ASM26770v2_genomic.fna.gz,../ecoli_genomes/GCF_000350665.1_Esch_coli_KTE5_V1_genomic.fna.gz,../ecoli_genomes/GCF_000351625.1_Esch_coli_KTE66_V1_genomic.fna.gz,../ecoli_genomes/GCF_000352285.1_Esch_coli_KTE46_V1_genomic.fna.gz,../ecoli_genomes/GCF_000358895.1_ASM35889v1_genomic.fna.gz,../ecoli_genomes/GCF_000456385.1_Esch_coli_HVH_26_4-5703913_V1_genomic.fna.gz,../ecoli_genomes/GCF_000458195.1_Esch_coli_HVH_147_4-5893887_V1_genomic.fna.gz,../ecoli_genomes/GCF_000459755.1_Esch_coli_KOEGE_58_171a_V1_genomic.fna.gz,../ecoli_genomes/GCF_000460055.1_Esch_coli_UMEA_3053-1_V1_genomic.fna.gz,../ecoli_genomes/GCF_000462165.2_ASM46216v2_genomic.fna.gz,../ecoli_genomes/GCF_000601135.1_ASM60113v1_genomic.fna.gz,../ecoli_genomes/GCF_000614595.1_Ec2010EL1058_genomic.fna.gz,../ecoli_genomes/GCF_000617745.1_Ec2010C-4529_genomic.fna.gz,../ecoli_genomes/GCF_000618265.2_EcF6751_genomic.fna.gz,../ecoli_genomes/GCF_000619005.2_Ec2009C-4052_genomic.fna.gz,../ecoli_genomes/GCF_000619105.1_Ec2009C-4780_genomic.fna.gz,../ecoli_genomes/GCF_000619765.2_Ec2009C-3279_genomic.fna.gz,../ecoli_genomes/GCF_000687005.1_ASM68700v1_genomic.fna.gz,../ecoli_genomes/GCF_000687025.1_ASM68702v1_genomic.fna.gz,../ecoli_genomes/GCF_000700125.1_ASM70012v1_genomic.fna.gz,../ecoli_genomes/GCF_000753315.1_FHI35_genomic.fna.gz,../ecoli_genomes/GCF_000776375.1_ASM77637v1_genomic.fna.gz,../ecoli_genomes/GCF_000779395.1_ASM77939v1_genomic.fna.gz,../ecoli_genomes/GCF_000780315.1_ASM78031v1_genomic.fna.gz,../ecoli_genomes/GCF_000781995.1_ASM78199v1_genomic.fna.gz,../ecoli_genomes/GCF_000986765.1_ASM98676v1_genomic.fna.gz,../ecoli_genomes/GCF_001041375.1_ViralProj287958_genomic.fna.gz,../ecoli_genomes/GCF_001265335.1_302014_genomic.fna.gz,../ecoli_genomes/GCF_001265625.1_100854_genomic.fna.gz,../ecoli_genomes/GCF_001267345.1_303289_genomic.fna.gz,../ecoli_genomes/GCF_001309985.1_ASM130998v1_genomic.fna.gz,../ecoli_genomes/GCF_001521695.1_ASM152169v1_genomic.fna.gz,../ecoli_genomes/GCF_001592595.1_ASM159259v1_genomic.fna.gz,../ecoli_genomes/GCF_001614975.1_ASM161497v1_genomic.fna.gz,../ecoli_genomes/GCF_001692775.1_ASM169277v1_genomic.fna.gz,../ecoli_genomes/GCF_001748915.1_ASM174891v1_genomic.fna.gz,../ecoli_genomes/GCF_001749235.1_ASM174923v1_genomic.fna.gz,../ecoli_genomes/GCF_001881155.1_ASM188115v1_genomic.fna.gz,../ecoli_genomes/GCF_001881345.1_ASM188134v1_genomic.fna.gz,../ecoli_genomes/GCF_001892405.1_ASM189240v1_genomic.fna.gz,../ecoli_genomes/GCF_001892585.1_ASM189258v1_genomic.fna.gz,../ecoli_genomes/GCF_001893985.1_ASM189398v1_genomic.fna.gz,../ecoli_genomes/GCF_002001595.1_ASM200159v1_genomic.fna.gz,../ecoli_genomes/GCF_002002145.1_ASM200214v1_genomic.fna.gz
1.0,0.38536968476003897,0.3204287734457042,0.3419650889798327,0.345955980363884,0.36164948941473585,0.36326099137702883,0.3566639755051777,0.4321941526551276,0.35663092687986697,0.3877079941267525,0.3523700638801619,0.3770768096903866,0.3356709561664276,0.3213132684935025,0.3641403918025613,0.3446754614768395,0.3771295901045898,0.3698998594249783,0.3629590742902632,0.3570132816147341,0.342720869785453,0.3726004957008797,0.35181897989339905,0.35265650104822055,0.3637115072665582,0.36247478238437714,0.3497927379846185,0.39531286295825296,0.4365352769455497,0.3163880716165669,0.3660456251822545,0.0,0.3679762877662093,0.3708532267398523,0.3382161274242461,0.33766850008084315,0.3801901990781328,0.26743391816178574,0.37827557583844806,0.3201549291143141,0.36803197550682454,0.3707449154857012,0.35140474930959464,0.36380466390254707,0.3674534605462517,0.3588758730774161,0.3602150358302769,0.3329955264375114,0.4022428228595094
0.38536968476003897,1.0,0.3042880919641956,0.33640368784430497,0.43137305650188684,0.5085575877867659,0.40167180901182775,0.34789232743817367,0.35394584749775493,0.3469749532501999,0.4814803191883439,0.34718654516801895,0.4790172426343686,0.3340912897243913,0.32139316219909586,0.3999403092239615,0.4698081665976582,0.467137164407175,0.45343429992240725,0.4065572921571924,0.4527087420196182,0.4031410832388571,0.46880911830389393,0.5239097274945261,0.5182913375892252,0.500711267696581,0.4655754535971304,0.3450213627460872,0.37531732000316986,0.36717829084497366,0.31775446043081335,0.4462265230596023,0.0,0.45867284384815377,0.5857129199365925,0.3277040421852876,0.3724657769899372,0.49084181137838245,0.24946682771109563,0.4798556176268097,0.3200431541379093,0.5167692843119935,0.47623236948742065,0.35632202452982986,0.35495436995644136,0.3464034607671558,0.5234995459443262,0.5236666880595546,0.3422228510779416,0.37430034924898303
0.3204287734457042,0.3042880919641956,1.0,0.27269324032191145,0.2647283835709916,0.2662709050673753,0.28256396025225694,0.2772527750123659,0.3091816881063745,0.280712558251502,0.3043633154277763,0.27305961989686056,0.30095846253575764,0.27390132181856963,0.26655897147336716,0.2859236590019516,0.2596056341175452,0.29407258222214805,0.2847903953761862,0.2864797435271451,0.2880102474629801,0.2631118097831696,0.29333300127400097,0.2640007695007224,0.25841564245257675,0.2728539794809288,0.29509287093378744,0.2788760408042429,0.3141882930087706,0.3195356416277556,0.258478555346635,0.2784409592469871,0.0,0.28942981127769685,0.2850737540107552,0.2795489916236068,0.2644347719635103,0.296648291337135,0.2027701397050118,0.30136544594859205,0.2653980449898179,0.28602032880894046,0.3004444310665363,0.2845651189913819,0.2800526370122476,0.2942423339604302,0.29385174492216715,0.2939241349452385,0.28027347002567893,0.3174711228908079
0.3419650889798327,0.33640368784430497,0.27269324032191145,1.0,0.3480358874117858,0.3069637378045955,0.31181098042881783,0.542238338068922,0.3451796949531867,0.5645319583479936,0.33262156753286065,0.5356994859415458,0.3488807983496437,0.5833797904550564,0.6021807519930831,0.3279149447682572,0.31466350619833294,0.3265435501940196,0.3163249086620571,0.3145023137097517,0.31689719897106683,0.2852418994590046,0.33211751577069437,0.31021894774777037,0.32592314813661405,0.33422784160566377,0.32214380351614,0.5562469953732201,0.35600425239982225,0.333211208813771,0.5385843859577086,0.34397793389011,0.0,0.3191420510969274,0.3179997985799071,0.4549064801110051,0.30100881460905726,0.3268921155942699,0.3682843803441488,0.3227331200795591,0.5570569932312155,0.31835743675621453,0.32614821179503817,0.561332404372533,0.550331633739493,0.34285032837964835,0.3153995081961697,0.31741510715350585,0.49130211502015875,0.3659470433842624
0.345955980363884,0.43137305650188684,0.2647283835709916,0.3480358874117858,1.0,0.4176366650097788,0.35962822980639364,0.34397968338034723,0.3637660228842172,0.3554496453595374,0.5319119318071859,0.3140135424583691,0.525647173838345,0.32383824562725216,0.34971857970631226,0.40074931131635705,0.4603272640531664,0.4445616778595082,0.43534260309663164,0.3644670895441996,0.45184979412110815,0.39612557788528746,0.45519612361553297,0.4599276183968003,0.45585221226099537,0.47068084179656844,0.4567620209316252,0.30314651855146235,0.34298506458887,0.3559131965534169,0.3295639412085908,0.49972329778122837,0.0,0.45809918508796943,0.43600643320513455,0.3000790763684097,0.35950350946092713,0.4823184201896392,0.23780915958702487,0.4753365751490092,0.34175378307685345,0.44190217042114066,0.4798131229099438,0.3170880462631609,0.3181786512801523,0.3180609151036201,0.4426868384074022,0.44375343964342817,0.3026673449052466,0.3362078236950592
0.36164948941473585,0.5085575877867659,0.2662709050673753,0.3069637378045955,0.4176366650097788,1.0,0.38497145877332795,0.32509954239593897,0.3199542133236044,0.31491438794551074,0.43555971155498385,0.29993445422052667,0.4293543404782023,0.29874669393724507,0.2913636553631279,0.3922514393281844,0.4425073094482844,0.42907273497978704,0.43581558087700145,0.37574854403637925,0.4068508492735404,0.5060117812450123,0.4221119559559757,0.49456095764670205,0.503321836420408,0.49003984101659936,0.4080766067343865,0.30891906527141677,0.33878288619778407,0.3217052555780575,0.28161589474746007,0.4371246782445056,0.0,0.4256003631095415,0.5210344859185759,0.3129222498788543,0.3504782058984449,0.4321408900660507,0.24629498255527682,0.430818591470859,0.2867981633384681,0.46846272405937517,0.42152578296605614,0.3108309232486779,0.32102190742107906,0.3166694204909668,0.4647354143221387,0.4689016392115547,0.29199639805964805,0.34507011070311255
0.36326099137702883,0.40167180901182775,0.28256396025225694,0.31181098042881783,0.35962822980639364,0.38497145877332795,1.0,0.3176809917910143,0.34564037013488547,0.3100959200485115,0.41071181218011066,0.3029570266235381,0.4067753680828775,0.3071385577510902,0.2952360386479447,0.738267107967008,0.3611791353863384,0.4481014584694143,0.43500634503011704,0.864598988558799,0.43610058320662215,0.3906701899451068,0.44684420480049825,0.3723262588466718,0.35978375196822554,0.38339330345497,0.40891001401023563,0.31083050610183127,0.3447500225603688,0.3497222844650273,0.28808954324853464,0.3904742968756407,0.0,0.4148126644005098,0.41411685445974256,0.33260240012125586,0.7660294545239602,0.39814090063577456,0.24596117950420437,0.4101004507769723,0.29024406206009523,0.4012441256492717,0.4126685109664646,0.31680225387157046,0.3160591421939878,0.3191715635618321,0.38778194008458977,0.388428720596253,0.3025463051245425,0.3490263016208154
0.3566639755051777,0.34789232743817367,0.2772527750123659,0.542238338068922,0.34397968338034723,0.32509954239593897,0.3176809917910143,1.0,0.34282022808106993,0.5430549127566819,0.33621922731128684,0.5120708585785083,0.3538298381288556,0.5255293252402722,0.516110835767772,0.33011830984710033,0.31479091840276907,0.33222827390985343,0.32679822015104387,0.3187526556498078,0.3204082353141021,0.29314118359221963,0.3333149080525253,0.3282129579742269,0.32069264517325335,0.3399598477359058,0.3326669236135327,0.7023841421799297,0.3730951050222301,0.33509910029367385,0.5097536285809297,0.3399698739649565,0.0,0.33184811232144307,0.3285783196934553,0.4552522006135479,0.2998328799334202,0.35198794827142665,0.36666538997385345,0.3373987127027164,0.5184671190821545,0.3332365042081479,0.3391024061386917,0.7033853350367482,0.6778413732361881,0.34111169497949,0.3205912540557686,0.3220645369835715,0.48618191126288235,0.36938047062080825
0.4321941526551276,0.35394584749775493,0.3091816881063745,0.3451796949531867,0.3637660228842172,0.3199542133236044,0.34564037013488547,0.34282022808106993,1.0,0.3576697632467296,0.3714955540390037,0.3181542908445604,0.3812324350235454,0.3351815219240698,0.3398329790790945,0.3639045636649989,0.32325019523103427,0.3571224783259602,0.34214167009507734,0.3520286106972955,0.3447505964226908,0.31002828849491026,0.3569844855920882,0.3319516416871169,0.3270503701244448,0.34986747533467855,0.3583677664539917,0.3253251855721113,0.37888712182256756,0.462732124059803,0.3292917703661724,0.35018676963845297,0.0,0.35032105576527983,0.34741725549960456,0.3297731472621992,0.3329296549192191,0.3562662035694447,0.24526551343324976,0.363211613371232,0.3342012651865507,0.34935325569523523,0.36624650975454587,0.33155061167460753,0.3239126942832715,0.35814276036412307,0.3463981147277716,0.34720549417009516,0.3230864782890913,0.3901078861124787
0.35663092687986697,0.3469749532501999,0.280712558251502,0.5645319583479936,0.3554496453595374,0.31491438794551074,0.3100959200485115,0.5430549127566819,0.3576697632467296,1.0,0.3469122021601583,0.5149966800217287,0.3626822110477057,0.5438580737408103,0.5478015944610326,0.3320177901075084,0.31016041008115514,0.3307603935357678,0.319120875386129,0.31381421592806247,0.31808347966421713,0.2958946128835782,0.32730149795959085,0.3162602661180508,0.32232156789014776,0.3423118087174627,0.32892943048209056,0.5349429205811322,0.3698398700125357,0.34975626329092946,0.5555386754239859,0.33338539662855093,0.0,0.3226007306305767,0.32240314198381426,0.46971556958134864,0.29902088183567266,0.33858493236737186,0.3753963512201469,0.337214853191239,0.5651601918073093,0.3205991853837201,0.3322898102776902,0.5417464260625718,0.53802334904597,0.34424316563300106,0.32496330166247533,0.3256957039927899,0.5125082543633972,0.3666384632044678
0.3877079941267525,0.4814803191883439,0.3043633154277763,0.33262156753286065,0.5319119318071859,0.43555971155498385,0.41071181218011066,0.33621922731128684,0.3714955540390037,0.3469122021601583,1.0,0.32750686073276714,0.5702308721774383,0.3366077665207824,0.32472006071877824,0.4176664245225544,0.41952567422765086,0.5395339061706017,0.5226149781080776,0.4163662673265648,0.5225595077961722,0.483219226883705,0.5372964902976836,0.4436851544532342,0.41668252671594586,0.46070070618472314,0.5367699848583014,0.33748866862465476,0.36652995154482615,0.38173650835206707,0.31738974061469793,0.4879585198236742,0.0,0.5212737392815927,0.48080889339229615,0.3396109847356452,0.3823406475635912,0.540606666553347,0.25496697261073775,0.5673809768730759,0.32168395956928486,0.4961956671686911,0.5544006787639393,0.33934921419647357,0.3368775030887221,0.3467491973726843,0.4879967636699094,0.4878897928443069,0.3354848177524753,0.3731957227022217
0.3523700638801619,0.34718654516801895,0.27305961989686056,0.5356994859415458,0.3140135424583691,0.29993445422052667,0.3029570266235381,0.5120708585785083,0.3181542908445604,0.5149966800217287,0.32750686073276714,1.0,0.3302859001909084,0.5189171958872373,0.5997004919322868,0.3076016147734758,0.2942274827207134,0.31861175595357294,0.3115307997149691,0.30417030573932546,0.31327605250746393,0.2842743189364849,0.3247936994560259,0.3068180691002207,0.2972202974720586,0.3126296841890597,0.3177020382686445,0.5139941651116686,0.3730042171931701,0.3271521931511846,0.4743041498520124,0.3166849371217475,0.0,0.3222475968920263,0.3173120265942806,0.44398423580774915,0.28436839179333384,0.33379227695535496,0.3544842826185637,0.3265205523629434,0.4906413462641621,0.3127891463101614,0.32533740941165534,0.5224755114423641,0.5195350501137876,0.3456452368650066,0.3148233158812934,0.31640157534387725,0.4675263397790932,0.3608635595126972
0.3770768096903866,0.4790172426343686,0.30095846253575764,0.3488807983496437,0.525647173838345,0.4293543404782023,0.4067753680828775,0.3538298381288556,0.3812324350235454,0.3626822110477057,0.5702308721774383,0.3302859001909084,1.0,0.33662984958221553,0.3486009087006361,0.4296833643538732,0.4296802957996997,0.5438490386346526,0.5330777959290098,0.4134961745505652,0.5407605968621378,0.5006339502851233,0.5849832692547627,0.4468246168569704,0.4263091494749296,0.4686258022913191,0.5716922694207038,0.33382027128408565,0.3685304478534972,0.39120838193468566,0.3304218782945333,0.5260209293466235,0.0,0.571301042728055,0.4747114637103965,0.332921515943578,0.3989106288059223,0.5531028446706283,0.2573505479347553,0.5851882727476724,0.3380440420249141,0.48501997108967043,0.5719778756800704,0.33924255768802736,0.3349925802228507,0.33542808886511144,0.4816587781227021,0.48299747949398697,0.33136812122287507,0.37158117315040684
0.3356709561664276,0.3340912897243913,0.27390132181856963,0.5833797904550564,0.32383824562725216,0.29874669393724507,0.3071385577510902,0.5255293252402722,0.3351815219240698,0.5438580737408103,0.3366077665207824,0.5189171958872373,0.33662984958221553,1.0,0.5800882193180661,0.3123275986614319,0.2977444961517446,0.3278240269775411,0.31630308649005945,0.3113455192818829,0.31069238234057783,0.2855823585016356,0.3269256514561574,0.2938954097343799,0.2957922337116897,0.316470526019219,0.3253434886275588,0.5571089561505718,0.36647220987338114,0.3291391612542598,0.52987807064845,0.3196682288379129,0.0,0.31909124329188676,0.31755622797634575,0.4564709875760079,0.28906085914246493,0.33254734100610817,0.3542222431927934,0.3257471286369453,0.5444735031845949,0.3192182724745595,0.3291939940166134,0.5511707749030647,0.5399788527455933,0.34899588636203804,0.3172643219003227,0.3194634198456119,0.49608038993773584,0.37092196695538693
0.3213132684935025,0.32139316219909586,0.26655897147336716,0.6021807519930831,0.34971857970631226,0.2913636553631279,0.2952360386479447,0.516110835767772,0.3398329790790945,0.5478015944610326,0.32472006071877824,0.5997004919322868,0.3486009087006361,0.5800882193180661,1.0,0.3174353163126762,0.3053575150537904,0.315843760410522,0.30210380732646436,0.30001031478092843,0.30503743430335317,0.27317979551939686,0.31989179917267707,0.29855246667571633,0.30796421214327807,0.32897184656815415,0.3147949870988799,0.5165007248012787,0.35535556559517634,0.33019209269099414,0.5384692253473148,0.32807057150844554,0.0,0.31036380994736945,0.30766889096769556,0.44896429277844707,0.28741703307882815,0.32248642001275396,0.36015380542538245,0.3172139241619274,0.5526094532018776,0.3089789178460909,0.3211354161509493,0.5203787226486024,0.5100578352039493,0.3397214849905571,0.31476449234376846,0.31557232384954415,0.4784442203877205,0.36671029151175727
0.3641403918025613,0.3999403092239615,0.2859236590019516,0.3279149447682572,0.40074931131635705,0.3922514393281844,0.738267107967008,0.33011830984710033,0.3639045636649989,0.3320177901075084,0.4176664245225544,0.3076016147734758,0.4296833643538732,0.3123275986614319,0.3174353163126762,1.0,0.37226154974726344,0.4282818537100763,0.431790199062142,0.744594450746151,0.414719717158582,0.40218162047403905,0.4295761968027142,0.38784576272791604,0.38794011166215236,0.4155538201331136,0.4007064641554524,0.312029421904528,0.34611771836333494,0.3682535900934788,0.30646366904348543,0.4034532028426655,0.0,0.4063724960578854,0.40974582096872847,0.3260540932016335,0.7159900470993399,0.39958248394453777,0.2408347752817518,0.40847050284835085,0.3120395467453525,0.39625249643367644,0.4081845701000213,0.3180791336891524,0.3199479863630461,0.3235027728780625,0.38903235868607755,0.38953464129099624,0.3060826345377974,0.34946248225808074
0.3446754614768395,0.4698081665976582,0.2596056341175452,0.31466350619833294,0.4603272640531664,0.4425073094482844,0.3611791353863384,0.31479091840276907,0.32325019523103427,0.31016041008115514,0.41952567422765086,0.2942274827207134,0.4296802957996997,0.2977444961517446,0.3053575150537904,0.37226154974726344,1.0,0.4051871040075553,0.39614224394402386,0.36024279145071025,0.40045029365912854,0.36605510750058456,0.4156217123471244,0.5461939735407582,0.5314157135178327,0.5117046589065206,0.4042163287414805,0.2922391055335226,0.3423204135274257,0.3237775218338925,0.29350420889527373,0.49049588606580397,0.0,0.42907508795421434,0.47639265831710786,0.3044804267270693,0.34920795898395673,0.4141039089385046,0.23052407409617226,0.41912524604542256,0.29242921857597726,0.44881867903524864,0.4141617235548869,0.3082173925818932,0.31952217710100717,0.30529254791204063,0.464472562416548,0.4660912926232327,0.28545606939038926,0.3263802346058837
0.3771295901045898,0.467137164407175,0.29407258222214805,0.3265435501940196,0.4445616778595082,0.42907273497978704,0.4481014584694143,0.33222827390985343,0.3571224783259602,0.3307603935357678,0.5395339061706017,0.31861175595357294,0.5438490386346526,0.3278240269775411,0.315843760410522,0.4282818537100763,0.4051871040075553,1.0,0.5720726329001222,0.4484626903901886,0.555538514712545,0.4974509680577335,0.574253913880667,0.42368009480582614,0.3989379209268614,0.43422010830514857,0.5409285519142563,0.33049193923311637,0.36046400873113293,0.36685607626902395,0.3067693370614164,0.4839706097915052,0.0,0.5290763438254513,0.46904851200870956,0.35382850818611744,0.418442233810128,0.5113246854807078,0.2606415657454253,0.5434019052106702,0.30908729699839255,0.46839516506368706,0.530255977955479,0.33195462578107926,0.33078235215486673,0.33280714118946764,0.46782190763515263,0.46692584971841267,0.3215381334395859,0.365695255118735
0.3698998594249783,0.45343429992240725,0.2847903953761862,0.3163249086620571,0.43534260309663164,0.43581558087700145,0.43500634503011704,0.32679822015104387,0.34214167009507734,0.319120875386129,0.5226149781080776,0.3115307997149691,0.5330777959290098,0.31630308649005945,0.30210380732646436,0.431790199062142,0.39614224394402386,0.5720726329001222,1.0,0.42877854972738105,0.5414119199946259,0.5118917229423607,0.5499701323985495,0.413877913430883,0.39541548984979324,0.4263492906606866,0.528276821997849,0.3220706953955139,0.3495256105983461,0.35441501084671057,0.29395365058495815,0.480526701848355,0.0,0.5100126942460124,0.4632349134817204,0.3331693487660582,0.41149364758423523,0.5039807919603717,0.2475799495503146,0.5287456678890494,0.2977340736412474,0.45667395222765095,0.5204366564833451,0.32681952950596593,0.3252248786155222,0.3265024441112372,0.45423049582032016,0.4559183863395936,0.31071928885813893,0.35679431870694345
0.3629590742902632,0.4065572921571924,0.2864797435271451,0.3145023137097517,0.3644670895441996,0.37574854403637925,0.864598988558799,0.3187526556498078,0.3520286106972955,0.31381421592806247,0.4163662673265648,0.30417030573932546,0.4134961745505652,0.3113455192818829,0.30001031478092843,0.744594450746151,0.36024279145071025,0.4484626903901886,0.42877854972738105,1.0,0.43727466535665016,0.3854860399827744,0.4470538522392009,0.36966100018535797,0.3605316738664933,0.38377814998533133,0.4123570827926677,0.31292756618816553,0.34880326588704313,0.3552487765758705,0.2928421218696471,0.38964559853320524,0.0,0.4157419034752722,0.41431102395636854,0.3328634340362696,0.7644208704694428,0.4036653093718212,0.2430260975046008,0.41672713386351556,0.2952827984368327,0.4046829774697662,0.41884699353787,0.31852053161721505,0.31512100940177246,0.3240502287831888,0.3917585952688769,0.3924257966963738,0.3080632064069193,0.35465682271884147
0.3570132816147341,0.4527087420196182,0.2880102474629801,0.31689719897106683,0.45184979412110815,0.4068508492735404,0.43610058320662215,0.3204082353141021,0.3447505964226908,0.31808347966421713,0.5225595077961722,0.31327605250746393,0.5407605968621378,0.31069238234057783,0.30503743430335317,0.414719717158582,0.40045029365912854,0.555538514712545,0.5414119199946259,0.43727466535665016,1.0,0.48884657418371,0.5709465557130153,0.41547178679502195,0.3901538615575093,0.4327011452741296,0.5414107841037217,0.32030382522621115,0.34610077998419764,0.3567769460382536,0.29554129351040903,0.4886072416853573,0.0,0.5310656853737385,0.459607511376797,0.3348805887227181,0.40377851567924705,0.519463665980135,0.2455238288996101,0.5471090116004248,0.30283557667763417,0.4482314483533887,0.5310052740159334,0.3229226022583376,0.32261950893303293,0.3291488201036089,0.46782619648405754,0.467866355696977,0.3109507887940218,0.3563105803300747
0.342720869785453,0.4031410832388571,0.2631118097831696,0.2852418994590046,0.39612557788528746,0.5060117812450123,0.3906701899451068,0.29314118359221963,0.31002828849491026,0.2958946128835782,0.483219226883705,0.2842743189364849,0.5006339502851233,0.2855823585016356,0.27317979551939686,0.40218162047403905,0.36605510750058456,0.4974509680577335,0.5118917229423607,0.3854860399827744,0.48884657418371,1.0,0.620247050884396,0.38582099006572723,0.3796290840380686,0.4270692801804056,0.4774455536055736,0.2991583291388831,0.31520778760674395,0.317403836590194,0.2650747531151243,0.45453709779076246,0.0,0.5552610663694773,0.41419330583392355,0.3030342125139337,0.35927570580604107,0.4687670002869906,0.2207396380929313,0.49944012928720205,0.2678937865540276,0.4056587739812244,0.4791943611897216,0.29772356671564804,0.30043799620761713,0.3004002908952649,0.4104647565527718,0.40998172101199015,0.28089565583315734,0.3272392811051956
0.3726004957008797,0.46880911830389393,0.29333300127400097,0.33211751577069437,0.45519612361553297,0.4221119559559757,0.44684420480049825,0.3333149080525253,0.3569844855920882,0.32730149795959085,0.5372964902976836,0.3247936994560259,0.5849832692547627,0.3269256514561574,0.31989179917267707,0.4295761968027142,0.4156217123471244,0.574253913880667,0.5499701323985495,0.4470538522392009,0.5709465557130153,0.620247050884396,1.0,0.4231827016528147,0.40902014048165725,0.4317254689705503,0.567030913961478,0.33163967470650546,0.36235690446392754,0.3596126699925647,0.30681521359139996,0.5093987914422289,0.0,0.657282134438481,0.467978581751646,0.3434876471963959,0.4163477648435534,0.5352551538491571,0.2588119608619034,0.5584360529828365,0.3110070536253505,0.46236428182906497,0.5474002815398716,0.33452011810636983,0.33338457380008135,0.33063704137436833,0.46373776268240696,0.4642459954008713,0.320031483923122,0.36313198212426234
0.35181897989339905,0.5239097274945261,0.2640007695007224,0.31021894774777037,0.4599276183968003,0.49456095764670205,0.3723262588466718,0.3282129579742269,0.3319516416871169,0.3162602661180508,0.4436851544532342,0.3068180691002207,0.4468246168569704,0.2938954097343799,0.29855246667571633,0.38784576272791604,0.5461939735407582,0.42368009480582614,0.413877913430883,0.36966100018535797,0.41547178679502195,0.38582099006572723,0.4231827016528147,1.0,0.5447788842556761,0.49457190061005285,0.42008570008751545,0.2970582888870944,0.34887253804620644,0.3332962690311312,0.29017763398369445,0.4514549775006389,0.0,0.42859497823937076,0.5451247368059005,0.31069673713168244,0.35538792412980114,0.428597404385613,0.23238938506531148,0.42653856663179446,0.29500477394623603,0.46852898361802175,0.4188210461297631,0.31073354524546204,0.32042814387251306,0.3086337940484799,0.4644200350096336,0.46523350963230503,0.28946920937964926,0.33466765238273377
0.35265650104822055,0.5182913375892252,0.25841564245257675,0.32592314813661405,0.45585221226099537,0.503321836420408,0.35978375196822554,0.32069264517325335,0.3270503701244448,0.32232156789014776,0.41668252671594586,0.2972202974720586,0.4263091494749296,0.2957922337116897,0.30796421214327807,0.38794011166215236,0.5314157135178327,0.3989379209268614,0.39541548984979324,0.3605316738664933,0.3901538615575093,0.3796290840380686,0.40902014048165725,0.5447788842556761,1.0,0.5415802824181368,0.39796807213587826,0.28920191134124607,0.33082140600183485,0.32193665427074225,0.29717006567352566,0.4981424052654001,0.0,0.4109019471245293,0.5285259012149717,0.2968422238291587,0.3519980977710464,0.413308177213901,0.22738068248412757,0.41144398738020127,0.29951231891977537,0.4465150899856718,0.40918304277279993,0.3196009640067269,0.3229807561846483,0.31226440009013245,0.4530102438599126,0.45527056778166697,0.2935751808425767,0.32359029946048457
0.3637115072665582,0.500711267696581,0.2728539794809288,0.33422784160566377,0.47068084179656844,0.49003984101659936,0.38339330345497,0.3399598477359058,0.34986747533467855,0.3423118087174627,0.46070070618472314,0.3126296841890597,0.4686258022913191,0.316470526019219,0.32897184656815415,0.4155538201331136,0.5117046589065206,0.43422010830514857,0.4263492906606866,0.38377814998533133,0.4327011452741296,0.4270692801804056,0.4317254689705503,0.49457190061005285,0.5415802824181368,1.0,0.4307462947919829,0.3121850411363184,0.3391740186077761,0.348982078260734,0.31360312657608125,0.46960804720355653,0.0,0.42549445404446906,0.5053619071726572,0.3185739140366881,0.37401331923860226,0.44031418746251705,0.24208389913473338,0.4537598228461669,0.31748562446644946,0.4828867587439932,0.4355973402644542,0.3338204828764213,0.3343683458405825,0.3231625346133692,0.48469928192518197,0.4855536262090431,0.312853065111767,0.3458412976924363
0.36247478238437714,0.4655754535971304,0.29509287093378744,0.32214380351614,0.4567620209316252,0.4080766067343865,0.40891001401023563,0.3326669236135327,0.3583677664539917,0.32892943048209056,0.5367699848583014,0.3177020382686445,0.5716922694207038,0.3253434886275588,0.3147949870988799,0.4007064641554524,0.4042163287414805,0.5409285519142563,0.528276821997849,0.4123570827926677,0.5414107841037217,0.4774455536055736,0.567030913961478,0.42008570008751545,0.39796807213587826,0.4307462947919829,1.0,0.3262853848896353,0.36339069329054363,0.36269984897726504,0.30699256823959964,0.5049412916663608,0.0,0.5354777795472947,0.4620098745322576,0.33381430988472327,0.38362317610824825,0.6068294031994355,0.2424194519813493,0.5715932611077532,0.3114818102502237,0.46167565589501947,0.6298361370222259,0.33467537609787656,0.32662254431955473,0.3357375043526539,0.4649956683277646,0.46552672677975093,0.32380287188536716,0.3652865666717232
0.3497927379846185,0.3450213627460872,0.2788760408042429,0.5562469953732201,0.30314651855146235,0.30891906527141677,0.31083050610183127,0.7023841421799297,0.3253251855721113,0.5349429205811322,0.33748866862465476,0.5139941651116686,0.33382027128408565,0.5571089561505718,0.5165007248012787,0.312029421904528,0.2922391055335226,0.33049193923311637,0.3220706953955139,0.31292756618816553,0.32030382522621115,0.2991583291388831,0.33163967470650546,0.2970582888870944,0.28920191134124607,0.3121850411363184,0.3262853848896353,1.0,0.3692281008917935,0.32626918916539616,0.5030838881011306,0.3202992499838164,0.0,0.3233793096744286,0.3208525187031145,0.4575377433818508,0.2878598334147836,0.34286287473244514,0.3676794018878823,0.3314210227773927,0.5162863737272234,0.3225818315701756,0.3290128969160553,0.8024461689304903,0.7645220170226533,0.3428518434213995,0.3186306524710907,0.3201460673697597,0.5045011482816815,0.36526727073760534
0.39531286295825296,0.37531732000316986,0.3141882930087706,0.35600425239982225,0.34298506458887,0.33878288619778407,0.3447500225603688,0.3730951050222301,0.37888712182256756,0.3698398700125357,0.36652995154482615,0.3730042171931701,0.3685304478534972,0.36647220987338114,0.35535556559517634,0.34611771836333494,0.3423204135274257,0.36046400873113293,0.3495256105983461,0.34880326588704313,0.34610077998419764,0.31520778760674395,0.36235690446392754,0.34887253804620644,0.33082140600183485,0.3391740186077761,0.36339069329054363,0.3692281008917935,1.0,0.3775033648701419,0.344937424016853,0.3525493275324735,0.0,0.3595730360256131,0.36267798612537794,0.36134281996405215,0.3231125302527392,0.36557438451844104,0.26896510683738606,0.3626079498503828,0.343038757559025,0.3511691778881062,0.359303201584936,0.36769071485193894,0.3669216750814145,0.43188711577782724,0.34985043343512234,0.3501412594026396,0.3538006093587359,0.6335763304091346
0.4365352769455497,0.36717829084497366,0.3195356416277556,0.333211208813771,0.3559131965534169,0.3217052555780575,0.3497222844650273,0.33509910029367385,0.462732124059803,0.34975626329092946,0.38173650835206707,0.3271521931511846,0.39120838193468566,0.3291391612542598,0.33019209269099414,0.3682535900934788,0.3237775218338925,0.36685607626902395,0.35441501084671057,0.3552487765758705,0.3567769460382536,0.317403836590194,0.3596126699925647,0.3332962690311312,0.32193665427074225,0.348982078260734,0.36269984897726504,0.32626918916539616,0.3775033648701419,1.0,0.3209291135902278,0.344307473399425,0.0,0.35242687087003266,0.35878652573475966,0.32307831924168184,0.3353821392687182,0.36073624515046254,0.23973014806680337,0.3827813096165217,0.32682028402917196,0.35452114363069975,0.3711047647698421,0.3323966074515482,0.325302162317607,0.3776689478622549,0.3607357525472037,0.360878220427324,0.32256335398914115,0.3917851225774325
0.3163880716165669,0.31775446043081335,0.258478555346635,0.5385843859577086,0.3295639412085908,0.28161589474746007,0.28808954324853464,0.5097536285809297,0.3292917703661724,0.5555386754239859,0.31738974061469793,0.4743041498520124,0.3304218782945333,0.52987807064845,0.5384692253473148,0.30646366904348543,0.29350420889527373,0.3067693370614164,0.29395365058495815,0.2928421218696471,0.29554129351040903,0.2650747531151243,0.30681521359139996,0.29017763398369445,0.29717006567352566,0.31360312657608125,0.30699256823959964,0.5030838881011306,0.344937424016853,0.3209291135902278,1.0,0.31299824462900583,0.0,0.3021132657930349,0.3000174215380267,0.4354808274347026,0.28125054191481447,0.31302989873433085,0.3403900236061833,0.310221992645326,0.659255232834709,0.301251296154457,0.31005224871671566,0.5090472504764414,0.4974153359505973,0.3260339290378437,0.300223062616062,0.30126692020757995,0.46216976659680564,0.34203195770692285
0.3660456251822545,0.4462265230596023,0.2784409592469871,0.34397793389011,0.49972329778122837,0.4371246782445056,0.3904742968756407,0.3399698739649565,0.35018676963845297,0.33338539662855093,0.4879585198236742,0.3166849371217475,0.5260209293466235,0.3196682288379129,0.32807057150844554,0.4034532028426655,0.49049588606580397,0.4839706097915052,0.480526701848355,0.38964559853320524,0.4886072416853573,0.45453709779076246,0.5093987914422289,0.4514549775006389,0.4981424052654001,0.46960804720355653,0.5049412916663608,0.3202992499838164,0.3525493275324735,0.344307473399425,0.31299824462900583,1.0,0.0,0.5056741921726909,0.44589202882985923,0.31436021168047557,0.38034399942180375,0.517017011966149,0.2451903289781482,0.5172135220557649,0.31410744347598074,0.4470947333022395,0.5180705057753032,0.32636106164590784,0.3373579285857067,0.32457175798360516,0.4555975561829271,0.45798313436014315,0.3015463635318598,0.34500042869120706
0.0,0.0,0.0,0.0,0.0,0.0,0.0,0.0,0.0,0.0,0.0,0.0,0.0,0.0,0.0,0.0,0.0,0.0,0.0,0.0,0.0,0.0,0.0,0.0,0.0,0.0,0.0,0.0,0.0,0.0,0.0,0.0,1.0,0.0,0.0,0.0,0.0,0.0,0.0,0.0,0.0,0.0,0.0,0.0,0.0,0.0,0.0,0.0,0.0,0.0
0.3679762877662093,0.45867284384815377,0.28942981127769685,0.3191420510969274,0.45809918508796943,0.4256003631095415,0.4148126644005098,0.33184811232144307,0.35032105576527983,0.3226007306305767,0.5212737392815927,0.3222475968920263,0.571301042728055,0.31909124329188676,0.31036380994736945,0.4063724960578854,0.42907508795421434,0.5290763438254513,0.5100126942460124,0.4157419034752722,0.5310656853737385,0.5552610663694773,0.657282134438481,0.42859497823937076,0.4109019471245293,0.42549445404446906,0.5354777795472947,0.3233793096744286,0.3595730360256131,0.35242687087003266,0.3021132657930349,0.5056741921726909,0.0,1.0,0.46475547854380594,0.3450689651169564,0.38805347984538596,0.526055699506045,0.2673174316370346,0.5426589498071519,0.3025406845451266,0.45991829626301717,0.5460653371050419,0.32793861807316416,0.33126678072161797,0.32541659982104587,0.45811317255452544,0.46136020246645715,0.3140659053325555,0.35979768895956765
0.3708532267398523,0.5857129199365925,0.2850737540107552,0.3179997985799071,0.43600643320513455,0.5210344859185759,0.41411685445974256,0.3285783196934553,0.34741725549960456,0.32240314198381426,0.48080889339229615,0.3173120265942806,0.4747114637103965,0.31755622797634575,0.30766889096769556,0.40974582096872847,0.47639265831710786,0.46904851200870956,0.4632349134817204,0.41431102395636854,0.459607511376797,0.41419330583392355,0.467978581751646,0.5451247368059005,0.5285259012149717,0.5053619071726572,0.4620098745322576,0.3208525187031145,0.36267798612537794,0.35878652573475966,0.3000174215380267,0.44589202882985923,0.0,0.46475547854380594,1.0,0.3272194852363982,0.38336372565385735,0.46268375672849316,0.2526008632662058,0.47770594470191907,0.3043131592083559,0.5205249918503103,0.47552785603328984,0.32464848632034893,0.3271776801707543,0.3310434667529163,0.5108975746944695,0.5115935152149673,0.3150236833634432,0.358113203555649
0.3382161274242461,0.3277040421852876,0.2795489916236068,0.4549064801110051,0.3000790763684097,0.3129222498788543,0.33260240012125586,0.4552522006135479,0.3297731472621992,0.46971556958134864,0.3396109847356452,0.44398423580774915,0.332921515943578,0.4564709875760079,0.44896429277844707,0.3260540932016335,0.3044804267270693,0.35382850818611744,0.3331693487660582,0.3328634340362696,0.3348805887227181,0.3030342125139337,0.3434876471963959,0.31069673713168244,0.2968422238291587,0.3185739140366881,0.33381430988472327,0.4575377433818508,0.36134281996405215,0.32307831924168184,0.4354808274347026,0.31436021168047557,0.0,0.3450689651169564,0.3272194852363982,1.0,0.3098759010534693,0.3248536737852501,0.36223988820419784,0.3344843185354539,0.44173867292705016,0.32462126415696846,0.3270192846563721,0.46370144375546873,0.46290343963287084,0.3369393757831626,0.320339373744973,0.32012029576856194,0.4486780337486498,0.36688786329474543
0.33766850008084315,0.3724657769899372,0.2644347719635103,0.30100881460905726,0.35950350946092713,0.3504782058984449,0.7660294545239602,0.2998328799334202,0.3329296549192191,0.29902088183567266,0.3823406475635912,0.28436839179333384,0.3989106288059223,0.28906085914246493,0.28741703307882815,0.7159900470993399,0.34920795898395673,0.418442233810128,0.41149364758423523,0.7644208704694428,0.40377851567924705,0.35927570580604107,0.4163477648435534,0.35538792412980114,0.3519980977710464,0.37401331923860226,0.38362317610824825,0.2878598334147836,0.3231125302527392,0.3353821392687182,0.28125054191481447,0.38034399942180375,0.0,0.38805347984538596,0.38336372565385735,0.3098759010534693,1.0,0.37223805760360085,0.23107768336500634,0.3778386622416938,0.2824706282729672,0.3771384204891791,0.3903117891847401,0.29865621974095713,0.2957056721999314,0.2958347898279665,0.36178827711035877,0.36333871003440965,0.2801230733107992,0.32461714606126135
0.3801901990781328,0.49084181137838245,0.296648291337135,0.3268921155942699,0.4823184201896392,0.4321408900660507,0.39814090063577456,0.35198794827142665,0.3562662035694447,0.33858493236737186,0.540606666553347,0.33379227695535496,0.5531028446706283,0.33254734100610817,0.32248642001275396,0.39958248394453777,0.4141039089385046,0.5113246854807078,0.5039807919603717,0.4036653093718212,0.519463665980135,0.4687670002869906,0.5352551538491571,0.428597404385613,0.413308177213901,0.44031418746251705,0.6068294031994355,0.34286287473244514,0.36557438451844104,0.36073624515046254,0.31302989873433085,0.517017011966149,0.0,0.526055699506045,0.46268375672849316,0.3248536737852501,0.37223805760360085,1.0,0.2488134144439027,0.5644287616218098,0.3179388727289113,0.4742367891268664,0.6531254124819716,0.34849327992366474,0.3392756939777307,0.3397561027982614,0.4895927504797004,0.4917265161259846,0.3345384901959827,0.3670527946746288
0.26743391816178574,0.24946682771109563,0.2027701397050118,0.3682843803441488,0.23780915958702487,0.24629498255527682,0.24596117950420437,0.36666538997385345,0.24526551343324976,0.3753963512201469,0.25496697261073775,0.3544842826185637,0.2573505479347553,0.3542222431927934,0.36015380542538245,0.2408347752817518,0.23052407409617226,0.2606415657454253,0.2475799495503146,0.2430260975046008,0.2455238288996101,0.2207396380929313,0.2588119608619034,0.23238938506531148,0.22738068248412757,0.24208389913473338,0.2424194519813493,0.3676794018878823,0.26896510683738606,0.23973014806680337,0.3403900236061833,0.2451903289781482,0.0,0.2673174316370346,0.2526008632662058,0.36223988820419784,0.23107768336500634,0.2488134144439027,1.0,0.24937952877584058,0.34539384133967344,0.2524631302220679,0.2511388866377493,0.36571754638495946,0.3720923879351893,0.24577013453015017,0.24389308479683913,0.2448282551297677,0.35159478132318456,0.27232662825768705
0.37827557583844806,0.4798556176268097,0.30136544594859205,0.3227331200795591,0.4753365751490092,0.430818591470859,0.4101004507769723,0.3373987127027164,0.363211613371232,0.337214853191239,0.5673809768730759,0.3265205523629434,0.5851882727476724,0.3257471286369453,0.3172139241619274,0.40847050284835085,0.41912524604542256,0.5434019052106702,0.5287456678890494,0.41672713386351556,0.5471090116004248,0.49944012928720205,0.5584360529828365,0.42653856663179446,0.41144398738020127,0.4537598228461669,0.5715932611077532,0.3314210227773927,0.3626079498503828,0.3827813096165217,0.310221992645326,0.5172135220557649,0.0,0.5426589498071519,0.47770594470191907,0.3344843185354539,0.3778386622416938,0.5644287616218098,0.24937952877584058,1.0,0.31283036722717106,0.4840366590342612,0.582649185260173,0.33486389238657754,0.3321791698670157,0.3476992479238441,0.5004133841591711,0.49977032533402876,0.3271848725038151,0.37483049703883087
