../ecoli_genomes/GCF_000163235.1_ASM16323v1_genomic.fna.gz,../ecoli_genomes/GCF_000164555.1_ASM16455v1_genomic.fna.gz,../ecoli_genomes/GCF_000208545.1_ASM20854v2_genomic.fna.gz,../ecoli_genomes/GCF_000233875.1_ASM23387v1_genomic.fna.gz,../ecoli_genomes/GCF_000249735.1_ASM24973v2_genomic.fna.gz,../ecoli_genomes/GCF_000261145.1_Esch_coli_M919_V2_genomic.fna.gz,../ecoli_genomes/GCF_000267705.2_ASM26770v2_genomic.fna.gz,../ecoli_genomes/GCF_000350665.1_Esch_coli_KTE5_V1_genomic.fna.gz,../ecoli_genomes/GCF_000351625.1_Esch_coli_KTE66_V1_genomic.fna.gz,../ecoli_genomes/GCF_000352285.1_Esch_coli_KTE46_V1_genomic.fna.gz,../ecoli_genomes/GCF_000358895.1_ASM35889v1_genomic.fna.gz,../ecoli_genomes/GCF_000456385.1_Esch_coli_HVH_26_4-5703913_V1_genomic.fna.gz,../ecoli_genomes/GCF_000458195.1_Esch_coli_HVH_147_4-5893887_V1_genomic.fna.gz,../ecoli_genomes/GCF_000459755.1_Esch_coli_KOEGE_58_171a_V1_genomic.fna.gz,../ecoli_genomes/GCF_000460055.1_Esch_coli_UMEA_3053-1_V1_genomic.fna.gz,../ecoli_genomes/GCF_000462165.2_ASM46216v2_genomic.fna.gz,../ecoli_genomes/GCF_000601135.1_ASM60113v1_genomic.fna.gz,../ecoli_genomes/GCF_000614595.1_Ec2010EL1058_genomic.fna.gz,../ecoli_genomes/GCF_000617745.1_Ec2010C-4529_genomic.fna.gz,../ecoli_genomes/GCF_000618265.2_EcF6751_genomic.fna.gz,../ecoli_genomes/GCF_000619005.2_Ec2009C-4052_genomic.fna.gz,../ecoli_genomes/GCF_000619105.1_Ec2009C-4780_genomic.fna.gz,../ecoli_genomes/GCF_000619765.2_Ec2009C-3279_genomic.fna.gz,../ecoli_genomes/GCF_000687005.1_ASM68700v1_genomic.fna.gz,../ecoli_genomes/GCF_000687025.1_ASM68702v1_genomic.fna.gz,../ecoli_genomes/GCF_000700125.1_ASM70012v1_genomic.fna.gz,../ecoli_genomes/GCF_000753315.1_FHI35_genomic.fna.gz,../ecoli_genomes/GCF_000776375.1_ASM77637v1_genomic.fna.gz,../ecoli_genomes/GCF_000779395.1_ASM77939v1_genomic.fna.gz,../ecoli_genomes/GCF_000780315.1_ASM78031v1_genomic.fna.gz,../ecoli_genomes/GCF_000781995.1_ASM78199v1_genomic.fna.gz,../ecoli_genomes/GCF_000986765.1_ASM98676v1_genomic.fna.gz,../ecoli_genomes/GCF_001041375.1_ViralProj287958_genomic.fna.gz,../ecoli_genomes/GCF_001265335.1_302014_genomic.fna.gz,../ecoli_genomes/GCF_001265625.1_100854_genomic.fna.gz,../ecoli_genomes/GCF_001267345.1_303289_genomic.fna.gz,../ecoli_genomes/GCF_001309985.1_ASM130998v1_genomic.fna.gz,../ecoli_genomes/GCF_001521695.1_ASM152169v1_genomic.fna.gz,../ecoli_genomes/GCF_001592595.1_ASM159259v1_genomic.fna.gz,../ecoli_genomes/GCF_001614975.1_ASM161497v1_genomic.fna.gz,../ecoli_genomes/GCF_001692775.1_ASM169277v1_genomic.fna.gz,../ecoli_genomes/GCF_001748915.1_ASM174891v1_genomic.fna.gz,../ecoli_genomes/GCF_001749235.1_ASM174923v1_genomic.fna.gz,../ecoli_genomes/GCF_001881155.1_ASM188115v1_genomic.fna.gz,../ecoli_genomes/GCF_001881345.1_ASM188134v1_genomic.fna.gz,../ecoli_genomes/GCF_001892405.1_ASM189240v1_genomic.fna.gz,../ecoli_genomes/GCF_001892585.1_ASM189258v1_genomic.fna.gz,../ecoli_genomes/GCF_001893985.1_ASM189398v1_genomic.fna.gz,../ecoli_genomes/GCF_002001595.1_ASM200159v1_genomic.fna.gz,../ecoli_genomes/GCF_002002145.1_ASM200214v1_genomic.fna.gz
1.0,0.38563162994151634,0.3231887213771524,0.33983334240736895,0.35536238140487886,0.3617728305518001,0.35976281681681754,0.33986334983103583,0.4448645788831376,0.354484436862482,0.3766908356591754,0.34497564571288286,0.36614938121561824,0.3280646947381336,0.3216088101090281,0.3569592360066576,0.3370955994181202,0.36774882213925186,0.3331079639721014,0.3627490200105469,0.355101031584266,0.3505163095397189,0.37238375711728744,0.3521635285030985,0.32997260131481565,0.3514477580916914,0.36946453223844544,0.3358050376201054,0.39729866147099724,0.4434311077272629,0.3206138950076116,0.35890418175184635,0.0,0.3662142679200281,0.36454995155314396,0.337407292993676,0.33857610803112836,0.3727236251985867,0.3074398538827744,0.372322027457172,0.3256082814259411,0.36445432511140763,0.3758465631530319,0.33873483090359946,0.34599178445523837,0.36826629217405293,0.3588106162038306,0.359321625324475,0.3349307084682318,0.4016544131760915
0.38563162994151634,1.0,0.2942532871971235,0.3318288139064336,0.4383314535676859,0.5669534643091048,0.39671010699441656,0.32997066303112077,0.35686137710021415,0.3429633167261278,0.4731254774405387,0.33925320775525214,0.4609820288164902,0.3218226952218627,0.31601290217653544,0.39703762729480585,0.4768081521377363,0.4648389955619071,0.40445511584076344,0.40145777222862333,0.4451181345962836,0.43827000856829146,0.46080140605206,0.5571901621074606,0.5208841596815406,0.5124648781591286,0.4639227073675105,0.3299207734950078,0.3667083059098516,0.3659575477243393,0.3139270920887698,0.4447763658845747,0.0,0.45472548467616414,0.5836118483560553,0.32577544066879816,0.37204088478075026,0.468681465940601,0.2895715840383334,0.47065285715623084,0.31939993417322954,0.5080680165217555,0.4707141509122381,0.34274807542527963,0.34290666629125643,0.3390400517357073,0.5192943536191472,0.5193196556075594,0.3430975907791388,0.36541223444502935
0.3231887213771524,0.2942532871971235,1.0,0.2735000476511903,0.2685300892592807,0.2712175834234164,0.27422067569451236,0.2711371999652451,0.3047583016772344,0.2786123818548404,0.2934468066145446,0.26991182711236106,0.28464966368323374,0.2705873295039676,0.2642104037420353,0.27836791992200216,0.25851086458573025,0.2824497162439793,0.24929377558274923,0.27916421715168716,0.2794017415342578,0.2718340921851976,0.2853309486870914,0.2685683926194009,0.2523933754519563,0.27392277791333053,0.2869313058848689,0.27283269326886483,0.30921073174415825,0.3174171421796729,0.2597531411375932,0.27585650485383373,0.0,0.28155527791339596,0.2786151695712359,0.2744093703903896,0.25764750082901744,0.2826508090268166,0.24149708505834644,0.29340331063768943,0.26851328142956055,0.2814873623278752,0.2905948771386988,0.27732760151995817,0.2742981514161841,0.29050827879351915,0.28928110696169906,0.28853152478670374,0.28232944964939233,0.3121535046100202
0.33983334240736895,0.3318288139064336,0.2735000476511903,1.0,0.33256988505325236,0.32203987417655977,0.3095981250584128,0.5314577900940035,0.3397550789253728,0.5667844582314403,0.3243561272235479,0.5368314564377483,0.3289224957522541,0.577207168346105,0.5954967352758073,0.31681951324956803,0.3097303903420343,0.32020951970516753,0.28521339526240963,0.312771712970356,0.3112810435324076,0.30404131697505155,0.32713824516752277,0.3063082621698563,0.30369023260338934,0.3276300496583785,0.32191586844348263,0.5588573147280003,0.35722031329720816,0.32584016197196697,0.5456461053052688,0.33237231228171593,0.0,0.31451370703425396,0.3171008670251424,0.46302828241070815,0.2980821782932591,0.3175305178605573,0.44637795488261367,0.3159823452632834,0.564494411093097,0.31293599602981526,0.32084648687109163,0.5606059998727781,0.5514261792563104,0.347246386834818,0.3168032494836549,0.3175267603077552,0.49942884362974993,0.36126953652491234
0.35536238140487886,0.4383314535676859,0.2685300892592807,0.33256988505325236,1.0,0.4516359175477682,0.3658591990293507,0.32449601180875354,0.35867261673937156,0.3419237664465038,0.5408868707789494,0.30384538905500624,0.5042761492802232,0.3208733326421337,0.33443684272792173,0.3861117045176552,0.44064354593996113,0.45629967848207953,0.40165527127253653,0.36979630490530513,0.4588653755846348,0.43837848738266294,0.4649167179256303,0.4414159833715384,0.431839003206016,0.46232343302375334,0.4716509572738009,0.3000411911716405,0.3505313775243978,0.3448292531167009,0.3216992960779489,0.48376892699994567,0.0,0.4659491331400857,0.43665521241370464,0.3100189822968906,0.3604434003539694,0.4815729926625639,0.2790120592905686,0.484322143099714,0.331040114972479,0.4417048180661989,0.49323059075106135,0.3088563259695951,0.3144819153563232,0.3148593092040384,0.44832808209900377,0.4488150204785638,0.3101380926222742,0.3402790908450575
0.3617728305518001,0.5669534643091048,0.2712175834234164,0.32203987417655977,0.4516359175477682,1.0,0.4041366987773136,0.328238449946897,0.3484516901886431,0.32627553948179566,0.45848201064201366,0.31336977621016726,0.45126445610712074,0.3168334477801614,0.31221159721652614,0.3987663183938558,0.46932141140647554,0.46084418802836624,0.4088465097757946,0.40523071273074673,0.43758115157482347,0.4283344132795802,0.45358313222095215,0.5353605516191495,0.5043146251247043,0.48810201529884545,0.44425558353149797,0.3125387580662572,0.3627752982976501,0.3449176016319394,0.30251667193035203,0.4443687303340349,0.0,0.45693537124020234,0.5728232681961891,0.3330122657249469,0.3814127053675648,0.4542926175125741,0.3120692925081038,0.4522875579517165,0.3115364166932816,0.5050789549129058,0.46350681471108013,0.32197973522378076,0.32083026253355296,0.329273873506738,0.5015623766537443,0.504566553240487,0.32192366788792326,0.36580628313666375
0.35976281681681754,0.39671010699441656,0.27422067569451236,0.3095981250584128,0.3658591990293507,0.4041366987773136,1.0,0.3053809850295607,0.34886176856321105,0.3094225306993883,0.403512851923587,0.30392917644493644,0.3939717265149363,0.3020411218733805,0.2975960943547852,0.7664782447055466,0.36436085767504056,0.4438087056267094,0.4011653895488303,0.8605884172645362,0.43379428331385805,0.410450506577681,0.4442578523825448,0.3800770385357649,0.3521486512990759,0.3883452886107742,0.40416708304646143,0.2963650870273786,0.34183661096136897,0.3505226258108385,0.28527041157319677,0.3865326279116492,0.0,0.4089444895826464,0.4104651060139043,0.33096913431619657,0.7924130858495354,0.3797970805008293,0.30222982842128365,0.4040876902240792,0.28829998137969126,0.3897949497127693,0.40491011199659555,0.3058036892065896,0.3054111517658469,0.3163079769202164,0.38833801600562823,0.3892260277891081,0.30517342623976274,0.34809652133807234
0.33986334983103583,0.32997066303112077,0.2711371999652451,0.5314577900940035,0.32449601180875354,0.328238449946897,0.3053809850295607,1.0,0.329843831825827,0.5385792691230594,0.32105521346615495,0.5031317282458202,0.32650492823647825,0.5147773844808634,0.5077883514907409,0.30927364970268,0.3055082071383015,0.31955507897412627,0.2851667344399039,0.3084212844907098,0.3077176070213442,0.30165364426824737,0.31769672566919205,0.3144686247702747,0.2949935746876027,0.32213817949025636,0.32040143589136416,0.6976920372928774,0.3607461739900988,0.3224161636545284,0.5079611556105762,0.32094368534496875,0.0,0.3142571683178722,0.3176656965084613,0.44531425360817367,0.28924944952882703,0.33128041983140777,0.44103684265705445,0.32214680711157784,0.5144073540492144,0.3140025545223627,0.3249738871695578,0.7018654006286326,0.6765301524141842,0.3447057650727051,0.31422339621032946,0.31437278830873316,0.4798843190562071,0.3600431136954404
0.4448645788831376,0.35686137710021415,0.3047583016772344,0.3397550789253728,0.35867261673937156,0.3484516901886431,0.34886176856321105,0.329843831825827,1.0,0.3509964009641946,0.3680444375695693,0.31513673780125595,0.3664408666151413,0.327001873876674,0.3317766730002416,0.35671912777260906,0.33035782550582615,0.3548308333041753,0.31492296475701465,0.3547601212320156,0.3448033182626803,0.34103246525825726,0.3585785476020149,0.34780168259127286,0.319932799922254,0.3533421038969733,0.3642272285885635,0.3210661242407943,0.3814064295042795,0.4569016996002865,0.32645199377728784,0.349302968414095,0.0,0.3496933952297768,0.3486380005018308,0.33330899377613943,0.3320879024084248,0.35025469436669343,0.29997496070923635,0.3634212091200253,0.32870616615312276,0.35119558729570477,0.37155330496393413,0.3265568776771026,0.3202534197314991,0.36099193426378107,0.3477859233918723,0.3480314678428561,0.3253159886730652,0.3922544213393714
0.354484436862482,0.3429633167261278,0.2786123818548404,0.5667844582314403,0.3419237664465038,0.32627553948179566,0.3094225306993883,0.5385792691230594,0.3509964009641946,1.0,0.34094864041665673,0.5139153935393755,0.34536654918197596,0.5401357350658097,0.5400702881295927,0.31932688297806255,0.3082756337774277,0.32223227428141077,0.2850316298150173,0.3140607632570732,0.3126333791841046,0.30607092583596096,0.31929015960303664,0.3176036778630057,0.30757003523976634,0.3379788012085285,0.32914096832044826,0.5301732497265802,0.36473262062306444,0.3381364373859319,0.5631079780628132,0.32137327896918955,0.0,0.3158037923692205,0.3194864141254904,0.4690472275527967,0.29560916026245,0.32520811261690696,0.45532463608566165,0.3299340370457017,0.566713534910805,0.32225584948095576,0.32801926909371315,0.5434350753996996,0.5393759296898546,0.3469070387919371,0.3226061130847204,0.32234711591332954,0.513006666772176,0.3581499433852495
0.3766908356591754,0.4731254774405387,0.2934468066145446,0.3243561272235479,0.5408868707789494,0.45848201064201366,0.403512851923587,0.32105521346615495,0.3680444375695693,0.34094864041665673,1.0,0.3165769444233356,0.5657537553260115,0.326179610042181,0.3148724794659187,0.41232178799412744,0.4190079498489043,0.5276938850832043,0.4736336526199115,0.40898803020353613,0.5167837095649265,0.5261542689064913,0.5307970799452033,0.45444692148516097,0.40508478904347334,0.46094841116703134,0.5390718528841263,0.3195974173317211,0.36077641527271653,0.37444821576625587,0.31104670064777473,0.49651491559434413,0.0,0.5130305921024771,0.47046375914447625,0.33609283733643325,0.38567104339414005,0.5191501970656835,0.29774165743447945,0.561515070136333,0.31585374826053936,0.48098538155757076,0.5497124699391464,0.324801610954633,0.32395470315026875,0.3346907691998833,0.47573182673851755,0.47570216218689376,0.3317814154046971,0.36734988396911894
0.34497564571288286,0.33925320775525214,0.26991182711236106,0.5368314564377483,0.30384538905500624,0.31336977621016726,0.30392917644493644,0.5031317282458202,0.31513673780125595,0.5139153935393755,0.3165769444233356,1.0,0.31139628664375685,0.5255236581640764,0.6082769125135719,0.30216104406208366,0.2920122606486466,0.31273756301449795,0.28066106198891083,0.30444823807200827,0.31060777621105407,0.2999519268920129,0.3177915747402411,0.3039669129112308,0.28485290204112346,0.3078560317528891,0.3145624369616823,0.5176248234727043,0.3563723368116063,0.321697130633967,0.4789857365536879,0.3065423212646381,0.0,0.3132879311930832,0.31408562201433243,0.4431294432647628,0.28709093634005467,0.31943096410097904,0.43874273083319515,0.31462354053067343,0.4971288979270667,0.3060542445541071,0.3181107389305007,0.5280868676303507,0.5234704682193201,0.33855837557159163,0.3133690613063246,0.3137902291135142,0.47246680815561937,0.34872087900478654
0.36614938121561824,0.4609820288164902,0.28464966368323374,0.3289224957522541,0.5042761492802232,0.45126445610712074,0.3939717265149363,0.32650492823647825,0.3664408666151413,0.34536654918197596,0.5657537553260115,0.31139628664375685,1.0,0.3143636012723201,0.32702090767829106,0.40777668885447027,0.41603388189753665,0.5258749896628341,0.5155471029880626,0.39893102749314324,0.5297352038055301,0.5819324760903084,0.5740955745530092,0.438105364522662,0.3985038896041829,0.4567816940334586,0.5634743783009668,0.310170145899601,0.3578391599718679,0.36865062963960316,0.31623637167183116,0.5276841747574088,0.0,0.5572750827642431,0.4580041779938431,0.3199365600829971,0.38403283169823366,0.5239885239321032,0.29094401377261503,0.5790452940410192,0.3193325933157086,0.4676967954262463,0.5594920361939022,0.3161134966344735,0.31106484614705865,0.3259691141370322,0.4663143737801072,0.4662559382707291,0.32158667881639724,0.363177685723837
0.3280646947381336,0.3218226952218627,0.2705873295039676,0.577207168346105,0.3208733326421337,0.3168334477801614,0.3020411218733805,0.5147773844808634,0.327001873876674,0.5401357350658097,0.326179610042181,0.5255236581640764,0.3143636012723201,1.0,0.5799523106379402,0.30456151610758253,0.2944889977288927,0.3153185752213923,0.2783175664104123,0.30708462364211975,0.30353208920232877,0.2999562075786538,0.3158708317392839,0.2917914154293274,0.28293730794392724,0.3134430047025879,0.3190806302570002,0.551099962832647,0.3620493246462976,0.3188116872996314,0.5350624716663288,0.3096231954331957,0.0,0.3063530592312632,0.3111268917348279,0.45796060650797343,0.2869248378080044,0.317519418867796,0.4318746036444242,0.3143309067372584,0.5472925817776237,0.3081796647273194,0.31955535256171863,0.5492409711013215,0.540079381090798,0.3497975297714485,0.31457518057538747,0.3154299354348107,0.494491647538325,0.36133791647252367
0.3216088101090281,0.31601290217653544,0.2642104037420353,0.5954967352758073,0.33443684272792173,0.31221159721652614,0.2975960943547852,0.5077883514907409,0.3317766730002416,0.5400702881295927,0.3148724794659187,0.6082769125135719,0.32702090767829106,0.5799523106379402,1.0,0.3056658622193945,0.3067237391033457,0.311600470362399,0.27265961100306646,0.3006153282501721,0.30193720283725645,0.2951847246384105,0.3158211032601017,0.29705947742481154,0.29443575065415784,0.3230811132643371,0.31479217586420405,0.5190072669232224,0.3476442590392421,0.31632839161641924,0.5353176492095282,0.3211873527414455,0.0,0.305292456618815,0.3068765031587646,0.44644503297452565,0.286870345416829,0.31106351527475806,0.4387926918583811,0.31170024120502793,0.5482738794446882,0.30403013916477284,0.31640385235811797,0.523558850661582,0.5146650972787847,0.3381563288782201,0.3131716961203833,0.3135888151794316,0.47932194947840867,0.3593017054837785
0.3569592360066576,0.39703762729480585,0.27836791992200216,0.31681951324956803,0.3861117045176552,0.3987663183938558,0.7664782447055466,0.30927364970268,0.35671912777260906,0.31932688297806255,0.41232178799412744,0.30216104406208366,0.40777668885447027,0.30456151610758253,0.3056658622193945,1.0,0.37439541074829463,0.4248302392965697,0.39348128969942453,0.776242018983379,0.41598275546532315,0.4053228020668749,0.4266392020615134,0.3859004919149194,0.3639280010490078,0.40383434565511533,0.4016953636467391,0.2976872733869663,0.34363436786762414,0.35896067209800175,0.2939386400836883,0.3980154139174019,0.0,0.4054001255184698,0.4069800919269896,0.32333638573101564,0.7536644814072626,0.3852373636210509,0.2901972509371986,0.4053175830751332,0.29824201263581074,0.3919368691944498,0.40436770790358445,0.3037308425008147,0.3038981867594901,0.3192220050155484,0.3931130054296246,0.3924180176783796,0.31097316088239424,0.3497672010048075
0.3370955994181202,0.4768081521377363,0.25851086458573025,0.3097303903420343,0.44064354593996113,0.46932141140647554,0.36436085767504056,0.3055082071383015,0.33035782550582615,0.3082756337774277,0.4190079498489043,0.2920122606486466,0.41603388189753665,0.2944889977288927,0.3067237391033457,0.37439541074829463,1.0,0.41379907372864133,0.36151782192726456,0.3664438139907342,0.39832416328655385,0.4023232183556511,0.427842220263867,0.5194611517597243,0.48847511292817947,0.508925646814409,0.4099289752949469,0.29102881345183984,0.3356642637576902,0.32003385627754966,0.28808239679444825,0.4742635105250763,0.0,0.42461538855495207,0.4734884315562603,0.30473578885802965,0.357041510148279,0.4051720523981015,0.27458055094052414,0.4161183152897612,0.29171107999218204,0.4481944171969193,0.41928888555927235,0.30115155125061865,0.3091378635839921,0.3013293971378367,0.4637641112769566,0.4649389165751784,0.2916144393073069,0.33077112258126573
0.36774882213925186,0.4648389955619071,0.2824497162439793,0.32020951970516753,0.45629967848207953,0.46084418802836624,0.4438087056267094,0.31955507897412627,0.3548308333041753,0.32223227428141077,0.5276938850832043,0.31273756301449795,0.5258749896628341,0.3153185752213923,0.311600470362399,0.4248302392965697,0.41379907372864133,1.0,0.515586336121187,0.44192585817738417,0.5536036685414258,0.5402325093773459,0.5661792336351685,0.43543422639516194,0.3988577946400358,0.4474117775240861,0.5379528809563767,0.3135762005037994,0.3559916201045614,0.36285957471377805,0.3030753230060268,0.4899260873634027,0.0,0.5222248387442465,0.47063814958437244,0.34747776862123303,0.41950317263596404,0.4929775700859258,0.30367452833296305,0.5342827743508839,0.30482579595776294,0.4713736579597191,0.5273981510950925,0.3191531364054542,0.31768559984695766,0.3258485301629074,0.46840568032476926,0.46917008437186036,0.3176107600173056,0.36363627941144316
0.3331079639721014,0.40445511584076344,0.24929377558274923,0.28521339526240963,0.40165527127253653,0.4088465097757946,0.4011653895488303,0.2851667344399039,0.31492296475701465,0.2850316298150173,0.4736336526199115,0.28066106198891083,0.5155471029880626,0.2783175664104123,0.27265961100306646,0.39348128969942453,0.36151782192726456,0.515586336121187,1.0,0.39470608694291276,0.49634764591224345,0.5525305441415298,0.501425403824941,0.38548569880042727,0.3568709213042248,0.3840125716425945,0.47519772296992147,0.2759804043431523,0.3223911792888725,0.32373080955173517,0.2647317156366008,0.477127580705337,0.0,0.46945137879255183,0.4198354779103938,0.30397031217944037,0.3849222098231352,0.4437646007875644,0.27129333095863195,0.47106099612457375,0.2693461964072309,0.41426925886499544,0.47108741377416397,0.2827177490718843,0.2810762034349814,0.2952065922360181,0.40412800307957697,0.4047617693025417,0.28090849186905886,0.3242550673558322
0.3627490200105469,0.40145777222862333,0.27916421715168716,0.312771712970356,0.36979630490530513,0.40523071273074673,0.8605884172645362,0.3084212844907098,0.3547601212320156,0.3140607632570732,0.40898803020353613,0.30444823807200827,0.39893102749314324,0.30708462364211975,0.3006153282501721,0.776242018983379,0.3664438139907342,0.44192585817738417,0.39470608694291276,1.0,0.43506888707077795,0.4086784013620679,0.4414233161942831,0.3797412714459958,0.3562477871663381,0.3918223490032351,0.4103760818109907,0.30181736737155673,0.3458770896289366,0.35755998139133915,0.2904825514429539,0.38933087645097464,0.0,0.40816946657463116,0.40994781756185905,0.3304848832686814,0.7794553041907832,0.3862407921517632,0.2968254260063202,0.41181145310598877,0.2926867486157453,0.3934394554477434,0.4101282176419383,0.308111521760118,0.30648381061105334,0.3216132024690137,0.39520859281861065,0.39524185926387934,0.31081574654936495,0.35409527741157565
0.355101031584266,0.4451181345962836,0.2794017415342578,0.3112810435324076,0.4588653755846348,0.43758115157482347,0.43379428331385805,0.3077176070213442,0.3448033182626803,0.3126333791841046,0.5167837095649265,0.31060777621105407,0.5297352038055301,0.30353208920232877,0.30193720283725645,0.41598275546532315,0.39832416328655385,0.5536036685414258,0.49634764591224345,0.43506888707077795,1.0,0.5356507714958003,0.5716793676596177,0.41808502793006375,0.3829397642215656,0.4330593597706186,0.5440295178950028,0.30632781395184294,0.34416388191071046,0.357965651819651,0.29155209469529464,0.494913936445993,0.0,0.5374221114132478,0.4531353711353414,0.33300352719543536,0.4079008138625222,0.5006808305167788,0.2934230908037767,0.5432123247381329,0.29755865242564816,0.43957143824540623,0.5300227612682912,0.31273412353010477,0.31201453728286677,0.32414426858939127,0.4526141700731193,0.4522501750107407,0.30894675501208635,0.35206895936911264
0.3505163095397189,0.43827000856829146,0.2718340921851976,0.30404131697505155,0.43837848738266294,0.4283344132795802,0.410450506577681,0.30165364426824737,0.34103246525825726,0.30607092583596096,0.5261542689064913,0.2999519268920129,0.5819324760903084,0.2999562075786538,0.2951847246384105,0.4053228020668749,0.4023232183556511,0.5402325093773459,0.5525305441415298,0.4086784013620679,0.5356507714958003,1.0,0.711942629137398,0.4219702847135587,0.3890638487965391,0.4207065628061569,0.5285594395121476,0.2957301483587875,0.338399596387039,0.34648788265194497,0.286656132963201,0.5115245613346132,0.0,0.6332030507382223,0.44130222462874746,0.31834026770215584,0.3886594889609043,0.5011378937651715,0.28762400979664937,0.5377958848049281,0.2880595232270168,0.44193864467157074,0.5345914141015752,0.30161047254013296,0.2983601276766813,0.3148876395145608,0.44124194677829387,0.44210141384217316,0.3031812841853515,0.3454461974754265
0.37238375711728744,0.46080140605206,0.2853309486870914,0.32713824516752277,0.4649167179256303,0.45358313222095215,0.4442578523825448,0.31769672566919205,0.3585785476020149,0.31929015960303664,0.5307970799452033,0.3177915747402411,0.5740955745530092,0.3158708317392839,0.3158211032601017,0.4266392020615134,0.427842220263867,0.5661792336351685,0.501425403824941,0.4414233161942831,0.5716793676596177,0.711942629137398,1.0,0.43086504628636557,0.4044142210438323,0.4414705308540976,0.5588794862895772,0.31262048732460046,0.3547313751613401,0.3578096367745942,0.3033451516770823,0.5264004177353607,0.0,0.6555925920025265,0.46554361628961605,0.3371659223948209,0.41760746354152467,0.518556553849258,0.30088395808751456,0.5548065165259867,0.3048140932261495,0.4586421333959523,0.547434438706488,0.3196716528032778,0.3181314593079281,0.3277774333652629,0.460104692951677,0.46101838430133935,0.3154224793268796,0.35744098662525947
0.3521635285030985,0.5571901621074606,0.2685683926194009,0.3063082621698563,0.4414159833715384,0.5353605516191495,0.3800770385357649,0.3144686247702747,0.34780168259127286,0.3176036778630057,0.45444692148516097,0.3039669129112308,0.438105364522662,0.2917914154293274,0.29705947742481154,0.3859004919149194,0.5194611517597243,0.43543422639516194,0.38548569880042727,0.3797412714459958,0.41808502793006375,0.4219702847135587,0.43086504628636557,1.0,0.536459550226108,0.5050299947465574,0.4306339843100748,0.2924337034755258,0.34896420390083127,0.3385731531181899,0.2923103352247942,0.438929520627513,0.0,0.42451312899689286,0.5579121547538257,0.3125449998450759,0.3679915734936644,0.4262173421680675,0.2735402481143099,0.43335505500724725,0.2982804465431128,0.4817785842984914,0.4322002854381739,0.30450080668819035,0.31087529683409365,0.31010048048096195,0.4795244449698969,0.47907198525155703,0.30097987897578937,0.3388569243807268
0.32997260131481565,0.5208841596815406,0.2523933754519563,0.30369023260338934,0.431839003206016,0.5043146251247043,0.3521486512990759,0.2949935746876027,0.319932799922254,0.30757003523976634,0.40508478904347334,0.28485290204112346,0.3985038896041829,0.28293730794392724,0.29443575065415784,0.3639280010490078,0.48847511292817947,0.3988577946400358,0.3568709213042248,0.3562477871663381,0.3829397642215656,0.3890638487965391,0.4044142210438323,0.536459550226108,1.0,0.5201404028496326,0.39200470493743134,0.27564368626437885,0.3194431105690384,0.3079370984542653,0.27924602757170036,0.44960181011915323,0.0,0.39242560747068245,0.5212189887500832,0.29292436773865027,0.34743764156581625,0.4112232487250249,0.2642568532871138,0.3955884395191839,0.2875010714454226,0.4352307217072542,0.4036540492337525,0.2990651312245638,0.299707898198063,0.29421866393599183,0.4488765504941976,0.4479064077089645,0.29036027104786766,0.31433961790996656
0.3514477580916914,0.5124648781591286,0.27392277791333053,0.3276300496583785,0.46232343302375334,0.48810201529884545,0.3883452886107742,0.32213817949025636,0.3533421038969733,0.3379788012085285,0.46094841116703134,0.3078560317528891,0.4567816940334586,0.3134430047025879,0.3230811132643371,0.40383434565511533,0.508925646814409,0.4474117775240861,0.3840125716425945,0.3918223490032351,0.4330593597706186,0.4207065628061569,0.4414705308540976,0.5050299947465574,0.5201404028496326,1.0,0.44055600301856623,0.30069026634514395,0.34594714398945536,0.34672895606014886,0.30908733572222113,0.44584022578458304,0.0,0.4246713964513693,0.5075446592826954,0.32211638903430995,0.38629207402413546,0.4361615884776897,0.28533263413127685,0.45019238374817416,0.31617031570373466,0.49120834199154884,0.4390522851285832,0.3239375248884807,0.32010589078853313,0.31530748152491395,0.4986524224101675,0.49947854716592544,0.3215538849146804,0.3483762642536574
0.36946453223844544,0.4639227073675105,0.2869313058848689,0.32191586844348263,0.4716509572738009,0.44425558353149797,0.40416708304646143,0.32040143589136416,0.3642272285885635,0.32914096832044826,0.5390718528841263,0.3145624369616823,0.5634743783009668,0.3190806302570002,0.31479217586420405,0.4016953636467391,0.4099289752949469,0.5379528809563767,0.47519772296992147,0.4103760818109907,0.5440295178950028,0.5285594395121476,0.5588794862895772,0.4306339843100748,0.39200470493743134,0.44055600301856623,1.0,0.3139705106442173,0.35855642369339635,0.36880507616538427,0.3097687138793612,0.5057193841943317,0.0,0.5297954599361772,0.4576478735670876,0.32862478638671355,0.38229492994633407,0.5961368441607573,0.2805292195292265,0.5734074085049312,0.31304741277876846,0.46337288637881957,0.6367207814927187,0.32214192501852745,0.31477526374162657,0.3346662467397423,0.46479787128937944,0.4640888825055248,0.3223880611749792,0.36179800575297605
0.3358050376201054,0.3299207734950078,0.27283269326886483,0.5588573147280003,0.3000411911716405,0.3125387580662572,0.2963650870273786,0.6976920372928774,0.3210661242407943,0.5301732497265802,0.3195974173317211,0.5176248234727043,0.310170145899601,0.551099962832647,0.5190072669232224,0.2976872733869663,0.29102881345183984,0.3135762005037994,0.2759804043431523,0.30181736737155673,0.30632781395184294,0.2957301483587875,0.31262048732460046,0.2924337034755258,0.27564368626437885,0.30069026634514395,0.3139705106442173,1.0,0.36011405696246235,0.3210148992003592,0.5081062323492475,0.31147143523712006,0.0,0.30454431672772575,0.3103900938236741,0.44575870408705043,0.27617849523078686,0.3218489900747107,0.4390764180145508,0.3131788237777342,0.5203729197998663,0.30475237046273684,0.31570908576407275,0.815814361072243,0.7756256655814495,0.3424809435225782,0.3116083310357193,0.31136021716801576,0.4956711982024786,0.3517737782031375
0.39729866147099724,0.3667083059098516,0.30921073174415825,0.35722031329720816,0.3505313775243978,0.3627752982976501,0.34183661096136897,0.3607461739900988,0.3814064295042795,0.36473262062306444,0.36077641527271653,0.3563723368116063,0.3578391599718679,0.3620493246462976,0.3476442590392421,0.34363436786762414,0.3356642637576902,0.3559916201045614,0.3223911792888725,0.3458770896289366,0.34416388191071046,0.338399596387039,0.3547313751613401,0.34896420390083127,0.3194431105690384,0.34594714398945536,0.35855642369339635,0.36011405696246235,1.0,0.38029575352511846,0.3431487013427399,0.34988610435327694,0.0,0.3498768995960121,0.34924111839559047,0.35296429341851754,0.3223264817499596,0.3554038253854047,0.3166225888523646,0.3599088062307726,0.3445124277732444,0.34975566375358935,0.3586055291940716,0.35959265718029365,0.3576985823853024,0.43191133319491504,0.35268216159335886,0.3519337500695173,0.3547310886497387,0.6285105107277655
0.4434311077272629,0.3659575477243393,0.3174171421796729,0.32584016197196697,0.3448292531167009,0.3449176016319394,0.3505226258108385,0.3224161636545284,0.4569016996002865,0.3381364373859319,0.37444821576625587,0.321697130633967,0.36865062963960316,0.3188116872996314,0.31632839161641924,0.35896067209800175,0.32003385627754966,0.36285957471377805,0.32373080955173517,0.35755998139133915,0.357965651819651,0.34648788265194497,0.3578096367745942,0.3385731531181899,0.3079370984542653,0.34672895606014886,0.36880507616538427,0.3210148992003592,0.38029575352511846,1.0,0.314641883400288,0.3390832384087191,0.0,0.34995210614818784,0.3550516164051162,0.33143317029691843,0.3325449661358002,0.35814351051661186,0.3079831507204306,0.381148329975327,0.31866423680013545,0.3541853596154533,0.372094400910539,0.3269685976151846,0.32176881679048375,0.3757786136980922,0.362856132006933,0.36237373580522925,0.32998977841980026,0.3986576489163457
0.3206138950076116,0.3139270920887698,0.2597531411375932,0.5456461053052688,0.3216992960779489,0.30251667193035203,0.28527041157319677,0.5079611556105762,0.32645199377728784,0.5631079780628132,0.31104670064777473,0.4789857365536879,0.31623637167183116,0.5350624716663288,0.5353176492095282,0.2939386400836883,0.28808239679444825,0.3030753230060268,0.2647317156366008,0.2904825514429539,0.29155209469529464,0.286656132963201,0.3033451516770823,0.2923103352247942,0.27924602757170036,0.30908733572222113,0.3097687138793612,0.5081062323492475,0.3431487013427399,0.314641883400288,1.0,0.3066188963665927,0.0,0.2970935630175304,0.2952349435063937,0.4408840484159068,0.27422693391520536,0.30205490556634895,0.42301854798219496,0.30915086405955694,0.6757259536794868,0.2978036081855665,0.307654444361284,0.5155369740134941,0.5058944491403701,0.3315419970996084,0.30196773825131784,0.30212518592688453,0.4754466164638146,0.3409856069863382
0.35890418175184635,0.4447763658845747,0.27585650485383373,0.33237231228171593,0.48376892699994567,0.4443687303340349,0.3865326279116492,0.32094368534496875,0.349302968414095,0.32137327896918955,0.49651491559434413,0.3065423212646381,0.5276841747574088,0.3096231954331957,0.3211873527414455,0.3980154139174019,0.4742635105250763,0.4899260873634027,0.477127580705337,0.38933087645097464,0.494913936445993,0.5115245613346132,0.5264004177353607,0.438929520627513,0.44960181011915323,0.44584022578458304,0.5057193841943317,0.31147143523712006,0.34988610435327694,0.3390832384087191,0.3066188963665927,1.0,0.0,0.5049883307897639,0.4393170043374943,0.3106337079017818,0.3846114529291337,0.5050195769495041,0.2871920566624455,0.5245979065073392,0.3042012701595831,0.44595886580958066,0.5199990203469402,0.31326016654504363,0.3186097968940096,0.31661066612344235,0.4577542385908724,0.45749300416870775,0.3057363040211879,0.3441405738453105
0.0,0.0,0.0,0.0,0.0,0.0,0.0,0.0,0.0,0.0,0.0,0.0,0.0,0.0,0.0,0.0,0.0,0.0,0.0,0.0,0.0,0.0,0.0,0.0,0.0,0.0,0.0,0.0,0.0,0.0,0.0,0.0,1.0,0.0,0.0,0.0,0.0,0.0,0.0,0.0,0.0,0.0,0.0,0.0,0.0,0.0,0.0,0.0,0.0,0.0
0.3662142679200281,0.45472548467616414,0.28155527791339596,0.31451370703425396,0.4659491331400857,0.45693537124020234,0.4089444895826464,0.3142571683178722,0.3496933952297768,0.3158037923692205,0.5130305921024771,0.3132879311930832,0.5572750827642431,0.3063530592312632,0.305292456618815,0.4054001255184698,0.42461538855495207,0.5222248387442465,0.46945137879255183,0.40816946657463116,0.5374221114132478,0.6332030507382223,0.6555925920025265,0.42451312899689286,0.39242560747068245,0.4246713964513693,0.5297954599361772,0.30454431672772575,0.3498768995960121,0.34995210614818784,0.2970935630175304,0.5049883307897639,0.0,1.0,0.4540869322210833,0.3411489013340844,0.3842005869930297,0.4976913259583071,0.30692642380479807,0.5414809851349609,0.29764138721649547,0.4552700332451384,0.5424604756841876,0.3100887805078957,0.3112358913369776,0.3224410929745599,0.4521231811799924,0.45270780641406805,0.30867014436528584,0.3538180904648609
0.36454995155314396,0.5836118483560553,0.2786151695712359,0.3171008670251424,0.43665521241370464,0.5728232681961891,0.4104651060139043,0.3176656965084613,0.3486380005018308,0.3194864141254904,0.47046375914447625,0.31408562201433243,0.4580041779938431,0.3111268917348279,0.3068765031587646,0.4069800919269896,0.4734884315562603,0.47063814958437244,0.4198354779103938,0.40994781756185905,0.4531353711353414,0.44130222462874746,0.46554361628961605,0.5579121547538257,0.5212189887500832,0.5075446592826954,0.4576478735670876,0.3103900938236741,0.34924111839559047,0.3550516164051162,0.2952349435063937,0.4393170043374943,0.0,0.4540869322210833,1.0,0.330469474587057,0.38388686840702624,0.44219864234398454,0.299537929743499,0.4651891221478486,0.30069111025303896,0.5089706464798371,0.4667678069613529,0.3148217120825112,0.3175610185825247,0.3214541830604746,0.5033428122285888,0.5030522818275445,0.31543355431799924,0.3499801003286279
0.337407292993676,0.32577544066879816,0.2744093703903896,0.46302828241070815,0.3100189822968906,0.3330122657249469,0.33096913431619657,0.44531425360817367,0.33330899377613943,0.4690472275527967,0.33609283733643325,0.4431294432647628,0.3199365600829971,0.45796060650797343,0.44644503297452565,0.32333638573101564,0.30473578885802965,0.34747776862123303,0.30397031217944037,0.3304848832686814,0.33300352719543536,0.31834026770215584,0.3371659223948209,0.3125449998450759,0.29292436773865027,0.32211638903430995,0.32862478638671355,0.44575870408705043,0.35296429341851754,0.33143317029691843,0.4408840484159068,0.3106337079017818,0.0,0.3411489013340844,0.330469474587057,1.0,0.31364904720302933,0.3204079135769373,0.45098995462357294,0.331288749062443,0.4464760521153227,0.3206871884213862,0.32885002735538627,0.4554242346310886,0.45491574398691415,0.33709431724682903,0.3189003480904907,0.31961890920816904,0.45459584384685436,0.3590005818272033
0.33857610803112836,0.37204088478075026,0.25764750082901744,0.2980821782932591,0.3604434003539694,0.3814127053675648,0.7924130858495354,0.28924944952882703,0.3320879024084248,0.29560916026245,0.38567104339414005,0.28709093634005467,0.38403283169823366,0.2869248378080044,0.286870345416829,0.7536644814072626,0.357041510148279,0.41950317263596404,0.3849222098231352,0.7794553041907832,0.4079008138625222,0.3886594889609043,0.41760746354152467,0.3679915734936644,0.34743764156581625,0.38629207402413546,0.38229492994633407,0.27617849523078686,0.3223264817499596,0.3325449661358002,0.27422693391520536,0.3846114529291337,0.0,0.3842005869930297,0.38388686840702624,0.31364904720302933,1.0,0.3667363244323133,0.2839976922548838,0.3770088812076551,0.2757477636539799,0.3731804502373559,0.38375093813356476,0.2854429950301446,0.28538447694381364,0.2965261471897853,0.3683931622919234,0.369186236870515,0.2855239688105822,0.3312833294795753
0.3727236251985867,0.468681465940601,0.2826508090268166,0.3175305178605573,0.4815729926625639,0.4542926175125741,0.3797970805008293,0.33128041983140777,0.35025469436669343,0.32520811261690696,0.5191501970656835,0.31943096410097904,0.5239885239321032,0.317519418867796,0.31106351527475806,0.3852373636210509,0.4051720523981015,0.4929775700859258,0.4437646007875644,0.3862407921517632,0.5006808305167788,0.5011378937651715,0.518556553849258,0.4262173421680675,0.4112232487250249,0.4361615884776897,0.5961368441607573,0.3218489900747107,0.3554038253854047,0.35814351051661186,0.30205490556634895,0.5050195769495041,0.0,0.4976913259583071,0.44219864234398454,0.3204079135769373,0.3667363244323133,1.0,0.2893284794858533,0.5437248242783776,0.3131664815372378,0.45754317567179004,0.6353506023670674,0.33061273250451084,0.32389735265464825,0.33364347909165215,0.4699259993028383,0.4698214558833803,0.32560735015752995,0.352268564588067
0.3074398538827744,0.2895715840383334,0.24149708505834644,0.44637795488261367,0.2790120592905686,0.3120692925081038,0.30222982842128365,0.44103684265705445,0.29997496070923635,0.45532463608566165,0.29774165743447945,0.43874273083319515,0.29094401377261503,0.4318746036444242,0.4387926918583811,0.2901972509371986,0.27458055094052414,0.30367452833296305,0.27129333095863195,0.2968254260063202,0.2934230908037767,0.28762400979664937,0.30088395808751456,0.2735402481143099,0.2642568532871138,0.28533263413127685,0.2805292195292265,0.4390764180145508,0.3166225888523646,0.3079831507204306,0.42301854798219496,0.2871920566624455,0.0,0.30692642380479807,0.299537929743499,0.45098995462357294,0.2839976922548838,0.2893284794858533,1.0,0.2927313077017397,0.42580598364162536,0.2987942309995806,0.2922396030576466,0.4471651937582234,0.44475630143930134,0.3005970130102812,0.28661963446653027,0.2873369578979177,0.42578382670801773,0.31347894241341523
0.372322027457172,0.47065285715623084,0.29340331063768943,0.3159823452632834,0.484322143099714,0.4522875579517165,0.4040876902240792,0.32214680711157784,0.3634212091200253,0.3299340370457017,0.561515070136333,0.31462354053067343,0.5790452940410192,0.3143309067372584,0.31170024120502793,0.4053175830751332,0.4161183152897612,0.5342827743508839,0.47106099612457375,0.41181145310598877,0.5432123247381329,0.5377958848049281,0.5548065165259867,0.43335505500724725,0.3955884395191839,0.45019238374817416,0.5734074085049312,0.3131788237777342,0.3599088062307726,0.381148329975327,0.30915086405955694,0.5245979065073392,0.0,0.5414809851349609,0.4651891221478486,0.331288749062443,0.3770088812076551,0.5437248242783776,0.2927313077017397,1.0,0.3102678861738942,0.47083447494934105,0.5759980524642967,0.31993416334483127,0.31898720945569825,0.3410799875167675,0.48889561369837076,0.4886441958583768,0.32402630109695185,0.37189693189943607
