../ecoli_genomes/GCF_000163235.1_ASM16323v1_genomic.fna.gz,../ecoli_genomes/GCF_000164555.1_ASM16455v1_genomic.fna.gz,../ecoli_genomes/GCF_000208545.1_ASM20854v2_genomic.fna.gz,../ecoli_genomes/GCF_000233875.1_ASM23387v1_genomic.fna.gz,../ecoli_genomes/GCF_000249735.1_ASM24973v2_genomic.fna.gz,../ecoli_genomes/GCF_000261145.1_Esch_coli_M919_V2_genomic.fna.gz,../ecoli_genomes/GCF_000267705.2_ASM26770v2_genomic.fna.gz,../ecoli_genomes/GCF_000350665.1_Esch_coli_KTE5_V1_genomic.fna.gz,../ecoli_genomes/GCF_000351625.1_Esch_coli_KTE66_V1_genomic.fna.gz,../ecoli_genomes/GCF_000352285.1_Esch_coli_KTE46_V1_genomic.fna.gz,../ecoli_genomes/GCF_000358895.1_ASM35889v1_genomic.fna.gz,../ecoli_genomes/GCF_000456385.1_Esch_coli_HVH_26_4-5703913_V1_genomic.fna.gz,../ecoli_genomes/GCF_000458195.1_Esch_coli_HVH_147_4-5893887_V1_genomic.fna.gz,../ecoli_genomes/GCF_000459755.1_Esch_coli_KOEGE_58_171a_V1_genomic.fna.gz,../ecoli_genomes/GCF_000460055.1_Esch_coli_UMEA_3053-1_V1_genomic.fna.gz,../ecoli_genomes/GCF_000462165.2_ASM46216v2_genomic.fna.gz,../ecoli_genomes/GCF_000601135.1_ASM60113v1_genomic.fna.gz,../ecoli_genomes/GCF_000614595.1_Ec2010EL1058_genomic.fna.gz,../ecoli_genomes/GCF_000617745.1_Ec2010C-4529_genomic.fna.gz,../ecoli_genomes/GCF_000618265.2_EcF6751_genomic.fna.gz,../ecoli_genomes/GCF_000619005.2_Ec2009C-4052_genomic.fna.gz,../ecoli_genomes/GCF_000619105.1_Ec2009C-4780_genomic.fna.gz,../ecoli_genomes/GCF_000619765.2_Ec2009C-3279_genomic.fna.gz,../ecoli_genomes/GCF_000687005.1_ASM68700v1_genomic.fna.gz,../ecoli_genomes/GCF_000687025.1_ASM68702v1_genomic.fna.gz,../ecoli_genomes/GCF_000700125.1_ASM70012v1_genomic.fna.gz,../ecoli_genomes/GCF_000753315.1_FHI35_genomic.fna.gz,../ecoli_genomes/GCF_000776375.1_ASM77637v1_genomic.fna.gz,../ecoli_genomes/GCF_000779395.1_ASM77939v1_genomic.fna.gz,../ecoli_genomes/GCF_000780315.1_ASM78031v1_genomic.fna.gz,../ecoli_genomes/GCF_000781995.1_ASM78199v1_genomic.fna.gz,../ecoli_genomes/GCF_000986765.1_ASM98676v1_genomic.fna.gz,../ecoli_genomes/GCF_001041375.1_ViralProj287958_genomic.fna.gz,../ecoli_genomes/GCF_001265335.1_302014_genomic.fna.gz,../ecoli_genomes/GCF_001265625.1_100854_genomic.fna.gz,../ecoli_genomes/GCF_001267345.1_303289_genomic.fna.gz,../ecoli_genomes/GCF_001309985.1_ASM130998v1_genomic.fna.gz,../ecoli_genomes/GCF_001521695.1_ASM152169v1_genomic.fna.gz,../ecoli_genomes/GCF_001592595.1_ASM159259v1_genomic.fna.gz,../ecoli_genomes/GCF_001614975.1_ASM161497v1_genomic.fna.gz,../ecoli_genomes/GCF_001692775.1_ASM169277v1_genomic.fna.gz,../ecoli_genomes/GCF_001748915.1_ASM174891v1_genomic.fna.gz,../ecoli_genomes/GCF_001749235.1_ASM174923v1_genomic.fna.gz,../ecoli_genomes/GCF_001881155.1_ASM188115v1_genomic.fna.gz,../ecoli_genomes/GCF_001881345.1_ASM188134v1_genomic.fna.gz,../ecoli_genomes/GCF_001892405.1_ASM189240v1_genomic.fna.gz,../ecoli_genomes/GCF_001892585.1_ASM189258v1_genomic.fna.gz,../ecoli_genomes/GCF_001893985.1_ASM189398v1_genomic.fna.gz,../ecoli_genomes/GCF_002001595.1_ASM200159v1_genomic.fna.gz,../ecoli_genomes/GCF_002002145.1_ASM200214v1_genomic.fna.gz
1.0,0.385548210478431,0.32205296062593003,0.327986803514583,0.3325926880143416,0.3583472773618992,0.3597190321475331,0.34321714499648714,0.4318160295559498,0.34669492210189123,0.37791331479390267,0.34717157369361973,0.36658002072828444,0.33287700353750604,0.31906289513523345,0.35489734981053866,0.34219676584300296,0.36893748841646123,0.33364631363549024,0.3629600900955947,0.3550810836878959,0.34363347662832167,0.3753116674918354,0.3452963587350202,0.3321239552822912,0.3357159474951663,0.3648963797708683,0.33778747436280354,0.38874907187360597,0.4351454442750129,0.3055494354863292,0.3529926913824347,0.0,0.35269482032515953,0.3626748235163818,0.3404800834199351,0.3379517359355184,0.3726091368639328,0.2865662788529222,0.374563095830018,0.31157730945913653,0.35549672213658823,0.3695640660532252,0.34360870305002633,0.35344939946867115,0.3635531786733893,0.3562498942428356,0.35748961053336425,0.32487618250271477,0.397154821734127
0.385548210478431,1.0,0.2967444550475452,0.3252082391541262,0.4182499519339862,0.5441259937220384,0.3905343078001001,0.33817664263639946,0.3488471721046259,0.3414970283573807,0.4705727738066363,0.34104396688340477,0.4635253683330923,0.32295323984846536,0.3144600687916581,0.38412216438061075,0.48151152711042466,0.45657596302591785,0.4049968849083948,0.39642404264896525,0.4460067581664533,0.41776029495483946,0.4624537727850455,0.5344548064726755,0.5102828971512254,0.47125846919900505,0.46058456100513,0.3350697644262097,0.36370133207131616,0.35960239248880743,0.3055990986682564,0.43669927128844355,0.0,0.4377183667842839,0.5757794040969757,0.3218165461036683,0.36437877370045324,0.4703342776112538,0.24451959305364745,0.46892858746270083,0.30985859101213253,0.5031972006226869,0.46723815887284914,0.3502054475416345,0.34948525149073784,0.33875134318343003,0.5061516771596509,0.5079332219084569,0.3370004367287779,0.3627881320447952
0.32205296062593003,0.2967444550475452,1.0,0.2580411124578512,0.26035919097938776,0.27103618582959466,0.27929560100345996,0.2656340704685367,0.3044011389279502,0.2678462201736239,0.2991217664750909,0.2616002452531704,0.2913933495277653,0.2633189376184142,0.2553688277195806,0.27746510016515447,0.2663348538996736,0.28942371188544114,0.2541303158960846,0.28506855742341297,0.2831064003452878,0.2703854151098517,0.29329150784053415,0.26365373773319034,0.2509523487532015,0.2605799983652878,0.29140488308591717,0.26558332258016026,0.3060068210437359,0.3079208450008837,0.24876835342370351,0.2737405143721541,0.0,0.2808588964657256,0.275217761171077,0.2719102099650704,0.26396107955965986,0.288350809321811,0.2033974893144591,0.29909671656312997,0.2553743621683432,0.2828537679777542,0.2957589355063638,0.2714531125782671,0.26738581241039505,0.28465401946754787,0.2912301990556888,0.29148376826604516,0.26851134365223217,0.31255525569014353
0.327986803514583,0.3252082391541262,0.2580411124578512,1.0,0.33290463825287564,0.31055918724497844,0.30792745640377883,0.5378309248087937,0.34166121529594073,0.5573947000886705,0.3191787546449111,0.5168968304583681,0.3359726446591754,0.5751868816515997,0.5968081869318641,0.3215016581549105,0.3184420207080184,0.3191838538699442,0.2790868956161241,0.3097822253774224,0.3049578599669521,0.2941100480207207,0.3263445950143177,0.3113892763278592,0.3043881644606611,0.3215719475141535,0.31288691643869093,0.5467327217570956,0.3438017738950475,0.33228439276137856,0.5488404353456027,0.3314222726434167,0.0,0.30192061903512146,0.30594823947634064,0.44891559990119045,0.30078922182416346,0.3101628957751592,0.37196824262653183,0.311506453856804,0.555897237990713,0.3058443635623245,0.3142162344756857,0.5514991307869569,0.5384293551758543,0.33535879882769193,0.30300558224656204,0.30514252613514803,0.4825846861677444,0.357505319851945
0.3325926880143416,0.4182499519339862,0.26035919097938776,0.33290463825287564,1.0,0.42260507284059456,0.3566569114490089,0.33114414680364623,0.36129573412470717,0.3495059746197039,0.5136920075504258,0.2920807002457694,0.5043436963128411,0.3094019203337327,0.33871334578080037,0.3937553255392553,0.45390321417507984,0.43867778222020826,0.38528304999489005,0.3599853874739174,0.44245196201471026,0.4008176754483358,0.4461866912686778,0.44326643652425457,0.42099451857189174,0.4447100090861118,0.45389890917221165,0.29136010332585927,0.3293010252642712,0.3449608240473615,0.32149400110912474,0.48568819819283415,0.0,0.43527774484269977,0.4186298437049274,0.2919476970828,0.36201781762871743,0.4739342380341871,0.24789836759525008,0.46771636408032247,0.32967253447609246,0.42660440388529364,0.4729341517563357,0.30220152193571714,0.3055270957564653,0.30689290438114925,0.4360532166246681,0.4359398838939875,0.29914906945806974,0.32809717660538673
0.3583472773618992,0.5441259937220384,0.27103618582959466,0.31055918724497844,0.42260507284059456,1.0,0.3999342094271383,0.3329926064975247,0.3353961940982313,0.31429394738396377,0.4820344732657682,0.3168377093447313,0.43509631048332287,0.3055067772289486,0.29805446963351934,0.4192579369891952,0.4810321287998818,0.44664933768250537,0.4137907286925915,0.3877657925920286,0.4206196103487805,0.48420287271817264,0.44269484098244594,0.5653031216491581,0.5601028240519725,0.517511794958859,0.425489558056503,0.30795114001759005,0.3492509712730034,0.3314064570013241,0.28925211234383286,0.4501078213263737,0.0,0.4288608662862662,0.570644997427783,0.3218547156507142,0.3711360191463534,0.45445030656278984,0.24930955067075222,0.4417339548249878,0.294939193303528,0.4824779837422244,0.44147676849711703,0.3244430522438595,0.32185709590792055,0.3262483967140217,0.48133798714252174,0.48323922896251414,0.30642773010069946,0.35021231819824905
0.3597190321475331,0.3905343078001001,0.27929560100345996,0.30792745640377883,0.3566569114490089,0.3999342094271383,1.0,0.31425334601748367,0.34532516029625815,0.30790031780589977,0.41108788802260887,0.308153224032628,0.39044476847079157,0.30394711605896996,0.297153689300207,0.7347079617595709,0.3755471728368406,0.43412257635636675,0.39667026057854693,0.8515673626915954,0.42808826342832285,0.40479151233601296,0.4393172622707655,0.38012462161411087,0.3622484173343268,0.3742825429463522,0.40258003288394306,0.30663502434525847,0.34363184785980005,0.3446721734404423,0.28249393528758504,0.38462713538306237,0.0,0.3904193769185852,0.40335071336322703,0.32769366799860566,0.759020524469797,0.38430862429713664,0.24597966053148113,0.3999916371719585,0.2832476556777376,0.3935149083031896,0.3999956591481447,0.31852784232368236,0.3175652505629062,0.31889370008178386,0.3829105750832672,0.3836989041799841,0.30088753201107565,0.3513962114229262
0.34321714499648714,0.33817664263639946,0.2656340704685367,0.5378309248087937,0.33114414680364623,0.3329926064975247,0.31425334601748367,1.0,0.3399939501352264,0.5467876783635807,0.3298475094573293,0.5089540780603512,0.34084413037404304,0.52209646205026,0.5143410489849702,0.322098765653298,0.3187686989141518,0.32715959651617244,0.2934469668687727,0.31444734237421146,0.31187676571962286,0.30491302743036797,0.33199668991824294,0.3264715565260421,0.3047317114368562,0.3230270591929656,0.3251952172384832,0.6891306651334248,0.3580342999893019,0.3356522666544144,0.5099438315769076,0.32721099476267745,0.0,0.31681611525809616,0.3194735955899284,0.45200600596872076,0.2986457983918933,0.3378718232514871,0.37067178585964133,0.3282672320969252,0.5165683206645115,0.3194033904570658,0.32548372635750156,0.7005821810814836,0.6741958154640552,0.3436743641702953,0.3115561533686807,0.31355691352405957,0.480000193307932,0.3621838066492671
0.4318160295559498,0.3488471721046259,0.3044011389279502,0.34166121529594073,0.36129573412470717,0.3353961940982313,0.34532516029625815,0.3399939501352264,1.0,0.36164508754074987,0.3614868635188422,0.3189556553085162,0.3755844724045483,0.33576480336058045,0.342232320574389,0.3577106980909961,0.34332632083657866,0.3493154805732581,0.3041197594060423,0.3518226194862397,0.34203998583493145,0.32523588714888507,0.356237031558609,0.3502385337609497,0.32264568380493686,0.34170605487785877,0.3551401768350635,0.3202323685269697,0.37656328142687057,0.4536570145671658,0.32981838861182344,0.35029023322671593,0.0,0.33933975814217776,0.34177439657848296,0.33166628089932315,0.3340453782826819,0.34895955567807,0.2532302467400668,0.3623853186198135,0.33196704622830764,0.34659822112529715,0.36530961151538066,0.32838071199391483,0.32220144116806315,0.35726742873335304,0.337987938501917,0.33892390454965504,0.3210238992282548,0.3883113067203099
0.34669492210189123,0.3414970283573807,0.2678462201736239,0.5573947000886705,0.3495059746197039,0.31429394738396377,0.30790031780589977,0.5467876783635807,0.36164508754074987,1.0,0.33579051562200524,0.5002278983595981,0.3544352834310891,0.5384920938583065,0.5440115257777818,0.32462453471025077,0.3230162724891983,0.32605515568529364,0.28208462015572977,0.31325312369297653,0.31115850003903056,0.2955934613384449,0.3278445436104417,0.3186132146784336,0.3090214961195018,0.32537667564910655,0.32471318477980315,0.5303143767280734,0.3563746294886011,0.34779018333589473,0.5601302465345691,0.3317407035238399,0.0,0.31031511712088744,0.31248768928696813,0.46484277849612365,0.2993770916396815,0.3235441270794637,0.37572628179433787,0.3329695806825814,0.5621068977226035,0.3223627247350279,0.327108117050682,0.538589506321326,0.5383693315095921,0.34141873669495537,0.31777018533488466,0.31901827560464946,0.5009306670934606,0.3594453778739649
0.37791331479390267,0.4705727738066363,0.2991217664750909,0.3191787546449111,0.5136920075504258,0.4820344732657682,0.41108788802260887,0.3298475094573293,0.3614868635188422,0.33579051562200524,1.0,0.32727624083529494,0.5422725941957474,0.3276927445439183,0.3115464228335021,0.4129039201515802,0.43881442243265434,0.5278529856090264,0.46512054974767925,0.41131621182596834,0.5172415288164237,0.524403710297437,0.529006522236643,0.45679719167819377,0.42662293194419076,0.45971993150688206,0.5318401962412056,0.32744843014368163,0.3562814673861414,0.36755831834376407,0.3036023137167134,0.4909531312827974,0.0,0.496843602267788,0.4770557725471062,0.3377780609363401,0.38055494432168413,0.5249894972423516,0.24908696671395836,0.5545480274431315,0.3079766057312763,0.4790736714604604,0.5431795816970124,0.3364711213504167,0.3341041361453544,0.33967996373478904,0.4811728594848623,0.4821194984071323,0.32915096771835506,0.3687592159816385
0.34717157369361973,0.34104396688340477,0.2616002452531704,0.5168968304583681,0.2920807002457694,0.3168377093447313,0.308153224032628,0.5089540780603512,0.3189556553085162,0.5002278983595981,0.32727624083529494,1.0,0.3195652277546088,0.5245525931746287,0.5920224601299678,0.30601124092812726,0.29978669426665305,0.3136307157438082,0.2929575329707903,0.3075392999021851,0.3094947701076939,0.3063580199202628,0.32219992466211766,0.3079256319477116,0.29186957658061363,0.3016805923391146,0.31387062566322854,0.5156444046512407,0.36219613222537195,0.32628053206677254,0.4595574811953663,0.3070373262242785,0.0,0.30663904720152146,0.3171591680427873,0.437949730997934,0.2873659940121388,0.3199771918021759,0.3640393655192329,0.31816671805707897,0.4774130148894852,0.3060056737669633,0.32135973004596385,0.5253426773384995,0.522050840229652,0.3420342706185615,0.30914379686770155,0.3103293709000482,0.4645056652744144,0.35330647825672723
0.36658002072828444,0.4635253683330923,0.2913933495277653,0.3359726446591754,0.5043436963128411,0.43509631048332287,0.39044476847079157,0.34084413037404304,0.3755844724045483,0.3544352834310891,0.5422725941957474,0.3195652277546088,1.0,0.3267223706256278,0.3371617842376281,0.4031326403957375,0.4420136956557853,0.5325719742173716,0.5154424483920245,0.3982473912371385,0.5348230834969139,0.5411539040677507,0.5848377711582449,0.4388333612624571,0.4072732794524191,0.4344458055867936,0.5681286215756816,0.3215381271626869,0.3539660772234954,0.37311590387252136,0.32278978205478126,0.538581130131915,0.0,0.5443988732560856,0.453538568855827,0.32361301415579924,0.381326697439653,0.5377239029613432,0.2484915034128541,0.5790575421539153,0.32669729145528137,0.4639554130833775,0.5661026024148381,0.3268653020474208,0.32267655195472966,0.3275922840469687,0.4677962852918566,0.4683444419836682,0.32228671963767963,0.3599895560405232
0.33287700353750604,0.32295323984846536,0.2633189376184142,0.5751868816515997,0.3094019203337327,0.3055067772289486,0.30394711605896996,0.52209646205026,0.33576480336058045,0.5384920938583065,0.3276927445439183,0.5245525931746287,0.3267223706256278,1.0,0.5815942362469506,0.3047019809126885,0.3035084860449334,0.32225677742811154,0.2811672760747108,0.3096235431424543,0.3040101933280762,0.2944588846400453,0.32640214156292524,0.2956733791516488,0.28489746793211823,0.29723584385553725,0.3181133778093671,0.5528067114788333,0.35490811358260843,0.3284370147897595,0.5179998411252188,0.3136309263598298,0.0,0.30435478351855694,0.30537275966948063,0.45925284001999545,0.2922764353570545,0.31634976991460495,0.3739779810492766,0.3194965058193461,0.5340055589331809,0.31025437721812266,0.3179151818940956,0.5525434843207946,0.5378550713349497,0.3466361730505375,0.3060050431171245,0.3084825374301805,0.4948493420250133,0.36576199107686624
0.31906289513523345,0.3144600687916581,0.2553688277195806,0.5968081869318641,0.33871334578080037,0.29805446963351934,0.297153689300207,0.5143410489849702,0.342232320574389,0.5440115257777818,0.3115464228335021,0.5920224601299678,0.3371617842376281,0.5815942362469506,1.0,0.31379590368612276,0.31817472149462456,0.3078062334567221,0.27031605358835153,0.30273946878763425,0.2977631956104049,0.28073426789961076,0.3194547479489619,0.30195304173701465,0.29524843760439723,0.31217686410245926,0.3073492876646555,0.5155099734384785,0.34375826019183386,0.3291879158305552,0.536376078818992,0.32573606955212875,0.0,0.297112424148245,0.298691181181309,0.43735935821062044,0.2973834009483447,0.307681069498811,0.3618666622665878,0.3108672828063319,0.5458554544029561,0.3025338413136984,0.3133625282831468,0.5190473324973731,0.5056420427316443,0.33720283998455736,0.30589377429570663,0.30799688410381876,0.4710546252596024,0.3598446030622331
0.35489734981053866,0.38412216438061075,0.27746510016515447,0.3215016581549105,0.3937553255392553,0.4192579369891952,0.7347079617595709,0.322098765653298,0.3577106980909961,0.32462453471025077,0.4129039201515802,0.30601124092812726,0.4031326403957375,0.3047019809126885,0.31379590368612276,1.0,0.38953015585631545,0.40858934848618933,0.4016704599884908,0.7365927202277159,0.40163868491980714,0.4183904552593266,0.41430669555905086,0.40164744719296797,0.38951496049821044,0.4208581526117975,0.3856938179613125,0.29920697048559464,0.3351694507086336,0.35116707173222395,0.2955066653468327,0.40175543847485995,0.0,0.3790286418040534,0.3992959387709891,0.32140311142606526,0.7299901959690253,0.3832511497536163,0.23572775905632137,0.3902463747071846,0.2986948190565094,0.3826423198265049,0.3892288293122733,0.3103640744217945,0.31125229572659474,0.31267989191761536,0.37616012967604073,0.37609148234461875,0.2987613061765615,0.3414036090261089
0.34219676584300296,0.48151152711042466,0.2663348538996736,0.3184420207080184,0.45390321417507984,0.4810321287998818,0.3755471728368406,0.3187686989141518,0.34332632083657866,0.3230162724891983,0.43881442243265434,0.29978669426665305,0.4420136956557853,0.3035084860449334,0.31817472149462456,0.38953015585631545,1.0,0.4231701894286751,0.37857893321837854,0.3722744244400923,0.41334744685154245,0.41100424054646756,0.43586054929096163,0.5366292202512235,0.5054331845113575,0.5076335277510926,0.4258004079146983,0.29708890091490425,0.33783748020615334,0.3330463857715765,0.29855334584104587,0.4914761428380833,0.0,0.4296243189715341,0.48738830081885465,0.31058667328215883,0.36746024197100435,0.4229826170958214,0.233800166986027,0.432194349090253,0.2965212151718183,0.46403717884165707,0.4349941192643654,0.3103475382106565,0.3174755610997302,0.3107761068492242,0.47318626599451197,0.4765561822170612,0.29351556068675533,0.3408560607680796
0.36893748841646123,0.45657596302591785,0.28942371188544114,0.3191838538699442,0.43867778222020826,0.44664933768250537,0.43412257635636675,0.32715959651617244,0.3493154805732581,0.32605515568529364,0.5278529856090264,0.3136307157438082,0.5325719742173716,0.32225677742811154,0.3078062334567221,0.40858934848618933,0.4231701894286751,1.0,0.5176210979620668,0.4329873496063963,0.5524031426570652,0.5215983709710477,0.5734739531387286,0.42785873302125477,0.39307622894549865,0.41914899003716466,0.5393276384401302,0.32380961070116887,0.35782740342803343,0.3573367412186137,0.3000631353367904,0.4865292870947656,0.0,0.5050383046230571,0.4558922771405448,0.34313012581811586,0.4043406901555332,0.5020605930598945,0.253907956295331,0.5363934803564244,0.3005846683329675,0.4667991468515401,0.5285319254741137,0.3285644391669792,0.3244516260037785,0.32775339016310034,0.46125666428736534,0.4619611335852407,0.3171360152082905,0.362380539467439
0.33364631363549024,0.4049968849083948,0.2541303158960846,0.2790868956161241,0.38528304999489005,0.4137907286925915,0.39667026057854693,0.2934469668687727,0.3041197594060423,0.28208462015572977,0.46512054974767925,0.2929575329707903,0.5154424483920245,0.2811672760747108,0.27031605358835153,0.4016704599884908,0.37857893321837854,0.5176210979620668,1.0,0.38665081244863353,0.49759944742998696,0.5233719202051541,0.5007673564822983,0.38481110813784947,0.3702971580292135,0.3840433137799186,0.47351281806039747,0.28397069750188686,0.3234636736713592,0.3143696159472932,0.2581965771899456,0.47114318451625425,0.0,0.4564150983746923,0.41651814856473,0.30310897201088083,0.389115885008694,0.4544127532445361,0.2301792683509578,0.478432917002762,0.2604404068194798,0.41092311051110475,0.4728156643868746,0.29490245945206084,0.2914803871858588,0.2904109050639746,0.4037811367261406,0.4043667843766522,0.27900701307276154,0.3185929173224096
0.3629600900955947,0.39642404264896525,0.28506855742341297,0.3097822253774224,0.3599853874739174,0.3877657925920286,0.8515673626915954,0.31444734237421146,0.3518226194862397,0.31325312369297653,0.41131621182596834,0.3075392999021851,0.3982473912371385,0.3096235431424543,0.30273946878763425,0.7365927202277159,0.3722744244400923,0.4329873496063963,0.38665081244863353,1.0,0.4287775912062052,0.3939469488497729,0.4391043623599128,0.3713611985900327,0.3521249283226303,0.3645281065300956,0.40520513246552026,0.31144184276445286,0.345796098532796,0.35320893419480837,0.2892189210570866,0.38033789676711693,0.0,0.38783122182847296,0.3996655073997797,0.3286090001010453,0.7671428973325577,0.38605484328718054,0.24367712664450192,0.4076127060240665,0.28987256650017756,0.39623379251658664,0.40628446212341784,0.3188443131388329,0.3166921587819359,0.32611988476287457,0.3888277626683312,0.3893497319007322,0.3079618921400292,0.35508027056412683
0.3550810836878959,0.4460067581664533,0.2831064003452878,0.3049578599669521,0.44245196201471026,0.4206196103487805,0.42808826342832285,0.31187676571962286,0.34203998583493145,0.31115850003903056,0.5172415288164237,0.3094947701076939,0.5348230834969139,0.3040101933280762,0.2977631956104049,0.40163868491980714,0.41334744685154245,0.5524031426570652,0.49759944742998696,0.4287775912062052,1.0,0.5130139135823675,0.5732603543098391,0.4139329470983052,0.38215343750330144,0.4084874076481836,0.5413933071780573,0.31060074997094256,0.33997689154894284,0.3490077641532473,0.2870653858944687,0.49240130270873683,0.0,0.5184640695491674,0.443086700525385,0.32716440626220156,0.40178609748913097,0.5088902724226043,0.24539638812910924,0.5426549916352471,0.2921138444688305,0.43747681598755617,0.5312512354458219,0.31853603255861507,0.3169207718609999,0.3251283536526103,0.45373255797607004,0.45474179048854635,0.30726366327855015,0.3493548898413853
0.34363347662832167,0.41776029495483946,0.2703854151098517,0.2941100480207207,0.4008176754483358,0.48420287271817264,0.40479151233601296,0.30491302743036797,0.32523588714888507,0.2955934613384449,0.524403710297437,0.3063580199202628,0.5411539040677507,0.2944588846400453,0.28073426789961076,0.4183904552593266,0.41100424054646756,0.5215983709710477,0.5233719202051541,0.3939469488497729,0.5130139135823675,1.0,0.6538663923092258,0.43315466251184354,0.4177244393381009,0.4490178423356578,0.49999175131442,0.29834880322253365,0.3219968699051774,0.32282678467317616,0.27077887957008473,0.4948055645430077,0.0,0.5752417840700433,0.43654172174454486,0.3156877378255063,0.37303953723564076,0.4997758064445085,0.23449111656695376,0.5120274736122239,0.2722833233102465,0.4244661009795665,0.5085713156836924,0.3104528680137808,0.3041443122134616,0.3080850661818487,0.41804743370728836,0.4180931071672097,0.29089183558472664,0.3339491593239199
0.3753116674918354,0.4624537727850455,0.29329150784053415,0.3263445950143177,0.4461866912686778,0.44269484098244594,0.4393172622707655,0.33199668991824294,0.356237031558609,0.3278445436104417,0.529006522236643,0.32219992466211766,0.5848377711582449,0.32640214156292524,0.3194547479489619,0.41430669555905086,0.43586054929096163,0.5734739531387286,0.5007673564822983,0.4391043623599128,0.5732603543098391,0.6538663923092258,1.0,0.4223306235415558,0.403573089460076,0.4172729335379485,0.5635936956527048,0.3272482405992262,0.35586426761029455,0.3557995339719694,0.3064311814048344,0.5168402779968182,0.0,0.6257752510015501,0.45467175702283436,0.3389094741935016,0.4108748144400145,0.5268870997625149,0.2557352040956037,0.5604233410950695,0.3083551196694091,0.46028776584361697,0.556614067076691,0.3348374722204146,0.33235311395576317,0.3307133942629825,0.45840349590933593,0.45991471847837595,0.3203280972475011,0.36141014559226103
0.3452963587350202,0.5344548064726755,0.26365373773319034,0.3113892763278592,0.44326643652425457,0.5653031216491581,0.38012462161411087,0.3264715565260421,0.3502385337609497,0.3186132146784336,0.45679719167819377,0.3079256319477116,0.4388333612624571,0.2956733791516488,0.30195304173701465,0.40164744719296797,0.5366292202512235,0.42785873302125477,0.38481110813784947,0.3713611985900327,0.4139329470983052,0.43315466251184354,0.4223306235415558,1.0,0.5460592525877662,0.5216035795270695,0.42341706367277543,0.2941959396063145,0.3357360012373335,0.3357595075479972,0.29591085825504826,0.4509216805651556,0.0,0.4125341570403799,0.5595413581854359,0.30419139761017655,0.3614736659678963,0.42803146589890784,0.22361708187833063,0.42633239542614265,0.2977073024197199,0.4712527019967512,0.4245208176024513,0.3094333528981963,0.30995452614771524,0.3055708453708256,0.4588530176172011,0.45931481242186745,0.29072750959482263,0.3323674054081571
0.3321239552822912,0.5102828971512254,0.2509523487532015,0.3043881644606611,0.42099451857189174,0.5601028240519725,0.3622484173343268,0.3047317114368562,0.32264568380493686,0.3090214961195018,0.42662293194419076,0.29186957658061363,0.4072732794524191,0.28489746793211823,0.29524843760439723,0.38951496049821044,0.5054331845113575,0.39307622894549865,0.3702971580292135,0.3521249283226303,0.38215343750330144,0.4177244393381009,0.403573089460076,0.5460592525877662,1.0,0.5256786409985087,0.389161853940149,0.2793915975080261,0.31268138507969623,0.30686445377980054,0.27972216925654303,0.46473311073484436,0.0,0.393153995731258,0.5329584819317776,0.2903250686985601,0.35164356535472674,0.405382145012982,0.22452960988484494,0.3970092724346075,0.28394271599250565,0.43980571902208043,0.40253441887489283,0.30512442630953585,0.3069737027610199,0.30264428287310563,0.43347208785730995,0.43441742206648903,0.2885997237920659,0.31783036313591795
0.3357159474951663,0.47125846919900505,0.2605799983652878,0.3215719475141535,0.4447100090861118,0.517511794958859,0.3742825429463522,0.3230270591929656,0.34170605487785877,0.32537667564910655,0.45971993150688206,0.3016805923391146,0.4344458055867936,0.29723584385553725,0.31217686410245926,0.4208581526117975,0.5076335277510926,0.41914899003716466,0.3840433137799186,0.3645281065300956,0.4084874076481836,0.4490178423356578,0.4172729335379485,0.5216035795270695,0.5256786409985087,1.0,0.4128735432651641,0.2901855727462288,0.3146006102514646,0.3291971138445712,0.29516599292577206,0.4460824307096064,0.0,0.40004511644197016,0.4939718529639705,0.30495307949219796,0.36125710968269154,0.42123322114616213,0.23083522394617906,0.42513988525501445,0.3003454089816756,0.4609359498662444,0.41434473136939565,0.31713706804540864,0.3111093872977344,0.30310901240704113,0.4595626118486331,0.4598707909370041,0.299037389501851,0.32452562487657544
0.3648963797708683,0.46058456100513,0.29140488308591717,0.31288691643869093,0.45389890917221165,0.425489558056503,0.40258003288394306,0.3251952172384832,0.3551401768350635,0.32471318477980315,0.5318401962412056,0.31387062566322854,0.5681286215756816,0.3181133778093671,0.3073492876646555,0.3856938179613125,0.4258004079146983,0.5393276384401302,0.47351281806039747,0.40520513246552026,0.5413933071780573,0.49999175131442,0.5635936956527048,0.42341706367277543,0.389161853940149,0.4128735432651641,1.0,0.3180086324849464,0.3510730891180832,0.3582194974853581,0.30053690857176407,0.5112057532204786,0.0,0.5158328659272317,0.4542985035790461,0.32373362467574707,0.37580667984320837,0.6019214300603264,0.23956160492795375,0.5759249001255228,0.302103517504267,0.46287163909878437,0.6407374246517783,0.33013195213422786,0.3217284322522035,0.3321054198135972,0.4587585087256011,0.4594713067367663,0.3175627924645642,0.36015673234602164
0.33778747436280354,0.3350697644262097,0.26558332258016026,0.5467327217570956,0.29136010332585927,0.30795114001759005,0.30663502434525847,0.6891306651334248,0.3202323685269697,0.5303143767280734,0.32744843014368163,0.5156444046512407,0.3215381271626869,0.5528067114788333,0.5155099734384785,0.29920697048559464,0.29708890091490425,0.32380961070116887,0.28397069750188686,0.31144184276445286,0.31060074997094256,0.29834880322253365,0.3272482405992262,0.2941959396063145,0.2793915975080261,0.2901855727462288,0.3180086324849464,1.0,0.356728717805755,0.32590635453650374,0.49524596121607123,0.30846852351288534,0.0,0.3079389443953827,0.3097574282815574,0.45204132140506015,0.28680064776665803,0.32791774724763345,0.36285978631955196,0.3216704715826658,0.5088466311966118,0.3128814710736958,0.31767282840472155,0.7983914299441891,0.7504626563814816,0.3420885214636995,0.3121707435919068,0.31395538123060185,0.4953158355496088,0.3581561359318661
0.38874907187360597,0.36370133207131616,0.3060068210437359,0.3438017738950475,0.3293010252642712,0.3492509712730034,0.34363184785980005,0.3580342999893019,0.37656328142687057,0.3563746294886011,0.3562814673861414,0.36219613222537195,0.3539660772234954,0.35490811358260843,0.34375826019183386,0.3351694507086336,0.33783748020615334,0.35782740342803343,0.3234636736713592,0.345796098532796,0.33997689154894284,0.3219968699051774,0.35586426761029455,0.3357360012373335,0.31268138507969623,0.3146006102514646,0.3510730891180832,0.356728717805755,1.0,0.36885728156626896,0.3338924352636088,0.3428751984890416,0.0,0.3418126223876242,0.34553584695441597,0.35628318088657807,0.3224879834926586,0.3519293876217148,0.2733702980296572,0.3562401464665752,0.33119980321386033,0.3469943009659353,0.35593425949832036,0.3595326399668419,0.35662582625668127,0.42893843892544237,0.34439210165104817,0.3447780229689591,0.34152697192128,0.6244506418786888
0.4351454442750129,0.35960239248880743,0.3079208450008837,0.33228439276137856,0.3449608240473615,0.3314064570013241,0.3446721734404423,0.3356522666544144,0.4536570145671658,0.34779018333589473,0.36755831834376407,0.32628053206677254,0.37311590387252136,0.3284370147897595,0.3291879158305552,0.35116707173222395,0.3330463857715765,0.3573367412186137,0.3143696159472932,0.35320893419480837,0.3490077641532473,0.32282678467317616,0.3557995339719694,0.3357595075479972,0.30686445377980054,0.3291971138445712,0.3582194974853581,0.32590635453650374,0.36885728156626896,1.0,0.3206166738323488,0.3367795021628386,0.0,0.3360633161726224,0.34727546435233947,0.33359976251741175,0.3301137484439145,0.35074136349292195,0.2879582239749009,0.37108086429511167,0.3262438052449931,0.351425966647003,0.36330535749546644,0.33113203343061326,0.3268450410516407,0.36675184778823156,0.3521636727987122,0.35341682967032684,0.32441932908023796,0.3908932066938472
0.3055494354863292,0.3055990986682564,0.24876835342370351,0.5488404353456027,0.32149400110912474,0.28925211234383286,0.28249393528758504,0.5099438315769076,0.32981838861182344,0.5601302465345691,0.3036023137167134,0.4595574811953663,0.32278978205478126,0.5179998411252188,0.536376078818992,0.2955066653468327,0.29855334584104587,0.3000631353367904,0.2581965771899456,0.2892189210570866,0.2870653858944687,0.27077887957008473,0.3064311814048344,0.29591085825504826,0.27972216925654303,0.29516599292577206,0.30053690857176407,0.49524596121607123,0.3338924352636088,0.3206166738323488,1.0,0.30887170667022523,0.0,0.287601958498901,0.28560202978445304,0.42743089634290043,0.27694102767774587,0.2946330289246091,0.34444553895498453,0.303308422872263,0.6655299726107686,0.293185271779401,0.29764893132925363,0.5021634938247985,0.49006481675736435,0.3199726379732264,0.2893660687897892,0.29087882934373177,0.4591668685224263,0.3355863661097894
0.3529926913824347,0.43669927128844355,0.2737405143721541,0.3314222726434167,0.48568819819283415,0.4501078213263737,0.38462713538306237,0.32721099476267745,0.35029023322671593,0.3317407035238399,0.4909531312827974,0.3070373262242785,0.538581130131915,0.3136309263598298,0.32573606955212875,0.40175543847485995,0.4914761428380833,0.4865292870947656,0.47114318451625425,0.38033789676711693,0.49240130270873683,0.4948055645430077,0.5168402779968182,0.4509216805651556,0.46473311073484436,0.4460824307096064,0.5112057532204786,0.30846852351288534,0.3428751984890416,0.3367795021628386,0.30887170667022523,1.0,0.0,0.4897467613171613,0.4366632405148706,0.3102628541632043,0.38019542419330743,0.5094340912439173,0.24065912245529664,0.5195981266060639,0.30380498730320726,0.4377463213894044,0.5184500412360773,0.31613454783747696,0.32060130796346153,0.31769456107568605,0.4450902453922102,0.44684745102160583,0.29646541071974064,0.3411028740705474
0.0,0.0,0.0,0.0,0.0,0.0,0.0,0.0,0.0,0.0,0.0,0.0,0.0,0.0,0.0,0.0,0.0,0.0,0.0,0.0,0.0,0.0,0.0,0.0,0.0,0.0,0.0,0.0,0.0,0.0,0.0,0.0,1.0,0.0,0.0,0.0,0.0,0.0,0.0,0.0,0.0,0.0,0.0,0.0,0.0,0.0,0.0,0.0,0.0,0.0
0.35269482032515953,0.4377183667842839,0.2808588964657256,0.30192061903512146,0.43527774484269977,0.4288608662862662,0.3904193769185852,0.31681611525809616,0.33933975814217776,0.31031511712088744,0.496843602267788,0.30663904720152146,0.5443988732560856,0.30435478351855694,0.297112424148245,0.3790286418040534,0.4296243189715341,0.5050383046230571,0.4564150983746923,0.38783122182847296,0.5184640695491674,0.5752417840700433,0.6257752510015501,0.4125341570403799,0.393153995731258,0.40004511644197016,0.5158328659272317,0.3079389443953827,0.3418126223876242,0.3360633161726224,0.287601958498901,0.4897467613171613,0.0,1.0,0.4357497614274851,0.33282928176555693,0.3674962996416472,0.49746560217532454,0.25597425214697,0.5247593816486475,0.2930831118199331,0.4415260467491221,0.5368871073716167,0.3142918588223468,0.316497027522493,0.3152397236503013,0.44180145503566837,0.4432168753612653,0.3016129386130745,0.3489533962849397
0.3626748235163818,0.5757794040969757,0.275217761171077,0.30594823947634064,0.4186298437049274,0.570644997427783,0.40335071336322703,0.3194735955899284,0.34177439657848296,0.31248768928696813,0.4770557725471062,0.3171591680427873,0.453538568855827,0.30537275966948063,0.298691181181309,0.3992959387709891,0.48738830081885465,0.4558922771405448,0.41651814856473,0.3996655073997797,0.443086700525385,0.43654172174454486,0.45467175702283436,0.5595413581854359,0.5329584819317776,0.4939718529639705,0.4542985035790461,0.3097574282815574,0.34553584695441597,0.34727546435233947,0.28560202978445304,0.4366632405148706,0.0,0.4357497614274851,1.0,0.3183463737171245,0.3749266221487809,0.44657013613263974,0.24017622403214045,0.4616837945002147,0.28897708953175294,0.509518044292973,0.46256592075511627,0.31982092638728654,0.3198231368775759,0.32214388782445136,0.49519562941469886,0.49645026945438986,0.30921030346017,0.3488634531298723
0.3404800834199351,0.3218165461036683,0.2719102099650704,0.44891559990119045,0.2919476970828,0.3218547156507142,0.32769366799860566,0.45200600596872076,0.33166628089932315,0.46484277849612365,0.3377780609363401,0.437949730997934,0.32361301415579924,0.45925284001999545,0.43735935821062044,0.32140311142606526,0.31058667328215883,0.34313012581811586,0.30310897201088083,0.3286090001010453,0.32716440626220156,0.3156877378255063,0.3389094741935016,0.30419139761017655,0.2903250686985601,0.30495307949219796,0.32373362467574707,0.45204132140506015,0.35628318088657807,0.33359976251741175,0.42743089634290043,0.3102628541632043,0.0,0.33282928176555693,0.3183463737171245,1.0,0.3070455480924891,0.3192399764207102,0.38123473621751847,0.3323930466017778,0.43343012278259796,0.3183391585579377,0.32368869820969937,0.46351803647010914,0.46186006205584784,0.3391387585263589,0.3121761173300034,0.3134165326356364,0.45237037216811304,0.3651791557243971
0.3379517359355184,0.36437877370045324,0.26396107955965986,0.30078922182416346,0.36201781762871743,0.3711360191463534,0.759020524469797,0.2986457983918933,0.3340453782826819,0.2993770916396815,0.38055494432168413,0.2873659940121388,0.381326697439653,0.2922764353570545,0.2973834009483447,0.7299901959690253,0.36746024197100435,0.4043406901555332,0.389115885008694,0.7671428973325577,0.40178609748913097,0.37303953723564076,0.4108748144400145,0.3614736659678963,0.35164356535472674,0.36125710968269154,0.37580667984320837,0.28680064776665803,0.3224879834926586,0.3301137484439145,0.27694102767774587,0.38019542419330743,0.0,0.3674962996416472,0.3749266221487809,0.3070455480924891,1.0,0.35929536240145943,0.22771631547374305,0.3742063923419946,0.2768175641760863,0.3676216041854862,0.37906362144935724,0.29631607308562913,0.2933473425825708,0.29765591888117615,0.36086922111307485,0.3611917666771738,0.2833083340824675,0.3274103068723714
0.3726091368639328,0.4703342776112538,0.288350809321811,0.3101628957751592,0.4739342380341871,0.45445030656278984,0.38430862429713664,0.3378718232514871,0.34895955567807,0.3235441270794637,0.5249894972423516,0.3199771918021759,0.5377239029613432,0.31634976991460495,0.307681069498811,0.3832511497536163,0.4229826170958214,0.5020605930598945,0.4544127532445361,0.38605484328718054,0.5088902724226043,0.4997758064445085,0.5268870997625149,0.42803146589890784,0.405382145012982,0.42123322114616213,0.6019214300603264,0.32791774724763345,0.3519293876217148,0.35074136349292195,0.2946330289246091,0.5094340912439173,0.0,0.49746560217532454,0.44657013613263974,0.3192399764207102,0.35929536240145943,1.0,0.25004643003937554,0.5550343804976086,0.30119022938126216,0.460358402996074,0.6391135205388945,0.33695908202088765,0.32593868118678015,0.33445097071896723,0.4703909748815216,0.47206170396855085,0.3253199536286403,0.3576603567928546
0.2865662788529222,0.24451959305364745,0.2033974893144591,0.37196824262653183,0.24789836759525008,0.24930955067075222,0.24597966053148113,0.37067178585964133,0.2532302467400668,0.37572628179433787,0.24908696671395836,0.3640393655192329,0.2484915034128541,0.3739779810492766,0.3618666622665878,0.23572775905632137,0.233800166986027,0.253907956295331,0.2301792683509578,0.24367712664450192,0.24539638812910924,0.23449111656695376,0.2557352040956037,0.22361708187833063,0.22452960988484494,0.23083522394617906,0.23956160492795375,0.36285978631955196,0.2733702980296572,0.2879582239749009,0.34444553895498453,0.24065912245529664,0.0,0.25597425214697,0.24017622403214045,0.38123473621751847,0.22771631547374305,0.25004643003937554,1.0,0.24897073832857708,0.3489426787256853,0.24270214822833802,0.24814831035004292,0.37093059101583215,0.3720714374302381,0.25148558606470395,0.23995202768764967,0.2410193542755087,0.3542906060762867,0.2863524273151318
0.374563095830018,0.46892858746270083,0.29909671656312997,0.311506453856804,0.46771636408032247,0.4417339548249878,0.3999916371719585,0.3282672320969252,0.3623853186198135,0.3329695806825814,0.5545480274431315,0.31816671805707897,0.5790575421539153,0.3194965058193461,0.3108672828063319,0.3902463747071846,0.432194349090253,0.5363934803564244,0.478432917002762,0.4076127060240665,0.5426549916352471,0.5120274736122239,0.5604233410950695,0.42633239542614265,0.3970092724346075,0.42513988525501445,0.5759249001255228,0.3216704715826658,0.3562401464665752,0.37108086429511167,0.303308422872263,0.5195981266060639,0.0,0.5247593816486475,0.4616837945002147,0.3323930466017778,0.3742063923419946,0.5550343804976086,0.24897073832857708,1.0,0.3067336602866091,0.4699144924770715,0.5844232763852519,0.3279296702508765,0.3286701055230803,0.33856467147247116,0.48520817436271013,0.48680700502719887,0.32193642781810117,0.3687065197201005
