../ecoli_genomes/GCF_000163235.1_ASM16323v1_genomic.fna.gz,../ecoli_genomes/GCF_000164555.1_ASM16455v1_genomic.fna.gz,../ecoli_genomes/GCF_000208545.1_ASM20854v2_genomic.fna.gz,../ecoli_genomes/GCF_000233875.1_ASM23387v1_genomic.fna.gz,../ecoli_genomes/GCF_000249735.1_ASM24973v2_genomic.fna.gz,../ecoli_genomes/GCF_000261145.1_Esch_coli_M919_V2_genomic.fna.gz,../ecoli_genomes/GCF_000267705.2_ASM26770v2_genomic.fna.gz,../ecoli_genomes/GCF_000350665.1_Esch_coli_KTE5_V1_genomic.fna.gz,../ecoli_genomes/GCF_000351625.1_Esch_coli_KTE66_V1_genomic.fna.gz,../ecoli_genomes/GCF_000352285.1_Esch_coli_KTE46_V1_genomic.fna.gz,../ecoli_genomes/GCF_000358895.1_ASM35889v1_genomic.fna.gz,../ecoli_genomes/GCF_000456385.1_Esch_coli_HVH_26_4-5703913_V1_genomic.fna.gz,../ecoli_genomes/GCF_000458195.1_Esch_coli_HVH_147_4-5893887_V1_genomic.fna.gz,../ecoli_genomes/GCF_000459755.1_Esch_coli_KOEGE_58_171a_V1_genomic.fna.gz,../ecoli_genomes/GCF_000460055.1_Esch_coli_UMEA_3053-1_V1_genomic.fna.gz,../ecoli_genomes/GCF_000462165.2_ASM46216v2_genomic.fna.gz,../ecoli_genomes/GCF_000601135.1_ASM60113v1_genomic.fna.gz,../ecoli_genomes/GCF_000614595.1_Ec2010EL1058_genomic.fna.gz,../ecoli_genomes/GCF_000617745.1_Ec2010C-4529_genomic.fna.gz,../ecoli_genomes/GCF_000618265.2_EcF6751_genomic.fna.gz,../ecoli_genomes/GCF_000619005.2_Ec2009C-4052_genomic.fna.gz,../ecoli_genomes/GCF_000619105.1_Ec2009C-4780_genomic.fna.gz,../ecoli_genomes/GCF_000619765.2_Ec2009C-3279_genomic.fna.gz,../ecoli_genomes/GCF_000687005.1_ASM68700v1_genomic.fna.gz,../ecoli_genomes/GCF_000687025.1_ASM68702v1_genomic.fna.gz,../ecoli_genomes/GCF_000700125.1_ASM70012v1_genomic.fna.gz,../ecoli_genomes/GCF_000753315.1_FHI35_genomic.fna.gz,../ecoli_genomes/GCF_000776375.1_ASM77637v1_genomic.fna.gz,../ecoli_genomes/GCF_000779395.1_ASM77939v1_genomic.fna.gz,../ecoli_genomes/GCF_000780315.1_ASM78031v1_genomic.fna.gz,../ecoli_genomes/GCF_000781995.1_ASM78199v1_genomic.fna.gz,../ecoli_genomes/GCF_000986765.1_ASM98676v1_genomic.fna.gz,../ecoli_genomes/GCF_001041375.1_ViralProj287958_genomic.fna.gz,../ecoli_genomes/GCF_001265335.1_302014_genomic.fna.gz,../ecoli_genomes/GCF_001265625.1_100854_genomic.fna.gz,../ecoli_genomes/GCF_001267345.1_303289_genomic.fna.gz,../ecoli_genomes/GCF_001309985.1_ASM130998v1_genomic.fna.gz,../ecoli_genomes/GCF_001521695.1_ASM152169v1_genomic.fna.gz,../ecoli_genomes/GCF_001592595.1_ASM159259v1_genomic.fna.gz,../ecoli_genomes/GCF_001614975.1_ASM161497v1_genomic.fna.gz,../ecoli_genomes/GCF_001692775.1_ASM169277v1_genomic.fna.gz,../ecoli_genomes/GCF_001748915.1_ASM174891v1_genomic.fna.gz,../ecoli_genomes/GCF_001749235.1_ASM174923v1_genomic.fna.gz,../ecoli_genomes/GCF_001881155.1_ASM188115v1_genomic.fna.gz,../ecoli_genomes/GCF_001881345.1_ASM188134v1_genomic.fna.gz,../ecoli_genomes/GCF_001892405.1_ASM189240v1_genomic.fna.gz,../ecoli_genomes/GCF_001892585.1_ASM189258v1_genomic.fna.gz,../ecoli_genomes/GCF_001893985.1_ASM189398v1_genomic.fna.gz,../ecoli_genomes/GCF_002001595.1_ASM200159v1_genomic.fna.gz,../ecoli_genomes/GCF_002002145.1_ASM200214v1_genomic.fna.gz
1.0,0.32073268500035923,0.25455926198559364,0.2822191271564104,0.28360411023353094,0.3211055795510238,0.3053795752147559,0.28852878641723334,0.3920729450284275,0.29662855678269373,0.31891683243464763,0.2908884158135756,0.3094586395336504,0.2683466770905336,0.26788086204858097,0.30958610578281764,0.2838634088645482,0.3021285525870352,0.28063932650666734,0.30392058665109356,0.29564106189189454,0.29857374629697486,0.30908109394860916,0.2979621092320194,0.28985384819936666,0.24534692938301916,0.3118796766000994,0.27350011593493806,0.3436585714959116,0.3889197780262713,0.26240595773329956,0.3131054254540445,0.0,0.31033175100359633,0.31188887843798196,0.27503645024937884,0.29197117263759687,0.3239759305559071,0.2436357883171829,0.3109372159808774,0.2692928235922264,0.3061217264922541,0.31462057256096376,0.28541321855296586,0.2973097628381681,0.31762508588473215,0.3006854915197431,0.30070218110823077,0.27136975638555316,0.3503723859561463
0.32073268500035923,1.0,0.23190219396859435,0.26838905438174354,0.3629926371107287,0.5691060101660889,0.35125608258670504,0.27777663178808665,0.3010936562062514,0.2802258275324817,0.4307615785257862,0.279608503915882,0.412714846585036,0.26458004961261006,0.2571361019644174,0.35524604330995724,0.36952834851494576,0.42753364794140536,0.3741066190773825,0.3581153670738966,0.40831631506094657,0.4019249339183,0.4208015159332973,0.49607427250250047,0.4601752196808574,0.28918296696984713,0.4202529072289779,0.2729184510378305,0.31187022439558065,0.3073790661274848,0.2540290059446856,0.394034901963877,0.0,0.41036684145212066,0.5743816055634503,0.2647533586894899,0.3341668609610583,0.4218061580018837,0.1965133299428108,0.4254771864785728,0.25710449329356466,0.4682446603997451,0.4251178347889536,0.2843144489132733,0.2878547663717157,0.29260664123362745,0.47434673499890245,0.48016805705694143,0.278343262167445,0.307863678452314
0.25455926198559364,0.23190219396859435,1.0,0.20402789928502085,0.19199520971576212,0.21985531854756668,0.2167064983800574,0.20919666473755494,0.24476214133267382,0.2116789862331544,0.2329083270314951,0.20512825181546068,0.22474281053490786,0.20370699423135297,0.19880108369048033,0.220326432135723,0.1699693331180666,0.22228027170470077,0.19841042403908937,0.22126928619479946,0.21910157261313967,0.2167713690872669,0.22571439486968103,0.1946103288951494,0.18085501328095932,0.13304463344596174,0.22406126043441488,0.20841499976107603,0.24874117823284736,0.25173526536128277,0.19926580558204243,0.21136932261692787,0.0,0.22208653968795333,0.21689052364680894,0.20712707214527393,0.209097484573726,0.2179746157497,0.1497368053509932,0.22893209728722008,0.20462427879993228,0.2218062167180398,0.2305224489382337,0.21290946561093882,0.21044728998756512,0.23402338935738787,0.2239213585919786,0.22655440910085156,0.21530388301325243,0.2511601727731594
0.2822191271564104,0.26838905438174354,0.20402789928502085,1.0,0.29678657503679573,0.2774274357126215,0.24944736692904546,0.5100456922356353,0.3072055548148279,0.535528944485486,0.26516341803080234,0.4913427030955475,0.291968691396569,0.5321121749856081,0.5735879630678824,0.2786759117900144,0.2383295606426954,0.25833107604290695,0.23241565471772396,0.25122815678139454,0.2502979361979256,0.2524256724048761,0.26928224938046286,0.26254067099277223,0.26212119546414503,0.194860126018069,0.2697645858413149,0.5091086916163368,0.3003704621099672,0.286272696011012,0.5167384126996039,0.28958505222889164,0.0,0.25963417360622454,0.2631898026768359,0.405846985752237,0.25343458612270675,0.2609241232758933,0.3383753233431599,0.2559490844354906,0.5390100643983156,0.2614317984782578,0.26365020029625885,0.5176727428405306,0.5112164446957473,0.29162795650073015,0.2552397842944014,0.2588650739088877,0.4473478937724885,0.308504170862002
0.28360411023353094,0.3629926371107287,0.19199520971576212,0.29678657503679573,1.0,0.40005282761414285,0.3030194108103156,0.28237403066914624,0.30831234332670565,0.3007983870503106,0.46855188439331485,0.24465897748269017,0.4637862567539882,0.26096039487771727,0.30170797033048535,0.35226258908675634,0.36475167509280293,0.3846847968835633,0.35137847954589185,0.29934149227460805,0.38406997838070844,0.37787895182260967,0.3916739020778768,0.4127280327474929,0.3860460633780638,0.2832181023485547,0.40522830051551384,0.23518112459866536,0.2811441339428228,0.2953769256833323,0.2802531116840261,0.4524883011285371,0.0,0.40413829068980034,0.376428752438152,0.23783665828799538,0.31591432713813405,0.42098248625072865,0.21814675228704994,0.4108289166524687,0.29187333308618435,0.3746187926103396,0.4176261642861473,0.24899679556856869,0.2545765952071931,0.2538307770903505,0.3823187027563082,0.38651703247215563,0.24632298529018748,0.2771984144464441
0.3211055795510238,0.5691060101660889,0.21985531854756668,0.2774274357126215,0.40005282761414285,1.0,0.3659213602413913,0.28826246828757573,0.30926654158217004,0.28237635564033203,0.4306828741111186,0.26906865766891064,0.42420694339744325,0.2641769033445347,0.2701789143412192,0.37271198509917114,0.4102855616670388,0.43371409714054976,0.38443916107891607,0.3641944011298427,0.40252749271862465,0.4073224022523755,0.42679957818037384,0.526656057445118,0.49638640932054356,0.3235026701107524,0.4201357398397294,0.26736968169196784,0.32206326965621834,0.30785462323001545,0.26024600876182846,0.42087211769777033,0.0,0.4282567568936505,0.580630134148125,0.2743944877698654,0.3545381370545524,0.42776638826189184,0.2438828722069536,0.42917633560805357,0.26579353634455316,0.47854799300983564,0.42745453097480013,0.2780390286030805,0.2819479423081601,0.2916608245570905,0.4841626944300951,0.4880617097593889,0.2688944460142667,0.3156412274104472
0.3053795752147559,0.35125608258670504,0.2167064983800574,0.24944736692904546,0.3030194108103156,0.3659213602413913,1.0,0.254955725626012,0.29284937140930156,0.2528538423845449,0.35274202540821853,0.24590588948402858,0.3471323092958011,0.24495781775549919,0.23932672634745678,0.7345424900222262,0.26989374325991755,0.38527059056539414,0.3553841434139545,0.8325565627511821,0.3859930668737944,0.36673577836667637,0.390992397290415,0.31207855180851274,0.2919626928752943,0.21596391734748455,0.35704669372383957,0.2458358185056756,0.2950400022642844,0.29725624451026866,0.23316572717841055,0.3355744720568927,0.0,0.36069582102654707,0.3594979512904617,0.2635251130520089,0.7818013691342041,0.3367400895503231,0.19523947222406168,0.3479634627510446,0.2344424077292686,0.3467394978654056,0.35438876494601024,0.25454291253485584,0.2551022278456415,0.26717234523483535,0.34073480912696574,0.34579048233276866,0.2470566869521693,0.29381710178561127
0.28852878641723334,0.27777663178808665,0.20919666473755494,0.5100456922356353,0.28237403066914624,0.28826246828757573,0.254955725626012,1.0,0.29598425959816244,0.5085987766857567,0.2675647578765953,0.4760232627290615,0.2901573422604715,0.47763514848169897,0.4913110487707466,0.2778041338254448,0.2385909885874149,0.26792775658724977,0.24437854466486586,0.256018915434319,0.25393416034577876,0.2580968833976478,0.26877315091255005,0.26856828114576814,0.2582073944351573,0.1952043339871562,0.27237208251269196,0.683347096152989,0.30968056549058554,0.2858797005318551,0.481697623035944,0.2832538831266418,0.0,0.2661874678288403,0.2671654562086324,0.4043533926925066,0.25354656740448933,0.282027098592184,0.3355040802000432,0.2630579337288872,0.48842157092879623,0.2695763904623726,0.27175693593499717,0.6974224808805913,0.6741000083635205,0.2946123372767093,0.2616184289900868,0.2655778528253271,0.4455676324046137,0.30928051313603633
0.3920729450284275,0.3010936562062514,0.24476214133267382,0.3072055548148279,0.30831234332670565,0.30926654158217004,0.29284937140930156,0.29598425959816244,1.0,0.3141476585611157,0.308093064724998,0.2704079233811453,0.3242760456875289,0.28023152577077726,0.29795244462132064,0.3204073026929699,0.24550269482457376,0.30000725260431493,0.2624409845839849,0.29722052185246217,0.2859629111304193,0.2855707445876595,0.29617676436454066,0.2890842459299753,0.270353666877144,0.20000614506650127,0.3076671457365828,0.267010259386948,0.3308179031777765,0.41601287085753225,0.2882287586147131,0.3081410464576445,0.0,0.29336689419652184,0.29752603432115876,0.2743746586714203,0.2926912570934843,0.29349247057555883,0.20537764881634757,0.30164651204841286,0.2924404913910721,0.3011380812150306,0.30894274654254494,0.27660399919809797,0.2745626186094957,0.3157949231746632,0.2911139136344586,0.2965091155102745,0.27217944068569966,0.3436532439066282
0.29662855678269373,0.2802258275324817,0.2116789862331544,0.535528944485486,0.3007983870503106,0.28237635564033203,0.2528538423845449,0.5085987766857567,0.3141476585611157,1.0,0.2767164046070453,0.4683292560488992,0.30337559565140515,0.4955171684456601,0.5156109706564285,0.28374549391230497,0.23055965939520506,0.2662066907204741,0.23758244977687015,0.25495095621247665,0.25595037901486295,0.2555059571203879,0.264674648706424,0.26052639681760825,0.25828497624432534,0.18889304526771067,0.27400791402484137,0.48591821168104576,0.3098199043461769,0.2981241405373698,0.5266163282379454,0.28467164184899096,0.0,0.26425356097782415,0.26898829973698757,0.41191907350749424,0.25604986205531677,0.2660168537843468,0.3335932910133791,0.26613705277101096,0.5385016916924615,0.2695611425548313,0.269326099108837,0.49929335183251167,0.5048968390353339,0.2961059237470638,0.2601729730145913,0.26480274799371717,0.46129243659368546,0.310738879159159
0.31891683243464763,0.4307615785257862,0.2329083270314951,0.26516341803080234,0.46855188439331485,0.4306828741111186,0.35274202540821853,0.2675647578765953,0.308093064724998,0.2767164046070453,1.0,0.2646331253021659,0.5246451325048485,0.2650567208685438,0.26070896918808584,0.35618122262117147,0.32100544584138546,0.4834591196244983,0.4480456005742438,0.35815774243678566,0.4752190157020597,0.4970101920329496,0.4979652201281006,0.38269271377172775,0.34555590112460777,0.25290279249232317,0.5045771228891791,0.263166484831848,0.30780530387202043,0.31666328912113206,0.2543490634333241,0.4470987397278573,0.0,0.4821043748974424,0.4291999873448754,0.2753752910239554,0.33879911225728865,0.4824415959373374,0.206734355056438,0.5137688629944452,0.2584247411806331,0.4438011785026531,0.5092172787608904,0.27059155536845925,0.27181744864446233,0.28625360589794113,0.4286691254737709,0.4360931454173408,0.27347210633502994,0.3168428335076888
0.2908884158135756,0.279608503915882,0.20512825181546068,0.4913427030955475,0.24465897748269017,0.26906865766891064,0.24590588948402858,0.4760232627290615,0.2704079233811453,0.4683292560488992,0.2646331253021659,1.0,0.2637544474962783,0.49047268097533225,0.5863753758975732,0.2523538411872601,0.2328291628545679,0.2551452269630219,0.23972240512673304,0.2461084920934664,0.24967837222629796,0.25381670174111903,0.2612399736750022,0.2567599107377202,0.24669516398768243,0.1907745623112863,0.26234655568289866,0.48328729021960937,0.30919226100786934,0.276565182532196,0.4422228939963877,0.26242828949772967,0.0,0.259944460679448,0.26060793996747456,0.3939697473263132,0.23733176656666533,0.2659498315724448,0.35543332618149637,0.2565995577783048,0.46043064727321537,0.256285268154851,0.26374333832382346,0.48832691413418905,0.48809899151767444,0.29328430145534734,0.26268819019248746,0.2618590722107347,0.427790323266382,0.3031492469886492
0.3094586395336504,0.412714846585036,0.22474281053490786,0.291968691396569,0.4637862567539882,0.42420694339744325,0.3471323092958011,0.2901573422604715,0.3242760456875289,0.30337559565140515,0.5246451325048485,0.2637544474962783,1.0,0.2700296626222908,0.28998158442443034,0.37946123213884075,0.3279097293225306,0.49303777283253625,0.48260769004151705,0.35208876812529044,0.49686352879645646,0.5531140233353857,0.5495952432084625,0.3862708627453151,0.35819986254588665,0.2606180126945653,0.5375325060479326,0.26308674808971144,0.3042534538319934,0.3254790821255257,0.2735015072211474,0.5063478747568075,0.0,0.5300052613258867,0.41987193795174804,0.26701197121253595,0.34755755667527977,0.4937099692797521,0.20185353414188956,0.5367902895101562,0.28252042550285217,0.4282529556165603,0.528367747220588,0.2703258230002742,0.2687030250218342,0.28268604338481296,0.41935207629561866,0.4263320280074113,0.26959664116761606,0.3110920614265068
0.2683466770905336,0.26458004961261006,0.20370699423135297,0.5321121749856081,0.26096039487771727,0.2641769033445347,0.24495781775549919,0.47763514848169897,0.28023152577077726,0.4955171684456601,0.2650567208685438,0.49047268097533225,0.2700296626222908,1.0,0.5510528585537386,0.25648850323316696,0.20781480749619774,0.25672353596566844,0.23163369634630726,0.24843714113547244,0.24563131452000309,0.2506517238993716,0.2612896705671339,0.2301730193253786,0.2228257966329289,0.16526307331772994,0.26599195046099566,0.5062056043351415,0.2995801665818618,0.2691758416290124,0.49677320264520397,0.26109779933726385,0.0,0.26284834996202266,0.25749915574672155,0.40655939246158945,0.23956545550131414,0.2602102840608118,0.32477240731434465,0.2560755266653051,0.5132675635529991,0.2545481773167446,0.2639146192448334,0.5050093459613139,0.4982916303999785,0.29460089573533343,0.25054258299361165,0.25552535285826694,0.45197601373335694,0.3078023680329437
0.26788086204858097,0.2571361019644174,0.19880108369048033,0.5735879630678824,0.30170797033048535,0.2701789143412192,0.23932672634745678,0.4913110487707466,0.29795244462132064,0.5156109706564285,0.26070896918808584,0.5863753758975732,0.28998158442443034,0.5510528585537386,1.0,0.27315545993349977,0.23002451144892222,0.2519883957789151,0.22545458470811341,0.24084804960211215,0.24129258741748094,0.24375713243943564,0.2575274739240837,0.2516840006987777,0.24706788243661648,0.18604115691553502,0.26017437373166763,0.4845051625935922,0.2956629224005437,0.2803602446277622,0.5153304118524165,0.2826045738281979,0.0,0.2549964622816132,0.2561950410888958,0.4003350970931989,0.24712519205263028,0.25573217101837953,0.32423414144923524,0.2495749116088598,0.5348659144882764,0.2548379495438231,0.25875320154044756,0.4901242729211871,0.4841034847667529,0.28799149420766135,0.2515080040983805,0.2577579161099297,0.43552472954515753,0.30816373185535906
0.30958610578281764,0.35524604330995724,0.220326432135723,0.2786759117900144,0.35226258908675634,0.37271198509917114,0.7345424900222262,0.2778041338254448,0.3204073026929699,0.28374549391230497,0.35618122262117147,0.2523538411872601,0.37946123213884075,0.25648850323316696,0.27315545993349977,1.0,0.28650800635242823,0.37127622507177227,0.3479392095839975,0.7406338656740555,0.36692818554686246,0.3630239244017128,0.3808208202604423,0.33199461026500765,0.32119671221694324,0.24203466578403765,0.3532162485700401,0.2504144890735932,0.2953563024048096,0.3240814375163057,0.25991164626163865,0.35825837012685036,0.0,0.35813253174522,0.36276538970856775,0.2665781442247228,0.7376405548474367,0.341113364515493,0.1925442142416094,0.3486415123742871,0.26488929991723276,0.3480724407408172,0.3529129972612972,0.2574690069111414,0.25928224440283376,0.26980745474390944,0.34372054618528936,0.34988482224555284,0.25379832801115576,0.2964837999426023
0.2838634088645482,0.36952834851494576,0.1699693331180666,0.2383295606426954,0.36475167509280293,0.4102855616670388,0.26989374325991755,0.2385909885874149,0.24550269482457376,0.23055965939520506,0.32100544584138546,0.2328291628545679,0.3279097293225306,0.20781480749619774,0.23002451144892222,0.28650800635242823,1.0,0.30573971995139027,0.2797640825315799,0.2685369558665407,0.30061364720334094,0.30733320723555435,0.31765140393594793,0.5363296207099091,0.5496360933880213,0.5137366278898592,0.31475092741460187,0.2183930180227598,0.2544127378651956,0.2430524566835255,0.21497272407895296,0.42976233169443934,0.0,0.3367059743417855,0.3930174533338432,0.21198532624273214,0.26984553692417057,0.3588338767302899,0.36640520744171556,0.3316529079224214,0.21635097004552573,0.35013728151903667,0.31855099916307517,0.22983894023581475,0.23658909534215022,0.22598996034178975,0.40819972145788574,0.379403030491669,0.20467861092715756,0.24903252786974373
0.3021285525870352,0.42753364794140536,0.22228027170470077,0.25833107604290695,0.3846847968835633,0.43371409714054976,0.38527059056539414,0.26792775658724977,0.30000725260431493,0.2662066907204741,0.4834591196244983,0.2551452269630219,0.49303777283253625,0.25672353596566844,0.2519883957789151,0.37127622507177227,0.30573971995139027,1.0,0.4791317177938963,0.38982104024123054,0.5109915835410413,0.5067185469019517,0.5274194434789787,0.36399623339906506,0.3299052503991753,0.24258632053012696,0.5043682116686029,0.2602627288730728,0.3061007054681649,0.3019414104117081,0.24673626737773136,0.43737368248633524,0.0,0.47943009994337915,0.41973654396031457,0.27773891632365333,0.368153032760397,0.4628640145869872,0.19954942637770479,0.4934543412118594,0.24661270312155903,0.4267376949022508,0.49393395685396957,0.2625733264882111,0.2624192587975168,0.28108958877180923,0.4240388920629423,0.4303653476023154,0.2591080506629533,0.30823674209924234
0.28063932650666734,0.3741066190773825,0.19841042403908937,0.23241565471772396,0.35137847954589185,0.38443916107891607,0.3553841434139545,0.24437854466486586,0.2624409845839849,0.23758244977687015,0.4480456005742438,0.23972240512673304,0.48260769004151705,0.23163369634630726,0.22545458470811341,0.3479392095839975,0.2797640825315799,0.4791317177938963,1.0,0.3424997898866622,0.46393511622234174,0.5145798042517568,0.47237157459097445,0.3235764572375879,0.30364002698651926,0.2195897981247631,0.4508309069583326,0.23704626772016713,0.27768147694666745,0.271543681047946,0.21934682006477468,0.4299066387554181,0.0,0.4397840604500156,0.37912017014990573,0.24667530435995755,0.34562405118909945,0.418046719306418,0.18712043765062059,0.4441090535048726,0.22223095386323743,0.37836954772656384,0.4420890763190721,0.24438374289329612,0.24324995442185005,0.2495451532013222,0.3734451128755306,0.3800721165561173,0.23665421685653276,0.27611630508692975
0.30392058665109356,0.3581153670738966,0.22126928619479946,0.25122815678139454,0.29934149227460805,0.3641944011298427,0.8325565627511821,0.256018915434319,0.29722052185246217,0.25495095621247665,0.35815774243678566,0.2461084920934664,0.35208876812529044,0.24843714113547244,0.24084804960211215,0.7406338656740555,0.2685369558665407,0.38982104024123054,0.3424997898866622,1.0,0.38908669818435615,0.36644301334170903,0.3936008408184102,0.31179279354750045,0.28909576867729003,0.21833372189958367,0.36028800766527314,0.24982544231645576,0.29613003997660925,0.301405138012139,0.23575282650654306,0.3338866472322496,0.0,0.358486986750321,0.3616295331585089,0.26562891838576497,0.7728804475021962,0.3382118201698511,0.19122960626015295,0.3552235968090678,0.23682111327982347,0.350623042350625,0.35862625947254245,0.25438996438773187,0.2544558206312323,0.27433242598076935,0.34675150565650725,0.35151238343004465,0.25009705636445667,0.29820755938209675
0.29564106189189454,0.40831631506094657,0.21910157261313967,0.2502979361979256,0.38406997838070844,0.40252749271862465,0.3859930668737944,0.25393416034577876,0.2859629111304193,0.25595037901486295,0.4752190157020597,0.24967837222629796,0.49686352879645646,0.24563131452000309,0.24129258741748094,0.36692818554686246,0.30061364720334094,0.5109915835410413,0.46393511622234174,0.38908669818435615,1.0,0.5073312395320762,0.5421104731981271,0.3480745427321822,0.3171424699701516,0.237963509880027,0.507243823737234,0.25197581937718405,0.29389186166107595,0.29569373377750063,0.23525198860661156,0.44732413886302314,0.0,0.49634876472351663,0.4062810156431025,0.26308574326902767,0.3674106326570016,0.46624694034871594,0.1922226940842966,0.5015598240929481,0.24086672176527424,0.3997978262269869,0.5023889721724704,0.25422289401916154,0.2552815248183239,0.2769243656791198,0.4122001231642336,0.4176988490291017,0.25323267035344466,0.29461703609945966
0.29857374629697486,0.4019249339183,0.2167713690872669,0.2524256724048761,0.37787895182260967,0.4073224022523755,0.36673577836667637,0.2580968833976478,0.2855707445876595,0.2555059571203879,0.4970101920329496,0.25381670174111903,0.5531140233353857,0.2506517238993716,0.24375713243943564,0.3630239244017128,0.30733320723555435,0.5067185469019517,0.5145798042517568,0.36644301334170903,0.5073312395320762,1.0,0.7063431961261064,0.3500714279293704,0.32431738641676333,0.23940288595476467,0.5112454515958929,0.2528247394680192,0.2877746958817695,0.29618269234715244,0.23749171224720522,0.4599846951147386,0.0,0.6295113941833392,0.40773087528042695,0.2643285187778883,0.35290869890250465,0.4705398628783206,0.20190577411779764,0.5097244460140926,0.2389936773640795,0.40833102308810276,0.5059242393820844,0.26160491038932854,0.2598962920603489,0.2735925850499541,0.40345962666839574,0.41078715454990067,0.259932776230853,0.2977284193024833
0.30908109394860916,0.4208015159332973,0.22571439486968103,0.26928224938046286,0.3916739020778768,0.42679957818037384,0.390992397290415,0.26877315091255005,0.29617676436454066,0.264674648706424,0.4979652201281006,0.2612399736750022,0.5495952432084625,0.2612896705671339,0.2575274739240837,0.3808208202604423,0.31765140393594793,0.5274194434789787,0.47237157459097445,0.3936008408184102,0.5421104731981271,0.7063431961261064,1.0,0.36160649462847394,0.3351808696558449,0.24630092442211216,0.532377230682592,0.2634371597935501,0.3028416661035933,0.30086724528917264,0.25090089469652943,0.4722350454191969,0.0,0.6368710787484941,0.41904682440184426,0.276479044389188,0.37325069312456416,0.4862960685305112,0.20255037699700107,0.5224519403350554,0.2521232974239912,0.4173915655397177,0.5192648593953471,0.26666894775566496,0.266026725652707,0.28410321975941766,0.41741038438494815,0.4237592555750276,0.2643880475528936,0.30481734163294083
0.2979621092320194,0.49607427250250047,0.1946103288951494,0.26254067099277223,0.4127280327474929,0.526656057445118,0.31207855180851274,0.26856828114576814,0.2890842459299753,0.26052639681760825,0.38269271377172775,0.2567599107377202,0.3862708627453151,0.2301730193253786,0.2516840006987777,0.33199461026500765,0.5363296207099091,0.36399623339906506,0.3235764572375879,0.31179279354750045,0.3480745427321822,0.3500714279293704,0.36160649462847394,1.0,0.5748362648949328,0.39586991635593505,0.36902065102766346,0.23852598829062743,0.2902072044318166,0.2847894538097063,0.2414785106302929,0.41886833258528844,0.0,0.3695143343285934,0.5202442718346886,0.23840757877184626,0.30919033888960734,0.3929011204070574,0.3086929383101725,0.37839646095284984,0.24542908283078924,0.41555568019780775,0.363347513752486,0.24970725190741627,0.25566370490252477,0.2588832616227491,0.4454750509852634,0.42805804647634005,0.23447636454079468,0.2822208526797626
0.28985384819936666,0.4601752196808574,0.18085501328095932,0.26212119546414503,0.3860460633780638,0.49638640932054356,0.2919626928752943,0.2582073944351573,0.270353666877144,0.25828497624432534,0.34555590112460777,0.24669516398768243,0.35819986254588665,0.2228257966329289,0.24706788243661648,0.32119671221694324,0.5496360933880213,0.3299052503991753,0.30364002698651926,0.28909576867729003,0.3171424699701516,0.32431738641676333,0.3351808696558449,0.5748362648949328,1.0,0.48279892713944783,0.3352417184988242,0.22861860405187595,0.2610395280863377,0.2629089853242119,0.2355161846742777,0.4298762728427419,0.0,0.3480537482704037,0.4851745365256539,0.22112918652211988,0.29610824182629314,0.3856292292549631,0.3621562967992922,0.3456733086823277,0.2375704897707942,0.37527597088767783,0.3373343492202949,0.25081455269870323,0.2536071121308907,0.2452737922175361,0.42778763592097924,0.4032554652156485,0.23311222331535664,0.26211331409821115
0.24534692938301916,0.28918296696984713,0.13304463344596174,0.194860126018069,0.2832181023485547,0.3235026701107524,0.21596391734748455,0.1952043339871562,0.20000614506650127,0.18889304526771067,0.25290279249232317,0.1907745623112863,0.2606180126945653,0.16526307331772994,0.18604115691553502,0.24203466578403765,0.5137366278898592,0.24258632053012696,0.2195897981247631,0.21833372189958367,0.237963509880027,0.23940288595476467,0.24630092442211216,0.39586991635593505,0.48279892713944783,1.0,0.24570734752144108,0.1767221576498471,0.18716310969445193,0.1956551955717386,0.17532883220848694,0.3257984538320037,0.0,0.2605153084439654,0.3156955107852224,0.16387470042020047,0.2192156340145096,0.3012931332463521,0.34688401138853453,0.2619804023684964,0.17710242817623345,0.2755036666422036,0.24649143153009745,0.19384519065633665,0.19393589984695014,0.17681275673333507,0.3365477009509449,0.3135187187670656,0.16880053694804087,0.19336425453944484
0.3118796766000994,0.4202529072289779,0.22406126043441488,0.2697645858413149,0.40522830051551384,0.4201357398397294,0.35704669372383957,0.27237208251269196,0.3076671457365828,0.27400791402484137,0.5045771228891791,0.26234655568289866,0.5375325060479326,0.26599195046099566,0.26017437373166763,0.3532162485700401,0.31475092741460187,0.5043682116686029,0.4508309069583326,0.36028800766527314,0.507243823737234,0.5112454515958929,0.532377230682592,0.36902065102766346,0.3352417184988242,0.24570734752144108,1.0,0.26208706050140684,0.30181013704097737,0.31039892192258023,0.2544143132835538,0.4718034691464157,0.0,0.5028245777072486,0.4203080533362453,0.2678769938810178,0.33961120541708467,0.572514816959057,0.2005404070067044,0.5423930811653404,0.25827760387171617,0.42308982426729747,0.6172098454604003,0.27282675711427473,0.26822506327178885,0.2884844529405056,0.417447186098834,0.42506609244815385,0.270897096427383,0.3121244758382512
0.27350011593493806,0.2729184510378305,0.20841499976107603,0.5091086916163368,0.23518112459866536,0.26736968169196784,0.2458358185056756,0.683347096152989,0.267010259386948,0.48591821168104576,0.263166484831848,0.48328729021960937,0.26308674808971144,0.5062056043351415,0.4845051625935922,0.2504144890735932,0.2183930180227598,0.2602627288730728,0.23704626772016713,0.24982544231645576,0.25197581937718405,0.2528247394680192,0.2634371597935501,0.23852598829062743,0.22861860405187595,0.1767221576498471,0.26208706050140684,1.0,0.3067852330592463,0.26427712727585984,0.46278547715261686,0.2584113051869088,0.0,0.2574400643742025,0.2583082385493247,0.3998732856442212,0.23801018735300772,0.27071807438624873,0.3351972687628264,0.25501551190490956,0.4786642457391117,0.2562520739504487,0.262939454583765,0.7955700379887095,0.7558918538767875,0.2922062116347195,0.2610103156666048,0.26213898253902146,0.45526972802449817,0.3000288620885351
0.3436585714959116,0.31187022439558065,0.24874117823284736,0.3003704621099672,0.2811441339428228,0.32206326965621834,0.2950400022642844,0.30968056549058554,0.3308179031777765,0.3098199043461769,0.30780530387202043,0.30919226100786934,0.3042534538319934,0.2995801665818618,0.2956629224005437,0.2953563024048096,0.2544127378651956,0.3061007054681649,0.27768147694666745,0.29613003997660925,0.29389186166107595,0.2877746958817695,0.3028416661035933,0.2902072044318166,0.2610395280863377,0.18716310969445193,0.30181013704097737,0.3067852330592463,1.0,0.32907997245028275,0.2861470588148951,0.2974649204638231,0.0,0.3003934541932247,0.2998645623674532,0.29826954626852487,0.2831817811746209,0.29822354533886397,0.22614140106980796,0.300043548844267,0.28732833731403795,0.29301027954872005,0.30654949287921907,0.3062610899919309,0.31000425701591594,0.397472145388427,0.29326176386712255,0.295400727414309,0.29637060532523984,0.6208445556424347
0.3889197780262713,0.3073790661274848,0.25173526536128277,0.286272696011012,0.2953769256833323,0.30785462323001545,0.29725624451026866,0.2858797005318551,0.41601287085753225,0.2981241405373698,0.31666328912113206,0.276565182532196,0.3254790821255257,0.2691758416290124,0.2803602446277622,0.3240814375163057,0.2430524566835255,0.3019414104117081,0.271543681047946,0.301405138012139,0.29569373377750063,0.29618269234715244,0.30086724528917264,0.2847894538097063,0.2629089853242119,0.1956551955717386,0.31039892192258023,0.26427712727585984,0.32907997245028275,1.0,0.27100707684282976,0.29796777278289743,0.0,0.29336839293761974,0.30682833137635446,0.2722104674295037,0.294662135437296,0.29806496808083704,0.20307079039651343,0.31467681759100063,0.2800228473656845,0.30241262061969176,0.31065767618839124,0.27467017477303945,0.2736192613983143,0.32039656382315407,0.2978088932323363,0.303347770413009,0.2729392420100728,0.34548489116948744
0.26240595773329956,0.2540290059446856,0.19926580558204243,0.5167384126996039,0.2802531116840261,0.26024600876182846,0.23316572717841055,0.481697623035944,0.2882287586147131,0.5266163282379454,0.2543490634333241,0.4422228939963877,0.2735015072211474,0.49677320264520397,0.5153304118524165,0.25991164626163865,0.21497272407895296,0.24673626737773136,0.21934682006477468,0.23575282650654306,0.23525198860661156,0.23749171224720522,0.25090089469652943,0.2414785106302929,0.2355161846742777,0.17532883220848694,0.2544143132835538,0.46278547715261686,0.2861470588148951,0.27100707684282976,1.0,0.2648867695243965,0.0,0.2515835796500073,0.24747054838945648,0.39080535499851,0.23658789337114228,0.24836306050772794,0.30914014372452303,0.24517702560126908,0.6652100344658298,0.24747016515590348,0.25034690678377913,0.47568541237104656,0.4690990249004091,0.28065126752189007,0.24297754084165213,0.24774673057935515,0.431093680593875,0.2891143902301355
0.3131054254540445,0.394034901963877,0.21136932261692787,0.28958505222889164,0.4524883011285371,0.42087211769777033,0.3355744720568927,0.2832538831266418,0.3081410464576445,0.28467164184899096,0.4470987397278573,0.26242828949772967,0.5063478747568075,0.26109779933726385,0.2826045738281979,0.35825837012685036,0.42976233169443934,0.43737368248633524,0.4299066387554181,0.3338866472322496,0.44732413886302314,0.4599846951147386,0.4722350454191969,0.41886833258528844,0.4298762728427419,0.3257984538320037,0.4718034691464157,0.2584113051869088,0.2974649204638231,0.29796777278289743,0.2648867695243965,1.0,0.0,0.46953378716424643,0.397846550470881,0.2520871626618715,0.3435614577187418,0.4818786024278652,0.24818511910416619,0.4805145311527548,0.26943173593255454,0.39646241731028153,0.4815545969870533,0.26485215206149504,0.27236663341554246,0.270750609929162,0.418429954019958,0.41351293619497953,0.24938468875909803,0.28998886362888554
0.0,0.0,0.0,0.0,0.0,0.0,0.0,0.0,0.0,0.0,0.0,0.0,0.0,0.0,0.0,0.0,0.0,0.0,0.0,0.0,0.0,0.0,0.0,0.0,0.0,0.0,0.0,0.0,0.0,0.0,0.0,0.0,1.0,0.0,0.0,0.0,0.0,0.0,0.0,0.0,0.0,0.0,0.0,0.0,0.0,0.0,0.0,0.0,0.0,0.0
0.31033175100359633,0.41036684145212066,0.22208653968795333,0.25963417360622454,0.40413829068980034,0.4282567568936505,0.36069582102654707,0.2661874678288403,0.29336689419652184,0.26425356097782415,0.4821043748974424,0.259944460679448,0.5300052613258867,0.26284834996202266,0.2549964622816132,0.35813253174522,0.3367059743417855,0.47943009994337915,0.4397840604500156,0.358486986750321,0.49634876472351663,0.6295113941833392,0.6368710787484941,0.3695143343285934,0.3480537482704037,0.2605153084439654,0.5028245777072486,0.2574400643742025,0.3003934541932247,0.29336839293761974,0.2515835796500073,0.46953378716424643,0.0,1.0,0.4193111934052898,0.2887939303833179,0.3454870533554012,0.4806266978198145,0.22525345079282366,0.503842750161118,0.2512457918599553,0.4140878055165924,0.5121165393603477,0.26591001954964444,0.2686839162779283,0.2759814836336829,0.41239353988161986,0.41891258366272754,0.2605714717279898,0.30312497716846276
0.31188887843798196,0.5743816055634503,0.21689052364680894,0.2631898026768359,0.376428752438152,0.580630134148125,0.3594979512904617,0.2671654562086324,0.29752603432115876,0.26898829973698757,0.4291999873448754,0.26060793996747456,0.41987193795174804,0.25749915574672155,0.2561950410888958,0.36276538970856775,0.3930174533338432,0.41973654396031457,0.37912017014990573,0.3616295331585089,0.4062810156431025,0.40773087528042695,0.41904682440184426,0.5202442718346886,0.4851745365256539,0.3156955107852224,0.4203080533362453,0.2583082385493247,0.2998645623674532,0.30682833137635446,0.24747054838945648,0.397846550470881,0.0,0.4193111934052898,1.0,0.26779443361688193,0.3418178992708433,0.40893374969716656,0.2215212047002043,0.426641702460021,0.24991668434256142,0.47100715404025817,0.4245721003633177,0.26664823458207454,0.27226491667415875,0.2807193255705207,0.4703473585219078,0.4733084304606594,0.26123692415937094,0.29924653156793113
0.27503645024937884,0.2647533586894899,0.20712707214527393,0.405846985752237,0.23783665828799538,0.2743944877698654,0.2635251130520089,0.4043533926925066,0.2743746586714203,0.41191907350749424,0.2753752910239554,0.3939697473263132,0.26701197121253595,0.40655939246158945,0.4003350970931989,0.2665781442247228,0.21198532624273214,0.27773891632365333,0.24667530435995755,0.26562891838576497,0.26308574326902767,0.2643285187778883,0.276479044389188,0.23840757877184626,0.22112918652211988,0.16387470042020047,0.2678769938810178,0.3998732856442212,0.29826954626852487,0.2722104674295037,0.39080535499851,0.2520871626618715,0.0,0.2887939303833179,0.26779443361688193,1.0,0.2537361730638559,0.25582547887460816,0.3104518701082247,0.267258229563447,0.3942897546946883,0.26345540501055387,0.2677406595699441,0.41042087054362497,0.41160768319819974,0.28374657467331,0.2567659178829973,0.2610679320976289,0.3990334146985016,0.3070366002404339
0.29197117263759687,0.3341668609610583,0.209097484573726,0.25343458612270675,0.31591432713813405,0.3545381370545524,0.7818013691342041,0.25354656740448933,0.2926912570934843,0.25604986205531677,0.33879911225728865,0.23733176656666533,0.34755755667527977,0.23956545550131414,0.24712519205263028,0.7376405548474367,0.26984553692417057,0.368153032760397,0.34562405118909945,0.7728804475021962,0.3674106326570016,0.35290869890250465,0.37325069312456416,0.30919033888960734,0.29610824182629314,0.2192156340145096,0.33961120541708467,0.23801018735300772,0.2831817811746209,0.294662135437296,0.23658789337114228,0.3435614577187418,0.0,0.3454870533554012,0.3418178992708433,0.2537361730638559,1.0,0.3239494352014174,0.18573017826872307,0.3305399868396153,0.23792850923588205,0.3339753116656019,0.3406868456574962,0.24290839850689372,0.24279205115892466,0.2551617753014893,0.32778222511720867,0.33308181442876517,0.2360853202517469,0.28205935156670137
0.3239759305559071,0.4218061580018837,0.2179746157497,0.2609241232758933,0.42098248625072865,0.42776638826189184,0.3367400895503231,0.282027098592184,0.29349247057555883,0.2660168537843468,0.4824415959373374,0.2659498315724448,0.4937099692797521,0.2602102840608118,0.25573217101837953,0.341113364515493,0.3588338767302899,0.4628640145869872,0.418046719306418,0.3382118201698511,0.46624694034871594,0.4705398628783206,0.4862960685305112,0.3929011204070574,0.3856292292549631,0.3012931332463521,0.572514816959057,0.27071807438624873,0.29822354533886397,0.29806496808083704,0.24836306050772794,0.4818786024278652,0.0,0.4806266978198145,0.40893374969716656,0.25582547887460816,0.3239494352014174,1.0,0.2628111474265503,0.5122452294907186,0.25445682849186513,0.41582926469767545,0.6153601208740094,0.2803624732959177,0.27871370838105325,0.28387675095114917,0.43851961698746866,0.43374582710974574,0.26945650790788145,0.3071715547255507
0.2436357883171829,0.1965133299428108,0.1497368053509932,0.3383753233431599,0.21814675228704994,0.2438828722069536,0.19523947222406168,0.3355040802000432,0.20537764881634757,0.3335932910133791,0.206734355056438,0.35543332618149637,0.20185353414188956,0.32477240731434465,0.32423414144923524,0.1925442142416094,0.36640520744171556,0.19954942637770479,0.18712043765062059,0.19122960626015295,0.1922226940842966,0.20190577411779764,0.20255037699700107,0.3086929383101725,0.3621562967992922,0.34688401138853453,0.2005404070067044,0.3351972687628264,0.22614140106980796,0.20307079039651343,0.30914014372452303,0.24818511910416619,0.0,0.22525345079282366,0.2215212047002043,0.3104518701082247,0.18573017826872307,0.2628111474265503,1.0,0.2167463728445549,0.31390089414075517,0.2014229220083168,0.2042830167113142,0.34937684206384034,0.3534986252896547,0.22266357582204566,0.2538455056072356,0.21865277568233965,0.31593094759248286,0.23918170406268235
0.3109372159808774,0.4254771864785728,0.22893209728722008,0.2559490844354906,0.4108289166524687,0.42917633560805357,0.3479634627510446,0.2630579337288872,0.30164651204841286,0.26613705277101096,0.5137688629944452,0.2565995577783048,0.5367902895101562,0.2560755266653051,0.2495749116088598,0.3486415123742871,0.3316529079224214,0.4934543412118594,0.4441090535048726,0.3552235968090678,0.5015598240929481,0.5097244460140926,0.5224519403350554,0.37839646095284984,0.3456733086823277,0.2619804023684964,0.5423930811653404,0.25501551190490956,0.300043548844267,0.31467681759100063,0.24517702560126908,0.4805145311527548,0.0,0.503842750161118,0.426641702460021,0.267258229563447,0.3305399868396153,0.5122452294907186,0.2167463728445549,1.0,0.24702214532995315,0.42806092655284256,0.5417681147253157,0.2623446490839205,0.26773987960681556,0.2924303859650428,0.4466339544387049,0.4481097623406557,0.26282186425091203,0.31297181410908126
