../ecoli_genomes/GCF_000163235.1_ASM16323v1_genomic.fna.gz,../ecoli_genomes/GCF_000164555.1_ASM16455v1_genomic.fna.gz,../ecoli_genomes/GCF_000208545.1_ASM20854v2_genomic.fna.gz,../ecoli_genomes/GCF_000233875.1_ASM23387v1_genomic.fna.gz,../ecoli_genomes/GCF_000249735.1_ASM24973v2_genomic.fna.gz,../ecoli_genomes/GCF_000261145.1_Esch_coli_M919_V2_genomic.fna.gz,../ecoli_genomes/GCF_000267705.2_ASM26770v2_genomic.fna.gz,../ecoli_genomes/GCF_000350665.1_Esch_coli_KTE5_V1_genomic.fna.gz,../ecoli_genomes/GCF_000351625.1_Esch_coli_KTE66_V1_genomic.fna.gz,../ecoli_genomes/GCF_000352285.1_Esch_coli_KTE46_V1_genomic.fna.gz,../ecoli_genomes/GCF_000358895.1_ASM35889v1_genomic.fna.gz,../ecoli_genomes/GCF_000456385.1_Esch_coli_HVH_26_4-5703913_V1_genomic.fna.gz,../ecoli_genomes/GCF_000458195.1_Esch_coli_HVH_147_4-5893887_V1_genomic.fna.gz,../ecoli_genomes/GCF_000459755.1_Esch_coli_KOEGE_58_171a_V1_genomic.fna.gz,../ecoli_genomes/GCF_000460055.1_Esch_coli_UMEA_3053-1_V1_genomic.fna.gz,../ecoli_genomes/GCF_000462165.2_ASM46216v2_genomic.fna.gz,../ecoli_genomes/GCF_000601135.1_ASM60113v1_genomic.fna.gz,../ecoli_genomes/GCF_000614595.1_Ec2010EL1058_genomic.fna.gz,../ecoli_genomes/GCF_000617745.1_Ec2010C-4529_genomic.fna.gz,../ecoli_genomes/GCF_000618265.2_EcF6751_genomic.fna.gz,../ecoli_genomes/GCF_000619005.2_Ec2009C-4052_genomic.fna.gz,../ecoli_genomes/GCF_000619105.1_Ec2009C-4780_genomic.fna.gz,../ecoli_genomes/GCF_000619765.2_Ec2009C-3279_genomic.fna.gz,../ecoli_genomes/GCF_000687005.1_ASM68700v1_genomic.fna.gz,../ecoli_genomes/GCF_000687025.1_ASM68702v1_genomic.fna.gz,../ecoli_genomes/GCF_000700125.1_ASM70012v1_genomic.fna.gz,../ecoli_genomes/GCF_000753315.1_FHI35_genomic.fna.gz,../ecoli_genomes/GCF_000776375.1_ASM77637v1_genomic.fna.gz,../ecoli_genomes/GCF_000779395.1_ASM77939v1_genomic.fna.gz,../ecoli_genomes/GCF_000780315.1_ASM78031v1_genomic.fna.gz,../ecoli_genomes/GCF_000781995.1_ASM78199v1_genomic.fna.gz,../ecoli_genomes/GCF_000986765.1_ASM98676v1_genomic.fna.gz,../ecoli_genomes/GCF_001041375.1_ViralProj287958_genomic.fna.gz,../ecoli_genomes/GCF_001265335.1_302014_genomic.fna.gz,../ecoli_genomes/GCF_001265625.1_100854_genomic.fna.gz,../ecoli_genomes/GCF_001267345.1_303289_genomic.fna.gz,../ecoli_genomes/GCF_001309985.1_ASM130998v1_genomic.fna.gz,../ecoli_genomes/GCF_001521695.1_ASM152169v1_genomic.fna.gz,../ecoli_genomes/GCF_001592595.1_ASM159259v1_genomic.fna.gz,../ecoli_genomes/GCF_001614975.1_ASM161497v1_genomic.fna.gz,../ecoli_genomes/GCF_001692775.1_ASM169277v1_genomic.fna.gz,../ecoli_genomes/GCF_001748915.1_ASM174891v1_genomic.fna.gz,../ecoli_genomes/GCF_001749235.1_ASM174923v1_genomic.fna.gz,../ecoli_genomes/GCF_001881155.1_ASM188115v1_genomic.fna.gz,../ecoli_genomes/GCF_001881345.1_ASM188134v1_genomic.fna.gz,../ecoli_genomes/GCF_001892405.1_ASM189240v1_genomic.fna.gz,../ecoli_genomes/GCF_001892585.1_ASM189258v1_genomic.fna.gz,../ecoli_genomes/GCF_001893985.1_ASM189398v1_genomic.fna.gz,../ecoli_genomes/GCF_002001595.1_ASM200159v1_genomic.fna.gz,../ecoli_genomes/GCF_002002145.1_ASM200214v1_genomic.fna.gz
1.0,0.32006833031726045,0.25725031232122075,0.28645309173260114,0.31142281531315996,0.3164018574548775,0.29684605321585633,0.289116271565669,0.3934343658448012,0.29467491703109516,0.3200588586876194,0.2918942798348051,0.3113593198029194,0.27665150381165393,0.2674087362305585,0.29602740790724025,0.24600786217999415,0.30242921919166865,0.26810854339975965,0.2987745085285849,0.29751849325745927,0.296851930411527,0.30912615956769285,0.27007447075418944,0.2685848484223958,0.2735846043732105,0.30409533855500714,0.2752497319811661,0.3393006644546803,0.38126693854065996,0.2654592102271527,0.31589295226018244,0.0,0.303507704295624,0.3063131693575116,0.2798246779300373,0.28694030435728635,0.3149623101351855,0.21430920882258508,0.31053186416648226,0.2672770129458737,0.2947040591651534,0.31320201268716397,0.28384211344513466,0.292040172493946,0.3140216302246719,0.3020525520306765,0.300669653738062,0.2717576140173772,0.3428574988963
0.32006833031726045,1.0,0.2309556050353221,0.276330308021004,0.40035224673758296,0.5682603015968613,0.35231857251893306,0.2786807101591723,0.29382455447364875,0.28691096782249004,0.4311525902824137,0.28452132404278163,0.419322854647068,0.2684198062404498,0.2617050934031191,0.3465723805534231,0.31442660928920974,0.4209786434266347,0.35753493078684273,0.35611572143632986,0.40645423670992,0.3982978024939624,0.42034429143570484,0.43647926917083113,0.40806849754467145,0.4097330059339799,0.4176457438519908,0.2753570854147921,0.30529216010205684,0.3092767284478307,0.2593222511248233,0.39425215787762957,0.0,0.4026477559846221,0.566743370238667,0.2674465265463778,0.33709285615383966,0.43269189270759845,0.18454591725409086,0.424673279124661,0.26165421168564107,0.4647286349525547,0.42871782917621093,0.28619339580213643,0.28758710677981203,0.281861706849058,0.4819433037842087,0.48273202401955795,0.2810234590361609,0.30254127957614296
0.25725031232122075,0.2309556050353221,1.0,0.2071133389120675,0.21236703021502523,0.22377426641785547,0.21467782808647273,0.20799329033891079,0.2496704223952494,0.21538558232174532,0.23161647537374197,0.20326351147946975,0.22665703354683098,0.20597491129605772,0.20053146534737665,0.21304525053474388,0.14726212409667916,0.2205828144855132,0.1932426902815484,0.217833969914492,0.22027870536844518,0.21464965897777089,0.22617658166656562,0.1728347886276228,0.16507148511937608,0.18139176859021433,0.22768215466462693,0.20758637881502762,0.23952449520848373,0.25275736727191633,0.19922134380976864,0.2141593322127474,0.0,0.2213663157329866,0.21341248558804127,0.21464138963536572,0.20593642670358614,0.22843060045646268,0.1436728408551169,0.22878718391234676,0.20319776615969987,0.2170339742176165,0.23541887184187416,0.21069838476559644,0.20825714799595796,0.22402448305210276,0.225368519788416,0.22534578645376258,0.21280950962997913,0.2401024156593502
0.28645309173260114,0.276330308021004,0.2071133389120675,1.0,0.2720969034637766,0.27439461034495516,0.2578645691132476,0.4974395727174119,0.2781234763599615,0.5160878316838974,0.2730495279782327,0.5107244864616441,0.2677372387784219,0.5490376683711806,0.554707831805672,0.2564650405548372,0.20255503699115307,0.26682768974553617,0.23518784522525804,0.25768667149610924,0.26054613031956475,0.2589668985336846,0.27699547714250683,0.23033983055916485,0.22236287656067377,0.24005965342355085,0.26708524415760204,0.5202346625860725,0.30133759939458493,0.27758343363032445,0.505261438610871,0.2763983218196614,0.0,0.26103898135775094,0.26588699093158064,0.42452409169671024,0.24858484036747008,0.26548311172529526,0.3287794123933335,0.26749071392273294,0.5264073130285727,0.26262552302492603,0.2707034123213107,0.5239150987393355,0.5214847709838013,0.30099886373509177,0.2642281417429355,0.26420103687761154,0.46282257725647147,0.31266918024725043
0.31142281531315996,0.40035224673758296,0.21236703021502523,0.2720969034637766,1.0,0.43314371762105863,0.3240668390394992,0.268755637661624,0.2997363523106883,0.2766774216916681,0.5275047714597527,0.2610223319790358,0.466142464487608,0.2647881530821815,0.2605599589239166,0.33488868771556024,0.32747531440751565,0.41663080080870574,0.37066970823204537,0.32640779033204415,0.4307891195453779,0.42264876892013836,0.4365539526419172,0.3829372474499423,0.35119044704707336,0.373439881805283,0.4404174870001758,0.24927129939271553,0.29637952920468147,0.2976513321116957,0.256038934213087,0.46111567290624067,0.0,0.43584064055363203,0.41270200098404475,0.2569790264011317,0.31464061375316354,0.4482359381365647,0.19922190409463536,0.45605515476270364,0.26380749976589213,0.40083424930400136,0.4519095206437028,0.2632569299278946,0.2668111238752101,0.27107985637076304,0.42771318846475326,0.42752213134105566,0.25880473469521603,0.2844501860833334
0.3164018574548775,0.5682603015968613,0.22377426641785547,0.27439461034495516,0.43314371762105863,1.0,0.36287863172791235,0.28447437215240956,0.3013999811648519,0.2776600393635281,0.4389224481776307,0.26919245187283947,0.4300500017008382,0.2696247803617996,0.2634458343303333,0.353651245914246,0.3408095957170991,0.43034394237108653,0.3704747473091007,0.3633350306392088,0.4079764499323335,0.406073224930258,0.43107548785645655,0.4600330809016976,0.4293597800571064,0.4166443588475167,0.4207196266881127,0.26961229470908954,0.31697837744570934,0.305382196756542,0.259588486324115,0.4175808130502393,0.0,0.42766249489564745,0.5780695504518942,0.27794070778203317,0.34249143773948365,0.43427679681622566,0.2029605739267034,0.4308646277323206,0.2633052019806431,0.47490569638169944,0.43930117098802146,0.27700980736833736,0.27646670131463913,0.28633907812548376,0.48669040983005174,0.4889924914266691,0.270210027721557,0.3090414967562123
0.29684605321585633,0.35231857251893306,0.21467782808647273,0.2578645691132476,0.3240668390394992,0.36287863172791235,1.0,0.25545855809240026,0.29373770999118753,0.2606784649038427,0.35982499766207665,0.25133218802506574,0.34827931357252984,0.252613383515392,0.24802733127566134,0.7444023347275224,0.22853628529293757,0.38387178747892103,0.3406661790432295,0.87532399083736,0.38385889772549187,0.3592110990563542,0.3838295841370679,0.2803437483448036,0.25891465845748707,0.2925711474951792,0.35519690505686063,0.2502903188473735,0.2845579208390496,0.295700977873642,0.24054071669098975,0.3292501056241566,0.0,0.34858193679664784,0.3644122691440129,0.2732689771070802,0.7883757156295568,0.34084327633380296,0.1851350067416273,0.3572891004043831,0.24101486075612155,0.3405938550063019,0.35759685517783657,0.25515733493813186,0.2543732680934998,0.2679913456907155,0.33805656873962464,0.33732813290271424,0.25049769655074616,0.2912650700463668
0.289116271565669,0.2786807101591723,0.20799329033891079,0.4974395727174119,0.268755637661624,0.28447437215240956,0.25545855809240026,1.0,0.27187533323337487,0.4973826613832988,0.2702791136090398,0.4861662059274863,0.27047775101978866,0.48350745752798385,0.4667306078582417,0.2521517959419489,0.21669346287257452,0.26381361769443945,0.23791258017544603,0.2568824406767285,0.25754310134020253,0.25695143179708124,0.270792296440993,0.25078671599876545,0.23943828527836164,0.2496342078164745,0.26699731930676884,0.6937024712995303,0.3104575585850664,0.27427570769872034,0.4649960136643648,0.2738698794231522,0.0,0.26461037336073145,0.2676533728401116,0.4083056828026519,0.24371691290009512,0.28378563352560304,0.32729352588485816,0.2735116584394718,0.47203996983477414,0.25969502804653477,0.274914006010359,0.6960675948430736,0.6742329197796979,0.29625424824930047,0.2658211756334282,0.26696721711902527,0.4479444646780384,0.30763628687431677
0.3934343658448012,0.29382455447364875,0.2496704223952494,0.2781234763599615,0.2997363523106883,0.3013999811648519,0.29373770999118753,0.27187533323337487,1.0,0.2874347514137292,0.30982255149947857,0.26034849921916403,0.3095514133834396,0.27202747529829907,0.26685319653517214,0.2924017151731356,0.19843174437708444,0.297525587154298,0.25875986461417644,0.296531223969277,0.293463222988684,0.29408821623540427,0.3045942221164799,0.23866482205346096,0.22093326573807048,0.25439694805669444,0.30203234112038513,0.2641627506161017,0.3272624142197449,0.40286166009396795,0.26113849565263203,0.2868995867439691,0.0,0.2905566541925344,0.29405251497801044,0.2807641023140257,0.28205986575116127,0.2954284445612968,0.19018883227419459,0.30225945911777696,0.2635809830090009,0.2917393889768748,0.30793359833274636,0.2697201803693543,0.26678366499364514,0.3053626545795469,0.2902825319373441,0.2901175157464193,0.2660044611762461,0.33704901111172825
0.29467491703109516,0.28691096782249004,0.21538558232174532,0.5160878316838974,0.2766774216916681,0.2776600393635281,0.2606784649038427,0.4973826613832988,0.2874347514137292,1.0,0.2847021372392651,0.4828621477592804,0.2783161970324721,0.5065653030865209,0.49750684987473504,0.260614674589529,0.17722055190932817,0.26889174146367034,0.23589727607833222,0.2624160630659472,0.2633800074456464,0.2607819057762233,0.2705711800511802,0.21519234722964187,0.20483821778241862,0.23481251674525205,0.2734764942131501,0.5021700129325744,0.3138140784057504,0.28508577296111726,0.5128301073415933,0.25913228640411434,0.0,0.26290681817097405,0.2684239744385132,0.4304320783184674,0.2514134277956126,0.2727538307899985,0.32768965864060895,0.27573850340345685,0.5157905518520182,0.2624597999441495,0.27479145902211766,0.5037349452943489,0.5072533635773966,0.29973981265250504,0.26691960327708475,0.2668921872868001,0.4718054371521654,0.31280656299532505
0.3200588586876194,0.4311525902824137,0.23161647537374197,0.2730495279782327,0.5275047714597527,0.4389224481776307,0.35982499766207665,0.2702791136090398,0.30982255149947857,0.2847021372392651,1.0,0.26988666124305094,0.5306907992617147,0.27196785753604147,0.26630477607694214,0.3602925850645041,0.2730516391931682,0.48878069441341543,0.4333594873508434,0.3609933428042721,0.4892364828526561,0.4947393984291554,0.4974101720662558,0.34787266636986414,0.3082561408506159,0.3612193348807998,0.5114626764681371,0.2654555020092919,0.29955071966632096,0.3161925700313215,0.25846781564718024,0.4618905526172674,0.0,0.48005500651322663,0.4370867898855283,0.28131387319833134,0.34551395213980396,0.4910754771311725,0.19529978030108897,0.5260990945385654,0.2613917904233656,0.4365713716598135,0.5095131465909186,0.2701944001362957,0.27046180210778314,0.2892979185536382,0.43735991833678767,0.43598828856733773,0.2722025212253717,0.3102519248392108
0.2918942798348051,0.28452132404278163,0.20326351147946975,0.5107244864616441,0.2610223319790358,0.26919245187283947,0.25133218802506574,0.4861662059274863,0.26034849921916403,0.4828621477592804,0.26988666124305094,1.0,0.2582149793202869,0.4928147816485936,0.6043469067169814,0.250948376499167,0.21881218497373356,0.2548293980010007,0.2279558094803803,0.2509067589122148,0.2554889335561379,0.25203054691767524,0.2658894110555876,0.24273768536910179,0.2395025823263187,0.25042570770069805,0.2589775082014376,0.48094308439098576,0.31441245274487817,0.2687733801884684,0.45142071316960464,0.26743382480916233,0.0,0.2600856478313306,0.2623267885048455,0.4028386628210109,0.24076923687639562,0.26914651577660875,0.33235858286643416,0.26491286108493284,0.46642600133860845,0.2542029912157534,0.26720210804400313,0.4932078392728978,0.49314823921307394,0.3007222364317169,0.2636259537725546,0.26477162845494107,0.4320842104153352,0.3043742118870615
0.3113593198029194,0.419322854647068,0.22665703354683098,0.2677372387784219,0.466142464487608,0.4300500017008382,0.34827931357252984,0.27047775101978866,0.3095514133834396,0.2783161970324721,0.5306907992617147,0.2582149793202869,1.0,0.25915598215297153,0.2622434940778948,0.34681035941149674,0.2663414481286758,0.49013910261869853,0.5087151142954804,0.3514515699914238,0.5099913968371599,0.5770849599967738,0.5492291853755347,0.33585948736011784,0.3038398802780804,0.35214140929297766,0.5303450875318527,0.2610778436158524,0.29252299413400584,0.3151156099169855,0.2532064233087642,0.5022982440799473,0.0,0.5231101080145302,0.4261270873216879,0.2672011053976947,0.3357540094840057,0.500409289153972,0.18802641523653751,0.5430238298311953,0.2579253939487929,0.4198717090722689,0.525762024256972,0.2626708573993046,0.26224226961292096,0.2751791200690482,0.4253205723718937,0.42309708142375424,0.26190594394582445,0.29454940592597323
0.27665150381165393,0.2684198062404498,0.20597491129605772,0.5490376683711806,0.2647881530821815,0.2696247803617996,0.252613383515392,0.48350745752798385,0.27202747529829907,0.5065653030865209,0.27196785753604147,0.4928147816485936,0.25915598215297153,1.0,0.5407442614459979,0.24608432072876063,0.17149747964262263,0.2598937928751761,0.22805203081962155,0.25380188912902935,0.25080424047838135,0.2520173065742878,0.2648896310148763,0.20423217466454702,0.19213889358128944,0.21930597428512666,0.26225562972178373,0.5164223349115298,0.30576108864456286,0.2698946853813663,0.5034540065861091,0.25480224861860845,0.0,0.2521656814682143,0.25910714539668644,0.4158147610918843,0.24009129662026252,0.2604798953396461,0.313347521463742,0.26170370780036756,0.5188179023772739,0.2539080854490521,0.26816977771091477,0.5092305686738772,0.5091559285174949,0.29717010013776834,0.2565446552786832,0.2573140508488516,0.46250936074880056,0.3073853846328757
0.2674087362305585,0.2617050934031191,0.20053146534737665,0.554707831805672,0.2605599589239166,0.2634458343303333,0.24802733127566134,0.4667306078582417,0.26685319653517214,0.49750684987473504,0.26630477607694214,0.6043469067169814,0.2622434940778948,0.5407442614459979,1.0,0.24556309082811445,0.17661978604787865,0.25331431516997127,0.22118501717516947,0.2496934453375076,0.25062816579157,0.2491993701687969,0.2646462376619563,0.20149633023369395,0.19351990030706567,0.218550053084966,0.2597213807174127,0.48485317145765594,0.299333416513917,0.2659161951856678,0.4956651197058647,0.2548516878362139,0.0,0.25341093506802403,0.25542567629469326,0.41482125905781164,0.23754740752811077,0.2588038055429057,0.3173647505068117,0.2609101193857176,0.509640215606271,0.24729315736932223,0.2619799666182524,0.48163116638804904,0.48041278109863284,0.29416248911945286,0.2570891501809822,0.25811043200209816,0.4425872874132212,0.3129019346494253
0.29602740790724025,0.3465723805534231,0.21304525053474388,0.2564650405548372,0.33488868771556024,0.353651245914246,0.7444023347275224,0.2521517959419489,0.2924017151731356,0.260614674589529,0.3602925850645041,0.250948376499167,0.34681035941149674,0.24608432072876063,0.24556309082811445,1.0,0.22675815950715938,0.3635937486771764,0.3330264636670677,0.7539920211374448,0.3580080900437783,0.35165404176514903,0.3672500506293599,0.27414279210161074,0.25952325731847825,0.3002504603984918,0.3412820055520148,0.2443217633367326,0.2796593294897556,0.2958916724869358,0.2381908182519511,0.3313009315714617,0.0,0.33928448684403767,0.35402898429289353,0.2652550813071911,0.7647456294944328,0.3341291090247962,0.1826382173231097,0.34784419259570654,0.24071225030618848,0.3325944909266719,0.34636376911103683,0.24769758287510468,0.24938516640323127,0.26570019658349764,0.3377143080360543,0.3344398844413413,0.24817744974068479,0.28374597447640193
0.24600786217999415,0.31442660928920974,0.14726212409667916,0.20255503699115307,0.32747531440751565,0.3408095957170991,0.22853628529293757,0.21669346287257452,0.19843174437708444,0.17722055190932817,0.2730516391931682,0.21881218497373356,0.2663414481286758,0.17149747964262263,0.17661978604787865,0.22675815950715938,1.0,0.2618936189291735,0.23055947528004783,0.2262418580359702,0.25917195350519373,0.25992488833956673,0.2699648781983185,0.5331610674245808,0.6143274190486274,0.4607350415394076,0.26099850866785246,0.1702107241542803,0.20776457199723264,0.20342944016300035,0.16970039164964013,0.38753084166739515,0.0,0.2928984190629538,0.33819318991801506,0.18222496108788144,0.21934221526880104,0.2779837954500073,0.27559976742970416,0.28631536449835915,0.17043590591424496,0.29599339716305484,0.2692866224314877,0.22343310437646657,0.22640420918193593,0.20616216326269532,0.3369708646400178,0.3385119020590325,0.1711743618320778,0.20173569892647558
0.30242921919166865,0.4209786434266347,0.2205828144855132,0.26682768974553617,0.41663080080870574,0.43034394237108653,0.38387178747892103,0.26381361769443945,0.297525587154298,0.26889174146367034,0.48878069441341543,0.2548293980010007,0.49013910261869853,0.2598937928751761,0.25331431516997127,0.3635937486771764,0.2618936189291735,1.0,0.4637676785915893,0.3839626990168876,0.5125173965464774,0.5010793816238084,0.5237768604224167,0.3300651665669706,0.2980572676519103,0.3462548543272562,0.49301219927689144,0.25934650544073445,0.2923161657500283,0.30836027781806463,0.2515124982527682,0.44130769261421043,0.0,0.4701065715266056,0.4229356829064027,0.2786270443129161,0.36379552245263,0.45991163045780403,0.18936176918626912,0.49908617980086356,0.2518840089898535,0.41729452262909583,0.4868466053064291,0.26099146007313345,0.26124651307351265,0.27701791364885786,0.42155738447818025,0.42135275644192893,0.25687208932917416,0.2973810825299905
0.26810854339975965,0.35753493078684273,0.1932426902815484,0.23518784522525804,0.37066970823204537,0.3704747473091007,0.3406661790432295,0.23791258017544603,0.25875986461417644,0.23589727607833222,0.4333594873508434,0.2279558094803803,0.5087151142954804,0.22805203081962155,0.22118501717516947,0.3330264636670677,0.23055947528004783,0.4637676785915893,1.0,0.33704405436498364,0.45591620227889207,0.5141127820698053,0.45650865664124507,0.282750357640705,0.2636747309419555,0.299762191810519,0.4325126033123302,0.23023729784421343,0.25555615109779783,0.26570660473030305,0.21849481734445964,0.4478266518553986,0.0,0.42038735966407204,0.36681350199368423,0.24695087896368328,0.33477104402069224,0.4057304126258382,0.16782058989901882,0.4418779908118653,0.2213285688522495,0.36123982797263543,0.42373030891964103,0.2347078934796909,0.2354036746497864,0.24423272599143964,0.35598218998357445,0.355439588139958,0.2264418295275249,0.2590078401751582
0.2987745085285849,0.35611572143632986,0.217833969914492,0.25768667149610924,0.32640779033204415,0.3633350306392088,0.87532399083736,0.2568824406767285,0.296531223969277,0.2624160630659472,0.3609933428042721,0.2509067589122148,0.3514515699914238,0.25380188912902935,0.2496934453375076,0.7539920211374448,0.2262418580359702,0.3839626990168876,0.33704405436498364,1.0,0.38267857621576773,0.36020691219995626,0.38370136868408444,0.2767392449210886,0.25824170491385945,0.2922202656596262,0.3571380999285829,0.2534033605713173,0.28771814379956384,0.2997174765474817,0.24163230259511925,0.3280399628020939,0.0,0.3487746606773171,0.3626186358407527,0.2728848374891937,0.797862885880736,0.3431422950885419,0.18316774119232881,0.3614411345260673,0.24160436626076232,0.3419219109611722,0.35976087433176585,0.2553999355107084,0.2553958061063878,0.2689370120850296,0.34201665212838506,0.3419800110846063,0.25294423017085876,0.29387164806226296
0.29751849325745927,0.40645423670992,0.22027870536844518,0.26054613031956475,0.4307891195453779,0.4079764499323335,0.38385889772549187,0.25754310134020253,0.293463222988684,0.2633800074456464,0.4892364828526561,0.2554889335561379,0.5099913968371599,0.25080424047838135,0.25062816579157,0.3580080900437783,0.25917195350519373,0.5125173965464774,0.45591620227889207,0.38267857621576773,1.0,0.5073618482749426,0.536228804206434,0.31944449898380234,0.29152161968738255,0.341338633993968,0.5078909138149676,0.25607686091383786,0.28492423344066165,0.30470038389463494,0.2440312176314885,0.45713954637448884,0.0,0.4936481168807222,0.41581896231617654,0.2744672706174244,0.3602804445766348,0.47613695558541524,0.18638268411495051,0.5159139699823072,0.24845731849938824,0.39472637168426195,0.5026537963849673,0.25836501969044623,0.2600450234810622,0.27705380643915245,0.415467808618741,0.4155751606051755,0.25307492599681525,0.2903317631355048
0.296851930411527,0.3982978024939624,0.21464965897777089,0.2589668985336846,0.42264876892013836,0.406073224930258,0.3592110990563542,0.25695143179708124,0.29408821623540427,0.2607819057762233,0.4947393984291554,0.25203054691767524,0.5770849599967738,0.2520173065742878,0.2491993701687969,0.35165404176514903,0.25992488833956673,0.5010793816238084,0.5141127820698053,0.36020691219995626,0.5073618482749426,1.0,0.6997494003601459,0.3185908434280812,0.2916506977348231,0.3320490051243362,0.504592097758962,0.2532022827427306,0.28096764941182373,0.29389456553602844,0.24184137240691184,0.48196086932822535,0.0,0.6075522089958767,0.4077660210757308,0.2639841333607412,0.34465263488863684,0.47719358170071846,0.18133437460744206,0.5131520747722007,0.24475867034356902,0.3955368154208746,0.5043728707297275,0.2583222620961756,0.2561340625494428,0.27032966428339644,0.40217525939015164,0.40169367505585274,0.2526383831243981,0.2885797254446518
0.30912615956769285,0.42034429143570484,0.22617658166656562,0.27699547714250683,0.4365539526419172,0.43107548785645655,0.3838295841370679,0.270792296440993,0.3045942221164799,0.2705711800511802,0.4974101720662558,0.2658894110555876,0.5492291853755347,0.2648896310148763,0.2646462376619563,0.3672500506293599,0.2699648781983185,0.5237768604224167,0.45650865664124507,0.38370136868408444,0.536228804206434,0.6997494003601459,1.0,0.3285891558907379,0.30290207608081743,0.34215040383216966,0.5317669860956685,0.2694002544720796,0.29569306837172027,0.3071140012104776,0.25796476577650274,0.48013885159405634,0.0,0.6279585253152911,0.4222428704861564,0.27692958005297996,0.3664317914578523,0.49307992699298786,0.1914802817060397,0.5312281553098961,0.25989553094412343,0.4091274711417432,0.518534715902806,0.272385742220259,0.27162528010296705,0.28043208400220976,0.4169010478566896,0.41716186860244475,0.26155936288635584,0.29962050931947715
0.27007447075418944,0.43647926917083113,0.1728347886276228,0.23033983055916485,0.3829372474499423,0.4600330809016976,0.2803437483448036,0.25078671599876545,0.23866482205346096,0.21519234722964187,0.34787266636986414,0.24273768536910179,0.33585948736011784,0.20423217466454702,0.20149633023369395,0.27414279210161074,0.5331610674245808,0.3300651665669706,0.282750357640705,0.2767392449210886,0.31944449898380234,0.3185908434280812,0.3285891558907379,1.0,0.5665307861189925,0.4647733566158324,0.3288108336875487,0.2020926456252854,0.25039626942914717,0.2431142605467288,0.2027885407891158,0.3932311302835526,0.0,0.3486888246303562,0.4712230086214918,0.2184740007728203,0.2653857470073089,0.3425787748563017,0.1990696081913098,0.34497050552534314,0.20348469061694685,0.3694975942802322,0.3329391305262388,0.2506242896063442,0.2474452285882357,0.23863809670701863,0.3856309982095464,0.38651969884978377,0.20745348920235052,0.24301086634261393
0.2685848484223958,0.40806849754467145,0.16507148511937608,0.22236287656067377,0.35119044704707336,0.4293597800571064,0.25891465845748707,0.23943828527836164,0.22093326573807048,0.20483821778241862,0.3082561408506159,0.2395025823263187,0.3038398802780804,0.19213889358128944,0.19351990030706567,0.25952325731847825,0.6143274190486274,0.2980572676519103,0.2636747309419555,0.25824170491385945,0.29152161968738255,0.2916506977348231,0.30290207608081743,0.5665307861189925,1.0,0.48704697462391744,0.29684632863052884,0.19207036551883183,0.2241076455206752,0.22904987407363542,0.18796665972160742,0.41000693197208204,0.0,0.32203778193928545,0.42764385881421174,0.19822634581964016,0.25139725931998314,0.3208952960019157,0.2739521536610984,0.31834081133226566,0.19023015271611254,0.33190220317974795,0.30706099446611035,0.25064287971136745,0.2452984481858671,0.23068584280809412,0.36943549191759206,0.3718606562313178,0.20200964360259643,0.22126617306633212
0.2735846043732105,0.4097330059339799,0.18139176859021433,0.24005965342355085,0.373439881805283,0.4166443588475167,0.2925711474951792,0.2496342078164745,0.25439694805669444,0.23481251674525205,0.3612193348807998,0.25042570770069805,0.35214140929297766,0.21930597428512666,0.218550053084966,0.3002504603984918,0.4607350415394076,0.3462548543272562,0.299762191810519,0.2922202656596262,0.341338633993968,0.3320490051243362,0.34215040383216966,0.4647733566158324,0.48704697462391744,1.0,0.34025444597475496,0.214690941153169,0.2430438049596937,0.2559854092692654,0.2148837442252789,0.3883734556637639,0.0,0.3399295997946481,0.4244589991229385,0.22660354962232943,0.2834494259166406,0.36036514562549105,0.2217007136694309,0.3621746274906481,0.21860602083439917,0.38593628813149483,0.3481541393444738,0.2578802745769966,0.2511758071503648,0.24954300668321328,0.41486827372709123,0.419141986474171,0.2299560253430981,0.2481025556571934
0.30409533855500714,0.4176457438519908,0.22768215466462693,0.26708524415760204,0.4404174870001758,0.4207196266881127,0.35519690505686063,0.26699731930676884,0.30203234112038513,0.2734764942131501,0.5114626764681371,0.2589775082014376,0.5303450875318527,0.26225562972178373,0.2597213807174127,0.3412820055520148,0.26099850866785246,0.49301219927689144,0.4325126033123302,0.3571380999285829,0.5078909138149676,0.504592097758962,0.5317669860956685,0.3288108336875487,0.29684632863052884,0.34025444597475496,1.0,0.2606334744837857,0.2930546459315564,0.30807475879831225,0.25534399206492286,0.4716225229836182,0.0,0.4981447976758442,0.41621642727500985,0.26922323144715055,0.33663427567882,0.583586945432675,0.18691597710453722,0.5469592310835052,0.25963186064691157,0.4135790920015485,0.6165605477616173,0.2668138186824993,0.2622974360297603,0.2843211581001541,0.41367902645840504,0.41316326760823296,0.2612424062080916,0.2988534981602834
0.2752497319811661,0.2753570854147921,0.20758637881502762,0.5202346625860725,0.24927129939271553,0.26961229470908954,0.2502903188473735,0.6937024712995303,0.2641627506161017,0.5021700129325744,0.2654555020092919,0.48094308439098576,0.2610778436158524,0.5164223349115298,0.48485317145765594,0.2443217633367326,0.1702107241542803,0.25934650544073445,0.23023729784421343,0.2534033605713173,0.25607686091383786,0.2532022827427306,0.2694002544720796,0.2020926456252854,0.19207036551883183,0.214690941153169,0.2606334744837857,1.0,0.30963057523380355,0.2695242053914977,0.4723949346662656,0.2579021703801533,0.0,0.2548128966977763,0.25671741985316276,0.4076472610545201,0.2394553675900366,0.27169864875317107,0.30681639505426095,0.2643720876950648,0.4860221501816716,0.2506856331779771,0.26475870758330755,0.7869523813014465,0.7548658570213855,0.2918391634105352,0.2597027419788712,0.2609936724424812,0.4621043406742512,0.30178693902069653
0.3393006644546803,0.30529216010205684,0.23952449520848373,0.30133759939458493,0.29637952920468147,0.31697837744570934,0.2845579208390496,0.3104575585850664,0.3272624142197449,0.3138140784057504,0.29955071966632096,0.31441245274487817,0.29252299413400584,0.30576108864456286,0.299333416513917,0.2796593294897556,0.20776457199723264,0.2923161657500283,0.25555615109779783,0.28771814379956384,0.28492423344066165,0.28096764941182373,0.29569306837172027,0.25039626942914717,0.2241076455206752,0.2430438049596937,0.2930546459315564,0.30963057523380355,1.0,0.32315815993333963,0.2916460368846494,0.28789817920754557,0.0,0.2867525063948251,0.29272284000924453,0.30091165047368085,0.2749112460376132,0.2951027362033366,0.20398966814110409,0.29380751687025664,0.29071276305612015,0.2824774966019842,0.2979693689169638,0.3062278711110096,0.3080003004345495,0.3943614773219668,0.28779369222871787,0.2877638219839391,0.2989790519486284,0.6122455345612545
0.38126693854065996,0.3092767284478307,0.25275736727191633,0.27758343363032445,0.2976513321116957,0.305382196756542,0.295700977873642,0.27427570769872034,0.40286166009396795,0.28508577296111726,0.3161925700313215,0.2687733801884684,0.3151156099169855,0.2698946853813663,0.2659161951856678,0.2958916724869358,0.20342944016300035,0.30836027781806463,0.26570660473030305,0.2997174765474817,0.30470038389463494,0.29389456553602844,0.3071140012104776,0.2431142605467288,0.22904987407363542,0.2559854092692654,0.30807475879831225,0.2695242053914977,0.32315815993333963,1.0,0.26242240768299907,0.28805686602450875,0.0,0.2937846131555273,0.3004417168846193,0.27899642751621,0.2855089310754607,0.30174597199680975,0.19519886112882845,0.3187012691548541,0.2671180361413169,0.2940778618431933,0.31329895163099186,0.2728367944251495,0.27077296615635604,0.3187016707818179,0.30296636729440285,0.3026564260515028,0.26760554998739194,0.33482663118772027
0.2654592102271527,0.2593222511248233,0.19922134380976864,0.505261438610871,0.256038934213087,0.259588486324115,0.24054071669098975,0.4649960136643648,0.26113849565263203,0.5128301073415933,0.25846781564718024,0.45142071316960464,0.2532064233087642,0.5034540065861091,0.4956651197058647,0.2381908182519511,0.16970039164964013,0.2515124982527682,0.21849481734445964,0.24163230259511925,0.2440312176314885,0.24184137240691184,0.25796476577650274,0.2027885407891158,0.18796665972160742,0.2148837442252789,0.25534399206492286,0.4723949346662656,0.2916460368846494,0.26242240768299907,1.0,0.24884815929137993,0.0,0.24900797816364506,0.2448912123157122,0.40566344475598237,0.23147479133274496,0.2547612368963401,0.3007258183857602,0.2571586349418413,0.6528967641931047,0.24683898047251518,0.2572816631835154,0.47210069326588133,0.47059628467810266,0.2821183571204029,0.24765085660719377,0.24775311254327348,0.43634439246799683,0.2882579461932395
0.31589295226018244,0.39425215787762957,0.2141593322127474,0.2763983218196614,0.46111567290624067,0.4175808130502393,0.3292501056241566,0.2738698794231522,0.2868995867439691,0.25913228640411434,0.4618905526172674,0.26743382480916233,0.5022982440799473,0.25480224861860845,0.2548516878362139,0.3313009315714617,0.38753084166739515,0.44130769261421043,0.4478266518553986,0.3280399628020939,0.45713954637448884,0.48196086932822535,0.48013885159405634,0.3932311302835526,0.41000693197208204,0.3883734556637639,0.4716225229836182,0.2579021703801533,0.28789817920754557,0.28805686602450875,0.24884815929137993,1.0,0.0,0.47017293818539374,0.4025493981586723,0.2534713127572855,0.32301885415324294,0.47607702962529497,0.216072764748253,0.48690554837153754,0.24763657186484522,0.39488427536296433,0.4832513102369702,0.27543203110957726,0.27867523599589006,0.27556181701658844,0.41126413554628405,0.4114956038193358,0.24437514532832072,0.282274443129682
0.0,0.0,0.0,0.0,0.0,0.0,0.0,0.0,0.0,0.0,0.0,0.0,0.0,0.0,0.0,0.0,0.0,0.0,0.0,0.0,0.0,0.0,0.0,0.0,0.0,0.0,0.0,0.0,0.0,0.0,0.0,0.0,1.0,0.0,0.0,0.0,0.0,0.0,0.0,0.0,0.0,0.0,0.0,0.0,0.0,0.0,0.0,0.0,0.0,0.0
0.303507704295624,0.4026477559846221,0.2213663157329866,0.26103898135775094,0.43584064055363203,0.42766249489564745,0.34858193679664784,0.26461037336073145,0.2905566541925344,0.26290681817097405,0.48005500651322663,0.2600856478313306,0.5231101080145302,0.2521656814682143,0.25341093506802403,0.33928448684403767,0.2928984190629538,0.4701065715266056,0.42038735966407204,0.3487746606773171,0.4936481168807222,0.6075522089958767,0.6279585253152911,0.3486888246303562,0.32203778193928545,0.3399295997946481,0.4981447976758442,0.2548128966977763,0.2867525063948251,0.2937846131555273,0.24900797816364506,0.47017293818539374,0.0,1.0,0.4165501274437149,0.27585252976975483,0.3343754071239846,0.4743276548155402,0.20340455589151907,0.5088063756542629,0.24727209068248268,0.3986637825261432,0.498436611508001,0.26424954608859796,0.26529526166384565,0.2743716550775157,0.4107922495861708,0.41014777491781873,0.2518550005644755,0.2932099577817834
0.3063131693575116,0.566743370238667,0.21341248558804127,0.26588699093158064,0.41270200098404475,0.5780695504518942,0.3644122691440129,0.2676533728401116,0.29405251497801044,0.2684239744385132,0.4370867898855283,0.2623267885048455,0.4261270873216879,0.25910714539668644,0.25542567629469326,0.35402898429289353,0.33819318991801506,0.4229356829064027,0.36681350199368423,0.3626186358407527,0.41581896231617654,0.4077660210757308,0.4222428704861564,0.4712230086214918,0.42764385881421174,0.4244589991229385,0.41621642727500985,0.25671741985316276,0.29272284000924453,0.3004417168846193,0.2448912123157122,0.4025493981586723,0.0,0.4165501274437149,1.0,0.2693972598851305,0.34077465626535586,0.4126882506347892,0.19089256361412843,0.43367519714756275,0.24916252445505693,0.4665024684813379,0.429775096899942,0.2647539892680787,0.2651607381248613,0.2766278952469874,0.4785622693416267,0.47798740821613883,0.258031078897063,0.29287175585095826
0.2798246779300373,0.2674465265463778,0.21464138963536572,0.42452409169671024,0.2569790264011317,0.27794070778203317,0.2732689771070802,0.4083056828026519,0.2807641023140257,0.4304320783184674,0.28131387319833134,0.4028386628210109,0.2672011053976947,0.4158147610918843,0.41482125905781164,0.2652550813071911,0.18222496108788144,0.2786270443129161,0.24695087896368328,0.2728848374891937,0.2744672706174244,0.2639841333607412,0.27692958005297996,0.2184740007728203,0.19822634581964016,0.22660354962232943,0.26922323144715055,0.4076472610545201,0.30091165047368085,0.27899642751621,0.40566344475598237,0.2534713127572855,0.0,0.27585252976975483,0.2693972598851305,1.0,0.26143689527227465,0.2631954692195847,0.2997252983110069,0.2726509124601729,0.4115957120431415,0.2604348348589105,0.2708403783409543,0.40900960236694983,0.4111437646174856,0.2894522879241658,0.2635126280365877,0.26254436830169203,0.407085777854436,0.3051605277769234
0.28694030435728635,0.33709285615383966,0.20593642670358614,0.24858484036747008,0.31464061375316354,0.34249143773948365,0.7883757156295568,0.24371691290009512,0.28205986575116127,0.2514134277956126,0.34551395213980396,0.24076923687639562,0.3357540094840057,0.24009129662026252,0.23754740752811077,0.7647456294944328,0.21934221526880104,0.36379552245263,0.33477104402069224,0.797862885880736,0.3602804445766348,0.34465263488863684,0.3664317914578523,0.2653857470073089,0.25139725931998314,0.2834494259166406,0.33663427567882,0.2394553675900366,0.2749112460376132,0.2855089310754607,0.23147479133274496,0.32301885415324294,0.0,0.3343754071239846,0.34077465626535586,0.26143689527227465,1.0,0.32530993791900886,0.17793843354265138,0.33845747838072393,0.2321663247758673,0.32357526006459425,0.3437738765155989,0.24200885385409598,0.24174413190303645,0.2546955956892806,0.3233157346942467,0.32172190037878023,0.2372433056708083,0.2770166056412774
0.3149623101351855,0.43269189270759845,0.22843060045646268,0.26548311172529526,0.4482359381365647,0.43427679681622566,0.34084327633380296,0.28378563352560304,0.2954284445612968,0.2727538307899985,0.4910754771311725,0.26914651577660875,0.500409289153972,0.2604798953396461,0.2588038055429057,0.3341291090247962,0.2779837954500073,0.45991163045780403,0.4057304126258382,0.3431422950885419,0.47613695558541524,0.47719358170071846,0.49307992699298786,0.3425787748563017,0.3208952960019157,0.36036514562549105,0.583586945432675,0.27169864875317107,0.2951027362033366,0.30174597199680975,0.2547612368963401,0.47607702962529497,0.0,0.4743276548155402,0.4126882506347892,0.2631954692195847,0.32530993791900886,1.0,0.1939236218665762,0.521619950818172,0.26073762902787745,0.40963998154788905,0.6219435402581025,0.28205539698129234,0.2744666647084921,0.2818236942818011,0.4308159206493266,0.43137469834058495,0.27087744490711285,0.29496252944303214
0.21430920882258508,0.18454591725409086,0.1436728408551169,0.3287794123933335,0.19922190409463536,0.2029605739267034,0.1851350067416273,0.32729352588485816,0.19018883227419459,0.32768965864060895,0.19529978030108897,0.33235858286643416,0.18802641523653751,0.313347521463742,0.3173647505068117,0.1826382173231097,0.27559976742970416,0.18936176918626912,0.16782058989901882,0.18316774119232881,0.18638268411495051,0.18133437460744206,0.1914802817060397,0.1990696081913098,0.2739521536610984,0.2217007136694309,0.18691597710453722,0.30681639505426095,0.20398966814110409,0.19519886112882845,0.3007258183857602,0.216072764748253,0.0,0.20340455589151907,0.19089256361412843,0.2997252983110069,0.17793843354265138,0.1939236218665762,1.0,0.1995729680102879,0.3066774416220781,0.18364419480298178,0.19207231522709223,0.3289614890112996,0.33203713563103565,0.2128040569924744,0.20487430045910182,0.2041426383543533,0.296423556091309,0.2063627053811472
0.31053186416648226,0.424673279124661,0.22878718391234676,0.26749071392273294,0.45605515476270364,0.4308646277323206,0.3572891004043831,0.2735116584394718,0.30225945911777696,0.27573850340345685,0.5260990945385654,0.26491286108493284,0.5430238298311953,0.26170370780036756,0.2609101193857176,0.34784419259570654,0.28631536449835915,0.49908617980086356,0.4418779908118653,0.3614411345260673,0.5159139699823072,0.5131520747722007,0.5312281553098961,0.34497050552534314,0.31834081133226566,0.3621746274906481,0.5469592310835052,0.2643720876950648,0.29380751687025664,0.3187012691548541,0.2571586349418413,0.48690554837153754,0.0,0.5088063756542629,0.43367519714756275,0.2726509124601729,0.33845747838072393,0.521619950818172,0.1995729680102879,1.0,0.25806608701824096,0.42358128610162515,0.5444106030483933,0.2706956427175684,0.27130401849925445,0.2902674272932899,0.44164718750602383,0.44192075817115806,0.26081463182313536,0.3072733285800737
