../ecoli_genomes/GCF_000163235.1_ASM16323v1_genomic.fna.gz,../ecoli_genomes/GCF_000164555.1_ASM16455v1_genomic.fna.gz,../ecoli_genomes/GCF_000208545.1_ASM20854v2_genomic.fna.gz,../ecoli_genomes/GCF_000233875.1_ASM23387v1_genomic.fna.gz,../ecoli_genomes/GCF_000249735.1_ASM24973v2_genomic.fna.gz,../ecoli_genomes/GCF_000261145.1_Esch_coli_M919_V2_genomic.fna.gz,../ecoli_genomes/GCF_000267705.2_ASM26770v2_genomic.fna.gz,../ecoli_genomes/GCF_000350665.1_Esch_coli_KTE5_V1_genomic.fna.gz,../ecoli_genomes/GCF_000351625.1_Esch_coli_KTE66_V1_genomic.fna.gz,../ecoli_genomes/GCF_000352285.1_Esch_coli_KTE46_V1_genomic.fna.gz,../ecoli_genomes/GCF_000358895.1_ASM35889v1_genomic.fna.gz,../ecoli_genomes/GCF_000456385.1_Esch_coli_HVH_26_4-5703913_V1_genomic.fna.gz,../ecoli_genomes/GCF_000458195.1_Esch_coli_HVH_147_4-5893887_V1_genomic.fna.gz,../ecoli_genomes/GCF_000459755.1_Esch_coli_KOEGE_58_171a_V1_genomic.fna.gz,../ecoli_genomes/GCF_000460055.1_Esch_coli_UMEA_3053-1_V1_genomic.fna.gz,../ecoli_genomes/GCF_000462165.2_ASM46216v2_genomic.fna.gz,../ecoli_genomes/GCF_000601135.1_ASM60113v1_genomic.fna.gz,../ecoli_genomes/GCF_000614595.1_Ec2010EL1058_genomic.fna.gz,../ecoli_genomes/GCF_000617745.1_Ec2010C-4529_genomic.fna.gz,../ecoli_genomes/GCF_000618265.2_EcF6751_genomic.fna.gz,../ecoli_genomes/GCF_000619005.2_Ec2009C-4052_genomic.fna.gz,../ecoli_genomes/GCF_000619105.1_Ec2009C-4780_genomic.fna.gz,../ecoli_genomes/GCF_000619765.2_Ec2009C-3279_genomic.fna.gz,../ecoli_genomes/GCF_000687005.1_ASM68700v1_genomic.fna.gz,../ecoli_genomes/GCF_000687025.1_ASM68702v1_genomic.fna.gz,../ecoli_genomes/GCF_000700125.1_ASM70012v1_genomic.fna.gz,../ecoli_genomes/GCF_000753315.1_FHI35_genomic.fna.gz,../ecoli_genomes/GCF_000776375.1_ASM77637v1_genomic.fna.gz,../ecoli_genomes/GCF_000779395.1_ASM77939v1_genomic.fna.gz,../ecoli_genomes/GCF_000780315.1_ASM78031v1_genomic.fna.gz,../ecoli_genomes/GCF_000781995.1_ASM78199v1_genomic.fna.gz,../ecoli_genomes/GCF_000986765.1_ASM98676v1_genomic.fna.gz,../ecoli_genomes/GCF_001041375.1_ViralProj287958_genomic.fna.gz,../ecoli_genomes/GCF_001265335.1_302014_genomic.fna.gz,../ecoli_genomes/GCF_001265625.1_100854_genomic.fna.gz,../ecoli_genomes/GCF_001267345.1_303289_genomic.fna.gz,../ecoli_genomes/GCF_001309985.1_ASM130998v1_genomic.fna.gz,../ecoli_genomes/GCF_001521695.1_ASM152169v1_genomic.fna.gz,../ecoli_genomes/GCF_001592595.1_ASM159259v1_genomic.fna.gz,../ecoli_genomes/GCF_001614975.1_ASM161497v1_genomic.fna.gz,../ecoli_genomes/GCF_001692775.1_ASM169277v1_genomic.fna.gz,../ecoli_genomes/GCF_001748915.1_ASM174891v1_genomic.fna.gz,../ecoli_genomes/GCF_001749235.1_ASM174923v1_genomic.fna.gz,../ecoli_genomes/GCF_001881155.1_ASM188115v1_genomic.fna.gz,../ecoli_genomes/GCF_001881345.1_ASM188134v1_genomic.fna.gz,../ecoli_genomes/GCF_001892405.1_ASM189240v1_genomic.fna.gz,../ecoli_genomes/GCF_001892585.1_ASM189258v1_genomic.fna.gz,../ecoli_genomes/GCF_001893985.1_ASM189398v1_genomic.fna.gz,../ecoli_genomes/GCF_002001595.1_ASM200159v1_genomic.fna.gz,../ecoli_genomes/GCF_002002145.1_ASM200214v1_genomic.fna.gz
1.0,0.7879140354678067,0.7615537836905762,0.7725014861024414,0.7426022297152881,0.7792131510297486,0.7807088233875868,0.7780795669218084,0.8026371003824495,0.7732772359153282,0.7817557039815339,0.7812713094641388,0.7785771257591807,0.7707435952339073,0.7598527927036101,0.7813884067072068,0.7225315226425664,0.7804703779934412,0.7300659479625591,0.7842880248800701,0.7806895835630554,0.7693084282625747,0.779893846212344,0.7423848252563268,0.7246134973503373,0.6905491567764044,0.7816237157137985,0.7744099339669199,0.7959277750336153,0.8101311544498724,0.7577420566150314,0.7673455440488731,0.06643106922059805,0.7766875123639244,0.7684806289963177,0.7744306853509109,0.770630183927409,0.7849003048073934,0.7201851796653649,0.785561164664968,0.7682209107334015,0.775432575433256,0.7803820309049049,0.7805948317070289,0.7808931618444399,0.7838765527191166,0.7803762568262935,0.7805397270468986,0.7752697006887129,0.7978580713911885
0.7879140354678067,1.0,0.7606021401534969,0.7661848681559088,0.7700324864069228,0.8363890650317204,0.7823448868037565,0.7753889576891265,0.7835117301231245,0.7723409806696416,0.8101072337954176,0.7727858771387779,0.8043773069281428,0.7683084769574035,0.7536238984998512,0.7847564435716698,0.7264715366895955,0.8088455234253926,0.7469643327391954,0.7900330761264807,0.8054561650364791,0.7905733204125651,0.8067494659803294,0.7677725971770895,0.7543316080537059,0.6870492641376194,0.8137808840473832,0.7776662329970556,0.7871283649579314,0.7847801626626356,0.7515410842005923,0.7830753447827774,0.0611409144915509,0.8069349327802678,0.8239493125557688,0.7706606619558704,0.7735086353999392,0.8171501496427545,0.703846931526059,0.8153890164496109,0.7635951568344739,0.8106448570257003,0.8121581085572298,0.7817278142401984,0.777094440216072,0.7715741480799427,0.8244922723769919,0.8242827054204674,0.7773705201673625,0.782039042495201
0.7615537836905762,0.7606021401534969,1.0,0.7414742534648797,0.7134660106024261,0.7464750495594863,0.749903064512156,0.7502602372349393,0.7675733950593562,0.7461327861935723,0.7584292683047755,0.745306160067282,0.7455994504725246,0.7478710348852693,0.736757671217565,0.7516388898222678,0.6679161357080334,0.7521507908477654,0.698817623150626,0.755485756762136,0.7499143991861403,0.7365905294668111,0.7464334110865505,0.6923560733174747,0.6741113877637843,0.6343998299929253,0.7505492410853805,0.7519375854325961,0.7692672565208716,0.7644052363023089,0.73773211164305,0.7219965985842371,0.06547765602234767,0.7485004885641848,0.7366919897525177,0.7518279430227016,0.7414981022243348,0.748797076971522,0.6917678840942038,0.7548294126117778,0.7402714280751488,0.7503254817553321,0.7557346939199173,0.753264053332189,0.7472500351725987,0.7538851552968183,0.7625139291052493,0.7624865907915028,0.753458430219916,0.7691160214541597
0.7725014861024414,0.7661848681559088,0.7414742534648797,1.0,0.7406117899846438,0.7648242237476823,0.7555606332305315,0.8333012913105049,0.7765433609261646,0.8336067723987003,0.7643663889451764,0.8474216261391144,0.7527711475101072,0.8553206691944312,0.8608357793253194,0.7615578911082008,0.6948557222220817,0.7539256136864965,0.7023315757291491,0.7582443673431761,0.7540289904384255,0.7441696892631962,0.7564562656602468,0.7263993273674805,0.7098660339289096,0.6627883414168285,0.7528141224631254,0.8392223033028652,0.771147493203158,0.770764628949079,0.8304563785696242,0.7494636797191297,0.06785916072452958,0.7537856560677749,0.7515791080665837,0.7995895156847097,0.7491263391522278,0.7531952668984143,0.7430520042553875,0.7586243135130084,0.845989501925585,0.7569147828641131,0.7597574419366359,0.8391318950282256,0.8330776982518497,0.7681460472791994,0.7592967836198564,0.7602666880046547,0.8146973924965166,0.7803029163455786
0.7426022297152881,0.7700324864069228,0.7134660106024261,0.7406117899846438,1.0,0.7762907545696913,0.7390246573863712,0.7411202891144815,0.7552172466546488,0.7382768455351547,0.7939243380201072,0.7395735320078372,0.7915051018216478,0.7305035433928612,0.7342944028650666,0.7601114882313875,0.7215835896147912,0.7701618453625846,0.7172772374003371,0.7452809025304121,0.7711830856812351,0.756830880636849,0.7717741429030116,0.7550414977872193,0.7283785463326236,0.6757791094638939,0.7754400877489537,0.7307194660907081,0.7385030015692751,0.7544100192772791,0.7263317667087593,0.7818041825545868,0.060625303671173914,0.7717451973931454,0.7637825151254396,0.7253505285676958,0.7425107119567337,0.7796105353403099,0.7005661452644989,0.7784850935639395,0.738469184700167,0.7648955959815874,0.7875789610435331,0.7363227837855791,0.734385102403855,0.7254579308028433,0.7709483244967658,0.7722687197019729,0.7308522287331831,0.7384236063787859
0.7792131510297486,0.8363890650317204,0.7464750495594863,0.7648242237476823,0.7762907545696913,1.0,0.7905480083801316,0.7721461704191338,0.779127802468843,0.7604700117989894,0.8035174330215128,0.7659184728314579,0.8020890103739441,0.764679191533422,0.7541012061631351,0.786073706589143,0.7448585895165369,0.8078890455075087,0.7508134777906409,0.792943668222545,0.8024867378820868,0.7885076684382577,0.8065806156048796,0.777655711360552,0.7665811425356065,0.7009934700057255,0.8012797546795417,0.765851071435364,0.7801389956436672,0.7701797327607781,0.7488096025497217,0.7910882877596971,0.06201385481402655,0.8119139249484049,0.8223671522781644,0.7707572354222401,0.7826330165707791,0.8065620934173219,0.7098097343127784,0.8098028652639926,0.7585878263036674,0.8245976344761465,0.8077751284541519,0.7725526328996277,0.7700183823521094,0.765665350597089,0.8218548326127587,0.8241037405938456,0.7651856124182252,0.7778588712982808
0.7807088233875868,0.7823448868037565,0.749903064512156,0.7555606332305315,0.7390246573863712,0.7905480083801316,1.0,0.7585577726240519,0.7777990472630139,0.7513437209284474,0.782680880979748,0.7552596294689986,0.7791132055263721,0.7535005994789314,0.7445081370839574,0.8901510377656121,0.6979261840138619,0.8079627105243788,0.7497542919985685,0.9433276793855829,0.8083343092413352,0.7904580274144917,0.8074931179821441,0.727052087409482,0.7106936657153249,0.66533520112496,0.7932526460654997,0.7557833148907798,0.7739024847245848,0.769663931922535,0.743957543457689,0.761758549848043,0.061706072771414266,0.7921578600954886,0.7789917381811343,0.7716293867265817,0.9126020147306063,0.7790112344385036,0.7053658735403996,0.787376117341303,0.7488929403208191,0.7875186857486542,0.789143910439509,0.7589874569033771,0.758475860613678,0.7574863232378236,0.7815948562785824,0.7832809826318545,0.7598686920020833,0.768626011168283
0.7780795669218084,0.7753889576891265,0.7502602372349393,0.8333012913105049,0.7411202891144815,0.7721461704191338,0.7585577726240519,1.0,0.7700530559616705,0.832542650234416,0.7655071709289326,0.8327557198233418,0.7588902991590666,0.8319709748701812,0.8225160759474031,0.7642775950215919,0.7012524416522103,0.7632946653513342,0.7144470127374076,0.7617872727459678,0.757279798392315,0.754309688297173,0.7608811731922053,0.7360808030203734,0.716200596485272,0.6724002031511164,0.7620740333562918,0.8834959856015238,0.7757685830956056,0.7667961883849592,0.8195328539174239,0.7522887489154855,0.06652068449909443,0.7650506081990811,0.7548652071289721,0.8047075001598845,0.7518345895633496,0.7675375220954055,0.7485975949053835,0.7671851061658781,0.8242004216557529,0.76722846246844,0.7695421746289575,0.8860158240399629,0.8811376793888492,0.7725511549116615,0.7647801966225329,0.7643123788068465,0.8186059294301832,0.7766593657635598
0.8026371003824495,0.7835117301231245,0.7675733950593562,0.7765433609261646,0.7552172466546488,0.779127802468843,0.7777990472630139,0.7700530559616705,1.0,0.77920224621457,0.7911315169345072,0.7715279228993589,0.7825447142569115,0.7730634639735516,0.7672497463843156,0.7827710539580841,0.6996414215341427,0.7762233704878955,0.7157167971294974,0.7827931392960626,0.7740580937156918,0.763355393604854,0.7770335232531685,0.7317427366734044,0.7083009733118293,0.6662529870037942,0.7812750360511946,0.7684909664058018,0.7879966689967376,0.816568572546166,0.7609095680477231,0.7558217013856157,0.06346119240058734,0.7746500642602085,0.7625270715747848,0.7757741674806267,0.7688427997400544,0.7764303553393941,0.7134729893576963,0.7845004741530244,0.7716298761151994,0.7787574406413018,0.7871826627800824,0.7724260979290709,0.7649302333076362,0.774761165483356,0.7788447907432744,0.7793078205415119,0.7752716350117115,0.794420106640318
0.7732772359153282,0.7723409806696416,0.7461327861935723,0.8336067723987003,0.7382768455351547,0.7604700117989894,0.7513437209284474,0.832542650234416,0.77920224621457,1.0,0.775383380811915,0.8305540435690127,0.7634437914542014,0.8368223910199273,0.8216174918408294,0.7598701814327598,0.6778672714981518,0.7602295872623379,0.7085179179019219,0.7550884562039023,0.7546886405777237,0.7507921177924625,0.7519878691464733,0.7157549785904079,0.6959889508338362,0.6520106010664535,0.7565828959940093,0.8321862883767968,0.7718645816015617,0.7771108081967386,0.8325205086060988,0.7348651846606415,0.06971063049882864,0.7555646880811645,0.7482116419100839,0.8067691808164701,0.7426740883999925,0.7601639714902996,0.7409196173267729,0.7667194369851438,0.838828852841589,0.755875966995879,0.7621553604751885,0.8283337622204142,0.8247119743882934,0.7625922468711387,0.7653440165907677,0.764300548744282,0.8258668613459916,0.774502937725138
0.7817557039815339,0.8101072337954176,0.7584292683047755,0.7643663889451764,0.7939243380201072,0.8035174330215128,0.782680880979748,0.7655071709289326,0.7911315169345072,0.775383380811915,1.0,0.7673356950030461,0.8320640129373021,0.7689182060639574,0.7548408265829949,0.7852438237103205,0.7138486419420144,0.8287541101558464,0.7534722704838105,0.7903613330119361,0.8151885983773256,0.8133394585937531,0.8207612142982681,0.7499032970000912,0.7199849731185459,0.6779893035831605,0.832156759841478,0.7680253518070173,0.778317828866071,0.7815324450491273,0.7516994329409866,0.7869732198620977,0.06529825829072977,0.8183030360722396,0.7944081956909947,0.7725282389651962,0.7742314438272964,0.8204639572026367,0.7027527516702496,0.8374137520944356,0.7583633477710364,0.806759181020142,0.8386387104550059,0.7695325050791192,0.7632748143380879,0.7607549945898666,0.8107330688943115,0.8112296941761694,0.7709770493256628,0.7813142501875154
0.7812713094641388,0.7727858771387779,0.745306160067282,0.8474216261391144,0.7395735320078372,0.7659184728314579,0.7552596294689986,0.8327557198233418,0.7715279228993589,0.8305540435690127,0.7673356950030461,1.0,0.7554454242235775,0.8333626772793672,0.8546601385106161,0.7604552818524285,0.7033488099687824,0.7580361874697088,0.706849732103535,0.7569300255829534,0.7616375274680234,0.749951614620861,0.7587206300484697,0.733395775456122,0.7127613103612158,0.6681178424220087,0.7564708229588115,0.8353245850228338,0.7749987743821034,0.7723264612219108,0.8087335622927913,0.7463397921926226,0.06632281184428401,0.7623213939127648,0.7552161408896332,0.8039406805276945,0.7461022585935503,0.7637543809650998,0.7416486210339696,0.7646003677700766,0.8259976029835059,0.7561239064554106,0.7644498162613604,0.8420993436658692,0.836785595548448,0.7657785644256995,0.7666609617794244,0.7664436849269379,0.8178799900033357,0.7774514505035426
0.7785771257591807,0.8043773069281428,0.7455994504725246,0.7527711475101072,0.7915051018216478,0.8020890103739441,0.7791132055263721,0.7588902991590666,0.7825447142569115,0.7634437914542014,0.8320640129373021,0.7554454242235775,1.0,0.7507195826241428,0.7496071647539053,0.7895492024050981,0.7097458866056541,0.8277067095136624,0.804472645542857,0.7855020434598283,0.8260415077543012,0.8436455812414148,0.8326144512749287,0.7487739313883114,0.7207838745604229,0.6728426146927196,0.8340451560615334,0.7578943805314372,0.7730493163747847,0.7841848693102179,0.7445063599721414,0.8134310207775162,0.06147560666235874,0.8323412760445207,0.7947119129867696,0.7574706422356656,0.7740911340436732,0.822011053616758,0.7008834665702317,0.8362091528718615,0.7552180096834612,0.8003834371179149,0.8343564349535353,0.7587485053206322,0.7529153371376164,0.7540962395726506,0.8049348817412463,0.8059401641061008,0.7602016605754724,0.771712810016374
0.7707435952339073,0.7683084769574035,0.7478710348852693,0.8553206691944312,0.7305035433928612,0.764679191533422,0.7535005994789314,0.8319709748701812,0.7730634639735516,0.8368223910199273,0.7689182060639574,0.8333626772793672,0.7507195826241428,1.0,0.8470381058031409,0.7551502056923185,0.6846401551920704,0.7583032219873018,0.7085172614886688,0.7570298233459789,0.7520127308751708,0.7452518629743632,0.7563205168509847,0.713813841572441,0.6973674487000759,0.6478153123755677,0.754915344739935,0.8408103455501089,0.7783462045810805,0.768564956572575,0.8243314449492084,0.7418257916676856,0.07124682677249561,0.7547361647309025,0.7479346750007081,0.8036140390760362,0.744355420510894,0.754186476144771,0.7445587858648786,0.7573721583625563,0.8351577610044916,0.7579050186380153,0.7608282395643862,0.8399578308465439,0.8343616578146326,0.7718043371009952,0.7631760698692436,0.7638696833042864,0.8159240887467816,0.7875844328020212
0.7598527927036101,0.7536238984998512,0.736757671217565,0.8608357793253194,0.7342944028650666,0.7541012061631351,0.7445081370839574,0.8225160759474031,0.7672497463843156,0.8216174918408294,0.7548408265829949,0.8546601385106161,0.7496071647539053,0.8470381058031409,1.0,0.7544137132755087,0.6822352639858771,0.750069251985533,0.7006675560815644,0.7484956612693641,0.7478337230572718,0.7398846177038416,0.7509490842937335,0.7103624465331965,0.694053273074694,0.646990140797209,0.7512666159655754,0.8231715304739923,0.7669129377947747,0.7589766230488789,0.8278741476625601,0.7405731059225154,0.0652910580997631,0.75033138246793,0.7374342690600271,0.7935281505606462,0.7408531198677308,0.7519107318658139,0.7383651562786209,0.7510612551813052,0.8355668265405919,0.7505280033551958,0.7553964369985213,0.823834720074031,0.8182377846138053,0.7640180403142303,0.7561416439677473,0.7563544513801068,0.8097201604152254,0.7750419602153286
0.7813884067072068,0.7847564435716698,0.7516388898222678,0.7615578911082008,0.7601114882313875,0.786073706589143,0.8901510377656121,0.7642775950215919,0.7827710539580841,0.7598701814327598,0.7852438237103205,0.7604552818524285,0.7895492024050981,0.7551502056923185,0.7544137132755087,1.0,0.7021596185770425,0.7981367336240687,0.75198829569364,0.8996397423276643,0.7966500769223034,0.7878826291998378,0.7970906627511474,0.7356246306564713,0.7171370886836628,0.6726393716965515,0.7886288082377473,0.7584320868530736,0.7744592946338011,0.7823901346216362,0.7516449946388698,0.7691408238720543,0.06444060834859233,0.7862733215857823,0.7795399322282339,0.7667534529901693,0.8964168358077027,0.7781789296694056,0.7010469016996226,0.7869071235897278,0.7574337819509696,0.7818036111478451,0.7880925860474094,0.7611260585879251,0.7580569743372819,0.7618973768262793,0.7813569202552612,0.782922875836264,0.7624148558633972,0.7690673241207043
0.7225315226425664,0.7264715366895955,0.6679161357080334,0.6948557222220817,0.7215835896147912,0.7448585895165369,0.6979261840138619,0.7012524416522103,0.6996414215341427,0.6778672714981518,0.7138486419420144,0.7033488099687824,0.7097458866056541,0.6846401551920704,0.6822352639858771,0.7021596185770425,1.0,0.7127228928274307,0.669143959038542,0.7014669146687336,0.716027218732951,0.7017561921339817,0.7158891444528153,0.8122972560504904,0.8092634100603574,0.8096711396774116,0.7103375764690354,0.689177406268602,0.6928208142172847,0.6991007777552903,0.6722597103683048,0.7573688230580002,0.05478485863470073,0.7267883067212,0.7313858242337383,0.6844385077283592,0.6940591154958493,0.7229953602563197,0.6535834233861272,0.7189573097863069,0.6813992558454419,0.7211379378432258,0.7191257665733326,0.7100313297535554,0.7098821810368845,0.6929304799093723,0.7347669641137916,0.734669446537008,0.6817746036779049,0.7027271583875994
0.7804703779934412,0.8088455234253926,0.7521507908477654,0.7539256136864965,0.7701618453625846,0.8078890455075087,0.8079627105243788,0.7632946653513342,0.7762233704878955,0.7602295872623379,0.8287541101558464,0.7580361874697088,0.8277067095136624,0.7583032219873018,0.750069251985533,0.7981367336240687,0.7127228928274307,1.0,0.7862359157994283,0.8125052631489381,0.8452052803630338,0.8344097132035722,0.8528211852316633,0.7481927439121181,0.7239705200633397,0.6791926708728526,0.840986876491154,0.7610286681061533,0.7795451143810096,0.779380408660087,0.7450575475628296,0.7982323108835137,0.06233550713820146,0.8310520512542422,0.8062912961409732,0.7753317461691067,0.7969195538488606,0.8174002809024966,0.702418551514973,0.8382889005117216,0.7546520464138651,0.8048267302845671,0.8353733931852473,0.7647844892090327,0.7595805779154572,0.7635671425242948,0.8088378137769765,0.8098248033784188,0.7652906961912591,0.775348876615074
0.7300659479625591,0.7469643327391954,0.698817623150626,0.7023315757291491,0.7172772374003371,0.7508134777906409,0.7497542919985685,0.7144470127374076,0.7157167971294974,0.7085179179019219,0.7534722704838105,0.706849732103535,0.804472645542857,0.7085172614886688,0.7006675560815644,0.75198829569364,0.669143959038542,0.7862359157994283,1.0,0.7548794845162818,0.7755910587552782,0.8087583264828577,0.7752700578568084,0.6977158782685018,0.6816354059930801,0.6399075736382136,0.7691568344343576,0.7152605763847364,0.7276652452813916,0.7241619305391163,0.6969313187467221,0.7758798694500281,0.05720193881515123,0.7707256486042973,0.750448056298253,0.7224290394451698,0.7484862845785056,0.752714308965887,0.6591576605911962,0.7687552494234482,0.7016303893843046,0.7468265107036486,0.7659968148100854,0.7188774190257018,0.7145896817396753,0.7144435697228132,0.752139894859533,0.7532210885434611,0.714260456801697,0.7272578795152391
0.7842880248800701,0.7900330761264807,0.755485756762136,0.7582443673431761,0.7452809025304121,0.792943668222545,0.9433276793855829,0.7617872727459678,0.7827931392960626,0.7550884562039023,0.7903613330119361,0.7569300255829534,0.7855020434598283,0.7570298233459789,0.7484956612693641,0.8996397423276643,0.7014669146687336,0.8125052631489381,0.7548794845162818,1.0,0.8137512945721415,0.7947572152290746,0.8114201957064995,0.7311891671604351,0.7154493566011325,0.6688290250116055,0.7997591937760262,0.7592495314585531,0.7803644717137032,0.7770438171486289,0.7483809477964859,0.7673814422146885,0.06261047846965972,0.7956011069354927,0.782900778629472,0.7742230971771433,0.9161579352985392,0.7866828632521139,0.7054430312264839,0.7964518670462168,0.7533258131553543,0.7921163725363027,0.79640924084802,0.7613899903588432,0.7601885752734834,0.7638858636705447,0.7901478866848548,0.7917987946197662,0.7638874878716905,0.7750322219135232
0.7806895835630554,0.8054561650364791,0.7499143991861403,0.7540289904384255,0.7711830856812351,0.8024867378820868,0.8083343092413352,0.757279798392315,0.7740580937156918,0.7546886405777237,0.8151885983773256,0.7616375274680234,0.8260415077543012,0.7520127308751708,0.7478337230572718,0.7966500769223034,0.716027218732951,0.8452052803630338,0.7755910587552782,0.8137512945721415,1.0,0.8306498300305362,0.8473358619566129,0.7458990184316594,0.7276566455211151,0.6790519065657474,0.8339881757953984,0.7620968751001063,0.7753187930670429,0.7756935795754913,0.7406447858412016,0.79480409712776,0.06498961736073694,0.8324133597892727,0.803012079745878,0.7702385760007671,0.7932380840801833,0.8167689565732046,0.7057564105550708,0.8375821611163295,0.7544388521860179,0.7924228091642882,0.8254476796492196,0.7651628218324074,0.7629635043105824,0.7626362555500801,0.81005950496422,0.8103011404191175,0.767187261309819,0.774935649531708
0.7693084282625747,0.7905733204125651,0.7365905294668111,0.7441696892631962,0.756830880636849,0.7885076684382577,0.7904580274144917,0.754309688297173,0.763355393604854,0.7507921177924625,0.8133394585937531,0.749951614620861,0.8436455812414148,0.7452518629743632,0.7398846177038416,0.7878826291998378,0.7017561921339817,0.8344097132035722,0.8087583264828577,0.7947572152290746,0.8306498300305362,1.0,0.8750341764167586,0.731297762626536,0.7124398957794187,0.6640860873978858,0.828044400357704,0.7581212905957123,0.7670868448965393,0.7670044238740535,0.7370198496906105,0.80155494754487,0.06461772359582241,0.8564614000179853,0.789177453982205,0.7597573629571887,0.7809943815096707,0.8083489889182482,0.6976242934169481,0.8252891557877633,0.742288878809165,0.7929986930007482,0.8251110297278033,0.758436229561438,0.7527228294025209,0.7498925483722233,0.7933505833425594,0.7943166875119797,0.7562601579203174,0.7667991926846188
0.779893846212344,0.8067494659803294,0.7464334110865505,0.7564562656602468,0.7717741429030116,0.8065806156048796,0.8074931179821441,0.7608811731922053,0.7770335232531685,0.7519878691464733,0.8207612142982681,0.7587206300484697,0.8326144512749287,0.7563205168509847,0.7509490842937335,0.7970906627511474,0.7158891444528153,0.8528211852316633,0.7752700578568084,0.8114201957064995,0.8473358619566129,0.8750341764167586,1.0,0.7424934938331607,0.724599063729994,0.6701678187845782,0.8467106555296042,0.7637309804835669,0.7775509158586673,0.7757451725732063,0.7450993325562265,0.8055682660406269,0.06534256310194808,0.8695049199925686,0.8001922720545025,0.7681402130264638,0.7967576255895489,0.8253979526508994,0.7046770449022377,0.8362429259191738,0.7540742208876845,0.8049736379227046,0.8382296698452174,0.7678352719509911,0.7623397830202087,0.7604810052191177,0.8024049299283968,0.8047070020841298,0.7629331662512661,0.7801310571789124
0.7423848252563268,0.7677725971770895,0.6923560733174747,0.7263993273674805,0.7550414977872193,0.777655711360552,0.727052087409482,0.7360808030203734,0.7317427366734044,0.7157549785904079,0.7499032970000912,0.733395775456122,0.7487739313883114,0.713813841572441,0.7103624465331965,0.7356246306564713,0.8122972560504904,0.7481927439121181,0.6977158782685018,0.7311891671604351,0.7458990184316594,0.731297762626536,0.7424934938331607,1.0,0.8199689913012429,0.7819874408168356,0.7432365000361549,0.7163990426522655,0.7183707760698245,0.7314598814177602,0.704726574474229,0.7743187305129337,0.06199161738460357,0.7511338487479295,0.7778117958526117,0.7162214963709497,0.7233609637265126,0.7461414433416025,0.672691120869801,0.7558087801703348,0.7139831442117066,0.7533646302457486,0.7453655612327461,0.7361472096166461,0.7360482971138813,0.7129871316120487,0.7575028288215903,0.7584539241601509,0.7123793071865736,0.7256099013919899
0.7246134973503373,0.7543316080537059,0.6741113877637843,0.7098660339289096,0.7283785463326236,0.7665811425356065,0.7106936657153249,0.716200596485272,0.7083009733118293,0.6959889508338362,0.7199849731185459,0.7127613103612158,0.7207838745604229,0.6973674487000759,0.694053273074694,0.7171370886836628,0.8092634100603574,0.7239705200633397,0.6816354059930801,0.7154493566011325,0.7276566455211151,0.7124398957794187,0.724599063729994,0.8199689913012429,1.0,0.7988849545355067,0.7234096317705658,0.6986430313376282,0.6963218128568821,0.7057384408824864,0.6877969944739802,0.7602631891877003,0.057119441984425756,0.7298321361256043,0.7602795351563416,0.7005861296206688,0.7119186731974971,0.7325326748301911,0.6596113058711308,0.7257591334008274,0.696510360751227,0.7278550248332487,0.724535048497736,0.7206025717576983,0.7183653738638289,0.698378262063919,0.7424770279422526,0.7401478102769874,0.6982603693132545,0.7051723128316789
0.6905491567764044,0.6870492641376194,0.6343998299929253,0.6627883414168285,0.6757791094638939,0.7009934700057255,0.66533520112496,0.6724002031511164,0.6662529870037942,0.6520106010664535,0.6779893035831605,0.6681178424220087,0.6728426146927196,0.6478153123755677,0.646990140797209,0.6726393716965515,0.8096711396774116,0.6791926708728526,0.6399075736382136,0.6688290250116055,0.6790519065657474,0.6640860873978858,0.6701678187845782,0.7819874408168356,0.7988849545355067,1.0,0.6741579798059831,0.6553916375725048,0.6514500070331453,0.666679764352188,0.6432407726686011,0.7088757551444238,0.05200995621308957,0.6782752942857754,0.6973960700169562,0.6577440691596979,0.6637041820234468,0.6777451325358688,0.6231879630663326,0.684669340863272,0.6481127463929355,0.6813209358116364,0.6704092587060985,0.678263794571424,0.6776309509607972,0.6554769135335042,0.6951347282108453,0.6922532627575808,0.6557844555072725,0.6644345650761861
0.7816237157137985,0.8137808840473832,0.7505492410853805,0.7528141224631254,0.7754400877489537,0.8012797546795417,0.7932526460654997,0.7620740333562918,0.7812750360511946,0.7565828959940093,0.832156759841478,0.7564708229588115,0.8340451560615334,0.754915344739935,0.7512666159655754,0.7886288082377473,0.7103375764690354,0.840986876491154,0.7691568344343576,0.7997591937760262,0.8339881757953984,0.828044400357704,0.8467106555296042,0.7432365000361549,0.7234096317705658,0.6741579798059831,1.0,0.7628496694928141,0.7786851368800798,0.7807768446932659,0.7465404474149304,0.797623682075616,0.06112648720949043,0.8299628759252715,0.7980476850960078,0.7677725291798373,0.7832958130305443,0.8422372975350423,0.7006895043394867,0.8466311852187239,0.7525913127641923,0.8060214123254053,0.8609529948753336,0.7660604697027795,0.7594484641823547,0.7653294671929574,0.8115661742685769,0.8122168169858474,0.7671817074747926,0.7747073698586697
0.7744099339669199,0.7776662329970556,0.7519375854325961,0.8392223033028652,0.7307194660907081,0.765851071435364,0.7557833148907798,0.8834959856015238,0.7684909664058018,0.8321862883767968,0.7680253518070173,0.8353245850228338,0.7578943805314372,0.8408103455501089,0.8231715304739923,0.7584320868530736,0.689177406268602,0.7610286681061533,0.7152605763847364,0.7592495314585531,0.7620968751001063,0.7581212905957123,0.7637309804835669,0.7163990426522655,0.6986430313376282,0.6553916375725048,0.7628496694928141,1.0,0.7792851691158807,0.7658106057303209,0.8168145085562302,0.7471352367383834,0.06918820173093576,0.7651065715442085,0.7507859530853682,0.8040286712634245,0.7461072678792626,0.7675769797451186,0.7487654922148648,0.7694494164298818,0.8247841180326547,0.7644013148206675,0.7685602511848967,0.9171187706243473,0.9036903020202323,0.770590629690078,0.7666788351925052,0.7658825703790867,0.8271630239978672,0.777063416883583
0.7959277750336153,0.7871283649579314,0.7692672565208716,0.771147493203158,0.7385030015692751,0.7801389956436672,0.7739024847245848,0.7757685830956056,0.7879966689967376,0.7718645816015617,0.778317828866071,0.7749987743821034,0.7730493163747847,0.7783462045810805,0.7669129377947747,0.7744592946338011,0.6928208142172847,0.7795451143810096,0.7276652452813916,0.7803644717137032,0.7753187930670429,0.7670868448965393,0.7775509158586673,0.7183707760698245,0.6963218128568821,0.6514500070331453,0.7786851368800798,0.7792851691158807,1.0,0.7924749481177802,0.7651092147043035,0.7565368415399405,0.06375123927235604,0.7767409436824123,0.7631565835969885,0.7805462952286597,0.7662609820230775,0.7790830278483664,0.7114845534753769,0.7801899746152965,0.7700814470533396,0.774318865377323,0.7801920541060939,0.7789242176832807,0.7738282228209603,0.8032209932255481,0.7799817201181389,0.7804613673468079,0.7790411736563552,0.8599066024715427
0.8101311544498724,0.7847801626626356,0.7644052363023089,0.770764628949079,0.7544100192772791,0.7701797327607781,0.769663931922535,0.7667961883849592,0.816568572546166,0.7771108081967386,0.7815324450491273,0.7723264612219108,0.7841848693102179,0.768564956572575,0.7589766230488789,0.7823901346216362,0.6991007777552903,0.779380408660087,0.7241619305391163,0.7770438171486289,0.7756935795754913,0.7670044238740535,0.7757451725732063,0.7314598814177602,0.7057384408824864,0.666679764352188,0.7807768446932659,0.7658106057303209,0.7924749481177802,1.0,0.7592342999287909,0.7549287568146479,0.06539614518362302,0.7725463651844906,0.7644265430653342,0.7687288442254187,0.7625868910064072,0.7778294309157913,0.7153698466794085,0.7848053620306533,0.7682299497722151,0.7713778204658095,0.7819662299689452,0.7700702283600896,0.7619471266515645,0.7843298821466921,0.786250995445513,0.7868261790038582,0.7740293014136992,0.7966928192388557
0.7577420566150314,0.7515410842005923,0.73773211164305,0.8304563785696242,0.7263317667087593,0.7488096025497217,0.743957543457689,0.8195328539174239,0.7609095680477231,0.8325205086060988,0.7516994329409866,0.8087335622927913,0.7445063599721414,0.8243314449492084,0.8278741476625601,0.7516449946388698,0.6722597103683048,0.7450575475628296,0.6969313187467221,0.7483809477964859,0.7406447858412016,0.7370198496906105,0.7450993325562265,0.704726574474229,0.6877969944739802,0.6432407726686011,0.7465404474149304,0.8168145085562302,0.7651092147043035,0.7592342999287909,1.0,0.7302306640428411,0.06602984811937274,0.7413148149077793,0.7341581140535545,0.7881909903229924,0.7393451553894768,0.7461768238411157,0.7265333075935296,0.7507688419681844,0.8608859544020984,0.7443137352616225,0.748584630770075,0.816541132655889,0.8118938792221596,0.7634720048114509,0.7509693048488852,0.7505008135749673,0.8062868593088893,0.7648498403999107
0.7673455440488731,0.7830753447827774,0.7219965985842371,0.7494636797191297,0.7818041825545868,0.7910882877596971,0.761758549848043,0.7522887489154855,0.7558217013856157,0.7348651846606415,0.7869732198620977,0.7463397921926226,0.8134310207775162,0.7418257916676856,0.7405731059225154,0.7691408238720543,0.7573688230580002,0.7982323108835137,0.7758798694500281,0.7673814422146885,0.79480409712776,0.80155494754487,0.8055682660406269,0.7743187305129337,0.7602631891877003,0.7088757551444238,0.797623682075616,0.7471352367383834,0.7565368415399405,0.7549287568146479,0.7302306640428411,1.0,0.06010878552584986,0.8031216208760071,0.7761652965327589,0.7411154637946713,0.764878193659945,0.803119703715241,0.6944281801068772,0.8080108748361408,0.7376243712307882,0.7784994638210763,0.806131240162085,0.7545128038419547,0.752134204718641,0.7439798712886969,0.7866331478452089,0.788187583827652,0.7397737550203562,0.7588371589219458
0.06643106922059805,0.0611409144915509,0.06547765602234767,0.06785916072452958,0.060625303671173914,0.06201385481402655,0.061706072771414266,0.06652068449909443,0.06346119240058734,0.06971063049882864,0.06529825829072977,0.06632281184428401,0.06147560666235874,0.07124682677249561,0.0652910580997631,0.06444060834859233,0.05478485863470073,0.06233550713820146,0.05720193881515123,0.06261047846965972,0.06498961736073694,0.06461772359582241,0.06534256310194808,0.06199161738460357,0.057119441984425756,0.05200995621308957,0.06112648720949043,0.06918820173093576,0.06375123927235604,0.06539614518362302,0.06602984811937274,0.06010878552584986,1.0,0.06096716497250643,0.06117514487474274,0.07092656731596447,0.06004554546575824,0.06525638469112072,0.06680062842976309,0.06159130140390967,0.068122716737811,0.06123796487174016,0.06490149650577381,0.06684275134443629,0.06644244011935041,0.06733424987433123,0.06395936029449734,0.06438467888939337,0.06752922327646027,0.06353647495735881
0.7766875123639244,0.8069349327802678,0.7485004885641848,0.7537856560677749,0.7717451973931454,0.8119139249484049,0.7921578600954886,0.7650506081990811,0.7746500642602085,0.7555646880811645,0.8183030360722396,0.7623213939127648,0.8323412760445207,0.7547361647309025,0.75033138246793,0.7862733215857823,0.7267883067212,0.8310520512542422,0.7707256486042973,0.7956011069354927,0.8324133597892727,0.8564614000179853,0.8695049199925686,0.7511338487479295,0.7298321361256043,0.6782752942857754,0.8299628759252715,0.7651065715442085,0.7767409436824123,0.7725463651844906,0.7413148149077793,0.8031216208760071,0.06096716497250643,1.0,0.7981218193576735,0.7731207523775897,0.781650509593654,0.8203181437777696,0.7156756188731941,0.8342455259298512,0.7521157680292376,0.809267223500381,0.8407436800500717,0.7696768261494014,0.7665712576301966,0.7582689447353257,0.805160646909704,0.8074788369475974,0.762127952796776,0.775013473042913
0.7684806289963177,0.8239493125557688,0.7366919897525177,0.7515791080665837,0.7637825151254396,0.8223671522781644,0.7789917381811343,0.7548652071289721,0.7625270715747848,0.7482116419100839,0.7944081956909947,0.7552161408896332,0.7947119129867696,0.7479346750007081,0.7374342690600271,0.7795399322282339,0.7313858242337383,0.8062912961409732,0.750448056298253,0.782900778629472,0.803012079745878,0.789177453982205,0.8001922720545025,0.7778117958526117,0.7602795351563416,0.6973960700169562,0.7980476850960078,0.7507859530853682,0.7631565835969885,0.7644265430653342,0.7341581140535545,0.7761652965327589,0.06117514487474274,0.7981218193576735,1.0,0.7559912032199292,0.7706248355232094,0.7875273644534128,0.6959087658818683,0.8016309610133366,0.7419515012613367,0.8059234373620565,0.7998774811248134,0.7531798999451049,0.7515254081412402,0.750656818676369,0.8069893903015327,0.8070489194188801,0.7496171192468452,0.7596721464969174
0.7744306853509109,0.7706606619558704,0.7518279430227016,0.7995895156847097,0.7253505285676958,0.7707572354222401,0.7716293867265817,0.8047075001598845,0.7757741674806267,0.8067691808164701,0.7725282389651962,0.8039406805276945,0.7574706422356656,0.8036140390760362,0.7935281505606462,0.7667534529901693,0.6844385077283592,0.7753317461691067,0.7224290394451698,0.7742230971771433,0.7702385760007671,0.7597573629571887,0.7681402130264638,0.7162214963709497,0.7005861296206688,0.6577440691596979,0.7677725291798373,0.8040286712634245,0.7805462952286597,0.7687288442254187,0.7881909903229924,0.7411154637946713,0.07092656731596447,0.7731207523775897,0.7559912032199292,1.0,0.758566715885578,0.7583532779633548,0.7468371611766256,0.7710908540063827,0.7960737056618956,0.7704645263181445,0.7642893037304662,0.8050158428543912,0.8068063165171782,0.7664332090289194,0.7680240333987571,0.7669110567373556,0.8081878124205433,0.7805766766884163
0.770630183927409,0.7735086353999392,0.7414981022243348,0.7491263391522278,0.7425107119567337,0.7826330165707791,0.9126020147306063,0.7518345895633496,0.7688427997400544,0.7426740883999925,0.7742314438272964,0.7461022585935503,0.7740911340436732,0.744355420510894,0.7408531198677308,0.8964168358077027,0.6940591154958493,0.7969195538488606,0.7484862845785056,0.9161579352985392,0.7932380840801833,0.7809943815096707,0.7967576255895489,0.7233609637265126,0.7119186731974971,0.6637041820234468,0.7832958130305443,0.7461072678792626,0.7662609820230775,0.7625868910064072,0.7393451553894768,0.764878193659945,0.06004554546575824,0.781650509593654,0.7706248355232094,0.758566715885578,1.0,0.7710661051474852,0.6983528819526774,0.776276586051432,0.7416720339148033,0.7780688447010947,0.7832460814731749,0.7479190757087424,0.7468047216393361,0.7492233630866523,0.7744778934873003,0.775785966867123,0.7452808097018564,0.7590933154805047
0.7849003048073934,0.8171501496427545,0.748797076971522,0.7531952668984143,0.7796105353403099,0.8065620934173219,0.7790112344385036,0.7675375220954055,0.7764303553393941,0.7601639714902996,0.8204639572026367,0.7637543809650998,0.822011053616758,0.754186476144771,0.7519107318658139,0.7781789296694056,0.7229953602563197,0.8174002809024966,0.752714308965887,0.7866828632521139,0.8167689565732046,0.8083489889182482,0.8253979526508994,0.7461414433416025,0.7325326748301911,0.6777451325358688,0.8422372975350423,0.7675769797451186,0.7790830278483664,0.7778294309157913,0.7461768238411157,0.803119703715241,0.06525638469112072,0.8203181437777696,0.7875273644534128,0.7583532779633548,0.7710661051474852,1.0,0.7024040566897525,0.8360525944968173,0.7536200667351196,0.7968978619225464,0.8578614284718334,0.7701411346987193,0.7629351153167808,0.7625460735383922,0.8103585695687119,0.8118729989928379,0.7737118369804185,0.7728520116337388
0.7201851796653649,0.703846931526059,0.6917678840942038,0.7430520042553875,0.7005661452644989,0.7098097343127784,0.7053658735403996,0.7485975949053835,0.7134729893576963,0.7409196173267729,0.7027527516702496,0.7416486210339696,0.7008834665702317,0.7445587858648786,0.7383651562786209,0.7010469016996226,0.6535834233861272,0.702418551514973,0.6591576605911962,0.7054430312264839,0.7057564105550708,0.6976242934169481,0.7046770449022377,0.672691120869801,0.6596113058711308,0.6231879630663326,0.7006895043394867,0.7487654922148648,0.7114845534753769,0.7153698466794085,0.7265333075935296,0.6944281801068772,0.06680062842976309,0.7156756188731941,0.6959087658818683,0.7468371611766256,0.6983528819526774,0.7024040566897525,1.0,0.7037014055373418,0.7360421565701585,0.7107030193036781,0.7097441866357574,0.7489562591380297,0.7547254702703018,0.6996768084398519,0.7048167509703283,0.7047900320431268,0.7379523695296883,0.7168891537863256
