../ecoli_genomes/GCF_000163235.1_ASM16323v1_genomic.fna.gz,../ecoli_genomes/GCF_000164555.1_ASM16455v1_genomic.fna.gz,../ecoli_genomes/GCF_000208545.1_ASM20854v2_genomic.fna.gz,../ecoli_genomes/GCF_000233875.1_ASM23387v1_genomic.fna.gz,../ecoli_genomes/GCF_000249735.1_ASM24973v2_genomic.fna.gz,../ecoli_genomes/GCF_000261145.1_Esch_coli_M919_V2_genomic.fna.gz,../ecoli_genomes/GCF_000267705.2_ASM26770v2_genomic.fna.gz,../ecoli_genomes/GCF_000350665.1_Esch_coli_KTE5_V1_genomic.fna.gz,../ecoli_genomes/GCF_000351625.1_Esch_coli_KTE66_V1_genomic.fna.gz,../ecoli_genomes/GCF_000352285.1_Esch_coli_KTE46_V1_genomic.fna.gz,../ecoli_genomes/GCF_000358895.1_ASM35889v1_genomic.fna.gz,../ecoli_genomes/GCF_000456385.1_Esch_coli_HVH_26_4-5703913_V1_genomic.fna.gz,../ecoli_genomes/GCF_000458195.1_Esch_coli_HVH_147_4-5893887_V1_genomic.fna.gz,../ecoli_genomes/GCF_000459755.1_Esch_coli_KOEGE_58_171a_V1_genomic.fna.gz,../ecoli_genomes/GCF_000460055.1_Esch_coli_UMEA_3053-1_V1_genomic.fna.gz,../ecoli_genomes/GCF_000462165.2_ASM46216v2_genomic.fna.gz,../ecoli_genomes/GCF_000601135.1_ASM60113v1_genomic.fna.gz,../ecoli_genomes/GCF_000614595.1_Ec2010EL1058_genomic.fna.gz,../ecoli_genomes/GCF_000617745.1_Ec2010C-4529_genomic.fna.gz,../ecoli_genomes/GCF_000618265.2_EcF6751_genomic.fna.gz,../ecoli_genomes/GCF_000619005.2_Ec2009C-4052_genomic.fna.gz,../ecoli_genomes/GCF_000619105.1_Ec2009C-4780_genomic.fna.gz,../ecoli_genomes/GCF_000619765.2_Ec2009C-3279_genomic.fna.gz,../ecoli_genomes/GCF_000687005.1_ASM68700v1_genomic.fna.gz,../ecoli_genomes/GCF_000687025.1_ASM68702v1_genomic.fna.gz,../ecoli_genomes/GCF_000700125.1_ASM70012v1_genomic.fna.gz,../ecoli_genomes/GCF_000753315.1_FHI35_genomic.fna.gz,../ecoli_genomes/GCF_000776375.1_ASM77637v1_genomic.fna.gz,../ecoli_genomes/GCF_000779395.1_ASM77939v1_genomic.fna.gz,../ecoli_genomes/GCF_000780315.1_ASM78031v1_genomic.fna.gz,../ecoli_genomes/GCF_000781995.1_ASM78199v1_genomic.fna.gz,../ecoli_genomes/GCF_000986765.1_ASM98676v1_genomic.fna.gz,../ecoli_genomes/GCF_001041375.1_ViralProj287958_genomic.fna.gz,../ecoli_genomes/GCF_001265335.1_302014_genomic.fna.gz,../ecoli_genomes/GCF_001265625.1_100854_genomic.fna.gz,../ecoli_genomes/GCF_001267345.1_303289_genomic.fna.gz,../ecoli_genomes/GCF_001309985.1_ASM130998v1_genomic.fna.gz,../ecoli_genomes/GCF_001521695.1_ASM152169v1_genomic.fna.gz,../ecoli_genomes/GCF_001592595.1_ASM159259v1_genomic.fna.gz,../ecoli_genomes/GCF_001614975.1_ASM161497v1_genomic.fna.gz,../ecoli_genomes/GCF_001692775.1_ASM169277v1_genomic.fna.gz,../ecoli_genomes/GCF_001748915.1_ASM174891v1_genomic.fna.gz,../ecoli_genomes/GCF_001749235.1_ASM174923v1_genomic.fna.gz,../ecoli_genomes/GCF_001881155.1_ASM188115v1_genomic.fna.gz,../ecoli_genomes/GCF_001881345.1_ASM188134v1_genomic.fna.gz,../ecoli_genomes/GCF_001892405.1_ASM189240v1_genomic.fna.gz,../ecoli_genomes/GCF_001892585.1_ASM189258v1_genomic.fna.gz,../ecoli_genomes/GCF_001893985.1_ASM189398v1_genomic.fna.gz,../ecoli_genomes/GCF_002001595.1_ASM200159v1_genomic.fna.gz,../ecoli_genomes/GCF_002002145.1_ASM200214v1_genomic.fna.gz
1.0,0.7844782924375656,0.7577841028655666,0.7556706543519467,0.7602503075811122,0.7731511283351225,0.7713290459047645,0.761022106661948,0.8031244284868314,0.7726569379123505,0.7761511817634943,0.7710802574235914,0.7761616948518768,0.7498731726116756,0.7473094146990906,0.7767830202245216,0.7166652290820417,0.7843998349558448,0.7655105517789723,0.7768149207189753,0.7745568721056328,0.7576119574533181,0.7840217042628245,0.7404961703683988,0.7236824601895657,0.6605416324360951,0.7744066165753163,0.7549905552514927,0.7861472741973008,0.8047241257311746,0.7456528471490385,0.7743916940320897,0.08791202485281957,0.7775512419325177,0.7695886769431945,0.7629918790198554,0.7620044172166337,0.7757967199584048,0.711386909990907,0.777343853780448,0.7519573098353488,0.7751224183758462,0.7768469816929968,0.7656220941103952,0.7701579026049795,0.773735085967479,0.7762839037768784,0.7775241705871931,0.7633692432461432,0.789138299005149
0.7844782924375656,1.0,0.7620289026414232,0.7532794692963809,0.77892441152685,0.8206781955027358,0.7806635352425917,0.7575332151224923,0.7778514587067515,0.7678600766839079,0.8113881504944384,0.7589136562841756,0.8113406133518303,0.7563675065434756,0.7514693019410068,0.7860661477436656,0.7067273195421694,0.8062304375998987,0.7806801456758167,0.7879698007836116,0.8016387975098251,0.7772298862728451,0.8079546965650195,0.7424155326502542,0.7291993826116616,0.6418943766517748,0.8039230623348957,0.7594027085084969,0.7746708418658221,0.7855318292382596,0.7466359876565117,0.7815478814752401,0.08323856000021512,0.8009489443403558,0.831021450977915,0.7598168297624608,0.7698296616536543,0.8166554120612602,0.7029653523802166,0.8052597991242032,0.7514564811349773,0.8184846418366141,0.8082889169463886,0.7669803845136043,0.7654286543595806,0.7648310170903716,0.8106150542931956,0.8136847440606201,0.7737303008639902,0.7751565125646811
0.7577841028655666,0.7620289026414232,1.0,0.7392214662534686,0.7257640300265524,0.7409145374513262,0.7495797275936705,0.7346455804665752,0.7642738439959672,0.7498551541002683,0.7537451389695757,0.7380044857955791,0.7519914525780362,0.7421757878195254,0.7407697190892624,0.7498574687356583,0.6461005685321437,0.7571672981977673,0.735690953829016,0.7556778055816039,0.7595967412360478,0.738920135517989,0.7584454387749692,0.6663839350480829,0.6547181359481317,0.5874575018071526,0.7562966215456033,0.7385721236011857,0.765077956490648,0.7613870558925101,0.7378423184888532,0.7311431068298382,0.09024338218687711,0.7488634761007175,0.7373096144149518,0.7446908069360485,0.7404517409758211,0.7527554719139673,0.6930337680652614,0.7564387688270877,0.7415807531938279,0.7550339206960817,0.7628990364776361,0.7392137874606387,0.7379155842608149,0.7617974480133444,0.7550269206281248,0.757553650220768,0.753336090401343,0.7691601537861177
0.7556706543519467,0.7532794692963809,0.7392214662534686,1.0,0.7378589562054506,0.7457566701357198,0.7451622046583973,0.8221041418036845,0.7567466240305619,0.8293545337232372,0.7484092184984241,0.8246554031450088,0.7561990025325446,0.8467980316147163,0.8531491861961893,0.7417267249282851,0.6589907181770849,0.7572571095142985,0.7388869753586039,0.7474888930605186,0.753008010886468,0.741747385745115,0.7587563787345692,0.6771708311789297,0.6697300582737125,0.5993952685607992,0.7521843488865956,0.8347383937887569,0.7581621645213626,0.7517724969932279,0.8168942820338074,0.7505896761841193,0.08393583121784454,0.7508036311033066,0.7356968608602883,0.7974367004729678,0.736903588263594,0.7574575959703401,0.7474528555780285,0.7466131668309023,0.8341276699480131,0.7509780454055887,0.7555966736621362,0.8346260153232871,0.8321642160293776,0.7604619141662715,0.7480124096626358,0.748410308273556,0.8188786408369766,0.7643107130573343
0.7602503075811122,0.77892441152685,0.7257640300265524,0.7378589562054506,1.0,0.7840654033372194,0.7515637356936393,0.7428199576471813,0.7537466513713789,0.7492748369348312,0.7979531270456199,0.7427584002207437,0.7999003959395747,0.7394843678154935,0.7402746116981729,0.7659520978245651,0.7039588028008166,0.7737324328561063,0.7616124721296259,0.7587434082015148,0.7789898915000754,0.7564351804518712,0.7787178652643318,0.7215416837519193,0.7129613600340947,0.6365582698601429,0.7813785336334895,0.7310050096541125,0.7434132694785318,0.7606548174328877,0.7315972157431645,0.7830403086432606,0.08039299152365709,0.7784194134010727,0.7728987966720325,0.7410078305654466,0.750601631929033,0.7910314189396559,0.7231590208583702,0.788389719783906,0.7478121976387172,0.7762875819890462,0.7928596155385015,0.7401529093760256,0.7401952329884045,0.7438696617545488,0.7819386454143454,0.7844864693355046,0.7441146591988472,0.7477403696032812
0.7731511283351225,0.8206781955027358,0.7409145374513262,0.7457566701357198,0.7840654033372194,1.0,0.7784985953718528,0.7509969765104768,0.7617637485075168,0.7520921407089984,0.8011989168208958,0.7520062822696562,0.8018905060104166,0.7416155510528137,0.741786629479773,0.7746315224310651,0.7223122858633191,0.8071708550880294,0.7885773345378955,0.7780290143811102,0.7947285883592475,0.7965154251021844,0.8074155145402485,0.751396989305744,0.7462905732966258,0.6544323739837519,0.7914285421049455,0.739461004801125,0.7564768221123367,0.7665850610000263,0.7369915548746214,0.7983255622955078,0.08098116315139825,0.8031060005692403,0.8212044593690851,0.7604715053093807,0.7690368017663246,0.7994973141312263,0.7090361154191022,0.7956190607835125,0.7442372004626572,0.8131585620401387,0.7974370972273487,0.7484297508263764,0.7491184548984853,0.758533511090539,0.8031602674445657,0.8048092128268666,0.7546288022900491,0.7636799828493138
0.7713290459047645,0.7806635352425917,0.7495797275936705,0.7451622046583973,0.7515637356936393,0.7784985953718528,1.0,0.7465508961748644,0.7730478425301083,0.7512279417087842,0.782504570204372,0.7447973611234601,0.779663736723515,0.7409791248009201,0.7362562196733622,0.8928981701533201,0.6790074421639836,0.8011882809108953,0.7880470331725518,0.9331976902903607,0.8033534193446203,0.7799760231410937,0.8121119152434517,0.7013806963937779,0.6884391637350311,0.6153314369510141,0.7876012595577858,0.7424903522443393,0.7661054570003157,0.7708151415212601,0.7422026407353935,0.7700967525973066,0.07838913959474314,0.7890773183857169,0.7772312787330762,0.7627725550192768,0.9060081926451942,0.777783665968919,0.7121350530288008,0.7817247000258167,0.7429710402496013,0.7850791923498264,0.7841163434880265,0.7438847387902652,0.7480994690705259,0.7620934798207846,0.7798640687792238,0.7820203310165156,0.7535052851025884,0.7696121740001141
0.761022106661948,0.7575332151224923,0.7346455804665752,0.8221041418036845,0.7428199576471813,0.7509969765104768,0.7465508961748644,1.0,0.7533109438561626,0.821929694948421,0.749026311812474,0.8162473704427115,0.7562888262536767,0.8096756142263531,0.8073946078029215,0.7453886124234375,0.6730154148197507,0.7554944617847614,0.7375768826503984,0.7501647006899397,0.7480464978551762,0.735428740091542,0.7593097212321657,0.6949121550572244,0.6796590924470924,0.6122719322811391,0.7550420746279645,0.874474485013079,0.7626379643383323,0.7537118268163199,0.800601294922494,0.7495170566298959,0.09049630498645833,0.7583814846670165,0.7334712857022692,0.79718807736342,0.7396874956938109,0.7682588224735677,0.7551289130931769,0.7526439468502599,0.8109296035992438,0.7576757373726314,0.757151947587163,0.8828531022927637,0.8724502673876715,0.7579344805053215,0.7477664220160398,0.7486460650956819,0.8109208659740208,0.7605887360647761
0.8031244284868314,0.7778514587067515,0.7642738439959672,0.7567466240305619,0.7537466513713789,0.7617637485075168,0.7730478425301083,0.7533109438561626,1.0,0.7706700816436456,0.7763329809012862,0.7585314967584513,0.7798783632161873,0.750633804530681,0.7537303779724784,0.7770701268708995,0.6827412797804387,0.7784780835322473,0.7570360932891964,0.7813508993704409,0.7761400545087251,0.7554672653349205,0.7781712355482183,0.7023337795245874,0.6882586409820922,0.6225308288456632,0.7701971719868893,0.751111852143891,0.7821593346919709,0.8113492541747929,0.7512527842833703,0.755774428774892,0.08038351041686154,0.7729262111960067,0.7622146143234046,0.7675125451327336,0.7641364835381488,0.7731619479570955,0.7090209132866567,0.7784216547006809,0.7599085228615926,0.7743829575190969,0.7827768228562524,0.754049396481911,0.7550602567897998,0.7746467720517428,0.7753816118200747,0.7753317168953526,0.7656136219874534,0.7924232904244948
0.7726569379123505,0.7678600766839079,0.7498551541002683,0.8293545337232372,0.7492748369348312,0.7520921407089984,0.7512279417087842,0.821929694948421,0.7706700816436456,1.0,0.766763253648586,0.8201714462078116,0.7707639586410193,0.8277165416148368,0.8185996686283279,0.7550580435921239,0.6661633188577959,0.7664961234679513,0.7414736378101185,0.7572736160821733,0.7593534571636682,0.7422581760929334,0.7636397928597455,0.6921459796288727,0.6793593551244802,0.6094074137826866,0.7668023775222443,0.825289862168992,0.7709538876958026,0.7685081888391052,0.8224638237996069,0.7482904227320117,0.08626570974250014,0.7597685396514041,0.7469483364635513,0.8060126102207148,0.7464172675889295,0.7684777968985685,0.7514126577956552,0.7621302314339389,0.8312425872270355,0.7619708019314838,0.7656805084235772,0.8257132678264191,0.8232892159185574,0.7681787800285105,0.7585990917560902,0.7600627244750768,0.8251619459588421,0.7727188209301727
0.7761511817634943,0.8113881504944384,0.7537451389695757,0.7484092184984241,0.7979531270456199,0.8011989168208958,0.782504570204372,0.749026311812474,0.7763329809012862,0.766763253648586,1.0,0.7493365964363206,0.8401161518861724,0.7480084703570059,0.7467228852649592,0.7863156935067714,0.6894340384790507,0.8272380781229227,0.799773222256623,0.7888053139179292,0.8186636600138255,0.8056585487648331,0.8229509232510184,0.7157190603465313,0.7039022582736763,0.6262152137286823,0.8202085795017537,0.7501392934281106,0.7695839145943731,0.7819750649104086,0.7412272675882128,0.7884309487528091,0.07941903601101696,0.8112865780335102,0.7962034349693172,0.7684466812852754,0.7756147154062926,0.8231384478823555,0.7070788950529244,0.8375778587219717,0.7473498204488898,0.8127422665254465,0.8322177357712242,0.7505203515037641,0.7503390980246573,0.765196211697556,0.8027720825123849,0.8069070031243016,0.7643143012388874,0.7761211726977378
0.7710802574235914,0.7589136562841756,0.7380044857955791,0.8246554031450088,0.7427584002207437,0.7520062822696562,0.7447973611234601,0.8162473704427115,0.7585314967584513,0.8201714462078116,0.7493365964363206,1.0,0.7547918522150825,0.8178847231766266,0.839167988605981,0.7444163186613519,0.6779868818385162,0.755936472565941,0.7393750128801653,0.7466088666040733,0.7535547153967188,0.744583098788382,0.7608330600105934,0.7021496139533874,0.6858794427947429,0.6222291814959835,0.7537024746270753,0.8141058389914699,0.7648639263153663,0.7613006736654078,0.7880015676092282,0.750340098264808,0.07923092502284224,0.7588567139914493,0.7396813316672428,0.7916018573838483,0.7376802226264692,0.7602742093855108,0.7465558094564633,0.7495500686284364,0.8019583659425991,0.7548410840770083,0.7604098097800019,0.8205167495706192,0.8186630397836318,0.7621776445904378,0.7500000527283806,0.7508750601958524,0.805184844983153,0.7651437006803625
0.7761616948518768,0.8113406133518303,0.7519914525780362,0.7561990025325446,0.7999003959395747,0.8018905060104166,0.779663736723515,0.7562888262536767,0.7798783632161873,0.7707639586410193,0.8401161518861724,0.7547918522150825,1.0,0.7513437324121821,0.7565921144131686,0.7888069309785133,0.6888273111828398,0.8274161532671903,0.8119525332579065,0.788306868505576,0.827418571889622,0.81713383900365,0.8400102663952785,0.7193498830427996,0.6995254846020975,0.6256626833969181,0.8351500909180876,0.7518976857487518,0.7705443931257688,0.7822731414462767,0.7445712350116795,0.8036392711055431,0.07878540195195016,0.8306803942812111,0.7990639290010085,0.7644895081725129,0.7753745256233394,0.8371107612603431,0.7066530594690894,0.8450999333068486,0.7580189670276242,0.8087649175299242,0.8430349250063821,0.7539875921462211,0.7524352564954213,0.7680047023905564,0.8037115507787698,0.8066447088438189,0.766274381750206,0.7751981838077713
0.7498731726116756,0.7563675065434756,0.7421757878195254,0.8467980316147163,0.7394843678154935,0.7416155510528137,0.7409791248009201,0.8096756142263531,0.750633804530681,0.8277165416148368,0.7480084703570059,0.8178847231766266,0.7513437324121821,1.0,0.8443406458519337,0.7391982315342004,0.6517236172456825,0.7571080837228602,0.7337807095003992,0.7459236906869607,0.7494020171249094,0.735671728123599,0.7560955816616377,0.6711304886206491,0.6606553798302992,0.5939251622014063,0.7541169439192252,0.8251850716657774,0.7640411671311341,0.751752576605063,0.8139009739930438,0.740121732349038,0.08102011489709138,0.7499158468864517,0.7390553347550705,0.7904843093029053,0.7331764009220716,0.7588115920507748,0.7413211719694116,0.7488148171599164,0.8279634524565556,0.7518219248524761,0.7591020741587083,0.8253919742353134,0.8204513825219866,0.7610742681295875,0.7478215229129406,0.7493443072780741,0.8129334876364183,0.7659700814702746
0.7473094146990906,0.7514693019410068,0.7407697190892624,0.8531491861961893,0.7402746116981729,0.741786629479773,0.7362562196733622,0.8073946078029215,0.7537303779724784,0.8185996686283279,0.7467228852649592,0.839167988605981,0.7565921144131686,0.8443406458519337,1.0,0.7361858876266764,0.6505275799973553,0.7558852375949531,0.7337378980448845,0.7401813655895623,0.7501106835422553,0.7377416812913025,0.7542721196774854,0.6731067209144905,0.6611898196567899,0.5918085686193276,0.7505441513375409,0.8127256328810899,0.7562392568316844,0.7507899673187527,0.8094181263850231,0.7410771020606145,0.08097744420143149,0.7505752604535703,0.7353072371714775,0.792973993402898,0.7306763672797671,0.7550975870969372,0.742959038027904,0.7466493460167914,0.823671470045163,0.7488129710187608,0.7546835668565453,0.8147053878445654,0.8107354039158844,0.7597317622969724,0.7476485413857752,0.7494450333976288,0.8120438232278818,0.7658867691653178
0.7767830202245216,0.7860661477436656,0.7498574687356583,0.7417267249282851,0.7659520978245651,0.7746315224310651,0.8928981701533201,0.7453886124234375,0.7770701268708995,0.7550580435921239,0.7863156935067714,0.7444163186613519,0.7888069309785133,0.7391982315342004,0.7361858876266764,1.0,0.6866416103791394,0.7939998992530278,0.7831726646057288,0.9044681607415017,0.7947421800672975,0.7733010644686604,0.8013380887218415,0.7106776571463271,0.696607708008407,0.6234946298778126,0.783933099995757,0.7402799790894905,0.770312261387079,0.7808685074215482,0.7419744744034908,0.7718453652257529,0.07456116552482861,0.7865927105151191,0.7805940514080068,0.7553814917106607,0.8977316428627321,0.7800781226392621,0.7086965045966178,0.7805993462799413,0.7444972392333868,0.7861216124658558,0.7855532681256495,0.742381289351518,0.7443000723721737,0.7625807078188553,0.7826867948222119,0.7848978716125115,0.7531983911712383,0.7710321150802211
0.7166652290820417,0.7067273195421694,0.6461005685321437,0.6589907181770849,0.7039588028008166,0.7223122858633191,0.6790074421639836,0.6730154148197507,0.6827412797804387,0.6661633188577959,0.6894340384790507,0.6779868818385162,0.6888273111828398,0.6517236172456825,0.6505275799973553,0.6866416103791394,1.0,0.6944796461394571,0.6835904882255648,0.6824559905831573,0.6918337905336729,0.6808547287354891,0.6975430829642989,0.8160484951392282,0.8258327952842534,0.8114456546287354,0.6854058044559717,0.6589957493460361,0.6680797380456258,0.687184130122214,0.6469056615632032,0.7524025825315509,0.07049717627228447,0.711920182239438,0.7127827475177455,0.6649079793442638,0.674772939465772,0.6963417861116576,0.6463296098922681,0.7005324738163043,0.6534549751824397,0.6990813609974069,0.6945773285879668,0.6795206976819501,0.6813223907198221,0.6664458846880355,0.729848814694847,0.7236945326451156,0.662556921092769,0.6739861780344834
0.7843998349558448,0.8062304375998987,0.7571672981977673,0.7572571095142985,0.7737324328561063,0.8071708550880294,0.8011882809108953,0.7554944617847614,0.7784780835322473,0.7664961234679513,0.8272380781229227,0.755936472565941,0.8274161532671903,0.7571080837228602,0.7558852375949531,0.7939998992530278,0.6944796461394571,1.0,0.8333850161578544,0.8066153255962002,0.8408423895187089,0.819350836788392,0.8445596921624589,0.71971537882141,0.7004809672018184,0.6248045299621399,0.8331969558808079,0.7555713815211981,0.7744627995600459,0.783678891589947,0.750669668232613,0.7951619793960634,0.07468593196725426,0.828456466367164,0.8006506235693058,0.7789831819212216,0.7883941487245006,0.8200483865638415,0.7087390574567614,0.8290374382000948,0.7532935269063572,0.8069872140354468,0.8296511249658536,0.7582274359391861,0.7577537959655058,0.7718621958903212,0.800861600091438,0.804868853164107,0.767027177095247,0.7817921490069657
0.7655105517789723,0.7806801456758167,0.735690953829016,0.7388869753586039,0.7616124721296259,0.7885773345378955,0.7880470331725518,0.7375768826503984,0.7570360932891964,0.7414736378101185,0.799773222256623,0.7393750128801653,0.8119525332579065,0.7337807095003992,0.7337378980448845,0.7831726646057288,0.6835904882255648,0.8333850161578544,1.0,0.787951180031493,0.8199466776171654,0.8171706451229687,0.8316314084589598,0.7074998720871407,0.6894299853389648,0.6148620737429298,0.8044827023737949,0.7339041182150463,0.7553362959237535,0.7649722515375527,0.7325955876519612,0.7811925679008078,0.07548046327876834,0.8162969712764522,0.7867599578056205,0.7572361174934408,0.7727410604878931,0.7989097518669555,0.6953487023360742,0.8114824157366876,0.737107681657756,0.7919526737009334,0.807169504195685,0.74044033772682,0.7417341664102641,0.7557673001723157,0.7792168991207413,0.7833633967956766,0.7471339579777567,0.759391116960309
0.7768149207189753,0.7879698007836116,0.7556778055816039,0.7474888930605186,0.7587434082015148,0.7780290143811102,0.9331976902903607,0.7501647006899397,0.7813508993704409,0.7572736160821733,0.7888053139179292,0.7466088666040733,0.788306868505576,0.7459236906869607,0.7401813655895623,0.9044681607415017,0.6824559905831573,0.8066153255962002,0.787951180031493,1.0,0.806375218954048,0.7780252057946071,0.8132601767452431,0.7025310153770368,0.691835416906952,0.6192747970098083,0.7930989333490448,0.7475325621326034,0.7723059906291821,0.7793715658216558,0.7473678979429978,0.7730612539127542,0.08044534607280929,0.7931564581312599,0.7802053615648362,0.7644416242027963,0.9140877588259075,0.7876901148827697,0.7098119832854031,0.7910336399747626,0.748348712902183,0.7878316019458016,0.7922475877986989,0.7491931985955276,0.7507870075033309,0.7681885573689454,0.7856004729919792,0.7878808960014209,0.75948203144812,0.7774395219290344
0.7745568721056328,0.8016387975098251,0.7595967412360478,0.753008010886468,0.7789898915000754,0.7947285883592475,0.8033534193446203,0.7480464978551762,0.7761400545087251,0.7593534571636682,0.8186636600138255,0.7535547153967188,0.827418571889622,0.7494020171249094,0.7501106835422553,0.7947421800672975,0.6918337905336729,0.8408423895187089,0.8199466776171654,0.806375218954048,1.0,0.8091191276572524,0.8469055987791163,0.716324914055207,0.6988889002615064,0.6250414864144289,0.8237111277138844,0.7464584366448668,0.7709079640618159,0.782682781123621,0.745978538939858,0.8021946125710417,0.07190976044667519,0.8281599179299319,0.7960444365659332,0.7692942266508369,0.7888799480030592,0.815415241729807,0.7092906971011306,0.8252076836400365,0.7510502176647309,0.797929566993385,0.8240731840736246,0.751247067340146,0.7515590918984684,0.769990699532614,0.8032196463863382,0.8069285264163163,0.7640321509911255,0.7763951400638678
0.7576119574533181,0.7772298862728451,0.738920135517989,0.741747385745115,0.7564351804518712,0.7965154251021844,0.7799760231410937,0.735428740091542,0.7554672653349205,0.7422581760929334,0.8056585487648331,0.744583098788382,0.81713383900365,0.735671728123599,0.7377416812913025,0.7733010644686604,0.6808547287354891,0.819350836788392,0.8171706451229687,0.7780252057946071,0.8091191276572524,1.0,0.8603674474599823,0.7053495781850466,0.6937620235874012,0.6078679681897112,0.7997211129418262,0.7323773118003469,0.7486455955213642,0.7608023273374086,0.7365226432880221,0.7873936350313004,0.07607017478331346,0.8390625929738047,0.7746040221741731,0.7552939991740872,0.7659569939076871,0.7980474754406186,0.697048300873051,0.8121928936611501,0.7389142540230915,0.7835502651795163,0.8101635837633672,0.7366392479554045,0.7372111464537725,0.7492033530630275,0.7767466637034446,0.779088346144566,0.7451485650283645,0.7585677846266217
0.7840217042628245,0.8079546965650195,0.7584454387749692,0.7587563787345692,0.7787178652643318,0.8074155145402485,0.8121119152434517,0.7593097212321657,0.7781712355482183,0.7636397928597455,0.8229509232510184,0.7608330600105934,0.8400102663952785,0.7560955816616377,0.7542721196774854,0.8013380887218415,0.6975430829642989,0.8445596921624589,0.8316314084589598,0.8132601767452431,0.8469055987791163,0.8603674474599823,1.0,0.7193986634570948,0.7045273401313882,0.623686418932208,0.838221612986619,0.7546580955472567,0.7729330042845737,0.778743943956586,0.7530846690522053,0.8048774058139588,0.08629878775136146,0.8676473955748113,0.7971563023805365,0.77567189751465,0.7950950083403767,0.8240167325000667,0.708981803222349,0.8364370206213916,0.7548634223623328,0.8077090710423168,0.8350530467824486,0.7586671232685388,0.7595888945875784,0.7664431174591035,0.7993280831996514,0.8031919967575488,0.7664011770027226,0.7771730297012525
0.7404961703683988,0.7424155326502542,0.6663839350480829,0.6771708311789297,0.7215416837519193,0.751396989305744,0.7013806963937779,0.6949121550572244,0.7023337795245874,0.6921459796288727,0.7157190603465313,0.7021496139533874,0.7193498830427996,0.6711304886206491,0.6731067209144905,0.7106776571463271,0.8160484951392282,0.71971537882141,0.7074998720871407,0.7025310153770368,0.716324914055207,0.7053495781850466,0.7193986634570948,1.0,0.8171735704597312,0.7709663120430474,0.7148743220808857,0.6789960298296558,0.6907537713390771,0.7099504068277067,0.6660961307615294,0.7581999661963659,0.06845330265668192,0.7272085319801127,0.7486317033914098,0.6834911370857844,0.6959225170824652,0.7230918523563774,0.6521551567551087,0.7217767773776731,0.6728867656456226,0.7263951929766819,0.7172889132070407,0.6974524282029209,0.700719370688722,0.6895801701850798,0.741042324480822,0.7387066503658293,0.6843059156984297,0.6939946987672097
0.7236824601895657,0.7291993826116616,0.6547181359481317,0.6697300582737125,0.7129613600340947,0.7462905732966258,0.6884391637350311,0.6796590924470924,0.6882586409820922,0.6793593551244802,0.7039022582736763,0.6858794427947429,0.6995254846020975,0.6606553798302992,0.6611898196567899,0.696607708008407,0.8258327952842534,0.7004809672018184,0.6894299853389648,0.691835416906952,0.6988889002615064,0.6937620235874012,0.7045273401313882,0.8171735704597312,1.0,0.7948930567412426,0.6934272296742487,0.6665410096163602,0.6787726768585536,0.6934614854418227,0.6598515682663015,0.7611970194140087,0.07532961182828224,0.7170511420773793,0.7343534301130206,0.6710292332892459,0.6866113440582429,0.7104794709560697,0.6509457343985541,0.7088652692250259,0.6622275597989926,0.713523003464187,0.7021990609674709,0.6875397104664362,0.6879726444986829,0.6826268481408566,0.7343366606753187,0.7282637160887712,0.6719627719627661,0.6830703657251281
0.6605416324360951,0.6418943766517748,0.5874575018071526,0.5993952685607992,0.6365582698601429,0.6544323739837519,0.6153314369510141,0.6122719322811391,0.6225308288456632,0.6094074137826866,0.6262152137286823,0.6222291814959835,0.6256626833969181,0.5939251622014063,0.5918085686193276,0.6234946298778126,0.8114456546287354,0.6248045299621399,0.6148620737429298,0.6192747970098083,0.6250414864144289,0.6078679681897112,0.623686418932208,0.7709663120430474,0.7948930567412426,1.0,0.6205848853933418,0.5980857280343573,0.6042397807314133,0.6240244727646803,0.5881837102067435,0.6770933240067595,0.06494182247600677,0.6373747440397295,0.6459392808648267,0.5966643004739034,0.6128113934057179,0.6326736067834058,0.5886070689233227,0.6386032750443665,0.5925492204368719,0.6339086439771775,0.6250897824020596,0.6210579082413095,0.6209285892929235,0.605139022874301,0.6683478881352728,0.6600559082947105,0.6049672735643751,0.6137695569454755
0.7744066165753163,0.8039230623348957,0.7562966215456033,0.7521843488865956,0.7813785336334895,0.7914285421049455,0.7876012595577858,0.7550420746279645,0.7701971719868893,0.7668023775222443,0.8202085795017537,0.7537024746270753,0.8351500909180876,0.7541169439192252,0.7505441513375409,0.783933099995757,0.6854058044559717,0.8331969558808079,0.8044827023737949,0.7930989333490448,0.8237111277138844,0.7997211129418262,0.838221612986619,0.7148743220808857,0.6934272296742487,0.6205848853933418,1.0,0.7528128710602437,0.7730667432799788,0.7743463383800043,0.7530102977801476,0.7992295989023094,0.07841722480598812,0.8163581284110244,0.7889035834427642,0.7686952646874401,0.7769591140122619,0.8483310168591092,0.698048854910421,0.8335006466956348,0.758567684540326,0.8023191078295986,0.8519490701519137,0.759326139548405,0.7520066551722074,0.7661959487176624,0.7931871110815425,0.796840376857696,0.7665758173761403,0.7772511525750612
0.7549905552514927,0.7594027085084969,0.7385721236011857,0.8347383937887569,0.7310050096541125,0.739461004801125,0.7424903522443393,0.874474485013079,0.751111852143891,0.825289862168992,0.7501392934281106,0.8141058389914699,0.7518976857487518,0.8251850716657774,0.8127256328810899,0.7402799790894905,0.6589957493460361,0.7555713815211981,0.7339041182150463,0.7475325621326034,0.7464584366448668,0.7323773118003469,0.7546580955472567,0.6789960298296558,0.6665410096163602,0.5980857280343573,0.7528128710602437,1.0,0.7621576954823519,0.7511148912582282,0.8089535787067895,0.7415157345603727,0.08562783794810314,0.7526258847434997,0.7317583344911376,0.7956448217138546,0.7363423184181715,0.7633767400507905,0.7502041224143092,0.7490863319810115,0.8141567840868478,0.7512705626492471,0.7530959030390298,0.9148560657426772,0.9010777994677052,0.7555490204833619,0.7460208365604954,0.7470854013552515,0.8200252082593237,0.7566606820240009
0.7861472741973008,0.7746708418658221,0.765077956490648,0.7581621645213626,0.7434132694785318,0.7564768221123367,0.7661054570003157,0.7626379643383323,0.7821593346919709,0.7709538876958026,0.7695839145943731,0.7648639263153663,0.7705443931257688,0.7640411671311341,0.7562392568316844,0.770312261387079,0.6680797380456258,0.7744627995600459,0.7553362959237535,0.7723059906291821,0.7709079640618159,0.7486455955213642,0.7729330042845737,0.6907537713390771,0.6787726768585536,0.6042397807314133,0.7730667432799788,0.7621576954823519,1.0,0.7820111442842352,0.7574504374603357,0.7508540536174763,0.08313420854885278,0.7686937549368876,0.75996189571514,0.7675451910728399,0.7579624995791527,0.7750213292099305,0.7090636621010948,0.7714350713689754,0.7562529140065983,0.7701016087086654,0.7748407392177644,0.7624563586338042,0.761918997999308,0.7848745939205364,0.7621434422113067,0.7643671513005093,0.7678933164537078,0.855763554680204
0.8047241257311746,0.7855318292382596,0.7613870558925101,0.7517724969932279,0.7606548174328877,0.7665850610000263,0.7708151415212601,0.7537118268163199,0.8113492541747929,0.7685081888391052,0.7819750649104086,0.7613006736654078,0.7822731414462767,0.751752576605063,0.7507899673187527,0.7808685074215482,0.687184130122214,0.783678891589947,0.7649722515375527,0.7793715658216558,0.782682781123621,0.7608023273374086,0.778743943956586,0.7099504068277067,0.6934614854418227,0.6240244727646803,0.7743463383800043,0.7511148912582282,0.7820111442842352,1.0,0.7449498007672164,0.762571328809704,0.08223211174775291,0.7775711680928828,0.7723440370470485,0.7627886571106949,0.7659909542721008,0.7760330404862943,0.706230541244071,0.784483787820534,0.7557962294097935,0.7793186669041307,0.7840557354452695,0.7539467237768505,0.7530277373167641,0.7851289672880455,0.7782545121760756,0.7793467783382617,0.7631572442302821,0.7883096757512797
0.7456528471490385,0.7466359876565117,0.7378423184888532,0.8168942820338074,0.7315972157431645,0.7369915548746214,0.7422026407353935,0.800601294922494,0.7512527842833703,0.8224638237996069,0.7412272675882128,0.7880015676092282,0.7445712350116795,0.8139009739930438,0.8094181263850231,0.7419744744034908,0.6469056615632032,0.750669668232613,0.7325955876519612,0.7473678979429978,0.745978538939858,0.7365226432880221,0.7530846690522053,0.6660961307615294,0.6598515682663015,0.5881837102067435,0.7530102977801476,0.8089535787067895,0.7574504374603357,0.7449498007672164,1.0,0.7364430248643279,0.0809533732669796,0.7490314941470839,0.7285573470590636,0.7893165272989522,0.73601470432448,0.7560065611367468,0.7347542170343246,0.7438396498991398,0.8516411714459339,0.7458714839600622,0.7503860991680682,0.8051047630148248,0.8011147552674703,0.7534097082547753,0.7441343362811148,0.7455240737371605,0.7988741662594282,0.7566933932999258
0.7743916940320897,0.7815478814752401,0.7311431068298382,0.7505896761841193,0.7830403086432606,0.7983255622955078,0.7700967525973066,0.7495170566298959,0.755774428774892,0.7482904227320117,0.7884309487528091,0.750340098264808,0.8036392711055431,0.740121732349038,0.7410771020606145,0.7718453652257529,0.7524025825315509,0.7951619793960634,0.7811925679008078,0.7730612539127542,0.8021946125710417,0.7873936350313004,0.8048774058139588,0.7581999661963659,0.7611970194140087,0.6770933240067595,0.7992295989023094,0.7415157345603727,0.7508540536174763,0.762571328809704,0.7364430248643279,1.0,0.08423636370642185,0.8077566096727473,0.77656815164668,0.7513266924935904,0.768733423577805,0.8048958297755813,0.698253644399189,0.8049352421586562,0.7426078520755103,0.7855294142585982,0.8068362343920321,0.751118478493298,0.7537273808475458,0.7524358744098283,0.7920325322785542,0.7921036329262281,0.7447463425874568,0.7532049797850808
0.08791202485281957,0.08323856000021512,0.09024338218687711,0.08393583121784454,0.08039299152365709,0.08098116315139825,0.07838913959474314,0.09049630498645833,0.08038351041686154,0.08626570974250014,0.07941903601101696,0.07923092502284224,0.07878540195195016,0.08102011489709138,0.08097744420143149,0.07456116552482861,0.07049717627228447,0.07468593196725426,0.07548046327876834,0.08044534607280929,0.07190976044667519,0.07607017478331346,0.08629878775136146,0.06845330265668192,0.07532961182828224,0.06494182247600677,0.07841722480598812,0.08562783794810314,0.08313420854885278,0.08223211174775291,0.0809533732669796,0.08423636370642185,1.0,0.08239860757069939,0.07749066309150199,0.07973401753990661,0.07858771886964266,0.08081858679468656,0.07528838181403641,0.0814069894437055,0.07743778705020055,0.08155723856216424,0.07840461852214098,0.08883138474206398,0.08686694628482616,0.07588567244741729,0.07821981700357128,0.07805478399964094,0.08184990361408606,0.08308028388320066
0.7775512419325177,0.8009489443403558,0.7488634761007175,0.7508036311033066,0.7784194134010727,0.8031060005692403,0.7890773183857169,0.7583814846670165,0.7729262111960067,0.7597685396514041,0.8112865780335102,0.7588567139914493,0.8306803942812111,0.7499158468864517,0.7505752604535703,0.7865927105151191,0.711920182239438,0.828456466367164,0.8162969712764522,0.7931564581312599,0.8281599179299319,0.8390625929738047,0.8676473955748113,0.7272085319801127,0.7170511420773793,0.6373747440397295,0.8163581284110244,0.7526258847434997,0.7686937549368876,0.7775711680928828,0.7490314941470839,0.8077566096727473,0.08239860757069939,1.0,0.7946049922322231,0.7742433002203933,0.776363198303923,0.8187930446316147,0.71299688669729,0.8266812853865921,0.7496119267537484,0.8033167571820513,0.8313266123722373,0.7582958796906464,0.7592081531711479,0.7622809592121997,0.8019238606877368,0.8042282840792474,0.7598549103198957,0.7730098846401408
0.7695886769431945,0.831021450977915,0.7373096144149518,0.7356968608602883,0.7728987966720325,0.8212044593690851,0.7772312787330762,0.7334712857022692,0.7622146143234046,0.7469483364635513,0.7962034349693172,0.7396813316672428,0.7990639290010085,0.7390553347550705,0.7353072371714775,0.7805940514080068,0.7127827475177455,0.8006506235693058,0.7867599578056205,0.7802053615648362,0.7960444365659332,0.7746040221741731,0.7971563023805365,0.7486317033914098,0.7343534301130206,0.6459392808648267,0.7889035834427642,0.7317583344911376,0.75996189571514,0.7723440370470485,0.7285573470590636,0.77656815164668,0.07749066309150199,0.7946049922322231,1.0,0.7507101738023791,0.7669911736223605,0.7932844296200962,0.6979756902828357,0.7925064000017159,0.7341485438064488,0.8057804042163085,0.7990320337595942,0.7388104366139907,0.7377473489027626,0.7509259277901617,0.802738492372443,0.804145462209889,0.7512870778812992,0.75667227523048
0.7629918790198554,0.7598168297624608,0.7446908069360485,0.7974367004729678,0.7410078305654466,0.7604715053093807,0.7627725550192768,0.79718807736342,0.7675125451327336,0.8060126102207148,0.7684466812852754,0.7916018573838483,0.7644895081725129,0.7904843093029053,0.792973993402898,0.7553814917106607,0.6649079793442638,0.7789831819212216,0.7572361174934408,0.7644416242027963,0.7692942266508369,0.7552939991740872,0.77567189751465,0.6834911370857844,0.6710292332892459,0.5966643004739034,0.7686952646874401,0.7956448217138546,0.7675451910728399,0.7627886571106949,0.7893165272989522,0.7513266924935904,0.07973401753990661,0.7742433002203933,0.7507101738023791,1.0,0.7504738235985292,0.7645665854085955,0.7518273831676575,0.7659252966794788,0.7974417891138434,0.7664219623752281,0.7686537181359777,0.7988269437559026,0.8013251157323427,0.7662271069150847,0.7550940985181447,0.7578180321989201,0.8060494824645781,0.7709864156853727
0.7620044172166337,0.7698296616536543,0.7404517409758211,0.736903588263594,0.750601631929033,0.7690368017663246,0.9060081926451942,0.7396874956938109,0.7641364835381488,0.7464172675889295,0.7756147154062926,0.7376802226264692,0.7753745256233394,0.7331764009220716,0.7306763672797671,0.8977316428627321,0.674772939465772,0.7883941487245006,0.7727410604878931,0.9140877588259075,0.7888799480030592,0.7659569939076871,0.7950950083403767,0.6959225170824652,0.6866113440582429,0.6128113934057179,0.7769591140122619,0.7363423184181715,0.7579624995791527,0.7659909542721008,0.73601470432448,0.768733423577805,0.07858771886964266,0.776363198303923,0.7669911736223605,0.7504738235985292,1.0,0.7701063782122313,0.7042116126979732,0.7665967220825096,0.736352997475539,0.7764456069616219,0.7750021754201869,0.7381885811557474,0.7398241873962396,0.7521450773875682,0.768104315674397,0.7699124419607242,0.7455401378638873,0.7603081468976876
0.7757967199584048,0.8166554120612602,0.7527554719139673,0.7574575959703401,0.7910314189396559,0.7994973141312263,0.777783665968919,0.7682588224735677,0.7731619479570955,0.7684777968985685,0.8231384478823555,0.7602742093855108,0.8371107612603431,0.7588115920507748,0.7550975870969372,0.7800781226392621,0.6963417861116576,0.8200483865638415,0.7989097518669555,0.7876901148827697,0.815415241729807,0.7980474754406186,0.8240167325000667,0.7230918523563774,0.7104794709560697,0.6326736067834058,0.8483310168591092,0.7633767400507905,0.7750213292099305,0.7760330404862943,0.7560065611367468,0.8048958297755813,0.08081858679468656,0.8187930446316147,0.7932844296200962,0.7645665854085955,0.7701063782122313,1.0,0.7026183743466947,0.8345320504270988,0.7572702039701517,0.8058395328316235,0.8657744119402803,0.7674379345960891,0.7609294742611077,0.7641156314833528,0.8121274453505701,0.8157039631310524,0.7684699343592527,0.7790509051411917
0.711386909990907,0.7029653523802166,0.6930337680652614,0.7474528555780285,0.7231590208583702,0.7090361154191022,0.7121350530288008,0.7551289130931769,0.7090209132866567,0.7514126577956552,0.7070788950529244,0.7465558094564633,0.7066530594690894,0.7413211719694116,0.742959038027904,0.7086965045966178,0.6463296098922681,0.7087390574567614,0.6953487023360742,0.7098119832854031,0.7092906971011306,0.697048300873051,0.708981803222349,0.6521551567551087,0.6509457343985541,0.5886070689233227,0.698048854910421,0.7502041224143092,0.7090636621010948,0.706230541244071,0.7347542170343246,0.698253644399189,0.07528838181403641,0.71299688669729,0.6979756902828357,0.7518273831676575,0.7042116126979732,0.7026183743466947,1.0,0.7009468143187422,0.7390319663242726,0.70840305786641,0.7041062821351078,0.7551096295661658,0.762848552917763,0.7081886882782483,0.7071568154369485,0.7050959501908396,0.7425716137499581,0.7106039957111402
