../ecoli_genomes/GCF_000163235.1_ASM16323v1_genomic.fna.gz,../ecoli_genomes/GCF_000164555.1_ASM16455v1_genomic.fna.gz,../ecoli_genomes/GCF_000208545.1_ASM20854v2_genomic.fna.gz,../ecoli_genomes/GCF_000233875.1_ASM23387v1_genomic.fna.gz,../ecoli_genomes/GCF_000249735.1_ASM24973v2_genomic.fna.gz,../ecoli_genomes/GCF_000261145.1_Esch_coli_M919_V2_genomic.fna.gz,../ecoli_genomes/GCF_000267705.2_ASM26770v2_genomic.fna.gz,../ecoli_genomes/GCF_000350665.1_Esch_coli_KTE5_V1_genomic.fna.gz,../ecoli_genomes/GCF_000351625.1_Esch_coli_KTE66_V1_genomic.fna.gz,../ecoli_genomes/GCF_000352285.1_Esch_coli_KTE46_V1_genomic.fna.gz,../ecoli_genomes/GCF_000358895.1_ASM35889v1_genomic.fna.gz,../ecoli_genomes/GCF_000456385.1_Esch_coli_HVH_26_4-5703913_V1_genomic.fna.gz,../ecoli_genomes/GCF_000458195.1_Esch_coli_HVH_147_4-5893887_V1_genomic.fna.gz,../ecoli_genomes/GCF_000459755.1_Esch_coli_KOEGE_58_171a_V1_genomic.fna.gz,../ecoli_genomes/GCF_000460055.1_Esch_coli_UMEA_3053-1_V1_genomic.fna.gz,../ecoli_genomes/GCF_000462165.2_ASM46216v2_genomic.fna.gz,../ecoli_genomes/GCF_000601135.1_ASM60113v1_genomic.fna.gz,../ecoli_genomes/GCF_000614595.1_Ec2010EL1058_genomic.fna.gz,../ecoli_genomes/GCF_000617745.1_Ec2010C-4529_genomic.fna.gz,../ecoli_genomes/GCF_000618265.2_EcF6751_genomic.fna.gz,../ecoli_genomes/GCF_000619005.2_Ec2009C-4052_genomic.fna.gz,../ecoli_genomes/GCF_000619105.1_Ec2009C-4780_genomic.fna.gz,../ecoli_genomes/GCF_000619765.2_Ec2009C-3279_genomic.fna.gz,../ecoli_genomes/GCF_000687005.1_ASM68700v1_genomic.fna.gz,../ecoli_genomes/GCF_000687025.1_ASM68702v1_genomic.fna.gz,../ecoli_genomes/GCF_000700125.1_ASM70012v1_genomic.fna.gz,../ecoli_genomes/GCF_000753315.1_FHI35_genomic.fna.gz,../ecoli_genomes/GCF_000776375.1_ASM77637v1_genomic.fna.gz,../ecoli_genomes/GCF_000779395.1_ASM77939v1_genomic.fna.gz,../ecoli_genomes/GCF_000780315.1_ASM78031v1_genomic.fna.gz,../ecoli_genomes/GCF_000781995.1_ASM78199v1_genomic.fna.gz,../ecoli_genomes/GCF_000986765.1_ASM98676v1_genomic.fna.gz,../ecoli_genomes/GCF_001041375.1_ViralProj287958_genomic.fna.gz,../ecoli_genomes/GCF_001265335.1_302014_genomic.fna.gz,../ecoli_genomes/GCF_001265625.1_100854_genomic.fna.gz,../ecoli_genomes/GCF_001267345.1_303289_genomic.fna.gz,../ecoli_genomes/GCF_001309985.1_ASM130998v1_genomic.fna.gz,../ecoli_genomes/GCF_001521695.1_ASM152169v1_genomic.fna.gz,../ecoli_genomes/GCF_001592595.1_ASM159259v1_genomic.fna.gz,../ecoli_genomes/GCF_001614975.1_ASM161497v1_genomic.fna.gz,../ecoli_genomes/GCF_001692775.1_ASM169277v1_genomic.fna.gz,../ecoli_genomes/GCF_001748915.1_ASM174891v1_genomic.fna.gz,../ecoli_genomes/GCF_001749235.1_ASM174923v1_genomic.fna.gz,../ecoli_genomes/GCF_001881155.1_ASM188115v1_genomic.fna.gz,../ecoli_genomes/GCF_001881345.1_ASM188134v1_genomic.fna.gz,../ecoli_genomes/GCF_001892405.1_ASM189240v1_genomic.fna.gz,../ecoli_genomes/GCF_001892585.1_ASM189258v1_genomic.fna.gz,../ecoli_genomes/GCF_001893985.1_ASM189398v1_genomic.fna.gz,../ecoli_genomes/GCF_002001595.1_ASM200159v1_genomic.fna.gz,../ecoli_genomes/GCF_002002145.1_ASM200214v1_genomic.fna.gz
1.0,0.38305103077692804,0.3190058185742106,0.34494142362482805,0.32922280336242016,0.35349421325591246,0.36026583776915955,0.3474198965358051,0.44137196388086997,0.35681739237763344,0.3794362428866225,0.34245664985193747,0.3634301066377831,0.33780923216364256,0.32444425099115803,0.35884592586082154,0.3263539066931356,0.3617355508745729,0.32299674794140976,0.3597023490438629,0.3492241256911317,0.3375051699071282,0.36818078545550503,0.3435253395297111,0.3397930193665075,0.31960368127743644,0.3590509820491813,0.3392961605063939,0.39495908156988757,0.43284045023807194,0.32002147588534613,0.34901910000863523,0.0,0.35450859330332596,0.3605445790443219,0.336127422519087,0.3416435499330174,0.359748582396496,0.3170574748981787,0.3644815046056412,0.32630434745516335,0.3574409730497652,0.3616164470435389,0.3441978511556688,0.35468094950117046,0.36972028582831873,0.3596469652611929,0.36080985712802727,0.32712951727415085,0.3980334646368503
0.38305103077692804,1.0,0.2958262210441164,0.3345523525809522,0.4129300048058421,0.5357760883074828,0.40277482645913176,0.33893583660499604,0.3528290030334159,0.3493803784591172,0.4767552157513063,0.33833293079733096,0.4603544165929774,0.3277187191465516,0.3155883065377212,0.3980904090555969,0.4646676452891846,0.46348369518262944,0.4062368185608808,0.40592493825361897,0.44714970027223255,0.4105264968335012,0.4654797666364301,0.5240485197583835,0.5396563887373089,0.46562768833306545,0.46504566497926325,0.3351485638158571,0.363487816278394,0.3629524707193281,0.3196789727100613,0.4426740759108424,0.0,0.45124684954984073,0.5706897756087232,0.32523276046910066,0.3808669001923404,0.4723022358727199,0.3061493440735974,0.46804654748537633,0.316941948767935,0.5035792503901579,0.47122385969496117,0.3469007934803382,0.34795385743193274,0.3431721345323612,0.5141830487686136,0.5156523964713673,0.3389492357020295,0.36201944163232824
0.3190058185742106,0.2958262210441164,1.0,0.26254857643331875,0.24923855045487853,0.2651890313777353,0.2760994057352856,0.2689498168535974,0.30556655336513106,0.2734133040554021,0.29818524076382025,0.2611030073026894,0.2865711192009438,0.2668336338406626,0.25571807933932755,0.2744545680369075,0.25258302145681344,0.27978649778880194,0.2472222974055115,0.27918053044682434,0.2777982694102761,0.25915633868625454,0.28640633911125657,0.2574223659381101,0.25289478928120857,0.24913882245923324,0.28573474435766977,0.26957651605407285,0.30854478582644795,0.3162803478947642,0.25735804838159815,0.268397741696077,0.0,0.280649376377756,0.2748474615838252,0.2712742543355624,0.2603932220349493,0.2803215443673237,0.2525630467123984,0.2922378018396782,0.25897372811120056,0.2832000013999011,0.29296843815224816,0.2740011910910165,0.27127156932467356,0.29293312529989013,0.2904011432622592,0.2907039451810125,0.27461498206341073,0.3143016364975528
0.34494142362482805,0.3345523525809522,0.26254857643331875,1.0,0.31915685657737114,0.3151374818904463,0.31265691782905725,0.5393812688251974,0.34374519052130037,0.5624281588824858,0.3245025875549937,0.5383043550697109,0.3399861363331137,0.582408764663808,0.5976699475392695,0.3310731793276196,0.30313238389979535,0.31822148082369517,0.28588937024867256,0.31356622789477684,0.3068758064588243,0.29357103336698953,0.3290877265020997,0.31368379886586994,0.31696354733195264,0.3008723520854998,0.31441378434381506,0.555725872397592,0.35211894449736547,0.3347887554250434,0.528730647335582,0.33024890484867064,0.0,0.30899991600460364,0.3156402211854057,0.454074831054023,0.3060132320972234,0.313048795767615,0.4564559013008347,0.31381363471991996,0.5615464007256614,0.31336407762466245,0.3183150581212356,0.5674043974958197,0.5536633081016265,0.34150309551773594,0.3161940404260838,0.3173135002897548,0.48629814140230043,0.3622804414691403
0.32922280336242016,0.4129300048058421,0.24923855045487853,0.31915685657737114,1.0,0.4077137713599954,0.3538401605194842,0.31631120982541905,0.3390665073545679,0.32517037306572827,0.5110275198469929,0.30148435968434717,0.49014858215824275,0.30062837577377965,0.3195039311699681,0.39715448064167913,0.4414664723592122,0.42604839299492736,0.3855325029088168,0.35636668497626456,0.4292417283405875,0.39324304897614826,0.4365553934593219,0.45639811611650727,0.4395337854163318,0.45207682351932177,0.4488789924831218,0.2814992069455059,0.318919768192483,0.327179879263197,0.2966228429403669,0.4698110019195183,0.0,0.4485639444191464,0.4235384479092732,0.2818045440618928,0.3590107941887952,0.4778231778143722,0.30590056970499513,0.4525204978233798,0.3144666106232369,0.4107646278699779,0.4620644647509101,0.3005473813284366,0.300145341841099,0.30140763450627484,0.4336612958711529,0.43330739993015555,0.28502685199364963,0.3188254111193801
0.35349421325591246,0.5357760883074828,0.2651890313777353,0.3151374818904463,0.4077137713599954,1.0,0.38178404575504277,0.32392421501722224,0.33506691385125753,0.32096837261868816,0.4361380434415433,0.30356228746441893,0.4351795491920649,0.30408676968503534,0.3010506199236218,0.3872852418705254,0.4422605425151599,0.4401692150801655,0.393299846119752,0.38256179311950833,0.4144815241670864,0.4562012219479382,0.4352738382964728,0.49408254197211876,0.5073509118056265,0.4343330231943656,0.42699385361483033,0.30812509953437495,0.34117832906348844,0.3315183210947621,0.29543712777724973,0.42952795595030835,0.0,0.432750898795662,0.5341622551080144,0.3125826396614636,0.3644361379356347,0.4389278516087245,0.2975527796577393,0.4377043778019555,0.299349182519299,0.46956156999493703,0.4399125919110952,0.3143877416664682,0.3150034143539977,0.3143824524775325,0.4768017611478629,0.4793004462464233,0.3009774470884251,0.34629731527969654
0.36026583776915955,0.40277482645913176,0.2760994057352856,0.31265691782905725,0.3538401605194842,0.38178404575504277,1.0,0.31779833905253596,0.3494540364473264,0.3201559636053196,0.41596165334198887,0.30258983634726455,0.39935079786896244,0.30950681552256576,0.29931802933181406,0.7441341105086934,0.35641214904778196,0.441779538074328,0.39346214603339214,0.8744766981482666,0.4414882761157931,0.38981490182292844,0.44806422497419196,0.3690237459540292,0.3718623324590081,0.3536304279000613,0.41260895961514144,0.3124078046409713,0.3424012254244855,0.34683683774636753,0.2969639064935182,0.3866098164201428,0.0,0.4111647949794357,0.4072424921475163,0.3300027255202411,0.7858809089458613,0.3878157017660452,0.3041916989140022,0.4093464901045808,0.2939403543460375,0.4000670667852658,0.41104815341705747,0.31563808296285334,0.3134594387441587,0.321109219785474,0.39133543505052737,0.39253828091723053,0.3039087827772904,0.34733679358857206
0.3474198965358051,0.33893583660499604,0.2689498168535974,0.5393812688251974,0.31631120982541905,0.32392421501722224,0.31779833905253596,1.0,0.3368483681073875,0.5415517537319583,0.3263521827701379,0.5092304731935701,0.3448564156587066,0.5241546753364259,0.5094380362800783,0.3309285993339717,0.3066505171923335,0.32348762306431134,0.2947659280791667,0.31737341962130705,0.31246760588586453,0.29652930707890146,0.3310623176790962,0.3207729129766139,0.31593019321825033,0.3059217249745665,0.323715508437487,0.6893163881502995,0.36252450657853497,0.3340194581717614,0.5052937315546416,0.32645983159548597,0.0,0.32226429069965556,0.3278266724523893,0.4467664706082207,0.3055067907961395,0.33615915481007985,0.4572267854781671,0.32678575108341046,0.5151556844836531,0.3209607029697362,0.32836066687378973,0.7036179105740443,0.6725530578033958,0.34133040827454586,0.3222283782782873,0.3236104417135177,0.4772633876713722,0.36057849358114114
0.44137196388086997,0.3528290030334159,0.30556655336513106,0.34374519052130037,0.3390665073545679,0.33506691385125753,0.3494540364473264,0.3368483681073875,1.0,0.3513433216077331,0.3728113039400245,0.3237320028394949,0.3707929333351325,0.33554870699525796,0.3369955536098759,0.3613394728803736,0.31894904887678466,0.354156138782754,0.30876011127480363,0.3529981128792976,0.34031513294659665,0.31882912584373857,0.35716681179399257,0.3375559468895831,0.32885197594356463,0.31892087165297256,0.3556811330154711,0.32298838806569674,0.38055677498116436,0.45760062904032395,0.3258399075609416,0.34598949234268594,0.0,0.3448185246591313,0.34357436145646825,0.3344704342523924,0.33943232538299806,0.34338407785246794,0.30857414892454793,0.3595038905754523,0.32968784939983886,0.3499596090895153,0.36070023000064766,0.33034366384187575,0.323743054204628,0.36272624391854635,0.35226923105581065,0.3531492850807163,0.31753730141985326,0.3943784283953192
0.35681739237763344,0.3493803784591172,0.2734133040554021,0.5624281588824858,0.32517037306572827,0.32096837261868816,0.3201559636053196,0.5415517537319583,0.3513433216077331,1.0,0.3443371077575582,0.5150266486215943,0.3538190921884373,0.5468921364605165,0.5379749426448792,0.335275793169139,0.30240157646344623,0.32504144359265996,0.28998972006045687,0.3208653863353229,0.31257644044421995,0.2959817065444662,0.32594327558764713,0.3160527201499598,0.3198557035865509,0.3079618602770946,0.32546612816247367,0.5408048636536407,0.3657550709734345,0.3430297071058064,0.5477143542521085,0.32527794485946093,0.0,0.31535789786614077,0.32506556258368047,0.4682699956780858,0.31147269900057784,0.3255515460409104,0.47327376915962527,0.33122050447811036,0.5628224470633759,0.3236332520960514,0.3271427757775768,0.5470649550772964,0.5444257052886453,0.347519290594438,0.3265304829300676,0.326993701250225,0.5055712656585368,0.36242478260501765
0.3794362428866225,0.4767552157513063,0.29818524076382025,0.3245025875549937,0.5110275198469929,0.4361380434415433,0.41596165334198887,0.3263521827701379,0.3728113039400245,0.3443371077575582,1.0,0.31689291929565766,0.5672013880537923,0.32973476315680017,0.31497688275876945,0.41941736359808246,0.40983157658140523,0.5280670668257014,0.47605106615423354,0.41882005773341846,0.5180704341573272,0.4898072517490881,0.5312721092280674,0.4298748293841894,0.41947601040311266,0.42538437585658584,0.54474893346343,0.33106572044535554,0.36401572456416376,0.37306352745721594,0.3182189828263188,0.49140639713907286,0.0,0.511735555170548,0.4691015637775168,0.3359159457430697,0.39942044349125094,0.5230243391748668,0.30998478168887555,0.5637671936351611,0.3146474689108638,0.47885196316833134,0.5504082489854407,0.32819093771741303,0.32632001240023556,0.34133056807907414,0.48289340851695917,0.48312810476011336,0.3314941835258237,0.3668249436263924
0.34245664985193747,0.33833293079733096,0.2611030073026894,0.5383043550697109,0.30148435968434717,0.30356228746441893,0.30258983634726455,0.5092304731935701,0.3237320028394949,0.5150266486215943,0.31689291929565766,1.0,0.3278242075753164,0.5213125013114076,0.6085516675298968,0.3114085564294711,0.2917653652217804,0.30741074457258644,0.2790881713110064,0.30436325687348065,0.3056429021397128,0.285265089976821,0.3165602744974789,0.30950118484598255,0.2988027229946232,0.28981211008384833,0.3122176433660384,0.5033735045346248,0.362636327881778,0.3343481671109555,0.470839542704103,0.3110910932361286,0.0,0.30668274894887004,0.31639510713188035,0.4292365816375422,0.2921999998428295,0.30963242333156193,0.4440710454615949,0.31208785933142913,0.49425691444278796,0.3071204367557996,0.3150392907675491,0.5169458999798413,0.5117592505729742,0.3401504683404971,0.3151738930594641,0.3159975305425796,0.45540144509427427,0.3540031979070871
0.3634301066377831,0.4603544165929774,0.2865711192009438,0.3399861363331137,0.49014858215824275,0.4351795491920649,0.39935079786896244,0.3448564156587066,0.3707929333351325,0.3538190921884373,0.5672013880537923,0.3278242075753164,1.0,0.32585506658142815,0.3352191380567495,0.4218321539093842,0.4087572243743668,0.5283923637735795,0.5214906092638605,0.40407903349032326,0.5336605683662008,0.5387190666722323,0.5732184831585325,0.4442916566514362,0.4225185812397648,0.41860172142313945,0.5717182983710072,0.32413018677592587,0.3563307978122576,0.37053220900788053,0.3209332087270663,0.5377966871786177,0.0,0.5486764093253749,0.4592106324079155,0.3243410621961704,0.392213078335773,0.5349436484996085,0.30458763913247056,0.5739143783975516,0.3326951777713525,0.46472224430408693,0.5639424745685079,0.3303605908225935,0.32418178459380065,0.33254600714617066,0.46994337919005424,0.4703261804119938,0.321179434494849,0.3588741017738183
0.33780923216364256,0.3277187191465516,0.2668336338406626,0.582408764663808,0.30062837577377965,0.30408676968503534,0.30950681552256576,0.5241546753364259,0.33554870699525796,0.5468921364605165,0.32973476315680017,0.5213125013114076,0.32585506658142815,1.0,0.5747880430069887,0.3138402537895053,0.28747380171357484,0.31652990719849505,0.2830029719938669,0.31166343894710313,0.3021696142849726,0.2865107882435306,0.32153079889454694,0.2929610064370589,0.2950720612076042,0.28612228702849496,0.3168054521014413,0.5593091714599641,0.3640263808233619,0.3284235887865279,0.5249743430184983,0.30771743422856135,0.0,0.3063418820538123,0.3126777567906762,0.45278073536997143,0.29675868140992134,0.3178142673703648,0.4495688450789591,0.31743774704590877,0.5410242525049521,0.3132546830317927,0.3178659924257655,0.5551441962095732,0.5430927730134502,0.3434037942261433,0.31547992174585804,0.316478355625776,0.48994888774397005,0.36371822977489754
0.32444425099115803,0.3155883065377212,0.25571807933932755,0.5976699475392695,0.3195039311699681,0.3010506199236218,0.29931802933181406,0.5094380362800783,0.3369955536098759,0.5379749426448792,0.31497688275876945,0.6085516675298968,0.3352191380567495,0.5747880430069887,1.0,0.32130077437472404,0.2984600788857281,0.3051529008381063,0.2747197285173648,0.3019209683037555,0.297483895097572,0.2790568940469246,0.31350897692065904,0.3077476488386677,0.305282305439011,0.29431239343379123,0.30581900394045447,0.5172485888368552,0.34928426987291683,0.3273095709310815,0.523952638785686,0.31824133617910233,0.0,0.3021685874079696,0.3065006173030239,0.43998201581420604,0.29547434285901064,0.30897020640654793,0.4471789769969001,0.3075062163559652,0.5463679431531205,0.303955654518953,0.3115028147323703,0.5250789184453775,0.5128155214277295,0.33853267249497654,0.3162139797637943,0.31771412018946565,0.46761190090656846,0.3651210056823341
0.35884592586082154,0.3980904090555969,0.2744545680369075,0.3310731793276196,0.39715448064167913,0.3872852418705254,0.7441341105086934,0.3309285993339717,0.3613394728803736,0.335275793169139,0.41941736359808246,0.3114085564294711,0.4218321539093842,0.3138402537895053,0.32130077437472404,1.0,0.3681205346493107,0.42233061438048136,0.38931601893896817,0.7551807140872258,0.4158197818862861,0.39507656343611186,0.42913751578027315,0.3922404835312471,0.39079605960658526,0.38110929715415487,0.4039388211686499,0.31336692035478775,0.3403592867901746,0.35771261706695756,0.3095356070927876,0.40187496123535216,0.0,0.40135756661105637,0.40275685918068094,0.3237561697856516,0.7366689663383886,0.3857777236716283,0.29870178585892515,0.40166654359773735,0.31375325374791063,0.393832673747898,0.4063322606196036,0.31873383003429345,0.31700443818999047,0.31886275802501773,0.39120546941097223,0.391531842732171,0.3046963646607622,0.34275921628430706
0.3263539066931356,0.4646676452891846,0.25258302145681344,0.30313238389979535,0.4414664723592122,0.4422605425151599,0.35641214904778196,0.3066505171923335,0.31894904887678466,0.30240157646344623,0.40983157658140523,0.2917653652217804,0.4087572243743668,0.28747380171357484,0.2984600788857281,0.3681205346493107,1.0,0.39984161390427575,0.36030765231027306,0.356603984424787,0.39294325464474034,0.366474878440321,0.4130598530958459,0.5517190580547411,0.5237110778295055,0.5628515053623019,0.40510750842677823,0.28866970352661636,0.3349370669763335,0.3139103825788703,0.2820333939169687,0.47124487773923174,0.0,0.44061030597371353,0.4821078652363423,0.2949437797717178,0.3523510354195607,0.39597521817015,0.27746144802246453,0.4039839589314662,0.28489260560976615,0.43851246213809625,0.409105809671681,0.29837475393451596,0.3063894964694148,0.30130217709420404,0.4650572369001995,0.4610116590208311,0.2765217752814906,0.32486930009982873
0.3617355508745729,0.46348369518262944,0.27978649778880194,0.31822148082369517,0.42604839299492736,0.4401692150801655,0.441779538074328,0.32348762306431134,0.354156138782754,0.32504144359265996,0.5280670668257014,0.30741074457258644,0.5283923637735795,0.31652990719849505,0.3051529008381063,0.42233061438048136,0.39984161390427575,1.0,0.5223959924966863,0.4431023540314317,0.5567852022731505,0.5059927331665264,0.5697017682860097,0.41505427778512405,0.40604003210110884,0.4025130052541628,0.5415419388651719,0.32233411632776954,0.35229046619931215,0.3590811450498652,0.30643653660320136,0.48276932636780323,0.0,0.5173569229729842,0.4592018175063137,0.3373160215348521,0.41920616865983285,0.503440082734887,0.3071965730821,0.5447183270833157,0.30303700688280255,0.46551731653648376,0.5353763668932756,0.32250807951763816,0.31898746769464614,0.32864873764059854,0.46692232612952034,0.46829429809269296,0.3091063927496467,0.35916762182050654
0.32299674794140976,0.4062368185608808,0.2472222974055115,0.28588937024867256,0.3855325029088168,0.393299846119752,0.39346214603339214,0.2947659280791667,0.30876011127480363,0.28998972006045687,0.47605106615423354,0.2790881713110064,0.5214906092638605,0.2830029719938669,0.2747197285173648,0.38931601893896817,0.36030765231027306,0.5223959924966863,1.0,0.3880629822046825,0.49456371734059346,0.516328968374024,0.500366387127692,0.37633712804549835,0.3737405732689524,0.35613354898542104,0.4771672492182598,0.28760729834259813,0.31034949826371694,0.3109592893773587,0.2709947290938469,0.46942980538192336,0.0,0.459884170307437,0.4173965604752695,0.29714164101287455,0.3830032776212151,0.44536694143792044,0.2790996407475702,0.477535928730763,0.2709761975960112,0.40701509891680865,0.47189345972043384,0.29096117532635846,0.2898309605391779,0.2915032933881684,0.40436049338368274,0.40534463766739637,0.2779269680445927,0.3139869829274282
0.3597023490438629,0.40592493825361897,0.27918053044682434,0.31356622789477684,0.35636668497626456,0.38256179311950833,0.8744766981482666,0.31737341962130705,0.3529981128792976,0.3208653863353229,0.41882005773341846,0.30436325687348065,0.40407903349032326,0.31166343894710313,0.3019209683037555,0.7551807140872258,0.356603984424787,0.4431023540314317,0.3880629822046825,1.0,0.4413657328567978,0.38867747551956844,0.4459352366440519,0.3707077650498526,0.3716196316595409,0.3561159109386691,0.41619612923108507,0.31326760411022847,0.3434027922105021,0.35128180646912655,0.2982566991851482,0.38714260794467126,0.0,0.40855207021791295,0.40774205779947037,0.3310294805877201,0.789641272865417,0.39206138820133185,0.3003364315508953,0.41454094031901767,0.29597553851472136,0.40117626088892144,0.4138602281283894,0.3160129823451898,0.31297568965490374,0.32593023460026804,0.3954596075977429,0.3966848095392085,0.3070328080430844,0.3513667234635136
0.3492241256911317,0.44714970027223255,0.2777982694102761,0.3068758064588243,0.4292417283405875,0.4144815241670864,0.4414882761157931,0.31246760588586453,0.34031513294659665,0.31257644044421995,0.5180704341573272,0.3056429021397128,0.5336605683662008,0.3021696142849726,0.297483895097572,0.4158197818862861,0.39294325464474034,0.5567852022731505,0.49456371734059346,0.4413657328567978,1.0,0.4983094212240785,0.5733031007137487,0.405941367647784,0.39731032173796255,0.3987687960448949,0.5388403039971945,0.3102746421857141,0.336699864850848,0.34902262656872163,0.29502320665063697,0.49162854418266655,0.0,0.5297345085401444,0.45105204846601377,0.32722212754031044,0.41447674132128387,0.5062797435354631,0.30008738414322766,0.5397888457972244,0.2962137712120867,0.44164943920217203,0.5309643223638796,0.3141040743467831,0.3116446229808447,0.3289430299696453,0.4590298502761253,0.46068440783781184,0.3015101179028403,0.3476959046548509
0.3375051699071282,0.4105264968335012,0.25915633868625454,0.29357103336698953,0.39324304897614826,0.4562012219479382,0.38981490182292844,0.29652930707890146,0.31882912584373857,0.2959817065444662,0.4898072517490881,0.285265089976821,0.5387190666722323,0.2865107882435306,0.2790568940469246,0.39507656343611186,0.366474878440321,0.5059927331665264,0.516328968374024,0.38867747551956844,0.4983094212240785,1.0,0.6387373189180567,0.37305674189327986,0.37121748820402434,0.37246165657320907,0.4990689769994241,0.2995138179161202,0.3160299824926752,0.3234595902937253,0.27549326285994125,0.479287093875279,0.0,0.5700362312468161,0.41259566947143034,0.3034124421793004,0.37199880942738817,0.47046019640632364,0.28046546298373765,0.5082866822967217,0.27478832094483674,0.4149045055841619,0.49860804660547964,0.2971976588888222,0.29900661607472245,0.301098849499144,0.4201972586886946,0.4209397861365064,0.28686861583990775,0.3287221311978197
0.36818078545550503,0.4654797666364301,0.28640633911125657,0.3290877265020997,0.4365553934593219,0.4352738382964728,0.44806422497419196,0.3310623176790962,0.35716681179399257,0.32594327558764713,0.5312721092280674,0.3165602744974789,0.5732184831585325,0.32153079889454694,0.31350897692065904,0.42913751578027315,0.4130598530958459,0.5697017682860097,0.500366387127692,0.4459352366440519,0.5733031007137487,0.6387373189180567,1.0,0.41724696675466166,0.4213978414198437,0.4001258307347012,0.567142561925208,0.3304547319286889,0.35443500167224506,0.35817701921922374,0.3094449532927599,0.5187396510990192,0.0,0.6475406409202653,0.4614280215740094,0.33637163197216935,0.42200923820235337,0.527628678288739,0.314161592332145,0.5599217269877887,0.3084927567535787,0.4602109084124266,0.5550757160054351,0.3304644198747476,0.32792095847285374,0.33463155317501037,0.464995342703041,0.4674924972890485,0.3174994041292055,0.35869200130362466
0.3435253395297111,0.5240485197583835,0.2574223659381101,0.31368379886586994,0.45639811611650727,0.49408254197211876,0.3690237459540292,0.3207729129766139,0.3375559468895831,0.3160527201499598,0.4298748293841894,0.30950118484598255,0.4442916566514362,0.2929610064370589,0.3077476488386677,0.3922404835312471,0.5517190580547411,0.41505427778512405,0.37633712804549835,0.3707077650498526,0.405941367647784,0.37305674189327986,0.41724696675466166,1.0,0.577409089573508,0.565564650114522,0.42246819612775566,0.289068583828894,0.33777033829368497,0.32993598601628316,0.28943429245382724,0.44894907683852614,0.0,0.43879220765598115,0.5611697193501108,0.30059273859655644,0.3659340195473054,0.40573750606559333,0.2812790885249875,0.40887715148602266,0.30168184044929713,0.458809302149097,0.4178012243308553,0.30490722253756974,0.3074015548066845,0.30575652440889667,0.4618417554920605,0.4571830842295983,0.28543255456621186,0.32887741330500175
0.3397930193665075,0.5396563887373089,0.25289478928120857,0.31696354733195264,0.4395337854163318,0.5073509118056265,0.3718623324590081,0.31593019321825033,0.32885197594356463,0.3198557035865509,0.41947601040311266,0.2988027229946232,0.4225185812397648,0.2950720612076042,0.305282305439011,0.39079605960658526,0.5237110778295055,0.40604003210110884,0.3737405732689524,0.3716196316595409,0.39731032173796255,0.37121748820402434,0.4213978414198437,0.577409089573508,1.0,0.5205625833228569,0.41300818114444315,0.28825218016576126,0.32774751093147325,0.32173570221190795,0.29555283324246595,0.48090255374963964,0.0,0.4300823652541351,0.5444740802309513,0.29257801658355875,0.3664990215339693,0.40577610739053316,0.2851766477255572,0.4063701608711454,0.29803220288800225,0.4503213238659356,0.41636777620010534,0.3136757598411275,0.3130928283306047,0.31330063915112727,0.459147623517962,0.4584946909621468,0.2918951977617096,0.3244809684582147
0.31960368127743644,0.46562768833306545,0.24913882245923324,0.3008723520854998,0.45207682351932177,0.4343330231943656,0.3536304279000613,0.3059217249745665,0.31892087165297256,0.3079618602770946,0.42538437585658584,0.28981211008384833,0.41860172142313945,0.28612228702849496,0.29431239343379123,0.38110929715415487,0.5628515053623019,0.4025130052541628,0.35613354898542104,0.3561159109386691,0.3987687960448949,0.37246165657320907,0.4001258307347012,0.565564650114522,0.5205625833228569,1.0,0.4040873640600299,0.28522556624339135,0.32687007897733145,0.31543938185488285,0.285904449614542,0.42851025299459045,0.0,0.42365345586508407,0.4903182587053275,0.2855355384811462,0.3469607045411217,0.39908653782187764,0.2707461136739391,0.4084445863523857,0.28874922473557496,0.4499895073660227,0.40173836151089326,0.30362290626844834,0.2981695759917512,0.30003342923771525,0.4654506611593351,0.45942519330219433,0.2901212874531087,0.32010075570820384
0.3590509820491813,0.46504566497926325,0.28573474435766977,0.31441378434381506,0.4488789924831218,0.42699385361483033,0.41260895961514144,0.323715508437487,0.3556811330154711,0.32546612816247367,0.54474893346343,0.3122176433660384,0.5717182983710072,0.3168054521014413,0.30581900394045447,0.4039388211686499,0.40510750842677823,0.5415419388651719,0.4771672492182598,0.41619612923108507,0.5388403039971945,0.4990689769994241,0.567142561925208,0.42246819612775566,0.41300818114444315,0.4040873640600299,1.0,0.31888559726821375,0.3552381424928902,0.3566773939109781,0.3075185402369648,0.5106523753560663,0.0,0.5283858084062871,0.4592403216630008,0.3234194854570508,0.3929535326673892,0.6001661773031866,0.29774294405828183,0.583643453603092,0.3069978911331266,0.46777199953707504,0.6389013278095752,0.3240855208431712,0.31566044991284903,0.3364734777229246,0.4658616446253502,0.4675699453278531,0.31638747132189193,0.35720569917716416
0.3392961605063939,0.3351485638158571,0.26957651605407285,0.555725872397592,0.2814992069455059,0.30812509953437495,0.3124078046409713,0.6893163881502995,0.32298838806569674,0.5408048636536407,0.33106572044535554,0.5033735045346248,0.32413018677592587,0.5593091714599641,0.5172485888368552,0.31336692035478775,0.28866970352661636,0.32233411632776954,0.28760729834259813,0.31326760411022847,0.3102746421857141,0.2995138179161202,0.3304547319286889,0.289068583828894,0.28825218016576126,0.28522556624339135,0.31888559726821375,1.0,0.3671000121048753,0.328635753489688,0.5088595247848551,0.30759097073943886,0.0,0.3139051360260633,0.3146054010515028,0.4524541579689537,0.295091151891663,0.32954699987811575,0.45338428451794055,0.32220850346043983,0.5132864088415068,0.31497234188734047,0.32117798894401006,0.8020237192332995,0.754576287424705,0.3389203367504193,0.32041331531764927,0.3211362446097804,0.49698155190293025,0.35945746043113025
0.39495908156988757,0.363487816278394,0.30854478582644795,0.35211894449736547,0.318919768192483,0.34117832906348844,0.3424012254244855,0.36252450657853497,0.38055677498116436,0.3657550709734345,0.36401572456416376,0.362636327881778,0.3563307978122576,0.3640263808233619,0.34928426987291683,0.3403592867901746,0.3349370669763335,0.35229046619931215,0.31034949826371694,0.3434027922105021,0.336699864850848,0.3160299824926752,0.35443500167224506,0.33777033829368497,0.32774751093147325,0.32687007897733145,0.3552381424928902,0.3671000121048753,1.0,0.3775227982433639,0.34275484538379,0.33939599031201106,0.0,0.3537665386964284,0.3515411884897528,0.35921134171572167,0.32641350000241764,0.3525864920506294,0.33539168536172603,0.35308682685269643,0.3393926156303825,0.3486531760305037,0.35242912388292713,0.3591479108954283,0.35829414936817683,0.4336092554742925,0.35471547288996474,0.3536074591044017,0.35004636080819995,0.6210007065811591
0.43284045023807194,0.3629524707193281,0.3162803478947642,0.3347887554250434,0.327179879263197,0.3315183210947621,0.34683683774636753,0.3340194581717614,0.45760062904032395,0.3430297071058064,0.37306352745721594,0.3343481671109555,0.37053220900788053,0.3284235887865279,0.3273095709310815,0.35771261706695756,0.3139103825788703,0.3590811450498652,0.3109592893773587,0.35128180646912655,0.34902262656872163,0.3234595902937253,0.35817701921922374,0.32993598601628316,0.32173570221190795,0.31543938185488285,0.3566773939109781,0.328635753489688,0.3775227982433639,1.0,0.3229395787342716,0.33616679433601127,0.0,0.3443351039773417,0.35137435565531905,0.3344727124529342,0.3329795850825982,0.34601353751939157,0.30660057201338886,0.37240505357460574,0.3264144114687866,0.35076912983275,0.3618541034863648,0.3321464524458191,0.3266150386427119,0.37829867866314526,0.3586104316915797,0.35937176950272787,0.3241089973026776,0.3933781102452467
0.32002147588534613,0.3196789727100613,0.25735804838159815,0.528730647335582,0.2966228429403669,0.29543712777724973,0.2969639064935182,0.5052937315546416,0.3258399075609416,0.5477143542521085,0.3182189828263188,0.470839542704103,0.3209332087270663,0.5249743430184983,0.523952638785686,0.3095356070927876,0.2820333939169687,0.30643653660320136,0.2709947290938469,0.2982566991851482,0.29502320665063697,0.27549326285994125,0.3094449532927599,0.28943429245382724,0.29555283324246595,0.285904449614542,0.3075185402369648,0.5088595247848551,0.34275484538379,0.3229395787342716,1.0,0.3011781358260067,0.0,0.30270912791544313,0.30080089442858937,0.43574435229875064,0.2904255186390168,0.30767893996914475,0.42498072442510015,0.3101611580273378,0.6446792402175342,0.30528616812038656,0.30771226429387366,0.5113568901033951,0.49931430967971857,0.32916128386266663,0.3060693862541327,0.3070191726246354,0.4626719678640292,0.3417689413898868
0.34901910000863523,0.4426740759108424,0.268397741696077,0.33024890484867064,0.4698110019195183,0.42952795595030835,0.3866098164201428,0.32645983159548597,0.34598949234268594,0.32527794485946093,0.49140639713907286,0.3110910932361286,0.5377966871786177,0.30771743422856135,0.31824133617910233,0.40187496123535216,0.47124487773923174,0.48276932636780323,0.46942980538192336,0.38714260794467126,0.49162854418266655,0.479287093875279,0.5187396510990192,0.44894907683852614,0.48090255374963964,0.42851025299459045,0.5106523753560663,0.30759097073943886,0.33939599031201106,0.33616679433601127,0.3011781358260067,1.0,0.0,0.5044408534449398,0.4347035353589632,0.3043759959862513,0.38744126857947725,0.5002720819673465,0.2954674076853293,0.5133007484798088,0.3060344844514954,0.4363310262653538,0.5183065542797964,0.31845881585967983,0.3222748936620832,0.31875662096686963,0.4561506852271925,0.45576638353941534,0.2926509253285031,0.3381484381940151
0.0,0.0,0.0,0.0,0.0,0.0,0.0,0.0,0.0,0.0,0.0,0.0,0.0,0.0,0.0,0.0,0.0,0.0,0.0,0.0,0.0,0.0,0.0,0.0,0.0,0.0,0.0,0.0,0.0,0.0,0.0,0.0,1.0,0.0,0.0,0.0,0.0,0.0,0.0,0.0,0.0,0.0,0.0,0.0,0.0,0.0,0.0,0.0,0.0,0.0
0.35450859330332596,0.45124684954984073,0.280649376377756,0.30899991600460364,0.4485639444191464,0.432750898795662,0.4111647949794357,0.32226429069965556,0.3448185246591313,0.31535789786614077,0.511735555170548,0.30668274894887004,0.5486764093253749,0.3063418820538123,0.3021685874079696,0.40135756661105637,0.44061030597371353,0.5173569229729842,0.459884170307437,0.40855207021791295,0.5297345085401444,0.5700362312468161,0.6475406409202653,0.43879220765598115,0.4300823652541351,0.42365345586508407,0.5283858084062871,0.3139051360260633,0.3537665386964284,0.3443351039773417,0.30270912791544313,0.5044408534449398,0.0,1.0,0.4677131035386931,0.33474523757144725,0.3880546712668014,0.5100258162839625,0.3165110422777586,0.5332517252109432,0.2964849260202358,0.44804160266850246,0.5380929613163008,0.3164645480765409,0.31895875440899246,0.3220080023683236,0.4582908279915894,0.4592883464192715,0.30179555151389126,0.34900397310664255
0.3605445790443219,0.5706897756087232,0.2748474615838252,0.3156402211854057,0.4235384479092732,0.5341622551080144,0.4072424921475163,0.3278266724523893,0.34357436145646825,0.32506556258368047,0.4691015637775168,0.31639510713188035,0.4592106324079155,0.3126777567906762,0.3065006173030239,0.40275685918068094,0.4821078652363423,0.4592018175063137,0.4173965604752695,0.40774205779947037,0.45105204846601377,0.41259566947143034,0.4614280215740094,0.5611697193501108,0.5444740802309513,0.4903182587053275,0.4592403216630008,0.3146054010515028,0.3515411884897528,0.35137435565531905,0.30080089442858937,0.4347035353589632,0.0,0.4677131035386931,1.0,0.3203220952249938,0.3818857254236424,0.4431632991034955,0.3049283523649934,0.46101128798689406,0.30279212250390963,0.5013210638409378,0.4664326198743074,0.32030539846496586,0.3207454413913515,0.3278264224319396,0.5013812833409582,0.5007509336150526,0.3101303740169534,0.3471548208996502
0.336127422519087,0.32523276046910066,0.2712742543355624,0.454074831054023,0.2818045440618928,0.3125826396614636,0.3300027255202411,0.4467664706082207,0.3344704342523924,0.4682699956780858,0.3359159457430697,0.4292365816375422,0.3243410621961704,0.45278073536997143,0.43998201581420604,0.3237561697856516,0.2949437797717178,0.3373160215348521,0.29714164101287455,0.3310294805877201,0.32722212754031044,0.3034124421793004,0.33637163197216935,0.30059273859655644,0.29257801658355875,0.2855355384811462,0.3234194854570508,0.4524541579689537,0.35921134171572167,0.3344727124529342,0.43574435229875064,0.3043759959862513,0.0,0.33474523757144725,0.3203220952249938,1.0,0.313581096454032,0.30941814753498675,0.44904364618228165,0.327243593836278,0.4398063301831039,0.31825885077836646,0.3213725515318775,0.4554315672392871,0.4511286677007167,0.33529072508876945,0.31585918643865396,0.3165953671948053,0.44867254114535926,0.36386094174163985
0.3416435499330174,0.3808669001923404,0.2603932220349493,0.3060132320972234,0.3590107941887952,0.3644361379356347,0.7858809089458613,0.3055067907961395,0.33943232538299806,0.31147269900057784,0.39942044349125094,0.2921999998428295,0.392213078335773,0.29675868140992134,0.29547434285901064,0.7366689663383886,0.3523510354195607,0.41920616865983285,0.3830032776212151,0.789641272865417,0.41447674132128387,0.37199880942738817,0.42200923820235337,0.3659340195473054,0.3664990215339693,0.3469607045411217,0.3929535326673892,0.295091151891663,0.32641350000241764,0.3329795850825982,0.2904255186390168,0.38744126857947725,0.0,0.3880546712668014,0.3818857254236424,0.313581096454032,1.0,0.37107679779849156,0.28668554215833386,0.3830448300620144,0.28891530504718343,0.3765661491523329,0.3912071368432869,0.29855111099170495,0.2959511232574261,0.3013638966036768,0.36950041363667574,0.3698050411436479,0.2858506749774805,0.3274098747906774
0.359748582396496,0.4723022358727199,0.2803215443673237,0.313048795767615,0.4778231778143722,0.4389278516087245,0.3878157017660452,0.33615915481007985,0.34338407785246794,0.3255515460409104,0.5230243391748668,0.30963242333156193,0.5349436484996085,0.3178142673703648,0.30897020640654793,0.3857777236716283,0.39597521817015,0.503440082734887,0.44536694143792044,0.39206138820133185,0.5062797435354631,0.47046019640632364,0.527628678288739,0.40573750606559333,0.40577610739053316,0.39908653782187764,0.6001661773031866,0.32954699987811575,0.3525864920506294,0.34601353751939157,0.30767893996914475,0.5002720819673465,0.0,0.5100258162839625,0.4431632991034955,0.30941814753498675,0.37107679779849156,1.0,0.31533369113809107,0.5560948911931173,0.3071003789625899,0.45680271663013106,0.6347773647052775,0.33281220630745734,0.32137805129985386,0.33185301503163733,0.4721673414608668,0.4743263288238234,0.31995418897592964,0.35255310641385285
0.3170574748981787,0.3061493440735974,0.2525630467123984,0.4564559013008347,0.30590056970499513,0.2975527796577393,0.3041916989140022,0.4572267854781671,0.30857414892454793,0.47327376915962527,0.30998478168887555,0.4440710454615949,0.30458763913247056,0.4495688450789591,0.4471789769969001,0.29870178585892515,0.27746144802246453,0.3071965730821,0.2790996407475702,0.3003364315508953,0.30008738414322766,0.28046546298373765,0.314161592332145,0.2812790885249875,0.2851766477255572,0.2707461136739391,0.29774294405828183,0.45338428451794055,0.33539168536172603,0.30660057201338886,0.42498072442510015,0.2954674076853293,0.0,0.3165110422777586,0.3049283523649934,0.44904364618228165,0.28668554215833386,0.31533369113809107,1.0,0.3049694672284381,0.43487278706438726,0.3043710497372166,0.3059194087275865,0.46029720977024646,0.46693646559894786,0.3141962563350952,0.3081237178896301,0.3076556200235484,0.43529813011433016,0.3303943462845179
0.3644815046056412,0.46804654748537633,0.2922378018396782,0.31381363471991996,0.4525204978233798,0.4377043778019555,0.4093464901045808,0.32678575108341046,0.3595038905754523,0.33122050447811036,0.5637671936351611,0.31208785933142913,0.5739143783975516,0.31743774704590877,0.3075062163559652,0.40166654359773735,0.4039839589314662,0.5447183270833157,0.477535928730763,0.41454094031901767,0.5397888457972244,0.5082866822967217,0.5599217269877887,0.40887715148602266,0.4063701608711454,0.4084445863523857,0.583643453603092,0.32220850346043983,0.35308682685269643,0.37240505357460574,0.3101611580273378,0.5133007484798088,0.0,0.5332517252109432,0.46101128798689406,0.327243593836278,0.3830448300620144,0.5560948911931173,0.3049694672284381,1.0,0.3052539469045089,0.473289025712306,0.5875682271017637,0.32267536204309677,0.3220797554088297,0.34510893038634816,0.4976895424198693,0.4989713519903245,0.32028136063914103,0.36713258677398397
