../ecoli_genomes/GCF_000163235.1_ASM16323v1_genomic.fna.gz,../ecoli_genomes/GCF_000164555.1_ASM16455v1_genomic.fna.gz,../ecoli_genomes/GCF_000208545.1_ASM20854v2_genomic.fna.gz,../ecoli_genomes/GCF_000233875.1_ASM23387v1_genomic.fna.gz,../ecoli_genomes/GCF_000249735.1_ASM24973v2_genomic.fna.gz,../ecoli_genomes/GCF_000261145.1_Esch_coli_M919_V2_genomic.fna.gz,../ecoli_genomes/GCF_000267705.2_ASM26770v2_genomic.fna.gz,../ecoli_genomes/GCF_000350665.1_Esch_coli_KTE5_V1_genomic.fna.gz,../ecoli_genomes/GCF_000351625.1_Esch_coli_KTE66_V1_genomic.fna.gz,../ecoli_genomes/GCF_000352285.1_Esch_coli_KTE46_V1_genomic.fna.gz,../ecoli_genomes/GCF_000358895.1_ASM35889v1_genomic.fna.gz,../ecoli_genomes/GCF_000456385.1_Esch_coli_HVH_26_4-5703913_V1_genomic.fna.gz,../ecoli_genomes/GCF_000458195.1_Esch_coli_HVH_147_4-5893887_V1_genomic.fna.gz,../ecoli_genomes/GCF_000459755.1_Esch_coli_KOEGE_58_171a_V1_genomic.fna.gz,../ecoli_genomes/GCF_000460055.1_Esch_coli_UMEA_3053-1_V1_genomic.fna.gz,../ecoli_genomes/GCF_000462165.2_ASM46216v2_genomic.fna.gz,../ecoli_genomes/GCF_000601135.1_ASM60113v1_genomic.fna.gz,../ecoli_genomes/GCF_000614595.1_Ec2010EL1058_genomic.fna.gz,../ecoli_genomes/GCF_000617745.1_Ec2010C-4529_genomic.fna.gz,../ecoli_genomes/GCF_000618265.2_EcF6751_genomic.fna.gz,../ecoli_genomes/GCF_000619005.2_Ec2009C-4052_genomic.fna.gz,../ecoli_genomes/GCF_000619105.1_Ec2009C-4780_genomic.fna.gz,../ecoli_genomes/GCF_000619765.2_Ec2009C-3279_genomic.fna.gz,../ecoli_genomes/GCF_000687005.1_ASM68700v1_genomic.fna.gz,../ecoli_genomes/GCF_000687025.1_ASM68702v1_genomic.fna.gz,../ecoli_genomes/GCF_000700125.1_ASM70012v1_genomic.fna.gz,../ecoli_genomes/GCF_000753315.1_FHI35_genomic.fna.gz,../ecoli_genomes/GCF_000776375.1_ASM77637v1_genomic.fna.gz,../ecoli_genomes/GCF_000779395.1_ASM77939v1_genomic.fna.gz,../ecoli_genomes/GCF_000780315.1_ASM78031v1_genomic.fna.gz,../ecoli_genomes/GCF_000781995.1_ASM78199v1_genomic.fna.gz,../ecoli_genomes/GCF_000986765.1_ASM98676v1_genomic.fna.gz,../ecoli_genomes/GCF_001041375.1_ViralProj287958_genomic.fna.gz,../ecoli_genomes/GCF_001265335.1_302014_genomic.fna.gz,../ecoli_genomes/GCF_001265625.1_100854_genomic.fna.gz,../ecoli_genomes/GCF_001267345.1_303289_genomic.fna.gz,../ecoli_genomes/GCF_001309985.1_ASM130998v1_genomic.fna.gz,../ecoli_genomes/GCF_001521695.1_ASM152169v1_genomic.fna.gz,../ecoli_genomes/GCF_001592595.1_ASM159259v1_genomic.fna.gz,../ecoli_genomes/GCF_001614975.1_ASM161497v1_genomic.fna.gz,../ecoli_genomes/GCF_001692775.1_ASM169277v1_genomic.fna.gz,../ecoli_genomes/GCF_001748915.1_ASM174891v1_genomic.fna.gz,../ecoli_genomes/GCF_001749235.1_ASM174923v1_genomic.fna.gz,../ecoli_genomes/GCF_001881155.1_ASM188115v1_genomic.fna.gz,../ecoli_genomes/GCF_001881345.1_ASM188134v1_genomic.fna.gz,../ecoli_genomes/GCF_001892405.1_ASM189240v1_genomic.fna.gz,../ecoli_genomes/GCF_001892585.1_ASM189258v1_genomic.fna.gz,../ecoli_genomes/GCF_001893985.1_ASM189398v1_genomic.fna.gz,../ecoli_genomes/GCF_002001595.1_ASM200159v1_genomic.fna.gz,../ecoli_genomes/GCF_002002145.1_ASM200214v1_genomic.fna.gz
1.0,0.380821286578661,0.31830379239808637,0.3308166123197448,0.32305998847296635,0.366413906754686,0.3544382634177534,0.3408133371724682,0.4295128412903074,0.34395990704615587,0.37291609379431123,0.33779603140494263,0.36442546396698317,0.32684857925025934,0.31209346844120867,0.355502445472316,0.32624300642333637,0.36538851391564053,0.33263434417802273,0.35882412211263504,0.35500486046909097,0.3536494509540917,0.3737197074096382,0.3654514461339805,0.3229527298225757,0.29858423354615515,0.3649881863807124,0.330654985872442,0.3973742240624454,0.42978788228140585,0.3059086237322409,0.35500545337381595,0.0,0.36212401539172445,0.36463846303187497,0.3334772618343358,0.33842157574070764,0.3672815273568626,0.22254453164694055,0.3782269071889598,0.3183078427068493,0.3618974421216581,0.3708469446304824,0.33684999484016476,0.34761067081622776,0.3649441063705151,0.3623543646537436,0.36643006061349437,0.32399179204285633,0.3931784779356775
0.380821286578661,1.0,0.2988153172923872,0.3274948942282637,0.397077205042068,0.555985853532902,0.3923298743154059,0.3317018598393514,0.3505559028067692,0.337775814813318,0.4674249667048168,0.3352566552514603,0.4562937579515145,0.32135374708355646,0.31296280099250284,0.3919929416461989,0.39897337922279974,0.452461566100693,0.4078913444226594,0.3966900833896059,0.44083742293202965,0.4333422108952426,0.4548433968716058,0.5211065247852065,0.44862291703164714,0.36397829671185544,0.4533140285027195,0.3269464509067428,0.3600123497578921,0.3642779620320129,0.3054989323124079,0.43089201097226504,0.0,0.43700545690680603,0.5622589249132685,0.31623191599602196,0.3752193855838728,0.4438369532667642,0.1535802251346725,0.4517824399406427,0.3151622836507807,0.49945570202645495,0.4597428319956056,0.34123153560536945,0.34138830227003825,0.32967047641541847,0.4855334959312757,0.5074276926365187,0.33577791295769743,0.3539842681264481
0.31830379239808637,0.2988153172923872,1.0,0.2569134480737969,0.24747418924118725,0.2770068390701953,0.2739552818149442,0.26255931621202866,0.30256494318110005,0.267089017865477,0.29424992842090136,0.2578056567728839,0.28947220652094074,0.2591203611776627,0.2539889526843794,0.27665545168971295,0.22404415927007004,0.28644731050005345,0.2570910815248384,0.2784296069771349,0.28206510409590346,0.27485698055307506,0.284310935532315,0.25938774971036993,0.22901497853752217,0.20291265166002226,0.2871061584130499,0.26093322933304675,0.30226439806187866,0.3138032474385686,0.2464625342306035,0.2711611541569453,0.0,0.2772046489201959,0.27227166598461694,0.2636358151943786,0.26195633394490847,0.27223665201096225,0.12584351545928985,0.2894615262171383,0.2581054966160885,0.2804800797048327,0.29508448715109536,0.26784102931385,0.26194277480213146,0.2818209623751211,0.277761836223547,0.2879764137058928,0.26889276296172904,0.3052604499591334
0.3308166123197448,0.3274948942282637,0.2569134480737969,1.0,0.32061272992776313,0.3151238864501188,0.30246013380423065,0.5325076648127902,0.33698687978255604,0.5651544077302676,0.31745669453512093,0.5385209501567526,0.3337901638636709,0.5835281062883695,0.5978254653261192,0.32019835735823354,0.2731555743885191,0.3157065412554366,0.2841999427928953,0.30477618358040726,0.3071218110998055,0.2991964366783303,0.3236021593706173,0.31399455658968956,0.2791332050017865,0.24913587918883595,0.3138644759608873,0.5478881250271471,0.34970776809827475,0.326309946545419,0.5324471746704941,0.3326878402454486,0.0,0.3016230262601355,0.30896108710090275,0.44780129859925943,0.2932563950958953,0.3000469404806636,0.24756052002323503,0.3073840285607321,0.5753646720910421,0.30785572283416485,0.3151460543758491,0.5479749667629898,0.5391927770403693,0.3340802924710947,0.3019548884409836,0.31076559740505516,0.4845035687836837,0.35198075547542673
0.32305998847296635,0.397077205042068,0.24747418924118725,0.32061272992776313,1.0,0.409673304307292,0.3391805863280217,0.31245192230693275,0.3435532625569645,0.32656931636165853,0.49225141754022994,0.29201545241569904,0.4800545879852507,0.3016304175166312,0.3192104136322561,0.37758673354396477,0.3726011633573564,0.4109358414596431,0.37584452291032466,0.34267513744321765,0.41735461737054746,0.3970432367310158,0.4224571241673659,0.41785848853413543,0.37104345749886414,0.3418611891919894,0.43343227859734657,0.275184432229316,0.31197262258492175,0.3341872994641665,0.2895117195152098,0.46666256447589094,0.0,0.4240392601176861,0.4013975573795776,0.2787184452284316,0.3450311839707114,0.46835150097097145,0.18844949219896512,0.44107548621368997,0.322383060930139,0.40728237582800497,0.44994935492763033,0.2889898530944446,0.29372612431763834,0.29305327455206764,0.4124498906169525,0.42055353652460814,0.2836087555031812,0.31096151201263966
0.366413906754686,0.555985853532902,0.2770068390701953,0.3151238864501188,0.409673304307292,1.0,0.3970418538602165,0.331623786038062,0.3429391500047494,0.3177532538048221,0.4606487802585699,0.31172708701001595,0.45255641685645875,0.30927236433833927,0.3028230588142907,0.39892041650598054,0.42836873803316433,0.4473552679344478,0.40776104708375505,0.3946206132724488,0.43441596887820855,0.4516692571509966,0.44648075394433184,0.5331723522948928,0.4870653178554045,0.3916945546231013,0.43067266362874135,0.3104349356284769,0.3503367599997482,0.3450559330142403,0.29076549339383473,0.4508330966004652,0.0,0.4461074456424372,0.5675029825161549,0.31825771062430397,0.38587104769480585,0.44309065058155184,0.187313895460533,0.44741317663318525,0.30667647010555943,0.4952739862326342,0.44808494410982525,0.3200789091977313,0.31923626433097263,0.31367824867653926,0.4866990751374015,0.49758584436529085,0.31375417179271015,0.34655677466876156
0.3544382634177534,0.3923298743154059,0.2739552818149442,0.30246013380423065,0.3391805863280217,0.3970418538602165,1.0,0.30604451591649495,0.34768966767752696,0.30489990926887955,0.4025483357950732,0.29504689553208785,0.39096319052251416,0.2984899644464334,0.28915834140152774,0.7517125863592129,0.31584231539076757,0.44096143107484265,0.4000278366711144,0.8597234830953302,0.4376130595323756,0.41604119209118884,0.4453915716334603,0.36707200831392783,0.3192948865381572,0.28331961035285436,0.4035265373301512,0.297425904511885,0.34020504536504137,0.3541733131234991,0.2810468960163425,0.3841024848612109,0.0,0.4012962744595724,0.3979715200094541,0.3199910355060478,0.7843125054837548,0.3650329851900709,0.1570656140246557,0.38931086950468696,0.2877835766400898,0.38991748130151804,0.39823914518048675,0.30357169764865033,0.30363591227790077,0.30954146426111107,0.37215057815802177,0.3848263951222086,0.29789843861393095,0.34343612366601994
0.3408133371724682,0.3317018598393514,0.26255931621202866,0.5325076648127902,0.31245192230693275,0.331623786038062,0.30604451591649495,1.0,0.33007576530791505,0.5396751647100233,0.31859545067253203,0.5242187007447248,0.3330796053655015,0.5226430913650206,0.5134649529917841,0.31939523380995516,0.2912991252049998,0.32222567213222963,0.29190148298861995,0.30857804923534904,0.3139373867734214,0.30495517648384374,0.3225726169123627,0.3296248687075207,0.2913218420869521,0.26962754982569903,0.3147400118586299,0.7012975207793529,0.3636003891815558,0.3295568075060151,0.4990972422581127,0.3253674395805064,0.0,0.31615860844801413,0.31689713868170377,0.4496366679333409,0.29421313978029395,0.3251816167966287,0.25679299673081246,0.3265852252217275,0.5193642349327054,0.318229499495307,0.32398724614603225,0.7047877302855327,0.6841074532135089,0.33747157991781374,0.31388937463591493,0.3188770456919552,0.48036506248805866,0.3548189848918818
0.4295128412903074,0.3505559028067692,0.30256494318110005,0.33698687978255604,0.3435532625569645,0.3429391500047494,0.34768966767752696,0.33007576530791505,1.0,0.3518581131928119,0.3638457410511323,0.3149711583510765,0.3727032158850283,0.32801109174412213,0.3334854321427557,0.36442917355347637,0.28310236287281576,0.35122403178901207,0.31493504393462646,0.35404486241900823,0.3414280475050633,0.33597844260297205,0.3542072557429651,0.33988648866713433,0.28716681695831936,0.2584480042868713,0.35857404421870187,0.3126215437763773,0.3809238275011605,0.4581145380996604,0.3165918039814737,0.34963771791688547,0.0,0.34175810374018645,0.34231747047707517,0.329254539358797,0.3405704685246156,0.3299510952467334,0.1601431030340943,0.3545051689207256,0.3319646522705313,0.3492824137652747,0.3649419058757539,0.31754102520233785,0.31364199077475186,0.35169267167529517,0.32983461365151534,0.3427651945201421,0.31744451672172724,0.38805631136423724
0.34395990704615587,0.337775814813318,0.267089017865477,0.5651544077302676,0.32656931636165853,0.3177532538048221,0.30489990926887955,0.5396751647100233,0.3518581131928119,1.0,0.33227991167544035,0.5163689029970073,0.3459352063182345,0.5451698537796991,0.5462927010625729,0.3226346027423468,0.26445043233434373,0.3174377031468759,0.2849909483427445,0.30800993084644324,0.30996587349560545,0.3028208513573222,0.31739102629814697,0.3115379958842899,0.2666409339561654,0.24238213373127293,0.3219918763113069,0.5255298217984421,0.359270521466022,0.34397189997979016,0.5477958711326636,0.319875476213745,0.0,0.3073365281415833,0.30690499281528116,0.46771148909301774,0.2970819097291463,0.3091639271028427,0.23757641472046387,0.31871462774975956,0.5778178585202448,0.3151544746279211,0.32362914145889055,0.5327924444806003,0.5341193220642295,0.3382166531672325,0.3030311656954231,0.3146152410171431,0.5065927892513005,0.35349276922265316
0.37291609379431123,0.4674249667048168,0.29424992842090136,0.31745669453512093,0.49225141754022994,0.4606487802585699,0.4025483357950732,0.31859545067253203,0.3638457410511323,0.33227991167544035,1.0,0.3088130120774213,0.552037403845011,0.31973411552275344,0.3067179575214394,0.40777298043413424,0.35848300388087473,0.5220543961231974,0.4639178880830329,0.40730553539389447,0.5133244959499758,0.5124819219938324,0.5250382036922916,0.4310164407463085,0.35963004354114436,0.33314260935674855,0.533747743201169,0.3147622450468015,0.35430342181578356,0.37065493666094096,0.2998263756906421,0.4860490667062183,0.0,0.5086390741552526,0.45915645523099347,0.32905889649188347,0.39205107870237554,0.493195830914565,0.157110585457645,0.541347270269216,0.3118007344076108,0.4863495781741649,0.5439985359771903,0.3185830507951434,0.31706024369039,0.33019858420856385,0.46283841623490196,0.48234930957114075,0.3264730416980183,0.3602230302674334
0.33779603140494263,0.3352566552514603,0.2578056567728839,0.5385209501567526,0.29201545241569904,0.31172708701001595,0.29504689553208785,0.5242187007447248,0.3149711583510765,0.5163689029970073,0.3088130120774213,1.0,0.31449919696411566,0.5331340475754996,0.6183650118836455,0.3030929385348379,0.2994675499490489,0.3035779388127703,0.2785135474990482,0.297145717778325,0.30168831151205466,0.2950837807867799,0.3118715374170844,0.33150433608117924,0.30206618720592193,0.28517604790258844,0.3039303804307423,0.5233416150422444,0.3567830867255899,0.3247301546262312,0.47292469005556936,0.31507273323934326,0.0,0.3069733456822785,0.31913233608572356,0.4348517668068229,0.28298378533481905,0.3141727371989923,0.27449721865455423,0.31754738432092944,0.5097710851629655,0.3011041345556821,0.3102276171164995,0.5284826067981694,0.5258948693902035,0.34012368176173813,0.3232271466052218,0.3206537648960286,0.46059740947661343,0.3492609627260901
0.36442546396698317,0.4562937579515145,0.28947220652094074,0.3337901638636709,0.4800545879852507,0.45255641685645875,0.39096319052251416,0.3330796053655015,0.3727032158850283,0.3459352063182345,0.552037403845011,0.31449919696411566,1.0,0.31809816884964603,0.33047682131938794,0.41481825563205943,0.3657683347649259,0.5198368655069692,0.5232812544686236,0.396654122740426,0.5255456599507247,0.5617406614656371,0.5673640706385148,0.44274902528994053,0.3574849340312858,0.3306876453408093,0.5589206491220251,0.3092400203220438,0.3550927293409799,0.378787486006116,0.3082037779754566,0.5435083646933478,0.0,0.540246186221433,0.45188841713785244,0.3148187120112369,0.3923565856909451,0.5068725622074921,0.15172280677809713,0.5535648856067475,0.32744146597355084,0.46915749819266217,0.5584510972303187,0.31476824362531575,0.3126062239533097,0.31921678109187723,0.44990174128363436,0.46894098105115367,0.31820991956705913,0.353918502066461
0.32684857925025934,0.32135374708355646,0.2591203611776627,0.5835281062883695,0.3016304175166312,0.30927236433833927,0.2984899644464334,0.5226430913650206,0.32801109174412213,0.5451698537796991,0.31973411552275344,0.5331340475754996,0.31809816884964603,1.0,0.5891993995657083,0.3046889625281044,0.24977300778765776,0.31351360164619235,0.28202355023898573,0.30220641411545524,0.302068150583075,0.29976072936772724,0.3170507029053671,0.28903251679584485,0.2523879281004303,0.22688460178788128,0.3120582083367769,0.5518547746253657,0.35849140661548684,0.3198752959695268,0.5297159903726931,0.30822231682172463,0.0,0.3001939656965693,0.3008699734089103,0.4557931390041051,0.2860750558913763,0.2981110472608499,0.22986317735521122,0.30500994077234433,0.5593325105507089,0.3021507342729083,0.31436185587916543,0.5471016329195055,0.5368110949133973,0.34160918726221723,0.2954817903072997,0.30686449067446886,0.4893606938582139,0.35860712357390245
0.31209346844120867,0.31296280099250284,0.2539889526843794,0.5978254653261192,0.3192104136322561,0.3028230588142907,0.28915834140152774,0.5134649529917841,0.3334854321427557,0.5462927010625729,0.3067179575214394,0.6183650118836455,0.33047682131938794,0.5891993995657083,1.0,0.3087005488629192,0.2602861718025401,0.3016057388399035,0.26959225180462676,0.29378866868654174,0.2940715639234933,0.28731979355052284,0.31016767840133064,0.3022746001202996,0.2623294634570311,0.2376229431760274,0.30316946605917006,0.5127426788738186,0.3436223348153393,0.3194825682429495,0.5274341872370507,0.31665758801393673,0.0,0.29473921960115534,0.2971441501582157,0.43979802994611683,0.2841318433610017,0.29080409716899636,0.23071019900839485,0.30025183468818706,0.5669182601762452,0.29961651159563707,0.30708693702361045,0.5143456867832843,0.5062400313981346,0.3335094470063864,0.2978053931743946,0.30835278533540733,0.4696612157105692,0.3572005839045189
0.355502445472316,0.3919929416461989,0.27665545168971295,0.32019835735823354,0.37758673354396477,0.39892041650598054,0.7517125863592129,0.31939523380995516,0.36442917355347637,0.3226346027423468,0.40777298043413424,0.3030929385348379,0.41481825563205943,0.3046889625281044,0.3087005488629192,1.0,0.33898290911793083,0.4243933973104229,0.3926527595095667,0.7711824225726853,0.41980796826759936,0.4062289754523142,0.43014327018712706,0.3957026992262226,0.3430509824685305,0.31947692479216705,0.3998367213777705,0.29873511382104956,0.3381121630219588,0.36398798726367965,0.2940476427890223,0.39934667668102086,0.0,0.3991410291404891,0.39638220944795544,0.31652002721977324,0.751510999798535,0.3724204506643246,0.15896486994453007,0.3897515219448736,0.3058132035164667,0.3916096578440169,0.3962327425436507,0.3036266170212395,0.30581076942723195,0.3114041585385767,0.3812640433166994,0.3890880281605168,0.30034887548130584,0.3453197681520136
0.32624300642333637,0.39897337922279974,0.22404415927007004,0.2731555743885191,0.3726011633573564,0.42836873803316433,0.31584231539076757,0.2912991252049998,0.28310236287281576,0.26445043233434373,0.35848300388087473,0.2994675499490489,0.3657683347649259,0.24977300778765776,0.2602861718025401,0.33898290911793083,1.0,0.3493734872656361,0.32302923417552243,0.3156215864212851,0.34917688467257013,0.34849230371903495,0.367804844688186,0.5562966188933967,0.5894427262040824,0.6188569812903583,0.35057673844071935,0.2672120461831594,0.28238992338513147,0.29067596038357724,0.24078925035683463,0.44692378169122027,0.0,0.3938620770276423,0.4716069456675399,0.25274448821383544,0.31423648934459025,0.4216711294600216,0.32238712765890154,0.41847436446677044,0.2512870950235948,0.39032889689948724,0.3668953244052464,0.29183668191682544,0.3008915575856198,0.2794946276075333,0.5100512765930927,0.45803635362014694,0.2479626232952914,0.28586159871764194
0.36538851391564053,0.452461566100693,0.28644731050005345,0.3157065412554366,0.4109358414596431,0.4473552679344478,0.44096143107484265,0.32222567213222963,0.35122403178901207,0.3174377031468759,0.5220543961231974,0.3035779388127703,0.5198368655069692,0.31351360164619235,0.3016057388399035,0.4243933973104229,0.3493734872656361,1.0,0.5157657152184905,0.4407338961296815,0.5427334051701531,0.5308694381656416,0.5544992157703899,0.41391597433360916,0.34389296839037065,0.31376181442859674,0.5305006739770747,0.3132313253792419,0.3509481885685247,0.3589346222319423,0.2960013964286722,0.4792626395464443,0.0,0.5037750971729198,0.4510094300303751,0.33211087809378514,0.42284713118329265,0.4665023624841532,0.1558188556891955,0.5106756947266464,0.3024413548304066,0.46081047451347046,0.51834561892303,0.31645975773807844,0.31363658416848383,0.31610260647945077,0.4452540066310504,0.46417456009528835,0.3109511663203165,0.35140627789596923
0.33263434417802273,0.4078913444226594,0.2570910815248384,0.2841999427928953,0.37584452291032466,0.40776104708375505,0.4000278366711144,0.29190148298861995,0.31493504393462646,0.2849909483427445,0.4639178880830329,0.2785135474990482,0.5232812544686236,0.28202355023898573,0.26959225180462676,0.3926527595095667,0.32302923417552243,0.5157657152184905,1.0,0.3961090776834111,0.5013513851559495,0.5370097334950791,0.5128563687311697,0.3794019644076544,0.3230320041184779,0.2871564190239607,0.48400319909388567,0.2821440230072009,0.314699497356011,0.32504907102812663,0.2646518137306786,0.4749262984910544,0.0,0.4682144161301427,0.4106908234373836,0.29577682428871743,0.38424798680740635,0.43187766568887165,0.14430398740387373,0.4708249430346997,0.2722219780133688,0.4169472676037892,0.47349229717859054,0.2883369535901532,0.2849000927391988,0.29104333016463657,0.39932270686910165,0.4130506322328995,0.283652168891099,0.3198625447936879
0.35882412211263504,0.3966900833896059,0.2784296069771349,0.30477618358040726,0.34267513744321765,0.3946206132724488,0.8597234830953302,0.30857804923534904,0.35404486241900823,0.30800993084644324,0.40730553539389447,0.297145717778325,0.396654122740426,0.30220641411545524,0.29378866868654174,0.7711824225726853,0.3156215864212851,0.4407338961296815,0.3961090776834111,1.0,0.4366704145627358,0.4159538546350169,0.442602402464079,0.36731463282715315,0.31982162898096833,0.2866237034145721,0.4056297921529557,0.300176106757564,0.3429741167497634,0.359664234786072,0.2860378003954317,0.385545886913528,0.0,0.40181254610373873,0.3988497013963411,0.321187373323527,0.7963596516995416,0.369150741504781,0.15448519573318542,0.3958593433780715,0.2921276648196731,0.3932747887194351,0.40316719837358783,0.30344126318120845,0.3022909829904097,0.31535177365509137,0.3772068610724151,0.39009939335891197,0.302550776488383,0.34856237015480096
0.35500486046909097,0.44083742293202965,0.28206510409590346,0.3071218110998055,0.41735461737054746,0.43441596887820855,0.4376130595323756,0.3139373867734214,0.3414280475050633,0.30996587349560545,0.5133244959499758,0.30168831151205466,0.5255456599507247,0.302068150583075,0.2940715639234933,0.41980796826759936,0.34917688467257013,0.5427334051701531,0.5013513851559495,0.4366704145627358,1.0,0.538131637256881,0.5721753124704236,0.4074414782591306,0.3446034417737034,0.320662438070038,0.5336186556161095,0.3071356691703846,0.33489826872417316,0.3532047288263579,0.28680036281890187,0.49311984073190984,0.0,0.5224533762101079,0.44055644817386574,0.3208848155982972,0.4159055955935277,0.4779060019922089,0.15565889116005338,0.5215933810194238,0.2968555876387631,0.4416893887138762,0.5234690665742335,0.31181457758773057,0.31078347554166164,0.3151417608738626,0.4388613794823085,0.4556190613213349,0.30599248133971146,0.3405168592365032
0.3536494509540917,0.4333422108952426,0.27485698055307506,0.2991964366783303,0.3970432367310158,0.4516692571509966,0.41604119209118884,0.30495517648384374,0.33597844260297205,0.3028208513573222,0.5124819219938324,0.2950837807867799,0.5617406614656371,0.29976072936772724,0.28731979355052284,0.4062289754523142,0.34849230371903495,0.5308694381656416,0.5370097334950791,0.4159538546350169,0.538131637256881,1.0,0.7101421332465259,0.3974430778927761,0.3496174768660393,0.31281144514762005,0.5277503625523585,0.3016065770846307,0.33369503396608347,0.343835119851882,0.281400057293519,0.4975064526534786,0.0,0.619959398229267,0.43547769960640437,0.3055162978507907,0.39959418258700685,0.4759748098453087,0.1515032269280404,0.5227206373853681,0.28671924952094774,0.43947404533117806,0.5305545691226352,0.30386431807257375,0.2994556513253487,0.3107745389840977,0.42624913378842055,0.44248974269883246,0.3009793717092847,0.3414557281631684
0.3737197074096382,0.4548433968716058,0.284310935532315,0.3236021593706173,0.4224571241673659,0.44648075394433184,0.4453915716334603,0.3225726169123627,0.3542072557429651,0.31739102629814697,0.5250382036922916,0.3118715374170844,0.5673640706385148,0.3170507029053671,0.31016767840133064,0.43014327018712706,0.367804844688186,0.5544992157703899,0.5128563687311697,0.442602402464079,0.5721753124704236,0.7101421332465259,1.0,0.41908189952800046,0.3605956069056562,0.32373142529647436,0.563586426094203,0.3167619747261936,0.3514585607953553,0.35877734187367305,0.30065811009667676,0.5144352011733717,0.0,0.637125521693088,0.44931478326985896,0.321729615950231,0.4203663474347522,0.4937515891135684,0.15982533427478074,0.5387335300749239,0.307147746126855,0.4571784721777533,0.5461486418856694,0.32024793219862924,0.31824496502675303,0.3230661513742781,0.440886317037245,0.45823925775216545,0.31445429809333947,0.3516088861024519
0.3654514461339805,0.5211065247852065,0.25938774971036993,0.31399455658968956,0.41785848853413543,0.5331723522948928,0.36707200831392783,0.3296248687075207,0.33988648866713433,0.3115379958842899,0.4310164407463085,0.33150433608117924,0.44274902528994053,0.28903251679584485,0.3022746001202996,0.3957026992262226,0.5562966188933967,0.41391597433360916,0.3794019644076544,0.36731463282715315,0.4074414782591306,0.3974430778927761,0.41908189952800046,1.0,0.5881439537891169,0.530007563417996,0.41401820458652916,0.2987375188854441,0.3244956760568102,0.3444696362473527,0.2809782931117747,0.4651196115998074,0.0,0.43572116687421847,0.585369173347916,0.29473890150201987,0.3669857117561558,0.44321349837298485,0.25695217427983774,0.4517705625178575,0.29963792536864364,0.4665249567729979,0.421546677045587,0.31729715058483954,0.32728042750610475,0.30930096350970593,0.51897547070169,0.49353231621425575,0.2876347705118274,0.3273610179085715
0.3229527298225757,0.44862291703164714,0.22901497853752217,0.2791332050017865,0.37104345749886414,0.4870653178554045,0.3192948865381572,0.2913218420869521,0.28716681695831936,0.2666409339561654,0.35963004354114436,0.30206618720592193,0.3574849340312858,0.2523879281004303,0.2623294634570311,0.3430509824685305,0.5894427262040824,0.34389296839037065,0.3230320041184779,0.31982162898096833,0.3446034417737034,0.3496174768660393,0.3605956069056562,0.5881439537891169,1.0,0.6151134680124163,0.3439505330639596,0.26689927747080766,0.27974747392033783,0.2905826821948756,0.24585782923054034,0.4375147198261923,0.0,0.38070426197524476,0.523300087278131,0.24880326033325562,0.31894309942602195,0.41659882452288455,0.3085076309594178,0.40699364927941784,0.25577803462649984,0.39217030334966163,0.3600229192631954,0.298623640700896,0.29750200577118713,0.28471717704431054,0.4902411994554796,0.4433636556428949,0.25864140163118465,0.28528922614994234
0.29858423354615515,0.36397829671185544,0.20291265166002226,0.24913587918883595,0.3418611891919894,0.3916945546231013,0.28331961035285436,0.26962754982569903,0.2584480042868713,0.24238213373127293,0.33314260935674855,0.28517604790258844,0.3306876453408093,0.22688460178788128,0.2376229431760274,0.31947692479216705,0.6188569812903583,0.31376181442859674,0.2871564190239607,0.2866237034145721,0.320662438070038,0.31281144514762005,0.32373142529647436,0.530007563417996,0.6151134680124163,1.0,0.31612676934909356,0.24660420791879223,0.24989341788772312,0.267962438860629,0.22144487587141404,0.40089296571159316,0.0,0.3517391182914391,0.448504214641269,0.2265793828863163,0.28402383079974725,0.40115313362657556,0.35144480553600654,0.39702274435701324,0.2297837400445839,0.3536419449599584,0.32308599837900653,0.27753392556680934,0.27859041890406866,0.2628381583587399,0.4913155057485411,0.42635685860958317,0.23145453471075506,0.25951357506654793
0.3649881863807124,0.4533140285027195,0.2871061584130499,0.3138644759608873,0.43343227859734657,0.43067266362874135,0.4035265373301512,0.3147400118586299,0.35857404421870187,0.3219918763113069,0.533747743201169,0.3039303804307423,0.5589206491220251,0.3120582083367769,0.30316946605917006,0.3998367213777705,0.35057673844071935,0.5305006739770747,0.48400319909388567,0.4056297921529557,0.5336186556161095,0.5277503625523585,0.563586426094203,0.41401820458652916,0.3439505330639596,0.31612676934909356,1.0,0.3060453100508127,0.35250171759500304,0.35979011411897077,0.29885837455507924,0.5045912127619878,0.0,0.5217630210109097,0.44320281257253036,0.3157429703903236,0.3875220255930293,0.5644702849126542,0.1470089578557262,0.5507438188550462,0.3103513207340344,0.46239317051419937,0.631830335014954,0.3160008812854741,0.3067739724433842,0.32625968905480196,0.4391305114021091,0.45718810469903126,0.31585852355349653,0.35222519351946524
0.330654985872442,0.3269464509067428,0.26093322933304675,0.5478881250271471,0.275184432229316,0.3104349356284769,0.297425904511885,0.7012975207793529,0.3126215437763773,0.5255298217984421,0.3147622450468015,0.5233416150422444,0.3092400203220438,0.5518547746253657,0.5127426788738186,0.29873511382104956,0.2672120461831594,0.3132313253792419,0.2821440230072009,0.300176106757564,0.3071356691703846,0.3016065770846307,0.3167619747261936,0.2987375188854441,0.26689927747080766,0.24660420791879223,0.3060453100508127,1.0,0.3590132920199586,0.31790672352332683,0.492911561971739,0.3071795268400084,0.0,0.30392261464135417,0.3065028896383901,0.44518668396329875,0.28045290649921684,0.31125758279339777,0.25118736110775797,0.3134868247474756,0.5182031498337066,0.30348919780885286,0.31087520071388053,0.806232482233525,0.7652794069647997,0.33470296128023125,0.3061044756934008,0.3115061687386703,0.490480246778925,0.347296540479485
0.3973742240624454,0.3600123497578921,0.30226439806187866,0.34970776809827475,0.31197262258492175,0.3503367599997482,0.34020504536504137,0.3636003891815558,0.3809238275011605,0.359270521466022,0.35430342181578356,0.3567830867255899,0.3550927293409799,0.35849140661548684,0.3436223348153393,0.3381121630219588,0.28238992338513147,0.3509481885685247,0.314699497356011,0.3429741167497634,0.33489826872417316,0.33369503396608347,0.3514585607953553,0.3244956760568102,0.27974747392033783,0.24989341788772312,0.35250171759500304,0.3590132920199586,1.0,0.3776854940383628,0.33210843142598934,0.3380904365575317,0.0,0.3416237426593203,0.33847833286173734,0.35843895038534157,0.3256441382575349,0.33400856271967827,0.17415586549364337,0.35345787773179416,0.33997847074465104,0.33895626068269,0.3524681704386444,0.35900588395206734,0.35782339674534924,0.426340189866272,0.33105403653200893,0.34290600982379926,0.34416936047163826,0.6298244742797785
0.42978788228140585,0.3642779620320129,0.3138032474385686,0.326309946545419,0.3341872994641665,0.3450559330142403,0.3541733131234991,0.3295568075060151,0.4581145380996604,0.34397189997979016,0.37065493666094096,0.3247301546262312,0.378787486006116,0.3198752959695268,0.3194825682429495,0.36398798726367965,0.29067596038357724,0.3589346222319423,0.32504907102812663,0.359664234786072,0.3532047288263579,0.343835119851882,0.35877734187367305,0.3444696362473527,0.2905826821948756,0.267962438860629,0.35979011411897077,0.31790672352332683,0.3776854940383628,1.0,0.3071431591806508,0.3508061122137096,0.0,0.34626376623106836,0.34992972645858733,0.32571923278566384,0.34227110746549827,0.33924704390034865,0.16152363407647197,0.3719527192900073,0.3236006626859218,0.3509740829906999,0.36619460940533033,0.3230882458170353,0.31980617667342925,0.3690420638218084,0.3500735719639704,0.36048928374393174,0.3198400384025616,0.3861840182849112
0.3059086237322409,0.3054989323124079,0.2464625342306035,0.5324471746704941,0.2895117195152098,0.29076549339383473,0.2810468960163425,0.4990972422581127,0.3165918039814737,0.5477958711326636,0.2998263756906421,0.47292469005556936,0.3082037779754566,0.5297159903726931,0.5274341872370507,0.2940476427890223,0.24078925035683463,0.2960013964286722,0.2646518137306786,0.2860378003954317,0.28680036281890187,0.281400057293519,0.30065811009667676,0.2809782931117747,0.24585782923054034,0.22144487587141404,0.29885837455507924,0.492911561971739,0.33210843142598934,0.3071431591806508,1.0,0.2940734144352797,0.0,0.2868053102650301,0.2832142553050848,0.43361284978406156,0.275769601184116,0.28418809328312544,0.21703771824507145,0.292970570327974,0.6635105021372782,0.2889142578409135,0.2972007428796467,0.49445511086705385,0.48649003652180334,0.3184948631161737,0.2804820303445149,0.29094033606086955,0.45713336142918093,0.3284647176592693
0.35500545337381595,0.43089201097226504,0.2711611541569453,0.3326878402454486,0.46666256447589094,0.4508330966004652,0.3841024848612109,0.3253674395805064,0.34963771791688547,0.319875476213745,0.4860490667062183,0.31507273323934326,0.5435083646933478,0.30822231682172463,0.31665758801393673,0.39934667668102086,0.44692378169122027,0.4792626395464443,0.4749262984910544,0.385545886913528,0.49311984073190984,0.4975064526534786,0.5144352011733717,0.4651196115998074,0.4375147198261923,0.40089296571159316,0.5045912127619878,0.3071795268400084,0.3380904365575317,0.3508061122137096,0.2940734144352797,1.0,0.0,0.49998964537294943,0.4464863187038337,0.2981544797031652,0.3880627935181197,0.5019111568300946,0.20344406340982302,0.5194077966004649,0.30869050210070126,0.4429957440017471,0.512905336463904,0.31563301553221645,0.318330953611454,0.30944996237250133,0.4672153169159652,0.46577089393404325,0.2939794187195588,0.3308456144787164
0.0,0.0,0.0,0.0,0.0,0.0,0.0,0.0,0.0,0.0,0.0,0.0,0.0,0.0,0.0,0.0,0.0,0.0,0.0,0.0,0.0,0.0,0.0,0.0,0.0,0.0,0.0,0.0,0.0,0.0,0.0,0.0,1.0,0.0,0.0,0.0,0.0,0.0,0.0,0.0,0.0,0.0,0.0,0.0,0.0,0.0,0.0,0.0,0.0,0.0
0.36212401539172445,0.43700545690680603,0.2772046489201959,0.3016230262601355,0.4240392601176861,0.4461074456424372,0.4012962744595724,0.31615860844801413,0.34175810374018645,0.3073365281415833,0.5086390741552526,0.3069733456822785,0.540246186221433,0.3001939656965693,0.29473921960115534,0.3991410291404891,0.3938620770276423,0.5037750971729198,0.4682144161301427,0.40181254610373873,0.5224533762101079,0.619959398229267,0.637125521693088,0.43572116687421847,0.38070426197524476,0.3517391182914391,0.5217630210109097,0.30392261464135417,0.3416237426593203,0.34626376623106836,0.2868053102650301,0.49998964537294943,0.0,1.0,0.45370132472866975,0.3233181539647606,0.3828368844411586,0.49088095641953744,0.19038155505677024,0.5275879132320128,0.29337052893350335,0.4520899455213071,0.5371716669907235,0.31303546940060023,0.3149810407248669,0.31381662994830417,0.4495762391494019,0.4559275257446883,0.3018010586671446,0.34162287516434653
0.36463846303187497,0.5622589249132685,0.27227166598461694,0.30896108710090275,0.4013975573795776,0.5675029825161549,0.3979715200094541,0.31689713868170377,0.34231747047707517,0.30690499281528116,0.45915645523099347,0.31913233608572356,0.45188841713785244,0.3008699734089103,0.2971441501582157,0.39638220944795544,0.4716069456675399,0.4510094300303751,0.4106908234373836,0.3988497013963411,0.44055644817386574,0.43547769960640437,0.44931478326985896,0.585369173347916,0.523300087278131,0.448504214641269,0.44320281257253036,0.3065028896383901,0.33847833286173734,0.34992972645858733,0.2832142553050848,0.4464863187038337,0.0,0.45370132472866975,1.0,0.30706444011635015,0.3789338108665168,0.4393728785273514,0.21493091858626845,0.4659599646055509,0.2916488439161238,0.4966365042956995,0.4546295072212646,0.31506601317162486,0.31628598802058905,0.31580323862978976,0.5103138146117501,0.508014131175658,0.2982360563789819,0.33838002332346695
0.3334772618343358,0.31623191599602196,0.2636358151943786,0.44780129859925943,0.2787184452284316,0.31825771062430397,0.3199910355060478,0.4496366679333409,0.329254539358797,0.46771148909301774,0.32905889649188347,0.4348517668068229,0.3148187120112369,0.4557931390041051,0.43979802994611683,0.31652002721977324,0.25274448821383544,0.33211087809378514,0.29577682428871743,0.321187373323527,0.3208848155982972,0.3055162978507907,0.321729615950231,0.29473890150201987,0.24880326033325562,0.2265793828863163,0.3157429703903236,0.44518668396329875,0.35843895038534157,0.32571923278566384,0.43361284978406156,0.2981544797031652,0.0,0.3233181539647606,0.30706444011635015,1.0,0.30320586908448166,0.2950789686448473,0.23989374385256612,0.31548522729604866,0.4501781156443443,0.31627248130183405,0.3187530609338959,0.44976487414863,0.44893729951121686,0.3293423665586489,0.2951095372652608,0.3066149222840636,0.445984609328963,0.3557939269289515
0.33842157574070764,0.3752193855838728,0.26195633394490847,0.2932563950958953,0.3450311839707114,0.38587104769480585,0.7843125054837548,0.29421313978029395,0.3405704685246156,0.2970819097291463,0.39205107870237554,0.28298378533481905,0.3923565856909451,0.2860750558913763,0.2841318433610017,0.751510999798535,0.31423648934459025,0.42284713118329265,0.38424798680740635,0.7963596516995416,0.4159055955935277,0.39959418258700685,0.4203663474347522,0.3669857117561558,0.31894309942602195,0.28402383079974725,0.3875220255930293,0.28045290649921684,0.3256441382575349,0.34227110746549827,0.275769601184116,0.3880627935181197,0.0,0.3828368844411586,0.3789338108665168,0.30320586908448166,1.0,0.3549080097462197,0.14517733408505307,0.36982298922725,0.28224470441860183,0.3795032455236579,0.38378838601921794,0.28283176417918254,0.2822433337018694,0.29481722961286605,0.3603881303493889,0.3711143356950751,0.28278700454487826,0.32983472217707643
0.3672815273568626,0.4438369532667642,0.27223665201096225,0.3000469404806636,0.46835150097097145,0.44309065058155184,0.3650329851900709,0.3251816167966287,0.3299510952467334,0.3091639271028427,0.493195830914565,0.3141727371989923,0.5068725622074921,0.2981110472608499,0.29080409716899636,0.3724204506643246,0.4216711294600216,0.4665023624841532,0.43187766568887165,0.369150741504781,0.4779060019922089,0.4759748098453087,0.4937515891135684,0.44321349837298485,0.41659882452288455,0.40115313362657556,0.5644702849126542,0.31125758279339777,0.33400856271967827,0.33924704390034865,0.28418809328312544,0.5019111568300946,0.0,0.49088095641953744,0.4393728785273514,0.2950789686448473,0.3549080097462197,1.0,0.2275050402389851,0.5374171306960931,0.29492550915393534,0.43819454393942425,0.5996300752847572,0.32692255816644966,0.31865479339308056,0.32105858864136816,0.47830342568260753,0.47118206124820616,0.30724603559106456,0.33587002818417167
0.22254453164694055,0.1535802251346725,0.12584351545928985,0.24756052002323503,0.18844949219896512,0.187313895460533,0.1570656140246557,0.25679299673081246,0.1601431030340943,0.23757641472046387,0.157110585457645,0.27449721865455423,0.15172280677809713,0.22986317735521122,0.23071019900839485,0.15896486994453007,0.32238712765890154,0.1558188556891955,0.14430398740387373,0.15448519573318542,0.15565889116005338,0.1515032269280404,0.15982533427478074,0.25695217427983774,0.3085076309594178,0.35144480553600654,0.1470089578557262,0.25118736110775797,0.17415586549364337,0.16152363407647197,0.21703771824507145,0.20344406340982302,0.0,0.19038155505677024,0.21493091858626845,0.23989374385256612,0.14517733408505307,0.2275050402389851,1.0,0.20743338189630722,0.22490098995964314,0.15944808814890865,0.16116187486789457,0.2671938048460547,0.27496844849729474,0.1830013001994355,0.24712338723992378,0.2029630254469973,0.22176583385359117,0.18462598975869993
0.3782269071889598,0.4517824399406427,0.2894615262171383,0.3073840285607321,0.44107548621368997,0.44741317663318525,0.38931086950468696,0.3265852252217275,0.3545051689207256,0.31871462774975956,0.541347270269216,0.31754738432092944,0.5535648856067475,0.30500994077234433,0.30025183468818706,0.3897515219448736,0.41847436446677044,0.5106756947266464,0.4708249430346997,0.3958593433780715,0.5215933810194238,0.5227206373853681,0.5387335300749239,0.4517705625178575,0.40699364927941784,0.39702274435701324,0.5507438188550462,0.3134868247474756,0.35345787773179416,0.3719527192900073,0.292970570327974,0.5194077966004649,0.0,0.5275879132320128,0.4659599646055509,0.31548522729604866,0.36982298922725,0.5374171306960931,0.20743338189630722,1.0,0.30001760707269065,0.45893669258914727,0.5587056929852307,0.32370966395891787,0.32564300013559977,0.3352790207111417,0.5051106093101698,0.505083332799283,0.3132139135325174,0.36243793076799335
