../ecoli_genomes/GCF_000163235.1_ASM16323v1_genomic.fna.gz,../ecoli_genomes/GCF_000164555.1_ASM16455v1_genomic.fna.gz,../ecoli_genomes/GCF_000208545.1_ASM20854v2_genomic.fna.gz,../ecoli_genomes/GCF_000233875.1_ASM23387v1_genomic.fna.gz,../ecoli_genomes/GCF_000249735.1_ASM24973v2_genomic.fna.gz,../ecoli_genomes/GCF_000261145.1_Esch_coli_M919_V2_genomic.fna.gz,../ecoli_genomes/GCF_000267705.2_ASM26770v2_genomic.fna.gz,../ecoli_genomes/GCF_000350665.1_Esch_coli_KTE5_V1_genomic.fna.gz,../ecoli_genomes/GCF_000351625.1_Esch_coli_KTE66_V1_genomic.fna.gz,../ecoli_genomes/GCF_000352285.1_Esch_coli_KTE46_V1_genomic.fna.gz,../ecoli_genomes/GCF_000358895.1_ASM35889v1_genomic.fna.gz,../ecoli_genomes/GCF_000456385.1_Esch_coli_HVH_26_4-5703913_V1_genomic.fna.gz,../ecoli_genomes/GCF_000458195.1_Esch_coli_HVH_147_4-5893887_V1_genomic.fna.gz,../ecoli_genomes/GCF_000459755.1_Esch_coli_KOEGE_58_171a_V1_genomic.fna.gz,../ecoli_genomes/GCF_000460055.1_Esch_coli_UMEA_3053-1_V1_genomic.fna.gz,../ecoli_genomes/GCF_000462165.2_ASM46216v2_genomic.fna.gz,../ecoli_genomes/GCF_000601135.1_ASM60113v1_genomic.fna.gz,../ecoli_genomes/GCF_000614595.1_Ec2010EL1058_genomic.fna.gz,../ecoli_genomes/GCF_000617745.1_Ec2010C-4529_genomic.fna.gz,../ecoli_genomes/GCF_000618265.2_EcF6751_genomic.fna.gz,../ecoli_genomes/GCF_000619005.2_Ec2009C-4052_genomic.fna.gz,../ecoli_genomes/GCF_000619105.1_Ec2009C-4780_genomic.fna.gz,../ecoli_genomes/GCF_000619765.2_Ec2009C-3279_genomic.fna.gz,../ecoli_genomes/GCF_000687005.1_ASM68700v1_genomic.fna.gz,../ecoli_genomes/GCF_000687025.1_ASM68702v1_genomic.fna.gz,../ecoli_genomes/GCF_000700125.1_ASM70012v1_genomic.fna.gz,../ecoli_genomes/GCF_000753315.1_FHI35_genomic.fna.gz,../ecoli_genomes/GCF_000776375.1_ASM77637v1_genomic.fna.gz,../ecoli_genomes/GCF_000779395.1_ASM77939v1_genomic.fna.gz,../ecoli_genomes/GCF_000780315.1_ASM78031v1_genomic.fna.gz,../ecoli_genomes/GCF_000781995.1_ASM78199v1_genomic.fna.gz,../ecoli_genomes/GCF_000986765.1_ASM98676v1_genomic.fna.gz,../ecoli_genomes/GCF_001041375.1_ViralProj287958_genomic.fna.gz,../ecoli_genomes/GCF_001265335.1_302014_genomic.fna.gz,../ecoli_genomes/GCF_001265625.1_100854_genomic.fna.gz,../ecoli_genomes/GCF_001267345.1_303289_genomic.fna.gz,../ecoli_genomes/GCF_001309985.1_ASM130998v1_genomic.fna.gz,../ecoli_genomes/GCF_001521695.1_ASM152169v1_genomic.fna.gz,../ecoli_genomes/GCF_001592595.1_ASM159259v1_genomic.fna.gz,../ecoli_genomes/GCF_001614975.1_ASM161497v1_genomic.fna.gz,../ecoli_genomes/GCF_001692775.1_ASM169277v1_genomic.fna.gz,../ecoli_genomes/GCF_001748915.1_ASM174891v1_genomic.fna.gz,../ecoli_genomes/GCF_001749235.1_ASM174923v1_genomic.fna.gz,../ecoli_genomes/GCF_001881155.1_ASM188115v1_genomic.fna.gz,../ecoli_genomes/GCF_001881345.1_ASM188134v1_genomic.fna.gz,../ecoli_genomes/GCF_001892405.1_ASM189240v1_genomic.fna.gz,../ecoli_genomes/GCF_001892585.1_ASM189258v1_genomic.fna.gz,../ecoli_genomes/GCF_001893985.1_ASM189398v1_genomic.fna.gz,../ecoli_genomes/GCF_002001595.1_ASM200159v1_genomic.fna.gz,../ecoli_genomes/GCF_002002145.1_ASM200214v1_genomic.fna.gz
1.0,0.42190140542210997,0.3429940905168115,0.3729687628007172,0.3848847814284725,0.4099532465128729,0.40063665903001355,0.3748718589682657,0.46269811810517225,0.37882239186463496,0.4171693603008685,0.3801461868059116,0.3992762837128303,0.37073979234063514,0.35423332315017086,0.39703869893851307,0.3964809859116384,0.4090705491083537,0.3413067161217732,0.3976097872003108,0.38544262431821774,0.37678349746751083,0.4017161663365152,0.4036136968381344,0.39707160076431414,0.3905229639594472,0.39987475724137733,0.3607539718438978,0.402560961737773,0.4602410715709153,0.34337993217925367,0.3786875815931754,0.0,0.39317182946505147,0.40156448615860363,0.3626542135884493,0.3764280143422464,0.4044681048597114,0.25468971700404675,0.3978100155026494,0.355269741135829,0.4048721810762457,0.40242316687825197,0.37073841889025183,0.38043107182766633,0.38943241728064704,0.4019209926019134,0.40244783675012574,0.3543667400118551,0.4130957347792701
0.42190140542210997,1.0,0.33781785657845376,0.3601844292790448,0.4666289092652033,0.6300383207291229,0.4399979409079493,0.35961045097985567,0.3819537920194772,0.3680650555227454,0.5070160175813772,0.3738671969418519,0.4748069723096566,0.36811400847059983,0.34588418166247725,0.42827763121926177,0.5739767295413088,0.5176732608230687,0.3859699984939341,0.4357239241058899,0.4561913168817574,0.43261922782762285,0.4639312068375735,0.6154188675149188,0.6251926712343261,0.5662318325892126,0.47826795763273544,0.350118192483418,0.3522751101744588,0.3782301286237991,0.35485793046116565,0.4392388037885755,0.0,0.45266583124984183,0.6265461364052,0.3413816061027871,0.4034764368665158,0.4863622194074807,0.2192326038022413,0.4759037847892219,0.355639768326656,0.5722371505670972,0.48907580220331837,0.3661320217017717,0.36375287624752484,0.3510608090306113,0.576531290958288,0.5790463195640345,0.3518944110000093,0.3498255827060496
0.3429940905168115,0.33781785657845376,1.0,0.28063608164682186,0.2930398986825433,0.32106468258797916,0.3127575497376497,0.28810115956313787,0.32133810212797964,0.28929392287116573,0.3245258879537918,0.2929202111773259,0.31095503859716267,0.2928073701472306,0.278581800413244,0.30902284042893846,0.31731383539315416,0.3249348781635186,0.26117027029181916,0.3130376365902173,0.3015794373627009,0.29238555819246415,0.3088908235461618,0.3106910916864233,0.3126096444912906,0.30955415406948006,0.3117706730455757,0.28677599855843094,0.3110756393767682,0.32977717730175893,0.27862579403217813,0.2907013202469927,0.0,0.3038805346125446,0.31368520029871605,0.28852410232059755,0.29409489772002195,0.3074563925568501,0.182311083285979,0.31513230080749055,0.28264882053596474,0.32675335797371996,0.31549720958189276,0.29204377674743665,0.28794354727741833,0.3008574213600047,0.3292680659823861,0.3300543445268591,0.29095170003804294,0.3112331212579942
0.3729687628007172,0.3601844292790448,0.28063608164682186,1.0,0.3695636216089253,0.35982053214578624,0.34179844048211494,0.5494935836069985,0.35904348034252964,0.5686116017712703,0.35411020625134404,0.5557271713152128,0.36088264426742733,0.5961968100258157,0.6070272718862628,0.3525621811662477,0.35832536025037887,0.3522340284606753,0.2922768702736682,0.3398712698245545,0.3314959660612232,0.3191731455671488,0.3482806093925309,0.3573796096582841,0.3608909695062251,0.35168685187984206,0.34163102063705686,0.5653809185145239,0.3570535455348949,0.3538354144971795,0.5322536078178999,0.36030389320256573,0.0,0.3323675423907342,0.3472554010462494,0.467053554180756,0.32796230426207895,0.33812801724446084,0.33141987538313633,0.33234422547805575,0.5746235733897973,0.35104629818809685,0.34465712220005296,0.5711785290566447,0.5680114182641114,0.3603858822495556,0.3524154447214203,0.3528724456233311,0.5030394127071274,0.375056455323581
0.3848847814284725,0.4666289092652033,0.2930398986825433,0.3695636216089253,1.0,0.49656826682742516,0.40762157886198125,0.3522700054632881,0.3816226260545733,0.36821257491322334,0.5466280628308952,0.3438464753988242,0.5201049106023565,0.3490905259468676,0.36474149017112933,0.43276246315156874,0.4802044838796836,0.4877542916445997,0.3973898527295713,0.40328291956272144,0.4796953278593753,0.44073518453531124,0.4738232743991404,0.47989908077421184,0.4806970591443962,0.47407996322323753,0.48618052472774964,0.32492529087976074,0.33882803945893525,0.37779394538469724,0.3381983448548983,0.5013721980914058,0.0,0.4724322080771145,0.47006677368413474,0.3269494332341174,0.39652359091952494,0.49873733557217503,0.23614322967891954,0.4908699640041252,0.3702736261810483,0.47655500696278486,0.506185126437652,0.33557530212689035,0.34591444258212845,0.33027282438360317,0.48892802023048587,0.4901933232376451,0.3269508954921764,0.3412220323504038
0.4099532465128729,0.6300383207291229,0.32106468258797916,0.35982053214578624,0.49656826682742516,1.0,0.4533963296319925,0.3629367840403567,0.3828956305358232,0.3567002755738704,0.50100492417116,0.3540034807951903,0.47704434432998644,0.3662630731055512,0.3488008240918018,0.44203883955535606,0.5807125456458626,0.520436637113029,0.3947482009974108,0.4417847230775064,0.4566476469643974,0.4359320223703008,0.47260329205413365,0.6161776154328225,0.6267396228895479,0.5620604923503552,0.47116293226284867,0.3398453112225458,0.35634024914466955,0.3719248342671416,0.3474519977793836,0.45029123521264913,0.0,0.46975901000827613,0.635872084299183,0.353155840168745,0.41666175994931787,0.47650184227814174,0.2415941448286164,0.46863496561061646,0.3594002829024757,0.5808143573218276,0.48492761795080286,0.3550057100668641,0.35394156994377834,0.34503957561742193,0.5748885198139781,0.5777690594858603,0.338997158734746,0.3558367312141135
0.40063665903001355,0.4399979409079493,0.3127575497376497,0.34179844048211494,0.40762157886198125,0.4533963296319925,1.0,0.34077918328570167,0.38275811043453867,0.34014134978298416,0.44062030580895595,0.3384202750991354,0.42248516799850155,0.34342730314266967,0.33095215036549264,0.7582598457461494,0.43162879796063647,0.4753031891860465,0.39699982744118323,0.8678181525601032,0.4595832865428432,0.4294932633174747,0.46867293607601945,0.4272946025869754,0.43406981490623653,0.4287052411936322,0.43822518208597105,0.32867732925458515,0.3517925738791302,0.3795133297771214,0.3264558671496123,0.4073154278209131,0.0,0.4335265288488671,0.44449597339319324,0.3531894210563067,0.8019814060630405,0.4168963020148895,0.225705077136234,0.43153654977406897,0.3291545957004286,0.43629040398347496,0.4364077634498601,0.34037428409292325,0.3393001603349929,0.3462811844180991,0.4335237883236003,0.43601316421960823,0.33085432880488386,0.36280543943320587
0.3748718589682657,0.35961045097985567,0.28810115956313787,0.5494935836069985,0.3522700054632881,0.3629367840403567,0.34077918328570167,1.0,0.35743012727243306,0.5526998961059659,0.3517562208532905,0.5382728460405313,0.3560051940820196,0.5415090039950794,0.5297466623103635,0.3468546245125532,0.34891233806180233,0.3518029042421912,0.2951834394672712,0.3388214447530745,0.32869825051024393,0.326435875163277,0.34605385629336183,0.35454929154814074,0.35059904093815986,0.34675311169244405,0.3427531676004224,0.7073100534745125,0.3692260130964834,0.353706704996145,0.5152651864245263,0.345043960868171,0.0,0.34051310708196525,0.34369099639241874,0.4724809670830312,0.3244948756804934,0.3558483331876875,0.33006070689355627,0.34283633012564796,0.5291210159636854,0.349873613614215,0.3465086224571734,0.7146842538676621,0.6957424835085011,0.35613598629040477,0.3464068223647039,0.34685744394595097,0.5017229577291182,0.374060194905799
0.46269811810517225,0.3819537920194772,0.32133810212797964,0.35904348034252964,0.3816226260545733,0.3828956305358232,0.38275811043453867,0.35743012727243306,1.0,0.37046788707968725,0.3953747033162921,0.35013356578432697,0.3873761368478117,0.3563424872498753,0.3535451953360289,0.3890767966174965,0.3725585442974796,0.38174829969013435,0.3169308403310701,0.38398831833937874,0.3641718209859832,0.3535325146154401,0.3789776103218747,0.37813181314958777,0.3703455917696833,0.3705235133640168,0.38047005854066773,0.33905912134628113,0.39065273785663956,0.47418450687602054,0.3405308386634257,0.36476431837792356,0.0,0.3689067519604732,0.3694448205923466,0.3564776777160231,0.36700041694189645,0.37012316407192714,0.22935927242209941,0.3810917331344189,0.3522827087120042,0.37587259490518365,0.38458604523178863,0.34772080713402487,0.3456126587836912,0.3755296098110643,0.3739058898553821,0.37329835412873713,0.3440196683079112,0.4049010382583621
0.37882239186463496,0.3680650555227454,0.28929392287116573,0.5686116017712703,0.36821257491322334,0.3567002755738704,0.34014134978298416,0.5526998961059659,0.37046788707968725,1.0,0.36098307301329835,0.5290900659758463,0.3664133836588903,0.5532738327826718,0.5475385104149633,0.35027574216803414,0.34552187783278776,0.35204406641409125,0.2883326459448975,0.339779488055036,0.3316939853614155,0.3188551808223188,0.3412266025186055,0.3505365863281189,0.348410129688287,0.34659131081587047,0.3479117128990553,0.5450713839355479,0.36938579653118,0.36736700229516017,0.5471967505011531,0.3426028553816616,0.0,0.33269328879275895,0.3437269947192646,0.47864901409522187,0.3268145853862049,0.3448410755120239,0.3297411507005109,0.3441742132238186,0.5728372660939325,0.3494052663405869,0.34783289325245914,0.5496930219585534,0.5562400611764824,0.36019417417395916,0.35007771966479717,0.3499258343222609,0.5145110111359089,0.3655274646889056
0.4171693603008685,0.5070160175813772,0.3245258879537918,0.35411020625134404,0.5466280628308952,0.50100492417116,0.44062030580895595,0.3517562208532905,0.3953747033162921,0.36098307301329835,1.0,0.3578285576566218,0.5748312264552806,0.3639700000857231,0.3502245743197113,0.43450437738447567,0.48454202635374044,0.5615809212798091,0.46222252682905485,0.43973243546098684,0.5286523568015606,0.5268237689547468,0.543355294037144,0.49521768587051185,0.4717644734795049,0.4868496222575356,0.555797107154469,0.34369269352062815,0.3572838703458313,0.39021278638231083,0.3387582627843434,0.5024413783502077,0.0,0.525628458220951,0.49777849638725913,0.35951454838356556,0.41160185610677813,0.5373648302745884,0.23365398202781262,0.5678094099228368,0.3487838508531985,0.5162177609020059,0.5664152720297976,0.3557348178694604,0.3541085935744127,0.35836993965406194,0.5172199196130584,0.5176500156577375,0.35119749603614825,0.3710283496424712
0.3801461868059116,0.3738671969418519,0.2929202111773259,0.5557271713152128,0.3438464753988242,0.3540034807951903,0.3384202750991354,0.5382728460405313,0.35013356578432697,0.5290900659758463,0.3578285576566218,1.0,0.34803717687488744,0.5509085992274916,0.6343721951069653,0.34374308966037437,0.3507637171590261,0.3489188130061336,0.29577018361200524,0.3369491665258305,0.3344032825431489,0.32722862829594723,0.3429550820672618,0.3558237194137627,0.3581660283209216,0.35210136799111136,0.3411124350039614,0.5374852674883529,0.3693814752712433,0.3530883097262102,0.49812247441056134,0.3379359783543501,0.0,0.3345124194802077,0.35159794976559555,0.46104001021349617,0.3197675783463918,0.34610150422165664,0.32052515155359274,0.33840809032975916,0.5231909410911847,0.34809590087708,0.3496888450099982,0.5447255877223344,0.5432527397972562,0.36214802665641754,0.35424920579383,0.35447316413331376,0.4872115766551789,0.3718922947501171
0.3992762837128303,0.4748069723096566,0.31095503859716267,0.36088264426742733,0.5201049106023565,0.47704434432998644,0.42248516799850155,0.3560051940820196,0.3873761368478117,0.3664133836588903,0.5748312264552806,0.34803717687488744,1.0,0.3525978131224661,0.3584114528137141,0.4344726103757274,0.45816295622491954,0.5493886682046882,0.531808396224569,0.4234870485050791,0.5409751736246078,0.5969818882801122,0.5833729362468373,0.46617426192611167,0.44907954984177945,0.4538152841639522,0.5735868193132907,0.3371818972516283,0.3538367048318266,0.39287072032048054,0.33749835053196864,0.5611109677571049,0.0,0.5645894944841119,0.4663155847407411,0.3379994983388769,0.4081636150134953,0.547182885203287,0.22677768058429848,0.5731611140317195,0.3563514025264467,0.48243249022688794,0.5714539694212053,0.3428536048796723,0.34304842180873996,0.3442015546051944,0.4866404427545429,0.48647528468624457,0.3379101255192406,0.36061209462565347
0.37073979234063514,0.36811400847059983,0.2928073701472306,0.5961968100258157,0.3490905259468676,0.3662630731055512,0.34342730314266967,0.5415090039950794,0.3563424872498753,0.5532738327826718,0.3639700000857231,0.5509085992274916,0.3525978131224661,1.0,0.5850736719529896,0.34033726457864333,0.3635144990177881,0.3614699420559978,0.2922174773644748,0.34122066424247155,0.33304668324789544,0.32211671138750386,0.3499390421867502,0.35517877904899553,0.35680127315967747,0.3536612961251391,0.3483522868254575,0.5619488162399946,0.36578819811441343,0.35082830018073996,0.5348813195110684,0.3376041770693462,0.0,0.3343066773598582,0.3574006376836095,0.46873527944788884,0.3229714944566242,0.34505029032875034,0.31273366794460344,0.34019506551364476,0.5540028344509547,0.3614908516313502,0.34954305022044363,0.5657086458119971,0.5584720610068743,0.362272559410724,0.36134508348860583,0.36264505609997066,0.5028970684298013,0.37286264514523804
0.35423332315017086,0.34588418166247725,0.278581800413244,0.6070272718862628,0.36474149017112933,0.3488008240918018,0.33095215036549264,0.5297466623103635,0.3535451953360289,0.5475385104149633,0.3502245743197113,0.6343721951069653,0.3584114528137141,0.5850736719529896,1.0,0.3436680648506014,0.352468815742359,0.34079802965502415,0.2800154440962205,0.3314034389067817,0.32293738251051884,0.3107539118414415,0.3374143947149725,0.34725260693286963,0.34530220674621026,0.34332778056048396,0.33638416424207074,0.5339687026167131,0.3527326040197545,0.34942953064253923,0.529372148508551,0.34620541307215535,0.0,0.32353095913131247,0.3367570386101949,0.4557789140965428,0.319636921981967,0.3305022518469368,0.31827766445741723,0.32683967347353615,0.5637656408367396,0.339474387293797,0.3370954555466119,0.5335639510098173,0.5322463030929803,0.35352630594041023,0.3505979210295397,0.3502430890743713,0.4865224784244212,0.37549783136065795
0.39703869893851307,0.42827763121926177,0.30902284042893846,0.3525621811662477,0.43276246315156874,0.44203883955535606,0.7582598457461494,0.3468546245125532,0.3890767966174965,0.35027574216803414,0.43450437738447567,0.34374308966037437,0.4344726103757274,0.34033726457864333,0.3436680648506014,1.0,0.43015638424291647,0.4553909742646498,0.39948507437009095,0.7629814244500983,0.43416729758936945,0.43004546200701665,0.44768867342513774,0.44152930520060696,0.4439718824182036,0.4408227876795554,0.427522036918217,0.3258951863004972,0.34996736892536884,0.38831424668759884,0.3315476823804916,0.4251002807453168,0.0,0.4236802862506276,0.4405928378521683,0.3534623618328617,0.7541054906175993,0.4167133604692863,0.2224080542577337,0.4202837754069385,0.34297649923958173,0.4222826287337008,0.4282765328879946,0.33849025136612276,0.33970188081998576,0.3434794579532833,0.42626488502832527,0.4273234234060954,0.327317764803695,0.359962038499818
0.3964809859116384,0.5739767295413088,0.31731383539315416,0.35832536025037887,0.4802044838796836,0.5807125456458626,0.43162879796063647,0.34891233806180233,0.3725585442974796,0.34552187783278776,0.48454202635374044,0.3507637171590261,0.45816295622491954,0.3635144990177881,0.352468815742359,0.43015638424291647,1.0,0.502203275494208,0.36895157130262757,0.41981977221266353,0.434645209203502,0.4178164976583725,0.4495268795689287,0.6116418758549598,0.6038231148719756,0.6172715026232691,0.4559793071019538,0.3262921244626309,0.3260886629194176,0.3584299555300605,0.3442797392107406,0.46139279765989716,0.0,0.439102862715431,0.5927134622651256,0.3411170625405878,0.4019784994252612,0.4458018728014479,0.2271520658087106,0.44234286963126723,0.3539998497624207,0.5620103336682948,0.46638140289113017,0.34578891122496624,0.3528685209231889,0.3313078948980013,0.5717464820469849,0.5715197535410057,0.3230324534217063,0.3368522433638549
0.4090705491083537,0.5176732608230687,0.3249348781635186,0.3522340284606753,0.4877542916445997,0.520436637113029,0.4753031891860465,0.3518029042421912,0.38174829969013435,0.35204406641409125,0.5615809212798091,0.3489188130061336,0.5493886682046882,0.3614699420559978,0.34079802965502415,0.4553909742646498,0.502203275494208,1.0,0.49485132776552077,0.46981039968467475,0.5644370891226627,0.5357690585812631,0.5727899164325987,0.5022120087856401,0.4900312454527237,0.4946007662915606,0.5617195552903514,0.34128263240025114,0.35473913665753654,0.3861724678312708,0.3423718702168723,0.5015669415996289,0.0,0.5286906220591062,0.5166436970357122,0.3591916884435793,0.44216041539703455,0.5221222216100584,0.22884660518101552,0.5519280899115835,0.345410024652097,0.5282163339248971,0.550021761397635,0.34858700586423863,0.34702541202364023,0.3516370904388235,0.5232617972020905,0.5250014204237945,0.3380070311819674,0.3601465699422287
0.3413067161217732,0.3859699984939341,0.26117027029181916,0.2922768702736682,0.3973898527295713,0.3947482009974108,0.39699982744118323,0.2951834394672712,0.3169308403310701,0.2883326459448975,0.46222252682905485,0.29577018361200524,0.531808396224569,0.2922174773644748,0.2800154440962205,0.39948507437009095,0.36895157130262757,0.49485132776552077,1.0,0.38919676108114265,0.4894060821783066,0.5619876805400388,0.4960651752993238,0.3677692136717605,0.3701001995387755,0.35746272140765956,0.47074865098577545,0.2853119322639627,0.3083850457815236,0.32702818314804094,0.2768338946677191,0.49129446033880375,0.0,0.467949275384954,0.3825481638645791,0.30414576510797353,0.39111535183540924,0.44554732830136545,0.19852495628629796,0.4735019137542327,0.27881899519877495,0.3917881969072726,0.46456848628008496,0.295566965610515,0.29334949147241185,0.3033657121992368,0.39120720496032,0.3930077005024063,0.2865239708062721,0.31925577617483425
0.3976097872003108,0.4357239241058899,0.3130376365902173,0.3398712698245545,0.40328291956272144,0.4417847230775064,0.8678181525601032,0.3388214447530745,0.38398831833937874,0.339779488055036,0.43973243546098684,0.3369491665258305,0.4234870485050791,0.34122066424247155,0.3314034389067817,0.7629814244500983,0.41981977221266353,0.46981039968467475,0.38919676108114265,1.0,0.45738243906991916,0.42538319119413326,0.4642631933316089,0.41439437221435127,0.42221182265721724,0.4153357295901996,0.44019078867116157,0.3300531865352584,0.35604836676707163,0.38245432137770596,0.32566670266569575,0.4067276570221102,0.0,0.43073815648260094,0.43123959094952014,0.3495494738673305,0.7982146337078341,0.41707431734330824,0.22058565899938287,0.43528019710799604,0.328242248054618,0.42887954632100134,0.43726563117285455,0.33783316050527235,0.33693857170326713,0.3495104748400202,0.4279395467404671,0.4300657704126196,0.3326816976593634,0.36664492412432104
0.38544262431821774,0.4561913168817574,0.3015794373627009,0.3314959660612232,0.4796953278593753,0.4566476469643974,0.4595832865428432,0.32869825051024393,0.3641718209859832,0.3316939853614155,0.5286523568015606,0.3344032825431489,0.5409751736246078,0.33304668324789544,0.32293738251051884,0.43416729758936945,0.434645209203502,0.5644370891226627,0.4894060821783066,0.45738243906991916,1.0,0.5435405095581143,0.5848706251086307,0.4296996291223132,0.4308367894746872,0.43552715169188394,0.5558434522086771,0.32504394943197545,0.3443011502977139,0.3737787389529774,0.3141772048326993,0.5093158075208146,0.0,0.5478995941868013,0.4500037354468549,0.34399491741945665,0.4363570108498993,0.5233904091873915,0.2205039106481973,0.5588870328253639,0.3222630276256674,0.45106629419436517,0.5464052175619016,0.3334625839938802,0.3344125082281041,0.34834929307225837,0.47055047277564876,0.47215012169812465,0.3284999256907548,0.35332049396933096
0.37678349746751083,0.43261922782762285,0.29238555819246415,0.3191731455671488,0.44073518453531124,0.4359320223703008,0.4294932633174747,0.326435875163277,0.3535325146154401,0.3188551808223188,0.5268237689547468,0.32722862829594723,0.5969818882801122,0.32211671138750386,0.3107539118414415,0.43004546200701665,0.4178164976583725,0.5357690585812631,0.5619876805400388,0.42538319119413326,0.5435405095581143,1.0,0.7041186917902771,0.4125897288549959,0.4179554643267568,0.4152781315480395,0.5397110830553309,0.31560366458614464,0.3377103826535406,0.35739520522109813,0.30366141972231286,0.5279440745531525,0.0,0.6353669287155457,0.431411403810532,0.33186934150334024,0.4110995821742549,0.5201763419534972,0.21548631096867688,0.5485996360901378,0.30557609846355793,0.43265365511844234,0.5413659287804409,0.3279746986306623,0.32535833022822325,0.33246827049261707,0.4412753129971523,0.4422416966994007,0.31972118754946277,0.34948164067095133
0.4017161663365152,0.4639312068375735,0.3088908235461618,0.3482806093925309,0.4738232743991404,0.47260329205413365,0.46867293607601945,0.34605385629336183,0.3789776103218747,0.3412266025186055,0.543355294037144,0.3429550820672618,0.5833729362468373,0.3499390421867502,0.3374143947149725,0.44768867342513774,0.4495268795689287,0.5727899164325987,0.4960651752993238,0.4642631933316089,0.5848706251086307,0.7041186917902771,1.0,0.4328817184713758,0.4403309565548891,0.4332766199091639,0.5837590553546674,0.3423144380431369,0.3601102178913652,0.3798896819074876,0.3290429220088731,0.525587334422592,0.0,0.6685842541578894,0.4523090299085488,0.3490523808963196,0.4464655563090596,0.5426681393517628,0.22596452474830364,0.5770615406656623,0.331925763606274,0.46401226902118686,0.5661780323368159,0.3479720405851515,0.3480188178639759,0.3505503674996109,0.46698196301834816,0.4691441098116569,0.34024556127714745,0.3662479996682897
0.4036136968381344,0.6154188675149188,0.3106910916864233,0.3573796096582841,0.47989908077421184,0.6161776154328225,0.4272946025869754,0.35454929154814074,0.37813181314958777,0.3505365863281189,0.49521768587051185,0.3558237194137627,0.46617426192611167,0.35517877904899553,0.34725260693286963,0.44152930520060696,0.6116418758549598,0.5022120087856401,0.3677692136717605,0.41439437221435127,0.4296996291223132,0.4125897288549959,0.4328817184713758,1.0,0.654852600680436,0.6170965971842208,0.4544403373866126,0.32054040224574276,0.3215251177134084,0.3601494067797443,0.34012294488641126,0.44092951646393397,0.0,0.4254370831399603,0.6546268923158883,0.34371168564561905,0.3963239384895113,0.4423859761948292,0.2227186837371199,0.4364126297237413,0.357197033479171,0.5707265030775536,0.45750353634710006,0.34257683102825287,0.3477751408690978,0.32437804026912975,0.5615497766398085,0.561337847678736,0.319670497247162,0.327331051966923
0.39707160076431414,0.6251926712343261,0.3126096444912906,0.3608909695062251,0.4806970591443962,0.6267396228895479,0.43406981490623653,0.35059904093815986,0.3703455917696833,0.348410129688287,0.4717644734795049,0.3581660283209216,0.44907954984177945,0.35680127315967747,0.34530220674621026,0.4439718824182036,0.6038231148719756,0.4900312454527237,0.3701001995387755,0.42221182265721724,0.4308367894746872,0.4179554643267568,0.4403309565548891,0.654852600680436,1.0,0.6316199146052175,0.44732913612250313,0.3224493449287291,0.31937104019545026,0.35191166041834177,0.34299179700350413,0.4496663319504326,0.0,0.4280526647474997,0.6538912728817268,0.33947269412390024,0.40854729450048743,0.4527978214517263,0.22393869915580356,0.4354909004623151,0.35264267134454763,0.5554630734091137,0.4644215721054078,0.3562716533500784,0.352895580371436,0.32853659423258286,0.553571399657952,0.5547319463440286,0.33230500824812603,0.3266311785881231
0.3905229639594472,0.5662318325892126,0.30955415406948006,0.35168685187984206,0.47407996322323753,0.5620604923503552,0.4287052411936322,0.34675311169244405,0.3705235133640168,0.34659131081587047,0.4868496222575356,0.35210136799111136,0.4538152841639522,0.3536612961251391,0.34332778056048396,0.4408227876795554,0.6172715026232691,0.4946007662915606,0.35746272140765956,0.4153357295901996,0.43552715169188394,0.4152781315480395,0.4332766199091639,0.6170965971842208,0.6316199146052175,1.0,0.44743677163064066,0.3157374608960777,0.3151850323666491,0.35340886976384234,0.34250481504839647,0.4352620277675885,0.0,0.418783021064437,0.6054503144276772,0.3426783465050329,0.39514469283916553,0.44624610352743765,0.22794678698977677,0.44166134092174214,0.3521838627391002,0.5632283524566304,0.45405937838863,0.35003282744764963,0.3474514867409396,0.3270398021332632,0.5644259298688397,0.5652288178528042,0.3295697865998801,0.327075753072658
0.39987475724137733,0.47826795763273544,0.3117706730455757,0.34163102063705686,0.48618052472774964,0.47116293226284867,0.43822518208597105,0.3427531676004224,0.38047005854066773,0.3479117128990553,0.555797107154469,0.3411124350039614,0.5735868193132907,0.3483522868254575,0.33638416424207074,0.427522036918217,0.4559793071019538,0.5617195552903514,0.47074865098577545,0.44019078867116157,0.5558434522086771,0.5397110830553309,0.5837590553546674,0.4544403373866126,0.44732913612250313,0.44743677163064066,1.0,0.334733749573374,0.36010231691913386,0.3834309960211211,0.33117054747124475,0.5256492372886663,0.0,0.5494457476816896,0.46085924182565463,0.3439287242154506,0.41641060886805936,0.6140122043353586,0.21597691423650056,0.5878634710457148,0.33680110359503657,0.48052093066109436,0.6500397282444469,0.3458412789994,0.3398178173872157,0.3560142959694157,0.4813152944684216,0.4828258170892221,0.33983786024515295,0.3628050326360951
0.3607539718438978,0.350118192483418,0.28677599855843094,0.5653809185145239,0.32492529087976074,0.3398453112225458,0.32867732925458515,0.7073100534745125,0.33905912134628113,0.5450713839355479,0.34369269352062815,0.5374852674883529,0.3371818972516283,0.5619488162399946,0.5339687026167131,0.3258951863004972,0.3262921244626309,0.34128263240025114,0.2853119322639627,0.3300531865352584,0.32504394943197545,0.31560366458614464,0.3423144380431369,0.32054040224574276,0.3224493449287291,0.3157374608960777,0.334733749573374,1.0,0.36713237944793087,0.34294360102388355,0.5120296457571805,0.32858379761058587,0.0,0.32952676040311546,0.32506193856708976,0.45926943402703513,0.3119338526325337,0.3427417306281998,0.314123703333543,0.3333297498590706,0.5276843653628515,0.3351408755586307,0.33602254983295665,0.7952876457097512,0.7588311057637335,0.3552200098335968,0.33410359019450253,0.3351306492129217,0.5108232135154285,0.361773160852334
0.402560961737773,0.3522751101744588,0.3110756393767682,0.3570535455348949,0.33882803945893525,0.35634024914466955,0.3517925738791302,0.3692260130964834,0.39065273785663956,0.36938579653118,0.3572838703458313,0.3693814752712433,0.3538367048318266,0.36578819811441343,0.3527326040197545,0.34996736892536884,0.3260886629194176,0.35473913665753654,0.3083850457815236,0.35604836676707163,0.3443011502977139,0.3377103826535406,0.3601102178913652,0.3215251177134084,0.31937104019545026,0.3151850323666491,0.36010231691913386,0.36713237944793087,1.0,0.38465527908115393,0.3443855392000075,0.3425632836542406,0.0,0.35388238716568765,0.3242290678784313,0.36516195040265076,0.33410732635818674,0.3543664126096898,0.23255752369756943,0.3558870512878993,0.3492166066190835,0.3343929166331061,0.35333650450546117,0.3649829502360351,0.36563643274797974,0.43602829612926586,0.3370535122717673,0.33713357204075634,0.36042117663488227,0.6259816418281345
0.4602410715709153,0.3782301286237991,0.32977717730175893,0.3538354144971795,0.37779394538469724,0.3719248342671416,0.3795133297771214,0.353706704996145,0.47418450687602054,0.36736700229516017,0.39021278638231083,0.3530883097262102,0.39287072032048054,0.35082830018073996,0.34942953064253923,0.38831424668759884,0.3584299555300605,0.3861724678312708,0.32702818314804094,0.38245432137770596,0.3737787389529774,0.35739520522109813,0.3798896819074876,0.3601494067797443,0.35191166041834177,0.35340886976384234,0.3834309960211211,0.34294360102388355,0.38465527908115393,1.0,0.3390769496635996,0.36822111501560206,0.0,0.3673013595619725,0.35898817633208224,0.3446941815996045,0.3676013811201829,0.3709942694577042,0.21708221576340114,0.39511881562823536,0.35025451032659183,0.36707088592495685,0.3848392669377645,0.34659543689722205,0.345721016513196,0.3875192619982797,0.374466776214775,0.3754634469771022,0.3439104638378675,0.40017370600535096
0.34337993217925367,0.35485793046116565,0.27862579403217813,0.5322536078178999,0.3381983448548983,0.3474519977793836,0.3264558671496123,0.5152651864245263,0.3405308386634257,0.5471967505011531,0.3387582627843434,0.49812247441056134,0.33749835053196864,0.5348813195110684,0.529372148508551,0.3315476823804916,0.3442797392107406,0.3423718702168723,0.2768338946677191,0.32566670266569575,0.3141772048326993,0.30366141972231286,0.3290429220088731,0.34012294488641126,0.34299179700350413,0.34250481504839647,0.33117054747124475,0.5120296457571805,0.3443855392000075,0.3390769496635996,1.0,0.32381036306590194,0.0,0.3196457839444704,0.3370003715373727,0.45182628189100016,0.31040907985578414,0.325285449574774,0.3011316405674489,0.32910939952309415,0.6542709537487603,0.3467447994142624,0.33112959943973486,0.5151756046897893,0.512560177929005,0.3437630854086413,0.3464560267026253,0.3476983176721339,0.4737592029543003,0.344383212477402
0.3786875815931754,0.4392388037885755,0.2907013202469927,0.36030389320256573,0.5013721980914058,0.45029123521264913,0.4073154278209131,0.345043960868171,0.36476431837792356,0.3426028553816616,0.5024413783502077,0.3379359783543501,0.5611109677571049,0.3376041770693462,0.34620541307215535,0.4251002807453168,0.46139279765989716,0.5015669415996289,0.49129446033880375,0.4067276570221102,0.5093158075208146,0.5279440745531525,0.525587334422592,0.44092951646393397,0.4496663319504326,0.4352620277675885,0.5256492372886663,0.32858379761058587,0.3425632836542406,0.36822111501560206,0.32381036306590194,1.0,0.0,0.5112609008314036,0.43188777082834673,0.33063536750939426,0.40441422541044236,0.5238903614521513,0.22491200319474824,0.527128708675517,0.33670659895097377,0.44342018220296775,0.5334800479597299,0.3350976188925109,0.3396643128158925,0.3305266697371251,0.45837529555685175,0.4571019296250405,0.3187106441443609,0.3464941770140604
0.0,0.0,0.0,0.0,0.0,0.0,0.0,0.0,0.0,0.0,0.0,0.0,0.0,0.0,0.0,0.0,0.0,0.0,0.0,0.0,0.0,0.0,0.0,0.0,0.0,0.0,0.0,0.0,0.0,0.0,0.0,0.0,1.0,0.0,0.0,0.0,0.0,0.0,0.0,0.0,0.0,0.0,0.0,0.0,0.0,0.0,0.0,0.0,0.0,0.0
0.39317182946505147,0.45266583124984183,0.3038805346125446,0.3323675423907342,0.4724322080771145,0.46975901000827613,0.4335265288488671,0.34051310708196525,0.3689067519604732,0.33269328879275895,0.525628458220951,0.3345124194802077,0.5645894944841119,0.3343066773598582,0.32353095913131247,0.4236802862506276,0.439102862715431,0.5286906220591062,0.467949275384954,0.43073815648260094,0.5478995941868013,0.6353669287155457,0.6685842541578894,0.4254370831399603,0.4280526647474997,0.418783021064437,0.5494457476816896,0.32952676040311546,0.35388238716568765,0.3673013595619725,0.3196457839444704,0.5112609008314036,0.0,1.0,0.4428377978959015,0.3534351922739757,0.41362057808970776,0.5275523367267816,0.234747834359739,0.5523678520095427,0.3198076218377156,0.45655067766717394,0.559091113565526,0.33693068783721714,0.3400145375184238,0.3403478654402944,0.46026711567917333,0.4637406357578653,0.3278991041730638,0.3591036799014905
0.40156448615860363,0.6265461364052,0.31368520029871605,0.3472554010462494,0.47006677368413474,0.635872084299183,0.44449597339319324,0.34369099639241874,0.3694448205923466,0.3437269947192646,0.49777849638725913,0.35159794976559555,0.4663155847407411,0.3574006376836095,0.3367570386101949,0.4405928378521683,0.5927134622651256,0.5166436970357122,0.3825481638645791,0.43123959094952014,0.4500037354468549,0.431411403810532,0.4523090299085488,0.6546268923158883,0.6538912728817268,0.6054503144276772,0.46085924182565463,0.32506193856708976,0.3242290678784313,0.35898817633208224,0.3370003715373727,0.43188777082834673,0.0,0.4428377978959015,1.0,0.3412776431980169,0.4034008112974421,0.45432872036574423,0.22512171878520726,0.4563393460564178,0.3452219988890928,0.5782427009801312,0.4768689644814825,0.3411952588122811,0.34124775006551167,0.327559912987066,0.5704837194316035,0.570750179164495,0.3211724858452273,0.32928604112194804
0.3626542135884493,0.3413816061027871,0.28852410232059755,0.467053554180756,0.3269494332341174,0.353155840168745,0.3531894210563067,0.4724809670830312,0.3564776777160231,0.47864901409522187,0.35951454838356556,0.46104001021349617,0.3379994983388769,0.46873527944788884,0.4557789140965428,0.3534623618328617,0.3411170625405878,0.3591916884435793,0.30414576510797353,0.3495494738673305,0.34399491741945665,0.33186934150334024,0.3490523808963196,0.34371168564561905,0.33947269412390024,0.3426783465050329,0.3439287242154506,0.45926943402703513,0.36516195040265076,0.3446941815996045,0.45182628189100016,0.33063536750939426,0.0,0.3534351922739757,0.3412776431980169,1.0,0.33558601498301255,0.3341242469126492,0.3322409701128961,0.3444843449533185,0.4627894653158472,0.34261508060879586,0.34223918156751454,0.4723157745657155,0.4737839862136466,0.35070505309026256,0.33929018084530904,0.3392569765310798,0.4629381467683331,0.37246940742530876
0.3764280143422464,0.4034764368665158,0.29409489772002195,0.32796230426207895,0.39652359091952494,0.41666175994931787,0.8019814060630405,0.3244948756804934,0.36700041694189645,0.3268145853862049,0.41160185610677813,0.3197675783463918,0.4081636150134953,0.3229714944566242,0.319636921981967,0.7541054906175993,0.4019784994252612,0.44216041539703455,0.39111535183540924,0.7982146337078341,0.4363570108498993,0.4110995821742549,0.4464655563090596,0.3963239384895113,0.40854729450048743,0.39514469283916553,0.41641060886805936,0.3119338526325337,0.33410732635818674,0.3676013811201829,0.31040907985578414,0.40441422541044236,0.0,0.41362057808970776,0.4034008112974421,0.33558601498301255,1.0,0.39622611909148286,0.21364022125865922,0.4058341275630526,0.3158203813837379,0.3989006477939805,0.41313256044054025,0.3209853777700207,0.32075668191772944,0.32760706423066444,0.3998584307001427,0.40225976195633695,0.31089211470972944,0.345906798542958
0.4044681048597114,0.4863622194074807,0.3074563925568501,0.33812801724446084,0.49873733557217503,0.47650184227814174,0.4168963020148895,0.3558483331876875,0.37012316407192714,0.3448410755120239,0.5373648302745884,0.34610150422165664,0.547182885203287,0.34505029032875034,0.3305022518469368,0.4167133604692863,0.4458018728014479,0.5221222216100584,0.44554732830136545,0.41707431734330824,0.5233904091873915,0.5201763419534972,0.5426681393517628,0.4423859761948292,0.4527978214517263,0.44624610352743765,0.6140122043353586,0.3427417306281998,0.3543664126096898,0.3709942694577042,0.325285449574774,0.5238903614521513,0.0,0.5275523367267816,0.45432872036574423,0.3341242469126492,0.39622611909148286,1.0,0.22548268794399862,0.5677182224092898,0.33250826872073447,0.4731109513895616,0.6509648398125638,0.35458550753236384,0.3465681745917131,0.3503444675243915,0.488850759472779,0.4900771965902956,0.3433194991079025,0.3560892975306681
0.25468971700404675,0.2192326038022413,0.182311083285979,0.33141987538313633,0.23614322967891954,0.2415941448286164,0.225705077136234,0.33006070689355627,0.22935927242209941,0.3297411507005109,0.23365398202781262,0.32052515155359274,0.22677768058429848,0.31273366794460344,0.31827766445741723,0.2224080542577337,0.2271520658087106,0.22884660518101552,0.19852495628629796,0.22058565899938287,0.2205039106481973,0.21548631096867688,0.22596452474830364,0.2227186837371199,0.22393869915580356,0.22794678698977677,0.21597691423650056,0.314123703333543,0.23255752369756943,0.21708221576340114,0.3011316405674489,0.22491200319474824,0.0,0.234747834359739,0.22512171878520726,0.3322409701128961,0.21364022125865922,0.22548268794399862,1.0,0.21985901205310776,0.31656970828804143,0.22855194853759364,0.2242065404832535,0.32917441444002227,0.33354877370065816,0.22581308882114026,0.22964725656684504,0.2280674232802259,0.3162036782221588,0.24269228463627157
0.3978100155026494,0.4759037847892219,0.31513230080749055,0.33234422547805575,0.4908699640041252,0.46863496561061646,0.43153654977406897,0.34283633012564796,0.3810917331344189,0.3441742132238186,0.5678094099228368,0.33840809032975916,0.5731611140317195,0.34019506551364476,0.32683967347353615,0.4202837754069385,0.44234286963126723,0.5519280899115835,0.4735019137542327,0.43528019710799604,0.5588870328253639,0.5485996360901378,0.5770615406656623,0.4364126297237413,0.4354909004623151,0.44166134092174214,0.5878634710457148,0.3333297498590706,0.3558870512878993,0.39511881562823536,0.32910939952309415,0.527128708675517,0.0,0.5523678520095427,0.4563393460564178,0.3444843449533185,0.4058341275630526,0.5677182224092898,0.21985901205310776,1.0,0.32889313398467435,0.47417268131874435,0.591911700438118,0.3383254285009275,0.34096798583104826,0.3589716230604504,0.4943685484462764,0.49666334416058233,0.3379733494933924,0.36774498428290525
