../ecoli_genomes/GCF_000163235.1_ASM16323v1_genomic.fna.gz,../ecoli_genomes/GCF_000164555.1_ASM16455v1_genomic.fna.gz,../ecoli_genomes/GCF_000208545.1_ASM20854v2_genomic.fna.gz,../ecoli_genomes/GCF_000233875.1_ASM23387v1_genomic.fna.gz,../ecoli_genomes/GCF_000249735.1_ASM24973v2_genomic.fna.gz,../ecoli_genomes/GCF_000261145.1_Esch_coli_M919_V2_genomic.fna.gz,../ecoli_genomes/GCF_000267705.2_ASM26770v2_genomic.fna.gz,../ecoli_genomes/GCF_000350665.1_Esch_coli_KTE5_V1_genomic.fna.gz,../ecoli_genomes/GCF_000351625.1_Esch_coli_KTE66_V1_genomic.fna.gz,../ecoli_genomes/GCF_000352285.1_Esch_coli_KTE46_V1_genomic.fna.gz,../ecoli_genomes/GCF_000358895.1_ASM35889v1_genomic.fna.gz,../ecoli_genomes/GCF_000456385.1_Esch_coli_HVH_26_4-5703913_V1_genomic.fna.gz,../ecoli_genomes/GCF_000458195.1_Esch_coli_HVH_147_4-5893887_V1_genomic.fna.gz,../ecoli_genomes/GCF_000459755.1_Esch_coli_KOEGE_58_171a_V1_genomic.fna.gz,../ecoli_genomes/GCF_000460055.1_Esch_coli_UMEA_3053-1_V1_genomic.fna.gz,../ecoli_genomes/GCF_000462165.2_ASM46216v2_genomic.fna.gz,../ecoli_genomes/GCF_000601135.1_ASM60113v1_genomic.fna.gz,../ecoli_genomes/GCF_000614595.1_Ec2010EL1058_genomic.fna.gz,../ecoli_genomes/GCF_000617745.1_Ec2010C-4529_genomic.fna.gz,../ecoli_genomes/GCF_000618265.2_EcF6751_genomic.fna.gz,../ecoli_genomes/GCF_000619005.2_Ec2009C-4052_genomic.fna.gz,../ecoli_genomes/GCF_000619105.1_Ec2009C-4780_genomic.fna.gz,../ecoli_genomes/GCF_000619765.2_Ec2009C-3279_genomic.fna.gz,../ecoli_genomes/GCF_000687005.1_ASM68700v1_genomic.fna.gz,../ecoli_genomes/GCF_000687025.1_ASM68702v1_genomic.fna.gz,../ecoli_genomes/GCF_000700125.1_ASM70012v1_genomic.fna.gz,../ecoli_genomes/GCF_000753315.1_FHI35_genomic.fna.gz,../ecoli_genomes/GCF_000776375.1_ASM77637v1_genomic.fna.gz,../ecoli_genomes/GCF_000779395.1_ASM77939v1_genomic.fna.gz,../ecoli_genomes/GCF_000780315.1_ASM78031v1_genomic.fna.gz,../ecoli_genomes/GCF_000781995.1_ASM78199v1_genomic.fna.gz,../ecoli_genomes/GCF_000986765.1_ASM98676v1_genomic.fna.gz,../ecoli_genomes/GCF_001041375.1_ViralProj287958_genomic.fna.gz,../ecoli_genomes/GCF_001265335.1_302014_genomic.fna.gz,../ecoli_genomes/GCF_001265625.1_100854_genomic.fna.gz,../ecoli_genomes/GCF_001267345.1_303289_genomic.fna.gz,../ecoli_genomes/GCF_001309985.1_ASM130998v1_genomic.fna.gz,../ecoli_genomes/GCF_001521695.1_ASM152169v1_genomic.fna.gz,../ecoli_genomes/GCF_001592595.1_ASM159259v1_genomic.fna.gz,../ecoli_genomes/GCF_001614975.1_ASM161497v1_genomic.fna.gz,../ecoli_genomes/GCF_001692775.1_ASM169277v1_genomic.fna.gz,../ecoli_genomes/GCF_001748915.1_ASM174891v1_genomic.fna.gz,../ecoli_genomes/GCF_001749235.1_ASM174923v1_genomic.fna.gz,../ecoli_genomes/GCF_001881155.1_ASM188115v1_genomic.fna.gz,../ecoli_genomes/GCF_001881345.1_ASM188134v1_genomic.fna.gz,../ecoli_genomes/GCF_001892405.1_ASM189240v1_genomic.fna.gz,../ecoli_genomes/GCF_001892585.1_ASM189258v1_genomic.fna.gz,../ecoli_genomes/GCF_001893985.1_ASM189398v1_genomic.fna.gz,../ecoli_genomes/GCF_002001595.1_ASM200159v1_genomic.fna.gz,../ecoli_genomes/GCF_002002145.1_ASM200214v1_genomic.fna.gz
1.0,0.7939582497776333,0.7815594551177488,0.7732323542736796,0.7476420767224515,0.782822495785322,0.785495897659154,0.7807538145590176,0.7999404970814754,0.779381653884474,0.7930569223591836,0.7809371834338643,0.7836371524254316,0.7614312957141269,0.7624198672951664,0.7782272591743802,0.7367676237090584,0.7878281344523954,0.7759762513672216,0.7856858408416654,0.7809992636243679,0.7793278771752834,0.7881016460128232,0.7487770156785861,0.7502439490468867,0.734130968154026,0.7942131265682368,0.7790104660500414,0.7907238112976676,0.7993471547886066,0.7685608094417474,0.7804359053346386,0.04389920660322888,0.7810611341990006,0.7764100561307817,0.7721793620393242,0.77740908616118,0.7907087737926061,0.7017431170084607,0.7879724096981473,0.7691170947750436,0.7926539926863894,0.7930277268520822,0.785843107280289,0.785390988763069,0.7784774990769926,0.7947302322208262,0.7953795285432543,0.7766160305808237,0.7979913868851187
0.7939582497776333,1.0,0.7758152044234514,0.7699268838807914,0.7665981623581986,0.8370710011570943,0.7934198969263963,0.7812809445270925,0.7800302287497647,0.7799545176679439,0.8193260428497469,0.7814856141290346,0.8150549296958105,0.7666657413929963,0.7645790686154345,0.793698968429857,0.7724246072719984,0.8203448421187622,0.8061939048428479,0.7961164965226013,0.8147415023151152,0.8064682295623355,0.817994476646686,0.7857814511424748,0.8016867377660154,0.7739297548511033,0.814570193140691,0.7770991603231785,0.7911584395815006,0.7888021410461532,0.7684433707731486,0.8030569436738186,0.042881874318312474,0.8061159474282733,0.830881687122863,0.7716987462201297,0.7852223329531873,0.8175834603580875,0.6782940356021986,0.8185630494010515,0.7644478466330185,0.8231562746207202,0.8186849392735023,0.7835737382904205,0.7787575878346231,0.7809690581482019,0.8328354698174185,0.8328133444854736,0.7881664251707006,0.7883367492204567
0.7815594551177488,0.7758152044234514,1.0,0.7525654194710422,0.7234022077770674,0.7669164380054906,0.764135585199724,0.7561366583164755,0.7623762045277984,0.7518721779653239,0.772505147308983,0.7544683869920034,0.768996159043754,0.7471449093337147,0.7453708470847296,0.7578574755407135,0.7160303197371759,0.7753616976592926,0.7614448796653259,0.7664045105131773,0.7731435623901142,0.7674675871236569,0.7734225549686056,0.7210846850831527,0.7326227094716401,0.7103241648679584,0.7737127656438503,0.7605843682410878,0.765461028371536,0.7735412335319511,0.7503372826549064,0.7664232444098543,0.04770774921673837,0.7665811220165077,0.7598763543614555,0.7552819035280806,0.7588348960803908,0.7687173899013177,0.6654492185201348,0.7752363113577402,0.7525283220266787,0.7787647819602217,0.7811107183089951,0.7652821567115274,0.7577279861851441,0.7644068203812134,0.7800124928835142,0.779027657588258,0.7639008209758396,0.7699675226005973
0.7732323542736796,0.7699268838807914,0.7525654194710422,1.0,0.7449678357085836,0.7656323397300951,0.7527200713865172,0.8375798640970809,0.7699022607498096,0.8391241503724312,0.7595515164897471,0.8310394346872839,0.7682373107827529,0.8421561341620305,0.8596855051081238,0.7596696655060144,0.7300197440621028,0.764951900731981,0.7594435086304046,0.7564499940172942,0.7573284509971845,0.7542460756911535,0.7656969175829746,0.7356234015170731,0.7386178647540133,0.7312937680649696,0.7631953643479258,0.8366760713735732,0.7804511860977639,0.7683105873497789,0.8287100055459538,0.7654744755676537,0.04731566907008855,0.7513006155477324,0.7532228805880034,0.800873821769971,0.7509312035309618,0.7596762949500994,0.7053898192422756,0.7572037701930014,0.8392919333820068,0.7619049512069778,0.7601036653446791,0.8385757607679268,0.8301109503744304,0.7687915977252506,0.760756050038645,0.7606676138093893,0.8162332238181184,0.7836143414565451
0.7476420767224515,0.7665981623581986,0.7234022077770674,0.7449678357085836,1.0,0.773366502393654,0.7389558139764777,0.7400678146243331,0.7589752326271056,0.7495558635063893,0.7861127354384071,0.7286333967639949,0.8007825900882399,0.7221404383989698,0.742790323204271,0.7583991090983333,0.7812902647188807,0.7654266600627319,0.7572039018097414,0.7409317093481718,0.7655002026083726,0.7640277275976282,0.7706150550051737,0.7876642094993405,0.7738394359218527,0.791350861306303,0.764616582230427,0.7246801620961109,0.7407148093363273,0.7506210814262028,0.7374838687362406,0.8021207122053811,0.040457541501048855,0.7710205856463824,0.7635746852937884,0.7245587167822232,0.7442050431736751,0.7776940223005876,0.652502182623933,0.7714081045953788,0.7491336562400681,0.7687839730593362,0.7813670038404804,0.7317244510400294,0.7316679019948908,0.7308563793455778,0.7777226360727045,0.7775091740605622,0.7346271882177119,0.7424383471547656
0.782822495785322,0.8370710011570943,0.7669164380054906,0.7656323397300951,0.773366502393654,1.0,0.7891934312350342,0.7730337086264936,0.7753357399448707,0.7648703488209545,0.8025354813676223,0.7661712324366234,0.8035407096282736,0.7589825570265276,0.7587897037847977,0.7909890090461767,0.786910766654503,0.8072428119447874,0.8018569103836216,0.7892494072136306,0.7958349690157547,0.8082083338092997,0.8086560454367941,0.7950853007179791,0.8018147714593726,0.7786780197370373,0.7953626419164669,0.761935153101082,0.7835957612255986,0.778666839484863,0.7581889181171984,0.8012468829006363,0.0427094369513773,0.8012548323310037,0.825646981411272,0.7733611362901515,0.7847165738948269,0.7975146351308142,0.6770776625531016,0.8033281840843542,0.762790655915339,0.8222725391670337,0.806152263605529,0.7688984644118513,0.7641383834930975,0.767737842849601,0.8237899250743652,0.8259200994872442,0.7720882673640841,0.779404061569021
0.785495897659154,0.7934198969263963,0.764135585199724,0.7527200713865172,0.7389558139764777,0.7891934312350342,1.0,0.7644891885182037,0.7775560903573036,0.7636862913164044,0.7932233665562585,0.7581802461672771,0.7883535618776,0.7491703248941872,0.7496647751383589,0.9010387411467474,0.7359682994188999,0.8082502694450481,0.8037223175871587,0.9462432021601334,0.8068689305404921,0.8040791815589485,0.810600382152896,0.7390971402399158,0.7506318156016942,0.7321958142445841,0.7977772409568988,0.7616950819713966,0.7701973240653998,0.77947574849599,0.7517739028567942,0.7741240894901862,0.04595614529754344,0.7911053685161105,0.7803064274096776,0.7707229732796461,0.9231619075404702,0.7882023724306525,0.6781900708758856,0.7922517380794682,0.7525892098222258,0.7899294659120362,0.7965736234941347,0.7666773280260235,0.7619538978377564,0.7614745668040901,0.7879256216008349,0.7871046737094959,0.7687891872070779,0.770293235830922
0.7807538145590176,0.7812809445270925,0.7561366583164755,0.8375798640970809,0.7400678146243331,0.7730337086264936,0.7644891885182037,1.0,0.7754749691740542,0.840788914329714,0.7683924227717249,0.8334075639947106,0.7703325970673351,0.8257582004403178,0.8256901489257803,0.767347243349354,0.730248455488484,0.771236414612305,0.7647876237974104,0.7663420843489113,0.7668548989632802,0.7632550710012667,0.7740602358041468,0.736952740441993,0.7418890848911186,0.7296445248298327,0.772647293465281,0.8829781757483773,0.7893977435892491,0.773587671742759,0.8192264866744323,0.7707965221562294,0.04831775439952468,0.7577775392755909,0.758964997644865,0.8107341386080007,0.7594630347113964,0.7706133916056133,0.718243442043993,0.7722519291680888,0.8218134129327497,0.7729968876465784,0.7701893352103268,0.8881566479969758,0.8746848564697149,0.7694034808963464,0.7685018934836472,0.7676910878223417,0.823905876946796,0.7832824869236843
0.7999404970814754,0.7800302287497647,0.7623762045277984,0.7699022607498096,0.7589752326271056,0.7753357399448707,0.7775560903573036,0.7754749691740542,1.0,0.7780198788688808,0.7884821277743377,0.7644746864724771,0.7887790821868087,0.7624620134194846,0.7669335535891366,0.7839164718939805,0.7414990033814685,0.7808917197683735,0.7689421479447391,0.7810347665266063,0.7764661864124119,0.770469859157986,0.7814095638481268,0.7496226437690986,0.7484904601584692,0.7392968394602545,0.7811696056052959,0.7620437451457078,0.7829616868967646,0.8082735141880715,0.7703743018364521,0.7829521516307156,0.045468382281622755,0.7726120267206138,0.7756170252173046,0.7656022222774139,0.7752745730409186,0.774388701180631,0.6767130235975303,0.7852234167183432,0.7689217097612984,0.779879909607821,0.7885010156825285,0.7683801234487491,0.7629698888901182,0.7724765165665356,0.784925289723792,0.7841270374775369,0.7657498848345935,0.7879426792363421
0.779381653884474,0.7799545176679439,0.7518721779653239,0.8391241503724312,0.7495558635063893,0.7648703488209545,0.7636862913164044,0.840788914329714,0.7780198788688808,1.0,0.7759108656229883,0.824100161681075,0.7793256577181972,0.825135323670772,0.8322449646415849,0.7715006059648193,0.7274816361356382,0.7690045799199516,0.7588269485692601,0.7678249217365829,0.7626407278957095,0.7554359632965981,0.7637812777972967,0.7400988233233304,0.7412395502472944,0.7375956977489255,0.7709236719467469,0.8288914192710695,0.7833556293420547,0.7788441048373412,0.8290261964161759,0.7680110075915957,0.048723177789584904,0.7544766786397026,0.7597093576453189,0.8131329570207801,0.761526018306607,0.7675843261466073,0.7048967613770769,0.7721863129562605,0.83500840938938,0.7670225229779438,0.7690606299220526,0.8344551344572415,0.8263004144299194,0.7633956018865571,0.771305489277645,0.7700239849915858,0.8290685507848697,0.7741563024300402
0.7930569223591836,0.8193260428497469,0.772505147308983,0.7595515164897471,0.7861127354384071,0.8025354813676223,0.7932233665562585,0.7683924227717249,0.7884821277743377,0.7759108656229883,1.0,0.7651704319291344,0.8425371313658997,0.7647057610652767,0.758524008227918,0.7924888812269422,0.7602512961044237,0.8267072686567605,0.8096983024482087,0.7954220724517309,0.8186474520844351,0.8214492447563717,0.8237162186657248,0.7700122554505678,0.7682767571933392,0.7636335369170381,0.8324155827575909,0.7641695647546198,0.7840644448521924,0.7924213247282117,0.7638309215381854,0.8071788382323026,0.03992284821069636,0.8102556453455547,0.8088104251481382,0.7659316238876073,0.7835287697647874,0.8297688417264739,0.6757255056900597,0.8423253496570682,0.7574671307711754,0.816630097973992,0.8403137914593541,0.7675800574178522,0.764275733534592,0.770214242251307,0.8190796969276785,0.8177496634314184,0.775023251158627,0.7871740697298604
0.7809371834338643,0.7814856141290346,0.7544683869920034,0.8310394346872839,0.7286333967639949,0.7661712324366234,0.7581802461672771,0.8334075639947106,0.7644746864724771,0.824100161681075,0.7651704319291344,1.0,0.7630443204121202,0.8236444409852287,0.8397623846822374,0.756127994891273,0.7247001670627851,0.767971458567224,0.7625498240542095,0.7596924981030221,0.7664521529995774,0.7648756251646917,0.7738655849432821,0.7328061287233703,0.7332034773254186,0.7260633635955154,0.7707999349674803,0.8312390035503857,0.7801113216330875,0.7696728553947281,0.8093267324535698,0.7646161237438407,0.05448033972773092,0.7607244529473316,0.7579482620229847,0.8051394551182064,0.753831958972441,0.7643601498806709,0.7090449964582842,0.7688967736305663,0.8120788885137609,0.7671992546000752,0.7685193712070065,0.8360225419224938,0.8292246691801525,0.7687053503430832,0.7678204502325912,0.7673613091025936,0.8195378536040919,0.7785550057894265
0.7836371524254316,0.8150549296958105,0.768996159043754,0.7682373107827529,0.8007825900882399,0.8035407096282736,0.7883535618776,0.7703325970673351,0.7887790821868087,0.7793256577181972,0.8425371313658997,0.7630443204121202,1.0,0.7556183252569727,0.765218341703457,0.7976536187894925,0.7620156229801118,0.8306615384350265,0.8121177165312699,0.7907973998264421,0.8317177313366906,0.8336736137924838,0.8397509160172298,0.7764276651926358,0.7724063385432424,0.7694655706448662,0.8478956207515338,0.7607556659128644,0.779723478690992,0.7871916017337308,0.7648861434100974,0.827011750981166,0.04495034019338162,0.8327980139145843,0.801531205435966,0.7589188012713017,0.7866430782035642,0.8337407882392147,0.6691279348505972,0.8442779280844618,0.7668532986304023,0.8121336563555566,0.8460275423181753,0.7660495455102794,0.7598951442339755,0.7619343736820429,0.8154063194785292,0.8135187240920531,0.770431942789557,0.7773003697962388
0.7614312957141269,0.7666657413929963,0.7471449093337147,0.8421561341620305,0.7221404383989698,0.7589825570265276,0.7491703248941872,0.8257582004403178,0.7624620134194846,0.825135323670772,0.7647057610652767,0.8236444409852287,0.7556183252569727,1.0,0.8467951022976449,0.7505170068759418,0.7154880350920759,0.7591743836764776,0.7500363661921065,0.7516386647597479,0.7484439741125342,0.7517985249396977,0.7638268952035929,0.7122229655874126,0.7235951627107579,0.713700444451153,0.7583703931519447,0.8327383554020064,0.7758746622178951,0.7614731654804335,0.8266315574574439,0.7529947060755582,0.04863192208958689,0.7530743142157768,0.748777091503942,0.7950964441200168,0.7420816320042161,0.7544998607008161,0.7055241438389508,0.7578075123171293,0.8291179042658388,0.7591986998085678,0.7600009956328984,0.8334725058456006,0.8264374405712802,0.7635267637269698,0.7580306649244163,0.7578961845185779,0.8179212846099501,0.7739925913690874
0.7624198672951664,0.7645790686154345,0.7453708470847296,0.8596855051081238,0.742790323204271,0.7587897037847977,0.7496647751383589,0.8256901489257803,0.7669335535891366,0.8322449646415849,0.758524008227918,0.8397623846822374,0.765218341703457,0.8467951022976449,1.0,0.7567557211879457,0.7230078942710707,0.7600882153200602,0.7530553830670313,0.7529700834650466,0.7511863631464305,0.7492027167491999,0.76162735279469,0.7263038826497904,0.7338740662612897,0.7245418224040756,0.7599857560126237,0.8205706989955344,0.764777836567224,0.7633112829076492,0.8274386713121072,0.7626585964820523,0.04986058611941491,0.7504450007924156,0.7462150270772996,0.7936684043777511,0.7485463567828947,0.7565100713655828,0.7009049016671524,0.7544383122496259,0.8340267865448511,0.7573376305858079,0.7588314909743514,0.8246375711661058,0.8178196189306283,0.760035137122375,0.7608470125966106,0.7604807776347259,0.8097165238342969,0.7715436387178034
0.7782272591743802,0.793698968429857,0.7578574755407135,0.7596696655060144,0.7583991090983333,0.7909890090461767,0.9010387411467474,0.767347243349354,0.7839164718939805,0.7715006059648193,0.7924888812269422,0.756127994891273,0.7976536187894925,0.7505170068759418,0.7567557211879457,1.0,0.7414715448116524,0.7974902597372069,0.7915909118784422,0.9088530694530944,0.7947270025654722,0.7950868715754372,0.7984678587258784,0.7471526062373697,0.7564880215714648,0.7445413943667156,0.7868716210499559,0.7568638326627228,0.7729975170676077,0.7879843786850419,0.7540636575580608,0.7756851133737462,0.04646274926699445,0.7857545330873446,0.7829959031944208,0.7655560963966302,0.8977819835257539,0.782817921675177,0.6698349823404267,0.7858560164568551,0.7592034471934895,0.7846546721146083,0.7888567073517765,0.7601424785599846,0.7569951981727167,0.7593082489135166,0.7859473841081128,0.7845979070295902,0.7673679446579206,0.767852297893663
0.7367676237090584,0.7724246072719984,0.7160303197371759,0.7300197440621028,0.7812902647188807,0.786910766654503,0.7359682994188999,0.730248455488484,0.7414990033814685,0.7274816361356382,0.7602512961044237,0.7247001670627851,0.7620156229801118,0.7154880350920759,0.7230078942710707,0.7414715448116524,1.0,0.7540851005331466,0.7469146975561853,0.7362829037104548,0.7569489205488651,0.7527764168204458,0.7652712404289658,0.81895987973773,0.794573429984,0.8247507256776747,0.7481532029415374,0.7158769690314575,0.7442657694307043,0.7453819108042156,0.71269604676073,0.7971651604488637,0.04664436275605066,0.762617208638435,0.7759042579552674,0.7244782175888221,0.7385175899546694,0.7462092947529777,0.642689433439143,0.7504332135982424,0.7157348563732818,0.7660339791363036,0.7598987905569411,0.7230858681998352,0.7202633504726548,0.7293844371261818,0.7763314399380198,0.7781502175458994,0.7250724225676128,0.7369713768060886
0.7878281344523954,0.8203448421187622,0.7753616976592926,0.764951900731981,0.7654266600627319,0.8072428119447874,0.8082502694450481,0.771236414612305,0.7808917197683735,0.7690045799199516,0.8267072686567605,0.767971458567224,0.8306615384350265,0.7591743836764776,0.7600882153200602,0.7974902597372069,0.7540851005331466,1.0,0.8472394921506801,0.8100857033397914,0.8463072340173441,0.8397318831907431,0.8512685992386999,0.7599789088791506,0.7696529603072291,0.7521622181654272,0.8353693528809756,0.765978468109671,0.7788819065484506,0.7842160350102967,0.7615284888066111,0.8103041073361591,0.04522898298603206,0.8259219367354271,0.8056619267666506,0.7777181632690506,0.798094980482857,0.8226510312897408,0.6782160957418364,0.8374605291638658,0.7592910060733644,0.8157984964272894,0.8338004245575663,0.7718971182555652,0.7682595465944234,0.7699294735172753,0.814808965538267,0.8143040334639778,0.7736247223103756,0.7773385807719684
0.7759762513672216,0.8061939048428479,0.7614448796653259,0.7594435086304046,0.7572039018097414,0.8018569103836216,0.8037223175871587,0.7647876237974104,0.7689421479447391,0.7588269485692601,0.8096983024482087,0.7625498240542095,0.8121177165312699,0.7500363661921065,0.7530553830670313,0.7915909118784422,0.7469146975561853,0.8472394921506801,1.0,0.8029204542380038,0.8282798946618594,0.8336404744169446,0.8393130272070712,0.7479737911168174,0.758943183692827,0.7413345367057487,0.8158415407009312,0.7584858182927408,0.7661337755805365,0.767939410513423,0.7505582118069285,0.8000182958510825,0.04243945615437483,0.8124492644113049,0.8001146781204398,0.7683727157245784,0.7929428378027894,0.8080858453594973,0.6739316407960494,0.8184080989570078,0.7487986008927741,0.8005867435537714,0.8171287417199748,0.7677923643525795,0.7624222598740881,0.7657273679967286,0.7978072498635713,0.7988033435192754,0.7681373449188985,0.7728212519161652
0.7856858408416654,0.7961164965226013,0.7664045105131773,0.7564499940172942,0.7409317093481718,0.7892494072136306,0.9462432021601334,0.7663420843489113,0.7810347665266063,0.7678249217365829,0.7954220724517309,0.7596924981030221,0.7907973998264421,0.7516386647597479,0.7529700834650466,0.9088530694530944,0.7362829037104548,0.8100857033397914,0.8029204542380038,1.0,0.8072870049659655,0.8045493467174191,0.8113661174343739,0.7385636603727106,0.752013020694115,0.7338149098919836,0.7990389368333741,0.7632827929440682,0.7732140023522348,0.7830184466621661,0.7554093292557893,0.7761466629090727,0.04754395207199957,0.7917935802041618,0.7840482934456043,0.7711354534450139,0.9237045800513081,0.790504045445382,0.6767765076823085,0.7956231373311932,0.7554106714297875,0.7920555776642969,0.7984604632723715,0.7666260628765056,0.7615242008171008,0.7636584733795705,0.7921174810897659,0.791290451149127,0.7709481948460073,0.7715782945227432
0.7809992636243679,0.8147415023151152,0.7731435623901142,0.7573284509971845,0.7655002026083726,0.7958349690157547,0.8068689305404921,0.7668548989632802,0.7764661864124119,0.7626407278957095,0.8186474520844351,0.7664521529995774,0.8317177313366906,0.7484439741125342,0.7511863631464305,0.7947270025654722,0.7569489205488651,0.8463072340173441,0.8282798946618594,0.8072870049659655,1.0,0.83791065268613,0.8510292236154748,0.7548788997987814,0.7642905176284593,0.7548160678869256,0.8356773474557002,0.7613727487572113,0.7743047687005336,0.7802045119587122,0.7574702239514458,0.8096642821715286,0.050332825923074975,0.8307693696142113,0.7947621624325052,0.7737865454536672,0.796649909581706,0.8181150676196786,0.6815537083642806,0.8356335401141635,0.7530857536192976,0.8033516538221188,0.8313887679051051,0.7681531049984971,0.7633318107186782,0.7742338477804765,0.8111008572628853,0.8102740194911751,0.7734953784122437,0.7746436318867577
0.7793278771752834,0.8064682295623355,0.7674675871236569,0.7542460756911535,0.7640277275976282,0.8082083338092997,0.8040791815589485,0.7632550710012667,0.770469859157986,0.7554359632965981,0.8214492447563717,0.7648756251646917,0.8336736137924838,0.7517985249396977,0.7492027167491999,0.7950868715754372,0.7527764168204458,0.8397318831907431,0.8336404744169446,0.8045493467174191,0.83791065268613,1.0,0.891547457913979,0.7561761517779396,0.7580075737175694,0.750969025836679,0.8289295012213942,0.7554087122116547,0.7671824790117083,0.7762775742028905,0.751505636519992,0.8075727414052187,0.04150409889932716,0.8625431871243021,0.7975138027612233,0.7638790110392697,0.7954424998529037,0.8260104204098269,0.6726877674647966,0.8352391968655396,0.7476512417890362,0.8096348098367768,0.8344345336510558,0.7619036235317047,0.7569131451391886,0.7630029732681205,0.8071569208743997,0.806842090614551,0.7700686520439188,0.7668765088750897
0.7881016460128232,0.817994476646686,0.7734225549686056,0.7656969175829746,0.7706150550051737,0.8086560454367941,0.810600382152896,0.7740602358041468,0.7814095638481268,0.7637812777972967,0.8237162186657248,0.7738655849432821,0.8397509160172298,0.7638268952035929,0.76162735279469,0.7984678587258784,0.7652712404289658,0.8512685992386999,0.8393130272070712,0.8113661174343739,0.8510292236154748,0.891547457913979,1.0,0.7632630726427172,0.7715089097162582,0.7575310255765961,0.8437847331630512,0.7656749104320167,0.7815406941627361,0.7817361433273038,0.7616804585079798,0.826000425268833,0.043519424910645976,0.8695938854172054,0.8041776876463821,0.7721212590840664,0.7999058489519746,0.8295957180353573,0.6811022768838786,0.840290735892652,0.7613095523762666,0.8120317825959056,0.8381052831482201,0.7722157423380981,0.768333113702881,0.774832726908626,0.8125051310003294,0.8133329107142593,0.7792074895458225,0.7785270039841998
0.7487770156785861,0.7857814511424748,0.7210846850831527,0.7356234015170731,0.7876642094993405,0.7950853007179791,0.7390971402399158,0.736952740441993,0.7496226437690986,0.7400988233233304,0.7700122554505678,0.7328061287233703,0.7764276651926358,0.7122229655874126,0.7263038826497904,0.7471526062373697,0.81895987973773,0.7599789088791506,0.7479737911168174,0.7385636603727106,0.7548788997987814,0.7561761517779396,0.7632630726427172,1.0,0.7938765633110159,0.821331730125306,0.7571331002864087,0.7232072395587208,0.7497910982351035,0.7535304577483225,0.7205403882219275,0.7854756355165042,0.043444351455806496,0.7572246467912638,0.793597614749829,0.7263802315698058,0.7409342364036494,0.7519585302828271,0.6454333507723429,0.7546760104444306,0.7271323006180141,0.7733559831501045,0.7605798390216802,0.7282031644089056,0.7257083557139508,0.7259324289588107,0.7764310018293386,0.7755009749353536,0.7249814668416171,0.7388128984189295
0.7502439490468867,0.8016867377660154,0.7326227094716401,0.7386178647540133,0.7738394359218527,0.8018147714593726,0.7506318156016942,0.7418890848911186,0.7484904601584692,0.7412395502472944,0.7682767571933392,0.7332034773254186,0.7724063385432424,0.7235951627107579,0.7338740662612897,0.7564880215714648,0.794573429984,0.7696529603072291,0.758943183692827,0.752013020694115,0.7642905176284593,0.7580075737175694,0.7715089097162582,0.7938765633110159,1.0,0.8014105196262211,0.7583302427028351,0.729307968520454,0.7414025475366844,0.7513614507525489,0.7305681593447768,0.7982685654767089,0.044711826028246304,0.7579577263306779,0.7952942650050154,0.7340689073984341,0.7553658240700774,0.7703089561798134,0.6491685323584426,0.7604313934101453,0.7312667393001964,0.7816807010683099,0.7759647064263899,0.7431326624239454,0.7416377803792884,0.7383838984281277,0.7839853902064754,0.7853796204334966,0.7351398983937383,0.7407188333224983
0.734130968154026,0.7739297548511033,0.7103241648679584,0.7312937680649696,0.791350861306303,0.7786780197370373,0.7321958142445841,0.7296445248298327,0.7392968394602545,0.7375956977489255,0.7636335369170381,0.7260633635955154,0.7694655706448662,0.713700444451153,0.7245418224040756,0.7445413943667156,0.8247507256776747,0.7521622181654272,0.7413345367057487,0.7338149098919836,0.7548160678869256,0.750969025836679,0.7575310255765961,0.821331730125306,0.8014105196262211,1.0,0.747638601859044,0.7169257388966646,0.7401265233725647,0.7369107051016737,0.719949222545132,0.7792625423329834,0.04027758539449844,0.7531743828702621,0.7674830790611062,0.7243490109903845,0.7371281861770778,0.7543442785207575,0.6426618741372498,0.751514903110359,0.7255765037363553,0.7631175277710964,0.7537902944472991,0.7236036926732503,0.7192235700640766,0.7225086043567601,0.7698862343320134,0.7700750681725559,0.730274611519893,0.7315201395031552
0.7942131265682368,0.814570193140691,0.7737127656438503,0.7631953643479258,0.764616582230427,0.7953626419164669,0.7977772409568988,0.772647293465281,0.7811696056052959,0.7709236719467469,0.8324155827575909,0.7707999349674803,0.8478956207515338,0.7583703931519447,0.7599857560126237,0.7868716210499559,0.7481532029415374,0.8353693528809756,0.8158415407009312,0.7990389368333741,0.8356773474557002,0.8289295012213942,0.8437847331630512,0.7571331002864087,0.7583302427028351,0.747638601859044,1.0,0.7658701805408821,0.78343670389608,0.7851449501914581,0.7620216418302594,0.8128886488731311,0.04471215829677533,0.8219002537993229,0.798101628826735,0.7685939260912253,0.786229818132488,0.8451776994771194,0.6794187108024103,0.8440893412522354,0.7598568440686055,0.8136119973663132,0.8535208486914883,0.7730323722177612,0.7645146252789949,0.7726391815554359,0.8073330352351251,0.8060378746139861,0.7762350901121426,0.7824487283332215
0.7790104660500414,0.7770991603231785,0.7605843682410878,0.8366760713735732,0.7246801620961109,0.761935153101082,0.7616950819713966,0.8829781757483773,0.7620437451457078,0.8288914192710695,0.7641695647546198,0.8312390035503857,0.7607556659128644,0.8327383554020064,0.8205706989955344,0.7568638326627228,0.7158769690314575,0.765978468109671,0.7584858182927408,0.7632827929440682,0.7613727487572113,0.7554087122116547,0.7656749104320167,0.7232072395587208,0.729307968520454,0.7169257388966646,0.7658701805408821,1.0,0.784692650127272,0.7649388503974847,0.8185720075253969,0.7585906222420773,0.04546941232539037,0.7519495863084225,0.7518843223597393,0.8002536356172933,0.7565774675179222,0.7676905365769117,0.722836453729641,0.764667783964373,0.8275423401412694,0.7662353301490902,0.7656771226108766,0.9239846646141906,0.9065545912985573,0.7667240615370197,0.7626928299785627,0.7618162336441114,0.8296098156143827,0.7764158131341501
0.7907238112976676,0.7911584395815006,0.765461028371536,0.7804511860977639,0.7407148093363273,0.7835957612255986,0.7701973240653998,0.7893977435892491,0.7829616868967646,0.7833556293420547,0.7840644448521924,0.7801113216330875,0.779723478690992,0.7758746622178951,0.764777836567224,0.7729975170676077,0.7442657694307043,0.7788819065484506,0.7661337755805365,0.7732140023522348,0.7743047687005336,0.7671824790117083,0.7815406941627361,0.7497910982351035,0.7414025475366844,0.7401265233725647,0.78343670389608,0.784692650127272,1.0,0.7870023102107232,0.7703793604207412,0.7713503000223073,0.04920468395771249,0.7752742252638136,0.7750351934843184,0.7731816317428012,0.7626875944431342,0.7715454551647171,0.6829415132685711,0.7802390284227139,0.7723344685511572,0.7786752737896762,0.776213465240007,0.7843528301854821,0.7801285169401846,0.7934805979197213,0.7810613053901875,0.7810245885026252,0.7835776806774469,0.8569251222933902
0.7993471547886066,0.7888021410461532,0.7735412335319511,0.7683105873497789,0.7506210814262028,0.778666839484863,0.77947574849599,0.773587671742759,0.8082735141880715,0.7788441048373412,0.7924213247282117,0.7696728553947281,0.7871916017337308,0.7614731654804335,0.7633112829076492,0.7879843786850419,0.7453819108042156,0.7842160350102967,0.767939410513423,0.7830184466621661,0.7802045119587122,0.7762775742028905,0.7817361433273038,0.7535304577483225,0.7513614507525489,0.7369107051016737,0.7851449501914581,0.7649388503974847,0.7870023102107232,1.0,0.7646490323944751,0.780330635301399,0.04844266199012082,0.7723880473662155,0.7822712091494327,0.7678064347836057,0.7768399609685426,0.7751248452087652,0.6741175467517218,0.7905631905150616,0.7637745571185022,0.7856912060316728,0.7854540733718679,0.7702589682674478,0.7664733772990782,0.7895398579432238,0.7891421265564007,0.7884041473713178,0.7743982226045497,0.7923781890561161
0.7685608094417474,0.7684433707731486,0.7503372826549064,0.8287100055459538,0.7374838687362406,0.7581889181171984,0.7517739028567942,0.8192264866744323,0.7703743018364521,0.8290261964161759,0.7638309215381854,0.8093267324535698,0.7648861434100974,0.8266315574574439,0.8274386713121072,0.7540636575580608,0.71269604676073,0.7615284888066111,0.7505582118069285,0.7554093292557893,0.7574702239514458,0.751505636519992,0.7616804585079798,0.7205403882219275,0.7305681593447768,0.719949222545132,0.7620216418302594,0.8185720075253969,0.7703793604207412,0.7646490323944751,1.0,0.7597260358387649,0.04746274615414592,0.7504770225847711,0.7457653923670471,0.7925904253979887,0.7483962605156229,0.7582314662657796,0.6982802896138056,0.765084303651165,0.8597652001434013,0.7607854782171584,0.7628735714685584,0.8242792825745162,0.8152394519361329,0.7656208273153735,0.7627672848068549,0.7620022353509854,0.809826030811684,0.7695034192613246
0.7804359053346386,0.8030569436738186,0.7664232444098543,0.7654744755676537,0.8021207122053811,0.8012468829006363,0.7741240894901862,0.7707965221562294,0.7829521516307156,0.7680110075915957,0.8071788382323026,0.7646161237438407,0.827011750981166,0.7529947060755582,0.7626585964820523,0.7756851133737462,0.7971651604488637,0.8103041073361591,0.8000182958510825,0.7761466629090727,0.8096642821715286,0.8075727414052187,0.826000425268833,0.7854756355165042,0.7982685654767089,0.7792625423329834,0.8128886488731311,0.7585906222420773,0.7713503000223073,0.780330635301399,0.7597260358387649,1.0,0.04409124998264757,0.8141850970511747,0.7909027299107229,0.7563941613151818,0.7763756801698534,0.8143179641794155,0.6732107292942655,0.8150931124618628,0.7585722087342592,0.8023153475420769,0.82585314592411,0.7657205140324704,0.7641516027062978,0.7655168748844978,0.8102752801724209,0.8109732538260686,0.7611758354406011,0.7679815688907958
0.04389920660322888,0.042881874318312474,0.04770774921673837,0.04731566907008855,0.040457541501048855,0.0427094369513773,0.04595614529754344,0.04831775439952468,0.045468382281622755,0.048723177789584904,0.03992284821069636,0.05448033972773092,0.04495034019338162,0.04863192208958689,0.04986058611941491,0.04646274926699445,0.04664436275605066,0.04522898298603206,0.04243945615437483,0.04754395207199957,0.050332825923074975,0.04150409889932716,0.043519424910645976,0.043444351455806496,0.044711826028246304,0.04027758539449844,0.04471215829677533,0.04546941232539037,0.04920468395771249,0.04844266199012082,0.04746274615414592,0.04409124998264757,1.0,0.04390842007634055,0.046786242041815584,0.04521074333449393,0.04556007580649435,0.04033874890083211,0.04494143365605463,0.046348704998511736,0.04254567423130484,0.04502790674452517,0.043381382555234604,0.04545152632327931,0.045054711688585325,0.050886501702607445,0.04665979456830771,0.04658053096840731,0.044129910095074165,0.04983488905639111
0.7810611341990006,0.8061159474282733,0.7665811220165077,0.7513006155477324,0.7710205856463824,0.8012548323310037,0.7911053685161105,0.7577775392755909,0.7726120267206138,0.7544766786397026,0.8102556453455547,0.7607244529473316,0.8327980139145843,0.7530743142157768,0.7504450007924156,0.7857545330873446,0.762617208638435,0.8259219367354271,0.8124492644113049,0.7917935802041618,0.8307693696142113,0.8625431871243021,0.8695938854172054,0.7572246467912638,0.7579577263306779,0.7531743828702621,0.8219002537993229,0.7519495863084225,0.7752742252638136,0.7723880473662155,0.7504770225847711,0.8141850970511747,0.04390842007634055,1.0,0.7956107085836008,0.7649276666548701,0.7799397938382698,0.8136125485001665,0.673904724874385,0.8285918739679793,0.7469795051595115,0.8024330749986203,0.8358536225507238,0.7589350309351154,0.7562493666603851,0.7620108192077804,0.8057017426634049,0.8067467169097814,0.7698058145752321,0.7724966050798209
0.7764100561307817,0.830881687122863,0.7598763543614555,0.7532228805880034,0.7635746852937884,0.825646981411272,0.7803064274096776,0.758964997644865,0.7756170252173046,0.7597093576453189,0.8088104251481382,0.7579482620229847,0.801531205435966,0.748777091503942,0.7462150270772996,0.7829959031944208,0.7759042579552674,0.8056619267666506,0.8001146781204398,0.7840482934456043,0.7947621624325052,0.7975138027612233,0.8041776876463821,0.793597614749829,0.7952942650050154,0.7674830790611062,0.798101628826735,0.7518843223597393,0.7750351934843184,0.7822712091494327,0.7457653923670471,0.7909027299107229,0.046786242041815584,0.7956107085836008,1.0,0.7564190868267416,0.7749351573464295,0.7839891179219763,0.6648414078387004,0.805490825817508,0.7448504961738449,0.8083781572432878,0.8075502792319218,0.7562315125371103,0.7539947522422874,0.7581819769725655,0.813289961304758,0.8131108848453708,0.7627538370656902,0.7695474251148976
0.7721793620393242,0.7716987462201297,0.7552819035280806,0.800873821769971,0.7245587167822232,0.7733611362901515,0.7707229732796461,0.8107341386080007,0.7656022222774139,0.8131329570207801,0.7659316238876073,0.8051394551182064,0.7589188012713017,0.7950964441200168,0.7936684043777511,0.7655560963966302,0.7244782175888221,0.7777181632690506,0.7683727157245784,0.7711354534450139,0.7737865454536672,0.7638790110392697,0.7721212590840664,0.7263802315698058,0.7340689073984341,0.7243490109903845,0.7685939260912253,0.8002536356172933,0.7731816317428012,0.7678064347836057,0.7925904253979887,0.7563941613151818,0.04521074333449393,0.7649276666548701,0.7564190868267416,1.0,0.7635518361659215,0.7609333876377766,0.7151972127972137,0.7727429362561223,0.7949749999453104,0.7725463455666358,0.7667772762753986,0.8071402325548095,0.7989762481869268,0.7654094979639976,0.7700535865746374,0.7693766197373886,0.8089105688587267,0.7710241067325363
0.77740908616118,0.7852223329531873,0.7588348960803908,0.7509312035309618,0.7442050431736751,0.7847165738948269,0.9231619075404702,0.7594630347113964,0.7752745730409186,0.761526018306607,0.7835287697647874,0.753831958972441,0.7866430782035642,0.7420816320042161,0.7485463567828947,0.8977819835257539,0.7385175899546694,0.798094980482857,0.7929428378027894,0.9237045800513081,0.796649909581706,0.7954424998529037,0.7999058489519746,0.7409342364036494,0.7553658240700774,0.7371281861770778,0.786229818132488,0.7565774675179222,0.7626875944431342,0.7768399609685426,0.7483962605156229,0.7763756801698534,0.04556007580649435,0.7799397938382698,0.7749351573464295,0.7635518361659215,1.0,0.7805078010249882,0.6731321847562444,0.7801798838540814,0.7513965912273668,0.7840990999140932,0.7899953993039168,0.7601751520782503,0.7561494701072909,0.7534369141604902,0.7820250116233038,0.7807954923647257,0.7585546205430254,0.7617470318696636
0.7907087737926061,0.8175834603580875,0.7687173899013177,0.7596762949500994,0.7776940223005876,0.7975146351308142,0.7882023724306525,0.7706133916056133,0.774388701180631,0.7675843261466073,0.8297688417264739,0.7643601498806709,0.8337407882392147,0.7544998607008161,0.7565100713655828,0.782817921675177,0.7462092947529777,0.8226510312897408,0.8080858453594973,0.790504045445382,0.8181150676196786,0.8260104204098269,0.8295957180353573,0.7519585302828271,0.7703089561798134,0.7543442785207575,0.8451776994771194,0.7676905365769117,0.7715454551647171,0.7751248452087652,0.7582314662657796,0.8143179641794155,0.04033874890083211,0.8136125485001665,0.7839891179219763,0.7609333876377766,0.7805078010249882,1.0,0.6796569594978403,0.8392813725149577,0.7576619574982644,0.8069266212603097,0.8641682978702222,0.7723858538727223,0.7675970080153656,0.7698429728188978,0.8131843093546531,0.8131269544773545,0.7747125566095694,0.778363297658533
0.7017431170084607,0.6782940356021986,0.6654492185201348,0.7053898192422756,0.652502182623933,0.6770776625531016,0.6781900708758856,0.718243442043993,0.6767130235975303,0.7048967613770769,0.6757255056900597,0.7090449964582842,0.6691279348505972,0.7055241438389508,0.7009049016671524,0.6698349823404267,0.642689433439143,0.6782160957418364,0.6739316407960494,0.6767765076823085,0.6815537083642806,0.6726877674647966,0.6811022768838786,0.6454333507723429,0.6491685323584426,0.6426618741372498,0.6794187108024103,0.722836453729641,0.6829415132685711,0.6741175467517218,0.6982802896138056,0.6732107292942655,0.04494143365605463,0.673904724874385,0.6648414078387004,0.7151972127972137,0.6731321847562444,0.6796569594978403,1.0,0.6772050607130364,0.7009031252821445,0.6820211211940861,0.6776373450866668,0.7221039013716368,0.7209573248500672,0.6715301496401112,0.678679252192613,0.6780230433416445,0.7087814568003734,0.691381193851432
