../ecoli_genomes/GCF_000163235.1_ASM16323v1_genomic.fna.gz,../ecoli_genomes/GCF_000164555.1_ASM16455v1_genomic.fna.gz,../ecoli_genomes/GCF_000208545.1_ASM20854v2_genomic.fna.gz,../ecoli_genomes/GCF_000233875.1_ASM23387v1_genomic.fna.gz,../ecoli_genomes/GCF_000249735.1_ASM24973v2_genomic.fna.gz,../ecoli_genomes/GCF_000261145.1_Esch_coli_M919_V2_genomic.fna.gz,../ecoli_genomes/GCF_000267705.2_ASM26770v2_genomic.fna.gz,../ecoli_genomes/GCF_000350665.1_Esch_coli_KTE5_V1_genomic.fna.gz,../ecoli_genomes/GCF_000351625.1_Esch_coli_KTE66_V1_genomic.fna.gz,../ecoli_genomes/GCF_000352285.1_Esch_coli_KTE46_V1_genomic.fna.gz,../ecoli_genomes/GCF_000358895.1_ASM35889v1_genomic.fna.gz,../ecoli_genomes/GCF_000456385.1_Esch_coli_HVH_26_4-5703913_V1_genomic.fna.gz,../ecoli_genomes/GCF_000458195.1_Esch_coli_HVH_147_4-5893887_V1_genomic.fna.gz,../ecoli_genomes/GCF_000459755.1_Esch_coli_KOEGE_58_171a_V1_genomic.fna.gz,../ecoli_genomes/GCF_000460055.1_Esch_coli_UMEA_3053-1_V1_genomic.fna.gz,../ecoli_genomes/GCF_000462165.2_ASM46216v2_genomic.fna.gz,../ecoli_genomes/GCF_000601135.1_ASM60113v1_genomic.fna.gz,../ecoli_genomes/GCF_000614595.1_Ec2010EL1058_genomic.fna.gz,../ecoli_genomes/GCF_000617745.1_Ec2010C-4529_genomic.fna.gz,../ecoli_genomes/GCF_000618265.2_EcF6751_genomic.fna.gz,../ecoli_genomes/GCF_000619005.2_Ec2009C-4052_genomic.fna.gz,../ecoli_genomes/GCF_000619105.1_Ec2009C-4780_genomic.fna.gz,../ecoli_genomes/GCF_000619765.2_Ec2009C-3279_genomic.fna.gz,../ecoli_genomes/GCF_000687005.1_ASM68700v1_genomic.fna.gz,../ecoli_genomes/GCF_000687025.1_ASM68702v1_genomic.fna.gz,../ecoli_genomes/GCF_000700125.1_ASM70012v1_genomic.fna.gz,../ecoli_genomes/GCF_000753315.1_FHI35_genomic.fna.gz,../ecoli_genomes/GCF_000776375.1_ASM77637v1_genomic.fna.gz,../ecoli_genomes/GCF_000779395.1_ASM77939v1_genomic.fna.gz,../ecoli_genomes/GCF_000780315.1_ASM78031v1_genomic.fna.gz,../ecoli_genomes/GCF_000781995.1_ASM78199v1_genomic.fna.gz,../ecoli_genomes/GCF_000986765.1_ASM98676v1_genomic.fna.gz,../ecoli_genomes/GCF_001041375.1_ViralProj287958_genomic.fna.gz,../ecoli_genomes/GCF_001265335.1_302014_genomic.fna.gz,../ecoli_genomes/GCF_001265625.1_100854_genomic.fna.gz,../ecoli_genomes/GCF_001267345.1_303289_genomic.fna.gz,../ecoli_genomes/GCF_001309985.1_ASM130998v1_genomic.fna.gz,../ecoli_genomes/GCF_001521695.1_ASM152169v1_genomic.fna.gz,../ecoli_genomes/GCF_001592595.1_ASM159259v1_genomic.fna.gz,../ecoli_genomes/GCF_001614975.1_ASM161497v1_genomic.fna.gz,../ecoli_genomes/GCF_001692775.1_ASM169277v1_genomic.fna.gz,../ecoli_genomes/GCF_001748915.1_ASM174891v1_genomic.fna.gz,../ecoli_genomes/GCF_001749235.1_ASM174923v1_genomic.fna.gz,../ecoli_genomes/GCF_001881155.1_ASM188115v1_genomic.fna.gz,../ecoli_genomes/GCF_001881345.1_ASM188134v1_genomic.fna.gz,../ecoli_genomes/GCF_001892405.1_ASM189240v1_genomic.fna.gz,../ecoli_genomes/GCF_001892585.1_ASM189258v1_genomic.fna.gz,../ecoli_genomes/GCF_001893985.1_ASM189398v1_genomic.fna.gz,../ecoli_genomes/GCF_002001595.1_ASM200159v1_genomic.fna.gz,../ecoli_genomes/GCF_002002145.1_ASM200214v1_genomic.fna.gz
1.0,0.31796974515887433,0.25469739040850425,0.2810233002856366,0.3065100650538122,0.29871873962175965,0.2969726072694201,0.28474569868494193,0.3854114668073487,0.29340927883156964,0.31739776539671893,0.29292674380319983,0.3078348055142449,0.271383604765261,0.266148590084635,0.2970098081014375,0.26594070721912433,0.30339979239415904,0.2795941491226237,0.29554769678469583,0.291444694570441,0.2819574613224787,0.3033937596400651,0.2792078099647899,0.28375980435299486,0.22686305773443194,0.30282177090942175,0.2774022727853248,0.335930560428474,0.3812829740292796,0.2580102082108565,0.29649838441571064,0.0,0.2982753702930967,0.3025103807843095,0.2771093042668292,0.2840014547271188,0.3078367249100772,0.2536903005229698,0.30559169273347475,0.26394112512830914,0.30346363616401006,0.30852677137328277,0.2841275201329285,0.2913010270751325,0.3138950703216339,0.2999272757786441,0.30017995425647437,0.27253126559598095,0.3392978214815625
0.31796974515887433,1.0,0.23383066849005052,0.2749491142182451,0.42013973853306763,0.5439019673333834,0.3446685651822221,0.2780053820355073,0.2998046610047983,0.27939140105515914,0.4282991584780659,0.2850362792592056,0.41553191911674836,0.2632439175915172,0.2626156397754379,0.34859998681546034,0.43037491195459465,0.4145594454179973,0.37198453957685085,0.3475806701379218,0.4033078627245028,0.37886447199019324,0.4107023284838338,0.5122161329259007,0.5347558068898911,0.36152571327407956,0.41469421773611437,0.2738991813488205,0.2998413918755187,0.3046706067793161,0.2535267174225817,0.4141366644825145,0.0,0.39935737453865705,0.5701195591322668,0.264696573724875,0.3343145444451342,0.42066953699072385,0.2365159574162221,0.41543475446863964,0.2578970682621501,0.47484530828079796,0.41845817854038847,0.2844896485163242,0.2866665864560173,0.28224549466617044,0.4749608912248722,0.476795349568953,0.27678907071197145,0.2974742886332111
0.25469739040850425,0.23383066849005052,1.0,0.20945142309340825,0.21536913871990138,0.21508498836432544,0.2171793363021306,0.21293176585342377,0.24103770537732228,0.21431082511542954,0.23318299622289151,0.20956947134228476,0.22432875298645205,0.20582896188641386,0.20634491410012512,0.2202565444168907,0.19761789382928396,0.2226169817271958,0.20127573957170708,0.21874961808725013,0.218923769640466,0.20492979148357515,0.2221715252667381,0.19863687806982466,0.2047393265456937,0.16251542130768504,0.22112230464482518,0.21043622758216163,0.24932800563663926,0.2536935056631062,0.1987426104311224,0.21729048239295623,0.0,0.22059652576500988,0.2156458185391682,0.2136365053674978,0.20895043498386068,0.21517715781980418,0.18773544974302314,0.2266750203612521,0.2058058834965052,0.2243157380436449,0.22612614240003603,0.21715233689765057,0.21344966576114943,0.23589075629597034,0.22778300552134223,0.22727556954304384,0.21376832044179528,0.2507163646685697
0.2810233002856366,0.2749491142182451,0.20945142309340825,1.0,0.26478525625950455,0.25698444791194575,0.2508944059791207,0.49909496197845393,0.2751035880574777,0.5270872435541567,0.2675620689697369,0.527985465391864,0.265347444671278,0.5476280266001804,0.554998312906906,0.25293811307214975,0.2317419821598884,0.25690046761181107,0.23979419626237541,0.2519653864727409,0.2533992395965944,0.2432843689044455,0.2651724538237421,0.2362965225039816,0.2488878259188282,0.19323716558401138,0.26311140143236156,0.5233827194100356,0.3020084145690607,0.2741454448318179,0.5013703497693458,0.26585067022371267,0.0,0.25418665417484787,0.2558409356026905,0.4224536602929705,0.2415202679598869,0.2582668573887751,0.409660450573358,0.2531371165381566,0.5230285486389064,0.260439415212843,0.2637580265044065,0.5312473965884599,0.5212448858424157,0.29785691510858214,0.25765104377417714,0.2571593813648009,0.46091395201521557,0.3077169350424941
0.3065100650538122,0.42013973853306763,0.21536913871990138,0.26478525625950455,1.0,0.4094036348715073,0.3351607986522397,0.2656885330966302,0.2927098971441501,0.2693590710238185,0.5460156590754417,0.2678248169086722,0.47576398033571266,0.2678794336325562,0.26902737260599363,0.34587914094950944,0.42712274623157986,0.440746976211444,0.4026876867637179,0.3372339208565601,0.4478642287120138,0.41737766518164754,0.45031043904120815,0.43736702831269636,0.41758334491490734,0.3598701615733114,0.4562981215353158,0.25373826737802374,0.304622646602994,0.3001980488326964,0.25354873016757873,0.4699991557041767,0.0,0.45370434403834725,0.4199673203220985,0.2629366853170394,0.3278598113614596,0.46231982136373906,0.23170080832451856,0.4603132971261318,0.266286452252425,0.42067546571847014,0.4738626722859616,0.2626178452674568,0.26908434757751154,0.2767769200984894,0.44265477499011885,0.4441429920143978,0.2603266007136493,0.2930505657009146
0.29871873962175965,0.5439019673333834,0.21508498836432544,0.25698444791194575,0.4094036348715073,1.0,0.3440034417579346,0.2671772846064284,0.28438031008180575,0.25523924840456347,0.40655262930849767,0.2607574350124895,0.39854650011213,0.2506024941917929,0.24699986128803375,0.3496614767103484,0.42348561802022855,0.40663692470986323,0.3704861101753325,0.34223373315947225,0.3829150429119882,0.40463895038805986,0.40157541639005145,0.4883277895113719,0.5359321544304658,0.3544380076632154,0.38972861678093573,0.25166546923617694,0.29159187694242517,0.28737398802154124,0.236799068700699,0.4107217072264491,0.0,0.40267504119046427,0.5451272428759959,0.2649931777395853,0.33101807566067765,0.4057708208648412,0.2481444952598172,0.39995951058069357,0.24541008061277803,0.46175793226003037,0.4028880396647643,0.25978774447763886,0.261567984372607,0.2736435806639891,0.4579174808042288,0.45957694105760527,0.2567609885682385,0.2910658518643413
0.2969726072694201,0.3446685651822221,0.2171793363021306,0.2508944059791207,0.3351607986522397,0.3440034417579346,1.0,0.25007814400972483,0.2838584137215763,0.250227340147803,0.3503202421703572,0.24804118108799256,0.3467788083285843,0.24186008004908754,0.24096059000116976,0.7605472859305598,0.3032153050454899,0.3739724990674823,0.3444991043593725,0.8645757426887087,0.3753355078173142,0.3462708856378469,0.3809935975166975,0.31420241350230493,0.32504247585665,0.2587281926815067,0.3515264365862688,0.24282412177698398,0.28255196229682333,0.29394292518240417,0.23248718500817,0.3431378908371522,0.0,0.3516870489173738,0.3498093382201327,0.2615055195837648,0.7975108548280943,0.3329738772237196,0.22911603843674289,0.3447643168525395,0.23425192249982796,0.34619125860841427,0.35157503425479975,0.25058297363471427,0.2488076467155833,0.2649103690036557,0.3397618165419215,0.3395929593058189,0.24475258697098368,0.28743755782631664
0.28474569868494193,0.2780053820355073,0.21293176585342377,0.49909496197845393,0.2656885330966302,0.2671772846064284,0.25007814400972483,1.0,0.2713678067076949,0.509647265996068,0.2672150506269847,0.4913359743247998,0.26889366614848553,0.48276713881089184,0.4759172504431203,0.25156562713791153,0.23477405527669448,0.2610497417942397,0.24265883644046948,0.25197078279996576,0.253669064277828,0.24353463521982222,0.26149228445958483,0.2489205911560829,0.2501559037366483,0.1955047423757713,0.26261859038360524,0.6932160469904631,0.3054961128181538,0.2781320204577652,0.4669307225566538,0.26364114041425235,0.0,0.25800408224023896,0.2608077047633718,0.4138590360707928,0.24046529370377867,0.27737758133119306,0.40738975261505306,0.26008437826049213,0.480568059813019,0.26763994549528614,0.26826820226947945,0.7068235974180439,0.6784022814230368,0.29459676223651754,0.2593625609153155,0.2581894526054831,0.44926674313737847,0.30373458606672876
0.3854114668073487,0.2998046610047983,0.24103770537732228,0.2751035880574777,0.2927098971441501,0.28438031008180575,0.2838584137215763,0.2713678067076949,1.0,0.2804212768435328,0.3130619387946043,0.27062683156210965,0.30216234409191056,0.27112939788313206,0.2708195056374987,0.2873015313586602,0.25228067218405936,0.2947719798377406,0.26528404748554146,0.2868694142253184,0.28841565488751375,0.27407984748019676,0.29582289571713805,0.26437087174158214,0.26674470693666474,0.2143134754361139,0.30019595267116017,0.26510983483365447,0.3245117678018601,0.4009914787451284,0.2568055782039034,0.28897827398338594,0.0,0.29207325501295556,0.2910275397620449,0.2795456907597115,0.2742938040940037,0.2854688764675831,0.24212382782705133,0.29942374322817533,0.2625533336265121,0.3001513630598217,0.3041166379069371,0.2711021560775373,0.26703379467484367,0.31685349473584123,0.2971932986149488,0.29748222206003294,0.2663497306652216,0.33572411131224533
0.29340927883156964,0.27939140105515914,0.21431082511542954,0.5270872435541567,0.2693590710238185,0.25523924840456347,0.250227340147803,0.509647265996068,0.2804212768435328,1.0,0.27171951014785567,0.5013472082452215,0.2694052633722478,0.509104814436848,0.5034207837400688,0.2559432014044468,0.22882420445484786,0.2589295267990642,0.23746281528492974,0.2526019699398766,0.24897814162388499,0.2374049518426955,0.25479781753968744,0.2371248069670595,0.24668690706164986,0.19473697188983374,0.26427645168159597,0.5120878262006026,0.3071870801335388,0.28380317599672533,0.5186377968911347,0.2575027185049188,0.0,0.2517658712414069,0.2556182838393909,0.428858428801028,0.2436026992232737,0.26411585648615954,0.4192664908653745,0.2596795533286078,0.5292044473447328,0.2614175198079399,0.2646961528744526,0.5220077566542405,0.5213824115245469,0.29853818421596834,0.2615202933745915,0.2608859548395144,0.4767459809900074,0.3064595440019465
0.31739776539671893,0.4282991584780659,0.23318299622289151,0.2675620689697369,0.5460156590754417,0.40655262930849767,0.3503202421703572,0.2672150506269847,0.3130619387946043,0.27171951014785567,1.0,0.2662598042993042,0.5371702176332488,0.26366618012128895,0.26295052607618163,0.35862178675825773,0.36879602004278944,0.4913756315315839,0.44225781842486567,0.3538408480312145,0.4840534169579366,0.4711478303295563,0.49849630572836523,0.3870182989714386,0.38079251234690614,0.31893170940571736,0.5030049228889619,0.2652814626830985,0.3014418539600823,0.31417710775666696,0.2532249968268505,0.4726120233570569,0.0,0.4815749357088217,0.42788682415721724,0.2738057771342379,0.3427381971708845,0.4846546411758441,0.24163099866637616,0.5148353439282713,0.25732830666180073,0.4432149441465201,0.5123779537042461,0.2676946615644472,0.2675273468714888,0.2863320177625318,0.44503477789220236,0.44538329309147207,0.2671528102237496,0.3072323150998165
0.29292674380319983,0.2850362792592056,0.20956947134228476,0.527985465391864,0.2678248169086722,0.2607574350124895,0.24804118108799256,0.4913359743247998,0.27062683156210965,0.5013472082452215,0.2662598042993042,1.0,0.26352576397811567,0.5039603242275424,0.6325057612515992,0.2525794248499579,0.23247121264655024,0.25455790221336705,0.237772364228093,0.24849712025773696,0.25159618489659774,0.24696572458431765,0.2597584388211457,0.24167333840680405,0.24935168125356832,0.20473658012087603,0.2580754700441308,0.4947810932616169,0.30308645616130747,0.2778990558423823,0.456176574269897,0.25860752650413243,0.0,0.25397800223258926,0.2612327002892533,0.40999647576172227,0.23985157801794366,0.2636541254193824,0.41193150958268876,0.2531850282382656,0.48085163745667814,0.2604306808198794,0.26396929883370013,0.5074338800197222,0.5050049913107597,0.2980631476858181,0.26107221269063396,0.26041824934959323,0.44330590964389305,0.30174045512163383
0.3078348055142449,0.41553191911674836,0.22432875298645205,0.265347444671278,0.47576398033571266,0.39854650011213,0.3467788083285843,0.26889366614848553,0.30216234409191056,0.2694052633722478,0.5371702176332488,0.26352576397811567,1.0,0.25726206860711476,0.26117887369039994,0.3547105515092971,0.3568275980365223,0.5022729144509861,0.5026031016594338,0.35044104361454465,0.5127844091401346,0.5402317834217532,0.5581388379549683,0.37286207774955393,0.3670994074590259,0.3047356794308399,0.5408138575013052,0.2594583583762262,0.2958445996030914,0.3145558276998004,0.24649364353245073,0.5115791309389925,0.0,0.5383850785404007,0.4187380843442018,0.26609598730515593,0.33968408806855677,0.5114484611994725,0.23467680882066644,0.5438522647419175,0.2531326640889575,0.42512771718752385,0.5356136490792593,0.26442633398716864,0.26165562428954614,0.2771736460332406,0.4312426116414192,0.4294629882823091,0.26209090155509396,0.3027542567930114
0.271383604765261,0.2632439175915172,0.20582896188641386,0.5476280266001804,0.2678794336325562,0.2506024941917929,0.24186008004908754,0.48276713881089184,0.27112939788313206,0.509104814436848,0.26366618012128895,0.5039603242275424,0.25726206860711476,1.0,0.5492221670698736,0.24435271977559214,0.2262720397502378,0.25223344795059155,0.23033047239369497,0.24441541274547673,0.24384846099985935,0.23631425594991595,0.25723541219905444,0.22485731995821756,0.23625311580516262,0.18920757852204706,0.25655038494233007,0.5125809454421575,0.3016884515776711,0.2699658875002652,0.4974734432739112,0.25220664252983793,0.0,0.24890734007692683,0.25123351846577635,0.41236487794775634,0.2336023303954503,0.2559340140435582,0.3986808091576025,0.2488377885407822,0.513301246081485,0.2540879486604607,0.26051235014587915,0.5120760800644211,0.5031937566607474,0.29810143443086556,0.2558791708809093,0.25577933668018116,0.45348659121090995,0.3079583298151112
0.266148590084635,0.2626156397754379,0.20634491410012512,0.554998312906906,0.26902737260599363,0.24699986128803375,0.24096059000116976,0.4759172504431203,0.2708195056374987,0.5034207837400688,0.26295052607618163,0.6325057612515992,0.26117887369039994,0.5492221670698736,1.0,0.24521769033157415,0.22628473938891702,0.25062673752861153,0.22981334572448298,0.24325010486873733,0.24566321787255974,0.23648480803481997,0.2550645455125311,0.2277647931437108,0.23580368738421154,0.1913875748669378,0.2554438082364674,0.49060690164533827,0.29498617204946365,0.2716854053346187,0.48725354139656674,0.25536056154529074,0.0,0.24950734717642253,0.2528727038665858,0.41565879004969963,0.2343043798077331,0.25467464870731926,0.4033581525461448,0.250164560819219,0.5056638901479594,0.25414087400948904,0.2592395340653113,0.4981610253723132,0.4891103940680458,0.3001174806306659,0.26349715429462617,0.2634938640007439,0.4489416657579469,0.31407242013947645
0.2970098081014375,0.34859998681546034,0.2202565444168907,0.25293811307214975,0.34587914094950944,0.3496614767103484,0.7605472859305598,0.25156562713791153,0.2873015313586602,0.2559432014044468,0.35862178675825773,0.2525794248499579,0.3547105515092971,0.24435271977559214,0.24521769033157415,1.0,0.3077700305866301,0.3652854897365796,0.3444037362203214,0.7685077154063498,0.3630883468774423,0.35971137418592114,0.37434522838996953,0.31673711496550816,0.33002964306441473,0.27830238758215076,0.3494928596508594,0.24327140672351133,0.284274966628161,0.29842172070794926,0.23439088912474682,0.3414501190074347,0.0,0.34848560697982367,0.35151100733907914,0.2617257838400602,0.7456988313543438,0.3376587874841558,0.22550260804120292,0.34529318588697266,0.23964002963575415,0.34755831070575216,0.35084012792549146,0.2489625533962141,0.2501553732650085,0.27104294243013016,0.34520992507292825,0.3451623355325527,0.24743600171958358,0.2886441605758412
0.26594070721912433,0.43037491195459465,0.19761789382928396,0.2317419821598884,0.42712274623157986,0.42348561802022855,0.3032153050454899,0.23477405527669448,0.25228067218405936,0.22882420445484786,0.36879602004278944,0.23247121264655024,0.3568275980365223,0.2262720397502378,0.22628473938891702,0.3077700305866301,1.0,0.35365310462355426,0.3212920808035946,0.3038777963534445,0.34636568425908265,0.33806112850678216,0.36029804617702355,0.5351363117776673,0.48288115097282436,0.4252079922108878,0.3551965671043824,0.22698899860989452,0.280872128736117,0.2615112582086013,0.21471351338103695,0.4180598333701234,0.0,0.36877362564872596,0.4369512550230228,0.24195959377880927,0.2957165540668212,0.3513829554404121,0.21550850474670602,0.35805780649599517,0.2181467138669293,0.40726424016957474,0.3624663989345751,0.23295748876506428,0.23986308706614723,0.24399212558363415,0.4278468350377418,0.425793482463504,0.22821530608475693,0.26368866101514343
0.30339979239415904,0.4145594454179973,0.2226169817271958,0.25690046761181107,0.440746976211444,0.40663692470986323,0.3739724990674823,0.2610497417942397,0.2947719798377406,0.2589295267990642,0.4913756315315839,0.25455790221336705,0.5022729144509861,0.25223344795059155,0.25062673752861153,0.3652854897365796,0.35365310462355426,1.0,0.48870844156074356,0.37600303993802153,0.5162085500453084,0.486630281201759,0.5250290486413141,0.3725842285490306,0.37082302613480733,0.29987679255451594,0.5037389998857544,0.2523057941369745,0.29175928026717846,0.30445440155115333,0.24395901532624842,0.46648418134624503,0.0,0.48372555426821584,0.418058365723067,0.27854693868377367,0.36199837542395175,0.4634701090051917,0.239007920062691,0.49458831596153974,0.24594038956654296,0.4229358441187896,0.4959480885770926,0.2587672044173288,0.25588995953662574,0.2747466856848466,0.4257971696450026,0.426425696330227,0.25147411588228086,0.2994768311991425
0.2795941491226237,0.37198453957685085,0.20127573957170708,0.23979419626237541,0.4026876867637179,0.3704861101753325,0.3444991043593725,0.24265883644046948,0.26528404748554146,0.23746281528492974,0.44225781842486567,0.237772364228093,0.5026031016594338,0.23033047239369497,0.22981334572448298,0.3444037362203214,0.3212920808035946,0.48870844156074356,1.0,0.33920729777392766,0.46980545313009736,0.4935940181873073,0.4741295218798095,0.33648153393116753,0.3440665135195785,0.27635849186617945,0.4584480560386449,0.2338161115215971,0.26737615420447447,0.27718758917130093,0.2201063796238497,0.46149753047773157,0.0,0.4384838727910777,0.3798075243099617,0.24889110518516855,0.33100817741069277,0.4283843807270321,0.21612269790775795,0.447703384793255,0.2248485715613685,0.3814910890687917,0.4533897966398195,0.24124924879668586,0.23974137619921032,0.24891192313740196,0.38039643165776815,0.38065311739246555,0.2293892925833073,0.2738479852462532
0.29554769678469583,0.3475806701379218,0.21874961808725013,0.2519653864727409,0.3372339208565601,0.34223373315947225,0.8645757426887087,0.25197078279996576,0.2868694142253184,0.2526019699398766,0.3538408480312145,0.24849712025773696,0.35044104361454465,0.24441541274547673,0.24325010486873733,0.7685077154063498,0.3038777963534445,0.37600303993802153,0.33920729777392766,1.0,0.3781606148614364,0.3451695119404834,0.38196666383537115,0.3158993747428933,0.3253290496536073,0.25969140334595375,0.3548205962701898,0.2447470092098657,0.28366607300988755,0.29640655051668363,0.23418456728132686,0.3435042973760424,0.0,0.35221154960650847,0.3515820318181905,0.26445476509080634,0.8130777263685302,0.33618938855897573,0.2287235136767325,0.34867877405293557,0.23671760825181276,0.3483247616742785,0.3541602640843027,0.251406852003319,0.24928477533172388,0.26780551720940937,0.3431748218187627,0.3430076964218437,0.24706961575132824,0.2904969550894183
0.291444694570441,0.4033078627245028,0.218923769640466,0.2533992395965944,0.4478642287120138,0.3829150429119882,0.3753355078173142,0.253669064277828,0.28841565488751375,0.24897814162388499,0.4840534169579366,0.25159618489659774,0.5127844091401346,0.24384846099985935,0.24566321787255974,0.3630883468774423,0.34636568425908265,0.5162085500453084,0.46980545313009736,0.3781606148614364,1.0,0.48910214910101824,0.5402427457510774,0.35932094345441346,0.36112771120641785,0.29783589229483964,0.5117063951521581,0.24834832157123354,0.2811499296003356,0.29677836008080083,0.23350245968404237,0.4838514537945029,0.0,0.5029204578180847,0.4025515480768862,0.26692184291982923,0.3613132312531362,0.47788128596295476,0.22944857252144402,0.5062380929400325,0.2399463876638468,0.40208682749024016,0.5013577444540755,0.2550938008326268,0.2550985029642511,0.27216382155217445,0.4198112533380418,0.4190251734010446,0.24900453013149104,0.28962713264823536
0.2819574613224787,0.37886447199019324,0.20492979148357515,0.2432843689044455,0.41737766518164754,0.40463895038805986,0.3462708856378469,0.24353463521982222,0.27407984748019676,0.2374049518426955,0.4711478303295563,0.24696572458431765,0.5402317834217532,0.23631425594991595,0.23648480803481997,0.35971137418592114,0.33806112850678216,0.486630281201759,0.4935940181873073,0.3451695119404834,0.48910214910101824,1.0,0.6648491240430796,0.33435424962642335,0.35915632891685456,0.29584471965402703,0.4886355115446407,0.23493262114621638,0.26904491837204814,0.2816144496269799,0.2227166797496174,0.47655650562836016,0.0,0.5897108238286393,0.381772764228991,0.25003127286824234,0.3402021027479264,0.4629287021874191,0.2222727227009177,0.48653958694258526,0.2269432124932682,0.39138671657085167,0.4897515853668998,0.24463484644164246,0.23953070165716173,0.257078176844764,0.39022172630655205,0.3886645651978081,0.23567647577621653,0.2809579022900468
0.3033937596400651,0.4107023284838338,0.2221715252667381,0.2651724538237421,0.45031043904120815,0.40157541639005145,0.3809935975166975,0.26149228445958483,0.29582289571713805,0.25479781753968744,0.49849630572836523,0.2597584388211457,0.5581388379549683,0.25723541219905444,0.2550645455125311,0.37434522838996953,0.36029804617702355,0.5250290486413141,0.4741295218798095,0.38196666383537115,0.5402427457510774,0.6648491240430796,1.0,0.3652123772647038,0.37628897997609145,0.3061051140827772,0.5348740429592727,0.25796011890595416,0.29065379677071024,0.29950174186697653,0.24393954194372658,0.5004762044682847,0.0,0.6399104091389005,0.40969205805568853,0.27083880241831926,0.36985843100632443,0.4970681443215563,0.23575116874687607,0.5184640790504513,0.24770474391357,0.4177653273212373,0.5259122041161672,0.26289497642991944,0.26236596618124086,0.2743713051270288,0.4196119610579231,0.41992893382543117,0.25502053620328735,0.2974868866667931
0.2792078099647899,0.5122161329259007,0.19863687806982466,0.2362965225039816,0.43736702831269636,0.4883277895113719,0.31420241350230493,0.2489205911560829,0.26437087174158214,0.2371248069670595,0.3870182989714386,0.24167333840680405,0.37286207774955393,0.22485731995821756,0.2277647931437108,0.31673711496550816,0.5351363117776673,0.3725842285490306,0.33648153393116753,0.3158993747428933,0.35932094345441346,0.33435424962642335,0.3652123772647038,1.0,0.5500175039578431,0.4051113767513569,0.36763993075702606,0.22949594696256093,0.28503394119638614,0.26822125493301585,0.2196549603763317,0.4080950793651973,0.0,0.36518389980375865,0.5252638600586357,0.24239763212946241,0.3070250697906941,0.35819199552972225,0.21587954095001494,0.36744187930995054,0.22351367087844654,0.42606350902640855,0.37029815581699244,0.23603912209004552,0.24377487158369726,0.252106830910518,0.43162978998373613,0.42885108266539174,0.23220049437231005,0.26678085623728454
0.28375980435299486,0.5347558068898911,0.2047393265456937,0.2488878259188282,0.41758334491490734,0.5359321544304658,0.32504247585665,0.2501559037366483,0.26674470693666474,0.24668690706164986,0.38079251234690614,0.24935168125356832,0.3670994074590259,0.23625311580516262,0.23580368738421154,0.33002964306441473,0.48288115097282436,0.37082302613480733,0.3440665135195785,0.3253290496536073,0.36112771120641785,0.35915632891685456,0.37628897997609145,0.5500175039578431,1.0,0.41334230519651805,0.36827967076582235,0.23512816876850806,0.2825818054469933,0.2697738819336025,0.22333681724769838,0.42554886561395,0.0,0.36534888392727394,0.5413053874409943,0.24702128635491227,0.3177320716780988,0.37333380307994823,0.22007100051734962,0.368901256001266,0.2321764120497386,0.4298784062508475,0.3765567122127583,0.25372460417328957,0.256429282784705,0.2626220905713782,0.43429909385095067,0.4360666585507952,0.24893011114912234,0.26761634384671795
0.22686305773443194,0.36152571327407956,0.16251542130768504,0.19323716558401138,0.3598701615733114,0.3544380076632154,0.2587281926815067,0.1955047423757713,0.2143134754361139,0.19473697188983374,0.31893170940571736,0.20473658012087603,0.3047356794308399,0.18920757852204706,0.1913875748669378,0.27830238758215076,0.4252079922108878,0.29987679255451594,0.27635849186617945,0.25969140334595375,0.29783589229483964,0.29584471965402703,0.3061051140827772,0.4051113767513569,0.41334230519651805,1.0,0.3011465448046867,0.18840646653949278,0.23099113887281542,0.21784950088720278,0.18032736164827412,0.326374105170687,0.0,0.2985234751404039,0.3681067007064802,0.1980144253134184,0.2591863381830245,0.3347314919979386,0.17436133192920167,0.30503116484153603,0.1860285815169399,0.34684989494750706,0.307782375513559,0.20990805472459406,0.21018312798204397,0.20984320606050844,0.3666897832648308,0.37449767746084506,0.19760319789688618,0.22114873781768563
0.30282177090942175,0.41469421773611437,0.22112230464482518,0.26311140143236156,0.4562981215353158,0.38972861678093573,0.3515264365862688,0.26261859038360524,0.30019595267116017,0.26427645168159597,0.5030049228889619,0.2580754700441308,0.5408138575013052,0.25655038494233007,0.2554438082364674,0.3494928596508594,0.3551965671043824,0.5037389998857544,0.4584480560386449,0.3548205962701898,0.5117063951521581,0.4886355115446407,0.5348740429592727,0.36763993075702606,0.36827967076582235,0.3011465448046867,1.0,0.2554157711665024,0.29438587284895845,0.30648569518195923,0.2482452091597901,0.5006665096631833,0.0,0.5054371669948778,0.41167489599214147,0.26592894818070456,0.3408632378249933,0.5828948366701965,0.22747116844583393,0.5395608405387955,0.25194529019028156,0.4205380314661471,0.6250878087598303,0.2630431364475969,0.2570255636723747,0.2796968217069905,0.4236128422457799,0.4226735971136112,0.25914574518467115,0.30007301294718103
0.2774022727853248,0.2738991813488205,0.21043622758216163,0.5233827194100356,0.25373826737802374,0.25166546923617694,0.24282412177698398,0.6932160469904631,0.26510983483365447,0.5120878262006026,0.2652814626830985,0.4947810932616169,0.2594583583762262,0.5125809454421575,0.49060690164533827,0.24327140672351133,0.22698899860989452,0.2523057941369745,0.2338161115215971,0.2447470092098657,0.24834832157123354,0.23493262114621638,0.25796011890595416,0.22949594696256093,0.23512816876850806,0.18840646653949278,0.2554157711665024,1.0,0.30061142180183253,0.27122165162512135,0.4769305124527299,0.2560646143019293,0.0,0.2506552743005991,0.2517225434703556,0.40655969505895195,0.23500761132618397,0.26855494118584555,0.39811787508526264,0.25317349715033644,0.4898692212869047,0.2586967895691956,0.25950899537178274,0.7856185802505622,0.7507136195226212,0.2898435275471264,0.256078767087802,0.25637346182693166,0.4562250103468025,0.2960037738125769
0.335930560428474,0.2998413918755187,0.24932800563663926,0.3020084145690607,0.304622646602994,0.29159187694242517,0.28255196229682333,0.3054961128181538,0.3245117678018601,0.3071870801335388,0.3014418539600823,0.30308645616130747,0.2958445996030914,0.3016884515776711,0.29498617204946365,0.284274966628161,0.280872128736117,0.29175928026717846,0.26737615420447447,0.28366607300988755,0.2811499296003356,0.26904491837204814,0.29065379677071024,0.28503394119638614,0.2825818054469933,0.23099113887281542,0.29438587284895845,0.30061142180183253,1.0,0.32095476869249395,0.2887702026312725,0.30210137241714297,0.0,0.28928911071554764,0.28749804299455284,0.30450965689910925,0.27268014726740397,0.2932810671291247,0.26774145324061516,0.29155750755583376,0.29023333554457953,0.29360134774950686,0.2972495188696246,0.3013715918003512,0.30139787811987007,0.4003830688962089,0.2887061280629032,0.2873942378080696,0.2955623616875863,0.6179985133595589
0.3812829740292796,0.3046706067793161,0.2536935056631062,0.2741454448318179,0.3001980488326964,0.28737398802154124,0.29394292518240417,0.2781320204577652,0.4009914787451284,0.28380317599672533,0.31417710775666696,0.2778990558423823,0.3145558276998004,0.2699658875002652,0.2716854053346187,0.29842172070794926,0.2615112582086013,0.30445440155115333,0.27718758917130093,0.29640655051668363,0.29677836008080083,0.2816144496269799,0.29950174186697653,0.26822125493301585,0.2697738819336025,0.21784950088720278,0.30648569518195923,0.27122165162512135,0.32095476869249395,1.0,0.2606355761372171,0.2911846461558969,0.0,0.29434106845477104,0.29316946365305063,0.2771205063936045,0.28304141362753155,0.2964871757619165,0.2436180436599935,0.3114983485094591,0.26739241208720366,0.29967568957949664,0.30864008483178484,0.2772208817205015,0.2732922671466135,0.3251308249317534,0.30285015843542107,0.30286197033143236,0.2693762298375385,0.3349879596693549
0.2580102082108565,0.2535267174225817,0.1987426104311224,0.5013703497693458,0.25354873016757873,0.236799068700699,0.23248718500817,0.4669307225566538,0.2568055782039034,0.5186377968911347,0.2532249968268505,0.456176574269897,0.24649364353245073,0.4974734432739112,0.48725354139656674,0.23439088912474682,0.21471351338103695,0.24395901532624842,0.2201063796238497,0.23418456728132686,0.23350245968404237,0.2227166797496174,0.24393954194372658,0.2196549603763317,0.22333681724769838,0.18032736164827412,0.2482452091597901,0.4769305124527299,0.2887702026312725,0.2606355761372171,1.0,0.24012803722902154,0.0,0.23850946190720168,0.24013049572265577,0.4042450220546524,0.2269360416450753,0.24271875991455338,0.3870069895313607,0.2423566876546588,0.6468344738997058,0.243364308977698,0.2479534648486993,0.4802809675121301,0.47018530642847833,0.2828362965937846,0.2441482854288336,0.24393694954580136,0.4361861776383237,0.2882447208079545
0.29649838441571064,0.4141366644825145,0.21729048239295623,0.26585067022371267,0.4699991557041767,0.4107217072264491,0.3431378908371522,0.26364114041425235,0.28897827398338594,0.2575027185049188,0.4726120233570569,0.25860752650413243,0.5115791309389925,0.25220664252983793,0.25536056154529074,0.3414501190074347,0.4180598333701234,0.46648418134624503,0.46149753047773157,0.3435042973760424,0.4838514537945029,0.47655650562836016,0.5004762044682847,0.4080950793651973,0.42554886561395,0.326374105170687,0.5006665096631833,0.2560646143019293,0.30210137241714297,0.2911846461558969,0.24012803722902154,1.0,0.0,0.48045404067790387,0.40613521562199784,0.25756701226932877,0.33510627265200554,0.4876081341106806,0.23640728138823264,0.4998080594468364,0.24333816895006022,0.41492224100860786,0.5105616622298657,0.2604006693485399,0.2642675433945041,0.2712416307522064,0.42503485382177353,0.4251857246797328,0.24807547968125288,0.28626225954306206
0.0,0.0,0.0,0.0,0.0,0.0,0.0,0.0,0.0,0.0,0.0,0.0,0.0,0.0,0.0,0.0,0.0,0.0,0.0,0.0,0.0,0.0,0.0,0.0,0.0,0.0,0.0,0.0,0.0,0.0,0.0,0.0,1.0,0.0,0.0,0.0,0.0,0.0,0.0,0.0,0.0,0.0,0.0,0.0,0.0,0.0,0.0,0.0,0.0,0.0
0.2982753702930967,0.39935737453865705,0.22059652576500988,0.25418665417484787,0.45370434403834725,0.40267504119046427,0.3516870489173738,0.25800408224023896,0.29207325501295556,0.2517658712414069,0.4815749357088217,0.25397800223258926,0.5383850785404007,0.24890734007692683,0.24950734717642253,0.34848560697982367,0.36877362564872596,0.48372555426821584,0.4384838727910777,0.35221154960650847,0.5029204578180847,0.5897108238286393,0.6399104091389005,0.36518389980375865,0.36534888392727394,0.2985234751404039,0.5054371669948778,0.2506552743005991,0.28928911071554764,0.29434106845477104,0.23850946190720168,0.48045404067790387,0.0,1.0,0.4046430109422241,0.27690357792790743,0.3386272240865058,0.4815264501117468,0.25118115115961503,0.5005910938290586,0.24294524651495475,0.41225025422649686,0.5181288023929769,0.255575164334641,0.2588503494881971,0.26945711043753295,0.4153362435970146,0.4154783636027469,0.24797473534587922,0.2951950776565462
0.3025103807843095,0.5701195591322668,0.2156458185391682,0.2558409356026905,0.4199673203220985,0.5451272428759959,0.3498093382201327,0.2608077047633718,0.2910275397620449,0.2556182838393909,0.42788682415721724,0.2612327002892533,0.4187380843442018,0.25123351846577635,0.2528727038665858,0.35151100733907914,0.4369512550230228,0.418058365723067,0.3798075243099617,0.3515820318181905,0.4025515480768862,0.381772764228991,0.40969205805568853,0.5252638600586357,0.5413053874409943,0.3681067007064802,0.41167489599214147,0.2517225434703556,0.28749804299455284,0.29316946365305063,0.24013049572265577,0.40613521562199784,0.0,0.4046430109422241,1.0,0.2649720397794595,0.3360081825467556,0.3969518490437315,0.23673593105715673,0.4155278440591823,0.24289347165246367,0.47784766848248916,0.4222341675878215,0.2576775263239587,0.2588214931816981,0.27197239894324665,0.4723647919218482,0.47446621805957956,0.25404501514665323,0.2849365755358073
0.2771093042668292,0.264696573724875,0.2136365053674978,0.4224536602929705,0.2629366853170394,0.2649931777395853,0.2615055195837648,0.4138590360707928,0.2795456907597115,0.428858428801028,0.2738057771342379,0.40999647576172227,0.26609598730515593,0.41236487794775634,0.41565879004969963,0.2617257838400602,0.24195959377880927,0.27854693868377367,0.24889110518516855,0.26445476509080634,0.26692184291982923,0.25003127286824234,0.27083880241831926,0.24239763212946241,0.24702128635491227,0.1980144253134184,0.26592894818070456,0.40655969505895195,0.30450965689910925,0.2771205063936045,0.4042450220546524,0.25756701226932877,0.0,0.27690357792790743,0.2649720397794595,1.0,0.2564494497520904,0.2600399714464443,0.3967024481819962,0.2670498431397932,0.412285029693637,0.2677400358312173,0.26752152333667056,0.4170956179885599,0.41538525578573005,0.2933626844713706,0.26507651642808827,0.26469143343465507,0.41108360903332997,0.3115057457536473
0.2840014547271188,0.3343145444451342,0.20895043498386068,0.2415202679598869,0.3278598113614596,0.33101807566067765,0.7975108548280943,0.24046529370377867,0.2742938040940037,0.2436026992232737,0.3427381971708845,0.23985157801794366,0.33968408806855677,0.2336023303954503,0.2343043798077331,0.7456988313543438,0.2957165540668212,0.36199837542395175,0.33100817741069277,0.8130777263685302,0.3613132312531362,0.3402021027479264,0.36985843100632443,0.3070250697906941,0.3177320716780988,0.2591863381830245,0.3408632378249933,0.23500761132618397,0.27268014726740397,0.28304141362753155,0.2269360416450753,0.33510627265200554,0.0,0.3386272240865058,0.3360081825467556,0.2564494497520904,1.0,0.325681726112827,0.21949499323933364,0.33119536836168617,0.2288803334093018,0.33485973905493227,0.34114160934423565,0.23984713179255002,0.23803729987707223,0.2576701071209945,0.3300369729452658,0.3299889793869192,0.23628635317684255,0.2768313028850211
0.3078367249100772,0.42066953699072385,0.21517715781980418,0.2582668573887751,0.46231982136373906,0.4057708208648412,0.3329738772237196,0.27737758133119306,0.2854688764675831,0.26411585648615954,0.4846546411758441,0.2636541254193824,0.5114484611994725,0.2559340140435582,0.25467464870731926,0.3376587874841558,0.3513829554404121,0.4634701090051917,0.4283843807270321,0.33618938855897573,0.47788128596295476,0.4629287021874191,0.4970681443215563,0.35819199552972225,0.37333380307994823,0.3347314919979386,0.5828948366701965,0.26855494118584555,0.2932810671291247,0.2964871757619165,0.24271875991455338,0.4876081341106806,0.0,0.4815264501117468,0.3969518490437315,0.2600399714464443,0.325681726112827,1.0,0.23395866613057592,0.5118856059670738,0.2522092472547628,0.41848160814199953,0.624809317031658,0.2762768073638008,0.2713488900249962,0.2709564468608109,0.4334759933976642,0.43474860493720013,0.26553349938129633,0.29235007248979894
0.2536903005229698,0.2365159574162221,0.18773544974302314,0.409660450573358,0.23170080832451856,0.2481444952598172,0.22911603843674289,0.40738975261505306,0.24212382782705133,0.4192664908653745,0.24163099866637616,0.41193150958268876,0.23467680882066644,0.3986808091576025,0.4033581525461448,0.22550260804120292,0.21550850474670602,0.239007920062691,0.21612269790775795,0.2287235136767325,0.22944857252144402,0.2222727227009177,0.23575116874687607,0.21587954095001494,0.22007100051734962,0.17436133192920167,0.22747116844583393,0.39811787508526264,0.26774145324061516,0.2436180436599935,0.3870069895313607,0.23640728138823264,0.0,0.25118115115961503,0.23673593105715673,0.3967024481819962,0.21949499323933364,0.23395866613057592,1.0,0.2345804414956052,0.39250328963737546,0.24045465569482916,0.23924473921294465,0.40847047822739124,0.4135266167693008,0.25759464595343673,0.23600077968904243,0.23448622560870414,0.3876478740676853,0.26540289564777686
0.30559169273347475,0.41543475446863964,0.2266750203612521,0.2531371165381566,0.4603132971261318,0.39995951058069357,0.3447643168525395,0.26008437826049213,0.29942374322817533,0.2596795533286078,0.5148353439282713,0.2531850282382656,0.5438522647419175,0.2488377885407822,0.250164560819219,0.34529318588697266,0.35805780649599517,0.49458831596153974,0.447703384793255,0.34867877405293557,0.5062380929400325,0.48653958694258526,0.5184640790504513,0.36744187930995054,0.368901256001266,0.30503116484153603,0.5395608405387955,0.25317349715033644,0.29155750755583376,0.3114983485094591,0.2423566876546588,0.4998080594468364,0.0,0.5005910938290586,0.4155278440591823,0.2670498431397932,0.33119536836168617,0.5118856059670738,0.2345804414956052,1.0,0.2457509343609091,0.4252792694048303,0.5448076960876804,0.256947960180663,0.258096001295526,0.28081815066036797,0.44713477091800713,0.44623739365982695,0.254794972481735,0.304879152228442
