../ecoli_genomes/GCF_000163235.1_ASM16323v1_genomic.fna.gz,../ecoli_genomes/GCF_000164555.1_ASM16455v1_genomic.fna.gz,../ecoli_genomes/GCF_000208545.1_ASM20854v2_genomic.fna.gz,../ecoli_genomes/GCF_000233875.1_ASM23387v1_genomic.fna.gz,../ecoli_genomes/GCF_000249735.1_ASM24973v2_genomic.fna.gz,../ecoli_genomes/GCF_000261145.1_Esch_coli_M919_V2_genomic.fna.gz,../ecoli_genomes/GCF_000267705.2_ASM26770v2_genomic.fna.gz,../ecoli_genomes/GCF_000350665.1_Esch_coli_KTE5_V1_genomic.fna.gz,../ecoli_genomes/GCF_000351625.1_Esch_coli_KTE66_V1_genomic.fna.gz,../ecoli_genomes/GCF_000352285.1_Esch_coli_KTE46_V1_genomic.fna.gz,../ecoli_genomes/GCF_000358895.1_ASM35889v1_genomic.fna.gz,../ecoli_genomes/GCF_000456385.1_Esch_coli_HVH_26_4-5703913_V1_genomic.fna.gz,../ecoli_genomes/GCF_000458195.1_Esch_coli_HVH_147_4-5893887_V1_genomic.fna.gz,../ecoli_genomes/GCF_000459755.1_Esch_coli_KOEGE_58_171a_V1_genomic.fna.gz,../ecoli_genomes/GCF_000460055.1_Esch_coli_UMEA_3053-1_V1_genomic.fna.gz,../ecoli_genomes/GCF_000462165.2_ASM46216v2_genomic.fna.gz,../ecoli_genomes/GCF_000601135.1_ASM60113v1_genomic.fna.gz,../ecoli_genomes/GCF_000614595.1_Ec2010EL1058_genomic.fna.gz,../ecoli_genomes/GCF_000617745.1_Ec2010C-4529_genomic.fna.gz,../ecoli_genomes/GCF_000618265.2_EcF6751_genomic.fna.gz,../ecoli_genomes/GCF_000619005.2_Ec2009C-4052_genomic.fna.gz,../ecoli_genomes/GCF_000619105.1_Ec2009C-4780_genomic.fna.gz,../ecoli_genomes/GCF_000619765.2_Ec2009C-3279_genomic.fna.gz,../ecoli_genomes/GCF_000687005.1_ASM68700v1_genomic.fna.gz,../ecoli_genomes/GCF_000687025.1_ASM68702v1_genomic.fna.gz,../ecoli_genomes/GCF_000700125.1_ASM70012v1_genomic.fna.gz,../ecoli_genomes/GCF_000753315.1_FHI35_genomic.fna.gz,../ecoli_genomes/GCF_000776375.1_ASM77637v1_genomic.fna.gz,../ecoli_genomes/GCF_000779395.1_ASM77939v1_genomic.fna.gz,../ecoli_genomes/GCF_000780315.1_ASM78031v1_genomic.fna.gz,../ecoli_genomes/GCF_000781995.1_ASM78199v1_genomic.fna.gz,../ecoli_genomes/GCF_000986765.1_ASM98676v1_genomic.fna.gz,../ecoli_genomes/GCF_001041375.1_ViralProj287958_genomic.fna.gz,../ecoli_genomes/GCF_001265335.1_302014_genomic.fna.gz,../ecoli_genomes/GCF_001265625.1_100854_genomic.fna.gz,../ecoli_genomes/GCF_001267345.1_303289_genomic.fna.gz,../ecoli_genomes/GCF_001309985.1_ASM130998v1_genomic.fna.gz,../ecoli_genomes/GCF_001521695.1_ASM152169v1_genomic.fna.gz,../ecoli_genomes/GCF_001592595.1_ASM159259v1_genomic.fna.gz,../ecoli_genomes/GCF_001614975.1_ASM161497v1_genomic.fna.gz,../ecoli_genomes/GCF_001692775.1_ASM169277v1_genomic.fna.gz,../ecoli_genomes/GCF_001748915.1_ASM174891v1_genomic.fna.gz,../ecoli_genomes/GCF_001749235.1_ASM174923v1_genomic.fna.gz,../ecoli_genomes/GCF_001881155.1_ASM188115v1_genomic.fna.gz,../ecoli_genomes/GCF_001881345.1_ASM188134v1_genomic.fna.gz,../ecoli_genomes/GCF_001892405.1_ASM189240v1_genomic.fna.gz,../ecoli_genomes/GCF_001892585.1_ASM189258v1_genomic.fna.gz,../ecoli_genomes/GCF_001893985.1_ASM189398v1_genomic.fna.gz,../ecoli_genomes/GCF_002001595.1_ASM200159v1_genomic.fna.gz,../ecoli_genomes/GCF_002002145.1_ASM200214v1_genomic.fna.gz
1.0,0.3827449712780242,0.32711673287133014,0.3364550958864736,0.3316078995439662,0.36108809510929785,0.3510411786509564,0.34103368075987495,0.43180092061596087,0.35369117571643727,0.37564741972459603,0.343338231171482,0.3650709262662718,0.32722188893422854,0.31780723279309253,0.35731633526915474,0.3238842565920539,0.3684012560274812,0.3174450106266663,0.3539298709217943,0.35359308819357604,0.3400809699057791,0.3733886420838646,0.308547035483522,0.32741648534271306,0.3443362269713821,0.36439048840822796,0.3340219056742314,0.3936498770681357,0.43800374110240337,0.3104821383554829,0.35363344215839465,0.0,0.36264803998505124,0.36084284886180307,0.3111118768281471,0.3400204582007149,0.3657819658705793,0.2654721210201816,0.36803102327298054,0.31583844562690866,0.3660518720669449,0.37465556872458317,0.3366782459280113,0.342565101882914,0.3669364509419336,0.3620136699191564,0.36336771450859673,0.3245155319418467,0.3971074292605239
0.3827449712780242,1.0,0.3014447766246623,0.33706516349667137,0.4145456963671651,0.5698743513741726,0.39023653494304233,0.33860021552982456,0.35174740677910454,0.35276981508722904,0.4766143435442952,0.3369595088687949,0.4601526648150429,0.327049512264869,0.32154799481814855,0.39746760058557795,0.4675018977869857,0.4636430166869563,0.386262972550241,0.3984080754798298,0.4437029096486571,0.42254819844886893,0.46200333657559167,0.4912420304108712,0.52433287167897,0.506273969315296,0.4586238719998613,0.33423198603449544,0.36226570790030466,0.36375804018166447,0.3138585927543247,0.44550257974173335,0.0,0.44504034564292405,0.5901724280746729,0.30621127638265166,0.3764296064795827,0.46174039713165416,0.24147724973884133,0.4673412794937689,0.32021415349354765,0.5105883086177649,0.47057972626808897,0.3467180616753186,0.34553567935016627,0.3372060584374138,0.5155745232305413,0.5148908995070227,0.34064282467618334,0.3616997395094961
0.32711673287133014,0.3014447766246623,1.0,0.2719528703187766,0.25359270711775295,0.2749286663670151,0.2748492659619477,0.2712226703977594,0.3036366824035166,0.2811829146200304,0.30010721969681164,0.26600775172420243,0.2857003567128553,0.26825099594560053,0.26327268699892936,0.27950483988724595,0.25203680085157676,0.28920094767795335,0.24396995622990136,0.2802044293229654,0.2802500348519239,0.2662228397858073,0.29178406462414674,0.24240718098949032,0.25420661093311925,0.2686965391110052,0.2896393796587676,0.2701212600553574,0.3100083629636713,0.3171842197308038,0.2567187155426821,0.27343442548825625,0.0,0.28315590419038494,0.2816120221547407,0.2578996054666496,0.26483861431394073,0.2846734597778737,0.19955923037107015,0.29410604509005756,0.2650074669645297,0.2861080735107764,0.2978147046724158,0.27536958775376696,0.270880110804676,0.29104726449128704,0.29538280989369425,0.29470362577980436,0.27901695786837133,0.31624422055644275
0.3364550958864736,0.33706516349667137,0.2719528703187766,1.0,0.30902325530177566,0.3225149833538886,0.3042471786381863,0.5392350225622997,0.3337430109111552,0.5637912819252036,0.3303188065572259,0.5403589733416632,0.33055338044973315,0.591961176876493,0.5992180559075786,0.3204885336756744,0.29232325452035957,0.32396377940909693,0.27714479763688027,0.309897889928077,0.3144440702316841,0.2968979250644923,0.3334389889632211,0.28713447858726493,0.3039161009531812,0.31829046683027484,0.32161298809627425,0.5629903459463317,0.3532504516834809,0.33232172967798224,0.5332449866071313,0.32657984650700134,0.0,0.31022187177039695,0.3166470410277511,0.432112006627404,0.3012278485782013,0.31347110663123157,0.37120837016986596,0.31897428069996714,0.5483536287578807,0.31883275508265385,0.3262291369284547,0.5615865813253278,0.5540317674326369,0.347338194966224,0.32279335215720517,0.323272031357809,0.5009020964037054,0.3661364537327103
0.3316078995439662,0.4145456963671651,0.25359270711775295,0.30902325530177566,1.0,0.4208007425773811,0.3417513318503046,0.3131270969151516,0.32910931473926563,0.3221414807190165,0.5037694889583701,0.3008782185283473,0.46951076601629105,0.2943935104573744,0.3078503694635274,0.3705109658509492,0.44274731084284646,0.4238833581755419,0.3699312394647488,0.34775351203271654,0.4296333021410711,0.3993725867465939,0.43443814029418415,0.42635842720161876,0.41083699618348757,0.42640192812393574,0.43450222494755986,0.28741129797836784,0.3380873494444686,0.3279790851499137,0.2940600160038481,0.4625242167992959,0.0,0.4288209597359821,0.4131694360047885,0.26935794406470115,0.34083087629559483,0.45253663538484656,0.28013350922758606,0.45296809592180254,0.3027646119149796,0.41988191892594173,0.4553765216086727,0.2935813686548111,0.298468191057239,0.3036805332637924,0.4271473454033814,0.4290813476036264,0.2889958038026519,0.3220140045931109
0.36108809510929785,0.5698743513741726,0.2749286663670151,0.3225149833538886,0.4208007425773811,1.0,0.3952528460956841,0.33570532135740994,0.3412801162217195,0.3242122907163356,0.4678562767534825,0.3195495985727288,0.4387311146458255,0.3139172775015352,0.30948835670860053,0.4144569699375429,0.47062751813089476,0.4556103203112304,0.390907696500856,0.39354903989077383,0.42724040585143597,0.4461872607712559,0.4469630383118106,0.5081758748239747,0.5401173631750814,0.5140734811869649,0.430865341099427,0.31371800294459284,0.3571821474531799,0.3425684649311046,0.29922301369890847,0.45215981157830054,0.0,0.44454842306241793,0.5643418225248235,0.3014201091320001,0.37689698615355416,0.44634878104267195,0.24792721595316092,0.44521562808270077,0.30355427320152184,0.49779670654094055,0.4487752710409336,0.3247888855059127,0.3234600353393563,0.331982909379711,0.4966031057089315,0.49985858427397944,0.31445679149254135,0.3540143013156589
0.3510411786509564,0.39023653494304233,0.2748492659619477,0.3042471786381863,0.3417513318503046,0.3952528460956841,1.0,0.3033025038893449,0.3360036732570414,0.30716958316522924,0.3975247671825838,0.292323504589482,0.3860053239775044,0.300832559001169,0.29131022583866883,0.7572800855397417,0.3468274662825247,0.43368647348522493,0.37433644571607294,0.845688953540171,0.43293071522628823,0.3945475167158903,0.4349242913620752,0.33546455132663877,0.3510677314710595,0.3724864852840921,0.39979880196000006,0.29990306114776333,0.3359966727068536,0.3435493356206515,0.28198490574004353,0.3860915756705101,0.0,0.39739707232129295,0.39766683334217856,0.3039979728226635,0.8074922542280105,0.3759823713778371,0.2331033233932942,0.3962503233213932,0.28294681002920097,0.3878608056472662,0.40361621986131924,0.30389177492722597,0.30466302870053596,0.3129510171852825,0.3851447670427133,0.3846413025608132,0.29454179634913524,0.3396956393859377
0.34103368075987495,0.33860021552982456,0.2712226703977594,0.5392350225622997,0.3131270969151516,0.33570532135740994,0.3033025038893449,1.0,0.32668300121965765,0.5364104948251904,0.3283945760522837,0.5113663420276737,0.3312206900577127,0.5269389638396661,0.5123707444000067,0.31484681867116304,0.2966834222214756,0.3264406986875079,0.2789613256976431,0.3058270456939801,0.31217284308640825,0.29838067975439597,0.32658858527318746,0.30205846096233857,0.3067147373417547,0.32527319446129244,0.32072821257194695,0.6944737678169968,0.3573947490845423,0.32875210346452466,0.49708456394514045,0.3229773067964625,0.0,0.31675735560365637,0.32137734023473663,0.42376867765400905,0.2933394359299627,0.33422039283027216,0.36080531147456774,0.32497188161393886,0.5076421353698044,0.3231992847027627,0.33092578693725394,0.7039826983643411,0.6815598594856038,0.34160410356370097,0.3238616742828102,0.32498137883254075,0.4867176928340079,0.35851344673605157
0.43180092061596087,0.35174740677910454,0.3036366824035166,0.3337430109111552,0.32910931473926563,0.3412801162217195,0.3360036732570414,0.32668300121965765,1.0,0.3477469239027017,0.35975383613201317,0.31411616052771607,0.360105212390989,0.3230486098348967,0.3245168320627959,0.35071842102027107,0.31473666759799723,0.35280750968962626,0.29462536239142256,0.3438760456982478,0.3408948674799135,0.32325235380612705,0.35460920647426264,0.29982421177095064,0.31434919352322366,0.3404741690424439,0.3548129255472334,0.3145854960574801,0.36854326773995216,0.4477479081371356,0.3147786828555562,0.33951245650738104,0.0,0.33966955420150713,0.3467216715522444,0.3069307083485856,0.33092893940096224,0.33420935420015185,0.242221907882737,0.35577793818700065,0.3176204095435109,0.34851944001403545,0.3643667197975672,0.31804738981472847,0.3148796027089069,0.35389937202998056,0.3479659536590586,0.3483221452720946,0.3175483607134818,0.3822021624395193
0.35369117571643727,0.35276981508722904,0.2811829146200304,0.5637912819252036,0.3221414807190165,0.3242122907163356,0.30716958316522924,0.5364104948251904,0.3477469239027017,1.0,0.3444183026520985,0.5077742333687171,0.34506525388422216,0.54454554156589,0.529478585926838,0.32351001371165444,0.2940124245141684,0.33254960813666423,0.28091627642090344,0.31367472925358353,0.3209913721844524,0.29691923381225827,0.3280233780444325,0.28318862281761614,0.3043268251033887,0.3230429051820283,0.3340430168714218,0.538377374463253,0.36790919226652186,0.3476516117869781,0.5473796782454545,0.3219348521958405,0.0,0.31459641289997187,0.3236517239511899,0.44109716627798234,0.3008618605671447,0.32409545169486786,0.36754472392184845,0.3338103631472079,0.5552624111623297,0.32684126166375815,0.33547684214914875,0.5385367461201382,0.5408038047763937,0.34760125434490885,0.3304433802505895,0.329927573931576,0.5169764584067068,0.3661469224912054
0.37564741972459603,0.4766143435442952,0.30010721969681164,0.3303188065572259,0.5037694889583701,0.4678562767534825,0.3975247671825838,0.3283945760522837,0.35975383613201317,0.3444183026520985,1.0,0.31958415608509205,0.5590479519036955,0.33193608039431466,0.3201157851107186,0.4129613818896162,0.4086521666044345,0.530336209024569,0.4553726100383959,0.4056550456152682,0.5140916120806718,0.5145443514523943,0.5274333714779751,0.40993977484362343,0.4105903557263244,0.46078647913340565,0.5375221958286182,0.32915029024119846,0.3610512722161556,0.36747710415242263,0.314258425726762,0.49271714683349277,0.0,0.5110555904406042,0.4702925681114738,0.3167493295216268,0.3838547394953373,0.516489250531988,0.2430930146877438,0.5594011055403232,0.31840099417693646,0.4838016029886323,0.5437268873177558,0.3308502521517308,0.32892758108360076,0.3420413293452176,0.47986746400041247,0.47782413815913694,0.33113331977286686,0.36751507041763
0.343338231171482,0.3369595088687949,0.26600775172420243,0.5403589733416632,0.3008782185283473,0.3195495985727288,0.292323504589482,0.5113663420276737,0.31411616052771607,0.5077742333687171,0.31958415608509205,1.0,0.3187915664937234,0.5247550853287708,0.617295768380519,0.3034433213014188,0.2879581678065697,0.3093861930164703,0.2697463444382431,0.29554678649043764,0.3054628286771107,0.29062671385316663,0.3147637597617491,0.2920995788632724,0.29571888198702156,0.3106642738936781,0.30968481673344717,0.5077610685438843,0.35502067086927036,0.32433502942427694,0.4673624079524934,0.31186292164306506,0.0,0.3088075479249983,0.3117720964940135,0.4096426125495569,0.2842730949952015,0.31558584187991423,0.3601977417919576,0.31175960690218585,0.4895879474830138,0.3094654972760016,0.319862009659062,0.5176291843505113,0.5168867036210445,0.3354445242622993,0.3160628446611181,0.3172981245325037,0.4641603812128101,0.3497831374247926
0.3650709262662718,0.4601526648150429,0.2857003567128553,0.33055338044973315,0.46951076601629105,0.4387311146458255,0.3860053239775044,0.3312206900577127,0.360105212390989,0.34506525388422216,0.5590479519036955,0.3187915664937234,1.0,0.32067563730382886,0.3271316438353613,0.40403905623610104,0.3995373982760345,0.528165848327665,0.5309162003878143,0.396972778294549,0.5335892218250731,0.5693822017316543,0.5804976255804614,0.39413401541865223,0.3950268905754003,0.4363562489403965,0.5776379389789694,0.3193433576304351,0.35312573314251394,0.36821551503422445,0.3136921985653216,0.5360196628335958,0.0,0.5703569627557699,0.45800701639042796,0.3029735450004273,0.38054872842782095,0.5389859238752985,0.23912854824596907,0.5806962012955643,0.3201390826845808,0.47062459463660555,0.5640744623886623,0.31973853922136053,0.3188703269632057,0.3313101567810144,0.4701352911841916,0.4689778994089798,0.32343867951895044,0.3558665912593314
0.32722188893422854,0.327049512264869,0.26825099594560053,0.591961176876493,0.2943935104573744,0.3139172775015352,0.300832559001169,0.5269389638396661,0.3230486098348967,0.54454554156589,0.33193608039431466,0.5247550853287708,0.32067563730382886,1.0,0.5831494382541713,0.3095638375640042,0.27863160142066923,0.3230996331072685,0.2739186989435861,0.30612469787221785,0.30910487902833583,0.2923845655686519,0.32359699914388584,0.27008200516936975,0.28241533365734883,0.30445280371604955,0.3188070504193914,0.5607524625812097,0.3559840536679528,0.3228118494543172,0.5265686641565112,0.3079207675004759,0.0,0.3044552448531471,0.3131715776393781,0.42892222951459824,0.2927062541414114,0.31249993126510767,0.3586591474943387,0.3168726344562244,0.5372294308325893,0.31471501353426823,0.3225442113349499,0.5528155545963461,0.5455089936451114,0.3444687700662087,0.3180052923361486,0.3180730438427011,0.5019093030017701,0.3598879095316946
0.31780723279309253,0.32154799481814855,0.26327268699892936,0.5992180559075786,0.3078503694635274,0.30948835670860053,0.29131022583866883,0.5123707444000067,0.3245168320627959,0.529478585926838,0.3201157851107186,0.617295768380519,0.3271316438353613,0.5831494382541713,1.0,0.3082824170043412,0.28604344497871603,0.3084528983412326,0.2647244441535027,0.29718094441148046,0.30309353534784644,0.28366028610175875,0.31874991644389816,0.27461994289806246,0.28961957680104555,0.3070825431998009,0.31063648537537536,0.5202767866821221,0.3455325034826062,0.32145219170641104,0.5224345418643983,0.3134475635335092,0.0,0.30086488193688044,0.3085584666169353,0.4151043580098157,0.29058232729423805,0.30727613934890197,0.35727791080784943,0.31026980917400415,0.537483227329165,0.30796985464075766,0.31846554154567375,0.5216897347439728,0.5174720099438985,0.3386798770529078,0.3196614053687704,0.3192808927157301,0.47898009792818064,0.36000458214917364
0.35731633526915474,0.39746760058557795,0.27950483988724595,0.3204885336756744,0.3705109658509492,0.4144569699375429,0.7572800855397417,0.31484681867116304,0.35071842102027107,0.32351001371165444,0.4129613818896162,0.3034433213014188,0.40403905623610104,0.3095638375640042,0.3082824170043412,1.0,0.3611691732803336,0.4228211992981077,0.37231228524116045,0.7676039749455916,0.41414513712388956,0.41046797069906293,0.42739415620276733,0.3535727965019343,0.37039845444464214,0.40535944082011266,0.3972534701036827,0.3050295166119278,0.3415595580264299,0.35720180989391703,0.2965861007269456,0.3984178331000753,0.0,0.3983250355523805,0.3986049977210232,0.303331675621062,0.7441075838737823,0.38578556691056154,0.22738474949820253,0.39835710674213876,0.29970792464489215,0.39285769856941766,0.4069253218205354,0.3060506841851839,0.3065388161488213,0.3188341812240727,0.38995677818969054,0.3897241932763602,0.3024394377118913,0.34322031431842126
0.3238842565920539,0.4675018977869857,0.25203680085157676,0.29232325452035957,0.44274731084284646,0.47062751813089476,0.3468274662825247,0.2966834222214756,0.31473666759799723,0.2940124245141684,0.4086521666044345,0.2879581678065697,0.3995373982760345,0.27863160142066923,0.28604344497871603,0.3611691732803336,1.0,0.39639765215187506,0.33729008728682397,0.34854969471251995,0.38749611626846314,0.3790481491149408,0.4058426226735494,0.5574533610663874,0.5103463875500502,0.49516335502812214,0.3910633559609765,0.28050618461087695,0.34479338306662044,0.3117615103676553,0.2708006254477815,0.46418752434107013,0.0,0.407076986399036,0.4698395351185449,0.26844859055563397,0.34016482249919533,0.3887941722483922,0.22152392322257353,0.3949946671534028,0.2705713038878992,0.44269771674287417,0.40448863411142066,0.29205013031109994,0.2979815219453127,0.2976007452137752,0.4513412113965558,0.45428158731346246,0.274321253184305,0.3189737091139542
0.3684012560274812,0.4636430166869563,0.28920094767795335,0.32396377940909693,0.4238833581755419,0.4556103203112304,0.43368647348522493,0.3264406986875079,0.35280750968962626,0.33254960813666423,0.530336209024569,0.3093861930164703,0.528165848327665,0.3230996331072685,0.3084528983412326,0.4228211992981077,0.39639765215187506,1.0,0.4803414665598359,0.4382037729441859,0.5602069509481971,0.5188744769123594,0.574453876558872,0.3866074909602141,0.3961580863517451,0.4345019165977505,0.5351293332818872,0.32163270281932843,0.3550526783366559,0.36386001432074977,0.3054912091466846,0.4905389206622238,0.0,0.5145648232811428,0.4663906926912622,0.32597713584029264,0.41772056520223766,0.4896260708072572,0.2453827513198369,0.5353248095797993,0.3053390747597129,0.4689690681328813,0.5327937418416357,0.32313642888314864,0.32159775774145605,0.33256705301416445,0.4687001852178072,0.4678956256426533,0.31746748249008117,0.360317389769957
0.3174450106266663,0.386262972550241,0.24396995622990136,0.27714479763688027,0.3699312394647488,0.390907696500856,0.37433644571607294,0.2789613256976431,0.29462536239142256,0.28091627642090344,0.4553726100383959,0.2697463444382431,0.5309162003878143,0.2739186989435861,0.2647244441535027,0.37231228524116045,0.33729008728682397,0.4803414665598359,1.0,0.3643417575649167,0.4694398341890259,0.5412391049543632,0.47461198264548476,0.3310533838198868,0.34528082350650124,0.3683851496961891,0.48254682682259264,0.27436109120896324,0.30394154086628133,0.3051332688094778,0.25842968724927495,0.4866637222184622,0.0,0.47633736581780095,0.3898385547029376,0.27310195605709164,0.3597045729236181,0.4612084221951306,0.2103521114696485,0.4762124526227145,0.26262340100069315,0.3914906494544891,0.45475845836174467,0.27910190983844707,0.2784509472585166,0.2830507208528975,0.38626668926463636,0.3866615483318495,0.26978834442269095,0.30161945471534013
0.3539298709217943,0.3984080754798298,0.2802044293229654,0.309897889928077,0.34775351203271654,0.39354903989077383,0.845688953540171,0.3058270456939801,0.3438760456982478,0.31367472925358353,0.4056550456152682,0.29554678649043764,0.396972778294549,0.30612469787221785,0.29718094441148046,0.7676039749455916,0.34854969471251995,0.4382037729441859,0.3643417575649167,1.0,0.4358347577562225,0.39523780542431974,0.4387515102948948,0.3361402351629943,0.3521097792629786,0.3752608679024235,0.40752279196515273,0.3045299482954563,0.33839189894320354,0.3524754884302921,0.28824770482869577,0.38535842905471185,0.0,0.39979135652128217,0.40351186103179226,0.3066527175461701,0.8021766226291119,0.3818565604654224,0.2326678413547344,0.4076036753099067,0.2884728404214506,0.398021594418277,0.4123596864210457,0.3055491562789797,0.3059224827434066,0.3209153545661888,0.39400117918797073,0.3934866747898331,0.3015158778155749,0.3479342384787646
0.35359308819357604,0.4437029096486571,0.2802500348519239,0.3144440702316841,0.4296333021410711,0.42724040585143597,0.43293071522628823,0.31217284308640825,0.3408948674799135,0.3209913721844524,0.5140916120806718,0.3054628286771107,0.5335892218250731,0.30910487902833583,0.30309353534784644,0.41414513712388956,0.38749611626846314,0.5602069509481971,0.4694398341890259,0.4358347577562225,1.0,0.5074853722421686,0.5699001736064746,0.3747106849866674,0.3819411321422269,0.4270654975021626,0.5376048105764688,0.31074094009657394,0.34272529648090844,0.35350412437003154,0.2960480468797301,0.5007268981500096,0.0,0.5269281953606706,0.4487779482165616,0.31100694639530446,0.41330233025075236,0.4946949475207618,0.2372852130748282,0.5427275828904284,0.3010877971934225,0.4452394207719701,0.5336939354471916,0.31355131963869887,0.3134682736886675,0.3312997505701215,0.4623651303521734,0.4617383500577733,0.3095328396147813,0.3512955221915214
0.3400809699057791,0.42254819844886893,0.2662228397858073,0.2968979250644923,0.3993725867465939,0.4461872607712559,0.3945475167158903,0.29838067975439597,0.32325235380612705,0.29691923381225827,0.5145443514523943,0.29062671385316663,0.5693822017316543,0.2923845655686519,0.28366028610175875,0.41046797069906293,0.3790481491149408,0.5188744769123594,0.5412391049543632,0.39523780542431974,0.5074853722421686,1.0,0.6666612676030523,0.3707696051685685,0.3892947357926756,0.4321779456028523,0.521733130769914,0.2935332025729701,0.3224537806163018,0.3285433637418059,0.276001079296316,0.511705186611064,0.0,0.6205917506462661,0.4264364957964326,0.2875486184081998,0.37606935520868034,0.5066319525440397,0.22220567565304206,0.5229723322319104,0.27586557092673936,0.42674527039454413,0.5136651434440227,0.30156541224715383,0.2966149487539842,0.3079954673620573,0.4241407737322528,0.42414874224332344,0.29180973456272497,0.32991906913417546
0.3733886420838646,0.46200333657559167,0.29178406462414674,0.3334389889632211,0.43443814029418415,0.4469630383118106,0.4349242913620752,0.32658858527318746,0.35460920647426264,0.3280233780444325,0.5274333714779751,0.3147637597617491,0.5804976255804614,0.32359699914388584,0.31874991644389816,0.42739415620276733,0.4058426226735494,0.574453876558872,0.47461198264548476,0.4387515102948948,0.5699001736064746,0.6666612676030523,1.0,0.38319979917279845,0.39953557396568895,0.42889460946927993,0.56008162186062,0.32665733495944327,0.3568322445993851,0.36023334328447565,0.31032290641316096,0.5218551202160959,0.0,0.6442879192475517,0.46260255571298714,0.3186301100643263,0.41954820420209826,0.5178135881840131,0.24536561621616215,0.5518570410567316,0.309123630979691,0.46483663173925616,0.5587691007125029,0.32679531073616164,0.32597760661912667,0.3360688757049405,0.4652162275824684,0.4649162765786087,0.3197381326173684,0.36191619185122803
0.308547035483522,0.4912420304108712,0.24240718098949032,0.28713447858726493,0.42635842720161876,0.5081758748239747,0.33546455132663877,0.30205846096233857,0.29982421177095064,0.28318862281761614,0.40993977484362343,0.2920995788632724,0.39413401541865223,0.27008200516936975,0.27461994289806246,0.3535727965019343,0.5574533610663874,0.3866074909602141,0.3310533838198868,0.3361402351629943,0.3747106849866674,0.3707696051685685,0.38319979917279845,1.0,0.5495404763647548,0.4758805179936787,0.37670744422914204,0.2703627439097782,0.32767184747120226,0.30238633949110605,0.2629472552473915,0.4315991006549931,0.0,0.38430521458398903,0.5064583773771096,0.2573735095620875,0.32598185401518087,0.3761205121481337,0.20086105208562077,0.37921251445719795,0.2684260741140093,0.4322943161664514,0.38282886832380525,0.28687043022202663,0.2891185450046393,0.28642615014133954,0.42225310008684014,0.4263678663910335,0.26447074084568967,0.3035292919858321
0.32741648534271306,0.52433287167897,0.25420661093311925,0.3039161009531812,0.41083699618348757,0.5401173631750814,0.3510677314710595,0.3067147373417547,0.31434919352322366,0.3043268251033887,0.4105903557263244,0.29571888198702156,0.3950268905754003,0.28241533365734883,0.28961957680104555,0.37039845444464214,0.5103463875500502,0.3961580863517451,0.34528082350650124,0.3521097792629786,0.3819411321422269,0.3892947357926756,0.39953557396568895,0.5495404763647548,1.0,0.5240916600365357,0.38571645999177184,0.28176746133613373,0.32313476795517804,0.30716619236522924,0.27802797544843116,0.4622946902083659,0.0,0.38942209192124755,0.5238657333171264,0.2687323750950765,0.3505307791274429,0.38956315387686324,0.2194824688743463,0.38867448462694554,0.27759902700489214,0.4393110275940827,0.4009929718588653,0.30854586883141466,0.30693250867381805,0.3000285239831797,0.435641619241551,0.44037428340867224,0.2873671608351127,0.31055454169678687
0.3443362269713821,0.506273969315296,0.2686965391110052,0.31829046683027484,0.42640192812393574,0.5140734811869649,0.3724864852840921,0.32527319446129244,0.3404741690424439,0.3230429051820283,0.46078647913340565,0.3106642738936781,0.4363562489403965,0.30445280371604955,0.3070825431998009,0.40535944082011266,0.49516335502812214,0.4345019165977505,0.3683851496961891,0.3752608679024235,0.4270654975021626,0.4321779456028523,0.42889460946927993,0.4758805179936787,0.5240916600365357,1.0,0.42574183022001244,0.3000192227482774,0.3319102682903585,0.33736113486280683,0.29608708207231094,0.45104681472452257,0.0,0.4113862974437903,0.4990832184277758,0.29012185653564415,0.3651482123573866,0.42936494471695763,0.22667536738382887,0.43579330615182377,0.2975474341676154,0.48072739695173805,0.4325841095029753,0.32271399859381866,0.31984808484826666,0.31335913175634533,0.48359978492798794,0.4866102165328353,0.30866362935022307,0.3344320094450156
0.36439048840822796,0.4586238719998613,0.2896393796587676,0.32161298809627425,0.43450222494755986,0.430865341099427,0.39979880196000006,0.32072821257194695,0.3548129255472334,0.3340430168714218,0.5375221958286182,0.30968481673344717,0.5776379389789694,0.3188070504193914,0.31063648537537536,0.3972534701036827,0.3910633559609765,0.5351293332818872,0.48254682682259264,0.40752279196515273,0.5376048105764688,0.521733130769914,0.56008162186062,0.37670744422914204,0.38571645999177184,0.42574183022001244,1.0,0.31821541251363095,0.35291689571218765,0.3595528250065845,0.3063163340847762,0.5145741287205772,0.0,0.5405043438440215,0.45193607375560774,0.30802455876621315,0.3852013692703672,0.598817078622037,0.2345513061821275,0.5809506478551718,0.30894734627271214,0.458490847565338,0.6336785010099457,0.3249775434887856,0.317685385083767,0.33528063674651987,0.45925358778815306,0.45915159449522414,0.32033970384160304,0.35846815396461273
0.3340219056742314,0.33423198603449544,0.2701212600553574,0.5629903459463317,0.28741129797836784,0.31371800294459284,0.29990306114776333,0.6944737678169968,0.3145854960574801,0.538377374463253,0.32915029024119846,0.5077610685438843,0.3193433576304351,0.5607524625812097,0.5202767866821221,0.3050295166119278,0.28050618461087695,0.32163270281932843,0.27436109120896324,0.3045299482954563,0.31074094009657394,0.2935332025729701,0.32665733495944327,0.2703627439097782,0.28176746133613373,0.3000192227482774,0.31821541251363095,1.0,0.3555528611404949,0.32378854678708935,0.5039598312134623,0.31205331288109517,0.0,0.30882470432193077,0.31553894699970975,0.42604032399069647,0.2900446049996991,0.323473989411141,0.3619492417718716,0.3206341069012195,0.5140992884701858,0.3159911465896966,0.3222059947950232,0.793780418406251,0.7581287318596679,0.33945862123470527,0.32049805570426415,0.32012902283912237,0.5024178836227322,0.3527378215740097
0.3936498770681357,0.36226570790030466,0.3100083629636713,0.3532504516834809,0.3380873494444686,0.3571821474531799,0.3359966727068536,0.3573947490845423,0.36854326773995216,0.36790919226652186,0.3610512722161556,0.35502067086927036,0.35312573314251394,0.3559840536679528,0.3455325034826062,0.3415595580264299,0.34479338306662044,0.3550526783366559,0.30394154086628133,0.33839189894320354,0.34272529648090844,0.3224537806163018,0.3568322445993851,0.32767184747120226,0.32313476795517804,0.3319102682903585,0.35291689571218765,0.3555528611404949,1.0,0.37397802390411206,0.33881837399881365,0.35019952156587375,0.0,0.34958716007164625,0.34931368308492394,0.33282491222216604,0.3254761751827425,0.35009664865891144,0.2609783456371132,0.35277124917705627,0.3363969333358865,0.35012239667933986,0.35828136392009846,0.35108383427110723,0.3522187601845329,0.4215975824612279,0.3507044730344513,0.35052517281979056,0.3464759611087299,0.6229064122383243
0.43800374110240337,0.36375804018166447,0.3171842197308038,0.33232172967798224,0.3279790851499137,0.3425684649311046,0.3435493356206515,0.32875210346452466,0.4477479081371356,0.3476516117869781,0.36747710415242263,0.32433502942427694,0.36821551503422445,0.3228118494543172,0.32145219170641104,0.35720180989391703,0.3117615103676553,0.36386001432074977,0.3051332688094778,0.3524754884302921,0.35350412437003154,0.3285433637418059,0.36023334328447565,0.30238633949110605,0.30716619236522924,0.33736113486280683,0.3595528250065845,0.32378854678708935,0.37397802390411206,1.0,0.31627729261074955,0.33568628080608887,0.0,0.34398627348736155,0.3507938502353455,0.31073357517825273,0.3343789375239111,0.3433238024866859,0.26090307485186326,0.37092173696544983,0.32236124985161185,0.3569825571918118,0.3670074271185575,0.3241969968975106,0.3212409917301873,0.37350559980981257,0.36338621983942065,0.36315157366545237,0.3234931588122719,0.3905706442995236
0.3104821383554829,0.3138585927543247,0.2567187155426821,0.5332449866071313,0.2940600160038481,0.29922301369890847,0.28198490574004353,0.49708456394514045,0.3147786828555562,0.5473796782454545,0.314258425726762,0.4673624079524934,0.3136921985653216,0.5265686641565112,0.5224345418643983,0.2965861007269456,0.2708006254477815,0.3054912091466846,0.25842968724927495,0.28824770482869577,0.2960480468797301,0.276001079296316,0.31032290641316096,0.2629472552473915,0.27802797544843116,0.29608708207231094,0.3063163340847762,0.5039598312134623,0.33881837399881365,0.31627729261074955,1.0,0.2990602390584711,0.0,0.2922573989295544,0.29820317915465966,0.41083306722112656,0.27936629177876804,0.2972486866038869,0.33901235700037946,0.3068923861658771,0.6549397215887673,0.3005915075548665,0.3089384709390389,0.5016919469590142,0.4941830532631958,0.3234620390293611,0.3062328300968665,0.3053606275459213,0.4711753424671048,0.33709219613028696
0.35363344215839465,0.44550257974173335,0.27343442548825625,0.32657984650700134,0.4625242167992959,0.45215981157830054,0.3860915756705101,0.3229773067964625,0.33951245650738104,0.3219348521958405,0.49271714683349277,0.31186292164306506,0.5360196628335958,0.3079207675004759,0.3134475635335092,0.3984178331000753,0.46418752434107013,0.4905389206622238,0.4866637222184622,0.38535842905471185,0.5007268981500096,0.511705186611064,0.5218551202160959,0.4315991006549931,0.4622946902083659,0.45104681472452257,0.5145741287205772,0.31205331288109517,0.35019952156587375,0.33568628080608887,0.2990602390584711,1.0,0.0,0.512941914823617,0.43301526661889245,0.2879465440661866,0.38045283481048453,0.5156302415798031,0.2368145250367828,0.5290494676697524,0.29786940576438303,0.44346492231147916,0.5212736897315147,0.3166208751322074,0.32311068912217844,0.3170518555623292,0.44643356291886116,0.4497741540509781,0.29804951095545773,0.33490440823117673
0.0,0.0,0.0,0.0,0.0,0.0,0.0,0.0,0.0,0.0,0.0,0.0,0.0,0.0,0.0,0.0,0.0,0.0,0.0,0.0,0.0,0.0,0.0,0.0,0.0,0.0,0.0,0.0,0.0,0.0,0.0,0.0,1.0,0.0,0.0,0.0,0.0,0.0,0.0,0.0,0.0,0.0,0.0,0.0,0.0,0.0,0.0,0.0,0.0,0.0
0.36264803998505124,0.44504034564292405,0.28315590419038494,0.31022187177039695,0.4288209597359821,0.44454842306241793,0.39739707232129295,0.31675735560365637,0.33966955420150713,0.31459641289997187,0.5110555904406042,0.3088075479249983,0.5703569627557699,0.3044552448531471,0.30086488193688044,0.3983250355523805,0.407076986399036,0.5145648232811428,0.47633736581780095,0.39979135652128217,0.5269281953606706,0.6205917506462661,0.6442879192475517,0.38430521458398903,0.38942209192124755,0.4113862974437903,0.5405043438440215,0.30882470432193077,0.34958716007164625,0.34398627348736155,0.2922573989295544,0.512941914823617,0.0,1.0,0.4482508055784764,0.31126416034596605,0.38158820061871845,0.5147747484005689,0.24138566827808938,0.5398197593599228,0.2926154005351561,0.4464051907995049,0.5410831211533935,0.3114597951223701,0.3140652362292925,0.321588080003971,0.4491620599351951,0.45014750538614445,0.3058514927035887,0.34988876667534463
0.36084284886180307,0.5901724280746729,0.2816120221547407,0.3166470410277511,0.4131694360047885,0.5643418225248235,0.39766683334217856,0.32137734023473663,0.3467216715522444,0.3236517239511899,0.4702925681114738,0.3117720964940135,0.45800701639042796,0.3131715776393781,0.3085584666169353,0.3986049977210232,0.4698395351185449,0.4663906926912622,0.3898385547029376,0.40351186103179226,0.4487779482165616,0.4264364957964326,0.46260255571298714,0.5064583773771096,0.5238657333171264,0.4990832184277758,0.45193607375560774,0.31553894699970975,0.34931368308492394,0.3507938502353455,0.29820317915465966,0.43301526661889245,0.0,0.4482508055784764,1.0,0.30440181324308135,0.3792535094185887,0.43462746202499514,0.23548833871217856,0.4607259847414511,0.30015317871376956,0.5172651029835025,0.46617660451683796,0.3168786516602572,0.32050804411960476,0.32554334115015615,0.5036332488451669,0.5031956141724054,0.31146388014477633,0.3463551530532516
0.3111118768281471,0.30621127638265166,0.2578996054666496,0.432112006627404,0.26935794406470115,0.3014201091320001,0.3039979728226635,0.42376867765400905,0.3069307083485856,0.44109716627798234,0.3167493295216268,0.4096426125495569,0.3029735450004273,0.42892222951459824,0.4151043580098157,0.303331675621062,0.26844859055563397,0.32597713584029264,0.27310195605709164,0.3066527175461701,0.31100694639530446,0.2875486184081998,0.3186301100643263,0.2573735095620875,0.2687323750950765,0.29012185653564415,0.30802455876621315,0.42604032399069647,0.33282491222216604,0.31073357517825273,0.41083306722112656,0.2879465440661866,0.0,0.31126416034596605,0.30440181324308135,1.0,0.2942652373347221,0.29424652335620305,0.3511164460190229,0.30928502748706443,0.4148680235066552,0.30045205771374295,0.30653598261479387,0.4296558996500941,0.43124339249957744,0.31638701297335514,0.30171392739114067,0.30059620810116916,0.4357131698448793,0.3379855567079202
0.3400204582007149,0.3764296064795827,0.26483861431394073,0.3012278485782013,0.34083087629559483,0.37689698615355416,0.8074922542280105,0.2933394359299627,0.33092893940096224,0.3008618605671447,0.3838547394953373,0.2842730949952015,0.38054872842782095,0.2927062541414114,0.29058232729423805,0.7441075838737823,0.34016482249919533,0.41772056520223766,0.3597045729236181,0.8021766226291119,0.41330233025075236,0.37606935520868034,0.41954820420209826,0.32598185401518087,0.3505307791274429,0.3651482123573866,0.3852013692703672,0.2900446049996991,0.3254761751827425,0.3343789375239111,0.27936629177876804,0.38045283481048453,0.0,0.38158820061871845,0.3792535094185887,0.2942652373347221,1.0,0.36186375187759645,0.22243031685600956,0.37766100139642256,0.2782911275136566,0.37570369062191433,0.39199663643841387,0.29026937566626565,0.2908652902709613,0.30235467810614514,0.3703574993401689,0.37013863473017095,0.2840756997485484,0.3292181044620536
0.3657819658705793,0.46174039713165416,0.2846734597778737,0.31347110663123157,0.45253663538484656,0.44634878104267195,0.3759823713778371,0.33422039283027216,0.33420935420015185,0.32409545169486786,0.516489250531988,0.31558584187991423,0.5389859238752985,0.31249993126510767,0.30727613934890197,0.38578556691056154,0.3887941722483922,0.4896260708072572,0.4612084221951306,0.3818565604654224,0.4946949475207618,0.5066319525440397,0.5178135881840131,0.3761205121481337,0.38956315387686324,0.42936494471695763,0.598817078622037,0.323473989411141,0.35009664865891144,0.3433238024866859,0.2972486866038869,0.5156302415798031,0.0,0.5147747484005689,0.43462746202499514,0.29424652335620305,0.36186375187759645,1.0,0.24420440118218323,0.5537129687011819,0.30261597287543707,0.4472172535451079,0.6233057134414848,0.33079126897048483,0.3234250616112294,0.3269595190295306,0.45744227514678826,0.4581937858806565,0.3231842696676207,0.34531815089429285
0.2654721210201816,0.24147724973884133,0.19955923037107015,0.37120837016986596,0.28013350922758606,0.24792721595316092,0.2331033233932942,0.36080531147456774,0.242221907882737,0.36754472392184845,0.2430930146877438,0.3601977417919576,0.23912854824596907,0.3586591474943387,0.35727791080784943,0.22738474949820253,0.22152392322257353,0.2453827513198369,0.2103521114696485,0.2326678413547344,0.2372852130748282,0.22220567565304206,0.24536561621616215,0.20086105208562077,0.2194824688743463,0.22667536738382887,0.2345513061821275,0.3619492417718716,0.2609783456371132,0.26090307485186326,0.33901235700037946,0.2368145250367828,0.0,0.24138566827808938,0.23548833871217856,0.3511164460190229,0.22243031685600956,0.24420440118218323,1.0,0.23733564287665787,0.3402349128994282,0.24166581828225964,0.24232458958615,0.3658397606481675,0.3697008304950119,0.2531761819702545,0.24319140519347826,0.24251065544813155,0.3478414871299236,0.27009190595863364
0.36803102327298054,0.4673412794937689,0.29410604509005756,0.31897428069996714,0.45296809592180254,0.44521562808270077,0.3962503233213932,0.32497188161393886,0.35577793818700065,0.3338103631472079,0.5594011055403232,0.31175960690218585,0.5806962012955643,0.3168726344562244,0.31026980917400415,0.39835710674213876,0.3949946671534028,0.5353248095797993,0.4762124526227145,0.4076036753099067,0.5427275828904284,0.5229723322319104,0.5518570410567316,0.37921251445719795,0.38867448462694554,0.43579330615182377,0.5809506478551718,0.3206341069012195,0.35277124917705627,0.37092173696544983,0.3068923861658771,0.5290494676697524,0.0,0.5398197593599228,0.4607259847414511,0.30928502748706443,0.37766100139642256,0.5537129687011819,0.23733564287665787,1.0,0.3078056380187215,0.4658373166840779,0.5779838975998071,0.323256445322592,0.3228527488246662,0.34305531869636974,0.48602419354921966,0.4863589544913154,0.3216201591926209,0.36689938798937494
