../ecoli_genomes/GCF_000163235.1_ASM16323v1_genomic.fna.gz,../ecoli_genomes/GCF_000164555.1_ASM16455v1_genomic.fna.gz,../ecoli_genomes/GCF_000208545.1_ASM20854v2_genomic.fna.gz,../ecoli_genomes/GCF_000233875.1_ASM23387v1_genomic.fna.gz,../ecoli_genomes/GCF_000249735.1_ASM24973v2_genomic.fna.gz,../ecoli_genomes/GCF_000261145.1_Esch_coli_M919_V2_genomic.fna.gz,../ecoli_genomes/GCF_000267705.2_ASM26770v2_genomic.fna.gz,../ecoli_genomes/GCF_000350665.1_Esch_coli_KTE5_V1_genomic.fna.gz,../ecoli_genomes/GCF_000351625.1_Esch_coli_KTE66_V1_genomic.fna.gz,../ecoli_genomes/GCF_000352285.1_Esch_coli_KTE46_V1_genomic.fna.gz,../ecoli_genomes/GCF_000358895.1_ASM35889v1_genomic.fna.gz,../ecoli_genomes/GCF_000456385.1_Esch_coli_HVH_26_4-5703913_V1_genomic.fna.gz,../ecoli_genomes/GCF_000458195.1_Esch_coli_HVH_147_4-5893887_V1_genomic.fna.gz,../ecoli_genomes/GCF_000459755.1_Esch_coli_KOEGE_58_171a_V1_genomic.fna.gz,../ecoli_genomes/GCF_000460055.1_Esch_coli_UMEA_3053-1_V1_genomic.fna.gz,../ecoli_genomes/GCF_000462165.2_ASM46216v2_genomic.fna.gz,../ecoli_genomes/GCF_000601135.1_ASM60113v1_genomic.fna.gz,../ecoli_genomes/GCF_000614595.1_Ec2010EL1058_genomic.fna.gz,../ecoli_genomes/GCF_000617745.1_Ec2010C-4529_genomic.fna.gz,../ecoli_genomes/GCF_000618265.2_EcF6751_genomic.fna.gz,../ecoli_genomes/GCF_000619005.2_Ec2009C-4052_genomic.fna.gz,../ecoli_genomes/GCF_000619105.1_Ec2009C-4780_genomic.fna.gz,../ecoli_genomes/GCF_000619765.2_Ec2009C-3279_genomic.fna.gz,../ecoli_genomes/GCF_000687005.1_ASM68700v1_genomic.fna.gz,../ecoli_genomes/GCF_000687025.1_ASM68702v1_genomic.fna.gz,../ecoli_genomes/GCF_000700125.1_ASM70012v1_genomic.fna.gz,../ecoli_genomes/GCF_000753315.1_FHI35_genomic.fna.gz,../ecoli_genomes/GCF_000776375.1_ASM77637v1_genomic.fna.gz,../ecoli_genomes/GCF_000779395.1_ASM77939v1_genomic.fna.gz,../ecoli_genomes/GCF_000780315.1_ASM78031v1_genomic.fna.gz,../ecoli_genomes/GCF_000781995.1_ASM78199v1_genomic.fna.gz,../ecoli_genomes/GCF_000986765.1_ASM98676v1_genomic.fna.gz,../ecoli_genomes/GCF_001041375.1_ViralProj287958_genomic.fna.gz,../ecoli_genomes/GCF_001265335.1_302014_genomic.fna.gz,../ecoli_genomes/GCF_001265625.1_100854_genomic.fna.gz,../ecoli_genomes/GCF_001267345.1_303289_genomic.fna.gz,../ecoli_genomes/GCF_001309985.1_ASM130998v1_genomic.fna.gz,../ecoli_genomes/GCF_001521695.1_ASM152169v1_genomic.fna.gz,../ecoli_genomes/GCF_001592595.1_ASM159259v1_genomic.fna.gz,../ecoli_genomes/GCF_001614975.1_ASM161497v1_genomic.fna.gz,../ecoli_genomes/GCF_001692775.1_ASM169277v1_genomic.fna.gz,../ecoli_genomes/GCF_001748915.1_ASM174891v1_genomic.fna.gz,../ecoli_genomes/GCF_001749235.1_ASM174923v1_genomic.fna.gz,../ecoli_genomes/GCF_001881155.1_ASM188115v1_genomic.fna.gz,../ecoli_genomes/GCF_001881345.1_ASM188134v1_genomic.fna.gz,../ecoli_genomes/GCF_001892405.1_ASM189240v1_genomic.fna.gz,../ecoli_genomes/GCF_001892585.1_ASM189258v1_genomic.fna.gz,../ecoli_genomes/GCF_001893985.1_ASM189398v1_genomic.fna.gz,../ecoli_genomes/GCF_002001595.1_ASM200159v1_genomic.fna.gz,../ecoli_genomes/GCF_002002145.1_ASM200214v1_genomic.fna.gz
1.0,0.3898443878525696,0.31916531998881204,0.3469287939829595,0.369218147603528,0.3733323327165734,0.36367112459364037,0.3518064720414178,0.4439603137743232,0.35836442102775035,0.39602820569452635,0.36140020689769403,0.37573106706690207,0.3420984223908782,0.329342190127911,0.366286357473964,0.3274111333237367,0.3735291198170957,0.32704113630372955,0.3660137800278983,0.36312235250926905,0.3522355867885816,0.3865119815354917,0.3643165541449995,0.33223269041796766,0.3069515561938936,0.37392351248440214,0.34379773132824987,0.40780403061378856,0.440301342634997,0.3218658299822994,0.37505471217312003,0.0,0.37919779914463847,0.37469886501337824,0.34261996881160484,0.3535805574235108,0.3829972753025357,0.2642025228780328,0.38623148942936825,0.32375890463717827,0.37610300340770686,0.3808798722599067,0.3481254247923975,0.35774866768595637,0.37776837140751585,0.37749707659681353,0.3784902658497087,0.33589647929529454,0.40509567917571
0.3898443878525696,1.0,0.3018534338595469,0.33716991998160617,0.44614250814662604,0.5618161644812316,0.39668005104687953,0.3432033877229599,0.36867246853294855,0.35013990072855616,0.47838654527556845,0.3464785551129693,0.458075883703006,0.33266251384393664,0.32542226128234264,0.39431177481760893,0.4118269802876594,0.46335588015648665,0.39418339628031407,0.40455299562948166,0.4482451157441759,0.42483731386131274,0.4664745034316329,0.5383227159073869,0.46714508560534485,0.4131183748754985,0.4629847388513275,0.3391413495134237,0.3748260849278483,0.37500638603427516,0.31991021213562776,0.4420109054364333,0.0,0.45009922529833535,0.5722351469217286,0.33379602697394994,0.37517310712044505,0.46542753954273597,0.2083768393323937,0.46040264779912177,0.324572131983799,0.5073700356078072,0.47260390374933914,0.35169818920494655,0.34844636801020346,0.35103019095476196,0.5059664819991281,0.5076073065389642,0.3432945061984346,0.37205228045885586
0.31916531998881204,0.3018534338595469,1.0,0.2674358663556352,0.2757841476227718,0.28518677588194763,0.2797983139254655,0.27431344171773964,0.303522674823143,0.27445700910595905,0.3062632377253707,0.2680271317473325,0.28857205671206665,0.27322195208306743,0.26238012731831106,0.28020219759480114,0.23008423559963054,0.2926349425935191,0.2499498514499755,0.286656890474683,0.28763983746029953,0.2712666658786106,0.29578028077656293,0.2698544510650297,0.2368317559389902,0.23052137276733387,0.2950958010975989,0.27551399144820776,0.30713495650992717,0.3119268022998444,0.2541290273700939,0.27981562449167807,0.0,0.2889236742996124,0.28121912189694176,0.27817807622213986,0.26684859052754384,0.2896049278027776,0.17412495631964875,0.29313788161774323,0.2576692297236859,0.2891218613971983,0.30117755938180535,0.28082196318527475,0.27543376651575646,0.2872654240000646,0.29006472506238923,0.29039818242980786,0.2788437460914246,0.3082551376582915
0.3469287939829595,0.33716991998160617,0.2674358663556352,1.0,0.3506739080800241,0.32626280232802773,0.31048049867495153,0.5309651316906426,0.34534064582840074,0.5559349537911891,0.3373380320943944,0.5461378197522158,0.3372930655498173,0.5814997532613198,0.6037345743608962,0.31948245692119426,0.28229527285452594,0.32453187198613387,0.2740286719797119,0.3121087498645856,0.3163441641744743,0.30043217723180426,0.33653161196507264,0.3167003019290877,0.29233481977996867,0.2751974352900688,0.3265467645561554,0.5671767202768929,0.36476027594393,0.3369440276655762,0.5275457118083173,0.33578872214728817,0.0,0.3201947807489781,0.32373155007681687,0.45958770233648205,0.2965631960794779,0.32373765430686097,0.3236379943378701,0.3232403290368432,0.5521832437318794,0.3240065080501704,0.3271450786059086,0.5643528984271918,0.554965377109683,0.350332444796283,0.32028645717992954,0.32101242894461846,0.4973819409255461,0.36838629019328795
0.369218147603528,0.44614250814662604,0.2757841476227718,0.3506739080800241,1.0,0.4547630413769971,0.3878461391650331,0.3421060831937669,0.38483342112422825,0.35949122327431116,0.5651086738107847,0.32882035603946447,0.524899551722424,0.3306181338770374,0.3529531641288206,0.41189399765726065,0.392199464636101,0.4691192417174094,0.3972047579086809,0.3875389316993819,0.4725995552661679,0.4345115174758958,0.4834157026525553,0.4342931472327165,0.40095958417878075,0.39607185887577745,0.48451315152940333,0.3123224464094204,0.3604434381323096,0.3716273473220215,0.3230534011707955,0.5032342337018387,0.0,0.4752441253569487,0.44616678479962324,0.3243496666537864,0.37911107903333285,0.4843657336007662,0.22688103313082086,0.4987700082398082,0.34141286362753465,0.4582602024486009,0.5043180168859824,0.322902309254954,0.3232394618168949,0.33373232944799436,0.46358405202006314,0.4651556983968316,0.32844220227021503,0.3569071520833538
0.3733323327165734,0.5618161644812316,0.28518677588194763,0.32626280232802773,0.4547630413769971,1.0,0.4108481195316698,0.345425477358526,0.3609029771764247,0.3315459321966201,0.4616788072697321,0.33147971735018567,0.45053334178741233,0.32554471167538845,0.3179826071479873,0.41663360153803686,0.41472070510791936,0.46856607202335177,0.3922109619369333,0.4072630130907835,0.4364377724871633,0.46165585389477204,0.46638911664929195,0.5166949815255609,0.4762733859250209,0.43073341216332806,0.4444672226261218,0.3239592839588268,0.36606356963865816,0.35687738540521774,0.30738214808060427,0.43949058692679066,0.0,0.4591601488003513,0.5632917211849493,0.3469435745657603,0.3868661179367121,0.45463094887901356,0.24027505457392884,0.4545611659685853,0.3122450818847168,0.5080316234860642,0.46055257708216035,0.3313781480205775,0.32927095143033747,0.33847459730487905,0.4943297785135857,0.4963273108474545,0.32312710695147384,0.3650448474376313
0.36367112459364037,0.39668005104687953,0.2797983139254655,0.31048049867495153,0.3878461391650331,0.4108481195316698,1.0,0.31194476221369993,0.35408148966726927,0.3127555061221903,0.4142281806269532,0.3035585761525331,0.3969968417245575,0.30602944429639756,0.3002349589773383,0.7338885708239526,0.3202388308209716,0.4414388114518477,0.37904894117656296,0.8545725355189212,0.4354152021273341,0.40524964876333547,0.44204754907115185,0.3738390947220507,0.32829443459929497,0.3267504524663615,0.4038035143274845,0.3048706688144397,0.34971366539664117,0.34550668205511537,0.2883701263917393,0.38827693571679467,0.0,0.41312193147891363,0.40523664674095516,0.33546862561950086,0.7635715353715733,0.3819931671550235,0.21620165436816952,0.3971991312848706,0.28916693245277036,0.40142181512013686,0.406503973049701,0.311196377902595,0.3119375551476229,0.3247964253358939,0.384072904604173,0.3858913772808542,0.30251008367779597,0.3489288451929975
0.3518064720414178,0.3432033877229599,0.27431344171773964,0.5309651316906426,0.3421060831937669,0.345425477358526,0.31194476221369993,1.0,0.3376581015003295,0.540753891576929,0.338631201212674,0.5228461288791146,0.33893605255319037,0.5223154844343266,0.5148168502658635,0.31768310780244546,0.29262001322431574,0.3284434716344401,0.29137692121619174,0.3141558980856147,0.31771295735444405,0.31250284854645527,0.3362079513348676,0.33244247666508997,0.2990705804709971,0.2824888478268255,0.3314611936295513,0.6845688539598425,0.36969179549294817,0.336877195238252,0.4997631946826716,0.3322212595241575,0.0,0.33419781243517566,0.33108784512212575,0.45696844120579305,0.2985572369800118,0.3492375836829774,0.3269153571422365,0.3329534615929821,0.5081418767476436,0.33550699189886113,0.335547093896446,0.6956914371909897,0.6698200722087696,0.35130760840644015,0.3262076739799058,0.3269153071646669,0.4903398109843733,0.3693812195730143
0.4439603137743232,0.36867246853294855,0.303522674823143,0.34534064582840074,0.38483342112422825,0.3609029771764247,0.35408148966726927,0.3376581015003295,1.0,0.3594768137414046,0.39268257268459617,0.32958736232329533,0.38057867004041257,0.3383291636507477,0.34040254439972817,0.36100166586696447,0.2962494419630687,0.36748286433763655,0.3040131162017483,0.36068551276814864,0.35573025074296416,0.34023489692463793,0.3747567777573938,0.34050688052162414,0.30290003879354566,0.30216792603818954,0.369994601070216,0.3255678453237829,0.38965647063029807,0.46337843219750297,0.32698507522478126,0.35483291652072246,0.0,0.359549878584454,0.35462478266490305,0.3454276644388141,0.33707161668084906,0.36061723222753783,0.21570794270577853,0.37121398956764895,0.3285023336792835,0.36845380904297875,0.3774180804765511,0.33279754888782964,0.324683128286397,0.36386015524166926,0.3630432044605231,0.3640435224146139,0.3338157981442421,0.3977800655782209
0.35836442102775035,0.35013990072855616,0.27445700910595905,0.5559349537911891,0.35949122327431116,0.3315459321966201,0.3127555061221903,0.540753891576929,0.3594768137414046,1.0,0.35212286448516594,0.5234568213297852,0.35502960802834027,0.5475370032451663,0.5476891453521955,0.3241952101990363,0.27267163592466837,0.3293431337754784,0.2821202173457156,0.3164743737559619,0.3193891796046848,0.30373658898135203,0.330645852632676,0.31376928800921866,0.28094497999534884,0.27816508322538425,0.3383824644051434,0.5408571472195218,0.3722851962641811,0.3471292526919041,0.5487911610799605,0.32692423905083323,0.0,0.32384430877768267,0.3199177864621222,0.46757457344686937,0.30129850169260275,0.3341357684163826,0.31395411737003787,0.330024801973381,0.5569781942212497,0.33187536438788723,0.3369589865389243,0.549935621531923,0.5433145933318485,0.3535833248484048,0.32745498423888075,0.32778473644253125,0.5180687743606752,0.3689194396256936
0.39602820569452635,0.47838654527556845,0.3062632377253707,0.3373380320943944,0.5651086738107847,0.4616788072697321,0.4142281806269532,0.338631201212674,0.39268257268459617,0.35212286448516594,1.0,0.3351640202644648,0.5681712719251646,0.34302621928325305,0.33171566612613745,0.4140600288270214,0.37277171593534697,0.5327926467159627,0.4536099291090502,0.4210861026882873,0.524266647328157,0.5064772114912135,0.5397241148015492,0.43986089567127085,0.3729346425844916,0.3803107689613824,0.547292653649716,0.3363474592997612,0.38555724935891655,0.3905922992555577,0.32544569129073686,0.4991041711778492,0.0,0.5268740687391367,0.46694690475776335,0.34837915417692855,0.391440545334226,0.5305751116148539,0.2176487323663132,0.5517516808279967,0.32673348317135964,0.49144258463908985,0.5573548330480833,0.3391681676775302,0.33487938078584334,0.354847308853383,0.4761580760869246,0.47749450161791773,0.3445826558454633,0.3842072282985707
0.36140020689769403,0.3464785551129693,0.2680271317473325,0.5461378197522158,0.32882035603946447,0.33147971735018567,0.3035585761525331,0.5228461288791146,0.32958736232329533,0.5234568213297852,0.3351640202644648,1.0,0.3240300159469245,0.5382386085160624,0.6172429582810397,0.3103612077609813,0.3285385567140775,0.3147801491184128,0.28483333144936385,0.30537807336443346,0.3154260532291847,0.3125644993517549,0.32663543153975494,0.34627652904217954,0.3339333594863537,0.28997992349164536,0.3193300597492986,0.529349854216788,0.36841429703587625,0.3362427080842909,0.47460168465354236,0.3402128435192331,0.0,0.32507067801613176,0.3377656906766202,0.4458859327636865,0.29277123365338364,0.33843072635494176,0.37550313968136306,0.34229859876228474,0.49710241594962834,0.32196360871857344,0.3300123997626334,0.5414164226387873,0.5409752513021855,0.3541268054630067,0.34226752033772145,0.34215730036721304,0.4753383646410456,0.3640131694405476
0.37573106706690207,0.458075883703006,0.28857205671206665,0.3372930655498173,0.524899551722424,0.45053334178741233,0.3969968417245575,0.33893605255319037,0.38057867004041257,0.35502960802834027,0.5681712719251646,0.3240300159469245,1.0,0.3323089035112571,0.3389742742028733,0.4025276290580224,0.367005053151781,0.5251559985065775,0.5179197147047649,0.4025627841899815,0.5364130420627515,0.5716309075753894,0.5839728251623086,0.42881928115792334,0.3642241005104909,0.3673104429883002,0.5764230462698032,0.3255466350005035,0.36805128972070145,0.37982997751165337,0.32274116570014344,0.540073690449947,0.0,0.5786336701537171,0.450479755546053,0.33093188286546127,0.3813393506640411,0.5492750358998784,0.2098822038192597,0.5545503073684841,0.3282688775051765,0.4688372695918397,0.5648321557844147,0.33028813734349405,0.3237235505368079,0.33562920932802287,0.4578892863519145,0.45895070795508497,0.32853434234637513,0.3670561434787166
0.3420984223908782,0.33266251384393664,0.27322195208306743,0.5814997532613198,0.3306181338770374,0.32554471167538845,0.30602944429639756,0.5223154844343266,0.3383291636507477,0.5475370032451663,0.34302621928325305,0.5382386085160624,0.3323089035112571,1.0,0.5944805078321744,0.31001598517210016,0.2649116432611176,0.326833686122746,0.28277568996445,0.31115267094331545,0.3140089107078312,0.3077401794713074,0.3313242614837675,0.29908156073509307,0.2711181359365652,0.26577355686614834,0.32986020782373104,0.5559573113242526,0.37318737772481225,0.33329952384528594,0.51432544223034,0.32073165166176953,0.0,0.3183437479369543,0.31495706506598775,0.45617293206835596,0.2915755070639381,0.327411484651128,0.3032578872177968,0.32117237286753464,0.5312934812109413,0.3257642805227725,0.32918428968420566,0.5549496654506608,0.544162987863767,0.3571975192771757,0.3163767460784591,0.31752141841237913,0.493907782042844,0.3726112885307654
0.329342190127911,0.32542226128234264,0.26238012731831106,0.6037345743608962,0.3529531641288206,0.3179826071479873,0.3002349589773383,0.5148168502658635,0.34040254439972817,0.5476891453521955,0.33171566612613745,0.6172429582810397,0.3389742742028733,0.5944805078321744,1.0,0.31190956828729566,0.27270818099019956,0.31453759761668154,0.27407689888473485,0.30240071374061406,0.3106163225427526,0.2952257336756763,0.32779919167536153,0.3016076253106378,0.27725524321712713,0.270994446326539,0.3245419271737481,0.5316112684494203,0.35919971739520895,0.3332418399863144,0.5260171548391043,0.3262454833654457,0.0,0.3157976502071408,0.3121434929580521,0.4544903910408876,0.29351814438070156,0.323919946056903,0.3073741148578172,0.3138261395854718,0.5447390425503498,0.32176046360607957,0.32692419963884145,0.5311757286164784,0.5218411662101984,0.34646846384684327,0.3184134506643752,0.31938372147479266,0.4864403899207663,0.37057722892542544
0.366286357473964,0.39431177481760893,0.28020219759480114,0.31948245692119426,0.41189399765726065,0.41663360153803686,0.7338885708239526,0.31768310780244546,0.36100166586696447,0.3241952101990363,0.4140600288270214,0.3103612077609813,0.4025276290580224,0.31001598517210016,0.31190956828729566,1.0,0.33002578233638125,0.41984492012438435,0.3903183132273932,0.742138889170669,0.413065736978823,0.4185767063759055,0.4277636027602132,0.3717786320620756,0.3465510575841383,0.354783637883348,0.3909213844375259,0.30962767815604797,0.35152674077097645,0.3577619220643925,0.29890170359932666,0.4002489173763004,0.0,0.4048753689377472,0.39969010932177773,0.3291154114258529,0.7435195486449484,0.38284466825437224,0.20397028408065465,0.38779312714279845,0.2994973762026496,0.3877405704618754,0.40038433589953437,0.31009533767300224,0.30929792514532883,0.32352368118899477,0.38421891634198413,0.3868169248448594,0.3034334015540372,0.3445687146106343
0.3274111333237367,0.4118269802876594,0.23008423559963054,0.28229527285452594,0.392199464636101,0.41472070510791936,0.3202388308209716,0.29262001322431574,0.2962494419630687,0.27267163592466837,0.37277171593534697,0.3285385567140775,0.367005053151781,0.2649116432611176,0.27270818099019956,0.33002578233638125,1.0,0.3598390159526985,0.3106803877904605,0.3224326536659108,0.3548979491548345,0.34268330034912775,0.3713928029878929,0.568521179318544,0.5911672329144324,0.45047950631042744,0.36053843725668333,0.26270137488628487,0.29813583159550316,0.3050227948231342,0.25284914321714247,0.44848868191882607,0.0,0.38672061611046815,0.4816287432459867,0.2758982390640822,0.3142781907690607,0.38270125217438633,0.40794119256167716,0.44394502056649643,0.25676370393168146,0.39063491198679046,0.37082321250472616,0.2932146474423081,0.30208375051153913,0.2920722984780687,0.4851106984275637,0.4816833844385944,0.2584115608085543,0.2999476971570575
0.3735291198170957,0.46335588015648665,0.2926349425935191,0.32453187198613387,0.4691192417174094,0.46856607202335177,0.4414388114518477,0.3284434716344401,0.36748286433763655,0.3293431337754784,0.5327926467159627,0.3147801491184128,0.5251559985065775,0.326833686122746,0.31453759761668154,0.41984492012438435,0.3598390159526985,1.0,0.49122926671595124,0.44213225187122107,0.5520401425667643,0.5219580749371483,0.566414917974903,0.42407150691347173,0.3615662662809608,0.36185163408877175,0.5351966858667794,0.3261571778282689,0.3659892597587596,0.37027186980653315,0.3071734551345865,0.48327244254501966,0.0,0.5204828812180066,0.4598401459357436,0.352735413838949,0.4114172591358012,0.4961435434090903,0.22030355582172234,0.5254818326769471,0.306411170606682,0.4729348566185593,0.5308183214541367,0.32808651528139277,0.3262426921758622,0.335677814142027,0.4564493921960606,0.4580113368873747,0.3218818484374003,0.36618012720028403
0.32704113630372955,0.39418339628031407,0.2499498514499755,0.2740286719797119,0.3972047579086809,0.3922109619369333,0.37904894117656296,0.29137692121619174,0.3040131162017483,0.2821202173457156,0.4536099291090502,0.28483333144936385,0.5179197147047649,0.28277568996445,0.27407689888473485,0.3903183132273932,0.3106803877904605,0.49122926671595124,1.0,0.37674392335665563,0.4750385930626283,0.5311615482848342,0.4817080281745846,0.3595769649259495,0.3271840941938756,0.306371855318718,0.4657809533707159,0.28318364020169173,0.31519143979447295,0.31299071223212793,0.2694685879212275,0.48082709983168925,0.0,0.4759670203429991,0.39329417859063476,0.29601336297043923,0.3880968047699822,0.46030483090151386,0.18673323365006145,0.4532798495546736,0.2648945800963943,0.3932646882871743,0.4589051222198537,0.2894112541918198,0.28787508566557773,0.2877833424774596,0.38586573643855215,0.3887977465822742,0.27209824378628233,0.31155926188693284
0.3660137800278983,0.40455299562948166,0.286656890474683,0.3121087498645856,0.3875389316993819,0.4072630130907835,0.8545725355189212,0.3141558980856147,0.36068551276814864,0.3164743737559619,0.4210861026882873,0.30537807336443346,0.4025627841899815,0.31115267094331545,0.30240071374061406,0.742138889170669,0.3224326536659108,0.44213225187122107,0.37674392335665563,1.0,0.4393315626200398,0.40507649254038924,0.4459591045954582,0.3750139810968842,0.33164656881938215,0.3309935192868425,0.4097615699409074,0.3084516370747493,0.35299378019476746,0.3513456926193975,0.2909040911024081,0.3896169216517973,0.0,0.41300556778342157,0.40540267293012555,0.33411629004427923,0.7657429076234171,0.38933786355076994,0.20932736470185742,0.4055255556984082,0.29174641858566286,0.4057160872662626,0.41468509138738097,0.31338089882189213,0.31176799388457654,0.33241399870208777,0.39214730893467253,0.3940338270556183,0.3069200523657152,0.3546134964464899
0.36312235250926905,0.4482451157441759,0.28763983746029953,0.3163441641744743,0.4725995552661679,0.4364377724871633,0.4354152021273341,0.31771295735444405,0.35573025074296416,0.3193891796046848,0.524266647328157,0.3154260532291847,0.5364130420627515,0.3140089107078312,0.3106163225427526,0.413065736978823,0.3548979491548345,0.5520401425667643,0.4750385930626283,0.4393315626200398,1.0,0.5153076011038116,0.5741987899281855,0.4129178003955484,0.35451786047403233,0.3600847857225088,0.5411497534991015,0.3184187535824998,0.3560175373790082,0.3655437801749063,0.29772244931565695,0.4988467059145708,0.0,0.5391153445153071,0.44847630079881984,0.338218157328233,0.4083836793748745,0.5071390948288698,0.2137360064601188,0.5346365921283001,0.3014286970807668,0.4484120056124943,0.536792939646521,0.32065905989917476,0.32135084767694,0.3366987301026648,0.45218152329853223,0.4535596284858018,0.31531990124468234,0.3572278600471107
0.3522355867885816,0.42483731386131274,0.2712666658786106,0.30043217723180426,0.4345115174758958,0.46165585389477204,0.40524964876333547,0.31250284854645527,0.34023489692463793,0.30373658898135203,0.5064772114912135,0.3125644993517549,0.5716309075753894,0.3077401794713074,0.2952257336756763,0.4185767063759055,0.34268330034912775,0.5219580749371483,0.5311615482848342,0.40507649254038924,0.5153076011038116,1.0,0.6683560222154799,0.38529012703653887,0.35597818565917216,0.36632371058256075,0.5148126689551211,0.3096102738562929,0.3375691482098562,0.34085875081142436,0.2868128021763827,0.4979094119819546,0.0,0.6175876091467957,0.42380160378602916,0.3168320769227695,0.3827270226599673,0.5060469922345937,0.19863545480433165,0.5079263465903767,0.2840678726329795,0.4293465668901678,0.5159263211363595,0.3143647443226155,0.30690844538801887,0.3162069342040441,0.41632216596147675,0.4176782056080348,0.3002125744206311,0.3421307716081977
0.3865119815354917,0.4664745034316329,0.29578028077656293,0.33653161196507264,0.4834157026525553,0.46638911664929195,0.44204754907115185,0.3362079513348676,0.3747567777573938,0.330645852632676,0.5397241148015492,0.32663543153975494,0.5839728251623086,0.3313242614837675,0.32779919167536153,0.4277636027602132,0.3713928029878929,0.566414917974903,0.4817080281745846,0.4459591045954582,0.5741987899281855,0.6683560222154799,1.0,0.42546780788473637,0.37292585100250575,0.3641423865650304,0.5613969586553207,0.33408337391808274,0.3738319821964603,0.3694834799514104,0.31316593636347034,0.5180556903208445,0.0,0.6666508606464039,0.4601918991396752,0.34783995082744235,0.41865355455463305,0.527307258531654,0.22249577228387352,0.547508286975029,0.31489536082476854,0.4715480975882108,0.5580329260132048,0.3360406219947154,0.3348105035639253,0.33948354775866985,0.4566021048838539,0.4583157586344452,0.3295887789711317,0.37223085456237237
0.3643165541449995,0.5383227159073869,0.2698544510650297,0.3167003019290877,0.4342931472327165,0.5166949815255609,0.3738390947220507,0.33244247666508997,0.34050688052162414,0.31376928800921866,0.43986089567127085,0.34627652904217954,0.42881928115792334,0.29908156073509307,0.3016076253106378,0.3717786320620756,0.568521179318544,0.42407150691347173,0.3595769649259495,0.3750139810968842,0.4129178003955484,0.38529012703653887,0.42546780788473637,1.0,0.5982891039084892,0.4436954185032518,0.4271047202275091,0.3002443722064705,0.3395648621299294,0.35133878673185737,0.2892770899286107,0.46119493765182806,0.0,0.4330840027017283,0.5978016403572728,0.3075900464176208,0.3550804799323124,0.43006936608759494,0.35154431154945254,0.47598840481356686,0.2936852646741416,0.46543179728298434,0.42794810329309974,0.32197752169108174,0.3284922029338321,0.32568334959663925,0.5179306374510257,0.5146148649236384,0.2990300001251538,0.3395652676009121
0.33223269041796766,0.46714508560534485,0.2368317559389902,0.29233481977996867,0.40095958417878075,0.4762733859250209,0.32829443459929497,0.2990705804709971,0.30290003879354566,0.28094497999534884,0.3729346425844916,0.3339333594863537,0.3642241005104909,0.2711181359365652,0.27725524321712713,0.3465510575841383,0.5911672329144324,0.3615662662809608,0.3271840941938756,0.33164656881938215,0.35451786047403233,0.35597818565917216,0.37292585100250575,0.5982891039084892,1.0,0.4557271123148451,0.36131614465891615,0.26449050824462084,0.2991250982564665,0.3068701563835653,0.26163071933487825,0.4512636301786864,0.0,0.3787553381552027,0.5418295194983714,0.27439668509699855,0.3299768978652683,0.39085872225336504,0.3822167247859808,0.4343845632522291,0.2639434824572061,0.3984015230383222,0.3737439383608274,0.303907195514143,0.30361712971990884,0.2985627322261971,0.47563385825296756,0.4727520965713984,0.2729768098681057,0.29768061233529663
0.3069515561938936,0.4131183748754985,0.23052137276733387,0.2751974352900688,0.39607185887577745,0.43073341216332806,0.3267504524663615,0.2824888478268255,0.30216792603818954,0.27816508322538425,0.3803107689613824,0.28997992349164536,0.3673104429883002,0.26577355686614834,0.270994446326539,0.354783637883348,0.45047950631042744,0.36185163408877175,0.306371855318718,0.3309935192868425,0.3600847857225088,0.36632371058256075,0.3641423865650304,0.4436954185032518,0.4557271123148451,1.0,0.3584770170205348,0.2595022312671683,0.29007756140822194,0.30174895719528827,0.2552945577747612,0.38592898816476795,0.0,0.3587747125739399,0.4387032495950407,0.27244555203262166,0.318166739166134,0.3795246229275905,0.24441438297499996,0.3945765228281706,0.25779741575495774,0.39736597361700987,0.3642952807617663,0.28618773472645775,0.28296628499845045,0.2828717168948435,0.421117879968528,0.42738283928530196,0.267894268873921,0.2931123567155103
0.37392351248440214,0.4629847388513275,0.2950958010975989,0.3265467645561554,0.48451315152940333,0.4444672226261218,0.4038035143274845,0.3314611936295513,0.369994601070216,0.3383824644051434,0.547292653649716,0.3193300597492986,0.5764230462698032,0.32986020782373104,0.3245419271737481,0.3909213844375259,0.36053843725668333,0.5351966858667794,0.4657809533707159,0.4097615699409074,0.5411497534991015,0.5148126689551211,0.5613969586553207,0.4271047202275091,0.36131614465891615,0.3584770170205348,1.0,0.3262486207781168,0.3692246941000734,0.36838450905327713,0.31537707014101557,0.5126103233915078,0.0,0.5407366872993149,0.44700580149936187,0.33873198430983364,0.3800023399773207,0.5994708066816554,0.20787959164004388,0.5539216276427047,0.316864133750673,0.46516306182379075,0.6310943110178324,0.3365012705673863,0.32786017979337423,0.34395622360292066,0.45128291131414733,0.4518877087096086,0.32731825737062303,0.3686806103500039
0.34379773132824987,0.3391413495134237,0.27551399144820776,0.5671767202768929,0.3123224464094204,0.3239592839588268,0.3048706688144397,0.6845688539598425,0.3255678453237829,0.5408571472195218,0.3363474592997612,0.529349854216788,0.3255466350005035,0.5559573113242526,0.5316112684494203,0.30962767815604797,0.26270137488628487,0.3261571778282689,0.28318364020169173,0.3084516370747493,0.3184187535824998,0.3096102738562929,0.33408337391808274,0.3002443722064705,0.26449050824462084,0.2595022312671683,0.3262486207781168,1.0,0.3718873865014778,0.3300848155381515,0.5045749083727694,0.31585869412741774,0.0,0.3228128110302826,0.3176997171982826,0.45329298859394274,0.28959136102288663,0.332576749334736,0.3101771932228051,0.3174915544647101,0.5170087574411995,0.3211872630719875,0.32504532034024414,0.7871218922202977,0.7547451866676105,0.34627821441510576,0.315803722110802,0.3165147190950308,0.5054849430829876,0.36067683408090434
0.40780403061378856,0.3748260849278483,0.30713495650992717,0.36476027594393,0.3604434381323096,0.36606356963865816,0.34971366539664117,0.36969179549294817,0.38965647063029807,0.3722851962641811,0.38555724935891655,0.36841429703587625,0.36805128972070145,0.37318737772481225,0.35919971739520895,0.35152674077097645,0.29813583159550316,0.3659892597587596,0.31519143979447295,0.35299378019476746,0.3560175373790082,0.3375691482098562,0.3738319821964603,0.3395648621299294,0.2991250982564665,0.29007756140822194,0.3692246941000734,0.3718873865014778,1.0,0.3874758695440633,0.34988735375424473,0.35691654391762895,0.0,0.36594077919287715,0.36150098426300414,0.3698731030627693,0.3363785873222065,0.3647690223814276,0.23301284353475415,0.36683958566623664,0.3463263528009102,0.3607250892138325,0.3737692780276064,0.3692011637845125,0.3707510376167894,0.43710901635266675,0.3562337495501595,0.35710840948045985,0.36001522464553737,0.6388613196715317
0.440301342634997,0.37500638603427516,0.3119268022998444,0.3369440276655762,0.3716273473220215,0.35687738540521774,0.34550668205511537,0.336877195238252,0.46337843219750297,0.3471292526919041,0.3905922992555577,0.3362427080842909,0.37982997751165337,0.33329952384528594,0.3332418399863144,0.3577619220643925,0.3050227948231342,0.37027186980653315,0.31299071223212793,0.3513456926193975,0.3655437801749063,0.34085875081142436,0.3694834799514104,0.35133878673185737,0.3068701563835653,0.30174895719528827,0.36838450905327713,0.3300848155381515,0.3874758695440633,1.0,0.3243969854828842,0.35290262373689674,0.0,0.3595628313935748,0.3628554929702521,0.3377437403941006,0.3336329944346128,0.3632520282254037,0.23245116807147292,0.3792280484530486,0.326094716526904,0.36403341839231496,0.3763311639768525,0.33575312393135726,0.3310977055627453,0.38100751020586965,0.3715526694910244,0.37286168499539796,0.33159814111762176,0.3952818263004447
0.3218658299822994,0.31991021213562776,0.2541290273700939,0.5275457118083173,0.3230534011707955,0.30738214808060427,0.2883701263917393,0.4997631946826716,0.32698507522478126,0.5487911610799605,0.32544569129073686,0.47460168465354236,0.32274116570014344,0.51432544223034,0.5260171548391043,0.29890170359932666,0.25284914321714247,0.3071734551345865,0.2694685879212275,0.2909040911024081,0.29772244931565695,0.2868128021763827,0.31316593636347034,0.2892770899286107,0.26163071933487825,0.2552945577747612,0.31537707014101557,0.5045749083727694,0.34988735375424473,0.3243969854828842,1.0,0.30470053729655044,0.0,0.3041951948152365,0.2981967919808408,0.43566017450390193,0.28053799923717504,0.31060970557515144,0.2865619450411955,0.3080692020850866,0.6399502265367898,0.3100603652143433,0.3132524995462088,0.5059809077312818,0.4960478592290841,0.33736289271781117,0.30519131655971776,0.3057574021996554,0.4672633201757289,0.3474619858538921
0.37505471217312003,0.4420109054364333,0.27981562449167807,0.33578872214728817,0.5032342337018387,0.43949058692679066,0.38827693571679467,0.3322212595241575,0.35483291652072246,0.32692423905083323,0.4991041711778492,0.3402128435192331,0.540073690449947,0.32073165166176953,0.3262454833654457,0.4002489173763004,0.44848868191882607,0.48327244254501966,0.48082709983168925,0.3896169216517973,0.4988467059145708,0.4979094119819546,0.5180556903208445,0.46119493765182806,0.4512636301786864,0.38592898816476795,0.5126103233915078,0.31585869412741774,0.35691654391762895,0.35290262373689674,0.30470053729655044,1.0,0.0,0.5155842856767593,0.4506108765657847,0.3165704816124274,0.3885033156987735,0.5224695551754805,0.27064226659400814,0.5381288551625365,0.30913803350036684,0.4443333351246841,0.520530145431759,0.32515462796323413,0.3314089359851936,0.32752224665698126,0.46807019803240313,0.4678420207706845,0.3050496449780008,0.3452225968329853
0.0,0.0,0.0,0.0,0.0,0.0,0.0,0.0,0.0,0.0,0.0,0.0,0.0,0.0,0.0,0.0,0.0,0.0,0.0,0.0,0.0,0.0,0.0,0.0,0.0,0.0,0.0,0.0,0.0,0.0,0.0,0.0,1.0,0.0,0.0,0.0,0.0,0.0,0.0,0.0,0.0,0.0,0.0,0.0,0.0,0.0,0.0,0.0,0.0,0.0
0.37919779914463847,0.45009922529833535,0.2889236742996124,0.3201947807489781,0.4752441253569487,0.4591601488003513,0.41312193147891363,0.33419781243517566,0.359549878584454,0.32384430877768267,0.5268740687391367,0.32507067801613176,0.5786336701537171,0.3183437479369543,0.3157976502071408,0.4048753689377472,0.38672061611046815,0.5204828812180066,0.4759670203429991,0.41300556778342157,0.5391153445153071,0.6175876091467957,0.6666508606464039,0.4330840027017283,0.3787553381552027,0.3587747125739399,0.5407366872993149,0.3228128110302826,0.36594077919287715,0.3595628313935748,0.3041951948152365,0.5155842856767593,0.0,1.0,0.456567778555914,0.3460679572164478,0.39529872518475606,0.5288712888092462,0.24720550142356734,0.5411624041035091,0.30265891509494247,0.45903783791801334,0.5491900256017259,0.32626951070074484,0.3283751803663829,0.3297818145242145,0.452486039196038,0.45369130030521176,0.3165557687843624,0.36140084198149536
0.37469886501337824,0.5722351469217286,0.28121912189694176,0.32373155007681687,0.44616678479962324,0.5632917211849493,0.40523664674095516,0.33108784512212575,0.35462478266490305,0.3199177864621222,0.46694690475776335,0.3377656906766202,0.450479755546053,0.31495706506598775,0.3121434929580521,0.39969010932177773,0.4816287432459867,0.4598401459357436,0.39329417859063476,0.40540267293012555,0.44847630079881984,0.42380160378602916,0.4601918991396752,0.5978016403572728,0.5418295194983714,0.4387032495950407,0.44700580149936187,0.3176997171982826,0.36150098426300414,0.3628554929702521,0.2981967919808408,0.4506108765657847,0.0,0.456567778555914,1.0,0.3312013406647346,0.37939231516078376,0.4463673515717611,0.2783099833485899,0.477452746694466,0.30010681379867865,0.4945235261522136,0.45773055471341084,0.32798194578582684,0.3301132087755677,0.3373342875804163,0.51422963158273,0.5134479065797906,0.31525803617726555,0.3569472176754035
0.34261996881160484,0.33379602697394994,0.27817807622213986,0.45958770233648205,0.3243496666537864,0.3469435745657603,0.33546862561950086,0.45696844120579305,0.3454276644388141,0.46757457344686937,0.34837915417692855,0.4458859327636865,0.33093188286546127,0.45617293206835596,0.4544903910408876,0.3291154114258529,0.2758982390640822,0.352735413838949,0.29601336297043923,0.33411629004427923,0.338218157328233,0.3168320769227695,0.34783995082744235,0.3075900464176208,0.27439668509699855,0.27244555203262166,0.33873198430983364,0.45329298859394274,0.3698731030627693,0.3377437403941006,0.43566017450390193,0.3165704816124274,0.0,0.3460679572164478,0.3312013406647346,1.0,0.318069957629312,0.3237627619907605,0.31193104937866867,0.3361559957027477,0.4368620652260944,0.33584375527904575,0.3374670739927419,0.45929845486990284,0.45595099230579317,0.3431512730864229,0.3199802983546982,0.32086588737936284,0.455066301467943,0.3680060684650238
0.3535805574235108,0.37517310712044505,0.26684859052754384,0.2965631960794779,0.37911107903333285,0.3868661179367121,0.7635715353715733,0.2985572369800118,0.33707161668084906,0.30129850169260275,0.391440545334226,0.29277123365338364,0.3813393506640411,0.2915755070639381,0.29351814438070156,0.7435195486449484,0.3142781907690607,0.4114172591358012,0.3880968047699822,0.7657429076234171,0.4083836793748745,0.3827270226599673,0.41865355455463305,0.3550804799323124,0.3299768978652683,0.318166739166134,0.3800023399773207,0.28959136102288663,0.3363785873222065,0.3336329944346128,0.28053799923717504,0.3885033156987735,0.0,0.39529872518475606,0.37939231516078376,0.318069957629312,1.0,0.3671630630698395,0.20193276551942163,0.36846266651371273,0.2794899017567558,0.3786402630278597,0.38634617482000766,0.29250759594967257,0.2924882668655564,0.3032323069391726,0.3664908195759936,0.3687822099927679,0.2826916000544223,0.3278455908524084
0.3829972753025357,0.46542753954273597,0.2896049278027776,0.32373765430686097,0.4843657336007662,0.45463094887901356,0.3819931671550235,0.3492375836829774,0.36061723222753783,0.3341357684163826,0.5305751116148539,0.33843072635494176,0.5492750358998784,0.327411484651128,0.323919946056903,0.38284466825437224,0.38270125217438633,0.4961435434090903,0.46030483090151386,0.38933786355076994,0.5071390948288698,0.5060469922345937,0.527307258531654,0.43006936608759494,0.39085872225336504,0.3795246229275905,0.5994708066816554,0.332576749334736,0.3647690223814276,0.3632520282254037,0.31060970557515144,0.5224695551754805,0.0,0.5288712888092462,0.4463673515717611,0.3237627619907605,0.3671630630698395,1.0,0.24070761656261763,0.5521656743226802,0.3148266221033408,0.4631519323713301,0.6366499105204574,0.34489048334853534,0.33563167396792193,0.345098229039001,0.4715463157396559,0.4727477545478662,0.32776161961654404,0.3667193928779251
0.2642025228780328,0.2083768393323937,0.17412495631964875,0.3236379943378701,0.22688103313082086,0.24027505457392884,0.21620165436816952,0.3269153571422365,0.21570794270577853,0.31395411737003787,0.2176487323663132,0.37550313968136306,0.2098822038192597,0.3032578872177968,0.3073741148578172,0.20397028408065465,0.40794119256167716,0.22030355582172234,0.18673323365006145,0.20932736470185742,0.2137360064601188,0.19863545480433165,0.22249577228387352,0.35154431154945254,0.3822167247859808,0.24441438297499996,0.20787959164004388,0.3101771932228051,0.23301284353475415,0.23245116807147292,0.2865619450411955,0.27064226659400814,0.0,0.24720550142356734,0.2783099833485899,0.31193104937866867,0.20193276551942163,0.24070761656261763,1.0,0.29037253149144726,0.29544524381994686,0.22131430087680992,0.2131697936830972,0.3451547568067066,0.35352631163714654,0.23357587234501564,0.28311022644251405,0.2774822997329086,0.2962685155181285,0.2388868892532473
0.38623148942936825,0.46040264779912177,0.29313788161774323,0.3232403290368432,0.4987700082398082,0.4545611659685853,0.3971991312848706,0.3329534615929821,0.37121398956764895,0.330024801973381,0.5517516808279967,0.34229859876228474,0.5545503073684841,0.32117237286753464,0.3138261395854718,0.38779312714279845,0.44394502056649643,0.5254818326769471,0.4532798495546736,0.4055255556984082,0.5346365921283001,0.5079263465903767,0.547508286975029,0.47598840481356686,0.4343845632522291,0.3945765228281706,0.5539216276427047,0.3174915544647101,0.36683958566623664,0.3792280484530486,0.3080692020850866,0.5381288551625365,0.0,0.5411624041035091,0.477452746694466,0.3361559957027477,0.36846266651371273,0.5521656743226802,0.29037253149144726,1.0,0.3084970464578578,0.4704914129878658,0.5651163029253501,0.33479744720309923,0.33569555401441076,0.3531577315583164,0.5043827378617222,0.5034478071579276,0.3208464649767008,0.37228129313933533
