../ecoli_genomes/GCF_000163235.1_ASM16323v1_genomic.fna.gz,../ecoli_genomes/GCF_000164555.1_ASM16455v1_genomic.fna.gz,../ecoli_genomes/GCF_000208545.1_ASM20854v2_genomic.fna.gz,../ecoli_genomes/GCF_000233875.1_ASM23387v1_genomic.fna.gz,../ecoli_genomes/GCF_000249735.1_ASM24973v2_genomic.fna.gz,../ecoli_genomes/GCF_000261145.1_Esch_coli_M919_V2_genomic.fna.gz,../ecoli_genomes/GCF_000267705.2_ASM26770v2_genomic.fna.gz,../ecoli_genomes/GCF_000350665.1_Esch_coli_KTE5_V1_genomic.fna.gz,../ecoli_genomes/GCF_000351625.1_Esch_coli_KTE66_V1_genomic.fna.gz,../ecoli_genomes/GCF_000352285.1_Esch_coli_KTE46_V1_genomic.fna.gz,../ecoli_genomes/GCF_000358895.1_ASM35889v1_genomic.fna.gz,../ecoli_genomes/GCF_000456385.1_Esch_coli_HVH_26_4-5703913_V1_genomic.fna.gz,../ecoli_genomes/GCF_000458195.1_Esch_coli_HVH_147_4-5893887_V1_genomic.fna.gz,../ecoli_genomes/GCF_000459755.1_Esch_coli_KOEGE_58_171a_V1_genomic.fna.gz,../ecoli_genomes/GCF_000460055.1_Esch_coli_UMEA_3053-1_V1_genomic.fna.gz,../ecoli_genomes/GCF_000462165.2_ASM46216v2_genomic.fna.gz,../ecoli_genomes/GCF_000601135.1_ASM60113v1_genomic.fna.gz,../ecoli_genomes/GCF_000614595.1_Ec2010EL1058_genomic.fna.gz,../ecoli_genomes/GCF_000617745.1_Ec2010C-4529_genomic.fna.gz,../ecoli_genomes/GCF_000618265.2_EcF6751_genomic.fna.gz,../ecoli_genomes/GCF_000619005.2_Ec2009C-4052_genomic.fna.gz,../ecoli_genomes/GCF_000619105.1_Ec2009C-4780_genomic.fna.gz,../ecoli_genomes/GCF_000619765.2_Ec2009C-3279_genomic.fna.gz,../ecoli_genomes/GCF_000687005.1_ASM68700v1_genomic.fna.gz,../ecoli_genomes/GCF_000687025.1_ASM68702v1_genomic.fna.gz,../ecoli_genomes/GCF_000700125.1_ASM70012v1_genomic.fna.gz,../ecoli_genomes/GCF_000753315.1_FHI35_genomic.fna.gz,../ecoli_genomes/GCF_000776375.1_ASM77637v1_genomic.fna.gz,../ecoli_genomes/GCF_000779395.1_ASM77939v1_genomic.fna.gz,../ecoli_genomes/GCF_000780315.1_ASM78031v1_genomic.fna.gz,../ecoli_genomes/GCF_000781995.1_ASM78199v1_genomic.fna.gz,../ecoli_genomes/GCF_000986765.1_ASM98676v1_genomic.fna.gz,../ecoli_genomes/GCF_001041375.1_ViralProj287958_genomic.fna.gz,../ecoli_genomes/GCF_001265335.1_302014_genomic.fna.gz,../ecoli_genomes/GCF_001265625.1_100854_genomic.fna.gz,../ecoli_genomes/GCF_001267345.1_303289_genomic.fna.gz,../ecoli_genomes/GCF_001309985.1_ASM130998v1_genomic.fna.gz,../ecoli_genomes/GCF_001521695.1_ASM152169v1_genomic.fna.gz,../ecoli_genomes/GCF_001592595.1_ASM159259v1_genomic.fna.gz,../ecoli_genomes/GCF_001614975.1_ASM161497v1_genomic.fna.gz,../ecoli_genomes/GCF_001692775.1_ASM169277v1_genomic.fna.gz,../ecoli_genomes/GCF_001748915.1_ASM174891v1_genomic.fna.gz,../ecoli_genomes/GCF_001749235.1_ASM174923v1_genomic.fna.gz,../ecoli_genomes/GCF_001881155.1_ASM188115v1_genomic.fna.gz,../ecoli_genomes/GCF_001881345.1_ASM188134v1_genomic.fna.gz,../ecoli_genomes/GCF_001892405.1_ASM189240v1_genomic.fna.gz,../ecoli_genomes/GCF_001892585.1_ASM189258v1_genomic.fna.gz,../ecoli_genomes/GCF_001893985.1_ASM189398v1_genomic.fna.gz,../ecoli_genomes/GCF_002001595.1_ASM200159v1_genomic.fna.gz,../ecoli_genomes/GCF_002002145.1_ASM200214v1_genomic.fna.gz
1.0,0.7940488796455641,0.7727798857337567,0.7780705515781693,0.7491018179625808,0.793072164974024,0.7878586809508337,0.7828926737928474,0.806905095036505,0.7783355918878303,0.7945782311566068,0.7875372850891291,0.7872342566243442,0.7766083255556596,0.7673543240228948,0.7869103863750536,0.7563752753962412,0.7889511683279715,0.7772559127437636,0.7899368808350119,0.7820199220374046,0.7822085989919463,0.7895564550219824,0.7606069108123218,0.738841598334249,0.6651932400184974,0.7864049933504165,0.7819761152491964,0.7908553519374653,0.8100768493368149,0.7607310961124827,0.7803389451890977,0.07182459217779147,0.7832379173821262,0.7710991260298529,0.7745444653677427,0.7755641453433127,0.7816415307746201,0.7037858190996982,0.7863842337436234,0.7691993558226827,0.7865621422968735,0.7894455490445852,0.7875856015231815,0.7902897137431125,0.782321131869455,0.7692130860102595,0.7682127860211899,0.7810232935871699,0.7947479463410396
0.7940488796455641,1.0,0.7614728400530806,0.7728145635889854,0.7685710314683343,0.8370979022481051,0.7918088982244359,0.7738793037969582,0.7780040687741787,0.7701559435396765,0.8183036189880678,0.7823507559436849,0.8074893880839067,0.7734806151025155,0.7620022189880971,0.7940470988873956,0.7762387032474016,0.8084979356955164,0.7977135948896261,0.7959711677189771,0.8037027013734972,0.797055553860285,0.8087378416778777,0.7967978844862588,0.7748515207278837,0.6800982670672399,0.8121743191214437,0.7783132381028033,0.7821459689843682,0.7875654441851351,0.7521773032615551,0.801488545140356,0.07297739531930458,0.7993337688725966,0.8191925189795044,0.7662508302989841,0.7808151785227462,0.808031799968239,0.6938604668855534,0.8131690880534012,0.7614703901908637,0.8060232476301917,0.8117298503926341,0.7862118568159653,0.7828925165246354,0.776528325684186,0.80008605153557,0.7963386023410687,0.7739832846811003,0.7853966131491503
0.7727798857337567,0.7614728400530806,1.0,0.7464285814092503,0.7109444521995316,0.7521780895979795,0.7527145050257281,0.7434425516122729,0.7528802826443369,0.7421960735706299,0.7600824766909196,0.7516112853901371,0.7555269558368006,0.751710770240122,0.7441303163141474,0.7570588706472116,0.7206157014447097,0.758428147960271,0.7515094486059268,0.7557363017430953,0.7525671870600912,0.7571227453911338,0.7625518255083261,0.7162588573672464,0.7060056148702285,0.6313679995049695,0.7573235248220904,0.7527031586890351,0.7737522369939154,0.7720254038338046,0.7334016764458972,0.7508546011389962,0.07494727189582373,0.7556931812815042,0.7366944051095721,0.754242682613015,0.741153682853386,0.7466777486670495,0.6773620188476519,0.7546394157447321,0.739484654924593,0.7468570535734766,0.7580690938531502,0.7526468885402835,0.7496237479694297,0.7640575229934022,0.7406515334520338,0.7372701729397317,0.7529188599021578,0.7772055208495465
0.7780705515781693,0.7728145635889854,0.7464285814092503,1.0,0.7437059295496162,0.769205203840752,0.7667906770862194,0.8404224068650924,0.7779310707786041,0.8483397386856578,0.7679320588991361,0.8381229356445961,0.7704745492593509,0.8533003712837249,0.8606500194532445,0.7712671189188598,0.7311931577138792,0.7716227644446425,0.7631155817917147,0.7696193665656176,0.7601422617612545,0.7527721136415895,0.7672910898182155,0.7310232003964012,0.7108097942424101,0.6394839170575053,0.7675803721393308,0.8466313780208805,0.7681188844931042,0.7668215433711414,0.8364360549046208,0.7669627224201703,0.0737495057344063,0.7561153202892548,0.7393679019714049,0.8043939000091548,0.7567122441836551,0.7489239325072496,0.725049418087599,0.7598797380174807,0.847032122755307,0.7615983045054645,0.7658696430404409,0.846030867469848,0.8417968747881841,0.7704310234778531,0.7381701570058911,0.7356419079322725,0.8254978918624717,0.7805289939172568
0.7491018179625808,0.7685710314683343,0.7109444521995316,0.7437059295496162,1.0,0.7845045110551132,0.7470901042769515,0.7377787002735621,0.7473748773306422,0.738967375934256,0.7999581850459417,0.732140964211657,0.8039104116434449,0.7343474604375562,0.7387649382832381,0.7628408715982651,0.7565422594107385,0.7713023609647502,0.7661233222436266,0.7514765191536705,0.7729257577534362,0.7714265144411958,0.7858150325334308,0.7596654339952351,0.7377777113591621,0.6628581118195765,0.7861741640886628,0.7312365142837448,0.7451768768172919,0.7452489514114489,0.7284480849805146,0.7949643010362697,0.07464810490305374,0.7867225058334105,0.7604498916644219,0.7309655226921705,0.7484838313029913,0.7885661149467895,0.6854223180941323,0.7825696002300396,0.7424911404212116,0.7747649352432031,0.7920964455350668,0.7368792165087064,0.7377775160993296,0.7338716471482699,0.7518591438173177,0.7506295318469272,0.7272205038065571,0.7495968631126657
0.793072164974024,0.8370979022481051,0.7521780895979795,0.769205203840752,0.7845045110551132,1.0,0.7954867606483664,0.7753758272570522,0.7781434481072165,0.7687694305689439,0.817369057832033,0.7702854657383337,0.8093304836232733,0.7658527593738608,0.7611871980386578,0.7943577096284118,0.7866894806465012,0.8136199276896848,0.8051847360677364,0.7964575921042348,0.8034481814696663,0.8026731459643669,0.8164732763337748,0.8006273281233031,0.774665576075163,0.6866899717854242,0.8095000636865274,0.7713412450587517,0.7763205841472987,0.77942196500039,0.749006467327048,0.8052730630865044,0.07845328608762048,0.8170835015491025,0.8271127072178279,0.7719450321778958,0.785897166669079,0.8052289728032801,0.7136661621869296,0.8117527564563112,0.7610179687634937,0.8202167374535589,0.8134715908202745,0.776105823567491,0.7730397504458693,0.7648547630834005,0.8001087392360791,0.7987965785490235,0.7629405356229709,0.7853608626057937
0.7878586809508337,0.7918088982244359,0.7527145050257281,0.7667906770862194,0.7470901042769515,0.7954867606483664,1.0,0.7705041947881692,0.7770921234025394,0.7591909885856195,0.7979724465779547,0.7652759691271277,0.7889655422550892,0.7607475329379452,0.755638578574513,0.9026059514280261,0.7362962317470727,0.8203994916485153,0.8116312577147256,0.9558314772189153,0.807506877182732,0.8040092080774711,0.8130788040930774,0.7440917966262395,0.7263741147311304,0.6506210038299467,0.8025855607725131,0.7716551775913374,0.7668889071354476,0.7756124448078192,0.753566940040749,0.7854887031673017,0.07808803080084326,0.7932519541976927,0.7690107076623706,0.7742622719029354,0.9150577621282664,0.7753067857381817,0.6872854872864052,0.7882970603621003,0.7539756787685361,0.7899247681770843,0.7983422761029326,0.7775471223698724,0.776323691277894,0.763817156873015,0.7608698403922489,0.7582252857724996,0.7649411101881276,0.7828644775732629
0.7828926737928474,0.7738793037969582,0.7434425516122729,0.8404224068650924,0.7377787002735621,0.7753758272570522,0.7705041947881692,1.0,0.7798484851831882,0.8413037537849739,0.7690919651098644,0.8284957097405633,0.76972454373985,0.8325704284842913,0.8250608735479394,0.7681254856945594,0.734685666189677,0.7744766219842515,0.7688141655058889,0.7720979287468879,0.765319236745069,0.7595782301907826,0.7721100271120944,0.7376817605644996,0.7177810111142269,0.6469784170382916,0.7723744741281138,0.8879157014498247,0.7676595236288587,0.7667021125749004,0.8229516217826363,0.7673894424976585,0.07570348705515295,0.7603774714948974,0.7446022685173168,0.8041857211041481,0.7547832640987617,0.7635148881147754,0.7318803153877467,0.7688410543907391,0.8298775837315384,0.7652208773519136,0.7747561773038143,0.8867347226888971,0.8784004601202039,0.776011649866406,0.7467287143245815,0.7433689352867244,0.8199217536504999,0.7779275167528428
0.806905095036505,0.7780040687741787,0.7528802826443369,0.7779310707786041,0.7473748773306422,0.7781434481072165,0.7770921234025394,0.7798484851831882,1.0,0.7805792214105038,0.786765263464076,0.7669050970073973,0.7845131977407892,0.7717203355787168,0.7733600838691809,0.7847848608257989,0.7350640217725845,0.7787530411605579,0.7762962608241609,0.7793217270275423,0.7707821640137351,0.7719224121642115,0.7805535268296534,0.7482104592645029,0.7195951178524824,0.6595807585018296,0.7824654760220702,0.774543169010164,0.784193812099153,0.8107427085029824,0.764179035210484,0.7692706847159382,0.08114816560318971,0.7708913404703345,0.7561363438761282,0.7683748970719887,0.7676063589819198,0.7678308221222462,0.6978413368482302,0.7793588051974337,0.7687453334716141,0.7813422463942196,0.7849547665474677,0.7779041145431586,0.7741271443638761,0.7802793758056927,0.7560070747892387,0.7538230976973156,0.7698814012355507,0.7930595986152731
0.7783355918878303,0.7701559435396765,0.7421960735706299,0.8483397386856578,0.738967375934256,0.7687694305689439,0.7591909885856195,0.8413037537849739,0.7805792214105038,1.0,0.7664872402887355,0.8238657539382874,0.7681343963715126,0.8384639448616686,0.8371741996753618,0.7655472072164085,0.7241881827238805,0.7639657783488558,0.7562117989476093,0.7609964009464492,0.7529671940064215,0.7492633372858785,0.7583206746111628,0.7307810814639699,0.705727401586786,0.6399002850998075,0.7630659213359365,0.8401960784485141,0.7609547527108114,0.7643565072924225,0.8361427875828054,0.7556716167650954,0.07222098222620166,0.7512589529262177,0.7397317461184637,0.8051126894359202,0.7491904793207425,0.7476343377985377,0.725029369109148,0.7609197022203982,0.8483066797827654,0.7586944886071753,0.7597130965120831,0.8392757048841888,0.840823611223216,0.7639649165605893,0.7374484046579874,0.7351544739473943,0.8240476579323441,0.7667604971299455
0.7945782311566068,0.8183036189880678,0.7600824766909196,0.7679320588991361,0.7999581850459417,0.817369057832033,0.7979724465779547,0.7690919651098644,0.786765263464076,0.7664872402887355,1.0,0.773637968906153,0.8476766216930196,0.7676017447459825,0.7579887492192783,0.8022530627862576,0.7641397685462938,0.8374845693965113,0.818558749096914,0.801192227139162,0.8233078677276748,0.8362384986597284,0.8406118470057338,0.779057771372744,0.7520879015926358,0.6748148062404348,0.8350226683526019,0.7728947076427192,0.7808339331753662,0.7899048034651568,0.7491354065788198,0.8140331882639449,0.07675785650451306,0.8296579187663261,0.8062440972885767,0.7773900379863928,0.7886597379203297,0.8196828089533528,0.6929059393999994,0.842023659096191,0.7586202233158352,0.8169476556909459,0.8448801970114773,0.7769427776289214,0.7720182870726312,0.7738349730884686,0.788075687461725,0.7852546530652744,0.768636221690727,0.788199753548517
0.7875372850891291,0.7823507559436849,0.7516112853901371,0.8381229356445961,0.732140964211657,0.7702854657383337,0.7652759691271277,0.8284957097405633,0.7669050970073973,0.8238657539382874,0.773637968906153,1.0,0.7668891725488856,0.8284021262234247,0.8432442101932892,0.7653194495430004,0.7322629856369277,0.7690245162849494,0.7594000100730758,0.7662117157509827,0.7614988155729361,0.7563251306041159,0.7650641031248433,0.7331244955693188,0.7179976622707887,0.6453702090719877,0.7711309636084246,0.8343623557854867,0.774488636856145,0.7681877611582603,0.801588086461539,0.7643958901331389,0.07818166396594373,0.7601448594096964,0.7456358251526309,0.804767981584906,0.7521500590252566,0.758434264014591,0.7347887199578238,0.7672580096080108,0.8149343010662028,0.762614803713939,0.7709622396727949,0.8373769138346832,0.839563927147492,0.781006305890434,0.7498786575728931,0.7469450713768273,0.8194290111285819,0.7810369159091014
0.7872342566243442,0.8074893880839067,0.7555269558368006,0.7704745492593509,0.8039104116434449,0.8093304836232733,0.7889655422550892,0.76972454373985,0.7845131977407892,0.7681343963715126,0.8476766216930196,0.7668891725488856,1.0,0.7661523495740307,0.766254667047587,0.8014488503135951,0.760860545633461,0.8281966529350939,0.8201767195600892,0.7930832223926905,0.8292411729862057,0.8443179331833758,0.8526230296673499,0.77225051566847,0.7437570652917627,0.6703912874441336,0.8478094083536518,0.7694103451723446,0.7782881026189727,0.791986688574255,0.7587536421920483,0.8277467225069532,0.07627770563455716,0.8415479573339854,0.7991434408636209,0.7644787148293805,0.7878512137070408,0.8189567536600042,0.691193169581738,0.8464647343373527,0.768830667386037,0.8142858585644064,0.8497422208804077,0.771235189809635,0.7649806686335252,0.7696082886186597,0.7869116479081506,0.7838771899014259,0.7640754031429764,0.783248389079107
0.7766083255556596,0.7734806151025155,0.751710770240122,0.8533003712837249,0.7343474604375562,0.7658527593738608,0.7607475329379452,0.8325704284842913,0.7717203355787168,0.8384639448616686,0.7676017447459825,0.8284021262234247,0.7661523495740307,1.0,0.8535262928058487,0.7656494152512042,0.7268848665450798,0.7694600884217251,0.7617666917361634,0.763884410821003,0.756738997814978,0.7562361193911328,0.7667686957902006,0.7234444110109233,0.7056135521901328,0.6350771828736677,0.7659439469481213,0.8470394305969432,0.7744098900982699,0.7650246711321345,0.8283132846981812,0.7597806065625805,0.07753668912349565,0.7549951607467396,0.7425731066250203,0.8085411314737715,0.7494343885052996,0.7503469407576295,0.7166244803693644,0.7623355506626261,0.8350946123745164,0.758743116285415,0.765186571687708,0.8467948666871797,0.8428812876508975,0.7772540743191669,0.7411797145108423,0.7382611773905571,0.824235115758349,0.7835108476470375
0.7673543240228948,0.7620022189880971,0.7441303163141474,0.8606500194532445,0.7387649382832381,0.7611871980386578,0.755638578574513,0.8250608735479394,0.7733600838691809,0.8371741996753618,0.7579887492192783,0.8432442101932892,0.766254667047587,0.8535262928058487,1.0,0.7621631048660709,0.7196516973476125,0.7616397711332941,0.7535042936841332,0.7586171060773086,0.7519100917593841,0.7467203051997701,0.7598447691429302,0.7186713190131198,0.7007236256951566,0.6302621197371303,0.7624618360193298,0.8276227371778409,0.7685255418275281,0.7627521350464698,0.8296132077861874,0.7566800755515268,0.0808637562068183,0.7484150485043304,0.7339946754662763,0.7984374401611527,0.7471628130117471,0.7427287567026639,0.7155980191161131,0.7544328106063464,0.8410955672538263,0.7563965366287158,0.7569770124175443,0.82477872907524,0.8242564858097872,0.7708702343493667,0.7317196426205175,0.7286765872354359,0.8139241240924877,0.7823183540049888
0.7869103863750536,0.7940470988873956,0.7570588706472116,0.7712671189188598,0.7628408715982651,0.7943577096284118,0.9026059514280261,0.7681254856945594,0.7847848608257989,0.7655472072164085,0.8022530627862576,0.7653194495430004,0.8014488503135951,0.7656494152512042,0.7621631048660709,1.0,0.7396577701714455,0.8109205497644472,0.804959606963085,0.9094152847231007,0.7978812681963149,0.8029070294284318,0.8097773821615539,0.7467308667319519,0.7320006687545815,0.6587088591878398,0.798100832625481,0.7721592161462868,0.7724985523568305,0.7871839615031837,0.7583932446123753,0.7883905478897387,0.08080185579112542,0.7899535354732856,0.7701966321307827,0.7716705226906201,0.8973206835585484,0.77867070526046,0.6866347095164267,0.7895212464114281,0.7637617322794548,0.7864957791678326,0.7960148952608956,0.7759577170676049,0.7741023373589689,0.7668510645748368,0.761541927917187,0.7590480524575889,0.7668282960784427,0.7836859098181186
0.7563752753962412,0.7762387032474016,0.7206157014447097,0.7311931577138792,0.7565422594107385,0.7866894806465012,0.7362962317470727,0.734685666189677,0.7350640217725845,0.7241881827238805,0.7641397685462938,0.7322629856369277,0.760860545633461,0.7268848665450798,0.7196516973476125,0.7396577701714455,1.0,0.7555549840012697,0.7473943586025726,0.7385151152060894,0.7444576827194753,0.7590456431213433,0.7624894148584678,0.815991308280569,0.8081485596888429,0.7378631707937369,0.7569760545853592,0.7318173923136451,0.7556567805572494,0.7427559176392325,0.718498141142207,0.7973801909553511,0.07083318598678734,0.7647141794369563,0.7872736547599319,0.7223300682113896,0.7335063469197745,0.7767623408134632,0.7240963498379295,0.7789298467493215,0.719029217396894,0.7700049251773928,0.7651375507452277,0.7354819084621871,0.737520389254725,0.7373271094854262,0.805734165926988,0.8061454672086882,0.7237384760936432,0.7469677926427687
0.7889511683279715,0.8084979356955164,0.758428147960271,0.7716227644446425,0.7713023609647502,0.8136199276896848,0.8203994916485153,0.7744766219842515,0.7787530411605579,0.7639657783488558,0.8374845693965113,0.7690245162849494,0.8281966529350939,0.7694600884217251,0.7616397711332941,0.8109205497644472,0.7555549840012697,1.0,0.84484871810861,0.8214907852427942,0.8446951643939044,0.8401938105300695,0.8509652501753606,0.7638510371611019,0.7416724964225323,0.6660636130841976,0.8382403640493725,0.7750478218594962,0.7757350947930151,0.7854650111622339,0.7572516330387435,0.8163871945112796,0.07600932802909932,0.8245768438268974,0.7927285710962978,0.7779959086837084,0.8056897821838869,0.8078828055651662,0.6966853444619212,0.8377967321628328,0.7602353194823456,0.8066317702209558,0.8354396121528703,0.7782786803271134,0.7733407007209561,0.7749011593114388,0.7860215513513372,0.7821732553854661,0.767832128799854,0.7894945011946435
0.7772559127437636,0.7977135948896261,0.7515094486059268,0.7631155817917147,0.7661233222436266,0.8051847360677364,0.8116312577147256,0.7688141655058889,0.7762962608241609,0.7562117989476093,0.818558749096914,0.7594000100730758,0.8201767195600892,0.7617666917361634,0.7535042936841332,0.804959606963085,0.7473943586025726,0.84484871810861,1.0,0.8119813442037989,0.8371663557237762,0.8364654702570768,0.8405989489351251,0.7581386253080173,0.7354670297406055,0.6618070257214488,0.827567474667551,0.76858890318438,0.7680323076129255,0.7763254682843642,0.750616464646066,0.8088150913620353,0.0764476077857763,0.8179063883580946,0.7800573183181386,0.7716875846904137,0.7981218775078198,0.799546178193809,0.696466895103899,0.8200737426721343,0.7532822205948124,0.7990129281168954,0.8203005100395937,0.7731516397747491,0.7681136155571422,0.7614523789019088,0.7754928507671139,0.7723066845934109,0.7604738934784686,0.7773673323802421
0.7899368808350119,0.7959711677189771,0.7557363017430953,0.7696193665656176,0.7514765191536705,0.7964575921042348,0.9558314772189153,0.7720979287468879,0.7793217270275423,0.7609964009464492,0.801192227139162,0.7662117157509827,0.7930832223926905,0.763884410821003,0.7586171060773086,0.9094152847231007,0.7385151152060894,0.8214907852427942,0.8119813442037989,1.0,0.809482882066239,0.8051103561787714,0.815743178341536,0.7460359625758329,0.729455179538693,0.6524763619816762,0.8044288955337207,0.7737520117157625,0.7688928149761298,0.7797923243584655,0.7563550856248673,0.7887163636548755,0.07857191223640614,0.7957799759065394,0.7707953274381492,0.7744920023299436,0.9161303152531253,0.7791820249413061,0.6870388310424947,0.7908859715659575,0.7576148152319329,0.7914031799167597,0.8012699226618734,0.7788011932405221,0.7766432858939556,0.7662286529107152,0.7626695123567887,0.7599840184786286,0.7678539948248838,0.7849441553932284
0.7820199220374046,0.8037027013734972,0.7525671870600912,0.7601422617612545,0.7729257577534362,0.8034481814696663,0.807506877182732,0.765319236745069,0.7707821640137351,0.7529671940064215,0.8233078677276748,0.7614988155729361,0.8292411729862057,0.756738997814978,0.7519100917593841,0.7978812681963149,0.7444576827194753,0.8446951643939044,0.8371663557237762,0.809482882066239,1.0,0.8367812683626537,0.8511712705385486,0.7576265006227931,0.7348259090690873,0.6605644775327748,0.8401792232135709,0.7663057950526762,0.7702378191787367,0.7798975405370752,0.7453260100875783,0.8097659444467163,0.07421928002840061,0.8297886505068569,0.7874906710649486,0.7715411413910466,0.7918092401856348,0.8097111004979277,0.6861793373022673,0.832510144430737,0.7524351928910661,0.7980948518812108,0.8299042568000756,0.7695925885579814,0.7663924398544356,0.768961719952086,0.7777406515440152,0.7741633823564971,0.757579879770585,0.7824966310849304
0.7822085989919463,0.797055553860285,0.7571227453911338,0.7527721136415895,0.7714265144411958,0.8026731459643669,0.8040092080774711,0.7595782301907826,0.7719224121642115,0.7492633372858785,0.8362384986597284,0.7563251306041159,0.8443179331833758,0.7562361193911328,0.7467203051997701,0.8029070294284318,0.7590456431213433,0.8401938105300695,0.8364654702570768,0.8051103561787714,0.8367812683626537,1.0,0.8949450769524572,0.7660350235508407,0.7482814676824303,0.6683085111239625,0.8392139823530882,0.7622277154045849,0.7786535706250792,0.7779282564902099,0.7432443043309171,0.820750484663548,0.07428324136494646,0.8625965705900518,0.7893491109695793,0.7646055523615554,0.7948869970462635,0.8178077177218985,0.6884957326405214,0.8369481904760574,0.7453871884994365,0.8048430662986544,0.8437383421369424,0.7659439730159642,0.7589441824898548,0.7667757506555507,0.7848660765965426,0.7824212181983874,0.7512825569962389,0.7812535216082557
0.7895564550219824,0.8087378416778777,0.7625518255083261,0.7672910898182155,0.7858150325334308,0.8164732763337748,0.8130788040930774,0.7721100271120944,0.7805535268296534,0.7583206746111628,0.8406118470057338,0.7650641031248433,0.8526230296673499,0.7667686957902006,0.7598447691429302,0.8097773821615539,0.7624894148584678,0.8509652501753606,0.8405989489351251,0.815743178341536,0.8511712705385486,0.8949450769524572,1.0,0.767018478586269,0.7487969792117704,0.6670570413964967,0.8564137693799885,0.7732057687572997,0.7838763337067476,0.7818986380492603,0.7532414295093667,0.830305067690033,0.07425599555722262,0.867879716321337,0.7953814595716361,0.7710853569140979,0.800388655556174,0.8226975564840684,0.6915482783202938,0.8412497366710813,0.7581445031335452,0.8133227850440674,0.8497613841858267,0.7769164253549002,0.771695115453133,0.7776383551610624,0.7867315766418489,0.7833156417256298,0.7633872503413238,0.7919171153601924
0.7606069108123218,0.7967978844862588,0.7162588573672464,0.7310232003964012,0.7596654339952351,0.8006273281233031,0.7440917966262395,0.7376817605644996,0.7482104592645029,0.7307810814639699,0.779057771372744,0.7331244955693188,0.77225051566847,0.7234444110109233,0.7186713190131198,0.7467308667319519,0.815991308280569,0.7638510371611019,0.7581386253080173,0.7460359625758329,0.7576265006227931,0.7660350235508407,0.767018478586269,1.0,0.8077849277819596,0.7296725671884419,0.7694825262087202,0.7309888157427162,0.7557758328271581,0.7518413864999506,0.7175735615191772,0.7840506063633358,0.06970564818383918,0.7639691472883132,0.8177358727547797,0.7258569045448949,0.7402879373287639,0.7796765634576774,0.700740387854192,0.7808091400071118,0.7213000938655758,0.7765479842008833,0.7716621292917242,0.7363000472183834,0.7367883856978577,0.7333279801370727,0.787436517644706,0.7899620745717625,0.7217915652674987,0.7435799557745666
0.738841598334249,0.7748515207278837,0.7060056148702285,0.7108097942424101,0.7377777113591621,0.774665576075163,0.7263741147311304,0.7177810111142269,0.7195951178524824,0.705727401586786,0.7520879015926358,0.7179976622707887,0.7437570652917627,0.7056135521901328,0.7007236256951566,0.7320006687545815,0.8081485596888429,0.7416724964225323,0.7354670297406055,0.729455179538693,0.7348259090690873,0.7482814676824303,0.7487969792117704,0.8077849277819596,1.0,0.7515713692178235,0.7435249626640605,0.7106223310509093,0.73739449989367,0.7264691443023663,0.6929963820013839,0.7803242325554107,0.06985580255729529,0.7467775870784118,0.8007500845806708,0.6999448271432378,0.7243549794342993,0.7752573948344591,0.7158065303226511,0.7641921302342378,0.6986977518814752,0.7463556224317994,0.7517166014867724,0.7217163595104228,0.7247138029711857,0.726110660172776,0.7945240962465399,0.7966949652818449,0.7069806285597788,0.728033536421377
0.6651932400184974,0.6800982670672399,0.6313679995049695,0.6394839170575053,0.6628581118195765,0.6866899717854242,0.6506210038299467,0.6469784170382916,0.6595807585018296,0.6399002850998075,0.6748148062404348,0.6453702090719877,0.6703912874441336,0.6350771828736677,0.6302621197371303,0.6587088591878398,0.7378631707937369,0.6660636130841976,0.6618070257214488,0.6524763619816762,0.6605644775327748,0.6683085111239625,0.6670570413964967,0.7296725671884419,0.7515713692178235,1.0,0.662208503349925,0.6414164068568626,0.666576658949696,0.6527948103514377,0.6267708772324738,0.6863500284972972,0.06671244142640753,0.6721864452613646,0.7079856133751266,0.6301745908461234,0.6479107345821947,0.7038700828578914,0.6877161103966778,0.6949100246759041,0.6290049803104474,0.6781193652324237,0.6711879839939353,0.6481395693211547,0.6499749614164636,0.6535067365752272,0.7338286945389045,0.7436746900552684,0.636900394057683,0.6538774884446277
0.7864049933504165,0.8121743191214437,0.7573235248220904,0.7675803721393308,0.7861741640886628,0.8095000636865274,0.8025855607725131,0.7723744741281138,0.7824654760220702,0.7630659213359365,0.8350226683526019,0.7711309636084246,0.8478094083536518,0.7659439469481213,0.7624618360193298,0.798100832625481,0.7569760545853592,0.8382403640493725,0.827567474667551,0.8044288955337207,0.8401792232135709,0.8392139823530882,0.8564137693799885,0.7694825262087202,0.7435249626640605,0.662208503349925,1.0,0.7703611410270664,0.7777942359278649,0.7819880153311685,0.7587377177849954,0.8247793812745281,0.07325307883242993,0.8328273108612404,0.7966341140726972,0.766701558911721,0.7896234286418596,0.8400627283600992,0.6896106758014695,0.8436479176776857,0.7633956422741822,0.811427560161496,0.8668938618750242,0.7762314303783011,0.7730728463335337,0.7732396735464202,0.7800170744646284,0.7763289367900652,0.7668412267808223,0.7847557449120828
0.7819761152491964,0.7783132381028033,0.7527031586890351,0.8466313780208805,0.7312365142837448,0.7713412450587517,0.7716551775913374,0.8879157014498247,0.774543169010164,0.8401960784485141,0.7728947076427192,0.8343623557854867,0.7694103451723446,0.8470394305969432,0.8276227371778409,0.7721592161462868,0.7318173923136451,0.7750478218594962,0.76858890318438,0.7737520117157625,0.7663057950526762,0.7622277154045849,0.7732057687572997,0.7309888157427162,0.7106223310509093,0.6414164068568626,0.7703611410270664,1.0,0.7783967693937474,0.7673099501505584,0.8240511970383788,0.7645272380843785,0.07669203295364402,0.7604866097048368,0.7447114193285408,0.8090074761568202,0.7583288595053569,0.7611032841725024,0.7282705244411094,0.7668363614332794,0.8323380529610178,0.764069790247536,0.7708840340773179,0.9285346286682948,0.9082797707376506,0.7819391677166623,0.7492387099078813,0.7460885095858235,0.8282994367108135,0.7845879229752457
0.7908553519374653,0.7821459689843682,0.7737522369939154,0.7681188844931042,0.7451768768172919,0.7763205841472987,0.7668889071354476,0.7676595236288587,0.784193812099153,0.7609547527108114,0.7808339331753662,0.774488636856145,0.7782881026189727,0.7744098900982699,0.7685255418275281,0.7724985523568305,0.7556567805572494,0.7757350947930151,0.7680323076129255,0.7688928149761298,0.7702378191787367,0.7786535706250792,0.7838763337067476,0.7557758328271581,0.73739449989367,0.666576658949696,0.7777942359278649,0.7783967693937474,1.0,0.7873122989669251,0.7572725652207108,0.7796066056434057,0.07518187326014303,0.7777728589527673,0.7645739121931371,0.7744036829014991,0.7560290385050656,0.7768617257007808,0.7093355575204684,0.7779561330743179,0.7558904643435447,0.7636838074150659,0.7768251786925693,0.7805088056666127,0.7765714374782767,0.8015125541673401,0.7733502171054347,0.7699073390922532,0.7654714876843886,0.858443159900866
0.8100768493368149,0.7875654441851351,0.7720254038338046,0.7668215433711414,0.7452489514114489,0.77942196500039,0.7756124448078192,0.7667021125749004,0.8107427085029824,0.7643565072924225,0.7899048034651568,0.7681877611582603,0.791986688574255,0.7650246711321345,0.7627521350464698,0.7871839615031837,0.7427559176392325,0.7854650111622339,0.7763254682843642,0.7797923243584655,0.7798975405370752,0.7779282564902099,0.7818986380492603,0.7518413864999506,0.7264691443023663,0.6527948103514377,0.7819880153311685,0.7673099501505584,0.7873122989669251,1.0,0.7534064577526249,0.7766844398399669,0.08017228359925421,0.7716094109171363,0.7699470351530703,0.7683271964729629,0.7707471415712456,0.7687281515161686,0.6887310744405605,0.7814617461590445,0.7592800370354764,0.7725488654094026,0.7864986895253178,0.7709642626918762,0.7654420466622724,0.7959876883243882,0.7640712159967347,0.7605715004820272,0.7688483700501535,0.7999611683909933
0.7607310961124827,0.7521773032615551,0.7334016764458972,0.8364360549046208,0.7284480849805146,0.749006467327048,0.753566940040749,0.8229516217826363,0.764179035210484,0.8361427875828054,0.7491354065788198,0.801588086461539,0.7587536421920483,0.8283132846981812,0.8296132077861874,0.7583932446123753,0.718498141142207,0.7572516330387435,0.750616464646066,0.7563550856248673,0.7453260100875783,0.7432443043309171,0.7532414295093667,0.7175735615191772,0.6929963820013839,0.6267708772324738,0.7587377177849954,0.8240511970383788,0.7572725652207108,0.7534064577526249,1.0,0.750428216754976,0.07657850732025373,0.7408066680278174,0.7229179630441107,0.7871861358604264,0.7448320583960171,0.7408556710162372,0.7086202729128181,0.7508748605977527,0.8636576093452369,0.7453498318521569,0.7545028701125092,0.8241007382904011,0.8179462474997528,0.7591876703160579,0.7293351521647287,0.7263102049041092,0.8060928064171993,0.7613486536730687
0.7803389451890977,0.801488545140356,0.7508546011389962,0.7669627224201703,0.7949643010362697,0.8052730630865044,0.7854887031673017,0.7673894424976585,0.7692706847159382,0.7556716167650954,0.8140331882639449,0.7643958901331389,0.8277467225069532,0.7597806065625805,0.7566800755515268,0.7883905478897387,0.7973801909553511,0.8163871945112796,0.8088150913620353,0.7887163636548755,0.8097659444467163,0.820750484663548,0.830305067690033,0.7840506063633358,0.7803242325554107,0.6863500284972972,0.8247793812745281,0.7645272380843785,0.7796066056434057,0.7766844398399669,0.750428216754976,1.0,0.07774411636430423,0.8157032055470094,0.7876371122941013,0.7595508831171524,0.7854537604631808,0.8150137441135749,0.708440936936811,0.8242214037434061,0.7528455286059862,0.8013134154503159,0.8325408375443394,0.7677295849302944,0.7662705937227577,0.7687146891579976,0.7938939211087137,0.7914656124966817,0.7541967731924972,0.7774265925955729
0.07182459217779147,0.07297739531930458,0.07494727189582373,0.0737495057344063,0.07464810490305374,0.07845328608762048,0.07808803080084326,0.07570348705515295,0.08114816560318971,0.07222098222620166,0.07675785650451306,0.07818166396594373,0.07627770563455716,0.07753668912349565,0.0808637562068183,0.08080185579112542,0.07083318598678734,0.07600932802909932,0.0764476077857763,0.07857191223640614,0.07421928002840061,0.07428324136494646,0.07425599555722262,0.06970564818383918,0.06985580255729529,0.06671244142640753,0.07325307883242993,0.07669203295364402,0.07518187326014303,0.08017228359925421,0.07657850732025373,0.07774411636430423,1.0,0.07592805939920477,0.07528946812339221,0.07677884548669134,0.08084877911154542,0.07134545252228408,0.08454440876332814,0.0766310202438919,0.07562549312943623,0.07629315305091278,0.07632159741580813,0.07771558284114433,0.07438201417877888,0.08402044039643097,0.08058505281936545,0.08015655957092882,0.0768740084838101,0.07636406246862049
0.7832379173821262,0.7993337688725966,0.7556931812815042,0.7561153202892548,0.7867225058334105,0.8170835015491025,0.7932519541976927,0.7603774714948974,0.7708913404703345,0.7512589529262177,0.8296579187663261,0.7601448594096964,0.8415479573339854,0.7549951607467396,0.7484150485043304,0.7899535354732856,0.7647141794369563,0.8245768438268974,0.8179063883580946,0.7957799759065394,0.8297886505068569,0.8625965705900518,0.867879716321337,0.7639691472883132,0.7467775870784118,0.6721864452613646,0.8328273108612404,0.7604866097048368,0.7777728589527673,0.7716094109171363,0.7408066680278174,0.8157032055470094,0.07592805939920477,1.0,0.7957187474058613,0.7688433721213975,0.7815303397241589,0.8165471820643762,0.702577883437063,0.8316063233414555,0.7483677210189477,0.8086639715211406,0.8419487734744713,0.7638257417253346,0.76080182637261,0.7669293822201378,0.7887269195920716,0.7872892799509337,0.7532265950627539,0.7851762107092581
0.7710991260298529,0.8191925189795044,0.7366944051095721,0.7393679019714049,0.7604498916644219,0.8271127072178279,0.7690107076623706,0.7446022685173168,0.7561363438761282,0.7397317461184637,0.8062440972885767,0.7456358251526309,0.7991434408636209,0.7425731066250203,0.7339946754662763,0.7701966321307827,0.7872736547599319,0.7927285710962978,0.7800573183181386,0.7707953274381492,0.7874906710649486,0.7893491109695793,0.7953814595716361,0.8177358727547797,0.8007500845806708,0.7079856133751266,0.7966341140726972,0.7447114193285408,0.7645739121931371,0.7699470351530703,0.7229179630441107,0.7876371122941013,0.07528946812339221,0.7957187474058613,1.0,0.7445786059383723,0.7565245840178735,0.7918960305880501,0.7038065012595769,0.8052099516161845,0.7310996574975608,0.7985359269810751,0.8042755880511547,0.7497296016883905,0.7488050579306299,0.7524398362019422,0.8062423482553525,0.8053970136052827,0.7375872048608628,0.7661108673995388
0.7745444653677427,0.7662508302989841,0.754242682613015,0.8043939000091548,0.7309655226921705,0.7719450321778958,0.7742622719029354,0.8041857211041481,0.7683748970719887,0.8051126894359202,0.7773900379863928,0.804767981584906,0.7644787148293805,0.8085411314737715,0.7984374401611527,0.7716705226906201,0.7223300682113896,0.7779959086837084,0.7716875846904137,0.7744920023299436,0.7715411413910466,0.7646055523615554,0.7710853569140979,0.7258569045448949,0.6999448271432378,0.6301745908461234,0.766701558911721,0.8090074761568202,0.7744036829014991,0.7683271964729629,0.7871861358604264,0.7595508831171524,0.07677884548669134,0.7688433721213975,0.7445786059383723,1.0,0.7585963993294739,0.7519867768537681,0.7216304939058282,0.7645689126174467,0.796212748934443,0.7575332976132603,0.7660326315289223,0.8081632837010054,0.8099111958056864,0.7744173650612792,0.7391489051402755,0.7360653478688004,0.8004359818635876,0.7813344478996664
0.7755641453433127,0.7808151785227462,0.741153682853386,0.7567122441836551,0.7484838313029913,0.785897166669079,0.9150577621282664,0.7547832640987617,0.7676063589819198,0.7491904793207425,0.7886597379203297,0.7521500590252566,0.7878512137070408,0.7494343885052996,0.7471628130117471,0.8973206835585484,0.7335063469197745,0.8056897821838869,0.7981218775078198,0.9161303152531253,0.7918092401856348,0.7948869970462635,0.800388655556174,0.7402879373287639,0.7243549794342993,0.6479107345821947,0.7896234286418596,0.7583288595053569,0.7560290385050656,0.7707471415712456,0.7448320583960171,0.7854537604631808,0.08084877911154542,0.7815303397241589,0.7565245840178735,0.7585963993294739,1.0,0.7639945239408243,0.6768463697883322,0.7756406839194838,0.7454995482538196,0.7814493141753105,0.7873290573089333,0.7630549623840963,0.7619631452887266,0.7508595542511187,0.7504727215872613,0.7486177545747467,0.7531680927388815,0.7701571256774492
0.7816415307746201,0.808031799968239,0.7466777486670495,0.7489239325072496,0.7885661149467895,0.8052289728032801,0.7753067857381817,0.7635148881147754,0.7678308221222462,0.7476343377985377,0.8196828089533528,0.758434264014591,0.8189567536600042,0.7503469407576295,0.7427287567026639,0.77867070526046,0.7767623408134632,0.8078828055651662,0.799546178193809,0.7791820249413061,0.8097111004979277,0.8178077177218985,0.8226975564840684,0.7796765634576774,0.7752573948344591,0.7038700828578914,0.8400627283600992,0.7611032841725024,0.7768617257007808,0.7687281515161686,0.7408556710162372,0.8150137441135749,0.07134545252228408,0.8165471820643762,0.7918960305880501,0.7519867768537681,0.7639945239408243,1.0,0.7184815983695338,0.8330233163508298,0.7476931769287314,0.796891269269717,0.8446705695686398,0.7669118598511613,0.7625410436134632,0.7649929158347049,0.8056821023818759,0.80424149843812,0.753989069461159,0.7756311284851767
0.7037858190996982,0.6938604668855534,0.6773620188476519,0.725049418087599,0.6854223180941323,0.7136661621869296,0.6872854872864052,0.7318803153877467,0.6978413368482302,0.725029369109148,0.6929059393999994,0.7347887199578238,0.691193169581738,0.7166244803693644,0.7155980191161131,0.6866347095164267,0.7240963498379295,0.6966853444619212,0.696466895103899,0.6870388310424947,0.6861793373022673,0.6884957326405214,0.6915482783202938,0.700740387854192,0.7158065303226511,0.6877161103966778,0.6896106758014695,0.7282705244411094,0.7093355575204684,0.6887310744405605,0.7086202729128181,0.708440936936811,0.08454440876332814,0.702577883437063,0.7038065012595769,0.7216304939058282,0.6768463697883322,0.7184815983695338,1.0,0.7102292747573159,0.7155729010153338,0.7011276822980617,0.6940342097310441,0.7327794830707826,0.7351795539232562,0.702985119772882,0.7365863127651999,0.7377981974964338,0.7232709808082394,0.7044189752389662
