../ecoli_genomes/GCF_000163235.1_ASM16323v1_genomic.fna.gz,../ecoli_genomes/GCF_000164555.1_ASM16455v1_genomic.fna.gz,../ecoli_genomes/GCF_000208545.1_ASM20854v2_genomic.fna.gz,../ecoli_genomes/GCF_000233875.1_ASM23387v1_genomic.fna.gz,../ecoli_genomes/GCF_000249735.1_ASM24973v2_genomic.fna.gz,../ecoli_genomes/GCF_000261145.1_Esch_coli_M919_V2_genomic.fna.gz,../ecoli_genomes/GCF_000267705.2_ASM26770v2_genomic.fna.gz,../ecoli_genomes/GCF_000350665.1_Esch_coli_KTE5_V1_genomic.fna.gz,../ecoli_genomes/GCF_000351625.1_Esch_coli_KTE66_V1_genomic.fna.gz,../ecoli_genomes/GCF_000352285.1_Esch_coli_KTE46_V1_genomic.fna.gz,../ecoli_genomes/GCF_000358895.1_ASM35889v1_genomic.fna.gz,../ecoli_genomes/GCF_000456385.1_Esch_coli_HVH_26_4-5703913_V1_genomic.fna.gz,../ecoli_genomes/GCF_000458195.1_Esch_coli_HVH_147_4-5893887_V1_genomic.fna.gz,../ecoli_genomes/GCF_000459755.1_Esch_coli_KOEGE_58_171a_V1_genomic.fna.gz,../ecoli_genomes/GCF_000460055.1_Esch_coli_UMEA_3053-1_V1_genomic.fna.gz,../ecoli_genomes/GCF_000462165.2_ASM46216v2_genomic.fna.gz,../ecoli_genomes/GCF_000601135.1_ASM60113v1_genomic.fna.gz,../ecoli_genomes/GCF_000614595.1_Ec2010EL1058_genomic.fna.gz,../ecoli_genomes/GCF_000617745.1_Ec2010C-4529_genomic.fna.gz,../ecoli_genomes/GCF_000618265.2_EcF6751_genomic.fna.gz,../ecoli_genomes/GCF_000619005.2_Ec2009C-4052_genomic.fna.gz,../ecoli_genomes/GCF_000619105.1_Ec2009C-4780_genomic.fna.gz,../ecoli_genomes/GCF_000619765.2_Ec2009C-3279_genomic.fna.gz,../ecoli_genomes/GCF_000687005.1_ASM68700v1_genomic.fna.gz,../ecoli_genomes/GCF_000687025.1_ASM68702v1_genomic.fna.gz,../ecoli_genomes/GCF_000700125.1_ASM70012v1_genomic.fna.gz,../ecoli_genomes/GCF_000753315.1_FHI35_genomic.fna.gz,../ecoli_genomes/GCF_000776375.1_ASM77637v1_genomic.fna.gz,../ecoli_genomes/GCF_000779395.1_ASM77939v1_genomic.fna.gz,../ecoli_genomes/GCF_000780315.1_ASM78031v1_genomic.fna.gz,../ecoli_genomes/GCF_000781995.1_ASM78199v1_genomic.fna.gz,../ecoli_genomes/GCF_000986765.1_ASM98676v1_genomic.fna.gz,../ecoli_genomes/GCF_001041375.1_ViralProj287958_genomic.fna.gz,../ecoli_genomes/GCF_001265335.1_302014_genomic.fna.gz,../ecoli_genomes/GCF_001265625.1_100854_genomic.fna.gz,../ecoli_genomes/GCF_001267345.1_303289_genomic.fna.gz,../ecoli_genomes/GCF_001309985.1_ASM130998v1_genomic.fna.gz,../ecoli_genomes/GCF_001521695.1_ASM152169v1_genomic.fna.gz,../ecoli_genomes/GCF_001592595.1_ASM159259v1_genomic.fna.gz,../ecoli_genomes/GCF_001614975.1_ASM161497v1_genomic.fna.gz,../ecoli_genomes/GCF_001692775.1_ASM169277v1_genomic.fna.gz,../ecoli_genomes/GCF_001748915.1_ASM174891v1_genomic.fna.gz,../ecoli_genomes/GCF_001749235.1_ASM174923v1_genomic.fna.gz,../ecoli_genomes/GCF_001881155.1_ASM188115v1_genomic.fna.gz,../ecoli_genomes/GCF_001881345.1_ASM188134v1_genomic.fna.gz,../ecoli_genomes/GCF_001892405.1_ASM189240v1_genomic.fna.gz,../ecoli_genomes/GCF_001892585.1_ASM189258v1_genomic.fna.gz,../ecoli_genomes/GCF_001893985.1_ASM189398v1_genomic.fna.gz,../ecoli_genomes/GCF_002001595.1_ASM200159v1_genomic.fna.gz,../ecoli_genomes/GCF_002002145.1_ASM200214v1_genomic.fna.gz
1.0,0.7815431905335136,0.763080496588414,0.7565450167856225,0.7316420371376795,0.754290945711534,0.7652441863841826,0.76403508268368,0.7929921479374549,0.7644156359835648,0.7689057823782017,0.7637180518391232,0.7741493300971309,0.7550086535716702,0.7518039530684502,0.759147669128562,0.7577400405049246,0.776688617719599,0.7486675316960072,0.7711022930007319,0.7695205199847397,0.760008608540863,0.7812946182316959,0.759990885415655,0.7543771511361959,0.6923144784972872,0.7742528350229277,0.7557861126607326,0.7829196682294098,0.7923133093748731,0.7467051781528071,0.761534081047346,0.05259861571792124,0.7703317935550392,0.7668565248321471,0.7641718513789076,0.7549922994054331,0.7694855702407298,0.6988834522713663,0.7720653841775356,0.7438326659341064,0.7692524706912844,0.7712328868775195,0.7619090185882829,0.7641482862732133,0.7632183601695284,0.7669814776564816,0.7674644087017268,0.7570164416166396,0.7830818069702488
0.7815431905335136,1.0,0.7624918184932203,0.7529207740737234,0.7536350397148485,0.8107208974977239,0.7791988248808301,0.7637441266625503,0.7713791926464834,0.7644424047255807,0.7985004269501647,0.7611648972996468,0.8011632165485418,0.7519261832434305,0.7458503494444171,0.7771570258223414,0.8014663291855021,0.8059171353366495,0.7662650383740447,0.7872282053985066,0.7964333705347073,0.7865281011262835,0.8045724503496384,0.826775359315331,0.8178459611115946,0.727100729323638,0.8063051333212239,0.7563801982905036,0.7713600656123993,0.7798786738311982,0.7486566974594768,0.7866570269946543,0.050903919508652584,0.8009947523002349,0.8327992904677877,0.7582725849019485,0.7701576234672819,0.808055363835952,0.6877676952767184,0.8050166853255469,0.7428795186408144,0.8134762054683338,0.8043600979315445,0.7677461250445814,0.7625298376679043,0.7613767466344994,0.817943639591082,0.8161784808726233,0.7677383862908499,0.7748028494115061
0.763080496588414,0.7624918184932203,1.0,0.7360978251265389,0.7141608315071051,0.732957463548723,0.7424939022904025,0.7439829174816771,0.7507148654615832,0.7432374427438821,0.7548694856671934,0.7365680970512729,0.7517515253439649,0.7338878206944799,0.7290417102122705,0.7458100240777294,0.7261915362208708,0.7564546741620579,0.7214765217940373,0.7523323512025532,0.7511443583364498,0.7428468677879796,0.7561040347164572,0.7374512217658493,0.7316206245955658,0.679106316952785,0.7630059586054994,0.7386221113618809,0.7566106556656137,0.7594988287447688,0.7300835060344233,0.7354458822100818,0.050149970114620745,0.7488711523793161,0.7436401290848813,0.7421926188566801,0.7359158699834034,0.7570691292846192,0.6759658292566679,0.7605449501466253,0.7273595308997185,0.7519884209440459,0.7634890333872254,0.7479328234290923,0.7389293834020737,0.742201401383796,0.7516067053727998,0.7515014141133356,0.7460868820329641,0.7644093519679069
0.7565450167856225,0.7529207740737234,0.7360978251265389,1.0,0.7205947173416616,0.7348947001085628,0.744812448518682,0.8216842155678126,0.7412115234332747,0.8260081171661119,0.7464466104489365,0.8260723653672443,0.7498037167610191,0.8368561814080364,0.8450031326615861,0.7515056596330199,0.7418858050757422,0.7462578160471057,0.7267975659863537,0.7530544200887869,0.7442100668322149,0.7377511583304832,0.7549804440338788,0.7345164115543613,0.735634375530412,0.6765435960112549,0.7470945496380501,0.8313553890473742,0.7667046215789687,0.7475290405434794,0.8214067505294878,0.7480449481082465,0.053406965299138576,0.7408303423624756,0.7309805195362346,0.79141680635808,0.7410853157823235,0.7417758517682651,0.7247327129063624,0.7421597813784135,0.8262219298853016,0.7445499893899648,0.740664139250911,0.8338437775396148,0.8268593497752006,0.756966635095986,0.7489265102416005,0.7497587037538102,0.8113753423730212,0.7721342511720799
0.7316420371376795,0.7536350397148485,0.7141608315071051,0.7205947173416616,1.0,0.7482005605377002,0.7366645704548993,0.721558639355707,0.7263628839354652,0.7208611923039112,0.7761289227000234,0.7218223598065743,0.7801191068438484,0.7141807555035822,0.7217566140587104,0.7403631663007532,0.7497998511145929,0.7666940021467994,0.7406660620382339,0.7403186294447133,0.7669854536579168,0.7576791475431272,0.7719112665206511,0.7553191652514468,0.7435061071120378,0.6936030487384764,0.7653046724279344,0.708830844654448,0.7258783645472807,0.7340824283351408,0.7055826764973469,0.7671670809011324,0.06504649444280408,0.764095054830241,0.7467199363587588,0.7242879494228323,0.7272679330837251,0.7804830729108108,0.7054523837739427,0.7728227969737467,0.7145986441423795,0.759396386471508,0.7764517866937207,0.719219509127891,0.722373483684758,0.7248617019459391,0.7651257059998118,0.7660336507427787,0.7194810380625005,0.7266012231237428
0.754290945711534,0.8107208974977239,0.732957463548723,0.7348947001085628,0.7482005605377002,1.0,0.7661361636350814,0.7489562226046765,0.7502062114140541,0.7418607787851359,0.7720566477272398,0.7414440321025259,0.7811221739428671,0.7351067186991158,0.7298940612691435,0.7677340875609675,0.7855068912618334,0.7852181813629566,0.7627088557946433,0.7678888743329431,0.7809904026990999,0.7901248694374341,0.7885207965758332,0.7954818356364767,0.8006309740423552,0.7277834072811746,0.7740396904487483,0.7369771111730515,0.7499628727584888,0.7498210150051519,0.7265693776801477,0.780452847077251,0.05426585454736599,0.7867017528540607,0.7964575712729217,0.7486214343269972,0.7574299957536617,0.7805279868480764,0.6862229702361631,0.7779496871288795,0.7238472079338665,0.7976610204560953,0.7789833239800433,0.7507326728326629,0.7493133070937696,0.7375898839341113,0.7959707877047458,0.7986077755633072,0.7428775554815175,0.7537615876241451
0.7652441863841826,0.7791988248808301,0.7424939022904025,0.744812448518682,0.7366645704548993,0.7661361636350814,1.0,0.7478922964727035,0.7522977758328702,0.7390071717859562,0.7648739089109492,0.7368142734060728,0.7635176123229902,0.7345192703513566,0.729416587231132,0.8828293648179908,0.7639298284667606,0.8001566008115251,0.7569806763655438,0.9346532540928685,0.7944517575055354,0.7735414442218959,0.8018070089578424,0.7688133752455314,0.763678318570839,0.6934285194291208,0.7866096099251425,0.7375746098168368,0.7609141280909335,0.7535991886541239,0.7285837917050437,0.7740152754749792,0.05106547325911537,0.7837512188902366,0.7705999137322597,0.7582731566102454,0.905118502456717,0.7668821840343372,0.6997168516421881,0.774376898029979,0.7280686658202096,0.7716579339125358,0.7763301413919317,0.7525698687544189,0.7502293902446248,0.7442413155262516,0.771754374246489,0.7718297470959888,0.7364151815927027,0.7624126056331069
0.76403508268368,0.7637441266625503,0.7439829174816771,0.8216842155678126,0.721558639355707,0.7489562226046765,0.7478922964727035,1.0,0.7462779834600299,0.8250568669865173,0.7494827364910086,0.8220849159651902,0.7599470433502173,0.819943454499515,0.817132644583583,0.7491748649156562,0.7451491770738681,0.758076319115167,0.7394065162545884,0.7541245286841206,0.7538041466851477,0.7471450490322853,0.7609234549117632,0.7440359290402798,0.7350581781810175,0.6816858114436782,0.7574630959622973,0.8785467906404866,0.7789596971582179,0.754176558290695,0.8152643753529528,0.7528523218635408,0.05240972801557153,0.7535490205488133,0.7384148202039835,0.7949312749256163,0.7406517306014488,0.7590248722818413,0.7283324226987009,0.7561546311730002,0.8150214772593644,0.7518101258753171,0.7526294574445134,0.8871379999949074,0.8756289202902351,0.7620042700027844,0.7520583018398526,0.7532788052874143,0.8085186127372136,0.7783484497276243
0.7929921479374549,0.7713791926464834,0.7507148654615832,0.7412115234332747,0.7263628839354652,0.7502062114140541,0.7522977758328702,0.7462779834600299,1.0,0.7542088201265086,0.7622341471735998,0.7459845418407898,0.7618804205016867,0.7420234096125616,0.7416764390280495,0.755651556769456,0.7497097842015699,0.7670789763305264,0.7276531601613223,0.761631555563496,0.7532485150916824,0.7499036440205497,0.7628205171055366,0.7534204811858217,0.7459703742108807,0.6884310278842296,0.763420717917118,0.7382726923861076,0.7679552918368369,0.8017807314828378,0.7376884538164484,0.7495421693770481,0.05079756908038524,0.7577538286097716,0.7558417667894934,0.7576023989129097,0.7458568120074369,0.751321553310121,0.6832999720036933,0.7670768950683016,0.7386895229087973,0.7636171173015662,0.764263584889284,0.7473205953159221,0.7445406888574488,0.7619742349324732,0.7661970649434116,0.7659356517030823,0.7510973033896308,0.7805223983496964
0.7644156359835648,0.7644424047255807,0.7432374427438821,0.8260081171661119,0.7208611923039112,0.7418607787851359,0.7390071717859562,0.8250568669865173,0.7542088201265086,1.0,0.7587755461186143,0.8223489118260167,0.7663024463505017,0.8123107542229987,0.8189670882937368,0.7477032583775787,0.7394492707485095,0.7563732803392248,0.7304113338120903,0.7478072012525235,0.7471376623031367,0.7414725536167106,0.7542959892245706,0.7494269631966577,0.7365452285675311,0.6838420348126328,0.7544414391341604,0.8214072159194786,0.7731322937972179,0.7616852087542023,0.8248872473754876,0.742198332055577,0.05247273617422077,0.7462787346754611,0.7414145082988648,0.7963114134281004,0.7362344724109154,0.7476280992594756,0.7242364617502612,0.7550663635503387,0.8239474942858094,0.7533019752385578,0.7495446930823366,0.8212688153619835,0.8187366270832163,0.7593759644643845,0.7548768883920542,0.7548692934186036,0.8187469778632457,0.7729636282122855
0.7689057823782017,0.7985004269501647,0.7548694856671934,0.7464466104489365,0.7761289227000234,0.7720566477272398,0.7648739089109492,0.7494827364910086,0.7622341471735998,0.7587755461186143,1.0,0.7470451290893645,0.826672478087895,0.7420450812869825,0.7384056538215349,0.7713189727820647,0.767247379056111,0.8179269060946194,0.763408760971071,0.773115904611895,0.8053824418460345,0.7988670380318189,0.8114723875838034,0.7928449603322414,0.7714785313232799,0.720596390632857,0.8189890094565669,0.7467143792660804,0.7592323677380798,0.7712273218998676,0.7423611109616202,0.7877151397648998,0.053556845321880764,0.796467906256399,0.7847490252187126,0.7600452882415536,0.7592206891740443,0.8072063879801187,0.6831267978239671,0.8335609411731549,0.7386436242459361,0.8005956413083761,0.8279784639775334,0.7521055605318747,0.7480023456246752,0.7496461470035984,0.7958632912605415,0.7952864966903859,0.7566588644805263,0.7638672124216324
0.7637180518391232,0.7611648972996468,0.7365680970512729,0.8260723653672443,0.7218223598065743,0.7414440321025259,0.7368142734060728,0.8220849159651902,0.7459845418407898,0.8223489118260167,0.7470451290893645,1.0,0.7525282520054714,0.8155542013952638,0.8468638659124983,0.7424793864090049,0.7401651905438895,0.7451656921995511,0.7254747476278951,0.7434378275105514,0.7460181730016475,0.737320368014528,0.7509923847087326,0.7429097310014027,0.7329945466560323,0.6796861305778079,0.7485416705929677,0.8188076692959871,0.7667695184760379,0.7572439270206357,0.8019510676592995,0.739114245850435,0.04851855404073424,0.7456127645135404,0.738887341598143,0.7953700976986349,0.7332206656134688,0.747241198243542,0.7264070576056306,0.7473300821434588,0.8067244413806327,0.7457272308566241,0.7443890329693296,0.8228148744043559,0.8194963481548383,0.7589113336501377,0.7476347996577255,0.7482324860077414,0.803508029038674,0.765998493962055
0.7741493300971309,0.8011632165485418,0.7517515253439649,0.7498037167610191,0.7801191068438484,0.7811221739428671,0.7635176123229902,0.7599470433502173,0.7618804205016867,0.7663024463505017,0.826672478087895,0.7525282520054714,1.0,0.7441795684479617,0.7478059978068946,0.7675979111149577,0.7753271028086965,0.8164943054216401,0.7973921612418171,0.7718457801480166,0.8109235350959266,0.8284676327362798,0.8325913696470885,0.7937235522692314,0.7701289716556363,0.7180847263725545,0.8314564781507596,0.7514217285872348,0.7623574782214141,0.7766845772648787,0.7413828479601259,0.8116463127119078,0.05578744888373488,0.8172774272861907,0.7858051859541346,0.7523561127980336,0.7576458272994274,0.8159715251085081,0.6866071749106968,0.8365358803187732,0.7459455594818446,0.7965579910489649,0.8304124143390647,0.7551691728720319,0.7546253650232303,0.7472113555014979,0.8001291941900679,0.8008977982492445,0.7566436956888574,0.763499561542183
0.7550086535716702,0.7519261832434305,0.7338878206944799,0.8368561814080364,0.7141807555035822,0.7351067186991158,0.7345192703513566,0.819943454499515,0.7420234096125616,0.8123107542229987,0.7420450812869825,0.8155542013952638,0.7441795684479617,1.0,0.8412407894679865,0.7367347947368013,0.7404114646505618,0.7472318738538529,0.7228871775208027,0.7450584499269097,0.7459093102890042,0.7376184501485983,0.7544311808354699,0.7349788085678352,0.7315577053882192,0.6739787723649014,0.7457573766922463,0.8266496449840932,0.7696318532532274,0.7500445685804542,0.8208474151690577,0.7368658062873816,0.05508572670943779,0.7397957195816867,0.730753266448393,0.7867348381955079,0.7307310309096049,0.7425661619553645,0.7138413794900023,0.74306606487503,0.821770594138004,0.7404067047410796,0.7366858417164746,0.8309656930030844,0.8267325520685836,0.7582221282812461,0.7432745924161832,0.7444920431276298,0.8080744780809916,0.7724080265259483
0.7518039530684502,0.7458503494444171,0.7290417102122705,0.8450031326615861,0.7217566140587104,0.7298940612691435,0.729416587231132,0.817132644583583,0.7416764390280495,0.8189670882937368,0.7384056538215349,0.8468638659124983,0.7478059978068946,0.8412407894679865,1.0,0.7370094531970284,0.732047246591027,0.7371627014179568,0.7214236196297452,0.7382121256257875,0.7338355297989176,0.7336653926497851,0.7476708709798693,0.7292077017467067,0.724384277578886,0.6696088847952395,0.7417199764094546,0.8193247592866968,0.76253064663182,0.7453863472283756,0.8186202249655363,0.7378932853787668,0.05742914442579239,0.7356606695488284,0.7286394182329722,0.7822431036421471,0.7265277657984506,0.7391538552883027,0.719763475688679,0.7392045281742308,0.8191067084902565,0.733892437915743,0.7370255958556369,0.8170226817295898,0.8141686091170822,0.7533694517904062,0.7415825248686079,0.7421761965327802,0.801241411591348,0.7650085404429271
0.759147669128562,0.7771570258223414,0.7458100240777294,0.7515056596330199,0.7403631663007532,0.7677340875609675,0.8828293648179908,0.7491748649156562,0.755651556769456,0.7477032583775787,0.7713189727820647,0.7424793864090049,0.7675979111149577,0.7367347947368013,0.7370094531970284,1.0,0.758430756223516,0.7877093515782982,0.7521838788494818,0.8934621244544619,0.7824394016960047,0.7749153374618245,0.7892315365746991,0.7634043916520484,0.7587197006535265,0.7063143373468321,0.7796138245008108,0.7421767129871146,0.7605227037879951,0.7596826617963371,0.7331777613873824,0.7677777435268358,0.04946722742940801,0.7736324767190993,0.7664409168573162,0.7569365188324179,0.8849299150486808,0.7682298565967698,0.6897073102485267,0.7747740214040671,0.7338490153820031,0.7679026689781606,0.7727569250566462,0.7544373805581662,0.7485539335171314,0.7461919208357595,0.7733395519664337,0.773150450499998,0.7432435089051637,0.7620407199345003
0.7577400405049246,0.8014663291855021,0.7261915362208708,0.7418858050757422,0.7497998511145929,0.7855068912618334,0.7639298284667606,0.7451491770738681,0.7497097842015699,0.7394492707485095,0.767247379056111,0.7401651905438895,0.7753271028086965,0.7404114646505618,0.732047246591027,0.758430756223516,1.0,0.7798269856409802,0.7591766780167408,0.7676903883035531,0.7761182150938679,0.7702068733407722,0.7904504132232658,0.8001544510160059,0.8071635220387692,0.7221273728485772,0.7822201699758754,0.7363877278224094,0.7524298709352382,0.7522170680613294,0.729781342066556,0.7971973496695876,0.05679281011232418,0.7832860618539328,0.7880516202552043,0.7500784598915489,0.7558397240123532,0.7767849776365376,0.6845530505433162,0.7764742846365799,0.7288664607817372,0.7915876697803386,0.7829943768569034,0.7530829178663558,0.7548019949391216,0.7436255828169804,0.7982686061750967,0.8000703455371955,0.7429427662691055,0.7558619876073187
0.776688617719599,0.8059171353366495,0.7564546741620579,0.7462578160471057,0.7666940021467994,0.7852181813629566,0.8001566008115251,0.758076319115167,0.7670789763305264,0.7563732803392248,0.8179269060946194,0.7451656921995511,0.8164943054216401,0.7472318738538529,0.7371627014179568,0.7877093515782982,0.7798269856409802,1.0,0.7933645281853103,0.8034016436736819,0.8375580054305178,0.8175367494342966,0.8406976304628473,0.7938397830494731,0.7775633202921046,0.7233183195041291,0.8305860848912197,0.7528298364686612,0.7693802124514414,0.7702309187975304,0.741579640528172,0.8011626075047882,0.05166265396993075,0.8186877612726319,0.797506531601555,0.7698052750735839,0.7860356669243828,0.7991507736074553,0.7030366360382698,0.823606428358642,0.7357505214886766,0.8015467349690361,0.8205797416209186,0.7639357082583325,0.7609082002076409,0.7473682575386582,0.8016666579487499,0.8023106623619609,0.7570542704131059,0.7652320813942849
0.7486675316960072,0.7662650383740447,0.7214765217940373,0.7267975659863537,0.7406660620382339,0.7627088557946433,0.7569806763655438,0.7394065162545884,0.7276531601613223,0.7304113338120903,0.763408760971071,0.7254747476278951,0.7973921612418171,0.7228871775208027,0.7214236196297452,0.7521838788494818,0.7591766780167408,0.7933645281853103,1.0,0.7556921902291424,0.7890573439648277,0.8121721515149131,0.7971088087865195,0.7508477427859273,0.7540187392220559,0.6897924787543713,0.774580516689495,0.731616885898186,0.7317143412946776,0.7324040277725948,0.7141803429515848,0.7961621836664088,0.054785231261811784,0.7718306954920886,0.7596331382974288,0.7317166899503394,0.7479505445528687,0.7628211701681077,0.6732638345143565,0.7732150480594885,0.718061410351784,0.7637254606950387,0.7761255244026517,0.7412787937725211,0.7441805969328994,0.7227949723301506,0.7612390737184616,0.7650380772686067,0.7250666846968493,0.7319987329469078
0.7711022930007319,0.7872282053985066,0.7523323512025532,0.7530544200887869,0.7403186294447133,0.7678888743329431,0.9346532540928685,0.7541245286841206,0.761631555563496,0.7478072012525235,0.773115904611895,0.7434378275105514,0.7718457801480166,0.7450584499269097,0.7382121256257875,0.8934621244544619,0.7676903883035531,0.8034016436736819,0.7556921902291424,1.0,0.799994981278628,0.7777536475253883,0.804138543980149,0.7706887138379419,0.7695561574898855,0.6977174170162421,0.7938966503712637,0.7464504126223542,0.7697604578765118,0.7633709710535664,0.7376598360147314,0.7779716863033718,0.050659025728097884,0.7847315427089364,0.7738550860775972,0.7657930534216101,0.9119740277729076,0.7751152465772267,0.6999628802054714,0.7819630035024521,0.7358152224970237,0.7774333002484612,0.7843166100572361,0.7593985602151356,0.7555463080953818,0.7539824747152866,0.7781825963938958,0.7780881685809817,0.7471058096970564,0.770175408895761
0.7695205199847397,0.7964333705347073,0.7511443583364498,0.7442100668322149,0.7669854536579168,0.7809904026990999,0.7944517575055354,0.7538041466851477,0.7532485150916824,0.7471376623031367,0.8053824418460345,0.7460181730016475,0.8109235350959266,0.7459093102890042,0.7338355297989176,0.7824394016960047,0.7761182150938679,0.8375580054305178,0.7890573439648277,0.799994981278628,1.0,0.8154024823026468,0.8438913797129093,0.7859690109004055,0.7744451660906784,0.7195867887103498,0.8221667937103433,0.7481198540629908,0.7564699145913423,0.765253708514319,0.7348553792513827,0.8045543447472017,0.051359791681000466,0.8208992631958177,0.7869857372644191,0.7610257077907687,0.7839569248007501,0.803754851796673,0.6980035251357121,0.8193697995668405,0.7341063190619095,0.7930434133510571,0.8140679795621724,0.761329160390737,0.758404737196949,0.7522367486525012,0.8017892162756445,0.8027892227535883,0.7505649553357652,0.759218363833263
0.760008608540863,0.7865281011262835,0.7428468677879796,0.7377511583304832,0.7576791475431272,0.7901248694374341,0.7735414442218959,0.7471450490322853,0.7499036440205497,0.7414725536167106,0.7988670380318189,0.737320368014528,0.8284676327362798,0.7376184501485983,0.7336653926497851,0.7749153374618245,0.7702068733407722,0.8175367494342966,0.8121721515149131,0.7777536475253883,0.8154024823026468,1.0,0.8649385189886539,0.7701706076969816,0.7628279380453148,0.7113822244693795,0.8079435456067532,0.7447739508701301,0.7479629224884046,0.7532033555908256,0.7290161351241977,0.7996335100428259,0.05327908452404395,0.8395490808013579,0.7796155842526661,0.7454892484802706,0.7639359026976866,0.7961271957513927,0.6786180256335785,0.8055534923576525,0.727658731423751,0.7818925639381316,0.811207049695706,0.754045439555145,0.7502379573241783,0.7379041741578333,0.7860858366636281,0.7883808163203321,0.7430100055895659,0.7517059559424795
0.7812946182316959,0.8045724503496384,0.7561040347164572,0.7549804440338788,0.7719112665206511,0.7885207965758332,0.8018070089578424,0.7609234549117632,0.7628205171055366,0.7542959892245706,0.8114723875838034,0.7509923847087326,0.8325913696470885,0.7544311808354699,0.7476708709798693,0.7892315365746991,0.7904504132232658,0.8406976304628473,0.7971088087865195,0.804138543980149,0.8438913797129093,0.8649385189886539,1.0,0.7900855356315413,0.7846081165919907,0.7172239785800452,0.8394517208294214,0.7548066207660694,0.7687442623602891,0.7704794889300723,0.7435250154911968,0.8184722956675375,0.05355956988967481,0.8593068687236035,0.7971652537044868,0.7636768470328507,0.7879761067628341,0.8199753146925536,0.6998669797166771,0.825272386476674,0.7423345204672538,0.7942456347785716,0.8271450284236883,0.7673657065527741,0.7646806028000386,0.7532834760801536,0.8020636702430456,0.8041326419999602,0.7549182474237761,0.7690078649671201
0.759990885415655,0.826775359315331,0.7374512217658493,0.7345164115543613,0.7553191652514468,0.7954818356364767,0.7688133752455314,0.7440359290402798,0.7534204811858217,0.7494269631966577,0.7928449603322414,0.7429097310014027,0.7937235522692314,0.7349788085678352,0.7292077017467067,0.7634043916520484,0.8001544510160059,0.7938397830494731,0.7508477427859273,0.7706887138379419,0.7859690109004055,0.7701706076969816,0.7900855356315413,1.0,0.805925561400398,0.7266363351498513,0.799356601744724,0.7340064008711149,0.7587357896052195,0.7620187445024286,0.7256618292645092,0.7796447830614069,0.05635850384441843,0.7841755982782885,0.8229020904428661,0.7508121715583252,0.7616884035085335,0.7815261212065729,0.6809986379738604,0.7852791860055179,0.7271441393773408,0.8085833358125653,0.7911685359476643,0.743329711250379,0.7463722847208658,0.7373247246137673,0.8036843254280849,0.8014203145321156,0.7468692662827068,0.753697938445895
0.7543771511361959,0.8178459611115946,0.7316206245955658,0.735634375530412,0.7435061071120378,0.8006309740423552,0.763678318570839,0.7350581781810175,0.7459703742108807,0.7365452285675311,0.7714785313232799,0.7329945466560323,0.7701289716556363,0.7315577053882192,0.724384277578886,0.7587197006535265,0.8071635220387692,0.7775633202921046,0.7540187392220559,0.7695561574898855,0.7744451660906784,0.7628279380453148,0.7846081165919907,0.805925561400398,1.0,0.7342879952877233,0.7803556713647348,0.723622766507123,0.7448256618092258,0.7508923339378425,0.7225360226631816,0.7925061806817254,0.054295748752732687,0.7734321655308659,0.8071450672863805,0.7403217091606191,0.7606704836461795,0.7782882543601397,0.669967595364553,0.7734746170325286,0.7207981505239434,0.7943040614585335,0.7792008447552727,0.7422739164943115,0.737720583879161,0.7413641261075252,0.7960250758646459,0.797521692572256,0.7365824611581868,0.7506421763411227
0.6923144784972872,0.727100729323638,0.679106316952785,0.6765435960112549,0.6936030487384764,0.7277834072811746,0.6934285194291208,0.6816858114436782,0.6884310278842296,0.6838420348126328,0.720596390632857,0.6796861305778079,0.7180847263725545,0.6739787723649014,0.6696088847952395,0.7063143373468321,0.7221273728485772,0.7233183195041291,0.6897924787543713,0.6977174170162421,0.7195867887103498,0.7113822244693795,0.7172239785800452,0.7266363351498513,0.7342879952877233,1.0,0.715528037568407,0.675428828139803,0.6774833127629135,0.6915901965645508,0.6689034328456657,0.7125334808672833,0.0502702012822136,0.7123754905434281,0.7287669433475313,0.6867278674708958,0.6891603738509452,0.7251917427494596,0.630845427929699,0.7221849477498905,0.6662151560400925,0.7346766309374928,0.7245086358338975,0.6899127167969603,0.6858699181186623,0.6732792573782045,0.73893227235828,0.7469788188043245,0.6842672377393392,0.6816700183470261
0.7742528350229277,0.8063051333212239,0.7630059586054994,0.7470945496380501,0.7653046724279344,0.7740396904487483,0.7866096099251425,0.7574630959622973,0.763420717917118,0.7544414391341604,0.8189890094565669,0.7485416705929677,0.8314564781507596,0.7457573766922463,0.7417199764094546,0.7796138245008108,0.7822201699758754,0.8305860848912197,0.774580516689495,0.7938966503712637,0.8221667937103433,0.8079435456067532,0.8394517208294214,0.799356601744724,0.7803556713647348,0.715528037568407,1.0,0.7491080242456005,0.7685769988050549,0.7769169593523658,0.7419019901633083,0.8047529529747127,0.05539651968600068,0.8162795001817645,0.7927947164339557,0.7591953943959386,0.77672297399371,0.8339217601278852,0.6870957845057276,0.8362164627609301,0.738055158237348,0.8009495961718774,0.8517476893751669,0.7617738098704214,0.7535756852306933,0.7521736239200988,0.8053382017320194,0.8039860737449203,0.7576075194993549,0.7697608230170945
0.7557861126607326,0.7563801982905036,0.7386221113618809,0.8313553890473742,0.708830844654448,0.7369771111730515,0.7375746098168368,0.8785467906404866,0.7382726923861076,0.8214072159194786,0.7467143792660804,0.8188076692959871,0.7514217285872348,0.8266496449840932,0.8193247592866968,0.7421767129871146,0.7363877278224094,0.7528298364686612,0.731616885898186,0.7464504126223542,0.7481198540629908,0.7447739508701301,0.7548066207660694,0.7340064008711149,0.723622766507123,0.675428828139803,0.7491080242456005,1.0,0.770276608447164,0.7470521443148934,0.8117625693092979,0.7441488894006002,0.0528565656708998,0.7461554487389275,0.7295329795296447,0.7876956383120723,0.734746562800915,0.7484068428206697,0.7211628885307162,0.74651374288916,0.8111456405282639,0.7416393524232887,0.741825285909959,0.912757990752701,0.899461175116035,0.7552845234096494,0.746417349012978,0.7466553941783822,0.8092884276795687,0.7671755549006112
0.7829196682294098,0.7713600656123993,0.7566106556656137,0.7667046215789687,0.7258783645472807,0.7499628727584888,0.7609141280909335,0.7789596971582179,0.7679552918368369,0.7731322937972179,0.7592323677380798,0.7667695184760379,0.7623574782214141,0.7696318532532274,0.76253064663182,0.7605227037879951,0.7524298709352382,0.7693802124514414,0.7317143412946776,0.7697604578765118,0.7564699145913423,0.7479629224884046,0.7687442623602891,0.7587357896052195,0.7448256618092258,0.6774833127629135,0.7685769988050549,0.770276608447164,1.0,0.7747597146794796,0.7592105351608261,0.7494434634048108,0.05440880626955891,0.7623771151232909,0.7515108703357428,0.7794427430509299,0.7527132088957629,0.7596659480733658,0.7019528895254217,0.7596754629764981,0.7497595115276267,0.7613237194473841,0.7614631516092972,0.7735314247971457,0.7724511406976794,0.7883575733136902,0.7622498916356681,0.7611034038429607,0.7715910967537922,0.8529768669710571
0.7923133093748731,0.7798786738311982,0.7594988287447688,0.7475290405434794,0.7340824283351408,0.7498210150051519,0.7535991886541239,0.754176558290695,0.8017807314828378,0.7616852087542023,0.7712273218998676,0.7572439270206357,0.7766845772648787,0.7500445685804542,0.7453863472283756,0.7596826617963371,0.7522170680613294,0.7702309187975304,0.7324040277725948,0.7633709710535664,0.765253708514319,0.7532033555908256,0.7704794889300723,0.7620187445024286,0.7508923339378425,0.6915901965645508,0.7769169593523658,0.7470521443148934,0.7747597146794796,1.0,0.7457013869216972,0.7544594035621978,0.04615654733246799,0.7648140701202728,0.7630461854303252,0.7634837107823367,0.7504028368452575,0.7712954489771011,0.6853442759167242,0.7809775058677146,0.7457079340668166,0.7695104931157125,0.7726634271376106,0.7551637670015436,0.7513260266655493,0.7766582853077352,0.7758330726447273,0.7754431335781948,0.7571458020113171,0.7852273244317359
0.7467051781528071,0.7486566974594768,0.7300835060344233,0.8214067505294878,0.7055826764973469,0.7265693776801477,0.7285837917050437,0.8152643753529528,0.7376884538164484,0.8248872473754876,0.7423611109616202,0.8019510676592995,0.7413828479601259,0.8208474151690577,0.8186202249655363,0.7331777613873824,0.729781342066556,0.741579640528172,0.7141803429515848,0.7376598360147314,0.7348553792513827,0.7290161351241977,0.7435250154911968,0.7256618292645092,0.7225360226631816,0.6689034328456657,0.7419019901633083,0.8117625693092979,0.7592105351608261,0.7457013869216972,1.0,0.72955867985479,0.055003766941461696,0.7371560455958874,0.7239243788214464,0.788422146487707,0.7265261810648989,0.7348405642588581,0.7150363706536207,0.7405933678437349,0.8538786560749079,0.7387751949192387,0.7389969472412158,0.8176542865329495,0.8120960849740132,0.7495627642656828,0.7414484353918478,0.7410859429319754,0.7992676879515742,0.7648256298469338
0.761534081047346,0.7866570269946543,0.7354458822100818,0.7480449481082465,0.7671670809011324,0.780452847077251,0.7740152754749792,0.7528523218635408,0.7495421693770481,0.742198332055577,0.7877151397648998,0.739114245850435,0.8116463127119078,0.7368658062873816,0.7378932853787668,0.7677777435268358,0.7971973496695876,0.8011626075047882,0.7961621836664088,0.7779716863033718,0.8045543447472017,0.7996335100428259,0.8184722956675375,0.7796447830614069,0.7925061806817254,0.7125334808672833,0.8047529529747127,0.7441488894006002,0.7494434634048108,0.7544594035621978,0.72955867985479,1.0,0.05226740123127438,0.806520786007613,0.7748637554737832,0.7467050677548266,0.7673760885360681,0.8005964776111812,0.6866537216710304,0.8032517115828693,0.7316312381759136,0.7903870727612031,0.8129818631931128,0.7529938032621342,0.7551879900405584,0.7402036305934396,0.786984380875367,0.7899020039471188,0.7365813642932028,0.7531235512049487
0.05259861571792124,0.050903919508652584,0.050149970114620745,0.053406965299138576,0.06504649444280408,0.05426585454736599,0.05106547325911537,0.05240972801557153,0.05079756908038524,0.05247273617422077,0.053556845321880764,0.04851855404073424,0.05578744888373488,0.05508572670943779,0.05742914442579239,0.04946722742940801,0.05679281011232418,0.05166265396993075,0.054785231261811784,0.050659025728097884,0.051359791681000466,0.05327908452404395,0.05355956988967481,0.05635850384441843,0.054295748752732687,0.0502702012822136,0.05539651968600068,0.0528565656708998,0.05440880626955891,0.04615654733246799,0.055003766941461696,0.05226740123127438,1.0,0.05071100523884775,0.04541263113027649,0.05406473690392144,0.0514097758960691,0.0542403955305536,0.056961275379518006,0.048102985373223106,0.05406444004766653,0.05330786216560324,0.048373316890625406,0.05307378684713293,0.05258300924099446,0.04680101799354386,0.057280112833600905,0.05722705600359035,0.04546087141240007,0.05214533090555351
0.7703317935550392,0.8009947523002349,0.7488711523793161,0.7408303423624756,0.764095054830241,0.7867017528540607,0.7837512188902366,0.7535490205488133,0.7577538286097716,0.7462787346754611,0.796467906256399,0.7456127645135404,0.8172774272861907,0.7397957195816867,0.7356606695488284,0.7736324767190993,0.7832860618539328,0.8186877612726319,0.7718306954920886,0.7847315427089364,0.8208992631958177,0.8395490808013579,0.8593068687236035,0.7841755982782885,0.7734321655308659,0.7123754905434281,0.8162795001817645,0.7461554487389275,0.7623771151232909,0.7648140701202728,0.7371560455958874,0.806520786007613,0.05071100523884775,1.0,0.794626180194972,0.7636382014926747,0.7715138475949499,0.8030125310781255,0.6987440235312224,0.8109220922088325,0.7316403543670407,0.7942574685446986,0.8199369510331596,0.7570790202660929,0.7554254882503953,0.7409080735478004,0.7988226399565518,0.7997508955231822,0.7447672996117212,0.7602399281333154
0.7668565248321471,0.8327992904677877,0.7436401290848813,0.7309805195362346,0.7467199363587588,0.7964575712729217,0.7705999137322597,0.7384148202039835,0.7558417667894934,0.7414145082988648,0.7847490252187126,0.738887341598143,0.7858051859541346,0.730753266448393,0.7286394182329722,0.7664409168573162,0.7880516202552043,0.797506531601555,0.7596331382974288,0.7738550860775972,0.7869857372644191,0.7796155842526661,0.7971652537044868,0.8229020904428661,0.8071450672863805,0.7287669433475313,0.7927947164339557,0.7295329795296447,0.7515108703357428,0.7630461854303252,0.7239243788214464,0.7748637554737832,0.04541263113027649,0.794626180194972,1.0,0.7455568319783101,0.7593753988264348,0.7846251175366054,0.6829272209091543,0.7900319367550117,0.7206811707930806,0.800534101238596,0.7958613191387851,0.738766289648754,0.7380821877995623,0.7440780626210421,0.8017630566522502,0.8012461968885283,0.7376943333265997,0.7522410253085072
0.7641718513789076,0.7582725849019485,0.7421926188566801,0.79141680635808,0.7242879494228323,0.7486214343269972,0.7582731566102454,0.7949312749256163,0.7576023989129097,0.7963114134281004,0.7600452882415536,0.7953700976986349,0.7523561127980336,0.7867348381955079,0.7822431036421471,0.7569365188324179,0.7500784598915489,0.7698052750735839,0.7317166899503394,0.7657930534216101,0.7610257077907687,0.7454892484802706,0.7636768470328507,0.7508121715583252,0.7403217091606191,0.6867278674708958,0.7591953943959386,0.7876956383120723,0.7794427430509299,0.7634837107823367,0.788422146487707,0.7467050677548266,0.05406473690392144,0.7636382014926747,0.7455568319783101,1.0,0.7531996907169263,0.7506146397825806,0.7342109659350271,0.7545055638878417,0.7843479413172972,0.7568331318537889,0.7544956611879616,0.7977380000748856,0.7989603610233026,0.7548720389030794,0.750643229730012,0.7504657878520254,0.7989193496708368,0.769847599706503
0.7549922994054331,0.7701576234672819,0.7359158699834034,0.7410853157823235,0.7272679330837251,0.7574299957536617,0.905118502456717,0.7406517306014488,0.7458568120074369,0.7362344724109154,0.7592206891740443,0.7332206656134688,0.7576458272994274,0.7307310309096049,0.7265277657984506,0.8849299150486808,0.7558397240123532,0.7860356669243828,0.7479505445528687,0.9119740277729076,0.7839569248007501,0.7639359026976866,0.7879761067628341,0.7616884035085335,0.7606704836461795,0.6891603738509452,0.77672297399371,0.734746562800915,0.7527132088957629,0.7504028368452575,0.7265261810648989,0.7673760885360681,0.0514097758960691,0.7715138475949499,0.7593753988264348,0.7531996907169263,1.0,0.76064907702205,0.6881107661426425,0.7639734304612181,0.7252440357674108,0.7646624282910739,0.7672086720995108,0.7482607420249096,0.7440151592074955,0.74104104616092,0.7634977215780444,0.7631575388629145,0.7344634326996649,0.7534091090546355
0.7694855702407298,0.808055363835952,0.7570691292846192,0.7417758517682651,0.7804830729108108,0.7805279868480764,0.7668821840343372,0.7590248722818413,0.751321553310121,0.7476280992594756,0.8072063879801187,0.747241198243542,0.8159715251085081,0.7425661619553645,0.7391538552883027,0.7682298565967698,0.7767849776365376,0.7991507736074553,0.7628211701681077,0.7751152465772267,0.803754851796673,0.7961271957513927,0.8199753146925536,0.7815261212065729,0.7782882543601397,0.7251917427494596,0.8339217601278852,0.7484068428206697,0.7596659480733658,0.7712954489771011,0.7348405642588581,0.8005964776111812,0.0542403955305536,0.8030125310781255,0.7846251175366054,0.7506146397825806,0.76064907702205,1.0,0.6852592801259891,0.8229897060546436,0.7358643113452472,0.798614204206282,0.8454513275264142,0.760872040394382,0.7511907158212454,0.7496160439685988,0.8080704224291843,0.8089333855732254,0.7592458508623346,0.7641226652538178
0.6988834522713663,0.6877676952767184,0.6759658292566679,0.7247327129063624,0.7054523837739427,0.6862229702361631,0.6997168516421881,0.7283324226987009,0.6832999720036933,0.7242364617502612,0.6831267978239671,0.7264070576056306,0.6866071749106968,0.7138413794900023,0.719763475688679,0.6897073102485267,0.6845530505433162,0.7030366360382698,0.6732638345143565,0.6999628802054714,0.6980035251357121,0.6786180256335785,0.6998669797166771,0.6809986379738604,0.669967595364553,0.630845427929699,0.6870957845057276,0.7211628885307162,0.7019528895254217,0.6853442759167242,0.7150363706536207,0.6866537216710304,0.056961275379518006,0.6987440235312224,0.6829272209091543,0.7342109659350271,0.6881107661426425,0.6852592801259891,1.0,0.687508538729861,0.7102245921162393,0.6898844531617034,0.6878085588783955,0.7275389640276895,0.729899462093376,0.690828655800201,0.6848578349667689,0.6854364392431298,0.716029841301105,0.6990159848041142
