../ecoli_genomes/GCF_000163235.1_ASM16323v1_genomic.fna.gz,../ecoli_genomes/GCF_000164555.1_ASM16455v1_genomic.fna.gz,../ecoli_genomes/GCF_000208545.1_ASM20854v2_genomic.fna.gz,../ecoli_genomes/GCF_000233875.1_ASM23387v1_genomic.fna.gz,../ecoli_genomes/GCF_000249735.1_ASM24973v2_genomic.fna.gz,../ecoli_genomes/GCF_000261145.1_Esch_coli_M919_V2_genomic.fna.gz,../ecoli_genomes/GCF_000267705.2_ASM26770v2_genomic.fna.gz,../ecoli_genomes/GCF_000350665.1_Esch_coli_KTE5_V1_genomic.fna.gz,../ecoli_genomes/GCF_000351625.1_Esch_coli_KTE66_V1_genomic.fna.gz,../ecoli_genomes/GCF_000352285.1_Esch_coli_KTE46_V1_genomic.fna.gz,../ecoli_genomes/GCF_000358895.1_ASM35889v1_genomic.fna.gz,../ecoli_genomes/GCF_000456385.1_Esch_coli_HVH_26_4-5703913_V1_genomic.fna.gz,../ecoli_genomes/GCF_000458195.1_Esch_coli_HVH_147_4-5893887_V1_genomic.fna.gz,../ecoli_genomes/GCF_000459755.1_Esch_coli_KOEGE_58_171a_V1_genomic.fna.gz,../ecoli_genomes/GCF_000460055.1_Esch_coli_UMEA_3053-1_V1_genomic.fna.gz,../ecoli_genomes/GCF_000462165.2_ASM46216v2_genomic.fna.gz,../ecoli_genomes/GCF_000601135.1_ASM60113v1_genomic.fna.gz,../ecoli_genomes/GCF_000614595.1_Ec2010EL1058_genomic.fna.gz,../ecoli_genomes/GCF_000617745.1_Ec2010C-4529_genomic.fna.gz,../ecoli_genomes/GCF_000618265.2_EcF6751_genomic.fna.gz,../ecoli_genomes/GCF_000619005.2_Ec2009C-4052_genomic.fna.gz,../ecoli_genomes/GCF_000619105.1_Ec2009C-4780_genomic.fna.gz,../ecoli_genomes/GCF_000619765.2_Ec2009C-3279_genomic.fna.gz,../ecoli_genomes/GCF_000687005.1_ASM68700v1_genomic.fna.gz,../ecoli_genomes/GCF_000687025.1_ASM68702v1_genomic.fna.gz,../ecoli_genomes/GCF_000700125.1_ASM70012v1_genomic.fna.gz,../ecoli_genomes/GCF_000753315.1_FHI35_genomic.fna.gz,../ecoli_genomes/GCF_000776375.1_ASM77637v1_genomic.fna.gz,../ecoli_genomes/GCF_000779395.1_ASM77939v1_genomic.fna.gz,../ecoli_genomes/GCF_000780315.1_ASM78031v1_genomic.fna.gz,../ecoli_genomes/GCF_000781995.1_ASM78199v1_genomic.fna.gz,../ecoli_genomes/GCF_000986765.1_ASM98676v1_genomic.fna.gz,../ecoli_genomes/GCF_001041375.1_ViralProj287958_genomic.fna.gz,../ecoli_genomes/GCF_001265335.1_302014_genomic.fna.gz,../ecoli_genomes/GCF_001265625.1_100854_genomic.fna.gz,../ecoli_genomes/GCF_001267345.1_303289_genomic.fna.gz,../ecoli_genomes/GCF_001309985.1_ASM130998v1_genomic.fna.gz,../ecoli_genomes/GCF_001521695.1_ASM152169v1_genomic.fna.gz,../ecoli_genomes/GCF_001592595.1_ASM159259v1_genomic.fna.gz,../ecoli_genomes/GCF_001614975.1_ASM161497v1_genomic.fna.gz,../ecoli_genomes/GCF_001692775.1_ASM169277v1_genomic.fna.gz,../ecoli_genomes/GCF_001748915.1_ASM174891v1_genomic.fna.gz,../ecoli_genomes/GCF_001749235.1_ASM174923v1_genomic.fna.gz,../ecoli_genomes/GCF_001881155.1_ASM188115v1_genomic.fna.gz,../ecoli_genomes/GCF_001881345.1_ASM188134v1_genomic.fna.gz,../ecoli_genomes/GCF_001892405.1_ASM189240v1_genomic.fna.gz,../ecoli_genomes/GCF_001892585.1_ASM189258v1_genomic.fna.gz,../ecoli_genomes/GCF_001893985.1_ASM189398v1_genomic.fna.gz,../ecoli_genomes/GCF_002001595.1_ASM200159v1_genomic.fna.gz,../ecoli_genomes/GCF_002002145.1_ASM200214v1_genomic.fna.gz
1.0,0.382518222697379,0.3114269700986475,0.35356572688908694,0.3565379072623225,0.3831573176898213,0.36046197738396857,0.35891159193460276,0.4375011221110129,0.36304476013979425,0.38184995500031116,0.3646682071129025,0.37391473604352077,0.33552761547024246,0.3366083897176565,0.3746102747434765,0.3184058714528868,0.36661471775577836,0.3213887378112249,0.3630512318814427,0.35356313889072355,0.35781135681367016,0.36565167780317087,0.36759340936414975,0.34109483863546985,0.29031710609247907,0.3631477381099184,0.33631847437198303,0.39153647996851615,0.4386895732033702,0.3203055865089993,0.37605423105400604,0.0,0.3725152016192691,0.37351746883465564,0.34018768347604966,0.34911975541532336,0.3671532698487687,0.2943612531968153,0.3777313954004826,0.3311585781628451,0.3784929794770434,0.37190032020666586,0.35997944177233165,0.3672180292672932,0.3720355367556649,0.3743824702125962,0.37726761003450493,0.33408110105775723,0.40151219500751256
0.382518222697379,1.0,0.29676784013294943,0.3387454867084032,0.4027011000395264,0.5782485224359186,0.4013756948454066,0.34389598834474466,0.3560160592503694,0.34881866444239806,0.47128255467288915,0.3450920187667488,0.4517269958979492,0.3331338764984749,0.32259686321659997,0.40587002030145325,0.3647053229876829,0.4640504958378231,0.39235959107179774,0.4077964062037077,0.44559559735472265,0.4441289816915168,0.4637750662089898,0.47545186710603526,0.4453638418202307,0.3409003231772816,0.4651663377413855,0.3419720775589502,0.3703371067616523,0.3650054726925541,0.31645056407596905,0.4348824798483193,0.0,0.4554367208767125,0.573230158709624,0.3354134640290516,0.3872455218592529,0.471161855505995,0.24142255924110723,0.4740801580537365,0.3168577801482366,0.5105605449190344,0.4693531695282124,0.3509584847315883,0.3522948340696094,0.3437762899231883,0.5179325414077081,0.517876572663083,0.3481322402013193,0.3634002946280278
0.3114269700986475,0.29676784013294943,1.0,0.26293047339544184,0.24663684426147692,0.2787583715361027,0.28183074827709376,0.2690178201344928,0.30536215167550673,0.2727425301411739,0.2961873414755889,0.2597743397787875,0.2836044631124425,0.2649404401669516,0.25370061433865354,0.28463738160726604,0.20136540821563986,0.28736324047443984,0.24138006342486817,0.2873016735133529,0.2811552868799536,0.273870493117375,0.2869178110120111,0.23450240352177165,0.21746980790494885,0.1879550692418266,0.287965959049693,0.2723928873343232,0.30489697503871205,0.31559067721207534,0.2525317228870284,0.2646664528249574,0.0,0.28300430576912106,0.27283500167643693,0.2748930510121811,0.2714059243044058,0.2809196684153603,0.19511589380874728,0.29712914811258306,0.2522442714465436,0.2868966186244114,0.29632548386164426,0.2749802490822141,0.26739077200777295,0.28968962525685993,0.28752061678429874,0.28726591538347557,0.2770611152355362,0.30610015684671144
0.35356572688908694,0.3387454867084032,0.26293047339544184,1.0,0.3528758107929356,0.34167904542629746,0.3176962674419105,0.5524200118138809,0.3551324802637613,0.5707802018582726,0.3398157101006266,0.5474050192391519,0.34502129441072094,0.5859614791094898,0.6154794512613433,0.34257702257959133,0.2687938930140269,0.3250981711835156,0.2825301397274439,0.31987484147656753,0.3166985369179086,0.3161392584027347,0.3313748721967067,0.3194720779293826,0.3014282276504283,0.2485934149258987,0.3309881680001331,0.5503966730321008,0.3564495487286453,0.34049555487580596,0.5423562910151061,0.3459522746849547,0.0,0.3257403450435735,0.3301935125352391,0.4651184740353175,0.31688370611302674,0.31719797398894356,0.37493425639188216,0.32817815084360247,0.5658996114114356,0.3358645909992707,0.33006572042549953,0.5751952491863201,0.5655856973595964,0.34964526694119147,0.3325526297840917,0.335047359914872,0.5060417255208168,0.3674965747270632
0.3565379072623225,0.4027011000395264,0.24663684426147692,0.3528758107929356,1.0,0.44345947400500985,0.35078407051007154,0.3388316305657466,0.35950016339617485,0.3493863323708595,0.5007300726795753,0.32338390474058,0.48365471716174957,0.31917627973883056,0.3546338569520583,0.4002534088267976,0.38006411082513203,0.4151728297555083,0.37120181660366236,0.3517811105574916,0.4254894404080146,0.41634982729252656,0.42753241799791886,0.4523953278052327,0.4103194960639813,0.35113370779360853,0.4439578628259133,0.290648779031522,0.3305917329377197,0.3448170126101612,0.32397301790517075,0.48683335943932693,0.0,0.44418161723742344,0.4235074378305099,0.2966890760952504,0.3570506892945218,0.46185331614958447,0.2740300044577596,0.4541402988793508,0.3437745744633006,0.4182114046386106,0.4598432380455325,0.3260384730424708,0.33238947406213903,0.30636994020854513,0.42749113453494725,0.43084148169644165,0.30759281317160814,0.3316365261883093
0.3831573176898213,0.5782485224359186,0.2787583715361027,0.34167904542629746,0.44345947400500985,1.0,0.40990233401901865,0.3532517797511493,0.3627621323792859,0.3417510311502088,0.46792869776493595,0.33527827182495484,0.4623612584294887,0.3319748676418297,0.3303927540386844,0.4140529498587262,0.39025435298038647,0.46441716687733325,0.3938313870134367,0.4102506479821153,0.44116680500851635,0.43954968465217537,0.4629766185002012,0.5068676950976548,0.47669941297581664,0.36379539656768767,0.45505854002444523,0.33047726363318874,0.3694723324503759,0.3540832123363935,0.31567439734768643,0.4581506287295162,0.0,0.47445813792631075,0.5797847006074531,0.33785499832452925,0.39436708733481485,0.46391688990351343,0.269842418972692,0.47026959821765457,0.3204730780272499,0.5224054532498348,0.4713962061975251,0.3438120137288294,0.34742978711239747,0.33816071938190007,0.5156097017411027,0.5191410041623387,0.33369078244789685,0.36578442445404113
0.36046197738396857,0.4013756948454066,0.28183074827709376,0.3176962674419105,0.35078407051007154,0.40990233401901865,1.0,0.3222997034095193,0.3547804576974578,0.31742411408506754,0.4099015968417725,0.30561553239601424,0.3958412969541042,0.30885052360531584,0.30376877836206295,0.747414201451484,0.28642923051706604,0.43682976027041465,0.3764684510764328,0.8602901800861449,0.4346912772937497,0.4081314378537695,0.443816847007827,0.342902887243108,0.3160212704690377,0.2717278265647909,0.4091168410724533,0.315875920481128,0.34689726334162363,0.35169432249264443,0.2942899466013671,0.3826271856212773,0.0,0.41333340659582374,0.4146089263599557,0.3342645346060441,0.8041916024436899,0.3821481561546284,0.24434654345404683,0.41158740081226164,0.29462132422776244,0.4027178699501355,0.40772157920747765,0.3205881395253427,0.3219278074013776,0.3223496232620682,0.39192056925935914,0.391675414182976,0.31470352925687484,0.348547826081533
0.35891159193460276,0.34389598834474466,0.2690178201344928,0.5524200118138809,0.3388316305657466,0.3532517797511493,0.3222997034095193,1.0,0.3472078805207841,0.5434326139059957,0.3365660777707744,0.5280761308033752,0.35000832599015774,0.523571379538199,0.5216084504798549,0.342047335013833,0.2822003610749788,0.32947754367775417,0.2929241095643069,0.32680880804947043,0.31999841276354624,0.3216806949379438,0.33049386023075,0.3293378034683747,0.30692688995243855,0.2591787072345929,0.3333206725835647,0.695233879467908,0.36744925215366,0.34118032644524166,0.5046473434337412,0.34290959807308063,0.0,0.3340688056606478,0.3307618787066693,0.453779780414443,0.3161695149024135,0.33798743980902424,0.38332226973759165,0.34094660857218695,0.5122269371143386,0.3395766199895537,0.3372785238240631,0.7150036997309251,0.6906814307981758,0.3511195688879347,0.33310145418800574,0.33597975884922926,0.49080708695684216,0.3682613828373942
0.4375011221110129,0.3560160592503694,0.30536215167550673,0.3551324802637613,0.35950016339617485,0.3627621323792859,0.3547804576974578,0.3472078805207841,1.0,0.36537660972229,0.37236238272606126,0.3311512447370125,0.3739415542712121,0.33727419783819035,0.35070409365052846,0.37683941495489526,0.26353027090983516,0.35452644255350696,0.3034233518070666,0.35980144967496763,0.3449241713779392,0.34557100261866047,0.35765943096023667,0.32220272143127404,0.29427945369990316,0.249527014557273,0.361234353413982,0.32441130807584073,0.38681051075274153,0.471615970186557,0.3337160462380552,0.34646138616824584,0.0,0.35324932977962464,0.352442896411838,0.34134718438624634,0.3508596337780515,0.3459867722381139,0.25102305599894914,0.3672352633858763,0.33613028778638154,0.3568993492956094,0.36908668619763096,0.33758375832893994,0.33257489914075966,0.3627778581020932,0.35500575700668247,0.3558019621747378,0.3312294413052379,0.3979840891260654
0.36304476013979425,0.34881866444239806,0.2727425301411739,0.5707802018582726,0.3493863323708595,0.3417510311502088,0.31742411408506754,0.5434326139059957,0.36537660972229,1.0,0.35064248871307746,0.5207378287253801,0.3593518612829556,0.5456336783575988,0.5494700656971925,0.3400724780964923,0.251015884574297,0.33062803831153487,0.2882395789996789,0.3209528221510336,0.31922644524686594,0.32233282594382173,0.3264578766179036,0.3025674588930475,0.28600770012691423,0.23677231887002437,0.33804922110294955,0.5299639766537442,0.37187144459803545,0.35185219189505057,0.5610066673178807,0.32932897119233795,0.0,0.3272623360566316,0.32754190238883996,0.4717252238194648,0.31414589500989487,0.3295395613228893,0.3689383188496188,0.34157057414542147,0.5625126034531637,0.33556283171326007,0.33509647610415094,0.545509538363455,0.5448045852363425,0.3534103889440162,0.33506401378340966,0.33525248241527705,0.5213081948146321,0.3688331585607789
0.38184995500031116,0.47128255467288915,0.2961873414755889,0.3398157101006266,0.5007300726795753,0.46792869776493595,0.4099015968417725,0.3365660777707744,0.37236238272606126,0.35064248871307746,1.0,0.33263550069322,0.5523101022642702,0.33856199346943516,0.33030391426724104,0.4207235672753814,0.32907480888255447,0.5189532876344871,0.4502669641091953,0.41654634416876013,0.5127154422681606,0.5239746310627038,0.5256626074876506,0.4043819770808227,0.35776297272858026,0.3107054323055831,0.5414660121748399,0.33552120954616604,0.3655882242071793,0.37649474030402175,0.322422362422221,0.4788605015799291,0.0,0.5221958716875161,0.46789515820791516,0.34520506185603705,0.39694534864700237,0.5067331153656869,0.2538872897549792,0.5567248240722962,0.3209631444472937,0.484049885634281,0.5481931553144589,0.3427960512149455,0.3373585802786079,0.34521423471520896,0.4788298600585972,0.47858523313886236,0.34820521569452156,0.3732052802441873
0.3646682071129025,0.3450920187667488,0.2597743397787875,0.5474050192391519,0.32338390474058,0.33527827182495484,0.30561553239601424,0.5280761308033752,0.3311512447370125,0.5207378287253801,0.33263550069322,1.0,0.33191688002929765,0.5260239628469336,0.610201860761882,0.3233053429701034,0.28141386371988353,0.31506209506356053,0.2807886737615287,0.30959288782999506,0.3138644419422536,0.3135585350316771,0.3197352380460958,0.3235783515279175,0.3031665639675435,0.25464982336421826,0.3219164695339587,0.5119324407490936,0.36558766022696865,0.3345083885692224,0.47564283105699634,0.3277405891784698,0.0,0.32383381229427577,0.3287798466461511,0.4424975726315543,0.3015076123043181,0.3229694720531908,0.3902144250256576,0.33082916931977424,0.4928683442544448,0.3261277982992611,0.32866299621508155,0.5373718753538441,0.5374746794523875,0.35188161027983156,0.3311003191608337,0.33356803123584045,0.4777394789850392,0.3592663516141522
0.37391473604352077,0.4517269958979492,0.2836044631124425,0.34502129441072094,0.48365471716174957,0.4623612584294887,0.3958412969541042,0.35000832599015774,0.3739415542712121,0.3593518612829556,0.5523101022642702,0.33191688002929765,1.0,0.3283112208236362,0.3453472077342805,0.423210715356948,0.32468641420141275,0.5204154759329687,0.5306837726921128,0.4004053436632189,0.5328789492835988,0.5961194521791828,0.5653925485385614,0.3995435071089444,0.35791761312589676,0.3083572389188862,0.5602221414212976,0.3260622810616586,0.3518289922106771,0.37161973498621337,0.32516484677275215,0.5289163791854679,0.0,0.563431093000714,0.4599930121576482,0.3286215956628482,0.39233674855974043,0.5220506734922766,0.25023779223684117,0.5719185107895248,0.33065208789793266,0.465603774882435,0.5570988441683888,0.33810077100462343,0.33514763973400397,0.32584121846250247,0.4654479683019067,0.46502728971890295,0.3312906546269574,0.3574947989080719
0.33552761547024246,0.3331338764984749,0.2649404401669516,0.5859614791094898,0.31917627973883056,0.3319748676418297,0.30885052360531584,0.523571379538199,0.33727419783819035,0.5456336783575988,0.33856199346943516,0.5260239628469336,0.3283112208236362,1.0,0.581158678597497,0.3189699413951629,0.2393834499968045,0.3222979726133107,0.28067167565349826,0.3138561988386819,0.30927986430035237,0.3150048170456904,0.3233177551532105,0.28027974374730324,0.2604473558780239,0.22314493154203174,0.32414539196476,0.5494269845693361,0.3635467652765476,0.328657110300166,0.5333352345899212,0.31715094610712746,0.0,0.31968875339932734,0.3211890296536166,0.46473239280884393,0.3012358747592703,0.3178528551219342,0.3493895812129313,0.327642137724224,0.5370436491140134,0.32704021093152114,0.32906921724035976,0.548263480961144,0.5378578573944595,0.3514480376054582,0.3292490492061978,0.33089271783772545,0.5051606013003739,0.36713697471243
0.3366083897176565,0.32259686321659997,0.25370061433865354,0.6154794512613433,0.3546338569520583,0.3303927540386844,0.30376877836206295,0.5216084504798549,0.35070409365052846,0.5494700656971925,0.33030391426724104,0.610201860761882,0.3453472077342805,0.581158678597497,1.0,0.33098048592559504,0.25555656076937894,0.31276733641586685,0.2747234171615879,0.3071094894856048,0.30716488799827757,0.3086552832956847,0.3171105398066538,0.3036588025460184,0.2797325075895982,0.23698446882119895,0.32098940663466113,0.512024195036306,0.35048447324036713,0.33194606636348833,0.5377304612987792,0.33108588978927755,0.0,0.31572354305852035,0.3216718039611376,0.4479974328473256,0.30291679314975883,0.31090820818553067,0.36552070314771756,0.32112261935998854,0.5550439378528986,0.3244911313464365,0.3225714817372417,0.5310450451985914,0.524456877336207,0.34623223189012775,0.32907420795141196,0.3315033076575131,0.4850003446284884,0.3682840014301636
0.3746102747434765,0.40587002030145325,0.28463738160726604,0.34257702257959133,0.4002534088267976,0.4140529498587262,0.747414201451484,0.342047335013833,0.37683941495489526,0.3400724780964923,0.4207235672753814,0.3233053429701034,0.423210715356948,0.3189699413951629,0.33098048592559504,1.0,0.30725328182139244,0.42200718782919977,0.3766905243373645,0.7615529590833422,0.41753203603053535,0.41100633836229283,0.4298501279833755,0.37773482684607174,0.34809131190232545,0.2970317589654611,0.4083214695895784,0.3170536869174092,0.34937680261802484,0.3748464383007559,0.31602429283004085,0.4003267360504953,0.0,0.41200267205616425,0.42156012163357315,0.3369853620485589,0.736053465983564,0.38791487446184847,0.2488128609818726,0.41449298451981764,0.3209358820377586,0.40517078367776016,0.41202356807976825,0.3347379395743362,0.3356120472446926,0.32765937407543944,0.39931068931096403,0.39989415350692914,0.32498021934189736,0.3545398762585138
0.3184058714528868,0.3647053229876829,0.20136540821563986,0.2687938930140269,0.38006411082513203,0.39025435298038647,0.28642923051706604,0.2822003610749788,0.26353027090983516,0.251015884574297,0.32907480888255447,0.28141386371988353,0.32468641420141275,0.2393834499968045,0.25555656076937894,0.30725328182139244,1.0,0.3128328388619146,0.27419566526542527,0.28819425459885684,0.3119752297794137,0.31551675369702403,0.32472738804266554,0.5540282551340094,0.6084123856799019,0.47191635524335074,0.32083952123326154,0.23387119490576713,0.2734038175836414,0.2685253350661745,0.23571545829593954,0.4430292649180355,0.0,0.35234362089668714,0.3919669703557924,0.23999875555789285,0.2853107275759641,0.32603524954000873,0.3833922774114029,0.34427427246014475,0.23576997456965532,0.35650296581984453,0.328453118314296,0.2863322333625622,0.28984769386066245,0.26755983662556737,0.3893149656225906,0.3968465019960017,0.2383651575416661,0.2693924590608523
0.36661471775577836,0.4640504958378231,0.28736324047443984,0.3250981711835156,0.4151728297555083,0.46441716687733325,0.43682976027041465,0.32947754367775417,0.35452644255350696,0.33062803831153487,0.5189532876344871,0.31506209506356053,0.5204154759329687,0.3222979726133107,0.31276733641586685,0.42200718782919977,0.3128328388619146,1.0,0.4894390799651256,0.4404585030272815,0.5521276024332378,0.5378803449454492,0.5613422843537613,0.38134590443644756,0.3426162819536611,0.2984357015337572,0.5354510613694365,0.3262361905611929,0.3541205985034743,0.35811341279135755,0.30671186010502494,0.47208448035055506,0.0,0.5227725952222562,0.4652498635819081,0.3480092024801855,0.42151473076346413,0.49034775363959593,0.2477373897599665,0.5367740555600189,0.30403754268060146,0.46537882831904176,0.5267593599128217,0.3277896387073389,0.32717297574524584,0.3306038114286137,0.4657983752731438,0.4660194411054718,0.32379233030293086,0.35823505628107744
0.3213887378112249,0.39235959107179774,0.24138006342486817,0.2825301397274439,0.37120181660366236,0.3938313870134367,0.3764684510764328,0.2929241095643069,0.3034233518070666,0.2882395789996789,0.4502669641091953,0.2807886737615287,0.5306837726921128,0.28067167565349826,0.2747234171615879,0.3766905243373645,0.27419566526542527,0.4894390799651256,1.0,0.3735913973887307,0.4723327073352682,0.5490854063216875,0.4869292226055554,0.3336753056332381,0.3082452725373257,0.25715223172528645,0.4555466077186382,0.2801050058279857,0.29586638386670805,0.30764457318400285,0.2679114605220544,0.46724769721935566,0.0,0.4515740622687294,0.40153726528164757,0.2939054864336428,0.3631144552587736,0.4237191266801248,0.2184632460308622,0.4603710753533119,0.26928766921171476,0.3949767243026334,0.4554559390596188,0.29283533427231234,0.2899003968841303,0.282093549458201,0.392949016192633,0.39382242769205567,0.2809527429805848,0.3037483580586313
0.3630512318814427,0.4077964062037077,0.2873016735133529,0.31987484147656753,0.3517811105574916,0.4102506479821153,0.8602901800861449,0.32680880804947043,0.35980144967496763,0.3209528221510336,0.41654634416876013,0.30959288782999506,0.4004053436632189,0.3138561988386819,0.3071094894856048,0.7615529590833422,0.28819425459885684,0.4404585030272815,0.3735913973887307,1.0,0.4380068747583221,0.41258900163091927,0.44186925096774377,0.3457012565855141,0.3175010746430412,0.27592023601504645,0.4150683140341638,0.32041584643965415,0.34995917547554967,0.35865169570419375,0.2989141581553314,0.3820697307819513,0.0,0.41295322574666804,0.4124690093995289,0.33768316668359777,0.8049356131464458,0.3879769831722264,0.23994001434597545,0.4191055857351662,0.2976268860213339,0.40698946704514916,0.41397708518766096,0.32407895069665416,0.3236273412391142,0.329213409933677,0.3983638054798475,0.39811848419428,0.3195353255341341,0.3544531658000071
0.35356313889072355,0.44559559735472265,0.2811552868799536,0.3166985369179086,0.4254894404080146,0.44116680500851635,0.4346912772937497,0.31999841276354624,0.3449241713779392,0.31922644524686594,0.5127154422681606,0.3138644419422536,0.5328789492835988,0.30927986430035237,0.30716488799827757,0.41753203603053535,0.3119752297794137,0.5521276024332378,0.4723327073352682,0.4380068747583221,1.0,0.544478451761131,0.5775318346392038,0.37470132750972895,0.3394757171256445,0.3015473256154789,0.5465235410081957,0.3176966685432928,0.33870350136428296,0.3562268488474023,0.2978473336053168,0.48662052533295275,0.0,0.5467524030775281,0.4511299325548711,0.3373367153327146,0.4157201222999318,0.5023997293660529,0.23710309176014,0.5511306678118872,0.29900870540004565,0.4475465982170811,0.5371959914475364,0.3226907761647516,0.32241145452954767,0.33187062945320034,0.46044858381451925,0.4605150535985909,0.31727085077260586,0.34680553962099303
0.35781135681367016,0.4441289816915168,0.273870493117375,0.3161392584027347,0.41634982729252656,0.43954968465217537,0.4081314378537695,0.3216806949379438,0.34557100261866047,0.32233282594382173,0.5239746310627038,0.3135585350316771,0.5961194521791828,0.3150048170456904,0.3086552832956847,0.41100633836229283,0.31551675369702403,0.5378803449454492,0.5490854063216875,0.41258900163091927,0.544478451761131,1.0,0.6996873248406292,0.3732011207468551,0.3451045385520799,0.2921378686743342,0.5406217110266418,0.3142621780574547,0.33640737712939073,0.34952782054232145,0.29702829271679787,0.5053313667508051,0.0,0.6363209236622072,0.4449683348234046,0.3242702270669995,0.3962111695189756,0.5011757449224792,0.2364566002371573,0.5431938218096062,0.29683476842040735,0.4464795472306369,0.544657219474649,0.32501597724163445,0.31917325164862154,0.3206993928172138,0.442222907042925,0.44287239159464253,0.3190829277568833,0.3476100111376932
0.36565167780317087,0.4637750662089898,0.2869178110120111,0.3313748721967067,0.42753241799791886,0.4629766185002012,0.443816847007827,0.33049386023075,0.35765943096023667,0.3264578766179036,0.5256626074876506,0.3197352380460958,0.5653925485385614,0.3233177551532105,0.3171105398066538,0.4298501279833755,0.32472738804266554,0.5613422843537613,0.4869292226055554,0.44186925096774377,0.5775318346392038,0.6996873248406292,1.0,0.380562370822204,0.3535208877510292,0.30209851809627375,0.5658001369683856,0.32787978997599754,0.3520857734660161,0.35702014444433716,0.3055285489475371,0.509828363303578,0.0,0.6587630348360187,0.4602587937513414,0.34061877741434254,0.4265002836621039,0.5174740730089413,0.24294818648257488,0.5598019204614403,0.3044215871265239,0.45753964119048274,0.5557501836727456,0.3315242408497391,0.3302365373163296,0.3324775747255856,0.455688772825911,0.4571553368728861,0.32638861278881803,0.35449689790778605
0.36759340936414975,0.47545186710603526,0.23450240352177165,0.3194720779293826,0.4523953278052327,0.5068676950976548,0.342902887243108,0.3293378034683747,0.32220272143127404,0.3025674588930475,0.4043819770808227,0.3235783515279175,0.3995435071089444,0.28027974374730324,0.3036588025460184,0.37773482684607174,0.5540282551340094,0.38134590443644756,0.3336753056332381,0.3457012565855141,0.37470132750972895,0.3732011207468551,0.380562370822204,1.0,0.5754185331406931,0.5071176737656455,0.386730670138153,0.2712939364731305,0.3161366583365759,0.32473244399067414,0.28287931772831865,0.460541084327063,0.0,0.4076860821845014,0.5190574377895858,0.2840673938762063,0.3421487407375302,0.3789549629182952,0.2809617072092978,0.4000356430158466,0.29038384817114093,0.43906565449358836,0.3875615814945862,0.3301069615268585,0.33213417666758394,0.2999595836250555,0.4367500373805565,0.4453261337007157,0.282371476976623,0.31787368440794106
0.34109483863546985,0.4453638418202307,0.21746980790494885,0.3014282276504283,0.4103194960639813,0.47669941297581664,0.3160212704690377,0.30692688995243855,0.29427945369990316,0.28600770012691423,0.35776297272858026,0.3031665639675435,0.35791761312589676,0.2604473558780239,0.2797325075895982,0.34809131190232545,0.6084123856799019,0.3426162819536611,0.3082452725373257,0.3175010746430412,0.3394757171256445,0.3451045385520799,0.3535208877510292,0.5754185331406931,1.0,0.4671766056888258,0.34864806159478756,0.25081533035318226,0.28539437576378746,0.29566727083747113,0.26427646067409627,0.46110696931997486,0.0,0.374148134771348,0.4717624019644312,0.25920140700951355,0.31678792439191295,0.3543924315050806,0.3735100287855858,0.3667489955990848,0.27066464232918397,0.39370234843080143,0.3565977434533425,0.3152531936108146,0.3156695466310575,0.28786650534892,0.4149534321750553,0.42084208795030376,0.268686400997008,0.2875405372568849
0.29031710609247907,0.3409003231772816,0.1879550692418266,0.2485934149258987,0.35113370779360853,0.36379539656768767,0.2717278265647909,0.2591787072345929,0.249527014557273,0.23677231887002437,0.3107054323055831,0.25464982336421826,0.3083572389188862,0.22314493154203174,0.23698446882119895,0.2970317589654611,0.47191635524335074,0.2984357015337572,0.25715223172528645,0.27592023601504645,0.3015473256154789,0.2921378686743342,0.30209851809627375,0.5071176737656455,0.4671766056888258,1.0,0.30058699801876865,0.2130150760003433,0.24699004710061934,0.25679688605963913,0.2235834256463507,0.37316958030406655,0.0,0.31524788100206724,0.3736721437068542,0.2254501005614471,0.27282801310780824,0.3080834206592027,0.22748318815972646,0.32256428696460715,0.2250354303506793,0.33687015260069186,0.3042646775205794,0.26769555524118294,0.26788556471437974,0.24187257675499074,0.3459577420437038,0.3556180121758662,0.2273955487884115,0.25214409743179567
0.3631477381099184,0.4651663377413855,0.287965959049693,0.3309881680001331,0.4439578628259133,0.45505854002444523,0.4091168410724533,0.3333206725835647,0.361234353413982,0.33804922110294955,0.5414660121748399,0.3219164695339587,0.5602221414212976,0.32414539196476,0.32098940663466113,0.4083214695895784,0.32083952123326154,0.5354510613694365,0.4555466077186382,0.4150683140341638,0.5465235410081957,0.5406217110266418,0.5658001369683856,0.386730670138153,0.34864806159478756,0.30058699801876865,1.0,0.32477748663174144,0.3550808714237095,0.36188355173974374,0.31335649137966715,0.5026123420218414,0.0,0.5440200591690544,0.45920278888303534,0.33338011870347584,0.39605511767994916,0.5866714096799102,0.23860093636176216,0.5785428920764524,0.3133436021566699,0.46437743092048067,0.6411542698016434,0.336192555847438,0.32887390274532846,0.33556031053618307,0.461515218281077,0.46160878125671745,0.3338674857691123,0.3597386393429701
0.33631847437198303,0.3419720775589502,0.2723928873343232,0.5503966730321008,0.290648779031522,0.33047726363318874,0.315875920481128,0.695233879467908,0.32441130807584073,0.5299639766537442,0.33552120954616604,0.5119324407490936,0.3260622810616586,0.5494269845693361,0.512024195036306,0.3170536869174092,0.23387119490576713,0.3262361905611929,0.2801050058279857,0.32041584643965415,0.3176966685432928,0.3142621780574547,0.32787978997599754,0.2712939364731305,0.25081533035318226,0.2130150760003433,0.32477748663174144,1.0,0.3665822461601169,0.32640305478319853,0.5028415897232836,0.3133648839692701,0.0,0.32118048205566685,0.3144774973645744,0.4551302325856831,0.30347809487565947,0.3290797501297509,0.3466205875768821,0.33088679724750736,0.502196544754168,0.3279135736027614,0.32735079845635207,0.769240751172247,0.7397974875985602,0.3462949053676708,0.3259315121259876,0.3267689997647326,0.5089499970181662,0.36125198151179794
0.39153647996851615,0.3703371067616523,0.30489697503871205,0.3564495487286453,0.3305917329377197,0.3694723324503759,0.34689726334162363,0.36744925215366,0.38681051075274153,0.37187144459803545,0.3655882242071793,0.36558766022696865,0.3518289922106771,0.3635467652765476,0.35048447324036713,0.34937680261802484,0.2734038175836414,0.3541205985034743,0.29586638386670805,0.34995917547554967,0.33870350136428296,0.33640737712939073,0.3520857734660161,0.3161366583365759,0.28539437576378746,0.24699004710061934,0.3550808714237095,0.3665822461601169,1.0,0.37755647717548857,0.343545355192474,0.33829527262130044,0.0,0.3529510009447091,0.352967989269371,0.3620317337041199,0.3336865295244048,0.35205750021629845,0.2622348162493825,0.3620935211879185,0.33727488625414215,0.3511546307640331,0.3575458328814394,0.3628310260522246,0.36658766320777325,0.43525089412486406,0.35304139134402457,0.35346235916798174,0.360618933740811,0.6263399346938052
0.4386895732033702,0.3650054726925541,0.31559067721207534,0.34049555487580596,0.3448170126101612,0.3540832123363935,0.35169432249264443,0.34118032644524166,0.471615970186557,0.35185219189505057,0.37649474030402175,0.3345083885692224,0.37161973498621337,0.328657110300166,0.33194606636348833,0.3748464383007559,0.2685253350661745,0.35811341279135755,0.30764457318400285,0.35865169570419375,0.3562268488474023,0.34952782054232145,0.35702014444433716,0.32473244399067414,0.29566727083747113,0.25679688605963913,0.36188355173974374,0.32640305478319853,0.37755647717548857,1.0,0.3259011893575833,0.3418287834768685,0.0,0.3528646687788546,0.35625732601912463,0.3336885569436956,0.34532270186367864,0.3484558231473366,0.25054793068914694,0.3798215990539002,0.32603169446365554,0.3577063072206804,0.3672764591160984,0.3395132155677243,0.3319265448112132,0.3802590266779746,0.3646639864810096,0.3653427818587398,0.33432439775729006,0.3952376039775837
0.3203055865089993,0.31645056407596905,0.2525317228870284,0.5423562910151061,0.32397301790517075,0.31567439734768643,0.2942899466013671,0.5046473434337412,0.3337160462380552,0.5610066673178807,0.322422362422221,0.47564283105699634,0.32516484677275215,0.5333352345899212,0.5377304612987792,0.31602429283004085,0.23571545829593954,0.30671186010502494,0.2679114605220544,0.2989141581553314,0.2978473336053168,0.29702829271679787,0.3055285489475371,0.28287931772831865,0.26427646067409627,0.2235834256463507,0.31335649137966715,0.5028415897232836,0.343545355192474,0.3259011893575833,1.0,0.3109101299073036,0.0,0.30460487032451466,0.3070563645472877,0.4416971001500858,0.2937439362147737,0.3004111810892601,0.3339422155295605,0.3150066593593702,0.6525025998272549,0.3152232608677191,0.31027046242424483,0.5105760386285092,0.4998264246810288,0.3316255938128775,0.3115655226871338,0.3111044047384742,0.4759387876613972,0.34493166562949795
0.37605423105400604,0.4348824798483193,0.2646664528249574,0.3459522746849547,0.48683335943932693,0.4581506287295162,0.3826271856212773,0.34290959807308063,0.34646138616824584,0.32932897119233795,0.4788605015799291,0.3277405891784698,0.5289163791854679,0.31715094610712746,0.33108588978927755,0.4003267360504953,0.4430292649180355,0.47208448035055506,0.46724769721935566,0.3820697307819513,0.48662052533295275,0.5053313667508051,0.509828363303578,0.460541084327063,0.46110696931997486,0.37316958030406655,0.5026123420218414,0.3133648839692701,0.33829527262130044,0.3418287834768685,0.3109101299073036,1.0,0.0,0.5104510250019969,0.4424474194739567,0.30920107766088945,0.3806397530935097,0.4948419026590182,0.28357645256232944,0.518093022560796,0.31244981911630954,0.4365792245400766,0.5189777653791476,0.33827881127104353,0.34950728039491863,0.3173371134363151,0.44885128418577935,0.453850076574177,0.3069265430415614,0.3312543017868935
0.0,0.0,0.0,0.0,0.0,0.0,0.0,0.0,0.0,0.0,0.0,0.0,0.0,0.0,0.0,0.0,0.0,0.0,0.0,0.0,0.0,0.0,0.0,0.0,0.0,0.0,0.0,0.0,0.0,0.0,0.0,0.0,1.0,0.0,0.0,0.0,0.0,0.0,0.0,0.0,0.0,0.0,0.0,0.0,0.0,0.0,0.0,0.0,0.0,0.0
0.3725152016192691,0.4554367208767125,0.28300430576912106,0.3257403450435735,0.44418161723742344,0.47445813792631075,0.41333340659582374,0.3340688056606478,0.35324932977962464,0.3272623360566316,0.5221958716875161,0.32383381229427577,0.563431093000714,0.31968875339932734,0.31572354305852035,0.41200267205616425,0.35234362089668714,0.5227725952222562,0.4515740622687294,0.41295322574666804,0.5467524030775281,0.6363209236622072,0.6587630348360187,0.4076860821845014,0.374148134771348,0.31524788100206724,0.5440200591690544,0.32118048205566685,0.3529510009447091,0.3528646687788546,0.30460487032451466,0.5104510250019969,0.0,1.0,0.46661180291055704,0.3443325821493869,0.3935256578356682,0.5073257583137962,0.26576266823884853,0.5515455604049341,0.30334347327887334,0.45975876806493465,0.5554490457223411,0.3316336866900449,0.33439526114026186,0.32904146730532635,0.45575729661253084,0.4576645430470152,0.32189180300523157,0.3566962013990108
0.37351746883465564,0.573230158709624,0.27283500167643693,0.3301935125352391,0.4235074378305099,0.5797847006074531,0.4146089263599557,0.3307618787066693,0.352442896411838,0.32754190238883996,0.46789515820791516,0.3287798466461511,0.4599930121576482,0.3211890296536166,0.3216718039611376,0.42156012163357315,0.3919669703557924,0.4652498635819081,0.40153726528164757,0.4124690093995289,0.4511299325548711,0.4449683348234046,0.4602587937513414,0.5190574377895858,0.4717624019644312,0.3736721437068542,0.45920278888303534,0.3144774973645744,0.352967989269371,0.35625732601912463,0.3070563645472877,0.4424474194739567,0.0,0.46661180291055704,1.0,0.324662896733499,0.393224181143666,0.4392806734511374,0.2531190401481548,0.47595796868048734,0.30999894228996205,0.5110437448961884,0.46993603043413734,0.3320306393796376,0.3322182336828903,0.32979654191100494,0.5028112460723362,0.5046346088509793,0.3219665551212785,0.35401479638617506
0.34018768347604966,0.3354134640290516,0.2748930510121811,0.4651184740353175,0.2966890760952504,0.33785499832452925,0.3342645346060441,0.453779780414443,0.34134718438624634,0.4717252238194648,0.34520506185603705,0.4424975726315543,0.3286215956628482,0.46473239280884393,0.4479974328473256,0.3369853620485589,0.23999875555789285,0.3480092024801855,0.2939054864336428,0.33768316668359777,0.3373367153327146,0.3242702270669995,0.34061877741434254,0.2840673938762063,0.25920140700951355,0.2254501005614471,0.33338011870347584,0.4551302325856831,0.3620317337041199,0.3336885569436956,0.4416971001500858,0.30920107766088945,0.0,0.3443325821493869,0.324662896733499,1.0,0.3231321552548301,0.31703130298369253,0.3505786835961854,0.34083673184356467,0.44126046269161534,0.33238413380233023,0.33242986205001734,0.4601630581196242,0.460136248444015,0.3481051280095214,0.32735751432491744,0.32755567000302654,0.4613149725328429,0.3674699782710801
0.34911975541532336,0.3872455218592529,0.2714059243044058,0.31688370611302674,0.3570506892945218,0.39436708733481485,0.8041916024436899,0.3161695149024135,0.3508596337780515,0.31414589500989487,0.39694534864700237,0.3015076123043181,0.39233674855974043,0.3012358747592703,0.30291679314975883,0.736053465983564,0.2853107275759641,0.42151473076346413,0.3631144552587736,0.8049356131464458,0.4157201222999318,0.3962111695189756,0.4265002836621039,0.3421487407375302,0.31678792439191295,0.27282801310780824,0.39605511767994916,0.30347809487565947,0.3336865295244048,0.34532270186367864,0.2937439362147737,0.3806397530935097,0.0,0.3935256578356682,0.393224181143666,0.3231321552548301,1.0,0.3708673932653326,0.23370843544563846,0.3936901434914778,0.29360926292104295,0.38747984764569066,0.3968622170387802,0.3101384951832896,0.31059592104078126,0.3105132227381352,0.37791043293920124,0.37766978538490203,0.3029202016524467,0.3356150101368113
0.3671532698487687,0.471161855505995,0.2809196684153603,0.31719797398894356,0.46185331614958447,0.46391688990351343,0.3821481561546284,0.33798743980902424,0.3459867722381139,0.3295395613228893,0.5067331153656869,0.3229694720531908,0.5220506734922766,0.3178528551219342,0.31090820818553067,0.38791487446184847,0.32603524954000873,0.49034775363959593,0.4237191266801248,0.3879769831722264,0.5023997293660529,0.5011757449224792,0.5174740730089413,0.3789549629182952,0.3543924315050806,0.3080834206592027,0.5866714096799102,0.3290797501297509,0.35205750021629845,0.3484558231473366,0.3004111810892601,0.4948419026590182,0.0,0.5073257583137962,0.4392806734511374,0.31703130298369253,0.3708673932653326,1.0,0.25067920951688427,0.5440874143413108,0.3040377408458508,0.44741030657879066,0.6272442269139975,0.337471813175394,0.33176280846598205,0.3278967267435182,0.4637805321214844,0.46471464931953865,0.3303731935722829,0.34855089654703186
0.2943612531968153,0.24142255924110723,0.19511589380874728,0.37493425639188216,0.2740300044577596,0.269842418972692,0.24434654345404683,0.38332226973759165,0.25102305599894914,0.3689383188496188,0.2538872897549792,0.3902144250256576,0.25023779223684117,0.3493895812129313,0.36552070314771756,0.2488128609818726,0.3833922774114029,0.2477373897599665,0.2184632460308622,0.23994001434597545,0.23710309176014,0.2364566002371573,0.24294818648257488,0.2809617072092978,0.3735100287855858,0.22748318815972646,0.23860093636176216,0.3466205875768821,0.2622348162493825,0.25054793068914694,0.3339422155295605,0.28357645256232944,0.0,0.26576266823884853,0.2531190401481548,0.3505786835961854,0.23370843544563846,0.25067920951688427,1.0,0.2561929481601496,0.34142839836662886,0.24666310374484468,0.24456417269964614,0.3873699361291978,0.3880194654790008,0.27307550011614345,0.27059012249120906,0.27209485533093214,0.3474863492695667,0.26528926802115305
0.3777313954004826,0.4740801580537365,0.29712914811258306,0.32817815084360247,0.4541402988793508,0.47026959821765457,0.41158740081226164,0.34094660857218695,0.3672352633858763,0.34157057414542147,0.5567248240722962,0.33082916931977424,0.5719185107895248,0.327642137724224,0.32112261935998854,0.41449298451981764,0.34427427246014475,0.5367740555600189,0.4603710753533119,0.4191055857351662,0.5511306678118872,0.5431938218096062,0.5598019204614403,0.4000356430158466,0.3667489955990848,0.32256428696460715,0.5785428920764524,0.33088679724750736,0.3620935211879185,0.3798215990539002,0.3150066593593702,0.518093022560796,0.0,0.5515455604049341,0.47595796868048734,0.34083673184356467,0.3936901434914778,0.5440874143413108,0.2561929481601496,1.0,0.3113624356674439,0.47603399800084256,0.5885476272554336,0.33772856957190245,0.3357195792738161,0.34936289133236487,0.49758595677966466,0.49778525576146027,0.3363468290194437,0.371279035980865
