../ecoli_genomes/GCF_000163235.1_ASM16323v1_genomic.fna.gz,../ecoli_genomes/GCF_000164555.1_ASM16455v1_genomic.fna.gz,../ecoli_genomes/GCF_000208545.1_ASM20854v2_genomic.fna.gz,../ecoli_genomes/GCF_000233875.1_ASM23387v1_genomic.fna.gz,../ecoli_genomes/GCF_000249735.1_ASM24973v2_genomic.fna.gz,../ecoli_genomes/GCF_000261145.1_Esch_coli_M919_V2_genomic.fna.gz,../ecoli_genomes/GCF_000267705.2_ASM26770v2_genomic.fna.gz,../ecoli_genomes/GCF_000350665.1_Esch_coli_KTE5_V1_genomic.fna.gz,../ecoli_genomes/GCF_000351625.1_Esch_coli_KTE66_V1_genomic.fna.gz,../ecoli_genomes/GCF_000352285.1_Esch_coli_KTE46_V1_genomic.fna.gz,../ecoli_genomes/GCF_000358895.1_ASM35889v1_genomic.fna.gz,../ecoli_genomes/GCF_000456385.1_Esch_coli_HVH_26_4-5703913_V1_genomic.fna.gz,../ecoli_genomes/GCF_000458195.1_Esch_coli_HVH_147_4-5893887_V1_genomic.fna.gz,../ecoli_genomes/GCF_000459755.1_Esch_coli_KOEGE_58_171a_V1_genomic.fna.gz,../ecoli_genomes/GCF_000460055.1_Esch_coli_UMEA_3053-1_V1_genomic.fna.gz,../ecoli_genomes/GCF_000462165.2_ASM46216v2_genomic.fna.gz,../ecoli_genomes/GCF_000601135.1_ASM60113v1_genomic.fna.gz,../ecoli_genomes/GCF_000614595.1_Ec2010EL1058_genomic.fna.gz,../ecoli_genomes/GCF_000617745.1_Ec2010C-4529_genomic.fna.gz,../ecoli_genomes/GCF_000618265.2_EcF6751_genomic.fna.gz,../ecoli_genomes/GCF_000619005.2_Ec2009C-4052_genomic.fna.gz,../ecoli_genomes/GCF_000619105.1_Ec2009C-4780_genomic.fna.gz,../ecoli_genomes/GCF_000619765.2_Ec2009C-3279_genomic.fna.gz,../ecoli_genomes/GCF_000687005.1_ASM68700v1_genomic.fna.gz,../ecoli_genomes/GCF_000687025.1_ASM68702v1_genomic.fna.gz,../ecoli_genomes/GCF_000700125.1_ASM70012v1_genomic.fna.gz,../ecoli_genomes/GCF_000753315.1_FHI35_genomic.fna.gz,../ecoli_genomes/GCF_000776375.1_ASM77637v1_genomic.fna.gz,../ecoli_genomes/GCF_000779395.1_ASM77939v1_genomic.fna.gz,../ecoli_genomes/GCF_000780315.1_ASM78031v1_genomic.fna.gz,../ecoli_genomes/GCF_000781995.1_ASM78199v1_genomic.fna.gz,../ecoli_genomes/GCF_000986765.1_ASM98676v1_genomic.fna.gz,../ecoli_genomes/GCF_001041375.1_ViralProj287958_genomic.fna.gz,../ecoli_genomes/GCF_001265335.1_302014_genomic.fna.gz,../ecoli_genomes/GCF_001265625.1_100854_genomic.fna.gz,../ecoli_genomes/GCF_001267345.1_303289_genomic.fna.gz,../ecoli_genomes/GCF_001309985.1_ASM130998v1_genomic.fna.gz,../ecoli_genomes/GCF_001521695.1_ASM152169v1_genomic.fna.gz,../ecoli_genomes/GCF_001592595.1_ASM159259v1_genomic.fna.gz,../ecoli_genomes/GCF_001614975.1_ASM161497v1_genomic.fna.gz,../ecoli_genomes/GCF_001692775.1_ASM169277v1_genomic.fna.gz,../ecoli_genomes/GCF_001748915.1_ASM174891v1_genomic.fna.gz,../ecoli_genomes/GCF_001749235.1_ASM174923v1_genomic.fna.gz,../ecoli_genomes/GCF_001881155.1_ASM188115v1_genomic.fna.gz,../ecoli_genomes/GCF_001881345.1_ASM188134v1_genomic.fna.gz,../ecoli_genomes/GCF_001892405.1_ASM189240v1_genomic.fna.gz,../ecoli_genomes/GCF_001892585.1_ASM189258v1_genomic.fna.gz,../ecoli_genomes/GCF_001893985.1_ASM189398v1_genomic.fna.gz,../ecoli_genomes/GCF_002001595.1_ASM200159v1_genomic.fna.gz,../ecoli_genomes/GCF_002002145.1_ASM200214v1_genomic.fna.gz
1.0,0.3858681231627886,0.3170095195037881,0.3382432212730201,0.33598487696341683,0.36438825517878914,0.35466714775008124,0.344354537684434,0.4459728231799024,0.3516477530075601,0.38417425669939487,0.34039651548616856,0.3571551586976984,0.33422412568459714,0.3213371619945563,0.3604112003503177,0.3327220226254597,0.3692041161403744,0.2916129152888228,0.35999337973310863,0.3596979423909433,0.3278470242198258,0.37529868542961875,0.34905487015932246,0.3446860420764961,0.3370013508185363,0.37275018434572904,0.34057367324870924,0.3993305855944733,0.44404925367749926,0.3125690472515842,0.34840804827988936,0.0,0.35367218457740135,0.36590496473191014,0.31639201086931845,0.3395197908272668,0.37271180308609464,0.2464967573596326,0.3758441506806306,0.31698921906988997,0.3662159386459559,0.3766029275452659,0.34245068391499767,0.34543708248102645,0.3713467440197792,0.3637266278957658,0.3640599287334888,0.3308498091692721,0.40558682899117104
0.3858681231627886,1.0,0.297815397056704,0.328091215824857,0.4060928637053086,0.5538006036902915,0.394197841521429,0.3338921960548342,0.3613828774384902,0.3419378071143163,0.4694035048772859,0.3381468080624448,0.43977656215158367,0.3249588659583925,0.31909840272417567,0.40458686970456204,0.4700695559878345,0.46187212414961043,0.3498528560562306,0.40240294570326607,0.44663735880190925,0.4025760052142566,0.4653009985227552,0.5461373972837923,0.5380785738902745,0.478561412173633,0.46407686996049224,0.33184592912875,0.3626850261110688,0.3688741763152289,0.3070402243242577,0.432702792318994,0.0,0.43869546895499745,0.5767960487200012,0.3013329824244354,0.37971095190139603,0.46807961017270083,0.22626512531055054,0.4641003817791043,0.30994171792213443,0.49316576471246487,0.46669581544886596,0.3425843897022125,0.336888635275307,0.3411988536003263,0.5064086272931958,0.5058529098687712,0.3411097304350218,0.36496039639511113
0.3170095195037881,0.297815397056704,1.0,0.2672733714937803,0.248868661324825,0.27490443853033,0.2717211437924154,0.2679483189694498,0.311973682663927,0.2733223512836749,0.2927986275490235,0.2609664922846272,0.27503473922330157,0.26566726864183865,0.2592044226845347,0.27765683313804757,0.25389101943407577,0.2882579545908929,0.22042231943928337,0.2778423611237093,0.28358906274597584,0.2573618544911698,0.2903982501423902,0.26225026157067677,0.2589669697406365,0.25648707474335175,0.2909418238162791,0.27126157272534135,0.30646557179481393,0.3138342885487493,0.2533512566439883,0.2643121461082043,0.0,0.2814122623793469,0.2763413541636638,0.2562652567732021,0.26226230685023066,0.2840775146735338,0.18790381225025843,0.289792452105078,0.2605739429459514,0.27441928332027743,0.29177371675934427,0.27702502432920517,0.2644955346845207,0.2885781703303927,0.28702769204999856,0.2861288007373668,0.2776987085007854,0.31082488627369975
0.3382432212730201,0.328091215824857,0.2672733714937803,1.0,0.32598327305039254,0.3181831681573184,0.30425825868991896,0.5411536185573554,0.3440584382480222,0.5616678030939394,0.3257914606781692,0.5359347213865178,0.32415698803247384,0.593201599574186,0.6067666078484006,0.32002037982572173,0.3012732984401313,0.3223241291832629,0.24810502456595807,0.30891923948139177,0.3123986448087477,0.2862857866266778,0.329843049423288,0.3099688208022703,0.3190195022359954,0.311399418900977,0.3215394909835225,0.5566585964674241,0.352885556729879,0.3297447693098783,0.5427310762456607,0.32346059062551846,0.0,0.3048582322507799,0.31297143295056096,0.42618688230847546,0.3029120931361262,0.31274979571646566,0.3390953008653287,0.3163032710773914,0.5639114988326193,0.30730522902546087,0.32238940975817887,0.5673768822614242,0.5418039763644581,0.3429713734316737,0.30847436966515573,0.30906859601872605,0.4944980352904125,0.3616447399975642
0.33598487696341683,0.4060928637053086,0.248868661324825,0.32598327305039254,1.0,0.43083482775464166,0.35030488359723844,0.31967997905307977,0.3536999822378434,0.3338999331804281,0.4982151069215408,0.29861432587522563,0.46630585941609504,0.3003783308368402,0.3271328826138916,0.3718042990684728,0.43766695903958275,0.4285071932306166,0.34325342567959016,0.35576420044252344,0.43176894774971575,0.37863604254209016,0.4377611393980916,0.44628926474950736,0.45084412285300657,0.4621373441404023,0.44902080726324334,0.28608237730971864,0.3371918966078489,0.3389347697669375,0.30642433057941987,0.46827960057530793,0.0,0.4355056103157824,0.4173861986179498,0.2735822699111542,0.3548403741496905,0.45420058540293673,0.2221348323352088,0.4607443846460295,0.32001867997713396,0.42794191954104055,0.4640886876994048,0.298506876746768,0.2983114906720684,0.30379111107302115,0.42953237996003113,0.4311459706505626,0.29547072611113057,0.3259813833167232
0.36438825517878914,0.5538006036902915,0.27490443853033,0.3181831681573184,0.43083482775464166,1.0,0.3908751720245002,0.3286580104773019,0.3559260815854334,0.3214978612923708,0.4526294566653083,0.3132721582796979,0.42636523368653845,0.312368046019149,0.3093651764306443,0.39038367134554286,0.4656557337381325,0.44522557025796206,0.35554135169747236,0.3931951620022527,0.42585106591062916,0.43256094591359673,0.4496952688010414,0.522557360335398,0.5268943245625328,0.46616589128526975,0.4404735786330316,0.3130056486607805,0.3539904830131093,0.34644467651324584,0.2935493022221055,0.4306463393445036,0.0,0.4456590815103757,0.560882440022645,0.30106067435427675,0.37408444432684407,0.44674793186609263,0.2507005057472633,0.4542408635922588,0.30388818348771174,0.4915731755031626,0.44868678536737205,0.31941511050908267,0.3138687469496382,0.33036276592495895,0.4956768035822209,0.4997694171005802,0.314887184936371,0.36260247891306974
0.35466714775008124,0.394197841521429,0.2717211437924154,0.30425825868991896,0.35030488359723844,0.3908751720245002,1.0,0.3063776144408261,0.34944363655106014,0.3077270905868592,0.39840289998268985,0.30244863968599456,0.37623245861397103,0.30059571394615336,0.29309278778287473,0.7544156718988314,0.35789888474434317,0.4288234587725147,0.3331063933672235,0.8497406229370037,0.42470075182409706,0.3778561253579402,0.4420566343756721,0.38148114332779903,0.36268770578048026,0.3657000748134097,0.4030142547204789,0.2966999015686992,0.34272408641677254,0.3482199055956742,0.28153213087338136,0.36786477489715264,0.0,0.39317194807824296,0.4049746222114511,0.30688301474424384,0.7864483261219922,0.3797312072843976,0.23223652934618821,0.40116639408975163,0.2843357242986281,0.3898494032182347,0.4052127748574752,0.30686042103975486,0.3089075428112983,0.32073771941902807,0.38578011456505723,0.3854634653265484,0.3028554491959077,0.3505783439090149
0.344354537684434,0.3338921960548342,0.2679483189694498,0.5411536185573554,0.31967997905307977,0.3286580104773019,0.3063776144408261,1.0,0.34016448458017134,0.5391570272307402,0.3292032475357083,0.5146049942745521,0.3330045819825762,0.5296528795648211,0.5174415444580107,0.31725198967239165,0.30015525467396653,0.32653091445559734,0.2628755665121626,0.31086496374094597,0.3159601462336218,0.29418653791599003,0.3306849540505411,0.31792105884700383,0.31091533075608324,0.3100707430465356,0.33130244349571125,0.6925709999672762,0.3617376191057101,0.3316741995146273,0.5111077015726939,0.3186355365983152,0.0,0.3153964714944497,0.32211605235071217,0.42038661231047725,0.2977665927059189,0.33611568226596844,0.3492147906762978,0.3337141118319712,0.5167092745850295,0.31748362190870394,0.33242242810910105,0.7018955568225871,0.6565641480400779,0.3424174820671433,0.31406057351238303,0.31397272106208807,0.48486879711727804,0.3664335932706032
0.4459728231799024,0.3613828774384902,0.311973682663927,0.3440584382480222,0.3536999822378434,0.3559260815854334,0.34944363655106014,0.34016448458017134,1.0,0.35502885606872725,0.37482687678359217,0.32072865777704607,0.3651353960131912,0.33368971718403095,0.3376696777313344,0.36576786005020234,0.3324676006619077,0.3641067835015134,0.2807896377875523,0.3569719975539445,0.35310675227605015,0.32043211657423076,0.3634965284064854,0.35175779901727056,0.34598573459294246,0.34848832871842295,0.3689347561667685,0.3243240354533975,0.3865791636994119,0.46792148367596476,0.3217140020128132,0.34984156908974984,0.0,0.34556722526047556,0.35868318536756705,0.31398997272516305,0.34667668874146496,0.3552032596142841,0.23332279749837215,0.37071396916876476,0.32617553152059164,0.3587346928286752,0.3711347657437152,0.3329265534506829,0.321646704751426,0.36114137307341565,0.3575197337963769,0.3581546689351798,0.3273614038513226,0.3986527000389014
0.3516477530075601,0.3419378071143163,0.2733223512836749,0.5616678030939394,0.3338999331804281,0.3214978612923708,0.3077270905868592,0.5391570272307402,0.35502885606872725,1.0,0.34485676415935174,0.5113437286130057,0.3411090512693683,0.5502499358824231,0.5437724894955626,0.3219621422135629,0.30285386056159913,0.32815954288186966,0.2591438865404213,0.31387959207797667,0.3154696416243603,0.2924701797125283,0.3269954404462059,0.318486767856369,0.32345691631220963,0.3214229074685707,0.33544899496504976,0.5365734011561849,0.36358515074419795,0.3425376578300151,0.5515869650915679,0.32006256332422023,0.0,0.31243225133312724,0.3221130212414569,0.4376939153250111,0.30353905404448234,0.32607321777386555,0.34546013707648815,0.33450808049101455,0.558634629600562,0.3214263976594215,0.3333758112775276,0.5471261789737925,0.5398659828474315,0.3444213431794021,0.32211551569795804,0.3219139368785633,0.5117816209345788,0.3601452667738343
0.38417425669939487,0.4694035048772859,0.2927986275490235,0.3257914606781692,0.4982151069215408,0.4526294566653083,0.39840289998268985,0.3292032475357083,0.37482687678359217,0.34485676415935174,1.0,0.3214149851797188,0.5539232659675082,0.33101330961648767,0.3235240470540923,0.4098698030554241,0.41562060527469435,0.524061693349879,0.4312760074279606,0.40724761712762325,0.5130750549226315,0.4934462525656521,0.5304636497336902,0.4501451725428366,0.416309274208551,0.4304366217800263,0.5505978978894093,0.3283546796995944,0.35913210746920965,0.3788948693305536,0.3102261382215995,0.49014306669216356,0.0,0.5080563422686502,0.4675518792866237,0.3150983157579045,0.3868952379155326,0.5206799833315017,0.23712279240494294,0.5614886681297876,0.31387569285352857,0.4740884768549496,0.5413110521681462,0.3311945228892853,0.324519888087065,0.3380526925209014,0.47496892799243773,0.4747690892983658,0.33649505067867647,0.3700805160653845
0.34039651548616856,0.3381468080624448,0.2609664922846272,0.5359347213865178,0.29861432587522563,0.3132721582796979,0.30244863968599456,0.5146049942745521,0.32072865777704607,0.5113437286130057,0.3214149851797188,1.0,0.31509171485142307,0.5257988746591982,0.6031332635247273,0.30752907821447173,0.2908054010678722,0.31581966933443717,0.25732960953338846,0.30594892134897633,0.31437097000499836,0.28618927623798995,0.32369310563134956,0.30543075808228903,0.2940903997172095,0.2947813732036778,0.31850549630859637,0.5138276851351695,0.363334865387845,0.3269064030001325,0.4731086442515038,0.30296768284742326,0.0,0.3090087735555481,0.3163179788756436,0.41276266259529193,0.29207820590802025,0.3138595700165252,0.3326481621031898,0.32178040651063355,0.4898978229109886,0.30678969406883005,0.3239313151672324,0.526334228020013,0.5094010205977118,0.3404547833237571,0.31429195455434733,0.314326758550711,0.46564561469112753,0.3551484093720715
0.3571551586976984,0.43977656215158367,0.27503473922330157,0.32415698803247384,0.46630585941609504,0.42636523368653845,0.37623245861397103,0.3330045819825762,0.3651353960131912,0.3411090512693683,0.5539232659675082,0.31509171485142307,1.0,0.3189347621948776,0.3306390241867262,0.39279206390325694,0.39687131604755865,0.5100349612730406,0.5331998879163933,0.38269768740854415,0.5168732136890422,0.5675680259571219,0.5600397513660502,0.42843743959811353,0.4045036437126748,0.41610397698053214,0.5490498574665459,0.3154613859717764,0.34368258038660493,0.3637827024324236,0.31107647048445963,0.5438791643848138,0.0,0.5250549266941764,0.4419949468180515,0.2940477567675248,0.3753553355268273,0.512277088169006,0.22522544835435498,0.5515548122877584,0.31768471262936504,0.4436985081897685,0.540345139266627,0.31992119604542424,0.3095358456039785,0.31754208931367944,0.44615153109709105,0.4459178083671561,0.3139530908979703,0.3481286086344424
0.33422412568459714,0.3249588659583925,0.26566726864183865,0.593201599574186,0.3003783308368402,0.312368046019149,0.30059571394615336,0.5296528795648211,0.33368971718403095,0.5502499358824231,0.33101330961648767,0.5257988746591982,0.3189347621948776,1.0,0.588877371024378,0.31111061546687535,0.2888680376800741,0.3229692065191482,0.25402140316966715,0.3071149419684942,0.3089355146962198,0.29264597893373234,0.32564432872204996,0.2969874013072469,0.2978632379152065,0.2940257204486576,0.3234054292383314,0.5570005786640202,0.3589244096935025,0.3253709165658165,0.5266926694828054,0.3049766330877075,0.0,0.30479817083286165,0.3098465434542267,0.4297799323308227,0.29305230990682707,0.31727201963335006,0.327443317094106,0.3198395081989215,0.5474138382431709,0.3063693030599731,0.3233627511989924,0.5594065725723222,0.534543042511912,0.345377755016943,0.31231616341313995,0.3126652937396932,0.4968405772397282,0.364497640677666
0.3213371619945563,0.31909840272417567,0.2592044226845347,0.6067666078484006,0.3271328826138916,0.3093651764306443,0.29309278778287473,0.5174415444580107,0.3376696777313344,0.5437724894955626,0.3235240470540923,0.6031332635247273,0.3306390241867262,0.588877371024378,1.0,0.30989751635108176,0.29960008849276987,0.3126286560096554,0.24706498971632007,0.2988065592014624,0.3034403067562218,0.28165004108893577,0.31896849880930345,0.3080889080230165,0.31251865621591046,0.3101056737974367,0.31817278968282425,0.5163299711799456,0.34740777638566056,0.32344006963895566,0.5365201382481843,0.3168811882536098,0.0,0.3003301325861125,0.3083560789495803,0.41717936758746743,0.2930674291347055,0.3108105665299591,0.3343279493223017,0.31600846757018475,0.5526318152308547,0.30345291203123714,0.31789399628850235,0.5274519748649643,0.5034777990955418,0.3347890604284842,0.3090684482276459,0.30936288002319645,0.4776217447001866,0.3595099872568627
0.3604112003503177,0.40458686970456204,0.27765683313804757,0.32002037982572173,0.3718042990684728,0.39038367134554286,0.7544156718988314,0.31725198967239165,0.36576786005020234,0.3219621422135629,0.4098698030554241,0.30752907821447173,0.39279206390325694,0.31111061546687535,0.30989751635108176,1.0,0.36910941970286903,0.4203739523146699,0.3260243035566691,0.7842515167428757,0.4119164620481177,0.37608851045556624,0.43116397360841485,0.3922844644850796,0.3813258224022473,0.3810174714351281,0.4015694555879542,0.3041523356825544,0.350827844788143,0.3636785069688998,0.295636309599019,0.379403412949085,0.0,0.39049527977635823,0.40434153861511535,0.30639016014171594,0.7308852923161453,0.3896552441676374,0.22185082634432163,0.4039433601917941,0.30048587647814773,0.38683687380983933,0.40812045946405506,0.3093855798648909,0.30978689033252194,0.3272095237500091,0.3903627008855294,0.3891979535343403,0.3121199234981601,0.3559574497009734
0.3327220226254597,0.4700695559878345,0.25389101943407577,0.3012732984401313,0.43766695903958275,0.4656557337381325,0.35789888474434317,0.30015525467396653,0.3324676006619077,0.30285386056159913,0.41562060527469435,0.2908054010678722,0.39687131604755865,0.2888680376800741,0.29960008849276987,0.36910941970286903,1.0,0.40204957567910016,0.31617087573589353,0.36256808833180587,0.39540120113373467,0.3601298872191617,0.4193616863483324,0.5358654995758974,0.5189729243817323,0.531177026757182,0.40254044433459213,0.28544536193253944,0.3442057990444567,0.32272613362653624,0.283225606947473,0.45626973266494353,0.0,0.40971192589441097,0.475046053960426,0.2799900341523375,0.3570009296880371,0.3966081187188152,0.22010439120643566,0.4103199745602819,0.28451555246975613,0.4486230610395868,0.4104273032260357,0.2933337414332824,0.297988332188589,0.30034722017118876,0.4571457114920052,0.46095225818575736,0.2868506957014453,0.32982103639994653
0.3692041161403744,0.46187212414961043,0.2882579545908929,0.3223241291832629,0.4285071932306166,0.44522557025796206,0.4288234587725147,0.32653091445559734,0.3641067835015134,0.32815954288186966,0.524061693349879,0.31581966933443717,0.5100349612730406,0.3229692065191482,0.3126286560096554,0.4203739523146699,0.40204957567910016,1.0,0.44339950176270304,0.43261924151568876,0.5508358734741631,0.49212672349966147,0.5639425497662626,0.428228204602219,0.40394247199345823,0.41472823177664453,0.5405607184924741,0.32278072038974837,0.35261713816109397,0.3682560629686771,0.30342110720631355,0.4722061057645486,0.0,0.5019082545277979,0.45858514596836075,0.32492635036494966,0.41403903202970127,0.4986033024273957,0.23263258460424807,0.5301912206495292,0.30508396680547734,0.4587839951153968,0.5250219410343604,0.3259368789175052,0.317889623266679,0.33403056495941996,0.46000669450669407,0.4596343027530009,0.3204136253901386,0.35931907988065026
0.2916129152888228,0.3498528560562306,0.22042231943928337,0.24810502456595807,0.34325342567959016,0.35554135169747236,0.3331063933672235,0.2628755665121626,0.2807896377875523,0.2591438865404213,0.4312760074279606,0.25732960953338846,0.5331998879163933,0.25402140316966715,0.24706498971632007,0.3260243035566691,0.31617087573589353,0.44339950176270304,1.0,0.3326282398766326,0.4233942055987827,0.5363339783925687,0.4361102650292582,0.32986557845275233,0.3190370317961758,0.31660676858001124,0.41713326201019496,0.2555466661517618,0.27118324722889364,0.2808932012642176,0.23874862805802266,0.4713633889003219,0.0,0.4012207212015042,0.3601338609283601,0.24901802167504516,0.3215269166504813,0.3929675757273574,0.18512238517428892,0.41985559161410224,0.24090504829675474,0.3559410791813191,0.4096178345583895,0.26052374448692595,0.254303183083495,0.260862400944199,0.3519864912703442,0.3537521635862251,0.2462955884017184,0.28226519239689307
0.35999337973310863,0.40240294570326607,0.2778423611237093,0.30891923948139177,0.35576420044252344,0.3931951620022527,0.8497406229370037,0.31086496374094597,0.3569719975539445,0.31387959207797667,0.40724761712762325,0.30594892134897633,0.38269768740854415,0.3071149419684942,0.2988065592014624,0.7842515167428757,0.36256808833180587,0.43261924151568876,0.3326282398766326,1.0,0.42904509805984836,0.3795346189605485,0.44247117041834894,0.3838305715847443,0.3681565810254963,0.3701465753950084,0.4072977486910957,0.30299160332565944,0.3496352381302742,0.3566859924744994,0.28707449402438445,0.3735251340914393,0.0,0.3949753439644291,0.40636726625722075,0.31032454150269306,0.794269590279876,0.3893512408693922,0.2289070035915538,0.4082156368159915,0.28958258900976774,0.39239095756794473,0.4118366475995112,0.30996966727794073,0.3104384998220291,0.3286481219552634,0.39215776343304765,0.39169948571123614,0.3102449218889932,0.35855983363937605
0.3596979423909433,0.44663735880190925,0.28358906274597584,0.3123986448087477,0.43176894774971575,0.42585106591062916,0.42470075182409706,0.3159601462336218,0.35310675227605015,0.3154696416243603,0.5130750549226315,0.31437097000499836,0.5168732136890422,0.3089355146962198,0.3034403067562218,0.4119164620481177,0.39540120113373467,0.5508358734741631,0.4233942055987827,0.42904509805984836,1.0,0.49577340600145325,0.5720829759121053,0.4180810005242578,0.3930361723252438,0.41526380249274486,0.5426197698050319,0.31482747926141974,0.3380665034618784,0.36268707802399625,0.29228586000284706,0.4848487111750177,0.0,0.5206525950182046,0.4548631444116942,0.31151723559147304,0.40928170787439544,0.5080285414323213,0.22840479052080753,0.5441683977237286,0.2981159331261968,0.43713914084540895,0.5299049789860505,0.3207627383841044,0.31316408661748574,0.3317514653778565,0.46081282114380673,0.460585563922599,0.31456402117689675,0.3507850665840683
0.3278470242198258,0.4025760052142566,0.2573618544911698,0.2862857866266778,0.37863604254209016,0.43256094591359673,0.3778561253579402,0.29418653791599003,0.32043211657423076,0.2924701797125283,0.4934462525656521,0.28618927623798995,0.5675680259571219,0.29264597893373234,0.28165004108893577,0.37608851045556624,0.3601298872191617,0.49212672349966147,0.5363339783925687,0.3795346189605485,0.49577340600145325,1.0,0.6344269213516933,0.3703935577752855,0.35904626251969407,0.36807750220659685,0.4934358412778759,0.2951150369311436,0.31179723219577493,0.32103459298537695,0.2701113811482291,0.49109558296701517,0.0,0.5655673218386579,0.4042061325541486,0.2771779350170569,0.3640579286435517,0.4658806052375939,0.20813321590056377,0.49583795296149047,0.2714143069019914,0.40149791337708995,0.4943791015876521,0.29670449638670804,0.2868256161859737,0.2959619387668627,0.4025638662453498,0.4027554373239062,0.286366608162408,0.3241009560752788
0.37529868542961875,0.4653009985227552,0.2903982501423902,0.329843049423288,0.4377611393980916,0.4496952688010414,0.4420566343756721,0.3306849540505411,0.3634965284064854,0.3269954404462059,0.5304636497336902,0.32369310563134956,0.5600397513660502,0.32564432872204996,0.31896849880930345,0.43116397360841485,0.4193616863483324,0.5639425497662626,0.4361102650292582,0.44247117041834894,0.5720829759121053,0.6344269213516933,1.0,0.43021619448407766,0.41652135481851715,0.4208290062638087,0.5711433400264263,0.32534890174016806,0.35243689843695347,0.36405870473983726,0.3053869731104216,0.5067387552729985,0.0,0.6350531365196375,0.46361679147268564,0.3186700998347507,0.42598291465798177,0.5228934177352063,0.2342244512910634,0.5555318648078191,0.30828840514307054,0.4577685239052227,0.5556578527349532,0.33272034805684736,0.3258734070575535,0.3350351075532578,0.45944456036419534,0.4598391634478698,0.32317084430574916,0.36411361976675904
0.34905487015932246,0.5461373972837923,0.26225026157067677,0.3099688208022703,0.44628926474950736,0.522557360335398,0.38148114332779903,0.31792105884700383,0.35175779901727056,0.318486767856369,0.4501451725428366,0.30543075808228903,0.42843743959811353,0.2969874013072469,0.3080889080230165,0.3922844644850796,0.5358654995758974,0.428228204602219,0.32986557845275233,0.3838305715847443,0.4180810005242578,0.3703935577752855,0.43021619448407766,1.0,0.5573423414258076,0.5051118253751705,0.43893567933175703,0.29272830800544136,0.34457774264745933,0.34745632700439344,0.2926066081596118,0.43456810819065617,0.0,0.41680459508038814,0.5518168426101129,0.288129801610409,0.3763992546544248,0.4156703227791698,0.2290980570061426,0.43561040750853075,0.29829398774828564,0.4807911179294382,0.4348420937268601,0.3026586405466539,0.31962302337486026,0.30721565362674286,0.47233621241802215,0.4735367058066988,0.3023251386672644,0.3343811530125851
0.3446860420764961,0.5380785738902745,0.2589669697406365,0.3190195022359954,0.45084412285300657,0.5268943245625328,0.36268770578048026,0.31091533075608324,0.34598573459294246,0.32345691631220963,0.416309274208551,0.2940903997172095,0.4045036437126748,0.2978632379152065,0.31251865621591046,0.3813258224022473,0.5189729243817323,0.40394247199345823,0.3190370317961758,0.3681565810254963,0.3930361723252438,0.35904626251969407,0.41652135481851715,0.5573423414258076,1.0,0.5325552851542316,0.4054954610644167,0.2868469311338744,0.3339772097529875,0.3277760260934415,0.2954280883703978,0.4595161824357561,0.0,0.39990946855987075,0.5455504229116481,0.2761877170298771,0.3615279985803118,0.41089423089372,0.22391316446713805,0.4127061562714167,0.30191757211151315,0.45845603216941455,0.42333356851620685,0.31206423965834273,0.3175020124043043,0.31495610966279475,0.46186450177358096,0.4656226604867333,0.3037231347844912,0.3264826810977125
0.3370013508185363,0.478561412173633,0.25648707474335175,0.311399418900977,0.4621373441404023,0.46616589128526975,0.3657000748134097,0.3100707430465356,0.34848832871842295,0.3214229074685707,0.4304366217800263,0.2947813732036778,0.41610397698053214,0.2940257204486576,0.3101056737974367,0.3810174714351281,0.531177026757182,0.41472823177664453,0.31660676858001124,0.3701465753950084,0.41526380249274486,0.36807750220659685,0.4208290062638087,0.5051118253751705,0.5325552851542316,1.0,0.4172957690833232,0.2866198891861631,0.3395269125579793,0.3317858417432339,0.2992576900938684,0.43245420048725525,0.0,0.40169439265600904,0.4864336654255059,0.279740173576393,0.3695452129975251,0.41493706280402853,0.2218293067790602,0.42298390272207553,0.30043663242494567,0.4695736490534399,0.4196027232265078,0.3087718828037235,0.30496866443120496,0.3041243485754104,0.46232232050513256,0.46407520704699157,0.30321889423405757,0.32861339469625794
0.37275018434572904,0.46407686996049224,0.2909418238162791,0.3215394909835225,0.44902080726324334,0.4404735786330316,0.4030142547204789,0.33130244349571125,0.3689347561667685,0.33544899496504976,0.5505978978894093,0.31850549630859637,0.5490498574665459,0.3234054292383314,0.31817278968282425,0.4015694555879542,0.40254044433459213,0.5405607184924741,0.41713326201019496,0.4072977486910957,0.5426197698050319,0.4934358412778759,0.5711433400264263,0.43893567933175703,0.4054954610644167,0.4172957690833232,1.0,0.32185359839404826,0.3531152337551573,0.3697958138970975,0.3074353421867355,0.5015794493372525,0.0,0.5336477669384778,0.46047976892919795,0.3086017579870177,0.390953474020008,0.5982450759617349,0.22912421552146067,0.5835874001820328,0.3114215643890148,0.46341267733940583,0.6334873681656639,0.3324473210422415,0.31832241547742723,0.3386130819347075,0.4641072211978765,0.4637227709241797,0.32672168386959266,0.36125690410902433
0.34057367324870924,0.33184592912875,0.27126157272534135,0.5566585964674241,0.28608237730971864,0.3130056486607805,0.2966999015686992,0.6925709999672762,0.3243240354533975,0.5365734011561849,0.3283546796995944,0.5138276851351695,0.3154613859717764,0.5570005786640202,0.5163299711799456,0.3041523356825544,0.28544536193253944,0.32278072038974837,0.2555466661517618,0.30299160332565944,0.31482747926141974,0.2951150369311436,0.32534890174016806,0.29272830800544136,0.2868469311338744,0.2866198891861631,0.32185359839404826,1.0,0.36020730465667905,0.32428422507145804,0.5007589499846128,0.30737923667991607,0.0,0.3059228253905101,0.30857157050613404,0.4190529540854303,0.28607795085171317,0.32712202422151904,0.3337243984862628,0.3210906053521878,0.5167137762225729,0.30530248837583107,0.322315007877099,0.7967237352979949,0.7323750576235482,0.33785800428908697,0.31205720604851894,0.31133029730696415,0.5020615027628006,0.35562763394350405
0.3993305855944733,0.3626850261110688,0.30646557179481393,0.352885556729879,0.3371918966078489,0.3539904830131093,0.34272408641677254,0.3617376191057101,0.3865791636994119,0.36358515074419795,0.35913210746920965,0.363334865387845,0.34368258038660493,0.3589244096935025,0.34740777638566056,0.350827844788143,0.3442057990444567,0.35261713816109397,0.27118324722889364,0.3496352381302742,0.3380665034618784,0.31179723219577493,0.35243689843695347,0.34457774264745933,0.3339772097529875,0.3395269125579793,0.3531152337551573,0.36020730465667905,1.0,0.37706945998541874,0.33734029864873816,0.34113253344047356,0.0,0.3401261057639625,0.34864980110248667,0.33144160036358683,0.33155440369258427,0.3485509337537689,0.2635068308342201,0.35581880726779547,0.334505446175939,0.33994385508644764,0.35248505296435717,0.3599511479190516,0.3539402837133738,0.4311729735491868,0.3485378936675617,0.34726864592126505,0.3502265082216859,0.6307455837311391
0.44404925367749926,0.3688741763152289,0.3138342885487493,0.3297447693098783,0.3389347697669375,0.34644467651324584,0.3482199055956742,0.3316741995146273,0.46792148367596476,0.3425376578300151,0.3788948693305536,0.3269064030001325,0.3637827024324236,0.3253709165658165,0.32344006963895566,0.3636785069688998,0.32272613362653624,0.3682560629686771,0.2808932012642176,0.3566859924744994,0.36268707802399625,0.32103459298537695,0.36405870473983726,0.34745632700439344,0.3277760260934415,0.3317858417432339,0.3697958138970975,0.32428422507145804,0.37706945998541874,1.0,0.31318981355880293,0.33860513329739406,0.0,0.3439571605117151,0.35679010476233,0.30921982904412004,0.33946167313355835,0.3605549744354246,0.22471880950086687,0.3841132087946926,0.319186963400784,0.35494727375981683,0.37543572150106697,0.3287965343063287,0.32409822020675916,0.3726540670097678,0.36380076430559916,0.36344489260425106,0.330513703776674,0.39385313358421814
0.3125690472515842,0.3070402243242577,0.2533512566439883,0.5427310762456607,0.30642433057941987,0.2935493022221055,0.28153213087338136,0.5111077015726939,0.3217140020128132,0.5515869650915679,0.3102261382215995,0.4731086442515038,0.31107647048445963,0.5266926694828054,0.5365201382481843,0.295636309599019,0.283225606947473,0.30342110720631355,0.23874862805802266,0.28707449402438445,0.29228586000284706,0.2701113811482291,0.3053869731104216,0.2926066081596118,0.2954280883703978,0.2992576900938684,0.3074353421867355,0.5007589499846128,0.33734029864873816,0.31318981355880293,1.0,0.30064348180011224,0.0,0.2908795919286544,0.2908615534643427,0.4074032681268316,0.28080561054983,0.2986121882578143,0.32066754565198574,0.3076205137514283,0.6469821402469864,0.2945430040457986,0.3048023249548715,0.5142106207162633,0.49179618036693595,0.322666097302973,0.2951495694613756,0.29459515574038597,0.4652736531550766,0.3335794112215982
0.34840804827988936,0.432702792318994,0.2643121461082043,0.32346059062551846,0.46827960057530793,0.4306463393445036,0.36786477489715264,0.3186355365983152,0.34984156908974984,0.32006256332422023,0.49014306669216356,0.30296768284742326,0.5438791643848138,0.3049766330877075,0.3168811882536098,0.379403412949085,0.45626973266494353,0.4722061057645486,0.4713633889003219,0.3735251340914393,0.4848487111750177,0.49109558296701517,0.5067387552729985,0.43456810819065617,0.4595161824357561,0.43245420048725525,0.5015794493372525,0.30737923667991607,0.34113253344047356,0.33860513329739406,0.30064348180011224,1.0,0.0,0.4784156946670496,0.4259128081552518,0.2768619234231099,0.3712405728017162,0.49410167790089154,0.22678543504809057,0.5141866226596774,0.30044889898229565,0.43221176218483237,0.5142517176092745,0.31108982040657907,0.3118279918394783,0.3110514115051266,0.4426599775136709,0.443728750316967,0.2924067049649014,0.330337747388888
0.0,0.0,0.0,0.0,0.0,0.0,0.0,0.0,0.0,0.0,0.0,0.0,0.0,0.0,0.0,0.0,0.0,0.0,0.0,0.0,0.0,0.0,0.0,0.0,0.0,0.0,0.0,0.0,0.0,0.0,0.0,0.0,1.0,0.0,0.0,0.0,0.0,0.0,0.0,0.0,0.0,0.0,0.0,0.0,0.0,0.0,0.0,0.0,0.0,0.0
0.35367218457740135,0.43869546895499745,0.2814122623793469,0.3048582322507799,0.4355056103157824,0.4456590815103757,0.39317194807824296,0.3153964714944497,0.34556722526047556,0.31243225133312724,0.5080563422686502,0.3090087735555481,0.5250549266941764,0.30479817083286165,0.3003301325861125,0.39049527977635823,0.40971192589441097,0.5019082545277979,0.4012207212015042,0.3949753439644291,0.5206525950182046,0.5655673218386579,0.6350531365196375,0.41680459508038814,0.39990946855987075,0.40169439265600904,0.5336477669384778,0.3059228253905101,0.3401261057639625,0.3439571605117151,0.2908795919286544,0.4784156946670496,0.0,1.0,0.44258719107916145,0.3113827005829456,0.37640884791055773,0.5046597398110102,0.25590013592036276,0.5315241016578744,0.2954683837591291,0.45286581027523165,0.5360689023523235,0.3113347091522515,0.3087496973468583,0.3178488908519689,0.4475656833065309,0.44821295833709895,0.3069722720739443,0.34415113397263497
0.36590496473191014,0.5767960487200012,0.2763413541636638,0.31297143295056096,0.4173861986179498,0.560882440022645,0.4049746222114511,0.32211605235071217,0.35868318536756705,0.3221130212414569,0.4675518792866237,0.3163179788756436,0.4419949468180515,0.3098465434542267,0.3083560789495803,0.40434153861511535,0.475046053960426,0.45858514596836075,0.3601338609283601,0.40636726625722075,0.4548631444116942,0.4042061325541486,0.46361679147268564,0.5518168426101129,0.5455504229116481,0.4864336654255059,0.46047976892919795,0.30857157050613404,0.34864980110248667,0.35679010476233,0.2908615534643427,0.4259128081552518,0.0,0.44258719107916145,1.0,0.30123614552660927,0.385287678687418,0.44431483326503063,0.2366638402774096,0.46674623606737875,0.2960559454156294,0.5007079802682477,0.4652989474880903,0.3156538947789491,0.3113025420532559,0.32618590437303485,0.49632089075628827,0.4968535051601296,0.3127385538583747,0.3502810657229216
0.31639201086931845,0.3013329824244354,0.2562652567732021,0.42618688230847546,0.2735822699111542,0.30106067435427675,0.30688301474424384,0.42038661231047725,0.31398997272516305,0.4376939153250111,0.3150983157579045,0.41276266259529193,0.2940477567675248,0.4297799323308227,0.41717936758746743,0.30639016014171594,0.2799900341523375,0.32492635036494966,0.24901802167504516,0.31032454150269306,0.31151723559147304,0.2771779350170569,0.3186700998347507,0.288129801610409,0.2761877170298771,0.279740173576393,0.3086017579870177,0.4190529540854303,0.33144160036358683,0.30921982904412004,0.4074032681268316,0.2768619234231099,0.0,0.3113827005829456,0.30123614552660927,1.0,0.29387650700386414,0.29491594496162776,0.33560353782225516,0.3113837885794478,0.41351300611956876,0.2955189078896959,0.30506191684345485,0.4271138862562025,0.42772386230875004,0.3145533243673698,0.2949084143798032,0.29410549577772427,0.44032487741662374,0.33721595018493444
0.3395197908272668,0.37971095190139603,0.26226230685023066,0.3029120931361262,0.3548403741496905,0.37408444432684407,0.7864483261219922,0.2977665927059189,0.34667668874146496,0.30353905404448234,0.3868952379155326,0.29207820590802025,0.3753553355268273,0.29305230990682707,0.2930674291347055,0.7308852923161453,0.3570009296880371,0.41403903202970127,0.3215269166504813,0.794269590279876,0.40928170787439544,0.3640579286435517,0.42598291465798177,0.3763992546544248,0.3615279985803118,0.3695452129975251,0.390953474020008,0.28607795085171317,0.33155440369258427,0.33946167313355835,0.28080561054983,0.3712405728017162,0.0,0.37640884791055773,0.385287678687418,0.29387650700386414,1.0,0.37163393579823834,0.2197673283771362,0.3843065066335768,0.28311430941337246,0.3752074428965503,0.3902481769223465,0.2967274062490317,0.29438211847404006,0.30855785432847915,0.37331082901710655,0.37286349404064467,0.29048923202106003,0.33771143429780104
0.37271180308609464,0.46807961017270083,0.2840775146735338,0.31274979571646566,0.45420058540293673,0.44674793186609263,0.3797312072843976,0.33611568226596844,0.3552032596142841,0.32607321777386555,0.5206799833315017,0.3138595700165252,0.512277088169006,0.31727201963335006,0.3108105665299591,0.3896552441676374,0.3966081187188152,0.4986033024273957,0.3929675757273574,0.3893512408693922,0.5080285414323213,0.4658806052375939,0.5228934177352063,0.4156703227791698,0.41089423089372,0.41493706280402853,0.5982450759617349,0.32712202422151904,0.3485509337537689,0.3605549744354246,0.2986121882578143,0.49410167790089154,0.0,0.5046597398110102,0.44431483326503063,0.29491594496162776,0.37163393579823834,1.0,0.2292522007566744,0.5486658989113778,0.3063836000233048,0.4545156631706684,0.6325051428059778,0.3367838033860959,0.32284508235329146,0.33570485948914197,0.47335893259040596,0.47305150843795796,0.3333603662737532,0.3541611545245895
0.2464967573596326,0.22626512531055054,0.18790381225025843,0.3390953008653287,0.2221348323352088,0.2507005057472633,0.23223652934618821,0.3492147906762978,0.23332279749837215,0.34546013707648815,0.23712279240494294,0.3326481621031898,0.22522544835435498,0.327443317094106,0.3343279493223017,0.22185082634432163,0.22010439120643566,0.23263258460424807,0.18512238517428892,0.2289070035915538,0.22840479052080753,0.20813321590056377,0.2342244512910634,0.2290980570061426,0.22391316446713805,0.2218293067790602,0.22912421552146067,0.3337243984862628,0.2635068308342201,0.22471880950086687,0.32066754565198574,0.22678543504809057,0.0,0.25590013592036276,0.2366638402774096,0.33560353782225516,0.2197673283771362,0.2292522007566744,1.0,0.24500062890601038,0.3178942341597013,0.23986540865081896,0.238303530513428,0.34102331365966665,0.3512674089738611,0.23533259582772237,0.23430754340244797,0.23393829179019043,0.3282745089959169,0.25038832941127975
0.3758441506806306,0.4641003817791043,0.289792452105078,0.3163032710773914,0.4607443846460295,0.4542408635922588,0.40116639408975163,0.3337141118319712,0.37071396916876476,0.33450808049101455,0.5614886681297876,0.32178040651063355,0.5515548122877584,0.3198395081989215,0.31600846757018475,0.4039433601917941,0.4103199745602819,0.5301912206495292,0.41985559161410224,0.4082156368159915,0.5441683977237286,0.49583795296149047,0.5555318648078191,0.43561040750853075,0.4127061562714167,0.42298390272207553,0.5835874001820328,0.3210906053521878,0.35581880726779547,0.3841132087946926,0.3076205137514283,0.5141866226596774,0.0,0.5315241016578744,0.46674623606737875,0.3113837885794478,0.3843065066335768,0.5486658989113778,0.24500062890601038,1.0,0.30890227459704855,0.46912236433237586,0.5845071334323891,0.3256208152243696,0.32461467413058676,0.34585422462151927,0.4910994228702418,0.4907891035872479,0.3259264704697764,0.3707680767670656
