../ecoli_genomes/GCF_000163235.1_ASM16323v1_genomic.fna.gz,../ecoli_genomes/GCF_000164555.1_ASM16455v1_genomic.fna.gz,../ecoli_genomes/GCF_000208545.1_ASM20854v2_genomic.fna.gz,../ecoli_genomes/GCF_000233875.1_ASM23387v1_genomic.fna.gz,../ecoli_genomes/GCF_000249735.1_ASM24973v2_genomic.fna.gz,../ecoli_genomes/GCF_000261145.1_Esch_coli_M919_V2_genomic.fna.gz,../ecoli_genomes/GCF_000267705.2_ASM26770v2_genomic.fna.gz,../ecoli_genomes/GCF_000350665.1_Esch_coli_KTE5_V1_genomic.fna.gz,../ecoli_genomes/GCF_000351625.1_Esch_coli_KTE66_V1_genomic.fna.gz,../ecoli_genomes/GCF_000352285.1_Esch_coli_KTE46_V1_genomic.fna.gz,../ecoli_genomes/GCF_000358895.1_ASM35889v1_genomic.fna.gz,../ecoli_genomes/GCF_000456385.1_Esch_coli_HVH_26_4-5703913_V1_genomic.fna.gz,../ecoli_genomes/GCF_000458195.1_Esch_coli_HVH_147_4-5893887_V1_genomic.fna.gz,../ecoli_genomes/GCF_000459755.1_Esch_coli_KOEGE_58_171a_V1_genomic.fna.gz,../ecoli_genomes/GCF_000460055.1_Esch_coli_UMEA_3053-1_V1_genomic.fna.gz,../ecoli_genomes/GCF_000462165.2_ASM46216v2_genomic.fna.gz,../ecoli_genomes/GCF_000601135.1_ASM60113v1_genomic.fna.gz,../ecoli_genomes/GCF_000614595.1_Ec2010EL1058_genomic.fna.gz,../ecoli_genomes/GCF_000617745.1_Ec2010C-4529_genomic.fna.gz,../ecoli_genomes/GCF_000618265.2_EcF6751_genomic.fna.gz,../ecoli_genomes/GCF_000619005.2_Ec2009C-4052_genomic.fna.gz,../ecoli_genomes/GCF_000619105.1_Ec2009C-4780_genomic.fna.gz,../ecoli_genomes/GCF_000619765.2_Ec2009C-3279_genomic.fna.gz,../ecoli_genomes/GCF_000687005.1_ASM68700v1_genomic.fna.gz,../ecoli_genomes/GCF_000687025.1_ASM68702v1_genomic.fna.gz,../ecoli_genomes/GCF_000700125.1_ASM70012v1_genomic.fna.gz,../ecoli_genomes/GCF_000753315.1_FHI35_genomic.fna.gz,../ecoli_genomes/GCF_000776375.1_ASM77637v1_genomic.fna.gz,../ecoli_genomes/GCF_000779395.1_ASM77939v1_genomic.fna.gz,../ecoli_genomes/GCF_000780315.1_ASM78031v1_genomic.fna.gz,../ecoli_genomes/GCF_000781995.1_ASM78199v1_genomic.fna.gz,../ecoli_genomes/GCF_000986765.1_ASM98676v1_genomic.fna.gz,../ecoli_genomes/GCF_001041375.1_ViralProj287958_genomic.fna.gz,../ecoli_genomes/GCF_001265335.1_302014_genomic.fna.gz,../ecoli_genomes/GCF_001265625.1_100854_genomic.fna.gz,../ecoli_genomes/GCF_001267345.1_303289_genomic.fna.gz,../ecoli_genomes/GCF_001309985.1_ASM130998v1_genomic.fna.gz,../ecoli_genomes/GCF_001521695.1_ASM152169v1_genomic.fna.gz,../ecoli_genomes/GCF_001592595.1_ASM159259v1_genomic.fna.gz,../ecoli_genomes/GCF_001614975.1_ASM161497v1_genomic.fna.gz,../ecoli_genomes/GCF_001692775.1_ASM169277v1_genomic.fna.gz,../ecoli_genomes/GCF_001748915.1_ASM174891v1_genomic.fna.gz,../ecoli_genomes/GCF_001749235.1_ASM174923v1_genomic.fna.gz,../ecoli_genomes/GCF_001881155.1_ASM188115v1_genomic.fna.gz,../ecoli_genomes/GCF_001881345.1_ASM188134v1_genomic.fna.gz,../ecoli_genomes/GCF_001892405.1_ASM189240v1_genomic.fna.gz,../ecoli_genomes/GCF_001892585.1_ASM189258v1_genomic.fna.gz,../ecoli_genomes/GCF_001893985.1_ASM189398v1_genomic.fna.gz,../ecoli_genomes/GCF_002001595.1_ASM200159v1_genomic.fna.gz,../ecoli_genomes/GCF_002002145.1_ASM200214v1_genomic.fna.gz
1.0,0.3815756739465813,0.3146808477568097,0.3354765414201868,0.36076907589682017,0.3460765205842208,0.3483477044271952,0.3446910292553349,0.4323769668587446,0.3544881665223012,0.37179096810967693,0.3452763805503398,0.36324744575129875,0.3320829715108655,0.3163500188132382,0.36147897778953453,0.34381299615064886,0.36512645759113527,0.3145371249097778,0.3588356153535881,0.35113701702606925,0.3367096679689965,0.3687897181340223,0.35215534604694354,0.3341673238440599,0.35196362026642203,0.3572061117818994,0.3392427327198806,0.3955149028003825,0.43473911359921913,0.31585615544014867,0.35142782102752057,0.0,0.35686958058651963,0.3558524533455386,0.3331307935570317,0.34004880445312957,0.3654216535333965,0.24091608341591209,0.36478344429926,0.32212921266801153,0.35864856728748595,0.3675361179007698,0.34047051246242255,0.35290568593005445,0.3592313099551948,0.358429662180036,0.3596034707535415,0.3293311175319623,0.39885926632568824
0.3815756739465813,1.0,0.29809080261834464,0.3320022313863118,0.47084502838170916,0.5352427269928733,0.39403626295491134,0.33708077071068876,0.35938475064589903,0.3449035499481239,0.47217007033866354,0.33502263752558603,0.469648390689271,0.32512961711926647,0.3173667594458184,0.4074416380182194,0.4967438446929676,0.4687720723322053,0.39711795649334614,0.4109245066563454,0.4481001961231159,0.4238000177389255,0.473784617590879,0.5600712921593699,0.5382913915997765,0.5164106616468047,0.46353853461444305,0.3313521462411746,0.35945198351733887,0.3653809608725668,0.3122756376499827,0.4525812463365606,0.0,0.45148991517436243,0.5758966312710811,0.3256070711960227,0.3819395138504189,0.470993910224367,0.1833116296502597,0.4714653377545205,0.3202935054523446,0.5103449427787785,0.47624025763906563,0.34559105485803854,0.3459813047821796,0.33397362749996695,0.5201752829968196,0.5216494075464757,0.34111532375278086,0.36213931481728867
0.3146808477568097,0.29809080261834464,1.0,0.2699642515406122,0.27959912988217805,0.2643768888395611,0.26750743576788105,0.2723892153827233,0.31074426418453616,0.27968792264647835,0.29223019301414344,0.26705184506470214,0.28867655824904925,0.26789135543508724,0.26268942051841615,0.27795864464939757,0.2641091120651423,0.28353288929824594,0.24410558742440924,0.2791076533544179,0.27861786408264144,0.2626036347501338,0.2894309509827435,0.2670403115216249,0.2555669139766289,0.27427628771946033,0.28188847179183496,0.2723026193976148,0.3073893141734969,0.3094183112735027,0.2576879379366789,0.27303172524079056,0.0,0.2782102260575201,0.27268173878664004,0.2717531341238444,0.2607280132769225,0.2840414035417589,0.15361401983293455,0.28779590151812573,0.26283476178342924,0.2830123664180777,0.2943062035920193,0.27907739708051993,0.27246136359938744,0.2867963279295149,0.29486887496605496,0.29474593046805553,0.28016854730380003,0.30839134369333243
0.3354765414201868,0.3320022313863118,0.2699642515406122,1.0,0.32432385707247846,0.30829024233240965,0.29998029636782686,0.5277968403844968,0.33109341036462525,0.5586166409532074,0.3258620701303293,0.5310125032088334,0.32780417230994485,0.5780816865770866,0.5880377983595794,0.3116140303417064,0.30218788848111444,0.32300065216680196,0.2765422631222795,0.30887411807949006,0.31324260237077206,0.30199317890958055,0.329338479698583,0.3092047586040214,0.2980778084533904,0.31592990421585165,0.3160301412703662,0.5575364544200414,0.3542945599997568,0.3315080926050109,0.5296817692166726,0.3136600498689607,0.0,0.30904599678366584,0.317793807394093,0.4527410529648752,0.2900982641964085,0.30936862666377485,0.28349018782424074,0.31736118502785393,0.5577423899533323,0.31418881183015224,0.31990010238459843,0.5583235072849257,0.5499204599329957,0.3412843696286384,0.31813380881585296,0.31907471789662367,0.49884726432365334,0.3620278452493243
0.36076907589682017,0.47084502838170916,0.27959912988217805,0.32432385707247846,1.0,0.43866776090223625,0.37964527288181227,0.33048246062387454,0.35710324169907737,0.3394969615596103,0.5692540626919459,0.3157335174712852,0.5190576831810836,0.32656297862741546,0.32610815854308783,0.4080375162604851,0.46468502668582423,0.47986433748986357,0.412956754881337,0.39833102531834197,0.48705352270344715,0.4477805571310328,0.49789739715911396,0.46447570988407305,0.431406490152757,0.4547360455072641,0.4953144720596512,0.31579545050376867,0.35538419178865055,0.3620580940182335,0.3206052541110851,0.485550200579969,0.0,0.48383505817393835,0.4527548512206122,0.3210441818297213,0.37454718741965176,0.5004761352808355,0.18754914958059998,0.5122322952807721,0.32751136943322756,0.46659376601683833,0.5203578633522494,0.32079254968151083,0.3267829006653281,0.3240651615433382,0.4799213450840626,0.48222928717800206,0.3272950068286574,0.3489299452525092
0.3460765205842208,0.5352427269928733,0.2643768888395611,0.30829024233240965,0.43866776090223625,1.0,0.4295535396133291,0.3183711551666225,0.3330122755405164,0.30535951186125154,0.45856897378292816,0.3149163849765302,0.4241871567459887,0.2996433396923238,0.29307020732252587,0.41868739438825087,0.461375100224483,0.4417614610251416,0.38898936887395186,0.4024197456275408,0.4199047663302993,0.4706527937504972,0.43837179116118086,0.5080049142973594,0.5117790080169096,0.4940203109049951,0.4173758855435664,0.29794518093117905,0.33626496912221604,0.3269836910966265,0.2857314504529952,0.4268684463144231,0.0,0.4325452402833154,0.5516110281029614,0.3251684252096563,0.3919365304055479,0.4335614082477375,0.18453388694154282,0.4356887435282947,0.28888491072791556,0.471510055770325,0.4309744611281221,0.3089354750820632,0.3075435900674208,0.3106001486634936,0.4751855589698559,0.47581758193373314,0.3045441254707847,0.34545507446903323
0.3483477044271952,0.39403626295491134,0.26750743576788105,0.29998029636782686,0.37964527288181227,0.4295535396133291,1.0,0.3025672729912894,0.3385460671768661,0.2966500267473047,0.4110245655508087,0.30234596624847,0.38272333252576274,0.29241815828366713,0.28253077583658837,0.7685759071265391,0.3787577619432775,0.4243196606753624,0.3723818849777619,0.8072226341774124,0.42025759830905374,0.42702996420219685,0.4296120450477121,0.3767595517475265,0.3853749782228457,0.4155336269027483,0.3893433696092591,0.2892838382994968,0.33183717561354664,0.33250352987224097,0.27582292987122536,0.39107504557825146,0.0,0.39660628397630626,0.4234976419925611,0.3241544533206523,0.7755823831409036,0.3805320283788334,0.17827033775174783,0.3939529493475641,0.2767074818532903,0.3894880087684627,0.39346094287113065,0.3013020764003945,0.298848702622994,0.30881320669735846,0.38039703152559223,0.38109207217793095,0.2901848656645357,0.33700007040506264
0.3446910292553349,0.33708077071068876,0.2723892153827233,0.5277968403844968,0.33048246062387454,0.3183711551666225,0.3025672729912894,1.0,0.3329669270128006,0.540164183819445,0.3260624727134481,0.5113194091118407,0.3327848362382477,0.5202522355067112,0.5029364904934674,0.31341147864623387,0.30536122161547063,0.3246400601063667,0.2863766685085194,0.31030694388748203,0.31493245102426304,0.3040602595248092,0.331503401640864,0.31980046678093355,0.29569292279883275,0.32044794720028125,0.3219045520546382,0.7120303075363907,0.36699905246374964,0.3329929147485655,0.5041205531778432,0.31594206080068177,0.0,0.3173420319459995,0.31669154278799694,0.4488421668739826,0.29235359814814976,0.33015056432620526,0.27543735964388505,0.32691437018437963,0.5088676366130602,0.32331716583736303,0.32887828984656153,0.712997365441449,0.6915955993023578,0.3401195993092644,0.32080409410918376,0.32104400071719164,0.49187152751206364,0.35883943164702325
0.4323769668587446,0.35938475064589903,0.31074426418453616,0.33109341036462525,0.35710324169907737,0.3330122755405164,0.3385460671768661,0.3329669270128006,1.0,0.34525094500123077,0.362959272340748,0.31670623740745485,0.36046997254377655,0.33029037078463774,0.3231833126490795,0.35859786458825316,0.3320548817596336,0.35679816478206483,0.30021507995241503,0.35552731730465525,0.3455845932979439,0.32884372742028933,0.360110782542455,0.34701657333784164,0.314190725287414,0.3489692704465074,0.35577240281786937,0.3275680160976484,0.3872839010588137,0.46026237753069865,0.32270599462749894,0.336423372340359,0.0,0.34408774135546305,0.3452864766978342,0.3360721283817133,0.33712867559392823,0.3476187198225996,0.1884029359788496,0.36036058964593076,0.3224389656107747,0.3524531201601345,0.3657596815683324,0.33031542198803887,0.3290888092743447,0.3631063007524554,0.35422837267238694,0.3540200613314105,0.32686014205893055,0.4000059841907174
0.3544881665223012,0.3449035499481239,0.27968792264647835,0.5586166409532074,0.3394969615596103,0.30535951186125154,0.2966500267473047,0.540164183819445,0.34525094500123077,1.0,0.3339251981188548,0.512848831203927,0.3406534520471197,0.5457495065588629,0.5309011734061964,0.3175338122616981,0.30595646954346134,0.3288638145795768,0.28019736641782333,0.3134771320269861,0.3151546890307201,0.29869119621723883,0.3275216140413628,0.31292945236215697,0.299709315286952,0.31799042093979923,0.32434695170685446,0.5445050106059773,0.3629602434185545,0.34366117851089495,0.5550003077534557,0.3137001352716762,0.0,0.3146015239022164,0.3158461730735582,0.46393778266680297,0.29679706695413477,0.3230002057154232,0.28258160206012506,0.32871729890011003,0.5627437457463665,0.3213813352533069,0.3270873401363703,0.5471014640661769,0.5511421793529205,0.3429726983871897,0.3275177792319647,0.3280725589564527,0.5208702297929925,0.3588306094399387
0.37179096810967693,0.47217007033866354,0.29223019301414344,0.3258620701303293,0.5692540626919459,0.45856897378292816,0.4110245655508087,0.3260624727134481,0.362959272340748,0.3339251981188548,1.0,0.3240807062017047,0.5596600705059526,0.325386200793524,0.31761390208292817,0.42679865101929637,0.4489535891419486,0.5166363293724483,0.457020049058261,0.4098577507637635,0.5081874044330106,0.5200309053295353,0.5257881884835445,0.4596060097141964,0.42355616416677866,0.4807011700737911,0.5358933539182072,0.32281999023246766,0.35371318437651433,0.36582449641646353,0.30918303674173264,0.4965975074281791,0.0,0.5145177381663241,0.47368898785492586,0.33738696729758544,0.3951821053118636,0.5227017372030025,0.18819915733792325,0.5553639982086106,0.3147410061199408,0.475848058577957,0.5368275858774241,0.3270732590484351,0.3266397820591199,0.33089735998519987,0.4756584976147129,0.47712344165651543,0.32677010942700313,0.36139301602528606
0.3452763805503398,0.33502263752558603,0.26705184506470214,0.5310125032088334,0.3157335174712852,0.3149163849765302,0.30234596624847,0.5113194091118407,0.31670623740745485,0.512848831203927,0.3240807062017047,1.0,0.3162071488808106,0.5181570947491225,0.6046188787840179,0.3085139637936579,0.29971800262073145,0.31215311766408627,0.2750944919361489,0.30155767728942195,0.30785068414825245,0.302416860108924,0.31897049240535724,0.31197211047519446,0.2951062838667784,0.3187640041910583,0.30835556890215443,0.5108577465884037,0.3652924228372251,0.3239626229892032,0.4757908479865641,0.30750112243258665,0.0,0.30880316225551074,0.32069764028172165,0.4361937644552416,0.28899969089050104,0.31224655318172556,0.2666602580880534,0.3141909547931402,0.491362776753821,0.3100906310569307,0.31706407874750087,0.5202262026415542,0.5201966238064144,0.33359736341659496,0.31554692896745606,0.31670277080558007,0.4656850769764911,0.3478376411562768
0.36324744575129875,0.469648390689271,0.28867655824904925,0.32780417230994485,0.5190576831810836,0.4241871567459887,0.38272333252576274,0.3327848362382477,0.36046997254377655,0.3406534520471197,0.5596600705059526,0.3162071488808106,1.0,0.31988456682570776,0.3214856601473196,0.405571846535172,0.4336823939904997,0.5300973293952924,0.5336957499288393,0.40366942041992926,0.532312344224812,0.5670362172990451,0.5833972520772348,0.44477827862208297,0.3995167027613853,0.4427148154658693,0.5818142849434143,0.3237741859208342,0.35368043775442226,0.3676308683676368,0.3131635038896148,0.5322381771239617,0.0,0.5762219952528117,0.45364502174590116,0.3202449214210543,0.37917042649176047,0.5540639333252029,0.18511454170159636,0.5817634570186497,0.31787580513238556,0.4724213385454148,0.5630112565779213,0.3237340032256316,0.3227075516511606,0.3240625841270336,0.47456497002413045,0.4761569985520605,0.324459397787777,0.3570711697135597
0.3320829715108655,0.32512961711926647,0.26789135543508724,0.5780816865770866,0.32656297862741546,0.2996433396923238,0.29241815828366713,0.5202522355067112,0.33029037078463774,0.5457495065588629,0.325386200793524,0.5181570947491225,0.31988456682570776,1.0,0.5717090763264413,0.3063142543560824,0.2980158894410503,0.3195043684890915,0.27522481650923014,0.3065813387332018,0.30542694216175637,0.29303783578140374,0.32022563507309243,0.3043367535496314,0.2851834680247738,0.31192117099967376,0.3161201927984275,0.5521384535731649,0.3554733643282958,0.32823000741779995,0.5287626703830488,0.3052966949750291,0.0,0.30416522522030265,0.3117297114290065,0.4506068694213834,0.28654039210654014,0.3098219571580375,0.2714710147764643,0.3147175371709907,0.5471235112121269,0.311466046581398,0.3222991931116569,0.5488864451165817,0.5443087740354304,0.34142879429947803,0.318225871722028,0.31929748710989214,0.49957796342635696,0.36105942172272043
0.3163500188132382,0.3173667594458184,0.26268942051841615,0.5880377983595794,0.32610815854308783,0.29307020732252587,0.28253077583658837,0.5029364904934674,0.3231833126490795,0.5309011734061964,0.31761390208292817,0.6046188787840179,0.3214856601473196,0.5717090763264413,1.0,0.2989486586728035,0.2961725309252158,0.3073819954367012,0.2655233107325453,0.2955977194151187,0.2979492494188446,0.28499124560972433,0.3131292791804019,0.3021377730140552,0.2836314545914883,0.3033935298222127,0.30768503336604747,0.5165696510531453,0.3498402787281968,0.31998013002461223,0.5165786581190368,0.30123211392590554,0.0,0.30230562675914574,0.30540094433200415,0.4379627158130047,0.27972163073497913,0.30362932647011254,0.2710316067955941,0.3071097662285488,0.5346665574077403,0.3078354384061812,0.3124907125625016,0.5152885765703744,0.5098211048783721,0.33435582513851025,0.3170632513605519,0.31837062796850346,0.4759028064194569,0.362844768785632
0.36147897778953453,0.4074416380182194,0.27795864464939757,0.3116140303417064,0.4080375162604851,0.41868739438825087,0.7685759071265391,0.31341147864623387,0.35859786458825316,0.3175338122616981,0.42679865101929637,0.3085139637936579,0.405571846535172,0.3063142543560824,0.2989486586728035,1.0,0.3874233280345467,0.4229222854915815,0.3843736125884175,0.7806812198687383,0.4179402947612234,0.4226739758733329,0.4304899156421751,0.39176490043081114,0.3920106461592039,0.4200681159364621,0.3971830204338258,0.30392444991960876,0.34823604321512036,0.35609993652496186,0.2974418802993626,0.39459607693408627,0.0,0.40504923400154,0.42034261501480186,0.32722552102961666,0.7429460182334466,0.39461202550599384,0.17974748808588215,0.40645288908830424,0.29639912025063164,0.39903939422681556,0.40597293042112914,0.3081469971757038,0.306209949871211,0.3214818157049434,0.39758769088413837,0.3983193331894007,0.3064048398179512,0.34887880798812365
0.34381299615064886,0.4967438446929676,0.2641091120651423,0.30218788848111444,0.46468502668582423,0.461375100224483,0.3787577619432775,0.30536122161547063,0.3320548817596336,0.30595646954346134,0.4489535891419486,0.29971800262073145,0.4336823939904997,0.2980158894410503,0.2961725309252158,0.3874233280345467,1.0,0.4297692788238864,0.36928219645200744,0.37969145347890965,0.4234714285028849,0.41670545826233163,0.446571694905758,0.5388970725203979,0.5126150256746034,0.5198715243345604,0.42390067582986446,0.29522755647803056,0.3386538707999598,0.3299698543332231,0.2872310002157421,0.4768930155534338,0.0,0.44283658328961784,0.4937775896947888,0.3162258772129616,0.3634717429153774,0.41327438751959666,0.17642693711996027,0.43650593823326034,0.28945204366602917,0.46061282398639125,0.43766330280412913,0.3043394576904236,0.3102399962566217,0.3063938725330104,0.48168797258665397,0.4863323205257323,0.2972337172914995,0.33462954293628566
0.36512645759113527,0.4687720723322053,0.28353288929824594,0.32300065216680196,0.47986433748986357,0.4417614610251416,0.4243196606753624,0.3246400601063667,0.35679816478206483,0.3288638145795768,0.5166363293724483,0.31215311766408627,0.5300973293952924,0.3195043684890915,0.3073819954367012,0.4229222854915815,0.4297692788238864,1.0,0.49373517887950924,0.43716600511900594,0.555949753390768,0.5225262247773161,0.5792417275435326,0.4402029843867843,0.4066151868632083,0.44555379148232876,0.5345886702394076,0.31930579590444785,0.3505983155038199,0.35988759353985933,0.30599444495579975,0.49272460173269084,0.0,0.5199106631673822,0.4597607708008762,0.3392543160249991,0.41061452621928995,0.4903743594961014,0.18851052361976806,0.5272481011126919,0.3056793404604379,0.4691543670728524,0.5286408197760908,0.3226658957237153,0.3219360306542428,0.32279319097673853,0.46921671058182757,0.4708042592821059,0.31654738051214515,0.35897670620407285
0.3145371249097778,0.39711795649334614,0.24410558742440924,0.2765422631222795,0.412956754881337,0.38898936887395186,0.3723818849777619,0.2863766685085194,0.30021507995241503,0.28019736641782333,0.457020049058261,0.2750944919361489,0.5336957499288393,0.27522481650923014,0.2655233107325453,0.3843736125884175,0.36928219645200744,0.49373517887950924,1.0,0.3739137417569993,0.47849221652477425,0.5349398205548646,0.48514731879197026,0.3811507474876725,0.36284794850591173,0.3830093695298452,0.4864711864253183,0.277060617795551,0.30096784342518146,0.3070594187548461,0.2638625752997883,0.48190303313448624,0.0,0.48283481909075987,0.4041671698870537,0.2896555477721279,0.36659689370372284,0.4618125525432111,0.1644987135616126,0.4802082215042912,0.26415652113292243,0.3997567110798438,0.4490196381315983,0.2819367534623596,0.28046006777668164,0.2767286050790606,0.3959286969745287,0.39793070151197574,0.2724076661174847,0.3064132086766105
0.3588356153535881,0.4109245066563454,0.2791076533544179,0.30887411807949006,0.39833102531834197,0.4024197456275408,0.8072226341774124,0.31030694388748203,0.35552731730465525,0.3134771320269861,0.4098577507637635,0.30155767728942195,0.40366942041992926,0.3065813387332018,0.2955977194151187,0.7806812198687383,0.37969145347890965,0.43716600511900594,0.3739137417569993,1.0,0.43527492606706897,0.40353948558714037,0.4438727417520204,0.39148749341094413,0.37629081808091724,0.4008444586484362,0.40829868972664807,0.3045737829786209,0.3458559874476421,0.3519831419488735,0.29103304839468125,0.39159119138258547,0.0,0.4075102696581452,0.4124169810720515,0.32478709533125405,0.780386222636027,0.3925137107820462,0.18174535090357358,0.41018877839187795,0.29222745328549893,0.40462449023948466,0.4122722753856055,0.30830382130303413,0.30619539979868604,0.321111145971814,0.3998263655817984,0.40057899281429443,0.3067179987735036,0.3533210542210624
0.35113701702606925,0.4481001961231159,0.27861786408264144,0.31324260237077206,0.48705352270344715,0.4199047663302993,0.42025759830905374,0.31493245102426304,0.3455845932979439,0.3151546890307201,0.5081874044330106,0.30785068414825245,0.532312344224812,0.30542694216175637,0.2979492494188446,0.4179402947612234,0.4234714285028849,0.555949753390768,0.47849221652477425,0.43527492606706897,1.0,0.5136080905103197,0.5749077039813996,0.4253046015609909,0.39881950745513794,0.44296922116626647,0.534373085916769,0.3115436040043703,0.33578974428853425,0.3513932075269678,0.29398063538870967,0.49797098818863517,0.0,0.5310298506488181,0.44711714530642244,0.328790218928385,0.4048314818109897,0.5003250435007237,0.1849386036240257,0.5399106279024616,0.30019450271157344,0.44432073121449356,0.5297667922817322,0.3176508308578251,0.31720950169812523,0.3202476975803237,0.4654797479192393,0.4667102266413804,0.30998985482852326,0.34604863011219267
0.3367096679689965,0.4238000177389255,0.2626036347501338,0.30199317890958055,0.4477805571310328,0.4706527937504972,0.42702996420219685,0.3040602595248092,0.32884372742028933,0.29869119621723883,0.5200309053295353,0.302416860108924,0.5670362172990451,0.29303783578140374,0.28499124560972433,0.4226739758733329,0.41670545826233163,0.5225262247773161,0.5349398205548646,0.40353948558714037,0.5136080905103197,1.0,0.6593404367649399,0.4011430320589986,0.39982435687324236,0.4436915105760745,0.5236316085515264,0.2928211925402049,0.3225298072953492,0.328946830122965,0.28049912995923065,0.5123313180639208,0.0,0.6111385615616509,0.44445370393466754,0.31390165920488233,0.39586513939076673,0.5086334750218389,0.170453758897135,0.5265765546912178,0.281741816360336,0.42332613389659757,0.5099487190388688,0.30275173444822734,0.29868572400872795,0.30294355854980237,0.42698949430613564,0.428042294507222,0.292405066562193,0.3319879434431764
0.3687897181340223,0.473784617590879,0.2894309509827435,0.329338479698583,0.49789739715911396,0.43837179116118086,0.4296120450477121,0.331503401640864,0.360110782542455,0.3275216140413628,0.5257881884835445,0.31897049240535724,0.5833972520772348,0.32022563507309243,0.3131292791804019,0.4304899156421751,0.446571694905758,0.5792417275435326,0.48514731879197026,0.4438727417520204,0.5749077039813996,0.6593404367649399,1.0,0.44743571108950153,0.4187056074568566,0.4484997077954842,0.5671176049610641,0.32393557972442555,0.35422214449506884,0.35992106255345646,0.308377184800127,0.5272585882081458,0.0,0.6491921202791437,0.4651471000668398,0.3343194709953793,0.4178553682264464,0.525849744189721,0.19036979418184308,0.55567335448199,0.31002945289684214,0.46642744937241576,0.559048663414765,0.3277443730535953,0.32710840812057373,0.32540082998351083,0.47095153250484856,0.4720299392359343,0.3214933129248101,0.3598520229832938
0.35215534604694354,0.5600712921593699,0.2670403115216249,0.3092047586040214,0.46447570988407305,0.5080049142973594,0.3767595517475265,0.31980046678093355,0.34701657333784164,0.31292945236215697,0.4596060097141964,0.31197211047519446,0.44477827862208297,0.3043367535496314,0.3021377730140552,0.39176490043081114,0.5388970725203979,0.4402029843867843,0.3811507474876725,0.39148749341094413,0.4253046015609909,0.4011430320589986,0.44743571108950153,1.0,0.5286148967040216,0.4936225648277611,0.4390922147760854,0.30583023135708975,0.34394720753582864,0.33997730306312235,0.29304090929187787,0.43325874151165633,0.0,0.43422595345347725,0.5562922142659084,0.31470803119112556,0.3684289589617803,0.42640206045975393,0.177796428764037,0.4401877652074223,0.30165307847943024,0.48808556218507804,0.4416467846401645,0.31086660597654403,0.3155075176401807,0.31129704908332434,0.48171871989348447,0.48733341421380827,0.3089490603491599,0.340390398387863
0.3341673238440599,0.5382913915997765,0.2555669139766289,0.2980778084533904,0.431406490152757,0.5117790080169096,0.3853749782228457,0.29569292279883275,0.314190725287414,0.299709315286952,0.42355616416677866,0.2951062838667784,0.3995167027613853,0.2851834680247738,0.2836314545914883,0.3920106461592039,0.5126150256746034,0.4066151868632083,0.36284794850591173,0.37629081808091724,0.39881950745513794,0.39982435687324236,0.4187056074568566,0.5286148967040216,1.0,0.5172757378023793,0.4023494181219629,0.2816147739975149,0.3142462558738194,0.31030236268904876,0.2744800710854378,0.4575395682085748,0.0,0.4052480925842552,0.5381327842263088,0.3001414771615539,0.37163146047951634,0.4056895922097936,0.16782818533544896,0.4127271062968533,0.2760238464718108,0.4398782565204198,0.4118038612052065,0.3042286865468872,0.29865004406846174,0.30489669610996195,0.45300539600690237,0.4579698666416153,0.29743604100251997,0.31697263270442644
0.35196362026642203,0.5164106616468047,0.27427628771946033,0.31592990421585165,0.4547360455072641,0.4940203109049951,0.4155336269027483,0.32044794720028125,0.3489692704465074,0.31799042093979923,0.4807011700737911,0.3187640041910583,0.4427148154658693,0.31192117099967376,0.3033935298222127,0.4200681159364621,0.5198715243345604,0.44555379148232876,0.3830093695298452,0.4008444586484362,0.44296922116626647,0.4436915105760745,0.4484997077954842,0.4936225648277611,0.5172757378023793,1.0,0.4375434300299822,0.3038334252453133,0.3336994344597628,0.34622161759557146,0.29608798348374843,0.44222865470687167,0.0,0.42701929996635746,0.5223832575477239,0.323542578367337,0.3883512044026137,0.4353049391049041,0.18026499272000895,0.45687665128175725,0.30052344003262166,0.48425268235837227,0.44407094293361304,0.32502481572932573,0.31853546256578624,0.31876823533666265,0.5032009483847486,0.5052182345589218,0.31997756715394543,0.34170839436432876
0.3572061117818994,0.46353853461444305,0.28188847179183496,0.3160301412703662,0.4953144720596512,0.4173758855435664,0.3893433696092591,0.3219045520546382,0.35577240281786937,0.32434695170685446,0.5358933539182072,0.30835556890215443,0.5818142849434143,0.3161201927984275,0.30768503336604747,0.3971830204338258,0.42390067582986446,0.5345886702394076,0.4864711864253183,0.40829868972664807,0.534373085916769,0.5236316085515264,0.5671176049610641,0.4390922147760854,0.4023494181219629,0.4375434300299822,1.0,0.31404234193450087,0.34342169874608097,0.3538568055364739,0.3014788947725646,0.518313168937732,0.0,0.5470072334829112,0.44949148945305484,0.3202782302593815,0.38008033593922674,0.6061923472700343,0.1792902935422367,0.5806860492502326,0.30570603709353783,0.460166345475433,0.6264512303071419,0.32157302921128994,0.31643293060011346,0.3243915561418006,0.4587842777987292,0.4606729300759018,0.3167484331946443,0.35297573755157563
0.3392427327198806,0.3313521462411746,0.2723026193976148,0.5575364544200414,0.31579545050376867,0.29794518093117905,0.2892838382994968,0.7120303075363907,0.3275680160976484,0.5445050106059773,0.32281999023246766,0.5108577465884037,0.3237741859208342,0.5521384535731649,0.5165696510531453,0.30392444991960876,0.29522755647803056,0.31930579590444785,0.277060617795551,0.3045737829786209,0.3115436040043703,0.2928211925402049,0.32393557972442555,0.30583023135708975,0.2816147739975149,0.3038334252453133,0.31404234193450087,1.0,0.3626319530291564,0.3294813911074447,0.509299323939435,0.30924023655238475,0.0,0.3085184652065692,0.30386118414415775,0.4443878925223185,0.28480824998117216,0.32159401503536744,0.2697377171910348,0.3134640269370865,0.5280880303975815,0.31140481221101557,0.3180066117527963,0.8045842451657234,0.7643224887709731,0.33671943465271137,0.3174919179284448,0.3178756505219188,0.5036864990103724,0.3502938682316362
0.3955149028003825,0.35945198351733887,0.3073893141734969,0.3542945599997568,0.35538419178865055,0.33626496912221604,0.33183717561354664,0.36699905246374964,0.3872839010588137,0.3629602434185545,0.35371318437651433,0.3652924228372251,0.35368043775442226,0.3554733643282958,0.3498402787281968,0.34823604321512036,0.3386538707999598,0.3505983155038199,0.30096784342518146,0.3458559874476421,0.33578974428853425,0.3225298072953492,0.35422214449506884,0.34394720753582864,0.3142462558738194,0.3336994344597628,0.34342169874608097,0.3626319530291564,1.0,0.37768505674795516,0.34775281322803075,0.3396979557106683,0.0,0.34564506951044727,0.3401177677185413,0.3549726922403006,0.3257319309384692,0.3441538717965992,0.20745065009734864,0.3493779895420658,0.34056144253290954,0.34242484986314703,0.34915395214937994,0.3607571887441765,0.3601887526208939,0.4260555877543577,0.3443536937395515,0.3440183849497104,0.349126435837376,0.624942340487043
0.43473911359921913,0.3653809608725668,0.3094183112735027,0.3315080926050109,0.3620580940182335,0.3269836910966265,0.33250352987224097,0.3329929147485655,0.46026237753069865,0.34366117851089495,0.36582449641646353,0.3239626229892032,0.3676308683676368,0.32823000741779995,0.31998013002461223,0.35609993652496186,0.3299698543332231,0.35988759353985933,0.3070594187548461,0.3519831419488735,0.3513932075269678,0.328946830122965,0.35992106255345646,0.33997730306312235,0.31030236268904876,0.34622161759557146,0.3538568055364739,0.3294813911074447,0.37768505674795516,1.0,0.32061820561064236,0.333956631210215,0.0,0.3430775797947849,0.3465972340603197,0.32841237046148797,0.3290356480162091,0.3466213390591335,0.19257409290229044,0.36814372238400905,0.32245516058834534,0.35212362103803785,0.3645720800621659,0.3318334034329157,0.3308644950736509,0.37403120423895575,0.36220000844006117,0.3629906280182972,0.32934452536731396,0.3993541216651676
0.31585615544014867,0.3122756376499827,0.2576879379366789,0.5296817692166726,0.3206052541110851,0.2857314504529952,0.27582292987122536,0.5041205531778432,0.32270599462749894,0.5550003077534557,0.30918303674173264,0.4757908479865641,0.3131635038896148,0.5287626703830488,0.5165786581190368,0.2974418802993626,0.2872310002157421,0.30599444495579975,0.2638625752997883,0.29103304839468125,0.29398063538870967,0.28049912995923065,0.308377184800127,0.29304090929187787,0.2744800710854378,0.29608798348374843,0.3014788947725646,0.509299323939435,0.34775281322803075,0.32061820561064236,1.0,0.2989439244202551,0.0,0.3002413054008104,0.2912950952905906,0.4379457581652346,0.2785462157282671,0.2986713297349791,0.25957124685926614,0.3029929148639544,0.6499175906940937,0.2997482930621802,0.3068391750479943,0.5077402815416505,0.5009490185009062,0.32658358940787957,0.3086977022793401,0.30893400808408455,0.4753383195941664,0.3426186786528923
0.35142782102752057,0.4525812463365606,0.27303172524079056,0.3136600498689607,0.485550200579969,0.4268684463144231,0.39107504557825146,0.31594206080068177,0.336423372340359,0.3137001352716762,0.4965975074281791,0.30750112243258665,0.5322381771239617,0.3052966949750291,0.30123211392590554,0.39459607693408627,0.4768930155534338,0.49272460173269084,0.48190303313448624,0.39159119138258547,0.49797098818863517,0.5123313180639208,0.5272585882081458,0.43325874151165633,0.4575395682085748,0.44222865470687167,0.518313168937732,0.30924023655238475,0.3396979557106683,0.333956631210215,0.2989439244202551,1.0,0.0,0.5205904539195496,0.44111058144261983,0.310881725814928,0.37984591874275575,0.5145585215285393,0.1796394679368668,0.5285282598777994,0.2927602813849829,0.4447358821758405,0.5218430674482122,0.3115490216569077,0.31610746491582986,0.31351309248648807,0.4562714737631979,0.4579546498789817,0.29859443871123836,0.3323383139708338
0.0,0.0,0.0,0.0,0.0,0.0,0.0,0.0,0.0,0.0,0.0,0.0,0.0,0.0,0.0,0.0,0.0,0.0,0.0,0.0,0.0,0.0,0.0,0.0,0.0,0.0,0.0,0.0,0.0,0.0,0.0,0.0,1.0,0.0,0.0,0.0,0.0,0.0,0.0,0.0,0.0,0.0,0.0,0.0,0.0,0.0,0.0,0.0,0.0,0.0
0.35686958058651963,0.45148991517436243,0.2782102260575201,0.30904599678366584,0.48383505817393835,0.4325452402833154,0.39660628397630626,0.3173420319459995,0.34408774135546305,0.3146015239022164,0.5145177381663241,0.30880316225551074,0.5762219952528117,0.30416522522030265,0.30230562675914574,0.40504923400154,0.44283658328961784,0.5199106631673822,0.48283481909075987,0.4075102696581452,0.5310298506488181,0.6111385615616509,0.6491921202791437,0.43422595345347725,0.4052480925842552,0.42701929996635746,0.5470072334829112,0.3085184652065692,0.34564506951044727,0.3430775797947849,0.3002413054008104,0.5205904539195496,0.0,1.0,0.45292788617415825,0.3350586781625331,0.38396232232968464,0.5204113791496915,0.19558300603489887,0.5447472504231379,0.29570763091908003,0.4553688558594322,0.5377144671874274,0.3093823791407895,0.3139306083241057,0.30949062310084074,0.4559478330243437,0.45712365791494747,0.3043610956250714,0.3481904281864835
0.3558524533455386,0.5758966312710811,0.27268173878664004,0.317793807394093,0.4527548512206122,0.5516110281029614,0.4234976419925611,0.31669154278799694,0.3452864766978342,0.3158461730735582,0.47368898785492586,0.32069764028172165,0.45364502174590116,0.3117297114290065,0.30540094433200415,0.42034261501480186,0.4937775896947888,0.4597607708008762,0.4041671698870537,0.4124169810720515,0.44711714530642244,0.44445370393466754,0.4651471000668398,0.5562922142659084,0.5381327842263088,0.5223832575477239,0.44949148945305484,0.30386118414415775,0.3401177677185413,0.3465972340603197,0.2912950952905906,0.44111058144261983,0.0,0.45292788617415825,1.0,0.32609092357003044,0.3921945038948089,0.44179917189360585,0.1829471157578807,0.46219379666432103,0.2953645011119185,0.49497106053359585,0.4637578252414567,0.31253992757753557,0.31260693623068603,0.31872011024295976,0.4980565537773992,0.4993418550895209,0.3112567431343616,0.34350439579366865
0.3331307935570317,0.3256070711960227,0.2717531341238444,0.4527410529648752,0.3210441818297213,0.3251684252096563,0.3241544533206523,0.4488421668739826,0.3360721283817133,0.46393778266680297,0.33738696729758544,0.4361937644552416,0.3202449214210543,0.4506068694213834,0.4379627158130047,0.32722552102961666,0.3162258772129616,0.3392543160249991,0.2896555477721279,0.32478709533125405,0.328790218928385,0.31390165920488233,0.3343194709953793,0.31470803119112556,0.3001414771615539,0.323542578367337,0.3202782302593815,0.4443878925223185,0.3549726922403006,0.32841237046148797,0.4379457581652346,0.310881725814928,0.0,0.3350586781625331,0.32609092357003044,1.0,0.312132263657259,0.31001855586160965,0.2837193811631984,0.32775146465818783,0.4413737517899281,0.3196440599745539,0.3240069423729057,0.453022043208128,0.4540527528709787,0.3310731624569827,0.3188694798082845,0.31952521513517373,0.4487114109718655,0.3580071468867436
0.34004880445312957,0.3819395138504189,0.2607280132769225,0.2900982641964085,0.37454718741965176,0.3919365304055479,0.7755823831409036,0.29235359814814976,0.33712867559392823,0.29679706695413477,0.3951821053118636,0.28899969089050104,0.37917042649176047,0.28654039210654014,0.27972163073497913,0.7429460182334466,0.3634717429153774,0.41061452621928995,0.36659689370372284,0.780386222636027,0.4048314818109897,0.39586513939076673,0.4178553682264464,0.3684289589617803,0.37163146047951634,0.3883512044026137,0.38008033593922674,0.28480824998117216,0.3257319309384692,0.3290356480162091,0.2785462157282671,0.37984591874275575,0.0,0.38396232232968464,0.3921945038948089,0.312132263657259,1.0,0.3704651711647806,0.1737606870453824,0.3782532639940015,0.2757397579046048,0.37988740203357607,0.3867096132606016,0.28762927176401154,0.285833193269619,0.29849612436256423,0.3690067870601246,0.3692765295989078,0.28114993928621546,0.32706982306248944
0.3654216535333965,0.470993910224367,0.2840414035417589,0.30936862666377485,0.5004761352808355,0.4335614082477375,0.3805320283788334,0.33015056432620526,0.3476187198225996,0.3230002057154232,0.5227017372030025,0.31224655318172556,0.5540639333252029,0.3098219571580375,0.30362932647011254,0.39461202550599384,0.41327438751959666,0.4903743594961014,0.4618125525432111,0.3925137107820462,0.5003250435007237,0.5086334750218389,0.525849744189721,0.42640206045975393,0.4056895922097936,0.4353049391049041,0.6061923472700343,0.32159401503536744,0.3441538717965992,0.3466213390591335,0.2986713297349791,0.5145585215285393,0.0,0.5204113791496915,0.44179917189360585,0.31001855586160965,0.3704651711647806,1.0,0.17970002862100098,0.5546786015999661,0.30401682250745543,0.45985583547856135,0.6334276720571975,0.32957468597191286,0.3216754355174972,0.3216169788367359,0.47160777193484515,0.47246891714586603,0.3226516727719375,0.3439842641273315
0.24091608341591209,0.1833116296502597,0.15361401983293455,0.28349018782424074,0.18754914958059998,0.18453388694154282,0.17827033775174783,0.27543735964388505,0.1884029359788496,0.28258160206012506,0.18819915733792325,0.2666602580880534,0.18511454170159636,0.2714710147764643,0.2710316067955941,0.17974748808588215,0.17642693711996027,0.18851052361976806,0.1644987135616126,0.18174535090357358,0.1849386036240257,0.170453758897135,0.19036979418184308,0.177796428764037,0.16782818533544896,0.18026499272000895,0.1792902935422367,0.2697377171910348,0.20745065009734864,0.19257409290229044,0.25957124685926614,0.1796394679368668,0.0,0.19558300603489887,0.1829471157578807,0.2837193811631984,0.1737606870453824,0.17970002862100098,1.0,0.18309986407933376,0.2639908522352288,0.18800624215056538,0.18373024190277776,0.27309512054623875,0.2768308576251036,0.1838530381324971,0.18259696558515237,0.1832754985441788,0.2653101557642171,0.21891933894382076
0.36478344429926,0.4714653377545205,0.28779590151812573,0.31736118502785393,0.5122322952807721,0.4356887435282947,0.3939529493475641,0.32691437018437963,0.36036058964593076,0.32871729890011003,0.5553639982086106,0.3141909547931402,0.5817634570186497,0.3147175371709907,0.3071097662285488,0.40645288908830424,0.43650593823326034,0.5272481011126919,0.4802082215042912,0.41018877839187795,0.5399106279024616,0.5265765546912178,0.55567335448199,0.4401877652074223,0.4127271062968533,0.45687665128175725,0.5806860492502326,0.3134640269370865,0.3493779895420658,0.36814372238400905,0.3029929148639544,0.5285282598777994,0.0,0.5447472504231379,0.46219379666432103,0.32775146465818783,0.3782532639940015,0.5546786015999661,0.18309986407933376,1.0,0.3076650288467345,0.469766680354725,0.5734663922406084,0.3191158374588061,0.32310447566230593,0.33538576227393735,0.49117624150446815,0.4921174236760374,0.3195945847703249,0.36704534970756253
