../ecoli_genomes/GCF_000163235.1_ASM16323v1_genomic.fna.gz,../ecoli_genomes/GCF_000164555.1_ASM16455v1_genomic.fna.gz,../ecoli_genomes/GCF_000208545.1_ASM20854v2_genomic.fna.gz,../ecoli_genomes/GCF_000233875.1_ASM23387v1_genomic.fna.gz,../ecoli_genomes/GCF_000249735.1_ASM24973v2_genomic.fna.gz,../ecoli_genomes/GCF_000261145.1_Esch_coli_M919_V2_genomic.fna.gz,../ecoli_genomes/GCF_000267705.2_ASM26770v2_genomic.fna.gz,../ecoli_genomes/GCF_000350665.1_Esch_coli_KTE5_V1_genomic.fna.gz,../ecoli_genomes/GCF_000351625.1_Esch_coli_KTE66_V1_genomic.fna.gz,../ecoli_genomes/GCF_000352285.1_Esch_coli_KTE46_V1_genomic.fna.gz,../ecoli_genomes/GCF_000358895.1_ASM35889v1_genomic.fna.gz,../ecoli_genomes/GCF_000456385.1_Esch_coli_HVH_26_4-5703913_V1_genomic.fna.gz,../ecoli_genomes/GCF_000458195.1_Esch_coli_HVH_147_4-5893887_V1_genomic.fna.gz,../ecoli_genomes/GCF_000459755.1_Esch_coli_KOEGE_58_171a_V1_genomic.fna.gz,../ecoli_genomes/GCF_000460055.1_Esch_coli_UMEA_3053-1_V1_genomic.fna.gz,../ecoli_genomes/GCF_000462165.2_ASM46216v2_genomic.fna.gz,../ecoli_genomes/GCF_000601135.1_ASM60113v1_genomic.fna.gz,../ecoli_genomes/GCF_000614595.1_Ec2010EL1058_genomic.fna.gz,../ecoli_genomes/GCF_000617745.1_Ec2010C-4529_genomic.fna.gz,../ecoli_genomes/GCF_000618265.2_EcF6751_genomic.fna.gz,../ecoli_genomes/GCF_000619005.2_Ec2009C-4052_genomic.fna.gz,../ecoli_genomes/GCF_000619105.1_Ec2009C-4780_genomic.fna.gz,../ecoli_genomes/GCF_000619765.2_Ec2009C-3279_genomic.fna.gz,../ecoli_genomes/GCF_000687005.1_ASM68700v1_genomic.fna.gz,../ecoli_genomes/GCF_000687025.1_ASM68702v1_genomic.fna.gz,../ecoli_genomes/GCF_000700125.1_ASM70012v1_genomic.fna.gz,../ecoli_genomes/GCF_000753315.1_FHI35_genomic.fna.gz,../ecoli_genomes/GCF_000776375.1_ASM77637v1_genomic.fna.gz,../ecoli_genomes/GCF_000779395.1_ASM77939v1_genomic.fna.gz,../ecoli_genomes/GCF_000780315.1_ASM78031v1_genomic.fna.gz,../ecoli_genomes/GCF_000781995.1_ASM78199v1_genomic.fna.gz,../ecoli_genomes/GCF_000986765.1_ASM98676v1_genomic.fna.gz,../ecoli_genomes/GCF_001041375.1_ViralProj287958_genomic.fna.gz,../ecoli_genomes/GCF_001265335.1_302014_genomic.fna.gz,../ecoli_genomes/GCF_001265625.1_100854_genomic.fna.gz,../ecoli_genomes/GCF_001267345.1_303289_genomic.fna.gz,../ecoli_genomes/GCF_001309985.1_ASM130998v1_genomic.fna.gz,../ecoli_genomes/GCF_001521695.1_ASM152169v1_genomic.fna.gz,../ecoli_genomes/GCF_001592595.1_ASM159259v1_genomic.fna.gz,../ecoli_genomes/GCF_001614975.1_ASM161497v1_genomic.fna.gz,../ecoli_genomes/GCF_001692775.1_ASM169277v1_genomic.fna.gz,../ecoli_genomes/GCF_001748915.1_ASM174891v1_genomic.fna.gz,../ecoli_genomes/GCF_001749235.1_ASM174923v1_genomic.fna.gz,../ecoli_genomes/GCF_001881155.1_ASM188115v1_genomic.fna.gz,../ecoli_genomes/GCF_001881345.1_ASM188134v1_genomic.fna.gz,../ecoli_genomes/GCF_001892405.1_ASM189240v1_genomic.fna.gz,../ecoli_genomes/GCF_001892585.1_ASM189258v1_genomic.fna.gz,../ecoli_genomes/GCF_001893985.1_ASM189398v1_genomic.fna.gz,../ecoli_genomes/GCF_002001595.1_ASM200159v1_genomic.fna.gz,../ecoli_genomes/GCF_002002145.1_ASM200214v1_genomic.fna.gz
1.0,0.7810482223583868,0.7735554740078818,0.7672070981497187,0.763517056476618,0.7668861112244392,0.7749396748450188,0.7750919291987614,0.8014551634978508,0.7754873740004123,0.7725167974786615,0.7724512966874673,0.7721873858267542,0.76166446177732,0.7538898088754998,0.7779819511962657,0.7304586201377744,0.7714431854911541,0.7333868190962813,0.7766023652367093,0.7724652199272704,0.7535462975940429,0.779049643904971,0.7597863077507514,0.7330470534771768,0.6962617916985845,0.7772134562590407,0.7680161591340946,0.7848642408610842,0.7990470890387152,0.7523460827485896,0.7717708721723323,0.05875662994930819,0.7710556700235449,0.7696305028121082,0.7474982937517105,0.760936710555966,0.775740238971695,0.6059631923268732,0.7801305753172253,0.7553889241161827,0.7689180840159209,0.7771405311119235,0.7714171849575585,0.778723898966955,0.7778138222050877,0.773034684829839,0.7739179984470377,0.7715651620236808,0.791356050767433
0.7810482223583868,1.0,0.7671670723936808,0.769493310066424,0.7936860943685322,0.8210313943609351,0.7827286976735403,0.7655143033605263,0.7723153444277195,0.7749817451655511,0.8025312560219315,0.7717253420636658,0.8017906856047404,0.7627587153820373,0.7594203387143935,0.7852520519421513,0.7488214885957626,0.811843722366564,0.7622808285066749,0.788774817914341,0.8015191206970312,0.7764121910005106,0.8142031494837639,0.8064221099583306,0.7632064608957443,0.7061899614873638,0.8085392276821743,0.7677319635946543,0.7774042382035101,0.7776322081948318,0.752968943660266,0.8015095407333966,0.04768422664756333,0.798960657385983,0.8308137566859507,0.7450344254733843,0.7703168441536922,0.805872651905192,0.5790494410063818,0.8128394363992532,0.7574812261595005,0.8085390636022423,0.8122268324112284,0.7713884596411649,0.7725044615397367,0.7705162299623362,0.8172143707975477,0.8211814667053305,0.7740852966049818,0.7789594040762988
0.7735554740078818,0.7671670723936808,1.0,0.75054586638538,0.7459370762694075,0.7497197091981656,0.7608390867582114,0.7559383318334255,0.766876408820262,0.7586426048603889,0.7587232580990262,0.7453861336000915,0.7533052408724974,0.7505206069280691,0.7456016982463942,0.7629530116744977,0.6947716012149674,0.7647386999903525,0.7232834510953909,0.763968045399973,0.7630019474197993,0.7370423872657688,0.7591854386571512,0.7278533872677531,0.6995412016991066,0.659069422904582,0.762689007274177,0.7520284975637265,0.7640961018764497,0.7733980678106807,0.7443449458919087,0.7464964388464472,0.04994007825111135,0.7559344552027545,0.7457698539991267,0.7412711360413118,0.7511999466437165,0.7518954132046607,0.5790397443268325,0.7604998502462526,0.7511948875293042,0.7600043887656307,0.7641803237404382,0.7594798358435892,0.7542888397945922,0.7696200438249092,0.7634944089111724,0.7669743580544243,0.7682677165595136,0.7726145627646067
0.7672070981497187,0.769493310066424,0.75054586638538,1.0,0.7524024402477989,0.7601528046822985,0.762104023625975,0.8277640688625244,0.7666981763255057,0.8361104497256581,0.7628313549544593,0.8205924812829689,0.7599061074999106,0.853455659642966,0.8494141182121092,0.7666406594252628,0.7095119433882063,0.7653305913509014,0.7280469730334012,0.7647795956009419,0.7619293159628674,0.7389154761898813,0.7707596288179865,0.7456483549540454,0.7116596935962896,0.6743837603114144,0.7619800890658153,0.8383007379293765,0.7674183771128283,0.763978942639556,0.8217685121253494,0.760931225489432,0.055830245458339256,0.7591223572239229,0.7597753499314872,0.79131079945103,0.7543992526543958,0.754289510565358,0.604650080149525,0.761690220003407,0.8315375525002794,0.7556652953303782,0.7550702268949434,0.8376575399066586,0.8253022121556552,0.7678383397473746,0.7606989390459415,0.763568195832364,0.8204136559281225,0.7749323268919686
0.763517056476618,0.7936860943685322,0.7459370762694075,0.7524024402477989,1.0,0.7881913722881104,0.7613248022643033,0.7546639942338917,0.7657183084331325,0.7590599213198743,0.8216074207597285,0.7553300089353051,0.8038487399789207,0.752997082104907,0.7521853992263434,0.7745885579518694,0.7427995976392363,0.7901250328034191,0.7487881745889688,0.7652606734250101,0.7938622791377523,0.7662524233098118,0.7986605428514825,0.7750522823573353,0.7487170120502956,0.708217092888349,0.7967380297692628,0.7469627157170529,0.7614119907535004,0.7652113345175732,0.746139748174704,0.8014317429901877,0.056393217243928095,0.7890383672452572,0.784388974105976,0.7387213950317494,0.7537950045793382,0.805794989039448,0.5861101899300603,0.8101714073117402,0.7534723656440844,0.7938014482584514,0.8057803798744082,0.7522607653003075,0.7557144501261752,0.7523982470531788,0.8023767723848028,0.8038689654082631,0.7577378468422623,0.7620145226576934
0.7668861112244392,0.8210313943609351,0.7497197091981656,0.7601528046822985,0.7881913722881104,1.0,0.7783628215980202,0.760747354587278,0.7598870908862445,0.7486836421240814,0.7865249466176085,0.7573111227513561,0.7861304511479617,0.75756388237183,0.7498753379884407,0.780025689626206,0.758966076645058,0.7986507287806222,0.7588316812761067,0.779830185483109,0.789832804854324,0.7891625994324134,0.8070410099204472,0.80573007409172,0.779071129065231,0.7233709172512737,0.7910651805531328,0.7533099656049427,0.7627281449332929,0.7602446547009303,0.7434056048617648,0.8002055143961804,0.05239505443844916,0.7959549645235113,0.8190487826414944,0.7464895396979349,0.7636605436700817,0.7931352511520269,0.58937200072755,0.8017641348981691,0.7467850474582016,0.8068437019873212,0.7958544035705825,0.757374630100528,0.7581069709289163,0.7631856109211721,0.814685629149384,0.8171218953323747,0.7584906206096362,0.7701065508286438
0.7749396748450188,0.7827286976735403,0.7608390867582114,0.762104023625975,0.7613248022643033,0.7783628215980202,1.0,0.7551892938605604,0.7807844216893741,0.7553726841779878,0.7755726860465075,0.7517298502215144,0.7736889855300867,0.756813827224011,0.7487861998027185,0.8963193698643357,0.7155018810724314,0.8048580885966029,0.7592466138735257,0.9433527117291947,0.797766133217539,0.7689650013782242,0.8035903155798387,0.7580598053881271,0.7244311655037421,0.6822022772664424,0.786055151766699,0.7501667944866143,0.7714134606917241,0.7742344110566326,0.7445867154516724,0.7787274416034615,0.05569642551197984,0.7827044271893785,0.7826891318760051,0.7553419997627762,0.9140009906679396,0.7635243066542748,0.5763194324349535,0.783084032527215,0.7483429874525538,0.7866476531528184,0.7803411759011205,0.7559338180876041,0.7561345986894807,0.7618583493112359,0.7771161188533545,0.7812126767447043,0.7608912722736749,0.7745840216010142
0.7750919291987614,0.7655143033605263,0.7559383318334255,0.8277640688625244,0.7546639942338917,0.760747354587278,0.7551892938605604,1.0,0.7643518011040811,0.8313640291700822,0.7573006498598528,0.8164501814364116,0.7592496482445961,0.8256977541968546,0.8179012760541419,0.7568392539983454,0.7116744980841274,0.7616778252951591,0.718625841487412,0.7576478618247521,0.7642532084708086,0.7373805227542487,0.7676812916395355,0.7477939427380966,0.7137235355073063,0.6776030157529408,0.7644425374846847,0.8836641051475452,0.7667111018608279,0.7616498764714795,0.8066484124461276,0.7569514993373138,0.05387825072567887,0.7620708404218921,0.7551790481703398,0.780425119508221,0.7452151589709523,0.7618825768398828,0.6088435494972754,0.7645658382903635,0.8161463792791361,0.7589978634133542,0.7606637785999318,0.8873092205638178,0.87241982334252,0.7661077494115522,0.7624895674491402,0.7637418240320804,0.8238833039396187,0.7737538790791687
0.8014551634978508,0.7723153444277195,0.766876408820262,0.7666981763255057,0.7657183084331325,0.7598870908862445,0.7807844216893741,0.7643518011040811,1.0,0.7734506990970568,0.7766595287408469,0.7555651766129059,0.7754820439617762,0.7588695626213725,0.7592149251184913,0.7857753519394303,0.7104889807529576,0.7709248244876139,0.7336449088417376,0.7855486710305686,0.7724116148761582,0.7501928018847619,0.7767762950002493,0.7487290861555749,0.7134595750490753,0.6781716435216768,0.7775100072306571,0.7585562398301624,0.777330222198121,0.8114167936478796,0.751701161629449,0.7670987796444353,0.05489990541210055,0.767637174284239,0.7608998842616493,0.7535166805895939,0.7703858756987616,0.7680685147878789,0.583416577363355,0.77794799558598,0.7604981267019137,0.7729515271425675,0.7808734954616376,0.7623783297250939,0.7601069643363932,0.7799776260893736,0.7761550776614299,0.7799319975422372,0.7684953954412277,0.790245966970923
0.7754873740004123,0.7749817451655511,0.7586426048603889,0.8361104497256581,0.7590599213198743,0.7486836421240814,0.7553726841779878,0.8313640291700822,0.7734506990970568,1.0,0.7744363136213066,0.8118535580570689,0.7667186789545186,0.8275217829696805,0.824761066239472,0.7624759004493724,0.7011988266571509,0.763855639093762,0.7213101210968298,0.7586252539098002,0.7621157550838193,0.7401931165243232,0.7660099720773128,0.7441250469112066,0.7044049461153881,0.6746159656983641,0.76592455812352,0.8315655048394057,0.77525656318374,0.767336113849321,0.8257797566799616,0.7544695804478522,0.0557388781294782,0.7589273002793809,0.7569351612195094,0.7902066673047522,0.7457187129771552,0.7599590875266995,0.6061428996538023,0.7707582420471816,0.8352156316398469,0.7578816928872337,0.76014116685166,0.8332997366002044,0.8270440955514357,0.7680637777189278,0.7644746885094088,0.7671160427538982,0.8310031537324882,0.7766456307709149
0.7725167974786615,0.8025312560219315,0.7587232580990262,0.7628313549544593,0.8216074207597285,0.7865249466176085,0.7755726860465075,0.7573006498598528,0.7766595287408469,0.7744363136213066,1.0,0.7558281030803025,0.8389727980171667,0.7610135254925867,0.7567740565983331,0.7825234015549376,0.7236889349808515,0.8190552776040977,0.7794759861432858,0.7805024989834067,0.8146071817490921,0.8033767412882677,0.8204861961689197,0.778244106043247,0.7321982947799299,0.6978459182304702,0.8277640131916781,0.7574918655777254,0.7657030994371864,0.7754318022778227,0.7532442596536023,0.8007303165229731,0.05189732962361715,0.8107866914292243,0.7927784524595088,0.7529101536405858,0.7642878405261937,0.8225288759314671,0.5777991454055951,0.8403962079798781,0.7573004202255934,0.7991557481376762,0.8353756190271633,0.7613567746636037,0.7590207426306763,0.7611905097516707,0.8061808325953533,0.8099097778334307,0.7688626085210901,0.7703898475961686
0.7724512966874673,0.7717253420636658,0.7453861336000915,0.8205924812829689,0.7553300089353051,0.7573111227513561,0.7517298502215144,0.8164501814364116,0.7555651766129059,0.8118535580570689,0.7558281030803025,1.0,0.754390439726227,0.8156856917782719,0.8336889622873137,0.754952906826287,0.7223243722767794,0.7528124387805998,0.7238993940786804,0.7530342748344045,0.7572413931998665,0.7365767846524591,0.7618428421555434,0.7504944657243664,0.7230224338795477,0.6912360536723552,0.7555717030050402,0.8145071468998201,0.7643686978959314,0.756784567539351,0.7910007416152942,0.7581458249130225,0.048146503241233374,0.7543365334176215,0.757214054859198,0.7699903055371471,0.7450270236395152,0.7573314174475424,0.6071070471917563,0.7624053350620089,0.7997892024593214,0.756689829560726,0.7561778226313718,0.8188107258798346,0.8142862558089655,0.7588297456508695,0.765440456963852,0.765611564429139,0.8029321580052744,0.7659027026221282
0.7721873858267542,0.8017906856047404,0.7533052408724974,0.7599061074999106,0.8038487399789207,0.7861304511479617,0.7736889855300867,0.7592496482445961,0.7754820439617762,0.7667186789545186,0.8389727980171667,0.754390439726227,1.0,0.7593754583702947,0.7576418312474987,0.7802090113353726,0.7246695290735163,0.8186761016720019,0.8095892388445954,0.7797293877513254,0.82175109324204,0.8277155632144815,0.8388407107637219,0.7753874980427848,0.729468126001642,0.6919388643067225,0.8413438352336158,0.7519820792523281,0.7688001043861205,0.77992046786465,0.7522919473627416,0.8170807313265873,0.051836570855395836,0.8289937163728032,0.7981117511987073,0.7478798098585439,0.7636063349504236,0.8308061527580031,0.5801238481780372,0.8440978814782579,0.7551415532505611,0.7952532260501766,0.8396338800324,0.7557261206293353,0.7522153584256458,0.7616149099680563,0.8006092911301032,0.8043472110206189,0.7659401488202404,0.7761847297487455
0.76166446177732,0.7627587153820373,0.7505206069280691,0.853455659642966,0.752997082104907,0.75756388237183,0.756813827224011,0.8256977541968546,0.7588695626213725,0.8275217829696805,0.7610135254925867,0.8156856917782719,0.7593754583702947,1.0,0.8421356435006099,0.7577782515847539,0.704776771644974,0.7666154049544668,0.7276903115500297,0.7594076858700232,0.7601419401950369,0.7381051170516395,0.7710402961090091,0.7383084789961425,0.7062227374407681,0.669516970301691,0.759075758529003,0.8351925516148673,0.7683028977971917,0.7575524597100137,0.8204365228014737,0.7577840575128111,0.056548433330195325,0.7606456305823539,0.7556327077810945,0.7825853010632338,0.7455209629128681,0.7532481169356599,0.6003026214254039,0.7619306269933708,0.8285562824772604,0.7555484316182823,0.7540564377407537,0.8348005187286821,0.8238587488331977,0.7690012312829279,0.7579937081412579,0.7609987303712884,0.8165213067712309,0.7718408287877321
0.7538898088754998,0.7594203387143935,0.7456016982463942,0.8494141182121092,0.7521853992263434,0.7498753379884407,0.7487861998027185,0.8179012760541419,0.7592149251184913,0.824761066239472,0.7567740565983331,0.8336889622873137,0.7576418312474987,0.8421356435006099,1.0,0.7532440800184288,0.7056742211614523,0.757372694121442,0.7222211379440749,0.7515884078979027,0.759071944435702,0.735647512058047,0.7649682670717869,0.7377910469254876,0.699454854110789,0.6665291170539684,0.758547554190579,0.8196232109585684,0.7578971496017632,0.7531793062112129,0.8170925160644429,0.7530521755071993,0.05168287793427295,0.7504054942098799,0.7528352865917166,0.7759806073073888,0.7427422825065852,0.7535613179181972,0.5912784366704968,0.7610295047587453,0.8261912874417733,0.7489493636560943,0.75550732264625,0.8193061775351912,0.80805370481352,0.7645484803855312,0.7595732382743787,0.7623281358728338,0.8028054518631522,0.7733949246034355
0.7779819511962657,0.7852520519421513,0.7629530116744977,0.7666406594252628,0.7745885579518694,0.780025689626206,0.8963193698643357,0.7568392539983454,0.7857753519394303,0.7624759004493724,0.7825234015549376,0.754952906826287,0.7802090113353726,0.7577782515847539,0.7532440800184288,1.0,0.7223817260789287,0.7977420168419972,0.7593914669793189,0.9048178479685342,0.7869970843810543,0.7714015446352216,0.7991158784342778,0.7620488038442381,0.7336727970718486,0.691331941046464,0.7838020897276761,0.7526495408193268,0.7708914471352892,0.780704621663147,0.7477162338017996,0.7827238120336864,0.05590280840220718,0.7816620511316201,0.7813710035690058,0.7540150897894001,0.893878206891741,0.7700321779709361,0.575065588044211,0.7824611212978108,0.7525175829291562,0.7841292765627061,0.7813196530942469,0.7557034130783526,0.7558253684881187,0.7649567832143664,0.7844144789027765,0.7880041324983736,0.7664366472374529,0.7770140621782322
0.7304586201377744,0.7488214885957626,0.6947716012149674,0.7095119433882063,0.7427995976392363,0.758966076645058,0.7155018810724314,0.7116744980841274,0.7104889807529576,0.7011988266571509,0.7236889349808515,0.7223243722767794,0.7246695290735163,0.704776771644974,0.7056742211614523,0.7223817260789287,1.0,0.7273641444731437,0.6993058896866973,0.7178303015208499,0.7259439868830319,0.7145626028594836,0.7360089446943995,0.8112487095027949,0.8208915691422091,0.8126168533790734,0.7282383581241358,0.7049099476621021,0.7059037519967045,0.7109652743748063,0.6874796247444525,0.7711839824328983,0.055353357826943395,0.7408140330566744,0.7561949690881333,0.6909239627940673,0.7075584123631511,0.7480339417622385,0.6180711150252987,0.7407133237849878,0.6887853667023012,0.7464446249106224,0.736266915328965,0.7128672462825703,0.7222885617043554,0.7069138833460458,0.7759291008051061,0.7639842585096104,0.7066049854564355,0.7179887136214853
0.7714431854911541,0.811843722366564,0.7647386999903525,0.7653305913509014,0.7901250328034191,0.7986507287806222,0.8048580885966029,0.7616778252951591,0.7709248244876139,0.763855639093762,0.8190552776040977,0.7528124387805998,0.8186761016720019,0.7666154049544668,0.757372694121442,0.7977420168419972,0.7273641444731437,1.0,0.7920288158196073,0.8105200612716462,0.8393919230356576,0.814660925195917,0.8504893888402462,0.7744108572217385,0.735919694116597,0.6876805367888904,0.8289184605517841,0.7596956278685243,0.7717662932179573,0.7767095323322205,0.7542826287375892,0.8098981447343798,0.05005946190894617,0.8227124295615167,0.8039710752069557,0.7610585313692189,0.790187971419607,0.8073673568103052,0.5815981335278262,0.8285900548886276,0.7528509671904482,0.8083942245589131,0.8291782814746785,0.7622362130360405,0.7602609849395039,0.7718973744130074,0.803108514508927,0.807015645763941,0.7681666905339968,0.7788342142065052
0.7333868190962813,0.7622808285066749,0.7232834510953909,0.7280469730334012,0.7487881745889688,0.7588316812761067,0.7592466138735257,0.718625841487412,0.7336449088417376,0.7213101210968298,0.7794759861432858,0.7238993940786804,0.8095892388445954,0.7276903115500297,0.7222211379440749,0.7593914669793189,0.6993058896866973,0.7920288158196073,1.0,0.7598373553614866,0.7923837612566546,0.811167161134533,0.7910702704447232,0.7386962751496969,0.7104890592960593,0.6650355380744593,0.7933045048329703,0.718100543870251,0.7390724574893497,0.7354083368064315,0.7153285196401,0.7896767691721827,0.050767941913262615,0.7862822688838749,0.7627324399918832,0.7196348753356789,0.751385686379413,0.777747543810945,0.5590654939561012,0.7940372476603884,0.7183022690411048,0.7528357753860538,0.782961284968039,0.722411657305719,0.7228925086260418,0.7328860565751398,0.7526575806300023,0.7560792902575857,0.7275164113402989,0.7434871223549413
0.7766023652367093,0.788774817914341,0.763968045399973,0.7647795956009419,0.7652606734250101,0.779830185483109,0.9433527117291947,0.7576478618247521,0.7855486710305686,0.7586252539098002,0.7805024989834067,0.7530342748344045,0.7797293877513254,0.7594076858700232,0.7515884078979027,0.9048178479685342,0.7178303015208499,0.8105200612716462,0.7598373553614866,1.0,0.8005127989413745,0.771267304606829,0.8070656512458686,0.7610254314005965,0.7272676771498914,0.6848994572207605,0.7902550206894124,0.7538768292053698,0.7737260277950547,0.7805641048342785,0.7461316202170292,0.7810453823478771,0.05401693420089981,0.7856532172927744,0.7842604482148168,0.7571674188513732,0.9111492231192241,0.7698148827649852,0.5761633101843797,0.7876946291893483,0.751548009796686,0.7884569045160326,0.7852032246825673,0.7585772581477922,0.7580821124991737,0.7648171026392091,0.7830942755360416,0.7872608593272765,0.766526591716309,0.7781941049678454
0.7724652199272704,0.8015191206970312,0.7630019474197993,0.7619293159628674,0.7938622791377523,0.789832804854324,0.797766133217539,0.7642532084708086,0.7724116148761582,0.7621157550838193,0.8146071817490921,0.7572413931998665,0.82175109324204,0.7601419401950369,0.759071944435702,0.7869970843810543,0.7259439868830319,0.8393919230356576,0.7923837612566546,0.8005127989413745,1.0,0.8067598564065019,0.8440073249133211,0.7728043152635489,0.7354164713882738,0.6893396284472386,0.8234205437296791,0.7611298941574054,0.7650655406798983,0.7738199986390109,0.7523963925418468,0.8139728165252511,0.05487673501233781,0.8200581603045649,0.7958188065574558,0.7514210026934254,0.783172553222998,0.806910969012131,0.5811667056235467,0.8295173022307938,0.7580711133674626,0.795050194112431,0.8238815125880912,0.7663589116925543,0.7675635415868868,0.7696725055187403,0.8032380174746953,0.8068765583976558,0.7684045280060091,0.7781020163560515
0.7535462975940429,0.7764121910005106,0.7370423872657688,0.7389154761898813,0.7662524233098118,0.7891625994324134,0.7689650013782242,0.7373805227542487,0.7501928018847619,0.7401931165243232,0.8033767412882677,0.7365767846524591,0.8277155632144815,0.7381051170516395,0.735647512058047,0.7714015446352216,0.7145626028594836,0.814660925195917,0.811167161134533,0.771267304606829,0.8067598564065019,1.0,0.8462203684490058,0.7568209453883946,0.7293646179979572,0.6815830477193069,0.8083026108439189,0.7339610051814385,0.7468500274377561,0.7522724273095238,0.7293675214087578,0.7991953873983388,0.05228613666370241,0.8261670652449811,0.7817868230873661,0.7305963885381239,0.7553328527373551,0.7980261787873457,0.5645412442847407,0.8167420987951894,0.7299851683777253,0.7749462531665792,0.8092313194216446,0.7383689593713962,0.7361866886444765,0.7459781301995007,0.7762490913325186,0.7795710345493395,0.7441297773217093,0.755878140314876
0.779049643904971,0.8142031494837639,0.7591854386571512,0.7707596288179865,0.7986605428514825,0.8070410099204472,0.8035903155798387,0.7676812916395355,0.7767762950002493,0.7660099720773128,0.8204861961689197,0.7618428421555434,0.8388407107637219,0.7710402961090091,0.7649682670717869,0.7991158784342778,0.7360089446943995,0.8504893888402462,0.7910702704447232,0.8070656512458686,0.8440073249133211,0.8462203684490058,1.0,0.784185686483129,0.7455436470649603,0.6971025163926794,0.835862332863752,0.7656998829857875,0.7724631039145715,0.7788935996416941,0.7569899457862033,0.8189830947342529,0.05445766999518564,0.8549705047119537,0.811589842473209,0.759916979065952,0.7896669911579557,0.8195601407611319,0.5876666515823523,0.8397535700307914,0.7601002379682908,0.8092228344394238,0.836489542779096,0.7696998455767502,0.7668041582890439,0.7704972879913766,0.8107556136635446,0.8148050276999164,0.7710072208682432,0.7809513908944752
0.7597863077507514,0.8064221099583306,0.7278533872677531,0.7456483549540454,0.7750522823573353,0.80573007409172,0.7580598053881271,0.7477939427380966,0.7487290861555749,0.7441250469112066,0.778244106043247,0.7504944657243664,0.7753874980427848,0.7383084789961425,0.7377910469254876,0.7620488038442381,0.8112487095027949,0.7744108572217385,0.7386962751496969,0.7610254314005965,0.7728043152635489,0.7568209453883946,0.784185686483129,1.0,0.8207343011027144,0.7853454078387792,0.7833687755533588,0.742012303040454,0.7438407106649891,0.7437049598616958,0.7275283143563218,0.7955475174672577,0.04938576107654391,0.7781509064723938,0.819107994779555,0.7284587733917898,0.7476254979456454,0.7910443721276983,0.6171900766588281,0.7851372913574897,0.7340829843515295,0.7864486607615825,0.781637822484448,0.7496131527355853,0.7571446002581511,0.7418456794840624,0.8022685846709909,0.7949050567963509,0.744937606613093,0.7530465454329224
0.7330470534771768,0.7632064608957443,0.6995412016991066,0.7116596935962896,0.7487170120502956,0.779071129065231,0.7244311655037421,0.7137235355073063,0.7134595750490753,0.7044049461153881,0.7321982947799299,0.7230224338795477,0.729468126001642,0.7062227374407681,0.699454854110789,0.7336727970718486,0.8208915691422091,0.735919694116597,0.7104890592960593,0.7272676771498914,0.7354164713882738,0.7293646179979572,0.7455436470649603,0.8207343011027144,1.0,0.8208605169754228,0.7374068409366863,0.7072523132372641,0.7115998230937572,0.7139446629602103,0.6936496067365019,0.7708532944423168,0.055246031662454786,0.7398508590013362,0.7750075545935156,0.6896270573295571,0.7191190132510459,0.7596121700070418,0.6197519954107058,0.7475483828762948,0.6965399705777382,0.7482599396430454,0.7397519230394132,0.7193112079699382,0.726931993003362,0.7181908968927033,0.7724958786423555,0.7604390825546752,0.7140568646138196,0.7223382045495186
0.6962617916985845,0.7061899614873638,0.659069422904582,0.6743837603114144,0.708217092888349,0.7233709172512737,0.6822022772664424,0.6776030157529408,0.6781716435216768,0.6746159656983641,0.6978459182304702,0.6912360536723552,0.6919388643067225,0.669516970301691,0.6665291170539684,0.691331941046464,0.8126168533790734,0.6876805367888904,0.6650355380744593,0.6848994572207605,0.6893396284472386,0.6815830477193069,0.6971025163926794,0.7853454078387792,0.8208605169754228,1.0,0.6933806856000952,0.6745777737349756,0.6758101441819571,0.6813933321209883,0.6621007936590757,0.7237929446621705,0.049187008830314904,0.6950121228237538,0.7209218029115394,0.6598211763207793,0.674596746797794,0.7227194726994974,0.6319191545171877,0.7081686980774105,0.6630238791602299,0.7069009203718386,0.6950913891175985,0.6864552278210752,0.6917682837525065,0.678982716959835,0.7444597005501833,0.7284418369121906,0.6804190710688824,0.6860880236768114
0.7772134562590407,0.8085392276821743,0.762689007274177,0.7619800890658153,0.7967380297692628,0.7910651805531328,0.786055151766699,0.7644425374846847,0.7775100072306571,0.76592455812352,0.8277640131916781,0.7555717030050402,0.8413438352336158,0.759075758529003,0.758547554190579,0.7838020897276761,0.7282383581241358,0.8289184605517841,0.7933045048329703,0.7902550206894124,0.8234205437296791,0.8083026108439189,0.835862332863752,0.7833687755533588,0.7374068409366863,0.6933806856000952,1.0,0.7578717496006062,0.7756181032341751,0.7795968215122833,0.7535765253498515,0.8196439998434272,0.05012105221318697,0.825796691656741,0.7998877258845396,0.7525086739936354,0.7721319307007014,0.8453354383384932,0.5803798160970842,0.8435279241915389,0.754706738986162,0.7997524315439769,0.8598675921588147,0.761145230515614,0.7593001425938144,0.7720935966214553,0.799708985091092,0.8032189326948057,0.7678141744808721,0.7800969825963038
0.7680161591340946,0.7677319635946543,0.7520284975637265,0.8383007379293765,0.7469627157170529,0.7533099656049427,0.7501667944866143,0.8836641051475452,0.7585562398301624,0.8315655048394057,0.7574918655777254,0.8145071468998201,0.7519820792523281,0.8351925516148673,0.8196232109585684,0.7526495408193268,0.7049099476621021,0.7596956278685243,0.718100543870251,0.7538768292053698,0.7611298941574054,0.7339610051814385,0.7656998829857875,0.742012303040454,0.7072523132372641,0.6745777737349756,0.7578717496006062,1.0,0.7651967926323647,0.7585524968117596,0.8085330636566194,0.7542864022998269,0.053203587145095654,0.7560677535903528,0.7527098304632914,0.7793429766381963,0.7396641130443051,0.7596315049142598,0.6061823081517741,0.7605433859925612,0.816658517838006,0.7565304978624086,0.754347154526575,0.9303630803312484,0.9039031745238651,0.7639079825652503,0.7589766887608745,0.7608457656532261,0.8262423439593536,0.7701663046532666
0.7848642408610842,0.7774042382035101,0.7640961018764497,0.7674183771128283,0.7614119907535004,0.7627281449332929,0.7714134606917241,0.7667111018608279,0.777330222198121,0.77525656318374,0.7657030994371864,0.7643686978959314,0.7688001043861205,0.7683028977971917,0.7578971496017632,0.7708914471352892,0.7059037519967045,0.7717662932179573,0.7390724574893497,0.7737260277950547,0.7650655406798983,0.7468500274377561,0.7724631039145715,0.7438407106649891,0.7115998230937572,0.6758101441819571,0.7756181032341751,0.7651967926323647,1.0,0.7804383751880015,0.7577928473323197,0.7652519249361367,0.05642655547159625,0.7687262677246061,0.7642923006696424,0.753182791524778,0.7593842616677926,0.7675158947902315,0.5861478988091382,0.7765740594676599,0.7589299928544954,0.7665485348252665,0.7717866194443752,0.7641924668336807,0.7652117344106844,0.7952069187023383,0.7667681038808464,0.7691416109335854,0.7698069572850323,0.8524610178626293
0.7990470890387152,0.7776322081948318,0.7733980678106807,0.763978942639556,0.7652113345175732,0.7602446547009303,0.7742344110566326,0.7616498764714795,0.8114167936478796,0.767336113849321,0.7754318022778227,0.756784567539351,0.77992046786465,0.7575524597100137,0.7531793062112129,0.780704621663147,0.7109652743748063,0.7767095323322205,0.7354083368064315,0.7805641048342785,0.7738199986390109,0.7522724273095238,0.7788935996416941,0.7437049598616958,0.7139446629602103,0.6813933321209883,0.7795968215122833,0.7585524968117596,0.7804383751880015,1.0,0.7510248812643039,0.768694052861929,0.05644889726534941,0.768707366887758,0.7664764561038185,0.7474973541892576,0.7624010021932298,0.7688833518845137,0.5893246710039397,0.7848375922839186,0.7544531992336141,0.769057869786826,0.7836202948687684,0.7625131482554416,0.7598946641227704,0.7876655577079541,0.7803373531631428,0.7822068459463538,0.7659377671553016,0.7930263994016573
0.7523460827485896,0.752968943660266,0.7443449458919087,0.8217685121253494,0.746139748174704,0.7434056048617648,0.7445867154516724,0.8066484124461276,0.751701161629449,0.8257797566799616,0.7532442596536023,0.7910007416152942,0.7522919473627416,0.8204365228014737,0.8170925160644429,0.7477162338017996,0.6874796247444525,0.7542826287375892,0.7153285196401,0.7461316202170292,0.7523963925418468,0.7293675214087578,0.7569899457862033,0.7275283143563218,0.6936496067365019,0.6621007936590757,0.7535765253498515,0.8085330636566194,0.7577928473323197,0.7510248812643039,1.0,0.7483713985582585,0.056888895129131534,0.7508427365997278,0.7421821685876264,0.7726237065571605,0.7351674048854286,0.74819933758369,0.588277700919872,0.7539143585617695,0.8596527700846313,0.7461261983350056,0.7462783412714542,0.8104324754340694,0.8012185855583345,0.7609389742108146,0.7526745388443612,0.7558160330507036,0.805905812116017,0.7611645234740756
0.7717708721723323,0.8015095407333966,0.7464964388464472,0.760931225489432,0.8014317429901877,0.8002055143961804,0.7787274416034615,0.7569514993373138,0.7670987796444353,0.7544695804478522,0.8007303165229731,0.7581458249130225,0.8170807313265873,0.7577840575128111,0.7530521755071993,0.7827238120336864,0.7711839824328983,0.8098981447343798,0.7896767691721827,0.7810453823478771,0.8139728165252511,0.7991953873983388,0.8189830947342529,0.7955475174672577,0.7708532944423168,0.7237929446621705,0.8196439998434272,0.7542864022998269,0.7652519249361367,0.768694052861929,0.7483713985582585,1.0,0.04779310922607927,0.8129933313468115,0.7964545754867446,0.7436294112902688,0.7723408933770087,0.8189638624019522,0.5973810811917175,0.8257697504067903,0.7456293812456364,0.7964352290299962,0.8246014219329754,0.7568000383854374,0.7612405767750088,0.7621228792757015,0.8079618731801989,0.8075314974429518,0.7560790726162586,0.7698018629931572
0.05875662994930819,0.04768422664756333,0.04994007825111135,0.055830245458339256,0.056393217243928095,0.05239505443844916,0.05569642551197984,0.05387825072567887,0.05489990541210055,0.0557388781294782,0.05189732962361715,0.048146503241233374,0.051836570855395836,0.056548433330195325,0.05168287793427295,0.05590280840220718,0.055353357826943395,0.05005946190894617,0.050767941913262615,0.05401693420089981,0.05487673501233781,0.05228613666370241,0.05445766999518564,0.04938576107654391,0.055246031662454786,0.049187008830314904,0.05012105221318697,0.053203587145095654,0.05642655547159625,0.05644889726534941,0.056888895129131534,0.04779310922607927,1.0,0.05181420533780379,0.051107116477337566,0.05789735456819822,0.05528137810779754,0.052002847375473116,0.042163167113709155,0.05014527373720712,0.05389783523485725,0.054701480681467074,0.05103533508681535,0.0523892099961113,0.05206410779272286,0.050529395813543654,0.05628616496482197,0.056279348118482675,0.056206054196169086,0.051912817213707885
0.7710556700235449,0.798960657385983,0.7559344552027545,0.7591223572239229,0.7890383672452572,0.7959549645235113,0.7827044271893785,0.7620708404218921,0.767637174284239,0.7589273002793809,0.8107866914292243,0.7543365334176215,0.8289937163728032,0.7606456305823539,0.7504054942098799,0.7816620511316201,0.7408140330566744,0.8227124295615167,0.7862822688838749,0.7856532172927744,0.8200581603045649,0.8261670652449811,0.8549705047119537,0.7781509064723938,0.7398508590013362,0.6950121228237538,0.825796691656741,0.7560677535903528,0.7687262677246061,0.768707366887758,0.7508427365997278,0.8129933313468115,0.05181420533780379,1.0,0.797287082308388,0.7594894534028171,0.7704161711189269,0.8111820227737652,0.5935518476081567,0.8272637673546591,0.7499211789324929,0.8033141248626545,0.8274652929036393,0.7595249701934546,0.7599951191386037,0.7569216648053114,0.7938624026497038,0.7973489129638412,0.7645849898247346,0.7722748360519038
0.7696305028121082,0.8308137566859507,0.7457698539991267,0.7597753499314872,0.784388974105976,0.8190487826414944,0.7826891318760051,0.7551790481703398,0.7608998842616493,0.7569351612195094,0.7927784524595088,0.757214054859198,0.7981117511987073,0.7556327077810945,0.7528352865917166,0.7813710035690058,0.7561949690881333,0.8039710752069557,0.7627324399918832,0.7842604482148168,0.7958188065574558,0.7817868230873661,0.811589842473209,0.819107994779555,0.7750075545935156,0.7209218029115394,0.7998877258845396,0.7527098304632914,0.7642923006696424,0.7664764561038185,0.7421821685876264,0.7964545754867446,0.051107116477337566,0.797287082308388,1.0,0.7427623789471273,0.7684012076861316,0.7921314222696748,0.5929690368869338,0.8100021020327709,0.7438421460066817,0.8098309700238712,0.8075403279462063,0.7548585381556911,0.7555827976140821,0.7573975755290984,0.8110771772956129,0.8129219100753697,0.7542538548833906,0.7710716251949432
0.7474982937517105,0.7450344254733843,0.7412711360413118,0.79131079945103,0.7387213950317494,0.7464895396979349,0.7553419997627762,0.780425119508221,0.7535166805895939,0.7902066673047522,0.7529101536405858,0.7699903055371471,0.7478798098585439,0.7825853010632338,0.7759806073073888,0.7540150897894001,0.6909239627940673,0.7610585313692189,0.7196348753356789,0.7571674188513732,0.7514210026934254,0.7305963885381239,0.759916979065952,0.7284587733917898,0.6896270573295571,0.6598211763207793,0.7525086739936354,0.7793429766381963,0.753182791524778,0.7474973541892576,0.7726237065571605,0.7436294112902688,0.05789735456819822,0.7594894534028171,0.7427623789471273,1.0,0.7454264702463251,0.7398697674411807,0.6147315115876937,0.7541684902081409,0.7792728970038953,0.7531611393631084,0.7455928573836141,0.782390629954949,0.7787093172247531,0.7447291534998349,0.7468613266647042,0.7489586838596547,0.7949879344490436,0.7581763344560064
0.760936710555966,0.7703168441536922,0.7511999466437165,0.7543992526543958,0.7537950045793382,0.7636605436700817,0.9140009906679396,0.7452151589709523,0.7703858756987616,0.7457187129771552,0.7642878405261937,0.7450270236395152,0.7636063349504236,0.7455209629128681,0.7427422825065852,0.893878206891741,0.7075584123631511,0.790187971419607,0.751385686379413,0.9111492231192241,0.783172553222998,0.7553328527373551,0.7896669911579557,0.7476254979456454,0.7191190132510459,0.674596746797794,0.7721319307007014,0.7396641130443051,0.7593842616677926,0.7624010021932298,0.7351674048854286,0.7723408933770087,0.05528137810779754,0.7704161711189269,0.7684012076861316,0.7454264702463251,1.0,0.7536183096471099,0.5697993298951525,0.7678781527084544,0.7395350198792975,0.77432510559398,0.7695857744718915,0.7450067160286769,0.7452421022827734,0.7491673864165366,0.7639742025049207,0.7679878487098823,0.7499978918498343,0.7638291670551495
0.775740238971695,0.805872651905192,0.7518954132046607,0.754289510565358,0.805794989039448,0.7931352511520269,0.7635243066542748,0.7618825768398828,0.7680685147878789,0.7599590875266995,0.8225288759314671,0.7573314174475424,0.8308061527580031,0.7532481169356599,0.7535613179181972,0.7700321779709361,0.7480339417622385,0.8073673568103052,0.777747543810945,0.7698148827649852,0.806910969012131,0.7980261787873457,0.8195601407611319,0.7910443721276983,0.7596121700070418,0.7227194726994974,0.8453354383384932,0.7596315049142598,0.7675158947902315,0.7688833518845137,0.74819933758369,0.8189638624019522,0.052002847375473116,0.8111820227737652,0.7921314222696748,0.7398697674411807,0.7536183096471099,1.0,0.5934046476484574,0.8362824911197716,0.7498847753780817,0.7897538133607787,0.8515949987010272,0.763806480873425,0.7625235748793482,0.7642179746416643,0.8089991004116013,0.8083001675378587,0.7683694410139692,0.7734569773555053
0.6059631923268732,0.5790494410063818,0.5790397443268325,0.604650080149525,0.5861101899300603,0.58937200072755,0.5763194324349535,0.6088435494972754,0.583416577363355,0.6061428996538023,0.5777991454055951,0.6071070471917563,0.5801238481780372,0.6003026214254039,0.5912784366704968,0.575065588044211,0.6180711150252987,0.5815981335278262,0.5590654939561012,0.5761633101843797,0.5811667056235467,0.5645412442847407,0.5876666515823523,0.6171900766588281,0.6197519954107058,0.6319191545171877,0.5803798160970842,0.6061823081517741,0.5861478988091382,0.5893246710039397,0.588277700919872,0.5973810811917175,0.042163167113709155,0.5935518476081567,0.5929690368869338,0.6147315115876937,0.5697993298951525,0.5934046476484574,1.0,0.5882414457338954,0.5934145840607439,0.5926362023215561,0.5828449562492338,0.61432607564819,0.6203336915687037,0.576004627023111,0.5977194140406035,0.5895832918707888,0.5999486534429503,0.5869167911510975
