../ecoli_genomes/GCF_000163235.1_ASM16323v1_genomic.fna.gz,../ecoli_genomes/GCF_000164555.1_ASM16455v1_genomic.fna.gz,../ecoli_genomes/GCF_000208545.1_ASM20854v2_genomic.fna.gz,../ecoli_genomes/GCF_000233875.1_ASM23387v1_genomic.fna.gz,../ecoli_genomes/GCF_000249735.1_ASM24973v2_genomic.fna.gz,../ecoli_genomes/GCF_000261145.1_Esch_coli_M919_V2_genomic.fna.gz,../ecoli_genomes/GCF_000267705.2_ASM26770v2_genomic.fna.gz,../ecoli_genomes/GCF_000350665.1_Esch_coli_KTE5_V1_genomic.fna.gz,../ecoli_genomes/GCF_000351625.1_Esch_coli_KTE66_V1_genomic.fna.gz,../ecoli_genomes/GCF_000352285.1_Esch_coli_KTE46_V1_genomic.fna.gz,../ecoli_genomes/GCF_000358895.1_ASM35889v1_genomic.fna.gz,../ecoli_genomes/GCF_000456385.1_Esch_coli_HVH_26_4-5703913_V1_genomic.fna.gz,../ecoli_genomes/GCF_000458195.1_Esch_coli_HVH_147_4-5893887_V1_genomic.fna.gz,../ecoli_genomes/GCF_000459755.1_Esch_coli_KOEGE_58_171a_V1_genomic.fna.gz,../ecoli_genomes/GCF_000460055.1_Esch_coli_UMEA_3053-1_V1_genomic.fna.gz,../ecoli_genomes/GCF_000462165.2_ASM46216v2_genomic.fna.gz,../ecoli_genomes/GCF_000601135.1_ASM60113v1_genomic.fna.gz,../ecoli_genomes/GCF_000614595.1_Ec2010EL1058_genomic.fna.gz,../ecoli_genomes/GCF_000617745.1_Ec2010C-4529_genomic.fna.gz,../ecoli_genomes/GCF_000618265.2_EcF6751_genomic.fna.gz,../ecoli_genomes/GCF_000619005.2_Ec2009C-4052_genomic.fna.gz,../ecoli_genomes/GCF_000619105.1_Ec2009C-4780_genomic.fna.gz,../ecoli_genomes/GCF_000619765.2_Ec2009C-3279_genomic.fna.gz,../ecoli_genomes/GCF_000687005.1_ASM68700v1_genomic.fna.gz,../ecoli_genomes/GCF_000687025.1_ASM68702v1_genomic.fna.gz,../ecoli_genomes/GCF_000700125.1_ASM70012v1_genomic.fna.gz,../ecoli_genomes/GCF_000753315.1_FHI35_genomic.fna.gz,../ecoli_genomes/GCF_000776375.1_ASM77637v1_genomic.fna.gz,../ecoli_genomes/GCF_000779395.1_ASM77939v1_genomic.fna.gz,../ecoli_genomes/GCF_000780315.1_ASM78031v1_genomic.fna.gz,../ecoli_genomes/GCF_000781995.1_ASM78199v1_genomic.fna.gz,../ecoli_genomes/GCF_000986765.1_ASM98676v1_genomic.fna.gz,../ecoli_genomes/GCF_001041375.1_ViralProj287958_genomic.fna.gz,../ecoli_genomes/GCF_001265335.1_302014_genomic.fna.gz,../ecoli_genomes/GCF_001265625.1_100854_genomic.fna.gz,../ecoli_genomes/GCF_001267345.1_303289_genomic.fna.gz,../ecoli_genomes/GCF_001309985.1_ASM130998v1_genomic.fna.gz,../ecoli_genomes/GCF_001521695.1_ASM152169v1_genomic.fna.gz,../ecoli_genomes/GCF_001592595.1_ASM159259v1_genomic.fna.gz,../ecoli_genomes/GCF_001614975.1_ASM161497v1_genomic.fna.gz,../ecoli_genomes/GCF_001692775.1_ASM169277v1_genomic.fna.gz,../ecoli_genomes/GCF_001748915.1_ASM174891v1_genomic.fna.gz,../ecoli_genomes/GCF_001749235.1_ASM174923v1_genomic.fna.gz,../ecoli_genomes/GCF_001881155.1_ASM188115v1_genomic.fna.gz,../ecoli_genomes/GCF_001881345.1_ASM188134v1_genomic.fna.gz,../ecoli_genomes/GCF_001892405.1_ASM189240v1_genomic.fna.gz,../ecoli_genomes/GCF_001892585.1_ASM189258v1_genomic.fna.gz,../ecoli_genomes/GCF_001893985.1_ASM189398v1_genomic.fna.gz,../ecoli_genomes/GCF_002001595.1_ASM200159v1_genomic.fna.gz,../ecoli_genomes/GCF_002002145.1_ASM200214v1_genomic.fna.gz
1.0,0.3284319868640009,0.2638175983632035,0.278205603271513,0.28068600746285466,0.31354348820557154,0.31126715936143545,0.28299968018144406,0.39041509757674864,0.2914044466524751,0.32423754444627073,0.28345433116698826,0.31947772776292427,0.27442289539790266,0.26487311401333025,0.31242626743424606,0.26422339429014985,0.3112609261737639,0.30773977194112945,0.31001240255361906,0.30103662347798665,0.3016086222721429,0.3169395750757291,0.27404707881293966,0.29049103066372006,0.3014990012976143,0.31504983935095376,0.2809903517594686,0.33894835263550205,0.39241142037819454,0.26460716438883347,0.30430159148959324,0.0,0.3105299241590056,0.3049007317760618,0.2768074684108892,0.298962019686268,0.31614056946843583,0.21642622138845924,0.3172223779145905,0.26737177417405267,0.3141485159843349,0.31752037320655657,0.28214832279140156,0.2893783153485645,0.3207549743401905,0.3144217042994232,0.31465108381740414,0.26973109683394714,0.35140434108219964
0.3284319868640009,1.0,0.2366817947302392,0.27375619906924364,0.38661797933413133,0.5401798447016584,0.35162507086798145,0.27768758214003575,0.30436022706810495,0.2797864735136971,0.4366011307130986,0.28316957568415413,0.4277260269887381,0.26671299938487814,0.2607545177182219,0.3509813325419172,0.416231550591185,0.41882285050993695,0.40122427007575057,0.3535092407354449,0.40638415193669153,0.3888702867874091,0.4220712463715899,0.47867362744202957,0.5263066914973742,0.4856292329597577,0.41948013882927393,0.27620233999326815,0.30315034066987934,0.3096740199299304,0.2573065447428303,0.4106483166706676,0.0,0.41271418515439806,0.5654468228752949,0.26575446882381215,0.33615398624080306,0.4311717498169718,0.18332605887856523,0.42751007108007366,0.26110911389592373,0.47581480718681746,0.4238912466194462,0.2861382313032609,0.2856623179504115,0.2921524001088317,0.48484619204150947,0.48480934041903323,0.2789525303945628,0.30620425418989294
0.2638175983632035,0.2366817947302392,1.0,0.20945519446279925,0.2053987740434493,0.21762861614822704,0.22517291353355706,0.21061700363125768,0.24864908723460977,0.21824801460760646,0.23793926594471881,0.20729100390756483,0.23701491579581335,0.21088061715424156,0.20265986960000903,0.22562022866075626,0.1908329576249489,0.22984397998363415,0.22081669957822825,0.22701066125007496,0.22663541211850224,0.2144220437557588,0.23091913053024782,0.19012307278228646,0.2108837378214785,0.2165374977248269,0.2325745263251463,0.21064883554439795,0.23867480146877684,0.25457592633749426,0.20136390010852379,0.22091301484261283,0.0,0.2305331312025417,0.2155092490083269,0.21211568985654106,0.21630362673340076,0.2278719049306791,0.14715185443255818,0.2337503305384686,0.2080015430151515,0.2292293497225334,0.23767227223914944,0.21546837987505107,0.2106487286759121,0.22902364157219401,0.23244251270981509,0.23201326514021248,0.21834121534639506,0.24535851231071815
0.278205603271513,0.27375619906924364,0.20945519446279925,1.0,0.25803677292623184,0.26065947258521993,0.2621902177821377,0.5006244220422429,0.27993383433258223,0.5217351240442445,0.26588277800917104,0.5042702259201941,0.27734856274629416,0.5405240465777685,0.554861830814832,0.2664284270400892,0.23619613862186617,0.2649947482337791,0.25819194484725616,0.2617933603643404,0.25794707896170777,0.2504212903204984,0.2737591449035005,0.23314592360757402,0.25604019671287637,0.26171743736328457,0.26304587558240844,0.5254142796716674,0.28974275659994675,0.2708076597523009,0.49874795206356615,0.2756171387445401,0.0,0.25983586104294853,0.25759739590699593,0.4255567874029893,0.25557932738192357,0.26323378963407684,0.3342725555719259,0.2601905450900883,0.5212024076661388,0.2634086884744393,0.2669665133795067,0.5241607286893945,0.517444015508816,0.2927990106988575,0.26193351706067647,0.26245086197785183,0.4618273645661187,0.30654155999174426
0.28068600746285466,0.38661797933413133,0.2053987740434493,0.25803677292623184,1.0,0.3953491062543898,0.3176024602779216,0.2574959433334909,0.2937028334005163,0.25949266606811605,0.4979274989664868,0.23991226937767107,0.45951481910775815,0.24322577866090223,0.25527153506820544,0.33407987981300824,0.4151502649212444,0.40763313524356093,0.39554174460081015,0.31760400320873317,0.41924770426033753,0.38787470169923854,0.4181872682104598,0.41979653875674583,0.4128127045804457,0.41179945069528223,0.42268680898345656,0.24138800338853994,0.29988755254165333,0.2871589891911859,0.24644530724587566,0.45264581488806244,0.0,0.4186252813585444,0.3882102714248009,0.2403275366262314,0.3124198152392724,0.44581573281569953,0.1791100869301594,0.43343877972261435,0.2536376911734939,0.3885113975424547,0.4325197756573964,0.24297804724711491,0.2465231444879098,0.2662573275064609,0.40415881960610334,0.4040100632588792,0.2430834948149292,0.2842021233046006
0.31354348820557154,0.5401798447016584,0.21762861614822704,0.26065947258521993,0.3953491062543898,1.0,0.3498490287428382,0.2810167881685549,0.2919376205792876,0.2655302062261772,0.41509430578851103,0.2596300619587608,0.4092096297177509,0.25816077273873816,0.2525195104979514,0.36823008305684546,0.4282189101690502,0.40840757855969556,0.4031912196960694,0.3450495495184749,0.3908338706140285,0.4272649902124356,0.40770380898395253,0.5108489183166467,0.5291169235708891,0.47771202255688383,0.3963639627335632,0.26319151366213744,0.30712508818345186,0.2898148794910387,0.24727289625796955,0.4059492209885528,0.0,0.40502462644517423,0.546737967474573,0.27000298738118467,0.34478172491075676,0.42059126659870383,0.19123435831683933,0.40739844373067435,0.2564153629845939,0.46461259009174294,0.40582157426352905,0.27279242957313554,0.27485249600471406,0.2923117144033356,0.4682655747616009,0.47187641872472985,0.25851049057975684,0.31317453004059803
0.31126715936143545,0.35162507086798145,0.22517291353355706,0.2621902177821377,0.3176024602779216,0.3498490287428382,1.0,0.25944227239443585,0.30285693512593714,0.2605007404583638,0.3589768420170224,0.2498082273229285,0.362005252688571,0.2518828931956216,0.24800152426899236,0.7654013484419728,0.29984020510480847,0.39222495138862523,0.38042942504524957,0.8764242110451428,0.3845412328823289,0.36838211867672377,0.39630045649834744,0.30165905739078047,0.32334735451255214,0.3468767853763923,0.3607894928029738,0.2544102296211519,0.28429368010649614,0.2991609463042203,0.24211373936067315,0.35162166637738945,0.0,0.36418772303946234,0.35582714823888506,0.26763390107926066,0.8063168097219762,0.34220955736197334,0.18743995981060524,0.357480693129147,0.24485746847056433,0.35475223254757604,0.3591281837134438,0.2606047163629911,0.25946937150609106,0.2762685891162364,0.34637184570142365,0.34609681612836185,0.2512591480316816,0.2977534969084572
0.28299968018144406,0.27768758214003575,0.21061700363125768,0.5006244220422429,0.2574959433334909,0.2810167881685549,0.25944227239443585,1.0,0.2724006636147972,0.5030217612026153,0.2706819748401913,0.4775696410730157,0.2833064597174725,0.4879288833275298,0.4763713643493316,0.26394019448511785,0.23914689364318298,0.2656429414894719,0.2610166469668972,0.259329369624984,0.2577312262053205,0.25471895833424063,0.2722324812562331,0.24454621601363002,0.25710273561968633,0.26321892121748913,0.26583368664822726,0.6977979920285646,0.2997590515292756,0.27116918125724476,0.4706986162918595,0.2692718978953248,0.0,0.26897884119427984,0.2665380987826128,0.4135111380894153,0.2509752661347898,0.2830946954766549,0.3256126978453924,0.27038812963672865,0.4839184709978753,0.26939512268131804,0.27254507196538424,0.7023393890600946,0.6804023803158565,0.29337614456924355,0.2642775685105989,0.2654051818973987,0.4480170716942792,0.30891438047093644
0.39041509757674864,0.30436022706810495,0.24864908723460977,0.27993383433258223,0.2937028334005163,0.2919376205792876,0.30285693512593714,0.2724006636147972,1.0,0.28467049914358733,0.3129811575433049,0.26125084941665633,0.31928176611391323,0.27246989061149995,0.27380563897744215,0.31250529689149853,0.2550446337869944,0.3010003867908714,0.288209784894234,0.3049947809257869,0.29782320631585324,0.28056095422245664,0.3049456619223818,0.26448355658618217,0.28325851767957577,0.29903389940973235,0.30622532751032805,0.26592467024829125,0.3233389650475116,0.4095051501720318,0.2672244940362677,0.2920183374601205,0.0,0.29749737274006127,0.29552627353850747,0.2749829359860423,0.29609632371515393,0.29082046400544304,0.19529139634971582,0.305331292482211,0.2712741358698627,0.30026275974081296,0.30940931659904614,0.2673680569918221,0.2637725803807166,0.31240822471017204,0.3000932449662176,0.299575387230284,0.2649884683039666,0.34033503836963563
0.2914044466524751,0.2797864735136971,0.21824801460760646,0.5217351240442445,0.25949266606811605,0.2655302062261772,0.2605007404583638,0.5030217612026153,0.28467049914358733,1.0,0.2786108752041433,0.48232296263776,0.2872728657554662,0.5079459887750286,0.49621035329486896,0.26627397533222863,0.2307551023018216,0.26689176565971706,0.2586595512846528,0.26036829378213333,0.26080277439278676,0.2544229129919905,0.2668185673882675,0.235991793804341,0.2559597721812902,0.2654240243379805,0.27223862377260244,0.5139153996668313,0.29884543120352547,0.2771921070775022,0.5181310778466048,0.26478860951288175,0.0,0.2621447689111136,0.2620222365837759,0.43611290314280393,0.25137285962350353,0.27245508016782183,0.3324660964068864,0.273514308093774,0.5305846276202154,0.2687505539524154,0.2710273806082728,0.5126887484936125,0.5130133683252113,0.295726083626371,0.2660611828415126,0.26580218039605485,0.47393694041884027,0.30514226935053723
0.32423754444627073,0.4366011307130986,0.23793926594471881,0.26588277800917104,0.4979274989664868,0.41509430578851103,0.3589768420170224,0.2706819748401913,0.3129811575433049,0.2786108752041433,1.0,0.2609743121207271,0.5363512314409358,0.2686559352899549,0.2587984565684246,0.3613714903876152,0.35343315809454157,0.4942932359192804,0.46881878166162905,0.3605791917496076,0.49430935543023635,0.4703495020430535,0.49933106223176815,0.3632261036626593,0.3824262021857874,0.4162400223818715,0.5047170535425318,0.2700208089208609,0.3027109348764907,0.3176375043944101,0.2564732361541918,0.4611712425495843,0.0,0.4837125717758146,0.4279952618058708,0.2772956448869829,0.34845596167584836,0.48463645044043935,0.1890126573787696,0.5258062959936383,0.2603706632625943,0.44661212339966294,0.511143937971718,0.2706084576330614,0.2709323899044497,0.2906354667492119,0.442635146878973,0.44146192428618214,0.269815673781414,0.3123692822394647
0.28345433116698826,0.28316957568415413,0.20729100390756483,0.5042702259201941,0.23991226937767107,0.2596300619587608,0.2498082273229285,0.4775696410730157,0.26125084941665633,0.48232296263776,0.2609743121207271,1.0,0.26496273910284396,0.48715864115721075,0.6080066004045149,0.24885631431138233,0.22748676064073925,0.2550104656287616,0.25453607697108294,0.2491439070377297,0.25370140733930435,0.24545584140199805,0.2633326165100881,0.22794335776126917,0.24495774636271617,0.2511125344639047,0.2584744241284873,0.4879965418497981,0.303947860746171,0.26907451763385215,0.4481396064509485,0.2560794242013781,0.0,0.25697556368307894,0.2579843740015646,0.40525163825108834,0.24053293940930465,0.2682795875685635,0.3222546271299338,0.26219190060663067,0.46934659115387645,0.2590863522688057,0.2654908047446375,0.49136328098303994,0.48961293672725203,0.2959461735045854,0.26203506580884317,0.26263731270162205,0.43603684007866994,0.3032822124335748
0.31947772776292427,0.4277260269887381,0.23701491579581335,0.27734856274629416,0.45951481910775815,0.4092096297177509,0.362005252688571,0.2833064597174725,0.31928176611391323,0.2872728657554662,0.5363512314409358,0.26496273910284396,1.0,0.2689661682679616,0.2734030449920668,0.37237896225555034,0.3523244243163026,0.5092684745927278,0.49472452630719477,0.36261112751777136,0.5249586513195883,0.5230334949766149,0.569059356046175,0.36223477339926013,0.38658123162966573,0.4148578270594243,0.5465514177892355,0.27379390155090366,0.2990790777392811,0.3239551454449642,0.26628473416924114,0.4954602488387059,0.0,0.5469889059112567,0.4255459567702322,0.27081292195252704,0.35519660602983116,0.5087882151585807,0.18826942520676782,0.5524748155854273,0.27231021717375214,0.4351253665378564,0.5404549661543009,0.2735442649091667,0.27181710279521765,0.2853667515960524,0.43949272390552563,0.43926485416092265,0.2721792328302962,0.3093870577874652
0.27442289539790266,0.26671299938487814,0.21088061715424156,0.5405240465777685,0.24322577866090223,0.25816077273873816,0.2518828931956216,0.4879288833275298,0.27246989061149995,0.5079459887750286,0.2686559352899549,0.48715864115721075,0.2689661682679616,1.0,0.5356675371788842,0.2524380724391523,0.2290626431474876,0.26080376262333893,0.25246121831725465,0.2534120644178458,0.2534755376119061,0.24718607154553973,0.26414587763276265,0.22693016341623273,0.24363906694297766,0.25413474257999225,0.26411040084270077,0.513961721031458,0.29524386338780173,0.2614130680433755,0.4902943916454535,0.25865761101931517,0.0,0.25614201030321015,0.2578932245230261,0.4105043642690255,0.24413554788830227,0.2662078638527904,0.32620884161886177,0.260076151362566,0.5067825946006133,0.26660692592965185,0.2642215393177755,0.5149793869920452,0.5074868570252746,0.2967898662114554,0.26050728200415973,0.26128424087615076,0.45146204184821814,0.3074724776191391
0.26487311401333025,0.2607545177182219,0.20265986960000903,0.554861830814832,0.25527153506820544,0.2525195104979514,0.24800152426899236,0.4763713643493316,0.27380563897744215,0.49621035329486896,0.2587984565684246,0.6080066004045149,0.2734030449920668,0.5356675371788842,1.0,0.25336467668254337,0.23347556337690856,0.25461831271811197,0.25011823909781783,0.24877565692038195,0.24910158717868247,0.23973481593356982,0.26251892522981024,0.22597000375122567,0.2473192087141629,0.2560498118468326,0.2598888042942913,0.48819029925026125,0.28544766502153474,0.2650914195646529,0.4908648188249142,0.2644817132216958,0.0,0.24908948882569004,0.25165898548767374,0.4107418999197251,0.24219118654513527,0.2603580373345854,0.31967692815391946,0.2560798677982965,0.5086379244697119,0.2550200775974233,0.2623800542493342,0.4867434795521821,0.47993270358933193,0.29215747040969975,0.2602943396338312,0.2616706573521609,0.4418181702971764,0.3071048255161539
0.31242626743424606,0.3509813325419172,0.22562022866075626,0.2664284270400892,0.33407987981300824,0.36823008305684546,0.7654013484419728,0.26394019448511785,0.31250529689149853,0.26627397533222863,0.3613714903876152,0.24885631431138233,0.37237896225555034,0.2524380724391523,0.25336467668254337,1.0,0.30068066955596806,0.3742968967149646,0.3725763816941532,0.7670759330818575,0.3692562849504205,0.3844866559637947,0.3812464004626973,0.3155783428638155,0.34105764891421453,0.37124682601098424,0.3523539637497868,0.25420963351946324,0.27917346809567667,0.30775023808559876,0.24987664476446703,0.34873465827725436,0.0,0.3573122787745603,0.35184377722619753,0.2664365945278926,0.7566724815095189,0.34512188762648255,0.18068061707571814,0.35539896067797616,0.25157149633291,0.35106701229641957,0.35362322808682545,0.25747313224718593,0.25894285519466653,0.2764608047175532,0.3450716556738046,0.3447936202687928,0.25275873056647014,0.29548958388311375
0.26422339429014985,0.416231550591185,0.1908329576249489,0.23619613862186617,0.4151502649212444,0.4282189101690502,0.29984020510480847,0.23914689364318298,0.2550446337869944,0.2307551023018216,0.35343315809454157,0.22748676064073925,0.3523244243163026,0.2290626431474876,0.23347556337690856,0.30068066955596806,1.0,0.3429910485325707,0.3318485099656705,0.29779113788776823,0.3365883334591726,0.3304857440342446,0.3585708812407601,0.5603555330048303,0.4867071635968043,0.4669535892099046,0.343300340961297,0.22724113816647762,0.28781098351585377,0.25176640584915877,0.22607883933284068,0.42476265258868895,0.0,0.3626080005203358,0.4254089026129263,0.23547682195119124,0.29084421200564314,0.34809447787375225,0.16479745576910854,0.3470731750002537,0.2283769478280966,0.4032760841217703,0.3471869938157379,0.23731471899865664,0.24197620550268484,0.24953503442357927,0.4083575620167861,0.41123180319103747,0.22271837236520264,0.26696777589794995
0.3112609261737639,0.41882285050993695,0.22984397998363415,0.2649947482337791,0.40763313524356093,0.40840757855969556,0.39222495138862523,0.2656429414894719,0.3010003867908714,0.26689176565971706,0.4942932359192804,0.2550104656287616,0.5092684745927278,0.26080376262333893,0.25461831271811197,0.3742968967149646,0.3429910485325707,1.0,0.5277910867689377,0.38971704064912494,0.51720123956427,0.48713843777449595,0.5265488114223674,0.3465374589283957,0.37107732074007693,0.3951276201691537,0.5047837227198715,0.2626501770118773,0.29597399575374583,0.30598225988232575,0.25027953574827433,0.4610598398240212,0.0,0.4828638609979017,0.4163312493215521,0.2774189981464813,0.3737133571040966,0.4652415873690887,0.1900382420735759,0.49460910384068046,0.2537688937616762,0.42507540574387814,0.49364426025765784,0.2649156930256633,0.2637066432503612,0.28179521550025066,0.42768689956870887,0.4277983796670446,0.25918314778743345,0.30296436362401025
0.30773977194112945,0.40122427007575057,0.22081669957822825,0.25819194484725616,0.39554174460081015,0.4031912196960694,0.38042942504524957,0.2610166469668972,0.288209784894234,0.2586595512846528,0.46881878166162905,0.25453607697108294,0.49472452630719477,0.25246121831725465,0.25011823909781783,0.3725763816941532,0.3318485099656705,0.5277910867689377,1.0,0.37599238002778534,0.5072510618351209,0.4904356194620362,0.5124288458581785,0.33714953105540557,0.36202397049952406,0.3809099595520148,0.4871445359699941,0.254856742069252,0.28957012348354483,0.2944715285926577,0.2414773594383831,0.45020429394696315,0.0,0.4719144549995875,0.4095710543496225,0.2682235906917383,0.3600427677393052,0.4534103491081186,0.18620204480038927,0.4821327119111969,0.24610657442037576,0.4123021591817221,0.4766532867089526,0.2592455669601579,0.25810561379308683,0.28125945055077817,0.4079921932759816,0.4092351977914631,0.25391995715489823,0.2979372133280971
0.31001240255361906,0.3535092407354449,0.22701066125007496,0.2617933603643404,0.31760400320873317,0.3450495495184749,0.8764242110451428,0.259329369624984,0.3049947809257869,0.26036829378213333,0.3605791917496076,0.2491439070377297,0.36261112751777136,0.2534120644178458,0.24877565692038195,0.7670759330818575,0.29779113788776823,0.38971704064912494,0.37599238002778534,1.0,0.38436038615903023,0.36035269053984964,0.39522833730359974,0.29781539754695063,0.3238234302531111,0.3437216993613148,0.3616633647252302,0.2546903109951437,0.28431056421269263,0.30071570926409796,0.24394237609028158,0.35106475127678727,0.0,0.3650661352452367,0.35520931574411574,0.26664394651031786,0.8034353778247059,0.3439625841291267,0.1860271452751705,0.35916700641984844,0.24598661797811816,0.35469171724863324,0.36002570213595475,0.25955228202719083,0.25809040731338584,0.2779103406040708,0.3472527419005391,0.3469835435547577,0.25262802521947514,0.2982712676584788
0.30103662347798665,0.40638415193669153,0.22663541211850224,0.25794707896170777,0.41924770426033753,0.3908338706140285,0.3845412328823289,0.2577312262053205,0.29782320631585324,0.26080277439278676,0.49430935543023635,0.25370140733930435,0.5249586513195883,0.2534755376119061,0.24910158717868247,0.3692562849504205,0.3365883334591726,0.51720123956427,0.5072510618351209,0.38436038615903023,1.0,0.5006017867680111,0.5487588857128096,0.3358014750907604,0.3599969417921306,0.39237389234995323,0.5214991010299971,0.2579694662123696,0.28473640175202863,0.299930197310328,0.24413492030194806,0.4792160184093135,0.0,0.5179027284642637,0.40621151174745695,0.27059330413590954,0.36752822083484893,0.4810839502190678,0.18384216889156846,0.5139285511924423,0.2508583836999809,0.40595075171829864,0.5088869336172602,0.2604424190980419,0.26076911706392614,0.28367070923227666,0.42023949107057146,0.42034235365654193,0.25628019292048343,0.3000021038276569
0.3016086222721429,0.3888702867874091,0.2144220437557588,0.2504212903204984,0.38787470169923854,0.4272649902124356,0.36838211867672377,0.25471895833424063,0.28056095422245664,0.2544229129919905,0.4703495020430535,0.24545584140199805,0.5230334949766149,0.24718607154553973,0.23973481593356982,0.3844866559637947,0.3304857440342446,0.48713843777449595,0.4904356194620362,0.36035269053984964,0.5006017867680111,1.0,0.675330140924278,0.352105620679916,0.3641369874764041,0.4009113162796122,0.48635175460778046,0.253937026727286,0.2740388528987511,0.28474208163979686,0.23487850256242715,0.4591458519318695,0.0,0.5982871594812202,0.38974819139252903,0.2595421491018697,0.36433552885496223,0.47017748841797125,0.1747224134597002,0.5003434628681902,0.23704429600527477,0.394518714714151,0.4880238234607286,0.2562224322945823,0.2558405135446089,0.27255512640573254,0.39727864127739076,0.39666461184468516,0.24564965139187556,0.2938790381578935
0.3169395750757291,0.4220712463715899,0.23091913053024782,0.2737591449035005,0.4181872682104598,0.40770380898395253,0.39630045649834744,0.2722324812562331,0.3049456619223818,0.2668185673882675,0.49933106223176815,0.2633326165100881,0.569059356046175,0.26414587763276265,0.26251892522981024,0.3812464004626973,0.3585708812407601,0.5265488114223674,0.5124288458581785,0.39522833730359974,0.5487588857128096,0.675330140924278,1.0,0.3487279896892672,0.37646747734585684,0.39757209553238626,0.5369036913263219,0.27003261168026327,0.2957066452419912,0.3052502084073274,0.25666685295093494,0.49731470594248195,0.0,0.6550236966913474,0.4164583455101649,0.2779466989871474,0.3803732260269671,0.49155326001330957,0.192372095948801,0.5301468950675607,0.2595335337082164,0.42062375943313224,0.5228879934998953,0.27277779498877597,0.26972575165358126,0.2855148413315497,0.423393796152275,0.42379383686199545,0.2651966822949081,0.3088529162970135
0.27404707881293966,0.47867362744202957,0.19012307278228646,0.23314592360757402,0.41979653875674583,0.5108489183166467,0.30165905739078047,0.24454621601363002,0.26448355658618217,0.235991793804341,0.3632261036626593,0.22794335776126917,0.36223477339926013,0.22693016341623273,0.22597000375122567,0.3155783428638155,0.5603555330048303,0.3465374589283957,0.33714953105540557,0.29781539754695063,0.3358014750907604,0.352105620679916,0.3487279896892672,1.0,0.5458035808491499,0.4653287643065249,0.34625748608651385,0.2254998854957586,0.292112367322818,0.25761420606470764,0.2294011093502062,0.3979243667127087,0.0,0.3532393131631557,0.4999807993836035,0.2294119844592477,0.29665114215023614,0.3573817549883598,0.15623441163016383,0.3498404249493954,0.2318321222394114,0.4201758975400329,0.3469126316398611,0.23244978988727893,0.23661734202116202,0.252393201143177,0.40713639739797314,0.40829623714465557,0.21958850868882385,0.2683073097612889
0.29049103066372006,0.5263066914973742,0.2108837378214785,0.25604019671287637,0.4128127045804457,0.5291169235708891,0.32334735451255214,0.25710273561968633,0.28325851767957577,0.2559597721812902,0.3824262021857874,0.24495774636271617,0.38658123162966573,0.24363906694297766,0.2473192087141629,0.34105764891421453,0.4867071635968043,0.37107732074007693,0.36202397049952406,0.3238234302531111,0.3599969417921306,0.3641369874764041,0.37646747734585684,0.5458035808491499,1.0,0.5123682966702132,0.36492212458572537,0.24117076722259878,0.28596151585893337,0.2761554332635463,0.24365934917797638,0.4315238443255396,0.0,0.3739386649881694,0.5275994278889227,0.24805810168698306,0.3248510908624149,0.3849914806177336,0.17200751499142453,0.37248287826498583,0.24638508121807423,0.43692983924463014,0.37744072371552306,0.2569149534485592,0.2573196327213012,0.27230888976315504,0.43449059291301684,0.4345475297437641,0.2481018967397346,0.28258795733130915
0.3014990012976143,0.4856292329597577,0.2165374977248269,0.26171743736328457,0.41179945069528223,0.47771202255688383,0.3468767853763923,0.26321892121748913,0.29903389940973235,0.2654240243379805,0.4162400223818715,0.2511125344639047,0.4148578270594243,0.25413474257999225,0.2560498118468326,0.37124682601098424,0.4669535892099046,0.3951276201691537,0.3809099595520148,0.3437216993613148,0.39237389234995323,0.4009113162796122,0.39757209553238626,0.4653287643065249,0.5123682966702132,1.0,0.3924221605563406,0.25103211609588605,0.2860266727686436,0.2942622511840479,0.25353761280706144,0.40930377270523055,0.0,0.38728914975208695,0.47314368157671294,0.26393657678396165,0.3496494595148303,0.4008194740640415,0.18665248132542256,0.40324715181125426,0.2569909303372845,0.45543842456477523,0.3930818207354986,0.2647160674999869,0.2620913247581169,0.2712726869725126,0.46152959939175076,0.460986714119591,0.2614149261680919,0.2949598736932758
0.31504983935095376,0.41948013882927393,0.2325745263251463,0.26304587558240844,0.42268680898345656,0.3963639627335632,0.3607894928029738,0.26583368664822726,0.30622532751032805,0.27223862377260244,0.5047170535425318,0.2584744241284873,0.5465514177892355,0.26411040084270077,0.2598888042942913,0.3523539637497868,0.343300340961297,0.5047837227198715,0.4871445359699941,0.3616633647252302,0.5214991010299971,0.48635175460778046,0.5369036913263219,0.34625748608651385,0.36492212458572537,0.3924221605563406,1.0,0.26081877734825176,0.296581150972017,0.307992388798246,0.256833103716684,0.4839017980837491,0.0,0.5038303024867555,0.4143164188357822,0.2648660186169717,0.3453909639956837,0.5766186694005084,0.17849893950318263,0.5448280710356397,0.2622767958225153,0.4238359316343071,0.6163602471155583,0.26521200170129844,0.2597236666216556,0.2884338693234124,0.4242223136025566,0.4243504938729036,0.26533599815522513,0.30603247041342063
0.2809903517594686,0.27620233999326815,0.21064883554439795,0.5254142796716674,0.24138800338853994,0.26319151366213744,0.2544102296211519,0.6977979920285646,0.26592467024829125,0.5139153996668313,0.2700208089208609,0.4879965418497981,0.27379390155090366,0.513961721031458,0.48819029925026125,0.25420963351946324,0.22724113816647762,0.2626501770118773,0.254856742069252,0.2546903109951437,0.2579694662123696,0.253937026727286,0.27003261168026327,0.2254998854957586,0.24117076722259878,0.25103211609588605,0.26081877734825176,1.0,0.2995208586829583,0.2683589399208265,0.47464922661324693,0.2630771302161726,0.0,0.2599936668854488,0.2578685126944942,0.41835728418345475,0.2452429224926449,0.2778020770767057,0.32528787937771864,0.2648225002354031,0.49139144573780946,0.2586840929298787,0.26634635343723656,0.8024134355135528,0.7685663124072037,0.29291829931075763,0.26169471871420036,0.2619540932906914,0.464725442154308,0.30160208043408154
0.33894835263550205,0.30315034066987934,0.23867480146877684,0.28974275659994675,0.29988755254165333,0.30712508818345186,0.28429368010649614,0.2997590515292756,0.3233389650475116,0.29884543120352547,0.3027109348764907,0.303947860746171,0.2990790777392811,0.29524386338780173,0.28544766502153474,0.27917346809567667,0.28781098351585377,0.29597399575374583,0.28957012348354483,0.28431056421269263,0.28473640175202863,0.2740388528987511,0.2957066452419912,0.292112367322818,0.28596151585893337,0.2860266727686436,0.296581150972017,0.2995208586829583,1.0,0.3159485753271759,0.28160926503636097,0.29683876658906927,0.0,0.29512980123193766,0.29578062298956986,0.29869222663320616,0.2687754675276153,0.2984646101953512,0.20667428004506294,0.29704585407897155,0.2837247024037265,0.28805084832587324,0.297670805074135,0.2969993614905784,0.29762090741075586,0.39178278567028624,0.29258994948068884,0.2928770540396699,0.294588038887614,0.6113264526387828
0.39241142037819454,0.3096740199299304,0.25457592633749426,0.2708076597523009,0.2871589891911859,0.2898148794910387,0.2991609463042203,0.27116918125724476,0.4095051501720318,0.2771921070775022,0.3176375043944101,0.26907451763385215,0.3239551454449642,0.2614130680433755,0.2650914195646529,0.30775023808559876,0.25176640584915877,0.30598225988232575,0.2944715285926577,0.30071570926409796,0.299930197310328,0.28474208163979686,0.3052502084073274,0.25761420606470764,0.2761554332635463,0.2942622511840479,0.307992388798246,0.2683589399208265,0.3159485753271759,1.0,0.26191823999598607,0.28958284672783785,0.0,0.296706710913181,0.29950557884507056,0.2725078685315444,0.2902145883288102,0.297379202792741,0.21240390140384868,0.3164110675628766,0.2649548957123785,0.305055109413905,0.31068001704854753,0.2700792233828062,0.26682796243166795,0.31482899549021914,0.30776283756634737,0.3077643574004558,0.26568764633141984,0.33465385880956366
0.26460716438883347,0.2573065447428303,0.20136390010852379,0.49874795206356615,0.24644530724587566,0.24727289625796955,0.24211373936067315,0.4706986162918595,0.2672244940362677,0.5181310778466048,0.2564732361541918,0.4481396064509485,0.26628473416924114,0.4902943916454535,0.4908648188249142,0.24987664476446703,0.22607883933284068,0.25027953574827433,0.2414773594383831,0.24394237609028158,0.24413492030194806,0.23487850256242715,0.25666685295093494,0.2294011093502062,0.24365934917797638,0.25353761280706144,0.256833103716684,0.47464922661324693,0.28160926503636097,0.26191823999598607,1.0,0.2542334828414442,0.0,0.2506833408955266,0.24800962577393815,0.4049479526494022,0.23604299622395897,0.2588931561899567,0.30617613643663844,0.2554740560447125,0.662622988785946,0.25691392426327053,0.2545316523261604,0.4754318426308236,0.47129216419892594,0.2794468907129337,0.25223278977521657,0.2519757297958113,0.43396382393411914,0.28717399410078703
0.30430159148959324,0.4106483166706676,0.22091301484261283,0.2756171387445401,0.45264581488806244,0.4059492209885528,0.35162166637738945,0.2692718978953248,0.2920183374601205,0.26478860951288175,0.4611712425495843,0.2560794242013781,0.4954602488387059,0.25865761101931517,0.2644817132216958,0.34873465827725436,0.42476265258868895,0.4610598398240212,0.45020429394696315,0.35106475127678727,0.4792160184093135,0.4591458519318695,0.49731470594248195,0.3979243667127087,0.4315238443255396,0.40930377270523055,0.4839017980837491,0.2630771302161726,0.29683876658906927,0.28958284672783785,0.2542334828414442,1.0,0.0,0.4807482833930904,0.39954575241977297,0.2576531022518177,0.3464322607314767,0.4803057584790811,0.18351018310574163,0.5024420327485302,0.2562603404829099,0.40645512095019054,0.4967211429483679,0.26450669507842095,0.2691636317887599,0.2796357964724471,0.4201730647929268,0.4210022666566401,0.25169976303018415,0.29423349367674423
0.0,0.0,0.0,0.0,0.0,0.0,0.0,0.0,0.0,0.0,0.0,0.0,0.0,0.0,0.0,0.0,0.0,0.0,0.0,0.0,0.0,0.0,0.0,0.0,0.0,0.0,0.0,0.0,0.0,0.0,0.0,0.0,1.0,0.0,0.0,0.0,0.0,0.0,0.0,0.0,0.0,0.0,0.0,0.0,0.0,0.0,0.0,0.0,0.0,0.0
0.3105299241590056,0.41271418515439806,0.2305331312025417,0.25983586104294853,0.4186252813585444,0.40502462644517423,0.36418772303946234,0.26897884119427984,0.29749737274006127,0.2621447689111136,0.4837125717758146,0.25697556368307894,0.5469889059112567,0.25614201030321015,0.24908948882569004,0.3573122787745603,0.3626080005203358,0.4828638609979017,0.4719144549995875,0.3650661352452367,0.5179027284642637,0.5982871594812202,0.6550236966913474,0.3532393131631557,0.3739386649881694,0.38728914975208695,0.5038303024867555,0.2599936668854488,0.29512980123193766,0.296706710913181,0.2506833408955266,0.4807482833930904,0.0,1.0,0.4134975358601406,0.2807084392210909,0.3471830255337759,0.4779178428634683,0.19597682476045875,0.5117853031005728,0.2492229166524611,0.4159442444501501,0.5094686013012422,0.2647541075788683,0.2672583530883914,0.27906980357493194,0.4194183581206711,0.4199594969535748,0.2570745497253394,0.30305392555378086
0.3049007317760618,0.5654468228752949,0.2155092490083269,0.25759739590699593,0.3882102714248009,0.546737967474573,0.35582714823888506,0.2665380987826128,0.29552627353850747,0.2620222365837759,0.4279952618058708,0.2579843740015646,0.4255459567702322,0.2578932245230261,0.25165898548767374,0.35184377722619753,0.4254089026129263,0.4163312493215521,0.4095710543496225,0.35520931574411574,0.40621151174745695,0.38974819139252903,0.4164583455101649,0.4999807993836035,0.5275994278889227,0.47314368157671294,0.4143164188357822,0.2578685126944942,0.29578062298956986,0.29950557884507056,0.24800962577393815,0.39954575241977297,0.0,0.4134975358601406,1.0,0.2640672695903321,0.33645244979961986,0.40523306943255766,0.18599802654187192,0.4236141731594526,0.2538013030237165,0.48097448016527977,0.42005852044300507,0.2613599643780733,0.26351824435820903,0.28159827084384237,0.4706406109328539,0.4701570223622198,0.25573373695698554,0.2973904672050536
0.2768074684108892,0.26575446882381215,0.21211568985654106,0.4255567874029893,0.2403275366262314,0.27000298738118467,0.26763390107926066,0.4135111380894153,0.2749829359860423,0.43611290314280393,0.2772956448869829,0.40525163825108834,0.27081292195252704,0.4105043642690255,0.4107418999197251,0.2664365945278926,0.23547682195119124,0.2774189981464813,0.2682235906917383,0.26664394651031786,0.27059330413590954,0.2595421491018697,0.2779466989871474,0.2294119844592477,0.24805810168698306,0.26393657678396165,0.2648660186169717,0.41835728418345475,0.29869222663320616,0.2725078685315444,0.4049479526494022,0.2576531022518177,0.0,0.2807084392210909,0.2640672695903321,1.0,0.2579871615438746,0.25959450689284247,0.32266831445624045,0.27364985452759816,0.4114209149171314,0.26726474834195224,0.2678674255687272,0.42269816767885726,0.42205953073101565,0.2896259538591056,0.2624277084409907,0.262424149941098,0.4131887157572183,0.30555538643637203
0.298962019686268,0.33615398624080306,0.21630362673340076,0.25557932738192357,0.3124198152392724,0.34478172491075676,0.8063168097219762,0.2509752661347898,0.29609632371515393,0.25137285962350353,0.34845596167584836,0.24053293940930465,0.35519660602983116,0.24413554788830227,0.24219118654513527,0.7566724815095189,0.29084421200564314,0.3737133571040966,0.3600427677393052,0.8034353778247059,0.36752822083484893,0.36433552885496223,0.3803732260269671,0.29665114215023614,0.3248510908624149,0.3496494595148303,0.3453909639956837,0.2452429224926449,0.2687754675276153,0.2902145883288102,0.23604299622395897,0.3464322607314767,0.0,0.3471830255337759,0.33645244979961986,0.2579871615438746,1.0,0.3347335364999564,0.17763586996487168,0.3396829356014911,0.23752968474932512,0.34126954997438064,0.34481343419549626,0.25049973273789605,0.24949453758630546,0.26453991770385277,0.3297843717518013,0.3295212276704398,0.24002879659783194,0.2856585514696154
0.31614056946843583,0.4311717498169718,0.2278719049306791,0.26323378963407684,0.44581573281569953,0.42059126659870383,0.34220955736197334,0.2830946954766549,0.29082046400544304,0.27245508016782183,0.48463645044043935,0.2682795875685635,0.5087882151585807,0.2662078638527904,0.2603580373345854,0.34512188762648255,0.34809447787375225,0.4652415873690887,0.4534103491081186,0.3439625841291267,0.4810839502190678,0.47017748841797125,0.49155326001330957,0.3573817549883598,0.3849914806177336,0.4008194740640415,0.5766186694005084,0.2778020770767057,0.2984646101953512,0.297379202792741,0.2588931561899567,0.4803057584790811,0.0,0.4779178428634683,0.40523306943255766,0.25959450689284247,0.3347335364999564,1.0,0.1920106909936422,0.5153020412555371,0.2653344980540886,0.4205384026181186,0.6190099766159838,0.2828732585078072,0.2786012736476501,0.2908218853100576,0.4347217805377305,0.4344456511129887,0.27139824341313856,0.3080129704370722
0.21642622138845924,0.18332605887856523,0.14715185443255818,0.3342725555719259,0.1791100869301594,0.19123435831683933,0.18743995981060524,0.3256126978453924,0.19529139634971582,0.3324660964068864,0.1890126573787696,0.3222546271299338,0.18826942520676782,0.32620884161886177,0.31967692815391946,0.18068061707571814,0.16479745576910854,0.1900382420735759,0.18620204480038927,0.1860271452751705,0.18384216889156846,0.1747224134597002,0.192372095948801,0.15623441163016383,0.17200751499142453,0.18665248132542256,0.17849893950318263,0.32528787937771864,0.20667428004506294,0.21240390140384868,0.30617613643663844,0.18351018310574163,0.0,0.19597682476045875,0.18599802654187192,0.32266831445624045,0.17763586996487168,0.1920106909936422,1.0,0.18612179442679688,0.31043010386058445,0.1907054703597113,0.18738828639528438,0.33158759655382297,0.33136274010519406,0.19740925011714483,0.1871985072494209,0.18673899951421424,0.3068553068642085,0.22035128768145718
0.3172223779145905,0.42751007108007366,0.2337503305384686,0.2601905450900883,0.43343877972261435,0.40739844373067435,0.357480693129147,0.27038812963672865,0.305331292482211,0.273514308093774,0.5258062959936383,0.26219190060663067,0.5524748155854273,0.260076151362566,0.2560798677982965,0.35539896067797616,0.3470731750002537,0.49460910384068046,0.4821327119111969,0.35916700641984844,0.5139285511924423,0.5003434628681902,0.5301468950675607,0.3498404249493954,0.37248287826498583,0.40324715181125426,0.5448280710356397,0.2648225002354031,0.29704585407897155,0.3164110675628766,0.2554740560447125,0.5024420327485302,0.0,0.5117853031005728,0.4236141731594526,0.27364985452759816,0.3396829356014911,0.5153020412555371,0.18612179442679688,1.0,0.2579901698657914,0.4314793520630815,0.5431634679889159,0.2674906013134003,0.2708046318865561,0.2911407730245199,0.44761753898500045,0.4470436368579568,0.2640417265974262,0.31162826213277217
