../ecoli_genomes/GCF_000163235.1_ASM16323v1_genomic.fna.gz,../ecoli_genomes/GCF_000164555.1_ASM16455v1_genomic.fna.gz,../ecoli_genomes/GCF_000208545.1_ASM20854v2_genomic.fna.gz,../ecoli_genomes/GCF_000233875.1_ASM23387v1_genomic.fna.gz,../ecoli_genomes/GCF_000249735.1_ASM24973v2_genomic.fna.gz,../ecoli_genomes/GCF_000261145.1_Esch_coli_M919_V2_genomic.fna.gz,../ecoli_genomes/GCF_000267705.2_ASM26770v2_genomic.fna.gz,../ecoli_genomes/GCF_000350665.1_Esch_coli_KTE5_V1_genomic.fna.gz,../ecoli_genomes/GCF_000351625.1_Esch_coli_KTE66_V1_genomic.fna.gz,../ecoli_genomes/GCF_000352285.1_Esch_coli_KTE46_V1_genomic.fna.gz,../ecoli_genomes/GCF_000358895.1_ASM35889v1_genomic.fna.gz,../ecoli_genomes/GCF_000456385.1_Esch_coli_HVH_26_4-5703913_V1_genomic.fna.gz,../ecoli_genomes/GCF_000458195.1_Esch_coli_HVH_147_4-5893887_V1_genomic.fna.gz,../ecoli_genomes/GCF_000459755.1_Esch_coli_KOEGE_58_171a_V1_genomic.fna.gz,../ecoli_genomes/GCF_000460055.1_Esch_coli_UMEA_3053-1_V1_genomic.fna.gz,../ecoli_genomes/GCF_000462165.2_ASM46216v2_genomic.fna.gz,../ecoli_genomes/GCF_000601135.1_ASM60113v1_genomic.fna.gz,../ecoli_genomes/GCF_000614595.1_Ec2010EL1058_genomic.fna.gz,../ecoli_genomes/GCF_000617745.1_Ec2010C-4529_genomic.fna.gz,../ecoli_genomes/GCF_000618265.2_EcF6751_genomic.fna.gz,../ecoli_genomes/GCF_000619005.2_Ec2009C-4052_genomic.fna.gz,../ecoli_genomes/GCF_000619105.1_Ec2009C-4780_genomic.fna.gz,../ecoli_genomes/GCF_000619765.2_Ec2009C-3279_genomic.fna.gz,../ecoli_genomes/GCF_000687005.1_ASM68700v1_genomic.fna.gz,../ecoli_genomes/GCF_000687025.1_ASM68702v1_genomic.fna.gz,../ecoli_genomes/GCF_000700125.1_ASM70012v1_genomic.fna.gz,../ecoli_genomes/GCF_000753315.1_FHI35_genomic.fna.gz,../ecoli_genomes/GCF_000776375.1_ASM77637v1_genomic.fna.gz,../ecoli_genomes/GCF_000779395.1_ASM77939v1_genomic.fna.gz,../ecoli_genomes/GCF_000780315.1_ASM78031v1_genomic.fna.gz,../ecoli_genomes/GCF_000781995.1_ASM78199v1_genomic.fna.gz,../ecoli_genomes/GCF_000986765.1_ASM98676v1_genomic.fna.gz,../ecoli_genomes/GCF_001041375.1_ViralProj287958_genomic.fna.gz,../ecoli_genomes/GCF_001265335.1_302014_genomic.fna.gz,../ecoli_genomes/GCF_001265625.1_100854_genomic.fna.gz,../ecoli_genomes/GCF_001267345.1_303289_genomic.fna.gz,../ecoli_genomes/GCF_001309985.1_ASM130998v1_genomic.fna.gz,../ecoli_genomes/GCF_001521695.1_ASM152169v1_genomic.fna.gz,../ecoli_genomes/GCF_001592595.1_ASM159259v1_genomic.fna.gz,../ecoli_genomes/GCF_001614975.1_ASM161497v1_genomic.fna.gz,../ecoli_genomes/GCF_001692775.1_ASM169277v1_genomic.fna.gz,../ecoli_genomes/GCF_001748915.1_ASM174891v1_genomic.fna.gz,../ecoli_genomes/GCF_001749235.1_ASM174923v1_genomic.fna.gz,../ecoli_genomes/GCF_001881155.1_ASM188115v1_genomic.fna.gz,../ecoli_genomes/GCF_001881345.1_ASM188134v1_genomic.fna.gz,../ecoli_genomes/GCF_001892405.1_ASM189240v1_genomic.fna.gz,../ecoli_genomes/GCF_001892585.1_ASM189258v1_genomic.fna.gz,../ecoli_genomes/GCF_001893985.1_ASM189398v1_genomic.fna.gz,../ecoli_genomes/GCF_002001595.1_ASM200159v1_genomic.fna.gz,../ecoli_genomes/GCF_002002145.1_ASM200214v1_genomic.fna.gz
1.0,0.32735375964217683,0.2608457174798203,0.28841004682734084,0.2791647744546407,0.3037599700941086,0.3029381650357522,0.2925290337153853,0.39267379517665735,0.29910484186731934,0.32678966707891755,0.3013209811896528,0.31684220296180354,0.2824774286874938,0.2731596738515487,0.3074962981524343,0.2541511472802991,0.3108508655868496,0.2869207772153407,0.3037892786905311,0.3053285934762763,0.2941067523467882,0.31570458155390746,0.29566263780693136,0.27220024694496103,0.23030101491204547,0.313705989421319,0.2905963129834026,0.34148019406841157,0.3917963982255571,0.2587559093728996,0.3070680058800488,0.0,0.31034338189793254,0.30902527456214524,0.26518813819780995,0.28905199548336713,0.32662533729542254,0.22880703490297927,0.32180450122600657,0.2663756483752352,0.31069222152855447,0.3187360805932804,0.29722029663780913,0.3046456067808826,0.31914142391019906,0.3105795042494768,0.31092220247532987,0.28274778394117017,0.34892776436918904
0.32735375964217683,1.0,0.23492769075629705,0.2786488470693671,0.3521706576566599,0.5225985003640905,0.3486642503034111,0.283909018778164,0.2954353651285251,0.28482305339038705,0.42308215776177094,0.2907354806344984,0.4116763576930276,0.27404740733806365,0.26642419459084354,0.34956422926449726,0.3246857908595038,0.4113580468741689,0.36905298553181365,0.3530476104790494,0.40317382290411374,0.37933955736939073,0.41412974637853095,0.45409392772312607,0.40762427255979583,0.3038726811787489,0.41651655791492737,0.2866060880711718,0.308555195188961,0.3061114138920673,0.25734519913478404,0.39432029866017604,0.0,0.40284475481423265,0.5493984023520115,0.25297255873960944,0.3320967730312513,0.41970271919647506,0.1808987707207491,0.41713586153961146,0.2583938860431808,0.4813257430268164,0.42415091954890083,0.2945228556827596,0.295835945069882,0.28548469370907037,0.46430568361379276,0.47398452490155607,0.2850311730592855,0.30351133119320195
0.2608457174798203,0.23492769075629705,1.0,0.21053513733035356,0.18770358926865227,0.20714026762693483,0.21671128981124055,0.21194137382996603,0.24389413555430584,0.21393643096213455,0.2336475595600298,0.2107899999068591,0.22501967250498267,0.21359313607705266,0.20360221055836814,0.2169491887577889,0.15081791852380466,0.22714420222679899,0.2072878086332125,0.22030577253636552,0.22136582931897553,0.2110771661043339,0.22726359449572897,0.18179367568410698,0.16668904775977245,0.13919708109524032,0.23042046852178777,0.2165301426351407,0.24582728004215504,0.25246988476248455,0.20222539454405786,0.21084905879127225,0.0,0.22144898899264365,0.20989877135033708,0.20363568070104343,0.20733543864398774,0.21963647699666666,0.14482244200838368,0.23182453702900718,0.20248115167218383,0.2224307683154082,0.2356270242439057,0.21928926664534243,0.21404612042735605,0.23215878912142585,0.2219491384177099,0.22566359403375524,0.22285205413450626,0.25286298687693054
0.28841004682734084,0.2786488470693671,0.21053513733035356,1.0,0.29363558475770135,0.2713686432149096,0.25897343235756587,0.5133429319270584,0.2943252978469725,0.5403643936696207,0.27131440689517605,0.5187772987649719,0.2940367886559835,0.5590917692694278,0.5757547332715915,0.2779593345903675,0.21173568390785258,0.26393178951635,0.23424339768933833,0.2592295163038151,0.2589219054088636,0.24009692496727453,0.2685937080149283,0.24782074871711213,0.22814784187938109,0.19527976220541232,0.2678503982099797,0.5323212625503616,0.3110450530153239,0.29318514571656384,0.5056656777951576,0.2942918738037875,0.0,0.2578564034775601,0.26257451883722605,0.3975740711849738,0.2565354554899735,0.26089103216187526,0.3156447003144295,0.2623243712075979,0.5341186273816279,0.2671545335870865,0.26867370426791837,0.52829831129875,0.522404601376309,0.29885670863095715,0.26001883940491854,0.2632817782893738,0.45502652458750315,0.31449511068512503
0.2791647744546407,0.3521706576566599,0.18770358926865227,0.29363558475770135,1.0,0.3688851220138102,0.29869877919150534,0.27324578717234294,0.299121849864459,0.2948077278082095,0.4510014178288292,0.2636423311327455,0.46151367688999423,0.2532125060369993,0.29982695097448797,0.3465924389049946,0.33424059013411334,0.3774905351392901,0.3388380694075539,0.29997658774145053,0.3852724480614671,0.3517717431495868,0.3883535465157393,0.37131858354849645,0.33249694057232126,0.31483564854086576,0.39082341110548713,0.24656584595149422,0.2769089907511936,0.29320188217879894,0.2516417090193813,0.4567097985455102,0.0,0.40049633179443966,0.3674297386204549,0.2192757284129162,0.3102968372111876,0.4044781950130145,0.23703799429350147,0.39438377040337447,0.28669574747030013,0.3695421310665655,0.4072127524977692,0.24877262320889615,0.25344808518986117,0.25005958301170583,0.3683025405175414,0.3749948289844408,0.23961195647851963,0.2734737034077638
0.3037599700941086,0.5225985003640905,0.20714026762693483,0.2713686432149096,0.3688851220138102,1.0,0.3437438324526093,0.28117857721477757,0.2856601229296295,0.27066556602043257,0.40426106797902905,0.27463995813560693,0.396384212577521,0.26139644964677766,0.26080824440862316,0.3455302473889921,0.3381323773396123,0.4003909989240362,0.3690442360032752,0.3383535862896998,0.37558261694432415,0.4135784155106802,0.39588974531800647,0.47756423103834633,0.42219475480364776,0.31813962254901607,0.38394976627601896,0.2691760528583982,0.2977043353602854,0.28903494251551654,0.24232461698411012,0.3926741741811133,0.0,0.40287399248777567,0.5333752870386572,0.24996807089754658,0.32635173891053326,0.4085887145183644,0.21032329470711242,0.39560353474353593,0.2521170857807733,0.4514316768719523,0.3986668778723309,0.2733948636951302,0.27360495088562775,0.27508983364089257,0.45251974116727733,0.45810878254274623,0.26094986098744066,0.30185212931354255
0.3029381650357522,0.3486642503034111,0.21671128981124055,0.25897343235756587,0.29869877919150534,0.3437438324526093,1.0,0.2590781299212148,0.29231289917558634,0.25862812021143144,0.35915559301566224,0.2574161575537123,0.35044168550754196,0.2554267028880409,0.25221387491707414,0.7373189649907925,0.2336583684048723,0.3830007102011529,0.35207288948630344,0.8573883929761315,0.380941676560521,0.3571867613178763,0.38806172453408105,0.29056545459143257,0.25913712108728226,0.2210181914516942,0.35585995343827526,0.25653974928881806,0.28946410678340284,0.29733354050094374,0.24022108606440418,0.3335367424825446,0.0,0.3505764772666595,0.34952692143507913,0.25959941531952757,0.7681272905998028,0.33333302724432723,0.178120583631728,0.35307561567615464,0.24046233946066442,0.3501212299877168,0.3591814748911384,0.26070956801002376,0.2627292059511238,0.27134682836765,0.33756215289520564,0.34403398735212587,0.2559644554731332,0.2944384257991849
0.2925290337153853,0.283909018778164,0.21194137382996603,0.5133429319270584,0.27324578717234294,0.28117857721477757,0.2590781299212148,1.0,0.2827198332057307,0.5079876444667533,0.27304261619885706,0.5008201988343335,0.28491364379889705,0.49639519800001675,0.4947471329059303,0.27207829148827345,0.21835483204666173,0.26778163343996986,0.24340723713500478,0.2607575375075254,0.26173968677475434,0.24887027773454362,0.2708058600789751,0.2591651783394854,0.23839599466707917,0.19777505029904474,0.2709915769187007,0.6957787466454821,0.3150165768405181,0.2868459792564866,0.47426231049904943,0.28277390014422954,0.0,0.26560542861938874,0.26786333779096916,0.38850382849806686,0.2513095886761265,0.2821096934883851,0.3125142201867539,0.2719116783280243,0.49026291433210567,0.2718989055395331,0.2731608572774211,0.6983566622464132,0.6748103108544052,0.29948413361817916,0.26293443540518335,0.2666353938619386,0.445177437935511,0.3138330621070261
0.39267379517665735,0.2954353651285251,0.24389413555430584,0.2943252978469725,0.299121849864459,0.2856601229296295,0.29231289917558634,0.2827198332057307,1.0,0.3006102012566615,0.31144061824960834,0.27430253560061413,0.3245805599911651,0.28115504596084695,0.2928459775671095,0.306614003594991,0.2104373384419861,0.2986713405134237,0.2671105145624618,0.29536829999943404,0.2939997394810312,0.2785321031008162,0.30439657631190653,0.261117208101283,0.22972403771450156,0.19537223221985822,0.30777489098653354,0.27079157715988744,0.3359140017109433,0.4097361717188558,0.268056026352152,0.309488178342885,0.0,0.29294508242618444,0.2879652838629181,0.25941016643664194,0.28615517953624836,0.2892623276990445,0.1816811546580499,0.3055547995838326,0.27797182241728347,0.3009409339998558,0.3132395750427187,0.2721210938331253,0.26982058383872354,0.30658517321910006,0.2800002439590217,0.2864328473403662,0.26620930731330006,0.34063409180109483
0.29910484186731934,0.28482305339038705,0.21393643096213455,0.5403643936696207,0.2948077278082095,0.27066556602043257,0.25862812021143144,0.5079876444667533,0.3006102012566615,1.0,0.28227634403029267,0.4969998969128039,0.3022741756376641,0.5139508203486755,0.5241896220481365,0.28111465767615684,0.19628576159175637,0.26822575590511244,0.23997048911807006,0.2601943444961171,0.26179801336519837,0.24669901706814334,0.2665110407926333,0.23718333672651326,0.21599417783870234,0.1847925939334495,0.27356038611179545,0.5066133748867317,0.31996108783526656,0.2963306072559665,0.5195802891333354,0.28655649178247466,0.0,0.26002733889523,0.2590289655154846,0.40350189766607314,0.25691108672259666,0.26723576436651064,0.3083041144295431,0.26828579333487756,0.5382661746891612,0.26869708755451205,0.272287060559641,0.507071051294271,0.510471139081234,0.2989693841391001,0.2604722928682839,0.26540134143789174,0.4688726283002783,0.3138236668802524
0.32678966707891755,0.42308215776177094,0.2336475595600298,0.27131440689517605,0.4510014178288292,0.40426106797902905,0.35915559301566224,0.27304261619885706,0.31144061824960834,0.28227634403029267,1.0,0.2752566257898532,0.5215169648955822,0.2778862911559662,0.2643039401573941,0.3593199908390494,0.2733072254913861,0.4882046751895214,0.4523820417726918,0.3631818086701585,0.48765647527468725,0.48092351499082997,0.49867429597643065,0.34728618839992487,0.3029442174222421,0.26243800959547636,0.5046259259215269,0.27886698879806904,0.3053634273301873,0.31615610466614175,0.2583802178904052,0.45158192809413866,0.0,0.4754705496852226,0.4105041339231629,0.2655323858364419,0.3397337138387292,0.4773878023478709,0.18501158382841942,0.5172820307077692,0.2578234765394767,0.4486726279879477,0.5097771188669444,0.2795729427579814,0.27916216848271225,0.2912231576062533,0.42463945574340034,0.4329283335942181,0.2773129280380765,0.31549330481413174
0.3013209811896528,0.2907354806344984,0.2107899999068591,0.5187772987649719,0.2636423311327455,0.27463995813560693,0.2574161575537123,0.5008201988343335,0.27430253560061413,0.4969998969128039,0.2752566257898532,1.0,0.2726368624120854,0.506192632009724,0.6168291396177844,0.2703457463623167,0.24418184155703693,0.25840560697376236,0.23714359311498634,0.2593097530652422,0.25889365016916865,0.24593234505419626,0.2640584047225406,0.272089042407464,0.25899738880454926,0.2205682293288358,0.26274665199079705,0.5052912946358599,0.3147866293597905,0.2865715764392074,0.4510621105775612,0.2803756599468642,0.0,0.26308467120758694,0.26779616287832286,0.3865667697995727,0.2526508356755338,0.27819866657919756,0.3574153751575758,0.27055600363786325,0.4739169860644372,0.2599987427800624,0.26692405400574126,0.5123574663534319,0.5098901327087995,0.30425697786814954,0.27588125648255224,0.2728675619455413,0.4389251419632527,0.31267959020641056
0.31684220296180354,0.4116763576930276,0.22501967250498267,0.2940367886559835,0.46151367688999423,0.396384212577521,0.35044168550754196,0.28491364379889705,0.3245805599911651,0.3022741756376641,0.5215169648955822,0.2726368624120854,1.0,0.2737427664914157,0.2947058479008904,0.3782424109375435,0.28765155115728025,0.4936876569761861,0.4843011091014725,0.3544854212845622,0.5044232931373268,0.5233801770306041,0.5485322400056213,0.35401424339167786,0.30543189502393875,0.2692504934415265,0.5323832330711686,0.2713305429188494,0.29724168062857825,0.32939829266369614,0.26352159309612755,0.5149777070041538,0.0,0.5198408800151566,0.406980841827978,0.2498868638280194,0.35072707082406585,0.48608879509084457,0.17960958303602526,0.524334307231435,0.28128796608470974,0.4278701409988609,0.5287146997144188,0.26932916991516176,0.2683940958780562,0.27825307928347975,0.4120981885344901,0.42017973276641585,0.2667386675525787,0.30391172082004037
0.2824774286874938,0.27404740733806365,0.21359313607705266,0.5590917692694278,0.2532125060369993,0.26139644964677766,0.2554267028880409,0.49639519800001675,0.28115504596084695,0.5139508203486755,0.2778862911559662,0.506192632009724,0.2737427664914157,1.0,0.5469850337602915,0.2632065222894613,0.18509916188476994,0.2651618550130036,0.23796621555427167,0.2593902284135655,0.2577288577757736,0.24572663159203745,0.2687130159616057,0.21985707409107702,0.2007915530915474,0.1705193089821948,0.27017144375039404,0.5264785440939099,0.3167282881012031,0.2836169432271305,0.5001235326560539,0.26644775169543744,0.0,0.2569519027914594,0.25319961873868335,0.39633037658256,0.24761851140727265,0.26211096806100853,0.3015741423083247,0.2647943530734801,0.5073066336924473,0.26346430730836656,0.26734273840241674,0.5238787476429048,0.5151992850852939,0.30274786134011,0.25410374730718,0.2594300694902274,0.46359085864279936,0.3170014132341
0.2731596738515487,0.26642419459084354,0.20360221055836814,0.5757547332715915,0.29982695097448797,0.26080824440862316,0.25221387491707414,0.4947471329059303,0.2928459775671095,0.5241896220481365,0.2643039401573941,0.6168291396177844,0.2947058479008904,0.5469850337602915,1.0,0.27790829977509945,0.19684973114055926,0.2556442258170537,0.22531188957044335,0.2542985421141545,0.25202884368720657,0.23240574963437277,0.26032044858111014,0.23324143225883376,0.21147516553585055,0.1860016698717143,0.2610779930428304,0.5015627711490248,0.30717470793346824,0.28823211327982434,0.4924937816828412,0.2834933793350817,0.0,0.24967984435364166,0.255949693528014,0.38538726918159527,0.254069550873363,0.25290864237407173,0.3039300124258183,0.25583115219346764,0.5219827363394278,0.25694727365082703,0.26415328377907243,0.49777736940620354,0.49361865197555577,0.2983212453487474,0.2552839902956896,0.26205615099223356,0.4420124408572188,0.31741318475439373
0.3074962981524343,0.34956422926449726,0.2169491887577889,0.2779593345903675,0.3465924389049946,0.3455302473889921,0.7373189649907925,0.27207829148827345,0.306614003594991,0.28111465767615684,0.3593199908390494,0.2703457463623167,0.3782424109375435,0.2632065222894613,0.27790829977509945,1.0,0.24749702268519247,0.370325438708597,0.3452961838213333,0.758042183704183,0.3660430261809152,0.34668122514847444,0.3752894019737052,0.3040646007249844,0.27172377384056945,0.2422835559510942,0.35012711821066367,0.261897912941391,0.28837693557350597,0.3137306543345626,0.25023648414522504,0.35267476077549376,0.0,0.34660915496424527,0.34392525563185894,0.26018184564601476,0.7377170666144275,0.336511900725157,0.18104367651337383,0.34863123008953967,0.2641140449827585,0.3518562860758222,0.3583062717765174,0.26058469868793566,0.26346391647408074,0.26895410094390226,0.34154118912883713,0.34888762388493866,0.26023760869811563,0.29158596155274885
0.2541511472802991,0.3246857908595038,0.15081791852380466,0.21173568390785258,0.33424059013411334,0.3381323773396123,0.2336583684048723,0.21835483204666173,0.2104373384419861,0.19628576159175637,0.2733072254913861,0.24418184155703693,0.28765155115728025,0.18509916188476994,0.19684973114055926,0.24749702268519247,1.0,0.26902489082088965,0.24114505923390184,0.2356186140435116,0.26611238433132967,0.25519263253880375,0.276237105883511,0.5788243675241076,0.5986466301597975,0.5036418899478583,0.26862020859965696,0.2033020904993521,0.2269932874656443,0.21823667976849181,0.17615925982194724,0.398284622601796,0.0,0.32004372405829706,0.3841686273197389,0.17484192516029085,0.23256953875398156,0.3313395537298668,0.3287147841861563,0.3087878930949336,0.18398976632383857,0.30547824209398755,0.277610723634906,0.22340344880206386,0.21495167516655722,0.2139121863033694,0.38610610821110547,0.3588302990036645,0.18023975293024674,0.21871530918307547
0.3108508655868496,0.4113580468741689,0.22714420222679899,0.26393178951635,0.3774905351392901,0.4003909989240362,0.3830007102011529,0.26778163343996986,0.2986713405134237,0.26822575590511244,0.4882046751895214,0.25840560697376236,0.4936876569761861,0.2651618550130036,0.2556442258170537,0.370325438708597,0.26902489082088965,1.0,0.4902906000291837,0.3853520034191279,0.5148762573270755,0.49435308978819237,0.5295189131915303,0.33598789830938824,0.29370423487780284,0.2520492566538204,0.5008022148987481,0.26748106525445436,0.2905607514831222,0.3045820211787251,0.24982002573099127,0.4487588357863129,0.0,0.47712640332772704,0.40513415263459973,0.26680541148265424,0.3657996649988795,0.4515533159429972,0.18441901013516615,0.4924314975575417,0.24784442716091537,0.4295305523647971,0.49219882262407055,0.2685508076578762,0.2679643920462639,0.27426533123847885,0.41298762862636695,0.42095223512675506,0.26077890709270957,0.29991527209699076
0.2869207772153407,0.36905298553181365,0.2072878086332125,0.23424339768933833,0.3388380694075539,0.3690442360032752,0.35207288948630344,0.24340723713500478,0.2671105145624618,0.23997048911807006,0.4523820417726918,0.23714359311498634,0.4843011091014725,0.23796621555427167,0.22531188957044335,0.3452961838213333,0.24114505923390184,0.4902906000291837,1.0,0.35026477646241805,0.46988407885463324,0.5064992020655993,0.473176764906971,0.3033171862092754,0.2695519180462951,0.230272313920603,0.4520070928255808,0.24345907532306343,0.26452453436117873,0.2766036392814214,0.22126652644667666,0.4276142573535422,0.0,0.4310979046345812,0.3687230731079284,0.2420650770210656,0.3415454093601247,0.41043969045480433,0.16746441194982142,0.44591327143685444,0.219346474288739,0.38323719267099754,0.44235894089591477,0.24766719931079384,0.24713519532580286,0.25647691058348565,0.36700776704440985,0.37538185421934056,0.23753705981666784,0.2763714605685773
0.3037892786905311,0.3530476104790494,0.22030577253636552,0.2592295163038151,0.29997658774145053,0.3383535862896998,0.8573883929761315,0.2607575375075254,0.29536829999943404,0.2601943444961171,0.3631818086701585,0.2593097530652422,0.3544854212845622,0.2593902284135655,0.2542985421141545,0.758042183704183,0.2356186140435116,0.3853520034191279,0.35026477646241805,1.0,0.3824334065591274,0.354523858826403,0.38912617110379766,0.28807752319951163,0.26240045487648656,0.22235308971287737,0.36050138869810555,0.2592574256557386,0.2915822831811372,0.30095343401955443,0.24379364951782845,0.3357081759199716,0.0,0.3515068924531167,0.34994877030637705,0.26180768292699996,0.7829312113071117,0.3376379526346941,0.17786398547691684,0.35924723101573786,0.24273315203323687,0.3544193794521022,0.3642048670033906,0.26183094210850555,0.2621776392542108,0.2751507313392897,0.3425898835171124,0.34918259552588515,0.2590086080285907,0.29771939398290526
0.3053285934762763,0.40317382290411374,0.22136582931897553,0.2589219054088636,0.3852724480614671,0.37558261694432415,0.380941676560521,0.26173968677475434,0.2939997394810312,0.26179801336519837,0.48765647527468725,0.25889365016916865,0.5044232931373268,0.2577288577757736,0.25202884368720657,0.3660430261809152,0.26611238433132967,0.5148762573270755,0.46988407885463324,0.3824334065591274,1.0,0.4910500507784662,0.5378239156395873,0.3252107738009061,0.2874668574739637,0.25095381362750524,0.5134388567191512,0.2644613596294244,0.28180546837953935,0.3031357116133626,0.2436810582122788,0.45974541220973697,0.0,0.4944079385344029,0.39764041328420896,0.25980236702014203,0.3634249380786386,0.46947945761335685,0.18141677520315413,0.505202818833708,0.2451844829321015,0.4067960494407943,0.5085450297779264,0.2651293846620387,0.2653261601111384,0.279789916153652,0.410865043003962,0.41862191112519,0.25888110613904125,0.29664537981917916
0.2941067523467882,0.37933955736939073,0.2110771661043339,0.24009692496727453,0.3517717431495868,0.4135784155106802,0.3571867613178763,0.24887027773454362,0.2785321031008162,0.24669901706814334,0.48092351499082997,0.24593234505419626,0.5233801770306041,0.24572663159203745,0.23240574963437277,0.34668122514847444,0.25519263253880375,0.49435308978819237,0.5064992020655993,0.354523858826403,0.4910500507784662,1.0,0.674210903252942,0.322923685427993,0.2775315190406098,0.23892836901778314,0.4900120028421566,0.2515366196636313,0.2741462240794641,0.28393136858296586,0.2295164595785878,0.4464892398201582,0.0,0.5868365109595259,0.37739332933561387,0.24349164136315748,0.340023006831357,0.4526242457403,0.1676820491830463,0.4859229105223619,0.225817246645587,0.3947291169250088,0.487565958911615,0.25336174064870276,0.25245255828416346,0.2623387556981922,0.38041367636837586,0.38781661531660117,0.24436676691524406,0.28839118750683024
0.31570458155390746,0.41412974637853095,0.22726359449572897,0.2685937080149283,0.3883535465157393,0.39588974531800647,0.38806172453408105,0.2708058600789751,0.30439657631190653,0.2665110407926333,0.49867429597643065,0.2640584047225406,0.5485322400056213,0.2687130159616057,0.26032044858111014,0.3752894019737052,0.276237105883511,0.5295189131915303,0.473176764906971,0.38912617110379766,0.5378239156395873,0.674210903252942,1.0,0.33238924917629376,0.2992271190860972,0.2570249279047837,0.5297551776920588,0.27181109219496313,0.2972344273324762,0.30557008502286265,0.2541961094376658,0.4802640923923549,0.0,0.6333604660656389,0.4078655183999166,0.2636615882592628,0.36812925526508367,0.4857029141587499,0.18794460277776137,0.5206652821722697,0.25281981108499896,0.4238348594212785,0.524373351322286,0.2738050844531712,0.27231309869372555,0.2793434022903797,0.4064331304410742,0.4148227288156372,0.26421388200888596,0.30611645849432456
0.29566263780693136,0.45409392772312607,0.18179367568410698,0.24782074871711213,0.37131858354849645,0.47756423103834633,0.29056545459143257,0.2591651783394854,0.261117208101283,0.23718333672651326,0.34728618839992487,0.272089042407464,0.35401424339167786,0.21985707409107702,0.23324143225883376,0.3040646007249844,0.5788243675241076,0.33598789830938824,0.3033171862092754,0.28807752319951163,0.3252107738009061,0.322923685427993,0.33238924917629376,1.0,0.600632310687185,0.454684501174212,0.3354371566062814,0.23524741703956142,0.26916461503867506,0.26181388456053944,0.2109619292563989,0.4194004563901813,0.0,0.3620898586570892,0.4986314666327425,0.21226546071638408,0.28477190223562665,0.3762187644900816,0.2856547778200603,0.3596740967244234,0.22183179199064307,0.3867685375443911,0.3370683317733152,0.25058381422452836,0.24989158072213957,0.24755787475558344,0.4320221380534598,0.41563933349280113,0.2159728395410857,0.2596236156795474
0.27220024694496103,0.40762427255979583,0.16668904775977245,0.22814784187938109,0.33249694057232126,0.42219475480364776,0.25913712108728226,0.23839599466707917,0.22972403771450156,0.21599417783870234,0.3029442174222421,0.25899738880454926,0.30543189502393875,0.2007915530915474,0.21147516553585055,0.27172377384056945,0.5986466301597975,0.29370423487780284,0.2695519180462951,0.26240045487648656,0.2874668574739637,0.2775315190406098,0.2992271190860972,0.600632310687185,1.0,0.5066351029345164,0.2908206892482057,0.2187975278539388,0.22934623777463736,0.23243471873785104,0.19593686231643204,0.40536501338816766,0.0,0.3210050986265137,0.46201293369580465,0.1886236030951126,0.2585673397564626,0.3585012952117951,0.3330720166023311,0.33287840385787815,0.19910743645880713,0.34498740435159125,0.3019672163640622,0.2517921468319345,0.23635137886634006,0.23330774489950135,0.4119065466380538,0.3871444268212877,0.20724989122477466,0.23244040572769575
0.23030101491204547,0.3038726811787489,0.13919708109524032,0.19527976220541232,0.31483564854086576,0.31813962254901607,0.2210181914516942,0.19777505029904474,0.19537223221985822,0.1847925939334495,0.26243800959547636,0.2205682293288358,0.2692504934415265,0.1705193089821948,0.1860016698717143,0.2422835559510942,0.5036418899478583,0.2520492566538204,0.230272313920603,0.22235308971287737,0.25095381362750524,0.23892836901778314,0.2570249279047837,0.454684501174212,0.5066351029345164,1.0,0.25221736385489524,0.1876445181444133,0.2059989641752964,0.19976894094407238,0.16840319439329388,0.3470077433548352,0.0,0.2990279624761222,0.38039448301191114,0.1614611339708666,0.22213817437537509,0.33327134761185306,0.34807052921903525,0.3012209685343,0.1724577169899838,0.2913702138274963,0.25757019796472624,0.20942531420074273,0.19756392278581525,0.19296230921182111,0.3824362066908946,0.34846362949031884,0.17202546445153766,0.20537019291814218
0.313705989421319,0.41651655791492737,0.23042046852178777,0.2678503982099797,0.39082341110548713,0.38394976627601896,0.35585995343827526,0.2709915769187007,0.30777489098653354,0.27356038611179545,0.5046259259215269,0.26274665199079705,0.5323832330711686,0.27017144375039404,0.2610779930428304,0.35012711821066367,0.26862020859965696,0.5008022148987481,0.4520070928255808,0.36050138869810555,0.5134388567191512,0.4900120028421566,0.5297551776920588,0.3354371566062814,0.2908206892482057,0.25221736385489524,1.0,0.2693377608674782,0.30060391699739764,0.3118626235587888,0.25502153193693755,0.47175063984117516,0.0,0.49942840968055346,0.40225961708243685,0.25615798082479047,0.3375655435114525,0.5620732344426397,0.1776405422665348,0.536191805284383,0.2551035842235492,0.42648054970946403,0.6233076797508816,0.27321409441548195,0.2676383419370836,0.28645643964979295,0.4093680489605779,0.41709491364434714,0.267490378210578,0.3075322550804318
0.2905963129834026,0.2866060880711718,0.2165301426351407,0.5323212625503616,0.24656584595149422,0.2691760528583982,0.25653974928881806,0.6957787466454821,0.27079157715988744,0.5066133748867317,0.27886698879806904,0.5052912946358599,0.2713305429188494,0.5264785440939099,0.5015627711490248,0.261897912941391,0.2033020904993521,0.26748106525445436,0.24345907532306343,0.2592574256557386,0.2644613596294244,0.2515366196636313,0.27181109219496313,0.23524741703956142,0.2187975278539388,0.1876445181444133,0.2693377608674782,1.0,0.3167208793219709,0.28144558996448144,0.48196591562116964,0.27287889754134154,0.0,0.2628178524797391,0.26401810823575633,0.3955742199891339,0.24607984819368756,0.2786011322957751,0.3187422773750599,0.2727016923637653,0.48902145239139083,0.26880679559767673,0.2695312029193182,0.8059118949751829,0.7671426935390002,0.2996780199547803,0.26714834222978656,0.26860486143510176,0.46501752809626773,0.3104126624274104
0.34148019406841157,0.308555195188961,0.24582728004215504,0.3110450530153239,0.2769089907511936,0.2977043353602854,0.28946410678340284,0.3150165768405181,0.3359140017109433,0.31996108783526656,0.3053634273301873,0.3147866293597905,0.29724168062857825,0.3167282881012031,0.30717470793346824,0.28837693557350597,0.2269932874656443,0.2905607514831222,0.26452453436117873,0.2915822831811372,0.28180546837953935,0.2741462240794641,0.2972344273324762,0.26916461503867506,0.22934623777463736,0.2059989641752964,0.30060391699739764,0.3167208793219709,1.0,0.33203246751384163,0.29626896430317895,0.28930344011286235,0.0,0.29509437827411866,0.2921723542889366,0.2878249501511415,0.2756602598012875,0.2949385620353162,0.20818078150845098,0.29762225355632066,0.29342903935758846,0.2914257341982941,0.3012189383677045,0.3161065809240976,0.3148039087399397,0.3891752356152881,0.28232892151432365,0.2853033190125168,0.3070841245250634,0.6094265976559858
0.3917963982255571,0.3061114138920673,0.25246988476248455,0.29318514571656384,0.29320188217879894,0.28903494251551654,0.29733354050094374,0.2868459792564866,0.4097361717188558,0.2963306072559665,0.31615610466614175,0.2865715764392074,0.32939829266369614,0.2836169432271305,0.28823211327982434,0.3137306543345626,0.21823667976849181,0.3045820211787251,0.2766036392814214,0.30095343401955443,0.3031357116133626,0.28393136858296586,0.30557008502286265,0.26181388456053944,0.23243471873785104,0.19976894094407238,0.3118626235587888,0.28144558996448144,0.33203246751384163,1.0,0.26915013985660896,0.30003284593633195,0.0,0.2983779482334121,0.2932437776677813,0.262346015217113,0.2942669384513009,0.2997557751495715,0.186147631291125,0.3184252916387501,0.27825854234228387,0.3041594899623594,0.3175576645096889,0.28100652440566254,0.2773365426286116,0.3208658561007126,0.2996841166457581,0.30417968580801846,0.2757047914648375,0.3425625716065389
0.2587559093728996,0.25734519913478404,0.20222539454405786,0.5056656777951576,0.2516417090193813,0.24232461698411012,0.24022108606440418,0.47426231049904943,0.268056026352152,0.5195802891333354,0.2583802178904052,0.4510621105775612,0.26352159309612755,0.5001235326560539,0.4924937816828412,0.25023648414522504,0.17615925982194724,0.24982002573099127,0.22126652644667666,0.24379364951782845,0.2436810582122788,0.2295164595785878,0.2541961094376658,0.2109619292563989,0.19593686231643204,0.16840319439329388,0.25502153193693755,0.48196591562116964,0.29626896430317895,0.26915013985660896,1.0,0.25579063164802907,0.0,0.2444298185833762,0.24086773976426457,0.3790018772312559,0.23627915493413565,0.24436914725176206,0.28231171420917545,0.2515915657151381,0.6375009010028212,0.25046700633615115,0.2523710252002097,0.4831755786617672,0.47616951576942934,0.28127853445131135,0.24173309304900215,0.2457950181222277,0.43126787886556694,0.2929405620645472
0.3070680058800488,0.39432029866017604,0.21084905879127225,0.2942918738037875,0.4567097985455102,0.3926741741811133,0.3335367424825446,0.28277390014422954,0.309488178342885,0.28655649178247466,0.45158192809413866,0.2803756599468642,0.5149777070041538,0.26644775169543744,0.2834933793350817,0.35267476077549376,0.398284622601796,0.4487588357863129,0.4276142573535422,0.3357081759199716,0.45974541220973697,0.4464892398201582,0.4802640923923549,0.4194004563901813,0.40536501338816766,0.3470077433548352,0.47175063984117516,0.27287889754134154,0.28930344011286235,0.30003284593633195,0.25579063164802907,1.0,0.0,0.46553728912190273,0.4037612827182032,0.2384252019547478,0.3352175099087028,0.48267628396818196,0.2325742827497067,0.48839162037927675,0.26805795663761633,0.4030558701428508,0.484768568730214,0.2740745582015318,0.27388773853715875,0.26790888086234577,0.4165820198249993,0.41454870626770157,0.2490186043828846,0.28809571024833347
0.0,0.0,0.0,0.0,0.0,0.0,0.0,0.0,0.0,0.0,0.0,0.0,0.0,0.0,0.0,0.0,0.0,0.0,0.0,0.0,0.0,0.0,0.0,0.0,0.0,0.0,0.0,0.0,0.0,0.0,0.0,0.0,1.0,0.0,0.0,0.0,0.0,0.0,0.0,0.0,0.0,0.0,0.0,0.0,0.0,0.0,0.0,0.0,0.0,0.0
0.31034338189793254,0.40284475481423265,0.22144898899264365,0.2578564034775601,0.40049633179443966,0.40287399248777567,0.3505764772666595,0.26560542861938874,0.29294508242618444,0.26002733889523,0.4754705496852226,0.26308467120758694,0.5198408800151566,0.2569519027914594,0.24967984435364166,0.34660915496424527,0.32004372405829706,0.47712640332772704,0.4310979046345812,0.3515068924531167,0.4944079385344029,0.5868365109595259,0.6333604660656389,0.3620898586570892,0.3210050986265137,0.2990279624761222,0.49942840968055346,0.2628178524797391,0.29509437827411866,0.2983779482334121,0.2444298185833762,0.46553728912190273,0.0,1.0,0.4177531549714115,0.2599654960878005,0.3323088264059315,0.4826409760436364,0.21396089036509924,0.5012661188724288,0.24199463855219727,0.41151667296836814,0.5049784679464311,0.26525496289305717,0.2655876756373915,0.2766620937022848,0.4064741870349817,0.40873985436883986,0.25261492073231406,0.3044459687136618
0.30902527456214524,0.5493984023520115,0.20989877135033708,0.26257451883722605,0.3674297386204549,0.5333752870386572,0.34952692143507913,0.26786333779096916,0.2879652838629181,0.2590289655154846,0.4105041339231629,0.26779616287832286,0.406980841827978,0.25319961873868335,0.255949693528014,0.34392525563185894,0.3841686273197389,0.40513415263459973,0.3687230731079284,0.34994877030637705,0.39764041328420896,0.37739332933561387,0.4078655183999166,0.4986314666327425,0.46201293369580465,0.38039448301191114,0.40225961708243685,0.26401810823575633,0.2921723542889366,0.2932437776677813,0.24086773976426457,0.4037612827182032,0.0,0.4177531549714115,1.0,0.24544773778524942,0.3288296794579304,0.4077303050484582,0.2369943894812766,0.41937123958502665,0.24311263577361286,0.47180441479000157,0.4115281916894763,0.26704069542608666,0.2664920447005341,0.273729921016055,0.4740637554432493,0.46895230402688926,0.2547791663687,0.29393703018916806
0.26518813819780995,0.25297255873960944,0.20363568070104343,0.3975740711849738,0.2192757284129162,0.24996807089754658,0.25959941531952757,0.38850382849806686,0.25941016643664194,0.40350189766607314,0.2655323858364419,0.3865667697995727,0.2498868638280194,0.39633037658256,0.38538726918159527,0.26018184564601476,0.17484192516029085,0.26680541148265424,0.2420650770210656,0.26180768292699996,0.25980236702014203,0.24349164136315748,0.2636615882592628,0.21226546071638408,0.1886236030951126,0.1614611339708666,0.25615798082479047,0.3955742199891339,0.2878249501511415,0.262346015217113,0.3790018772312559,0.2384252019547478,0.0,0.2599654960878005,0.24544773778524942,1.0,0.24933884291249953,0.24438292183162558,0.2758948645620226,0.25524432625055404,0.3776224363079729,0.25046532428083523,0.25450319026634216,0.39861524556296657,0.3980381601312746,0.2766733632129429,0.23859307868207502,0.2432104692127901,0.4040213860106129,0.29268898114548614
0.28905199548336713,0.3320967730312513,0.20733543864398774,0.2565354554899735,0.3102968372111876,0.32635173891053326,0.7681272905998028,0.2513095886761265,0.28615517953624836,0.25691108672259666,0.3397337138387292,0.2526508356755338,0.35072707082406585,0.24761851140727265,0.254069550873363,0.7377170666144275,0.23256953875398156,0.3657996649988795,0.3415454093601247,0.7829312113071117,0.3634249380786386,0.340023006831357,0.36812925526508367,0.28477190223562665,0.2585673397564626,0.22213817437537509,0.3375655435114525,0.24607984819368756,0.2756602598012875,0.2942669384513009,0.23627915493413565,0.3352175099087028,0.0,0.3323088264059315,0.3288296794579304,0.24933884291249953,1.0,0.3179236540098199,0.16914984665524957,0.33340521807657775,0.24004854904685613,0.33388227551823235,0.34187256867037474,0.24775696752334253,0.24934698088715845,0.2561803063075443,0.32419543636870696,0.33034158713622086,0.2421095308558413,0.27943212247593496
0.32662533729542254,0.41970271919647506,0.21963647699666666,0.26089103216187526,0.4044781950130145,0.4085887145183644,0.33333302724432723,0.2821096934883851,0.2892623276990445,0.26723576436651064,0.4773878023478709,0.27819866657919756,0.48608879509084457,0.26211096806100853,0.25290864237407173,0.336511900725157,0.3313395537298668,0.4515533159429972,0.41043969045480433,0.3376379526346941,0.46947945761335685,0.4526242457403,0.4857029141587499,0.3762187644900816,0.3585012952117951,0.33327134761185306,0.5620732344426397,0.2786011322957751,0.2949385620353162,0.2997557751495715,0.24436914725176206,0.48267628396818196,0.0,0.4826409760436364,0.4077303050484582,0.24438292183162558,0.3179236540098199,1.0,0.2631075506037952,0.5217694579741723,0.2484618230842789,0.40607513967146336,0.6018543057476904,0.2843377892506195,0.2725868816830572,0.2824467989675705,0.44052746938708565,0.43021755382595783,0.26574575196172434,0.30085119711690755
0.22880703490297927,0.1808987707207491,0.14482244200838368,0.3156447003144295,0.23703799429350147,0.21032329470711242,0.178120583631728,0.3125142201867539,0.1816811546580499,0.3083041144295431,0.18501158382841942,0.3574153751575758,0.17960958303602526,0.3015741423083247,0.3039300124258183,0.18104367651337383,0.3287147841861563,0.18441901013516615,0.16746441194982142,0.17786398547691684,0.18141677520315413,0.1676820491830463,0.18794460277776137,0.2856547778200603,0.3330720166023311,0.34807052921903525,0.1776405422665348,0.3187422773750599,0.20818078150845098,0.186147631291125,0.28231171420917545,0.2325742827497067,0.0,0.21396089036509924,0.2369943894812766,0.2758948645620226,0.16914984665524957,0.2631075506037952,1.0,0.2317605205072324,0.2890781499731021,0.1791461787190839,0.18349297503891593,0.33352225720918427,0.3244621009493701,0.2148106601713845,0.2642003866471214,0.22022642781736834,0.28952812585453824,0.21383634105583715
0.32180450122600657,0.41713586153961146,0.23182453702900718,0.2623243712075979,0.39438377040337447,0.39560353474353593,0.35307561567615464,0.2719116783280243,0.3055547995838326,0.26828579333487756,0.5172820307077692,0.27055600363786325,0.524334307231435,0.2647943530734801,0.25583115219346764,0.34863123008953967,0.3087878930949336,0.4924314975575417,0.44591327143685444,0.35924723101573786,0.505202818833708,0.4859229105223619,0.5206652821722697,0.3596740967244234,0.33287840385787815,0.3012209685343,0.536191805284383,0.2727016923637653,0.29762225355632066,0.3184252916387501,0.2515915657151381,0.48839162037927675,0.0,0.5012661188724288,0.41937123958502665,0.25524432625055404,0.33340521807657775,0.5217694579741723,0.2317605205072324,1.0,0.2488645130891185,0.4294841022309944,0.5392442590202983,0.27657900908578326,0.2713299777131227,0.2920896669774692,0.4495315432177822,0.44556841059908014,0.2651950591723683,0.31513672726895203
