../ecoli_genomes/GCF_000163235.1_ASM16323v1_genomic.fna.gz,../ecoli_genomes/GCF_000164555.1_ASM16455v1_genomic.fna.gz,../ecoli_genomes/GCF_000208545.1_ASM20854v2_genomic.fna.gz,../ecoli_genomes/GCF_000233875.1_ASM23387v1_genomic.fna.gz,../ecoli_genomes/GCF_000249735.1_ASM24973v2_genomic.fna.gz,../ecoli_genomes/GCF_000261145.1_Esch_coli_M919_V2_genomic.fna.gz,../ecoli_genomes/GCF_000267705.2_ASM26770v2_genomic.fna.gz,../ecoli_genomes/GCF_000350665.1_Esch_coli_KTE5_V1_genomic.fna.gz,../ecoli_genomes/GCF_000351625.1_Esch_coli_KTE66_V1_genomic.fna.gz,../ecoli_genomes/GCF_000352285.1_Esch_coli_KTE46_V1_genomic.fna.gz,../ecoli_genomes/GCF_000358895.1_ASM35889v1_genomic.fna.gz,../ecoli_genomes/GCF_000456385.1_Esch_coli_HVH_26_4-5703913_V1_genomic.fna.gz,../ecoli_genomes/GCF_000458195.1_Esch_coli_HVH_147_4-5893887_V1_genomic.fna.gz,../ecoli_genomes/GCF_000459755.1_Esch_coli_KOEGE_58_171a_V1_genomic.fna.gz,../ecoli_genomes/GCF_000460055.1_Esch_coli_UMEA_3053-1_V1_genomic.fna.gz,../ecoli_genomes/GCF_000462165.2_ASM46216v2_genomic.fna.gz,../ecoli_genomes/GCF_000601135.1_ASM60113v1_genomic.fna.gz,../ecoli_genomes/GCF_000614595.1_Ec2010EL1058_genomic.fna.gz,../ecoli_genomes/GCF_000617745.1_Ec2010C-4529_genomic.fna.gz,../ecoli_genomes/GCF_000618265.2_EcF6751_genomic.fna.gz,../ecoli_genomes/GCF_000619005.2_Ec2009C-4052_genomic.fna.gz,../ecoli_genomes/GCF_000619105.1_Ec2009C-4780_genomic.fna.gz,../ecoli_genomes/GCF_000619765.2_Ec2009C-3279_genomic.fna.gz,../ecoli_genomes/GCF_000687005.1_ASM68700v1_genomic.fna.gz,../ecoli_genomes/GCF_000687025.1_ASM68702v1_genomic.fna.gz,../ecoli_genomes/GCF_000700125.1_ASM70012v1_genomic.fna.gz,../ecoli_genomes/GCF_000753315.1_FHI35_genomic.fna.gz,../ecoli_genomes/GCF_000776375.1_ASM77637v1_genomic.fna.gz,../ecoli_genomes/GCF_000779395.1_ASM77939v1_genomic.fna.gz,../ecoli_genomes/GCF_000780315.1_ASM78031v1_genomic.fna.gz,../ecoli_genomes/GCF_000781995.1_ASM78199v1_genomic.fna.gz,../ecoli_genomes/GCF_000986765.1_ASM98676v1_genomic.fna.gz,../ecoli_genomes/GCF_001041375.1_ViralProj287958_genomic.fna.gz,../ecoli_genomes/GCF_001265335.1_302014_genomic.fna.gz,../ecoli_genomes/GCF_001265625.1_100854_genomic.fna.gz,../ecoli_genomes/GCF_001267345.1_303289_genomic.fna.gz,../ecoli_genomes/GCF_001309985.1_ASM130998v1_genomic.fna.gz,../ecoli_genomes/GCF_001521695.1_ASM152169v1_genomic.fna.gz,../ecoli_genomes/GCF_001592595.1_ASM159259v1_genomic.fna.gz,../ecoli_genomes/GCF_001614975.1_ASM161497v1_genomic.fna.gz,../ecoli_genomes/GCF_001692775.1_ASM169277v1_genomic.fna.gz,../ecoli_genomes/GCF_001748915.1_ASM174891v1_genomic.fna.gz,../ecoli_genomes/GCF_001749235.1_ASM174923v1_genomic.fna.gz,../ecoli_genomes/GCF_001881155.1_ASM188115v1_genomic.fna.gz,../ecoli_genomes/GCF_001881345.1_ASM188134v1_genomic.fna.gz,../ecoli_genomes/GCF_001892405.1_ASM189240v1_genomic.fna.gz,../ecoli_genomes/GCF_001892585.1_ASM189258v1_genomic.fna.gz,../ecoli_genomes/GCF_001893985.1_ASM189398v1_genomic.fna.gz,../ecoli_genomes/GCF_002001595.1_ASM200159v1_genomic.fna.gz,../ecoli_genomes/GCF_002002145.1_ASM200214v1_genomic.fna.gz
1.0,0.3774968963809867,0.3106446123450255,0.33130772068187875,0.3394217698606087,0.338726440224315,0.35698220665423674,0.342924645177918,0.4317188905602457,0.35201131320512136,0.3798765871710097,0.3529285116878159,0.35971881169306097,0.336634332387018,0.3151122103974201,0.36223941088250255,0.3188043057445338,0.36279973846943125,0.33174058819789,0.3600854948263844,0.35061757635944135,0.3277365729021172,0.36508808844294005,0.34603097493015145,0.3289198547899721,0.2945735107507944,0.36542398754926186,0.33796410691124035,0.394227540546746,0.4342096364540453,0.31687545836629016,0.3545274737682701,0.0,0.3582142533484314,0.36374102364006744,0.3333075058629864,0.3446133877482943,0.3729583659808722,0.262765307734538,0.37161821600389733,0.3194456203387348,0.36376368351356136,0.36532515614172345,0.34647187000505997,0.35405488748928415,0.3738020876604624,0.3631390297459397,0.36250681161637266,0.3368015848579138,0.40089769976339595
0.3774968963809867,1.0,0.2890203674270746,0.31477503767303494,0.4011977045170564,0.5226191251100104,0.39438000294741593,0.3290783875603722,0.34712645160860567,0.33033004300524726,0.4705423731696742,0.33560322803713893,0.4528349177763862,0.3214403320242831,0.3025935464888496,0.3972800404254476,0.40136992291063556,0.45745607271781397,0.4122834388547869,0.39883238153831757,0.44004059720033617,0.40433785340587813,0.4599317524279084,0.5056667761124269,0.47033159352242304,0.35790665195471427,0.46357436483734915,0.3283867566564368,0.3576114688165132,0.35738821116991526,0.3063323771070604,0.4283614942306049,0.0,0.4408678466532392,0.569137900574936,0.31916813129494603,0.3773719309144461,0.4644199373039115,0.21464965812759562,0.4688049015649203,0.30700453039314746,0.5044949961274863,0.46691941847115315,0.3453358030846395,0.3449004363817978,0.34162137368492596,0.4988932908052438,0.5111106296247793,0.3400315292047964,0.3555998539605244
0.3106446123450255,0.2890203674270746,1.0,0.2537109784742627,0.2469816015091083,0.2510289351586559,0.2685031041871492,0.26453728793046294,0.29599129851183126,0.2689891989400329,0.29373833492472523,0.2643712683289656,0.27695380491202715,0.2622608270736273,0.24909036191503287,0.27178830099006157,0.21899921305524406,0.27862465885351206,0.24806489876924753,0.27187836537159926,0.27153925574677584,0.24811421131834477,0.278191662630477,0.24322945210291858,0.23013540320194303,0.1979440168770049,0.28087457962428575,0.2675684786225123,0.3017350272409859,0.3014580869758655,0.25240815119588,0.26296748503389455,0.0,0.27290675325174996,0.26360215441421275,0.2665969956975981,0.25977359318285376,0.274137380222254,0.18254489442986177,0.28628758250726727,0.25384293296880467,0.2806599238861681,0.2856483979522084,0.27634891437902,0.26898621383863497,0.28249985139616585,0.2796964071700999,0.28416186371355723,0.2763723478069081,0.30466191202708026
0.33130772068187875,0.31477503767303494,0.2537109784742627,1.0,0.3638075343692495,0.30589478632326983,0.30502374848629366,0.538303725093901,0.35033587622000173,0.5700131482154367,0.32307804274417984,0.5402191202957123,0.35264338492366476,0.578919057283709,0.619577103047265,0.33233073066963803,0.27963349575176477,0.31365816764926546,0.28601295390860093,0.30668416104570684,0.3036434304637512,0.2781436292871504,0.31963717540148406,0.3179228413743057,0.3042074440705915,0.2598483218272438,0.3161471572713872,0.5401510330768631,0.3556302080378051,0.3422916181661575,0.5446269344116735,0.3562955481711819,0.0,0.29939216344699826,0.30460845029203565,0.44745233946531926,0.311804228334045,0.30583085476599337,0.3359646870048004,0.3085436117643575,0.5828168063880388,0.3081802556965859,0.31224650948450416,0.5466637069646239,0.5372738487309914,0.33836948669109157,0.3076818196551242,0.31250039992085543,0.47960405558934704,0.35324062859888494
0.3394217698606087,0.4011977045170564,0.2469816015091083,0.3638075343692495,1.0,0.42298326830313915,0.3515861991689252,0.343532759104329,0.3673402473260877,0.36297042625155884,0.5003786958162642,0.3199789685128299,0.5161979393067642,0.3259185070845302,0.3608402307559141,0.3989899227673084,0.3911292346441728,0.42757430373937433,0.39197679559169374,0.3562409698427331,0.43459792746591996,0.37983852835395915,0.4353919228063591,0.4447636266011141,0.4064400974540877,0.36093129285551273,0.4412566251929507,0.3005596708410614,0.34603598256096413,0.35942582210315455,0.3226741698508717,0.5023691521861038,0.0,0.4286588553824773,0.4063062906543661,0.29696597825576365,0.37281594313974653,0.4409339088154377,0.2218857714178768,0.4464873468615326,0.36605429555814895,0.42410794096905524,0.4544866963111145,0.3094213427681827,0.3169496599739986,0.30982775847254906,0.4214344886383844,0.4289259208791063,0.3023382773317749,0.3250359117211349
0.338726440224315,0.5226191251100104,0.2510289351586559,0.30589478632326983,0.42298326830313915,1.0,0.3879277427707396,0.3165270652419844,0.3305492870745852,0.3087093630876684,0.43034277521755604,0.30868723102594176,0.42303724541814514,0.3008418268129298,0.2921522632751832,0.3939712824733045,0.4003733647245602,0.42635817778153895,0.40840762467605063,0.3738929187518637,0.40790562477945524,0.4689922583782594,0.42191941353919693,0.4849920766430864,0.48215844849886813,0.36733254811460503,0.41326572962445973,0.3049240586031886,0.3406895741300544,0.32853424434969525,0.2816834298392933,0.42451238972657435,0.0,0.41525569936453166,0.5236434667236931,0.3027604616877989,0.3684062979114747,0.4206603870584409,0.2356043205227245,0.4242769001353758,0.29875097853622457,0.4654076927456521,0.42073989060466954,0.3117079454626932,0.3102864431802014,0.3205512799944338,0.4676699882866331,0.4734143666038164,0.30104947635959467,0.3385669730587716
0.35698220665423674,0.39438000294741593,0.2685031041871492,0.30502374848629366,0.3515861991689252,0.3879277427707396,1.0,0.31342856583426937,0.3453677392905504,0.3096574785513442,0.4116741674686687,0.3095689336755677,0.3904864683681035,0.3081775414128939,0.29099356094330386,0.7583109554035798,0.3169558133525572,0.44205405389247276,0.40499522607438676,0.8584414561518505,0.4380346928926214,0.40454078653102943,0.4412280882661552,0.3569151952204356,0.3362052244783291,0.28124939293760753,0.4063088854635285,0.3086798392200063,0.347032835406091,0.3499322260934081,0.29073010163599877,0.3842095306567471,0.0,0.3993101704954478,0.4017769264513307,0.3276845147883496,0.7891603168216162,0.3769474303926673,0.2185556288576478,0.40056781334526237,0.28894443376909706,0.395527335257843,0.4032088132513407,0.3180194411488825,0.31583549611195183,0.3309630518892325,0.37887261351136736,0.3866261750472706,0.3076199340239659,0.35312256725774505
0.342924645177918,0.3290783875603722,0.26453728793046294,0.538303725093901,0.343532759104329,0.3165270652419844,0.31342856583426937,1.0,0.33948888504360464,0.5441957958829372,0.32834873329984593,0.5221386655290774,0.34560467265601935,0.5296783183122329,0.5113485238406476,0.33038388729173596,0.2784168687501577,0.324325780157542,0.2976617079847865,0.314695449715486,0.312429601145255,0.28840793218570704,0.3226132850929664,0.32235813287980275,0.29733981469430526,0.2549004884830417,0.324876522491501,0.6897800416089441,0.3667662313824638,0.3422845981914171,0.5042274427052668,0.3384260951153696,0.0,0.3135538221143037,0.31877001590766374,0.44544949720044,0.30995323067771574,0.3346608058377799,0.33620593311576774,0.3254551861322521,0.5281775463614566,0.32092519386675733,0.32689562293281005,0.695883696535369,0.6687844374255139,0.3500098955695091,0.31872916959433895,0.32295239155580113,0.48421095616455956,0.3604428568364869
0.4317188905602457,0.34712645160860567,0.29599129851183126,0.35033587622000173,0.3673402473260877,0.3305492870745852,0.3453677392905504,0.33948888504360464,1.0,0.3616848272539199,0.36527344981887844,0.32861464122657746,0.3764259791988356,0.34158389401667544,0.34402262379929793,0.3667655873855614,0.29351902120389783,0.35324235437919826,0.31086029841510465,0.3515233863525359,0.3430196006039974,0.31151453254608663,0.35789407549209273,0.33673803113017076,0.305661503369245,0.26351161100539033,0.36043051075853183,0.3222617279632204,0.38861772997885813,0.4627565219543409,0.33022626877364714,0.35620400989323375,0.0,0.3420765083984195,0.3366226361684471,0.33495338557160537,0.3494707310605911,0.34169480807012287,0.22581515242471173,0.3585495865907037,0.33970504887024144,0.3522589699877846,0.363001070345388,0.33023068050155435,0.3242294558818958,0.3623667387408188,0.3398655715746237,0.3469329069375455,0.32496954038372394,0.39733892737248977
0.35201131320512136,0.33033004300524726,0.2689891989400329,0.5700131482154367,0.36297042625155884,0.3087093630876684,0.3096574785513442,0.5441957958829372,0.3616848272539199,1.0,0.34099620922101315,0.5276284252807275,0.3637275331769647,0.5534225291384907,0.5544760146923959,0.33543771935355726,0.27168142620741553,0.32254497302992335,0.28813063415467544,0.314026678973903,0.3112882774357977,0.2857961122909082,0.3217966739008743,0.3138689638481198,0.29366311781137777,0.25325591092794053,0.32639704234322453,0.5371777277021159,0.36982776934127204,0.3553833111651794,0.556038383126145,0.34533905648774776,0.0,0.310924132161139,0.3094663093910225,0.4662507270420896,0.3169543557047171,0.3191362122360929,0.3364312803331835,0.32691401497461947,0.58061211719977,0.32333109748723543,0.3262231080922442,0.541960999082175,0.5457045354328651,0.34551515149660894,0.314503179253696,0.3208331435765852,0.5132245526464484,0.3582716118912258
0.3798765871710097,0.4705423731696742,0.29373833492472523,0.32307804274417984,0.5003786958162642,0.43034277521755604,0.4116741674686687,0.32834873329984593,0.36527344981887844,0.34099620922101315,1.0,0.331151201081357,0.5468721480815271,0.33522560722775363,0.31350976997110536,0.419603230722038,0.3682278616347755,0.5328745696503223,0.47627298133012663,0.4170872502399344,0.5191577012504608,0.48957481355148824,0.5395027393504694,0.41987658435247555,0.379314681748952,0.33680868201637537,0.5447481192692514,0.3327188450932831,0.36392973625172287,0.37456433213838225,0.31717730740455063,0.4815100360705393,0.0,0.5147958492129614,0.4580113871322541,0.34309463336573087,0.39708330770531575,0.514527991711487,0.2311181854446417,0.5641838074256129,0.31794150528819654,0.4882866728657932,0.5464799185052351,0.3373603776365457,0.33629719460349583,0.3462423041081806,0.46686842116573757,0.47720451361946925,0.34064826089879763,0.3729218829245927
0.3529285116878159,0.33560322803713893,0.2643712683289656,0.5402191202957123,0.3199789685128299,0.30868723102594176,0.3095689336755677,0.5221386655290774,0.32861464122657746,0.5276284252807275,0.331151201081357,1.0,0.33303701055415025,0.5366560850319855,0.6019122750517913,0.32363174556249197,0.29547010607169477,0.31629771568398246,0.2956242212893109,0.3088826598453197,0.310080162509895,0.2929696277984857,0.32072168506408916,0.3231073261934485,0.31596487010435026,0.2821029866915342,0.3170538798562552,0.5257902922192935,0.36510560296637407,0.34247699807380194,0.4792320749235892,0.330432846768967,0.0,0.3124675093155691,0.32662216463516236,0.44852431637709844,0.3042030203791024,0.3269297538519079,0.373423784194132,0.3235814905797618,0.5050995152377861,0.31446756567304746,0.32213857748215113,0.5319584249677483,0.5299561879122228,0.3508898061011799,0.32785150830528886,0.324396728597259,0.47602230183087046,0.35639304787256154
0.35971881169306097,0.4528349177763862,0.27695380491202715,0.35264338492366476,0.5161979393067642,0.42303724541814514,0.3904864683681035,0.34560467265601935,0.3764259791988356,0.3637275331769647,0.5468721480815271,0.33303701055415025,1.0,0.3319023856783374,0.35021252706929373,0.4208318846191652,0.36914527250222906,0.518877175549271,0.5100886238170796,0.3960222904968974,0.5232116018983879,0.5148141186767392,0.5719138787717486,0.4341030601519673,0.3830891316516406,0.3335902153995457,0.5593857120330523,0.3240984004524907,0.3523238076796791,0.38403249043276866,0.32416354694467187,0.54564646212926,0.0,0.5439312880272846,0.44537343285950937,0.3230088411504567,0.3969755620885146,0.5199874227902525,0.22285341938344028,0.5631195161875366,0.3467153640331415,0.4631480078189564,0.550502514119951,0.3272460664623217,0.32577353906398276,0.3332966881114685,0.45101842106480794,0.46139938101387556,0.3263556138084812,0.3532814627721672
0.336634332387018,0.3214403320242831,0.2622608270736273,0.578919057283709,0.3259185070845302,0.3008418268129298,0.3081775414128939,0.5296783183122329,0.34158389401667544,0.5534225291384907,0.33522560722775363,0.5366560850319855,0.3319023856783374,1.0,0.5768871701707381,0.32316205235071793,0.26149617362096134,0.32044754652429863,0.2875203363093274,0.31186024996406014,0.3072758415943051,0.28277974980010256,0.32228777528861263,0.29439873285105667,0.27759221529933553,0.23666897796023478,0.32120429671692685,0.5576586887746374,0.35965633427342325,0.33758538243066194,0.5303245593450336,0.3247535556480028,0.0,0.308652335197249,0.3070871110995128,0.45653656840303525,0.3053241419536641,0.3124364770569137,0.3318541687569454,0.3191840319818683,0.5469916216444379,0.31353672603519367,0.3204978223166359,0.5572556949156098,0.5456729109558716,0.3526655408623933,0.3147515925111195,0.32217068711621344,0.49494362086376964,0.36487422495393784
0.3151122103974201,0.3025935464888496,0.24909036191503287,0.619577103047265,0.3608402307559141,0.2921522632751832,0.29099356094330386,0.5113485238406476,0.34402262379929793,0.5544760146923959,0.31350976997110536,0.6019122750517913,0.35021252706929373,0.5768871701707381,1.0,0.32064213587490664,0.273454813080403,0.3026296671225718,0.27137077777403196,0.29533247758910164,0.29288623841004424,0.2663509382937209,0.31016351696347777,0.30508846722994465,0.2845721840845439,0.2424867380145036,0.30540163235238327,0.5054999360337196,0.3461181746188655,0.33493923918719637,0.5364695296983586,0.34246471800391753,0.0,0.29173136072937444,0.2932998463475889,0.4340281885425251,0.3030421779530428,0.2980485173132965,0.3142228320758299,0.30127876354565264,0.5676870932118857,0.3001048245282151,0.30736231347975773,0.5059398798528041,0.49900385634216715,0.3343830362278589,0.3039684024418876,0.3104890550462538,0.46041196858121824,0.3523119695252579
0.36223941088250255,0.3972800404254476,0.27178830099006157,0.33233073066963803,0.3989899227673084,0.3939712824733045,0.7583109554035798,0.33038388729173596,0.3667655873855614,0.33543771935355726,0.419603230722038,0.32363174556249197,0.4208318846191652,0.32316205235071793,0.32064213587490664,1.0,0.32351232305856514,0.4299252640343003,0.39407733012802315,0.7711818252848599,0.4197454149567529,0.3895541479804592,0.428389516905446,0.37993222392946935,0.3474571669470361,0.29184947001303607,0.40680592565574736,0.31571553191526125,0.3509028706812055,0.37440041195751805,0.3064147013591082,0.4009047235699855,0.0,0.3984088565613151,0.39894701183694037,0.33117059825692885,0.7417395917571414,0.38392028766932107,0.2213199891521197,0.4003026600559295,0.3202266880478335,0.4008327494192264,0.40516009530431496,0.32063198646538293,0.3222826056388236,0.334061588650003,0.38459633242294144,0.3930567899027523,0.31829598084279676,0.3548249263565866
0.3188043057445338,0.40136992291063556,0.21899921305524406,0.27963349575176477,0.3911292346441728,0.4003733647245602,0.3169558133525572,0.2784168687501577,0.29351902120389783,0.27168142620741553,0.3682278616347755,0.29547010607169477,0.36914527250222906,0.26149617362096134,0.273454813080403,0.32351232305856514,1.0,0.35374145737881757,0.3229588142312847,0.317073783229046,0.3484557268098808,0.3294950154107671,0.36843551585715484,0.552899973262497,0.576320604518676,0.6228219123297174,0.35533991596261605,0.2690417689847632,0.2921100482718878,0.2921308560788043,0.2563725202220851,0.4476229137327271,0.0,0.37381687164596755,0.45952841634291397,0.2630570258480981,0.3131058710399125,0.39616219386363605,0.3780068137014483,0.36854575818577484,0.26428290552751577,0.3842632301269854,0.35511203011453374,0.2821304017605146,0.28698591361558,0.28126184313331537,0.45992926771703124,0.41632947752362204,0.2500912993770561,0.2928268635597303
0.36279973846943125,0.45745607271781397,0.27862465885351206,0.31365816764926546,0.42757430373937433,0.42635817778153895,0.44205405389247276,0.324325780157542,0.35324235437919826,0.32254497302992335,0.5328745696503223,0.31629771568398246,0.518877175549271,0.32044754652429863,0.3026296671225718,0.4299252640343003,0.35374145737881757,1.0,0.5300087878641511,0.44121326482879664,0.5553844729576259,0.5061866271032576,0.564917656137037,0.40564781834693153,0.3719293468785545,0.3160232557170283,0.5391373281476111,0.32194629889538984,0.35545617768203697,0.3622879394890339,0.3064567800040543,0.4837871433434644,0.0,0.5139185744694075,0.4512122090759335,0.3408767299836787,0.42526236817553065,0.4858181360499081,0.22812141489090476,0.5341667352902639,0.30466344976587356,0.46696268063083335,0.5243319059827851,0.32691689834815474,0.3228961925152851,0.33852176102470866,0.4516857312252607,0.46083865779381716,0.3207893436438203,0.3593176609191153
0.33174058819789,0.4122834388547869,0.24806489876924753,0.28601295390860093,0.39197679559169374,0.40840762467605063,0.40499522607438676,0.2976617079847865,0.31086029841510465,0.28813063415467544,0.47627298133012663,0.2956242212893109,0.5100886238170796,0.2875203363093274,0.27137077777403196,0.39407733012802315,0.3229588142312847,0.5300087878641511,1.0,0.3963886152688494,0.5100790454191062,0.5223756070149956,0.513873530710134,0.3676197041574607,0.34436901692320876,0.28830197804873414,0.490580983236662,0.2935007259589044,0.3223016274978493,0.32351119067419265,0.2708132646703775,0.468461622207467,0.0,0.46676403420435475,0.4192910416187732,0.308936593208578,0.38102745942649063,0.4466176590968536,0.20941783578091677,0.488526767747956,0.2718142772689579,0.4172264241119764,0.4742218499238887,0.2990408901583341,0.2969185010030345,0.3079127254281121,0.3999944051251195,0.40994072506958823,0.2915432776954694,0.3259477643999241
0.3600854948263844,0.39883238153831757,0.27187836537159926,0.30668416104570684,0.3562409698427331,0.3738929187518637,0.8584414561518505,0.314695449715486,0.3515233863525359,0.314026678973903,0.4170872502399344,0.3088826598453197,0.3960222904968974,0.31186024996406014,0.29533247758910164,0.7711818252848599,0.317073783229046,0.44121326482879664,0.3963886152688494,1.0,0.4379176654439255,0.3854163887573475,0.4391268244718304,0.36042495410125697,0.3338517874617065,0.28213806223830284,0.41201951204785425,0.3105068899453769,0.34930884838104204,0.3547914218403133,0.2940334105146829,0.3851593325802979,0.0,0.4009354606306923,0.40093458773217494,0.32859989741235895,0.7980166569077682,0.3819460794267382,0.21697753151448818,0.4064211675086926,0.293359775731562,0.3996095678304873,0.4096078229646011,0.31879379839914246,0.31513933429602237,0.33473467432496484,0.38328967305104755,0.39146335650372244,0.31246995153593116,0.3577706930750647
0.35061757635944135,0.44004059720033617,0.27153925574677584,0.3036434304637512,0.43459792746591996,0.40790562477945524,0.4380346928926214,0.312429601145255,0.3430196006039974,0.3112882774357977,0.5191577012504608,0.310080162509895,0.5232116018983879,0.3072758415943051,0.29288623841004424,0.4197454149567529,0.3484557268098808,0.5553844729576259,0.5100790454191062,0.4379176654439255,1.0,0.502256493034389,0.5753456131887464,0.39341251342772166,0.3589493987509652,0.3164829987041837,0.5383650547593071,0.3127675887825119,0.3367471555377438,0.35104694723928176,0.2928663347762208,0.4873418655357522,0.0,0.5288682331286306,0.44048796954891756,0.3293712309703497,0.41665702491150103,0.4949412613387997,0.22046981714136538,0.547946832756727,0.2975925113017718,0.4424680269953142,0.5274704721361065,0.31909082033112657,0.3174496020753954,0.33074167094746076,0.4460211571240176,0.45531338636657526,0.3139160191170235,0.34384321159479503
0.3277365729021172,0.40433785340587813,0.24811421131834477,0.2781436292871504,0.37983852835395915,0.4689922583782594,0.40454078653102943,0.28840793218570704,0.31151453254608663,0.2857961122909082,0.48957481355148824,0.2929696277984857,0.5148141186767392,0.28277974980010256,0.2663509382937209,0.3895541479804592,0.3294950154107671,0.5061866271032576,0.5223756070149956,0.3854163887573475,0.502256493034389,1.0,0.6369503850943056,0.35442176515242985,0.354670296417846,0.2895953502698565,0.49254889399706214,0.29111115483748773,0.31418419017894894,0.3195205799439622,0.26673673835621803,0.46503683787337824,0.0,0.5700427142404313,0.40480558331730543,0.3003548961848743,0.37371959983357106,0.4597150732009492,0.20479349554907833,0.5055481242424545,0.2652471803868083,0.41535790693350694,0.4903159527224923,0.2944866315099074,0.2929328683761092,0.3049161285589448,0.3980358018245971,0.4066428697436608,0.29041084738457557,0.3214087402271826
0.36508808844294005,0.4599317524279084,0.278191662630477,0.31963717540148406,0.4353919228063591,0.42191941353919693,0.4412280882661552,0.3226132850929664,0.35789407549209273,0.3217966739008743,0.5395027393504694,0.32072168506408916,0.5719138787717486,0.32228777528861263,0.31016351696347777,0.428389516905446,0.36843551585715484,0.564917656137037,0.513873530710134,0.4391268244718304,0.5753456131887464,0.6369503850943056,1.0,0.4054388215728365,0.3726741970025793,0.31744143113375134,0.571552363058302,0.3213083580848207,0.35171052348286924,0.3591298453279702,0.3076439879157852,0.5108434280511236,0.0,0.6460328229117098,0.45174376268817085,0.3370907331563221,0.4211769854407156,0.5174585131447187,0.2245040002310461,0.5652628058348903,0.30791764461854154,0.4630592043270578,0.5501331794751794,0.3285714755764567,0.3253692659593084,0.33693830979146266,0.44557893256133585,0.4555042741882682,0.3252788806768293,0.35465753078086304
0.34603097493015145,0.5056667761124269,0.24322945210291858,0.3179228413743057,0.4447636266011141,0.4849920766430864,0.3569151952204356,0.32235813287980275,0.33673803113017076,0.3138689638481198,0.41987658435247555,0.3231073261934485,0.4341030601519673,0.29439873285105667,0.30508846722994465,0.37993222392946935,0.552899973262497,0.40564781834693153,0.3676197041574607,0.36042495410125697,0.39341251342772166,0.35442176515242985,0.4054388215728365,1.0,0.5944301550241466,0.5510693340018649,0.4069141189159877,0.2939018325629873,0.3223694815504473,0.3361381489662628,0.2890293313769182,0.460935432076642,0.0,0.40470108829344753,0.5498509965550732,0.29526592912059757,0.356475075956626,0.4220529713792093,0.32261118642189845,0.4114836990238382,0.3079363005076148,0.44977901111212293,0.4038868916707713,0.30683291804961044,0.31143976485625324,0.3096632551199212,0.4817581112291107,0.45768191992461116,0.2856629707065085,0.3228526449729524
0.3289198547899721,0.47033159352242304,0.23013540320194303,0.3042074440705915,0.4064400974540877,0.48215844849886813,0.3362052244783291,0.29733981469430526,0.305661503369245,0.29366311781137777,0.379314681748952,0.31596487010435026,0.3830891316516406,0.27759221529933553,0.2845721840845439,0.3474571669470361,0.576320604518676,0.3719293468785545,0.34436901692320876,0.3338517874617065,0.3589493987509652,0.354670296417846,0.3726741970025793,0.5944301550241466,1.0,0.5998259559738947,0.3663096561379462,0.27976539056211036,0.29991631355377557,0.30220728272829755,0.27411416929927235,0.4608822098758799,0.0,0.376295455240494,0.5319023097498159,0.2699451747539904,0.3376469590748121,0.41214240242338585,0.37336276689441605,0.37607761163212305,0.28391179406472744,0.40621115991681855,0.36746949609105206,0.3047998564209792,0.30409067804544576,0.29606445167776385,0.46734617952733604,0.4278845877443104,0.2756916047550608,0.2989526017223352
0.2945735107507944,0.35790665195471427,0.1979440168770049,0.2598483218272438,0.36093129285551273,0.36733254811460503,0.28124939293760753,0.2549004884830417,0.26351161100539033,0.25325591092794053,0.33680868201637537,0.2821029866915342,0.3335902153995457,0.23666897796023478,0.2424867380145036,0.29184947001303607,0.6228219123297174,0.3160232557170283,0.28830197804873414,0.28213806223830284,0.3164829987041837,0.2895953502698565,0.31744143113375134,0.5510693340018649,0.5998259559738947,1.0,0.31693587846899696,0.24442931949546698,0.2592809422265716,0.26713821839830487,0.23720127298562954,0.3947490159263045,0.0,0.3263777634422681,0.43183206252171513,0.23383270070784878,0.27975009049712385,0.3778891755492224,0.4245491753841948,0.337174895496954,0.24418493716332568,0.35114402251051036,0.3149166963274258,0.2666114624216541,0.26565416383063223,0.25652340971283705,0.43903049695912666,0.3794059224192541,0.23653211144298236,0.26274248952627843
0.36542398754926186,0.46357436483734915,0.28087457962428575,0.3161471572713872,0.4412566251929507,0.41326572962445973,0.4063088854635285,0.324876522491501,0.36043051075853183,0.32639704234322453,0.5447481192692514,0.3170538798562552,0.5593857120330523,0.32120429671692685,0.30540163235238327,0.40680592565574736,0.35533991596261605,0.5391373281476111,0.490580983236662,0.41201951204785425,0.5383650547593071,0.49254889399706214,0.571552363058302,0.4069141189159877,0.3663096561379462,0.31693587846899696,1.0,0.3197979659246697,0.3519647039764031,0.3647660303712692,0.30626798655125975,0.5057635643402476,0.0,0.5303674108110039,0.4472590590805744,0.3249982165261158,0.3928837353769117,0.5896267660258208,0.21882466798066513,0.5780025378628745,0.30873972092724267,0.4650648447215695,0.6343838008872675,0.3308007283541431,0.3223367994870169,0.3425443863421018,0.45021033565631696,0.46047207535455226,0.32450753750558003,0.35744112665161887
0.33796410691124035,0.3283867566564368,0.2675684786225123,0.5401510330768631,0.3005596708410614,0.3049240586031886,0.3086798392200063,0.6897800416089441,0.3222617279632204,0.5371777277021159,0.3327188450932831,0.5257902922192935,0.3240984004524907,0.5576586887746374,0.5054999360337196,0.31571553191526125,0.2690417689847632,0.32194629889538984,0.2935007259589044,0.3105068899453769,0.3127675887825119,0.29111115483748773,0.3213083580848207,0.2939018325629873,0.27976539056211036,0.24442931949546698,0.3197979659246697,1.0,0.36831334105666624,0.33174902102481574,0.5016913689573645,0.3163476844466274,0.0,0.30969276545463786,0.3108753921696278,0.45096714620565426,0.2978377229737019,0.33024405727144646,0.3442503401766074,0.32406181899286657,0.513839890761215,0.3139187364965518,0.3193763851480296,0.7983067316223508,0.7525216758592637,0.3495457234910927,0.3233581929918875,0.32502908642267936,0.5033699873913273,0.35856701643562117
0.394227540546746,0.3576114688165132,0.3017350272409859,0.3556302080378051,0.34603598256096413,0.3406895741300544,0.347032835406091,0.3667662313824638,0.38861772997885813,0.36982776934127204,0.36392973625172287,0.36510560296637407,0.3523238076796791,0.35965633427342325,0.3461181746188655,0.3509028706812055,0.2921100482718878,0.35545617768203697,0.3223016274978493,0.34930884838104204,0.3367471555377438,0.31418419017894894,0.35171052348286924,0.3223694815504473,0.29991631355377557,0.2592809422265716,0.3519647039764031,0.36831334105666624,1.0,0.38348851704645703,0.3460937389514246,0.340912763804164,0.0,0.3420334141938507,0.3420555979457882,0.3591124666890094,0.34020623815500883,0.34231147490704505,0.24908091688486156,0.35179932717555595,0.34282783929416905,0.35226394084777835,0.3520155892572171,0.366633022982394,0.3606671915269959,0.43297099779250636,0.344505487093266,0.34874491520294226,0.3552682597746858,0.6274757187290623
0.4342096364540453,0.35738821116991526,0.3014580869758655,0.3422916181661575,0.35942582210315455,0.32853424434969525,0.3499322260934081,0.3422845981914171,0.4627565219543409,0.3553833111651794,0.37456433213838225,0.34247699807380194,0.38403249043276866,0.33758538243066194,0.33493923918719637,0.37440041195751805,0.2921308560788043,0.3622879394890339,0.32351119067419265,0.3547914218403133,0.35104694723928176,0.3195205799439622,0.3591298453279702,0.3361381489662628,0.30220728272829755,0.26713821839830487,0.3647660303712692,0.33174902102481574,0.38348851704645703,1.0,0.32476633387520293,0.35470438768646617,0.0,0.34596432049748616,0.3485317431032542,0.33586647426967164,0.34807160954803174,0.3517281946149651,0.23556207958296305,0.3752519463698397,0.33840183952416625,0.3544170638924855,0.3668615101665197,0.33607471483387874,0.33238897312500293,0.3819025050757501,0.3534969547199921,0.35918481547680636,0.3335922388350827,0.39549721363416057
0.31687545836629016,0.3063323771070604,0.25240815119588,0.5446269344116735,0.3226741698508717,0.2816834298392933,0.29073010163599877,0.5042274427052668,0.33022626877364714,0.556038383126145,0.31717730740455063,0.4792320749235892,0.32416354694467187,0.5303245593450336,0.5364695296983586,0.3064147013591082,0.2563725202220851,0.3064567800040543,0.2708132646703775,0.2940334105146829,0.2928663347762208,0.26673673835621803,0.3076439879157852,0.2890293313769182,0.27411416929927235,0.23720127298562954,0.30626798655125975,0.5016913689573645,0.3460937389514246,0.32476633387520293,1.0,0.31839302480813736,0.0,0.2970159151362016,0.2891327291836011,0.4371106799785477,0.296595169115317,0.2989285199908569,0.3100510946765862,0.30753476518049006,0.6611769128212935,0.3015354027241187,0.30572123611008883,0.5071023816850819,0.4960996275344407,0.33197028842224396,0.2971197152395665,0.30200497767617407,0.46799548483456876,0.3405826145296085
0.3545274737682701,0.4283614942306049,0.26296748503389455,0.3562955481711819,0.5023691521861038,0.42451238972657435,0.3842095306567471,0.3384260951153696,0.35620400989323375,0.34533905648774776,0.4815100360705393,0.330432846768967,0.54564646212926,0.3247535556480028,0.34246471800391753,0.4009047235699855,0.4476229137327271,0.4837871433434644,0.468461622207467,0.3851593325802979,0.4873418655357522,0.46503683787337824,0.5108434280511236,0.460935432076642,0.4608822098758799,0.3947490159263045,0.5057635643402476,0.3163476844466274,0.340912763804164,0.35470438768646617,0.31839302480813736,1.0,0.0,0.4919991465837352,0.43594425184944796,0.31034882167780353,0.3861747072641407,0.5061813109448392,0.26811752454121407,0.511156130481907,0.33612173097292275,0.4431030905511816,0.510546861594267,0.32287949779772784,0.3279000015964808,0.32099049216285447,0.45072612373006504,0.4479712701515104,0.3020137830572004,0.33391520798294083
0.0,0.0,0.0,0.0,0.0,0.0,0.0,0.0,0.0,0.0,0.0,0.0,0.0,0.0,0.0,0.0,0.0,0.0,0.0,0.0,0.0,0.0,0.0,0.0,0.0,0.0,0.0,0.0,0.0,0.0,0.0,0.0,1.0,0.0,0.0,0.0,0.0,0.0,0.0,0.0,0.0,0.0,0.0,0.0,0.0,0.0,0.0,0.0,0.0,0.0
0.3582142533484314,0.4408678466532392,0.27290675325174996,0.29939216344699826,0.4286588553824773,0.41525569936453166,0.3993101704954478,0.3135538221143037,0.3420765083984195,0.310924132161139,0.5147958492129614,0.3124675093155691,0.5439312880272846,0.308652335197249,0.29173136072937444,0.3984088565613151,0.37381687164596755,0.5139185744694075,0.46676403420435475,0.4009354606306923,0.5288682331286306,0.5700427142404313,0.6460328229117098,0.40470108829344753,0.376295455240494,0.3263777634422681,0.5303674108110039,0.30969276545463786,0.3420334141938507,0.34596432049748616,0.2970159151362016,0.4919991465837352,0.0,1.0,0.44381259967302256,0.3321708784303604,0.3852333100424017,0.5055382873234956,0.244326448652048,0.5367985121254943,0.2928260006065415,0.44879316566216654,0.5372979797565656,0.31551914523037417,0.3153040981415094,0.3271600488783515,0.4414038349743551,0.4469971646424561,0.31126541823275333,0.34504307510740995
0.36374102364006744,0.569137900574936,0.26360215441421275,0.30460845029203565,0.4063062906543661,0.5236434667236931,0.4017769264513307,0.31877001590766374,0.3366226361684471,0.3094663093910225,0.4580113871322541,0.32662216463516236,0.44537343285950937,0.3070871110995128,0.2932998463475889,0.39894701183694037,0.45952841634291397,0.4512122090759335,0.4192910416187732,0.40093458773217494,0.44048796954891756,0.40480558331730543,0.45174376268817085,0.5498509965550732,0.5319023097498159,0.43183206252171513,0.4472590590805744,0.3108753921696278,0.3420555979457882,0.3485317431032542,0.2891327291836011,0.43594425184944796,0.0,0.44381259967302256,1.0,0.31426262405837035,0.3843255816269826,0.4475188451282306,0.2757208174050948,0.45929030907286683,0.291897970323194,0.4933311707068997,0.45598821325899463,0.31943086315935465,0.31759741905109573,0.3295848597447336,0.503818107318592,0.4965791830685309,0.30760080575456206,0.3427931757490771
0.3333075058629864,0.31916813129494603,0.2665969956975981,0.44745233946531926,0.29696597825576365,0.3027604616877989,0.3276845147883496,0.44544949720044,0.33495338557160537,0.4662507270420896,0.34309463336573087,0.44852431637709844,0.3230088411504567,0.45653656840303525,0.4340281885425251,0.33117059825692885,0.2630570258480981,0.3408767299836787,0.308936593208578,0.32859989741235895,0.3293712309703497,0.3003548961848743,0.3370907331563221,0.29526592912059757,0.2699451747539904,0.23383270070784878,0.3249982165261158,0.45096714620565426,0.3591124666890094,0.33586647426967164,0.4371106799785477,0.31034882167780353,0.0,0.3321708784303604,0.31426262405837035,1.0,0.31511005357551947,0.30894580900578383,0.31892045308066586,0.3366248598730702,0.44127948512546533,0.3218560468090853,0.3247011610384808,0.46219171356231115,0.4563259266842259,0.3450983415765295,0.31355828024235544,0.3197350879783015,0.4598628207791521,0.35951984405614323
0.3446133877482943,0.3773719309144461,0.25977359318285376,0.311804228334045,0.37281594313974653,0.3684062979114747,0.7891603168216162,0.30995323067771574,0.3494707310605911,0.3169543557047171,0.39708330770531575,0.3042030203791024,0.3969755620885146,0.3053241419536641,0.3030421779530428,0.7417395917571414,0.3131058710399125,0.42526236817553065,0.38102745942649063,0.7980166569077682,0.41665702491150103,0.37371959983357106,0.4211769854407156,0.356475075956626,0.3376469590748121,0.27975009049712385,0.3928837353769117,0.2978377229737019,0.34020623815500883,0.34807160954803174,0.296595169115317,0.3861747072641407,0.0,0.3852333100424017,0.3843255816269826,0.31511005357551947,1.0,0.3633308331873356,0.21301628481532509,0.38242484818960676,0.2995085341238749,0.38531726580409553,0.39196386106539083,0.3046955706856542,0.3019707070331069,0.31788138663113097,0.36591567733026176,0.3729072870729574,0.2969238954702943,0.3378117549548696
0.3729583659808722,0.4644199373039115,0.274137380222254,0.30583085476599337,0.4409339088154377,0.4206603870584409,0.3769474303926673,0.3346608058377799,0.34169480807012287,0.3191362122360929,0.514527991711487,0.3269297538519079,0.5199874227902525,0.3124364770569137,0.2980485173132965,0.38392028766932107,0.39616219386363605,0.4858181360499081,0.4466176590968536,0.3819460794267382,0.4949412613387997,0.4597150732009492,0.5174585131447187,0.4220529713792093,0.41214240242338585,0.3778891755492224,0.5896267660258208,0.33024405727144646,0.34231147490704505,0.3517281946149651,0.2989285199908569,0.5061813109448392,0.0,0.5055382873234956,0.4475188451282306,0.30894580900578383,0.3633308331873356,1.0,0.2778089031732961,0.5494882528316068,0.3043944719400453,0.458669483924777,0.6229831245096984,0.3420174663006271,0.3327280048300796,0.3345316043530965,0.4811965245880674,0.47303941109319303,0.325050535431733,0.34567226069047996
0.262765307734538,0.21464965812759562,0.18254489442986177,0.3359646870048004,0.2218857714178768,0.2356043205227245,0.2185556288576478,0.33620593311576774,0.22581515242471173,0.3364312803331835,0.2311181854446417,0.373423784194132,0.22285341938344028,0.3318541687569454,0.3142228320758299,0.2213199891521197,0.3780068137014483,0.22812141489090476,0.20941783578091677,0.21697753151448818,0.22046981714136538,0.20479349554907833,0.2245040002310461,0.32261118642189845,0.37336276689441605,0.4245491753841948,0.21882466798066513,0.3442503401766074,0.24908091688486156,0.23556207958296305,0.3100510946765862,0.26811752454121407,0.0,0.244326448652048,0.2757208174050948,0.31892045308066586,0.21301628481532509,0.2778089031732961,1.0,0.23615037782319037,0.3143731015891815,0.22610698074007007,0.2241853428443512,0.3548195202707025,0.35887663445836326,0.24229059784005158,0.291415061579994,0.2412534681797146,0.31812196047883967,0.2504176303973954
0.37161821600389733,0.4688049015649203,0.28628758250726727,0.3085436117643575,0.4464873468615326,0.4242769001353758,0.40056781334526237,0.3254551861322521,0.3585495865907037,0.32691401497461947,0.5641838074256129,0.3235814905797618,0.5631195161875366,0.3191840319818683,0.30127876354565264,0.4003026600559295,0.36854575818577484,0.5341667352902639,0.488526767747956,0.4064211675086926,0.547946832756727,0.5055481242424545,0.5652628058348903,0.4114836990238382,0.37607761163212305,0.337174895496954,0.5780025378628745,0.32406181899286657,0.35179932717555595,0.3752519463698397,0.30753476518049006,0.511156130481907,0.0,0.5367985121254943,0.45929030907286683,0.3366248598730702,0.38242484818960676,0.5494882528316068,0.23615037782319037,1.0,0.3062891057531756,0.4760598682114108,0.5789233136840426,0.33079070112578024,0.32905893178602397,0.35034230947212197,0.4792545236313931,0.4856144896968352,0.3284334879276214,0.36576573428440196
