../ecoli_genomes/GCF_000163235.1_ASM16323v1_genomic.fna.gz,../ecoli_genomes/GCF_000164555.1_ASM16455v1_genomic.fna.gz,../ecoli_genomes/GCF_000208545.1_ASM20854v2_genomic.fna.gz,../ecoli_genomes/GCF_000233875.1_ASM23387v1_genomic.fna.gz,../ecoli_genomes/GCF_000249735.1_ASM24973v2_genomic.fna.gz,../ecoli_genomes/GCF_000261145.1_Esch_coli_M919_V2_genomic.fna.gz,../ecoli_genomes/GCF_000267705.2_ASM26770v2_genomic.fna.gz,../ecoli_genomes/GCF_000350665.1_Esch_coli_KTE5_V1_genomic.fna.gz,../ecoli_genomes/GCF_000351625.1_Esch_coli_KTE66_V1_genomic.fna.gz,../ecoli_genomes/GCF_000352285.1_Esch_coli_KTE46_V1_genomic.fna.gz,../ecoli_genomes/GCF_000358895.1_ASM35889v1_genomic.fna.gz,../ecoli_genomes/GCF_000456385.1_Esch_coli_HVH_26_4-5703913_V1_genomic.fna.gz,../ecoli_genomes/GCF_000458195.1_Esch_coli_HVH_147_4-5893887_V1_genomic.fna.gz,../ecoli_genomes/GCF_000459755.1_Esch_coli_KOEGE_58_171a_V1_genomic.fna.gz,../ecoli_genomes/GCF_000460055.1_Esch_coli_UMEA_3053-1_V1_genomic.fna.gz,../ecoli_genomes/GCF_000462165.2_ASM46216v2_genomic.fna.gz,../ecoli_genomes/GCF_000601135.1_ASM60113v1_genomic.fna.gz,../ecoli_genomes/GCF_000614595.1_Ec2010EL1058_genomic.fna.gz,../ecoli_genomes/GCF_000617745.1_Ec2010C-4529_genomic.fna.gz,../ecoli_genomes/GCF_000618265.2_EcF6751_genomic.fna.gz,../ecoli_genomes/GCF_000619005.2_Ec2009C-4052_genomic.fna.gz,../ecoli_genomes/GCF_000619105.1_Ec2009C-4780_genomic.fna.gz,../ecoli_genomes/GCF_000619765.2_Ec2009C-3279_genomic.fna.gz,../ecoli_genomes/GCF_000687005.1_ASM68700v1_genomic.fna.gz,../ecoli_genomes/GCF_000687025.1_ASM68702v1_genomic.fna.gz,../ecoli_genomes/GCF_000700125.1_ASM70012v1_genomic.fna.gz,../ecoli_genomes/GCF_000753315.1_FHI35_genomic.fna.gz,../ecoli_genomes/GCF_000776375.1_ASM77637v1_genomic.fna.gz,../ecoli_genomes/GCF_000779395.1_ASM77939v1_genomic.fna.gz,../ecoli_genomes/GCF_000780315.1_ASM78031v1_genomic.fna.gz,../ecoli_genomes/GCF_000781995.1_ASM78199v1_genomic.fna.gz,../ecoli_genomes/GCF_000986765.1_ASM98676v1_genomic.fna.gz,../ecoli_genomes/GCF_001041375.1_ViralProj287958_genomic.fna.gz,../ecoli_genomes/GCF_001265335.1_302014_genomic.fna.gz,../ecoli_genomes/GCF_001265625.1_100854_genomic.fna.gz,../ecoli_genomes/GCF_001267345.1_303289_genomic.fna.gz,../ecoli_genomes/GCF_001309985.1_ASM130998v1_genomic.fna.gz,../ecoli_genomes/GCF_001521695.1_ASM152169v1_genomic.fna.gz,../ecoli_genomes/GCF_001592595.1_ASM159259v1_genomic.fna.gz,../ecoli_genomes/GCF_001614975.1_ASM161497v1_genomic.fna.gz,../ecoli_genomes/GCF_001692775.1_ASM169277v1_genomic.fna.gz,../ecoli_genomes/GCF_001748915.1_ASM174891v1_genomic.fna.gz,../ecoli_genomes/GCF_001749235.1_ASM174923v1_genomic.fna.gz,../ecoli_genomes/GCF_001881155.1_ASM188115v1_genomic.fna.gz,../ecoli_genomes/GCF_001881345.1_ASM188134v1_genomic.fna.gz,../ecoli_genomes/GCF_001892405.1_ASM189240v1_genomic.fna.gz,../ecoli_genomes/GCF_001892585.1_ASM189258v1_genomic.fna.gz,../ecoli_genomes/GCF_001893985.1_ASM189398v1_genomic.fna.gz,../ecoli_genomes/GCF_002001595.1_ASM200159v1_genomic.fna.gz,../ecoli_genomes/GCF_002002145.1_ASM200214v1_genomic.fna.gz
1.0,0.3766013390645513,0.31381524013543916,0.3318652126292714,0.3464843791598182,0.3549438099479202,0.356023442220595,0.3397083461945556,0.43311239827170356,0.3436969465179678,0.3836346125303517,0.3419375107482616,0.3590444893697432,0.32615972062929266,0.311698673464782,0.35490261372718135,0.35207947598379297,0.3627841003234312,0.29683020465852883,0.35520884923409257,0.35109555454930064,0.3426007637047168,0.36793855059035896,0.3679359369935511,0.34919272811939694,0.30896666551205765,0.3651118125132783,0.32967667163588366,0.3923512063120125,0.42797273664212765,0.30991257444702713,0.35141135800104484,0.0,0.3592209503308825,0.35684456462071523,0.32111082691197823,0.33995617987707405,0.35824853000093115,0.29410730137419083,0.3635717273819199,0.31580516698108896,0.3597002625551623,0.36695857861423076,0.3356091768279059,0.34731067957544404,0.35927381017610205,0.35318116268055366,0.35318804912888424,0.32229944248043074,0.39327886147232227
0.3766013390645513,1.0,0.29528630737743267,0.32352555538722905,0.41788257831363806,0.5309027061500714,0.38826106435775776,0.33703040746838275,0.35066231313257157,0.3423600948256009,0.4715522534817477,0.3394536507793896,0.4411610259337184,0.32222510593956266,0.31132774785813044,0.3886548084248894,0.48770092774120755,0.4552172905317897,0.3612935009985818,0.3935921564061656,0.44215344773996,0.41681966906140056,0.4520241412633347,0.5646705578983942,0.5496657034232968,0.4449234436874471,0.46076935580687306,0.3267796993592059,0.359465102989743,0.35538506207940646,0.3135066525362198,0.4283296800387645,0.0,0.4378450882919829,0.5637025788239834,0.31490231153007964,0.37429540963082786,0.45947740205447385,0.28871191462731094,0.4628202294027912,0.310293393254373,0.5022307076762222,0.4648947698587187,0.34188090047711994,0.3408106443184532,0.3349587624657263,0.5040363140894797,0.5024228299335378,0.335867636298983,0.35637611109076384
0.31381524013543916,0.29528630737743267,1.0,0.25871917244233045,0.2592480238337359,0.26894177322797597,0.2725495940858996,0.26736253537790944,0.3051710613668541,0.2666008855112192,0.29652929265326733,0.26345252303580446,0.27918293881673373,0.26297981671620396,0.2537776873595702,0.27368937179520114,0.26606629941508464,0.283972351273307,0.23044293710213448,0.2749973102666434,0.27980513467110435,0.26783493679941506,0.28407406745574626,0.2789180573704393,0.2661410059746435,0.24220729061864965,0.29011932976719557,0.2673470810419235,0.3057129871750275,0.30992987606621514,0.2529535999762501,0.26983035769907227,0.0,0.2818995706698839,0.276954496264601,0.2664516569276155,0.26373846866036754,0.2739490083039958,0.23796414082585182,0.28935307031510615,0.25243813348511535,0.27903739753129453,0.29164492988369917,0.2762679320354844,0.2681197444998834,0.28430861747122804,0.2869660308694796,0.2853158600320632,0.2745312418444914,0.31087996614906543
0.3318652126292714,0.32352555538722905,0.25871917244233045,1.0,0.35959122875934957,0.3176464683246951,0.30646604970164737,0.5222305374778367,0.34568404921310003,0.5589970560128774,0.3270827412392596,0.525336344918468,0.3375016999541537,0.5680068746715927,0.5981609815685063,0.32090493906981576,0.32161976086446986,0.31461419994900397,0.25354478274293013,0.30306635516734604,0.3078113434071438,0.29030054519036463,0.32335521647973287,0.33191510038267247,0.3281511787269492,0.29423813512249875,0.3191013632656803,0.5409478409266981,0.35185257785267576,0.3285725110346007,0.5312000495438429,0.3427584140237707,0.0,0.3048203720191398,0.3211306437120358,0.4339591610582971,0.3007370187846581,0.3024167222100068,0.4224535943196662,0.3063807262830214,0.5599432914877382,0.31623141080439343,0.315832262952488,0.5472098138628445,0.5361546056840261,0.33977759607462343,0.31183883060166384,0.3108308452347458,0.4908506490083582,0.3569391960825834
0.3464843791598182,0.41788257831363806,0.2592480238337359,0.35959122875934957,1.0,0.4304777287054209,0.3673249026032318,0.3362548566713289,0.37194871406238783,0.36683026982365996,0.5245118589698141,0.30707024681702,0.5156445601573325,0.32244577336645386,0.3598155138200836,0.4068741591170819,0.44019522427556457,0.44205095055632393,0.3535181670897144,0.36324731327081117,0.45161854128992074,0.4057449457543273,0.4532558597580574,0.45159643610551503,0.4469420557479493,0.4116784366234224,0.4660777391782873,0.3060231579497389,0.33884305063309705,0.3613281621567488,0.3223232129288186,0.5040160960259136,0.0,0.4412109691734135,0.4270665789897049,0.2965452928796003,0.374962435582606,0.4515161692912314,0.2779812203157612,0.46440913188338806,0.35757084176674314,0.43276006119859656,0.4754164405661665,0.31408345363075174,0.3212361366928327,0.3110256385814446,0.43590682475548825,0.43546362440702546,0.3066626570031792,0.33215868499914925
0.3549438099479202,0.5309027061500714,0.26894177322797597,0.3176464683246951,0.4304777287054209,1.0,0.39255839534786163,0.32968469440819637,0.3352361266619912,0.3236711808582785,0.4538375270723033,0.3168848940248127,0.42205567567524616,0.3074703214041593,0.30260468606395274,0.3885457396561167,0.4679577175850308,0.4425759750985706,0.36289481960904124,0.385967142203125,0.4158452830253746,0.4282696644478261,0.43241952519020366,0.5713487219388744,0.5352170536048968,0.4186551229097186,0.4266448048382515,0.30910285918795355,0.35310363763235386,0.3349475113414001,0.29738646298572013,0.43217706119590293,0.0,0.4398592911029343,0.5403065576001755,0.32055559201629724,0.37313729645668803,0.4322934063573539,0.31064657563337184,0.43893187020606506,0.3059962531053988,0.4826009584857762,0.43966945738453,0.31991482012513295,0.32678441675099634,0.32071353105391376,0.4820009884992372,0.48408144456568625,0.3092734792262315,0.3512833263908115
0.356023442220595,0.38826106435775776,0.2725495940858996,0.30646604970164737,0.3673249026032318,0.39255839534786163,1.0,0.3081196730063299,0.3496506310970987,0.3050748942626329,0.4004175652658688,0.3011097689469885,0.387768696340295,0.298092871002821,0.2931968036531346,0.757263142980148,0.3777420704792682,0.44104512900011994,0.3535420394491291,0.8746284749251084,0.43211049961931036,0.4041189775386408,0.44131624899669053,0.39446328567063904,0.37417762806619326,0.34321314580050966,0.4036608199610475,0.2971693086694974,0.3376002176277143,0.34244620065082554,0.28664932298972945,0.38036570013573634,0.0,0.40494818814619016,0.3973272058895331,0.31332863711677084,0.7973466457282647,0.36642387598212733,0.28987301524386977,0.39438434276479095,0.2856337453176965,0.39144685818123914,0.40202104684249673,0.3076626134494076,0.3073386887058046,0.3117429593893484,0.37829977800710246,0.37652520311852433,0.2938642534190613,0.34284784350755204
0.3397083461945556,0.33703040746838275,0.26736253537790944,0.5222305374778367,0.3362548566713289,0.32968469440819637,0.3081196730063299,1.0,0.3350527260088041,0.5327758214780441,0.33210649034481843,0.5099767327317606,0.3291243531863194,0.519944251058396,0.5000040621676023,0.3146912857159807,0.3225359904816675,0.3255844290177251,0.2686630165885662,0.3065348614112242,0.3127988641905495,0.3015214571503132,0.3240622321035096,0.3413173812332754,0.32288130736667153,0.29377260960984597,0.3236525063850071,0.6830397575295595,0.3654232291719842,0.3258314424001971,0.5017583208109708,0.3248269455915347,0.0,0.3179542948575095,0.32334833305384925,0.43651232032576426,0.2971532029820505,0.32852180058839,0.429189545218858,0.3227297689343577,0.5047593763428876,0.32133838576628926,0.3269805690975066,0.7004425427086136,0.6708807101115122,0.33599206649157054,0.31656273164663973,0.31551552668152705,0.48341432661090467,0.3569979998894883
0.43311239827170356,0.35066231313257157,0.3051710613668541,0.34568404921310003,0.37194871406238783,0.3352361266619912,0.3496506310970987,0.3350527260088041,1.0,0.355547136321121,0.3721419475640825,0.3210394527761148,0.3665643377953358,0.3314792823606717,0.33862944547823437,0.36650027727420653,0.3448880747068511,0.3520085527614437,0.28020473883319463,0.35121784576146764,0.3448993618351278,0.3251319177101406,0.3537394520379519,0.35444428165106123,0.3419338948702252,0.3157193818275429,0.3613769273639449,0.3185840344433567,0.38579761059691575,0.4597505715408746,0.3281418464308442,0.35442417353934375,0.0,0.3429671974017715,0.3435592135624652,0.32467713262922804,0.34536399797158057,0.3383108742715192,0.28571628722005793,0.35830074792947386,0.3321295327609688,0.35420889637615127,0.36385015585059355,0.32771290696380395,0.3207119742139134,0.35990375593327517,0.34534918348300425,0.3439817924008578,0.32250245735227945,0.3967556563779653
0.3436969465179678,0.3423600948256009,0.2666008855112192,0.5589970560128774,0.36683026982365996,0.3236711808582785,0.3050748942626329,0.5327758214780441,0.355547136321121,1.0,0.34177849712432096,0.509685065335481,0.3493311896581288,0.5402368793298239,0.5394130793831626,0.32419425786179856,0.3183552201206057,0.3192585180017491,0.2553162713858712,0.3035399377846104,0.3100263896337787,0.29218989718021726,0.3138574310441029,0.343358822805934,0.33391897333163567,0.29970621845428236,0.3274975580938613,0.5231504670021563,0.3598826635576361,0.34427840489980743,0.5519786128375034,0.3342110971315745,0.0,0.3057739854523237,0.32226661121453326,0.4408646988988628,0.3019333949201366,0.3139946542798733,0.4304083378112241,0.32232653715551485,0.5637212088298431,0.321311770263385,0.3238186175473915,0.5330286018766477,0.5308255206126886,0.3441368365777724,0.32048659800266643,0.31945692174103446,0.5024587531002809,0.35558911702431384
0.3836346125303517,0.4715522534817477,0.29652929265326733,0.3270827412392596,0.5245118589698141,0.4538375270723033,0.4004175652658688,0.33210649034481843,0.3721419475640825,0.34177849712432096,1.0,0.3278203705845839,0.536981053831703,0.33274704999002447,0.3178036157620838,0.40319883400427425,0.4353387127572168,0.5223783849438466,0.41004612906296656,0.40240433676709275,0.5121216210110067,0.4994989372728903,0.5182020697051611,0.47987720460101146,0.43056469599190217,0.4038398093925485,0.5384967324964595,0.3234480764586941,0.3584496368004897,0.36959800647071406,0.3161403419848591,0.4843644277170711,0.0,0.5060129725231128,0.4622199516097739,0.333369678314942,0.3836731311327879,0.5073568561565951,0.29673001149629374,0.5534231712743598,0.3169927272870525,0.47908160320542126,0.547997141570833,0.3351313967735221,0.3304207580105746,0.34013461167137327,0.4772624317103096,0.4743642628417757,0.3355214632685246,0.36795329791684017
0.3419375107482616,0.3394536507793896,0.26345252303580446,0.525336344918468,0.30707024681702,0.3168848940248127,0.3011097689469885,0.5099767327317606,0.3210394527761148,0.509685065335481,0.3278203705845839,1.0,0.31560225634741346,0.5286166214766815,0.6007630690336416,0.3029911956462902,0.3112838707338068,0.3136739585824536,0.2606722326032247,0.30093720372538046,0.30945697014897144,0.3032139920584438,0.3176726344616493,0.3265406252791151,0.30663901968215024,0.27846063699705625,0.3164807032561139,0.5089021326809979,0.35175556036860545,0.32673900166159464,0.4804140657171646,0.3087535222575778,0.0,0.3088326439102008,0.3197530143138714,0.4284298215854153,0.28829392410732646,0.310399262964442,0.41595672600132927,0.316440704098611,0.48596215331291126,0.31422659240665807,0.3210047671998578,0.5204843224839306,0.514391735795303,0.3426624329766488,0.3149063620638576,0.3142976051402542,0.47202225195184055,0.35244684153370287
0.3590444893697432,0.4411610259337184,0.27918293881673373,0.3375016999541537,0.5156445601573325,0.42205567567524616,0.387768696340295,0.3291243531863194,0.3665643377953358,0.3493311896581288,0.536981053831703,0.31560225634741346,1.0,0.31758948138149834,0.3311953277891255,0.4094104075527276,0.4275517863226851,0.5100182968772036,0.5116530543234692,0.3873465033147112,0.5175945494597758,0.5694655709614072,0.5548808949034465,0.45553080745044316,0.42171519595853224,0.39858467802766906,0.5514083322385227,0.3108014462166442,0.34746256895383,0.36784534546943226,0.31161333449861284,0.5537814442441606,0.0,0.537870792458428,0.44568861730372267,0.3061281139380011,0.3863884484368285,0.49826014100608274,0.2844355205653346,0.5410893443989218,0.32550446836872193,0.4489193049288839,0.5436590560734591,0.31764126437093465,0.31490585312966335,0.3177824914596611,0.44920255024034084,0.44685276471611657,0.3149072837520078,0.34871868598608313
0.32615972062929266,0.32222510593956266,0.26297981671620396,0.5680068746715927,0.32244577336645386,0.3074703214041593,0.298092871002821,0.519944251058396,0.3314792823606717,0.5402368793298239,0.33274704999002447,0.5286166214766815,0.31758948138149834,1.0,0.5763295803448418,0.3052135283013815,0.30653794593079264,0.3158247206344623,0.2535327704619491,0.29914166220107885,0.3039945387114198,0.29268454997807103,0.3179826027845394,0.31327088428403627,0.30127147244405406,0.2795264086791004,0.3195064022593882,0.5419938377645124,0.3566202843404439,0.3236867348065282,0.5328723718654214,0.3126355246200797,0.0,0.3025222126613847,0.31125774576077647,0.43842839118682353,0.28987517314656663,0.3077542760796259,0.42492841714505136,0.31401532077843597,0.5400735599581226,0.31364061189310477,0.31705275510524955,0.547572319556172,0.5317101214234181,0.34290720421646226,0.31096621547642966,0.3101229959546238,0.49770748177281743,0.35573289642630046
0.311698673464782,0.31132774785813044,0.2537776873595702,0.5981609815685063,0.3598155138200836,0.30260468606395274,0.2931968036531346,0.5000040621676023,0.33862944547823437,0.5394130793831626,0.3178036157620838,0.6007630690336416,0.3311953277891255,0.5763295803448418,1.0,0.3111537243930126,0.31416052325870303,0.30390730655889386,0.24331269509284525,0.2905865655046267,0.299056235249067,0.27957675361943757,0.3097627654283416,0.32012838024330015,0.3150562107175072,0.2878495175067952,0.3102555891853116,0.5076504665347368,0.34463478890687504,0.3272384799165905,0.5255394497882138,0.33072059511289753,0.0,0.2947737239550646,0.30962922337638477,0.42663987682892157,0.2902086783985769,0.2985190493011085,0.4122991322036498,0.30290201696621455,0.5462639282096874,0.3035253381062809,0.3123298767143733,0.5102278759286036,0.4983801007531615,0.33205429189922797,0.3095435044343221,0.30839500076002124,0.47049426185330134,0.3541379408964721
0.35490261372718135,0.3886548084248894,0.27368937179520114,0.32090493906981576,0.4068741591170819,0.3885457396561167,0.757263142980148,0.3146912857159807,0.36650027727420653,0.32419425786179856,0.40319883400427425,0.3029911956462902,0.4094104075527276,0.3052135283013815,0.3111537243930126,1.0,0.3871548663734464,0.4205666686479749,0.34085084679992694,0.7599214485692602,0.41610726447867386,0.3943109702348586,0.42888240112300835,0.404765351603004,0.38642290623486397,0.3634320507458102,0.4004699526220443,0.30019780451376354,0.3374723207746614,0.3624325337057568,0.30066002359574506,0.39382276368900637,0.0,0.39588299958043216,0.394147321083842,0.3117662241578183,0.7522711467390032,0.37233469808404984,0.28026569871720886,0.3909171320434617,0.30733431113741516,0.3905267918378812,0.39900024792405364,0.30610214764151267,0.3051659851407096,0.3150896735693399,0.3794345586019997,0.3776504806951472,0.2993390075350847,0.34146865016661854
0.35207947598379297,0.48770092774120755,0.26606629941508464,0.32161976086446986,0.44019522427556457,0.4679577175850308,0.3777420704792682,0.3225359904816675,0.3448880747068511,0.3183552201206057,0.4353387127572168,0.3112838707338068,0.4275517863226851,0.30653794593079264,0.31416052325870303,0.3871548663734464,1.0,0.4252886077190604,0.3455776696602466,0.37761022167347347,0.42463487248202336,0.400046554706869,0.4398733029485766,0.5135656016388255,0.5229050353913627,0.47943804759532427,0.4346866943245663,0.3031776044131923,0.3387848127507733,0.3371285046573911,0.30000246612273496,0.4801342014119331,0.0,0.4362559709670871,0.4930354907531772,0.3108318915031303,0.3721029610514738,0.415121205732055,0.28630110235283734,0.42887629352661105,0.3046079664819409,0.46826937393989543,0.4413739411838383,0.31502424975486754,0.32916050577294986,0.30917267297476025,0.47766052192400943,0.47899292391369974,0.2982336947367812,0.3358097245979682
0.3627841003234312,0.4552172905317897,0.283972351273307,0.31461419994900397,0.44205095055632393,0.4425759750985706,0.44104512900011994,0.3255844290177251,0.3520085527614437,0.3192585180017491,0.5223783849438466,0.3136739585824536,0.5100182968772036,0.3158247206344623,0.30390730655889386,0.4205666686479749,0.4252886077190604,1.0,0.46595026714304977,0.4386013388954654,0.5468825211782997,0.5283203733101369,0.5651138316606368,0.4539174234943809,0.4186092816396191,0.38758271216634466,0.530638920309687,0.3128158394477909,0.3552669044940445,0.3505179941054807,0.3017162351919912,0.47563722337249603,0.0,0.5184969541416627,0.4497654714745589,0.3349270594032583,0.4215882493607589,0.476066280424716,0.30228608412922253,0.519556378342752,0.2970493842259625,0.4625027144289139,0.523184121457188,0.32195878170744696,0.32063545415792016,0.3233830334244411,0.4542804625879203,0.4522345292915857,0.3140235370276806,0.35993159873060065
0.29683020465852883,0.3612935009985818,0.23044293710213448,0.25354478274293013,0.3535181670897144,0.36289481960904124,0.3535420394491291,0.2686630165885662,0.28020473883319463,0.2553162713858712,0.41004612906296656,0.2606722326032247,0.5116530543234692,0.2535327704619491,0.24331269509284525,0.34085084679992694,0.3455776696602466,0.46595026714304977,1.0,0.349056306163981,0.4475785552490227,0.5319885638999575,0.4495953134631058,0.3621798867062537,0.33642648639026873,0.3101256349940684,0.4288585436547252,0.2554366362551368,0.2840276505394016,0.28226647794471893,0.24296252982086564,0.4648865879493034,0.0,0.4220555295860492,0.36441968532756,0.2679689399426808,0.3364055047570812,0.3910641164241868,0.24088701848882943,0.4268400104068901,0.24063493219561516,0.3672625309784753,0.42314605721224585,0.2655864306042127,0.2638049113801384,0.26530330759417,0.36051700292539457,0.35960669659901134,0.255808435496506,0.2866957340789601
0.35520884923409257,0.3935921564061656,0.2749973102666434,0.30306635516734604,0.36324731327081117,0.385967142203125,0.8746284749251084,0.3065348614112242,0.35121784576146764,0.3035399377846104,0.40240433676709275,0.30093720372538046,0.3873465033147112,0.29914166220107885,0.2905865655046267,0.7599214485692602,0.37761022167347347,0.4386013388954654,0.349056306163981,1.0,0.4332278525090921,0.3993095823160756,0.441192045250935,0.3908024894362703,0.37573502095250744,0.34192174743870263,0.4048994395471265,0.29645648825101467,0.339609391787806,0.34387745037871453,0.28738398312304836,0.3776029019229403,0.0,0.402395920594361,0.3946125172897301,0.31240875741199514,0.8046249142102067,0.37055223263144244,0.28595022446022744,0.39966950461897033,0.28440109511507805,0.3925868475536154,0.4047780834185226,0.30618616027567347,0.30421003729426255,0.3151916705984529,0.38176090129482976,0.3799714755626076,0.2961389457289346,0.34355230855273655
0.35109555454930064,0.44215344773996,0.27980513467110435,0.3078113434071438,0.45161854128992074,0.4158452830253746,0.43211049961931036,0.3127988641905495,0.3448993618351278,0.3100263896337787,0.5121216210110067,0.30945697014897144,0.5175945494597758,0.3039945387114198,0.299056235249067,0.41610726447867386,0.42463487248202336,0.5468825211782997,0.4475785552490227,0.4332278525090921,1.0,0.5139889139172888,0.5656263783938398,0.4365351072760477,0.4070704359623125,0.38810193739374044,0.5387844369666173,0.3072676806779363,0.3392283893579596,0.3465492551195506,0.2961029272571668,0.48964848155051466,0.0,0.5271519816343102,0.44194404695978173,0.3166099599315082,0.41561841688180967,0.4914697552113938,0.28319075829834117,0.5307887218671632,0.2943836113708004,0.4391469335030036,0.5306768886447328,0.31429758319834544,0.3145647907569069,0.3232518432217708,0.4512421470903597,0.4498552647056411,0.30839607776460953,0.34621206278275274
0.3426007637047168,0.41681966906140056,0.26783493679941506,0.29030054519036463,0.4057449457543273,0.4282696644478261,0.4041189775386408,0.3015214571503132,0.3251319177101406,0.29218989718021726,0.4994989372728903,0.3032139920584438,0.5694655709614072,0.29268454997807103,0.27957675361943757,0.3943109702348586,0.400046554706869,0.5283203733101369,0.5319885638999575,0.3993095823160756,0.5139889139172888,1.0,0.6728517141335574,0.4337360428883499,0.39110664913541926,0.3593822505168536,0.5118697409031359,0.291651928754476,0.328091474954739,0.32731362592324154,0.27879849257876443,0.4998365639659724,0.0,0.6065622598977936,0.4170136934859259,0.30162511379802004,0.3835806854211672,0.47671277923765343,0.2717843799636729,0.5101843391012997,0.27047523847657917,0.42323926453313365,0.5174837308601388,0.3020963499352536,0.29949420383172687,0.3042628688961414,0.42394654072313886,0.4216314700679158,0.2921138546400476,0.3376102306466866
0.36793855059035896,0.4520241412633347,0.28407406745574626,0.32335521647973287,0.4532558597580574,0.43241952519020366,0.44131624899669053,0.3240622321035096,0.3537394520379519,0.3138574310441029,0.5182020697051611,0.3176726344616493,0.5548808949034465,0.3179826027845394,0.3097627654283416,0.42888240112300835,0.4398733029485766,0.5651138316606368,0.4495953134631058,0.441192045250935,0.5656263783938398,0.6728517141335574,1.0,0.4453393241106648,0.42784087416382455,0.389295643269323,0.5588223107754555,0.3147151848034373,0.3560188544753179,0.3495693129643067,0.3046049899426222,0.5160124394601494,0.0,0.6438002611017786,0.4480192467994071,0.32322657790953335,0.4242490127323856,0.5036568035783963,0.29534631728782046,0.5398410585886448,0.29985279569486856,0.45608004434246174,0.5457756664103202,0.32360125687907015,0.3233385782861843,0.32594441415583475,0.45341838752155483,0.4523397912395808,0.31349407701084464,0.35917108387408647
0.3679359369935511,0.5646705578983942,0.2789180573704393,0.33191510038267247,0.45159643610551503,0.5713487219388744,0.39446328567063904,0.3413173812332754,0.35444428165106123,0.343358822805934,0.47987720460101146,0.3265406252791151,0.45553080745044316,0.31327088428403627,0.32012838024330015,0.404765351603004,0.5135656016388255,0.4539174234943809,0.3621798867062537,0.3908024894362703,0.4365351072760477,0.4337360428883499,0.4453393241106648,1.0,0.5660275185200373,0.4574244656659687,0.4570039897630658,0.3155285044368724,0.35185947067316925,0.3540095218482533,0.3075201697194194,0.4534379188833406,0.0,0.4386642174226576,0.5850818313058156,0.319502852239536,0.38583828046597624,0.43735583122353305,0.29596817344590753,0.4531460780893234,0.3204141055705765,0.5006065308525802,0.4567027546636667,0.3269580432826371,0.33775699440556184,0.3202826245108469,0.49528324469943485,0.4951764579795336,0.3131025860411272,0.35140597251562933
0.34919272811939694,0.5496657034232968,0.2661410059746435,0.3281511787269492,0.4469420557479493,0.5352170536048968,0.37417762806619326,0.32288130736667153,0.3419338948702252,0.33391897333163567,0.43056469599190217,0.30663901968215024,0.42171519595853224,0.30127147244405406,0.3150562107175072,0.38642290623486397,0.5229050353913627,0.4186092816396191,0.33642648639026873,0.37573502095250744,0.4070704359623125,0.39110664913541926,0.42784087416382455,0.5660275185200373,1.0,0.4730400104423431,0.42338064952362575,0.2949933878655473,0.33496221737241105,0.33084733216353646,0.3081244058256021,0.4678939707591928,0.0,0.4118830624087815,0.5607736391730502,0.298173426225085,0.3708468794363017,0.4236465688411556,0.28672171320730666,0.42657075239810716,0.31311898739104227,0.47167115340822796,0.42999459309852084,0.3223521184358189,0.3283215811531318,0.31547092274156663,0.47398848607535937,0.4766433913686293,0.3088581667594077,0.3313948768920213
0.30896666551205765,0.4449234436874471,0.24220729061864965,0.29423813512249875,0.4116784366234224,0.4186551229097186,0.34321314580050966,0.29377260960984597,0.3157193818275429,0.29970621845428236,0.4038398093925485,0.27846063699705625,0.39858467802766906,0.2795264086791004,0.2878495175067952,0.3634320507458102,0.47943804759532427,0.38758271216634466,0.3101256349940684,0.34192174743870263,0.38810193739374044,0.3593822505168536,0.389295643269323,0.4574244656659687,0.4730400104423431,1.0,0.3930653681057773,0.27093645663471966,0.30470862373138385,0.3084612409388289,0.28364249036113454,0.40229367187857423,0.0,0.3762676865240566,0.45132775534455805,0.2754229612916712,0.34189520487566083,0.3845233674165798,0.2528192359629946,0.392646641343127,0.2832470321501507,0.42311414062294594,0.39348961540926386,0.2893183728028167,0.29032172624614005,0.2865886820452278,0.43371903361255015,0.43345995845266505,0.2787487604535821,0.30528221463711835
0.3651118125132783,0.46076935580687306,0.29011932976719557,0.3191013632656803,0.4660777391782873,0.4266448048382515,0.4036608199610475,0.3236525063850071,0.3613769273639449,0.3274975580938613,0.5384967324964595,0.3164807032561139,0.5514083322385227,0.3195064022593882,0.3102555891853116,0.4004699526220443,0.4346866943245663,0.530638920309687,0.4288585436547252,0.4048994395471265,0.5387844369666173,0.5118697409031359,0.5588223107754555,0.4570039897630658,0.42338064952362575,0.3930653681057773,1.0,0.31299137046674164,0.3539625899611125,0.3575265477586068,0.30901492560375343,0.5142861979244387,0.0,0.5221019349436178,0.4492042623085982,0.3178023825405363,0.38940585052033994,0.5804749175523385,0.28370404865045784,0.5603761642067719,0.30952270652056435,0.4590222198938295,0.6328579159210861,0.3286935747351418,0.3192523637336261,0.3303779270758518,0.4551227464834008,0.45307904427148327,0.3211726861180383,0.35572574908665655
0.32967667163588366,0.3267796993592059,0.2673470810419235,0.5409478409266981,0.3060231579497389,0.30910285918795355,0.2971693086694974,0.6830397575295595,0.3185840344433567,0.5231504670021563,0.3234480764586941,0.5089021326809979,0.3108014462166442,0.5419938377645124,0.5076504665347368,0.30019780451376354,0.3031776044131923,0.3128158394477909,0.2554366362551368,0.29645648825101467,0.3072676806779363,0.291651928754476,0.3147151848034373,0.3155285044368724,0.2949933878655473,0.27093645663471966,0.31299137046674164,1.0,0.35714663871813357,0.3174164050140852,0.49404398025045015,0.3119077057735934,0.0,0.3047917427951885,0.3076223107173872,0.425669009950303,0.2863969953900867,0.31514957061491466,0.42062739331652554,0.3107274064010701,0.5062148997931795,0.3098248067995252,0.3121060397071075,0.7818822457233807,0.743186733345844,0.33266626466166005,0.30868384259478177,0.30755521323757207,0.49219968675746895,0.3450024061807221
0.3923512063120125,0.359465102989743,0.3057129871750275,0.35185257785267576,0.33884305063309705,0.35310363763235386,0.3376002176277143,0.3654232291719842,0.38579761059691575,0.3598826635576361,0.3584496368004897,0.35175556036860545,0.34746256895383,0.3566202843404439,0.34463478890687504,0.3374723207746614,0.3387848127507733,0.3552669044940445,0.2840276505394016,0.339609391787806,0.3392283893579596,0.328091474954739,0.3560188544753179,0.35185947067316925,0.33496221737241105,0.30470862373138385,0.3539625899611125,0.35714663871813357,1.0,0.37396500949078715,0.3386841481168861,0.3416489151786197,0.0,0.35047433031622877,0.3493450003841637,0.34841418683774716,0.32611231917759476,0.33760939630963593,0.3270501636095896,0.35300135434186575,0.33570886428715374,0.3451218768997888,0.35153153341818044,0.3602709537460729,0.36129759638166725,0.425016609938781,0.3431102325070773,0.34393880120200504,0.3464155891693199,0.6270505085521754
0.42797273664212765,0.35538506207940646,0.30992987606621514,0.3285725110346007,0.3613281621567488,0.3349475113414001,0.34244620065082554,0.3258314424001971,0.4597505715408746,0.34427840489980743,0.36959800647071406,0.32673900166159464,0.36784534546943226,0.3236867348065282,0.3272384799165905,0.3624325337057568,0.3371285046573911,0.3505179941054807,0.28226647794471893,0.34387745037871453,0.3465492551195506,0.32731362592324154,0.3495693129643067,0.3540095218482533,0.33084733216353646,0.3084612409388289,0.3575265477586068,0.3174164050140852,0.37396500949078715,1.0,0.31809138454606134,0.34430604103974793,0.0,0.3419613726142553,0.34668978510061677,0.3180023147111757,0.33851432807800397,0.33814261563009707,0.28101374500842813,0.36670508932236234,0.32636446362353966,0.35031366588555235,0.35899823299070377,0.3247065580867988,0.3190238588113893,0.3736177511002198,0.35167109068090685,0.3508385409037241,0.32211292323248997,0.38720825241143286
0.30991257444702713,0.3135066525362198,0.2529535999762501,0.5312000495438429,0.3223232129288186,0.29738646298572013,0.28664932298972945,0.5017583208109708,0.3281418464308442,0.5519786128375034,0.3161403419848591,0.4804140657171646,0.31161333449861284,0.5328723718654214,0.5255394497882138,0.30066002359574506,0.30000246612273496,0.3017162351919912,0.24296252982086564,0.28738398312304836,0.2961029272571668,0.27879849257876443,0.3046049899426222,0.3075201697194194,0.3081244058256021,0.28364249036113454,0.30901492560375343,0.49404398025045015,0.3386841481168861,0.31809138454606134,1.0,0.3077726110255843,0.0,0.2912736908506852,0.3035739650890593,0.4227413927172149,0.2848864743244306,0.2957824878751899,0.39946251681752876,0.30199021427905115,0.6495328116371495,0.3061682662416194,0.30436410506739153,0.5074433593045804,0.49207753810760324,0.329381740414325,0.3034064410615579,0.30163238462368125,0.4737812276634046,0.3375760299211349
0.35141135800104484,0.4283296800387645,0.26983035769907227,0.3427584140237707,0.5040160960259136,0.43217706119590293,0.38036570013573634,0.3248269455915347,0.35442417353934375,0.3342110971315745,0.4843644277170711,0.3087535222575778,0.5537814442441606,0.3126355246200797,0.33072059511289753,0.39382276368900637,0.4801342014119331,0.47563722337249603,0.4648865879493034,0.3776029019229403,0.48964848155051466,0.4998365639659724,0.5160124394601494,0.4534379188833406,0.4678939707591928,0.40229367187857423,0.5142861979244387,0.3119077057735934,0.3416489151786197,0.34430604103974793,0.3077726110255843,1.0,0.0,0.49269122604905047,0.43355449102688104,0.2995340195816687,0.38127857922383335,0.48963647045449243,0.28938498122600165,0.5060893545239702,0.31729210676361363,0.43725429769029445,0.523290079694027,0.3173647928746052,0.3259364531794877,0.31204845966911,0.4381998950822762,0.4386557591033098,0.2991442179096132,0.3340785866569346
0.0,0.0,0.0,0.0,0.0,0.0,0.0,0.0,0.0,0.0,0.0,0.0,0.0,0.0,0.0,0.0,0.0,0.0,0.0,0.0,0.0,0.0,0.0,0.0,0.0,0.0,0.0,0.0,0.0,0.0,0.0,0.0,1.0,0.0,0.0,0.0,0.0,0.0,0.0,0.0,0.0,0.0,0.0,0.0,0.0,0.0,0.0,0.0,0.0,0.0
0.3592209503308825,0.4378450882919829,0.2818995706698839,0.3048203720191398,0.4412109691734135,0.4398592911029343,0.40494818814619016,0.3179542948575095,0.3429671974017715,0.3057739854523237,0.5060129725231128,0.3088326439102008,0.537870792458428,0.3025222126613847,0.2947737239550646,0.39588299958043216,0.4362559709670871,0.5184969541416627,0.4220555295860492,0.402395920594361,0.5271519816343102,0.6065622598977936,0.6438002611017786,0.4386642174226576,0.4118830624087815,0.3762676865240566,0.5221019349436178,0.3047917427951885,0.35047433031622877,0.3419613726142553,0.2912736908506852,0.49269122604905047,0.0,1.0,0.4399572200730637,0.3264325554474462,0.3853995243186693,0.4807735448008116,0.3050695774514305,0.5173239949488786,0.28779542186543183,0.4440834625386124,0.5308256980387009,0.3124195017143655,0.3148778041310417,0.31290491556701927,0.4438911717672447,0.44236459213832935,0.3015908591840861,0.35212864578669156
0.35684456462071523,0.5637025788239834,0.276954496264601,0.3211306437120358,0.4270665789897049,0.5403065576001755,0.3973272058895331,0.32334833305384925,0.3435592135624652,0.32226661121453326,0.4622199516097739,0.3197530143138714,0.44568861730372267,0.31125774576077647,0.30962922337638477,0.394147321083842,0.4930354907531772,0.4497654714745589,0.36441968532756,0.3946125172897301,0.44194404695978173,0.4170136934859259,0.4480192467994071,0.5850818313058156,0.5607736391730502,0.45132775534455805,0.4492042623085982,0.3076223107173872,0.3493450003841637,0.34668978510061677,0.3035739650890593,0.43355449102688104,0.0,0.4399572200730637,1.0,0.31405291885567865,0.3792539401941718,0.42435462884549846,0.29700510547630166,0.45617432732054886,0.3047676349511581,0.49846357894875026,0.46014611207996825,0.3156690412962775,0.3194899258323348,0.31829849762775353,0.49269266936206135,0.4935020439452624,0.3078120758692392,0.3446653665530177
0.32111082691197823,0.31490231153007964,0.2664516569276155,0.4339591610582971,0.2965452928796003,0.32055559201629724,0.31332863711677084,0.43651232032576426,0.32467713262922804,0.4408646988988628,0.333369678314942,0.4284298215854153,0.3061281139380011,0.43842839118682353,0.42663987682892157,0.3117662241578183,0.3108318915031303,0.3349270594032583,0.2679689399426808,0.31240875741199514,0.3166099599315082,0.30162511379802004,0.32322657790953335,0.319502852239536,0.298173426225085,0.2754229612916712,0.3178023825405363,0.425669009950303,0.34841418683774716,0.3180023147111757,0.4227413927172149,0.2995340195816687,0.0,0.3264325554474462,0.31405291885567865,1.0,0.2984867970433177,0.29993569283637933,0.4140881585640471,0.31664611597798187,0.42236928514209293,0.312104532163599,0.3143993835401807,0.44154868560231453,0.4430727922898138,0.3275679070591466,0.30718379448602584,0.3059354473951861,0.4366029706575225,0.3519514488241303
0.33995617987707405,0.37429540963082786,0.26373846866036754,0.3007370187846581,0.374962435582606,0.37313729645668803,0.7973466457282647,0.2971532029820505,0.34536399797158057,0.3019333949201366,0.3836731311327879,0.28829392410732646,0.3863884484368285,0.28987517314656663,0.2902086783985769,0.7522711467390032,0.3721029610514738,0.4215882493607589,0.3364055047570812,0.8046249142102067,0.41561841688180967,0.3835806854211672,0.4242490127323856,0.38583828046597624,0.3708468794363017,0.34189520487566083,0.38940585052033994,0.2863969953900867,0.32611231917759476,0.33851432807800397,0.2848864743244306,0.38127857922383335,0.0,0.3853995243186693,0.3792539401941718,0.2984867970433177,1.0,0.356619490743194,0.2746060271503792,0.3763529606741649,0.2833400214290246,0.37792768186539316,0.3890915692528103,0.29514531397899235,0.2930724628229816,0.2994247375196273,0.36424625212693273,0.3625478297516864,0.28248427200630555,0.3272759668900316
0.35824853000093115,0.45947740205447385,0.2739490083039958,0.3024167222100068,0.4515161692912314,0.4322934063573539,0.36642387598212733,0.32852180058839,0.3383108742715192,0.3139946542798733,0.5073568561565951,0.310399262964442,0.49826014100608274,0.3077542760796259,0.2985190493011085,0.37233469808404984,0.415121205732055,0.476066280424716,0.3910641164241868,0.37055223263144244,0.4914697552113938,0.47671277923765343,0.5036568035783963,0.43735583122353305,0.4236465688411556,0.3845233674165798,0.5804749175523385,0.31514957061491466,0.33760939630963593,0.33814261563009707,0.2957824878751899,0.48963647045449243,0.0,0.4807735448008116,0.42435462884549846,0.29993569283637933,0.356619490743194,1.0,0.2811100185937305,0.5235483069230771,0.30247024797918776,0.4436652739597826,0.6138110217515862,0.3260920119845585,0.32302954960777264,0.3158942246346891,0.4503585315237242,0.4492164803730875,0.31691182672411533,0.33800154815627015
0.29410730137419083,0.28871191462731094,0.23796414082585182,0.4224535943196662,0.2779812203157612,0.31064657563337184,0.28987301524386977,0.429189545218858,0.28571628722005793,0.4304083378112241,0.29673001149629374,0.41595672600132927,0.2844355205653346,0.42492841714505136,0.4122991322036498,0.28026569871720886,0.28630110235283734,0.30228608412922253,0.24088701848882943,0.28595022446022744,0.28319075829834117,0.2717843799636729,0.29534631728782046,0.29596817344590753,0.28672171320730666,0.2528192359629946,0.28370404865045784,0.42062739331652554,0.3270501636095896,0.28101374500842813,0.39946251681752876,0.28938498122600165,0.0,0.3050695774514305,0.29700510547630166,0.4140881585640471,0.2746060271503792,0.2811100185937305,1.0,0.29444166362797675,0.4008646158986341,0.29068142851092627,0.2924596924863584,0.43174885416381026,0.4485059364565105,0.2932663274461689,0.2835597147070652,0.2884043900396779,0.40877361669990564,0.3076402662111801
0.3635717273819199,0.4628202294027912,0.28935307031510615,0.3063807262830214,0.46440913188338806,0.43893187020606506,0.39438434276479095,0.3227297689343577,0.35830074792947386,0.32232653715551485,0.5534231712743598,0.316440704098611,0.5410893443989218,0.31401532077843597,0.30290201696621455,0.3909171320434617,0.42887629352661105,0.519556378342752,0.4268400104068901,0.39966950461897033,0.5307887218671632,0.5101843391012997,0.5398410585886448,0.4531460780893234,0.42657075239810716,0.392646641343127,0.5603761642067719,0.3107274064010701,0.35300135434186575,0.36670508932236234,0.30199021427905115,0.5060893545239702,0.0,0.5173239949488786,0.45617432732054886,0.31664611597798187,0.3763529606741649,0.5235483069230771,0.29444166362797675,1.0,0.2992112773121891,0.4634253768519131,0.569615599977063,0.3194279316327756,0.3240079769853075,0.3387051517054669,0.4850586560952903,0.4903090181456974,0.3162597813033967,0.36326393401960533
