../ecoli_genomes/GCF_000163235.1_ASM16323v1_genomic.fna.gz,../ecoli_genomes/GCF_000164555.1_ASM16455v1_genomic.fna.gz,../ecoli_genomes/GCF_000208545.1_ASM20854v2_genomic.fna.gz,../ecoli_genomes/GCF_000233875.1_ASM23387v1_genomic.fna.gz,../ecoli_genomes/GCF_000249735.1_ASM24973v2_genomic.fna.gz,../ecoli_genomes/GCF_000261145.1_Esch_coli_M919_V2_genomic.fna.gz,../ecoli_genomes/GCF_000267705.2_ASM26770v2_genomic.fna.gz,../ecoli_genomes/GCF_000350665.1_Esch_coli_KTE5_V1_genomic.fna.gz,../ecoli_genomes/GCF_000351625.1_Esch_coli_KTE66_V1_genomic.fna.gz,../ecoli_genomes/GCF_000352285.1_Esch_coli_KTE46_V1_genomic.fna.gz,../ecoli_genomes/GCF_000358895.1_ASM35889v1_genomic.fna.gz,../ecoli_genomes/GCF_000456385.1_Esch_coli_HVH_26_4-5703913_V1_genomic.fna.gz,../ecoli_genomes/GCF_000458195.1_Esch_coli_HVH_147_4-5893887_V1_genomic.fna.gz,../ecoli_genomes/GCF_000459755.1_Esch_coli_KOEGE_58_171a_V1_genomic.fna.gz,../ecoli_genomes/GCF_000460055.1_Esch_coli_UMEA_3053-1_V1_genomic.fna.gz,../ecoli_genomes/GCF_000462165.2_ASM46216v2_genomic.fna.gz,../ecoli_genomes/GCF_000601135.1_ASM60113v1_genomic.fna.gz,../ecoli_genomes/GCF_000614595.1_Ec2010EL1058_genomic.fna.gz,../ecoli_genomes/GCF_000617745.1_Ec2010C-4529_genomic.fna.gz,../ecoli_genomes/GCF_000618265.2_EcF6751_genomic.fna.gz,../ecoli_genomes/GCF_000619005.2_Ec2009C-4052_genomic.fna.gz,../ecoli_genomes/GCF_000619105.1_Ec2009C-4780_genomic.fna.gz,../ecoli_genomes/GCF_000619765.2_Ec2009C-3279_genomic.fna.gz,../ecoli_genomes/GCF_000687005.1_ASM68700v1_genomic.fna.gz,../ecoli_genomes/GCF_000687025.1_ASM68702v1_genomic.fna.gz,../ecoli_genomes/GCF_000700125.1_ASM70012v1_genomic.fna.gz,../ecoli_genomes/GCF_000753315.1_FHI35_genomic.fna.gz,../ecoli_genomes/GCF_000776375.1_ASM77637v1_genomic.fna.gz,../ecoli_genomes/GCF_000779395.1_ASM77939v1_genomic.fna.gz,../ecoli_genomes/GCF_000780315.1_ASM78031v1_genomic.fna.gz,../ecoli_genomes/GCF_000781995.1_ASM78199v1_genomic.fna.gz,../ecoli_genomes/GCF_000986765.1_ASM98676v1_genomic.fna.gz,../ecoli_genomes/GCF_001041375.1_ViralProj287958_genomic.fna.gz,../ecoli_genomes/GCF_001265335.1_302014_genomic.fna.gz,../ecoli_genomes/GCF_001265625.1_100854_genomic.fna.gz,../ecoli_genomes/GCF_001267345.1_303289_genomic.fna.gz,../ecoli_genomes/GCF_001309985.1_ASM130998v1_genomic.fna.gz,../ecoli_genomes/GCF_001521695.1_ASM152169v1_genomic.fna.gz,../ecoli_genomes/GCF_001592595.1_ASM159259v1_genomic.fna.gz,../ecoli_genomes/GCF_001614975.1_ASM161497v1_genomic.fna.gz,../ecoli_genomes/GCF_001692775.1_ASM169277v1_genomic.fna.gz,../ecoli_genomes/GCF_001748915.1_ASM174891v1_genomic.fna.gz,../ecoli_genomes/GCF_001749235.1_ASM174923v1_genomic.fna.gz,../ecoli_genomes/GCF_001881155.1_ASM188115v1_genomic.fna.gz,../ecoli_genomes/GCF_001881345.1_ASM188134v1_genomic.fna.gz,../ecoli_genomes/GCF_001892405.1_ASM189240v1_genomic.fna.gz,../ecoli_genomes/GCF_001892585.1_ASM189258v1_genomic.fna.gz,../ecoli_genomes/GCF_001893985.1_ASM189398v1_genomic.fna.gz,../ecoli_genomes/GCF_002001595.1_ASM200159v1_genomic.fna.gz,../ecoli_genomes/GCF_002002145.1_ASM200214v1_genomic.fna.gz
1.0,0.31986630683779227,0.26931723271530805,0.27903199566681647,0.27265000522608096,0.2992337589652563,0.2962331014458328,0.2835348988361376,0.3841537374118875,0.29187622301111915,0.3134842825445022,0.29327421491156536,0.3012621098743543,0.2693838739460406,0.2679934394159258,0.29802638829181605,0.27364452689527297,0.29957734761111576,0.2722613931891591,0.2955940022814143,0.2930080611736381,0.28602788255871925,0.3070056661946884,0.3019099366310932,0.280619083537079,0.30191718547275337,0.3038175752619363,0.28115954923698083,0.3395335881401439,0.38136696931315006,0.25824608708283114,0.3048357394014094,0.0,0.30254884613751465,0.3032349858921253,0.2761031907422008,0.281566205471674,0.31023980530725437,0.2505864528446109,0.30925645030461,0.26485273747512217,0.2968226733901349,0.30412476711466574,0.285514166531749,0.29350150987899815,0.31167289687852606,0.3013596448787491,0.29961022875661847,0.2716741359376159,0.34304589117705153
0.31986630683779227,1.0,0.2399375850421659,0.27014851141528107,0.367740191088766,0.5373235075222422,0.346441824824971,0.2736964666982483,0.29082096361473786,0.2796777711676003,0.423286430684533,0.2781475149422752,0.41560105028660577,0.2572814537579292,0.25686222606319586,0.34688245702560705,0.3481451421741991,0.4133713730345735,0.37094480806242913,0.34883959813203547,0.3971742745223552,0.3776369652606032,0.41131958857123996,0.4898428461104628,0.43928737856580113,0.4790034473642939,0.41087634786622806,0.2716364903253049,0.30150364202796065,0.3007027185068737,0.24966239943891821,0.3939525223715896,0.0,0.3982630347464652,0.5596541283239715,0.25882791513484416,0.32789509174989484,0.42309190667478747,0.2356009399917962,0.4186606672174422,0.25499970338899114,0.47559584650736575,0.41763861247263656,0.28181089069915954,0.2816263238960226,0.2759476989437365,0.47652417676191205,0.4795177161338041,0.2800317325867173,0.2945331819791577
0.26931723271530805,0.2399375850421659,1.0,0.2108094623200173,0.20282531704142004,0.21833943510979803,0.22208027749416404,0.21246152077204639,0.24852133783080566,0.21849327178180167,0.23611316679782313,0.21183396497200924,0.23128652240055558,0.21080486737492343,0.2069087603903731,0.2241492290114253,0.1675670918788561,0.2281059775911478,0.20733807714030517,0.2242094095942977,0.22478616738925383,0.21249784328456112,0.23033126287504613,0.20042309363995248,0.1819030071632166,0.21558124846746352,0.23118817083156684,0.21549045579356785,0.25237966355259966,0.26064426753985115,0.2011000001836778,0.22011485430175004,0.0,0.22751576691208952,0.2201975677487682,0.2181949512016037,0.2100556497064957,0.22913927089489738,0.1939333034975983,0.23377126239143853,0.20694687815725665,0.22640105605564065,0.23862297325586967,0.21841710711065132,0.2132288188622472,0.23920094839501727,0.2327532314706936,0.23376208096886109,0.22196842922260074,0.2528621729777173
0.27903199566681647,0.27014851141528107,0.2108094623200173,1.0,0.2527565541998321,0.25740446541706097,0.24947756043399372,0.4850046282219076,0.2788114747165953,0.5181024538977175,0.2635520530616944,0.5025721210378651,0.27064707712208,0.5380528599321073,0.5492546554602051,0.2630039624559678,0.2065535784651671,0.2570159094995197,0.2356643968861144,0.24999495301420627,0.25287880150579045,0.2412269840874819,0.26703356728524885,0.24277994494113753,0.22837022034152354,0.2598716894290203,0.26319123819143697,0.5203937335187543,0.28909593402590716,0.2702645655466729,0.49789331365027,0.2705703224974192,0.0,0.2542679109752757,0.2553879999161047,0.4095103308177862,0.24170919634728516,0.25907169429369936,0.40635132946626595,0.2580237281368093,0.5161923751320572,0.25306982500116515,0.2591479752877798,0.516248865683392,0.5140591490513932,0.29010421833548217,0.2513972393706573,0.25271941102304163,0.45060847121342507,0.2956999396397286
0.27265000522608096,0.367740191088766,0.20282531704142004,0.2527565541998321,1.0,0.37461282171016486,0.2999835074153303,0.25358011923254453,0.27490110206902607,0.2626785381098462,0.47974875831357855,0.24506455426789142,0.4393112413295437,0.24350681151139575,0.2619198118444196,0.33530128682553195,0.30962108579235215,0.38694688926417053,0.3526886763387149,0.3028612291244266,0.40070137065498335,0.3661802319790691,0.39571105066752044,0.3695096549409551,0.32323436933313887,0.3790822525557954,0.4033717175067908,0.23504833623472798,0.26447507471970266,0.2718927092674356,0.24355977905016657,0.423909320678887,0.0,0.39908807252048795,0.37181858558441716,0.2318332719552384,0.3039611995799294,0.43332019403617317,0.2827745828146111,0.41695212164236306,0.25440746940415815,0.37518595281978306,0.4196817294809494,0.24125372399372502,0.24343304008190336,0.24763204853340326,0.38446179990423657,0.38708424749378867,0.23988471540473433,0.2661286015146035
0.2992337589652563,0.5373235075222422,0.21833943510979803,0.25740446541706097,0.37461282171016486,1.0,0.3509601946699519,0.2726632874096082,0.2845179894310147,0.25931540262636643,0.41147877206246075,0.25736798988894793,0.4001945039903848,0.24577313559901093,0.24742903802194038,0.35022707205441694,0.35580799753103287,0.4092349918275615,0.3782205370698736,0.3456581506997132,0.38633296359283487,0.4120656476927004,0.40443140768547203,0.47459083329370144,0.456240557885467,0.45461267589955656,0.38685518952339937,0.26055773153150974,0.29468349130822413,0.2826743763806243,0.23732843823037342,0.4012671844788305,0.0,0.40295860411865303,0.5470062137886254,0.260658241615519,0.331170174358276,0.39994453179858824,0.2406667755052183,0.40216117267325036,0.24401715196177887,0.45793944354865845,0.40225029401485146,0.2598596601338895,0.26015904249133215,0.26774760746924076,0.4626659502200615,0.4656479265848307,0.25355783159999,0.29390332978173384
0.2962331014458328,0.346441824824971,0.22208027749416404,0.24947756043399372,0.2999835074153303,0.3509601946699519,1.0,0.25150287532893967,0.2903729636352147,0.24878745911820588,0.35220277439370284,0.24968457868738447,0.34560929056243117,0.2414650007840895,0.24025538538623048,0.7661871919446095,0.25247568516531793,0.38630720263294116,0.344829189424783,0.8659322174502249,0.3845356372036056,0.35418401148662126,0.38211989251582335,0.3040115392957691,0.2764205220981746,0.3316832904650837,0.35200785613286023,0.2493773005943487,0.28519857216184485,0.287038692948942,0.23094461503269725,0.3325677061116653,0.0,0.3501830273267814,0.35424108973702295,0.2643277646633797,0.7945220944143898,0.3312125150921139,0.23752704259559865,0.34621596621383166,0.23077766619283668,0.33803790970479286,0.3483055754945973,0.24970978458478965,0.2511659148785841,0.2634607263353783,0.33419461130138317,0.3364732309651388,0.24325507445794703,0.285817375316192
0.2835348988361376,0.2736964666982483,0.21246152077204639,0.4850046282219076,0.25358011923254453,0.2726632874096082,0.25150287532893967,1.0,0.27509451237850935,0.4928546139673947,0.27093614529277676,0.4766352935261613,0.274939729441977,0.4713604288619069,0.4687592435941652,0.2604512998424521,0.22229399187842291,0.2616994678509518,0.2468489515996708,0.2512368190490726,0.25391913716732584,0.24842061909950341,0.26486860354127906,0.26093633231595226,0.2332512405414775,0.2641630681961058,0.2703910465508098,0.6800534921867688,0.3016260847812626,0.27407960550800714,0.45924973074289677,0.27088512660439334,0.0,0.2644037070438978,0.26074590029213196,0.4004958825551781,0.24184771452637976,0.27974086176028967,0.39710291581299406,0.2703028674617656,0.47436303224398524,0.2566745671374655,0.2689613087933409,0.6856685625752179,0.6617147525607858,0.292197276243671,0.25476202053829755,0.256598744016294,0.43764660658153376,0.3000299486883996
0.3841537374118875,0.29082096361473786,0.24852133783080566,0.2788114747165953,0.27490110206902607,0.2845179894310147,0.2903729636352147,0.27509451237850935,1.0,0.2871555583806883,0.301575669772825,0.26561532463376303,0.30492185708297725,0.27059847040600205,0.2781838650001175,0.3051277245525428,0.21667463199008097,0.29223099602369185,0.2596407758097288,0.2943211713302887,0.28294576564322393,0.27423408451985765,0.2962790767956619,0.26621474302762616,0.23363567502795435,0.28339443106245776,0.29925611227978877,0.267489347932541,0.3324449804121379,0.40593246287237916,0.2647552978857969,0.28486977429233906,0.0,0.28911134418868034,0.28860554041420317,0.2741645797585608,0.2826562528751836,0.2871202802215683,0.2387223598751652,0.2982145592122102,0.26850307490297276,0.2889247294925834,0.30186108372021137,0.26949333521912966,0.2662189284503125,0.31077686595444,0.28333141918250193,0.28529213704605416,0.2656109807538357,0.3369645976934552
0.29187622301111915,0.2796777711676003,0.21849327178180167,0.5181024538977175,0.2626785381098462,0.25931540262636643,0.24878745911820588,0.4928546139673947,0.2871555583806883,1.0,0.27970551999819915,0.48317325941208433,0.2858352187410599,0.49849514902410563,0.5027172809326346,0.2675284184324026,0.19792514283923168,0.26456143488454653,0.24289217099839422,0.25155690323904734,0.25535758390172913,0.24814893759810908,0.2619040776843411,0.23885626389109882,0.21961880357715813,0.26178159700854675,0.26999663382986383,0.49942294084950534,0.30144587090333963,0.2820056433287642,0.5214135850372843,0.26535600573721774,0.0,0.25842680454545275,0.25723433112248817,0.4273746560621491,0.24418608092271554,0.2664491549197219,0.4139731444354904,0.2723734255599948,0.5258413623467466,0.2608865685969277,0.2663616358222739,0.5014683439566168,0.5044195482637814,0.29451167179583126,0.2579304612399579,0.2592947383472587,0.4697802027400506,0.2980003958838501
0.3134842825445022,0.423286430684533,0.23611316679782313,0.2635520530616944,0.47974875831357855,0.41147877206246075,0.35220277439370284,0.27093614529277676,0.301575669772825,0.27970551999819915,1.0,0.2721702097795198,0.5200595235282729,0.2625587223547926,0.26379969923932556,0.36052443284749325,0.29851423364049245,0.4796813698579532,0.44397313144203154,0.35545816736152913,0.48170236180712755,0.4754049403571383,0.4870835814472876,0.3673589721699281,0.3290499850207248,0.41162954076017844,0.4982750321059529,0.2687962554275608,0.29485783561554735,0.30629954813302107,0.2531034055509451,0.4650470421077054,0.0,0.47034838290076963,0.4279469549686261,0.2710486640640901,0.3377192163869446,0.48276945523975046,0.24664532653297977,0.5191363145754413,0.256965729518599,0.43754257514004835,0.5019976600558336,0.2713686726733,0.2704193423599546,0.2819113804676817,0.4297096170025241,0.4318032813275824,0.27167468610022194,0.30063892357232
0.29327421491156536,0.2781475149422752,0.21183396497200924,0.5025721210378651,0.24506455426789142,0.25736798988894793,0.24968457868738447,0.4766352935261613,0.26561532463376303,0.48317325941208433,0.2721702097795198,1.0,0.2661768331267971,0.4892332733761585,0.6082770981236494,0.25620443539250026,0.21740195262539075,0.2535353092007032,0.2417395976309784,0.24811769019595997,0.2531486018991713,0.2500486821460578,0.26186065926502966,0.24856711645901364,0.23470574312320436,0.25904117697728657,0.26235559061238756,0.48869213894813235,0.3018133196142184,0.2705119442681023,0.4471181567646436,0.2678335391267589,0.0,0.26055990030717036,0.26007292387012804,0.3974955635257529,0.2368428506660859,0.263985641808582,0.40511921297665887,0.26400647276846956,0.46683498789304767,0.24786383768132703,0.2626461337977417,0.4930489611769838,0.49540611317461225,0.29483582384397633,0.2571923794693969,0.25618237519190423,0.4375420111772652,0.2958501544520856
0.3012621098743543,0.41560105028660577,0.23128652240055558,0.27064707712208,0.4393112413295437,0.4001945039903848,0.34560929056243117,0.274939729441977,0.30492185708297725,0.2858352187410599,0.5200595235282729,0.2661768331267971,1.0,0.25963943695341307,0.27125877632658735,0.3648693237323637,0.2959592212878679,0.4912334933012723,0.49037351064503387,0.34938327951826587,0.5048021036315181,0.5352381118934537,0.5537331493863238,0.36976787793046995,0.31801389445082573,0.3978701219767059,0.5254766362361657,0.2660473875452425,0.29495913537578666,0.3104962038656083,0.2590921744926269,0.5030115632830088,0.0,0.529854591052092,0.41939595746448755,0.2632378064841383,0.33824809123990474,0.500880146943141,0.23569433253751781,0.5395558933256284,0.265057735539308,0.42563737165411764,0.5261661680332528,0.2665174833577483,0.265254099859467,0.2715345990714503,0.4227979366385243,0.42482495580108615,0.26940067570102233,0.2948381078746215
0.2693838739460406,0.2572814537579292,0.21080486737492343,0.5380528599321073,0.24350681151139575,0.24577313559901093,0.2414650007840895,0.4713604288619069,0.27059847040600205,0.49849514902410563,0.2625587223547926,0.4892332733761585,0.25963943695341307,1.0,0.5455425891018955,0.24837630643776232,0.1894981325794851,0.2516042599273308,0.23315836307016724,0.24465035337365093,0.24296689612260636,0.23687574686322976,0.2556747352459562,0.22042007615774084,0.20367145437769896,0.2460867743021109,0.25930399964208517,0.5097101846472316,0.29715218488954076,0.26238027285447096,0.4879730554145554,0.2512885405198829,0.0,0.2544603330150612,0.2492742761990907,0.41113880102142664,0.23115470214788592,0.2583508780168077,0.4034951029040931,0.2549323035679063,0.5082239115625211,0.2470991433006673,0.2571258849751945,0.5058417479736526,0.5043157869415302,0.2925702623665174,0.24797775298250757,0.24967826893752354,0.4522050739049098,0.3008593467541312
0.2679934394159258,0.25686222606319586,0.2069087603903731,0.5492546554602051,0.2619198118444196,0.24742903802194038,0.24025538538623048,0.4687592435941652,0.2781838650001175,0.5027172809326346,0.26379969923932556,0.6082770981236494,0.27125877632658735,0.5455425891018955,1.0,0.2611606741269461,0.19858806091964132,0.24970718606665265,0.23103254357928504,0.24280333366919338,0.24684271205788866,0.2398857445247008,0.2607174268757739,0.22973924934563172,0.2131122773243207,0.25292626149291475,0.26081382604046344,0.48881200503482214,0.29184294274527156,0.26985463932343123,0.49701520051811443,0.2624424538465451,0.0,0.25488371644285335,0.24924760720692785,0.4027300528028168,0.2360483161896162,0.25769832771610046,0.4002143894076444,0.2573278070796712,0.5110668980879003,0.24473798303736272,0.25760933173814815,0.4887281560865461,0.48691780599559087,0.2958639234089465,0.2530864144194154,0.2555707279329077,0.44487349482208594,0.3058463277910345
0.29802638829181605,0.34688245702560705,0.2241492290114253,0.2630039624559678,0.33530128682553195,0.35022707205441694,0.7661871919446095,0.2604512998424521,0.3051277245525428,0.2675284184324026,0.36052443284749325,0.25620443539250026,0.3648693237323637,0.24837630643776232,0.2611606741269461,1.0,0.2571154608437234,0.37548451703534624,0.3364436267328025,0.7826451033526289,0.36923587177643413,0.3473131560184525,0.374132780086734,0.31561027503950156,0.2837550552908068,0.3455166384776549,0.3492957511597864,0.25021042887970635,0.28427164411713135,0.29916222494081934,0.24821132882683616,0.3433203326353049,0.0,0.34649196721337583,0.352466387882002,0.2650614454402317,0.7434518644631938,0.33632870090038836,0.23486805593429982,0.34984340521150503,0.25052280515005243,0.3414148130518516,0.3505264148181415,0.2520408436227459,0.2549478949048338,0.26550222035921156,0.3362426169995747,0.3381241447105049,0.24856100980383433,0.2867026308769536
0.27364452689527297,0.3481451421741991,0.1675670918788561,0.2065535784651671,0.30962108579235215,0.35580799753103287,0.25247568516531793,0.22229399187842291,0.21667463199008097,0.19792514283923168,0.29851423364049245,0.21740195262539075,0.2959592212878679,0.1894981325794851,0.19858806091964132,0.2571154608437234,1.0,0.2905617551188485,0.2635183059650267,0.25156798210045495,0.2851706283425274,0.2802039606118131,0.3008737454187097,0.5756576758882412,0.5675944586942628,0.4860567632948636,0.2904388311173074,0.20527462796944285,0.22585851469669838,0.2176292843195864,0.18301837634719653,0.4023454960911831,0.0,0.30813775083768,0.37330213288924163,0.19823295064753255,0.24520365240781605,0.30664427376979353,0.2004372928738205,0.3112903890627813,0.18560286002215576,0.3291679392318875,0.29321142588187077,0.22127514722199382,0.22683570269456133,0.20509709491181627,0.37126904974380903,0.3552601311288379,0.18998338638873624,0.22910847451682492
0.29957734761111576,0.4133713730345735,0.2281059775911478,0.2570159094995197,0.38694688926417053,0.4092349918275615,0.38630720263294116,0.2616994678509518,0.29223099602369185,0.26456143488454653,0.4796813698579532,0.2535353092007032,0.4912334933012723,0.2516042599273308,0.24970718606665265,0.37548451703534624,0.2905617551188485,1.0,0.4921872399395887,0.3864536896090266,0.5185041987087559,0.4930394315336868,0.5288941035721152,0.35791921330475085,0.3162515782228631,0.3911734974283041,0.4981679605544901,0.2616518639678228,0.29157435595018455,0.2935166680032365,0.2433389023305983,0.45728312083684175,0.0,0.4818449426476744,0.4185291903688121,0.277981438563888,0.3700809528588066,0.46271778864350366,0.24546087047286735,0.4986394270084662,0.24453536928595632,0.42483463202973226,0.4842671138600483,0.2604244577452378,0.2605601381504945,0.26810394185744435,0.4213428007714737,0.42398772273353813,0.2568002040599737,0.2928481256041864
0.2722613931891591,0.37094480806242913,0.20733807714030517,0.2356643968861144,0.3526886763387149,0.3782205370698736,0.344829189424783,0.2468489515996708,0.2596407758097288,0.24289217099839422,0.44397313144203154,0.2417395976309784,0.49037351064503387,0.23315836307016724,0.23103254357928504,0.3364436267328025,0.2635183059650267,0.4921872399395887,1.0,0.3414972647994091,0.4737755845813125,0.49986478378925325,0.47155627029926916,0.3214868615322062,0.29199643369760875,0.35010656831393017,0.4479364806115025,0.2425981249542446,0.2652844958117365,0.2689293299546873,0.22195261685041978,0.4488249751759591,0.0,0.43768580283123026,0.38661987430891476,0.25302443654641893,0.3281994737307914,0.4207791264676082,0.22631896155430242,0.4550493874081879,0.2272387218484211,0.3800663952590366,0.43821453694840506,0.24429576911952533,0.24540640756928078,0.2480114835108096,0.3726203589471526,0.3760675984432742,0.23702777678996656,0.26767966090718365
0.2955940022814143,0.34883959813203547,0.2242094095942977,0.24999495301420627,0.3028612291244266,0.3456581506997132,0.8659322174502249,0.2512368190490726,0.2943211713302887,0.25155690323904734,0.35545816736152913,0.24811769019595997,0.34938327951826587,0.24465035337365093,0.24280333366919338,0.7826451033526289,0.25156798210045495,0.3864536896090266,0.3414972647994091,1.0,0.3827758518767367,0.3492467724085305,0.3828609622221868,0.30522264489239526,0.27421249066401865,0.33349141074557975,0.3542080749455002,0.2502730935697344,0.28366704503484386,0.2906667438050593,0.23385647696048262,0.3330063958032362,0.0,0.3491901087349575,0.35376486999410983,0.26370992510832625,0.8009877168329036,0.33558011689959655,0.23399237757560443,0.35040247448694595,0.23416831815256345,0.34088379466385166,0.35198422152526976,0.24973200355390612,0.25013777586836683,0.26587967649517563,0.3375023438239396,0.33981394601879966,0.24646415293651347,0.2870824633562995
0.2930080611736381,0.3971742745223552,0.22478616738925383,0.25287880150579045,0.40070137065498335,0.38633296359283487,0.3845356372036056,0.25391913716732584,0.28294576564322393,0.25535758390172913,0.48170236180712755,0.2531486018991713,0.5048021036315181,0.24296689612260636,0.24684271205788866,0.36923587177643413,0.2851706283425274,0.5185041987087559,0.4737755845813125,0.3827758518767367,1.0,0.493787799886923,0.5384196223646758,0.34462188627053725,0.30851531273161925,0.3857857249455755,0.5070396225007263,0.2554855896687295,0.2788902853598081,0.28973117373183244,0.23380921977600755,0.4706143916734833,0.0,0.49679924760600347,0.40795017002316347,0.26722236029989843,0.36519396417327,0.474690130729006,0.23901009187757005,0.5103381227890871,0.2398864331870848,0.39993526511870625,0.49564372850275074,0.2555757500346465,0.2566015495132534,0.2694878191504283,0.4128194470573783,0.41524107393662524,0.25254412310474716,0.28456071829884155
0.28602788255871925,0.3776369652606032,0.21249784328456112,0.2412269840874819,0.3661802319790691,0.4120656476927004,0.35418401148662126,0.24842061909950341,0.27423408451985765,0.24814893759810908,0.4754049403571383,0.2500486821460578,0.5352381118934537,0.23687574686322976,0.2398857445247008,0.3473131560184525,0.2802039606118131,0.4930394315336868,0.49986478378925325,0.3492467724085305,0.493787799886923,1.0,0.6748090276883104,0.32834846762547176,0.3091902377294212,0.3662598991930277,0.48245800238498837,0.248805755677731,0.2724329279259802,0.2739402601532025,0.2258047733428301,0.4721205875129486,0.0,0.5916064685971012,0.38968755691146406,0.24959665253805896,0.33674762726404084,0.45640487980702804,0.2243448530598462,0.4930404380903176,0.22881947662242808,0.3875726553334986,0.4808624690076434,0.24766334433549453,0.24835332532148024,0.2568592290693281,0.38412054317941213,0.3860422337324124,0.2447183683404066,0.2800337121017461
0.3070056661946884,0.41131958857123996,0.23033126287504613,0.26703356728524885,0.39571105066752044,0.40443140768547203,0.38211989251582335,0.26486860354127906,0.2962790767956619,0.2619040776843411,0.4870835814472876,0.26186065926502966,0.5537331493863238,0.2556747352459562,0.2607174268757739,0.374132780086734,0.3008737454187097,0.5288941035721152,0.47155627029926916,0.3828609622221868,0.5384196223646758,0.6748090276883104,1.0,0.3575592969903477,0.3169457210281058,0.3910120356120873,0.5290962312657101,0.26562640744850263,0.29554954220730867,0.29167184582770134,0.24290235348003908,0.48842961358105896,0.0,0.6429445834511394,0.41552905683799546,0.27400492477375005,0.365161711447233,0.4930789466596802,0.24893537146617228,0.525342641219519,0.24752332636060959,0.4150020546813814,0.514412563452983,0.2654327223307873,0.26632466431601387,0.270040328807721,0.4093160395577894,0.4120230714655587,0.2640752089896189,0.2975206734949779
0.3019099366310932,0.4898428461104628,0.20042309363995248,0.24277994494113753,0.3695096549409551,0.47459083329370144,0.3040115392957691,0.26093633231595226,0.26621474302762616,0.23885626389109882,0.3673589721699281,0.24856711645901364,0.36976787793046995,0.22042007615774084,0.22973924934563172,0.31561027503950156,0.5756576758882412,0.35791921330475085,0.3214868615322062,0.30522264489239526,0.34462188627053725,0.32834846762547176,0.3575592969903477,1.0,0.5851240117540967,0.5144981662882722,0.35641937360446063,0.23566594003407504,0.27169109853959195,0.26812937632977696,0.22042784525575287,0.42177001643354317,0.0,0.35873383666613945,0.5088481940529637,0.2281268944804139,0.2953683479991388,0.36177366826044355,0.21924102331686068,0.3708016198890042,0.2241639207803613,0.4147232187667189,0.3565160526973816,0.24807657542871264,0.2534219956908583,0.24080543533425403,0.4365586506057255,0.4249124415726533,0.22766741282458114,0.2644311995314612
0.280619083537079,0.43928737856580113,0.1819030071632166,0.22837022034152354,0.32323436933313887,0.456240557885467,0.2764205220981746,0.2332512405414775,0.23363567502795435,0.21961880357715813,0.3290499850207248,0.23470574312320436,0.31801389445082573,0.20367145437769896,0.2131122773243207,0.2837550552908068,0.5675944586942628,0.3162515782228631,0.29199643369760875,0.27421249066401865,0.30851531273161925,0.3091902377294212,0.3169457210281058,0.5851240117540967,1.0,0.5085212998878541,0.3107464890450078,0.2164279036550204,0.23581428380215264,0.23065065633488824,0.19846685789508878,0.41549684901106954,0.0,0.3152644531781582,0.45974247348939445,0.20814921823784371,0.2701312479332847,0.3387743645923842,0.20358621801610788,0.327605003179254,0.2048261369478268,0.3613907873985467,0.31621887895658507,0.23709290666243288,0.23543981837224448,0.22332500926003862,0.3962131844194646,0.3809005590014857,0.21343690260467807,0.23894710918987017
0.30191718547275337,0.4790034473642939,0.21558124846746352,0.2598716894290203,0.3790822525557954,0.45461267589955656,0.3316832904650837,0.2641630681961058,0.28339443106245776,0.26178159700854675,0.41162954076017844,0.25904117697728657,0.3978701219767059,0.2460867743021109,0.25292626149291475,0.3455166384776549,0.4860567632948636,0.3911734974283041,0.35010656831393017,0.33349141074557975,0.3857857249455755,0.3662598991930277,0.3910120356120873,0.5144981662882722,0.5085212998878541,1.0,0.38874960054706664,0.24863716159231908,0.27278672609055543,0.2831244904773629,0.24044757982235176,0.42372499655995177,0.0,0.38134823012576535,0.48647075245312366,0.25048206892176805,0.32381537672772587,0.39224529020625987,0.22756423033057893,0.40663717963992707,0.24460914425928226,0.4495607266017222,0.38607993420783915,0.2680203969178321,0.26350768192103136,0.25693228896352394,0.47078941283958975,0.46569703788436767,0.2575454976325122,0.2812895384125448
0.3038175752619363,0.41087634786622806,0.23118817083156684,0.26319123819143697,0.4033717175067908,0.38685518952339937,0.35200785613286023,0.2703910465508098,0.29925611227978877,0.26999663382986383,0.4982750321059529,0.26235559061238756,0.5254766362361657,0.25930399964208517,0.26081382604046344,0.3492957511597864,0.2904388311173074,0.4981679605544901,0.4479364806115025,0.3542080749455002,0.5070396225007263,0.48245800238498837,0.5290962312657101,0.35641937360446063,0.3107464890450078,0.38874960054706664,1.0,0.2632174909159478,0.29639681182608013,0.2997213371324776,0.25084940961544544,0.48222651418689255,0.0,0.4957242009360472,0.41364987567601197,0.26705213333488564,0.33330682217824337,0.5753581879882235,0.23427969539978188,0.5413178252619342,0.253675797575305,0.4167118017493531,0.6119873506043711,0.27071361454489906,0.2667881639468642,0.2764299329303306,0.41297889305104396,0.41511524796426724,0.2706966116672369,0.2991315424534189
0.28115954923698083,0.2716364903253049,0.21549045579356785,0.5203937335187543,0.23504833623472798,0.26055773153150974,0.2493773005943487,0.6800534921867688,0.267489347932541,0.49942294084950534,0.2687962554275608,0.48869213894813235,0.2660473875452425,0.5097101846472316,0.48881200503482214,0.25021042887970635,0.20527462796944285,0.2616518639678228,0.2425981249542446,0.2502730935697344,0.2554855896687295,0.248805755677731,0.26562640744850263,0.23566594003407504,0.2164279036550204,0.24863716159231908,0.2632174909159478,1.0,0.30240749715084747,0.26829997316758847,0.46584436765733983,0.2619390550923031,0.0,0.2577507401124145,0.25727611589726407,0.4066802261994058,0.23612046924085872,0.2730445864511267,0.40983328853215584,0.2648612865982761,0.4825387268695912,0.2530949509596081,0.2625976232109217,0.7967445741666492,0.764027923356859,0.2924403863824593,0.2569360544297302,0.2566942572736447,0.4621848687795842,0.2968035937132931
0.3395335881401439,0.30150364202796065,0.25237966355259966,0.28909593402590716,0.26447507471970266,0.29468349130822413,0.28519857216184485,0.3016260847812626,0.3324449804121379,0.30144587090333963,0.29485783561554735,0.3018133196142184,0.29495913537578666,0.29715218488954076,0.29184294274527156,0.28427164411713135,0.22585851469669838,0.29157435595018455,0.2652844958117365,0.28366704503484386,0.2788902853598081,0.2724329279259802,0.29554954220730867,0.27169109853959195,0.23581428380215264,0.27278672609055543,0.29639681182608013,0.30240749715084747,1.0,0.32122760654270044,0.2800011166039772,0.28460701230525265,0.0,0.2909692625253133,0.2859947236216682,0.30052827061568554,0.2701541313223601,0.2953075522309896,0.26974480600300443,0.2959247829046111,0.279353827555357,0.2890989960140158,0.2947017102892222,0.29751207358398624,0.2992302747710721,0.39156955862645737,0.2854753532262362,0.28678832136119836,0.291938374530489,0.612383001833182
0.38136696931315006,0.3007027185068737,0.26064426753985115,0.2702645655466729,0.2718927092674356,0.2826743763806243,0.287038692948942,0.27407960550800714,0.40593246287237916,0.2820056433287642,0.30629954813302107,0.2705119442681023,0.3104962038656083,0.26238027285447096,0.26985463932343123,0.29916222494081934,0.2176292843195864,0.2935166680032365,0.2689293299546873,0.2906667438050593,0.28973117373183244,0.2739402601532025,0.29167184582770134,0.26812937632977696,0.23065065633488824,0.2831244904773629,0.2997213371324776,0.26829997316758847,0.32122760654270044,1.0,0.26088061532934403,0.27895988874414446,0.0,0.2822555313093703,0.29251052492589913,0.2753199416279313,0.27646800075796585,0.28886192795203536,0.24157433147929241,0.30975199964736,0.2681453127424176,0.29465192061740264,0.30157648369358214,0.2716851697208982,0.2686546668201294,0.3162936917415886,0.2935470287857115,0.2958482139728046,0.26545689272515105,0.33072601929413004
0.25824608708283114,0.24966239943891821,0.2011000001836778,0.49789331365027,0.24355977905016657,0.23732843823037342,0.23094461503269725,0.45924973074289677,0.2647552978857969,0.5214135850372843,0.2531034055509451,0.4471181567646436,0.2590921744926269,0.4879730554145554,0.49701520051811443,0.24821132882683616,0.18301837634719653,0.2433389023305983,0.22195261685041978,0.23385647696048262,0.23380921977600755,0.2258047733428301,0.24290235348003908,0.22042784525575287,0.19846685789508878,0.24044757982235176,0.25084940961544544,0.46584436765733983,0.2800011166039772,0.26088061532934403,1.0,0.2454257827992471,0.0,0.24433538702544955,0.23694888905056855,0.39908374861421514,0.22693699856202842,0.24612324307914968,0.3804106624389233,0.24959756693592083,0.6474529489843255,0.2408529859756533,0.24712656148958145,0.46902986346882314,0.4634427392911412,0.2764157583089394,0.23886182811129375,0.24049235936095759,0.4260033402432454,0.27836151086602745
0.3048357394014094,0.3939525223715896,0.22011485430175004,0.2705703224974192,0.423909320678887,0.4012671844788305,0.3325677061116653,0.27088512660439334,0.28486977429233906,0.26535600573721774,0.4650470421077054,0.2678335391267589,0.5030115632830088,0.2512885405198829,0.2624424538465451,0.3433203326353049,0.4023454960911831,0.45728312083684175,0.4488249751759591,0.3330063958032362,0.4706143916734833,0.4721205875129486,0.48842961358105896,0.42177001643354317,0.41549684901106954,0.42372499655995177,0.48222651418689255,0.2619390550923031,0.28460701230525265,0.27895988874414446,0.2454257827992471,1.0,0.0,0.46881727576202215,0.40104270208158155,0.2540946229222,0.32496396335554345,0.48650553237125416,0.24294435121233204,0.4984408853036416,0.24725548179104262,0.40109588378627703,0.49323271059314566,0.2648272687170682,0.27077340772892267,0.2606754324407481,0.4157189972764239,0.41246010618156326,0.2516357099097122,0.28065959625773296
0.0,0.0,0.0,0.0,0.0,0.0,0.0,0.0,0.0,0.0,0.0,0.0,0.0,0.0,0.0,0.0,0.0,0.0,0.0,0.0,0.0,0.0,0.0,0.0,0.0,0.0,0.0,0.0,0.0,0.0,0.0,0.0,1.0,0.0,0.0,0.0,0.0,0.0,0.0,0.0,0.0,0.0,0.0,0.0,0.0,0.0,0.0,0.0,0.0,0.0
0.30254884613751465,0.3982630347464652,0.22751576691208952,0.2542679109752757,0.39908807252048795,0.40295860411865303,0.3501830273267814,0.2644037070438978,0.28911134418868034,0.25842680454545275,0.47034838290076963,0.26055990030717036,0.529854591052092,0.2544603330150612,0.25488371644285335,0.34649196721337583,0.30813775083768,0.4818449426476744,0.43768580283123026,0.3491901087349575,0.49679924760600347,0.5916064685971012,0.6429445834511394,0.35873383666613945,0.3152644531781582,0.38134823012576535,0.4957242009360472,0.2577507401124145,0.2909692625253133,0.2822555313093703,0.24433538702544955,0.46881727576202215,0.0,1.0,0.41233534647664793,0.2793176446222442,0.3310161335643582,0.4782504526533842,0.2529223355313084,0.5040036168176611,0.24597317365761673,0.4020988247527242,0.5024590939211082,0.25949170763434737,0.26268797348303174,0.26537811664700617,0.40426283794390483,0.4063303926617464,0.25650831462819523,0.2954311243384138
0.3032349858921253,0.5596541283239715,0.2201975677487682,0.2553879999161047,0.37181858558441716,0.5470062137886254,0.35424108973702295,0.26074590029213196,0.28860554041420317,0.25723433112248817,0.4279469549686261,0.26007292387012804,0.41939595746448755,0.2492742761990907,0.24924760720692785,0.352466387882002,0.37330213288924163,0.4185291903688121,0.38661987430891476,0.35376486999410983,0.40795017002316347,0.38968755691146406,0.41552905683799546,0.5088481940529637,0.45974247348939445,0.48647075245312366,0.41364987567601197,0.25727611589726407,0.2859947236216682,0.29251052492589913,0.23694888905056855,0.40104270208158155,0.0,0.41233534647664793,1.0,0.2572360278340361,0.3325854763488064,0.40671652963195104,0.23831594161515002,0.4234299287663472,0.2408246350949197,0.47630127087969,0.4211514727182434,0.2557916613478215,0.2581405958554933,0.26576366720250766,0.4754721030890019,0.47542773982159814,0.2538368415634418,0.2865558277523963
0.2761031907422008,0.25882791513484416,0.2181949512016037,0.4095103308177862,0.2318332719552384,0.260658241615519,0.2643277646633797,0.4004958825551781,0.2741645797585608,0.4273746560621491,0.2710486640640901,0.3974955635257529,0.2632378064841383,0.41113880102142664,0.4027300528028168,0.2650614454402317,0.19823295064753255,0.277981438563888,0.25302443654641893,0.26370992510832625,0.26722236029989843,0.24959665253805896,0.27400492477375005,0.2281268944804139,0.20814921823784371,0.25048206892176805,0.26705213333488564,0.4066802261994058,0.30052827061568554,0.2753199416279313,0.39908374861421514,0.2540946229222,0.0,0.2793176446222442,0.2572360278340361,1.0,0.25368508245232657,0.25666595420865546,0.39125286912669677,0.2711740336781422,0.40167906042642676,0.2554525576817376,0.26160819261597423,0.4092555510347098,0.41103971374087955,0.2901103763728722,0.2525434593103495,0.25441166922276937,0.4061275734539428,0.30104920397332136
0.281566205471674,0.32789509174989484,0.2100556497064957,0.24170919634728516,0.3039611995799294,0.331170174358276,0.7945220944143898,0.24184771452637976,0.2826562528751836,0.24418608092271554,0.3377192163869446,0.2368428506660859,0.33824809123990474,0.23115470214788592,0.2360483161896162,0.7434518644631938,0.24520365240781605,0.3700809528588066,0.3281994737307914,0.8009877168329036,0.36519396417327,0.33674762726404084,0.365161711447233,0.2953683479991388,0.2701312479332847,0.32381537672772587,0.33330682217824337,0.23612046924085872,0.2701541313223601,0.27646800075796585,0.22693699856202842,0.32496396335554345,0.0,0.3310161335643582,0.3325854763488064,0.25368508245232657,1.0,0.3215292897428985,0.22554075833800535,0.32658075900500316,0.2278713653293012,0.32540266134031504,0.33658566403664736,0.23747438733641424,0.23913427194690162,0.24896113383055862,0.3170476189634087,0.318794424549494,0.23008880183130342,0.27214030700046254
0.31023980530725437,0.42309190667478747,0.22913927089489738,0.25907169429369936,0.43332019403617317,0.39994453179858824,0.3312125150921139,0.27974086176028967,0.2871202802215683,0.2664491549197219,0.48276945523975046,0.263985641808582,0.500880146943141,0.2583508780168077,0.25769832771610046,0.33632870090038836,0.30664427376979353,0.46271778864350366,0.4207791264676082,0.33558011689959655,0.474690130729006,0.45640487980702804,0.4930789466596802,0.36177366826044355,0.3387743645923842,0.39224529020625987,0.5753581879882235,0.2730445864511267,0.2953075522309896,0.28886192795203536,0.24612324307914968,0.48650553237125416,0.0,0.4782504526533842,0.40671652963195104,0.25666595420865546,0.3215292897428985,1.0,0.2436073968380159,0.518825743893513,0.2549061088622713,0.4136448978807258,0.6231959497812889,0.27461809093277545,0.2684672260191965,0.27467558107135615,0.4259013780677716,0.4251994050954514,0.26772924801369835,0.29600543853676897
0.2505864528446109,0.2356009399917962,0.1939333034975983,0.40635132946626595,0.2827745828146111,0.2406667755052183,0.23752704259559865,0.39710291581299406,0.2387223598751652,0.4139731444354904,0.24664532653297977,0.40511921297665887,0.23569433253751781,0.4034951029040931,0.4002143894076444,0.23486805593429982,0.2004372928738205,0.24546087047286735,0.22631896155430242,0.23399237757560443,0.23901009187757005,0.2243448530598462,0.24893537146617228,0.21924102331686068,0.20358621801610788,0.22756423033057893,0.23427969539978188,0.40983328853215584,0.26974480600300443,0.24157433147929241,0.3804106624389233,0.24294435121233204,0.0,0.2529223355313084,0.23831594161515002,0.39125286912669677,0.22554075833800535,0.2436073968380159,1.0,0.23794847614325565,0.38193256376736806,0.22927417042667164,0.2360252983477008,0.40362643268305787,0.4134631775090527,0.26112886497351506,0.23179112370193788,0.23033166078420997,0.3853704260529859,0.2690432880680771
0.30925645030461,0.4186606672174422,0.23377126239143853,0.2580237281368093,0.41695212164236306,0.40216117267325036,0.34621596621383166,0.2703028674617656,0.2982145592122102,0.2723734255599948,0.5191363145754413,0.26400647276846956,0.5395558933256284,0.2549323035679063,0.2573278070796712,0.34984340521150503,0.3112903890627813,0.4986394270084662,0.4550493874081879,0.35040247448694595,0.5103381227890871,0.4930404380903176,0.525342641219519,0.3708016198890042,0.327605003179254,0.40663717963992707,0.5413178252619342,0.2648612865982761,0.2959247829046111,0.30975199964736,0.24959756693592083,0.4984408853036416,0.0,0.5040036168176611,0.4234299287663472,0.2711740336781422,0.32658075900500316,0.518825743893513,0.23794847614325565,1.0,0.2506801854694919,0.4266043878920194,0.5444643145723713,0.26749101459691016,0.2683658468618503,0.28231551834998403,0.4419333782961016,0.4437475524127297,0.26731706109160647,0.3068712927517142
