../ecoli_genomes/GCF_000163235.1_ASM16323v1_genomic.fna.gz,../ecoli_genomes/GCF_000164555.1_ASM16455v1_genomic.fna.gz,../ecoli_genomes/GCF_000208545.1_ASM20854v2_genomic.fna.gz,../ecoli_genomes/GCF_000233875.1_ASM23387v1_genomic.fna.gz,../ecoli_genomes/GCF_000249735.1_ASM24973v2_genomic.fna.gz,../ecoli_genomes/GCF_000261145.1_Esch_coli_M919_V2_genomic.fna.gz,../ecoli_genomes/GCF_000267705.2_ASM26770v2_genomic.fna.gz,../ecoli_genomes/GCF_000350665.1_Esch_coli_KTE5_V1_genomic.fna.gz,../ecoli_genomes/GCF_000351625.1_Esch_coli_KTE66_V1_genomic.fna.gz,../ecoli_genomes/GCF_000352285.1_Esch_coli_KTE46_V1_genomic.fna.gz,../ecoli_genomes/GCF_000358895.1_ASM35889v1_genomic.fna.gz,../ecoli_genomes/GCF_000456385.1_Esch_coli_HVH_26_4-5703913_V1_genomic.fna.gz,../ecoli_genomes/GCF_000458195.1_Esch_coli_HVH_147_4-5893887_V1_genomic.fna.gz,../ecoli_genomes/GCF_000459755.1_Esch_coli_KOEGE_58_171a_V1_genomic.fna.gz,../ecoli_genomes/GCF_000460055.1_Esch_coli_UMEA_3053-1_V1_genomic.fna.gz,../ecoli_genomes/GCF_000462165.2_ASM46216v2_genomic.fna.gz,../ecoli_genomes/GCF_000601135.1_ASM60113v1_genomic.fna.gz,../ecoli_genomes/GCF_000614595.1_Ec2010EL1058_genomic.fna.gz,../ecoli_genomes/GCF_000617745.1_Ec2010C-4529_genomic.fna.gz,../ecoli_genomes/GCF_000618265.2_EcF6751_genomic.fna.gz,../ecoli_genomes/GCF_000619005.2_Ec2009C-4052_genomic.fna.gz,../ecoli_genomes/GCF_000619105.1_Ec2009C-4780_genomic.fna.gz,../ecoli_genomes/GCF_000619765.2_Ec2009C-3279_genomic.fna.gz,../ecoli_genomes/GCF_000687005.1_ASM68700v1_genomic.fna.gz,../ecoli_genomes/GCF_000687025.1_ASM68702v1_genomic.fna.gz,../ecoli_genomes/GCF_000700125.1_ASM70012v1_genomic.fna.gz,../ecoli_genomes/GCF_000753315.1_FHI35_genomic.fna.gz,../ecoli_genomes/GCF_000776375.1_ASM77637v1_genomic.fna.gz,../ecoli_genomes/GCF_000779395.1_ASM77939v1_genomic.fna.gz,../ecoli_genomes/GCF_000780315.1_ASM78031v1_genomic.fna.gz,../ecoli_genomes/GCF_000781995.1_ASM78199v1_genomic.fna.gz,../ecoli_genomes/GCF_000986765.1_ASM98676v1_genomic.fna.gz,../ecoli_genomes/GCF_001041375.1_ViralProj287958_genomic.fna.gz,../ecoli_genomes/GCF_001265335.1_302014_genomic.fna.gz,../ecoli_genomes/GCF_001265625.1_100854_genomic.fna.gz,../ecoli_genomes/GCF_001267345.1_303289_genomic.fna.gz,../ecoli_genomes/GCF_001309985.1_ASM130998v1_genomic.fna.gz,../ecoli_genomes/GCF_001521695.1_ASM152169v1_genomic.fna.gz,../ecoli_genomes/GCF_001592595.1_ASM159259v1_genomic.fna.gz,../ecoli_genomes/GCF_001614975.1_ASM161497v1_genomic.fna.gz,../ecoli_genomes/GCF_001692775.1_ASM169277v1_genomic.fna.gz,../ecoli_genomes/GCF_001748915.1_ASM174891v1_genomic.fna.gz,../ecoli_genomes/GCF_001749235.1_ASM174923v1_genomic.fna.gz,../ecoli_genomes/GCF_001881155.1_ASM188115v1_genomic.fna.gz,../ecoli_genomes/GCF_001881345.1_ASM188134v1_genomic.fna.gz,../ecoli_genomes/GCF_001892405.1_ASM189240v1_genomic.fna.gz,../ecoli_genomes/GCF_001892585.1_ASM189258v1_genomic.fna.gz,../ecoli_genomes/GCF_001893985.1_ASM189398v1_genomic.fna.gz,../ecoli_genomes/GCF_002001595.1_ASM200159v1_genomic.fna.gz,../ecoli_genomes/GCF_002002145.1_ASM200214v1_genomic.fna.gz
1.0,0.37845100124226905,0.31326427267819,0.33128562789403193,0.34123965624662866,0.34766306440123096,0.34755386035566893,0.3450890082785485,0.43116946184150773,0.3488903683333673,0.37821482427656716,0.3401774596783481,0.3627494125864583,0.33064293596832817,0.3106023557951093,0.35012573888882603,0.3297061899826311,0.35631534512261276,0.3353531777372559,0.3547603025463285,0.34355576693805945,0.34055910155353675,0.36330885634128984,0.3502965661253373,0.343166633084784,0.30236970788941653,0.35943141705355686,0.33236936990929045,0.3806234682721821,0.4317098857339182,0.31041220067549136,0.35235575347627257,0.0,0.3629070686570227,0.3619405265176894,0.31504479764958093,0.32787501548339215,0.36702762040020087,0.28830543669586417,0.35848819643958185,0.31448904274888934,0.36445171910926366,0.3626118551123526,0.34348153183800945,0.3516076890731016,0.3545531158531332,0.35166141059867895,0.3526506779222679,0.32453069765450604,0.38659084548888967
0.37845100124226905,1.0,0.2946936757251414,0.3268222970015561,0.4143498105230736,0.5319413645120207,0.39006482794463504,0.3388492750427916,0.3521416464167205,0.3483802992866305,0.47759303193876523,0.34215562296798563,0.4526861782835737,0.33003612500867485,0.3165991541521027,0.39253506520077897,0.460864071786833,0.4550903303903354,0.4136509604534465,0.39963444044885743,0.4382592910088956,0.4261661138523286,0.45760508496063257,0.5402715503433211,0.5372770719287946,0.4142131195539125,0.46107249513698834,0.33672291512845054,0.3677127158039635,0.35992307566673143,0.3126966760707247,0.4372827367564637,0.0,0.44719226689483715,0.5771736253484696,0.3123919974695345,0.36725446067412104,0.4677426490186498,0.25818636470612133,0.4603607481751485,0.3140567739892607,0.5031483728785069,0.4568169177207341,0.345226452039036,0.34837712579909286,0.3379212886243782,0.5075872571238464,0.5083145676741478,0.3398509175580351,0.36210290745858564
0.31326427267819,0.2946936757251414,1.0,0.2627037959899866,0.2554983798857189,0.26144253426477415,0.2710414561949894,0.27129631249594677,0.3019007874230434,0.27535161168039735,0.29845607387368833,0.26262762788605454,0.2841821462941082,0.27027837100377383,0.25513924191718784,0.27312789644071456,0.24728971733538485,0.2856356702735715,0.25853960848372703,0.27769435114668806,0.27972153437609837,0.2702218230444021,0.28236863775876053,0.26129465809965313,0.2527676923176184,0.2261273440521474,0.28661950781270384,0.27034703212204725,0.3019620352611996,0.3141418857001955,0.2540663328565794,0.2710071398499341,0.0,0.2808041936076243,0.2779588159918708,0.25939074855947164,0.2554730750278581,0.2836310724742416,0.2189585810298572,0.2887406365055888,0.25828306960778313,0.27914410309834714,0.2896796508817092,0.2733711352184057,0.26845571831441817,0.2820442269420631,0.28702106377052905,0.2865129932351236,0.27215443220277225,0.30680408029198813
0.33128562789403193,0.3268222970015561,0.2627037959899866,1.0,0.3413713061382948,0.31600130510320035,0.2992290427182688,0.5298397021997945,0.3399190706389468,0.5487907933610979,0.32753173363709853,0.5454197491643462,0.33602100623563935,0.5825009131667052,0.6006115533311,0.31550607605477954,0.30310140619760273,0.31500382069449784,0.29689251152356777,0.30404238200210143,0.30554374988370325,0.30157871120180824,0.32802784598835244,0.30959847866766477,0.32466978068948216,0.27758853832841146,0.32038768292912545,0.5464458697025072,0.34850269230529507,0.32616941929264776,0.533205025408133,0.34160269614296523,0.0,0.3146178855761097,0.31587463140781147,0.43249901348728603,0.29261133898033653,0.3153219993179116,0.3942252074446464,0.3084367537118208,0.5522067922360856,0.31279648851628805,0.3182557378805987,0.5527667757492833,0.5406106471725343,0.34060897027587056,0.3141591234394908,0.3166996667134715,0.48049589389879865,0.3601865877593424
0.34123965624662866,0.4143498105230736,0.2554983798857189,0.3413713061382948,1.0,0.4315184942282645,0.35192844790689004,0.3414785326691636,0.3525309673953043,0.3447220742429423,0.5103552967908642,0.3092777717603822,0.499217973426507,0.31258380105995065,0.3372109740649252,0.4004122534074904,0.4454455801546311,0.4271842305309801,0.40553461079019526,0.35776951661652323,0.43378463665709066,0.4082473904396836,0.44259397830010416,0.46550990999369657,0.4608685752084317,0.4212448383566185,0.44280415668979134,0.30083945005116464,0.3478783512669089,0.3463374611199336,0.31884056961366103,0.4976862268937242,0.0,0.4440301484966893,0.426536509293597,0.2792392494010919,0.3593723057643099,0.45207244804743496,0.245792187671531,0.4508641339164533,0.32984629257231746,0.4296238098386187,0.45947644365722096,0.3161321305022,0.31977314328453654,0.30406704491148817,0.4349236080731662,0.43710242885441264,0.29941067595728554,0.3275165673028775
0.34766306440123096,0.5319413645120207,0.26144253426477415,0.31600130510320035,0.4315184942282645,1.0,0.3891372790150225,0.32184748485451087,0.3321710693155062,0.3102929497976965,0.44071675439353875,0.3090621731260669,0.42458290312760116,0.3116211604177399,0.2980761161180986,0.38245438670748544,0.44633183235014295,0.4339630909879447,0.40494190643345007,0.38631081539553735,0.4164271119737548,0.4508956657910249,0.4352073763968547,0.5064880643405227,0.5075851342633454,0.39545100024485347,0.4211945606005185,0.30976698206825826,0.3512520455132704,0.3324225177494543,0.2901374524211481,0.4285647370617083,0.0,0.4381442800391572,0.5405736697965187,0.3002040206610028,0.3694776517483396,0.43395575611591863,0.26487540115943176,0.4300608121649433,0.2950869903749169,0.47628959626221956,0.42812884080409885,0.315058417233938,0.31595588413551035,0.3183556098575516,0.47952211955334023,0.48178400290108603,0.30394014948677084,0.3493587126375802
0.34755386035566893,0.39006482794463504,0.2710414561949894,0.2992290427182688,0.35192844790689004,0.3891372790150225,1.0,0.3087316315725449,0.34603358132325723,0.306429455114526,0.40442645477370676,0.29899987311873255,0.3878537018851438,0.3007838867710476,0.28836789150814335,0.7298437238426643,0.34927485440814565,0.4404925574357307,0.3920608617657978,0.8462208718884884,0.42569792097552484,0.3998880428504399,0.4313984574450739,0.37334563381159414,0.35890585998941127,0.32243177560190706,0.39740497696790045,0.30050041615041756,0.33514017596110846,0.3429066812087984,0.28422067357933556,0.3746114210920237,0.0,0.3979244113125239,0.40010447116560455,0.30388869792081585,0.7763541030224959,0.37773664356688263,0.24343805957717468,0.38814358522166326,0.2833157290448006,0.38935505545432136,0.40629373764414434,0.3059110714479648,0.3029126406060936,0.31206684796340833,0.3773436101159925,0.3782867198471842,0.2944832764224016,0.342804288951711
0.3450890082785485,0.3388492750427916,0.27129631249594677,0.5298397021997945,0.3414785326691636,0.32184748485451087,0.3087316315725449,1.0,0.340995164513337,0.5453962678002617,0.337194369914797,0.5216568680968849,0.342765184929385,0.5261383831168742,0.5179400137291759,0.3231075551323025,0.3059247665319661,0.32437179963722906,0.30319456099530917,0.3147728007972441,0.31679786762372564,0.30788119074399256,0.33162546283043715,0.331019098800996,0.3219695238570911,0.2852105877724902,0.3316978568672463,0.708396698701369,0.36444834842887264,0.33716207332866255,0.5113059431689561,0.3370867361406845,0.0,0.32781489169881495,0.3232631897805186,0.4368103486615119,0.2968777226323439,0.3463638885581838,0.39160718912770676,0.3280274100278101,0.5118919259405825,0.3249848518961731,0.33275642254882,0.7131462685129876,0.6859881401960397,0.3398653011697158,0.3199816412732226,0.3208715848541164,0.4874228554498198,0.36233754407344676
0.43116946184150773,0.3521416464167205,0.3019007874230434,0.3399190706389468,0.3525309673953043,0.3321710693155062,0.34603358132325723,0.340995164513337,1.0,0.35655547541538357,0.3703727142983838,0.3227915511655567,0.37036520223833125,0.3332488279952872,0.33330277084625515,0.36509255459817136,0.3203885602254646,0.3513253240994193,0.3170295905757249,0.3545795322731302,0.3363481760935271,0.33076276360115897,0.35132963901646763,0.3450769340475869,0.3346339398311011,0.29870518297709525,0.35866763460984796,0.32142784610497255,0.36965209151762746,0.4534720256337552,0.3269486146939903,0.3478261796637393,0.0,0.34330022534712157,0.34809049968383043,0.31808288557022335,0.3364067370933901,0.34684368676244215,0.2637193771849736,0.35630172145735817,0.3266068708895794,0.34763308133044235,0.3569164145679372,0.3300246745769235,0.3221819154645825,0.3491834639328091,0.34260447085598544,0.3431893957343365,0.3225804254353931,0.38091245530939866
0.3488903683333673,0.3483802992866305,0.27535161168039735,0.5487907933610979,0.3447220742429423,0.3102929497976965,0.306429455114526,0.5453962678002617,0.35655547541538357,1.0,0.34876803210439833,0.5151559904225758,0.3526707686881081,0.542134262098906,0.5382873718352935,0.32493299495933914,0.3001156869780006,0.32482683955106617,0.2996160523758138,0.3125919423003515,0.3125799816714385,0.30699096047275587,0.3270055228891199,0.32293212010297245,0.32349423944120925,0.2869869349442874,0.3352788733572236,0.5361148149163193,0.3587191405287512,0.345976567611903,0.5537415864034566,0.3308834965281613,0.0,0.32306268719247455,0.32532104098692083,0.4485331000013941,0.29704538864771957,0.3311283579120753,0.4066786219348636,0.3276462126639066,0.5551925440220347,0.32454813892040335,0.32738521077890814,0.5430996091343521,0.5424857875752489,0.34277574420565426,0.3231273782786116,0.3230956347631564,0.510897203910976,0.35857261911672
0.37821482427656716,0.47759303193876523,0.29845607387368833,0.32753173363709853,0.5103552967908642,0.44071675439353875,0.40442645477370676,0.337194369914797,0.3703727142983838,0.34876803210439833,1.0,0.3284239121989425,0.5666861006147321,0.33534497205133895,0.31964485694208067,0.4120441325061319,0.4058000436526872,0.5282085005355213,0.5003597075361189,0.41393748996444235,0.5162588581729224,0.5199708655481856,0.5314137098821969,0.4449651614359681,0.41497109565987766,0.3881502778416366,0.544435245819892,0.3351811757112765,0.362957371749663,0.37254421268512006,0.32039145005359904,0.49393365943688483,0.0,0.5172118317946912,0.4698569019456177,0.32617253023788406,0.38443950878980404,0.5230490851105236,0.2738203365395935,0.5524092451241578,0.3184772518618908,0.4841096586473471,0.5402283221276241,0.34120742306488105,0.3395647502218043,0.3348321749134274,0.47843932713351056,0.478262929249497,0.3340897167255009,0.36956911717540586
0.3401774596783481,0.34215562296798563,0.26262762788605454,0.5454197491643462,0.3092777717603822,0.3090621731260669,0.29899987311873255,0.5216568680968849,0.3227915511655567,0.5151559904225758,0.3284239121989425,1.0,0.32382646061144427,0.5404333151409091,0.6182660151882695,0.3015992575826886,0.29297601684289687,0.31255540209515875,0.29471348195365044,0.3032551968540633,0.3107216027105715,0.30486229021584466,0.32386659278376984,0.31250227928153196,0.30908084454174545,0.2687941982524086,0.3238287644788387,0.5286433780934754,0.3581227798375972,0.3276636400513794,0.4819437635002928,0.3146060758906245,0.0,0.3195840728778486,0.3181332483421836,0.43138604122827184,0.28505768263861553,0.3212092136424043,0.3871775059403546,0.3180417651337297,0.49519257793071103,0.31218656951893275,0.32495624471004236,0.5348988651539187,0.5306604122145652,0.34301249231708986,0.31872886687379454,0.32046400659686824,0.4767813305914421,0.35535620024178705
0.3627494125864583,0.4526861782835737,0.2841821462941082,0.33602100623563935,0.499217973426507,0.42458290312760116,0.3878537018851438,0.342765184929385,0.37036520223833125,0.3526707686881081,0.5666861006147321,0.32382646061144427,1.0,0.32601081662066367,0.3353044772071322,0.4153569709024437,0.39754447807241977,0.5220907757233854,0.5266167728462428,0.3971994989411398,0.5274453113718132,0.5625017219470969,0.5755288765911755,0.4369332436351304,0.41168890794221114,0.37865024503992517,0.5656544688439612,0.3230406267603657,0.354078204427818,0.3694569782794038,0.3254833500987311,0.5364294461379866,0.0,0.5588968756116519,0.45443913527945434,0.30976699618749093,0.3858271726938318,0.5346105500882972,0.2582434304500061,0.5545234364604639,0.32697825644994416,0.46562945276115875,0.552644937723185,0.328277008452985,0.32430530976013494,0.3192528919510842,0.4595203946772136,0.45883538155672987,0.3193507053656043,0.3566457338011332
0.33064293596832817,0.33003612500867485,0.27027837100377383,0.5825009131667052,0.31258380105995065,0.3116211604177399,0.3007838867710476,0.5261383831168742,0.3332488279952872,0.542134262098906,0.33534497205133895,0.5404333151409091,0.32601081662066367,1.0,0.5853036842440021,0.3072098331204678,0.28999516896947297,0.32079402381994604,0.2939050821943713,0.30817532079411014,0.30634670525907215,0.3057219450148254,0.3261991196118307,0.299954682355578,0.3030534129621473,0.26487004840811734,0.32642582632842676,0.5567306684359651,0.3620077191688208,0.32804578372726034,0.5320027940138693,0.31922536950860647,0.0,0.31448002696471056,0.31437558546112787,0.4399281120369223,0.2869739882580561,0.32315804044674346,0.40563386865432616,0.31569785364840697,0.5413090680717598,0.31748496632098044,0.3240338765456504,0.5559114325522015,0.5414233773541681,0.35006039252313925,0.31982719730111786,0.3209157632598971,0.4974530420311376,0.369586667382255
0.3106023557951093,0.3165991541521027,0.25513924191718784,0.6006115533311,0.3372109740649252,0.2980761161180986,0.28836789150814335,0.5179400137291759,0.33330277084625515,0.5382873718352935,0.31964485694208067,0.6182660151882695,0.3353044772071322,0.5853036842440021,1.0,0.3112868399364348,0.2942815829863853,0.3052494977160146,0.27986491589967466,0.29448761966734827,0.29617623089038825,0.29194542874269536,0.31739098057951065,0.3042630906254994,0.31320483121967335,0.2796816859559532,0.3144260091699109,0.5204408615484698,0.34680330598649944,0.32246250649060393,0.5276168706452629,0.328559161416225,0.0,0.30457625029422075,0.30949280503270316,0.4315779361527895,0.2838624437410081,0.3138758281366826,0.3820092497647737,0.30636876533925106,0.5410117926041118,0.3025505948228999,0.31304880683464054,0.5245743307861626,0.5121025634475267,0.3397781318837858,0.3126378389062924,0.31420075983504747,0.47090916253393833,0.3618078721443929
0.35012573888882603,0.39253506520077897,0.27312789644071456,0.31550607605477954,0.4004122534074904,0.38245438670748544,0.7298437238426643,0.3231075551323025,0.36509255459817136,0.32493299495933914,0.4120441325061319,0.3015992575826886,0.4153569709024437,0.3072098331204678,0.3112868399364348,1.0,0.35871491943769795,0.42265458619837604,0.38686470954880103,0.7471386945580804,0.40842147696742626,0.39170496984984493,0.41809574523142057,0.38803659445439453,0.3751590658687175,0.36547706266795676,0.39388436433284535,0.30116181908610173,0.3363585383078268,0.3609206392767357,0.30225803962330766,0.39256003249169413,0.0,0.39331317718625136,0.3992152208196065,0.3029456789177255,0.7238470397279478,0.3793042185004879,0.2389804936242379,0.3870430909812145,0.30377139115893237,0.39275671751962105,0.3931576524385446,0.3079893840204453,0.3074759805570182,0.3137241268184725,0.3817969907500419,0.3814536676602345,0.29930742061655224,0.34671549783736555
0.3297061899826311,0.460864071786833,0.24728971733538485,0.30310140619760273,0.4454455801546311,0.44633183235014295,0.34927485440814565,0.3059247665319661,0.3203885602254646,0.3001156869780006,0.4058000436526872,0.29297601684289687,0.39754447807241977,0.28999516896947297,0.2942815829863853,0.35871491943769795,1.0,0.38897930977678663,0.3664425051868153,0.3521317963811178,0.3851299500513633,0.3739375931478893,0.406545356349846,0.5298674672582839,0.5206675766765094,0.4594859220639502,0.3937447218914981,0.28399104706377365,0.3346336111292325,0.3137320939015492,0.27886010210141554,0.4662707161556535,0.0,0.4187367147223984,0.4735897334565107,0.28473605855413797,0.34190626903578103,0.39378662558406785,0.23832729265387886,0.39847732993000795,0.2819522784301084,0.4372808395004286,0.3996060588291084,0.29692172572485465,0.3102901984497698,0.29572729722963476,0.4483137533523326,0.4528165989599452,0.279966450853936,0.32273009521771323
0.35631534512261276,0.4550903303903354,0.2856356702735715,0.31500382069449784,0.4271842305309801,0.4339630909879447,0.4404925574357307,0.32437179963722906,0.3513253240994193,0.32482683955106617,0.5282085005355213,0.31255540209515875,0.5220907757233854,0.32079402381994604,0.3052494977160146,0.42265458619837604,0.38897930977678663,1.0,0.5196774920333807,0.43965136486255507,0.5453844907030369,0.5268411379386937,0.5609179508448342,0.42210215941924956,0.39512280498496277,0.35745091428339426,0.5381683271983475,0.3214161995687106,0.35384899601653574,0.35800597587834215,0.30362627152541544,0.4823911740943627,0.0,0.5125211115691902,0.45390600969300476,0.32395446815998885,0.4164221441972158,0.4975872321507264,0.25759027074791707,0.5248966814937395,0.3002359086353954,0.46252791188704,0.5261830894262989,0.32041403895288256,0.31698447177684497,0.3234567965820899,0.4579351894572713,0.4580740650369596,0.31155986180911754,0.35704543508362097
0.3353531777372559,0.4136509604534465,0.25853960848372703,0.29689251152356777,0.40553461079019526,0.40494190643345007,0.3920608617657978,0.30319456099530917,0.3170295905757249,0.2996160523758138,0.5003597075361189,0.29471348195365044,0.5266167728462428,0.2939050821943713,0.27986491589967466,0.38686470954880103,0.3664425051868153,0.5196774920333807,1.0,0.39486104573696834,0.5096166174451828,0.5342960923664188,0.5152792886928905,0.38434637596478805,0.376871254856733,0.3366247747055898,0.4878923872495038,0.29585322857927887,0.3195604172941364,0.3249591378601383,0.2773104204092659,0.4826715392941878,0.0,0.47591452436986315,0.42254596483503337,0.2962383453079346,0.3738886792882462,0.4590329945752387,0.2373765857846325,0.48448619128302983,0.2765150426525155,0.4206934517771722,0.48321911408330187,0.3034140873307146,0.2997934684832769,0.3002687264884172,0.4148485731528584,0.41696065771033963,0.2863435491131442,0.32905676660139227
0.3547603025463285,0.39963444044885743,0.27769435114668806,0.30404238200210143,0.35776951661652323,0.38631081539553735,0.8462208718884884,0.3147728007972441,0.3545795322731302,0.3125919423003515,0.41393748996444235,0.3032551968540633,0.3971994989411398,0.30817532079411014,0.29448761966734827,0.7471386945580804,0.3521317963811178,0.43965136486255507,0.39486104573696834,1.0,0.430370869460574,0.4017850674116783,0.43794940964062,0.3728328628445656,0.36668074343355705,0.32273090164487794,0.4056508670802552,0.3078880461398499,0.34232886316629607,0.352614577306661,0.29023469168293126,0.3813339093084984,0.0,0.40391300745633696,0.4054879805681364,0.3073576299728136,0.7734521614439482,0.3863275885399837,0.24634970038335702,0.3974751637464842,0.28970113782889206,0.39774052884634403,0.4023717271617915,0.31128828682131593,0.30694818301690063,0.32074312726478504,0.3872132035809742,0.3881901265540886,0.30209721596367145,0.35193732380243214
0.34355576693805945,0.4382592910088956,0.27972153437609837,0.30554374988370325,0.43378463665709066,0.4164271119737548,0.42569792097552484,0.31679786762372564,0.3363481760935271,0.3125799816714385,0.5162588581729224,0.3107216027105715,0.5274453113718132,0.30634670525907215,0.29617623089038825,0.40842147696742626,0.3851299500513633,0.5453844907030369,0.5096166174451828,0.430370869460574,1.0,0.5172119154096586,0.5627044128051728,0.41265034463155204,0.3887218883786312,0.3623699771189208,0.5404719845117906,0.31450487503305846,0.3351053263653444,0.34853099110072594,0.29084771296605116,0.48697560345333857,0.0,0.5284178709015965,0.4439160332001776,0.31391019628969774,0.4053166114141302,0.5036267645372969,0.25606071131658537,0.5312273425944058,0.29485427765970385,0.4391745049718049,0.5177221168148912,0.3160077703914861,0.3159872795322458,0.3208661168611525,0.4497839901003744,0.45024165802155225,0.302989497973025,0.3438008115981961
0.34055910155353675,0.4261661138523286,0.2702218230444021,0.30157871120180824,0.4082473904396836,0.4508956657910249,0.3998880428504399,0.30788119074399256,0.33076276360115897,0.30699096047275587,0.5199708655481856,0.30486229021584466,0.5625017219470969,0.3057219450148254,0.29194542874269536,0.39170496984984493,0.3739375931478893,0.5268411379386937,0.5342960923664188,0.4017850674116783,0.5172119154096586,1.0,0.6871122701806707,0.39552744504154447,0.37790059133694553,0.3462647067023442,0.519773835560918,0.3077715440613803,0.32801031490736043,0.33207125900759604,0.28641849036166567,0.4865211784852962,0.0,0.6182632562955955,0.4298495790709125,0.2998937342189172,0.37807953311888587,0.4937186007799056,0.24596513884719007,0.5143453817589536,0.28446294276151607,0.4324834732857791,0.5197361961636056,0.30951956054862084,0.3049197639595994,0.3063943597863493,0.42752446036458924,0.427200109415915,0.3008423137968643,0.3403837739188831
0.36330885634128984,0.45760508496063257,0.28236863775876053,0.32802784598835244,0.44259397830010416,0.4352073763968547,0.4313984574450739,0.33162546283043715,0.35132963901646763,0.3270055228891199,0.5314137098821969,0.32386659278376984,0.5755288765911755,0.3261991196118307,0.31739098057951065,0.41809574523142057,0.406545356349846,0.5609179508448342,0.5152792886928905,0.43794940964062,0.5627044128051728,0.6871122701806707,1.0,0.42127671452731297,0.41426899447605825,0.36445494115901,0.5640356635161169,0.32825038683271657,0.3517912414764365,0.3509915133770517,0.3084357063970865,0.5215955321157134,0.0,0.6556252280538281,0.4584059791110946,0.3244188400818713,0.4095722422471685,0.5272793182001334,0.26293082552025726,0.5458957358637435,0.3060247673894334,0.4585936977637347,0.5477150757449025,0.3309634331397453,0.32785959802569675,0.3283154271261437,0.4552198177165826,0.45728006452812475,0.3174402945811654,0.3567997988832494
0.3502965661253373,0.5402715503433211,0.26129465809965313,0.30959847866766477,0.46550990999369657,0.5064880643405227,0.37334563381159414,0.331019098800996,0.3450769340475869,0.32293212010297245,0.4449651614359681,0.31250227928153196,0.4369332436351304,0.299954682355578,0.3042630906254994,0.38803659445439453,0.5298674672582839,0.42210215941924956,0.38434637596478805,0.3728328628445656,0.41265034463155204,0.39552744504154447,0.42127671452731297,1.0,0.5471820409021755,0.4543313585552502,0.4263489798658716,0.29872229017505947,0.3504098161416631,0.34277641314431984,0.29984716976731784,0.4457365538402731,0.0,0.4234961014541788,0.5601840240503482,0.2956404343082155,0.36399423997709335,0.4177324687796724,0.24646937787616152,0.42266657799778484,0.30297812414081693,0.4756233960393621,0.41604019650076307,0.3090179653717844,0.3202914984689291,0.3027328357549548,0.46439822045502166,0.4623281175973506,0.2949247831306865,0.3341563430345671
0.343166633084784,0.5372770719287946,0.2527676923176184,0.32466978068948216,0.4608685752084317,0.5075851342633454,0.35890585998941127,0.3219695238570911,0.3346339398311011,0.32349423944120925,0.41497109565987766,0.30908084454174545,0.41168890794221114,0.3030534129621473,0.31320483121967335,0.3751590658687175,0.5206675766765094,0.39512280498496277,0.376871254856733,0.36668074343355705,0.3887218883786312,0.37790059133694553,0.41426899447605825,0.5471820409021755,1.0,0.47452127350517936,0.4018722836766697,0.28963039687101655,0.33356734703822066,0.32367321180528363,0.29988900713796385,0.4761376654679934,0.0,0.40994438298220615,0.5481975138579611,0.28396548699798707,0.3603444136826237,0.4150717505266158,0.2396688842315804,0.40039455041282157,0.3012127695585647,0.4535919824294241,0.40966984723399225,0.31454000537204263,0.32119732818919966,0.3107481584569618,0.4551919190973325,0.4579918792538724,0.2973172703646666,0.33142155634386306
0.30236970788941653,0.4142131195539125,0.2261273440521474,0.27758853832841146,0.4212448383566185,0.39545100024485347,0.32243177560190706,0.2852105877724902,0.29870518297709525,0.2869869349442874,0.3881502778416366,0.2687941982524086,0.37865024503992517,0.26487004840811734,0.2796816859559532,0.36547706266795676,0.4594859220639502,0.35745091428339426,0.3366247747055898,0.32273090164487794,0.3623699771189208,0.3462647067023442,0.36445494115901,0.4543313585552502,0.47452127350517936,1.0,0.363400051771846,0.25594499452639674,0.294078099035719,0.293420550489623,0.2689344061453367,0.39140272014846833,0.0,0.3628438979402768,0.4356764408570455,0.25411359098384023,0.32665059419302256,0.36902229034596123,0.2167307385985786,0.3634886812361797,0.267693242667825,0.4095876074946754,0.36208954795132087,0.28358117042116937,0.285711237741092,0.2661670737604648,0.4068874499404771,0.4066228598828274,0.26742325019165947,0.2875797864829145
0.35943141705355686,0.46107249513698834,0.28661950781270384,0.32038768292912545,0.44280415668979134,0.4211945606005185,0.39740497696790045,0.3316978568672463,0.35866763460984796,0.3352788733572236,0.544435245819892,0.3238287644788387,0.5656544688439612,0.32642582632842676,0.3144260091699109,0.39388436433284535,0.3937447218914981,0.5381683271983475,0.4878923872495038,0.4056508670802552,0.5404719845117906,0.519773835560918,0.5640356635161169,0.4263489798658716,0.4018722836766697,0.363400051771846,1.0,0.32463315074791577,0.35497946058262386,0.35995288283532545,0.31163626602773575,0.5086847116940236,0.0,0.5326594237960449,0.4558111233783839,0.3190861636206599,0.3767065323845683,0.603682857982052,0.25458544885214873,0.5699227585943842,0.31111550539622135,0.4649574706646149,0.6230783290136783,0.3306542747048362,0.3224405966385663,0.3317201640963655,0.4558400553973966,0.4563407140039951,0.3220290041127225,0.3588774525505304
0.33236936990929045,0.33672291512845054,0.27034703212204725,0.5464458697025072,0.30083945005116464,0.30976698206825826,0.30050041615041756,0.708396698701369,0.32142784610497255,0.5361148149163193,0.3351811757112765,0.5286433780934754,0.3230406267603657,0.5567306684359651,0.5204408615484698,0.30116181908610173,0.28399104706377365,0.3214161995687106,0.29585322857927887,0.3078880461398499,0.31450487503305846,0.3077715440613803,0.32825038683271657,0.29872229017505947,0.28963039687101655,0.25594499452639674,0.32463315074791577,1.0,0.36185469149135785,0.32744767470706804,0.5068534215836799,0.3153684108168051,0.0,0.3189344585518299,0.31101748460575396,0.4337759036023986,0.2828441238053927,0.33739928625657767,0.3883402979216187,0.32108026912540977,0.5178706985073724,0.3162605382271223,0.325148834738626,0.8104210498639888,0.7551301557660163,0.3379155399635334,0.31804617255358447,0.3182870583200622,0.5022082016888829,0.35646538871728384
0.3806234682721821,0.3677127158039635,0.3019620352611996,0.34850269230529507,0.3478783512669089,0.3512520455132704,0.33514017596110846,0.36444834842887264,0.36965209151762746,0.3587191405287512,0.362957371749663,0.3581227798375972,0.354078204427818,0.3620077191688208,0.34680330598649944,0.3363585383078268,0.3346336111292325,0.35384899601653574,0.3195604172941364,0.34232886316629607,0.3351053263653444,0.32801031490736043,0.3517912414764365,0.3504098161416631,0.33356734703822066,0.294078099035719,0.35497946058262386,0.36185469149135785,1.0,0.37087951485751547,0.33769463457923576,0.3452807382370101,0.0,0.34971194734846445,0.35142321763499396,0.34410341312366377,0.3184655471182768,0.3548448595687419,0.278745822581824,0.3487798345198887,0.33531460415336356,0.3520840519855891,0.3505607045313911,0.3575861111743385,0.3557201033624833,0.42385256201186705,0.34882030287397026,0.34815180839150883,0.34956651679174044,0.6283939092850482
0.4317098857339182,0.35992307566673143,0.3141418857001955,0.32616941929264776,0.3463374611199336,0.3324225177494543,0.3429066812087984,0.33716207332866255,0.4534720256337552,0.345976567611903,0.37254421268512006,0.3276636400513794,0.3694569782794038,0.32804578372726034,0.32246250649060393,0.3609206392767357,0.3137320939015492,0.35800597587834215,0.3249591378601383,0.352614577306661,0.34853099110072594,0.33207125900759604,0.3509915133770517,0.34277641314431984,0.32367321180528363,0.293420550489623,0.35995288283532545,0.32744767470706804,0.37087951485751547,1.0,0.32090468955886997,0.3409564223252032,0.0,0.3442254963819792,0.35235087259064946,0.31482647970865507,0.3339733633865646,0.3521013461257737,0.26151165697837175,0.36909053480647647,0.3246194616534105,0.35359030495657107,0.3575813791543686,0.3325904131384375,0.3282568523624284,0.3687676301576539,0.3547784792791797,0.3546699286306908,0.32274665121960355,0.3852774062333584
0.31041220067549136,0.3126966760707247,0.2540663328565794,0.533205025408133,0.31884056961366103,0.2901374524211481,0.28422067357933556,0.5113059431689561,0.3269486146939903,0.5537415864034566,0.32039145005359904,0.4819437635002928,0.3254833500987311,0.5320027940138693,0.5276168706452629,0.30225803962330766,0.27886010210141554,0.30362627152541544,0.2773104204092659,0.29023469168293126,0.29084771296605116,0.28641849036166567,0.3084357063970865,0.29984716976731784,0.29988900713796385,0.2689344061453367,0.31163626602773575,0.5068534215836799,0.33769463457923576,0.32090468955886997,1.0,0.3138567316035805,0.0,0.30188275976791856,0.30143870857993393,0.42301403796437287,0.27831319315170744,0.30352009594881957,0.36561188906867004,0.3046125587206012,0.6594133431270461,0.3043074672587437,0.3022952758272637,0.5129027545815729,0.4999375746610144,0.32234971208172813,0.3031188672901516,0.3024333192655517,0.46694821729033376,0.3394519721553859
0.35235575347627257,0.4372827367564637,0.2710071398499341,0.34160269614296523,0.4976862268937242,0.4285647370617083,0.3746114210920237,0.3370867361406845,0.3478261796637393,0.3308834965281613,0.49393365943688483,0.3146060758906245,0.5364294461379866,0.31922536950860647,0.328559161416225,0.39256003249169413,0.4662707161556535,0.4823911740943627,0.4826715392941878,0.3813339093084984,0.48697560345333857,0.4865211784852962,0.5215955321157134,0.4457365538402731,0.4761376654679934,0.39140272014846833,0.5086847116940236,0.3153684108168051,0.3452807382370101,0.3409564223252032,0.3138567316035805,1.0,0.0,0.5055821323798242,0.43748735507089975,0.2962801290562337,0.3756938137026937,0.5101585269040572,0.2527911880944367,0.5128758484207704,0.3114001942360596,0.44384338069486207,0.5217520879133165,0.32142811283967143,0.33026666969073937,0.31901861435322965,0.45278275960873837,0.453841506694873,0.29748495108923245,0.3413533040324125
0.0,0.0,0.0,0.0,0.0,0.0,0.0,0.0,0.0,0.0,0.0,0.0,0.0,0.0,0.0,0.0,0.0,0.0,0.0,0.0,0.0,0.0,0.0,0.0,0.0,0.0,0.0,0.0,0.0,0.0,0.0,0.0,1.0,0.0,0.0,0.0,0.0,0.0,0.0,0.0,0.0,0.0,0.0,0.0,0.0,0.0,0.0,0.0,0.0,0.0
0.3629070686570227,0.44719226689483715,0.2808041936076243,0.3146178855761097,0.4440301484966893,0.4381442800391572,0.3979244113125239,0.32781489169881495,0.34330022534712157,0.32306268719247455,0.5172118317946912,0.3195840728778486,0.5588968756116519,0.31448002696471056,0.30457625029422075,0.39331317718625136,0.4187367147223984,0.5125211115691902,0.47591452436986315,0.40391300745633696,0.5284178709015965,0.6182632562955955,0.6556252280538281,0.4234961014541788,0.40994438298220615,0.3628438979402768,0.5326594237960449,0.3189344585518299,0.34971194734846445,0.3442254963819792,0.30188275976791856,0.5055821323798242,0.0,1.0,0.4533959905166246,0.3285833255410291,0.37688675895348966,0.5099777745770606,0.2745711520844425,0.5312839240583874,0.29941631928210743,0.45217305854853995,0.5364464461936038,0.32328474168949306,0.32584284730159774,0.31916982924566395,0.4521668545823163,0.4538815904512189,0.31084515420849,0.3521089729158601
0.3619405265176894,0.5771736253484696,0.2779588159918708,0.31587463140781147,0.426536509293597,0.5405736697965187,0.40010447116560455,0.3232631897805186,0.34809049968383043,0.32532104098692083,0.4698569019456177,0.3181332483421836,0.45443913527945434,0.31437558546112787,0.30949280503270316,0.3992152208196065,0.4735897334565107,0.45390600969300476,0.42254596483503337,0.4054879805681364,0.4439160332001776,0.4298495790709125,0.4584059791110946,0.5601840240503482,0.5481975138579611,0.4356764408570455,0.4558111233783839,0.31101748460575396,0.35142321763499396,0.35235087259064946,0.30143870857993393,0.43748735507089975,0.0,0.4533959905166246,1.0,0.30669437070073957,0.3791192786504268,0.4446466202239009,0.25483673910334226,0.4588275276900796,0.30095489755115046,0.5038075091089209,0.45646897223050686,0.3180925460508671,0.3188909746182996,0.3220706570583479,0.4957691388459988,0.4963419037180251,0.3111125839757699,0.3498535140155732
0.31504479764958093,0.3123919974695345,0.25939074855947164,0.43249901348728603,0.2792392494010919,0.3002040206610028,0.30388869792081585,0.4368103486615119,0.31808288557022335,0.4485331000013941,0.32617253023788406,0.43138604122827184,0.30976699618749093,0.4399281120369223,0.4315779361527895,0.3029456789177255,0.28473605855413797,0.32395446815998885,0.2962383453079346,0.3073576299728136,0.31391019628969774,0.2998937342189172,0.3244188400818713,0.2956404343082155,0.28396548699798707,0.25411359098384023,0.3190861636206599,0.4337759036023986,0.34410341312366377,0.31482647970865507,0.42301403796437287,0.2962801290562337,0.0,0.3285833255410291,0.30669437070073957,1.0,0.2893142382713101,0.3072857400046046,0.38507308400091256,0.3133856115101652,0.42274140272688254,0.30619892511626523,0.3089376609695259,0.4385072016182511,0.4365693815691115,0.3238433055014206,0.3042540841969843,0.3049097245172544,0.43861972178157604,0.34718354107342675
0.32787501548339215,0.36725446067412104,0.2554730750278581,0.29261133898033653,0.3593723057643099,0.3694776517483396,0.7763541030224959,0.2968777226323439,0.3364067370933901,0.29704538864771957,0.38443950878980404,0.28505768263861553,0.3858271726938318,0.2869739882580561,0.2838624437410081,0.7238470397279478,0.34190626903578103,0.4164221441972158,0.3738886792882462,0.7734521614439482,0.4053166114141302,0.37807953311888587,0.4095722422471685,0.36399423997709335,0.3603444136826237,0.32665059419302256,0.3767065323845683,0.2828441238053927,0.3184655471182768,0.3339733633865646,0.27831319315170744,0.3756938137026937,0.0,0.37688675895348966,0.3791192786504268,0.2893142382713101,1.0,0.36074063301368875,0.22952707680353346,0.3649096684140246,0.2777907097546849,0.37240265291772734,0.3878695143661345,0.2896615432447257,0.2865374854431295,0.2953969887624256,0.3597484233649183,0.36007633998984057,0.27706596070896394,0.32879069296208685
0.36702762040020087,0.4677426490186498,0.2836310724742416,0.3153219993179116,0.45207244804743496,0.43395575611591863,0.37773664356688263,0.3463638885581838,0.34684368676244215,0.3311283579120753,0.5230490851105236,0.3212092136424043,0.5346105500882972,0.32315804044674346,0.3138758281366826,0.3793042185004879,0.39378662558406785,0.4975872321507264,0.4590329945752387,0.3863275885399837,0.5036267645372969,0.4937186007799056,0.5272793182001334,0.4177324687796724,0.4150717505266158,0.36902229034596123,0.603682857982052,0.33739928625657767,0.3548448595687419,0.3521013461257737,0.30352009594881957,0.5101585269040572,0.0,0.5099777745770606,0.4446466202239009,0.3072857400046046,0.36074063301368875,1.0,0.26724639679241113,0.5526908587759831,0.3073090201500088,0.46414611082070867,0.6297775391135036,0.3427810319181306,0.332795197892375,0.32557074919967344,0.46864373066265874,0.4680823248956839,0.3257563269964393,0.35000419937507277
0.28830543669586417,0.25818636470612133,0.2189585810298572,0.3942252074446464,0.245792187671531,0.26487540115943176,0.24343805957717468,0.39160718912770676,0.2637193771849736,0.4066786219348636,0.2738203365395935,0.3871775059403546,0.2582434304500061,0.40563386865432616,0.3820092497647737,0.2389804936242379,0.23832729265387886,0.25759027074791707,0.2373765857846325,0.24634970038335702,0.25606071131658537,0.24596513884719007,0.26293082552025726,0.24646937787616152,0.2396688842315804,0.2167307385985786,0.25458544885214873,0.3883402979216187,0.278745822581824,0.26151165697837175,0.36561188906867004,0.2527911880944367,0.0,0.2745711520844425,0.25483673910334226,0.38507308400091256,0.22952707680353346,0.26724639679241113,1.0,0.2626642782316031,0.37134485584111243,0.2598139969153319,0.2635786041276953,0.3952896108209416,0.40294879014159557,0.2685607060068681,0.2620285332512966,0.26060457584864716,0.3800642433171342,0.2810782833467448
0.35848819643958185,0.4603607481751485,0.2887406365055888,0.3084367537118208,0.4508641339164533,0.4300608121649433,0.38814358522166326,0.3280274100278101,0.35630172145735817,0.3276462126639066,0.5524092451241578,0.3180417651337297,0.5545234364604639,0.31569785364840697,0.30636876533925106,0.3870430909812145,0.39847732993000795,0.5248966814937395,0.48448619128302983,0.3974751637464842,0.5312273425944058,0.5143453817589536,0.5458957358637435,0.42266657799778484,0.40039455041282157,0.3634886812361797,0.5699227585943842,0.32108026912540977,0.3487798345198887,0.36909053480647647,0.3046125587206012,0.5128758484207704,0.0,0.5312839240583874,0.4588275276900796,0.3133856115101652,0.3649096684140246,0.5526908587759831,0.2626642782316031,1.0,0.30346883624328325,0.46394873236777845,0.5634797710770172,0.323330720261507,0.3288261062006569,0.3344414909104376,0.48122176149354046,0.47844537417751787,0.3183776911695544,0.3568548601556284
