../ecoli_genomes/GCF_000163235.1_ASM16323v1_genomic.fna.gz,../ecoli_genomes/GCF_000164555.1_ASM16455v1_genomic.fna.gz,../ecoli_genomes/GCF_000208545.1_ASM20854v2_genomic.fna.gz,../ecoli_genomes/GCF_000233875.1_ASM23387v1_genomic.fna.gz,../ecoli_genomes/GCF_000249735.1_ASM24973v2_genomic.fna.gz,../ecoli_genomes/GCF_000261145.1_Esch_coli_M919_V2_genomic.fna.gz,../ecoli_genomes/GCF_000267705.2_ASM26770v2_genomic.fna.gz,../ecoli_genomes/GCF_000350665.1_Esch_coli_KTE5_V1_genomic.fna.gz,../ecoli_genomes/GCF_000351625.1_Esch_coli_KTE66_V1_genomic.fna.gz,../ecoli_genomes/GCF_000352285.1_Esch_coli_KTE46_V1_genomic.fna.gz,../ecoli_genomes/GCF_000358895.1_ASM35889v1_genomic.fna.gz,../ecoli_genomes/GCF_000456385.1_Esch_coli_HVH_26_4-5703913_V1_genomic.fna.gz,../ecoli_genomes/GCF_000458195.1_Esch_coli_HVH_147_4-5893887_V1_genomic.fna.gz,../ecoli_genomes/GCF_000459755.1_Esch_coli_KOEGE_58_171a_V1_genomic.fna.gz,../ecoli_genomes/GCF_000460055.1_Esch_coli_UMEA_3053-1_V1_genomic.fna.gz,../ecoli_genomes/GCF_000462165.2_ASM46216v2_genomic.fna.gz,../ecoli_genomes/GCF_000601135.1_ASM60113v1_genomic.fna.gz,../ecoli_genomes/GCF_000614595.1_Ec2010EL1058_genomic.fna.gz,../ecoli_genomes/GCF_000617745.1_Ec2010C-4529_genomic.fna.gz,../ecoli_genomes/GCF_000618265.2_EcF6751_genomic.fna.gz,../ecoli_genomes/GCF_000619005.2_Ec2009C-4052_genomic.fna.gz,../ecoli_genomes/GCF_000619105.1_Ec2009C-4780_genomic.fna.gz,../ecoli_genomes/GCF_000619765.2_Ec2009C-3279_genomic.fna.gz,../ecoli_genomes/GCF_000687005.1_ASM68700v1_genomic.fna.gz,../ecoli_genomes/GCF_000687025.1_ASM68702v1_genomic.fna.gz,../ecoli_genomes/GCF_000700125.1_ASM70012v1_genomic.fna.gz,../ecoli_genomes/GCF_000753315.1_FHI35_genomic.fna.gz,../ecoli_genomes/GCF_000776375.1_ASM77637v1_genomic.fna.gz,../ecoli_genomes/GCF_000779395.1_ASM77939v1_genomic.fna.gz,../ecoli_genomes/GCF_000780315.1_ASM78031v1_genomic.fna.gz,../ecoli_genomes/GCF_000781995.1_ASM78199v1_genomic.fna.gz,../ecoli_genomes/GCF_000986765.1_ASM98676v1_genomic.fna.gz,../ecoli_genomes/GCF_001041375.1_ViralProj287958_genomic.fna.gz,../ecoli_genomes/GCF_001265335.1_302014_genomic.fna.gz,../ecoli_genomes/GCF_001265625.1_100854_genomic.fna.gz,../ecoli_genomes/GCF_001267345.1_303289_genomic.fna.gz,../ecoli_genomes/GCF_001309985.1_ASM130998v1_genomic.fna.gz,../ecoli_genomes/GCF_001521695.1_ASM152169v1_genomic.fna.gz,../ecoli_genomes/GCF_001592595.1_ASM159259v1_genomic.fna.gz,../ecoli_genomes/GCF_001614975.1_ASM161497v1_genomic.fna.gz,../ecoli_genomes/GCF_001692775.1_ASM169277v1_genomic.fna.gz,../ecoli_genomes/GCF_001748915.1_ASM174891v1_genomic.fna.gz,../ecoli_genomes/GCF_001749235.1_ASM174923v1_genomic.fna.gz,../ecoli_genomes/GCF_001881155.1_ASM188115v1_genomic.fna.gz,../ecoli_genomes/GCF_001881345.1_ASM188134v1_genomic.fna.gz,../ecoli_genomes/GCF_001892405.1_ASM189240v1_genomic.fna.gz,../ecoli_genomes/GCF_001892585.1_ASM189258v1_genomic.fna.gz,../ecoli_genomes/GCF_001893985.1_ASM189398v1_genomic.fna.gz,../ecoli_genomes/GCF_002001595.1_ASM200159v1_genomic.fna.gz,../ecoli_genomes/GCF_002002145.1_ASM200214v1_genomic.fna.gz
1.0,0.37596618018888994,0.31974045365503145,0.3384761826516751,0.3483952234917074,0.3560359232761986,0.35048577170565054,0.35131919448806226,0.4354255167953822,0.35325066011305806,0.37711765607901515,0.3465242161876002,0.3675586993456762,0.3325205155664239,0.3196468005808204,0.35022420818153777,0.2723418758691565,0.3686716278967648,0.3367740078926643,0.35342529277224477,0.35173558466705146,0.3395643939834492,0.36542506124434715,0.32568405769648645,0.3062910539868505,0.3571571550325672,0.363832509292389,0.3412161426349074,0.3909349746746027,0.4386220111483897,0.31519326338649734,0.3643386217383826,0.0,0.35877871794729066,0.360789696655178,0.33938768154345567,0.33662828795108957,0.3707302237525518,0.28590350100096984,0.3732139989722404,0.3223980771882706,0.3577022972565832,0.3661989906585966,0.347197454518997,0.3601823575930947,0.36427848680128305,0.35879414922132236,0.3589638685306332,0.3264598031517968,0.3976342691825626
0.37596618018888994,1.0,0.2965496304364643,0.3290678985489117,0.42530772504418923,0.5536101890611012,0.3883746066500279,0.33678250068863724,0.35365064835449356,0.3474176704731624,0.47425893823559184,0.33699306852237,0.4635203110793611,0.3267321271146947,0.3155070828098152,0.3939990613376838,0.2959493667708859,0.4599504848577227,0.4177435082842704,0.3940089239931863,0.4455038474081341,0.4252828057512723,0.45760490442725843,0.444720173956091,0.39263062292392825,0.47243791942474633,0.46234148545632214,0.33373713527999926,0.36226173916095283,0.36577787630424385,0.31521803038606766,0.43091131842288977,0.0,0.44333713585732326,0.5793708324690009,0.32387008708873133,0.3700717002803122,0.47235511047503265,0.24278515896524655,0.4626301149670782,0.31825229909778396,0.5014927574068939,0.46766897853572087,0.3451957547362169,0.34459422934188555,0.33693390866349093,0.5141158179685612,0.5151708066717723,0.3412555798781558,0.3565675951243962
0.31974045365503145,0.2965496304364643,1.0,0.26850673689891225,0.2629316787340513,0.27232308558825846,0.2780644298995091,0.27212449390419846,0.3072078041965228,0.27683157004070913,0.30461372105305984,0.26727938406032214,0.2913694000067618,0.2710046053349251,0.2626722804332109,0.2810075955255086,0.16802695734416617,0.28675366251775036,0.2654989154192713,0.28162873086125184,0.2847704970218585,0.2709996570786074,0.28876900515673243,0.2260593245840049,0.1981738677391096,0.25609323303917053,0.29187931860940597,0.2756985632540493,0.3068388730547654,0.31671201670759297,0.2583789218451402,0.2660574898134056,0.0,0.28462508255224406,0.2806317531076108,0.2798783785516823,0.2641780848264009,0.28980355863669527,0.2081461441166066,0.29534754400108476,0.2650524281448515,0.28292918618960283,0.2957645673684499,0.27968301979720933,0.27330795168642763,0.28546581766449564,0.2883920617511577,0.28904416818780654,0.28002455291136374,0.31175341898854203
0.3384761826516751,0.3290678985489117,0.26850673689891225,1.0,0.3287372103410706,0.3187150295095066,0.30720435390415346,0.5356391296000144,0.3387594625007573,0.5587753506609978,0.32674875202361975,0.5441851003679284,0.32929783580491356,0.5835342674721865,0.5995086233902427,0.31584413240863596,0.2121365042869343,0.3143789430932391,0.29870097610873225,0.31011165865621826,0.30877247865356205,0.29819199954323394,0.32171222505233277,0.2776528868169378,0.2505753031799689,0.3035339218562929,0.31850329169390745,0.5629841134646207,0.360848845643404,0.3325969764059912,0.521712159893838,0.3291479594884441,0.0,0.3091700903559823,0.31614024543633656,0.4666997801042917,0.2954723423902518,0.309757554652784,0.3777210315158087,0.3149241707437146,0.5515086887170153,0.31475341701793635,0.31741964002554934,0.5631501334278933,0.5552514435551344,0.3407263805255909,0.31433837563556755,0.31584515712165706,0.49815499552149844,0.3682516316363643
0.3483952234917074,0.42530772504418923,0.2629316787340513,0.3287372103410706,1.0,0.4474430836670251,0.35789168376277236,0.32269247380030786,0.3399356155891019,0.3320991959245644,0.5321301918408303,0.3208491105392819,0.49184945436791616,0.31123714412014225,0.3204141482201377,0.37280637695071184,0.3130396684527279,0.4390707483909383,0.4166217173183264,0.360183350333511,0.44710817093896604,0.42046070178952855,0.4474357717193779,0.4140585129620358,0.3461105702998857,0.42067734045063754,0.4590532312517607,0.30048934819126094,0.3486642777347142,0.33737384820768446,0.2897902150195697,0.487357910590259,0.0,0.45743974110819074,0.43184190129051925,0.31140267557244916,0.34888545022104855,0.4729891584265191,0.2569297314780613,0.47298422017961217,0.3206867453651878,0.4345614380255478,0.47901260480950525,0.30876721476665314,0.3160535408811459,0.3207036157109583,0.4486532322838813,0.4507914586900963,0.30318208444158146,0.3349039038914091
0.3560359232761986,0.5536101890611012,0.27232308558825846,0.3187150295095066,0.4474430836670251,1.0,0.39313988456118754,0.33046636012204467,0.33972349451492934,0.3201976356890158,0.45147082790512305,0.3156441720409624,0.4459975143046363,0.3107509486119874,0.30838262822085616,0.3904989703905497,0.30866743701799615,0.4538471025468329,0.4142729436889947,0.3887122254225107,0.42768719419929335,0.4457957997070696,0.448091058969858,0.45418215035660625,0.39598410966159026,0.45426310489227173,0.4324067189771097,0.31631316162334444,0.35565086272984814,0.33870724842781574,0.29471500999985945,0.42852466630431785,0.0,0.4438859527613839,0.5609215806070126,0.33014280079049285,0.3744106340951894,0.4463987959422768,0.26514802220404743,0.443100414096654,0.30590032372634857,0.49079611812696367,0.45044251760339815,0.32030643531027814,0.3228026028636396,0.3189844837039738,0.49681369559695654,0.4981262672001394,0.31064612015495496,0.350638079276521
0.35048577170565054,0.3883746066500279,0.2780644298995091,0.30720435390415346,0.35789168376277236,0.39313988456118754,1.0,0.31112659606938475,0.34933613513646844,0.31283644761166307,0.4061175893096328,0.29840350139541316,0.3983518362570685,0.30154442310091445,0.298189265386276,0.7625592190281909,0.22825831799758645,0.43612702312022666,0.40298548261015577,0.8619825717930686,0.43317741941374766,0.4040401839585055,0.4381099761321049,0.3114154577900198,0.2675112000667782,0.35455172153925674,0.39842922409745263,0.3070536685273867,0.34183493965674916,0.3453518745308084,0.28944024590559336,0.37427728178001174,0.0,0.4011096437103866,0.3993212507709275,0.3345315912342568,0.7958785601119345,0.3766771294438698,0.2476509986358496,0.3991712592925195,0.2901178754116207,0.38592527967930035,0.4003782432874573,0.3076776906881492,0.3066455921929415,0.31483201164979124,0.3797971756585218,0.38071311078813097,0.29950201655550635,0.3485182462029178
0.35131919448806226,0.33678250068863724,0.27212449390419846,0.5356391296000144,0.32269247380030786,0.33046636012204467,0.31112659606938475,1.0,0.3362246992226152,0.5419210951092337,0.32994418370468626,0.526015147535053,0.33083911709232006,0.5288376772519161,0.5092417564648852,0.3154874554437699,0.24039931158577876,0.32131642830764184,0.30258692088437533,0.31400338477347556,0.3132846903525295,0.3024091064163279,0.3252965506200757,0.29616208560317847,0.2691438790681362,0.32174272844023444,0.3188773546621336,0.6999298616203339,0.3697687227994717,0.33564561905828016,0.5030856131880252,0.3266201060687721,0.0,0.3184319184948712,0.32093426055982344,0.45774444680354276,0.2973736174054925,0.3349789399569262,0.38900258902443907,0.3297393070974679,0.5120255859917977,0.32361133494685834,0.3210678914622922,0.7079281195798599,0.6798942332460376,0.34536371680231925,0.32447655003975306,0.3246143722130329,0.48744363084619335,0.36592382912719545
0.4354255167953822,0.35365064835449356,0.3072078041965228,0.3387594625007573,0.3399356155891019,0.33972349451492934,0.34933613513646844,0.3362246992226152,1.0,0.3495639015663854,0.3734246887472179,0.32202655725041474,0.3657279565510978,0.33530223527709424,0.3285516150855885,0.35590545694468456,0.20441631757871592,0.3548853024330195,0.32533812027427644,0.35474298088202993,0.3449261748148228,0.33498615272141097,0.3559283523228619,0.2809400563471214,0.241194334835252,0.31732984836525224,0.3621350369813765,0.3309211078539679,0.38505962347839984,0.45764516146780265,0.31832646609528625,0.3378478181774306,0.0,0.344485510168002,0.34904818550164673,0.34256762571224086,0.33644216429851503,0.3462150172666142,0.25339766085615234,0.3595165279849958,0.32593373152994465,0.3507914303295946,0.36550518193979253,0.3320761286973005,0.32717635162907355,0.36310204468497387,0.34693652390678753,0.34852314464065215,0.32392696902191254,0.39330751174241463
0.35325066011305806,0.3474176704731624,0.27683157004070913,0.5587753506609978,0.3320991959245644,0.3201976356890158,0.31283644761166307,0.5419210951092337,0.3495639015663854,1.0,0.34307936398821326,0.5177794332085845,0.3432275011947773,0.5408704333219593,0.5386138134308975,0.32283368017655223,0.1905891827379783,0.32300760690848895,0.30348086120507844,0.31613895714480744,0.312985467349012,0.30454453702757267,0.32116794152818473,0.2641614062747042,0.23114974054561832,0.29892788534330317,0.328570559127804,0.5449975339966713,0.3705210261702119,0.34583387702327917,0.539878967384814,0.31407541350882273,0.0,0.3137692180566203,0.3203684931382338,0.4787789792491255,0.303108457417519,0.3216868776498577,0.3744048740216456,0.32891650279617113,0.5565344692164818,0.3218725865418971,0.3234440092616305,0.547038382735594,0.5487320269169098,0.3447582419651728,0.3232354872776476,0.32423450508698526,0.516265568879043,0.3652576692044882
0.37711765607901515,0.47425893823559184,0.30461372105305984,0.32674875202361975,0.5321301918408303,0.45147082790512305,0.4061175893096328,0.32994418370468626,0.3734246887472179,0.34307936398821326,1.0,0.31922625622225653,0.5674893396577676,0.33184192306023086,0.3186278074844273,0.41259584534092675,0.2654737258245431,0.5268332443278814,0.49155053242733016,0.41270963919809645,0.520202029200274,0.509856311986563,0.5328822735629729,0.36777413843925566,0.3106753610795544,0.42191391697815617,0.5428750065695097,0.329591507076086,0.3611459567409039,0.37655445243096375,0.3154499631183548,0.4807595536382807,0.0,0.5170458769353364,0.4679045090946711,0.3463276456467286,0.38882369254039817,0.5268976447507441,0.2511206206087956,0.5569619423452401,0.32084902609479315,0.48575096366172377,0.5512950031329744,0.33044615364644137,0.3285636070752046,0.33791713856966243,0.4865726818673294,0.4875872325321805,0.32987798924385203,0.36640477903206237
0.3465242161876002,0.33699306852237,0.26727938406032214,0.5441851003679284,0.3208491105392819,0.3156441720409624,0.29840350139541316,0.526015147535053,0.32202655725041474,0.5177794332085845,0.31922625622225653,1.0,0.31739687970490793,0.528695495139923,0.6204214084168141,0.30470379440068196,0.24033549453437764,0.30612881372988665,0.28902607306766837,0.3005299038850877,0.3046261761964498,0.28984153434586146,0.3134082965163675,0.2908434410302998,0.27142343737444385,0.315622882999281,0.3068607916026208,0.5185312952041907,0.3619489873514886,0.32832551119167186,0.47475923888603744,0.31928588515302303,0.0,0.3109950440580682,0.31332607633670506,0.44859360217209643,0.28879757517227256,0.3164508938343784,0.3951229101752708,0.3141383835279904,0.4981000789340281,0.3082207065698279,0.3162133029177018,0.5275939261329372,0.5294316254840945,0.34208144520194306,0.31887893436490666,0.3199629233616754,0.467570553072585,0.35862760180005615
0.3675586993456762,0.4635203110793611,0.2913694000067618,0.32929783580491356,0.49184945436791616,0.4459975143046363,0.3983518362570685,0.33083911709232006,0.3657279565510978,0.3432275011947773,0.5674893396577676,0.31739687970490793,1.0,0.32278283715908074,0.32674720369236454,0.41156489663202844,0.2630674379531406,0.5344019238041091,0.5444008111627243,0.40320816716878216,0.5398088151491188,0.5725995874652808,0.5822542193550926,0.36835125751011255,0.3061058250178671,0.4080267706863371,0.5694509336586853,0.3206058397664716,0.35245188556478446,0.3749163395477366,0.3061297266024908,0.5264433742876384,0.0,0.5636874739068749,0.45519456955201787,0.3304200377217843,0.3898505934034133,0.5346537576307626,0.2515880170722983,0.5767454555926,0.32221100117707446,0.4669611610347256,0.5637452632978079,0.32082175537746216,0.31842924841950093,0.32684437297621904,0.4690880580160812,0.4713692814867283,0.31786070799245725,0.35521721038398746
0.3325205155664239,0.3267321271146947,0.2710046053349251,0.5835342674721865,0.31123714412014225,0.3107509486119874,0.30154442310091445,0.5288376772519161,0.33530223527709424,0.5408704333219593,0.33184192306023086,0.528695495139923,0.32278283715908074,1.0,0.5814440042202103,0.3086114557132329,0.18707939449991073,0.3131113502961804,0.29153792515450794,0.3060503527097336,0.30602031722574263,0.2981682742820181,0.31925401951869825,0.25286088889176817,0.22229180306156904,0.2876885615124378,0.320754603803345,0.560797206827452,0.3646613525074315,0.3275697307461197,0.5203919769618186,0.3051424614515589,0.0,0.30772574911318573,0.3130824659989587,0.4606895402089711,0.2885279503922029,0.31378684884183417,0.36391979837569255,0.3165178874297083,0.5386047317971672,0.31002349352794445,0.31689596814581733,0.5529829905821848,0.5410914949508726,0.3438952246018452,0.31346635236925113,0.3151356062109033,0.49716199408708284,0.36572842334195244
0.3196468005808204,0.3155070828098152,0.2626722804332109,0.5995086233902427,0.3204141482201377,0.30838262822085616,0.298189265386276,0.5092417564648852,0.3285516150855885,0.5386138134308975,0.3186278074844273,0.6204214084168141,0.32674720369236454,0.5814440042202103,1.0,0.30626072462289267,0.18728660695659716,0.3041454434181038,0.28438003545826607,0.30026241253951913,0.29689728024075834,0.2903133015171012,0.31060734049892524,0.2567293878372908,0.21905169941236757,0.28433451461811254,0.3097379908606591,0.5288283196916539,0.3536836306081246,0.3205492321755392,0.5144739649375902,0.31003134609872096,0.0,0.30011654307056246,0.3049638175364815,0.45517077072553436,0.28758473379315863,0.3054380405286966,0.3675093928522962,0.3075781417010346,0.5424079938769412,0.3036470146083502,0.3120063431834117,0.5229039243762956,0.5134847754849894,0.3376146249084856,0.31100217244998707,0.3127637309017768,0.4826391477968196,0.36665592825542614
0.35022420818153777,0.3939990613376838,0.2810075955255086,0.31584413240863596,0.37280637695071184,0.3904989703905497,0.7625592190281909,0.3154874554437699,0.35590545694468456,0.32283368017655223,0.41259584534092675,0.30470379440068196,0.41156489663202844,0.3086114557132329,0.30626072462289267,1.0,0.22914402976449844,0.42072272722795256,0.39518464187986657,0.783694629059449,0.4179423643091058,0.4030276060028609,0.4246508988516794,0.3176749466779143,0.27590436471755964,0.3580271319014787,0.3945598984955786,0.3080360878281191,0.34273934543162554,0.35755194866102147,0.29278975094079507,0.37547825357698694,0.0,0.39517367358572386,0.39551355067767713,0.32995052227750643,0.7375622995994209,0.380635578696777,0.24366552209883197,0.3970917255017212,0.3009050090961508,0.3874111969604406,0.39807494139292154,0.3085306203143404,0.30619340830189024,0.3187426404905572,0.3844356727492132,0.38536271221760654,0.3054691882259505,0.34655124512931046
0.2723418758691565,0.2959493667708859,0.16802695734416617,0.2121365042869343,0.3130396684527279,0.30866743701799615,0.22825831799758645,0.24039931158577876,0.20441631757871592,0.1905891827379783,0.2654737258245431,0.24033549453437764,0.2630674379531406,0.18707939449991073,0.18728660695659716,0.22914402976449844,1.0,0.25664536821696027,0.2385648783748644,0.2292805098476276,0.2534909103480534,0.247778305412922,0.2633538073519738,0.5925793933493075,0.6524101923804428,0.5185908059385745,0.2565715872231198,0.19372714416110015,0.223551547761628,0.21793297149183533,0.17998747531878545,0.40892561518032,0.0,0.29542918353263437,0.31159397049163795,0.1933806190453632,0.22126663625769305,0.26826805265213416,0.3360238133570326,0.289412384996117,0.1813903209779406,0.28100056605004653,0.264493871304879,0.24780171771086867,0.25489452268329693,0.21605466471976098,0.3288297330877119,0.3247879767029501,0.18550087483654998,0.21726348680588747
0.3686716278967648,0.4599504848577227,0.28675366251775036,0.3143789430932391,0.4390707483909383,0.4538471025468329,0.43612702312022666,0.32131642830764184,0.3548853024330195,0.32300760690848895,0.5268332443278814,0.30612881372988665,0.5344019238041091,0.3131113502961804,0.3041454434181038,0.42072272722795256,0.25664536821696027,1.0,0.5366564163424136,0.4362962691545078,0.5570313086550698,0.5319497364133782,0.5694359371568166,0.35601820287289,0.3006413790054331,0.4016164616391805,0.5381674470338609,0.31796273849201484,0.3538856419813804,0.35897142185002506,0.30123727170098,0.4754732395839195,0.0,0.5221886465114667,0.45896021822728017,0.34156562017458747,0.41925001146213803,0.4949232647546201,0.25384569121623046,0.5334638913348281,0.3003397519503558,0.4599620084725634,0.5293413075100872,0.31693424102061196,0.3165323204121372,0.3229769749662935,0.46434182911157407,0.4654444554239766,0.306259073246244,0.35634290699260385
0.3367740078926643,0.4177435082842704,0.2654989154192713,0.29870097610873225,0.4166217173183264,0.4142729436889947,0.40298548261015577,0.30258692088437533,0.32533812027427644,0.30348086120507844,0.49155053242733016,0.28902607306766837,0.5444008111627243,0.29153792515450794,0.28438003545826607,0.39518464187986657,0.2385648783748644,0.5366564163424136,1.0,0.40159378971813686,0.5236447878874655,0.5498152257759499,0.5181815876495054,0.3304831569498333,0.2812944104330609,0.36847530459351807,0.4925039259489249,0.2957753818194283,0.32653391025262124,0.33147551197746883,0.2793615243922777,0.46848581860064464,0.0,0.48867814325587877,0.42515145325861725,0.31727049058606893,0.3880371084794396,0.45992769794492927,0.2375105263008287,0.49670095683337334,0.28437456535868866,0.418712840441828,0.4906488957939408,0.29533360602858927,0.29423631238478876,0.299709420590905,0.4191319110902352,0.4206628255159325,0.29027350821527886,0.32831400756403817
0.35342529277224477,0.3940089239931863,0.28162873086125184,0.31011165865621826,0.360183350333511,0.3887122254225107,0.8619825717930686,0.31400338477347556,0.35474298088202993,0.31613895714480744,0.41270963919809645,0.3005299038850877,0.40320816716878216,0.3060503527097336,0.30026241253951913,0.783694629059449,0.2292805098476276,0.4362962691545078,0.40159378971813686,1.0,0.4348351532901171,0.4016713014754535,0.4377825847438499,0.3123883104399673,0.2719264191078552,0.3594559293542827,0.40368670377475546,0.3096351326439071,0.345172452995939,0.35036120242507507,0.2932275804164143,0.3774828567893658,0.0,0.40215539070688033,0.3984827031537814,0.33187696482588647,0.8031114421750529,0.38298730405654346,0.2428424584522083,0.4049003587217129,0.2935450762601073,0.3907262284090749,0.40558598898457077,0.3093240463664855,0.306644905624083,0.32029156460233266,0.38670823069599136,0.38734975625502266,0.3040936395882018,0.35334210746576356
0.35173558466705146,0.4455038474081341,0.2847704970218585,0.30877247865356205,0.44710817093896604,0.42768719419929335,0.43317741941374766,0.3132846903525295,0.3449261748148228,0.312985467349012,0.520202029200274,0.3046261761964498,0.5398088151491188,0.30602031722574263,0.29689728024075834,0.4179423643091058,0.2534909103480534,0.5570313086550698,0.5236447878874655,0.4348351532901171,1.0,0.5318938668435799,0.5760151442992283,0.3482752932386378,0.29437166579902896,0.4004197677183656,0.535645724183283,0.30941496157432,0.3392589573945153,0.3555441824474961,0.29163062577061105,0.4826325529800368,0.0,0.5321629354336588,0.44750408409145137,0.3349690898780435,0.41424618264895696,0.5004133788413846,0.24483385854971795,0.5412043677803103,0.297212899674272,0.4385089879534444,0.5301043674106108,0.31086517248534806,0.3098232158246813,0.324381714063137,0.46018008164493074,0.4611010542284185,0.3050483513185168,0.34551876715176
0.3395643939834492,0.4252828057512723,0.2709996570786074,0.29819199954323394,0.42046070178952855,0.4457957997070696,0.4040401839585055,0.3024091064163279,0.33498615272141097,0.30454453702757267,0.509856311986563,0.28984153434586146,0.5725995874652808,0.2981682742820181,0.2903133015171012,0.4030276060028609,0.247778305412922,0.5319497364133782,0.5498152257759499,0.4016713014754535,0.5318938668435799,1.0,0.6875847365647647,0.33130196491076724,0.2853791798531504,0.3754612716695357,0.5161960306393591,0.3005460038390232,0.3280331574379002,0.33783623943818786,0.284929268930722,0.48206008572436687,0.0,0.6199239617075494,0.42652839710768775,0.3150723619097412,0.39161707714026117,0.4857756286860092,0.23856732755882726,0.5225367554112006,0.2860136126567908,0.4251176508470442,0.5252708479955437,0.30137674961496297,0.2973489015097397,0.307841964865061,0.4314099461647275,0.4326946246327933,0.2940450800163916,0.3336840314599073
0.36542506124434715,0.45760490442725843,0.28876900515673243,0.32171222505233277,0.4474357717193779,0.448091058969858,0.4381099761321049,0.3252965506200757,0.3559283523228619,0.32116794152818473,0.5328822735629729,0.3134082965163675,0.5822542193550926,0.31925401951869825,0.31060734049892524,0.4246508988516794,0.2633538073519738,0.5694359371568166,0.5181815876495054,0.4377825847438499,0.5760151442992283,0.6875847365647647,1.0,0.35461999813710887,0.30489411297045865,0.4017532008774435,0.5551372675254238,0.3227813742306178,0.350826497838031,0.35642230080726756,0.3028142853787581,0.5093631330126243,0.0,0.6513371578376311,0.45701976688253665,0.3385092249452376,0.41914310204747984,0.5188899077693498,0.25665655445263247,0.5523008307586799,0.3047677517716638,0.450177656050299,0.5501005066136586,0.32380984118912004,0.3235843540112421,0.3256442372052989,0.4585203868084524,0.4602541927096848,0.31286566058646537,0.35353224817855566
0.32568405769648645,0.444720173956091,0.2260593245840049,0.2776528868169378,0.4140585129620358,0.45418215035660625,0.3114154577900198,0.29616208560317847,0.2809400563471214,0.2641614062747042,0.36777413843925566,0.2908434410302998,0.36835125751011255,0.25286088889176817,0.2567293878372908,0.3176749466779143,0.5925793933493075,0.35601820287289,0.3304831569498333,0.3123883104399673,0.3482752932386378,0.33130196491076724,0.35461999813710887,1.0,0.6094994413324768,0.5419311551151988,0.3548963642751697,0.2535934530419095,0.29577939143656706,0.29267743332587615,0.24233686630104712,0.4579976098213766,0.0,0.3731145639252029,0.4690831904477979,0.2611176578249341,0.30081511294205565,0.35657115736550005,0.26840865175831297,0.37187430730875604,0.25460290677667563,0.39740902302589376,0.35667220568740443,0.29241031498761083,0.2996542107068052,0.2724903196654439,0.4146170374874433,0.41234494343984207,0.24976089116739508,0.2926995447659744
0.3062910539868505,0.39263062292392825,0.1981738677391096,0.2505753031799689,0.3461105702998857,0.39598410966159026,0.2675112000667782,0.2691438790681362,0.241194334835252,0.23114974054561832,0.3106753610795544,0.27142343737444385,0.3061058250178671,0.22229180306156904,0.21905169941236757,0.27590436471755964,0.6524101923804428,0.3006413790054331,0.2812944104330609,0.2719264191078552,0.29437166579902896,0.2853791798531504,0.30489411297045865,0.6094994413324768,1.0,0.5507016277291672,0.30205663233349833,0.22184721148983422,0.2510136070664014,0.25404842734388833,0.21186315565171365,0.4338049103672048,0.0,0.32594897277384705,0.4069386283234454,0.22121131989194376,0.26275951992689206,0.31427912859622054,0.35226721115087756,0.3261601506325329,0.2190590465385116,0.33318907546512033,0.3076313939304024,0.28107913812024865,0.2825412410251663,0.2502815035927832,0.37321040709328157,0.3692868774920828,0.22574682986709782,0.24749173146682624
0.3571571550325672,0.47243791942474633,0.25609323303917053,0.3035339218562929,0.42067734045063754,0.45426310489227173,0.35455172153925674,0.32174272844023444,0.31732984836525224,0.29892788534330317,0.42191391697815617,0.315622882999281,0.4080267706863371,0.2876885615124378,0.28433451461811254,0.3580271319014787,0.5185908059385745,0.4016164616391805,0.36847530459351807,0.3594559293542827,0.4004197677183656,0.3754612716695357,0.4017532008774435,0.5419311551151988,0.5507016277291672,1.0,0.40110543766889817,0.28938440608725424,0.3175588283875278,0.3261672798130124,0.2766725967632875,0.4641870927231704,0.0,0.4048575624701527,0.47297447348109267,0.2950848488723997,0.3443181227271026,0.40696397359411673,0.3177863570427145,0.4256721960185148,0.28310853398089,0.4429020407243859,0.40237979993094164,0.32785811135709075,0.3267746086086998,0.30501895081685415,0.47786531449831837,0.4753629681237077,0.29584890531740204,0.3220943153126058
0.363832509292389,0.46234148545632214,0.29187931860940597,0.31850329169390745,0.4590532312517607,0.4324067189771097,0.39842922409745263,0.3188773546621336,0.3621350369813765,0.328570559127804,0.5428750065695097,0.3068607916026208,0.5694509336586853,0.320754603803345,0.3097379908606591,0.3945598984955786,0.2565715872231198,0.5381674470338609,0.4925039259489249,0.40368670377475546,0.535645724183283,0.5161960306393591,0.5551372675254238,0.3548963642751697,0.30205663233349833,0.40110543766889817,1.0,0.31519941336963475,0.3544816276433981,0.36351032618549417,0.3047414392562898,0.49927329481589533,0.0,0.5224600789202244,0.45386160886896554,0.32861894858555496,0.3806816291660794,0.5931444503173939,0.2364221379289212,0.5706793185665031,0.3093313871567158,0.45673740913558414,0.6336310908348427,0.3213788509071155,0.31272370374901504,0.33573108329717416,0.4588168117131455,0.46041653474402,0.3176069360674383,0.3580700905175799
0.3412161426349074,0.33373713527999926,0.2756985632540493,0.5629841134646207,0.30048934819126094,0.31631316162334444,0.3070536685273867,0.6999298616203339,0.3309211078539679,0.5449975339966713,0.329591507076086,0.5185312952041907,0.3206058397664716,0.560797206827452,0.5288283196916539,0.3080360878281191,0.19372714416110015,0.31796273849201484,0.2957753818194283,0.3096351326439071,0.30941496157432,0.3005460038390232,0.3227813742306178,0.2535934530419095,0.22184721148983422,0.28938440608725424,0.31519941336963475,1.0,0.36959999102231667,0.3299870681043596,0.5112965752130441,0.305219448851072,0.0,0.3106611629028153,0.31384257678871297,0.4578865200513512,0.2923921314035832,0.32573205813677675,0.3616145548298768,0.3192119024148894,0.5255156264055886,0.31822893501122784,0.3154626999626956,0.7957946860493603,0.7537473045169465,0.34262439396593025,0.3211402391912692,0.3219747063097791,0.5024948419115897,0.36276025443142723
0.3909349746746027,0.36226173916095283,0.3068388730547654,0.360848845643404,0.3486642777347142,0.35565086272984814,0.34183493965674916,0.3697687227994717,0.38505962347839984,0.3705210261702119,0.3611459567409039,0.3619489873514886,0.35245188556478446,0.3646613525074315,0.3536836306081246,0.34273934543162554,0.223551547761628,0.3538856419813804,0.32653391025262124,0.345172452995939,0.3392589573945153,0.3280331574379002,0.350826497838031,0.29577939143656706,0.2510136070664014,0.3175588283875278,0.3544816276433981,0.36959999102231667,1.0,0.38317320345035166,0.3478454096582917,0.3404152010136805,0.0,0.34561207413675665,0.3497594996678506,0.3639879796128529,0.3248404148158661,0.3560648028194724,0.26938580995728334,0.3552134150613385,0.3436141791451506,0.3447001730456136,0.35279390308686276,0.3658793657598992,0.3640463593844292,0.4382946201123874,0.34757277878853565,0.34801754596596646,0.3530479942850595,0.6360675543905312
0.4386220111483897,0.36577787630424385,0.31671201670759297,0.3325969764059912,0.33737384820768446,0.33870724842781574,0.3453518745308084,0.33564561905828016,0.45764516146780265,0.34583387702327917,0.37655445243096375,0.32832551119167186,0.3749163395477366,0.3275697307461197,0.3205492321755392,0.35755194866102147,0.21793297149183533,0.35897142185002506,0.33147551197746883,0.35036120242507507,0.3555441824474961,0.33783623943818786,0.35642230080726756,0.29267743332587615,0.25404842734388833,0.3261672798130124,0.36351032618549417,0.3299870681043596,0.38317320345035166,1.0,0.3169105187028566,0.33761688137286583,0.0,0.34535547380282594,0.3532836815484095,0.3380862071215174,0.33367849323642595,0.3544777800034412,0.24996832621869702,0.3748521672687688,0.32416946277495273,0.35422817867369294,0.3654548426672398,0.33270192106576235,0.3278046197332545,0.37912839532553555,0.3602183029104342,0.3606776874629217,0.32420449112548555,0.3955239390833637
0.31519326338649734,0.31521803038606766,0.2583789218451402,0.521712159893838,0.2897902150195697,0.29471500999985945,0.28944024590559336,0.5030856131880252,0.31832646609528625,0.539878967384814,0.3154499631183548,0.47475923888603744,0.3061297266024908,0.5203919769618186,0.5144739649375902,0.29278975094079507,0.17998747531878545,0.30123727170098,0.2793615243922777,0.2932275804164143,0.29163062577061105,0.284929268930722,0.3028142853787581,0.24233686630104712,0.21186315565171365,0.2766725967632875,0.3047414392562898,0.5112965752130441,0.3478454096582917,0.3169105187028566,1.0,0.2881792333180946,0.0,0.29670571260719236,0.2961396916015482,0.4449079191032804,0.2783038092794282,0.30151959454396904,0.340620684490913,0.30451746650944356,0.6470707670819273,0.2982330239981478,0.3004479132807979,0.5101871040941806,0.4979061933179201,0.32695458306332226,0.30317611533007427,0.3039629546791144,0.47294657620908,0.34528716328524567
0.3643386217383826,0.43091131842288977,0.2660574898134056,0.3291479594884441,0.487357910590259,0.42852466630431785,0.37427728178001174,0.3266201060687721,0.3378478181774306,0.31407541350882273,0.4807595536382807,0.31928588515302303,0.5264433742876384,0.3051424614515589,0.31003134609872096,0.37547825357698694,0.40892561518032,0.4754732395839195,0.46848581860064464,0.3774828567893658,0.4826325529800368,0.48206008572436687,0.5093631330126243,0.4579976098213766,0.4338049103672048,0.4641870927231704,0.49927329481589533,0.305219448851072,0.3404152010136805,0.33761688137286583,0.2881792333180946,1.0,0.0,0.5050886821668439,0.4246508004482208,0.30465820704475743,0.3664248346525161,0.49619898670747153,0.2947376184997311,0.513809012317036,0.296802968415965,0.42806813988199566,0.5115257905411961,0.3204690496244169,0.32785882768010477,0.3137068367167608,0.44688625603723586,0.4461410075091137,0.29407214567376105,0.3302238011311933
0.0,0.0,0.0,0.0,0.0,0.0,0.0,0.0,0.0,0.0,0.0,0.0,0.0,0.0,0.0,0.0,0.0,0.0,0.0,0.0,0.0,0.0,0.0,0.0,0.0,0.0,0.0,0.0,0.0,0.0,0.0,0.0,1.0,0.0,0.0,0.0,0.0,0.0,0.0,0.0,0.0,0.0,0.0,0.0,0.0,0.0,0.0,0.0,0.0,0.0
0.35877871794729066,0.44333713585732326,0.28462508255224406,0.3091700903559823,0.45743974110819074,0.4438859527613839,0.4011096437103866,0.3184319184948712,0.344485510168002,0.3137692180566203,0.5170458769353364,0.3109950440580682,0.5636874739068749,0.30772574911318573,0.30011654307056246,0.39517367358572386,0.29542918353263437,0.5221886465114667,0.48867814325587877,0.40215539070688033,0.5321629354336588,0.6199239617075494,0.6513371578376311,0.3731145639252029,0.32594897277384705,0.4048575624701527,0.5224600789202244,0.3106611629028153,0.34561207413675665,0.34535547380282594,0.29670571260719236,0.5050886821668439,0.0,1.0,0.44924921316174016,0.3395423371831827,0.3824831176394873,0.5030382334565093,0.2688745683955459,0.5391115360636068,0.2949195260319063,0.44360154937106056,0.5450091768952963,0.3135734756223266,0.3159737157441792,0.3199813143753164,0.45401390775183825,0.45460023977995045,0.30148141235070436,0.34451246194229856
0.360789696655178,0.5793708324690009,0.2806317531076108,0.31614024543633656,0.43184190129051925,0.5609215806070126,0.3993212507709275,0.32093426055982344,0.34904818550164673,0.3203684931382338,0.4679045090946711,0.31332607633670506,0.45519456955201787,0.3130824659989587,0.3049638175364815,0.39551355067767713,0.31159397049163795,0.45896021822728017,0.42515145325861725,0.3984827031537814,0.44750408409145137,0.42652839710768775,0.45701976688253665,0.4690831904477979,0.4069386283234454,0.47297447348109267,0.45386160886896554,0.31384257678871297,0.3497594996678506,0.3532836815484095,0.2961396916015482,0.4246508004482208,0.0,0.44924921316174016,1.0,0.3236023078852802,0.3729186585267126,0.43808444614032116,0.2513124160501453,0.45801861714293823,0.29908740160331915,0.5016578952683179,0.4607223640756297,0.31955181157765544,0.32058061899249757,0.32261969557368997,0.5028734199278224,0.5035523793384666,0.3120385225168696,0.348385612389042
0.33938768154345567,0.32387008708873133,0.2798783785516823,0.4666997801042917,0.31140267557244916,0.33014280079049285,0.3345315912342568,0.45774444680354276,0.34256762571224086,0.4787789792491255,0.3463276456467286,0.44859360217209643,0.3304200377217843,0.4606895402089711,0.45517077072553436,0.32995052227750643,0.1933806190453632,0.34156562017458747,0.31727049058606893,0.33187696482588647,0.3349690898780435,0.3150723619097412,0.3385092249452376,0.2611176578249341,0.22121131989194376,0.2950848488723997,0.32861894858555496,0.4578865200513512,0.3639879796128529,0.3380862071215174,0.4449079191032804,0.30465820704475743,0.0,0.3395423371831827,0.3236023078852802,1.0,0.31999537749618534,0.31880424728164614,0.3680974404308085,0.33506178491478344,0.45204855203247973,0.3258861162342471,0.3276078730845895,0.45901184967750863,0.45885594992588974,0.33743907361581493,0.3217466957336478,0.32301179412062475,0.4526528745261723,0.3662406756754073
0.33662828795108957,0.3700717002803122,0.2641780848264009,0.2954723423902518,0.34888545022104855,0.3744106340951894,0.7958785601119345,0.2973736174054925,0.33644216429851503,0.303108457417519,0.38882369254039817,0.28879757517227256,0.3898505934034133,0.2885279503922029,0.28758473379315863,0.7375622995994209,0.22126663625769305,0.41925001146213803,0.3880371084794396,0.8031114421750529,0.41424618264895696,0.39161707714026117,0.41914310204747984,0.30081511294205565,0.26275951992689206,0.3443181227271026,0.3806816291660794,0.2923921314035832,0.3248404148158661,0.33367849323642595,0.2783038092794282,0.3664248346525161,0.0,0.3824831176394873,0.3729186585267126,0.31999537749618534,1.0,0.3639288593389609,0.2361596416674263,0.37805345194984175,0.280570902066275,0.3723509138113157,0.38403742446489386,0.29120913437988205,0.2891055887483647,0.29935118387200066,0.3614244010830018,0.3625468143020343,0.28524012750847816,0.33152440747742595
0.3707302237525518,0.47235511047503265,0.28980355863669527,0.309757554652784,0.4729891584265191,0.4463987959422768,0.3766771294438698,0.3349789399569262,0.3462150172666142,0.3216868776498577,0.5268976447507441,0.3164508938343784,0.5346537576307626,0.31378684884183417,0.3054380405286966,0.380635578696777,0.26826805265213416,0.4949232647546201,0.45992769794492927,0.38298730405654346,0.5004133788413846,0.4857756286860092,0.5188899077693498,0.35657115736550005,0.31427912859622054,0.40696397359411673,0.5931444503173939,0.32573205813677675,0.3560648028194724,0.3544777800034412,0.30151959454396904,0.49619898670747153,0.0,0.5030382334565093,0.43808444614032116,0.31880424728164614,0.3639288593389609,1.0,0.24811214293794248,0.5454581500024477,0.3081143090323579,0.4538925503638178,0.6303753379248764,0.329830377430817,0.3227899259740179,0.33209705176103965,0.473167384000298,0.47410755535845517,0.324850095998113,0.34898160799074196
0.28590350100096984,0.24278515896524655,0.2081461441166066,0.3777210315158087,0.2569297314780613,0.26514802220404743,0.2476509986358496,0.38900258902443907,0.25339766085615234,0.3744048740216456,0.2511206206087956,0.3951229101752708,0.2515880170722983,0.36391979837569255,0.3675093928522962,0.24366552209883197,0.3360238133570326,0.25384569121623046,0.2375105263008287,0.2428424584522083,0.24483385854971795,0.23856732755882726,0.25665655445263247,0.26840865175831297,0.35226721115087756,0.3177863570427145,0.2364221379289212,0.3616145548298768,0.26938580995728334,0.24996832621869702,0.340620684490913,0.2947376184997311,0.0,0.2688745683955459,0.2513124160501453,0.3680974404308085,0.2361596416674263,0.24811214293794248,1.0,0.25694325806241214,0.3508077934869994,0.2457875215594193,0.24503028399996574,0.3881264134656277,0.3937019661150868,0.26855624469554484,0.2683921861409798,0.2698137395759218,0.350432987095319,0.26518097798030793
0.3732139989722404,0.4626301149670782,0.29534754400108476,0.3149241707437146,0.47298422017961217,0.443100414096654,0.3991712592925195,0.3297393070974679,0.3595165279849958,0.32891650279617113,0.5569619423452401,0.3141383835279904,0.5767454555926,0.3165178874297083,0.3075781417010346,0.3970917255017212,0.289412384996117,0.5334638913348281,0.49670095683337334,0.4049003587217129,0.5412043677803103,0.5225367554112006,0.5523008307586799,0.37187430730875604,0.3261601506325329,0.4256721960185148,0.5706793185665031,0.3192119024148894,0.3552134150613385,0.3748521672687688,0.30451746650944356,0.513809012317036,0.0,0.5391115360636068,0.45801861714293823,0.33506178491478344,0.37805345194984175,0.5454581500024477,0.25694325806241214,1.0,0.3058976476212695,0.46434686981265416,0.575426961023087,0.32413850637524566,0.32453769437861224,0.3387463321422932,0.4911547778603199,0.4909362711905708,0.31593058927906903,0.36365413966755367
