../ecoli_genomes/GCF_000163235.1_ASM16323v1_genomic.fna.gz,../ecoli_genomes/GCF_000164555.1_ASM16455v1_genomic.fna.gz,../ecoli_genomes/GCF_000208545.1_ASM20854v2_genomic.fna.gz,../ecoli_genomes/GCF_000233875.1_ASM23387v1_genomic.fna.gz,../ecoli_genomes/GCF_000249735.1_ASM24973v2_genomic.fna.gz,../ecoli_genomes/GCF_000261145.1_Esch_coli_M919_V2_genomic.fna.gz,../ecoli_genomes/GCF_000267705.2_ASM26770v2_genomic.fna.gz,../ecoli_genomes/GCF_000350665.1_Esch_coli_KTE5_V1_genomic.fna.gz,../ecoli_genomes/GCF_000351625.1_Esch_coli_KTE66_V1_genomic.fna.gz,../ecoli_genomes/GCF_000352285.1_Esch_coli_KTE46_V1_genomic.fna.gz,../ecoli_genomes/GCF_000358895.1_ASM35889v1_genomic.fna.gz,../ecoli_genomes/GCF_000456385.1_Esch_coli_HVH_26_4-5703913_V1_genomic.fna.gz,../ecoli_genomes/GCF_000458195.1_Esch_coli_HVH_147_4-5893887_V1_genomic.fna.gz,../ecoli_genomes/GCF_000459755.1_Esch_coli_KOEGE_58_171a_V1_genomic.fna.gz,../ecoli_genomes/GCF_000460055.1_Esch_coli_UMEA_3053-1_V1_genomic.fna.gz,../ecoli_genomes/GCF_000462165.2_ASM46216v2_genomic.fna.gz,../ecoli_genomes/GCF_000601135.1_ASM60113v1_genomic.fna.gz,../ecoli_genomes/GCF_000614595.1_Ec2010EL1058_genomic.fna.gz,../ecoli_genomes/GCF_000617745.1_Ec2010C-4529_genomic.fna.gz,../ecoli_genomes/GCF_000618265.2_EcF6751_genomic.fna.gz,../ecoli_genomes/GCF_000619005.2_Ec2009C-4052_genomic.fna.gz,../ecoli_genomes/GCF_000619105.1_Ec2009C-4780_genomic.fna.gz,../ecoli_genomes/GCF_000619765.2_Ec2009C-3279_genomic.fna.gz,../ecoli_genomes/GCF_000687005.1_ASM68700v1_genomic.fna.gz,../ecoli_genomes/GCF_000687025.1_ASM68702v1_genomic.fna.gz,../ecoli_genomes/GCF_000700125.1_ASM70012v1_genomic.fna.gz,../ecoli_genomes/GCF_000753315.1_FHI35_genomic.fna.gz,../ecoli_genomes/GCF_000776375.1_ASM77637v1_genomic.fna.gz,../ecoli_genomes/GCF_000779395.1_ASM77939v1_genomic.fna.gz,../ecoli_genomes/GCF_000780315.1_ASM78031v1_genomic.fna.gz,../ecoli_genomes/GCF_000781995.1_ASM78199v1_genomic.fna.gz,../ecoli_genomes/GCF_000986765.1_ASM98676v1_genomic.fna.gz,../ecoli_genomes/GCF_001041375.1_ViralProj287958_genomic.fna.gz,../ecoli_genomes/GCF_001265335.1_302014_genomic.fna.gz,../ecoli_genomes/GCF_001265625.1_100854_genomic.fna.gz,../ecoli_genomes/GCF_001267345.1_303289_genomic.fna.gz,../ecoli_genomes/GCF_001309985.1_ASM130998v1_genomic.fna.gz,../ecoli_genomes/GCF_001521695.1_ASM152169v1_genomic.fna.gz,../ecoli_genomes/GCF_001592595.1_ASM159259v1_genomic.fna.gz,../ecoli_genomes/GCF_001614975.1_ASM161497v1_genomic.fna.gz,../ecoli_genomes/GCF_001692775.1_ASM169277v1_genomic.fna.gz,../ecoli_genomes/GCF_001748915.1_ASM174891v1_genomic.fna.gz,../ecoli_genomes/GCF_001749235.1_ASM174923v1_genomic.fna.gz,../ecoli_genomes/GCF_001881155.1_ASM188115v1_genomic.fna.gz,../ecoli_genomes/GCF_001881345.1_ASM188134v1_genomic.fna.gz,../ecoli_genomes/GCF_001892405.1_ASM189240v1_genomic.fna.gz,../ecoli_genomes/GCF_001892585.1_ASM189258v1_genomic.fna.gz,../ecoli_genomes/GCF_001893985.1_ASM189398v1_genomic.fna.gz,../ecoli_genomes/GCF_002001595.1_ASM200159v1_genomic.fna.gz,../ecoli_genomes/GCF_002002145.1_ASM200214v1_genomic.fna.gz
1.0,0.3216888695424285,0.25428416482254923,0.2859353999801807,0.29327128517520007,0.31379213444354725,0.3036724097827792,0.2936577307994076,0.38974143888684376,0.2939020150672187,0.31512482461299796,0.29955439675504447,0.29910457593807194,0.27837234217964835,0.27511680299388896,0.30723416642976287,0.26846115801606873,0.3051317087226254,0.25284483914715417,0.30673921711716856,0.29715285998386276,0.28387105387789324,0.3114250055887239,0.3004148871316542,0.2855220191686604,0.2877554415557204,0.3028929494998761,0.2811912113739321,0.34214370778360415,0.39355463834148285,0.2598027259002187,0.30282202853814544,0.0,0.3057399164660193,0.30676603900987554,0.27927653176242373,0.2898232094250006,0.3144331762363415,0.21117325205838833,0.3140284485171537,0.2682796294105745,0.3059062581287726,0.30866598375564724,0.2904428536956861,0.29950927242612724,0.31637491797223616,0.3038473311667187,0.3056452555841922,0.2758976286429151,0.34846532185143164
0.3216888695424285,1.0,0.23010140679917324,0.2741112308123088,0.39278373748300544,0.5683476641912687,0.3488584629099061,0.28169781481480727,0.2955463961983352,0.2831141545613296,0.42464597051346276,0.2821920975579867,0.41105180901323146,0.26895661469825927,0.2679328383962578,0.3546853375303284,0.348383733861631,0.42164305064316954,0.33873323033339064,0.35371809454469283,0.4028362551809449,0.38494733649180635,0.42160811397676456,0.4690930196198896,0.4453639724228756,0.39744402157455505,0.416363064105277,0.2765642084072717,0.3088598794562517,0.30258252550819054,0.254163611438773,0.39514747612797974,0.0,0.4045512883046831,0.5534709606864744,0.2624322574287221,0.33509160924119297,0.4275018904325876,0.16481593792485838,0.4194466882815102,0.2620930643202748,0.474872802606363,0.42136798475880455,0.28735494715470056,0.28756106375376167,0.2765110283281076,0.4724864284185185,0.47346302290659614,0.28088975873263855,0.30805164355434245
0.25428416482254923,0.23010140679917324,1.0,0.20444330056772209,0.20427050121675816,0.21608768264375244,0.21336773832833777,0.20547836179554035,0.24073632000193457,0.21162771213580966,0.22896142968219924,0.20615245366311508,0.21800378503553874,0.20660385320589125,0.20432151891090355,0.2183781064266056,0.16166501291146163,0.21714934800846875,0.17845159080738437,0.21686760196294452,0.21441155910560383,0.20199864334871132,0.22007826193504199,0.18220959177975338,0.17228557404603484,0.17873737327828565,0.22096047040213185,0.20575877010989585,0.24448273293122214,0.248150258116569,0.19493940732793535,0.20948881706067268,0.0,0.21252660663024459,0.20764769980232334,0.20794622328943946,0.2059017546433558,0.22014542064718257,0.12804847904018068,0.2228161852882231,0.20057608029514573,0.21858093230608722,0.2282752608278681,0.21047954531920976,0.206665541947469,0.2276567944196216,0.22293992391466522,0.22339220850002306,0.215181234179198,0.2489822799567999
0.2859353999801807,0.2741112308123088,0.20444330056772209,1.0,0.2639152274558195,0.27024070167502556,0.25835281888370665,0.4930012813717354,0.2808784098705881,0.5158070747687737,0.27034041583202784,0.512081456017585,0.2669543104204464,0.5563761615854441,0.5521457350340027,0.2696165326524871,0.21398708795962496,0.263959124219188,0.22029136511285918,0.2622776414256135,0.2595381773941504,0.24444850086193692,0.27239171504748005,0.23923301182502965,0.23396379881352225,0.23483498541478542,0.2632766934599433,0.5207693210903603,0.305533868348846,0.2759163242403324,0.49635269651943337,0.27005647418133805,0.0,0.25833151716906655,0.2547061488900886,0.42102175838577494,0.2523864689076235,0.2618270367688056,0.29590383934778175,0.2599231299103558,0.5190186641402859,0.26112622230019955,0.266097064788375,0.5221518279534528,0.5143058750404988,0.3011349153468479,0.2557187436967543,0.2571436474915979,0.45443849677609294,0.31776404634979616
0.29327128517520007,0.39278373748300544,0.20427050121675816,0.2639152274558195,1.0,0.40992706490602104,0.32278322702432705,0.2688852610417588,0.288539237463904,0.2636884613662469,0.5141997295928291,0.26895256505122234,0.4449714992069541,0.2546948688805606,0.2676347555667219,0.34668807076359576,0.3331010656915243,0.40955686681497416,0.3407138829639609,0.32829424429697385,0.423023854721866,0.38842273105743474,0.42460927444417784,0.3820180232798579,0.3454161314323766,0.35769161372569924,0.4284092318369571,0.24475383536088768,0.28565488531282257,0.29298531427825225,0.24427674578564174,0.43478493357530545,0.0,0.42061162123099494,0.38930755385085625,0.24474532186575093,0.3186308185283847,0.4387860657073954,0.18626721574358507,0.4376578905406874,0.26003010424530903,0.39695251552608946,0.445398144388762,0.26003654111396657,0.2606713019283652,0.261796816907348,0.3986130125983517,0.4007328723892364,0.25163674425604543,0.2871954934290757
0.31379213444354725,0.5683476641912687,0.21608768264375244,0.27024070167502556,0.40992706490602104,1.0,0.3618169780308458,0.28625020111799404,0.3012610935090647,0.270961105265507,0.42249256208328856,0.2702315719280616,0.4133301171736524,0.26744072058480084,0.26574312856928917,0.3689077763240505,0.3709708533572582,0.42479758837670945,0.34962441724744786,0.36431152860769045,0.4027263213525909,0.38666633038243425,0.4247764314230964,0.4950560432300528,0.4680420050174273,0.4099114213523958,0.40710623221156295,0.266642441553963,0.31039200969420877,0.300451765220376,0.25117440490583054,0.4045208077460838,0.0,0.4246541076884782,0.5613598958722119,0.26977584001912713,0.35124072373754445,0.42025246467913335,0.18421325948907896,0.41874019322114964,0.26231331457987594,0.4827945016166548,0.42491878366453706,0.2758042406436876,0.2751724846195974,0.27604349642117587,0.47782856322621825,0.48026037628457474,0.269962102399113,0.3096581737671391
0.3036724097827792,0.3488584629099061,0.21336773832833777,0.25835281888370665,0.32278322702432705,0.3618169780308458,1.0,0.2590147944494612,0.3007483408333048,0.25513490155511653,0.35696971765913,0.2572269195438147,0.3471307042962618,0.2550846976583221,0.2544058393511408,0.7651403409195364,0.264121003043301,0.3872720103060807,0.3148584237638613,0.8554601845105068,0.3865484912761118,0.3533383658836069,0.3882310529410584,0.30196324567459565,0.2840430953457138,0.2918392446196042,0.35772793217581556,0.25300891251336877,0.28972635170495264,0.2965205423300247,0.23806525481944607,0.3337676988305388,0.0,0.35630046985614117,0.3555263479066769,0.2718537248355163,0.7999773817084525,0.3404167282178596,0.16393564708434905,0.35136246661682435,0.24165672800496174,0.35156871163094183,0.35759640661022685,0.25796263381769413,0.2588307720053401,0.26551985670303035,0.33704252718846495,0.3382348890053325,0.2528431938613541,0.2930900368956083
0.2936577307994076,0.28169781481480727,0.20547836179554035,0.4930012813717354,0.2688852610417588,0.28625020111799404,0.2590147944494612,1.0,0.27168426081235897,0.49739636926129527,0.2721344831195962,0.4929133097740068,0.27291376686769886,0.4885117673852225,0.48186794928279675,0.2709461549407508,0.2387670613146563,0.26616253705830406,0.22463284087239677,0.2632504190289231,0.25785621675407944,0.24859115323851144,0.2690430905482095,0.2667645116197884,0.24762084689300368,0.25371601153602696,0.264755070102057,0.6868204481295945,0.31269801245261697,0.277115468284181,0.46539986085716545,0.27248427089840155,0.0,0.26635116772454615,0.2691042800153828,0.4106823940340498,0.25062302061922326,0.28199087630487163,0.29779133274341774,0.2728743421064711,0.4801653912180446,0.26759176935054696,0.27175594465712094,0.698915586336572,0.6776527180454119,0.296463422917018,0.26386436203854213,0.2649014159019101,0.4433415370866729,0.312102632658946
0.38974143888684376,0.2955463961983352,0.24073632000193457,0.2808784098705881,0.288539237463904,0.3012610935090647,0.3007483408333048,0.27168426081235897,1.0,0.2841459473812269,0.3126671726848361,0.27134611064239655,0.30062930850442715,0.27557862204304606,0.2796623548268071,0.31111270872666463,0.21852748574612824,0.2967312681896268,0.24639565615235537,0.30682921160266463,0.29058961287214813,0.27947261607522067,0.3053367661970323,0.25112142816674676,0.23553695270279074,0.24212188671341361,0.30250697170538643,0.2685163858790708,0.3289914646462142,0.4067638115893055,0.2622057385560672,0.2809222241764411,0.0,0.2918885834786382,0.2851603174367552,0.2778383516663293,0.2928093700836034,0.2951716215969844,0.17289125122017446,0.30259984883754176,0.2693376551721792,0.29959499061533523,0.3076285718349221,0.2724660671213931,0.2676805043360465,0.30634826774149115,0.28856369147839256,0.289261767629293,0.26746079262537137,0.3405955418027813
0.2939020150672187,0.2831141545613296,0.21162771213580966,0.5158070747687737,0.2636884613662469,0.270961105265507,0.25513490155511653,0.49739636926129527,0.2841459473812269,1.0,0.2786830746281034,0.47909885138345265,0.27581350344480504,0.5074454729233544,0.500031490163813,0.26561109617522116,0.19473867284367152,0.2646307606320374,0.22186687795297955,0.2587775173001188,0.25576244854812336,0.2456211544966026,0.26445787934711174,0.22777717916386309,0.2153536115413215,0.22386855625813706,0.26748220506868126,0.49795725197839524,0.3109467536812034,0.28135289468645497,0.5112413332634733,0.2562156535010949,0.0,0.25592779407014965,0.25254274326900195,0.42867958957971053,0.2474974304352927,0.26482434670688293,0.28587308655716803,0.2651506920962916,0.5201871793425038,0.26324676595578533,0.2670710122838482,0.4995976050194504,0.5018322747107145,0.29460790052656816,0.2576074077872289,0.25812289112290454,0.47021859373601105,0.31219922752271456
0.31512482461299796,0.42464597051346276,0.22896142968219924,0.27034041583202784,0.5141997295928291,0.42249256208328856,0.35696971765913,0.2721344831195962,0.3126671726848361,0.2786830746281034,1.0,0.26945053094073845,0.5234794790190123,0.27340266122848433,0.2727158389435348,0.36852178153045667,0.29892472617451415,0.48213078341296534,0.4090423849109375,0.3642588631806213,0.4837376528444164,0.4738462041517194,0.4944573013669241,0.3619412945100602,0.3250543985540034,0.3444981852852591,0.5034384658823721,0.27173710133927664,0.3070505161923097,0.31391736521564007,0.2585213048582191,0.45304048029204813,0.0,0.47319207567184063,0.4175112622914968,0.2721671571688301,0.3452748424635933,0.48154420203600723,0.16870218817192706,0.5135128964869375,0.26355510874457133,0.44016232654290566,0.5094472650278316,0.27007353659334765,0.2714967054391154,0.27858293777779286,0.42300166277791806,0.4236964747849947,0.27385480887508185,0.31100576420264436
0.29955439675504447,0.2821920975579867,0.20615245366311508,0.512081456017585,0.26895256505122234,0.2702315719280616,0.2572269195438147,0.4929133097740068,0.27134611064239655,0.47909885138345265,0.26945053094073845,1.0,0.2618669673649874,0.4973200731096755,0.6178640748666301,0.2662266552996063,0.2709718899707654,0.25770224191928826,0.22036812794570093,0.2600240669387115,0.2576402149646605,0.24118175358675498,0.2631355532328915,0.27877731770147174,0.27726007832609256,0.2636694074291207,0.25888086218472217,0.4833335759138937,0.30859981882915244,0.2785695989325693,0.445073985397763,0.27780373776515,0.0,0.2615738832072233,0.2734507957174074,0.4022617163939315,0.2512740228628,0.2715417922826925,0.3396839064509357,0.2720147503633735,0.46996032001205224,0.2578421109787956,0.26605846976653846,0.5029772406458789,0.5018189104511926,0.30075718880331337,0.27513146924039744,0.27579890856393663,0.4303008112251391,0.3093623372237738
0.29910457593807194,0.41105180901323146,0.21800378503553874,0.2669543104204464,0.4449714992069541,0.4133301171736524,0.3471307042962618,0.27291376686769886,0.30062930850442715,0.27581350344480504,0.5234794790190123,0.2618669673649874,1.0,0.26096520167833226,0.2683619977105208,0.36157754591929003,0.29018645153438816,0.48437955793261966,0.5134045678851245,0.35086995272186783,0.49768935180847584,0.574226547308837,0.5466144693517736,0.3499805294644843,0.31524578447474083,0.3318833218570826,0.5281505044098842,0.26261055380434806,0.2917417762626432,0.30560602172027485,0.2509930330269452,0.5097479106707035,0.0,0.5255684044308253,0.40169870374254635,0.2574432796002665,0.3415510918068697,0.4947368017119014,0.1603011273093593,0.5302641626978314,0.25906532393099135,0.42046524645196703,0.5213029846892708,0.26429924354407097,0.26286807540904167,0.26735413841962563,0.40808641340829,0.4088962510967401,0.26375412027391765,0.29440941172002977
0.27837234217964835,0.26895661469825927,0.20660385320589125,0.5563761615854441,0.2546948688805606,0.26744072058480084,0.2550846976583221,0.4885117673852225,0.27557862204304606,0.5074454729233544,0.27340266122848433,0.4973200731096755,0.26096520167833226,1.0,0.549939494384958,0.26193750698753737,0.1931872291133806,0.26256853831819793,0.2190646382059407,0.2595887831607442,0.25223440527130103,0.2425700941361182,0.26280917867466347,0.21927998803376003,0.2126787590336593,0.2151124436137828,0.26295336254711454,0.5149820557830307,0.3111713949625051,0.2708878532014789,0.4835001693583485,0.25198757056263643,0.0,0.25153255551191356,0.25031270416729456,0.42015124652355895,0.24670268043582932,0.25917899838799396,0.280693310685182,0.25573842537413294,0.5067586608075278,0.26185635453725487,0.26442729256451636,0.5090140550608884,0.5018660533536293,0.2981894186248746,0.2534457494458696,0.25447263770987494,0.45829932779328153,0.31533618417462694
0.27511680299388896,0.2679328383962578,0.20432151891090355,0.5521457350340027,0.2676347555667219,0.26574312856928917,0.2544058393511408,0.48186794928279675,0.2796623548268071,0.500031490163813,0.2727158389435348,0.6178640748666301,0.2683619977105208,0.549939494384958,1.0,0.2687614266253616,0.20127967087847287,0.259635994987371,0.2174077081537653,0.2599488771488482,0.2535907597044734,0.242777845992031,0.2655659032415638,0.2289745479739269,0.21533327172246985,0.22459018559827815,0.2633462840364512,0.49534435716563474,0.3072185901189095,0.2750277782338566,0.4912246265432053,0.25890689875855155,0.0,0.25244894944583274,0.2518176283516147,0.415804088599666,0.24965605765501742,0.2607795975061358,0.28145967771037694,0.25789313815486004,0.5126345500723535,0.2599680043713224,0.26426525257323896,0.49787478015567177,0.4913185673579994,0.30026168364748773,0.2594214299199016,0.2604541810141823,0.4492911701934852,0.3194359090113498
0.30723416642976287,0.3546853375303284,0.2183781064266056,0.2696165326524871,0.34668807076359576,0.3689077763240505,0.7651403409195364,0.2709461549407508,0.31111270872666463,0.26561109617522116,0.36852178153045667,0.2662266552996063,0.36157754591929003,0.26193750698753737,0.2687614266253616,1.0,0.2715603075108851,0.3784940906143054,0.3132648875103834,0.7941296435906854,0.3724725176980639,0.3518396024257907,0.3845312084642337,0.31805180657341947,0.2948386730179099,0.3127786406327455,0.3594446650543627,0.26018053488872384,0.29583143805835654,0.30882586043562565,0.24830194112500958,0.3433675145769095,0.0,0.35634148432880575,0.35503758310388756,0.27218204531917234,0.7402741582709722,0.3482519014385682,0.1633638081646075,0.35639277849705453,0.2553019588947113,0.3573209454081384,0.3620355145778681,0.2657501059138404,0.2678631804982481,0.27208233662239045,0.34372140700435927,0.34480350483688005,0.2599565126551763,0.2984504479585085
0.26846115801606873,0.348383733861631,0.16166501291146163,0.21398708795962496,0.3331010656915243,0.3709708533572582,0.264121003043301,0.2387670613146563,0.21852748574612824,0.19473867284367152,0.29892472617451415,0.2709718899707654,0.29018645153438816,0.1931872291133806,0.20127967087847287,0.2715603075108851,1.0,0.2938722166992749,0.2414965467508422,0.26274717913731305,0.2937497354539621,0.2811992224879426,0.30582506730854564,0.5527709442898374,0.563180435119041,0.5109901322748163,0.2920892702670417,0.1932866525139708,0.2255647388508637,0.23201987658915724,0.180667658427747,0.4126562790457584,0.0,0.33146738337221004,0.42129005648286866,0.1990115783085713,0.2574658530223066,0.3252523701291866,0.3063801934622302,0.35136268408144244,0.185890761641748,0.33542330786870866,0.30503147326683344,0.2481290352209442,0.24946056683324935,0.22815613049909256,0.40747974395184516,0.41052500021578653,0.19174210482116116,0.23397578236907646
0.3051317087226254,0.42164305064316954,0.21714934800846875,0.263959124219188,0.40955686681497416,0.42479758837670945,0.3872720103060807,0.26616253705830406,0.2967312681896268,0.2646307606320374,0.48213078341296534,0.25770224191928826,0.48437955793261966,0.26256853831819793,0.259635994987371,0.3784940906143054,0.2938722166992749,1.0,0.4408446162654358,0.3880123886693678,0.512502324305424,0.4889495063729693,0.5277200268428138,0.3521442566542301,0.31898656796577596,0.3341640867883001,0.4948957189686315,0.2614861843131365,0.2975176768585722,0.2992723244511447,0.24786487451270756,0.44819584608957674,0.0,0.47579007693701214,0.4139899642495767,0.275708560632397,0.37305801602573085,0.4590176610186365,0.1677187877450561,0.4910643263481057,0.2512311546932672,0.4266533153331191,0.4850118499263396,0.26122804376801745,0.26118331130337413,0.26597589582269143,0.41687490248305437,0.4178593427427222,0.25953214796882573,0.302275106758638
0.25284483914715417,0.33873323033339064,0.17845159080738437,0.22029136511285918,0.3407138829639609,0.34962441724744786,0.3148584237638613,0.22463284087239677,0.24639565615235537,0.22186687795297955,0.4090423849109375,0.22036812794570093,0.5134045678851245,0.2190646382059407,0.2174077081537653,0.3132648875103834,0.2414965467508422,0.4408446162654358,1.0,0.3150118622252972,0.42816649383979044,0.526617100354875,0.43177765950042923,0.28910053767173216,0.2665041292694804,0.2732215468558652,0.4123686588721053,0.21868237109362954,0.2455328797991887,0.24506268923367502,0.20785153597837291,0.447000882537797,0.0,0.40403462310084004,0.34139860064991545,0.22874388870118223,0.3069538247403669,0.3877793421682174,0.13829970133726255,0.4082638493956371,0.2104064196216937,0.3451780788363137,0.40651257931166707,0.22027052497214383,0.2195104854889014,0.22478338199328707,0.33055366301426403,0.33128949179366773,0.21559471713039202,0.24897122611114597
0.30673921711716856,0.35371809454469283,0.21686760196294452,0.2622776414256135,0.32829424429697385,0.36431152860769045,0.8554601845105068,0.2632504190289231,0.30682921160266463,0.2587775173001188,0.3642588631806213,0.2600240669387115,0.35086995272186783,0.2595887831607442,0.2599488771488482,0.7941296435906854,0.26274717913731305,0.3880123886693678,0.3150118622252972,1.0,0.38705825007673356,0.3537173932890054,0.389869276792568,0.3012038097058799,0.2852138289475793,0.29481737169151867,0.36278670972452587,0.2578660231281963,0.29537105559438437,0.3015396643383287,0.2422125720162992,0.33649652888755555,0.0,0.3576753025988443,0.3539526036386027,0.2726661960587077,0.8036391162169898,0.345966483857312,0.16394595993361905,0.3558511209887022,0.24663423659740813,0.35462407998287526,0.3623726068110378,0.26138210502932535,0.26166728890511426,0.2711044686445854,0.3408187480872322,0.34189703270405636,0.2572719026228527,0.2989661585809542
0.29715285998386276,0.4028362551809449,0.21441155910560383,0.2595381773941504,0.423023854721866,0.4027263213525909,0.3865484912761118,0.25785621675407944,0.29058961287214813,0.25576244854812336,0.4837376528444164,0.2576402149646605,0.49768935180847584,0.25223440527130103,0.2535907597044734,0.3724725176980639,0.2937497354539621,0.512502324305424,0.42816649383979044,0.38705825007673356,1.0,0.4910627074391356,0.5426564575305919,0.3427990120551786,0.3158489448520745,0.3363698985866883,0.5059666931783706,0.25620174526914186,0.284971780210751,0.29591954790456354,0.2400989230278836,0.4643673562912576,0.0,0.49807198680289666,0.4024683963099367,0.27208495229377283,0.37032364329415646,0.4745209059520108,0.16353096354668406,0.5042195547871227,0.2481660613389549,0.4053249450370756,0.49493494214928613,0.2590803783472929,0.260703555252492,0.26983669982418945,0.40786951646580005,0.4091259079844556,0.2539290995486997,0.2938922442823172
0.28387105387789324,0.38494733649180635,0.20199864334871132,0.24444850086193692,0.38842273105743474,0.38666633038243425,0.3533383658836069,0.24859115323851144,0.27947261607522067,0.2456211544966026,0.4738462041517194,0.24118175358675498,0.574226547308837,0.2425700941361182,0.242777845992031,0.3518396024257907,0.2811992224879426,0.4889495063729693,0.526617100354875,0.3537173932890054,0.4910627074391356,1.0,0.6770694800271551,0.3274282764887313,0.30087108380184424,0.3140652899705958,0.49525640533415694,0.24579540104008968,0.27188795237921537,0.2785762703790673,0.23095283567500402,0.4884795401976333,0.0,0.5948565234104377,0.38181104814099853,0.24794486057186282,0.34176515913353056,0.46731310517499836,0.1543766499426492,0.4912110831134917,0.23358972478266482,0.3926203191265524,0.4924663290119897,0.2466350034463788,0.2461425493392132,0.2527324862257574,0.37910993481306887,0.3797109163436553,0.2436485978716505,0.277823999780451
0.3114250055887239,0.42160811397676456,0.22007826193504199,0.27239171504748005,0.42460927444417784,0.4247764314230964,0.3882310529410584,0.2690430905482095,0.3053367661970323,0.26445787934711174,0.4944573013669241,0.2631355532328915,0.5466144693517736,0.26280917867466347,0.2655659032415638,0.3845312084642337,0.30582506730854564,0.5277200268428138,0.43177765950042923,0.389869276792568,0.5426564575305919,0.6770694800271551,1.0,0.3555602867533023,0.328622335298665,0.3399626036833774,0.5363623008278424,0.26609572488847844,0.2969698133528902,0.3000991006119247,0.2502424154094751,0.4891245627535724,0.0,0.6345347508860627,0.4157797721399712,0.2720647591574691,0.3758672014641232,0.5010796605928485,0.17004664738672737,0.5266924007317362,0.25414995080429803,0.423740028387558,0.5242376439590091,0.26781494784158644,0.269371207870994,0.2715872796623756,0.41035720617519966,0.4114758540586815,0.26343295901969876,0.2994104783897247
0.3004148871316542,0.4690930196198896,0.18220959177975338,0.23923301182502965,0.3820180232798579,0.4950560432300528,0.30196324567459565,0.2667645116197884,0.25112142816674676,0.22777717916386309,0.3619412945100602,0.27877731770147174,0.3499805294644843,0.21927998803376003,0.2289745479739269,0.31805180657341947,0.5527709442898374,0.3521442566542301,0.28910053767173216,0.3012038097058799,0.3427990120551786,0.3274282764887313,0.3555602867533023,1.0,0.6098474052063734,0.553013993537866,0.3469146326322742,0.22079176068687478,0.2611830593437684,0.26957314171204316,0.21253443566025776,0.42325811633975075,0.0,0.37081724107998404,0.5281117981103054,0.22366333018011708,0.2946630409313009,0.36247214856158294,0.2505431564310199,0.38637471352788033,0.21730013242047386,0.4064858369460206,0.35426992636176646,0.2636291195433148,0.2673076322582213,0.24587241861542253,0.4343045627610077,0.44039783434953983,0.22149177238564366,0.26406512014385686
0.2855220191686604,0.4453639724228756,0.17228557404603484,0.23396379881352225,0.3454161314323766,0.4680420050174273,0.2840430953457138,0.24762084689300368,0.23553695270279074,0.2153536115413215,0.3250543985540034,0.27726007832609256,0.31524578447474083,0.2126787590336593,0.21533327172246985,0.2948386730179099,0.563180435119041,0.31898656796577596,0.2665041292694804,0.2852138289475793,0.3158489448520745,0.30087108380184424,0.328622335298665,0.6098474052063734,1.0,0.5112715915302547,0.31682291316326994,0.20777210744817354,0.23733922125691453,0.2489663468815897,0.19841617162974368,0.41950936457743093,0.0,0.34393639826736866,0.5147730621700988,0.2078595107058553,0.28051579328218446,0.3496907037521687,0.3057668316272967,0.37234088931147835,0.20672287475065976,0.36836202913704985,0.32971303835224186,0.26167375405690163,0.25978555949828686,0.24317225280133759,0.4343273912141964,0.43673328021096125,0.2189472617004634,0.24710745920261623
0.2877554415557204,0.39744402157455505,0.17873737327828565,0.23483498541478542,0.35769161372569924,0.4099114213523958,0.2918392446196042,0.25371601153602696,0.24212188671341361,0.22386855625813706,0.3444981852852591,0.2636694074291207,0.3318833218570826,0.2151124436137828,0.22459018559827815,0.3127786406327455,0.5109901322748163,0.3341640867883001,0.2732215468558652,0.29481737169151867,0.3363698985866883,0.3140652899705958,0.3399626036833774,0.553013993537866,0.5112715915302547,1.0,0.33178173136274147,0.21420629817721026,0.2395997999321846,0.25741316529384706,0.20531634737604487,0.3988703089687605,0.0,0.3499137723677357,0.44039507422918367,0.2182485281481793,0.29026000656718476,0.35112097828992417,0.2076427806571992,0.36803598344162325,0.212459435308891,0.3844113022493316,0.3390233096962768,0.2659071520621512,0.2618393803827509,0.23595053636267205,0.4034194996010537,0.4131457934002478,0.22506217923608063,0.2552587506942282
0.3028929494998761,0.416363064105277,0.22096047040213185,0.2632766934599433,0.4284092318369571,0.40710623221156295,0.35772793217581556,0.264755070102057,0.30250697170538643,0.26748220506868126,0.5034384658823721,0.25888086218472217,0.5281505044098842,0.26295336254711454,0.2633462840364512,0.3594446650543627,0.2920892702670417,0.4948957189686315,0.4123686588721053,0.36278670972452587,0.5059666931783706,0.49525640533415694,0.5363623008278424,0.3469146326322742,0.31682291316326994,0.33178173136274147,1.0,0.26081651861897437,0.3012503442847241,0.30053170591987466,0.24948509622298398,0.4830199755058949,0.0,0.4973154867070315,0.40207971758870686,0.2643268346981199,0.3445553401729402,0.5797952865593776,0.15886876924194482,0.5426886109449451,0.25558947967861434,0.4230944981869018,0.620902835913818,0.26548498762779194,0.2612153679451401,0.277575865055366,0.4102090639506303,0.4110271950575418,0.26396332095219277,0.3021827771641564
0.2811912113739321,0.2765642084072717,0.20575877010989585,0.5207693210903603,0.24475383536088768,0.266642441553963,0.25300891251336877,0.6868204481295945,0.2685163858790708,0.49795725197839524,0.27173710133927664,0.4833335759138937,0.26261055380434806,0.5149820557830307,0.49534435716563474,0.26018053488872384,0.1932866525139708,0.2614861843131365,0.21868237109362954,0.2578660231281963,0.25620174526914186,0.24579540104008968,0.26609572488847844,0.22079176068687478,0.20777210744817354,0.21420629817721026,0.26081651861897437,1.0,0.31422993207319116,0.2675879041287328,0.47337176599834463,0.2540952795927619,0.0,0.2542465953028755,0.24987173273259233,0.4090444869630876,0.24553883363479512,0.26837210029484104,0.27835501953116415,0.25855572760751355,0.4891105357348259,0.2612584120104918,0.26360059060527796,0.7831422120546111,0.7507915534548653,0.29054684352044235,0.25385537270477454,0.25435842883821613,0.4529322238741894,0.30680277703198766
0.34214370778360415,0.3088598794562517,0.24448273293122214,0.305533868348846,0.28565488531282257,0.31039200969420877,0.28972635170495264,0.31269801245261697,0.3289914646462142,0.3109467536812034,0.3070505161923097,0.30859981882915244,0.2917417762626432,0.3111713949625051,0.3072185901189095,0.29583143805835654,0.2255647388508637,0.2975176768585722,0.2455328797991887,0.29537105559438437,0.284971780210751,0.27188795237921537,0.2969698133528902,0.2611830593437684,0.23733922125691453,0.2395997999321846,0.3012503442847241,0.31422993207319116,1.0,0.32791053485341004,0.29241837781445246,0.28188330278567675,0.0,0.2865481757892334,0.2896268197961622,0.30316642143821937,0.2802596181532303,0.2960124531421835,0.1889293146114851,0.2935363817224639,0.2951337463729776,0.2964336216450465,0.2989361963433709,0.3098668767081034,0.3112602216632696,0.3937238440207885,0.28903382218922613,0.28919765849481927,0.30254116266985165,0.6259384788961797
0.39355463834148285,0.30258252550819054,0.248150258116569,0.2759163242403324,0.29298531427825225,0.300451765220376,0.2965205423300247,0.277115468284181,0.4067638115893055,0.28135289468645497,0.31391736521564007,0.2785695989325693,0.30560602172027485,0.2708878532014789,0.2750277782338566,0.30882586043562565,0.23201987658915724,0.2992723244511447,0.24506268923367502,0.3015396643383287,0.29591954790456354,0.2785762703790673,0.3000991006119247,0.26957314171204316,0.2489663468815897,0.25741316529384706,0.30053170591987466,0.2675879041287328,0.32791053485341004,1.0,0.2605614249806819,0.28497526563961306,0.0,0.28999105302248673,0.29395428577455995,0.2718238445014761,0.2886846628759373,0.29554141959916114,0.1913509911575344,0.3140005873588999,0.2696210791035186,0.2981054012392754,0.3067747353916265,0.274470020797947,0.2717331285630312,0.31784083765269155,0.29678985793191603,0.29737044585982764,0.26960723093598715,0.34436776040911554
0.2598027259002187,0.254163611438773,0.19493940732793535,0.49635269651943337,0.24427674578564174,0.25117440490583054,0.23806525481944607,0.46539986085716545,0.2622057385560672,0.5112413332634733,0.2585213048582191,0.445073985397763,0.2509930330269452,0.4835001693583485,0.4912246265432053,0.24830194112500958,0.180667658427747,0.24786487451270756,0.20785153597837291,0.2422125720162992,0.2400989230278836,0.23095283567500402,0.2502424154094751,0.21253443566025776,0.19841617162974368,0.20531634737604487,0.24948509622298398,0.47337176599834463,0.29241837781445246,0.2605614249806819,1.0,0.24114673298228095,0.0,0.2394374937913769,0.23268288501913226,0.39830266713810647,0.23209272516721813,0.2431274652653329,0.2639179432007397,0.2460679457133782,0.6489506612206213,0.24514160761785786,0.24744853373445996,0.4757344477760549,0.46869279406688147,0.2811218205314078,0.23754173234412812,0.23838349439083217,0.43170934860070087,0.29310814818198117
0.30282202853814544,0.39514747612797974,0.20948881706067268,0.27005647418133805,0.43478493357530545,0.4045208077460838,0.3337676988305388,0.27248427089840155,0.2809222241764411,0.2562156535010949,0.45304048029204813,0.27780373776515,0.5097479106707035,0.25198757056263643,0.25890689875855155,0.3433675145769095,0.4126562790457584,0.44819584608957674,0.447000882537797,0.33649652888755555,0.4643673562912576,0.4884795401976333,0.4891245627535724,0.42325811633975075,0.41950936457743093,0.3988703089687605,0.4830199755058949,0.2540952795927619,0.28188330278567675,0.28497526563961306,0.24114673298228095,1.0,0.0,0.4764710832653061,0.4067715525859201,0.24474947867110886,0.33013399339144645,0.49076317340711095,0.21197227419093367,0.5046471753736765,0.24621496885459582,0.4010006017853843,0.4960282020411977,0.2724885878033937,0.27548691848770557,0.2607575869753652,0.41581066946310197,0.4182868023936408,0.24369622451122208,0.2785707985414855
0.0,0.0,0.0,0.0,0.0,0.0,0.0,0.0,0.0,0.0,0.0,0.0,0.0,0.0,0.0,0.0,0.0,0.0,0.0,0.0,0.0,0.0,0.0,0.0,0.0,0.0,0.0,0.0,0.0,0.0,0.0,0.0,1.0,0.0,0.0,0.0,0.0,0.0,0.0,0.0,0.0,0.0,0.0,0.0,0.0,0.0,0.0,0.0,0.0,0.0
0.3057399164660193,0.4045512883046831,0.21252660663024459,0.25833151716906655,0.42061162123099494,0.4246541076884782,0.35630046985614117,0.26635116772454615,0.2918885834786382,0.25592779407014965,0.47319207567184063,0.2615738832072233,0.5255684044308253,0.25153255551191356,0.25244894944583274,0.35634148432880575,0.33146738337221004,0.47579007693701214,0.40403462310084004,0.3576753025988443,0.49807198680289666,0.5948565234104377,0.6345347508860627,0.37081724107998404,0.34393639826736866,0.3499137723677357,0.4973154867070315,0.2542465953028755,0.2865481757892334,0.28999105302248673,0.2394374937913769,0.4764710832653061,0.0,1.0,0.4109056848001883,0.27066637472477917,0.34307667469564995,0.48373581980304803,0.19067676111353338,0.5043787542723256,0.24703464197238834,0.4110516794893774,0.5051117752413139,0.2604132553859597,0.2625631972462559,0.2645844364595916,0.40690032901652884,0.4085840591624632,0.25417379449175637,0.29025259857434693
0.30676603900987554,0.5534709606864744,0.20764769980232334,0.2547061488900886,0.38930755385085625,0.5613598958722119,0.3555263479066769,0.2691042800153828,0.2851603174367552,0.25254274326900195,0.4175112622914968,0.2734507957174074,0.40169870374254635,0.25031270416729456,0.2518176283516147,0.35503758310388756,0.42129005648286866,0.4139899642495767,0.34139860064991545,0.3539526036386027,0.4024683963099367,0.38181104814099853,0.4157797721399712,0.5281117981103054,0.5147730621700988,0.44039507422918367,0.40207971758870686,0.24987173273259233,0.2896268197961622,0.29395428577455995,0.23268288501913226,0.4067715525859201,0.0,0.4109056848001883,1.0,0.2561391956705966,0.3391560378702536,0.4070236087006319,0.22023204366659166,0.4293108912318029,0.23913344976263906,0.47056535987196735,0.41537717689858866,0.26488576688619025,0.26707427712941945,0.2655901875288551,0.48132624656242673,0.4818350670332795,0.255049783478943,0.29139318380803714
0.27927653176242373,0.2624322574287221,0.20794622328943946,0.42102175838577494,0.24474532186575093,0.26977584001912713,0.2718537248355163,0.4106823940340498,0.2778383516663293,0.42867958957971053,0.2721671571688301,0.4022617163939315,0.2574432796002665,0.42015124652355895,0.415804088599666,0.27218204531917234,0.1990115783085713,0.275708560632397,0.22874388870118223,0.2726661960587077,0.27208495229377283,0.24794486057186282,0.2720647591574691,0.22366333018011708,0.2078595107058553,0.2182485281481793,0.2643268346981199,0.4090444869630876,0.30316642143821937,0.2718238445014761,0.39830266713810647,0.24474947867110886,0.0,0.27066637472477917,0.2561391956705966,1.0,0.26091471039639813,0.2591903064007398,0.2729084088771687,0.2629664999192741,0.40882973702736924,0.2619951039022296,0.26391411178507385,0.41435460308327443,0.41553380691834485,0.28936197415539755,0.2503603215043486,0.25072823635022423,0.4091066370378965,0.30666260336440776
0.2898232094250006,0.33509160924119297,0.2059017546433558,0.2523864689076235,0.3186308185283847,0.35124072373754445,0.7999773817084525,0.25062302061922326,0.2928093700836034,0.2474974304352927,0.3452748424635933,0.2512740228628,0.3415510918068697,0.24670268043582932,0.24965605765501742,0.7402741582709722,0.2574658530223066,0.37305801602573085,0.3069538247403669,0.8036391162169898,0.37032364329415646,0.34176515913353056,0.3758672014641232,0.2946630409313009,0.28051579328218446,0.29026000656718476,0.3445553401729402,0.24553883363479512,0.2802596181532303,0.2886846628759373,0.23209272516721813,0.33013399339144645,0.0,0.34307667469564995,0.3391560378702536,0.26091471039639813,1.0,0.32968978694208095,0.15866202417350095,0.3377262977245692,0.2357954578399647,0.34015317002466205,0.34640892539186807,0.24976207743111356,0.2500563120192578,0.2562316857738879,0.3246461597992777,0.3248875217541154,0.24276294261706244,0.2827977547934297
0.3144331762363415,0.4275018904325876,0.22014542064718257,0.2618270367688056,0.4387860657073954,0.42025246467913335,0.3404167282178596,0.28199087630487163,0.2951716215969844,0.26482434670688293,0.48154420203600723,0.2715417922826925,0.4947368017119014,0.25917899838799396,0.2607795975061358,0.3482519014385682,0.3252523701291866,0.4590176610186365,0.3877793421682174,0.345966483857312,0.4745209059520108,0.46731310517499836,0.5010796605928485,0.36247214856158294,0.3496907037521687,0.35112097828992417,0.5797952865593776,0.26837210029484104,0.2960124531421835,0.29554141959916114,0.2431274652653329,0.49076317340711095,0.0,0.48373581980304803,0.4070236087006319,0.2591903064007398,0.32968978694208095,1.0,0.18870573095463927,0.5259746451275547,0.25312071740323894,0.4188522609163018,0.6229367081833723,0.27610047287197403,0.2727826853401366,0.274066039318955,0.42968343282284527,0.4302436179429926,0.2685653376564988,0.29672447250864065
0.21117325205838833,0.16481593792485838,0.12804847904018068,0.29590383934778175,0.18626721574358507,0.18421325948907896,0.16393564708434905,0.29779133274341774,0.17289125122017446,0.28587308655716803,0.16870218817192706,0.3396839064509357,0.1603011273093593,0.280693310685182,0.28145967771037694,0.1633638081646075,0.3063801934622302,0.1677187877450561,0.13829970133726255,0.16394595993361905,0.16353096354668406,0.1543766499426492,0.17004664738672737,0.2505431564310199,0.3057668316272967,0.2076427806571992,0.15886876924194482,0.27835501953116415,0.1889293146114851,0.1913509911575344,0.2639179432007397,0.21197227419093367,0.0,0.19067676111353338,0.22023204366659166,0.2729084088771687,0.15866202417350095,0.18870573095463927,1.0,0.21363237082994058,0.27142277119386526,0.166106299545555,0.16713480525567448,0.30472237152387494,0.309454265182178,0.19660318015834477,0.2286842102285752,0.22412970747657546,0.26813531645737787,0.20013397628430252
0.3140284485171537,0.4194466882815102,0.2228161852882231,0.2599231299103558,0.4376578905406874,0.41874019322114964,0.35136246661682435,0.2728743421064711,0.30259984883754176,0.2651506920962916,0.5135128964869375,0.2720147503633735,0.5302641626978314,0.25573842537413294,0.25789313815486004,0.35639277849705453,0.35136268408144244,0.4910643263481057,0.4082638493956371,0.3558511209887022,0.5042195547871227,0.4912110831134917,0.5266924007317362,0.38637471352788033,0.37234088931147835,0.36803598344162325,0.5426886109449451,0.25855572760751355,0.2935363817224639,0.3140005873588999,0.2460679457133782,0.5046471753736765,0.0,0.5043787542723256,0.4293108912318029,0.2629664999192741,0.3377262977245692,0.5259746451275547,0.21363237082994058,1.0,0.25056468783063046,0.42907498965027746,0.5440963381274846,0.2682126093821082,0.2692405447181856,0.28302970066508126,0.4549917376807151,0.45512422387020945,0.25855060162567634,0.30750028573291877
