../ecoli_genomes/GCF_000163235.1_ASM16323v1_genomic.fna.gz,../ecoli_genomes/GCF_000164555.1_ASM16455v1_genomic.fna.gz,../ecoli_genomes/GCF_000208545.1_ASM20854v2_genomic.fna.gz,../ecoli_genomes/GCF_000233875.1_ASM23387v1_genomic.fna.gz,../ecoli_genomes/GCF_000249735.1_ASM24973v2_genomic.fna.gz,../ecoli_genomes/GCF_000261145.1_Esch_coli_M919_V2_genomic.fna.gz,../ecoli_genomes/GCF_000267705.2_ASM26770v2_genomic.fna.gz,../ecoli_genomes/GCF_000350665.1_Esch_coli_KTE5_V1_genomic.fna.gz,../ecoli_genomes/GCF_000351625.1_Esch_coli_KTE66_V1_genomic.fna.gz,../ecoli_genomes/GCF_000352285.1_Esch_coli_KTE46_V1_genomic.fna.gz,../ecoli_genomes/GCF_000358895.1_ASM35889v1_genomic.fna.gz,../ecoli_genomes/GCF_000456385.1_Esch_coli_HVH_26_4-5703913_V1_genomic.fna.gz,../ecoli_genomes/GCF_000458195.1_Esch_coli_HVH_147_4-5893887_V1_genomic.fna.gz,../ecoli_genomes/GCF_000459755.1_Esch_coli_KOEGE_58_171a_V1_genomic.fna.gz,../ecoli_genomes/GCF_000460055.1_Esch_coli_UMEA_3053-1_V1_genomic.fna.gz,../ecoli_genomes/GCF_000462165.2_ASM46216v2_genomic.fna.gz,../ecoli_genomes/GCF_000601135.1_ASM60113v1_genomic.fna.gz,../ecoli_genomes/GCF_000614595.1_Ec2010EL1058_genomic.fna.gz,../ecoli_genomes/GCF_000617745.1_Ec2010C-4529_genomic.fna.gz,../ecoli_genomes/GCF_000618265.2_EcF6751_genomic.fna.gz,../ecoli_genomes/GCF_000619005.2_Ec2009C-4052_genomic.fna.gz,../ecoli_genomes/GCF_000619105.1_Ec2009C-4780_genomic.fna.gz,../ecoli_genomes/GCF_000619765.2_Ec2009C-3279_genomic.fna.gz,../ecoli_genomes/GCF_000687005.1_ASM68700v1_genomic.fna.gz,../ecoli_genomes/GCF_000687025.1_ASM68702v1_genomic.fna.gz,../ecoli_genomes/GCF_000700125.1_ASM70012v1_genomic.fna.gz,../ecoli_genomes/GCF_000753315.1_FHI35_genomic.fna.gz,../ecoli_genomes/GCF_000776375.1_ASM77637v1_genomic.fna.gz,../ecoli_genomes/GCF_000779395.1_ASM77939v1_genomic.fna.gz,../ecoli_genomes/GCF_000780315.1_ASM78031v1_genomic.fna.gz,../ecoli_genomes/GCF_000781995.1_ASM78199v1_genomic.fna.gz,../ecoli_genomes/GCF_000986765.1_ASM98676v1_genomic.fna.gz,../ecoli_genomes/GCF_001041375.1_ViralProj287958_genomic.fna.gz,../ecoli_genomes/GCF_001265335.1_302014_genomic.fna.gz,../ecoli_genomes/GCF_001265625.1_100854_genomic.fna.gz,../ecoli_genomes/GCF_001267345.1_303289_genomic.fna.gz,../ecoli_genomes/GCF_001309985.1_ASM130998v1_genomic.fna.gz,../ecoli_genomes/GCF_001521695.1_ASM152169v1_genomic.fna.gz,../ecoli_genomes/GCF_001592595.1_ASM159259v1_genomic.fna.gz,../ecoli_genomes/GCF_001614975.1_ASM161497v1_genomic.fna.gz,../ecoli_genomes/GCF_001692775.1_ASM169277v1_genomic.fna.gz,../ecoli_genomes/GCF_001748915.1_ASM174891v1_genomic.fna.gz,../ecoli_genomes/GCF_001749235.1_ASM174923v1_genomic.fna.gz,../ecoli_genomes/GCF_001881155.1_ASM188115v1_genomic.fna.gz,../ecoli_genomes/GCF_001881345.1_ASM188134v1_genomic.fna.gz,../ecoli_genomes/GCF_001892405.1_ASM189240v1_genomic.fna.gz,../ecoli_genomes/GCF_001892585.1_ASM189258v1_genomic.fna.gz,../ecoli_genomes/GCF_001893985.1_ASM189398v1_genomic.fna.gz,../ecoli_genomes/GCF_002001595.1_ASM200159v1_genomic.fna.gz,../ecoli_genomes/GCF_002002145.1_ASM200214v1_genomic.fna.gz
1.0,0.7889432708202694,0.7707925738220909,0.7605100685164696,0.7462841008207413,0.7708574898133482,0.768901476782166,0.7755691192378071,0.796201720320865,0.7704914454464256,0.7809544356348923,0.7737564952651855,0.774572382330244,0.7624634560631957,0.7545248409115598,0.7673323584125659,0.6970003364627921,0.772771800061931,0.7577665627096851,0.7728250001919521,0.7652364432323596,0.7669571247840612,0.7785848642429687,0.7374841893833906,0.7267260017504973,0.6493061700565121,0.7769828311988172,0.772900411925088,0.7848984113755764,0.8050597625229945,0.7578710780500886,0.7686991418372315,0.06371469486818915,0.7760112204473966,0.7614904436374473,0.7700760730733808,0.7583543307479941,0.7878899568345016,0.615657920699504,0.759200174613687,0.7658206989729861,0.774011556293337,0.7821509962245399,0.7789153332845467,0.7771196653884889,0.7771529680142397,0.7712297369076067,0.7733416425383721,0.771086210220487,0.7940521539421344
0.7889432708202694,1.0,0.767039830031446,0.7611530017686101,0.7751238835318791,0.8345502602746743,0.7837100066175544,0.7743722349788669,0.770741584419487,0.7696207726400828,0.8093305735415288,0.7719911798371728,0.7962874979047773,0.767129876089927,0.7548447848172071,0.7842922810738338,0.7243162778819836,0.8102235845464418,0.7793783136223627,0.7898929329576097,0.8001552698667518,0.7951376168546165,0.8122974267962269,0.7786009394646862,0.7641306403268415,0.67136213377993,0.8089437355441959,0.7760363408051745,0.7697002155637239,0.7782909931852299,0.7607486503201594,0.7980186130569474,0.05767025153086791,0.8072649356879611,0.8181786662074993,0.7689977157083723,0.7732215733929426,0.815547242564624,0.5946613787812043,0.7890558013869255,0.7683356569564829,0.8134075146012036,0.812053105481065,0.7828981205664669,0.7794198078628114,0.7692053345216825,0.811365470969568,0.8153981219356627,0.7743492510597115,0.7722616933748305
0.7707925738220909,0.767039830031446,1.0,0.7346201712900924,0.724354505941627,0.754769392811659,0.7521273286979793,0.7519251679309844,0.7647570392833362,0.744270471698962,0.7630552526683757,0.73937528463865,0.758137742246233,0.7458836885363078,0.7341482620825543,0.7558155226408896,0.6724849611857908,0.7554108742928259,0.74626966777961,0.7589932345375872,0.7565809306324193,0.7553311484807198,0.7636694507826735,0.7120484209709708,0.6996076775282283,0.6244804416924993,0.7677535888730034,0.7527116756751282,0.7527088492707168,0.7741566891707514,0.7335827853170178,0.747879462467026,0.06095802377016257,0.7621400736558925,0.7449225997922646,0.7534255180632998,0.7478710328092362,0.7559976858931909,0.5819901920750377,0.7441959277202472,0.7404436202079971,0.7614821058469965,0.7654092908243879,0.7554025639817161,0.748827752826245,0.7496181209451906,0.753287419360954,0.7546791718416768,0.7574178127902251,0.7597875152104655
0.7605100685164696,0.7611530017686101,0.7346201712900924,1.0,0.7394400212345558,0.742916795962403,0.7419320371919338,0.8252168668741773,0.7548940820766892,0.8323866389310415,0.7512563074205385,0.816229511409217,0.7531662988194258,0.8441687959506946,0.8474445652580482,0.7550509779590585,0.6746197124044457,0.7487038162851105,0.7248371579646129,0.7472499773946526,0.73554604563164,0.7404894886547174,0.7548258500590976,0.7087897349555412,0.701977234045301,0.6314716748935719,0.7491119104332502,0.8334784114242861,0.7601081181876507,0.7546315662268284,0.8234691647866418,0.7494103185017484,0.05355864932603349,0.7495146505813032,0.735784680165485,0.7901835917920915,0.7391334980904654,0.745047435836909,0.6142125829662908,0.7279192161460231,0.8348741709079512,0.73799112824173,0.7499546807858244,0.8349205351003033,0.8244596149419879,0.7621422681529748,0.7421606342420624,0.74511225177099,0.8056509189795285,0.7676697333141338
0.7462841008207413,0.7751238835318791,0.724354505941627,0.7394400212345558,1.0,0.7908287684484012,0.7446462082875491,0.7483145725011816,0.7487840553646763,0.7461842795386093,0.7929442731083265,0.735782791913442,0.8009032812713508,0.7269876933402726,0.7418611704664391,0.7681846240911949,0.7360203323872331,0.7761721584207649,0.7446717291703973,0.7490803054731947,0.774297110818575,0.7603668533144758,0.7737686699614373,0.7737164995947995,0.7534690140398507,0.6772931554863041,0.7800565011721786,0.7312715612559882,0.7443557661945042,0.7483156999370084,0.743703582116271,0.8029474363787618,0.05678319621389938,0.7830679093513299,0.7641160804008631,0.729347114734825,0.7458265088835411,0.7819252840487598,0.5794684155156338,0.7670174786382805,0.7550536714067023,0.7783175930912117,0.7912245634377371,0.7360770055971297,0.7347497113164156,0.736074971126277,0.7837695467001011,0.7855072809946605,0.7328360927956092,0.7352568647430584
0.7708574898133482,0.8345502602746743,0.754769392811659,0.742916795962403,0.7908287684484012,1.0,0.7791741244548005,0.7650735236264442,0.7551810516530436,0.7472947815383917,0.8060694502663157,0.7552501532029342,0.7911937934887736,0.7478164254284834,0.7413614439698775,0.7776905162527353,0.7425206645746075,0.810607876983139,0.7794919620362495,0.782761672296576,0.792262686918593,0.7910845404991218,0.8059508840578647,0.79517431500838,0.7834474255410542,0.6854705778828949,0.795145205290694,0.756651511396959,0.75267802153977,0.7560838241322753,0.7446283940209389,0.7979511389830001,0.05815814437357081,0.811715045642441,0.8290423281350322,0.7598265824514403,0.7684772318274982,0.8040484364221334,0.5989248936461691,0.7907737565059784,0.7520463365339001,0.8210756080824718,0.8058011676898966,0.7652185384503521,0.7622094640703116,0.7487088248776866,0.8178896575021204,0.8212730403797999,0.7495602470358372,0.753274187547337
0.768901476782166,0.7837100066175544,0.7521273286979793,0.7419320371919338,0.7446462082875491,0.7791741244548005,1.0,0.7549091647363557,0.7676541465793404,0.7436661640448574,0.7842894186836336,0.7404956610779206,0.7735515662825295,0.7430548463610926,0.7364202897858125,0.8888434044189253,0.6953605383728259,0.8026858743921036,0.7785198655382118,0.9442648601600551,0.7998437375425724,0.7857298633732117,0.8050870617814702,0.7389438429904687,0.721382609726664,0.6460011056250505,0.7934335948394188,0.7507914100271521,0.7587911216004535,0.7593496828633801,0.7369508909816057,0.7699717579600373,0.06756507499203479,0.788911081335591,0.7803012076886524,0.7650347852495256,0.9070265052104085,0.7755420786098813,0.5903719676088708,0.7640742304847223,0.7404127270168253,0.7788871196813085,0.7904359429473363,0.7575126936244911,0.7552722997708702,0.7512403400332517,0.7710638669291738,0.7732048762117478,0.7500392696711612,0.7641175335966051
0.7755691192378071,0.7743722349788669,0.7519251679309844,0.8252168668741773,0.7483145725011816,0.7650735236264442,0.7549091647363557,1.0,0.7660612433957812,0.8329561337550387,0.7655973500214494,0.8162944973261034,0.7685812024499652,0.8168316704978859,0.8161171630732846,0.7652061439155038,0.6928888443205008,0.7592735306552193,0.743781774612047,0.7620019363092793,0.7469148581636216,0.7545431746673844,0.7679543112148428,0.7280137818973206,0.718421096236763,0.6507829967203724,0.7602608564794865,0.8781672815539978,0.7729542199729168,0.7684692356093524,0.8159711557656952,0.7621585151897097,0.056284932891787154,0.7662030688368316,0.7552864377816046,0.8001659452978358,0.7498658772427067,0.7678094243578211,0.6272277759073157,0.7473702400827003,0.8280693017340259,0.7593773626086505,0.7665287928269624,0.88553745684639,0.8778676201964787,0.7731072300137095,0.7561772524112838,0.7589590125144423,0.8164698166087205,0.7791573517019785
0.796201720320865,0.770741584419487,0.7647570392833362,0.7548940820766892,0.7487840553646763,0.7551810516530436,0.7676541465793404,0.7660612433957812,1.0,0.7627550038003943,0.769366202154985,0.7482733063744467,0.7747803621359146,0.7504117274250904,0.7595266392952476,0.7757234463935203,0.675351082884444,0.7627571344549168,0.7407564080861022,0.7728344243873955,0.7613742311593737,0.7563732277500621,0.7691101399891278,0.7185196999814063,0.7049855127163622,0.6239501162391634,0.7723446012006623,0.7562142727785696,0.7702637184288912,0.8122373261324753,0.7534496273551761,0.7596256568968835,0.06924252491061711,0.7696784679042519,0.7503506330728795,0.7634212541208568,0.7616655986944731,0.7676740701892333,0.5891662045940834,0.7594415201507756,0.763696378750959,0.7672767648525103,0.7777568117488393,0.7613550256126551,0.7578131041676825,0.7683637360025176,0.7605691767565113,0.7624045901335,0.7641707281060764,0.7830201407143611
0.7704914454464256,0.7696207726400828,0.744270471698962,0.8323866389310415,0.7461842795386093,0.7472947815383917,0.7436661640448574,0.8329561337550387,0.7627550038003943,1.0,0.7681758199467474,0.8042619716686221,0.7665956716736099,0.8251433982260488,0.820660731343201,0.756551997271802,0.6711022695629326,0.75039801120486,0.7328710269196799,0.7500164227862784,0.7410393097076506,0.741951230781559,0.7527908636966156,0.7107599167412653,0.6995850749542409,0.6344162050533304,0.7556961927786942,0.8292163091936069,0.770483788905145,0.7653084156252508,0.8318107223202649,0.7464093182794609,0.050721427614932146,0.7504918732962126,0.7424443127000538,0.7982334913405277,0.7391242216744345,0.7553836877437574,0.6157169419491502,0.739162325129604,0.8423692982907431,0.7472628042904444,0.7562278088312174,0.8307544868119522,0.8294902353742966,0.7608390910179683,0.7438788271282764,0.7475123624190849,0.8202005309945632,0.768800811545298
0.7809544356348923,0.8093305735415288,0.7630552526683757,0.7512563074205385,0.7929442731083265,0.8060694502663157,0.7842894186836336,0.7655973500214494,0.769366202154985,0.7681758199467474,1.0,0.7574318916064253,0.8408381303295931,0.7581858063002864,0.748125209334322,0.7852043891190951,0.7116686086671269,0.8287903532375231,0.7972597100295271,0.7890386090307988,0.8185133941339319,0.8179695841573015,0.8210672968799212,0.7581897432853999,0.7323692796034966,0.6603866530918496,0.8295215633144286,0.7673469138140196,0.7628762624594907,0.7706241028058004,0.7564778679518348,0.804847578913253,0.05907229545961523,0.8194302071675643,0.7960334537744049,0.7660565578216444,0.7749005646739329,0.8222535746569732,0.5925043575746411,0.8094352081816162,0.757010335760735,0.8125632186958425,0.836667126566371,0.7699646803541812,0.7654507890187463,0.7602080579366937,0.803612493472205,0.8051688378553594,0.7688568101554432,0.7635522945345876
0.7737564952651855,0.7719911798371728,0.73937528463865,0.816229511409217,0.735782791913442,0.7552501532029342,0.7404956610779206,0.8162944973261034,0.7482733063744467,0.8042619716686221,0.7574318916064253,1.0,0.7515462827918097,0.8174489249542065,0.8322139165795792,0.7485671287892932,0.7049538240103231,0.7493921824715071,0.7344952665419004,0.7482703333788271,0.7414440838814063,0.7458843151142823,0.7596601260921234,0.7371810454704546,0.7255976484508302,0.6637693788293931,0.7560120825740417,0.8176126842138881,0.7713911693761367,0.7600685840697666,0.7923481214545846,0.7553337857663913,0.055293984559318,0.7593451951251862,0.7542969217734629,0.7780920765742906,0.7357364639398543,0.7629034129132106,0.6305718153248371,0.7406661816825448,0.8042933058179511,0.7509446743387427,0.7596685412399207,0.8229106399137476,0.8168865186756796,0.768356807656386,0.7628469079252905,0.764225845515731,0.7965101519317348,0.7703863609918626
0.774572382330244,0.7962874979047773,0.758137742246233,0.7531662988194258,0.8009032812713508,0.7911937934887736,0.7735515662825295,0.7685812024499652,0.7747803621359146,0.7665956716736099,0.8408381303295931,0.7515462827918097,1.0,0.7496282672887795,0.7542938510476974,0.7860562217177265,0.7063309535646347,0.8185383910891753,0.8106951276073314,0.778451763681844,0.8154741541251096,0.8326293502473008,0.8306531555280146,0.7500247697052398,0.7301141556309907,0.6482401420708248,0.8350638830785124,0.7618007025006499,0.7589300216659625,0.7735243000693568,0.7599521684930399,0.8262320528851061,0.05628518671866378,0.8359802931962276,0.7789902372637945,0.7623005772340827,0.7713638102777274,0.818875080349829,0.5898384321125372,0.8097932266720099,0.7653316690056527,0.8044820732580646,0.8460102402019806,0.7657498717591349,0.7600559490391263,0.7533503190099179,0.789951537798397,0.7910332914991846,0.7650540944606068,0.7586543431128074
0.7624634560631957,0.767129876089927,0.7458836885363078,0.8441687959506946,0.7269876933402726,0.7478164254284834,0.7430548463610926,0.8168316704978859,0.7504117274250904,0.8251433982260488,0.7581858063002864,0.8174489249542065,0.7496282672887795,1.0,0.8462631546768355,0.7502087526975376,0.6686539930202018,0.7501048878398295,0.7324747826943785,0.7515040307052734,0.738064666407473,0.7463927113647272,0.757945742088177,0.7041994303483912,0.6950976915113485,0.6272109526314333,0.7519379390409813,0.839931907200614,0.7652902400293626,0.759127424101603,0.8202830698161704,0.7414172005818362,0.05375935089124162,0.7539705083350283,0.7391244498183923,0.7927133106939139,0.737249711846823,0.7502125084323078,0.6062023521351383,0.7297325352849608,0.8290191561743916,0.7482221661199077,0.754154991010235,0.8368180824844088,0.8267712897054533,0.7651267684332593,0.7468522224081273,0.7506785388930621,0.8122610378158249,0.7706816296392464
0.7545248409115598,0.7548447848172071,0.7341482620825543,0.8474445652580482,0.7418611704664391,0.7413614439698775,0.7364202897858125,0.8161171630732846,0.7595266392952476,0.820660731343201,0.748125209334322,0.8322139165795792,0.7542938510476974,0.8462631546768355,1.0,0.7518570939725804,0.6705790441122064,0.7436288375598625,0.720636021745792,0.74361979394976,0.7327213340153691,0.7352953000494258,0.7476936812690154,0.7066293300035655,0.6975012673201872,0.6281780194501358,0.7467052098343858,0.8160467847069831,0.7557711045324721,0.7568138896588327,0.8146240693276651,0.7478501867635556,0.05597288398657929,0.7446966799523422,0.733558581166844,0.7805654618370524,0.7351119299659882,0.7434546990477238,0.6105260152614923,0.7269235367169438,0.8316965978771994,0.7414256326268884,0.749759799281741,0.8124577067630188,0.8027427526640714,0.7585003983867546,0.7435709695592194,0.7472790127038405,0.7963797779910046,0.7699168818328159
0.7673323584125659,0.7842922810738338,0.7558155226408896,0.7550509779590585,0.7681846240911949,0.7776905162527353,0.8888434044189253,0.7652061439155038,0.7757234463935203,0.756551997271802,0.7852043891190951,0.7485671287892932,0.7860562217177265,0.7502087526975376,0.7518570939725804,1.0,0.7040187977152856,0.7949402800422327,0.7712907774257194,0.9031160687895925,0.790989235452886,0.7808229862240894,0.7952256231128451,0.7427390443258419,0.7340544170510008,0.6589359478997836,0.789574512092641,0.7555121943000205,0.7574176928177647,0.7728511861046325,0.7520572472801665,0.7773882983492044,0.06594854647588344,0.7852751428969904,0.7757180093803179,0.766060830379589,0.8871408131062916,0.7772240612814026,0.5919702772831841,0.7643435425446191,0.7558327885372047,0.777884498893594,0.7896634533883724,0.7604494107911622,0.7581878624398749,0.7558968808822265,0.7723511158039275,0.7750100159927017,0.7553551795439004,0.765708073037314
0.6970003364627921,0.7243162778819836,0.6724849611857908,0.6746197124044457,0.7360203323872331,0.7425206645746075,0.6953605383728259,0.6928888443205008,0.675351082884444,0.6711022695629326,0.7116686086671269,0.7049538240103231,0.7063309535646347,0.6686539930202018,0.6705790441122064,0.7040187977152856,1.0,0.710929302155926,0.6894238766232887,0.6976352291120058,0.706244072807955,0.7037641460338051,0.716376849230316,0.8107115416886387,0.8083467899352856,0.7629192980291246,0.7073362636483276,0.6751281394011052,0.683696804489361,0.6816877337684972,0.6748382778325286,0.7522842424237894,0.04957067145410665,0.7270288096846393,0.7528559944086877,0.6776881742604253,0.6913910826120373,0.7111041379985401,0.6139085030583231,0.7040493649751569,0.6738075454239518,0.7220772203773069,0.7131805840869256,0.6920207793023779,0.6962763822623144,0.6857820868423907,0.754795142618108,0.7491855690206768,0.6676382876171001,0.6872021771497268
0.772771800061931,0.8102235845464418,0.7554108742928259,0.7487038162851105,0.7761721584207649,0.810607876983139,0.8026858743921036,0.7592735306552193,0.7627571344549168,0.75039801120486,0.8287903532375231,0.7493921824715071,0.8185383910891753,0.7501048878398295,0.7436288375598625,0.7949402800422327,0.710929302155926,1.0,0.8229273166138693,0.8046309702182004,0.8384945581594615,0.8339489128202411,0.8469472768437073,0.7510594401311468,0.7330074016929213,0.6490980263222701,0.8339133687908092,0.760018896639945,0.7597564042552043,0.7656120652103077,0.7492099417582063,0.8056548257353885,0.06026593032190786,0.8294927431448066,0.7956632008363397,0.7725712664033302,0.7877934579725305,0.8131274124840822,0.5926016629545061,0.8095570352253546,0.7506831987914421,0.8054978817718051,0.833059405849837,0.7620037592431557,0.758546650699929,0.7551511392488996,0.802298448022328,0.8039208924008684,0.7562721554116738,0.7610734035401602
0.7577665627096851,0.7793783136223627,0.74626966777961,0.7248371579646129,0.7446717291703973,0.7794919620362495,0.7785198655382118,0.743781774612047,0.7407564080861022,0.7328710269196799,0.7972597100295271,0.7344952665419004,0.8106951276073314,0.7324747826943785,0.720636021745792,0.7712907774257194,0.6894238766232887,0.8229273166138693,1.0,0.7804980553221816,0.8072480983434271,0.8323889648870338,0.8197110964290927,0.7253332773439749,0.7138052114929296,0.6453434974569228,0.804404092529151,0.744244915478688,0.7377954584989805,0.7435694415602137,0.732841617316529,0.7958774205716492,0.06143566449598514,0.8032388612129495,0.767069285973924,0.7520154043746063,0.7670392902388337,0.7862143098747058,0.58286257091493,0.7817522480063519,0.7312707643490914,0.7866355720325225,0.8076655036961783,0.7511610145470269,0.7433353107634638,0.7364069804899998,0.7647592159205876,0.7665317443725385,0.7448916647920456,0.7380381108279315
0.7728250001919521,0.7898929329576097,0.7589932345375872,0.7472499773946526,0.7490803054731947,0.782761672296576,0.9442648601600551,0.7620019363092793,0.7728344243873955,0.7500164227862784,0.7890386090307988,0.7482703333788271,0.778451763681844,0.7515040307052734,0.74361979394976,0.9031160687895925,0.6976352291120058,0.8046309702182004,0.7804980553221816,1.0,0.8011497084928033,0.7912688479868561,0.8086261439713742,0.7403794338770964,0.7251345997117888,0.6484763610117621,0.7968483089835737,0.7581944854252604,0.7658576590198826,0.7667750442378791,0.7430163190883892,0.7738335351011097,0.06809065073416531,0.7930191853377311,0.7833481625063745,0.7702215841964483,0.9128154868466841,0.7816165955808972,0.593193482385358,0.769482413766067,0.747905152236868,0.7827053309075637,0.7948632978097446,0.7643957866068625,0.7609582791369662,0.7590168758863913,0.7753403181751434,0.7776224769601296,0.7577749512905047,0.7709405934471605
0.7652364432323596,0.8001552698667518,0.7565809306324193,0.73554604563164,0.774297110818575,0.792262686918593,0.7998437375425724,0.7469148581636216,0.7613742311593737,0.7410393097076506,0.8185133941339319,0.7414440838814063,0.8154741541251096,0.738064666407473,0.7327213340153691,0.790989235452886,0.706244072807955,0.8384945581594615,0.8072480983434271,0.8011497084928033,1.0,0.8225945739269241,0.8423979373784233,0.750991908305672,0.7267867780666826,0.6541966587382368,0.8283180512886221,0.74586289053714,0.7468500950125239,0.7596073616326108,0.7377974424117961,0.805050637093389,0.05864745958340545,0.8265118494305947,0.7897499432131645,0.7610315018536687,0.7847407350011928,0.8152141021311107,0.5851700627120244,0.80126305000024,0.741536038602471,0.80064386986194,0.8267103956961049,0.7501587299056476,0.7457131246583957,0.7527399622632768,0.7982792448156817,0.7995434269218282,0.7449931713166612,0.7507659003523806
0.7669571247840612,0.7951376168546165,0.7553311484807198,0.7404894886547174,0.7603668533144758,0.7910845404991218,0.7857298633732117,0.7545431746673844,0.7563732277500621,0.741951230781559,0.8179695841573015,0.7458843151142823,0.8326293502473008,0.7463927113647272,0.7352953000494258,0.7808229862240894,0.7037641460338051,0.8339489128202411,0.8323889648870338,0.7912688479868561,0.8225945739269241,1.0,0.8884934976955462,0.7386093973065464,0.7219933488543389,0.6441436385145007,0.8304650770649271,0.7573788104788158,0.7481205682674812,0.7593524340580953,0.7414934473876742,0.8082627291719494,0.053520329635025954,0.8564852719810995,0.7837285147264552,0.75992703713753,0.7747862650681382,0.8077391216550864,0.5840212987711643,0.7982295411370341,0.7441776433620899,0.7998372690421225,0.832372102404203,0.7600766783731537,0.7532227232088575,0.7482739231855251,0.7882226184814553,0.7893410813110407,0.7551621448063983,0.750656829442394
0.7785848642429687,0.8122974267962269,0.7636694507826735,0.7548258500590976,0.7737686699614373,0.8059508840578647,0.8050870617814702,0.7679543112148428,0.7691101399891278,0.7527908636966156,0.8210672968799212,0.7596601260921234,0.8306531555280146,0.757945742088177,0.7476936812690154,0.7952256231128451,0.716376849230316,0.8469472768437073,0.8197110964290927,0.8086261439713742,0.8423979373784233,0.8884934976955462,1.0,0.7518792121855525,0.7361475893090459,0.657926554396473,0.8467194878082642,0.7677483288522953,0.7582328244144521,0.7712704715695395,0.7518607005510558,0.8134577928046628,0.05479421270058493,0.8632114242577974,0.7980567201617578,0.7711956012593754,0.7918344349443951,0.8230589768385438,0.5962030250234291,0.8128441963804793,0.7551188692045177,0.8073302090341867,0.8403038779962217,0.7735895459952582,0.7672877091369971,0.757417242642167,0.7984719464725147,0.8005215694506707,0.7626164060032934,0.7624219871990836
0.7374841893833906,0.7786009394646862,0.7120484209709708,0.7087897349555412,0.7737164995947995,0.79517431500838,0.7389438429904687,0.7280137818973206,0.7185196999814063,0.7107599167412653,0.7581897432853999,0.7371810454704546,0.7500247697052398,0.7041994303483912,0.7066293300035655,0.7427390443258419,0.8107115416886387,0.7510594401311468,0.7253332773439749,0.7403794338770964,0.750991908305672,0.7386093973065464,0.7518792121855525,1.0,0.8156337470426558,0.7343382873517719,0.7528471247763698,0.7122630006465464,0.7265973346109968,0.7228871558371173,0.7110264519331415,0.777314296233728,0.050131023280054476,0.7661361032450699,0.799647759464373,0.7136647119168807,0.7317794485940521,0.7552993538396399,0.6092529981984491,0.7409307806176966,0.7098245823245798,0.7719056850827696,0.7553763038242598,0.7254481472020953,0.7269983119907324,0.7184626028623811,0.7874463163791108,0.7841485109647623,0.7077715877660298,0.7224596307003484
0.7267260017504973,0.7641306403268415,0.6996076775282283,0.701977234045301,0.7534690140398507,0.7834474255410542,0.721382609726664,0.718421096236763,0.7049855127163622,0.6995850749542409,0.7323692796034966,0.7255976484508302,0.7301141556309907,0.6950976915113485,0.6975012673201872,0.7340544170510008,0.8083467899352856,0.7330074016929213,0.7138052114929296,0.7251345997117888,0.7267867780666826,0.7219933488543389,0.7361475893090459,0.8156337470426558,1.0,0.7718577840279246,0.7331124651972292,0.70112601453394,0.7032882786805532,0.7068503529542427,0.6995355640566154,0.7702154552701515,0.05113100095186163,0.7455231981750206,0.7879759007921647,0.6993959992971384,0.7187482749461938,0.745340656265937,0.6189756111428406,0.7252555844693033,0.7021725149427488,0.7485888575940912,0.7406821078343486,0.7223827465561627,0.721802350695997,0.7049822994874494,0.7751277449255864,0.7712359929418409,0.7001414661408136,0.7085817954553563
0.6493061700565121,0.67136213377993,0.6244804416924993,0.6314716748935719,0.6772931554863041,0.6854705778828949,0.6460011056250505,0.6507829967203724,0.6239501162391634,0.6344162050533304,0.6603866530918496,0.6637693788293931,0.6482401420708248,0.6272109526314333,0.6281780194501358,0.6589359478997836,0.7629192980291246,0.6490980263222701,0.6453434974569228,0.6484763610117621,0.6541966587382368,0.6441436385145007,0.657926554396473,0.7343382873517719,0.7718577840279246,1.0,0.6495768916599557,0.6324369578260178,0.6325036659140725,0.6328555077762805,0.6244136504854882,0.6909159183431137,0.05220534544763855,0.6698887189325693,0.703336367040832,0.628624923954328,0.6431639245532373,0.6722484046561351,0.5873763355841941,0.6496054403096454,0.6297627466711446,0.672281849898178,0.6591811387522125,0.6520015454323673,0.6524773152979491,0.6295472287198887,0.6993989820729596,0.6987837305498572,0.6265436071686977,0.6386169467258604
0.7769828311988172,0.8089437355441959,0.7677535888730034,0.7491119104332502,0.7800565011721786,0.795145205290694,0.7934335948394188,0.7602608564794865,0.7723446012006623,0.7556961927786942,0.8295215633144286,0.7560120825740417,0.8350638830785124,0.7519379390409813,0.7467052098343858,0.789574512092641,0.7073362636483276,0.8339133687908092,0.804404092529151,0.7968483089835737,0.8283180512886221,0.8304650770649271,0.8467194878082642,0.7528471247763698,0.7331124651972292,0.6495768916599557,1.0,0.759007435150351,0.767722432109151,0.7763932440449779,0.7519199824228432,0.8130727151554408,0.05731086032673549,0.831868009863725,0.7866309575002206,0.765652987281936,0.7834267533880964,0.8445202976113099,0.5886390666482983,0.8189270568164281,0.7556979103485353,0.8068172982188349,0.864597424822239,0.7645808258221732,0.7572061834643349,0.7628268979018176,0.7947034811135625,0.7959700852503114,0.764618623846108,0.7637357823987816
0.772900411925088,0.7760363408051745,0.7527116756751282,0.8334784114242861,0.7312715612559882,0.756651511396959,0.7507914100271521,0.8781672815539978,0.7562142727785696,0.8292163091936069,0.7673469138140196,0.8176126842138881,0.7618007025006499,0.839931907200614,0.8160467847069831,0.7555121943000205,0.6751281394011052,0.760018896639945,0.744244915478688,0.7581944854252604,0.74586289053714,0.7573788104788158,0.7677483288522953,0.7122630006465464,0.70112601453394,0.6324369578260178,0.759007435150351,1.0,0.7713759300991831,0.7633894779833332,0.8154539583289759,0.7543226507015536,0.05715891121702599,0.762233607868516,0.743662889691729,0.7962053866312053,0.7442600985322898,0.767065790668388,0.6178549837557277,0.7414825612696221,0.8287230766127074,0.7568725282157397,0.7641208330296232,0.9178970605558399,0.9054038033559959,0.7725250064004556,0.7547366330117041,0.757278450008717,0.8200272308396902,0.7758259485991131
0.7848984113755764,0.7697002155637239,0.7527088492707168,0.7601081181876507,0.7443557661945042,0.75267802153977,0.7587911216004535,0.7729542199729168,0.7702637184288912,0.770483788905145,0.7628762624594907,0.7713911693761367,0.7589300216659625,0.7652902400293626,0.7557711045324721,0.7574176928177647,0.683696804489361,0.7597564042552043,0.7377954584989805,0.7658576590198826,0.7468500950125239,0.7481205682674812,0.7582328244144521,0.7265973346109968,0.7032882786805532,0.6325036659140725,0.767722432109151,0.7713759300991831,1.0,0.7783054513628833,0.7584831662096337,0.7514765153969483,0.05982153521790923,0.7596841212604315,0.7485338921134268,0.7608720005409639,0.7497134657361395,0.7624132558008714,0.5957623360250638,0.7432897251508225,0.7594268905311199,0.7530599788879382,0.7618883948388785,0.7730741550089224,0.7698496227343612,0.7875588121999073,0.7506343584732953,0.7517309781852048,0.7775190536841041,0.8536154753094906
0.8050597625229945,0.7782909931852299,0.7741566891707514,0.7546315662268284,0.7483156999370084,0.7560838241322753,0.7593496828633801,0.7684692356093524,0.8122373261324753,0.7653084156252508,0.7706241028058004,0.7600685840697666,0.7735243000693568,0.759127424101603,0.7568138896588327,0.7728511861046325,0.6816877337684972,0.7656120652103077,0.7435694415602137,0.7667750442378791,0.7596073616326108,0.7593524340580953,0.7712704715695395,0.7228871558371173,0.7068503529542427,0.6328555077762805,0.7763932440449779,0.7633894779833332,0.7783054513628833,1.0,0.7592925448147662,0.7559657198367621,0.05910437206824004,0.7696167586097867,0.7509017534968636,0.7665341280546798,0.7556428824285106,0.7694743327586273,0.5890882921891576,0.7582722028601616,0.7668540273546135,0.7640723177530435,0.7817581177797525,0.7667460628212222,0.7640021879815777,0.7772570070143987,0.7666287642404872,0.7692693463242537,0.7667440739476412,0.7869498709904325
0.7578710780500886,0.7607486503201594,0.7335827853170178,0.8234691647866418,0.743703582116271,0.7446283940209389,0.7369508909816057,0.8159711557656952,0.7534496273551761,0.8318107223202649,0.7564778679518348,0.7923481214545846,0.7599521684930399,0.8202830698161704,0.8146240693276651,0.7520572472801665,0.6748382778325286,0.7492099417582063,0.732841617316529,0.7430163190883892,0.7377974424117961,0.7414934473876742,0.7518607005510558,0.7110264519331415,0.6995355640566154,0.6244136504854882,0.7519199824228432,0.8154539583289759,0.7584831662096337,0.7592925448147662,1.0,0.7499252836200196,0.05479507917836768,0.7515225254661421,0.73359843272146,0.7889259622993303,0.7339894935608777,0.7489029765874053,0.6076727430693443,0.7366447843051636,0.8590964922109774,0.7474950442982283,0.7547303037910831,0.8157246584302444,0.8105343347990643,0.7572922423098415,0.7436670466736575,0.7461531413816349,0.8050594558862237,0.7594995628363355
0.7686991418372315,0.7980186130569474,0.747879462467026,0.7494103185017484,0.8029474363787618,0.7979511389830001,0.7699717579600373,0.7621585151897097,0.7596256568968835,0.7464093182794609,0.804847578913253,0.7553337857663913,0.8262320528851061,0.7414172005818362,0.7478501867635556,0.7773882983492044,0.7522842424237894,0.8056548257353885,0.7958774205716492,0.7738335351011097,0.805050637093389,0.8082627291719494,0.8134577928046628,0.777314296233728,0.7702154552701515,0.6909159183431137,0.8130727151554408,0.7543226507015536,0.7514765153969483,0.7559657198367621,0.7499252836200196,1.0,0.05538647251729656,0.8132013771230392,0.7831148609815262,0.7498571578569082,0.7679178892630902,0.8154234411885478,0.6014868201671247,0.7911023307787138,0.7559906744603146,0.7978550037603271,0.81979245067941,0.7599830929477983,0.7568234794446294,0.7515946708629531,0.7950460880499276,0.7956859448702013,0.7472270593774035,0.7510594777566676
0.06371469486818915,0.05767025153086791,0.06095802377016257,0.05355864932603349,0.05678319621389938,0.05815814437357081,0.06756507499203479,0.056284932891787154,0.06924252491061711,0.050721427614932146,0.05907229545961523,0.055293984559318,0.05628518671866378,0.05375935089124162,0.05597288398657929,0.06594854647588344,0.04957067145410665,0.06026593032190786,0.06143566449598514,0.06809065073416531,0.05864745958340545,0.053520329635025954,0.05479421270058493,0.050131023280054476,0.05113100095186163,0.05220534544763855,0.05731086032673549,0.05715891121702599,0.05982153521790923,0.05910437206824004,0.05479507917836768,0.05538647251729656,1.0,0.057964911155810595,0.054622622738947024,0.05505649611090169,0.06751739790180655,0.05886162409837126,0.04967435028101408,0.054899623303779066,0.05528845585192177,0.06063395215794731,0.0656782561928898,0.05998724335531003,0.05570958270106219,0.05750432287967311,0.05803348099103489,0.05785132870989573,0.05864571434945676,0.06191618170047841
0.7760112204473966,0.8072649356879611,0.7621400736558925,0.7495146505813032,0.7830679093513299,0.811715045642441,0.788911081335591,0.7662030688368316,0.7696784679042519,0.7504918732962126,0.8194302071675643,0.7593451951251862,0.8359802931962276,0.7539705083350283,0.7446966799523422,0.7852751428969904,0.7270288096846393,0.8294927431448066,0.8032388612129495,0.7930191853377311,0.8265118494305947,0.8564852719810995,0.8632114242577974,0.7661361032450699,0.7455231981750206,0.6698887189325693,0.831868009863725,0.762233607868516,0.7596841212604315,0.7696167586097867,0.7515225254661421,0.8132013771230392,0.057964911155810595,1.0,0.8018660093470169,0.774184224447028,0.7751289775281625,0.818175371724553,0.6012757623626093,0.8080594131972393,0.753555252648272,0.8111763048109432,0.8433680384195775,0.7690419326807686,0.7649629403543879,0.7539730897525183,0.8056311365063318,0.8067207242391055,0.7600085771273015,0.7584626265931478
0.7614904436374473,0.8181786662074993,0.7449225997922646,0.735784680165485,0.7641160804008631,0.8290423281350322,0.7803012076886524,0.7552864377816046,0.7503506330728795,0.7424443127000538,0.7960334537744049,0.7542969217734629,0.7789902372637945,0.7391244498183923,0.733558581166844,0.7757180093803179,0.7528559944086877,0.7956632008363397,0.767069285973924,0.7833481625063745,0.7897499432131645,0.7837285147264552,0.7980567201617578,0.799647759464373,0.7879759007921647,0.703336367040832,0.7866309575002206,0.743662889691729,0.7485338921134268,0.7509017534968636,0.73359843272146,0.7831148609815262,0.054622622738947024,0.8018660093470169,1.0,0.7483372918538361,0.7657548334117898,0.7840294967307129,0.6049124075840536,0.7775096947704332,0.7354658563370863,0.8024885923191484,0.7975123261025762,0.7526222375148663,0.7512902547838908,0.742147378822039,0.8110718402304906,0.8114640450087907,0.7399877124736081,0.7531269415273507
0.7700760730733808,0.7689977157083723,0.7534255180632998,0.7901835917920915,0.729347114734825,0.7598265824514403,0.7650347852495256,0.8001659452978358,0.7634212541208568,0.7982334913405277,0.7660565578216444,0.7780920765742906,0.7623005772340827,0.7927133106939139,0.7805654618370524,0.766060830379589,0.6776881742604253,0.7725712664033302,0.7520154043746063,0.7702215841964483,0.7610315018536687,0.75992703713753,0.7711956012593754,0.7136647119168807,0.6993959992971384,0.628624923954328,0.765652987281936,0.7962053866312053,0.7608720005409639,0.7665341280546798,0.7889259622993303,0.7498571578569082,0.05505649611090169,0.774184224447028,0.7483372918538361,1.0,0.7577978893298118,0.7621078271684095,0.6197381033618239,0.7483037789229098,0.7906274594667116,0.7650980959004985,0.7714729403615372,0.800306003804683,0.7998525993386298,0.7649192921605898,0.75299452571962,0.7556253119614038,0.8019435134939756,0.7703771835950645
0.7583543307479941,0.7732215733929426,0.7478710328092362,0.7391334980904654,0.7458265088835411,0.7684772318274982,0.9070265052104085,0.7498658772427067,0.7616655986944731,0.7391242216744345,0.7749005646739329,0.7357364639398543,0.7713638102777274,0.737249711846823,0.7351119299659882,0.8871408131062916,0.6913910826120373,0.7877934579725305,0.7670392902388337,0.9128154868466841,0.7847407350011928,0.7747862650681382,0.7918344349443951,0.7317794485940521,0.7187482749461938,0.6431639245532373,0.7834267533880964,0.7442600985322898,0.7497134657361395,0.7556428824285106,0.7339894935608777,0.7679178892630902,0.06751739790180655,0.7751289775281625,0.7657548334117898,0.7577978893298118,1.0,0.7690732779602611,0.5860286954705285,0.7548154260971859,0.7372507373857742,0.7697763183119559,0.7818125287432596,0.7479554667203326,0.7447704396686917,0.7445344498505757,0.7610128472114139,0.7626163860758832,0.742571496802768,0.7546499983991765
0.7878899568345016,0.815547242564624,0.7559976858931909,0.745047435836909,0.7819252840487598,0.8040484364221334,0.7755420786098813,0.7678094243578211,0.7676740701892333,0.7553836877437574,0.8222535746569732,0.7629034129132106,0.818875080349829,0.7502125084323078,0.7434546990477238,0.7772240612814026,0.7111041379985401,0.8131274124840822,0.7862143098747058,0.7816165955808972,0.8152141021311107,0.8077391216550864,0.8230589768385438,0.7552993538396399,0.745340656265937,0.6722484046561351,0.8445202976113099,0.767065790668388,0.7624132558008714,0.7694743327586273,0.7489029765874053,0.8154234411885478,0.05886162409837126,0.818175371724553,0.7840294967307129,0.7621078271684095,0.7690732779602611,1.0,0.5954333519226923,0.8116707228818427,0.757538485632551,0.803500768859821,0.856843249582253,0.7750512573632612,0.7699707681122142,0.7646722567243273,0.8027902606188606,0.8047332858688002,0.7673377558604468,0.7628656219991727
0.615657920699504,0.5946613787812043,0.5819901920750377,0.6142125829662908,0.5794684155156338,0.5989248936461691,0.5903719676088708,0.6272277759073157,0.5891662045940834,0.6157169419491502,0.5925043575746411,0.6305718153248371,0.5898384321125372,0.6062023521351383,0.6105260152614923,0.5919702772831841,0.6139085030583231,0.5926016629545061,0.58286257091493,0.593193482385358,0.5851700627120244,0.5840212987711643,0.5962030250234291,0.6092529981984491,0.6189756111428406,0.5873763355841941,0.5886390666482983,0.6178549837557277,0.5957623360250638,0.5890882921891576,0.6076727430693443,0.6014868201671247,0.04967435028101408,0.6012757623626093,0.6049124075840536,0.6197381033618239,0.5860286954705285,0.5954333519226923,1.0,0.587252073012289,0.6097397853181632,0.5934556130320094,0.5938265175817781,0.6300746246617399,0.6318214054544242,0.5930245233025662,0.6076045054802672,0.6070167989684214,0.6084086915945008,0.6058236115536388
