../ecoli_genomes/GCF_000163235.1_ASM16323v1_genomic.fna.gz,../ecoli_genomes/GCF_000164555.1_ASM16455v1_genomic.fna.gz,../ecoli_genomes/GCF_000208545.1_ASM20854v2_genomic.fna.gz,../ecoli_genomes/GCF_000233875.1_ASM23387v1_genomic.fna.gz,../ecoli_genomes/GCF_000249735.1_ASM24973v2_genomic.fna.gz,../ecoli_genomes/GCF_000261145.1_Esch_coli_M919_V2_genomic.fna.gz,../ecoli_genomes/GCF_000267705.2_ASM26770v2_genomic.fna.gz,../ecoli_genomes/GCF_000350665.1_Esch_coli_KTE5_V1_genomic.fna.gz,../ecoli_genomes/GCF_000351625.1_Esch_coli_KTE66_V1_genomic.fna.gz,../ecoli_genomes/GCF_000352285.1_Esch_coli_KTE46_V1_genomic.fna.gz,../ecoli_genomes/GCF_000358895.1_ASM35889v1_genomic.fna.gz,../ecoli_genomes/GCF_000456385.1_Esch_coli_HVH_26_4-5703913_V1_genomic.fna.gz,../ecoli_genomes/GCF_000458195.1_Esch_coli_HVH_147_4-5893887_V1_genomic.fna.gz,../ecoli_genomes/GCF_000459755.1_Esch_coli_KOEGE_58_171a_V1_genomic.fna.gz,../ecoli_genomes/GCF_000460055.1_Esch_coli_UMEA_3053-1_V1_genomic.fna.gz,../ecoli_genomes/GCF_000462165.2_ASM46216v2_genomic.fna.gz,../ecoli_genomes/GCF_000601135.1_ASM60113v1_genomic.fna.gz,../ecoli_genomes/GCF_000614595.1_Ec2010EL1058_genomic.fna.gz,../ecoli_genomes/GCF_000617745.1_Ec2010C-4529_genomic.fna.gz,../ecoli_genomes/GCF_000618265.2_EcF6751_genomic.fna.gz,../ecoli_genomes/GCF_000619005.2_Ec2009C-4052_genomic.fna.gz,../ecoli_genomes/GCF_000619105.1_Ec2009C-4780_genomic.fna.gz,../ecoli_genomes/GCF_000619765.2_Ec2009C-3279_genomic.fna.gz,../ecoli_genomes/GCF_000687005.1_ASM68700v1_genomic.fna.gz,../ecoli_genomes/GCF_000687025.1_ASM68702v1_genomic.fna.gz,../ecoli_genomes/GCF_000700125.1_ASM70012v1_genomic.fna.gz,../ecoli_genomes/GCF_000753315.1_FHI35_genomic.fna.gz,../ecoli_genomes/GCF_000776375.1_ASM77637v1_genomic.fna.gz,../ecoli_genomes/GCF_000779395.1_ASM77939v1_genomic.fna.gz,../ecoli_genomes/GCF_000780315.1_ASM78031v1_genomic.fna.gz,../ecoli_genomes/GCF_000781995.1_ASM78199v1_genomic.fna.gz,../ecoli_genomes/GCF_000986765.1_ASM98676v1_genomic.fna.gz,../ecoli_genomes/GCF_001041375.1_ViralProj287958_genomic.fna.gz,../ecoli_genomes/GCF_001265335.1_302014_genomic.fna.gz,../ecoli_genomes/GCF_001265625.1_100854_genomic.fna.gz,../ecoli_genomes/GCF_001267345.1_303289_genomic.fna.gz,../ecoli_genomes/GCF_001309985.1_ASM130998v1_genomic.fna.gz,../ecoli_genomes/GCF_001521695.1_ASM152169v1_genomic.fna.gz,../ecoli_genomes/GCF_001592595.1_ASM159259v1_genomic.fna.gz,../ecoli_genomes/GCF_001614975.1_ASM161497v1_genomic.fna.gz,../ecoli_genomes/GCF_001692775.1_ASM169277v1_genomic.fna.gz,../ecoli_genomes/GCF_001748915.1_ASM174891v1_genomic.fna.gz,../ecoli_genomes/GCF_001749235.1_ASM174923v1_genomic.fna.gz,../ecoli_genomes/GCF_001881155.1_ASM188115v1_genomic.fna.gz,../ecoli_genomes/GCF_001881345.1_ASM188134v1_genomic.fna.gz,../ecoli_genomes/GCF_001892405.1_ASM189240v1_genomic.fna.gz,../ecoli_genomes/GCF_001892585.1_ASM189258v1_genomic.fna.gz,../ecoli_genomes/GCF_001893985.1_ASM189398v1_genomic.fna.gz,../ecoli_genomes/GCF_002001595.1_ASM200159v1_genomic.fna.gz,../ecoli_genomes/GCF_002002145.1_ASM200214v1_genomic.fna.gz
1.0,0.7895162206387707,0.7753877804625688,0.7689665946265376,0.7636884852399045,0.7745439550755768,0.7854289483087442,0.7814149812714598,0.8028951314970412,0.7802202810903182,0.782919079653384,0.7781800466077344,0.7777255827553973,0.7739748365301985,0.7631841697115306,0.7865761695930163,0.7444412532866835,0.7807038159920608,0.7512390547202408,0.7867377623369131,0.7683022063858219,0.7701135720176845,0.7883451030242616,0.7474226061760327,0.750381945619369,0.7468771216567389,0.7785562314568263,0.7819959962115128,0.7892276454522275,0.7992820514752694,0.7644270371608741,0.769135248428878,0.055059002331729445,0.7782422081585447,0.7686531614792868,0.7583603281142062,0.7768120072975089,0.777360676156977,0.6424415630353963,0.7836152991447835,0.761605448578765,0.7750599355063025,0.7869642817776933,0.7843870841041303,0.7819730945693754,0.7746492543881033,0.7752287483553895,0.7753674097046882,0.7726485306319867,0.7894808788722617
0.7895162206387707,1.0,0.768344808311461,0.7719026065790455,0.7878539611405602,0.8297659595424693,0.7894088127596247,0.7703441721145119,0.7751246814355743,0.775775378398432,0.8078357275375577,0.7746825084368816,0.8034901528407006,0.7719714586074038,0.76325905571696,0.7900995533900153,0.7873442014563616,0.8097830725569944,0.7720267010131371,0.7890913345710729,0.7940366191664572,0.7950444633216253,0.8066546060889612,0.8030579523527821,0.8151034648094719,0.7970998019862152,0.8045130024618605,0.7776771914270859,0.7779261324774916,0.7803636988617653,0.765928988056797,0.7944057460739229,0.054267454531789716,0.8023463361565035,0.8322222637906309,0.7548697582219515,0.7786804824115751,0.8061590356147601,0.6181567961219836,0.8163028148461262,0.7591182131384965,0.8177211167701598,0.8106428510818307,0.7821577794586071,0.7795185734396746,0.7673327145081794,0.829982155474893,0.8297693311952432,0.7790414561556257,0.7762772364980991
0.7753877804625688,0.768344808311461,1.0,0.7475201832289602,0.7466744401836541,0.7470432960132365,0.7605114543025661,0.7522617176489421,0.7628252526858786,0.7623011519419625,0.7593082161936232,0.7516119946413677,0.7602642036836756,0.7526664307807764,0.7491700939691295,0.7627203968350695,0.7323830045268378,0.7599443807661055,0.731530063513665,0.7636804909966599,0.7639801663140725,0.7553298706765238,0.7687113577874748,0.7325117363584974,0.7335192310561836,0.730833321669935,0.7644874162406465,0.7579071420964799,0.7702759428269832,0.7742945872290588,0.7553972170726183,0.7530371294290286,0.05540912484856986,0.7631902121202669,0.749210489908212,0.7455374140460598,0.7535202506994771,0.7592010864837546,0.6092589566291222,0.7687298153335455,0.7512275063142186,0.7639077469232807,0.7724689309550803,0.7603634892973079,0.7530352949500355,0.7579950372156485,0.7697578117316053,0.7683295472736408,0.7568239449453652,0.7654027762314946
0.7689665946265376,0.7719026065790455,0.7475201832289602,1.0,0.7546532436154936,0.763330350167807,0.7528722791643849,0.8254372634414113,0.7587296200713406,0.8282219744421718,0.7641690276059493,0.8295603638923328,0.7626885971561208,0.8507406921092626,0.8502696353241376,0.7556479407526757,0.7348628697793249,0.7610130104223394,0.7335654717420681,0.7540929140851477,0.7496983262201105,0.7562190095776542,0.7711187808924023,0.7367914911559383,0.7487917135159174,0.7392924011211528,0.7600068224172603,0.8388706268892355,0.7672413699488989,0.7625204085227538,0.8203011931631692,0.7634513392510891,0.061937094677973925,0.7599304661666346,0.748136270694854,0.7778752079641857,0.7472750722657968,0.7533776039310988,0.6406824667693012,0.760419432170083,0.83439934480805,0.7635578058411607,0.7613903855972453,0.8421220222914967,0.8334625572972663,0.7601895695177386,0.7647563542289139,0.7647415594145606,0.8181148146034962,0.7681725684480623
0.7636884852399045,0.7878539611405602,0.7466744401836541,0.7546532436154936,1.0,0.7905172893126431,0.7645002069857543,0.7621437192397366,0.7645172906297086,0.7644530511848983,0.8074195733065693,0.753598749290697,0.804035333607323,0.7526918788562471,0.7539329963751197,0.7758920192772002,0.7814491338881765,0.7867160827787225,0.7640866239721918,0.7665246175859767,0.781091040358318,0.7829540481868025,0.7942314940471829,0.7940563191320313,0.7845652772558785,0.7761354748243057,0.7946379899893794,0.7540802032932166,0.7574886371109484,0.7620638365280197,0.7669467368318126,0.8029114372807044,0.053785009524244254,0.7904337261958423,0.7730089476890819,0.7340765026287394,0.7650979775202086,0.802297139682065,0.6223055309099716,0.7989640674016025,0.7607199410251178,0.7826688909977191,0.7983197246413211,0.7630201059587225,0.7610862169961871,0.7540798939191322,0.7943362701428736,0.7938295792363067,0.7570810901387665,0.7526244879587478
0.7745439550755768,0.8297659595424693,0.7470432960132365,0.763330350167807,0.7905172893126431,1.0,0.7815847647390899,0.7675163133589538,0.7663664945668065,0.7617638957557786,0.7936500068445045,0.7601827266783127,0.7979465703730674,0.7608816680937303,0.7522282228758427,0.7773128061967283,0.7900819282407212,0.8024965589426931,0.7711749885219353,0.7786833174872236,0.78086444729343,0.7862470004688698,0.7990074588409196,0.7997916773396729,0.8181744241229904,0.7845753670928659,0.7919556544693338,0.7674456907232645,0.773146216579545,0.7604539620261345,0.7581759919243051,0.7969505458445634,0.05734861048785256,0.7961712220029735,0.8219531016931578,0.7446673475430582,0.7734458264806398,0.7908458882879646,0.6195766960971403,0.7993801683996558,0.7542700477770871,0.814787879165211,0.7944554722197665,0.7706872162420253,0.7669584581271367,0.7606145519687337,0.8104730688387103,0.8116298852429074,0.7644801866502392,0.7697428322225595
0.7854289483087442,0.7894088127596247,0.7605114543025661,0.7528722791643849,0.7645002069857543,0.7815847647390899,1.0,0.7654751220116943,0.7732561159229775,0.7666017133464743,0.780275312820093,0.7593026011749711,0.7848766828010174,0.7517254923002663,0.7452408987757351,0.897348257151588,0.7599156342006352,0.8042709637540728,0.7757015713555155,0.9429587583076305,0.8027992290673505,0.7907341233009685,0.8105730701453567,0.762330131000533,0.7672227762166963,0.7615498243098859,0.7875997057967311,0.768169221169664,0.7769439576943094,0.7740422778253062,0.7570107472490784,0.7762579168352832,0.058032642687753544,0.7935872950039207,0.7799656114226503,0.7545101707838938,0.9164541813249261,0.7747196735555053,0.6190613913764698,0.7916988890634072,0.7482612404262257,0.7837445732566096,0.7918451213220223,0.7724587381675241,0.76888897639084,0.7690449980122143,0.7839204678471942,0.7833127863152054,0.7576274634146543,0.777314494764368
0.7814149812714598,0.7703441721145119,0.7522617176489421,0.8254372634414113,0.7621437192397366,0.7675163133589538,0.7654751220116943,1.0,0.7618786683614539,0.8308621608202649,0.7651141821436764,0.8209441387412664,0.7708675081091275,0.8234560641991656,0.8121091906446378,0.7643551162771292,0.7397183760603983,0.7714588716120442,0.7418473678250022,0.7651355762252802,0.7574057201241328,0.7606264606187921,0.7743013698191252,0.7453655838642039,0.7479742320786025,0.7402406098179286,0.764291434055591,0.8823322504460174,0.7775065296963448,0.7645766422788062,0.8159314810850538,0.7655874222758074,0.056471118823651634,0.7697912278368806,0.7525709169404323,0.7814741815788798,0.756777243035065,0.7642324402656431,0.6493611507776973,0.7705547569973898,0.8128173200516482,0.7641895632007545,0.7678899981154133,0.8873314638837319,0.8759834198390086,0.7645033796523463,0.7625587184786862,0.7628622048275835,0.8092540068392529,0.7753266389300386
0.8028951314970412,0.7751246814355743,0.7628252526858786,0.7587296200713406,0.7645172906297086,0.7663664945668065,0.7732561159229775,0.7618786683614539,1.0,0.7759447705566519,0.7698734502827059,0.7634448272432718,0.7718851715686262,0.7618444204406749,0.7590901962186316,0.7812736158773163,0.7359724084432222,0.7640321149109915,0.7351483829506251,0.7770918787115227,0.7586657464317902,0.7561089852090985,0.7699036791368968,0.7515703070666198,0.7516504352126762,0.743952394377202,0.7696978168944009,0.7629125220664625,0.7806640099974249,0.8077239892991299,0.7652895613285751,0.7619897707137875,0.0511262787571134,0.766557048070349,0.7654873194205057,0.7566538153708822,0.7681869630351977,0.7667189127887876,0.6214839506837939,0.7744881206321801,0.7586902501282745,0.7695078457241241,0.7769865507523819,0.7699438972495019,0.7633997421166341,0.7725291153577735,0.7729544518772147,0.7722371415764122,0.7626262729951856,0.7802688507412624
0.7802202810903182,0.775775378398432,0.7623011519419625,0.8282219744421718,0.7644530511848983,0.7617638957557786,0.7666017133464743,0.8308621608202649,0.7759447705566519,1.0,0.7741670853223733,0.8218653779868272,0.7695436748752057,0.8283164665533693,0.8201337155337673,0.7713501282199576,0.7410536595774533,0.7654595587347762,0.7386876815043156,0.7688585585646006,0.7574825665302989,0.7586598385425845,0.7680510718293603,0.7471449733360532,0.7465313026181815,0.7425126545764695,0.7632268182029898,0.8378345308205751,0.7804776800337143,0.7742497903247804,0.832639080435726,0.7574932567878481,0.05637403924901252,0.7654802629434887,0.7585338899676948,0.7913215591445139,0.7604884442777513,0.7614219974555242,0.6485640205315649,0.7678940868830608,0.8240581527107019,0.7683359927499359,0.766009702259107,0.8413003948731674,0.8382583588210641,0.768040589171062,0.7733150116706766,0.7732424786781974,0.8314724737538993,0.7757399080229275
0.782919079653384,0.8078357275375577,0.7593082161936232,0.7641690276059493,0.8074195733065693,0.7936500068445045,0.780275312820093,0.7651141821436764,0.7698734502827059,0.7741670853223733,1.0,0.7583777053534846,0.8321368731845363,0.761481221218286,0.7556143090999942,0.7818540363962111,0.7637259856716265,0.8187753493252518,0.7887384213490012,0.7798788301762789,0.8037552180780592,0.8180545612013312,0.8196108648910432,0.7767205986620115,0.7762089990137854,0.781850967709114,0.8295725203228216,0.7700526738531461,0.775845599236272,0.7761527922413058,0.7636118926623245,0.796451886877509,0.05375435144950891,0.8099210539260511,0.7940426938277465,0.7534885818966731,0.7681188154551571,0.8141199280609579,0.6194267890923457,0.843063066998413,0.757044291867608,0.8109822043331903,0.8312825636823639,0.7706443238058273,0.766461854755364,0.7558154565119982,0.8069750949080463,0.8071418416686343,0.7639578556142667,0.778132967582378
0.7781800466077344,0.7746825084368816,0.7516119946413677,0.8295603638923328,0.753598749290697,0.7601827266783127,0.7593026011749711,0.8209441387412664,0.7634448272432718,0.8218653779868272,0.7583777053534846,1.0,0.7602113031952341,0.8274751464098291,0.8413662154942055,0.7597786775456232,0.7286379238343998,0.7552536256923464,0.7306785825494415,0.7599720426596543,0.7463803235306077,0.7511661795625529,0.7631259051899176,0.7324524213574226,0.7387402006333788,0.7329611626315011,0.7535398904817977,0.8196846528750789,0.7821366576738177,0.7629727785709598,0.8056668805492165,0.7524439509278856,0.0579068188991001,0.7619456992916224,0.749697143733458,0.779824270167151,0.752530629663623,0.7550139412001281,0.6404553845360916,0.7600745135588869,0.8052446118863054,0.7630043011994512,0.7662231167472935,0.8258347657173694,0.8175573845971729,0.7714244723978709,0.762992621214329,0.7638172248676037,0.808941483355176,0.7799257564155446
0.7777255827553973,0.8034901528407006,0.7602642036836756,0.7626885971561208,0.804035333607323,0.7979465703730674,0.7848766828010174,0.7708675081091275,0.7718851715686262,0.7695436748752057,0.8321368731845363,0.7602113031952341,1.0,0.760095606700768,0.763330271596598,0.7914300257165581,0.7644494281957368,0.8280361579281474,0.8129874013008588,0.7854088770605158,0.8229323528266521,0.8426713119353841,0.8428920008170743,0.7800267890526762,0.7763748752212114,0.7799758885401576,0.8406843291090588,0.7684571331083703,0.7746085213366392,0.7792185851555399,0.7590959925028963,0.8207509888702254,0.06198454424042077,0.8336130287169332,0.7963313123875918,0.7484586927380075,0.7789369982022265,0.8285027329310333,0.6140361352445001,0.8470990076878502,0.7572466484049236,0.8042294979226963,0.8408885224064252,0.7710918949037633,0.7666759038860915,0.7603908292692401,0.8050056241068237,0.8041017854536527,0.7642231779952579,0.7743218582912328
0.7739748365301985,0.7719714586074038,0.7526664307807764,0.8507406921092626,0.7526918788562471,0.7608816680937303,0.7517254923002663,0.8234560641991656,0.7618444204406749,0.8283164665533693,0.761481221218286,0.8274751464098291,0.760095606700768,1.0,0.8469220925096659,0.7534466908445578,0.7309992503856588,0.7592724989333377,0.7321767093393152,0.7546371801398256,0.7465125403169453,0.7519321733861914,0.7666163831662404,0.7272394102111207,0.7376248867316921,0.7345689911087407,0.75970263186466,0.8367442052411438,0.7726537543630527,0.7651956776210944,0.8201036725213372,0.7504233931185603,0.06548230494529927,0.7574258374798293,0.7485956410702808,0.7824065368057849,0.7483079145300071,0.7548831846147125,0.6454067549866592,0.759865246597719,0.8290673672849276,0.7629189798610396,0.760870867849373,0.8357822105271575,0.8277100394896266,0.7634357770202267,0.7646391135145691,0.7647408400771569,0.818578371873047,0.7717010309852474
0.7631841697115306,0.76325905571696,0.7491700939691295,0.8502696353241376,0.7539329963751197,0.7522282228758427,0.7452408987757351,0.8121091906446378,0.7590901962186316,0.8201337155337673,0.7556143090999942,0.8413662154942055,0.763330271596598,0.8469220925096659,1.0,0.7533233612032391,0.7248536400740382,0.7513919855050339,0.7240716770729463,0.7478818624105577,0.7409614294818774,0.7434622717737878,0.7617958026063019,0.7307194941406125,0.7331985647780894,0.732836064028562,0.7501401320465436,0.8185876441077676,0.760375937526369,0.7593583121701153,0.8152369883460505,0.7508159044460386,0.062394750323524706,0.7524734262341664,0.7416003854531139,0.7787755410990336,0.7431845385431625,0.7459686432974386,0.6418594820243506,0.7540568681014642,0.8251025393351922,0.7561741445526166,0.7534746777939993,0.8198099090243157,0.8105737374031796,0.7578658333804881,0.7630426383798311,0.7632008423312873,0.8121932738623505,0.76691773514023
0.7865761695930163,0.7900995533900153,0.7627203968350695,0.7556479407526757,0.7758920192772002,0.7773128061967283,0.897348257151588,0.7643551162771292,0.7812736158773163,0.7713501282199576,0.7818540363962111,0.7597786775456232,0.7914300257165581,0.7534466908445578,0.7533233612032391,1.0,0.759998987601051,0.7937853706395395,0.7709451385449354,0.9015610628829335,0.7920072432433856,0.786784817088507,0.8020402880524388,0.766071002343388,0.7725339152566011,0.7704538167705448,0.7852715790678821,0.7648203177252599,0.778841127594163,0.7831685614895452,0.763184668121756,0.7761146798685117,0.057604345424018155,0.78961625962659,0.7797096085293058,0.752675339951452,0.8887268923918847,0.7788549706581662,0.6135378512759266,0.7907683525918894,0.7529488396392401,0.7785583611511933,0.7913921094207433,0.7705607755434146,0.7658408046436954,0.7708642081315524,0.7872786972561399,0.7864103047253517,0.7585842199411643,0.7777535117782998
0.7444412532866835,0.7873442014563616,0.7323830045268378,0.7348628697793249,0.7814491338881765,0.7900819282407212,0.7599156342006352,0.7397183760603983,0.7359724084432222,0.7410536595774533,0.7637259856716265,0.7286379238343998,0.7644494281957368,0.7309992503856588,0.7248536400740382,0.759998987601051,1.0,0.7689945805996236,0.744903130417149,0.7603106844903577,0.7645390376402168,0.7678503976191853,0.7760689553548744,0.8132341249751354,0.8064258861187181,0.7945126598153962,0.7705282546055676,0.7369989931705223,0.7471836494534462,0.7328104720231103,0.7363575775559573,0.8012014976260311,0.05666770058024828,0.7778197814037625,0.7821521342589184,0.7234251610012644,0.7569123455934557,0.7700748773151967,0.6028895161001715,0.7713600705857937,0.7264640203951476,0.7837585111264935,0.7687878521845055,0.7448414802753314,0.7454748553859181,0.7359273260213367,0.7902513959658055,0.7909963032550849,0.7390615939465973,0.7428632416400206
0.7807038159920608,0.8097830725569944,0.7599443807661055,0.7610130104223394,0.7867160827787225,0.8024965589426931,0.8042709637540728,0.7714588716120442,0.7640321149109915,0.7654595587347762,0.8187753493252518,0.7552536256923464,0.8280361579281474,0.7592724989333377,0.7513919855050339,0.7937853706395395,0.7689945805996236,1.0,0.8160150176375222,0.8052712921994627,0.8369949126988115,0.8377856391317141,0.8439581821731336,0.7753882043135135,0.7738939362170569,0.7777138802780023,0.8274113389730408,0.7715840591944861,0.7727328056666157,0.7713733796153941,0.7536526538321964,0.8088469206370548,0.05984003025570617,0.8279034881212531,0.7953813333655622,0.7549752751157012,0.7942396143680108,0.8146766715391576,0.6217668556338203,0.8304089509571189,0.7494257890099825,0.807945501412696,0.8303081456062977,0.7731610394777207,0.7700682665894516,0.7584840343993787,0.8062320860531266,0.8049751937054903,0.7631584440922078,0.7755834683448223
0.7512390547202408,0.7720267010131371,0.731530063513665,0.7335654717420681,0.7640866239721918,0.7711749885219353,0.7757015713555155,0.7418473678250022,0.7351483829506251,0.7386876815043156,0.7887384213490012,0.7306785825494415,0.8129874013008588,0.7321767093393152,0.7240716770729463,0.7709451385449354,0.744903130417149,0.8160150176375222,1.0,0.7706887115942194,0.8030506016884849,0.8230739665857628,0.8096870942336329,0.7453859816550694,0.7526756393560522,0.7482596928673343,0.7961460381985728,0.7423425658664607,0.7466612887586366,0.7413451296759761,0.731478407427152,0.7908533685893315,0.06674079463306926,0.7955893317837921,0.769633465134274,0.7251049808852745,0.759861196226936,0.7794154003203347,0.5996535806174694,0.8004905594055023,0.7262250820099871,0.7751893950886914,0.7961642661912661,0.7442260096613815,0.7425350107115616,0.7394300218761005,0.773899270481156,0.7738702001743373,0.7339388512437441,0.7488924050128619
0.7867377623369131,0.7890913345710729,0.7636804909966599,0.7540929140851477,0.7665246175859767,0.7786833174872236,0.9429587583076305,0.7651355762252802,0.7770918787115227,0.7688585585646006,0.7798788301762789,0.7599720426596543,0.7854088770605158,0.7546371801398256,0.7478818624105577,0.9015610628829335,0.7603106844903577,0.8052712921994627,0.7706887115942194,1.0,0.8014739496880225,0.7876381825969588,0.8071814698877977,0.7620603340702177,0.765342632322935,0.7616685807238096,0.7897722662918167,0.769064997254307,0.7796317581021426,0.7779406377495965,0.7587723539695758,0.775560611286227,0.06031533358299512,0.7909071805958878,0.7786028247622004,0.7538778492417147,0.9232275678326557,0.7789200914437464,0.6183317331474207,0.7927749863200306,0.750888031920823,0.785554165669889,0.7943433271867314,0.7727844490238687,0.7683790139173716,0.7733070115302394,0.7859410514793548,0.7855633015971828,0.7603623619547382,0.7798444259165863
0.7683022063858219,0.7940366191664572,0.7639801663140725,0.7496983262201105,0.781091040358318,0.78086444729343,0.8027992290673505,0.7574057201241328,0.7586657464317902,0.7574825665302989,0.8037552180780592,0.7463803235306077,0.8229323528266521,0.7465125403169453,0.7409614294818774,0.7920072432433856,0.7645390376402168,0.8369949126988115,0.8030506016884849,0.8014739496880225,1.0,0.8271573530666174,0.843713601156533,0.7692391637465469,0.7683869366045426,0.7760219869572166,0.823689404875537,0.7626633676291069,0.7634291755803531,0.7666265770227967,0.7463124375345831,0.8034089325041793,0.05170016084944884,0.8258468710219025,0.7886022732628883,0.7488396081356135,0.7858922468580154,0.8068932438578672,0.6149592141356606,0.8332212680671277,0.7440631555857344,0.787580393721863,0.8263177441771532,0.7636680799487319,0.7642465913097434,0.7642273687124985,0.8034843191015437,0.8027508868615012,0.7568418036652216,0.7718961577083717
0.7701135720176845,0.7950444633216253,0.7553298706765238,0.7562190095776542,0.7829540481868025,0.7862470004688698,0.7907341233009685,0.7606264606187921,0.7561089852090985,0.7586598385425845,0.8180545612013312,0.7511661795625529,0.8426713119353841,0.7519321733861914,0.7434622717737878,0.786784817088507,0.7678503976191853,0.8377856391317141,0.8230739665857628,0.7876381825969588,0.8271573530666174,1.0,0.8798540908727932,0.7648420117010277,0.7695079428442346,0.7702560757967096,0.8263185844653057,0.7647860800872133,0.7689913834317081,0.7658026308935063,0.7507803106956938,0.807146139732939,0.06053052722426111,0.8621826941561561,0.7882562344732251,0.7427465361020987,0.7774719313812372,0.8120900177739988,0.6118083952968185,0.835293045403392,0.7418835250652649,0.7965505210792212,0.831325234011423,0.7673413334926663,0.7640613630134206,0.7547637732652495,0.795694318950616,0.7948172649903408,0.7597778686752058,0.7728181982007398
0.7883451030242616,0.8066546060889612,0.7687113577874748,0.7711187808924023,0.7942314940471829,0.7990074588409196,0.8105730701453567,0.7743013698191252,0.7699036791368968,0.7680510718293603,0.8196108648910432,0.7631259051899176,0.8428920008170743,0.7666163831662404,0.7617958026063019,0.8020402880524388,0.7760689553548744,0.8439581821731336,0.8096870942336329,0.8071814698877977,0.843713601156533,0.8798540908727932,1.0,0.7720623589082366,0.7784875606218058,0.7750259381819935,0.8373308946286604,0.7775193338073859,0.775938078055139,0.7758735112066784,0.7646149587920216,0.820790927287103,0.05481392838145105,0.8691934161634842,0.7965461484424515,0.7555323653233021,0.7988603334714335,0.8206988916229964,0.6197863365883088,0.8401099114771525,0.7609551749409528,0.8045553537773709,0.8351386504986422,0.7793161429598685,0.7762052562451924,0.7655966330351803,0.808949910621801,0.8083378939455365,0.768023783264739,0.7821811762736173
0.7474226061760327,0.8030579523527821,0.7325117363584974,0.7367914911559383,0.7940563191320313,0.7997916773396729,0.762330131000533,0.7453655838642039,0.7515703070666198,0.7471449733360532,0.7767205986620115,0.7324524213574226,0.7800267890526762,0.7272394102111207,0.7307194941406125,0.766071002343388,0.8132341249751354,0.7753882043135135,0.7453859816550694,0.7620603340702177,0.7692391637465469,0.7648420117010277,0.7720623589082366,1.0,0.8161902922501716,0.7986594779945814,0.7806603941725808,0.7388763332534478,0.7506486146011808,0.7425589513018023,0.7395915773276821,0.7892449131668485,0.06017242771619791,0.7717495484883401,0.8068296245374839,0.7233300698267751,0.7560819208827771,0.769608321342333,0.5986258307847147,0.7781371408064723,0.7292451661875848,0.7799511176450724,0.7743235818341019,0.7454723926922275,0.7466715610947201,0.7333878320292134,0.7812479486457629,0.7806783779284856,0.73528410778954,0.7434895688308525
0.750381945619369,0.8151034648094719,0.7335192310561836,0.7487917135159174,0.7845652772558785,0.8181744241229904,0.7672227762166963,0.7479742320786025,0.7516504352126762,0.7465313026181815,0.7762089990137854,0.7387402006333788,0.7763748752212114,0.7376248867316921,0.7331985647780894,0.7725339152566011,0.8064258861187181,0.7738939362170569,0.7526756393560522,0.765342632322935,0.7683869366045426,0.7695079428442346,0.7784875606218058,0.8161902922501716,1.0,0.8094819592138713,0.7731263801729826,0.7428924114122069,0.7474730156820701,0.7447559038421765,0.7487891784119595,0.7956847488488322,0.06130739458960943,0.7764498644326054,0.8126616479823612,0.728299817226983,0.7596127635638106,0.7761480915592998,0.6074746667156772,0.7797743555492825,0.7365257796146524,0.789128973987969,0.7799318475427247,0.7544779702191758,0.7520819601223919,0.7455193808080931,0.795582913154081,0.7959692586442169,0.7478437916399958,0.7471058134393265
0.7468771216567389,0.7970998019862152,0.730833321669935,0.7392924011211528,0.7761354748243057,0.7845753670928659,0.7615498243098859,0.7402406098179286,0.743952394377202,0.7425126545764695,0.781850967709114,0.7329611626315011,0.7799758885401576,0.7345689911087407,0.732836064028562,0.7704538167705448,0.7945126598153962,0.7777138802780023,0.7482596928673343,0.7616685807238096,0.7760219869572166,0.7702560757967096,0.7750259381819935,0.7986594779945814,0.8094819592138713,1.0,0.7714031527496059,0.7395373820574984,0.7411904334271768,0.7434521314890671,0.7372599010080862,0.7751483413080419,0.06328042403076828,0.7724802341702739,0.7886994083772401,0.7284321162929729,0.7552390299089495,0.7714375908198108,0.605321812278181,0.7897810575240898,0.729259369676884,0.7783982994850304,0.7769890701128941,0.7501477162610264,0.7457728130987046,0.7351169065426978,0.7867352166011323,0.7867777096535453,0.7463931836905457,0.7458515691325571
0.7785562314568263,0.8045130024618605,0.7644874162406465,0.7600068224172603,0.7946379899893794,0.7919556544693338,0.7875997057967311,0.764291434055591,0.7696978168944009,0.7632268182029898,0.8295725203228216,0.7535398904817977,0.8406843291090588,0.75970263186466,0.7501401320465436,0.7852715790678821,0.7705282546055676,0.8274113389730408,0.7961460381985728,0.7897722662918167,0.823689404875537,0.8263185844653057,0.8373308946286604,0.7806603941725808,0.7731263801729826,0.7714031527496059,1.0,0.765958679650319,0.7727060369899332,0.7719212272981169,0.7608964859779208,0.8121535872171035,0.05564546202647702,0.8273518451054205,0.7897506381470778,0.7476104922782693,0.7786042979124581,0.8393275613534916,0.6134001153758415,0.8429931657041385,0.7545781153319542,0.8066983928328435,0.8584703943883095,0.7699431112021247,0.7667417231753278,0.7668267521091727,0.8037244217805117,0.8030966817252817,0.7643164995881583,0.7739838139398342
0.7819959962115128,0.7776771914270859,0.7579071420964799,0.8388706268892355,0.7540802032932166,0.7674456907232645,0.768169221169664,0.8823322504460174,0.7629125220664625,0.8378345308205751,0.7700526738531461,0.8196846528750789,0.7684571331083703,0.8367442052411438,0.8185876441077676,0.7648203177252599,0.7369989931705223,0.7715840591944861,0.7423425658664607,0.769064997254307,0.7626633676291069,0.7647860800872133,0.7775193338073859,0.7388763332534478,0.7428924114122069,0.7395373820574984,0.765958679650319,1.0,0.7761347700486515,0.76447886122637,0.8213513252813673,0.76320828080736,0.056601255737169676,0.7710162873015214,0.7554687502122671,0.7843138747300261,0.7593775999120889,0.76319394554997,0.6491938812141653,0.7727386886709201,0.8203017141148962,0.7685570101582575,0.7686126115585852,0.9190989910723835,0.9037686246629363,0.7639643210924865,0.7709543134896146,0.7707949497559214,0.8190048522696058,0.7704117940766362
0.7892276454522275,0.7779261324774916,0.7702759428269832,0.7672413699488989,0.7574886371109484,0.773146216579545,0.7769439576943094,0.7775065296963448,0.7806640099974249,0.7804776800337143,0.775845599236272,0.7821366576738177,0.7746085213366392,0.7726537543630527,0.760375937526369,0.778841127594163,0.7471836494534462,0.7727328056666157,0.7466612887586366,0.7796317581021426,0.7634291755803531,0.7689913834317081,0.775938078055139,0.7506486146011808,0.7474730156820701,0.7411904334271768,0.7727060369899332,0.7761347700486515,1.0,0.7747702966613234,0.7725893397395867,0.7684266784469053,0.04847445029082853,0.7747903716531319,0.7623181897832448,0.7617411803704102,0.7656186876321858,0.7753054449963731,0.6230981135045358,0.7800948223484495,0.761069430203183,0.7781431989876708,0.7790129476966792,0.779572586610791,0.7723555351849464,0.7897505333751604,0.7705147160747173,0.7708302709912866,0.7737726240256722,0.855200500260547
0.7992820514752694,0.7803636988617653,0.7742945872290588,0.7625204085227538,0.7620638365280197,0.7604539620261345,0.7740422778253062,0.7645766422788062,0.8077239892991299,0.7742497903247804,0.7761527922413058,0.7629727785709598,0.7792185851555399,0.7651956776210944,0.7593583121701153,0.7831685614895452,0.7328104720231103,0.7713733796153941,0.7413451296759761,0.7779406377495965,0.7666265770227967,0.7658026308935063,0.7758735112066784,0.7425589513018023,0.7447559038421765,0.7434521314890671,0.7719212272981169,0.76447886122637,0.7747702966613234,1.0,0.7605620095314902,0.7623100398373306,0.05586024598780215,0.7671057515860532,0.7638107119652083,0.7510542145989741,0.768299958027474,0.7740705162215777,0.6147051395022076,0.7852278767609202,0.7590267638763388,0.769717363446014,0.7833454210616344,0.7686306571292588,0.7622093865366429,0.771902501713101,0.7757589351867045,0.7752614447151966,0.7659828855024412,0.778611858669832
0.7644270371608741,0.765928988056797,0.7553972170726183,0.8203011931631692,0.7669467368318126,0.7581759919243051,0.7570107472490784,0.8159314810850538,0.7652895613285751,0.832639080435726,0.7636118926623245,0.8056668805492165,0.7590959925028963,0.8201036725213372,0.8152369883460505,0.763184668121756,0.7363575775559573,0.7536526538321964,0.731478407427152,0.7587723539695758,0.7463124375345831,0.7507803106956938,0.7646149587920216,0.7395915773276821,0.7487891784119595,0.7372599010080862,0.7608964859779208,0.8213513252813673,0.7725893397395867,0.7605620095314902,1.0,0.759932906339629,0.0582614938225412,0.7615783948206051,0.7480900172173143,0.7832293511565954,0.7527368611917178,0.7547509943186533,0.6321418863416115,0.7614493376524605,0.8544323525024636,0.7634523737039844,0.7604172279189436,0.8255101133869277,0.8172272810318347,0.7623736837677677,0.76670742135603,0.7660233187712008,0.8044470336854396,0.7645676871061726
0.769135248428878,0.7944057460739229,0.7530371294290286,0.7634513392510891,0.8029114372807044,0.7969505458445634,0.7762579168352832,0.7655874222758074,0.7619897707137875,0.7574932567878481,0.796451886877509,0.7524439509278856,0.8207509888702254,0.7504233931185603,0.7508159044460386,0.7761146798685117,0.8012014976260311,0.8088469206370548,0.7908533685893315,0.775560611286227,0.8034089325041793,0.807146139732939,0.820790927287103,0.7892449131668485,0.7956847488488322,0.7751483413080419,0.8121535872171035,0.76320828080736,0.7684266784469053,0.7623100398373306,0.759932906339629,1.0,0.05763404382908344,0.812882723328754,0.7794349976053048,0.73894551869062,0.7703785273514525,0.8148750347577408,0.6175425770072775,0.8127240735705812,0.7498534945558717,0.7974530649096294,0.818376075896956,0.7702945025913104,0.768530156216396,0.756163183222145,0.7960287439158449,0.7966913851742297,0.7570178909361991,0.7598587631059395
0.055059002331729445,0.054267454531789716,0.05540912484856986,0.061937094677973925,0.053785009524244254,0.05734861048785256,0.058032642687753544,0.056471118823651634,0.0511262787571134,0.05637403924901252,0.05375435144950891,0.0579068188991001,0.06198454424042077,0.06548230494529927,0.062394750323524706,0.057604345424018155,0.05666770058024828,0.05984003025570617,0.06674079463306926,0.06031533358299512,0.05170016084944884,0.06053052722426111,0.05481392838145105,0.06017242771619791,0.06130739458960943,0.06328042403076828,0.05564546202647702,0.056601255737169676,0.04847445029082853,0.05586024598780215,0.0582614938225412,0.05763404382908344,1.0,0.059859735646153656,0.0538890150077761,0.05484780210105933,0.059537090972688445,0.051541260033161396,0.054089969729711584,0.0516870462184299,0.05895299124845099,0.054996832161205655,0.052541792015427524,0.05931192635080629,0.06225729081311182,0.051901304964083184,0.055134116587461035,0.056130805610759005,0.05305068698101356,0.049875901954665514
0.7782422081585447,0.8023463361565035,0.7631902121202669,0.7599304661666346,0.7904337261958423,0.7961712220029735,0.7935872950039207,0.7697912278368806,0.766557048070349,0.7654802629434887,0.8099210539260511,0.7619456992916224,0.8336130287169332,0.7574258374798293,0.7524734262341664,0.78961625962659,0.7778197814037625,0.8279034881212531,0.7955893317837921,0.7909071805958878,0.8258468710219025,0.8621826941561561,0.8691934161634842,0.7717495484883401,0.7764498644326054,0.7724802341702739,0.8273518451054205,0.7710162873015214,0.7747903716531319,0.7671057515860532,0.7615783948206051,0.812882723328754,0.059859735646153656,1.0,0.7920588870427241,0.7582894714665974,0.7793120461964234,0.8229437751543098,0.624713097341246,0.8365973589166272,0.753930525991116,0.8047250286579426,0.8340594268061218,0.7740760227179891,0.7728951847235466,0.7652592518445954,0.8060621022802811,0.8055819116261472,0.7695062705400875,0.7755303730023881
0.7686531614792868,0.8322222637906309,0.749210489908212,0.748136270694854,0.7730089476890819,0.8219531016931578,0.7799656114226503,0.7525709169404323,0.7654873194205057,0.7585338899676948,0.7940426938277465,0.749697143733458,0.7963313123875918,0.7485956410702808,0.7416003854531139,0.7797096085293058,0.7821521342589184,0.7953813333655622,0.769633465134274,0.7786028247622004,0.7886022732628883,0.7882562344732251,0.7965461484424515,0.8068296245374839,0.8126616479823612,0.7886994083772401,0.7897506381470778,0.7554687502122671,0.7623181897832448,0.7638107119652083,0.7480900172173143,0.7794349976053048,0.0538890150077761,0.7920588870427241,1.0,0.7404294586054906,0.7665702163169562,0.7871065291245527,0.6111912113098621,0.8073072743353843,0.7410543373459679,0.8003878311904224,0.801250879773723,0.7569770145270212,0.7571575517349082,0.7475279179118672,0.8035944645000603,0.8025264000324246,0.7563585561459059,0.7600417443856406
0.7583603281142062,0.7548697582219515,0.7455374140460598,0.7778752079641857,0.7340765026287394,0.7446673475430582,0.7545101707838938,0.7814741815788798,0.7566538153708822,0.7913215591445139,0.7534885818966731,0.779824270167151,0.7484586927380075,0.7824065368057849,0.7787755410990336,0.752675339951452,0.7234251610012644,0.7549752751157012,0.7251049808852745,0.7538778492417147,0.7488396081356135,0.7427465361020987,0.7555323653233021,0.7233300698267751,0.728299817226983,0.7284321162929729,0.7476104922782693,0.7843138747300261,0.7617411803704102,0.7510542145989741,0.7832293511565954,0.73894551869062,0.05484780210105933,0.7582894714665974,0.7404294586054906,1.0,0.7426304908271614,0.7450765205270293,0.6423764003701865,0.7561799815927268,0.7793903100529637,0.7525674289500484,0.7528776976380113,0.7871991673588108,0.786346267143764,0.752572720667355,0.7541222211491945,0.7542432995037196,0.7934067975368966,0.764148329050555
0.7768120072975089,0.7786804824115751,0.7535202506994771,0.7472750722657968,0.7650979775202086,0.7734458264806398,0.9164541813249261,0.756777243035065,0.7681869630351977,0.7604884442777513,0.7681188154551571,0.752530629663623,0.7789369982022265,0.7483079145300071,0.7431845385431625,0.8887268923918847,0.7569123455934557,0.7942396143680108,0.759861196226936,0.9232275678326557,0.7858922468580154,0.7774719313812372,0.7988603334714335,0.7560819208827771,0.7596127635638106,0.7552390299089495,0.7786042979124581,0.7593775999120889,0.7656186876321858,0.768299958027474,0.7527368611917178,0.7703785273514525,0.059537090972688445,0.7793120461964234,0.7665702163169562,0.7426304908271614,1.0,0.7696293157915778,0.6141832268758589,0.7781833477614446,0.7464739272577869,0.7785683716899421,0.7835373857695049,0.7658152104177505,0.759909213857162,0.7624427777005349,0.776475994586311,0.7758571228324397,0.7502840896785866,0.766154224934485
0.777360676156977,0.8061590356147601,0.7592010864837546,0.7533776039310988,0.802297139682065,0.7908458882879646,0.7747196735555053,0.7642324402656431,0.7667189127887876,0.7614219974555242,0.8141199280609579,0.7550139412001281,0.8285027329310333,0.7548831846147125,0.7459686432974386,0.7788549706581662,0.7700748773151967,0.8146766715391576,0.7794154003203347,0.7789200914437464,0.8068932438578672,0.8120900177739988,0.8206988916229964,0.769608321342333,0.7761480915592998,0.7714375908198108,0.8393275613534916,0.76319394554997,0.7753054449963731,0.7740705162215777,0.7547509943186533,0.8148750347577408,0.051541260033161396,0.8229437751543098,0.7871065291245527,0.7450765205270293,0.7696293157915778,1.0,0.6210423778380023,0.8293812552344938,0.7437710497589254,0.8069928321762122,0.8503553880257914,0.7691849893642327,0.7635385650043619,0.7631945231886208,0.8060383500449145,0.8060130518586417,0.7668787234892434,0.7717648310725961
0.6424415630353963,0.6181567961219836,0.6092589566291222,0.6406824667693012,0.6223055309099716,0.6195766960971403,0.6190613913764698,0.6493611507776973,0.6214839506837939,0.6485640205315649,0.6194267890923457,0.6404553845360916,0.6140361352445001,0.6454067549866592,0.6418594820243506,0.6135378512759266,0.6028895161001715,0.6217668556338203,0.5996535806174694,0.6183317331474207,0.6149592141356606,0.6118083952968185,0.6197863365883088,0.5986258307847147,0.6074746667156772,0.605321812278181,0.6134001153758415,0.6491938812141653,0.6230981135045358,0.6147051395022076,0.6321418863416115,0.6175425770072775,0.054089969729711584,0.624713097341246,0.6111912113098621,0.6423764003701865,0.6141832268758589,0.6210423778380023,1.0,0.6229699175028338,0.6330167745855683,0.6247048712867933,0.6253176099767848,0.6583253840285624,0.6533040557103619,0.6206024956648062,0.621634583482684,0.6217985483759481,0.6494420568988728,0.6231920096635628
