../ecoli_genomes/GCF_000163235.1_ASM16323v1_genomic.fna.gz,../ecoli_genomes/GCF_000164555.1_ASM16455v1_genomic.fna.gz,../ecoli_genomes/GCF_000208545.1_ASM20854v2_genomic.fna.gz,../ecoli_genomes/GCF_000233875.1_ASM23387v1_genomic.fna.gz,../ecoli_genomes/GCF_000249735.1_ASM24973v2_genomic.fna.gz,../ecoli_genomes/GCF_000261145.1_Esch_coli_M919_V2_genomic.fna.gz,../ecoli_genomes/GCF_000267705.2_ASM26770v2_genomic.fna.gz,../ecoli_genomes/GCF_000350665.1_Esch_coli_KTE5_V1_genomic.fna.gz,../ecoli_genomes/GCF_000351625.1_Esch_coli_KTE66_V1_genomic.fna.gz,../ecoli_genomes/GCF_000352285.1_Esch_coli_KTE46_V1_genomic.fna.gz,../ecoli_genomes/GCF_000358895.1_ASM35889v1_genomic.fna.gz,../ecoli_genomes/GCF_000456385.1_Esch_coli_HVH_26_4-5703913_V1_genomic.fna.gz,../ecoli_genomes/GCF_000458195.1_Esch_coli_HVH_147_4-5893887_V1_genomic.fna.gz,../ecoli_genomes/GCF_000459755.1_Esch_coli_KOEGE_58_171a_V1_genomic.fna.gz,../ecoli_genomes/GCF_000460055.1_Esch_coli_UMEA_3053-1_V1_genomic.fna.gz,../ecoli_genomes/GCF_000462165.2_ASM46216v2_genomic.fna.gz,../ecoli_genomes/GCF_000601135.1_ASM60113v1_genomic.fna.gz,../ecoli_genomes/GCF_000614595.1_Ec2010EL1058_genomic.fna.gz,../ecoli_genomes/GCF_000617745.1_Ec2010C-4529_genomic.fna.gz,../ecoli_genomes/GCF_000618265.2_EcF6751_genomic.fna.gz,../ecoli_genomes/GCF_000619005.2_Ec2009C-4052_genomic.fna.gz,../ecoli_genomes/GCF_000619105.1_Ec2009C-4780_genomic.fna.gz,../ecoli_genomes/GCF_000619765.2_Ec2009C-3279_genomic.fna.gz,../ecoli_genomes/GCF_000687005.1_ASM68700v1_genomic.fna.gz,../ecoli_genomes/GCF_000687025.1_ASM68702v1_genomic.fna.gz,../ecoli_genomes/GCF_000700125.1_ASM70012v1_genomic.fna.gz,../ecoli_genomes/GCF_000753315.1_FHI35_genomic.fna.gz,../ecoli_genomes/GCF_000776375.1_ASM77637v1_genomic.fna.gz,../ecoli_genomes/GCF_000779395.1_ASM77939v1_genomic.fna.gz,../ecoli_genomes/GCF_000780315.1_ASM78031v1_genomic.fna.gz,../ecoli_genomes/GCF_000781995.1_ASM78199v1_genomic.fna.gz,../ecoli_genomes/GCF_000986765.1_ASM98676v1_genomic.fna.gz,../ecoli_genomes/GCF_001041375.1_ViralProj287958_genomic.fna.gz,../ecoli_genomes/GCF_001265335.1_302014_genomic.fna.gz,../ecoli_genomes/GCF_001265625.1_100854_genomic.fna.gz,../ecoli_genomes/GCF_001267345.1_303289_genomic.fna.gz,../ecoli_genomes/GCF_001309985.1_ASM130998v1_genomic.fna.gz,../ecoli_genomes/GCF_001521695.1_ASM152169v1_genomic.fna.gz,../ecoli_genomes/GCF_001592595.1_ASM159259v1_genomic.fna.gz,../ecoli_genomes/GCF_001614975.1_ASM161497v1_genomic.fna.gz,../ecoli_genomes/GCF_001692775.1_ASM169277v1_genomic.fna.gz,../ecoli_genomes/GCF_001748915.1_ASM174891v1_genomic.fna.gz,../ecoli_genomes/GCF_001749235.1_ASM174923v1_genomic.fna.gz,../ecoli_genomes/GCF_001881155.1_ASM188115v1_genomic.fna.gz,../ecoli_genomes/GCF_001881345.1_ASM188134v1_genomic.fna.gz,../ecoli_genomes/GCF_001892405.1_ASM189240v1_genomic.fna.gz,../ecoli_genomes/GCF_001892585.1_ASM189258v1_genomic.fna.gz,../ecoli_genomes/GCF_001893985.1_ASM189398v1_genomic.fna.gz,../ecoli_genomes/GCF_002001595.1_ASM200159v1_genomic.fna.gz,../ecoli_genomes/GCF_002002145.1_ASM200214v1_genomic.fna.gz
1.0,0.3803612505642118,0.3114461185239118,0.3339524459518638,0.3447229882679128,0.3571836945773309,0.3563404023071294,0.34510692538519505,0.43434784250739455,0.3442878046092438,0.38344602507020464,0.3550594027373726,0.3682080925401987,0.3273717722188586,0.3166031587809637,0.35782157527995395,0.3391913235388683,0.3626521134150299,0.35506845183370306,0.35961760498300144,0.3518340781544552,0.35194656949228287,0.37148210524451253,0.35313786924386015,0.3470911441185819,0.30692425713996585,0.36118968809844554,0.3337160963914778,0.38883304866374824,0.42532056844076316,0.31047683615111465,0.36484000491155466,0.0,0.36675309028219105,0.3640738688408005,0.3258252712224754,0.34233393826300196,0.3733029801635267,0.2785982699773851,0.3682420235787187,0.31415009738859556,0.364204777243356,0.372162518741909,0.3450377239205319,0.35747900601378424,0.3607908973664018,0.35573276087829253,0.35808901058967546,0.3248733557822949,0.3917536529206599
0.3803612505642118,1.0,0.29167355831148023,0.3297427997275514,0.41997483149350645,0.5439570472879236,0.39022610072648145,0.3360290994844739,0.3529069093283962,0.33911215047640353,0.4763817386527297,0.34615815766025915,0.4662717071873316,0.32439534489245925,0.3123492615071254,0.3960326245826825,0.44344425418984124,0.46577035281413004,0.44546792513374234,0.3958126616828348,0.4438061000275608,0.4461478378319397,0.46498737107579646,0.5002118457883058,0.49843558587453385,0.3908599646807497,0.4613203469041218,0.3348252670668582,0.3633599550593992,0.3610079575615275,0.3115921270145412,0.4399662683466078,0.0,0.44918630871139165,0.5722302285874146,0.32348185663106255,0.3738009209019064,0.4722268216292844,0.26424983078517117,0.46900020043535406,0.31337859719443917,0.5053326910515556,0.47177748844931877,0.3448336748184332,0.34473162334524754,0.33509777429087806,0.51585530667576,0.5159108809784129,0.33778555369632157,0.3546611795352721
0.3114461185239118,0.29167355831148023,1.0,0.2554198976353218,0.2540798427735548,0.2623620879670503,0.2682075909842385,0.26292166580931653,0.29928626615544096,0.26302480386333893,0.2979874041432391,0.26381546038228276,0.2854853583577476,0.2628680935777994,0.25018554694166895,0.26998165850528155,0.24275097599389162,0.28372159388220364,0.2664636115222607,0.2728745569844575,0.2759564790323805,0.273558337818425,0.28327285782196077,0.24420820803662024,0.24084894512247446,0.21020320055810593,0.2839902222087066,0.26647956009997564,0.2997926369441427,0.3055851736839619,0.24945333162218009,0.2673633572230054,0.0,0.27536640853666716,0.2734277249262803,0.2684061171363271,0.25826269280774594,0.279579660397141,0.21348988017415216,0.28973986785171424,0.25181876229566214,0.2819772820464682,0.2924380594483206,0.26823457081358104,0.26158442867913967,0.2796867617390988,0.2859591195257629,0.2847206067047423,0.27086096097722145,0.304853881540205
0.3339524459518638,0.3297427997275514,0.2554198976353218,1.0,0.34236320100284623,0.3131691036271732,0.30276052179216073,0.536037109972308,0.3382542689032667,0.56038643291779,0.32204938664255633,0.5565554004635163,0.3383977306513165,0.5810593498282559,0.6013882169719484,0.3233155013692045,0.3018777263372653,0.3170063676359661,0.3060092129213039,0.3043468426881236,0.30317562792879704,0.3010970448408198,0.32610993527044163,0.30229675205730744,0.3024208856620142,0.25997627777020416,0.31242608287696205,0.5493493544623036,0.3482731583812211,0.33162077070428364,0.5372464002280096,0.34674060234582105,0.0,0.30930652058109775,0.3141405649714193,0.4512779049334358,0.2995732815161084,0.31334246295296464,0.3963991318893697,0.30850956021298126,0.5657997403671129,0.3102042529450132,0.31631322278327145,0.5508377713001544,0.5345401010792009,0.3391973766138531,0.31120765943364415,0.31331483045260244,0.4944236311271277,0.35478023683186977
0.3447229882679128,0.41997483149350645,0.2540798427735548,0.34236320100284623,1.0,0.42904637168518855,0.351102551217205,0.3308449534811565,0.35412208492822206,0.3419683343984343,0.5145243717447086,0.3300980495211191,0.5090372279216198,0.3174372983958452,0.33719644543222915,0.3923143100404888,0.4428430744972749,0.4333562089525764,0.42601740126010046,0.3561796614935203,0.43946479442314035,0.4218131564185865,0.4434644511310236,0.4385959687064147,0.41675121260749826,0.3961439094332031,0.44644893528964047,0.3008916530809095,0.32483393157947005,0.35115602796513135,0.3113177409502499,0.5011238427433866,0.0,0.44264553980380084,0.4222598290298679,0.2938328919899432,0.3538692659477518,0.47887698626745245,0.27314029608571766,0.4617140290853461,0.33774189133224986,0.430157891362851,0.46929610685424117,0.3116244267375152,0.31639537885451097,0.3049416904062,0.4361651204100023,0.4367006466827146,0.29935927198380086,0.3226031654825726
0.3571836945773309,0.5439570472879236,0.2623620879670503,0.3131691036271732,0.42904637168518855,1.0,0.38688599586042094,0.3310159714099511,0.34198645515610426,0.31359587208661355,0.4461622862422169,0.31565809394406574,0.44711372175391595,0.3061086800661691,0.29909773121492744,0.3927996687784817,0.4523571790997627,0.4472135805759373,0.43758128572663735,0.3876846120793609,0.42070889594720207,0.44819024982321976,0.44511295717638766,0.49939173587275854,0.4957822326302943,0.39603203802173226,0.42850909145216765,0.3090552969513044,0.3399514928770092,0.3354284099739995,0.292634456456209,0.43901703583428187,0.0,0.4507373589443606,0.5452614833628842,0.3170480805143092,0.37327219306030146,0.44697484912663166,0.27381036135165304,0.43789364181023105,0.29995125754422525,0.49787067640200755,0.45030177135483507,0.32139076379256626,0.32399488652190733,0.31405824686363015,0.49110298457244117,0.4944640409072917,0.3108463562120777,0.34031566766969634
0.3563404023071294,0.39022610072648145,0.2682075909842385,0.30276052179216073,0.351102551217205,0.38688599586042094,1.0,0.30755762051586033,0.3452522078576171,0.3040142939653734,0.40292657827666156,0.30205011789990033,0.39453607606410823,0.2985930761303287,0.286674649380681,0.7478831019476884,0.3405077660242871,0.43486683973664675,0.42103007799166436,0.8572652710304853,0.4214785589712764,0.41014679757004957,0.4361923274748166,0.358821445727889,0.34788532625223056,0.30106315280891827,0.4015151616016077,0.2985119302790933,0.33181770113177744,0.34109084989834626,0.283721957455887,0.3747278019971402,0.0,0.40080653847379644,0.40426102707150435,0.3266625172115767,0.7819685278701904,0.3797958815129151,0.26759071429445935,0.39617141005017353,0.284968939558216,0.3978979401505026,0.4028959348540154,0.30829529062698746,0.3068548625615106,0.31260414731497344,0.3797649684380233,0.37946500927010696,0.2986276512768987,0.3390603334386525
0.34510692538519505,0.3360290994844739,0.26292166580931653,0.536037109972308,0.3308449534811565,0.3310159714099511,0.30755762051586033,1.0,0.33319576665495454,0.5431743180011437,0.3246410155415871,0.5300309076266556,0.3380184570623369,0.5228372748661281,0.5119958765697925,0.3200716124316322,0.309496605608919,0.3220951718227959,0.31154222539967225,0.3087605493808634,0.3078005904746379,0.30747050432190703,0.3263240133287765,0.3225775997515711,0.30369436067669375,0.27597148311526676,0.3157920413614146,0.6929166157917064,0.36461009301111647,0.33140879537917367,0.5041411317764422,0.336684779618766,0.0,0.3221726955715124,0.32000467412608213,0.4512954726964644,0.2976912706492404,0.3379836469605795,0.4019567472303772,0.3228531642898075,0.5211781683131325,0.32473810471349174,0.32520261366933734,0.7053053136913574,0.6781864482676971,0.33607139701400257,0.315312177915131,0.31751451685613996,0.4855605156850089,0.35342755472844767
0.43434784250739455,0.3529069093283962,0.29928626615544096,0.3382542689032667,0.35412208492822206,0.34198645515610426,0.3452522078576171,0.33319576665495454,1.0,0.3467168296134142,0.37753210575370255,0.3299509526034048,0.3830145789301127,0.33131096254935277,0.3310059075687938,0.3637640742767084,0.31151342620760314,0.35804790812419984,0.3420148293029669,0.35178321078050656,0.3458274744918247,0.3438879127549196,0.3568112035442551,0.3223354498511455,0.30688748729082693,0.2736662809692846,0.36476564784300025,0.3233386913749664,0.38197895062709786,0.46067677107285687,0.31880456840682714,0.3485112542797667,0.0,0.3483869378292731,0.3476190314753622,0.334217568009306,0.3412213522230806,0.35476316659568086,0.2665933938484082,0.36618373765854495,0.32535552579002236,0.35911015702781135,0.37036073167693284,0.32733612274152735,0.32076601534717364,0.3547927251846017,0.354099517458103,0.3532868592613717,0.32304580986123577,0.3913655483156556
0.3442878046092438,0.33911215047640353,0.26302480386333893,0.56038643291779,0.3419683343984343,0.31359587208661355,0.3040142939653734,0.5431743180011437,0.3467168296134142,1.0,0.33638681526165626,0.5274784856954318,0.3498796081787957,0.5427400111324036,0.5410662869644403,0.32390771217919634,0.2870364598516967,0.3212783534100455,0.3036751198850136,0.30723073392414313,0.3028856935551454,0.3028018737716779,0.31526544516935373,0.29827804097268806,0.2901657180014918,0.25696812835798377,0.3166265372379745,0.5422410052121233,0.35828880403411933,0.3403663045083969,0.5526261416272771,0.32791218200990824,0.0,0.3094671981786714,0.31365282375810855,0.4627660382545169,0.30025292602238807,0.3178592243214847,0.40716203320161837,0.31896014252884153,0.5762429342368451,0.31935421957522336,0.32100496857679484,0.5379254191714335,0.5371496283825843,0.33527710135048927,0.3153176870560219,0.31446449317882685,0.5101668283096201,0.35043638806187916
0.38344602507020464,0.4763817386527297,0.2979874041432391,0.32204938664255633,0.5145243717447086,0.4461622862422169,0.40292657827666156,0.3246410155415871,0.37753210575370255,0.33638681526165626,1.0,0.3250116836558854,0.569930639134331,0.3258163902631379,0.31303555813264705,0.4085052200635376,0.39973272734266774,0.5304180495163962,0.5077923154937333,0.4116564329749869,0.5220628288919116,0.5214112735723447,0.5320601290944363,0.42225122067049636,0.3962281084391488,0.3635396621281294,0.5410208106390644,0.3279321380712584,0.3607850489310169,0.3811527811369252,0.31436176674879057,0.48321933601343636,0.0,0.5145439231024176,0.467763597793316,0.33834282261621984,0.3892175557501649,0.5188503102413714,0.2809646118889958,0.5648819530632105,0.31592653566737494,0.49295316969104197,0.5507559358217039,0.3305176010096429,0.32810960129784095,0.33833815146999746,0.4811505893853254,0.4794344170843221,0.3337606738042235,0.3665644746180273
0.3550594027373726,0.34615815766025915,0.26381546038228276,0.5565554004635163,0.3300980495211191,0.31565809394406574,0.30205011789990033,0.5300309076266556,0.3299509526034048,0.5274784856954318,0.3250116836558854,1.0,0.3370974912816954,0.5350512016668569,0.6164851068914952,0.3164337254406807,0.3128957382755486,0.3165268391611952,0.30608219073152676,0.30348091868887606,0.31263190868968127,0.31014678297735176,0.3261984953864443,0.3173977993324498,0.30713429326721897,0.2776655706063441,0.3148257154608062,0.5249682349575167,0.35931923322349735,0.33738843069179736,0.490923883263353,0.3375473765506013,0.0,0.32008362690585446,0.3222512261712518,0.44469706479749493,0.29435125956026487,0.326586482291935,0.393948985455978,0.3192527378455595,0.5154756308560405,0.3141730497009263,0.327098318349086,0.53526928009345,0.5329122317420822,0.34116559528747636,0.32079722833946567,0.32274338357495735,0.4797371998748965,0.3539159232684753
0.3682080925401987,0.4662717071873316,0.2854853583577476,0.3383977306513165,0.5090372279216198,0.44711372175391595,0.39453607606410823,0.3380184570623369,0.3830145789301127,0.3498796081787957,0.569930639134331,0.3370974912816954,1.0,0.3266231523695863,0.3349668208668285,0.4224329592216428,0.40594632705584766,0.5308748732769077,0.5195857431411242,0.4012696215046697,0.5405778232831864,0.5613456506470329,0.5835719567222877,0.41980656158837293,0.3913571144286465,0.3566436504834899,0.5691365401108202,0.32644716925949113,0.3512211113462165,0.38226032561169754,0.3157589012105171,0.5297584285024977,0.0,0.5625206569436829,0.459248927439762,0.32586021453098335,0.3973646808612131,0.5336882511975729,0.26576864188781557,0.5759747796925727,0.3292300264523599,0.48571472993089193,0.5691987462644832,0.32445077389233645,0.31789040323395146,0.3253166353485677,0.47445376439742204,0.47289227426190483,0.32142341961728205,0.3563353740638827
0.3273717722188586,0.32439534489245925,0.2628680935777994,0.5810593498282559,0.3174372983958452,0.3061086800661691,0.2985930761303287,0.5228372748661281,0.33131096254935277,0.5427400111324036,0.3258163902631379,0.5350512016668569,0.3266231523695863,1.0,0.5749448839844509,0.30705895444032383,0.2783927997506007,0.3184279493020703,0.3025870521066113,0.3026766214792027,0.29732904585829756,0.3025445305738135,0.32045523106131535,0.2810608005386076,0.2763653605444766,0.24328215859719904,0.3145678358369256,0.5494353373008296,0.3605941783165083,0.32356894229805155,0.5352182818210516,0.319424877445606,0.0,0.30941129349639096,0.3116558323292066,0.4531369855073234,0.28955852207871036,0.3167449647638634,0.38671736578423643,0.31363711399547345,0.5518276718626174,0.3108824136889726,0.3201049476688641,0.5482079434062741,0.531796432775624,0.3396413700474802,0.3131034807048233,0.313899405976272,0.4984374898681312,0.3603109541444952
0.3166031587809637,0.3123492615071254,0.25018554694166895,0.6013882169719484,0.33719644543222915,0.29909773121492744,0.286674649380681,0.5119958765697925,0.3310059075687938,0.5410662869644403,0.31303555813264705,0.6164851068914952,0.3349668208668285,0.5749448839844509,1.0,0.3119481544718318,0.2878739168458829,0.3042567516658139,0.28686053022471336,0.2917234299885182,0.2922005976379909,0.2910784175629827,0.3098975689011042,0.285620307659852,0.2812457315709863,0.25201092475859044,0.30310774118762107,0.5160642497082244,0.3409090594847425,0.32587752421721927,0.5329969937722745,0.3312081420887306,0.0,0.2972555337127226,0.2988560953909326,0.4347290654665693,0.2887068631662342,0.30708900432889796,0.38786940109346424,0.3027655698630899,0.5560822516229975,0.30127060033158404,0.3099869498002118,0.5127741254603827,0.4976323364791405,0.3318257284577407,0.30804495269654364,0.3083779105092761,0.4754045256022762,0.3556975328194044
0.35782157527995395,0.3960326245826825,0.26998165850528155,0.3233155013692045,0.3923143100404888,0.3927996687784817,0.7478831019476884,0.3200716124316322,0.3637640742767084,0.32390771217919634,0.4085052200635376,0.3164337254406807,0.4224329592216428,0.30705895444032383,0.3119481544718318,1.0,0.36322153244393507,0.42216424781110473,0.4121025275059149,0.7673853956893535,0.4082690130924457,0.41038618377797875,0.4272207266526479,0.3739955155285094,0.3613714366444206,0.33030585893551057,0.40053609530354806,0.30554834653778307,0.33406640760065054,0.3643101182492813,0.298607941787964,0.393099070781348,0.0,0.3958308757944744,0.40209393094280865,0.32549244934985344,0.7452776177246359,0.3874418233925808,0.26013108122719875,0.3948798702973594,0.30712368846923166,0.4001048825654685,0.40309838838649836,0.3119112284685147,0.31011823068798394,0.31770411397001685,0.38517469388706316,0.3849909033174955,0.3047970193305559,0.341740515214476
0.3391913235388683,0.44344425418984124,0.24275097599389162,0.3018777263372653,0.4428430744972749,0.4523571790997627,0.3405077660242871,0.309496605608919,0.31151342620760314,0.2870364598516967,0.39973272734266774,0.3128957382755486,0.40594632705584766,0.2783927997506007,0.2878739168458829,0.36322153244393507,1.0,0.38441763604557977,0.3819414657259299,0.34281997714290335,0.3808960285175851,0.38583352545084926,0.4017157096021645,0.5880671716340581,0.5409822194101244,0.5345619930770024,0.3879996213436976,0.2784088719758516,0.3087152464978644,0.3115006130901359,0.26939186515596447,0.4841326783513801,0.0,0.415388027305613,0.4668571349146243,0.28295691637128095,0.3357897408799537,0.4029807296961492,0.2369755834183881,0.4001410663485324,0.2756133439401367,0.4283209251310818,0.40508511858758245,0.30777266085932853,0.3201693326664157,0.2907596935539204,0.43424771134214113,0.4449842347689138,0.27346732226997583,0.3077523792174167
0.3626521134150299,0.46577035281413004,0.28372159388220364,0.3170063676359661,0.4333562089525764,0.4472135805759373,0.43486683973664675,0.3220951718227959,0.35804790812419984,0.3212783534100455,0.5304180495163962,0.3165268391611952,0.5308748732769077,0.3184279493020703,0.3042567516658139,0.42216424781110473,0.38441763604557977,1.0,0.5635129445566269,0.4370507286064492,0.5433690539794516,0.5432346922372108,0.5599606326187085,0.4052436657169636,0.3831498647375552,0.3380450312669554,0.5304346569679594,0.31766040750602087,0.353868692592615,0.3582370614911551,0.3011512554988315,0.4788595850115469,0.0,0.5113531758971833,0.4605945785373796,0.3384147358699885,0.4197252371103293,0.4949319440514911,0.2730592794234977,0.5267807989342066,0.30203056600918987,0.4718761758031107,0.5251664202358641,0.3203299444503298,0.3157966439253369,0.3274794935712232,0.46484798498667534,0.46433035277390766,0.3111821417679903,0.35723413165103546
0.35506845183370306,0.44546792513374234,0.2664636115222607,0.3060092129213039,0.42601740126010046,0.43758128572663735,0.42103007799166436,0.31154222539967225,0.3420148293029669,0.3036751198850136,0.5077923154937333,0.30608219073152676,0.5195857431411242,0.3025870521066113,0.28686053022471336,0.4121025275059149,0.3819414657259299,0.5635129445566269,1.0,0.42068821994116123,0.5307239779948763,0.5370297812435099,0.5440032102580493,0.3924256513884702,0.38451347662520097,0.33575355578788557,0.5149794986358065,0.30318751530963306,0.3329752305666308,0.3404432469854789,0.28884496229434264,0.46805039040339247,0.0,0.49815129228556276,0.45661608789575603,0.3225699714539484,0.40279101210795076,0.48739954007619013,0.2605478747583053,0.5172535707043595,0.28589690094327846,0.4580543994216669,0.5177157853865846,0.31452767112104385,0.3092768758163835,0.3157847515292903,0.4447279111423581,0.44497070175082687,0.30296912129923814,0.3378826943794021
0.35961760498300144,0.3958126616828348,0.2728745569844575,0.3043468426881236,0.3561796614935203,0.3876846120793609,0.8572652710304853,0.3087605493808634,0.35178321078050656,0.30723073392414313,0.4116564329749869,0.30348091868887606,0.4012696215046697,0.3026766214792027,0.2917234299885182,0.7673853956893535,0.34281997714290335,0.4370507286064492,0.42068821994116123,1.0,0.42361437274647284,0.4123941576464213,0.43517067696866785,0.3584806036295155,0.350316862049908,0.3049153401708731,0.4060294887459833,0.3028523205834571,0.3364370740628071,0.3473631689599075,0.28816794909890553,0.378438082001764,0.0,0.40105631996044366,0.40504185535646564,0.32750194746803496,0.796655429401675,0.3871988014998108,0.2650226682025749,0.4035202719849529,0.28972907851892427,0.40271970315062877,0.4091365116097858,0.30923553076529453,0.30545068181868185,0.3196292896981353,0.38654065567385665,0.3860991643344165,0.3041742915045078,0.34527181626132486
0.3518340781544552,0.4438061000275608,0.2759564790323805,0.30317562792879704,0.43946479442314035,0.42070889594720207,0.4214785589712764,0.3078005904746379,0.3458274744918247,0.3028856935551454,0.5220628288919116,0.31263190868968127,0.5405778232831864,0.29732904585829756,0.2922005976379909,0.4082690130924457,0.3808960285175851,0.5433690539794516,0.5307239779948763,0.42361437274647284,1.0,0.5344140155726197,0.565638240199021,0.39581041386243365,0.3786542071110989,0.3443607667102312,0.5409558737960551,0.30579412268474215,0.3332296938274901,0.34923342670368474,0.28831771718105637,0.4842305104290434,0.0,0.524265212470777,0.4484399755624533,0.32486368021306555,0.40250526612602355,0.5020760871469705,0.26260474278140633,0.5430571234892916,0.2940792480495129,0.44497702938899353,0.5282680488309524,0.3107614586940155,0.3093793833431546,0.3234948840544538,0.4571147567508618,0.4569280846156949,0.3050486354085479,0.3430079730062632
0.35194656949228287,0.4461478378319397,0.273558337818425,0.3010970448408198,0.4218131564185865,0.44819024982321976,0.41014679757004957,0.30747050432190703,0.3438879127549196,0.3028018737716779,0.5214112735723447,0.31014678297735176,0.5613456506470329,0.3025445305738135,0.2910784175629827,0.41038618377797875,0.38583352545084926,0.5432346922372108,0.5370297812435099,0.4123941576464213,0.5344140155726197,1.0,0.7217158067738592,0.39301477935554807,0.37673797498903205,0.3399636404794577,0.5401126683617972,0.3059307899675051,0.33517418899503826,0.34270989974614374,0.2905531350798721,0.4820895564676517,0.0,0.6334440030400883,0.44447104003698623,0.3192341035929116,0.3926242729617979,0.5058587726340554,0.2598315704926384,0.541962293127298,0.28821268502935693,0.44873121860548937,0.5460363653370355,0.31150482568470184,0.30548492886781864,0.31482828637409166,0.4498717150487417,0.4499569542031835,0.3066583969589042,0.3406725410976127
0.37148210524451253,0.46498737107579646,0.28327285782196077,0.32610993527044163,0.4434644511310236,0.44511295717638766,0.4361923274748166,0.3263240133287765,0.3568112035442551,0.31526544516935373,0.5320601290944363,0.3261984953864443,0.5835719567222877,0.32045523106131535,0.3098975689011042,0.4272207266526479,0.4017157096021645,0.5599606326187085,0.5440032102580493,0.43517067696866785,0.565638240199021,0.7217158067738592,1.0,0.40825483312852806,0.3962194717573836,0.3499830151897283,0.5666125803368415,0.32305481866708374,0.34989912149724733,0.35176350996280936,0.30678037143582404,0.5109233402560596,0.0,0.6522267271649864,0.4585169315421268,0.3344603052640768,0.41693733345185646,0.5252490389167618,0.27817090938090117,0.5537566037517729,0.3056684168641687,0.46365116474878076,0.5574381197031452,0.32661177154071264,0.3233991712469507,0.32596552881906893,0.46097555888464004,0.4615660392806009,0.31745722630244466,0.35447666977826786
0.35313786924386015,0.5002118457883058,0.24420820803662024,0.30229675205730744,0.4385959687064147,0.49939173587275854,0.358821445727889,0.3225775997515711,0.3223354498511455,0.29827804097268806,0.42225122067049636,0.3173977993324498,0.41980656158837293,0.2810608005386076,0.285620307659852,0.3739955155285094,0.5880671716340581,0.4052436657169636,0.3924256513884702,0.3584806036295155,0.39581041386243365,0.39301477935554807,0.40825483312852806,1.0,0.5805820590091344,0.525187347405268,0.4026632500362436,0.2829153867208789,0.31800053148011787,0.32222774268550625,0.2757290212893643,0.4627069551276325,0.0,0.4138377983401407,0.5312707765495455,0.2911674334927439,0.34845745220583746,0.4057736077331531,0.2415118810060739,0.4114090599398794,0.2853256381364131,0.45594976032905477,0.4096208926832414,0.31371490486201703,0.3252573968415804,0.2932536313729933,0.44069240277156385,0.44963629227474866,0.28127130388449995,0.3126377138348668
0.3470911441185819,0.49843558587453385,0.24084894512247446,0.3024208856620142,0.41675121260749826,0.4957822326302943,0.34788532625223056,0.30369436067669375,0.30688748729082693,0.2901657180014918,0.3962281084391488,0.30713429326721897,0.3913571144286465,0.2763653605444766,0.2812457315709863,0.3613714366444206,0.5409822194101244,0.3831498647375552,0.38451347662520097,0.350316862049908,0.3786542071110989,0.37673797498903205,0.3962194717573836,0.5805820590091344,1.0,0.5054349490431667,0.38335419198589427,0.2740374149440098,0.2983000899387729,0.3064165120548772,0.2711090790958681,0.46345570108999035,0.0,0.39712333633064123,0.5247130587979649,0.2763629034164157,0.34181083220942354,0.39964862488524244,0.23686815213826762,0.39125184281212555,0.273885025929124,0.4325694001676863,0.40002749900640544,0.3133618680195184,0.31911789967136084,0.2923192645392896,0.4298361828590267,0.4373916967754756,0.28455952384313854,0.2979468320058065
0.30692425713996585,0.3908599646807497,0.21020320055810593,0.25997627777020416,0.3961439094332031,0.39603203802173226,0.30106315280891827,0.27597148311526676,0.2736662809692846,0.25696812835798377,0.3635396621281294,0.2776655706063441,0.3566436504834899,0.24328215859719904,0.25201092475859044,0.33030585893551057,0.5345619930770024,0.3380450312669554,0.33575355578788557,0.3049153401708731,0.3443607667102312,0.3399636404794577,0.3499830151897283,0.525187347405268,0.5054349490431667,1.0,0.3419310885872737,0.24134345568289473,0.271189165120321,0.2778245746826389,0.239303314974863,0.4090131908871455,0.0,0.3551312619159971,0.41921690853498317,0.2481924821950794,0.29796124775268285,0.36915912349602387,0.21323174185439941,0.3567197281877974,0.24555745583086086,0.38859807074035957,0.35441053148377866,0.28328989489686707,0.29464937299402094,0.26068103769851503,0.3850485366030173,0.39259548746242234,0.2491097944027849,0.27016056390337084
0.36118968809844554,0.4613203469041218,0.2839902222087066,0.31242608287696205,0.44644893528964047,0.42850909145216765,0.4015151616016077,0.3157920413614146,0.36476564784300025,0.3166265372379745,0.5410208106390644,0.3148257154608062,0.5691365401108202,0.3145678358369256,0.30310774118762107,0.40053609530354806,0.3879996213436976,0.5304346569679594,0.5149794986358065,0.4060294887459833,0.5409558737960551,0.5401126683617972,0.5666125803368415,0.4026632500362436,0.38335419198589427,0.3419310885872737,1.0,0.31152602275738794,0.3494831130776299,0.35840595529002206,0.30103800078507137,0.5075445270659702,0.0,0.5320944118550397,0.4577132088587079,0.3191782254985297,0.38483246465034304,0.5979662240454366,0.25492762373076905,0.5799229518146718,0.302350616012105,0.4671989907605931,0.6451207088547142,0.31914685247636665,0.31007180046287175,0.3310602453004502,0.4637296304751347,0.46339550154512255,0.31814912577437626,0.3568058114299917
0.3337160963914778,0.3348252670668582,0.26647956009997564,0.5493493544623036,0.3008916530809095,0.3090552969513044,0.2985119302790933,0.6929166157917064,0.3233386913749664,0.5422410052121233,0.3279321380712584,0.5249682349575167,0.32644716925949113,0.5494353373008296,0.5160642497082244,0.30554834653778307,0.2784088719758516,0.31766040750602087,0.30318751530963306,0.3028523205834571,0.30579412268474215,0.3059307899675051,0.32305481866708374,0.2829153867208789,0.2740374149440098,0.24134345568289473,0.31152602275738794,1.0,0.36729929407625206,0.3249357010502172,0.5101821271747512,0.3176220368406153,0.0,0.309898705580982,0.30943243882981997,0.4502253712559905,0.28925281639055556,0.3261085221843001,0.40400791000634295,0.315231150723136,0.525173610632832,0.31727991962798197,0.3180899513525104,0.7946872135783155,0.7481489227457283,0.3286749981489765,0.31302638791029747,0.3121774789263364,0.5068031651384074,0.3481409630725405
0.38883304866374824,0.3633599550593992,0.2997926369441427,0.3482731583812211,0.32483393157947005,0.3399514928770092,0.33181770113177744,0.36461009301111647,0.38197895062709786,0.35828880403411933,0.3607850489310169,0.35931923322349735,0.3512211113462165,0.3605941783165083,0.3409090594847425,0.33406640760065054,0.3087152464978644,0.353868692592615,0.3329752305666308,0.3364370740628071,0.3332296938274901,0.33517418899503826,0.34989912149724733,0.31800053148011787,0.2983000899387729,0.271189165120321,0.3494831130776299,0.36729929407625206,1.0,0.37399483829882796,0.34120187560876014,0.3381455655411211,0.0,0.3394562717233556,0.3428440398549425,0.35644271236508984,0.31774558231070393,0.3484707520306106,0.2918433013537325,0.34808466406910443,0.33769327172608443,0.34524645163311807,0.3490157265007797,0.36209558658063123,0.3593981107147497,0.4212363117649517,0.34923927335993254,0.34803923009859816,0.351227856598069,0.6191331519475105
0.42532056844076316,0.3610079575615275,0.3055851736839619,0.33162077070428364,0.35115602796513135,0.3354284099739995,0.34109084989834626,0.33140879537917367,0.46067677107285687,0.3403663045083969,0.3811527811369252,0.33738843069179736,0.38226032561169754,0.32356894229805155,0.32587752421721927,0.3643101182492813,0.3115006130901359,0.3582370614911551,0.3404432469854789,0.3473631689599075,0.34923342670368474,0.34270989974614374,0.35176350996280936,0.32222774268550625,0.3064165120548772,0.2778245746826389,0.35840595529002206,0.3249357010502172,0.37399483829882796,1.0,0.31578322654764646,0.3440309693918864,0.0,0.34045891238847925,0.34688675248190337,0.32748119754040683,0.3371758865875083,0.35081057169152197,0.27237255197788746,0.3696453953275186,0.32427431714477084,0.35434515223198926,0.36419869416853434,0.3253197580709698,0.3208551725022142,0.3667521910496987,0.3578634685146227,0.35746154874709823,0.3201194339183162,0.38633319726587456
0.31047683615111465,0.3115921270145412,0.24945333162218009,0.5372464002280096,0.3113177409502499,0.292634456456209,0.283721957455887,0.5041411317764422,0.31880456840682714,0.5526261416272771,0.31436176674879057,0.490923883263353,0.3157589012105171,0.5352182818210516,0.5329969937722745,0.298607941787964,0.26939186515596447,0.3011512554988315,0.28884496229434264,0.28816794909890553,0.28831771718105637,0.2905531350798721,0.30678037143582404,0.2757290212893643,0.2711090790958681,0.239303314974863,0.30103800078507137,0.5101821271747512,0.34120187560876014,0.31578322654764646,1.0,0.30795009278759167,0.0,0.29740167059480616,0.29808428267453235,0.4399150609583391,0.2798607079735306,0.3000499046274052,0.37497196212841655,0.30514148186317813,0.6602759764516044,0.29757783815257566,0.3063954512522927,0.5139471138076502,0.499100841878813,0.32706642904743133,0.3040724249580593,0.3041753167309643,0.4777802007891909,0.33847632887358314
0.36484000491155466,0.4399662683466078,0.2673633572230054,0.34674060234582105,0.5011238427433866,0.43901703583428187,0.3747278019971402,0.336684779618766,0.3485112542797667,0.32791218200990824,0.48321933601343636,0.3375473765506013,0.5297584285024977,0.319424877445606,0.3312081420887306,0.393099070781348,0.4841326783513801,0.4788595850115469,0.46805039040339247,0.378438082001764,0.4842305104290434,0.4820895564676517,0.5109233402560596,0.4627069551276325,0.46345570108999035,0.4090131908871455,0.5075445270659702,0.3176220368406153,0.3381455655411211,0.3440309693918864,0.30795009278759167,1.0,0.0,0.5025693988131041,0.43872377221072834,0.30542954301561853,0.37718822059473267,0.5130996221068493,0.26228855291724473,0.5162558241345272,0.3182411918844723,0.4440156184705204,0.5280712628734407,0.3266597034009455,0.33267527568559374,0.31494342077875437,0.4493350013228369,0.4524270586924043,0.30028728556796713,0.32954263568543163
0.0,0.0,0.0,0.0,0.0,0.0,0.0,0.0,0.0,0.0,0.0,0.0,0.0,0.0,0.0,0.0,0.0,0.0,0.0,0.0,0.0,0.0,0.0,0.0,0.0,0.0,0.0,0.0,0.0,0.0,0.0,0.0,1.0,0.0,0.0,0.0,0.0,0.0,0.0,0.0,0.0,0.0,0.0,0.0,0.0,0.0,0.0,0.0,0.0,0.0
0.36675309028219105,0.44918630871139165,0.27536640853666716,0.30930652058109775,0.44264553980380084,0.4507373589443606,0.40080653847379644,0.3221726955715124,0.3483869378292731,0.3094671981786714,0.5145439231024176,0.32008362690585446,0.5625206569436829,0.30941129349639096,0.2972555337127226,0.3958308757944744,0.415388027305613,0.5113531758971833,0.49815129228556276,0.40105631996044366,0.524265212470777,0.6334440030400883,0.6522267271649864,0.4138377983401407,0.39712333633064123,0.3551312619159971,0.5320944118550397,0.309898705580982,0.3394562717233556,0.34045891238847925,0.29740167059480616,0.5025693988131041,0.0,1.0,0.4584215237571869,0.3349399181981406,0.38033915795402695,0.5078358541428222,0.2829050714478847,0.5403463188789994,0.2954708861297314,0.4576961638179582,0.5520126483944326,0.3188872167018122,0.3227122499030004,0.3180270930091508,0.4554526112382574,0.45708756521979355,0.309699959679386,0.3466704843760189
0.3640738688408005,0.5722302285874146,0.2734277249262803,0.3141405649714193,0.4222598290298679,0.5452614833628842,0.40426102707150435,0.32000467412608213,0.3476190314753622,0.31365282375810855,0.467763597793316,0.3222512261712518,0.459248927439762,0.3116558323292066,0.2988560953909326,0.40209393094280865,0.4668571349146243,0.4605945785373796,0.45661608789575603,0.40504185535646564,0.4484399755624533,0.44447104003698623,0.4585169315421268,0.5312707765495455,0.5247130587979649,0.41921690853498317,0.4577132088587079,0.30943243882981997,0.3428440398549425,0.34688675248190337,0.29808428267453235,0.43872377221072834,0.0,0.4584215237571869,1.0,0.3220858207686046,0.38162494861094576,0.4413847893614289,0.2684600805834515,0.46552459054509543,0.2982676616820472,0.5090916171144557,0.4686719009867847,0.3186451886450524,0.3223068572684763,0.31908403815883346,0.5007769288901261,0.5014669873763884,0.3094698993341073,0.3416344304216168
0.3258252712224754,0.32348185663106255,0.2684061171363271,0.4512779049334358,0.2938328919899432,0.3170480805143092,0.3266625172115767,0.4512954726964644,0.334217568009306,0.4627660382545169,0.33834282261621984,0.44469706479749493,0.32586021453098335,0.4531369855073234,0.4347290654665693,0.32549244934985344,0.28295691637128095,0.3384147358699885,0.3225699714539484,0.32750194746803496,0.32486368021306555,0.3192341035929116,0.3344603052640768,0.2911674334927439,0.2763629034164157,0.2481924821950794,0.3191782254985297,0.4502253712559905,0.35644271236508984,0.32748119754040683,0.4399150609583391,0.30542954301561853,0.0,0.3349399181981406,0.3220858207686046,1.0,0.3127642324247697,0.31345610994031026,0.3970106611589461,0.32731626997477836,0.4433989267030427,0.32254149417235944,0.32084122022656414,0.4552251173872208,0.4516809225127312,0.33317586212884653,0.31544256756020594,0.314726636971168,0.4587987747795347,0.35633651014640333
0.34233393826300196,0.3738009209019064,0.25826269280774594,0.2995732815161084,0.3538692659477518,0.37327219306030146,0.7819685278701904,0.2976912706492404,0.3412213522230806,0.30025292602238807,0.3892175557501649,0.29435125956026487,0.3973646808612131,0.28955852207871036,0.2887068631662342,0.7452776177246359,0.3357897408799537,0.4197252371103293,0.40279101210795076,0.796655429401675,0.40250526612602355,0.3926242729617979,0.41693733345185646,0.34845745220583746,0.34181083220942354,0.29796124775268285,0.38483246465034304,0.28925281639055556,0.31774558231070393,0.3371758865875083,0.2798607079735306,0.37718822059473267,0.0,0.38033915795402695,0.38162494861094576,0.3127642324247697,1.0,0.37195166420900316,0.2523709192949153,0.3764049006770558,0.28269033712280967,0.38904194700349815,0.3911621579531117,0.2935015056449567,0.29032745289732353,0.29982720402845386,0.3658126686387393,0.36524125656270734,0.28650859590208544,0.32611731634215846
0.3733029801635267,0.4722268216292844,0.279579660397141,0.31334246295296464,0.47887698626745245,0.44697484912663166,0.3797958815129151,0.3379836469605795,0.35476316659568086,0.3178592243214847,0.5188503102413714,0.326586482291935,0.5336882511975729,0.3167449647638634,0.30708900432889796,0.3874418233925808,0.4029807296961492,0.4949319440514911,0.48739954007619013,0.3871988014998108,0.5020760871469705,0.5058587726340554,0.5252490389167618,0.4057736077331531,0.39964862488524244,0.36915912349602387,0.5979662240454366,0.3261085221843001,0.3484707520306106,0.35081057169152197,0.3000499046274052,0.5130996221068493,0.0,0.5078358541428222,0.4413847893614289,0.31345610994031026,0.37195166420900316,1.0,0.27524132330935736,0.5533186741186169,0.30510001384162155,0.4656022822480548,0.641631670521345,0.33557097006222336,0.32981953535340125,0.33107698965188104,0.4711825148236167,0.4719859728143808,0.32552888259837043,0.3514010866517875
0.2785982699773851,0.26424983078517117,0.21348988017415216,0.3963991318893697,0.27314029608571766,0.27381036135165304,0.26759071429445935,0.4019567472303772,0.2665933938484082,0.40716203320161837,0.2809646118889958,0.393948985455978,0.26576864188781557,0.38671736578423643,0.38786940109346424,0.26013108122719875,0.2369755834183881,0.2730592794234977,0.2605478747583053,0.2650226682025749,0.26260474278140633,0.2598315704926384,0.27817090938090117,0.2415118810060739,0.23686815213826762,0.21323174185439941,0.25492762373076905,0.40400791000634295,0.2918433013537325,0.27237255197788746,0.37497196212841655,0.26228855291724473,0.0,0.2829050714478847,0.2684600805834515,0.3970106611589461,0.2523709192949153,0.27524132330935736,1.0,0.2635214824061288,0.3813996054396567,0.2731670775240981,0.2693327735250649,0.39891526898285234,0.41026399956054527,0.26579562206113583,0.2606409491429429,0.26044966622102683,0.3888028833676732,0.2921487175689771
0.3682420235787187,0.46900020043535406,0.28973986785171424,0.30850956021298126,0.4617140290853461,0.43789364181023105,0.39617141005017353,0.3228531642898075,0.36618373765854495,0.31896014252884153,0.5648819530632105,0.3192527378455595,0.5759747796925727,0.31363711399547345,0.3027655698630899,0.3948798702973594,0.4001410663485324,0.5267807989342066,0.5172535707043595,0.4035202719849529,0.5430571234892916,0.541962293127298,0.5537566037517729,0.4114090599398794,0.39125184281212555,0.3567197281877974,0.5799229518146718,0.315231150723136,0.34808466406910443,0.3696453953275186,0.30514148186317813,0.5162558241345272,0.0,0.5403463188789994,0.46552459054509543,0.32731626997477836,0.3764049006770558,0.5533186741186169,0.2635214824061288,1.0,0.3021565396715452,0.47663804767569784,0.5904632612937304,0.32151896963752036,0.31895389469654634,0.3409434841624589,0.49052685651179395,0.49006756132933815,0.32006613731017264,0.36240559354884516
