../ecoli_genomes/GCF_000163235.1_ASM16323v1_genomic.fna.gz,../ecoli_genomes/GCF_000164555.1_ASM16455v1_genomic.fna.gz,../ecoli_genomes/GCF_000208545.1_ASM20854v2_genomic.fna.gz,../ecoli_genomes/GCF_000233875.1_ASM23387v1_genomic.fna.gz,../ecoli_genomes/GCF_000249735.1_ASM24973v2_genomic.fna.gz,../ecoli_genomes/GCF_000261145.1_Esch_coli_M919_V2_genomic.fna.gz,../ecoli_genomes/GCF_000267705.2_ASM26770v2_genomic.fna.gz,../ecoli_genomes/GCF_000350665.1_Esch_coli_KTE5_V1_genomic.fna.gz,../ecoli_genomes/GCF_000351625.1_Esch_coli_KTE66_V1_genomic.fna.gz,../ecoli_genomes/GCF_000352285.1_Esch_coli_KTE46_V1_genomic.fna.gz,../ecoli_genomes/GCF_000358895.1_ASM35889v1_genomic.fna.gz,../ecoli_genomes/GCF_000456385.1_Esch_coli_HVH_26_4-5703913_V1_genomic.fna.gz,../ecoli_genomes/GCF_000458195.1_Esch_coli_HVH_147_4-5893887_V1_genomic.fna.gz,../ecoli_genomes/GCF_000459755.1_Esch_coli_KOEGE_58_171a_V1_genomic.fna.gz,../ecoli_genomes/GCF_000460055.1_Esch_coli_UMEA_3053-1_V1_genomic.fna.gz,../ecoli_genomes/GCF_000462165.2_ASM46216v2_genomic.fna.gz,../ecoli_genomes/GCF_000601135.1_ASM60113v1_genomic.fna.gz,../ecoli_genomes/GCF_000614595.1_Ec2010EL1058_genomic.fna.gz,../ecoli_genomes/GCF_000617745.1_Ec2010C-4529_genomic.fna.gz,../ecoli_genomes/GCF_000618265.2_EcF6751_genomic.fna.gz,../ecoli_genomes/GCF_000619005.2_Ec2009C-4052_genomic.fna.gz,../ecoli_genomes/GCF_000619105.1_Ec2009C-4780_genomic.fna.gz,../ecoli_genomes/GCF_000619765.2_Ec2009C-3279_genomic.fna.gz,../ecoli_genomes/GCF_000687005.1_ASM68700v1_genomic.fna.gz,../ecoli_genomes/GCF_000687025.1_ASM68702v1_genomic.fna.gz,../ecoli_genomes/GCF_000700125.1_ASM70012v1_genomic.fna.gz,../ecoli_genomes/GCF_000753315.1_FHI35_genomic.fna.gz,../ecoli_genomes/GCF_000776375.1_ASM77637v1_genomic.fna.gz,../ecoli_genomes/GCF_000779395.1_ASM77939v1_genomic.fna.gz,../ecoli_genomes/GCF_000780315.1_ASM78031v1_genomic.fna.gz,../ecoli_genomes/GCF_000781995.1_ASM78199v1_genomic.fna.gz,../ecoli_genomes/GCF_000986765.1_ASM98676v1_genomic.fna.gz,../ecoli_genomes/GCF_001041375.1_ViralProj287958_genomic.fna.gz,../ecoli_genomes/GCF_001265335.1_302014_genomic.fna.gz,../ecoli_genomes/GCF_001265625.1_100854_genomic.fna.gz,../ecoli_genomes/GCF_001267345.1_303289_genomic.fna.gz,../ecoli_genomes/GCF_001309985.1_ASM130998v1_genomic.fna.gz,../ecoli_genomes/GCF_001521695.1_ASM152169v1_genomic.fna.gz,../ecoli_genomes/GCF_001592595.1_ASM159259v1_genomic.fna.gz,../ecoli_genomes/GCF_001614975.1_ASM161497v1_genomic.fna.gz,../ecoli_genomes/GCF_001692775.1_ASM169277v1_genomic.fna.gz,../ecoli_genomes/GCF_001748915.1_ASM174891v1_genomic.fna.gz,../ecoli_genomes/GCF_001749235.1_ASM174923v1_genomic.fna.gz,../ecoli_genomes/GCF_001881155.1_ASM188115v1_genomic.fna.gz,../ecoli_genomes/GCF_001881345.1_ASM188134v1_genomic.fna.gz,../ecoli_genomes/GCF_001892405.1_ASM189240v1_genomic.fna.gz,../ecoli_genomes/GCF_001892585.1_ASM189258v1_genomic.fna.gz,../ecoli_genomes/GCF_001893985.1_ASM189398v1_genomic.fna.gz,../ecoli_genomes/GCF_002001595.1_ASM200159v1_genomic.fna.gz,../ecoli_genomes/GCF_002002145.1_ASM200214v1_genomic.fna.gz
1.0,0.7755154047225321,0.7696348006878958,0.7652432011468149,0.7517903338963106,0.7607076913161628,0.768759722926293,0.768140513757168,0.8018760627558291,0.7655349040958987,0.7765450550947208,0.7764720625534449,0.7741663164497097,0.7708860902373463,0.7598999292048099,0.7688086236937396,0.73376298788786,0.7770225845959576,0.7474137612921701,0.7737054665764368,0.7678588349829736,0.7570103477302136,0.784976441177002,0.7298935481254687,0.714365317785203,0.7261841135181482,0.7725608898257241,0.7638568884652026,0.7851742523434913,0.8049623899849936,0.7569882091764459,0.7612239072963515,0.03204484052926759,0.766057418917421,0.7594233376694699,0.7496193716704971,0.756662481114608,0.7731561701481997,0.6346878990720557,0.7723787712269261,0.7549234375542826,0.7715643137218626,0.7810368748497905,0.7688315130802013,0.7671943162568252,0.7743283908816472,0.7680315697513973,0.7693542819093167,0.7661808696674933,0.7912472433891904
0.7755154047225321,1.0,0.7494510662436925,0.7619221430391683,0.7764648911743979,0.8162998638574762,0.7723423016645327,0.7740366267202313,0.7714725542501255,0.7606585580899945,0.8014008039972406,0.7748501722872108,0.8015929331178645,0.7592169084436371,0.7562672942495684,0.7755275655782441,0.7777547540159955,0.8016032979115129,0.773291196217035,0.7770073553444816,0.7945930646117814,0.7761506693946844,0.8014892862881509,0.7821119909961878,0.7606106100931038,0.7754451644834499,0.8025832724166054,0.7685802411526186,0.777741209940628,0.7797234809724432,0.7531637271658636,0.7900089878219402,0.028265500788193787,0.7877146361731354,0.8316998391552537,0.7403533837706475,0.7566323083259813,0.8067588291986585,0.6091995328649533,0.8089934331862347,0.7493766602739107,0.8160469831705461,0.8015890178403452,0.7750601802716142,0.7750541755101259,0.7612596051752886,0.8146214839825164,0.8155574082700718,0.7679422049647987,0.777191974884313
0.7696348006878958,0.7494510662436925,1.0,0.736537001408015,0.7275216021254254,0.7335619304420722,0.7504404083116645,0.7488529485328832,0.7578653702110567,0.7480026085993322,0.7490925339585633,0.7462966062361283,0.7525340659446083,0.7418713954254866,0.7347688182785435,0.753789358421183,0.7074539593720716,0.7527896398766589,0.7262501520343692,0.7543916832714526,0.7538128248694853,0.7344318612373194,0.7568612396110808,0.7026357602878772,0.6864119939794825,0.7019767773500802,0.7499298169111991,0.7465324058585107,0.7640427463605799,0.7607538454027821,0.7357248176623408,0.7370009267805289,0.031794172881729144,0.7445813971706239,0.7333051201444774,0.723290249381271,0.7406455390125828,0.7512149706336582,0.5927691603605482,0.7525618324404291,0.733657635415207,0.7515100889250433,0.7596755489715198,0.7489622909506548,0.7463280644780166,0.7509147890873336,0.7418694000888306,0.7417049318033347,0.7431429662532207,0.7639539627841055
0.7652432011468149,0.7619221430391683,0.736537001408015,1.0,0.7445486163015598,0.7442577671343242,0.7445363147194604,0.8324664960180456,0.7659008995806332,0.8362557227898386,0.7557001043653802,0.8395644766233258,0.7584052521991193,0.8402503125791471,0.8493390123000286,0.7528906324270939,0.7272803490119302,0.7518700533598597,0.733346459193745,0.7481244709253667,0.7500041948721572,0.7374993462461126,0.7598837664829834,0.7225790702174676,0.7099910004006167,0.7250887549416474,0.7501426790599357,0.8346860025031717,0.7698695137924454,0.764726318937747,0.8290518601338548,0.7527430421747814,0.03149788525652397,0.7412654833336214,0.7504681402483628,0.7762079714696015,0.7321850174567439,0.7461162251423324,0.6482762175449948,0.7524128589404977,0.831848815507822,0.7475865185296559,0.7497849322238783,0.840815764131409,0.8393451158410276,0.7629307654115336,0.7487969004960734,0.751220952466916,0.8159606356311296,0.7789404964488966
0.7517903338963106,0.7764648911743979,0.7275216021254254,0.7445486163015598,1.0,0.7786488938302636,0.7602713301854912,0.7516589117910979,0.7627300301921327,0.744904038836431,0.7991644461035964,0.7535444790052828,0.8065691397385173,0.7420291041444513,0.7490190911700145,0.7767974359546691,0.7649538649433358,0.7839940635488103,0.7627802881470429,0.7641899025477679,0.7861964132328875,0.7588859643800764,0.7820303157094557,0.7751554120179764,0.7358477872307101,0.7683942762265674,0.7811706689169885,0.7308980829303011,0.760459739681356,0.7618955442326002,0.7338014878787795,0.7932823170257806,0.0308655495098632,0.7805754769807899,0.7763803551768161,0.7194429745542805,0.7538265724235119,0.7889334830476951,0.6042564199712896,0.7887943108921824,0.7439158022871808,0.7842339893889809,0.7902183175230699,0.7381953140611528,0.7401371659643061,0.7378086040705556,0.7860635537580594,0.7867453120568857,0.7409942720044396,0.7523061232160421
0.7607076913161628,0.8162998638574762,0.7335619304420722,0.7442577671343242,0.7786488938302636,1.0,0.7658343239623472,0.7578777410195343,0.7557083697087787,0.7456292559734213,0.793165227551107,0.7511755992360095,0.7796173561803003,0.751542837638116,0.7400806902246067,0.7691402691798015,0.7676361552665868,0.7906188499261911,0.7679801383783584,0.7694508183117527,0.7763439137246773,0.7805616211691144,0.7873805887132161,0.7798189158067239,0.7636490891183486,0.7570609453022683,0.7759509269812955,0.7446596378942649,0.7701300993220737,0.7551022896708627,0.7350525600295685,0.7807953356894126,0.030563422439747412,0.7868625835930971,0.8113108452975588,0.7394194804127894,0.7533232633918059,0.7853768252451407,0.6058112119490587,0.7914217197789275,0.742747064772745,0.7988654441747054,0.7799986275288979,0.7512143706690382,0.7477876815285547,0.7460212959031001,0.7935496216180281,0.7944105668776135,0.7466957047407129,0.7666507287118257
0.768759722926293,0.7723423016645327,0.7504404083116645,0.7445363147194604,0.7602713301854912,0.7658343239623472,1.0,0.7520268195571018,0.7741285931210182,0.7456155262984502,0.7818591304319716,0.7545494127231755,0.7813562168930656,0.7432189229214425,0.7389707912105533,0.9025650155329258,0.7397568227734099,0.8038913807547038,0.7797768833304027,0.9445463606375312,0.8035559683240133,0.7777594127653001,0.8107086620912463,0.7381186273854814,0.7163921540763785,0.7345293541421732,0.7869204186737492,0.7438554844269762,0.7628377725060199,0.770650131329175,0.7406424592321572,0.7720587013940758,0.030232851359241142,0.7851416456956207,0.7675819245127008,0.7374882014063773,0.9109420735174055,0.7761063582386766,0.6034733416621194,0.7888459167235676,0.7353256751361541,0.7832386892131039,0.7835598067120683,0.7522338332442989,0.7473499553759507,0.7610878062341406,0.7689009502098471,0.7692518781941456,0.7473839205135704,0.7646821554874762
0.768140513757168,0.7740366267202313,0.7488529485328832,0.8324664960180456,0.7516589117910979,0.7578777410195343,0.7520268195571018,1.0,0.7706372419797453,0.8272985674971627,0.7617145545466474,0.8258138443600949,0.7674220919684113,0.8227274606378416,0.8154824506324141,0.7556496921648312,0.7383754866470734,0.7638710647248497,0.7440365693623251,0.7531696772558517,0.7557219422583247,0.7464037435794602,0.7700311624866047,0.725406513675031,0.7082903266252408,0.7253980002145816,0.7636141332895698,0.8827398314896255,0.7801877575699894,0.7681723899313769,0.8168280480471836,0.7579845728539889,0.03136425722516456,0.7539379305012985,0.7577202175083484,0.7809947528393826,0.739998397487704,0.7658613066505868,0.6467972999416413,0.7655693772863117,0.8169318423173738,0.7608611865485833,0.766051735806528,0.8853320151143532,0.8744054018788812,0.7675927705991825,0.7572220455560073,0.7585291259556175,0.8173468677656319,0.7826934964924233
0.8018760627558291,0.7714725542501255,0.7578653702110567,0.7659008995806332,0.7627300301921327,0.7557083697087787,0.7741285931210182,0.7706372419797453,1.0,0.771855253747462,0.7762156189919232,0.7740800826604323,0.7802497400240275,0.7630325835708627,0.7669458042329631,0.7812887214222254,0.7331033231461754,0.7750628859899821,0.7467550122847273,0.7787458726493156,0.7688344478269752,0.756840559550878,0.7857906583360155,0.7275026545154675,0.7052597867365964,0.7293636158159384,0.7775192605174868,0.7605217148982221,0.77975687893457,0.8166837513216185,0.7611645875571373,0.7593285358743114,0.02698815565008983,0.7674013468363704,0.7614387604927063,0.7517433870945298,0.7647665597088605,0.7701458276959403,0.6187018042266825,0.7769909911922779,0.7556991483765715,0.7785707948026125,0.7835344335165577,0.7628360508799406,0.7603699294236606,0.7715948376779274,0.7686040679770427,0.7685333018031547,0.7604564962852953,0.7868248988556878
0.7655349040958987,0.7606585580899945,0.7480026085993322,0.8362557227898386,0.744904038836431,0.7456292559734213,0.7456155262984502,0.8272985674971627,0.771855253747462,1.0,0.7621716187004938,0.82598901613651,0.7642315951780342,0.8224581973519242,0.8218422340189202,0.753791719401568,0.7249596737565817,0.7482614148634883,0.7290206535200369,0.7504937672126344,0.7468174115857026,0.7334478682129015,0.753849539837215,0.7135424827754953,0.7019183708882468,0.724934697182585,0.7524123378391402,0.824336137758681,0.7771588945695098,0.7712179554471827,0.8354564414927941,0.7460422850188164,0.031745134886311255,0.7405459553843796,0.7489857815759863,0.7761591803110109,0.7348808778600672,0.7487542374180867,0.6452005834580754,0.7579569837134574,0.8318874587299424,0.7542994632948863,0.7519442601077924,0.8287806426861479,0.8242591435318632,0.762823287779122,0.7491557028077194,0.7500586877256723,0.823720423635258,0.7781204819203893
0.7765450550947208,0.8014008039972406,0.7490925339585633,0.7557001043653802,0.7991644461035964,0.793165227551107,0.7818591304319716,0.7617145545466474,0.7762156189919232,0.7621716187004938,1.0,0.7668092144858871,0.8299225111586753,0.7595559150560152,0.7544389465913418,0.7852637404384127,0.7628546988045508,0.8243616171981023,0.7938047077815589,0.785052502298533,0.8119779894231676,0.8100915377595111,0.8183420571868141,0.7653615042579293,0.7368025724051996,0.7580705991559478,0.8241868234716707,0.7605539578334565,0.7712351360104038,0.7812729422800122,0.7476285841223511,0.801471684077657,0.03267025404394974,0.8097816407950388,0.7989724540072298,0.7497786124760824,0.7642231066054763,0.8202906849678785,0.6088808766814879,0.8400696454918115,0.7454175991905719,0.8069891115454635,0.8293969228447214,0.7630168262486228,0.7569220254496827,0.7642088620884657,0.8062596383641071,0.806138676776828,0.7630756168909724,0.7814972807836794
0.7764720625534449,0.7748501722872108,0.7462966062361283,0.8395644766233258,0.7535444790052828,0.7511755992360095,0.7545494127231755,0.8258138443600949,0.7740800826604323,0.82598901613651,0.7668092144858871,1.0,0.7671499572883616,0.8272035186251757,0.8519594307243463,0.7583001994702608,0.7318771370675563,0.7628130932924573,0.7413057524793896,0.7569008151762802,0.7593325019507151,0.7425351377531102,0.7658211190315749,0.7298261209612891,0.7129280863491475,0.7340861848032055,0.7644953646711152,0.8207079678931686,0.7799457880967873,0.7761641803452515,0.8124847180828824,0.7561909677133056,0.026394706068650686,0.748542734290012,0.7571188681967709,0.7823587698709588,0.7422509101604955,0.7607195839339992,0.6450041319790292,0.7633962095031649,0.8143047035885815,0.7602902845172131,0.7648638254975167,0.8300556484814213,0.8276823888012703,0.7758349054031375,0.7595047702061457,0.7617692247337817,0.8138091820741994,0.7838966991920427
0.7741663164497097,0.8015929331178645,0.7525340659446083,0.7584052521991193,0.8065691397385173,0.7796173561803003,0.7813562168930656,0.7674220919684113,0.7802497400240275,0.7642315951780342,0.8299225111586753,0.7671499572883616,1.0,0.7510143744462566,0.759877831962099,0.7944009349891082,0.7539553309836549,0.8255375996824318,0.8116247391915795,0.7854764090932593,0.8213729142350081,0.8186304828818445,0.8349060325803191,0.758697535683603,0.7223933064426766,0.7534404900162517,0.845397386657813,0.7535055477949012,0.7778399418490659,0.7876048893172237,0.7473268088448868,0.814844738980129,0.030009959054183688,0.8280324369981094,0.7912906165031766,0.7395416550223257,0.7740804187721615,0.8228461574165875,0.6111714432246154,0.8502312828949375,0.7484732407766383,0.8029772948141105,0.8381046763295585,0.7556770159272582,0.7515972541283227,0.7595389898936442,0.8015473251423514,0.8013413772527713,0.757653193369012,0.7794558975861456
0.7708860902373463,0.7592169084436371,0.7418713954254866,0.8402503125791471,0.7420291041444513,0.751542837638116,0.7432189229214425,0.8227274606378416,0.7630325835708627,0.8224581973519242,0.7595559150560152,0.8272035186251757,0.7510143744462566,1.0,0.8393079552294908,0.7442438105862472,0.7297841757927679,0.7516903269549504,0.7300626760916489,0.7459412041501261,0.7441779699808815,0.730927041358242,0.7558413226466163,0.7179476006857803,0.7040037037971068,0.7177280401498396,0.7487155779507457,0.8318486069184434,0.7728271602385309,0.7597153747730512,0.8198873277914396,0.7452550309151447,0.028957700096101213,0.738707916879348,0.7518046748753252,0.7749968766106161,0.7283283214332423,0.7512066964172395,0.6437994885562056,0.7511309402779951,0.8206127121706737,0.7515018898115212,0.754700701878051,0.8357932511969166,0.828690411141074,0.7664984228317124,0.7537298499875004,0.755766244500944,0.8117325905419078,0.7773702563019108
0.7598999292048099,0.7562672942495684,0.7347688182785435,0.8493390123000286,0.7490190911700145,0.7400806902246067,0.7389707912105533,0.8154824506324141,0.7669458042329631,0.8218422340189202,0.7544389465913418,0.8519594307243463,0.759877831962099,0.8393079552294908,1.0,0.7480434454928071,0.728975852385838,0.7517179117543069,0.7271272618254636,0.7427291630617596,0.7471678301633249,0.7266641535148968,0.7545905500613463,0.7226458859206071,0.7030687977270649,0.7242460380076061,0.75012892810461,0.8128588126633756,0.7667383939739765,0.7681645732458927,0.8195448311449459,0.7466560654395946,0.03247433831713786,0.7381535347961604,0.7443823146607527,0.7736145068872153,0.7292030092477453,0.7475675899931629,0.6411895452747018,0.7512374920664091,0.8212983623110557,0.7517640202356416,0.7508486082849869,0.817296496131426,0.8151207870125012,0.7656172806691673,0.7520462097957774,0.7540398156392338,0.8047433787391344,0.7790057821495
0.7688086236937396,0.7755275655782441,0.753789358421183,0.7528906324270939,0.7767974359546691,0.7691402691798015,0.9025650155329258,0.7556496921648312,0.7812887214222254,0.753791719401568,0.7852637404384127,0.7583001994702608,0.7944009349891082,0.7442438105862472,0.7480434454928071,1.0,0.7431376977794562,0.7971771591627499,0.7771587483645803,0.9078335516890831,0.7949071161606828,0.7827267341512316,0.8029530368998876,0.7486903403764985,0.7290408238489783,0.747521257483643,0.7823828543104175,0.7442927867061695,0.7656799632744195,0.7780426736405949,0.7417089264024453,0.782311560775273,0.029727266930998142,0.7829133343363184,0.7706679965863903,0.7361344363047493,0.8860904049740207,0.7784189252686797,0.6045843596899944,0.7906862642980024,0.739760233461375,0.7844294798865553,0.786401451411127,0.7518476180481075,0.748572741050477,0.7606778494150346,0.7693492088805319,0.769942984032747,0.7479213481389716,0.7673707661599284
0.73376298788786,0.7777547540159955,0.7074539593720716,0.7272803490119302,0.7649538649433358,0.7676361552665868,0.7397568227734099,0.7383754866470734,0.7331033231461754,0.7249596737565817,0.7628546988045508,0.7318771370675563,0.7539553309836549,0.7297841757927679,0.728975852385838,0.7431376977794562,1.0,0.7634196562808837,0.7331038528786886,0.7398474078461128,0.751403291839209,0.7534545116435815,0.7680686305344335,0.8132393248310471,0.776469886638653,0.8028548259264687,0.7522062314102295,0.7252026853702023,0.7385073225175693,0.7359996689947634,0.7200147802839156,0.7777872027346828,0.02471889884422429,0.7653819407356979,0.781167341635012,0.7204745984349112,0.7262542240135915,0.7525958386080847,0.5897932657392058,0.7552064281765726,0.7215149034485292,0.7657363485101562,0.7586740069534642,0.7368125093505451,0.7314714675510684,0.727967845013743,0.7657786982107938,0.7686689130755603,0.7256638992485847,0.7398572439778793
0.7770225845959576,0.8016032979115129,0.7527896398766589,0.7518700533598597,0.7839940635488103,0.7906188499261911,0.8038913807547038,0.7638710647248497,0.7750628859899821,0.7482614148634883,0.8243616171981023,0.7628130932924573,0.8255375996824318,0.7516903269549504,0.7517179117543069,0.7971771591627499,0.7634196562808837,1.0,0.8165147330860347,0.8037274634748346,0.8421222129370485,0.8178429130022975,0.8484152685720485,0.7605946506912478,0.7343839635517893,0.7577885441232206,0.826961201547027,0.7535554832108968,0.779664232877836,0.7859381133438321,0.7467852879928278,0.806707906585284,0.03127553589683463,0.8184843140558269,0.7977989689338562,0.754870837354466,0.7845519295909147,0.806296163042821,0.6102171607700138,0.825479729201514,0.744327129290314,0.8105125322013335,0.8216166646545662,0.7596596784391656,0.7548235743659804,0.7675844041404896,0.804318705546011,0.8047596078348822,0.7535102531355845,0.7836326619439811
0.7474137612921701,0.773291196217035,0.7262501520343692,0.733346459193745,0.7627802881470429,0.7679801383783584,0.7797768833304027,0.7440365693623251,0.7467550122847273,0.7290206535200369,0.7938047077815589,0.7413057524793896,0.8116247391915795,0.7300626760916489,0.7271272618254636,0.7771587483645803,0.7331038528786886,0.8165147330860347,1.0,0.7796502891541801,0.8066960755493929,0.8189187136921313,0.8161842061147977,0.737294844129934,0.7211467915797265,0.7260771612902273,0.8091060421376305,0.7321942641090105,0.751116930716279,0.7507359151505997,0.720186187349948,0.7954439874786182,0.030139650532244322,0.8029878426961327,0.7726856648424715,0.7277783423501576,0.7634450002967825,0.7921152211652269,0.5999236689347849,0.8034576396258357,0.7275815347634338,0.7784588956339911,0.7977218538091324,0.7375475378037271,0.7336142778915891,0.740440786568651,0.7695978401319901,0.7700530998129322,0.7357007970534757,0.754869029430985
0.7737054665764368,0.7770073553444816,0.7543916832714526,0.7481244709253667,0.7641899025477679,0.7694508183117527,0.9445463606375312,0.7531696772558517,0.7787458726493156,0.7504937672126344,0.785052502298533,0.7569008151762802,0.7854764090932593,0.7459412041501261,0.7427291630617596,0.9078335516890831,0.7398474078461128,0.8037274634748346,0.7796502891541801,1.0,0.8049630071925306,0.7778360669759214,0.8115002217871514,0.7387139749904587,0.7184916952999021,0.7351306588638752,0.7891255893468093,0.7473728928404222,0.7671403051741872,0.7751012850821999,0.7438752475979914,0.7753456902812907,0.029468604204171966,0.7881992112674454,0.7726131843157928,0.7387377089182631,0.9121845059705246,0.7804583959920429,0.603253484757877,0.7927793894466776,0.7385856151265786,0.785417088314839,0.7885663715626198,0.7539935989255309,0.7502881793852181,0.761902310786265,0.7723364591416033,0.7728162390180339,0.7494150930339858,0.7672697939519315
0.7678588349829736,0.7945930646117814,0.7538128248694853,0.7500041948721572,0.7861964132328875,0.7763439137246773,0.8035559683240133,0.7557219422583247,0.7688344478269752,0.7468174115857026,0.8119779894231676,0.7593325019507151,0.8213729142350081,0.7441779699808815,0.7471678301633249,0.7949071161606828,0.751403291839209,0.8421222129370485,0.8066960755493929,0.8049630071925306,1.0,0.8037142535381776,0.8412622896093227,0.7471530231152425,0.723918808114284,0.7511559351142867,0.8214507135673808,0.7505163154093217,0.7686054626470328,0.7791335835368518,0.7403413037787909,0.8001214062261564,0.031215075559429484,0.8170398967835533,0.7831767304972923,0.7452456908455943,0.7864104123460389,0.8029739186642744,0.6102688195231714,0.8255044413343556,0.7413031062993913,0.7982246568086153,0.8183256865884541,0.7561497203066647,0.7533740706209121,0.7726762286811085,0.8072337134484892,0.8075584616476302,0.7538584540903019,0.7754943868184553
0.7570103477302136,0.7761506693946844,0.7344318612373194,0.7374993462461126,0.7588859643800764,0.7805616211691144,0.7777594127653001,0.7464037435794602,0.756840559550878,0.7334478682129015,0.8100915377595111,0.7425351377531102,0.8186304828818445,0.730927041358242,0.7266641535148968,0.7827267341512316,0.7534545116435815,0.8178429130022975,0.8189187136921313,0.7778360669759214,0.8037142535381776,1.0,0.8598804718703639,0.752922906612243,0.7361502099853547,0.7410046168926323,0.8090524505126775,0.7372016168561786,0.754164443503555,0.7552626894680431,0.7208599377428424,0.8031061856136608,0.02969830065225998,0.8332134536940583,0.7758634591216139,0.726231858022647,0.7612078004638151,0.7954456598360942,0.5968919973230701,0.8136307895183128,0.7231001397423182,0.7837794753899896,0.8053915954854584,0.7422804192472996,0.7375212726765223,0.7456825560522367,0.7743288801278919,0.7748510739097674,0.7354257315382648,0.7601956553627676
0.784976441177002,0.8014892862881509,0.7568612396110808,0.7598837664829834,0.7820303157094557,0.7873805887132161,0.8107086620912463,0.7700311624866047,0.7857906583360155,0.753849539837215,0.8183420571868141,0.7658211190315749,0.8349060325803191,0.7558413226466163,0.7545905500613463,0.8029530368998876,0.7680686305344335,0.8484152685720485,0.8161842061147977,0.8115002217871514,0.8412622896093227,0.8598804718703639,1.0,0.7555422973149726,0.7356745234199558,0.7511539358110083,0.8375966056430749,0.758770711060301,0.7755014234483921,0.7821993754795066,0.7486309845559382,0.8163309062820319,0.02985461846567461,0.8579044414220052,0.7907135505405578,0.7518648032854123,0.793294436998945,0.8108639494855886,0.6084405931480013,0.8316261152107414,0.7441634508389888,0.8049125155610416,0.8255953873062932,0.7658286867334464,0.759914815614485,0.7666892554138057,0.797132492974951,0.7976716432493428,0.7570660138227131,0.779530020748993
0.7298935481254687,0.7821119909961878,0.7026357602878772,0.7225790702174676,0.7751554120179764,0.7798189158067239,0.7381186273854814,0.725406513675031,0.7275026545154675,0.7135424827754953,0.7653615042579293,0.7298261209612891,0.758697535683603,0.7179476006857803,0.7226458859206071,0.7486903403764985,0.8132393248310471,0.7605946506912478,0.737294844129934,0.7387139749904587,0.7471530231152425,0.752922906612243,0.7555422973149726,1.0,0.7951096756862088,0.8126802552162548,0.7487528285532632,0.7078638283021245,0.7266877152527763,0.7338709805149428,0.7036740017714285,0.7669520373325546,0.024593138005530424,0.7551618235308615,0.7996352938632073,0.7081982013985426,0.7243930610187159,0.7455860224214506,0.5898506504712012,0.7514664983691304,0.7141855126462489,0.7653382258416517,0.7474208818712614,0.7196166892748678,0.7181278765011976,0.7125805322176875,0.7554268200011459,0.7579756251071987,0.7155204218794844,0.7282889656789658
0.714365317785203,0.7606106100931038,0.6864119939794825,0.7099910004006167,0.7358477872307101,0.7636490891183486,0.7163921540763785,0.7082903266252408,0.7052597867365964,0.7019183708882468,0.7368025724051996,0.7129280863491475,0.7223933064426766,0.7040037037971068,0.7030687977270649,0.7290408238489783,0.776469886638653,0.7343839635517893,0.7211467915797265,0.7184916952999021,0.723918808114284,0.7361502099853547,0.7356745234199558,0.7951096756862088,1.0,0.7751831337025825,0.7247373867888862,0.6947188524987667,0.706599110293435,0.7052401311408205,0.6920435334267567,0.7719647711547359,0.028321683152218058,0.7282503678363537,0.7707381246233427,0.6943642393412341,0.7054146924168598,0.7317507267418331,0.581840691410433,0.7278467594719901,0.6996186457131448,0.7366109750299408,0.7275161760710607,0.7122505159356458,0.7084400921273397,0.7005253874595743,0.729559390467363,0.7334192953682391,0.7032538784476832,0.7092836321989313
0.7261841135181482,0.7754451644834499,0.7019767773500802,0.7250887549416474,0.7683942762265674,0.7570609453022683,0.7345293541421732,0.7253980002145816,0.7293636158159384,0.724934697182585,0.7580705991559478,0.7340861848032055,0.7534404900162517,0.7177280401498396,0.7242460380076061,0.747521257483643,0.8028548259264687,0.7577885441232206,0.7260771612902273,0.7351306588638752,0.7511559351142867,0.7410046168926323,0.7511539358110083,0.8126802552162548,0.7751831337025825,1.0,0.746353893261146,0.7124445512892155,0.7328780473028345,0.7367625612288679,0.713824843063055,0.7659900350822549,0.02597470884410147,0.7489555290005998,0.7819923308587162,0.7058012978484252,0.7240273616531046,0.7502979896316949,0.5901232438971544,0.754971466912041,0.7138449193238936,0.7635909142956958,0.746728120429283,0.7246370853462419,0.7252633754422941,0.7183723555967607,0.7664661282530757,0.7662454982286722,0.7282078846500316,0.7315058825556549
0.7725608898257241,0.8025832724166054,0.7499298169111991,0.7501426790599357,0.7811706689169885,0.7759509269812955,0.7869204186737492,0.7636141332895698,0.7775192605174868,0.7524123378391402,0.8241868234716707,0.7644953646711152,0.845397386657813,0.7487155779507457,0.75012892810461,0.7823828543104175,0.7522062314102295,0.826961201547027,0.8091060421376305,0.7891255893468093,0.8214507135673808,0.8090524505126775,0.8375966056430749,0.7487528285532632,0.7247373867888862,0.746353893261146,1.0,0.7527009817832164,0.7760196592317122,0.778017029889635,0.7411322393451709,0.811854935442597,0.02972288944647683,0.8234996644371446,0.7915388377350873,0.7456615806623383,0.7700342912567006,0.843072749034612,0.6051694608048662,0.8499761781360398,0.7391298408734269,0.8054983810840244,0.8665512121145816,0.7590094233233002,0.7523013822349955,0.7652043519076631,0.7999059790476137,0.7995063481720182,0.7589248797968364,0.7760503114979304
0.7638568884652026,0.7685802411526186,0.7465324058585107,0.8346860025031717,0.7308980829303011,0.7446596378942649,0.7438554844269762,0.8827398314896255,0.7605217148982221,0.824336137758681,0.7605539578334565,0.8207079678931686,0.7535055477949012,0.8318486069184434,0.8128588126633756,0.7442927867061695,0.7252026853702023,0.7535554832108968,0.7321942641090105,0.7473728928404222,0.7505163154093217,0.7372016168561786,0.758770711060301,0.7078638283021245,0.6947188524987667,0.7124445512892155,0.7527009817832164,1.0,0.7747602658860967,0.7635633066660148,0.8132983638614872,0.7449038262563221,0.03134912832981207,0.7434377326391948,0.7506387523389388,0.7791587866687749,0.7310186036888378,0.7591741719611664,0.643433360099827,0.7575351383480813,0.812590775955222,0.7536794707473304,0.7552542776810518,0.9172743629885293,0.902579525966368,0.7639773363192989,0.7550239913880429,0.7552870308781261,0.8234629536965615,0.7769452173549005
0.7851742523434913,0.777741209940628,0.7640427463605799,0.7698695137924454,0.760459739681356,0.7701300993220737,0.7628377725060199,0.7801877575699894,0.77975687893457,0.7771588945695098,0.7712351360104038,0.7799457880967873,0.7778399418490659,0.7728271602385309,0.7667383939739765,0.7656799632744195,0.7385073225175693,0.779664232877836,0.751116930716279,0.7671403051741872,0.7686054626470328,0.754164443503555,0.7755014234483921,0.7266877152527763,0.706599110293435,0.7328780473028345,0.7760196592317122,0.7747602658860967,1.0,0.779747080878128,0.764151490350508,0.7611578745883141,0.02524802937297488,0.7660297132108121,0.7651254395924338,0.7522625116942019,0.7511012112381167,0.7697676746952972,0.6245509890416514,0.7759067930740186,0.7599014473125305,0.7727395887495934,0.776861446688299,0.7763333524001388,0.774508873313372,0.7844277031520679,0.7699707984758405,0.7697263366159912,0.7750139423928333,0.8581084801970259
0.8049623899849936,0.7797234809724432,0.7607538454027821,0.764726318937747,0.7618955442326002,0.7551022896708627,0.770650131329175,0.7681723899313769,0.8166837513216185,0.7712179554471827,0.7812729422800122,0.7761641803452515,0.7876048893172237,0.7597153747730512,0.7681645732458927,0.7780426736405949,0.7359996689947634,0.7859381133438321,0.7507359151505997,0.7751012850821999,0.7791335835368518,0.7552626894680431,0.7821993754795066,0.7338709805149428,0.7052401311408205,0.7367625612288679,0.778017029889635,0.7635633066660148,0.779747080878128,1.0,0.7593526075394569,0.7578158476079027,0.02927265469792395,0.7612062358720142,0.7641553274953148,0.7531785560702309,0.7590699196598689,0.7725949150820491,0.6267228934509981,0.7794337555352475,0.7563481741333473,0.7754948772736592,0.7814538602594603,0.767671679289508,0.7628069674562546,0.7748884975034775,0.7750585667221395,0.7759172225380987,0.7667133616269018,0.7915990960113775
0.7569882091764459,0.7531637271658636,0.7357248176623408,0.8290518601338548,0.7338014878787795,0.7350525600295685,0.7406424592321572,0.8168280480471836,0.7611645875571373,0.8354564414927941,0.7476285841223511,0.8124847180828824,0.7473268088448868,0.8198873277914396,0.8195448311449459,0.7417089264024453,0.7200147802839156,0.7467852879928278,0.720186187349948,0.7438752475979914,0.7403413037787909,0.7208599377428424,0.7486309845559382,0.7036740017714285,0.6920435334267567,0.713824843063055,0.7411322393451709,0.8132983638614872,0.764151490350508,0.7593526075394569,1.0,0.73532577097922,0.02888150415725066,0.7325168649616631,0.7391236302029496,0.7675850062460258,0.7285206610521748,0.7380985134115268,0.6399008769046308,0.7465091467542847,0.8559516232478808,0.7506906883719489,0.7423260610055715,0.8208393117762793,0.8160865425792383,0.760235028223081,0.7444167849173423,0.74541721338108,0.8048655417948041,0.7726884020324638
0.7612239072963515,0.7900089878219402,0.7370009267805289,0.7527430421747814,0.7932823170257806,0.7807953356894126,0.7720587013940758,0.7579845728539889,0.7593285358743114,0.7460422850188164,0.801471684077657,0.7561909677133056,0.814844738980129,0.7452550309151447,0.7466560654395946,0.782311560775273,0.7777872027346828,0.806707906585284,0.7954439874786182,0.7753456902812907,0.8001214062261564,0.8031061856136608,0.8163309062820319,0.7669520373325546,0.7719647711547359,0.7659900350822549,0.811854935442597,0.7449038262563221,0.7611578745883141,0.7578158476079027,0.73532577097922,1.0,0.029451408650373656,0.8068195338062667,0.783034667204622,0.7357146380717197,0.7654075606796429,0.8032578868379459,0.6061236091282665,0.8158929324325028,0.7361340122433009,0.7947971115417758,0.8092293575861278,0.752899176953583,0.7522717975704769,0.7506563783150422,0.7906424674652879,0.7917881392209314,0.7397037148467509,0.7600439853662115
0.03204484052926759,0.028265500788193787,0.031794172881729144,0.03149788525652397,0.0308655495098632,0.030563422439747412,0.030232851359241142,0.03136425722516456,0.02698815565008983,0.031745134886311255,0.03267025404394974,0.026394706068650686,0.030009959054183688,0.028957700096101213,0.03247433831713786,0.029727266930998142,0.02471889884422429,0.03127553589683463,0.030139650532244322,0.029468604204171966,0.031215075559429484,0.02969830065225998,0.02985461846567461,0.024593138005530424,0.028321683152218058,0.02597470884410147,0.02972288944647683,0.03134912832981207,0.02524802937297488,0.02927265469792395,0.02888150415725066,0.029451408650373656,1.0,0.02651650713764908,0.02897111210724479,0.0343303134004761,0.027595219768486445,0.02703907280501261,0.02744805607752787,0.028324782690910988,0.02854770819862451,0.025103232488988714,0.02603736113869426,0.03144310679805318,0.02959412668460515,0.035551351408831366,0.03050822218606042,0.030415659901273817,0.027209926054247213,0.025483581656934096
0.766057418917421,0.7877146361731354,0.7445813971706239,0.7412654833336214,0.7805754769807899,0.7868625835930971,0.7851416456956207,0.7539379305012985,0.7674013468363704,0.7405459553843796,0.8097816407950388,0.748542734290012,0.8280324369981094,0.738707916879348,0.7381535347961604,0.7829133343363184,0.7653819407356979,0.8184843140558269,0.8029878426961327,0.7881992112674454,0.8170398967835533,0.8332134536940583,0.8579044414220052,0.7551618235308615,0.7282503678363537,0.7489555290005998,0.8234996644371446,0.7434377326391948,0.7660297132108121,0.7612062358720142,0.7325168649616631,0.8068195338062667,0.02651650713764908,1.0,0.7910640878687945,0.7446145648056918,0.769360395524941,0.8068053302700283,0.6072299421104939,0.8239729451267346,0.7345341344376353,0.8003571310867195,0.8223175014944536,0.7479992589412138,0.7437795915399232,0.7514334674142442,0.7904475212905935,0.7907131286512924,0.745505465240496,0.7691215463875857
0.7594233376694699,0.8316998391552537,0.7333051201444774,0.7504681402483628,0.7763803551768161,0.8113108452975588,0.7675819245127008,0.7577202175083484,0.7614387604927063,0.7489857815759863,0.7989724540072298,0.7571188681967709,0.7912906165031766,0.7518046748753252,0.7443823146607527,0.7706679965863903,0.781167341635012,0.7977989689338562,0.7726856648424715,0.7726131843157928,0.7831767304972923,0.7758634591216139,0.7907135505405578,0.7996352938632073,0.7707381246233427,0.7819923308587162,0.7915388377350873,0.7506387523389388,0.7651254395924338,0.7641553274953148,0.7391236302029496,0.783034667204622,0.02897111210724479,0.7910640878687945,1.0,0.7353535017104871,0.7505722911274323,0.7891989849937064,0.6065805280895333,0.7977445955911698,0.7390712918012362,0.8055282750082368,0.7920810147331161,0.7549580619902829,0.7516581506979574,0.7468730690098999,0.8016778293847135,0.8015598431135773,0.7503656683568461,0.7640640497854174
0.7496193716704971,0.7403533837706475,0.723290249381271,0.7762079714696015,0.7194429745542805,0.7394194804127894,0.7374882014063773,0.7809947528393826,0.7517433870945298,0.7761591803110109,0.7497786124760824,0.7823587698709588,0.7395416550223257,0.7749968766106161,0.7736145068872153,0.7361344363047493,0.7204745984349112,0.754870837354466,0.7277783423501576,0.7387377089182631,0.7452456908455943,0.726231858022647,0.7518648032854123,0.7081982013985426,0.6943642393412341,0.7058012978484252,0.7456615806623383,0.7791587866687749,0.7522625116942019,0.7531785560702309,0.7675850062460258,0.7357146380717197,0.0343303134004761,0.7446145648056918,0.7353535017104871,1.0,0.7242638440043865,0.7378111625659256,0.6404610756945786,0.739780139165906,0.7641642073803694,0.7409415409670892,0.7425562809371316,0.7836687046983873,0.7800857258037682,0.7466471323077604,0.7349081614887325,0.7365881900665769,0.7831830666315238,0.7625254618387997
0.756662481114608,0.7566323083259813,0.7406455390125828,0.7321850174567439,0.7538265724235119,0.7533232633918059,0.9109420735174055,0.739998397487704,0.7647665597088605,0.7348808778600672,0.7642231066054763,0.7422509101604955,0.7740804187721615,0.7283283214332423,0.7292030092477453,0.8860904049740207,0.7262542240135915,0.7845519295909147,0.7634450002967825,0.9121845059705246,0.7864104123460389,0.7612078004638151,0.793294436998945,0.7243930610187159,0.7054146924168598,0.7240273616531046,0.7700342912567006,0.7310186036888378,0.7511012112381167,0.7590699196598689,0.7285206610521748,0.7654075606796429,0.027595219768486445,0.769360395524941,0.7505722911274323,0.7242638440043865,1.0,0.7636004222291118,0.5961390146630046,0.7690351655717377,0.7239892029167061,0.7727715760296524,0.7725399178459191,0.7370570776300568,0.7339627006567637,0.7447041901190927,0.7524046708594152,0.7519969790337873,0.7303326246684483,0.7499819111631262
0.7731561701481997,0.8067588291986585,0.7512149706336582,0.7461162251423324,0.7889334830476951,0.7853768252451407,0.7761063582386766,0.7658613066505868,0.7701458276959403,0.7487542374180867,0.8202906849678785,0.7607195839339992,0.8228461574165875,0.7512066964172395,0.7475675899931629,0.7784189252686797,0.7525958386080847,0.806296163042821,0.7921152211652269,0.7804583959920429,0.8029739186642744,0.7954456598360942,0.8108639494855886,0.7455860224214506,0.7317507267418331,0.7502979896316949,0.843072749034612,0.7591741719611664,0.7697676746952972,0.7725949150820491,0.7380985134115268,0.8032578868379459,0.02703907280501261,0.8068053302700283,0.7891989849937064,0.7378111625659256,0.7636004222291118,1.0,0.6013122770954997,0.8302473362237681,0.7361020381720729,0.7961307643691383,0.8484898751218609,0.7619329055609512,0.7558535020318767,0.75858282867504,0.7993538695062139,0.797995965273143,0.7599827963919217,0.7695785586459162
0.6346878990720557,0.6091995328649533,0.5927691603605482,0.6482762175449948,0.6042564199712896,0.6058112119490587,0.6034733416621194,0.6467972999416413,0.6187018042266825,0.6452005834580754,0.6088808766814879,0.6450041319790292,0.6111714432246154,0.6437994885562056,0.6411895452747018,0.6045843596899944,0.5897932657392058,0.6102171607700138,0.5999236689347849,0.603253484757877,0.6102688195231714,0.5968919973230701,0.6084405931480013,0.5898506504712012,0.581840691410433,0.5901232438971544,0.6051694608048662,0.643433360099827,0.6245509890416514,0.6267228934509981,0.6399008769046308,0.6061236091282665,0.02744805607752787,0.6072299421104939,0.6065805280895333,0.6404610756945786,0.5961390146630046,0.6013122770954997,1.0,0.6054849943324647,0.6390467557761603,0.6097775398746316,0.605850513622745,0.6495958275755187,0.6496913493882649,0.6115820700454773,0.6066422662955058,0.6081828450881818,0.6411673161711184,0.62586882616368
