../ecoli_genomes/GCF_000163235.1_ASM16323v1_genomic.fna.gz,../ecoli_genomes/GCF_000164555.1_ASM16455v1_genomic.fna.gz,../ecoli_genomes/GCF_000208545.1_ASM20854v2_genomic.fna.gz,../ecoli_genomes/GCF_000233875.1_ASM23387v1_genomic.fna.gz,../ecoli_genomes/GCF_000249735.1_ASM24973v2_genomic.fna.gz,../ecoli_genomes/GCF_000261145.1_Esch_coli_M919_V2_genomic.fna.gz,../ecoli_genomes/GCF_000267705.2_ASM26770v2_genomic.fna.gz,../ecoli_genomes/GCF_000350665.1_Esch_coli_KTE5_V1_genomic.fna.gz,../ecoli_genomes/GCF_000351625.1_Esch_coli_KTE66_V1_genomic.fna.gz,../ecoli_genomes/GCF_000352285.1_Esch_coli_KTE46_V1_genomic.fna.gz,../ecoli_genomes/GCF_000358895.1_ASM35889v1_genomic.fna.gz,../ecoli_genomes/GCF_000456385.1_Esch_coli_HVH_26_4-5703913_V1_genomic.fna.gz,../ecoli_genomes/GCF_000458195.1_Esch_coli_HVH_147_4-5893887_V1_genomic.fna.gz,../ecoli_genomes/GCF_000459755.1_Esch_coli_KOEGE_58_171a_V1_genomic.fna.gz,../ecoli_genomes/GCF_000460055.1_Esch_coli_UMEA_3053-1_V1_genomic.fna.gz,../ecoli_genomes/GCF_000462165.2_ASM46216v2_genomic.fna.gz,../ecoli_genomes/GCF_000601135.1_ASM60113v1_genomic.fna.gz,../ecoli_genomes/GCF_000614595.1_Ec2010EL1058_genomic.fna.gz,../ecoli_genomes/GCF_000617745.1_Ec2010C-4529_genomic.fna.gz,../ecoli_genomes/GCF_000618265.2_EcF6751_genomic.fna.gz,../ecoli_genomes/GCF_000619005.2_Ec2009C-4052_genomic.fna.gz,../ecoli_genomes/GCF_000619105.1_Ec2009C-4780_genomic.fna.gz,../ecoli_genomes/GCF_000619765.2_Ec2009C-3279_genomic.fna.gz,../ecoli_genomes/GCF_000687005.1_ASM68700v1_genomic.fna.gz,../ecoli_genomes/GCF_000687025.1_ASM68702v1_genomic.fna.gz,../ecoli_genomes/GCF_000700125.1_ASM70012v1_genomic.fna.gz,../ecoli_genomes/GCF_000753315.1_FHI35_genomic.fna.gz,../ecoli_genomes/GCF_000776375.1_ASM77637v1_genomic.fna.gz,../ecoli_genomes/GCF_000779395.1_ASM77939v1_genomic.fna.gz,../ecoli_genomes/GCF_000780315.1_ASM78031v1_genomic.fna.gz,../ecoli_genomes/GCF_000781995.1_ASM78199v1_genomic.fna.gz,../ecoli_genomes/GCF_000986765.1_ASM98676v1_genomic.fna.gz,../ecoli_genomes/GCF_001041375.1_ViralProj287958_genomic.fna.gz,../ecoli_genomes/GCF_001265335.1_302014_genomic.fna.gz,../ecoli_genomes/GCF_001265625.1_100854_genomic.fna.gz,../ecoli_genomes/GCF_001267345.1_303289_genomic.fna.gz,../ecoli_genomes/GCF_001309985.1_ASM130998v1_genomic.fna.gz,../ecoli_genomes/GCF_001521695.1_ASM152169v1_genomic.fna.gz,../ecoli_genomes/GCF_001592595.1_ASM159259v1_genomic.fna.gz,../ecoli_genomes/GCF_001614975.1_ASM161497v1_genomic.fna.gz,../ecoli_genomes/GCF_001692775.1_ASM169277v1_genomic.fna.gz,../ecoli_genomes/GCF_001748915.1_ASM174891v1_genomic.fna.gz,../ecoli_genomes/GCF_001749235.1_ASM174923v1_genomic.fna.gz,../ecoli_genomes/GCF_001881155.1_ASM188115v1_genomic.fna.gz,../ecoli_genomes/GCF_001881345.1_ASM188134v1_genomic.fna.gz,../ecoli_genomes/GCF_001892405.1_ASM189240v1_genomic.fna.gz,../ecoli_genomes/GCF_001892585.1_ASM189258v1_genomic.fna.gz,../ecoli_genomes/GCF_001893985.1_ASM189398v1_genomic.fna.gz,../ecoli_genomes/GCF_002001595.1_ASM200159v1_genomic.fna.gz,../ecoli_genomes/GCF_002002145.1_ASM200214v1_genomic.fna.gz
1.0,0.3297549188498843,0.26349301438904127,0.2835369873118383,0.30423614435115154,0.3006834823859783,0.30423751764293794,0.30056135222047986,0.39723040021712697,0.2946960285306829,0.326486931593988,0.30440832053424327,0.3165521547830362,0.2825257135196769,0.2753512366600238,0.30967229070524915,0.29648632834848343,0.3099592275127101,0.28741313252654166,0.30750506255141596,0.2967454168061354,0.28886283285795955,0.31089582834542795,0.3197796980904505,0.2985892530881761,0.27121651661786794,0.3120957265893701,0.29050248758135466,0.34150753477822104,0.3881648971046724,0.26618655239413147,0.3091428345722793,0.0,0.30459706147661625,0.31325920701299037,0.2812309218815995,0.28875258213706934,0.3153451509832508,0.26727939863177497,0.3184723106077686,0.268299571850687,0.31051194153701145,0.31384166769403643,0.2994627736067107,0.30883041269776823,0.3125155947280662,0.3121562297009942,0.310644430162097,0.27332763248517444,0.3475651361955945
0.3297549188498843,1.0,0.2451657463360266,0.27848000247987414,0.39209544106725636,0.49203398838336954,0.3448241513464183,0.29121098918226085,0.30233727615086803,0.2903100477869842,0.43178914027178716,0.29340223704018387,0.4228735257512425,0.2736848175752782,0.27425520546486193,0.3453798531444324,0.38766437626670736,0.4251220353493558,0.37153788011633315,0.3554341771135754,0.41007965043209604,0.3779569897023801,0.4217421376186281,0.5005408289001407,0.44481338024703376,0.34612670895688513,0.42503256359916053,0.2896856139216769,0.30681761736493196,0.3101401659816525,0.2638313565396626,0.3972240552163143,0.0,0.39888919011289703,0.5548764855611716,0.26833372105551023,0.32594824871992356,0.4336704798387312,0.25309895920827397,0.4282380202205198,0.26601616711211584,0.4722547217978872,0.42914796233024377,0.2995652799333839,0.2994365536456798,0.2848287851411867,0.481317286683399,0.48608201094874026,0.2871922378710273,0.3073229658734494
0.26349301438904127,0.2451657463360266,1.0,0.20898389943582563,0.2087358666764697,0.20846625669081942,0.21814559964937164,0.21781950192348498,0.2489648102393467,0.2211619623948904,0.241687662839435,0.2143797011871219,0.23152132623009314,0.211711788861647,0.20925282501696496,0.21768083990306453,0.18509052625379063,0.23301121598089392,0.2085136951801143,0.22289216477999296,0.22837581779501392,0.21031433262586008,0.23543022993214313,0.20648358208418005,0.18575584931530542,0.1618487417878608,0.23393942401752688,0.2173019338530946,0.24810763148609172,0.25032425988013296,0.2039314860675736,0.2163783174374977,0.0,0.22514842763199439,0.22431933448044072,0.21835488685388105,0.20387378211203777,0.23384222356869866,0.1986637200136112,0.2347651143848305,0.20882493866371854,0.2271192267752019,0.23724791495365327,0.2213713701148583,0.21903408117281997,0.22873617705405724,0.23248901217686868,0.23392195440202956,0.21815677713539317,0.2514768946223709
0.2835369873118383,0.27848000247987414,0.20898389943582563,1.0,0.2974821734913371,0.2615044933237415,0.2527012814542243,0.5029183939979828,0.28842162962996176,0.5346230743838011,0.27530202427783845,0.503871766180439,0.2856420421985736,0.541423993050994,0.5566104375063281,0.27203066133092124,0.2475931448333386,0.2635578164225225,0.23912278074043192,0.25765978783482935,0.25640152540612227,0.2445568141792155,0.27185397845574155,0.26645562756113506,0.25419816310669463,0.21975205818691335,0.26596693817563755,0.5132960266438619,0.2975665919657309,0.2800265797903343,0.5070079631437021,0.28751339174184576,0.0,0.26000261344826336,0.26519321703205767,0.4164250798367728,0.24966709272195065,0.2639083340834729,0.4382554499302066,0.26323122985166214,0.5367467118376059,0.26306465282424674,0.26719329181791074,0.5234493323005134,0.5143518085738151,0.2899671097795772,0.2598817961595551,0.2619455702214719,0.45003998929767874,0.3149210377761158
0.30423614435115154,0.39209544106725636,0.2087358666764697,0.2974821734913371,1.0,0.39688344725993896,0.31329653362392207,0.3010550087553827,0.3242546939774429,0.29589680589977263,0.5116676860486737,0.27947980346207757,0.4958912914159138,0.27148421070408657,0.3034515756864111,0.3751769082771579,0.3802819988606424,0.4080984496590503,0.37559891231033815,0.3221460749393472,0.4164125472285335,0.38558046514457867,0.42435813521983423,0.42529745408712216,0.402185348430835,0.35567051570788877,0.4351376277535075,0.25930914711240105,0.2757478841248263,0.31843582064213505,0.28100406272100087,0.48116754877886525,0.0,0.4376681558437292,0.4068666669063761,0.2519558786628283,0.3290686554825655,0.43371804730671326,0.2561657399888463,0.4444580771146679,0.28881891128847925,0.405536600974963,0.44683326654176847,0.28053030348164143,0.27945993307343764,0.2589401138831755,0.404672344161776,0.4052691203601112,0.25483357017792996,0.28705885344105
0.3006834823859783,0.49203398838336954,0.20846625669081942,0.2615044933237415,0.39688344725993896,1.0,0.35427545493281287,0.2831507795418532,0.2789627133402487,0.255185566865187,0.4038395952430325,0.2751011627804697,0.3853097839818139,0.25413593731430184,0.25849397658071493,0.357201161324072,0.3914864743807229,0.40402966404847296,0.3582973405832812,0.331515590280006,0.36431978346481186,0.43874921502839936,0.3781727559790824,0.4722551804127352,0.4550815340765614,0.3720830659179074,0.36976559226683503,0.2578739212548333,0.2719303496405223,0.27496105335430254,0.23738071509063852,0.3893788548783286,0.0,0.3775384221556647,0.5301014206274147,0.26083365044767415,0.3365293300936194,0.38830304258124393,0.25655480147873544,0.3819460424712796,0.2457861276997304,0.4388649791119431,0.38500834452765986,0.27209155114668704,0.26931274206739253,0.25079080054326,0.437575587555326,0.43981364118639577,0.24667650197600988,0.28562379073111044
0.30423751764293794,0.3448241513464183,0.21814559964937164,0.2527012814542243,0.31329653362392207,0.35427545493281287,1.0,0.26399253688533486,0.2905034417417316,0.24930499359884883,0.36406333359188925,0.26253871658254446,0.3406805790718923,0.24533382092404477,0.2455958811588772,0.7255959231194795,0.28756951826126076,0.3769126059231841,0.3415091178386811,0.8336699664296069,0.37910838838606,0.3577932428701778,0.377340348219091,0.3169579249000931,0.2973682599515264,0.2656727387373784,0.3482534735750169,0.2530117230434086,0.27854856738806,0.28802594877174703,0.2337007717741354,0.34108068322654594,0.0,0.3426468332363799,0.3663282668279444,0.27429489030236864,0.7519702128342971,0.34197664082228885,0.24546110228960583,0.34932468986578546,0.23615354713245096,0.3422019084184966,0.3498962308097192,0.26215305764844365,0.26118076380082944,0.2673997076894088,0.33578691103462055,0.33838553610132416,0.24418105173647497,0.28919871398458774
0.30056135222047986,0.29121098918226085,0.21781950192348498,0.5029183939979828,0.3010550087553827,0.2831507795418532,0.26399253688533486,1.0,0.290562055716752,0.5090390208050601,0.28597943841649176,0.4829735068591843,0.2951945970683051,0.4874788248394686,0.48300418779222254,0.27862464482054883,0.25079806895416124,0.2733092623476433,0.25716659845352763,0.26469963315685274,0.26493374640653666,0.2565835703859961,0.2781594819463383,0.2833724956408781,0.25896002884955527,0.22669397317846507,0.27708697708528085,0.6862097765481758,0.312168917585291,0.28610180027341925,0.46850591019762067,0.2873695590194343,0.0,0.27349549034942233,0.2770360267442533,0.4114523860820013,0.25622845482526846,0.29020643010672065,0.43569037976409997,0.27996001462922504,0.47655856394773766,0.27658682612784624,0.2843497786284074,0.6974899088552678,0.6703565277373318,0.2972067228290297,0.26833635149660073,0.2703075963596726,0.44628361360966917,0.31771702031825055
0.39723040021712697,0.30233727615086803,0.2489648102393467,0.28842162962996176,0.3242546939774429,0.2789627133402487,0.2905034417417316,0.290562055716752,1.0,0.2958499284741297,0.311956758326723,0.2747470282783353,0.32805145076540865,0.2781478506155577,0.2862588058911588,0.3130214739071401,0.25022002218842554,0.29868982583019665,0.26631074108154684,0.2989789579346309,0.29160216648663106,0.27575351220108446,0.3006602782182153,0.28951473498043645,0.261817853508748,0.22843740612243157,0.3088318125096148,0.2721100356762064,0.32222716152212616,0.4185519316331806,0.2762997775379057,0.304264043871983,0.0,0.2933096913102625,0.2950854535285997,0.27955421738194086,0.28545027763235753,0.2951418130596214,0.2574143807936976,0.304597838453481,0.2790233121093405,0.2983234959376707,0.31232147255499987,0.2820809262281525,0.2761279932123153,0.3091436633549012,0.29023289426413834,0.29180526672601304,0.2701100387108478,0.3390148457044734
0.2946960285306829,0.2903100477869842,0.2211619623948904,0.5346230743838011,0.29589680589977263,0.255185566865187,0.24930499359884883,0.5090390208050601,0.2958499284741297,1.0,0.28795292439461573,0.48723053523718785,0.29865946420682943,0.512048176772322,0.5047739585408473,0.27263707649020774,0.23461489021819382,0.2705646685476282,0.24261256624397576,0.25661975092942335,0.26149756215484754,0.24729606900237577,0.27221862404399155,0.2637138034432486,0.24072350217075178,0.20948681450350504,0.2774445455793647,0.49871220852742126,0.30883658166699013,0.29071502871061794,0.5148156448348487,0.2725869977763151,0.0,0.2616535195505467,0.26551762871375395,0.4328224573686549,0.2453168148422824,0.27355970671831886,0.44516832348981583,0.2763667888889988,0.5282355869725041,0.26716755669110603,0.2768107212653955,0.5075734705162674,0.509552609392718,0.29120081490923255,0.26584047308034264,0.26770880150234944,0.47179537103972313,0.315481605073885
0.326486931593988,0.43178914027178716,0.241687662839435,0.27530202427783845,0.5116676860486737,0.4038395952430325,0.36406333359188925,0.28597943841649176,0.311956758326723,0.28795292439461573,1.0,0.28159439630961935,0.5332563344309014,0.27393754452120567,0.2754963449367128,0.3699650088747075,0.34496601286693707,0.49042432733473695,0.44377130549820865,0.3651992656624323,0.48361829295822933,0.47568073333887173,0.4924364854410467,0.39844233406312546,0.34398371527215155,0.3172699932573051,0.5051557786228573,0.2793138528254553,0.29394390010808913,0.3145680807638267,0.263405388469116,0.4664383536302896,0.0,0.4637655531009037,0.43720496442550283,0.28446821391975163,0.3493517606649532,0.48860177466884935,0.26357023298202853,0.5277653099200994,0.2651678324612535,0.4452883410052695,0.5123977603187764,0.2857124649112427,0.2850399251739072,0.2793849463590853,0.4385991672101861,0.443174274840608,0.27197563317260287,0.3076672292568712
0.30440832053424327,0.29340223704018387,0.2143797011871219,0.503871766180439,0.27947980346207757,0.2751011627804697,0.26253871658254446,0.4829735068591843,0.2747470282783353,0.48723053523718785,0.28159439630961935,1.0,0.2758265031256256,0.49179903490740595,0.6012902036274602,0.27110647720562664,0.263491811314825,0.2681112330072205,0.24721956208201812,0.2576532903139487,0.2608795868751528,0.25729218009452615,0.2721371576488919,0.2811988127049265,0.2649763376738635,0.24391977335087567,0.2663489721074441,0.48042899965616903,0.30888969289544554,0.27439905639327744,0.45329551594266726,0.28009298853656484,0.0,0.26766308859138066,0.2803529834431139,0.40903666279062023,0.25195733699765743,0.2793847911597328,0.42710544385158433,0.2723052831157323,0.46232285181960664,0.268802102736278,0.2739363472389954,0.4957544184667051,0.4921897176015323,0.2897797771639131,0.27561516461877933,0.2749386951773676,0.4305481291046741,0.30808375117230047
0.3165521547830362,0.4228735257512425,0.23152132623009314,0.2856420421985736,0.4958912914159138,0.3853097839818139,0.3406805790718923,0.2951945970683051,0.32805145076540865,0.29865946420682943,0.5332563344309014,0.2758265031256256,1.0,0.2704389052408557,0.2890165717992752,0.3705256806612103,0.34254582828398406,0.4911692764346356,0.4866427985107874,0.3533678474349222,0.5044358834746681,0.5151577766557235,0.5469551948365111,0.3996220790891346,0.3518495309477586,0.3121354063621966,0.5335077687295378,0.2761707474935641,0.29017221290354356,0.3292987376480422,0.2706819728834412,0.511423799662935,0.0,0.5137199827445584,0.4218141679504961,0.27137821050569777,0.3443821673141134,0.5051321441552582,0.26247288302429694,0.5389665683303,0.276968819563467,0.4341168685894431,0.5307395239122019,0.2831931092460611,0.2793751774716897,0.27067186143820676,0.42474005474922516,0.4281506728879837,0.2701353247979055,0.3012745588929905
0.2825257135196769,0.2736848175752782,0.211711788861647,0.541423993050994,0.27148421070408657,0.25413593731430184,0.24533382092404477,0.4874788248394686,0.2781478506155577,0.512048176772322,0.27393754452120567,0.49179903490740595,0.2704389052408557,1.0,0.5420801480771726,0.25358698095780907,0.2243400527062338,0.2639193248296152,0.2384660246693039,0.2527856804786799,0.2518090463716812,0.2415374113441443,0.2667258942807308,0.24594025548442167,0.2265366058253041,0.1978616953746425,0.2680501043222895,0.5108103732515921,0.30831327693279065,0.2713104258039596,0.4905248488052416,0.262062440775645,0.0,0.25577064207624933,0.2608215406200657,0.41101715819091555,0.23846370261402927,0.26660320705078255,0.43006445575680385,0.26312305656337653,0.5102585009979973,0.25897018582161346,0.26693228898802757,0.5128165543761664,0.504040706327463,0.2968099982286254,0.2586699284194707,0.2616658532110787,0.457026252933319,0.31737295793058307
0.2753512366600238,0.27425520546486193,0.20925282501696496,0.5566104375063281,0.3034515756864111,0.25849397658071493,0.2455958811588772,0.48300418779222254,0.2862588058911588,0.5047739585408473,0.2754963449367128,0.6012902036274602,0.2890165717992752,0.5420801480771726,1.0,0.27284353695476316,0.24059615505284182,0.26507397750437367,0.23757996368391543,0.2533639558957188,0.2539126130099767,0.24095544889330567,0.269447265961564,0.2649347186282014,0.24578185314994783,0.21146323494940478,0.266783919161277,0.4809939958558348,0.2951006768037234,0.28012697466446324,0.5003356257339302,0.27980299565070843,0.0,0.2578249288533644,0.2657022559014246,0.40436201927319626,0.2490736546943112,0.26471796610451603,0.42970027118948306,0.2663938958316888,0.5139903982898768,0.2643183968423187,0.26764665824100153,0.4898864839857531,0.48059535830060895,0.2885485300009307,0.26512463654398066,0.26857235644774635,0.43584013985736414,0.31804947619754487
0.30967229070524915,0.3453798531444324,0.21768083990306453,0.27203066133092124,0.3751769082771579,0.357201161324072,0.7255959231194795,0.27862464482054883,0.3130214739071401,0.27263707649020774,0.3699650088747075,0.27110647720562664,0.3705256806612103,0.25358698095780907,0.27284353695476316,1.0,0.3046369348819761,0.36259602163819427,0.3528082648248043,0.7287091513327459,0.36004339075346936,0.35526183201054806,0.36814385326689125,0.34125596522620205,0.3271972766139597,0.2857218341658422,0.34444334553246014,0.2556894208854602,0.2823472768301154,0.31445162865162946,0.2612654684527421,0.3624259998321332,0.0,0.3443169709837315,0.3639002583539218,0.27109656195978715,0.7356806472801662,0.34238983239824405,0.24332826733440305,0.3439906634628316,0.2601890734317912,0.34509636049153947,0.3525497183951245,0.2697590467606036,0.26945360541026364,0.2644288055281908,0.33722526603305913,0.33901975490964,0.24840918086275232,0.2894382779389276
0.29648632834848343,0.38766437626670736,0.18509052625379063,0.2475931448333386,0.3802819988606424,0.3914864743807229,0.28756951826126076,0.25079806895416124,0.25022002218842554,0.23461489021819382,0.34496601286693707,0.263491811314825,0.34254582828398406,0.2243400527062338,0.24059615505284182,0.3046369348819761,1.0,0.3306582752858658,0.2977874698756653,0.2865565988441131,0.32373846376532833,0.31108716859059726,0.33565564595168884,0.5599749312058884,0.5580264476319703,0.6116664620589528,0.32571021504600084,0.23584435730451048,0.23987912085813723,0.25766664810792494,0.22055394981433574,0.42461105076194694,0.0,0.35667906215097156,0.43451130627871837,0.2238100600426084,0.28642628577570994,0.32647624731984526,0.23827860233833476,0.3463859848824915,0.2220362425764747,0.3706315556575306,0.33449240719466355,0.2539594434190572,0.2592749716610494,0.22378634332579994,0.4254067873199687,0.40035000745417415,0.21516036862424714,0.2539114670770244
0.3099592275127101,0.4251220353493558,0.23301121598089392,0.2635578164225225,0.4080984496590503,0.40402966404847296,0.3769126059231841,0.2733092623476433,0.29868982583019665,0.2705646685476282,0.49042432733473695,0.2681112330072205,0.4911692764346356,0.2639193248296152,0.26507397750437367,0.36259602163819427,0.3306582752858658,1.0,0.4756427930925041,0.3850317956367628,0.5119323621694536,0.47704911766374913,0.5203683449012106,0.3781373580902996,0.3279435516634056,0.2989498817900098,0.49552098106647413,0.2697552537298502,0.29098297092309156,0.3011840238495792,0.24950175579636036,0.4443644496437663,0.0,0.4621358389525634,0.4264408449234637,0.28565352449151915,0.35574545357802323,0.4674959060372951,0.2588382103613366,0.5010668993048203,0.25188985193072755,0.42775454728095785,0.49092361234655335,0.26946947045540837,0.2687098970142724,0.26906307089224735,0.4283105203463142,0.4336394501350952,0.2603914296010805,0.29943464996201774
0.28741313252654166,0.37153788011633315,0.2085136951801143,0.23912278074043192,0.37559891231033815,0.3582973405832812,0.3415091178386811,0.25716659845352763,0.26631074108154684,0.24261256624397576,0.44377130549820865,0.24721956208201812,0.4866427985107874,0.2384660246693039,0.23757996368391543,0.3528082648248043,0.2977874698756653,0.4756427930925041,1.0,0.33914850531427876,0.46389469064432554,0.4874709158916323,0.4669102775890588,0.34154470451960905,0.31165206908007825,0.26550375077615795,0.44327557794568817,0.24882766218182473,0.26256417255736,0.27428777300719354,0.23175508106225529,0.43474800269708325,0.0,0.43191621578326167,0.3808414460307943,0.2537998642940702,0.3370386465046227,0.4248504691922296,0.23204169391061114,0.44687358669969257,0.22864865228226405,0.37145584319360736,0.4434051902394043,0.255213934612349,0.2549083102077112,0.24027162811659764,0.37297855928261636,0.3764905248354159,0.23535429935915608,0.2651242716919001
0.30750506255141596,0.3554341771135754,0.22289216477999296,0.25765978783482935,0.3221460749393472,0.331515590280006,0.8336699664296069,0.26469963315685274,0.2989789579346309,0.25661975092942335,0.3651992656624323,0.2576532903139487,0.3533678474349222,0.2527856804786799,0.2533639558957188,0.7287091513327459,0.2865565988441131,0.3850317956367628,0.33914850531427876,1.0,0.3835819498689049,0.3419457690019545,0.3865325128219982,0.3212318685984643,0.2875956128644477,0.2560938149682652,0.35940911387027286,0.259247229951049,0.286647390797397,0.2979894211861025,0.24029469106005064,0.3379075995204057,0.0,0.3470928780856213,0.3596263399548111,0.27172128783060745,0.7551503076615139,0.3465890898339459,0.24829562915087666,0.3579438401520676,0.24392648311317833,0.35221955515388115,0.35999864082203037,0.26306538242942934,0.26236714781183,0.27237730940533866,0.3451931951773698,0.34789145435226787,0.2520886467033343,0.29694174946199137
0.2967454168061354,0.41007965043209604,0.22837581779501392,0.25640152540612227,0.4164125472285335,0.36431978346481186,0.37910838838606,0.26493374640653666,0.29160216648663106,0.26149756215484754,0.48361829295822933,0.2608795868751528,0.5044358834746681,0.2518090463716812,0.2539126130099767,0.36004339075346936,0.32373846376532833,0.5119323621694536,0.46389469064432554,0.3835819498689049,1.0,0.4801937787530042,0.5419035827866725,0.3659446878111806,0.3157946537234336,0.2914481050716018,0.5100874978907214,0.26497162033349175,0.27816792611932295,0.2988742464256485,0.24123917773448555,0.46255569835703314,0.0,0.4887456165748467,0.41180139054254616,0.27100275978462485,0.3605890278469943,0.4866686359719822,0.24720499265869722,0.5215628047208369,0.24674944744780447,0.4052217003615247,0.5064545357369851,0.2668920787194624,0.2651383343297451,0.26802740073164866,0.4213312810385843,0.4250335902784782,0.2554449761125006,0.2901662669257582
0.28886283285795955,0.3779569897023801,0.21031433262586008,0.2445568141792155,0.38558046514457867,0.43874921502839936,0.3577932428701778,0.2565835703859961,0.27575351220108446,0.24729606900237577,0.47568073333887173,0.25729218009452615,0.5151577766557235,0.2415374113441443,0.24095544889330567,0.35526183201054806,0.31108716859059726,0.47704911766374913,0.4874709158916323,0.3419457690019545,0.4801937787530042,1.0,0.641664496272917,0.3429618591728528,0.31650055278676736,0.28518780615559913,0.47404084587517537,0.2482303980924644,0.26224917124825164,0.27762298248552086,0.23216047162771491,0.4523765316941778,0.0,0.554424892281743,0.3975434142474582,0.2611589677256333,0.33302757446211706,0.45898544379398365,0.2332325895685189,0.4825249085911535,0.23226720439901216,0.38038690626216687,0.481837215441973,0.2581243998232887,0.2529625895505694,0.25386190658818275,0.3826131183255421,0.3854452500581209,0.24298148551530507,0.27658812308881586
0.31089582834542795,0.4217421376186281,0.23543022993214313,0.27185397845574155,0.42435813521983423,0.3781727559790824,0.377340348219091,0.2781594819463383,0.3006602782182153,0.27221862404399155,0.4924364854410467,0.2721371576488919,0.5469551948365111,0.2667258942807308,0.269447265961564,0.36814385326689125,0.33565564595168884,0.5203683449012106,0.4669102775890588,0.3865325128219982,0.5419035827866725,0.641664496272917,1.0,0.3732567509045217,0.3295219548217678,0.2914124858626528,0.53390497067447,0.27494916402986724,0.2946551842204166,0.3010008583254242,0.25852889744331564,0.4805624072596285,0.0,0.6172661453934136,0.41767132210050284,0.27804747912659356,0.3575973737135486,0.5058151187853286,0.25972824574097175,0.5291437901931606,0.2590266767707271,0.4173646558219609,0.5293523772765667,0.2772951319578907,0.27556436100028303,0.2736950958829574,0.421099591334297,0.42434191732201276,0.2662764399670544,0.29980602255727207
0.3197796980904505,0.5005408289001407,0.20648358208418005,0.26645562756113506,0.42529745408712216,0.4722551804127352,0.3169579249000931,0.2833724956408781,0.28951473498043645,0.2637138034432486,0.39844233406312546,0.2811988127049265,0.3996220790891346,0.24594025548442167,0.2649347186282014,0.34125596522620205,0.5599749312058884,0.3781373580902996,0.34154470451960905,0.3212318685984643,0.3659446878111806,0.3429618591728528,0.3732567509045217,1.0,0.5741653024784024,0.5323726264227598,0.3766947537823997,0.25456586841035866,0.26862565145803197,0.29509657971739056,0.2459009892432864,0.42658117335833945,0.0,0.39123071647737084,0.5515134690445467,0.24592934484026685,0.3161792878260906,0.36416402489804867,0.25159279693561887,0.38710500023093564,0.2479756909187859,0.43689742390893105,0.37833961048740905,0.2774326324104731,0.28196613852738117,0.2498551588700364,0.46021492134685826,0.44322395927136793,0.24202957083641818,0.28447458957878013
0.2985892530881761,0.44481338024703376,0.18575584931530542,0.25419816310669463,0.402185348430835,0.4550815340765614,0.2973682599515264,0.25896002884955527,0.261817853508748,0.24072350217075178,0.34398371527215155,0.2649763376738635,0.3518495309477586,0.2265366058253041,0.24578185314994783,0.3271972766139597,0.5580264476319703,0.3279435516634056,0.31165206908007825,0.2875956128644477,0.3157946537234336,0.31650055278676736,0.3295219548217678,0.5741653024784024,1.0,0.5691170718123774,0.323263370096853,0.23020900273479727,0.23490905749438828,0.2667224929006353,0.22904179960561,0.42749953472168434,0.0,0.34130958547080736,0.48588277825874904,0.22290959052528947,0.29831065214028396,0.336700992444265,0.23832572599018143,0.3406979396992077,0.22960784750630925,0.37739070557116994,0.3371776361072054,0.26666939202271556,0.2655974931803462,0.22534672497259978,0.41576427034267416,0.394171171616585,0.2259421144343734,0.25185219758470023
0.27121651661786794,0.34612670895688513,0.1618487417878608,0.21975205818691335,0.35567051570788877,0.3720830659179074,0.2656727387373784,0.22669397317846507,0.22843740612243157,0.20948681450350504,0.3172699932573051,0.24391977335087567,0.3121354063621966,0.1978616953746425,0.21146323494940478,0.2857218341658422,0.6116664620589528,0.2989498817900098,0.26550375077615795,0.2560938149682652,0.2914481050716018,0.28518780615559913,0.2914124858626528,0.5323726264227598,0.5691170718123774,1.0,0.2917111021313894,0.21074930672846315,0.21068309423151022,0.2367254383635462,0.19603566753157375,0.380673088263756,0.0,0.31121926598482097,0.39864675354366697,0.19946804954374742,0.2661707808939785,0.30072339330645714,0.2203398329259174,0.31944401717828774,0.19979620974844736,0.34014335203520996,0.29526464340097924,0.23677167899028506,0.2326381322871972,0.20382160607848598,0.39623162273675205,0.36517744080402526,0.1975029183631999,0.22962997587663436
0.3120957265893701,0.42503256359916053,0.23393942401752688,0.26596693817563755,0.4351376277535075,0.36976559226683503,0.3482534735750169,0.27708697708528085,0.3088318125096148,0.2774445455793647,0.5051557786228573,0.2663489721074441,0.5335077687295378,0.2680501043222895,0.266783919161277,0.34444334553246014,0.32571021504600084,0.49552098106647413,0.44327557794568817,0.35940911387027286,0.5100874978907214,0.47404084587517537,0.53390497067447,0.3766947537823997,0.323263370096853,0.2917111021313894,1.0,0.2701349497573542,0.29437103500661865,0.30614834907182786,0.2556482883255875,0.47899093150075545,0.0,0.48890451795198453,0.4159972822663517,0.2690652767543108,0.33313205837156035,0.5806522185985452,0.24894059417788295,0.5480852057812899,0.25912599677135995,0.42136534696700156,0.6141558600379204,0.2775795533629437,0.2716278558897528,0.2799205339414572,0.41932964580917975,0.4224309616891184,0.2643177027157565,0.302294811186427
0.29050248758135466,0.2896856139216769,0.2173019338530946,0.5132960266438619,0.25930914711240105,0.2578739212548333,0.2530117230434086,0.6862097765481758,0.2721100356762064,0.49871220852742126,0.2793138528254553,0.48042899965616903,0.2761707474935641,0.5108103732515921,0.4809939958558348,0.2556894208854602,0.23584435730451048,0.2697552537298502,0.24882766218182473,0.259247229951049,0.26497162033349175,0.2482303980924644,0.27494916402986724,0.25456586841035866,0.23020900273479727,0.21074930672846315,0.2701349497573542,1.0,0.316270623623236,0.27263483584566117,0.46140070848722603,0.27142799633546977,0.0,0.2629423451586814,0.2618542149527233,0.41151178717159376,0.24227814695629124,0.28321946756945293,0.4287653605284085,0.26895701686586615,0.4775980618668274,0.26441329273095626,0.27424020690533624,0.7851590974765474,0.7482632243088925,0.2938352109928075,0.2695973810996376,0.27041724597149686,0.46304274750943397,0.3111567234983792
0.34150753477822104,0.30681761736493196,0.24810763148609172,0.2975665919657309,0.2757478841248263,0.2719303496405223,0.27854856738806,0.312168917585291,0.32222716152212616,0.30883658166699013,0.29394390010808913,0.30888969289544554,0.29017221290354356,0.30831327693279065,0.2951006768037234,0.2823472768301154,0.23987912085813723,0.29098297092309156,0.26256417255736,0.286647390797397,0.27816792611932295,0.26224917124825164,0.2946551842204166,0.26862565145803197,0.23490905749438828,0.21068309423151022,0.29437103500661865,0.316270623623236,1.0,0.31879499461067495,0.283868975640456,0.2777958547468289,0.0,0.2883236687403561,0.2824000081822673,0.3053027401615612,0.2669826104737304,0.2961689535273284,0.280441859730172,0.2919815263002,0.2842564871931449,0.28287156327743335,0.294349075084139,0.3093062271352258,0.3092180261957219,0.38736585878978225,0.2878138231540529,0.2880379880794347,0.30071591597722014,0.61170820193948
0.3881648971046724,0.3101401659816525,0.25032425988013296,0.2800265797903343,0.31843582064213505,0.27496105335430254,0.28802594877174703,0.28610180027341925,0.4185519316331806,0.29071502871061794,0.3145680807638267,0.27439905639327744,0.3292987376480422,0.2713104258039596,0.28012697466446324,0.31445162865162946,0.25766664810792494,0.3011840238495792,0.27428777300719354,0.2979894211861025,0.2988742464256485,0.27762298248552086,0.3010008583254242,0.29509657971739056,0.2667224929006353,0.2367254383635462,0.30614834907182786,0.27263483584566117,0.31879499461067495,1.0,0.2726302067129228,0.3001719135931874,0.0,0.29020000496460874,0.29660156623514355,0.2738470327679432,0.2850978172203167,0.2998235017698915,0.251262427614111,0.3114085939267389,0.2766872431744162,0.3003720931436109,0.3125536655782454,0.2788565104639753,0.27527229090926,0.31772072863921075,0.3023882628757194,0.3026800201340396,0.26699718219975044,0.3360215849347479
0.26618655239413147,0.2638313565396626,0.2039314860675736,0.5070079631437021,0.28100406272100087,0.23738071509063852,0.2337007717741354,0.46850591019762067,0.2762997775379057,0.5148156448348487,0.263405388469116,0.45329551594266726,0.2706819728834412,0.4905248488052416,0.5003356257339302,0.2612654684527421,0.22055394981433574,0.24950175579636036,0.23175508106225529,0.24029469106005064,0.24123917773448555,0.23216047162771491,0.25852889744331564,0.2459009892432864,0.22904179960561,0.19603566753157375,0.2556482883255875,0.46140070848722603,0.283868975640456,0.2726302067129228,1.0,0.26061370652160576,0.0,0.25062250310997936,0.24873210706548787,0.3939932124295801,0.23177776773194636,0.25196521348065337,0.40102110911358724,0.2526588833484257,0.6528946841899297,0.2517695080494744,0.255439065890386,0.4715697530952522,0.4615371654799222,0.2757391222620327,0.24787015245193844,0.25032309220034166,0.42119594831144813,0.2907597283907155
0.3091428345722793,0.3972240552163143,0.2163783174374977,0.28751339174184576,0.48116754877886525,0.3893788548783286,0.34108068322654594,0.2873695590194343,0.304264043871983,0.2725869977763151,0.4664383536302896,0.28009298853656484,0.511423799662935,0.262062440775645,0.27980299565070843,0.3624259998321332,0.42461105076194694,0.4443644496437663,0.43474800269708325,0.3379075995204057,0.46255569835703314,0.4523765316941778,0.4805624072596285,0.42658117335833945,0.42749953472168434,0.380673088263756,0.47899093150075545,0.27142799633546977,0.2777958547468289,0.3001719135931874,0.26061370652160576,1.0,0.0,0.4656895408361571,0.4074876884797144,0.2551630418571622,0.34373693557128926,0.47680908299717295,0.25683979493583065,0.48413035300336815,0.2593334367649973,0.4039636489461931,0.49322178206387857,0.2798504963453745,0.2814373345477784,0.26040019841430173,0.41389436004080105,0.40687666478414497,0.24791199620032767,0.2866134051005419
0.0,0.0,0.0,0.0,0.0,0.0,0.0,0.0,0.0,0.0,0.0,0.0,0.0,0.0,0.0,0.0,0.0,0.0,0.0,0.0,0.0,0.0,0.0,0.0,0.0,0.0,0.0,0.0,0.0,0.0,0.0,0.0,1.0,0.0,0.0,0.0,0.0,0.0,0.0,0.0,0.0,0.0,0.0,0.0,0.0,0.0,0.0,0.0,0.0,0.0
0.30459706147661625,0.39888919011289703,0.22514842763199439,0.26000261344826336,0.4376681558437292,0.3775384221556647,0.3426468332363799,0.27349549034942233,0.2933096913102625,0.2616535195505467,0.4637655531009037,0.26766308859138066,0.5137199827445584,0.25577064207624933,0.2578249288533644,0.3443169709837315,0.35667906215097156,0.4621358389525634,0.43191621578326167,0.3470928780856213,0.4887456165748467,0.554424892281743,0.6172661453934136,0.39123071647737084,0.34130958547080736,0.31121926598482097,0.48890451795198453,0.2629423451586814,0.2883236687403561,0.29020000496460874,0.25062250310997936,0.4656895408361571,0.0,1.0,0.40846356885706925,0.27727192425336067,0.325780920655241,0.4698448510498422,0.27065062963683617,0.4904293906507605,0.24947010139443926,0.40320429429344007,0.49804574245824196,0.26803376873213625,0.270219947666278,0.2621005085334499,0.40727584155507723,0.4070471361198015,0.25344643203957984,0.2906129172508196
0.31325920701299037,0.5548764855611716,0.22431933448044072,0.26519321703205767,0.4068666669063761,0.5301014206274147,0.3663282668279444,0.2770360267442533,0.2950854535285997,0.26551762871375395,0.43720496442550283,0.2803529834431139,0.4218141679504961,0.2608215406200657,0.2657022559014246,0.3639002583539218,0.43451130627871837,0.4264408449234637,0.3808414460307943,0.3596263399548111,0.41180139054254616,0.3975434142474582,0.41767132210050284,0.5515134690445467,0.48588277825874904,0.39864675354366697,0.4159972822663517,0.2618542149527233,0.2824000081822673,0.29660156623514355,0.24873210706548787,0.4074876884797144,0.0,0.40846356885706925,1.0,0.27238716928653184,0.3441718264132395,0.40710053188294504,0.2583495985577997,0.4268733494716135,0.2514861796607819,0.4776738589788545,0.4243401972815847,0.27446093403964356,0.27432954617291994,0.2686169388500228,0.4743942881237989,0.4751598114911352,0.2594584139456806,0.29662785873131015
0.2812309218815995,0.26833372105551023,0.21835488685388105,0.4164250798367728,0.2519558786628283,0.26083365044767415,0.27429489030236864,0.4114523860820013,0.27955421738194086,0.4328224573686549,0.28446821391975163,0.40903666279062023,0.27137821050569777,0.41101715819091555,0.40436201927319626,0.27109656195978715,0.2238100600426084,0.28565352449151915,0.2537998642940702,0.27172128783060745,0.27100275978462485,0.2611589677256333,0.27804747912659356,0.24592934484026685,0.22290959052528947,0.19946804954374742,0.2690652767543108,0.41151178717159376,0.3053027401615612,0.2738470327679432,0.3939932124295801,0.2551630418571622,0.0,0.27727192425336067,0.27238716928653184,1.0,0.25970811642388014,0.2622994610588194,0.42074799449770206,0.273590369868556,0.40276888541396594,0.2664288590750349,0.27024095450732244,0.41867616652937156,0.4177552499919952,0.28855056639732657,0.2600330141405863,0.26186224857870355,0.4080723874743598,0.3136268230283302
0.28875258213706934,0.32594824871992356,0.20387378211203777,0.24966709272195065,0.3290686554825655,0.3365293300936194,0.7519702128342971,0.25622845482526846,0.28545027763235753,0.2453168148422824,0.3493517606649532,0.25195733699765743,0.3443821673141134,0.23846370261402927,0.2490736546943112,0.7356806472801662,0.28642628577570994,0.35574545357802323,0.3370386465046227,0.7551503076615139,0.3605890278469943,0.33302757446211706,0.3575973737135486,0.3161792878260906,0.29831065214028396,0.2661707808939785,0.33313205837156035,0.24227814695629124,0.2669826104737304,0.2850978172203167,0.23177776773194636,0.34373693557128926,0.0,0.325780920655241,0.3441718264132395,0.25970811642388014,1.0,0.3248485179944066,0.2384932732240076,0.3256530722620564,0.23454397931260973,0.3288015058741395,0.3386493504546987,0.2511573575689162,0.2498389803839216,0.24937787629509722,0.31797900782385446,0.3191640179295928,0.2312178195125224,0.27845433698963507
0.3153451509832508,0.4336704798387312,0.23384222356869866,0.2639083340834729,0.43371804730671326,0.38830304258124393,0.34197664082228885,0.29020643010672065,0.2951418130596214,0.27355970671831886,0.48860177466884935,0.2793847911597328,0.5051321441552582,0.26660320705078255,0.26471796610451603,0.34238983239824405,0.32647624731984526,0.4674959060372951,0.4248504691922296,0.3465890898339459,0.4866686359719822,0.45898544379398365,0.5058151187853286,0.36416402489804867,0.336700992444265,0.30072339330645714,0.5806522185985452,0.28321946756945293,0.2961689535273284,0.2998235017698915,0.25196521348065337,0.47680908299717295,0.0,0.4698448510498422,0.40710053188294504,0.2622994610588194,0.3248485179944066,1.0,0.25448094462370996,0.5279892581327059,0.2575783925302837,0.4189894356507654,0.6269301153816255,0.2869872896060558,0.2803990141378201,0.27698211629255154,0.4279669234953123,0.43048035045622446,0.27052324284525564,0.29734424956244143
0.26727939863177497,0.25309895920827397,0.1986637200136112,0.4382554499302066,0.2561657399888463,0.25655480147873544,0.24546110228960583,0.43569037976409997,0.2574143807936976,0.44516832348981583,0.26357023298202853,0.42710544385158433,0.26247288302429694,0.43006445575680385,0.42970027118948306,0.24332826733440305,0.23827860233833476,0.2588382103613366,0.23204169391061114,0.24829562915087666,0.24720499265869722,0.2332325895685189,0.25972824574097175,0.25159279693561887,0.23832572599018143,0.2203398329259174,0.24894059417788295,0.4287653605284085,0.280441859730172,0.251262427614111,0.40102110911358724,0.25683979493583065,0.0,0.27065062963683617,0.2583495985577997,0.42074799449770206,0.2384932732240076,0.25448094462370996,1.0,0.25527997083976206,0.4234470321756054,0.25992783487837934,0.2584062672155206,0.4412781502338923,0.44653462872518357,0.2652667618698835,0.25334044429879987,0.250891030064087,0.4070324548002364,0.28951416332301294
0.3184723106077686,0.4282380202205198,0.2347651143848305,0.26323122985166214,0.4444580771146679,0.3819460424712796,0.34932468986578546,0.27996001462922504,0.304597838453481,0.2763667888889988,0.5277653099200994,0.2723052831157323,0.5389665683303,0.26312305656337653,0.2663938958316888,0.3439906634628316,0.3463859848824915,0.5010668993048203,0.44687358669969257,0.3579438401520676,0.5215628047208369,0.4825249085911535,0.5291437901931606,0.38710500023093564,0.3406979396992077,0.31944401717828774,0.5480852057812899,0.26895701686586615,0.2919815263002,0.3114085939267389,0.2526588833484257,0.48413035300336815,0.0,0.4904293906507605,0.4268733494716135,0.273590369868556,0.3256530722620564,0.5279892581327059,0.25527997083976206,1.0,0.25609592083454924,0.4322202933430511,0.5497797282183703,0.2758350527953558,0.2764312456808017,0.2809083560704645,0.4493993420749126,0.4522495006978723,0.263571526317781,0.3075742565553634
