../ecoli_genomes/GCF_000163235.1_ASM16323v1_genomic.fna.gz,../ecoli_genomes/GCF_000164555.1_ASM16455v1_genomic.fna.gz,../ecoli_genomes/GCF_000208545.1_ASM20854v2_genomic.fna.gz,../ecoli_genomes/GCF_000233875.1_ASM23387v1_genomic.fna.gz,../ecoli_genomes/GCF_000249735.1_ASM24973v2_genomic.fna.gz,../ecoli_genomes/GCF_000261145.1_Esch_coli_M919_V2_genomic.fna.gz,../ecoli_genomes/GCF_000267705.2_ASM26770v2_genomic.fna.gz,../ecoli_genomes/GCF_000350665.1_Esch_coli_KTE5_V1_genomic.fna.gz,../ecoli_genomes/GCF_000351625.1_Esch_coli_KTE66_V1_genomic.fna.gz,../ecoli_genomes/GCF_000352285.1_Esch_coli_KTE46_V1_genomic.fna.gz,../ecoli_genomes/GCF_000358895.1_ASM35889v1_genomic.fna.gz,../ecoli_genomes/GCF_000456385.1_Esch_coli_HVH_26_4-5703913_V1_genomic.fna.gz,../ecoli_genomes/GCF_000458195.1_Esch_coli_HVH_147_4-5893887_V1_genomic.fna.gz,../ecoli_genomes/GCF_000459755.1_Esch_coli_KOEGE_58_171a_V1_genomic.fna.gz,../ecoli_genomes/GCF_000460055.1_Esch_coli_UMEA_3053-1_V1_genomic.fna.gz,../ecoli_genomes/GCF_000462165.2_ASM46216v2_genomic.fna.gz,../ecoli_genomes/GCF_000601135.1_ASM60113v1_genomic.fna.gz,../ecoli_genomes/GCF_000614595.1_Ec2010EL1058_genomic.fna.gz,../ecoli_genomes/GCF_000617745.1_Ec2010C-4529_genomic.fna.gz,../ecoli_genomes/GCF_000618265.2_EcF6751_genomic.fna.gz,../ecoli_genomes/GCF_000619005.2_Ec2009C-4052_genomic.fna.gz,../ecoli_genomes/GCF_000619105.1_Ec2009C-4780_genomic.fna.gz,../ecoli_genomes/GCF_000619765.2_Ec2009C-3279_genomic.fna.gz,../ecoli_genomes/GCF_000687005.1_ASM68700v1_genomic.fna.gz,../ecoli_genomes/GCF_000687025.1_ASM68702v1_genomic.fna.gz,../ecoli_genomes/GCF_000700125.1_ASM70012v1_genomic.fna.gz,../ecoli_genomes/GCF_000753315.1_FHI35_genomic.fna.gz,../ecoli_genomes/GCF_000776375.1_ASM77637v1_genomic.fna.gz,../ecoli_genomes/GCF_000779395.1_ASM77939v1_genomic.fna.gz,../ecoli_genomes/GCF_000780315.1_ASM78031v1_genomic.fna.gz,../ecoli_genomes/GCF_000781995.1_ASM78199v1_genomic.fna.gz,../ecoli_genomes/GCF_000986765.1_ASM98676v1_genomic.fna.gz,../ecoli_genomes/GCF_001041375.1_ViralProj287958_genomic.fna.gz,../ecoli_genomes/GCF_001265335.1_302014_genomic.fna.gz,../ecoli_genomes/GCF_001265625.1_100854_genomic.fna.gz,../ecoli_genomes/GCF_001267345.1_303289_genomic.fna.gz,../ecoli_genomes/GCF_001309985.1_ASM130998v1_genomic.fna.gz,../ecoli_genomes/GCF_001521695.1_ASM152169v1_genomic.fna.gz,../ecoli_genomes/GCF_001592595.1_ASM159259v1_genomic.fna.gz,../ecoli_genomes/GCF_001614975.1_ASM161497v1_genomic.fna.gz,../ecoli_genomes/GCF_001692775.1_ASM169277v1_genomic.fna.gz,../ecoli_genomes/GCF_001748915.1_ASM174891v1_genomic.fna.gz,../ecoli_genomes/GCF_001749235.1_ASM174923v1_genomic.fna.gz,../ecoli_genomes/GCF_001881155.1_ASM188115v1_genomic.fna.gz,../ecoli_genomes/GCF_001881345.1_ASM188134v1_genomic.fna.gz,../ecoli_genomes/GCF_001892405.1_ASM189240v1_genomic.fna.gz,../ecoli_genomes/GCF_001892585.1_ASM189258v1_genomic.fna.gz,../ecoli_genomes/GCF_001893985.1_ASM189398v1_genomic.fna.gz,../ecoli_genomes/GCF_002001595.1_ASM200159v1_genomic.fna.gz,../ecoli_genomes/GCF_002002145.1_ASM200214v1_genomic.fna.gz
1.0,0.33067592360894926,0.25887633427489454,0.28220362058176984,0.2917626179649755,0.318043216973382,0.29996801785453375,0.2873382255833504,0.3820065610039203,0.2947721201848067,0.3289166391218965,0.29483797111773247,0.31958842355685246,0.2770894411187492,0.267208109225617,0.3018869368524427,0.2821040169916227,0.3154999955457969,0.307831212899901,0.30194260052474053,0.29971734459109545,0.2984707353863377,0.31453114329522747,0.2810587166752082,0.29113523395019125,0.24604018309283715,0.31526412874495047,0.278803277482657,0.34786947534438106,0.3880132315299326,0.26474282858737774,0.30251532092779476,0.0,0.3063766601564848,0.3083758503470031,0.26682062785496086,0.2869004997869731,0.3174883969854738,0.2486336541991323,0.314642152634505,0.2682776746137199,0.31095841779985833,0.31258508513334116,0.2812813324048238,0.29212291809692337,0.3188662392036702,0.30590945202255604,0.3071399373930074,0.27396036062853035,0.34900033981758005
0.33067592360894926,1.0,0.2329726655925375,0.27625385018521287,0.39041846274854597,0.5518009798305316,0.3507440643125139,0.2842174369617865,0.2992670166580802,0.2905553118289026,0.43962615360959223,0.2927792073923875,0.43637901108849053,0.27335414406135017,0.26578002680190793,0.3503502484915486,0.44963052330302944,0.42585168632634096,0.4115547609775567,0.3559736362146695,0.41010651069548776,0.39298831937578316,0.42567757910031345,0.49110225732382595,0.5219326675807643,0.3871226639896127,0.43148364616160684,0.2788066315462351,0.31037914416425216,0.3098280089097081,0.2681285515918197,0.40876259472324483,0.0,0.4165050173315257,0.5729420135721741,0.2571875730145413,0.33328405651681414,0.43192307625091575,0.2439275122614768,0.4306370071864568,0.26921981785101357,0.4803016151422075,0.43018687634206243,0.2886700943334366,0.288470304510408,0.29124575632096505,0.4826495603567297,0.482801675817492,0.2844563628956802,0.3078937218333503
0.25887633427489454,0.2329726655925375,1.0,0.21132954128954484,0.20572337597032497,0.2178799228131334,0.2189530551664297,0.21632514873436381,0.24457645008929318,0.21943118316205334,0.2401047919859578,0.21624740457036884,0.22960188982644625,0.21263199727310478,0.20838847776607372,0.22209657224266321,0.2018156777407324,0.22560632827608607,0.21785994272770803,0.22258720360473105,0.22070173030665063,0.21455443281803543,0.228365258841688,0.19248931598310148,0.20173905942975046,0.17646626223941775,0.2297847090957802,0.21704157415427017,0.25262909861796634,0.250411166805663,0.20518767563520268,0.21889924985276332,0.0,0.22565874208810144,0.21664170178480113,0.20506069597285226,0.20972285289291992,0.22576630903829642,0.1896622829239133,0.230095205633169,0.20824180096076939,0.222145441593239,0.2324829423603979,0.21994834301730193,0.2151348040721368,0.2353521140635585,0.22753977992479346,0.22753055042257253,0.22132405208412187,0.25482903208958807
0.28220362058176984,0.27625385018521287,0.21132954128954484,1.0,0.2796250987953216,0.27169907635064605,0.25706270513896234,0.4963048378903032,0.28756266633610506,0.5288401383054876,0.27557996187446254,0.5073873186833691,0.2872622490775596,0.5496602073586825,0.5571964297840801,0.2706529320497364,0.25570536835840685,0.26979526118339914,0.2597880468637004,0.2589727286897311,0.2584172896311784,0.25150434822189593,0.2759494816860133,0.24080835381157473,0.26366823831666153,0.22219386169216337,0.2737038651139191,0.5171541958664735,0.2993607256679294,0.28005687018144754,0.5112119278341657,0.2839761531590327,0.0,0.2600949441175807,0.2610709529948575,0.3958037335299217,0.25536213935791097,0.2649193221679028,0.3961261060217711,0.26252978143844097,0.5251612128271143,0.26410651334397783,0.27202493250396,0.5186906435459469,0.5096404576388023,0.2938834370099247,0.2613751473198712,0.26209134278698354,0.45610688204766026,0.3010586504477215
0.2917626179649755,0.39041846274854597,0.20572337597032497,0.2796250987953216,1.0,0.40207050329122507,0.3186299391045556,0.2758280330428332,0.31022569108917364,0.28819659203872994,0.5051806090364522,0.26157262675213844,0.4800054629820085,0.2593243433030844,0.2816280489473948,0.3558781056525445,0.4136301760322919,0.4073523269031395,0.3953215375243728,0.32204078596539265,0.41906292469527817,0.3881005523249782,0.42044146563864015,0.3909034103347575,0.40426270056973335,0.37535959979808786,0.42817192056552855,0.2504847159170146,0.28903803908761916,0.3062877747316387,0.2646763869663955,0.45685799008909056,0.0,0.4209254403737832,0.3921589284052379,0.23755772277968512,0.3227136404499833,0.43273782258857385,0.22961852004128225,0.43954869092582116,0.2781429261473053,0.3960069015955828,0.4391087227778606,0.2531264873556779,0.25898425429979544,0.2690781148214424,0.404580295569008,0.4030091262107979,0.25438409953878194,0.2811816959251081
0.318043216973382,0.5518009798305316,0.2178799228131334,0.27169907635064605,0.40207050329122507,1.0,0.35629811750075213,0.282978134459808,0.29453961920753213,0.2783040240581063,0.4264602305860089,0.27518169514655466,0.4270433582135136,0.26621099915185875,0.2606618609015199,0.3616139079495623,0.44282850116784755,0.41527334001111926,0.40850256547157504,0.35401633781182107,0.39594879305526387,0.42905354774022464,0.4192807743793593,0.4883984972401023,0.5256888851712349,0.39050035348289014,0.40679933381195177,0.26723821289640126,0.3061734013109416,0.29950770141013594,0.2559750759020666,0.41706393499743566,0.0,0.41674821123763817,0.5600461871516914,0.26317012383186345,0.3350983384981173,0.41394733863386546,0.2528507042613122,0.41726988705668233,0.2607302819429018,0.4677637058882501,0.4175460783976527,0.2715279155144089,0.27396089667114953,0.28732663204991227,0.4639654924764449,0.4656507825444234,0.2650665784162659,0.30634989690834513
0.29996801785453375,0.3507440643125139,0.2189530551664297,0.25706270513896234,0.3186299391045556,0.35629811750075213,1.0,0.25841052240487217,0.29350351021147925,0.25969904421777257,0.3670060546322227,0.2543626811754227,0.360026030344507,0.2520562265529539,0.24836647372530596,0.7409633315656827,0.315265175763467,0.3915203773865741,0.3793795821713246,0.8501279116684791,0.3855059944365963,0.35838429788115034,0.38961829606364495,0.31250349752467854,0.31890796538972643,0.2774070323915149,0.36345320882307774,0.2524608867992536,0.28794839101970204,0.2967780123430287,0.2446829382377549,0.3404655991136156,0.0,0.35844617323079075,0.3605435480994401,0.25874299406064594,0.7795533982163776,0.33784602455537904,0.24349482567138547,0.35496431413282303,0.24334416569427142,0.3499850811579486,0.3554810467194667,0.2583024552597698,0.25614804910227174,0.2692067004340677,0.3402245900224333,0.340341388213793,0.24950587217045617,0.2964890850672294
0.2873382255833504,0.2842174369617865,0.21632514873436381,0.4963048378903032,0.2758280330428332,0.282978134459808,0.25841052240487217,1.0,0.28463524473986546,0.5081613560764293,0.2813483187401773,0.4800063613668858,0.28960886966009547,0.4878545073657554,0.47524381319475173,0.2708463949614207,0.2574682128650774,0.2749339695363019,0.26686325055942206,0.2604808659144686,0.2601767088029432,0.2574400235431541,0.27538451251832907,0.2539629484713739,0.25975381340725845,0.22905296053237567,0.2804410572312337,0.7018599050789522,0.31124377207915677,0.28195621747190946,0.47713096433752056,0.2781846963831045,0.0,0.2698908366049789,0.26736785445923106,0.3905190170257897,0.25212095010051305,0.28801277441205997,0.3975088913448036,0.273995488468487,0.48010681942323963,0.27176727491589947,0.27646904155340846,0.7084279755037516,0.6800845440671738,0.29575953452972037,0.26738979423494325,0.26810026944176457,0.4483066188864584,0.3043964691021156
0.3820065610039203,0.2992670166580802,0.24457645008929318,0.28756266633610506,0.31022569108917364,0.29453961920753213,0.29350351021147925,0.28463524473986546,1.0,0.29614580674256175,0.31612999947404863,0.27591879953933773,0.3230180239745071,0.2788403701840606,0.2851951210781566,0.3085437430542175,0.273220713912107,0.2998915963171316,0.28148741980812386,0.29798430522510755,0.2905406975558228,0.27728070179268793,0.3015388556554526,0.26460188113874106,0.27874977277972524,0.24056228180530836,0.30907744843803153,0.26908141089665094,0.3302701680870189,0.4136270273831225,0.27886457764532835,0.29962207832368226,0.0,0.2963453704944783,0.29141669697654704,0.261424980526481,0.2898149537166649,0.29558914757051247,0.23936856050885702,0.30558879125150473,0.2806805820926349,0.3000604494537943,0.31107519544135476,0.27136702062629237,0.26679634572363486,0.3121865132984667,0.2913268507957709,0.29150283338746397,0.2679830989725026,0.34062792853707324
0.2947721201848067,0.2905553118289026,0.21943118316205334,0.5288401383054876,0.28819659203872994,0.2783040240581063,0.25969904421777257,0.5081613560764293,0.29614580674256175,1.0,0.2902935927334028,0.4916838403791748,0.30137764901489816,0.5148781961117301,0.5099560405709442,0.27607694388241866,0.25637944477382746,0.2750138994891811,0.2608582284295454,0.2610461085958886,0.26244779837565,0.2567636671686593,0.27008696409382194,0.24872142079874615,0.26631910842470974,0.22983025055683526,0.2780932789959695,0.5069903784775619,0.31111544284596926,0.2912108229754461,0.5310408045084127,0.27643005089468264,0.0,0.26640994291447717,0.27008501951835273,0.4111046608008827,0.25549957827362735,0.27847610525356026,0.4186365739740432,0.27719362553328397,0.535954793252708,0.272667862610914,0.27760857519219106,0.5085934688177544,0.5116934160593829,0.2989755120256862,0.269844036190666,0.26978833282204473,0.4757844052953337,0.3069775730516341
0.3289166391218965,0.43962615360959223,0.2401047919859578,0.27557996187446254,0.5051806090364522,0.4264602305860089,0.3670060546322227,0.2813483187401773,0.31612999947404863,0.2902935927334028,1.0,0.28207875606619204,0.5374160199493974,0.27722532771044217,0.2709433675911612,0.37478275203286726,0.3816633167440773,0.49451897963813596,0.4721540476492325,0.370419652513014,0.49507602540336104,0.4895423742274343,0.5038064004719891,0.3751469379566774,0.38516426737704823,0.34793342700692453,0.512082915840391,0.27892741182659264,0.31206904242362954,0.3294238538038474,0.2683388792907404,0.4682852083196226,0.0,0.48947256259835703,0.4363070098152172,0.2695319708596208,0.3537850017528813,0.49026621248285174,0.2559821379372317,0.5309498143655766,0.2693486635691734,0.4490091972062371,0.5166966107056266,0.2796596907860357,0.28077114285099614,0.29657102689734605,0.4415299804667513,0.44093876879761185,0.28202123342971797,0.31740139704593473
0.29483797111773247,0.2927792073923875,0.21624740457036884,0.5073873186833691,0.26157262675213844,0.27518169514655466,0.2543626811754227,0.4800063613668858,0.27591879953933773,0.4916838403791748,0.28207875606619204,1.0,0.27748612385201854,0.5060106197081705,0.6070449682714477,0.2611632273390878,0.24942065669532698,0.2669442241071678,0.2639725529066078,0.25549368439683373,0.2618695386166827,0.2648901357644019,0.2730306031379337,0.2418341565348806,0.2522187297092008,0.22491908175578113,0.2736951262070245,0.48885849708488704,0.31438737440885145,0.277476868158688,0.45793800228463555,0.2678132389847143,0.0,0.26442354597429085,0.26560671339071673,0.387537137378863,0.24682572963616278,0.2760545864591496,0.395904303991238,0.2699468398720467,0.4697241101133628,0.26119764088926745,0.27449477226048646,0.4948098625966436,0.493298365627058,0.29827841836407265,0.26740593957105785,0.26785344768419006,0.44268182797680833,0.3026854170233353
0.31958842355685246,0.43637901108849053,0.22960188982644625,0.2872622490775596,0.4800054629820085,0.4270433582135136,0.360026030344507,0.28960886966009547,0.3230180239745071,0.30137764901489816,0.5374160199493974,0.27748612385201854,1.0,0.27685590661069515,0.2875021442173833,0.3784730892292516,0.38948884636161896,0.5047477872897468,0.4898166482334114,0.3648801415704589,0.5152775480471439,0.5206072218692264,0.5650008631928202,0.3847159792941194,0.3890985600420961,0.3450786306024497,0.5404353126455901,0.2760703787867237,0.3073714514406679,0.32846095310808765,0.2792499586252615,0.5100485069284184,0.0,0.5470674314900195,0.43211332684451964,0.2629936854371703,0.35414229538816133,0.5095068694080623,0.24563980142974806,0.5527641614842141,0.28489539117533913,0.4427608834561684,0.5402505465341498,0.27492488011150396,0.2724223428858862,0.2859100305778485,0.4366175819576217,0.43619223106115257,0.2795353543792789,0.30887204061897067
0.2770894411187492,0.27335414406135017,0.21263199727310478,0.5496602073586825,0.2593243433030844,0.26621099915185875,0.2520562265529539,0.4878545073657554,0.2788403701840606,0.5148781961117301,0.27722532771044217,0.5060106197081705,0.27685590661069515,1.0,0.547146487334724,0.2567073962627887,0.24550787952634645,0.2696867022670918,0.2574756067356835,0.25524190163365224,0.25520529342461584,0.24979240334471597,0.2697018581841084,0.22722370195114916,0.24444644686879224,0.21086128275626792,0.2749858147475144,0.5188044227118278,0.3100523021342878,0.2756676316263508,0.5001434840800033,0.2654047952997445,0.0,0.2590818376008024,0.25914209191178894,0.3973771369706417,0.2454655813085047,0.2678432671117916,0.3993335419342058,0.2664717172415001,0.508141326294873,0.265975738090212,0.2719664221457322,0.517366867078042,0.5067967746233601,0.2982394024563729,0.2638526836827412,0.26470941482111965,0.46055381091277003,0.30865191217120846
0.267208109225617,0.26578002680190793,0.20838847776607372,0.5571964297840801,0.2816280489473948,0.2606618609015199,0.24836647372530596,0.47524381319475173,0.2851951210781566,0.5099560405709442,0.2709433675911612,0.6070449682714477,0.2875021442173833,0.547146487334724,1.0,0.26404611944386625,0.25520545895012015,0.26008896155113403,0.246670888080482,0.25103800726979586,0.2533489360516651,0.24168024343894623,0.26703844658007025,0.2339583626932381,0.2544239766140306,0.22307736136591128,0.26918587245343173,0.48635046595350984,0.29689129565365213,0.2766192230385387,0.5018613223254931,0.2720733692231029,0.0,0.25560664659767873,0.2564728239583418,0.38360193532472664,0.24731197621444923,0.26214744268174994,0.3926863358946737,0.2613691465378678,0.511304100651442,0.2552839471768258,0.26869388437694774,0.4822660082950071,0.4747587690759194,0.2948103771942513,0.2631414128995536,0.2634575912662832,0.4418188144015389,0.3085096081501637
0.3018869368524427,0.3503502484915486,0.22209657224266321,0.2706529320497364,0.3558781056525445,0.3616139079495623,0.7409633315656827,0.2708463949614207,0.3085437430542175,0.27607694388241866,0.37478275203286726,0.2611632273390878,0.3784730892292516,0.2567073962627887,0.26404611944386625,1.0,0.326045139184427,0.37857631845056505,0.36647655352391084,0.7603684626887546,0.36915266537625824,0.3688226241194247,0.37579986355834993,0.3198350171726525,0.33734689950810903,0.3116117212314726,0.35518971523809173,0.25573025651083126,0.290025195339779,0.3123520785906152,0.25669363969302095,0.35111262689119305,0.0,0.34839392719599505,0.35496145644446686,0.25642405229354626,0.7398737809412781,0.34061805129961187,0.23564010377129196,0.35457589557042746,0.25913562000109924,0.3515480922035965,0.3531384164579944,0.2561509157926075,0.2576601219438762,0.2734056458052403,0.34284088845335003,0.3429490679029711,0.25450157678685814,0.29832874049112557
0.2821040169916227,0.44963052330302944,0.2018156777407324,0.25570536835840685,0.4136301760322919,0.44282850116784755,0.315265175763467,0.2574682128650774,0.273220713912107,0.25637944477382746,0.3816633167440773,0.24942065669532698,0.38948884636161896,0.24550787952634645,0.25520545895012015,0.326045139184427,1.0,0.37192485780314966,0.35658323306508455,0.31582508059024805,0.36258330922840276,0.3566960986873082,0.3810620738174919,0.4900419513013884,0.495778362075335,0.47508240372412025,0.3742454100969196,0.24471668257126256,0.2908882130691739,0.2783312832681012,0.24127918218424194,0.4359532368585882,0.0,0.3832894250800367,0.4550972382505768,0.24113088174079778,0.31087047419093805,0.3651296438442091,0.22780811110749777,0.37511282286658965,0.24293469563081094,0.42100578168120273,0.37837164201552187,0.247793379594495,0.25519508166836313,0.26122868588889714,0.43874224354211055,0.4343231036059232,0.24182683678797345,0.27910388155504096
0.3154999955457969,0.42585168632634096,0.22560632827608607,0.26979526118339914,0.4073523269031395,0.41527334001111926,0.3915203773865741,0.2749339695363019,0.2998915963171316,0.2750138994891811,0.49451897963813596,0.2669442241071678,0.5047477872897468,0.2696867022670918,0.26008896155113403,0.37857631845056505,0.37192485780314966,1.0,0.5256520909331575,0.3938625167144676,0.5178584557030566,0.49712758586003003,0.534473274018729,0.3654621286205493,0.3683865653973494,0.3240469925653847,0.5068404994299638,0.26944480057939424,0.301054131473551,0.3134830557217938,0.25963731661132794,0.4559526687114559,0.0,0.49052002218353097,0.4286271471811759,0.2700825103712331,0.37508365496513685,0.46665134711724576,0.25029535639249556,0.49987316834159823,0.25681567250258186,0.4321873935668755,0.4938999917667447,0.27122602517356464,0.2677927771253481,0.2806923716007683,0.42730114638082484,0.4272020278907557,0.2680921435106872,0.3053276126428248
0.307831212899901,0.4115547609775567,0.21785994272770803,0.2597880468637004,0.3953215375243728,0.40850256547157504,0.3793795821713246,0.26686325055942206,0.28148741980812386,0.2608582284295454,0.4721540476492325,0.2639725529066078,0.4898166482334114,0.2574756067356835,0.246670888080482,0.36647655352391084,0.35658323306508455,0.5256520909331575,1.0,0.3759603847799242,0.5158447771691967,0.4929283002509286,0.5167093064444646,0.3567518421338599,0.3645770008795616,0.31587797583120336,0.49261419424290254,0.2583780683228254,0.28834924506004744,0.29714497319659416,0.24635685271925667,0.4514039723087637,0.0,0.4761048374262622,0.41725420574165384,0.2631455227184687,0.35750195879567026,0.4514844456922673,0.2440567108341286,0.4894371253614348,0.24547188571010858,0.411933945798311,0.4780727224322934,0.26475903421607794,0.2632734082181767,0.2753417783383827,0.4051412306741463,0.40547568500699893,0.2576527671579779,0.2955617562451913
0.30194260052474053,0.3559736362146695,0.22258720360473105,0.2589727286897311,0.32204078596539265,0.35401633781182107,0.8501279116684791,0.2604808659144686,0.29798430522510755,0.2610461085958886,0.370419652513014,0.25549368439683373,0.3648801415704589,0.25524190163365224,0.25103800726979586,0.7603684626887546,0.31582508059024805,0.3938625167144676,0.3759603847799242,1.0,0.3884861984945065,0.3567562866225208,0.3885930095454583,0.310309924719406,0.32200298816862527,0.2791059265145688,0.3695395485537831,0.25488612784646103,0.2917623964993443,0.3006567793427537,0.24705878045893626,0.3411255194039612,0.0,0.3575127561709339,0.36024576334904224,0.25981081847340803,0.7932574795548629,0.34323611718982616,0.2378110135510576,0.36069612789452854,0.24583576021901876,0.3535677320313053,0.36137901720561294,0.25734498066456635,0.2545555402084262,0.27310189203690816,0.3457785723114599,0.3458998724665192,0.25326900708069955,0.30142717189168533
0.29971734459109545,0.41010651069548776,0.22070173030665063,0.2584172896311784,0.41906292469527817,0.39594879305526387,0.3855059944365963,0.2601767088029432,0.2905406975558228,0.26244779837565,0.49507602540336104,0.2618695386166827,0.5152775480471439,0.25520529342461584,0.2533489360516651,0.36915266537625824,0.36258330922840276,0.5178584557030566,0.5158447771691967,0.3884861984945065,1.0,0.5024617553302495,0.552006716860981,0.35631958971192534,0.36243783717878386,0.32457120620155,0.5203890591769493,0.25818568501996453,0.2860033433580469,0.3025376908440919,0.24677439529668554,0.4740231842813907,0.0,0.5118918545392038,0.41607892488897247,0.26183943395966547,0.3685195519322201,0.47943644581635114,0.24391102546092358,0.5189354837171922,0.2502749812012909,0.4037940158163724,0.5080616756543856,0.2614378645735588,0.2602885212692496,0.27964897760401863,0.4171073259801805,0.41700594866941987,0.2569950612130414,0.2949770473674924
0.2984707353863377,0.39298831937578316,0.21455443281803543,0.25150434822189593,0.3881005523249782,0.42905354774022464,0.35838429788115034,0.2574400235431541,0.27728070179268793,0.2567636671686593,0.4895423742274343,0.2648901357644019,0.5206072218692264,0.24979240334471597,0.24168024343894623,0.3688226241194247,0.3566960986873082,0.49712758586003003,0.4929283002509286,0.3567562866225208,0.5024617553302495,1.0,0.6811160432706314,0.3550713441748494,0.37185254671478707,0.3325393912643717,0.4896830239996933,0.2527068590172423,0.277759682115851,0.28529537706894736,0.23766003924641566,0.4654913549884867,0.0,0.5962829384405044,0.4014397275386308,0.25119736993051955,0.3412150460403467,0.46081390109518217,0.23186624601074546,0.49746019186578705,0.23737247080368673,0.3992208889950538,0.4915317116146414,0.2551994956099386,0.25411341819367295,0.2738172503021442,0.3914304102494821,0.39119995109001415,0.2499839906448067,0.2864978314202171
0.31453114329522747,0.42567757910031345,0.228365258841688,0.2759494816860133,0.42044146563864015,0.4192807743793593,0.38961829606364495,0.27538451251832907,0.3015388556554526,0.27008696409382194,0.5038064004719891,0.2730306031379337,0.5650008631928202,0.2697018581841084,0.26703844658007025,0.37579986355834993,0.3810620738174919,0.534473274018729,0.5167093064444646,0.3885930095454583,0.552006716860981,0.6811160432706314,1.0,0.36751704503133376,0.37776668419697723,0.329804186674137,0.5413253013707824,0.2705055947535788,0.2996792058844966,0.30559103342788785,0.26034444780983546,0.4961278018427602,0.0,0.6441438861506594,0.425576630979665,0.2684129519783135,0.3702822540939853,0.4960763331609368,0.25165872258049293,0.5283199304129236,0.2615883269661352,0.42201839787319395,0.5251295730271339,0.2739906837147009,0.2710245836573445,0.28318426096602967,0.41851298541513804,0.4187141787890645,0.2693951483887328,0.3038181351179893
0.2810587166752082,0.49110225732382595,0.19248931598310148,0.24080835381157473,0.3909034103347575,0.4883984972401023,0.31250349752467854,0.2539629484713739,0.26460188113874106,0.24872142079874615,0.3751469379566774,0.2418341565348806,0.3847159792941194,0.22722370195114916,0.2339583626932381,0.3198350171726525,0.4900419513013884,0.3654621286205493,0.3567518421338599,0.310309924719406,0.35631958971192534,0.3550713441748494,0.36751704503133376,1.0,0.515419276835744,0.43325553087206203,0.36889364014381476,0.23125237336773496,0.27376583823597356,0.27216042362706216,0.22631206942940962,0.3924947546450728,0.0,0.3615370870964515,0.5061599931722125,0.23177356718349296,0.3005062716851252,0.3554348702756419,0.21398806840491935,0.3677354208393956,0.23037958208842946,0.4131813363313578,0.3686499258744693,0.2379845303395649,0.24570454035746625,0.24936386902049545,0.4111451018041965,0.4069445479785161,0.2258705729802416,0.2631091784204469
0.29113523395019125,0.5219326675807643,0.20173905942975046,0.26366823831666153,0.40426270056973335,0.5256888851712349,0.31890796538972643,0.25975381340725845,0.27874977277972524,0.26631910842470974,0.38516426737704823,0.2522187297092008,0.3890985600420961,0.24444644686879224,0.2544239766140306,0.33734689950810903,0.495778362075335,0.3683865653973494,0.3645770008795616,0.32200298816862527,0.36243783717878386,0.37185254671478707,0.37776668419697723,0.515419276835744,1.0,0.4593392365862523,0.37155502525535966,0.23950116833527513,0.2777736202899149,0.2775110696966676,0.2436036280934215,0.442688816791743,0.0,0.36970085858653,0.5277311845404239,0.2369952225480383,0.31644855629978863,0.37233760767970603,0.2222826100238008,0.37317663933864453,0.24581942701774284,0.4205458438217736,0.3817339148592288,0.25272701074663506,0.25812022682849234,0.26769973430064553,0.4295473067161415,0.4283115177708454,0.24666612293558798,0.27388973331593336
0.24604018309283715,0.3871226639896127,0.17646626223941775,0.22219386169216337,0.37535959979808786,0.39050035348289014,0.2774070323915149,0.22905296053237567,0.24056228180530836,0.22983025055683526,0.34793342700692453,0.22491908175578113,0.3450786306024497,0.21086128275626792,0.22307736136591128,0.3116117212314726,0.47508240372412025,0.3240469925653847,0.31587797583120336,0.2791059265145688,0.32457120620155,0.3325393912643717,0.329804186674137,0.43325553087206203,0.4593392365862523,1.0,0.3239118238205605,0.20891691212410268,0.24898659369466103,0.2442474608134072,0.213029754078913,0.364133370447015,0.0,0.3186908046431379,0.40440626183470374,0.20635445249651296,0.279370653804213,0.32906116917220773,0.19955940667053518,0.3318099678154097,0.21403628746455672,0.37138269520250244,0.3275270486562474,0.2213819517124369,0.22540843430873259,0.2324491246461613,0.37971406940243535,0.374561951222396,0.2156180298324477,0.23763809372421774
0.31526412874495047,0.43148364616160684,0.2297847090957802,0.2737038651139191,0.42817192056552855,0.40679933381195177,0.36345320882307774,0.2804410572312337,0.30907744843803153,0.2780932789959695,0.512082915840391,0.2736951262070245,0.5404353126455901,0.2749858147475144,0.26918587245343173,0.35518971523809173,0.3742454100969196,0.5068404994299638,0.49261419424290254,0.3695395485537831,0.5203890591769493,0.4896830239996933,0.5413253013707824,0.36889364014381476,0.37155502525535966,0.3239118238205605,1.0,0.2721915663174266,0.3074393659772734,0.3132489718267648,0.2656910385324871,0.49897884939075043,0.0,0.5133896211673248,0.42351882527172935,0.2689914731444294,0.34943051149500537,0.5843450642221213,0.24190921736745186,0.5485827822999745,0.26761074876331226,0.4315243462022864,0.628431294749318,0.2780342350939904,0.27283089375384495,0.28699161971595843,0.42323596292071386,0.4231415557657019,0.2739804713676889,0.3081206383353685
0.278803277482657,0.2788066315462351,0.21704157415427017,0.5171541958664735,0.2504847159170146,0.26723821289640126,0.2524608867992536,0.7018599050789522,0.26908141089665094,0.5069903784775619,0.27892741182659264,0.48885849708488704,0.2760703787867237,0.5188044227118278,0.48635046595350984,0.25573025651083126,0.24471668257126256,0.26944480057939424,0.2583780683228254,0.25488612784646103,0.25818568501996453,0.2527068590172423,0.2705055947535788,0.23125237336773496,0.23950116833527513,0.20891691212410268,0.2721915663174266,1.0,0.30936252977939327,0.2733193975243051,0.4750719441006429,0.26419718967783923,0.0,0.2616820255165164,0.2616964974296879,0.3908406240480532,0.24203025544361656,0.2774857594672083,0.3979258288106825,0.26743408947170766,0.48578842368819763,0.2656080266512715,0.26946214470371166,0.8080495551939576,0.7615204739721995,0.292682580489666,0.26569746143371653,0.2657720005545223,0.4642662776790685,0.2992623790830665
0.34786947534438106,0.31037914416425216,0.25262909861796634,0.2993607256679294,0.28903803908761916,0.3061734013109416,0.28794839101970204,0.31124377207915677,0.3302701680870189,0.31111544284596926,0.31206904242362954,0.31438737440885145,0.3073714514406679,0.3100523021342878,0.29689129565365213,0.290025195339779,0.2908882130691739,0.301054131473551,0.28834924506004744,0.2917623964993443,0.2860033433580469,0.277759682115851,0.2996792058844966,0.27376583823597356,0.2777736202899149,0.24898659369466103,0.3074393659772734,0.30936252977939327,1.0,0.33354167815028757,0.29162277142375304,0.29809668555829605,0.0,0.29740179145791057,0.2980893174096152,0.28771980948803755,0.2776562544928596,0.30060095303015366,0.26342529438867346,0.3019938575647674,0.29085585349374554,0.29369798372094025,0.3022233905164461,0.30783325215102453,0.3054994868104045,0.39730462745424266,0.2948458206959099,0.29409100008474154,0.2993634837865653,0.6285766085323448
0.3880132315299326,0.3098280089097081,0.250411166805663,0.28005687018144754,0.3062877747316387,0.29950770141013594,0.2967780123430287,0.28195621747190946,0.4136270273831225,0.2912108229754461,0.3294238538038474,0.277476868158688,0.32846095310808765,0.2756676316263508,0.2766192230385387,0.3123520785906152,0.2783312832681012,0.3134830557217938,0.29714497319659416,0.3006567793427537,0.3025376908440919,0.28529537706894736,0.30559103342788785,0.27216042362706216,0.2775110696966676,0.2442474608134072,0.3132489718267648,0.2733193975243051,0.33354167815028757,1.0,0.2722799478291862,0.2979329967875154,0.0,0.3011241688989521,0.3011293442786912,0.2657392758763598,0.29115860592012066,0.3086243227319265,0.24681632082455918,0.3209533384963258,0.27592408902267973,0.30769646685483854,0.3195365757747848,0.2741874696314536,0.2703244631805404,0.325267572708296,0.31080679994770277,0.3106982828541932,0.27395381378061057,0.3447004004942985
0.26474282858737774,0.2681285515918197,0.20518767563520268,0.5112119278341657,0.2646763869663955,0.2559750759020666,0.2446829382377549,0.47713096433752056,0.27886457764532835,0.5310408045084127,0.2683388792907404,0.45793800228463555,0.2792499586252615,0.5001434840800033,0.5018613223254931,0.25669363969302095,0.24127918218424194,0.25963731661132794,0.24635685271925667,0.24705878045893626,0.24677439529668554,0.23766003924641566,0.26034444780983546,0.22631206942940962,0.2436036280934215,0.213029754078913,0.2656910385324871,0.4750719441006429,0.29162277142375304,0.2722799478291862,1.0,0.261721314494327,0.0,0.2545107099031473,0.25049336922644394,0.38373643484194575,0.24071758295354895,0.2608326278569163,0.378317742497577,0.26179311058718935,0.6579183982520165,0.2574014837719909,0.26267353907184343,0.4784113677620436,0.4667387268286164,0.2836920463348801,0.2557691219372479,0.2558378085355716,0.43622859607918296,0.2907027328450539
0.30251532092779476,0.40876259472324483,0.21889924985276332,0.2839761531590327,0.45685799008909056,0.41706393499743566,0.3404655991136156,0.2781846963831045,0.29962207832368226,0.27643005089468264,0.4682852083196226,0.2678132389847143,0.5100485069284184,0.2654047952997445,0.2720733692231029,0.35111262689119305,0.4359532368585882,0.4559526687114559,0.4514039723087637,0.3411255194039612,0.4740231842813907,0.4654913549884867,0.4961278018427602,0.3924947546450728,0.442688816791743,0.364133370447015,0.49897884939075043,0.26419718967783923,0.29809668555829605,0.2979329967875154,0.261721314494327,1.0,0.0,0.48322746443461717,0.4098700238319395,0.24922477019262979,0.3364885797287236,0.48090432791049753,0.2390382546026345,0.5031215368816757,0.2623543459804497,0.41121788093566625,0.5049369600738158,0.26626634003039873,0.27223456382254785,0.28039190924306545,0.4190844399723621,0.41853441140797965,0.257809676694161,0.2925426476973648
0.0,0.0,0.0,0.0,0.0,0.0,0.0,0.0,0.0,0.0,0.0,0.0,0.0,0.0,0.0,0.0,0.0,0.0,0.0,0.0,0.0,0.0,0.0,0.0,0.0,0.0,0.0,0.0,0.0,0.0,0.0,0.0,1.0,0.0,0.0,0.0,0.0,0.0,0.0,0.0,0.0,0.0,0.0,0.0,0.0,0.0,0.0,0.0,0.0,0.0
0.3063766601564848,0.4165050173315257,0.22565874208810144,0.2600949441175807,0.4209254403737832,0.41674821123763817,0.35844617323079075,0.2698908366049789,0.2963453704944783,0.26640994291447717,0.48947256259835703,0.26442354597429085,0.5470674314900195,0.2590818376008024,0.25560664659767873,0.34839392719599505,0.3832894250800367,0.49052002218353097,0.4761048374262622,0.3575127561709339,0.5118918545392038,0.5962829384405044,0.6441438861506594,0.3615370870964515,0.36970085858653,0.3186908046431379,0.5133896211673248,0.2616820255165164,0.29740179145791057,0.3011241688989521,0.2545107099031473,0.48322746443461717,0.0,1.0,0.4206140369254514,0.2727432133044526,0.3371774885930453,0.48230899492133716,0.25334453947712854,0.5143931513683658,0.2540655404975013,0.41093029254794766,0.5177820382384404,0.2643101172338017,0.26523336901188377,0.2777204916663746,0.4158910869531727,0.41579146117129395,0.2614332766538816,0.30321783561171434
0.3083758503470031,0.5729420135721741,0.21664170178480113,0.2610709529948575,0.3921589284052379,0.5600461871516914,0.3605435480994401,0.26736785445923106,0.29141669697654704,0.27008501951835273,0.4363070098152172,0.26560671339071673,0.43211332684451964,0.25914209191178894,0.2564728239583418,0.35496145644446686,0.4550972382505768,0.4286271471811759,0.41725420574165384,0.36024576334904224,0.41607892488897247,0.4014397275386308,0.425576630979665,0.5061599931722125,0.5277311845404239,0.40440626183470374,0.42351882527172935,0.2616964974296879,0.2980893174096152,0.3011293442786912,0.25049336922644394,0.4098700238319395,0.0,0.4206140369254514,1.0,0.25669501360184543,0.3393231263877856,0.40609073146107666,0.24374421075635644,0.4267880837543929,0.2512705005272383,0.48325059405970017,0.430194693054877,0.2634335244123396,0.26437046212441495,0.27655267692448837,0.47065664020098974,0.47050072983850777,0.2586720892129627,0.2964948355839536
0.26682062785496086,0.2571875730145413,0.20506069597285226,0.3958037335299217,0.23755772277968512,0.26317012383186345,0.25874299406064594,0.3905190170257897,0.261424980526481,0.4111046608008827,0.2695319708596208,0.387537137378863,0.2629936854371703,0.3973771369706417,0.38360193532472664,0.25642405229354626,0.24113088174079778,0.2700825103712331,0.2631455227184687,0.25981081847340803,0.26183943395966547,0.25119736993051955,0.2684129519783135,0.23177356718349296,0.2369952225480383,0.20635445249651296,0.2689914731444294,0.3908406240480532,0.28771980948803755,0.2657392758763598,0.38373643484194575,0.24922477019262979,0.0,0.2727432133044526,0.25669501360184543,1.0,0.24890568199719143,0.2514668191305044,0.3751869550146214,0.2635670526451802,0.387983689648551,0.25002056567380593,0.2595070012372773,0.3961583570145699,0.394314055887523,0.2751520392311625,0.24836980422805577,0.24807727597665763,0.40246115139714966,0.290740222663709
0.2869004997869731,0.33328405651681414,0.20972285289291992,0.25536213935791097,0.3227136404499833,0.3350983384981173,0.7795533982163776,0.25212095010051305,0.2898149537166649,0.25549957827362735,0.3537850017528813,0.24682572963616278,0.35414229538816133,0.2454655813085047,0.24731197621444923,0.7398737809412781,0.31087047419093805,0.37508365496513685,0.35750195879567026,0.7932574795548629,0.3685195519322201,0.3412150460403467,0.3702822540939853,0.3005062716851252,0.31644855629978863,0.279370653804213,0.34943051149500537,0.24203025544361656,0.2776562544928596,0.29115860592012066,0.24071758295354895,0.3364885797287236,0.0,0.3371774885930453,0.3393231263877856,0.24890568199719143,1.0,0.32463064289708166,0.22732035934471162,0.33764384480612253,0.24016230099961144,0.33598749201606504,0.3405982144704639,0.2463669119041232,0.24465547263016596,0.25990693821346045,0.32479997695453544,0.32503350448945156,0.23961613966966255,0.2872995369608857
0.3174883969854738,0.43192307625091575,0.22576630903829642,0.2649193221679028,0.43273782258857385,0.41394733863386546,0.33784602455537904,0.28801277441205997,0.29558914757051247,0.27847610525356026,0.49026621248285174,0.2760545864591496,0.5095068694080623,0.2678432671117916,0.26214744268174994,0.34061805129961187,0.3651296438442091,0.46665134711724576,0.4514844456922673,0.34323611718982616,0.47943644581635114,0.46081390109518217,0.4960763331609368,0.3554348702756419,0.37233760767970603,0.32906116917220773,0.5843450642221213,0.2774857594672083,0.30060095303015366,0.3086243227319265,0.2608326278569163,0.48090432791049753,0.0,0.48230899492133716,0.40609073146107666,0.2514668191305044,0.32463064289708166,1.0,0.24999639469028112,0.5259946245886393,0.26611602657358646,0.4246585385214323,0.6254801008436734,0.2813634220181649,0.27784581816975595,0.2820396385509285,0.43003186188493236,0.43020784182470095,0.2769141101967765,0.3022627579069954
0.2486336541991323,0.2439275122614768,0.1896622829239133,0.3961261060217711,0.22961852004128225,0.2528507042613122,0.24349482567138547,0.3975088913448036,0.23936856050885702,0.4186365739740432,0.2559821379372317,0.395904303991238,0.24563980142974806,0.3993335419342058,0.3926863358946737,0.23564010377129196,0.22780811110749777,0.25029535639249556,0.2440567108341286,0.2378110135510576,0.24391102546092358,0.23186624601074546,0.25165872258049293,0.21398806840491935,0.2222826100238008,0.19955940667053518,0.24190921736745186,0.3979258288106825,0.26342529438867346,0.24681632082455918,0.378317742497577,0.2390382546026345,0.0,0.25334453947712854,0.24374421075635644,0.3751869550146214,0.22732035934471162,0.24999639469028112,1.0,0.2408225158139723,0.38599264769445796,0.2433731452173975,0.2451917501935953,0.4015859941542965,0.41132964840052044,0.25197110373970333,0.23487682568641421,0.23482246135132367,0.3870621135222003,0.26564268311168227
0.314642152634505,0.4306370071864568,0.230095205633169,0.26252978143844097,0.43954869092582116,0.41726988705668233,0.35496431413282303,0.273995488468487,0.30558879125150473,0.27719362553328397,0.5309498143655766,0.2699468398720467,0.5527641614842141,0.2664717172415001,0.2613691465378678,0.35457589557042746,0.37511282286658965,0.49987316834159823,0.4894371253614348,0.36069612789452854,0.5189354837171922,0.49746019186578705,0.5283199304129236,0.3677354208393956,0.37317663933864453,0.3318099678154097,0.5485827822999745,0.26743408947170766,0.3019938575647674,0.3209533384963258,0.26179311058718935,0.5031215368816757,0.0,0.5143931513683658,0.4267880837543929,0.2635670526451802,0.33764384480612253,0.5259946245886393,0.2408225158139723,1.0,0.2599565069108313,0.4347419341203338,0.5548581019564056,0.27000952221757546,0.26935240632939395,0.2919210798125512,0.44975028748826273,0.44930307851037965,0.27051859450944415,0.31342164421178087
