../ecoli_genomes/GCF_000163235.1_ASM16323v1_genomic.fna.gz,../ecoli_genomes/GCF_000164555.1_ASM16455v1_genomic.fna.gz,../ecoli_genomes/GCF_000208545.1_ASM20854v2_genomic.fna.gz,../ecoli_genomes/GCF_000233875.1_ASM23387v1_genomic.fna.gz,../ecoli_genomes/GCF_000249735.1_ASM24973v2_genomic.fna.gz,../ecoli_genomes/GCF_000261145.1_Esch_coli_M919_V2_genomic.fna.gz,../ecoli_genomes/GCF_000267705.2_ASM26770v2_genomic.fna.gz,../ecoli_genomes/GCF_000350665.1_Esch_coli_KTE5_V1_genomic.fna.gz,../ecoli_genomes/GCF_000351625.1_Esch_coli_KTE66_V1_genomic.fna.gz,../ecoli_genomes/GCF_000352285.1_Esch_coli_KTE46_V1_genomic.fna.gz,../ecoli_genomes/GCF_000358895.1_ASM35889v1_genomic.fna.gz,../ecoli_genomes/GCF_000456385.1_Esch_coli_HVH_26_4-5703913_V1_genomic.fna.gz,../ecoli_genomes/GCF_000458195.1_Esch_coli_HVH_147_4-5893887_V1_genomic.fna.gz,../ecoli_genomes/GCF_000459755.1_Esch_coli_KOEGE_58_171a_V1_genomic.fna.gz,../ecoli_genomes/GCF_000460055.1_Esch_coli_UMEA_3053-1_V1_genomic.fna.gz,../ecoli_genomes/GCF_000462165.2_ASM46216v2_genomic.fna.gz,../ecoli_genomes/GCF_000601135.1_ASM60113v1_genomic.fna.gz,../ecoli_genomes/GCF_000614595.1_Ec2010EL1058_genomic.fna.gz,../ecoli_genomes/GCF_000617745.1_Ec2010C-4529_genomic.fna.gz,../ecoli_genomes/GCF_000618265.2_EcF6751_genomic.fna.gz,../ecoli_genomes/GCF_000619005.2_Ec2009C-4052_genomic.fna.gz,../ecoli_genomes/GCF_000619105.1_Ec2009C-4780_genomic.fna.gz,../ecoli_genomes/GCF_000619765.2_Ec2009C-3279_genomic.fna.gz,../ecoli_genomes/GCF_000687005.1_ASM68700v1_genomic.fna.gz,../ecoli_genomes/GCF_000687025.1_ASM68702v1_genomic.fna.gz,../ecoli_genomes/GCF_000700125.1_ASM70012v1_genomic.fna.gz,../ecoli_genomes/GCF_000753315.1_FHI35_genomic.fna.gz,../ecoli_genomes/GCF_000776375.1_ASM77637v1_genomic.fna.gz,../ecoli_genomes/GCF_000779395.1_ASM77939v1_genomic.fna.gz,../ecoli_genomes/GCF_000780315.1_ASM78031v1_genomic.fna.gz,../ecoli_genomes/GCF_000781995.1_ASM78199v1_genomic.fna.gz,../ecoli_genomes/GCF_000986765.1_ASM98676v1_genomic.fna.gz,../ecoli_genomes/GCF_001041375.1_ViralProj287958_genomic.fna.gz,../ecoli_genomes/GCF_001265335.1_302014_genomic.fna.gz,../ecoli_genomes/GCF_001265625.1_100854_genomic.fna.gz,../ecoli_genomes/GCF_001267345.1_303289_genomic.fna.gz,../ecoli_genomes/GCF_001309985.1_ASM130998v1_genomic.fna.gz,../ecoli_genomes/GCF_001521695.1_ASM152169v1_genomic.fna.gz,../ecoli_genomes/GCF_001592595.1_ASM159259v1_genomic.fna.gz,../ecoli_genomes/GCF_001614975.1_ASM161497v1_genomic.fna.gz,../ecoli_genomes/GCF_001692775.1_ASM169277v1_genomic.fna.gz,../ecoli_genomes/GCF_001748915.1_ASM174891v1_genomic.fna.gz,../ecoli_genomes/GCF_001749235.1_ASM174923v1_genomic.fna.gz,../ecoli_genomes/GCF_001881155.1_ASM188115v1_genomic.fna.gz,../ecoli_genomes/GCF_001881345.1_ASM188134v1_genomic.fna.gz,../ecoli_genomes/GCF_001892405.1_ASM189240v1_genomic.fna.gz,../ecoli_genomes/GCF_001892585.1_ASM189258v1_genomic.fna.gz,../ecoli_genomes/GCF_001893985.1_ASM189398v1_genomic.fna.gz,../ecoli_genomes/GCF_002001595.1_ASM200159v1_genomic.fna.gz,../ecoli_genomes/GCF_002002145.1_ASM200214v1_genomic.fna.gz
1.0,0.78499460659317,0.7683523911059918,0.7653809242754963,0.7647172848061925,0.7738540325271639,0.7672074205414036,0.7714189935739431,0.7926359863209215,0.7690369549994394,0.7739371917754894,0.7670597148167378,0.7745977218403102,0.7602666229908637,0.7541631958614137,0.777477596127787,0.6627472028763894,0.7783818293705785,0.7505716263521182,0.775141167336713,0.7712106988752566,0.759681727910327,0.7785784384180299,0.7175744300250395,0.6710010831600317,0.6927991278222916,0.7776460345945481,0.7681759533019814,0.7769273001424668,0.8001614659098191,0.757312910497123,0.7646800358651991,0.07574202978950262,0.7808927112875241,0.7657048209066066,0.760162203962346,0.7626214587726695,0.776206268102746,0.6836682257660113,0.7781045378978866,0.7578629472914544,0.7709474319542813,0.7795892892497699,0.7774928284926804,0.7741572265947873,0.7754480530453435,0.7741035620960514,0.7723342294092446,0.7580395594590335,0.7874304154447695
0.78499460659317,1.0,0.756595195636519,0.7594773555352081,0.7901717214086205,0.828548431993405,0.7786927221220031,0.7632402249863646,0.7696465621943344,0.7665033031766635,0.7993589559402503,0.7648038025184354,0.8016285222158122,0.762616331924864,0.7504378670013817,0.7905575944477008,0.6584000485381621,0.800941861780527,0.7727191473767338,0.7873946678377312,0.797659702189784,0.7819382893131024,0.8092309728927449,0.7559891254909695,0.6832996875946515,0.7053735347032792,0.7975663356946959,0.7647270214143282,0.7727800794153324,0.7751732013261562,0.7500639295651884,0.7761736917460134,0.07206157927052936,0.7994865592682998,0.825874677587871,0.7562943509356544,0.7755920652227204,0.799383370244125,0.6552527252488844,0.8036623900963921,0.7519431583948707,0.8069478988193479,0.8001491681256174,0.7706032836103118,0.7646604068635694,0.7568151134831408,0.8161339824500566,0.814234398078053,0.7662469330530726,0.7760961140579977
0.7683523911059918,0.756595195636519,1.0,0.7376707167244863,0.733620904197481,0.7365013247493685,0.7419175767065589,0.7425035630152135,0.7553322836496886,0.7441086294383745,0.747813712497857,0.7375356156117756,0.7516863895545625,0.7407296504220807,0.7340084073363493,0.7521899779130896,0.6135405055523311,0.7500356403268779,0.7244949378855767,0.7512088585854911,0.7530020302292624,0.7371604208457547,0.7513640946871852,0.6767492041794643,0.62413672647381,0.6600402974502702,0.7519490920765276,0.7449071989845795,0.7588657806911338,0.7630029940322445,0.7340567538318106,0.7286354757999823,0.06909874646145409,0.7545451274065837,0.7378118509131391,0.7465376520534303,0.7409483826702106,0.7513844859485911,0.6431449493814699,0.7543769851586704,0.738616508877229,0.7434468129692827,0.757004811323558,0.7465056585660345,0.7397359287941789,0.7477127215506214,0.7453628151160588,0.7425322660610667,0.7508032018037383,0.7628992968752122
0.7653809242754963,0.7594773555352081,0.7376707167244863,1.0,0.7406069211737577,0.7540410665250101,0.7409372681322184,0.8080193080572546,0.7621199818433447,0.8224352119265834,0.7436945545580043,0.828584010063648,0.7530892901258552,0.8464900539901167,0.8455135236195295,0.7502621687853107,0.6192826776678868,0.7522672200383337,0.7306490441927044,0.7465816069296105,0.7525542220160816,0.7371332704748866,0.7555772661980724,0.688493669620718,0.6371080285708036,0.67179910640792,0.7470322709293886,0.8325684370183016,0.7602384836043445,0.7568102410376757,0.8217501935045467,0.7470799347305563,0.0755190838817611,0.7486563188351998,0.74391664427287,0.7897458542339694,0.7376339316265905,0.7485640117773409,0.6757105069221633,0.740590735902422,0.8294196765658791,0.7493163278333661,0.7510240919265208,0.8284451273239293,0.8187800734369806,0.7568901700892234,0.7509387859108387,0.7508350739295306,0.8039312502097047,0.7684955565528384
0.7647172848061925,0.7901717214086205,0.733620904197481,0.7406069211737577,1.0,0.7886258566061769,0.7463720924940072,0.7504930066747278,0.7551326677614629,0.75259487988164,0.8130726378651644,0.7459644790288885,0.8093045879046132,0.7421935549470723,0.7440368931800001,0.7670795458923172,0.6596153847820008,0.7887563017650177,0.7600165344024924,0.7541682569394679,0.7976263361242856,0.7738888529976462,0.7939431921965757,0.7311987028167901,0.6678422077256372,0.7022545759555002,0.792554773782835,0.7395740217803884,0.7458591389846825,0.7621863242850271,0.7363454589423333,0.7858308638347298,0.07113757436838075,0.7954079129607365,0.776558252882525,0.7369279139429261,0.7474987147509167,0.8022060531377772,0.6510847248934465,0.808121936527472,0.7443832300938427,0.7869995804274406,0.8095256201784259,0.7463714044470455,0.7450638278095789,0.7403549620295504,0.7983661630962683,0.7993055792066196,0.749102372277094,0.7547259877293186
0.7738540325271639,0.828548431993405,0.7365013247493685,0.7540410665250101,0.7886258566061769,1.0,0.7648645043559683,0.7578325369931193,0.7552684693573317,0.7509097606808506,0.7932290291763608,0.7521704286219647,0.7909996718971639,0.7509485653453812,0.7408084682518206,0.7742238850633897,0.664109201356649,0.7951031034981222,0.7740183160794708,0.7704631887294864,0.7836019973941769,0.7878858524644159,0.7954236755252473,0.7610894313837986,0.6928005928424525,0.7015735823415288,0.7868993297594111,0.7511279849875502,0.7617659103448504,0.754550423937762,0.7338855931062125,0.7888086351435967,0.0723337305099272,0.7986394214338324,0.8191170609691031,0.7461430860371321,0.7612600020453814,0.78936782654688,0.662240558819643,0.78304436942338,0.7405785767354158,0.8013269615468546,0.7931537202092878,0.75544255940605,0.7514486877720672,0.7484228051473008,0.8049711685566641,0.8063438217627721,0.7471376814536768,0.7651748876746387
0.7672074205414036,0.7786927221220031,0.7419175767065589,0.7409372681322184,0.7463720924940072,0.7648645043559683,1.0,0.7396459009602,0.7474299665364326,0.7389572784348227,0.7687062325007692,0.7364187982740362,0.7643804375634338,0.7389161975959377,0.7271998031029385,0.8976193184321511,0.622618013635212,0.7953401023617834,0.7703093917630016,0.9328985435972705,0.786683353618709,0.7691751674886896,0.7965794542308262,0.7017648438408424,0.6380233267003365,0.6709741630514956,0.7789216504447466,0.7415805439942909,0.7477956613652676,0.7467007265649523,0.7313816221636904,0.7497654567617512,0.07676359566345214,0.7836127022604747,0.7736169550667747,0.745334673278595,0.9122843691352873,0.765144413534712,0.6504928541596158,0.767356266762466,0.7289386388473447,0.7742026045153292,0.7746852415061599,0.744066210485311,0.742875046298497,0.7389587285443386,0.7627410666723133,0.7610061169203982,0.7387532935380292,0.7483328437143009
0.7714189935739431,0.7632402249863646,0.7425035630152135,0.8080193080572546,0.7504930066747278,0.7578325369931193,0.7396459009602,1.0,0.7552237920605633,0.8170178605619776,0.7498724387778293,0.8185044981677156,0.7621693213823677,0.8135610945387096,0.806063635020972,0.747319851801783,0.6454714563131492,0.7542194320615774,0.7369424215339184,0.7456493937691656,0.7550231895577381,0.7431014359610297,0.7590098714515923,0.7031779316572075,0.6469030273530811,0.6818315003761702,0.7490297318555219,0.8727513879618639,0.7625795587554081,0.7608193861913547,0.7975171653069647,0.7498108290458613,0.07646454525776947,0.7604174612122028,0.7464575876964087,0.7926421920029564,0.7355686493227789,0.7605864192955413,0.6970585336991506,0.7526668183050702,0.8124574273460122,0.7527316162189477,0.7568648877864543,0.88358293812111,0.8693172640546049,0.7535170703358488,0.7588158205212994,0.7562335524689558,0.8037403141133375,0.7672366541603486
0.7926359863209215,0.7696465621943344,0.7553322836496886,0.7621199818433447,0.7551326677614629,0.7552684693573317,0.7474299665364326,0.7552237920605633,1.0,0.7671019053689132,0.7637086729680989,0.758299720051456,0.7656746143380566,0.7607940298003727,0.7556188230370023,0.762188225397233,0.6262373004898893,0.7642274011024286,0.7345733410911941,0.7557279923420597,0.7607000932041119,0.7514609954678638,0.7659747090338935,0.6974379955034481,0.6416967729935757,0.6721897539456132,0.7640586981478144,0.7609001696845256,0.7775988699014303,0.8089356131452294,0.7573685684063476,0.7443713945595918,0.0778703826632624,0.766522738877256,0.7541397233986942,0.7562504883063645,0.746907796877684,0.7615666244280657,0.6580703137579035,0.7638777680094385,0.7583575979420091,0.7584518894106529,0.772174262684473,0.7625015767351804,0.7545628214503496,0.7587621860241487,0.7560750080475541,0.7548646662422063,0.7581283110276694,0.7869158667770172
0.7690369549994394,0.7665033031766635,0.7441086294383745,0.8224352119265834,0.75259487988164,0.7509097606808506,0.7389572784348227,0.8170178605619776,0.7671019053689132,1.0,0.7595904130235814,0.8196481925917952,0.7643354139168728,0.8235150076120059,0.8199203313637335,0.7513084990299956,0.622155050704613,0.7565976212787535,0.7336374953259517,0.747602185699854,0.7573157393452838,0.7469300392156567,0.7573703530670426,0.6910758667865766,0.6341627629726846,0.6704953247736315,0.7503529662519152,0.8261073914217435,0.7664375954636953,0.7657007569739692,0.8177810751962027,0.73967421495029,0.07548397227796366,0.7553877214194255,0.7456424478323755,0.7947897941264861,0.7370716257319839,0.7587701414841967,0.6777915501776761,0.7550866624461947,0.8258921575390619,0.7517673360084268,0.7588128145563388,0.8242152291557306,0.8164874868229843,0.7566422576869751,0.7580191275773989,0.7555223664958846,0.8095546313249878,0.7702607294722434
0.7739371917754894,0.7993589559402503,0.747813712497857,0.7436945545580043,0.8130726378651644,0.7932290291763608,0.7687062325007692,0.7498724387778293,0.7637086729680989,0.7595904130235814,1.0,0.7504155715831122,0.827428092468277,0.7516003865408606,0.7423224084544202,0.7809989208375951,0.642140695378658,0.8184730643511181,0.7844326388314946,0.7762276045803309,0.8051944802209939,0.8055294874287544,0.8124483676931958,0.7291346441928466,0.6571312767996675,0.6944733307945012,0.8145675524730525,0.7538685595123662,0.755058208198213,0.7706503435292616,0.7432814823453683,0.7806055821926027,0.07513459074344297,0.808750458474413,0.7941638785722265,0.7572414093353793,0.7686841258045778,0.8162130460314935,0.6506383496703871,0.8276462178342507,0.7405525387459844,0.796988419426303,0.8239985625233156,0.7548754554810836,0.7485555135981445,0.7543155387264338,0.8004319445446408,0.7988218374375976,0.7585924730167002,0.7709604027645305
0.7670597148167378,0.7648038025184354,0.7375356156117756,0.828584010063648,0.7459644790288885,0.7521704286219647,0.7364187982740362,0.8185044981677156,0.758299720051456,0.8196481925917952,0.7504155715831122,1.0,0.7530067640565336,0.8263935661263975,0.8454378110980115,0.7454046909320006,0.6456726711118305,0.7517768575434249,0.7296955144817526,0.7426682365372745,0.7543668131710591,0.7415010544627212,0.7555637370829709,0.7069941956614803,0.6547140151106046,0.6767943164227579,0.7472887070897742,0.8252791096882888,0.7642799566177898,0.7619750667771297,0.7973230030027383,0.747193528170141,0.07618477296872372,0.752469180051432,0.7498238703695614,0.7879910286841136,0.7336408571718716,0.7583877277719884,0.7000188295742817,0.7513474845562187,0.8070127059714814,0.7477042942712345,0.75778914713026,0.8329699702088309,0.8239984561864809,0.7569065400440025,0.758909313254948,0.7581880412840653,0.7970221409452478,0.7654686875271686
0.7745977218403102,0.8016285222158122,0.7516863895545625,0.7530892901258552,0.8093045879046132,0.7909996718971639,0.7643804375634338,0.7621693213823677,0.7656746143380566,0.7643354139168728,0.827428092468277,0.7530067640565336,1.0,0.7579366920073054,0.7528122317217514,0.7779117261255806,0.64212461104841,0.8249172510893716,0.8123483052773393,0.773130279119293,0.8196737167797852,0.8253031171693906,0.8383361303464144,0.7249330002825312,0.6533403735050214,0.689635145756432,0.8270048118550131,0.757735220578311,0.7654244469074135,0.7751555737652834,0.7518626413527922,0.8011523953274241,0.07834679653763355,0.8316129593667408,0.7901466979521036,0.7561317655581042,0.7659594106005166,0.8158428494509398,0.6482293023347032,0.8316916819751846,0.7510150895608101,0.794223208559858,0.8346255617445846,0.7581446972124184,0.7512005293133837,0.7495862955457269,0.7959246553484827,0.7938616004461613,0.756664869207083,0.7740379854244892
0.7602666229908637,0.762616331924864,0.7407296504220807,0.8464900539901167,0.7421935549470723,0.7509485653453812,0.7389161975959377,0.8135610945387096,0.7607940298003727,0.8235150076120059,0.7516003865408606,0.8263935661263975,0.7579366920073054,1.0,0.842249535738403,0.7514047834445925,0.6161439769432562,0.7580869577578546,0.7342120872595095,0.7465886104721533,0.7557372584433638,0.7465914581368349,0.7618017976181155,0.6817150188636987,0.6268272112820836,0.6637738652950084,0.7508156081604448,0.838759963177019,0.7644953836281323,0.7578226270426087,0.816776983609099,0.7388700529765226,0.07088354432223065,0.7532815342584018,0.7432278155468405,0.7961961749667338,0.7359816478113372,0.7563209430021609,0.6753756262924313,0.7468883486236346,0.8247036135623773,0.7522276140519755,0.7579187742089438,0.8325043358979054,0.8195206882048198,0.7576524243571688,0.755568772581527,0.7547503248751797,0.8149320588830161,0.7699385203991488
0.7541631958614137,0.7504378670013817,0.7340084073363493,0.8455135236195295,0.7440368931800001,0.7408084682518206,0.7271998031029385,0.806063635020972,0.7556188230370023,0.8199203313637335,0.7423224084544202,0.8454378110980115,0.7528122317217514,0.842249535738403,1.0,0.7401310344164911,0.6184788279262272,0.7455421743232089,0.7260794458983312,0.7349111490766953,0.7455155226056787,0.7328668374400316,0.7474589201291586,0.6832217390344655,0.6287186315175148,0.6691260889737474,0.7403735226164851,0.8213529386310412,0.752343178190426,0.7541633399007864,0.8170923847831827,0.7368644314156485,0.0803122022870526,0.743894733043913,0.7369191771077693,0.7851052896443327,0.725549433117766,0.7505277463172295,0.6774192358130713,0.7400878728850918,0.8274834580195015,0.7428999255633826,0.7528429298307372,0.8192036657419937,0.8082477769458575,0.7528678460447095,0.7518053301864375,0.7504553664583142,0.7968872927527337,0.7658227727506962
0.777477596127787,0.7905575944477008,0.7521899779130896,0.7502621687853107,0.7670795458923172,0.7742238850633897,0.8976193184321511,0.747319851801783,0.762188225397233,0.7513084990299956,0.7809989208375951,0.7454046909320006,0.7779117261255806,0.7514047834445925,0.7401310344164911,1.0,0.6323644292172534,0.7966502410350416,0.7737345501134749,0.9069856962722189,0.7868143466021751,0.778193604430054,0.7969656198629326,0.7097104441529432,0.6492205253784589,0.6861961815318582,0.7769492140927823,0.7507119799182573,0.7574269220208892,0.7656083868550108,0.7425922644694132,0.7592334938086547,0.07332632512419357,0.7866548018828161,0.7810836561109038,0.7536425176874276,0.8947618011224602,0.7725964975007289,0.6497701389882586,0.7748235740287358,0.7436361952078597,0.7791794402542777,0.7810896887783727,0.7498474811781224,0.7484082381492263,0.7493140527374827,0.772294929244455,0.7706734413091019,0.7459788880691854,0.7612829813436066
0.6627472028763894,0.6584000485381621,0.6135405055523311,0.6192826776678868,0.6596153847820008,0.664109201356649,0.622618013635212,0.6454714563131492,0.6262373004898893,0.622155050704613,0.642140695378658,0.6456726711118305,0.64212461104841,0.6161439769432562,0.6184788279262272,0.6323644292172534,1.0,0.6401569028205756,0.6227594712016002,0.6269663500326597,0.6359698782633697,0.6302021431688712,0.6415652203605618,0.7298432589667134,0.7830493275985076,0.6910422047128559,0.640926158173284,0.6178547325106987,0.6243224208443054,0.6359959924851404,0.6149500474053585,0.7029653140196814,0.058884519363581966,0.6566102633340889,0.6540915303725504,0.6274531092705459,0.6223103187338628,0.6468222192051927,0.6911872066288622,0.6495849397184127,0.6143293386359148,0.6564054539551036,0.6476195726673257,0.6450317530699015,0.6421056797160625,0.6373080194986327,0.6665752273556331,0.6691382073706478,0.6148811353563428,0.6314913106954204
0.7783818293705785,0.800941861780527,0.7500356403268779,0.7522672200383337,0.7887563017650177,0.7951031034981222,0.7953401023617834,0.7542194320615774,0.7642274011024286,0.7565976212787535,0.8184730643511181,0.7517768575434249,0.8249172510893716,0.7580869577578546,0.7455421743232089,0.7966502410350416,0.6401569028205756,1.0,0.809568282764756,0.8015538107995857,0.8355046942742705,0.8197282105416459,0.8438148273472088,0.7171616645915674,0.6523658539746708,0.6881588013408682,0.8282607554940403,0.7558847315288979,0.7702335218099421,0.768106669090137,0.7471546729752234,0.7894328588492452,0.07750937661791613,0.8254458478280238,0.7890470827087119,0.7626445617085241,0.7910715905378454,0.8101753234255755,0.6561215825392042,0.8218665875701312,0.7415076857417002,0.7945638730721879,0.8220956604195463,0.7582223123885116,0.7531947372642465,0.7555455758519164,0.7957185638885457,0.7950851961267744,0.7574494577535356,0.7796888082607393
0.7505716263521182,0.7727191473767338,0.7244949378855767,0.7306490441927044,0.7600165344024924,0.7740183160794708,0.7703093917630016,0.7369424215339184,0.7345733410911941,0.7336374953259517,0.7844326388314946,0.7296955144817526,0.8123483052773393,0.7342120872595095,0.7260794458983312,0.7737345501134749,0.6227594712016002,0.809568282764756,1.0,0.7709745540692281,0.801214531029887,0.8127570939734992,0.8145531347052631,0.6993933931358582,0.6356330970112496,0.6664309593820786,0.7942525943573514,0.7326981269990189,0.7382885272841138,0.7390337164377099,0.7227459493734714,0.7792034500282975,0.07898792082059836,0.7927372485625656,0.7673673302831407,0.7324604493611896,0.7638119692669514,0.7796093671484767,0.6352000309920358,0.7919621193179649,0.7191258923910602,0.7676225481092716,0.7881878687233828,0.7357542792206238,0.7313144007666819,0.7296887259433358,0.76391354897437,0.7635312137487947,0.7286584109426517,0.7490800645928968
0.775141167336713,0.7873946678377312,0.7512088585854911,0.7465816069296105,0.7541682569394679,0.7704631887294864,0.9328985435972705,0.7456493937691656,0.7557279923420597,0.747602185699854,0.7762276045803309,0.7426682365372745,0.773130279119293,0.7465886104721533,0.7349111490766953,0.9069856962722189,0.6269663500326597,0.8015538107995857,0.7709745540692281,1.0,0.7933474231117792,0.7737954482997107,0.8010347708265726,0.7070714072913241,0.6444010193925109,0.6774611699404425,0.7828093620748384,0.7506539415266986,0.7573608074072863,0.7569319319154506,0.7385930246161561,0.754556320503452,0.07453454146641525,0.7879260033447268,0.7800927081095036,0.7519703706276588,0.9206228808220193,0.7738416717157994,0.6525392909247159,0.7767140853363432,0.737408063272027,0.7818670054462094,0.7826717665537859,0.7508117179736654,0.7481892964484262,0.7486372490184757,0.7718536602727541,0.7701458690737419,0.7472720639532441,0.760060517045874
0.7712106988752566,0.797659702189784,0.7530020302292624,0.7525542220160816,0.7976263361242856,0.7836019973941769,0.786683353618709,0.7550231895577381,0.7607000932041119,0.7573157393452838,0.8051944802209939,0.7543668131710591,0.8196737167797852,0.7557372584433638,0.7455155226056787,0.7868143466021751,0.6359698782633697,0.8355046942742705,0.801214531029887,0.7933474231117792,1.0,0.8131087528820358,0.8384087747059447,0.7165832297504539,0.6496135239151148,0.688484099711614,0.8248572460880013,0.7563039711928968,0.7629460763954627,0.7645249271890406,0.7497943185562079,0.7825350294449587,0.08195811461973357,0.8258401047015687,0.784790420292852,0.7605206331809397,0.7807936406379896,0.8089358208515666,0.6529405497643673,0.823680649868207,0.7468728745186239,0.793320396071435,0.8217760689362321,0.76105576286893,0.7546274732057939,0.7585035615749282,0.797713077748049,0.7966707467540672,0.7615155778188232,0.7740325259949039
0.759681727910327,0.7819382893131024,0.7371604208457547,0.7371332704748866,0.7738888529976462,0.7878858524644159,0.7691751674886896,0.7431014359610297,0.7514609954678638,0.7469300392156567,0.8055294874287544,0.7415010544627212,0.8253031171693906,0.7465914581368349,0.7328668374400316,0.778193604430054,0.6302021431688712,0.8197282105416459,0.8127570939734992,0.7737954482997107,0.8131087528820358,1.0,0.8609115440318039,0.7118675015626322,0.6485979508100094,0.6781988402930006,0.8080440372406305,0.7426935856264416,0.7476451947688169,0.7495614116814324,0.7338549044630966,0.7828572868886777,0.07551046420298368,0.8367053760507634,0.7742421052151459,0.7432594399368564,0.7639123726352874,0.7962925181933456,0.64371996367185,0.8070823454382906,0.7296760800130926,0.7729466963245518,0.8127968178145283,0.7453309615477011,0.7373790999557134,0.7392305250687087,0.7771732622746861,0.7750131199691241,0.7450218007492102,0.761015903633673
0.7785784384180299,0.8092309728927449,0.7513640946871852,0.7555772661980724,0.7939431921965757,0.7954236755252473,0.7965794542308262,0.7590098714515923,0.7659747090338935,0.7573703530670426,0.8124483676931958,0.7555637370829709,0.8383361303464144,0.7618017976181155,0.7474589201291586,0.7969656198629326,0.6415652203605618,0.8438148273472088,0.8145531347052631,0.8010347708265726,0.8384087747059447,0.8609115440318039,1.0,0.7212397956789366,0.6536941238461044,0.6863935889501864,0.8383105892119758,0.7582896731288578,0.7622187650161425,0.7652370790384699,0.7500374595793112,0.7959632488543785,0.07862179590621032,0.8638342335941773,0.7931458722860725,0.761336217641831,0.7909942520886262,0.8168850998687811,0.659275295249821,0.8288088235990987,0.7476106271128169,0.7950826983860999,0.8332084468986577,0.7602849198985122,0.7538232904508358,0.7530260351093274,0.7948915773408671,0.7936599258618614,0.7618492083411617,0.7730522013651787
0.7175744300250395,0.7559891254909695,0.6767492041794643,0.688493669620718,0.7311987028167901,0.7610894313837986,0.7017648438408424,0.7031779316572075,0.6974379955034481,0.6910758667865766,0.7291346441928466,0.7069941956614803,0.7249330002825312,0.6817150188636987,0.6832217390344655,0.7097104441529432,0.7298432589667134,0.7171616645915674,0.6993933931358582,0.7070714072913241,0.7165832297504539,0.7118675015626322,0.7212397956789366,1.0,0.7799106016207037,0.7159943554117879,0.7192578580046296,0.689649016899909,0.7005167655085436,0.7027736079138778,0.6792862321651578,0.7498218785567043,0.07334542732302085,0.7286320675941613,0.756565492104628,0.6888027800122447,0.6997362296391839,0.7225474557574068,0.6603892632500039,0.7262554110969996,0.6800068500551961,0.736879392794956,0.7255264991246271,0.7059882407226865,0.7020789397992613,0.699191532468483,0.739535199325746,0.7431095213645971,0.6836394765134378,0.7073400441181711
0.6710010831600317,0.6832996875946515,0.62413672647381,0.6371080285708036,0.6678422077256372,0.6928005928424525,0.6380233267003365,0.6469030273530811,0.6416967729935757,0.6341627629726846,0.6571312767996675,0.6547140151106046,0.6533403735050214,0.6268272112820836,0.6287186315175148,0.6492205253784589,0.7830493275985076,0.6523658539746708,0.6356330970112496,0.6444010193925109,0.6496135239151148,0.6485979508100094,0.6536941238461044,0.7799106016207037,1.0,0.7242679744963485,0.6533380085285082,0.6287917971393249,0.6332740177292221,0.6446391752911743,0.6270342034111249,0.710460823999958,0.06538897105036601,0.6636030563546234,0.6851187314232953,0.6298278478345842,0.6390214419206426,0.6617886061678793,0.6723702448650266,0.6622868149614258,0.6258365573346828,0.6678691624569759,0.6602105319494977,0.6550436384538416,0.6494218020880007,0.649791821387399,0.6775371841774924,0.6817279603463794,0.6272625331901882,0.643427218945152
0.6927991278222916,0.7053735347032792,0.6600402974502702,0.67179910640792,0.7022545759555002,0.7015735823415288,0.6709741630514956,0.6818315003761702,0.6721897539456132,0.6704953247736315,0.6944733307945012,0.6767943164227579,0.689635145756432,0.6637738652950084,0.6691260889737474,0.6861961815318582,0.6910422047128559,0.6881588013408682,0.6664309593820786,0.6774611699404425,0.688484099711614,0.6781988402930006,0.6863935889501864,0.7159943554117879,0.7242679744963485,1.0,0.6937255077208323,0.6676234662511384,0.6592793161787824,0.6783842486418719,0.6663521541559811,0.7077848391859762,0.0605734706251051,0.694600864682501,0.7028255594970885,0.6676215461850863,0.6713017434415764,0.706235701935794,0.6321674907004661,0.693084628532883,0.6740618113605916,0.7101852792438487,0.6929604847943805,0.6899234053660577,0.6891671400510462,0.6679804385463299,0.7113813354990463,0.713099213945874,0.6668141655988837,0.6727912379012464
0.7776460345945481,0.7975663356946959,0.7519490920765276,0.7470322709293886,0.792554773782835,0.7868993297594111,0.7789216504447466,0.7490297318555219,0.7640586981478144,0.7503529662519152,0.8145675524730525,0.7472887070897742,0.8270048118550131,0.7508156081604448,0.7403735226164851,0.7769492140927823,0.640926158173284,0.8282607554940403,0.7942525943573514,0.7828093620748384,0.8248572460880013,0.8080440372406305,0.8383105892119758,0.7192578580046296,0.6533380085285082,0.6937255077208323,1.0,0.7481617747771452,0.7556999772768463,0.7657480433537854,0.7420616815682461,0.7954084624065036,0.08003956662174005,0.8268333978578578,0.7882812111836391,0.7506528848370322,0.7716065089583757,0.8341614687986927,0.6492694439040534,0.8308783509887223,0.7399317185179409,0.7915494350362822,0.8486143899775265,0.7570363564929886,0.7495680582771211,0.7517659845629551,0.7944811452715173,0.7926736304816743,0.753898533376111,0.7726082007291679
0.7681759533019814,0.7647270214143282,0.7449071989845795,0.8325684370183016,0.7395740217803884,0.7511279849875502,0.7415805439942909,0.8727513879618639,0.7609001696845256,0.8261073914217435,0.7538685595123662,0.8252791096882888,0.757735220578311,0.838759963177019,0.8213529386310412,0.7507119799182573,0.6178547325106987,0.7558847315288979,0.7326981269990189,0.7506539415266986,0.7563039711928968,0.7426935856264416,0.7582896731288578,0.689649016899909,0.6287917971393249,0.6676234662511384,0.7481617747771452,1.0,0.7696045106522119,0.7622250631320152,0.8106716253548035,0.7404604247730828,0.07610820415062658,0.7513475198124726,0.7474533474465325,0.7961482988871981,0.739554880425378,0.7571054016454108,0.6865182436989585,0.7480344305937952,0.8184521209382383,0.7540654943401838,0.75374324108322,0.914547216149932,0.897152979279499,0.7571539275579098,0.7613607730978716,0.758929810746037,0.8112770959489676,0.7722193484133072
0.7769273001424668,0.7727800794153324,0.7588657806911338,0.7602384836043445,0.7458591389846825,0.7617659103448504,0.7477956613652676,0.7625795587554081,0.7775988699014303,0.7664375954636953,0.755058208198213,0.7642799566177898,0.7654244469074135,0.7644953836281323,0.752343178190426,0.7574269220208892,0.6243224208443054,0.7702335218099421,0.7382885272841138,0.7573608074072863,0.7629460763954627,0.7476451947688169,0.7622187650161425,0.7005167655085436,0.6332740177292221,0.6592793161787824,0.7556999772768463,0.7696045106522119,1.0,0.7735220927742621,0.757453562577532,0.7421243651478941,0.07904881100276084,0.7638320923754647,0.7561913887437226,0.7641755734509259,0.7469907710472128,0.7544494343772458,0.6578991023493082,0.7573614731806949,0.752036462108544,0.750434943181881,0.7577006752217373,0.7677621622394445,0.7617696974986076,0.7772590994809299,0.7595278489269102,0.757466380361514,0.7629312999874107,0.8470670719781566
0.8001614659098191,0.7751732013261562,0.7630029940322445,0.7568102410376757,0.7621863242850271,0.754550423937762,0.7467007265649523,0.7608193861913547,0.8089356131452294,0.7657007569739692,0.7706503435292616,0.7619750667771297,0.7751555737652834,0.7578226270426087,0.7541633399007864,0.7656083868550108,0.6359959924851404,0.768106669090137,0.7390337164377099,0.7569319319154506,0.7645249271890406,0.7495614116814324,0.7652370790384699,0.7027736079138778,0.6446391752911743,0.6783842486418719,0.7657480433537854,0.7622250631320152,0.7735220927742621,1.0,0.7540543845135861,0.7448496567377532,0.07482971103488878,0.7634717167739529,0.7603505335659633,0.758334371438572,0.7479168921185178,0.7690999460477792,0.6579219128724902,0.774095928967885,0.7564633736740327,0.7563157481191034,0.7765130121512032,0.7656983751200656,0.7566656727123285,0.7739416433982718,0.7659814044826146,0.7642921060481627,0.7562896345778036,0.7876581621183151
0.757312910497123,0.7500639295651884,0.7340567538318106,0.8217501935045467,0.7363454589423333,0.7338855931062125,0.7313816221636904,0.7975171653069647,0.7573685684063476,0.8177810751962027,0.7432814823453683,0.7973230030027383,0.7518626413527922,0.816776983609099,0.8170923847831827,0.7425922644694132,0.6149500474053585,0.7471546729752234,0.7227459493734714,0.7385930246161561,0.7497943185562079,0.7338549044630966,0.7500374595793112,0.6792862321651578,0.6270342034111249,0.6663521541559811,0.7420616815682461,0.8106716253548035,0.757453562577532,0.7540543845135861,1.0,0.7364043157506219,0.07474271902511542,0.7474126043630005,0.7332979265596917,0.7863384109213671,0.7295392121776085,0.7489864217943699,0.6689544009205788,0.7455734193218431,0.8554781611195764,0.7446786379834812,0.7516253869888843,0.8101027327720166,0.7984481485249497,0.7527658067193721,0.7506596278113637,0.7496719442592208,0.7925736540180737,0.7609955190986236
0.7646800358651991,0.7761736917460134,0.7286354757999823,0.7470799347305563,0.7858308638347298,0.7888086351435967,0.7497654567617512,0.7498108290458613,0.7443713945595918,0.73967421495029,0.7806055821926027,0.747193528170141,0.8011523953274241,0.7388700529765226,0.7368644314156485,0.7592334938086547,0.7029653140196814,0.7894328588492452,0.7792034500282975,0.754556320503452,0.7825350294449587,0.7828572868886777,0.7959632488543785,0.7498218785567043,0.710460823999958,0.7077848391859762,0.7954084624065036,0.7404604247730828,0.7421243651478941,0.7448496567377532,0.7364043157506219,1.0,0.07418620341549065,0.7989315634330552,0.7629780797786837,0.7330977579946909,0.7520145881697167,0.7929828581650864,0.6774608147604935,0.7988587009024422,0.7298742830115938,0.7799572868275646,0.800299048617632,0.749975371586078,0.7470434832958341,0.7396800736319374,0.7796850616936872,0.7805931435522825,0.7317179405601404,0.7514360786266936
0.07574202978950262,0.07206157927052936,0.06909874646145409,0.0755190838817611,0.07113757436838075,0.0723337305099272,0.07676359566345214,0.07646454525776947,0.0778703826632624,0.07548397227796366,0.07513459074344297,0.07618477296872372,0.07834679653763355,0.07088354432223065,0.0803122022870526,0.07332632512419357,0.058884519363581966,0.07750937661791613,0.07898792082059836,0.07453454146641525,0.08195811461973357,0.07551046420298368,0.07862179590621032,0.07334542732302085,0.06538897105036601,0.0605734706251051,0.08003956662174005,0.07610820415062658,0.07904881100276084,0.07482971103488878,0.07474271902511542,0.07418620341549065,1.0,0.07910747463822598,0.07662705892459898,0.08060283690356551,0.0725319026472756,0.07308911517636785,0.07213988020440198,0.07766327951437069,0.07935710838394705,0.06960320179713297,0.07919373369507665,0.07627374028804756,0.0746093815601705,0.0779614828766062,0.0710895819871874,0.07079949683636311,0.08081826911320744,0.08782180651192939
0.7808927112875241,0.7994865592682998,0.7545451274065837,0.7486563188351998,0.7954079129607365,0.7986394214338324,0.7836127022604747,0.7604174612122028,0.766522738877256,0.7553877214194255,0.808750458474413,0.752469180051432,0.8316129593667408,0.7532815342584018,0.743894733043913,0.7866548018828161,0.6566102633340889,0.8254458478280238,0.7927372485625656,0.7879260033447268,0.8258401047015687,0.8367053760507634,0.8638342335941773,0.7286320675941613,0.6636030563546234,0.694600864682501,0.8268333978578578,0.7513475198124726,0.7638320923754647,0.7634717167739529,0.7474126043630005,0.7989315634330552,0.07910747463822598,1.0,0.7950192945177601,0.7625491028724029,0.7784184536909409,0.8088371007649684,0.6696740682878204,0.8226481832680038,0.7449415626674779,0.7985138428646075,0.8370073294303767,0.7567658958010138,0.7529113030845803,0.7508716233648538,0.7986892342847397,0.7981021166164517,0.7541714590994011,0.7715828016643413
0.7657048209066066,0.825874677587871,0.7378118509131391,0.74391664427287,0.776558252882525,0.8191170609691031,0.7736169550667747,0.7464575876964087,0.7541397233986942,0.7456424478323755,0.7941638785722265,0.7498238703695614,0.7901466979521036,0.7432278155468405,0.7369191771077693,0.7810836561109038,0.6540915303725504,0.7890470827087119,0.7673673302831407,0.7800927081095036,0.784790420292852,0.7742421052151459,0.7931458722860725,0.756565492104628,0.6851187314232953,0.7028255594970885,0.7882812111836391,0.7474533474465325,0.7561913887437226,0.7603505335659633,0.7332979265596917,0.7629780797786837,0.07662705892459898,0.7950192945177601,1.0,0.7409718805506045,0.7667152008334492,0.7823581447978571,0.6553618812545883,0.7901495329586474,0.7341843763432778,0.802504968812134,0.7947728367413043,0.7495863111027649,0.7462381190577356,0.744949242070073,0.8030482188597101,0.8037053901728669,0.7426512128232501,0.7616700195227081
0.760162203962346,0.7562943509356544,0.7465376520534303,0.7897458542339694,0.7369279139429261,0.7461430860371321,0.745334673278595,0.7926421920029564,0.7562504883063645,0.7947897941264861,0.7572414093353793,0.7879910286841136,0.7561317655581042,0.7961961749667338,0.7851052896443327,0.7536425176874276,0.6274531092705459,0.7626445617085241,0.7324604493611896,0.7519703706276588,0.7605206331809397,0.7432594399368564,0.761336217641831,0.6888027800122447,0.6298278478345842,0.6676215461850863,0.7506528848370322,0.7961482988871981,0.7641755734509259,0.758334371438572,0.7863384109213671,0.7330977579946909,0.08060283690356551,0.7625491028724029,0.7409718805506045,1.0,0.7404517063570804,0.7507605169784954,0.6913025598029584,0.7509951733955547,0.7903752509045335,0.7539715515509429,0.7534789850008918,0.7965136224114517,0.7917903345937145,0.7549135128845903,0.7561588306099565,0.7544049981546221,0.7952104377066189,0.7723977116769247
0.7626214587726695,0.7755920652227204,0.7409483826702106,0.7376339316265905,0.7474987147509167,0.7612600020453814,0.9122843691352873,0.7355686493227789,0.746907796877684,0.7370716257319839,0.7686841258045778,0.7336408571718716,0.7659594106005166,0.7359816478113372,0.725549433117766,0.8947618011224602,0.6223103187338628,0.7910715905378454,0.7638119692669514,0.9206228808220193,0.7807936406379896,0.7639123726352874,0.7909942520886262,0.6997362296391839,0.6390214419206426,0.6713017434415764,0.7716065089583757,0.739554880425378,0.7469907710472128,0.7479168921185178,0.7295392121776085,0.7520145881697167,0.0725319026472756,0.7784184536909409,0.7667152008334492,0.7404517063570804,1.0,0.7616240763906084,0.6445282110180077,0.7616999341477826,0.7271759330583581,0.7704105825636562,0.7727823083517772,0.7389719666215722,0.7358287395859922,0.7375770435484795,0.7603414127375384,0.7586252016305852,0.7337423343462217,0.7454915678323908
0.776206268102746,0.799383370244125,0.7513844859485911,0.7485640117773409,0.8022060531377772,0.78936782654688,0.765144413534712,0.7605864192955413,0.7615666244280657,0.7587701414841967,0.8162130460314935,0.7583877277719884,0.8158428494509398,0.7563209430021609,0.7505277463172295,0.7725964975007289,0.6468222192051927,0.8101753234255755,0.7796093671484767,0.7738416717157994,0.8089358208515666,0.7962925181933456,0.8168850998687811,0.7225474557574068,0.6617886061678793,0.706235701935794,0.8341614687986927,0.7571054016454108,0.7544494343772458,0.7690999460477792,0.7489864217943699,0.7929828581650864,0.07308911517636785,0.8088371007649684,0.7823581447978571,0.7507605169784954,0.7616240763906084,1.0,0.6550808295307722,0.8254894400387522,0.7505254213781755,0.7962403183966752,0.845480161514442,0.7657524688591233,0.7569116257923189,0.747449804337136,0.8005465147492606,0.7989090141723775,0.7638552138192942,0.7673933362417926
0.6836682257660113,0.6552527252488844,0.6431449493814699,0.6757105069221633,0.6510847248934465,0.662240558819643,0.6504928541596158,0.6970585336991506,0.6580703137579035,0.6777915501776761,0.6506383496703871,0.7000188295742817,0.6482293023347032,0.6753756262924313,0.6774192358130713,0.6497701389882586,0.6911872066288622,0.6561215825392042,0.6352000309920358,0.6525392909247159,0.6529405497643673,0.64371996367185,0.659275295249821,0.6603892632500039,0.6723702448650266,0.6321674907004661,0.6492694439040534,0.6865182436989585,0.6578991023493082,0.6579219128724902,0.6689544009205788,0.6774608147604935,0.07213988020440198,0.6696740682878204,0.6553618812545883,0.6913025598029584,0.6445282110180077,0.6550808295307722,1.0,0.6545719471570735,0.6769206310062614,0.6578298943916889,0.6550041709875003,0.700633146474988,0.7070216389347519,0.6637501360018421,0.6701248895107275,0.6702902265848703,0.6734719373428923,0.6568327889743486
