../ecoli_genomes/GCF_000163235.1_ASM16323v1_genomic.fna.gz,../ecoli_genomes/GCF_000164555.1_ASM16455v1_genomic.fna.gz,../ecoli_genomes/GCF_000208545.1_ASM20854v2_genomic.fna.gz,../ecoli_genomes/GCF_000233875.1_ASM23387v1_genomic.fna.gz,../ecoli_genomes/GCF_000249735.1_ASM24973v2_genomic.fna.gz,../ecoli_genomes/GCF_000261145.1_Esch_coli_M919_V2_genomic.fna.gz,../ecoli_genomes/GCF_000267705.2_ASM26770v2_genomic.fna.gz,../ecoli_genomes/GCF_000350665.1_Esch_coli_KTE5_V1_genomic.fna.gz,../ecoli_genomes/GCF_000351625.1_Esch_coli_KTE66_V1_genomic.fna.gz,../ecoli_genomes/GCF_000352285.1_Esch_coli_KTE46_V1_genomic.fna.gz,../ecoli_genomes/GCF_000358895.1_ASM35889v1_genomic.fna.gz,../ecoli_genomes/GCF_000456385.1_Esch_coli_HVH_26_4-5703913_V1_genomic.fna.gz,../ecoli_genomes/GCF_000458195.1_Esch_coli_HVH_147_4-5893887_V1_genomic.fna.gz,../ecoli_genomes/GCF_000459755.1_Esch_coli_KOEGE_58_171a_V1_genomic.fna.gz,../ecoli_genomes/GCF_000460055.1_Esch_coli_UMEA_3053-1_V1_genomic.fna.gz,../ecoli_genomes/GCF_000462165.2_ASM46216v2_genomic.fna.gz,../ecoli_genomes/GCF_000601135.1_ASM60113v1_genomic.fna.gz,../ecoli_genomes/GCF_000614595.1_Ec2010EL1058_genomic.fna.gz,../ecoli_genomes/GCF_000617745.1_Ec2010C-4529_genomic.fna.gz,../ecoli_genomes/GCF_000618265.2_EcF6751_genomic.fna.gz,../ecoli_genomes/GCF_000619005.2_Ec2009C-4052_genomic.fna.gz,../ecoli_genomes/GCF_000619105.1_Ec2009C-4780_genomic.fna.gz,../ecoli_genomes/GCF_000619765.2_Ec2009C-3279_genomic.fna.gz,../ecoli_genomes/GCF_000687005.1_ASM68700v1_genomic.fna.gz,../ecoli_genomes/GCF_000687025.1_ASM68702v1_genomic.fna.gz,../ecoli_genomes/GCF_000700125.1_ASM70012v1_genomic.fna.gz,../ecoli_genomes/GCF_000753315.1_FHI35_genomic.fna.gz,../ecoli_genomes/GCF_000776375.1_ASM77637v1_genomic.fna.gz,../ecoli_genomes/GCF_000779395.1_ASM77939v1_genomic.fna.gz,../ecoli_genomes/GCF_000780315.1_ASM78031v1_genomic.fna.gz,../ecoli_genomes/GCF_000781995.1_ASM78199v1_genomic.fna.gz,../ecoli_genomes/GCF_000986765.1_ASM98676v1_genomic.fna.gz,../ecoli_genomes/GCF_001041375.1_ViralProj287958_genomic.fna.gz,../ecoli_genomes/GCF_001265335.1_302014_genomic.fna.gz,../ecoli_genomes/GCF_001265625.1_100854_genomic.fna.gz,../ecoli_genomes/GCF_001267345.1_303289_genomic.fna.gz,../ecoli_genomes/GCF_001309985.1_ASM130998v1_genomic.fna.gz,../ecoli_genomes/GCF_001521695.1_ASM152169v1_genomic.fna.gz,../ecoli_genomes/GCF_001592595.1_ASM159259v1_genomic.fna.gz,../ecoli_genomes/GCF_001614975.1_ASM161497v1_genomic.fna.gz,../ecoli_genomes/GCF_001692775.1_ASM169277v1_genomic.fna.gz,../ecoli_genomes/GCF_001748915.1_ASM174891v1_genomic.fna.gz,../ecoli_genomes/GCF_001749235.1_ASM174923v1_genomic.fna.gz,../ecoli_genomes/GCF_001881155.1_ASM188115v1_genomic.fna.gz,../ecoli_genomes/GCF_001881345.1_ASM188134v1_genomic.fna.gz,../ecoli_genomes/GCF_001892405.1_ASM189240v1_genomic.fna.gz,../ecoli_genomes/GCF_001892585.1_ASM189258v1_genomic.fna.gz,../ecoli_genomes/GCF_001893985.1_ASM189398v1_genomic.fna.gz,../ecoli_genomes/GCF_002001595.1_ASM200159v1_genomic.fna.gz,../ecoli_genomes/GCF_002002145.1_ASM200214v1_genomic.fna.gz
1.0,0.7918324745668868,0.7805096189309548,0.7677295822350176,0.7557150112826951,0.7718935257668367,0.7976642140224391,0.7796591158723017,0.7917295864300683,0.7811777838487126,0.7926905143200662,0.7821343056257182,0.7878358548658748,0.7742502189462286,0.7666543492460981,0.795900126588161,0.723117577926758,0.7943983069824005,0.7508289116344915,0.8005529088499305,0.7924568098504741,0.7656120901383483,0.7983897140834912,0.7405727435403071,0.7233780317702984,0.7634838626109434,0.7960184050871135,0.7801611736256868,0.799482612284922,0.8038120174398452,0.7626454793819119,0.7727922386142976,0.04823533101634514,0.7746224435672856,0.7713814218326795,0.765403093202716,0.7812909596289164,0.7923569948486979,0.6871971811265837,0.7940800099210581,0.7621762861723744,0.7794792793664633,0.7914874404056654,0.7842523417720821,0.7825375736312723,0.7762310545152318,0.7885449808464396,0.7884768894374902,0.7752560676438264,0.8015413596066355
0.7918324745668868,1.0,0.7609594917816591,0.7684783227129414,0.7632578308993958,0.8275809734247046,0.7944791668640775,0.7689022631662336,0.7470293765659959,0.7795041608642411,0.8164646023809745,0.7901842090806017,0.7987262207304748,0.7718351290542841,0.7680292724476497,0.7975634282078226,0.7598574428958252,0.8099247451383451,0.7680965489635404,0.79992190778053,0.8008604612971126,0.7760885195403804,0.8098159743695388,0.7952922502186,0.7721656056093059,0.8119754542077839,0.816335772429747,0.7736620503826231,0.7747508778922959,0.7633658691486503,0.7615319723475332,0.7795668116930641,0.04207952189516817,0.7860571755687569,0.8380780459942969,0.7595561855738886,0.7788273074149041,0.8200371708796071,0.6704655378373308,0.8000633441940824,0.7645252219094761,0.8244496283312799,0.8139486390307408,0.77992463392581,0.7750222591527748,0.7466633263733435,0.8369228032829156,0.837192996632977,0.7760374201010225,0.764771879991191
0.7805096189309548,0.7609594917816591,1.0,0.7520129103624839,0.7275498901487293,0.7428347716940954,0.7637531150497503,0.7577559357180124,0.7568405954730076,0.7572930889463415,0.7575601168025508,0.7521273846970369,0.7589209366500262,0.7614595767112317,0.7449856219420604,0.7695254378171086,0.6986851094462301,0.7686313804907188,0.729757477945554,0.7697763108218667,0.7672877269938722,0.7426769494629895,0.766251183384236,0.7100281007471347,0.6971841874573899,0.7285242229591071,0.7736841836626147,0.7611694838346197,0.7706679962864855,0.7654376091659405,0.752157252626286,0.7502682160545752,0.04743448617451573,0.7546103665486021,0.7396006661238523,0.7586290050997406,0.7527451422023768,0.7681179572913108,0.6645938409770783,0.7729177646872128,0.7544773437311518,0.7591537254301786,0.7689546694290315,0.7671789517405558,0.7605322211318061,0.7604462668458238,0.7625587497090776,0.7595933558286292,0.762628912210399,0.7770534476142705
0.7677295822350176,0.7684783227129414,0.7520129103624839,1.0,0.7467925251463814,0.764502705154864,0.7561732154788092,0.8297285187641221,0.7468881966181697,0.841726534679805,0.7669495581610812,0.8317223082613812,0.7634425624310371,0.8553268288945888,0.855877448088139,0.7700133368257636,0.7135931660452874,0.7634713763722298,0.7228783849349242,0.7629722923774529,0.756966052478106,0.7363830045920888,0.7640867534810074,0.7348078845131,0.7211772970387048,0.7597492285511012,0.7679846051963567,0.8332811783351924,0.7657193582346633,0.752328694643605,0.8354473915371013,0.7560930683683701,0.04232668101173276,0.7412126504025016,0.7497226101635677,0.7906119013846838,0.7532771098830295,0.7613922050926304,0.7001756547743042,0.7564046984138864,0.8438347684442875,0.7625169270435757,0.767471271668373,0.8357693167468758,0.8272008889328337,0.7484513159325636,0.7634064638129351,0.7643526813693351,0.808328106929627,0.761322485444933
0.7557150112826951,0.7632578308993958,0.7275498901487293,0.7467925251463814,1.0,0.7613938735936934,0.7576629626715867,0.7531649960653153,0.7501686914272586,0.7494871770051904,0.786304365387197,0.7432235991399347,0.7849266407371868,0.742897969254714,0.7539856338187978,0.7664100049986327,0.7203653502325433,0.7754270927554051,0.7363660438280125,0.7591906180519966,0.7751120022021314,0.7506930953660897,0.7748810953445096,0.7440095716264629,0.7221496458047112,0.7552676429992486,0.7816741728121425,0.7362105229114182,0.7466886251942072,0.7395568904410801,0.7428220678407964,0.7809607719819177,0.0500915738031017,0.7667254262591195,0.7517167969634587,0.7238226218247489,0.7579703789448766,0.790095049509069,0.6789265017160475,0.7779548737081659,0.7454937499943457,0.769990474519727,0.7851363979441626,0.7421391634507355,0.7425704957075547,0.7364426734784022,0.7706367370795687,0.7706339335946362,0.7364055874107801,0.7459635388524949
0.7718935257668367,0.8275809734247046,0.7428347716940954,0.764502705154864,0.7613938735936934,1.0,0.7880360133823636,0.7543129198067993,0.727897537149651,0.7570882479592776,0.7986555799441998,0.7741800892580953,0.7813797184587233,0.759096370216746,0.7594308663252954,0.7836787832312582,0.7584061467016917,0.7928061109191484,0.7589622939255226,0.7847436924127685,0.7862576836054915,0.7869849781166289,0.7850597781245766,0.7894415525767337,0.7804096680129724,0.8078279825743966,0.7874650580932643,0.7498551663125845,0.7520031623941147,0.7373067361599966,0.7458023774962507,0.7742196818450828,0.04439878759218385,0.7689717633107607,0.8228767861898765,0.7508313927165264,0.767662360955813,0.7937021100725543,0.6708154417845482,0.7799672172686373,0.7500488235950707,0.8135637751738372,0.7939000675911149,0.7568462087985108,0.7523643738981826,0.7335252634345159,0.8164584610057541,0.8208676038171171,0.7473246085709724,0.7468010843254789
0.7976642140224391,0.7944791668640775,0.7637531150497503,0.7561732154788092,0.7576629626715867,0.7880360133823636,1.0,0.7626666372584994,0.7628574080350887,0.7651455510226206,0.7941163809046912,0.768653201752673,0.7866155710784422,0.7636083960020851,0.7579183930343989,0.8967710219826038,0.7242535772030032,0.8193373847037807,0.7727694958962621,0.9393609814736812,0.8153079021555606,0.7867127557272455,0.8169460646063893,0.749551177478951,0.7322901377465736,0.7703078826101928,0.8045861292301086,0.759583000429845,0.7735326277947925,0.7725289471590014,0.7520734661879944,0.7811239279231014,0.04761968160670571,0.7882103387611314,0.7836318238628378,0.7657443685920273,0.9017452118821034,0.7909377856422822,0.6767079444706459,0.7939496596192606,0.7490373417954492,0.7933300749380772,0.8000109467703435,0.7666578451551211,0.7650105757279585,0.7577580792931491,0.790890108391736,0.7905762742269158,0.7613445741594469,0.7722984131105136
0.7796591158723017,0.7689022631662336,0.7577559357180124,0.8297285187641221,0.7531649960653153,0.7543129198067993,0.7626666372584994,1.0,0.7604780570045776,0.8340657637727229,0.763773578289708,0.8282190615830661,0.7752092298478985,0.8358052233444264,0.8231519822802031,0.7682881095117956,0.7086951752495738,0.7753681201935758,0.7385289014660696,0.7674899553342105,0.7696331509940532,0.7490250165105039,0.7746569858587506,0.7272252268272581,0.708322890653592,0.742653128475939,0.7768225859322024,0.8888241842017461,0.7778518210279786,0.7606215111572279,0.8279702067462431,0.7657859743184908,0.04090877903032786,0.7554400426735446,0.7468991815562718,0.7974360457246918,0.7576823058064639,0.777230126227231,0.7013270947345911,0.7740936557449641,0.8264486526298381,0.7615422116276909,0.7767312790103507,0.8911615778011616,0.8815097430067451,0.7626792673051068,0.7611905454040698,0.7604056594190921,0.8198039948611664,0.7768883723183955
0.7917295864300683,0.7470293765659959,0.7568405954730076,0.7468881966181697,0.7501686914272586,0.727897537149651,0.7628574080350887,0.7604780570045776,1.0,0.7604204197421386,0.7560079008550746,0.7455355126820291,0.7735778211526658,0.758371965843802,0.752437844029776,0.772283148169101,0.68939976915698,0.7731330231917883,0.7310910527722725,0.769434070188288,0.7756135309730388,0.7499065736237767,0.7808693367439935,0.6995166733613729,0.6856589080258753,0.7191802567197163,0.7799136902727926,0.759042125867681,0.780461871204934,0.8151187845010401,0.7511122790445794,0.7729070606832303,0.04587032161891458,0.766330426256328,0.7293934185769868,0.747418919223007,0.761177494148175,0.771537430579643,0.669507921886378,0.7831269953769997,0.7442851202227211,0.7498377053769951,0.7759978450450327,0.7596404544220994,0.7550556181281673,0.7743117206186831,0.7516271131503727,0.7490177123089137,0.7526064358733172,0.788819922740226
0.7811777838487126,0.7795041608642411,0.7572930889463415,0.841726534679805,0.7494871770051904,0.7570882479592776,0.7651455510226206,0.8340657637727229,0.7604204197421386,1.0,0.7816813080454955,0.8279961266243622,0.781208160172532,0.8395110952031671,0.8355363263298318,0.7758636508152739,0.7095928037425321,0.7737046842317516,0.7300991842620477,0.7716477717362242,0.7667577995104665,0.7484462873952434,0.7713613386543641,0.7343230731027293,0.709245791720241,0.7606262181390071,0.780007816916852,0.8377168593267454,0.7805465537046257,0.7705885366127228,0.8402410240645374,0.7551986291607201,0.03921006433709229,0.752290683840467,0.7547172147744271,0.795923439569955,0.7607263250071454,0.7698946316574977,0.7001389286450104,0.7725931551354477,0.8417624945298618,0.7620651899713801,0.7771159102480643,0.8399027257585339,0.8341501872675687,0.7506764346019019,0.7708895707217917,0.7706400927964498,0.8278220445391493,0.7662557810032351
0.7926905143200662,0.8164646023809745,0.7575601168025508,0.7669495581610812,0.786304365387197,0.7986555799441998,0.7941163809046912,0.763773578289708,0.7560079008550746,0.7816813080454955,1.0,0.774381535752117,0.8289356094522988,0.7683668977064905,0.7659747504070333,0.7923969110504163,0.7380709808766243,0.8249668844928233,0.7789668889991521,0.797645919789154,0.8151461244595278,0.8011980456138277,0.8233193460802103,0.7736102408557588,0.7403847857701076,0.7988358577663548,0.8284090002365423,0.7684176553624815,0.7669914392214807,0.7673434335469,0.7575982722893451,0.7919422461937609,0.04688552937315971,0.800463111271122,0.7973065527993299,0.7648085220309478,0.7762058292060794,0.8220695741877438,0.679064812861716,0.8216141599698832,0.7590802355196004,0.8182124898123023,0.8332821715784923,0.77131766304499,0.7674194341520444,0.7445399986789285,0.822624076761995,0.8231087613886703,0.7699053544003179,0.76944861014775
0.7821343056257182,0.7901842090806017,0.7521273846970369,0.8317223082613812,0.7432235991399347,0.7741800892580953,0.768653201752673,0.8282190615830661,0.7455355126820291,0.8279961266243622,0.774381535752117,1.0,0.7666174408473716,0.8310668831972097,0.8453033619367074,0.7743840474364212,0.7238894070064328,0.7749500581094886,0.739863705934641,0.7735021827787525,0.7694132281311894,0.7485426077731783,0.772976586317502,0.7450648116780761,0.7235343018554405,0.7647897448473019,0.7764782359717192,0.8328406976302998,0.7745713464258441,0.7600350941955617,0.8093603257440201,0.7531699460614941,0.04081011206035223,0.7509309367040544,0.762898221276335,0.7915277736344619,0.7589965902740349,0.7752754694067077,0.6982092062965639,0.7656685990331542,0.8193072455922752,0.769768223380155,0.7819852976255738,0.8366438206937747,0.8314787667783461,0.7503164990762374,0.7797070576978157,0.7807874298504641,0.806038910768019,0.7656572469085878
0.7878358548658748,0.7987262207304748,0.7589209366500262,0.7634425624310371,0.7849266407371868,0.7813797184587233,0.7866155710784422,0.7752092298478985,0.7735778211526658,0.781208160172532,0.8289356094522988,0.7666174408473716,1.0,0.7672436302620173,0.7703611201909897,0.7940203671066454,0.7280246973402023,0.8302520301663023,0.8139637080878476,0.7908973622365347,0.8294403781313437,0.8288411464844531,0.8411724570044401,0.756691631319619,0.7223420360613546,0.7740149288253519,0.8390649394248039,0.7691405660360687,0.7754735342251722,0.7779608444008349,0.7616505541091544,0.824938386874901,0.04620772866885681,0.8189876905128792,0.7812119220860164,0.759492058461106,0.7794772757482212,0.8243813159202992,0.6720178704774058,0.8413818202561417,0.7582630626895025,0.7961779807000232,0.8351983469593487,0.7716976600242167,0.7669156488773564,0.754050380299039,0.7990502491040699,0.7968619062741581,0.7694885471166067,0.7733928244468726
0.7742502189462286,0.7718351290542841,0.7614595767112317,0.8553268288945888,0.742897969254714,0.759096370216746,0.7636083960020851,0.8358052233444264,0.758371965843802,0.8395110952031671,0.7683668977064905,0.8310668831972097,0.7672436302620173,1.0,0.8511930486603391,0.7750254041061582,0.7060818057792765,0.7768903498799319,0.7370022382795762,0.7714456354740569,0.7650578483662323,0.7485003990373926,0.7723069895720834,0.7243799778531771,0.7061605544458358,0.7453432083440569,0.7762977625358292,0.8487495636983379,0.7795556008372347,0.7612167152540176,0.8358050115294092,0.7575144166719526,0.042126273944713466,0.7507879873499643,0.7528760226035641,0.7978499340217295,0.7570579013060162,0.7667366599966121,0.6971082450189454,0.766639815295204,0.8443826990812199,0.7637678297412943,0.7705737239502874,0.846052947979447,0.8385101590327013,0.7627905428711579,0.7664407240819189,0.7660176361627637,0.8200072928316104,0.777433506259438
0.7666543492460981,0.7680292724476497,0.7449856219420604,0.855877448088139,0.7539856338187978,0.7594308663252954,0.7579183930343989,0.8231519822802031,0.752437844029776,0.8355363263298318,0.7659747504070333,0.8453033619367074,0.7703611201909897,0.8511930486603391,1.0,0.7696692539223297,0.7131472596691011,0.765922057129897,0.7258546094749425,0.7648085642561665,0.7610948602596063,0.7421238843783708,0.7661843615834094,0.7349810807249779,0.7169187375348567,0.7557287857596551,0.7698089530376935,0.8227812013053133,0.7687753858233367,0.7544477746121688,0.8334355061522289,0.758517164842913,0.04046003494429962,0.7452703655190933,0.7526991180103799,0.7902836812293059,0.7567478346641505,0.7637835850299987,0.6969239547877373,0.7607304409244079,0.8382844882139842,0.7623941871891368,0.7716004577516761,0.8209474808568744,0.8171856225540505,0.7505125309890653,0.7672464683659012,0.7668571623781139,0.8062052316031415,0.7651927242485688
0.795900126588161,0.7975634282078226,0.7695254378171086,0.7700133368257636,0.7664100049986327,0.7836787832312582,0.8967710219826038,0.7682881095117956,0.772283148169101,0.7758636508152739,0.7923969110504163,0.7743840474364212,0.7940203671066454,0.7750254041061582,0.7696692539223297,1.0,0.7244119757357745,0.8119422197790216,0.7731751507002591,0.9077777342829538,0.8057942836882954,0.7830709212349496,0.8107078386028751,0.7520509844475903,0.7317033390641858,0.7688945903599889,0.8027377012797032,0.7673058290920293,0.7808927348800964,0.7827436110711481,0.7635580670428738,0.7828230174669752,0.04616996436889842,0.7878076948793371,0.7831309746175458,0.7677588381725204,0.8934095623989493,0.7936198005136543,0.672203273426518,0.7952659991912765,0.7641853610714204,0.7900966145850452,0.7998738009530706,0.7715523122484078,0.7681780011352102,0.762270435247438,0.7899149860739473,0.789459761106077,0.7678349497599387,0.7737597295044353
0.723117577926758,0.7598574428958252,0.6986851094462301,0.7135931660452874,0.7203653502325433,0.7584061467016917,0.7242535772030032,0.7086951752495738,0.68939976915698,0.7095928037425321,0.7380709808766243,0.7238894070064328,0.7280246973402023,0.7060818057792765,0.7131472596691011,0.7244119757357745,1.0,0.7274823271294636,0.6953073583448154,0.724526809196147,0.7219240246644794,0.7092582693049214,0.7317830603197221,0.8287734990887983,0.8193071299716814,0.7992014153190576,0.7321801735485627,0.6961208012364792,0.7012085135544661,0.6951407979952461,0.701955654739914,0.7495550517161512,0.04129234994027564,0.7197581719070536,0.7522682684662323,0.6978209462395547,0.7203911370236421,0.7348587987376577,0.6333721864327435,0.7250490996683354,0.7033940227311328,0.7421707821060048,0.7341918821485041,0.7118540085001864,0.7102456409817347,0.684831773374384,0.7571583783952442,0.758304990794187,0.6964444849611005,0.6943802151666499
0.7943983069824005,0.8099247451383451,0.7686313804907188,0.7634713763722298,0.7754270927554051,0.7928061109191484,0.8193373847037807,0.7753681201935758,0.7731330231917883,0.7737046842317516,0.8249668844928233,0.7749500581094886,0.8302520301663023,0.7768903498799319,0.765922057129897,0.8119422197790216,0.7274823271294636,1.0,0.8119240913183416,0.8210860841189234,0.8485595064649765,0.8240506544877649,0.8559152286827537,0.7531842811561698,0.7335927585317217,0.7734275896642158,0.8401669944375852,0.7771019790070879,0.7797400402712974,0.7786994826143044,0.7609270928816909,0.8114347727375482,0.04638641677417665,0.8231328443957334,0.7943790092949351,0.7794645691988384,0.8033357174213109,0.8233266912627988,0.6808600290564921,0.8329175620932308,0.7563929482189912,0.8107917940695502,0.8358667998434507,0.7811871143912508,0.7799364659487762,0.7679747176196116,0.810478968907074,0.8100028918711062,0.7753602010005212,0.7837701244391408
0.7508289116344915,0.7680965489635404,0.729757477945554,0.7228783849349242,0.7363660438280125,0.7589622939255226,0.7727694958962621,0.7385289014660696,0.7310910527722725,0.7300991842620477,0.7789668889991521,0.739863705934641,0.8139637080878476,0.7370022382795762,0.7258546094749425,0.7731751507002591,0.6953073583448154,0.8119240913183416,1.0,0.7723854522695849,0.8013093054960955,0.8162554380472089,0.8027483490750247,0.7148625483030868,0.7018614363890932,0.7322791386909271,0.7906934252601382,0.7393348211729465,0.7406165836525322,0.7424071559452258,0.7228154629897183,0.793547646519639,0.04514713596019182,0.7793733927934978,0.7565079328900559,0.7330100531099556,0.7616386000034431,0.7818451557364604,0.6488240669532606,0.7879593898112106,0.7203441537311657,0.7685806824404784,0.7904391261418808,0.7420674507300424,0.7406954975007312,0.7278029124166061,0.7602462111808737,0.7607747741527773,0.7335078727279534,0.7392554709967702
0.8005529088499305,0.79992190778053,0.7697763108218667,0.7629722923774529,0.7591906180519966,0.7847436924127685,0.9393609814736812,0.7674899553342105,0.769434070188288,0.7716477717362242,0.797645919789154,0.7735021827787525,0.7908973622365347,0.7714456354740569,0.7648085642561665,0.9077777342829538,0.724526809196147,0.8210860841189234,0.7723854522695849,1.0,0.8161552869999327,0.7844384494287451,0.8186530870865926,0.748616463793986,0.7338473306056823,0.7704666929697175,0.8093006161189429,0.7669699741793075,0.778614241109147,0.78016094903215,0.758045232649778,0.7838392846520479,0.047473916038134334,0.7897171669801508,0.7837552877679645,0.7681727262930693,0.9074038074836308,0.7966990493418059,0.674805198008424,0.800954707452188,0.757393352933274,0.7935445484014255,0.8044197870063436,0.7726863812351346,0.7700828306551499,0.7646042783000829,0.7943961218548743,0.7938729648242446,0.7682780506925584,0.7787689834259923
0.7924568098504741,0.8008604612971126,0.7672877269938722,0.756966052478106,0.7751120022021314,0.7862576836054915,0.8153079021555606,0.7696331509940532,0.7756135309730388,0.7667577995104665,0.8151461244595278,0.7694132281311894,0.8294403781313437,0.7650578483662323,0.7610948602596063,0.8057942836882954,0.7219240246644794,0.8485595064649765,0.8013093054960955,0.8161552869999327,1.0,0.8208161876650208,0.8543670710139055,0.743689926247575,0.7296906027900061,0.7694446656536401,0.8408966746414931,0.7724941891116984,0.7760016520117383,0.7814823281901763,0.7569310828621316,0.8108498853470046,0.04787624920798117,0.8233853420901652,0.7915643610681706,0.7703903064429949,0.7964099576404944,0.8278627035971612,0.6782202039476164,0.8371429724477171,0.7541481945237088,0.8010748527323539,0.8348699211588111,0.7766156648309877,0.7742231743049673,0.7707101292208689,0.8065509490276657,0.8047190231841471,0.7689608864757737,0.7819456710157042
0.7656120901383483,0.7760885195403804,0.7426769494629895,0.7363830045920888,0.7506930953660897,0.7869849781166289,0.7867127557272455,0.7490250165105039,0.7499065736237767,0.7484462873952434,0.8011980456138277,0.7485426077731783,0.8288411464844531,0.7485003990373926,0.7421238843783708,0.7830709212349496,0.7092582693049214,0.8240506544877649,0.8162554380472089,0.7844384494287451,0.8208161876650208,1.0,0.8572557665948549,0.725063978973538,0.7162203026840304,0.7507533474231438,0.8105701075496783,0.7517839936062565,0.7491860111910396,0.7538441836890196,0.7383866037438565,0.7995567776673139,0.04549634071701869,0.8271374819881597,0.7650142498256787,0.7461859534529198,0.7684698300019913,0.8050607145785142,0.6581615831927707,0.809151811422506,0.7337838074349254,0.7791661229092808,0.8140481503892726,0.751995283033779,0.7489836892383464,0.7385377630071897,0.7780992427455854,0.7789031315532783,0.7479467343288406,0.7495610879703979
0.7983897140834912,0.8098159743695388,0.766251183384236,0.7640867534810074,0.7748810953445096,0.7850597781245766,0.8169460646063893,0.7746569858587506,0.7808693367439935,0.7713613386543641,0.8233193460802103,0.772976586317502,0.8411724570044401,0.7723069895720834,0.7661843615834094,0.8107078386028751,0.7317830603197221,0.8559152286827537,0.8027483490750247,0.8186530870865926,0.8543670710139055,0.8572557665948549,1.0,0.7490504123002419,0.7339193246588582,0.7735345699822974,0.847239630591866,0.7782879935336873,0.7781526661971518,0.7820974821586996,0.7627221240152313,0.8226089354714947,0.04553352756904694,0.8601899244714456,0.793639342888648,0.7716513535367994,0.7977601973790486,0.8307325836759765,0.6759469604508133,0.8342929504337662,0.7597664058216116,0.8041707514898419,0.8378725141196911,0.7811735858320843,0.7789279803917948,0.7634936208902978,0.8066611312887764,0.8057137378001522,0.7732634287314926,0.7816691625294447
0.7405727435403071,0.7952922502186,0.7100281007471347,0.7348078845131,0.7440095716264629,0.7894415525767337,0.749551177478951,0.7272252268272581,0.6995166733613729,0.7343230731027293,0.7736102408557588,0.7450648116780761,0.756691631319619,0.7243799778531771,0.7349810807249779,0.7520509844475903,0.8287734990887983,0.7531842811561698,0.7148625483030868,0.748616463793986,0.743689926247575,0.725063978973538,0.7490504123002419,1.0,0.8157861713499237,0.8191172982767342,0.7588545038626318,0.71294218822506,0.717935935248851,0.7091005053189764,0.7190027330884938,0.7523028694449126,0.04117645591435193,0.7365052252083157,0.7905995271390672,0.7165112802785027,0.7450623704029782,0.7530360284794018,0.6413762036576063,0.7420223406914075,0.7261785901958799,0.7766159912909013,0.7550880492896439,0.7248887806403868,0.7231189104033677,0.6928460446281073,0.7795685503262122,0.7808018811992012,0.7162996713874947,0.7091263489494455
0.7233780317702984,0.7721656056093059,0.6971841874573899,0.7211772970387048,0.7221496458047112,0.7804096680129724,0.7322901377465736,0.708322890653592,0.6856589080258753,0.709245791720241,0.7403847857701076,0.7235343018554405,0.7223420360613546,0.7061605544458358,0.7169187375348567,0.7317033390641858,0.8193071299716814,0.7335927585317217,0.7018614363890932,0.7338473306056823,0.7296906027900061,0.7162203026840304,0.7339193246588582,0.8157861713499237,1.0,0.8081839448390165,0.7358865954808507,0.6963416769800452,0.6980245624604275,0.6893285794833384,0.7021473278691177,0.7554769750016249,0.04003592110766696,0.7226880653435988,0.7729343369443414,0.6953346264026233,0.7295174320759998,0.7461953351344186,0.6272537351723804,0.7244587703380452,0.7054681766628641,0.7537784852396844,0.7425060764996254,0.7105985647924509,0.7118097359949697,0.6907480861083611,0.7615753688002356,0.7641739239059684,0.7039374541199239,0.6951694013402517
0.7634838626109434,0.8119754542077839,0.7285242229591071,0.7597492285511012,0.7552676429992486,0.8078279825743966,0.7703078826101928,0.742653128475939,0.7191802567197163,0.7606262181390071,0.7988358577663548,0.7647897448473019,0.7740149288253519,0.7453432083440569,0.7557287857596551,0.7688945903599889,0.7992014153190576,0.7734275896642158,0.7322791386909271,0.7704666929697175,0.7694446656536401,0.7507533474231438,0.7735345699822974,0.8191172982767342,0.8081839448390165,1.0,0.7810501292171682,0.7367135011804913,0.7331882842243854,0.7272605211385816,0.7426623846229432,0.763536590582138,0.03980590694039454,0.7531944914906019,0.8080690113680858,0.7407819244332172,0.7593225971479146,0.7834115150515906,0.6651251515779952,0.7689192128365581,0.7464391950726309,0.7957833076792966,0.7846556646117933,0.7483843101269754,0.7441024147060185,0.7155573441368565,0.8119696191161601,0.8135302114398393,0.7457151260860024,0.7275788060365606
0.7960184050871135,0.816335772429747,0.7736841836626147,0.7679846051963567,0.7816741728121425,0.7874650580932643,0.8045861292301086,0.7768225859322024,0.7799136902727926,0.780007816916852,0.8284090002365423,0.7764782359717192,0.8390649394248039,0.7762977625358292,0.7698089530376935,0.8027377012797032,0.7321801735485627,0.8401669944375852,0.7906934252601382,0.8093006161189429,0.8408966746414931,0.8105701075496783,0.847239630591866,0.7588545038626318,0.7358865954808507,0.7810501292171682,1.0,0.7754980112940613,0.7786908702793197,0.7770200899206481,0.76727267764645,0.8206682027436686,0.045329886597254676,0.8195690368556093,0.7918927426066069,0.7696093223107537,0.7906977368661399,0.8548450703547548,0.6764398236913378,0.8420651685375484,0.7629320956443612,0.8078868563054438,0.8623713091656926,0.7803082398873807,0.7751739844234529,0.7644913340874573,0.8062488070337552,0.8051799268411097,0.7779700536587101,0.7826637461554001
0.7801611736256868,0.7736620503826231,0.7611694838346197,0.8332811783351924,0.7362105229114182,0.7498551663125845,0.759583000429845,0.8888241842017461,0.759042125867681,0.8377168593267454,0.7684176553624815,0.8328406976302998,0.7691405660360687,0.8487495636983379,0.8227812013053133,0.7673058290920293,0.6961208012364792,0.7771019790070879,0.7393348211729465,0.7669699741793075,0.7724941891116984,0.7517839936062565,0.7782879935336873,0.71294218822506,0.6963416769800452,0.7367135011804913,0.7754980112940613,1.0,0.7827493720958181,0.7665921547165618,0.8271418330556806,0.758311248546135,0.03990412528738363,0.7558361672692971,0.7452796772039412,0.7986072492886047,0.750933352795533,0.7767319046469515,0.6964389858617936,0.7728760419760654,0.8301437595820843,0.7635951568344739,0.7739473207608821,0.9289849826805635,0.9086684197967183,0.763392352664266,0.7646137023423472,0.7637273837723426,0.8268869126864526,0.780138978610345
0.799482612284922,0.7747508778922959,0.7706679962864855,0.7657193582346633,0.7466886251942072,0.7520031623941147,0.7735326277947925,0.7778518210279786,0.780461871204934,0.7805465537046257,0.7669914392214807,0.7745713464258441,0.7754735342251722,0.7795556008372347,0.7687753858233367,0.7808927348800964,0.7012085135544661,0.7797400402712974,0.7406165836525322,0.778614241109147,0.7760016520117383,0.7491860111910396,0.7781526661971518,0.717935935248851,0.6980245624604275,0.7331882842243854,0.7786908702793197,0.7827493720958181,1.0,0.7838598996492451,0.7656311513608374,0.7678401586192863,0.05001870880278658,0.7667514070788757,0.7545769086898435,0.7663824683683103,0.7635544796023389,0.7752263103627045,0.6794241270694389,0.7806610470519173,0.7637621833255671,0.764455274520045,0.7744613872413926,0.7837548654348312,0.780132545426269,0.7868068392633766,0.7702681013430006,0.7673988129191778,0.7723187124450649,0.8620741956928661
0.8038120174398452,0.7633658691486503,0.7654376091659405,0.752328694643605,0.7395568904410801,0.7373067361599966,0.7725289471590014,0.7606215111572279,0.8151187845010401,0.7705885366127228,0.7673434335469,0.7600350941955617,0.7779608444008349,0.7612167152540176,0.7544477746121688,0.7827436110711481,0.6951407979952461,0.7786994826143044,0.7424071559452258,0.78016094903215,0.7814823281901763,0.7538441836890196,0.7820974821586996,0.7091005053189764,0.6893285794833384,0.7272605211385816,0.7770200899206481,0.7665921547165618,0.7838598996492451,1.0,0.7613725450544193,0.7622818306313376,0.043279224830679586,0.7578236369851808,0.7431516033436237,0.7552690694099591,0.7686951655100435,0.7683540007824099,0.6722651474384207,0.7897627863625093,0.7525015506087016,0.7568112989808715,0.7718309089569653,0.7666161133173985,0.7611690912451827,0.7808778357640449,0.7608574137873991,0.7584189335052356,0.7596856114908911,0.7886907973780862
0.7626454793819119,0.7615319723475332,0.752157252626286,0.8354473915371013,0.7428220678407964,0.7458023774962507,0.7520734661879944,0.8279702067462431,0.7511122790445794,0.8402410240645374,0.7575982722893451,0.8093603257440201,0.7616505541091544,0.8358050115294092,0.8334355061522289,0.7635580670428738,0.701955654739914,0.7609270928816909,0.7228154629897183,0.758045232649778,0.7569310828621316,0.7383866037438565,0.7627221240152313,0.7190027330884938,0.7021473278691177,0.7426623846229432,0.76727267764645,0.8271418330556806,0.7656311513608374,0.7613725450544193,1.0,0.7512351259701223,0.03756675976989399,0.7447069581901229,0.7444355835623337,0.7900920434110491,0.7507594629963908,0.7592456426945132,0.6943268724756103,0.7613964108549178,0.8634624181143169,0.7557185189544516,0.7617635544451942,0.8293077307513312,0.8205015891506658,0.7555238733103252,0.7543419290342358,0.7540813120363451,0.8097087533827468,0.7605802110054545
0.7727922386142976,0.7795668116930641,0.7502682160545752,0.7560930683683701,0.7809607719819177,0.7742196818450828,0.7811239279231014,0.7657859743184908,0.7729070606832303,0.7551986291607201,0.7919422461937609,0.7531699460614941,0.824938386874901,0.7575144166719526,0.758517164842913,0.7828230174669752,0.7495550517161512,0.8114347727375482,0.793547646519639,0.7838392846520479,0.8108498853470046,0.7995567776673139,0.8226089354714947,0.7523028694449126,0.7554769750016249,0.763536590582138,0.8206682027436686,0.758311248546135,0.7678401586192863,0.7622818306313376,0.7512351259701223,1.0,0.048846350614917045,0.8044940657329728,0.7626846831354572,0.7450212099807667,0.7809328234995898,0.8188463620464308,0.6604583121263955,0.8187635013008217,0.7461869460626723,0.7836515113470701,0.818367585644067,0.7616533007392212,0.7609750756340012,0.7556231119119481,0.7819077834963769,0.781718788471732,0.7513740133606357,0.7655643476037608
0.04823533101634514,0.04207952189516817,0.04743448617451573,0.04232668101173276,0.0500915738031017,0.04439878759218385,0.04761968160670571,0.04090877903032786,0.04587032161891458,0.03921006433709229,0.04688552937315971,0.04081011206035223,0.04620772866885681,0.042126273944713466,0.04046003494429962,0.04616996436889842,0.04129234994027564,0.04638641677417665,0.04514713596019182,0.047473916038134334,0.04787624920798117,0.04549634071701869,0.04553352756904694,0.04117645591435193,0.04003592110766696,0.03980590694039454,0.045329886597254676,0.03990412528738363,0.05001870880278658,0.043279224830679586,0.03756675976989399,0.048846350614917045,1.0,0.049246379606474044,0.03913832358381131,0.043396785139290794,0.04599061009806493,0.04964071847477336,0.04813836209654576,0.04862874374116266,0.03589130110778027,0.044171561271201254,0.05180342431646845,0.0397889296899383,0.043312687893687696,0.04409462428625077,0.04844067899942717,0.047596832781054865,0.04648847042138071,0.047516065294366805
0.7746224435672856,0.7860571755687569,0.7546103665486021,0.7412126504025016,0.7667254262591195,0.7689717633107607,0.7882103387611314,0.7554400426735446,0.766330426256328,0.752290683840467,0.800463111271122,0.7509309367040544,0.8189876905128792,0.7507879873499643,0.7452703655190933,0.7878076948793371,0.7197581719070536,0.8231328443957334,0.7793733927934978,0.7897171669801508,0.8233853420901652,0.8271374819881597,0.8601899244714456,0.7365052252083157,0.7226880653435988,0.7531944914906019,0.8195690368556093,0.7558361672692971,0.7667514070788757,0.7578236369851808,0.7447069581901229,0.8044940657329728,0.049246379606474044,1.0,0.7697501009597303,0.7568024314345541,0.7733247979559449,0.808413711560158,0.662300704538503,0.8130201885862858,0.7413027731426822,0.7980522859013869,0.828167234833884,0.759386260971505,0.756991047974054,0.746017039213328,0.7877307572230989,0.7860379083065767,0.755284156139948,0.7682893809684039
0.7713814218326795,0.8380780459942969,0.7396006661238523,0.7497226101635677,0.7517167969634587,0.8228767861898765,0.7836318238628378,0.7468991815562718,0.7293934185769868,0.7547172147744271,0.7973065527993299,0.762898221276335,0.7812119220860164,0.7528760226035641,0.7526991180103799,0.7831309746175458,0.7522682684662323,0.7943790092949351,0.7565079328900559,0.7837552877679645,0.7915643610681706,0.7650142498256787,0.793639342888648,0.7905995271390672,0.7729343369443414,0.8080690113680858,0.7918927426066069,0.7452796772039412,0.7545769086898435,0.7431516033436237,0.7444355835623337,0.7626846831354572,0.03913832358381131,0.7697501009597303,1.0,0.7467880993990286,0.7687579780083478,0.7912496802634514,0.6660287746857305,0.7791326811982495,0.744979202157821,0.811995369587027,0.7967166997898124,0.7521211153870764,0.7480838858965032,0.7311116119440969,0.8128464428648345,0.8132150678832257,0.7503903401795966,0.7467687796862741
0.765403093202716,0.7595561855738886,0.7586290050997406,0.7906119013846838,0.7238226218247489,0.7508313927165264,0.7657443685920273,0.7974360457246918,0.747418919223007,0.795923439569955,0.7648085220309478,0.7915277736344619,0.759492058461106,0.7978499340217295,0.7902836812293059,0.7677588381725204,0.6978209462395547,0.7794645691988384,0.7330100531099556,0.7681727262930693,0.7703903064429949,0.7461859534529198,0.7716513535367994,0.7165112802785027,0.6953346264026233,0.7407819244332172,0.7696093223107537,0.7986072492886047,0.7663824683683103,0.7552690694099591,0.7900920434110491,0.7450212099807667,0.043396785139290794,0.7568024314345541,0.7467880993990286,1.0,0.75486273565183,0.7600942376376492,0.7096262488835812,0.7664099051472186,0.7848128122800893,0.7589150901568258,0.7682419160838801,0.8046578371967981,0.7955983999822274,0.748848139058726,0.7606606007965367,0.7594348687371906,0.8022129869287398,0.7664512043917748
0.7812909596289164,0.7788273074149041,0.7527451422023768,0.7532771098830295,0.7579703789448766,0.767662360955813,0.9017452118821034,0.7576823058064639,0.761177494148175,0.7607263250071454,0.7762058292060794,0.7589965902740349,0.7794772757482212,0.7570579013060162,0.7567478346641505,0.8934095623989493,0.7203911370236421,0.8033357174213109,0.7616386000034431,0.9074038074836308,0.7964099576404944,0.7684698300019913,0.7977601973790486,0.7450623704029782,0.7295174320759998,0.7593225971479146,0.7906977368661399,0.750933352795533,0.7635544796023389,0.7686951655100435,0.7507594629963908,0.7809328234995898,0.04599061009806493,0.7733247979559449,0.7687579780083478,0.75486273565183,1.0,0.7815809131200209,0.6674355719351452,0.7806175376998494,0.7484924622387803,0.7749183433606482,0.7889425831767126,0.7560335551242894,0.753571068988485,0.7504643230627531,0.7717420179480992,0.7709955089175182,0.751248198732885,0.761573580929334
0.7923569948486979,0.8200371708796071,0.7681179572913108,0.7613922050926304,0.790095049509069,0.7937021100725543,0.7909377856422822,0.777230126227231,0.771537430579643,0.7698946316574977,0.8220695741877438,0.7752754694067077,0.8243813159202992,0.7667366599966121,0.7637835850299987,0.7936198005136543,0.7348587987376577,0.8233266912627988,0.7818451557364604,0.7966990493418059,0.8278627035971612,0.8050607145785142,0.8307325836759765,0.7530360284794018,0.7461953351344186,0.7834115150515906,0.8548450703547548,0.7767319046469515,0.7752263103627045,0.7683540007824099,0.7592456426945132,0.8188463620464308,0.04964071847477336,0.808413711560158,0.7912496802634514,0.7600942376376492,0.7815809131200209,1.0,0.6827058639062324,0.8344700370491044,0.7578718574172449,0.8037315939785036,0.8621915528315984,0.7787431021862283,0.7739845904191749,0.7608388855620325,0.8169553956935347,0.816169842603381,0.7752276116670446,0.7804339336684927
0.6871971811265837,0.6704655378373308,0.6645938409770783,0.7001756547743042,0.6789265017160475,0.6708154417845482,0.6767079444706459,0.7013270947345911,0.669507921886378,0.7001389286450104,0.679064812861716,0.6982092062965639,0.6720178704774058,0.6971082450189454,0.6969239547877373,0.672203273426518,0.6333721864327435,0.6808600290564921,0.6488240669532606,0.674805198008424,0.6782202039476164,0.6581615831927707,0.6759469604508133,0.6413762036576063,0.6272537351723804,0.6651251515779952,0.6764398236913378,0.6964389858617936,0.6794241270694389,0.6722651474384207,0.6943268724756103,0.6604583121263955,0.04813836209654576,0.662300704538503,0.6660287746857305,0.7096262488835812,0.6674355719351452,0.6827058639062324,1.0,0.6756543818848089,0.6937166645624382,0.6731579869565931,0.679300582569675,0.7018085668539835,0.6985400657662116,0.6675754615865948,0.6709252078452536,0.6700698771526568,0.7010645259111257,0.6820269149569322
