../ecoli_genomes/GCF_000163235.1_ASM16323v1_genomic.fna.gz,../ecoli_genomes/GCF_000164555.1_ASM16455v1_genomic.fna.gz,../ecoli_genomes/GCF_000208545.1_ASM20854v2_genomic.fna.gz,../ecoli_genomes/GCF_000233875.1_ASM23387v1_genomic.fna.gz,../ecoli_genomes/GCF_000249735.1_ASM24973v2_genomic.fna.gz,../ecoli_genomes/GCF_000261145.1_Esch_coli_M919_V2_genomic.fna.gz,../ecoli_genomes/GCF_000267705.2_ASM26770v2_genomic.fna.gz,../ecoli_genomes/GCF_000350665.1_Esch_coli_KTE5_V1_genomic.fna.gz,../ecoli_genomes/GCF_000351625.1_Esch_coli_KTE66_V1_genomic.fna.gz,../ecoli_genomes/GCF_000352285.1_Esch_coli_KTE46_V1_genomic.fna.gz,../ecoli_genomes/GCF_000358895.1_ASM35889v1_genomic.fna.gz,../ecoli_genomes/GCF_000456385.1_Esch_coli_HVH_26_4-5703913_V1_genomic.fna.gz,../ecoli_genomes/GCF_000458195.1_Esch_coli_HVH_147_4-5893887_V1_genomic.fna.gz,../ecoli_genomes/GCF_000459755.1_Esch_coli_KOEGE_58_171a_V1_genomic.fna.gz,../ecoli_genomes/GCF_000460055.1_Esch_coli_UMEA_3053-1_V1_genomic.fna.gz,../ecoli_genomes/GCF_000462165.2_ASM46216v2_genomic.fna.gz,../ecoli_genomes/GCF_000601135.1_ASM60113v1_genomic.fna.gz,../ecoli_genomes/GCF_000614595.1_Ec2010EL1058_genomic.fna.gz,../ecoli_genomes/GCF_000617745.1_Ec2010C-4529_genomic.fna.gz,../ecoli_genomes/GCF_000618265.2_EcF6751_genomic.fna.gz,../ecoli_genomes/GCF_000619005.2_Ec2009C-4052_genomic.fna.gz,../ecoli_genomes/GCF_000619105.1_Ec2009C-4780_genomic.fna.gz,../ecoli_genomes/GCF_000619765.2_Ec2009C-3279_genomic.fna.gz,../ecoli_genomes/GCF_000687005.1_ASM68700v1_genomic.fna.gz,../ecoli_genomes/GCF_000687025.1_ASM68702v1_genomic.fna.gz,../ecoli_genomes/GCF_000700125.1_ASM70012v1_genomic.fna.gz,../ecoli_genomes/GCF_000753315.1_FHI35_genomic.fna.gz,../ecoli_genomes/GCF_000776375.1_ASM77637v1_genomic.fna.gz,../ecoli_genomes/GCF_000779395.1_ASM77939v1_genomic.fna.gz,../ecoli_genomes/GCF_000780315.1_ASM78031v1_genomic.fna.gz,../ecoli_genomes/GCF_000781995.1_ASM78199v1_genomic.fna.gz,../ecoli_genomes/GCF_000986765.1_ASM98676v1_genomic.fna.gz,../ecoli_genomes/GCF_001041375.1_ViralProj287958_genomic.fna.gz,../ecoli_genomes/GCF_001265335.1_302014_genomic.fna.gz,../ecoli_genomes/GCF_001265625.1_100854_genomic.fna.gz,../ecoli_genomes/GCF_001267345.1_303289_genomic.fna.gz,../ecoli_genomes/GCF_001309985.1_ASM130998v1_genomic.fna.gz,../ecoli_genomes/GCF_001521695.1_ASM152169v1_genomic.fna.gz,../ecoli_genomes/GCF_001592595.1_ASM159259v1_genomic.fna.gz,../ecoli_genomes/GCF_001614975.1_ASM161497v1_genomic.fna.gz,../ecoli_genomes/GCF_001692775.1_ASM169277v1_genomic.fna.gz,../ecoli_genomes/GCF_001748915.1_ASM174891v1_genomic.fna.gz,../ecoli_genomes/GCF_001749235.1_ASM174923v1_genomic.fna.gz,../ecoli_genomes/GCF_001881155.1_ASM188115v1_genomic.fna.gz,../ecoli_genomes/GCF_001881345.1_ASM188134v1_genomic.fna.gz,../ecoli_genomes/GCF_001892405.1_ASM189240v1_genomic.fna.gz,../ecoli_genomes/GCF_001892585.1_ASM189258v1_genomic.fna.gz,../ecoli_genomes/GCF_001893985.1_ASM189398v1_genomic.fna.gz,../ecoli_genomes/GCF_002001595.1_ASM200159v1_genomic.fna.gz,../ecoli_genomes/GCF_002002145.1_ASM200214v1_genomic.fna.gz
1.0,0.7737030010590011,0.7508961112778892,0.7600690314058157,0.7437167699968239,0.7624309883138952,0.7628538955499823,0.7680256459147795,0.7950433486927965,0.765798882490248,0.7788485117096209,0.7639243975664476,0.7771812190098211,0.7577798242242109,0.7529494334722644,0.7670883604193124,0.7511069242893156,0.7706661775793302,0.772399477701006,0.7671221622155338,0.7727195058737973,0.7623426320672451,0.7768873607249157,0.7406328027725246,0.737372383426047,0.7434476564144874,0.7707469181709133,0.7616239483659403,0.78159227564879,0.7962516628266267,0.747993745870874,0.7711058374519462,0.05997747104512885,0.7785610409179815,0.769557136574279,0.762775355481082,0.7591553277406641,0.7736871648583535,0.7197805679048908,0.7789876362327958,0.7555221335569943,0.7738835011777635,0.7773271873967224,0.7658034711847244,0.7676605847376519,0.7717172994234771,0.7713025950687279,0.7717390290679705,0.7666094885441673,0.7818258800157725
0.7737030010590011,1.0,0.7422910735503971,0.7619903559413975,0.759247231151139,0.8103818846571603,0.7698387399631962,0.7682661279155398,0.7638646872456946,0.7722959435179448,0.7939640107645893,0.7774479637008741,0.7990762154815791,0.7651944742705828,0.7581930021460345,0.7738109814381655,0.778812855282852,0.7969275923218939,0.7931964571400243,0.7737275177746307,0.7954020134138391,0.7759341707368423,0.7982483464095809,0.7825932200241242,0.7834119620214703,0.7719516081489262,0.8033670342165469,0.7689045692124701,0.7777338482325519,0.767519480841826,0.7577068301895298,0.7885736998902338,0.06331952763776061,0.7943525154901334,0.8236607882725719,0.7661095882804528,0.7644991302815354,0.7994766872749018,0.716199494752719,0.8014393687949932,0.7619261459145779,0.8085050887030824,0.797057353702394,0.7730156096350196,0.769953205395082,0.7658247523055176,0.8109736174976541,0.8094878112724262,0.7741481089335693,0.7670860782896787
0.7508961112778892,0.7422910735503971,1.0,0.7394287295467443,0.7056542444504477,0.7267759672853897,0.7459086226751932,0.7457836742786728,0.7519319094088223,0.745754499373218,0.7455900103617806,0.7428604046529715,0.740408082458196,0.7466335980886007,0.7412282145829554,0.7466961002276207,0.7091177258778193,0.7478912413224572,0.7403224495255821,0.7491564117140543,0.7509062078277451,0.7292240311136611,0.7474162573571475,0.6949763553622681,0.6996284757601203,0.7055644600195856,0.7423927599799756,0.7440622694467929,0.7586605402081932,0.7548957507598009,0.7371397093154046,0.7283579276019398,0.06464099064817386,0.744731373993005,0.7317991505470358,0.7446079227127487,0.7351462700065075,0.7372131607345641,0.7008673742002307,0.7519170960998365,0.7360471126841406,0.740690581163135,0.7447701273713757,0.7466281819765752,0.7407109088107799,0.7489030005981445,0.7462496654231057,0.7454551598916848,0.7495017731526084,0.762214859444454
0.7600690314058157,0.7619903559413975,0.7394287295467443,1.0,0.7338246721790771,0.7431974155102036,0.7509179473608503,0.8255089276772491,0.751991882012215,0.8270735589478148,0.7482079190590292,0.8346424726354766,0.758780292853072,0.8332289554194181,0.850207137491505,0.7599672961761648,0.7361874475236075,0.752689525667027,0.751665019734556,0.7538678538141899,0.7531043739608502,0.7391353143311972,0.7586452085279531,0.7215231370169647,0.727234566092196,0.7222976831887632,0.7545015346657069,0.8350872872932995,0.7691787917072879,0.7614044071688311,0.8179460292884121,0.7655397883833317,0.05790482868610358,0.7510570929284467,0.7508469069324208,0.795614673981271,0.751332785482952,0.7508355839414379,0.7517581363738373,0.7510458035933689,0.8322761488033673,0.7541345667581801,0.7516408362142002,0.8376581350276713,0.827472319997852,0.7628297786290106,0.7554134232499806,0.7563948740121933,0.81172330789353,0.7696973592444488
0.7437167699968239,0.759247231151139,0.7056542444504477,0.7338246721790771,1.0,0.7579837946098296,0.7345081475209062,0.7370536340752567,0.7420793443725775,0.7364620203834704,0.7884437433232081,0.7267014057743804,0.786628911923668,0.7265398210540237,0.7342403782716012,0.7528957353396359,0.7618391769068715,0.764006674383562,0.7630795491300146,0.7385383290457408,0.7681686031174829,0.7531684600078299,0.770523620552538,0.7585556775182105,0.7569746478475996,0.7541995599734207,0.7710964379248371,0.7222794125206367,0.7355921143700865,0.7387681965900554,0.7268299622985537,0.7886753560581655,0.059444227797002314,0.7725831118279827,0.7672773440672292,0.7262657061557618,0.7378983782756869,0.7840572277018006,0.7125322252276856,0.7756048607056725,0.736514927954544,0.7666056030062272,0.7817986530792898,0.734129261924455,0.7377848410715856,0.7271788620636782,0.7755420111351413,0.7765832767487589,0.7278304528328015,0.7349149804535224
0.7624309883138952,0.8103818846571603,0.7267759672853897,0.7431974155102036,0.7579837946098296,1.0,0.767689862083314,0.7558121475618741,0.7453820954062491,0.745980519749107,0.7759346519470424,0.7492903150847421,0.7831575989559256,0.7445018587890457,0.7396303806058262,0.7673942858595072,0.7758452343651976,0.7864523073086672,0.7942482869491924,0.7657402377002284,0.7851688430062717,0.8024318090512554,0.7876679933334901,0.7701012314218326,0.7846034914297776,0.7596008587207745,0.7898737584607086,0.7483328198833865,0.7565603612225892,0.7472445899422897,0.7392257977160879,0.7939452171016018,0.055759231621284155,0.7877521315445128,0.8064787817115302,0.7504536237946469,0.7582940931291746,0.7849991278563155,0.705521241059948,0.7874601906520086,0.7399841363949766,0.7966727095409041,0.790477960623874,0.755055613960725,0.7533503267923765,0.7525555773826466,0.7971244903295784,0.7972228445385336,0.7498750986329592,0.7532441249183761
0.7628538955499823,0.7698387399631962,0.7459086226751932,0.7509179473608503,0.7345081475209062,0.767689862083314,1.0,0.7548763403041823,0.7619507342273145,0.7496468943166219,0.7688065536942528,0.749541207021539,0.7733879257525833,0.7540061618308418,0.7432485848093111,0.8987706620816173,0.740399545390229,0.8016681846415095,0.7949014070657358,0.9477822984761829,0.7977741426348008,0.7769631420465253,0.7985819337526111,0.7247379014563968,0.7395020536943417,0.7396349237934721,0.7767182169271858,0.7466810725302208,0.7652798993213267,0.7649043130779835,0.743783306784666,0.7712605103085033,0.05956977663276941,0.7819670720729524,0.7744697190773463,0.7657936146730326,0.9179510427192568,0.7631130682145085,0.7156742052091914,0.7823876726988301,0.7446681066751244,0.7768340257135665,0.7798608609918061,0.754217106156936,0.7526636787218015,0.752805131514175,0.7703170041006433,0.7701396091696151,0.7547059004392646,0.7757479468874274
0.7680256459147795,0.7682661279155398,0.7457836742786728,0.8255089276772491,0.7370536340752567,0.7558121475618741,0.7548763403041823,1.0,0.7562263215140808,0.8277211805503353,0.7542700868347708,0.8224895734034097,0.7662614551062982,0.8153010944623567,0.8113422133738883,0.7582132816302755,0.740804713705529,0.7599458928645231,0.7623010715137605,0.7580509519960464,0.7660450185333287,0.7471482546010878,0.7643390277748993,0.7272379895404844,0.7282866391647511,0.7311956871574927,0.7641595636664263,0.8779853349153686,0.777178030791602,0.7630413663085899,0.8116844118192408,0.7647417895182347,0.05590292168320976,0.7591362361466076,0.7506683778538273,0.7992490386586051,0.7493535335278881,0.7639085997832078,0.7563103773896133,0.7633858129672195,0.8166991007685325,0.7611371403777663,0.761420697184935,0.8807296741843658,0.8667776075316949,0.7680009765504261,0.7598559045266032,0.7606290587949815,0.8141375265023115,0.7724257811535303
0.7950433486927965,0.7638646872456946,0.7519319094088223,0.751991882012215,0.7420793443725775,0.7453820954062491,0.7619507342273145,0.7562263215140808,1.0,0.7596799192343869,0.7725087852183258,0.749689877329284,0.7771597959983867,0.7540082965138015,0.7545590255363793,0.7711051633721857,0.7362085044227531,0.764475291103725,0.7634024903728689,0.7660495546319596,0.764131575618478,0.7547831563892844,0.7718533139492275,0.72870919147344,0.7275851243148499,0.7354771870097822,0.7679306887900776,0.74700781018214,0.7753477661516051,0.8035127614254509,0.7453513521252033,0.7624688370559806,0.05501364877191828,0.7704446309074833,0.7604816311073356,0.758407590802022,0.7587900493069366,0.7631077410011711,0.7017242684877945,0.7774911642723376,0.746393399620622,0.7718084249300401,0.7745286119123844,0.752275491188708,0.7473009597938993,0.7643416214387218,0.7659099167598132,0.7649381418463936,0.7537592373580351,0.7830911614973062
0.765798882490248,0.7722959435179448,0.745754499373218,0.8270735589478148,0.7364620203834704,0.745980519749107,0.7496468943166219,0.8277211805503353,0.7596799192343869,1.0,0.767758339226631,0.8225768827168953,0.7702627486354101,0.8243214013490825,0.8206978310583268,0.758477159329924,0.7308781155807994,0.7566864427812887,0.7565319533330602,0.7536630184712318,0.7586108646861516,0.7449842290392872,0.7583832806615085,0.7243145769796004,0.7198251847739543,0.7252191288392063,0.7638459446321267,0.8252187401358537,0.7768060755514741,0.7658802524226006,0.8218832317015525,0.7507729490424591,0.059721218041945634,0.754591842777283,0.7567437399002233,0.8059775679944217,0.7451688694757982,0.7585008365165652,0.7577510816685599,0.7678368514582995,0.8283410808951495,0.7629984093078512,0.7618231207195626,0.8321846136004759,0.8265638298603152,0.7617390900900007,0.7583718948913146,0.7570772607051468,0.8284618162062662,0.7680079295480524
0.7788485117096209,0.7939640107645893,0.7455900103617806,0.7482079190590292,0.7884437433232081,0.7759346519470424,0.7688065536942528,0.7542700868347708,0.7725087852183258,0.767758339226631,1.0,0.7509199911824862,0.8314289737540239,0.7492481530462292,0.7480991428242922,0.7730935244065276,0.7584646753878386,0.8153235396865791,0.8062759222621018,0.7734677540613865,0.8158790149984774,0.8040445371580374,0.8170170723468932,0.7582909224463885,0.749930093832857,0.7612911223758845,0.8246547919156157,0.7496488681949733,0.7682375804711441,0.7702839715401237,0.7456270411292798,0.7966756602141332,0.05577954864468582,0.8137706188404356,0.7962609643771895,0.7635887862965285,0.7599659572512375,0.8194438119121255,0.7159737462427478,0.8360070076367583,0.7456825548775685,0.8025050212551408,0.8282449343603169,0.7517673165651089,0.7519820591863693,0.7555548389299098,0.8060600475609718,0.8037836596793843,0.7591501909550356,0.7694891251847552
0.7639243975664476,0.7774479637008741,0.7428604046529715,0.8346424726354766,0.7267014057743804,0.7492903150847421,0.749541207021539,0.8224895734034097,0.749689877329284,0.8225768827168953,0.7509199911824862,1.0,0.759823469237506,0.8277275545294599,0.8485157677375406,0.7542918941923429,0.7398697360476489,0.7556657519808245,0.7559453083513754,0.7524550307248566,0.76218330177658,0.7390332780454635,0.7610672867619541,0.7317832429814095,0.7243274373674307,0.7261800312870645,0.7550611968380379,0.8238444270662416,0.7723045628164604,0.7572311754064438,0.8021409055478979,0.7551612358975154,0.05898447039549404,0.7577023336025602,0.7537653185215994,0.7968222431112361,0.7458827579546665,0.7485627176653237,0.7550173225055882,0.7592932944693069,0.8143642806264726,0.757943702371314,0.7572057749807453,0.8318984063319154,0.8248250140648479,0.7650613979827624,0.7557442265378456,0.7565960848429725,0.8089840542094331,0.7678244729889709
0.7771812190098211,0.7990762154815791,0.740408082458196,0.758780292853072,0.786628911923668,0.7831575989559256,0.7733879257525833,0.7662614551062982,0.7771597959983867,0.7702627486354101,0.8314289737540239,0.759823469237506,1.0,0.755848341032287,0.7599844267429684,0.7900502655105894,0.7587173839134337,0.818795154777985,0.8200107345264098,0.779207407335677,0.8276749061970035,0.8171612339845988,0.8353748683456158,0.7565137989879261,0.753444842137091,0.7668945336903854,0.8375829038900033,0.7548832972446938,0.7772373097534953,0.7781375025303802,0.7569074819650148,0.8128812424056158,0.057748758680621015,0.8320516692805822,0.7975868764296209,0.7623234406406769,0.7714169161890421,0.8150602241690231,0.7154057440802872,0.8455411153768764,0.7595288584069044,0.802670790285873,0.8317146116677068,0.7584055027172603,0.7549027395979986,0.7583464550901533,0.8034552048326141,0.801940288106878,0.7607748552598317,0.7738206063989884
0.7577798242242109,0.7651944742705828,0.7466335980886007,0.8332289554194181,0.7265398210540237,0.7445018587890457,0.7540061618308418,0.8153010944623567,0.7540082965138015,0.8243214013490825,0.7492481530462292,0.8277275545294599,0.755848341032287,1.0,0.8493418110738473,0.7571742270625306,0.7311701805763064,0.75595477629722,0.752134170608054,0.7592776144295335,0.7553437475638642,0.7344743588837241,0.7561799915518205,0.7160184954018203,0.7165793060647305,0.7178830456290584,0.7557411233999141,0.8311835447438332,0.7706885026197295,0.7544853762891467,0.8193139199018752,0.751116357849544,0.05497550916339988,0.7531597436204523,0.7571593810206264,0.7988752108400237,0.7493968259342965,0.7496010964336418,0.7519708781417056,0.7562401509271874,0.8282204649619602,0.7596925252959075,0.7541858247915718,0.8311618352682018,0.8252870046228905,0.7685977315801298,0.7571399850852771,0.7575824486096541,0.8086445786956653,0.7702945195975113
0.7529494334722644,0.7581930021460345,0.7412282145829554,0.850207137491505,0.7342403782716012,0.7396303806058262,0.7432485848093111,0.8113422133738883,0.7545590255363793,0.8206978310583268,0.7480991428242922,0.8485157677375406,0.7599844267429684,0.8493418110738473,1.0,0.7526476595200728,0.7352967626117513,0.750234882132971,0.7483884413107463,0.7471097811066896,0.7532611607332453,0.732997477557433,0.7560901581574653,0.7196717100246152,0.7196887135285177,0.7205672812955983,0.7539248582603284,0.8164507847831523,0.7646237530880136,0.7548239219382615,0.8149623541257475,0.7563706073600492,0.0594082533350343,0.7533346112129923,0.7473287694337363,0.7915046919967785,0.7417597266081417,0.7498565133067552,0.7499052299187692,0.7541772923192435,0.8263648281527404,0.753977186764814,0.7554404850982491,0.8225582492608394,0.8137710064764577,0.7628067973806021,0.7557146792444922,0.7563969276072158,0.8064953122365817,0.7728168872446184
0.7670883604193124,0.7738109814381655,0.7466961002276207,0.7599672961761648,0.7528957353396359,0.7673942858595072,0.8987706620816173,0.7582132816302755,0.7711051633721857,0.758477159329924,0.7730935244065276,0.7542918941923429,0.7900502655105894,0.7571742270625306,0.7526476595200728,1.0,0.7450335796719041,0.7913025704354848,0.7900287403803802,0.906852700751022,0.7906790811332458,0.7752122729201496,0.7910496627019125,0.7368432575392293,0.749292733580673,0.7514274301033539,0.772689271782546,0.7481342576303255,0.7650460287969242,0.7704685412946843,0.7500229302215624,0.7745336825251488,0.06258002558574505,0.7808477961769702,0.7750367689452679,0.7658190027840196,0.8960892111052228,0.7640231623871976,0.7120023672368531,0.7830008984181523,0.7543946355838848,0.7803139066595219,0.7775266656790992,0.7568206602261103,0.7539696548067647,0.7509586710585535,0.7734387482651995,0.7735662521032086,0.7554236017808761,0.7742358377736571
0.7511069242893156,0.778812855282852,0.7091177258778193,0.7361874475236075,0.7618391769068715,0.7758452343651976,0.740399545390229,0.740804713705529,0.7362085044227531,0.7308781155807994,0.7584646753878386,0.7398697360476489,0.7587173839134337,0.7311701805763064,0.7352967626117513,0.7450335796719041,1.0,0.754530077067239,0.7531061830555755,0.7421773789590498,0.7595888670815087,0.7489203520963073,0.7641078432667386,0.8261350880545932,0.805205164390196,0.7843557603365863,0.7630452242595005,0.7319839790931721,0.741821495292886,0.7340499212479284,0.7214024861585204,0.7973422774735378,0.06090692191091451,0.7702318279172107,0.7796301987170126,0.7335559875118098,0.7374120149092767,0.7582561621945073,0.6955187920792179,0.7623281665770044,0.7248467331397938,0.7747865564968524,0.7608400230555125,0.745157503693745,0.74576699881281,0.732383501597557,0.7795627732430164,0.7814232613647331,0.7337932278178116,0.7412293119591684
0.7706661775793302,0.7969275923218939,0.7478912413224572,0.752689525667027,0.764006674383562,0.7864523073086672,0.8016681846415095,0.7599458928645231,0.764475291103725,0.7566864427812887,0.8153235396865791,0.7556657519808245,0.818795154777985,0.75595477629722,0.750234882132971,0.7913025704354848,0.754530077067239,1.0,0.8389387439461466,0.8044358323852321,0.8377693427165301,0.8196082149072009,0.8416762219146849,0.744299158521231,0.7461174742557857,0.7486146210942496,0.823339646020141,0.7531229859990995,0.7708835657860601,0.7742030240070941,0.7508983924393372,0.8051008196068162,0.05923347495032327,0.8230049248598222,0.7961830815499127,0.7723796031128287,0.7889037579116329,0.8041167769002949,0.7136479813803123,0.823050147592996,0.749566714349374,0.7991807201269122,0.8197931585357718,0.7558254220772113,0.7545274101538582,0.7621689764879445,0.800674747296075,0.799602142092461,0.7592294702765677,0.7712522269520552
0.772399477701006,0.7931964571400243,0.7403224495255821,0.751665019734556,0.7630795491300146,0.7942482869491924,0.7949014070657358,0.7623010715137605,0.7634024903728689,0.7565319533330602,0.8062759222621018,0.7559453083513754,0.8200107345264098,0.752134170608054,0.7483884413107463,0.7900287403803802,0.7531061830555755,0.8389387439461466,1.0,0.7941133233085009,0.8376706743299944,0.8294421387505162,0.8325348272972998,0.7475918909273781,0.7533628590485233,0.7525198017006395,0.8258929520999267,0.753041441382024,0.7656904392708024,0.7662836339359255,0.7451669397824539,0.8040842439141401,0.05721470468010603,0.8143282733239832,0.7967961652954554,0.7645310291887266,0.7834595995370427,0.8023790705890326,0.7077655030441579,0.825793662219328,0.7452509718760466,0.7972806091302654,0.8197433833140505,0.7588085230798784,0.7529099011673543,0.75944255257534,0.7926009499111514,0.7915884226820864,0.7565269997770956,0.7677609791195843
0.7671221622155338,0.7737275177746307,0.7491564117140543,0.7538678538141899,0.7385383290457408,0.7657402377002284,0.9477822984761829,0.7580509519960464,0.7660495546319596,0.7536630184712318,0.7734677540613865,0.7524550307248566,0.779207407335677,0.7592776144295335,0.7471097811066896,0.906852700751022,0.7421773789590498,0.8044358323852321,0.7941133233085009,1.0,0.8012500623765033,0.7768954164398789,0.7990504006189875,0.7273900278263947,0.7417181608395842,0.7417121556634693,0.7788205520393978,0.7517795368928175,0.7688139476445752,0.7710330476240586,0.7489001877840382,0.7726433479263006,0.059857589081365736,0.784044860924989,0.7770657678557551,0.7683665632423031,0.9203687723956812,0.7668572998300865,0.7152359998030912,0.7878238586638382,0.7504451749491994,0.7808637828246703,0.782231755742788,0.757790128880224,0.7542279998482861,0.7578855094081574,0.7755301168306143,0.7751171681736566,0.759230935282607,0.7797832351599426
0.7727195058737973,0.7954020134138391,0.7509062078277451,0.7531043739608502,0.7681686031174829,0.7851688430062717,0.7977741426348008,0.7660450185333287,0.764131575618478,0.7586108646861516,0.8158790149984774,0.76218330177658,0.8276749061970035,0.7553437475638642,0.7532611607332453,0.7906790811332458,0.7595888670815087,0.8377693427165301,0.8376706743299944,0.8012500623765033,1.0,0.8194731020112408,0.8447314749051155,0.7489658946929161,0.7478068554333667,0.7564191921441299,0.82771150609325,0.7615404990590975,0.7691888886661109,0.7724880121874179,0.7507164033277113,0.8075511797170254,0.05270113999080106,0.8325504580512113,0.7924660012786136,0.7706586262876485,0.7862326415313254,0.8114926788721832,0.7179019158207829,0.8352575553111045,0.7526588646542358,0.7964297802312725,0.823133471965113,0.7645268172553715,0.7611076680003217,0.7654306090285122,0.8058066635577041,0.8045821805970124,0.7637250243172773,0.7732969062638599
0.7623426320672451,0.7759341707368423,0.7292240311136611,0.7391353143311972,0.7531684600078299,0.8024318090512554,0.7769631420465253,0.7471482546010878,0.7547831563892844,0.7449842290392872,0.8040445371580374,0.7390332780454635,0.8171612339845988,0.7344743588837241,0.732997477557433,0.7752122729201496,0.7489203520963073,0.8196082149072009,0.8294421387505162,0.7768954164398789,0.8194731020112408,1.0,0.8661869141596006,0.7327793480915299,0.7487498295870094,0.7449613647240347,0.8121680890795302,0.7396151931562511,0.7530871567299521,0.7509636678221638,0.7337534049413912,0.7944471356658422,0.054082351773057424,0.8395436147604575,0.7811216782333594,0.750791612694566,0.764429500479485,0.7919314524783992,0.7018013904445703,0.813150645007091,0.732558382006187,0.7836190310740365,0.8094683886599355,0.7449006801531375,0.7429254577936193,0.7455125782841479,0.7842613919988473,0.7833715215729353,0.7409723582281439,0.7575511627425046
0.7768873607249157,0.7982483464095809,0.7474162573571475,0.7586452085279531,0.770523620552538,0.7876679933334901,0.7985819337526111,0.7643390277748993,0.7718533139492275,0.7583832806615085,0.8170170723468932,0.7610672867619541,0.8353748683456158,0.7561799915518205,0.7560901581574653,0.7910496627019125,0.7641078432667386,0.8416762219146849,0.8325348272972998,0.7990504006189875,0.8447314749051155,0.8661869141596006,1.0,0.747821883843638,0.7578488820251497,0.7596688298480381,0.8340592649970876,0.7589484038798018,0.7751722543806889,0.7725005417371532,0.7530028275477058,0.8160841287124581,0.05376784487005337,0.8659496988324437,0.7945645457478656,0.7698150920606576,0.7854316661787599,0.8138571750543,0.7206252749170287,0.8333850834503665,0.7530404588267133,0.8029546275566302,0.8296181786261805,0.7634368793739835,0.7615690180359609,0.7630364134720685,0.8021030368050917,0.8026246880642842,0.7633361270716679,0.7767597722259769
0.7406328027725246,0.7825932200241242,0.6949763553622681,0.7215231370169647,0.7585556775182105,0.7701012314218326,0.7247379014563968,0.7272379895404844,0.72870919147344,0.7243145769796004,0.7582909224463885,0.7317832429814095,0.7565137989879261,0.7160184954018203,0.7196717100246152,0.7368432575392293,0.8261350880545932,0.744299158521231,0.7475918909273781,0.7273900278263947,0.7489658946929161,0.7327793480915299,0.747821883843638,1.0,0.8022271334141858,0.7617883434606674,0.7539459881400185,0.7127197272274837,0.7301529476360017,0.720111587488073,0.7119812385439932,0.7800041718955162,0.05819639758112016,0.7553813550030861,0.7839124048050501,0.7172786185855843,0.7260906818612163,0.7474531319680782,0.680062830876524,0.7559922194282327,0.7145851381932835,0.7639756670906406,0.7492843364572677,0.7270784247046811,0.7287371187839484,0.7194480420464833,0.7638389474735277,0.7636651521572192,0.7188439227717507,0.7217260504918749
0.737372383426047,0.7834119620214703,0.6996284757601203,0.727234566092196,0.7569746478475996,0.7846034914297776,0.7395020536943417,0.7282866391647511,0.7275851243148499,0.7198251847739543,0.749930093832857,0.7243274373674307,0.753444842137091,0.7165793060647305,0.7196887135285177,0.749292733580673,0.805205164390196,0.7461174742557857,0.7533628590485233,0.7417181608395842,0.7478068554333667,0.7487498295870094,0.7578488820251497,0.8022271334141858,1.0,0.781258594885243,0.7528653501972289,0.7167635301752753,0.7262129333350023,0.7228128234625277,0.7132917427460777,0.7904782107571309,0.059143142840243246,0.7595548827399822,0.7892058023767116,0.7175589078855533,0.7414801865464986,0.7537523680634672,0.6843812264044957,0.7561671032885926,0.7148988934789595,0.7642011165966524,0.7571164145910632,0.734055356786727,0.7335092618352872,0.7284948952727351,0.7700285200437765,0.7723926175046392,0.7212531800183812,0.7272450823968986
0.7434476564144874,0.7719516081489262,0.7055644600195856,0.7222976831887632,0.7541995599734207,0.7596008587207745,0.7396349237934721,0.7311956871574927,0.7354771870097822,0.7252191288392063,0.7612911223758845,0.7261800312870645,0.7668945336903854,0.7178830456290584,0.7205672812955983,0.7514274301033539,0.7843557603365863,0.7486146210942496,0.7525198017006395,0.7417121556634693,0.7564191921441299,0.7449613647240347,0.7596688298480381,0.7617883434606674,0.781258594885243,1.0,0.7590362541390295,0.7171914092333157,0.7276555037813817,0.7339472689295883,0.7118170727703864,0.7685337950109744,0.05489198952849084,0.7635372348524077,0.7775027528955782,0.722100251398698,0.7385594693998834,0.7627095535418171,0.6835102160917645,0.7662252717362384,0.7187259562720905,0.7709674962569452,0.7571320043864556,0.7324239363814826,0.7344948838480171,0.7251977798237537,0.7698367631817671,0.7723968831501368,0.7228171716921454,0.7294344296026699
0.7707469181709133,0.8033670342165469,0.7423927599799756,0.7545015346657069,0.7710964379248371,0.7898737584607086,0.7767182169271858,0.7641595636664263,0.7679306887900776,0.7638459446321267,0.8246547919156157,0.7550611968380379,0.8375829038900033,0.7557411233999141,0.7539248582603284,0.772689271782546,0.7630452242595005,0.823339646020141,0.8258929520999267,0.7788205520393978,0.82771150609325,0.8121680890795302,0.8340592649970876,0.7539459881400185,0.7528653501972289,0.7590362541390295,1.0,0.7556201181849949,0.7756172845743242,0.7691465906288442,0.7515853885773236,0.811501554312382,0.054644307114738,0.822188626759395,0.794575718091135,0.7637343069063186,0.7654763991260239,0.8373179560682118,0.7045771585555729,0.84549192130091,0.7552110962830999,0.8039623852576051,0.8548451775802892,0.7630668536136489,0.75632896094415,0.7677370430895011,0.8097916271558622,0.807959042545706,0.7634034381626573,0.7747158954627118
0.7616239483659403,0.7689045692124701,0.7440622694467929,0.8350872872932995,0.7222794125206367,0.7483328198833865,0.7466810725302208,0.8779853349153686,0.74700781018214,0.8252187401358537,0.7496488681949733,0.8238444270662416,0.7548832972446938,0.8311835447438332,0.8164507847831523,0.7481342576303255,0.7319839790931721,0.7531229859990995,0.753041441382024,0.7517795368928175,0.7615404990590975,0.7396151931562511,0.7589484038798018,0.7127197272274837,0.7167635301752753,0.7171914092333157,0.7556201181849949,1.0,0.771787648987659,0.7586405761337937,0.8135423536217067,0.7547529730965792,0.05934594929342807,0.7537284327589102,0.7469045961123526,0.7999620411565472,0.7429605912107966,0.7559208562182784,0.7521004397906816,0.7569714297811997,0.8191445702403575,0.7583421012244397,0.7530956904384063,0.9117863597759647,0.8915479100231783,0.7643641672674149,0.7577967282687267,0.7582581923762376,0.820100165654626,0.7675171444575669
0.78159227564879,0.7777338482325519,0.7586605402081932,0.7691787917072879,0.7355921143700865,0.7565603612225892,0.7652798993213267,0.777178030791602,0.7753477661516051,0.7768060755514741,0.7682375804711441,0.7723045628164604,0.7772373097534953,0.7706885026197295,0.7646237530880136,0.7650460287969242,0.741821495292886,0.7708835657860601,0.7656904392708024,0.7688139476445752,0.7691888886661109,0.7530871567299521,0.7751722543806889,0.7301529476360017,0.7262129333350023,0.7276555037813817,0.7756172845743242,0.771787648987659,1.0,0.7738389872516149,0.7631835436079522,0.7578545555971736,0.06683549785508092,0.7689804483686049,0.7614852790173958,0.7790603382487266,0.7566198742359669,0.7682986168469519,0.7214003503968848,0.777185233234743,0.7608441608219365,0.7673354132792012,0.7734620123654237,0.7696546420716763,0.7661176905992231,0.7951287014912172,0.7686036184141045,0.7676969752445852,0.7717270994321821,0.8577031788849513
0.7962516628266267,0.767519480841826,0.7548957507598009,0.7614044071688311,0.7387681965900554,0.7472445899422897,0.7649043130779835,0.7630413663085899,0.8035127614254509,0.7658802524226006,0.7702839715401237,0.7572311754064438,0.7781375025303802,0.7544853762891467,0.7548239219382615,0.7704685412946843,0.7340499212479284,0.7742030240070941,0.7662836339359255,0.7710330476240586,0.7724880121874179,0.7509636678221638,0.7725005417371532,0.720111587488073,0.7228128234625277,0.7339472689295883,0.7691465906288442,0.7586405761337937,0.7738389872516149,1.0,0.7536145353283165,0.7614086876254851,0.06767979111794098,0.7666076474081308,0.7645215993149928,0.7603039017177826,0.7598855772813038,0.7617715220673982,0.7035362191302459,0.7827621278187784,0.7602149588294479,0.7680108552368528,0.7752709708733063,0.7604401161137766,0.7546751969658755,0.7695530085217059,0.7709423002711678,0.7702409295515571,0.7666898909429539,0.7802246405265395
0.747993745870874,0.7577068301895298,0.7371397093154046,0.8179460292884121,0.7268299622985537,0.7392257977160879,0.743783306784666,0.8116844118192408,0.7453513521252033,0.8218832317015525,0.7456270411292798,0.8021409055478979,0.7569074819650148,0.8193139199018752,0.8149623541257475,0.7500229302215624,0.7214024861585204,0.7508983924393372,0.7451669397824539,0.7489001877840382,0.7507164033277113,0.7337534049413912,0.7530028275477058,0.7119812385439932,0.7132917427460777,0.7118170727703864,0.7515853885773236,0.8135423536217067,0.7631835436079522,0.7536145353283165,1.0,0.7532736025284805,0.059491584701335753,0.7485891629645374,0.747096790624825,0.7880760472932968,0.7394530363382088,0.7491230983666186,0.7376092702734242,0.7560346926353876,0.8502290234765113,0.7501582611855325,0.7509076515185797,0.8167415023861152,0.8091024439038543,0.7596352342341354,0.7497854521360013,0.7489991964021496,0.8008181532748557,0.7578725529169618
0.7711058374519462,0.7885736998902338,0.7283579276019398,0.7655397883833317,0.7886753560581655,0.7939452171016018,0.7712605103085033,0.7647417895182347,0.7624688370559806,0.7507729490424591,0.7966756602141332,0.7551612358975154,0.8128812424056158,0.751116357849544,0.7563706073600492,0.7745336825251488,0.7973422774735378,0.8051008196068162,0.8040842439141401,0.7726433479263006,0.8075511797170254,0.7944471356658422,0.8160841287124581,0.7800041718955162,0.7904782107571309,0.7685337950109744,0.811501554312382,0.7547529730965792,0.7578545555971736,0.7614086876254851,0.7532736025284805,1.0,0.061823175404018715,0.8056380945331775,0.789542766203632,0.7496600745264497,0.7711352933127754,0.8102082484695922,0.7117276418760177,0.8096490640929747,0.749431688430434,0.7982964175399822,0.8160448750369349,0.7626322415183034,0.7599220677474361,0.753520565450267,0.8029478107260767,0.8033330981447613,0.7450543501481139,0.760524746734254
0.05997747104512885,0.06331952763776061,0.06464099064817386,0.05790482868610358,0.059444227797002314,0.055759231621284155,0.05956977663276941,0.05590292168320976,0.05501364877191828,0.059721218041945634,0.05577954864468582,0.05898447039549404,0.057748758680621015,0.05497550916339988,0.0594082533350343,0.06258002558574505,0.06090692191091451,0.05923347495032327,0.05721470468010603,0.059857589081365736,0.05270113999080106,0.054082351773057424,0.05376784487005337,0.05819639758112016,0.059143142840243246,0.05489198952849084,0.054644307114738,0.05934594929342807,0.06683549785508092,0.06767979111794098,0.059491584701335753,0.061823175404018715,1.0,0.054840193193767095,0.05540490932236275,0.05612492672690628,0.060664346501209,0.04886783108574477,0.05527966554676644,0.05457483144564401,0.05806294642551657,0.05805658660683166,0.05178657302993883,0.05893221067186105,0.05809575404632905,0.06753918098527745,0.05416111314341343,0.05439544819805453,0.06140591651495508,0.06823282482388904
0.7785610409179815,0.7943525154901334,0.744731373993005,0.7510570929284467,0.7725831118279827,0.7877521315445128,0.7819670720729524,0.7591362361466076,0.7704446309074833,0.754591842777283,0.8137706188404356,0.7577023336025602,0.8320516692805822,0.7531597436204523,0.7533346112129923,0.7808477961769702,0.7702318279172107,0.8230049248598222,0.8143282733239832,0.784044860924989,0.8325504580512113,0.8395436147604575,0.8659496988324437,0.7553813550030861,0.7595548827399822,0.7635372348524077,0.822188626759395,0.7537284327589102,0.7689804483686049,0.7666076474081308,0.7485891629645374,0.8056380945331775,0.054840193193767095,1.0,0.7932718500302586,0.7740132554788384,0.7707143141842038,0.8038192226505176,0.7301477039488364,0.8220608492733359,0.7486857559273039,0.799629185711698,0.8219513134786867,0.7566814686080003,0.7577826619365319,0.757488561790556,0.7958827112308627,0.7960677992765297,0.7566031159020747,0.7698588425949864
0.769557136574279,0.8236607882725719,0.7317991505470358,0.7508469069324208,0.7672773440672292,0.8064787817115302,0.7744697190773463,0.7506683778538273,0.7604816311073356,0.7567437399002233,0.7962609643771895,0.7537653185215994,0.7975868764296209,0.7571593810206264,0.7473287694337363,0.7750367689452679,0.7796301987170126,0.7961830815499127,0.7967961652954554,0.7770657678557551,0.7924660012786136,0.7811216782333594,0.7945645457478656,0.7839124048050501,0.7892058023767116,0.7775027528955782,0.794575718091135,0.7469045961123526,0.7614852790173958,0.7645215993149928,0.747096790624825,0.789542766203632,0.05540490932236275,0.7932718500302586,1.0,0.7562099168308176,0.7682578554105729,0.7929100290043708,0.7122817925147269,0.8046180540992945,0.7505614829165961,0.8108226791291291,0.8030506901281155,0.7523510274428018,0.7516112528883319,0.758969394881732,0.8126011717105686,0.8107265371274669,0.7592453385163314,0.7608413373842231
0.762775355481082,0.7661095882804528,0.7446079227127487,0.795614673981271,0.7262657061557618,0.7504536237946469,0.7657936146730326,0.7992490386586051,0.758407590802022,0.8059775679944217,0.7635887862965285,0.7968222431112361,0.7623234406406769,0.7988752108400237,0.7915046919967785,0.7658190027840196,0.7335559875118098,0.7723796031128287,0.7645310291887266,0.7683665632423031,0.7706586262876485,0.750791612694566,0.7698150920606576,0.7172786185855843,0.7175589078855533,0.722100251398698,0.7637343069063186,0.7999620411565472,0.7790603382487266,0.7603039017177826,0.7880760472932968,0.7496600745264497,0.05612492672690628,0.7740132554788384,0.7562099168308176,1.0,0.7578112563021782,0.7557182652004037,0.7665886161858801,0.7694784201093198,0.7971435930564799,0.7653580052899841,0.7614868998930338,0.8041483733456786,0.8010305248182678,0.7665883059479948,0.7597133722035253,0.7596337731370482,0.8093102773572867,0.7768188520508202
0.7591553277406641,0.7644991302815354,0.7351462700065075,0.751332785482952,0.7378983782756869,0.7582940931291746,0.9179510427192568,0.7493535335278881,0.7587900493069366,0.7451688694757982,0.7599659572512375,0.7458827579546665,0.7714169161890421,0.7493968259342965,0.7417597266081417,0.8960892111052228,0.7374120149092767,0.7889037579116329,0.7834595995370427,0.9203687723956812,0.7862326415313254,0.764429500479485,0.7854316661787599,0.7260906818612163,0.7414801865464986,0.7385594693998834,0.7654763991260239,0.7429605912107966,0.7566198742359669,0.7598855772813038,0.7394530363382088,0.7711352933127754,0.060664346501209,0.7707143141842038,0.7682578554105729,0.7578112563021782,1.0,0.7551137459231857,0.7103987490322866,0.7709809365952891,0.7432006244342305,0.7696832680673719,0.7690311902872471,0.749291592432368,0.7476242661872051,0.7421018320804829,0.7638397997515208,0.7635765305380198,0.7472049859902037,0.7658477719145231
0.7736871648583535,0.7994766872749018,0.7372131607345641,0.7508355839414379,0.7840572277018006,0.7849991278563155,0.7631130682145085,0.7639085997832078,0.7631077410011711,0.7585008365165652,0.8194438119121255,0.7485627176653237,0.8150602241690231,0.7496010964336418,0.7498565133067552,0.7640231623871976,0.7582561621945073,0.8041167769002949,0.8023790705890326,0.7668572998300865,0.8114926788721832,0.7919314524783992,0.8138571750543,0.7474531319680782,0.7537523680634672,0.7627095535418171,0.8373179560682118,0.7559208562182784,0.7682986168469519,0.7617715220673982,0.7491230983666186,0.8102082484695922,0.04886783108574477,0.8038192226505176,0.7929100290043708,0.7557182652004037,0.7551137459231857,1.0,0.7162557765796791,0.8319004279153313,0.7512255867676402,0.8029647954924254,0.8475758999497663,0.7605250717051616,0.757122054527821,0.7584270955039767,0.8089524406462437,0.808185685678575,0.7611346591884047,0.7656744033520865
0.7197805679048908,0.716199494752719,0.7008673742002307,0.7517581363738373,0.7125322252276856,0.705521241059948,0.7156742052091914,0.7563103773896133,0.7017242684877945,0.7577510816685599,0.7159737462427478,0.7550173225055882,0.7154057440802872,0.7519708781417056,0.7499052299187692,0.7120023672368531,0.6955187920792179,0.7136479813803123,0.7077655030441579,0.7152359998030912,0.7179019158207829,0.7018013904445703,0.7206252749170287,0.680062830876524,0.6843812264044957,0.6835102160917645,0.7045771585555729,0.7521004397906816,0.7214003503968848,0.7035362191302459,0.7376092702734242,0.7117276418760177,0.05527966554676644,0.7301477039488364,0.7122817925147269,0.7665886161858801,0.7103987490322866,0.7162557765796791,1.0,0.7120996437448286,0.7497007746879286,0.7137636744456564,0.7120113073967349,0.7624801934617995,0.7654502681355474,0.7153712840467498,0.7111423537911651,0.7115086754529294,0.7593920885542262,0.7156943570366319
