../ecoli_genomes/GCF_000163235.1_ASM16323v1_genomic.fna.gz,../ecoli_genomes/GCF_000164555.1_ASM16455v1_genomic.fna.gz,../ecoli_genomes/GCF_000208545.1_ASM20854v2_genomic.fna.gz,../ecoli_genomes/GCF_000233875.1_ASM23387v1_genomic.fna.gz,../ecoli_genomes/GCF_000249735.1_ASM24973v2_genomic.fna.gz,../ecoli_genomes/GCF_000261145.1_Esch_coli_M919_V2_genomic.fna.gz,../ecoli_genomes/GCF_000267705.2_ASM26770v2_genomic.fna.gz,../ecoli_genomes/GCF_000350665.1_Esch_coli_KTE5_V1_genomic.fna.gz,../ecoli_genomes/GCF_000351625.1_Esch_coli_KTE66_V1_genomic.fna.gz,../ecoli_genomes/GCF_000352285.1_Esch_coli_KTE46_V1_genomic.fna.gz,../ecoli_genomes/GCF_000358895.1_ASM35889v1_genomic.fna.gz,../ecoli_genomes/GCF_000456385.1_Esch_coli_HVH_26_4-5703913_V1_genomic.fna.gz,../ecoli_genomes/GCF_000458195.1_Esch_coli_HVH_147_4-5893887_V1_genomic.fna.gz,../ecoli_genomes/GCF_000459755.1_Esch_coli_KOEGE_58_171a_V1_genomic.fna.gz,../ecoli_genomes/GCF_000460055.1_Esch_coli_UMEA_3053-1_V1_genomic.fna.gz,../ecoli_genomes/GCF_000462165.2_ASM46216v2_genomic.fna.gz,../ecoli_genomes/GCF_000601135.1_ASM60113v1_genomic.fna.gz,../ecoli_genomes/GCF_000614595.1_Ec2010EL1058_genomic.fna.gz,../ecoli_genomes/GCF_000617745.1_Ec2010C-4529_genomic.fna.gz,../ecoli_genomes/GCF_000618265.2_EcF6751_genomic.fna.gz,../ecoli_genomes/GCF_000619005.2_Ec2009C-4052_genomic.fna.gz,../ecoli_genomes/GCF_000619105.1_Ec2009C-4780_genomic.fna.gz,../ecoli_genomes/GCF_000619765.2_Ec2009C-3279_genomic.fna.gz,../ecoli_genomes/GCF_000687005.1_ASM68700v1_genomic.fna.gz,../ecoli_genomes/GCF_000687025.1_ASM68702v1_genomic.fna.gz,../ecoli_genomes/GCF_000700125.1_ASM70012v1_genomic.fna.gz,../ecoli_genomes/GCF_000753315.1_FHI35_genomic.fna.gz,../ecoli_genomes/GCF_000776375.1_ASM77637v1_genomic.fna.gz,../ecoli_genomes/GCF_000779395.1_ASM77939v1_genomic.fna.gz,../ecoli_genomes/GCF_000780315.1_ASM78031v1_genomic.fna.gz,../ecoli_genomes/GCF_000781995.1_ASM78199v1_genomic.fna.gz,../ecoli_genomes/GCF_000986765.1_ASM98676v1_genomic.fna.gz,../ecoli_genomes/GCF_001041375.1_ViralProj287958_genomic.fna.gz,../ecoli_genomes/GCF_001265335.1_302014_genomic.fna.gz,../ecoli_genomes/GCF_001265625.1_100854_genomic.fna.gz,../ecoli_genomes/GCF_001267345.1_303289_genomic.fna.gz,../ecoli_genomes/GCF_001309985.1_ASM130998v1_genomic.fna.gz,../ecoli_genomes/GCF_001521695.1_ASM152169v1_genomic.fna.gz,../ecoli_genomes/GCF_001592595.1_ASM159259v1_genomic.fna.gz,../ecoli_genomes/GCF_001614975.1_ASM161497v1_genomic.fna.gz,../ecoli_genomes/GCF_001692775.1_ASM169277v1_genomic.fna.gz,../ecoli_genomes/GCF_001748915.1_ASM174891v1_genomic.fna.gz,../ecoli_genomes/GCF_001749235.1_ASM174923v1_genomic.fna.gz,../ecoli_genomes/GCF_001881155.1_ASM188115v1_genomic.fna.gz,../ecoli_genomes/GCF_001881345.1_ASM188134v1_genomic.fna.gz,../ecoli_genomes/GCF_001892405.1_ASM189240v1_genomic.fna.gz,../ecoli_genomes/GCF_001892585.1_ASM189258v1_genomic.fna.gz,../ecoli_genomes/GCF_001893985.1_ASM189398v1_genomic.fna.gz,../ecoli_genomes/GCF_002001595.1_ASM200159v1_genomic.fna.gz,../ecoli_genomes/GCF_002002145.1_ASM200214v1_genomic.fna.gz
1.0,0.3169453470958935,0.25461367279202296,0.2832090163737565,0.2946658996438013,0.30577896554221506,0.2973537577714731,0.28997826718496467,0.38778987957526434,0.29617412529741494,0.31855772087915146,0.2921348365833256,0.30364676223820164,0.2739179029663297,0.2723792291638969,0.2954414090450459,0.29698118640637594,0.29900584898730154,0.2611021112634503,0.2955068446479304,0.2926014161442968,0.2882972687473101,0.30898390732748016,0.31316762357451255,0.2995839830367766,0.2890892977686831,0.3056901440468107,0.27749082275305625,0.33877084403797153,0.3810010391188272,0.25738050724060924,0.3031874258631191,0.0,0.30442695988161395,0.30166175503226034,0.2753032291293458,0.27975559098910685,0.31463284698285243,0.2689363964943048,0.3041261060588998,0.2673032769271996,0.3043176492835006,0.3081974380742908,0.28875738177178323,0.29490063637442643,0.3178556852863811,0.3034179582639792,0.3030677779253703,0.2717291362808961,0.34126299658103554
0.3169453470958935,1.0,0.23375530866817307,0.2724182502093896,0.3890439608769132,0.5574872809490721,0.34683461964696616,0.2787848002145674,0.29302944324469027,0.28356692809013173,0.42356059948324876,0.2799207258124514,0.41087808266060477,0.26347599916968445,0.2622880796676389,0.3397708365008225,0.4570601482226566,0.42319701814309796,0.3526604071102778,0.34910755786335335,0.4054596802437265,0.39168428378469655,0.42132785175382403,0.5678676892149418,0.5483390708895068,0.4598349550155436,0.4195293338587003,0.2742689169672611,0.30430518974172127,0.3029447372198113,0.25686405367299703,0.40672906121847174,0.0,0.4093014836718759,0.560575746500062,0.2616864577946486,0.32291823908379536,0.42881215087472846,0.23256107206439125,0.42542387806759685,0.2563745743221547,0.47295047669557644,0.4258134366420512,0.2852607775850655,0.2830553674589771,0.28159346292200405,0.47484921099574595,0.47533009569904405,0.2749892561232893,0.298659487892319
0.25461367279202296,0.23375530866817307,1.0,0.20477585511141272,0.2064748333439993,0.22070831507307165,0.2146627925577883,0.20860328130444317,0.24463346741133107,0.213036251546304,0.2269654848467808,0.20382640080210368,0.2248368039106341,0.20395795360560787,0.20158931365643062,0.2124536101060791,0.20817517245205508,0.22277837823040936,0.19147287581763828,0.21671128129241957,0.21884308277691433,0.2137765020174578,0.22792497085059704,0.22182911153143803,0.21519839103954141,0.20497391689998046,0.22751486358492878,0.20744885490332177,0.24753299208805613,0.2524969806365388,0.19927239959103948,0.21454666643192133,0.0,0.22589061288305956,0.2158159221646856,0.20813063739835147,0.20027269852289287,0.22713997145900644,0.18553230696685263,0.22879455766959778,0.20281012929895648,0.22537490282106498,0.2313927841944322,0.21333090953634437,0.20848050593786638,0.22552151745204985,0.2320295191581132,0.23207236667613373,0.20957628335294753,0.24759432842920592
0.2832090163737565,0.2724182502093896,0.20477585511141272,1.0,0.2667163046652987,0.26710514570952926,0.2632548414584369,0.4999111970969743,0.2836882114854331,0.5284230641321195,0.2684813127523251,0.49875780468203523,0.2684634876832853,0.5448694618301213,0.5549194836345173,0.2635046250988017,0.2578784558565731,0.26312656617288166,0.22789914732909422,0.26113842468604864,0.2521555976724258,0.25157239935854514,0.27055014590607385,0.2746857893883735,0.2679138641733555,0.25811784488731104,0.2643691896999214,0.5207437367509136,0.30782290616512975,0.27432491282812155,0.49467904374164273,0.2747845106155201,0.0,0.25915635105111967,0.2592356625279779,0.4234370282851564,0.24733417249944878,0.26631170377328195,0.41686118230611136,0.25945376076968474,0.5252376572587425,0.2641540850923847,0.2672784297555919,0.5312605845268368,0.5195292392278001,0.2980599912165993,0.26539856287227326,0.2645760613327979,0.45950355206917615,0.314886963505688
0.2946658996438013,0.3890439608769132,0.2064748333439993,0.2667163046652987,1.0,0.3982925987743382,0.32096967743248017,0.2670576331257746,0.2901809452351507,0.27226372589065573,0.5110564903452932,0.2565741499354919,0.45213939848268314,0.25267077072844757,0.26861647464190064,0.3316922264281861,0.3885193763074569,0.4169995080727207,0.36082104992365704,0.31902827929776845,0.4238224629076832,0.40203219004767665,0.42830063939961527,0.41486452946000163,0.3977373567716408,0.38964369666145215,0.43967598835052624,0.24745411631461522,0.28558777047041084,0.28514928986625987,0.24555277773697615,0.4437685254372533,0.0,0.42205017038013803,0.3876684383943795,0.2466488399560235,0.30670986765275654,0.4720768754068838,0.2611702077042942,0.4466230414493534,0.2626487771376975,0.3991138071987509,0.45287636252019536,0.2572820629706636,0.26039111407192095,0.26153240505890196,0.4084994437742283,0.40807357197215954,0.25470082684704776,0.28485362619330235
0.30577896554221506,0.5574872809490721,0.22070831507307165,0.26710514570952926,0.3982925987743382,1.0,0.3553330332066136,0.27909597559252464,0.2955428875525181,0.2697514746021936,0.4178282735910659,0.25953006137621115,0.4111380273822016,0.2568976398472531,0.25994321536355713,0.34658407149525783,0.4500997447433259,0.417981651171203,0.35501499193197306,0.35322410623644307,0.3971928008248963,0.38801747821981025,0.41961421349603334,0.5562695079570947,0.5417686180270683,0.44077641462438666,0.40618154948299545,0.2607959365094532,0.3038062912844097,0.29185134885190467,0.24983290806306824,0.40446468854800643,0.0,0.4185068200071863,0.5573920602668632,0.2667797461916287,0.3316730228779077,0.41547987554465693,0.2618317916826165,0.4122704815144901,0.25786482834711155,0.4664342666626238,0.4177574705051681,0.2687098305004091,0.2661315442040675,0.27323516914532553,0.47830845707016845,0.48006992526187187,0.2606669599335222,0.30578365372694727
0.2973537577714731,0.34683461964696616,0.2146627925577883,0.2632548414584369,0.32096967743248017,0.3553330332066136,1.0,0.2627214761125193,0.29503238614555394,0.2644968673137248,0.35743355289883727,0.2511505743414414,0.34933171601542445,0.25598780461745085,0.2525032200472067,0.7491616381689031,0.32264536173666436,0.3835126726575595,0.33054820872327484,0.8689644531826693,0.3788195155722329,0.3588278204053794,0.3848223888133351,0.3498646157436818,0.33589997906032953,0.3259235501449864,0.3579703767191058,0.2559792317700482,0.2895928066930451,0.2969211217877129,0.2443757040257537,0.33975034554057204,0.0,0.35619809307859895,0.3488025213312981,0.27198548873045925,0.7721878135487329,0.3431818353073579,0.23865668237744064,0.356021241737154,0.24666320999722213,0.3482855354423865,0.35586688661990395,0.2621459025381876,0.2602553443098017,0.26618155104662866,0.34413743393824925,0.34357226082695,0.2526078128703425,0.2923397641856581
0.28997826718496467,0.2787848002145674,0.20860328130444317,0.4999111970969743,0.2670576331257746,0.27909597559252464,0.2627214761125193,1.0,0.2766245988863991,0.5047497687256122,0.26995164079186185,0.4748674077633148,0.2763951871350431,0.48969903643379065,0.4752903022114259,0.2646208305425758,0.26213160753968334,0.2660554169008227,0.23901312127740393,0.26124096347776093,0.2557754456174277,0.2567804479041691,0.26876182661486236,0.28935801507667536,0.265310071990581,0.2602949499365639,0.27121934188570407,0.6834842640723405,0.3138580048948407,0.276467124850561,0.4714367846683928,0.27270720063235177,0.0,0.2704908079190085,0.2632052865757316,0.40913046225741645,0.24585130584979153,0.28481546264172797,0.4191444226088826,0.270465040746353,0.48435989406608215,0.26809537228250346,0.2728712479874136,0.6986310910878337,0.6736303209829666,0.29303577102192124,0.2664723974317642,0.26552413276782816,0.44815042249958337,0.31180928582681045
0.38778987957526434,0.29302944324469027,0.24463346741133107,0.2836882114854331,0.2901809452351507,0.2955428875525181,0.29503238614555394,0.2766245988863991,1.0,0.29168823594371207,0.3150566267680387,0.26842053955920253,0.3037245282549442,0.275603225061431,0.2778352565537592,0.29529329127752824,0.2795261024005805,0.29787502736223226,0.2545214339070505,0.2956279965520331,0.28869293329451806,0.2856400151223327,0.3023736751376439,0.30371294832019413,0.2843936441706839,0.28172147050523744,0.3051460102764244,0.2706196001637169,0.33286643469769617,0.4069737977827331,0.2669095114195922,0.2929318504096512,0.0,0.2987772670998814,0.28794619327273885,0.28102016108393435,0.2781398850436819,0.2957972608024455,0.2552125955339172,0.30330135219951027,0.270124132833082,0.30035870313964486,0.30595446493615186,0.2775868895515595,0.27110366820357257,0.31541641736144477,0.29941967602361685,0.2989409340736978,0.272006173290283,0.3432240087373971
0.29617412529741494,0.28356692809013173,0.213036251546304,0.5284230641321195,0.27226372589065573,0.2697514746021936,0.2644968673137248,0.5047497687256122,0.29168823594371207,1.0,0.277184859493539,0.478575538645717,0.2809644225305298,0.5089228089233941,0.5027549318933839,0.26583869588191866,0.2540412392112642,0.2650845995643639,0.2354168090376647,0.26287872088744213,0.2561725844896173,0.2555815575583671,0.26533936918171586,0.27744974348745044,0.2652044453030892,0.25949266228189416,0.27081233747131783,0.5054637298393273,0.31429719754816765,0.2864048484057945,0.5188969778850789,0.2692395896897263,0.0,0.26195132657153186,0.25934722514015296,0.4280555275137329,0.24780402667870338,0.2729493347602975,0.42542662492228067,0.27260018418634513,0.5294185650072439,0.26873963765982245,0.2699653086327898,0.5154176057336419,0.515389466129863,0.2976973320942303,0.2689417038030828,0.2679578105706676,0.47607951916777835,0.31156344367374533
0.31855772087915146,0.42356059948324876,0.2269654848467808,0.2684813127523251,0.5110564903452932,0.4178282735910659,0.35743355289883727,0.26995164079186185,0.3150566267680387,0.277184859493539,1.0,0.2673757689861156,0.5148512518021902,0.26613556377347514,0.2661392240232885,0.36296312766235694,0.396164955052681,0.490541544046042,0.4122102279447314,0.35900923588462197,0.48467216937535007,0.471406649463354,0.4964543388492495,0.4405764026843203,0.4092838240299108,0.4172193323196052,0.5102013961069298,0.26390791028655947,0.3009079934372558,0.31418562640984316,0.2541015684880875,0.4657160224179794,0.0,0.4828501118977073,0.426507737219177,0.27587391915781445,0.33574012833521283,0.49733403410647037,0.25100725544069447,0.5182654850785773,0.2592406658712987,0.44391188353815825,0.5086280247382544,0.27386836435497197,0.27088144911900847,0.28502189735608063,0.4437358639523534,0.4419402164885585,0.2667881406151231,0.3094187744411865
0.2921348365833256,0.2799207258124514,0.20382640080210368,0.49875780468203523,0.2565741499354919,0.25953006137621115,0.2511505743414414,0.4748674077633148,0.26842053955920253,0.478575538645717,0.2673757689861156,1.0,0.26422395148109235,0.49333874918434084,0.5985833085667221,0.25238060250862393,0.2524822868802655,0.25536096084742965,0.22892314166303795,0.25126345141903594,0.24983432461009425,0.24752681223036155,0.2603605935342779,0.26802966735929645,0.2562197118148605,0.25361182827560436,0.26047160528575497,0.4732595137118435,0.3130686351339821,0.27365175148781495,0.44179661785411894,0.2644140477294077,0.0,0.26155700324806164,0.2592706851590384,0.39929468640364885,0.23592909288313457,0.27023240340330645,0.4139467803761212,0.2610488824712103,0.46106679502267955,0.26046920560731246,0.2675515433754122,0.48541735321189183,0.48266556257179505,0.29145020587420645,0.26662315498410183,0.2660741208768381,0.42669269957172573,0.3037296098984097
0.30364676223820164,0.41087808266060477,0.2248368039106341,0.2684634876832853,0.45213939848268314,0.4111380273822016,0.34933171601542445,0.2763951871350431,0.3037245282549442,0.2809644225305298,0.5148512518021902,0.26422395148109235,1.0,0.2606553264319368,0.2718352813489531,0.3523372838631812,0.3855361456878075,0.48467976054044315,0.50497101886229,0.3509505859691404,0.5015653574563872,0.5569089358313513,0.5505500483177888,0.4322820704920355,0.38763579388349445,0.38378436030525975,0.5343891529070494,0.2624704811377313,0.29493355242980845,0.31138586716052097,0.25668239956382666,0.5171216438060076,0.0,0.5342623692003713,0.4111342566109344,0.2646117326987324,0.3334096680503579,0.5041441993437143,0.24580983163825465,0.5379556048609291,0.2651869533139355,0.4228496901673202,0.5254665295523875,0.26958839674789725,0.26655511340946814,0.274219076069636,0.4242971048493265,0.4223036427057285,0.2631340545885986,0.3019506751437099
0.2739179029663297,0.26347599916968445,0.20395795360560787,0.5448694618301213,0.25267077072844757,0.2568976398472531,0.25598780461745085,0.48969903643379065,0.275603225061431,0.5089228089233941,0.26613556377347514,0.49333874918434084,0.2606553264319368,1.0,0.5468162640614986,0.2547162629777273,0.2448036534304051,0.26113337759726685,0.22938376289847717,0.2569406742590713,0.24811340886548872,0.25098285820125954,0.2635476110367517,0.25672950921150584,0.2478709050427893,0.2437827729319877,0.2652090157199839,0.5172526469991452,0.3071985176832549,0.2697758706778065,0.4910630624188226,0.2581874565363458,0.0,0.2566880808977863,0.25051400833403603,0.42255919435404266,0.24145222947879008,0.2645124748712666,0.40619873455862476,0.25906813010445673,0.5079819539968358,0.25796192993635114,0.2638124601710682,0.5199776823593156,0.5102443245601901,0.299181359727841,0.26014755651016963,0.2600094416203147,0.4571264659693134,0.3102803692120911
0.2723792291638969,0.2622880796676389,0.20158931365643062,0.5549194836345173,0.26861647464190064,0.25994321536355713,0.2525032200472067,0.4752903022114259,0.2778352565537592,0.5027549318933839,0.2661392240232885,0.5985833085667221,0.2718352813489531,0.5468162640614986,1.0,0.2539922564459467,0.2596205003309511,0.256605998060763,0.22734187987816024,0.25185302087381556,0.24763974784819376,0.2485061442434353,0.2624123429569255,0.2706372801844168,0.2541554193196781,0.25033175136108565,0.2639749246125629,0.4892602591902614,0.3030063464059888,0.27189980993018814,0.4864440648949032,0.2680167101031805,0.0,0.2551232004966142,0.2535273366244697,0.40901252329609583,0.23730903291849925,0.26513102432557056,0.4154595408361391,0.2582905250960088,0.5126622444524565,0.2572913826590856,0.2664146451930358,0.49368585540649423,0.4840992953025667,0.2966060356063075,0.2670277499910302,0.26582415651095126,0.44364882941501216,0.31648684725202747
0.2954414090450459,0.3397708365008225,0.2124536101060791,0.2635046250988017,0.3316922264281861,0.34658407149525783,0.7491616381689031,0.2646208305425758,0.29529329127752824,0.26583869588191866,0.36296312766235694,0.25238060250862393,0.3523372838631812,0.2547162629777273,0.2539922564459467,1.0,0.3242993276802293,0.3689577855540861,0.32643163759099625,0.7546143831510526,0.3628798229254553,0.3725450917875991,0.372847748315419,0.35604367981584206,0.3451226767963027,0.36936356455832164,0.3495034737009082,0.2512642005017678,0.2817776959775782,0.2999007770699409,0.24477563537145008,0.3406535423637034,0.0,0.348219310723035,0.34683390457970564,0.2673177297207475,0.7381060312372052,0.34478964214520746,0.23943622265235542,0.3488668621383444,0.2496579721768456,0.34445242345858684,0.3494084176017507,0.26163578416983113,0.26017894340198,0.2639249777989253,0.3426836355676448,0.3407357118741884,0.25326761767170103,0.28904336186567847
0.29698118640637594,0.4570601482226566,0.20817517245205508,0.2578784558565731,0.3885193763074569,0.4500997447433259,0.32264536173666436,0.26213160753968334,0.2795261024005805,0.2540412392112642,0.396164955052681,0.2524822868802655,0.3855361456878075,0.2448036534304051,0.2596205003309511,0.3242993276802293,1.0,0.3807887088549844,0.33237518176129266,0.3218511352096147,0.37594339772104923,0.369767545520835,0.39138087911579666,0.4947054210282149,0.47544446151327124,0.47286504365642945,0.3826818657265122,0.24995210490312203,0.2782185113496264,0.27636752563975076,0.23239699169933448,0.41806385652143163,0.0,0.39349653707037946,0.45824777545827877,0.25823598513745794,0.307278858261008,0.3780001023510109,0.24309684661093656,0.38881983108688645,0.24209806206393536,0.43188602038710333,0.3903668430474354,0.259243133425215,0.2649000307391247,0.2546990557783254,0.45010347941282547,0.44900052121119394,0.24420127054770746,0.28696584531712777
0.29900584898730154,0.42319701814309796,0.22277837823040936,0.26312656617288166,0.4169995080727207,0.417981651171203,0.3835126726575595,0.2660554169008227,0.29787502736223226,0.2650845995643639,0.490541544046042,0.25536096084742965,0.48467976054044315,0.26113337759726685,0.256605998060763,0.3689577855540861,0.3807887088549844,1.0,0.45948206248534906,0.38321930902830514,0.5163459843214473,0.4977248240372384,0.5285005895749806,0.42367647041554135,0.3917062343630291,0.38741645654339274,0.50509963652087,0.26355717182382243,0.2944685555719343,0.3026358564085381,0.24860124528153738,0.4582158322573884,0.0,0.48623252622704816,0.41924870967600636,0.27465256899259005,0.3581242589960181,0.47186455680302264,0.2435013757337463,0.5032934212041594,0.24856524033968097,0.4290184754446603,0.4958659070277881,0.26616756628387284,0.26391741933917046,0.27453540838174084,0.43096270481761123,0.4308473547565419,0.2555503641051863,0.2994462867370067
0.2611021112634503,0.3526604071102778,0.19147287581763828,0.22789914732909422,0.36082104992365704,0.35501499193197306,0.33054820872327484,0.23901312127740393,0.2545214339070505,0.2354168090376647,0.4122102279447314,0.22892314166303795,0.50497101886229,0.22938376289847717,0.22734187987816024,0.32643163759099625,0.33237518176129266,0.45948206248534906,1.0,0.3278052292103636,0.44924806673484086,0.4981809019012935,0.44912527218632736,0.36065220712379176,0.33588384315558373,0.3302509517401988,0.43490521396271,0.2304932696409845,0.2507577395890602,0.25804823853815706,0.21601378024703477,0.4611983208740337,0.0,0.42062888886127403,0.36515797602920896,0.23741127560126762,0.31760598897482095,0.41119561134237037,0.21379609567855795,0.42893532776960264,0.22212795593386991,0.3610678893125421,0.427949826526727,0.23893771249258244,0.23641364412667576,0.23390158067638467,0.35902902717597796,0.35818174426426863,0.22451732041266315,0.25789451388998796
0.2955068446479304,0.34910755786335335,0.21671128129241957,0.26113842468604864,0.31902827929776845,0.35322410623644307,0.8689644531826693,0.26124096347776093,0.2956279965520331,0.26287872088744213,0.35900923588462197,0.25126345141903594,0.3509505859691404,0.2569406742590713,0.25185302087381556,0.7546143831510526,0.3218511352096147,0.38321930902830514,0.3278052292103636,1.0,0.3804670725064515,0.3571552353894375,0.3862566883922429,0.3486421440746835,0.33413321178962185,0.3224055175438607,0.3612470965432557,0.2564541504256742,0.2908502573640749,0.3010385715386993,0.2462732096309882,0.33745292739280375,0.0,0.3568139068184232,0.3489059322885586,0.27207329217212084,0.7773446470266895,0.34587292456498486,0.23404733287163715,0.36087710390899874,0.24584829137028907,0.349753175093484,0.3579771122420119,0.2610848783052713,0.2585024832276539,0.26930152502615323,0.34820355640640044,0.3479179565531193,0.2538742430513987,0.2947602623547456
0.2926014161442968,0.4054596802437265,0.21884308277691433,0.2521555976724258,0.4238224629076832,0.3971928008248963,0.3788195155722329,0.2557754456174277,0.28869293329451806,0.2561725844896173,0.48467216937535007,0.24983432461009425,0.5015653574563872,0.24811340886548872,0.24763974784819376,0.3628798229254553,0.37594339772104923,0.5163459843214473,0.44924806673484086,0.3804670725064515,1.0,0.5026182780498889,0.5378762697322303,0.40878571304567635,0.3789794048398857,0.3821293537600229,0.5168871232797206,0.2516264110195724,0.28475572124571,0.29586143359163986,0.2370805458163573,0.4744518685126713,0.0,0.5064867733624311,0.4078166517462687,0.266799654053151,0.3587752267741082,0.4846390508399865,0.23297487532647743,0.5162542944360996,0.24156980798169492,0.4048072685778705,0.5038971153292275,0.2568357506766862,0.25562689580909215,0.27237537716324345,0.41790732731789415,0.417801216567144,0.2482621560576288,0.2926194216829481
0.2882972687473101,0.39168428378469655,0.2137765020174578,0.25157239935854514,0.40203219004767665,0.38801747821981025,0.3588278204053794,0.2567804479041691,0.2856400151223327,0.2555815575583671,0.471406649463354,0.24752681223036155,0.5569089358313513,0.25098285820125954,0.2485061442434353,0.3725450917875991,0.369767545520835,0.4977248240372384,0.4981809019012935,0.3571552353894375,0.5026182780498889,1.0,0.6974707499665496,0.39520477256690945,0.36891989316756024,0.39076647892673777,0.5049888781119681,0.2512423696467332,0.279017190679704,0.28929819921488076,0.23728692748835012,0.4851617038339209,0.0,0.6175070518123215,0.3925888862285756,0.2578593367820834,0.35097178836960974,0.47675652966013904,0.23265231695130462,0.5026743670348648,0.24062213387034448,0.3965955803612331,0.497505176500313,0.25795729769817666,0.2535618233827286,0.2641049000112059,0.3996809037364083,0.3981368438215078,0.2479777163690542,0.2895828250235114
0.30898390732748016,0.42132785175382403,0.22792497085059704,0.27055014590607385,0.42830063939961527,0.41961421349603334,0.3848223888133351,0.26876182661486236,0.3023736751376439,0.26533936918171586,0.4964543388492495,0.2603605935342779,0.5505500483177888,0.2635476110367517,0.2624123429569255,0.372847748315419,0.39138087911579666,0.5285005895749806,0.44912527218632736,0.3862566883922429,0.5378762697322303,0.6974707499665496,1.0,0.4175954208139746,0.39249355729825974,0.3812268012919381,0.5410085017974617,0.2656977216732971,0.2975841331180732,0.3039377137550374,0.2523362621702253,0.497377935216089,0.0,0.6612378074573738,0.41520188371376265,0.27476124247559897,0.36283729166453405,0.5062886061915224,0.24471651225853686,0.5313968184962115,0.2533774541621172,0.42009316855531253,0.5253876799781396,0.2695439255114853,0.2661155818494231,0.2764242190641687,0.4221252526236605,0.4229508194468605,0.2598940112545056,0.30264071388766167
0.31316762357451255,0.5678676892149418,0.22182911153143803,0.2746857893883735,0.41486452946000163,0.5562695079570947,0.3498646157436818,0.28935801507667536,0.30371294832019413,0.27744974348745044,0.4405764026843203,0.26802966735929645,0.4322820704920355,0.25672950921150584,0.2706372801844168,0.35604367981584206,0.4947054210282149,0.42367647041554135,0.36065220712379176,0.3486421440746835,0.40878571304567635,0.39520477256690945,0.4175954208139746,1.0,0.5676752167274117,0.48047937860724843,0.4202129486069698,0.258226834641462,0.29375575618276106,0.3017234806446245,0.2503027285303999,0.42622360004799953,0.0,0.41576348127908747,0.5777950687572804,0.268870128930069,0.33473668726736583,0.4107115680440475,0.25256187875643743,0.41839008261242716,0.26520783120640234,0.4831459440524809,0.42313266695645324,0.2692333731463915,0.2735405715268928,0.2717943352029064,0.4792163042847417,0.4763518070382169,0.26366523250372265,0.2994867458425714
0.2995839830367766,0.5483390708895068,0.21519839103954141,0.2679138641733555,0.3977373567716408,0.5417686180270683,0.33589997906032953,0.265310071990581,0.2843936441706839,0.2652044453030892,0.4092838240299108,0.2562197118148605,0.38763579388349445,0.2478709050427893,0.2541554193196781,0.3451226767963027,0.47544446151327124,0.3917062343630291,0.33588384315558373,0.33413321178962185,0.3789794048398857,0.36891989316756024,0.39249355729825974,0.5676752167274117,1.0,0.5042676809206832,0.38800161037759573,0.24888146886152573,0.2812682853665751,0.27850770653901213,0.23952276066442335,0.4229338101538299,0.0,0.385450937792164,0.5506557325523478,0.25381289098222304,0.31891375394629473,0.3969704542996284,0.24276237377256182,0.3866372045745613,0.24881910147568898,0.44580528424956933,0.39928140164710935,0.2702935945712087,0.26497382579342166,0.2617962873378874,0.4489689579553352,0.44771282168668625,0.2570230338058722,0.28276458308898245
0.2890892977686831,0.4598349550155436,0.20497391689998046,0.25811784488731104,0.38964369666145215,0.44077641462438666,0.3259235501449864,0.2602949499365639,0.28172147050523744,0.25949266228189416,0.4172193323196052,0.25361182827560436,0.38378436030525975,0.2437827729319877,0.25033175136108565,0.36936356455832164,0.47286504365642945,0.38741645654339274,0.3302509517401988,0.3224055175438607,0.3821293537600229,0.39076647892673777,0.3812268012919381,0.48047937860724843,0.5042676809206832,1.0,0.3824736500487237,0.24285227995090253,0.27228687998048695,0.2780156992950813,0.238000716976714,0.39186712169886917,0.0,0.3709841055177522,0.4665524139077065,0.25482393701368367,0.3264748424341676,0.38837829492773734,0.23163443270774953,0.38857409335220594,0.24476035392051987,0.43766174630872623,0.37957914642275037,0.2656604214110272,0.2598457274078463,0.25857723653351794,0.44893042240933934,0.4466465358875453,0.25458208336837906,0.2808978469724067
0.3056901440468107,0.4195293338587003,0.22751486358492878,0.2643691896999214,0.43967598835052624,0.40618154948299545,0.3579703767191058,0.27121934188570407,0.3051460102764244,0.27081233747131783,0.5102013961069298,0.26047160528575497,0.5343891529070494,0.2652090157199839,0.2639749246125629,0.3495034737009082,0.3826818657265122,0.50509963652087,0.43490521396271,0.3612470965432557,0.5168871232797206,0.5049888781119681,0.5410085017974617,0.4202129486069698,0.38800161037759573,0.3824736500487237,1.0,0.2645541240213969,0.29938907454863883,0.31061939175498054,0.25520185912954385,0.502899489982549,0.0,0.5152413557802304,0.4145116553346656,0.26829759238824247,0.33773129951921077,0.596166582048856,0.23493555274441003,0.557736333066647,0.256945197301344,0.4282785019077796,0.6332384899282244,0.2712486311772119,0.2642699779621921,0.28170262965347437,0.4257702349125727,0.4258296673142645,0.2615133130706382,0.3056563539600775
0.27749082275305625,0.2742689169672611,0.20744885490332177,0.5207437367509136,0.24745411631461522,0.2607959365094532,0.2559792317700482,0.6834842640723405,0.2706196001637169,0.5054637298393273,0.26390791028655947,0.4732595137118435,0.2624704811377313,0.5172526469991452,0.4892602591902614,0.2512642005017678,0.24995210490312203,0.26355717182382243,0.2304932696409845,0.2564541504256742,0.2516264110195724,0.2512423696467332,0.2656977216732971,0.258226834641462,0.24888146886152573,0.24285227995090253,0.2645541240213969,1.0,0.30995109754790917,0.2707227486468754,0.4737067205468509,0.26407016673980155,0.0,0.26200835300561154,0.2513981133394295,0.4049873895794379,0.23950267772388056,0.2713566279431372,0.3997533742951185,0.2636913572597931,0.48741727267084534,0.26189079641934965,0.2637973067816307,0.7869229424507056,0.7532811489163787,0.28992477072965706,0.2620878415000497,0.2626071921297306,0.45588320288801276,0.3016463727527836
0.33877084403797153,0.30430518974172127,0.24753299208805613,0.30782290616512975,0.28558777047041084,0.3038062912844097,0.2895928066930451,0.3138580048948407,0.33286643469769617,0.31429719754816765,0.3009079934372558,0.3130686351339821,0.29493355242980845,0.3071985176832549,0.3030063464059888,0.2817776959775782,0.2782185113496264,0.2944685555719343,0.2507577395890602,0.2908502573640749,0.28475572124571,0.279017190679704,0.2975841331180732,0.29375575618276106,0.2812682853665751,0.27228687998048695,0.29938907454863883,0.30995109754790917,1.0,0.3313330101843256,0.2943748961933188,0.28717885238373997,0.0,0.29330088986105796,0.2840100499313877,0.302364401789614,0.269216663389788,0.2956334294083969,0.2678591489365879,0.2988174744780353,0.29349023996955936,0.2941457700711595,0.2989724823801925,0.30904914904121017,0.30645882203305674,0.3921966001250251,0.29234370250198993,0.2925767964343994,0.3012689009645051,0.625009979292404
0.3810010391188272,0.3029447372198113,0.2524969806365388,0.27432491282812155,0.28514928986625987,0.29185134885190467,0.2969211217877129,0.276467124850561,0.4069737977827331,0.2864048484057945,0.31418562640984316,0.27365175148781495,0.31138586716052097,0.2697758706778065,0.27189980993018814,0.2999007770699409,0.27636752563975076,0.3026358564085381,0.25804823853815706,0.3010385715386993,0.29586143359163986,0.28929819921488076,0.3039377137550374,0.3017234806446245,0.27850770653901213,0.2780156992950813,0.31061939175498054,0.2707227486468754,0.3313330101843256,1.0,0.2656299129148524,0.28853523137983406,0.0,0.2971663532912343,0.28833543856647315,0.27587588780445094,0.2820607210626662,0.304466605638937,0.2503908230365812,0.3169420091369246,0.26700877316504323,0.2979076225464974,0.31298913004659656,0.27626624633647046,0.2709999132812396,0.3246005699588844,0.3054734324757882,0.30540432934264183,0.27088732016443373,0.34054570975836707
0.25738050724060924,0.25686405367299703,0.19927239959103948,0.49467904374164273,0.24555277773697615,0.24983290806306824,0.2443757040257537,0.4714367846683928,0.2669095114195922,0.5188969778850789,0.2541015684880875,0.44179661785411894,0.25668239956382666,0.4910630624188226,0.4864440648949032,0.24477563537145008,0.23239699169933448,0.24860124528153738,0.21601378024703477,0.2462732096309882,0.2370805458163573,0.23728692748835012,0.2523362621702253,0.2503027285303999,0.23952276066442335,0.238000716976714,0.25520185912954385,0.4737067205468509,0.2943748961933188,0.2656299129148524,1.0,0.24680601897149967,0.0,0.24540753959899408,0.23819016878286536,0.4038766229172047,0.2321959202464583,0.2517674498529292,0.3852721003517917,0.2533365557570263,0.6507185032316474,0.2529439780970806,0.25142271873859046,0.48009187348784044,0.46850374470017475,0.28365781054789874,0.24997126275827797,0.25035517129451923,0.4331121792572413,0.29077488814249797
0.3031874258631191,0.40672906121847174,0.21454666643192133,0.2747845106155201,0.4437685254372533,0.40446468854800643,0.33975034554057204,0.27270720063235177,0.2929318504096512,0.2692395896897263,0.4657160224179794,0.2644140477294077,0.5171216438060076,0.2581874565363458,0.2680167101031805,0.3406535423637034,0.41806385652143163,0.4582158322573884,0.4611983208740337,0.33745292739280375,0.4744518685126713,0.4851617038339209,0.497377935216089,0.42622360004799953,0.4229338101538299,0.39186712169886917,0.502899489982549,0.26407016673980155,0.28717885238373997,0.28853523137983406,0.24680601897149967,1.0,0.0,0.4838371644667079,0.3978461270964374,0.25615173056658624,0.32664864985752917,0.498379559732381,0.249049764755786,0.5010910780050851,0.2544503807307441,0.41034929112149154,0.5112861561578981,0.26675691349434905,0.26872451916627416,0.26014365016307206,0.4153234205540044,0.4141730756749895,0.2519190365773233,0.28465564936404564
0.0,0.0,0.0,0.0,0.0,0.0,0.0,0.0,0.0,0.0,0.0,0.0,0.0,0.0,0.0,0.0,0.0,0.0,0.0,0.0,0.0,0.0,0.0,0.0,0.0,0.0,0.0,0.0,0.0,0.0,0.0,0.0,1.0,0.0,0.0,0.0,0.0,0.0,0.0,0.0,0.0,0.0,0.0,0.0,0.0,0.0,0.0,0.0,0.0,0.0
0.30442695988161395,0.4093014836718759,0.22589061288305956,0.25915635105111967,0.42205017038013803,0.4185068200071863,0.35619809307859895,0.2704908079190085,0.2987772670998814,0.26195132657153186,0.4828501118977073,0.26155700324806164,0.5342623692003713,0.2566880808977863,0.2551232004966142,0.348219310723035,0.39349653707037946,0.48623252622704816,0.42062888886127403,0.3568139068184232,0.5064867733624311,0.6175070518123215,0.6612378074573738,0.41576348127908747,0.385450937792164,0.3709841055177522,0.5152413557802304,0.26200835300561154,0.29330088986105796,0.2971663532912343,0.24540753959899408,0.4838371644667079,0.0,1.0,0.4095815698127787,0.2777665097448597,0.3344077220811754,0.49269435220547053,0.2531238506779738,0.5158552259533163,0.24747423320598105,0.41341905809314516,0.5178658639071576,0.2665869168817352,0.2675881961027272,0.2704498871053489,0.419978529493491,0.4207969051427247,0.25484970216182556,0.2978136144892727
0.30166175503226034,0.560575746500062,0.2158159221646856,0.2592356625279779,0.3876684383943795,0.5573920602668632,0.3488025213312981,0.2632052865757316,0.28794619327273885,0.25934722514015296,0.426507737219177,0.2592706851590384,0.4111342566109344,0.25051400833403603,0.2535273366244697,0.34683390457970564,0.45824777545827877,0.41924870967600636,0.36515797602920896,0.3489059322885586,0.4078166517462687,0.3925888862285756,0.41520188371376265,0.5777950687572804,0.5506557325523478,0.4665524139077065,0.4145116553346656,0.2513981133394295,0.2840100499313877,0.28833543856647315,0.23819016878286536,0.3978461270964374,0.0,0.4095815698127787,1.0,0.2601149159675309,0.3260304374258295,0.4077196527649237,0.24196588960430776,0.41745593876679576,0.24652604166402203,0.4702030603833238,0.42413305379883115,0.2592011459760172,0.25844422365239117,0.26728282738274667,0.4676593947771214,0.4659645887077748,0.25183492082859005,0.2907981685533244
0.2753032291293458,0.2616864577946486,0.20813063739835147,0.4234370282851564,0.2466488399560235,0.2667797461916287,0.27198548873045925,0.40913046225741645,0.28102016108393435,0.4280555275137329,0.27587391915781445,0.39929468640364885,0.2646117326987324,0.42255919435404266,0.40901252329609583,0.2673177297207475,0.25823598513745794,0.27465256899259005,0.23741127560126762,0.27207329217212084,0.266799654053151,0.2578593367820834,0.27476124247559897,0.268870128930069,0.25381289098222304,0.25482393701368367,0.26829759238824247,0.4049873895794379,0.302364401789614,0.27587588780445094,0.4038766229172047,0.25615173056658624,0.0,0.2777665097448597,0.2601149159675309,1.0,0.256281445555656,0.26293007160797266,0.40283124209264853,0.2705672448835491,0.406749180003519,0.2644253104570963,0.26606130663624217,0.41812672499420933,0.4137320728752688,0.29081677794461147,0.2646882385142204,0.26359225427156363,0.41032453488450105,0.30984268488048605
0.27975559098910685,0.32291823908379536,0.20027269852289287,0.24733417249944878,0.30670986765275654,0.3316730228779077,0.7721878135487329,0.24585130584979153,0.2781398850436819,0.24780402667870338,0.33574012833521283,0.23592909288313457,0.3334096680503579,0.24145222947879008,0.23730903291849925,0.7381060312372052,0.307278858261008,0.3581242589960181,0.31760598897482095,0.7773446470266895,0.3587752267741082,0.35097178836960974,0.36283729166453405,0.33473668726736583,0.31891375394629473,0.3264748424341676,0.33773129951921077,0.23950267772388056,0.269216663389788,0.2820607210626662,0.2321959202464583,0.32664864985752917,0.0,0.3344077220811754,0.3260304374258295,0.256281445555656,1.0,0.3237038898064667,0.2228323765909258,0.3315916802989566,0.23142346587973994,0.3274325801407235,0.3348255036151445,0.2454599344520012,0.24309686578800194,0.2496003222782215,0.3235779534325338,0.32227451719526345,0.23580238532054232,0.2728564716987063
0.31463284698285243,0.42881215087472846,0.22713997145900644,0.26631170377328195,0.4720768754068838,0.41547987554465693,0.3431818353073579,0.28481546264172797,0.2957972608024455,0.2729493347602975,0.49733403410647037,0.27023240340330645,0.5041441993437143,0.2645124748712666,0.26513102432557056,0.34478964214520746,0.3780001023510109,0.47186455680302264,0.41119561134237037,0.34587292456498486,0.4846390508399865,0.47675652966013904,0.5062886061915224,0.4107115680440475,0.3969704542996284,0.38837829492773734,0.596166582048856,0.2713566279431372,0.2956334294083969,0.304466605638937,0.2517674498529292,0.498379559732381,0.0,0.49269435220547053,0.4077196527649237,0.26293007160797266,0.3237038898064667,1.0,0.2550469963294818,0.5300416803448762,0.2575076045146346,0.42156314536180317,0.6321028165771556,0.28161080437926067,0.27412069216245927,0.27451977294182506,0.4347918359962346,0.43402590763912263,0.2698832254493173,0.2987155675681292
0.2689363964943048,0.23256107206439125,0.18553230696685263,0.41686118230611136,0.2611702077042942,0.2618317916826165,0.23865668237744064,0.4191444226088826,0.2552125955339172,0.42542662492228067,0.25100725544069447,0.4139467803761212,0.24580983163825465,0.40619873455862476,0.4154595408361391,0.23943622265235542,0.24309684661093656,0.2435013757337463,0.21379609567855795,0.23404733287163715,0.23297487532647743,0.23265231695130462,0.24471651225853686,0.25256187875643743,0.24276237377256182,0.23163443270774953,0.23493555274441003,0.3997533742951185,0.2678591489365879,0.2503908230365812,0.3852721003517917,0.249049764755786,0.0,0.2531238506779738,0.24196588960430776,0.40283124209264853,0.2228323765909258,0.2550469963294818,1.0,0.23718818470716307,0.39773082294146433,0.23754592712428702,0.23975988445787566,0.42605949801310794,0.4225554928763814,0.2586862520537919,0.24693563426373022,0.2423701469927192,0.3903455118372029,0.2800885751993004
0.3041261060588998,0.42542387806759685,0.22879455766959778,0.25945376076968474,0.4466230414493534,0.4122704815144901,0.356021241737154,0.270465040746353,0.30330135219951027,0.27260018418634513,0.5182654850785773,0.2610488824712103,0.5379556048609291,0.25906813010445673,0.2582905250960088,0.3488668621383444,0.38881983108688645,0.5032934212041594,0.42893532776960264,0.36087710390899874,0.5162542944360996,0.5026743670348648,0.5313968184962115,0.41839008261242716,0.3866372045745613,0.38857409335220594,0.557736333066647,0.2636913572597931,0.2988174744780353,0.3169420091369246,0.2533365557570263,0.5010910780050851,0.0,0.5158552259533163,0.41745593876679576,0.2705672448835491,0.3315916802989566,0.5300416803448762,0.23718818470716307,1.0,0.2526347294957112,0.4303505027120381,0.5456620959212581,0.2685994941601556,0.2680351795964945,0.2858794650098234,0.444179442409528,0.4447026308489699,0.26107346943339815,0.3071478987994143
