../ecoli_genomes/GCF_000163235.1_ASM16323v1_genomic.fna.gz,../ecoli_genomes/GCF_000164555.1_ASM16455v1_genomic.fna.gz,../ecoli_genomes/GCF_000208545.1_ASM20854v2_genomic.fna.gz,../ecoli_genomes/GCF_000233875.1_ASM23387v1_genomic.fna.gz,../ecoli_genomes/GCF_000249735.1_ASM24973v2_genomic.fna.gz,../ecoli_genomes/GCF_000261145.1_Esch_coli_M919_V2_genomic.fna.gz,../ecoli_genomes/GCF_000267705.2_ASM26770v2_genomic.fna.gz,../ecoli_genomes/GCF_000350665.1_Esch_coli_KTE5_V1_genomic.fna.gz,../ecoli_genomes/GCF_000351625.1_Esch_coli_KTE66_V1_genomic.fna.gz,../ecoli_genomes/GCF_000352285.1_Esch_coli_KTE46_V1_genomic.fna.gz,../ecoli_genomes/GCF_000358895.1_ASM35889v1_genomic.fna.gz,../ecoli_genomes/GCF_000456385.1_Esch_coli_HVH_26_4-5703913_V1_genomic.fna.gz,../ecoli_genomes/GCF_000458195.1_Esch_coli_HVH_147_4-5893887_V1_genomic.fna.gz,../ecoli_genomes/GCF_000459755.1_Esch_coli_KOEGE_58_171a_V1_genomic.fna.gz,../ecoli_genomes/GCF_000460055.1_Esch_coli_UMEA_3053-1_V1_genomic.fna.gz,../ecoli_genomes/GCF_000462165.2_ASM46216v2_genomic.fna.gz,../ecoli_genomes/GCF_000601135.1_ASM60113v1_genomic.fna.gz,../ecoli_genomes/GCF_000614595.1_Ec2010EL1058_genomic.fna.gz,../ecoli_genomes/GCF_000617745.1_Ec2010C-4529_genomic.fna.gz,../ecoli_genomes/GCF_000618265.2_EcF6751_genomic.fna.gz,../ecoli_genomes/GCF_000619005.2_Ec2009C-4052_genomic.fna.gz,../ecoli_genomes/GCF_000619105.1_Ec2009C-4780_genomic.fna.gz,../ecoli_genomes/GCF_000619765.2_Ec2009C-3279_genomic.fna.gz,../ecoli_genomes/GCF_000687005.1_ASM68700v1_genomic.fna.gz,../ecoli_genomes/GCF_000687025.1_ASM68702v1_genomic.fna.gz,../ecoli_genomes/GCF_000700125.1_ASM70012v1_genomic.fna.gz,../ecoli_genomes/GCF_000753315.1_FHI35_genomic.fna.gz,../ecoli_genomes/GCF_000776375.1_ASM77637v1_genomic.fna.gz,../ecoli_genomes/GCF_000779395.1_ASM77939v1_genomic.fna.gz,../ecoli_genomes/GCF_000780315.1_ASM78031v1_genomic.fna.gz,../ecoli_genomes/GCF_000781995.1_ASM78199v1_genomic.fna.gz,../ecoli_genomes/GCF_000986765.1_ASM98676v1_genomic.fna.gz,../ecoli_genomes/GCF_001041375.1_ViralProj287958_genomic.fna.gz,../ecoli_genomes/GCF_001265335.1_302014_genomic.fna.gz,../ecoli_genomes/GCF_001265625.1_100854_genomic.fna.gz,../ecoli_genomes/GCF_001267345.1_303289_genomic.fna.gz,../ecoli_genomes/GCF_001309985.1_ASM130998v1_genomic.fna.gz,../ecoli_genomes/GCF_001521695.1_ASM152169v1_genomic.fna.gz,../ecoli_genomes/GCF_001592595.1_ASM159259v1_genomic.fna.gz,../ecoli_genomes/GCF_001614975.1_ASM161497v1_genomic.fna.gz,../ecoli_genomes/GCF_001692775.1_ASM169277v1_genomic.fna.gz,../ecoli_genomes/GCF_001748915.1_ASM174891v1_genomic.fna.gz,../ecoli_genomes/GCF_001749235.1_ASM174923v1_genomic.fna.gz,../ecoli_genomes/GCF_001881155.1_ASM188115v1_genomic.fna.gz,../ecoli_genomes/GCF_001881345.1_ASM188134v1_genomic.fna.gz,../ecoli_genomes/GCF_001892405.1_ASM189240v1_genomic.fna.gz,../ecoli_genomes/GCF_001892585.1_ASM189258v1_genomic.fna.gz,../ecoli_genomes/GCF_001893985.1_ASM189398v1_genomic.fna.gz,../ecoli_genomes/GCF_002001595.1_ASM200159v1_genomic.fna.gz,../ecoli_genomes/GCF_002002145.1_ASM200214v1_genomic.fna.gz
1.0,0.7859535769010643,0.7740323793121114,0.7692532300752819,0.7529033186398969,0.7675039408871689,0.7744719161807923,0.7688370863123395,0.796009198565403,0.7654869511475103,0.7753866249027863,0.7742824394229291,0.7802511789295539,0.7666405204652715,0.7578976535262549,0.7717821401107573,0.740560215239715,0.7753083069491113,0.7674232118081146,0.7758746753516035,0.7721096322810761,0.7728588932805405,0.7830742812897965,0.7479653524502934,0.7564195312339724,0.7288072294319449,0.7683270211644692,0.7672401599044201,0.7826658262042017,0.8020816992667266,0.7569611558913449,0.7692534604310189,0.07077910209265481,0.774028164383634,0.7599987442135019,0.7621674370859759,0.7595570993066476,0.7805518327496112,0.5535882350360314,0.7823486712218004,0.7638489007514051,0.7784070570180134,0.7839665454210721,0.7690421622359542,0.7734952677028519,0.780694758332295,0.7811624595529184,0.7828594971416054,0.7587932127151674,0.7901908641975989
0.7859535769010643,1.0,0.7650861139970341,0.7752341118126278,0.782669763785209,0.8296221858948069,0.7912896131242916,0.7746105646913254,0.7782247158036903,0.7795907938236633,0.8118266870951297,0.7839274113121941,0.8163133372649696,0.7704228138008216,0.7721672927913823,0.7831656268438347,0.7829234459232637,0.8112699983783628,0.7973129100759448,0.7926396788252572,0.8037945208912679,0.8041888962741344,0.8145952210827044,0.8092905858411116,0.810985870923956,0.7767586310279639,0.8097527718963736,0.7729504610155954,0.7828922264826083,0.7844621995478201,0.7673499045206668,0.7964441908918564,0.06462437119828945,0.8023018531461714,0.8324361336522481,0.7727272853069114,0.7718590774887177,0.8174207537255016,0.521807482613591,0.8201341022551409,0.7741571311881169,0.8229653116528868,0.8193803425022946,0.7841605697099765,0.783449496094996,0.7812258451611431,0.8243063149359734,0.8252587468256954,0.7771814126908458,0.7840742874504475
0.7740323793121114,0.7650861139970341,1.0,0.7532285969975263,0.73474269618562,0.7455562580111983,0.7615989188872049,0.7571084834660408,0.7628639366578459,0.7491066440445362,0.7590185912704785,0.7521348818164216,0.756962942284084,0.7553102173220192,0.7480294513863093,0.7620931905232984,0.7173587190762574,0.7632618249868115,0.7471048707224504,0.7653911243832481,0.7628187732296564,0.7540346197250563,0.7640643128981655,0.7236097954089893,0.7306541979552654,0.7107208788536813,0.7562141889406759,0.7557512400779905,0.7629421229452789,0.7642037274726148,0.7491333568909108,0.7471159958938958,0.0699955516934283,0.7494491597181039,0.7420182460593594,0.7542812663228632,0.7491011715809625,0.7525616166903444,0.5221688687080561,0.7683437604674268,0.7532752372743832,0.7616542812283602,0.76222663796594,0.7585716729731036,0.7558807980648425,0.7588987210784542,0.7635144322867788,0.7642826301547441,0.7582276916110435,0.7654329261015049
0.7692532300752819,0.7752341118126278,0.7532285969975263,1.0,0.7552389026408785,0.7614384137536968,0.757699585881655,0.832372824487314,0.7683753309860519,0.839447288522411,0.7619154466614023,0.8295961841687518,0.7708890187205242,0.8461121270160838,0.8530726488651394,0.7593329221943028,0.7319338511008924,0.7649207439053148,0.7546155186765309,0.7600828584567785,0.7646139118370052,0.7592956366908321,0.7746835186423304,0.7344638238542519,0.7497609488389829,0.7282424371742788,0.7609837938514201,0.8326675167701246,0.7718846471146041,0.7555914789650736,0.8348337058396289,0.7678694541500639,0.0656835529531552,0.757233666843207,0.7485585067007747,0.8034952618800013,0.7451790622157788,0.7604110236648729,0.5534160930472696,0.7657082432524241,0.8448264235825446,0.7647623084635483,0.7663349380117156,0.8381686616928515,0.8322069647443362,0.7724998072136059,0.7628861248682063,0.7632518821046157,0.8115682761173618,0.7776790519520391
0.7529033186398969,0.782669763785209,0.73474269618562,0.7552389026408785,1.0,0.7929369991986369,0.7608188583711881,0.7499817725091309,0.7595383910462497,0.7601392208876632,0.8068810497143148,0.7454327923456185,0.8104867593239728,0.744080279861608,0.7562663286633785,0.7723988129306794,0.7876488164005468,0.781500094164159,0.7717167358520978,0.7636868214935795,0.7829379816397314,0.7777287066182126,0.7839720820648798,0.7945799202173661,0.787700018163358,0.7912476491102927,0.7873776943521468,0.7377318933486663,0.7566169158065287,0.7552593001988415,0.7490548212754685,0.8039752269871738,0.06184593328698351,0.7823659849586903,0.7832772888227193,0.7403550564344923,0.7547296066137367,0.797935306262233,0.5189312191470408,0.7956874605145831,0.7567475852741583,0.7863464928604089,0.7941843547683247,0.744119580541611,0.7485776586376088,0.747693277133771,0.7906853104054757,0.7900980385318713,0.7406516584490463,0.7515271843885044
0.7675039408871689,0.8296221858948069,0.7455562580111983,0.7614384137536968,0.7929369991986369,1.0,0.7907212109016131,0.7675879422636198,0.7669310774181582,0.760473682157682,0.806207372459398,0.7635052233119439,0.8100412844133478,0.7588172187050573,0.7579044100469587,0.7819630222373856,0.7772366741731788,0.8035008066084279,0.7915230385591927,0.7859673325251998,0.7958060404299904,0.8083800866751443,0.8082269414046068,0.8056981037546351,0.809430552173767,0.7744012163292103,0.7909792474076943,0.7610956902423003,0.7692025163348785,0.766558456761056,0.7540539275476061,0.797484998021671,0.06096540649498772,0.802281529285015,0.8249039041968043,0.7615702860731377,0.7714125206956992,0.8048888205277678,0.5182672313430172,0.8051349042557971,0.7596034755583103,0.8157735776897966,0.8033483409088885,0.7685344060129041,0.7690006428971319,0.7598723628621205,0.8131802320370433,0.8121219322431993,0.7559161528614312,0.769539856784835
0.7744719161807923,0.7912896131242916,0.7615989188872049,0.757699585881655,0.7608188583711881,0.7907212109016131,1.0,0.7598040064981058,0.7764906229869322,0.753676178911834,0.7868732322558276,0.7613119503949988,0.7912533939513087,0.7579753250751058,0.753056450988338,0.896490882077033,0.7562071642517747,0.8099254494362853,0.801171223008349,0.933633218737152,0.8048921117185671,0.8031055215209969,0.8164853907066849,0.7635084323465539,0.7686380939467363,0.7423665842162164,0.7882178713154937,0.7515645476266597,0.7760248791683872,0.7736070744753394,0.7515344167198303,0.7785809747221879,0.06599448778967487,0.7981436445945513,0.7883393936321736,0.7627445481427377,0.9064313486679003,0.7836760473209328,0.5198313838382228,0.7992241975489572,0.7515508340346815,0.7870484433726528,0.7898298518289307,0.758373861857819,0.7612890931236518,0.763400001122703,0.7815864593191817,0.7819307940378916,0.7536104987786464,0.77851211693202
0.7688370863123395,0.7746105646913254,0.7571084834660408,0.832372824487314,0.7499817725091309,0.7675879422636198,0.7598040064981058,1.0,0.7654304916661304,0.8306762142827525,0.7618563662456395,0.8298535334336518,0.7692101222495528,0.8301780193216381,0.81775052354661,0.7572357831932044,0.7322270920197906,0.765042296779015,0.7552555872155339,0.7603729443283318,0.7582198919510924,0.7579527871997302,0.7699889830100299,0.7403532688697035,0.7444321292103897,0.7292809863944802,0.7630684231898504,0.8892136838597272,0.781349416662665,0.7646158458029961,0.8171989688996044,0.7618594210304338,0.0663456081373397,0.7594949139096618,0.7508257941319334,0.8040932141610871,0.744391425173041,0.7720284655314577,0.5472581135392747,0.7678291748663842,0.8206119274318711,0.7644210689636304,0.7703620841723515,0.8931332073993229,0.8865994730545066,0.7681750724023628,0.7661092923078745,0.7660986548250681,0.8116621516353921,0.7775429646022664
0.796009198565403,0.7782247158036903,0.7628639366578459,0.7683753309860519,0.7595383910462497,0.7669310774181582,0.7764906229869322,0.7654304916661304,1.0,0.7706855888058772,0.7725135864080104,0.7627531135053771,0.7868059525811377,0.7602237313592203,0.7674904728272152,0.7819782676621543,0.7443727469252543,0.7771335285905607,0.7579548846184933,0.7829181740306799,0.7706905342257165,0.7681133824000925,0.7793505777071782,0.7482575761885124,0.7556116489957131,0.7386414125732685,0.7698035448964137,0.7574932763261991,0.7791879202139289,0.8122361125005667,0.763850850372503,0.7724212078455026,0.06353510655869599,0.7643473164268575,0.7628238196613514,0.7601053046870498,0.7640325823169172,0.7691983219722572,0.5259106265893785,0.7825770330402604,0.761542418280677,0.7726429561927473,0.7799029648231054,0.7630929550205905,0.7614213043122536,0.779182841466449,0.7741023030801036,0.7753112228113006,0.761446086726639,0.7860636256632884
0.7654869511475103,0.7795907938236633,0.7491066440445362,0.839447288522411,0.7601392208876632,0.760473682157682,0.753676178911834,0.8306762142827525,0.7706855888058772,1.0,0.7666440734352387,0.8218143880050305,0.7786962926281045,0.8243520544139236,0.8307582637241154,0.7569541225311903,0.7301386173149222,0.7611463684500064,0.7466870509217585,0.7588868011888359,0.7576768935130677,0.7565534839739829,0.7633623225132471,0.739471935358301,0.74588333941966,0.7294952396144501,0.7639214998313439,0.8228945988771416,0.7719480571219197,0.7616430177124383,0.8370706930069719,0.7582583395099546,0.05994745065686791,0.7541251273399764,0.752347396800474,0.8027609529058483,0.7457689717629514,0.7651830704400389,0.5444103730289556,0.7679784682491911,0.8317305451530032,0.7651026546928146,0.7734170308291994,0.8268595640371867,0.8258556450967297,0.766677445664702,0.7686036415769686,0.7685572738262354,0.8135783395043957,0.7766398254544582
0.7753866249027863,0.8118266870951297,0.7590185912704785,0.7619154466614023,0.8068810497143148,0.806207372459398,0.7868732322558276,0.7618563662456395,0.7725135864080104,0.7666440734352387,1.0,0.7637560841883151,0.8440673736034365,0.758651094658237,0.756450932952105,0.7863546667048583,0.7653643689772092,0.8256518334296515,0.8076900427189584,0.7898441895195475,0.8177988047841922,0.8247209829761211,0.826441069730974,0.7886518957780168,0.773110758870298,0.7675654122959079,0.8307622392011957,0.762385856719281,0.7729675671243527,0.7820737152227424,0.7579413479970083,0.8001834673258459,0.06481531032238452,0.8094319124958326,0.8027028143834777,0.7649588616313217,0.7680658884668401,0.8288954579539187,0.5147115540276709,0.8430807339714864,0.760292424560919,0.8190509323808361,0.8402885457523177,0.763270415963777,0.7644769980317995,0.7653639786750247,0.8171986123105572,0.8179856767922312,0.7619403302835929,0.7742997982582546
0.7742824394229291,0.7839274113121941,0.7521348818164216,0.8295961841687518,0.7454327923456185,0.7635052233119439,0.7613119503949988,0.8298535334336518,0.7627531135053771,0.8218143880050305,0.7637560841883151,1.0,0.7658601725207647,0.8296815674027277,0.8407311056614994,0.75682624723052,0.7289629314777257,0.7624556379535331,0.76041104355478,0.7601513753915319,0.7669442422394849,0.758764310618569,0.7730230789868282,0.7399915088395868,0.7420225535512557,0.7224077967238035,0.7627547936828293,0.8303591866935431,0.7807239043613676,0.7631889979368168,0.8066465021302002,0.7531784370240195,0.061305783295786065,0.7578996504404066,0.7566415681428476,0.805203461912442,0.7455164030152348,0.7658217714793174,0.5458320225457187,0.769876453131853,0.821513684155145,0.7667441849143799,0.7693202152644397,0.8365321060185673,0.8353355461282579,0.7703484678479012,0.7723026577257911,0.7727149632535801,0.8089223628622461,0.7756624553620994
0.7802511789295539,0.8163133372649696,0.756962942284084,0.7708890187205242,0.8104867593239728,0.8100412844133478,0.7912533939513087,0.7692101222495528,0.7868059525811377,0.7786962926281045,0.8440673736034365,0.7658601725207647,1.0,0.7661633771532169,0.7668546643309314,0.7985093959534367,0.7663549748519327,0.8329358019665954,0.8090483438289767,0.7960633821478242,0.8266900072122764,0.8373849933504982,0.8481166467525306,0.78770838497824,0.7784953193335629,0.7730831221543124,0.8471422095870214,0.7641400963628772,0.7730301543369242,0.7881009233270704,0.762676154655962,0.819344428934509,0.0645196722661806,0.825510763321099,0.8034408477333164,0.7672490420937566,0.7825043626294559,0.8353827586773622,0.5199516949535434,0.8513757907625685,0.7684297102816724,0.8138316309398761,0.8501017304719541,0.7652543417738342,0.7677300819545451,0.7664336839963919,0.8139374803500747,0.8145274906001246,0.765353820961887,0.7778528726998538
0.7666405204652715,0.7704228138008216,0.7553102173220192,0.8461121270160838,0.744080279861608,0.7588172187050573,0.7579753250751058,0.8301780193216381,0.7602237313592203,0.8243520544139236,0.758651094658237,0.8296815674027277,0.7661633771532169,1.0,0.8411464426680657,0.753747027412009,0.7263063128693763,0.763631749314621,0.7563871763079155,0.7578494547992951,0.7563745365645266,0.7607338676477678,0.7721015273453548,0.7272816999512851,0.7380455464018822,0.717932989915155,0.7608884440958998,0.8365833452903202,0.7744273287676798,0.756377557670956,0.8214666946356408,0.7571921314165013,0.059427041643779654,0.7613235467255075,0.7482572363673479,0.8049328926192136,0.7422242284355284,0.7622323773227431,0.5547606217158112,0.7641712675908032,0.8310553522038269,0.760174311468592,0.7659754397654703,0.8413992216319477,0.8375335543535403,0.7732718438228774,0.7590100359544291,0.7594063014845011,0.8112487059603306,0.7753270181554351
0.7578976535262549,0.7721672927913823,0.7480294513863093,0.8530726488651394,0.7562663286633785,0.7579044100469587,0.753056450988338,0.81775052354661,0.7674904728272152,0.8307582637241154,0.756450932952105,0.8407311056614994,0.7668546643309314,0.8411464426680657,1.0,0.7542885592759846,0.7276502164266629,0.761598579118242,0.7497763930165844,0.7553163989151461,0.7578699417216738,0.7524941765975584,0.7657794743838866,0.7297547575681518,0.7457993123649977,0.7245705045195083,0.7584068558932002,0.8157415094876174,0.7664822129265325,0.7523457477985082,0.8297791234595653,0.7562655866729537,0.06284912326466519,0.7520674703758065,0.746580965641674,0.7998664492939088,0.7417065671724318,0.7593259546101863,0.5390570169127791,0.7633560310637626,0.8314466531070555,0.7598843329400158,0.7632808163516537,0.8188854993751731,0.8127037167040344,0.7710976606165613,0.762799937784716,0.7633110638863003,0.8043536534985944,0.77579152365669
0.7717821401107573,0.7831656268438347,0.7620931905232984,0.7593329221943028,0.7723988129306794,0.7819630222373856,0.896490882077033,0.7572357831932044,0.7819782676621543,0.7569541225311903,0.7863546667048583,0.75682624723052,0.7985093959534367,0.753747027412009,0.7542885592759846,1.0,0.7562626133576451,0.8012341412613313,0.8002904064696872,0.8988053014653877,0.7965839732274355,0.7963059701103434,0.804005008280041,0.7595345283074769,0.7698935198459275,0.7475576597200335,0.7837135262833156,0.7476145626344707,0.7757908239905027,0.7776941099188156,0.7548035818525406,0.7818299902470576,0.06519661716894909,0.789117181272924,0.7754405869915358,0.75836776891444,0.8903311134505293,0.7811290170461358,0.5182941836234283,0.7953745616012897,0.756446743319201,0.7814939103345103,0.7903111297266262,0.7526794894989977,0.7555921506893952,0.7599425179546391,0.7798731903462268,0.7800156344244554,0.7500351301724573,0.7720661997778264
0.740560215239715,0.7829234459232637,0.7173587190762574,0.7319338511008924,0.7876488164005468,0.7772366741731788,0.7562071642517747,0.7322270920197906,0.7443727469252543,0.7301386173149222,0.7653643689772092,0.7289629314777257,0.7663549748519327,0.7263063128693763,0.7276502164266629,0.7562626133576451,1.0,0.7579882736265537,0.7522267447309304,0.7572166162145748,0.7498854125337762,0.7551127266221644,0.764326149865762,0.819459143965185,0.7996317281716305,0.8155024787361248,0.7514396032930785,0.7259230660156193,0.7495841239826873,0.745288635291272,0.7247644330358718,0.785412512619299,0.05741576881495958,0.7753441690499802,0.7846763875455701,0.7253599027230505,0.7500112972719257,0.7627888488874663,0.5018732508585991,0.7609159344009222,0.7272009956753085,0.7701424734764075,0.7635482576236183,0.7315887909000207,0.7366615939898786,0.7382718994561858,0.7754129614244465,0.7766226546940027,0.7151309246051902,0.740866366423391
0.7753083069491113,0.8112699983783628,0.7632618249868115,0.7649207439053148,0.781500094164159,0.8035008066084279,0.8099254494362853,0.765042296779015,0.7771335285905607,0.7611463684500064,0.8256518334296515,0.7624556379535331,0.8329358019665954,0.763631749314621,0.761598579118242,0.8012341412613313,0.7579882736265537,1.0,0.8386674425806812,0.8116742826428971,0.8424442423303806,0.836585564092386,0.8508852310309717,0.7756067601430767,0.7755411523061732,0.7531107597491041,0.8334759829371192,0.7594124314369417,0.7729486364421083,0.7824905051313543,0.7537027839638274,0.8068664036832234,0.07175089130941426,0.8233680675812276,0.795689550868443,0.7742333955058919,0.7919286762839107,0.81955277354828,0.5200953290578499,0.8352396480296409,0.7582869142744593,0.8037115458873031,0.8326581128534111,0.7645209509146462,0.7644146828766888,0.7680530922691851,0.8022724834325573,0.8030621086849021,0.7617701849424741,0.7773231487522136
0.7674232118081146,0.7973129100759448,0.7471048707224504,0.7546155186765309,0.7717167358520978,0.7915230385591927,0.801171223008349,0.7552555872155339,0.7579548846184933,0.7466870509217585,0.8076900427189584,0.76041104355478,0.8090483438289767,0.7563871763079155,0.7497763930165844,0.8002904064696872,0.7522267447309304,0.8386674425806812,1.0,0.7973287292705773,0.8212480166272583,0.82473159594081,0.8295834720596756,0.7688940216910899,0.7698986788452021,0.7409333243374474,0.8132537851955132,0.747396692817619,0.7636285352201807,0.7661100186576164,0.7457467952295984,0.7943685713573632,0.06682106721012449,0.8157355284136892,0.7847611884068748,0.7627786376300372,0.7913667855809636,0.8041124456126684,0.513669449000546,0.8198475360915861,0.7499553863445876,0.7916583200234988,0.8124653111325929,0.755512906137887,0.7546849977120634,0.7577494093008572,0.7859971875679735,0.7871170544242772,0.7489816391372086,0.7654070236667115
0.7758746753516035,0.7926396788252572,0.7653911243832481,0.7600828584567785,0.7636868214935795,0.7859673325251998,0.933633218737152,0.7603729443283318,0.7829181740306799,0.7588868011888359,0.7898441895195475,0.7601513753915319,0.7960633821478242,0.7578494547992951,0.7553163989151461,0.8988053014653877,0.7572166162145748,0.8116742826428971,0.7973287292705773,1.0,0.8077753878113038,0.8028801781196852,0.8174463703609303,0.7660292750996589,0.7690218025571415,0.7474030606924673,0.7910936000690949,0.7515289249759953,0.7767167326553565,0.7785360355361415,0.7529344336849843,0.778431319630072,0.06501864054054751,0.7947752292933159,0.7893690111625715,0.7670772862383128,0.9010954648599765,0.7851420214692593,0.5200272803670966,0.8024496664677192,0.7556428880283304,0.7894560567444464,0.7930612067432149,0.7586832274953715,0.7599764626161141,0.7692068177301992,0.7853687558322278,0.7857173268085768,0.757878848810015,0.7820638878323338
0.7721096322810761,0.8037945208912679,0.7628187732296564,0.7646139118370052,0.7829379816397314,0.7958060404299904,0.8048921117185671,0.7582198919510924,0.7706905342257165,0.7576768935130677,0.8177988047841922,0.7669442422394849,0.8266900072122764,0.7563745365645266,0.7578699417216738,0.7965839732274355,0.7498854125337762,0.8424442423303806,0.8212480166272583,0.8077753878113038,1.0,0.8303827378234552,0.8504603302208493,0.7700186452872153,0.7705079307903568,0.7513708609035454,0.8299872434265879,0.7580993574645809,0.7663294184233387,0.7727963717980143,0.7540118750155826,0.8015059905579209,0.06193458457807155,0.8211675828227362,0.7958684426352536,0.7758599844011271,0.788488108384216,0.8136988096742185,0.5188177122339346,0.8322335040679752,0.762203108638594,0.7983964303656648,0.8253117529294733,0.7619624647113266,0.7628211824084501,0.7691565494960779,0.7981751871346219,0.7984917330442525,0.7597051434915177,0.776730687310401
0.7728588932805405,0.8041888962741344,0.7540346197250563,0.7592956366908321,0.7777287066182126,0.8083800866751443,0.8031055215209969,0.7579527871997302,0.7681133824000925,0.7565534839739829,0.8247209829761211,0.758764310618569,0.8373849933504982,0.7607338676477678,0.7524941765975584,0.7963059701103434,0.7551127266221644,0.836585564092386,0.82473159594081,0.8028801781196852,0.8303827378234552,1.0,0.880132324366505,0.769698869068393,0.7676835236603577,0.7476051694348517,0.8264981001147317,0.7567317680435159,0.7661877662322433,0.7684943133683133,0.7513205121703772,0.8012373370688946,0.06685756446007651,0.847581314071758,0.7955036652692149,0.7700183702746568,0.7862993601473812,0.8197624078900674,0.5221346903336749,0.8353789694300287,0.7549925299667026,0.802392814140859,0.8322652660121754,0.758842754746216,0.7583454657260545,0.762019017460488,0.7983239450168602,0.7985580387880477,0.7537577821028838,0.7732730926557677
0.7830742812897965,0.8145952210827044,0.7640643128981655,0.7746835186423304,0.7839720820648798,0.8082269414046068,0.8164853907066849,0.7699889830100299,0.7793505777071782,0.7633623225132471,0.826441069730974,0.7730230789868282,0.8481166467525306,0.7721015273453548,0.7657794743838866,0.804005008280041,0.764326149865762,0.8508852310309717,0.8295834720596756,0.8174463703609303,0.8504603302208493,0.880132324366505,1.0,0.7781053233874776,0.7784010827258232,0.7527382512105769,0.8458830973609777,0.7683027076886335,0.7758664413527381,0.7807345228138258,0.7598757609228094,0.8127562887416545,0.06470372796296464,0.8570710605825792,0.8063505189772678,0.7809042744335561,0.7993167254305158,0.8283232756000702,0.5220210652147823,0.8398787625230577,0.7657345465204202,0.8080765245884042,0.8394747555525544,0.7724585255312677,0.7735150644302896,0.7727887857211535,0.8030528995808317,0.8038645273030293,0.7642922445522335,0.7827240033882236
0.7479653524502934,0.8092905858411116,0.7236097954089893,0.7344638238542519,0.7945799202173661,0.8056981037546351,0.7635084323465539,0.7403532688697035,0.7482575761885124,0.739471935358301,0.7886518957780168,0.7399915088395868,0.78770838497824,0.7272816999512851,0.7297547575681518,0.7595345283074769,0.819459143965185,0.7756067601430767,0.7688940216910899,0.7660292750996589,0.7700186452872153,0.769698869068393,0.7781053233874776,1.0,0.8167320372023668,0.8263259928029366,0.7777061464876628,0.7298550851170312,0.7528021501344969,0.7527505980437805,0.7301241507906544,0.7836953647032475,0.06369056136689344,0.7853984571553039,0.8160181190133806,0.737511549130812,0.7530784453992314,0.7800500132544388,0.5075045179299595,0.7792363971920787,0.7325550767280342,0.7966781193956441,0.7847921758944882,0.7371945338694803,0.7409769371628423,0.7347683558324922,0.7868519627332875,0.7864938343681462,0.7268677455934496,0.7470321680568346
0.7564195312339724,0.810985870923956,0.7306541979552654,0.7497609488389829,0.787700018163358,0.809430552173767,0.7686380939467363,0.7444321292103897,0.7556116489957131,0.74588333941966,0.773110758870298,0.7420225535512557,0.7784953193335629,0.7380455464018822,0.7457993123649977,0.7698935198459275,0.7996317281716305,0.7755411523061732,0.7698986788452021,0.7690218025571415,0.7705079307903568,0.7676835236603577,0.7784010827258232,0.8167320372023668,1.0,0.8006823437649518,0.7640435472765872,0.7333459770499227,0.7616811066143487,0.7485796810876877,0.7358462555181584,0.8032767585342055,0.06538852091254688,0.774844368790053,0.812051049830224,0.7435810005307408,0.7623689621707137,0.7757092292395477,0.5092545028245572,0.7766761731779814,0.7413037312647112,0.7873788659517152,0.7748513170123534,0.7466971565517733,0.7455422438498955,0.7526603844145071,0.7846554273888919,0.784843497043267,0.7394107871581344,0.7583876623293921
0.7288072294319449,0.7767586310279639,0.7107208788536813,0.7282424371742788,0.7912476491102927,0.7744012163292103,0.7423665842162164,0.7292809863944802,0.7386414125732685,0.7294952396144501,0.7675654122959079,0.7224077967238035,0.7730831221543124,0.717932989915155,0.7245705045195083,0.7475576597200335,0.8155024787361248,0.7531107597491041,0.7409333243374474,0.7474030606924673,0.7513708609035454,0.7476051694348517,0.7527382512105769,0.8263259928029366,0.8006823437649518,1.0,0.7570923612432733,0.7194393881076243,0.7449437541939465,0.7354843722909559,0.7213978979928,0.7757988670487601,0.060985069407589854,0.7569294630461625,0.778298480806074,0.7221620398631836,0.7380420448130237,0.761011221254337,0.5069385252015879,0.7628041909650907,0.7248495224904112,0.7716724421210079,0.7636665992162117,0.7283976891197208,0.7265865898613016,0.7267576493550041,0.7708927230264753,0.770007366309615,0.7209279377637174,0.7330195000310207
0.7683270211644692,0.8097527718963736,0.7562141889406759,0.7609837938514201,0.7873776943521468,0.7909792474076943,0.7882178713154937,0.7630684231898504,0.7698035448964137,0.7639214998313439,0.8307622392011957,0.7627547936828293,0.8471422095870214,0.7608884440958998,0.7584068558932002,0.7837135262833156,0.7514396032930785,0.8334759829371192,0.8132537851955132,0.7910936000690949,0.8299872434265879,0.8264981001147317,0.8458830973609777,0.7777061464876628,0.7640435472765872,0.7570923612432733,1.0,0.7606259647501121,0.7663548474149328,0.7771472206257288,0.7585022999403327,0.8002272439934888,0.06719419649704261,0.8181552728168405,0.7954151162657048,0.7698630008749519,0.7720721239300561,0.8458189660223772,0.5137892814532417,0.8429846637591367,0.7588596977643896,0.8043456065451241,0.8624602238512324,0.767050096941853,0.7634559240454134,0.7649063120520276,0.800887392682257,0.8012922170166611,0.7656090051559838,0.770207615885824
0.7672401599044201,0.7729504610155954,0.7557512400779905,0.8326675167701246,0.7377318933486663,0.7610956902423003,0.7515645476266597,0.8892136838597272,0.7574932763261991,0.8228945988771416,0.762385856719281,0.8303591866935431,0.7641400963628772,0.8365833452903202,0.8157415094876174,0.7476145626344707,0.7259230660156193,0.7594124314369417,0.747396692817619,0.7515289249759953,0.7580993574645809,0.7567317680435159,0.7683027076886335,0.7298550851170312,0.7333459770499227,0.7194393881076243,0.7606259647501121,1.0,0.7827074336961987,0.761764736370918,0.8134907775815505,0.7536984027741195,0.061925006327736565,0.755585552855634,0.7494810192375823,0.7981565761241043,0.7352647371808115,0.7662971865085988,0.542103946904628,0.7647216489025477,0.8208635881168111,0.7593536663141589,0.766055518576167,0.9208040531229872,0.9138460708498144,0.76819214063085,0.7621785699930519,0.7620892599770179,0.8148401299284322,0.7717022430124754
0.7826658262042017,0.7828922264826083,0.7629421229452789,0.7718846471146041,0.7566169158065287,0.7692025163348785,0.7760248791683872,0.781349416662665,0.7791879202139289,0.7719480571219197,0.7729675671243527,0.7807239043613676,0.7730301543369242,0.7744273287676798,0.7664822129265325,0.7757908239905027,0.7495841239826873,0.7729486364421083,0.7636285352201807,0.7767167326553565,0.7663294184233387,0.7661877662322433,0.7758664413527381,0.7528021501344969,0.7616811066143487,0.7449437541939465,0.7663548474149328,0.7827074336961987,1.0,0.7735222741254563,0.7646780006407675,0.7695839904337949,0.0716450180431133,0.7680894619297959,0.7652268153248097,0.7772408525167456,0.7612736918404276,0.7700435404762347,0.5321444546632573,0.7793195662855976,0.7614110540608343,0.7678761977821167,0.7736031416239268,0.7809103258986322,0.783855910175197,0.7982098100218387,0.7732826056683406,0.7731915027391743,0.770996558958676,0.8557343915410525
0.8020816992667266,0.7844621995478201,0.7642037274726148,0.7555914789650736,0.7552593001988415,0.766558456761056,0.7736070744753394,0.7646158458029961,0.8122361125005667,0.7616430177124383,0.7820737152227424,0.7631889979368168,0.7881009233270704,0.756377557670956,0.7523457477985082,0.7776941099188156,0.745288635291272,0.7824905051313543,0.7661100186576164,0.7785360355361415,0.7727963717980143,0.7684943133683133,0.7807345228138258,0.7527505980437805,0.7485796810876877,0.7354843722909559,0.7771472206257288,0.761764736370918,0.7735222741254563,1.0,0.753997167873183,0.7658615024651267,0.06348932071879554,0.7657658821508249,0.7655178502300981,0.7561956452909693,0.7656790102906902,0.7785661397474352,0.5196236009227432,0.7824049510218458,0.7608052829836041,0.7773298782821706,0.7857114068833015,0.7631645425795879,0.7637999572813942,0.7795897682748505,0.7808836515385051,0.7824430245184675,0.7538235295923157,0.7814684775900769
0.7569611558913449,0.7673499045206668,0.7491333568909108,0.8348337058396289,0.7490548212754685,0.7540539275476061,0.7515344167198303,0.8171989688996044,0.763850850372503,0.8370706930069719,0.7579413479970083,0.8066465021302002,0.762676154655962,0.8214666946356408,0.8297791234595653,0.7548035818525406,0.7247644330358718,0.7537027839638274,0.7457467952295984,0.7529344336849843,0.7540118750155826,0.7513205121703772,0.7598757609228094,0.7301241507906544,0.7358462555181584,0.7213978979928,0.7585022999403327,0.8134907775815505,0.7646780006407675,0.753997167873183,1.0,0.7564566807187696,0.06566551929008424,0.7484767067222904,0.7409145350930295,0.7922253621285453,0.7412357244828502,0.7517269900977095,0.5365047446845742,0.7620854829419615,0.8621151856092245,0.7603162401087855,0.7607150839167703,0.8139171857536152,0.811921514260861,0.7647559775178617,0.7611466682182673,0.7610055177236473,0.8035140041781537,0.7650649684045193
0.7692534604310189,0.7964441908918564,0.7471159958938958,0.7678694541500639,0.8039752269871738,0.797484998021671,0.7785809747221879,0.7618594210304338,0.7724212078455026,0.7582583395099546,0.8001834673258459,0.7531784370240195,0.819344428934509,0.7571921314165013,0.7562655866729537,0.7818299902470576,0.785412512619299,0.8068664036832234,0.7943685713573632,0.778431319630072,0.8015059905579209,0.8012373370688946,0.8127562887416545,0.7836953647032475,0.8032767585342055,0.7757988670487601,0.8002272439934888,0.7536984027741195,0.7695839904337949,0.7658615024651267,0.7564566807187696,1.0,0.06488091316431821,0.805648247108357,0.7891455179640213,0.75397964877937,0.7733205658252832,0.8087474026405372,0.5143068315480364,0.8176796403331308,0.7560326849603843,0.793431432294335,0.8137454983824173,0.7540810268244458,0.7566766913190204,0.7595009264644177,0.8006444045561769,0.8001881980894545,0.7414011868076544,0.7616092614460552
0.07077910209265481,0.06462437119828945,0.0699955516934283,0.0656835529531552,0.06184593328698351,0.06096540649498772,0.06599448778967487,0.0663456081373397,0.06353510655869599,0.05994745065686791,0.06481531032238452,0.061305783295786065,0.0645196722661806,0.059427041643779654,0.06284912326466519,0.06519661716894909,0.05741576881495958,0.07175089130941426,0.06682106721012449,0.06501864054054751,0.06193458457807155,0.06685756446007651,0.06470372796296464,0.06369056136689344,0.06538852091254688,0.060985069407589854,0.06719419649704261,0.061925006327736565,0.0716450180431133,0.06348932071879554,0.06566551929008424,0.06488091316431821,1.0,0.06884558288130282,0.0608484811805321,0.07083820364987181,0.06695065682160195,0.06242344190798754,0.05136615414925583,0.06782262872938793,0.059381454485532004,0.06472686711868647,0.06650963176090596,0.06404339349427823,0.06451352811899902,0.0739360114522426,0.06661917787273919,0.06655189193927269,0.06437729069600406,0.06953612021270295
0.774028164383634,0.8023018531461714,0.7494491597181039,0.757233666843207,0.7823659849586903,0.802281529285015,0.7981436445945513,0.7594949139096618,0.7643473164268575,0.7541251273399764,0.8094319124958326,0.7578996504404066,0.825510763321099,0.7613235467255075,0.7520674703758065,0.789117181272924,0.7753441690499802,0.8233680675812276,0.8157355284136892,0.7947752292933159,0.8211675828227362,0.847581314071758,0.8570710605825792,0.7853984571553039,0.774844368790053,0.7569294630461625,0.8181552728168405,0.755585552855634,0.7680894619297959,0.7657658821508249,0.7484767067222904,0.805648247108357,0.06884558288130282,1.0,0.8035082264065186,0.7704517582243046,0.7823991472608598,0.8119330051536957,0.5188966494442124,0.8246300803180281,0.753485543607523,0.7997681166612136,0.8266892976640078,0.7600075495657196,0.7642184713162514,0.7649853924959443,0.7973458216220274,0.7976991184120377,0.7509098807049992,0.7692541675958254
0.7599987442135019,0.8324361336522481,0.7420182460593594,0.7485585067007747,0.7832772888227193,0.8249039041968043,0.7883393936321736,0.7508257941319334,0.7628238196613514,0.752347396800474,0.8027028143834777,0.7566415681428476,0.8034408477333164,0.7482572363673479,0.746580965641674,0.7754405869915358,0.7846763875455701,0.795689550868443,0.7847611884068748,0.7893690111625715,0.7958684426352536,0.7955036652692149,0.8063505189772678,0.8160181190133806,0.812051049830224,0.778298480806074,0.7954151162657048,0.7494810192375823,0.7652268153248097,0.7655178502300981,0.7409145350930295,0.7891455179640213,0.0608484811805321,0.8035082264065186,1.0,0.755809365941283,0.7704122067399517,0.7988167037970989,0.5111719695144634,0.8071116075758369,0.7482313993068683,0.8157537177094629,0.8037147744947816,0.7542593236020806,0.7573786000836746,0.7580611644378081,0.8098892051245529,0.8095302781142069,0.7474794587241087,0.7646247697330361
0.7621674370859759,0.7727272853069114,0.7542812663228632,0.8034952618800013,0.7403550564344923,0.7615702860731377,0.7627445481427377,0.8040932141610871,0.7601053046870498,0.8027609529058483,0.7649588616313217,0.805203461912442,0.7672490420937566,0.8049328926192136,0.7998664492939088,0.75836776891444,0.7253599027230505,0.7742333955058919,0.7627786376300372,0.7670772862383128,0.7758599844011271,0.7700183702746568,0.7809042744335561,0.737511549130812,0.7435810005307408,0.7221620398631836,0.7698630008749519,0.7981565761241043,0.7772408525167456,0.7561956452909693,0.7922253621285453,0.75397964877937,0.07083820364987181,0.7704517582243046,0.755809365941283,1.0,0.7472258531948643,0.763446362159633,0.5581411939749972,0.7755652568109778,0.7950478802449397,0.7673188739752563,0.7706064648408095,0.803401039066715,0.8029829289551453,0.7702086660787586,0.7633343607913619,0.7632202953758604,0.8040987718576512,0.7811415066263593
0.7595570993066476,0.7718590774887177,0.7491011715809625,0.7451790622157788,0.7547296066137367,0.7714125206956992,0.9064313486679003,0.744391425173041,0.7640325823169172,0.7457689717629514,0.7680658884668401,0.7455164030152348,0.7825043626294559,0.7422242284355284,0.7417065671724318,0.8903311134505293,0.7500112972719257,0.7919286762839107,0.7913667855809636,0.9010954648599765,0.788488108384216,0.7862993601473812,0.7993167254305158,0.7530784453992314,0.7623689621707137,0.7380420448130237,0.7720721239300561,0.7352647371808115,0.7612736918404276,0.7656790102906902,0.7412357244828502,0.7733205658252832,0.06695065682160195,0.7823991472608598,0.7704122067399517,0.7472258531948643,1.0,0.767925613287502,0.5121564193534771,0.7806759876361775,0.7409717384594875,0.7684488835392415,0.7752840294856482,0.7406550170571036,0.7431634860877671,0.7482817526326905,0.7646569166719664,0.7647659429572481,0.7363342676939363,0.7596448116075373
0.7805518327496112,0.8174207537255016,0.7525616166903444,0.7604110236648729,0.797935306262233,0.8048888205277678,0.7836760473209328,0.7720284655314577,0.7691983219722572,0.7651830704400389,0.8288954579539187,0.7658217714793174,0.8353827586773622,0.7622323773227431,0.7593259546101863,0.7811290170461358,0.7627888488874663,0.81955277354828,0.8041124456126684,0.7851420214692593,0.8136988096742185,0.8197624078900674,0.8283232756000702,0.7800500132544388,0.7757092292395477,0.761011221254337,0.8458189660223772,0.7662971865085988,0.7700435404762347,0.7785661397474352,0.7517269900977095,0.8087474026405372,0.06242344190798754,0.8119330051536957,0.7988167037970989,0.763446362159633,0.767925613287502,1.0,0.5192867803173513,0.835674331736084,0.7611421392814373,0.8095412906796758,0.8634972246066375,0.7722657982683956,0.7710811874258716,0.7706045653597937,0.807921756684777,0.8084797324690677,0.7638680882842879,0.7734151531071822
0.5535882350360314,0.521807482613591,0.5221688687080561,0.5534160930472696,0.5189312191470408,0.5182672313430172,0.5198313838382228,0.5472581135392747,0.5259106265893785,0.5444103730289556,0.5147115540276709,0.5458320225457187,0.5199516949535434,0.5547606217158112,0.5390570169127791,0.5182941836234283,0.5018732508585991,0.5200953290578499,0.513669449000546,0.5200272803670966,0.5188177122339346,0.5221346903336749,0.5220210652147823,0.5075045179299595,0.5092545028245572,0.5069385252015879,0.5137892814532417,0.542103946904628,0.5321444546632573,0.5196236009227432,0.5365047446845742,0.5143068315480364,0.05136615414925583,0.5188966494442124,0.5111719695144634,0.5581411939749972,0.5121564193534771,0.5192867803173513,1.0,0.5157146943878473,0.5376625887251695,0.5261112108037378,0.5202459777476679,0.5445544286546797,0.5445632449127098,0.5240972605152123,0.5167226878064006,0.5167948113661734,0.5434500796084016,0.5381455826278732
