../ecoli_genomes/GCF_000163235.1_ASM16323v1_genomic.fna.gz,../ecoli_genomes/GCF_000164555.1_ASM16455v1_genomic.fna.gz,../ecoli_genomes/GCF_000208545.1_ASM20854v2_genomic.fna.gz,../ecoli_genomes/GCF_000233875.1_ASM23387v1_genomic.fna.gz,../ecoli_genomes/GCF_000249735.1_ASM24973v2_genomic.fna.gz,../ecoli_genomes/GCF_000261145.1_Esch_coli_M919_V2_genomic.fna.gz,../ecoli_genomes/GCF_000267705.2_ASM26770v2_genomic.fna.gz,../ecoli_genomes/GCF_000350665.1_Esch_coli_KTE5_V1_genomic.fna.gz,../ecoli_genomes/GCF_000351625.1_Esch_coli_KTE66_V1_genomic.fna.gz,../ecoli_genomes/GCF_000352285.1_Esch_coli_KTE46_V1_genomic.fna.gz,../ecoli_genomes/GCF_000358895.1_ASM35889v1_genomic.fna.gz,../ecoli_genomes/GCF_000456385.1_Esch_coli_HVH_26_4-5703913_V1_genomic.fna.gz,../ecoli_genomes/GCF_000458195.1_Esch_coli_HVH_147_4-5893887_V1_genomic.fna.gz,../ecoli_genomes/GCF_000459755.1_Esch_coli_KOEGE_58_171a_V1_genomic.fna.gz,../ecoli_genomes/GCF_000460055.1_Esch_coli_UMEA_3053-1_V1_genomic.fna.gz,../ecoli_genomes/GCF_000462165.2_ASM46216v2_genomic.fna.gz,../ecoli_genomes/GCF_000601135.1_ASM60113v1_genomic.fna.gz,../ecoli_genomes/GCF_000614595.1_Ec2010EL1058_genomic.fna.gz,../ecoli_genomes/GCF_000617745.1_Ec2010C-4529_genomic.fna.gz,../ecoli_genomes/GCF_000618265.2_EcF6751_genomic.fna.gz,../ecoli_genomes/GCF_000619005.2_Ec2009C-4052_genomic.fna.gz,../ecoli_genomes/GCF_000619105.1_Ec2009C-4780_genomic.fna.gz,../ecoli_genomes/GCF_000619765.2_Ec2009C-3279_genomic.fna.gz,../ecoli_genomes/GCF_000687005.1_ASM68700v1_genomic.fna.gz,../ecoli_genomes/GCF_000687025.1_ASM68702v1_genomic.fna.gz,../ecoli_genomes/GCF_000700125.1_ASM70012v1_genomic.fna.gz,../ecoli_genomes/GCF_000753315.1_FHI35_genomic.fna.gz,../ecoli_genomes/GCF_000776375.1_ASM77637v1_genomic.fna.gz,../ecoli_genomes/GCF_000779395.1_ASM77939v1_genomic.fna.gz,../ecoli_genomes/GCF_000780315.1_ASM78031v1_genomic.fna.gz,../ecoli_genomes/GCF_000781995.1_ASM78199v1_genomic.fna.gz,../ecoli_genomes/GCF_000986765.1_ASM98676v1_genomic.fna.gz,../ecoli_genomes/GCF_001041375.1_ViralProj287958_genomic.fna.gz,../ecoli_genomes/GCF_001265335.1_302014_genomic.fna.gz,../ecoli_genomes/GCF_001265625.1_100854_genomic.fna.gz,../ecoli_genomes/GCF_001267345.1_303289_genomic.fna.gz,../ecoli_genomes/GCF_001309985.1_ASM130998v1_genomic.fna.gz,../ecoli_genomes/GCF_001521695.1_ASM152169v1_genomic.fna.gz,../ecoli_genomes/GCF_001592595.1_ASM159259v1_genomic.fna.gz,../ecoli_genomes/GCF_001614975.1_ASM161497v1_genomic.fna.gz,../ecoli_genomes/GCF_001692775.1_ASM169277v1_genomic.fna.gz,../ecoli_genomes/GCF_001748915.1_ASM174891v1_genomic.fna.gz,../ecoli_genomes/GCF_001749235.1_ASM174923v1_genomic.fna.gz,../ecoli_genomes/GCF_001881155.1_ASM188115v1_genomic.fna.gz,../ecoli_genomes/GCF_001881345.1_ASM188134v1_genomic.fna.gz,../ecoli_genomes/GCF_001892405.1_ASM189240v1_genomic.fna.gz,../ecoli_genomes/GCF_001892585.1_ASM189258v1_genomic.fna.gz,../ecoli_genomes/GCF_001893985.1_ASM189398v1_genomic.fna.gz,../ecoli_genomes/GCF_002001595.1_ASM200159v1_genomic.fna.gz,../ecoli_genomes/GCF_002002145.1_ASM200214v1_genomic.fna.gz
1.0,0.3255224168870494,0.26079867463626893,0.28757489338015085,0.2816552166576408,0.3035234678039429,0.2998920844909311,0.28685792436518076,0.398842194911767,0.29247350110273973,0.3208740889792694,0.2965344111737449,0.3067323779713329,0.283911188085309,0.2728100983187134,0.3061342966204519,0.2935875743095422,0.3022720766237519,0.2692158670943574,0.3051535872310448,0.30132957239526903,0.28168127209207694,0.312155591075012,0.3096007619842186,0.2958904627764938,0.2826048892322768,0.31576204263467955,0.27809594506845514,0.3347792913520812,0.39799864735001533,0.26553772715757773,0.30669011274083424,0.0,0.31339770922471144,0.30681553902431125,0.28295575635273496,0.28944767755400347,0.3189919353279005,0.24321714268041916,0.3062470514956346,0.26780809289546925,0.306585331916427,0.31449912349938525,0.2856661317382647,0.29669513732440245,0.3216848645622121,0.3035274938459991,0.30355002319664615,0.28112632500176316,0.35440553483876924
0.3255224168870494,1.0,0.2348691455749432,0.2749562157629829,0.35990867579373587,0.5196638495397237,0.3307187869707533,0.27595800287872085,0.294754871967023,0.27814543145517945,0.4250370730313675,0.27958769340025336,0.40934089482041747,0.2659270059661607,0.25892291111016796,0.33829482716677006,0.4589721721189636,0.4141109442821167,0.35570130743584494,0.3447395699703796,0.40007594605631847,0.3618784535643551,0.41643443074680575,0.5654326455870924,0.5249288790073869,0.4437179674710495,0.41420767650169077,0.27297651136818823,0.29769061520743967,0.29919055193827293,0.25720383008762127,0.39959895875898155,0.0,0.4099982123730411,0.5706124209296417,0.26211792165027015,0.32330574839535353,0.42310794640695426,0.19347418192186128,0.4056448571315925,0.26016765658072694,0.4721592835359355,0.4228763310613477,0.28426715839598937,0.2872308233647135,0.28410568420400084,0.4791886557027578,0.47872079269017875,0.2831166018379955,0.2996545330285263
0.26079867463626893,0.2348691455749432,1.0,0.20981776792148354,0.20236581054628056,0.20952316942940574,0.20907893380956366,0.21306053525357593,0.24730270626839623,0.21396749853311103,0.24063072618481407,0.2120427425422411,0.22877415583077076,0.2101457660764774,0.20778433231504345,0.21343770473795132,0.2150609554868841,0.22858266033425279,0.196267827273214,0.2185953442740065,0.2281579740646006,0.20167902698527274,0.2319512739211942,0.222150024489698,0.20590869968235215,0.2045502262909885,0.23234315921304438,0.2141680027630556,0.245804635304265,0.2541631317385965,0.20390611179340035,0.22332738516314732,0.0,0.23114444848146976,0.2188501713259854,0.21561469688517232,0.20442439158576575,0.231468925426203,0.15369742083978855,0.22897646185374831,0.20775278299080246,0.22801862693189767,0.24015745611310635,0.21759757997081108,0.21094754661714754,0.23595190248715947,0.23586302263986403,0.23320441008740733,0.21898189240090415,0.25022517838711134
0.28757489338015085,0.2749562157629829,0.20981776792148354,1.0,0.27304403281286693,0.2582668766700904,0.24911551028519374,0.5061606928537916,0.2926983568080581,0.5327097412535682,0.2735062927966547,0.510178831114551,0.27580192667519743,0.5440721442910644,0.566538014938466,0.25969569357625866,0.2693542806716198,0.2572380507952855,0.22631572121821442,0.2547355877674271,0.2549179761964323,0.23443417130113064,0.26750281227395467,0.27275297021974276,0.27380834790389785,0.26545443804399826,0.2675669027163614,0.5156809740413658,0.30528210049876225,0.2673164703704808,0.510366955663593,0.2823149260764677,0.0,0.2635422872313773,0.2603853666149113,0.4226635320803628,0.25054314327869986,0.26809923125677404,0.33619729898967865,0.2550301122596266,0.5284584436278663,0.26506429205060744,0.2696878379427383,0.5280958944321703,0.520856036362763,0.3020502228640757,0.26084798771023243,0.26161671812482035,0.46152705147377837,0.3174694366698957
0.2816552166576408,0.35990867579373587,0.20236581054628056,0.27304403281286693,1.0,0.35985368532420803,0.2892640020153987,0.2636321781966733,0.3009549629111862,0.2760202216855844,0.48083570002930043,0.24036743526992965,0.4379760326532016,0.2553400451397463,0.2745394447925925,0.31661672939987506,0.4130727194884526,0.3787371414130284,0.3362587390428763,0.2961991684919748,0.38770272849731646,0.3522905151044078,0.39256472398106523,0.3966868555063544,0.4035906535616747,0.4042102896643508,0.40855976563248364,0.23166145638289637,0.26591612610013926,0.2730673849099746,0.26219088889186093,0.43121883226116065,0.0,0.39944528507468346,0.3687892682351148,0.24093811338238735,0.3012697080863185,0.42784789580371574,0.22679176743366558,0.40003850440183863,0.2653894820287491,0.38135003908972565,0.4144141059533988,0.24644643222743157,0.2485595381889596,0.2535286310789421,0.37556987162252875,0.3776858053836053,0.24396189504788346,0.2735037158018293
0.3035234678039429,0.5196638495397237,0.20952316942940574,0.2582668766700904,0.35985368532420803,1.0,0.36569938175086836,0.267543446494102,0.28393416970862695,0.2572359603643328,0.39560829662057506,0.250073692359554,0.38630973393236123,0.25108098871342466,0.24842843430678052,0.3550281343453441,0.4391984493294063,0.391291650283502,0.34782433329144957,0.34217235343369123,0.37501751802625216,0.42977332547777114,0.3970900147408871,0.5215728544278637,0.5041276726887891,0.44425089595113365,0.3848473536009692,0.2484967873342374,0.2824738043940218,0.27610185576372703,0.24037866111900663,0.39138806374116497,0.0,0.3973953175289969,0.5265448502282968,0.274080978240672,0.3432074862795259,0.39802315721171,0.20587208905087762,0.3837286015135991,0.24608721559485114,0.44555967588488876,0.3951205977549995,0.2583835835937447,0.2605264119139239,0.2713941431656771,0.4471735564232432,0.45026871601184393,0.25571044573731505,0.29253579112069783
0.2998920844909311,0.3307187869707533,0.20907893380956366,0.24911551028519374,0.2892640020153987,0.36569938175086836,1.0,0.24819544092880486,0.2833029652278619,0.24611743910516715,0.34140012540346254,0.24218771000535422,0.32682321182971297,0.24421472558236657,0.2376987117498367,0.7369210194434918,0.3075264570821352,0.3616337537078601,0.31654308369596074,0.8157908008547461,0.3659096654891142,0.36843848165672644,0.36644175906715104,0.32780899149475673,0.3033609323294234,0.3293283220184846,0.34160216036852387,0.24015652178025582,0.27030050519178206,0.2768261190221952,0.23054414106534715,0.3281781891895156,0.0,0.3414380101880994,0.33522555029833156,0.2736124164608086,0.7656056892047042,0.32806841869502557,0.1852970908886613,0.32546999988702985,0.2299238526241233,0.32592908934090226,0.33676086636579816,0.24822294416387236,0.24699299171774114,0.26584286192365614,0.32041305433177025,0.3181620186999766,0.24551257129594573,0.2888934720878842
0.28685792436518076,0.27595800287872085,0.21306053525357593,0.5061606928537916,0.2636321781966733,0.267543446494102,0.24819544092880486,1.0,0.28439530600882534,0.5102103219592675,0.27290142328262923,0.49042412235757726,0.2749290908853175,0.4960684420424768,0.4886807922125036,0.2583155537821925,0.26228799713733164,0.2605324018719908,0.2340875482208532,0.254599447525241,0.2555397895517799,0.23771284380666413,0.26413025363450116,0.2826631058000997,0.25999938016494994,0.2547608941482751,0.2694653306293746,0.6946265244327678,0.30633717659046433,0.26986204963762284,0.4810313053280233,0.27142079828628185,0.0,0.2668024295402991,0.2591903759025864,0.4145893859563965,0.2448179920496022,0.2824684171680396,0.3329877074576443,0.26037185420091813,0.48894953409199493,0.26442841205999257,0.2711842575182001,0.701465694552232,0.6740873695759905,0.2984559729208913,0.26079545764603274,0.2603739220965824,0.4552307160182988,0.3135278383222264
0.398842194911767,0.294754871967023,0.24730270626839623,0.2926983568080581,0.3009549629111862,0.28393416970862695,0.2833029652278619,0.28439530600882534,1.0,0.3011893920318317,0.31824767804657295,0.2706707260810335,0.31697384518839955,0.2814469620583423,0.2907227534877128,0.2981360064112911,0.28875256091659807,0.2984510691379646,0.258074931584117,0.2945485571198536,0.2976929433901345,0.269406535506058,0.3074711201316529,0.30366354852791,0.2895816978920521,0.28648559501353266,0.30964727884840904,0.2686254317667104,0.32752690640817284,0.4060927572179497,0.2796914316395954,0.30812643283310903,0.0,0.3034013868098382,0.29475984923952026,0.28248465575723825,0.28860800291443234,0.3009788691133879,0.2111016211119311,0.3008627633932932,0.28205156109670093,0.29921785830824765,0.31482647872800673,0.27559513504963906,0.273018554665603,0.3109557567332685,0.2941140721942457,0.2926435179517034,0.2739167743857771,0.34322050336115917
0.29247350110273973,0.27814543145517945,0.21396749853311103,0.5327097412535682,0.2760202216855844,0.2572359603643328,0.24611743910516715,0.5102103219592675,0.3011893920318317,1.0,0.27710942724313725,0.4855603670028512,0.2842235185909806,0.5079407339795681,0.5125488593798464,0.25921958812439017,0.26480522250380567,0.25774704507300994,0.22812531661095947,0.25274026501141167,0.2517799579382145,0.2337153685965706,0.2586662805568588,0.27389975670210864,0.2720597716739175,0.26502225881715336,0.27100323401287985,0.4997723782985011,0.3126583155512651,0.27804359764359987,0.5373134200671151,0.27193830441810685,0.0,0.25971780696538904,0.26217415249387366,0.4310427495720861,0.2484445423538113,0.26831277535016007,0.3435632782750302,0.2604514076476705,0.5358336285196573,0.2642657048559728,0.26725199830424184,0.510152456715336,0.5124571050083677,0.2995515975434999,0.2604762777620204,0.2596284250256017,0.4769552598371808,0.31305899998478526
0.3208740889792694,0.4250370730313675,0.24063072618481407,0.2735062927966547,0.48083570002930043,0.39560829662057506,0.34140012540346254,0.27290142328262923,0.31824767804657295,0.27710942724313725,1.0,0.26936762336971853,0.5235975924197087,0.2741967761397116,0.26632686873624833,0.35539955656410305,0.3981017726132817,0.4849788618239178,0.4246365402484287,0.3556332295935484,0.4806059417732156,0.4473533442002364,0.494875714687394,0.43123416054143504,0.38824827264380246,0.3903179738896897,0.5019869836982817,0.2674023338378996,0.29470484728960655,0.3064669644189789,0.2609636913689164,0.4706043854366281,0.0,0.4889322679714456,0.42729965685539284,0.27834372931214,0.33853600984634435,0.48541521774349683,0.20450216448376357,0.49799741774397444,0.2630371535140865,0.44330470674779765,0.5085478621650219,0.27333880715633463,0.26979010631687206,0.2819233127169505,0.43435899646532705,0.43128298751754424,0.27552586957415626,0.3061834925330841
0.2965344111737449,0.27958769340025336,0.2120427425422411,0.510178831114551,0.24036743526992965,0.250073692359554,0.24218771000535422,0.49042412235757726,0.2706707260810335,0.4855603670028512,0.26936762336971853,1.0,0.2613159607219515,0.5009422305971867,0.609743117223515,0.2478878101704005,0.24842904083047723,0.25393712302686633,0.2274271203770778,0.2496731011355543,0.25401567060078967,0.23307219517368838,0.2606673730447433,0.26795639189950526,0.24924660422517542,0.2392131698088129,0.2629129533271468,0.49621724664556877,0.3086759446640315,0.269309415055601,0.45389438758956135,0.25784032322106043,0.0,0.26081256969320754,0.25638680244379175,0.4102550639523408,0.2340832424110052,0.2678383002583874,0.33453347378807097,0.255162087830093,0.47234524459170435,0.25408181660608953,0.26794987232934975,0.5053585684001175,0.5059644860904671,0.29828238869437584,0.2641315261250088,0.2638235524857696,0.4402422461364449,0.30928367578538907
0.3067323779713329,0.40934089482041747,0.22877415583077076,0.27580192667519743,0.4379760326532016,0.38630973393236123,0.32682321182971297,0.2749290908853175,0.31697384518839955,0.2842235185909806,0.5235975924197087,0.2613159607219515,1.0,0.2666285921833067,0.2748477437996336,0.3483123167483243,0.39257193464212914,0.48155507107649653,0.5013517779315302,0.3409394305827339,0.49916394861410485,0.5122030619882715,0.5419349837415668,0.41683022767575617,0.38969440667404254,0.3842754909395517,0.5268378577423731,0.25788823168504493,0.28712406714966143,0.3017738735037604,0.26480491310095977,0.5222794998002249,0.0,0.532195331152137,0.4102088473353419,0.2617188734098067,0.33757045345039083,0.5013415033078803,0.19535442959832505,0.5078322903117625,0.26606656927174643,0.4233993394395419,0.5269531143643881,0.26405832541961194,0.26020368482531175,0.2702232709651664,0.41884426260448304,0.4141984644502944,0.26540558479148013,0.29625723090965395
0.283911188085309,0.2659270059661607,0.2101457660764774,0.5440721442910644,0.2553400451397463,0.25108098871342466,0.24421472558236657,0.4960684420424768,0.2814469620583423,0.5079407339795681,0.2741967761397116,0.5009422305971867,0.2666285921833067,1.0,0.5449244186504014,0.25126656030169225,0.252223792923155,0.2569823391005991,0.22622588224321927,0.25332105058386967,0.2498588466996413,0.23210167156350237,0.26158046701191384,0.25895608244282387,0.251544925344771,0.24560531320225043,0.2680147638886009,0.5178413729291476,0.30899019677928863,0.2664246854230984,0.4930980720906183,0.26662362696394637,0.0,0.259651675869519,0.25621489227727334,0.4208150032971524,0.2424483342827093,0.2668883061223717,0.32849229146575787,0.25603262189807585,0.5103687642853009,0.26162225442633236,0.26879949468680475,0.5192342168106552,0.5118429567364892,0.30616142259022716,0.25764190840258705,0.25719073397102876,0.45674645686569804,0.31669647396024425
0.2728100983187134,0.25892291111016796,0.20778433231504345,0.566538014938466,0.2745394447925925,0.24842843430678052,0.2376987117498367,0.4886807922125036,0.2907227534877128,0.5125488593798464,0.26632686873624833,0.609743117223515,0.2748477437996336,0.5449244186504014,1.0,0.2522177484928936,0.2650993317893986,0.25076720637113004,0.22071742241637005,0.24554930270753628,0.2465015731634953,0.22652512337890718,0.257317287176433,0.26630145544822703,0.26599237269159914,0.25821479473,0.2627845315881171,0.4901092527880023,0.2980959172974046,0.2646114547772558,0.5090820725247469,0.27406712742743333,0.0,0.25452072074835197,0.24940528122290018,0.413772284866043,0.24197255294777553,0.26363324455460946,0.3340646076912578,0.249262927661269,0.5247182745984968,0.2565203191573421,0.2661636965554085,0.4996274171374926,0.4937649374771601,0.30077026773378923,0.2581360769009773,0.25859898291970684,0.4476212844253543,0.3168858501449713
0.3061342966204519,0.33829482716677006,0.21343770473795132,0.25969569357625866,0.31661672939987506,0.3550281343453441,0.7369210194434918,0.2583155537821925,0.2981360064112911,0.25921958812439017,0.35539955656410305,0.2478878101704005,0.3483123167483243,0.25126656030169225,0.2522177484928936,1.0,0.32363386336742206,0.358222398568773,0.32068211970980387,0.7522459524914826,0.3596403147341445,0.35210114564504325,0.36524095390186573,0.3424338992136664,0.3257177916712245,0.3457441768424737,0.3462204609292462,0.24586101303072683,0.2755378031633524,0.2889812609132145,0.2436177215716966,0.34223112800593103,0.0,0.3480721077271981,0.3422663127245611,0.27227217517719027,0.7284592252396016,0.33575484447426995,0.18914707794085905,0.3330431863087352,0.24295338331624305,0.33551482497713947,0.3445012842190349,0.2518789048101393,0.25073623183277993,0.26991584459716766,0.3320112161692601,0.3288217848291022,0.2543914644649854,0.29488577723270104
0.2935875743095422,0.4589721721189636,0.2150609554868841,0.2693542806716198,0.4130727194884526,0.4391984493294063,0.3075264570821352,0.26228799713733164,0.28875256091659807,0.26480522250380567,0.3981017726132817,0.24842904083047723,0.39257193464212914,0.252223792923155,0.2650993317893986,0.32363386336742206,1.0,0.37428671311745076,0.3265572787855907,0.314591402347974,0.3673391561905802,0.34369276879470245,0.38781939244096375,0.5203893784080337,0.5080238916023181,0.5266423633558649,0.38741780372451584,0.24302746947668663,0.28248100605042237,0.2776088058091911,0.251235660982436,0.4380878126094149,0.0,0.39330386881401314,0.46400720376229565,0.26023338080556824,0.31324852081500276,0.3806534446945459,0.20279292172278518,0.3735653320661707,0.2517892387297034,0.43772947165985954,0.3909557342142086,0.2565813579023757,0.26421037241556167,0.26062028401462267,0.44665145043555443,0.4498353488235469,0.253056824575861,0.2834918505153301
0.3022720766237519,0.4141109442821167,0.22858266033425279,0.2572380507952855,0.3787371414130284,0.391291650283502,0.3616337537078601,0.2605324018719908,0.2984510691379646,0.25774704507300994,0.4849788618239178,0.25393712302686633,0.48155507107649653,0.2569823391005991,0.25076720637113004,0.358222398568773,0.37428671311745076,1.0,0.45889071149768323,0.3761665784805357,0.5160616800702209,0.458746929903023,0.5282640426725169,0.40740255466218234,0.361433046965817,0.3659833647473446,0.49806023433172397,0.2554584276731878,0.2904538201860343,0.2956866375212224,0.24440344039502704,0.4563013188773595,0.0,0.48719258623267625,0.4138390520259728,0.2773779705563383,0.3552816153217091,0.4616645615014997,0.19390753805245753,0.4768313023302634,0.24323424129326388,0.4218720902144111,0.4936430078957824,0.2571571029049565,0.2548076497067504,0.2760153897910843,0.42318087284791783,0.41879894259683437,0.2531016091862458,0.2959692539242319
0.2692158670943574,0.35570130743584494,0.196267827273214,0.22631572121821442,0.3362587390428763,0.34782433329144957,0.31654308369596074,0.2340875482208532,0.258074931584117,0.22812531661095947,0.4246365402484287,0.2274271203770778,0.5013517779315302,0.22622588224321927,0.22071742241637005,0.32068211970980387,0.3265572787855907,0.45889071149768323,1.0,0.3190085363027554,0.4448066029557718,0.49377467986718837,0.4458654059010537,0.3521483512062409,0.3245971129734184,0.3217608140152014,0.4313992157129207,0.22590587579336552,0.24825553699740677,0.259880868747947,0.21745376050558596,0.4526992952017881,0.0,0.427699080051525,0.36293352544138624,0.242172526524971,0.30564196294206636,0.4114898146446351,0.17357699723946518,0.4149540610411382,0.21590493641442754,0.36303657394958677,0.431985684679869,0.23236285138846635,0.23044152689491038,0.23873971071130862,0.3597251145048217,0.35677713907657616,0.225826209261357,0.25954919328920023
0.3051535872310448,0.3447395699703796,0.2185953442740065,0.2547355877674271,0.2961991684919748,0.34217235343369123,0.8157908008547461,0.254599447525241,0.2945485571198536,0.25274026501141167,0.3556332295935484,0.2496731011355543,0.3409394305827339,0.25332105058386967,0.24554930270753628,0.7522459524914826,0.314591402347974,0.3761665784805357,0.3190085363027554,1.0,0.3777347803605061,0.33878286337886865,0.3804382553424841,0.3374672297210536,0.30929830434628225,0.31705420573397436,0.35507997661089363,0.25024811900934874,0.2822574847213042,0.2881852238530429,0.23768679916348068,0.3383179587008589,0.0,0.35356966794485756,0.34626826150870105,0.2694630396984905,0.785681401513148,0.33665999867964735,0.18755447750984267,0.34018877478302667,0.2376706226703026,0.33956199743986115,0.35211215036384935,0.25283338019756607,0.2510425906458571,0.27364713288765397,0.3355114713884281,0.332444380635078,0.25361563190816716,0.29605432586650904
0.30132957239526903,0.40007594605631847,0.2281579740646006,0.2549179761964323,0.38770272849731646,0.37501751802625216,0.3659096654891142,0.2555397895517799,0.2976929433901345,0.2517799579382145,0.4806059417732156,0.25401567060078967,0.49916394861410485,0.2498588466996413,0.2465015731634953,0.3596403147341445,0.3673391561905802,0.5160616800702209,0.4448066029557718,0.3777347803605061,1.0,0.4697696282199739,0.5469320875165029,0.3937926340460626,0.3542952738225389,0.36169755932409087,0.5112796709802373,0.2517712015107795,0.2791062774576878,0.29379926814460455,0.2385315109119831,0.47019664443571907,0.0,0.5106278108145328,0.4046123777411673,0.2703985493952029,0.3539772190683709,0.47841491606086284,0.19316450977801347,0.4902541313779052,0.24273424945820254,0.39902718074303667,0.5078106584704796,0.25408027799129873,0.25403729057520874,0.27432221721203376,0.4076000177945447,0.40270612839926945,0.25370118820531573,0.2898594083466983
0.28168127209207694,0.3618784535643551,0.20167902698527274,0.23443417130113064,0.3522905151044078,0.42977332547777114,0.36843848165672644,0.23771284380666413,0.269406535506058,0.2337153685965706,0.4473533442002364,0.23307219517368838,0.5122030619882715,0.23210167156350237,0.22652512337890718,0.35210114564504325,0.34369276879470245,0.458746929903023,0.49377467986718837,0.33878286337886865,0.4697696282199739,1.0,0.6255655618591011,0.3613022208784933,0.33472926491684796,0.3614708617917488,0.4603119402056318,0.22787979494260824,0.25190739622010205,0.263050161400448,0.21869583704591322,0.4560271315864969,0.0,0.5682782166634308,0.3680909263358657,0.2599633957899853,0.33595926588110336,0.4445026770215694,0.1787685254986906,0.4435738575950319,0.21865125062733337,0.36914101427583235,0.464044026855548,0.23743450245909137,0.23388621704921464,0.24800473855956673,0.36548445398614393,0.3616007979038387,0.23389588165663588,0.27233269374113145
0.312155591075012,0.41643443074680575,0.2319512739211942,0.26750281227395467,0.39256472398106523,0.3970900147408871,0.36644175906715104,0.26413025363450116,0.3074711201316529,0.2586662805568588,0.494875714687394,0.2606673730447433,0.5419349837415668,0.26158046701191384,0.257317287176433,0.36524095390186573,0.38781939244096375,0.5282640426725169,0.4458654059010537,0.3804382553424841,0.5469320875165029,0.6255655618591011,1.0,0.4072532213306723,0.3713056793596593,0.3670011992782761,0.531174176571811,0.26015449910021704,0.2920471373796918,0.2953122404293217,0.2504174931806885,0.49571206927517375,0.0,0.6535393259644684,0.41555288702698545,0.2742461299430625,0.36020385913329445,0.496963451063147,0.19882622730971444,0.5007206039281368,0.25099547748647366,0.41929582348740235,0.528511749311025,0.26301642394374225,0.26193703784010547,0.2772498654033734,0.4144790332898425,0.41097946586487144,0.2628408181473949,0.2975929111959905
0.3096007619842186,0.5654326455870924,0.222150024489698,0.27275297021974276,0.3966868555063544,0.5215728544278637,0.32780899149475673,0.2826631058000997,0.30366354852791,0.27389975670210864,0.43123416054143504,0.26795639189950526,0.41683022767575617,0.25895608244282387,0.26630145544822703,0.3424338992136664,0.5203893784080337,0.40740255466218234,0.3521483512062409,0.3374672297210536,0.3937926340460626,0.3613022208784933,0.4072532213306723,1.0,0.5624409513366362,0.49574566834849654,0.4176603249580222,0.25287909885194837,0.2945101391946825,0.2960991754228455,0.25719589120729625,0.41354933610486877,0.0,0.41224157157381247,0.581933262455039,0.2686039322980883,0.3293760011323532,0.40473946321561094,0.21157129777445427,0.4005616010875175,0.26084011782262395,0.47927874018750916,0.4142521903310037,0.2673254788375782,0.27543189100787413,0.2706030551364015,0.46731275879430423,0.4707498335088609,0.26440711954803764,0.2949901454768362
0.2958904627764938,0.5249288790073869,0.20590869968235215,0.27380834790389785,0.4035906535616747,0.5041276726887891,0.3033609323294234,0.25999938016494994,0.2895816978920521,0.2720597716739175,0.38824827264380246,0.24924660422517542,0.38969440667404254,0.251544925344771,0.26599237269159914,0.3257177916712245,0.5080238916023181,0.361433046965817,0.3245971129734184,0.30929830434628225,0.3542952738225389,0.33472926491684796,0.3713056793596593,0.5624409513366362,1.0,0.49637043471214026,0.3785600860416597,0.23228136952179612,0.27124338792125935,0.2728074070740325,0.2549384506335125,0.42228969286381657,0.0,0.37805540707780405,0.5352616710048876,0.2485995781006145,0.3091670026734057,0.3844611069038343,0.20055171097858326,0.36929084404423373,0.25914143052703853,0.43413300869942895,0.3827827931414788,0.26182200895170415,0.263238956210196,0.262883947517929,0.43567612707620196,0.44288244559917567,0.26049276988771164,0.2773395830094444
0.2826048892322768,0.4437179674710495,0.2045502262909885,0.26545443804399826,0.4042102896643508,0.44425089595113365,0.3293283220184846,0.2547608941482751,0.28648559501353266,0.26502225881715336,0.3903179738896897,0.2392131698088129,0.3842754909395517,0.24560531320225043,0.25821479473,0.3457441768424737,0.5266423633558649,0.3659833647473446,0.3217608140152014,0.31705420573397436,0.36169755932409087,0.3614708617917488,0.3670011992782761,0.49574566834849654,0.49637043471214026,1.0,0.3709221940703774,0.2318772121550874,0.2743181026580267,0.2688280138743371,0.246736776731302,0.3980561250944512,0.0,0.3633224191923886,0.45041009062379644,0.25562131255319154,0.3253577859661888,0.3703336137458628,0.18232546599872312,0.36388354506775067,0.24813194456879972,0.43090642775696475,0.36975761643791516,0.25251630663205116,0.2490780496431021,0.2538822337080212,0.42784933519442303,0.42896906866985496,0.25091794337012774,0.2755004357829878
0.31576204263467955,0.41420767650169077,0.23234315921304438,0.2675669027163614,0.40855976563248364,0.3848473536009692,0.34160216036852387,0.2694653306293746,0.30964727884840904,0.27100323401287985,0.5019869836982817,0.2629129533271468,0.5268378577423731,0.2680147638886009,0.2627845315881171,0.3462204609292462,0.38741780372451584,0.49806023433172397,0.4313992157129207,0.35507997661089363,0.5112796709802373,0.4603119402056318,0.531174176571811,0.4176603249580222,0.3785600860416597,0.3709221940703774,1.0,0.25823770126248946,0.29329520929095987,0.301749339339217,0.2569192729809391,0.4910865987808305,0.0,0.5136424408389986,0.4156874119941697,0.27256074990670576,0.33827345108519613,0.5876237120381431,0.19627769319538413,0.5207966343856308,0.2587769092759826,0.4238059204753055,0.6253397615234324,0.26931251907281895,0.261713525221112,0.28246901418783554,0.4198318385892872,0.41657818345141584,0.26794784031081875,0.3032045366213987
0.27809594506845514,0.27297651136818823,0.2141680027630556,0.5156809740413658,0.23166145638289637,0.2484967873342374,0.24015652178025582,0.6946265244327678,0.2686254317667104,0.4997723782985011,0.2674023338378996,0.49621724664556877,0.25788823168504493,0.5178413729291476,0.4901092527880023,0.24586101303072683,0.24302746947668663,0.2554584276731878,0.22590587579336552,0.25024811900934874,0.2517712015107795,0.22787979494260824,0.26015449910021704,0.25287909885194837,0.23228136952179612,0.2318772121550874,0.25823770126248946,1.0,0.30487901040214593,0.26349526281915847,0.47426059872133697,0.2601068812065007,0.0,0.25758249131675115,0.2485272227120653,0.41044434960335274,0.2347713641528445,0.271494805970545,0.32152437830433955,0.2500980001320541,0.48501590854176146,0.25602258047433957,0.26207699768329495,0.787670140703143,0.7479407912040494,0.2970943548052625,0.2567715478316571,0.2546192421973108,0.4639305898931233,0.3039155774243406
0.3347792913520812,0.29769061520743967,0.245804635304265,0.30528210049876225,0.26591612610013926,0.2824738043940218,0.27030050519178206,0.30633717659046433,0.32752690640817284,0.3126583155512651,0.29470484728960655,0.3086759446640315,0.28712406714966143,0.30899019677928863,0.2980959172974046,0.2755378031633524,0.28248100605042237,0.2904538201860343,0.24825553699740677,0.2822574847213042,0.2791062774576878,0.25190739622010205,0.2920471373796918,0.2945101391946825,0.27124338792125935,0.2743181026580267,0.29329520929095987,0.30487901040214593,1.0,0.3170506589446441,0.29285755040375083,0.28653471293890487,0.0,0.28991091591111384,0.28670518916275467,0.2990281323398192,0.2671307341842273,0.28866350306543376,0.22090888945807463,0.2854085284129284,0.28967292093470154,0.28924594825289607,0.29444276475295017,0.302426240401765,0.30271886066838305,0.3896103825579208,0.28650210908547935,0.28531730792215104,0.2971486306297625,0.6082101995895115
0.39799864735001533,0.29919055193827293,0.2541631317385965,0.2673164703704808,0.2730673849099746,0.27610185576372703,0.2768261190221952,0.26986204963762284,0.4060927572179497,0.27804359764359987,0.3064669644189789,0.269309415055601,0.3017738735037604,0.2664246854230984,0.2646114547772558,0.2889812609132145,0.2776088058091911,0.2956866375212224,0.259880868747947,0.2881852238530429,0.29379926814460455,0.263050161400448,0.2953122404293217,0.2960991754228455,0.2728074070740325,0.2688280138743371,0.301749339339217,0.26349526281915847,0.3170506589446441,1.0,0.2591203686546715,0.2851629013166763,0.0,0.29232629920307085,0.29460179060128433,0.2716270965007018,0.27418152136612717,0.2954404248381933,0.20189744885611516,0.298755074350052,0.26070934222774556,0.29381452743874104,0.3072807979596601,0.26986529169654727,0.2659261308440425,0.3162909086576554,0.297420281473435,0.29569995303716157,0.2698763698631892,0.33537328188351745
0.26553772715757773,0.25720383008762127,0.20390611179340035,0.510366955663593,0.26219088889186093,0.24037866111900663,0.23054414106534715,0.4810313053280233,0.2796914316395954,0.5373134200671151,0.2609636913689164,0.45389438758956135,0.26480491310095977,0.4930980720906183,0.5090820725247469,0.2436177215716966,0.251235660982436,0.24440344039502704,0.21745376050558596,0.23768679916348068,0.2385315109119831,0.21869583704591322,0.2504174931806885,0.25719589120729625,0.2549384506335125,0.246736776731302,0.2569192729809391,0.47426059872133697,0.29285755040375083,0.2591203686546715,1.0,0.2623286753854345,0.0,0.24945392544578526,0.24418371841870312,0.40341738281253947,0.23390296743645422,0.2544436171491249,0.31493396258329975,0.24538655100913664,0.6649687761658036,0.2518175565474734,0.25728098558735424,0.4828533554084765,0.47460544795940407,0.2874029236896425,0.24869822366104155,0.24848624617872728,0.44141307200883273,0.29414552919423165
0.30669011274083424,0.39959895875898155,0.22332738516314732,0.2823149260764677,0.43121883226116065,0.39138806374116497,0.3281781891895156,0.27142079828628185,0.30812643283310903,0.27193830441810685,0.4706043854366281,0.25784032322106043,0.5222794998002249,0.26662362696394637,0.27406712742743333,0.34223112800593103,0.4380878126094149,0.4563013188773595,0.4526992952017881,0.3383179587008589,0.47019664443571907,0.4560271315864969,0.49571206927517375,0.41354933610486877,0.42228969286381657,0.3980561250944512,0.4910865987808305,0.2601068812065007,0.28653471293890487,0.2851629013166763,0.2623286753854345,1.0,0.0,0.4826093189464532,0.39663073868257526,0.26065614641739465,0.34038733173645597,0.4877172528530139,0.20346703641196084,0.4792224644172287,0.2601817399069587,0.41098153046696084,0.5026367940316264,0.26346130664847633,0.2713444714917793,0.2716776901580569,0.41628431972525337,0.4162618109949543,0.2580872085415308,0.2891146322303152
0.0,0.0,0.0,0.0,0.0,0.0,0.0,0.0,0.0,0.0,0.0,0.0,0.0,0.0,0.0,0.0,0.0,0.0,0.0,0.0,0.0,0.0,0.0,0.0,0.0,0.0,0.0,0.0,0.0,0.0,0.0,0.0,1.0,0.0,0.0,0.0,0.0,0.0,0.0,0.0,0.0,0.0,0.0,0.0,0.0,0.0,0.0,0.0,0.0,0.0
0.31339770922471144,0.4099982123730411,0.23114444848146976,0.2635422872313773,0.39944528507468346,0.3973953175289969,0.3414380101880994,0.2668024295402991,0.3034013868098382,0.25971780696538904,0.4889322679714456,0.26081256969320754,0.532195331152137,0.259651675869519,0.25452072074835197,0.3480721077271981,0.39330386881401314,0.48719258623267625,0.427699080051525,0.35356966794485756,0.5106278108145328,0.5682782166634308,0.6535393259644684,0.41224157157381247,0.37805540707780405,0.3633224191923886,0.5136424408389986,0.25758249131675115,0.28991091591111384,0.29232629920307085,0.24945392544578526,0.4826093189464532,0.0,1.0,0.4183722177247836,0.28086526360332964,0.3331602758706671,0.48917144861976625,0.21207897874137616,0.48999764124599754,0.2485232009977455,0.415073797045891,0.520821682002505,0.26224428166835245,0.2626799793996192,0.27244095200170204,0.4138165908205149,0.4109053482895777,0.25904856540681,0.2991573496347487
0.30681553902431125,0.5706124209296417,0.2188501713259854,0.2603853666149113,0.3687892682351148,0.5265448502282968,0.33522555029833156,0.2591903759025864,0.29475984923952026,0.26217415249387366,0.42729965685539284,0.25638680244379175,0.4102088473353419,0.25621489227727334,0.24940528122290018,0.3422663127245611,0.46400720376229565,0.4138390520259728,0.36293352544138624,0.34626826150870105,0.4046123777411673,0.3680909263358657,0.41555288702698545,0.581933262455039,0.5352616710048876,0.45041009062379644,0.4156874119941697,0.2485272227120653,0.28670518916275467,0.29460179060128433,0.24418371841870312,0.39663073868257526,0.0,0.4183722177247836,1.0,0.26250096785328536,0.32668337272796466,0.4076385777757475,0.2008386749333918,0.40974339562037665,0.2459585860554857,0.47525845202878203,0.42501189796609884,0.2554715521226828,0.25989798939036557,0.2723605993958509,0.474009374280134,0.47607545877850654,0.2594975300031581,0.289949454565709
0.28295575635273496,0.26211792165027015,0.21561469688517232,0.4226635320803628,0.24093811338238735,0.274080978240672,0.2736124164608086,0.4145893859563965,0.28248465575723825,0.4310427495720861,0.27834372931214,0.4102550639523408,0.2617188734098067,0.4208150032971524,0.413772284866043,0.27227217517719027,0.26023338080556824,0.2773779705563383,0.242172526524971,0.2694630396984905,0.2703985493952029,0.2599633957899853,0.2742461299430625,0.2686039322980883,0.2485995781006145,0.25562131255319154,0.27256074990670576,0.41044434960335274,0.2990281323398192,0.2716270965007018,0.40341738281253947,0.26065614641739465,0.0,0.28086526360332964,0.26250096785328536,1.0,0.2589810209456951,0.2644970085856424,0.3342005125860017,0.2635813644311641,0.4060530547556873,0.265904836643981,0.27349710216762857,0.41977980486822397,0.4187563588147709,0.2917593447469162,0.2606208441724608,0.2590859188114165,0.4112530656832347,0.3114712929392197
0.28944767755400347,0.32330574839535353,0.20442439158576575,0.25054314327869986,0.3012697080863185,0.3432074862795259,0.7656056892047042,0.2448179920496022,0.28860800291443234,0.2484445423538113,0.33853600984634435,0.2340832424110052,0.33757045345039083,0.2424483342827093,0.24197255294777553,0.7284592252396016,0.31324852081500276,0.3552816153217091,0.30564196294206636,0.785681401513148,0.3539772190683709,0.33595926588110336,0.36020385913329445,0.3293760011323532,0.3091670026734057,0.3253577859661888,0.33827345108519613,0.2347713641528445,0.2671307341842273,0.27418152136612717,0.23390296743645422,0.34038733173645597,0.0,0.3331602758706671,0.32668337272796466,0.2589810209456951,1.0,0.3233703001124313,0.1819466092609855,0.31820805498967053,0.23326705586563745,0.32687501171848365,0.3356112317025157,0.24012668888470257,0.238575880359725,0.2573663041067401,0.31571582199356585,0.31283931073521354,0.23959378476288085,0.2829984329060288
0.3189919353279005,0.42310794640695426,0.231468925426203,0.26809923125677404,0.42784789580371574,0.39802315721171,0.32806841869502557,0.2824684171680396,0.3009788691133879,0.26831277535016007,0.48541521774349683,0.2678383002583874,0.5013415033078803,0.2668883061223717,0.26363324455460946,0.33575484447426995,0.3806534446945459,0.4616645615014997,0.4114898146446351,0.33665999867964735,0.47841491606086284,0.4445026770215694,0.496963451063147,0.40473946321561094,0.3844611069038343,0.3703336137458628,0.5876237120381431,0.271494805970545,0.28866350306543376,0.2954404248381933,0.2544436171491249,0.4877172528530139,0.0,0.48917144861976625,0.4076385777757475,0.2644970085856424,0.3233703001124313,1.0,0.2079228917988497,0.4985718648780786,0.25977225470884624,0.4214944488564517,0.635112667434544,0.2811542373753607,0.27144166694226257,0.2814298473406487,0.42739792947633437,0.42527887113432217,0.27405143824576794,0.29993523112983567
0.24321714268041916,0.19347418192186128,0.15369742083978855,0.33619729898967865,0.22679176743366558,0.20587208905087762,0.1852970908886613,0.3329877074576443,0.2111016211119311,0.3435632782750302,0.20450216448376357,0.33453347378807097,0.19535442959832505,0.32849229146575787,0.3340646076912578,0.18914707794085905,0.20279292172278518,0.19390753805245753,0.17357699723946518,0.18755447750984267,0.19316450977801347,0.1787685254986906,0.19882622730971444,0.21157129777445427,0.20055171097858326,0.18232546599872312,0.19627769319538413,0.32152437830433955,0.22090888945807463,0.20189744885611516,0.31493396258329975,0.20346703641196084,0.0,0.21207897874137616,0.2008386749333918,0.3342005125860017,0.1819466092609855,0.2079228917988497,1.0,0.19967373635093166,0.32146364180879905,0.2002672786859182,0.20036102537209477,0.333989260327861,0.3448220787946017,0.2162875693145221,0.19538492462474788,0.20006570671238544,0.3200478727767344,0.23316341865359513
0.3062470514956346,0.4056448571315925,0.22897646185374831,0.2550301122596266,0.40003850440183863,0.3837286015135991,0.32546999988702985,0.26037185420091813,0.3008627633932932,0.2604514076476705,0.49799741774397444,0.255162087830093,0.5078322903117625,0.25603262189807585,0.249262927661269,0.3330431863087352,0.3735653320661707,0.4768313023302634,0.4149540610411382,0.34018877478302667,0.4902541313779052,0.4435738575950319,0.5007206039281368,0.4005616010875175,0.36929084404423373,0.36388354506775067,0.5207966343856308,0.2500980001320541,0.2854085284129284,0.298755074350052,0.24538655100913664,0.4792224644172287,0.0,0.48999764124599754,0.40974339562037665,0.2635813644311641,0.31820805498967053,0.4985718648780786,0.19967373635093166,1.0,0.2460828927452391,0.40848085199856154,0.5275194784516658,0.25459785956047176,0.2608967446415339,0.27948231576412974,0.42903214725542715,0.4325773733628532,0.2573962363180834,0.2967570314058745
