../ecoli_genomes/GCF_000163235.1_ASM16323v1_genomic.fna.gz,../ecoli_genomes/GCF_000164555.1_ASM16455v1_genomic.fna.gz,../ecoli_genomes/GCF_000208545.1_ASM20854v2_genomic.fna.gz,../ecoli_genomes/GCF_000233875.1_ASM23387v1_genomic.fna.gz,../ecoli_genomes/GCF_000249735.1_ASM24973v2_genomic.fna.gz,../ecoli_genomes/GCF_000261145.1_Esch_coli_M919_V2_genomic.fna.gz,../ecoli_genomes/GCF_000267705.2_ASM26770v2_genomic.fna.gz,../ecoli_genomes/GCF_000350665.1_Esch_coli_KTE5_V1_genomic.fna.gz,../ecoli_genomes/GCF_000351625.1_Esch_coli_KTE66_V1_genomic.fna.gz,../ecoli_genomes/GCF_000352285.1_Esch_coli_KTE46_V1_genomic.fna.gz,../ecoli_genomes/GCF_000358895.1_ASM35889v1_genomic.fna.gz,../ecoli_genomes/GCF_000456385.1_Esch_coli_HVH_26_4-5703913_V1_genomic.fna.gz,../ecoli_genomes/GCF_000458195.1_Esch_coli_HVH_147_4-5893887_V1_genomic.fna.gz,../ecoli_genomes/GCF_000459755.1_Esch_coli_KOEGE_58_171a_V1_genomic.fna.gz,../ecoli_genomes/GCF_000460055.1_Esch_coli_UMEA_3053-1_V1_genomic.fna.gz,../ecoli_genomes/GCF_000462165.2_ASM46216v2_genomic.fna.gz,../ecoli_genomes/GCF_000601135.1_ASM60113v1_genomic.fna.gz,../ecoli_genomes/GCF_000614595.1_Ec2010EL1058_genomic.fna.gz,../ecoli_genomes/GCF_000617745.1_Ec2010C-4529_genomic.fna.gz,../ecoli_genomes/GCF_000618265.2_EcF6751_genomic.fna.gz,../ecoli_genomes/GCF_000619005.2_Ec2009C-4052_genomic.fna.gz,../ecoli_genomes/GCF_000619105.1_Ec2009C-4780_genomic.fna.gz,../ecoli_genomes/GCF_000619765.2_Ec2009C-3279_genomic.fna.gz,../ecoli_genomes/GCF_000687005.1_ASM68700v1_genomic.fna.gz,../ecoli_genomes/GCF_000687025.1_ASM68702v1_genomic.fna.gz,../ecoli_genomes/GCF_000700125.1_ASM70012v1_genomic.fna.gz,../ecoli_genomes/GCF_000753315.1_FHI35_genomic.fna.gz,../ecoli_genomes/GCF_000776375.1_ASM77637v1_genomic.fna.gz,../ecoli_genomes/GCF_000779395.1_ASM77939v1_genomic.fna.gz,../ecoli_genomes/GCF_000780315.1_ASM78031v1_genomic.fna.gz,../ecoli_genomes/GCF_000781995.1_ASM78199v1_genomic.fna.gz,../ecoli_genomes/GCF_000986765.1_ASM98676v1_genomic.fna.gz,../ecoli_genomes/GCF_001041375.1_ViralProj287958_genomic.fna.gz,../ecoli_genomes/GCF_001265335.1_302014_genomic.fna.gz,../ecoli_genomes/GCF_001265625.1_100854_genomic.fna.gz,../ecoli_genomes/GCF_001267345.1_303289_genomic.fna.gz,../ecoli_genomes/GCF_001309985.1_ASM130998v1_genomic.fna.gz,../ecoli_genomes/GCF_001521695.1_ASM152169v1_genomic.fna.gz,../ecoli_genomes/GCF_001592595.1_ASM159259v1_genomic.fna.gz,../ecoli_genomes/GCF_001614975.1_ASM161497v1_genomic.fna.gz,../ecoli_genomes/GCF_001692775.1_ASM169277v1_genomic.fna.gz,../ecoli_genomes/GCF_001748915.1_ASM174891v1_genomic.fna.gz,../ecoli_genomes/GCF_001749235.1_ASM174923v1_genomic.fna.gz,../ecoli_genomes/GCF_001881155.1_ASM188115v1_genomic.fna.gz,../ecoli_genomes/GCF_001881345.1_ASM188134v1_genomic.fna.gz,../ecoli_genomes/GCF_001892405.1_ASM189240v1_genomic.fna.gz,../ecoli_genomes/GCF_001892585.1_ASM189258v1_genomic.fna.gz,../ecoli_genomes/GCF_001893985.1_ASM189398v1_genomic.fna.gz,../ecoli_genomes/GCF_002001595.1_ASM200159v1_genomic.fna.gz,../ecoli_genomes/GCF_002002145.1_ASM200214v1_genomic.fna.gz
1.0,0.3157436260314329,0.2534064386498339,0.2930548658830697,0.3094810769705243,0.32522444848747845,0.29730890981271996,0.2936545848552159,0.4074621322591593,0.29274597029212124,0.31852863146909927,0.2987776850083905,0.32205751729878385,0.2757842388808789,0.2734232075423997,0.31620863090632834,0.3044609137032258,0.3033181901699241,0.29205507714983725,0.29765594222587144,0.29356450301652104,0.3079357831048761,0.3086508821705535,0.3336138063564714,0.3040031548576353,0.26004229907083176,0.30783823015960077,0.27290752660188644,0.3346367576444018,0.3893648495820682,0.2564794180685499,0.33142955164520027,0.0,0.3133918772636266,0.32148544053243067,0.2742368794260521,0.29168367380302307,0.3078148938434704,0.25609489133290664,0.3113812244166485,0.2714768715612321,0.30572425402478054,0.3105827750254643,0.2909972476793765,0.3012788289940479,0.3153712439541636,0.3068124626999642,0.3052920185014897,0.2677973481674304,0.344619586213912
0.3157436260314329,1.0,0.23381635285907265,0.2721493384397743,0.3529576170873011,0.536149361386525,0.34885241457494776,0.2820581050593981,0.3054480564814065,0.2862254335164677,0.4242987469862042,0.2864950416895887,0.40778619400549465,0.26940644579983886,0.2598521955695301,0.34300240074951527,0.38439482928820146,0.4225205505478118,0.37235284261981827,0.35129782262637055,0.4005441826246059,0.37830370135067437,0.41595625776983736,0.49888038052115513,0.42797300220463763,0.31961694944763397,0.41386143382379115,0.27863061818179624,0.31015441017454615,0.3091665776417982,0.2569055143361426,0.3855695287556109,0.0,0.4009933582198977,0.5655222351943133,0.26198342491444826,0.3301400188907927,0.42254055042668903,0.22883429794186172,0.4242753413244257,0.2591851182374839,0.47299394505805503,0.41877288174771754,0.2866670188853896,0.28727862016158145,0.28444804480131236,0.47136316808785483,0.47442544541634457,0.28402567135970425,0.30673821058025097
0.2534064386498339,0.23381635285907265,1.0,0.20422597392521846,0.18742201419157012,0.21323458503263204,0.21563979102753617,0.20948728021435847,0.24811030157476366,0.21183235380569887,0.2308292920621121,0.20687130273460386,0.21780668312042295,0.21051713829169816,0.1979843704075508,0.21266790483856002,0.17773467807780552,0.22442172854182685,0.1982812666707685,0.21824032427674345,0.21929199720274883,0.20649095935701556,0.22562919670398607,0.19590445833988623,0.17353899293240305,0.14597495460608245,0.22420154869536946,0.21235649242956944,0.24898817889714597,0.2528247798100287,0.19500862468944724,0.2079100538285118,0.0,0.22063405484307708,0.21852493591517475,0.209669354073719,0.20489837660065569,0.22003165374756395,0.17977251267140115,0.22750594422055803,0.19744415642650126,0.2211623881632172,0.2299122021291008,0.21448550700067281,0.20978386056099008,0.23040104397697014,0.2251085908300039,0.22620404041653897,0.21478310130076672,0.2490913210574467
0.2930548658830697,0.2721493384397743,0.20422597392521846,1.0,0.2909168011180978,0.27984942967251736,0.25548874220972384,0.5085562355634496,0.2957345481955346,0.5350434362827177,0.2656977723686891,0.5125429671914192,0.28905519126540913,0.5502489332093558,0.5688804519077666,0.27977307926175254,0.24910945451823507,0.2604834928147871,0.24824069002933324,0.2563438063259399,0.25451333053341785,0.25468659930874993,0.2655661346933008,0.27735374587232087,0.2505547501516343,0.20571924785284057,0.2672080303487825,0.5251894625870672,0.3080584513029119,0.2846434832763769,0.49444537481260775,0.29405821345727556,0.0,0.25932573957304084,0.270641210095403,0.41455366000491933,0.2546148590709142,0.25821477328968445,0.39745640626142253,0.2561895695795747,0.5435378924452882,0.2615410292166205,0.2641464871515099,0.5324964393492688,0.5255110384264084,0.29481354070129395,0.2613958542836582,0.2615097853534947,0.45584958259362574,0.3173549588958624
0.3094810769705243,0.3529576170873011,0.18742201419157012,0.2909168011180978,1.0,0.3832728909914701,0.2997877804665622,0.2718937180352704,0.30670675383918733,0.2825916221545062,0.47171622411219205,0.261131973899675,0.46574741686287824,0.25950034711203984,0.28906610573949776,0.3458440636819252,0.3474174467627338,0.38246421156968313,0.36795237532281,0.3006198561107365,0.38794586760872274,0.38355507935500144,0.3919111946205608,0.3852921004226716,0.34374535704787634,0.2887466415289155,0.4072365636406372,0.23874169132578427,0.2643727982476951,0.29608479526233444,0.23908493844111534,0.4472897781576374,0.0,0.39785843612461624,0.3753554483928071,0.24188888226340777,0.31100665051865806,0.42256689967090444,0.3105597777254582,0.40051177572566443,0.28441231849555126,0.37027570993505277,0.41675149598687855,0.2568780251467885,0.26376215964924477,0.2557040192148451,0.3883038042316972,0.3882772351973828,0.24283130965646016,0.27334216270329614
0.32522444848747845,0.536149361386525,0.21323458503263204,0.27984942967251736,0.3832728909914701,1.0,0.345903674669384,0.2820682050785617,0.30562282816650466,0.27999277134397693,0.4188873236403077,0.27223371992105383,0.4101457582572061,0.26251402144143754,0.26563706126809383,0.3726606994456927,0.410284171773893,0.40930273936860995,0.3850325732793709,0.34307731376539174,0.38425584390187617,0.43311724828010867,0.4119094163641106,0.5406417566999839,0.4763183378036242,0.35466911704091764,0.3958982001135065,0.2610844161004535,0.29665242845915374,0.3010284053704352,0.2466342453306326,0.40848568022543064,0.0,0.4100306471334352,0.5527677177263651,0.27002339893329197,0.3321641717592416,0.40238182059135597,0.252075311585539,0.4066275257572529,0.26239960058923284,0.4604481640080067,0.4093925082426667,0.2734906664300517,0.2773355855951769,0.2822201866968391,0.46227535080879867,0.46661917074907355,0.2659773545859251,0.3037176558478625
0.29730890981271996,0.34885241457494776,0.21563979102753617,0.25548874220972384,0.2997877804665622,0.345903674669384,1.0,0.2586747624876151,0.30115733759230423,0.25688253735746425,0.3575195962329688,0.2534024540729428,0.3469513113913726,0.25454748202824984,0.24678791539834544,0.7457469804005895,0.2787194930320719,0.38502812765807826,0.3524678354443257,0.8625664067907952,0.3805797320333504,0.3534193272247932,0.3925288297167926,0.3235767072049842,0.2797215521302634,0.23792402242923083,0.3533725470835616,0.2527468238013234,0.29110869441134046,0.2967656822078589,0.23992228282824113,0.3304914489108337,0.0,0.3562267942335544,0.35922127737257803,0.2661936404693336,0.7865499634161132,0.33362627039683057,0.22164277472304983,0.3504504464984005,0.24113756242357742,0.3451805594940188,0.3536708741406016,0.25603173581424077,0.25662156355133836,0.27347160544894467,0.3398997029400974,0.3418641938861434,0.25004586395069917,0.29426013296237186
0.2936545848552159,0.2820581050593981,0.20948728021435847,0.5085562355634496,0.2718937180352704,0.2820682050785617,0.2586747624876151,1.0,0.2875096842238174,0.5170552126075709,0.2709277072085551,0.4926476006786211,0.28300413898622534,0.5025233781312441,0.48243429779410796,0.2722201065589819,0.2433804907769469,0.2653302919191194,0.24906923114551927,0.2595475445250729,0.2576917369077003,0.25356757885499315,0.266411965599491,0.2775498456730978,0.24257137350166746,0.20873761859728024,0.27028738997135626,0.6843782088050169,0.31696508524035394,0.28178243957012816,0.47668851445208993,0.27939229636710294,0.0,0.26446271459644344,0.2732304748754967,0.41089133713195825,0.25045693884940146,0.28049767781614254,0.3891356381146308,0.26699531089314454,0.4980045377718382,0.2686576181229976,0.2726246855238381,0.7033888049829251,0.6736289275078563,0.2959557135304851,0.2669784477049465,0.26710559738879014,0.4534041219694729,0.31699300569800426
0.4074621322591593,0.3054480564814065,0.24811030157476366,0.2957345481955346,0.30670675383918733,0.30562282816650466,0.30115733759230423,0.2875096842238174,1.0,0.2994794185503442,0.3179416889267923,0.2782707065348059,0.33107881219782775,0.28321068139545524,0.29047710836562535,0.31829235453612226,0.25785223825741044,0.3056943560068607,0.28036543437161854,0.30414336019894583,0.29276131669981453,0.29325177912493494,0.30694776841517757,0.29992540432745163,0.2507720635927919,0.21026516762140912,0.31021011166760837,0.2700292706155142,0.33537885670156464,0.4288337204407685,0.26419185690325386,0.3031525616899581,0.0,0.30312361468349247,0.3068554987474058,0.2781256660789123,0.29635532689923605,0.2961215818164199,0.25124046317576676,0.30849516771384056,0.2828594426005414,0.30405940326626313,0.31619054948640224,0.2793922911621629,0.27498303912389843,0.31489333702910705,0.2971345672512151,0.2983171595825367,0.2700856467601277,0.34639511073576745
0.29274597029212124,0.2862254335164677,0.21183235380569887,0.5350434362827177,0.2825916221545062,0.27999277134397693,0.25688253735746425,0.5170552126075709,0.2994794185503442,1.0,0.27738754164563506,0.4906534069566403,0.28957369096234176,0.5195341512238685,0.5092359792635512,0.2769729729967635,0.23073770640789415,0.2681967466230333,0.24172184136084285,0.2589483327700697,0.25642496635035006,0.25307019880773396,0.2629875323584957,0.26700014984789155,0.23071145149923222,0.1931695742746089,0.26980079388481526,0.5118279842169968,0.3134338847213596,0.2927776069869661,0.5171990246654536,0.27498224872462307,0.0,0.26018888076996594,0.27085492775800535,0.4229904135928746,0.253919366659047,0.26184726758085763,0.39973164823181817,0.26582177104184923,0.5380726397620306,0.2657414720008566,0.2669624493924735,0.5145044917893387,0.5150176543129579,0.2993056091240722,0.26394086359431146,0.2660327354542491,0.4738034890379098,0.3157316146608562
0.31852863146909927,0.4242987469862042,0.2308292920621121,0.2656977723686891,0.47171622411219205,0.4188873236403077,0.3575195962329688,0.2709277072085551,0.3179416889267923,0.27738754164563506,1.0,0.2674896474867883,0.5263669041886366,0.26993945871795577,0.258775340060289,0.3626728646952144,0.33937776084974636,0.4896275614791131,0.4559922401353146,0.36048371317643846,0.4776390409657578,0.4846659230296789,0.49611526677679163,0.4031898381187222,0.3308277232543926,0.29025553952575367,0.5055908927248264,0.2651503021342302,0.2973742212189424,0.31410373475628317,0.25369289054413924,0.4488549734280255,0.0,0.4780875362828111,0.4326289688741394,0.27573885217499194,0.33989337493485383,0.4765695363691719,0.24114109626001423,0.5216332544043902,0.2588681268542157,0.43953076108331035,0.5072684750511882,0.27260071534398955,0.271712134410908,0.2879107196585924,0.43432431585192,0.43710289423246884,0.26980453762241174,0.3128739428830891
0.2987776850083905,0.2864950416895887,0.20687130273460386,0.5125429671914192,0.261131973899675,0.27223371992105383,0.2534024540729428,0.4926476006786211,0.2782707065348059,0.4906534069566403,0.2674896474867883,1.0,0.2707170318350651,0.5080046963968841,0.6181045025137358,0.2642982866935307,0.25344169156921625,0.25703079724117883,0.2439759546395196,0.25333973763711926,0.2531755858548911,0.24968340008040724,0.26073742691688506,0.27663045171191125,0.24963358531830093,0.2223647905027646,0.2602247461834072,0.48989324903599285,0.3111206141831605,0.27845583676405006,0.448412799057076,0.27333377493631184,0.0,0.25986689882269964,0.2712090296748375,0.4068423949543549,0.2487272823904716,0.2653710398058913,0.40438769764243565,0.2596683737012052,0.4795256300444509,0.2598101126760888,0.26667932555429696,0.5044305340069026,0.4997882072310589,0.2913114899839768,0.26691400549943345,0.2666684776203956,0.43941818439390923,0.31010056167460853
0.32205751729878385,0.40778619400549465,0.21780668312042295,0.28905519126540913,0.46574741686287824,0.4101457582572061,0.3469513113913726,0.28300413898622534,0.33107881219782775,0.28957369096234176,0.5263669041886366,0.2707170318350651,1.0,0.269209716585488,0.28526355503871326,0.3719369147877426,0.3403903356974013,0.4926589490675519,0.4957191679327324,0.34929939434119883,0.4937855548732568,0.538838681646006,0.5467459547389972,0.4018451187943577,0.32761883181430806,0.27968192589576524,0.5276998297845775,0.26317854700273613,0.2957882541947435,0.3272132561775186,0.25252409625075634,0.5068580396918732,0.0,0.5323435411255717,0.42154524616602884,0.2661856899392532,0.3470709226203935,0.4879560122143052,0.242786548302935,0.5324180229243882,0.2802116214404081,0.4225826992929116,0.5258537924189371,0.272668661140926,0.2709979033448726,0.2777903763935734,0.4259880868979702,0.4268228315028003,0.2625663542420096,0.3047838138148835
0.2757842388808789,0.26940644579983886,0.21051713829169816,0.5502489332093558,0.25950034711203984,0.26251402144143754,0.25454748202824984,0.5025233781312441,0.28321068139545524,0.5195341512238685,0.26993945871795577,0.5080046963968841,0.269209716585488,1.0,0.5531842131447428,0.26281868600042624,0.21940989102782382,0.25874327845748435,0.23687057625806618,0.25714318790534474,0.24841438544816974,0.24267444232313018,0.25990138702442067,0.2474226246733141,0.2156759945840887,0.18208094900421534,0.2644525891788856,0.5290637425105451,0.3099452468757925,0.2751293695837387,0.501190276584138,0.2602318307622432,0.0,0.25210031705398517,0.2650810477243436,0.4156052721234519,0.24658812194630686,0.26063560517419393,0.3872762968395066,0.2578896197794531,0.5277221926113005,0.2586510716495163,0.26383630654225365,0.5291236224101418,0.5162674014500794,0.2923339967937324,0.25754777122996453,0.25866603449315095,0.46192992104547104,0.31379234653256305
0.2734232075423997,0.2598521955695301,0.1979843704075508,0.5688804519077666,0.28906610573949776,0.26563706126809383,0.24678791539834544,0.48243429779410796,0.29047710836562535,0.5092359792635512,0.258775340060289,0.6181045025137358,0.28526355503871326,0.5531842131447428,1.0,0.2707728527347242,0.229436432997135,0.2504216566859051,0.23360695671926224,0.24882443891241746,0.2449585772184315,0.241408100271441,0.25479313758144606,0.25651418208517085,0.2278696414875392,0.1893749398728174,0.2561925912002806,0.48432319682598135,0.2991488250099943,0.27795877674659175,0.48369260071777453,0.2790540334255328,0.0,0.2502834663441388,0.2617957791772155,0.40504927490332043,0.24930842192274894,0.25212968645520206,0.396291343246417,0.24978930408485767,0.5273258934346987,0.25241141738144734,0.26058316069850274,0.4928612764634991,0.4842493205162681,0.28505331880057216,0.25882428129603585,0.26044780201986184,0.43994927681096485,0.3116880275053472
0.31620863090632834,0.34300240074951527,0.21266790483856002,0.27977307926175254,0.3458440636819252,0.3726606994456927,0.7457469804005895,0.2722201065589819,0.31829235453612226,0.2769729729967635,0.3626728646952144,0.2642982866935307,0.3719369147877426,0.26281868600042624,0.2707728527347242,1.0,0.2934889429279264,0.36917691475922243,0.363266960738848,0.7509278068451977,0.3632403679801963,0.38371521993477586,0.3791219443486964,0.3550687892027621,0.3043445985242935,0.26282441638039933,0.34882529534792195,0.2535277528197689,0.2861699190928879,0.3125906234088882,0.2475378879743223,0.35371937244493823,0.0,0.3578181600458875,0.3627078419383739,0.269632096312982,0.7265725336467562,0.33474605244129896,0.23338592354950793,0.34813505759324637,0.264903309139926,0.3466212976266363,0.3519530380729434,0.2635352210475589,0.2664294310125135,0.27722812546547215,0.34819046716110613,0.3495044217099601,0.2541295733479939,0.2948039573234691
0.3044609137032258,0.38439482928820146,0.17773467807780552,0.24910945451823507,0.3474174467627338,0.410284171773893,0.2787194930320719,0.2433804907769469,0.25785223825741044,0.23073770640789415,0.33937776084974636,0.25344169156921625,0.3403903356974013,0.21940989102782382,0.229436432997135,0.2934889429279264,1.0,0.3195277330497259,0.2983682288217373,0.2781793446158447,0.3145240072919895,0.31722253306410575,0.33165833232340036,0.5330752145323674,0.5580248790572144,0.5472257273039884,0.3299364230273757,0.22776340887420732,0.24109146487220556,0.2519770865131614,0.20492211644272085,0.43531319137185587,0.0,0.3519592582280209,0.4133014169865751,0.220309460207611,0.27492392935496734,0.32013161163159465,0.21646704351000312,0.3417554650383824,0.22099124983062834,0.3678943455934872,0.3297531759564152,0.24787572220408083,0.2574722820196874,0.23033855904854783,0.40481316581213467,0.38919746907999864,0.21686335533322165,0.257199056624164
0.3033181901699241,0.4225205505478118,0.22442172854182685,0.2604834928147871,0.38246421156968313,0.40930273936860995,0.38502812765807826,0.2653302919191194,0.3056943560068607,0.2681967466230333,0.4896275614791131,0.25703079724117883,0.4926589490675519,0.25874327845748435,0.2504216566859051,0.36917691475922243,0.3195277330497259,1.0,0.4917775844293092,0.3861154273865567,0.5124100405653425,0.4858523904999251,0.5314807383184055,0.3783631062021706,0.31454014120584095,0.2714999867216361,0.5015507336771281,0.26543430551786085,0.29705155712728426,0.30982839211205626,0.24709118076006464,0.43872509228805334,0.0,0.48618915004962027,0.424399231192398,0.2725708132242226,0.36648247019426916,0.4550268531736773,0.23109880530913385,0.49949125749028356,0.24924645265600742,0.42646304784034406,0.4893090386063177,0.2648343054408556,0.26284467422359215,0.2798212099881304,0.42205939299031936,0.42441647893035683,0.25821544096579885,0.3037234157043739
0.29205507714983725,0.37235284261981827,0.1982812666707685,0.24824069002933324,0.36795237532281,0.3850325732793709,0.3524678354443257,0.24906923114551927,0.28036543437161854,0.24172184136084285,0.4559922401353146,0.2439759546395196,0.4957191679327324,0.23687057625806618,0.23360695671926224,0.363266960738848,0.2983682288217373,0.4917775844293092,1.0,0.3476552339179607,0.4681083449896515,0.5125901291423883,0.47849351958464215,0.36056395391339635,0.3141584187656732,0.25848255352071503,0.4548395532168834,0.23639336422977608,0.2701489091358623,0.27835891718261085,0.22792058274383253,0.4422410307879402,0.0,0.4477070807208391,0.3925239466438868,0.2531175754655952,0.3428233200370685,0.4231305898182266,0.2146781355076245,0.45282888098765794,0.23391501414352311,0.3800113294146834,0.45054639121599127,0.24718103864664787,0.24552163607967492,0.25909789844659115,0.3819075871662493,0.3842373365659617,0.23470857020362945,0.27721715072313713
0.29765594222587144,0.35129782262637055,0.21824032427674345,0.2563438063259399,0.3006198561107365,0.34307731376539174,0.8625664067907952,0.2595475445250729,0.30414336019894583,0.2589483327700697,0.36048371317643846,0.25333973763711926,0.34929939434119883,0.25714318790534474,0.24882443891241746,0.7509278068451977,0.2781793446158447,0.3861154273865567,0.3476552339179607,1.0,0.3814243750240496,0.3516171061870085,0.39127753269356225,0.32030604442902966,0.2776643570418178,0.23808766029214445,0.35676684774095124,0.2553176525899836,0.2915142981545543,0.2997833931879098,0.24032683580717396,0.3300152381771382,0.0,0.35351773103976447,0.3579697776131461,0.26531662888216856,0.7913300067658029,0.33690162587874006,0.2195749539933396,0.3542090959558455,0.24320804022573428,0.3470725736156879,0.35735874881125473,0.2561905377661984,0.2556043019325014,0.2763075648667328,0.3428230032289762,0.344668595494955,0.25307437644202535,0.2966719838767188
0.29356450301652104,0.4005441826246059,0.21929199720274883,0.25451333053341785,0.38794586760872274,0.38425584390187617,0.3805797320333504,0.2576917369077003,0.29276131669981453,0.25642496635035006,0.4776390409657578,0.2531755858548911,0.4937855548732568,0.24841438544816974,0.2449585772184315,0.3632403679801963,0.3145240072919895,0.5124100405653425,0.4681083449896515,0.3814243750240496,1.0,0.485559440875864,0.5449608856966315,0.36206162602418535,0.30707347498212434,0.2707191148349244,0.5034367473598819,0.2593390690201165,0.2840764045096955,0.2978830185065311,0.23725122028709655,0.4510670393740501,0.0,0.5039183650987985,0.40687704242881584,0.26367610042874157,0.3634313673898455,0.46769104453298993,0.2234170925324418,0.5094581258430992,0.24406084426500996,0.39799158934059986,0.49738391614268673,0.2587532221806883,0.25921060341661073,0.2779986171555726,0.4144655969137142,0.41676268104200953,0.2509963766824648,0.29520574177488024
0.3079357831048761,0.37830370135067437,0.20649095935701556,0.25468659930874993,0.38355507935500144,0.43311724828010867,0.3534193272247932,0.25356757885499315,0.29325177912493494,0.25307019880773396,0.4846659230296789,0.24968340008040724,0.538838681646006,0.24267444232313018,0.241408100271441,0.38371521993477586,0.31722253306410575,0.4858523904999251,0.5125901291423883,0.3516171061870085,0.485559440875864,1.0,0.6632383722320982,0.39161073020284465,0.3295673746999789,0.28144359882616876,0.48458541947131073,0.23897128356026742,0.2689454417490118,0.286962197705415,0.22937288358890995,0.4688111046173761,0.0,0.5994224589937305,0.39941058876059166,0.25779313448366903,0.3401030605008365,0.4512964081694463,0.22415645341782342,0.49581796547822254,0.23786772556451674,0.391611926788739,0.4823687312908852,0.25383989889581937,0.2527307607063073,0.26726497597118204,0.39262300429550345,0.39406337141226533,0.24219842050556428,0.28475369598166256
0.3086508821705535,0.41595625776983736,0.22562919670398607,0.2655661346933008,0.3919111946205608,0.4119094163641106,0.3925288297167926,0.266411965599491,0.30694776841517757,0.2629875323584957,0.49611526677679163,0.26073742691688506,0.5467459547389972,0.25990138702442067,0.25479313758144606,0.3791219443486964,0.33165833232340036,0.5314807383184055,0.47849351958464215,0.39127753269356225,0.5449608856966315,0.6632383722320982,1.0,0.3751502330328409,0.322818055454658,0.2747945366678213,0.5333504201808434,0.2652775705035434,0.29855735094385083,0.3027684174662014,0.24659447474016982,0.47553890516387154,0.0,0.6456326469108773,0.4201720266324235,0.27332310540530114,0.37562589626123843,0.48625338120520345,0.23374451851188793,0.5291229058956107,0.24940823406794732,0.4150190055762558,0.5187981629340075,0.2666244387518867,0.2666878673868245,0.2806297126038745,0.4142446350915929,0.4166957469038163,0.2587094416986716,0.3014678580236172
0.3336138063564714,0.49888038052115513,0.19590445833988623,0.27735374587232087,0.3852921004226716,0.5406417566999839,0.3235767072049842,0.2775498456730978,0.29992540432745163,0.26700014984789155,0.4031898381187222,0.27663045171191125,0.4018451187943577,0.2474226246733141,0.25651418208517085,0.3550687892027621,0.5330752145323674,0.3783631062021706,0.36056395391339635,0.32030604442902966,0.36206162602418535,0.39161073020284465,0.3751502330328409,1.0,0.5705680313344815,0.48999648944584195,0.3808666073436989,0.24790852154079113,0.2700550106860746,0.2940826096714799,0.23183484644145969,0.4265188519301376,0.0,0.3841927452353595,0.5395262084087038,0.25272008958674463,0.3197173726721839,0.3644731608261388,0.23898215260921563,0.38493403620430033,0.25736759048001545,0.4353735973252033,0.37805348518200066,0.26973559544433345,0.2798698914950848,0.2631292440775256,0.449077627790638,0.44101272084140697,0.24597515764466726,0.28800781655526564
0.3040031548576353,0.42797300220463763,0.17353899293240305,0.2505547501516343,0.34374535704787634,0.4763183378036242,0.2797215521302634,0.24257137350166746,0.2507720635927919,0.23071145149923222,0.3308277232543926,0.24963358531830093,0.32761883181430806,0.2156759945840887,0.2278696414875392,0.3043445985242935,0.5580248790572144,0.31454014120584095,0.3141584187656732,0.2776643570418178,0.30707347498212434,0.3295673746999789,0.322818055454658,0.5705680313344815,1.0,0.5311824164563816,0.31998707718623576,0.21722466843137545,0.23279246812073262,0.24719571677297847,0.2066586659052726,0.42589991255123605,0.0,0.33585773819842113,0.46630583116507385,0.22118091132590434,0.2801449699745816,0.3200579307374187,0.2128057093185569,0.3296519014647016,0.22068823144190042,0.36228475150282036,0.3228174917352894,0.24938561657279645,0.2580458641981892,0.2296224998347165,0.3918071265172246,0.38092025712045363,0.21984676057759533,0.251145396696016
0.26004229907083176,0.31961694944763397,0.14597495460608245,0.20571924785284057,0.2887466415289155,0.35466911704091764,0.23792402242923083,0.20873761859728024,0.21026516762140912,0.1931695742746089,0.29025553952575367,0.2223647905027646,0.27968192589576524,0.18208094900421534,0.1893749398728174,0.26282441638039933,0.5472257273039884,0.2714999867216361,0.25848255352071503,0.23808766029214445,0.2707191148349244,0.28144359882616876,0.2747945366678213,0.48999648944584195,0.5311824164563816,1.0,0.27377157283794185,0.1911202026183978,0.19373733625906941,0.21230927120986842,0.17341628206509685,0.3451448253168997,0.0,0.28541723939691666,0.35425009580500744,0.18463983554114283,0.23447789601000402,0.27785824531335623,0.18041427948874234,0.28977172809854024,0.18478450684371694,0.3145936007933611,0.268767061523696,0.21723528742918918,0.22179579638433955,0.19783154292245264,0.35032183412029305,0.3330453965721428,0.18706294690555658,0.21413251265135347
0.30783823015960077,0.41386143382379115,0.22420154869536946,0.2672080303487825,0.4072365636406372,0.3958982001135065,0.3533725470835616,0.27028738997135626,0.31021011166760837,0.26980079388481526,0.5055908927248264,0.2602247461834072,0.5276998297845775,0.2644525891788856,0.2561925912002806,0.34882529534792195,0.3299364230273757,0.5015507336771281,0.4548395532168834,0.35676684774095124,0.5034367473598819,0.48458541947131073,0.5333504201808434,0.3808666073436989,0.31998707718623576,0.27377157283794185,1.0,0.2623131057662601,0.2972280703470982,0.3098251367652004,0.25127287674612997,0.468205129666317,0.0,0.5021510012634227,0.4153365333299126,0.26636508953224514,0.3398203635714734,0.5749034853640291,0.2255048036483045,0.5464693961691657,0.25679137561291465,0.421509133348168,0.6187621239265804,0.27036640111174215,0.26524573835925536,0.2841316196953716,0.41790378909921844,0.42117275055949654,0.2654348837616689,0.30542195155842156
0.27290752660188644,0.27863061818179624,0.21235649242956944,0.5251894625870672,0.23874169132578427,0.2610844161004535,0.2527468238013234,0.6843782088050169,0.2700292706155142,0.5118279842169968,0.2651503021342302,0.48989324903599285,0.26317854700273613,0.5290637425105451,0.48432319682598135,0.2535277528197689,0.22776340887420732,0.26543430551786085,0.23639336422977608,0.2553176525899836,0.2593390690201165,0.23897128356026742,0.2652775705035434,0.24790852154079113,0.21722466843137545,0.1911202026183978,0.2623131057662601,1.0,0.315160524363825,0.2702073519637248,0.48028902232006865,0.2594252105016063,0.0,0.2547912448204708,0.26052074692221816,0.40368677255917873,0.24174220885997566,0.2713876053525325,0.3768767130357942,0.2610117796495973,0.49934752349397515,0.25889966305253753,0.2642362618879943,0.7964655674912801,0.7524405298633394,0.2949573867809736,0.2597550872739067,0.26062260983334273,0.46312039953378803,0.307601675768049
0.3346367576444018,0.31015441017454615,0.24898817889714597,0.3080584513029119,0.2643727982476951,0.29665242845915374,0.29110869441134046,0.31696508524035394,0.33537885670156464,0.3134338847213596,0.2973742212189424,0.3111206141831605,0.2957882541947435,0.3099452468757925,0.2991488250099943,0.2861699190928879,0.24109146487220556,0.29705155712728426,0.2701489091358623,0.2915142981545543,0.2840764045096955,0.2689454417490118,0.29855735094385083,0.2700550106860746,0.23279246812073262,0.19373733625906941,0.2972280703470982,0.315160524363825,1.0,0.32398776755393177,0.2922888674696855,0.28188351067035855,0.0,0.28877938280550164,0.29365023397191803,0.29981841864143943,0.27645636104331195,0.29301775687888576,0.25552094837366135,0.29574547738857904,0.2927593161614901,0.2899257543151228,0.2993295213173268,0.3131574939479912,0.3141010479814581,0.38939001442005594,0.2895514063667217,0.2906912014603126,0.30272531457174456,0.6172736424467712
0.3893648495820682,0.3091665776417982,0.2528247798100287,0.2846434832763769,0.29608479526233444,0.3010284053704352,0.2967656822078589,0.28178243957012816,0.4288337204407685,0.2927776069869661,0.31410373475628317,0.27845583676405006,0.3272132561775186,0.2751293695837387,0.27795877674659175,0.3125906234088882,0.2519770865131614,0.30982839211205626,0.27835891718261085,0.2997833931879098,0.2978830185065311,0.286962197705415,0.3027684174662014,0.2940826096714799,0.24719571677297847,0.21230927120986842,0.3098251367652004,0.2702073519637248,0.32398776755393177,1.0,0.2612757747859519,0.29411848608549973,0.0,0.2972092657251487,0.30553800956514765,0.27086785991074724,0.2913367967603796,0.296934374041123,0.2413939689454363,0.31494014221890276,0.278563194544197,0.3010260163991565,0.3140640512311379,0.27661445435194265,0.27091555498066433,0.32367273219058634,0.30126570952935794,0.3030123371183203,0.26798808367349614,0.33962595990566635
0.2564794180685499,0.2569055143361426,0.19500862468944724,0.49444537481260775,0.23908493844111534,0.2466342453306326,0.23992228282824113,0.47668851445208993,0.26419185690325386,0.5171990246654536,0.25369289054413924,0.448412799057076,0.25252409625075634,0.501190276584138,0.48369260071777453,0.2475378879743223,0.20492211644272085,0.24709118076006464,0.22792058274383253,0.24032683580717396,0.23725122028709655,0.22937288358890995,0.24659447474016982,0.23183484644145969,0.2066586659052726,0.17341628206509685,0.25127287674612997,0.48028902232006865,0.2922888674696855,0.2612757747859519,1.0,0.24271311420280295,0.0,0.24251708958464357,0.24607912827027434,0.3964388534349418,0.23167251967875324,0.24590542814886895,0.35955528496915146,0.24703284253998015,0.6448576372319902,0.24394678981690732,0.2483719036085421,0.4818747571026508,0.47205625673031937,0.27795845978141775,0.2422529748640161,0.2446726234110954,0.4426259155712873,0.29521072979727825
0.33142955164520027,0.3855695287556109,0.2079100538285118,0.29405821345727556,0.4472897781576374,0.40848568022543064,0.3304914489108337,0.27939229636710294,0.3031525616899581,0.27498224872462307,0.4488549734280255,0.27333377493631184,0.5068580396918732,0.2602318307622432,0.2790540334255328,0.35371937244493823,0.43531319137185587,0.43872509228805334,0.4422410307879402,0.3300152381771382,0.4510670393740501,0.4688111046173761,0.47553890516387154,0.4265188519301376,0.42589991255123605,0.3451448253168997,0.468205129666317,0.2594252105016063,0.28188351067035855,0.29411848608549973,0.24271311420280295,1.0,0.0,0.47346321060804164,0.39903273051886023,0.2511544512277215,0.33267826371878495,0.4596375612112207,0.24426572159214988,0.48313301890261395,0.26638118278222,0.38985258015794344,0.47750801543670185,0.2720926173956695,0.2833092628701015,0.26511724364065126,0.4146867183622609,0.4085296121067309,0.24421150529643487,0.2808801812778504
0.0,0.0,0.0,0.0,0.0,0.0,0.0,0.0,0.0,0.0,0.0,0.0,0.0,0.0,0.0,0.0,0.0,0.0,0.0,0.0,0.0,0.0,0.0,0.0,0.0,0.0,0.0,0.0,0.0,0.0,0.0,0.0,1.0,0.0,0.0,0.0,0.0,0.0,0.0,0.0,0.0,0.0,0.0,0.0,0.0,0.0,0.0,0.0,0.0,0.0
0.3133918772636266,0.4009933582198977,0.22063405484307708,0.25932573957304084,0.39785843612461624,0.4100306471334352,0.3562267942335544,0.26446271459644344,0.30312361468349247,0.26018888076996594,0.4780875362828111,0.25986689882269964,0.5323435411255717,0.25210031705398517,0.2502834663441388,0.3578181600458875,0.3519592582280209,0.48618915004962027,0.4477070807208391,0.35351773103976447,0.5039183650987985,0.5994224589937305,0.6456326469108773,0.3841927452353595,0.33585773819842113,0.28541723939691666,0.5021510012634227,0.2547912448204708,0.28877938280550164,0.2972092657251487,0.24251708958464357,0.47346321060804164,0.0,1.0,0.41450706829188455,0.27384639349844875,0.3415251104646887,0.46824152603359437,0.24433889948216492,0.5099348778704282,0.24538117574783203,0.40981626078171085,0.5057252500240097,0.2617509213643232,0.26455516966317605,0.27355155282632193,0.414753828985962,0.4159931190092817,0.25022427825550875,0.2985038698556125
0.32148544053243067,0.5655222351943133,0.21852493591517475,0.270641210095403,0.3753554483928071,0.5527677177263651,0.35922127737257803,0.2732304748754967,0.3068554987474058,0.27085492775800535,0.4326289688741394,0.2712090296748375,0.42154524616602884,0.2650810477243436,0.2617957791772155,0.3627078419383739,0.4133014169865751,0.424399231192398,0.3925239466438868,0.3579697776131461,0.40687704242881584,0.39941058876059166,0.4201720266324235,0.5395262084087038,0.46630583116507385,0.35425009580500744,0.4153365333299126,0.26052074692221816,0.29365023397191803,0.30553800956514765,0.24607912827027434,0.39903273051886023,0.0,0.41450706829188455,1.0,0.26620894026879394,0.34219769766818275,0.4000565505541176,0.23642726094641753,0.42370059422449213,0.2555071208057641,0.47700241749720684,0.4223856378262846,0.2696986776356819,0.27323886411230136,0.2765702834895354,0.47062916076087824,0.4718303727351062,0.26453263706936647,0.30051018858428136
0.2742368794260521,0.26198342491444826,0.209669354073719,0.41455366000491933,0.24188888226340777,0.27002339893329197,0.2661936404693336,0.41089133713195825,0.2781256660789123,0.4229904135928746,0.27573885217499194,0.4068423949543549,0.2661856899392532,0.4156052721234519,0.40504927490332043,0.269632096312982,0.220309460207611,0.2725708132242226,0.2531175754655952,0.26531662888216856,0.26367610042874157,0.25779313448366903,0.27332310540530114,0.25272008958674463,0.22118091132590434,0.18463983554114283,0.26636508953224514,0.40368677255917873,0.29981841864143943,0.27086785991074724,0.3964388534349418,0.2511544512277215,0.0,0.27384639349844875,0.26620894026879394,1.0,0.25939015914640706,0.25326241437575214,0.3752579530725956,0.26458851906423,0.40409091660167684,0.26295170043769933,0.26696376533110144,0.41487745038821244,0.41244412457665935,0.2876175667668047,0.2601929718764635,0.26132410929318617,0.40579351846313716,0.3092289722985546
0.29168367380302307,0.3301400188907927,0.20489837660065569,0.2546148590709142,0.31100665051865806,0.3321641717592416,0.7865499634161132,0.25045693884940146,0.29635532689923605,0.253919366659047,0.33989337493485383,0.2487272823904716,0.3470709226203935,0.24658812194630686,0.24930842192274894,0.7265725336467562,0.27492392935496734,0.36648247019426916,0.3428233200370685,0.7913300067658029,0.3634313673898455,0.3401030605008365,0.37562589626123843,0.3197173726721839,0.2801449699745816,0.23447789601000402,0.3398203635714734,0.24174220885997566,0.27645636104331195,0.2913367967603796,0.23167251967875324,0.33267826371878495,0.0,0.3415251104646887,0.34219769766818275,0.25939015914640706,1.0,0.31728681964069605,0.21937711393372616,0.33085964343621366,0.24202298634584096,0.3301512891594771,0.3394485018224047,0.24791526295902577,0.24747916391055724,0.2609606411156381,0.3281195264384854,0.3297299602850673,0.23845994601026033,0.2804985090056119
0.3078148938434704,0.42254055042668903,0.22003165374756395,0.25821477328968445,0.42256689967090444,0.40238182059135597,0.33362627039683057,0.28049767781614254,0.2961215818164199,0.26184726758085763,0.4765695363691719,0.2653710398058913,0.4879560122143052,0.26063560517419393,0.25212968645520206,0.33474605244129896,0.32013161163159465,0.4550268531736773,0.4231305898182266,0.33690162587874006,0.46769104453298993,0.4512964081694463,0.48625338120520345,0.3644731608261388,0.3200579307374187,0.27785824531335623,0.5749034853640291,0.2713876053525325,0.29301775687888576,0.296934374041123,0.24590542814886895,0.4596375612112207,0.0,0.46824152603359437,0.4000565505541176,0.25326241437575214,0.31728681964069605,1.0,0.2406403546083038,0.5134387056612638,0.252341254947688,0.41269807502501843,0.6138435697772795,0.27854892550956645,0.26877418084897,0.28079622384137326,0.41914550668495376,0.42207306151941204,0.2671318173749171,0.2958235094651699
0.25609489133290664,0.22883429794186172,0.17977251267140115,0.39745640626142253,0.3105597777254582,0.252075311585539,0.22164277472304983,0.3891356381146308,0.25124046317576676,0.39973164823181817,0.24114109626001423,0.40438769764243565,0.242786548302935,0.3872762968395066,0.396291343246417,0.23338592354950793,0.21646704351000312,0.23109880530913385,0.2146781355076245,0.2195749539933396,0.2234170925324418,0.22415645341782342,0.23374451851188793,0.23898215260921563,0.2128057093185569,0.18041427948874234,0.2255048036483045,0.3768767130357942,0.25552094837366135,0.2413939689454363,0.35955528496915146,0.24426572159214988,0.0,0.24433889948216492,0.23642726094641753,0.3752579530725956,0.21937711393372616,0.2406403546083038,1.0,0.2203020983176439,0.38031471002096784,0.2289129425195472,0.23002289881737825,0.3980935511079031,0.38989029692065924,0.24805122372485355,0.23115981287685328,0.23279198992421712,0.36487414706721366,0.266971922159256
0.3113812244166485,0.4242753413244257,0.22750594422055803,0.2561895695795747,0.40051177572566443,0.4066275257572529,0.3504504464984005,0.26699531089314454,0.30849516771384056,0.26582177104184923,0.5216332544043902,0.2596683737012052,0.5324180229243882,0.2578896197794531,0.24978930408485767,0.34813505759324637,0.3417554650383824,0.49949125749028356,0.45282888098765794,0.3542090959558455,0.5094581258430992,0.49581796547822254,0.5291229058956107,0.38493403620430033,0.3296519014647016,0.28977172809854024,0.5464693961691657,0.2610117796495973,0.29574547738857904,0.31494014221890276,0.24703284253998015,0.48313301890261395,0.0,0.5099348778704282,0.42370059422449213,0.26458851906423,0.33085964343621366,0.5134387056612638,0.2203020983176439,1.0,0.24707185610460447,0.42690797104628964,0.5458308525473845,0.2648728257392835,0.26646893726706533,0.29010768700141043,0.4407137413279677,0.44271824187786646,0.26321777040082217,0.3123311918173599
