../ecoli_genomes/GCF_000163235.1_ASM16323v1_genomic.fna.gz,../ecoli_genomes/GCF_000164555.1_ASM16455v1_genomic.fna.gz,../ecoli_genomes/GCF_000208545.1_ASM20854v2_genomic.fna.gz,../ecoli_genomes/GCF_000233875.1_ASM23387v1_genomic.fna.gz,../ecoli_genomes/GCF_000249735.1_ASM24973v2_genomic.fna.gz,../ecoli_genomes/GCF_000261145.1_Esch_coli_M919_V2_genomic.fna.gz,../ecoli_genomes/GCF_000267705.2_ASM26770v2_genomic.fna.gz,../ecoli_genomes/GCF_000350665.1_Esch_coli_KTE5_V1_genomic.fna.gz,../ecoli_genomes/GCF_000351625.1_Esch_coli_KTE66_V1_genomic.fna.gz,../ecoli_genomes/GCF_000352285.1_Esch_coli_KTE46_V1_genomic.fna.gz,../ecoli_genomes/GCF_000358895.1_ASM35889v1_genomic.fna.gz,../ecoli_genomes/GCF_000456385.1_Esch_coli_HVH_26_4-5703913_V1_genomic.fna.gz,../ecoli_genomes/GCF_000458195.1_Esch_coli_HVH_147_4-5893887_V1_genomic.fna.gz,../ecoli_genomes/GCF_000459755.1_Esch_coli_KOEGE_58_171a_V1_genomic.fna.gz,../ecoli_genomes/GCF_000460055.1_Esch_coli_UMEA_3053-1_V1_genomic.fna.gz,../ecoli_genomes/GCF_000462165.2_ASM46216v2_genomic.fna.gz,../ecoli_genomes/GCF_000601135.1_ASM60113v1_genomic.fna.gz,../ecoli_genomes/GCF_000614595.1_Ec2010EL1058_genomic.fna.gz,../ecoli_genomes/GCF_000617745.1_Ec2010C-4529_genomic.fna.gz,../ecoli_genomes/GCF_000618265.2_EcF6751_genomic.fna.gz,../ecoli_genomes/GCF_000619005.2_Ec2009C-4052_genomic.fna.gz,../ecoli_genomes/GCF_000619105.1_Ec2009C-4780_genomic.fna.gz,../ecoli_genomes/GCF_000619765.2_Ec2009C-3279_genomic.fna.gz,../ecoli_genomes/GCF_000687005.1_ASM68700v1_genomic.fna.gz,../ecoli_genomes/GCF_000687025.1_ASM68702v1_genomic.fna.gz,../ecoli_genomes/GCF_000700125.1_ASM70012v1_genomic.fna.gz,../ecoli_genomes/GCF_000753315.1_FHI35_genomic.fna.gz,../ecoli_genomes/GCF_000776375.1_ASM77637v1_genomic.fna.gz,../ecoli_genomes/GCF_000779395.1_ASM77939v1_genomic.fna.gz,../ecoli_genomes/GCF_000780315.1_ASM78031v1_genomic.fna.gz,../ecoli_genomes/GCF_000781995.1_ASM78199v1_genomic.fna.gz,../ecoli_genomes/GCF_000986765.1_ASM98676v1_genomic.fna.gz,../ecoli_genomes/GCF_001041375.1_ViralProj287958_genomic.fna.gz,../ecoli_genomes/GCF_001265335.1_302014_genomic.fna.gz,../ecoli_genomes/GCF_001265625.1_100854_genomic.fna.gz,../ecoli_genomes/GCF_001267345.1_303289_genomic.fna.gz,../ecoli_genomes/GCF_001309985.1_ASM130998v1_genomic.fna.gz,../ecoli_genomes/GCF_001521695.1_ASM152169v1_genomic.fna.gz,../ecoli_genomes/GCF_001592595.1_ASM159259v1_genomic.fna.gz,../ecoli_genomes/GCF_001614975.1_ASM161497v1_genomic.fna.gz,../ecoli_genomes/GCF_001692775.1_ASM169277v1_genomic.fna.gz,../ecoli_genomes/GCF_001748915.1_ASM174891v1_genomic.fna.gz,../ecoli_genomes/GCF_001749235.1_ASM174923v1_genomic.fna.gz,../ecoli_genomes/GCF_001881155.1_ASM188115v1_genomic.fna.gz,../ecoli_genomes/GCF_001881345.1_ASM188134v1_genomic.fna.gz,../ecoli_genomes/GCF_001892405.1_ASM189240v1_genomic.fna.gz,../ecoli_genomes/GCF_001892585.1_ASM189258v1_genomic.fna.gz,../ecoli_genomes/GCF_001893985.1_ASM189398v1_genomic.fna.gz,../ecoli_genomes/GCF_002001595.1_ASM200159v1_genomic.fna.gz,../ecoli_genomes/GCF_002002145.1_ASM200214v1_genomic.fna.gz
1.0,0.3152723399416876,0.2550091889257977,0.2875195646431977,0.3037303702328906,0.3005689325304406,0.2886545690759734,0.2861643751842059,0.39005519444352754,0.29175015803770077,0.3121207784294079,0.2868906339275187,0.29776612390466506,0.2777804761010175,0.2623092793935863,0.29360535444257685,0.2744060701922124,0.30412888805166605,0.25519425983896915,0.29419963711718833,0.2937559110271156,0.2792516894343742,0.309824015006372,0.31512452714592687,0.28200204952539243,0.3001277827834884,0.3009646486821447,0.2745673924551555,0.33136350466303,0.3896055444007924,0.2549770294312015,0.3037329096107366,0.0,0.30228176290987396,0.303678622985048,0.2844132753826212,0.2784295974118053,0.30898661992036747,0.25712630342756615,0.2953717758998875,0.26391500965928494,0.29775240309831197,0.30492540405529645,0.283128904060885,0.2916072453612756,0.31278856997492643,0.2989417093388065,0.2979479362356553,0.27091819239674886,0.3426300460155094
0.3152723399416876,1.0,0.23118776668682406,0.26800081838506307,0.40215675483860713,0.5315331174054498,0.3312457511444208,0.270794871094617,0.30013573130605864,0.2804026020733492,0.4221253901740627,0.2790208792976079,0.3998950897456952,0.26005096294269914,0.25241321443673304,0.33825011272080185,0.37381567200403265,0.4120523805790429,0.3336721468938981,0.34673061347804557,0.40098050820162234,0.36467952559210504,0.4136245191631224,0.5474417327989087,0.4645278426273296,0.46508001745330785,0.41457250614777563,0.26952685609916816,0.301707142635843,0.30118811296586634,0.2497514788844175,0.38994574317133635,0.0,0.40233702460046095,0.5604593218255511,0.258389284612371,0.31971276307894814,0.4208834531383353,0.18269907476348335,0.3989521201595084,0.2524605875577386,0.47101183946413683,0.4135249989797891,0.27568598107032216,0.27452611932654514,0.28166424180606286,0.4778082001076712,0.4792495265451584,0.274863427896496,0.2936332726823455
0.2550091889257977,0.23118776668682406,1.0,0.20657241667318016,0.20770898026715146,0.2076222364596062,0.2052070047676985,0.20903023960847622,0.23944304315804388,0.21406581959601811,0.22669369796940564,0.2105638179287893,0.21507277257293222,0.20720909473320426,0.2024401553014159,0.21028077850903004,0.17193569428024236,0.22019626881632992,0.17866104445893172,0.21597268311692253,0.21517152269440432,0.19412091494661265,0.21888196813551775,0.21025342518138967,0.18572930728915682,0.2063351437414921,0.21975847805498017,0.21007084302294587,0.24622640732051793,0.2531026455933699,0.19835454419220244,0.20807414378219113,0.0,0.21706428060959604,0.21221202278289064,0.21029575667242728,0.19771186209918368,0.21725172118521896,0.14870901256415336,0.21697795114905538,0.20159150949562143,0.2177915447759955,0.2241895915776868,0.21271139402814254,0.20612419896358292,0.23291957945635122,0.21989340262103563,0.22018486666166204,0.21561875118819174,0.24745935200173652
0.2875195646431977,0.26800081838506307,0.20657241667318016,1.0,0.28109037212756827,0.2609951977594893,0.24951241815491965,0.5010308959507839,0.28400083738769,0.5252650170033117,0.26723837324483757,0.512477215296212,0.2648232570842093,0.5493001781714455,0.5557253113387176,0.25851284963396826,0.22871502862143545,0.25725254302267053,0.21660126285684933,0.25314287960863824,0.25214306276592946,0.23711466675438453,0.26677082393445706,0.273494009795476,0.24834963995317672,0.26407881985481574,0.2597200166295781,0.5215777450856023,0.29866347138325355,0.27920900614876354,0.5013373479356473,0.274479478287863,0.0,0.2570087368245567,0.2608139557680955,0.41455638774885606,0.24498323236967,0.2574294645837957,0.3446098068487251,0.2487458294320103,0.524313823380121,0.2546869988225111,0.2609164526044945,0.5289439822218642,0.5145388800441351,0.29173289184694173,0.2553146339878648,0.2537599915448172,0.45453040053547855,0.30861475336182365
0.3037303702328906,0.40215675483860713,0.20770898026715146,0.28109037212756827,1.0,0.40721746914521195,0.31846240775565526,0.2729367345026943,0.30909994350283365,0.2850890674805131,0.5309617800133135,0.2655593770992739,0.4790052538502446,0.2632425741561565,0.27900045829843456,0.35273081202028866,0.3445420563367827,0.421037306659402,0.35360775033400293,0.32778493463810765,0.43247672647154656,0.3879959367817569,0.4402694402048519,0.4196601594262256,0.37577086446286223,0.4095202316746299,0.4451804542203356,0.25245868347343203,0.28925950020982716,0.29855844521405517,0.2597201954709575,0.4663981733545931,0.0,0.43825241285437366,0.4036037406768537,0.2512553657280284,0.3290751954380222,0.45413630028688245,0.1879375797669781,0.43453478014572167,0.27437622471219736,0.4083217438504353,0.4602838053462526,0.266570108612632,0.26811832013746784,0.26655945909285184,0.4227681230362347,0.4228193600254091,0.2559729127474274,0.287276294976171
0.3005689325304406,0.5315331174054498,0.2076222364596062,0.2609951977594893,0.40721746914521195,1.0,0.3801762424028734,0.26918506604401615,0.29071783637865833,0.2627764735897533,0.4106142076812961,0.2531755858548911,0.38964607907147375,0.25001066161648045,0.2496459579744047,0.37528177454809053,0.37221468857093587,0.404995300583338,0.3377732985707693,0.356502083201643,0.3869401513499602,0.41294510105143045,0.4041869898490187,0.5279292079756457,0.46238964355902734,0.48327745328530525,0.3928676804882302,0.2535290356900357,0.2884391639752817,0.2852536592800272,0.23672140896287996,0.3851785274093181,0.0,0.40414272661477135,0.5417736643510378,0.2753016983639167,0.3557446301823849,0.4135537085694859,0.19154384104321298,0.38158751841852734,0.2437216054351492,0.4518407137946451,0.3996005571830351,0.26135555962927803,0.25787982500320095,0.27474154544229734,0.4635507104506902,0.465538804339271,0.2508674508261426,0.3019151985623517
0.2886545690759734,0.3312457511444208,0.2052070047676985,0.24951241815491965,0.31846240775565526,0.3801762424028734,1.0,0.24393851907125685,0.2855333324280396,0.25001303626344695,0.33841029168732095,0.2415306339980814,0.31942253036879187,0.23785906950112623,0.2326412122635373,0.760541597041937,0.2647445025298768,0.3627705890511318,0.304276325862902,0.8217710228223016,0.3607722478288261,0.3742154571538815,0.36560109802031926,0.3288448910153089,0.2825230154986006,0.3493596223455522,0.3317591429202119,0.23877346581589276,0.27627621987366235,0.2812220811672096,0.22630514015561853,0.3167477601491382,0.0,0.33578106570951494,0.34221070283296773,0.2741722086613054,0.7549866581276231,0.32819787078002716,0.1804926237069462,0.32440476856438916,0.22729914054863998,0.3321609943009797,0.33687802036031067,0.24435418378092444,0.24324663328345453,0.2666133762985988,0.3285794505510725,0.328158148969926,0.23886874384686008,0.2879356681120754
0.2861643751842059,0.270794871094617,0.20903023960847622,0.5010308959507839,0.2729367345026943,0.26918506604401615,0.24393851907125685,1.0,0.2756411247878331,0.5006249636605387,0.2636538761705942,0.4857203576937751,0.2621722520039914,0.48925837453463705,0.4801885337893973,0.2535693483549296,0.23603814394520228,0.2576888920122008,0.22138822623621945,0.25081882241664266,0.24665963951621184,0.2374407544133743,0.2602118261051759,0.27936822489937874,0.24796389696895305,0.2638361704726342,0.2621723921926442,0.6823319195820031,0.3087192545025621,0.2740212425295694,0.46998265212044,0.26303284067422095,0.0,0.2616185141915103,0.25879300216776524,0.4055121986369252,0.23777988948888007,0.2742475474648317,0.32297778052602344,0.254547363123797,0.4793131538570695,0.25705194480865934,0.2666743478309491,0.6954967175900241,0.6543446910661268,0.2932142290990628,0.25694744810229253,0.2563344132921409,0.4425075062725389,0.3089340179524436
0.39005519444352754,0.30013573130605864,0.23944304315804388,0.28400083738769,0.30909994350283365,0.29071783637865833,0.2855333324280396,0.2756411247878331,1.0,0.29118062681691614,0.3085066827978644,0.2703434137525169,0.30388490438130256,0.2722379354848775,0.27430572950138554,0.2945919088169303,0.24088187222040003,0.3035595991379456,0.24417697549087836,0.29660698956843445,0.289318944222838,0.2703429570091582,0.30255979148170353,0.308743952713739,0.2593530126867034,0.2905109944348395,0.3077199990395745,0.2654742240895752,0.32525201796406256,0.40264277847881136,0.26519151036215516,0.2908906686407834,0.0,0.29762251324097844,0.2979328748465868,0.27612671882131445,0.2807194539407727,0.2948147501473479,0.20057490982903736,0.29492920390082955,0.2705121397299879,0.2944101398963148,0.3099676057761148,0.2697407116339484,0.2622923529328458,0.30628854839971753,0.29241928690054686,0.2918142278835486,0.26677672844617784,0.33902148783396047
0.29175015803770077,0.2804026020733492,0.21406581959601811,0.5252650170033117,0.2850890674805131,0.2627764735897533,0.25001303626344695,0.5006249636605387,0.29118062681691614,1.0,0.2723135049422617,0.495811287331517,0.2714342357894203,0.5096443140433784,0.5021348065880569,0.25988451098457555,0.2131673624003122,0.25997341049978573,0.21663110870415203,0.25618765891648554,0.2519232263872996,0.23754752252540057,0.2591093156982329,0.26937629028326837,0.23447869517136033,0.26299989142758684,0.26462198359552,0.5041988789519323,0.3099567671944966,0.2863071314754474,0.5177089664860531,0.2590200163106,0.0,0.257130679404482,0.26076444650639374,0.4224960062982782,0.24401258580423735,0.2615258438275896,0.33115290894651306,0.25784486360086856,0.5297451627793733,0.2568012712775407,0.2638203456192424,0.5065291121360396,0.5042850617037834,0.2954975416956671,0.2582897574464539,0.2575079804345327,0.4691786559982507,0.30550499107602735
0.3121207784294079,0.4221253901740627,0.22669369796940564,0.26723837324483757,0.5309617800133135,0.4106142076812961,0.33841029168732095,0.2636538761705942,0.3085066827978644,0.2723135049422617,1.0,0.2657688348383276,0.5217134156036236,0.26212393821072244,0.25651839388424313,0.3532093666445125,0.3259519885196215,0.4822576774088313,0.4180482948958849,0.3515878481767609,0.4778394729662292,0.45764781059462056,0.49445227185845486,0.42888032079949145,0.34996390613784134,0.4051263045143847,0.5007671228439741,0.25906426462436216,0.3017461349549493,0.3068089547937134,0.2460704133187449,0.4557327808739564,0.0,0.4822293775448626,0.42806529841819674,0.2709899202546652,0.3337983872691066,0.4850899900200316,0.19677618893177384,0.49101811581683863,0.2526612317771073,0.4371609203617369,0.5083741986494668,0.2645861674110821,0.26264019135349614,0.27896872553293905,0.4321233566380408,0.42981369395368985,0.2649322663981244,0.3092621231492325
0.2868906339275187,0.2790208792976079,0.2105638179287893,0.512477215296212,0.2655593770992739,0.2531755858548911,0.2415306339980814,0.4857203576937751,0.2703434137525169,0.495811287331517,0.2657688348383276,1.0,0.25784213975354353,0.5056057290162297,0.6053468702035762,0.2501503610615634,0.22701763104674866,0.25286913851410764,0.22082537800890634,0.24786582955547543,0.253262640308044,0.23328214763379718,0.25839959650463473,0.26918326012321525,0.23906786031398186,0.256351806960482,0.25924025646171933,0.4854635256197538,0.3085339152214609,0.2718558850670314,0.4521790848588738,0.2590933542343362,0.0,0.25667021734344375,0.26129804956689584,0.39543788448610273,0.2358683334002225,0.261980736655097,0.32344945518046964,0.249989671815965,0.47349817213332124,0.2487205122834797,0.26379329132615525,0.4980123390714174,0.48940184836953315,0.2886239886307781,0.25832372173144724,0.2571714758735977,0.4374316726814086,0.301860833199211
0.29776612390466506,0.3998950897456952,0.21507277257293222,0.2648232570842093,0.4790052538502446,0.38964607907147375,0.31942253036879187,0.2621722520039914,0.30388490438130256,0.2714342357894203,0.5217134156036236,0.25784213975354353,1.0,0.2511622582335207,0.25868320845102055,0.3422198749471179,0.3117660202134743,0.4742568426177741,0.4947309479270976,0.33176801244294796,0.4907990768389837,0.52714952801192,0.5334348889908636,0.40660706081565456,0.3387435247992152,0.388573278723398,0.5160408113562087,0.2525221696401371,0.2837242649330364,0.29858087393591837,0.24324536719406697,0.5136018430125926,0.0,0.516788594024221,0.4060727982696113,0.25113297884946184,0.3223419881130327,0.490885058291638,0.18527335184661486,0.4985423064020501,0.25341267346984364,0.41285640705555593,0.5118202908723847,0.2588894460448805,0.2534410832516959,0.2630116216924794,0.41115318396757206,0.40935331909190464,0.25344481548460995,0.2879369093619998
0.2777804761010175,0.26005096294269914,0.20720909473320426,0.5493001781714455,0.2632425741561565,0.25001066161648045,0.23785906950112623,0.48925837453463705,0.2722379354848775,0.5096443140433784,0.26212393821072244,0.5056057290162297,0.2511622582335207,1.0,0.5407492888967049,0.24422973535736014,0.20609614581655034,0.25321882092310877,0.21178495569665845,0.2474593479453122,0.24218725744141278,0.22756212268984388,0.2563011196173508,0.24978982852113418,0.22155070869458238,0.24352104657815354,0.25638345549101604,0.5173722151430532,0.30636191127429657,0.2675000456472372,0.4954388803138692,0.25304285942468996,0.0,0.24940990196897173,0.2525550597206204,0.41030300826927624,0.23175464143049318,0.2537609918770567,0.33600138370471533,0.24439715994677635,0.510420333622375,0.24764051672529852,0.255494608048055,0.5155264508230851,0.500683710985555,0.2932355850413676,0.2490171031063665,0.2493336441360119,0.45577605400396703,0.3065810399766037
0.2623092793935863,0.25241321443673304,0.2024401553014159,0.5557253113387176,0.27900045829843456,0.2496459579744047,0.2326412122635373,0.4801885337893973,0.27430572950138554,0.5021348065880569,0.25651839388424313,0.6053468702035762,0.25868320845102055,0.5407492888967049,1.0,0.2440016157987157,0.21116333179081648,0.24394527597469917,0.2066102319485289,0.23991853968722177,0.24014064690427162,0.22258615021000405,0.24958693988621639,0.25765243318867603,0.22714286330427058,0.25060223087116484,0.2497198359826327,0.48358830930862684,0.29383581517996504,0.2658732557964876,0.4991534401279486,0.2594598692546741,0.0,0.24563117499326104,0.24936703813008987,0.39139814629545433,0.22998993763846798,0.25012998214658455,0.31993928772284497,0.24056698585339298,0.5181846174800528,0.2434029434771242,0.25376313581830734,0.4906775327115266,0.4748823701389714,0.28460807537433164,0.2528836327727755,0.25293788119316274,0.43667125082564295,0.3084109769403478
0.29360535444257685,0.33825011272080185,0.21028077850903004,0.25851284963396826,0.35273081202028866,0.37528177454809053,0.760541597041937,0.2535693483549296,0.2945919088169303,0.25988451098457555,0.3532093666445125,0.2501503610615634,0.3422198749471179,0.24422973535736014,0.2440016157987157,1.0,0.27696274205200533,0.35806344094226683,0.3082906267662473,0.7590092451139775,0.3509923599261249,0.3583730793688036,0.36171320188185185,0.34792350405353833,0.29664769133842894,0.3553628227443576,0.3349509326726191,0.24415072467503374,0.28037102321277185,0.294059881838003,0.23461332167752968,0.33219150851559864,0.0,0.3407857759811541,0.3515150920255784,0.2725366097482588,0.7488640639840156,0.33658117742262395,0.18722764051001695,0.32831243535159327,0.2399884355573475,0.3397893698832163,0.3430127883564258,0.251290965300218,0.2512642450911343,0.26928330327441086,0.33977557324271124,0.338256912639714,0.24657309682374162,0.29176931279113005
0.2744060701922124,0.37381567200403265,0.17193569428024236,0.22871502862143545,0.3445420563367827,0.37221468857093587,0.2647445025298768,0.23603814394520228,0.24088187222040003,0.2131673624003122,0.3259519885196215,0.22701763104674866,0.3117660202134743,0.20609614581655034,0.21116333179081648,0.27696274205200533,1.0,0.31288144872492074,0.26093510081845406,0.27055246664042487,0.3069875410165378,0.28888406208049255,0.32308075994549035,0.4706200692813979,0.5560632661969978,0.4853443262014181,0.3123246086100382,0.205741770585269,0.2327707936023291,0.23813269950423344,0.19514714072757078,0.39157765461751715,0.0,0.3280242442164991,0.39341755452709337,0.21237110969303696,0.2680975797697197,0.3174562802597539,0.16862024887463178,0.3114233694953684,0.20467922220447898,0.3529594957322869,0.32153049584289917,0.24464611659108615,0.24683578497925085,0.2216589875756486,0.3739179729978118,0.3733993004003914,0.2038628830859942,0.24221638570600568
0.30412888805166605,0.4120523805790429,0.22019626881632992,0.25725254302267053,0.421037306659402,0.404995300583338,0.3627705890511318,0.2576888920122008,0.3035595991379456,0.25997341049978573,0.4822576774088313,0.25286913851410764,0.4742568426177741,0.25321882092310877,0.24394527597469917,0.35806344094226683,0.31288144872492074,1.0,0.44199557468738426,0.37365785407082497,0.5048104860436189,0.4678864882082645,0.5189794101396294,0.3994824345791763,0.3346184896113492,0.38090476862706024,0.49213587286242366,0.2562623883088623,0.2916792009015222,0.30364644708713384,0.23774491832920708,0.44545828675076415,0.0,0.4754768663278275,0.412591976630754,0.27283294258387825,0.34657476485944916,0.45679649041515913,0.18601363738894205,0.4742352135940655,0.23799530127109958,0.4250557418368478,0.4828239776430183,0.2558895976240352,0.25010773921931406,0.27054232764166175,0.42103722294299817,0.4215399451684926,0.25192018070520106,0.29432657299341614
0.25519425983896915,0.3336721468938981,0.17866104445893172,0.21660126285684933,0.35360775033400293,0.3377732985707693,0.304276325862902,0.22138822623621945,0.24417697549087836,0.21663110870415203,0.4180482948958849,0.22082537800890634,0.4947309479270976,0.21178495569665845,0.2066102319485289,0.3082906267662473,0.26093510081845406,0.44199557468738426,1.0,0.304680445039485,0.4238780808113529,0.4956705984190327,0.426656001477991,0.3276153716621364,0.27927283819133497,0.315344327686943,0.40600420441025165,0.21388665397109363,0.23782637250777627,0.24238407243439486,0.19626194115095652,0.45058257182308803,0.0,0.39946486959693683,0.3422191406850892,0.22939964058488826,0.2994980026838632,0.38861923762638173,0.16257587674435947,0.3900824389237537,0.2028473703980983,0.3421980721463931,0.3999011742604144,0.22128696081696275,0.21614173331972797,0.22287282380758322,0.3369372289886503,0.3361215851719359,0.20963327895109407,0.24491754449752556
0.29419963711718833,0.34673061347804557,0.21597268311692253,0.25314287960863824,0.32778493463810765,0.356502083201643,0.8217710228223016,0.25081882241664266,0.29660698956843445,0.25618765891648554,0.3515878481767609,0.24786582955547543,0.33176801244294796,0.2474593479453122,0.23991853968722177,0.7590092451139775,0.27055246664042487,0.37365785407082497,0.304680445039485,1.0,0.3721388814927187,0.34361678036383947,0.3738558384699696,0.33519433408365806,0.29015623277980074,0.3372380512837516,0.34638343485837664,0.25000415829563327,0.28762158388811554,0.2936131267984814,0.2337728407534655,0.324872854560882,0.0,0.34651725779866605,0.3517531135409835,0.26918456265633184,0.7666400495119936,0.3336619218994453,0.18377717286062079,0.33809085347633194,0.23373975658397472,0.34621191521798034,0.34971893055055514,0.24857824731283262,0.24664484177206625,0.2727313321663982,0.3406104394036428,0.34158367345744045,0.24756372437522056,0.29225344427784594
0.2937559110271156,0.40098050820162234,0.21517152269440432,0.25214306276592946,0.43247672647154656,0.3869401513499602,0.3607722478288261,0.24665963951621184,0.289318944222838,0.2519232263872996,0.4778394729662292,0.253262640308044,0.4907990768389837,0.24218725744141278,0.24014064690427162,0.3509923599261249,0.3069875410165378,0.5048104860436189,0.4238780808113529,0.3721388814927187,1.0,0.4737276667396897,0.533932991773316,0.3872126748156939,0.328234425814122,0.3829020494363824,0.5024584718725085,0.24942563890358693,0.27872014562509917,0.29039161178058037,0.22863372632943435,0.4608665637944146,0.0,0.49831752187085865,0.4087525303839219,0.2623895261508269,0.3460652800899807,0.47375163906200035,0.18073514787864298,0.4886612696785181,0.23229221628418217,0.40148069601958236,0.49729754906977186,0.25014197796152593,0.246183355278912,0.27021587113364964,0.4103124351867349,0.4112655219261737,0.24664143851896814,0.2875991103702027
0.2792516894343742,0.36467952559210504,0.19412091494661265,0.23711466675438453,0.3879959367817569,0.41294510105143045,0.3742154571538815,0.2374407544133743,0.2703429570091582,0.23754752252540057,0.45764781059462056,0.23328214763379718,0.52714952801192,0.22756212268984388,0.22258615021000405,0.3583730793688036,0.28888406208049255,0.4678864882082645,0.4956705984190327,0.34361678036383947,0.4737276667396897,1.0,0.6375763121245872,0.35497789063189567,0.3028862512206508,0.38317665602436823,0.4603448114240737,0.22985956718211986,0.2575469719084986,0.2619976730381691,0.21419180944830196,0.45757286840378775,0.0,0.5652208447077071,0.3664752361384108,0.2588123849962588,0.3431752920948047,0.4507525603233119,0.1735305623901361,0.45237800242509296,0.21738460884172384,0.37056572064232396,0.46305543444954134,0.237052963353934,0.2306170642497708,0.2513229964637457,0.37167318785874437,0.37022345504670273,0.23068545505691074,0.2763730065354215
0.309824015006372,0.4136245191631224,0.21888196813551775,0.26677082393445706,0.4402694402048519,0.4041869898490187,0.36560109802031926,0.2602118261051759,0.30255979148170353,0.2591093156982329,0.49445227185845486,0.25839959650463473,0.5334348889908636,0.2563011196173508,0.24958693988621639,0.36171320188185185,0.32308075994549035,0.5189794101396294,0.426656001477991,0.3738558384699696,0.533932991773316,0.6375763121245872,1.0,0.39699237990197256,0.34174105822663237,0.3833171293709686,0.5257944399162797,0.2605426561163263,0.2927834413100675,0.2911915184502717,0.24158951454382294,0.4806083093230037,0.0,0.6404616685444422,0.41231734120915253,0.2667060615999578,0.3502317392480957,0.4914074343915039,0.18870675277566595,0.49988085842239793,0.24368722867188375,0.4179544405534784,0.5167490211943555,0.26064225103067984,0.25390127104899995,0.27302270939542794,0.4122825824165438,0.4129287130102577,0.254403728322955,0.2935066691034528
0.31512452714592687,0.5474417327989087,0.21025342518138967,0.273494009795476,0.4196601594262256,0.5279292079756457,0.3288448910153089,0.27936822489937874,0.308743952713739,0.26937629028326837,0.42888032079949145,0.26918326012321525,0.40660706081565456,0.24978982852113418,0.25765243318867603,0.34792350405353833,0.4706200692813979,0.3994824345791763,0.3276153716621364,0.33519433408365806,0.3872126748156939,0.35497789063189567,0.39699237990197256,1.0,0.5489157972133129,0.5100329035883224,0.401851535462874,0.24677868355937393,0.2838619962827831,0.2973849118169628,0.24292803179291478,0.40899494571632933,0.0,0.39873549430081145,0.5737618528690882,0.25770716033581686,0.32735542697825193,0.3959337851753373,0.19288678683975302,0.38554758564059766,0.25582632396486826,0.4587489637029123,0.40234993887953796,0.26994078971948066,0.2699258254748348,0.2698576812660587,0.4613014994732849,0.4574227947397962,0.2521981747370341,0.2909924996822315
0.28200204952539243,0.4645278426273296,0.18572930728915682,0.24834963995317672,0.37577086446286223,0.46238964355902734,0.2825230154986006,0.24796389696895305,0.2593530126867034,0.23447869517136033,0.34996390613784134,0.23906786031398186,0.3387435247992152,0.22155070869458238,0.22714286330427058,0.29664769133842894,0.5560632661969978,0.3346184896113492,0.27927283819133497,0.29015623277980074,0.328234425814122,0.3028862512206508,0.34174105822663237,0.5489157972133129,1.0,0.5035876835629418,0.33690198102017177,0.21525794288264855,0.24545298066134447,0.25347509621895126,0.21200170658273243,0.39413559621379735,0.0,0.33984486802227054,0.4887367087172949,0.22383669296824604,0.28578797975448866,0.34775474607622303,0.17421965939585826,0.33086688498177363,0.22054190102385351,0.3861709798027446,0.3489372809535326,0.25931797818442437,0.2511305296716736,0.2404114256371146,0.39865646381653896,0.3983358552080978,0.22854888280941565,0.2551959563798759
0.3001277827834884,0.46508001745330785,0.2063351437414921,0.26407881985481574,0.4095202316746299,0.48327745328530525,0.3493596223455522,0.2638361704726342,0.2905109944348395,0.26299989142758684,0.4051263045143847,0.256351806960482,0.388573278723398,0.24352104657815354,0.25060223087116484,0.3553628227443576,0.4853443262014181,0.38090476862706024,0.315344327686943,0.3372380512837516,0.3829020494363824,0.38317665602436823,0.3833171293709686,0.5100329035883224,0.5035876835629418,1.0,0.38300939923025346,0.23888170766511074,0.2735320758844968,0.28217208461220644,0.2347138743093793,0.3989467197624307,0.0,0.37593567650891724,0.4713459718273324,0.25927723825665316,0.33929458535892154,0.3947224488033052,0.19493268000077757,0.38111029917471306,0.24367019799783451,0.4369460349652452,0.3857773432409868,0.27247112278171537,0.2658489994223152,0.263832244258688,0.459366696536336,0.45745328157732235,0.25375903594905036,0.29138690337631246
0.3009646486821447,0.41457250614777563,0.21975847805498017,0.2597200166295781,0.4451804542203356,0.3928676804882302,0.3317591429202119,0.2621723921926442,0.3077199990395745,0.26462198359552,0.5007671228439741,0.25924025646171933,0.5160408113562087,0.25638345549101604,0.2497198359826327,0.3349509326726191,0.3123246086100382,0.49213587286242366,0.40600420441025165,0.34638343485837664,0.5024584718725085,0.4603448114240737,0.5257944399162797,0.401851535462874,0.33690198102017177,0.38300939923025346,1.0,0.25806943220728484,0.29361489092804516,0.29586542003708116,0.24176354012795764,0.4781586929444642,0.0,0.49874096261153467,0.4099217630174,0.2592280335744701,0.3215299956855149,0.5803488975394115,0.18195515723313072,0.5177852563452483,0.24494629238591858,0.421439235488832,0.618886819370752,0.26231574191796125,0.2531632343876967,0.2769675048514696,0.41431822661550666,0.4149718766488547,0.2580148278031634,0.2935673795394632
0.2745673924551555,0.26952685609916816,0.21007084302294587,0.5215777450856023,0.25245868347343203,0.2535290356900357,0.23877346581589276,0.6823319195820031,0.2654742240895752,0.5041988789519323,0.25906426462436216,0.4854635256197538,0.2525221696401371,0.5173722151430532,0.48358830930862684,0.24415072467503374,0.205741770585269,0.2562623883088623,0.21388665397109363,0.25000415829563327,0.24942563890358693,0.22985956718211986,0.2605426561163263,0.24677868355937393,0.21525794288264855,0.23888170766511074,0.25806943220728484,1.0,0.3083458599337765,0.2687878940491234,0.4696588742578074,0.25104805286742904,0.0,0.25331668332736224,0.24991723826985268,0.4061245063398692,0.23239503632920333,0.2646506826152264,0.3152843666050269,0.25027948061866556,0.4797358717367505,0.25432134767111103,0.25906774857038295,0.7862665723717348,0.7350107020421206,0.2899142694019856,0.25392560203207926,0.25492612409182736,0.4555302778804744,0.2987258194445195
0.33136350466303,0.301707142635843,0.24622640732051793,0.29866347138325355,0.28925950020982716,0.2884391639752817,0.27627621987366235,0.3087192545025621,0.32525201796406256,0.3099567671944966,0.3017461349549493,0.3085339152214609,0.2837242649330364,0.30636191127429657,0.29383581517996504,0.28037102321277185,0.2327707936023291,0.2916792009015222,0.23782637250777627,0.28762158388811554,0.27872014562509917,0.2575469719084986,0.2927834413100675,0.2838619962827831,0.24545298066134447,0.2735320758844968,0.29361489092804516,0.3083458599337765,1.0,0.3232826068504091,0.28620213704851416,0.2806539738126048,0.0,0.28582851417114363,0.28909160417820623,0.30080943956091044,0.2665790850411385,0.2916944498591113,0.20880961912841034,0.28501660712190935,0.28731695986783623,0.28843398329291825,0.2940520342711629,0.30424158848999383,0.3009624277042652,0.39445962920543365,0.2850631463273302,0.2852743880576827,0.2960818296682063,0.6139833699029122
0.3896055444007924,0.30118811296586634,0.2531026455933699,0.27920900614876354,0.29855844521405517,0.2852536592800272,0.2812220811672096,0.2740212425295694,0.40264277847881136,0.2863071314754474,0.3068089547937134,0.2718558850670314,0.29858087393591837,0.2675000456472372,0.2658732557964876,0.294059881838003,0.23813269950423344,0.30364644708713384,0.24238407243439486,0.2936131267984814,0.29039161178058037,0.2619976730381691,0.2911915184502717,0.2973849118169628,0.25347509621895126,0.28217208461220644,0.29586542003708116,0.2687878940491234,0.3232826068504091,1.0,0.25794407154808796,0.27673660152006174,0.0,0.28407482064330525,0.2982731961808527,0.2757766100792268,0.2745605636116851,0.29006598060042843,0.23790205182667845,0.29513494223763814,0.2635113401175213,0.29080898991140913,0.299677152491569,0.2717711667671615,0.2650464782531894,0.32303601146116356,0.2944765141125165,0.294556718773187,0.2650401939905608,0.337889836602857
0.2549770294312015,0.2497514788844175,0.19835454419220244,0.5013373479356473,0.2597201954709575,0.23672140896287996,0.22630514015561853,0.46998265212044,0.26519151036215516,0.5177089664860531,0.2460704133187449,0.4521790848588738,0.24324536719406697,0.4954388803138692,0.4991534401279486,0.23461332167752968,0.19514714072757078,0.23774491832920708,0.19626194115095652,0.2337728407534655,0.22863372632943435,0.21419180944830196,0.24158951454382294,0.24292803179291478,0.21200170658273243,0.2347138743093793,0.24176354012795764,0.4696588742578074,0.28620213704851416,0.25794407154808796,1.0,0.23907410507551974,0.0,0.23698574576969178,0.2362403007186077,0.39017152970273894,0.22344426950301544,0.23927199145803502,0.29977534254564553,0.23261675911685153,0.6598100150828979,0.23706775102539868,0.2414581251517922,0.472950592067202,0.45727113330347324,0.27504334085627924,0.23596900930777465,0.23575628534197057,0.42598865656370033,0.28110114006950604
0.3037329096107366,0.38994574317133635,0.20807414378219113,0.274479478287863,0.4663981733545931,0.3851785274093181,0.3167477601491382,0.26303284067422095,0.2908906686407834,0.2590200163106,0.4557327808739564,0.2590933542343362,0.5136018430125926,0.25304285942468996,0.2594598692546741,0.33219150851559864,0.39157765461751715,0.44545828675076415,0.45058257182308803,0.324872854560882,0.4608665637944146,0.45757286840378775,0.4806083093230037,0.40899494571632933,0.39413559621379735,0.3989467197624307,0.4781586929444642,0.25104805286742904,0.2806539738126048,0.27673660152006174,0.23907410507551974,1.0,0.0,0.46729261783916276,0.38953584928982476,0.24877255258391473,0.32595539426274467,0.47748128023195147,0.18886503784334896,0.4664747492436475,0.24746626082927048,0.39649663331548146,0.48722875851690695,0.263724323858484,0.265864689322058,0.26384072141067094,0.40645958445105945,0.40622313400859844,0.24224950963196235,0.2817463945431554
0.0,0.0,0.0,0.0,0.0,0.0,0.0,0.0,0.0,0.0,0.0,0.0,0.0,0.0,0.0,0.0,0.0,0.0,0.0,0.0,0.0,0.0,0.0,0.0,0.0,0.0,0.0,0.0,0.0,0.0,0.0,0.0,1.0,0.0,0.0,0.0,0.0,0.0,0.0,0.0,0.0,0.0,0.0,0.0,0.0,0.0,0.0,0.0,0.0,0.0
0.30228176290987396,0.40233702460046095,0.21706428060959604,0.2570087368245567,0.43825241285437366,0.40414272661477135,0.33578106570951494,0.2616185141915103,0.29762251324097844,0.257130679404482,0.4822293775448626,0.25667021734344375,0.516788594024221,0.24940990196897173,0.24563117499326104,0.3407857759811541,0.3280242442164991,0.4754768663278275,0.39946486959693683,0.34651725779866605,0.49831752187085865,0.5652208447077071,0.6404616685444422,0.39873549430081145,0.33984486802227054,0.37593567650891724,0.49874096261153467,0.25331668332736224,0.28582851417114363,0.28407482064330525,0.23698574576969178,0.46729261783916276,0.0,1.0,0.41052990970412295,0.27299497684056573,0.3252915646382476,0.4800377244117472,0.19501579837804095,0.48191388454200934,0.23919775991734582,0.40850236443125365,0.5072639395984551,0.25796423242465405,0.25554474869962474,0.26852502072670004,0.40870248973596546,0.4096495576812009,0.25139324276224995,0.2929129434400507
0.303678622985048,0.5604593218255511,0.21221202278289064,0.2608139557680955,0.4036037406768537,0.5417736643510378,0.34221070283296773,0.25879300216776524,0.2979328748465868,0.26076444650639374,0.42806529841819674,0.26129804956689584,0.4060727982696113,0.2525550597206204,0.24936703813008987,0.3515150920255784,0.39341755452709337,0.412591976630754,0.3422191406850892,0.3517531135409835,0.4087525303839219,0.3664752361384108,0.41231734120915253,0.5737618528690882,0.4887367087172949,0.4713459718273324,0.4099217630174,0.24991723826985268,0.28909160417820623,0.2982731961808527,0.2362403007186077,0.38953584928982476,0.0,0.41052990970412295,1.0,0.26065392036828583,0.33156657592106287,0.4017883458559691,0.1914305204689335,0.39955043019402936,0.24260106860913422,0.46933491840058417,0.4196462507142533,0.255907511461568,0.25543976388207756,0.27134802275149583,0.4731039289455954,0.4722742752467569,0.2542525906581732,0.29155609111567626
0.2844132753826212,0.258389284612371,0.21029575667242728,0.41455638774885606,0.2512553657280284,0.2753016983639167,0.2741722086613054,0.4055121986369252,0.27612671882131445,0.4224960062982782,0.2709899202546652,0.39543788448610273,0.25113297884946184,0.41030300826927624,0.39139814629545433,0.2725366097482588,0.21237110969303696,0.27283294258387825,0.22939964058488826,0.26918456265633184,0.2623895261508269,0.2588123849962588,0.2667060615999578,0.25770716033581686,0.22383669296824604,0.25927723825665316,0.2592280335744701,0.4061245063398692,0.30080943956091044,0.2757766100792268,0.39017152970273894,0.24877255258391473,0.0,0.27299497684056573,0.26065392036828583,1.0,0.25884205793971615,0.2599873538047033,0.3341383688364338,0.25647797172285314,0.3950207785253469,0.2546435333322139,0.25939666077409185,0.4113180653575207,0.4053634351729738,0.29364601712553673,0.2553437488186968,0.25403668399385004,0.39972731113281645,0.3082791590135764
0.2784295974118053,0.31971276307894814,0.19771186209918368,0.24498323236967,0.3290751954380222,0.3557446301823849,0.7549866581276231,0.23777988948888007,0.2807194539407727,0.24401258580423735,0.3337983872691066,0.2358683334002225,0.3223419881130327,0.23175464143049318,0.22998993763846798,0.7488640639840156,0.2680975797697197,0.34657476485944916,0.2994980026838632,0.7666400495119936,0.3460652800899807,0.3431752920948047,0.3502317392480957,0.32735542697825193,0.28578797975448866,0.33929458535892154,0.3215299956855149,0.23239503632920333,0.2665790850411385,0.2745605636116851,0.22344426950301544,0.32595539426274467,0.0,0.3252915646382476,0.33156657592106287,0.25884205793971615,1.0,0.32269136118523967,0.17563030139885538,0.3103242372991374,0.22444259826230317,0.3270954092988221,0.3299930274204349,0.23682026295697767,0.23495504012760904,0.2545391638618334,0.3208766721396874,0.32099219720218,0.22942549631976716,0.27827416944254013
0.30898661992036747,0.4208834531383353,0.21725172118521896,0.2574294645837957,0.45413630028688245,0.4135537085694859,0.32819787078002716,0.2742475474648317,0.2948147501473479,0.2615258438275896,0.4850899900200316,0.261980736655097,0.490885058291638,0.2537609918770567,0.25012998214658455,0.33658117742262395,0.3174562802597539,0.45679649041515913,0.38861923762638173,0.3336619218994453,0.47375163906200035,0.4507525603233119,0.4914074343915039,0.3959337851753373,0.34775474607622303,0.3947224488033052,0.5803488975394115,0.2646506826152264,0.2916944498591113,0.29006598060042843,0.23927199145803502,0.47748128023195147,0.0,0.4800377244117472,0.4017883458559691,0.2599873538047033,0.32269136118523967,1.0,0.19066675524643162,0.49143995421040965,0.24563882193883313,0.4165670865479578,0.6240812364233612,0.27138940473690343,0.2624835084864704,0.27090351368077226,0.42188408942482203,0.4217692116781071,0.26253423529053554,0.29422090041618587
0.25712630342756615,0.18269907476348335,0.14870901256415336,0.3446098068487251,0.1879375797669781,0.19154384104321298,0.1804926237069462,0.32297778052602344,0.20057490982903736,0.33115290894651306,0.19677618893177384,0.32344945518046964,0.18527335184661486,0.33600138370471533,0.31993928772284497,0.18722764051001695,0.16862024887463178,0.18601363738894205,0.16257587674435947,0.18377717286062079,0.18073514787864298,0.1735305623901361,0.18870675277566595,0.19288678683975302,0.17421965939585826,0.19493268000077757,0.18195515723313072,0.3152843666050269,0.20880961912841034,0.23790205182667845,0.29977534254564553,0.18886503784334896,0.0,0.19501579837804095,0.1914305204689335,0.3341383688364338,0.17563030139885538,0.19066675524643162,1.0,0.1789419921392027,0.3117511129576245,0.1824808687747751,0.18921800624196294,0.32585559626725624,0.32395554644574187,0.19882116206619804,0.18699599505046238,0.1835181958497506,0.31263039654443125,0.22436296533025124
0.2953717758998875,0.3989521201595084,0.21697795114905538,0.2487458294320103,0.43453478014572167,0.38158751841852734,0.32440476856438916,0.254547363123797,0.29492920390082955,0.25784486360086856,0.49101811581683863,0.249989671815965,0.4985423064020501,0.24439715994677635,0.24056698585339298,0.32831243535159327,0.3114233694953684,0.4742352135940655,0.3900824389237537,0.33809085347633194,0.4886612696785181,0.45237800242509296,0.49988085842239793,0.38554758564059766,0.33086688498177363,0.38111029917471306,0.5177852563452483,0.25027948061866556,0.28501660712190935,0.29513494223763814,0.23261675911685153,0.4664747492436475,0.0,0.48191388454200934,0.39955043019402936,0.25647797172285314,0.3103242372991374,0.49143995421040965,0.1789419921392027,1.0,0.23248317210637048,0.4084719029393976,0.5146480070542538,0.25057582472358053,0.2508139686404449,0.27344784539950817,0.41735844069780037,0.4178527704417734,0.24914044227154164,0.2916940686634687
