../ecoli_genomes/GCF_000163235.1_ASM16323v1_genomic.fna.gz,../ecoli_genomes/GCF_000164555.1_ASM16455v1_genomic.fna.gz,../ecoli_genomes/GCF_000208545.1_ASM20854v2_genomic.fna.gz,../ecoli_genomes/GCF_000233875.1_ASM23387v1_genomic.fna.gz,../ecoli_genomes/GCF_000249735.1_ASM24973v2_genomic.fna.gz,../ecoli_genomes/GCF_000261145.1_Esch_coli_M919_V2_genomic.fna.gz,../ecoli_genomes/GCF_000267705.2_ASM26770v2_genomic.fna.gz,../ecoli_genomes/GCF_000350665.1_Esch_coli_KTE5_V1_genomic.fna.gz,../ecoli_genomes/GCF_000351625.1_Esch_coli_KTE66_V1_genomic.fna.gz,../ecoli_genomes/GCF_000352285.1_Esch_coli_KTE46_V1_genomic.fna.gz,../ecoli_genomes/GCF_000358895.1_ASM35889v1_genomic.fna.gz,../ecoli_genomes/GCF_000456385.1_Esch_coli_HVH_26_4-5703913_V1_genomic.fna.gz,../ecoli_genomes/GCF_000458195.1_Esch_coli_HVH_147_4-5893887_V1_genomic.fna.gz,../ecoli_genomes/GCF_000459755.1_Esch_coli_KOEGE_58_171a_V1_genomic.fna.gz,../ecoli_genomes/GCF_000460055.1_Esch_coli_UMEA_3053-1_V1_genomic.fna.gz,../ecoli_genomes/GCF_000462165.2_ASM46216v2_genomic.fna.gz,../ecoli_genomes/GCF_000601135.1_ASM60113v1_genomic.fna.gz,../ecoli_genomes/GCF_000614595.1_Ec2010EL1058_genomic.fna.gz,../ecoli_genomes/GCF_000617745.1_Ec2010C-4529_genomic.fna.gz,../ecoli_genomes/GCF_000618265.2_EcF6751_genomic.fna.gz,../ecoli_genomes/GCF_000619005.2_Ec2009C-4052_genomic.fna.gz,../ecoli_genomes/GCF_000619105.1_Ec2009C-4780_genomic.fna.gz,../ecoli_genomes/GCF_000619765.2_Ec2009C-3279_genomic.fna.gz,../ecoli_genomes/GCF_000687005.1_ASM68700v1_genomic.fna.gz,../ecoli_genomes/GCF_000687025.1_ASM68702v1_genomic.fna.gz,../ecoli_genomes/GCF_000700125.1_ASM70012v1_genomic.fna.gz,../ecoli_genomes/GCF_000753315.1_FHI35_genomic.fna.gz,../ecoli_genomes/GCF_000776375.1_ASM77637v1_genomic.fna.gz,../ecoli_genomes/GCF_000779395.1_ASM77939v1_genomic.fna.gz,../ecoli_genomes/GCF_000780315.1_ASM78031v1_genomic.fna.gz,../ecoli_genomes/GCF_000781995.1_ASM78199v1_genomic.fna.gz,../ecoli_genomes/GCF_000986765.1_ASM98676v1_genomic.fna.gz,../ecoli_genomes/GCF_001041375.1_ViralProj287958_genomic.fna.gz,../ecoli_genomes/GCF_001265335.1_302014_genomic.fna.gz,../ecoli_genomes/GCF_001265625.1_100854_genomic.fna.gz,../ecoli_genomes/GCF_001267345.1_303289_genomic.fna.gz,../ecoli_genomes/GCF_001309985.1_ASM130998v1_genomic.fna.gz,../ecoli_genomes/GCF_001521695.1_ASM152169v1_genomic.fna.gz,../ecoli_genomes/GCF_001592595.1_ASM159259v1_genomic.fna.gz,../ecoli_genomes/GCF_001614975.1_ASM161497v1_genomic.fna.gz,../ecoli_genomes/GCF_001692775.1_ASM169277v1_genomic.fna.gz,../ecoli_genomes/GCF_001748915.1_ASM174891v1_genomic.fna.gz,../ecoli_genomes/GCF_001749235.1_ASM174923v1_genomic.fna.gz,../ecoli_genomes/GCF_001881155.1_ASM188115v1_genomic.fna.gz,../ecoli_genomes/GCF_001881345.1_ASM188134v1_genomic.fna.gz,../ecoli_genomes/GCF_001892405.1_ASM189240v1_genomic.fna.gz,../ecoli_genomes/GCF_001892585.1_ASM189258v1_genomic.fna.gz,../ecoli_genomes/GCF_001893985.1_ASM189398v1_genomic.fna.gz,../ecoli_genomes/GCF_002001595.1_ASM200159v1_genomic.fna.gz,../ecoli_genomes/GCF_002002145.1_ASM200214v1_genomic.fna.gz
1.0,0.3213466131872734,0.25804809898841097,0.2791891508734876,0.2913423404655059,0.3002450233852749,0.2998534268657007,0.29092164172709234,0.38489672684401677,0.2916066215258616,0.3194214893046283,0.2898479040067231,0.3169458835457567,0.2746858998719619,0.2675234604613955,0.29960564502409537,0.27716782385169747,0.30753674278273335,0.3043706183236009,0.30033919763660766,0.2933184473324829,0.2994224950811142,0.3104640798089001,0.2917848439666674,0.2929247394557054,0.2425608909041418,0.30597384862023436,0.28287623107369686,0.33824328771618195,0.3749414408852526,0.25868068951482437,0.30308729785541055,0.0,0.307176791888664,0.3043243607931341,0.279459863514548,0.2830300921856904,0.31209383406368896,0.24605610623431884,0.3112744769395872,0.26246023240890304,0.30192728982479,0.3097740782594701,0.28915861935529574,0.29819063930987477,0.3186829537891971,0.2997802483620896,0.2999056128453864,0.27376964912472024,0.34413571301985624
0.3213466131872734,1.0,0.23056204012054637,0.2763535717237393,0.3962667332278089,0.5394204443675044,0.3530230561810923,0.2858501047649258,0.29522409740728883,0.2855411368215631,0.4335937632837431,0.29190783294377054,0.42533016401314927,0.27125196306621124,0.26867560121612166,0.35033843536582876,0.4373937523404555,0.4183490354805154,0.3904826343391815,0.35488195183808535,0.40056868732063955,0.3946065080731199,0.41258619555415244,0.5159356117807168,0.5390427343897932,0.3727249238874688,0.4164925336920964,0.2806947029601595,0.3060362765845476,0.2992386504972977,0.2591487901199938,0.4083780183015473,0.0,0.4005730487163729,0.5711632877539785,0.26219759411380794,0.332856777145755,0.4309700111252409,0.194609975987581,0.42356611721408044,0.26252161897380244,0.4734634596626599,0.42194251088878565,0.2920244899297556,0.2946904249585437,0.2900786774369558,0.47586312101645645,0.47680557804449275,0.28097927349386176,0.3016963807118763
0.25804809898841097,0.23056204012054637,1.0,0.2039773289059854,0.20321315541297513,0.21200623148008757,0.2180952419510881,0.21146798318435522,0.24370768603720216,0.2101782744696723,0.2342218721833792,0.20852381419507615,0.22977358384141322,0.2053262700899794,0.20279032189470592,0.2176689041538059,0.19711192551109025,0.22145581521730917,0.2105613367434137,0.219261379390169,0.21702952761024596,0.21602628707060767,0.22577066874076313,0.2001835487387088,0.20771961648714987,0.16812286218121608,0.2243691848758652,0.20791698095129352,0.24581727906259565,0.2468640295926372,0.1950174669163549,0.21507955067843765,0.0,0.2245903684884848,0.2127220414892369,0.2091112335067895,0.20670111102810573,0.22033430354580308,0.1534124945607772,0.22781758026566712,0.19870446780252582,0.21704701004703586,0.22907919130738774,0.2138001892162834,0.21056236712909848,0.23450510171152072,0.2245825672524291,0.22415351039723852,0.21136539584479908,0.2493565385310733
0.2791891508734876,0.2763535717237393,0.2039773289059854,1.0,0.2746338043310943,0.2637670130116956,0.26092403936326247,0.5021691667186402,0.280076293916098,0.5232059502647874,0.27037387931586165,0.5136425771669286,0.2841336960425138,0.5427831499245719,0.55957867055652,0.27240945343030853,0.2506417349639267,0.26203750019848127,0.24794110333584196,0.26143911679524146,0.2539004696002827,0.2495216979175302,0.26690836869188717,0.25989682583831886,0.2641989405433175,0.213116765768687,0.26415530450709424,0.5194574786361915,0.2979184566748808,0.2751901828551986,0.5018746627872022,0.27623635638275235,0.0,0.25508496223376964,0.2589202953404639,0.4114081017964656,0.2546893392121726,0.2614973499125486,0.3413382428009397,0.25730372296846005,0.5290966818440906,0.2614336480332976,0.26246913569001995,0.518637497899286,0.5118608975399743,0.2896077172712169,0.2605423617300294,0.260457884189508,0.4495308633067828,0.30726442031051426
0.2913423404655059,0.3962667332278089,0.20321315541297513,0.2746338043310943,1.0,0.402932987242121,0.32237496959156786,0.2765429704953942,0.2966895763042181,0.2772110627497456,0.5124614517400895,0.26780825894824767,0.48205874927322034,0.26572945941116277,0.2795252771763922,0.34690234145121646,0.42551821674034707,0.4058331537396057,0.40088888772876985,0.3235766754347029,0.41870552968093744,0.4076268073586886,0.4204168834538434,0.4355108007703783,0.415547209063019,0.3806231377669036,0.43325788728171166,0.25089988049163425,0.29377103657985526,0.2942954207434363,0.2567354449545105,0.4692832693802036,0.0,0.4266721365641881,0.3910516271314579,0.24233412108044672,0.320876991654265,0.4474213945219442,0.19310998913864774,0.449922777709855,0.2733469824868904,0.3952629141911411,0.45310058340107584,0.2564077274611566,0.2601915104817498,0.26514291357246456,0.4111249373905109,0.41260047068353656,0.2519113364951736,0.28851206296281295
0.3002450233852749,0.5394204443675044,0.21200623148008757,0.2637670130116956,0.402932987242121,1.0,0.35488198952705596,0.2788155718555616,0.2880247821113353,0.26624193308087785,0.4107817195965876,0.26497939777819557,0.4133517189957636,0.2590042396090019,0.2597329572605417,0.3546214699570489,0.4314317502156704,0.40726680779005064,0.38982699074904037,0.35091477793078985,0.38580736257060044,0.41915554178109116,0.40232429864023556,0.4999238229271281,0.5119643804304275,0.36440346966079096,0.3945634174024437,0.2621734470767898,0.29808955430267325,0.28465502511835805,0.2469396846657862,0.40127398278809656,0.0,0.4030433796671249,0.5389949368611522,0.2633345319329917,0.3376601880533088,0.405145829087337,0.20665844283750445,0.40286853450725424,0.2530557119708553,0.4542403364301105,0.4065432816858342,0.27067339841188465,0.2712194041373289,0.273899046892511,0.45798003529176945,0.4594518153940096,0.2584182900615931,0.29231321197808713
0.2998534268657007,0.3530230561810923,0.2180952419510881,0.26092403936326247,0.32237496959156786,0.35488198952705596,1.0,0.26992448784700207,0.29501130530187036,0.25555348428274316,0.36269415990214393,0.2583805885056407,0.35903538522340195,0.2571687686218129,0.25213228269097254,0.7608404511791405,0.31486718245093726,0.3889023836505121,0.37336218799983745,0.882686500378957,0.3806909817483487,0.3690861763287884,0.3892782836306068,0.32380351792846884,0.32814571674326354,0.27410613000248474,0.3601759431330701,0.2613393270061265,0.2888148399287027,0.29007315082486096,0.24325478282470947,0.3426160166831205,0.0,0.35434140499664,0.3571193791930014,0.2721278421641995,0.8034577014006544,0.3388950884988313,0.19875072866460997,0.3589359909503902,0.24277217372129223,0.34948751477241147,0.35628592306197293,0.26609999758532943,0.2639457243924992,0.2735583968974198,0.3444690743100547,0.3445449981858205,0.2532061978700325,0.2923066133805744
0.29092164172709234,0.2858501047649258,0.21146798318435522,0.5021691667186402,0.2765429704953942,0.2788155718555616,0.26992448784700207,1.0,0.2817314591257467,0.5084858411216899,0.27627616814755795,0.4881487350674858,0.28886886955484836,0.4904536780229829,0.4837890897910392,0.2764347533857998,0.2562039458216393,0.2729508206132999,0.2607073218168392,0.27078062369431544,0.2620139703405838,0.25566671984647626,0.27086558008350137,0.2714693592280705,0.27116965055074116,0.22126627231422236,0.27221211883090957,0.7013697860637906,0.31646122561888057,0.27977001345891084,0.47541525102333293,0.2781363268266699,0.0,0.2685320699465885,0.2689250453429516,0.40968564723023193,0.2599873255561116,0.28189491788158816,0.329949934573066,0.2705380188717079,0.4822871807573865,0.2722463587454931,0.2731662291937563,0.698816473921963,0.676876297673742,0.2950123481588195,0.2665448605474491,0.266983431127503,0.44407816325766303,0.3126510226795537
0.38489672684401677,0.29522409740728883,0.24370768603720216,0.280076293916098,0.2966895763042181,0.2880247821113353,0.29501130530187036,0.2817314591257467,1.0,0.285438976672838,0.3063422100737625,0.2692716900206411,0.31872873288359493,0.2717758999367782,0.2807075773851275,0.3061474730730238,0.27470413971841123,0.29529991203678585,0.27962351566149135,0.2966137528551075,0.28484049988684357,0.28511877887655557,0.29872684233404956,0.2803429611586806,0.2806404281607683,0.23308441523107282,0.30010113831879304,0.2672146552711756,0.3213725529266731,0.3975780586512929,0.26424110679621726,0.29341175630987615,0.0,0.29042636568428226,0.28606545645761117,0.2713843249583906,0.28816284556680205,0.2882441583171468,0.20518070639512598,0.2991400802512667,0.26860962175795655,0.2944567960280309,0.30689303340532237,0.2708816632103015,0.2664685895627089,0.3074322205122534,0.28885186393876505,0.2885937159291364,0.26166692409847203,0.3327464855849478
0.2916066215258616,0.2855411368215631,0.2101782744696723,0.5232059502647874,0.2772110627497456,0.26624193308087785,0.25555348428274316,0.5084858411216899,0.285438976672838,1.0,0.2791612786766242,0.4898108755205184,0.28823261836374225,0.5076341404618621,0.5014974543734976,0.26823690597389416,0.24818093248750916,0.2650911632238011,0.24977993947958865,0.25730499311553134,0.2553310982385235,0.25171868243995077,0.26109324494587494,0.2619070326372356,0.2642774620888204,0.21411746794378905,0.2686907873058594,0.5068823133712266,0.3072772633918204,0.2828270902767802,0.5156664808890561,0.2649525531080573,0.0,0.25770871056294453,0.2640703817009119,0.425202130553449,0.249270242549677,0.2701148717753733,0.3331100496435011,0.26713935645919484,0.5244723220527332,0.2612832974419751,0.2687583945417036,0.5092068529381637,0.512849607161803,0.29520245535233924,0.26345885697134996,0.2629669425419243,0.4646306960359009,0.31027269539160196
0.3194214893046283,0.4335937632837431,0.2342218721833792,0.27037387931586165,0.5124614517400895,0.4107817195965876,0.36269415990214393,0.27627616814755795,0.3063422100737625,0.2791612786766242,1.0,0.2753351404359189,0.5293834103296393,0.2728472400319787,0.2686930576200872,0.3598416076550116,0.3723915168608801,0.4878674718055752,0.46005551818157475,0.36413491907866535,0.48313533933979824,0.48015241377244333,0.4896475117129663,0.3920784806702312,0.38539963338476957,0.32393287012470917,0.5027824906291198,0.27165280823081384,0.30340976091772975,0.30796817786775377,0.2582813112619451,0.4584583413343799,0.0,0.474082615442335,0.42687105155194804,0.27455181344809243,0.34241725829989145,0.49145898383936837,0.20181016283529818,0.5291489185379569,0.26086974232964455,0.4396019159760711,0.5140496265547607,0.27731638997287367,0.27490047817178154,0.2878333748477975,0.4394930116679929,0.439836515411427,0.2734063025457282,0.31158858348670393
0.2898479040067231,0.29190783294377054,0.20852381419507615,0.5136425771669286,0.26780825894824767,0.26497939777819557,0.2583805885056407,0.4881487350674858,0.2692716900206411,0.4898108755205184,0.2753351404359189,1.0,0.27920731879637783,0.5021084808902321,0.6258724119196184,0.260565550036045,0.24668365839416828,0.2618405130396957,0.25516979825205144,0.2590119284502733,0.2598277413350718,0.25181350766915456,0.264296595029058,0.25722485926117644,0.2587483215111803,0.21373107914311074,0.266880043469651,0.49296934867926057,0.3071819881662552,0.27161107647177996,0.4489445580698136,0.26620920181140584,0.0,0.2600224517077617,0.26612878219017944,0.40370061539701585,0.24875600346706261,0.2697839178083121,0.33416089612805455,0.2650457089555698,0.47450230874327415,0.260944342098024,0.26917933991313625,0.4950564566360095,0.4974899820907135,0.29342197133671144,0.26617655511159066,0.2664813445820955,0.4298902376471021,0.30612268623205896
0.3169458835457567,0.42533016401314927,0.22977358384141322,0.2841336960425138,0.48205874927322034,0.4133517189957636,0.35903538522340195,0.28886886955484836,0.31872873288359493,0.28823261836374225,0.5293834103296393,0.27920731879637783,1.0,0.270910408321018,0.2829741715848839,0.37168604278425255,0.38667763626334795,0.4973316507579848,0.4844411501107768,0.3597737656052922,0.5107745005877866,0.5378357840421397,0.5576027108747457,0.4083134751116887,0.3961811419600483,0.32675774133845736,0.5371859498775671,0.27096306391547986,0.29960429968564695,0.32040231560896604,0.2659620098596922,0.5033542822004602,0.0,0.5395318147449835,0.42630166084935084,0.2677161595531832,0.35176454939008805,0.5084922801954347,0.20282198199654566,0.5478700438718032,0.2744406490332355,0.4331346291231646,0.5321427545320465,0.2751302250174723,0.27266315084523496,0.2800979389722179,0.4395991055172258,0.43942094075701577,0.27119971166038426,0.30468483866142326
0.2746858998719619,0.27125196306621124,0.2053262700899794,0.5427831499245719,0.26572945941116277,0.2590042396090019,0.2571687686218129,0.4904536780229829,0.2717758999367782,0.5076341404618621,0.2728472400319787,0.5021084808902321,0.270910408321018,1.0,0.5433823043576154,0.2603074745312094,0.24136279236891878,0.2632026142440731,0.24840347685597586,0.2589466008374083,0.252934864266499,0.2508706598722261,0.2630455914816764,0.24550402654925352,0.250987161986601,0.20589276058261952,0.267076463491688,0.5174561579421091,0.3066593115142583,0.2651611620436234,0.4960701697081342,0.263198184627232,0.0,0.2556937958699974,0.25940085208276165,0.4121093758788874,0.24692648962603914,0.26433571046584703,0.327358540391145,0.26020805800097113,0.5097936824825229,0.2589305123833394,0.2659107065811577,0.5124086732041069,0.5078625231068792,0.2929156286953096,0.25863178237701656,0.25841753989124905,0.4506943165272559,0.31170932334721113
0.2675234604613955,0.26867560121612166,0.20279032189470592,0.55957867055652,0.2795252771763922,0.2597329572605417,0.25213228269097254,0.4837890897910392,0.2807075773851275,0.5014974543734976,0.2686930576200872,0.6258724119196184,0.2829741715848839,0.5433823043576154,1.0,0.267851557271121,0.2543164152855122,0.25630739528238033,0.24267977045745925,0.2541252043972182,0.25053766660564447,0.24572240088685804,0.2613846821926299,0.25871342474020953,0.26334378564990935,0.21783408000045712,0.262877021032075,0.49100585269301134,0.29633948259700205,0.270828246054842,0.49634626843312013,0.2742062613229086,0.0,0.25157153323924,0.2568120224665089,0.4053166343686875,0.24973535372698297,0.26323618385854153,0.33006543017213175,0.25839887338083833,0.5169449346730011,0.25679367480438586,0.26554996807954223,0.49010470557653274,0.48566559219278205,0.2898198735931127,0.2627147679729749,0.2623613650902382,0.4327463862641103,0.3120705465415815
0.29960564502409537,0.35033843536582876,0.2176689041538059,0.27240945343030853,0.34690234145121646,0.3546214699570489,0.7608404511791405,0.2764347533857998,0.3061474730730238,0.26823690597389416,0.3598416076550116,0.260565550036045,0.37168604278425255,0.2603074745312094,0.267851557271121,1.0,0.32148902971057103,0.37003131736255224,0.36276090485537094,0.7623436679829102,0.3628031259222747,0.3709476794232649,0.37315273535096716,0.33090574083943936,0.3402021992544635,0.3027375498806788,0.3499534228235577,0.2593321358136951,0.2837782519545151,0.3002464758886688,0.250957951144854,0.3465786944436008,0.0,0.3443982217281092,0.353563860108553,0.26751525899660966,0.7347030077716671,0.33958580197338306,0.19514048065363365,0.3536485953650368,0.2584974006135906,0.34382424304506676,0.3504866532548102,0.263390365186437,0.26451415148536994,0.2719006626955389,0.344426157595736,0.3436649680785929,0.2552562474991852,0.2896670119181849
0.27716782385169747,0.4373937523404555,0.19711192551109025,0.2506417349639267,0.42551821674034707,0.4314317502156704,0.31486718245093726,0.2562039458216393,0.27470413971841123,0.24818093248750916,0.3723915168608801,0.24668365839416828,0.38667763626334795,0.24136279236891878,0.2543164152855122,0.32148902971057103,1.0,0.3623464594673006,0.345527501663872,0.314481185030834,0.35890365847318695,0.3592926758179491,0.377631734637512,0.520361107793383,0.47164382757407675,0.4350056759125248,0.36741014458399623,0.24001769489748748,0.2882182344910351,0.2683831133480522,0.23276226848471493,0.4284388886982685,0.0,0.37810352081925,0.4467088106753515,0.24759216915201787,0.31267745761648447,0.3683456289311672,0.18099443683020378,0.37083004531997843,0.2370017708752541,0.41309631352939236,0.37551442478261055,0.25099085122928533,0.2562428162687098,0.2524037305210014,0.4284573526390134,0.4300280795511059,0.23446475655919186,0.26975332838851174
0.30753674278273335,0.4183490354805154,0.22145581521730917,0.26203750019848127,0.4058331537396057,0.40726680779005064,0.3889023836505121,0.2729508206132999,0.29529991203678585,0.2650911632238011,0.4878674718055752,0.2618405130396957,0.4973316507579848,0.2632026142440731,0.25630739528238033,0.37003131736255224,0.3623464594673006,1.0,0.5174163454426853,0.38826677329018755,0.5104183562745845,0.500205230090214,0.523632894866993,0.38189616256628844,0.3762660536540221,0.3101494040063709,0.4985775832927172,0.26636555268469486,0.2913909877750539,0.29810202122214335,0.2496023637794912,0.4537978548950906,0.0,0.47728006543573365,0.4168065962639397,0.27725045946781546,0.37230657820712443,0.46270476894847257,0.20064914248899834,0.49175372589683797,0.24747816058821936,0.4233734555459088,0.48802131379714175,0.2680342504114056,0.26863677695358124,0.27337068246368945,0.4207568257369806,0.4210820480506494,0.25892853499882584,0.29397743525328524
0.3043706183236009,0.3904826343391815,0.2105613367434137,0.24794110333584196,0.40088888772876985,0.38982699074904037,0.37336218799983745,0.2607073218168392,0.27962351566149135,0.24977993947958865,0.46005551818157475,0.25516979825205144,0.4844411501107768,0.24840347685597586,0.24267977045745925,0.36276090485537094,0.345527501663872,0.5174163454426853,1.0,0.3693596956238354,0.49771180720755814,0.4991386795967655,0.5011815415108852,0.3622976302608629,0.3598908109404896,0.29574802709527737,0.47907447152281446,0.2523817771557928,0.2790687738281423,0.28406340129493013,0.23213538981592674,0.44321690981195383,0.0,0.46833833439458095,0.40371299328709964,0.2632561979117334,0.3546556335526553,0.44767591498715265,0.19368467289741254,0.4819411288250163,0.2342512427917941,0.40072728121072165,0.47577367951884275,0.2598317084055879,0.25826585312811934,0.2640810625806026,0.3986808462241562,0.39926961124355065,0.24981440503921637,0.2818681477035554
0.30033919763660766,0.35488195183808535,0.219261379390169,0.26143911679524146,0.3235766754347029,0.35091477793078985,0.882686500378957,0.27078062369431544,0.2966137528551075,0.25730499311553134,0.36413491907866535,0.2590119284502733,0.3597737656052922,0.2589466008374083,0.2541252043972182,0.7623436679829102,0.314481185030834,0.38826677329018755,0.3693596956238354,1.0,0.3800941818778705,0.3636111112537914,0.3868160409394953,0.3235561180483343,0.32989149561120923,0.27363896417105604,0.36050375113594735,0.26263600024479117,0.2884943552246648,0.29003105308774624,0.24504361118976992,0.3422277941355967,0.0,0.3531837428242156,0.35710903143938466,0.27203572768955653,0.8007074172165196,0.341197604752017,0.19542778194976096,0.3611246141016321,0.2445588595642636,0.35022190462573544,0.3578839791485786,0.2665135772420335,0.26424591970463973,0.2749962489883281,0.3459579032519755,0.34603651690367776,0.2550716137487242,0.293617285760015
0.2933184473324829,0.40056868732063955,0.21702952761024596,0.2539004696002827,0.41870552968093744,0.38580736257060044,0.3806909817483487,0.2620139703405838,0.28484049988684357,0.2553310982385235,0.48313533933979824,0.2598277413350718,0.5107745005877866,0.252934864266499,0.25053766660564447,0.3628031259222747,0.35890365847318695,0.5104183562745845,0.49771180720755814,0.3800941818778705,1.0,0.5063638182099339,0.5384384473389368,0.3683904622975387,0.36606420258795713,0.3108659846974572,0.506910077327972,0.25901758510128714,0.2805070844686959,0.2896890465807075,0.23899132009352198,0.4667573918314961,0.0,0.49894418451591827,0.40793355595644465,0.26568216168018766,0.36423707960917495,0.4783315739201033,0.19191907152911525,0.5095286588462149,0.2420564851206075,0.39984174648810744,0.5029779527006056,0.26301276560509557,0.26187986340325975,0.2713160021410559,0.4088019933827596,0.40942124301638105,0.2532458422373406,0.2863576842973319
0.2994224950811142,0.3946065080731199,0.21602628707060767,0.2495216979175302,0.4076268073586886,0.41915554178109116,0.3690861763287884,0.25566671984647626,0.28511877887655557,0.25171868243995077,0.48015241377244333,0.25181350766915456,0.5378357840421397,0.2508706598722261,0.24572240088685804,0.3709476794232649,0.3592926758179491,0.500205230090214,0.4991386795967655,0.3636111112537914,0.5063638182099339,1.0,0.6865458451949108,0.36122914184188526,0.35961864677205435,0.31262129656232074,0.500518333166456,0.2515515597656006,0.2795813117916711,0.28402556819987235,0.2365906529222085,0.45916456632822833,0.0,0.621061478177201,0.39945831475671256,0.2565746677840327,0.35511025106854166,0.4740907176919159,0.19178317364178177,0.5070621093991228,0.23685125880254432,0.40024875600454457,0.5020529937455738,0.25857165046141983,0.2553871464457633,0.26691920168940775,0.40031956122641477,0.3998783452941478,0.25172577559123477,0.2872362497882104
0.3104640798089001,0.41258619555415244,0.22577066874076313,0.26690836869188717,0.4204168834538434,0.40232429864023556,0.3892782836306068,0.27086558008350137,0.29872684233404956,0.26109324494587494,0.4896475117129663,0.264296595029058,0.5576027108747457,0.2630455914816764,0.2613846821926299,0.37315273535096716,0.377631734637512,0.523632894866993,0.5011815415108852,0.3868160409394953,0.5384384473389368,0.6865458451949108,1.0,0.3750982975891225,0.3801323550048641,0.31353954698971487,0.5269133069094911,0.266672277757552,0.2949207577388335,0.29337104917587153,0.2537133732106719,0.4904846486319918,0.0,0.638438218018084,0.41222610909757795,0.2727133711669876,0.37090981821252267,0.49205344932701145,0.20092884262965938,0.5256926811781037,0.2517930920112815,0.4162094227047466,0.5150258316842067,0.26995146782337665,0.2694973456084384,0.2755451857782383,0.413238338705481,0.41417162258261775,0.2607121898034055,0.2941876813312764
0.2917848439666674,0.5159356117807168,0.2001835487387088,0.25989682583831886,0.4355108007703783,0.4999238229271281,0.32380351792846884,0.2714693592280705,0.2803429611586806,0.2619070326372356,0.3920784806702312,0.25722485926117644,0.4083134751116887,0.24550402654925352,0.25871342474020953,0.33090574083943936,0.520361107793383,0.38189616256628844,0.3622976302608629,0.3235561180483343,0.3683904622975387,0.36122914184188526,0.3750982975891225,1.0,0.5445595614781822,0.4332975484642293,0.38052333535821625,0.24238591595001036,0.293178473709525,0.2836975375459363,0.24022468662199947,0.41302829133849905,0.0,0.37845916909974076,0.5304251139858476,0.2530466895267085,0.3165627045932857,0.37766394734874986,0.18549763523803775,0.37977180117058096,0.246090323345467,0.4329184527901482,0.382151155736584,0.25283972404927146,0.2609104930030324,0.26005700519913977,0.4317635044935454,0.43139554266402447,0.24001642599220296,0.27517051564839756
0.2929247394557054,0.5390427343897932,0.20771961648714987,0.2641989405433175,0.415547209063019,0.5119643804304275,0.32814571674326354,0.27116965055074116,0.2806404281607683,0.2642774620888204,0.38539963338476957,0.2587483215111803,0.3961811419600483,0.250987161986601,0.26334378564990935,0.3402021992544635,0.47164382757407675,0.3762660536540221,0.3598908109404896,0.32989149561120923,0.36606420258795713,0.35961864677205435,0.3801323550048641,0.5445595614781822,1.0,0.43304335006645756,0.3746527472447161,0.2456791397666771,0.2798436019337778,0.2780767088756245,0.24475210782371137,0.42496441989204836,0.0,0.37126146661433534,0.5419039392718094,0.24562146115204153,0.32725636318172147,0.38619871881196255,0.18765177654585186,0.37925647491180003,0.2455970513110326,0.43017036561922994,0.3900435408981885,0.2633979489893008,0.2622665469072686,0.26354070333195023,0.434658436708396,0.4354397909406664,0.25260437272675107,0.27237537792817834
0.2425608909041418,0.3727249238874688,0.16812286218121608,0.213116765768687,0.3806231377669036,0.36440346966079096,0.27410613000248474,0.22126627231422236,0.23308441523107282,0.21411746794378905,0.32393287012470917,0.21373107914311074,0.32675774133845736,0.20589276058261952,0.21783408000045712,0.3027375498806788,0.4350056759125248,0.3101494040063709,0.29574802709527737,0.27363896417105604,0.3108659846974572,0.31262129656232074,0.31353954698971487,0.4332975484642293,0.43304335006645756,1.0,0.3078196074183016,0.20139496067143658,0.2403124109952096,0.23337197829143863,0.20069494915719732,0.33907186883413154,0.0,0.31339807779068196,0.3835369043725928,0.2039620829155946,0.27652254408183863,0.3229679399501142,0.15505931586751387,0.31581522875044854,0.2036077924238714,0.3547548734775451,0.3165282639115543,0.2184742039802906,0.22012738024742395,0.21807732580534644,0.3635020010956391,0.36397726224249516,0.20875161285447663,0.2305044968064448
0.30597384862023436,0.4164925336920964,0.2243691848758652,0.26415530450709424,0.43325788728171166,0.3945634174024437,0.3601759431330701,0.27221211883090957,0.30010113831879304,0.2686907873058594,0.5027824906291198,0.266880043469651,0.5371859498775671,0.267076463491688,0.262877021032075,0.3499534228235577,0.36741014458399623,0.4985775832927172,0.47907447152281446,0.36050375113594735,0.506910077327972,0.500518333166456,0.5269133069094911,0.38052333535821625,0.3746527472447161,0.3078196074183016,1.0,0.2645799343709129,0.29635616457710545,0.29547287946938905,0.25384013887013446,0.4846569246140573,0.0,0.5012702897561604,0.41352273848252064,0.26427875588319627,0.34323740405947056,0.5806784734603891,0.19166552924165026,0.5345508673809678,0.2551198576535041,0.4204057797699031,0.6188967695354829,0.27206535116785646,0.26671665414028056,0.27797293381267596,0.41667560591518227,0.4174738772584963,0.2638742654077443,0.2968592065424641
0.28287623107369686,0.2806947029601595,0.20791698095129352,0.5194574786361915,0.25089988049163425,0.2621734470767898,0.2613393270061265,0.7013697860637906,0.2672146552711756,0.5068823133712266,0.27165280823081384,0.49296934867926057,0.27096306391547986,0.5174561579421091,0.49100585269301134,0.2593321358136951,0.24001769489748748,0.26636555268469486,0.2523817771557928,0.26263600024479117,0.25901758510128714,0.2515515597656006,0.266672277757552,0.24238591595001036,0.2456791397666771,0.20139496067143658,0.2645799343709129,1.0,0.3092189044491074,0.26744418920418334,0.4748006464762282,0.26210511931166103,0.0,0.25717308121753735,0.25960864351430657,0.4059544086509753,0.24878310870105214,0.2716682114381562,0.32189785381087366,0.2637887140741998,0.48760182879335434,0.2638079406490398,0.2639601269007045,0.80007654036686,0.7646885555972702,0.2938011395256883,0.2622939831545875,0.26313968659147435,0.4547911852294453,0.3067981022805244
0.33824328771618195,0.3060362765845476,0.24581727906259565,0.2979184566748808,0.29377103657985526,0.29808955430267325,0.2888148399287027,0.31646122561888057,0.3213725529266731,0.3072772633918204,0.30340976091772975,0.3071819881662552,0.29960429968564695,0.3066593115142583,0.29633948259700205,0.2837782519545151,0.2882182344910351,0.2913909877750539,0.2790687738281423,0.2884943552246648,0.2805070844686959,0.2795813117916711,0.2949207577388335,0.293178473709525,0.2798436019337778,0.2403124109952096,0.29635616457710545,0.3092189044491074,1.0,0.3149414573371564,0.2876104481688976,0.29551318274721683,0.0,0.2894830374756414,0.2930186936599154,0.301043335452132,0.2729587339211088,0.29433087071289954,0.21735462066366062,0.2982722423286812,0.2845628570533896,0.28884098456048335,0.2949199022904744,0.3105634210132797,0.3101295701658685,0.3914018232444425,0.2855230549893647,0.28608529223494594,0.29808580413101027,0.6114882351803964
0.3749414408852526,0.2992386504972977,0.2468640295926372,0.2751901828551986,0.2942954207434363,0.28465502511835805,0.29007315082486096,0.27977001345891084,0.3975780586512929,0.2828270902767802,0.30796817786775377,0.27161107647177996,0.32040231560896604,0.2651611620436234,0.270828246054842,0.3002464758886688,0.2683831133480522,0.29810202122214335,0.28406340129493013,0.29003105308774624,0.2896890465807075,0.28402556819987235,0.29337104917587153,0.2836975375459363,0.2780767088756245,0.23337197829143863,0.29547287946938905,0.26744418920418334,0.3149414573371564,1.0,0.2580186602876543,0.28770279134311627,0.0,0.28413185201465485,0.2911690487576043,0.2697331672637554,0.28342166367359345,0.2918750959689015,0.23216115967000261,0.3097981343279107,0.2639592477151871,0.29465873175572777,0.3051831989871384,0.2723156096496091,0.26813539550453314,0.31599057800705155,0.3000912403356021,0.3005030493990013,0.26494721525069787,0.3279743973129937
0.25868068951482437,0.2591487901199938,0.1950174669163549,0.5018746627872022,0.2567354449545105,0.2469396846657862,0.24325478282470947,0.47541525102333293,0.26424110679621726,0.5156664808890561,0.2582813112619451,0.4489445580698136,0.2659620098596922,0.4960701697081342,0.49634626843312013,0.250957951144854,0.23276226848471493,0.2496023637794912,0.23213538981592674,0.24504361118976992,0.23899132009352198,0.2365906529222085,0.2537133732106719,0.24022468662199947,0.24475210782371137,0.20069494915719732,0.25384013887013446,0.4748006464762282,0.2876104481688976,0.2580186602876543,1.0,0.25230371514352357,0.0,0.24330167207683728,0.24426513226686364,0.3970642738925044,0.2372937138904223,0.2522056198090864,0.30639023553914646,0.2503440730614136,0.6541520525612609,0.24813521475863654,0.2532508146827661,0.47374085099154484,0.46757055628407174,0.2785194618580662,0.24794311298143057,0.2478669873106253,0.42873362585513375,0.29050324172263053
0.30308729785541055,0.4083780183015473,0.21507955067843765,0.27623635638275235,0.4692832693802036,0.40127398278809656,0.3426160166831205,0.2781363268266699,0.29341175630987615,0.2649525531080573,0.4584583413343799,0.26620920181140584,0.5033542822004602,0.263198184627232,0.2742062613229086,0.3465786944436008,0.4284388886982685,0.4537978548950906,0.44321690981195383,0.3422277941355967,0.4667573918314961,0.45916456632822833,0.4904846486319918,0.41302829133849905,0.42496441989204836,0.33907186883413154,0.4846569246140573,0.26210511931166103,0.29551318274721683,0.28770279134311627,0.25230371514352357,1.0,0.0,0.4741946407652302,0.39943075601348965,0.2533769522010121,0.33704402744186845,0.4794932441285178,0.1976471224997961,0.49744925665377715,0.2555591191520217,0.4030908115850603,0.4967983628410019,0.26563464174032136,0.2732096196334163,0.26717893371065926,0.41761691607174156,0.418890535901301,0.2517968912188945,0.2855318479304053
0.0,0.0,0.0,0.0,0.0,0.0,0.0,0.0,0.0,0.0,0.0,0.0,0.0,0.0,0.0,0.0,0.0,0.0,0.0,0.0,0.0,0.0,0.0,0.0,0.0,0.0,0.0,0.0,0.0,0.0,0.0,0.0,1.0,0.0,0.0,0.0,0.0,0.0,0.0,0.0,0.0,0.0,0.0,0.0,0.0,0.0,0.0,0.0,0.0,0.0
0.307176791888664,0.4005730487163729,0.2245903684884848,0.25508496223376964,0.4266721365641881,0.4030433796671249,0.35434140499664,0.2685320699465885,0.29042636568428226,0.25770871056294453,0.474082615442335,0.2600224517077617,0.5395318147449835,0.2556937958699974,0.25157153323924,0.3443982217281092,0.37810352081925,0.47728006543573365,0.46833833439458095,0.3531837428242156,0.49894418451591827,0.621061478177201,0.638438218018084,0.37845916909974076,0.37126146661433534,0.31339807779068196,0.5012702897561604,0.25717308121753735,0.2894830374756414,0.28413185201465485,0.24330167207683728,0.4741946407652302,0.0,1.0,0.4120805416605323,0.27907562661899343,0.33471010023586734,0.4801100954671399,0.2108241386358385,0.5047225150747676,0.24172464862242626,0.4068040588919991,0.5063586936208069,0.2633458770443988,0.26768584645134263,0.2668704030690888,0.41069044688743817,0.41099117258066686,0.2534902936955008,0.29260412584114637
0.3043243607931341,0.5711632877539785,0.2127220414892369,0.2589202953404639,0.3910516271314579,0.5389949368611522,0.3571193791930014,0.2689250453429516,0.28606545645761117,0.2640703817009119,0.42687105155194804,0.26612878219017944,0.42630166084935084,0.25940085208276165,0.2568120224665089,0.353563860108553,0.4467088106753515,0.4168065962639397,0.40371299328709964,0.35710903143938466,0.40793355595644465,0.39945831475671256,0.41222610909757795,0.5304251139858476,0.5419039392718094,0.3835369043725928,0.41352273848252064,0.25960864351430657,0.2930186936599154,0.2911690487576043,0.24426513226686364,0.39943075601348965,0.0,0.4120805416605323,1.0,0.26095749976784477,0.3396175058276255,0.4067138669646787,0.19545137412777214,0.42189897777207463,0.2444996690597595,0.4718408987126905,0.4222774415665629,0.2672136438108125,0.2705389596071428,0.2759413398279448,0.46856573714217964,0.46902385529806057,0.25638576170597305,0.2909236561652223
0.279459863514548,0.26219759411380794,0.2091112335067895,0.4114081017964656,0.24233412108044672,0.2633345319329917,0.2721278421641995,0.40968564723023193,0.2713843249583906,0.425202130553449,0.27455181344809243,0.40370061539701585,0.2677161595531832,0.4121093758788874,0.4053166343686875,0.26751525899660966,0.24759216915201787,0.27725045946781546,0.2632561979117334,0.27203572768955653,0.26568216168018766,0.2565746677840327,0.2727133711669876,0.2530466895267085,0.24562146115204153,0.2039620829155946,0.26427875588319627,0.4059544086509753,0.301043335452132,0.2697331672637554,0.3970642738925044,0.2533769522010121,0.0,0.27907562661899343,0.26095749976784477,1.0,0.2606888737463602,0.2575261705797657,0.3468480355932122,0.26425807672203383,0.3975389613741722,0.2588631612215432,0.2613544810749001,0.41242544774381484,0.4146525420115321,0.2840178035198704,0.2553406299730461,0.2552683119406348,0.4024461104985757,0.3042703266161447
0.2830300921856904,0.332856777145755,0.20670111102810573,0.2546893392121726,0.320876991654265,0.3376601880533088,0.8034577014006544,0.2599873255561116,0.28816284556680205,0.249270242549677,0.34241725829989145,0.24875600346706261,0.35176454939008805,0.24692648962603914,0.24973535372698297,0.7347030077716671,0.31267745761648447,0.37230657820712443,0.3546556335526553,0.8007074172165196,0.36423707960917495,0.35511025106854166,0.37090981821252267,0.3165627045932857,0.32725636318172147,0.27652254408183863,0.34323740405947056,0.24878310870105214,0.2729587339211088,0.28342166367359345,0.2372937138904223,0.33704402744186845,0.0,0.33471010023586734,0.3396175058276255,0.2606888737463602,1.0,0.32769984239889416,0.1899152020912902,0.3392950348821431,0.23838332886908042,0.33161582172821535,0.3430505772811283,0.25412305894627785,0.252406311641182,0.25959194685265075,0.32896227465958683,0.3287654555612225,0.24119169974075672,0.2780746927198482
0.31209383406368896,0.4309700111252409,0.22033430354580308,0.2614973499125486,0.4474213945219442,0.405145829087337,0.3388950884988313,0.28189491788158816,0.2882441583171468,0.2701148717753733,0.49145898383936837,0.2697839178083121,0.5084922801954347,0.26433571046584703,0.26323618385854153,0.33958580197338306,0.3683456289311672,0.46270476894847257,0.44767591498715265,0.341197604752017,0.4783315739201033,0.4740907176919159,0.49205344932701145,0.37766394734874986,0.38619871881196255,0.3229679399501142,0.5806784734603891,0.2716682114381562,0.29433087071289954,0.2918750959689015,0.2522056198090864,0.4794932441285178,0.0,0.4801100954671399,0.4067138669646787,0.2575261705797657,0.32769984239889416,1.0,0.20056999838208012,0.5159294078329673,0.2559752518249896,0.41882451633283213,0.627266541987274,0.2793223597079376,0.27446579294888507,0.274362024870372,0.4299900359155231,0.4305824617203703,0.2675030357714535,0.29425596330054105
0.24605610623431884,0.194609975987581,0.1534124945607772,0.3413382428009397,0.19310998913864774,0.20665844283750445,0.19875072866460997,0.329949934573066,0.20518070639512598,0.3331100496435011,0.20181016283529818,0.33416089612805455,0.20282198199654566,0.327358540391145,0.33006543017213175,0.19514048065363365,0.18099443683020378,0.20064914248899834,0.19368467289741254,0.19542778194976096,0.19191907152911525,0.19178317364178177,0.20092884262965938,0.18549763523803775,0.18765177654585186,0.15505931586751387,0.19166552924165026,0.32189785381087366,0.21735462066366062,0.23216115967000261,0.30639023553914646,0.1976471224997961,0.0,0.2108241386358385,0.19545137412777214,0.3468480355932122,0.1899152020912902,0.20056999838208012,1.0,0.19114619961400015,0.3084326381317345,0.1944613091604217,0.1942728445867523,0.33322077437131814,0.33488740728422095,0.20631642058859723,0.19587836897865019,0.19414643464431514,0.3093527343355107,0.235614630649835
0.3112744769395872,0.42356611721408044,0.22781758026566712,0.25730372296846005,0.449922777709855,0.40286853450725424,0.3589359909503902,0.2705380188717079,0.2991400802512667,0.26713935645919484,0.5291489185379569,0.2650457089555698,0.5478700438718032,0.26020805800097113,0.25839887338083833,0.3536485953650368,0.37083004531997843,0.49175372589683797,0.4819411288250163,0.3611246141016321,0.5095286588462149,0.5070621093991228,0.5256926811781037,0.37977180117058096,0.37925647491180003,0.31581522875044854,0.5345508673809678,0.2637887140741998,0.2982722423286812,0.3097981343279107,0.2503440730614136,0.49744925665377715,0.0,0.5047225150747676,0.42189897777207463,0.26425807672203383,0.3392950348821431,0.5159294078329673,0.19114619961400015,1.0,0.24923936321539064,0.42464551931574834,0.5439581346335891,0.2676168454741932,0.26891882575237014,0.28556037089631736,0.44305935683862907,0.4440254296520455,0.26190457934398237,0.30573147209530727
