../ecoli_genomes/GCF_000163235.1_ASM16323v1_genomic.fna.gz,../ecoli_genomes/GCF_000164555.1_ASM16455v1_genomic.fna.gz,../ecoli_genomes/GCF_000208545.1_ASM20854v2_genomic.fna.gz,../ecoli_genomes/GCF_000233875.1_ASM23387v1_genomic.fna.gz,../ecoli_genomes/GCF_000249735.1_ASM24973v2_genomic.fna.gz,../ecoli_genomes/GCF_000261145.1_Esch_coli_M919_V2_genomic.fna.gz,../ecoli_genomes/GCF_000267705.2_ASM26770v2_genomic.fna.gz,../ecoli_genomes/GCF_000350665.1_Esch_coli_KTE5_V1_genomic.fna.gz,../ecoli_genomes/GCF_000351625.1_Esch_coli_KTE66_V1_genomic.fna.gz,../ecoli_genomes/GCF_000352285.1_Esch_coli_KTE46_V1_genomic.fna.gz,../ecoli_genomes/GCF_000358895.1_ASM35889v1_genomic.fna.gz,../ecoli_genomes/GCF_000456385.1_Esch_coli_HVH_26_4-5703913_V1_genomic.fna.gz,../ecoli_genomes/GCF_000458195.1_Esch_coli_HVH_147_4-5893887_V1_genomic.fna.gz,../ecoli_genomes/GCF_000459755.1_Esch_coli_KOEGE_58_171a_V1_genomic.fna.gz,../ecoli_genomes/GCF_000460055.1_Esch_coli_UMEA_3053-1_V1_genomic.fna.gz,../ecoli_genomes/GCF_000462165.2_ASM46216v2_genomic.fna.gz,../ecoli_genomes/GCF_000601135.1_ASM60113v1_genomic.fna.gz,../ecoli_genomes/GCF_000614595.1_Ec2010EL1058_genomic.fna.gz,../ecoli_genomes/GCF_000617745.1_Ec2010C-4529_genomic.fna.gz,../ecoli_genomes/GCF_000618265.2_EcF6751_genomic.fna.gz,../ecoli_genomes/GCF_000619005.2_Ec2009C-4052_genomic.fna.gz,../ecoli_genomes/GCF_000619105.1_Ec2009C-4780_genomic.fna.gz,../ecoli_genomes/GCF_000619765.2_Ec2009C-3279_genomic.fna.gz,../ecoli_genomes/GCF_000687005.1_ASM68700v1_genomic.fna.gz,../ecoli_genomes/GCF_000687025.1_ASM68702v1_genomic.fna.gz,../ecoli_genomes/GCF_000700125.1_ASM70012v1_genomic.fna.gz,../ecoli_genomes/GCF_000753315.1_FHI35_genomic.fna.gz,../ecoli_genomes/GCF_000776375.1_ASM77637v1_genomic.fna.gz,../ecoli_genomes/GCF_000779395.1_ASM77939v1_genomic.fna.gz,../ecoli_genomes/GCF_000780315.1_ASM78031v1_genomic.fna.gz,../ecoli_genomes/GCF_000781995.1_ASM78199v1_genomic.fna.gz,../ecoli_genomes/GCF_000986765.1_ASM98676v1_genomic.fna.gz,../ecoli_genomes/GCF_001041375.1_ViralProj287958_genomic.fna.gz,../ecoli_genomes/GCF_001265335.1_302014_genomic.fna.gz,../ecoli_genomes/GCF_001265625.1_100854_genomic.fna.gz,../ecoli_genomes/GCF_001267345.1_303289_genomic.fna.gz,../ecoli_genomes/GCF_001309985.1_ASM130998v1_genomic.fna.gz,../ecoli_genomes/GCF_001521695.1_ASM152169v1_genomic.fna.gz,../ecoli_genomes/GCF_001592595.1_ASM159259v1_genomic.fna.gz,../ecoli_genomes/GCF_001614975.1_ASM161497v1_genomic.fna.gz,../ecoli_genomes/GCF_001692775.1_ASM169277v1_genomic.fna.gz,../ecoli_genomes/GCF_001748915.1_ASM174891v1_genomic.fna.gz,../ecoli_genomes/GCF_001749235.1_ASM174923v1_genomic.fna.gz,../ecoli_genomes/GCF_001881155.1_ASM188115v1_genomic.fna.gz,../ecoli_genomes/GCF_001881345.1_ASM188134v1_genomic.fna.gz,../ecoli_genomes/GCF_001892405.1_ASM189240v1_genomic.fna.gz,../ecoli_genomes/GCF_001892585.1_ASM189258v1_genomic.fna.gz,../ecoli_genomes/GCF_001893985.1_ASM189398v1_genomic.fna.gz,../ecoli_genomes/GCF_002001595.1_ASM200159v1_genomic.fna.gz,../ecoli_genomes/GCF_002002145.1_ASM200214v1_genomic.fna.gz
1.0,0.3850933084749575,0.32004311570535704,0.3423686653703285,0.33149686668157163,0.36705201559743783,0.35959500931217203,0.3525294860475844,0.431129199683824,0.35108096193344285,0.3848416317085399,0.3509247411319404,0.3652466821802356,0.33966843766333454,0.3213895509111997,0.3578201541932208,0.3301335092641202,0.36707593296697427,0.33967228930456506,0.3605382097140114,0.35292359162353126,0.34467261499863255,0.37092586395422533,0.3621512906878306,0.3466137049672324,0.36342284732474905,0.3672849667106739,0.3461664743347549,0.39229143699368174,0.4281977922637692,0.3137145753442583,0.3654428261721806,0.0,0.3664935320759062,0.36225869507604647,0.32557479431619607,0.34668150233379613,0.37003186000050814,0.294382447354789,0.37486059823129914,0.3207421295825825,0.36518937032879417,0.37017968104162624,0.34956060980151726,0.3591768784531508,0.3657458607318096,0.35473203014526533,0.35640040622487534,0.32796019096225193,0.39441454665359776
0.3850933084749575,1.0,0.3020896678935451,0.3365759821618842,0.41432922954330875,0.5517890326279794,0.39759979407354495,0.342541625077609,0.3592279911074683,0.3476669116046104,0.48257378413399843,0.34509772364688773,0.4603835065637496,0.33386661260241457,0.319846824640901,0.3943161347500176,0.4160741992429807,0.4620251272533542,0.423762153146901,0.4013546075417572,0.4465098602258517,0.41769366930261664,0.4629196043833377,0.4948811622572793,0.4895017719695298,0.4945114414456879,0.46886288487068073,0.3419972476107064,0.36786097320770494,0.37102842798474445,0.31719676900496696,0.4334103902876639,0.0,0.45407352569583637,0.5693654468353455,0.3193152686269426,0.38662557158262323,0.47594574185186755,0.2861707208941042,0.4741041132015905,0.31828448837062195,0.5066813515962082,0.47672391981069673,0.3534972128864152,0.3485774958918112,0.3389070064387937,0.5151183235845249,0.5150641540107983,0.3452076838068797,0.3641025469784215
0.32004311570535704,0.3020896678935451,1.0,0.26422716862286444,0.2569392475140827,0.27395320554012814,0.2821110652805888,0.2720621821914996,0.3105791418245505,0.277460303087655,0.3035117881554523,0.2686308283909722,0.2912438519117654,0.27090668465469325,0.2610547289613634,0.2811255997499086,0.23662143755913678,0.28915985262016064,0.26284794760037256,0.28560461957755157,0.2846126829553669,0.26902672561828567,0.29284474110246805,0.24967050110739897,0.24351208260969948,0.2712034770055999,0.2947823444009179,0.273458391135173,0.3066093609207299,0.3167515317567059,0.2549945966601642,0.2734310071789138,0.0,0.2918206075191866,0.27641288269445763,0.2670711955440881,0.2740897181597829,0.28585779650622256,0.23913754976197332,0.301511444210949,0.2635559345424058,0.29106637643047106,0.2976072583141074,0.2801245691850237,0.27272153066783655,0.2868798831565208,0.29599565857130594,0.2949475350038615,0.279763791638836,0.3092964988979475
0.3423686653703285,0.3365759821618842,0.26422716862286444,1.0,0.3454004521221288,0.331465986129304,0.31728535647820144,0.5311872726458514,0.3553770594258573,0.5602015844262129,0.330761170293992,0.5272072347225594,0.34785464053383475,0.5843629938632064,0.5972203923047028,0.33331729236227636,0.2959478136527638,0.3233776024761871,0.2958590833508463,0.31637834054912595,0.315980233138642,0.29625164412121496,0.3336037047727246,0.3102118665876712,0.31696394610806966,0.33425279399965835,0.32510592851221176,0.5617081793036305,0.3610218407841984,0.34363014754393684,0.5326743459609162,0.353661569041235,0.0,0.32062725669150216,0.32469556119307663,0.4412114381676897,0.31746937706100453,0.320857663853209,0.4214921619210811,0.32027029259004136,0.5616105050256543,0.3215285247982965,0.32451687723094247,0.5600938269799829,0.5480626482775008,0.3538460674901528,0.32104007129613643,0.32262552792825094,0.49757674883447933,0.37171665707703305
0.33149686668157163,0.41432922954330875,0.2569392475140827,0.3454004521221288,1.0,0.42910721080220815,0.35728222864885983,0.32950209092701266,0.35676415552568375,0.34895068706908594,0.5063504006319441,0.3006185778688961,0.5037336426615504,0.31354881728523243,0.34559958845261607,0.39149927664501705,0.3802498329742162,0.42820397747163175,0.38745311902014756,0.3573496769247979,0.4313460759145993,0.39149571950734263,0.4409487777958714,0.4093131041260616,0.40789538603804254,0.44385029088550343,0.45300533967573864,0.30305630967304586,0.3288777181520053,0.3502414917369506,0.3127709536705664,0.47666617155700497,0.0,0.43919120517258525,0.4168829623132142,0.2879176666281942,0.36776157580068536,0.4668225526663058,0.31940373720739057,0.4553483828837982,0.3409646708608136,0.41996378089438546,0.46501121368630494,0.31045748096926173,0.31462087016371076,0.3050678469844178,0.4317651676822041,0.43347848809633105,0.29799739582739004,0.3272623427722209
0.36705201559743783,0.5517890326279794,0.27395320554012814,0.331465986129304,0.42910721080220815,1.0,0.3967141986021505,0.33751605251801864,0.34587598097687833,0.32981442865830946,0.45951796581686566,0.3175451452196034,0.4442535984201179,0.320663937771682,0.3120761934354458,0.411212491916512,0.4258401316499624,0.4431994684571079,0.41994432064708,0.39052025925745837,0.42504869957768066,0.45476453921361015,0.4528661655062137,0.5208601273816352,0.5186702997238022,0.5021280017963552,0.43671800948860906,0.31789098779034564,0.35311011713869545,0.34775463321749667,0.30309400260921315,0.44795166630785077,0.0,0.45419229556873364,0.5499030313459295,0.31899434278020455,0.38004182370859296,0.4445991857371925,0.2985723329829414,0.45360630419277237,0.31381833961469185,0.495104872753534,0.45100774726395565,0.32850444410040136,0.33403028490197306,0.3299609429919781,0.4958423453092514,0.5003169311339191,0.31464837373145504,0.3554602184089709
0.35959500931217203,0.39759979407354495,0.2821110652805888,0.31728535647820144,0.35728222864885983,0.3967141986021505,1.0,0.3186098732755517,0.34532042762743664,0.3204814940355524,0.40687832185850326,0.30692124513679186,0.39392444241149205,0.31368889025584124,0.3040038794565637,0.7430357611605543,0.3255304449479196,0.4366540016195408,0.39902181209325094,0.8602233322582388,0.4333135277156782,0.40065343016101507,0.4419080365051885,0.3523419790489656,0.34182235749797607,0.3753749554312342,0.4070056926701383,0.31162398954966275,0.3441534243032752,0.35097275223045676,0.29351025502199823,0.38476738089121953,0.0,0.4132593388762533,0.39727813792449673,0.3212187185553501,0.7906638626975433,0.38455764794281566,0.2919723213280112,0.40196695020820894,0.2968886096030481,0.40078519600351825,0.40569545864825896,0.3155202187693117,0.31563760469014823,0.31873563920465653,0.38507602484723835,0.38463420969939954,0.30734190699247044,0.3498092498077169
0.3525294860475844,0.342541625077609,0.2720621821914996,0.5311872726458514,0.32950209092701266,0.33751605251801864,0.3186098732755517,1.0,0.34631367309445005,0.5381831762403062,0.33163279677913693,0.5110065917341231,0.3430804295453914,0.525066469677333,0.5083679821668997,0.32449328317557435,0.29440467711667817,0.3270194607974042,0.30004227126923966,0.31855798183691664,0.3153861077171065,0.30031254968926435,0.3311459005583596,0.3250382743489425,0.31105385607092895,0.33259617167951117,0.32796365890940804,0.6890155538235843,0.36826079258258526,0.34095447197434736,0.4963681559028068,0.3390731395747134,0.0,0.3299834805408449,0.32918288207288093,0.4407756937635451,0.3125280363501284,0.3384138069603304,0.4261254294437009,0.3344996203980939,0.5103321561495793,0.33159098993994574,0.3306461449621112,0.6901444376918939,0.666919062206098,0.34495671196101896,0.3192057546430961,0.31969234455448325,0.4869517511723699,0.36729162184761066
0.431129199683824,0.3592279911074683,0.3105791418245505,0.3553770594258573,0.35676415552568375,0.34587598097687833,0.34532042762743664,0.34631367309445005,1.0,0.3687287180559201,0.3711525270389835,0.327063573828845,0.37583427794869595,0.34429724233143433,0.3485526770524725,0.35974299594135173,0.2979997237438873,0.35454941045961197,0.3191908158412651,0.3496891262962154,0.34461795688417085,0.32386768387239484,0.3601450664575728,0.31940760088766984,0.31590047525797826,0.34916393802113355,0.36126599274140536,0.33656183465316736,0.38826388893817854,0.45623823945494935,0.3365579987508819,0.3503117160595478,0.0,0.35297559639684783,0.3484413857577292,0.32784326107425266,0.3476145051654326,0.34485094231309166,0.2913656817597522,0.363334945586821,0.34313997145828135,0.35542857415064355,0.36105929056758823,0.3396604706139015,0.33409664153285235,0.3610942376727877,0.3516579014199075,0.35178553128381684,0.33280164946777535,0.3916137473058644
0.35108096193344285,0.3476669116046104,0.277460303087655,0.5602015844262129,0.34895068706908594,0.32981442865830946,0.3204814940355524,0.5381831762403062,0.3687287180559201,1.0,0.3441972960693609,0.4984347666271217,0.36169565737666187,0.5382644866040374,0.5372205615909946,0.339421820291406,0.2775161255693288,0.3313981497472067,0.2997066948960325,0.32089293520402806,0.31968683152313726,0.30227774770824234,0.32865017156364495,0.30481377343612115,0.30568109298289947,0.3338955605570588,0.33548405283438976,0.5441142567596078,0.37270435430172344,0.35579081447778815,0.542378064912902,0.33560130487044815,0.0,0.3238391260100031,0.3242632864856919,0.4546619917619187,0.32059922323506806,0.32811825443085774,0.4317054944052592,0.3359473387862729,0.5626097422040908,0.3304412962102199,0.3297038130962766,0.5424907683355098,0.5385102567113349,0.34410830907805157,0.32524603773315686,0.3243594622202557,0.5103336638056963,0.3668320443091768
0.3848416317085399,0.48257378413399843,0.3035117881554523,0.330761170293992,0.5063504006319441,0.45951796581686566,0.40687832185850326,0.33163279677913693,0.3711525270389835,0.3441972960693609,1.0,0.3266876771379562,0.553465090404349,0.3368130291573077,0.3192051665016321,0.41127169472899294,0.3743771582189772,0.5310057735465223,0.47765084133008107,0.41247238133739617,0.5146470727448303,0.5020888488725046,0.5330784942917217,0.41656535249558535,0.4003117961384115,0.4508459135291668,0.5463056533525201,0.3371187559747443,0.36675593636989,0.37995694242518085,0.3148158273612397,0.48046268832458205,0.0,0.5178158069353263,0.4762680662780737,0.32867829548355376,0.39695737869450975,0.525029298803531,0.2904626367555432,0.5619676406712002,0.31972941832869306,0.4892175598618643,0.5550072920146691,0.3356478818263957,0.33282471725653096,0.33907672962196234,0.4868883954261516,0.48542726293652494,0.33497321434759597,0.3713542187236527
0.3509247411319404,0.34509772364688773,0.2686308283909722,0.5272072347225594,0.3006185778688961,0.3175451452196034,0.30692124513679186,0.5110065917341231,0.327063573828845,0.4984347666271217,0.3266876771379562,1.0,0.32038197652360956,0.5205627290177577,0.5929131916297704,0.3080499166095808,0.29251742699618766,0.31464297121126594,0.2911545380601306,0.30893688079068926,0.31089737686614416,0.29466729019613924,0.3221606841760901,0.31506951411833795,0.3091297118012548,0.31861073061997724,0.3197117042331218,0.5174174849819454,0.3616175318805257,0.33105245125890126,0.4673974841326296,0.3238356166855606,0.0,0.3202357237514869,0.324757051799728,0.420964223598816,0.29890228697537113,0.3240368146165785,0.4113805235914224,0.32327912639826084,0.48134887134820725,0.31647486885681264,0.3281129624202601,0.5222929548640671,0.5199671389851575,0.3477806880800227,0.3155912340712752,0.3172823601585434,0.46954033626242364,0.36290642290055086
0.3652466821802356,0.4603835065637496,0.2912438519117654,0.34785464053383475,0.5037336426615504,0.4442535984201179,0.39392444241149205,0.3430804295453914,0.37583427794869595,0.36169565737666187,0.553465090404349,0.32038197652360956,1.0,0.3314778695541504,0.34455937928824587,0.41414389266304685,0.37563140875759826,0.5207617484692384,0.5193613201664373,0.3983688468582135,0.5279485575933756,0.5284128604982967,0.5683279525168096,0.4129962698013361,0.38790383732443323,0.44520967601573636,0.561554314581094,0.3316527660096714,0.3576078869270717,0.38056595228802526,0.3229678367029566,0.5282749358240719,0.0,0.5516059859383473,0.4543008572956454,0.31705921882201593,0.3981621092486408,0.5236174458139478,0.288621991497664,0.566668573918786,0.33899466567592085,0.46709341856431874,0.5557738815393773,0.330847780448676,0.3259839539439904,0.32570238919085537,0.47157078645526507,0.4701565347320388,0.3275681959885265,0.3585365508866596
0.33966843766333454,0.33386661260241457,0.27090668465469325,0.5843629938632064,0.31354881728523243,0.320663937771682,0.31368889025584124,0.525066469677333,0.34429724233143433,0.5382644866040374,0.3368130291573077,0.5205627290177577,0.3314778695541504,1.0,0.5795330566896536,0.3185242932941156,0.2679261602308315,0.32682861921513084,0.2979113243305618,0.3175887731475685,0.3119844148515085,0.2969323645918982,0.3301369569786049,0.28108933843466133,0.28499197364625917,0.3108397845246772,0.328837011243189,0.5663783580216966,0.3725189076732026,0.3372453940856919,0.5258377359136344,0.321777467052932,0.0,0.3196686666519565,0.3206406191333354,0.44323707881463836,0.30874838519851033,0.32430773795043377,0.4166224582544136,0.3240223637245576,0.5409887438603029,0.3245316610414305,0.32728554687614453,0.5589242582161296,0.545092289897223,0.35540754498601645,0.32132840580413924,0.3219996010679168,0.5061424729853974,0.3739334638997561
0.3213895509111997,0.319846824640901,0.2610547289613634,0.5972203923047028,0.34559958845261607,0.3120761934354458,0.3040038794565637,0.5083679821668997,0.3485526770524725,0.5372205615909946,0.3192051665016321,0.5929131916297704,0.34455937928824587,0.5795330566896536,1.0,0.3213697230839273,0.2750901209430099,0.3120644508965833,0.2803825323248228,0.30639693123698797,0.3056119946347723,0.2847675923934979,0.3207659539018115,0.2924160927343774,0.29092654050884303,0.32151970882448655,0.31856011771060855,0.5232815024240418,0.35365940348944835,0.33347355772990295,0.5272559730799972,0.33279213843559907,0.0,0.3087983145056207,0.3094634691867434,0.4355752245039409,0.3076188833260184,0.3145730348192167,0.41318013240062845,0.3144045738968666,0.5503615584894935,0.31330842401233405,0.31930204172185195,0.518585854048995,0.5081779492614749,0.3423062335210749,0.32032384210442677,0.32063856716586303,0.48192037347279415,0.3697337324679163
0.3578201541932208,0.3943161347500176,0.2811255997499086,0.33331729236227636,0.39149927664501705,0.411212491916512,0.7430357611605543,0.32449328317557435,0.35974299594135173,0.339421820291406,0.41127169472899294,0.3080499166095808,0.41414389266304685,0.3185242932941156,0.3213697230839273,1.0,0.3295816519092829,0.4214815436840802,0.39305068872403837,0.7543618965131925,0.4095435377529213,0.4086537962755027,0.4285334767226151,0.365297436404625,0.3590603211418423,0.3996413634242558,0.39994169786915246,0.3133830270283884,0.3436543711318384,0.36617936457383027,0.30684128737538374,0.39728004790331806,0.0,0.40017178036047385,0.3927010028929404,0.3179995135592849,0.7464955630135597,0.3863557796545478,0.2827550777091815,0.39805253792914685,0.3169233990490581,0.38946059006111544,0.3999875184719581,0.3188439343685223,0.31816422616827844,0.3213295078784182,0.38607244940814145,0.3853341030257015,0.3116198681682397,0.3495027588915587
0.3301335092641202,0.4160741992429807,0.23662143755913678,0.2959478136527638,0.3802498329742162,0.4258401316499624,0.3255304449479196,0.29440467711667817,0.2979997237438873,0.2775161255693288,0.3743771582189772,0.29251742699618766,0.37563140875759826,0.2679261602308315,0.2750901209430099,0.3295816519092829,1.0,0.36282818373939296,0.33250390123056617,0.32226011869899607,0.36057127791572297,0.3459063299630205,0.3778184117462997,0.5716400498528977,0.5517989857921144,0.5156266181178213,0.3686873017725034,0.2617353021341683,0.2880642729607179,0.2979636079949973,0.2579417739378267,0.4731046129526134,0.0,0.3998132610956685,0.4260862197683989,0.26236924461023103,0.3243597256956704,0.3774435957839577,0.25064287430960475,0.38814721984099176,0.2655719319964214,0.3947250577785182,0.3737713576454197,0.2985113707389113,0.3058723144094373,0.27355542274613986,0.4053649305686142,0.4149523548043297,0.25766173250347524,0.29624894781606215
0.36707593296697427,0.4620251272533542,0.28915985262016064,0.3233776024761871,0.42820397747163175,0.4431994684571079,0.4366540016195408,0.3270194607974042,0.35454941045961197,0.3313981497472067,0.5310057735465223,0.31464297121126594,0.5207617484692384,0.32682861921513084,0.3120644508965833,0.4214815436840802,0.36282818373939296,1.0,0.5291396441361695,0.4392714192251561,0.5436875486260817,0.5146838181352744,0.5651123317272124,0.39867430635468937,0.37962781144427915,0.4268803210567583,0.538770531828018,0.32775994270965014,0.3576752582861007,0.36622010462850507,0.30696205920987496,0.4719964789727792,0.0,0.5153270119203893,0.45599275343133927,0.33431307005032784,0.42558005952397426,0.4907575816931815,0.2920535651601259,0.5253365397333274,0.3077573496087229,0.4673200515987136,0.5242375386676892,0.3273710224115042,0.3245697741450926,0.3259179356589632,0.46749922116370035,0.46677580534457963,0.3192267771570767,0.3592369734259462
0.33967228930456506,0.423762153146901,0.26284794760037256,0.2958590833508463,0.38745311902014756,0.41994432064708,0.39902181209325094,0.30004227126923966,0.3191908158412651,0.2997066948960325,0.47765084133008107,0.2911545380601306,0.5193613201664373,0.2979113243305618,0.2803825323248228,0.39305068872403837,0.33250390123056617,0.5291396441361695,1.0,0.40023881846433906,0.5021916823365604,0.5267479711896843,0.5182955142807409,0.37132029918076237,0.3565170332379055,0.3893188045013526,0.49144739054132314,0.29684134032760634,0.32527234083638423,0.32892824781099295,0.2740010715896982,0.46527660474091714,0.0,0.4752734498635909,0.4229205751876701,0.3054313008169113,0.3868132134255192,0.45832308954228207,0.2663292164133839,0.48553833482517184,0.27610230949844994,0.42565508849155054,0.47968089693290994,0.29937109152104013,0.29884685539302647,0.30185608212593307,0.4172339542611906,0.41774557420597314,0.29323726251337445,0.3311867190592853
0.3605382097140114,0.4013546075417572,0.28560461957755157,0.31637834054912595,0.3573496769247979,0.39052025925745837,0.8602233322582388,0.31855798183691664,0.3496891262962154,0.32089293520402806,0.41247238133739617,0.30893688079068926,0.3983688468582135,0.3175887731475685,0.30639693123698797,0.7543618965131925,0.32226011869899607,0.4392714192251561,0.40023881846433906,1.0,0.4356619129183027,0.39716802772256377,0.4433543040403527,0.34685861684544195,0.33870026857416047,0.3753560106441547,0.41030251529349393,0.315764324113329,0.34803252297560094,0.356552650062119,0.29799842681424715,0.3834252869960083,0.0,0.41149101411409206,0.3963652729724886,0.3225187932788658,0.8061718961136889,0.3891668318808865,0.28775112569450834,0.40653064990278887,0.2986391015575971,0.4026864091806285,0.41203215801547666,0.31688504548028995,0.3156616364826518,0.32352927230341166,0.39104528540094485,0.39059926008777357,0.31121754830315185,0.3545424826020295
0.35292359162353126,0.4465098602258517,0.2846126829553669,0.315980233138642,0.4313460759145993,0.42504869957768066,0.4333135277156782,0.3153861077171065,0.34461795688417085,0.31968683152313726,0.5146470727448303,0.31089737686614416,0.5279485575933756,0.3119844148515085,0.3056119946347723,0.4095435377529213,0.36057127791572297,0.5436875486260817,0.5021916823365604,0.4356619129183027,1.0,0.5095134035592002,0.5697634704915553,0.3836473548286238,0.3682042589357569,0.4240456502509886,0.5391834696203185,0.31623580851161337,0.3385719986455763,0.3536321366720989,0.2949623582571642,0.4808442553730794,0.0,0.5330364226059412,0.4420847348088556,0.3212363722518381,0.41532240765451023,0.49978488500361085,0.2851100768193976,0.5333862723560671,0.30515336484291555,0.4477153852893361,0.524585124230792,0.3168189609458456,0.31782538068273725,0.32532593925710684,0.4621180891945703,0.46139928900426763,0.31380823928471313,0.3474794971053199
0.34467261499863255,0.41769366930261664,0.26902672561828567,0.29625164412121496,0.39149571950734263,0.45476453921361015,0.40065343016101507,0.30031254968926435,0.32386768387239484,0.30227774770824234,0.5020888488725046,0.29466729019613924,0.5284128604982967,0.2969323645918982,0.2847675923934979,0.4086537962755027,0.3459063299630205,0.5146838181352744,0.5267479711896843,0.39716802772256377,0.5095134035592002,1.0,0.6695494030900113,0.39972763262745425,0.3853964525832254,0.42003073967482907,0.5020508374426198,0.2984908703756546,0.32248598741253065,0.33166587102669653,0.2753071448547849,0.475700201906356,0.0,0.5917156454051828,0.42267383164496164,0.3045948276521435,0.38457463438875117,0.4833113019880254,0.26697258334185325,0.5116376258215328,0.2756582049313455,0.4251378218495502,0.5047501034903593,0.3025282928829103,0.3015608378343364,0.3118892541552841,0.4275402951968781,0.4264517414651131,0.295416199431939,0.3379934806382988
0.37092586395422533,0.4629196043833377,0.29284474110246805,0.3336037047727246,0.4409487777958714,0.4528661655062137,0.4419080365051885,0.3311459005583596,0.3601450664575728,0.32865017156364495,0.5330784942917217,0.3221606841760901,0.5683279525168096,0.3301369569786049,0.3207659539018115,0.4285334767226151,0.3778184117462997,0.5651123317272124,0.5182955142807409,0.4433543040403527,0.5697634704915553,0.6695494030900113,1.0,0.40015174853654345,0.3871503356414865,0.4329574056436828,0.5614143680770352,0.33114498050682073,0.358691806512593,0.3619256343594185,0.31263787421203326,0.5094351784829008,0.0,0.6558618514493268,0.4572010398527466,0.3342858117987991,0.4287484758715687,0.5217828870907901,0.2976482374292049,0.5516841454366878,0.3126628871628415,0.4653441230620332,0.5497735214157737,0.3325742526942249,0.33103993482499383,0.32976595436689626,0.46472588821391403,0.4654626680569641,0.3231531100734857,0.3638575343090673
0.3621512906878306,0.4948811622572793,0.24967050110739897,0.3102118665876712,0.4093131041260616,0.5208601273816352,0.3523419790489656,0.3250382743489425,0.31940760088766984,0.30481377343612115,0.41656535249558535,0.31506951411833795,0.4129962698013361,0.28108933843466133,0.2924160927343774,0.365297436404625,0.5716400498528977,0.39867430635468937,0.37132029918076237,0.34685861684544195,0.3836473548286238,0.39972763262745425,0.40015174853654345,1.0,0.6118817984140282,0.5314746421059571,0.40051534957861523,0.28423912068296664,0.3083272325028851,0.3271378191131561,0.27199938548952085,0.4702768405784128,0.0,0.41131543016820327,0.517067911582513,0.2814734978252168,0.34600401914722223,0.4035648468687295,0.2691381448118516,0.4159625298871257,0.2861831757621097,0.4382240922136976,0.3985579637935397,0.3201818026067492,0.33023377693897027,0.2871537756602003,0.43411917385568444,0.4412290681379809,0.2768091496954662,0.3121975431908347
0.3466137049672324,0.4895017719695298,0.24351208260969948,0.31696394610806966,0.40789538603804254,0.5186702997238022,0.34182235749797607,0.31105385607092895,0.31590047525797826,0.30568109298289947,0.4003117961384115,0.3091297118012548,0.38790383732443323,0.28499197364625917,0.29092654050884303,0.3590603211418423,0.5517989857921144,0.37962781144427915,0.3565170332379055,0.33870026857416047,0.3682042589357569,0.3853964525832254,0.3871503356414865,0.6118817984140282,1.0,0.546245359898168,0.3781093174522755,0.27769521768897576,0.2985635096074768,0.308881503233443,0.27424020088012613,0.47956198325967825,0.0,0.39591313353420166,0.509365423301004,0.2719191426141917,0.3431776872509281,0.3989966584325888,0.26174176243408753,0.3971895137516287,0.28723059968607234,0.42300778003619643,0.3886585032853387,0.3197518209657031,0.3252146426585344,0.2970429061540658,0.42086310154504825,0.4287597996609933,0.2827080319173215,0.30652853038688155
0.36342284732474905,0.4945114414456879,0.2712034770055999,0.33425279399965835,0.44385029088550343,0.5021280017963552,0.3753749554312342,0.33259617167951117,0.34916393802113355,0.3338955605570588,0.4508459135291668,0.31861073061997724,0.44520967601573636,0.3108397845246772,0.32151970882448655,0.3996413634242558,0.5156266181178213,0.4268803210567583,0.3893188045013526,0.3753560106441547,0.4240456502509886,0.42003073967482907,0.4329574056436828,0.5314746421059571,0.546245359898168,1.0,0.4328104888981358,0.3036533709030238,0.3300416745203947,0.34189009824994865,0.30598985904614673,0.4680242680959632,0.0,0.4248814189191271,0.4918761013308284,0.30006606786115997,0.3782928570018189,0.4290645134613804,0.28047300215097226,0.4478997092764593,0.31480976970449714,0.47379652539596673,0.433233285695401,0.33338418555178684,0.3343950878556754,0.3094912681851263,0.4791116708576182,0.4829862618193923,0.31113486411493096,0.33489752672774087
0.3672849667106739,0.46886288487068073,0.2947823444009179,0.32510592851221176,0.45300533967573864,0.43671800948860906,0.4070056926701383,0.32796365890940804,0.36126599274140536,0.33548405283438976,0.5463056533525201,0.3197117042331218,0.561554314581094,0.328837011243189,0.31856011771060855,0.39994169786915246,0.3686873017725034,0.538770531828018,0.49144739054132314,0.41030251529349393,0.5391834696203185,0.5020508374426198,0.5614143680770352,0.40051534957861523,0.3781093174522755,0.4328104888981358,1.0,0.3260817238594895,0.35873702784973616,0.3652903330784216,0.30949189283323,0.501278830537825,0.0,0.5349610359201279,0.451710692445061,0.3225806061877008,0.39665304239256416,0.5983884765314853,0.2811646928159134,0.5732141830512014,0.3165930927906355,0.4676415594530331,0.6365411977809544,0.3323965465365212,0.3250697653246841,0.3330129979662845,0.46649984364338537,0.4661272616814446,0.3266175286387568,0.35859753710820996
0.3461664743347549,0.3419972476107064,0.273458391135173,0.5617081793036305,0.30305630967304586,0.31789098779034564,0.31162398954966275,0.6890155538235843,0.33656183465316736,0.5441142567596078,0.3371187559747443,0.5174174849819454,0.3316527660096714,0.5663783580216966,0.5232815024240418,0.3133830270283884,0.2617353021341683,0.32775994270965014,0.29684134032760634,0.315764324113329,0.31623580851161337,0.2984908703756546,0.33114498050682073,0.28423912068296664,0.27769521768897576,0.3036533709030238,0.3260817238594895,1.0,0.3718892888489681,0.33882196971987,0.5068824086900258,0.3224291634979123,0.0,0.3197545838329249,0.32076694440998077,0.44771240701313786,0.30480678187631416,0.3319447534601656,0.42259325155344607,0.32825013050139773,0.5221135329318574,0.3258035775270868,0.32694619723947416,0.7939621452814989,0.7538676657238126,0.3474830410157467,0.32340411778211964,0.3230798555627965,0.514727001761813,0.3685048371303462
0.39229143699368174,0.36786097320770494,0.3066093609207299,0.3610218407841984,0.3288777181520053,0.35311011713869545,0.3441534243032752,0.36826079258258526,0.38826388893817854,0.37270435430172344,0.36675593636989,0.3616175318805257,0.3576078869270717,0.3725189076732026,0.35365940348944835,0.3436543711318384,0.2880642729607179,0.3576752582861007,0.32527234083638423,0.34803252297560094,0.3385719986455763,0.32248598741253065,0.358691806512593,0.3083272325028851,0.2985635096074768,0.3300416745203947,0.35873702784973616,0.3718892888489681,1.0,0.3829657455380987,0.3475016344725437,0.3378341701959283,0.0,0.3530010060166834,0.3468064956579022,0.3535425926516509,0.3351095105629095,0.34943948934011093,0.3144331076533443,0.35954499043369814,0.3494957805438662,0.34641830638701454,0.3548278001622899,0.3681341202864813,0.36504185740727446,0.4301964510869789,0.34679843393976817,0.34682109482020296,0.35914215458559273,0.6408235919395284
0.4281977922637692,0.37102842798474445,0.3167515317567059,0.34363014754393684,0.3502414917369506,0.34775463321749667,0.35097275223045676,0.34095447197434736,0.45623823945494935,0.35579081447778815,0.37995694242518085,0.33105245125890126,0.38056595228802526,0.3372453940856919,0.33347355772990295,0.36617936457383027,0.2979636079949973,0.36622010462850507,0.32892824781099295,0.356552650062119,0.3536321366720989,0.33166587102669653,0.3619256343594185,0.3271378191131561,0.308881503233443,0.34189009824994865,0.3652903330784216,0.33882196971987,0.3829657455380987,1.0,0.3231241885044104,0.346302375012267,0.0,0.3536280485875436,0.3559898998074711,0.3254616386852033,0.3484282085683622,0.3536924299360644,0.2844057183612627,0.380248474063934,0.3364251538398987,0.36016252566793827,0.3696792880713621,0.34283896920114043,0.33558781540083216,0.37673694543862446,0.36778230899139863,0.3677388617715135,0.3300276093160981,0.38945453315651646
0.3137145753442583,0.31719676900496696,0.2549945966601642,0.5326743459609162,0.3127709536705664,0.30309400260921315,0.29351025502199823,0.4963681559028068,0.3365579987508819,0.542378064912902,0.3148158273612397,0.4673974841326296,0.3229678367029566,0.5258377359136344,0.5272559730799972,0.30684128737538374,0.2579417739378267,0.30696205920987496,0.2740010715896982,0.29799842681424715,0.2949623582571642,0.2753071448547849,0.31263787421203326,0.27199938548952085,0.27424020088012613,0.30598985904614673,0.30949189283323,0.5068824086900258,0.3475016344725437,0.3231241885044104,1.0,0.3092458948396769,0.0,0.3037886785426074,0.29570127693372095,0.4256118577510466,0.29593360497204935,0.3029805360734972,0.389478882121033,0.3080638480793352,0.6455832514483371,0.3073919032624334,0.30646360438751463,0.5033173962684554,0.4900193181548266,0.3274107919883045,0.3038184822775837,0.3040448388048571,0.4687315718281899,0.3442647698406265
0.3654428261721806,0.4334103902876639,0.2734310071789138,0.353661569041235,0.47666617155700497,0.44795166630785077,0.38476738089121953,0.3390731395747134,0.3503117160595478,0.33560130487044815,0.48046268832458205,0.3238356166855606,0.5282749358240719,0.321777467052932,0.33279213843559907,0.39728004790331806,0.4731046129526134,0.4719964789727792,0.46527660474091714,0.3834252869960083,0.4808442553730794,0.475700201906356,0.5094351784829008,0.4702768405784128,0.47956198325967825,0.4680242680959632,0.501278830537825,0.3224291634979123,0.3378341701959283,0.346302375012267,0.3092458948396769,1.0,0.0,0.5018372473859766,0.4349707486748452,0.30407658327946585,0.38996107700512894,0.4985931976470337,0.2896463745917791,0.5091071398863167,0.317771664943336,0.43715501429685444,0.5107265750174916,0.3350070426764523,0.3396187207064638,0.31731875377235996,0.44163914123234327,0.44624636678871954,0.30380563417923834,0.3405205167212666
0.0,0.0,0.0,0.0,0.0,0.0,0.0,0.0,0.0,0.0,0.0,0.0,0.0,0.0,0.0,0.0,0.0,0.0,0.0,0.0,0.0,0.0,0.0,0.0,0.0,0.0,0.0,0.0,0.0,0.0,0.0,0.0,1.0,0.0,0.0,0.0,0.0,0.0,0.0,0.0,0.0,0.0,0.0,0.0,0.0,0.0,0.0,0.0,0.0,0.0
0.3664935320759062,0.45407352569583637,0.2918206075191866,0.32062725669150216,0.43919120517258525,0.45419229556873364,0.4132593388762533,0.3299834805408449,0.35297559639684783,0.3238391260100031,0.5178158069353263,0.3202357237514869,0.5516059859383473,0.3196686666519565,0.3087983145056207,0.40017178036047385,0.3998132610956685,0.5153270119203893,0.4752734498635909,0.41149101411409206,0.5330364226059412,0.5917156454051828,0.6558618514493268,0.41131543016820327,0.39591313353420166,0.4248814189191271,0.5349610359201279,0.3197545838329249,0.3530010060166834,0.3536280485875436,0.3037886785426074,0.5018372473859766,0.0,1.0,0.44951382207419843,0.3359823454828268,0.3955264030620922,0.5081683311516442,0.30316494804286764,0.5385715401883862,0.3044439000693382,0.4588391793035159,0.5421059597704305,0.32530410459155545,0.32622576630912514,0.3275635100046833,0.45696817475745843,0.45835903238549147,0.31433294564445713,0.354076872159351
0.36225869507604647,0.5693654468353455,0.27641288269445763,0.32469556119307663,0.4168829623132142,0.5499030313459295,0.39727813792449673,0.32918288207288093,0.3484413857577292,0.3242632864856919,0.4762680662780737,0.324757051799728,0.4543008572956454,0.3206406191333354,0.3094634691867434,0.3927010028929404,0.4260862197683989,0.45599275343133927,0.4229205751876701,0.3963652729724886,0.4420847348088556,0.42267383164496164,0.4572010398527466,0.517067911582513,0.509365423301004,0.4918761013308284,0.451710692445061,0.32076694440998077,0.3468064956579022,0.3559898998074711,0.29570127693372095,0.4349707486748452,0.0,0.44951382207419843,1.0,0.31351127774881293,0.38202736757590283,0.43994877184409686,0.29181806276610045,0.4676473993875898,0.3063526913755604,0.4972419040137166,0.46211562094078085,0.3234778465172916,0.3258924796688324,0.32136253253696123,0.4919216884528531,0.49213084019722275,0.31524953211118534,0.3480503905575608
0.32557479431619607,0.3193152686269426,0.2670711955440881,0.4412114381676897,0.2879176666281942,0.31899434278020455,0.3212187185553501,0.4407756937635451,0.32784326107425266,0.4546619917619187,0.32867829548355376,0.420964223598816,0.31705921882201593,0.44323707881463836,0.4355752245039409,0.3179995135592849,0.26236924461023103,0.33431307005032784,0.3054313008169113,0.3225187932788658,0.3212363722518381,0.3045948276521435,0.3342858117987991,0.2814734978252168,0.2719191426141917,0.30006606786115997,0.3225806061877008,0.44771240701313786,0.3535425926516509,0.3254616386852033,0.4256118577510466,0.30407658327946585,0.0,0.3359823454828268,0.31351127774881293,1.0,0.30989534402072716,0.316880091731483,0.41050790122818637,0.32803154130361745,0.4327287684970912,0.32312803425546566,0.3203638639929114,0.44995991654628076,0.4464907299186842,0.32952896730422665,0.3167706900588061,0.31645432998741885,0.44455899298954915,0.3577817533499925
0.34668150233379613,0.38662557158262323,0.2740897181597829,0.31746937706100453,0.36776157580068536,0.38004182370859296,0.7906638626975433,0.3125280363501284,0.3476145051654326,0.32059922323506806,0.39695737869450975,0.29890228697537113,0.3981621092486408,0.30874838519851033,0.3076188833260184,0.7464955630135597,0.3243597256956704,0.42558005952397426,0.3868132134255192,0.8061718961136889,0.41532240765451023,0.38457463438875117,0.4287484758715687,0.34600401914722223,0.3431776872509281,0.3782928570018189,0.39665304239256416,0.30480678187631416,0.3351095105629095,0.3484282085683622,0.29593360497204935,0.38996107700512894,0.0,0.3955264030620922,0.38202736757590283,0.30989534402072716,1.0,0.37680763813066787,0.2793632625477299,0.38858554879933116,0.2994711548196297,0.38710934050459844,0.3993022468197841,0.30688410744644345,0.30530052438563593,0.310288292014273,0.3763271389585142,0.3758840726854149,0.29999664993349184,0.34244799160861095
0.37003186000050814,0.47594574185186755,0.28585779650622256,0.320857663853209,0.4668225526663058,0.4445991857371925,0.38455764794281566,0.3384138069603304,0.34485094231309166,0.32811825443085774,0.525029298803531,0.3240368146165785,0.5236174458139478,0.32430773795043377,0.3145730348192167,0.3863557796545478,0.3774435957839577,0.4907575816931815,0.45832308954228207,0.3891668318808865,0.49978488500361085,0.4833113019880254,0.5217828870907901,0.4035648468687295,0.3989966584325888,0.4290645134613804,0.5983884765314853,0.3319447534601656,0.34943948934011093,0.3536924299360644,0.3029805360734972,0.4985931976470337,0.0,0.5081683311516442,0.43994877184409686,0.316880091731483,0.37680763813066787,1.0,0.2944918149196555,0.5501527200010712,0.3126677131474861,0.4586375611755631,0.6364879282510753,0.3411618319683344,0.33403713277659,0.3302652642835453,0.47130160188064363,0.471162240580814,0.3278502415753072,0.35196984039650236
0.294382447354789,0.2861707208941042,0.23913754976197332,0.4214921619210811,0.31940373720739057,0.2985723329829414,0.2919723213280112,0.4261254294437009,0.2913656817597522,0.4317054944052592,0.2904626367555432,0.4113805235914224,0.288621991497664,0.4166224582544136,0.41318013240062845,0.2827550777091815,0.25064287430960475,0.2920535651601259,0.2663292164133839,0.28775112569450834,0.2851100768193976,0.26697258334185325,0.2976482374292049,0.2691381448118516,0.26174176243408753,0.28047300215097226,0.2811646928159134,0.42259325155344607,0.3144331076533443,0.2844057183612627,0.389478882121033,0.2896463745917791,0.0,0.30316494804286764,0.29181806276610045,0.41050790122818637,0.2793632625477299,0.2944918149196555,1.0,0.29386105782084937,0.40196973172975836,0.2975206361020183,0.2934923469303131,0.4256594440515411,0.4361781067027297,0.29645647507609363,0.2845150778427108,0.28443237254837794,0.4097796281409679,0.31340610224028653
0.37486059823129914,0.4741041132015905,0.301511444210949,0.32027029259004136,0.4553483828837982,0.45360630419277237,0.40196695020820894,0.3344996203980939,0.363334945586821,0.3359473387862729,0.5619676406712002,0.32327912639826084,0.566668573918786,0.3240223637245576,0.3144045738968666,0.39805253792914685,0.38814721984099176,0.5253365397333274,0.48553833482517184,0.40653064990278887,0.5333862723560671,0.5116376258215328,0.5516841454366878,0.4159625298871257,0.3971895137516287,0.4478997092764593,0.5732141830512014,0.32825013050139773,0.35954499043369814,0.380248474063934,0.3080638480793352,0.5091071398863167,0.0,0.5385715401883862,0.4676473993875898,0.32803154130361745,0.38858554879933116,0.5501527200010712,0.29386105782084937,1.0,0.31245992588115024,0.47732741312858884,0.5740175497170099,0.3311307151418742,0.3348072769385314,0.34423056046706624,0.49545256122792736,0.4946128245475738,0.3249457916103171,0.37062541540145943
