../ecoli_genomes/GCF_000163235.1_ASM16323v1_genomic.fna.gz,../ecoli_genomes/GCF_000164555.1_ASM16455v1_genomic.fna.gz,../ecoli_genomes/GCF_000208545.1_ASM20854v2_genomic.fna.gz,../ecoli_genomes/GCF_000233875.1_ASM23387v1_genomic.fna.gz,../ecoli_genomes/GCF_000249735.1_ASM24973v2_genomic.fna.gz,../ecoli_genomes/GCF_000261145.1_Esch_coli_M919_V2_genomic.fna.gz,../ecoli_genomes/GCF_000267705.2_ASM26770v2_genomic.fna.gz,../ecoli_genomes/GCF_000350665.1_Esch_coli_KTE5_V1_genomic.fna.gz,../ecoli_genomes/GCF_000351625.1_Esch_coli_KTE66_V1_genomic.fna.gz,../ecoli_genomes/GCF_000352285.1_Esch_coli_KTE46_V1_genomic.fna.gz,../ecoli_genomes/GCF_000358895.1_ASM35889v1_genomic.fna.gz,../ecoli_genomes/GCF_000456385.1_Esch_coli_HVH_26_4-5703913_V1_genomic.fna.gz,../ecoli_genomes/GCF_000458195.1_Esch_coli_HVH_147_4-5893887_V1_genomic.fna.gz,../ecoli_genomes/GCF_000459755.1_Esch_coli_KOEGE_58_171a_V1_genomic.fna.gz,../ecoli_genomes/GCF_000460055.1_Esch_coli_UMEA_3053-1_V1_genomic.fna.gz,../ecoli_genomes/GCF_000462165.2_ASM46216v2_genomic.fna.gz,../ecoli_genomes/GCF_000601135.1_ASM60113v1_genomic.fna.gz,../ecoli_genomes/GCF_000614595.1_Ec2010EL1058_genomic.fna.gz,../ecoli_genomes/GCF_000617745.1_Ec2010C-4529_genomic.fna.gz,../ecoli_genomes/GCF_000618265.2_EcF6751_genomic.fna.gz,../ecoli_genomes/GCF_000619005.2_Ec2009C-4052_genomic.fna.gz,../ecoli_genomes/GCF_000619105.1_Ec2009C-4780_genomic.fna.gz,../ecoli_genomes/GCF_000619765.2_Ec2009C-3279_genomic.fna.gz,../ecoli_genomes/GCF_000687005.1_ASM68700v1_genomic.fna.gz,../ecoli_genomes/GCF_000687025.1_ASM68702v1_genomic.fna.gz,../ecoli_genomes/GCF_000700125.1_ASM70012v1_genomic.fna.gz,../ecoli_genomes/GCF_000753315.1_FHI35_genomic.fna.gz,../ecoli_genomes/GCF_000776375.1_ASM77637v1_genomic.fna.gz,../ecoli_genomes/GCF_000779395.1_ASM77939v1_genomic.fna.gz,../ecoli_genomes/GCF_000780315.1_ASM78031v1_genomic.fna.gz,../ecoli_genomes/GCF_000781995.1_ASM78199v1_genomic.fna.gz,../ecoli_genomes/GCF_000986765.1_ASM98676v1_genomic.fna.gz,../ecoli_genomes/GCF_001041375.1_ViralProj287958_genomic.fna.gz,../ecoli_genomes/GCF_001265335.1_302014_genomic.fna.gz,../ecoli_genomes/GCF_001265625.1_100854_genomic.fna.gz,../ecoli_genomes/GCF_001267345.1_303289_genomic.fna.gz,../ecoli_genomes/GCF_001309985.1_ASM130998v1_genomic.fna.gz,../ecoli_genomes/GCF_001521695.1_ASM152169v1_genomic.fna.gz,../ecoli_genomes/GCF_001592595.1_ASM159259v1_genomic.fna.gz,../ecoli_genomes/GCF_001614975.1_ASM161497v1_genomic.fna.gz,../ecoli_genomes/GCF_001692775.1_ASM169277v1_genomic.fna.gz,../ecoli_genomes/GCF_001748915.1_ASM174891v1_genomic.fna.gz,../ecoli_genomes/GCF_001749235.1_ASM174923v1_genomic.fna.gz,../ecoli_genomes/GCF_001881155.1_ASM188115v1_genomic.fna.gz,../ecoli_genomes/GCF_001881345.1_ASM188134v1_genomic.fna.gz,../ecoli_genomes/GCF_001892405.1_ASM189240v1_genomic.fna.gz,../ecoli_genomes/GCF_001892585.1_ASM189258v1_genomic.fna.gz,../ecoli_genomes/GCF_001893985.1_ASM189398v1_genomic.fna.gz,../ecoli_genomes/GCF_002001595.1_ASM200159v1_genomic.fna.gz,../ecoli_genomes/GCF_002002145.1_ASM200214v1_genomic.fna.gz
1.0,0.3195800192933099,0.2554012592995205,0.27729915770448477,0.2970849695893847,0.30246427298624523,0.30140235456929765,0.27852972289477673,0.39270387839073806,0.2918841420827062,0.3197517648516023,0.2838420542116159,0.2989202119642872,0.2749169957021631,0.26360135321370415,0.2993147351445501,0.2782814231002585,0.30575698234642434,0.2631541231118125,0.3013556292454307,0.29603741920529913,0.28800154392254973,0.30917384914144586,0.2867054958309655,0.28880756875316327,0.28629148035361585,0.3072308490564968,0.27542977447219996,0.33574386543929213,0.38650525871975483,0.258237115296006,0.2969203363933307,0.0,0.2995267458810069,0.3044559309915297,0.26987635581784664,0.288171155151835,0.3181719842914309,0.25353529652782647,0.3138060272533931,0.2607024981296201,0.30344625370864564,0.31134146251733785,0.27891951333691056,0.2870343284097817,0.31151542259145715,0.30224310270102994,0.30244715021576385,0.2656369895927999,0.3404390689421064
0.3195800192933099,1.0,0.23384730724755554,0.27467840556304246,0.40410795157109625,0.5367910559802413,0.3518005171307512,0.2765140894499538,0.2943136546153504,0.2898888938806645,0.4320800570394656,0.28608698249925524,0.4119603324228922,0.26907885845922996,0.26039542034809704,0.3463209025107925,0.4495643255315891,0.4211297113222341,0.3553041552711814,0.35435246893930084,0.4090750955563881,0.37377475527201076,0.41721443134636604,0.5210052057877841,0.5397679486239813,0.4681376605868838,0.4202052297285849,0.2724342724974289,0.3021195135174173,0.3069213279803269,0.26083156709142197,0.4014029903158717,0.0,0.40254444621888574,0.5712329844178723,0.2575159674638763,0.33428997101373936,0.4348103544851558,0.24697615770535108,0.4258266759945587,0.26234466385735544,0.4775032663502883,0.42261204057730883,0.28997881593043806,0.2898714798863383,0.28307296118904846,0.4882387229345988,0.48682246094976933,0.2757449355481305,0.30262657098738144
0.2554012592995205,0.23384730724755554,1.0,0.20936412459299636,0.2093159990450677,0.21199543023926248,0.21659879346998456,0.21322522653388154,0.24285206818995775,0.21900553486368823,0.22902759676884388,0.21093525781947398,0.22268208491275954,0.21182251825850473,0.20199331249409125,0.21469583298777817,0.20580241393945886,0.22388268030239789,0.18976095595341946,0.2185221530240371,0.22192340139864997,0.20342624258771458,0.22461486921684892,0.20708511940528096,0.20749312285983423,0.2033423082476642,0.22401617213297453,0.21146396941934964,0.24232405223135545,0.250870517862379,0.20149388725624973,0.2142358511848148,0.0,0.22348273921448158,0.21919359218852696,0.20964972655611913,0.20587237375968026,0.22580562543681004,0.1953905351137698,0.22904357918981277,0.2035866442187102,0.2253999247604539,0.23225291407097615,0.21956632709327129,0.2139396267424969,0.22540940648255758,0.22950862891473967,0.22876748180005257,0.21164124173719412,0.24755425254364427
0.27729915770448477,0.27467840556304246,0.20936412459299636,1.0,0.27809463590216765,0.2627260355919905,0.25531483400317057,0.4966001060423424,0.2861764936964555,0.527305222711909,0.271493014304118,0.4994193268376306,0.2715860086251153,0.5495684706001167,0.5597472659000292,0.2682686277247447,0.25207973209933277,0.26447496585795693,0.22668265630494022,0.25683675725000643,0.26073261578077156,0.24332465120671742,0.2759788057422775,0.2502680413811934,0.25519425829073017,0.2547582276410295,0.2682608470709992,0.5156049182015099,0.3058141300108592,0.2789827168375286,0.5034445653230017,0.27344287313231797,0.0,0.2570828577388321,0.25788497873642535,0.4173340006010896,0.24914573945275764,0.2671469526876292,0.4162465324962443,0.2599046895864947,0.522965906897516,0.2621864825221183,0.26801417892427903,0.5190791120262794,0.5130671737691868,0.29264006491966754,0.2631635194902796,0.26262728600974194,0.44794911676974714,0.30798049822132345
0.2970849695893847,0.40410795157109625,0.2093159990450677,0.27809463590216765,1.0,0.4112779774025579,0.3267706623509463,0.2698584450163891,0.3008715517698818,0.29279663692998525,0.5128803516054046,0.2553261110265257,0.46903837516575286,0.2677706872844613,0.2792363438266585,0.35285675288513196,0.42203187190807745,0.4263587873461594,0.3613305211944179,0.32953073934864396,0.4359343867951372,0.3888056369908799,0.432719254974527,0.4290948338014827,0.40133846044370347,0.4202992328435162,0.4441422838090293,0.2530271102131003,0.3013600749977048,0.3069870811882621,0.26295982454201283,0.46929082070874517,0.0,0.4290199841524047,0.4033749897763482,0.24831362838151672,0.32701648914132897,0.45830236439323757,0.2437978436780085,0.44925729968229633,0.2796565184824201,0.4074609862188857,0.4580657344739193,0.25371174582052247,0.2618010268582417,0.2670371835804102,0.425556770769718,0.4234666015595676,0.2532481650849766,0.296153210889327
0.30246427298624523,0.5367910559802413,0.21199543023926248,0.2627260355919905,0.4112779774025579,1.0,0.347408625943575,0.26754350153176853,0.28319093587653976,0.26944309508902087,0.4140484156119614,0.2569942034351629,0.3961147516262147,0.2546426132082248,0.24982151691727195,0.3609300242942689,0.4405889853635506,0.4090395143683412,0.3546376761004032,0.3445896275606798,0.39112418770408985,0.40763042370959746,0.40544388023630873,0.5336502716819254,0.5388204811605912,0.4674191934307731,0.3931314087927189,0.2507518625662163,0.2994210518376528,0.28484038308740167,0.244434357049932,0.4027453327488175,0.0,0.4065263440620661,0.5474554098690891,0.25865556490430286,0.3332201407696067,0.4065036350438266,0.2565715203067891,0.4090806821035903,0.2502654080732787,0.46014447404050773,0.4017883038790422,0.25917640438120293,0.2655334718383634,0.2759723510220916,0.47010786877579847,0.4715955513279355,0.24943906112442293,0.2946786952397922
0.30140235456929765,0.3518005171307512,0.21659879346998456,0.25531483400317057,0.3267706623509463,0.347408625943575,1.0,0.25593084512017283,0.29268615287421595,0.2569473019105286,0.3556142653263924,0.2510607494750893,0.3425549767898838,0.2489195630897365,0.24244897483437766,0.7387108845706616,0.32245845099282155,0.3828141582912318,0.3242225669094907,0.8613033802381915,0.38324955430858043,0.34561057950708074,0.38671156517052274,0.3285486643185339,0.3254521415220605,0.33188497351249413,0.3501863020868117,0.24875869702547204,0.28510345999899434,0.300730595132494,0.23872771712902785,0.34092857645331676,0.0,0.35592361174575615,0.36067135591232957,0.26056678754842266,0.7701670880160542,0.34052418067539747,0.24632025456319606,0.350502084197187,0.2361569006372064,0.35258309516851716,0.35001590832535645,0.25640138598709383,0.25755785855791813,0.26322211413182395,0.3461812152068463,0.3445047777968533,0.24462231959187408,0.28913309402493603
0.27852972289477673,0.2765140894499538,0.21322522653388154,0.4966001060423424,0.2698584450163891,0.26754350153176853,0.25593084512017283,1.0,0.2799030263525253,0.5009217900959191,0.27151491832770935,0.4787506426934576,0.27140387843380787,0.48181881755051625,0.4704509419366404,0.2602967012765286,0.24397204924947868,0.2662474779260341,0.23214530297897373,0.2567364326026793,0.2613750732235087,0.24837654263387832,0.27120079081636284,0.2548969305216042,0.25209453247354474,0.2537490567136299,0.26884721816026846,0.6892148184337507,0.31261954713092555,0.27586025854954777,0.46623386583706383,0.2686072179672897,0.0,0.26515052757811286,0.26190859242704034,0.40455882193758896,0.24628563995570585,0.2853709154884775,0.408442522873002,0.2696233121164894,0.47241379127257843,0.2604476850517552,0.2743911775469968,0.6910571641172513,0.6669035386950662,0.29624714248523276,0.2615767545265063,0.26090870871124827,0.4399324195854223,0.31029115949272357
0.39270387839073806,0.2943136546153504,0.24285206818995775,0.2861764936964555,0.3008715517698818,0.28319093587653976,0.29268615287421595,0.2799030263525253,1.0,0.2964715273336651,0.30243796973790094,0.26679330691033654,0.3007530787761701,0.2790940449369964,0.2800635670182061,0.3024866268867673,0.26840566548975586,0.2954982427640741,0.24788457551358056,0.2961268441940953,0.28706081520012505,0.2674845671839797,0.2964088147636006,0.2789361723655924,0.26847045439353556,0.2773666086158698,0.2983767461515491,0.26803160326573094,0.3304430317143967,0.41476975065513366,0.267344370682704,0.2889440342860474,0.0,0.2874972412556559,0.288248280316063,0.2725500454413964,0.2828782218778676,0.2954685734437398,0.24687204037966382,0.30000053224553236,0.27105140128814265,0.295318966404569,0.3068687581010654,0.2704767391320634,0.268146104586772,0.3111689669784742,0.2910404431996283,0.2902224855682989,0.26295128677657664,0.34206869227292713
0.2918841420827062,0.2898888938806645,0.21900553486368823,0.527305222711909,0.29279663692998525,0.26944309508902087,0.2569473019105286,0.5009217900959191,0.2964715273336651,1.0,0.2848371845128388,0.4792937360939007,0.2896824927548215,0.5081226187297861,0.4976581857859569,0.27019824359441824,0.25370242475777594,0.27243192623575285,0.23358982205456058,0.25922967830374066,0.26803028675352625,0.25337364625886916,0.27282473931349327,0.2646831229159029,0.26097276213288556,0.26647806302923194,0.2779871836197024,0.5007737813397715,0.3137127599404783,0.2926943350270653,0.5192737436499726,0.2728241946691995,0.0,0.2642665910695564,0.26891938018648764,0.4235564911999735,0.24764297015028258,0.27745501532947836,0.42515021070240044,0.2768323668247272,0.5235921946204987,0.2696594473656091,0.2774631571483589,0.5064059976388184,0.5071587048900617,0.30055015407451935,0.27188214394693655,0.2715896052859347,0.4627227430511768,0.3131067685664499
0.3197517648516023,0.4320800570394656,0.22902759676884388,0.271493014304118,0.5128803516054046,0.4140484156119614,0.3556142653263924,0.27151491832770935,0.30243796973790094,0.2848371845128388,1.0,0.27133628971306845,0.5056550312018808,0.274277376841767,0.26267023149437796,0.35528106996582887,0.38440332051741144,0.4929966325206122,0.4016918128368442,0.35904006266481925,0.4861208776552782,0.4659178587790572,0.49385587027397393,0.41313631367626225,0.40258399524627597,0.4132790720158579,0.5025221275008052,0.26849796349567046,0.30309629747405686,0.3121221063717029,0.2592820587341176,0.45745545912750196,0.0,0.4747750501490696,0.43496722560333223,0.2750709904412978,0.33544117081234015,0.4918448313662602,0.25238632377903436,0.5144956200025486,0.2560596852259024,0.4466203060818099,0.5088815343965357,0.27577131861735027,0.2728668237551777,0.28760048490096646,0.44762998832160816,0.4439320390769985,0.27159972202406246,0.30845419863839296
0.2838420542116159,0.28608698249925524,0.21093525781947398,0.4994193268376306,0.2553261110265257,0.2569942034351629,0.2510607494750893,0.4787506426934576,0.26679330691033654,0.4792937360939007,0.27133628971306845,1.0,0.26037923415333875,0.49005673827839136,0.593692874809178,0.2498321455718726,0.24007838278538185,0.2591541248037377,0.23056927029292196,0.24947896909862977,0.26037619658762545,0.24553833573383776,0.2663081985470289,0.250107732303261,0.2521283896540476,0.24692906797990477,0.2616928427996965,0.48266553264008216,0.30589646740182186,0.2682803156311002,0.4440288170587119,0.2577130366735384,0.0,0.25674556842559804,0.2616551995532568,0.40746327101381496,0.24214051651875212,0.2726346041402854,0.4190961475087148,0.26237799662288064,0.4565909835658868,0.257716089679079,0.26801714842492197,0.49067979094900993,0.4878353588527061,0.29203436489879275,0.2626516645441461,0.2626256266103222,0.4304963258189828,0.30015349293934146
0.2989202119642872,0.4119603324228922,0.22268208491275954,0.2715860086251153,0.46903837516575286,0.3961147516262147,0.3425549767898838,0.27140387843380787,0.3007530787761701,0.2896824927548215,0.5056550312018808,0.26037923415333875,1.0,0.26267638017368156,0.27190456483960534,0.3547612860763605,0.3730049081296156,0.4880403180655347,0.4885696981429012,0.3475640224413622,0.5007254587086499,0.5193039623848501,0.5424250990518849,0.3906602433297751,0.37478938308364107,0.38701594605877865,0.5286440698897199,0.26265086899310663,0.29367721367881416,0.3154716470251727,0.2581437113693674,0.5096065268480956,0.0,0.5220320175932986,0.41290980290735246,0.2566435608737966,0.3390734295456178,0.50285102488056,0.24104609198422355,0.5290267560545072,0.2632688561537634,0.42709923287405094,0.5230292452851244,0.26487022518834513,0.2625221697551513,0.2723373721737654,0.4267841921961375,0.4236610185754237,0.26048706168120805,0.29903841039582246
0.2749169957021631,0.26907885845922996,0.21182251825850473,0.5495684706001167,0.2677706872844613,0.2546426132082248,0.2489195630897365,0.48181881755051625,0.2790940449369964,0.5081226187297861,0.274277376841767,0.49005673827839136,0.26267638017368156,1.0,0.5451747804123837,0.25241136847479684,0.23991827030859014,0.2601764579940731,0.22319309564691525,0.2520232819475805,0.2528938265892058,0.23720183711693976,0.26340949194260566,0.2378559077988358,0.24187125134984366,0.24456679624899968,0.2673062244330904,0.507678064846897,0.3078143866198658,0.2697034815164042,0.4943756776075916,0.2565850581445347,0.0,0.25188112122911266,0.25666851903203947,0.412187629583625,0.23825425853752535,0.26679716668822784,0.41081749536984435,0.25986148565302547,0.5036725315096295,0.26009868244670065,0.267330736924174,0.5093381641685291,0.5020231564158872,0.2966077481100178,0.26133648783623786,0.2605445415976948,0.4463720883577048,0.31078793931415993
0.26360135321370415,0.26039542034809704,0.20199331249409125,0.5597472659000292,0.2792363438266585,0.24982151691727195,0.24244897483437766,0.4704509419366404,0.2800635670182061,0.4976581857859569,0.26267023149437796,0.593692874809178,0.27190456483960534,0.5451747804123837,1.0,0.2571190972984684,0.24610317934180703,0.2538021516967853,0.21557951834277211,0.24520747596671222,0.2509552844933429,0.2316813753460336,0.26260022880820877,0.24368405351480116,0.23923938877093698,0.245534550527315,0.2600069629883277,0.48269328476039575,0.29382369109921314,0.2701252951123648,0.49141087653140236,0.26301301625272955,0.0,0.24931874966235346,0.24982296751571376,0.4058122119044949,0.2397224715301698,0.2615883859726509,0.40909164485295046,0.2539703706420573,0.5069736725113405,0.2534018438136286,0.26337797427378007,0.4796385453822962,0.4738972939970222,0.2848953054983965,0.26027150219745876,0.2596036924025775,0.43227467458205415,0.30457711458098613
0.2993147351445501,0.3463209025107925,0.21469583298777817,0.2682686277247447,0.35285675288513196,0.3609300242942689,0.7387108845706616,0.2602967012765286,0.3024866268867673,0.27019824359441824,0.35528106996582887,0.2498321455718726,0.3547612860763605,0.25241136847479684,0.2571190972984684,1.0,0.3252350863302208,0.36815572116168305,0.3185988062469788,0.7480037400720572,0.3613825383611706,0.355023951494972,0.37384987977799033,0.3421067832875675,0.3328717809310128,0.351872304170347,0.34365490718182634,0.2479318982857236,0.28444760797848756,0.3111467604038969,0.2472528430353469,0.35217718413760013,0.0,0.34662952034267813,0.34981804892153,0.2563268713026804,0.7358810162764315,0.3378865721078822,0.23603986095341267,0.34381675065875916,0.24933649091972332,0.3478797450770288,0.3482408828549145,0.2522329755127791,0.2554802640954268,0.26616856196970584,0.34641140739421905,0.34433298394812495,0.24380800213019038,0.28699576858082243
0.2782814231002585,0.4495643255315891,0.20580241393945886,0.25207973209933277,0.42203187190807745,0.4405889853635506,0.32245845099282155,0.24397204924947868,0.26840566548975586,0.25370242475777594,0.38440332051741144,0.24007838278538185,0.3730049081296156,0.23991827030859014,0.24610317934180703,0.3252350863302208,1.0,0.37590572754143425,0.3205220348907669,0.3195528096896175,0.3689854613681154,0.34949025185228966,0.38206534510932044,0.5338355819863123,0.49913502924788833,0.5213797614921556,0.3709079890590137,0.23476894298181006,0.288301301629145,0.27587152221470224,0.23329578924355443,0.44015422132875215,0.0,0.38279934327443554,0.46299635871320555,0.23821291961058055,0.31434423157164626,0.36709028876358263,0.23127269110318827,0.37630834066063723,0.23488136492614464,0.4237381594682882,0.3754768557281336,0.23949542259880086,0.24737687970437827,0.24738195336227076,0.44256866373407777,0.43899560317657105,0.2261808615087303,0.26985823730393677
0.30575698234642434,0.4211297113222341,0.22388268030239789,0.26447496585795693,0.4263587873461594,0.4090395143683412,0.3828141582912318,0.2662474779260341,0.2954982427640741,0.27243192623575285,0.4929966325206122,0.2591541248037377,0.4880403180655347,0.2601764579940731,0.2538021516967853,0.36815572116168305,0.37590572754143425,1.0,0.45562829637784674,0.38242174743817425,0.5180205506923123,0.47485947849977705,0.5260708255443112,0.385740780713719,0.37340898687023116,0.38675681873280054,0.505220020327836,0.2601450988761509,0.29544075770522527,0.3084649705317568,0.2513788528601415,0.4554949249511637,0.0,0.4870270832824557,0.4228219707782582,0.2762008128329043,0.36084326635486996,0.4752758899691921,0.25580425405294105,0.5013203812758948,0.24940694536189145,0.429968763873682,0.4940870396915624,0.26693232239912457,0.2670298618664333,0.2731933071517406,0.4278113952458932,0.42588324076448625,0.25571842018221036,0.29988930446193507
0.2631541231118125,0.3553041552711814,0.18976095595341946,0.22668265630494022,0.3613305211944179,0.3546376761004032,0.3242225669094907,0.23214530297897373,0.24788457551358056,0.23358982205456058,0.4016918128368442,0.23056927029292196,0.4885696981429012,0.22319309564691525,0.21557951834277211,0.3185988062469788,0.3205220348907669,0.45562829637784674,1.0,0.32178795367978297,0.43668921402862915,0.48847249817963745,0.44295481153769456,0.3342006664779571,0.3304459053416975,0.3264810541904978,0.4220972931320288,0.22508786163707306,0.2548456080322572,0.25731460537657247,0.2141318161010558,0.4450968892587752,0.0,0.4104248740931049,0.36260713454648474,0.23077246707832766,0.30896955930713677,0.40230881803987906,0.21500078240161635,0.41947040030417815,0.21398824876045275,0.358284059939841,0.4148295202857982,0.2350176937664964,0.23612450669559482,0.2360336038377383,0.35508551419246825,0.35380106622934293,0.2192144976375363,0.25548457026933746
0.3013556292454307,0.35435246893930084,0.2185221530240371,0.25683675725000643,0.32953073934864396,0.3445896275606798,0.8613033802381915,0.2567364326026793,0.2961268441940953,0.25922967830374066,0.35904006266481925,0.24947896909862977,0.3475640224413622,0.2520232819475805,0.24520747596671222,0.7480037400720572,0.3195528096896175,0.38242174743817425,0.32178795367978297,1.0,0.38389477595878563,0.3427393478917309,0.3849019598489679,0.3236312165743118,0.3241624314696948,0.3299431650613014,0.3530870155631112,0.25198637229534016,0.2889297494345944,0.304423787554711,0.24070585228407027,0.340782134175899,0.0,0.3552359629926459,0.3569305956482022,0.2587453346900489,0.7767772515569755,0.3430474308653546,0.24279764338955934,0.3536650091115131,0.2390790541773904,0.354508006239759,0.3548791593367434,0.2575363341263417,0.25799493288010733,0.26559248332786745,0.34974015267601777,0.3480431865869882,0.24776825650580248,0.29235748339672585
0.29603741920529913,0.4090750955563881,0.22192340139864997,0.26073261578077156,0.4359343867951372,0.39112418770408985,0.38324955430858043,0.2613750732235087,0.28706081520012505,0.26803028675352625,0.4861208776552782,0.26037619658762545,0.5007254587086499,0.2528938265892058,0.2509552844933429,0.3613825383611706,0.3689854613681154,0.5180205506923123,0.43668921402862915,0.38389477595878563,1.0,0.4745935910397735,0.5357862783086702,0.37816382397263404,0.37112275526155425,0.38791816610620933,0.5129983018367327,0.2577463107074671,0.2867338157668623,0.301922383980879,0.2486977090535395,0.4670880987035211,0.0,0.5031446685651333,0.41799026948135076,0.2707547323287751,0.362778841884294,0.4837422238320216,0.25087753061226603,0.5046574547991084,0.2493326753981152,0.41215020470054053,0.49992496435488765,0.26434163606944494,0.265367260402225,0.2745214869600098,0.42463259820238497,0.42167579632141694,0.2533142365092135,0.29368915762251846
0.28800154392254973,0.37377475527201076,0.20342624258771458,0.24332465120671742,0.3888056369908799,0.40763042370959746,0.34561057950708074,0.24837654263387832,0.2674845671839797,0.25337364625886916,0.4659178587790572,0.24553833573383776,0.5193039623848501,0.23720183711693976,0.2316813753460336,0.355023951494972,0.34949025185228966,0.47485947849977705,0.48847249817963745,0.3427393478917309,0.4745935910397735,1.0,0.6526437182459128,0.3765947265777202,0.3812325114228048,0.37739705897729736,0.4751161782570169,0.2418512525624158,0.26754080724355245,0.27722284879704173,0.22847120132176135,0.47359511816104927,0.0,0.5769371971891868,0.3795457742390992,0.25162367903212646,0.32325451436444563,0.4626597517937112,0.23172753582583705,0.4810853028507839,0.22747565445840012,0.3853988728332459,0.4756243420276479,0.2505713352383503,0.2503942868838245,0.26299581462807464,0.3844294733689073,0.3817068927686399,0.23716453936054505,0.2770243272126012
0.30917384914144586,0.41721443134636604,0.22461486921684892,0.2759788057422775,0.432719254974527,0.40544388023630873,0.38671156517052274,0.27120079081636284,0.2964088147636006,0.27282473931349327,0.49385587027397393,0.2663081985470289,0.5424250990518849,0.26340949194260566,0.26260022880820877,0.37384987977799033,0.38206534510932044,0.5260708255443112,0.44295481153769456,0.3849019598489679,0.5357862783086702,0.6526437182459128,1.0,0.3817070454859326,0.38416543967882577,0.3835034343867739,0.5366062191714847,0.2663852550875728,0.29689193057494123,0.3036525572111691,0.2560004705205805,0.4888431761211789,0.0,0.6447619107674988,0.41756807339349544,0.2746041475803057,0.3675841920765598,0.5039158910814259,0.2572734317893999,0.5219062633949991,0.2558505502559103,0.42043482908599883,0.5200983872368379,0.2731778702693477,0.27501587098406455,0.27541068215215503,0.4241875539446718,0.4222866819672165,0.26006012121484123,0.3008136812798221
0.2867054958309655,0.5210052057877841,0.20708511940528096,0.2502680413811934,0.4290948338014827,0.5336502716819254,0.3285486643185339,0.2548969305216042,0.2789361723655924,0.2646831229159029,0.41313631367626225,0.250107732303261,0.3906602433297751,0.2378559077988358,0.24368405351480116,0.3421067832875675,0.5338355819863123,0.385740780713719,0.3342006664779571,0.3236312165743118,0.37816382397263404,0.3765947265777202,0.3817070454859326,1.0,0.5671816728252046,0.5275420727309261,0.38470726724075355,0.2318896871058026,0.28949720371269816,0.2837091591583474,0.23728981996588505,0.41105052345085824,0.0,0.37656283840727955,0.5452500584892125,0.23755257739055613,0.31713871619432,0.3806897790322654,0.2352896498554634,0.3886309940049024,0.23984109227573014,0.44570189181091036,0.380330865542472,0.2401118108363105,0.24727686716816633,0.25872520737910487,0.44577816474598064,0.44243974392127694,0.23025873914347394,0.27409502339923153
0.28880756875316327,0.5397679486239813,0.20749312285983423,0.25519425829073017,0.40133846044370347,0.5388204811605912,0.3254521415220605,0.25209453247354474,0.26847045439353556,0.26097276213288556,0.40258399524627597,0.2521283896540476,0.37478938308364107,0.24187125134984366,0.23923938877093698,0.3328717809310128,0.49913502924788833,0.37340898687023116,0.3304459053416975,0.3241624314696948,0.37112275526155425,0.3812325114228048,0.38416543967882577,0.5671816728252046,1.0,0.5101146072067057,0.3753361951259615,0.238042257124355,0.27983436444465093,0.27347225369621897,0.23476982940387214,0.4254084940391095,0.0,0.37526144485112833,0.5518374940426263,0.2395045246387646,0.3140731988711406,0.39355765620376926,0.23529113380275335,0.38605731413375965,0.23812376384332945,0.4388029906719789,0.38296417972478036,0.2585727379761872,0.25737321090055465,0.2645423719145973,0.44388352582941615,0.44444409070831803,0.24825570098902516,0.27303492937130425
0.28629148035361585,0.4681376605868838,0.2033423082476642,0.2547582276410295,0.4202992328435162,0.4674191934307731,0.33188497351249413,0.2537490567136299,0.2773666086158698,0.26647806302923194,0.4132790720158579,0.24692906797990477,0.38701594605877865,0.24456679624899968,0.245534550527315,0.351872304170347,0.5213797614921556,0.38675681873280054,0.3264810541904978,0.3299431650613014,0.38791816610620933,0.37739705897729736,0.3835034343867739,0.5275420727309261,0.5101146072067057,1.0,0.3796748014568193,0.23473939445582337,0.2848386999092859,0.2865771345969341,0.243297633178991,0.4052764492423834,0.0,0.3714051142325686,0.4737129064759039,0.2414313110292976,0.32673161812744833,0.38651315783588325,0.2261974526142838,0.3933212515198701,0.24381268260019884,0.44276911482571224,0.3813735506733983,0.25256349481464324,0.252290339636692,0.2579144836063977,0.45345750079996305,0.4487625586697316,0.24567163415613025,0.2756035090769037
0.3072308490564968,0.4202052297285849,0.22401617213297453,0.2682608470709992,0.4441422838090293,0.3931314087927189,0.3501863020868117,0.26884721816026846,0.2983767461515491,0.2779871836197024,0.5025221275008052,0.2616928427996965,0.5286440698897199,0.2673062244330904,0.2600069629883277,0.34365490718182634,0.3709079890590137,0.505220020327836,0.4220972931320288,0.3530870155631112,0.5129983018367327,0.4751161782570169,0.5366062191714847,0.38470726724075355,0.3753361951259615,0.3796748014568193,1.0,0.26256133976088847,0.29846637117815267,0.30926474839461104,0.2562255887763085,0.48465649987040593,0.0,0.5031401864297184,0.416878324882741,0.26372011660767936,0.33238037676671295,0.5919779352567573,0.2416242421909861,0.5368236605867069,0.2572076320385627,0.4261421162111425,0.6186010868893224,0.2719572832736574,0.2674102590775975,0.2778787260668313,0.4258520376821796,0.42272617400964874,0.2598507361093453,0.3019944673366832
0.27542977447219996,0.2724342724974289,0.21146396941934964,0.5156049182015099,0.2530271102131003,0.2507518625662163,0.24875869702547204,0.6892148184337507,0.26803160326573094,0.5007737813397715,0.26849796349567046,0.48266553264008216,0.26265086899310663,0.507678064846897,0.48269328476039575,0.2479318982857236,0.23476894298181006,0.2601450988761509,0.22508786163707306,0.25198637229534016,0.2577463107074671,0.2418512525624158,0.2663852550875728,0.2318896871058026,0.238042257124355,0.23473939445582337,0.26256133976088847,1.0,0.3104298318680295,0.2662474871399778,0.4652164718874877,0.2622544297539001,0.0,0.2577232126517438,0.25075202465323976,0.40289016400897526,0.2376433892256815,0.27618265628413763,0.40598181161169145,0.2598229134379193,0.47562271863809635,0.25083787019993276,0.2665151073110732,0.7936236019740167,0.7576361823099659,0.29092332182985237,0.25950456658903565,0.258722888190845,0.45073692066938975,0.3026407644288758
0.33574386543929213,0.3021195135174173,0.24232405223135545,0.3058141300108592,0.3013600749977048,0.2994210518376528,0.28510345999899434,0.31261954713092555,0.3304430317143967,0.3137127599404783,0.30309629747405686,0.30589646740182186,0.29367721367881416,0.3078143866198658,0.29382369109921314,0.28444760797848756,0.288301301629145,0.29544075770522527,0.2548456080322572,0.2889297494345944,0.2867338157668623,0.26754080724355245,0.29689193057494123,0.28949720371269816,0.27983436444465093,0.2848386999092859,0.29846637117815267,0.3104298318680295,1.0,0.3289045199949808,0.28667933117378985,0.29771910017441494,0.0,0.29284071960686076,0.28852865459624977,0.2948774940699017,0.27439759424846843,0.30194571594746833,0.2748743742226669,0.3008923457117407,0.2905186697113431,0.29114407137672826,0.30006621220046115,0.3113814702415545,0.3116722436113102,0.38829049252968884,0.2960595161720112,0.2958993645884459,0.2933285146695782,0.6079173832529681
0.38650525871975483,0.3069213279803269,0.250870517862379,0.2789827168375286,0.3069870811882621,0.28484038308740167,0.300730595132494,0.27586025854954777,0.41476975065513366,0.2926943350270653,0.3121221063717029,0.2682803156311002,0.3154716470251727,0.2697034815164042,0.2701252951123648,0.3111467604038969,0.27587152221470224,0.3084649705317568,0.25731460537657247,0.304423787554711,0.301922383980879,0.27722284879704173,0.3036525572111691,0.2837091591583474,0.27347225369621897,0.2865771345969341,0.30926474839461104,0.2662474871399778,0.3289045199949808,1.0,0.2632255361323492,0.29502558196939976,0.0,0.2954444106511378,0.2974993970030654,0.2641008380613763,0.2924055127139743,0.3065741148740647,0.24024712433006512,0.3146262269849234,0.2674545561535314,0.3039758072287574,0.3156344124794225,0.26969533495276476,0.267962498702104,0.3170034039927613,0.30532585842157256,0.3036322135899009,0.2642599148127601,0.3441617272452152
0.258237115296006,0.26083156709142197,0.20149388725624973,0.5034445653230017,0.26295982454201283,0.244434357049932,0.23872771712902785,0.46623386583706383,0.267344370682704,0.5192737436499726,0.2592820587341176,0.4440288170587119,0.2581437113693674,0.4943756776075916,0.49141087653140236,0.2472528430353469,0.23329578924355443,0.2513788528601415,0.2141318161010558,0.24070585228407027,0.2486977090535395,0.22847120132176135,0.2560004705205805,0.23728981996588505,0.23476982940387214,0.243297633178991,0.2562255887763085,0.4652164718874877,0.28667933117378985,0.2632255361323492,1.0,0.24976798024529567,0.0,0.24781546131660148,0.2450996970576168,0.400445003174306,0.23275379089990778,0.2562822891169394,0.3937205773875061,0.2527208259762016,0.643905394478681,0.2531456089802324,0.2538422692222778,0.4720149251934548,0.465932383230661,0.277449346258016,0.25187865567910694,0.2511204783764974,0.42288156078254924,0.2887160929929067
0.2969203363933307,0.4014029903158717,0.2142358511848148,0.27344287313231797,0.46929082070874517,0.4027453327488175,0.34092857645331676,0.2686072179672897,0.2889440342860474,0.2728241946691995,0.45745545912750196,0.2577130366735384,0.5096065268480956,0.2565850581445347,0.26301301625272955,0.35217718413760013,0.44015422132875215,0.4554949249511637,0.4450968892587752,0.340782134175899,0.4670880987035211,0.47359511816104927,0.4888431761211789,0.41105052345085824,0.4254084940391095,0.4052764492423834,0.48465649987040593,0.2622544297539001,0.29771910017441494,0.29502558196939976,0.24976798024529567,1.0,0.0,0.47172492588933335,0.4017032338198654,0.25011910718572195,0.34115430468938535,0.48836779251736817,0.246589027924919,0.4906542138452973,0.2538661468290593,0.4055958878304393,0.49488218847154386,0.2610419106200772,0.26834279286411156,0.26823798702358004,0.4190935470798425,0.41773231499431973,0.24325614246136307,0.28240751606896475
0.0,0.0,0.0,0.0,0.0,0.0,0.0,0.0,0.0,0.0,0.0,0.0,0.0,0.0,0.0,0.0,0.0,0.0,0.0,0.0,0.0,0.0,0.0,0.0,0.0,0.0,0.0,0.0,0.0,0.0,0.0,0.0,1.0,0.0,0.0,0.0,0.0,0.0,0.0,0.0,0.0,0.0,0.0,0.0,0.0,0.0,0.0,0.0,0.0,0.0
0.2995267458810069,0.40254444621888574,0.22348273921448158,0.2570828577388321,0.4290199841524047,0.4065263440620661,0.35592361174575615,0.26515052757811286,0.2874972412556559,0.2642665910695564,0.4747750501490696,0.25674556842559804,0.5220320175932986,0.25188112122911266,0.24931874966235346,0.34662952034267813,0.38279934327443554,0.4870270832824557,0.4104248740931049,0.3552359629926459,0.5031446685651333,0.5769371971891868,0.6447619107674988,0.37656283840727955,0.37526144485112833,0.3714051142325686,0.5031401864297184,0.2577232126517438,0.29284071960686076,0.2954444106511378,0.24781546131660148,0.47172492588933335,0.0,1.0,0.40991751969552226,0.27888147657401596,0.3383264321901417,0.48665438433817243,0.2657608298990166,0.5034541019242543,0.24477831812821693,0.4098224128787654,0.5074215554112353,0.2623439910927924,0.26541656791161594,0.2679687021349815,0.41460622833439587,0.41232399547897003,0.2519273580502699,0.29427059156148927
0.3044559309915297,0.5712329844178723,0.21919359218852696,0.25788497873642535,0.4033749897763482,0.5474554098690891,0.36067135591232957,0.26190859242704034,0.288248280316063,0.26891938018648764,0.43496722560333223,0.2616551995532568,0.41290980290735246,0.25666851903203947,0.24982296751571376,0.34981804892153,0.46299635871320555,0.4228219707782582,0.36260713454648474,0.3569305956482022,0.41799026948135076,0.3795457742390992,0.41756807339349544,0.5452500584892125,0.5518374940426263,0.4737129064759039,0.416878324882741,0.25075202465323976,0.28852865459624977,0.2974993970030654,0.2450996970576168,0.4017032338198654,0.0,0.40991751969552226,1.0,0.2545748570246906,0.3382125517988944,0.41301494760703594,0.2504130526366667,0.4296939379978101,0.24581086217472015,0.4815771460926851,0.42317124809016116,0.2568402678430117,0.2622802334221108,0.2660934013929127,0.48078565842934573,0.4810929542411724,0.25050711263660685,0.2873674630837374
0.26987635581784664,0.2575159674638763,0.20964972655611913,0.4173340006010896,0.24831362838151672,0.25865556490430286,0.26056678754842266,0.40455882193758896,0.2725500454413964,0.4235564911999735,0.2750709904412978,0.40746327101381496,0.2566435608737966,0.412187629583625,0.4058122119044949,0.2563268713026804,0.23821291961058055,0.2762008128329043,0.23077246707832766,0.2587453346900489,0.2707547323287751,0.25162367903212646,0.2746041475803057,0.23755257739055613,0.2395045246387646,0.2414313110292976,0.26372011660767936,0.40289016400897526,0.2948774940699017,0.2641008380613763,0.400445003174306,0.25011910718572195,0.0,0.27888147657401596,0.2545748570246906,1.0,0.2476675151955583,0.26028354807881104,0.4069691348884149,0.2656020415908912,0.3984994329067516,0.2544559271793857,0.26412373604928074,0.41467493879186346,0.4128329973130318,0.27990930611216325,0.2546214291655884,0.2538757078869367,0.40610819923280883,0.30117080026873466
0.288171155151835,0.33428997101373936,0.20587237375968026,0.24914573945275764,0.32701648914132897,0.3332201407696067,0.7701670880160542,0.24628563995570585,0.2828782218778676,0.24764297015028258,0.33544117081234015,0.24214051651875212,0.3390734295456178,0.23825425853752535,0.2397224715301698,0.7358810162764315,0.31434423157164626,0.36084326635486996,0.30896955930713677,0.7767772515569755,0.362778841884294,0.32325451436444563,0.3675841920765598,0.31713871619432,0.3140731988711406,0.32673161812744833,0.33238037676671295,0.2376433892256815,0.27439759424846843,0.2924055127139743,0.23275379089990778,0.34115430468938535,0.0,0.3383264321901417,0.3382125517988944,0.2476675151955583,1.0,0.32468661698594337,0.2340611000240227,0.3270762959408803,0.2301549498292068,0.3350500714931923,0.33658990372614517,0.24222265111419072,0.24384190583613397,0.24935659815607325,0.33199020575070093,0.32889573137588424,0.23044616116138872,0.27423901642672466
0.3181719842914309,0.4348103544851558,0.22580562543681004,0.2671469526876292,0.45830236439323757,0.4065036350438266,0.34052418067539747,0.2853709154884775,0.2954685734437398,0.27745501532947836,0.4918448313662602,0.2726346041402854,0.50285102488056,0.26679716668822784,0.2615883859726509,0.3378865721078822,0.36709028876358263,0.4752758899691921,0.40230881803987906,0.3430474308653546,0.4837422238320216,0.4626597517937112,0.5039158910814259,0.3806897790322654,0.39355765620376926,0.38651315783588325,0.5919779352567573,0.27618265628413763,0.30194571594746833,0.3065741148740647,0.2562822891169394,0.48836779251736817,0.0,0.48665438433817243,0.41301494760703594,0.26028354807881104,0.32468661698594337,1.0,0.25452760348540815,0.5210624272628013,0.2585359216083787,0.42710468536972757,0.6395647855436517,0.28313899043546864,0.27562319512402533,0.2820415728484914,0.4392401796759705,0.43782768930187654,0.2688978905393078,0.30704475240711626
0.25353529652782647,0.24697615770535108,0.1953905351137698,0.4162465324962443,0.2437978436780085,0.2565715203067891,0.24632025456319606,0.408442522873002,0.24687204037966382,0.42515021070240044,0.25238632377903436,0.4190961475087148,0.24104609198422355,0.41081749536984435,0.40909164485295046,0.23603986095341267,0.23127269110318827,0.25580425405294105,0.21500078240161635,0.24279764338955934,0.25087753061226603,0.23172753582583705,0.2572734317893999,0.2352896498554634,0.23529113380275335,0.2261974526142838,0.2416242421909861,0.40598181161169145,0.2748743742226669,0.24024712433006512,0.3937205773875061,0.246589027924919,0.0,0.2657608298990166,0.2504130526366667,0.4069691348884149,0.2340611000240227,0.25452760348540815,1.0,0.2562631306697578,0.3922300604225798,0.24297589762368133,0.25102280123482745,0.41517724511756016,0.4281215871394941,0.26561870224011996,0.24491288349833717,0.24840262271657143,0.38957976389403026,0.2802600988346535
0.3138060272533931,0.4258266759945587,0.22904357918981277,0.2599046895864947,0.44925729968229633,0.4090806821035903,0.350502084197187,0.2696233121164894,0.30000053224553236,0.2768323668247272,0.5144956200025486,0.26237799662288064,0.5290267560545072,0.25986148565302547,0.2539703706420573,0.34381675065875916,0.37630834066063723,0.5013203812758948,0.41947040030417815,0.3536650091115131,0.5046574547991084,0.4810853028507839,0.5219062633949991,0.3886309940049024,0.38605731413375965,0.3933212515198701,0.5368236605867069,0.2598229134379193,0.3008923457117407,0.3146262269849234,0.2527208259762016,0.4906542138452973,0.0,0.5034541019242543,0.4296939379978101,0.2656020415908912,0.3270762959408803,0.5210624272628013,0.2562631306697578,1.0,0.2504901296641667,0.4300180664058716,0.5390993950581697,0.2652987743163552,0.27227341312849973,0.28320480010188165,0.44650672679577996,0.45205317469415973,0.2599170312620229,0.3078139488185102
