../ecoli_genomes/GCF_000163235.1_ASM16323v1_genomic.fna.gz,../ecoli_genomes/GCF_000164555.1_ASM16455v1_genomic.fna.gz,../ecoli_genomes/GCF_000208545.1_ASM20854v2_genomic.fna.gz,../ecoli_genomes/GCF_000233875.1_ASM23387v1_genomic.fna.gz,../ecoli_genomes/GCF_000249735.1_ASM24973v2_genomic.fna.gz,../ecoli_genomes/GCF_000261145.1_Esch_coli_M919_V2_genomic.fna.gz,../ecoli_genomes/GCF_000267705.2_ASM26770v2_genomic.fna.gz,../ecoli_genomes/GCF_000350665.1_Esch_coli_KTE5_V1_genomic.fna.gz,../ecoli_genomes/GCF_000351625.1_Esch_coli_KTE66_V1_genomic.fna.gz,../ecoli_genomes/GCF_000352285.1_Esch_coli_KTE46_V1_genomic.fna.gz,../ecoli_genomes/GCF_000358895.1_ASM35889v1_genomic.fna.gz,../ecoli_genomes/GCF_000456385.1_Esch_coli_HVH_26_4-5703913_V1_genomic.fna.gz,../ecoli_genomes/GCF_000458195.1_Esch_coli_HVH_147_4-5893887_V1_genomic.fna.gz,../ecoli_genomes/GCF_000459755.1_Esch_coli_KOEGE_58_171a_V1_genomic.fna.gz,../ecoli_genomes/GCF_000460055.1_Esch_coli_UMEA_3053-1_V1_genomic.fna.gz,../ecoli_genomes/GCF_000462165.2_ASM46216v2_genomic.fna.gz,../ecoli_genomes/GCF_000601135.1_ASM60113v1_genomic.fna.gz,../ecoli_genomes/GCF_000614595.1_Ec2010EL1058_genomic.fna.gz,../ecoli_genomes/GCF_000617745.1_Ec2010C-4529_genomic.fna.gz,../ecoli_genomes/GCF_000618265.2_EcF6751_genomic.fna.gz,../ecoli_genomes/GCF_000619005.2_Ec2009C-4052_genomic.fna.gz,../ecoli_genomes/GCF_000619105.1_Ec2009C-4780_genomic.fna.gz,../ecoli_genomes/GCF_000619765.2_Ec2009C-3279_genomic.fna.gz,../ecoli_genomes/GCF_000687005.1_ASM68700v1_genomic.fna.gz,../ecoli_genomes/GCF_000687025.1_ASM68702v1_genomic.fna.gz,../ecoli_genomes/GCF_000700125.1_ASM70012v1_genomic.fna.gz,../ecoli_genomes/GCF_000753315.1_FHI35_genomic.fna.gz,../ecoli_genomes/GCF_000776375.1_ASM77637v1_genomic.fna.gz,../ecoli_genomes/GCF_000779395.1_ASM77939v1_genomic.fna.gz,../ecoli_genomes/GCF_000780315.1_ASM78031v1_genomic.fna.gz,../ecoli_genomes/GCF_000781995.1_ASM78199v1_genomic.fna.gz,../ecoli_genomes/GCF_000986765.1_ASM98676v1_genomic.fna.gz,../ecoli_genomes/GCF_001041375.1_ViralProj287958_genomic.fna.gz,../ecoli_genomes/GCF_001265335.1_302014_genomic.fna.gz,../ecoli_genomes/GCF_001265625.1_100854_genomic.fna.gz,../ecoli_genomes/GCF_001267345.1_303289_genomic.fna.gz,../ecoli_genomes/GCF_001309985.1_ASM130998v1_genomic.fna.gz,../ecoli_genomes/GCF_001521695.1_ASM152169v1_genomic.fna.gz,../ecoli_genomes/GCF_001592595.1_ASM159259v1_genomic.fna.gz,../ecoli_genomes/GCF_001614975.1_ASM161497v1_genomic.fna.gz,../ecoli_genomes/GCF_001692775.1_ASM169277v1_genomic.fna.gz,../ecoli_genomes/GCF_001748915.1_ASM174891v1_genomic.fna.gz,../ecoli_genomes/GCF_001749235.1_ASM174923v1_genomic.fna.gz,../ecoli_genomes/GCF_001881155.1_ASM188115v1_genomic.fna.gz,../ecoli_genomes/GCF_001881345.1_ASM188134v1_genomic.fna.gz,../ecoli_genomes/GCF_001892405.1_ASM189240v1_genomic.fna.gz,../ecoli_genomes/GCF_001892585.1_ASM189258v1_genomic.fna.gz,../ecoli_genomes/GCF_001893985.1_ASM189398v1_genomic.fna.gz,../ecoli_genomes/GCF_002001595.1_ASM200159v1_genomic.fna.gz,../ecoli_genomes/GCF_002002145.1_ASM200214v1_genomic.fna.gz
1.0,0.3776288616067376,0.32575572332625735,0.34317129109731714,0.33884346339930127,0.3578695509608991,0.35957179691437546,0.34868352704175265,0.4464081848869037,0.3514104433316909,0.3820144363384985,0.3504975424440735,0.37640862940510156,0.33925075541684435,0.32877359848553755,0.36578363910255207,0.3503932779276042,0.37174166928941343,0.3581113494953265,0.36052132173201235,0.3551443775113178,0.34233755894785567,0.3716058774061527,0.35661045827552407,0.35130248698970834,0.30008714662316105,0.368596608642474,0.3428983492250618,0.39691927219150225,0.4399443427057156,0.311049687262517,0.3620865329623758,0.0,0.3713709870157985,0.3666862414322525,0.3131924661840011,0.34291176771578036,0.36913361963346814,0.3015727662374368,0.3748291082994394,0.3214258963071682,0.36849177301126046,0.36864344080951605,0.35011306603004044,0.3574241831504742,0.36726225598160656,0.3638952440364839,0.36473231920978655,0.33175442529482513,0.4045070261798741
0.3776288616067376,1.0,0.3014425936932077,0.3328840851493783,0.40860642177678785,0.535640943358838,0.39583494814805176,0.3385962150855405,0.36355985648946354,0.34339690969756353,0.47767122326525513,0.3414735476943068,0.47256815662937934,0.33178647497519254,0.32033673178241384,0.3999502095661527,0.49789678498924594,0.46466764672201955,0.4420790565899655,0.400163327528928,0.4479205127361061,0.403790809031218,0.4648922821202611,0.5575274703328735,0.5411249732815877,0.4130720116755393,0.46746173153526394,0.33938109683212736,0.3739351228913744,0.36496079727663033,0.3139444989524721,0.4487918048403763,0.0,0.4575309657196186,0.5909558147444347,0.2990017316668425,0.3828183976722739,0.4752868981074738,0.2750398502664637,0.47031512351060345,0.31399948746189843,0.5082768351427629,0.46858637227792155,0.3500680226619759,0.3495199612007045,0.34262931925322593,0.5185391767297864,0.5191361670908279,0.3416046549542986,0.36521722930394274
0.32575572332625735,0.3014425936932077,1.0,0.27046796210829027,0.25927618445810374,0.27036226204240954,0.28452786798483176,0.27423955514496956,0.31208931875705914,0.2825531110666598,0.30961676458781495,0.27344006654799047,0.2986590801810455,0.276259733851263,0.2682310604772322,0.2889351478366815,0.27521621705672294,0.29779504523810885,0.2804827184552744,0.2874264428844252,0.28929706391656784,0.2671218429078991,0.2979095909240562,0.27399445862579974,0.26618060729029,0.23516335838691715,0.2990790561044846,0.2784864784181308,0.3177367511815028,0.31796643637789535,0.2626595916396227,0.28275471354065485,0.0,0.2931284182567129,0.2817272640741083,0.25708929064470376,0.27506141182281696,0.29521241360524064,0.23568289678673826,0.3015868455880223,0.26585697996069413,0.29329587573309535,0.30090668126255693,0.28430557319357996,0.2778890681222236,0.28998994505365905,0.3002206132227052,0.30007636656946246,0.28633260014386164,0.3171912137525592
0.34317129109731714,0.3328840851493783,0.27046796210829027,1.0,0.32533775748833915,0.31528211637511516,0.31149808175044,0.5348006477336424,0.3521712075996337,0.5642173185106882,0.3286644426455757,0.550344318358977,0.34407963507151085,0.5912876462044776,0.6034653502153404,0.32503659306360333,0.3254962377839318,0.32076707223453627,0.3102740482350216,0.312229854519548,0.3091073004077891,0.2889135080915578,0.3276941651747147,0.3196787093016984,0.3220338446434792,0.2732702478931536,0.32277369390206345,0.5583134256488412,0.3637341032900503,0.34117317130666736,0.5277471052108602,0.3439026306098639,0.0,0.31101025821248984,0.31644004440465634,0.41968415155007255,0.3081100840710109,0.32106353555778,0.4159230402862214,0.3171881752496528,0.5633738815495848,0.32161049600294,0.3228979488664573,0.5652954712521214,0.5524068689147492,0.3531269674331897,0.31826107302120477,0.3195526679555589,0.4997579775046832,0.37279729061032607
0.33884346339930127,0.40860642177678785,0.25927618445810374,0.32533775748833915,1.0,0.4039815550858431,0.34862591854869895,0.3197236604525693,0.35025543382098534,0.3260356580078374,0.4958802630991812,0.3051639789917646,0.4903386429776706,0.30514880655259624,0.32327223809397976,0.3744483857664832,0.44192039744923084,0.428679531548787,0.41066688942014073,0.34816762434994863,0.427085530810419,0.3883821269038018,0.4385827135891477,0.43859784967381954,0.4183263441278171,0.35625470401326664,0.4427694385689229,0.29123776881179664,0.3306498394799231,0.3420600011280335,0.29304511132824984,0.47550806929875444,0.0,0.43740083348981773,0.4120466980740297,0.26716260380325385,0.3508696506088411,0.4706343687526372,0.3266226528490076,0.45092118277608995,0.3181042732046814,0.4194684817730221,0.4622886270406391,0.2993680397994589,0.30262925656106165,0.31091137229337773,0.42875730529995326,0.42997169038144956,0.2948335578738901,0.3258947056835443
0.3578695509608991,0.535640943358838,0.27036226204240954,0.31528211637511516,0.4039815550858431,1.0,0.3903161081206916,0.323648618486721,0.34175592614866723,0.31462226361350754,0.44472280621325977,0.3142964354208274,0.44019974349767543,0.3107345808526508,0.3034324207617025,0.3986500629918893,0.467638060460265,0.43901775746702676,0.4331719090084385,0.3804703330211311,0.41249534051149783,0.49964873400204446,0.43896377852576507,0.5255822264168344,0.5424309967087636,0.4003481537972642,0.41909250532972453,0.3092384144111471,0.3499793885262571,0.3324768312659486,0.28592840525300756,0.44386564869227063,0.0,0.43846168127028284,0.5454606492472849,0.2922770084790547,0.37365472143024925,0.43699369793996246,0.28364526139762036,0.43374196658882813,0.2950193104308253,0.4730996154662803,0.4305697062375504,0.3151149630714648,0.3174072621253876,0.3233762335778223,0.47261450961656604,0.47516354629036917,0.301098404003431,0.34427456420290625
0.35957179691437546,0.39583494814805176,0.28452786798483176,0.31149808175044,0.34862591854869895,0.3903161081206916,1.0,0.3141034805060037,0.3542130858735886,0.3147235015262628,0.4107763088080283,0.3037225953413337,0.4057681650079652,0.3115386979213993,0.30194415084746673,0.7627263581308454,0.38335470960145457,0.4440549013163738,0.43265440834240365,0.8724050760297627,0.4376473560804406,0.3978796615866562,0.4538584812904315,0.37813120501228525,0.3801703271062101,0.3248315526743817,0.40896363260767266,0.3107683201438043,0.34693752019761726,0.34815640008192317,0.29082780932936536,0.3934387331905129,0.0,0.41074870190323065,0.4075363962280575,0.31065272689276635,0.8079884619286665,0.38900681597415077,0.28108206708186945,0.4050930505784628,0.29371655244626116,0.39695833992394447,0.4111874899088881,0.31935693858324476,0.3178565939024276,0.3274637710903836,0.3894601963191566,0.38984484768782035,0.30656147910382614,0.3528213916817261
0.34868352704175265,0.3385962150855405,0.27423955514496956,0.5348006477336424,0.3197236604525693,0.323648618486721,0.3141034805060037,1.0,0.34425106830733665,0.541364589547346,0.3343776640845555,0.5191345380173628,0.3494102966810597,0.5291803128993935,0.5166697339641162,0.32566812098561715,0.3201207492375203,0.32935768739300175,0.31740931356641666,0.31624328602526197,0.3159077409724089,0.29543843980235807,0.3291404485926006,0.32789544882125055,0.31124954285941553,0.2717576748555407,0.32792732114330647,0.693524530884569,0.3692426099681003,0.3398056830068483,0.5027150622964358,0.33153358380728537,0.0,0.32695067467797545,0.3249220272734128,0.41586410557574827,0.30787487107067335,0.34197131334892816,0.4181487989690523,0.3311958205338629,0.5234213018707756,0.3269743303939462,0.33736285579060765,0.6971902343764962,0.6774876374700803,0.3480807076098902,0.3245655768888708,0.3246284144279712,0.4863887475784965,0.36877155432228303
0.4464081848869037,0.36355985648946354,0.31208931875705914,0.3521712075996337,0.35025543382098534,0.34175592614866723,0.3542130858735886,0.34425106830733665,1.0,0.3594625519605268,0.37792061838190405,0.3317100775665064,0.38898484630981445,0.34202774197612584,0.3451525621729028,0.36841001884551605,0.3485014569128303,0.3655591394320348,0.34332398094229255,0.35765163651117104,0.35360115528567815,0.32154759170394176,0.36519370274548246,0.35586295789130273,0.3373144987561226,0.2945867147647865,0.3707738424449919,0.3322666876019349,0.3838812131461583,0.4666706987299125,0.32472918294312236,0.3600512985335985,0.0,0.3578437243273388,0.3609929638638989,0.312606363243939,0.3477737650399614,0.35657365863627055,0.294519677534268,0.3729080117313154,0.33358367858161664,0.3625953530163788,0.37510616741546565,0.33907842507649644,0.3344715981752341,0.3633197985549117,0.3615305129286638,0.36196584726478453,0.33248726113659954,0.39647527531404914
0.3514104433316909,0.34339690969756353,0.2825531110666598,0.5642173185106882,0.3260356580078374,0.31462226361350754,0.3147235015262628,0.541364589547346,0.3594625519605268,1.0,0.34271326468059415,0.5247881823339989,0.3546431471977438,0.548903074556572,0.5504513887440932,0.3310936228700213,0.3150528984834571,0.3272420153483161,0.30899764052829826,0.31590403817353674,0.3130621989367004,0.29198563743593486,0.3219881428342255,0.31996213274868524,0.30955907896839074,0.2726164529657049,0.33037170683900596,0.5495705745995271,0.3750945411321107,0.35349892419114404,0.5494823561895357,0.3283153071628564,0.0,0.314476177126527,0.32064088393999535,0.43392604498874654,0.308307227502576,0.3261600556362855,0.4365125083895691,0.327510143271986,0.56664267744105,0.3253342632951386,0.3275832266123725,0.552138659328909,0.5499524232731037,0.348408617518834,0.32683347676750407,0.3262277249166212,0.5212152555790326,0.36572042270225735
0.3820144363384985,0.47767122326525513,0.30961676458781495,0.3286644426455757,0.4958802630991812,0.44472280621325977,0.4107763088080283,0.3343776640845555,0.37792061838190405,0.34271326468059415,1.0,0.32565414795421077,0.5685680863322169,0.3399228969778437,0.3221261716708631,0.4195175006632019,0.4342825604947128,0.5345887544876713,0.4991185961286627,0.41573914378144383,0.5218679455748922,0.48877772584081625,0.538810645936295,0.451766268369037,0.4199308270116968,0.3751656907214931,0.5434847997488317,0.3378963676669392,0.3742693228152486,0.3759558645775969,0.3158840269088423,0.4898083266674368,0.0,0.5244385008353738,0.4719277004756248,0.3148562773524958,0.39489122682856326,0.5257632317650598,0.28796487924153236,0.5689676895055527,0.31785073496993466,0.49116474990058223,0.5532517786356806,0.34020526095495507,0.3389022404798735,0.35001017074853513,0.48448594864696093,0.48450634612817767,0.33588392162284697,0.37439875650532184
0.3504975424440735,0.3414735476943068,0.27344006654799047,0.550344318358977,0.3051639789917646,0.3142964354208274,0.3037225953413337,0.5191345380173628,0.3317100775665064,0.5247881823339989,0.32565414795421077,1.0,0.33427093230171623,0.5382904090055036,0.6235998119279442,0.31456256287596795,0.3135158136857469,0.31741020201579717,0.3103038085612039,0.30507074753746644,0.3075644418183596,0.29311814464476615,0.3211441260136455,0.3172580147931131,0.30949194292604854,0.2629808401510064,0.31585501026003926,0.5225477104685534,0.36928749629869284,0.3381386574302464,0.483363055974085,0.32745140326517463,0.0,0.3172633184147313,0.3197753480770681,0.4084240950224549,0.29777556644808356,0.3263677348668568,0.41473916002444444,0.3185104604204092,0.5012537087825348,0.3132904962731664,0.322161542440787,0.5339313174540026,0.5281693008400731,0.3438959538557935,0.3180111175774154,0.31860535828855674,0.47416008720379943,0.3549441406731424
0.37640862940510156,0.47256815662937934,0.2986590801810455,0.34407963507151085,0.4903386429776706,0.44019974349767543,0.4057681650079652,0.3494102966810597,0.38898484630981445,0.3546431471977438,0.5685680863322169,0.33427093230171623,1.0,0.3364587154333474,0.34403623430670505,0.4243319318866019,0.44379023898392056,0.5391650353958506,0.5184857902579942,0.40951431308010344,0.544141526262651,0.509580135506176,0.5895931324507302,0.45858818596935225,0.4220633492797574,0.3747400803873602,0.5724187441346307,0.33268619032957736,0.37043295676929633,0.3840650450886848,0.31765928552127654,0.533073741445393,0.0,0.5762001244598565,0.4733656772381698,0.3047705592917258,0.4021999417101132,0.5433079831638681,0.28404694327638524,0.5851482946161848,0.3337540014600423,0.4825683319431371,0.574755279900566,0.33642362483471333,0.3335016853711077,0.3364675614617164,0.47762086741521226,0.47744380135002507,0.3311514757410008,0.3690464579180055
0.33925075541684435,0.33178647497519254,0.276259733851263,0.5912876462044776,0.30514880655259624,0.3107345808526508,0.3115386979213993,0.5291803128993935,0.34202774197612584,0.548903074556572,0.3399228969778437,0.5382904090055036,0.3364587154333474,1.0,0.5891461077811891,0.3183044555158684,0.3175161692195768,0.32932702334480923,0.3140666599688716,0.3154313693002355,0.31412943560133033,0.2909918135005656,0.32997808040735144,0.30871641133619343,0.30440527391394223,0.2669289379675216,0.33016693911205386,0.5627674607171564,0.37781367881727335,0.3387876094057457,0.5304502277175072,0.3251495078648333,0.0,0.3155521191599959,0.3152394481216664,0.42585715114507416,0.3052668061557956,0.32850888583382465,0.4163981636619636,0.3257035525704879,0.5444940224406498,0.3235502031543014,0.32821139601587446,0.5647796029777623,0.5547579009510986,0.35743488550628844,0.3266362890046538,0.3272680886760331,0.5029036718798485,0.3779824581800677
0.32877359848553755,0.32033673178241384,0.2682310604772322,0.6034653502153404,0.32327223809397976,0.3034324207617025,0.30194415084746673,0.5166697339641162,0.3451525621729028,0.5504513887440932,0.3221261716708631,0.6235998119279442,0.34403623430670505,0.5891461077811891,1.0,0.3183679075248461,0.31803371889619525,0.3158811137196468,0.29926484369823214,0.30402028321822405,0.30380646316750126,0.2772090351750164,0.319648203104716,0.31014228021322343,0.3108678744482295,0.2676668159722021,0.31639327194024713,0.5313503643460877,0.35988802752060045,0.33613994190958674,0.5292938845335745,0.3313723570061502,0.0,0.3056686332421199,0.3086005349707468,0.4137550895475578,0.302333505646049,0.3161571990487261,0.4191583503016283,0.3125220174889375,0.5531298666844369,0.3133414181337323,0.31850453783844457,0.5311115487626306,0.5207121569862846,0.3433049978925976,0.32042862771758307,0.3204979183858958,0.48498522138709155,0.3692746741925188
0.36578363910255207,0.3999502095661527,0.2889351478366815,0.32503659306360333,0.3744483857664832,0.3986500629918893,0.7627263581308454,0.32566812098561715,0.36841001884551605,0.3310936228700213,0.4195175006632019,0.31456256287596795,0.4243319318866019,0.3183044555158684,0.3183679075248461,1.0,0.3920280543214143,0.4353045273941384,0.4174680523778538,0.7750735188929043,0.4227735109062627,0.4038373871760311,0.4402585968680147,0.3983577768158727,0.39022722658734843,0.3471921064672723,0.4083423355798843,0.31365050423420504,0.350647026909343,0.36239374133811886,0.3024278625246809,0.40145773041092947,0.0,0.406655441806691,0.4035084500328546,0.3109723502759696,0.7420127978733674,0.39624884276088,0.2832238178276574,0.4065149438679978,0.30967129213195366,0.4020416830861474,0.4095672327053965,0.3204245104787382,0.3221887176045882,0.331409660542333,0.39597226586297585,0.39606585726612875,0.3129133294267574,0.3543570904707707
0.3503932779276042,0.49789678498924594,0.27521621705672294,0.3254962377839318,0.44192039744923084,0.467638060460265,0.38335470960145457,0.3201207492375203,0.3485014569128303,0.3150528984834571,0.4342825604947128,0.3135158136857469,0.44379023898392056,0.3175161692195768,0.31803371889619525,0.3920280543214143,1.0,0.4298276574618307,0.4150492384399337,0.38486429829736934,0.41932637350715873,0.385905816771526,0.4450786361628921,0.541661728104111,0.5149008273007633,0.43033009676209644,0.4275022185928341,0.30806180432059205,0.3514704220353714,0.3436060177473773,0.295120226419469,0.4889365973918075,0.0,0.4389837663494872,0.49680779009084264,0.2906855387382765,0.3812410990515146,0.4310486248405193,0.27097295885045136,0.43212645236848146,0.30101987689175835,0.46405966574991875,0.43815095110797986,0.31707977045437563,0.32487826624804583,0.3221244767412216,0.4848523475041575,0.48730015390676784,0.3013287211445116,0.3458633898986304
0.37174166928941343,0.46466764672201955,0.29779504523810885,0.32076707223453627,0.428679531548787,0.43901775746702676,0.4440549013163738,0.32935768739300175,0.3655591394320348,0.3272420153483161,0.5345887544876713,0.31741020201579717,0.5391650353958506,0.32932702334480923,0.3158811137196468,0.4353045273941384,0.4298276574618307,1.0,0.5630200205882132,0.44505225824516215,0.55147766566989,0.4991742211125737,0.5705492199072519,0.4396259752273347,0.4156993333440242,0.3619861983925554,0.5436193434940617,0.3263217412180679,0.36580205380204844,0.3652964949625145,0.306368091400811,0.4867914931887285,0.0,0.5273984092205244,0.4665939739602295,0.3213793160308869,0.4308316407884827,0.505021128023732,0.2889251510142963,0.5406469268147537,0.30545531618060806,0.470429639636629,0.5301143773231439,0.33080212289590805,0.3272710093782609,0.33589522601122523,0.46526218504221195,0.4654153123775129,0.32123911784594983,0.36708292447685387
0.3581113494953265,0.4420790565899655,0.2804827184552744,0.3102740482350216,0.41066688942014073,0.4331719090084385,0.43265440834240365,0.31740931356641666,0.34332398094229255,0.30899764052829826,0.4991185961286627,0.3103038085612039,0.5184857902579942,0.3140666599688716,0.29926484369823214,0.4174680523778538,0.4150492384399337,0.5630200205882132,1.0,0.42546218501842514,0.5340461424810068,0.5098356473584353,0.5524692190485767,0.41887351415327834,0.4096256630057098,0.35007816559210003,0.5170627734452152,0.31123791575795223,0.34469439168213367,0.3421190698980209,0.28767651369936875,0.47877326864962355,0.0,0.5108926897439813,0.4527970996413597,0.302907652655638,0.4123607933205621,0.4827541857039692,0.27876158308874377,0.5212181645726206,0.2917463161863535,0.4445703615319324,0.5074565133308029,0.32035504075811927,0.3199902262612738,0.32196641818373295,0.44190378708694367,0.4433656553494135,0.30957743120812287,0.34591646018525846
0.36052132173201235,0.400163327528928,0.2874264428844252,0.312229854519548,0.34816762434994863,0.3804703330211311,0.8724050760297627,0.31624328602526197,0.35765163651117104,0.31590403817353674,0.41573914378144383,0.30507074753746644,0.40951431308010344,0.3154313693002355,0.30402028321822405,0.7750735188929043,0.38486429829736934,0.44505225824516215,0.42546218501842514,1.0,0.4397875178336337,0.38810235438004914,0.45179230340802456,0.3791070217581761,0.3802634832955357,0.3259974630287912,0.41397042950803875,0.31357392001332607,0.3503472369177727,0.35271380587075263,0.29389984731457075,0.39166803496006597,0.0,0.4101963174725147,0.4041379228200186,0.3093752499469836,0.817944213902094,0.39310911334531806,0.2761734292908604,0.4097174332079353,0.2952151440715316,0.40005856687778074,0.4134194616664957,0.3201428232681025,0.3178102937981305,0.3310513159206083,0.39365965962749816,0.39391022722131475,0.30981875952032245,0.35678324013398055
0.3551443775113178,0.4479205127361061,0.28929706391656784,0.3091073004077891,0.427085530810419,0.41249534051149783,0.4376473560804406,0.3159077409724089,0.35360115528567815,0.3130621989367004,0.5218679455748922,0.3075644418183596,0.544141526262651,0.31412943560133033,0.30380646316750126,0.4227735109062627,0.41932637350715873,0.55147766566989,0.5340461424810068,0.4397875178336337,1.0,0.494192626794003,0.5779933000530597,0.4224412655885119,0.41039973639449867,0.3571344535442579,0.5476971016523944,0.3172560595747177,0.3514069197868559,0.35391341947372423,0.29242186314329055,0.4987449999875305,0.0,0.536041554685706,0.45036512073779533,0.30608608646220914,0.4217774204469146,0.513097505323826,0.2788508762053009,0.5369288883188524,0.29676517408135394,0.4443465631687701,0.5333902016216738,0.32249582883962535,0.3206300718859664,0.33306404198819295,0.4559528383515372,0.45611504014392934,0.3108059266060429,0.3556269289896268
0.34233755894785567,0.403790809031218,0.2671218429078991,0.2889135080915578,0.3883821269038018,0.49964873400204446,0.3978796615866562,0.29543843980235807,0.32154759170394176,0.29198563743593486,0.48877772584081625,0.29311814464476615,0.509580135506176,0.2909918135005656,0.2772090351750164,0.4038373871760311,0.385905816771526,0.4991742211125737,0.5098356473584353,0.38810235438004914,0.494192626794003,1.0,0.6402499821066775,0.4044259431130709,0.4036966946093181,0.340199721370805,0.485879737048479,0.2950043670693552,0.32079747946185555,0.31542659751193214,0.26580394864405776,0.47088782300003496,0.0,0.5664520870672212,0.41662579226397867,0.27916608333536663,0.3729065210327238,0.4697551634810597,0.25479709004479967,0.4964855303418524,0.269770257696773,0.41617700304688554,0.4878913255430565,0.30125448661253096,0.30127320116021383,0.3058727045214399,0.4080965464694941,0.40821651662530445,0.28723263357981155,0.3253686276124472
0.3716058774061527,0.4648922821202611,0.2979095909240562,0.3276941651747147,0.4385827135891477,0.43896377852576507,0.4538584812904315,0.3291404485926006,0.36519370274548246,0.3219881428342255,0.538810645936295,0.3211441260136455,0.5895931324507302,0.32997808040735144,0.319648203104716,0.4402585968680147,0.4450786361628921,0.5705492199072519,0.5524692190485767,0.45179230340802456,0.5779933000530597,0.6402499821066775,1.0,0.434662530093213,0.4285702637395591,0.3693283339214247,0.5720890824136762,0.3316135077091734,0.3623454737411651,0.3601676233030051,0.30943516954660444,0.5292361508210158,0.0,0.6561651538785431,0.46476034296058366,0.3155066566434389,0.4351799599437275,0.5353948067542764,0.28650347990597835,0.5595802760110931,0.3098854421358027,0.4668239343414181,0.557326618015981,0.3365052160150427,0.33464376345992963,0.33573749665865393,0.4605791528292785,0.4615232650560045,0.3241296458826618,0.36699389737564736
0.35661045827552407,0.5575274703328735,0.27399445862579974,0.3196787093016984,0.43859784967381954,0.5255822264168344,0.37813120501228525,0.32789544882125055,0.35586295789130273,0.31996213274868524,0.451766268369037,0.3172580147931131,0.45858818596935225,0.30871641133619343,0.31014228021322343,0.3983577768158727,0.541661728104111,0.4396259752273347,0.41887351415327834,0.3791070217581761,0.4224412655885119,0.4044259431130709,0.434662530093213,1.0,0.5527409053773547,0.41144475715658635,0.43701449399629944,0.30409304544360094,0.3521148535857467,0.3509106671207636,0.29268510114564705,0.45781967204963203,0.0,0.4311468149803317,0.5679039216487282,0.28656478732471824,0.3685592109120187,0.4287063671470529,0.2593458990606582,0.4381298968690315,0.3026934320688661,0.48000100737722406,0.437507735922508,0.31431673583568986,0.32335208601118615,0.31871846313162455,0.4830618447787387,0.4832599807500487,0.3004839618844751,0.3384604844342891
0.35130248698970834,0.5411249732815877,0.26618060729029,0.3220338446434792,0.4183263441278171,0.5424309967087636,0.3801703271062101,0.31124954285941553,0.3373144987561226,0.30955907896839074,0.4199308270116968,0.30949194292604854,0.4220633492797574,0.30440527391394223,0.3108678744482295,0.39022722658734843,0.5149008273007633,0.4156993333440242,0.4096256630057098,0.3802634832955357,0.41039973639449867,0.4036966946093181,0.4285702637395591,0.5527409053773547,1.0,0.4417106577507728,0.4140585601045028,0.2942934895831213,0.33130976808014645,0.3261889076525789,0.2847217176416986,0.47110097675269413,0.0,0.40977958538042114,0.5548051422922028,0.28155262102832823,0.37616144152312736,0.4247930255520873,0.2646334189192848,0.4111987479082708,0.29497270306641676,0.452366945348346,0.42187922590067717,0.31680216361519664,0.3181733164674556,0.313789307463719,0.46259756217280446,0.4636207893985578,0.3019079010500384,0.33164563448760553
0.30008714662316105,0.4130720116755393,0.23516335838691715,0.2732702478931536,0.35625470401326664,0.4003481537972642,0.3248315526743817,0.2717576748555407,0.2945867147647865,0.2726164529657049,0.3751656907214931,0.2629808401510064,0.3747400803873602,0.2669289379675216,0.2676668159722021,0.3471921064672723,0.43033009676209644,0.3619861983925554,0.35007816559210003,0.3259974630287912,0.3571344535442579,0.340199721370805,0.3693283339214247,0.41144475715658635,0.4417106577507728,1.0,0.35887657162229325,0.2634391127725937,0.2853223533064386,0.2891697722803829,0.2513322163754288,0.3691124533129304,0.0,0.35573442967494595,0.4085099239271063,0.24647732177117931,0.32247858842058985,0.37406245905623725,0.2252940747001445,0.36679627439052065,0.2582998029263699,0.3955494523078966,0.36802357785289896,0.2755791795865816,0.2814820673199132,0.272280317075528,0.41021796780816666,0.41080731612973365,0.26438628043688306,0.2920322785361682
0.368596608642474,0.46746173153526394,0.2990790561044846,0.32277369390206345,0.4427694385689229,0.41909250532972453,0.40896363260767266,0.32792732114330647,0.3707738424449919,0.33037170683900596,0.5434847997488317,0.31585501026003926,0.5724187441346307,0.33016693911205386,0.31639327194024713,0.4083423355798843,0.4275022185928341,0.5436193434940617,0.5170627734452152,0.41397042950803875,0.5476971016523944,0.485879737048479,0.5720890824136762,0.43701449399629944,0.4140585601045028,0.35887657162229325,1.0,0.32587418483119635,0.36577127526980235,0.3654403925603744,0.30757799944869546,0.512902328401877,0.0,0.5424590414556345,0.45900695714189643,0.3059065964849875,0.3953112477436008,0.6027636899336353,0.2733291884600594,0.5713216576821813,0.31121287851883683,0.46593774934306553,0.6356621635897397,0.33516289633909424,0.3295637689389115,0.34082377282667065,0.46059565142507763,0.4609336644924641,0.3268030562446955,0.3643196083463156
0.3428983492250618,0.33938109683212736,0.2784864784181308,0.5583134256488412,0.29123776881179664,0.3092384144111471,0.3107683201438043,0.693524530884569,0.3322666876019349,0.5495705745995271,0.3378963676669392,0.5225477104685534,0.33268619032957736,0.5627674607171564,0.5313503643460877,0.31365050423420504,0.30806180432059205,0.3263217412180679,0.31123791575795223,0.31357392001332607,0.3172560595747177,0.2950043670693552,0.3316135077091734,0.30409304544360094,0.2942934895831213,0.2634391127725937,0.32587418483119635,1.0,0.3728016193653817,0.33060439490167814,0.5165360899651823,0.318485884292827,0.0,0.318228460112445,0.31321676416203326,0.41885379193017735,0.29984666552062444,0.33496560280089505,0.41409376622559235,0.325725174219787,0.5236015089404293,0.3234189953430785,0.3291868116287545,0.8037967397703596,0.7706228937594426,0.3452693545261998,0.32513736278429717,0.32467232657237943,0.5117189518360008,0.3653748959879334
0.39691927219150225,0.3739351228913744,0.3177367511815028,0.3637341032900503,0.3306498394799231,0.3499793885262571,0.34693752019761726,0.3692426099681003,0.3838812131461583,0.3750945411321107,0.3742693228152486,0.36928749629869284,0.37043295676929633,0.37781367881727335,0.35988802752060045,0.350647026909343,0.3514704220353714,0.36580205380204844,0.34469439168213367,0.3503472369177727,0.3514069197868559,0.32079747946185555,0.3623454737411651,0.3521148535857467,0.33130976808014645,0.2853223533064386,0.36577127526980235,0.3728016193653817,1.0,0.38128640209103326,0.35160705674189197,0.35054864817528864,0.0,0.3572388693413553,0.3528064716710354,0.33615889768838725,0.33468600211565624,0.364306250669688,0.30406707011153666,0.3673174911623941,0.34844745863980187,0.3560542241294672,0.36047953738758653,0.37189458624022254,0.3681891162775367,0.43270129947743063,0.3586532963443375,0.35825916664131974,0.3614573333545642,0.6232806239531782
0.4399443427057156,0.36496079727663033,0.31796643637789535,0.34117317130666736,0.3420600011280335,0.3324768312659486,0.34815640008192317,0.3398056830068483,0.4666706987299125,0.35349892419114404,0.3759558645775969,0.3381386574302464,0.3840650450886848,0.3387876094057457,0.33613994190958674,0.36239374133811886,0.3436060177473773,0.3652964949625145,0.3421190698980209,0.35271380587075263,0.35391341947372423,0.31542659751193214,0.3601676233030051,0.3509106671207636,0.3261889076525789,0.2891697722803829,0.3654403925603744,0.33060439490167814,0.38128640209103326,1.0,0.32168832375324086,0.34818907034288016,0.0,0.34809459783262586,0.35770764164464963,0.30954012394579045,0.3398683434005818,0.35547233511854526,0.2929833039741814,0.37598696995621106,0.33081807719001277,0.3611267781264037,0.3698795572642726,0.3370747710256895,0.33178571068264906,0.3716659391640229,0.36517042140974143,0.3659001236440179,0.3317434453952556,0.38773810750795146
0.311049687262517,0.3139444989524721,0.2626595916396227,0.5277471052108602,0.29304511132824984,0.28592840525300756,0.29082780932936536,0.5027150622964358,0.32472918294312236,0.5494823561895357,0.3158840269088423,0.483363055974085,0.31765928552127654,0.5304502277175072,0.5292938845335745,0.3024278625246809,0.295120226419469,0.306368091400811,0.28767651369936875,0.29389984731457075,0.29242186314329055,0.26580394864405776,0.30943516954660444,0.29268510114564705,0.2847217176416986,0.2513322163754288,0.30757799944869546,0.5165360899651823,0.35160705674189197,0.32168832375324086,1.0,0.3057949196299762,0.0,0.29770833871457547,0.29423292914771415,0.4023407892138121,0.28561256988727335,0.30433405522520607,0.3938487617557086,0.30730047629612867,0.6402451534924309,0.30471193412373054,0.3054038155425782,0.5153110382111266,0.5054763364840128,0.3259650149879767,0.30574556809884634,0.30531457732085254,0.4705129788493373,0.3445646725976721
0.3620865329623758,0.4487918048403763,0.28275471354065485,0.3439026306098639,0.47550806929875444,0.44386564869227063,0.3934387331905129,0.33153358380728537,0.3600512985335985,0.3283153071628564,0.4898083266674368,0.32745140326517463,0.533073741445393,0.3251495078648333,0.3313723570061502,0.40145773041092947,0.4889365973918075,0.4867914931887285,0.47877326864962355,0.39166803496006597,0.4987449999875305,0.47088782300003496,0.5292361508210158,0.45781967204963203,0.47110097675269413,0.3691124533129304,0.512902328401877,0.318485884292827,0.35054864817528864,0.34818907034288016,0.3057949196299762,1.0,0.0,0.5084857667318725,0.44272867087754675,0.29351542242418116,0.39241119931646884,0.5200648309134466,0.2759969180855324,0.5219339679296024,0.31471234399785786,0.4462510101378666,0.5306019756513516,0.3234438358455425,0.3291459862071755,0.32742925158515546,0.4541761916264474,0.4555549039024499,0.3075591455360688,0.34723728936665466
0.0,0.0,0.0,0.0,0.0,0.0,0.0,0.0,0.0,0.0,0.0,0.0,0.0,0.0,0.0,0.0,0.0,0.0,0.0,0.0,0.0,0.0,0.0,0.0,0.0,0.0,0.0,0.0,0.0,0.0,0.0,0.0,1.0,0.0,0.0,0.0,0.0,0.0,0.0,0.0,0.0,0.0,0.0,0.0,0.0,0.0,0.0,0.0,0.0,0.0
0.3713709870157985,0.4575309657196186,0.2931284182567129,0.31101025821248984,0.43740083348981773,0.43846168127028284,0.41074870190323065,0.32695067467797545,0.3578437243273388,0.314476177126527,0.5244385008353738,0.3172633184147313,0.5762001244598565,0.3155521191599959,0.3056686332421199,0.406655441806691,0.4389837663494872,0.5273984092205244,0.5108926897439813,0.4101963174725147,0.536041554685706,0.5664520870672212,0.6561651538785431,0.4311468149803317,0.40977958538042114,0.35573442967494595,0.5424590414556345,0.318228460112445,0.3572388693413553,0.34809459783262586,0.29770833871457547,0.5084857667318725,0.0,1.0,0.46229010498780876,0.31169002443081895,0.3917466239227617,0.5240227896849514,0.29166613136864794,0.5483995909503603,0.2987012940490038,0.46048166587271555,0.5509055679825369,0.32313259143064477,0.32648980155326135,0.3266479066299437,0.45951845823811677,0.4610605668257811,0.3109804646996913,0.35713724505396893
0.3666862414322525,0.5909558147444347,0.2817272640741083,0.31644004440465634,0.4120466980740297,0.5454606492472849,0.4075363962280575,0.3249220272734128,0.3609929638638989,0.32064088393999535,0.4719277004756248,0.3197753480770681,0.4733656772381698,0.3152394481216664,0.3086005349707468,0.4035084500328546,0.49680779009084264,0.4665939739602295,0.4527970996413597,0.4041379228200186,0.45036512073779533,0.41662579226397867,0.46476034296058366,0.5679039216487282,0.5548051422922028,0.4085099239271063,0.45900695714189643,0.31321676416203326,0.3528064716710354,0.35770764164464963,0.29423292914771415,0.44272867087754675,0.0,0.46229010498780876,1.0,0.3020557065891918,0.3848143195193774,0.45059302816279034,0.27338950085511615,0.4689026751795229,0.2994948819620771,0.504686180343804,0.47069326455007754,0.32021578791707894,0.3214067166507041,0.3314489212075856,0.5056899229640708,0.5056313655234841,0.3137291879500106,0.3518707581446988
0.3131924661840011,0.2990017316668425,0.25708929064470376,0.41968415155007255,0.26716260380325385,0.2922770084790547,0.31065272689276635,0.41586410557574827,0.312606363243939,0.43392604498874654,0.3148562773524958,0.4084240950224549,0.3047705592917258,0.42585715114507416,0.4137550895475578,0.3109723502759696,0.2906855387382765,0.3213793160308869,0.302907652655638,0.3093752499469836,0.30608608646220914,0.27916608333536663,0.3155066566434389,0.28656478732471824,0.28155262102832823,0.24647732177117931,0.3059065964849875,0.41885379193017735,0.33615889768838725,0.30954012394579045,0.4023407892138121,0.29351542242418116,0.0,0.31169002443081895,0.3020557065891918,1.0,0.3018198896602229,0.2938736503495535,0.3908027120258728,0.30464708005638796,0.4059240330455566,0.3006841727564912,0.3037398925094902,0.42556999632261916,0.42341896248706934,0.313627769586698,0.2960828926790072,0.29603960823320097,0.4293292528534156,0.3392729504073755
0.34291176771578036,0.3828183976722739,0.27506141182281696,0.3081100840710109,0.3508696506088411,0.37365472143024925,0.8079884619286665,0.30787487107067335,0.3477737650399614,0.308307227502576,0.39489122682856326,0.29777556644808356,0.4021999417101132,0.3052668061557956,0.302333505646049,0.7420127978733674,0.3812410990515146,0.4308316407884827,0.4123607933205621,0.817944213902094,0.4217774204469146,0.3729065210327238,0.4351799599437275,0.3685592109120187,0.37616144152312736,0.32247858842058985,0.3953112477436008,0.29984666552062444,0.33468600211565624,0.3398683434005818,0.28561256988727335,0.39241119931646884,0.0,0.3917466239227617,0.3848143195193774,0.3018198896602229,1.0,0.38127836824580597,0.2710078516441632,0.38707902135384376,0.29081683081678633,0.38434063248975847,0.4008565090445084,0.30727130155161886,0.3056895195662893,0.3158872015925973,0.37651504866137486,0.37646824231356857,0.29509297575265947,0.34322047671240674
0.36913361963346814,0.4752868981074738,0.29521241360524064,0.32106353555778,0.4706343687526372,0.43699369793996246,0.38900681597415077,0.34197131334892816,0.35657365863627055,0.3261600556362855,0.5257632317650598,0.3263677348668568,0.5433079831638681,0.32850888583382465,0.3161571990487261,0.39624884276088,0.4310486248405193,0.505021128023732,0.4827541857039692,0.39310911334531806,0.513097505323826,0.4697551634810597,0.5353948067542764,0.4287063671470529,0.4247930255520873,0.37406245905623725,0.6027636899336353,0.33496560280089505,0.364306250669688,0.35547233511854526,0.30433405522520607,0.5200648309134466,0.0,0.5240227896849514,0.45059302816279034,0.2938736503495535,0.38127836824580597,1.0,0.283921455721714,0.5522538850876784,0.3085293468915039,0.4646639426897683,0.6427381180659982,0.3434737636318087,0.3335309467271165,0.33972573399182215,0.4754717669720607,0.4765432699380737,0.3288620882902509,0.3610666580443832
0.3015727662374368,0.2750398502664637,0.23568289678673826,0.4159230402862214,0.3266226528490076,0.28364526139762036,0.28108206708186945,0.4181487989690523,0.294519677534268,0.4365125083895691,0.28796487924153236,0.41473916002444444,0.28404694327638524,0.4163981636619636,0.4191583503016283,0.2832238178276574,0.27097295885045136,0.2889251510142963,0.27876158308874377,0.2761734292908604,0.2788508762053009,0.25479709004479967,0.28650347990597835,0.2593458990606582,0.2646334189192848,0.2252940747001445,0.2733291884600594,0.41409376622559235,0.30406707011153666,0.2929833039741814,0.3938487617557086,0.2759969180855324,0.0,0.29166613136864794,0.27338950085511615,0.3908027120258728,0.2710078516441632,0.283921455721714,1.0,0.27925343443672535,0.3974680127399862,0.27726291978758333,0.281712967635137,0.4222703969380287,0.42223390141615513,0.2965608978403951,0.27744018137766135,0.27716038939321985,0.4043291680449691,0.3117934451702141
0.3748291082994394,0.47031512351060345,0.3015868455880223,0.3171881752496528,0.45092118277608995,0.43374196658882813,0.4050930505784628,0.3311958205338629,0.3729080117313154,0.327510143271986,0.5689676895055527,0.3185104604204092,0.5851482946161848,0.3257035525704879,0.3125220174889375,0.4065149438679978,0.43212645236848146,0.5406469268147537,0.5212181645726206,0.4097174332079353,0.5369288883188524,0.4964855303418524,0.5595802760110931,0.4381298968690315,0.4111987479082708,0.36679627439052065,0.5713216576821813,0.325725174219787,0.3673174911623941,0.37598696995621106,0.30730047629612867,0.5219339679296024,0.0,0.5483995909503603,0.4689026751795229,0.30464708005638796,0.38707902135384376,0.5522538850876784,0.27925343443672535,1.0,0.3074468303178697,0.4800463632904173,0.5821562450428296,0.33014568247977805,0.3329881063479825,0.3479794562840842,0.4912129029222756,0.49168585665468567,0.3248221395878833,0.37432660039956145
