../ecoli_genomes/GCF_000163235.1_ASM16323v1_genomic.fna.gz,../ecoli_genomes/GCF_000164555.1_ASM16455v1_genomic.fna.gz,../ecoli_genomes/GCF_000208545.1_ASM20854v2_genomic.fna.gz,../ecoli_genomes/GCF_000233875.1_ASM23387v1_genomic.fna.gz,../ecoli_genomes/GCF_000249735.1_ASM24973v2_genomic.fna.gz,../ecoli_genomes/GCF_000261145.1_Esch_coli_M919_V2_genomic.fna.gz,../ecoli_genomes/GCF_000267705.2_ASM26770v2_genomic.fna.gz,../ecoli_genomes/GCF_000350665.1_Esch_coli_KTE5_V1_genomic.fna.gz,../ecoli_genomes/GCF_000351625.1_Esch_coli_KTE66_V1_genomic.fna.gz,../ecoli_genomes/GCF_000352285.1_Esch_coli_KTE46_V1_genomic.fna.gz,../ecoli_genomes/GCF_000358895.1_ASM35889v1_genomic.fna.gz,../ecoli_genomes/GCF_000456385.1_Esch_coli_HVH_26_4-5703913_V1_genomic.fna.gz,../ecoli_genomes/GCF_000458195.1_Esch_coli_HVH_147_4-5893887_V1_genomic.fna.gz,../ecoli_genomes/GCF_000459755.1_Esch_coli_KOEGE_58_171a_V1_genomic.fna.gz,../ecoli_genomes/GCF_000460055.1_Esch_coli_UMEA_3053-1_V1_genomic.fna.gz,../ecoli_genomes/GCF_000462165.2_ASM46216v2_genomic.fna.gz,../ecoli_genomes/GCF_000601135.1_ASM60113v1_genomic.fna.gz,../ecoli_genomes/GCF_000614595.1_Ec2010EL1058_genomic.fna.gz,../ecoli_genomes/GCF_000617745.1_Ec2010C-4529_genomic.fna.gz,../ecoli_genomes/GCF_000618265.2_EcF6751_genomic.fna.gz,../ecoli_genomes/GCF_000619005.2_Ec2009C-4052_genomic.fna.gz,../ecoli_genomes/GCF_000619105.1_Ec2009C-4780_genomic.fna.gz,../ecoli_genomes/GCF_000619765.2_Ec2009C-3279_genomic.fna.gz,../ecoli_genomes/GCF_000687005.1_ASM68700v1_genomic.fna.gz,../ecoli_genomes/GCF_000687025.1_ASM68702v1_genomic.fna.gz,../ecoli_genomes/GCF_000700125.1_ASM70012v1_genomic.fna.gz,../ecoli_genomes/GCF_000753315.1_FHI35_genomic.fna.gz,../ecoli_genomes/GCF_000776375.1_ASM77637v1_genomic.fna.gz,../ecoli_genomes/GCF_000779395.1_ASM77939v1_genomic.fna.gz,../ecoli_genomes/GCF_000780315.1_ASM78031v1_genomic.fna.gz,../ecoli_genomes/GCF_000781995.1_ASM78199v1_genomic.fna.gz,../ecoli_genomes/GCF_000986765.1_ASM98676v1_genomic.fna.gz,../ecoli_genomes/GCF_001041375.1_ViralProj287958_genomic.fna.gz,../ecoli_genomes/GCF_001265335.1_302014_genomic.fna.gz,../ecoli_genomes/GCF_001265625.1_100854_genomic.fna.gz,../ecoli_genomes/GCF_001267345.1_303289_genomic.fna.gz,../ecoli_genomes/GCF_001309985.1_ASM130998v1_genomic.fna.gz,../ecoli_genomes/GCF_001521695.1_ASM152169v1_genomic.fna.gz,../ecoli_genomes/GCF_001592595.1_ASM159259v1_genomic.fna.gz,../ecoli_genomes/GCF_001614975.1_ASM161497v1_genomic.fna.gz,../ecoli_genomes/GCF_001692775.1_ASM169277v1_genomic.fna.gz,../ecoli_genomes/GCF_001748915.1_ASM174891v1_genomic.fna.gz,../ecoli_genomes/GCF_001749235.1_ASM174923v1_genomic.fna.gz,../ecoli_genomes/GCF_001881155.1_ASM188115v1_genomic.fna.gz,../ecoli_genomes/GCF_001881345.1_ASM188134v1_genomic.fna.gz,../ecoli_genomes/GCF_001892405.1_ASM189240v1_genomic.fna.gz,../ecoli_genomes/GCF_001892585.1_ASM189258v1_genomic.fna.gz,../ecoli_genomes/GCF_001893985.1_ASM189398v1_genomic.fna.gz,../ecoli_genomes/GCF_002001595.1_ASM200159v1_genomic.fna.gz,../ecoli_genomes/GCF_002002145.1_ASM200214v1_genomic.fna.gz
1.0,0.7874686062913684,0.76965773963651,0.7761332616590075,0.768596933950329,0.7887603359301102,0.7852078028810259,0.7798943170170336,0.8110425611972074,0.7844630314715513,0.7825574720468582,0.7788924548598434,0.7778090786493743,0.7691829928773836,0.7664868759658272,0.7862009914393879,0.771721764686372,0.7831593436949773,0.7403215826370718,0.7877791902135296,0.7817805660793723,0.7678904077552092,0.7903400820575222,0.7623925679364356,0.7672283819080188,0.7402675384484073,0.7803894361181011,0.778623711324285,0.7948068006419302,0.8123934405493931,0.7616980188293688,0.782388371432809,0.0444523002181505,0.7765499388414063,0.7643418071732261,0.7739147880052852,0.7795150959486534,0.7808389141706451,0.7631800541881686,0.7866314272053758,0.7682835756931006,0.7801255399996642,0.7849041914439288,0.7828209919793296,0.7821237249358781,0.7841058460712415,0.7817465144567588,0.7814837530963396,0.77708367182061,0.798501256150077
0.7874686062913684,1.0,0.7727252816366676,0.778081186984724,0.7935668635725849,0.8402782042818467,0.7926590881881083,0.785027617820962,0.7835443378705615,0.7910183341271324,0.8134296865228438,0.7793190434483006,0.8034455191562414,0.7758048558488321,0.7711761917545777,0.7986130283614749,0.7985462070974012,0.807822127098074,0.7570014495825332,0.7992337833203966,0.8065183338950357,0.7911098764264777,0.8136558361227424,0.8242925073960226,0.8247533068933391,0.7731850703959869,0.8122590716457361,0.786831195282031,0.7936517562119789,0.790761191212604,0.7701670719190138,0.8054658521331839,0.04665070187150944,0.7996503701002065,0.8277534118369105,0.7770979525609234,0.7863540273237298,0.8139365698457853,0.7573529152323722,0.8136864478342422,0.7785647135950657,0.8299995850138256,0.8154998704216354,0.7921488291764398,0.7873686521580151,0.7825175713795582,0.830009734634529,0.8284324415856158,0.7885913588296658,0.7960098769748739
0.76965773963651,0.7727252816366676,1.0,0.7464014895595313,0.7518844558653688,0.7596019115467625,0.7587222522198195,0.7564607206567326,0.7672846068083906,0.760736445791958,0.7664362563875048,0.7518514839072447,0.763694451674216,0.7444971447744746,0.744889894421428,0.760803982394038,0.7362975856804757,0.7645468819999072,0.7246609302714219,0.7635844146582628,0.7630454712114264,0.7525566225898385,0.7715248881004068,0.7448141040899163,0.7444306468071944,0.7105207311822029,0.7674916096695377,0.754773324976529,0.7680122281306845,0.7686713424837616,0.7392403438222146,0.760321770992529,0.043005971460298276,0.7586119087496718,0.74375881807399,0.7521074246333592,0.7536674979141149,0.766446771367384,0.728919200447148,0.7747177825527591,0.7452878948441928,0.7602931700708265,0.7696790590690084,0.757954620843607,0.7507266740235501,0.7633635665141909,0.769732733693755,0.7696794525561836,0.7565393935784795,0.7708997490650714
0.7761332616590075,0.778081186984724,0.7464014895595313,1.0,0.7563884416059068,0.7682842797971279,0.7647480525007085,0.8343522763615282,0.7722487213999943,0.8440072769104083,0.7631184172113445,0.8390673288688201,0.7587835354694423,0.8554015665641561,0.8615464658948221,0.7685096704389186,0.7477691045537411,0.7739625070052718,0.7269341217893206,0.7670533277447549,0.7756200201940674,0.7584182132674395,0.7753121845185711,0.7570676154032295,0.7551514274787043,0.7303234031627202,0.7686040879841182,0.8478061364525726,0.7831126331520715,0.7703140446146712,0.8317129542025421,0.7643411338229251,0.044884855645635824,0.7655006427690315,0.7543604865960959,0.8100711200293502,0.7607776023191664,0.7631411434129031,0.7909278878500607,0.7721021295655052,0.8442631679263164,0.7647561139116617,0.7650228236722687,0.850724903480283,0.8378521689503665,0.7773741705762125,0.7727023731760281,0.7737571210990106,0.8282616004441383,0.7863751153388373
0.768596933950329,0.7935668635725849,0.7518844558653688,0.7563884416059068,1.0,0.8021663792600471,0.770567904284488,0.7630059699254269,0.7651880318519695,0.7686409347861616,0.8132976480408657,0.7539214127708305,0.80175387626486,0.7580213720923865,0.752966481536437,0.7824962194141449,0.7745812935546532,0.7984392393238913,0.7504941493065507,0.7732942497695654,0.7971699704882682,0.7778819314289308,0.7999115708948831,0.7849793914510278,0.7825045191705733,0.755326289291231,0.797864082871838,0.7554245111947012,0.7673510630010045,0.7715766626664131,0.753140599926072,0.7989420187195462,0.044203056588842715,0.791635153643559,0.7727616529825181,0.7496359861115411,0.7661329929866645,0.8129547922023435,0.7461164839169938,0.8100264835040173,0.7581177222873944,0.7898544538818358,0.8095561834976479,0.7621805334040878,0.7603457198941271,0.7570312622315315,0.7965718477526298,0.7975189605154378,0.7584636030443072,0.7676399885390163
0.7887603359301102,0.8402782042818467,0.7596019115467625,0.7682842797971279,0.8021663792600471,1.0,0.7971663678000599,0.7740306934470207,0.777673471134616,0.7734643532782144,0.80360592300233,0.7682388950497877,0.7949407270406221,0.7638510903724345,0.7624137643092034,0.7970718500580504,0.7979097036428131,0.8102789652748277,0.7558034228830366,0.799039643445267,0.8053000724408657,0.7845305193963412,0.8079133716904798,0.8201634342800803,0.8261472959666365,0.7681791879496662,0.7997748645401133,0.7693787238232804,0.7842261164674968,0.7842889334480414,0.7608277692595616,0.8051532283040249,0.045671300894902234,0.804066798505344,0.8344096001068759,0.7704729840645597,0.7891883820908214,0.804586372293688,0.758061827777624,0.8070434559387055,0.7686854213603017,0.8262222257606435,0.8084066467742428,0.7760769606184663,0.7729452381858655,0.7749342854664337,0.8307824019398682,0.8304579137616506,0.7715425587880733,0.7882702183375773
0.7852078028810259,0.7926590881881083,0.7587222522198195,0.7647480525007085,0.770567904284488,0.7971663678000599,1.0,0.7719083594411288,0.7821166867818666,0.7676325638513335,0.781582355148766,0.7588341657632831,0.7814348419170006,0.7598242531429242,0.7545539517680705,0.9154905587008669,0.7665158450953558,0.8088488800717155,0.7526222885069696,0.9478155321121247,0.8037155131076811,0.788329237769699,0.8107407472625714,0.7788643266747804,0.7735104126622149,0.7484798515484626,0.7944470926898237,0.7654343202669323,0.7840305270611865,0.78503911545837,0.7544314717904443,0.7832840136561093,0.04544936936094324,0.7935339866819585,0.7795765602235778,0.7703309378618737,0.9266081143046913,0.7822665583174775,0.7496570938344556,0.7915528930167413,0.7557429221659354,0.7871847288013002,0.791678968444118,0.7715711137762982,0.7649856622098175,0.7639484934189524,0.7821497533175154,0.7821780398868006,0.7663933077884446,0.7847373970268499
0.7798943170170336,0.785027617820962,0.7564607206567326,0.8343522763615282,0.7630059699254269,0.7740306934470207,0.7719083594411288,1.0,0.7739823249312696,0.8443080814793299,0.769565407064172,0.8291338149034714,0.7709167213038314,0.8341741095896442,0.8304503081648706,0.7750208252762286,0.7534801451802419,0.7798746508187266,0.7385914934383069,0.774604212804626,0.7799559343795377,0.7650904658273056,0.7806527657902044,0.7638566337351977,0.7531182795568856,0.730427444390005,0.7796598907879432,0.891964805912816,0.7922669621666886,0.7728976503991993,0.8240003121281841,0.7671202134073715,0.0413448459168716,0.76960484923839,0.7606421057981203,0.8144643384558523,0.7668214205243344,0.7755479750696221,0.7984383789115983,0.7832308703926035,0.8328674868250849,0.7709217035276534,0.7735915981252631,0.8933738270360021,0.8812579802607667,0.7850432449603526,0.774156046219451,0.7756881727323531,0.8249963997180626,0.7913042826546717
0.8110425611972074,0.7835443378705615,0.7672846068083906,0.7722487213999943,0.7651880318519695,0.777673471134616,0.7821166867818666,0.7739823249312696,1.0,0.7808966409722785,0.7747043610729494,0.7640841966236562,0.7748153236820909,0.7678264389540167,0.766236390081259,0.7872841455963335,0.7592464042797505,0.7804633496571497,0.7351194277925175,0.7851764882807635,0.7779966087584114,0.7688733549003455,0.7870633270377848,0.7662605798349165,0.7607053762738321,0.7277121565013217,0.7810634237947612,0.7704970065225905,0.7858797565858471,0.8209554021513988,0.7629012274251866,0.7761425399498463,0.04279832465634259,0.7735226621987131,0.766917487540722,0.7688770836122857,0.7782990859513188,0.7739847975467616,0.7483422420527075,0.782742384217716,0.766416603713713,0.7753933019724427,0.7817323190047333,0.7749010964556918,0.7691729911643964,0.7776399255990585,0.7763633896841913,0.7769363809719643,0.7724926168184816,0.7918631600743846
0.7844630314715513,0.7910183341271324,0.760736445791958,0.8440072769104083,0.7686409347861616,0.7734643532782144,0.7676325638513335,0.8443080814793299,0.7808966409722785,1.0,0.7785333430027016,0.8297691255293299,0.7748795338306188,0.8390540895458141,0.8356281659137464,0.7758487640267523,0.7563285752770252,0.7807034620916277,0.7325912774001891,0.771734723784069,0.7801894831331941,0.7647902658629073,0.7782683868354441,0.7687453565414825,0.7612679560637508,0.7392811337722319,0.7806830932348328,0.8467858268457712,0.7970758695265893,0.7833808729496317,0.8398257208526931,0.7675783754872753,0.04388128971567029,0.7695064684424138,0.7628149658598271,0.8191695058332947,0.7640558064400189,0.7765967703383714,0.7959432868074361,0.7853537343511028,0.8487373193324966,0.776461286148866,0.775626646753268,0.8506029264178802,0.8451643697864004,0.7765304761076789,0.7820435233173226,0.7822004246740288,0.8361637177376618,0.788467481965619
0.7825574720468582,0.8134296865228438,0.7664362563875048,0.7631184172113445,0.8132976480408657,0.80360592300233,0.781582355148766,0.769565407064172,0.7747043610729494,0.7785333430027016,1.0,0.7679637045592683,0.8403316978103361,0.7650942901762001,0.757485309975921,0.7865681674921448,0.7787568056777304,0.822717934654329,0.7842605614006951,0.7868268334329986,0.8203776894451067,0.8228126035716046,0.8265097208558583,0.7949491730120114,0.7850909565909918,0.7629507746816102,0.8291754221302299,0.7714411162695196,0.7786657771126775,0.7850401008045592,0.7537402354476302,0.8144600406790885,0.050526084368801016,0.8194380630136953,0.7961720139799485,0.7688617087045816,0.7772607184344369,0.8220260177570083,0.7461921377450347,0.8402842743626265,0.7597245443453845,0.810260277076304,0.8316223216787642,0.7743329312606483,0.7668723218227269,0.7681264432372165,0.8090834740189394,0.8090949170408656,0.7704313262244497,0.7813570120893587
0.7788924548598434,0.7793190434483006,0.7518514839072447,0.8390673288688201,0.7539214127708305,0.7682388950497877,0.7588341657632831,0.8291338149034714,0.7640841966236562,0.8297691255293299,0.7679637045592683,1.0,0.7583901022876194,0.8345285508326388,0.8564028560484922,0.7634997978579606,0.7492431901653246,0.7661771610287216,0.7273660219867362,0.7598580681042286,0.7700348505969744,0.7553280361807279,0.7695205694167259,0.758288873614338,0.7515090855428986,0.7249510150351824,0.7671805011979098,0.8334733468801625,0.789843152352375,0.7722776729327584,0.8121202290677334,0.7597452282801245,0.047909027329000375,0.7637418018838671,0.7562924661013034,0.8118031027871218,0.7537646475940243,0.7652522584638335,0.7956810019716438,0.7758940100923915,0.8278281644535125,0.7640110971816299,0.7661487561026357,0.836615955708902,0.8346690762674206,0.7786160288096616,0.7752225721163915,0.7758104146020004,0.8203943398661748,0.7850315361018774
0.7778090786493743,0.8034455191562414,0.763694451674216,0.7587835354694423,0.80175387626486,0.7949407270406221,0.7814348419170006,0.7709167213038314,0.7748153236820909,0.7748795338306188,0.8403316978103361,0.7583901022876194,1.0,0.758093181606585,0.7541918663715428,0.7887619612939357,0.7727175307075014,0.828082391079505,0.8270049517201528,0.7846480055748242,0.8222142473611078,0.8582023133398464,0.8431350618316473,0.784327525703249,0.7744804924082367,0.755929668137846,0.8432525150269177,0.763430607251364,0.7747328591985053,0.782945311402692,0.7557913656612737,0.8255700105372837,0.04247225691522294,0.8405410844417252,0.7870490720994424,0.7626790582609537,0.7781006339350325,0.829977589361928,0.7439309547182774,0.8486712112954065,0.7587122521595403,0.7962811777269616,0.8338412338834903,0.7668256644102595,0.760154446583992,0.7628179011952145,0.799175693518931,0.7996264116632248,0.766829026444303,0.7826526376657384
0.7691829928773836,0.7758048558488321,0.7444971447744746,0.8554015665641561,0.7580213720923865,0.7638510903724345,0.7598242531429242,0.8341741095896442,0.7678264389540167,0.8390540895458141,0.7650942901762001,0.8345285508326388,0.758093181606585,1.0,0.8581818760718707,0.7651913068173386,0.7429398225548582,0.7716215158502756,0.727688586674533,0.7631948998863596,0.7687762390853452,0.7595233641370259,0.7737607441886813,0.7548329547450934,0.7523935868892179,0.723636846528892,0.7661639978097402,0.847044180099128,0.782891933475659,0.7690151224236567,0.8301755115368175,0.7610371294099973,0.045470024515240626,0.7611227272570451,0.7519462150427113,0.804456505084352,0.7570711565477983,0.7658541220562376,0.7874302279169432,0.7701813202066982,0.8403751629090972,0.7615956153980616,0.7639150361579968,0.8505730253881454,0.8384431594287938,0.7730138766290328,0.7683932212260602,0.769424607769412,0.8196831211812388,0.7795412928220281
0.7664868759658272,0.7711761917545777,0.744889894421428,0.8615464658948221,0.752966481536437,0.7624137643092034,0.7545539517680705,0.8304503081648706,0.766236390081259,0.8356281659137464,0.757485309975921,0.8564028560484922,0.7541918663715428,0.8581818760718707,1.0,0.7617675895737253,0.741522098249464,0.765301681593443,0.7198019022230424,0.7568150323554791,0.7641930386962414,0.7522164874556794,0.7673947823843039,0.7508329660173492,0.7498883244814223,0.7207118029901332,0.7617337434509325,0.8348720236263742,0.7805516021722193,0.7629125448494333,0.8339810323101025,0.756926742635591,0.04580554205535825,0.7580025440243703,0.7504083271974478,0.808018686739379,0.7506619312379805,0.7611637815028751,0.7889097207096328,0.7678083826900481,0.8439632333412015,0.7580632151055609,0.7632864250882567,0.8373793057133435,0.8258409871204845,0.777173956915429,0.7711508660124125,0.7721021254681791,0.8222055307787638,0.7826859806605081
0.7862009914393879,0.7986130283614749,0.760803982394038,0.7685096704389186,0.7824962194141449,0.7970718500580504,0.9154905587008669,0.7750208252762286,0.7872841455963335,0.7758487640267523,0.7865681674921448,0.7634997978579606,0.7887619612939357,0.7651913068173386,0.7617675895737253,1.0,0.7702363138598736,0.8071517301065185,0.7518956269763052,0.9190410151462437,0.7995019988551619,0.7894725585143851,0.8076765908441199,0.7838192743425567,0.7803135881843672,0.7550742816814858,0.793764240842014,0.7683158313228637,0.7875172615637999,0.79105106418228,0.7625039645929736,0.78688388684901,0.04633782015564103,0.790694673501558,0.7815704255928808,0.7718893583151636,0.9055363535412564,0.78602523771194,0.7448023724723591,0.793514215582746,0.7629719233435965,0.7907000854399607,0.7935262572701974,0.7739754907253084,0.7683800770179201,0.7661101408746989,0.7859895387932029,0.785955040089824,0.7687617242557524,0.7859257283131078
0.771721764686372,0.7985462070974012,0.7362975856804757,0.7477691045537411,0.7745812935546532,0.7979097036428131,0.7665158450953558,0.7534801451802419,0.7592464042797505,0.7563285752770252,0.7787568056777304,0.7492431901653246,0.7727175307075014,0.7429398225548582,0.741522098249464,0.7702363138598736,1.0,0.7783576015144279,0.734152356631951,0.7685502658168939,0.7776072934133862,0.7657710311060136,0.7823490604978153,0.8087945589922115,0.8109476501898787,0.8011463710972089,0.7790838053951152,0.751081164057185,0.7647936186509059,0.7682477512431533,0.7414213940629847,0.8003985383522799,0.04408611979366228,0.7775581821901854,0.7926200003176433,0.7481327241215223,0.7624108313076852,0.7678636292638478,0.7353176699338371,0.7837485452812658,0.7484263330812617,0.7875885381594653,0.7845700892498296,0.7567018554888032,0.754203996244968,0.749972130210083,0.7965637945222789,0.7965493985945009,0.7483691921320061,0.7623059062169085
0.7831593436949773,0.807822127098074,0.7645468819999072,0.7739625070052718,0.7984392393238913,0.8102789652748277,0.8088488800717155,0.7798746508187266,0.7804633496571497,0.7807034620916277,0.822717934654329,0.7661771610287216,0.828082391079505,0.7716215158502756,0.765301681593443,0.8071517301065185,0.7783576015144279,1.0,0.7935968242043064,0.8126355944685871,0.8473822173943798,0.8288120436698019,0.84776862886584,0.7851313558316768,0.7845050427886248,0.7588393701931482,0.8407361952943783,0.7731884395789161,0.778699023061339,0.782644811278298,0.7644582290302968,0.8145224968246398,0.04507507922594278,0.8299915236806679,0.7998075454919286,0.7771855843258034,0.802325877093251,0.8215920720805407,0.7553127023748207,0.8326606498940232,0.7666593385136825,0.8112599944534236,0.8309916979723208,0.7782069601388645,0.770966554531198,0.7666074771346503,0.8076183382674548,0.8084837135816595,0.7709946178449779,0.7847783239295065
0.7403215826370718,0.7570014495825332,0.7246609302714219,0.7269341217893206,0.7504941493065507,0.7558034228830366,0.7526222885069696,0.7385914934383069,0.7351194277925175,0.7325912774001891,0.7842605614006951,0.7273660219867362,0.8270049517201528,0.727688586674533,0.7198019022230424,0.7518956269763052,0.734152356631951,0.7935968242043064,1.0,0.7533729617518592,0.7817433828468712,0.8320589572270679,0.7919572773667799,0.7408109821926223,0.7357796996246994,0.7202471266812878,0.7885576158170936,0.731897330348053,0.7298035418363198,0.7407633930444472,0.7228200498470156,0.7898905515188126,0.041501535263918754,0.7854630419303975,0.749168800562811,0.7262041532589244,0.748915784779598,0.7794522286369814,0.7168657721385903,0.7897933855063144,0.7273341892918019,0.758567308681483,0.7787918634884766,0.7367732795354672,0.73014394371782,0.729440404764537,0.7559478680618824,0.7575378519891677,0.729683446407384,0.7391738092109827
0.7877791902135296,0.7992337833203966,0.7635844146582628,0.7670533277447549,0.7732942497695654,0.799039643445267,0.9478155321121247,0.774604212804626,0.7851764882807635,0.771734723784069,0.7868268334329986,0.7598580681042286,0.7846480055748242,0.7631948998863596,0.7568150323554791,0.9190410151462437,0.7685502658168939,0.8126355944685871,0.7533729617518592,1.0,0.8060450515407014,0.7889503663810533,0.8112170317241125,0.7810683039221697,0.7794301280767263,0.752389965476493,0.7992812408062863,0.769108812251448,0.7852497782878144,0.7871192509307519,0.7579386670205714,0.7862384520657121,0.04607337203432382,0.7926041264693575,0.7826446109911804,0.7727095117126719,0.9235692217610012,0.78675574159383,0.7483097694358285,0.7949637959219816,0.7586893877499605,0.7910772924910869,0.7974554297507817,0.7746710554614,0.7682421450699912,0.7704321476691647,0.7861544091898844,0.7860233511230381,0.7690253693951152,0.7882773029615127
0.7817805660793723,0.8065183338950357,0.7630454712114264,0.7756200201940674,0.7971699704882682,0.8053000724408657,0.8037155131076811,0.7799559343795377,0.7779966087584114,0.7801894831331941,0.8203776894451067,0.7700348505969744,0.8222142473611078,0.7687762390853452,0.7641930386962414,0.7995019988551619,0.7776072934133862,0.8473822173943798,0.7817433828468712,0.8060450515407014,1.0,0.8244085439857265,0.8517834133085247,0.7848062898396035,0.7814816357634238,0.7589070902451962,0.8393107934584646,0.7759850183791143,0.7785177184263079,0.7829528971117492,0.7630163576953152,0.8204151068284411,0.044723782473996665,0.8294545640920616,0.7945509357653571,0.7824539370138879,0.797960986602257,0.8229774084418704,0.7592768516370807,0.8365274151284817,0.7701952633730629,0.7993158374907181,0.8281809257682933,0.7812598709491857,0.7761796526991389,0.7744852872821624,0.8089645930623834,0.809501556950281,0.774156794488803,0.7865308219353639
0.7678904077552092,0.7911098764264777,0.7525566225898385,0.7584182132674395,0.7778819314289308,0.7845305193963412,0.788329237769699,0.7650904658273056,0.7688733549003455,0.7647902658629073,0.8228126035716046,0.7553280361807279,0.8582023133398464,0.7595233641370259,0.7522164874556794,0.7894725585143851,0.7657710311060136,0.8288120436698019,0.8320589572270679,0.7889503663810533,0.8244085439857265,1.0,0.8778324275395996,0.7699921968506547,0.768140491333043,0.7483169941506418,0.8271667812430726,0.7647318155019218,0.7647739402842741,0.7723467644878709,0.7523196597440074,0.822138817560709,0.04393374485242907,0.8579745363416933,0.775193300216973,0.7613345975418712,0.783734032932329,0.819162895541358,0.7441313653330633,0.8304792386390217,0.753555360389027,0.7872572758671003,0.8225600073388464,0.7678266330065278,0.7584119598151222,0.7605849633993244,0.7878493613997262,0.7884714233984164,0.7621172872262505,0.7743019448784706
0.7903400820575222,0.8136558361227424,0.7715248881004068,0.7753121845185711,0.7999115708948831,0.8079133716904798,0.8107407472625714,0.7806527657902044,0.7870633270377848,0.7782683868354441,0.8265097208558583,0.7695205694167259,0.8431350618316473,0.7737607441886813,0.7673947823843039,0.8076765908441199,0.7823490604978153,0.84776862886584,0.7919572773667799,0.8112170317241125,0.8517834133085247,0.8778324275395996,1.0,0.7877263420610061,0.7866670583532864,0.7598079223692626,0.8466335521871077,0.7771014618659959,0.7838856841867377,0.785275857826061,0.7671310282647181,0.8275677808819804,0.04229465047014924,0.869637478934683,0.7971404743852608,0.7802535727615451,0.804778083162482,0.8304275410754711,0.7618544789962064,0.8429242803726036,0.7693924000909704,0.8057188999206368,0.8396391366191819,0.7826580590553692,0.7755448436791217,0.7754054467970635,0.8086692371096192,0.8097845779962964,0.7744142841694577,0.7903803609351876
0.7623925679364356,0.8242925073960226,0.7448141040899163,0.7570676154032295,0.7849793914510278,0.8201634342800803,0.7788643266747804,0.7638566337351977,0.7662605798349165,0.7687453565414825,0.7949491730120114,0.758288873614338,0.784327525703249,0.7548329547450934,0.7508329660173492,0.7838192743425567,0.8087945589922115,0.7851313558316768,0.7408109821926223,0.7810683039221697,0.7848062898396035,0.7699921968506547,0.7877263420610061,1.0,0.81648200723073,0.7680723279674131,0.7890682818190314,0.7597302935664432,0.7741855039469543,0.7746095630333996,0.748389920094343,0.7879239245344107,0.04734715400861711,0.7833253868796064,0.8228056398724006,0.7599368860417446,0.7742413389150986,0.7819023717397828,0.7325144720771564,0.7916761543965968,0.7595753132312482,0.8093719676502295,0.785166385104917,0.7665934743860414,0.764327483503073,0.7511173351951421,0.8058267023733655,0.8045482598770752,0.756618417574387,0.7683855832101989
0.7672283819080188,0.8247533068933391,0.7444306468071944,0.7551514274787043,0.7825045191705733,0.8261472959666365,0.7735104126622149,0.7531182795568856,0.7607053762738321,0.7612679560637508,0.7850909565909918,0.7515090855428986,0.7744804924082367,0.7523935868892179,0.7498883244814223,0.7803135881843672,0.8109476501898787,0.7845050427886248,0.7357796996246994,0.7794301280767263,0.7814816357634238,0.768140491333043,0.7866670583532864,0.81648200723073,1.0,0.788767909714651,0.7833806655525899,0.7518265948024992,0.7662613110849599,0.7621604974019968,0.7480054850784499,0.8103996620615797,0.045054137950926165,0.7791735206410493,0.8101926822496038,0.7478961468491989,0.7732674155174527,0.7787383512469848,0.7304650112547011,0.7870507730801446,0.752765021947222,0.798921609533161,0.7945364390267978,0.7631401331857319,0.7571791487519944,0.7563447877999667,0.8010087009716965,0.7989591969926448,0.7551620740553464,0.7674132711605961
0.7402675384484073,0.7731850703959869,0.7105207311822029,0.7303234031627202,0.755326289291231,0.7681791879496662,0.7484798515484626,0.730427444390005,0.7277121565013217,0.7392811337722319,0.7629507746816102,0.7249510150351824,0.755929668137846,0.723636846528892,0.7207118029901332,0.7550742816814858,0.8011463710972089,0.7588393701931482,0.7202471266812878,0.752389965476493,0.7589070902451962,0.7483169941506418,0.7598079223692626,0.7680723279674131,0.788767909714651,1.0,0.7629129960578402,0.729565824317365,0.7387586959676702,0.7401105512898141,0.719574324432956,0.7709073539318674,0.04384106126988874,0.7537472122686066,0.7710350710008024,0.7313412840189483,0.7463986313366338,0.7473008484951158,0.7124751038313597,0.7682944502885982,0.726263272943698,0.7704080770243245,0.7679156457606365,0.7355068476526361,0.731517510273424,0.7270663373358917,0.7675937266713944,0.7672424147106627,0.7301653742272125,0.744206463521209
0.7803894361181011,0.8122590716457361,0.7674916096695377,0.7686040879841182,0.797864082871838,0.7997748645401133,0.7944470926898237,0.7796598907879432,0.7810634237947612,0.7806830932348328,0.8291754221302299,0.7671805011979098,0.8432525150269177,0.7661639978097402,0.7617337434509325,0.793764240842014,0.7790838053951152,0.8407361952943783,0.7885576158170936,0.7992812408062863,0.8393107934584646,0.8271667812430726,0.8466335521871077,0.7890682818190314,0.7833806655525899,0.7629129960578402,1.0,0.7735039901017363,0.7850376242115233,0.7810424051264593,0.7611809062001142,0.8247851612662128,0.043928557708492466,0.8317486448795427,0.7912840684421935,0.7716625038470049,0.7891520932274158,0.8517131351419763,0.7510379079425766,0.8496119518310647,0.767661772048731,0.8038382352524803,0.8572520792271329,0.7794532907717725,0.7720796289576239,0.775635299165601,0.8027813147348621,0.8039078282737889,0.7721686428109199,0.7904455740118541
0.778623711324285,0.786831195282031,0.754773324976529,0.8478061364525726,0.7554245111947012,0.7693787238232804,0.7654343202669323,0.891964805912816,0.7704970065225905,0.8467858268457712,0.7714411162695196,0.8334733468801625,0.763430607251364,0.847044180099128,0.8348720236263742,0.7683158313228637,0.751081164057185,0.7731884395789161,0.731897330348053,0.769108812251448,0.7759850183791143,0.7647318155019218,0.7771014618659959,0.7597302935664432,0.7518265948024992,0.729565824317365,0.7735039901017363,1.0,0.7896490193882827,0.7712208425404575,0.8226532238170225,0.763771877803191,0.044948650648258925,0.7661166382699273,0.7563152089142134,0.8146993851948778,0.7597892259255272,0.7731859696762878,0.7979594202044389,0.7773365422547724,0.8324558221769872,0.7700989152781706,0.7699411795477527,0.9304609268884529,0.9104693649319286,0.7834403811306019,0.7768046120615072,0.7780430707051551,0.8342037578621817,0.7877159860316343
0.7948068006419302,0.7936517562119789,0.7680122281306845,0.7831126331520715,0.7673510630010045,0.7842261164674968,0.7840305270611865,0.7922669621666886,0.7858797565858471,0.7970758695265893,0.7786657771126775,0.789843152352375,0.7747328591985053,0.782891933475659,0.7805516021722193,0.7875172615637999,0.7647936186509059,0.778699023061339,0.7298035418363198,0.7852497782878144,0.7785177184263079,0.7647739402842741,0.7838856841867377,0.7741855039469543,0.7662613110849599,0.7387586959676702,0.7850376242115233,0.7896490193882827,1.0,0.7906530515242073,0.7798693280881062,0.772705531567789,0.04410167514888219,0.7727666303616628,0.7679389943959686,0.7868955871597803,0.7802886449114441,0.780786511263367,0.7639483470625509,0.7815496833907885,0.7833253304416419,0.772509602293774,0.7796884893154444,0.7905062128488853,0.7830461670171245,0.8035970334228916,0.7839397650769049,0.7834680200540648,0.787123641299311,0.856949297866432
0.8123934405493931,0.790761191212604,0.7686713424837616,0.7703140446146712,0.7715766626664131,0.7842889334480414,0.78503911545837,0.7728976503991993,0.8209554021513988,0.7833808729496317,0.7850401008045592,0.7722776729327584,0.782945311402692,0.7690151224236567,0.7629125448494333,0.79105106418228,0.7682477512431533,0.782644811278298,0.7407633930444472,0.7871192509307519,0.7829528971117492,0.7723467644878709,0.785275857826061,0.7746095630333996,0.7621604974019968,0.7401105512898141,0.7810424051264593,0.7712208425404575,0.7906530515242073,1.0,0.7625483768295986,0.7728529726723627,0.04409675467245855,0.7764961803766817,0.7746483396377031,0.7748473708161904,0.7798900405886159,0.7809516180909944,0.7517819799092902,0.7913718493290041,0.7702898491002872,0.7795161600469882,0.7869831319899645,0.7763626647894768,0.7697002544434184,0.7816544333252214,0.7881356432515627,0.7881462181795587,0.7780598366244662,0.7969785809177525
0.7616980188293688,0.7701670719190138,0.7392403438222146,0.8317129542025421,0.753140599926072,0.7608277692595616,0.7544314717904443,0.8240003121281841,0.7629012274251866,0.8398257208526931,0.7537402354476302,0.8121202290677334,0.7557913656612737,0.8301755115368175,0.8339810323101025,0.7625039645929736,0.7414213940629847,0.7644582290302968,0.7228200498470156,0.7579386670205714,0.7630163576953152,0.7523196597440074,0.7671310282647181,0.748389920094343,0.7480054850784499,0.719574324432956,0.7611809062001142,0.8226532238170225,0.7798693280881062,0.7625483768295986,1.0,0.75617526895247,0.04219297838717917,0.7589552268590516,0.7464940450442853,0.7992349165417344,0.752119431974476,0.7601437117134371,0.7788937209428656,0.7651422512361994,0.8636096352690383,0.7552990420339664,0.7603560465002153,0.8292918084784342,0.8203719763900887,0.7633657789147975,0.7677492555855214,0.7679667728701163,0.8095516931320208,0.7753582848953187
0.782388371432809,0.8054658521331839,0.760321770992529,0.7643411338229251,0.7989420187195462,0.8051532283040249,0.7832840136561093,0.7671202134073715,0.7761425399498463,0.7675783754872753,0.8144600406790885,0.7597452282801245,0.8255700105372837,0.7610371294099973,0.756926742635591,0.78688388684901,0.8003985383522799,0.8145224968246398,0.7898905515188126,0.7862384520657121,0.8204151068284411,0.822138817560709,0.8275677808819804,0.7879239245344107,0.8103996620615797,0.7709073539318674,0.8247851612662128,0.763771877803191,0.772705531567789,0.7728529726723627,0.75617526895247,1.0,0.045290466208790736,0.8172806395237211,0.7829651830406218,0.7595213208331572,0.779329940474332,0.8159294513217685,0.7516304713641772,0.8248176188381061,0.7561639881597024,0.7987313256800007,0.8311571317902589,0.7696876116794991,0.7648725049476669,0.7633593483348174,0.800065156106269,0.7998999334111072,0.7592796499006754,0.7733576493174046
0.0444523002181505,0.04665070187150944,0.043005971460298276,0.044884855645635824,0.044203056588842715,0.045671300894902234,0.04544936936094324,0.0413448459168716,0.04279832465634259,0.04388128971567029,0.050526084368801016,0.047909027329000375,0.04247225691522294,0.045470024515240626,0.04580554205535825,0.04633782015564103,0.04408611979366228,0.04507507922594278,0.041501535263918754,0.04607337203432382,0.044723782473996665,0.04393374485242907,0.04229465047014924,0.04734715400861711,0.045054137950926165,0.04384106126988874,0.043928557708492466,0.044948650648258925,0.04410167514888219,0.04409675467245855,0.04219297838717917,0.045290466208790736,1.0,0.042901177923636125,0.04215341330376521,0.03964759048784461,0.04536227196454223,0.04502107833992397,0.045655532188419556,0.04307101741451003,0.05721239785353738,0.051697859985514794,0.04649618917526366,0.04567567280236706,0.050080017227647655,0.04516790560608197,0.049073025250154,0.04860936844361918,0.04629836681256472,0.042468227842610395
0.7765499388414063,0.7996503701002065,0.7586119087496718,0.7655006427690315,0.791635153643559,0.804066798505344,0.7935339866819585,0.76960484923839,0.7735226621987131,0.7695064684424138,0.8194380630136953,0.7637418018838671,0.8405410844417252,0.7611227272570451,0.7580025440243703,0.790694673501558,0.7775581821901854,0.8299915236806679,0.7854630419303975,0.7926041264693575,0.8294545640920616,0.8579745363416933,0.869637478934683,0.7833253868796064,0.7791735206410493,0.7537472122686066,0.8317486448795427,0.7661166382699273,0.7727666303616628,0.7764961803766817,0.7589552268590516,0.8172806395237211,0.042901177923636125,1.0,0.7875927127825058,0.7772874800854356,0.7851473223709717,0.8246400427030472,0.7623911254257566,0.840923589577762,0.7607765538852748,0.8019418051258522,0.8361536744575507,0.770053116602676,0.7639584526558812,0.7643933310734599,0.798875576596806,0.7993582081877777,0.7684743528604749,0.7777023842781733
0.7643418071732261,0.8277534118369105,0.74375881807399,0.7543604865960959,0.7727616529825181,0.8344096001068759,0.7795765602235778,0.7606421057981203,0.766917487540722,0.7628149658598271,0.7961720139799485,0.7562924661013034,0.7870490720994424,0.7519462150427113,0.7504083271974478,0.7815704255928808,0.7926200003176433,0.7998075454919286,0.749168800562811,0.7826446109911804,0.7945509357653571,0.775193300216973,0.7971404743852608,0.8228056398724006,0.8101926822496038,0.7710350710008024,0.7912840684421935,0.7563152089142134,0.7679389943959686,0.7746483396377031,0.7464940450442853,0.7829651830406218,0.04215341330376521,0.7875927127825058,1.0,0.7547600300877331,0.7729137020715147,0.7841933755957898,0.7365751612003743,0.7955537669504498,0.7559136615922204,0.8135713459763875,0.7982654203968023,0.7601281593581656,0.7560969694183028,0.7567931265868653,0.8100086862870837,0.8096072657494632,0.7553462169170968,0.7692056374068308
0.7739147880052852,0.7770979525609234,0.7521074246333592,0.8100711200293502,0.7496359861115411,0.7704729840645597,0.7703309378618737,0.8144643384558523,0.7688770836122857,0.8191695058332947,0.7688617087045816,0.8118031027871218,0.7626790582609537,0.804456505084352,0.808018686739379,0.7718893583151636,0.7481327241215223,0.7771855843258034,0.7262041532589244,0.7727095117126719,0.7824539370138879,0.7613345975418712,0.7802535727615451,0.7599368860417446,0.7478961468491989,0.7313412840189483,0.7716625038470049,0.8146993851948778,0.7868955871597803,0.7748473708161904,0.7992349165417344,0.7595213208331572,0.03964759048784461,0.7772874800854356,0.7547600300877331,1.0,0.7649711991461094,0.769254502707989,0.8024566253337155,0.773125070606687,0.8112823536791298,0.7677751579048826,0.7726732952066085,0.8164276343649082,0.8135249814243082,0.7777376984297616,0.7698296104894757,0.7702068400206038,0.8160067318424182,0.7888480963228582
0.7795150959486534,0.7863540273237298,0.7536674979141149,0.7607776023191664,0.7661329929866645,0.7891883820908214,0.9266081143046913,0.7668214205243344,0.7782990859513188,0.7640558064400189,0.7772607184344369,0.7537646475940243,0.7781006339350325,0.7570711565477983,0.7506619312379805,0.9055363535412564,0.7624108313076852,0.802325877093251,0.748915784779598,0.9235692217610012,0.797960986602257,0.783734032932329,0.804778083162482,0.7742413389150986,0.7732674155174527,0.7463986313366338,0.7891520932274158,0.7597892259255272,0.7802886449114441,0.7798900405886159,0.752119431974476,0.779329940474332,0.04536227196454223,0.7851473223709717,0.7729137020715147,0.7649711991461094,1.0,0.7787404930485993,0.7439188109552806,0.7849701462106017,0.7522517438134,0.7856624855892417,0.7888315180684411,0.7657768333107744,0.7594119512997195,0.7612764284821951,0.7778016883669461,0.7776621400835928,0.7608387355943695,0.7785927133641606
0.7808389141706451,0.8139365698457853,0.766446771367384,0.7631411434129031,0.8129547922023435,0.804586372293688,0.7822665583174775,0.7755479750696221,0.7739847975467616,0.7765967703383714,0.8220260177570083,0.7652522584638335,0.829977589361928,0.7658541220562376,0.7611637815028751,0.78602523771194,0.7678636292638478,0.8215920720805407,0.7794522286369814,0.78675574159383,0.8229774084418704,0.819162895541358,0.8304275410754711,0.7819023717397828,0.7787383512469848,0.7473008484951158,0.8517131351419763,0.7731859696762878,0.780786511263367,0.7809516180909944,0.7601437117134371,0.8159294513217685,0.04502107833992397,0.8246400427030472,0.7841933755957898,0.769254502707989,0.7787404930485993,1.0,0.7568012297016942,0.8391879397009189,0.7668888763657262,0.801622266595799,0.8544077518698252,0.7777190498270155,0.7730603315811341,0.7782472638189701,0.8137581118707002,0.8141218230699772,0.7772507479535848,0.7887600740192435
0.7631800541881686,0.7573529152323722,0.728919200447148,0.7909278878500607,0.7461164839169938,0.758061827777624,0.7496570938344556,0.7984383789115983,0.7483422420527075,0.7959432868074361,0.7461921377450347,0.7956810019716438,0.7439309547182774,0.7874302279169432,0.7889097207096328,0.7448023724723591,0.7353176699338371,0.7553127023748207,0.7168657721385903,0.7483097694358285,0.7592768516370807,0.7441313653330633,0.7618544789962064,0.7325144720771564,0.7304650112547011,0.7124751038313597,0.7510379079425766,0.7979594202044389,0.7639483470625509,0.7517819799092902,0.7788937209428656,0.7516304713641772,0.045655532188419556,0.7623911254257566,0.7365751612003743,0.8024566253337155,0.7439188109552806,0.7568012297016942,1.0,0.7535295644841555,0.7897641280179653,0.7517559934569374,0.755743021656119,0.799585108190686,0.8011341307273104,0.7534955012556744,0.7533098757589785,0.7540234079010251,0.7950880582525689,0.7604367305683812
