../ecoli_genomes/GCF_000163235.1_ASM16323v1_genomic.fna.gz,../ecoli_genomes/GCF_000164555.1_ASM16455v1_genomic.fna.gz,../ecoli_genomes/GCF_000208545.1_ASM20854v2_genomic.fna.gz,../ecoli_genomes/GCF_000233875.1_ASM23387v1_genomic.fna.gz,../ecoli_genomes/GCF_000249735.1_ASM24973v2_genomic.fna.gz,../ecoli_genomes/GCF_000261145.1_Esch_coli_M919_V2_genomic.fna.gz,../ecoli_genomes/GCF_000267705.2_ASM26770v2_genomic.fna.gz,../ecoli_genomes/GCF_000350665.1_Esch_coli_KTE5_V1_genomic.fna.gz,../ecoli_genomes/GCF_000351625.1_Esch_coli_KTE66_V1_genomic.fna.gz,../ecoli_genomes/GCF_000352285.1_Esch_coli_KTE46_V1_genomic.fna.gz,../ecoli_genomes/GCF_000358895.1_ASM35889v1_genomic.fna.gz,../ecoli_genomes/GCF_000456385.1_Esch_coli_HVH_26_4-5703913_V1_genomic.fna.gz,../ecoli_genomes/GCF_000458195.1_Esch_coli_HVH_147_4-5893887_V1_genomic.fna.gz,../ecoli_genomes/GCF_000459755.1_Esch_coli_KOEGE_58_171a_V1_genomic.fna.gz,../ecoli_genomes/GCF_000460055.1_Esch_coli_UMEA_3053-1_V1_genomic.fna.gz,../ecoli_genomes/GCF_000462165.2_ASM46216v2_genomic.fna.gz,../ecoli_genomes/GCF_000601135.1_ASM60113v1_genomic.fna.gz,../ecoli_genomes/GCF_000614595.1_Ec2010EL1058_genomic.fna.gz,../ecoli_genomes/GCF_000617745.1_Ec2010C-4529_genomic.fna.gz,../ecoli_genomes/GCF_000618265.2_EcF6751_genomic.fna.gz,../ecoli_genomes/GCF_000619005.2_Ec2009C-4052_genomic.fna.gz,../ecoli_genomes/GCF_000619105.1_Ec2009C-4780_genomic.fna.gz,../ecoli_genomes/GCF_000619765.2_Ec2009C-3279_genomic.fna.gz,../ecoli_genomes/GCF_000687005.1_ASM68700v1_genomic.fna.gz,../ecoli_genomes/GCF_000687025.1_ASM68702v1_genomic.fna.gz,../ecoli_genomes/GCF_000700125.1_ASM70012v1_genomic.fna.gz,../ecoli_genomes/GCF_000753315.1_FHI35_genomic.fna.gz,../ecoli_genomes/GCF_000776375.1_ASM77637v1_genomic.fna.gz,../ecoli_genomes/GCF_000779395.1_ASM77939v1_genomic.fna.gz,../ecoli_genomes/GCF_000780315.1_ASM78031v1_genomic.fna.gz,../ecoli_genomes/GCF_000781995.1_ASM78199v1_genomic.fna.gz,../ecoli_genomes/GCF_000986765.1_ASM98676v1_genomic.fna.gz,../ecoli_genomes/GCF_001041375.1_ViralProj287958_genomic.fna.gz,../ecoli_genomes/GCF_001265335.1_302014_genomic.fna.gz,../ecoli_genomes/GCF_001265625.1_100854_genomic.fna.gz,../ecoli_genomes/GCF_001267345.1_303289_genomic.fna.gz,../ecoli_genomes/GCF_001309985.1_ASM130998v1_genomic.fna.gz,../ecoli_genomes/GCF_001521695.1_ASM152169v1_genomic.fna.gz,../ecoli_genomes/GCF_001592595.1_ASM159259v1_genomic.fna.gz,../ecoli_genomes/GCF_001614975.1_ASM161497v1_genomic.fna.gz,../ecoli_genomes/GCF_001692775.1_ASM169277v1_genomic.fna.gz,../ecoli_genomes/GCF_001748915.1_ASM174891v1_genomic.fna.gz,../ecoli_genomes/GCF_001749235.1_ASM174923v1_genomic.fna.gz,../ecoli_genomes/GCF_001881155.1_ASM188115v1_genomic.fna.gz,../ecoli_genomes/GCF_001881345.1_ASM188134v1_genomic.fna.gz,../ecoli_genomes/GCF_001892405.1_ASM189240v1_genomic.fna.gz,../ecoli_genomes/GCF_001892585.1_ASM189258v1_genomic.fna.gz,../ecoli_genomes/GCF_001893985.1_ASM189398v1_genomic.fna.gz,../ecoli_genomes/GCF_002001595.1_ASM200159v1_genomic.fna.gz,../ecoli_genomes/GCF_002002145.1_ASM200214v1_genomic.fna.gz
1.0,0.37590354377330715,0.30477833019771694,0.33350145935289743,0.32892598218063007,0.36636335212071025,0.35567752004357045,0.3411877307660084,0.4407253461579943,0.33785622982255226,0.3738865321547068,0.34849463976823636,0.3673925131728901,0.3245077838675431,0.324443917507531,0.355943252097226,0.32354846365779977,0.35896569240891874,0.33120841749637786,0.3600830634524025,0.3501039824229849,0.3475932645828753,0.3652958694601808,0.3359602756567305,0.34382862059095276,0.2736354039891562,0.3596373048688083,0.33423784441571525,0.38681383016875903,0.4336242285222208,0.30968780174801513,0.3583101959692677,0.0,0.35946783183382747,0.35704861799159937,0.31088144467181256,0.3461973950519085,0.3587648330035107,0.2537153624945587,0.3650825754515973,0.3112888523744438,0.36140943992367813,0.3674854666270796,0.3374851101283046,0.3404687792910749,0.36473675321115595,0.35900596573028987,0.3597788671132518,0.3245908394357372,0.39517786944357747
0.37590354377330715,1.0,0.29216071347680994,0.32841669675423435,0.41264854105176074,0.5738875908177057,0.39660701182505176,0.3409303336508953,0.36151892226993554,0.3421561366350595,0.4710637636538293,0.34292842585208794,0.46260518375500936,0.3255213331045783,0.3186915925582774,0.39699459771750556,0.46754549352870634,0.4635124326958888,0.4159404387482103,0.4053114556340308,0.4496033723465229,0.4413541150365695,0.4633798243873751,0.5310175267572476,0.5527110001092497,0.4039259487286464,0.46014686000275506,0.338345929011447,0.36534972770914675,0.3652901101055607,0.3146865161359029,0.44545711016845735,0.0,0.45011028479593806,0.5830827235699302,0.30830315658091867,0.38177872863620954,0.4578684857933961,0.21448203144610123,0.467995700402444,0.3137880582650864,0.5016393630951305,0.46270995967477435,0.34990308737144915,0.3440272325244401,0.34567090338649054,0.5130702945220172,0.5142690791973978,0.3417100375296739,0.3623657126873068
0.30477833019771694,0.29216071347680994,1.0,0.26191653575728424,0.24334281413906644,0.27629174486506813,0.2739100506835084,0.2717163372629591,0.30274060722114415,0.2676976793660355,0.2902496014828193,0.26591024741147995,0.28227111937649574,0.264155856431355,0.26171250440945315,0.27525671510369587,0.24861796001736236,0.28159482180484696,0.25343564299343413,0.2797863391026506,0.2770133558765048,0.27053522972925426,0.2819113320623685,0.2497578964137791,0.2602860225854964,0.2120824081646583,0.28318305432992874,0.27300996378401177,0.30109109893654273,0.3047098090395062,0.2522445894878421,0.272198906742107,0.0,0.27842046180404667,0.2720223499767891,0.25138513482097435,0.26351416140879436,0.2787423169338733,0.17647893785211588,0.28601105952782113,0.2538661325415502,0.2818965501360621,0.2913321814487265,0.2783724717846865,0.26713661121513443,0.2849417549196973,0.2883482139277149,0.2883562254145453,0.2776657561750826,0.30510749760321576
0.33350145935289743,0.32841669675423435,0.26191653575728424,1.0,0.3229316318982671,0.32367025939697336,0.30931786328025856,0.5356415525051051,0.33231067571860273,0.5618092096336208,0.3236358432219131,0.5352824803111159,0.33702449999730333,0.5732458496113061,0.5923997398183967,0.32503453197901044,0.2916122521375485,0.3163549758738575,0.29958270444905766,0.3149206599371194,0.3112513977198872,0.31178815260397386,0.329264342452656,0.2976268101370796,0.3054451548039696,0.2443012310152246,0.3147769760246798,0.5588479007940697,0.34983738686807164,0.3247152886303317,0.5288848147690138,0.33375023044669605,0.0,0.312657480741671,0.312625742772337,0.4323172909684613,0.3057388640388493,0.30363979185359535,0.3423545132437219,0.3114168992654107,0.5580026440798103,0.31215423148502086,0.31620776813179774,0.554083038963539,0.540887871266835,0.3402594515024753,0.31055366086439706,0.31406636266285903,0.4863257383976908,0.35921728212403636
0.32892598218063007,0.41264854105176074,0.24334281413906644,0.3229316318982671,1.0,0.43697265224194437,0.34436358781012166,0.30494961629100914,0.337468888570024,0.3184352934573227,0.49872408851636263,0.30007783607771854,0.4805111197007589,0.3046616076508628,0.3156723358746262,0.3730462458129611,0.4445823546799049,0.421838177239504,0.3965903855434607,0.35175970215158936,0.42796059713485535,0.4156022015127545,0.4338075806270245,0.4634751963369791,0.4303302822883516,0.3727583601468637,0.43160754841983373,0.2927659423971305,0.33510652326331225,0.33083875494640635,0.2900785272905454,0.4697455711079864,0.0,0.4339564084515267,0.41691807320423313,0.27473646027021126,0.3491132454742464,0.4596602571497965,0.21417976161097418,0.4477587251656533,0.3137391221460917,0.4151760547399779,0.44430238294199265,0.29145345245993803,0.2943566332959975,0.3061259155420688,0.43169223506379717,0.43525890974625037,0.2893865180603514,0.32314033682301235
0.36636335212071025,0.5738875908177057,0.27629174486506813,0.32367025939697336,0.43697265224194437,1.0,0.3984622746233428,0.3373580762432602,0.3574907609879926,0.3293456834616052,0.46859647558080886,0.32208249851136705,0.46746011480176974,0.32175198193147725,0.3232018531684899,0.39824117719100705,0.472238679438026,0.4636084605955042,0.42088945024175606,0.40471497895227204,0.4418930855635106,0.4418325171675451,0.46388740628918346,0.5368294465176238,0.5554739850917975,0.39456476383558825,0.4518240601816893,0.32475418724484273,0.3640807771831033,0.3526859031005043,0.30885183663985405,0.45334177502378514,0.0,0.46084504236261314,0.574687320729141,0.31171865824382283,0.390915334126155,0.44626131958066606,0.2303435061173823,0.46167652683553373,0.31403940250327844,0.5136977625671305,0.45901796824551455,0.32624258106807447,0.3211448964914805,0.3368798655777867,0.5111322447104854,0.5139811778992392,0.3228687403378576,0.3623376170297914
0.35567752004357045,0.39660701182505176,0.2739100506835084,0.30931786328025856,0.34436358781012166,0.3984622746233428,1.0,0.31639989536855895,0.35344449659696464,0.3077137650578744,0.40425572904671303,0.30777609502983194,0.39885871093790803,0.3050409484520731,0.3002569831380911,0.7539423368509099,0.35209944392277603,0.42924698893689994,0.39335324031629226,0.8419163376917116,0.4300671201605686,0.4066593535570514,0.43294765245429623,0.3622204415858976,0.3695208932176556,0.30026799718670383,0.403158765837493,0.3102628940787956,0.3449555701283642,0.3466071487207435,0.2921121553072038,0.3837006227892533,0.0,0.40655165067313337,0.403359478349802,0.31067052647905,0.7939671742681353,0.3741121819680633,0.2185748438686821,0.4026408879558969,0.2901306809290213,0.394581744430328,0.4018336685474736,0.3148648971239151,0.3114602869539025,0.3232962771433926,0.3882651852507275,0.3887490044037739,0.30286409758372546,0.34709153731980547
0.3411877307660084,0.3409303336508953,0.2717163372629591,0.5356415525051051,0.30494961629100914,0.3373580762432602,0.31639989536855895,1.0,0.3325457927924721,0.5386770905381961,0.3304623583556674,0.5215659121345808,0.339481191956183,0.5258530138295004,0.5175343540304899,0.3209917849713204,0.2947158401422799,0.32359981761389023,0.30705656811989845,0.3215389472310908,0.31578416845057633,0.31761597818475484,0.333769590855839,0.30539725611673485,0.3033616845692222,0.24913512653334313,0.3245375441234458,0.7088085521729939,0.3659889466340652,0.32929626213313246,0.5086662867383146,0.3231201090025748,0.0,0.32627001048107096,0.3213297300281638,0.4282772082505053,0.3049343429158662,0.3286313782275211,0.32725126142367755,0.32557764636083586,0.5160068254770406,0.32572544679879867,0.3251779118101369,0.7097438065443243,0.6734247421470931,0.3430504821004283,0.31974706365917926,0.32095390472586216,0.48780009078165965,0.3676472227688644
0.4407253461579943,0.36151892226993554,0.30274060722114415,0.33231067571860273,0.337468888570024,0.3574907609879926,0.35344449659696464,0.3325457927924721,1.0,0.3416085626544544,0.37226916952696565,0.3209092822421806,0.3728626926020925,0.32734614610118873,0.3286941627602378,0.3628517259177505,0.31791963059314754,0.36117197603984064,0.3268939663061069,0.3629343025799223,0.348108228125247,0.3486075722049725,0.36511572004274806,0.3334656807795561,0.3313726293104652,0.27562941042538147,0.3631429911481977,0.32707956949544104,0.38030032412450077,0.4571992628770475,0.31509852483936485,0.34767825827353105,0.0,0.35250825694869925,0.35309589252650453,0.315671426974209,0.34800729797115815,0.3445986898064769,0.2262170837111006,0.3644191135494841,0.3190860362316096,0.3583938143261929,0.36732473924871856,0.32639418363964856,0.3189908329506439,0.36263226634423606,0.35911801123673925,0.3603386700244412,0.32219816234115917,0.3907954416450897
0.33785622982255226,0.3421561366350595,0.2676976793660355,0.5618092096336208,0.3184352934573227,0.3293456834616052,0.3077137650578744,0.5386770905381961,0.3416085626544544,1.0,0.3334187333110563,0.5161428456240774,0.3457819545409484,0.5427041765389005,0.5437594794758431,0.3243004328679455,0.2848583616264059,0.3166356707111121,0.29501582837087836,0.3151175635838923,0.31066385458034596,0.3113572573573493,0.32228203677381906,0.30010972689327653,0.3042418919804395,0.2514981310499669,0.31995807802594567,0.5423224366592017,0.3596514966904506,0.3326008940104197,0.5459310049055185,0.32112009136086295,0.0,0.3139452857217585,0.31311811182950455,0.4373277299396524,0.3061985626049588,0.31112179639156323,0.3340021119320953,0.3227701108283326,0.5603315513733451,0.3155021208068506,0.3219226380609188,0.5389813956433811,0.535755892961824,0.3403835842795936,0.3174779882768002,0.3188655479527276,0.506649951645009,0.3575264778208551
0.3738865321547068,0.4710637636538293,0.2902496014828193,0.3236358432219131,0.49872408851636263,0.46859647558080886,0.40425572904671303,0.3304623583556674,0.37226916952696565,0.3334187333110563,1.0,0.32700046156775353,0.5703863594501741,0.3282945674760195,0.32593469681404685,0.40745461389957705,0.40753434801123745,0.5250291161266916,0.4968525496812236,0.41372888342991665,0.5225364905373935,0.529703602238909,0.537077152778807,0.43507754164351786,0.4215157872832195,0.35609752425275454,0.5470190279192533,0.329146818601475,0.3604322573109332,0.36732786344470325,0.3130790317913381,0.49395377851719935,0.0,0.5297175855753788,0.4680736998089714,0.31867812718358735,0.390754798268108,0.5112183616234152,0.2262290311772568,0.5697889929180151,0.3131408594167113,0.4849988775002487,0.5398872298328224,0.33082462841729043,0.324741616296106,0.33836206917306655,0.48506615518755325,0.4854242786529368,0.33016054729638333,0.36578081405158736
0.34849463976823636,0.34292842585208794,0.26591024741147995,0.5352824803111159,0.30007783607771854,0.32208249851136705,0.30777609502983194,0.5215659121345808,0.3209092822421806,0.5161428456240774,0.32700046156775353,1.0,0.3247128462730863,0.5274917802875166,0.6164550230871306,0.3081216818432616,0.2843714848256437,0.31297341410799473,0.2969060921648987,0.3132001993023519,0.3126535767045633,0.3085663922184536,0.32243757473271617,0.29429618698673365,0.2938771892588202,0.24214344112476083,0.3163465774107419,0.524888309442318,0.3582569031958974,0.3259549260497948,0.4786222514945745,0.3138281754803014,0.0,0.31815227132312196,0.3159570878418163,0.4204650794632665,0.29698804151367053,0.3142721975593449,0.3217207779167507,0.32094050684574116,0.49587531996288126,0.3139113714858808,0.3196573797435758,0.528960037251007,0.5189085647749578,0.34272318000257374,0.31862943564114,0.32010304280667345,0.47292336332359985,0.36144760254415553
0.3673925131728901,0.46260518375500936,0.28227111937649574,0.33702449999730333,0.4805111197007589,0.46746011480176974,0.39885871093790803,0.339481191956183,0.3728626926020925,0.3457819545409484,0.5703863594501741,0.3247128462730863,1.0,0.3263916001216428,0.33348593079539646,0.4157527633439446,0.4047210143679929,0.5336281845433068,0.5425878284780744,0.4081548093551527,0.5393563121376939,0.5937554256358305,0.5835264714058104,0.43622191155158685,0.42441976208326904,0.3505865665929516,0.5614398826548535,0.33028057984229586,0.35985164526874613,0.3741782383709944,0.31471232982478736,0.53636878912854,0.0,0.5646745672256684,0.4593046588219484,0.31020580978854384,0.3996901762512616,0.5210088000985467,0.22729048714047173,0.5685227413531537,0.3276525377172844,0.4681224023226854,0.5579440996535072,0.3277797237603467,0.32368225932438444,0.33114291121898587,0.47673680628828685,0.47820771460710576,0.324826013793451,0.35935201740704803
0.3245077838675431,0.3255213331045783,0.264155856431355,0.5732458496113061,0.3046616076508628,0.32175198193147725,0.3050409484520731,0.5258530138295004,0.32734614610118873,0.5427041765389005,0.3282945674760195,0.5274917802875166,0.3263916001216428,1.0,0.576464843694386,0.31190427342390126,0.28155742108971893,0.3180811806250733,0.2985446953455567,0.3130752750615333,0.3080250337165169,0.31104012637763734,0.32380066643211025,0.28540554748309654,0.2935690647951462,0.2421148117216254,0.31899363131504577,0.5596887024483099,0.3583457029142302,0.31631293421378937,0.5282866141027416,0.3181903135985119,0.0,0.31196805622742385,0.3116975265123817,0.42674996840143276,0.2973249869470177,0.30856786579156426,0.3169296468039514,0.3136353587582902,0.5430394139305312,0.31106912745722404,0.31904832217416734,0.5517077300715457,0.5366094079920296,0.3449988381250857,0.3164917833955031,0.3179838135917651,0.4906536328187162,0.36472676649173386
0.324443917507531,0.3186915925582774,0.26171250440945315,0.5923997398183967,0.3156723358746262,0.3232018531684899,0.3002569831380911,0.5175343540304899,0.3286941627602378,0.5437594794758431,0.32593469681404685,0.6164550230871306,0.33348593079539646,0.576464843694386,1.0,0.3145465297634229,0.2922875267450208,0.3107438139353367,0.2897274622972492,0.3080126525661818,0.30520518558295595,0.30393038433205055,0.31958155688539025,0.2906815783846911,0.29465365598037696,0.24361805879678966,0.31436102786893083,0.5333281722554162,0.3514229196933034,0.32266621364266823,0.5298665782303027,0.32475635024286165,0.0,0.3098028023682564,0.30828925139436614,0.4230566147163659,0.29686801868116475,0.30573588115250494,0.32697481809205653,0.3132567636645167,0.5506337580778453,0.31206357590817235,0.3158803125995242,0.525710969354811,0.5120726510021119,0.3434875972002799,0.31959867602039205,0.3217388603905752,0.48000110790575046,0.36879854073870333
0.355943252097226,0.39699459771750556,0.27525671510369587,0.32503453197901044,0.3730462458129611,0.39824117719100705,0.7539423368509099,0.3209917849713204,0.3628517259177505,0.3243004328679455,0.40745461389957705,0.3081216818432616,0.4157527633439446,0.31190427342390126,0.3145465297634229,1.0,0.35142599446963485,0.4173122142272916,0.3866525561361618,0.7552932768037709,0.4127610946917004,0.40345625069125424,0.4210852629086401,0.3668978462920567,0.3732503219632196,0.305120073050846,0.3962944040726104,0.3127724375141472,0.34664196004794967,0.3558224820995076,0.2972780574326779,0.3865116351285066,0.0,0.3962885221488327,0.395953259062538,0.30983647815157755,0.7458750427236811,0.3750139976170658,0.21728653412798538,0.3990031268295722,0.30796347220090126,0.39111524905371364,0.39680476672950815,0.31226551323805707,0.313215923406011,0.3261487309177781,0.38822405674445826,0.3897165013882864,0.3080998840570264,0.3483653906371589
0.32354846365779977,0.46754549352870634,0.24861796001736236,0.2916122521375485,0.4445823546799049,0.472238679438026,0.35209944392277603,0.2947158401422799,0.31791963059314754,0.2848583616264059,0.40753434801123745,0.2843714848256437,0.4047210143679929,0.28155742108971893,0.2922875267450208,0.35142599446963485,1.0,0.39579101633966607,0.3634069915129514,0.3536515143810811,0.3890274619374131,0.3898990277249703,0.4081769645477824,0.5782945543163224,0.5153761252915982,0.46477666092386394,0.3974873365387236,0.2874007458095802,0.33981556144928904,0.30933087620962185,0.2728253158630174,0.4631803319716724,0.0,0.41793962736515633,0.4721553687632005,0.2762834892896686,0.34760266723919486,0.3904946720592315,0.19981302794704447,0.40075775713116835,0.2733300553009733,0.4446851876868062,0.40194845720637207,0.2914834741602601,0.29476513922145586,0.2974793485008468,0.4557992674536029,0.45755337967034804,0.2793182376526506,0.31767823462791855
0.35896569240891874,0.4635124326958888,0.28159482180484696,0.3163549758738575,0.421838177239504,0.4636084605955042,0.42924698893689994,0.32359981761389023,0.36117197603984064,0.3166356707111121,0.5250291161266916,0.31297341410799473,0.5336281845433068,0.3180811806250733,0.3107438139353367,0.4173122142272916,0.39579101633966607,1.0,0.5211001868209548,0.43810259527184936,0.5512739756243545,0.5409837240890895,0.5612029914215882,0.4157571514091327,0.4134250880520306,0.3453287002427049,0.535561308417847,0.32215613884048444,0.3569956437539408,0.36062619930596485,0.30225062302369543,0.4866413589315959,0.0,0.5157484603922315,0.45670452525939265,0.318887266890884,0.4175284492212554,0.48672600181058645,0.21923079687262437,0.5288981812767444,0.2996743559536622,0.4684256228151483,0.520853428874146,0.32219949730587494,0.31692173748846764,0.3340027517352073,0.4686079151462049,0.46960445454858657,0.31481525904484653,0.35923561102346624
0.33120841749637786,0.4159404387482103,0.25343564299343413,0.29958270444905766,0.3965903855434607,0.42088945024175606,0.39335324031629226,0.30705656811989845,0.3268939663061069,0.29501582837087836,0.4968525496812236,0.2969060921648987,0.5425878284780744,0.2985446953455567,0.2897274622972492,0.3866525561361618,0.3634069915129514,0.5211001868209548,1.0,0.3970960331046871,0.5017070290125532,0.5603001202904943,0.5096059337344429,0.3806335261868601,0.3840100493224853,0.3113932053539318,0.49408578326070807,0.2982944421298942,0.3227746811260953,0.3288106146688691,0.2823474621497495,0.4874197915743358,0.0,0.47754970301851807,0.41955392336182185,0.291133942536015,0.38243937621341284,0.4475488237937715,0.21004183684539135,0.4934161194388569,0.28354373279887757,0.4283579099275103,0.47813519465816945,0.30178982363756623,0.29705363726677836,0.3039487765597393,0.42051305478873546,0.4226195972825507,0.29050514275881956,0.3300921876506485
0.3600830634524025,0.4053114556340308,0.2797863391026506,0.3149206599371194,0.35175970215158936,0.40471497895227204,0.8419163376917116,0.3215389472310908,0.3629343025799223,0.3151175635838923,0.41372888342991665,0.3132001993023519,0.4081548093551527,0.3130752750615333,0.3080126525661818,0.7552932768037709,0.3536515143810811,0.43810259527184936,0.3970960331046871,1.0,0.4383893403666328,0.41403153181152275,0.4388609452233998,0.36417590894536966,0.3738360562357528,0.30596199914142075,0.41223977956521096,0.31805022805394856,0.3501207242544311,0.35414368757861403,0.2986956022231746,0.38898429349589125,0.0,0.4075338190772456,0.4045368458114781,0.31419456558319114,0.7973734381615197,0.3833076808621878,0.21667928085017396,0.41182362251297155,0.2978362818485445,0.40111708309207617,0.4098481097862755,0.3201749537501374,0.3155823102488863,0.33215352441444823,0.3975786996531602,0.39808360763223705,0.3109426652772945,0.3551831154598173
0.3501039824229849,0.4496033723465229,0.2770133558765048,0.3112513977198872,0.42796059713485535,0.4418930855635106,0.4300671201605686,0.31578416845057633,0.348108228125247,0.31066385458034596,0.5225364905373935,0.3126535767045633,0.5393563121376939,0.3080250337165169,0.30520518558295595,0.4127610946917004,0.3890274619374131,0.5512739756243545,0.5017070290125532,0.4383893403666328,1.0,0.5396549472404213,0.5725781319189154,0.4049256001200603,0.4042286124335568,0.3410374626724072,0.5417733551020872,0.31735576572607616,0.34282432915173233,0.352928955417929,0.294789794395634,0.498544214012829,0.0,0.5341799191000405,0.4526115407328901,0.30761493682937224,0.41334545027850644,0.4971271520327818,0.21405083339282382,0.5474750907914127,0.29732242101501594,0.4442888703910267,0.5303170874444636,0.31822961922162574,0.313157966539407,0.3330124846452053,0.4664114454188927,0.4670618944281445,0.31137969565543144,0.34968172321060365
0.3475932645828753,0.4413541150365695,0.27053522972925426,0.31178815260397386,0.4156022015127545,0.4418325171675451,0.4066593535570514,0.31761597818475484,0.3486075722049725,0.3113572573573493,0.529703602238909,0.3085663922184536,0.5937554256358305,0.31104012637763734,0.30393038433205055,0.40345625069125424,0.3898990277249703,0.5409837240890895,0.5603001202904943,0.41403153181152275,0.5396549472404213,1.0,0.7198813495285787,0.4011054596566249,0.4064119413291336,0.33283994437832554,0.5377475137599618,0.31418536826931454,0.33907255235070966,0.34849873950115495,0.2949912028338424,0.5092038505858368,0.004971409772488,0.6444607149701607,0.44130112976819735,0.2984680643035883,0.3966426839360866,0.4966008101751287,0.21749091960462863,0.5408679112892874,0.2943115730522805,0.44435842186319585,0.5401042487482661,0.3149909929078465,0.3073863278884478,0.3208758003233535,0.4509138637518215,0.45182735710648814,0.30748727355743943,0.3468779840676386
0.3652958694601808,0.4633798243873751,0.2819113320623685,0.329264342452656,0.4338075806270245,0.46388740628918346,0.43294765245429623,0.333769590855839,0.36511572004274806,0.32228203677381906,0.537077152778807,0.32243757473271617,0.5835264714058104,0.32380066643211025,0.31958155688539025,0.4210852629086401,0.4081769645477824,0.5612029914215882,0.5096059337344429,0.4388609452233998,0.5725781319189154,0.7198813495285787,1.0,0.418179958946696,0.4228298396599314,0.34299052231908556,0.5685444851099394,0.3298996152779571,0.35876233859428097,0.35802394286776096,0.30827909264744113,0.5219474482971982,0.0,0.664718540899635,0.45940954442319115,0.3146925946539002,0.4196171802829828,0.5163630183256102,0.22319842969454173,0.5609545762461314,0.30938469720420825,0.4626196550767674,0.5537188536205071,0.33046486202943437,0.32590602152197046,0.336200264599131,0.4649422767285264,0.4670618944281445,0.3213053125253704,0.35897463711188315
0.3359602756567305,0.5310175267572476,0.2497578964137791,0.2976268101370796,0.4634751963369791,0.5368294465176238,0.3622204415858976,0.30539725611673485,0.3334656807795561,0.30010972689327653,0.43507754164351786,0.29429618698673365,0.43622191155158685,0.28540554748309654,0.2906815783846911,0.3668978462920567,0.5782945543163224,0.4157571514091327,0.3806335261868601,0.36417590894536966,0.4049256001200603,0.4011054596566249,0.418179958946696,1.0,0.5604483723211069,0.46498079224419864,0.4195061804871123,0.29260317077360154,0.3548694604497462,0.331140739374414,0.2767911148677056,0.44732620279533486,0.0,0.42262861764651927,0.5431436685836056,0.28039575579896703,0.3576125831380673,0.4021176041741634,0.20425549881585625,0.417993757791823,0.2853208945251079,0.4699725471311973,0.41494151447957306,0.29332869615813273,0.297531487739896,0.30256069432388444,0.4615143839672661,0.46363430213240253,0.2859127858401719,0.3257992177510094
0.34382862059095276,0.5527110001092497,0.2602860225854964,0.3054451548039696,0.4303302822883516,0.5554739850917975,0.3695208932176556,0.3033616845692222,0.3313726293104652,0.3042418919804395,0.4215157872832195,0.2938771892588202,0.42441976208326904,0.2935690647951462,0.29465365598037696,0.3732503219632196,0.5153761252915982,0.4134250880520306,0.3840100493224853,0.3738360562357528,0.4042286124335568,0.4064119413291336,0.4228298396599314,0.5604483723211069,1.0,0.4308928876332254,0.4110575294030391,0.29381516592011625,0.3351965137294508,0.3235825301602582,0.2842927081457728,0.465748367079712,0.0,0.41851093430367636,0.5520326544828204,0.2792652576353095,0.366015647299744,0.4106938600345086,0.20816137081459396,0.4177032884402184,0.28781286751436364,0.46776909365535035,0.42272784110114137,0.30767409568707016,0.3067006469484782,0.31283616347090115,0.4680142299514556,0.46972872371618035,0.3027348123670871,0.3260962968070945
0.2736354039891562,0.4039259487286464,0.2120824081646583,0.2443012310152246,0.3727583601468637,0.39456476383558825,0.30026799718670383,0.24913512653334313,0.27562941042538147,0.2514981310499669,0.35609752425275454,0.24214344112476083,0.3505865665929516,0.2421148117216254,0.24361805879678966,0.305120073050846,0.46477666092386394,0.3453287002427049,0.3113932053539318,0.30596199914142075,0.3410374626724072,0.33283994437832554,0.34299052231908556,0.46498079224419864,0.4308928876332254,1.0,0.34476500899424467,0.24195389357817698,0.28615327326567475,0.2703657340742377,0.2348632388653804,0.3623051791053905,0.0,0.3402165531578384,0.40139558205449033,0.2336035858403116,0.2946860472885141,0.38951815391365274,0.17570473540740628,0.35028590564072337,0.23565353714174475,0.38450118692549784,0.3435361500117946,0.25349206162039684,0.24829540996869492,0.25291398905374873,0.390849523916595,0.391263750561089,0.2499568534171046,0.2716734006117153
0.3596373048688083,0.46014686000275506,0.28318305432992874,0.3147769760246798,0.43160754841983373,0.4518240601816893,0.403158765837493,0.3245375441234458,0.3631429911481977,0.31995807802594567,0.5470190279192533,0.3163465774107419,0.5614398826548535,0.31899363131504577,0.31436102786893083,0.3962944040726104,0.3974873365387236,0.535561308417847,0.49408578326070807,0.41223977956521096,0.5417733551020872,0.5377475137599618,0.5685444851099394,0.4195061804871123,0.4110575294030391,0.34476500899424467,1.0,0.3198335224491279,0.35284922198568336,0.35854886780046646,0.3037725846390277,0.5139368867378558,0.0,0.5353524657366509,0.45106109550564266,0.3060820851696595,0.3920515920382882,0.5803084758008722,0.21311738725780882,0.5727910932125788,0.3052631911900501,0.4660191508577918,0.6264416067442775,0.3255282237055699,0.3145745504027654,0.3345918523018995,0.46361025618820717,0.4647745765214307,0.32082873727818506,0.35944969474387467
0.33423784441571525,0.338345929011447,0.27300996378401177,0.5588479007940697,0.2927659423971305,0.32475418724484273,0.3102628940787956,0.7088085521729939,0.32707956949544104,0.5423224366592017,0.329146818601475,0.524888309442318,0.33028057984229586,0.5596887024483099,0.5333281722554162,0.3127724375141472,0.2874007458095802,0.32215613884048444,0.2982944421298942,0.31805022805394856,0.31735576572607616,0.31418536826931454,0.3298996152779571,0.29260317077360154,0.29381516592011625,0.24195389357817698,0.3198335224491279,1.0,0.3643984949662684,0.3278104732949445,0.5093598561555951,0.322574846596941,0.0,0.3153960983901726,0.31443237524185697,0.43324274840685206,0.2996700415822603,0.3232372506345321,0.32596333198516225,0.32008162332860957,0.5247372708929664,0.3190981896486541,0.319780414467131,0.8157498500039155,0.7607009733425756,0.34316473197643815,0.3185883247087944,0.3199586289103945,0.5085203738379547,0.3608490857508766
0.38681383016875903,0.36534972770914675,0.30109109893654273,0.34983738686807164,0.33510652326331225,0.3640807771831033,0.3449555701283642,0.3659889466340652,0.38030032412450077,0.3596514966904506,0.3604322573109332,0.3582569031958974,0.35985164526874613,0.3583457029142302,0.3514229196933034,0.34664196004794967,0.33981556144928904,0.3569956437539408,0.3227746811260953,0.3501207242544311,0.34282432915173233,0.33907255235070966,0.35876233859428097,0.3548694604497462,0.3351965137294508,0.28615327326567475,0.35284922198568336,0.3643984949662684,1.0,0.3707799575595845,0.3406162476600991,0.3517281669607677,0.0,0.3496409118334658,0.35493841303399287,0.34266794155212643,0.3317683569770703,0.3442731981586695,0.24073948622151942,0.3534141049559646,0.3364403872180931,0.3448621850990493,0.35162879928616453,0.36097989162696076,0.3560415404921293,0.432005310197515,0.3485726958748325,0.34923522443325195,0.34990149696557915,0.6381877244186287
0.4336242285222208,0.3652901101055607,0.3047098090395062,0.3247152886303317,0.33083875494640635,0.3526859031005043,0.3466071487207435,0.32929626213313246,0.4571992628770475,0.3326008940104197,0.36732786344470325,0.3259549260497948,0.3741782383709944,0.31631293421378937,0.32266621364266823,0.3558224820995076,0.30933087620962185,0.36062619930596485,0.3288106146688691,0.35414368757861403,0.352928955417929,0.34849873950115495,0.35802394286776096,0.331140739374414,0.3235825301602582,0.2703657340742377,0.35854886780046646,0.3278104732949445,0.3707799575595845,1.0,0.3067614343838442,0.3422810864428897,0.0,0.3437068771194398,0.3491496924281656,0.30777678649085993,0.3381024941980345,0.3427489291130488,0.24336514399140097,0.3660612526494482,0.3167761717397839,0.35370572280420465,0.3617680120022424,0.32670792812347915,0.31876015999974194,0.3717561393685477,0.3591475741927084,0.36036780376849586,0.3191786663801103,0.38626529231531237
0.30968780174801513,0.3146865161359029,0.2522445894878421,0.5288848147690138,0.2900785272905454,0.30885183663985405,0.2921121553072038,0.5086662867383146,0.31509852483936485,0.5459310049055185,0.3130790317913381,0.4786222514945745,0.31471232982478736,0.5282866141027416,0.5298665782303027,0.2972780574326779,0.2728253158630174,0.30225062302369543,0.2823474621497495,0.2986956022231746,0.294789794395634,0.2949912028338424,0.30827909264744113,0.2767911148677056,0.2842927081457728,0.2348632388653804,0.3037725846390277,0.5093598561555951,0.3406162476600991,0.3067614343838442,1.0,0.3039338664726452,0.0,0.3023194949326403,0.2959159905339034,0.411782228713539,0.28673946916900783,0.29476688561529063,0.30629655968803016,0.30614951656146416,0.6483370730541165,0.301196665005968,0.3071625350288649,0.5091967006366391,0.497086055951678,0.32776668347089677,0.30471686905195305,0.305485724544467,0.4671624138173772,0.3413565882873655
0.3583101959692677,0.44545711016845735,0.272198906742107,0.33375023044669605,0.4697455711079864,0.45334177502378514,0.3837006227892533,0.3231201090025748,0.34767825827353105,0.32112009136086295,0.49395377851719935,0.3138281754803014,0.53636878912854,0.3181903135985119,0.32475635024286165,0.3865116351285066,0.4631803319716724,0.4866413589315959,0.4874197915743358,0.38898429349589125,0.498544214012829,0.5092038505858368,0.5219474482971982,0.44732620279533486,0.465748367079712,0.3623051791053905,0.5139368867378558,0.322574846596941,0.3517281669607677,0.3422810864428897,0.3039338664726452,1.0,0.0,0.5055678792062267,0.43851436206568073,0.29301926220530605,0.3813930889725329,0.4970478152052378,0.21962414280565457,0.5231974964299331,0.3082946609674636,0.4467185108394849,0.5219036477958363,0.3177960519501959,0.3214175290091391,0.3242216287870553,0.4555542137267742,0.45804393951714906,0.30402942728645355,0.3399396380611299
0.0,0.0,0.0,0.0,0.0,0.0,0.0,0.0,0.0,0.0,0.0,0.0,0.0,0.0,0.0,0.0,0.0,0.0,0.0,0.0,0.0,0.004971409772488,0.0,0.0,0.0,0.0,0.0,0.0,0.0,0.0,0.0,0.0,1.0,0.0,0.0,0.0,0.0,0.0,0.0,0.0,0.0,0.0,0.0,0.0,0.0,0.0,0.0,0.0,0.0,0.0
0.35946783183382747,0.45011028479593806,0.27842046180404667,0.312657480741671,0.4339564084515267,0.46084504236261314,0.40655165067313337,0.32627001048107096,0.35250825694869925,0.3139452857217585,0.5297175855753788,0.31815227132312196,0.5646745672256684,0.31196805622742385,0.3098028023682564,0.3962885221488327,0.41793962736515633,0.5157484603922315,0.47754970301851807,0.4075338190772456,0.5341799191000405,0.6444607149701607,0.664718540899635,0.42262861764651927,0.41851093430367636,0.3402165531578384,0.5353524657366509,0.3153960983901726,0.3496409118334658,0.3437068771194398,0.3023194949326403,0.5055678792062267,0.0,1.0,0.4551188422319199,0.31540863897165705,0.39048459842522465,0.5002268289137104,0.23061861731023814,0.5472549664825428,0.2989492942056944,0.45576441486420294,0.5414054189294277,0.3189533499095407,0.3159848606665878,0.32517685849271216,0.4617630884025635,0.4620738665147833,0.30916948887144935,0.354607762757715
0.35704861799159937,0.5830827235699302,0.2720223499767891,0.312625742772337,0.41691807320423313,0.574687320729141,0.403359478349802,0.3213297300281638,0.35309589252650453,0.31311811182950455,0.4680736998089714,0.3159570878418163,0.4593046588219484,0.3116975265123817,0.30828925139436614,0.395953259062538,0.4721553687632005,0.45670452525939265,0.41955392336182185,0.4045368458114781,0.4526115407328901,0.44130112976819735,0.45940954442319115,0.5431436685836056,0.5520326544828204,0.40139558205449033,0.45106109550564266,0.31443237524185697,0.35493841303399287,0.3491496924281656,0.2959159905339034,0.43851436206568073,0.0,0.4551188422319199,1.0,0.3024226737692275,0.3807940352494624,0.43138537904426966,0.2212652057488641,0.4649145698964635,0.29705564420193253,0.5044326807145196,0.46281817675151027,0.314772462041626,0.31564998808652567,0.32570995583661544,0.49967961405336725,0.5010364196896127,0.31005064874067056,0.34738333791028253
0.31088144467181256,0.30830315658091867,0.25138513482097435,0.4323172909684613,0.27473646027021126,0.31171865824382283,0.31067052647905,0.4282772082505053,0.315671426974209,0.4373277299396524,0.31867812718358735,0.4204650794632665,0.31020580978854384,0.42674996840143276,0.4230566147163659,0.30983647815157755,0.2762834892896686,0.318887266890884,0.291133942536015,0.31419456558319114,0.30761493682937224,0.2984680643035883,0.3146925946539002,0.28039575579896703,0.2792652576353095,0.2336035858403116,0.3060820851696595,0.43324274840685206,0.34266794155212643,0.30777678649085993,0.411782228713539,0.29301926220530605,0.0,0.31540863897165705,0.3024226737692275,1.0,0.2979409344422558,0.2900539260996299,0.3195262924129241,0.30862183976238444,0.41862406783675643,0.30437371226453747,0.30415729415177406,0.4339032808026394,0.42843194889462444,0.3212062863710793,0.2989976103195946,0.29923994204196813,0.4356522925063907,0.34679560438690105
0.3461973950519085,0.38177872863620954,0.26351416140879436,0.3057388640388493,0.3491132454742464,0.390915334126155,0.7939671742681353,0.3049343429158662,0.34800729797115815,0.3061985626049588,0.390754798268108,0.29698804151367053,0.3996901762512616,0.2973249869470177,0.29686801868116475,0.7458750427236811,0.34760266723919486,0.4175284492212554,0.38243937621341284,0.7973734381615197,0.41334545027850644,0.3966426839360866,0.4196171802829828,0.3576125831380673,0.366015647299744,0.2946860472885141,0.3920515920382882,0.2996700415822603,0.3317683569770703,0.3381024941980345,0.28673946916900783,0.3813930889725329,0.0,0.39048459842522465,0.3807940352494624,0.2979409344422558,1.0,0.36420296564574506,0.20961719676420254,0.3880954866796342,0.2890675082006341,0.38659735494889547,0.3926335440230033,0.30185998990234886,0.29945296601907,0.310742585242441,0.37703118858984475,0.3781664103039106,0.2917796701506328,0.33405474628624565
0.3587648330035107,0.4578684857933961,0.2787423169338733,0.30363979185359535,0.4596602571497965,0.44626131958066606,0.3741121819680633,0.3286313782275211,0.3445986898064769,0.31112179639156323,0.5112183616234152,0.3142721975593449,0.5210088000985467,0.30856786579156426,0.30573588115250494,0.3750139976170658,0.3904946720592315,0.48672600181058645,0.4475488237937715,0.3833076808621878,0.4971271520327818,0.4966008101751287,0.5163630183256102,0.4021176041741634,0.4106938600345086,0.38951815391365274,0.5803084758008722,0.3232372506345321,0.3442731981586695,0.3427489291130488,0.29476688561529063,0.4970478152052378,0.0,0.5002268289137104,0.43138537904426966,0.2900539260996299,0.36420296564574506,1.0,0.2180839266176563,0.5341919082542133,0.29803379296851795,0.45345426900975605,0.6127589700440047,0.32815064474711797,0.3156818631841123,0.32483608950714016,0.4606483024128686,0.4612507109548123,0.318747676790304,0.3467853438599432
0.2537153624945587,0.21448203144610123,0.17647893785211588,0.3423545132437219,0.21417976161097418,0.2303435061173823,0.2185748438686821,0.32725126142367755,0.2262170837111006,0.3340021119320953,0.2262290311772568,0.3217207779167507,0.22729048714047173,0.3169296468039514,0.32697481809205653,0.21728653412798538,0.19981302794704447,0.21923079687262437,0.21004183684539135,0.21667928085017396,0.21405083339282382,0.21749091960462863,0.22319842969454173,0.20425549881585625,0.20816137081459396,0.17570473540740628,0.21311738725780882,0.32596333198516225,0.24073948622151942,0.24336514399140097,0.30629655968803016,0.21962414280565457,0.0,0.23061861731023814,0.2212652057488641,0.3195262924129241,0.20961719676420254,0.2180839266176563,1.0,0.21980436694330818,0.3146019997138424,0.22312830014122398,0.21874283766259905,0.3259579573283733,0.32444547250169997,0.21981715885692577,0.21475262620862712,0.2158198483441952,0.3121929455570841,0.25286215078602114
0.3650825754515973,0.467995700402444,0.28601105952782113,0.3114168992654107,0.4477587251656533,0.46167652683553373,0.4026408879558969,0.32557764636083586,0.3644191135494841,0.3227701108283326,0.5697889929180151,0.32094050684574116,0.5685227413531537,0.3136353587582902,0.3132567636645167,0.3990031268295722,0.40075775713116835,0.5288981812767444,0.4934161194388569,0.41182362251297155,0.5474750907914127,0.5408679112892874,0.5609545762461314,0.417993757791823,0.4177032884402184,0.35028590564072337,0.5727910932125788,0.32008162332860957,0.3534141049559646,0.3660612526494482,0.30614951656146416,0.5231974964299331,0.0,0.5472549664825428,0.4649145698964635,0.30862183976238444,0.3880954866796342,0.5341919082542133,0.21980436694330818,1.0,0.3032690255269238,0.47044127525150126,0.5728562632846205,0.3217074862677932,0.3185743403600293,0.3437496965275538,0.4929287990212229,0.493437134807585,0.3207715776394451,0.3679123249318944
