../ecoli_genomes/GCF_000163235.1_ASM16323v1_genomic.fna.gz,../ecoli_genomes/GCF_000164555.1_ASM16455v1_genomic.fna.gz,../ecoli_genomes/GCF_000208545.1_ASM20854v2_genomic.fna.gz,../ecoli_genomes/GCF_000233875.1_ASM23387v1_genomic.fna.gz,../ecoli_genomes/GCF_000249735.1_ASM24973v2_genomic.fna.gz,../ecoli_genomes/GCF_000261145.1_Esch_coli_M919_V2_genomic.fna.gz,../ecoli_genomes/GCF_000267705.2_ASM26770v2_genomic.fna.gz,../ecoli_genomes/GCF_000350665.1_Esch_coli_KTE5_V1_genomic.fna.gz,../ecoli_genomes/GCF_000351625.1_Esch_coli_KTE66_V1_genomic.fna.gz,../ecoli_genomes/GCF_000352285.1_Esch_coli_KTE46_V1_genomic.fna.gz,../ecoli_genomes/GCF_000358895.1_ASM35889v1_genomic.fna.gz,../ecoli_genomes/GCF_000456385.1_Esch_coli_HVH_26_4-5703913_V1_genomic.fna.gz,../ecoli_genomes/GCF_000458195.1_Esch_coli_HVH_147_4-5893887_V1_genomic.fna.gz,../ecoli_genomes/GCF_000459755.1_Esch_coli_KOEGE_58_171a_V1_genomic.fna.gz,../ecoli_genomes/GCF_000460055.1_Esch_coli_UMEA_3053-1_V1_genomic.fna.gz,../ecoli_genomes/GCF_000462165.2_ASM46216v2_genomic.fna.gz,../ecoli_genomes/GCF_000601135.1_ASM60113v1_genomic.fna.gz,../ecoli_genomes/GCF_000614595.1_Ec2010EL1058_genomic.fna.gz,../ecoli_genomes/GCF_000617745.1_Ec2010C-4529_genomic.fna.gz,../ecoli_genomes/GCF_000618265.2_EcF6751_genomic.fna.gz,../ecoli_genomes/GCF_000619005.2_Ec2009C-4052_genomic.fna.gz,../ecoli_genomes/GCF_000619105.1_Ec2009C-4780_genomic.fna.gz,../ecoli_genomes/GCF_000619765.2_Ec2009C-3279_genomic.fna.gz,../ecoli_genomes/GCF_000687005.1_ASM68700v1_genomic.fna.gz,../ecoli_genomes/GCF_000687025.1_ASM68702v1_genomic.fna.gz,../ecoli_genomes/GCF_000700125.1_ASM70012v1_genomic.fna.gz,../ecoli_genomes/GCF_000753315.1_FHI35_genomic.fna.gz,../ecoli_genomes/GCF_000776375.1_ASM77637v1_genomic.fna.gz,../ecoli_genomes/GCF_000779395.1_ASM77939v1_genomic.fna.gz,../ecoli_genomes/GCF_000780315.1_ASM78031v1_genomic.fna.gz,../ecoli_genomes/GCF_000781995.1_ASM78199v1_genomic.fna.gz,../ecoli_genomes/GCF_000986765.1_ASM98676v1_genomic.fna.gz,../ecoli_genomes/GCF_001041375.1_ViralProj287958_genomic.fna.gz,../ecoli_genomes/GCF_001265335.1_302014_genomic.fna.gz,../ecoli_genomes/GCF_001265625.1_100854_genomic.fna.gz,../ecoli_genomes/GCF_001267345.1_303289_genomic.fna.gz,../ecoli_genomes/GCF_001309985.1_ASM130998v1_genomic.fna.gz,../ecoli_genomes/GCF_001521695.1_ASM152169v1_genomic.fna.gz,../ecoli_genomes/GCF_001592595.1_ASM159259v1_genomic.fna.gz,../ecoli_genomes/GCF_001614975.1_ASM161497v1_genomic.fna.gz,../ecoli_genomes/GCF_001692775.1_ASM169277v1_genomic.fna.gz,../ecoli_genomes/GCF_001748915.1_ASM174891v1_genomic.fna.gz,../ecoli_genomes/GCF_001749235.1_ASM174923v1_genomic.fna.gz,../ecoli_genomes/GCF_001881155.1_ASM188115v1_genomic.fna.gz,../ecoli_genomes/GCF_001881345.1_ASM188134v1_genomic.fna.gz,../ecoli_genomes/GCF_001892405.1_ASM189240v1_genomic.fna.gz,../ecoli_genomes/GCF_001892585.1_ASM189258v1_genomic.fna.gz,../ecoli_genomes/GCF_001893985.1_ASM189398v1_genomic.fna.gz,../ecoli_genomes/GCF_002001595.1_ASM200159v1_genomic.fna.gz,../ecoli_genomes/GCF_002002145.1_ASM200214v1_genomic.fna.gz
1.0,0.3774153634165023,0.31890115171429867,0.3419420410039068,0.36317925450947164,0.36221470842099335,0.35759736501665806,0.34800522458573746,0.437353144620626,0.35489581929521996,0.38167452641493105,0.35483225963146336,0.3687679808916251,0.33368277574854843,0.3244711505625131,0.3608969259235707,0.3210706189980894,0.363108954188217,0.3375439543624401,0.3614526041806083,0.35427868329105494,0.3531907152969276,0.370440449765137,0.33097852347607926,0.3085906466134143,0.3508494467414638,0.3653638929659693,0.34350728930215835,0.4015549214512508,0.4410425396986294,0.31254201417657856,0.3610714036695637,0.0,0.3655127801611514,0.3622877921496034,0.3346439410003754,0.34660173536315697,0.3618068505430486,0.3070844612458824,0.3749764657135878,0.3145217417599997,0.3603185906350219,0.37007942026360796,0.34628297637821115,0.35694203458703466,0.375186702886078,0.35576331398155125,0.3559861156680466,0.3349949830944329,0.40670784980783836
0.3774153634165023,1.0,0.297580557513753,0.3337427532730075,0.4554542329001219,0.5723322424759542,0.39131045828203237,0.3357458129677109,0.35224839584799994,0.34584436716164,0.4764840975468978,0.340021706942217,0.46184923722697413,0.32572017992960944,0.3194981882996939,0.39732633916483595,0.3993377357564596,0.45963860063205797,0.41517987772373977,0.3964288451744744,0.44340475105931,0.4390766530095548,0.46191914627137254,0.47657961949952177,0.44123761802757255,0.49223720105585156,0.4633406009162434,0.33236923453852185,0.36145624001108456,0.36041794522970405,0.31137139390173985,0.44344178159858827,0.0,0.45108566775500036,0.5825654195901353,0.320413886906712,0.38021342359570454,0.4651816213002635,0.2861557487033979,0.46649309416604956,0.3123501437968077,0.5057167609265105,0.46928757199970994,0.3466099959497163,0.34664036567911716,0.33253496792537585,0.5067181542150425,0.5085029855814331,0.33967833107210466,0.35750670373006255
0.31890115171429867,0.297580557513753,1.0,0.26681175111636657,0.2783076975793306,0.27947740898846285,0.27787263208574786,0.2704597458957092,0.3025573598002357,0.2752900295188122,0.3030873537629881,0.2638614642278929,0.29004506658619933,0.2682113477780772,0.26152276478857095,0.282457376028015,0.22629727407781386,0.28601510495909155,0.2610812494117416,0.28256522084179736,0.282098768698665,0.2763715058152294,0.2906122391242616,0.24096252791791528,0.21907717596169374,0.26622744229251405,0.2880616722350321,0.27012950980650563,0.30704484923770115,0.3141943288699295,0.24919181220887898,0.27824012972164647,0.0,0.28528075579303336,0.27763421559988444,0.27248469499387284,0.26971895756737485,0.2802185057439275,0.24214976724694626,0.29654494708793955,0.25676141674347963,0.2842076906662495,0.29243575159194324,0.2772926661497439,0.27088924980748763,0.28985882231839666,0.28962296441512136,0.28860630381620356,0.27628623623790416,0.31057016372472834
0.3419420410039068,0.3337427532730075,0.26681175111636657,1.0,0.34535801222231566,0.32543774338312226,0.30997981495412386,0.541612670537867,0.3375108884854091,0.5631869473514126,0.33064977471952184,0.5458539190984258,0.3345727161091554,0.5882918939181835,0.6031675432912738,0.32467916562384,0.28050329113268957,0.32101878876129,0.29787477840629073,0.31424279913324005,0.3158278313830951,0.30507448649689983,0.3328872199831251,0.2877465722799587,0.2758841832297523,0.3210807063448311,0.3237808353839656,0.5610264830352929,0.35832131753393004,0.33177961017630886,0.5320071987944099,0.3391231599149277,0.0,0.3166204369999378,0.3133763381369632,0.45948389098778364,0.3059412018322324,0.31471536712474424,0.4450386960699658,0.32224911998326633,0.5502170341041284,0.3148527585603864,0.31987205289870346,0.560955445320339,0.5493163686229843,0.3444076991318914,0.31578261225550974,0.3167056800571093,0.5019688320071738,0.36247265635787584
0.36317925450947164,0.4554542329001219,0.2783076975793306,0.34535801222231566,1.0,0.466734498801061,0.38311083997217577,0.34241545954023345,0.36161496820856354,0.3527636287471301,0.5615664809736834,0.3328716015678411,0.5295533151154619,0.33236291172420207,0.3433630555135655,0.41399105436520334,0.38245787620933214,0.4672909300244342,0.4350614650441842,0.38875571587385205,0.4817521651311516,0.4557562599130095,0.48486842270330555,0.4043540406457832,0.3754620193388477,0.45454319461122183,0.49147683705188705,0.3172431744323715,0.35502436570472096,0.36007603001396815,0.321721512233911,0.5022875408803996,0.0,0.4814432313003686,0.4520717321368577,0.3158227157347192,0.3843052777464372,0.48997817086136486,0.29052060318091155,0.5057653079384565,0.3335258179714896,0.46071779031941107,0.5106533099641146,0.3214529411359266,0.32605327000840223,0.32426664332943,0.4612207153903689,0.46403153891242954,0.31854166897312397,0.34574175463632795
0.36221470842099335,0.5723322424759542,0.27947740898846285,0.32543774338312226,0.466734498801061,1.0,0.402290084966228,0.33357173897687076,0.35153334909895473,0.3312333902838044,0.4644122656059809,0.32060135186921734,0.46142407121465945,0.32228597563935635,0.3170869872225148,0.40371040394267343,0.4089190360275139,0.464799025652047,0.42264425429066355,0.4029851999759101,0.4375618503444044,0.4340817162416861,0.46784905702790325,0.48483394751318487,0.4599975624806296,0.4815610438504674,0.45185844377047746,0.31907938913856015,0.3583482821237388,0.3527716941721898,0.30436161438899845,0.4471037792780932,0.0,0.46302491140757207,0.5792121441466103,0.3293158355309713,0.3872901121275595,0.4535976643121501,0.31453355077753975,0.46291022069722787,0.3087239728941331,0.5152006130787623,0.46695073937107734,0.3273334974632113,0.3253716712702569,0.33280426782556316,0.501287875297886,0.504488427569544,0.3229944982122439,0.3620760877028767
0.35759736501665806,0.39131045828203237,0.27787263208574786,0.30997981495412386,0.38311083997217577,0.402290084966228,1.0,0.3122150338891718,0.3493274888038055,0.3127938276953206,0.4162234374231317,0.30177705336564276,0.4074412437812456,0.30330568898398014,0.298341003978002,0.7659673951046333,0.31015827206180535,0.43655567635350856,0.408456254762367,0.86500017300898,0.4331082433076563,0.41732768414764143,0.44555177921847355,0.33362797039701353,0.30493052143693666,0.36974244800062994,0.4115019750509218,0.30451786813154247,0.3397698217261321,0.3531981287470878,0.2866518039813273,0.386429013150568,0.0,0.41646836226119044,0.40511855334078906,0.3265330156216647,0.7969896059788218,0.38455075461583665,0.29434884438292286,0.41110870213667994,0.28524033163395257,0.3969921285672131,0.411502631142325,0.3116977022337861,0.3100627987958976,0.32251249324738496,0.3852257785547334,0.384895475322363,0.3081304705885388,0.3468459730406227
0.34800522458573746,0.3357458129677109,0.2704597458957092,0.541612670537867,0.34241545954023345,0.33357173897687076,0.3122150338891718,1.0,0.3361594504819899,0.549301129961268,0.3338236815310843,0.5290909351658626,0.33798950432593744,0.5209598417366781,0.5223243077078661,0.32377845864416466,0.2810928752673836,0.3236867175555461,0.2986260146260351,0.3154566750097254,0.31606970864977735,0.3099233192350105,0.32850066253281585,0.2990258956140537,0.2723082447638786,0.32088293278839286,0.3248932590332255,0.6995347696225339,0.36337915495947437,0.33607849761326536,0.49979510154241846,0.327870112616762,0.0,0.32105014098778206,0.31859603706181494,0.45191340530336177,0.3045176358549765,0.3352721032110759,0.44562303433774086,0.3317600800122601,0.5077280226115796,0.3224708061249253,0.3264312885360765,0.7019043703637444,0.6744632178184211,0.34387740043498694,0.3160385244400483,0.31625207947610756,0.49552747100175565,0.36323356607528257
0.437353144620626,0.35224839584799994,0.3025573598002357,0.3375108884854091,0.36161496820856354,0.35153334909895473,0.3493274888038055,0.3361594504819899,1.0,0.34797721735956877,0.36841982561912834,0.32391854421511446,0.365912218009392,0.33235529715211043,0.3328983769296753,0.3613249391682226,0.28362191446677076,0.3529313899845171,0.3230015157808056,0.3542944981858971,0.3458140783524605,0.33805190441466004,0.356996939088306,0.3085078070941354,0.27618375795853334,0.33620062688790764,0.3613644067532866,0.3255667234057472,0.38281730331469954,0.45113609844003266,0.31720324853750714,0.34634182868939034,0.0,0.3489159739875619,0.3497246334033227,0.3326227737848667,0.3434395950640716,0.34247947446389737,0.28398405174135166,0.36498840419353107,0.3182731930946774,0.35113701617039894,0.3644506028405857,0.3292245144520046,0.32344186779035133,0.36064718903322746,0.3502077579637195,0.350300654948848,0.325704085975419,0.39315152253051766
0.35489581929521996,0.34584436716164,0.2752900295188122,0.5631869473514126,0.3527636287471301,0.3312333902838044,0.3127938276953206,0.549301129961268,0.34797721735956877,1.0,0.34865056504228464,0.5224632544969259,0.34877633395057706,0.5461799406085743,0.5471525004518576,0.3281980402407062,0.262623426947597,0.3285712045233812,0.2993892820786598,0.31707778319879976,0.3197013335706629,0.3108605436409949,0.3284161636639831,0.2816125859848033,0.2605177196664695,0.31812481965448314,0.3340702246337375,0.5457176267459323,0.3668668546393419,0.3442580329857493,0.5424709016251201,0.3277235350972878,0.0,0.32010404129109116,0.32007261273287146,0.4708257624257518,0.30768666770944664,0.3274192883282129,0.45564476712793867,0.3393140809793871,0.5480928956123422,0.3243705264689728,0.33308404823248583,0.546427023664948,0.549835549196166,0.34594391861058293,0.3266238498228645,0.32643415369019335,0.5183705879002969,0.36225085189964235
0.38167452641493105,0.4764840975468978,0.3030873537629881,0.33064977471952184,0.5615664809736834,0.4644122656059809,0.4162234374231317,0.3338236815310843,0.36841982561912834,0.34865056504228464,1.0,0.3236230135870829,0.5768088070204556,0.33203604034999157,0.3231677959370881,0.42099156005596694,0.3581719241293223,0.5273075842255224,0.4963774893022337,0.42227041303987456,0.5301408543858395,0.538483874482292,0.544093940726725,0.39755537406138564,0.35467976858502637,0.44614917957164724,0.548213674204503,0.33293822480859214,0.3705474288865265,0.3782824584040413,0.3103439260585147,0.501987260947738,0.0,0.5216555286786335,0.474472912348488,0.3431360385418747,0.40495845263456476,0.5253470544970718,0.3015542952527205,0.5711952158831939,0.3125071297810008,0.4877076441485221,0.5560839126367608,0.3385025995176708,0.33821631714603695,0.3427574225133827,0.4771994199209265,0.47817737989681697,0.33680435160191935,0.37254611890455414
0.35483225963146336,0.340021706942217,0.2638614642278929,0.5458539190984258,0.3328716015678411,0.32060135186921734,0.30177705336564276,0.5290909351658626,0.32391854421511446,0.5224632544969259,0.3236230135870829,1.0,0.32266020489619185,0.5277218754427602,0.6215436404656285,0.3085567714037105,0.2954803751438183,0.3110698360546007,0.29218586567022353,0.304288307073052,0.3125606208662207,0.3015309964229341,0.3187266382261277,0.30314928219197024,0.28288522017798146,0.3245768525084777,0.3155543657629588,0.5290838777404007,0.3615272481074231,0.32906785854436194,0.4720599474368806,0.32482434336267685,0.0,0.31360173353032006,0.3151281741600036,0.4441795598303864,0.2949129709250182,0.3194567072657888,0.4450477539981299,0.31879804081272445,0.4897381289636141,0.3082472843411589,0.31975799438706654,0.5374363618967315,0.535962926227852,0.3407058972030129,0.3144182669039982,0.315443130148673,0.4789916428011729,0.3544596458117012
0.3687679808916251,0.46184923722697413,0.29004506658619933,0.3345727161091554,0.5295533151154619,0.46142407121465945,0.4074412437812456,0.33798950432593744,0.365912218009392,0.34877633395057706,0.5768088070204556,0.32266020489619185,1.0,0.3230168510289475,0.3317499634806691,0.42320700239212417,0.35573877988150426,0.5285281753123323,0.5339566396665968,0.4136919101906932,0.5449695019230572,0.591473274901251,0.5909672173764693,0.39247677919270296,0.3468956353298295,0.4379785822716822,0.569236074674994,0.3237492725786325,0.35898862757263217,0.372636983502719,0.31134706667263734,0.5374255343495807,0.0,0.5705647235489906,0.46200868027559117,0.32518763597834877,0.40268333361240594,0.5325984946712599,0.28950104866949267,0.5805658496432591,0.3162680592785999,0.47000684193820796,0.5701620903086997,0.32609788841499554,0.3212569579913982,0.32678082990091617,0.4651996369653577,0.4644023900721862,0.3266917508438325,0.3612026730393818
0.33368277574854843,0.32572017992960944,0.2682113477780772,0.5882918939181835,0.33236291172420207,0.32228597563935635,0.30330568898398014,0.5209598417366781,0.33235529715211043,0.5461799406085743,0.33203604034999157,0.5277218754427602,0.3230168510289475,1.0,0.5868920184976428,0.3089791198140215,0.25884563700088314,0.31865441871483025,0.29099201628215376,0.3081193640738572,0.3087373794588354,0.30378127737979843,0.32489195111449476,0.26457228850267633,0.24638592806026194,0.3018720668392936,0.32111525754396675,0.5535517842818787,0.359678567508395,0.32585283338960114,0.5252663207417619,0.31420030480397154,0.0,0.3144475443346667,0.31330140950857155,0.46182503798277896,0.2956927749446162,0.3165874201183083,0.4357486622266483,0.3205789343224409,0.5359925495230822,0.3133745303173917,0.32159003476250947,0.5511673901379157,0.5395474710386681,0.34777707211305187,0.31470746645647507,0.31548980643110613,0.5027540473803158,0.36336151791156823
0.3244711505625131,0.3194981882996939,0.26152276478857095,0.6031675432912738,0.3433630555135655,0.3170869872225148,0.298341003978002,0.5223243077078661,0.3328983769296753,0.5471525004518576,0.3231677959370881,0.6215436404656285,0.3317499634806691,0.5868920184976428,1.0,0.31342328513890116,0.2658551080509758,0.31284143769084327,0.28674972586573466,0.3027952055994494,0.3064805531649766,0.30034352137531706,0.32197040579733394,0.27053022860328557,0.2509360184059771,0.3077103986753431,0.31483529234995455,0.533312553280772,0.352733937106982,0.32500340621315027,0.5288836456505388,0.3238567148773528,0.0,0.3090004730558811,0.3057869933884094,0.45508596521280087,0.2952577152246946,0.31215510702254823,0.43738953111320167,0.31737305342236144,0.5389866859137384,0.3059581768001196,0.3176514129665604,0.5304184707353967,0.5186998213260359,0.3421960840558771,0.31506089921008706,0.31486670855802645,0.4937810755108102,0.36469926372764194
0.3608969259235707,0.39732633916483595,0.282457376028015,0.32467916562384,0.41399105436520334,0.40371040394267343,0.7659673951046333,0.32377845864416466,0.3613249391682226,0.3281980402407062,0.42099156005596694,0.3085567714037105,0.42320700239212417,0.3089791198140215,0.31342328513890116,1.0,0.3189268470793387,0.4293123326443181,0.4051372546991099,0.7828688809351241,0.42318907986965615,0.413854171124066,0.43431486884012793,0.34051933811503055,0.31556786738495257,0.38408122097082276,0.41023568861029525,0.30899933492984255,0.34307710494602517,0.3670241943883479,0.2998692641726479,0.39789618684685524,0.0,0.41300059123541055,0.40400066322550565,0.3261749222917626,0.7524779909953385,0.38960833178207444,0.2857149559133264,0.4104502790186576,0.3009430119834857,0.3986999533828144,0.4114634702440898,0.3127034251992544,0.3130561326999246,0.3259567310005751,0.38881587378627036,0.38818134081815914,0.312428435590113,0.3481803996297156
0.3210706189980894,0.3993377357564596,0.22629727407781386,0.28050329113268957,0.38245787620933214,0.4089190360275139,0.31015827206180535,0.2810928752673836,0.28362191446677076,0.262623426947597,0.3581719241293223,0.2954803751438183,0.35573877988150426,0.25884563700088314,0.2658551080509758,0.3189268470793387,1.0,0.35024141297916034,0.3209280711436451,0.3117122704932691,0.34144994490916947,0.3420595480768771,0.36057330597169013,0.5163405245183215,0.5382071349581556,0.529510455387638,0.3507291200149878,0.25859339195123476,0.2745174722549848,0.28535421737984434,0.2425536655524121,0.43657789384125323,0.0,0.3740651473712858,0.40104876015085233,0.25809950794027003,0.3072281960670876,0.34636633405050266,0.2938466938982587,0.36761307569951474,0.24895443235347214,0.3822023336843391,0.3533509086894516,0.28710029628134737,0.29218508201161486,0.27512968551588257,0.4045531049257103,0.41332647117054366,0.25166266052311537,0.278696470649621
0.363108954188217,0.45963860063205797,0.28601510495909155,0.32101878876129,0.4672909300244342,0.464799025652047,0.43655567635350856,0.3236867175555461,0.3529313899845171,0.3285712045233812,0.5273075842255224,0.3110698360546007,0.5285281753123323,0.31865441871483025,0.31284143769084327,0.4293123326443181,0.35024141297916034,1.0,0.52106256744755,0.4394892799457957,0.5477864595064211,0.5368762594661722,0.5655513388917817,0.38007704560135724,0.3405438853006767,0.4228443178130473,0.5348200785232222,0.31810138648851527,0.3505353514866467,0.36227957844340275,0.3006182108747464,0.4832815578918762,0.0,0.5214584073272205,0.46132737355,0.3399839013603544,0.4243235968994369,0.4909727730208865,0.29728307700034584,0.53182773874491,0.29900026112792033,0.4711635303301629,0.5246916417852987,0.3229389439699961,0.3170748402181166,0.3249565934017933,0.4589290093266353,0.4589983633608159,0.317448678113851,0.3567054925370309
0.3375439543624401,0.41517987772373977,0.2610812494117416,0.29787477840629073,0.4350614650441842,0.42264425429066355,0.408456254762367,0.2986260146260351,0.3230015157808056,0.2993892820786598,0.4963774893022337,0.29218586567022353,0.5339566396665968,0.29099201628215376,0.28674972586573466,0.4051372546991099,0.3209280711436451,0.52106256744755,1.0,0.40769923335524905,0.5127211694633497,0.551599639222564,0.5214054744660187,0.35159012748852825,0.32077028783753214,0.37958534271599065,0.4907729063551942,0.29176410759090754,0.32395135095594596,0.32826845945021466,0.27579534490619073,0.4796344263892006,0.0,0.48696102140068587,0.4263444951586032,0.31059719881205117,0.38799265863557264,0.45281708630188566,0.2735999073262785,0.49367849234133077,0.27388322831771006,0.42574597467661146,0.48556230104572207,0.2985294738682793,0.2953962209281725,0.30297599126715746,0.4156553301945647,0.41568746186639016,0.2923049509412208,0.3290436432294007
0.3614526041806083,0.3964288451744744,0.28256522084179736,0.31424279913324005,0.38875571587385205,0.4029851999759101,0.86500017300898,0.3154566750097254,0.3542944981858971,0.31707778319879976,0.42227041303987456,0.304288307073052,0.4136919101906932,0.3081193640738572,0.3027952055994494,0.7828688809351241,0.3117122704932691,0.4394892799457957,0.40769923335524905,1.0,0.4359501532878256,0.4178745759877338,0.4449284297675167,0.33486403721016056,0.3069943017446306,0.3735015179691423,0.41626161513291526,0.30921818961889347,0.3453478837183931,0.35965839412321043,0.2903979150189504,0.3910555846034619,0.0,0.4160924463820955,0.40643361934975664,0.328987170317265,0.8114309392218054,0.3901782099447979,0.2909075782733024,0.4178907845578492,0.28934136197673765,0.4021395805396224,0.41706240669430705,0.31487034008832226,0.3127082443315362,0.32829090326647115,0.3914149167026515,0.39108121673590945,0.3130306904335731,0.3527318227060232
0.35427868329105494,0.44340475105931,0.282098768698665,0.3158278313830951,0.4817521651311516,0.4375618503444044,0.4331082433076563,0.31606970864977735,0.3458140783524605,0.3197013335706629,0.5301408543858395,0.3125606208662207,0.5449695019230572,0.3087373794588354,0.3064805531649766,0.42318907986965615,0.34144994490916947,0.5477864595064211,0.5127211694633497,0.4359501532878256,1.0,0.5409061935091012,0.5737333922943457,0.3700974478109924,0.3306573654164435,0.4188531677164138,0.544491920103368,0.3118923892072687,0.34025954097457656,0.35537298330070166,0.29275677100993436,0.5019044060518792,0.0,0.5395296473277877,0.44740020942218506,0.3277864792687998,0.41826837246244564,0.5045868110437168,0.2865570063595376,0.5498567165637969,0.2973006643080738,0.44548865100814317,0.5351818498374337,0.3178638610286164,0.3175465638127327,0.3247828262208846,0.4558241668419578,0.4548938772361011,0.31324508994544986,0.34609558217385683
0.3531907152969276,0.4390766530095548,0.2763715058152294,0.30507448649689983,0.4557562599130095,0.4340817162416861,0.41732768414764143,0.3099233192350105,0.33805190441466004,0.3108605436409949,0.538483874482292,0.3015309964229341,0.591473274901251,0.30378127737979843,0.30034352137531706,0.413854171124066,0.3420595480768771,0.5368762594661722,0.551599639222564,0.4178745759877338,0.5409061935091012,1.0,0.7143324526281158,0.3722745539320952,0.3369526122168731,0.4068539252408857,0.5336488108487174,0.3047237794675268,0.34022935469502136,0.3424189565178023,0.2859793925875648,0.5075139453601449,0.0,0.6340449625957733,0.4409343026724568,0.3151555739055647,0.40071854824780173,0.5024736699034769,0.2809575538511976,0.544061516898882,0.2837438408420363,0.4452261002183038,0.5415829862834567,0.31088832790060594,0.3064224817316058,0.3140839517799955,0.4372635912747367,0.43638027112308553,0.3053257945118235,0.3438968991222815
0.370440449765137,0.46191914627137254,0.2906122391242616,0.3328872199831251,0.48486842270330555,0.46784905702790325,0.44555177921847355,0.32850066253281585,0.356996939088306,0.3284161636639831,0.544093940726725,0.3187266382261277,0.5909672173764693,0.32489195111449476,0.32197040579733394,0.43431486884012793,0.36057330597169013,0.5655513388917817,0.5214054744660187,0.4449284297675167,0.5737333922943457,0.7143324526281158,1.0,0.3834484037330086,0.3490737525907922,0.4231253972216885,0.5665142541995278,0.3218623895655901,0.3562514681172233,0.359909361977067,0.30486562920531635,0.5206650041035397,0.0,0.6596534948304669,0.46147947629740516,0.3321309376744823,0.42752813927347255,0.5231377659208747,0.3002716148757193,0.5648056444259679,0.3061032458896741,0.4658917252993914,0.5564436384587891,0.32857820184086295,0.3239435114166408,0.3287334146921769,0.46047653655751564,0.45985688649470524,0.32137897877488353,0.36033930408139014
0.33097852347607926,0.47657961949952177,0.24096252791791528,0.2877465722799587,0.4043540406457832,0.48483394751318487,0.33362797039701353,0.2990258956140537,0.3085078070941354,0.2816125859848033,0.39755537406138564,0.30314928219197024,0.39247677919270296,0.26457228850267633,0.27053022860328557,0.34051933811503055,0.5163405245183215,0.38007704560135724,0.35159012748852825,0.33486403721016056,0.3700974478109924,0.3722745539320952,0.3834484037330086,1.0,0.6441459865201709,0.556704815752884,0.38326558685647794,0.2684729660788946,0.2957467964784577,0.3083129293269504,0.25783673330305834,0.43455289432073607,0.0,0.3887223464049402,0.4911173628811152,0.2721916105726617,0.32920155556163766,0.376846639216709,0.2808981840539547,0.39615667207106486,0.26151439226584117,0.42486715893733495,0.3816093988450525,0.293327207809537,0.2984999084171539,0.280464097826837,0.4237045384682865,0.4341175315841699,0.26739742515488796,0.2976400700314402
0.3085906466134143,0.44123761802757255,0.21907717596169374,0.2758841832297523,0.3754620193388477,0.4599975624806296,0.30493052143693666,0.2723082447638786,0.27618375795853334,0.2605177196664695,0.35467976858502637,0.28288522017798146,0.3468956353298295,0.24638592806026194,0.2509360184059771,0.31556786738495257,0.5382071349581556,0.3405438853006767,0.32077028783753214,0.3069943017446306,0.3306573654164435,0.3369526122168731,0.3490737525907922,0.6441459865201709,1.0,0.5515936155332684,0.34267726737174975,0.24792880225102254,0.2685009851943466,0.2762694124888836,0.2406927775894302,0.42458725606723347,0.0,0.3557127711533523,0.4467326750096089,0.2454146085903781,0.3038931873084151,0.34923570595715125,0.273218234399911,0.3613677577040676,0.24167017015014758,0.3844029396561377,0.34766866165940036,0.2830695952610741,0.28248766317129204,0.264757852532427,0.3920055158015251,0.40290953719940314,0.25497849239785764,0.2724812201628748
0.3508494467414638,0.49223720105585156,0.26622744229251405,0.3210807063448311,0.45454319461122183,0.4815610438504674,0.36974244800062994,0.32088293278839286,0.33620062688790764,0.31812481965448314,0.44614917957164724,0.3245768525084777,0.4379785822716822,0.3018720668392936,0.3077103986753431,0.38408122097082276,0.529510455387638,0.4228443178130473,0.37958534271599065,0.3735015179691423,0.4188531677164138,0.4068539252408857,0.4231253972216885,0.556704815752884,0.5515936155332684,1.0,0.42698573066453427,0.2996548801111386,0.3250837000670145,0.34046007592588967,0.29350848371717897,0.46126340186530457,0.0,0.4257801491915403,0.49330375194214326,0.3024594494488354,0.36574011955540475,0.42033203684246234,0.29816116701015183,0.44809626319699547,0.2954431419279179,0.47150228716181874,0.42801049239007816,0.32678694884860626,0.3237851031339537,0.3102898072685535,0.48444784120333606,0.49074249050704355,0.31089163480007853,0.3282109909736126
0.3653638929659693,0.4633406009162434,0.2880616722350321,0.3237808353839656,0.49147683705188705,0.45185844377047746,0.4115019750509218,0.3248932590332255,0.3613644067532866,0.3340702246337375,0.548213674204503,0.3155543657629588,0.569236074674994,0.32111525754396675,0.31483529234995455,0.41023568861029525,0.3507291200149878,0.5348200785232222,0.4907729063551942,0.41626161513291526,0.544491920103368,0.5336488108487174,0.5665142541995278,0.38326558685647794,0.34267726737174975,0.42698573066453427,1.0,0.31843754189174367,0.3594580559424915,0.363653300052842,0.30370519150678255,0.5154411380166538,0.0,0.5345462299843844,0.4599313764985542,0.32825318784786217,0.39975088998143216,0.5979403809710667,0.28707231916479214,0.5835508671617036,0.3066915249992209,0.4684138948158306,0.6400345577870304,0.3293334650532954,0.321907883960763,0.33201952790933287,0.46160922321638154,0.4608462991491795,0.3219526277575596,0.35731500351602974
0.34350728930215835,0.33236923453852185,0.27012950980650563,0.5610264830352929,0.3172431744323715,0.31907938913856015,0.30451786813154247,0.6995347696225339,0.3255667234057472,0.5457176267459323,0.33293822480859214,0.5290838777404007,0.3237492725786325,0.5535517842818787,0.533312553280772,0.30899933492984255,0.25859339195123476,0.31810138648851527,0.29176410759090754,0.30921818961889347,0.3118923892072687,0.3047237794675268,0.3218623895655901,0.2684729660788946,0.24792880225102254,0.2996548801111386,0.31843754189174367,1.0,0.3611111590274996,0.33054638116728374,0.49638693385085975,0.31672131217591437,0.0,0.31104828574127963,0.3120147943013577,0.45177782362095864,0.29417959526459647,0.3248532392068789,0.44189141761184125,0.32158652434420976,0.5110880289627019,0.3123137395409852,0.32006190664417633,0.8029338933158281,0.7585204172769939,0.3440191353688201,0.31458905520333624,0.3148276665076616,0.5115610965962064,0.35888695218552336
0.4015549214512508,0.36145624001108456,0.30704484923770115,0.35832131753393004,0.35502436570472096,0.3583482821237388,0.3397698217261321,0.36337915495947437,0.38281730331469954,0.3668668546393419,0.3705474288865265,0.3615272481074231,0.35898862757263217,0.359678567508395,0.352733937106982,0.34307710494602517,0.2745174722549848,0.3505353514866467,0.32395135095594596,0.3453478837183931,0.34025954097457656,0.34022935469502136,0.3562514681172233,0.2957467964784577,0.2685009851943466,0.3250837000670145,0.3594580559424915,0.3611111590274996,1.0,0.3801182525602501,0.333121546993157,0.34065318799240873,0.0,0.35151730767314204,0.3488870784122219,0.35777663508995705,0.32856119780636683,0.3494254326421946,0.32131433191350645,0.36205848643494953,0.33168974210163527,0.3461618501988888,0.35989648044024436,0.3632060416718387,0.35920032079366726,0.43805691421923987,0.34011964611198,0.33972351312985083,0.3579935413706782,0.641236195817635
0.4410425396986294,0.36041794522970405,0.3141943288699295,0.33177961017630886,0.36007603001396815,0.3527716941721898,0.3531981287470878,0.33607849761326536,0.45113609844003266,0.3442580329857493,0.3782824584040413,0.32906785854436194,0.372636983502719,0.32585283338960114,0.32500340621315027,0.3670241943883479,0.28535421737984434,0.36227957844340275,0.32826845945021466,0.35965839412321043,0.35537298330070166,0.3424189565178023,0.359909361977067,0.3083129293269504,0.2762694124888836,0.34046007592588967,0.363653300052842,0.33054638116728374,0.3801182525602501,1.0,0.3094166660903155,0.3429128515817461,0.0,0.34835379728285454,0.35458258105402485,0.3323966188047882,0.34632069533454646,0.3511023521695972,0.2884446037389147,0.3755475900064945,0.3163122865972984,0.3560212348745967,0.36600051262350675,0.33355297801831774,0.33091882382532634,0.37675133791250426,0.3603682109037125,0.36003237003357635,0.3303087589733986,0.3937588024864741
0.31254201417657856,0.31137139390173985,0.24919181220887898,0.5320071987944099,0.321721512233911,0.30436161438899845,0.2866518039813273,0.49979510154241846,0.31720324853750714,0.5424709016251201,0.3103439260585147,0.4720599474368806,0.31134706667263734,0.5252663207417619,0.5288836456505388,0.2998692641726479,0.2425536655524121,0.3006182108747464,0.27579534490619073,0.2903979150189504,0.29275677100993436,0.2859793925875648,0.30486562920531635,0.25783673330305834,0.2406927775894302,0.29350848371717897,0.30370519150678255,0.49638693385085975,0.333121546993157,0.3094166660903155,1.0,0.30338887990718855,0.0,0.3001300439023873,0.2924666146992466,0.4376442665192415,0.283920297709341,0.29829179187906574,0.41084082753159,0.3062649562399674,0.6392835494498971,0.2954247466124307,0.3025662380531674,0.49983074236071456,0.4935960460945563,0.3215776366690217,0.29795274394898685,0.2977825408646443,0.4702364508094601,0.33444877789275473
0.3610714036695637,0.44344178159858827,0.27824012972164647,0.3391231599149277,0.5022875408803996,0.4471037792780932,0.386429013150568,0.327870112616762,0.34634182868939034,0.3277235350972878,0.501987260947738,0.32482434336267685,0.5374255343495807,0.31420030480397154,0.3238567148773528,0.39789618684685524,0.43657789384125323,0.4832815578918762,0.4796344263892006,0.3910555846034619,0.5019044060518792,0.5075139453601449,0.5206650041035397,0.43455289432073607,0.42458725606723347,0.46126340186530457,0.5154411380166538,0.31672131217591437,0.34065318799240873,0.3429128515817461,0.30338887990718855,1.0,0.0,0.5042681920307046,0.4358971773418018,0.3102630164276198,0.38704700463571273,0.5042674869347634,0.30389417130646856,0.530831835589404,0.3029450570354174,0.4461944294331954,0.5277389707238419,0.32340792634859716,0.3239948654946926,0.3157621371131347,0.45375713649628313,0.454715241540922,0.30407426376457036,0.3344638184754928
0.0,0.0,0.0,0.0,0.0,0.0,0.0,0.0,0.0,0.0,0.0,0.0,0.0,0.0,0.0,0.0,0.0,0.0,0.0,0.0,0.0,0.0,0.0,0.0,0.0,0.0,0.0,0.0,0.0,0.0,0.0,0.0,1.0,0.0,0.0,0.0,0.0,0.0,0.0,0.0,0.0,0.0,0.0,0.0,0.0,0.0,0.0,0.0,0.0,0.0
0.3655127801611514,0.45108566775500036,0.28528075579303336,0.3166204369999378,0.4814432313003686,0.46302491140757207,0.41646836226119044,0.32105014098778206,0.3489159739875619,0.32010404129109116,0.5216555286786335,0.31360173353032006,0.5705647235489906,0.3144475443346667,0.3090004730558811,0.41300059123541055,0.3740651473712858,0.5214584073272205,0.48696102140068587,0.4160924463820955,0.5395296473277877,0.6340449625957733,0.6596534948304669,0.3887223464049402,0.3557127711533523,0.4257801491915403,0.5345462299843844,0.31104828574127963,0.35151730767314204,0.34835379728285454,0.3001300439023873,0.5042681920307046,0.0,1.0,0.45846929302636963,0.3388034967211637,0.3980383528560132,0.5077805094424036,0.31193645803771164,0.5437333074422107,0.29396040065987683,0.45411429355516797,0.5478806297991523,0.3185296291415377,0.3173685250505882,0.3223293951449424,0.45259048946124925,0.45278769440210564,0.30905788611585505,0.35426490034288627
0.3622877921496034,0.5825654195901353,0.27763421559988444,0.3133763381369632,0.4520717321368577,0.5792121441466103,0.40511855334078906,0.31859603706181494,0.3497246334033227,0.32007261273287146,0.474472912348488,0.3151281741600036,0.46200868027559117,0.31330140950857155,0.3057869933884094,0.40400066322550565,0.40104876015085233,0.46132737355,0.4263444951586032,0.40643361934975664,0.44740020942218506,0.4409343026724568,0.46147947629740516,0.4911173628811152,0.4467326750096089,0.49330375194214326,0.4599313764985542,0.3120147943013577,0.3488870784122219,0.35458258105402485,0.2924666146992466,0.4358971773418018,0.0,0.45846929302636963,1.0,0.3166059046948987,0.3870996239990939,0.4397907288164322,0.28919737539980717,0.4663531583277588,0.29454220086459404,0.5115258598981889,0.46919439644515093,0.31547994402542556,0.3154282937958979,0.32030211377726825,0.49671552074610925,0.49860477209461296,0.31379000115580347,0.3480726139487952
0.3346439410003754,0.320413886906712,0.27248469499387284,0.45948389098778364,0.3158227157347192,0.3293158355309713,0.3265330156216647,0.45191340530336177,0.3326227737848667,0.4708257624257518,0.3431360385418747,0.4441795598303864,0.32518763597834877,0.46182503798277896,0.45508596521280087,0.3261749222917626,0.25809950794027003,0.3399839013603544,0.31059719881205117,0.328987170317265,0.3277864792687998,0.3151555739055647,0.3321309376744823,0.2721916105726617,0.2454146085903781,0.3024594494488354,0.32825318784786217,0.45177782362095864,0.35777663508995705,0.3323966188047882,0.4376442665192415,0.3102630164276198,0.0,0.3388034967211637,0.3166059046948987,1.0,0.3135952263455234,0.3163416756748212,0.4399489423232117,0.33429015691195907,0.4403941189736028,0.3219784995006082,0.3251361946326148,0.4610790062875735,0.4602486918554054,0.3386390085560753,0.3161880666713184,0.31602831369429907,0.4554367882479263,0.3609024660561222
0.34660173536315697,0.38021342359570454,0.26971895756737485,0.3059412018322324,0.3843052777464372,0.3872901121275595,0.7969896059788218,0.3045176358549765,0.3434395950640716,0.30768666770944664,0.40495845263456476,0.2949129709250182,0.40268333361240594,0.2956927749446162,0.2952577152246946,0.7524779909953385,0.3072281960670876,0.4243235968994369,0.38799265863557264,0.8114309392218054,0.41826837246244564,0.40071854824780173,0.42752813927347255,0.32920155556163766,0.3038931873084151,0.36574011955540475,0.39975088998143216,0.29417959526459647,0.32856119780636683,0.34632069533454646,0.283920297709341,0.38704700463571273,0.0,0.3980383528560132,0.3870996239990939,0.3135952263455234,1.0,0.3750458105634956,0.2776936949241623,0.39519642816235545,0.2824355259131598,0.38767584735709437,0.39999253407064417,0.2988419688934163,0.2979123425277558,0.3117972905583476,0.3723214170974861,0.3715815446515437,0.2976671896903377,0.3337847765435207
0.3618068505430486,0.4651816213002635,0.2802185057439275,0.31471536712474424,0.48997817086136486,0.4535976643121501,0.38455075461583665,0.3352721032110759,0.34247947446389737,0.3274192883282129,0.5253470544970718,0.3194567072657888,0.5325984946712599,0.3165874201183083,0.31215510702254823,0.38960833178207444,0.34636633405050266,0.4909727730208865,0.45281708630188566,0.3901782099447979,0.5045868110437168,0.5024736699034769,0.5231377659208747,0.376846639216709,0.34923570595715125,0.42033203684246234,0.5979403809710667,0.3248532392068789,0.3494254326421946,0.3511023521695972,0.29829179187906574,0.5042674869347634,0.0,0.5077805094424036,0.4397907288164322,0.3163416756748212,0.3750458105634956,1.0,0.2895440143347592,0.5567681260111635,0.30447974536421696,0.4574929529869488,0.6328580413132874,0.33606928237024736,0.3282213003717962,0.3230969738835031,0.46170529633490154,0.4611905263886489,0.32381028706810233,0.34341931027422246
0.3070844612458824,0.2861557487033979,0.24214976724694626,0.4450386960699658,0.29052060318091155,0.31453355077753975,0.29434884438292286,0.44562303433774086,0.28398405174135166,0.45564476712793867,0.3015542952527205,0.4450477539981299,0.28950104866949267,0.4357486622266483,0.43738953111320167,0.2857149559133264,0.2938466938982587,0.29728307700034584,0.2735999073262785,0.2909075782733024,0.2865570063595376,0.2809575538511976,0.3002716148757193,0.2808981840539547,0.273218234399911,0.29816116701015183,0.28707231916479214,0.44189141761184125,0.32131433191350645,0.2884446037389147,0.41084082753159,0.30389417130646856,0.0,0.31193645803771164,0.28919737539980717,0.4399489423232117,0.2776936949241623,0.2895440143347592,1.0,0.29934656133721693,0.41183673057785763,0.29270763927633536,0.29305241330769594,0.4500911516227185,0.457164012759703,0.30359070725589066,0.29444253396094056,0.29565896831394856,0.42694468190120194,0.31212739867001604
0.3749764657135878,0.46649309416604956,0.29654494708793955,0.32224911998326633,0.5057653079384565,0.46291022069722787,0.41110870213667994,0.3317600800122601,0.36498840419353107,0.3393140809793871,0.5711952158831939,0.31879804081272445,0.5805658496432591,0.3205789343224409,0.31737305342236144,0.4104502790186576,0.36761307569951474,0.53182773874491,0.49367849234133077,0.4178907845578492,0.5498567165637969,0.544061516898882,0.5648056444259679,0.39615667207106486,0.3613677577040676,0.44809626319699547,0.5835508671617036,0.32158652434420976,0.36205848643494953,0.3755475900064945,0.3062649562399674,0.530831835589404,0.0,0.5437333074422107,0.4663531583277588,0.33429015691195907,0.39519642816235545,0.5567681260111635,0.29934656133721693,1.0,0.30767533572552397,0.4758114209533014,0.5859936465350306,0.33200035872617684,0.33146972424395793,0.33699728887589364,0.49620717652183444,0.49598101499965985,0.32617350385379074,0.3678080075035671
