../ecoli_genomes/GCF_000163235.1_ASM16323v1_genomic.fna.gz,../ecoli_genomes/GCF_000164555.1_ASM16455v1_genomic.fna.gz,../ecoli_genomes/GCF_000208545.1_ASM20854v2_genomic.fna.gz,../ecoli_genomes/GCF_000233875.1_ASM23387v1_genomic.fna.gz,../ecoli_genomes/GCF_000249735.1_ASM24973v2_genomic.fna.gz,../ecoli_genomes/GCF_000261145.1_Esch_coli_M919_V2_genomic.fna.gz,../ecoli_genomes/GCF_000267705.2_ASM26770v2_genomic.fna.gz,../ecoli_genomes/GCF_000350665.1_Esch_coli_KTE5_V1_genomic.fna.gz,../ecoli_genomes/GCF_000351625.1_Esch_coli_KTE66_V1_genomic.fna.gz,../ecoli_genomes/GCF_000352285.1_Esch_coli_KTE46_V1_genomic.fna.gz,../ecoli_genomes/GCF_000358895.1_ASM35889v1_genomic.fna.gz,../ecoli_genomes/GCF_000456385.1_Esch_coli_HVH_26_4-5703913_V1_genomic.fna.gz,../ecoli_genomes/GCF_000458195.1_Esch_coli_HVH_147_4-5893887_V1_genomic.fna.gz,../ecoli_genomes/GCF_000459755.1_Esch_coli_KOEGE_58_171a_V1_genomic.fna.gz,../ecoli_genomes/GCF_000460055.1_Esch_coli_UMEA_3053-1_V1_genomic.fna.gz,../ecoli_genomes/GCF_000462165.2_ASM46216v2_genomic.fna.gz,../ecoli_genomes/GCF_000601135.1_ASM60113v1_genomic.fna.gz,../ecoli_genomes/GCF_000614595.1_Ec2010EL1058_genomic.fna.gz,../ecoli_genomes/GCF_000617745.1_Ec2010C-4529_genomic.fna.gz,../ecoli_genomes/GCF_000618265.2_EcF6751_genomic.fna.gz,../ecoli_genomes/GCF_000619005.2_Ec2009C-4052_genomic.fna.gz,../ecoli_genomes/GCF_000619105.1_Ec2009C-4780_genomic.fna.gz,../ecoli_genomes/GCF_000619765.2_Ec2009C-3279_genomic.fna.gz,../ecoli_genomes/GCF_000687005.1_ASM68700v1_genomic.fna.gz,../ecoli_genomes/GCF_000687025.1_ASM68702v1_genomic.fna.gz,../ecoli_genomes/GCF_000700125.1_ASM70012v1_genomic.fna.gz,../ecoli_genomes/GCF_000753315.1_FHI35_genomic.fna.gz,../ecoli_genomes/GCF_000776375.1_ASM77637v1_genomic.fna.gz,../ecoli_genomes/GCF_000779395.1_ASM77939v1_genomic.fna.gz,../ecoli_genomes/GCF_000780315.1_ASM78031v1_genomic.fna.gz,../ecoli_genomes/GCF_000781995.1_ASM78199v1_genomic.fna.gz,../ecoli_genomes/GCF_000986765.1_ASM98676v1_genomic.fna.gz,../ecoli_genomes/GCF_001041375.1_ViralProj287958_genomic.fna.gz,../ecoli_genomes/GCF_001265335.1_302014_genomic.fna.gz,../ecoli_genomes/GCF_001265625.1_100854_genomic.fna.gz,../ecoli_genomes/GCF_001267345.1_303289_genomic.fna.gz,../ecoli_genomes/GCF_001309985.1_ASM130998v1_genomic.fna.gz,../ecoli_genomes/GCF_001521695.1_ASM152169v1_genomic.fna.gz,../ecoli_genomes/GCF_001592595.1_ASM159259v1_genomic.fna.gz,../ecoli_genomes/GCF_001614975.1_ASM161497v1_genomic.fna.gz,../ecoli_genomes/GCF_001692775.1_ASM169277v1_genomic.fna.gz,../ecoli_genomes/GCF_001748915.1_ASM174891v1_genomic.fna.gz,../ecoli_genomes/GCF_001749235.1_ASM174923v1_genomic.fna.gz,../ecoli_genomes/GCF_001881155.1_ASM188115v1_genomic.fna.gz,../ecoli_genomes/GCF_001881345.1_ASM188134v1_genomic.fna.gz,../ecoli_genomes/GCF_001892405.1_ASM189240v1_genomic.fna.gz,../ecoli_genomes/GCF_001892585.1_ASM189258v1_genomic.fna.gz,../ecoli_genomes/GCF_001893985.1_ASM189398v1_genomic.fna.gz,../ecoli_genomes/GCF_002001595.1_ASM200159v1_genomic.fna.gz,../ecoli_genomes/GCF_002002145.1_ASM200214v1_genomic.fna.gz
1.0,0.320381765120087,0.2560735877811797,0.2863488907052504,0.2817521307141997,0.31372987954849596,0.30193099516788124,0.2906318031830284,0.39179735448107744,0.2954131495916368,0.319550111099577,0.294541065726303,0.31061948300662656,0.2755924217633948,0.26600149658074523,0.30223978757497016,0.28223506285989297,0.30609233508743705,0.2836424292961137,0.29995825321202585,0.2906784580022257,0.2976236923449185,0.3076815781036172,0.3173924875266797,0.28851328400681386,0.262346786694422,0.3088817091409082,0.2783509502416115,0.340797283766181,0.38147855116965,0.26120224472420306,0.3140047083542027,0.0,0.31007014736660743,0.30868887629632125,0.27761073642196277,0.28560801249553947,0.315062322497903,0.21986572910533908,0.31447167601552195,0.2614055706660968,0.30169729323006134,0.30920698779642775,0.28393482744668874,0.29536596641661217,0.3139967763580155,0.30002051572054544,0.29895388796702016,0.2674714241528975,0.3463805122706306
0.320381765120087,1.0,0.2320307307215671,0.2835112054586604,0.37464272539892673,0.5573266445202248,0.3510303180494878,0.28500449021289087,0.2991167299484828,0.29183580960775446,0.4262842374319591,0.2889083437210975,0.42371114139958843,0.2692213051601806,0.2675880951548405,0.35576658591280874,0.3449709858788168,0.41850367436914093,0.3801054241656622,0.35270872734755887,0.40735870747145975,0.4045353703427932,0.4253738915691877,0.46650704795401576,0.42379867487118184,0.3390395029417108,0.41725774977355234,0.27983227121823406,0.3040419383995091,0.30771526518797465,0.26680726261770615,0.3974527716262972,0.0,0.4092739910020795,0.5622651069370661,0.26872404975025466,0.3338520318744591,0.41927121916761667,0.1798633720796594,0.4247634474906876,0.2642970550780869,0.4661499952901823,0.423059452734345,0.2886067349361734,0.2895111225438791,0.28365889332463934,0.46650295806998576,0.47103205805477233,0.2848313361842284,0.3020049866450889
0.2560735877811797,0.2320307307215671,1.0,0.20887350766059376,0.19895261437732037,0.21943713903330742,0.21343184046378216,0.2109966780692204,0.2475315724470485,0.21735424352893506,0.23214115243959588,0.20830679803418028,0.22605800717663427,0.2095235954457243,0.20422641348736692,0.21836152875614756,0.15887640680938797,0.22541171232072166,0.20263317506418732,0.21592130264064358,0.21804351812747313,0.2163326891890528,0.22806486278675675,0.18793540969643296,0.16912373902347322,0.15094232673700536,0.2265946785435794,0.20988008248240564,0.25212229917772744,0.25715469586391115,0.20280140327212548,0.21233209825732446,0.0,0.22254971358546372,0.2121549704713349,0.21417092181521336,0.20249410522679678,0.21946830629372482,0.14239141691863322,0.2319624945892237,0.20097452556916373,0.22321480503183255,0.2327724022636085,0.2120362625113167,0.20864104450587628,0.22887613092885484,0.22585648042980289,0.2277055568224322,0.2116030787018084,0.25046011885265484
0.2863488907052504,0.2835112054586604,0.20887350766059376,1.0,0.2424241370957263,0.2734823103575653,0.25976266806433346,0.5073439932349602,0.2720444468376776,0.5235959163310601,0.2786732622230722,0.5097526860185595,0.2725325427791736,0.5465378697294583,0.549752593278225,0.26006418944754184,0.21010500332426485,0.2708365641550283,0.24695230072339192,0.2604820291100828,0.2573869885514499,0.25872373588519193,0.2728938731697692,0.2437619825783508,0.2249310094201058,0.20156666543628188,0.27056574277299394,0.5392090040009508,0.30452937874311625,0.26971684931136697,0.5101345255567507,0.27125700713687495,0.0,0.26230288927250267,0.2646293004606036,0.42709381659786716,0.24435499942217642,0.261549569481081,0.31602703204471716,0.2705656348491813,0.5208421495856405,0.2613172896852778,0.2693632112485841,0.5348819760833068,0.5259797497329324,0.2948635352422345,0.2588445660721296,0.2596328914244741,0.4688686403817893,0.31065875175474333
0.2817521307141997,0.37464272539892673,0.19895261437732037,0.2424241370957263,1.0,0.382902758668318,0.3127745299303156,0.24852449803744736,0.27297852309170456,0.25122799368730775,0.49251211292993213,0.24100098775875933,0.4341756036114781,0.24071479729380674,0.2385676911559056,0.3180274486929273,0.29774763878448485,0.39420742576624734,0.3798809347545675,0.3119685130506321,0.3991666873272103,0.4030354023294572,0.4109101312065899,0.3294826592203558,0.30886700626660846,0.28633229137842664,0.41804279014109635,0.23955839843658822,0.26543678673624516,0.2690855964240908,0.23421239658217297,0.404103871382161,0.0,0.4149876693420992,0.3775262624909951,0.23528291867992202,0.2997138229824269,0.4569153880553085,0.2172715794944512,0.4325485811619213,0.23597799150636267,0.38458769862954734,0.4320856653295867,0.2462989979074024,0.24846398342308518,0.25583550814092815,0.3932961330778615,0.39801916915079527,0.24465095346091648,0.28173598131637223
0.31372987954849596,0.5573266445202248,0.21943713903330742,0.2734823103575653,0.382902758668318,1.0,0.36392114843234924,0.2834340983864583,0.29449224643927197,0.2756003301495331,0.4219383383781591,0.27217313058306314,0.42176151241995186,0.2667275038121445,0.26515683746656427,0.36061212312825397,0.36948722226428254,0.4238563854619182,0.3839016955982403,0.36097741838703445,0.3967507471465548,0.40390597086797897,0.42209694850605406,0.47613279320934476,0.44152089063558375,0.34874901370963773,0.41103458075692323,0.2693047325923057,0.30600562166717993,0.29595546404854056,0.25554719355367106,0.4109945050798951,0.0,0.42663698912819514,0.5632319001556283,0.2721956085407614,0.34794780609472187,0.4092296383142824,0.20491217006697082,0.4200355889836386,0.25759860170942983,0.47359033726719557,0.423320254354266,0.2724523610467938,0.2738116747106716,0.28312282111120335,0.46988293913835033,0.47427626902081577,0.268084814468849,0.3100712020142159
0.30193099516788124,0.3510303180494878,0.21343184046378216,0.25976266806433346,0.3127745299303156,0.36392114843234924,1.0,0.2605037821020547,0.2971261794899053,0.26290485496586957,0.3563653511610362,0.2499532131261193,0.35622862296223,0.24953970182504592,0.2452843615505258,0.7872386103905693,0.25145834057969296,0.3809671754533246,0.35142270398469966,0.8689823208584031,0.3718265904244077,0.3632222037751963,0.38167613853806737,0.3073077781723068,0.26945443665925295,0.24425032063878827,0.35907781706312936,0.252890427556697,0.28883891932442973,0.2974761238168149,0.24376348148818006,0.3315582905314832,0.0,0.3564018484536752,0.3596012909812104,0.2673424281329514,0.7901997129180873,0.33196074924695407,0.17437143973093572,0.3568497948064828,0.2394081837238966,0.35128408866180794,0.3593889209764153,0.25468489506387637,0.25429933109563685,0.2665100723713042,0.3394976795113731,0.34216915871850084,0.250415064572011,0.2939363396027038
0.2906318031830284,0.28500449021289087,0.2109966780692204,0.5073439932349602,0.24852449803744736,0.2834340983864583,0.2605037821020547,1.0,0.27178397469010773,0.50598322355577,0.2793970719200888,0.4881475222176932,0.2733538108360013,0.49005691856582567,0.48013725462081347,0.26093207348248737,0.22185137965975144,0.27092210207264433,0.2506065479947287,0.2607013315672314,0.254792735615468,0.2617938070576009,0.2696015030549652,0.26175517326560027,0.2314067577015354,0.21655207695713385,0.2721084489882678,0.6973502629651249,0.3116996506861186,0.26769442893047957,0.47639851260064703,0.2667732532047813,0.0,0.2675094457802264,0.2651724912043627,0.4169819206548967,0.24726478528071216,0.2794930709561352,0.31405105683033063,0.2743509677467989,0.47596128531301296,0.2672770546266866,0.2733656059034527,0.7008622648800249,0.6731374081032767,0.29446787794533813,0.2590880080595839,0.2601645775733087,0.4540221026245794,0.3096111852423872
0.39179735448107744,0.2991167299484828,0.2475315724470485,0.2720444468376776,0.27297852309170456,0.29449224643927197,0.2971261794899053,0.27178397469010773,1.0,0.28247113554071945,0.3157092806376668,0.2645594173516418,0.3048739558723188,0.2724785881050298,0.2642808514321613,0.30068252796255757,0.21380121439158273,0.3002539537594754,0.2748850592342572,0.30059921229390396,0.2903829463511266,0.2922288685962957,0.3011425918073811,0.262458331244795,0.22472021028602618,0.20807192095571225,0.3062061092749627,0.26750145351032195,0.33676029741034585,0.401088944174563,0.2584285477399547,0.2805690816751707,0.0,0.29672331187218515,0.29163809836955257,0.2785646092077947,0.2819224377998836,0.2922469528108407,0.18507589209598518,0.3065669621114502,0.2598436346765648,0.29513034414804995,0.3106528728090606,0.26951955010760187,0.2670202395859751,0.3094285732858254,0.2892342969343382,0.292123626809203,0.26454497999362137,0.3406964676249894
0.2954131495916368,0.29183580960775446,0.21735424352893506,0.5235959163310601,0.25122799368730775,0.2756003301495331,0.26290485496586957,0.50598322355577,0.28247113554071945,1.0,0.2876734448081907,0.487630769316336,0.27928040310905167,0.5104126534592688,0.5007155095185712,0.2658872821036379,0.19722458576248503,0.2716625446195662,0.250285742523203,0.2636377683994403,0.2595639103442847,0.2617188496260806,0.26817802034501537,0.23833388663211252,0.21439168684063048,0.19253656248496342,0.273580740247211,0.5140180855133523,0.3140079132039295,0.27831810115980926,0.5290636832316944,0.2598174968090108,0.0,0.26377086973092967,0.2657898773526808,0.43528033419403,0.24840728401393375,0.2689624497050759,0.31585020388606044,0.27719082099585135,0.5229715550676953,0.26805306764866976,0.2738608976063105,0.5140913057678768,0.519576395404777,0.2996411406921762,0.2622452200774038,0.2646576320529873,0.4786580378326293,0.3093572368274067
0.319550111099577,0.4262842374319591,0.23214115243959588,0.2786732622230722,0.49251211292993213,0.4219383383781591,0.3563653511610362,0.2793970719200888,0.3157092806376668,0.2876734448081907,1.0,0.275954045541542,0.5348979278040069,0.2718666006770827,0.2684033816531928,0.3627896495088828,0.30069389403083724,0.4755483247812088,0.4570647187383746,0.3582626707409754,0.47906814457003044,0.5003151605755709,0.5009033982339208,0.3596546463597301,0.31882207304353705,0.298973970403701,0.5014624191062613,0.2738502418212442,0.3028597029016171,0.31238122546311387,0.26442229995471067,0.4616174496154797,0.0,0.4852145268291309,0.42502623312604515,0.27888211721710277,0.3388939848021614,0.4733407306304418,0.19102135053065028,0.5262816029766982,0.26489658047548914,0.43524851084635263,0.5050447232210024,0.27580371406795634,0.2745571510578352,0.2829407308867201,0.43385591350188357,0.43799464183946824,0.2757748775419162,0.3110807872896927
0.294541065726303,0.2889083437210975,0.20830679803418028,0.5097526860185595,0.24100098775875933,0.27217313058306314,0.2499532131261193,0.4881475222176932,0.2645594173516418,0.487630769316336,0.275954045541542,1.0,0.2663703119718912,0.4919225718022955,0.6079100862146725,0.2518735475018016,0.2334172814701282,0.25835043580547834,0.23746057096480178,0.2506243709949929,0.2537903706303678,0.2542407113768296,0.26384704601614384,0.2629632481580845,0.2424842556084953,0.222179984824871,0.2629098815956322,0.49524883306264245,0.3125593464812658,0.26897216568947846,0.45655872421694366,0.26463572720144446,0.0,0.2607836984941565,0.261110418323107,0.4040331315519178,0.23718008421878967,0.26311909522587107,0.32048760586361735,0.2667566567545322,0.46542821342165774,0.256853390252039,0.2649841786892023,0.4977379805147988,0.497134520003885,0.29300936646307985,0.25857239304152735,0.25746888577624816,0.43572090998679447,0.30371293599100957
0.31061948300662656,0.42371114139958843,0.22605800717663427,0.2725325427791736,0.4341756036114781,0.42176151241995186,0.35622862296223,0.2733538108360013,0.3048739558723188,0.27928040310905167,0.5348979278040069,0.2663703119718912,1.0,0.2650229597099091,0.2648974644521448,0.3620826591578349,0.2986124898091598,0.4909536147989658,0.5040862567768751,0.3587351624727342,0.5040693274563327,0.5791074965921745,0.5606605102063353,0.36028350900561734,0.30986334305056085,0.2902051773002351,0.5342525355369763,0.26903699049916063,0.3034455715848562,0.3156911124801892,0.259081403955739,0.49119815770588315,0.0,0.5398355513480616,0.42064442825623105,0.2681338351300272,0.3462230548881521,0.4993463969491335,0.1808866927849373,0.5517308904213183,0.25890249789559294,0.42887436987428407,0.5342074917367794,0.26862049958047207,0.26658219226971047,0.27978002051453166,0.42827831719315523,0.4324815149064267,0.26959102282995306,0.31213843054100643
0.2755924217633948,0.2692213051601806,0.2095235954457243,0.5465378697294583,0.24071479729380674,0.2667275038121445,0.24953970182504592,0.49005691856582567,0.2724785881050298,0.5104126534592688,0.2718666006770827,0.4919225718022955,0.2650229597099091,1.0,0.5447306010674784,0.2514016685941981,0.18905047840147804,0.263615426250571,0.2391656270826158,0.2519392634387331,0.24713879017801765,0.2544175826645798,0.26407350271720864,0.22286217686385446,0.20125670808341733,0.18222480315644463,0.26508245134844144,0.5245920903403859,0.3109724719697716,0.26293436429030437,0.5019705259261836,0.25262732257542864,0.0,0.26048146107718373,0.2554944033216259,0.4204690513030591,0.23738410072898786,0.2572055211637929,0.2956256773659216,0.2623584026646131,0.5081556581093942,0.2544955239891481,0.26285369108990086,0.5152331084601477,0.508934084622783,0.2948064954273658,0.24892097576773142,0.2512112564675377,0.4606078565436984,0.3085326507687697
0.26600149658074523,0.2675880951548405,0.20422641348736692,0.549752593278225,0.2385676911559056,0.26515683746656427,0.2452843615505258,0.48013725462081347,0.2642808514321613,0.5007155095185712,0.2684033816531928,0.6079100862146725,0.2648974644521448,0.5447306010674784,1.0,0.2469900485633738,0.19445111675145343,0.2566052786996478,0.23416048431483338,0.24738940960262534,0.24705040518903032,0.2509029976713941,0.26121229408519575,0.22308318789677983,0.20059662703871806,0.1807289470240655,0.2605164522842329,0.502813942551787,0.30029582971617264,0.2620445936265896,0.4999252751056116,0.2506153899991107,0.0,0.2548630819240134,0.254133814441857,0.4137384409872994,0.23548052781578221,0.2540005371777071,0.3036743473717375,0.2610252161926211,0.5081465299379093,0.2537893757211933,0.26118345806944077,0.4969723419877061,0.4913888378125236,0.2916854512859801,0.2552205058680478,0.2578100370253025,0.4521257667426378,0.3134476082457168
0.30223978757497016,0.35576658591280874,0.21836152875614756,0.26006418944754184,0.3180274486929273,0.36061212312825397,0.7872386103905693,0.26093207348248737,0.30068252796255757,0.2658872821036379,0.3627896495088828,0.2518735475018016,0.3620826591578349,0.2514016685941981,0.2469900485633738,1.0,0.25283594662349174,0.3756890251498165,0.3522021844696819,0.8011248607485295,0.3624264136607428,0.3657323304666844,0.37836042970218464,0.30963062414013964,0.2698034073327219,0.2452341945516715,0.36054940857818585,0.25754275399022986,0.2920750667265619,0.30573676142812733,0.24609055115756018,0.33238682325083213,0.0,0.3537629991132215,0.36034677532436876,0.26593172572473045,0.7425712258909958,0.33824816633106325,0.1720877745643714,0.3615491621628657,0.24280662984163193,0.3544239374918199,0.3596206332192584,0.25782293101947096,0.25783237056628294,0.27154484178571614,0.3436188721703691,0.34660904025547357,0.25763588891660516,0.29676572352280517
0.28223506285989297,0.3449709858788168,0.15887640680938797,0.21010500332426485,0.29774763878448485,0.36948722226428254,0.25145834057969296,0.22185137965975144,0.21380121439158273,0.19722458576248503,0.30069389403083724,0.2334172814701282,0.2986124898091598,0.18905047840147804,0.19445111675145343,0.25283594662349174,1.0,0.2907540274413599,0.2736933377934224,0.25046731889030127,0.28263978654892485,0.2918169232135194,0.29726391866595225,0.5530742511935416,0.5865318612286947,0.5487673520952641,0.2932965416917567,0.2065222235644143,0.21995995565925597,0.21540019621070539,0.18138823115334413,0.4111941655094875,0.0,0.3178887056723523,0.3754050014985938,0.19790262942147951,0.24399022989154662,0.3033052991872107,0.2756219305425268,0.31662140713005615,0.18274907373628935,0.32381292681790297,0.2980558940513236,0.22628872239330755,0.2283724313728338,0.21255464129808654,0.36752899759579705,0.34985554141135633,0.19043985103287953,0.23699119034648464
0.30609233508743705,0.41850367436914093,0.22541171232072166,0.2708365641550283,0.39420742576624734,0.4238563854619182,0.3809671754533246,0.27092210207264433,0.3002539537594754,0.2716625446195662,0.4755483247812088,0.25835043580547834,0.4909536147989658,0.263615426250571,0.2566052786996478,0.3756890251498165,0.2907540274413599,1.0,0.48385872035657385,0.38147015931255,0.5086545998415544,0.5014563607412656,0.5270563246525147,0.34839231139404414,0.3068181998825602,0.2818842022911564,0.4996247572943262,0.26723708570932625,0.29916008134278604,0.3061108301302372,0.25797588114643444,0.438019967520613,0.0,0.4816026877734815,0.4202796530092766,0.283786035347371,0.36482297061625946,0.4501828444289775,0.18369039498429762,0.4965039493745791,0.25329909559078734,0.42306767826636316,0.48730733667989223,0.2663057232377328,0.26483265965666136,0.2742376892097551,0.415259799710185,0.4191559015775881,0.26495490509521014,0.3004339698973987
0.2836424292961137,0.3801054241656622,0.20263317506418732,0.24695230072339192,0.3798809347545675,0.3839016955982403,0.35142270398469966,0.2506065479947287,0.2748850592342572,0.250285742523203,0.4570647187383746,0.23746057096480178,0.5040862567768751,0.2391656270826158,0.23416048431483338,0.3522021844696819,0.2736933377934224,0.48385872035657385,1.0,0.34869236137409776,0.46794877054958584,0.5168932517138198,0.47981672767604755,0.32380126715697954,0.28922539715122697,0.26201887982373107,0.4593443042252553,0.24453303870460674,0.27447074636843505,0.2756414284437114,0.23224726894700654,0.44364978879985895,0.0,0.44595712224643425,0.38955826876736166,0.25376305330989013,0.34387937854341855,0.4243861147512368,0.16929822012536522,0.4627325255345608,0.23067118852024238,0.384000586072308,0.4527728764251756,0.24509635333407997,0.24427628563358295,0.2546247027285171,0.3760921943202552,0.38003720810427577,0.24060692542152473,0.27625920036844265
0.29995825321202585,0.35270872734755887,0.21592130264064358,0.2604820291100828,0.3119685130506321,0.36097741838703445,0.8689823208584031,0.2607013315672314,0.30059921229390396,0.2636377683994403,0.3582626707409754,0.2506243709949929,0.3587351624727342,0.2519392634387331,0.24738940960262534,0.8011248607485295,0.25046731889030127,0.38147015931255,0.34869236137409776,1.0,0.37337887610941767,0.3635171597013366,0.38266918988007226,0.30451414177135727,0.26936873931688343,0.24447834523138756,0.36020293043677,0.25510082759001196,0.290914102604361,0.3001111294705361,0.24497587027717982,0.33196028148432777,0.0,0.35288852812246563,0.35727414897807297,0.2682051603026523,0.7895622725337377,0.33436062261197863,0.17275736021550714,0.35960384001716283,0.24135640661247726,0.3517499020071351,0.36055695378780395,0.2553976522727982,0.2539331308366164,0.2703303437330842,0.340802618200683,0.34362728359207473,0.25308198545065497,0.2953568870720261
0.2906784580022257,0.40735870747145975,0.21804351812747313,0.2573869885514499,0.3991666873272103,0.3967507471465548,0.3718265904244077,0.254792735615468,0.2903829463511266,0.2595639103442847,0.47906814457003044,0.2537903706303678,0.5040693274563327,0.24713879017801765,0.24705040518903032,0.3624264136607428,0.28263978654892485,0.5086545998415544,0.46794877054958584,0.37337887610941767,1.0,0.5068770393910971,0.5398270779736053,0.34067717286057564,0.2992092898876736,0.27917250918716086,0.507955161812579,0.25296153503780083,0.290002842398281,0.296830837012526,0.24234819128785423,0.45235245776657407,0.0,0.4990754554266269,0.40420843592023536,0.26798987174651046,0.3535751817577899,0.4657896338732208,0.1747803008533707,0.51241173518396,0.24167132906324984,0.3952941219288071,0.501482567197773,0.2545919393817917,0.2544506721606279,0.27334408571131297,0.40731749324670297,0.4114192287952134,0.25286020422182864,0.2937417308004493
0.2976236923449185,0.4045353703427932,0.2163326891890528,0.25872373588519193,0.4030354023294572,0.40390597086797897,0.3632222037751963,0.2617938070576009,0.2922288685962957,0.2617188496260806,0.5003151605755709,0.2542407113768296,0.5791074965921745,0.2544175826645798,0.2509029976713941,0.3657323304666844,0.2918169232135194,0.5014563607412656,0.5168932517138198,0.3635171597013366,0.5068770393910971,1.0,0.717587515702103,0.34138163859820725,0.305389624566926,0.2791402813347087,0.5149557965930434,0.2569208552731814,0.28891584385143,0.29221508158020615,0.24410981370036866,0.48022689257847506,0.0,0.6263692727352382,0.4094020437936349,0.26130138285250804,0.3473301536113921,0.4702326351429802,0.17488706626671446,0.5167752456676451,0.2427676943785766,0.4017703998922868,0.514964589698883,0.2579985271908062,0.25539387885489606,0.268890854471478,0.3985494373915375,0.40250868516517146,0.254698046567592,0.29636326126840495
0.3076815781036172,0.4253738915691877,0.22806486278675675,0.2728938731697692,0.4109101312065899,0.42209694850605406,0.38167613853806737,0.2696015030549652,0.3011425918073811,0.26817802034501537,0.5009033982339208,0.26384704601614384,0.5606605102063353,0.26407350271720864,0.26121229408519575,0.37836042970218464,0.29726391866595225,0.5270563246525147,0.47981672767604755,0.38266918988007226,0.5398270779736053,0.717587515702103,1.0,0.3521420500999244,0.31447583786689903,0.2828031056672612,0.5380129128779672,0.2654180587358361,0.3054262817009721,0.3030440798292309,0.2580253602529877,0.48074022402591643,0.0,0.6423583504458921,0.4185887253101752,0.2741517603757563,0.3645248837442039,0.4864726818248625,0.18240216528159614,0.5350173477450455,0.2533344889032416,0.41337697535460116,0.5291972490282106,0.26606994191754785,0.26458111510662163,0.2778383256815007,0.41042571450089704,0.41456619060555555,0.2635505151612618,0.3030784934526555
0.3173924875266797,0.46650704795401576,0.18793540969643296,0.2437619825783508,0.3294826592203558,0.47613279320934476,0.3073077781723068,0.26175517326560027,0.262458331244795,0.23833388663211252,0.3596546463597301,0.2629632481580845,0.36028350900561734,0.22286217686385446,0.22308318789677983,0.30963062414013964,0.5530742511935416,0.34839231139404414,0.32380126715697954,0.30451414177135727,0.34067717286057564,0.34138163859820725,0.3521420500999244,1.0,0.600189443003674,0.5197506060318748,0.35365413793025546,0.23565676827784976,0.25997975414048624,0.26083706206048696,0.21636182164898332,0.40576416344207644,0.0,0.3625482040317589,0.4965060439596194,0.23564916159282046,0.29497457892668477,0.3518244341515947,0.25115110771527605,0.36747148770835336,0.22050601379797408,0.3958805127199355,0.35310676402491703,0.2548505406050312,0.25855777239378974,0.2454337977849711,0.4125965321556616,0.40193421159808707,0.2264627105954239,0.2673290103157905
0.28851328400681386,0.42379867487118184,0.16912373902347322,0.2249310094201058,0.30886700626660846,0.44152089063558375,0.26945443665925295,0.2314067577015354,0.22472021028602618,0.21439168684063048,0.31882207304353705,0.2424842556084953,0.30986334305056085,0.20125670808341733,0.20059662703871806,0.2698034073327219,0.5865318612286947,0.3068181998825602,0.28922539715122697,0.26936873931688343,0.2992092898876736,0.305389624566926,0.31447583786689903,0.600189443003674,1.0,0.544500778274563,0.3081705372234018,0.21306800279010207,0.22712358978384417,0.22738118604793467,0.19319292768292895,0.4086725420641871,0.0,0.3262265148145215,0.4563842339317761,0.20480328212039445,0.2615799617734361,0.320874172585657,0.25881400398372545,0.3255908691154552,0.19448158664846882,0.3505210455442478,0.3157355196948951,0.24093846624207582,0.2354606361621424,0.22591547818461166,0.37926022052837194,0.3651614230202411,0.20999756535208458,0.24020770641779388
0.262346786694422,0.3390395029417108,0.15094232673700536,0.20156666543628188,0.28633229137842664,0.34874901370963773,0.24425032063878827,0.21655207695713385,0.20807192095571225,0.19253656248496342,0.298973970403701,0.222179984824871,0.2902051773002351,0.18222480315644463,0.1807289470240655,0.2452341945516715,0.5487673520952641,0.2818842022911564,0.26201887982373107,0.24447834523138756,0.27917250918716086,0.2791402813347087,0.2828031056672612,0.5197506060318748,0.544500778274563,1.0,0.2859354127061592,0.18687803245780987,0.20672786863359882,0.21249623227214143,0.1760367155358894,0.3555736587491751,0.0,0.29884705094494735,0.3630779156006154,0.18810433335043675,0.23482135187788578,0.2859718420917877,0.16910602628139437,0.30804380152266175,0.17601251401432527,0.3189195132198698,0.2872195423831023,0.23224231456516042,0.22327166871274273,0.2032816641929519,0.3290720091353734,0.333252676439725,0.18975447207386498,0.2233740571869286
0.3088817091409082,0.41725774977355234,0.2265946785435794,0.27056574277299394,0.41804279014109635,0.41103458075692323,0.35907781706312936,0.2721084489882678,0.3062061092749627,0.273580740247211,0.5014624191062613,0.2629098815956322,0.5342525355369763,0.26508245134844144,0.2605164522842329,0.36054940857818585,0.2932965416917567,0.4996247572943262,0.4593443042252553,0.36020293043677,0.507955161812579,0.5149557965930434,0.5380129128779672,0.35365413793025546,0.3081705372234018,0.2859354127061592,1.0,0.2656402731236224,0.3049273688554065,0.3079065933006956,0.25745851014615895,0.4754611948664653,0.0,0.5088965502203326,0.4160686550438948,0.2687342542736296,0.34178525176700314,0.5711266846087482,0.17585191231185293,0.5508698250771016,0.255690006288927,0.4207955542467472,0.6215933973160246,0.26961419558790367,0.2657414497315952,0.2799987806217944,0.41465351673752926,0.4190025485866258,0.2661619550857329,0.30640024757207207
0.2783509502416115,0.27983227121823406,0.20988008248240564,0.5392090040009508,0.23955839843658822,0.2693047325923057,0.252890427556697,0.6973502629651249,0.26750145351032195,0.5140180855133523,0.2738502418212442,0.49524883306264245,0.26903699049916063,0.5245920903403859,0.502813942551787,0.25754275399022986,0.2065222235644143,0.26723708570932625,0.24453303870460674,0.25510082759001196,0.25296153503780083,0.2569208552731814,0.2654180587358361,0.23565676827784976,0.21306800279010207,0.18687803245780987,0.2656402731236224,1.0,0.3131434320803581,0.2660008941790941,0.49153244134947316,0.2611010683888769,0.0,0.25818955488080264,0.2578137426729358,0.4189555790647205,0.24079124290166387,0.2686126508114701,0.31369155095084267,0.26765013370830315,0.4958633028418389,0.25747644301183037,0.26565293413151525,0.7951426445563368,0.7547304520876883,0.29466037827137537,0.2571161611732671,0.2579071022385585,0.46533818817180517,0.30300593020228894
0.340797283766181,0.3040419383995091,0.25212229917772744,0.30452937874311625,0.26543678673624516,0.30600562166717993,0.28883891932442973,0.3116996506861186,0.33676029741034585,0.3140079132039295,0.3028597029016171,0.3125593464812658,0.3034455715848562,0.3109724719697716,0.30029582971617264,0.2920750667265619,0.21995995565925597,0.29916008134278604,0.27447074636843505,0.290914102604361,0.290002842398281,0.28891584385143,0.3054262817009721,0.25997975414048624,0.22712358978384417,0.20672786863359882,0.3049273688554065,0.3131434320803581,1.0,0.33109253065994726,0.29937197452478115,0.2872415168452417,0.0,0.29607110743840737,0.2876649852902784,0.31042046605771867,0.27596904079084517,0.29640483683771235,0.21186937462174038,0.303548504934643,0.292204717274412,0.2872815558299048,0.3025041213649491,0.30712087542943123,0.30872069863448337,0.3945634333552719,0.28611252832670375,0.2876478106917252,0.3048902697735292,0.6099505464419691
0.38147855116965,0.30771526518797465,0.25715469586391115,0.26971684931136697,0.2690855964240908,0.29595546404854056,0.2974761238168149,0.26769442893047957,0.401088944174563,0.27831810115980926,0.31238122546311387,0.26897216568947846,0.3156911124801892,0.26293436429030437,0.2620445936265896,0.30573676142812733,0.21540019621070539,0.3061108301302372,0.2756414284437114,0.3001111294705361,0.296830837012526,0.29221508158020615,0.3030440798292309,0.26083706206048696,0.22738118604793467,0.21249623227214143,0.3079065933006956,0.2660008941790941,0.33109253065994726,1.0,0.2576917231063265,0.2820513731152354,0.0,0.29180898304675806,0.2952384135031798,0.27124919969343375,0.2836206881696832,0.29675689689854834,0.1751453082761203,0.3215861538273731,0.2563891492801592,0.2950176185956451,0.31150330249712077,0.26809646568178647,0.26592560843407287,0.31851813569726595,0.2969861291648327,0.2995539355013024,0.2654694855793638,0.3395512295655271
0.26120224472420306,0.26680726261770615,0.20280140327212548,0.5101345255567507,0.23421239658217297,0.25554719355367106,0.24376348148818006,0.47639851260064703,0.2584285477399547,0.5290636832316944,0.26442229995471067,0.45655872421694366,0.259081403955739,0.5019705259261836,0.4999252751056116,0.24609055115756018,0.18138823115334413,0.25797588114643444,0.23224726894700654,0.24497587027717982,0.24234819128785423,0.24410981370036866,0.2580253602529877,0.21636182164898332,0.19319292768292895,0.1760367155358894,0.25745851014615895,0.49153244134947316,0.29937197452478115,0.2576917231063265,1.0,0.24205379625167156,0.0,0.25301319785407295,0.24661600226452463,0.41526691059961685,0.23285207614999104,0.2500876179144448,0.28975901317673025,0.2599145753386931,0.6590485373403248,0.2498261696717028,0.2587688110763393,0.4884638069584716,0.4830582349459871,0.28664282582982614,0.24443184259338158,0.2466718685100664,0.44734651627079025,0.2947135263383529
0.3140047083542027,0.3974527716262972,0.21233209825732446,0.27125700713687495,0.404103871382161,0.4109945050798951,0.3315582905314832,0.2667732532047813,0.2805690816751707,0.2598174968090108,0.4616174496154797,0.26463572720144446,0.49119815770588315,0.25262732257542864,0.2506153899991107,0.33238682325083213,0.4111941655094875,0.438019967520613,0.44364978879985895,0.33196028148432777,0.45235245776657407,0.48022689257847506,0.48074022402591643,0.40576416344207644,0.4086725420641871,0.3555736587491751,0.4754611948664653,0.2611010683888769,0.2872415168452417,0.2820513731152354,0.24205379625167156,1.0,0.0,0.4749270756963123,0.39904805433521673,0.24901308508275222,0.3229473701205946,0.4660050173685172,0.21354761676518752,0.4934859270859894,0.23976404034948218,0.3996266540384239,0.4898904051598796,0.2641860018027973,0.26961088693497526,0.26625081745998225,0.41298202576902154,0.4094848961221256,0.24789021698780545,0.2931199511227548
0.0,0.0,0.0,0.0,0.0,0.0,0.0,0.0,0.0,0.0,0.0,0.0,0.0,0.0,0.0,0.0,0.0,0.0,0.0,0.0,0.0,0.0,0.0,0.0,0.0,0.0,0.0,0.0,0.0,0.0,0.0,0.0,1.0,0.0,0.0,0.0,0.0,0.0,0.0,0.0,0.0,0.0,0.0,0.0,0.0,0.0,0.0,0.0,0.0,0.0
0.31007014736660743,0.4092739910020795,0.22254971358546372,0.26230288927250267,0.4149876693420992,0.42663698912819514,0.3564018484536752,0.2675094457802264,0.29672331187218515,0.26377086973092967,0.4852145268291309,0.2607836984941565,0.5398355513480616,0.26048146107718373,0.2548630819240134,0.3537629991132215,0.3178887056723523,0.4816026877734815,0.44595712224643425,0.35288852812246563,0.4990754554266269,0.6263692727352382,0.6423583504458921,0.3625482040317589,0.3262265148145215,0.29884705094494735,0.5088965502203326,0.25818955488080264,0.29607110743840737,0.29180898304675806,0.25301319785407295,0.4749270756963123,0.0,1.0,0.4165030124622271,0.2813592023620347,0.3388398535288655,0.4737904132503684,0.19517174589368458,0.5096571172667894,0.2482758415249906,0.40901699475164455,0.5175345265358989,0.26108950848972934,0.2655773126133001,0.27303760344610695,0.4049694902854446,0.4088724727646076,0.25473426096128104,0.3070895528075662
0.30868887629632125,0.5622651069370661,0.2121549704713349,0.2646293004606036,0.3775262624909951,0.5632319001556283,0.3596012909812104,0.2651724912043627,0.29163809836955257,0.2657898773526808,0.42502623312604515,0.261110418323107,0.42064442825623105,0.2554944033216259,0.254133814441857,0.36034677532436876,0.3754050014985938,0.4202796530092766,0.38955826876736166,0.35727414897807297,0.40420843592023536,0.4094020437936349,0.4185887253101752,0.4965060439596194,0.4563842339317761,0.3630779156006154,0.4160686550438948,0.2578137426729358,0.2876649852902784,0.2952384135031798,0.24661600226452463,0.39904805433521673,0.0,0.4165030124622271,1.0,0.26200878935017613,0.34201669337706087,0.393350117473943,0.1868500522175277,0.42244106979431906,0.2446449521575218,0.47015697317333116,0.42125702369534923,0.2623661011709154,0.26266530849131686,0.26819524992153165,0.4604726720314908,0.4628023775213722,0.2554506198045491,0.2908526738891435
0.27761073642196277,0.26872404975025466,0.21417092181521336,0.42709381659786716,0.23528291867992202,0.2721956085407614,0.2673424281329514,0.4169819206548967,0.2785646092077947,0.43528033419403,0.27888211721710277,0.4040331315519178,0.2681338351300272,0.4204690513030591,0.4137384409872994,0.26593172572473045,0.19790262942147951,0.283786035347371,0.25376305330989013,0.2682051603026523,0.26798987174651046,0.26130138285250804,0.2741517603757563,0.23564916159282046,0.20480328212039445,0.18810433335043675,0.2687342542736296,0.4189555790647205,0.31042046605771867,0.27124919969343375,0.41526691059961685,0.24901308508275222,0.0,0.2813592023620347,0.26200878935017613,1.0,0.25752517827380883,0.2567766070321381,0.2980561310600317,0.27172597175160595,0.41142708547003315,0.2618955963529356,0.26553665638028634,0.41955319968923244,0.421608808326539,0.2900220421372217,0.2556408250172907,0.2577271822712365,0.4167912953790446,0.31236811326250813
0.28560801249553947,0.3338520318744591,0.20249410522679678,0.24435499942217642,0.2997138229824269,0.34794780609472187,0.7901997129180873,0.24726478528071216,0.2819224377998836,0.24840728401393375,0.3388939848021614,0.23718008421878967,0.3462230548881521,0.23738410072898786,0.23548052781578221,0.7425712258909958,0.24399022989154662,0.36482297061625946,0.34387937854341855,0.7895622725337377,0.3535751817577899,0.3473301536113921,0.3645248837442039,0.29497457892668477,0.2615799617734361,0.23482135187788578,0.34178525176700314,0.24079124290166387,0.27596904079084517,0.2836206881696832,0.23285207614999104,0.3229473701205946,0.0,0.3388398535288655,0.34201669337706087,0.25752517827380883,1.0,0.32039554999274467,0.16653740530833017,0.3397154164223066,0.22665286056464395,0.3393928849651221,0.3466571492781836,0.24152760893549408,0.24011457409476988,0.25236499478537155,0.323386372951428,0.3259047569441882,0.2372441459918233,0.27867339488415566
0.315062322497903,0.41927121916761667,0.21946830629372482,0.261549569481081,0.4569153880553085,0.4092296383142824,0.33196074924695407,0.2794930709561352,0.2922469528108407,0.2689624497050759,0.4733407306304418,0.26311909522587107,0.4993463969491335,0.2572055211637929,0.2540005371777071,0.33824816633106325,0.3033052991872107,0.4501828444289775,0.4243861147512368,0.33436062261197863,0.4657896338732208,0.4702326351429802,0.4864726818248625,0.3518244341515947,0.320874172585657,0.2859718420917877,0.5711266846087482,0.2686126508114701,0.29640483683771235,0.29675689689854834,0.2500876179144448,0.4660050173685172,0.0,0.4737904132503684,0.393350117473943,0.2567766070321381,0.32039554999274467,1.0,0.21233408035562407,0.5102563348862738,0.25084044087093726,0.4117259558247367,0.6084322987590615,0.2722520394198932,0.2688839327450464,0.27421222855597716,0.41770491960919587,0.41869410722474165,0.26609295382476006,0.29778211038504054
0.21986572910533908,0.1798633720796594,0.14239141691863322,0.31602703204471716,0.2172715794944512,0.20491217006697082,0.17437143973093572,0.31405105683033063,0.18507589209598518,0.31585020388606044,0.19102135053065028,0.32048760586361735,0.1808866927849373,0.2956256773659216,0.3036743473717375,0.1720877745643714,0.2756219305425268,0.18369039498429762,0.16929822012536522,0.17275736021550714,0.1747803008533707,0.17488706626671446,0.18240216528159614,0.25115110771527605,0.25881400398372545,0.16910602628139437,0.17585191231185293,0.31369155095084267,0.21186937462174038,0.1751453082761203,0.28975901317673025,0.21354761676518752,0.0,0.19517174589368458,0.1868500522175277,0.2980561310600317,0.16653740530833017,0.21233408035562407,1.0,0.18686205762694874,0.29280345951066156,0.1836275636660355,0.18204594574700883,0.31065790522572656,0.316333924876285,0.19637430307118198,0.2130410073169391,0.1896913300088673,0.29029234690013184,0.2220061498464122
0.31447167601552195,0.4247634474906876,0.2319624945892237,0.2705656348491813,0.4325485811619213,0.4200355889836386,0.3568497948064828,0.2743509677467989,0.3065669621114502,0.27719082099585135,0.5262816029766982,0.2667566567545322,0.5517308904213183,0.2623584026646131,0.2610252161926211,0.3615491621628657,0.31662140713005615,0.4965039493745791,0.4627325255345608,0.35960384001716283,0.51241173518396,0.5167752456676451,0.5350173477450455,0.36747148770835336,0.3255908691154552,0.30804380152266175,0.5508698250771016,0.26765013370830315,0.303548504934643,0.3215861538273731,0.2599145753386931,0.4934859270859894,0.0,0.5096571172667894,0.42244106979431906,0.27172597175160595,0.3397154164223066,0.5102563348862738,0.18686205762694874,1.0,0.255717199678841,0.4286222314547484,0.5542166625936802,0.2685998457298975,0.2681758496460531,0.28719810908029997,0.4433727114880267,0.4455233094113773,0.26477487444645875,0.312821737432429
