../ecoli_genomes/GCF_000163235.1_ASM16323v1_genomic.fna.gz,../ecoli_genomes/GCF_000164555.1_ASM16455v1_genomic.fna.gz,../ecoli_genomes/GCF_000208545.1_ASM20854v2_genomic.fna.gz,../ecoli_genomes/GCF_000233875.1_ASM23387v1_genomic.fna.gz,../ecoli_genomes/GCF_000249735.1_ASM24973v2_genomic.fna.gz,../ecoli_genomes/GCF_000261145.1_Esch_coli_M919_V2_genomic.fna.gz,../ecoli_genomes/GCF_000267705.2_ASM26770v2_genomic.fna.gz,../ecoli_genomes/GCF_000350665.1_Esch_coli_KTE5_V1_genomic.fna.gz,../ecoli_genomes/GCF_000351625.1_Esch_coli_KTE66_V1_genomic.fna.gz,../ecoli_genomes/GCF_000352285.1_Esch_coli_KTE46_V1_genomic.fna.gz,../ecoli_genomes/GCF_000358895.1_ASM35889v1_genomic.fna.gz,../ecoli_genomes/GCF_000456385.1_Esch_coli_HVH_26_4-5703913_V1_genomic.fna.gz,../ecoli_genomes/GCF_000458195.1_Esch_coli_HVH_147_4-5893887_V1_genomic.fna.gz,../ecoli_genomes/GCF_000459755.1_Esch_coli_KOEGE_58_171a_V1_genomic.fna.gz,../ecoli_genomes/GCF_000460055.1_Esch_coli_UMEA_3053-1_V1_genomic.fna.gz,../ecoli_genomes/GCF_000462165.2_ASM46216v2_genomic.fna.gz,../ecoli_genomes/GCF_000601135.1_ASM60113v1_genomic.fna.gz,../ecoli_genomes/GCF_000614595.1_Ec2010EL1058_genomic.fna.gz,../ecoli_genomes/GCF_000617745.1_Ec2010C-4529_genomic.fna.gz,../ecoli_genomes/GCF_000618265.2_EcF6751_genomic.fna.gz,../ecoli_genomes/GCF_000619005.2_Ec2009C-4052_genomic.fna.gz,../ecoli_genomes/GCF_000619105.1_Ec2009C-4780_genomic.fna.gz,../ecoli_genomes/GCF_000619765.2_Ec2009C-3279_genomic.fna.gz,../ecoli_genomes/GCF_000687005.1_ASM68700v1_genomic.fna.gz,../ecoli_genomes/GCF_000687025.1_ASM68702v1_genomic.fna.gz,../ecoli_genomes/GCF_000700125.1_ASM70012v1_genomic.fna.gz,../ecoli_genomes/GCF_000753315.1_FHI35_genomic.fna.gz,../ecoli_genomes/GCF_000776375.1_ASM77637v1_genomic.fna.gz,../ecoli_genomes/GCF_000779395.1_ASM77939v1_genomic.fna.gz,../ecoli_genomes/GCF_000780315.1_ASM78031v1_genomic.fna.gz,../ecoli_genomes/GCF_000781995.1_ASM78199v1_genomic.fna.gz,../ecoli_genomes/GCF_000986765.1_ASM98676v1_genomic.fna.gz,../ecoli_genomes/GCF_001041375.1_ViralProj287958_genomic.fna.gz,../ecoli_genomes/GCF_001265335.1_302014_genomic.fna.gz,../ecoli_genomes/GCF_001265625.1_100854_genomic.fna.gz,../ecoli_genomes/GCF_001267345.1_303289_genomic.fna.gz,../ecoli_genomes/GCF_001309985.1_ASM130998v1_genomic.fna.gz,../ecoli_genomes/GCF_001521695.1_ASM152169v1_genomic.fna.gz,../ecoli_genomes/GCF_001592595.1_ASM159259v1_genomic.fna.gz,../ecoli_genomes/GCF_001614975.1_ASM161497v1_genomic.fna.gz,../ecoli_genomes/GCF_001692775.1_ASM169277v1_genomic.fna.gz,../ecoli_genomes/GCF_001748915.1_ASM174891v1_genomic.fna.gz,../ecoli_genomes/GCF_001749235.1_ASM174923v1_genomic.fna.gz,../ecoli_genomes/GCF_001881155.1_ASM188115v1_genomic.fna.gz,../ecoli_genomes/GCF_001881345.1_ASM188134v1_genomic.fna.gz,../ecoli_genomes/GCF_001892405.1_ASM189240v1_genomic.fna.gz,../ecoli_genomes/GCF_001892585.1_ASM189258v1_genomic.fna.gz,../ecoli_genomes/GCF_001893985.1_ASM189398v1_genomic.fna.gz,../ecoli_genomes/GCF_002001595.1_ASM200159v1_genomic.fna.gz,../ecoli_genomes/GCF_002002145.1_ASM200214v1_genomic.fna.gz
1.0,0.7727449874124522,0.7599367430772874,0.7611166456636912,0.7517804606348489,0.7606379111002461,0.7668515981809494,0.7686728770730864,0.7948463121365337,0.7621738966257547,0.7691283563332566,0.7706746289961316,0.7640925659536817,0.7529632845232568,0.7456207622775841,0.765206005083836,0.7556701521252246,0.7684690707651366,0.7211779456471026,0.7677649746627219,0.7674887082925812,0.7470738702529922,0.7760569445349439,0.7716215283235599,0.7511942148545536,0.7162784023200772,0.781353355622008,0.7638359298714857,0.7781708180409985,0.7993978212053032,0.7566744388094706,0.7603752914309363,0.06696234637237541,0.7719444846830734,0.7574408292345107,0.7595466054374382,0.7499555147786752,0.7804627748254749,0.5925590565221543,0.7698086274034014,0.7597059253405309,0.7698098639233828,0.7793446592785647,0.7674836754017242,0.7668408051784117,0.7690531457117591,0.7663778996569374,0.7663118169014065,0.7529901072561483,0.7869757289016995
0.7727449874124522,1.0,0.7494747115396827,0.7585653529777251,0.7735246581137966,0.7998308344116584,0.7763915643307373,0.7558125481894679,0.7643386658935913,0.7563960358925506,0.7955449983474943,0.75986023504923,0.7977568256298924,0.7492571120474071,0.7441564270419648,0.7753194136828059,0.8032712023660997,0.7974457449716331,0.7401468679551733,0.7797449219165078,0.7941475736451404,0.7613548530986608,0.8012143566486797,0.8385794606902841,0.8056169762281187,0.7542155988186594,0.8041824836329875,0.7604958742864143,0.7662861646478322,0.7714250945366358,0.7531030280930808,0.7857279767532215,0.06006856880331868,0.7939488877697285,0.8268177500109257,0.7502572569238677,0.7613623532306133,0.8083983266874566,0.5582421863136612,0.803545984008502,0.7534115145480331,0.8131043308431536,0.8039688226229378,0.7655159806898818,0.7640765407440477,0.7566879425565796,0.818901469035424,0.820670250267957,0.7541255150928966,0.7622830192223807
0.7599367430772874,0.7494747115396827,1.0,0.7427742723299126,0.7278006664722281,0.7308532037916715,0.7494629640698793,0.7448209069048023,0.757814704836212,0.7390562151896749,0.7540228777520317,0.7326250353264718,0.742980027712538,0.7371430950541442,0.7292377686699208,0.7495194993948684,0.7375020889004585,0.7537020130776053,0.6960378079686628,0.7520677238523165,0.7548081419402397,0.7220272530858369,0.7564611801577373,0.7426501689854479,0.7243866368308639,0.6932748820654262,0.7553347535340926,0.7447469922244692,0.7499029594351778,0.7580343799782578,0.7408443365315929,0.7353145222403054,0.0722954621533568,0.7535686270997622,0.7392986150307925,0.7472473440742184,0.7356051217504165,0.7528054553802072,0.5508951517220104,0.7554560409008234,0.7453710633713446,0.7497305991815132,0.7552861729834088,0.7470431544633906,0.7453930374896507,0.7469274587843286,0.7493350995240685,0.7491805213486371,0.7408360820192053,0.7551307221654076
0.7611166456636912,0.7585653529777251,0.7427742723299126,1.0,0.744669287556456,0.7417761814746968,0.754425918684254,0.8248220983928711,0.7521177969851209,0.8352146444135375,0.7520046461203294,0.8263328292996985,0.7456884383199832,0.8360722816984347,0.843525465502448,0.7558224421558112,0.7504199532218515,0.7469359824635133,0.7003596322032367,0.7563879477157461,0.7477461398275349,0.7184215651374599,0.754740453287582,0.7549204952745752,0.7405645989707015,0.7057608735972953,0.7542683381230308,0.8381703909649638,0.7613641990573644,0.756263354015266,0.8329073473909343,0.7484927836430925,0.0728293933566102,0.7502636746091049,0.7401491731931862,0.7968686571872203,0.7404326615295863,0.7524852433833029,0.5961991053005706,0.7516942774549498,0.8378975697592593,0.751953663264964,0.751287741672114,0.8436014428220381,0.8328342850450408,0.7573189799898203,0.7536708930048964,0.7540098647741991,0.8125258639738753,0.7704650984064754
0.7517804606348489,0.7735246581137966,0.7278006664722281,0.744669287556456,1.0,0.7644666693689471,0.750944635977486,0.7431381326311259,0.7595300042437878,0.7397636989674172,0.8014143958737079,0.7400038454409721,0.7943943495267234,0.7363938780286605,0.738968885609359,0.7599883893682908,0.7797879832952354,0.7729015048718919,0.720825718740938,0.7520384771156879,0.7764600389714889,0.7382068329105755,0.7848967012581646,0.7904531830728909,0.7789933834813758,0.7330455152110418,0.7821957626006801,0.7325646283724698,0.7489105350956435,0.7557175646702166,0.7391003129823179,0.7853765132650513,0.06579947701399735,0.7796149852766544,0.7676453070374465,0.7315427972127069,0.7468331058764076,0.7879804645664624,0.5546553760179049,0.7911282927662047,0.7496355875074816,0.7878496286598969,0.7924314871111414,0.7412190040406503,0.740663655421544,0.733840134782973,0.7816005887370153,0.7826436505629094,0.7315544629424966,0.7461955368754527
0.7606379111002461,0.7998308344116584,0.7308532037916715,0.7417761814746968,0.7644666693689471,1.0,0.7703725532888879,0.744498178774141,0.7517816555772912,0.7315538829640904,0.7760932074215868,0.7436859599072323,0.7737064318044956,0.7349979958446571,0.7249075423347702,0.7734694587595181,0.7872211812152815,0.7895492776713083,0.7403274044798482,0.7657505895529871,0.7740196835398424,0.7936636389073735,0.785586508074973,0.8015200976516205,0.7977491839655833,0.7500993853015349,0.773470908377437,0.7385898446822178,0.7556331878630899,0.7520942782346982,0.7344495961522872,0.7757006351991158,0.07092100591476846,0.7791898607245045,0.8011063533969145,0.7437426674777059,0.7526958210180488,0.7858066581866692,0.5556712940312405,0.7839502256123405,0.7378894880690818,0.7944464857827305,0.7752458479402478,0.7439336101823525,0.743275892562345,0.7367852759685596,0.7896884708295526,0.7899552132601537,0.7323562929960614,0.7540566008151699
0.7668515981809494,0.7763915643307373,0.7494629640698793,0.754425918684254,0.750944635977486,0.7703725532888879,1.0,0.7542636276949883,0.7747752230693568,0.7475661190877392,0.7740327966413452,0.7461945089089119,0.7771859141904035,0.7434522920463529,0.7371797695101063,0.9019522019382573,0.7706276166154945,0.8049631689647662,0.73773534293757,0.9436559847237298,0.800687729828151,0.7619709767076771,0.8033910856836571,0.784683687361603,0.7594163597847257,0.723240708965699,0.7921223706390025,0.7512262458711623,0.7595811987977925,0.7717012247093491,0.7527701005940213,0.7738882581203208,0.06682877662763864,0.7852356365764701,0.7773380356532755,0.7619455060624997,0.9065262643546339,0.7786632575212288,0.5622716310146807,0.7859778189076706,0.7506990977895753,0.7802855912877091,0.7881521772938718,0.7532772009655203,0.7512565353771584,0.7552906001063755,0.7758629466695142,0.7753458385767189,0.747306058946771,0.7603010817357454
0.7686728770730864,0.7558125481894679,0.7448209069048023,0.8248220983928711,0.7431381326311259,0.744498178774141,0.7542636276949883,1.0,0.751324854042221,0.8233732488039338,0.7498635359535393,0.8132371202861973,0.7487676002350945,0.81619938534165,0.8081050471886596,0.7542385043096661,0.7506830462577113,0.7538778598599396,0.7004271057413707,0.7575353721592483,0.7503989536717778,0.7264602407272277,0.7554657065892474,0.7538061163525259,0.7352207812153886,0.7052824669212133,0.7559975107469591,0.8786740352533042,0.7677448521463868,0.7528007585239127,0.8168671979299997,0.7435370336795983,0.06803791228485556,0.7579288798104263,0.7374613059438153,0.7990643369495558,0.7380880761315328,0.7602190607971302,0.5938821930329681,0.7543585705860221,0.8151691123360677,0.7549901419226597,0.753540997040812,0.8878915293311841,0.8699691352592698,0.7632615211591443,0.7516071410194628,0.751086471911075,0.8120812509308113,0.774467244413754
0.7948463121365337,0.7643386658935913,0.757814704836212,0.7521177969851209,0.7595300042437878,0.7517816555772912,0.7747752230693568,0.751324854042221,1.0,0.7601078558483096,0.7727605617931713,0.7527374107809495,0.7603192125375432,0.7484038845166019,0.7495331030583583,0.7745970011217437,0.7531183711881131,0.7676440806065404,0.701534490160038,0.7757475387922266,0.7622656013913528,0.7313876996246853,0.7724792790255913,0.7674403464572981,0.7451141406791051,0.711421352670398,0.7770226670840035,0.7497051750472599,0.7620164780414729,0.8022439669045065,0.7563963233419024,0.7547417422082354,0.07074427744064782,0.7682020288561814,0.7547984778652752,0.7566922763039698,0.7584623593438601,0.765943181864735,0.5680170811535104,0.7721325017403693,0.7554048736491286,0.765843710183311,0.7769132156989733,0.7558254111257028,0.7519060928909862,0.7664768972857159,0.764395971921786,0.7643993909024255,0.7460530001678484,0.7754162280486682
0.7621738966257547,0.7563960358925506,0.7390562151896749,0.8352146444135375,0.7397636989674172,0.7315538829640904,0.7475661190877392,0.8233732488039338,0.7601078558483096,1.0,0.7516019626639481,0.8166235917251943,0.7474689789746936,0.8166218265519737,0.8183867390788842,0.7486167247984282,0.7429082262678601,0.7401248508510377,0.6887964163250127,0.7495939517370687,0.7456994707122777,0.713961788080523,0.7446474290407461,0.7509619537700649,0.7316628609365843,0.6983870047339074,0.7541595786184498,0.8232940940599418,0.7672369352310141,0.7606638762143919,0.8332309868862336,0.7351778670500384,0.06763487074047292,0.7448306033605422,0.7350477751140478,0.8033233598879225,0.732730225358972,0.7483748496397467,0.596204746088991,0.7507518776492152,0.8336289377772788,0.7509971300896394,0.7523519775797737,0.8307626395831877,0.8198554649349996,0.7613925175513226,0.7506030322978701,0.7503806891274222,0.8177748207434385,0.7697521449531644
0.7691283563332566,0.7955449983474943,0.7540228777520317,0.7520046461203294,0.8014143958737079,0.7760932074215868,0.7740327966413452,0.7498635359535393,0.7727605617931713,0.7516019626639481,1.0,0.7450925806770963,0.8274800561575817,0.7440450567220781,0.7347429064830611,0.7784305177635572,0.7815104062750421,0.8132905068628582,0.7403662336712847,0.7764746700473686,0.8070505698688496,0.7781105167354285,0.8193876682971177,0.8077703298546277,0.7684711235763666,0.7441143629910225,0.8223282660226776,0.7501045168852968,0.7582160712268575,0.7724321064664729,0.7455849354259352,0.7900688490054117,0.06303868972485249,0.8093310863104175,0.7993035733287439,0.7512165821118694,0.7579087126043583,0.8236406978142286,0.5528433069303736,0.8384256951082028,0.74933002425956,0.805452470133228,0.8298538672370726,0.7518532318798281,0.7503076577687573,0.7502908813976762,0.8039190625370173,0.8045905949279528,0.7474539741458166,0.7622788388422332
0.7706746289961316,0.75986023504923,0.7326250353264718,0.8263328292996985,0.7400038454409721,0.7436859599072323,0.7461945089089119,0.8132371202861973,0.7527374107809495,0.8166235917251943,0.7450925806770963,1.0,0.7468067583420462,0.8143266007586945,0.839125982324219,0.7473845313444492,0.7398385136017601,0.7399392327267131,0.7084395409180468,0.7485055575431321,0.746526878378256,0.7246353806923457,0.75128672055414,0.752517647214216,0.7368872170453092,0.704003767783944,0.7492353521176678,0.8151183764467611,0.7697016609487326,0.7542518182982676,0.8037510842394059,0.7453223832787681,0.07168755222452616,0.7511559498674377,0.7449018545122845,0.7938891620285594,0.730050653079225,0.7543225298211238,0.5957190895539077,0.7508078855061179,0.8100722679807019,0.7511911340583477,0.7513088175320604,0.8206385592575984,0.8171761540280091,0.7606727059733805,0.7535166464766323,0.754045064401205,0.7998966349458977,0.7728722164442325
0.7640925659536817,0.7977568256298924,0.742980027712538,0.7456884383199832,0.7943943495267234,0.7737064318044956,0.7771859141904035,0.7487676002350945,0.7603192125375432,0.7474689789746936,0.8274800561575817,0.7468067583420462,1.0,0.7385880129727549,0.7376192294228272,0.781797123462495,0.7846292325678105,0.8196888851916779,0.7986456087608125,0.7795257664282311,0.8156911632916262,0.8043763536069061,0.832058249706246,0.8094130954417756,0.7716061345776022,0.7397173940288908,0.8328558598035782,0.7433833954118038,0.7609123516240983,0.7673114534343746,0.7408396947092282,0.8212928613712458,0.05979933692484418,0.8243894430678491,0.8006378524635995,0.7470202957038716,0.7692399762959574,0.8259887861823298,0.5519016022621726,0.8397603867720294,0.7467495202261474,0.8046943990588866,0.8329887701423336,0.7450976596318902,0.7450562497500939,0.7432711176974374,0.8018153918935919,0.8014213106288284,0.7348916394545915,0.7578672385942697
0.7529632845232568,0.7492571120474071,0.7371430950541442,0.8360722816984347,0.7363938780286605,0.7349979958446571,0.7434522920463529,0.81619938534165,0.7484038845166019,0.8166218265519737,0.7440450567220781,0.8143266007586945,0.7385880129727549,1.0,0.8335028303356938,0.7412323763618522,0.7420257681249691,0.7431415613335731,0.6999985528990424,0.7468690643292379,0.7487473766322166,0.7169966422121976,0.7533082441162862,0.7401607923049255,0.7290126121471918,0.693840481115233,0.7511048497617968,0.8283729664184326,0.7606533659579445,0.7433519411195431,0.8181324196242352,0.7400782828957898,0.07183004966115702,0.7533869997531024,0.7336580434127066,0.7927758812567782,0.72861368924445,0.7478472729190152,0.5874710153441496,0.7472899214393002,0.8218213396597458,0.7470552228727079,0.7486099649093736,0.8304211235685524,0.8234207579134036,0.7608760133650938,0.7493632476056891,0.7499377157040367,0.8018172338521319,0.7686810333382926
0.7456207622775841,0.7441564270419648,0.7292377686699208,0.843525465502448,0.738968885609359,0.7249075423347702,0.7371797695101063,0.8081050471886596,0.7495331030583583,0.8183867390788842,0.7347429064830611,0.839125982324219,0.7376192294228272,0.8335028303356938,1.0,0.7401208539416606,0.7381700543262463,0.7290812583819883,0.6863690950406826,0.7397557118432472,0.7352381536159451,0.7068166565581343,0.7407066286825431,0.7374587147994737,0.7301570842739938,0.6940795755466962,0.7417755429275006,0.8113211879315916,0.7514176155155801,0.7383120249794952,0.8195796075071342,0.734778154913045,0.07088963637710088,0.7403363245366649,0.7273566362610085,0.7851342816319358,0.7256306770035117,0.7410683372606259,0.5839011713999537,0.7366920928321659,0.8204747372118656,0.7395575280940361,0.7394532537595582,0.8164422350964089,0.8074259947676966,0.7531339111879648,0.7459915886286883,0.7452035722874859,0.7957207526196834,0.7635726908477505
0.765206005083836,0.7753194136828059,0.7495194993948684,0.7558224421558112,0.7599883893682908,0.7734694587595181,0.9019522019382573,0.7542385043096661,0.7745970011217437,0.7486167247984282,0.7784305177635572,0.7473845313444492,0.781797123462495,0.7412323763618522,0.7401208539416606,1.0,0.7734900841798455,0.7955192737343006,0.73355787863403,0.9052798622633177,0.7887583352578666,0.7625479836932959,0.7960778934361821,0.7866355079526381,0.7680632508076779,0.7374053310270601,0.7852175833330235,0.7466279766777757,0.7560821616203254,0.7747494378977923,0.7540280804943039,0.7717098927840105,0.06618185660240705,0.782489163358312,0.7755820892305233,0.7594692397815003,0.8835559923792026,0.7806674976898033,0.5615769211739201,0.7828388929017995,0.7528656259909875,0.7749444345904785,0.7846938673825915,0.7521572294070017,0.7496883374983381,0.7529428798578663,0.7736375491277223,0.7728799984980231,0.74739864865805,0.758514915193136
0.7556701521252246,0.8032712023660997,0.7375020889004585,0.7504199532218515,0.7797879832952354,0.7872211812152815,0.7706276166154945,0.7506830462577113,0.7531183711881131,0.7429082262678601,0.7815104062750421,0.7398385136017601,0.7846292325678105,0.7420257681249691,0.7381700543262463,0.7734900841798455,1.0,0.7843864044087059,0.7318102801779085,0.7713071905483577,0.7788079154514231,0.7557937689884042,0.7967617215531093,0.8119090327466094,0.8013468271401644,0.7562632508946895,0.7854966569600809,0.7452198183781108,0.7533372789747462,0.7548479207619433,0.7395140106318301,0.8008886338622846,0.06467633720151267,0.7924863061357095,0.7898109762954523,0.748802412378766,0.7626013152034539,0.7887845733083862,0.5517820703248887,0.791557028203563,0.7405463439768885,0.7973269856717963,0.7898822508985412,0.7503825912338278,0.7553676109641206,0.7415676355664734,0.8027303893089793,0.8030658667717016,0.7334002933002619,0.7556679807300368
0.7684690707651366,0.7974457449716331,0.7537020130776053,0.7469359824635133,0.7729015048718919,0.7895492776713083,0.8049631689647662,0.7538778598599396,0.7676440806065404,0.7401248508510377,0.8132905068628582,0.7399392327267131,0.8196888851916779,0.7431415613335731,0.7290812583819883,0.7955192737343006,0.7843864044087059,1.0,0.7810566212283028,0.8064806901115554,0.8398289857940386,0.8002137600053861,0.8409035257764188,0.802801821893435,0.7631368509923422,0.733706823598261,0.8297177330718293,0.749637310170516,0.7626780014043958,0.7685600378263059,0.7433818967997254,0.808050815970536,0.0631251023406918,0.8232509757895521,0.8005664306321798,0.757731329404514,0.7858644942804507,0.8096245677892222,0.5547787588110298,0.8353390872129032,0.7437133218699121,0.8138299315290566,0.8231894557197541,0.7489710273358852,0.7461496672940844,0.748300941885621,0.8029069651155756,0.8025852347542226,0.7417291196609928,0.7630505179227389
0.7211779456471026,0.7401468679551733,0.6960378079686628,0.7003596322032367,0.720825718740938,0.7403274044798482,0.73773534293757,0.7004271057413707,0.701534490160038,0.6887964163250127,0.7403662336712847,0.7084395409180468,0.7986456087608125,0.6999985528990424,0.6863690950406826,0.73355787863403,0.7318102801779085,0.7810566212283028,1.0,0.7371331436650455,0.7725904582770268,0.7936163630843082,0.7666349838564314,0.7434314403409286,0.7222892793861807,0.6990471605216422,0.7613666955037813,0.703842981369527,0.716749429596236,0.7152616954199666,0.6938432098091547,0.7806478544911716,0.057534722332634125,0.7623796618522893,0.7534220751790724,0.7080461635763022,0.7279189846608631,0.7529134981442404,0.530275936681491,0.7652536658672052,0.6979613731960943,0.7440830202527298,0.758314172448678,0.7007077817207736,0.7046941984302793,0.6968185637341395,0.7456317042446641,0.7463736116805391,0.6886071273399279,0.7185216776774805
0.7677649746627219,0.7797449219165078,0.7520677238523165,0.7563879477157461,0.7520384771156879,0.7657505895529871,0.9436559847237298,0.7575353721592483,0.7757475387922266,0.7495939517370687,0.7764746700473686,0.7485055575431321,0.7795257664282311,0.7468690643292379,0.7397557118432472,0.9052798622633177,0.7713071905483577,0.8064806901115554,0.7371331436650455,1.0,0.8031818914912583,0.757051783741719,0.8023804104916595,0.7837012559378375,0.7585807487154428,0.7222610032761982,0.7955637672325057,0.7554022968669533,0.7609846321682244,0.7731223507590669,0.7559644187156342,0.7738685554703596,0.066641725673523,0.7850261610722863,0.7770176102340876,0.7631229092762327,0.9064852520366933,0.7822588336663278,0.5619758361681877,0.78928854579509,0.7527885313930276,0.7814482297353259,0.7914423669051424,0.7569144740240582,0.7535404109663043,0.7590119309634002,0.7796398114634115,0.7791833354217286,0.7512988602214195,0.7614966875102114
0.7674887082925812,0.7941475736451404,0.7548081419402397,0.7477461398275349,0.7764600389714889,0.7740196835398424,0.800687729828151,0.7503989536717778,0.7622656013913528,0.7456994707122777,0.8070505698688496,0.746526878378256,0.8156911632916262,0.7487473766322166,0.7352381536159451,0.7887583352578666,0.7788079154514231,0.8398289857940386,0.7725904582770268,0.8031818914912583,1.0,0.7913474029550497,0.8351968253426058,0.7944397464292045,0.7675160728081574,0.7364283688189449,0.8277296494466717,0.751916389083386,0.7602901290208468,0.7667153729225081,0.7438660376981303,0.8047178664088629,0.06340345394680136,0.8226220658747683,0.7984219208838135,0.7584772794580995,0.7796608166306918,0.81371316880676,0.5538682639432237,0.824455587929301,0.7482908044115983,0.7990089094167692,0.820370315333099,0.752258312796611,0.7503269799787021,0.7566123098486558,0.8041904505156832,0.8035032936676959,0.7488548623690912,0.7620035061619918
0.7470738702529922,0.7613548530986608,0.7220272530858369,0.7184215651374599,0.7382068329105755,0.7936636389073735,0.7619709767076771,0.7264602407272277,0.7313876996246853,0.713961788080523,0.7781105167354285,0.7246353806923457,0.8043763536069061,0.7169966422121976,0.7068166565581343,0.7625479836932959,0.7557937689884042,0.8002137600053861,0.7936163630843082,0.757051783741719,0.7913474029550497,1.0,0.8277739934294189,0.7631849895030783,0.7423229689832617,0.7221682035543999,0.7860241506792309,0.727050777927094,0.7328041903829887,0.7335263684136245,0.7150077650966683,0.7848789990324165,0.0675748997585558,0.8135190817335454,0.7663694452900405,0.730000559127149,0.7426563318258047,0.7845719195211194,0.5436833041153935,0.7914267255042766,0.714765228674515,0.7645101462345214,0.783800405854309,0.7254963098523672,0.7253487838495235,0.720615247568775,0.763129624329968,0.763845630563232,0.7180337729282448,0.7413482283292621
0.7760569445349439,0.8012143566486797,0.7564611801577373,0.754740453287582,0.7848967012581646,0.785586508074973,0.8033910856836571,0.7554657065892474,0.7724792790255913,0.7446474290407461,0.8193876682971177,0.75128672055414,0.832058249706246,0.7533082441162862,0.7407066286825431,0.7960778934361821,0.7967617215531093,0.8409035257764188,0.7666349838564314,0.8023804104916595,0.8351968253426058,0.8277739934294189,1.0,0.8094913754953176,0.7793496756094448,0.7403993957833312,0.8421397602443734,0.7559772102150182,0.7671886881820613,0.7700888628741831,0.7525116854198557,0.8203496047021195,0.06322062991610278,0.867755573533314,0.801429612852416,0.7611395903113062,0.7831120772169453,0.8249598558106044,0.5563895808611518,0.8324918805876204,0.7510819519169263,0.8102443409313609,0.8280862495260188,0.7559163205726327,0.7544458802440843,0.7606051868595367,0.8028229189530838,0.804493264761962,0.7506426126196142,0.7700535447193125
0.7716215283235599,0.8385794606902841,0.7426501689854479,0.7549204952745752,0.7904531830728909,0.8015200976516205,0.784683687361603,0.7538061163525259,0.7674403464572981,0.7509619537700649,0.8077703298546277,0.752517647214216,0.8094130954417756,0.7401607923049255,0.7374587147994737,0.7866355079526381,0.8119090327466094,0.802801821893435,0.7434314403409286,0.7837012559378375,0.7944397464292045,0.7631849895030783,0.8094913754953176,1.0,0.8160253224931083,0.7618102246425302,0.803859269930875,0.7473760293629496,0.7590087596215703,0.7763194495709838,0.7478907450179091,0.7983773272378407,0.061375900567827824,0.7951588658410087,0.8287775138072756,0.7470261089900232,0.770699950202585,0.7953444255191725,0.5550855120514093,0.8072496824982157,0.749602479114033,0.8132422400481911,0.8025989394176974,0.7520216771929956,0.7547721306751101,0.7421235491309727,0.8103212574283807,0.8108381293753065,0.7374918685956535,0.758847389384192
0.7511942148545536,0.8056169762281187,0.7243866368308639,0.7405645989707015,0.7789933834813758,0.7977491839655833,0.7594163597847257,0.7352207812153886,0.7451141406791051,0.7316628609365843,0.7684711235763666,0.7368872170453092,0.7716061345776022,0.7290126121471918,0.7301570842739938,0.7680632508076779,0.8013468271401644,0.7631368509923422,0.7222892793861807,0.7585807487154428,0.7675160728081574,0.7423229689832617,0.7793496756094448,0.8160253224931083,1.0,0.7759031278060721,0.7671772599674853,0.7278049126891806,0.7383333309120113,0.7470772131639025,0.7308605727272077,0.7896213501570812,0.05830800683163673,0.7664406705153438,0.7983452549203123,0.7285585451375796,0.7537018393296372,0.7766230034927817,0.5469003461639734,0.7671887837417911,0.7355800834723809,0.7807054467733534,0.7657940101667012,0.7409102860324002,0.7451542111190372,0.7291991419631363,0.7829759893438146,0.7830095531242671,0.7298729342508004,0.7388885825110951
0.7162784023200772,0.7542155988186594,0.6932748820654262,0.7057608735972953,0.7330455152110418,0.7500993853015349,0.723240708965699,0.7052824669212133,0.711421352670398,0.6983870047339074,0.7441143629910225,0.704003767783944,0.7397173940288908,0.693840481115233,0.6940795755466962,0.7374053310270601,0.7562632508946895,0.733706823598261,0.6990471605216422,0.7222610032761982,0.7364283688189449,0.7221682035543999,0.7403993957833312,0.7618102246425302,0.7759031278060721,1.0,0.7347436406681743,0.6990583399237273,0.7063220673192823,0.7139801118584823,0.6965970131281756,0.7366856695560424,0.06061916710903403,0.7341691612243544,0.7526180701586497,0.7002270921099039,0.7153710104323334,0.7431335230535241,0.532128642900281,0.7438610888229007,0.6993008239749628,0.7445569472916519,0.7353295097616981,0.7123789353150962,0.7122448495185243,0.6979199837060526,0.7506272593459052,0.7503711892447935,0.7014647855286202,0.7097177616901897
0.781353355622008,0.8041824836329875,0.7553347535340926,0.7542683381230308,0.7821957626006801,0.773470908377437,0.7921223706390025,0.7559975107469591,0.7770226670840035,0.7541595786184498,0.8223282660226776,0.7492353521176678,0.8328558598035782,0.7511048497617968,0.7417755429275006,0.7852175833330235,0.7854966569600809,0.8297177330718293,0.7613666955037813,0.7955637672325057,0.8277296494466717,0.7860241506792309,0.8421397602443734,0.803859269930875,0.7671772599674853,0.7347436406681743,1.0,0.7544861049573462,0.7671639909706784,0.7752446429398336,0.7540758645368439,0.8066158113962482,0.064922679050334,0.8259016367559816,0.7958517480421534,0.75991298703968,0.775907013962006,0.8387174927000306,0.5550071994935526,0.8370579036192122,0.7562914965950053,0.8071652540090295,0.8593725703651829,0.7570695551974317,0.7498822428905649,0.7682657599802787,0.7977921062322696,0.7978444189098718,0.7499285508403908,0.767748068106776
0.7638359298714857,0.7604958742864143,0.7447469922244692,0.8381703909649638,0.7325646283724698,0.7385898446822178,0.7512262458711623,0.8786740352533042,0.7497051750472599,0.8232940940599418,0.7501045168852968,0.8151183764467611,0.7433833954118038,0.8283729664184326,0.8113211879315916,0.7466279766777757,0.7452198183781108,0.749637310170516,0.703842981369527,0.7554022968669533,0.751916389083386,0.727050777927094,0.7559772102150182,0.7473760293629496,0.7278049126891806,0.6990583399237273,0.7544861049573462,1.0,0.7663739749715173,0.7512436826482247,0.8182081391862047,0.7435816246339274,0.07077778656070244,0.7574360029880155,0.7414865758858575,0.7937890817857228,0.7345267044307302,0.7576257104456279,0.5973247558195358,0.75336515727837,0.8146503538205452,0.7525470057902257,0.7531564447432862,0.9194322818342131,0.8944694334728706,0.7614824444538769,0.7559859739191168,0.755981316988582,0.8171533485663063,0.7706319043487158
0.7781708180409985,0.7662861646478322,0.7499029594351778,0.7613641990573644,0.7489105350956435,0.7556331878630899,0.7595811987977925,0.7677448521463868,0.7620164780414729,0.7672369352310141,0.7582160712268575,0.7697016609487326,0.7609123516240983,0.7606533659579445,0.7514176155155801,0.7560821616203254,0.7533372789747462,0.7626780014043958,0.716749429596236,0.7609846321682244,0.7602901290208468,0.7328041903829887,0.7671886881820613,0.7590087596215703,0.7383333309120113,0.7063220673192823,0.7671639909706784,0.7663739749715173,1.0,0.7687870597353665,0.7541137226392337,0.7558529006855851,0.06667751929213439,0.7648826447824009,0.7531046600401816,0.7648146662550331,0.7407413024567173,0.7670264026953842,0.5622481034255293,0.7712887812584234,0.7610332477270805,0.7624272772108239,0.7655282788844409,0.7666141403764888,0.7661590973515907,0.786676029352345,0.7584748655011381,0.7581829636026001,0.7538993416592066,0.8468233278418111
0.7993978212053032,0.7714250945366358,0.7580343799782578,0.756263354015266,0.7557175646702166,0.7520942782346982,0.7717012247093491,0.7528007585239127,0.8022439669045065,0.7606638762143919,0.7724321064664729,0.7542518182982676,0.7673114534343746,0.7433519411195431,0.7383120249794952,0.7747494378977923,0.7548479207619433,0.7685600378263059,0.7152616954199666,0.7731223507590669,0.7667153729225081,0.7335263684136245,0.7700888628741831,0.7763194495709838,0.7470772131639025,0.7139801118584823,0.7752446429398336,0.7512436826482247,0.7687870597353665,1.0,0.7514573389791983,0.751544849085964,0.07095799306955464,0.7661576466190378,0.7604419297073122,0.7557101655023312,0.7538071068507177,0.7650038728386281,0.5702229596506843,0.7793492391671577,0.7565386538716858,0.775757077326032,0.7710373217042198,0.7559601626702454,0.7545471669451649,0.7694331434893171,0.7727268042665938,0.7734021122771352,0.7481293910580522,0.7734781155129251
0.7566744388094706,0.7531030280930808,0.7408443365315929,0.8329073473909343,0.7391003129823179,0.7344495961522872,0.7527701005940213,0.8168671979299997,0.7563963233419024,0.8332309868862336,0.7455849354259352,0.8037510842394059,0.7408396947092282,0.8181324196242352,0.8195796075071342,0.7540280804943039,0.7395140106318301,0.7433818967997254,0.6938432098091547,0.7559644187156342,0.7438660376981303,0.7150077650966683,0.7525116854198557,0.7478907450179091,0.7308605727272077,0.6965970131281756,0.7540758645368439,0.8182081391862047,0.7541137226392337,0.7514573389791983,1.0,0.7381683385330204,0.08042623297377927,0.7493898431109547,0.7336284666863035,0.7932374039397875,0.7406136966217179,0.7463802092802541,0.5853974398928512,0.7493804011983953,0.8632455857400934,0.7501190388735683,0.750478440781747,0.8244047342548264,0.8125667687156353,0.7610566603013359,0.7503632412736208,0.7506691479202713,0.8001462754129606,0.76147494934938
0.7603752914309363,0.7857279767532215,0.7353145222403054,0.7484927836430925,0.7853765132650513,0.7757006351991158,0.7738882581203208,0.7435370336795983,0.7547417422082354,0.7351778670500384,0.7900688490054117,0.7453223832787681,0.8212928613712458,0.7400782828957898,0.734778154913045,0.7717098927840105,0.8008886338622846,0.808050815970536,0.7806478544911716,0.7738685554703596,0.8047178664088629,0.7848789990324165,0.8203496047021195,0.7983773272378407,0.7896213501570812,0.7366856695560424,0.8066158113962482,0.7435816246339274,0.7558529006855851,0.751544849085964,0.7381683385330204,1.0,0.06378692929896823,0.8079180133038447,0.7837649708512207,0.7398238241977992,0.7659671769742601,0.8102026645268369,0.5504180925979298,0.8113986595415945,0.7405215911223448,0.7909801379582602,0.8105773177555411,0.743174221376242,0.7485892758269035,0.7364223784265533,0.7958869993325988,0.7964614697024123,0.7294471815318873,0.7510627988251446
0.06696234637237541,0.06006856880331868,0.0722954621533568,0.0728293933566102,0.06579947701399735,0.07092100591476846,0.06682877662763864,0.06803791228485556,0.07074427744064782,0.06763487074047292,0.06303868972485249,0.07168755222452616,0.05979933692484418,0.07183004966115702,0.07088963637710088,0.06618185660240705,0.06467633720151267,0.0631251023406918,0.057534722332634125,0.066641725673523,0.06340345394680136,0.0675748997585558,0.06322062991610278,0.061375900567827824,0.05830800683163673,0.06061916710903403,0.064922679050334,0.07077778656070244,0.06667751929213439,0.07095799306955464,0.08042623297377927,0.06378692929896823,1.0,0.06365362820250242,0.05779873285362991,0.07006521463842985,0.06616511665923497,0.061196243844055975,0.05636267919958282,0.064134403904754,0.07352487735502755,0.061174167792362066,0.059186986914033124,0.070614015874781,0.068164262370222,0.06665546949958412,0.06381301329140832,0.06522016468934988,0.06745812125570483,0.06746801595906238
0.7719444846830734,0.7939488877697285,0.7535686270997622,0.7502636746091049,0.7796149852766544,0.7791898607245045,0.7852356365764701,0.7579288798104263,0.7682020288561814,0.7448306033605422,0.8093310863104175,0.7511559498674377,0.8243894430678491,0.7533869997531024,0.7403363245366649,0.782489163358312,0.7924863061357095,0.8232509757895521,0.7623796618522893,0.7850261610722863,0.8226220658747683,0.8135190817335454,0.867755573533314,0.7951588658410087,0.7664406705153438,0.7341691612243544,0.8259016367559816,0.7574360029880155,0.7648826447824009,0.7661576466190378,0.7493898431109547,0.8079180133038447,0.06365362820250242,1.0,0.7959378077088466,0.7642150051200743,0.7644159862895198,0.8159851526052646,0.559217302102547,0.8304756478781493,0.7517275576445521,0.8035128818572428,0.8246467759385175,0.7561583688972575,0.7568206655608125,0.7513777745738766,0.8006239903205141,0.8019819974796314,0.7487316889537203,0.7698398213051623
0.7574408292345107,0.8268177500109257,0.7392986150307925,0.7401491731931862,0.7676453070374465,0.8011063533969145,0.7773380356532755,0.7374613059438153,0.7547984778652752,0.7350477751140478,0.7993035733287439,0.7449018545122845,0.8006378524635995,0.7336580434127066,0.7273566362610085,0.7755820892305233,0.7898109762954523,0.8005664306321798,0.7534220751790724,0.7770176102340876,0.7984219208838135,0.7663694452900405,0.801429612852416,0.8287775138072756,0.7983452549203123,0.7526180701586497,0.7958517480421534,0.7414865758858575,0.7531046600401816,0.7604419297073122,0.7336284666863035,0.7837649708512207,0.05779873285362991,0.7959378077088466,1.0,0.7407640619683837,0.758089609818186,0.7898772363751094,0.5573923649893409,0.8056473232387965,0.7341572144997919,0.8123950024428194,0.802541448316744,0.7401639084997953,0.7395955629220091,0.7412306113136534,0.8096328255711567,0.8096268685977823,0.734852536658126,0.7521151373554096
0.7595466054374382,0.7502572569238677,0.7472473440742184,0.7968686571872203,0.7315427972127069,0.7437426674777059,0.7619455060624997,0.7990643369495558,0.7566922763039698,0.8033233598879225,0.7512165821118694,0.7938891620285594,0.7470202957038716,0.7927758812567782,0.7851342816319358,0.7594692397815003,0.748802412378766,0.757731329404514,0.7080461635763022,0.7631229092762327,0.7584772794580995,0.730000559127149,0.7611395903113062,0.7470261089900232,0.7285585451375796,0.7002270921099039,0.75991298703968,0.7937890817857228,0.7648146662550331,0.7557101655023312,0.7932374039397875,0.7398238241977992,0.07006521463842985,0.7642150051200743,0.7407640619683837,1.0,0.7472897425374778,0.7578459642045812,0.5975357096605731,0.754366131792676,0.7895689216261883,0.7530087460972018,0.7561481470857782,0.7987310946222498,0.7981138379561364,0.7593470853034182,0.7507527808687144,0.751004021682717,0.7945367461349028,0.7716402181044466
0.7499555147786752,0.7613623532306133,0.7356051217504165,0.7404326615295863,0.7468331058764076,0.7526958210180488,0.9065262643546339,0.7380880761315328,0.7584623593438601,0.732730225358972,0.7579087126043583,0.730050653079225,0.7692399762959574,0.72861368924445,0.7256306770035117,0.8835559923792026,0.7626013152034539,0.7858644942804507,0.7279189846608631,0.9064852520366933,0.7796608166306918,0.7426563318258047,0.7831120772169453,0.770699950202585,0.7537018393296372,0.7153710104323334,0.775907013962006,0.7345267044307302,0.7407413024567173,0.7538071068507177,0.7406136966217179,0.7659671769742601,0.06616511665923497,0.7644159862895198,0.758089609818186,0.7472897425374778,1.0,0.7660281483512568,0.5518119824181849,0.7687198498389722,0.7401295063002242,0.7624461488904171,0.7752414402568625,0.7379474002280613,0.7351082522837,0.7373317854835464,0.7607252173559454,0.7598974788538169,0.7319670861728349,0.7407193836502965
0.7804627748254749,0.8083983266874566,0.7528054553802072,0.7524852433833029,0.7879804645664624,0.7858066581866692,0.7786632575212288,0.7602190607971302,0.765943181864735,0.7483748496397467,0.8236406978142286,0.7543225298211238,0.8259887861823298,0.7478472729190152,0.7410683372606259,0.7806674976898033,0.7887845733083862,0.8096245677892222,0.7529134981442404,0.7822588336663278,0.81371316880676,0.7845719195211194,0.8249598558106044,0.7953444255191725,0.7766230034927817,0.7431335230535241,0.8387174927000306,0.7576257104456279,0.7670264026953842,0.7650038728386281,0.7463802092802541,0.8102026645268369,0.061196243844055975,0.8159851526052646,0.7898772363751094,0.7578459642045812,0.7660281483512568,1.0,0.5583001143921968,0.8319844787242896,0.7528572495778891,0.8037065084582241,0.8558797043039964,0.7602144165735396,0.7617563254735984,0.7579134232477552,0.8087115270361488,0.8084370578552473,0.7560293295847919,0.7662775707752592
0.5925590565221543,0.5582421863136612,0.5508951517220104,0.5961991053005706,0.5546553760179049,0.5556712940312405,0.5622716310146807,0.5938821930329681,0.5680170811535104,0.596204746088991,0.5528433069303736,0.5957190895539077,0.5519016022621726,0.5874710153441496,0.5839011713999537,0.5615769211739201,0.5517820703248887,0.5547787588110298,0.530275936681491,0.5619758361681877,0.5538682639432237,0.5436833041153935,0.5563895808611518,0.5550855120514093,0.5469003461639734,0.532128642900281,0.5550071994935526,0.5973247558195358,0.5622481034255293,0.5702229596506843,0.5853974398928512,0.5504180925979298,0.05636267919958282,0.559217302102547,0.5573923649893409,0.5975357096605731,0.5518119824181849,0.5583001143921968,1.0,0.55311288228384,0.5855596522426976,0.5630192125625395,0.5609948301396566,0.6022606708173851,0.597925597234765,0.5581388916488024,0.560097461964939,0.5598489496854393,0.5981837411640878,0.5701572705710309
