../ecoli_genomes/GCF_000163235.1_ASM16323v1_genomic.fna.gz,../ecoli_genomes/GCF_000164555.1_ASM16455v1_genomic.fna.gz,../ecoli_genomes/GCF_000208545.1_ASM20854v2_genomic.fna.gz,../ecoli_genomes/GCF_000233875.1_ASM23387v1_genomic.fna.gz,../ecoli_genomes/GCF_000249735.1_ASM24973v2_genomic.fna.gz,../ecoli_genomes/GCF_000261145.1_Esch_coli_M919_V2_genomic.fna.gz,../ecoli_genomes/GCF_000267705.2_ASM26770v2_genomic.fna.gz,../ecoli_genomes/GCF_000350665.1_Esch_coli_KTE5_V1_genomic.fna.gz,../ecoli_genomes/GCF_000351625.1_Esch_coli_KTE66_V1_genomic.fna.gz,../ecoli_genomes/GCF_000352285.1_Esch_coli_KTE46_V1_genomic.fna.gz,../ecoli_genomes/GCF_000358895.1_ASM35889v1_genomic.fna.gz,../ecoli_genomes/GCF_000456385.1_Esch_coli_HVH_26_4-5703913_V1_genomic.fna.gz,../ecoli_genomes/GCF_000458195.1_Esch_coli_HVH_147_4-5893887_V1_genomic.fna.gz,../ecoli_genomes/GCF_000459755.1_Esch_coli_KOEGE_58_171a_V1_genomic.fna.gz,../ecoli_genomes/GCF_000460055.1_Esch_coli_UMEA_3053-1_V1_genomic.fna.gz,../ecoli_genomes/GCF_000462165.2_ASM46216v2_genomic.fna.gz,../ecoli_genomes/GCF_000601135.1_ASM60113v1_genomic.fna.gz,../ecoli_genomes/GCF_000614595.1_Ec2010EL1058_genomic.fna.gz,../ecoli_genomes/GCF_000617745.1_Ec2010C-4529_genomic.fna.gz,../ecoli_genomes/GCF_000618265.2_EcF6751_genomic.fna.gz,../ecoli_genomes/GCF_000619005.2_Ec2009C-4052_genomic.fna.gz,../ecoli_genomes/GCF_000619105.1_Ec2009C-4780_genomic.fna.gz,../ecoli_genomes/GCF_000619765.2_Ec2009C-3279_genomic.fna.gz,../ecoli_genomes/GCF_000687005.1_ASM68700v1_genomic.fna.gz,../ecoli_genomes/GCF_000687025.1_ASM68702v1_genomic.fna.gz,../ecoli_genomes/GCF_000700125.1_ASM70012v1_genomic.fna.gz,../ecoli_genomes/GCF_000753315.1_FHI35_genomic.fna.gz,../ecoli_genomes/GCF_000776375.1_ASM77637v1_genomic.fna.gz,../ecoli_genomes/GCF_000779395.1_ASM77939v1_genomic.fna.gz,../ecoli_genomes/GCF_000780315.1_ASM78031v1_genomic.fna.gz,../ecoli_genomes/GCF_000781995.1_ASM78199v1_genomic.fna.gz,../ecoli_genomes/GCF_000986765.1_ASM98676v1_genomic.fna.gz,../ecoli_genomes/GCF_001041375.1_ViralProj287958_genomic.fna.gz,../ecoli_genomes/GCF_001265335.1_302014_genomic.fna.gz,../ecoli_genomes/GCF_001265625.1_100854_genomic.fna.gz,../ecoli_genomes/GCF_001267345.1_303289_genomic.fna.gz,../ecoli_genomes/GCF_001309985.1_ASM130998v1_genomic.fna.gz,../ecoli_genomes/GCF_001521695.1_ASM152169v1_genomic.fna.gz,../ecoli_genomes/GCF_001592595.1_ASM159259v1_genomic.fna.gz,../ecoli_genomes/GCF_001614975.1_ASM161497v1_genomic.fna.gz,../ecoli_genomes/GCF_001692775.1_ASM169277v1_genomic.fna.gz,../ecoli_genomes/GCF_001748915.1_ASM174891v1_genomic.fna.gz,../ecoli_genomes/GCF_001749235.1_ASM174923v1_genomic.fna.gz,../ecoli_genomes/GCF_001881155.1_ASM188115v1_genomic.fna.gz,../ecoli_genomes/GCF_001881345.1_ASM188134v1_genomic.fna.gz,../ecoli_genomes/GCF_001892405.1_ASM189240v1_genomic.fna.gz,../ecoli_genomes/GCF_001892585.1_ASM189258v1_genomic.fna.gz,../ecoli_genomes/GCF_001893985.1_ASM189398v1_genomic.fna.gz,../ecoli_genomes/GCF_002001595.1_ASM200159v1_genomic.fna.gz,../ecoli_genomes/GCF_002002145.1_ASM200214v1_genomic.fna.gz
1.0,0.7812777337456064,0.7520038731719917,0.7514125921169574,0.7434472471074498,0.7718276627677365,0.76859794327526,0.7593688866229885,0.7775681581746374,0.759624289350676,0.7766507758562368,0.7581802106742834,0.7670157981022707,0.7500158793268681,0.7366090482824841,0.7684427131450695,0.7415130798736147,0.770514731534448,0.7467030443743012,0.769079534874047,0.7584891230450383,0.7525684042877274,0.7746067920947183,0.7374726373906604,0.743292157402441,0.7466462856526246,0.7650704284721646,0.7486721667728049,0.7644531919214608,0.7776295718871786,0.7327235278798414,0.7639276008650775,0.06647568187485886,0.7678026254161205,0.7569242325366596,0.7443646317822012,0.7538500765408626,0.7766208363279521,0.6546642086150907,0.760455078825629,0.7426040311430222,0.767083331673047,0.7707343332413805,0.7542420837756472,0.7589389986033943,0.7606549120008298,0.7710972901624497,0.7706940388337569,0.747074620099948,0.779829478332192
0.7812777337456064,1.0,0.763476390651562,0.758691641143098,0.7505242552057868,0.8145417611751194,0.7818035717264249,0.7625324111373915,0.7664958288739105,0.7667548466320983,0.8006623368774084,0.7682831758571369,0.7923266174289096,0.7530364520319455,0.7457075683621515,0.779095504771842,0.7797767259264557,0.800939477621423,0.7658887131652327,0.7817306621017602,0.7867644570227332,0.7713720342856981,0.8000102276584913,0.7923522143993829,0.7897605538937591,0.7752817646823359,0.785498167629589,0.7545141370545418,0.7752532680346222,0.7780291576345183,0.7350869244936051,0.7911621896899095,0.05951150302501784,0.7999690379776478,0.820864187368915,0.7513396212360481,0.764837435907,0.7972844322283531,0.6514824956569492,0.7739958274892386,0.7445292021396415,0.772598858532643,0.7953309327754303,0.7617205909287934,0.7602597770344348,0.7636663121599494,0.8126252658798667,0.8129024323413953,0.7640728552725398,0.7545482492017429
0.7520038731719917,0.763476390651562,1.0,0.7329534503577813,0.7180118860210608,0.7358302764264057,0.7486211410072026,0.7314076453208489,0.7426708902270835,0.7321938023550373,0.7502538572227976,0.7376254984093845,0.7518532751042434,0.7301414554564443,0.7245042821494778,0.7530014266327875,0.7196801205148888,0.7616004139650259,0.729968333497202,0.7523479250894657,0.748504326551336,0.7356786324217244,0.7628904324172376,0.7120946390856803,0.713028946654428,0.7240370161873735,0.7510114613521726,0.7287503931209818,0.7490653943286512,0.7510468896970295,0.7151004889153441,0.7444984067730078,0.054989107238473944,0.7581353145144211,0.7308053843898119,0.729150661244705,0.7387231226298103,0.7484613461018568,0.6267379951057503,0.7469040608567687,0.7209222103135121,0.7350161636812995,0.7544971587111773,0.735634049977361,0.7317954505162734,0.7445681737721679,0.7582201029478064,0.7578313825865591,0.7333756619500242,0.752834170201352
0.7514125921169574,0.758691641143098,0.7329534503577813,1.0,0.7275218418454727,0.7467321947962414,0.7472177149830643,0.8240064711321733,0.7541129395261836,0.8329484099470923,0.7508924950314628,0.8321657218470399,0.7495116448675375,0.8423021178743927,0.8476949238343003,0.7465127157667358,0.7325934514065711,0.7511547424726887,0.7273246872582659,0.7462311921506999,0.7455713802788798,0.7304092976930627,0.7486842244342057,0.7247280025527347,0.7296176911779952,0.7287768568999495,0.7292939434971032,0.8299360341588808,0.7563263729062688,0.7543113790919735,0.8219826825397037,0.7528139734877476,0.051195606517878134,0.7495355914519257,0.7393442688265393,0.791677207804669,0.7378731349495926,0.7358075211005229,0.6841245275805321,0.7155041483694082,0.8298397608813529,0.7101686940349325,0.7394493033546741,0.8363176615051797,0.8343406354197419,0.7592357959346742,0.7537065413113504,0.7544666920763389,0.8120979147551627,0.741228258792114
0.7434472471074498,0.7505242552057868,0.7180118860210608,0.7275218418454727,1.0,0.7566717904771357,0.7328443517599968,0.726380893948621,0.7345846585156972,0.726241945820794,0.778217225072278,0.7186872040866935,0.7771403712231946,0.727026201270101,0.7240939719400417,0.7403581185580511,0.7596047692805689,0.7655832884055938,0.7433955874971262,0.7331707771221949,0.7628642353054443,0.7351299790004147,0.7664189956045121,0.7501286665529273,0.7463899243114583,0.7659464906935631,0.762543926637271,0.7072666906838307,0.736231505777687,0.7365351846263198,0.7143564133568163,0.7783406559755872,0.05732306423563627,0.7670401076442575,0.7555566647901615,0.7030259291731233,0.731812415808665,0.7749208845933585,0.6428454730646471,0.7662298255519169,0.7252535303573802,0.759585233102332,0.773672242663086,0.717861345773932,0.7218722684214659,0.7183133986345103,0.7631256925018053,0.7625057116152915,0.7145846028940772,0.7358391882933759
0.7718276627677365,0.8145417611751194,0.7358302764264057,0.7467321947962414,0.7566717904771357,1.0,0.7785555117878654,0.7524927214892625,0.7522281919770596,0.7480281847046901,0.782556352767988,0.7517786277324581,0.7793119708354733,0.745798593534337,0.7306216467769016,0.7739963714914371,0.7860900046902807,0.7823938155546375,0.772929467898575,0.771663899251474,0.7735033685311911,0.8054595735098817,0.7874956986571251,0.7916978523022227,0.8000279714961558,0.7708141189175807,0.7650718844080271,0.7396767292659159,0.7574671347681796,0.752176098074891,0.7219288980684828,0.7886463068747622,0.05078955587205869,0.7947009065534323,0.8098667567732521,0.7346722557091754,0.7593946766794621,0.7861775790869643,0.6406852698866541,0.7664716293820779,0.7369275465378005,0.7680144159010069,0.7766205390924378,0.7471457840352811,0.7495587472767096,0.7482437845923748,0.7979241958651694,0.7980122258100053,0.7484919924120628,0.7466761614261996
0.76859794327526,0.7818035717264249,0.7486211410072026,0.7472177149830643,0.7328443517599968,0.7785555117878654,1.0,0.7490192583095281,0.7598941825209304,0.7462063524871785,0.7737895971453932,0.7461862449526989,0.7721739981446764,0.7504165720009752,0.7346636028739787,0.9027627891376117,0.7463052949814939,0.7990963364317621,0.76784987927665,0.9472964369304002,0.7870748339741701,0.7630802629879705,0.794081264773966,0.7430106757373364,0.7446623992952159,0.7423541867870789,0.7687522503411165,0.7417659120352287,0.7595152836591637,0.7635041747415332,0.7271598032455511,0.7733277301240371,0.06282396754822539,0.7848833962248672,0.7698453144064643,0.7520969192308015,0.9101654837800073,0.762639141087132,0.6428512421576713,0.7533525324393606,0.7337701496802731,0.7499144210546415,0.7733706658800676,0.745940342364025,0.7470723040086342,0.7499011664445455,0.7802113735120741,0.7804458487838697,0.7493889820966972,0.7523841702658708
0.7593688866229885,0.7625324111373915,0.7314076453208489,0.8240064711321733,0.726380893948621,0.7524927214892625,0.7490192583095281,1.0,0.7533021783140849,0.8315237980554511,0.748065992356981,0.828681820702923,0.7505675749130689,0.8240825749436662,0.8210415368933026,0.746675837437144,0.7274950503796089,0.7507801686050972,0.7246874162242478,0.748153769409984,0.7460659469596976,0.7367207776832658,0.7470600998891372,0.7306883581793255,0.7286966945212312,0.727895972027661,0.7330798246400008,0.8844207321522568,0.7562743834335766,0.7592114235284511,0.8134486969158091,0.7502298209351441,0.056394134468122026,0.7545755470382893,0.7426507612572497,0.7925623507794458,0.7359826039159867,0.7526782613506393,0.6849665525062663,0.7191555608709883,0.8181461337064221,0.7173860341505174,0.7451123059593558,0.8877173635799309,0.8773064634242265,0.7602853762919979,0.7552095327834437,0.7556120628728611,0.8107078790622685,0.7411332911427979
0.7775681581746374,0.7664958288739105,0.7426708902270835,0.7541129395261836,0.7345846585156972,0.7522281919770596,0.7598941825209304,0.7533021783140849,1.0,0.7608859466088678,0.7607339590753477,0.7521403456536737,0.7632427607059775,0.750172377710107,0.7493870368535236,0.7685078767450003,0.7372104397571843,0.7696707587013887,0.729788637984255,0.7639613538214182,0.7524376881089316,0.7382185082603352,0.7585889786198428,0.7394109954187007,0.7285193928077185,0.7284752243424042,0.7381539078626663,0.7457819448908662,0.7751504338631068,0.8012491530284594,0.7439666328419687,0.7558811441761122,0.054243282857728614,0.7666403508921884,0.7561947550462534,0.7483293142936509,0.7540083642759502,0.7460844781912929,0.6405926104641104,0.7253471168623103,0.743420933294054,0.7214304645973164,0.7510292087013001,0.7521148195667191,0.7530197969635289,0.7574251508053396,0.7651879347173274,0.7643863978041999,0.7525170276778939,0.7434467545980925
0.759624289350676,0.7667548466320983,0.7321938023550373,0.8329484099470923,0.726241945820794,0.7480281847046901,0.7462063524871785,0.8315237980554511,0.7608859466088678,1.0,0.7538125507464494,0.8213368264154162,0.757311288595861,0.8279120019686187,0.8223380333493846,0.7491448187344263,0.7312334254601063,0.753273766517387,0.7217115607548974,0.745768124735843,0.745138894984375,0.7337792036193083,0.7453882655523105,0.7312822607124952,0.7292061703634967,0.7307786373430087,0.7307973668091816,0.8261811838067459,0.7673461812796964,0.7668786729909389,0.8224772803920807,0.747855230480319,0.05439894494449471,0.7516234144863464,0.740269710197613,0.7970391170575284,0.7382605035243135,0.7387793238860522,0.6890014448146202,0.7183879947688623,0.8275647000648378,0.711538461805048,0.7399224440835253,0.8295607147403103,0.8310204404177264,0.7606445137394209,0.7570733041698156,0.7569545175334493,0.8171851785409655,0.743964880748474
0.7766507758562368,0.8006623368774084,0.7502538572227976,0.7508924950314628,0.778217225072278,0.782556352767988,0.7737895971453932,0.748065992356981,0.7607339590753477,0.7538125507464494,1.0,0.7511521297870059,0.8268968137499194,0.750414134470024,0.7361990387258094,0.7768356938911778,0.7605133411476219,0.821301631136291,0.7846640581331259,0.773073365402691,0.8049403662094444,0.7924897923113595,0.8213665813890157,0.7644773580147324,0.7510786462075766,0.7700134653266993,0.8138863184814503,0.7446654466066671,0.7568003880808771,0.7703507557344871,0.7314627178417588,0.8024295452874802,0.05995023522496423,0.8126068023154729,0.7929851615936625,0.7404587613136748,0.7612795481568728,0.8098527427856669,0.6429267812240019,0.8127575363301277,0.7397568156659536,0.7819287761524932,0.8256985822301615,0.7464797688445298,0.7488125609857171,0.7442221175668138,0.8028416570580519,0.8036756954951529,0.7507301273645335,0.7561890319774045
0.7581802106742834,0.7682831758571369,0.7376254984093845,0.8321657218470399,0.7186872040866935,0.7517786277324581,0.7461862449526989,0.828681820702923,0.7521403456536737,0.8213368264154162,0.7511521297870059,1.0,0.7518586743484843,0.8244191460103109,0.842151682406756,0.7464334278727955,0.7277376878617596,0.7541483762425324,0.7246782354071916,0.7446071357817636,0.7475799899104412,0.7396921120003443,0.7489569831373122,0.7306077004545334,0.7221991721683171,0.7227076175193569,0.7305614602434611,0.8290492503415705,0.7621879615755064,0.7585653427378212,0.7937403571155875,0.7478397219393174,0.06151592097313929,0.753360668333128,0.7424300800640828,0.7846139468658091,0.7342316899043387,0.7434868141561728,0.6804707275052319,0.7197083982379942,0.8093750083681895,0.7135994732516616,0.7448382171089871,0.8299788570749945,0.8317780175747524,0.762717650234302,0.7595101276556311,0.7601045245630723,0.8049550832047795,0.7436334154382374
0.7670157981022707,0.7923266174289096,0.7518532751042434,0.7495116448675375,0.7771403712231946,0.7793119708354733,0.7721739981446764,0.7505675749130689,0.7632427607059775,0.757311288595861,0.8268968137499194,0.7518586743484843,1.0,0.74535728364806,0.7461163001689937,0.7788876214607213,0.7615199000584649,0.8247345939713233,0.8145562007459889,0.7738049352138311,0.8170876890282892,0.8054474261840942,0.8374959875108756,0.7634277221084076,0.7487841243842179,0.7679768770977295,0.8195270624520161,0.7385275150601407,0.7554039773864544,0.7749450817629115,0.7323917687334628,0.8238856950028338,0.05880165914393731,0.8310538915511795,0.7901084296543611,0.7333966145450488,0.7658710210719399,0.8159383135024189,0.6411730406493749,0.8158983898537965,0.7396574454684147,0.7770544773195363,0.8320166221931462,0.7425489742010527,0.7421771884378399,0.7394071685333113,0.8009267039425224,0.8009071918973282,0.748624561603509,0.7526786427511972
0.7500158793268681,0.7530364520319455,0.7301414554564443,0.8423021178743927,0.727026201270101,0.745798593534337,0.7504165720009752,0.8240825749436662,0.750172377710107,0.8279120019686187,0.750414134470024,0.8244191460103109,0.74535728364806,1.0,0.8418330339592721,0.7495231186332285,0.7213398982348819,0.7517213131401345,0.7280461659724055,0.7503632184246561,0.746087484846841,0.728265824487121,0.7483725495748617,0.7155248050755992,0.7168831382745012,0.7192506797532534,0.7303235552292449,0.833702786378222,0.7634960632974058,0.7560553363433913,0.8189609701860259,0.744215984907991,0.05457142854891839,0.7500004177444529,0.7389892328781607,0.7899315395101081,0.7375847431016362,0.7390183548190826,0.6843720013106179,0.7177283760004506,0.8250570825687996,0.7163611169101921,0.7401995030498981,0.8335322503525928,0.8320467992862445,0.7658305322730452,0.7555337127755705,0.7561101792040308,0.8148041201637685,0.7467974660065804
0.7366090482824841,0.7457075683621515,0.7245042821494778,0.8476949238343003,0.7240939719400417,0.7306216467769016,0.7346636028739787,0.8210415368933026,0.7493870368535236,0.8223380333493846,0.7361990387258094,0.842151682406756,0.7461163001689937,0.8418330339592721,1.0,0.7361495725788887,0.7191486642215346,0.7442978252352391,0.7142746152533975,0.7346027874970837,0.7358438088014898,0.7168617535503847,0.7376152203444315,0.7182105612120293,0.7168106167218793,0.7200730901660861,0.7184286396740076,0.8170334346944462,0.7498718698768371,0.7499700279970252,0.8179840202621087,0.7419108899605547,0.05515347487919675,0.7408562564402958,0.7324280694569396,0.7841455692146737,0.7252547420703708,0.7255862954870693,0.6766358743749332,0.7035440961285215,0.8210721366982595,0.6997445332515976,0.7287199870451362,0.8210576345585923,0.821428303936621,0.7570582318214374,0.7498294944727488,0.7502980304786103,0.7968815846169852,0.7343494827661968
0.7684427131450695,0.779095504771842,0.7530014266327875,0.7465127157667358,0.7403581185580511,0.7739963714914371,0.9027627891376117,0.746675837437144,0.7685078767450003,0.7491448187344263,0.7768356938911778,0.7464334278727955,0.7788876214607213,0.7495231186332285,0.7361495725788887,1.0,0.7439239092202434,0.7968676737651632,0.7647229974719871,0.9070657860386834,0.7782968040740185,0.7594918368615833,0.7860522258087269,0.7476913111434008,0.7462819967111664,0.744247173594614,0.7646629150946384,0.7397698788465291,0.75933754239186,0.772821641307142,0.7315097014857725,0.7703408371701548,0.061997714151625805,0.780897470221362,0.7734427789825193,0.7508105059661111,0.8892476202444567,0.760294757929474,0.6395957214990258,0.7536522256439462,0.7352464968470642,0.7473021424253194,0.7725430627469401,0.7433372815545979,0.7451825615719941,0.7514309568089721,0.7797044909340756,0.7792781734637273,0.749982237587766,0.7521743385153261
0.7415130798736147,0.7797767259264557,0.7196801205148888,0.7325934514065711,0.7596047692805689,0.7860900046902807,0.7463052949814939,0.7274950503796089,0.7372104397571843,0.7312334254601063,0.7605133411476219,0.7277376878617596,0.7615199000584649,0.7213398982348819,0.7191486642215346,0.7439239092202434,1.0,0.7586755860766429,0.7395361668378008,0.7434912293231888,0.7528898158830692,0.744490693805552,0.7659219934664221,0.8079368343929568,0.7878836835932107,0.7918144270947403,0.7476279263083827,0.716072977402328,0.7344547781842647,0.7389471700070023,0.7114627354813583,0.790456874819123,0.0597127781454414,0.7810564648193038,0.7741159971393057,0.7158133682562207,0.7399384402038146,0.7632408670614341,0.6280337068991537,0.7405182689028936,0.7194054657512208,0.745052563549899,0.7641625438749446,0.7238939474840799,0.7294281160531296,0.7323044029573451,0.7853212183018807,0.7847708194630993,0.7216590013157291,0.7218209300791292
0.770514731534448,0.800939477621423,0.7616004139650259,0.7511547424726887,0.7655832884055938,0.7823938155546375,0.7990963364317621,0.7507801686050972,0.7696707587013887,0.753273766517387,0.821301631136291,0.7541483762425324,0.8247345939713233,0.7517213131401345,0.7442978252352391,0.7968676737651632,0.7586755860766429,1.0,0.8081512391388248,0.8008179732724138,0.8290151713149527,0.796422051088408,0.8379542204822691,0.760352937089121,0.7468519040589074,0.764488954881777,0.8128197758844725,0.741496600424367,0.7659786137142518,0.7815448232119953,0.7302984539116841,0.8025496063269166,0.05513682521595886,0.8258359860979481,0.7935204654230149,0.751139617096214,0.7894378206367314,0.8063930848339683,0.6440605355461091,0.8003330123874244,0.7373669458647343,0.7747082560803656,0.825373382689107,0.7462703865551154,0.7462649587518595,0.7540091619322082,0.8101852902537064,0.8104985758426958,0.7487760713299245,0.7550816156722397
0.7467030443743012,0.7658887131652327,0.729968333497202,0.7273246872582659,0.7433955874971262,0.772929467898575,0.76784987927665,0.7246874162242478,0.729788637984255,0.7217115607548974,0.7846640581331259,0.7246782354071916,0.8145562007459889,0.7280461659724055,0.7142746152533975,0.7647229974719871,0.7395361668378008,0.8081512391388248,1.0,0.7645783309282428,0.7959174795608147,0.8015921433658034,0.8075971733270872,0.7355162026198014,0.7313915261131723,0.7370562457628941,0.7900207862370991,0.7165541761676402,0.7347694469928072,0.7399856512126064,0.7052958809229201,0.7957497478990612,0.05760803535219017,0.7928804836775993,0.768350966928997,0.7233865583621724,0.753772864072106,0.7817513792777512,0.6246024952508487,0.7855871006164007,0.7158512928814745,0.7641458667721756,0.7950015022393756,0.721370630191146,0.7247534668544354,0.7243851517562105,0.7707809979086311,0.7716448838843766,0.7229389449812972,0.7408271256778551
0.769079534874047,0.7817306621017602,0.7523479250894657,0.7462311921506999,0.7331707771221949,0.771663899251474,0.9472964369304002,0.748153769409984,0.7639613538214182,0.745768124735843,0.773073365402691,0.7446071357817636,0.7738049352138311,0.7503632184246561,0.7346027874970837,0.9070657860386834,0.7434912293231888,0.8008179732724138,0.7645783309282428,1.0,0.786833856416646,0.7554177644815221,0.7930770753154824,0.740418472651973,0.7432222305379614,0.742678238983257,0.768062781786436,0.7414716838269557,0.7607422081607892,0.7669492954147262,0.7280120274772728,0.7718657866684888,0.06258197554157985,0.7825034545079594,0.7700987253997735,0.7515208398418654,0.9134678642413362,0.7624601555574065,0.6415144561566068,0.7539668697392428,0.732826792790832,0.7505309412252784,0.7748380940953892,0.7448649317669112,0.7454993076171679,0.7524111864070019,0.7801012148059946,0.7799842489250355,0.7489385038885126,0.752954040518904
0.7584891230450383,0.7867644570227332,0.748504326551336,0.7455713802788798,0.7628642353054443,0.7735033685311911,0.7870748339741701,0.7460659469596976,0.7524376881089316,0.745138894984375,0.8049403662094444,0.7475799899104412,0.8170876890282892,0.746087484846841,0.7358438088014898,0.7782968040740185,0.7528898158830692,0.8290151713149527,0.7959174795608147,0.786833856416646,1.0,0.7873609731011241,0.8337735714751757,0.7546300391449774,0.7402368315901549,0.7586451567586505,0.8057858462292772,0.7388333981455126,0.7492293476052412,0.7657380048000322,0.7270905446748033,0.8030505098539762,0.06522800654687844,0.8234685298149408,0.7873221380069402,0.7482695690185631,0.7734707854390632,0.8003765083940125,0.6442862142324917,0.7944978029161921,0.7401081447989106,0.7635541350605628,0.817212545997978,0.7430225178797908,0.7475288240416003,0.7485987958347065,0.799314252785093,0.8000351282910118,0.745642945845207,0.7436107131281717
0.7525684042877274,0.7713720342856981,0.7356786324217244,0.7304092976930627,0.7351299790004147,0.8054595735098817,0.7630802629879705,0.7367207776832658,0.7382185082603352,0.7337792036193083,0.7924897923113595,0.7396921120003443,0.8054474261840942,0.728265824487121,0.7168617535503847,0.7594918368615833,0.744490693805552,0.796422051088408,0.8015921433658034,0.7554177644815221,0.7873609731011241,1.0,0.8380146106408463,0.7421522578548474,0.7481470607040578,0.7421255894877008,0.7742274338120165,0.7293835902854278,0.7389013660354916,0.743994993642449,0.7072764477087323,0.7928886154335867,0.05481953396866468,0.8218068247633453,0.7644076701320452,0.7224454641041076,0.7475364538412559,0.7855342337218121,0.6290680514578226,0.7775163632418346,0.7213965888127525,0.7447554554600522,0.7858062036665513,0.7327731455217623,0.7322050698561,0.7299867828227855,0.7680691537836793,0.7689188558083054,0.7307082575721231,0.7349598286119792
0.7746067920947183,0.8000102276584913,0.7628904324172376,0.7486842244342057,0.7664189956045121,0.7874956986571251,0.794081264773966,0.7470600998891372,0.7585889786198428,0.7453882655523105,0.8213665813890157,0.7489569831373122,0.8374959875108756,0.7483725495748617,0.7376152203444315,0.7860522258087269,0.7659219934664221,0.8379542204822691,0.8075971733270872,0.7930770753154824,0.8337735714751757,0.8380146106408463,1.0,0.754749384018858,0.7510920659322182,0.772411993754059,0.8384610652136308,0.7373761956675287,0.7551770490064073,0.7643317864492474,0.7263626869914321,0.8211661278094844,0.061991325083805005,0.8575683624329126,0.7880565951272425,0.7423806334729239,0.7821986746204016,0.8268923892626217,0.6440517122940498,0.8229746309772223,0.7357371617727353,0.7918782038047872,0.8358800021254312,0.7410888847079862,0.7405297335756623,0.7474601605028672,0.8021216794329062,0.803204714794176,0.7433231664492936,0.7648257981509071
0.7374726373906604,0.7923522143993829,0.7120946390856803,0.7247280025527347,0.7501286665529273,0.7916978523022227,0.7430106757373364,0.7306883581793255,0.7394109954187007,0.7312822607124952,0.7644773580147324,0.7306077004545334,0.7634277221084076,0.7155248050755992,0.7182105612120293,0.7476913111434008,0.8079368343929568,0.760352937089121,0.7355162026198014,0.740418472651973,0.7546300391449774,0.7421522578548474,0.754749384018858,1.0,0.7873992795858369,0.7792936791064855,0.7395861960980308,0.7163620429670929,0.7338243321955167,0.741036108284749,0.7094961625910123,0.7699532564214742,0.05320707037909356,0.7715373496959598,0.8041706226704372,0.7118224405671449,0.7340924782628269,0.7525320503196874,0.629717905216495,0.7331683373522246,0.7183739243503584,0.7331181935671445,0.7491200177019428,0.7222150491951127,0.7305512126876592,0.7282090344805143,0.7770972651937181,0.7747277606274439,0.7253687680859808,0.706858176393014
0.743292157402441,0.7897605538937591,0.713028946654428,0.7296176911779952,0.7463899243114583,0.8000279714961558,0.7446623992952159,0.7286966945212312,0.7285193928077185,0.7292061703634967,0.7510786462075766,0.7221991721683171,0.7487841243842179,0.7168831382745012,0.7168106167218793,0.7462819967111664,0.7878836835932107,0.7468519040589074,0.7313915261131723,0.7432222305379614,0.7402368315901549,0.7481470607040578,0.7510920659322182,0.7873992795858369,1.0,0.7824949833347868,0.7348553967712146,0.7153372513663456,0.7295588233256507,0.7239673817596087,0.711178619256116,0.7841371245685663,0.05824007204706827,0.7526305634636206,0.7808571458780988,0.711311357483658,0.7390798325597587,0.750438527332101,0.6240491995639261,0.7279614371630114,0.7172262319136011,0.7429303853437437,0.7501931812024467,0.7268344141968421,0.7302039589261939,0.7212066545742006,0.7670446226634698,0.7660391962181039,0.7257502601848871,0.7166346472655463
0.7466462856526246,0.7752817646823359,0.7240370161873735,0.7287768568999495,0.7659464906935631,0.7708141189175807,0.7423541867870789,0.727895972027661,0.7284752243424042,0.7307786373430087,0.7700134653266993,0.7227076175193569,0.7679768770977295,0.7192506797532534,0.7200730901660861,0.744247173594614,0.7918144270947403,0.764488954881777,0.7370562457628941,0.742678238983257,0.7586451567586505,0.7421255894877008,0.772411993754059,0.7792936791064855,0.7824949833347868,1.0,0.7692739585136961,0.7126051842570367,0.7235181141535701,0.7361133008595913,0.7090010076233977,0.7805067176927505,0.061724918628553005,0.7703262467026467,0.7709769408974232,0.7140317731119197,0.7399133317333052,0.769739708822826,0.6231834764339992,0.765092041915769,0.7180907690800764,0.7770972639047022,0.7749978734601035,0.7256174299792171,0.7256097624880563,0.7223884901808582,0.7848304142359053,0.7812275440663756,0.7236267318293329,0.7383649056050006
0.7650704284721646,0.785498167629589,0.7510114613521726,0.7292939434971032,0.762543926637271,0.7650718844080271,0.7687522503411165,0.7330798246400008,0.7381539078626663,0.7307973668091816,0.8138863184814503,0.7305614602434611,0.8195270624520161,0.7303235552292449,0.7184286396740076,0.7646629150946384,0.7476279263083827,0.8128197758844725,0.7900207862370991,0.768062781786436,0.8057858462292772,0.7742274338120165,0.8384610652136308,0.7395861960980308,0.7348553967712146,0.7692739585136961,1.0,0.7222074575715068,0.7395115370670686,0.7519462053496088,0.7094740544616417,0.8073861946037276,0.06167707876705952,0.8033159045994283,0.7719465800140561,0.7229100339872969,0.7554926030456999,0.8415099229745747,0.6276422311424092,0.8460436665278639,0.7187968960298303,0.8099195621202798,0.8597871239810024,0.7259985955487708,0.7222142871176571,0.7295869984629393,0.7943622562614246,0.7951550626570332,0.7325213863478198,0.7694256221493683
0.7486721667728049,0.7545141370545418,0.7287503931209818,0.8299360341588808,0.7072666906838307,0.7396767292659159,0.7417659120352287,0.8844207321522568,0.7457819448908662,0.8261811838067459,0.7446654466066671,0.8290492503415705,0.7385275150601407,0.833702786378222,0.8170334346944462,0.7397698788465291,0.716072977402328,0.741496600424367,0.7165541761676402,0.7414716838269557,0.7388333981455126,0.7293835902854278,0.7373761956675287,0.7163620429670929,0.7153372513663456,0.7126051842570367,0.7222074575715068,1.0,0.7547464732423812,0.7509939041896085,0.8111601182132318,0.7408689046919211,0.05749634795479963,0.7444371327511252,0.7333543241452097,0.7898644873993017,0.728590499401855,0.7364876109943146,0.6854957993741603,0.708244556074478,0.8211190443997033,0.7034989990297797,0.7337238908198898,0.9222989442267897,0.9024455763626621,0.7576496605445071,0.747650716282181,0.7480020409958403,0.8186881709254665,0.7339087957022781
0.7644531919214608,0.7752532680346222,0.7490653943286512,0.7563263729062688,0.736231505777687,0.7574671347681796,0.7595152836591637,0.7562743834335766,0.7751504338631068,0.7673461812796964,0.7568003880808771,0.7621879615755064,0.7554039773864544,0.7634960632974058,0.7498718698768371,0.75933754239186,0.7344547781842647,0.7659786137142518,0.7347694469928072,0.7607422081607892,0.7492293476052412,0.7389013660354916,0.7551770490064073,0.7338243321955167,0.7295588233256507,0.7235181141535701,0.7395115370670686,0.7547464732423812,1.0,0.7743573689027576,0.7476492265116119,0.757835345077051,0.05809125182520314,0.7674967489370739,0.7482154679285183,0.7570206051888111,0.7454852343119067,0.7496462949707576,0.6466760039081384,0.7306148102759151,0.7499290783871619,0.7253320999457098,0.74935347097897,0.7585998633795302,0.7567029335873969,0.7876144952507084,0.7632784564507542,0.7618638938890095,0.7608310554494866,0.8110801291975659
0.7776295718871786,0.7780291576345183,0.7510468896970295,0.7543113790919735,0.7365351846263198,0.752176098074891,0.7635041747415332,0.7592114235284511,0.8012491530284594,0.7668786729909389,0.7703507557344871,0.7585653427378212,0.7749450817629115,0.7560553363433913,0.7499700279970252,0.772821641307142,0.7389471700070023,0.7815448232119953,0.7399856512126064,0.7669492954147262,0.7657380048000322,0.743994993642449,0.7643317864492474,0.741036108284749,0.7239673817596087,0.7361133008595913,0.7519462053496088,0.7509939041896085,0.7743573689027576,1.0,0.7424811133415847,0.760603304341948,0.05787862622196094,0.7726283988020453,0.7631195081146964,0.7515357258690942,0.7553565107374471,0.7587472184201689,0.6478258041610823,0.742810020307394,0.7462864633429347,0.7246049239947518,0.7643909255403625,0.7527765800417401,0.7521665239815871,0.7716570698186742,0.7756462477025339,0.7750779956146325,0.7545876168998524,0.7443107696263622
0.7327235278798414,0.7350869244936051,0.7151004889153441,0.8219826825397037,0.7143564133568163,0.7219288980684828,0.7271598032455511,0.8134486969158091,0.7439666328419687,0.8224772803920807,0.7314627178417588,0.7937403571155875,0.7323917687334628,0.8189609701860259,0.8179840202621087,0.7315097014857725,0.7114627354813583,0.7302984539116841,0.7052958809229201,0.7280120274772728,0.7270905446748033,0.7072764477087323,0.7263626869914321,0.7094961625910123,0.711178619256116,0.7090010076233977,0.7094740544616417,0.8111601182132318,0.7476492265116119,0.7424811133415847,1.0,0.733096455064892,0.05422013567003792,0.7301648025714357,0.7177346974744986,0.7773475519672967,0.7210016314428853,0.7155995107780733,0.6699536635714158,0.6964862709571242,0.8470492652971496,0.6936993578641015,0.7197046416695749,0.8155603184702325,0.8142421848475914,0.7494756888693384,0.7369324269872948,0.7370841356308189,0.7928496041966423,0.7272428404746198
0.7639276008650775,0.7911621896899095,0.7444984067730078,0.7528139734877476,0.7783406559755872,0.7886463068747622,0.7733277301240371,0.7502298209351441,0.7558811441761122,0.747855230480319,0.8024295452874802,0.7478397219393174,0.8238856950028338,0.744215984907991,0.7419108899605547,0.7703408371701548,0.790456874819123,0.8025496063269166,0.7957497478990612,0.7718657866684888,0.8030505098539762,0.7928886154335867,0.8211661278094844,0.7699532564214742,0.7841371245685663,0.7805067176927505,0.8073861946037276,0.7408689046919211,0.757835345077051,0.760603304341948,0.733096455064892,1.0,0.06036395956118745,0.816786901039902,0.7797696816946915,0.7345262283805429,0.7686841354007967,0.8097362337262903,0.6388238382799221,0.7991435709101613,0.7392931678396124,0.7783239926629861,0.8187964698448568,0.746489837743348,0.7484691220136619,0.7433283207572293,0.8012079367852116,0.8014254648230785,0.744152129448133,0.7530133748628687
0.06647568187485886,0.05951150302501784,0.054989107238473944,0.051195606517878134,0.05732306423563627,0.05078955587205869,0.06282396754822539,0.056394134468122026,0.054243282857728614,0.05439894494449471,0.05995023522496423,0.06151592097313929,0.05880165914393731,0.05457142854891839,0.05515347487919675,0.061997714151625805,0.0597127781454414,0.05513682521595886,0.05760803535219017,0.06258197554157985,0.06522800654687844,0.05481953396866468,0.061991325083805005,0.05320707037909356,0.05824007204706827,0.061724918628553005,0.06167707876705952,0.05749634795479963,0.05809125182520314,0.05787862622196094,0.05422013567003792,0.06036395956118745,1.0,0.05943010496122747,0.05719895849594547,0.06511828669394981,0.061134634570165436,0.057096549599458424,0.05694539175932356,0.06006473182983596,0.0569413878110675,0.05439000236762781,0.06013245044845561,0.055360970668828946,0.055377354153175684,0.05915800615928091,0.06172942232280265,0.06161816697276978,0.05185869720799241,0.05285452029254667
0.7678026254161205,0.7999690379776478,0.7581353145144211,0.7495355914519257,0.7670401076442575,0.7947009065534323,0.7848833962248672,0.7545755470382893,0.7666403508921884,0.7516234144863464,0.8126068023154729,0.753360668333128,0.8310538915511795,0.7500004177444529,0.7408562564402958,0.780897470221362,0.7810564648193038,0.8258359860979481,0.7928804836775993,0.7825034545079594,0.8234685298149408,0.8218068247633453,0.8575683624329126,0.7715373496959598,0.7526305634636206,0.7703262467026467,0.8033159045994283,0.7444371327511252,0.7674967489370739,0.7726283988020453,0.7301648025714357,0.816786901039902,0.05943010496122747,1.0,0.7933618039647845,0.7512584827304358,0.7702297291377598,0.8091672115318611,0.6507605718425971,0.7997476562907828,0.7402026656480374,0.7726849528882087,0.8228762676892389,0.7485862230004758,0.7494739770748818,0.7565311503932195,0.804672207434102,0.8050912548135375,0.7492257053437215,0.753937287942632
0.7569242325366596,0.820864187368915,0.7308053843898119,0.7393442688265393,0.7555566647901615,0.8098667567732521,0.7698453144064643,0.7426507612572497,0.7561947550462534,0.740269710197613,0.7929851615936625,0.7424300800640828,0.7901084296543611,0.7389892328781607,0.7324280694569396,0.7734427789825193,0.7741159971393057,0.7935204654230149,0.768350966928997,0.7700987253997735,0.7873221380069402,0.7644076701320452,0.7880565951272425,0.8041706226704372,0.7808571458780988,0.7709769408974232,0.7719465800140561,0.7333543241452097,0.7482154679285183,0.7631195081146964,0.7177346974744986,0.7797696816946915,0.05719895849594547,0.7933618039647845,1.0,0.7260724484764964,0.7566925502534049,0.7736376488414842,0.6382605111025872,0.7621816582368396,0.726347772923908,0.7565389463589538,0.7874359672993658,0.7375810389816795,0.7418406426817898,0.7432558278364783,0.798833424972518,0.797471929257219,0.7414670904976504,0.7318818605779305
0.7443646317822012,0.7513396212360481,0.729150661244705,0.791677207804669,0.7030259291731233,0.7346722557091754,0.7520969192308015,0.7925623507794458,0.7483293142936509,0.7970391170575284,0.7404587613136748,0.7846139468658091,0.7333966145450488,0.7899315395101081,0.7841455692146737,0.7508105059661111,0.7158133682562207,0.751139617096214,0.7233865583621724,0.7515208398418654,0.7482695690185631,0.7224454641041076,0.7423806334729239,0.7118224405671449,0.711311357483658,0.7140317731119197,0.7229100339872969,0.7898644873993017,0.7570206051888111,0.7515357258690942,0.7773475519672967,0.7345262283805429,0.06511828669394981,0.7512584827304358,0.7260724484764964,1.0,0.7387105939395957,0.7278080338364059,0.6826814646725734,0.712205033971246,0.7851108866985981,0.7004402022674687,0.7346124381471079,0.7947305292642329,0.7956512259208586,0.7565221158764156,0.7458131201063338,0.7459105523605813,0.7936248253664535,0.7378779081695231
0.7538500765408626,0.764837435907,0.7387231226298103,0.7378731349495926,0.731812415808665,0.7593946766794621,0.9101654837800073,0.7359826039159867,0.7540083642759502,0.7382605035243135,0.7612795481568728,0.7342316899043387,0.7658710210719399,0.7375847431016362,0.7252547420703708,0.8892476202444567,0.7399384402038146,0.7894378206367314,0.753772864072106,0.9134678642413362,0.7734707854390632,0.7475364538412559,0.7821986746204016,0.7340924782628269,0.7390798325597587,0.7399133317333052,0.7554926030456999,0.728590499401855,0.7454852343119067,0.7553565107374471,0.7210016314428853,0.7686841354007967,0.061134634570165436,0.7702297291377598,0.7566925502534049,0.7387105939395957,1.0,0.7511483719714468,0.6320881918854178,0.739943527998776,0.7250349405702339,0.7384643201689813,0.7649389097240222,0.7322208698441043,0.7332630054185685,0.7355534104649241,0.7651540953123548,0.7649741814717601,0.7347539879812558,0.7371130957778753
0.7766208363279521,0.7972844322283531,0.7484613461018568,0.7358075211005229,0.7749208845933585,0.7861775790869643,0.762639141087132,0.7526782613506393,0.7460844781912929,0.7387793238860522,0.8098527427856669,0.7434868141561728,0.8159383135024189,0.7390183548190826,0.7255862954870693,0.760294757929474,0.7632408670614341,0.8063930848339683,0.7817513792777512,0.7624601555574065,0.8003765083940125,0.7855342337218121,0.8268923892626217,0.7525320503196874,0.750438527332101,0.769739708822826,0.8415099229745747,0.7364876109943146,0.7496462949707576,0.7587472184201689,0.7155995107780733,0.8097362337262903,0.057096549599458424,0.8091672115318611,0.7736376488414842,0.7278080338364059,0.7511483719714468,1.0,0.6423268008572098,0.8281094750531447,0.7264698724895136,0.7999621710857334,0.8577337272580996,0.7397785223981932,0.73695613554332,0.7369774629239989,0.7993263634693863,0.7993205979925869,0.7410283206792939,0.7650495294304682
0.6546642086150907,0.6514824956569492,0.6267379951057503,0.6841245275805321,0.6428454730646471,0.6406852698866541,0.6428512421576713,0.6849665525062663,0.6405926104641104,0.6890014448146202,0.6429267812240019,0.6804707275052319,0.6411730406493749,0.6843720013106179,0.6766358743749332,0.6395957214990258,0.6280337068991537,0.6440605355461091,0.6246024952508487,0.6415144561566068,0.6442862142324917,0.6290680514578226,0.6440517122940498,0.629717905216495,0.6240491995639261,0.6231834764339992,0.6276422311424092,0.6854957993741603,0.6466760039081384,0.6478258041610823,0.6699536635714158,0.6388238382799221,0.05694539175932356,0.6507605718425971,0.6382605111025872,0.6826814646725734,0.6320881918854178,0.6423268008572098,1.0,0.6201913073394294,0.6738687025739678,0.6161807132349808,0.6369347728110673,0.6851942677932806,0.6878561086202062,0.6444568177717163,0.6462118919083617,0.6465236392670284,0.685415557577803,0.6367256641210164
