../ecoli_genomes/GCF_000163235.1_ASM16323v1_genomic.fna.gz,../ecoli_genomes/GCF_000164555.1_ASM16455v1_genomic.fna.gz,../ecoli_genomes/GCF_000208545.1_ASM20854v2_genomic.fna.gz,../ecoli_genomes/GCF_000233875.1_ASM23387v1_genomic.fna.gz,../ecoli_genomes/GCF_000249735.1_ASM24973v2_genomic.fna.gz,../ecoli_genomes/GCF_000261145.1_Esch_coli_M919_V2_genomic.fna.gz,../ecoli_genomes/GCF_000267705.2_ASM26770v2_genomic.fna.gz,../ecoli_genomes/GCF_000350665.1_Esch_coli_KTE5_V1_genomic.fna.gz,../ecoli_genomes/GCF_000351625.1_Esch_coli_KTE66_V1_genomic.fna.gz,../ecoli_genomes/GCF_000352285.1_Esch_coli_KTE46_V1_genomic.fna.gz,../ecoli_genomes/GCF_000358895.1_ASM35889v1_genomic.fna.gz,../ecoli_genomes/GCF_000456385.1_Esch_coli_HVH_26_4-5703913_V1_genomic.fna.gz,../ecoli_genomes/GCF_000458195.1_Esch_coli_HVH_147_4-5893887_V1_genomic.fna.gz,../ecoli_genomes/GCF_000459755.1_Esch_coli_KOEGE_58_171a_V1_genomic.fna.gz,../ecoli_genomes/GCF_000460055.1_Esch_coli_UMEA_3053-1_V1_genomic.fna.gz,../ecoli_genomes/GCF_000462165.2_ASM46216v2_genomic.fna.gz,../ecoli_genomes/GCF_000601135.1_ASM60113v1_genomic.fna.gz,../ecoli_genomes/GCF_000614595.1_Ec2010EL1058_genomic.fna.gz,../ecoli_genomes/GCF_000617745.1_Ec2010C-4529_genomic.fna.gz,../ecoli_genomes/GCF_000618265.2_EcF6751_genomic.fna.gz,../ecoli_genomes/GCF_000619005.2_Ec2009C-4052_genomic.fna.gz,../ecoli_genomes/GCF_000619105.1_Ec2009C-4780_genomic.fna.gz,../ecoli_genomes/GCF_000619765.2_Ec2009C-3279_genomic.fna.gz,../ecoli_genomes/GCF_000687005.1_ASM68700v1_genomic.fna.gz,../ecoli_genomes/GCF_000687025.1_ASM68702v1_genomic.fna.gz,../ecoli_genomes/GCF_000700125.1_ASM70012v1_genomic.fna.gz,../ecoli_genomes/GCF_000753315.1_FHI35_genomic.fna.gz,../ecoli_genomes/GCF_000776375.1_ASM77637v1_genomic.fna.gz,../ecoli_genomes/GCF_000779395.1_ASM77939v1_genomic.fna.gz,../ecoli_genomes/GCF_000780315.1_ASM78031v1_genomic.fna.gz,../ecoli_genomes/GCF_000781995.1_ASM78199v1_genomic.fna.gz,../ecoli_genomes/GCF_000986765.1_ASM98676v1_genomic.fna.gz,../ecoli_genomes/GCF_001041375.1_ViralProj287958_genomic.fna.gz,../ecoli_genomes/GCF_001265335.1_302014_genomic.fna.gz,../ecoli_genomes/GCF_001265625.1_100854_genomic.fna.gz,../ecoli_genomes/GCF_001267345.1_303289_genomic.fna.gz,../ecoli_genomes/GCF_001309985.1_ASM130998v1_genomic.fna.gz,../ecoli_genomes/GCF_001521695.1_ASM152169v1_genomic.fna.gz,../ecoli_genomes/GCF_001592595.1_ASM159259v1_genomic.fna.gz,../ecoli_genomes/GCF_001614975.1_ASM161497v1_genomic.fna.gz,../ecoli_genomes/GCF_001692775.1_ASM169277v1_genomic.fna.gz,../ecoli_genomes/GCF_001748915.1_ASM174891v1_genomic.fna.gz,../ecoli_genomes/GCF_001749235.1_ASM174923v1_genomic.fna.gz,../ecoli_genomes/GCF_001881155.1_ASM188115v1_genomic.fna.gz,../ecoli_genomes/GCF_001881345.1_ASM188134v1_genomic.fna.gz,../ecoli_genomes/GCF_001892405.1_ASM189240v1_genomic.fna.gz,../ecoli_genomes/GCF_001892585.1_ASM189258v1_genomic.fna.gz,../ecoli_genomes/GCF_001893985.1_ASM189398v1_genomic.fna.gz,../ecoli_genomes/GCF_002001595.1_ASM200159v1_genomic.fna.gz,../ecoli_genomes/GCF_002002145.1_ASM200214v1_genomic.fna.gz
1.0,0.3222897849489278,0.25766529030555774,0.283547158884094,0.30455189675670047,0.3075903434145615,0.30439592766834045,0.2851892951096925,0.3957097078952727,0.29282052592780605,0.3213886221049279,0.29384309025260535,0.3200754590021586,0.2713629208282988,0.26915502359398635,0.31240627664905685,0.2727193426165915,0.30264199841155526,0.3085894228051025,0.3066175910652049,0.2958442801465827,0.3030074033380431,0.3095750040020786,0.290810456970399,0.28779978264965334,0.30175101485198164,0.31024420469039693,0.27180901309491534,0.3374533364640595,0.391816857545071,0.2621763725538282,0.31283059493630394,0.0,0.30665796028395265,0.30762897268100275,0.2747158712861426,0.30036778585846946,0.30798621923184144,0.24560661594321354,0.3146672221071053,0.26452909423199644,0.3059101895249853,0.3134751979540934,0.28316241353029337,0.29074076115374337,0.3161307128406907,0.3075753795752303,0.30859004713092153,0.264559796299761,0.3453486786646799
0.3222897849489278,1.0,0.23999260333455907,0.2797349276367742,0.38709245621398913,0.5481472749770069,0.34897395834735556,0.27826838025237477,0.3051585433062719,0.2878018693941249,0.43079801555993646,0.28251867068929915,0.4296716957339791,0.2734148702214855,0.26814282614757234,0.3511503112453531,0.3748992904094539,0.42276671721244197,0.4086883470878526,0.3535947554633888,0.40990976084742625,0.40273407757603674,0.42111886892437167,0.4533854290339404,0.44424655001553515,0.4643287450739557,0.4224625519856128,0.278417662117038,0.3141777781188929,0.3143065856001207,0.2635791619954716,0.40883308813444363,0.0,0.40269441148008234,0.5651307188252126,0.26968590572413786,0.33614209421317953,0.424828482612718,0.1911197028709346,0.4324587048681803,0.2623563283246566,0.4658387190135337,0.4258304304082935,0.2867647749243839,0.28890354355280046,0.28877318961301024,0.475777388712334,0.47693075074593494,0.2810689461313276,0.31068225084044354
0.25766529030555774,0.23999260333455907,1.0,0.20832166074364988,0.20731842816163093,0.21809601312268867,0.2184802009436413,0.21109782138511235,0.24617458790377444,0.2158895474825011,0.23499493011381334,0.20706021901063754,0.23479217419030107,0.21051591727894392,0.20501608254640935,0.22036272677035984,0.17585640546979364,0.22960691732306304,0.21909557543795888,0.22215856222019137,0.2260928550583584,0.22017035145494968,0.23043484091764832,0.1856010069144003,0.17996100994869713,0.2095704451706547,0.23159085007882763,0.21198339610112982,0.25231684885813777,0.25231819065131134,0.19956146819838072,0.21956009700394186,0.0,0.22689898615242277,0.2185534948859238,0.21550184124689042,0.21040388322600745,0.22622062721983227,0.14652453661559617,0.23475609581442114,0.20425717335089744,0.22466802077042225,0.23516685442999685,0.21459730385088926,0.21142102371088656,0.23427630389166243,0.23365854615079296,0.2339103747024981,0.21812178723316944,0.2535486902001969
0.283547158884094,0.2797349276367742,0.20832166074364988,1.0,0.2770279662622801,0.2671641956848779,0.2532327570264986,0.5011224870404833,0.284054033245838,0.5291149015855292,0.2717729996948516,0.5092395967786694,0.28127398786981106,0.5395979132614392,0.5579674134882655,0.2727592328570452,0.22725141002871918,0.26216396877264847,0.26233218697658045,0.2556900085453391,0.2541290483487477,0.26384867172162085,0.26868159325478413,0.24692685861167762,0.24888725928522304,0.2699310848570803,0.26519200970769397,0.5226941040610498,0.3009063426124675,0.2764784935449459,0.5072147434807258,0.28169133825614245,0.0,0.2571222217152671,0.2629754914772262,0.42552080897579403,0.2508402200499865,0.2574371339614049,0.3460984504296971,0.2623514174044559,0.5230720159207064,0.25930606211357754,0.2647381419527045,0.5324427702875555,0.5220239023884733,0.29679612039043624,0.2583871037672315,0.26006539402863604,0.45167333909671115,0.31300558191101224
0.30455189675670047,0.38709245621398913,0.20731842816163093,0.2770279662622801,1.0,0.4090586672563863,0.31624528220317905,0.2762671761840735,0.2997628237104406,0.27433696151008824,0.5056944129768637,0.2695241484873868,0.4671258203062777,0.25473087165165287,0.27419273029196733,0.35190227572195,0.3599585581281566,0.40015029542464,0.42113831036407046,0.31889377745319514,0.4187474639774925,0.4125109947252492,0.41175140773884444,0.391084920268561,0.3754633569834225,0.40469650936324697,0.42401164071207276,0.2480405693543245,0.28186596167869027,0.2914924956178603,0.25789533966005085,0.4496051060995516,0.0,0.41502400867394995,0.40171120570375607,0.24200794610694665,0.3206506189825683,0.441587406838563,0.22202864218618767,0.4379942299632493,0.2704162207924383,0.40309287738425825,0.4358221629232272,0.27362593721100115,0.27006837864029754,0.26949010185303746,0.40723467545965975,0.4119778500443585,0.24893008953372064,0.28332001838415866
0.3075903434145615,0.5481472749770069,0.21809601312268867,0.2671641956848779,0.4090586672563863,1.0,0.35115537038630573,0.2767447626040588,0.2972208912035893,0.26896504022444234,0.4195297484133991,0.26728586015294875,0.41942225026650704,0.26158126024665496,0.2581480597015593,0.3562363788952261,0.3768142047963652,0.418337025513172,0.4124222254763382,0.3513487633088772,0.39802198539266065,0.4241369644526901,0.41040211055199083,0.46242110496816513,0.4481363585231216,0.4405024536979163,0.4027769950721495,0.2627659421156633,0.30800918994349413,0.30103768744211135,0.2494508689564533,0.4000281747280908,0.0,0.41302794759637085,0.557369003779399,0.26366148310802995,0.34170124411577874,0.4125376178319514,0.20257858151243835,0.4152209975072626,0.25734802018805536,0.4608994884112658,0.4152044759234367,0.26951485304370226,0.26710372013390404,0.2775505839512584,0.46879740830841043,0.47158925400388374,0.2590555909844787,0.3047006671417004
0.30439592766834045,0.34897395834735556,0.2184802009436413,0.2532327570264986,0.31624528220317905,0.35115537038630573,1.0,0.2547507861515862,0.2965282706239154,0.25427102197718576,0.3608320313648071,0.2460991291854221,0.35669196730649233,0.25164504854426484,0.2418231680389098,0.7648485590151182,0.26698657043981167,0.3866226806209039,0.37444279941874903,0.8646801936821471,0.38016625202475585,0.36564037263686555,0.38498640557667274,0.2901902553334461,0.2807410431210313,0.3298484806116866,0.3572706534504133,0.25102325389627855,0.2890787814133339,0.29792042888490866,0.24028652975526987,0.3403638230448808,0.0,0.3520842694929983,0.35631897397476,0.2641066722703226,0.790654835724422,0.33716158949500485,0.1861037987275458,0.35767387654277816,0.23966503675448192,0.343856578494122,0.35322139985587264,0.25596223831647336,0.25636824515080847,0.26732344289460686,0.3400723507843526,0.34122716292216093,0.24484869336192283,0.29515572558350045
0.2851892951096925,0.27826838025237477,0.21109782138511235,0.5011224870404833,0.2762671761840735,0.2767447626040588,0.2547507861515862,1.0,0.2781411553406965,0.5058963270248391,0.2723183909376701,0.4889889858987291,0.2801279545629344,0.4860976632925351,0.47772143824117197,0.2697826685961824,0.23906346372892195,0.2628901438081618,0.26597846147443016,0.2560247978347472,0.25444460807503344,0.263483263241868,0.26832477680172473,0.2653314604285836,0.2553628738104572,0.27628434819280834,0.2678691350329596,0.6875535599412326,0.30621370311529383,0.27741657298719824,0.4781677871044602,0.27894643943752184,0.0,0.26745650180623437,0.2650523325999796,0.41028313859360155,0.24886688911209442,0.27519404875808073,0.34103779319546745,0.2731026736105244,0.4829232610423877,0.2636284295358037,0.26899665448881827,0.6982952686643273,0.6746530495748291,0.29736927566426963,0.260346832271784,0.26147043170195994,0.4436745987168127,0.30918300239026975
0.3957097078952727,0.3051585433062719,0.24617458790377444,0.284054033245838,0.2997628237104406,0.2972208912035893,0.2965282706239154,0.2781411553406965,1.0,0.29225996525544584,0.31285870967687524,0.2676872711833901,0.31908024324036866,0.2757388375252243,0.278056768926643,0.3134799306244729,0.23558186818383187,0.30241052195081064,0.29842191845838884,0.30203509930588757,0.2942620923229059,0.2965865614807882,0.3062347629823644,0.2647563905589613,0.25243581320613473,0.2869739997684094,0.3103125078334241,0.2692397715615631,0.33125679978019684,0.4084379101831388,0.2683381565250307,0.2980303405854069,0.0,0.29331789234501204,0.29401442751983187,0.2747729552381276,0.29476444229503385,0.29764311336441496,0.20103076927114738,0.3087722594188016,0.2716857074413358,0.3004848544517169,0.3105757405952033,0.2752325864041857,0.27085765703610054,0.3101414473051042,0.2973588806726246,0.2985099454810135,0.2636204716937076,0.346046618674381
0.29282052592780605,0.2878018693941249,0.2158895474825011,0.5291149015855292,0.27433696151008824,0.26896504022444234,0.25427102197718576,0.5058963270248391,0.29225996525544584,1.0,0.27901724273658235,0.48733627132824353,0.286161034636363,0.5142119179963014,0.5059711376674076,0.26918029415898304,0.2145868607614444,0.2684249179028607,0.26561977483820487,0.2573527325706769,0.2565006798058749,0.2607062576634459,0.26563953579687394,0.23229925247070282,0.23283323256194866,0.26106267246935333,0.2716790530818005,0.510355909140211,0.3102314480009637,0.28457650680187485,0.5328877126532735,0.26904375868721786,0.0,0.25931983494691146,0.26430508167025246,0.43875196821585305,0.25331903392304467,0.26386080665400113,0.33587741612860333,0.27125796862279616,0.5305068368093222,0.26737806058274016,0.27067501901077684,0.515098409465991,0.5181374552186545,0.295227835378022,0.26347230993966997,0.2639879571047903,0.4706863813713028,0.31364049552715256
0.3213886221049279,0.43079801555993646,0.23499493011381334,0.2717729996948516,0.5056944129768637,0.4195297484133991,0.3608320313648071,0.2723183909376701,0.31285870967687524,0.27901724273658235,1.0,0.2715014103030563,0.529165757741868,0.27171500986657093,0.26842670155358284,0.3738084054755467,0.3350505909171657,0.4861056796932858,0.4827255439226499,0.3638482163180623,0.4844250274781131,0.49103320882890356,0.490702279005672,0.35742236741244116,0.34821139840251647,0.4180879840057753,0.5039248961131632,0.27118577408633626,0.3037909373919332,0.31686519889900566,0.26012254386641365,0.47150766951117773,0.0,0.46651555019465896,0.43501733270430043,0.271651589221909,0.3499645550288343,0.4807783923083222,0.20014763677696024,0.520262800946278,0.26178219682052617,0.44498459190900497,0.5084290761212586,0.27444018287822136,0.27433394100848874,0.28670574567944573,0.43998712279016905,0.4413187810335275,0.26652678662335205,0.31531323179051407
0.29384309025260535,0.28251867068929915,0.20706021901063754,0.5092395967786694,0.2695241484873868,0.26728586015294875,0.2460991291854221,0.4889889858987291,0.2676872711833901,0.48733627132824353,0.2715014103030563,1.0,0.27132804986006176,0.49238082766176205,0.6114438500931036,0.25981054838010675,0.2472581129758178,0.25592114366072305,0.25892178200849936,0.24661260932905715,0.25170005060181466,0.25941442901799505,0.2616787714075184,0.26488074869675626,0.26329898211920566,0.27713430419414686,0.2602851062793632,0.4840466440603952,0.30957397328651415,0.27339663806901915,0.45550470954508937,0.27777341683048185,0.0,0.25948927649570874,0.2652387356882493,0.40374983190699987,0.24161586429102322,0.2633862914670373,0.355372289346517,0.2642377306482169,0.47040766449545723,0.25419225560419045,0.2676420732573216,0.5004381393683421,0.4978246243120732,0.29318278086988236,0.26261740958327273,0.2639844644558387,0.4305632616317676,0.3028348122415866
0.3200754590021586,0.4296716957339791,0.23479217419030107,0.28127398786981106,0.4671258203062777,0.41942225026650704,0.35669196730649233,0.2801279545629344,0.31908024324036866,0.286161034636363,0.529165757741868,0.27132804986006176,1.0,0.26955297642414267,0.28096019873431677,0.3749884887828624,0.3284748494761234,0.5023666473542412,0.5038377073941191,0.36072075064890374,0.5205246283382001,0.5518929221288325,0.5680679367214974,0.3615352427730778,0.3384582778084956,0.39978095242317124,0.5457721997353173,0.2710747254923631,0.3059252754239301,0.32549786273583625,0.267173539763932,0.501937099237325,0.0,0.5375057223179124,0.4267897910525388,0.26788149610932066,0.355560284057832,0.5057686610237595,0.20090907894672916,0.5545947131526031,0.27068554975556636,0.4348842469948928,0.5429212622246374,0.27633556640118473,0.2728345855544313,0.28226291964770645,0.4359055347770888,0.43783950779052005,0.2670195414385744,0.3140431913625147
0.2713629208282988,0.2734148702214855,0.21051591727894392,0.5395979132614392,0.25473087165165287,0.26158126024665496,0.25164504854426484,0.4860976632925351,0.2757388375252243,0.5142119179963014,0.27171500986657093,0.49238082766176205,0.26955297642414267,1.0,0.5454412946233855,0.2584516037860809,0.20241458662015877,0.2643824800417849,0.258456367755435,0.2551098833026302,0.250119451979564,0.25969907359563893,0.26447509308343564,0.2180729974633404,0.2143763504081897,0.24600301763984733,0.267835991044889,0.519114598534778,0.3079285672191767,0.26952477107165906,0.49367283679421725,0.25981401640444457,0.0,0.252977916587678,0.2554792926581039,0.4190431761760557,0.2442061784791939,0.25918205762803403,0.32236099075259406,0.2622873691174257,0.5023962968910227,0.256806943832378,0.2654837889286984,0.5142385077591198,0.5073494510789508,0.29564556724316293,0.25728169397969447,0.25843731113752044,0.4598572172336267,0.3126083902786828
0.26915502359398635,0.26814282614757234,0.20501608254640935,0.5579674134882655,0.27419273029196733,0.2581480597015593,0.2418231680389098,0.47772143824117197,0.278056768926643,0.5059711376674076,0.26842670155358284,0.6114438500931036,0.28096019873431677,0.5454412946233855,1.0,0.26152894806307014,0.21387190351829388,0.25767621406910823,0.25527524994794826,0.244613023158059,0.2473898479206844,0.25637291137410645,0.26324131530941697,0.23259526578722567,0.22707779216850565,0.2555181937090676,0.2639271385471108,0.4913173432684028,0.29629443950628565,0.26939753853828297,0.5046106371510483,0.2686728952690479,0.0,0.2520704133532409,0.25511766776301026,0.4117171121425891,0.241388255055894,0.2556207294627707,0.3268111022365803,0.26104652684323015,0.5175429904393682,0.25219593407632745,0.26315905352893176,0.4976541833731788,0.48871298666396823,0.2895543028499996,0.25843849637907557,0.2603322033861335,0.4444442082628024,0.31378392435213587
0.31240627664905685,0.3511503112453531,0.22036272677035984,0.2727592328570452,0.35190227572195,0.3562363788952261,0.7648485590151182,0.2697826685961824,0.3134799306244729,0.26918029415898304,0.3738084054755467,0.25981054838010675,0.3749884887828624,0.2584516037860809,0.26152894806307014,1.0,0.2821448092507799,0.37332996169422383,0.37499805466055747,0.7776257831146643,0.36725684434410466,0.3732186917690873,0.3746133671338653,0.3136747454707628,0.31031843098335277,0.3643124281756147,0.35807559883187545,0.2527240562632681,0.2882481894898987,0.3090120205918633,0.25573571438458875,0.356707794810751,0.0,0.34944560957007653,0.3603989682290579,0.2652881341802722,0.7400713088477113,0.34005146391796315,0.19316843293656405,0.3584872997138897,0.2575905199520875,0.3467734488750931,0.3547102566637602,0.2671264969201893,0.26576645847420166,0.2713574225936467,0.34346114723350807,0.34557432221487283,0.2515388934071713,0.3004683715043226
0.2727193426165915,0.3748992904094539,0.17585640546979364,0.22725141002871918,0.3599585581281566,0.3768142047963652,0.26698657043981167,0.23906346372892195,0.23558186818383187,0.2145868607614444,0.3350505909171657,0.2472581129758178,0.3284748494761234,0.20241458662015877,0.21387190351829388,0.2821448092507799,1.0,0.3097368091232373,0.3093670583003024,0.26597504543193884,0.30890402468517486,0.31379604157334773,0.3202617761025742,0.5534838962547105,0.5754634403533772,0.4925011433499348,0.31346010891487974,0.19986368430277224,0.23566411199455028,0.24206664054644733,0.20070303999999273,0.41704466118031547,0.0,0.3361824099938382,0.3916924172781161,0.2045639061504534,0.26538582950781997,0.316370206025423,0.3660951115028632,0.3337021065143496,0.20188443636030007,0.3516242230064227,0.3229339571792246,0.24190716217204067,0.24549684457569476,0.23655220271829502,0.4002018091848024,0.4005003398699589,0.20018108968192938,0.23803964630589014
0.30264199841155526,0.42276671721244197,0.22960691732306304,0.26216396877264847,0.40015029542464,0.418337025513172,0.3866226806209039,0.2628901438081618,0.30241052195081064,0.2684249179028607,0.4861056796932858,0.25592114366072305,0.5023666473542412,0.2643824800417849,0.25767621406910823,0.37332996169422383,0.3097368091232373,1.0,0.5311638831693142,0.3870323077244746,0.5168353502594645,0.50930988062696,0.5303857605217857,0.33667285750131015,0.31813180058286294,0.3770522437492022,0.5048558036597879,0.2646735306895045,0.3005864503519192,0.31014641859440606,0.25326953591321866,0.450778355957851,0.0,0.4797850210704633,0.42136449767223794,0.2789917134753177,0.3735648719300766,0.46247742542339754,0.19221866018738765,0.5046838680277856,0.25197361533905727,0.420645158160908,0.4897691506456292,0.26332694574127535,0.2631416107842254,0.27625266540915694,0.4258145948228711,0.4267797915990327,0.25483174941893616,0.3064213138957431
0.3085894228051025,0.4086883470878526,0.21909557543795888,0.26233218697658045,0.42113831036407046,0.4124222254763382,0.37444279941874903,0.26597846147443016,0.29842191845838884,0.26561977483820487,0.4827255439226499,0.25892178200849936,0.5038377073941191,0.258456367755435,0.25527524994794826,0.37499805466055747,0.3093670583003024,0.5311638831693142,1.0,0.3741215779145387,0.5132568088391922,0.509264365003834,0.5129784623659956,0.3392748532832306,0.32772995743474953,0.37356706099651504,0.4936867833768299,0.26041022839048356,0.2958439456367242,0.30528985415602605,0.24819020939900416,0.4609827893793158,0.0,0.4782297736442367,0.4225484862806649,0.27071914814376663,0.36430040336375613,0.4560604345722409,0.1962319537646542,0.4968363500192191,0.2507844944355119,0.4144450880762691,0.4830343618059951,0.26659031113820786,0.26335556405584937,0.2704308726565986,0.4063738225759852,0.4081496353338767,0.25326740476002874,0.3013994975133032
0.3066175910652049,0.3535947554633888,0.22215856222019137,0.2556900085453391,0.31889377745319514,0.3513487633088772,0.8646801936821471,0.2560247978347472,0.30203509930588757,0.2573527325706769,0.3638482163180623,0.24661260932905715,0.36072075064890374,0.2551098833026302,0.244613023158059,0.7776257831146643,0.26597504543193884,0.3870323077244746,0.3741215779145387,1.0,0.38215085648222025,0.363737687374727,0.3843436373190585,0.2892362916482576,0.28057355134064854,0.32776293301608017,0.36276766359855694,0.25342822308347934,0.293746092845078,0.301015266462042,0.24296403219393647,0.34219903589737677,0.0,0.35146296671602706,0.3560529579614796,0.2647753654080156,0.8001403777707934,0.34145193153086173,0.18489041558198094,0.3631704995538543,0.2433221501555577,0.34593577583520363,0.35749859507688686,0.25579660305843765,0.25563243915131884,0.2718121175855873,0.34478788289534423,0.34555037510151576,0.24814237735732658,0.298483812641005
0.2958442801465827,0.40990976084742625,0.2260928550583584,0.2541290483487477,0.4187474639774925,0.39802198539266065,0.38016625202475585,0.25444460807503344,0.2942620923229059,0.2565006798058749,0.4844250274781131,0.25170005060181466,0.5205246283382001,0.250119451979564,0.2473898479206844,0.36725684434410466,0.30890402468517486,0.5168353502594645,0.5132568088391922,0.38215085648222025,1.0,0.5084805337966297,0.5410207682436752,0.33255867966906616,0.31576910108209755,0.38173326611606684,0.5118816847207629,0.25631652959158013,0.2927088439183584,0.3015167461019529,0.24060203883748288,0.4720286957006439,0.0,0.49761517634506913,0.41149372711912824,0.2684791304562877,0.366317106762744,0.4774382122147963,0.18454605838118732,0.5186658330530085,0.24458927133850994,0.40444820696947736,0.5037303162792108,0.25715113697894454,0.25726045643463813,0.27634003808224095,0.41872819924281535,0.4199815466662,0.2473438624197548,0.29695208298829634
0.3030074033380431,0.40273407757603674,0.22017035145494968,0.26384867172162085,0.4125109947252492,0.4241369644526901,0.36564037263686555,0.263483263241868,0.2965865614807882,0.2607062576634459,0.49103320882890356,0.25941442901799505,0.5518929221288325,0.25969907359563893,0.25637291137410645,0.3732186917690873,0.31379604157334773,0.50930988062696,0.509264365003834,0.363737687374727,0.5084805337966297,1.0,0.7054671860886192,0.3356322114878185,0.32653913178035965,0.3841226381019095,0.5131074705712164,0.2615335199864006,0.28810891239681735,0.29957388873612,0.24743211512991248,0.47660747989068075,0.0,0.6119956155277921,0.4070925044355298,0.2612416654741515,0.35480308076095646,0.47758173536800475,0.1931574540849027,0.5155818460860084,0.24810561298149647,0.4060548726085318,0.5089966329810478,0.2673570602046973,0.26386084905430796,0.2720855781119538,0.4039785239286532,0.405904365496637,0.25370977484092405,0.29889201028583556
0.3095750040020786,0.42111886892437167,0.23043484091764832,0.26868159325478413,0.41175140773884444,0.41040211055199083,0.38498640557667274,0.26832477680172473,0.3062347629823644,0.26563953579687394,0.490702279005672,0.2616787714075184,0.5680679367214974,0.26447509308343564,0.26324131530941697,0.3746133671338653,0.3202617761025742,0.5303857605217857,0.5129784623659956,0.3843436373190585,0.5410207682436752,0.7054671860886192,1.0,0.3395245237443777,0.3257905439101084,0.38199226837474676,0.5393480415808016,0.2693351093593127,0.30279421582580857,0.3051525771484864,0.2544961678240838,0.49345628084969506,0.0,0.6299416451421016,0.41726613020990955,0.2725322990705863,0.37063247403830935,0.49318718800762973,0.19360906512996,0.5316071401099013,0.25496295480160347,0.41220124436184,0.5235051191570783,0.2697656149676041,0.26989284474925856,0.2791268777311222,0.4141015997651798,0.41505715795597387,0.25999249978730365,0.30450220013698026
0.290810456970399,0.4533854290339404,0.1856010069144003,0.24692685861167762,0.391084920268561,0.46242110496816513,0.2901902553334461,0.2653314604285836,0.2647563905589613,0.23229925247070282,0.35742236741244116,0.26488074869675626,0.3615352427730778,0.2180729974633404,0.23259526578722567,0.3136747454707628,0.5534838962547105,0.33667285750131015,0.3392748532832306,0.2892362916482576,0.33255867966906616,0.3356322114878185,0.3395245237443777,1.0,0.5980371695007831,0.5098769200339561,0.34051953175583305,0.21281844873417866,0.25196343293733103,0.26596223381603845,0.21899189876089842,0.40627267836674474,0.0,0.3522535039737662,0.4847236045780786,0.21916004764659214,0.2881725686106924,0.3402545150052617,0.2985367679647226,0.35466937470407667,0.22410477387276384,0.39033749923486183,0.3454522118056752,0.26532521481626903,0.2615969725996846,0.2505318741537347,0.40544366483654626,0.4122351641773183,0.21338925637803952,0.25709258364776155
0.28779978264965334,0.44424655001553515,0.17996100994869713,0.24888725928522304,0.3754633569834225,0.4481363585231216,0.2807410431210313,0.2553628738104572,0.25243581320613473,0.23283323256194866,0.34821139840251647,0.26329898211920566,0.3384582778084956,0.2143763504081897,0.22707779216850565,0.31031843098335277,0.5754634403533772,0.31813180058286294,0.32772995743474953,0.28057355134064854,0.31576910108209755,0.32653913178035965,0.3257905439101084,0.5980371695007831,1.0,0.5299092669927348,0.32142220517184417,0.20698302513185685,0.23722156468901212,0.25627491748570774,0.21777186026287532,0.42816718734859827,0.0,0.3378039315319151,0.4695448324348668,0.21062294723866548,0.2815130685485391,0.32929547269619697,0.34098365124496277,0.3405262001500393,0.220888489857204,0.367086271319383,0.33067882683707894,0.26391123695757746,0.2575683253912999,0.24622576663235707,0.3968344019940939,0.3990800321171203,0.22037957538393282,0.24638453839286523
0.30175101485198164,0.4643287450739557,0.2095704451706547,0.2699310848570803,0.40469650936324697,0.4405024536979163,0.3298484806116866,0.27628434819280834,0.2869739997684094,0.26106267246935333,0.4180879840057753,0.27713430419414686,0.39978095242317124,0.24600301763984733,0.2555181937090676,0.3643124281756147,0.4925011433499348,0.3770522437492022,0.37356706099651504,0.32776293301608017,0.38173326611606684,0.3841226381019095,0.38199226837474676,0.5098769200339561,0.5299092669927348,1.0,0.3775105745269066,0.24151235368720758,0.27076150809429067,0.29104047375875175,0.2439588395258644,0.42164788615762383,0.0,0.3720503429114863,0.4719393182510413,0.24372480289009213,0.32458911016977443,0.3827875086068604,0.26557869291651315,0.3973952681343125,0.24593100083973796,0.4316171462404108,0.3799719770015396,0.2873989053622623,0.2772463256255764,0.26780700735115703,0.4499318330578961,0.45388091164802047,0.25158303607897947,0.2812186346177825
0.31024420469039693,0.4224625519856128,0.23159085007882763,0.26519200970769397,0.42401164071207276,0.4027769950721495,0.3572706534504133,0.2678691350329596,0.3103125078334241,0.2716790530818005,0.5039248961131632,0.2602851062793632,0.5457721997353173,0.267835991044889,0.2639271385471108,0.35807559883187545,0.31346010891487974,0.5048558036597879,0.4936867833768299,0.36276766359855694,0.5118816847207629,0.5131074705712164,0.5393480415808016,0.34051953175583305,0.32142220517184417,0.3775105745269066,1.0,0.2647482430001781,0.30351902596205815,0.31344965865172714,0.2570637173468898,0.4886322609451339,0.0,0.49616932174524486,0.41720644758014414,0.2657401438015491,0.34865056376109227,0.580261482260639,0.18825635184263323,0.5538418758235557,0.2584273457094989,0.4213284967415478,0.6222276155805204,0.26808410497529445,0.26601500445039095,0.2819410159849083,0.41726120567698455,0.4179172521540234,0.2611278026216256,0.30732072539967537
0.27180901309491534,0.278417662117038,0.21198339610112982,0.5226941040610498,0.2480405693543245,0.2627659421156633,0.25102325389627855,0.6875535599412326,0.2692397715615631,0.510355909140211,0.27118577408633626,0.4840466440603952,0.2710747254923631,0.519114598534778,0.4913173432684028,0.2527240562632681,0.19986368430277224,0.2646735306895045,0.26041022839048356,0.25342822308347934,0.25631652959158013,0.2615335199864006,0.2693351093593127,0.21281844873417866,0.20698302513185685,0.24151235368720758,0.2647482430001781,1.0,0.3085956648444008,0.273426099106463,0.4817824330391326,0.2596215267590719,0.0,0.257871949623786,0.2534079731964982,0.4192553947673008,0.24240025349151284,0.2655246503982809,0.3164037242922305,0.2643365204842427,0.48962268591564906,0.25734888328403305,0.263376786556074,0.7976458963907076,0.7661872532155474,0.2919044094085469,0.25900722732875703,0.25977148189889565,0.4593315740027406,0.3029648374486059
0.3374533364640595,0.3141777781188929,0.25231684885813777,0.3009063426124675,0.28186596167869027,0.30800918994349413,0.2890787814133339,0.30621370311529383,0.33125679978019684,0.3102314480009637,0.3037909373919332,0.30957397328651415,0.3059252754239301,0.3079285672191767,0.29629443950628565,0.2882481894898987,0.23566411199455028,0.3005864503519192,0.2958439456367242,0.293746092845078,0.2927088439183584,0.28810891239681735,0.30279421582580857,0.25196343293733103,0.23722156468901212,0.27076150809429067,0.30351902596205815,0.3085956648444008,1.0,0.3250024899971581,0.28716031686811794,0.2933520491617436,0.0,0.294878614768324,0.29223571636007406,0.30417442425829144,0.2803598750794717,0.3002918235934372,0.21366991350322195,0.30345632060060634,0.28657222354570333,0.29259299206290523,0.30212728058904637,0.30314760742217806,0.30466527845184743,0.39924928511108093,0.2923681967898949,0.293526886789914,0.2968983406485214,0.6212777608966166
0.391816857545071,0.3143065856001207,0.25231819065131134,0.2764784935449459,0.2914924956178603,0.30103768744211135,0.29792042888490866,0.27741657298719824,0.4084379101831388,0.28457650680187485,0.31686519889900566,0.27339663806901915,0.32549786273583625,0.26952477107165906,0.26939753853828297,0.3090120205918633,0.24206664054644733,0.31014641859440606,0.30528985415602605,0.301015266462042,0.3015167461019529,0.29957388873612,0.3051525771484864,0.26596223381603845,0.25627491748570774,0.29104047375875175,0.31344965865172714,0.273426099106463,0.3250024899971581,1.0,0.2675775878252834,0.2947551854766016,0.0,0.2969061279449354,0.3048946445941034,0.271004361021708,0.29285462885694036,0.2970713357789928,0.20569021867476434,0.3188070012097065,0.26872706820848946,0.30741598140861115,0.3155508748809498,0.2796664690282977,0.2775535537287397,0.32262421777158246,0.3110815811857375,0.31184785038743235,0.2693231227481049,0.3451228912295553
0.2621763725538282,0.2635791619954716,0.19956146819838072,0.5072147434807258,0.25789533966005085,0.2494508689564533,0.24028652975526987,0.4781677871044602,0.2683381565250307,0.5328877126532735,0.26012254386641365,0.45550470954508937,0.267173539763932,0.49367283679421725,0.5046106371510483,0.25573571438458875,0.20070303999999273,0.25326953591321866,0.24819020939900416,0.24296403219393647,0.24060203883748288,0.24743211512991248,0.2544961678240838,0.21899189876089842,0.21777186026287532,0.2439588395258644,0.2570637173468898,0.4817824330391326,0.28716031686811794,0.2675775878252834,1.0,0.2576142598902311,0.0,0.24871151141008108,0.24553750684865827,0.40858367932389505,0.24433756341637813,0.24754981929950337,0.308326459697963,0.25657384483405554,0.6664653079648708,0.25019501226690455,0.25455507716132575,0.4845230342835123,0.47978132989313726,0.27924262445670167,0.24626274436497442,0.24661230221751185,0.4371937362460473,0.29359848019883983
0.31283059493630394,0.40883308813444363,0.21956009700394186,0.28169133825614245,0.4496051060995516,0.4000281747280908,0.3403638230448808,0.27894643943752184,0.2980303405854069,0.26904375868721786,0.47150766951117773,0.27777341683048185,0.501937099237325,0.25981401640444457,0.2686728952690479,0.356707794810751,0.41704466118031547,0.450778355957851,0.4609827893793158,0.34219903589737677,0.4720286957006439,0.47660747989068075,0.49345628084969506,0.40627267836674474,0.42816718734859827,0.42164788615762383,0.4886322609451339,0.2596215267590719,0.2933520491617436,0.2947551854766016,0.2576142598902311,1.0,0.0,0.47790787901052256,0.40644797321048654,0.25034803099017433,0.33953773839670987,0.4808112558965596,0.24101189579171123,0.5004187492155379,0.25689033483148904,0.40261301760915413,0.49791567287526917,0.27736086126309256,0.27726424542510786,0.27254203765994367,0.41939991362932794,0.42255819185206955,0.24651735972261068,0.29152581665548016
0.0,0.0,0.0,0.0,0.0,0.0,0.0,0.0,0.0,0.0,0.0,0.0,0.0,0.0,0.0,0.0,0.0,0.0,0.0,0.0,0.0,0.0,0.0,0.0,0.0,0.0,0.0,0.0,0.0,0.0,0.0,0.0,1.0,0.0,0.0,0.0,0.0,0.0,0.0,0.0,0.0,0.0,0.0,0.0,0.0,0.0,0.0,0.0,0.0,0.0
0.30665796028395265,0.40269441148008234,0.22689898615242277,0.2571222217152671,0.41502400867394995,0.41302794759637085,0.3520842694929983,0.26745650180623437,0.29331789234501204,0.25931983494691146,0.46651555019465896,0.25948927649570874,0.5375057223179124,0.252977916587678,0.2520704133532409,0.34944560957007653,0.3361824099938382,0.4797850210704633,0.4782297736442367,0.35146296671602706,0.49761517634506913,0.6119956155277921,0.6299416451421016,0.3522535039737662,0.3378039315319151,0.3720503429114863,0.49616932174524486,0.257871949623786,0.294878614768324,0.2969061279449354,0.24871151141008108,0.47790787901052256,0.0,1.0,0.4104316894250415,0.268709672801549,0.3369474577388585,0.4723214927047551,0.20597481331849543,0.5050244674975926,0.2474443447494945,0.4030108246485099,0.5014393612140124,0.2636193165707671,0.266076199941221,0.27057415792322737,0.40687345808394537,0.4089537204646917,0.251414654804872,0.2982197349863325
0.30762897268100275,0.5651307188252126,0.2185534948859238,0.2629754914772262,0.40171120570375607,0.557369003779399,0.35631897397476,0.2650523325999796,0.29401442751983187,0.26430508167025246,0.43501733270430043,0.2652387356882493,0.4267897910525388,0.2554792926581039,0.25511766776301026,0.3603989682290579,0.3916924172781161,0.42136449767223794,0.4225484862806649,0.3560529579614796,0.41149372711912824,0.4070925044355298,0.41726613020990955,0.4847236045780786,0.4695448324348668,0.4719393182510413,0.41720644758014414,0.2534079731964982,0.29223571636007406,0.3048946445941034,0.24553750684865827,0.40644797321048654,0.0,0.4104316894250415,1.0,0.26250401348234154,0.3408361152725484,0.4025000717144247,0.1978050104797472,0.42907924899920624,0.24970501655736665,0.470373868787447,0.42281774903558533,0.26377280787458146,0.26530612697484923,0.2712720126586794,0.46773438096203523,0.47080589150757357,0.2534358485769641,0.29429413694778017
0.2747158712861426,0.26968590572413786,0.21550184124689042,0.42552080897579403,0.24200794610694665,0.26366148310802995,0.2641066722703226,0.41028313859360155,0.2747729552381276,0.43875196821585305,0.271651589221909,0.40374983190699987,0.26788149610932066,0.4190431761760557,0.4117171121425891,0.2652881341802722,0.2045639061504534,0.2789917134753177,0.27071914814376663,0.2647753654080156,0.2684791304562877,0.2612416654741515,0.2725322990705863,0.21916004764659214,0.21062294723866548,0.24372480289009213,0.2657401438015491,0.4192553947673008,0.30417442425829144,0.271004361021708,0.40858367932389505,0.25034803099017433,0.0,0.268709672801549,0.26250401348234154,1.0,0.2573567823477758,0.2540074387585215,0.31110897961394357,0.2688836071863703,0.4096761974435418,0.26079095985521195,0.2624902798380029,0.4171791596272033,0.4165230159989275,0.28564286516196946,0.25509025573004873,0.25572831478099967,0.41053084911252147,0.30942266848713296
0.30036778585846946,0.33614209421317953,0.21040388322600745,0.2508402200499865,0.3206506189825683,0.34170124411577874,0.790654835724422,0.24886688911209442,0.29476444229503385,0.25331903392304467,0.3499645550288343,0.24161586429102322,0.355560284057832,0.2442061784791939,0.241388255055894,0.7400713088477113,0.26538582950781997,0.3735648719300766,0.36430040336375613,0.8001403777707934,0.366317106762744,0.35480308076095646,0.37063247403830935,0.2881725686106924,0.2815130685485391,0.32458911016977443,0.34865056376109227,0.24240025349151284,0.2803598750794717,0.29285462885694036,0.24433756341637813,0.33953773839670987,0.0,0.3369474577388585,0.3408361152725484,0.2573567823477758,1.0,0.3265014174332821,0.1837863459524236,0.34445173416825736,0.2400918619388137,0.33699510720283,0.34656683360108287,0.24839974763758688,0.247911121188496,0.2568820513744404,0.3301530991520182,0.3308567946665746,0.2373014562955168,0.28439989769557794
0.30798621923184144,0.424828482612718,0.22622062721983227,0.2574371339614049,0.441587406838563,0.4125376178319514,0.33716158949500485,0.27519404875808073,0.29764311336441496,0.26386080665400113,0.4807783923083222,0.2633862914670373,0.5057686610237595,0.25918205762803403,0.2556207294627707,0.34005146391796315,0.316370206025423,0.46247742542339754,0.4560604345722409,0.34145193153086173,0.4774382122147963,0.47758173536800475,0.49318718800762973,0.3402545150052617,0.32929547269619697,0.3827875086068604,0.580261482260639,0.2655246503982809,0.3002918235934372,0.2970713357789928,0.24754981929950337,0.4808112558965596,0.0,0.4723214927047551,0.4025000717144247,0.2540074387585215,0.3265014174332821,1.0,0.19636157389725284,0.5277850757649768,0.2514943372771751,0.41612290076501757,0.6217146522815578,0.27207620551371636,0.2683884373417267,0.2759250676775671,0.42116497705636724,0.42237527610080294,0.26089494144054537,0.29759304578829027
0.24560661594321354,0.1911197028709346,0.14652453661559617,0.3460984504296971,0.22202864218618767,0.20257858151243835,0.1861037987275458,0.34103779319546745,0.20103076927114738,0.33587741612860333,0.20014763677696024,0.355372289346517,0.20090907894672916,0.32236099075259406,0.3268111022365803,0.19316843293656405,0.3660951115028632,0.19221866018738765,0.1962319537646542,0.18489041558198094,0.18454605838118732,0.1931574540849027,0.19360906512996,0.2985367679647226,0.34098365124496277,0.26557869291651315,0.18825635184263323,0.3164037242922305,0.21366991350322195,0.20569021867476434,0.308326459697963,0.24101189579171123,0.0,0.20597481331849543,0.1978050104797472,0.31110897961394357,0.1837863459524236,0.19636157389725284,1.0,0.201508252626464,0.3168708690463924,0.1934763961589867,0.19423142001695815,0.346541187046965,0.3462798653570843,0.2246979900105176,0.22438771836055327,0.22084336160436413,0.3070685456220529,0.2217417458214761
0.3146672221071053,0.4324587048681803,0.23475609581442114,0.2623514174044559,0.4379942299632493,0.4152209975072626,0.35767387654277816,0.2731026736105244,0.3087722594188016,0.27125796862279616,0.520262800946278,0.2642377306482169,0.5545947131526031,0.2622873691174257,0.26104652684323015,0.3584872997138897,0.3337021065143496,0.5046838680277856,0.4968363500192191,0.3631704995538543,0.5186658330530085,0.5155818460860084,0.5316071401099013,0.35466937470407667,0.3405262001500393,0.3973952681343125,0.5538418758235557,0.2643365204842427,0.30345632060060634,0.3188070012097065,0.25657384483405554,0.5004187492155379,0.0,0.5050244674975926,0.42907924899920624,0.2688836071863703,0.34445173416825736,0.5277850757649768,0.201508252626464,1.0,0.254490498084768,0.4334839988238045,0.5567235140352303,0.2677171503013188,0.27070314943617446,0.2885396649666474,0.45090826198996037,0.4512521212729893,0.25997010139499543,0.31244887219631423
