../ecoli_genomes/GCF_000163235.1_ASM16323v1_genomic.fna.gz,../ecoli_genomes/GCF_000164555.1_ASM16455v1_genomic.fna.gz,../ecoli_genomes/GCF_000208545.1_ASM20854v2_genomic.fna.gz,../ecoli_genomes/GCF_000233875.1_ASM23387v1_genomic.fna.gz,../ecoli_genomes/GCF_000249735.1_ASM24973v2_genomic.fna.gz,../ecoli_genomes/GCF_000261145.1_Esch_coli_M919_V2_genomic.fna.gz,../ecoli_genomes/GCF_000267705.2_ASM26770v2_genomic.fna.gz,../ecoli_genomes/GCF_000350665.1_Esch_coli_KTE5_V1_genomic.fna.gz,../ecoli_genomes/GCF_000351625.1_Esch_coli_KTE66_V1_genomic.fna.gz,../ecoli_genomes/GCF_000352285.1_Esch_coli_KTE46_V1_genomic.fna.gz,../ecoli_genomes/GCF_000358895.1_ASM35889v1_genomic.fna.gz,../ecoli_genomes/GCF_000456385.1_Esch_coli_HVH_26_4-5703913_V1_genomic.fna.gz,../ecoli_genomes/GCF_000458195.1_Esch_coli_HVH_147_4-5893887_V1_genomic.fna.gz,../ecoli_genomes/GCF_000459755.1_Esch_coli_KOEGE_58_171a_V1_genomic.fna.gz,../ecoli_genomes/GCF_000460055.1_Esch_coli_UMEA_3053-1_V1_genomic.fna.gz,../ecoli_genomes/GCF_000462165.2_ASM46216v2_genomic.fna.gz,../ecoli_genomes/GCF_000601135.1_ASM60113v1_genomic.fna.gz,../ecoli_genomes/GCF_000614595.1_Ec2010EL1058_genomic.fna.gz,../ecoli_genomes/GCF_000617745.1_Ec2010C-4529_genomic.fna.gz,../ecoli_genomes/GCF_000618265.2_EcF6751_genomic.fna.gz,../ecoli_genomes/GCF_000619005.2_Ec2009C-4052_genomic.fna.gz,../ecoli_genomes/GCF_000619105.1_Ec2009C-4780_genomic.fna.gz,../ecoli_genomes/GCF_000619765.2_Ec2009C-3279_genomic.fna.gz,../ecoli_genomes/GCF_000687005.1_ASM68700v1_genomic.fna.gz,../ecoli_genomes/GCF_000687025.1_ASM68702v1_genomic.fna.gz,../ecoli_genomes/GCF_000700125.1_ASM70012v1_genomic.fna.gz,../ecoli_genomes/GCF_000753315.1_FHI35_genomic.fna.gz,../ecoli_genomes/GCF_000776375.1_ASM77637v1_genomic.fna.gz,../ecoli_genomes/GCF_000779395.1_ASM77939v1_genomic.fna.gz,../ecoli_genomes/GCF_000780315.1_ASM78031v1_genomic.fna.gz,../ecoli_genomes/GCF_000781995.1_ASM78199v1_genomic.fna.gz,../ecoli_genomes/GCF_000986765.1_ASM98676v1_genomic.fna.gz,../ecoli_genomes/GCF_001041375.1_ViralProj287958_genomic.fna.gz,../ecoli_genomes/GCF_001265335.1_302014_genomic.fna.gz,../ecoli_genomes/GCF_001265625.1_100854_genomic.fna.gz,../ecoli_genomes/GCF_001267345.1_303289_genomic.fna.gz,../ecoli_genomes/GCF_001309985.1_ASM130998v1_genomic.fna.gz,../ecoli_genomes/GCF_001521695.1_ASM152169v1_genomic.fna.gz,../ecoli_genomes/GCF_001592595.1_ASM159259v1_genomic.fna.gz,../ecoli_genomes/GCF_001614975.1_ASM161497v1_genomic.fna.gz,../ecoli_genomes/GCF_001692775.1_ASM169277v1_genomic.fna.gz,../ecoli_genomes/GCF_001748915.1_ASM174891v1_genomic.fna.gz,../ecoli_genomes/GCF_001749235.1_ASM174923v1_genomic.fna.gz,../ecoli_genomes/GCF_001881155.1_ASM188115v1_genomic.fna.gz,../ecoli_genomes/GCF_001881345.1_ASM188134v1_genomic.fna.gz,../ecoli_genomes/GCF_001892405.1_ASM189240v1_genomic.fna.gz,../ecoli_genomes/GCF_001892585.1_ASM189258v1_genomic.fna.gz,../ecoli_genomes/GCF_001893985.1_ASM189398v1_genomic.fna.gz,../ecoli_genomes/GCF_002001595.1_ASM200159v1_genomic.fna.gz,../ecoli_genomes/GCF_002002145.1_ASM200214v1_genomic.fna.gz
1.0,0.32923090614712447,0.26082007137556806,0.2799772279636813,0.3006010445480163,0.31102909767397036,0.2973301812970158,0.2856621534746866,0.3937721392471334,0.2939437369113945,0.326912886988468,0.2866806456519173,0.321739482331584,0.278196785849004,0.27127803233794123,0.30301978907160343,0.28242725643411737,0.31180525816017257,0.29938519111427475,0.2995894460584875,0.3014119543031485,0.3064588457621069,0.31685643594286406,0.28769636676504384,0.29507280174311834,0.3056663359072971,0.3193673886508509,0.279031029707304,0.3398036062858505,0.3897369247164957,0.25792630242235226,0.308176909509582,0.0,0.31259503549803325,0.313356971431772,0.2587401544173207,0.2826471262748287,0.32336313639193837,0.25395796182838326,0.3166409478740513,0.2604240351385335,0.309056315579216,0.31882998600074874,0.2843708153460287,0.2924035432639489,0.3169491920589371,0.30088753397249035,0.30119331424873064,0.27085907088584915,0.34375110816053733
0.32923090614712447,1.0,0.2371597610180477,0.27392806278713566,0.4025630081211068,0.5625447817576279,0.34762206064821255,0.2825050929568832,0.297679649296662,0.2910668360121006,0.43355978279495877,0.2893493410505329,0.42399697435347705,0.27180869809822483,0.2669891537597645,0.3505769301509434,0.4496377845969697,0.4164329301190274,0.3927746175232243,0.3494354309367089,0.4016451310501852,0.41106185240145243,0.41998465517591255,0.5168387601312261,0.5430055615291232,0.49439304480404045,0.41438839719598,0.2745124163415862,0.30366933220185544,0.3105836152169269,0.2599281571065596,0.41179539019576394,0.0,0.4134078232161442,0.5680533929959066,0.2520342987688631,0.33027530340323497,0.4291118544104999,0.25014989083543704,0.4234498624913041,0.26153311397132184,0.47043687937490475,0.42351021428359137,0.2874860086223324,0.2874128987447683,0.2849055452634782,0.47950334006828665,0.4808329217630438,0.2767537862972729,0.29720920197189205
0.26082007137556806,0.2371597610180477,1.0,0.2060323649427961,0.20868488278110253,0.22137055476553558,0.21605944012870226,0.20971966391557417,0.24260488928716917,0.21305830563536376,0.23302610890565822,0.20735373305505012,0.231238972752012,0.20935576045486848,0.20422570792669137,0.21885239769448084,0.197974733639114,0.22211580072480663,0.20920813187635956,0.21765760569507597,0.22148882483501509,0.22265413120525757,0.22760861501560536,0.20342128988430197,0.21023809883656897,0.2159005357840259,0.22533582197598967,0.20830532693379722,0.24017217279045144,0.2520953509500464,0.19565039296095466,0.21871920612803808,0.0,0.2252441717076904,0.21996871256695083,0.19782398644568788,0.20587966443215333,0.2260163524842823,0.1917943378718775,0.22954824262466234,0.2006662188813999,0.22118530632653677,0.23296411366104297,0.21499315223841486,0.20938160193231825,0.22831352484301337,0.22411699440876642,0.22403205556146444,0.2162765654905231,0.24447297167528848
0.2799772279636813,0.27392806278713566,0.2060323649427961,1.0,0.2720274408139861,0.2674772803344563,0.25006872095808086,0.4978467798012338,0.2751174335512807,0.5164746417922292,0.26611823196548123,0.4985956353682883,0.274014406822059,0.5401217007092973,0.5534980370767733,0.263144897632534,0.24796539129206985,0.25855163189470076,0.24683038136422475,0.25144353880806647,0.25157545579866414,0.2533866967884557,0.2664241687324995,0.2522179324986492,0.2655975255064511,0.2684973826420439,0.26171576748148073,0.514687229590583,0.2938439898453604,0.27464943347887794,0.49130827459345416,0.27571796981570396,0.0,0.2550404752631791,0.2595805896046156,0.3907303122455902,0.24380695730666957,0.2553974590386344,0.4153921913264751,0.2587226271720775,0.5097510223639412,0.2601350322853795,0.2595510948886599,0.5197828465018663,0.505589963922203,0.28691837610045934,0.25013020806476327,0.2506605809764406,0.44953390635847,0.2975507782473955
0.3006010445480163,0.4025630081211068,0.20868488278110253,0.2720274408139861,1.0,0.4174982591167756,0.31780437938574313,0.2741661939884834,0.3008223512201583,0.28044632056924834,0.51880371694437,0.25888947761973113,0.4796533915468445,0.2580805024213765,0.2767207509937085,0.35028834498286765,0.4409687125862084,0.4135801200511221,0.40032001298822684,0.3203555227158511,0.42328052425870966,0.41852471512007405,0.4296405042472281,0.4535078532267852,0.42549316505427626,0.42636349226934167,0.4392860337068717,0.24613497273923834,0.29555516970044005,0.30120643018923543,0.26655861578058104,0.46754402442409904,0.0,0.43434001194407434,0.39871531009548467,0.23239363872142837,0.3192907209518555,0.44861604256880916,0.25234669078614735,0.4476024341508824,0.2666329547488212,0.40530408077562696,0.4481890660598885,0.25926613431440104,0.2613621653404429,0.2659571699262151,0.41372488774463323,0.4145746574414573,0.24907204519731618,0.28795821956052114
0.31102909767397036,0.5625447817576279,0.22137055476553558,0.2674772803344563,0.4174982591167756,1.0,0.35355693922215037,0.28144445606753843,0.2925218585959082,0.27183336950555137,0.4254321560908375,0.2675660979665264,0.4230225100177534,0.2683648710862131,0.26508913973089254,0.3582408449143214,0.4556424864790558,0.41975946017203203,0.39793164736974784,0.3546769708350668,0.39515139412300215,0.4066343625425891,0.4207261517105546,0.5193289242060086,0.5489627844481197,0.47720228604434833,0.40550494425119243,0.2665955455088459,0.309202349246659,0.2982409543398815,0.2532274138353727,0.41191009812965995,0.0,0.4217970381918089,0.5625197350292455,0.25175960831947286,0.34054182186932036,0.41953355169746265,0.26243271228403064,0.41330918565110664,0.25782780066303645,0.47000316299922595,0.41655096748282827,0.27198556229989057,0.27611236767931235,0.2808511034948078,0.4776206124649691,0.4803805005045523,0.26444831036865324,0.2997773513395192
0.2973301812970158,0.34762206064821255,0.21605944012870226,0.25006872095808086,0.31780437938574313,0.35355693922215037,1.0,0.25587610939023797,0.2917197535741912,0.25402707743513586,0.3552531333257575,0.2524143121304896,0.35166027396269617,0.2506243680748371,0.24481143746653877,0.7587254176160716,0.30882373634763927,0.3779279791945602,0.36158089469060195,0.8669921557250342,0.38102313552990774,0.3726998281143522,0.3896570693440421,0.31657252493880483,0.3281202950921257,0.33992427686599125,0.3524234602888806,0.24930909229827447,0.27886735549191255,0.2886293567821162,0.23306634945763505,0.3410757995574736,0.0,0.35554599567721656,0.3511660630786415,0.24928176042290517,0.7798605600491353,0.33098775414956727,0.24344343838073845,0.3479235435307074,0.23267797241077592,0.3394707472381704,0.34910801671808056,0.2541240982651506,0.2512402244855725,0.2637115571946066,0.3384915588635261,0.3388478413102297,0.2441596002868519,0.2828665436437694
0.2856621534746866,0.2825050929568832,0.20971966391557417,0.4978467798012338,0.2741661939884834,0.28144445606753843,0.25587610939023797,1.0,0.27638248364107143,0.506271606162749,0.2688622525479448,0.4789202720376754,0.2828187911917923,0.4965686725634354,0.4842316677944922,0.26814678708360007,0.24979583161828545,0.2670944827637095,0.2582500032010939,0.25642097978877487,0.2569305774874413,0.2602682230204555,0.26838723929422426,0.2638582748083853,0.2688447962712095,0.27329899195184926,0.2690483634970987,0.6934839600620479,0.3059098860613121,0.279997545926122,0.47141761470904964,0.27507603575287765,0.0,0.2671236122045846,0.26832526539717216,0.3814123677620129,0.2457559738092281,0.2786706464351574,0.41349362039626814,0.2705735109135555,0.4768000282621856,0.26926762433656326,0.27367282849062946,0.7030978588584982,0.6671379867804447,0.288374381967775,0.25872809212416714,0.25923300638627056,0.4375328399200561,0.30032893075746314
0.3937721392471334,0.297679649296662,0.24260488928716917,0.2751174335512807,0.3008223512201583,0.2925218585959082,0.2917197535741912,0.27638248364107143,1.0,0.28904673290288685,0.30766627199138685,0.26005810425179754,0.3140519401181573,0.26985755320051286,0.2701298874956287,0.30458664599777696,0.2715726639153293,0.29466726944970056,0.2768475682908276,0.2947228454847588,0.29068054859410075,0.29494488727083856,0.3004582563929463,0.27598290045859575,0.282096755507385,0.29662896684978335,0.302578033752261,0.2611606253763652,0.320574428042549,0.4087987072388086,0.2618351646211543,0.2989802777131244,0.0,0.2945142391371147,0.2913375800444782,0.25343697824718747,0.28284479608773827,0.2896860017568763,0.2406883720334474,0.3075662052494882,0.2631980605841646,0.2921200495218499,0.30815450070489014,0.26820080179423655,0.261998543422696,0.30388847271960284,0.28606627705861243,0.28639995699878973,0.25710612245314646,0.33081414550091226
0.2939437369113945,0.2910668360121006,0.21305830563536376,0.5164746417922292,0.28044632056924834,0.27183336950555137,0.25402707743513586,0.506271606162749,0.28904673290288685,1.0,0.2784379638990303,0.4895988000673722,0.28989573477254293,0.5122761132215294,0.5054072965368923,0.26752635477646947,0.24807382370830122,0.2699281445290411,0.25167301744317094,0.25635962634973486,0.26045376690201993,0.2618937559371237,0.26794222453054484,0.25813107489231646,0.27127882177637164,0.27952954633611005,0.2739749906397797,0.49719244543745067,0.30404282552772066,0.28787370080708374,0.5099534862372933,0.2723123020318674,0.0,0.26483806405310495,0.2663786514125591,0.40530132607605196,0.24625223605092283,0.2691208120484887,0.4327075036561141,0.27627777124184416,0.5199505187673932,0.2658710102830818,0.2709753040708378,0.5088912150589333,0.5062864095416277,0.2916979035854135,0.26219321331972134,0.26217611740398217,0.4625489869827314,0.30194144003378365
0.326912886988468,0.43355978279495877,0.23302610890565822,0.26611823196548123,0.51880371694437,0.4254321560908375,0.3552531333257575,0.2688622525479448,0.30766627199138685,0.2784379638990303,1.0,0.2675545018938855,0.5378938526872183,0.2679613768702983,0.26274456476488484,0.35780962874644484,0.3776410258783529,0.48697449824806394,0.45845951864650747,0.3585381283009884,0.49009112543125344,0.497740479763481,0.4985590401542951,0.390835175531665,0.3963548090031661,0.4308663788744882,0.5049713236217498,0.26376004979593903,0.3006467613418732,0.3128806996716763,0.2549672319537809,0.4673351735055904,0.0,0.48316015785224165,0.43062088877159144,0.25880777139249167,0.3386366643667189,0.4856971467584402,0.24839130211122806,0.5233292356841617,0.2552335918467127,0.4416253144142911,0.5091222801129913,0.2691268899883533,0.2651876219009657,0.2856192978545039,0.4356673681186075,0.4356197217682386,0.2670908283914264,0.3058070832309838
0.2866806456519173,0.2893493410505329,0.20735373305505012,0.4985956353682883,0.25888947761973113,0.2675660979665264,0.2524143121304896,0.4789202720376754,0.26005810425179754,0.4895988000673722,0.2675545018938855,1.0,0.26988102013099036,0.5004990421288378,0.6074303114873477,0.2575172644868732,0.24386627826789253,0.2575043224869006,0.252887557085137,0.2529397295213144,0.25435534415659655,0.2560013708656288,0.2647744460711534,0.2539799455386923,0.2592343217607692,0.2678679789873618,0.2616117682546917,0.47614656930097954,0.30755066191497127,0.2728891070446573,0.4440307098984748,0.2647147347603901,0.0,0.26081342002561725,0.26790714144077143,0.38466909834859453,0.24319121778860797,0.26458999313699794,0.4177837513340874,0.2656843166439705,0.46059652976659915,0.2565142654160396,0.2666326691909684,0.4873475852427711,0.48493465398254576,0.28777982421463977,0.2581197696407894,0.25861661432780625,0.43007866196945366,0.2952821298181939
0.321739482331584,0.42399697435347705,0.231238972752012,0.274014406822059,0.4796533915468445,0.4230225100177534,0.35166027396269617,0.2828187911917923,0.3140519401181573,0.28989573477254293,0.5378938526872183,0.26988102013099036,1.0,0.26885637461737955,0.27694668269670586,0.3686610612233583,0.37478454221866275,0.5004675339352942,0.4828389373090385,0.3555353342199846,0.5105258930497514,0.5508578576608978,0.5581172394509613,0.39233405976890523,0.38888495138356327,0.427876151917287,0.5413074994380109,0.26297268325382817,0.2963884303830683,0.3249571208806905,0.26511582689268554,0.505305236473859,0.0,0.5360559018393407,0.42195978948020674,0.24855598965183,0.34641784549097976,0.5055920959872021,0.24856039561457344,0.5472932636884822,0.2671568269130762,0.4326209158015938,0.5315435682880412,0.2697219987223438,0.26443345920313843,0.2797864099426318,0.43338399498661295,0.4331376629921049,0.264904638964934,0.3017383739234557
0.278196785849004,0.27180869809822483,0.20935576045486848,0.5401217007092973,0.2580805024213765,0.2683648710862131,0.2506243680748371,0.4965686725634354,0.26985755320051286,0.5122761132215294,0.2679613768702983,0.5004990421288378,0.26885637461737955,1.0,0.5440543779815716,0.25385872452926517,0.23995509419705074,0.26118838917014475,0.24726051473827482,0.25332668957805216,0.25025709111934236,0.2549169143279887,0.2634838220622363,0.24008207738191267,0.25115140103031885,0.2585041208135117,0.2649443478058663,0.5194565754766414,0.3034559239486393,0.2707318785943489,0.4905514837376328,0.26148570989952835,0.0,0.2555124835904188,0.2581034613116272,0.3959515319842237,0.2387331588726117,0.26052076639084587,0.423295880181758,0.2628846619062303,0.5017127480514955,0.2591693166814777,0.26302326386103425,0.5200598406671241,0.5072678277455787,0.2930982657754637,0.255388873383842,0.2560578995417875,0.4506207580062057,0.304856315436695
0.27127803233794123,0.2669891537597645,0.20422570792669137,0.5534980370767733,0.2767207509937085,0.26508913973089254,0.24481143746653877,0.4842316677944922,0.2701298874956287,0.5054072965368923,0.26274456476488484,0.6074303114873477,0.27694668269670586,0.5440543779815716,1.0,0.26020032343844324,0.2512764316964383,0.25466971821180096,0.24226734582925025,0.24706212131326544,0.24680106636798116,0.2524661273747665,0.26243123715478933,0.24913581192939172,0.25949799966715603,0.2697325119767999,0.25993225113969853,0.4857691903278111,0.29272040268050104,0.2718079687745668,0.4955457603755695,0.27097333892371034,0.0,0.25580572963649073,0.2544958126896062,0.3858342945602865,0.23878355618478964,0.257650068384616,0.41735381211532496,0.2604908835850497,0.5058108795840304,0.25552150336446555,0.2618713531508553,0.49294532996487195,0.4807203457960171,0.2865883266901299,0.25633349801429617,0.25761854736276457,0.44222094788363486,0.30034130606881404
0.30301978907160343,0.3505769301509434,0.21885239769448084,0.263144897632534,0.35028834498286765,0.3582408449143214,0.7587254176160716,0.26814678708360007,0.30458664599777696,0.26752635477646947,0.35780962874644484,0.2575172644868732,0.3686610612233583,0.25385872452926517,0.26020032343844324,1.0,0.31870474633122203,0.3651035614094176,0.3596722213584639,0.7621039958102431,0.36208193883511264,0.36971130666323127,0.37956443097609205,0.3308443528892724,0.34793615890638163,0.35761569289998274,0.3462829535373667,0.250654437897318,0.27839073594604624,0.30236058307433755,0.24751438212101984,0.35409443181483913,0.0,0.35484662975463777,0.349747005466877,0.24552059503303858,0.7365950204478986,0.33523148316588414,0.2403042710221075,0.3478428597493054,0.24789688461382287,0.3410098282425036,0.34883597363348695,0.25754065747943833,0.255674659340829,0.2647753834431229,0.3419598167337019,0.3421595903834934,0.24842172297550125,0.2816929359145498
0.28242725643411737,0.4496377845969697,0.197974733639114,0.24796539129206985,0.4409687125862084,0.4556424864790558,0.30882373634763927,0.24979583161828545,0.2715726639153293,0.24807382370830122,0.3776410258783529,0.24386627826789253,0.37478454221866275,0.23995509419705074,0.2512764316964383,0.31870474633122203,1.0,0.3642993637086558,0.3449797021538641,0.3092264171552861,0.3563417065942327,0.3636777759447558,0.3749231174803599,0.5495041616272579,0.49651236650796826,0.48012872029401543,0.36412841019247355,0.2382857069816392,0.2924025701366849,0.2693496661200344,0.2344931889081664,0.43969399234048123,0.0,0.3757003563251813,0.44345196083478167,0.23021269963436042,0.30231046963802644,0.3680331312382251,0.22677431115962776,0.36886050162303563,0.23447974942952954,0.40922046152006175,0.3711013158945673,0.2469252934923548,0.254079834326434,0.2516116714479074,0.4252930721115473,0.42788532706183624,0.22993872934119153,0.2660688475299846
0.31180525816017257,0.4164329301190274,0.22211580072480663,0.25855163189470076,0.4135801200511221,0.41975946017203203,0.3779279791945602,0.2670944827637095,0.29466726944970056,0.2699281445290411,0.48697449824806394,0.2575043224869006,0.5004675339352942,0.26118838917014475,0.25466971821180096,0.3651035614094176,0.3642993637086558,1.0,0.5181722282865027,0.3777723274401106,0.5144269912916879,0.515782339574461,0.5254524776142739,0.37163702367123896,0.3753484306955741,0.40620379602727075,0.5077610198166622,0.2623267458756856,0.2927108838050062,0.2990022471923094,0.24710266854212593,0.4614300585623631,0.0,0.4812269075591725,0.42015787401055316,0.2586170671952833,0.35927050433845464,0.46726277783614123,0.2509845598669386,0.4972414110235941,0.2471527626048129,0.42640001646301673,0.490834775619865,0.26532189385672655,0.26052550193648283,0.26935485377730506,0.42256135552938057,0.42280340187179444,0.2542587936544791,0.29961386419545977
0.29938519111427475,0.3927746175232243,0.20920813187635956,0.24683038136422475,0.40032001298822684,0.39793164736974784,0.36158089469060195,0.2582500032010939,0.2768475682908276,0.25167301744317094,0.45845951864650747,0.252887557085137,0.4828389373090385,0.24726051473827482,0.24226734582925025,0.3596722213584639,0.3449797021538641,0.5181722282865027,1.0,0.35811979374552916,0.4982901971019261,0.49916780583291176,0.5025414927902039,0.3524680186069621,0.36330764127505166,0.3786227374693596,0.48373255830613215,0.24926168023030204,0.28245184561919257,0.28753826748022027,0.23473345762308118,0.44782733156390775,0.0,0.46577088141899314,0.4011087748730263,0.23994522756690762,0.34146567733310396,0.44776610415399765,0.2389320133341658,0.4756794245746785,0.23649648755410602,0.4007656068232045,0.46548551381897796,0.2551854928264966,0.2505769159356068,0.26136171276964804,0.3972786482566666,0.398689032204389,0.2448518305453078,0.2833798327085638
0.2995894460584875,0.3494354309367089,0.21765760569507597,0.25144353880806647,0.3203555227158511,0.3546769708350668,0.8669921557250342,0.25642097978877487,0.2947228454847588,0.25635962634973486,0.3585381283009884,0.2529397295213144,0.3555353342199846,0.25332668957805216,0.24706212131326544,0.7621039958102431,0.3092264171552861,0.3777723274401106,0.35811979374552916,1.0,0.3812861301105902,0.3715235745359008,0.38853047751649605,0.3165439261075491,0.3277729216068066,0.34200833485141835,0.3554274774970658,0.2512111320622723,0.2812952361240407,0.29213489319561836,0.2354281530979635,0.34337138096395936,0.0,0.35554115320245816,0.35081871838847034,0.24916181478987387,0.790520687030529,0.33347650802495565,0.24012261468773222,0.35174171347409355,0.23528387438142162,0.34261916846851626,0.3504884200073888,0.2546189136582111,0.2511192315643106,0.26687069534197716,0.3418875844421779,0.34225125661154854,0.2469054594658675,0.28615662975063494
0.3014119543031485,0.4016451310501852,0.22148882483501509,0.25157545579866414,0.42328052425870966,0.39515139412300215,0.38102313552990774,0.2569305774874413,0.29068054859410075,0.26045376690201993,0.49009112543125344,0.25435534415659655,0.5105258930497514,0.25025709111934236,0.24680106636798116,0.36208193883511264,0.3563417065942327,0.5144269912916879,0.4982901971019261,0.3812861301105902,1.0,0.5190027168575914,0.5421178359366021,0.3632285619061142,0.3669551260525695,0.3990933690688988,0.5123721293771257,0.25620355059481903,0.282168344782898,0.297265817538785,0.23895535406557522,0.4744789394718092,0.0,0.5026261570108087,0.40379740243605744,0.2517087272915344,0.361089180219325,0.4761532566777037,0.24199924601765,0.5063840149899665,0.24469024042832466,0.40054726161624554,0.49890024936754496,0.258991966320963,0.25718006288783135,0.27164361243546764,0.4139922771769212,0.4137650760500795,0.24948279250409655,0.28917177535787253
0.3064588457621069,0.41106185240145243,0.22265413120525757,0.2533866967884557,0.41852471512007405,0.4066343625425891,0.3726998281143522,0.2602682230204555,0.29494488727083856,0.2618937559371237,0.497740479763481,0.2560013708656288,0.5508578576608978,0.2549169143279887,0.2524661273747665,0.36971130666323127,0.3636777759447558,0.515782339574461,0.49916780583291176,0.3715235745359008,0.5190027168575914,1.0,0.7250551922862046,0.3629932402971968,0.3723542835916478,0.3951223393983909,0.5141330598909334,0.25479247680899253,0.28764577904079147,0.29741432118992917,0.23997060996444897,0.48397827403973703,0.0,0.6310078795765164,0.40624479306535266,0.2440270923051111,0.35527071940109667,0.4851190537076925,0.2450037520120092,0.521342017530638,0.24103253889693754,0.41076208593716934,0.5175443035893195,0.25898922120967127,0.2534069508361281,0.27142225283538157,0.41259493072744935,0.4128111115364349,0.2518627308638134,0.296134227560524
0.31685643594286406,0.41998465517591255,0.22760861501560536,0.2664241687324995,0.4296405042472281,0.4207261517105546,0.3896570693440421,0.26838723929422426,0.3004582563929463,0.26794222453054484,0.4985590401542951,0.2647744460711534,0.5581172394509613,0.2634838220622363,0.26243123715478933,0.37956443097609205,0.3749231174803599,0.5254524776142739,0.5025414927902039,0.38853047751649605,0.5421178359366021,0.7250551922862046,1.0,0.37241135266718717,0.3863810625659426,0.40388090559487166,0.5303259380076353,0.2650321504066313,0.29732873616751354,0.3000832180082704,0.24939021063359157,0.5025111707893,0.0,0.6380861992138762,0.4193794798392264,0.2541129597200634,0.36825359258678303,0.49164556759472855,0.2585444180560412,0.5259739329777124,0.2498765739135591,0.4177037191351456,0.5158715782706356,0.2664307317652542,0.26326645495511114,0.2751278861629797,0.41999840120961685,0.4203823225222152,0.25752437380509063,0.29801768345995816
0.28769636676504384,0.5168387601312261,0.20342128988430197,0.2522179324986492,0.4535078532267852,0.5193289242060086,0.31657252493880483,0.2638582748083853,0.27598290045859575,0.25813107489231646,0.390835175531665,0.2539799455386923,0.39233405976890523,0.24008207738191267,0.24913581192939172,0.3308443528892724,0.5495041616272579,0.37163702367123896,0.3524680186069621,0.3165439261075491,0.3632285619061142,0.3629932402971968,0.37241135266718717,1.0,0.5504208375870233,0.47536830360827265,0.3707158256120052,0.23901757542832425,0.2970427140615193,0.27994328154853576,0.24100188222988772,0.41202195930538665,0.0,0.3746772987157755,0.5251454751027791,0.22761436298915827,0.3107083415353862,0.36902420973151795,0.2262528990303092,0.3725595535905817,0.24136908999653162,0.43119462757163907,0.37163660965886824,0.24914865769991257,0.25474708079350106,0.25433443234971365,0.4256403641083226,0.42699537165474266,0.23331257964898455,0.2686050309503861
0.29507280174311834,0.5430055615291232,0.21023809883656897,0.2655975255064511,0.42549316505427626,0.5489627844481197,0.3281202950921257,0.2688447962712095,0.282096755507385,0.27127882177637164,0.3963548090031661,0.2592343217607692,0.38888495138356327,0.25115140103031885,0.25949799966715603,0.34793615890638163,0.49651236650796826,0.3753484306955741,0.36330764127505166,0.3277729216068066,0.3669551260525695,0.3723542835916478,0.3863810625659426,0.5504208375870233,1.0,0.5083932142489128,0.37352840355631245,0.24575553662460115,0.279304705176451,0.28378298847497596,0.24863117121753553,0.43863697897865017,0.0,0.3774896815531905,0.5376923061206444,0.2354379777404899,0.3214262795993026,0.3916826822191498,0.24228897318432507,0.37760919445689156,0.25078680422309163,0.4336409349624407,0.3861085024912845,0.27027645305174486,0.2706185027297475,0.26595007363611733,0.4379721813819356,0.44009464959547595,0.2525351850135862,0.2696835459896989
0.3056663359072971,0.49439304480404045,0.2159005357840259,0.2684973826420439,0.42636349226934167,0.47720228604434833,0.33992427686599125,0.27329899195184926,0.29662896684978335,0.27952954633611005,0.4308663788744882,0.2678679789873618,0.427876151917287,0.2585041208135117,0.2697325119767999,0.35761569289998274,0.48012872029401543,0.40620379602727075,0.3786227374693596,0.34200833485141835,0.3990933690688988,0.3951223393983909,0.40388090559487166,0.47536830360827265,0.5083932142489128,1.0,0.4031607267768492,0.2531508041459559,0.28433621176703416,0.30246466909131464,0.2580773283111648,0.413178177394683,0.0,0.39189399503388445,0.4849125472927863,0.24656889416256078,0.336747456706487,0.39944167075981374,0.24565125796857634,0.4126852884820924,0.25956725196947383,0.46376459970956696,0.40305594857683935,0.27388080629977496,0.27105696988594397,0.270418908033498,0.46879641037627895,0.46987305092908205,0.26226583904761247,0.2840899427728143
0.3193673886508509,0.41438839719598,0.22533582197598967,0.26171576748148073,0.4392860337068717,0.40550494425119243,0.3524234602888806,0.2690483634970987,0.302578033752261,0.2739749906397797,0.5049713236217498,0.2616117682546917,0.5413074994380109,0.2649443478058663,0.25993225113969853,0.3462829535373667,0.36412841019247355,0.5077610198166622,0.48373255830613215,0.3554274774970658,0.5123721293771257,0.5141330598909334,0.5303259380076353,0.3707158256120052,0.37352840355631245,0.4031607267768492,1.0,0.260369923292455,0.29634472263054,0.3038748526396706,0.2510254102722481,0.49260906576383934,0.0,0.49847239809463373,0.410689118209721,0.24789515189113565,0.3365655067166722,0.5835363204834798,0.2421353573542706,0.5453664172555588,0.25438040060419065,0.4222380874785585,0.6167868416464604,0.26791154167763054,0.2611963713606432,0.2817342506926894,0.4174920485901379,0.41776200288896237,0.26026908299770357,0.2994457530593675
0.279031029707304,0.2745124163415862,0.20830532693379722,0.514687229590583,0.24613497273923834,0.2665955455088459,0.24930909229827447,0.6934839600620479,0.2611606253763652,0.49719244543745067,0.26376004979593903,0.47614656930097954,0.26297268325382817,0.5194565754766414,0.4857691903278111,0.250654437897318,0.2382857069816392,0.2623267458756856,0.24926168023030204,0.2512111320622723,0.25620355059481903,0.25479247680899253,0.2650321504066313,0.23901757542832425,0.24575553662460115,0.2531508041459559,0.260369923292455,1.0,0.30150127883430644,0.26738867099106756,0.46448865779228277,0.26501005808892864,0.0,0.25790916654948104,0.25878680643109686,0.3821262157584143,0.23465752403940454,0.2685610557005954,0.41832679542620455,0.261076630135458,0.476356678633412,0.2585237784447748,0.26064092053579835,0.7993444477855258,0.7511390412197969,0.285358043932157,0.25367903788134516,0.253795226388842,0.4492209321646611,0.2948408738343713
0.3398036062858505,0.30366933220185544,0.24017217279045144,0.2938439898453604,0.29555516970044005,0.309202349246659,0.27886735549191255,0.3059098860613121,0.320574428042549,0.30404282552772066,0.3006467613418732,0.30755066191497127,0.2963884303830683,0.3034559239486393,0.29272040268050104,0.27839073594604624,0.2924025701366849,0.2927108838050062,0.28245184561919257,0.2812952361240407,0.282168344782898,0.28764577904079147,0.29732873616751354,0.2970427140615193,0.279304705176451,0.28433621176703416,0.29634472263054,0.30150127883430644,1.0,0.320685363135631,0.2796366736956395,0.296506183392771,0.0,0.2945418005405628,0.2916360803804785,0.2788689491768034,0.264913137393208,0.2956111111988844,0.27308475504108054,0.2974744751864834,0.28131398740444,0.2882863255715846,0.29384370596546183,0.30045819003047336,0.2993133615338158,0.3884230195416156,0.2825708023158495,0.28262841498220925,0.28755895334521797,0.6067032530844356
0.3897369247164957,0.3105836152169269,0.2520953509500464,0.27464943347887794,0.30120643018923543,0.2982409543398815,0.2886293567821162,0.279997545926122,0.4087987072388086,0.28787370080708374,0.3128806996716763,0.2728891070446573,0.3249571208806905,0.2707318785943489,0.2718079687745668,0.30236058307433755,0.2693496661200344,0.2990022471923094,0.28753826748022027,0.29213489319561836,0.297265817538785,0.29741432118992917,0.3000832180082704,0.27994328154853576,0.28378298847497596,0.30246466909131464,0.3038748526396706,0.26738867099106756,0.320685363135631,1.0,0.2641125197566849,0.29449965318509486,0.0,0.29454337326562297,0.29834184783471596,0.2563379122432775,0.2792282448433333,0.29362063496402024,0.24497091206006638,0.3137644047877891,0.2679893972395978,0.29802941719298637,0.3091920303687955,0.27466022957512404,0.27079714352063855,0.31679493119514957,0.298312385002785,0.29862731976847523,0.2649690227007018,0.3359317186303761
0.25792630242235226,0.2599281571065596,0.19565039296095466,0.49130827459345416,0.26655861578058104,0.2532274138353727,0.23306634945763505,0.47141761470904964,0.2618351646211543,0.5099534862372933,0.2549672319537809,0.4440307098984748,0.26511582689268554,0.4905514837376328,0.4955457603755695,0.24751438212101984,0.2344931889081664,0.24710266854212593,0.23473345762308118,0.2354281530979635,0.23895535406557522,0.23997060996444897,0.24939021063359157,0.24100188222988772,0.24863117121753553,0.2580773283111648,0.2510254102722481,0.46448865779228277,0.2796366736956395,0.2641125197566849,1.0,0.2593394632027861,0.0,0.24690155867624497,0.24290881044701274,0.3803080906459009,0.22853698714362614,0.24797612670582103,0.3887937787832225,0.25248897107685475,0.6573143735266518,0.24608945862685916,0.24831135270134863,0.4750991672492517,0.46248092387217743,0.2722563725518835,0.241903341601843,0.24189182005538445,0.4278251854802244,0.2778432735404406
0.308176909509582,0.41179539019576394,0.21871920612803808,0.27571796981570396,0.46754402442409904,0.41191009812965995,0.3410757995574736,0.27507603575287765,0.2989802777131244,0.2723123020318674,0.4673351735055904,0.2647147347603901,0.505305236473859,0.26148570989952835,0.27097333892371034,0.35409443181483913,0.43969399234048123,0.4614300585623631,0.44782733156390775,0.34337138096395936,0.4744789394718092,0.48397827403973703,0.5025111707893,0.41202195930538665,0.43863697897865017,0.413178177394683,0.49260906576383934,0.26501005808892864,0.296506183392771,0.29449965318509486,0.2593394632027861,1.0,0.0,0.4825313719691642,0.40479912937597917,0.23779483309068572,0.33758217679828084,0.48878281220762654,0.2448371641965178,0.5028733516657437,0.2537853290315314,0.4105636840064617,0.5039219744856258,0.26707832459999026,0.27101775419368956,0.27298223033095415,0.4180800207079046,0.4189848178798251,0.2519848479757082,0.28573419062907923
0.0,0.0,0.0,0.0,0.0,0.0,0.0,0.0,0.0,0.0,0.0,0.0,0.0,0.0,0.0,0.0,0.0,0.0,0.0,0.0,0.0,0.0,0.0,0.0,0.0,0.0,0.0,0.0,0.0,0.0,0.0,0.0,1.0,0.0,0.0,0.0,0.0,0.0,0.0,0.0,0.0,0.0,0.0,0.0,0.0,0.0,0.0,0.0,0.0,0.0
0.31259503549803325,0.4134078232161442,0.2252441717076904,0.2550404752631791,0.43434001194407434,0.4217970381918089,0.35554599567721656,0.2671236122045846,0.2945142391371147,0.26483806405310495,0.48316015785224165,0.26081342002561725,0.5360559018393407,0.2555124835904188,0.25580572963649073,0.35484662975463777,0.3757003563251813,0.4812269075591725,0.46577088141899314,0.35554115320245816,0.5026261570108087,0.6310078795765164,0.6380861992138762,0.3746772987157755,0.3774896815531905,0.39189399503388445,0.49847239809463373,0.25790916654948104,0.2945418005405628,0.29454337326562297,0.24690155867624497,0.4825313719691642,0.0,1.0,0.40957177481412066,0.2583229790667131,0.3349234416501322,0.483708201274586,0.2597633139345922,0.5087676830752483,0.24422200014161588,0.4064055753551954,0.5073230050364426,0.2616325085945297,0.26152064879985226,0.2695563988679326,0.41433255324308027,0.41440526220796936,0.2518655788666584,0.292407490736036
0.313356971431772,0.5680533929959066,0.21996871256695083,0.2595805896046156,0.39871531009548467,0.5625197350292455,0.3511660630786415,0.26832526539717216,0.2913375800444782,0.2663786514125591,0.43062088877159144,0.26790714144077143,0.42195978948020674,0.2581034613116272,0.2544958126896062,0.349747005466877,0.44345196083478167,0.42015787401055316,0.4011087748730263,0.35081871838847034,0.40379740243605744,0.40624479306535266,0.4193794798392264,0.5251454751027791,0.5376923061206444,0.4849125472927863,0.410689118209721,0.25878680643109686,0.2916360803804785,0.29834184783471596,0.24290881044701274,0.40479912937597917,0.0,0.40957177481412066,1.0,0.24275852094326655,0.3314812855047169,0.40181548311700466,0.2489607617270433,0.4175469084225445,0.2446020918961319,0.47283362941384566,0.41884431102426,0.2599833193848079,0.26131834631547535,0.27036278292209026,0.46484633412784937,0.46502088830386223,0.2534448200686049,0.2828596970847398
0.2587401544173207,0.2520342987688631,0.19782398644568788,0.3907303122455902,0.23239363872142837,0.25175960831947286,0.24928176042290517,0.3814123677620129,0.25343697824718747,0.40530132607605196,0.25880777139249167,0.38466909834859453,0.24855598965183,0.3959515319842237,0.3858342945602865,0.24552059503303858,0.23021269963436042,0.2586170671952833,0.23994522756690762,0.24916181478987387,0.2517087272915344,0.2440270923051111,0.2541129597200634,0.22761436298915827,0.2354379777404899,0.24656889416256078,0.24789515189113565,0.3821262157584143,0.2788689491768034,0.2563379122432775,0.3803080906459009,0.23779483309068572,0.0,0.2583229790667131,0.24275852094326655,1.0,0.2380467280038997,0.24143021965709244,0.38446369869945785,0.25161867828275264,0.38758386294183533,0.245015690108081,0.2454874228063051,0.3894111535134468,0.38542847220825094,0.2693343447962334,0.23838637985701394,0.23864565671658022,0.3963192044336694,0.2826890333291978
0.2826471262748287,0.33027530340323497,0.20587966443215333,0.24380695730666957,0.3192907209518555,0.34054182186932036,0.7798605600491353,0.2457559738092281,0.28284479608773827,0.24625223605092283,0.3386366643667189,0.24319121778860797,0.34641784549097976,0.2387331588726117,0.23878355618478964,0.7365950204478986,0.30231046963802644,0.35927050433845464,0.34146567733310396,0.790520687030529,0.361089180219325,0.35527071940109667,0.36825359258678303,0.3107083415353862,0.3214262795993026,0.336747456706487,0.3365655067166722,0.23465752403940454,0.264913137393208,0.2792282448433333,0.22853698714362614,0.33758217679828084,0.0,0.3349234416501322,0.3314812855047169,0.2380467280038997,1.0,0.3168634709053836,0.22791910362067214,0.32917513954571476,0.22731612025419978,0.3267735403750963,0.33380694942310474,0.24209304465238413,0.238117683436898,0.2512198819506146,0.32406704695849875,0.32438332094949396,0.23123417248204636,0.27111038017409883
0.32336313639193837,0.4291118544104999,0.2260163524842823,0.2553974590386344,0.44861604256880916,0.41953355169746265,0.33098775414956727,0.2786706464351574,0.2896860017568763,0.2691208120484887,0.4856971467584402,0.26458999313699794,0.5055920959872021,0.26052076639084587,0.257650068384616,0.33523148316588414,0.3680331312382251,0.46726277783614123,0.44776610415399765,0.33347650802495565,0.4761532566777037,0.4851190537076925,0.49164556759472855,0.36902420973151795,0.3916826822191498,0.39944167075981374,0.5835363204834798,0.2685610557005954,0.2956111111988844,0.29362063496402024,0.24797612670582103,0.48878281220762654,0.0,0.483708201274586,0.40181548311700466,0.24143021965709244,0.3168634709053836,1.0,0.2618277735725031,0.5199318764197387,0.2518825541619353,0.4205512545737865,0.6269224055923776,0.2767588891003203,0.27338809336923975,0.2799531261765379,0.42750857955789745,0.42754913120949944,0.2655281551817361,0.29869069034929396
0.25395796182838326,0.25014989083543704,0.1917943378718775,0.4153921913264751,0.25234669078614735,0.26243271228403064,0.24344343838073845,0.41349362039626814,0.2406883720334474,0.4327075036561141,0.24839130211122806,0.4177837513340874,0.24856039561457344,0.423295880181758,0.41735381211532496,0.2403042710221075,0.22677431115962776,0.2509845598669386,0.2389320133341658,0.24012261468773222,0.24199924601765,0.2450037520120092,0.2585444180560412,0.2262528990303092,0.24228897318432507,0.24565125796857634,0.2421353573542706,0.41832679542620455,0.27308475504108054,0.24497091206006638,0.3887937787832225,0.2448371641965178,0.0,0.2597633139345922,0.2489607617270433,0.38446369869945785,0.22791910362067214,0.2618277735725031,1.0,0.24868327856461703,0.39824701525944006,0.24504822758499645,0.24901047528346276,0.419391735312697,0.4264883618452052,0.26514772242030493,0.24183923186044753,0.24204175598513578,0.4009301235589837,0.28642861802569797
0.3166409478740513,0.4234498624913041,0.22954824262466234,0.2587226271720775,0.4476024341508824,0.41330918565110664,0.3479235435307074,0.2705735109135555,0.3075662052494882,0.27627777124184416,0.5233292356841617,0.2656843166439705,0.5472932636884822,0.2628846619062303,0.2604908835850497,0.3478428597493054,0.36886050162303563,0.4972414110235941,0.4756794245746785,0.35174171347409355,0.5063840149899665,0.521342017530638,0.5259739329777124,0.3725595535905817,0.37760919445689156,0.4126852884820924,0.5453664172555588,0.261076630135458,0.2974744751864834,0.3137644047877891,0.25248897107685475,0.5028733516657437,0.0,0.5087676830752483,0.4175469084225445,0.25161867828275264,0.32917513954571476,0.5199318764197387,0.24868327856461703,1.0,0.2536106950115191,0.42710908943014414,0.5447185673957102,0.266278661425863,0.2673977412835138,0.2886496724282289,0.44300792418564705,0.4430675509417892,0.26268123636342955,0.3077428111959264
