../ecoli_genomes/GCF_000163235.1_ASM16323v1_genomic.fna.gz,../ecoli_genomes/GCF_000164555.1_ASM16455v1_genomic.fna.gz,../ecoli_genomes/GCF_000208545.1_ASM20854v2_genomic.fna.gz,../ecoli_genomes/GCF_000233875.1_ASM23387v1_genomic.fna.gz,../ecoli_genomes/GCF_000249735.1_ASM24973v2_genomic.fna.gz,../ecoli_genomes/GCF_000261145.1_Esch_coli_M919_V2_genomic.fna.gz,../ecoli_genomes/GCF_000267705.2_ASM26770v2_genomic.fna.gz,../ecoli_genomes/GCF_000350665.1_Esch_coli_KTE5_V1_genomic.fna.gz,../ecoli_genomes/GCF_000351625.1_Esch_coli_KTE66_V1_genomic.fna.gz,../ecoli_genomes/GCF_000352285.1_Esch_coli_KTE46_V1_genomic.fna.gz,../ecoli_genomes/GCF_000358895.1_ASM35889v1_genomic.fna.gz,../ecoli_genomes/GCF_000456385.1_Esch_coli_HVH_26_4-5703913_V1_genomic.fna.gz,../ecoli_genomes/GCF_000458195.1_Esch_coli_HVH_147_4-5893887_V1_genomic.fna.gz,../ecoli_genomes/GCF_000459755.1_Esch_coli_KOEGE_58_171a_V1_genomic.fna.gz,../ecoli_genomes/GCF_000460055.1_Esch_coli_UMEA_3053-1_V1_genomic.fna.gz,../ecoli_genomes/GCF_000462165.2_ASM46216v2_genomic.fna.gz,../ecoli_genomes/GCF_000601135.1_ASM60113v1_genomic.fna.gz,../ecoli_genomes/GCF_000614595.1_Ec2010EL1058_genomic.fna.gz,../ecoli_genomes/GCF_000617745.1_Ec2010C-4529_genomic.fna.gz,../ecoli_genomes/GCF_000618265.2_EcF6751_genomic.fna.gz,../ecoli_genomes/GCF_000619005.2_Ec2009C-4052_genomic.fna.gz,../ecoli_genomes/GCF_000619105.1_Ec2009C-4780_genomic.fna.gz,../ecoli_genomes/GCF_000619765.2_Ec2009C-3279_genomic.fna.gz,../ecoli_genomes/GCF_000687005.1_ASM68700v1_genomic.fna.gz,../ecoli_genomes/GCF_000687025.1_ASM68702v1_genomic.fna.gz,../ecoli_genomes/GCF_000700125.1_ASM70012v1_genomic.fna.gz,../ecoli_genomes/GCF_000753315.1_FHI35_genomic.fna.gz,../ecoli_genomes/GCF_000776375.1_ASM77637v1_genomic.fna.gz,../ecoli_genomes/GCF_000779395.1_ASM77939v1_genomic.fna.gz,../ecoli_genomes/GCF_000780315.1_ASM78031v1_genomic.fna.gz,../ecoli_genomes/GCF_000781995.1_ASM78199v1_genomic.fna.gz,../ecoli_genomes/GCF_000986765.1_ASM98676v1_genomic.fna.gz,../ecoli_genomes/GCF_001041375.1_ViralProj287958_genomic.fna.gz,../ecoli_genomes/GCF_001265335.1_302014_genomic.fna.gz,../ecoli_genomes/GCF_001265625.1_100854_genomic.fna.gz,../ecoli_genomes/GCF_001267345.1_303289_genomic.fna.gz,../ecoli_genomes/GCF_001309985.1_ASM130998v1_genomic.fna.gz,../ecoli_genomes/GCF_001521695.1_ASM152169v1_genomic.fna.gz,../ecoli_genomes/GCF_001592595.1_ASM159259v1_genomic.fna.gz,../ecoli_genomes/GCF_001614975.1_ASM161497v1_genomic.fna.gz,../ecoli_genomes/GCF_001692775.1_ASM169277v1_genomic.fna.gz,../ecoli_genomes/GCF_001748915.1_ASM174891v1_genomic.fna.gz,../ecoli_genomes/GCF_001749235.1_ASM174923v1_genomic.fna.gz,../ecoli_genomes/GCF_001881155.1_ASM188115v1_genomic.fna.gz,../ecoli_genomes/GCF_001881345.1_ASM188134v1_genomic.fna.gz,../ecoli_genomes/GCF_001892405.1_ASM189240v1_genomic.fna.gz,../ecoli_genomes/GCF_001892585.1_ASM189258v1_genomic.fna.gz,../ecoli_genomes/GCF_001893985.1_ASM189398v1_genomic.fna.gz,../ecoli_genomes/GCF_002001595.1_ASM200159v1_genomic.fna.gz,../ecoli_genomes/GCF_002002145.1_ASM200214v1_genomic.fna.gz
1.0,0.7918194161253469,0.7696886435151324,0.765464152139568,0.7403536845926522,0.7683591439895937,0.7862258309981333,0.769661065465216,0.8091336134827359,0.7730170716243278,0.784309454486133,0.7669904279525921,0.7769456481020646,0.7622461320468288,0.7512925629512596,0.7871798166948504,0.7117833436451746,0.782646207487225,0.7294459853698358,0.7883735181981022,0.7793895490088052,0.7363906679494453,0.7874025138461482,0.7483451904814094,0.7194023278457744,0.6881950400192682,0.7865411598940626,0.7646597123413961,0.7934186331842051,0.8113893518530587,0.7472501317375533,0.7664719327138849,0.05450661023556436,0.7796682101251247,0.7742930745559984,0.7446224235210617,0.7777886661539858,0.7775466201063084,0.6716068022357393,0.784830543113772,0.7492575266392874,0.7779439781691995,0.7858171415885924,0.7671883062950874,0.7704792855447888,0.7799203674442384,0.7829953238935751,0.7834288611639529,0.7646581257036058,0.7976278113920747
0.7918194161253469,1.0,0.7577786817941532,0.7727232861159669,0.7639119096534606,0.8174494822342778,0.7884230426083843,0.7770433177014692,0.7813493182131244,0.7771708500520593,0.80349535187983,0.7703748846028401,0.7895071759269587,0.770669977819971,0.7640539099013365,0.7887514258004242,0.7310232668610632,0.8010701110370496,0.7397735362375574,0.7912856328494146,0.7996054525597129,0.7493171140065245,0.8042621126230709,0.7843516518068037,0.7531288005640565,0.7014865277426744,0.8063227502744015,0.7786196880570558,0.7846269137810747,0.7886755931866334,0.7581818762934018,0.7872968509121154,0.055169616328951676,0.7941553720781565,0.8266788860977492,0.7511350033189045,0.7809261644846042,0.8045380686217865,0.6530878685857737,0.8047036157378498,0.7620544485926488,0.8151087471398697,0.8116413050426197,0.7855952426705928,0.7865838185092613,0.7777027713435261,0.8181604456507283,0.820214776995032,0.7842120964634812,0.7834286543939569
0.7696886435151324,0.7577786817941532,1.0,0.7415145545392616,0.702522149446434,0.7358726485639785,0.7530490427575509,0.7508843304086165,0.7695262172079842,0.7580987436076612,0.7519415654377645,0.7485155955483037,0.7487274278450751,0.750872580614381,0.7455591317152264,0.7559363646693602,0.6808300774225728,0.7573882118679471,0.7061940327352978,0.7559654611188162,0.7543563328161464,0.710781586594143,0.7510681150141739,0.7116365218323801,0.6802426968661701,0.6502358623229982,0.7513630225597641,0.7432966558627248,0.7652445339363338,0.7710837359560468,0.7408290524130423,0.7352833295730354,0.0552601399877084,0.7501266504603958,0.7388532173837368,0.7342122959881979,0.7467561422820009,0.7430372577458134,0.6483529841975663,0.7522028793594595,0.7457401824074635,0.74964303749836,0.7552787397865699,0.7489899257260232,0.7475459593828095,0.7534765649263323,0.7557827287897527,0.7563348036774653,0.7543918678003787,0.76860142179148
0.765464152139568,0.7727232861159669,0.7415145545392616,1.0,0.7274423101459896,0.7574590085962918,0.7505303993161238,0.8222462175652168,0.7626795014912627,0.8321626854957513,0.7563082041085829,0.8194761023708808,0.7494432901671908,0.8411117538826385,0.8480141166912557,0.7531903827231058,0.6948511463644208,0.7591119045198278,0.710326901551765,0.7511582837590314,0.7567146990356823,0.7148772326971804,0.7592759745770901,0.7260132419203996,0.6978074098876561,0.6657125610430736,0.7602920096685905,0.8391126949111064,0.7664176644316276,0.7623854888159957,0.8167648236078545,0.7490573175349717,0.055852635728734334,0.7472096663313126,0.7554587049775204,0.7795388080128266,0.7452076812799294,0.7466595914867864,0.6845463961333185,0.7530194321057138,0.8321265325774492,0.7583569503162323,0.7567468890415838,0.8369329044015764,0.8343068789963108,0.76288584968737,0.7652154945840799,0.7658325225181194,0.8154549947186933,0.7739211415595796
0.7403536845926522,0.7639119096534606,0.702522149446434,0.7274423101459896,1.0,0.767754593967724,0.7416210188872094,0.7309697383088386,0.7435273677393835,0.7291696573732706,0.7891337720486246,0.7253168604207739,0.7784783804379706,0.7248166388993715,0.7254230823473691,0.7534657611866028,0.7240326246612881,0.7648385708598737,0.7273673584269815,0.7429192730605356,0.7767525670104902,0.7300417999844051,0.7680326975834231,0.7606187683314289,0.7186400868753466,0.6849913220856112,0.7741111082712825,0.7237776132884475,0.7480580745571379,0.7428496891656795,0.7100349515791701,0.7774015433684525,0.04960337731630926,0.7716093973103195,0.7636784396931152,0.7041986028590737,0.7419222645912323,0.7873528028870772,0.6433968203310638,0.7810194510361739,0.7209355241062854,0.7616517663310247,0.7807038157801349,0.7283798370494994,0.7289909927879282,0.7372870482642746,0.7751483263508294,0.7759459657634724,0.7257964473794273,0.7434621902751346
0.7683591439895937,0.8174494822342778,0.7358726485639785,0.7574590085962918,0.767754593967724,1.0,0.7814622983904743,0.760178521642157,0.7660296832919558,0.7516895629274655,0.7823870553704365,0.7489140268947243,0.7787661571903435,0.7520930763446585,0.7423195660541171,0.7866123963695638,0.7419136457596491,0.7911137638268646,0.7395393704519853,0.7792084643188504,0.7825215116437897,0.7839897803195637,0.7983001360333,0.7832360158545258,0.7477656699426791,0.7019953441751716,0.7903432380248245,0.7551154368237639,0.7753868466016587,0.7709138331610972,0.7356749858441152,0.7823354264900464,0.05769750627519732,0.7895519086680785,0.8114336302237652,0.7445988952091971,0.7798844755920129,0.7913102041791138,0.6553112174664257,0.7960033975774206,0.7447452845709428,0.7942514739187716,0.7995145035590928,0.758194608706088,0.7626318482767729,0.7575518493366727,0.8060864643090399,0.807944841513494,0.7564292827073098,0.7776909070428892
0.7862258309981333,0.7884230426083843,0.7530490427575509,0.7505303993161238,0.7416210188872094,0.7814622983904743,1.0,0.7523491188831398,0.7740772886234546,0.7534338318346689,0.7821123038695135,0.7474381358966784,0.780480669772299,0.7501670325939637,0.7460507985139313,0.9047310409098924,0.7071465657636482,0.8072786190781622,0.7488348949637451,0.9457012904306791,0.8005313370016731,0.7553366970453615,0.8101585222725348,0.7497805141071838,0.7144498823852621,0.6772557753700095,0.7945551136176812,0.7494133633071727,0.7723301999005374,0.7798372052048242,0.739872124771255,0.7703425346143761,0.058881772960722945,0.7894815981410499,0.7860312993469507,0.7499100248007182,0.9249766310844316,0.7779866504728247,0.6562999959513944,0.7889007627176147,0.7431259357952882,0.785735323408517,0.7894823808851611,0.7523407497758132,0.7536267869177653,0.7575982047859,0.7824397313388617,0.7834314206803047,0.755013990378512,0.7736050362142654
0.769661065465216,0.7770433177014692,0.7508843304086165,0.8222462175652168,0.7309697383088386,0.760178521642157,0.7523491188831398,1.0,0.7635707742255682,0.8301223646770879,0.765004378831157,0.8252270130518715,0.7601905698240854,0.8225695924233726,0.8145197472250788,0.7578168205877958,0.7013702053241573,0.7660431013021416,0.7168042806851723,0.7551148760003119,0.7597693556053572,0.7230000139777439,0.7627735026849525,0.7341607773838328,0.7052539226115129,0.6777660994849073,0.7625943441024835,0.8825108004666532,0.7837310420367951,0.7700092265825302,0.8135101255060507,0.7529944160796553,0.05818643397764012,0.7594934840391216,0.7553008232429959,0.7754871071772013,0.7488848866398956,0.7619589353188702,0.6807415882808849,0.7682053002515846,0.8164858793491436,0.7635265159918538,0.7684228082668603,0.8853187723001159,0.8787870660660531,0.7688432776147958,0.7665744606324731,0.7669097628983205,0.8166420455649523,0.7811645583466998
0.8091336134827359,0.7813493182131244,0.7695262172079842,0.7626795014912627,0.7435273677393835,0.7660296832919558,0.7740772886234546,0.7635707742255682,1.0,0.7733958969276468,0.7862466791735485,0.7534654517396713,0.7795719407297025,0.7641213772732895,0.7614936493737847,0.7811680201817773,0.7079194647551121,0.7786942400796756,0.7294758754388546,0.7786744530497212,0.7744580600448838,0.7374486254450021,0.7798666715241283,0.7413132098033122,0.7045895008433789,0.6703303562361524,0.782643766959431,0.7610416842308172,0.7846433420890047,0.8136739828729314,0.748254706273193,0.7619106387166682,0.052724185509759325,0.7709806723105317,0.7730036130533537,0.7489556122987719,0.7697601523049833,0.7737341227692419,0.6542479078389396,0.781026305359462,0.7509050319500659,0.7826561273428616,0.7877241225610886,0.7644938191040782,0.7607312386920646,0.7683731797272386,0.7838685741932558,0.7853461341420203,0.7652105018380679,0.7890851333571268
0.7730170716243278,0.7771708500520593,0.7580987436076612,0.8321626854957513,0.7291696573732706,0.7516895629274655,0.7534338318346689,0.8301223646770879,0.7733958969276468,1.0,0.7657715199430863,0.8154672296199141,0.7622652945106428,0.8284969498020482,0.8289364770238574,0.7603528999685258,0.6899570336565941,0.7646779553268725,0.7144083126172885,0.7566532809783775,0.7590950036783108,0.716824487593227,0.756127357994065,0.7275475189053768,0.6958306833349248,0.6592730616444928,0.763385766171994,0.8302024354116123,0.7781915164458334,0.7749238711518417,0.8251065646335145,0.7450791333761828,0.05877038711140781,0.7486322565959154,0.7534690500119668,0.7878043694714912,0.748760513452722,0.7528265523374172,0.683902958465239,0.7613696058977681,0.8329840906427395,0.765607570292364,0.7660697077417197,0.8314537013074594,0.8328215302331015,0.7636532100149315,0.7640124940965882,0.7650129012471054,0.8267868430356939,0.7767067491970926
0.784309454486133,0.80349535187983,0.7519415654377645,0.7563082041085829,0.7891337720486246,0.7823870553704365,0.7821123038695135,0.765004378831157,0.7862466791735485,0.7657715199430863,1.0,0.7502783167570144,0.8371614546318198,0.7583247182054145,0.7509432712213319,0.7914093351339371,0.717957921089208,0.8154271659885893,0.7667658349361816,0.7867975711094548,0.8186225555789362,0.7839051828552666,0.8222469844552278,0.7617881090258485,0.7165382047048023,0.6889834351833283,0.8297482862657116,0.7625491179900695,0.7752306339838804,0.7856776204409182,0.746323878694986,0.7959207763202698,0.05039476132608889,0.8089063751412947,0.794804340127681,0.7441766814977446,0.7811057505591084,0.8199777327141051,0.6499918023903288,0.8392299768872803,0.7515891682361763,0.8058939252735406,0.8341311705931284,0.7646277769541868,0.7659443832759767,0.7597468576423807,0.8076758621164075,0.8093321444313009,0.767192953914068,0.7735876170727569
0.7669904279525921,0.7703748846028401,0.7485155955483037,0.8194761023708808,0.7253168604207739,0.7489140268947243,0.7474381358966784,0.8252270130518715,0.7534654517396713,0.8154672296199141,0.7502783167570144,1.0,0.7473314681815444,0.814284002302768,0.838646295713763,0.7501199904557017,0.6952276915362681,0.7560673711741019,0.7121290142917359,0.7498966724479645,0.7562799089334887,0.7095343143100774,0.7548379725001966,0.7242157412289828,0.7009115869018263,0.670534393959839,0.7534724576738724,0.8155202543800607,0.770252292568458,0.7595531248079995,0.796112187944779,0.7436347898507605,0.053820269980333735,0.7465793585717009,0.7448872882437718,0.7656755377850872,0.7466695864925754,0.7489182249279625,0.6790990740323759,0.7531627980813899,0.8062910913345903,0.7470383634530993,0.7555085850988968,0.815530926025524,0.8197745830101978,0.7577916418728283,0.7559612308532064,0.7562011686543693,0.8012543241292011,0.7736287121711725
0.7769456481020646,0.7895071759269587,0.7487274278450751,0.7494432901671908,0.7784783804379706,0.7787661571903435,0.780480669772299,0.7601905698240854,0.7795719407297025,0.7622652945106428,0.8371614546318198,0.7473314681815444,1.0,0.7499077364111058,0.7506294965307574,0.7894750567369508,0.711596775790887,0.8147509491152959,0.8081013599410014,0.7842558029862283,0.8143329169788713,0.804110215355384,0.8272698171508399,0.755464924425852,0.7120068508807011,0.6817955155891202,0.8237848286465779,0.7544288349153421,0.7709652447667226,0.7863344083164168,0.7406971011313472,0.8176854678078871,0.050130811309319845,0.8203838337050087,0.7834287276425936,0.7336610510960124,0.7801904378976534,0.8120148642616264,0.6435848338368162,0.8348483071181626,0.7455691047767026,0.7887268241153585,0.8271311586325466,0.7565744440612623,0.7580689595299572,0.7525264490595631,0.7943841342995486,0.7958242971071359,0.7568759086586121,0.7696368295862551
0.7622461320468288,0.770669977819971,0.750872580614381,0.8411117538826385,0.7248166388993715,0.7520930763446585,0.7501670325939637,0.8225695924233726,0.7641213772732895,0.8284969498020482,0.7583247182054145,0.814284002302768,0.7499077364111058,1.0,0.8440393692957182,0.7542579359769421,0.6839145603668118,0.7624291239711415,0.7133793241840769,0.7533539080612466,0.7601391444239552,0.7174840995719352,0.7582038825328506,0.7192396555081496,0.6861661121829411,0.6552945075897183,0.7600787000394982,0.8356827846765345,0.7773070245078391,0.7655515396044169,0.8176240152557291,0.7417729732054099,0.054885467028025325,0.7480502528676578,0.7521615291733073,0.7858114063856142,0.7458305573767532,0.7511333211907525,0.6788585237873728,0.7566726543884288,0.8341098799499314,0.7558885039383082,0.7604152657488406,0.832662397776659,0.8310913830942277,0.7673868849076029,0.7644790551152338,0.7653427971392133,0.8190368452593836,0.7809754956929714
0.7512925629512596,0.7640539099013365,0.7455591317152264,0.8480141166912557,0.7254230823473691,0.7423195660541171,0.7460507985139313,0.8145197472250788,0.7614936493737847,0.8289364770238574,0.7509432712213319,0.838646295713763,0.7506294965307574,0.8440393692957182,1.0,0.7511855930955011,0.690242050568968,0.7560696697851703,0.708094197472889,0.7491624546442823,0.7525111882866595,0.7083603549031829,0.7524093746589029,0.7176755445800098,0.6869641585422708,0.6562430921747622,0.7554895636378016,0.822674394627965,0.7660639443425817,0.7611602977010268,0.8191927343677549,0.7441176904983025,0.05154176877607464,0.742362287929917,0.7449175192376645,0.7814576234982562,0.7427949291996004,0.7455495748077587,0.6782654802954471,0.7512980600392604,0.8283650379409364,0.7528045045803665,0.7546499671905231,0.8195743112232232,0.8186627213643595,0.7627307340186452,0.7610322941854142,0.7622085982482119,0.8144740404259678,0.7747428793291455
0.7871798166948504,0.7887514258004242,0.7559363646693602,0.7531903827231058,0.7534657611866028,0.7866123963695638,0.9047310409098924,0.7578168205877958,0.7811680201817773,0.7603528999685258,0.7914093351339371,0.7501199904557017,0.7894750567369508,0.7542579359769421,0.7511855930955011,1.0,0.7150894163433525,0.7989294318913187,0.7451901826757121,0.9109822298256086,0.7926726495475611,0.7590072549149451,0.8021868945332447,0.7570005912064386,0.7223006073576484,0.6880496130527632,0.7885530067933325,0.7540478680355118,0.7732722973228654,0.7850019777559163,0.743973089062969,0.7726636943918698,0.05869830079483773,0.78678357273994,0.786747504002557,0.7498210948982258,0.906601040611805,0.7804112193526332,0.6459629470408147,0.7893185131018331,0.7491846908113677,0.7861911449849295,0.7905853750210852,0.7565412686407745,0.7576035701643288,0.7603517712558182,0.7866656382405762,0.7873330298522636,0.7580102875637115,0.7757130908093874
0.7117833436451746,0.7310232668610632,0.6808300774225728,0.6948511463644208,0.7240326246612881,0.7419136457596491,0.7071465657636482,0.7013702053241573,0.7079194647551121,0.6899570336565941,0.717957921089208,0.6952276915362681,0.711596775790887,0.6839145603668118,0.690242050568968,0.7150894163433525,1.0,0.7104990840052771,0.6699741125662425,0.7082092137887441,0.7195699737570077,0.6834009126800262,0.7194313397230623,0.8146362706717624,0.8137699960113197,0.7965600040946169,0.7170058588018182,0.6937053842687709,0.7043950188539473,0.7060546082010256,0.6773860510232943,0.755229246724286,0.052989164638837405,0.7292909310466698,0.7385226929529742,0.6800824259810956,0.7046410981402085,0.7145174672692374,0.6150058655593742,0.7240853264583699,0.6797746174467577,0.7223808016346871,0.7216380254844144,0.7053509191956648,0.705515680759021,0.6942717677553284,0.747889974833152,0.7423795852724444,0.6866911673965772,0.7072258817161006
0.782646207487225,0.8010701110370496,0.7573882118679471,0.7591119045198278,0.7648385708598737,0.7911137638268646,0.8072786190781622,0.7660431013021416,0.7786942400796756,0.7646779553268725,0.8154271659885893,0.7560673711741019,0.8147509491152959,0.7624291239711415,0.7560696697851703,0.7989294318913187,0.7104990840052771,1.0,0.7806669753495141,0.8091973944910289,0.8377568549529588,0.79018567558936,0.847408203308254,0.752741668565946,0.7121649505064925,0.6805909599173008,0.8324947125391836,0.7598830557175823,0.777308533025878,0.7868286672591721,0.7507656045582762,0.7953109143564877,0.05269095783388045,0.8229101574635247,0.7953196441427697,0.7559414796168347,0.8009380561047656,0.8080660571639735,0.6588966000295418,0.8342514548276243,0.7527103952804475,0.7981376726092932,0.8284441793566492,0.7653811695602304,0.7667426673900225,0.7646027633592007,0.8030891093434321,0.8044775353119785,0.7680587963527687,0.7796071092561545
0.7294459853698358,0.7397735362375574,0.7061940327352978,0.710326901551765,0.7273673584269815,0.7395393704519853,0.7488348949637451,0.7168042806851723,0.7294758754388546,0.7144083126172885,0.7667658349361816,0.7121290142917359,0.8081013599410014,0.7133793241840769,0.708094197472889,0.7451901826757121,0.6699741125662425,0.7806669753495141,1.0,0.7496691424878835,0.7756794527914531,0.7883360510797819,0.7799238714156167,0.7015244386855171,0.6709843150270487,0.643020704013506,0.7647441614999013,0.7154311620253575,0.7307072926851287,0.7294303671489694,0.7018332085134977,0.7794704693039973,0.04811345410334977,0.7649568465654867,0.7394277921057882,0.7014570455461926,0.7451921766810214,0.7559494948354578,0.6226792661901707,0.7690623468546076,0.7048339853930016,0.7349092013771649,0.7637283367113906,0.7179464101290973,0.7182335262408869,0.7234331507917279,0.7405109700598198,0.7423753443675607,0.7141614111351702,0.7302811623218437
0.7883735181981022,0.7912856328494146,0.7559654611188162,0.7511582837590314,0.7429192730605356,0.7792084643188504,0.9457012904306791,0.7551148760003119,0.7786744530497212,0.7566532809783775,0.7867975711094548,0.7498966724479645,0.7842558029862283,0.7533539080612466,0.7491624546442823,0.9109822298256086,0.7082092137887441,0.8091973944910289,0.7496691424878835,1.0,0.8043242192297434,0.7539307484190256,0.8110194296475125,0.7488436650273346,0.7163834891559026,0.6803554603356505,0.7957005205131995,0.7531277653629709,0.7744401158487196,0.7836067781563191,0.7432669565472085,0.7721064049501727,0.059076689155765916,0.7919566240189064,0.7873935638477394,0.751277959894504,0.9278165549782635,0.7822866532639797,0.6490138723080809,0.7920222175808702,0.7465250908636345,0.7911351618709384,0.7932849774250119,0.7558536161943399,0.7563452306931742,0.7626408470849559,0.7868711117625862,0.7879535359134863,0.7595760426827763,0.7749475108049061
0.7793895490088052,0.7996054525597129,0.7543563328161464,0.7567146990356823,0.7767525670104902,0.7825215116437897,0.8005313370016731,0.7597693556053572,0.7744580600448838,0.7590950036783108,0.8186225555789362,0.7562799089334887,0.8143329169788713,0.7601391444239552,0.7525111882866595,0.7926726495475611,0.7195699737570077,0.8377568549529588,0.7756794527914531,0.8043242192297434,1.0,0.780138905289348,0.8390987079219594,0.7542585382821089,0.7201448248502602,0.6905968948777106,0.8300409485196487,0.7592449918415971,0.7781997547059519,0.784404305779029,0.7422655424566673,0.8043629339878606,0.052129983616692854,0.8327534332349673,0.7933986822345048,0.7497231339411274,0.7931915284622088,0.8156764261174009,0.6535055794165507,0.8311721345103729,0.7462828346048997,0.7939120109447272,0.8293530209799206,0.7622336777567165,0.7629622784200104,0.7679024641198265,0.803983661949463,0.8045469636513892,0.7633470941183248,0.7776610550609385
0.7363906679494453,0.7493171140065245,0.710781586594143,0.7148772326971804,0.7300417999844051,0.7839897803195637,0.7553366970453615,0.7230000139777439,0.7374486254450021,0.716824487593227,0.7839051828552666,0.7095343143100774,0.804110215355384,0.7174840995719352,0.7083603549031829,0.7590072549149451,0.6834009126800262,0.79018567558936,0.7883360510797819,0.7539307484190256,0.780138905289348,1.0,0.83426251348715,0.7144021028260246,0.6770209136863745,0.6510194798830082,0.781985925321541,0.7187402497937572,0.7353100189544617,0.7422795832136923,0.7055777693558299,0.7699147318625392,0.04987361517277755,0.8022836706497671,0.7436372619804388,0.7097178990993973,0.7555226527635818,0.7779978871821549,0.628246284168462,0.7947806238809593,0.7103894424345004,0.7452218378899678,0.7921971311860247,0.7208546021099762,0.7247028669637137,0.7239330500928093,0.7527617693524874,0.7534308068573632,0.7242774158972691,0.7421953596312911
0.7874025138461482,0.8042621126230709,0.7510681150141739,0.7592759745770901,0.7680326975834231,0.7983001360333,0.8101585222725348,0.7627735026849525,0.7798666715241283,0.756127357994065,0.8222469844552278,0.7548379725001966,0.8272698171508399,0.7582038825328506,0.7524093746589029,0.8021868945332447,0.7194313397230623,0.847408203308254,0.7799238714156167,0.8110194296475125,0.8390987079219594,0.83426251348715,1.0,0.7549530167592985,0.7176853224883828,0.6810234412939102,0.8426087417772707,0.7594365800968051,0.7765484021848947,0.7828700299846789,0.7474419803805956,0.8122283461644499,0.05355014055313523,0.8619803331626756,0.7930050471857821,0.7514193746076602,0.8029097024715779,0.8187614155346928,0.6557962712622236,0.8377858582379043,0.7511274002229019,0.7975945267723168,0.836432877364376,0.7625042326590825,0.7668289712506321,0.7632620715465985,0.7950331992367794,0.7963511048043892,0.7599625032333736,0.7798629946912238
0.7483451904814094,0.7843516518068037,0.7116365218323801,0.7260132419203996,0.7606187683314289,0.7832360158545258,0.7497805141071838,0.7341607773838328,0.7413132098033122,0.7275475189053768,0.7617881090258485,0.7242157412289828,0.755464924425852,0.7192396555081496,0.7176755445800098,0.7570005912064386,0.8146362706717624,0.752741668565946,0.7015244386855171,0.7488436650273346,0.7542585382821089,0.7144021028260246,0.7549530167592985,1.0,0.7997771032125778,0.7572190169722766,0.7557238344485132,0.7231725116062927,0.7429600163460393,0.7449141340438286,0.7109409589598465,0.769018969077949,0.06053952913509475,0.7603112514401527,0.7929026795188562,0.7077970183053501,0.7461398560276722,0.750946751287207,0.6355714355694793,0.7573376282766549,0.7145492252325137,0.7658444173197219,0.7590671141292717,0.732881783594888,0.7331364627814199,0.7232259247687671,0.7808211972711623,0.7779031005413609,0.7233329325918845,0.7437202556980356
0.7194023278457744,0.7531288005640565,0.6802426968661701,0.6978074098876561,0.7186400868753466,0.7477656699426791,0.7144498823852621,0.7052539226115129,0.7045895008433789,0.6958306833349248,0.7165382047048023,0.7009115869018263,0.7120068508807011,0.6861661121829411,0.6869641585422708,0.7223006073576484,0.8137699960113197,0.7121649505064925,0.6709843150270487,0.7163834891559026,0.7201448248502602,0.6770209136863745,0.7176853224883828,0.7997771032125778,1.0,0.8115645514362045,0.7203979192758433,0.6973821437014416,0.703068415594196,0.707382184228289,0.6757584298364009,0.7560783815657245,0.056148067190374684,0.7250920752712435,0.7577592034970395,0.6821732315632667,0.7126963540443989,0.7196309036143902,0.6151196686686214,0.7210010835319002,0.6809616890485377,0.7261592518365407,0.7251106653290125,0.7136148227362122,0.7136236607473394,0.6973517665690023,0.749297067433042,0.7440943096531132,0.6944575213259951,0.7059310607889594
0.6881950400192682,0.7014865277426744,0.6502358623229982,0.6657125610430736,0.6849913220856112,0.7019953441751716,0.6772557753700095,0.6777660994849073,0.6703303562361524,0.6592730616444928,0.6889834351833283,0.670534393959839,0.6817955155891202,0.6552945075897183,0.6562430921747622,0.6880496130527632,0.7965600040946169,0.6805909599173008,0.643020704013506,0.6803554603356505,0.6905968948777106,0.6510194798830082,0.6810234412939102,0.7572190169722766,0.8115645514362045,1.0,0.6852849860611034,0.671527962489787,0.6701202290633324,0.6764611475096669,0.6473608266100235,0.7154902787780282,0.05494433150903555,0.6909359045370601,0.709696925879033,0.6492680865140037,0.675680357502425,0.6849796802381508,0.6027655827211666,0.6945629737750816,0.6521181963959037,0.6927554048052293,0.6915998414168338,0.6881373525113204,0.6837908972514071,0.6624575643960721,0.7227921763323816,0.7147753543196037,0.6617489139367375,0.672863955674231
0.7865411598940626,0.8063227502744015,0.7513630225597641,0.7602920096685905,0.7741111082712825,0.7903432380248245,0.7945551136176812,0.7625943441024835,0.782643766959431,0.763385766171994,0.8297482862657116,0.7534724576738724,0.8237848286465779,0.7600787000394982,0.7554895636378016,0.7885530067933325,0.7170058588018182,0.8324947125391836,0.7647441614999013,0.7957005205131995,0.8300409485196487,0.781985925321541,0.8426087417772707,0.7557238344485132,0.7203979192758433,0.6852849860611034,1.0,0.7583541453510538,0.7767894787119806,0.7882866889838996,0.7445304898400207,0.8056566592855064,0.05169011395428713,0.8230150352012022,0.7988383405031618,0.7481793076401047,0.7896248403857534,0.8406415139447666,0.6507818934282728,0.8422892432233324,0.7512088253329285,0.8095699643389649,0.8602277594392017,0.765517448061569,0.7653714314232567,0.7679339327645263,0.8087174882856625,0.8101226963058702,0.7668920031978667,0.7795016948323501
0.7646597123413961,0.7786196880570558,0.7432966558627248,0.8391126949111064,0.7237776132884475,0.7551154368237639,0.7494133633071727,0.8825108004666532,0.7610416842308172,0.8302024354116123,0.7625491179900695,0.8155202543800607,0.7544288349153421,0.8356827846765345,0.822674394627965,0.7540478680355118,0.6937053842687709,0.7598830557175823,0.7154311620253575,0.7531277653629709,0.7592449918415971,0.7187402497937572,0.7594365800968051,0.7231725116062927,0.6973821437014416,0.671527962489787,0.7583541453510538,1.0,0.7759313365602769,0.769115672983554,0.813298924134068,0.7465898050967619,0.05591574694624113,0.7523045736471755,0.7546537234363213,0.7753060803869228,0.7465341593130606,0.7551544516612617,0.6784749069256027,0.7610780881913317,0.818853528434368,0.7609111127638836,0.7612446449192913,0.924832243926507,0.9090948544945623,0.7669578479549165,0.7658270097725054,0.76633181168618,0.8229087400605944,0.774239151714107
0.7934186331842051,0.7846269137810747,0.7652445339363338,0.7664176644316276,0.7480580745571379,0.7753868466016587,0.7723301999005374,0.7837310420367951,0.7846433420890047,0.7781915164458334,0.7752306339838804,0.770252292568458,0.7709652447667226,0.7773070245078391,0.7660639443425817,0.7732722973228654,0.7043950188539473,0.777308533025878,0.7307072926851287,0.7744401158487196,0.7781997547059519,0.7353100189544617,0.7765484021848947,0.7429600163460393,0.703068415594196,0.6701202290633324,0.7767894787119806,0.7759313365602769,1.0,0.7874466512110075,0.7639133129653138,0.7592713508725385,0.05498425450197364,0.774256451714016,0.7691863978122521,0.7529957967324766,0.7677843283422225,0.7750544430841398,0.6579312461824567,0.7778447113516498,0.7633452770448429,0.771086370405953,0.7800614639566661,0.776203532141783,0.7769744086633722,0.7960758709573312,0.7792041988157894,0.7793340679448584,0.7760177994692559,0.8611817749262383
0.8113893518530587,0.7886755931866334,0.7710837359560468,0.7623854888159957,0.7428496891656795,0.7709138331610972,0.7798372052048242,0.7700092265825302,0.8136739828729314,0.7749238711518417,0.7856776204409182,0.7595531248079995,0.7863344083164168,0.7655515396044169,0.7611602977010268,0.7850019777559163,0.7060546082010256,0.7868286672591721,0.7294303671489694,0.7836067781563191,0.784404305779029,0.7422795832136923,0.7828700299846789,0.7449141340438286,0.707382184228289,0.6764611475096669,0.7882866889838996,0.769115672983554,0.7874466512110075,1.0,0.7524199347520474,0.7613467832206735,0.05105761172988521,0.7759898821042677,0.7795101906909048,0.7533637889564456,0.77546396145367,0.7860828868121127,0.6548317930600746,0.7924850571970745,0.7568244862342803,0.7810002147711532,0.7928825517707148,0.7719598507942864,0.7663203670667282,0.7775124672976834,0.7870067992443605,0.788137888581312,0.7686275544697022,0.7948408149056957
0.7472501317375533,0.7581818762934018,0.7408290524130423,0.8167648236078545,0.7100349515791701,0.7356749858441152,0.739872124771255,0.8135101255060507,0.748254706273193,0.8251065646335145,0.746323878694986,0.796112187944779,0.7406971011313472,0.8176240152557291,0.8191927343677549,0.743973089062969,0.6773860510232943,0.7507656045582762,0.7018332085134977,0.7432669565472085,0.7422655424566673,0.7055777693558299,0.7474419803805956,0.7109409589598465,0.6757584298364009,0.6473608266100235,0.7445304898400207,0.813298924134068,0.7639133129653138,0.7524199347520474,1.0,0.7315476929225204,0.05813125449576517,0.7376936710540867,0.7377354620707224,0.7692591391366834,0.7365669289704728,0.7379159121640646,0.6659724675433538,0.7441689734667638,0.8573895166525272,0.7477806110689021,0.7464098690483032,0.813439803232333,0.8120776772750675,0.7539349360257691,0.7454893025112519,0.746498988959827,0.7982572823827125,0.7569807174873638
0.7664719327138849,0.7872968509121154,0.7352833295730354,0.7490573175349717,0.7774015433684525,0.7823354264900464,0.7703425346143761,0.7529944160796553,0.7619106387166682,0.7450791333761828,0.7959207763202698,0.7436347898507605,0.8176854678078871,0.7417729732054099,0.7441176904983025,0.7726636943918698,0.755229246724286,0.7953109143564877,0.7794704693039973,0.7721064049501727,0.8043629339878606,0.7699147318625392,0.8122283461644499,0.769018969077949,0.7560783815657245,0.7154902787780282,0.8056566592855064,0.7465898050967619,0.7592713508725385,0.7613467832206735,0.7315476929225204,1.0,0.05208947677590192,0.8082070206010898,0.7770645726825914,0.7269322973337127,0.7672180259209687,0.7964583351159809,0.641628936971032,0.8107146864914471,0.7325930188944474,0.7797736094711077,0.8082367951226452,0.7512236873797447,0.7571694328376698,0.7468811729972331,0.7900828019902641,0.7900175423713696,0.7430447615607676,0.7572308550445886
0.05450661023556436,0.055169616328951676,0.0552601399877084,0.055852635728734334,0.04960337731630926,0.05769750627519732,0.058881772960722945,0.05818643397764012,0.052724185509759325,0.05877038711140781,0.05039476132608889,0.053820269980333735,0.050130811309319845,0.054885467028025325,0.05154176877607464,0.05869830079483773,0.052989164638837405,0.05269095783388045,0.04811345410334977,0.059076689155765916,0.052129983616692854,0.04987361517277755,0.05355014055313523,0.06053952913509475,0.056148067190374684,0.05494433150903555,0.05169011395428713,0.05591574694624113,0.05498425450197364,0.05105761172988521,0.05813125449576517,0.05208947677590192,1.0,0.05192599262392228,0.05367872774774596,0.056548880468811236,0.05720629665265098,0.05568503857371221,0.04991259611182153,0.05254410456240355,0.05316633725441122,0.05729944654582275,0.056470133957249424,0.05827348067306126,0.05572287360001926,0.05372089829185889,0.05627736226979241,0.056617565818312454,0.05211706710282815,0.05201965415799659
0.7796682101251247,0.7941553720781565,0.7501266504603958,0.7472096663313126,0.7716093973103195,0.7895519086680785,0.7894815981410499,0.7594934840391216,0.7709806723105317,0.7486322565959154,0.8089063751412947,0.7465793585717009,0.8203838337050087,0.7480502528676578,0.742362287929917,0.78678357273994,0.7292909310466698,0.8229101574635247,0.7649568465654867,0.7919566240189064,0.8327534332349673,0.8022836706497671,0.8619803331626756,0.7603112514401527,0.7250920752712435,0.6909359045370601,0.8230150352012022,0.7523045736471755,0.774256451714016,0.7759898821042677,0.7376936710540867,0.8082070206010898,0.05192599262392228,1.0,0.7921794517682472,0.7482250433582853,0.783702466570561,0.8131177447946913,0.6557764735653686,0.8317265526179529,0.7418114553100181,0.7960540247252808,0.8306341114647997,0.7556728819945586,0.7614699008314401,0.7602319278551921,0.7953537403428425,0.7959037060657385,0.754234897222087,0.7772317690904369
0.7742930745559984,0.8266788860977492,0.7388532173837368,0.7554587049775204,0.7636784396931152,0.8114336302237652,0.7860312993469507,0.7553008232429959,0.7730036130533537,0.7534690500119668,0.794804340127681,0.7448872882437718,0.7834287276425936,0.7521615291733073,0.7449175192376645,0.786747504002557,0.7385226929529742,0.7953196441427697,0.7394277921057882,0.7873935638477394,0.7933986822345048,0.7436372619804388,0.7930050471857821,0.7929026795188562,0.7577592034970395,0.709696925879033,0.7988383405031618,0.7546537234363213,0.7691863978122521,0.7795101906909048,0.7377354620707224,0.7770645726825914,0.05367872774774596,0.7921794517682472,1.0,0.74054720338497,0.7783856338128262,0.7893859774166173,0.649812767010239,0.797911007794096,0.7419297902051791,0.8079067156869071,0.8026257433070476,0.7567966432277843,0.7569169169211034,0.7578187727594423,0.8082849808020571,0.80905718073181,0.7516930942108914,0.7709526139251577
0.7446224235210617,0.7511350033189045,0.7342122959881979,0.7795388080128266,0.7041986028590737,0.7445988952091971,0.7499100248007182,0.7754871071772013,0.7489556122987719,0.7878043694714912,0.7441766814977446,0.7656755377850872,0.7336610510960124,0.7858114063856142,0.7814576234982562,0.7498210948982258,0.6800824259810956,0.7559414796168347,0.7014570455461926,0.751277959894504,0.7497231339411274,0.7097178990993973,0.7514193746076602,0.7077970183053501,0.6821732315632667,0.6492680865140037,0.7481793076401047,0.7753060803869228,0.7529957967324766,0.7533637889564456,0.7692591391366834,0.7269322973337127,0.056548880468811236,0.7482250433582853,0.74054720338497,1.0,0.7446855322860032,0.7330066752517328,0.6736121159630806,0.7471540322765231,0.7788757348179545,0.7525569654926569,0.7460970621833888,0.7764180032945643,0.7812627053127391,0.7459536770567019,0.7461103690112239,0.7479619512906321,0.7848641099297744,0.7558535070723981
0.7777886661539858,0.7809261644846042,0.7467561422820009,0.7452076812799294,0.7419222645912323,0.7798844755920129,0.9249766310844316,0.7488848866398956,0.7697601523049833,0.748760513452722,0.7811057505591084,0.7466695864925754,0.7801904378976534,0.7458305573767532,0.7427949291996004,0.906601040611805,0.7046410981402085,0.8009380561047656,0.7451921766810214,0.9278165549782635,0.7931915284622088,0.7555226527635818,0.8029097024715779,0.7461398560276722,0.7126963540443989,0.675680357502425,0.7896248403857534,0.7465341593130606,0.7677843283422225,0.77546396145367,0.7365669289704728,0.7672180259209687,0.05720629665265098,0.783702466570561,0.7783856338128262,0.7446855322860032,1.0,0.7757794613764981,0.6481921601116227,0.7851973058423752,0.7402132003978303,0.781163526188352,0.7885482678180057,0.7490175654822235,0.7500818027630325,0.7526133097764527,0.7773518114809129,0.7784395729882083,0.7494671780182287,0.7685996058883992
0.7775466201063084,0.8045380686217865,0.7430372577458134,0.7466595914867864,0.7873528028870772,0.7913102041791138,0.7779866504728247,0.7619589353188702,0.7737341227692419,0.7528265523374172,0.8199777327141051,0.7489182249279625,0.8120148642616264,0.7511333211907525,0.7455495748077587,0.7804112193526332,0.7145174672692374,0.8080660571639735,0.7559494948354578,0.7822866532639797,0.8156764261174009,0.7779978871821549,0.8187614155346928,0.750946751287207,0.7196309036143902,0.6849796802381508,0.8406415139447666,0.7551544516612617,0.7750544430841398,0.7860828868121127,0.7379159121640646,0.7964583351159809,0.05568503857371221,0.8131177447946913,0.7893859774166173,0.7330066752517328,0.7757794613764981,1.0,0.6493164536697815,0.8305263204327421,0.7425254722985872,0.8010271985560193,0.8609622952698477,0.7589246439304448,0.7568741534112449,0.7632916940764306,0.8058794819209576,0.8075740516206403,0.7646400310223008,0.7695308796681082
0.6716068022357393,0.6530878685857737,0.6483529841975663,0.6845463961333185,0.6433968203310638,0.6553112174664257,0.6562999959513944,0.6807415882808849,0.6542479078389396,0.683902958465239,0.6499918023903288,0.6790990740323759,0.6435848338368162,0.6788585237873728,0.6782654802954471,0.6459629470408147,0.6150058655593742,0.6588966000295418,0.6226792661901707,0.6490138723080809,0.6535055794165507,0.628246284168462,0.6557962712622236,0.6355714355694793,0.6151196686686214,0.6027655827211666,0.6507818934282728,0.6784749069256027,0.6579312461824567,0.6548317930600746,0.6659724675433538,0.641628936971032,0.04991259611182153,0.6557764735653686,0.649812767010239,0.6736121159630806,0.6481921601116227,0.6493164536697815,1.0,0.6507967126021573,0.6735075661409824,0.6556240021190707,0.6523490799362794,0.6838327987408473,0.690824264841386,0.6469247451741104,0.6582732702646144,0.6575338178081992,0.6803144945827637,0.6602062057971101
