../ecoli_genomes/GCF_000163235.1_ASM16323v1_genomic.fna.gz,../ecoli_genomes/GCF_000164555.1_ASM16455v1_genomic.fna.gz,../ecoli_genomes/GCF_000208545.1_ASM20854v2_genomic.fna.gz,../ecoli_genomes/GCF_000233875.1_ASM23387v1_genomic.fna.gz,../ecoli_genomes/GCF_000249735.1_ASM24973v2_genomic.fna.gz,../ecoli_genomes/GCF_000261145.1_Esch_coli_M919_V2_genomic.fna.gz,../ecoli_genomes/GCF_000267705.2_ASM26770v2_genomic.fna.gz,../ecoli_genomes/GCF_000350665.1_Esch_coli_KTE5_V1_genomic.fna.gz,../ecoli_genomes/GCF_000351625.1_Esch_coli_KTE66_V1_genomic.fna.gz,../ecoli_genomes/GCF_000352285.1_Esch_coli_KTE46_V1_genomic.fna.gz,../ecoli_genomes/GCF_000358895.1_ASM35889v1_genomic.fna.gz,../ecoli_genomes/GCF_000456385.1_Esch_coli_HVH_26_4-5703913_V1_genomic.fna.gz,../ecoli_genomes/GCF_000458195.1_Esch_coli_HVH_147_4-5893887_V1_genomic.fna.gz,../ecoli_genomes/GCF_000459755.1_Esch_coli_KOEGE_58_171a_V1_genomic.fna.gz,../ecoli_genomes/GCF_000460055.1_Esch_coli_UMEA_3053-1_V1_genomic.fna.gz,../ecoli_genomes/GCF_000462165.2_ASM46216v2_genomic.fna.gz,../ecoli_genomes/GCF_000601135.1_ASM60113v1_genomic.fna.gz,../ecoli_genomes/GCF_000614595.1_Ec2010EL1058_genomic.fna.gz,../ecoli_genomes/GCF_000617745.1_Ec2010C-4529_genomic.fna.gz,../ecoli_genomes/GCF_000618265.2_EcF6751_genomic.fna.gz,../ecoli_genomes/GCF_000619005.2_Ec2009C-4052_genomic.fna.gz,../ecoli_genomes/GCF_000619105.1_Ec2009C-4780_genomic.fna.gz,../ecoli_genomes/GCF_000619765.2_Ec2009C-3279_genomic.fna.gz,../ecoli_genomes/GCF_000687005.1_ASM68700v1_genomic.fna.gz,../ecoli_genomes/GCF_000687025.1_ASM68702v1_genomic.fna.gz,../ecoli_genomes/GCF_000700125.1_ASM70012v1_genomic.fna.gz,../ecoli_genomes/GCF_000753315.1_FHI35_genomic.fna.gz,../ecoli_genomes/GCF_000776375.1_ASM77637v1_genomic.fna.gz,../ecoli_genomes/GCF_000779395.1_ASM77939v1_genomic.fna.gz,../ecoli_genomes/GCF_000780315.1_ASM78031v1_genomic.fna.gz,../ecoli_genomes/GCF_000781995.1_ASM78199v1_genomic.fna.gz,../ecoli_genomes/GCF_000986765.1_ASM98676v1_genomic.fna.gz,../ecoli_genomes/GCF_001041375.1_ViralProj287958_genomic.fna.gz,../ecoli_genomes/GCF_001265335.1_302014_genomic.fna.gz,../ecoli_genomes/GCF_001265625.1_100854_genomic.fna.gz,../ecoli_genomes/GCF_001267345.1_303289_genomic.fna.gz,../ecoli_genomes/GCF_001309985.1_ASM130998v1_genomic.fna.gz,../ecoli_genomes/GCF_001521695.1_ASM152169v1_genomic.fna.gz,../ecoli_genomes/GCF_001592595.1_ASM159259v1_genomic.fna.gz,../ecoli_genomes/GCF_001614975.1_ASM161497v1_genomic.fna.gz,../ecoli_genomes/GCF_001692775.1_ASM169277v1_genomic.fna.gz,../ecoli_genomes/GCF_001748915.1_ASM174891v1_genomic.fna.gz,../ecoli_genomes/GCF_001749235.1_ASM174923v1_genomic.fna.gz,../ecoli_genomes/GCF_001881155.1_ASM188115v1_genomic.fna.gz,../ecoli_genomes/GCF_001881345.1_ASM188134v1_genomic.fna.gz,../ecoli_genomes/GCF_001892405.1_ASM189240v1_genomic.fna.gz,../ecoli_genomes/GCF_001892585.1_ASM189258v1_genomic.fna.gz,../ecoli_genomes/GCF_001893985.1_ASM189398v1_genomic.fna.gz,../ecoli_genomes/GCF_002001595.1_ASM200159v1_genomic.fna.gz,../ecoli_genomes/GCF_002002145.1_ASM200214v1_genomic.fna.gz
1.0,0.7782020817537529,0.7699664138605409,0.7692366838151246,0.75798496425523,0.7731773554785923,0.7703982695276259,0.7690133377144194,0.8025763716153221,0.780234601996612,0.7616170223213039,0.7839327293811578,0.7690632193526526,0.7637430704744012,0.7602909998115609,0.7764612735184848,0.7255231408384597,0.7703406537124894,0.7459843486180454,0.774251449490552,0.7674896029718933,0.7575350608447958,0.7781199457054528,0.7472128587522784,0.7438787388896948,0.6960229239419966,0.7782988369325146,0.7666252388587944,0.780915304980439,0.8010422574699342,0.7601623464765493,0.7718885390896371,0.04322239110114645,0.7686182097832864,0.772116266120775,0.759638671008779,0.7654560820928911,0.7747234206505582,0.7120965868931368,0.777870133736924,0.7645518660411725,0.7741871997298833,0.7748892413152684,0.7736490255805764,0.7769164467103971,0.7666317240271038,0.7723391656316279,0.7736146147465104,0.7604784000803285,0.7825609557023034
0.7782020817537529,1.0,0.7537214265684486,0.769375965851621,0.7830375681244978,0.823777591619381,0.7778619239499688,0.7638016581282396,0.7703563838150042,0.7768950724753474,0.7962344683294094,0.7770010829358596,0.8006098269736538,0.7635467886261351,0.7669443463779761,0.7847936148052025,0.7426453410946571,0.8057478344194431,0.7687899472672334,0.7835924661622042,0.7984202201743326,0.7814307300719462,0.8011936670056448,0.7835080894638021,0.7764573609920449,0.7040120173751709,0.8049200879719136,0.7661793996116083,0.7729472258288752,0.7830908984585438,0.761479513908653,0.7915605241353689,0.05114189061859753,0.7944247269525974,0.8298073851721386,0.7548009737851478,0.772282320171065,0.8106116445260441,0.7087302909577291,0.811718729159685,0.7579956925085675,0.812923775873433,0.803943194976405,0.7693628035456053,0.7669263298269889,0.7581034913793375,0.8197365293906422,0.8198188951164009,0.7728521800727127,0.7649335304453652
0.7699664138605409,0.7537214265684486,1.0,0.7438409790091085,0.7322029521329276,0.7445602930261697,0.7492064468484522,0.7454219282063187,0.7711449419355099,0.7511623162570336,0.7456728356133766,0.7499007475277379,0.7535415469694435,0.745216210816187,0.743170441792484,0.7554405157652664,0.6928622217210441,0.761429179345406,0.7308045635253231,0.7557219598472286,0.7557117977848131,0.7427185698900249,0.7624413687773266,0.7109717766460344,0.7114911797637855,0.6646253328062321,0.7648805603358692,0.7500265007808973,0.7544748058821684,0.7694035739876233,0.742286070625827,0.7436977263194458,0.04891225919647757,0.7477738816656526,0.7427391844523152,0.7477110605041764,0.746464368222347,0.7525896877103737,0.6988628009934961,0.7595755166010352,0.7417624666320166,0.7529812363099552,0.7636021208594334,0.7537774419310002,0.7503081214899194,0.7515894361218551,0.7576566058154244,0.7579886382350435,0.751828830038973,0.7573115541421924
0.7692366838151246,0.769375965851621,0.7438409790091085,1.0,0.749950173348352,0.7548545965798799,0.7480009639320246,0.8162452891236491,0.7588870621993677,0.8322947915617189,0.7567494458711151,0.841150779422385,0.7634986801580883,0.8448783714845334,0.8520538235652008,0.7586311635404555,0.7062747160489277,0.760631588068386,0.7379605229465526,0.7525777441511521,0.7552542612424792,0.7470512782269505,0.7674936930933727,0.7194176184078026,0.723557886525336,0.6714159796296293,0.7628601949673899,0.8355451829138346,0.765930262871454,0.7623400689667392,0.8168209355287395,0.7601910534709992,0.04965658810745288,0.754494720587562,0.7509572293456235,0.7949925040695742,0.7442406619298458,0.7594494612918508,0.7366331080944652,0.7652109154856866,0.8327877748755104,0.7653127310509799,0.7609212554263148,0.835226369393854,0.8317382483625448,0.7627360578801612,0.7614130061241543,0.7621847154257223,0.8158338407140193,0.7687190283585694
0.75798496425523,0.7830375681244978,0.7322029521329276,0.749950173348352,1.0,0.7856679413874911,0.7497353717867783,0.7385528338002116,0.7513156944735858,0.7551473705201203,0.7950213015536142,0.7476642429881333,0.7995138729553345,0.7510331561485674,0.7590117443467346,0.7650551517181696,0.7451985828151635,0.7830625072053603,0.7622637838342606,0.7538036142851473,0.7871461068568335,0.7683853855520836,0.7886174691508109,0.7607633416597315,0.7645249222545185,0.7086729170742954,0.7821878595347718,0.7355165541147501,0.7512433164009171,0.7585890695101414,0.7434961247851006,0.7967751936984282,0.05141295001883883,0.7979566058812924,0.7779986022481516,0.7401011903139341,0.7516878548714834,0.798241131617843,0.7195195270660801,0.7956827902642936,0.7489707836054442,0.7811485157257301,0.7975340594666552,0.7425738379600904,0.7431749966744646,0.7441865746234202,0.7869883409761904,0.7874359767654894,0.7461594624312444,0.7615444933002957
0.7731773554785923,0.823777591619381,0.7445602930261697,0.7548545965798799,0.7856679413874911,1.0,0.771300262895219,0.7544320318706222,0.7599892263021764,0.7599637428101053,0.7883099864795309,0.7560230970497913,0.7885631877777292,0.7502998017396612,0.7539796299774317,0.7717909880346909,0.7426634063462385,0.8019433351484277,0.7728262827246188,0.7720019227545685,0.7882045296396845,0.7933852327752476,0.7996681570020951,0.7845617755952587,0.7852643402422286,0.7093310642860193,0.7911003806179604,0.7496849372809293,0.7632984127137274,0.7656850221790129,0.7508242607942444,0.7943549506290685,0.04801853678304158,0.8019317486362476,0.8231752060899425,0.7562738008565926,0.7634950924604195,0.7957255307913043,0.7231725675638007,0.7989036187855216,0.7482322889591597,0.8069944963579894,0.7961308804466587,0.7582213550924012,0.7586166155388376,0.7575482923749284,0.8056793462772304,0.80728777309156,0.7576818952727024,0.7656802913198965
0.7703982695276259,0.7778619239499688,0.7492064468484522,0.7480009639320246,0.7497353717867783,0.771300262895219,1.0,0.7426853507678761,0.770589591086051,0.7543778441792695,0.7576480986017695,0.7565551466179605,0.7721584062901103,0.7471325548752965,0.7474026087150818,0.9013662659435897,0.7107447101207224,0.7938077571925124,0.7641080315880525,0.9446191666815476,0.7949679271253833,0.7790105165362777,0.8041243200161285,0.7345673671820583,0.7337901366513315,0.6709861721111049,0.7838787907703608,0.7454447015543505,0.7573399908187881,0.770488262989267,0.7427282785203653,0.7685938921215634,0.050356341158833695,0.7766204396995727,0.7747159670091648,0.761211485532564,0.9180116127204875,0.7678103990113941,0.70742247491131,0.7750111672804839,0.7444254907552283,0.7748636134383822,0.780665473978259,0.7492017114295151,0.7496048641314096,0.7438599763651366,0.7708431218233212,0.7710780311059806,0.7525551961888162,0.7559985017624719
0.7690133377144194,0.7638016581282396,0.7454219282063187,0.8162452891236491,0.7385528338002116,0.7544320318706222,0.7426853507678761,1.0,0.7610160187468625,0.82612820668157,0.7506973408945241,0.8222684776602495,0.7558720440891343,0.8044638749720275,0.8133555213986937,0.7502395416862169,0.7080387906305738,0.7522165254024584,0.7306108664239968,0.7462586428464277,0.7457840255739184,0.740480026133421,0.7558885584990618,0.7254644080817707,0.7237397057033967,0.6758772830841444,0.7592361848801759,0.8744305137542666,0.7654685133306304,0.7566850663235266,0.8100138646643462,0.753037930692746,0.05211154536182072,0.7491099435416042,0.7479744188584052,0.7859211822475912,0.7371738940052069,0.7562394034198844,0.735790199800231,0.759294505853571,0.8118244503936952,0.7551600240093516,0.75104581489223,0.8832882816970377,0.8684302719439579,0.7586971195752623,0.7551820637844389,0.7549885909853272,0.8066812910342318,0.7644310440355973
0.8025763716153221,0.7703563838150042,0.7711449419355099,0.7588870621993677,0.7513156944735858,0.7599892263021764,0.770589591086051,0.7610160187468625,1.0,0.7776912046423455,0.7590394974161123,0.7665874620819103,0.7703928812875204,0.7605319052605433,0.7626628482643711,0.7823866771119707,0.7035375100085466,0.7632328467183134,0.7359331167481087,0.7761179054511795,0.7638103891593593,0.7522476656471192,0.7752327797135475,0.7260104837426253,0.7254748175722416,0.675204814216682,0.7757129985718095,0.7599552012574905,0.77248518909427,0.8174867926245095,0.7585094115870068,0.7522363768284054,0.052669654012457046,0.7601056826116462,0.7623550642125345,0.7606730019305412,0.7687317491328662,0.7646935246586071,0.7026916154708163,0.7699505398373163,0.7591043948250975,0.7710581861400052,0.7716907776554215,0.7635415471323428,0.7604040767713828,0.7667600028370622,0.7734065799835159,0.7732522671772247,0.7637244517979026,0.777596075533293
0.780234601996612,0.7768950724753474,0.7511623162570336,0.8322947915617189,0.7551473705201203,0.7599637428101053,0.7543778441792695,0.82612820668157,0.7776912046423455,1.0,0.7663893606210758,0.8301650739684193,0.7649225339407631,0.826638259868938,0.8289854517508668,0.7655378428391352,0.7000306371682777,0.7627067141753479,0.733408688625407,0.7599459866727363,0.7538214852625217,0.7477116637292431,0.7593771858250686,0.7230812464064283,0.7236612406445244,0.6693595771327978,0.7681503817665096,0.8328047567373507,0.7761115855694283,0.7720866409641068,0.8378120979846682,0.7549124179308597,0.04845411464209026,0.7551649929569132,0.7577477072936412,0.8070541153394999,0.7524486003183581,0.7654802230790202,0.7403124589642807,0.7694228100668402,0.8417309792054624,0.7660852103236937,0.7618504139764352,0.8337851259699941,0.8325442089205326,0.7594687068278347,0.7657189759235983,0.7660612057414348,0.8243706313370893,0.7721887093892466
0.7616170223213039,0.7962344683294094,0.7456728356133766,0.7567494458711151,0.7950213015536142,0.7883099864795309,0.7576480986017695,0.7506973408945241,0.7590394974161123,0.7663893606210758,1.0,0.7541355813430217,0.8292713923456825,0.7487939993360045,0.7544403278293903,0.7696007201384095,0.7174455379908817,0.8198713884716424,0.7911300363134667,0.7628539970537342,0.8030882569874762,0.803872665802024,0.8058247187982676,0.7497792186649286,0.7393232305899731,0.6853685760356372,0.8166750621171777,0.752277375366422,0.7551276350352515,0.7718752506781452,0.7418252738435402,0.7974762116482697,0.05035538267192352,0.8035582233876923,0.7912390303733196,0.7581022250973999,0.7562834043356239,0.8115253478258043,0.707025582240136,0.8319291003546905,0.74445338842129,0.8064546950202026,0.8228894730992107,0.7535641124725432,0.7502208774396273,0.74907845328226,0.8026619345356889,0.8003073333853139,0.7548561107205413,0.7615694174307981
0.7839327293811578,0.7770010829358596,0.7499007475277379,0.841150779422385,0.7476642429881333,0.7560230970497913,0.7565551466179605,0.8222684776602495,0.7665874620819103,0.8301650739684193,0.7541355813430217,1.0,0.7611420512387244,0.8247538670743984,0.8529540157284738,0.7642339607293486,0.7118381401570368,0.7592053492713491,0.7394461346550122,0.7601120674005556,0.7574417294203365,0.7509721000074594,0.7659185235246562,0.7336322446361498,0.7277893436216669,0.6803353295931152,0.769389880267922,0.8278045497187179,0.7708116647386242,0.772969460916249,0.8101030055005963,0.7554825865527192,0.04650600119999171,0.7555976849514943,0.7578549447321093,0.7900878641791284,0.7517404141854858,0.7623620953374453,0.7407491166194835,0.7647437059111437,0.8176252277776851,0.7613035533396819,0.7649982560474877,0.8367128368452672,0.8324311326854968,0.7648449822891432,0.7616509482440853,0.7631614136044631,0.8058668419232035,0.7690842392556824
0.7690632193526526,0.8006098269736538,0.7535415469694435,0.7634986801580883,0.7995138729553345,0.7885631877777292,0.7721584062901103,0.7558720440891343,0.7703928812875204,0.7649225339407631,0.8292713923456825,0.7611420512387244,1.0,0.7588028532303448,0.7680587505191059,0.7855973317691062,0.7259958933332379,0.8304364917998204,0.8250957890858225,0.7779232303313425,0.8276843108930807,0.8318018734760408,0.8398739153250738,0.7570502435086439,0.7479606598379542,0.693778747779289,0.8361449199835906,0.7540863123575448,0.7580952475208744,0.7738713499873773,0.7502433400466033,0.8149255250776493,0.044887711532786034,0.8225653497661967,0.792634059494832,0.7557444789924777,0.7722643072894926,0.8242954232569208,0.710603864529523,0.8441149270168009,0.7509526491398707,0.8070105047764387,0.838614661033467,0.7558111213408635,0.7540710671585824,0.7475333329806022,0.8055841607735865,0.8043078124766351,0.755135636054191,0.7582461708997246
0.7637430704744012,0.7635467886261351,0.745216210816187,0.8448783714845334,0.7510331561485674,0.7502998017396612,0.7471325548752965,0.8044638749720275,0.7605319052605433,0.826638259868938,0.7487939993360045,0.8247538670743984,0.7588028532303448,1.0,0.8489171903626438,0.7555532221577597,0.697553390532557,0.7569947343502066,0.7345627165795747,0.7526289452952611,0.7538994573060903,0.7418354042090822,0.7620005421045074,0.706992037646264,0.7100578767917605,0.6597768240608111,0.7615884697994196,0.8296804034044492,0.7672736469146032,0.7601247588938498,0.8183454917880486,0.7510441055320685,0.04792374000796862,0.7485718993016863,0.7448235157685406,0.788604558873088,0.7431244268189412,0.7588888448547793,0.7323559614894068,0.7600918446231499,0.8309710455768743,0.7607456499472307,0.7566223881505241,0.8287310171839142,0.8240364678482875,0.7586736333380566,0.7612466431773637,0.7624456702861874,0.806824045593207,0.7679734727250656
0.7602909998115609,0.7669443463779761,0.743170441792484,0.8520538235652008,0.7590117443467346,0.7539796299774317,0.7474026087150818,0.8133555213986937,0.7626628482643711,0.8289854517508668,0.7544403278293903,0.8529540157284738,0.7680587505191059,0.8489171903626438,1.0,0.7590170706718417,0.7059625960186202,0.7613950177472145,0.7392037050367086,0.752688988305388,0.7534464428282294,0.7453723350511846,0.7642269746123903,0.7159488349345915,0.7213821817807594,0.6700145496501149,0.7654494467970303,0.8285214405695739,0.7634922744163433,0.7602381202821594,0.8245312849087525,0.7558133001056365,0.04683953317612666,0.7554573672420763,0.7509664228221511,0.7917177071338799,0.7447048924621233,0.763451589857216,0.7399754676213749,0.7641266440823344,0.8327119167913557,0.7634475051902562,0.7642086167871027,0.8288287983273583,0.8219025344313544,0.7602035859554725,0.7646515452061612,0.7648023507362558,0.8087333465581295,0.7684307255367098
0.7764612735184848,0.7847936148052025,0.7554405157652664,0.7586311635404555,0.7650551517181696,0.7717909880346909,0.9013662659435897,0.7502395416862169,0.7823866771119707,0.7655378428391352,0.7696007201384095,0.7642339607293486,0.7855973317691062,0.7555532221577597,0.7590170706718417,1.0,0.7186351322433651,0.7920491208740653,0.7683051964263158,0.9080025882626267,0.789686523156514,0.7826033894184208,0.8014880473446739,0.7419501835367446,0.7459987174721154,0.685046360706378,0.7864228763564395,0.7532596262826239,0.7619017270476185,0.7814070722793542,0.7520504306128888,0.7757800540038073,0.04964342567837776,0.7772582751818471,0.7800134412830004,0.7644781598529938,0.8987529607399679,0.7778406941059991,0.709085834603908,0.7830209354786605,0.7545077691939407,0.7773250104178152,0.7858379681078325,0.755962024770767,0.7556769188802361,0.7493660123344603,0.7785964268198207,0.7786716553721651,0.758768081586112,0.7632996733360152
0.7255231408384597,0.7426453410946571,0.6928622217210441,0.7062747160489277,0.7451985828151635,0.7426634063462385,0.7107447101207224,0.7080387906305738,0.7035375100085466,0.7000306371682777,0.7174455379908817,0.7118381401570368,0.7259958933332379,0.697553390532557,0.7059625960186202,0.7186351322433651,1.0,0.7239242039316067,0.7071448280155427,0.7133717357771259,0.7262467726764906,0.7154689281966242,0.7342825168066673,0.815839963476821,0.7971454730506312,0.8056655849587004,0.7240673208432222,0.6977255641269056,0.7062343231777073,0.7087207023966308,0.698210721345824,0.7682711137444836,0.05413329656196275,0.7510247196550641,0.7577775937675866,0.6990562969646631,0.7083792540823046,0.7367088200624023,0.663060475683381,0.7358931849024224,0.6970905934706877,0.737351974333005,0.7312927695269162,0.715643128504689,0.7156298393432792,0.692342272626004,0.7433817574694982,0.7481661027509419,0.6975828130273578,0.6996094844847984
0.7703406537124894,0.8057478344194431,0.761429179345406,0.760631588068386,0.7830625072053603,0.8019433351484277,0.7938077571925124,0.7522165254024584,0.7632328467183134,0.7627067141753479,0.8198713884716424,0.7592053492713491,0.8304364917998204,0.7569947343502066,0.7613950177472145,0.7920491208740653,0.7239242039316067,1.0,0.8197053843554141,0.7981924915669665,0.8439030069962925,0.8287369827538391,0.8495210620402978,0.756913644264075,0.7456753809165049,0.6899655394063543,0.8396087155457193,0.756675056710683,0.7657009626088969,0.7707371120218861,0.7485020988718594,0.8098228601046702,0.04574723179829565,0.8177645549516488,0.7990894118851979,0.7669875247659889,0.7883400064651166,0.8174828748595362,0.7073486981311086,0.8357342980826981,0.7460462891867686,0.8115960990742532,0.8322069261649438,0.758062546495136,0.7559514061824736,0.7548943150438727,0.806485302128939,0.8055494068219562,0.758700630066352,0.7640019852242163
0.7459843486180454,0.7687899472672334,0.7308045635253231,0.7379605229465526,0.7622637838342606,0.7728262827246188,0.7641080315880525,0.7306108664239968,0.7359331167481087,0.733408688625407,0.7911300363134667,0.7394461346550122,0.8250957890858225,0.7345627165795747,0.7392037050367086,0.7683051964263158,0.7071448280155427,0.8197053843554141,1.0,0.7664127433380161,0.8083334562179717,0.823340877217169,0.8178686633203582,0.7284523872749655,0.7227049046282576,0.6711847925669998,0.8012569549586035,0.7310352289349873,0.7326284505193317,0.7517983835115746,0.7211853413444319,0.7953952625234102,0.04456197465950651,0.7936954560535554,0.7708893164978243,0.7342495433708448,0.7621403699179314,0.7874257859287019,0.6961846696816534,0.7988011226373241,0.7223313660678733,0.7738724401865595,0.7975628912553767,0.7354295476241814,0.7337614258772568,0.7293152959368552,0.7711860298730572,0.7708810961303538,0.7301014315592487,0.7361485570189539
0.774251449490552,0.7835924661622042,0.7557219598472286,0.7525777441511521,0.7538036142851473,0.7720019227545685,0.9446191666815476,0.7462586428464277,0.7761179054511795,0.7599459866727363,0.7628539970537342,0.7601120674005556,0.7779232303313425,0.7526289452952611,0.752688988305388,0.9080025882626267,0.7133717357771259,0.7981924915669665,0.7664127433380161,1.0,0.7994413412980345,0.7805612894849777,0.8073670027236401,0.7375978767745416,0.7374730767069994,0.6726936603611399,0.7906009245597548,0.7510669025763969,0.7606226418166768,0.7764827077432885,0.7494560245079356,0.773012882143203,0.051485916627419526,0.780893895831301,0.7772775211677607,0.7623756041111253,0.9240243360033462,0.7740904171852325,0.7055554210826923,0.7818066699068111,0.7501151370469212,0.7779893843266826,0.7858730125209541,0.7529532543443314,0.7523623895096404,0.7471833997397288,0.776581137978099,0.7768751112966624,0.7571697001960277,0.7590519131866313
0.7674896029718933,0.7984202201743326,0.7557117977848131,0.7552542612424792,0.7871461068568335,0.7882045296396845,0.7949679271253833,0.7457840255739184,0.7638103891593593,0.7538214852625217,0.8030882569874762,0.7574417294203365,0.8276843108930807,0.7538994573060903,0.7534464428282294,0.789686523156514,0.7262467726764906,0.8439030069962925,0.8083334562179717,0.7994413412980345,1.0,0.8153303268076347,0.8486149228728275,0.7540408155592173,0.7447922613039122,0.6924685957662836,0.8290891467463264,0.7525107904586825,0.7604739549852676,0.772481957161159,0.7467515497963517,0.8086094402085585,0.04583656203048114,0.8243073875031234,0.792833559175665,0.7593022258937051,0.7871805636838007,0.8178432077540825,0.7078747635245694,0.8308840275659843,0.7438991913864799,0.7935954157070203,0.8227763098890585,0.7540165344529617,0.7536585315136611,0.7539779610905586,0.8036219981454432,0.803056227139521,0.7521170242474642,0.7595241153884833
0.7575350608447958,0.7814307300719462,0.7427185698900249,0.7470512782269505,0.7683853855520836,0.7933852327752476,0.7790105165362777,0.740480026133421,0.7522476656471192,0.7477116637292431,0.803872665802024,0.7509721000074594,0.8318018734760408,0.7418354042090822,0.7453723350511846,0.7826033894184208,0.7154689281966242,0.8287369827538391,0.823340877217169,0.7805612894849777,0.8153303268076347,1.0,0.8621352191010098,0.7398876639256664,0.7423004819077724,0.6858823659106739,0.8108216214592068,0.7392559356104376,0.7466460370474821,0.7600100671971807,0.7356120764354879,0.8027614031738708,0.044903651881507134,0.8213637929884229,0.7809603247825272,0.7527465265098011,0.7752911727172702,0.801952615337433,0.6992915845236751,0.8183164684659001,0.7344294046078917,0.7817994775939732,0.8166618423725052,0.7453453971880792,0.744948364437075,0.7418151687951073,0.7847127261970684,0.7834110605939502,0.74421613865682,0.7483925080458838
0.7781199457054528,0.8011936670056448,0.7624413687773266,0.7674936930933727,0.7886174691508109,0.7996681570020951,0.8041243200161285,0.7558885584990618,0.7752327797135475,0.7593771858250686,0.8058247187982676,0.7659185235246562,0.8398739153250738,0.7620005421045074,0.7642269746123903,0.8014880473446739,0.7342825168066673,0.8495210620402978,0.8178686633203582,0.8073670027236401,0.8486149228728275,0.8621352191010098,1.0,0.7560094874062899,0.75212309675758,0.6964504523668078,0.8451567205263391,0.7603492698977145,0.7698989447983642,0.7782279717067636,0.7548400590742552,0.8162124401911002,0.04591474002842466,0.8495027375073513,0.7970041242509837,0.765638577070967,0.7983200842263404,0.8241050195073921,0.7139761855553926,0.8352041557716042,0.7531968139247066,0.805671549305611,0.8402193278660803,0.7634490221502442,0.7623402371624187,0.7588354870584018,0.8051040555161059,0.8055597386735655,0.7610438804293123,0.7657311527074252
0.7472128587522784,0.7835080894638021,0.7109717766460344,0.7194176184078026,0.7607633416597315,0.7845617755952587,0.7345673671820583,0.7254644080817707,0.7260104837426253,0.7230812464064283,0.7497792186649286,0.7336322446361498,0.7570502435086439,0.706992037646264,0.7159488349345915,0.7419501835367446,0.815839963476821,0.756913644264075,0.7284523872749655,0.7375978767745416,0.7540408155592173,0.7398876639256664,0.7560094874062899,1.0,0.8119261281013664,0.7896388657433928,0.7533316584520413,0.7120774724435395,0.7299675486482037,0.734164890154055,0.7087803591594036,0.7787622611602564,0.05276366424082568,0.7652938811216814,0.8034417483899265,0.7139738524043453,0.7315494866112427,0.7575310655430629,0.6799955624647844,0.7657329641482983,0.7104846403098306,0.7595886458498348,0.7539162911839643,0.7274359893157752,0.727172159351978,0.7115628181397785,0.7689337949776832,0.7711745752379422,0.7138501198855669,0.7247029834490464
0.7438787388896948,0.7764573609920449,0.7114911797637855,0.723557886525336,0.7645249222545185,0.7852643402422286,0.7337901366513315,0.7237397057033967,0.7254748175722416,0.7236612406445244,0.7393232305899731,0.7277893436216669,0.7479606598379542,0.7100578767917605,0.7213821817807594,0.7459987174721154,0.7971454730506312,0.7456753809165049,0.7227049046282576,0.7374730767069994,0.7447922613039122,0.7423004819077724,0.75212309675758,0.8119261281013664,1.0,0.7808460501658552,0.7465481797542821,0.7101508620049837,0.7252282009437405,0.7293280604127228,0.7192833168166102,0.7816740407874561,0.04906606464989216,0.7583706395195885,0.7933350780364005,0.7143316460018677,0.7329606439281322,0.7514241912380495,0.6785655476613985,0.7549330096525018,0.7194460870754902,0.7553804391468498,0.7516380657113992,0.730050616368529,0.7281596588934551,0.7150556971043402,0.7639854818159553,0.7679335328602461,0.7194986407572921,0.7230801379861811
0.6960229239419966,0.7040120173751709,0.6646253328062321,0.6714159796296293,0.7086729170742954,0.7093310642860193,0.6709861721111049,0.6758772830841444,0.675204814216682,0.6693595771327978,0.6853685760356372,0.6803353295931152,0.693778747779289,0.6597768240608111,0.6700145496501149,0.685046360706378,0.8056655849587004,0.6899655394063543,0.6711847925669998,0.6726936603611399,0.6924685957662836,0.6858823659106739,0.6964504523668078,0.7896388657433928,0.7808460501658552,1.0,0.6863818652556843,0.6631014880798703,0.678987154156615,0.6775501329084885,0.6652036574226541,0.723428016976801,0.04597045432189961,0.7158069297121441,0.7278230557696007,0.6682104831304135,0.6726499851978868,0.7017470757578128,0.6384547883036922,0.7063569947718822,0.665474894023699,0.7002136996975316,0.695221177024478,0.6872131905451753,0.6841025389664376,0.6655609854823938,0.7061401603356584,0.7106440786739397,0.6671548320273564,0.673536031079468
0.7782988369325146,0.8049200879719136,0.7648805603358692,0.7628601949673899,0.7821878595347718,0.7911003806179604,0.7838787907703608,0.7592361848801759,0.7757129985718095,0.7681503817665096,0.8166750621171777,0.769389880267922,0.8361449199835906,0.7615884697994196,0.7654494467970303,0.7864228763564395,0.7240673208432222,0.8396087155457193,0.8012569549586035,0.7906009245597548,0.8290891467463264,0.8108216214592068,0.8451567205263391,0.7533316584520413,0.7465481797542821,0.6863818652556843,1.0,0.7598455852823871,0.7668387858859839,0.7765324695403868,0.754558479838942,0.8104899031266056,0.04615336322809893,0.8119376921996133,0.7914767022042095,0.759712818910094,0.7820909667595625,0.841451099070241,0.7056412811553558,0.8371707716215396,0.7547902580138571,0.8069782770663394,0.8539547060813157,0.7647090792306696,0.7592169814338039,0.7604606526561534,0.8071815374369206,0.8069831106721255,0.7636866765084054,0.7653014915530136
0.7666252388587944,0.7661793996116083,0.7500265007808973,0.8355451829138346,0.7355165541147501,0.7496849372809293,0.7454447015543505,0.8744305137542666,0.7599552012574905,0.8328047567373507,0.752277375366422,0.8278045497187179,0.7540863123575448,0.8296804034044492,0.8285214405695739,0.7532596262826239,0.6977255641269056,0.756675056710683,0.7310352289349873,0.7510669025763969,0.7525107904586825,0.7392559356104376,0.7603492698977145,0.7120774724435395,0.7101508620049837,0.6631014880798703,0.7598455852823871,1.0,0.7746694325976717,0.7611085901348665,0.8168590237977661,0.7520638264491294,0.050904064254816195,0.748775804606125,0.7464938370179672,0.7971007345456076,0.7397128385277081,0.7551816923764327,0.7332852075489908,0.7613944015145245,0.8209850777441661,0.7582342221417908,0.7510376911690361,0.917709038677913,0.9008940400823318,0.7587358107359777,0.7546255995652548,0.7547330215889834,0.8223914283584508,0.7654709068880283
0.780915304980439,0.7729472258288752,0.7544748058821684,0.765930262871454,0.7512433164009171,0.7632984127137274,0.7573399908187881,0.7654685133306304,0.77248518909427,0.7761115855694283,0.7551276350352515,0.7708116647386242,0.7580952475208744,0.7672736469146032,0.7634922744163433,0.7619017270476185,0.7062343231777073,0.7657009626088969,0.7326284505193317,0.7606226418166768,0.7604739549852676,0.7466460370474821,0.7698989447983642,0.7299675486482037,0.7252282009437405,0.678987154156615,0.7668387858859839,0.7746694325976717,1.0,0.7756600162939912,0.7639111739527541,0.7543883753016654,0.053663712453081325,0.7664525628482327,0.7663710046357899,0.7650479497661513,0.7536135400662171,0.7642919089540265,0.7047314037402044,0.765038092772957,0.7575777888890485,0.7658767765393713,0.7698785841965483,0.7728671423512076,0.7711029520874603,0.78744852309812,0.7648655510416077,0.7651294267020032,0.7666173324459784,0.8481716191924712
0.8010422574699342,0.7830908984585438,0.7694035739876233,0.7623400689667392,0.7585890695101414,0.7656850221790129,0.770488262989267,0.7566850663235266,0.8174867926245095,0.7720866409641068,0.7718752506781452,0.772969460916249,0.7738713499873773,0.7601247588938498,0.7602381202821594,0.7814070722793542,0.7087207023966308,0.7707371120218861,0.7517983835115746,0.7764827077432885,0.772481957161159,0.7600100671971807,0.7782279717067636,0.734164890154055,0.7293280604127228,0.6775501329084885,0.7765324695403868,0.7611085901348665,0.7756600162939912,1.0,0.7586041994441378,0.7636387944821856,0.04935454608188916,0.7634613853924999,0.7753533071382743,0.7606264543919694,0.7659589146502562,0.7729563292348407,0.7095192201241237,0.783915309054413,0.7585687715612661,0.775145466889205,0.7805204598776545,0.7642056448083032,0.7589779920425361,0.7784740600599271,0.7828180390672583,0.78341506286064,0.7642932929693201,0.7828385285841101
0.7601623464765493,0.761479513908653,0.742286070625827,0.8168209355287395,0.7434961247851006,0.7508242607942444,0.7427282785203653,0.8100138646643462,0.7585094115870068,0.8378120979846682,0.7418252738435402,0.8101030055005963,0.7502433400466033,0.8183454917880486,0.8245312849087525,0.7520504306128888,0.698210721345824,0.7485020988718594,0.7211853413444319,0.7494560245079356,0.7467515497963517,0.7356120764354879,0.7548400590742552,0.7087803591594036,0.7192833168166102,0.6652036574226541,0.754558479838942,0.8168590237977661,0.7639111739527541,0.7586041994441378,1.0,0.7425510374851143,0.04835446688462197,0.7481086819014442,0.7427009339427073,0.7875606487602093,0.7388589494068976,0.7522095759395284,0.7282581516852971,0.7582568552682769,0.8656490706015995,0.7492923376194789,0.7502699606855323,0.8211163689805998,0.8154649028592533,0.7537018187423297,0.7556297266607381,0.7561199561581464,0.8125809426497317,0.7588560650793775
0.7718885390896371,0.7915605241353689,0.7436977263194458,0.7601910534709992,0.7967751936984282,0.7943549506290685,0.7685938921215634,0.753037930692746,0.7522363768284054,0.7549124179308597,0.7974762116482697,0.7554825865527192,0.8149255250776493,0.7510441055320685,0.7558133001056365,0.7757800540038073,0.7682711137444836,0.8098228601046702,0.7953952625234102,0.773012882143203,0.8086094402085585,0.8027614031738708,0.8162124401911002,0.7787622611602564,0.7816740407874561,0.723428016976801,0.8104899031266056,0.7520638264491294,0.7543883753016654,0.7636387944821856,0.7425510374851143,1.0,0.04520437575706848,0.8131692408198627,0.7890186428514523,0.7537400179066083,0.7678629950901921,0.8136904676947481,0.7152579066624799,0.8167769482202065,0.7443141324902234,0.794557736130722,0.8181534387581345,0.7589816565972389,0.7598159129499521,0.7438422864952623,0.797770348004072,0.7995075373145357,0.7497583581933169,0.7551585849088109
0.04322239110114645,0.05114189061859753,0.04891225919647757,0.04965658810745288,0.05141295001883883,0.04801853678304158,0.050356341158833695,0.05211154536182072,0.052669654012457046,0.04845411464209026,0.05035538267192352,0.04650600119999171,0.044887711532786034,0.04792374000796862,0.04683953317612666,0.04964342567837776,0.05413329656196275,0.04574723179829565,0.04456197465950651,0.051485916627419526,0.04583656203048114,0.044903651881507134,0.04591474002842466,0.05276366424082568,0.04906606464989216,0.04597045432189961,0.04615336322809893,0.050904064254816195,0.053663712453081325,0.04935454608188916,0.04835446688462197,0.04520437575706848,1.0,0.047429398783987886,0.0505601061105575,0.047572304548608835,0.04963866138949291,0.04481151811046191,0.04251684722751636,0.049535354103919294,0.04661098592684265,0.04893502004234973,0.04353548139185648,0.05160053564324074,0.04784225919928886,0.052067043099365495,0.04674472171633959,0.046592250964469284,0.046194703402134385,0.05128615920441493
0.7686182097832864,0.7944247269525974,0.7477738816656526,0.754494720587562,0.7979566058812924,0.8019317486362476,0.7766204396995727,0.7491099435416042,0.7601056826116462,0.7551649929569132,0.8035582233876923,0.7555976849514943,0.8225653497661967,0.7485718993016863,0.7554573672420763,0.7772582751818471,0.7510247196550641,0.8177645549516488,0.7936954560535554,0.780893895831301,0.8243073875031234,0.8213637929884229,0.8495027375073513,0.7652938811216814,0.7583706395195885,0.7158069297121441,0.8119376921996133,0.748775804606125,0.7664525628482327,0.7634613853924999,0.7481086819014442,0.8131692408198627,0.047429398783987886,1.0,0.8020684212696119,0.7612794395076596,0.7717231863058575,0.8103032207393741,0.7187485107006583,0.8226506482203735,0.7415180909148896,0.7972704956426842,0.8254598771952966,0.7549341821982153,0.7551385713383075,0.747506209719044,0.79110227001919,0.79182278803865,0.7493604716793324,0.7637040893798912
0.772116266120775,0.8298073851721386,0.7427391844523152,0.7509572293456235,0.7779986022481516,0.8231752060899425,0.7747159670091648,0.7479744188584052,0.7623550642125345,0.7577477072936412,0.7912390303733196,0.7578549447321093,0.792634059494832,0.7448235157685406,0.7509664228221511,0.7800134412830004,0.7577775937675866,0.7990894118851979,0.7708893164978243,0.7772775211677607,0.792833559175665,0.7809603247825272,0.7970041242509837,0.8034417483899265,0.7933350780364005,0.7278230557696007,0.7914767022042095,0.7464938370179672,0.7663710046357899,0.7753533071382743,0.7427009339427073,0.7890186428514523,0.0505601061105575,0.8020684212696119,1.0,0.7471869494627515,0.7661930761939469,0.7909488899714135,0.7087791521052353,0.8003792257254185,0.7402892845637641,0.8043612704404951,0.7966441837911155,0.7491926610653383,0.747760010961578,0.7474302375341307,0.8091362885445164,0.8087905687051248,0.7517362595574901,0.7575762712544527
0.759638671008779,0.7548009737851478,0.7477110605041764,0.7949925040695742,0.7401011903139341,0.7562738008565926,0.761211485532564,0.7859211822475912,0.7606730019305412,0.8070541153394999,0.7581022250973999,0.7900878641791284,0.7557444789924777,0.788604558873088,0.7917177071338799,0.7644781598529938,0.6990562969646631,0.7669875247659889,0.7342495433708448,0.7623756041111253,0.7593022258937051,0.7527465265098011,0.765638577070967,0.7139738524043453,0.7143316460018677,0.6682104831304135,0.759712818910094,0.7971007345456076,0.7650479497661513,0.7606264543919694,0.7875606487602093,0.7537400179066083,0.047572304548608835,0.7612794395076596,0.7471869494627515,1.0,0.7570425862370284,0.7553919161729944,0.7448675972710583,0.7627967376902668,0.7903151347402504,0.7584447874647248,0.7587929693070984,0.8011187226762736,0.8006409546579034,0.7581088183606286,0.7553278378169683,0.7545050698202065,0.7965771298335703,0.7639873607211625
0.7654560820928911,0.772282320171065,0.746464368222347,0.7442406619298458,0.7516878548714834,0.7634950924604195,0.9180116127204875,0.7371738940052069,0.7687317491328662,0.7524486003183581,0.7562834043356239,0.7517404141854858,0.7722643072894926,0.7431244268189412,0.7447048924621233,0.8987529607399679,0.7083792540823046,0.7883400064651166,0.7621403699179314,0.9240243360033462,0.7871805636838007,0.7752911727172702,0.7983200842263404,0.7315494866112427,0.7329606439281322,0.6726499851978868,0.7820909667595625,0.7397128385277081,0.7536135400662171,0.7659589146502562,0.7388589494068976,0.7678629950901921,0.04963866138949291,0.7717231863058575,0.7661930761939469,0.7570425862370284,1.0,0.7669380024807335,0.7027292294303256,0.7695421151021811,0.7406326290099607,0.7712972027940077,0.7757413978853127,0.7430712249802451,0.743154927703167,0.7404414299024847,0.7676111334970579,0.7674961945333336,0.7461970064864127,0.7538911842485312
0.7747234206505582,0.8106116445260441,0.7525896877103737,0.7594494612918508,0.798241131617843,0.7957255307913043,0.7678103990113941,0.7562394034198844,0.7646935246586071,0.7654802230790202,0.8115253478258043,0.7623620953374453,0.8242954232569208,0.7588888448547793,0.763451589857216,0.7778406941059991,0.7367088200624023,0.8174828748595362,0.7874257859287019,0.7740904171852325,0.8178432077540825,0.801952615337433,0.8241050195073921,0.7575310655430629,0.7514241912380495,0.7017470757578128,0.841451099070241,0.7551816923764327,0.7642919089540265,0.7729563292348407,0.7522095759395284,0.8136904676947481,0.04481151811046191,0.8103032207393741,0.7909488899714135,0.7553919161729944,0.7669380024807335,1.0,0.7136255432801133,0.833326597009248,0.752109014989226,0.8058969533904368,0.8592000459920545,0.7597722726919622,0.7570136612398597,0.7531249955822419,0.8103224714052167,0.8092241339481523,0.759467765580401,0.761940369981084
0.7120965868931368,0.7087302909577291,0.6988628009934961,0.7366331080944652,0.7195195270660801,0.7231725675638007,0.70742247491131,0.735790199800231,0.7026916154708163,0.7403124589642807,0.707025582240136,0.7407491166194835,0.710603864529523,0.7323559614894068,0.7399754676213749,0.709085834603908,0.663060475683381,0.7073486981311086,0.6961846696816534,0.7055554210826923,0.7078747635245694,0.6992915845236751,0.7139761855553926,0.6799955624647844,0.6785655476613985,0.6384547883036922,0.7056412811553558,0.7332852075489908,0.7047314037402044,0.7095192201241237,0.7282581516852971,0.7152579066624799,0.04251684722751636,0.7187485107006583,0.7087791521052353,0.7448675972710583,0.7027292294303256,0.7136255432801133,1.0,0.7124319452414443,0.7332217850702223,0.7155376512012932,0.7129820503156798,0.7421176561388122,0.7443021162825001,0.7000917504171957,0.7095271625062882,0.7083770993788427,0.7352869739931152,0.7108728931835966
