../ecoli_genomes/GCF_000163235.1_ASM16323v1_genomic.fna.gz,../ecoli_genomes/GCF_000164555.1_ASM16455v1_genomic.fna.gz,../ecoli_genomes/GCF_000208545.1_ASM20854v2_genomic.fna.gz,../ecoli_genomes/GCF_000233875.1_ASM23387v1_genomic.fna.gz,../ecoli_genomes/GCF_000249735.1_ASM24973v2_genomic.fna.gz,../ecoli_genomes/GCF_000261145.1_Esch_coli_M919_V2_genomic.fna.gz,../ecoli_genomes/GCF_000267705.2_ASM26770v2_genomic.fna.gz,../ecoli_genomes/GCF_000350665.1_Esch_coli_KTE5_V1_genomic.fna.gz,../ecoli_genomes/GCF_000351625.1_Esch_coli_KTE66_V1_genomic.fna.gz,../ecoli_genomes/GCF_000352285.1_Esch_coli_KTE46_V1_genomic.fna.gz,../ecoli_genomes/GCF_000358895.1_ASM35889v1_genomic.fna.gz,../ecoli_genomes/GCF_000456385.1_Esch_coli_HVH_26_4-5703913_V1_genomic.fna.gz,../ecoli_genomes/GCF_000458195.1_Esch_coli_HVH_147_4-5893887_V1_genomic.fna.gz,../ecoli_genomes/GCF_000459755.1_Esch_coli_KOEGE_58_171a_V1_genomic.fna.gz,../ecoli_genomes/GCF_000460055.1_Esch_coli_UMEA_3053-1_V1_genomic.fna.gz,../ecoli_genomes/GCF_000462165.2_ASM46216v2_genomic.fna.gz,../ecoli_genomes/GCF_000601135.1_ASM60113v1_genomic.fna.gz,../ecoli_genomes/GCF_000614595.1_Ec2010EL1058_genomic.fna.gz,../ecoli_genomes/GCF_000617745.1_Ec2010C-4529_genomic.fna.gz,../ecoli_genomes/GCF_000618265.2_EcF6751_genomic.fna.gz,../ecoli_genomes/GCF_000619005.2_Ec2009C-4052_genomic.fna.gz,../ecoli_genomes/GCF_000619105.1_Ec2009C-4780_genomic.fna.gz,../ecoli_genomes/GCF_000619765.2_Ec2009C-3279_genomic.fna.gz,../ecoli_genomes/GCF_000687005.1_ASM68700v1_genomic.fna.gz,../ecoli_genomes/GCF_000687025.1_ASM68702v1_genomic.fna.gz,../ecoli_genomes/GCF_000700125.1_ASM70012v1_genomic.fna.gz,../ecoli_genomes/GCF_000753315.1_FHI35_genomic.fna.gz,../ecoli_genomes/GCF_000776375.1_ASM77637v1_genomic.fna.gz,../ecoli_genomes/GCF_000779395.1_ASM77939v1_genomic.fna.gz,../ecoli_genomes/GCF_000780315.1_ASM78031v1_genomic.fna.gz,../ecoli_genomes/GCF_000781995.1_ASM78199v1_genomic.fna.gz,../ecoli_genomes/GCF_000986765.1_ASM98676v1_genomic.fna.gz,../ecoli_genomes/GCF_001041375.1_ViralProj287958_genomic.fna.gz,../ecoli_genomes/GCF_001265335.1_302014_genomic.fna.gz,../ecoli_genomes/GCF_001265625.1_100854_genomic.fna.gz,../ecoli_genomes/GCF_001267345.1_303289_genomic.fna.gz,../ecoli_genomes/GCF_001309985.1_ASM130998v1_genomic.fna.gz,../ecoli_genomes/GCF_001521695.1_ASM152169v1_genomic.fna.gz,../ecoli_genomes/GCF_001592595.1_ASM159259v1_genomic.fna.gz,../ecoli_genomes/GCF_001614975.1_ASM161497v1_genomic.fna.gz,../ecoli_genomes/GCF_001692775.1_ASM169277v1_genomic.fna.gz,../ecoli_genomes/GCF_001748915.1_ASM174891v1_genomic.fna.gz,../ecoli_genomes/GCF_001749235.1_ASM174923v1_genomic.fna.gz,../ecoli_genomes/GCF_001881155.1_ASM188115v1_genomic.fna.gz,../ecoli_genomes/GCF_001881345.1_ASM188134v1_genomic.fna.gz,../ecoli_genomes/GCF_001892405.1_ASM189240v1_genomic.fna.gz,../ecoli_genomes/GCF_001892585.1_ASM189258v1_genomic.fna.gz,../ecoli_genomes/GCF_001893985.1_ASM189398v1_genomic.fna.gz,../ecoli_genomes/GCF_002001595.1_ASM200159v1_genomic.fna.gz,../ecoli_genomes/GCF_002002145.1_ASM200214v1_genomic.fna.gz
1.0,0.32340162485199864,0.25657838644646525,0.28134710098496696,0.3002778003295795,0.31716464218864115,0.3040179809437801,0.2927858516251971,0.3897552802020179,0.29158545314045115,0.3210023577654364,0.292839530267078,0.3174763840720437,0.2735507293818705,0.2652831717590939,0.3072038056576847,0.2789129024633419,0.3094929362726594,0.30500574345422293,0.3045367038025665,0.2955464303893782,0.30672125242882786,0.31338574811665976,0.2814533603324897,0.2994055802557265,0.2458601501922798,0.3096449050735749,0.27902993813685417,0.33842724636251953,0.3938653072048125,0.2581825822487671,0.31135886983013894,0.0,0.311640934734312,0.3069322525092745,0.2720755541460542,0.2882381548344206,0.31583753588682306,0.20417118763561404,0.31629185493644174,0.2631712131491747,0.30520643583220297,0.31549057607876696,0.29051769608419153,0.30318094374215254,0.320309408886599,0.3019470124032466,0.30448332652636145,0.270529393387386,0.3469654183648384
0.32340162485199864,1.0,0.2315777775615676,0.27052606496372733,0.38652574681441376,0.5682847257147319,0.34739335462389687,0.27921396923366393,0.29550613146211135,0.27786731613790694,0.4334824779116231,0.2857198970772825,0.4209583974876222,0.26771861986150813,0.26191983289064313,0.3443267285206387,0.40156668691073116,0.41748679512187736,0.3977437997019563,0.3499593273471683,0.4011802396429879,0.4059918645366515,0.4159936111297845,0.45450201538403534,0.5286106710169861,0.34465327996621165,0.4217692451782695,0.2723324596944353,0.3021860369659465,0.29788927240429086,0.25323964030018153,0.3975312344719495,0.0,0.4045149759717237,0.554738996920058,0.26129075630153464,0.32747490788437816,0.42914555804442445,0.18383458434420474,0.42589484177454007,0.2571973882134253,0.46979430437925385,0.4257867177286683,0.283738097887431,0.2835654007402082,0.284720176753291,0.4791387286007516,0.48043223607686436,0.27873373693663894,0.3032249573248711
0.25657838644646525,0.2315777775615676,1.0,0.19945225988824855,0.2026637279980208,0.21939402336022984,0.21133780193261698,0.2090287340431619,0.239316630784964,0.20968935086608786,0.23027516304575202,0.20328199882879927,0.22483402143958087,0.2012058709300768,0.19702189701369732,0.21367131264086092,0.18441001593521555,0.2212607521499773,0.21176200952245106,0.21371015936158633,0.2148953708853406,0.223099504674373,0.22538725745028576,0.1793849044876229,0.2027864001685441,0.15893797027256684,0.22509616414884004,0.20638837380984143,0.2448532376875424,0.2492958412651778,0.19220093677611116,0.21063883385254123,0.0,0.2235015192187808,0.2149836471842672,0.20770175734604357,0.19978241215258763,0.21921352733663357,0.14225843484700573,0.22660233960221676,0.19661996233889611,0.22202425844533236,0.23017011502554474,0.2096399126951417,0.20584376141863625,0.2291849427963153,0.2240281709920876,0.22361888204540337,0.21246995806909597,0.24993602799494952
0.28134710098496696,0.27052606496372733,0.19945225988824855,1.0,0.2733449158988044,0.26905695623627357,0.24473545966848242,0.48497696947186375,0.27090981590191376,0.5126908025135299,0.26667356997140546,0.4945612274551743,0.274350695608542,0.5263619746185939,0.5471258678402615,0.24814934526275623,0.2317197875447683,0.25934496237845506,0.2524578697171853,0.2463160205248991,0.2496859144819492,0.2531926782159406,0.26531010016599654,0.22521696670597224,0.25731554009260815,0.19926032818257566,0.2603329958331553,0.5095279093413365,0.2949672179341891,0.2718044087674687,0.48541943631867324,0.27717874887489036,0.0,0.2540913675028095,0.2525927939701391,0.4123482657852817,0.23899096378760643,0.25806433787533745,0.32327597789339535,0.2547755054480968,0.513796248520292,0.25907147902776795,0.2621556848847766,0.5158074097358035,0.5108596376541874,0.29321241376248564,0.253949844419206,0.2565830935940402,0.44806811089952403,0.30124816352707884
0.3002778003295795,0.38652574681441376,0.2026637279980208,0.2733449158988044,1.0,0.4106669645318505,0.3169603775904718,0.2643966109652426,0.28941188229453296,0.2792867526218702,0.5082444073056357,0.25442451176887093,0.4725889699895027,0.25934988849881746,0.2783856950800674,0.34671270097527107,0.4013287125477747,0.40697968977523247,0.4047409117370627,0.3188238001456738,0.4127866523631135,0.4107595476991739,0.4141253906113094,0.3987408899442032,0.4087161856720094,0.3309036358764582,0.4255353593343757,0.24140504565749143,0.28913315577024223,0.29013982762283386,0.2509649548103906,0.46048302131858265,0.0,0.41885439114683376,0.392580484363908,0.2419899444404865,0.3198804805184745,0.43639668578864665,0.17852855793725209,0.43578167855436556,0.264871667465446,0.39430612493254913,0.4432777220206544,0.2537138363265651,0.2625259966883796,0.2628091833345426,0.40363678117728474,0.40711518414965564,0.24281814495368947,0.27718382747956627
0.31716464218864115,0.5682847257147319,0.21939402336022984,0.26905695623627357,0.4106669645318505,1.0,0.35611444752461097,0.28154315145322684,0.296859517310306,0.27180852901649044,0.4311285176903005,0.2696914793432855,0.43206483617791136,0.26766585292393064,0.261215602733327,0.3604580604809423,0.4245719638407772,0.4257214828453162,0.4065355539091854,0.35700003260970836,0.3966932185557853,0.4060128502333096,0.41655413418606735,0.48165825187523326,0.5364827113256249,0.3570943643622574,0.4142850747652502,0.2637876648694707,0.3094853574283635,0.296990041411369,0.25002531824276,0.4077004499333189,0.0,0.4145545885542027,0.5672509590124747,0.2691744729229967,0.3398964974323406,0.4221318733933056,0.19102597170039926,0.4226359450287831,0.25464746201031097,0.47414128105395315,0.42444415721549655,0.2722930659574746,0.27185556607139216,0.28442287004700584,0.4807949561267856,0.4840034633243746,0.265663969112246,0.306476439934536
0.3040179809437801,0.34739335462389687,0.21133780193261698,0.24473545966848242,0.3169603775904718,0.35611444752461097,1.0,0.25440934708638574,0.2924769613553112,0.2487237359277571,0.3566940870308628,0.24815692272319823,0.3558683194578044,0.24294310197514513,0.23678513499476073,0.7453062248238715,0.2819814129598689,0.38627431361319486,0.3714606686273223,0.8578008127281769,0.3802556426779635,0.3723336265706927,0.38871531629529144,0.28686463223925707,0.321095308385014,0.24805829316959038,0.3575165854152257,0.24344714207212836,0.2843760175047845,0.29120831340029707,0.22997853632093446,0.33389773474873186,0.0,0.35901616522252877,0.36002108944645583,0.2651248737750964,0.776459224904443,0.3415301182784525,0.18060685684111788,0.3484860786188889,0.23048497864908102,0.3474768068234524,0.35438967188831894,0.2519887999443541,0.25148884481368183,0.2640169530708735,0.33864933153587595,0.338685301480384,0.2383621137396964,0.29122758254232295
0.2927858516251971,0.27921396923366393,0.2090287340431619,0.48497696947186375,0.2643966109652426,0.28154315145322684,0.25440934708638574,1.0,0.27503328125375026,0.5003429681207997,0.27133693906800405,0.4658158406059193,0.2773402046153792,0.4749762197102291,0.46068489289949144,0.25640652889639204,0.23949964124300915,0.27028273887715915,0.26022530920384357,0.2549799725046762,0.26071297507027724,0.2636445051104649,0.2700544089579191,0.24515617405773116,0.2604847278505271,0.20838713183256774,0.268108802170102,0.6907209665916982,0.30710687965071926,0.2739433014880617,0.46068079100309434,0.26928967388524017,0.0,0.26724997945730034,0.2645059277168579,0.4106150577763047,0.24157687766396962,0.28248271869854114,0.3112832175909195,0.26969731785801887,0.46910158975106997,0.26254097562062195,0.27189260338455123,0.7010101487549075,0.6815784887918779,0.29372327831821043,0.2607096215058967,0.26335911836012393,0.439756184583332,0.3066453009139698
0.3897552802020179,0.29550613146211135,0.239316630784964,0.27090981590191376,0.28941188229453296,0.296859517310306,0.2924769613553112,0.27503328125375026,1.0,0.28315971724469646,0.31425212486367915,0.260535231952445,0.3131489578651635,0.2698724792634114,0.2668626929704152,0.29618322329234636,0.24577531644374673,0.2999193228705669,0.28488028498155515,0.2972614525519782,0.2859712784896439,0.2958500785681003,0.3012472532149245,0.2470620225321164,0.26827030794951834,0.21288291658691405,0.3074481669072896,0.26739502817215466,0.33141804281084963,0.40891554222339244,0.2574926391094633,0.2854442319641919,0.0,0.2941085409950288,0.28901318941428733,0.2754234985411269,0.28162555367101216,0.29828510367801553,0.18739326336336326,0.3049480873784447,0.26207071854607333,0.2982924415027226,0.3086625022978462,0.2717826948950235,0.26857515220353734,0.3098146686041684,0.2937052271597741,0.29414878402959643,0.2619525842462884,0.34019691413358044
0.29158545314045115,0.27786731613790694,0.20968935086608786,0.5126908025135299,0.2792867526218702,0.27180852901649044,0.2487237359277571,0.5003429681207997,0.28315971724469646,1.0,0.28040451827605584,0.47589883574797043,0.2858938678632972,0.5006524004467148,0.5024710833005128,0.2544848723454023,0.22048749152610858,0.26589274644271654,0.25235510008236206,0.2511819017948753,0.25217983351499407,0.26109843840941527,0.2628665557466564,0.22089418541538886,0.25219024664743406,0.19430744707503678,0.26600776725695885,0.5014833647153414,0.305015238698793,0.28198764058966863,0.5165935937390855,0.2605225439864738,0.0,0.259559155914167,0.2549016785192897,0.4240349284350886,0.2420023253771051,0.2683787710295207,0.32437099474651243,0.2671093271817052,0.5241224352496983,0.2600556142914505,0.26578655881705293,0.5017333715048067,0.5082699326802742,0.2906392247541192,0.2589246213771246,0.2589604483551672,0.4743708243977349,0.3022611863073592
0.3210023577654364,0.4334824779116231,0.23027516304575202,0.26667356997140546,0.5082444073056357,0.4311285176903005,0.3566940870308628,0.27133693906800405,0.31425212486367915,0.28040451827605584,1.0,0.26513774903612664,0.5355142913900195,0.2685491046644314,0.2636130795363628,0.3640159291746765,0.3424219457235985,0.49133547594151106,0.4602696510079385,0.36252077233237046,0.48544165198009426,0.4973894973921117,0.49655540074750537,0.35517986467503826,0.3828378048299246,0.3063627631845597,0.5115381491570381,0.26668456941663143,0.3063252138500753,0.3138357374630619,0.2545375290547258,0.4565946703578919,0.0,0.47761870736498946,0.42194821752282585,0.2770944120639657,0.33899251656227924,0.4954606471474353,0.1875748494645293,0.529565960757334,0.2565925919268227,0.438525515265892,0.5144069195086707,0.2693832340529476,0.26866635114196447,0.2860020562581451,0.4409327632576374,0.440428692194744,0.2710417043730059,0.3115331040337078
0.292839530267078,0.2857198970772825,0.20328199882879927,0.4945612274551743,0.25442451176887093,0.2696914793432855,0.24815692272319823,0.4658158406059193,0.260535231952445,0.47589883574797043,0.26513774903612664,1.0,0.2647399519082647,0.48169065897268537,0.5960918180465782,0.24898225576034416,0.2380909700187368,0.25624372441168886,0.25180030637639117,0.24699819157648029,0.25327331045457036,0.2570651979020666,0.2656574121574312,0.24053610980383178,0.2567915646021013,0.2123606070928742,0.259218119499538,0.4707146540123802,0.3032802529614689,0.262907550222927,0.4436918082089151,0.26534491769004154,0.0,0.26303482538614453,0.2628289418401357,0.4027443728553124,0.23568527415961038,0.2681799021568061,0.3079893744517095,0.26037591921116954,0.46327470944650473,0.2544440076519633,0.264160570195619,0.48116470645810194,0.4851054611422664,0.2900766925375253,0.258584355274896,0.2603966357860006,0.42297312093789197,0.2970820452220675
0.3174763840720437,0.4209583974876222,0.22483402143958087,0.274350695608542,0.4725889699895027,0.43206483617791136,0.3558683194578044,0.2773402046153792,0.3131489578651635,0.2858938678632972,0.5355142913900195,0.2647399519082647,1.0,0.26549987711969225,0.2740009799008155,0.368979477907866,0.337219624179695,0.49774535356865723,0.4870232230059198,0.36011899450566576,0.5087666114332221,0.552818534150139,0.5533274557660279,0.3521041514919958,0.38036343231942915,0.29869762212626505,0.5410615494267931,0.2659300271739137,0.30414096845115846,0.3201711451105307,0.25611304733175666,0.4904310101816588,0.0,0.5381023064338907,0.41789583031286015,0.2678024460139161,0.3471370086071067,0.5119764692520955,0.18803946790442716,0.5481118675305421,0.2652110349560095,0.4321512346126807,0.5339713340113501,0.2680590140379716,0.26878615174406717,0.2797801056799617,0.4315723186551029,0.431546336983041,0.26610832381528604,0.31000318177441866
0.2735507293818705,0.26771861986150813,0.2012058709300768,0.5263619746185939,0.25934988849881746,0.26766585292393064,0.24294310197514513,0.4749762197102291,0.2698724792634114,0.5006524004467148,0.2685491046644314,0.48169065897268537,0.26549987711969225,1.0,0.533228231795192,0.24383958240486325,0.21512617328731065,0.2611948380773418,0.2481215067810686,0.24602890560594393,0.2463088063537875,0.2522640830519952,0.2600658299581692,0.20882055832200153,0.24031773223416708,0.18482527524595338,0.25876388209290124,0.5064369244931601,0.30304724408341754,0.2646864130458467,0.48450295584412817,0.2557119969583277,0.0,0.25130875769014593,0.25238600208764006,0.405641722311865,0.23218248674667274,0.263232340167299,0.30491764580429004,0.2569608123802162,0.5092799968954482,0.25230627385579085,0.26134912935195964,0.5039188643960594,0.49471134330370103,0.29417286410401344,0.2526934107551966,0.25457300294057716,0.44828250223187516,0.305322593960775
0.2652831717590939,0.26191983289064313,0.19702189701369732,0.5471258678402615,0.2783856950800674,0.261215602733327,0.23678513499476073,0.46068489289949144,0.2668626929704152,0.5024710833005128,0.2636130795363628,0.5960918180465782,0.2740009799008155,0.533228231795192,1.0,0.2459500899951078,0.22055793390583356,0.2517761810595396,0.24366908261179443,0.2404261343733235,0.24466153888083886,0.25105965416479303,0.25809730745801385,0.21380591417750638,0.24398077774391458,0.1906421605293197,0.25628486352971946,0.47604079398387944,0.2937415636412809,0.26563958826274614,0.4892588265151231,0.2602736924149224,0.0,0.24926510921270728,0.24532396514908017,0.4045948787921392,0.23283218653600946,0.25780699536897334,0.3076838340971907,0.2537241747461627,0.513615969776525,0.24907470128946685,0.2599320974242051,0.4788172925917046,0.47431727938755386,0.2878561941242105,0.2555844805590419,0.2571387477544581,0.4355438695717847,0.30261594240436684
0.3072038056576847,0.3443267285206387,0.21367131264086092,0.24814934526275623,0.34671270097527107,0.3604580604809423,0.7453062248238715,0.25640652889639204,0.29618322329234636,0.2544848723454023,0.3640159291746765,0.24898225576034416,0.368979477907866,0.24383958240486325,0.2459500899951078,1.0,0.2902829606603041,0.372063634150414,0.3712445731112841,0.7633027560945295,0.3624261567148226,0.3728801912229637,0.3772245865463276,0.3002089533276807,0.3373495314987982,0.2710050726775336,0.3527523461843287,0.2424111582287114,0.28323036302430216,0.30222860292282616,0.2339455620584563,0.34320650908217254,0.0,0.35502878353283407,0.3691950468342461,0.26383321268732773,0.7117976611514796,0.34971185735447885,0.17770842718133428,0.3475274320294235,0.2381548951800604,0.3486928716443919,0.3550886725232444,0.2516762310505014,0.2510309928332837,0.2647041953988887,0.3411975469273997,0.34163671788230743,0.23972756571858744,0.29070422397124773
0.2789129024633419,0.40156668691073116,0.18441001593521555,0.2317197875447683,0.4013287125477747,0.4245719638407772,0.2819814129598689,0.23949964124300915,0.24577531644374673,0.22048749152610858,0.3424219457235985,0.2380909700187368,0.337219624179695,0.21512617328731065,0.22055793390583356,0.2902829606603041,1.0,0.32938455157276303,0.3179747480345536,0.2810198984614195,0.32300195098812134,0.3249452624094644,0.33278289404604844,0.5424163562002059,0.48815006205643297,0.44823915418240134,0.3261615624446643,0.2105653253722346,0.26519102147304563,0.24571307697490963,0.2051552063254496,0.4203509368356336,0.0,0.3535471385514374,0.4219647360526112,0.22347257575943658,0.278380338827408,0.33348251662367934,0.15382885503435595,0.3428364288354462,0.20654945741266395,0.3807567892922926,0.3370848951561741,0.23927369564828704,0.2474599516195406,0.24322057340862724,0.39036781332694015,0.39740262943622684,0.2100438027278816,0.25681932668758845
0.3094929362726594,0.41748679512187736,0.2212607521499773,0.25934496237845506,0.40697968977523247,0.4257214828453162,0.38627431361319486,0.27028273887715915,0.2999193228705669,0.26589274644271654,0.49133547594151106,0.25624372441168886,0.49774535356865723,0.2611948380773418,0.2517761810595396,0.372063634150414,0.32938455157276303,1.0,0.5196824226229801,0.3857372265383723,0.511612686720913,0.5123502303267478,0.5191964531103217,0.33808974208582254,0.3693764535025218,0.28670160682656953,0.49915441285963014,0.2616159683414999,0.29618945517478,0.3066834981779364,0.24473590782283405,0.44357705786416524,0.0,0.4813166762173131,0.4185353326014988,0.28223942434189697,0.36548226619241797,0.4648008955898486,0.18847741339348367,0.4984896374841996,0.2460301509546169,0.4278332394298593,0.4866341133733719,0.26506676086975955,0.2632613342117175,0.27646095772501433,0.42476523303989544,0.42521346568749074,0.25886938223044964,0.30332690105649507
0.30500574345422293,0.3977437997019563,0.21176200952245106,0.2524578697171853,0.4047409117370627,0.4065355539091854,0.3714606686273223,0.26022530920384357,0.28488028498155515,0.25235510008236206,0.4602696510079385,0.25180030637639117,0.4870232230059198,0.2481215067810686,0.24366908261179443,0.3712445731112841,0.3179747480345536,0.5196824226229801,1.0,0.36506684929140665,0.4950733064182117,0.4972703471105626,0.49617318377868036,0.3280214635710337,0.36265506758786514,0.2755136065869277,0.47892206372638635,0.24953469899241165,0.279120418832721,0.2922487663508353,0.23434402322186554,0.43710725951816476,0.0,0.47074062130144234,0.4057824325977055,0.26657847158833625,0.3513146593460842,0.4506000974160107,0.18362460810598702,0.4724408166248082,0.2354269869413661,0.4089790276171118,0.4712220761399455,0.2578916628932524,0.2593367830280978,0.26191020490597605,0.4003980509833778,0.40266267361754937,0.24604135569685748,0.29193310423597496
0.3045367038025665,0.3499593273471683,0.21371015936158633,0.2463160205248991,0.3188238001456738,0.35700003260970836,0.8578008127281769,0.2549799725046762,0.2972614525519782,0.2511819017948753,0.36252077233237046,0.24699819157648029,0.36011899450566576,0.24602890560594393,0.2404261343733235,0.7633027560945295,0.2810198984614195,0.3857372265383723,0.36506684929140665,1.0,0.3803653574971524,0.37527281675332547,0.3879280957464263,0.2829919991321018,0.32022647772165214,0.24785194056756865,0.36106512514556643,0.24653788088437423,0.2867924495797881,0.29484550714594493,0.23335547641779997,0.3346414920298556,0.0,0.3588775418762583,0.3573607035655265,0.2627628092682852,0.7828247742693089,0.3461270322818035,0.17799672690191026,0.353745103059691,0.23374815088798873,0.34912054098753986,0.3589557281309017,0.2515749509998184,0.24924574806261612,0.26819874088477436,0.3417192735503104,0.3416269276485494,0.2414290856346506,0.2950213360788516
0.2955464303893782,0.4011802396429879,0.2148953708853406,0.2496859144819492,0.4127866523631135,0.3966932185557853,0.3802556426779635,0.26071297507027724,0.2859712784896439,0.25217983351499407,0.48544165198009426,0.25327331045457036,0.5087666114332221,0.2463088063537875,0.24466153888083886,0.3624261567148226,0.32300195098812134,0.511612686720913,0.4950733064182117,0.3803653574971524,1.0,0.5167901624677651,0.5306193048750771,0.3227467577475984,0.3575866300915088,0.2824151362546111,0.5114158473562994,0.2539490545360402,0.27911767654267094,0.2919089453183489,0.23491042440977639,0.4601509708890539,0.0,0.5043071873571636,0.4035400847284163,0.26895925193281656,0.35865286401869423,0.47729727714022274,0.18252124300569283,0.508208748951323,0.2376885071686644,0.39619455527713077,0.49715476691347205,0.25720138125581127,0.2582033668611351,0.26984115469963776,0.41090778518964877,0.4112015255579471,0.2479785780949899,0.2895229551817192
0.30672125242882786,0.4059918645366515,0.223099504674373,0.2531926782159406,0.4107595476991739,0.4060128502333096,0.3723336265706927,0.2636445051104649,0.2958500785681003,0.26109843840941527,0.4973894973921117,0.2570651979020666,0.552818534150139,0.2522640830519952,0.25105965416479303,0.3728801912229637,0.3249452624094644,0.5123502303267478,0.4972703471105626,0.37527281675332547,0.5167901624677651,1.0,0.7324052533228935,0.32996009909928337,0.364044551973392,0.2828156541062381,0.5152829040894469,0.25607091402825,0.28573021343470784,0.2986577995175782,0.24064761848961025,0.46479807364144465,0.0,0.6361257086873803,0.407147880204891,0.2676363651193976,0.353536907624765,0.49155460059684764,0.1829269982619316,0.5213748930040072,0.24189697538358412,0.41123971482667976,0.5169683512904382,0.2593912896174676,0.2563153669369972,0.2705260075017243,0.4085951744438242,0.408426783403115,0.25587860131710083,0.29447132018440125
0.31338574811665976,0.4159936111297845,0.22538725745028576,0.26531010016599654,0.4141253906113094,0.41655413418606735,0.38871531629529144,0.2700544089579191,0.3012472532149245,0.2628665557466564,0.49655540074750537,0.2656574121574312,0.5533274557660279,0.2600658299581692,0.25809730745801385,0.3772245865463276,0.33278289404604844,0.5191964531103217,0.49617318377868036,0.3879280957464263,0.5306193048750771,0.7324052533228935,1.0,0.3304878611593709,0.37083271576831145,0.28295729342093723,0.5284413441799838,0.2632916569415743,0.2932437785854829,0.29752017000326014,0.24529006396745212,0.47910836038544136,0.0,0.6369127441580631,0.4093769766422637,0.2742844570797862,0.3655212323211161,0.49657264838671444,0.18885630412069554,0.5232707192860857,0.2487212820729101,0.4157180192212142,0.5176324135574637,0.2667892486031932,0.26514187502404574,0.27784612812923737,0.41069082152855896,0.41114260552984605,0.25894449555358257,0.2999817189160169
0.2814533603324897,0.45450201538403534,0.1793849044876229,0.22521696670597224,0.3987408899442032,0.48165825187523326,0.28686463223925707,0.24515617405773116,0.2470620225321164,0.22089418541538886,0.35517986467503826,0.24053610980383178,0.3521041514919958,0.20882055832200153,0.21380591417750638,0.3002089533276807,0.5424163562002059,0.33808974208582254,0.3280214635710337,0.2829919991321018,0.3227467577475984,0.32996009909928337,0.3304878611593709,1.0,0.5380631418991292,0.44152189618366267,0.33621924076454845,0.21090614523109452,0.26650670668195,0.24926560462297553,0.20612891666649713,0.3892563883087866,0.0,0.3462305597186036,0.49726923345888274,0.22216558613851423,0.27482311504741386,0.33938099622514095,0.1538709955192299,0.3428780265189961,0.20720082146058716,0.3885196221757411,0.3358914095223634,0.2336309839532893,0.2384332886537326,0.23787169491491367,0.38285928880089215,0.3874799927582614,0.20701707857222174,0.2527105037960973
0.2994055802557265,0.5286106710169861,0.2027864001685441,0.25731554009260815,0.4087161856720094,0.5364827113256249,0.321095308385014,0.2604847278505271,0.26827030794951834,0.25219024664743406,0.3828378048299246,0.2567915646021013,0.38036343231942915,0.24031773223416708,0.24398077774391458,0.3373495314987982,0.48815006205643297,0.3693764535025218,0.36265506758786514,0.32022647772165214,0.3575866300915088,0.364044551973392,0.37083271576831145,0.5380631418991292,1.0,0.41384290333888973,0.36894619265342876,0.23503881995868103,0.2782019618699181,0.2690107093204698,0.2321206501787887,0.4344154128503904,0.0,0.3748627959134586,0.546405033111655,0.24270753156503577,0.3136021556848685,0.3797087494527428,0.17143926427150835,0.377539690500467,0.23533205876311059,0.42479669199951864,0.37969690905017484,0.2649173422358908,0.2674073819053573,0.26596593085213416,0.4300872366510893,0.4337267053966841,0.2432020459268609,0.2739071709730564
0.2458601501922798,0.34465327996621165,0.15893797027256684,0.19926032818257566,0.3309036358764582,0.3570943643622574,0.24805829316959038,0.20838713183256774,0.21288291658691405,0.19430744707503678,0.3063627631845597,0.2123606070928742,0.29869762212626505,0.18482527524595338,0.1906421605293197,0.2710050726775336,0.44823915418240134,0.28670160682656953,0.2755136065869277,0.24785194056756865,0.2824151362546111,0.2828156541062381,0.28295729342093723,0.44152189618366267,0.41384290333888973,1.0,0.2883130135687415,0.17916273810193373,0.2164579155669094,0.21575342812063136,0.18143245774772476,0.330560025586327,0.0,0.29266809290427165,0.37205114865191613,0.19501518963979025,0.24602868343930362,0.33822419594388586,0.13817101115729757,0.30165504448297353,0.1835944746421988,0.33005521619030287,0.28795909225521044,0.214658652244739,0.2118558833621833,0.20875518865152998,0.3335781957575973,0.3386067787032627,0.18737806456882,0.21806912798499833
0.3096449050735749,0.4217692451782695,0.22509616414884004,0.2603329958331553,0.4255353593343757,0.4142850747652502,0.3575165854152257,0.268108802170102,0.3074481669072896,0.26600776725695885,0.5115381491570381,0.259218119499538,0.5410615494267931,0.25876388209290124,0.25628486352971946,0.3527523461843287,0.3261615624446643,0.49915441285963014,0.47892206372638635,0.36106512514556643,0.5114158473562994,0.5152829040894469,0.5284413441799838,0.33621924076454845,0.36894619265342876,0.2883130135687415,1.0,0.26205016478289367,0.29665611640634204,0.30370847502940757,0.24716171184097835,0.4762783645556139,0.0,0.5033567700431996,0.4098845807152419,0.265972146425579,0.3371615893677522,0.5933878038850877,0.18003193859832733,0.5443270617274789,0.2504367400718309,0.42142789879726483,0.6237061823102328,0.26774931166651883,0.26192325401074334,0.28578630754130463,0.41626472491277355,0.41628193421396464,0.2639711305963379,0.30289575613503494
0.27902993813685417,0.2723324596944353,0.20638837380984143,0.5095279093413365,0.24140504565749143,0.2637876648694707,0.24344714207212836,0.6907209665916982,0.26739502817215466,0.5014833647153414,0.26668456941663143,0.4707146540123802,0.2659300271739137,0.5064369244931601,0.47604079398387944,0.2424111582287114,0.2105653253722346,0.2616159683414999,0.24953469899241165,0.24653788088437423,0.2539490545360402,0.25607091402825,0.2632916569415743,0.21090614523109452,0.23503881995868103,0.17916273810193373,0.26205016478289367,1.0,0.3051281131100585,0.26916311759580736,0.46581633965351543,0.25481150065099833,0.0,0.2536812148915213,0.25198680623624314,0.4065899073256193,0.2319356683141246,0.27045881221963997,0.3114145450441471,0.2590031111986978,0.48473752198303544,0.2531025974357576,0.2619070785837132,0.7853394042825448,0.7512815594670548,0.28734716763856716,0.25588878924710423,0.2560418682039137,0.4538735811263007,0.29725498462047384
0.33842724636251953,0.3021860369659465,0.2448532376875424,0.2949672179341891,0.28913315577024223,0.3094853574283635,0.2843760175047845,0.30710687965071926,0.33141804281084963,0.305015238698793,0.3063252138500753,0.3032802529614689,0.30414096845115846,0.30304724408341754,0.2937415636412809,0.28323036302430216,0.26519102147304563,0.29618945517478,0.279120418832721,0.2867924495797881,0.27911767654267094,0.28573021343470784,0.2932437785854829,0.26650670668195,0.2782019618699181,0.2164579155669094,0.29665611640634204,0.3051281131100585,1.0,0.31676307160060135,0.2821717568125318,0.2904469509704314,0.0,0.28900920379752215,0.28872727457965885,0.3008352610801479,0.2697187647742503,0.29519238926733005,0.20980251299494723,0.29655842296743884,0.2820046030373744,0.290401510726102,0.29308156341325753,0.2997286035724518,0.3003940096744384,0.38949404089158024,0.28881421647686056,0.2885980166663257,0.2926475422609649,0.6175830936797752
0.3938653072048125,0.29788927240429086,0.2492958412651778,0.2718044087674687,0.29013982762283386,0.296990041411369,0.29120831340029707,0.2739433014880617,0.40891554222339244,0.28198764058966863,0.3138357374630619,0.262907550222927,0.3201711451105307,0.2646864130458467,0.26563958826274614,0.30222860292282616,0.24571307697490963,0.3066834981779364,0.2922487663508353,0.29484550714594493,0.2919089453183489,0.2986577995175782,0.29752017000326014,0.24926560462297553,0.2690107093204698,0.21575342812063136,0.30370847502940757,0.26916311759580736,0.31676307160060135,1.0,0.2569995202552857,0.2854102634173865,0.0,0.2922760816819051,0.28940356538387213,0.26967845275290225,0.28327670856325127,0.29580105221020137,0.19840552777410025,0.3128248222208785,0.26369341532504287,0.2969252248217612,0.3067146863109501,0.2734752912978302,0.2710466403762464,0.3191698876264012,0.29936441016790794,0.3004948076284364,0.26376820064662765,0.333801387259266
0.2581825822487671,0.25323964030018153,0.19220093677611116,0.48541943631867324,0.2509649548103906,0.25002531824276,0.22997853632093446,0.46068079100309434,0.2574926391094633,0.5165935937390855,0.2545375290547258,0.4436918082089151,0.25611304733175666,0.48450295584412817,0.4892588265151231,0.2339455620584563,0.2051552063254496,0.24473590782283405,0.23434402322186554,0.23335547641779997,0.23491042440977639,0.24064761848961025,0.24529006396745212,0.20612891666649713,0.2321206501787887,0.18143245774772476,0.24716171184097835,0.46581633965351543,0.2821717568125318,0.2569995202552857,1.0,0.24214131182089127,0.0,0.23984071297026777,0.23641290224945866,0.4007117785820027,0.22444218553145057,0.24683063123695126,0.29452416965081485,0.24765604516042605,0.6545168787318909,0.24080677371036574,0.24670568516430003,0.4694949737269595,0.46315073242914895,0.2736970700692434,0.24177822379664304,0.24092162748184975,0.4321125721133743,0.282503386965256
0.31135886983013894,0.3975312344719495,0.21063883385254123,0.27717874887489036,0.46048302131858265,0.4077004499333189,0.33389773474873186,0.26928967388524017,0.2854442319641919,0.2605225439864738,0.4565946703578919,0.26534491769004154,0.4904310101816588,0.2557119969583277,0.2602736924149224,0.34320650908217254,0.4203509368356336,0.44357705786416524,0.43710725951816476,0.3346414920298556,0.4601509708890539,0.46479807364144465,0.47910836038544136,0.3892563883087866,0.4344154128503904,0.330560025586327,0.4762783645556139,0.25481150065099833,0.2904469509704314,0.2854102634173865,0.24214131182089127,1.0,0.0,0.47557903282550673,0.40249701076278865,0.2542135446003404,0.32573764505313685,0.48007910453979263,0.1819461344269634,0.49145998830433246,0.24795344780507333,0.4011155398193862,0.4878199615691414,0.26596154112278303,0.27477458555008694,0.2692994462337601,0.4112804731401859,0.41270332694626766,0.24197207148965372,0.28284577253863197
0.0,0.0,0.0,0.0,0.0,0.0,0.0,0.0,0.0,0.0,0.0,0.0,0.0,0.0,0.0,0.0,0.0,0.0,0.0,0.0,0.0,0.0,0.0,0.0,0.0,0.0,0.0,0.0,0.0,0.0,0.0,0.0,1.0,0.0,0.0,0.0,0.0,0.0,0.0,0.0,0.0,0.0,0.0,0.0,0.0,0.0,0.0,0.0,0.0,0.0
0.311640934734312,0.4045149759717237,0.2235015192187808,0.2540913675028095,0.41885439114683376,0.4145545885542027,0.35901616522252877,0.26724997945730034,0.2941085409950288,0.259559155914167,0.47761870736498946,0.26303482538614453,0.5381023064338907,0.25130875769014593,0.24926510921270728,0.35502878353283407,0.3535471385514374,0.4813166762173131,0.47074062130144234,0.3588775418762583,0.5043071873571636,0.6361257086873803,0.6369127441580631,0.3462305597186036,0.3748627959134586,0.29266809290427165,0.5033567700431996,0.2536812148915213,0.28900920379752215,0.2922760816819051,0.23984071297026777,0.47557903282550673,0.0,1.0,0.4086892992439556,0.2802924570989015,0.33614348497401236,0.48272930150573734,0.1937434302079153,0.509041898084053,0.2394676117163257,0.4074640110279242,0.50735611409582,0.26138025697731415,0.26497702706806625,0.26944883853566715,0.4081795367135487,0.40937801747568414,0.25111214741098464,0.2929789095651405
0.3069322525092745,0.554738996920058,0.2149836471842672,0.2525927939701391,0.392580484363908,0.5672509590124747,0.36002108944645583,0.2645059277168579,0.28901318941428733,0.2549016785192897,0.42194821752282585,0.2628289418401357,0.41789583031286015,0.25238600208764006,0.24532396514908017,0.3691950468342461,0.4219647360526112,0.4185353326014988,0.4057824325977055,0.3573607035655265,0.4035400847284163,0.407147880204891,0.4093769766422637,0.49726923345888274,0.546405033111655,0.37205114865191613,0.4098845807152419,0.25198680623624314,0.28872727457965885,0.28940356538387213,0.23641290224945866,0.40249701076278865,0.0,0.4086892992439556,1.0,0.2636780379422269,0.33627914961402083,0.40768228858517064,0.1804176007094488,0.4196536376756981,0.2390807119323255,0.46931682228546534,0.4155807873753362,0.26030737460197917,0.26128034774187103,0.2726995856541188,0.464559432715276,0.46636204873615916,0.25133765004320896,0.2901536285036097
0.2720755541460542,0.26129075630153464,0.20770175734604357,0.4123482657852817,0.2419899444404865,0.2691744729229967,0.2651248737750964,0.4106150577763047,0.2754234985411269,0.4240349284350886,0.2770944120639657,0.4027443728553124,0.2678024460139161,0.405641722311865,0.4045948787921392,0.26383321268732773,0.22347257575943658,0.28223942434189697,0.26657847158833625,0.2627628092682852,0.26895925193281656,0.2676363651193976,0.2742844570797862,0.22216558613851423,0.24270753156503577,0.19501518963979025,0.265972146425579,0.4065899073256193,0.3008352610801479,0.26967845275290225,0.4007117785820027,0.2542135446003404,0.0,0.2802924570989015,0.2636780379422269,1.0,0.2501461257422286,0.25937504670574707,0.31410087028946354,0.27020937717782056,0.40481661523015944,0.25685699867366374,0.263475202724766,0.41123782164745404,0.41124600769684894,0.28835630180401695,0.2539446942917284,0.2541065858039122,0.4017105952806278,0.30726243654735097
0.2882381548344206,0.32747490788437816,0.19978241215258763,0.23899096378760643,0.3198804805184745,0.3398964974323406,0.776459224904443,0.24157687766396962,0.28162555367101216,0.2420023253771051,0.33899251656227924,0.23568527415961038,0.3471370086071067,0.23218248674667274,0.23283218653600946,0.7117976611514796,0.278380338827408,0.36548226619241797,0.3513146593460842,0.7828247742693089,0.35865286401869423,0.353536907624765,0.3655212323211161,0.27482311504741386,0.3136021556848685,0.24602868343930362,0.3371615893677522,0.2319356683141246,0.2697187647742503,0.28327670856325127,0.22444218553145057,0.32573764505313685,0.0,0.33614348497401236,0.33627914961402083,0.2501461257422286,1.0,0.32485917337720727,0.16965039434890383,0.32839336176836276,0.22491085660823884,0.3316482649111556,0.3364912641251373,0.23846446241121133,0.23808740974039544,0.2499982432425467,0.32273859481795664,0.3231460940403559,0.22512406623165615,0.27599210877115354
0.31583753588682306,0.42914555804442445,0.21921352733663357,0.25806433787533745,0.43639668578864665,0.4221318733933056,0.3415301182784525,0.28248271869854114,0.29828510367801553,0.2683787710295207,0.4954606471474353,0.2681799021568061,0.5119764692520955,0.263232340167299,0.25780699536897334,0.34971185735447885,0.33348251662367934,0.4648008955898486,0.4506000974160107,0.3461270322818035,0.47729727714022274,0.49155460059684764,0.49657264838671444,0.33938099622514095,0.3797087494527428,0.33822419594388586,0.5933878038850877,0.27045881221963997,0.29519238926733005,0.29580105221020137,0.24683063123695126,0.48007910453979263,0.0,0.48272930150573734,0.40768228858517064,0.25937504670574707,0.32485917337720727,1.0,0.18347972885310382,0.5215035246306132,0.25100224413820416,0.4130584849148633,0.6306481790496801,0.27656271795615206,0.26726814245117947,0.28248152315693775,0.42181721443665143,0.4230003764568063,0.2671201101115305,0.2967559234750259
0.20417118763561404,0.18383458434420474,0.14225843484700573,0.32327597789339535,0.17852855793725209,0.19102597170039926,0.18060685684111788,0.3112832175909195,0.18739326336336326,0.32437099474651243,0.1875748494645293,0.3079893744517095,0.18803946790442716,0.30491764580429004,0.3076838340971907,0.17770842718133428,0.15382885503435595,0.18847741339348367,0.18362460810598702,0.17799672690191026,0.18252124300569283,0.1829269982619316,0.18885630412069554,0.1538709955192299,0.17143926427150835,0.13817101115729757,0.18003193859832733,0.3114145450441471,0.20980251299494723,0.19840552777410025,0.29452416965081485,0.1819461344269634,0.0,0.1937434302079153,0.1804176007094488,0.31410087028946354,0.16965039434890383,0.18347972885310382,1.0,0.18563825776468468,0.3016380579210428,0.18462525128046914,0.18500556021443826,0.3090903663468628,0.3140748048270964,0.1940057629303189,0.18080618847983343,0.1817535264954424,0.3003820854780047,0.2196777695763571
0.31629185493644174,0.42589484177454007,0.22660233960221676,0.2547755054480968,0.43578167855436556,0.4226359450287831,0.3484860786188889,0.26969731785801887,0.3049480873784447,0.2671093271817052,0.529565960757334,0.26037591921116954,0.5481118675305421,0.2569608123802162,0.2537241747461627,0.3475274320294235,0.3428364288354462,0.4984896374841996,0.4724408166248082,0.353745103059691,0.508208748951323,0.5213748930040072,0.5232707192860857,0.3428780265189961,0.377539690500467,0.30165504448297353,0.5443270617274789,0.2590031111986978,0.29655842296743884,0.3128248222208785,0.24765604516042605,0.49145998830433246,0.0,0.509041898084053,0.4196536376756981,0.27020937717782056,0.32839336176836276,0.5215035246306132,0.18563825776468468,1.0,0.24713865990185258,0.4272215964518957,0.5417272232363435,0.2631973697505303,0.2649435775718868,0.2871370943325393,0.43980779128778535,0.44040306667030726,0.2591844299743463,0.3088331923747617
