../ecoli_genomes/GCF_000163235.1_ASM16323v1_genomic.fna.gz,../ecoli_genomes/GCF_000164555.1_ASM16455v1_genomic.fna.gz,../ecoli_genomes/GCF_000208545.1_ASM20854v2_genomic.fna.gz,../ecoli_genomes/GCF_000233875.1_ASM23387v1_genomic.fna.gz,../ecoli_genomes/GCF_000249735.1_ASM24973v2_genomic.fna.gz,../ecoli_genomes/GCF_000261145.1_Esch_coli_M919_V2_genomic.fna.gz,../ecoli_genomes/GCF_000267705.2_ASM26770v2_genomic.fna.gz,../ecoli_genomes/GCF_000350665.1_Esch_coli_KTE5_V1_genomic.fna.gz,../ecoli_genomes/GCF_000351625.1_Esch_coli_KTE66_V1_genomic.fna.gz,../ecoli_genomes/GCF_000352285.1_Esch_coli_KTE46_V1_genomic.fna.gz,../ecoli_genomes/GCF_000358895.1_ASM35889v1_genomic.fna.gz,../ecoli_genomes/GCF_000456385.1_Esch_coli_HVH_26_4-5703913_V1_genomic.fna.gz,../ecoli_genomes/GCF_000458195.1_Esch_coli_HVH_147_4-5893887_V1_genomic.fna.gz,../ecoli_genomes/GCF_000459755.1_Esch_coli_KOEGE_58_171a_V1_genomic.fna.gz,../ecoli_genomes/GCF_000460055.1_Esch_coli_UMEA_3053-1_V1_genomic.fna.gz,../ecoli_genomes/GCF_000462165.2_ASM46216v2_genomic.fna.gz,../ecoli_genomes/GCF_000601135.1_ASM60113v1_genomic.fna.gz,../ecoli_genomes/GCF_000614595.1_Ec2010EL1058_genomic.fna.gz,../ecoli_genomes/GCF_000617745.1_Ec2010C-4529_genomic.fna.gz,../ecoli_genomes/GCF_000618265.2_EcF6751_genomic.fna.gz,../ecoli_genomes/GCF_000619005.2_Ec2009C-4052_genomic.fna.gz,../ecoli_genomes/GCF_000619105.1_Ec2009C-4780_genomic.fna.gz,../ecoli_genomes/GCF_000619765.2_Ec2009C-3279_genomic.fna.gz,../ecoli_genomes/GCF_000687005.1_ASM68700v1_genomic.fna.gz,../ecoli_genomes/GCF_000687025.1_ASM68702v1_genomic.fna.gz,../ecoli_genomes/GCF_000700125.1_ASM70012v1_genomic.fna.gz,../ecoli_genomes/GCF_000753315.1_FHI35_genomic.fna.gz,../ecoli_genomes/GCF_000776375.1_ASM77637v1_genomic.fna.gz,../ecoli_genomes/GCF_000779395.1_ASM77939v1_genomic.fna.gz,../ecoli_genomes/GCF_000780315.1_ASM78031v1_genomic.fna.gz,../ecoli_genomes/GCF_000781995.1_ASM78199v1_genomic.fna.gz,../ecoli_genomes/GCF_000986765.1_ASM98676v1_genomic.fna.gz,../ecoli_genomes/GCF_001041375.1_ViralProj287958_genomic.fna.gz,../ecoli_genomes/GCF_001265335.1_302014_genomic.fna.gz,../ecoli_genomes/GCF_001265625.1_100854_genomic.fna.gz,../ecoli_genomes/GCF_001267345.1_303289_genomic.fna.gz,../ecoli_genomes/GCF_001309985.1_ASM130998v1_genomic.fna.gz,../ecoli_genomes/GCF_001521695.1_ASM152169v1_genomic.fna.gz,../ecoli_genomes/GCF_001592595.1_ASM159259v1_genomic.fna.gz,../ecoli_genomes/GCF_001614975.1_ASM161497v1_genomic.fna.gz,../ecoli_genomes/GCF_001692775.1_ASM169277v1_genomic.fna.gz,../ecoli_genomes/GCF_001748915.1_ASM174891v1_genomic.fna.gz,../ecoli_genomes/GCF_001749235.1_ASM174923v1_genomic.fna.gz,../ecoli_genomes/GCF_001881155.1_ASM188115v1_genomic.fna.gz,../ecoli_genomes/GCF_001881345.1_ASM188134v1_genomic.fna.gz,../ecoli_genomes/GCF_001892405.1_ASM189240v1_genomic.fna.gz,../ecoli_genomes/GCF_001892585.1_ASM189258v1_genomic.fna.gz,../ecoli_genomes/GCF_001893985.1_ASM189398v1_genomic.fna.gz,../ecoli_genomes/GCF_002001595.1_ASM200159v1_genomic.fna.gz,../ecoli_genomes/GCF_002002145.1_ASM200214v1_genomic.fna.gz
1.0,0.7832283459627262,0.7745085331232385,0.7677087057899492,0.760290434172225,0.7747684444672607,0.7775498958641902,0.7734108175545555,0.7982250513109586,0.7703872906007104,0.7766799159783448,0.7786146414796763,0.7805277542491362,0.7677807526544879,0.7570653328107231,0.7747443620090253,0.7515596776803224,0.7781271055092626,0.766662380043271,0.7799979348233318,0.7764344592581917,0.7669246891212667,0.7840945732231319,0.7509778629987958,0.7586636027951934,0.7364898486107161,0.7775471082791481,0.7652343301489323,0.7900761412510603,0.8079712661195123,0.7526703441043602,0.7772627020519188,0.06510427426847731,0.7755798307796589,0.7649159652973825,0.7427775939733701,0.7687252794609434,0.7769823743062716,0.7474507508468071,0.7694079536332283,0.7603931235902062,0.7636867336633646,0.7817394864433822,0.7692372410417231,0.771901310167218,0.7743035949018259,0.775881287167616,0.7763277809677722,0.7667259506930076,0.7862352456146133
0.7832283459627262,1.0,0.7670766580785439,0.7665117126559319,0.7946677084580474,0.8376494654672724,0.7790598753619333,0.7727159112633251,0.7759426856989442,0.7782531273063034,0.8036657602220716,0.7789907337000503,0.8127974087827781,0.7682816353547629,0.7635926538586437,0.7829451484098847,0.7870311233979819,0.8075857284550157,0.7933021078921514,0.7821367638517626,0.7995453960067662,0.7954366323095599,0.8084367331439241,0.7991202311177177,0.8136306017641182,0.7692666617254901,0.8099755896016696,0.7694213580603795,0.7776880564200395,0.7772703971173476,0.758076800366393,0.8041181231644355,0.058627555973016054,0.797406384518097,0.8283975741840637,0.7406592141947159,0.7709541947899815,0.8155740008620738,0.7411055017483966,0.7973505394321526,0.7658779235482541,0.8177700345364016,0.8155174688814144,0.7736642484602169,0.7731625599741128,0.768020101698266,0.8298978613178583,0.8297970990932386,0.7721716128896219,0.7754453553263561
0.7745085331232385,0.7670766580785439,1.0,0.7453604398977681,0.7484436050691301,0.7639250789717582,0.7641836004300759,0.7542981495904363,0.7679460479093282,0.7520019236516232,0.7637520024929652,0.7496543902842399,0.7627379316686618,0.7530337151985282,0.7473421558473851,0.7657677630995006,0.7297333230040746,0.7676144390158461,0.7555684960461668,0.7670829768396545,0.7663522185510426,0.7510415410264367,0.7629704817113444,0.7290852701724642,0.7432561033969245,0.7170998215082455,0.7707759627566425,0.755333972593808,0.7705433210219594,0.7778980531655837,0.735225546317632,0.7570937555046318,0.061845346048726824,0.7565248254089427,0.7461672753953952,0.7383785763077242,0.7545262133817776,0.7633529459100344,0.7351005688339778,0.7551358599166176,0.7513769101912651,0.7558683806088101,0.7711686671968707,0.7580611412347449,0.7533726097171793,0.7556447864097173,0.7634736085891094,0.7627764243327756,0.7564657209548432,0.7682484292206967
0.7677087057899492,0.7665117126559319,0.7453604398977681,1.0,0.7578833736497974,0.7652875888857485,0.7577829171280036,0.8303999768705161,0.7634517667318423,0.8335765663739712,0.7633939008944268,0.8321755637984936,0.7622286834727885,0.853139252151831,0.8522629101349708,0.7539354254530375,0.7356692078047875,0.762647153207346,0.7521725717144142,0.7612749370067637,0.7524013050213842,0.7510912923848037,0.7668885161351654,0.7341294482263763,0.7491030505363434,0.7214237988026245,0.7629958257190466,0.84188714640118,0.7731176756123378,0.7657604624941976,0.8350736556284826,0.7639294164813721,0.06715238148975422,0.7533783260481326,0.7532639188300198,0.786818434259106,0.7468622470455025,0.7600565158266823,0.7900441452446386,0.7506678255334518,0.8462692443912232,0.7531644909405548,0.7634612996612646,0.84526908966066,0.8400376422786703,0.7697170984134193,0.7573858136688614,0.7586212218855937,0.8229052827721057,0.7781498543625982
0.760290434172225,0.7946677084580474,0.7484436050691301,0.7578833736497974,1.0,0.8038470746366907,0.768354429427589,0.7528693597061404,0.7634080447932652,0.7558564477635326,0.8243710446961833,0.751626081706531,0.8186585858076619,0.757320307043175,0.7539589616140152,0.7697734161980399,0.7870095871199431,0.7975956210770098,0.7884476294189693,0.7695469854525255,0.7990842828988538,0.7859861027439116,0.7979256766753906,0.7768768302494556,0.7878989105498168,0.7704944332187101,0.8046298785512994,0.7470727150514131,0.7730564087435754,0.7661322759408417,0.7486481360617165,0.8096290567664421,0.06474159755091557,0.8037445841952034,0.7865635590622924,0.7295762267543839,0.7671684342105597,0.8041886092036654,0.7308676416626565,0.7943699505678822,0.7604182309363985,0.7927112552434334,0.8151398934742717,0.7510066792646493,0.7532827555722741,0.7446372460123412,0.8047098298614563,0.8050000894184798,0.7498636963702783,0.7647911135852767
0.7747684444672607,0.8376494654672724,0.7639250789717582,0.7652875888857485,0.8038470746366907,1.0,0.7933405630514848,0.7708083562526029,0.772804362676399,0.7617448407546121,0.8038047227211594,0.7629131285982034,0.8079669837070027,0.7657255907334515,0.7588192617367271,0.7882076091687598,0.8014205775725649,0.8145186396420325,0.801474049073615,0.792867622913831,0.8027199862875649,0.7914543928756671,0.8144643297504416,0.8028938446838124,0.819498252126821,0.7713348437202462,0.8064868528827122,0.762537094887473,0.7730179273665435,0.772332910286773,0.7532959328304845,0.810004640587279,0.05921477142094744,0.8095764814628176,0.8334137103987593,0.7465500334430999,0.7840287755837264,0.8071685515337362,0.7471510489257123,0.7949918527372326,0.7636303541374729,0.8272165234057283,0.8136509580746241,0.7673396816309549,0.7663187217536683,0.7565220481613816,0.8263850575096823,0.8290817646938704,0.756753535315574,0.7725508926900314
0.7775498958641902,0.7790598753619333,0.7641836004300759,0.7577829171280036,0.768354429427589,0.7933405630514848,1.0,0.7630971637183952,0.7707160132411697,0.7574288429733603,0.7851541945594296,0.7640652549568796,0.7840093559323665,0.7620530980051755,0.7555438738566856,0.8993585934622267,0.7522469104202472,0.8042636181707461,0.789236835348847,0.9363023757167421,0.8052258833896462,0.7907012987782408,0.806738161349582,0.7536975184478244,0.7626499835382032,0.7402982984728355,0.7864080898881578,0.7579186807644365,0.766340265353977,0.7789355294634543,0.7487831265017824,0.783650537034783,0.061213056673643185,0.7889402758943631,0.7786907084528754,0.7507700328151408,0.9038793445110563,0.7787837013798825,0.7477168332032451,0.7739440688301692,0.7543696493969834,0.7772661689973808,0.7951423354886485,0.76365237570118,0.7636475343676749,0.7523555096465722,0.7895496882637856,0.7898762150573887,0.7580724636012712,0.7679861103226325
0.7734108175545555,0.7727159112633251,0.7542981495904363,0.8303999768705161,0.7528693597061404,0.7708083562526029,0.7630971637183952,1.0,0.7640153056107674,0.8347231225581436,0.7621122328616011,0.8272658213951511,0.7658760605313368,0.8307017139647048,0.8203263987313043,0.7565809435135771,0.7354417519298441,0.7687071061197602,0.7615288759605848,0.7654196412313315,0.7637683353942304,0.7551957532310066,0.7719460126194836,0.7401362634513318,0.7447547639814933,0.7265217699808809,0.7710874002134316,0.893276723639357,0.7814976533274749,0.7645022741977925,0.8194418681094885,0.7606449282351645,0.0694439578502073,0.7601027562714258,0.7540463315745332,0.7855572264709496,0.7504574414114042,0.7645588153781941,0.7962181597287427,0.7590632305711769,0.825071108589785,0.7540836224968174,0.7681712301906605,0.8923166345578513,0.8842965675963876,0.7685831156436731,0.7569026737685233,0.7577103325018003,0.823509298573422,0.7766047125203818
0.7982250513109586,0.7759426856989442,0.7679460479093282,0.7634517667318423,0.7634080447932652,0.772804362676399,0.7707160132411697,0.7640153056107674,1.0,0.7729886561376491,0.7809335989470678,0.759053316277818,0.7823276609727271,0.7674323688755902,0.7634087715072535,0.7685272207703554,0.7369638620110854,0.7741712068466754,0.7639223835703003,0.7751363912943142,0.7751813778262577,0.7645389954297235,0.7779728121963687,0.7371353664801075,0.747556407770197,0.7279050951228214,0.7801766645245176,0.7619224011912766,0.7831090426352527,0.804658838289039,0.751357550048219,0.7678238552575897,0.06675944849043647,0.7706606569353388,0.7581343222633362,0.7472712446704657,0.7614375177766836,0.7723635366183736,0.7406288747358547,0.7656232380350069,0.7649324032102061,0.7634697063560599,0.7847869800061362,0.7649466004459065,0.7620525659908882,0.7742992805319581,0.7765448315783519,0.7760918283794319,0.767972152565492,0.784071226161215
0.7703872906007104,0.7782531273063034,0.7520019236516232,0.8335765663739712,0.7558564477635326,0.7617448407546121,0.7574288429733603,0.8347231225581436,0.7729886561376491,1.0,0.7685347863947039,0.8286340231209012,0.7692856119096967,0.8374736789522387,0.830949615368606,0.7533632589699275,0.7241840702751144,0.7624536835254505,0.7530918890392764,0.760507282924633,0.7571587944058409,0.7525714296793555,0.7653942191253189,0.7324378425208671,0.7399351797062166,0.7217234144125708,0.7668266843896318,0.8424701022527479,0.7797080638001324,0.7685898616139998,0.8309788423890281,0.7545584602308892,0.06325437737856199,0.7539582416561033,0.7561529896915838,0.7840478688085096,0.7454569509215646,0.7659189688524727,0.7914402585947016,0.7532779709931275,0.8368264009204383,0.7508786204723469,0.7674173156206051,0.8399383868421176,0.8413178893589377,0.7665479329554747,0.7582042160108468,0.7572995558980646,0.8289801325509902,0.7754296020419479
0.7766799159783448,0.8036657602220716,0.7637520024929652,0.7633939008944268,0.8243710446961833,0.8038047227211594,0.7851541945594296,0.7621122328616011,0.7809335989470678,0.7685347863947039,1.0,0.7663200511194219,0.8471465024794058,0.7671277131643065,0.7550719232240727,0.7886998760478825,0.7700641574357174,0.8217329504628089,0.806409815285482,0.7898215927419994,0.8230100905834519,0.8182457558804925,0.8252426553004271,0.77474704709955,0.778371650231099,0.7579426459472105,0.8270122637382304,0.7646176859214096,0.7735617477605247,0.7880497239414938,0.7508336555200742,0.8125664603483991,0.06380754391912902,0.825428059430104,0.7952558179148932,0.7507115303972354,0.7817125479796241,0.8232157047659853,0.7473345133289249,0.8226729917471024,0.7619819360280475,0.8030267860690261,0.8373633861307475,0.7650608669021893,0.7629465062207637,0.7541868813445177,0.8148449368258982,0.8131146925870956,0.7660604332338911,0.7782547592777762
0.7786146414796763,0.7789907337000503,0.7496543902842399,0.8321755637984936,0.751626081706531,0.7629131285982034,0.7640652549568796,0.8272658213951511,0.759053316277818,0.8286340231209012,0.7663200511194219,1.0,0.7653040566767562,0.8255168566085302,0.8469848866236298,0.7629339753704691,0.7358899005167774,0.7650762140965355,0.7578431888787824,0.7666897140456472,0.7607948754774845,0.7543333894974906,0.7676667492014052,0.7462547607114854,0.7458100310300035,0.7272381047665479,0.7674730521930739,0.8346225503632146,0.7816347318571035,0.7693346954288426,0.804241272425312,0.7634898386698296,0.06693319953448995,0.760672182139285,0.7546693619965135,0.779167659417833,0.7544966230160941,0.7630061328387809,0.7860807072845175,0.7560993445079096,0.8203214904580546,0.7562696506356844,0.7715550322264771,0.8354251682043127,0.8356261589998054,0.7720118935471858,0.7608211955668935,0.7616879779912572,0.8131699717183847,0.7803657796839021
0.7805277542491362,0.8127974087827781,0.7627379316686618,0.7622286834727885,0.8186585858076619,0.8079669837070027,0.7840093559323665,0.7658760605313368,0.7823276609727271,0.7692856119096967,0.8471465024794058,0.7653040566767562,1.0,0.7610244520145538,0.7621879642428273,0.786326925768178,0.7695804021049918,0.8353435982841759,0.8221998208661823,0.7882951739098932,0.8358711108594641,0.8374943481145857,0.8485266216749512,0.772731984306445,0.7808323744387885,0.7524215622706493,0.8493984872362867,0.7635285958918585,0.7806248395484853,0.7838396407011045,0.754011563660977,0.821194892609537,0.0618871830234895,0.8375521637939318,0.799580386027674,0.7399453539651897,0.7834104236101381,0.8348506928622978,0.7430383035731168,0.8298281534582115,0.7610306817319619,0.8078061318594322,0.8472511953864239,0.762484257870652,0.760061456891524,0.7543036577353112,0.8180706294572805,0.8162331172227286,0.7654339960993896,0.7792688982231072
0.7677807526544879,0.7682816353547629,0.7530337151985282,0.853139252151831,0.757320307043175,0.7657255907334515,0.7620530980051755,0.8307017139647048,0.7674323688755902,0.8374736789522387,0.7671277131643065,0.8255168566085302,0.7610244520145538,1.0,0.8549483098941679,0.7586007134545122,0.7297386631729277,0.7683900761870048,0.757034025532338,0.7664849240587441,0.755115998053896,0.7546165852210255,0.7683928088674181,0.7328293744788403,0.7423660432107229,0.7187251115402835,0.7704148395955754,0.8416061857660353,0.7757534660741108,0.7624419443753669,0.8342918196918376,0.7607519371793532,0.06284493787329648,0.756284868121751,0.7518845220062123,0.7857003900434576,0.7493334299263374,0.7653913681808127,0.7917665906518625,0.7536645772806848,0.8434304490799899,0.7536531848369189,0.7688903449980967,0.8422716387817069,0.8381965285297542,0.7718780577784273,0.7580807216383424,0.7594581144298715,0.8239530249551862,0.7790595814797185
0.7570653328107231,0.7635926538586437,0.7473421558473851,0.8522629101349708,0.7539589616140152,0.7588192617367271,0.7555438738566856,0.8203263987313043,0.7634087715072535,0.830949615368606,0.7550719232240727,0.8469848866236298,0.7621879642428273,0.8549483098941679,1.0,0.7542461515484241,0.7245206021237284,0.7622042529089033,0.7478032627111451,0.7602883869329552,0.7529543475992214,0.7477995958751535,0.7625369911662896,0.7282626451435008,0.7381140424472015,0.7125084293775243,0.7648939926049136,0.8316858809182719,0.772820305439732,0.760214141719052,0.8299700147685828,0.7560649618851115,0.06346958171364336,0.7503512899373885,0.7440940474713252,0.7749888176684169,0.7455166645850559,0.7591229375333164,0.7844075348211453,0.7486199467461223,0.8389049491410212,0.7492465196124234,0.7637055956078205,0.832516824912473,0.8283619398547479,0.7677711453786438,0.7549919801951294,0.7562117896600491,0.8151102929515114,0.7789330725465065
0.7747443620090253,0.7829451484098847,0.7657677630995006,0.7539354254530375,0.7697734161980399,0.7882076091687598,0.8993585934622267,0.7565809435135771,0.7685272207703554,0.7533632589699275,0.7886998760478825,0.7629339753704691,0.786326925768178,0.7586007134545122,0.7542461515484241,1.0,0.7470142697622622,0.796478974416119,0.788919047363867,0.9088990048406868,0.7963985121435184,0.793411397517075,0.7956719012766522,0.750779634693722,0.7634684893326118,0.7435598411298636,0.7823321370629917,0.7552942643213232,0.7654994599154487,0.7835001456606715,0.742693373560479,0.7788555570614157,0.0597044387423048,0.7843371789692423,0.7740542752906509,0.7413922732998187,0.90230903664949,0.7808553386554137,0.7412886475068465,0.7716374372605318,0.7499444824431745,0.7733331372340788,0.7923246367553518,0.7579794084476613,0.7570994808133839,0.7517293716096182,0.7887954972232483,0.7888029259059068,0.758818161681207,0.7664951372808296
0.7515596776803224,0.7870311233979819,0.7297333230040746,0.7356692078047875,0.7870095871199431,0.8014205775725649,0.7522469104202472,0.7354417519298441,0.7369638620110854,0.7241840702751144,0.7700641574357174,0.7358899005167774,0.7695804021049918,0.7297386631729277,0.7245206021237284,0.7470142697622622,1.0,0.7736553926522001,0.7618999515935271,0.7512951514903528,0.7678354336985032,0.7604463937205438,0.778482913822856,0.819666153433864,0.8176253498227019,0.8058436856525024,0.7705541371570461,0.7235857041825771,0.7382107646579579,0.743958438169346,0.718321087681763,0.8045851475053313,0.061888511628636955,0.7722257521282296,0.7910027247186899,0.7140746808243406,0.746956004075449,0.7680345597799205,0.716405472560207,0.7594949141945038,0.7256860002125992,0.7830572543897872,0.7739284555997075,0.7348662459890203,0.7373920672302361,0.7327196753868002,0.7894510472019296,0.792387387806269,0.7223297861953233,0.7422946515146059
0.7781271055092626,0.8075857284550157,0.7676144390158461,0.762647153207346,0.7975956210770098,0.8145186396420325,0.8042636181707461,0.7687071061197602,0.7741712068466754,0.7624536835254505,0.8217329504628089,0.7650762140965355,0.8353435982841759,0.7683900761870048,0.7622042529089033,0.796478974416119,0.7736553926522001,1.0,0.8387182612773599,0.8070771021027057,0.8446634086215635,0.8369890909869222,0.850469868581661,0.7783517206404562,0.782992325737519,0.7569939747251668,0.8351108376159901,0.7625061729055481,0.7772838140807377,0.7770002729944641,0.7537360560446543,0.8157164062983822,0.05697661923151032,0.8275651322626069,0.802079130863351,0.7553511478584806,0.7921038536862343,0.8113931699537376,0.7483141536983913,0.817251621587468,0.7627924351092854,0.8058780442824843,0.8351614304850951,0.7654607970906175,0.7641410100004387,0.7582209241328933,0.814168031815259,0.813577622973248,0.7627912642937449,0.7772096155540537
0.766662380043271,0.7933021078921514,0.7555684960461668,0.7521725717144142,0.7884476294189693,0.801474049073615,0.789236835348847,0.7615288759605848,0.7639223835703003,0.7530918890392764,0.806409815285482,0.7578431888787824,0.8221998208661823,0.757034025532338,0.7478032627111451,0.788919047363867,0.7618999515935271,0.8387182612773599,1.0,0.789858014164809,0.8295311649264114,0.8252538847415692,0.8313360345796967,0.765706069000542,0.7732447902286413,0.7418341876357256,0.8191570916155859,0.7531280325228353,0.7649171737303646,0.7637527060955891,0.7408402935174673,0.8081429492809282,0.059431157636937515,0.81442070086497,0.7878468837727097,0.7433378433784281,0.7806891821668591,0.8074259361017772,0.7357184163283644,0.8088814206577238,0.7450569103934026,0.7881017767652632,0.8201251556532956,0.7538656208996966,0.7549944958593524,0.74833582473668,0.8004405865279793,0.8011940176261771,0.7523003213819339,0.7653992625191194
0.7799979348233318,0.7821367638517626,0.7670829768396545,0.7612749370067637,0.7695469854525255,0.792867622913831,0.9363023757167421,0.7654196412313315,0.7751363912943142,0.760507282924633,0.7898215927419994,0.7666897140456472,0.7882951739098932,0.7664849240587441,0.7602883869329552,0.9088990048406868,0.7512951514903528,0.8070771021027057,0.789858014164809,1.0,0.806337534755502,0.7926456468113072,0.8083243449687232,0.7521990755855681,0.7654877160834928,0.7407221677470481,0.7897374844718391,0.7629252807716334,0.7699148799182198,0.7836011568346758,0.7520463325367067,0.7871444962581017,0.06306897194554673,0.788644215121494,0.7769149166315127,0.7500674962303957,0.9112462652831209,0.7816119747053791,0.7494878073876594,0.7778196362448356,0.7586810971859813,0.7786474302797047,0.7995736378545208,0.7676960386779006,0.7657023494109542,0.759153317116655,0.79138982720767,0.7914664258093979,0.7627270162589119,0.7731183727164959
0.7764344592581917,0.7995453960067662,0.7663522185510426,0.7524013050213842,0.7990842828988538,0.8027199862875649,0.8052258833896462,0.7637683353942304,0.7751813778262577,0.7571587944058409,0.8230100905834519,0.7607948754774845,0.8358711108594641,0.755115998053896,0.7529543475992214,0.7963985121435184,0.7678354336985032,0.8446634086215635,0.8295311649264114,0.806337534755502,1.0,0.8339888413376513,0.8510108261064311,0.7672518063980536,0.7774159777896595,0.7475832207992468,0.8334011890048588,0.7580586916982546,0.7739223801962858,0.77582724621614,0.7438316587425385,0.8225440830193262,0.06342745983472875,0.8351853171268848,0.798288949758803,0.7459561682663526,0.7951499095966081,0.8191234431232259,0.7459079669801427,0.8187895429955837,0.7528951410108401,0.7965284423880146,0.8364297343516935,0.7610921596850068,0.7618880118881616,0.759844369162109,0.8166677700330337,0.8155971803096733,0.7573074485147118,0.7737257620419374
0.7669246891212667,0.7954366323095599,0.7510415410264367,0.7510912923848037,0.7859861027439116,0.7914543928756671,0.7907012987782408,0.7551957532310066,0.7645389954297235,0.7525714296793555,0.8182457558804925,0.7543333894974906,0.8374943481145857,0.7546165852210255,0.7477995958751535,0.793411397517075,0.7604463937205438,0.8369890909869222,0.8252538847415692,0.7926456468113072,0.8339888413376513,1.0,0.8849653337397382,0.7554868392655563,0.7717163655150896,0.7450174542907568,0.8230542224765169,0.7552912405733535,0.7615398758267264,0.7677062153030396,0.7431265954392763,0.8086198894780595,0.05885907688562597,0.8510036904044983,0.787699805935312,0.7391451272052764,0.7869670028059952,0.8150131925235817,0.7373918657901741,0.8101705168370279,0.7478960965906385,0.7912504161866171,0.8327573385020555,0.7561233622069982,0.7524717443798924,0.7497532160110746,0.8046053578747885,0.8022708201181923,0.7560781186874982,0.7633798109886716
0.7840945732231319,0.8084367331439241,0.7629704817113444,0.7668885161351654,0.7979256766753906,0.8144643297504416,0.806738161349582,0.7719460126194836,0.7779728121963687,0.7653942191253189,0.8252426553004271,0.7676667492014052,0.8485266216749512,0.7683928088674181,0.7625369911662896,0.7956719012766522,0.778482913822856,0.850469868581661,0.8313360345796967,0.8083243449687232,0.8510108261064311,0.8849653337397382,1.0,0.7731279039926627,0.7843596152869126,0.7512907943737678,0.8427800388102573,0.7680185074203008,0.7772447814985894,0.7796700381007744,0.756620295313865,0.8314428958235511,0.0619108750718963,0.8647938568591363,0.797567937660181,0.7527029636283358,0.7969774142720272,0.8289010681197518,0.754062326878682,0.8185566672116076,0.7629456066135298,0.804605176608336,0.8413522311879684,0.770960011179618,0.7695015021082753,0.7633515050411023,0.8155175927668958,0.815434660827255,0.7662872078985883,0.7789201139364255
0.7509778629987958,0.7991202311177177,0.7290852701724642,0.7341294482263763,0.7768768302494556,0.8028938446838124,0.7536975184478244,0.7401362634513318,0.7371353664801075,0.7324378425208671,0.77474704709955,0.7462547607114854,0.772731984306445,0.7328293744788403,0.7282626451435008,0.750779634693722,0.819666153433864,0.7783517206404562,0.765706069000542,0.7521990755855681,0.7672518063980536,0.7554868392655563,0.7731279039926627,1.0,0.816097022147668,0.8289319309260814,0.7699782241714215,0.7289771147364998,0.7437722644193027,0.7480560339661279,0.7236238179508973,0.7888064504113336,0.058333320219416396,0.7673512829389064,0.8042884277903447,0.7160595052543113,0.7477728777232365,0.7628830562277609,0.7128371965447462,0.7635293300537072,0.7284626047637232,0.7826384326192646,0.7710796440416667,0.7363758445912411,0.7386660458819201,0.7264866573888213,0.7817595257923213,0.782716197398941,0.7269174097328578,0.7418142343284658
0.7586636027951934,0.8136306017641182,0.7432561033969245,0.7491030505363434,0.7878989105498168,0.819498252126821,0.7626499835382032,0.7447547639814933,0.747556407770197,0.7399351797062166,0.778371650231099,0.7458100310300035,0.7808323744387885,0.7423660432107229,0.7381140424472015,0.7634684893326118,0.8176253498227019,0.782992325737519,0.7732447902286413,0.7654877160834928,0.7774159777896595,0.7717163655150896,0.7843596152869126,0.816097022147668,1.0,0.8001605841682816,0.7758814835807895,0.7329819150304472,0.7528257594336191,0.7529342981910706,0.7360228576071155,0.8131762968332936,0.06427358304349295,0.7818475594128104,0.8168400538535803,0.7198706639236201,0.7622697931965758,0.7824706202671092,0.7254070622120636,0.7685216002811783,0.7408896181167229,0.7971848418136218,0.7866010390840025,0.74627829221966,0.7434794660687745,0.7450062578200798,0.7966081699124188,0.7983653902569389,0.7428649436396447,0.7507690195034503
0.7364898486107161,0.7692666617254901,0.7170998215082455,0.7214237988026245,0.7704944332187101,0.7713348437202462,0.7402982984728355,0.7265217699808809,0.7279050951228214,0.7217234144125708,0.7579426459472105,0.7272381047665479,0.7524215622706493,0.7187251115402835,0.7125084293775243,0.7435598411298636,0.8058436856525024,0.7569939747251668,0.7418341876357256,0.7407221677470481,0.7475832207992468,0.7450174542907568,0.7512907943737678,0.8289319309260814,0.8001605841682816,1.0,0.7493745834536512,0.7138683245620128,0.72996586046616,0.7317180734658069,0.7092698723427129,0.7699058929806997,0.057637943447239826,0.7445181881247441,0.7712961960136159,0.7014185568418163,0.7403780772498605,0.746921378373034,0.6996394079108281,0.7469273113343355,0.7157000814003237,0.7603687871350467,0.7531914157297326,0.7259128709187779,0.724858308846829,0.7169128372380982,0.7657960014020522,0.7664256883686937,0.7139410036262799,0.7279199062323658
0.7775471082791481,0.8099755896016696,0.7707759627566425,0.7629958257190466,0.8046298785512994,0.8064868528827122,0.7864080898881578,0.7710874002134316,0.7801766645245176,0.7668266843896318,0.8270122637382304,0.7674730521930739,0.8493984872362867,0.7704148395955754,0.7648939926049136,0.7823321370629917,0.7705541371570461,0.8351108376159901,0.8191570916155859,0.7897374844718391,0.8334011890048588,0.8230542224765169,0.8427800388102573,0.7699782241714215,0.7758814835807895,0.7493745834536512,1.0,0.7665955163224178,0.7794720483246547,0.783210126378827,0.7516670856621595,0.8215308861369577,0.07314525400502614,0.8290356681711253,0.7967601360519926,0.7437413283066714,0.7802248726362185,0.8485243479262454,0.7426891676869318,0.8239641564154001,0.762599370030082,0.8019790473144077,0.8633441683930093,0.7683256462794407,0.7636273046609675,0.7623931074284125,0.8156352875866363,0.8140538393077925,0.7664145207105868,0.7795726351987027
0.7652343301489323,0.7694213580603795,0.755333972593808,0.84188714640118,0.7470727150514131,0.762537094887473,0.7579186807644365,0.893276723639357,0.7619224011912766,0.8424701022527479,0.7646176859214096,0.8346225503632146,0.7635285958918585,0.8416061857660353,0.8316858809182719,0.7552942643213232,0.7235857041825771,0.7625061729055481,0.7531280325228353,0.7629252807716334,0.7580586916982546,0.7552912405733535,0.7680185074203008,0.7289771147364998,0.7329819150304472,0.7138683245620128,0.7665955163224178,1.0,0.7781492483476716,0.7653516162380474,0.8258997782395542,0.7525097567829611,0.06826244651029134,0.7562439954966478,0.7476753989951859,0.7865011670913039,0.7462157635809921,0.7622471306499752,0.7949237795015165,0.7540110248715924,0.8367234796628795,0.7491048732555827,0.7650202506748982,0.9293952778409039,0.9152592513169474,0.7650708758393148,0.75667592240298,0.75611452991986,0.8282965141910086,0.7765130689590192
0.7900761412510603,0.7776880564200395,0.7705433210219594,0.7731176756123378,0.7730564087435754,0.7730179273665435,0.766340265353977,0.7814976533274749,0.7831090426352527,0.7797080638001324,0.7735617477605247,0.7816347318571035,0.7806248395484853,0.7757534660741108,0.772820305439732,0.7654994599154487,0.7382107646579579,0.7772838140807377,0.7649171737303646,0.7699148799182198,0.7739223801962858,0.7615398758267264,0.7772447814985894,0.7437722644193027,0.7528257594336191,0.72996586046616,0.7794720483246547,0.7781492483476716,1.0,0.7817747311001714,0.7648348578196458,0.7738946510539183,0.06879481278456445,0.7683773481701449,0.7586908023116775,0.7574396928504203,0.7585311066465955,0.7710481337443802,0.7550004372567358,0.7631001270093484,0.7716227493214407,0.7645923654239408,0.7758441022248906,0.777814947545,0.7783854359042763,0.7899170205366265,0.773890292238922,0.7724156722339912,0.7695580408296301,0.8596417392400113
0.8079712661195123,0.7772703971173476,0.7778980531655837,0.7657604624941976,0.7661322759408417,0.772332910286773,0.7789355294634543,0.7645022741977925,0.804658838289039,0.7685898616139998,0.7880497239414938,0.7693346954288426,0.7838396407011045,0.7624419443753669,0.760214141719052,0.7835001456606715,0.743958438169346,0.7770002729944641,0.7637527060955891,0.7836011568346758,0.77582724621614,0.7677062153030396,0.7796700381007744,0.7480560339661279,0.7529342981910706,0.7317180734658069,0.783210126378827,0.7653516162380474,0.7817747311001714,1.0,0.7577073562783965,0.7720102645858269,0.06352904004798154,0.7702793043692221,0.7665614370716984,0.7472533624634436,0.7755741463400145,0.7763707949964068,0.7448420469345252,0.7694668068936215,0.7646416552721967,0.7703410065701308,0.7858073840441174,0.7667087728857919,0.7638084744269431,0.7749272710653134,0.7834878263917766,0.7825916723291704,0.7698347139504,0.7932909087402946
0.7526703441043602,0.758076800366393,0.735225546317632,0.8350736556284826,0.7486481360617165,0.7532959328304845,0.7487831265017824,0.8194418681094885,0.751357550048219,0.8309788423890281,0.7508336555200742,0.804241272425312,0.754011563660977,0.8342918196918376,0.8299700147685828,0.742693373560479,0.718321087681763,0.7537360560446543,0.7408402935174673,0.7520463325367067,0.7438316587425385,0.7431265954392763,0.756620295313865,0.7236238179508973,0.7360228576071155,0.7092698723427129,0.7516670856621595,0.8258997782395542,0.7648348578196458,0.7577073562783965,1.0,0.7491872634965686,0.0596415713348214,0.747470444288109,0.7432533407443838,0.776914441029328,0.7382305825160229,0.7493099890907465,0.7739318739961943,0.7429753003475288,0.8618466627451411,0.7433625045762164,0.7533036840344745,0.8256820612144412,0.8220248912258455,0.7573627753514572,0.7493572604737191,0.748835065218526,0.8052283196269249,0.7656567158772626
0.7772627020519188,0.8041181231644355,0.7570937555046318,0.7639294164813721,0.8096290567664421,0.810004640587279,0.783650537034783,0.7606449282351645,0.7678238552575897,0.7545584602308892,0.8125664603483991,0.7634898386698296,0.821194892609537,0.7607519371793532,0.7560649618851115,0.7788555570614157,0.8045851475053313,0.8157164062983822,0.8081429492809282,0.7871444962581017,0.8225440830193262,0.8086198894780595,0.8314428958235511,0.7888064504113336,0.8131762968332936,0.7699058929806997,0.8215308861369577,0.7525097567829611,0.7738946510539183,0.7720102645858269,0.7491872634965686,1.0,0.061951788448260214,0.8230173657503453,0.7912282747040649,0.7361684268965591,0.7807717944783406,0.8179350030031771,0.7420163539467569,0.8090604219388556,0.7530223324579431,0.7983552004629456,0.8281351972724214,0.7585239964957802,0.7610256649527214,0.7597584551170924,0.8085041726601512,0.8103744781895135,0.7504305585289798,0.7741728526271009
0.06510427426847731,0.058627555973016054,0.061845346048726824,0.06715238148975422,0.06474159755091557,0.05921477142094744,0.061213056673643185,0.0694439578502073,0.06675944849043647,0.06325437737856199,0.06380754391912902,0.06693319953448995,0.0618871830234895,0.06284493787329648,0.06346958171364336,0.0597044387423048,0.061888511628636955,0.05697661923151032,0.059431157636937515,0.06306897194554673,0.06342745983472875,0.05885907688562597,0.0619108750718963,0.058333320219416396,0.06427358304349295,0.057637943447239826,0.07314525400502614,0.06826244651029134,0.06879481278456445,0.06352904004798154,0.0596415713348214,0.061951788448260214,1.0,0.06309787647390575,0.053948684170495476,0.05773479786096991,0.06264607511714948,0.06535275771860494,0.06339524713068856,0.06457827132518834,0.062456933716981466,0.057351659161621105,0.06500714225592374,0.07033480934085645,0.06816206872353237,0.07191014698620757,0.058816902807273364,0.05857613182462951,0.06612263448175404,0.06979487596570133
0.7755798307796589,0.797406384518097,0.7565248254089427,0.7533783260481326,0.8037445841952034,0.8095764814628176,0.7889402758943631,0.7601027562714258,0.7706606569353388,0.7539582416561033,0.825428059430104,0.760672182139285,0.8375521637939318,0.756284868121751,0.7503512899373885,0.7843371789692423,0.7722257521282296,0.8275651322626069,0.81442070086497,0.788644215121494,0.8351853171268848,0.8510036904044983,0.8647938568591363,0.7673512829389064,0.7818475594128104,0.7445181881247441,0.8290356681711253,0.7562439954966478,0.7683773481701449,0.7702793043692221,0.747470444288109,0.8230173657503453,0.06309787647390575,1.0,0.795843803528415,0.7461812799497165,0.7818324919863202,0.8133984057786258,0.7502145716993655,0.811984762579121,0.7560192096486738,0.8035164670319228,0.838567224443161,0.7571265434403068,0.7582543935229956,0.7573349478432251,0.8102027186770199,0.809718962789228,0.7528919047532622,0.771510210426158
0.7649159652973825,0.8283975741840637,0.7461672753953952,0.7532639188300198,0.7865635590622924,0.8334137103987593,0.7786907084528754,0.7540463315745332,0.7581343222633362,0.7561529896915838,0.7952558179148932,0.7546693619965135,0.799580386027674,0.7518845220062123,0.7440940474713252,0.7740542752906509,0.7910027247186899,0.802079130863351,0.7878468837727097,0.7769149166315127,0.798288949758803,0.787699805935312,0.797567937660181,0.8042884277903447,0.8168400538535803,0.7712961960136159,0.7967601360519926,0.7476753989951859,0.7586908023116775,0.7665614370716984,0.7432533407443838,0.7912282747040649,0.053948684170495476,0.795843803528415,1.0,0.7296129866445165,0.7654826336418712,0.7901217590850796,0.7315456724678024,0.7879878311612758,0.7506222542100511,0.804381507518678,0.8000918970504731,0.7506689189798739,0.7514978336173432,0.7486358396882947,0.8116279592210498,0.8117336436237572,0.7483775941634139,0.7577769684258364
0.7427775939733701,0.7406592141947159,0.7383785763077242,0.786818434259106,0.7295762267543839,0.7465500334430999,0.7507700328151408,0.7855572264709496,0.7472712446704657,0.7840478688085096,0.7507115303972354,0.779167659417833,0.7399453539651897,0.7857003900434576,0.7749888176684169,0.7413922732998187,0.7140746808243406,0.7553511478584806,0.7433378433784281,0.7500674962303957,0.7459561682663526,0.7391451272052764,0.7527029636283358,0.7160595052543113,0.7198706639236201,0.7014185568418163,0.7437413283066714,0.7865011670913039,0.7574396928504203,0.7472533624634436,0.776914441029328,0.7361684268965591,0.05773479786096991,0.7461812799497165,0.7296129866445165,1.0,0.7363397500354556,0.733819274335472,0.7787073939182761,0.73643503467938,0.7812792602870889,0.74009694724065,0.7448048036554039,0.7893263895998286,0.7872380111406095,0.7451262677562276,0.7434340988605707,0.7432665315117475,0.7875307843155956,0.7525377134388372
0.7687252794609434,0.7709541947899815,0.7545262133817776,0.7468622470455025,0.7671684342105597,0.7840287755837264,0.9038793445110563,0.7504574414114042,0.7614375177766836,0.7454569509215646,0.7817125479796241,0.7544966230160941,0.7834104236101381,0.7493334299263374,0.7455166645850559,0.90230903664949,0.746956004075449,0.7921038536862343,0.7806891821668591,0.9112462652831209,0.7951499095966081,0.7869670028059952,0.7969774142720272,0.7477728777232365,0.7622697931965758,0.7403780772498605,0.7802248726362185,0.7462157635809921,0.7585311066465955,0.7755741463400145,0.7382305825160229,0.7807717944783406,0.06264607511714948,0.7818324919863202,0.7654826336418712,0.7363397500354556,1.0,0.7745293792804818,0.7359380709559751,0.7648142834694716,0.7431886997734455,0.769500489734206,0.7879638713914088,0.7513440001045923,0.7501551671991363,0.7426469549932058,0.7807461876804268,0.7812671675026673,0.7496159276409354,0.7596655893545516
0.7769823743062716,0.8155740008620738,0.7633529459100344,0.7600565158266823,0.8041886092036654,0.8071685515337362,0.7787837013798825,0.7645588153781941,0.7723635366183736,0.7659189688524727,0.8232157047659853,0.7630061328387809,0.8348506928622978,0.7653913681808127,0.7591229375333164,0.7808553386554137,0.7680345597799205,0.8113931699537376,0.8074259361017772,0.7816119747053791,0.8191234431232259,0.8150131925235817,0.8289010681197518,0.7628830562277609,0.7824706202671092,0.746921378373034,0.8485243479262454,0.7622471306499752,0.7710481337443802,0.7763707949964068,0.7493099890907465,0.8179350030031771,0.06535275771860494,0.8133984057786258,0.7901217590850796,0.733819274335472,0.7745293792804818,1.0,0.7388532123202722,0.8191361929679308,0.7574436208185159,0.7970554116474746,0.8611812618610973,0.7649136890266734,0.7604151748609758,0.7557111833989489,0.8118899758481353,0.8121873057519867,0.765622798632742,0.770904904504991
0.7474507508468071,0.7411055017483966,0.7351005688339778,0.7900441452446386,0.7308676416626565,0.7471510489257123,0.7477168332032451,0.7962181597287427,0.7406288747358547,0.7914402585947016,0.7473345133289249,0.7860807072845175,0.7430383035731168,0.7917665906518625,0.7844075348211453,0.7412886475068465,0.716405472560207,0.7483141536983913,0.7357184163283644,0.7494878073876594,0.7459079669801427,0.7373918657901741,0.754062326878682,0.7128371965447462,0.7254070622120636,0.6996394079108281,0.7426891676869318,0.7949237795015165,0.7550004372567358,0.7448420469345252,0.7739318739961943,0.7420163539467569,0.06339524713068856,0.7502145716993655,0.7315456724678024,0.7787073939182761,0.7359380709559751,0.7388532123202722,1.0,0.7336532244710452,0.7850566593646604,0.73580203888651,0.7481983711414755,0.7966411568987695,0.798669565467602,0.7439642017202043,0.7368755982186184,0.7367063764628168,0.7899904221540914,0.7538253264543128
