../ecoli_genomes/GCF_000163235.1_ASM16323v1_genomic.fna.gz,../ecoli_genomes/GCF_000164555.1_ASM16455v1_genomic.fna.gz,../ecoli_genomes/GCF_000208545.1_ASM20854v2_genomic.fna.gz,../ecoli_genomes/GCF_000233875.1_ASM23387v1_genomic.fna.gz,../ecoli_genomes/GCF_000249735.1_ASM24973v2_genomic.fna.gz,../ecoli_genomes/GCF_000261145.1_Esch_coli_M919_V2_genomic.fna.gz,../ecoli_genomes/GCF_000267705.2_ASM26770v2_genomic.fna.gz,../ecoli_genomes/GCF_000350665.1_Esch_coli_KTE5_V1_genomic.fna.gz,../ecoli_genomes/GCF_000351625.1_Esch_coli_KTE66_V1_genomic.fna.gz,../ecoli_genomes/GCF_000352285.1_Esch_coli_KTE46_V1_genomic.fna.gz,../ecoli_genomes/GCF_000358895.1_ASM35889v1_genomic.fna.gz,../ecoli_genomes/GCF_000456385.1_Esch_coli_HVH_26_4-5703913_V1_genomic.fna.gz,../ecoli_genomes/GCF_000458195.1_Esch_coli_HVH_147_4-5893887_V1_genomic.fna.gz,../ecoli_genomes/GCF_000459755.1_Esch_coli_KOEGE_58_171a_V1_genomic.fna.gz,../ecoli_genomes/GCF_000460055.1_Esch_coli_UMEA_3053-1_V1_genomic.fna.gz,../ecoli_genomes/GCF_000462165.2_ASM46216v2_genomic.fna.gz,../ecoli_genomes/GCF_000601135.1_ASM60113v1_genomic.fna.gz,../ecoli_genomes/GCF_000614595.1_Ec2010EL1058_genomic.fna.gz,../ecoli_genomes/GCF_000617745.1_Ec2010C-4529_genomic.fna.gz,../ecoli_genomes/GCF_000618265.2_EcF6751_genomic.fna.gz,../ecoli_genomes/GCF_000619005.2_Ec2009C-4052_genomic.fna.gz,../ecoli_genomes/GCF_000619105.1_Ec2009C-4780_genomic.fna.gz,../ecoli_genomes/GCF_000619765.2_Ec2009C-3279_genomic.fna.gz,../ecoli_genomes/GCF_000687005.1_ASM68700v1_genomic.fna.gz,../ecoli_genomes/GCF_000687025.1_ASM68702v1_genomic.fna.gz,../ecoli_genomes/GCF_000700125.1_ASM70012v1_genomic.fna.gz,../ecoli_genomes/GCF_000753315.1_FHI35_genomic.fna.gz,../ecoli_genomes/GCF_000776375.1_ASM77637v1_genomic.fna.gz,../ecoli_genomes/GCF_000779395.1_ASM77939v1_genomic.fna.gz,../ecoli_genomes/GCF_000780315.1_ASM78031v1_genomic.fna.gz,../ecoli_genomes/GCF_000781995.1_ASM78199v1_genomic.fna.gz,../ecoli_genomes/GCF_000986765.1_ASM98676v1_genomic.fna.gz,../ecoli_genomes/GCF_001041375.1_ViralProj287958_genomic.fna.gz,../ecoli_genomes/GCF_001265335.1_302014_genomic.fna.gz,../ecoli_genomes/GCF_001265625.1_100854_genomic.fna.gz,../ecoli_genomes/GCF_001267345.1_303289_genomic.fna.gz,../ecoli_genomes/GCF_001309985.1_ASM130998v1_genomic.fna.gz,../ecoli_genomes/GCF_001521695.1_ASM152169v1_genomic.fna.gz,../ecoli_genomes/GCF_001592595.1_ASM159259v1_genomic.fna.gz,../ecoli_genomes/GCF_001614975.1_ASM161497v1_genomic.fna.gz,../ecoli_genomes/GCF_001692775.1_ASM169277v1_genomic.fna.gz,../ecoli_genomes/GCF_001748915.1_ASM174891v1_genomic.fna.gz,../ecoli_genomes/GCF_001749235.1_ASM174923v1_genomic.fna.gz,../ecoli_genomes/GCF_001881155.1_ASM188115v1_genomic.fna.gz,../ecoli_genomes/GCF_001881345.1_ASM188134v1_genomic.fna.gz,../ecoli_genomes/GCF_001892405.1_ASM189240v1_genomic.fna.gz,../ecoli_genomes/GCF_001892585.1_ASM189258v1_genomic.fna.gz,../ecoli_genomes/GCF_001893985.1_ASM189398v1_genomic.fna.gz,../ecoli_genomes/GCF_002001595.1_ASM200159v1_genomic.fna.gz,../ecoli_genomes/GCF_002002145.1_ASM200214v1_genomic.fna.gz
1.0,0.7814750545300535,0.7588229654465168,0.7530606626934833,0.7550767337690195,0.7558042267777453,0.7738657589149527,0.7579316243625547,0.8027734520723796,0.7581925438496683,0.7748645233412965,0.769301269006711,0.7737146710519489,0.754888467089281,0.7496472614436016,0.7721008864213301,0.7505104380929688,0.7762554768233545,0.7472012974605472,0.7820059818969002,0.7730464625028326,0.7314085792710315,0.7839800108190536,0.7489416806078966,0.7466530445415339,0.7547133182358519,0.7737789667101048,0.7575707214326436,0.781410064425536,0.8010077767731303,0.7445872181403306,0.7608341646178229,0.06269909609563007,0.7748616959579127,0.7633811060460507,0.7635595132752628,0.7659946543579473,0.7714274264444165,0.7289560645172962,0.7769769416280742,0.7485377639087274,0.7754031803385788,0.778848479822887,0.7599346767309637,0.7583917732116111,0.7809532914307452,0.7687907104329169,0.7685002218912814,0.7510692176329624,0.7895311231604298
0.7814750545300535,1.0,0.7547582359237013,0.7562576046295696,0.7833396559049803,0.7980697363796103,0.7701925439487876,0.7617450615479919,0.7718520766759833,0.7646247715519504,0.7999301738020046,0.7721176993816046,0.8031213647818285,0.7610463346642734,0.7518515786882181,0.7744715446615691,0.7989927533352925,0.8052374362038897,0.7622115652078797,0.7841289909767132,0.7937740269141689,0.7462796828360068,0.8080030376333278,0.808388594160095,0.8108015904090682,0.7991900162719993,0.8063093557338314,0.7643436592053272,0.7732881081216952,0.7715046400388533,0.7455582494800057,0.7908833319037721,0.06373585247956104,0.7961606193319379,0.8295469293311308,0.7633664098984059,0.7685006212178161,0.8055306953289525,0.7102171150000645,0.8106801688595273,0.7518665644649225,0.8188516757119221,0.8134171677176145,0.7697607456820504,0.76712020668775,0.770710832422879,0.8252324101129854,0.8253576146364102,0.7624413411918656,0.7684136432187676
0.7588229654465168,0.7547582359237013,1.0,0.7252252221703452,0.7242867250917391,0.7184893736625202,0.7343594783030101,0.7337865439202449,0.7506091925777423,0.7323516116984786,0.7497657176265082,0.7409779503133729,0.7486261602211282,0.7347048298625785,0.7281366878149331,0.7351607885936257,0.7206197006050051,0.7487140537893349,0.7155186896327734,0.744852671366813,0.7470120075327529,0.7032943855300184,0.7465927851341069,0.7222719289110154,0.7169454216731922,0.7252749438536176,0.7530251602329716,0.7387977511697896,0.7529479347715532,0.7636509143114211,0.721437751929566,0.7305175188606321,0.0549124953402107,0.7430543798321756,0.7355940113472622,0.7356017665927526,0.7273508296769955,0.7457978028362475,0.6882696644851922,0.7540196423220478,0.7302440659258562,0.744823292446084,0.7510630646836447,0.7391487716022158,0.7302402260272105,0.7566438299684415,0.7515335061994546,0.7509835841958925,0.7349238274765945,0.7591701056557367
0.7530606626934833,0.7562576046295696,0.7252252221703452,1.0,0.7530759663146603,0.7272808751353879,0.7341927947865923,0.8251433912301757,0.7580755879588001,0.8311829674705744,0.7459067452984058,0.8229622057578552,0.7486854813327704,0.8434288495865409,0.8424609900723484,0.7352180200761638,0.7377368654295536,0.7458725915027022,0.7193677478906606,0.7461376216951898,0.7379248710727664,0.6963076840485902,0.7517671252313916,0.7255651065875229,0.7328265564922329,0.7387178017431217,0.7435819619887185,0.8289151953373834,0.7559489848352492,0.7498952198607582,0.8234614491154371,0.7406605550335617,0.0610145126415389,0.7416939906383044,0.7380721933220546,0.789477273706356,0.7308071294518985,0.7396635243917387,0.751202931138127,0.7458302545618013,0.8368777621307709,0.7431088161237047,0.7461675881385386,0.831405379093271,0.8190119733847194,0.7582071229527686,0.7441004709633138,0.7453646504873344,0.8113895184897721,0.7573508615371688
0.7550767337690195,0.7833396559049803,0.7242867250917391,0.7530759663146603,1.0,0.7620176449388326,0.7489562053470296,0.7530692917418479,0.7570264069639125,0.7528426278279405,0.8053325922441558,0.745230096378054,0.811125497736354,0.7470934398307715,0.7469405291922,0.7641223274369662,0.7820050626730817,0.7833157613643267,0.7487324740144695,0.7585386058091647,0.7846408888994656,0.7323436146898898,0.7876259074954696,0.7712997313200021,0.7666085523928642,0.7771976633840294,0.784376890692986,0.7436196349646362,0.7579770380410782,0.7531566471434428,0.7401801951021487,0.793673071273237,0.06465606509364097,0.7871017880869424,0.7657772433341862,0.7426871101380611,0.7521706098651265,0.7860649816637597,0.6978387523622093,0.7995892183907019,0.7549931682370112,0.7865914192072763,0.7920555745791991,0.7450448043896292,0.744452524353601,0.7420492684489104,0.7851249538998202,0.7860282790731564,0.7352480209488588,0.7453749513698584
0.7558042267777453,0.7980697363796103,0.7184893736625202,0.7272808751353879,0.7620176449388326,1.0,0.7617492264486586,0.7386824289728697,0.7456708085858188,0.7268856399677752,0.7717520933026121,0.7437259365054274,0.7611069768858,0.7261369666024647,0.7211616251787523,0.7584364203047922,0.7698209312306915,0.7715359343462488,0.7545159750789321,0.7532553683025824,0.7690374856065354,0.7870306049541853,0.7755158356721807,0.7918579620563563,0.8001236780851502,0.7830500903879761,0.7660888565444298,0.7307550836507107,0.7423923455982856,0.7411662374438812,0.7141691587223451,0.7716540078325571,0.055938729413998356,0.7787058294120102,0.7959162657193097,0.7460544502166404,0.752518595862092,0.766173339563128,0.6990778149931739,0.7718527204004846,0.7210865844581988,0.7788039064120402,0.769426453031862,0.7372047466788126,0.7348654571104298,0.7452745106048583,0.7789308426288657,0.780414288237099,0.7237516160435348,0.7460980033016368
0.7738657589149527,0.7701925439487876,0.7343594783030101,0.7341927947865923,0.7489562053470296,0.7617492264486586,1.0,0.7399864337245328,0.7625981913740456,0.7353104810018943,0.7726118769118819,0.7484905547363079,0.7664061272817758,0.7378545790737718,0.730513055776413,0.8812030672476249,0.7426610307566746,0.7894293834088308,0.7620370739146992,0.9184258048676269,0.7974350995921675,0.7557085842996101,0.7916184390536695,0.7541363493161725,0.7497401954902485,0.7600838025288137,0.776263795451023,0.7385201492752754,0.7516862502247752,0.7545224228502677,0.725216257718601,0.7690746411587635,0.06822045566122903,0.7777699418374063,0.7695612538536895,0.7524998283070214,0.9039034742549104,0.7631882001088768,0.6988492924757979,0.7735988990342454,0.7298691053186563,0.7738054933528995,0.780609546440675,0.7418752391490173,0.7377223944491865,0.7532589979016768,0.7654990608484946,0.7658581627196656,0.7305054244439633,0.762464039591314
0.7579316243625547,0.7617450615479919,0.7337865439202449,0.8251433912301757,0.7530692917418479,0.7386824289728697,0.7399864337245328,1.0,0.7626259747041991,0.8272949441706969,0.7483730124330981,0.8169795957988226,0.7575924956881376,0.8184246657031505,0.8068099662005833,0.7384624293780508,0.7429370990767357,0.7547881413170519,0.7320225841166155,0.7480989116978619,0.7482714562240824,0.7136800070976768,0.7615800402244189,0.7415896306326879,0.7375149493477244,0.7413562377598064,0.7535884470306414,0.8767620947950753,0.7650724326187464,0.7496581979299177,0.8037974658662237,0.7505225480668859,0.05780563006269346,0.7555149990670271,0.7459628248967588,0.7913482123779024,0.7342724029762124,0.7579094593661728,0.7472726813795723,0.758516421740066,0.8162470074231495,0.7525224331809178,0.7585410271577254,0.8766263473083145,0.8634577551195756,0.7613296884058363,0.7496407638769996,0.7501017391374426,0.8075021546807928,0.7638329384774484
0.8027734520723796,0.7718520766759833,0.7506091925777423,0.7580755879588001,0.7570264069639125,0.7456708085858188,0.7625981913740456,0.7626259747041991,1.0,0.7666152481888354,0.7670898568899608,0.7581616813660746,0.7763984591579969,0.7577899154190957,0.756998756427437,0.759821776183169,0.7494131537702314,0.771772367171248,0.7370957028137025,0.7743870075517971,0.763216189629277,0.7138297426796079,0.7675325462289538,0.7459591199149613,0.7371828714711309,0.7502649841105726,0.7672692546286566,0.7604830655305114,0.7749261837671858,0.8036779808570071,0.7523408415270911,0.7606678096860728,0.060391788436488736,0.7637126595301669,0.7541431621365318,0.767007203100736,0.7579572285570655,0.7606315835830757,0.7201932472229924,0.7727893548184888,0.7535603072244142,0.770818144603721,0.774920789696246,0.7614375639061393,0.7532961862058747,0.7708750133335653,0.7672153171701446,0.7668191297024803,0.7578372889688838,0.7784335530082903
0.7581925438496683,0.7646247715519504,0.7323516116984786,0.8311829674705744,0.7528426278279405,0.7268856399677752,0.7353104810018943,0.8272949441706969,0.7666152481888354,1.0,0.7529270942102063,0.8151498869077187,0.7632639868484296,0.8330518489551639,0.8174955726413009,0.7393094454117173,0.7373172330552696,0.7464676417129028,0.7178417667785737,0.7474238885022699,0.7420774801282168,0.6999913534491478,0.7484026722541866,0.7322175931154611,0.733668296285399,0.7433886130577103,0.7499352756067934,0.8297591192130978,0.7528445848795309,0.7534626411942783,0.8227142958397231,0.7418897600811463,0.061182611398526876,0.7416818765793182,0.7419853128152598,0.7943553446158398,0.7353420154672055,0.7498972088208175,0.7473448676211826,0.7552821661086326,0.8331013122730057,0.7505229702967571,0.7555579366319995,0.8277024579786968,0.8206802244008584,0.7561796323720036,0.7499682409156307,0.749467150516919,0.8186770309372641,0.7517408983971466
0.7748645233412965,0.7999301738020046,0.7497657176265082,0.7459067452984058,0.8053325922441558,0.7717520933026121,0.7726118769118819,0.7483730124330981,0.7670898568899608,0.7529270942102063,1.0,0.756594107710321,0.8243071996541652,0.7530674030358658,0.7387398999626733,0.7763385369095887,0.7677119761299689,0.8153937426282165,0.7716806087557467,0.7786675796697341,0.8049542142894377,0.7782423971141809,0.8179858108940263,0.7793260210733826,0.7657875929936064,0.7925866569636404,0.8224368738980519,0.7544273093483345,0.7626733596075405,0.7729038259572587,0.7339661161590081,0.7938108563019923,0.058348232074791784,0.8063584520190736,0.7871654792382343,0.7620661410503529,0.7647885283879111,0.8126638962354308,0.6989646914055154,0.8344388844869962,0.7415623591005821,0.7985675321853376,0.8249675960490492,0.7536649534875624,0.747918260107006,0.7619826444282297,0.7954285478772667,0.7960231023529379,0.7488013066978718,0.7679620620510066
0.769301269006711,0.7721176993816046,0.7409779503133729,0.8229622057578552,0.745230096378054,0.7437259365054274,0.7484905547363079,0.8169795957988226,0.7581616813660746,0.8151498869077187,0.756594107710321,1.0,0.7545289132050925,0.8218314192438368,0.8410870738623466,0.7430788073692173,0.7412558647146819,0.7518335250053536,0.7293744297006517,0.7528892695860618,0.7485285014281643,0.7227900499851445,0.7604390371343744,0.739666691381393,0.7439525367066457,0.7496047783921335,0.7578871748073276,0.82242017384827,0.7702030202957764,0.7585694638022166,0.7960589073183859,0.7430659297350661,0.06239388371955501,0.7499140199462982,0.7527698372959947,0.7952919719847962,0.741464852017091,0.7510146998703123,0.7536638823884717,0.7594549954855301,0.8126849757975793,0.7541660355581319,0.759210501072465,0.8282692699939451,0.8224586901015344,0.7685450773069179,0.7557919617852581,0.7561588183742651,0.8144963029961486,0.7657475747922855
0.7737146710519489,0.8031213647818285,0.7486261602211282,0.7486854813327704,0.811125497736354,0.7611069768858,0.7664061272817758,0.7575924956881376,0.7763984591579969,0.7632639868484296,0.8243071996541652,0.7545289132050925,1.0,0.7496475524752362,0.7476581575921961,0.7781438397308826,0.7767188317377031,0.8227825409263576,0.7989216488680172,0.7800855650925196,0.8172532487478504,0.7723814213527056,0.8325222508951018,0.7735403372454979,0.7616112566893997,0.7796222402615023,0.8312057329337605,0.7519263622267345,0.7691171586612635,0.7765906324613832,0.7464709920484003,0.8185304861977012,0.06575473328448656,0.8244475838671166,0.7874439524263828,0.7557700880900089,0.7660102666055821,0.8208402221082463,0.7036281825031783,0.844124775548138,0.7538265774615373,0.796474604489642,0.8366512838137858,0.7504296896394649,0.7456011776924887,0.7551185537457031,0.8041734389887973,0.8039595670280274,0.7479296346941704,0.7664740904159932
0.754888467089281,0.7610463346642734,0.7347048298625785,0.8434288495865409,0.7470934398307715,0.7261369666024647,0.7378545790737718,0.8184246657031505,0.7577899154190957,0.8330518489551639,0.7530674030358658,0.8218314192438368,0.7496475524752362,1.0,0.8439697560373932,0.7371992313960363,0.7364005869165917,0.7482000593663316,0.7210008816499316,0.7495601802703193,0.7389328212233857,0.7014163612267005,0.7531589598479327,0.7285868557009446,0.7285557590891807,0.7359622706843538,0.7520878018105459,0.8315431199623762,0.7615452838306054,0.7554603172858165,0.8183251421838295,0.7372056100815296,0.0572258532131813,0.7427451997999804,0.7441810799349773,0.7928507002620327,0.7328597756091092,0.7467593611544072,0.7507161688630157,0.7466528497132461,0.8347241725972249,0.7439044408319655,0.7532290558126326,0.8302808138532016,0.8208238330110603,0.7641098900588194,0.7478731157297851,0.7490487577740634,0.816450420052059,0.7615477336396224
0.7496472614436016,0.7518515786882181,0.7281366878149331,0.8424609900723484,0.7469405291922,0.7211616251787523,0.730513055776413,0.8068099662005833,0.756998756427437,0.8174955726413009,0.7387398999626733,0.8410870738623466,0.7476581575921961,0.8439697560373932,1.0,0.7346932485886111,0.7357425271813409,0.7397095007738772,0.7122465702753078,0.7423576309741914,0.7323174169510003,0.6946892041151086,0.7458833129095552,0.7226852201867354,0.7250709025141246,0.7354276197402073,0.7437084809452202,0.8107256191849348,0.7535149253276762,0.7519496432507375,0.8190741394223859,0.7326971222828123,0.06377069372200661,0.7372136982769057,0.7400580540542244,0.7815790052390014,0.7281502269164322,0.7355901773479064,0.7526615150521888,0.7409338377435197,0.8316545075497397,0.7405775909088668,0.7430301904036984,0.8100000350876607,0.8020712624979455,0.7592801132218039,0.7461505084501516,0.7466540889202542,0.8109439560487611,0.7574502387097163
0.7721008864213301,0.7744715446615691,0.7351607885936257,0.7352180200761638,0.7641223274369662,0.7584364203047922,0.8812030672476249,0.7384624293780508,0.759821776183169,0.7393094454117173,0.7763385369095887,0.7430788073692173,0.7781438397308826,0.7371992313960363,0.7346932485886111,1.0,0.7474277884569682,0.7815457900265872,0.7644723180773124,0.8846463521831577,0.7870276754662542,0.7573426209382075,0.7840358860348666,0.753517396064337,0.7560639139013366,0.770917136009058,0.7732604831681761,0.7347660520879101,0.7470390927984732,0.7613807534368022,0.7300403230422576,0.7735166841324503,0.06843095387663556,0.7740430676694952,0.7656441740650499,0.7502400411801826,0.8951333585132002,0.768818398926628,0.6968246554824413,0.775807194421637,0.7350676111887817,0.7731530482601484,0.7826239059657183,0.7348628979531276,0.7334892627519549,0.7541939127572124,0.7678269286796704,0.7676510815349398,0.7302202901093405,0.7583976120914089
0.7505104380929688,0.7989927533352925,0.7206197006050051,0.7377368654295536,0.7820050626730817,0.7698209312306915,0.7426610307566746,0.7429370990767357,0.7494131537702314,0.7373172330552696,0.7677119761299689,0.7412558647146819,0.7767188317377031,0.7364005869165917,0.7357425271813409,0.7474277884569682,1.0,0.7768248158478116,0.7444992167936728,0.7521193896268448,0.768384732078809,0.7303125779525241,0.7868610082402562,0.8026213880241333,0.7891234666200099,0.7950936140938828,0.7781319460160572,0.7357737219532721,0.7426190828524725,0.740055075224042,0.7210539418887274,0.7894683020920525,0.05781906398101655,0.7826148669293677,0.783670495380347,0.7416038323334442,0.7454586507540566,0.7707396799567199,0.6913969693636074,0.7820554201751472,0.7287535538766909,0.7919224200482612,0.7810138581834204,0.7426941310777606,0.741081129185755,0.7380212151115302,0.7944215582422686,0.7974468964481952,0.7347091709884991,0.7452601815434234
0.7762554768233545,0.8052374362038897,0.7487140537893349,0.7458725915027022,0.7833157613643267,0.7715359343462488,0.7894293834088308,0.7547881413170519,0.771772367171248,0.7464676417129028,0.8153937426282165,0.7518335250053536,0.8227825409263576,0.7482000593663316,0.7397095007738772,0.7815457900265872,0.7768248158478116,1.0,0.8013786247078019,0.8018326502925522,0.8348978982915265,0.7785575213197882,0.8465660724736928,0.7788440708023745,0.7631327759628646,0.7739909731513003,0.8351950189416506,0.7505970072235144,0.7709675663964559,0.7751649971022063,0.7380948201269488,0.8061775500813735,0.058004363691576355,0.8219173689751454,0.7961591301389754,0.7696473037465994,0.7809471680417575,0.8101727957681042,0.7095086556389957,0.8351204703464763,0.7389799759394866,0.8020599440665275,0.8322215388533943,0.7512352464414654,0.7482468291136787,0.7662894867966895,0.8021639455369424,0.8026002014409359,0.7434108456148724,0.7727960466355764
0.7472012974605472,0.7622115652078797,0.7155186896327734,0.7193677478906606,0.7487324740144695,0.7545159750789321,0.7620370739146992,0.7320225841166155,0.7370957028137025,0.7178417667785737,0.7716806087557467,0.7293744297006517,0.7989216488680172,0.7210008816499316,0.7122465702753078,0.7644723180773124,0.7444992167936728,0.8013786247078019,1.0,0.7611555483901137,0.7952015913638619,0.7812569596410279,0.7986588901226784,0.7439282857684149,0.7452744193952181,0.7455633740034248,0.7877966080112981,0.7264814331730312,0.7349027166352992,0.7388352921059618,0.7123248261100812,0.7951670221468568,0.05842303214174582,0.7891067822092259,0.760126017719083,0.7368972079518337,0.7584413126290424,0.7768797434198776,0.6878200871052238,0.791223041319928,0.7145680176387788,0.7578993855477708,0.7920097585474193,0.7312297092790296,0.7262378823694718,0.7347902404762876,0.7637977205195443,0.7647383192375006,0.7161143486698053,0.7361758946789172
0.7820059818969002,0.7841289909767132,0.744852671366813,0.7461376216951898,0.7585386058091647,0.7532553683025824,0.9184258048676269,0.7480989116978619,0.7743870075517971,0.7474238885022699,0.7786675796697341,0.7528892695860618,0.7800855650925196,0.7495601802703193,0.7423576309741914,0.8846463521831577,0.7521193896268448,0.8018326502925522,0.7611555483901137,1.0,0.8046017663944476,0.743427355604809,0.8014886180020878,0.7536517619920546,0.7522043059319808,0.7617513450221216,0.7865914653485794,0.748096935972236,0.7599562951815978,0.7668764322955226,0.7376606694423257,0.7734920483976114,0.06968815728676714,0.7865179796899657,0.7752648310048372,0.7590224078694354,0.9016827472884972,0.775087154826109,0.7067590013850952,0.7869792067530227,0.7418766901933322,0.7868506087722931,0.7934842750110667,0.7491999394773414,0.7442618249028823,0.7626871758499458,0.7794030155315513,0.7798967535945192,0.7426768404087566,0.7700655476074773
0.7730464625028326,0.7937740269141689,0.7470120075327529,0.7379248710727664,0.7846408888994656,0.7690374856065354,0.7974350995921675,0.7482714562240824,0.763216189629277,0.7420774801282168,0.8049542142894377,0.7485285014281643,0.8172532487478504,0.7389328212233857,0.7323174169510003,0.7870276754662542,0.768384732078809,0.8348978982915265,0.7952015913638619,0.8046017663944476,1.0,0.7736451984297404,0.8370857728786332,0.7735759435870097,0.7640244836096686,0.7767896523522466,0.8255292070936652,0.7458505048142319,0.7602111370845945,0.7686455435783971,0.7287602169282913,0.8117240840919913,0.0601231418156285,0.8219941702173761,0.7901024062301277,0.7601325020913287,0.7851768962093747,0.8116057484752722,0.7078753973495822,0.8300962469943446,0.7338451082134592,0.7917764855166376,0.8227273789301157,0.7488052643673652,0.7449058739328991,0.765161764658033,0.7988208508567404,0.7987772590241051,0.7380632381454462,0.7657552570915597
0.7314085792710315,0.7462796828360068,0.7032943855300184,0.6963076840485902,0.7323436146898898,0.7870306049541853,0.7557085842996101,0.7136800070976768,0.7138297426796079,0.6999913534491478,0.7782423971141809,0.7227900499851445,0.7723814213527056,0.7014163612267005,0.6946892041151086,0.7573426209382075,0.7303125779525241,0.7785575213197882,0.7812569596410279,0.743427355604809,0.7736451984297404,1.0,0.8151620080243425,0.7465627343976491,0.7478376781839253,0.7565131837608257,0.7715925549595434,0.7083029118120786,0.7159504116521405,0.7192709244212409,0.6946043559918786,0.7725560529941662,0.0539503792354975,0.7951382946315589,0.7555217601520192,0.7279449741148982,0.7465513602656733,0.7621064141803505,0.6676517683918352,0.7763162346012406,0.6963942810337691,0.7402035796505491,0.7725066744906455,0.7100396597269548,0.7101361665381789,0.7204068174969858,0.7426973462029884,0.7426846626079915,0.7003523429757814,0.7286831336228851
0.7839800108190536,0.8080030376333278,0.7465927851341069,0.7517671252313916,0.7876259074954696,0.7755158356721807,0.7916184390536695,0.7615800402244189,0.7675325462289538,0.7484026722541866,0.8179858108940263,0.7604390371343744,0.8325222508951018,0.7531589598479327,0.7458833129095552,0.7840358860348666,0.7868610082402562,0.8465660724736928,0.7986588901226784,0.8014886180020878,0.8370857728786332,0.8151620080243425,1.0,0.7773427733920011,0.7724692526794775,0.7795503265154564,0.8349649051953728,0.7592305641586521,0.7682182147441559,0.7729164016198908,0.7406566956170555,0.8146873477758054,0.06020415994155981,0.8593357267851857,0.7973312365263225,0.7637912390874846,0.7839790049818611,0.8193829764576182,0.7089569438771923,0.8335776509255327,0.7465999812169348,0.7985257035131941,0.8322515719658875,0.7617889679008965,0.7583128961487747,0.7619754173371973,0.7973421111595345,0.7996461276595338,0.7499422526143973,0.7710140396288954
0.7489416806078966,0.808388594160095,0.7222719289110154,0.7255651065875229,0.7712997313200021,0.7918579620563563,0.7541363493161725,0.7415896306326879,0.7459591199149613,0.7322175931154611,0.7793260210733826,0.739666691381393,0.7735403372454979,0.7285868557009446,0.7226852201867354,0.753517396064337,0.8026213880241333,0.7788440708023745,0.7439282857684149,0.7536517619920546,0.7735759435870097,0.7465627343976491,0.7773427733920011,1.0,0.8047441413166854,0.7923749407344346,0.7822981721663386,0.7334587170313652,0.7461600756150037,0.7417912810102028,0.7183326818358376,0.7868425642729624,0.058353587400101214,0.7750374964420387,0.8005605597856592,0.7492965077208913,0.7493538371306558,0.7708109193394336,0.6906078382151905,0.7795733098148516,0.7225367852148968,0.7819073847262883,0.7737596586444865,0.7379322188577793,0.7385168905384135,0.7420637619340984,0.7848764111458795,0.7852499370861032,0.7313742157070677,0.7494277467238977
0.7466530445415339,0.8108015904090682,0.7169454216731922,0.7328265564922329,0.7666085523928642,0.8001236780851502,0.7497401954902485,0.7375149493477244,0.7371828714711309,0.733668296285399,0.7657875929936064,0.7439525367066457,0.7616112566893997,0.7285557590891807,0.7250709025141246,0.7560639139013366,0.7891234666200099,0.7631327759628646,0.7452744193952181,0.7522043059319808,0.7640244836096686,0.7478376781839253,0.7724692526794775,0.8047441413166854,1.0,0.8043015398965185,0.7637562324418921,0.7314163692106076,0.7374406305866752,0.7359518592275625,0.7189345760359327,0.7848133189818469,0.057111647661804765,0.7618426947282659,0.7978496535953704,0.7410451108055232,0.7538226803733856,0.7739294520255086,0.6951054263691152,0.7669550315960864,0.725196108734546,0.7733966539235637,0.7696537992920179,0.7444331174944305,0.7446844628141782,0.7433748457514773,0.7772004232149581,0.7798295382052736,0.732124535985639,0.7381156781509013
0.7547133182358519,0.7991900162719993,0.7252749438536176,0.7387178017431217,0.7771976633840294,0.7830500903879761,0.7600838025288137,0.7413562377598064,0.7502649841105726,0.7433886130577103,0.7925866569636404,0.7496047783921335,0.7796222402615023,0.7359622706843538,0.7354276197402073,0.770917136009058,0.7950936140938828,0.7739909731513003,0.7455633740034248,0.7617513450221216,0.7767896523522466,0.7565131837608257,0.7795503265154564,0.7923749407344346,0.8043015398965185,1.0,0.7791276520739148,0.7372867265268792,0.7419643434393505,0.7450991321867022,0.7264276551015529,0.7823103367400862,0.05917295670959688,0.7694698035068137,0.785229172865943,0.7482331324552214,0.7602614898587768,0.7769903306622906,0.6967060449938138,0.7864965580966432,0.7319208811027953,0.7918284098886476,0.7816024007383446,0.7454145703743809,0.74568192073998,0.7475859034744682,0.7873977143283836,0.7882220957840488,0.7395827283110545,0.7474029227008641
0.7737789667101048,0.8063093557338314,0.7530251602329716,0.7435819619887185,0.784376890692986,0.7660888565444298,0.776263795451023,0.7535884470306414,0.7672692546286566,0.7499352756067934,0.8224368738980519,0.7578871748073276,0.8312057329337605,0.7520878018105459,0.7437084809452202,0.7732604831681761,0.7781319460160572,0.8351950189416506,0.7877966080112981,0.7865914653485794,0.8255292070936652,0.7715925549595434,0.8349649051953728,0.7822981721663386,0.7637562324418921,0.7791276520739148,1.0,0.7543095510858523,0.7659914898078171,0.7724635659677164,0.7402285321114447,0.8067150197017912,0.05890668219702644,0.8180421155767457,0.7893719125711356,0.7612031248197239,0.7664583217818481,0.8381080345584324,0.704713810183741,0.8422971434894833,0.7454262452594044,0.793981204781651,0.8512350493034678,0.756185929348879,0.7505728740216256,0.7647001637105902,0.7976923890058257,0.7978939715967781,0.7542753394589075,0.7659607566933783
0.7575707214326436,0.7643436592053272,0.7387977511697896,0.8289151953373834,0.7436196349646362,0.7307550836507107,0.7385201492752754,0.8767620947950753,0.7604830655305114,0.8297591192130978,0.7544273093483345,0.82242017384827,0.7519263622267345,0.8315431199623762,0.8107256191849348,0.7347660520879101,0.7357737219532721,0.7505970072235144,0.7264814331730312,0.748096935972236,0.7458505048142319,0.7083029118120786,0.7592305641586521,0.7334587170313652,0.7314163692106076,0.7372867265268792,0.7543095510858523,1.0,0.7657015149120663,0.752311121798752,0.8020522093498337,0.743364861687037,0.05804070943033901,0.7493271025898226,0.74623431118595,0.7970990358436343,0.7295282942445391,0.7548166445883483,0.7429763046286775,0.7565227840387564,0.815398555966659,0.7515047662947816,0.7559854883417424,0.9185103436297097,0.8943825757219198,0.7646012999041489,0.7510474829940377,0.7510214150477467,0.8213359158857015,0.7606630016536371
0.781410064425536,0.7732881081216952,0.7529479347715532,0.7559489848352492,0.7579770380410782,0.7423923455982856,0.7516862502247752,0.7650724326187464,0.7749261837671858,0.7528445848795309,0.7626733596075405,0.7702030202957764,0.7691171586612635,0.7615452838306054,0.7535149253276762,0.7470390927984732,0.7426190828524725,0.7709675663964559,0.7349027166352992,0.7599562951815978,0.7602111370845945,0.7159504116521405,0.7682182147441559,0.7461600756150037,0.7374406305866752,0.7419643434393505,0.7659914898078171,0.7657015149120663,1.0,0.772439083151022,0.7443546223769715,0.755872877322054,0.06175753506737269,0.7631489923527548,0.7532324323873619,0.7642590981509831,0.7436266816223891,0.7611516774883881,0.7120811915936225,0.771631088553296,0.7491217438809218,0.7593271552087024,0.7680729367098095,0.7628872347618445,0.7554655836083087,0.7940809899638941,0.7637410981019028,0.7644787524724642,0.7490943451830532,0.8538177076898892
0.8010077767731303,0.7715046400388533,0.7636509143114211,0.7498952198607582,0.7531566471434428,0.7411662374438812,0.7545224228502677,0.7496581979299177,0.8036779808570071,0.7534626411942783,0.7729038259572587,0.7585694638022166,0.7765906324613832,0.7554603172858165,0.7519496432507375,0.7613807534368022,0.740055075224042,0.7751649971022063,0.7388352921059618,0.7668764322955226,0.7686455435783971,0.7192709244212409,0.7729164016198908,0.7417912810102028,0.7359518592275625,0.7450991321867022,0.7724635659677164,0.752311121798752,0.772439083151022,1.0,0.7424111343611788,0.7543855567289598,0.06490371701219111,0.7572885932225784,0.7555561480691222,0.7584424623582969,0.751431052128358,0.7656000155363181,0.7120319807355937,0.7759779510212245,0.7495622112866689,0.7711430062973014,0.7731887939413605,0.749286226702633,0.7447517771019785,0.7795645703471845,0.7678648835439629,0.7678526167407458,0.7456343054856007,0.7866779465567326
0.7445872181403306,0.7455582494800057,0.721437751929566,0.8234614491154371,0.7401801951021487,0.7141691587223451,0.725216257718601,0.8037974658662237,0.7523408415270911,0.8227142958397231,0.7339661161590081,0.7960589073183859,0.7464709920484003,0.8183251421838295,0.8190741394223859,0.7300403230422576,0.7210539418887274,0.7380948201269488,0.7123248261100812,0.7376606694423257,0.7287602169282913,0.6946043559918786,0.7406566956170555,0.7183326818358376,0.7189345760359327,0.7264276551015529,0.7402285321114447,0.8020522093498337,0.7443546223769715,0.7424111343611788,1.0,0.7306005573512292,0.06366290267517483,0.7346138278187393,0.7262277040716685,0.7757657013473696,0.7255659911031458,0.7330378522712004,0.738319119752028,0.7415222324521982,0.8488950020503496,0.7327559754625081,0.7409182822347457,0.8040862181866253,0.7946318363698717,0.7494546468203116,0.7390912929235229,0.737943715467227,0.796265363577915,0.7434997091179711
0.7608341646178229,0.7908833319037721,0.7305175188606321,0.7406605550335617,0.793673071273237,0.7716540078325571,0.7690746411587635,0.7505225480668859,0.7606678096860728,0.7418897600811463,0.7938108563019923,0.7430659297350661,0.8185304861977012,0.7372056100815296,0.7326971222828123,0.7735166841324503,0.7894683020920525,0.8061775500813735,0.7951670221468568,0.7734920483976114,0.8117240840919913,0.7725560529941662,0.8146873477758054,0.7868425642729624,0.7848133189818469,0.7823103367400862,0.8067150197017912,0.743364861687037,0.755872877322054,0.7543855567289598,0.7306005573512292,1.0,0.0653280434533714,0.8092892371705028,0.7830516579522994,0.7501606683179431,0.7695336101573429,0.8044326680658881,0.6985121083340515,0.8175033960234559,0.7327938967672738,0.784184494848581,0.8158114302458888,0.7455820021172479,0.7451317484342758,0.7514166705044273,0.7907879963051576,0.7917412656281612,0.728549044348503,0.7513647772885845
0.06269909609563007,0.06373585247956104,0.0549124953402107,0.0610145126415389,0.06465606509364097,0.055938729413998356,0.06822045566122903,0.05780563006269346,0.060391788436488736,0.061182611398526876,0.058348232074791784,0.06239388371955501,0.06575473328448656,0.0572258532131813,0.06377069372200661,0.06843095387663556,0.05781906398101655,0.058004363691576355,0.05842303214174582,0.06968815728676714,0.0601231418156285,0.0539503792354975,0.06020415994155981,0.058353587400101214,0.057111647661804765,0.05917295670959688,0.05890668219702644,0.05804070943033901,0.06175753506737269,0.06490371701219111,0.06366290267517483,0.0653280434533714,1.0,0.057036637771817444,0.05843139370400263,0.05539975482589343,0.06874712753798728,0.059646155029768555,0.05569654347684638,0.062382377964060653,0.06158682490039058,0.06330257514922144,0.05899332667751611,0.056649994999395825,0.05572050709496046,0.059657558394326404,0.06432356653005444,0.06401125421630549,0.06340048530945352,0.06598140952375808
0.7748616959579127,0.7961606193319379,0.7430543798321756,0.7416939906383044,0.7871017880869424,0.7787058294120102,0.7777699418374063,0.7555149990670271,0.7637126595301669,0.7416818765793182,0.8063584520190736,0.7499140199462982,0.8244475838671166,0.7427451997999804,0.7372136982769057,0.7740430676694952,0.7826148669293677,0.8219173689751454,0.7891067822092259,0.7865179796899657,0.8219941702173761,0.7951382946315589,0.8593357267851857,0.7750374964420387,0.7618426947282659,0.7694698035068137,0.8180421155767457,0.7493271025898226,0.7631489923527548,0.7572885932225784,0.7346138278187393,0.8092892371705028,0.057036637771817444,1.0,0.7905871141223385,0.7648042862762636,0.7715201305346008,0.8069168650720739,0.7125643253298204,0.8261084983610917,0.7379133913951554,0.7939108762692948,0.8281047418152157,0.7499720659549194,0.7458817118687794,0.7542069157784094,0.7900600859905467,0.7905187529732712,0.7415865439729638,0.761775368081112
0.7633811060460507,0.8295469293311308,0.7355940113472622,0.7380721933220546,0.7657772433341862,0.7959162657193097,0.7695612538536895,0.7459628248967588,0.7541431621365318,0.7419853128152598,0.7871654792382343,0.7527698372959947,0.7874439524263828,0.7441810799349773,0.7400580540542244,0.7656441740650499,0.783670495380347,0.7961591301389754,0.760126017719083,0.7752648310048372,0.7901024062301277,0.7555217601520192,0.7973312365263225,0.8005605597856592,0.7978496535953704,0.785229172865943,0.7893719125711356,0.74623431118595,0.7532324323873619,0.7555561480691222,0.7262277040716685,0.7830516579522994,0.05843139370400263,0.7905871141223385,1.0,0.7492338726250041,0.76000429486726,0.7845973955508215,0.7023460085101404,0.8021646375775338,0.7295850895055433,0.8037526783816512,0.8026101531694971,0.7448189669782808,0.7421243771581585,0.7516473580686898,0.8043823447745669,0.804505865901101,0.7403570354847505,0.756808863214824
0.7635595132752628,0.7633664098984059,0.7356017665927526,0.789477273706356,0.7426871101380611,0.7460544502166404,0.7524998283070214,0.7913482123779024,0.767007203100736,0.7943553446158398,0.7620661410503529,0.7952919719847962,0.7557700880900089,0.7928507002620327,0.7815790052390014,0.7502400411801826,0.7416038323334442,0.7696473037465994,0.7368972079518337,0.7590224078694354,0.7601325020913287,0.7279449741148982,0.7637912390874846,0.7492965077208913,0.7410451108055232,0.7482331324552214,0.7612031248197239,0.7970990358436343,0.7642590981509831,0.7584424623582969,0.7757657013473696,0.7501606683179431,0.05539975482589343,0.7648042862762636,0.7492338726250041,1.0,0.7456865239674354,0.7518687134139622,0.7543163674059385,0.762094084300118,0.779353485174399,0.757407444955877,0.7621093458791612,0.8006556939006984,0.7962291181587978,0.7635364330996373,0.7552767904668585,0.7549565374735094,0.7928601440003926,0.766718837092434
0.7659946543579473,0.7685006212178161,0.7273508296769955,0.7308071294518985,0.7521706098651265,0.752518595862092,0.9039034742549104,0.7342724029762124,0.7579572285570655,0.7353420154672055,0.7647885283879111,0.741464852017091,0.7660102666055821,0.7328597756091092,0.7281502269164322,0.8951333585132002,0.7454586507540566,0.7809471680417575,0.7584413126290424,0.9016827472884972,0.7851768962093747,0.7465513602656733,0.7839790049818611,0.7493538371306558,0.7538226803733856,0.7602614898587768,0.7664583217818481,0.7295282942445391,0.7436266816223891,0.751431052128358,0.7255659911031458,0.7695336101573429,0.06874712753798728,0.7715201305346008,0.76000429486726,0.7456865239674354,1.0,0.7623612411746371,0.695407941981975,0.7671526758329715,0.7275047163640936,0.7695951034755301,0.7758995678770717,0.7338685136870022,0.7307782354368513,0.7453644409829161,0.7610969730973824,0.7615602407319179,0.7246125010161375,0.7508696225617675
0.7714274264444165,0.8055306953289525,0.7457978028362475,0.7396635243917387,0.7860649816637597,0.766173339563128,0.7631882001088768,0.7579094593661728,0.7606315835830757,0.7498972088208175,0.8126638962354308,0.7510146998703123,0.8208402221082463,0.7467593611544072,0.7355901773479064,0.768818398926628,0.7707396799567199,0.8101727957681042,0.7768797434198776,0.775087154826109,0.8116057484752722,0.7621064141803505,0.8193829764576182,0.7708109193394336,0.7739294520255086,0.7769903306622906,0.8381080345584324,0.7548166445883483,0.7611516774883881,0.7656000155363181,0.7330378522712004,0.8044326680658881,0.059646155029768555,0.8069168650720739,0.7845973955508215,0.7518687134139622,0.7623612411746371,1.0,0.6957175935909069,0.8322998946616099,0.7436972692354384,0.7905503862031162,0.8526365901011266,0.7574852937544198,0.7523025060895651,0.7623555290545818,0.8028168751915059,0.8031086835261971,0.7520481361832893,0.7619770781146484
0.7289560645172962,0.7102171150000645,0.6882696644851922,0.751202931138127,0.6978387523622093,0.6990778149931739,0.6988492924757979,0.7472726813795723,0.7201932472229924,0.7473448676211826,0.6989646914055154,0.7536638823884717,0.7036281825031783,0.7507161688630157,0.7526615150521888,0.6968246554824413,0.6913969693636074,0.7095086556389957,0.6878200871052238,0.7067590013850952,0.7078753973495822,0.6676517683918352,0.7089569438771923,0.6906078382151905,0.6951054263691152,0.6967060449938138,0.704713810183741,0.7429763046286775,0.7120811915936225,0.7120319807355937,0.738319119752028,0.6985121083340515,0.05569654347684638,0.7125643253298204,0.7023460085101404,0.7543163674059385,0.695407941981975,0.6957175935909069,1.0,0.7050028621659128,0.7373273071829893,0.7095672037936254,0.7062732227788173,0.753040470759957,0.7534137211200934,0.7074212521990966,0.7017835284435607,0.7014698375529099,0.7414261030592998,0.7078498454620157
