../ecoli_genomes/GCF_000163235.1_ASM16323v1_genomic.fna.gz,../ecoli_genomes/GCF_000164555.1_ASM16455v1_genomic.fna.gz,../ecoli_genomes/GCF_000208545.1_ASM20854v2_genomic.fna.gz,../ecoli_genomes/GCF_000233875.1_ASM23387v1_genomic.fna.gz,../ecoli_genomes/GCF_000249735.1_ASM24973v2_genomic.fna.gz,../ecoli_genomes/GCF_000261145.1_Esch_coli_M919_V2_genomic.fna.gz,../ecoli_genomes/GCF_000267705.2_ASM26770v2_genomic.fna.gz,../ecoli_genomes/GCF_000350665.1_Esch_coli_KTE5_V1_genomic.fna.gz,../ecoli_genomes/GCF_000351625.1_Esch_coli_KTE66_V1_genomic.fna.gz,../ecoli_genomes/GCF_000352285.1_Esch_coli_KTE46_V1_genomic.fna.gz,../ecoli_genomes/GCF_000358895.1_ASM35889v1_genomic.fna.gz,../ecoli_genomes/GCF_000456385.1_Esch_coli_HVH_26_4-5703913_V1_genomic.fna.gz,../ecoli_genomes/GCF_000458195.1_Esch_coli_HVH_147_4-5893887_V1_genomic.fna.gz,../ecoli_genomes/GCF_000459755.1_Esch_coli_KOEGE_58_171a_V1_genomic.fna.gz,../ecoli_genomes/GCF_000460055.1_Esch_coli_UMEA_3053-1_V1_genomic.fna.gz,../ecoli_genomes/GCF_000462165.2_ASM46216v2_genomic.fna.gz,../ecoli_genomes/GCF_000601135.1_ASM60113v1_genomic.fna.gz,../ecoli_genomes/GCF_000614595.1_Ec2010EL1058_genomic.fna.gz,../ecoli_genomes/GCF_000617745.1_Ec2010C-4529_genomic.fna.gz,../ecoli_genomes/GCF_000618265.2_EcF6751_genomic.fna.gz,../ecoli_genomes/GCF_000619005.2_Ec2009C-4052_genomic.fna.gz,../ecoli_genomes/GCF_000619105.1_Ec2009C-4780_genomic.fna.gz,../ecoli_genomes/GCF_000619765.2_Ec2009C-3279_genomic.fna.gz,../ecoli_genomes/GCF_000687005.1_ASM68700v1_genomic.fna.gz,../ecoli_genomes/GCF_000687025.1_ASM68702v1_genomic.fna.gz,../ecoli_genomes/GCF_000700125.1_ASM70012v1_genomic.fna.gz,../ecoli_genomes/GCF_000753315.1_FHI35_genomic.fna.gz,../ecoli_genomes/GCF_000776375.1_ASM77637v1_genomic.fna.gz,../ecoli_genomes/GCF_000779395.1_ASM77939v1_genomic.fna.gz,../ecoli_genomes/GCF_000780315.1_ASM78031v1_genomic.fna.gz,../ecoli_genomes/GCF_000781995.1_ASM78199v1_genomic.fna.gz,../ecoli_genomes/GCF_000986765.1_ASM98676v1_genomic.fna.gz,../ecoli_genomes/GCF_001041375.1_ViralProj287958_genomic.fna.gz,../ecoli_genomes/GCF_001265335.1_302014_genomic.fna.gz,../ecoli_genomes/GCF_001265625.1_100854_genomic.fna.gz,../ecoli_genomes/GCF_001267345.1_303289_genomic.fna.gz,../ecoli_genomes/GCF_001309985.1_ASM130998v1_genomic.fna.gz,../ecoli_genomes/GCF_001521695.1_ASM152169v1_genomic.fna.gz,../ecoli_genomes/GCF_001592595.1_ASM159259v1_genomic.fna.gz,../ecoli_genomes/GCF_001614975.1_ASM161497v1_genomic.fna.gz,../ecoli_genomes/GCF_001692775.1_ASM169277v1_genomic.fna.gz,../ecoli_genomes/GCF_001748915.1_ASM174891v1_genomic.fna.gz,../ecoli_genomes/GCF_001749235.1_ASM174923v1_genomic.fna.gz,../ecoli_genomes/GCF_001881155.1_ASM188115v1_genomic.fna.gz,../ecoli_genomes/GCF_001881345.1_ASM188134v1_genomic.fna.gz,../ecoli_genomes/GCF_001892405.1_ASM189240v1_genomic.fna.gz,../ecoli_genomes/GCF_001892585.1_ASM189258v1_genomic.fna.gz,../ecoli_genomes/GCF_001893985.1_ASM189398v1_genomic.fna.gz,../ecoli_genomes/GCF_002001595.1_ASM200159v1_genomic.fna.gz,../ecoli_genomes/GCF_002002145.1_ASM200214v1_genomic.fna.gz
1.0,0.3217245473739465,0.263527550890451,0.28337417705474555,0.29659949052945533,0.28083297706411137,0.30178009622172763,0.28929444936036686,0.39522037141986,0.2971769884023532,0.3182945149499735,0.2916843630725403,0.31224995212838147,0.2800636443408028,0.26656266082805935,0.2977790755358054,0.29291746941056396,0.3062456249379394,0.2844087954807383,0.30294214355007876,0.29508537419144587,0.27629921429321025,0.3117764344288676,0.30103550386147204,0.2865861980887505,0.27643018304490496,0.30900316472039024,0.2821183071730743,0.3416816621348271,0.3872415098045858,0.26352548584524016,0.30222741205821757,0.0,0.3075057473281654,0.30587580188689445,0.2746104692930976,0.28541134317784067,0.3162581954428244,0.22577304153543287,0.31274882656453185,0.2669292357273131,0.30400657558267985,0.31209259598831673,0.2864353835597925,0.2955114897052321,0.31721654987116,0.3054705531239231,0.30644364752174413,0.277749001073762,0.34684599944253636
0.3217245473739465,1.0,0.2323988843649032,0.27142855837725943,0.4048440468334277,0.4813907263883087,0.34646155888178576,0.27751082622475853,0.3009246705642359,0.28353921800748927,0.42686173464826904,0.2872645984880826,0.4154601542022113,0.2657082421686401,0.2611505206271857,0.34722176623623957,0.4569769826122678,0.4128697200160847,0.37095917153029956,0.34918822498960256,0.3977013213193935,0.35472787807694317,0.41704485755966403,0.5437280166740768,0.5337362958576316,0.44606842677532577,0.41419292280384545,0.2729068824988805,0.3071717491841247,0.2976325947431493,0.2588065875630363,0.4037130797044737,0.0,0.39810081132514197,0.5588919947855906,0.2570959054317786,0.32927320328789944,0.4247959804300371,0.1904655356339955,0.41530572518269393,0.26031897635386636,0.46768656444054735,0.4168757751275427,0.28404217686529276,0.28257330376552003,0.2833095864634354,0.4762778067396102,0.47725974827470685,0.2793711950661826,0.3021879139348269
0.263527550890451,0.2323988843649032,1.0,0.20607297615644193,0.20814945482248814,0.20085841250078584,0.21955274829016824,0.2128015933745966,0.24565532035350524,0.21295014876263052,0.2260210941084656,0.2076730216502729,0.22085154942273744,0.20703902513006933,0.20216093806336033,0.22076600873826113,0.2085826840014532,0.2199611802688609,0.20016330464042476,0.2212889447450893,0.21513237748113623,0.1961958541367268,0.22300333289777585,0.21193480205977722,0.2079685951731558,0.19934711355133572,0.22348956165112877,0.20900397332700726,0.2548874561995257,0.25330886614282766,0.19725406411301172,0.21524056439213235,0.0,0.21773322506085813,0.2128911416117374,0.20488554084874977,0.20812049261492893,0.22356068507966753,0.15029527838073886,0.22811957699060026,0.20081164747704738,0.21789617527979455,0.23109548451493067,0.21712380793327013,0.21206279807062045,0.2356149528887318,0.22802106086346952,0.22820957616927795,0.2145297449319553,0.25399596505162503
0.28337417705474555,0.27142855837725943,0.20607297615644193,1.0,0.2664090230104761,0.23367531326448865,0.25522536179024446,0.4885500070836576,0.2776677481951868,0.5176027236346088,0.2582227809751598,0.5006041943005268,0.26601705707068235,0.5441946567488916,0.550920470446975,0.2554108379058412,0.25788096927257276,0.25780759328460867,0.2351362157343152,0.2544346836710104,0.25220508802409913,0.227594748532162,0.26739127547320285,0.25211926415944663,0.25699238049867834,0.24749363946555725,0.2588065096290312,0.5159027124508543,0.3058415480097938,0.272284547940437,0.5058903777456851,0.27084494607057374,0.0,0.2489539668859051,0.24703670118032106,0.40633953043132964,0.24262530239867475,0.25609805908951666,0.34148214097549157,0.2552186900214527,0.5250543955394567,0.2531586736962155,0.25591342768455216,0.5206831567024971,0.5124424217916478,0.2928603860785164,0.2555519515624025,0.2571850371963533,0.45094200288757713,0.3074023098891884
0.29659949052945533,0.4048440468334277,0.20814945482248814,0.2664090230104761,1.0,0.37506160713686576,0.3339703965978579,0.2698115009304921,0.30110881450425475,0.2807650927878288,0.5273153885872266,0.25128234455046594,0.47576528770031,0.2550112424915786,0.2683707895749452,0.352190341052822,0.43618542556792983,0.42286488073928075,0.39253721926381213,0.33494217234634716,0.4315419345162411,0.3720838862212249,0.4375616141410912,0.4372214934123333,0.4208601932645909,0.4264141045496648,0.44261695018299374,0.24689647559349293,0.29259987899790363,0.2941876382146854,0.2551953799861788,0.4606329090343154,0.0,0.42870944105020026,0.4062984716608523,0.23977270401757755,0.3306451482832199,0.4548673134776805,0.21453222772012748,0.44959426872368535,0.26051326961446675,0.41088867164435183,0.4607462587499438,0.25864253031242257,0.2642431421493473,0.2629816173523629,0.4258367666296716,0.4252712283229301,0.2549974035235223,0.29187669929743676
0.28083297706411137,0.4813907263883087,0.20085841250078584,0.23367531326448865,0.37506160713686576,1.0,0.33456564368165875,0.2489939485408621,0.268886228034002,0.2418292550822957,0.37957312943971355,0.23929423958471396,0.36933256073028853,0.2336912803961193,0.228152703577168,0.3437185429381855,0.4157415201666028,0.3751463477248669,0.35359229654853197,0.32177219612907004,0.3515161247966506,0.4609810275296806,0.3688170599875502,0.4716333004678478,0.4825343999413201,0.4225260398491274,0.356579788087411,0.23608508757673097,0.27466145071999437,0.26092063694678247,0.22079070289145508,0.3648046917944382,0.0,0.3641181543749752,0.4917350096588311,0.23942378730612268,0.30829657034027347,0.375582425282883,0.181287071210685,0.3645495234631144,0.22502302325575152,0.4173109589817374,0.3673266483254465,0.24244960764676304,0.24330216975835106,0.24486161979892318,0.42280031527847317,0.42332697998638535,0.23565396852707032,0.27918437319374556
0.30178009622172763,0.34646155888178576,0.21955274829016824,0.25522536179024446,0.3339703965978579,0.33456564368165875,1.0,0.2571999041400006,0.30055888146174725,0.26001743378164044,0.3559744270054076,0.24965974324563567,0.34885079350196313,0.2538201578751421,0.24429887131204608,0.7732677507754513,0.3291778813037852,0.3799530373648955,0.3412116687375132,0.8719596943843665,0.37873014840434394,0.33769848274319514,0.38397532482633656,0.33893668045721703,0.3313727146773202,0.32123513582055374,0.3495669619774163,0.2513099523693503,0.2854496771787245,0.29379741483094834,0.24076764581724908,0.33740925903404484,0.0,0.35062451606112544,0.35394323502429914,0.2639302043029773,0.7972244327946357,0.33812981668980713,0.19091646571080345,0.34836879041541213,0.2400999826112694,0.347455193837794,0.3507595056869409,0.259311184352051,0.2561908980376013,0.26944451160274374,0.3455794112052193,0.34643931975315234,0.25296970645893224,0.29312522379636863
0.28929444936036686,0.27751082622475853,0.2128015933745966,0.4885500070836576,0.2698115009304921,0.2489939485408621,0.2571999041400006,1.0,0.27850032729137864,0.49505978108276094,0.2604753241502753,0.47850264296034173,0.27316816376372954,0.4851968201698441,0.4758015501855929,0.26018023805276924,0.2589618007491098,0.26481199543368295,0.23998276682828446,0.25753045953313936,0.25554854328989285,0.23378939965739776,0.2710541339457955,0.26304026549138126,0.26128424297057706,0.25167583157461026,0.262962068915096,0.6847590932733795,0.31726602119055825,0.27707069586985,0.4774910928554089,0.2713153142424276,0.0,0.26171259353071386,0.25739849007532445,0.39234599524737157,0.24429259947821047,0.2799172344811902,0.31922713130051195,0.264702793136821,0.4818795941855353,0.26241435474290187,0.26649538350035384,0.7031863926124384,0.6715297256559434,0.2950132747217885,0.25887127448071723,0.260597506655027,0.43927642132570055,0.3096009113975833
0.39522037141986,0.3009246705642359,0.24565532035350524,0.2776677481951868,0.30110881450425475,0.268886228034002,0.30055888146174725,0.27850032729137864,1.0,0.2914021672400978,0.3089617924654702,0.26504228069323743,0.30896403520959614,0.27661921271381795,0.2706336053799341,0.3054127840310421,0.28876226649115233,0.29990863411201385,0.27098928356380547,0.30317292914747473,0.2919057140532022,0.2640909426148502,0.30864014519449967,0.29385529555229395,0.2848599802805635,0.2782495999526836,0.306916379411061,0.2648301948548699,0.3316167567943069,0.4087498438210815,0.2666674060162164,0.29534341646651596,0.0,0.29567701816246605,0.2969751203238157,0.27189154817567496,0.2879526859039466,0.30006560194908705,0.20422698086802749,0.3082316876552439,0.2683108891149236,0.298978454590652,0.3125920464046654,0.27182082704521005,0.26792717626757745,0.31163139432187326,0.2994558412551649,0.3009552804192863,0.2693204294385373,0.3380209911723867
0.2971769884023532,0.28353921800748927,0.21295014876263052,0.5176027236346088,0.2807650927878288,0.2418292550822957,0.26001743378164044,0.49505978108276094,0.2914021672400978,1.0,0.2695481319478973,0.4726081594526468,0.2792138097374758,0.5056327661612021,0.4928349114956364,0.2668581568959104,0.25457963660988825,0.2629141048266008,0.23481415368389913,0.26013495362150696,0.2526233695998199,0.23046981405036648,0.26197927578243474,0.25728938139929247,0.2633290207443534,0.25320800303453594,0.2630832005422109,0.49158164391006265,0.3173158481981091,0.2869390325089122,0.52513526445217,0.26036998989332094,0.0,0.2550465414649872,0.2551070871490567,0.41302918952154566,0.24829973716313536,0.2629234542139042,0.33804187862666935,0.26766190722459204,0.5252960123119007,0.26043511244138073,0.262740738937532,0.5037812650720597,0.5042024400182761,0.2967792875266133,0.26426051771618886,0.26472321677391253,0.4613374860820606,0.30949111011168384
0.3182945149499735,0.42686173464826904,0.2260210941084656,0.2582227809751598,0.5273153885872266,0.37957312943971355,0.3559744270054076,0.2604753241502753,0.3089617924654702,0.2695481319478973,1.0,0.26587348748722317,0.52470103071754,0.2625540573761128,0.259321478370344,0.3551294751584694,0.3991453556245972,0.4804848409849408,0.43419715472814346,0.3586295700388795,0.4740539050686927,0.43039724466237894,0.4944521282442116,0.4324086923675907,0.3904464647790855,0.39639319818646956,0.4992894593725963,0.26011133953973453,0.29970239306733926,0.3040945682681867,0.2491869585315234,0.4552901794375439,0.0,0.4763492381201786,0.4291523321910585,0.26351498173931875,0.33639340107423543,0.47959060613647975,0.19430331971344184,0.5051187753071642,0.2536367217450516,0.4448976447918196,0.504495829855969,0.26697670368809934,0.2660010380179768,0.2778839384955907,0.43945068746603644,0.43897794060111994,0.2649146419059991,0.304497465992695
0.2916843630725403,0.2872645984880826,0.2076730216502729,0.5006041943005268,0.25128234455046594,0.23929423958471396,0.24965974324563567,0.47850264296034173,0.26504228069323743,0.4726081594526468,0.26587348748722317,1.0,0.26295596606812266,0.49597919459560214,0.6021168679555202,0.24922124211405305,0.2501886534660034,0.25373370133152695,0.2360706070783044,0.25042386491363855,0.2504105726781809,0.23395170184785086,0.26259578167259945,0.2568867617085804,0.2496748015524476,0.24662614933970028,0.25724103169880397,0.4815002368824006,0.31863034664789125,0.2697543689014753,0.4472314934828052,0.25514405664392525,0.0,0.2526830287922073,0.2575091324504233,0.3885590451289507,0.2346269869332971,0.2643751267895542,0.3163210135272976,0.25853317735253556,0.46529049215529805,0.25196474062120044,0.2612750096415519,0.49176517167917233,0.48728369470018196,0.2933376754518128,0.257968461110609,0.25944361014786677,0.42929706143982493,0.3025321042994513
0.31224995212838147,0.4154601542022113,0.22085154942273744,0.26601705707068235,0.47576528770031,0.36933256073028853,0.34885079350196313,0.27316816376372954,0.30896403520959614,0.2792138097374758,0.52470103071754,0.26295596606812266,1.0,0.2601678612012428,0.26602504315032427,0.359349038489165,0.3962173222092097,0.49000625670389364,0.49566774167228866,0.3514606416826289,0.5103384709662306,0.4922290960894329,0.5604271403442105,0.4150797288809185,0.38733061693369464,0.38423609111702006,0.532254799530423,0.26007775850236314,0.29996163779472773,0.3089390795761646,0.25798669579872946,0.5031636748075264,0.0,0.5378008585876104,0.4185974825876203,0.25558406950052837,0.3377725919913166,0.5072075544591941,0.19723123759779115,0.5380959733214612,0.2625842068811679,0.4269189144351746,0.5299164163169665,0.26659973029932227,0.26323610916129225,0.27431634781181813,0.4296590137086336,0.42905261693894725,0.2641935180083592,0.30174958095906146
0.2800636443408028,0.2657082421686401,0.20703902513006933,0.5441946567488916,0.2550112424915786,0.2336912803961193,0.2538201578751421,0.4851968201698441,0.27661921271381795,0.5056327661612021,0.2625540573761128,0.49597919459560214,0.2601678612012428,1.0,0.5415470449599694,0.2520939902973284,0.24490245967366409,0.2596953504899697,0.2325696392756873,0.2545959818789728,0.24988957129943845,0.22783736495392615,0.2646162501347846,0.24274650797013275,0.24342610973758205,0.23450967841175263,0.2597841584437405,0.509570659621921,0.307215200646768,0.27163088974890515,0.4928481537252687,0.2565979272232859,0.0,0.24770678158550996,0.24905980723432686,0.40042221286528124,0.2399699401395584,0.2594844328375695,0.32596127217996107,0.2577844460092231,0.5105477489041348,0.2548735294868901,0.2589994433225348,0.5154413905092468,0.504256929027346,0.29569156383052,0.2561059702085562,0.2582640143633127,0.45046991497812405,0.3054874901972968
0.26656266082805935,0.2611505206271857,0.20216093806336033,0.550920470446975,0.2683707895749452,0.228152703577168,0.24429887131204608,0.4758015501855929,0.2706336053799341,0.4928349114956364,0.259321478370344,0.6021168679555202,0.26602504315032427,0.5415470449599694,1.0,0.2501083855564967,0.2606529073238728,0.24993841282432983,0.22347376390143747,0.24503044624810422,0.24351816794124126,0.2163946442998531,0.2595759786471852,0.2505588383137498,0.2525246830491039,0.24323135793086537,0.2524709089877375,0.4789496860080228,0.3022802869378002,0.2649494147691698,0.503669469956588,0.2597511188494456,0.0,0.2440989229377012,0.24722306199704058,0.3948603414489389,0.23502905529899798,0.2526604567833488,0.3253931863313052,0.24911375977495187,0.518702964128175,0.24833264827523438,0.2520901747968981,0.4906321258100128,0.47947460112863827,0.2894958432526955,0.2566694776887344,0.2582531896385155,0.43555236873272296,0.30721214931845153
0.2977790755358054,0.34722176623623957,0.22076600873826113,0.2554108379058412,0.352190341052822,0.3437185429381855,0.7732677507754513,0.26018023805276924,0.3054127840310421,0.2668581568959104,0.3551294751584694,0.24922124211405305,0.359349038489165,0.2520939902973284,0.2501083855564967,1.0,0.334230499568987,0.3685545589793622,0.3344665989129586,0.7791145702100912,0.362041157731819,0.34797126646772836,0.3760264768772398,0.33880470077461844,0.3433846038273656,0.34817522110844257,0.3471645375475214,0.24909074622562777,0.28420344418025356,0.3012787363343179,0.24676983721666879,0.34273659841632254,0.0,0.34488459487697787,0.35144241942700305,0.26101784299222863,0.7452658330206228,0.3393915201014923,0.19157605108342157,0.3466502727512224,0.24612460466645325,0.3462104363456654,0.3476105063548449,0.2551898385130372,0.2545359479118833,0.2670415494498819,0.3435825140902308,0.3433391607067171,0.25219453906472555,0.2913301605103661
0.29291746941056396,0.4569769826122678,0.2085826840014532,0.25788096927257276,0.43618542556792983,0.4157415201666028,0.3291778813037852,0.2589618007491098,0.28876226649115233,0.25457963660988825,0.3991453556245972,0.2501886534660034,0.3962173222092097,0.24490245967366409,0.2606529073238728,0.334230499568987,1.0,0.3789231866180852,0.35368261320607863,0.32836636511971906,0.3765874962151503,0.34582874216555304,0.3934570209626642,0.5194005823960366,0.4941404069055888,0.5150855715893405,0.38061964282123506,0.2423297464092532,0.288498299879149,0.27645497334431735,0.23808780080019465,0.4432253496764714,0.0,0.39136159356494293,0.4634134814502221,0.24456650293808735,0.31771053741239774,0.3783195787578265,0.1864862717245157,0.3854188397830566,0.24256239079466702,0.4372037431055268,0.3937844142577527,0.2528991668672198,0.2614256480820034,0.2577493180556034,0.45980320827337307,0.4600834802843379,0.2427168878899112,0.285489936270928
0.3062456249379394,0.4128697200160847,0.2199611802688609,0.25780759328460867,0.42286488073928075,0.3751463477248669,0.3799530373648955,0.26481199543368295,0.29990863411201385,0.2629141048266008,0.4804848409849408,0.25373370133152695,0.49000625670389364,0.2596953504899697,0.24993841282432983,0.3685545589793622,0.3789231866180852,1.0,0.48108658933838355,0.37900384860282477,0.5088958291887127,0.4485854699703108,0.5234871724130128,0.39926245029305607,0.3747278538464903,0.3703389806210452,0.49922988385457356,0.25921051402054995,0.29651160329800985,0.30162590988397664,0.24619582259753015,0.4553645497973984,0.0,0.4732842191026141,0.4164430281096575,0.2654099626710188,0.3591033793050863,0.4658050658855295,0.19109175303295955,0.49078496355783696,0.24564345254933273,0.42383973444197853,0.4909998356751506,0.2657095544564009,0.26393629311264555,0.27354691097688966,0.42210003985741773,0.4234885139928577,0.2566915295510681,0.30049523831873026
0.2844087954807383,0.37095917153029956,0.20016330464042476,0.2351362157343152,0.39253721926381213,0.35359229654853197,0.3412116687375132,0.23998276682828446,0.27098928356380547,0.23481415368389913,0.43419715472814346,0.2360706070783044,0.49566774167228866,0.2325696392756873,0.22347376390143747,0.3344665989129586,0.35368261320607863,0.48108658933838355,1.0,0.3368940538706958,0.46727771601134016,0.46503762888128497,0.47251951907022816,0.3698061949539585,0.3504631687856671,0.3398067594405637,0.45704946446306416,0.2326045656808562,0.2674675616691059,0.27135932732861034,0.21757932356750354,0.45518088443680704,0.0,0.4358766531452205,0.38907167833092027,0.23970698334025042,0.32128935861158914,0.42934493620982284,0.17577195066181928,0.4507068065591957,0.2219219831653353,0.38210368060456734,0.4509512400727529,0.24263588563158978,0.242027350373067,0.24672150748391386,0.375711159757005,0.37781116357095534,0.23588492836446773,0.27376726378124805
0.30294214355007876,0.34918822498960256,0.2212889447450893,0.2544346836710104,0.33494217234634716,0.32177219612907004,0.8719596943843665,0.25753045953313936,0.30317292914747473,0.26013495362150696,0.3586295700388795,0.25042386491363855,0.3514606416826289,0.2545959818789728,0.24503044624810422,0.7791145702100912,0.32836636511971906,0.37900384860282477,0.3368940538706958,1.0,0.37884165628114475,0.3279589541967818,0.38409272963610674,0.33860540781893533,0.33171793340630296,0.32205673620908626,0.35245910144110437,0.2518248975562354,0.28720970026870773,0.29646179071315903,0.24198198266665016,0.3368357587426307,0.0,0.3505513117961119,0.3544732661205212,0.26211916562129256,0.8004896184299394,0.33913994882840215,0.18585102551141464,0.3508272267766067,0.24155681346598257,0.34951568481992545,0.35183178159482487,0.2593388194594206,0.25571576481131975,0.27185056184122414,0.3477420492254125,0.3486121063128783,0.25411014282011524,0.293398436642029
0.29508537419144587,0.3977013213193935,0.21513237748113623,0.25220508802409913,0.4315419345162411,0.3515161247966506,0.37873014840434394,0.25554854328989285,0.2919057140532022,0.2526233695998199,0.4740539050686927,0.2504105726781809,0.5103384709662306,0.24988957129943845,0.24351816794124126,0.362041157731819,0.3765874962151503,0.5088958291887127,0.46727771601134016,0.37884165628114475,1.0,0.45178870359734935,0.5402085587379625,0.3858426439997651,0.36776171032185223,0.3669034699099245,0.5095781689486385,0.2512946971493477,0.2825953213200607,0.2929785275784301,0.23750360122612968,0.47358794466346266,0.0,0.49818051370045235,0.40574452685693974,0.25586939374691053,0.36055844892038424,0.479808920516389,0.1881928371445163,0.5039884017711107,0.2405672795603263,0.40103848813319964,0.49900787413829284,0.2573337054488696,0.2563213131065074,0.26703459688461917,0.4175765447326608,0.4183382000394278,0.24962246727535742,0.28485240026249536
0.27629921429321025,0.35472787807694317,0.1961958541367268,0.227594748532162,0.3720838862212249,0.4609810275296806,0.33769848274319514,0.23378939965739776,0.2640909426148502,0.23046981405036648,0.43039724466237894,0.23395170184785086,0.4922290960894329,0.22783736495392615,0.2163946442998531,0.34797126646772836,0.34582874216555304,0.4485854699703108,0.46503762888128497,0.3279589541967818,0.45178870359734935,1.0,0.6062398786030068,0.34376563689395057,0.3446568996375057,0.35349946771725105,0.44733933545122095,0.23156051228199803,0.25801485851725525,0.25850334604835956,0.2113913129461653,0.4396841872471162,0.0,0.5362314056236784,0.3634953212122405,0.23563116482384494,0.31136165348963263,0.4329429430312862,0.16925040548273707,0.45263518002289793,0.213605704223085,0.3617617530169738,0.44820986336746993,0.23723589205224282,0.2354426212147277,0.24069117307783183,0.3594309131632287,0.35944030196382726,0.22584959235430835,0.27252079091792847
0.3117764344288676,0.41704485755966403,0.22300333289777585,0.26739127547320285,0.4375616141410912,0.3688170599875502,0.38397532482633656,0.2710541339457955,0.30864014519449967,0.26197927578243474,0.4944521282442116,0.26259578167259945,0.5604271403442105,0.2646162501347846,0.2595759786471852,0.3760264768772398,0.3934570209626642,0.5234871724130128,0.47251951907022816,0.38409272963610674,0.5402085587379625,0.6062398786030068,1.0,0.3991481842561935,0.3834329530000996,0.370369467392888,0.5347371248843856,0.26576352444742424,0.29916465554220295,0.29908084276480496,0.2503890492932569,0.4997559280825189,0.0,0.63761127173911,0.4206554128852287,0.26761048441704816,0.3662825677111753,0.5037362948299666,0.19783537087343206,0.5263098098408667,0.2521316165141596,0.4163416462849797,0.5276276517563085,0.2707952970301315,0.26760161196045285,0.2765264907602327,0.4168213964901333,0.41804722459683463,0.26115970827746493,0.30294088033305877
0.30103550386147204,0.5437280166740768,0.21193480205977722,0.25211926415944663,0.4372214934123333,0.4716333004678478,0.33893668045721703,0.26304026549138126,0.29385529555229395,0.25728938139929247,0.4324086923675907,0.2568867617085804,0.4150797288809185,0.24274650797013275,0.2505588383137498,0.33880470077461844,0.5194005823960366,0.39926245029305607,0.3698061949539585,0.33860540781893533,0.3858426439997651,0.34376563689395057,0.3991481842561935,1.0,0.5493848054812003,0.5034070601066118,0.40002362672752523,0.24448424771958732,0.2956474222248142,0.2858385542867652,0.23847170815590468,0.41160311496825175,0.0,0.3976316798175076,0.5567035879928263,0.24658859137068478,0.3240659082388181,0.3851239756198246,0.18683610106988024,0.3960883804750921,0.24295191181902276,0.4610943214370713,0.40256157962050976,0.25391962334723095,0.2609946316673223,0.2627568476237614,0.46166084918875006,0.458944204477967,0.24659862644926378,0.2889552883919865
0.2865861980887505,0.5337362958576316,0.2079685951731558,0.25699238049867834,0.4208601932645909,0.4825343999413201,0.3313727146773202,0.26128424297057706,0.2848599802805635,0.2633290207443534,0.3904464647790855,0.2496748015524476,0.38733061693369464,0.24342610973758205,0.2525246830491039,0.3433846038273656,0.4941404069055888,0.3747278538464903,0.3504631687856671,0.33171793340630296,0.36776171032185223,0.3446568996375057,0.3834329530000996,0.5493848054812003,1.0,0.5005784076800812,0.3770249694732708,0.24099292152489749,0.27871790727513224,0.2733634372180652,0.24137786700715713,0.42083478704584565,0.0,0.37688797481098624,0.5429433722135302,0.23738798826484153,0.3228017678970323,0.38320385133915535,0.1846548851017178,0.3787516184208659,0.2437900247523831,0.4395064811993237,0.3856020437114128,0.2612180190431731,0.25852025195611017,0.2612485092924526,0.44597862215388806,0.4464007656189227,0.24949228758778652,0.27677505056117024
0.27643018304490496,0.44606842677532577,0.19934711355133572,0.24749363946555725,0.4264141045496648,0.4225260398491274,0.32123513582055374,0.25167583157461026,0.2782495999526836,0.25320800303453594,0.39639319818646956,0.24662614933970028,0.38423609111702006,0.23450967841175263,0.24323135793086537,0.34817522110844257,0.5150855715893405,0.3703389806210452,0.3398067594405637,0.32205673620908626,0.3669034699099245,0.35349946771725105,0.370369467392888,0.5034070601066118,0.5005784076800812,1.0,0.369942706974866,0.2360553684413873,0.2778346580251527,0.27318981326160374,0.23470289606581818,0.4029608259542149,0.0,0.3555129539222832,0.45881614816171923,0.23198293131391878,0.31635966324725573,0.3738022797273973,0.18518813898167363,0.378955064020701,0.2360337999227612,0.42730902579422814,0.374510017084417,0.25203567251024617,0.2506046493554729,0.2489406904799717,0.43613301276955607,0.4324243652873455,0.24034322006506326,0.2717177375365656
0.30900316472039024,0.41419292280384545,0.22348956165112877,0.2588065096290312,0.44261695018299374,0.356579788087411,0.3495669619774163,0.262962068915096,0.306916379411061,0.2630832005422109,0.4992894593725963,0.25724103169880397,0.532254799530423,0.2597841584437405,0.2524709089877375,0.3471645375475214,0.38061964282123506,0.49922988385457356,0.45704946446306416,0.35245910144110437,0.5095781689486385,0.44733933545122095,0.5347371248843856,0.40002362672752523,0.3770249694732708,0.369942706974866,1.0,0.2565549103889352,0.30180912498697143,0.3021573899039307,0.24777464275273797,0.4899709642113681,0.0,0.495476166963567,0.4135860049632697,0.2570706221162591,0.33342788225461784,0.5939026927721731,0.18326445964846183,0.5391842514861432,0.2512155934763234,0.4193366819986247,0.625445377436691,0.2653340748918954,0.2600206919855248,0.28057610131114663,0.4175941150071508,0.41838304042877394,0.25857743801040556,0.300267211489909
0.2821183071730743,0.2729068824988805,0.20900397332700726,0.5159027124508543,0.24689647559349293,0.23608508757673097,0.2513099523693503,0.6847590932733795,0.2648301948548699,0.49158164391006265,0.26011133953973453,0.4815002368824006,0.26007775850236314,0.509570659621921,0.4789496860080228,0.24909074622562777,0.2423297464092532,0.25921051402054995,0.2326045656808562,0.2518248975562354,0.2512946971493477,0.23156051228199803,0.26576352444742424,0.24448424771958732,0.24099292152489749,0.2360553684413873,0.2565549103889352,1.0,0.31129413999315947,0.26636529604863646,0.4675530841405664,0.2603189197936857,0.0,0.2521916554148036,0.24964304107206747,0.38910953948595794,0.23652736924473416,0.26699159591913246,0.311533272657756,0.25602754526484506,0.48095008274645845,0.2520889653098969,0.25643104004503936,0.7923107083420914,0.7553799874720831,0.2902155990782217,0.255512548471471,0.25660292293514775,0.44910045911037433,0.29992480263463417
0.3416816621348271,0.3071717491841247,0.2548874561995257,0.3058415480097938,0.29259987899790363,0.27466145071999437,0.2854496771787245,0.31726602119055825,0.3316167567943069,0.3173158481981091,0.29970239306733926,0.31863034664789125,0.29996163779472773,0.307215200646768,0.3022802869378002,0.28420344418025356,0.288498299879149,0.29651160329800985,0.2674675616691059,0.28720970026870773,0.2825953213200607,0.25801485851725525,0.29916465554220295,0.2956474222248142,0.27871790727513224,0.2778346580251527,0.30180912498697143,0.31129413999315947,1.0,0.33132681415325094,0.29260540160905923,0.28797249630886645,0.0,0.2884863197686608,0.29060136845308426,0.2966649641034834,0.2714880751211943,0.29656563109725853,0.21770034375637548,0.2966774557097599,0.293828648159587,0.2912379077645906,0.29762491704456917,0.31551279218342543,0.31484191859945454,0.39533143941024107,0.2933076657070365,0.29308370531990435,0.30427034033166367,0.6124635910111316
0.3872415098045858,0.2976325947431493,0.25330886614282766,0.272284547940437,0.2941876382146854,0.26092063694678247,0.29379741483094834,0.27707069586985,0.4087498438210815,0.2869390325089122,0.3040945682681867,0.2697543689014753,0.3089390795761646,0.27163088974890515,0.2649494147691698,0.3012787363343179,0.27645497334431735,0.30162590988397664,0.27135932732861034,0.29646179071315903,0.2929785275784301,0.25850334604835956,0.29908084276480496,0.2858385542867652,0.2733634372180652,0.27318981326160374,0.3021573899039307,0.26636529604863646,0.33132681415325094,1.0,0.26089826765246626,0.28746616453341733,0.0,0.28723327477651706,0.29043247104883807,0.26507897249699774,0.2836272067821701,0.29606259629637155,0.20182397485638415,0.3116265546347343,0.26460501166113404,0.2909020595551117,0.3045288341788063,0.27410602346285273,0.2701915988251712,0.321614830254386,0.3003941701456182,0.300844021913217,0.27069076785845236,0.3381636305966964
0.26352548584524016,0.2588065875630363,0.19725406411301172,0.5058903777456851,0.2551953799861788,0.22079070289145508,0.24076764581724908,0.4774910928554089,0.2666674060162164,0.52513526445217,0.2491869585315234,0.4472314934828052,0.25798669579872946,0.4928481537252687,0.503669469956588,0.24676983721666879,0.23808780080019465,0.24619582259753015,0.21757932356750354,0.24198198266665016,0.23750360122612968,0.2113913129461653,0.2503890492932569,0.23847170815590468,0.24137786700715713,0.23470289606581818,0.24777464275273797,0.4675530841405664,0.29260540160905923,0.26089826765246626,1.0,0.24793892883880853,0.0,0.2398562048728473,0.23641643858733963,0.3927192178294904,0.23213372701652124,0.24743372295633215,0.31284475933009126,0.24626549005832932,0.6677591717256961,0.24376495422007116,0.24400663104041165,0.48191245291515317,0.47105112590599196,0.2790472891114597,0.24117103909880877,0.24210143424441366,0.4280830674363373,0.28701942177088013
0.30222741205821757,0.4037130797044737,0.21524056439213235,0.27084494607057374,0.4606329090343154,0.3648046917944382,0.33740925903404484,0.2713153142424276,0.29534341646651596,0.26036998989332094,0.4552901794375439,0.25514405664392525,0.5031636748075264,0.2565979272232859,0.2597511188494456,0.34273659841632254,0.4432253496764714,0.4553645497973984,0.45518088443680704,0.3368357587426307,0.47358794466346266,0.4396841872471162,0.4997559280825189,0.41160311496825175,0.42083478704584565,0.4029608259542149,0.4899709642113681,0.2603189197936857,0.28797249630886645,0.28746616453341733,0.24793892883880853,1.0,0.0,0.47231373855698044,0.3993937722884855,0.24902213121760974,0.3329417158436355,0.48731951205745705,0.19095614270553174,0.49193274068773984,0.2486420972440717,0.4047864324453666,0.5034136762326687,0.2659821025418766,0.26788926786833345,0.26316347128269,0.41230921354159933,0.41371867503215654,0.24845230234179516,0.2856703168848719
0.0,0.0,0.0,0.0,0.0,0.0,0.0,0.0,0.0,0.0,0.0,0.0,0.0,0.0,0.0,0.0,0.0,0.0,0.0,0.0,0.0,0.0,0.0,0.0,0.0,0.0,0.0,0.0,0.0,0.0,0.0,0.0,1.0,0.0,0.0,0.0,0.0,0.0,0.0,0.0,0.0,0.0,0.0,0.0,0.0,0.0,0.0,0.0,0.0,0.0
0.3075057473281654,0.39810081132514197,0.21773322506085813,0.2489539668859051,0.42870944105020026,0.3641181543749752,0.35062451606112544,0.26171259353071386,0.29567701816246605,0.2550465414649872,0.4763492381201786,0.2526830287922073,0.5378008585876104,0.24770678158550996,0.2440989229377012,0.34488459487697787,0.39136159356494293,0.4732842191026141,0.4358766531452205,0.3505513117961119,0.49818051370045235,0.5362314056236784,0.63761127173911,0.3976316798175076,0.37688797481098624,0.3555129539222832,0.495476166963567,0.2521916554148036,0.2884863197686608,0.28723327477651706,0.2398562048728473,0.47231373855698044,0.0,1.0,0.4116281005675261,0.26293057751091187,0.3313613961545009,0.477807132491574,0.19829736491867112,0.4979065116302952,0.2410400681360798,0.4026301463078613,0.5031567406380318,0.25706452040791816,0.2602836335953428,0.2626103868430706,0.4048347288700781,0.40600530600433515,0.2517731135623841,0.2944566560175639
0.30587580188689445,0.5588919947855906,0.2128911416117374,0.24703670118032106,0.4062984716608523,0.4917350096588311,0.35394323502429914,0.25739849007532445,0.2969751203238157,0.2551070871490567,0.4291523321910585,0.2575091324504233,0.4185974825876203,0.24905980723432686,0.24722306199704058,0.35144241942700305,0.4634134814502221,0.4164430281096575,0.38907167833092027,0.3544732661205212,0.40574452685693974,0.3634953212122405,0.4206554128852287,0.5567035879928263,0.5429433722135302,0.45881614816171923,0.4135860049632697,0.24964304107206747,0.29060136845308426,0.29043247104883807,0.23641643858733963,0.3993937722884855,0.0,0.4116281005675261,1.0,0.24667222372894948,0.3341471959092901,0.40524429370323845,0.18533359107622172,0.4185986169294359,0.23939367856097937,0.4796182129116814,0.42064324919620566,0.25606880836696266,0.25606325054317425,0.26779262737973064,0.47144063177271245,0.47127710654733435,0.24991387280988153,0.2893727119660512
0.2746104692930976,0.2570959054317786,0.20488554084874977,0.40633953043132964,0.23977270401757755,0.23942378730612268,0.2639302043029773,0.39234599524737157,0.27189154817567496,0.41302918952154566,0.26351498173931875,0.3885590451289507,0.25558406950052837,0.40042221286528124,0.3948603414489389,0.26101784299222863,0.24456650293808735,0.2654099626710188,0.23970698334025042,0.26211916562129256,0.25586939374691053,0.23563116482384494,0.26761048441704816,0.24658859137068478,0.23738798826484153,0.23198293131391878,0.2570706221162591,0.38910953948595794,0.2966649641034834,0.26507897249699774,0.3927192178294904,0.24902213121760974,0.0,0.26293057751091187,0.24667222372894948,1.0,0.2505891114427111,0.25173221265837376,0.3107455971801786,0.25913672102205987,0.39267461392681824,0.25013771328594836,0.25600144694025095,0.4002040680613832,0.39878093371542667,0.27889782309628475,0.25134869039789354,0.25230086129236207,0.39087093068155254,0.3023263424781729
0.28541134317784067,0.32927320328789944,0.20812049261492893,0.24262530239867475,0.3306451482832199,0.30829657034027347,0.7972244327946357,0.24429259947821047,0.2879526859039466,0.24829973716313536,0.33639340107423543,0.2346269869332971,0.3377725919913166,0.2399699401395584,0.23502905529899798,0.7452658330206228,0.31771053741239774,0.3591033793050863,0.32128935861158914,0.8004896184299394,0.36055844892038424,0.31136165348963263,0.3662825677111753,0.3240659082388181,0.3228017678970323,0.31635966324725573,0.33342788225461784,0.23652736924473416,0.2714880751211943,0.2836272067821701,0.23213372701652124,0.3329417158436355,0.0,0.3313613961545009,0.3341471959092901,0.2505891114427111,1.0,0.32368984098643283,0.18240798653357748,0.32794923562978295,0.2300017147623572,0.33138768492253234,0.33784323371628744,0.2431476548342708,0.2397665655968776,0.25518841586948315,0.32855116518458916,0.3287063088547153,0.23796164867907854,0.2790693322551332
0.3162581954428244,0.4247959804300371,0.22356068507966753,0.25609805908951666,0.4548673134776805,0.375582425282883,0.33812981668980713,0.2799172344811902,0.30006560194908705,0.2629234542139042,0.47959060613647975,0.2643751267895542,0.5072075544591941,0.2594844328375695,0.2526604567833488,0.3393915201014923,0.3783195787578265,0.4658050658855295,0.42934493620982284,0.33913994882840215,0.479808920516389,0.4329429430312862,0.5037362948299666,0.3851239756198246,0.38320385133915535,0.3738022797273973,0.5939026927721731,0.26699159591913246,0.29656563109725853,0.29606259629637155,0.24743372295633215,0.48731951205745705,0.0,0.477807132491574,0.40524429370323845,0.25173221265837376,0.32368984098643283,1.0,0.19623818701480933,0.5141017298878825,0.2493865403735146,0.41364443317005006,0.6354876494094108,0.2741501955361546,0.26647376814192825,0.27607647197992635,0.42638614239035555,0.42684314352238273,0.2664134534001409,0.3018487255939156
0.22577304153543287,0.1904655356339955,0.15029527838073886,0.34148214097549157,0.21453222772012748,0.181287071210685,0.19091646571080345,0.31922713130051195,0.20422698086802749,0.33804187862666935,0.19430331971344184,0.3163210135272976,0.19723123759779115,0.32596127217996107,0.3253931863313052,0.19157605108342157,0.1864862717245157,0.19109175303295955,0.17577195066181928,0.18585102551141464,0.1881928371445163,0.16925040548273707,0.19783537087343206,0.18683610106988024,0.1846548851017178,0.18518813898167363,0.18326445964846183,0.311533272657756,0.21770034375637548,0.20182397485638415,0.31284475933009126,0.19095614270553174,0.0,0.19829736491867112,0.18533359107622172,0.3107455971801786,0.18240798653357748,0.19623818701480933,1.0,0.1873138914566589,0.3179117840616156,0.18902997450260528,0.18981997038822318,0.3192637526486525,0.3210843693615776,0.2072380838849982,0.1873132500270186,0.18752677892031844,0.30754312502482295,0.2310039769152603
0.31274882656453185,0.41530572518269393,0.22811957699060026,0.2552186900214527,0.44959426872368535,0.3645495234631144,0.34836879041541213,0.264702793136821,0.3082316876552439,0.26766190722459204,0.5051187753071642,0.25853317735253556,0.5380959733214612,0.2577844460092231,0.24911375977495187,0.3466502727512224,0.3854188397830566,0.49078496355783696,0.4507068065591957,0.3508272267766067,0.5039884017711107,0.45263518002289793,0.5263098098408667,0.3960883804750921,0.3787516184208659,0.378955064020701,0.5391842514861432,0.25602754526484506,0.2966774557097599,0.3116265546347343,0.24626549005832932,0.49193274068773984,0.0,0.4979065116302952,0.4185986169294359,0.25913672102205987,0.32794923562978295,0.5141017298878825,0.1873138914566589,1.0,0.2474951306555433,0.41983473039798047,0.5371101338748931,0.26259919514332575,0.2659243046234461,0.28057795683849673,0.4387655713646712,0.43924560397747947,0.25986189809679905,0.30423624783769687
