../ecoli_genomes/GCF_000163235.1_ASM16323v1_genomic.fna.gz,../ecoli_genomes/GCF_000164555.1_ASM16455v1_genomic.fna.gz,../ecoli_genomes/GCF_000208545.1_ASM20854v2_genomic.fna.gz,../ecoli_genomes/GCF_000233875.1_ASM23387v1_genomic.fna.gz,../ecoli_genomes/GCF_000249735.1_ASM24973v2_genomic.fna.gz,../ecoli_genomes/GCF_000261145.1_Esch_coli_M919_V2_genomic.fna.gz,../ecoli_genomes/GCF_000267705.2_ASM26770v2_genomic.fna.gz,../ecoli_genomes/GCF_000350665.1_Esch_coli_KTE5_V1_genomic.fna.gz,../ecoli_genomes/GCF_000351625.1_Esch_coli_KTE66_V1_genomic.fna.gz,../ecoli_genomes/GCF_000352285.1_Esch_coli_KTE46_V1_genomic.fna.gz,../ecoli_genomes/GCF_000358895.1_ASM35889v1_genomic.fna.gz,../ecoli_genomes/GCF_000456385.1_Esch_coli_HVH_26_4-5703913_V1_genomic.fna.gz,../ecoli_genomes/GCF_000458195.1_Esch_coli_HVH_147_4-5893887_V1_genomic.fna.gz,../ecoli_genomes/GCF_000459755.1_Esch_coli_KOEGE_58_171a_V1_genomic.fna.gz,../ecoli_genomes/GCF_000460055.1_Esch_coli_UMEA_3053-1_V1_genomic.fna.gz,../ecoli_genomes/GCF_000462165.2_ASM46216v2_genomic.fna.gz,../ecoli_genomes/GCF_000601135.1_ASM60113v1_genomic.fna.gz,../ecoli_genomes/GCF_000614595.1_Ec2010EL1058_genomic.fna.gz,../ecoli_genomes/GCF_000617745.1_Ec2010C-4529_genomic.fna.gz,../ecoli_genomes/GCF_000618265.2_EcF6751_genomic.fna.gz,../ecoli_genomes/GCF_000619005.2_Ec2009C-4052_genomic.fna.gz,../ecoli_genomes/GCF_000619105.1_Ec2009C-4780_genomic.fna.gz,../ecoli_genomes/GCF_000619765.2_Ec2009C-3279_genomic.fna.gz,../ecoli_genomes/GCF_000687005.1_ASM68700v1_genomic.fna.gz,../ecoli_genomes/GCF_000687025.1_ASM68702v1_genomic.fna.gz,../ecoli_genomes/GCF_000700125.1_ASM70012v1_genomic.fna.gz,../ecoli_genomes/GCF_000753315.1_FHI35_genomic.fna.gz,../ecoli_genomes/GCF_000776375.1_ASM77637v1_genomic.fna.gz,../ecoli_genomes/GCF_000779395.1_ASM77939v1_genomic.fna.gz,../ecoli_genomes/GCF_000780315.1_ASM78031v1_genomic.fna.gz,../ecoli_genomes/GCF_000781995.1_ASM78199v1_genomic.fna.gz,../ecoli_genomes/GCF_000986765.1_ASM98676v1_genomic.fna.gz,../ecoli_genomes/GCF_001041375.1_ViralProj287958_genomic.fna.gz,../ecoli_genomes/GCF_001265335.1_302014_genomic.fna.gz,../ecoli_genomes/GCF_001265625.1_100854_genomic.fna.gz,../ecoli_genomes/GCF_001267345.1_303289_genomic.fna.gz,../ecoli_genomes/GCF_001309985.1_ASM130998v1_genomic.fna.gz,../ecoli_genomes/GCF_001521695.1_ASM152169v1_genomic.fna.gz,../ecoli_genomes/GCF_001592595.1_ASM159259v1_genomic.fna.gz,../ecoli_genomes/GCF_001614975.1_ASM161497v1_genomic.fna.gz,../ecoli_genomes/GCF_001692775.1_ASM169277v1_genomic.fna.gz,../ecoli_genomes/GCF_001748915.1_ASM174891v1_genomic.fna.gz,../ecoli_genomes/GCF_001749235.1_ASM174923v1_genomic.fna.gz,../ecoli_genomes/GCF_001881155.1_ASM188115v1_genomic.fna.gz,../ecoli_genomes/GCF_001881345.1_ASM188134v1_genomic.fna.gz,../ecoli_genomes/GCF_001892405.1_ASM189240v1_genomic.fna.gz,../ecoli_genomes/GCF_001892585.1_ASM189258v1_genomic.fna.gz,../ecoli_genomes/GCF_001893985.1_ASM189398v1_genomic.fna.gz,../ecoli_genomes/GCF_002001595.1_ASM200159v1_genomic.fna.gz,../ecoli_genomes/GCF_002002145.1_ASM200214v1_genomic.fna.gz
1.0,0.37080816356369684,0.3118376920125757,0.33998152027317885,0.3254336276525943,0.35215998874786614,0.34844061002591853,0.3373452681259863,0.4284590567798078,0.3409042721791967,0.3714053698895943,0.3482013042125558,0.3671718501968405,0.3256652971131475,0.3186021461219014,0.3525166057106298,0.30808279330800037,0.3570786750591268,0.327725516949371,0.3511441197985046,0.3422665966967253,0.3418943558030286,0.3654027418143121,0.3193435411454283,0.33389322132412125,0.330589549696343,0.3528107811147647,0.3253996030754295,0.3843024745241622,0.43613535351093924,0.3049649928414081,0.3538919318174225,0.0,0.3598740820377575,0.3598195211240528,0.3093902881868116,0.339558770024896,0.3579735555475896,0.28417468692411396,0.36355532709295046,0.314682643733575,0.3530104246586322,0.3597551149451558,0.3343879502338646,0.3448304470174113,0.3639183181856237,0.35473056471659214,0.35608353791504743,0.3199553141553376,0.39284965159490803
0.37080816356369684,1.0,0.2921899710706827,0.325761235796599,0.39448131908091877,0.5432321600937486,0.39180613522373586,0.32946171802811375,0.34348534617269866,0.3401249987495025,0.47220349258031813,0.3399672104671987,0.4535156327024361,0.3221869464293362,0.318939700706263,0.38718398174211843,0.3843107517449589,0.4553637415178877,0.40723889700814486,0.39597276153412597,0.4370121303614185,0.4224911762964021,0.45743463819567387,0.44390759299635196,0.48218055128952897,0.46162532967621994,0.4492803784759243,0.3265339538597354,0.359831369165994,0.3562619130282808,0.30893603846890494,0.4263974331008603,0.0,0.43721440892375174,0.5723967726102536,0.2998485085942836,0.37365919525915625,0.4561193277236225,0.2811870052376232,0.4605135075074751,0.31423792425524255,0.4955193254791592,0.4589124917936013,0.33701127719747037,0.33386075585985364,0.33548762736432103,0.5083130158327168,0.5096607996574068,0.34248931857928044,0.35463149699671515
0.3118376920125757,0.2921899710706827,1.0,0.25784695235839017,0.24158800929736968,0.26762679570167436,0.2718244035228178,0.2646806916074951,0.2971418433321241,0.267905112965093,0.2954860450114356,0.25893862179251304,0.28498639097945744,0.2608434386067191,0.25520083821993444,0.2711011267397986,0.20882282483072945,0.28071226491517265,0.2542982949229663,0.2757377056689476,0.2763308284783986,0.2677092797737777,0.28828887281763116,0.2199044428634256,0.23680805363216273,0.24850050542699986,0.2829547733380816,0.2640248099263631,0.2979875843015365,0.3082060576122775,0.2467367336580496,0.25970574519231127,0.0,0.2778481407903809,0.2732806546183343,0.2512040407794952,0.25967822703021015,0.2770659070010164,0.22624317181878195,0.2909647199260559,0.25686081547349016,0.27804231235768373,0.2913955794939006,0.2707773923561093,0.2602872808341098,0.286853703983581,0.28617187168891034,0.2861796541559253,0.27328138146067416,0.30702205337937827
0.33998152027317885,0.325761235796599,0.25784695235839017,1.0,0.3238795068446588,0.31589924775716427,0.299843556948009,0.53783727280511,0.34548709919069576,0.5600749965497855,0.3232211162062334,0.5492353206218278,0.3354324779732901,0.577446278464613,0.5991702910958413,0.32373139061186706,0.26663812523127706,0.31077976731550705,0.28805704875479443,0.30268806413244087,0.30018920786048964,0.29232836450272603,0.32493087644037477,0.2772518881707099,0.30051885893962227,0.3040902459578825,0.3076506743973293,0.5493568175213677,0.3511231920564285,0.3328185974109368,0.5291183076860255,0.33073797733557697,0.0,0.30543687366300254,0.31144176005859125,0.4253523888275621,0.2988655768075946,0.3082108946850658,0.4136726746689273,0.3130487466737836,0.5572065641200172,0.3123397574777709,0.3147865185356725,0.549307747677557,0.5435622673697873,0.3400263086079931,0.3087994509055574,0.31227080159952914,0.48516835362327415,0.36262819550291836
0.3254336276525943,0.39448131908091877,0.24158800929736968,0.3238795068446588,1.0,0.40930263449719195,0.33019705373083597,0.3145736269873093,0.3378774672506488,0.324618412731394,0.4857640285707464,0.2968753689697823,0.48396489429760026,0.2961528801159917,0.3190237975040836,0.3735073146381189,0.4113072450114259,0.4055023742130953,0.37731748340438875,0.33353554522074613,0.41053017188119567,0.38716859763370226,0.4181487359783328,0.4395668671068722,0.43113954365264673,0.44260631345160895,0.41813441060226786,0.27560315388546597,0.32384561457783256,0.3283850778579308,0.2944316251360055,0.470709302637874,0.0,0.41627241807339754,0.4045028513804456,0.2643135171978239,0.3399991179381314,0.45627076674593503,0.2798614295907914,0.4325005519557331,0.3166493493629595,0.4004539472180104,0.436721310017135,0.28584099958139886,0.29208869315218133,0.295801587427692,0.4178199043293006,0.41877334053597204,0.281654615243488,0.30958353707424113
0.35215998874786614,0.5432321600937486,0.26762679570167436,0.31589924775716427,0.40930263449719195,1.0,0.39186745725919314,0.3239340553979625,0.3396835810118307,0.31504332429730997,0.4472148170166689,0.3113195574628663,0.43907032544390523,0.3091968577885349,0.30623727591176897,0.3842402047810336,0.40144431041290973,0.4392027936788282,0.4072009320108054,0.3895902203754682,0.42307326060429995,0.43711313668416674,0.44662072651575146,0.45714661256902867,0.48487899141840507,0.4483501779868695,0.4243295063370415,0.3083148979333804,0.3498742460562707,0.3366237792480332,0.2946208613813365,0.43031800996971714,0.0,0.4411981181101696,0.557910837381878,0.2997504682210337,0.3740496254394756,0.43311688275952587,0.3020958182987771,0.44140313097295103,0.3043126296104812,0.4841548347613177,0.43692066982283884,0.31483464844902176,0.3167852607242636,0.3236322934563194,0.4913818712854874,0.4951559901808401,0.3112476947772892,0.3496882126421591
0.34844061002591853,0.39180613522373586,0.2718244035228178,0.299843556948009,0.33019705373083597,0.39186745725919314,1.0,0.3041234274453496,0.3398757535689735,0.3055080982761248,0.4050411556810586,0.2978548907816121,0.39273000127333446,0.2977869689545499,0.2925311274837936,0.7257229981244697,0.29429195108258954,0.4332249555315163,0.39665272826372067,0.8608536525440853,0.4319668213880472,0.40377385511923647,0.4428917562542841,0.3128528338112082,0.3311961589867626,0.3511986511587092,0.3980518073091326,0.29500105741717964,0.3271229940983439,0.3432118962580937,0.2842898190767865,0.3717999789053882,0.0,0.3981418021295813,0.4020663592504069,0.307570001490043,0.7831894048121262,0.3760280175115063,0.28776833884038877,0.4007664419282494,0.2872686393355831,0.3904233067071363,0.40346140901429395,0.2985791246006061,0.2971559128102186,0.3153783891663654,0.38493205473332404,0.38626894596825523,0.30074431897604226,0.33891609582689197
0.3373452681259863,0.32946171802811375,0.2646806916074951,0.53783727280511,0.3145736269873093,0.3239340553979625,0.3041234274453496,1.0,0.33664365137587426,0.5481624676132125,0.32402652808735766,0.5207046175834267,0.336989759256658,0.5216431062159197,0.519559924632803,0.317559747004042,0.2691895691468419,0.3142765352089125,0.2912022601324441,0.30588290070278223,0.3035370259186093,0.2965914842587094,0.3213880685314583,0.28744798004397365,0.3010919302259204,0.3078866259099686,0.3127812143693819,0.7032883038417168,0.36008944057117587,0.3315971655128359,0.5081070669980104,0.3233002761385817,0.0,0.3128464683059099,0.31674064044566397,0.4234428441240079,0.2980594390825123,0.3273996376935958,0.4219256942383507,0.32467116695530107,0.5197056612899152,0.315614028207604,0.3252607179363708,0.7000568676289155,0.6824753962058898,0.34175550828419987,0.3079510143910109,0.3103242775538695,0.48402923658197783,0.35850573628134075
0.4284590567798078,0.34348534617269866,0.2971418433321241,0.34548709919069576,0.3378774672506488,0.3396835810118307,0.3398757535689735,0.33664365137587426,1.0,0.35599697237729766,0.3631733420903198,0.324013959585131,0.3714193216027679,0.3304451979618127,0.3411925945037121,0.36174766665450964,0.2700083978354648,0.3403636478217348,0.3111226904669515,0.3440856763056621,0.33182220038941523,0.32418688418559305,0.34952492578964733,0.29081404009089307,0.303563584727953,0.3254536003697891,0.3441367639637163,0.31455553813753034,0.37270988515159365,0.46045413443739136,0.3216921529196506,0.3317293560357969,0.0,0.3362610870013253,0.34225283593796796,0.31081843545085774,0.33708150257014824,0.3300486328254463,0.2784522630226298,0.35089534177988246,0.3345783416347884,0.345516119353382,0.35305921612298774,0.3194023331351755,0.3138951032102776,0.3524731116452279,0.3440629110573834,0.34442753233734,0.31716185323747825,0.3848080563864693
0.3409042721791967,0.3401249987495025,0.267905112965093,0.5600749965497855,0.324618412731394,0.31504332429730997,0.3055080982761248,0.5481624676132125,0.35599697237729766,1.0,0.3402476877095916,0.5220867373285436,0.34964588459948454,0.541203368376298,0.548164142357066,0.32572754481250754,0.2489129495352158,0.3200952441859468,0.29274739754817836,0.3091918352361054,0.306835007310594,0.3002994306243555,0.32178393496431446,0.26996426484933755,0.29065608889324224,0.30579914909784656,0.32185493690494893,0.5306785398414714,0.3634366940092597,0.345306139461251,0.5510395567610142,0.3129178749936725,0.0,0.31169037810996014,0.31346756276444976,0.44107694947190335,0.302539580896134,0.3209649918624419,0.4376608564391674,0.330548140459775,0.5666706678480675,0.3170991615851698,0.32556122549055244,0.532344767763089,0.5334838534595753,0.3432238030168464,0.3140363865907805,0.3152876362739866,0.5059134286836955,0.3598468108593569
0.3714053698895943,0.47220349258031813,0.2954860450114356,0.3232211162062334,0.4857640285707464,0.4472148170166689,0.4050411556810586,0.32402652808735766,0.3631733420903198,0.3402476877095916,1.0,0.3212038430377634,0.5700342472315416,0.32650581205859985,0.3188302471072021,0.40165595143488164,0.34865824317766214,0.5347451295251027,0.4938658865675619,0.41074619448551053,0.5162457626717989,0.5160033569777702,0.5337314549857898,0.3738359167334535,0.3816006900454082,0.422023769919765,0.543518332169374,0.3227009561107844,0.3544080169535938,0.3711430982661251,0.3090403485643807,0.47677219838693596,0.0,0.5172559153248133,0.4682542806752702,0.3140149087733042,0.3865491376463914,0.5198117274118907,0.2891711264654149,0.5677198411175127,0.31410303758648783,0.4814819227716587,0.5490288164124211,0.3243730370029483,0.3200433240498317,0.34153267142906785,0.48978417096283433,0.48925440843319024,0.3327905995661473,0.3655653873454334
0.3482013042125558,0.3399672104671987,0.25893862179251304,0.5492353206218278,0.2968753689697823,0.3113195574628663,0.2978548907816121,0.5207046175834267,0.324013959585131,0.5220867373285436,0.3212038430377634,1.0,0.3199312168550169,0.5288646859058079,0.6272735200697057,0.30439706397328414,0.2661696085284315,0.308171994090608,0.28776184318844666,0.3000371981737874,0.3044376749800982,0.2929196493461189,0.3200273008150336,0.28020330815407457,0.2975898103810598,0.29437970371078714,0.3093151977177079,0.5210100704467723,0.35916381617473747,0.3287400258579032,0.48563729003452294,0.31579664134702123,0.0,0.30974349377928767,0.31823278680870926,0.4165309147959423,0.2900064950496697,0.31514549347143683,0.4172736199077852,0.3189842677833107,0.5040637443236688,0.30437211715706114,0.3193288840863756,0.526942205907108,0.528468265259868,0.343986490758027,0.3112701615403264,0.31511051041998217,0.4722083841679341,0.35730731607280464
0.3671718501968405,0.4535156327024361,0.28498639097945744,0.3354324779732901,0.48396489429760026,0.43907032544390523,0.39273000127333446,0.336989759256658,0.3714193216027679,0.34964588459948454,0.5700342472315416,0.3199312168550169,1.0,0.3211835439209808,0.33363268540856794,0.41324964101609474,0.3480788220212402,0.5254623676056098,0.5280987561310553,0.3973772431614573,0.5281269815676357,0.5641962003177072,0.5758735754361861,0.38234689252858356,0.38946616547700486,0.4271992468355228,0.5788017775706653,0.3120736575231917,0.34522782984395173,0.3741893068919855,0.3162390495063089,0.5139469641321193,0.0,0.5678644817182528,0.4556325928342774,0.30085392661703736,0.390269611618307,0.5440282357189357,0.28001350766221367,0.585689872604188,0.32960956005980335,0.4661348339039072,0.5592763101153009,0.3154759475970329,0.31165381170401374,0.3271546770790541,0.4707757396414479,0.46963048364036764,0.32240907031591304,0.35309360374856713
0.3256652971131475,0.3221869464293362,0.2608434386067191,0.577446278464613,0.2961528801159917,0.3091968577885349,0.2977869689545499,0.5216431062159197,0.3304451979618127,0.541203368376298,0.32650581205859985,0.5288646859058079,0.3211835439209808,1.0,0.5756465618202671,0.3042699022024362,0.2431073204833064,0.312143778535655,0.28645760093628436,0.30150705738762884,0.29846776014418996,0.2940968176885692,0.3203145748893943,0.25045728466864847,0.2737375047306819,0.28447245759090856,0.30993512143907465,0.5463903017298144,0.35932963694755193,0.32268302867729726,0.5241398073306385,0.30450019506355974,0.0,0.3016212020492449,0.30729059389797686,0.42929383565619894,0.28816326771553025,0.31099355443479526,0.4136922687002019,0.3153747041626882,0.5413692487888919,0.3094784209694966,0.3160394211270695,0.5394071137459604,0.5301340305897895,0.3480351467909166,0.31041826777672454,0.312694854507802,0.4890181836802495,0.3639124587506205
0.3186021461219014,0.318939700706263,0.25520083821993444,0.5991702910958413,0.3190237975040836,0.30623727591176897,0.2925311274837936,0.519559924632803,0.3411925945037121,0.548164142357066,0.3188302471072021,0.6272735200697057,0.33363268540856794,0.5756465618202671,1.0,0.31783337713770066,0.25180343944444283,0.304202428621523,0.276031129241345,0.29567212540651533,0.2941276102978939,0.2846498596543843,0.3149883911950119,0.2616343963515416,0.28582685696343857,0.29790468749884114,0.3031072551196594,0.518786581722968,0.34878285375079676,0.328190405034231,0.5331953214014196,0.31585724337258525,0.0,0.29561340508355716,0.303644800270102,0.41813299928934866,0.2911619737984964,0.304951576868856,0.4145071514545867,0.31142531397781115,0.5531534983824093,0.3036672634605566,0.31296934955579125,0.5149489443897538,0.507706253725928,0.3384186138242822,0.30949164176603083,0.31157230064384456,0.47677151116895133,0.36306579370966985
0.3525166057106298,0.38718398174211843,0.2711011267397986,0.32373139061186706,0.3735073146381189,0.3842402047810336,0.7257229981244697,0.317559747004042,0.36174766665450964,0.32572754481250754,0.40165595143488164,0.30439706397328414,0.41324964101609474,0.3042699022024362,0.31783337713770066,1.0,0.3051741496803666,0.4101669531014538,0.3861919968700058,0.7420721527380623,0.4047511704233753,0.38783253424269104,0.4205936627901614,0.3287062167353585,0.34991698683326367,0.3812455144136988,0.3868210901826733,0.29267966950276525,0.32322423062215533,0.3612032807443447,0.29987284728593744,0.3817517941672066,0.0,0.38456807739767385,0.39512429342673894,0.29867366113849003,0.7402856638232181,0.37307938152337095,0.2671644166287295,0.39396375028830766,0.31169251056964664,0.3849479740169529,0.39728134581543706,0.2974412548458789,0.2974067091362198,0.31763579651117124,0.38245454455769623,0.38291758817454935,0.30034942307906576,0.334880187890221
0.30808279330800037,0.3843107517449589,0.20882282483072945,0.26663812523127706,0.4113072450114259,0.40144431041290973,0.29429195108258954,0.2691895691468419,0.2700083978354648,0.2489129495352158,0.34865824317766214,0.2661696085284315,0.3480788220212402,0.2431073204833064,0.25180343944444283,0.3051741496803666,1.0,0.32973613727373563,0.3030799486538447,0.2956228470775537,0.323493793906125,0.3203623385245977,0.34190253304296736,0.6130779150306986,0.5476489513646741,0.5009327413214835,0.3265574205071148,0.2346918617948578,0.29810863887706074,0.27034400349751664,0.23433998107823817,0.4650571545824034,0.0,0.36304805929167705,0.4117797797210657,0.23188298415967945,0.2927474473847741,0.34204486301212955,0.2252383214405067,0.3501368448257518,0.24039269274630526,0.3705746905120614,0.33544576536376014,0.2704263000669106,0.2787198544163332,0.2574005894332708,0.3828707504628899,0.3913331872081207,0.23669005930864107,0.276395365006749
0.3570786750591268,0.4553637415178877,0.28071226491517265,0.31077976731550705,0.4055023742130953,0.4392027936788282,0.4332249555315163,0.3142765352089125,0.3403636478217348,0.3200952441859468,0.5347451295251027,0.308171994090608,0.5254623676056098,0.312143778535655,0.304202428621523,0.4101669531014538,0.32973613727373563,1.0,0.5140014158669637,0.43439736436641485,0.5463749660510542,0.5222369682902818,0.5643571461637702,0.3525507860060446,0.3641663595303133,0.4014399191494449,0.5291573408629162,0.30980165361783907,0.3430573240086372,0.3543185910899017,0.2969999718597398,0.46588397831912265,0.0,0.5040066626624262,0.45299233896462576,0.31863108019788877,0.414731694230868,0.4858236126758153,0.2841469501673316,0.5324814582177395,0.29858082590295343,0.4590134502275586,0.5240595046811698,0.3118996427752887,0.307307290628712,0.3267161712369503,0.4633834364947078,0.464191046826957,0.31370626153457615,0.3555175394262291
0.327725516949371,0.40723889700814486,0.2542982949229663,0.28805704875479443,0.37731748340438875,0.4072009320108054,0.39665272826372067,0.2912022601324441,0.3111226904669515,0.29274739754817836,0.4938658865675619,0.28776184318844666,0.5280987561310553,0.28645760093628436,0.276031129241345,0.3861919968700058,0.3030799486538447,0.5140014158669637,1.0,0.3921725654819239,0.5038074980283673,0.5463669197147247,0.5124530895062229,0.3187622425826744,0.3391681557597236,0.3564025659724548,0.515328293813985,0.281666028095389,0.3077029975083202,0.3227250245118717,0.2711774228432796,0.45955531995216914,0.0,0.505252205668979,0.41815354620294554,0.2904036805452127,0.38976739040236785,0.4868979173285275,0.26375802122375736,0.5131344154774514,0.27669958111004034,0.4140530888945543,0.4791745472918335,0.28684826480176817,0.2850447484827894,0.301985815720504,0.4159923818702017,0.4173629428126373,0.2850875611307565,0.32071655252948583
0.3511441197985046,0.39597276153412597,0.2757377056689476,0.30268806413244087,0.33353554522074613,0.3895902203754682,0.8608536525440853,0.30588290070278223,0.3440856763056621,0.3091918352361054,0.41074619448551053,0.3000371981737874,0.3973772431614573,0.30150705738762884,0.29567212540651533,0.7420721527380623,0.2956228470775537,0.43439736436641485,0.3921725654819239,1.0,0.4303371964955327,0.4020323119283883,0.44133435728216064,0.3124250161559714,0.33356709695004283,0.351849259456557,0.4005681435720311,0.29840649274058717,0.3312162162097091,0.34898707682370367,0.2878154499528308,0.3727209676312544,0.0,0.3985488087482031,0.40395200316474256,0.3062023735024765,0.79334931944512,0.3810914495433383,0.27993159207321827,0.4053868995508815,0.29096558567658926,0.39287647441287676,0.4074046219883576,0.3003374677355357,0.2980640058651224,0.3191884708113193,0.3891017166622893,0.39046597147030404,0.30516752733322805,0.3428088254221733
0.3422665966967253,0.4370121303614185,0.2763308284783986,0.30018920786048964,0.41053017188119567,0.42307326060429995,0.4319668213880472,0.3035370259186093,0.33182220038941523,0.306835007310594,0.5162457626717989,0.3044376749800982,0.5281269815676357,0.29846776014418996,0.2941276102978939,0.4047511704233753,0.323493793906125,0.5463749660510542,0.5038074980283673,0.4303371964955327,1.0,0.515411802834761,0.5634362111046227,0.34397150521856645,0.3601926897168587,0.39615847958491746,0.5263018003295823,0.301945642700129,0.3278227616023863,0.3447680964910268,0.28481067085257883,0.4714607741830188,0.0,0.516500184213292,0.4443898855103524,0.30685106564507225,0.4085420285251673,0.4908883038428741,0.27753080156612553,0.5312007725011421,0.29158129805566046,0.4352497655001868,0.5230355731040149,0.30361568855342125,0.30422848598785357,0.32643579056391614,0.45933545727627867,0.45949009357847714,0.30622833446356923,0.34035945088608965
0.3418943558030286,0.4224911762964021,0.2677092797737777,0.29232836450272603,0.38716859763370226,0.43711313668416674,0.40377385511923647,0.2965914842587094,0.32418688418559305,0.3002994306243555,0.5160033569777702,0.2929196493461189,0.5641962003177072,0.2940968176885692,0.2846498596543843,0.38783253424269104,0.3203623385245977,0.5222369682902818,0.5463669197147247,0.4020323119283883,0.515411802834761,1.0,0.6771915417152774,0.32820332116489614,0.35780400024167114,0.37435776443194846,0.532385194387379,0.29159615902207203,0.32131858324089413,0.3323240772398285,0.2782232576279291,0.47752682383869616,0.0,0.6237257549985946,0.42544535500784597,0.29185014863808234,0.3875722391933566,0.5070504245784433,0.26864632909216957,0.5386548605800969,0.28133907768309774,0.42609800408440635,0.5201947729840875,0.2942520096076331,0.28930139359339835,0.31409065120786717,0.4354471611565712,0.4338418264634941,0.29910574587750083,0.33423635953083475
0.3654027418143121,0.45743463819567387,0.28828887281763116,0.32493087644037477,0.4181487359783328,0.44662072651575146,0.4428917562542841,0.3213880685314583,0.34952492578964733,0.32178393496431446,0.5337314549857898,0.3200273008150336,0.5758735754361861,0.3203145748893943,0.3149883911950119,0.4205936627901614,0.34190253304296736,0.5643571461637702,0.5124530895062229,0.44133435728216064,0.5634362111046227,0.6771915417152774,1.0,0.35194591699533784,0.37457994136581607,0.39905043328508616,0.5579554665306964,0.32016113721197625,0.3490558584310086,0.3552161537445454,0.30562291372315586,0.501263808200046,0.0,0.6392833804168958,0.4550288882759991,0.313834726959868,0.42024435510874425,0.5154930619139675,0.29129872629289766,0.557084129149529,0.3084251399440717,0.4566076666939558,0.5483694856621155,0.31954740479699817,0.31721482587515637,0.3312565790885883,0.463363476240905,0.4646481599464132,0.32229540277466995,0.35615211473792097
0.3193435411454283,0.44390759299635196,0.2199044428634256,0.2772518881707099,0.4395668671068722,0.45714661256902867,0.3128528338112082,0.28744798004397365,0.29081404009089307,0.26996426484933755,0.3738359167334535,0.28020330815407457,0.38234689252858356,0.25045728466864847,0.2616343963515416,0.3287062167353585,0.6130779150306986,0.3525507860060446,0.3187622425826744,0.3124250161559714,0.34397150521856645,0.32820332116489614,0.35194591699533784,1.0,0.5883277326196874,0.5060407362477563,0.34838793643472343,0.24176146636384988,0.31094303914462484,0.293102322863092,0.2491649196925153,0.4445006952147824,0.0,0.36751196771940053,0.47697876253956206,0.24185265003234635,0.3121286547184349,0.35631599238830025,0.22887513583807906,0.36559350087999953,0.26130710040077443,0.3999635951763447,0.35382251957311617,0.2722683572697967,0.2799978083638006,0.2680879134890015,0.39825238292556964,0.40531127412279233,0.24947603181897293,0.28729596482564657
0.33389322132412125,0.48218055128952897,0.23680805363216273,0.30051885893962227,0.43113954365264673,0.48487899141840507,0.3311961589867626,0.3010919302259204,0.303563584727953,0.29065608889324224,0.3816006900454082,0.2975898103810598,0.38946616547700486,0.2737375047306819,0.28582685696343857,0.34991698683326367,0.5476489513646741,0.3641663595303133,0.3391681557597236,0.33356709695004283,0.3601926897168587,0.35780400024167114,0.37457994136581607,0.5883277326196874,1.0,0.5306896691365184,0.3605649967046164,0.2599212160119331,0.3026193718465544,0.3007294642832238,0.2668142229660174,0.47577037981373393,0.0,0.378459388676779,0.49765244810054876,0.25298039063737865,0.33333102385258795,0.37827603429256373,0.24784750905488806,0.3774195447938653,0.2767128354017453,0.4143056994215786,0.3727458281509941,0.302434884563201,0.30230484247174627,0.2886944416294627,0.41805274749105303,0.423598400643557,0.2802240922042515,0.2953474094639773
0.330589549696343,0.46162532967621994,0.24850050542699986,0.3040902459578825,0.44260631345160895,0.4483501779868695,0.3511986511587092,0.3078866259099686,0.3254536003697891,0.30579914909784656,0.422023769919765,0.29437970371078714,0.4271992468355228,0.28447245759090856,0.29790468749884114,0.3812455144136988,0.5009327413214835,0.4014399191494449,0.3564025659724548,0.351849259456557,0.39615847958491746,0.37435776443194846,0.39905043328508616,0.5060407362477563,0.5306896691365184,1.0,0.3949540459178542,0.27183904692475214,0.3200218500545571,0.3202768974788429,0.2792142219680155,0.44501455470124684,0.0,0.3960713489444152,0.4715872081221677,0.27033053242582195,0.3517609657946891,0.3959405065746965,0.2520596970141995,0.4174448864739202,0.2920356387492896,0.44409506666587584,0.398634818539199,0.29911676129215414,0.2995485036910269,0.2997343494649043,0.4515912716262549,0.45517159684355846,0.29249195648505133,0.31769068278450574
0.3528107811147647,0.4492803784759243,0.2829547733380816,0.3076506743973293,0.41813441060226786,0.4243295063370415,0.3980518073091326,0.3127812143693819,0.3441367639637163,0.32185493690494893,0.543518332169374,0.3093151977177079,0.5788017775706653,0.30993512143907465,0.3031072551196594,0.3868210901826733,0.3265574205071148,0.5291573408629162,0.515328293813985,0.4005681435720311,0.5263018003295823,0.532385194387379,0.5579554665306964,0.34838793643472343,0.3605649967046164,0.3949540459178542,1.0,0.30555786205618707,0.34295147154763284,0.34989773559136017,0.296436280270457,0.49102082528730817,0.0,0.5308193598712276,0.44429660441035923,0.297412299996893,0.3793113580434261,0.5980303313270576,0.2672900406884404,0.5779038968818249,0.3019996766512868,0.4520902280385931,0.623166464857859,0.3123835728623596,0.30477290007434676,0.3312323221393224,0.4552878142274772,0.45625852139673306,0.317376422758224,0.34906438533577666
0.3253996030754295,0.3265339538597354,0.2640248099263631,0.5493568175213677,0.27560315388546597,0.3083148979333804,0.29500105741717964,0.7032883038417168,0.31455553813753034,0.5306785398414714,0.3227009561107844,0.5210100704467723,0.3120736575231917,0.5463903017298144,0.518786581722968,0.29267966950276525,0.2346918617948578,0.30980165361783907,0.281666028095389,0.29840649274058717,0.301945642700129,0.29159615902207203,0.32016113721197625,0.24176146636384988,0.2599212160119331,0.27183904692475214,0.30555786205618707,1.0,0.35746852145068264,0.317683743222707,0.5033635040233349,0.29807730855920256,0.0,0.3029956178158927,0.3030608686971714,0.4198102035098136,0.2826821283805917,0.31826217035292437,0.41471698488554865,0.3165506617419639,0.5148064828576826,0.30572238818002995,0.3154531429422752,0.7916135270378327,0.7526124964097429,0.3375189830092433,0.3075085928509038,0.3089789737902403,0.49686993099535426,0.3509427877767449
0.3843024745241622,0.359831369165994,0.2979875843015365,0.3511231920564285,0.32384561457783256,0.3498742460562707,0.3271229940983439,0.36008944057117587,0.37270988515159365,0.3634366940092597,0.3544080169535938,0.35916381617473747,0.34522782984395173,0.35932963694755193,0.34878285375079676,0.32322423062215533,0.29810863887706074,0.3430573240086372,0.3077029975083202,0.3312162162097091,0.3278227616023863,0.32131858324089413,0.3490558584310086,0.31094303914462484,0.3026193718465544,0.3200218500545571,0.34295147154763284,0.35746852145068264,1.0,0.37332539031315715,0.3396882792678675,0.33581205387753676,0.0,0.3368498784274282,0.3476197147185214,0.3369301016559444,0.3127075935913336,0.3450303051563366,0.30402317973093673,0.3460895332676206,0.34053150746156524,0.3380014319583724,0.34707067621226184,0.35438493014075867,0.35334657597719255,0.42365610953253274,0.3412997612791936,0.34167791836065753,0.348642559261512,0.6246618237104287
0.43613535351093924,0.3562619130282808,0.3082060576122775,0.3328185974109368,0.3283850778579308,0.3366237792480332,0.3432118962580937,0.3315971655128359,0.46045413443739136,0.345306139461251,0.3711430982661251,0.3287400258579032,0.3741893068919855,0.32268302867729726,0.328190405034231,0.3612032807443447,0.27034400349751664,0.3543185910899017,0.3227250245118717,0.34898707682370367,0.3447680964910268,0.3323240772398285,0.3552161537445454,0.293102322863092,0.3007294642832238,0.3202768974788429,0.34989773559136017,0.317683743222707,0.37332539031315715,1.0,0.31514814844642147,0.33427593055024507,0.0,0.3392844998718557,0.34788287624760683,0.30922742311556006,0.3363478356247679,0.34084177225032297,0.27829660372537157,0.3699352624797434,0.3277689375386348,0.3503010377312089,0.3579717636890436,0.32205482610354297,0.31886135163943885,0.37474042401025676,0.3554806506611272,0.35641323639260525,0.3203141377978037,0.391534575261551
0.3049649928414081,0.30893603846890494,0.2467367336580496,0.5291183076860255,0.2944316251360055,0.2946208613813365,0.2842898190767865,0.5081070669980104,0.3216921529196506,0.5510395567610142,0.3090403485643807,0.48563729003452294,0.3162390495063089,0.5241398073306385,0.5331953214014196,0.29987284728593744,0.23433998107823817,0.2969999718597398,0.2711774228432796,0.2878154499528308,0.28481067085257883,0.2782232576279291,0.30562291372315586,0.2491649196925153,0.2668142229660174,0.2792142219680155,0.296436280270457,0.5033635040233349,0.3396882792678675,0.31514814844642147,1.0,0.2951244354172976,0.0,0.2913431421053495,0.2903048439791138,0.40728464220356875,0.2828693003582896,0.2948462794894967,0.3917621249583958,0.30403957249333247,0.6623746488466835,0.2952412131301845,0.30004216303015985,0.5033526118232063,0.4935954498148296,0.3245066567398991,0.2947223123269005,0.29623724512107563,0.46001469912345483,0.3385661268036274
0.3538919318174225,0.4263974331008603,0.25970574519231127,0.33073797733557697,0.470709302637874,0.43031800996971714,0.3717999789053882,0.3233002761385817,0.3317293560357969,0.3129178749936725,0.47677219838693596,0.31579664134702123,0.5139469641321193,0.30450019506355974,0.31585724337258525,0.3817517941672066,0.4650571545824034,0.46588397831912265,0.45955531995216914,0.3727209676312544,0.4714607741830188,0.47752682383869616,0.501263808200046,0.4445006952147824,0.47577037981373393,0.44501455470124684,0.49102082528730817,0.29807730855920256,0.33581205387753676,0.33427593055024507,0.2951244354172976,1.0,0.0,0.4978314592059262,0.43233266561723793,0.2799688733917338,0.37243586918919136,0.49679083580426964,0.2685339782717221,0.5134590403832001,0.29865646401035906,0.42751275865065663,0.4955461737737157,0.31155966248949185,0.316643388789256,0.3121416970906685,0.44472654853555693,0.4467764159142894,0.29204636762602776,0.3258655536848114
0.0,0.0,0.0,0.0,0.0,0.0,0.0,0.0,0.0,0.0,0.0,0.0,0.0,0.0,0.0,0.0,0.0,0.0,0.0,0.0,0.0,0.0,0.0,0.0,0.0,0.0,0.0,0.0,0.0,0.0,0.0,0.0,1.0,0.0,0.0,0.0,0.0,0.0,0.0,0.0,0.0,0.0,0.0,0.0,0.0,0.0,0.0,0.0,0.0,0.0
0.3598740820377575,0.43721440892375174,0.2778481407903809,0.30543687366300254,0.41627241807339754,0.4411981181101696,0.3981418021295813,0.3128464683059099,0.3362610870013253,0.31169037810996014,0.5172559153248133,0.30974349377928767,0.5678644817182528,0.3016212020492449,0.29561340508355716,0.38456807739767385,0.36304805929167705,0.5040066626624262,0.505252205668979,0.3985488087482031,0.516500184213292,0.6237257549985946,0.6392833804168958,0.36751196771940053,0.378459388676779,0.3960713489444152,0.5308193598712276,0.3029956178158927,0.3368498784274282,0.3392844998718557,0.2913431421053495,0.4978314592059262,0.0,1.0,0.4464393428665747,0.3146395998168353,0.3800326572288407,0.5114911656726492,0.3045698542961809,0.5481890401202829,0.29388114903727636,0.44452876823374754,0.5293282284400493,0.30811010646599635,0.31223046566468016,0.31791956835652413,0.4486009166733398,0.4512052634968793,0.3059274690137007,0.3440669320233086
0.3598195211240528,0.5723967726102536,0.2732806546183343,0.31144176005859125,0.4045028513804456,0.557910837381878,0.4020663592504069,0.31674064044566397,0.34225283593796796,0.31346756276444976,0.4682542806752702,0.31823278680870926,0.4556325928342774,0.30729059389797686,0.303644800270102,0.39512429342673894,0.4117797797210657,0.45299233896462576,0.41815354620294554,0.40395200316474256,0.4443898855103524,0.42544535500784597,0.4550288882759991,0.47697876253956206,0.49765244810054876,0.4715872081221677,0.44429660441035923,0.3030608686971714,0.3476197147185214,0.34788287624760683,0.2903048439791138,0.43233266561723793,0.0,0.4464393428665747,1.0,0.3055529329101522,0.38112791900360243,0.433178354145372,0.2926515926847888,0.4599343898578728,0.2969370543503671,0.502674876135615,0.456889674534418,0.30784382056139115,0.3113837490887762,0.3232672075885641,0.5022245461881215,0.5029062841456263,0.3117582694824095,0.3452068318848762
0.3093902881868116,0.2998485085942836,0.2512040407794952,0.4253523888275621,0.2643135171978239,0.2997504682210337,0.307570001490043,0.4234428441240079,0.31081843545085774,0.44107694947190335,0.3140149087733042,0.4165309147959423,0.30085392661703736,0.42929383565619894,0.41813299928934866,0.29867366113849003,0.23188298415967945,0.31863108019788877,0.2904036805452127,0.3062023735024765,0.30685106564507225,0.29185014863808234,0.313834726959868,0.24185265003234635,0.25298039063737865,0.27033053242582195,0.297412299996893,0.4198102035098136,0.3369301016559444,0.30922742311556006,0.40728464220356875,0.2799688733917338,0.0,0.3146395998168353,0.3055529329101522,1.0,0.2935436381692035,0.28607591595063797,0.4095350663697953,0.3094737373770079,0.4187558850043469,0.29525291030596545,0.2997825747847145,0.4211138029646082,0.4225013579648891,0.31936865082236077,0.2948702556197008,0.2957665787747934,0.44095518140047574,0.33537769776568016
0.339558770024896,0.37365919525915625,0.25967822703021015,0.2988655768075946,0.3399991179381314,0.3740496254394756,0.7831894048121262,0.2980594390825123,0.33708150257014824,0.302539580896134,0.3865491376463914,0.2900064950496697,0.390269611618307,0.28816326771553025,0.2911619737984964,0.7402856638232181,0.2927474473847741,0.414731694230868,0.38976739040236785,0.79334931944512,0.4085420285251673,0.3875722391933566,0.42024435510874425,0.3121286547184349,0.33333102385258795,0.3517609657946891,0.3793113580434261,0.2826821283805917,0.3127075935913336,0.3363478356247679,0.2828693003582896,0.37243586918919136,0.0,0.3800326572288407,0.38112791900360243,0.2935436381692035,1.0,0.3621623653849869,0.2695726694400251,0.38172149834170765,0.28763495853488397,0.37593003169256867,0.3882100969300577,0.2872237998559295,0.2854920917471345,0.30110907643437546,0.37064978281999694,0.37188249511332216,0.28557787055493344,0.3236921866717458
0.3579735555475896,0.4561193277236225,0.2770659070010164,0.3082108946850658,0.45627076674593503,0.43311688275952587,0.3760280175115063,0.3273996376935958,0.3300486328254463,0.3209649918624419,0.5198117274118907,0.31514549347143683,0.5440282357189357,0.31099355443479526,0.304951576868856,0.37307938152337095,0.34204486301212955,0.4858236126758153,0.4868979173285275,0.3810914495433383,0.4908883038428741,0.5070504245784433,0.5154930619139675,0.35631599238830025,0.37827603429256373,0.3959405065746965,0.5980303313270576,0.31826217035292437,0.3450303051563366,0.34084177225032297,0.2948462794894967,0.49679083580426964,0.0,0.5114911656726492,0.433178354145372,0.28607591595063797,0.3621623653849869,1.0,0.29190065326379633,0.5512158601950021,0.304693040355151,0.4459136866656974,0.6173765318573273,0.32600826490950663,0.3179608351903247,0.3289442571524699,0.460997080495526,0.4622211557519098,0.32162796222686507,0.3450964931920584
0.28417468692411396,0.2811870052376232,0.22624317181878195,0.4136726746689273,0.2798614295907914,0.3020958182987771,0.28776833884038877,0.4219256942383507,0.2784522630226298,0.4376608564391674,0.2891711264654149,0.4172736199077852,0.28001350766221367,0.4136922687002019,0.4145071514545867,0.2671644166287295,0.2252383214405067,0.2841469501673316,0.26375802122375736,0.27993159207321827,0.27753080156612553,0.26864632909216957,0.29129872629289766,0.22887513583807906,0.24784750905488806,0.2520596970141995,0.2672900406884404,0.41471698488554865,0.30402317973093673,0.27829660372537157,0.3917621249583958,0.2685339782717221,0.0,0.3045698542961809,0.2926515926847888,0.4095350663697953,0.2695726694400251,0.29190065326379633,1.0,0.27900230429832185,0.40462417804067385,0.2851803697873829,0.2848785937981849,0.416004427022036,0.4262469584080705,0.2931132978906128,0.2803722775929445,0.2813520335099886,0.404877522450666,0.3046568767875315
0.36355532709295046,0.4605135075074751,0.2909647199260559,0.3130487466737836,0.4325005519557331,0.44140313097295103,0.4007664419282494,0.32467116695530107,0.35089534177988246,0.330548140459775,0.5677198411175127,0.3189842677833107,0.585689872604188,0.3153747041626882,0.31142531397781115,0.39396375028830766,0.3501368448257518,0.5324814582177395,0.5131344154774514,0.4053868995508815,0.5312007725011421,0.5386548605800969,0.557084129149529,0.36559350087999953,0.3774195447938653,0.4174448864739202,0.5779038968818249,0.3165506617419639,0.3460895332676206,0.3699352624797434,0.30403957249333247,0.5134590403832001,0.0,0.5481890401202829,0.4599343898578728,0.3094737373770079,0.38172149834170765,0.5512158601950021,0.27900230429832185,1.0,0.3085308742603159,0.46710808576431384,0.5722843699041253,0.3192185175634551,0.32217898821786317,0.3380773141196247,0.4892165001909391,0.49157368269544266,0.3208856277238088,0.3611394316998635
