../ecoli_genomes/GCF_000163235.1_ASM16323v1_genomic.fna.gz,../ecoli_genomes/GCF_000164555.1_ASM16455v1_genomic.fna.gz,../ecoli_genomes/GCF_000208545.1_ASM20854v2_genomic.fna.gz,../ecoli_genomes/GCF_000233875.1_ASM23387v1_genomic.fna.gz,../ecoli_genomes/GCF_000249735.1_ASM24973v2_genomic.fna.gz,../ecoli_genomes/GCF_000261145.1_Esch_coli_M919_V2_genomic.fna.gz,../ecoli_genomes/GCF_000267705.2_ASM26770v2_genomic.fna.gz,../ecoli_genomes/GCF_000350665.1_Esch_coli_KTE5_V1_genomic.fna.gz,../ecoli_genomes/GCF_000351625.1_Esch_coli_KTE66_V1_genomic.fna.gz,../ecoli_genomes/GCF_000352285.1_Esch_coli_KTE46_V1_genomic.fna.gz,../ecoli_genomes/GCF_000358895.1_ASM35889v1_genomic.fna.gz,../ecoli_genomes/GCF_000456385.1_Esch_coli_HVH_26_4-5703913_V1_genomic.fna.gz,../ecoli_genomes/GCF_000458195.1_Esch_coli_HVH_147_4-5893887_V1_genomic.fna.gz,../ecoli_genomes/GCF_000459755.1_Esch_coli_KOEGE_58_171a_V1_genomic.fna.gz,../ecoli_genomes/GCF_000460055.1_Esch_coli_UMEA_3053-1_V1_genomic.fna.gz,../ecoli_genomes/GCF_000462165.2_ASM46216v2_genomic.fna.gz,../ecoli_genomes/GCF_000601135.1_ASM60113v1_genomic.fna.gz,../ecoli_genomes/GCF_000614595.1_Ec2010EL1058_genomic.fna.gz,../ecoli_genomes/GCF_000617745.1_Ec2010C-4529_genomic.fna.gz,../ecoli_genomes/GCF_000618265.2_EcF6751_genomic.fna.gz,../ecoli_genomes/GCF_000619005.2_Ec2009C-4052_genomic.fna.gz,../ecoli_genomes/GCF_000619105.1_Ec2009C-4780_genomic.fna.gz,../ecoli_genomes/GCF_000619765.2_Ec2009C-3279_genomic.fna.gz,../ecoli_genomes/GCF_000687005.1_ASM68700v1_genomic.fna.gz,../ecoli_genomes/GCF_000687025.1_ASM68702v1_genomic.fna.gz,../ecoli_genomes/GCF_000700125.1_ASM70012v1_genomic.fna.gz,../ecoli_genomes/GCF_000753315.1_FHI35_genomic.fna.gz,../ecoli_genomes/GCF_000776375.1_ASM77637v1_genomic.fna.gz,../ecoli_genomes/GCF_000779395.1_ASM77939v1_genomic.fna.gz,../ecoli_genomes/GCF_000780315.1_ASM78031v1_genomic.fna.gz,../ecoli_genomes/GCF_000781995.1_ASM78199v1_genomic.fna.gz,../ecoli_genomes/GCF_000986765.1_ASM98676v1_genomic.fna.gz,../ecoli_genomes/GCF_001041375.1_ViralProj287958_genomic.fna.gz,../ecoli_genomes/GCF_001265335.1_302014_genomic.fna.gz,../ecoli_genomes/GCF_001265625.1_100854_genomic.fna.gz,../ecoli_genomes/GCF_001267345.1_303289_genomic.fna.gz,../ecoli_genomes/GCF_001309985.1_ASM130998v1_genomic.fna.gz,../ecoli_genomes/GCF_001521695.1_ASM152169v1_genomic.fna.gz,../ecoli_genomes/GCF_001592595.1_ASM159259v1_genomic.fna.gz,../ecoli_genomes/GCF_001614975.1_ASM161497v1_genomic.fna.gz,../ecoli_genomes/GCF_001692775.1_ASM169277v1_genomic.fna.gz,../ecoli_genomes/GCF_001748915.1_ASM174891v1_genomic.fna.gz,../ecoli_genomes/GCF_001749235.1_ASM174923v1_genomic.fna.gz,../ecoli_genomes/GCF_001881155.1_ASM188115v1_genomic.fna.gz,../ecoli_genomes/GCF_001881345.1_ASM188134v1_genomic.fna.gz,../ecoli_genomes/GCF_001892405.1_ASM189240v1_genomic.fna.gz,../ecoli_genomes/GCF_001892585.1_ASM189258v1_genomic.fna.gz,../ecoli_genomes/GCF_001893985.1_ASM189398v1_genomic.fna.gz,../ecoli_genomes/GCF_002001595.1_ASM200159v1_genomic.fna.gz,../ecoli_genomes/GCF_002002145.1_ASM200214v1_genomic.fna.gz
1.0,0.39840364897056135,0.3290884778028117,0.3406053047232013,0.3615524983152375,0.3728910527181669,0.37936618360612817,0.349150482265004,0.4471525198827906,0.35368987595269685,0.3996597578689739,0.3502591822556742,0.3826815997610674,0.33157148211321164,0.3226233947369206,0.38603420374920705,0.37510507418713346,0.3879702043709785,0.3133987339747798,0.3843084439526747,0.36570073302170136,0.3553838307298379,0.3852454881030136,0.37859640110012405,0.3723972512479904,0.3750284686825902,0.38015461732450295,0.3435586148991936,0.40053376205729263,0.43495915602185553,0.3132697647553707,0.3670456673603322,0.0,0.3839049684841651,0.3823679961528471,0.3330213406893533,0.3591161238699532,0.3743428878285632,0.256904276674915,0.383610314310868,0.326012316254902,0.3824294970051769,0.3776274943293634,0.34240998991489946,0.3538128632384263,0.36825722341113043,0.382379837334364,0.3883837938765513,0.3309754843365287,0.3962173804401279
0.39840364897056135,1.0,0.3018841191259636,0.3262706845026824,0.4320392379108574,0.5499901851398602,0.41096245202464887,0.3348620451283437,0.3606683277037055,0.34175251976957866,0.4871680831766957,0.3365203694876986,0.4544888492209612,0.3187485326363594,0.3118487593756325,0.4161669834327467,0.5075282452346664,0.47214445430941265,0.3745785105351144,0.4176970012979081,0.4447047608108794,0.42334782328591536,0.4658035594429216,0.5642065549603312,0.5690226970609289,0.5303300724693065,0.4675349673907704,0.3302778718217002,0.3684297587483021,0.36597974176933,0.3054348696566275,0.4416120823255969,0.0,0.45911684867602653,0.5946003057464704,0.3159459348629605,0.39071650367877764,0.46514394103385437,0.24101934757636545,0.4740133107622976,0.3103542083546357,0.5022572250117832,0.46049725833722965,0.34257580234672425,0.34298816816128963,0.3431584000305856,0.5118526480803272,0.5170554680877033,0.3379385779353291,0.35784594368220946
0.3290884778028117,0.3018841191259636,1.0,0.27080780181192177,0.2677111776369936,0.2744093518154249,0.28652314337450446,0.27572590790874485,0.31491561286539005,0.28017429696598717,0.31045637575888596,0.268381906284362,0.29308915863826834,0.26809826285010363,0.2614260562856735,0.2924654977476002,0.27757631478770606,0.30191896654094474,0.24185193682166028,0.29217839010496705,0.29176237470223343,0.272610799955054,0.2993006909615922,0.2725626110095428,0.270628315749909,0.28604014474498707,0.30050315856257215,0.2746028142252447,0.3160701472727623,0.32097264972802597,0.25449038655049205,0.2793689174138281,0.0,0.2956228110652863,0.28463731256704117,0.27529754456158695,0.27373140929318507,0.2901850773010999,0.20060673920957606,0.3032289986025575,0.2650441737231777,0.29259870490950624,0.30340460945066783,0.27927576357028894,0.27486099162974087,0.2920334741351196,0.30027854143067545,0.3001237663007881,0.28303732909386337,0.3182568011423327
0.3406053047232013,0.3262706845026824,0.27080780181192177,1.0,0.3288947187513729,0.31204072394655114,0.31064219359266654,0.5378057335560686,0.3492318364727488,0.5641548726584392,0.32276869747642944,0.5294812621741676,0.33336692216314223,0.5731146742695661,0.5876740723200204,0.32367494696270316,0.3139313488917199,0.3245523005499682,0.2658958598109913,0.313855798825348,0.3096546053851026,0.3018486985754255,0.3309564065020154,0.30972985327354907,0.3174551976417871,0.3312684474024844,0.3245991117823305,0.5503325681453011,0.3570507454622869,0.32674952493329723,0.5204809512743047,0.3310817850762562,0.0,0.31824955266856314,0.3094695687617165,0.45500055788436033,0.3011917481791814,0.3136089753461305,0.359568985761086,0.31741178796112746,0.5620658981706418,0.3118226492636509,0.32019061075363797,0.5593528403039508,0.5493018592063548,0.33899315385466633,0.3173914601166624,0.3185553468274186,0.49598921140839747,0.36036546372037936
0.3615524983152375,0.4320392379108574,0.2677111776369936,0.3288947187513729,1.0,0.42546576999684194,0.3674390588408296,0.32435006983026116,0.35861002811174236,0.3366578537318996,0.5197867746980451,0.3064533695484706,0.48161579663236487,0.31469056297818,0.3222540205247344,0.3937518005717082,0.46562552403451063,0.4476073606977625,0.3605677031032887,0.3753633103410553,0.4399512785381988,0.4083464844580338,0.4493027596861613,0.45879241210756294,0.45288502891526927,0.47357772064485837,0.45498374327816704,0.29312710298779077,0.33676712505342965,0.3384542553215556,0.30855445431045303,0.46793852287341664,0.0,0.4513003674645264,0.43082900177850036,0.2945391607339455,0.36743809780512515,0.4727061684867885,0.25016299823460364,0.4629216081636319,0.33036084447303216,0.43622172114256075,0.46515361251297194,0.30222007937612294,0.31086181357721265,0.3122709436057043,0.44662671365167506,0.451419711558498,0.297283521652009,0.3267903463597335
0.3728910527181669,0.5499901851398602,0.2744093518154249,0.31204072394655114,0.42546576999684194,1.0,0.41279257614801634,0.31850390169461384,0.3426323902680778,0.31334327547738106,0.45628407473613253,0.30870289209203106,0.436970992739647,0.3005155919988154,0.29832110469550754,0.41659939646787625,0.48035212321873944,0.4587012491791792,0.372159565046966,0.41168521692528703,0.42166943239232313,0.46992213821962425,0.4446743917788105,0.5278841464508919,0.5313435318801105,0.4865349268807767,0.4336637149828806,0.30274056250049386,0.34970024523153853,0.33642306689397605,0.28644377417411293,0.4291324403707505,0.0,0.4513455400690304,0.5542519314558858,0.31299598110546845,0.38960587127601876,0.4341973674591486,0.25520500596015827,0.44443883833951936,0.2969723560833579,0.4891734180586045,0.4373643470710823,0.30656465439743896,0.3090524516596177,0.320517114580115,0.49554514087917834,0.500722614027974,0.3041419770993429,0.3437854449831552
0.37936618360612817,0.41096245202464887,0.28652314337450446,0.31064219359266654,0.3674390588408296,0.41279257614801634,1.0,0.31280344791806136,0.35974225695079765,0.3107926721629355,0.4186698953029979,0.3020764434245802,0.3997685691586901,0.30068884995953626,0.2972577633789678,0.7663570315645134,0.3972311194955167,0.45089358833506554,0.36631426276147827,0.8624773893924113,0.4345067904998917,0.41220356486576204,0.45110791948880846,0.4032180475921686,0.3877588808698843,0.40665116145439206,0.4176160796032694,0.3054760331872721,0.3536887188106419,0.35303112756421173,0.2845524237787449,0.3877994581668094,0.0,0.4204012439292151,0.42078219237241143,0.32558595181682637,0.7770220075978078,0.3859294670122809,0.2461611274504688,0.4098634918948104,0.2893494907821761,0.4106881706371066,0.4088105950658786,0.3103601069001123,0.31158325812083587,0.3270395262067889,0.40395467734376145,0.407235576127425,0.30025047972190744,0.3512390834063043
0.349150482265004,0.3348620451283437,0.27572590790874485,0.5378057335560686,0.32435006983026116,0.31850390169461384,0.31280344791806136,1.0,0.348492951615046,0.5425615723943729,0.3284491288859621,0.5155799899687848,0.3364306342762422,0.5193181137138774,0.5086891798460785,0.3192916081105145,0.3140970248608328,0.3281979925586064,0.26922038427707573,0.3158240247240667,0.313562381734124,0.303645134717765,0.3332442983429288,0.3195310723996735,0.31187586292803626,0.3332990811077865,0.32933431478897635,0.7040328502439182,0.36838572734233166,0.33801005567227205,0.503955986907786,0.3253670897561357,0.0,0.3291880501165142,0.31462354013452176,0.45830758386136117,0.30064942487548485,0.3386819218654541,0.37045078566768175,0.3341139558071502,0.5194121472282117,0.3213029394773428,0.3302995567398924,0.7052032828885821,0.6845681739238421,0.3443291224165115,0.3209018503898734,0.32012660477155097,0.48791783734816296,0.3639234225308632
0.4471525198827906,0.3606683277037055,0.31491561286539005,0.3492318364727488,0.35861002811174236,0.3426323902680778,0.35974225695079765,0.348492951615046,1.0,0.3609982180034328,0.381885710361085,0.3242100186815353,0.370512310978815,0.3392925631368855,0.3339430914922319,0.3721321855483357,0.3514470477793109,0.3681246500588514,0.2941232274482126,0.3672805436002833,0.3491501407390013,0.33742549826582724,0.366946549115848,0.3590552696557586,0.34662044459909747,0.36609015826701363,0.3679025576860486,0.3336320315622151,0.39399983601532995,0.45276505598355066,0.3269302322024983,0.3537463856978602,0.0,0.36195802421734646,0.356545837880639,0.34163189011924056,0.3497807908148096,0.3484324215345267,0.25203844699419387,0.3701833159851695,0.33790321232136133,0.3586531037988945,0.37084495593551503,0.337083826862387,0.3333453212651055,0.36444158725174913,0.35685379531005845,0.3587582039442381,0.3284138838729599,0.3962614580528112
0.35368987595269685,0.34175251976957866,0.28017429696598717,0.5641548726584392,0.3366578537318996,0.31334327547738106,0.3107926721629355,0.5425615723943729,0.3609982180034328,1.0,0.34163764631723437,0.5089894988691247,0.3459651251720416,0.5380142027429472,0.5339925355262665,0.3263770137976475,0.31643555829671777,0.3303307647388799,0.2721613379354746,0.317305073862879,0.31627862363653647,0.30378631311177573,0.32952851485409507,0.3200430074218764,0.32353090618400504,0.3435058316089683,0.33415070692895155,0.5337043668694039,0.3709259854157344,0.341761010598129,0.5412962218125901,0.32688115190790434,0.0,0.3244193278604789,0.31655828609036984,0.46911574334771156,0.3039647290038964,0.3266577880686825,0.3740906518058513,0.3356310191557106,0.5656062225973578,0.3224703288763059,0.329448457217695,0.5412445473574985,0.5449377110749309,0.34194008424438793,0.3262771037234118,0.32573684994292773,0.5124570718930244,0.3617491045001491
0.3996597578689739,0.4871680831766957,0.31045637575888596,0.32276869747642944,0.5197867746980451,0.45628407473613253,0.4186698953029979,0.3284491288859621,0.381885710361085,0.34163764631723437,1.0,0.3221258105197098,0.5575976139727442,0.32424322495627955,0.31887892046766764,0.43057256091914664,0.45442010665891197,0.5410856954959615,0.4425641063042901,0.4276048681540622,0.5217249194425913,0.5032635405362854,0.5373309885547538,0.4657240820027685,0.4360173546463253,0.4763867519146662,0.5441435727412979,0.3283547072917953,0.36939450165688636,0.3868320848404715,0.3071391149971131,0.4922880833016138,0.0,0.5256630990134421,0.4833919237691017,0.33353204043836315,0.4032767680963564,0.51137770654144,0.24763728580153865,0.5633560139460059,0.3146880076004197,0.49329728971040365,0.5474835657806214,0.3282622717719492,0.32893776754110626,0.3421953227918261,0.49571664053717834,0.4987650992939614,0.32962768415579313,0.36653936240536356
0.3502591822556742,0.3365203694876986,0.268381906284362,0.5294812621741676,0.3064533695484706,0.30870289209203106,0.3020764434245802,0.5155799899687848,0.3242100186815353,0.5089894988691247,0.3221258105197098,1.0,0.3175085364183008,0.511565195022595,0.606906419052825,0.3115262081890562,0.30426765475904827,0.3221457738112019,0.2614586448268267,0.3053075410236741,0.3080973618411573,0.296562789461281,0.32319871196866967,0.302730936476876,0.29718173640602574,0.31779893343158605,0.3166402684690418,0.5172708649138886,0.36690586752865517,0.32058988275353184,0.47188758980901024,0.3141469764039584,0.0,0.3248144162473121,0.31325208403487104,0.4391749513338018,0.2888112506676309,0.3233346273105143,0.3524114112969814,0.3204574308418051,0.4915359581755028,0.3090375087265316,0.31886393559697734,0.5191021575883434,0.5178895287559645,0.34099190478273267,0.3212043270963242,0.3221727351723658,0.4646242242415166,0.355914291726693
0.3826815997610674,0.4544888492209612,0.29308915863826834,0.33336692216314223,0.48161579663236487,0.436970992739647,0.3997685691586901,0.3364306342762422,0.370512310978815,0.3459651251720416,0.5575976139727442,0.3175085364183008,1.0,0.3167259078504483,0.3210667833230928,0.4244088170665171,0.4357300194016913,0.5313525335261702,0.5386918746564742,0.4090212934507219,0.5333147848085644,0.5691698686177694,0.5649751767340335,0.4447274043677657,0.42381296475452956,0.4638151835116452,0.5628813067506291,0.3188167679352303,0.35926497732242424,0.36980855912679755,0.3065035607072387,0.5498355066199433,0.0,0.5461468555609637,0.45618020838568374,0.3166139002497004,0.3909007238058224,0.520566546246126,0.2404579043675149,0.5589014984573742,0.32433887103743875,0.465768935665444,0.5537756472461612,0.32038809002417934,0.31932169795512566,0.327651027004892,0.47210034042668503,0.47329545855887145,0.3218394839148444,0.3569018754371869
0.33157148211321164,0.3187485326363594,0.26809826285010363,0.5731146742695661,0.31469056297818,0.3005155919988154,0.30068884995953626,0.5193181137138774,0.3392925631368855,0.5380142027429472,0.32424322495627955,0.511565195022595,0.3167259078504483,1.0,0.5742921979534642,0.30885904761199434,0.298647450887607,0.3183708743882334,0.26022845283337825,0.3062978593954686,0.30108056878879563,0.2958865814874243,0.31992195583884053,0.29434021835456103,0.29332034739419977,0.31520288486097736,0.3214735554314304,0.5469624278582493,0.3564067601291465,0.32283274602350154,0.5146329928049529,0.30948571789679524,0.0,0.3128472300937868,0.3047972001901469,0.45079313906214,0.2904543529211191,0.31014785936985767,0.3483005596393032,0.31636999734062243,0.5434254777606407,0.3066865715086927,0.3187554351033467,0.5482560515382446,0.5362894078737017,0.34091606086409043,0.3143591035200457,0.31476847126361984,0.49199176855153237,0.35640448935024016
0.3226233947369206,0.3118487593756325,0.2614260562856735,0.5876740723200204,0.3222540205247344,0.29832110469550754,0.2972577633789678,0.5086891798460785,0.3339430914922319,0.5339925355262665,0.31887892046766764,0.606906419052825,0.3210667833230928,0.5742921979534642,1.0,0.3074053985698686,0.3018109752784429,0.31426681218399233,0.25572103466989216,0.30177956828162333,0.2980290473415427,0.29064158702354315,0.3167291953056074,0.29586239285602467,0.2973914959087516,0.3206538477068829,0.3145303848875354,0.5191006258978439,0.3501382073977577,0.3142435754331967,0.5152450776656686,0.3137603973887796,0.0,0.30728161827587375,0.298920613944724,0.4459235978285707,0.2925304162791694,0.3097061673828124,0.35509783080065815,0.3123970287148211,0.5496843023586108,0.3063072791042156,0.31559410901237417,0.5249324220598768,0.5156641678890168,0.336720835257064,0.3144138338831254,0.31418662091808525,0.47449270369105234,0.35926919197354257
0.38603420374920705,0.4161669834327467,0.2924654977476002,0.32367494696270316,0.3937518005717082,0.41659939646787625,0.7663570315645134,0.3192916081105145,0.3721321855483357,0.3263770137976475,0.43057256091914664,0.3115262081890562,0.4244088170665171,0.30885904761199434,0.3074053985698686,1.0,0.4082883555888587,0.44631826721384127,0.365146547756831,0.7852418459696225,0.4314309488492354,0.417068523501974,0.44648401377991476,0.41153638245660473,0.40668553883193514,0.425736178461238,0.4207585725776116,0.30878222439500425,0.3591913260659386,0.36299808013975765,0.29274071496668264,0.401648433710855,0.0,0.41987337094118005,0.4268414579383609,0.32510022284314544,0.7423486493345767,0.3941786119040044,0.2424032469210048,0.412769992873102,0.30668693892733645,0.40907185412353575,0.41475118349076545,0.3133248705088292,0.31546017656509695,0.33381834899032714,0.4150890131513666,0.4196077237109288,0.31016132518594863,0.35657394899590944
0.37510507418713346,0.5075282452346664,0.27757631478770606,0.3139313488917199,0.46562552403451063,0.48035212321873944,0.3972311194955167,0.3140970248608328,0.3514470477793109,0.31643555829671777,0.45442010665891197,0.30426765475904827,0.4357300194016913,0.298647450887607,0.3018109752784429,0.4082883555888587,1.0,0.4396875975379957,0.35190281283760005,0.4011669996023465,0.41958922637432117,0.40059471468603447,0.4404561844074517,0.5618963139111612,0.546917598406067,0.5472774624391075,0.4323805406157122,0.2976449351359983,0.3508094724903651,0.3374329724100298,0.2918557938308026,0.47129710854752005,0.0,0.4485245473160735,0.5085541116558521,0.30015647690118397,0.38304689354894716,0.4171514966526031,0.24103552923377813,0.4385652185094061,0.2988986339411519,0.4700113203752635,0.4276734612650869,0.303414664135225,0.3139223550372665,0.3182988056021433,0.49313510966721164,0.5036784177018665,0.2931257725236045,0.3363972289338343
0.3879702043709785,0.47214445430941265,0.30191896654094474,0.3245523005499682,0.4476073606977625,0.4587012491791792,0.45089358833506554,0.3281979925586064,0.3681246500588514,0.3303307647388799,0.5410856954959615,0.3221457738112019,0.5313525335261702,0.3183708743882334,0.31426681218399233,0.44631826721384127,0.4396875975379957,1.0,0.4780648210563506,0.45535251344935257,0.5592855170806541,0.5260574936351472,0.5752151764376845,0.44313963240575127,0.427178259563856,0.45908369299623164,0.5567705185320737,0.32360811088357844,0.36574959026167886,0.3701302142602224,0.30306626172541984,0.4983598614083533,0.0,0.5355327951917566,0.4788409763307886,0.33991365497355874,0.43334604714963865,0.5028659108876917,0.24561451670980383,0.542275044628667,0.30860608217962604,0.48100703059349015,0.5397266536121832,0.32217513431167477,0.32176495125791615,0.33573582122372914,0.4871497314922135,0.4872912366670449,0.3199418530589675,0.36590359364701497
0.3133987339747798,0.3745785105351144,0.24185193682166028,0.2658958598109913,0.3605677031032887,0.372159565046966,0.36631426276147827,0.26922038427707573,0.2941232274482126,0.2721613379354746,0.4425641063042901,0.2614586448268267,0.5386918746564742,0.26022845283337825,0.25572103466989216,0.365146547756831,0.35190281283760005,0.4780648210563506,1.0,0.36844954224885385,0.4563319136542594,0.544693344684194,0.4688681721055823,0.35535795188457464,0.3435424862081491,0.36328962340225646,0.44610761432164736,0.2671081939497455,0.29295397195488426,0.2990103774004489,0.24541156673544562,0.479651378421483,0.0,0.4325848953220026,0.38090011420813075,0.27397424287715766,0.34880834235287794,0.41402040479425606,0.20804042317926297,0.44535897447298345,0.2548686985882185,0.38034919449746796,0.43852595622236157,0.27036492100219156,0.2694888809223356,0.27736528045623365,0.3807305673867106,0.38050746457006046,0.26300441270753017,0.2966822883362187
0.3843084439526747,0.4176970012979081,0.29217839010496705,0.313855798825348,0.3753633103410553,0.41168521692528703,0.8624773893924113,0.3158240247240667,0.3672805436002833,0.317305073862879,0.4276048681540622,0.3053075410236741,0.4090212934507219,0.3062978593954686,0.30177956828162333,0.7852418459696225,0.4011669996023465,0.45535251344935257,0.36844954224885385,1.0,0.4403881528144441,0.41267935103564823,0.4530734456288802,0.40534426880018715,0.39712357091002215,0.4129370918833575,0.4232209276733456,0.3106646454450884,0.3583797936097671,0.3596875255081716,0.2891903513639241,0.3952457183430167,0.0,0.4237421027771028,0.4253300181093782,0.32597707974068835,0.7919840199446313,0.3939384031325699,0.241123167620938,0.41868801073136264,0.29533888939374686,0.4182970822557066,0.4170249724648054,0.3131221964241049,0.31287300770064475,0.3341067026405733,0.41333945541955386,0.4168633903683646,0.30609712005626477,0.3581102945755601
0.36570073302170136,0.4447047608108794,0.29176237470223343,0.3096546053851026,0.4399512785381988,0.42166943239232313,0.4345067904998917,0.313562381734124,0.3491501407390013,0.31627862363653647,0.5217249194425913,0.3080973618411573,0.5333147848085644,0.30108056878879563,0.2980290473415427,0.4314309488492354,0.41958922637432117,0.5592855170806541,0.4563319136542594,0.4403881528144441,1.0,0.5158895290209118,0.5751403180971949,0.4138923233544687,0.4065713704284235,0.4473737182391977,0.5524752629737497,0.3118574852563909,0.34938864638128275,0.36030080181051016,0.2874793748228377,0.5020464899409214,0.0,0.5372350017448169,0.4525932290574297,0.32410638213541176,0.41234408311202164,0.5062382236264872,0.2377716036010996,0.5460559239457453,0.3004068218620749,0.4399069892495644,0.5374504510650169,0.3135237039337756,0.31562180877102397,0.33056306100351984,0.47071623880860347,0.4696093135648507,0.30974521719029857,0.35136316497050457
0.3553838307298379,0.42334782328591536,0.272610799955054,0.3018486985754255,0.4083464844580338,0.46992213821962425,0.41220356486576204,0.303645134717765,0.33742549826582724,0.30378631311177573,0.5032635405362854,0.296562789461281,0.5691698686177694,0.2958865814874243,0.29064158702354315,0.417068523501974,0.40059471468603447,0.5260574936351472,0.544693344684194,0.41267935103564823,0.5158895290209118,1.0,0.6732002585289432,0.39651852932081266,0.3857705205553329,0.413742616851584,0.5142929961686672,0.3028981681533479,0.33352796348915803,0.3371974258362743,0.27708255386925107,0.49970642667630594,0.0,0.6044581211957109,0.4289856300004692,0.3074847859277843,0.3902711241900281,0.4774537567036923,0.23405212524783225,0.5182517839704821,0.2856114298799187,0.42121810189146025,0.5116937045026902,0.304627471043298,0.3010107623416838,0.3118655709239331,0.42961387588898325,0.42989769175575476,0.29830290243213,0.3358676212045347
0.3852454881030136,0.4658035594429216,0.2993006909615922,0.3309564065020154,0.4493027596861613,0.4446743917788105,0.45110791948880846,0.3332442983429288,0.366946549115848,0.32952851485409507,0.5373309885547538,0.32319871196866967,0.5649751767340335,0.31992195583884053,0.3167291953056074,0.44648401377991476,0.4404561844074517,0.5752151764376845,0.4688681721055823,0.4530734456288802,0.5751403180971949,0.6732002585289432,1.0,0.43166669080929243,0.4271459057808158,0.4527795918826567,0.5728690750492508,0.3308720352280442,0.3670530545702556,0.3683177519455292,0.3065918983595197,0.5192340243392939,0.0,0.6642944708367713,0.4656865861617079,0.3351437304662398,0.4277353113367208,0.5242372484984404,0.2503944895286814,0.5672861683705466,0.31272707607580097,0.46047325577065257,0.5561722858810283,0.3325148588667145,0.33029827615040275,0.33875250034877746,0.4695920667637793,0.4692357772319865,0.3247213398699248,0.3647316988245072
0.37859640110012405,0.5642065549603312,0.2725626110095428,0.30972985327354907,0.45879241210756294,0.5278841464508919,0.4032180475921686,0.3195310723996735,0.3590552696557586,0.3200430074218764,0.4657240820027685,0.302730936476876,0.4447274043677657,0.29434021835456103,0.29586239285602467,0.41153638245660473,0.5618963139111612,0.44313963240575127,0.35535795188457464,0.40534426880018715,0.4138923233544687,0.39651852932081266,0.43166669080929243,1.0,0.5696236547022511,0.5236492217555437,0.4351410830428376,0.29218005453497065,0.3446314216603027,0.34097023175497065,0.2836872125653772,0.43175521855590515,0.0,0.4341543340004238,0.5726963364631957,0.2999623870222682,0.38983497403681766,0.40734213241967243,0.24549328601582254,0.43442039025113066,0.2988875297132556,0.4787518456399147,0.4203700447275105,0.2987913112416831,0.30376400455941943,0.31356981723166644,0.4736796456206597,0.48395080079703845,0.2908039264283693,0.3287649324385795
0.3723972512479904,0.5690226970609289,0.270628315749909,0.3174551976417871,0.45288502891526927,0.5313435318801105,0.3877588808698843,0.31187586292803626,0.34662044459909747,0.32353090618400504,0.4360173546463253,0.29718173640602574,0.42381296475452956,0.29332034739419977,0.2973914959087516,0.40668553883193514,0.546917598406067,0.427178259563856,0.3435424862081491,0.39712357091002215,0.4065713704284235,0.3857705205553329,0.4271459057808158,0.5696236547022511,1.0,0.5486968206003138,0.4176478552799796,0.28722646296553667,0.340787080259782,0.3272003931220452,0.28797883994172013,0.4705066026198277,0.0,0.42704054682815307,0.5603967514225039,0.292988296116637,0.3841531210472595,0.4144393406667717,0.23133759612538218,0.4212856236109829,0.3018566007414851,0.46117801664420055,0.41728200383326175,0.3056609820986942,0.3126297414642042,0.31672782393169197,0.47452386182545947,0.48362130035819506,0.2986484328355472,0.32790555305664004
0.3750284686825902,0.5303300724693065,0.28604014474498707,0.3312684474024844,0.47357772064485837,0.4865349268807767,0.40665116145439206,0.3332990811077865,0.36609015826701363,0.3435058316089683,0.4763867519146662,0.31779893343158605,0.4638151835116452,0.31520288486097736,0.3206538477068829,0.425736178461238,0.5472774624391075,0.45908369299623164,0.36328962340225646,0.4129370918833575,0.4473737182391977,0.413742616851584,0.4527795918826567,0.5236492217555437,0.5486968206003138,1.0,0.45464686261965026,0.31032736840291575,0.35294772936515695,0.357726188732144,0.31127695727857485,0.45211588198257313,0.0,0.44314172484388337,0.530464565287831,0.3141548098925534,0.40365329234103065,0.44455139375599695,0.2382835879774844,0.4612793817352937,0.32239096396713385,0.5004417451304963,0.44699052603021383,0.32853866098654705,0.3298778213978938,0.32082808383786265,0.5104258190246957,0.5158180350385848,0.32142618991439764,0.34284394290469933
0.38015461732450295,0.4675349673907704,0.30050315856257215,0.3245991117823305,0.45498374327816704,0.4336637149828806,0.4176160796032694,0.32933431478897635,0.3679025576860486,0.33415070692895155,0.5441435727412979,0.3166402684690418,0.5628813067506291,0.3214735554314304,0.3145303848875354,0.4207585725776116,0.4323805406157122,0.5567705185320737,0.44610761432164736,0.4232209276733456,0.5524752629737497,0.5142929961686672,0.5728690750492508,0.4351410830428376,0.4176478552799796,0.45464686261965026,1.0,0.3258163987284719,0.36812255539045646,0.3693402738677297,0.3041600858761332,0.5198001615094335,0.0,0.5413381482456491,0.46422427484039375,0.32894110336983484,0.3995887057827645,0.5908011614735702,0.23544856620569998,0.5810308363539702,0.31333972872399674,0.46454623516454563,0.6424242780991889,0.32898247299718986,0.32262461508955254,0.343067427980587,0.47405193539797363,0.4727788708764522,0.32682732649356183,0.36679369060284595
0.3435586148991936,0.3302778718217002,0.2746028142252447,0.5503325681453011,0.29312710298779077,0.30274056250049386,0.3054760331872721,0.7040328502439182,0.3336320315622151,0.5337043668694039,0.3283547072917953,0.5172708649138886,0.3188167679352303,0.5469624278582493,0.5191006258978439,0.30878222439500425,0.2976449351359983,0.32360811088357844,0.2671081939497455,0.3106646454450884,0.3118574852563909,0.3028981681533479,0.3308720352280442,0.29218005453497065,0.28722646296553667,0.31032736840291575,0.3258163987284719,1.0,0.3636759800755138,0.3306514365558222,0.5010292128506431,0.31142428085466334,0.0,0.3202756091330857,0.30490751859974385,0.45503366106198995,0.2941637989635695,0.33263321636308685,0.34884835345194276,0.3244384984011355,0.5195267803698569,0.3124866929895458,0.3245646999374825,0.8053323813589068,0.7608449567715003,0.3404629027894168,0.3213079582082319,0.31978309818938166,0.5006781527446571,0.35973996375341033
0.40053376205729263,0.3684297587483021,0.3160701472727623,0.3570507454622869,0.33676712505342965,0.34970024523153853,0.3536887188106419,0.36838572734233166,0.39399983601532995,0.3709259854157344,0.36939450165688636,0.36690586752865517,0.35926497732242424,0.3564067601291465,0.3501382073977577,0.3591913260659386,0.3508094724903651,0.36574959026167886,0.29295397195488426,0.3583797936097671,0.34938864638128275,0.33352796348915803,0.3670530545702556,0.3446314216603027,0.340787080259782,0.35294772936515695,0.36812255539045646,0.3636759800755138,1.0,0.38697795427117043,0.3432450342224209,0.35399773360408704,0.0,0.3630136780180916,0.3537031940332084,0.3615535772335291,0.3393690753638611,0.35642569790201273,0.2660877163165304,0.36719245326182337,0.34459229471300146,0.34893455257575234,0.36423147906097575,0.36258777417366395,0.36384671183004846,0.43013341065690003,0.3584508137846796,0.357928249565716,0.3539885438871847,0.6345834358888283
0.43495915602185553,0.36597974176933,0.32097264972802597,0.32674952493329723,0.3384542553215556,0.33642306689397605,0.35303112756421173,0.33801005567227205,0.45276505598355066,0.341761010598129,0.3868320848404715,0.32058988275353184,0.36980855912679755,0.32283274602350154,0.3142435754331967,0.36299808013975765,0.3374329724100298,0.3701302142602224,0.2990103774004489,0.3596875255081716,0.36030080181051016,0.3371974258362743,0.3683177519455292,0.34097023175497065,0.3272003931220452,0.357726188732144,0.3693402738677297,0.3306514365558222,0.38697795427117043,1.0,0.3097387535547085,0.3392642618160303,0.0,0.3559516717260134,0.3544136367867512,0.33015858204384085,0.34045552125232836,0.3540130236610409,0.2394569420130671,0.3838877990861924,0.31871496144227696,0.3566920167746567,0.36826552007769553,0.33453648162467087,0.3291343107228094,0.3714132254876191,0.3644289956077734,0.3633173024906772,0.3262960392638027,0.3954062133481788
0.3132697647553707,0.3054348696566275,0.25449038655049205,0.5204809512743047,0.30855445431045303,0.28644377417411293,0.2845524237787449,0.503955986907786,0.3269302322024983,0.5412962218125901,0.3071391149971131,0.47188758980901024,0.3065035607072387,0.5146329928049529,0.5152450776656686,0.29274071496668264,0.2918557938308026,0.30306626172541984,0.24541156673544562,0.2891903513639241,0.2874793748228377,0.27708255386925107,0.3065918983595197,0.2836872125653772,0.28797883994172013,0.31127695727857485,0.3041600858761332,0.5010292128506431,0.3432450342224209,0.3097387535547085,1.0,0.3032334097680609,0.0,0.30213333155590183,0.28826072011082327,0.43350391365516594,0.27863863743910966,0.29876033189789386,0.33823479097854336,0.3026082850757956,0.6504388403185049,0.29461250121494154,0.29969963200192373,0.5029282778861777,0.49653605239690257,0.32097950580808843,0.2992780741776998,0.2984163140838144,0.4632968898735321,0.3362042958014535
0.3670456673603322,0.4416120823255969,0.2793689174138281,0.3310817850762562,0.46793852287341664,0.4291324403707505,0.3877994581668094,0.3253670897561357,0.3537463856978602,0.32688115190790434,0.4922880833016138,0.3141469764039584,0.5498355066199433,0.30948571789679524,0.3137603973887796,0.401648433710855,0.47129710854752005,0.4983598614083533,0.479651378421483,0.3952457183430167,0.5020464899409214,0.49970642667630594,0.5192340243392939,0.43175521855590515,0.4705066026198277,0.45211588198257313,0.5198001615094335,0.31142428085466334,0.35399773360408704,0.3392642618160303,0.3032334097680609,1.0,0.0,0.5059169158537591,0.4301130982285447,0.3098049482422395,0.38524450317228875,0.5072423940277071,0.2542354176439351,0.5247751501772219,0.31119131461732297,0.4450621474698816,0.5312277566348744,0.3149592646966004,0.32419089930919476,0.32367667194525107,0.4595291393233716,0.45949116786935673,0.30384533550510384,0.34163207315186217
0.0,0.0,0.0,0.0,0.0,0.0,0.0,0.0,0.0,0.0,0.0,0.0,0.0,0.0,0.0,0.0,0.0,0.0,0.0,0.0,0.0,0.0,0.0,0.0,0.0,0.0,0.0,0.0,0.0,0.0,0.0,0.0,1.0,0.0,0.0,0.0,0.0,0.0,0.0,0.0,0.0,0.0,0.0,0.0,0.0,0.0,0.0,0.0,0.0,0.0
0.3839049684841651,0.45911684867602653,0.2956228110652863,0.31824955266856314,0.4513003674645264,0.4513455400690304,0.4204012439292151,0.3291880501165142,0.36195802421734646,0.3244193278604789,0.5256630990134421,0.3248144162473121,0.5461468555609637,0.3128472300937868,0.30728161827587375,0.41987337094118005,0.4485245473160735,0.5355327951917566,0.4325848953220026,0.4237421027771028,0.5372350017448169,0.6044581211957109,0.6642944708367713,0.4341543340004238,0.42704054682815307,0.44314172484388337,0.5413381482456491,0.3202756091330857,0.3630136780180916,0.3559516717260134,0.30213333155590183,0.5059169158537591,0.0,1.0,0.46698472354703113,0.3443402557174322,0.3980621064534914,0.5061285578116022,0.2650060484573904,0.5459176710974474,0.3041795078461307,0.45853263669833677,0.543353560551569,0.32063393779523,0.3255058278026667,0.33161760559750875,0.4675602284888375,0.4694088102786851,0.3140924555434921,0.35890308627419654
0.3823679961528471,0.5946003057464704,0.28463731256704117,0.3094695687617165,0.43082900177850036,0.5542519314558858,0.42078219237241143,0.31462354013452176,0.356545837880639,0.31655828609036984,0.4833919237691017,0.31325208403487104,0.45618020838568374,0.3047972001901469,0.298920613944724,0.4268414579383609,0.5085541116558521,0.4788409763307886,0.38090011420813075,0.4253300181093782,0.4525932290574297,0.4289856300004692,0.4656865861617079,0.5726963364631957,0.5603967514225039,0.530464565287831,0.46422427484039375,0.30490751859974385,0.3537031940332084,0.3544136367867512,0.28826072011082327,0.4301130982285447,0.0,0.46698472354703113,1.0,0.3139715921640852,0.40024173861712653,0.43456254491168167,0.24115357769971535,0.4679430610541042,0.29540910400063747,0.5044279224689229,0.4603760734986816,0.3083970643572772,0.3114026679828662,0.3248508939496696,0.5096123833669148,0.516329886316423,0.30600990051672783,0.3446343829716516
0.3330213406893533,0.3159459348629605,0.27529754456158695,0.45500055788436033,0.2945391607339455,0.31299598110546845,0.32558595181682637,0.45830758386136117,0.34163189011924056,0.46911574334771156,0.33353204043836315,0.4391749513338018,0.3166139002497004,0.45079313906214,0.4459235978285707,0.32510022284314544,0.30015647690118397,0.33991365497355874,0.27397424287715766,0.32597707974068835,0.32410638213541176,0.3074847859277843,0.3351437304662398,0.2999623870222682,0.292988296116637,0.3141548098925534,0.32894110336983484,0.45503366106198995,0.3615535772335291,0.33015858204384085,0.43350391365516594,0.3098049482422395,0.0,0.3443402557174322,0.3139715921640852,1.0,0.311904181270532,0.31539719908300157,0.38075132408339696,0.3298215120395126,0.4478802780040859,0.3170338501124852,0.3271060001130396,0.4614438700496162,0.4649956843809787,0.33492611159866936,0.3205235485945489,0.319165302246729,0.45670717200187183,0.362431012342882
0.3591161238699532,0.39071650367877764,0.27373140929318507,0.3011917481791814,0.36743809780512515,0.38960587127601876,0.7770220075978078,0.30064942487548485,0.3497807908148096,0.3039647290038964,0.4032767680963564,0.2888112506676309,0.3909007238058224,0.2904543529211191,0.2925304162791694,0.7423486493345767,0.38304689354894716,0.43334604714963865,0.34880834235287794,0.7919840199446313,0.41234408311202164,0.3902711241900281,0.4277353113367208,0.38983497403681766,0.3841531210472595,0.40365329234103065,0.3995887057827645,0.2941637989635695,0.3393690753638611,0.34045552125232836,0.27863863743910966,0.38524450317228875,0.0,0.3980621064534914,0.40024173861712653,0.311904181270532,1.0,0.37287305516347,0.23435730258378695,0.38979648808765366,0.2849321772807215,0.3918392004195206,0.39731574387939683,0.2953476933261858,0.29455103866985755,0.3123788528559026,0.3847556142711056,0.3869952540382936,0.2865862615952448,0.33540343866236344
0.3743428878285632,0.46514394103385437,0.2901850773010999,0.3136089753461305,0.4727061684867885,0.4341973674591486,0.3859294670122809,0.3386819218654541,0.3484324215345267,0.3266577880686825,0.51137770654144,0.3233346273105143,0.520566546246126,0.31014785936985767,0.3097061673828124,0.3941786119040044,0.4171514966526031,0.5028659108876917,0.41402040479425606,0.3939384031325699,0.5062382236264872,0.4774537567036923,0.5242372484984404,0.40734213241967243,0.4144393406667717,0.44455139375599695,0.5908011614735702,0.33263321636308685,0.35642569790201273,0.3540130236610409,0.29876033189789386,0.5072423940277071,0.0,0.5061285578116022,0.43456254491168167,0.31539719908300157,0.37287305516347,1.0,0.24119455369756115,0.5467428173502304,0.309353221941122,0.4554811880280568,0.6311815804240846,0.33590605459278333,0.3294900376069574,0.3309138938298718,0.47674900786224494,0.4735405441420235,0.32600922774556496,0.3558823496127752
0.256904276674915,0.24101934757636545,0.20060673920957606,0.359568985761086,0.25016299823460364,0.25520500596015827,0.2461611274504688,0.37045078566768175,0.25203844699419387,0.3740906518058513,0.24763728580153865,0.3524114112969814,0.2404579043675149,0.3483005596393032,0.35509783080065815,0.2424032469210048,0.24103552923377813,0.24561451670980383,0.20804042317926297,0.241123167620938,0.2377716036010996,0.23405212524783225,0.2503944895286814,0.24549328601582254,0.23133759612538218,0.2382835879774844,0.23544856620569998,0.34884835345194276,0.2660877163165304,0.2394569420130671,0.33823479097854336,0.2542354176439351,0.0,0.2650060484573904,0.24115357769971535,0.38075132408339696,0.23435730258378695,0.24119455369756115,1.0,0.2506733280161372,0.35285590841587167,0.24291525156442795,0.2424797135674709,0.36022428478271173,0.3766966339246882,0.2532448044974529,0.24632347942681676,0.2472483371530344,0.3528501246535758,0.2586709275763496
0.383610314310868,0.4740133107622976,0.3032289986025575,0.31741178796112746,0.4629216081636319,0.44443883833951936,0.4098634918948104,0.3341139558071502,0.3701833159851695,0.3356310191557106,0.5633560139460059,0.3204574308418051,0.5589014984573742,0.31636999734062243,0.3123970287148211,0.412769992873102,0.4385652185094061,0.542275044628667,0.44535897447298345,0.41868801073136264,0.5460559239457453,0.5182517839704821,0.5672861683705466,0.43442039025113066,0.4212856236109829,0.4612793817352937,0.5810308363539702,0.3244384984011355,0.36719245326182337,0.3838877990861924,0.3026082850757956,0.5247751501772219,0.0,0.5459176710974474,0.4679430610541042,0.3298215120395126,0.38979648808765366,0.5467428173502304,0.2506733280161372,1.0,0.3082993893261484,0.4747408970494048,0.5805082635017578,0.3270320677288324,0.3286121748226911,0.34750560176685097,0.49714197886625233,0.49466948324938886,0.32555617509847545,0.37060889553055476
