../ecoli_genomes/GCF_000163235.1_ASM16323v1_genomic.fna.gz,../ecoli_genomes/GCF_000164555.1_ASM16455v1_genomic.fna.gz,../ecoli_genomes/GCF_000208545.1_ASM20854v2_genomic.fna.gz,../ecoli_genomes/GCF_000233875.1_ASM23387v1_genomic.fna.gz,../ecoli_genomes/GCF_000249735.1_ASM24973v2_genomic.fna.gz,../ecoli_genomes/GCF_000261145.1_Esch_coli_M919_V2_genomic.fna.gz,../ecoli_genomes/GCF_000267705.2_ASM26770v2_genomic.fna.gz,../ecoli_genomes/GCF_000350665.1_Esch_coli_KTE5_V1_genomic.fna.gz,../ecoli_genomes/GCF_000351625.1_Esch_coli_KTE66_V1_genomic.fna.gz,../ecoli_genomes/GCF_000352285.1_Esch_coli_KTE46_V1_genomic.fna.gz,../ecoli_genomes/GCF_000358895.1_ASM35889v1_genomic.fna.gz,../ecoli_genomes/GCF_000456385.1_Esch_coli_HVH_26_4-5703913_V1_genomic.fna.gz,../ecoli_genomes/GCF_000458195.1_Esch_coli_HVH_147_4-5893887_V1_genomic.fna.gz,../ecoli_genomes/GCF_000459755.1_Esch_coli_KOEGE_58_171a_V1_genomic.fna.gz,../ecoli_genomes/GCF_000460055.1_Esch_coli_UMEA_3053-1_V1_genomic.fna.gz,../ecoli_genomes/GCF_000462165.2_ASM46216v2_genomic.fna.gz,../ecoli_genomes/GCF_000601135.1_ASM60113v1_genomic.fna.gz,../ecoli_genomes/GCF_000614595.1_Ec2010EL1058_genomic.fna.gz,../ecoli_genomes/GCF_000617745.1_Ec2010C-4529_genomic.fna.gz,../ecoli_genomes/GCF_000618265.2_EcF6751_genomic.fna.gz,../ecoli_genomes/GCF_000619005.2_Ec2009C-4052_genomic.fna.gz,../ecoli_genomes/GCF_000619105.1_Ec2009C-4780_genomic.fna.gz,../ecoli_genomes/GCF_000619765.2_Ec2009C-3279_genomic.fna.gz,../ecoli_genomes/GCF_000687005.1_ASM68700v1_genomic.fna.gz,../ecoli_genomes/GCF_000687025.1_ASM68702v1_genomic.fna.gz,../ecoli_genomes/GCF_000700125.1_ASM70012v1_genomic.fna.gz,../ecoli_genomes/GCF_000753315.1_FHI35_genomic.fna.gz,../ecoli_genomes/GCF_000776375.1_ASM77637v1_genomic.fna.gz,../ecoli_genomes/GCF_000779395.1_ASM77939v1_genomic.fna.gz,../ecoli_genomes/GCF_000780315.1_ASM78031v1_genomic.fna.gz,../ecoli_genomes/GCF_000781995.1_ASM78199v1_genomic.fna.gz,../ecoli_genomes/GCF_000986765.1_ASM98676v1_genomic.fna.gz,../ecoli_genomes/GCF_001041375.1_ViralProj287958_genomic.fna.gz,../ecoli_genomes/GCF_001265335.1_302014_genomic.fna.gz,../ecoli_genomes/GCF_001265625.1_100854_genomic.fna.gz,../ecoli_genomes/GCF_001267345.1_303289_genomic.fna.gz,../ecoli_genomes/GCF_001309985.1_ASM130998v1_genomic.fna.gz,../ecoli_genomes/GCF_001521695.1_ASM152169v1_genomic.fna.gz,../ecoli_genomes/GCF_001592595.1_ASM159259v1_genomic.fna.gz,../ecoli_genomes/GCF_001614975.1_ASM161497v1_genomic.fna.gz,../ecoli_genomes/GCF_001692775.1_ASM169277v1_genomic.fna.gz,../ecoli_genomes/GCF_001748915.1_ASM174891v1_genomic.fna.gz,../ecoli_genomes/GCF_001749235.1_ASM174923v1_genomic.fna.gz,../ecoli_genomes/GCF_001881155.1_ASM188115v1_genomic.fna.gz,../ecoli_genomes/GCF_001881345.1_ASM188134v1_genomic.fna.gz,../ecoli_genomes/GCF_001892405.1_ASM189240v1_genomic.fna.gz,../ecoli_genomes/GCF_001892585.1_ASM189258v1_genomic.fna.gz,../ecoli_genomes/GCF_001893985.1_ASM189398v1_genomic.fna.gz,../ecoli_genomes/GCF_002001595.1_ASM200159v1_genomic.fna.gz,../ecoli_genomes/GCF_002002145.1_ASM200214v1_genomic.fna.gz
1.0,0.786670061736924,0.7602312180129873,0.757635811746953,0.7559122840484053,0.7559471732588855,0.7666559343013007,0.7609269253391465,0.7952010699521779,0.7679478020960552,0.764209900753597,0.7683510592817177,0.7652434933952341,0.7616086565117264,0.7506878444241061,0.770684836075685,0.7634378003076763,0.7742199249614661,0.7350825752661097,0.7747504437272087,0.7676327926035903,0.7451566716176261,0.7769529077933477,0.7588852261859502,0.7472282931168461,0.766540712904727,0.7728249755070203,0.758788228082106,0.7842134556899869,0.7964298050647742,0.7489550344581478,0.766352467702718,0.06991584702591669,0.7651898069681708,0.7662953868986616,0.7589336368417496,0.7642032271837361,0.7708426542562273,0.6686702232229786,0.7737860707913393,0.7539526144019149,0.7715602341655108,0.7769772414480057,0.7633889690651677,0.7626082209652179,0.7718287543990155,0.7776070776750923,0.7772962338547271,0.7672660805487304,0.7845963307757755
0.786670061736924,1.0,0.7576754404251675,0.7648293637069082,0.7835383619705139,0.8103534867223778,0.7743443953005504,0.7660008018036074,0.7730051944528747,0.7706937014459181,0.797104066542658,0.7670448161515625,0.7993714366609949,0.7614285398332633,0.7551087394848972,0.7818295390744832,0.806773027911712,0.8046514901537496,0.7635961712129581,0.7850055833058318,0.7999177556906638,0.7646592484162267,0.8044740196571758,0.8107093021956446,0.8077727470119116,0.8131314586569467,0.8004899954861371,0.7683227646894821,0.7806046979701968,0.7746274162400995,0.7528703806634152,0.7953945501428322,0.05962417763142025,0.7931299419665874,0.8297359387025935,0.7638088105271853,0.7743895714884734,0.8008612341029415,0.6590301598787192,0.8069951760439056,0.7579103464924664,0.8140395055310226,0.8033751685062107,0.7764858263156398,0.770199717483553,0.7673446697252085,0.8204951848737021,0.8205196920664792,0.7756333987437479,0.7741277205079445
0.7602312180129873,0.7576754404251675,1.0,0.7406573487504732,0.7222538327386455,0.7253789013658742,0.728621971960667,0.739020493371656,0.7559199413139835,0.744463185829165,0.735161288426973,0.7378322619341783,0.7356782530007802,0.7356919144572109,0.7375951471412074,0.7380413878508618,0.7284690808734411,0.7473642181227528,0.7086159143358407,0.7358883499720557,0.7442674925091174,0.7108400506013856,0.7424974670227561,0.7272406830369348,0.7225092672097406,0.7375859887825813,0.7414281144323823,0.7379546893679427,0.7592720150528274,0.7548478722202707,0.7329338065527049,0.7297912543692897,0.06485995253713939,0.7366971989995023,0.7375144132873475,0.7372882559865325,0.7263496646330173,0.7373058545382702,0.627424765653436,0.7448079014543271,0.7305684008894064,0.7465419919196041,0.7421103084418537,0.7442087700604786,0.7388453547168214,0.7488176499326954,0.7503819962746964,0.7489648201303252,0.7504759666888298,0.7637773193545584
0.757635811746953,0.7648293637069082,0.7406573487504732,1.0,0.7420824595454536,0.7459777936472294,0.7370141224125512,0.8249585204704091,0.7604312766006284,0.8264515127301676,0.7449087578802882,0.8286988322015572,0.7472998499032237,0.8403037605689826,0.8441002770313091,0.7423106498147571,0.7448194719520108,0.7515085463455132,0.7181421875165623,0.7460854516882977,0.7449353468172155,0.7242441901683302,0.7603141914432057,0.7339454318989178,0.7337358357633983,0.7483307829461936,0.7463024582716138,0.8351690225498706,0.7718113704112541,0.7494579738985827,0.8180027266919278,0.7490762008426828,0.05766741702213829,0.7435005184248306,0.7429424120193759,0.795015821204486,0.7326482122614006,0.7491748205894599,0.7000361617745944,0.7465928509478482,0.8292113446507431,0.751950895147107,0.7493851463615846,0.8388176181844601,0.828965119621869,0.7585256688900104,0.75471833336261,0.7562468570014172,0.8160733799405379,0.7706342794997636
0.7559122840484053,0.7835383619705139,0.7222538327386455,0.7420824595454536,1.0,0.7719379136104102,0.755047238591979,0.7429100836679816,0.7475507648503101,0.7446533864856371,0.798456084278595,0.7402611338797132,0.7952790527203117,0.7427889584312515,0.7390371219276626,0.7619126044618131,0.7768239513060757,0.7893355522638978,0.7588083914479302,0.7634589519604242,0.7874818520044309,0.7601195687896044,0.7910348888441792,0.7636046386393305,0.763603126663564,0.7831310733242001,0.7878838936029345,0.7381783082792156,0.7591037356078578,0.7513856335234539,0.731914845426225,0.7891582608109071,0.06383325121816197,0.782146504546321,0.7757439527067692,0.7395591405311588,0.7602284262747263,0.8046838857906073,0.6566516202684094,0.7987786959252552,0.742681879601343,0.7863849876938491,0.7967835143152724,0.7450222142315914,0.7401934847852916,0.742992070052148,0.7902309486670333,0.791145291058161,0.7442239566185063,0.7562111059894813
0.7559471732588855,0.8103534867223778,0.7253789013658742,0.7459777936472294,0.7719379136104102,1.0,0.7824426858286846,0.7502111659101949,0.7432149670711177,0.7418313938136325,0.7823473596187503,0.7456496105570545,0.7729479105968606,0.7457452062971383,0.7345345027687079,0.7751407328801029,0.7871291210313923,0.7887775612293473,0.755607590624349,0.7732444417330742,0.7782768261918334,0.7798352175980631,0.7827665621127549,0.8001326250906259,0.798353996135089,0.7985746450485751,0.7698926031682176,0.7471153191348455,0.7587270316791722,0.7487745700203954,0.7337411712746363,0.7834249013109311,0.06675465967680916,0.7788022252724551,0.8168373607633798,0.7562997728153851,0.7713315231721564,0.7763611266389772,0.649592182191757,0.7839513310351766,0.7385809981134607,0.7986434061649195,0.7826025457703069,0.7546969034553239,0.7495238888924333,0.7490839726937547,0.7979035459287281,0.7995297783481677,0.7471463143874791,0.760609575933082
0.7666559343013007,0.7743443953005504,0.728621971960667,0.7370141224125512,0.755047238591979,0.7824426858286846,1.0,0.7382432989214118,0.7559844905458355,0.7375997987637463,0.7821644330617432,0.7356499986243155,0.7732919031448562,0.7374684750562831,0.7285141858568815,0.9035695248248429,0.7662899434088067,0.7930983240635595,0.7656145154380393,0.9278023620125527,0.7968142263755451,0.7891835642723413,0.7974248329718003,0.7683302560570812,0.7561560150389638,0.7778337254070045,0.7793037734751188,0.7383249691968006,0.7594814986628007,0.7583176059242819,0.7256257699822981,0.7755340562938671,0.06794169841052822,0.7789501981824201,0.7855827371553562,0.7540097299481693,0.914370264414372,0.767043875885233,0.6462943569579855,0.7790667834712206,0.729704750731961,0.7805554000106659,0.7854474828263963,0.7455280375114275,0.742523978524015,0.7458511438779072,0.77220734608149,0.7714974213807078,0.7419267741460924,0.7623778226484499
0.7609269253391465,0.7660008018036074,0.739020493371656,0.8249585204704091,0.7429100836679816,0.7502111659101949,0.7382432989214118,1.0,0.7586037064344137,0.8216467061403229,0.7482991432798815,0.8275422910167053,0.7511138400962973,0.8188829433075958,0.8165094821534299,0.7424200322557386,0.7462620314250994,0.7574719494900264,0.7262123446153756,0.7448958828706289,0.749002514289364,0.7220066267760501,0.7565052787862001,0.7444977338737189,0.7327773079788151,0.7458937121771316,0.7515685736539786,0.8826685778064217,0.7764865483372794,0.7508794879186828,0.8127398806521922,0.7456336245369064,0.05939842396005435,0.7457352255893676,0.7478837119123651,0.7895498203211625,0.7319346452182629,0.7545911683862785,0.702244309907919,0.7567153008170496,0.8131400782244025,0.7581855608020536,0.7544002280551525,0.8861678247155832,0.8717810528980354,0.759736935882278,0.7546168981241883,0.7555813991880773,0.809143707141541,0.7703850256147745
0.7952010699521779,0.7730051944528747,0.7559199413139835,0.7604312766006284,0.7475507648503101,0.7432149670711177,0.7559844905458355,0.7586037064344137,1.0,0.7677068862654503,0.760243342847728,0.7601501851532161,0.7600920499415567,0.7615638968495124,0.7552556363386136,0.7645281102674916,0.752471648277043,0.7691932914663215,0.7250450926392121,0.7680600599568375,0.7647371607742819,0.7342418373861923,0.7675147873568191,0.7478722303547988,0.7406256825772808,0.7584401663647674,0.7686317371979317,0.757427337628734,0.7822643801322391,0.8034169306804053,0.74960966687781,0.7544375152621371,0.052614096567878965,0.7549072020371367,0.7549245963335041,0.7602349280610615,0.7538672415216116,0.7597654257964881,0.6513659396745871,0.7666078713205241,0.7534026409560701,0.7590924148771914,0.7737733178009369,0.7632110183526037,0.7565182692530372,0.7659672695242039,0.7703496917373519,0.7702814830686215,0.764447511232197,0.7834173953197962
0.7679478020960552,0.7706937014459181,0.744463185829165,0.8264515127301676,0.7446533864856371,0.7418313938136325,0.7375997987637463,0.8216467061403229,0.7677068862654503,1.0,0.7531359269721691,0.8169134390987439,0.7519800310662307,0.817546531325037,0.8144334132811857,0.7459040161906771,0.7390273293075051,0.7516051264435115,0.7180081433184041,0.7463115172362326,0.7461008415121826,0.7220646389849554,0.7535998775975528,0.7357642295664855,0.7354861811499701,0.7472658491135924,0.7509474666605933,0.8190014648903644,0.7764510831781006,0.7625311366041091,0.8282714765038177,0.7416950445522822,0.06198383233282123,0.7404014544155434,0.7467851831383825,0.7943656734372844,0.7343038651993308,0.7473557557918589,0.6888439711734029,0.7564018698025263,0.8295924052481919,0.7552218951162193,0.7531112219791639,0.8241326684607849,0.8238638479922896,0.7554676284748386,0.7567653152929539,0.7566734214117516,0.8230851326480062,0.7677609274088374
0.764209900753597,0.797104066542658,0.735161288426973,0.7449087578802882,0.798456084278595,0.7823473596187503,0.7821644330617432,0.7482991432798815,0.760243342847728,0.7531359269721691,1.0,0.7492240434931893,0.8278125868343253,0.7492043833937712,0.7405976369960534,0.7866653615837045,0.7786318845183707,0.8173197172795472,0.7805213477815481,0.7854416545874441,0.8088444512573718,0.8023383263928814,0.8201204916109477,0.7802009217538646,0.7683163996804357,0.8001539103751302,0.8278911985451869,0.7489232435527018,0.7724755710315594,0.76313796596663,0.7398875469886038,0.7971749830405981,0.06580072266378423,0.8041810484088601,0.7955631944158255,0.7528047588204253,0.7762747591230578,0.8098228067542736,0.635676486871248,0.8325361875028502,0.7447994028784031,0.7999789431810859,0.8277899446508028,0.7517652268057216,0.745837900195369,0.7512099523140564,0.7989716967764937,0.7976433790010004,0.7583260223713719,0.7689489192242218
0.7683510592817177,0.7670448161515625,0.7378322619341783,0.8286988322015572,0.7402611338797132,0.7456496105570545,0.7356499986243155,0.8275422910167053,0.7601501851532161,0.8169134390987439,0.7492240434931893,1.0,0.7474264281373397,0.8208373020397374,0.83953268678732,0.7427040689676891,0.7461888859646186,0.7523662420297663,0.7204458505230211,0.7413326272889766,0.7469414540792501,0.7263513279593757,0.7548305770770023,0.741423047049838,0.734068779172859,0.7497619650481302,0.7465637075838885,0.8307378900472572,0.7742568343177254,0.7548519206217137,0.8046730496077634,0.7460055360197341,0.059190492997422184,0.7460735451715339,0.7472393390310075,0.7916379796770505,0.7289220253449824,0.7517345268695321,0.6995240636451654,0.7531461126279994,0.8136830729780902,0.7520026908937578,0.7528559800447338,0.8328395718713932,0.8272094906152087,0.7566579245351961,0.7575437876517418,0.7582721821544065,0.8105190665767873,0.7683932381073668
0.7652434933952341,0.7993714366609949,0.7356782530007802,0.7472998499032237,0.7952790527203117,0.7729479105968606,0.7732919031448562,0.7511138400962973,0.7600920499415567,0.7519800310662307,0.8278125868343253,0.7474264281373397,1.0,0.7466721892937036,0.7434065486260772,0.7814404732409783,0.7836133165596029,0.8259749523510957,0.8213774761356512,0.7834136129257947,0.8299805159831253,0.8217387304535424,0.8428201146322537,0.7753770118599845,0.7626356923827422,0.7881588709849746,0.8477301029304154,0.7503480488469921,0.7719277342703894,0.7652121352680737,0.7365410567113075,0.8177757512681476,0.06321860755762354,0.8335714682131465,0.7965015632688521,0.7543883672258683,0.7768226232563988,0.8282129218843597,0.6539732956089821,0.8459591202743568,0.7458108988930513,0.7975923991157075,0.8389373338337774,0.7552893212784385,0.746998629721876,0.7510060435923731,0.802828837036959,0.8016714841470913,0.7570121580067588,0.7614612042075806
0.7616086565117264,0.7614285398332633,0.7356919144572109,0.8403037605689826,0.7427889584312515,0.7457452062971383,0.7374684750562831,0.8188829433075958,0.7615638968495124,0.817546531325037,0.7492043833937712,0.8208373020397374,0.7466721892937036,1.0,0.8368214038365787,0.74054612404774,0.7437463620020044,0.7564431091000301,0.7255302085876332,0.7452384219352011,0.7428403687245321,0.7258331443367464,0.7566380835847284,0.7310615654108716,0.7261914379982606,0.7468777765106147,0.7510890187782542,0.8329567620200985,0.773975526617069,0.7492130229045502,0.8150068314550234,0.7512320110334957,0.055994431698023206,0.7472337238582744,0.7423596652635751,0.7919750903470986,0.7314986301573625,0.7523826073940263,0.6919326958712638,0.7515268506920905,0.8228889387451381,0.750498678839356,0.7571343254164568,0.8350194983976241,0.825994362440667,0.7615937868241531,0.7588124849889542,0.7599176062391934,0.8094173342604313,0.7698725976389582
0.7506878444241061,0.7551087394848972,0.7375951471412074,0.8441002770313091,0.7390371219276626,0.7345345027687079,0.7285141858568815,0.8165094821534299,0.7552556363386136,0.8144334132811857,0.7405976369960534,0.83953268678732,0.7434065486260772,0.8368214038365787,1.0,0.7341549937508398,0.7373596084396785,0.748903720450942,0.7198722115738033,0.7380789061031114,0.7434956417655582,0.7173837796660909,0.7511892390454863,0.7210614547657269,0.7232310456093508,0.740655673616432,0.74121093555809,0.8173553816333547,0.7650419408131668,0.7433612492931911,0.8217828948249493,0.7415627526910848,0.05542856908404692,0.741821909248323,0.7351493909138394,0.7822836041377339,0.7252233329705056,0.7434722427346605,0.6868002416603798,0.7482927682939202,0.8288544507779372,0.7523252745280353,0.747652619334157,0.821358161144216,0.8164535657691604,0.7571486994487652,0.7560611023704092,0.7566098945977555,0.8036304280148856,0.7690756201782988
0.770684836075685,0.7818295390744832,0.7380413878508618,0.7423106498147571,0.7619126044618131,0.7751407328801029,0.9035695248248429,0.7424200322557386,0.7645281102674916,0.7459040161906771,0.7866653615837045,0.7427040689676891,0.7814404732409783,0.74054612404774,0.7341549937508398,1.0,0.7716327232150868,0.7943059811132929,0.7657202349438568,0.9121648456900268,0.7990121704166986,0.7832834901499172,0.8008521776666045,0.7670676398521412,0.756879010880784,0.7772870907630552,0.7846143998986042,0.7436632752300543,0.7678348796611534,0.773361535150212,0.731766185424401,0.7760973702256626,0.0654965766867156,0.7847155030933225,0.7836854750739655,0.7574727183757031,0.9025127451163013,0.7718386876460119,0.6483576990738176,0.783597661613066,0.7357612368409259,0.7828235278358653,0.7905977502815473,0.7495798470901592,0.7471319199713218,0.753059927741999,0.7810144858973179,0.7800220179115411,0.7508281219353954,0.7669525579884662
0.7634378003076763,0.806773027911712,0.7284690808734411,0.7448194719520108,0.7768239513060757,0.7871291210313923,0.7662899434088067,0.7462620314250994,0.752471648277043,0.7390273293075051,0.7786318845183707,0.7461888859646186,0.7836133165596029,0.7437463620020044,0.7373596084396785,0.7716327232150868,1.0,0.7848705661468084,0.7548082266194841,0.7749187586865205,0.7867841229826155,0.757867568823003,0.7949921436219772,0.8077689610034204,0.799942058781798,0.8069548156118382,0.7812248004789851,0.7446880514430747,0.7595043262281573,0.7544822832118513,0.7375394705879278,0.8086454745804968,0.060771564216673624,0.7884903251780362,0.797144978274229,0.752720192139523,0.7702935795640018,0.7784698772705367,0.6454228419694399,0.7878751496304507,0.7405877970449899,0.7992672129432663,0.7877994089973264,0.7545219651186847,0.7485453675485556,0.74499272433694,0.8021639175324315,0.804291690871293,0.7514817283018852,0.7589909012551801
0.7742199249614661,0.8046514901537496,0.7473642181227528,0.7515085463455132,0.7893355522638978,0.7887775612293473,0.7930983240635595,0.7574719494900264,0.7691932914663215,0.7516051264435115,0.8173197172795472,0.7523662420297663,0.8259749523510957,0.7564431091000301,0.748903720450942,0.7943059811132929,0.7848705661468084,1.0,0.8068286670696823,0.8012541360383554,0.8357354469810726,0.8042093935534104,0.8456340912197355,0.774504796897183,0.7641982978386803,0.7897929973862514,0.8302414333842318,0.7566229712948194,0.7785965857715516,0.767347956778384,0.7431966915945166,0.80635561523565,0.06707980313535933,0.8223128551543355,0.7981281717969702,0.7634539529710601,0.7925286707042538,0.8103122700708265,0.6595909326643106,0.827102690076285,0.7493468088772444,0.806056525734621,0.8337113660381185,0.7596233107438816,0.7558857262170938,0.760210595109607,0.8048208130230794,0.8046368853894648,0.7558455155437077,0.7730996502827969
0.7350825752661097,0.7635961712129581,0.7086159143358407,0.7181421875165623,0.7588083914479302,0.755607590624349,0.7656145154380393,0.7262123446153756,0.7250450926392121,0.7180081433184041,0.7805213477815481,0.7204458505230211,0.8213774761356512,0.7255302085876332,0.7198722115738033,0.7657202349438568,0.7548082266194841,0.8068286670696823,1.0,0.7696270442913248,0.8007356145529394,0.817273874589796,0.8088658807487261,0.7435651158138661,0.737570322514844,0.7495529477427038,0.8019654414591417,0.7230306864964198,0.7405679241299954,0.7259884809671433,0.7109932927417375,0.7952508660330873,0.06457946040969764,0.8007567165503405,0.7685006705698344,0.7334838264123962,0.7629959716789053,0.7870510180618586,0.6405019908096331,0.800277512022811,0.7185086981367701,0.7622290920610697,0.7947386958156513,0.7278404885565308,0.7226008591706248,0.7256057126783744,0.7640566082637691,0.764399956694481,0.7203590969691747,0.7340308379181983
0.7747504437272087,0.7850055833058318,0.7358883499720557,0.7460854516882977,0.7634589519604242,0.7732444417330742,0.9278023620125527,0.7448958828706289,0.7680600599568375,0.7463115172362326,0.7854416545874441,0.7413326272889766,0.7834136129257947,0.7452384219352011,0.7380789061031114,0.9121648456900268,0.7749187586865205,0.8012541360383554,0.7696270442913248,1.0,0.8073405765955359,0.7787591573451601,0.8100394030246325,0.7672026244545951,0.7570822013674003,0.776778955983109,0.7911059201950729,0.7448781449776292,0.7710666962926177,0.7687949182231532,0.7357910549410476,0.7826013425671293,0.06703625517585166,0.7891335006468596,0.7854951535585448,0.7586293335511246,0.9222318989409058,0.7752152577383834,0.6502656744071416,0.7883849973176758,0.7391818675876792,0.7889255153657866,0.7959559953412527,0.7513196314094543,0.7479528792562211,0.7548318142529844,0.7825669495076378,0.7817552043257614,0.7524282744582044,0.7698624706621549
0.7676327926035903,0.7999177556906638,0.7442674925091174,0.7449353468172155,0.7874818520044309,0.7782768261918334,0.7968142263755451,0.749002514289364,0.7647371607742819,0.7461008415121826,0.8088444512573718,0.7469414540792501,0.8299805159831253,0.7428403687245321,0.7434956417655582,0.7990121704166986,0.7867841229826155,0.8357354469810726,0.8007356145529394,0.8073405765955359,1.0,0.8080287000195454,0.8479376164652521,0.7732013209974427,0.7644963440268394,0.7872883468765673,0.8286499856357151,0.7506416083574468,0.7748102644797313,0.7700586132801871,0.736735339803507,0.8080234493182019,0.060849404474670354,0.824122950741613,0.793827998048207,0.7598703333070997,0.7924751883403799,0.8119594085114057,0.6448078827914707,0.8300356524108385,0.7452372637217454,0.7986139548452045,0.8251231623289543,0.7558711782000195,0.7466928460965411,0.7615470348056638,0.8059627468536066,0.8049070090020332,0.7533179115163556,0.7732186421762245
0.7451566716176261,0.7646592484162267,0.7108400506013856,0.7242441901683302,0.7601195687896044,0.7798352175980631,0.7891835642723413,0.7220066267760501,0.7342418373861923,0.7220646389849554,0.8023383263928814,0.7263513279593757,0.8217387304535424,0.7258331443367464,0.7173837796660909,0.7832834901499172,0.757867568823003,0.8042093935534104,0.817273874589796,0.7787591573451601,0.8080287000195454,1.0,0.8506416245245696,0.7548321005515293,0.7494891013443754,0.7692352094618383,0.805559186703274,0.725295570432765,0.7429075592208523,0.7344374882657116,0.7145618909017459,0.798471016002988,0.06125439170851055,0.8297081775418251,0.7725405822015339,0.7371134451276882,0.7741664468658507,0.7967870625517606,0.6364311841426811,0.8033678018386545,0.7203255002810875,0.7656254822521001,0.8026129568706193,0.7293843886620872,0.7214683178335034,0.7353010962376216,0.7673589109132066,0.766369753245096,0.7265281699428587,0.7434059916991389
0.7769529077933477,0.8044740196571758,0.7424974670227561,0.7603141914432057,0.7910348888441792,0.7827665621127549,0.7974248329718003,0.7565052787862001,0.7675147873568191,0.7535998775975528,0.8201204916109477,0.7548305770770023,0.8428201146322537,0.7566380835847284,0.7511892390454863,0.8008521776666045,0.7949921436219772,0.8456340912197355,0.8088658807487261,0.8100394030246325,0.8479376164652521,0.8506416245245696,1.0,0.7752026957530351,0.7729015440969296,0.7907515665095439,0.842024527679412,0.758967251261557,0.7791198346028745,0.7670244020494092,0.7475961806717422,0.8207857031525702,0.06379890109528563,0.8597042004324137,0.7943533768320729,0.7651379840382604,0.797225980058313,0.8213174642444246,0.6609580758376865,0.8328166098279991,0.7546085204070088,0.8010890178003304,0.8379918684347303,0.7635100749947803,0.7552711083628498,0.7591987404698052,0.8003469380504158,0.8000335011088954,0.7598386592824593,0.7746473344347462
0.7588852261859502,0.8107093021956446,0.7272406830369348,0.7339454318989178,0.7636046386393305,0.8001326250906259,0.7683302560570812,0.7444977338737189,0.7478722303547988,0.7357642295664855,0.7802009217538646,0.741423047049838,0.7753770118599845,0.7310615654108716,0.7210614547657269,0.7670676398521412,0.8077689610034204,0.774504796897183,0.7435651158138661,0.7672026244545951,0.7732013209974427,0.7548321005515293,0.7752026957530351,1.0,0.8162695731821088,0.8134227026806204,0.7773166291874309,0.7349587800639832,0.7491620196240536,0.7495995175330632,0.720092207345541,0.7790116558663833,0.061207527735703704,0.7658950566236425,0.8143980427022217,0.7428193967505883,0.7619394758604914,0.7652327126749452,0.6459575173078629,0.779864161897436,0.7271255743857161,0.7939697862371728,0.7752917600260383,0.747210595435926,0.7396721863268133,0.7431083749016609,0.7905256222157827,0.7919847361580239,0.7389498010399378,0.7508234204482669
0.7472282931168461,0.8077727470119116,0.7225092672097406,0.7337358357633983,0.763603126663564,0.798353996135089,0.7561560150389638,0.7327773079788151,0.7406256825772808,0.7354861811499701,0.7683163996804357,0.734068779172859,0.7626356923827422,0.7261914379982606,0.7232310456093508,0.756879010880784,0.799942058781798,0.7641982978386803,0.737570322514844,0.7570822013674003,0.7644963440268394,0.7494891013443754,0.7729015440969296,0.8162695731821088,1.0,0.8178652311330774,0.7605367171424966,0.7256623046895634,0.7440636397542933,0.7332947785968463,0.7220908222404367,0.7793880813563459,0.05984881722532298,0.7626357046792529,0.8122823493936445,0.7363347772529782,0.756869268228187,0.758022075097515,0.6335591358934152,0.7684763563940485,0.7242324029737416,0.7803554978225757,0.7648388710273014,0.7422448289710597,0.7356865950235693,0.7388792692318598,0.7836484749242991,0.784764965797184,0.7378134783672146,0.7448185722421536
0.766540712904727,0.8131314586569467,0.7375859887825813,0.7483307829461936,0.7831310733242001,0.7985746450485751,0.7778337254070045,0.7458937121771316,0.7584401663647674,0.7472658491135924,0.8001539103751302,0.7497619650481302,0.7881588709849746,0.7468777765106147,0.740655673616432,0.7772870907630552,0.8069548156118382,0.7897929973862514,0.7495529477427038,0.776778955983109,0.7872883468765673,0.7692352094618383,0.7907515665095439,0.8134227026806204,0.8178652311330774,1.0,0.7890103933421296,0.742677947119156,0.7617085690066157,0.7580952437535142,0.7351689146424154,0.7872161137093427,0.0678991848970214,0.7805639206850239,0.8126391954740309,0.755313149865879,0.7758631005468829,0.7820130258274034,0.6488478735914504,0.7962115717550757,0.7409079426623749,0.8079026267119813,0.7905355167764581,0.7565331915897517,0.7474386419405231,0.7532682943569766,0.8020623082739557,0.8023494428015816,0.7584249332827427,0.76315268340781
0.7728249755070203,0.8004899954861371,0.7414281144323823,0.7463024582716138,0.7878838936029345,0.7698926031682176,0.7793037734751188,0.7515685736539786,0.7686317371979317,0.7509474666605933,0.8278911985451869,0.7465637075838885,0.8477301029304154,0.7510890187782542,0.74121093555809,0.7846143998986042,0.7812248004789851,0.8302414333842318,0.8019654414591417,0.7911059201950729,0.8286499856357151,0.805559186703274,0.842024527679412,0.7773166291874309,0.7605367171424966,0.7890103933421296,1.0,0.7520917758915519,0.777546416717966,0.7606879516557183,0.7390219595157301,0.814211261916401,0.061324656381104625,0.8248612752857718,0.7878294846087341,0.7519903099069339,0.777841408751345,0.8455720627838699,0.6449834357014905,0.8441546120319914,0.7441516208347767,0.8012206176524327,0.8638670170737244,0.7559206430379241,0.7447310426959672,0.7558226635080966,0.7970417789046813,0.7958944040464573,0.7542283062439575,0.7702863762240435
0.758788228082106,0.7683227646894821,0.7379546893679427,0.8351690225498706,0.7381783082792156,0.7471153191348455,0.7383249691968006,0.8826685778064217,0.757427337628734,0.8190014648903644,0.7489232435527018,0.8307378900472572,0.7503480488469921,0.8329567620200985,0.8173553816333547,0.7436632752300543,0.7446880514430747,0.7566229712948194,0.7230306864964198,0.7448781449776292,0.7506416083574468,0.725295570432765,0.758967251261557,0.7349587800639832,0.7256623046895634,0.742677947119156,0.7520917758915519,1.0,0.7730162139025629,0.7520092052323972,0.8118281612742068,0.7470475633008715,0.05990012067567618,0.7489540251900935,0.7446815122831734,0.7923953525282826,0.7312431577832039,0.7557383341925412,0.6920743667887623,0.7524771509564923,0.8147881767708096,0.7552390609792784,0.7575571340672557,0.9206632880359985,0.894570118230416,0.7571567745459338,0.7575666244093472,0.7585181285255157,0.814460145557436,0.7642560231326287
0.7842134556899869,0.7806046979701968,0.7592720150528274,0.7718113704112541,0.7591037356078578,0.7587270316791722,0.7594814986628007,0.7764865483372794,0.7822643801322391,0.7764510831781006,0.7724755710315594,0.7742568343177254,0.7719277342703894,0.773975526617069,0.7650419408131668,0.7678348796611534,0.7595043262281573,0.7785965857715516,0.7405679241299954,0.7710666962926177,0.7748102644797313,0.7429075592208523,0.7791198346028745,0.7491620196240536,0.7440636397542933,0.7617085690066157,0.777546416717966,0.7730162139025629,1.0,0.7740659069911765,0.7645782331053466,0.7656500454080393,0.056913356344029054,0.7647338359611539,0.7598372992415955,0.7738040001150719,0.7573914256975904,0.7674648428237889,0.6651834676726224,0.7730713653659188,0.7662962119905289,0.7670319869636342,0.7755944291964492,0.7760960798449904,0.7683949903078863,0.7919984121594736,0.777181261779426,0.7768505365829284,0.7757906800508895,0.8585574039973072
0.7964298050647742,0.7746274162400995,0.7548478722202707,0.7494579738985827,0.7513856335234539,0.7487745700203954,0.7583176059242819,0.7508794879186828,0.8034169306804053,0.7625311366041091,0.76313796596663,0.7548519206217137,0.7652121352680737,0.7492130229045502,0.7433612492931911,0.773361535150212,0.7544822832118513,0.767347956778384,0.7259884809671433,0.7687949182231532,0.7700586132801871,0.7344374882657116,0.7670244020494092,0.7495995175330632,0.7332947785968463,0.7580952437535142,0.7606879516557183,0.7520092052323972,0.7740659069911765,1.0,0.7470964321982559,0.750735955036973,0.06225645702619942,0.7544459277262214,0.7613338236966147,0.7530956083046497,0.7623741199664407,0.7636096481276281,0.6465999718640358,0.7774957047786997,0.7509734094954903,0.7640041439501805,0.7736564236750116,0.7568899232350348,0.7519993723646803,0.7691784613713173,0.7797425267285247,0.7790007668014187,0.7585069936359703,0.7752664351330256
0.7489550344581478,0.7528703806634152,0.7329338065527049,0.8180027266919278,0.731914845426225,0.7337411712746363,0.7256257699822981,0.8127398806521922,0.74960966687781,0.8282714765038177,0.7398875469886038,0.8046730496077634,0.7365410567113075,0.8150068314550234,0.8217828948249493,0.731766185424401,0.7375394705879278,0.7431966915945166,0.7109932927417375,0.7357910549410476,0.736735339803507,0.7145618909017459,0.7475961806717422,0.720092207345541,0.7220908222404367,0.7351689146424154,0.7390219595157301,0.8118281612742068,0.7645782331053466,0.7470964321982559,1.0,0.7358941722237974,0.0663044553577179,0.73876245502035,0.7297471001278921,0.781671379159119,0.7237630272310007,0.7405512065377098,0.6818727165751783,0.7430710959407597,0.8551153961774084,0.7486409385632591,0.7474503929188777,0.8184905628610613,0.8118229542640314,0.753246510318774,0.7471271403338198,0.7477435121584105,0.8041998892421818,0.7583881272838113
0.766352467702718,0.7953945501428322,0.7297912543692897,0.7490762008426828,0.7891582608109071,0.7834249013109311,0.7755340562938671,0.7456336245369064,0.7544375152621371,0.7416950445522822,0.7971749830405981,0.7460055360197341,0.8177757512681476,0.7512320110334957,0.7415627526910848,0.7760973702256626,0.8086454745804968,0.80635561523565,0.7952508660330873,0.7826013425671293,0.8080234493182019,0.798471016002988,0.8207857031525702,0.7790116558663833,0.7793880813563459,0.7872161137093427,0.814211261916401,0.7470475633008715,0.7656500454080393,0.750735955036973,0.7358941722237974,1.0,0.055712911597974646,0.8078099245039617,0.7865925967353157,0.7490986996148573,0.777355329363249,0.8095274107920785,0.6467123558412065,0.8120264013281568,0.7409225061357422,0.7917977476622877,0.8175973973036754,0.7508789779932967,0.7462435442408586,0.7513915340525168,0.8002249219188878,0.8004997752930975,0.7460808371928929,0.7565983645221632
0.06991584702591669,0.05962417763142025,0.06485995253713939,0.05766741702213829,0.06383325121816197,0.06675465967680916,0.06794169841052822,0.05939842396005435,0.052614096567878965,0.06198383233282123,0.06580072266378423,0.059190492997422184,0.06321860755762354,0.055994431698023206,0.05542856908404692,0.0654965766867156,0.060771564216673624,0.06707980313535933,0.06457946040969764,0.06703625517585166,0.060849404474670354,0.06125439170851055,0.06379890109528563,0.061207527735703704,0.05984881722532298,0.0678991848970214,0.061324656381104625,0.05990012067567618,0.056913356344029054,0.06225645702619942,0.0663044553577179,0.055712911597974646,1.0,0.062280427971919905,0.06345360307925108,0.06536496936664171,0.06706748516202765,0.06057282150308618,0.05670754573103731,0.06059064368986988,0.0638862442576471,0.06784499097854335,0.06171682317268279,0.0620054914205852,0.06046746291767158,0.05784643498269171,0.06256953270979515,0.06178479064094733,0.06257775429761359,0.05952614382785226
0.7651898069681708,0.7931299419665874,0.7366971989995023,0.7435005184248306,0.782146504546321,0.7788022252724551,0.7789501981824201,0.7457352255893676,0.7549072020371367,0.7404014544155434,0.8041810484088601,0.7460735451715339,0.8335714682131465,0.7472337238582744,0.741821909248323,0.7847155030933225,0.7884903251780362,0.8223128551543355,0.8007567165503405,0.7891335006468596,0.824122950741613,0.8297081775418251,0.8597042004324137,0.7658950566236425,0.7626357046792529,0.7805639206850239,0.8248612752857718,0.7489540251900935,0.7647338359611539,0.7544459277262214,0.73876245502035,0.8078099245039617,0.062280427971919905,1.0,0.78734872237798,0.7593347119607158,0.7778790413322129,0.8130234990737388,0.6485175069338167,0.8179167457405623,0.7427785114744655,0.796160886374461,0.8238953330650984,0.7525964776748537,0.7463026042135046,0.7486600297343183,0.7893560714981367,0.78933856689441,0.7495083285024544,0.765991964657378
0.7662953868986616,0.8297359387025935,0.7375144132873475,0.7429424120193759,0.7757439527067692,0.8168373607633798,0.7855827371553562,0.7478837119123651,0.7549245963335041,0.7467851831383825,0.7955631944158255,0.7472393390310075,0.7965015632688521,0.7423596652635751,0.7351493909138394,0.7836854750739655,0.797144978274229,0.7981281717969702,0.7685006705698344,0.7854951535585448,0.793827998048207,0.7725405822015339,0.7943533768320729,0.8143980427022217,0.8122823493936445,0.8126391954740309,0.7878294846087341,0.7446815122831734,0.7598372992415955,0.7613338236966147,0.7297471001278921,0.7865925967353157,0.06345360307925108,0.78734872237798,1.0,0.7510708817423872,0.7768874028824854,0.7771565796571706,0.6460353580772393,0.7993252233298553,0.7369614397538206,0.8073001885454537,0.7971229502906174,0.7523911151640224,0.7488027967889057,0.750791478224371,0.8066044392204641,0.8051505910022391,0.7525536903657911,0.7609090692438586
0.7589336368417496,0.7638088105271853,0.7372882559865325,0.795015821204486,0.7395591405311588,0.7562997728153851,0.7540097299481693,0.7895498203211625,0.7602349280610615,0.7943656734372844,0.7528047588204253,0.7916379796770505,0.7543883672258683,0.7919750903470986,0.7822836041377339,0.7574727183757031,0.752720192139523,0.7634539529710601,0.7334838264123962,0.7586293335511246,0.7598703333070997,0.7371134451276882,0.7651379840382604,0.7428193967505883,0.7363347772529782,0.755313149865879,0.7519903099069339,0.7923953525282826,0.7738040001150719,0.7530956083046497,0.781671379159119,0.7490986996148573,0.06536496936664171,0.7593347119607158,0.7510708817423872,1.0,0.7481402876605794,0.7491653411864434,0.7003964797551808,0.7531567353283343,0.7841190466828887,0.7567613594444513,0.755740069817915,0.7958824694430429,0.7945746561597,0.7543644128242702,0.7549915806700019,0.7549676998682477,0.8003137364371729,0.7733151824420516
0.7642032271837361,0.7743895714884734,0.7263496646330173,0.7326482122614006,0.7602284262747263,0.7713315231721564,0.914370264414372,0.7319346452182629,0.7538672415216116,0.7343038651993308,0.7762747591230578,0.7289220253449824,0.7768226232563988,0.7314986301573625,0.7252233329705056,0.9025127451163013,0.7702935795640018,0.7925286707042538,0.7629959716789053,0.9222318989409058,0.7924751883403799,0.7741664468658507,0.797225980058313,0.7619394758604914,0.756869268228187,0.7758631005468829,0.777841408751345,0.7312431577832039,0.7573914256975904,0.7623741199664407,0.7237630272310007,0.777355329363249,0.06706748516202765,0.7778790413322129,0.7768874028824854,0.7481402876605794,1.0,0.7674397090298615,0.644220033230412,0.7759857882609988,0.7247770899923925,0.7801797313939236,0.7862002501759777,0.7391601899925235,0.7383392253738429,0.741622244107299,0.7712170614383974,0.7703252103482153,0.7391439955197707,0.7562077992606766
0.7708426542562273,0.8008612341029415,0.7373058545382702,0.7491748205894599,0.8046838857906073,0.7763611266389772,0.767043875885233,0.7545911683862785,0.7597654257964881,0.7473557557918589,0.8098228067542736,0.7517345268695321,0.8282129218843597,0.7523826073940263,0.7434722427346605,0.7718386876460119,0.7784698772705367,0.8103122700708265,0.7870510180618586,0.7752152577383834,0.8119594085114057,0.7967870625517606,0.8213174642444246,0.7652327126749452,0.758022075097515,0.7820130258274034,0.8455720627838699,0.7557383341925412,0.7674648428237889,0.7636096481276281,0.7405512065377098,0.8095274107920785,0.06057282150308618,0.8130234990737388,0.7771565796571706,0.7491653411864434,0.7674397090298615,1.0,0.6515313073264941,0.8312676501091278,0.748319130781083,0.7945365250307828,0.8484168577688034,0.7571718398234524,0.7482238363972636,0.7541627143388996,0.7943173465215307,0.7937815760864024,0.7536610936122219,0.7616361283314231
0.6686702232229786,0.6590301598787192,0.627424765653436,0.7000361617745944,0.6566516202684094,0.649592182191757,0.6462943569579855,0.702244309907919,0.6513659396745871,0.6888439711734029,0.635676486871248,0.6995240636451654,0.6539732956089821,0.6919326958712638,0.6868002416603798,0.6483576990738176,0.6454228419694399,0.6595909326643106,0.6405019908096331,0.6502656744071416,0.6448078827914707,0.6364311841426811,0.6609580758376865,0.6459575173078629,0.6335591358934152,0.6488478735914504,0.6449834357014905,0.6920743667887623,0.6651834676726224,0.6465999718640358,0.6818727165751783,0.6467123558412065,0.05670754573103731,0.6485175069338167,0.6460353580772393,0.7003964797551808,0.644220033230412,0.6515313073264941,1.0,0.6482979798181194,0.6962182239077335,0.6542115017657308,0.6524000607166389,0.6985811179905401,0.7051195987770515,0.6608487821145461,0.6569488143070792,0.6597058225596686,0.6873093727811761,0.6566851709834072
