../ecoli_genomes/GCF_000163235.1_ASM16323v1_genomic.fna.gz,../ecoli_genomes/GCF_000164555.1_ASM16455v1_genomic.fna.gz,../ecoli_genomes/GCF_000208545.1_ASM20854v2_genomic.fna.gz,../ecoli_genomes/GCF_000233875.1_ASM23387v1_genomic.fna.gz,../ecoli_genomes/GCF_000249735.1_ASM24973v2_genomic.fna.gz,../ecoli_genomes/GCF_000261145.1_Esch_coli_M919_V2_genomic.fna.gz,../ecoli_genomes/GCF_000267705.2_ASM26770v2_genomic.fna.gz,../ecoli_genomes/GCF_000350665.1_Esch_coli_KTE5_V1_genomic.fna.gz,../ecoli_genomes/GCF_000351625.1_Esch_coli_KTE66_V1_genomic.fna.gz,../ecoli_genomes/GCF_000352285.1_Esch_coli_KTE46_V1_genomic.fna.gz,../ecoli_genomes/GCF_000358895.1_ASM35889v1_genomic.fna.gz,../ecoli_genomes/GCF_000456385.1_Esch_coli_HVH_26_4-5703913_V1_genomic.fna.gz,../ecoli_genomes/GCF_000458195.1_Esch_coli_HVH_147_4-5893887_V1_genomic.fna.gz,../ecoli_genomes/GCF_000459755.1_Esch_coli_KOEGE_58_171a_V1_genomic.fna.gz,../ecoli_genomes/GCF_000460055.1_Esch_coli_UMEA_3053-1_V1_genomic.fna.gz,../ecoli_genomes/GCF_000462165.2_ASM46216v2_genomic.fna.gz,../ecoli_genomes/GCF_000601135.1_ASM60113v1_genomic.fna.gz,../ecoli_genomes/GCF_000614595.1_Ec2010EL1058_genomic.fna.gz,../ecoli_genomes/GCF_000617745.1_Ec2010C-4529_genomic.fna.gz,../ecoli_genomes/GCF_000618265.2_EcF6751_genomic.fna.gz,../ecoli_genomes/GCF_000619005.2_Ec2009C-4052_genomic.fna.gz,../ecoli_genomes/GCF_000619105.1_Ec2009C-4780_genomic.fna.gz,../ecoli_genomes/GCF_000619765.2_Ec2009C-3279_genomic.fna.gz,../ecoli_genomes/GCF_000687005.1_ASM68700v1_genomic.fna.gz,../ecoli_genomes/GCF_000687025.1_ASM68702v1_genomic.fna.gz,../ecoli_genomes/GCF_000700125.1_ASM70012v1_genomic.fna.gz,../ecoli_genomes/GCF_000753315.1_FHI35_genomic.fna.gz,../ecoli_genomes/GCF_000776375.1_ASM77637v1_genomic.fna.gz,../ecoli_genomes/GCF_000779395.1_ASM77939v1_genomic.fna.gz,../ecoli_genomes/GCF_000780315.1_ASM78031v1_genomic.fna.gz,../ecoli_genomes/GCF_000781995.1_ASM78199v1_genomic.fna.gz,../ecoli_genomes/GCF_000986765.1_ASM98676v1_genomic.fna.gz,../ecoli_genomes/GCF_001041375.1_ViralProj287958_genomic.fna.gz,../ecoli_genomes/GCF_001265335.1_302014_genomic.fna.gz,../ecoli_genomes/GCF_001265625.1_100854_genomic.fna.gz,../ecoli_genomes/GCF_001267345.1_303289_genomic.fna.gz,../ecoli_genomes/GCF_001309985.1_ASM130998v1_genomic.fna.gz,../ecoli_genomes/GCF_001521695.1_ASM152169v1_genomic.fna.gz,../ecoli_genomes/GCF_001592595.1_ASM159259v1_genomic.fna.gz,../ecoli_genomes/GCF_001614975.1_ASM161497v1_genomic.fna.gz,../ecoli_genomes/GCF_001692775.1_ASM169277v1_genomic.fna.gz,../ecoli_genomes/GCF_001748915.1_ASM174891v1_genomic.fna.gz,../ecoli_genomes/GCF_001749235.1_ASM174923v1_genomic.fna.gz,../ecoli_genomes/GCF_001881155.1_ASM188115v1_genomic.fna.gz,../ecoli_genomes/GCF_001881345.1_ASM188134v1_genomic.fna.gz,../ecoli_genomes/GCF_001892405.1_ASM189240v1_genomic.fna.gz,../ecoli_genomes/GCF_001892585.1_ASM189258v1_genomic.fna.gz,../ecoli_genomes/GCF_001893985.1_ASM189398v1_genomic.fna.gz,../ecoli_genomes/GCF_002001595.1_ASM200159v1_genomic.fna.gz,../ecoli_genomes/GCF_002002145.1_ASM200214v1_genomic.fna.gz
1.0,0.32005622222103436,0.26513208646262565,0.27493117100851994,0.2807663714224846,0.29699178135115056,0.2922691262013859,0.28846532506530154,0.3905059014464114,0.2848542957440847,0.31839736162189036,0.29601679003550097,0.3038950814603675,0.27484136863730213,0.2672053657663237,0.29796902200689734,0.2641948957396464,0.30400195478469283,0.26292193675451103,0.29280497531562066,0.2919168081115018,0.28529864677882044,0.305195748268864,0.2766719594671875,0.28419204969041456,0.23287004502038455,0.30077665767797057,0.27884208620669015,0.3330673199947034,0.3891244562684778,0.2559280814798379,0.29489953570574634,0.0,0.30182175350234175,0.3002306197972404,0.26633307591980926,0.2824680461397193,0.31091562432618025,0.23011099764759324,0.3096073481173659,0.2661043263917763,0.30306559758236284,0.31127781589954373,0.2844108075659567,0.2914646228396093,0.3106739878374152,0.3071329190889851,0.3063246073350021,0.2784379776595707,0.34230277318117597
0.32005622222103436,1.0,0.23063052320405864,0.2642072591691885,0.37431836454520195,0.5340606233445895,0.3406230730838511,0.27297126737131816,0.28975023287234747,0.2718839630632751,0.42115423651906103,0.28654268982866726,0.4055914472441452,0.26144580126371564,0.2561132671950025,0.34467640437314073,0.41771555184375364,0.40934940656753394,0.3460990034685325,0.3428131308428617,0.39635807431886527,0.37883779092374004,0.4089657601781489,0.49420993861434526,0.5236960400840277,0.36410986379919064,0.4090146243722216,0.26992294665436445,0.2990033198917137,0.3026787698306804,0.2535289818133881,0.39762755732148947,0.0,0.4020225543126884,0.562617287933358,0.2441763257222045,0.3263218710136617,0.4211925854024856,0.1775557209665396,0.41651237616903625,0.2562352190511573,0.4698581429354204,0.42261015404508306,0.27656585186661475,0.2782814249708302,0.2758455046732565,0.4744469467572291,0.47576024869715783,0.27656324885162453,0.29994311319891453
0.26513208646262565,0.23063052320405864,1.0,0.20136198752855727,0.19527907915319787,0.20950852835345835,0.2101002449163839,0.21321127776332616,0.24751972065447203,0.20887165970781618,0.2289799077966055,0.21164080700669108,0.21494142266428795,0.20746304539517024,0.19719495466870374,0.21274012449866875,0.18541396453789938,0.21911098960900943,0.18674095053914452,0.21164142086621995,0.2134142692232276,0.20735788324335336,0.22019831959875635,0.19083940928068055,0.20169125308545632,0.1594670803173558,0.21958293788369976,0.21084440264945592,0.24593429145563206,0.2501306107863379,0.1953765442902664,0.21115258084150956,0.0,0.2207914714752035,0.2092270740807909,0.19996366069670324,0.20072603030862224,0.2192811158778578,0.14130572051714474,0.2270036230098762,0.19942789335015765,0.21669545071911744,0.22820100486704786,0.21441190755721307,0.21216541153315704,0.22859477374091286,0.22268886419163814,0.22221995948328932,0.21698410806962243,0.24934972952966272
0.27493117100851994,0.2642072591691885,0.20136198752855727,1.0,0.2713835579987427,0.25852152697658726,0.2502802509841673,0.5010074556959347,0.28044774058439326,0.5235023804456044,0.25974227704632835,0.5186989493222602,0.27135038467321104,0.535782609646402,0.5605072479592947,0.26735229327907406,0.24142029379805963,0.25618661961854006,0.22451096187446162,0.2512177053801614,0.25041051389846336,0.23917261190867156,0.2621382117339768,0.23641563396965914,0.2542543175524349,0.20577896007320196,0.2568835878160328,0.5269863075171894,0.2989453997164583,0.27979231982619546,0.49756691810111997,0.2806425472123365,0.0,0.2526105235226286,0.2519720008829188,0.3982288024132221,0.24932241066607697,0.2539710068016289,0.31498911342221014,0.2495257754350022,0.5336308806372807,0.2534099700037642,0.26151463594263835,0.520862979377531,0.5162102386250954,0.2946655838717369,0.2564765095763596,0.2557990446535442,0.45416859425900213,0.30658196444456265
0.2807663714224846,0.37431836454520195,0.19527907915319787,0.2713835579987427,1.0,0.3882105427756386,0.3050684998273261,0.2677119184214457,0.28919219294650356,0.26994761896915165,0.48010059532064164,0.2625360651992197,0.44933116716664934,0.2536566612132607,0.2733261463315544,0.33904833961482883,0.41795975880582525,0.3921468605255004,0.33638668730376386,0.3066334274297724,0.39584355515472713,0.37441035979384074,0.40271128313709015,0.4208500205201535,0.3970795050392747,0.3619053838741638,0.40571144303862705,0.24204475597921637,0.284302854066784,0.28916870935711847,0.24105378091781593,0.454590665615767,0.0,0.4152829430391487,0.38328314308770084,0.22955681194302935,0.3093577733935421,0.42580867509211084,0.18145024053244774,0.4172077271892225,0.27438340820159157,0.3862561599488118,0.42937962429145915,0.24599496408860066,0.2508773430415905,0.25390832213759684,0.39663855860503505,0.39622977246308344,0.24466718823493372,0.2705609857129835
0.29699178135115056,0.5340606233445895,0.20950852835345835,0.25852152697658726,0.3882105427756386,1.0,0.34659386640792367,0.2659780765124682,0.2818167444767232,0.2564481376105069,0.39958030918822485,0.26509822299464936,0.39244609032734945,0.24935925989541663,0.24990781221488112,0.35195887614024,0.4183891586650449,0.4030335862534058,0.3439079978183023,0.34343518843408105,0.3847392600222972,0.391352107155289,0.3983020013985553,0.4836965595151502,0.507644999539623,0.36315578315479125,0.3840042837237767,0.2557068389528968,0.2949245600051621,0.28633734109243936,0.23795810313946242,0.40344467316452937,0.0,0.4043384943191415,0.5436667658748366,0.2458897172235841,0.3359744864940313,0.3998532704770804,0.18438030952610773,0.3950877185662275,0.2521666571785791,0.4485541157402334,0.3992937173567397,0.2586699415109217,0.2591783208034816,0.26496336156398403,0.45546649909311765,0.4572526210302086,0.25448605689069403,0.2966152898163874
0.2922691262013859,0.3406230730838511,0.2101002449163839,0.2502802509841673,0.3050684998273261,0.34659386640792367,1.0,0.2506811396574741,0.2887875948730554,0.2501484970090667,0.35382110066673866,0.2488371243415609,0.3400611061962556,0.24358348408174035,0.23781636720956334,0.7758472589317161,0.2970018235247174,0.3842078775536101,0.3311170470411098,0.8711490961706504,0.3779591989464647,0.3524908343563915,0.3839206818604687,0.30925927483621907,0.32190257569122704,0.2627811528345716,0.35369021812519574,0.24474010925122192,0.2699036653804049,0.28636063944897905,0.23537992615687353,0.3351752887806434,0.0,0.34836695036590604,0.3537823365288958,0.24836543382596443,0.8075951613689247,0.33766356132146336,0.17372341012581638,0.3536405650636173,0.23791890153820316,0.3404260956041786,0.35719337375618065,0.24950273222402786,0.24978341987120767,0.2578031533850852,0.33598163333503284,0.33605801497266186,0.24727865202819643,0.28133726803835
0.28846532506530154,0.27297126737131816,0.21321127776332616,0.5010074556959347,0.2677119184214457,0.2659780765124682,0.2506811396574741,1.0,0.2761363889543469,0.5102359155597266,0.26419866154755933,0.4890950547770623,0.27818959096374896,0.4817204832091314,0.481575492065907,0.26442939310596736,0.23808153791580455,0.26086487840449424,0.23076119324608801,0.2516284743372761,0.25057317463008466,0.24507488271192912,0.26137609786188054,0.24229880499385525,0.2504279520974616,0.2116118329168003,0.25926755109831634,0.6958683874538053,0.312101878573527,0.27858815107923884,0.47367709095992216,0.27061112716660485,0.0,0.2577308510210814,0.2541033657729641,0.3921904437749334,0.24609758701731477,0.27324449620031044,0.3021441988522172,0.26348089501855276,0.49069844746568236,0.2630794939469373,0.26572866620476976,0.6908472492254727,0.6638961808004997,0.28863719157803025,0.2617041817770607,0.26036497543075077,0.448020373576988,0.3083723013409614
0.3905059014464114,0.28975023287234747,0.24751972065447203,0.28044774058439326,0.28919219294650356,0.2818167444767232,0.2887875948730554,0.2761363889543469,1.0,0.2842408726415966,0.30126413778066896,0.2738834278322746,0.3021092344271843,0.2745092602542061,0.2740422389973649,0.3022539130269931,0.25442447296921966,0.2935592870649433,0.24676450933669558,0.29177262533507975,0.28133577434954293,0.2729169485137659,0.29203130318197623,0.2614891058183272,0.2708542781081261,0.22100723200164185,0.295764392937092,0.26657253405630443,0.31954174067074526,0.404187882065252,0.25979599901030137,0.2925545331484165,0.0,0.28677982570469696,0.2830136201971891,0.25381815234827754,0.28452012456808917,0.28725943947308985,0.1811332490809583,0.2967595403788793,0.2746979997335959,0.28823356709387415,0.3067018208721438,0.2689211198455663,0.267439230161834,0.3074955813193565,0.2902752777205414,0.28964495905201715,0.26392769942543104,0.3338114340045528
0.2848542957440847,0.2718839630632751,0.20887165970781618,0.5235023804456044,0.26994761896915165,0.2564481376105069,0.2501484970090667,0.5102359155597266,0.2842408726415966,1.0,0.26953161904871603,0.48737463757227606,0.2777456088479757,0.49609583041384475,0.49837907817656535,0.2678535660968794,0.2318095033681019,0.25843557450456356,0.2199013557823135,0.25074316793401996,0.24998798960562651,0.23826246150809438,0.2555882192351512,0.23785699241689284,0.2473436781627969,0.20699523461489044,0.2612469755921121,0.5058067055014086,0.30519941359395086,0.28841673098444565,0.5118098219814073,0.26421262611876817,0.0,0.25151679665152893,0.24909721900626314,0.4035123235183691,0.2460026378365986,0.25934896448857214,0.3123436421374165,0.2608115683739082,0.5298166508422688,0.2548952167975459,0.26334107670974194,0.5022793494003317,0.5048511356334509,0.29255188410883515,0.2564046723773987,0.25545406441710905,0.4688649055383376,0.3068567604188127
0.31839736162189036,0.42115423651906103,0.2289799077966055,0.25974227704632835,0.48010059532064164,0.39958030918822485,0.35382110066673866,0.26419866154755933,0.30126413778066896,0.26953161904871603,1.0,0.26903875938310895,0.5090265855656668,0.2621471544768448,0.25393590586469894,0.35461898994134466,0.35611105325720815,0.49031107737804425,0.4170926838193375,0.35651642130219796,0.4816209246274157,0.46966092619690636,0.48949756185479487,0.3786940211192782,0.3760933404401112,0.31937842968983876,0.500059357747848,0.26197815539545966,0.29456384710707084,0.3106456039922817,0.24867612987578203,0.4543926425603628,0.0,0.47302400402841605,0.4154264096208238,0.25764773058147106,0.3368221029944256,0.4777367186653658,0.18251283218385428,0.5228945325466721,0.2548394993472137,0.4396980067375097,0.5123970024428944,0.26556931230563385,0.26694652677902575,0.27821209455568996,0.4338673446327659,0.43399054111517166,0.2706675510928004,0.3053513900699246
0.29601679003550097,0.28654268982866726,0.21164080700669108,0.5186989493222602,0.2625360651992197,0.26509822299464936,0.2488371243415609,0.4890950547770623,0.2738834278322746,0.48737463757227606,0.26903875938310895,1.0,0.2730811986192814,0.5015891282676112,0.6115747224531258,0.25811340531304094,0.23864816570893277,0.2599007932258205,0.23099434267687047,0.24961708046794462,0.2572830213812738,0.24661126255674892,0.2640671563781971,0.24208617671831978,0.25087900459567836,0.21117522088864082,0.2607601896572148,0.5003439777054595,0.3101605372160269,0.282240938792368,0.4544087322590601,0.2689670582343766,0.0,0.2603836568489485,0.2597672188883263,0.3859877072143869,0.24296198343285091,0.2654573963457879,0.30631365615971307,0.26125008295853325,0.486824389862175,0.25885423305801936,0.2688684511849786,0.5000651008155985,0.5009874669786982,0.29655268808401136,0.2695396205600906,0.26909200173316783,0.44433190305516335,0.31126972444776857
0.3038950814603675,0.4055914472441452,0.21494142266428795,0.27135038467321104,0.44933116716664934,0.39244609032734945,0.3400611061962556,0.27818959096374896,0.3021092344271843,0.2777456088479757,0.5090265855656668,0.2730811986192814,1.0,0.25820409511064235,0.27101167465170817,0.36097370274719764,0.35082029098505796,0.4893300405357254,0.4959378043960758,0.34061966699615354,0.49598548947696586,0.5471045354306554,0.5423418533483805,0.3696831993436439,0.36733714605221235,0.3087676407838733,0.5224780069350268,0.2597686783981661,0.28590455999176545,0.31047966430043694,0.2477845597932481,0.5176281998345933,0.0,0.5247033522806512,0.40215637192233866,0.24674093949240283,0.3389175155204526,0.48640547646018295,0.17062249806512353,0.5297984541729901,0.2662678756974747,0.4139560287372328,0.5203452380793315,0.25902508590355144,0.25961127983553733,0.2644148113356949,0.4230525885270292,0.4208226672210289,0.26031940940420073,0.29041543584929286
0.27484136863730213,0.26144580126371564,0.20746304539517024,0.535782609646402,0.2536566612132607,0.24935925989541663,0.24358348408174035,0.4817204832091314,0.2745092602542061,0.49609583041384475,0.2621471544768448,0.5015891282676112,0.25820409511064235,1.0,0.5366316273924093,0.25054819953904395,0.22510792030251892,0.2539472944543476,0.22098451727926294,0.24544795298319755,0.2429482012159011,0.23613184925559105,0.25477128227532253,0.22278704546044859,0.23843925590474346,0.19576113501963743,0.25369360328458435,0.5160054796253262,0.3089793304347904,0.2726299623843689,0.4901463199361469,0.25910693381836714,0.0,0.24785280573533153,0.24654891954887337,0.3949555141526794,0.23771471737433447,0.2540798642566988,0.31708259614895173,0.24971004215771353,0.5085991640236438,0.2493151049720146,0.2606970587471641,0.5071501669494356,0.5034740651719838,0.29594289064004975,0.253179492542401,0.2527693931354926,0.45482474899421255,0.3106247761948574
0.2672053657663237,0.2561132671950025,0.19719495466870374,0.5605072479592947,0.2733261463315544,0.24990781221488112,0.23781636720956334,0.481575492065907,0.2740422389973649,0.49837907817656535,0.25393590586469894,0.6115747224531258,0.27101167465170817,0.5366316273924093,1.0,0.256087607479317,0.23986045933853117,0.24849397028415532,0.21584018555269047,0.23927603113728546,0.24020074388339074,0.2313464753576232,0.25150253157240066,0.23052041037584592,0.2464897220652903,0.2062822513797241,0.2492961602245235,0.49061426876306546,0.29231392919092203,0.2732992131330805,0.4945792707098541,0.27196209871689414,0.0,0.24479107687107238,0.247456866575265,0.3849500759306598,0.23826413535663027,0.2484063169293681,0.2975587634512855,0.2451309601038082,0.5226316907958901,0.2467881812706938,0.2580782221360143,0.4836517726324292,0.48087769936027447,0.2890377946891902,0.26062256034170983,0.25968621713931417,0.43920803688538723,0.31050546832781956
0.29796902200689734,0.34467640437314073,0.21274012449866875,0.26735229327907406,0.33904833961482883,0.35195887614024,0.7758472589317161,0.26442939310596736,0.3022539130269931,0.2678535660968794,0.35461898994134466,0.25811340531304094,0.36097370274719764,0.25054819953904395,0.256087607479317,1.0,0.3065157025768992,0.37189642613998874,0.3240357782517458,0.7844881846454341,0.361785226209799,0.349990089897781,0.376772668969095,0.3170722927936538,0.328798282592232,0.2807978161586365,0.3494987366842923,0.2497539720388423,0.273042050319236,0.3009619509600424,0.2420131334079303,0.3516917476948406,0.0,0.34687979247614686,0.3532434157646751,0.24913134231537537,0.7475896254333416,0.3392861691299107,0.17081867311520837,0.3508223632124111,0.25793108703971124,0.3426170076990387,0.3555182277690737,0.2515831789822429,0.2542021544298615,0.25930047701686487,0.34086074390836774,0.3403742499875848,0.25278317612812784,0.2827851568873221
0.2641948957396464,0.41771555184375364,0.18541396453789938,0.24142029379805963,0.41795975880582525,0.4183891586650449,0.2970018235247174,0.23808153791580455,0.25442447296921966,0.2318095033681019,0.35611105325720815,0.23864816570893277,0.35082029098505796,0.22510792030251892,0.23986045933853117,0.3065157025768992,1.0,0.342751847901002,0.296889615119329,0.2957374370425174,0.33827740274879725,0.3273205239997964,0.3501252575968967,0.5483147458301534,0.4843872656461822,0.4480693729773775,0.3457258894344113,0.22543356627838218,0.28650394142111546,0.2586032979042233,0.2168846972185482,0.4210489354617689,0.0,0.37367153461556935,0.4471035528139813,0.2197288290270385,0.292529757559581,0.3471586944538445,0.15857284579120168,0.3440967997999178,0.22752906180403298,0.39576178436078024,0.35718229941697677,0.23333027337799317,0.23926907409748022,0.2421622996883649,0.41040886654815745,0.410076937370795,0.2255007555828622,0.2686157704303732
0.30400195478469283,0.40934940656753394,0.21911098960900943,0.25618661961854006,0.3921468605255004,0.4030335862534058,0.3842078775536101,0.26086487840449424,0.2935592870649433,0.25843557450456356,0.49031107737804425,0.2599007932258205,0.4893300405357254,0.2539472944543476,0.24849397028415532,0.37189642613998874,0.342751847901002,1.0,0.46129600317133834,0.38193270001538004,0.508489158916178,0.4913082289456506,0.5205534159016745,0.358463589160011,0.3652372291457212,0.30386204517622906,0.49757250105500317,0.25597009971055973,0.2908975909195315,0.3022840813837331,0.24337659769980569,0.4522980782109338,0.0,0.4769469575260433,0.40769209415192365,0.25938745462008983,0.3680745719511259,0.4576646063613704,0.17964921927826538,0.4980385696606835,0.24548321164639297,0.419677273689421,0.4943208085186621,0.25772957237733596,0.2569657457241221,0.26877384959500084,0.41947064215901575,0.4195544062311971,0.2560052697870596,0.3006575097951826
0.26292193675451103,0.3460990034685325,0.18674095053914452,0.22451096187446162,0.33638668730376386,0.3439079978183023,0.3311170470411098,0.23076119324608801,0.24676450933669558,0.2199013557823135,0.4170926838193375,0.23099434267687047,0.4959378043960758,0.22098451727926294,0.21584018555269047,0.3240357782517458,0.296889615119329,0.46129600317133834,1.0,0.32419796682446156,0.4438686997222999,0.5068479423274932,0.44431385062372764,0.30771009130463833,0.3186211900111996,0.26239600672531294,0.4309907400078502,0.22384090245562038,0.24868601892337583,0.25674113752398053,0.2085497188814649,0.4481529519956432,0.0,0.41447029405324687,0.354977487781284,0.22187175706866447,0.31585596101294844,0.3992056560242666,0.15471432352997316,0.4290846728623188,0.21276429198920654,0.3578408176524571,0.42828363414626436,0.2302985585882673,0.23082603804227275,0.23299812408292275,0.35363538583385434,0.3535810433585673,0.22202826380036267,0.25788650285569203
0.29280497531562066,0.3428131308428617,0.21164142086621995,0.2512177053801614,0.3066334274297724,0.34343518843408105,0.8711490961706504,0.2516284743372761,0.29177262533507975,0.25074316793401996,0.35651642130219796,0.24961708046794462,0.34061966699615354,0.24544795298319755,0.23927603113728546,0.7844881846454341,0.2957374370425174,0.38193270001538004,0.32419796682446156,1.0,0.3755427784438736,0.34707201232731655,0.380681776961169,0.3077448814330349,0.3212685106460197,0.2629470206754918,0.35533143443441406,0.24609277755042958,0.2728836752687003,0.28917408881847184,0.23790720073385252,0.3350090938146846,0.0,0.345848512088781,0.35184649476644503,0.24958846820638725,0.8094424789239939,0.33786020008165685,0.1732609505681958,0.3555280156477788,0.2404821754138583,0.34115293865458496,0.35788109523337486,0.24989554493674937,0.24983958456896138,0.2600100261333834,0.33698727808111717,0.33707139557240184,0.2490266346977077,0.28407709349032373
0.2919168081115018,0.39635807431886527,0.2134142692232276,0.25041051389846336,0.39584355515472713,0.3847392600222972,0.3779591989464647,0.25057317463008466,0.28133577434954293,0.24998798960562651,0.4816209246274157,0.2572830213812738,0.49598548947696586,0.2429482012159011,0.24020074388339074,0.361785226209799,0.33827740274879725,0.508489158916178,0.4438686997222999,0.3755427784438736,1.0,0.49101917798674277,0.5332139048549902,0.3526588110543736,0.35707039283720354,0.30602272504789074,0.5069415340775267,0.25001624699722247,0.27637110328956616,0.29104352282404766,0.23349881638414527,0.46045161015827063,0.0,0.49314739403429997,0.4046131695738554,0.2502002968628969,0.35739937380245523,0.4703636446085796,0.17599821557472806,0.5083292303867728,0.2424012041712822,0.3968151506915065,0.4984820585927523,0.2524158965300636,0.2531065843813969,0.26368999237319257,0.4130476751301898,0.4129832845965924,0.2507750889584134,0.28819311378328594
0.28529864677882044,0.37883779092374004,0.20735788324335336,0.23917261190867156,0.37441035979384074,0.391352107155289,0.3524908343563915,0.24507488271192912,0.2729169485137659,0.23826246150809438,0.46966092619690636,0.24661126255674892,0.5471045354306554,0.23613184925559105,0.2313464753576232,0.349990089897781,0.3273205239997964,0.4913082289456506,0.5068479423274932,0.34707201232731655,0.49101917798674277,1.0,0.6822618881647554,0.3360686883713032,0.3433242522554756,0.28827458680893925,0.486238099918205,0.24103610582735957,0.2684482348227303,0.27720213279177885,0.22437711197730958,0.47551428433663645,0.0,0.5975927453298108,0.38262614291341523,0.2357465325774556,0.33767170865964025,0.45618289250304334,0.16483805682917763,0.49652694695944466,0.22831819517865948,0.379791209516125,0.49216830302678416,0.24460805194965918,0.2451621253729639,0.25321421374941266,0.387723262712396,0.38654849655630863,0.24171938138884208,0.2774409681399417
0.305195748268864,0.4089657601781489,0.22019831959875635,0.2621382117339768,0.40271128313709015,0.3983020013985553,0.3839206818604687,0.26137609786188054,0.29203130318197623,0.2555882192351512,0.48949756185479487,0.2640671563781971,0.5423418533483805,0.25477128227532253,0.25150253157240066,0.376772668969095,0.3501252575968967,0.5205534159016745,0.44431385062372764,0.380681776961169,0.5332139048549902,0.6822618881647554,1.0,0.3618409239373753,0.3736199749917838,0.3072609083674729,0.5282472517165928,0.2585053084203466,0.2877861697825951,0.2942282783615534,0.2445725264969324,0.4847942578394647,0.0,0.6369775316909368,0.4084113872138977,0.2533587663132305,0.3675123729012274,0.482333556234568,0.1791109133281894,0.5224900284672941,0.2490089919170202,0.40873067049717415,0.5175048328982568,0.26232134728326406,0.26185187896721807,0.27044752307049824,0.41047340568036605,0.4114771292760696,0.25875008468358685,0.29502198069328256
0.2766719594671875,0.49420993861434526,0.19083940928068055,0.23641563396965914,0.4208500205201535,0.4836965595151502,0.30925927483621907,0.24229880499385525,0.2614891058183272,0.23785699241689284,0.3786940211192782,0.24208617671831978,0.3696831993436439,0.22278704546044859,0.23052041037584592,0.3170722927936538,0.5483147458301534,0.358463589160011,0.30771009130463833,0.3077448814330349,0.3526588110543736,0.3360686883713032,0.3618409239373753,1.0,0.5460048790693026,0.44662350463647216,0.36237215752538476,0.2255532295770427,0.2926006728126821,0.26955370258940325,0.2195354578382699,0.40593679773645075,0.0,0.38301445365393527,0.5279214265634848,0.22039046561853848,0.30263070244833046,0.360663456297012,0.15717611016434396,0.3606162868781905,0.23095958311031128,0.41768570172197184,0.36618208792264284,0.23272038394556238,0.23818443988133986,0.24411738333682187,0.42280420547098907,0.41994630798364563,0.22943049623881306,0.273295144062203
0.28419204969041456,0.5236960400840277,0.20169125308545632,0.2542543175524349,0.3970795050392747,0.507644999539623,0.32190257569122704,0.2504279520974616,0.2708542781081261,0.2473436781627969,0.3760933404401112,0.25087900459567836,0.36733714605221235,0.23843925590474346,0.2464897220652903,0.328798282592232,0.4843872656461822,0.3652372291457212,0.3186211900111996,0.3212685106460197,0.35707039283720354,0.3433242522554756,0.3736199749917838,0.5460048790693026,1.0,0.4388854054737298,0.367913441182541,0.23516713195613514,0.2809012700530352,0.27393886406635026,0.22920456390579536,0.4079319939466255,0.0,0.3781246609684068,0.5429438365764838,0.22855739781942164,0.3233907694203184,0.3765480713139343,0.16706415807124853,0.36577665361011524,0.24195230305570903,0.4263288198756665,0.38208095677717935,0.25392307275694614,0.251039183097408,0.25744759242759985,0.4343850096285682,0.43530330756918045,0.2505752692906784,0.2718349534389555
0.23287004502038455,0.36410986379919064,0.1594670803173558,0.20577896007320196,0.3619053838741638,0.36315578315479125,0.2627811528345716,0.2116118329168003,0.22100723200164185,0.20699523461489044,0.31937842968983876,0.21117522088864082,0.3087676407838733,0.19576113501963743,0.2062822513797241,0.2807978161586365,0.4480693729773775,0.30386204517622906,0.26239600672531294,0.2629470206754918,0.30602272504789074,0.28827458680893925,0.3072609083674729,0.44662350463647216,0.4388854054737298,1.0,0.3024417301749224,0.19825776771797043,0.23841246740090793,0.22663172618076277,0.1899067611310914,0.3409375336376439,0.0,0.32576174255290546,0.3953360823268889,0.18937476059430014,0.25806028407551895,0.3210096227456358,0.14463966777689896,0.30965698582361934,0.19917644109058064,0.3492683862188076,0.31173984317216474,0.2156463648580471,0.21255941121704247,0.2074473644710716,0.36128887782797325,0.37535935185867486,0.20412930489210612,0.23680627385893305
0.30077665767797057,0.4090146243722216,0.21958293788369976,0.2568835878160328,0.40571144303862705,0.3840042837237767,0.35369021812519574,0.25926755109831634,0.295764392937092,0.2612469755921121,0.500059357747848,0.2607601896572148,0.5224780069350268,0.25369360328458435,0.2492961602245235,0.3494987366842923,0.3457258894344113,0.49757250105500317,0.4309907400078502,0.35533143443441406,0.5069415340775267,0.486238099918205,0.5282472517165928,0.36237215752538476,0.367913441182541,0.3024417301749224,1.0,0.2538483961326655,0.2892261975803486,0.2996406429208355,0.24499096676767418,0.4800641273765015,0.0,0.4983691305898933,0.40419243821542816,0.2460008925508913,0.33877435644483656,0.5709860207349486,0.17049226481447932,0.5365467582934602,0.25092517880577603,0.41197730059672466,0.617079402990265,0.25855326596403483,0.2545602502105194,0.2717386498377017,0.41332541688357516,0.4135877818974709,0.2589208285906497,0.2954889669701656
0.27884208620669015,0.26992294665436445,0.21084440264945592,0.5269863075171894,0.24204475597921637,0.2557068389528968,0.24474010925122192,0.6958683874538053,0.26657253405630443,0.5058067055014086,0.26197815539545966,0.5003439777054595,0.2597686783981661,0.5160054796253262,0.49061426876306546,0.2497539720388423,0.22543356627838218,0.25597009971055973,0.22384090245562038,0.24609277755042958,0.25001624699722247,0.24103610582735957,0.2585053084203466,0.2255532295770427,0.23516713195613514,0.19825776771797043,0.2538483961326655,1.0,0.30775249718979514,0.27316987441871743,0.4813592615088157,0.2591835226310717,0.0,0.24852295187957363,0.2482049633548351,0.393874627414616,0.23538253190582825,0.2655818285979852,0.30710822196984067,0.25743429054986544,0.5013176641514157,0.25193916616306233,0.25721469474982595,0.7954953283662107,0.7645842317923651,0.2900459714334065,0.25584673437877825,0.25582646967878575,0.4651394675466235,0.3044944622367797
0.3330673199947034,0.2990033198917137,0.24593429145563206,0.2989453997164583,0.284302854066784,0.2949245600051621,0.2699036653804049,0.312101878573527,0.31954174067074526,0.30519941359395086,0.29456384710707084,0.3101605372160269,0.28590455999176545,0.3089793304347904,0.29231392919092203,0.273042050319236,0.28650394142111546,0.2908975909195315,0.24868601892337583,0.2728836752687003,0.27637110328956616,0.2684482348227303,0.2877861697825951,0.2926006728126821,0.2809012700530352,0.23841246740090793,0.2892261975803486,0.30775249718979514,1.0,0.317158347278643,0.29293317426272736,0.2894119829132956,0.0,0.28946162377606965,0.2923457094175558,0.2825774906396823,0.25949469441110184,0.2891645023797599,0.2008163235861793,0.2898112898514663,0.2923624043949362,0.2828537459667718,0.2917149623264922,0.3050253426789157,0.30592470266746974,0.3864407394576478,0.28918647878167725,0.28761134756829043,0.29331194086676904,0.6129865931480438
0.3891244562684778,0.3026787698306804,0.2501306107863379,0.27979231982619546,0.28916870935711847,0.28633734109243936,0.28636063944897905,0.27858815107923884,0.404187882065252,0.28841673098444565,0.3106456039922817,0.282240938792368,0.31047966430043694,0.2726299623843689,0.2732992131330805,0.3009619509600424,0.2586032979042233,0.3022840813837331,0.25674113752398053,0.28917408881847184,0.29104352282404766,0.27720213279177885,0.2942282783615534,0.26955370258940325,0.27393886406635026,0.22663172618076277,0.2996406429208355,0.27316987441871743,0.317158347278643,1.0,0.2609609125342961,0.29412816493673666,0.0,0.2882664372707917,0.2920870061108871,0.2624574886261103,0.2796651009723694,0.29268892398780055,0.19935887632809735,0.31046632755391246,0.27484268829553493,0.2958404249409464,0.3079224855479993,0.27486793859458014,0.2721448705629226,0.3180925739118545,0.30226843971494,0.30229028297435356,0.27474523076705826,0.33596431469352805
0.2559280814798379,0.2535289818133881,0.1953765442902664,0.49756691810111997,0.24105378091781593,0.23795810313946242,0.23537992615687353,0.47367709095992216,0.25979599901030137,0.5118098219814073,0.24867612987578203,0.4544087322590601,0.2477845597932481,0.4901463199361469,0.4945792707098541,0.2420131334079303,0.2168846972185482,0.24337659769980569,0.2085497188814649,0.23790720073385252,0.23349881638414527,0.22437711197730958,0.2445725264969324,0.2195354578382699,0.22920456390579536,0.1899067611310914,0.24499096676767418,0.4813592615088157,0.29293317426272736,0.2609609125342961,1.0,0.2452557464769295,0.0,0.2366592536707096,0.23603924710592017,0.3826617545378239,0.2302293347981642,0.24227560850538554,0.2900229433953364,0.24457349299668563,0.6591526259106942,0.24006321581931545,0.24999650395330386,0.48031265085095365,0.47270439048306945,0.2818178115433956,0.2467755446578117,0.24637676340019676,0.43787179541863264,0.2918978556763796
0.29489953570574634,0.39762755732148947,0.21115258084150956,0.2806425472123365,0.454590665615767,0.40344467316452937,0.3351752887806434,0.27061112716660485,0.2925545331484165,0.26421262611876817,0.4543926425603628,0.2689670582343766,0.5176281998345933,0.25910693381836714,0.27196209871689414,0.3516917476948406,0.4210489354617689,0.4522980782109338,0.4481529519956432,0.3350090938146846,0.46045161015827063,0.47551428433663645,0.4847942578394647,0.40593679773645075,0.4079319939466255,0.3409375336376439,0.4800641273765015,0.2591835226310717,0.2894119829132956,0.29412816493673666,0.2452557464769295,1.0,0.0,0.473371909821651,0.39827264625352454,0.23472835504193423,0.33412255170530714,0.47504952112275844,0.1713920841850124,0.4838950556995113,0.26143032436857105,0.4002808668256158,0.49942852878795485,0.2576902441623411,0.2614864580884444,0.25961990490174747,0.41017841684258183,0.4094960937703893,0.24749468750694137,0.2791609271290324
0.0,0.0,0.0,0.0,0.0,0.0,0.0,0.0,0.0,0.0,0.0,0.0,0.0,0.0,0.0,0.0,0.0,0.0,0.0,0.0,0.0,0.0,0.0,0.0,0.0,0.0,0.0,0.0,0.0,0.0,0.0,0.0,1.0,0.0,0.0,0.0,0.0,0.0,0.0,0.0,0.0,0.0,0.0,0.0,0.0,0.0,0.0,0.0,0.0,0.0
0.30182175350234175,0.4020225543126884,0.2207914714752035,0.2526105235226286,0.4152829430391487,0.4043384943191415,0.34836695036590604,0.2577308510210814,0.28677982570469696,0.25151679665152893,0.47302400402841605,0.2603836568489485,0.5247033522806512,0.24785280573533153,0.24479107687107238,0.34687979247614686,0.37367153461556935,0.4769469575260433,0.41447029405324687,0.345848512088781,0.49314739403429997,0.5975927453298108,0.6369775316909368,0.38301445365393527,0.3781246609684068,0.32576174255290546,0.4983691305898933,0.24852295187957363,0.28946162377606965,0.2882664372707917,0.2366592536707096,0.473371909821651,0.0,1.0,0.4149388666587114,0.2566398696342609,0.3344687958053405,0.4761491813520886,0.18201368689222708,0.5050652143099756,0.2440384457718614,0.40187984231777296,0.5075196290700201,0.25271222343131394,0.25744431592153993,0.26439246180846987,0.409363509693072,0.4090021877751896,0.24913974225109958,0.2909039500192594
0.3002306197972404,0.562617287933358,0.2092270740807909,0.2519720008829188,0.38328314308770084,0.5436667658748366,0.3537823365288958,0.2541033657729641,0.2830136201971891,0.24909721900626314,0.4154264096208238,0.2597672188883263,0.40215637192233866,0.24654891954887337,0.247456866575265,0.3532434157646751,0.4471035528139813,0.40769209415192365,0.354977487781284,0.35184649476644503,0.4046131695738554,0.38262614291341523,0.4084113872138977,0.5279214265634848,0.5429438365764838,0.3953360823268889,0.40419243821542816,0.2482049633548351,0.2923457094175558,0.2920870061108871,0.23603924710592017,0.39827264625352454,0.0,0.4149388666587114,1.0,0.24251969117561412,0.34046230930595534,0.402135234559836,0.17483849321108125,0.40858372385848374,0.2411225098731996,0.46660811288574566,0.42113889360556334,0.25121040268953176,0.2544869125958764,0.26256956048657476,0.4671804526662011,0.46701873614412237,0.2510007781391893,0.29079188042877835
0.26633307591980926,0.2441763257222045,0.19996366069670324,0.3982288024132221,0.22955681194302935,0.2458897172235841,0.24836543382596443,0.3921904437749334,0.25381815234827754,0.4035123235183691,0.25764773058147106,0.3859877072143869,0.24674093949240283,0.3949555141526794,0.3849500759306598,0.24913134231537537,0.2197288290270385,0.25938745462008983,0.22187175706866447,0.24958846820638725,0.2502002968628969,0.2357465325774556,0.2533587663132305,0.22039046561853848,0.22855739781942164,0.18937476059430014,0.2460008925508913,0.393874627414616,0.2825774906396823,0.2624574886261103,0.3826617545378239,0.23472835504193423,0.0,0.2566398696342609,0.24251969117561412,1.0,0.24103065413263958,0.23848515160251738,0.2931690917211752,0.2534466017655802,0.39415559203211303,0.24812692394818914,0.24970960432874656,0.3997412952464041,0.39716847954022816,0.2696791711704556,0.2402453125814621,0.23923739892356422,0.3962466737798802,0.2928447709928462
0.2824680461397193,0.3263218710136617,0.20072603030862224,0.24932241066607697,0.3093577733935421,0.3359744864940313,0.8075951613689247,0.24609758701731477,0.28452012456808917,0.2460026378365986,0.3368221029944256,0.24296198343285091,0.3389175155204526,0.23771471737433447,0.23826413535663027,0.7475896254333416,0.292529757559581,0.3680745719511259,0.31585596101294844,0.8094424789239939,0.35739937380245523,0.33767170865964025,0.3675123729012274,0.30263070244833046,0.3233907694203184,0.25806028407551895,0.33877435644483656,0.23538253190582825,0.25949469441110184,0.2796651009723694,0.2302293347981642,0.33412255170530714,0.0,0.3344687958053405,0.34046230930595534,0.24103065413263958,1.0,0.3259555411023827,0.16510552960907743,0.3359486906870881,0.2361833044305348,0.32990585083782886,0.34526347470820806,0.23904832729627834,0.2397654293424314,0.2472093326216932,0.3258578113292142,0.32552601421678795,0.23746536011657815,0.2690864726913964
0.31091562432618025,0.4211925854024856,0.2192811158778578,0.2539710068016289,0.42580867509211084,0.3998532704770804,0.33766356132146336,0.27324449620031044,0.28725943947308985,0.25934896448857214,0.4777367186653658,0.2654573963457879,0.48640547646018295,0.2540798642566988,0.2484063169293681,0.3392861691299107,0.3471586944538445,0.4576646063613704,0.3992056560242666,0.33786020008165685,0.4703636446085796,0.45618289250304334,0.482333556234568,0.360663456297012,0.3765480713139343,0.3210096227456358,0.5709860207349486,0.2655818285979852,0.2891645023797599,0.29268892398780055,0.24227560850538554,0.47504952112275844,0.0,0.4761491813520886,0.402135234559836,0.23848515160251738,0.3259555411023827,1.0,0.177298400257769,0.5118962126805247,0.25217148861835637,0.40836785253925145,0.6188914313475979,0.27017046046562665,0.26258374654654115,0.2738155407734235,0.41971066856664496,0.421711723803298,0.26723513312639413,0.2892793554199564
0.23011099764759324,0.1775557209665396,0.14130572051714474,0.31498911342221014,0.18145024053244774,0.18438030952610773,0.17372341012581638,0.3021441988522172,0.1811332490809583,0.3123436421374165,0.18251283218385428,0.30631365615971307,0.17062249806512353,0.31708259614895173,0.2975587634512855,0.17081867311520837,0.15857284579120168,0.17964921927826538,0.15471432352997316,0.1732609505681958,0.17599821557472806,0.16483805682917763,0.1791109133281894,0.15717611016434396,0.16706415807124853,0.14463966777689896,0.17049226481447932,0.30710822196984067,0.2008163235861793,0.19935887632809735,0.2900229433953364,0.1713920841850124,0.0,0.18201368689222708,0.17483849321108125,0.2931690917211752,0.16510552960907743,0.177298400257769,1.0,0.17694095558226264,0.2961189507183811,0.17793875265449677,0.17566666088295924,0.30878775964276683,0.31452366574590607,0.18848120219507591,0.1767758163235883,0.17624176172054384,0.2942467284983318,0.21049648199414128
0.3096073481173659,0.41651237616903625,0.2270036230098762,0.2495257754350022,0.4172077271892225,0.3950877185662275,0.3536405650636173,0.26348089501855276,0.2967595403788793,0.2608115683739082,0.5228945325466721,0.26125008295853325,0.5297984541729901,0.24971004215771353,0.2451309601038082,0.3508223632124111,0.3440967997999178,0.4980385696606835,0.4290846728623188,0.3555280156477788,0.5083292303867728,0.49652694695944466,0.5224900284672941,0.3606162868781905,0.36577665361011524,0.30965698582361934,0.5365467582934602,0.25743429054986544,0.2898112898514663,0.31046632755391246,0.24457349299668563,0.4838950556995113,0.0,0.5050652143099756,0.40858372385848374,0.2534466017655802,0.3359486906870881,0.5118962126805247,0.17694095558226264,1.0,0.24740862034239408,0.4217028141374308,0.5482232496936474,0.2598006334929641,0.2621333362286078,0.2755079251475413,0.4406936623138398,0.44043999830572056,0.2616251606506488,0.30273586123655405
