../ecoli_genomes/GCF_000163235.1_ASM16323v1_genomic.fna.gz,../ecoli_genomes/GCF_000164555.1_ASM16455v1_genomic.fna.gz,../ecoli_genomes/GCF_000208545.1_ASM20854v2_genomic.fna.gz,../ecoli_genomes/GCF_000233875.1_ASM23387v1_genomic.fna.gz,../ecoli_genomes/GCF_000249735.1_ASM24973v2_genomic.fna.gz,../ecoli_genomes/GCF_000261145.1_Esch_coli_M919_V2_genomic.fna.gz,../ecoli_genomes/GCF_000267705.2_ASM26770v2_genomic.fna.gz,../ecoli_genomes/GCF_000350665.1_Esch_coli_KTE5_V1_genomic.fna.gz,../ecoli_genomes/GCF_000351625.1_Esch_coli_KTE66_V1_genomic.fna.gz,../ecoli_genomes/GCF_000352285.1_Esch_coli_KTE46_V1_genomic.fna.gz,../ecoli_genomes/GCF_000358895.1_ASM35889v1_genomic.fna.gz,../ecoli_genomes/GCF_000456385.1_Esch_coli_HVH_26_4-5703913_V1_genomic.fna.gz,../ecoli_genomes/GCF_000458195.1_Esch_coli_HVH_147_4-5893887_V1_genomic.fna.gz,../ecoli_genomes/GCF_000459755.1_Esch_coli_KOEGE_58_171a_V1_genomic.fna.gz,../ecoli_genomes/GCF_000460055.1_Esch_coli_UMEA_3053-1_V1_genomic.fna.gz,../ecoli_genomes/GCF_000462165.2_ASM46216v2_genomic.fna.gz,../ecoli_genomes/GCF_000601135.1_ASM60113v1_genomic.fna.gz,../ecoli_genomes/GCF_000614595.1_Ec2010EL1058_genomic.fna.gz,../ecoli_genomes/GCF_000617745.1_Ec2010C-4529_genomic.fna.gz,../ecoli_genomes/GCF_000618265.2_EcF6751_genomic.fna.gz,../ecoli_genomes/GCF_000619005.2_Ec2009C-4052_genomic.fna.gz,../ecoli_genomes/GCF_000619105.1_Ec2009C-4780_genomic.fna.gz,../ecoli_genomes/GCF_000619765.2_Ec2009C-3279_genomic.fna.gz,../ecoli_genomes/GCF_000687005.1_ASM68700v1_genomic.fna.gz,../ecoli_genomes/GCF_000687025.1_ASM68702v1_genomic.fna.gz,../ecoli_genomes/GCF_000700125.1_ASM70012v1_genomic.fna.gz,../ecoli_genomes/GCF_000753315.1_FHI35_genomic.fna.gz,../ecoli_genomes/GCF_000776375.1_ASM77637v1_genomic.fna.gz,../ecoli_genomes/GCF_000779395.1_ASM77939v1_genomic.fna.gz,../ecoli_genomes/GCF_000780315.1_ASM78031v1_genomic.fna.gz,../ecoli_genomes/GCF_000781995.1_ASM78199v1_genomic.fna.gz,../ecoli_genomes/GCF_000986765.1_ASM98676v1_genomic.fna.gz,../ecoli_genomes/GCF_001041375.1_ViralProj287958_genomic.fna.gz,../ecoli_genomes/GCF_001265335.1_302014_genomic.fna.gz,../ecoli_genomes/GCF_001265625.1_100854_genomic.fna.gz,../ecoli_genomes/GCF_001267345.1_303289_genomic.fna.gz,../ecoli_genomes/GCF_001309985.1_ASM130998v1_genomic.fna.gz,../ecoli_genomes/GCF_001521695.1_ASM152169v1_genomic.fna.gz,../ecoli_genomes/GCF_001592595.1_ASM159259v1_genomic.fna.gz,../ecoli_genomes/GCF_001614975.1_ASM161497v1_genomic.fna.gz,../ecoli_genomes/GCF_001692775.1_ASM169277v1_genomic.fna.gz,../ecoli_genomes/GCF_001748915.1_ASM174891v1_genomic.fna.gz,../ecoli_genomes/GCF_001749235.1_ASM174923v1_genomic.fna.gz,../ecoli_genomes/GCF_001881155.1_ASM188115v1_genomic.fna.gz,../ecoli_genomes/GCF_001881345.1_ASM188134v1_genomic.fna.gz,../ecoli_genomes/GCF_001892405.1_ASM189240v1_genomic.fna.gz,../ecoli_genomes/GCF_001892585.1_ASM189258v1_genomic.fna.gz,../ecoli_genomes/GCF_001893985.1_ASM189398v1_genomic.fna.gz,../ecoli_genomes/GCF_002001595.1_ASM200159v1_genomic.fna.gz,../ecoli_genomes/GCF_002002145.1_ASM200214v1_genomic.fna.gz
1.0,0.7846136683935478,0.7718493784856308,0.7696177348623182,0.7307062156672394,0.757725071622285,0.7802840122539579,0.771471726287163,0.8037489717130852,0.7795309966191583,0.7853326225006655,0.7786516639871814,0.7765402628791116,0.7637896089710605,0.7667359919067422,0.7785128898946482,0.7519433419283661,0.779152667772903,0.7629079137311955,0.7852093684319372,0.768852193831032,0.7608711169042356,0.7803188508829855,0.7625742192294584,0.7483773216879048,0.7518239141228521,0.7757202929575082,0.7678962564254126,0.7842119071913323,0.8094972715097485,0.7654947351057839,0.7600215848882008,0.0549439125622998,0.7636150044120499,0.7734228711619818,0.7675039999329517,0.77418167770938,0.7781788453096556,0.6580521840421684,0.7805064947943706,0.7652794382101888,0.7813065657480631,0.7822344918580929,0.7713972558840568,0.7704752073451661,0.7754018065945151,0.7749854561690595,0.7742092630874448,0.7764411938068128,0.7837019221876341
0.7846136683935478,1.0,0.7692713182775739,0.7740899242775047,0.7539748110190283,0.7993633741895179,0.7848746363053908,0.7766252879380653,0.7734805101358859,0.776272069791364,0.801090765163363,0.779986102129565,0.8068172773935105,0.7640325992365458,0.7648406894858166,0.783800997633554,0.799557556370259,0.8091988823436657,0.792131508860058,0.7899012331329925,0.8037688037597082,0.783252653583277,0.8064455693991598,0.8115070276942334,0.8134671864837597,0.7994018808783067,0.80709954925409,0.7715986831421698,0.7816467852480677,0.7844134027539464,0.7680208921040741,0.7975403017798137,0.05423887054140364,0.7962328883371121,0.8331279360379481,0.7650923795975608,0.7761498831208484,0.8081761353940956,0.6501028753693456,0.8072937030914942,0.7679882003076411,0.8262225869232191,0.8154974347870775,0.782612730333807,0.7778267342534031,0.7712088202007029,0.8175313954891892,0.8152648547805357,0.7796659747975543,0.7775676883077579
0.7718493784856308,0.7692713182775739,1.0,0.7429218193273837,0.7177466939408919,0.7307723436801123,0.7615350586045845,0.748254141133552,0.7729649123724853,0.7499174144277011,0.7575573152554479,0.7479025717558481,0.7595251518491455,0.7355395751064552,0.7368125706295575,0.7592553584532468,0.7348216744522859,0.7653487228618474,0.7374931532765948,0.7676117551509205,0.7589488636048155,0.7417777566170476,0.7611418911960537,0.7411616980091431,0.7314323288753048,0.7373274014422108,0.7617131678246338,0.7438785786565147,0.7621269565540123,0.7746820796852014,0.7437955994355898,0.7508342358241158,0.056882113370542164,0.7519364343152758,0.7570649491330144,0.7452171056091458,0.7540485955607364,0.7553866865709467,0.6393782725712308,0.7626132076238853,0.7412940438860846,0.7618405267932508,0.7673778828339275,0.7500273599751885,0.7476635781959438,0.7558324677151528,0.7611403921311025,0.7581727122110313,0.7530335490723967,0.7634600866627013
0.7696177348623182,0.7740899242775047,0.7429218193273837,1.0,0.729499408602861,0.7446950956061882,0.7533962199417591,0.8278455224165193,0.7654414926872031,0.8361107683492512,0.7596261430596991,0.8281637063052931,0.7630421455797751,0.8445237022547566,0.8587716038567504,0.7559958868320407,0.7482261854791992,0.7591007974625956,0.7430070593277578,0.7588671898919469,0.7511001225181146,0.7339163290419729,0.7637529189002578,0.7464918644015267,0.7474631777632571,0.737233956925478,0.7554162771585036,0.8288355119429689,0.7743650101522218,0.7673092485099795,0.8282244201606961,0.7613355638476447,0.05690105841222237,0.7518904936508173,0.7538194370169555,0.8015687440941807,0.7483925642269991,0.7494842088316724,0.6701545939094449,0.751337083637377,0.8333741557670928,0.7609754741450666,0.7634373904700255,0.830448974819374,0.8254237904065321,0.7711764122740069,0.7616778795933368,0.7605819201406454,0.8142479493645354,0.7779044959145446
0.7307062156672394,0.7539748110190283,0.7177466939408919,0.729499408602861,1.0,0.7404573834338528,0.7318830789885713,0.726361401096034,0.7377760293449023,0.7327697210917498,0.7784219558177292,0.7224629480447096,0.7843686137325391,0.7178485100966168,0.7331355854977334,0.7400659362782644,0.7613676491000886,0.7607424483439063,0.740855034635375,0.7377203246733113,0.7623854945708886,0.7378545806841277,0.7597723615609346,0.7535784486201669,0.747034599069163,0.7598565568222655,0.7618726662149784,0.7184963721780084,0.7340766955498166,0.7317149592977891,0.7211997031694415,0.7767775268187237,0.058411368283135756,0.7620127957184546,0.7548512714274823,0.7185147959561762,0.7331959493339888,0.7801725501526635,0.6743144229402225,0.7699457702887426,0.7334648386173164,0.7587535370857081,0.7769605453224789,0.7226605856838604,0.7275180334910453,0.73014520191175,0.7595093134342971,0.759169004584731,0.7260688084763421,0.7386971695762958
0.757725071622285,0.7993633741895179,0.7307723436801123,0.7446950956061882,0.7404573834338528,1.0,0.7645156275420937,0.7501111465587971,0.7434658960514282,0.7410995455846713,0.782086465857768,0.7505347413997054,0.7794460592214106,0.7401664396125215,0.7379162556088423,0.7709964942353408,0.7786289893411622,0.7822857940671557,0.7772906896064593,0.7625365068156493,0.7678503320822792,0.8046490653689421,0.78320714152031,0.8027421388679876,0.8051605562422803,0.7795573935520937,0.7756657464932175,0.7386074419609787,0.7533011028583321,0.7373179521107065,0.7326984224438944,0.7846040954453968,0.05941193339101225,0.7763679594900715,0.7945302954249635,0.7457799070553977,0.7679863868184232,0.7895268357189921,0.6350932624528576,0.781834874646633,0.7371815168230502,0.7940099269203849,0.7806285231054411,0.7466888932577569,0.7485527839391977,0.7494901809503752,0.7740783591178038,0.7773656820599708,0.7429660476226556,0.7592351106480613
0.7802840122539579,0.7848746363053908,0.7615350586045845,0.7533962199417591,0.7318830789885713,0.7645156275420937,1.0,0.7583903613839692,0.7715550277123903,0.754032261758816,0.7714294035621883,0.7579247109193709,0.776530288333038,0.746352607159305,0.7453488131300545,0.9015740882665002,0.7653782593447824,0.7976822001692673,0.7808257080648686,0.9433034092255981,0.7871763100258384,0.7765046294634762,0.7967807548931788,0.7719171342593661,0.7638269868758193,0.7608457515448478,0.789124635979468,0.7500220337459806,0.7698325040933669,0.7751626019680318,0.7487960375453651,0.7719746706795105,0.05438094314555719,0.7727199081148417,0.7759907889082176,0.7564202331801485,0.9219769738553133,0.7738672978465085,0.6375269084922388,0.782015215253168,0.7417032418529983,0.7822049051948519,0.7832167762788278,0.7593788243628825,0.7575000625521733,0.7641424071171291,0.7715062352292588,0.7706609115552723,0.7618396680978582,0.7742711205599457
0.771471726287163,0.7766252879380653,0.748254141133552,0.8278455224165193,0.726361401096034,0.7501111465587971,0.7583903613839692,1.0,0.770054534359436,0.8281695728638749,0.7637533910123645,0.8252285194518322,0.7678049236001218,0.8276150220437914,0.8197257019427378,0.7572398075859725,0.7459523141375506,0.7633425308304777,0.752493760490794,0.7623481480927191,0.7630136439151463,0.7455955109412039,0.7677474271406972,0.7567297383477689,0.7472523607684411,0.7438328905337097,0.7643080609388002,0.8892303967088457,0.7757537434212274,0.7610567110114694,0.8184977298561006,0.7596665021394485,0.05409308829779036,0.7582585252337002,0.7585240560943337,0.8032041724390793,0.7530698897694096,0.7634690009921603,0.6794892864400428,0.7604921925600454,0.8185849048820709,0.7682422875653651,0.7684102953608969,0.8905258992712556,0.8791038882036859,0.770377475198893,0.7633626595066537,0.7623062825549662,0.8219468895535039,0.7768129322135655
0.8037489717130852,0.7734805101358859,0.7729649123724853,0.7654414926872031,0.7377760293449023,0.7434658960514282,0.7715550277123903,0.770054534359436,1.0,0.7797269809941096,0.7769127331222595,0.7711720687548048,0.7777634669539207,0.7592437308765551,0.7620971917353413,0.7706972700178086,0.7486480311920884,0.777133578217041,0.7540092285814276,0.7803393366036482,0.7718565145489936,0.7517527543245,0.781501752588503,0.7582912873348719,0.745984039705855,0.7455595945640223,0.7746776109565958,0.7638378176803713,0.7829893350877577,0.8063586037562512,0.7670963545983889,0.7611609711712616,0.05491320778581299,0.7708715849600819,0.7643007731038021,0.7711129752356899,0.7683804663556486,0.7722881221693332,0.6471933301685234,0.7793925179518209,0.7662214188880447,0.7739749176969587,0.7836759584518886,0.7675011592387144,0.7652496974670863,0.7747058219846241,0.7763480723037475,0.7739507390955739,0.7746083963314462,0.7847651933677948
0.7795309966191583,0.776272069791364,0.7499174144277011,0.8361107683492512,0.7327697210917498,0.7410995455846713,0.754032261758816,0.8281695728638749,0.7797269809941096,1.0,0.7718855954509931,0.8243720458817965,0.7747604626018407,0.828516454317461,0.827251962749472,0.7611067399524631,0.7401176410381469,0.7643903765036741,0.7478337454846669,0.7616742703440496,0.7627040845880645,0.7391230700264219,0.7576991145208899,0.7545386682231816,0.7410124271244272,0.7449255585612271,0.7642430247346225,0.8261493447935744,0.777725842694899,0.774686055232471,0.8356212459345356,0.7551050578577455,0.05940491152099969,0.7554226380098018,0.7580299588466513,0.8119337464143246,0.7524119957577795,0.7605442569723571,0.6835483224319885,0.7618882116746216,0.8390187523726074,0.7657733492525616,0.7673736578882998,0.8246719503333619,0.8237743993631316,0.76480495469661,0.7649097855019273,0.7623668816195024,0.8242328534286134,0.7715451373364436
0.7853326225006655,0.801090765163363,0.7575573152554479,0.7596261430596991,0.7784219558177292,0.782086465857768,0.7714294035621883,0.7637533910123645,0.7769127331222595,0.7718855954509931,1.0,0.7591307796404698,0.8374771080763173,0.7552940855911809,0.7573151109793936,0.7772817138072882,0.7723547390344507,0.8220676540109498,0.7947095570764698,0.7787175369180926,0.8105160784082308,0.807327316017681,0.8143535602314945,0.788888347717713,0.7677054081055661,0.7874113014538373,0.82337768795958,0.7622990249377533,0.7679897252555349,0.7717666372871086,0.7603255879343527,0.8004324635619109,0.06123575668421988,0.808439607229103,0.7962759193239132,0.7701009037965427,0.773095947020893,0.827326312408078,0.6430312543330048,0.8321776761676458,0.7616287500474179,0.8145477241268289,0.8375516013642506,0.7653471186540408,0.7649624421525972,0.7676408271743861,0.8012702019207726,0.7987156067460824,0.766973143616106,0.775127441177835
0.7786516639871814,0.779986102129565,0.7479025717558481,0.8281637063052931,0.7224629480447096,0.7505347413997054,0.7579247109193709,0.8252285194518322,0.7711720687548048,0.8243720458817965,0.7591307796404698,1.0,0.7585943513721018,0.8243057366100508,0.8422030442464017,0.7573238201669832,0.7461321903096488,0.7632360708868118,0.7517253930781077,0.7617014023315791,0.7596811679797049,0.744475651854829,0.7630617338725718,0.7507557405355075,0.7463166186224052,0.7410687281433317,0.758039746654934,0.816988757155887,0.7761829504208841,0.7702696551411565,0.8085317270476335,0.7560984760656045,0.05493911261043993,0.7530805481303858,0.760410452319539,0.7969996594730728,0.7509992627755483,0.7555534931783232,0.6754466529145293,0.7565301893108989,0.811825410223045,0.760844782687877,0.7641629126382998,0.819977677169819,0.8174620827992312,0.7697184144947287,0.7596491409018589,0.7585558639587081,0.8157675253864953,0.775067596065865
0.7765402628791116,0.8068172773935105,0.7595251518491455,0.7630421455797751,0.7843686137325391,0.7794460592214106,0.776530288333038,0.7678049236001218,0.7777634669539207,0.7747604626018407,0.8374771080763173,0.7585943513721018,1.0,0.7549200427268895,0.7644458990801624,0.7855023908559455,0.7816459530100878,0.8306069283755103,0.8089584427809395,0.7857480487418972,0.8256637303621079,0.815512666904435,0.8436132268441703,0.79380864087004,0.7697600469903592,0.7830923609293774,0.8474261597539123,0.7591748947244166,0.7768706428328157,0.7802798412858392,0.7625421327304756,0.8139286362980349,0.05867417325792634,0.8300749303649422,0.8005868206930115,0.7641264058204524,0.7768022153208152,0.8305059061022526,0.6395244769391984,0.842741347133597,0.7661980832321296,0.8108252608776028,0.8463186108990349,0.7609496781004488,0.7606036181693674,0.768187260180532,0.8104877954945856,0.8092908571796539,0.7653972772278262,0.7744519197172081
0.7637896089710605,0.7640325992365458,0.7355395751064552,0.8445237022547566,0.7178485100966168,0.7401664396125215,0.746352607159305,0.8276150220437914,0.7592437308765551,0.828516454317461,0.7552940855911809,0.8243057366100508,0.7549200427268895,1.0,0.8442757255274231,0.749966607200431,0.7394281262116114,0.7542108127743229,0.7416978344566268,0.7536941403953625,0.7488574730722395,0.7322428228967983,0.756961020032593,0.7388407413665483,0.7388116470856481,0.7336253190602784,0.750145325995307,0.8313418323572559,0.7740497418779649,0.7518518115540314,0.822721154909267,0.7529388834058592,0.05885586761272932,0.7458689502123539,0.7526673101731433,0.7963376743937993,0.7427140953623055,0.7475905156180442,0.6676422331815259,0.7467125359887249,0.8251791609472083,0.7585327506762097,0.7568239042210942,0.8334664165167581,0.8263687541290768,0.7684547327623984,0.7525707120882618,0.7520524312907672,0.8189329513583432,0.7741985774482735
0.7667359919067422,0.7648406894858166,0.7368125706295575,0.8587716038567504,0.7331355854977334,0.7379162556088423,0.7453488131300545,0.8197257019427378,0.7620971917353413,0.827251962749472,0.7573151109793936,0.8422030442464017,0.7644458990801624,0.8442757255274231,1.0,0.7524469692924801,0.7401562836814469,0.7564713856938928,0.7374529808488332,0.753811483508402,0.7503693722606739,0.7326566432189123,0.7582999503992136,0.7432276303393774,0.7412711415719727,0.7374252332642816,0.7516803874512279,0.8174782648181096,0.7698000656413659,0.7566418467438853,0.8236327801651384,0.7605474674730524,0.05936912434785291,0.7471320717474434,0.7506558421188876,0.7944719201050956,0.7431409363895187,0.7499057394556354,0.6677829363362988,0.7510858208501562,0.8335415852263657,0.7566853592226965,0.7592888244737742,0.8158961938214295,0.8128609183788852,0.7651198319978629,0.7577721473982753,0.7567287618018115,0.8094042709785527,0.7750311649961243
0.7785128898946482,0.783800997633554,0.7592553584532468,0.7559958868320407,0.7400659362782644,0.7709964942353408,0.9015740882665002,0.7572398075859725,0.7706972700178086,0.7611067399524631,0.7772817138072882,0.7573238201669832,0.7855023908559455,0.749966607200431,0.7524469692924801,1.0,0.7647634772786764,0.7899271075800366,0.7753451044100181,0.9082764969398734,0.7822444741249529,0.7779977008539861,0.7945047248218334,0.7754315454710241,0.7633207086989031,0.7686049157571179,0.7854376816186186,0.7512335839043979,0.7712528603507549,0.7751353964062516,0.7496955246975869,0.7743394445719334,0.054867586893396325,0.7744862621903676,0.7766897355960304,0.7579189854097527,0.8998594158255552,0.7795845426849536,0.6388837250051491,0.7834785180938111,0.74957778286036,0.7847709688100503,0.782819171925717,0.758024448205526,0.7560217163519112,0.7654636210985335,0.7748542045446333,0.7740394504009727,0.7605991667758716,0.7762830188927774
0.7519433419283661,0.799557556370259,0.7348216744522859,0.7482261854791992,0.7613676491000886,0.7786289893411622,0.7653782593447824,0.7459523141375506,0.7486480311920884,0.7401176410381469,0.7723547390344507,0.7461321903096488,0.7816459530100878,0.7394281262116114,0.7401562836814469,0.7647634772786764,1.0,0.7826727476047729,0.7645453680924306,0.7701096527478187,0.773578874115422,0.7564247102660417,0.7858080894307298,0.7899352424219289,0.8048244462094436,0.8188075029354249,0.7726395709892726,0.737777951612422,0.7610577247107387,0.7481950880002887,0.7367867549983237,0.7998127715247352,0.05644245266544523,0.7768805359916798,0.7910594110107692,0.7396320133117325,0.7638115956929258,0.7783976844176025,0.6352937636651588,0.7825551840074448,0.7361563873278332,0.7937299457051543,0.7841960221412756,0.7468884011723538,0.749954814710615,0.7477315889390224,0.79771674674712,0.8000527928221494,0.7448971459982103,0.7609238611928885
0.779152667772903,0.8091988823436657,0.7653487228618474,0.7591007974625956,0.7607424483439063,0.7822857940671557,0.7976822001692673,0.7633425308304777,0.777133578217041,0.7643903765036741,0.8220676540109498,0.7632360708868118,0.8306069283755103,0.7542108127743229,0.7564713856938928,0.7899271075800366,0.7826727476047729,1.0,0.832016791280257,0.8025965730216496,0.8451100186898127,0.8196463772540908,0.842207673347769,0.7822586122776014,0.7663778962334105,0.7750202428212145,0.8399197888232195,0.7573935193646522,0.7808356379110775,0.7814257033993423,0.760162327041918,0.8093742483121178,0.06328814377845804,0.8207975891424514,0.802160743177996,0.770044949453873,0.7892250294549692,0.817598343369803,0.6413627306319867,0.8302448058276644,0.7547250986591864,0.8116954172921831,0.8354017256776025,0.7638996710587822,0.762981829136818,0.7696704443076356,0.8051752518075501,0.8040327943034242,0.7633398899851745,0.7786842663991194
0.7629079137311955,0.792131508860058,0.7374931532765948,0.7430070593277578,0.740855034635375,0.7772906896064593,0.7808257080648686,0.752493760490794,0.7540092285814276,0.7478337454846669,0.7947095570764698,0.7517253930781077,0.8089584427809395,0.7416978344566268,0.7374529808488332,0.7753451044100181,0.7645453680924306,0.832016791280257,1.0,0.7824048054361091,0.8249210016883208,0.8086881308376115,0.8281305824245445,0.7660456368164283,0.7631846412699617,0.7550184384269731,0.8079784190135622,0.7410428571116467,0.7628228087764672,0.7582126012573752,0.7429865214435389,0.7957740154980437,0.05674264227297632,0.8020264992362126,0.7884726384791315,0.7517613875268196,0.7748566319091935,0.7951344165536718,0.6325369941959005,0.8095105217484293,0.7360679786572983,0.7925748570410622,0.8088943965307968,0.7507282135980944,0.7496577572334262,0.7527898697483044,0.7820583271651563,0.7827007900917755,0.7456179156973537,0.7639945998809846
0.7852093684319372,0.7899012331329925,0.7676117551509205,0.7588671898919469,0.7377203246733113,0.7625365068156493,0.9433034092255981,0.7623481480927191,0.7803393366036482,0.7616742703440496,0.7787175369180926,0.7617014023315791,0.7857480487418972,0.7536941403953625,0.753811483508402,0.9082764969398734,0.7701096527478187,0.8025965730216496,0.7824048054361091,1.0,0.793854852904628,0.7750184062098262,0.8042087136503907,0.7688971962265533,0.7643502407692466,0.7643962576242922,0.7963772114139842,0.7558007907116329,0.7757094671495705,0.7838684197688089,0.7562931147335248,0.7788126641461015,0.05588650679085849,0.7802423559556397,0.7838833307629002,0.7592910394540857,0.9203745922416746,0.7814968648365279,0.6394429358857479,0.7903358078081364,0.7507841901246557,0.7886042152399583,0.7920213179414757,0.7630814986223953,0.7609419616050763,0.7721039454097886,0.7815733404403735,0.7805755929703928,0.768809603447953,0.781084598864279
0.768852193831032,0.8037688037597082,0.7589488636048155,0.7511001225181146,0.7623854945708886,0.7678503320822792,0.7871763100258384,0.7630136439151463,0.7718565145489936,0.7627040845880645,0.8105160784082308,0.7596811679797049,0.8256637303621079,0.7488574730722395,0.7503693722606739,0.7822444741249529,0.773578874115422,0.8451100186898127,0.8249210016883208,0.793854852904628,1.0,0.8104716154692014,0.8415423268471728,0.7716495243480443,0.7645176230659131,0.7724292157184307,0.8285789522656053,0.7577735753822381,0.7693439327162512,0.773093777561712,0.7578509060692891,0.8089791281375398,0.056024829222274586,0.820759525672346,0.7989680212733357,0.7639394757203022,0.7798359793208027,0.8186681246171738,0.6472555900613555,0.8291777499585955,0.7535458965421876,0.7958891906714132,0.8265265039235351,0.7631198556301192,0.7639799103425574,0.761156086244534,0.8015652602736498,0.8006372616217359,0.7602946933134268,0.7706266491401127
0.7608711169042356,0.783252653583277,0.7417777566170476,0.7339163290419729,0.7378545806841277,0.8046490653689421,0.7765046294634762,0.7455955109412039,0.7517527543245,0.7391230700264219,0.807327316017681,0.744475651854829,0.815512666904435,0.7322428228967983,0.7326566432189123,0.7779977008539861,0.7564247102660417,0.8196463772540908,0.8086881308376115,0.7750184062098262,0.8104716154692014,1.0,0.8554340489116712,0.777174987490978,0.7698604701543504,0.7663120672801171,0.8125383792038207,0.7377027159093109,0.7557215004799018,0.7496774005661255,0.7363915468156839,0.7919445933432795,0.05540527862917344,0.8300534080821427,0.7753278550658964,0.7512227076339231,0.7762077184977446,0.8075270932481398,0.6317779424125434,0.8106175097792454,0.7286919850544016,0.7875662622558404,0.8097619462775306,0.7443821189376888,0.7446201271843991,0.7499609997709529,0.7761291520026615,0.7750296091923058,0.7432920035313217,0.7593746652687462
0.7803188508829855,0.8064455693991598,0.7611418911960537,0.7637529189002578,0.7597723615609346,0.78320714152031,0.7967807548931788,0.7677474271406972,0.781501752588503,0.7576991145208899,0.8143535602314945,0.7630617338725718,0.8436132268441703,0.756961020032593,0.7582999503992136,0.7945047248218334,0.7858080894307298,0.842207673347769,0.8281305824245445,0.8042087136503907,0.8415423268471728,0.8554340489116712,1.0,0.7818298818152527,0.7753840729207602,0.772137593528951,0.8442527054573746,0.7608940052771103,0.7769349124943108,0.7762043633059942,0.7621148578764046,0.8193448057221207,0.05729805000876376,0.8584498146084124,0.7949044682958648,0.7666136089835647,0.7912502639437874,0.8265280395370589,0.6384400008534099,0.8334117980941679,0.7560162446720287,0.807675761040623,0.8374972538680304,0.7684252662721345,0.766777450417133,0.7717732266757524,0.8039180026124199,0.8044784655593936,0.7647634065229694,0.7753351886600186
0.7625742192294584,0.8115070276942334,0.7411616980091431,0.7464918644015267,0.7535784486201669,0.8027421388679876,0.7719171342593661,0.7567297383477689,0.7582912873348719,0.7545386682231816,0.788888347717713,0.7507557405355075,0.79380864087004,0.7388407413665483,0.7432276303393774,0.7754315454710241,0.7899352424219289,0.7822586122776014,0.7660456368164283,0.7688971962265533,0.7716495243480443,0.777174987490978,0.7818298818152527,1.0,0.8138972905473847,0.8040160334190851,0.779721179315373,0.7423311318629408,0.7641726911551195,0.7517093848600234,0.7407406806713217,0.7833540428815626,0.05613787470085163,0.7755986022196304,0.8117404883294671,0.7535275595678183,0.7719933517537909,0.7891740873033337,0.6344854455336957,0.7887772384508379,0.7455250829206705,0.7949852835397885,0.7867661265782293,0.748827595654772,0.7497194298812857,0.751323853768219,0.784782309584447,0.7841586491993986,0.7459732404132496,0.7591580147697367
0.7483773216879048,0.8134671864837597,0.7314323288753048,0.7474631777632571,0.747034599069163,0.8051605562422803,0.7638269868758193,0.7472523607684411,0.745984039705855,0.7410124271244272,0.7677054081055661,0.7463166186224052,0.7697600469903592,0.7388116470856481,0.7412711415719727,0.7633207086989031,0.8048244462094436,0.7663778962334105,0.7631846412699617,0.7643502407692466,0.7645176230659131,0.7698604701543504,0.7753840729207602,0.8138972905473847,1.0,0.8081918410937634,0.7680880631357079,0.7370996684234825,0.746922133915856,0.7393590165886113,0.7385902016723557,0.8019512172534866,0.05886339796826068,0.7620366829934908,0.8083595856848429,0.7362689449488408,0.7667183176037764,0.7753923133082112,0.6318213910588087,0.7724953917947657,0.7404868566700459,0.7870679268542646,0.7769259416202022,0.7520396437214958,0.7520698658516201,0.746782877623553,0.780003993700351,0.7807020723445034,0.746001823622207,0.7510777775808676
0.7518239141228521,0.7994018808783067,0.7373274014422108,0.737233956925478,0.7598565568222655,0.7795573935520937,0.7608457515448478,0.7438328905337097,0.7455595945640223,0.7449255585612271,0.7874113014538373,0.7410687281433317,0.7830923609293774,0.7336253190602784,0.7374252332642816,0.7686049157571179,0.8188075029354249,0.7750202428212145,0.7550184384269731,0.7643962576242922,0.7724292157184307,0.7663120672801171,0.772137593528951,0.8040160334190851,0.8081918410937634,1.0,0.7752550367629878,0.7365768572571016,0.7563573873868061,0.7444499545039103,0.7367793604324012,0.7854382366972921,0.06031590136964171,0.7682169556763913,0.7933473585325603,0.7361308867058296,0.7623581055510049,0.7863260451738423,0.6272780217340703,0.785162106847664,0.7351443147751198,0.7962751844706961,0.7843884275511299,0.7461882909026261,0.7451248539122562,0.7436423566047448,0.7903013028499926,0.7897459375173068,0.7452201457407233,0.7520819752841658
0.7757202929575082,0.80709954925409,0.7617131678246338,0.7554162771585036,0.7618726662149784,0.7756657464932175,0.789124635979468,0.7643080609388002,0.7746776109565958,0.7642430247346225,0.82337768795958,0.758039746654934,0.8474261597539123,0.750145325995307,0.7516803874512279,0.7854376816186186,0.7726395709892726,0.8399197888232195,0.8079784190135622,0.7963772114139842,0.8285789522656053,0.8125383792038207,0.8442527054573746,0.779721179315373,0.7680880631357079,0.7752550367629878,1.0,0.7570273920344567,0.772157818120544,0.7742922267452593,0.7571672448152306,0.8115348548290133,0.05743943537374352,0.8248820437403561,0.7995319427195886,0.7656141541666722,0.7830087786629759,0.8428944477807236,0.6404805538581271,0.8445740125917551,0.753984588897274,0.8097950381617948,0.8681499455863748,0.765359290845921,0.7632482151098342,0.7655021437126902,0.8034087282647936,0.8030038370727803,0.767781233192369,0.7718834959071632
0.7678962564254126,0.7715986831421698,0.7438785786565147,0.8288355119429689,0.7184963721780084,0.7386074419609787,0.7500220337459806,0.8892303967088457,0.7638378176803713,0.8261493447935744,0.7622990249377533,0.816988757155887,0.7591748947244166,0.8313418323572559,0.8174782648181096,0.7512335839043979,0.737777951612422,0.7573935193646522,0.7410428571116467,0.7558007907116329,0.7577735753822381,0.7377027159093109,0.7608940052771103,0.7423311318629408,0.7370996684234825,0.7365768572571016,0.7570273920344567,1.0,0.7696180445117045,0.7556075467837935,0.8173269444804332,0.7558640277485571,0.05831978466185361,0.7515889721377725,0.7492893135084273,0.7985398213443426,0.7451983008786218,0.7597422162778102,0.6765537395844792,0.7528450988579695,0.8160910582151774,0.7609667600045289,0.7614737661834438,0.9232891569722919,0.9072204872532745,0.7664007349612083,0.7598511570367616,0.7578581945074504,0.8215399190532131,0.767946631612686
0.7842119071913323,0.7816467852480677,0.7621269565540123,0.7743650101522218,0.7340766955498166,0.7533011028583321,0.7698325040933669,0.7757537434212274,0.7829893350877577,0.777725842694899,0.7679897252555349,0.7761829504208841,0.7768706428328157,0.7740497418779649,0.7698000656413659,0.7712528603507549,0.7610577247107387,0.7808356379110775,0.7628228087764672,0.7757094671495705,0.7693439327162512,0.7557215004799018,0.7769349124943108,0.7641726911551195,0.746922133915856,0.7563573873868061,0.772157818120544,0.7696180445117045,1.0,0.7784231727199217,0.7690877647691928,0.7606912540057498,0.0577797715799504,0.7676132592159232,0.7712515501469901,0.771976837795244,0.7609211266110901,0.768344170445038,0.6504532768545045,0.7739596234896876,0.763581854556777,0.7769170406031684,0.7728641090126764,0.77334966530656,0.770167701615216,0.7926071639585325,0.7711994285903441,0.7702190232338878,0.774898212617779,0.8543963600577031
0.8094972715097485,0.7844134027539464,0.7746820796852014,0.7673092485099795,0.7317149592977891,0.7373179521107065,0.7751626019680318,0.7610567110114694,0.8063586037562512,0.774686055232471,0.7717666372871086,0.7702696551411565,0.7802798412858392,0.7518518115540314,0.7566418467438853,0.7751353964062516,0.7481950880002887,0.7814257033993423,0.7582126012573752,0.7838684197688089,0.773093777561712,0.7496774005661255,0.7762043633059942,0.7517093848600234,0.7393590165886113,0.7444499545039103,0.7742922267452593,0.7556075467837935,0.7784231727199217,1.0,0.762818356075125,0.7561581731455806,0.055200614319038555,0.7616492824585626,0.7707090325544379,0.7585466688697031,0.7680981813905952,0.765514206886592,0.64686952308028,0.7786534457292962,0.7666301669245486,0.7821111161191243,0.7791961487186145,0.7596849587387557,0.7570496105582707,0.7744109716536973,0.7793018877638783,0.777862026589007,0.7724053493817913,0.7823600679210585
0.7654947351057839,0.7680208921040741,0.7437955994355898,0.8282244201606961,0.7211997031694415,0.7326984224438944,0.7487960375453651,0.8184977298561006,0.7670963545983889,0.8356212459345356,0.7603255879343527,0.8085317270476335,0.7625421327304756,0.822721154909267,0.8236327801651384,0.7496955246975869,0.7367867549983237,0.760162327041918,0.7429865214435389,0.7562931147335248,0.7578509060692891,0.7363915468156839,0.7621148578764046,0.7407406806713217,0.7385902016723557,0.7367793604324012,0.7571672448152306,0.8173269444804332,0.7690877647691928,0.762818356075125,1.0,0.7526831792373262,0.05864513051993325,0.7540228002148799,0.7508522927736874,0.8004581893184958,0.7440869085289659,0.7523284498731037,0.6686530107651694,0.7535518693093959,0.8600456529923894,0.7589187913399729,0.7627865695670226,0.8155254205760548,0.8121299898210486,0.7665884948189706,0.758458012815528,0.757164252892341,0.8098891090959541,0.7680729161901986
0.7600215848882008,0.7975403017798137,0.7508342358241158,0.7613355638476447,0.7767775268187237,0.7846040954453968,0.7719746706795105,0.7596665021394485,0.7611609711712616,0.7551050578577455,0.8004324635619109,0.7560984760656045,0.8139286362980349,0.7529388834058592,0.7605474674730524,0.7743394445719334,0.7998127715247352,0.8093742483121178,0.7957740154980437,0.7788126641461015,0.8089791281375398,0.7919445933432795,0.8193448057221207,0.7833540428815626,0.8019512172534866,0.7854382366972921,0.8115348548290133,0.7558640277485571,0.7606912540057498,0.7561581731455806,0.7526831792373262,1.0,0.052270028935009094,0.802022690717882,0.7887897603738816,0.752237473514475,0.7760340548120448,0.8164346702454202,0.6389348477361056,0.8131886681048549,0.7531128870720746,0.7956771732874492,0.8238234404801942,0.7599537749958023,0.7646218476231507,0.760712673563865,0.7914661056434242,0.7932809882100937,0.7480434862898315,0.7629687293571679
0.0549439125622998,0.05423887054140364,0.056882113370542164,0.05690105841222237,0.058411368283135756,0.05941193339101225,0.05438094314555719,0.05409308829779036,0.05491320778581299,0.05940491152099969,0.06123575668421988,0.05493911261043993,0.05867417325792634,0.05885586761272932,0.05936912434785291,0.054867586893396325,0.05644245266544523,0.06328814377845804,0.05674264227297632,0.05588650679085849,0.056024829222274586,0.05540527862917344,0.05729805000876376,0.05613787470085163,0.05886339796826068,0.06031590136964171,0.05743943537374352,0.05831978466185361,0.0577797715799504,0.055200614319038555,0.05864513051993325,0.052270028935009094,1.0,0.05345583684647104,0.05937292511458658,0.05541342685686623,0.05845805971620688,0.05706986734592456,0.046715981303030785,0.06400707787195903,0.06111639931629409,0.05450849994542917,0.05509417729443,0.0573596964984433,0.055257425697148976,0.05893416435257304,0.05667600800974826,0.05575023023292924,0.05821092668554895,0.060487742008838885
0.7636150044120499,0.7962328883371121,0.7519364343152758,0.7518904936508173,0.7620127957184546,0.7763679594900715,0.7727199081148417,0.7582585252337002,0.7708715849600819,0.7554226380098018,0.808439607229103,0.7530805481303858,0.8300749303649422,0.7458689502123539,0.7471320717474434,0.7744862621903676,0.7768805359916798,0.8207975891424514,0.8020264992362126,0.7802423559556397,0.820759525672346,0.8300534080821427,0.8584498146084124,0.7755986022196304,0.7620366829934908,0.7682169556763913,0.8248820437403561,0.7515889721377725,0.7676132592159232,0.7616492824585626,0.7540228002148799,0.802022690717882,0.05345583684647104,1.0,0.7892580185085833,0.7640043420411708,0.7671369248163589,0.8137152571543278,0.6462085441157067,0.8205401345405942,0.7497620695861444,0.801069807168399,0.8319055596176324,0.7564991838135329,0.7587012418401644,0.7586877196280498,0.7945019975825239,0.7960494306257351,0.7596773410114869,0.7659471825349276
0.7734228711619818,0.8331279360379481,0.7570649491330144,0.7538194370169555,0.7548512714274823,0.7945302954249635,0.7759907889082176,0.7585240560943337,0.7643007731038021,0.7580299588466513,0.7962759193239132,0.760410452319539,0.8005868206930115,0.7526673101731433,0.7506558421188876,0.7766897355960304,0.7910594110107692,0.802160743177996,0.7884726384791315,0.7838833307629002,0.7989680212733357,0.7753278550658964,0.7949044682958648,0.8117404883294671,0.8083595856848429,0.7933473585325603,0.7995319427195886,0.7492893135084273,0.7712515501469901,0.7707090325544379,0.7508522927736874,0.7887897603738816,0.05937292511458658,0.7892580185085833,1.0,0.7564993749688035,0.7696128351207107,0.7890326729951913,0.6402490413192516,0.806570418738437,0.7527640743010311,0.8151687069752196,0.8066701011092409,0.7546093912829508,0.753514345050313,0.7584965642166182,0.805920570120656,0.8047650736377518,0.7590593469448378,0.7668332634141097
0.7675039999329517,0.7650923795975608,0.7452171056091458,0.8015687440941807,0.7185147959561762,0.7457799070553977,0.7564202331801485,0.8032041724390793,0.7711129752356899,0.8119337464143246,0.7701009037965427,0.7969996594730728,0.7641264058204524,0.7963376743937993,0.7944719201050956,0.7579189854097527,0.7396320133117325,0.770044949453873,0.7517613875268196,0.7592910394540857,0.7639394757203022,0.7512227076339231,0.7666136089835647,0.7535275595678183,0.7362689449488408,0.7361308867058296,0.7656141541666722,0.7985398213443426,0.771976837795244,0.7585466688697031,0.8004581893184958,0.752237473514475,0.05541342685686623,0.7640043420411708,0.7564993749688035,1.0,0.7520456082699372,0.7525499400547568,0.6744157181103464,0.7603558268783838,0.7961264107817894,0.7684465914516851,0.7605585613009462,0.8022682179068181,0.8051435661532629,0.7676348128971372,0.7610002761760161,0.759345372579155,0.8052872764503096,0.7755275149875226
0.77418167770938,0.7761498831208484,0.7540485955607364,0.7483925642269991,0.7331959493339888,0.7679863868184232,0.9219769738553133,0.7530698897694096,0.7683804663556486,0.7524119957577795,0.773095947020893,0.7509992627755483,0.7768022153208152,0.7427140953623055,0.7431409363895187,0.8998594158255552,0.7638115956929258,0.7892250294549692,0.7748566319091935,0.9203745922416746,0.7798359793208027,0.7762077184977446,0.7912502639437874,0.7719933517537909,0.7667183176037764,0.7623581055510049,0.7830087786629759,0.7451983008786218,0.7609211266110901,0.7680981813905952,0.7440869085289659,0.7760340548120448,0.05845805971620688,0.7671369248163589,0.7696128351207107,0.7520456082699372,1.0,0.7741326516010251,0.6344774797006161,0.7757463018848503,0.7407020470349737,0.7763659060257742,0.7779595082082466,0.7544747793729547,0.7517338730071675,0.7583105808239091,0.7636812622924418,0.7630020953359063,0.7551035238873508,0.7695280661764701
0.7781788453096556,0.8081761353940956,0.7553866865709467,0.7494842088316724,0.7801725501526635,0.7895268357189921,0.7738672978465085,0.7634690009921603,0.7722881221693332,0.7605442569723571,0.827326312408078,0.7555534931783232,0.8305059061022526,0.7475905156180442,0.7499057394556354,0.7795845426849536,0.7783976844176025,0.817598343369803,0.7951344165536718,0.7814968648365279,0.8186681246171738,0.8075270932481398,0.8265280395370589,0.7891740873033337,0.7753923133082112,0.7863260451738423,0.8428944477807236,0.7597422162778102,0.768344170445038,0.765514206886592,0.7523284498731037,0.8164346702454202,0.05706986734592456,0.8137152571543278,0.7890326729951913,0.7525499400547568,0.7741326516010251,1.0,0.6546421748306698,0.8366277405334727,0.7535950338755906,0.8032325386303251,0.8623989371856083,0.7648966477027259,0.764893462232949,0.7671244915008412,0.8076376224865985,0.8070495886131874,0.7628301313226955,0.7734800298042037
0.6580521840421684,0.6501028753693456,0.6393782725712308,0.6701545939094449,0.6743144229402225,0.6350932624528576,0.6375269084922388,0.6794892864400428,0.6471933301685234,0.6835483224319885,0.6430312543330048,0.6754466529145293,0.6395244769391984,0.6676422331815259,0.6677829363362988,0.6388837250051491,0.6352937636651588,0.6413627306319867,0.6325369941959005,0.6394429358857479,0.6472555900613555,0.6317779424125434,0.6384400008534099,0.6344854455336957,0.6318213910588087,0.6272780217340703,0.6404805538581271,0.6765537395844792,0.6504532768545045,0.64686952308028,0.6686530107651694,0.6389348477361056,0.046715981303030785,0.6462085441157067,0.6402490413192516,0.6744157181103464,0.6344774797006161,0.6546421748306698,1.0,0.6473532001811931,0.6732632604199205,0.6479460804225285,0.6465802284210225,0.680133797715385,0.6855639245642282,0.6386331094293246,0.6452891856569214,0.6456454888695831,0.682339426146213,0.651864142688125
