../ecoli_genomes/GCF_000163235.1_ASM16323v1_genomic.fna.gz,../ecoli_genomes/GCF_000164555.1_ASM16455v1_genomic.fna.gz,../ecoli_genomes/GCF_000208545.1_ASM20854v2_genomic.fna.gz,../ecoli_genomes/GCF_000233875.1_ASM23387v1_genomic.fna.gz,../ecoli_genomes/GCF_000249735.1_ASM24973v2_genomic.fna.gz,../ecoli_genomes/GCF_000261145.1_Esch_coli_M919_V2_genomic.fna.gz,../ecoli_genomes/GCF_000267705.2_ASM26770v2_genomic.fna.gz,../ecoli_genomes/GCF_000350665.1_Esch_coli_KTE5_V1_genomic.fna.gz,../ecoli_genomes/GCF_000351625.1_Esch_coli_KTE66_V1_genomic.fna.gz,../ecoli_genomes/GCF_000352285.1_Esch_coli_KTE46_V1_genomic.fna.gz,../ecoli_genomes/GCF_000358895.1_ASM35889v1_genomic.fna.gz,../ecoli_genomes/GCF_000456385.1_Esch_coli_HVH_26_4-5703913_V1_genomic.fna.gz,../ecoli_genomes/GCF_000458195.1_Esch_coli_HVH_147_4-5893887_V1_genomic.fna.gz,../ecoli_genomes/GCF_000459755.1_Esch_coli_KOEGE_58_171a_V1_genomic.fna.gz,../ecoli_genomes/GCF_000460055.1_Esch_coli_UMEA_3053-1_V1_genomic.fna.gz,../ecoli_genomes/GCF_000462165.2_ASM46216v2_genomic.fna.gz,../ecoli_genomes/GCF_000601135.1_ASM60113v1_genomic.fna.gz,../ecoli_genomes/GCF_000614595.1_Ec2010EL1058_genomic.fna.gz,../ecoli_genomes/GCF_000617745.1_Ec2010C-4529_genomic.fna.gz,../ecoli_genomes/GCF_000618265.2_EcF6751_genomic.fna.gz,../ecoli_genomes/GCF_000619005.2_Ec2009C-4052_genomic.fna.gz,../ecoli_genomes/GCF_000619105.1_Ec2009C-4780_genomic.fna.gz,../ecoli_genomes/GCF_000619765.2_Ec2009C-3279_genomic.fna.gz,../ecoli_genomes/GCF_000687005.1_ASM68700v1_genomic.fna.gz,../ecoli_genomes/GCF_000687025.1_ASM68702v1_genomic.fna.gz,../ecoli_genomes/GCF_000700125.1_ASM70012v1_genomic.fna.gz,../ecoli_genomes/GCF_000753315.1_FHI35_genomic.fna.gz,../ecoli_genomes/GCF_000776375.1_ASM77637v1_genomic.fna.gz,../ecoli_genomes/GCF_000779395.1_ASM77939v1_genomic.fna.gz,../ecoli_genomes/GCF_000780315.1_ASM78031v1_genomic.fna.gz,../ecoli_genomes/GCF_000781995.1_ASM78199v1_genomic.fna.gz,../ecoli_genomes/GCF_000986765.1_ASM98676v1_genomic.fna.gz,../ecoli_genomes/GCF_001041375.1_ViralProj287958_genomic.fna.gz,../ecoli_genomes/GCF_001265335.1_302014_genomic.fna.gz,../ecoli_genomes/GCF_001265625.1_100854_genomic.fna.gz,../ecoli_genomes/GCF_001267345.1_303289_genomic.fna.gz,../ecoli_genomes/GCF_001309985.1_ASM130998v1_genomic.fna.gz,../ecoli_genomes/GCF_001521695.1_ASM152169v1_genomic.fna.gz,../ecoli_genomes/GCF_001592595.1_ASM159259v1_genomic.fna.gz,../ecoli_genomes/GCF_001614975.1_ASM161497v1_genomic.fna.gz,../ecoli_genomes/GCF_001692775.1_ASM169277v1_genomic.fna.gz,../ecoli_genomes/GCF_001748915.1_ASM174891v1_genomic.fna.gz,../ecoli_genomes/GCF_001749235.1_ASM174923v1_genomic.fna.gz,../ecoli_genomes/GCF_001881155.1_ASM188115v1_genomic.fna.gz,../ecoli_genomes/GCF_001881345.1_ASM188134v1_genomic.fna.gz,../ecoli_genomes/GCF_001892405.1_ASM189240v1_genomic.fna.gz,../ecoli_genomes/GCF_001892585.1_ASM189258v1_genomic.fna.gz,../ecoli_genomes/GCF_001893985.1_ASM189398v1_genomic.fna.gz,../ecoli_genomes/GCF_002001595.1_ASM200159v1_genomic.fna.gz,../ecoli_genomes/GCF_002002145.1_ASM200214v1_genomic.fna.gz
1.0,0.3207751852511511,0.2624518385838487,0.27519922089095816,0.2917808115307955,0.29357533202685804,0.29839061112142584,0.2829140993881031,0.3893838836954059,0.2894915244745728,0.3113643214711883,0.2895167535157426,0.3217503574709607,0.26897484074311306,0.26696175852961823,0.3082963518012386,0.2872004526163666,0.3065506922176501,0.29779737451951627,0.29908436685210094,0.2958231557464369,0.28559980785549843,0.3148452313743496,0.29608301478218346,0.296803702209137,0.2990883064497095,0.30517984282098176,0.2708852585754248,0.33708966212888614,0.3822120905200398,0.2538732388865399,0.30949128199630604,0.0,0.31082407835994375,0.3082995465177122,0.2742097693495176,0.2854127461563375,0.3116378370756887,0.21645975383625782,0.31032322532189693,0.26160742874739096,0.30122569317307846,0.3120799219796758,0.2745550897022092,0.28820652778473077,0.31764982440443135,0.30042631054841384,0.30085480740698733,0.2706300551160734,0.3444150115949445
0.3207751852511511,1.0,0.2339551252219546,0.27396575254103683,0.37951010369159,0.5148916237301254,0.3404205628592154,0.27954687578689363,0.2945728320645776,0.2837859526542924,0.42172248842935034,0.28889877425286326,0.42510520671641794,0.2636546528517878,0.26448408121720224,0.34378268046020233,0.46046617524846334,0.41039123687567003,0.38900811721787865,0.3446937356591486,0.4006053530166871,0.36718081777309,0.41571232695005933,0.5227733770855263,0.5435081408190472,0.48271038047655934,0.4145607022187764,0.27553013223288014,0.3022323771898435,0.3040625231009453,0.2569966615924426,0.40863324966537906,0.0,0.4033284261228871,0.5683953467700918,0.2613977792669905,0.32370853447905823,0.42450345289878977,0.20857998662980304,0.42152759276146534,0.25797419969480395,0.4698374299168492,0.4195838940323636,0.28423177087550233,0.28638090348122724,0.2833148164515644,0.48099175704460206,0.4809159331632725,0.2821466776537961,0.3037769232205746
0.2624518385838487,0.2339551252219546,1.0,0.20950723038022434,0.2004355946729861,0.2126006951714161,0.21582375809043064,0.21341030033732866,0.24778617710445439,0.21395353765406044,0.22880946731318152,0.21167319085458958,0.22763021684686602,0.20571820196477475,0.20499614163425772,0.21796481654465072,0.20762862068517807,0.22289339587693446,0.2102703418762828,0.21866317455039308,0.21843318069450768,0.20458438137738866,0.2246925658810861,0.20352264184273283,0.20843280352970117,0.2138754159432511,0.2254884084604617,0.20934038046183145,0.24748806729351192,0.2563347812438235,0.20013632327937825,0.22006958373490937,0.0,0.22194320075911533,0.21364878737983062,0.21080560794822545,0.20428516214546466,0.22376630776773632,0.16632636444097848,0.22734065504671952,0.20468175696115054,0.2232840385246878,0.23004691189559534,0.21637151243464714,0.21363119341728964,0.23592385194205467,0.22884181284936012,0.22828520426136711,0.2173848604923443,0.2540097006935025
0.27519922089095816,0.27396575254103683,0.20950723038022434,1.0,0.26696293625515477,0.25216410804105716,0.2532218693017273,0.5028276274826151,0.27940625710402367,0.5264209783152715,0.264498221690183,0.5075443667799067,0.27997241958380725,0.5412030559460246,0.5614909316260488,0.26948626172022705,0.2516997746701365,0.2584697578483913,0.24767467805318488,0.2552530628256592,0.25096612211141267,0.24111574171418282,0.2689906794919634,0.24493410974569318,0.2597626172373304,0.2637310327513058,0.262317002981592,0.5189860617750222,0.2986526165858353,0.2712126641916459,0.503463439497184,0.27659617020728755,0.0,0.25558755618496665,0.2542176283325144,0.41529198413140633,0.24777493901724812,0.26295612387625267,0.3448393821860388,0.2572112223231353,0.520287138137159,0.2558493163465856,0.2635523578156028,0.5193935297985255,0.5104859360022296,0.292338422399532,0.2619023826225406,0.2613858794036389,0.45444940931471767,0.3072519508774044
0.2917808115307955,0.37951010369159,0.2004355946729861,0.26696293625515477,1.0,0.3644821905682998,0.3091326524803346,0.26357135603508675,0.28737877559741687,0.27130547877745304,0.48702346458307266,0.2528740746336058,0.46487406131469255,0.2525495575162021,0.2712169330886358,0.34268307695013334,0.4115815667019239,0.3958108305497845,0.3905933910877345,0.31222438462831625,0.40380111685052744,0.36393766054044197,0.4065375771551544,0.4024120169226838,0.38690250355657607,0.39266558107586536,0.41975086965280406,0.24086648911114117,0.2809963150024384,0.2760701537634601,0.2494618727724145,0.43922085187825743,0.0,0.4128464721662821,0.3843629420804392,0.23764323888427075,0.3077334218833936,0.45231508626374506,0.20430518877040638,0.4228785346334091,0.26194191110909026,0.38515159743807825,0.4409639630831186,0.24598854072894105,0.2510783915459941,0.2570571418224312,0.3940134546108065,0.39525490671478913,0.2481970839745663,0.2756391226806193
0.29357533202685804,0.5148916237301254,0.2126006951714161,0.25216410804105716,0.3644821905682998,1.0,0.3312684550083377,0.26149255744146327,0.2727906058562941,0.2515248837325671,0.3849546258369291,0.2541672842976185,0.3959225805227745,0.24286268275381084,0.24228253785039033,0.3432910842105137,0.43464107637026816,0.38992565784669064,0.37829493631048705,0.32863817654409166,0.3683377352213667,0.4487682658904253,0.38642217589317596,0.47654094683610926,0.5138028961877164,0.4405211000348106,0.3779899372545875,0.2509392746584662,0.2872834235650209,0.2735858294846689,0.23396059798277946,0.3968619487787639,0.0,0.3849299159793683,0.5200473276906326,0.2508526722762776,0.3165399877864101,0.3869175914560228,0.21184929291930565,0.3892708750462056,0.23648923355507923,0.43357156489867044,0.38610148425738555,0.25263998355519834,0.2507779719456804,0.2590648145824299,0.43763642159079075,0.4383952408424119,0.24671121948266939,0.2843455547950676
0.29839061112142584,0.3404205628592154,0.21582375809043064,0.2532218693017273,0.3091326524803346,0.3312684550083377,1.0,0.2500869124293653,0.29016720258555595,0.2505954167150549,0.35199856370073557,0.25067397647165424,0.35256437702442645,0.24478444176391245,0.2443597216998139,0.7486920819855973,0.31588491606630165,0.37376077134491836,0.36375357394966434,0.8558473124191266,0.37594055402930804,0.3369457128294677,0.3842468179204259,0.320071115289417,0.3258669938121921,0.33365237682601556,0.35256746850132215,0.2442158009861074,0.2810798892469871,0.2913650335899888,0.23721235660156237,0.33810536817105374,0.0,0.3527927372307801,0.35288775092867575,0.2636902046506051,0.7754446028339994,0.3338794967738393,0.20339271563345696,0.35013324473417295,0.23422182883484954,0.3428143293145849,0.35140130770121925,0.24786756944819677,0.24621723701665554,0.26384340278148,0.33826277824184126,0.33752732711137534,0.2454671485109674,0.2854483487522931
0.2829140993881031,0.27954687578689363,0.21341030033732866,0.5028276274826151,0.26357135603508675,0.26149255744146327,0.2500869124293653,1.0,0.2706943836706286,0.5083830786374935,0.26755538977574733,0.4831578484897986,0.2821353660474326,0.49220599108889884,0.48257642245370125,0.26443778590560074,0.2529645504022352,0.26231480578074395,0.25349484061001837,0.25233610151577457,0.2543427769148521,0.24492174928914867,0.26723045864159933,0.25668751929505096,0.2579229057159287,0.26753090722354356,0.2667187538432455,0.7000914516324208,0.3072784307101505,0.27049701246412594,0.4708351237016839,0.2731461450087739,0.0,0.2630044132637521,0.25770885782323605,0.4147511679798761,0.24181810058767994,0.2824416026027141,0.3537218899467818,0.26723502132373766,0.47985566636024846,0.26191921984229294,0.27054545224837656,0.7024448412822359,0.6725462069407115,0.2923670013385328,0.2673092706271757,0.2662607570087726,0.4495885747675965,0.30486607014579914
0.3893838836954059,0.2945728320645776,0.24778617710445439,0.27940625710402367,0.28737877559741687,0.2727906058562941,0.29016720258555595,0.2706943836706286,1.0,0.28724423852530223,0.3068860091850283,0.2666686998224921,0.3177233168426624,0.27000320401927413,0.2749509378870991,0.3059658318465094,0.2756592809133933,0.294718092322393,0.27757383041188055,0.2947654018325381,0.2895411581422156,0.2683218782061888,0.3002315381163957,0.2761566560617671,0.2794552865457255,0.2947929995551888,0.3027462385623878,0.25943988802270346,0.3292728989712239,0.4017007513618708,0.26362983627899017,0.29896347645992494,0.0,0.2913252582834728,0.28915993764290526,0.27050175408770905,0.28188243689532977,0.29166566409034245,0.20469469547152652,0.30515552830199155,0.2660635087183352,0.2915418892650429,0.30548612093605243,0.2617107588007206,0.2594335062219668,0.30984990701551207,0.2905553551695865,0.28982822104938244,0.2634384918342674,0.33562598073408334
0.2894915244745728,0.2837859526542924,0.21395353765406044,0.5264209783152715,0.27130547877745304,0.2515248837325671,0.2505954167150549,0.5083830786374935,0.28724423852530223,1.0,0.27272408112029434,0.48440181602376076,0.2863965663422219,0.504781688777272,0.5080745542420211,0.2676875893774887,0.2554917181957679,0.25871662809630036,0.24585383543432804,0.2535625876436117,0.25260998648641086,0.2334967958716666,0.2617165721121453,0.24840115730321766,0.2629492716606757,0.2691323157217228,0.26895212874552454,0.49973066005351396,0.30379973873932,0.279414977553172,0.5156267065454256,0.27043741371639973,0.0,0.2579338896307163,0.2573067810745001,0.4237279137703528,0.24429042757920794,0.2706094408390062,0.35904507985264955,0.2661469773616085,0.520280354071996,0.26061853226421805,0.26859681818060654,0.5024736482084564,0.5088237217576852,0.29104294363673733,0.2649376224836941,0.26455078398050613,0.45963785299036464,0.3038406684801155
0.3113643214711883,0.42172248842935034,0.22880946731318152,0.264498221690183,0.48702346458307266,0.3849546258369291,0.35199856370073557,0.26755538977574733,0.3068860091850283,0.27272408112029434,1.0,0.27049735539448594,0.5273112458312048,0.26385621354352184,0.2636359913997003,0.3574138095419902,0.38918508005491526,0.4743474968567044,0.45607323246725784,0.35643543180089,0.47800314379386943,0.4426805353423223,0.492728616269702,0.4038720810061599,0.39424312985953336,0.4110057928296086,0.5064651734963421,0.26608656892091953,0.29974938285723585,0.3073249953050845,0.25522230395636447,0.46160491232234346,0.0,0.4795001343152969,0.4261608137313412,0.27035023676876546,0.3351708053186838,0.48727353232536996,0.20902167162504792,0.5147321536732208,0.2541728096236838,0.4366458639502513,0.5109738032904105,0.267882018172125,0.2679465957453374,0.2827848389936236,0.42886294634499067,0.4275221498124242,0.2696520578346888,0.30535624567174113
0.2895167535157426,0.28889877425286326,0.21167319085458958,0.5075443667799067,0.2528740746336058,0.2541672842976185,0.25067397647165424,0.4831578484897986,0.2666686998224921,0.48440181602376076,0.27049735539448594,1.0,0.27369988865737893,0.4973816233660622,0.6124644306482601,0.2584110337837391,0.2491448472147929,0.256159368389854,0.2508177490419018,0.2513102212770566,0.2535470071788549,0.24971850445120936,0.26786135157217095,0.25190704603038827,0.25915454900100643,0.2583689091203808,0.26204657434549006,0.48483147620599065,0.31147946748854793,0.2689240430387466,0.4455886461816647,0.2686808128829091,0.0,0.259960824605017,0.2579614974204073,0.4066997303317349,0.24183026488933201,0.2716436289461247,0.34583664652279744,0.25992560952373966,0.46797925966456966,0.25713637268415324,0.26871015227027617,0.49256625026579426,0.4889400463637743,0.2953951452057664,0.26434027775697055,0.2643255951046226,0.43693385770218895,0.3046512142198836
0.3217503574709607,0.42510520671641794,0.22763021684686602,0.27997241958380725,0.46487406131469255,0.3959225805227745,0.35256437702442645,0.2821353660474326,0.3177233168426624,0.2863965663422219,0.5273112458312048,0.27369988865737893,1.0,0.2652024191168918,0.2804615866816683,0.37565970992223885,0.39715615623483735,0.5036099626509928,0.4844989790541484,0.35764625133939754,0.5159903220115186,0.49975150046313765,0.5662268716089323,0.4024478958824099,0.3972470818688557,0.42173644250939846,0.5495296588627787,0.2692496581166032,0.2991414545912361,0.3145535866504027,0.26429774831491315,0.5077361631446907,0.0,0.5494272147440206,0.4284643829138979,0.26561592565726055,0.3463636603424607,0.5160444747743211,0.20430146217116962,0.5533294648552124,0.27070900519303664,0.43631838129209455,0.5481194494398491,0.27013984814414593,0.2677815291704789,0.2779468211717566,0.43551227761250655,0.4347748651779769,0.2711059140286759,0.30473563089817157
0.26897484074311306,0.2636546528517878,0.20571820196477475,0.5412030559460246,0.2525495575162021,0.24286268275381084,0.24478444176391245,0.49220599108889884,0.27000320401927413,0.504781688777272,0.26385621354352184,0.4973816233660622,0.2652024191168918,1.0,0.5413791283798128,0.2518150333906608,0.23838176876734063,0.2548173450799235,0.2418929721296026,0.24819114546554977,0.2442859632752966,0.23563758349732966,0.2603567698570727,0.23038649037469416,0.24095236066847192,0.24907127627094694,0.26254186391494516,0.5159800810805644,0.30351238896372834,0.2644220629795574,0.49628448973858674,0.2598652591538686,0.0,0.2546598314652123,0.24879116297810933,0.41838212127080254,0.23544447725633277,0.26379225622715297,0.34405202507363064,0.25670773460148355,0.5022326466225464,0.24879516219497277,0.26219962088748217,0.5138702237224557,0.506038308334796,0.29404343843015734,0.25693986255551826,0.25656833359107056,0.45317116614757047,0.30615682020834667
0.26696175852961823,0.26448408121720224,0.20499614163425772,0.5614909316260488,0.2712169330886358,0.24228253785039033,0.2443597216998139,0.48257642245370125,0.2749509378870991,0.5080745542420211,0.2636359913997003,0.6124644306482601,0.2804615866816683,0.5413791283798128,1.0,0.2635293969364245,0.25428742571040797,0.2510362262651271,0.23998907003991543,0.2479213611919444,0.24514178524799923,0.23210992323965052,0.2640035089667577,0.24210428053830135,0.2502105425682253,0.25899860424403065,0.25992689344006703,0.48536245970724246,0.29815536162938683,0.2650387550837551,0.5021393947414978,0.26986664235295565,0.0,0.25559183105232197,0.2520381523643136,0.40868358856118947,0.24239945715455868,0.2627358572188827,0.3407967974351511,0.2556317537600338,0.5147423423262907,0.2518283265039256,0.2637962243279236,0.4864333789045837,0.47833214369279986,0.29120629654346586,0.26584623167381205,0.2650626841222986,0.4408706629957271,0.3128825041678307
0.3082963518012386,0.34378268046020233,0.21796481654465072,0.26948626172022705,0.34268307695013334,0.3432910842105137,0.7486920819855973,0.26443778590560074,0.3059658318465094,0.2676875893774887,0.3574138095419902,0.2584110337837391,0.37565970992223885,0.2518150333906608,0.2635293969364245,1.0,0.3322254500544797,0.3655489657332752,0.3673176796272716,0.7615520403707091,0.3633929274506731,0.3419515994183173,0.3724211084516691,0.33199715200417534,0.34465829158552064,0.3650557261918498,0.35023273734313165,0.25023542961733614,0.28706195452003325,0.3016836883451063,0.2529648390639384,0.3538898366716726,0.0,0.352293338312332,0.35137240767714195,0.264510687512171,0.7270291294501092,0.3375234170760406,0.20074354560346253,0.34810873963944133,0.25358570060206365,0.34503762201738586,0.3559862232307931,0.252167998887352,0.2532249480222464,0.26568328732322843,0.34195975983700866,0.34161409055022407,0.24954144814494117,0.2878779832511177
0.2872004526163666,0.46046617524846334,0.20762862068517807,0.2516997746701365,0.4115815667019239,0.43464107637026816,0.31588491606630165,0.2529645504022352,0.2756592809133933,0.2554917181957679,0.38918508005491526,0.2491448472147929,0.39715615623483735,0.23838176876734063,0.25428742571040797,0.3322254500544797,1.0,0.3717017588465451,0.35656558221528967,0.31506988731291174,0.36308767685735166,0.35186385861625225,0.38405356928890144,0.5348568534115866,0.4965989025165133,0.4803410088733244,0.375089135894486,0.24127393027369226,0.29433924991389937,0.27501110367696113,0.2375046637960142,0.4398143965373039,0.0,0.3919778049057322,0.4602138579251076,0.2495986087276174,0.30939108523737535,0.3758435885154048,0.20392165783997718,0.38366316966768677,0.23707084942180523,0.4278587756824904,0.38309328541951104,0.24348137477776421,0.2514436915930375,0.2531354245478866,0.44927643219326463,0.4484402706822035,0.2415585283833548,0.27946416707279353
0.3065506922176501,0.41039123687567003,0.22289339587693446,0.2584697578483913,0.3958108305497845,0.38992565784669064,0.37376077134491836,0.26231480578074395,0.294718092322393,0.25871662809630036,0.4743474968567044,0.256159368389854,0.5036099626509928,0.2548173450799235,0.2510362262651271,0.3655489657332752,0.3717017588465451,1.0,0.5113567490594442,0.37555370925734055,0.5112456322065386,0.46475118649791247,0.5261578830534548,0.37478878308923624,0.373707031307178,0.39281567959051766,0.4988555732771144,0.25618188351339544,0.28878908511151913,0.2959215013724662,0.24475668712289456,0.45467038578279906,0.0,0.4851062924567263,0.41311388702412166,0.2718592713611955,0.3546734139751935,0.46046183244604366,0.21116265638598386,0.5006082173075379,0.24290027432946248,0.4219515430949953,0.48820561680033714,0.2593556927509416,0.25785530674633206,0.2711252302236753,0.4199127618064604,0.4190698624046304,0.2539198887297446,0.2970540946062542
0.29779737451951627,0.38900811721787865,0.2102703418762828,0.24767467805318488,0.3905933910877345,0.37829493631048705,0.36375357394966434,0.25349484061001837,0.27757383041188055,0.24585383543432804,0.45607323246725784,0.2508177490419018,0.4844989790541484,0.2418929721296026,0.23998907003991543,0.3673176796272716,0.35656558221528967,0.5113567490594442,1.0,0.3598290523908533,0.4895408347637362,0.4712820633339897,0.5076589720565983,0.36616768834308844,0.3725781687547073,0.37098092581119857,0.4737262413758726,0.24599967299236758,0.2793892351401859,0.2811939335437612,0.2339726954360678,0.45123939562084137,0.0,0.4692592396763753,0.40621839292530826,0.2597038601509919,0.35419985135247367,0.44709822584788017,0.19680440187135606,0.47931175160954353,0.23091617546021215,0.39980534163001047,0.4691433195708282,0.25120938228283585,0.2500971507409171,0.2593485387204739,0.39297804682090454,0.3935852155790802,0.24599269438143445,0.2824644653438466
0.29908436685210094,0.3446937356591486,0.21866317455039308,0.2552530628256592,0.31222438462831625,0.32863817654409166,0.8558473124191266,0.25233610151577457,0.2947654018325381,0.2535625876436117,0.35643543180089,0.2513102212770566,0.35764625133939754,0.24819114546554977,0.2479213611919444,0.7615520403707091,0.31506988731291174,0.37555370925734055,0.3598290523908533,1.0,0.37703600097417744,0.331419180319272,0.38299091800606244,0.31996550802414225,0.32383061891503806,0.3359507402290971,0.35649877828323195,0.24698811526009423,0.2837364346065583,0.29421190288905863,0.23978510389728946,0.3381014545680473,0.0,0.3537715049918866,0.3514253558985264,0.2641551287949694,0.784529487820219,0.33765653399257356,0.2027889505192365,0.35572945004906364,0.23809155166219476,0.3459736952189504,0.3557539849370651,0.2494082016034097,0.24766112580723,0.2679268470617079,0.341964083461599,0.3413574783477358,0.2486104570951777,0.28993208790464187
0.2958231557464369,0.4006053530166871,0.21843318069450768,0.25096612211141267,0.40380111685052744,0.3683377352213667,0.37594055402930804,0.2543427769148521,0.2895411581422156,0.25260998648641086,0.47800314379386943,0.2535470071788549,0.5159903220115186,0.2442859632752966,0.24514178524799923,0.3633929274506731,0.36308767685735166,0.5112456322065386,0.4895408347637362,0.37703600097417744,1.0,0.46454651436377425,0.5394193123511837,0.3622511136216511,0.36259086885704606,0.3868630807153035,0.508653019034788,0.2516860836190822,0.2774091348117482,0.2919617998320141,0.23902047198058773,0.468100465696639,0.0,0.5077145507922063,0.400847011762703,0.2617368247561094,0.35745880884611625,0.47576740043523214,0.20149829888643778,0.5097607509493453,0.241699865085781,0.39759717853039345,0.5028643040401308,0.2547926940652794,0.2550753282595286,0.2693509765436576,0.41456947069078187,0.41314455270310035,0.25082473429514773,0.2863699355925531
0.28559980785549843,0.36718081777309,0.20458438137738866,0.24111574171418282,0.36393766054044197,0.4487682658904253,0.3369457128294677,0.24492174928914867,0.2683218782061888,0.2334967958716666,0.4426805353423223,0.24971850445120936,0.49975150046313765,0.23563758349732966,0.23210992323965052,0.3419515994183173,0.35186385861625225,0.46475118649791247,0.4712820633339897,0.331419180319272,0.46454651436377425,1.0,0.6312836797644112,0.3476042873880578,0.3646410564172874,0.3641648275533834,0.46710100261572485,0.23972567662650435,0.260944453104883,0.2668958055946018,0.22211526819922323,0.45150218816398313,0.0,0.5640873722027439,0.3737352739504347,0.24714642338152615,0.3210774994000718,0.4472014413276646,0.1884215788995094,0.47209785456207964,0.22074083481901718,0.3706296071276526,0.46599724475158566,0.24445347702489773,0.2392943615627905,0.25021336544601425,0.37208856700376935,0.37085407587483377,0.23454984091368014,0.27246371909867406
0.3148452313743496,0.41571232695005933,0.2246925658810861,0.2689906794919634,0.4065375771551544,0.38642217589317596,0.3842468179204259,0.26723045864159933,0.3002315381163957,0.2617165721121453,0.492728616269702,0.26786135157217095,0.5662268716089323,0.2603567698570727,0.2640035089667577,0.3724211084516691,0.38405356928890144,0.5261578830534548,0.5076589720565983,0.38299091800606244,0.5394193123511837,0.6312836797644112,1.0,0.3793225087949901,0.3846582847129153,0.39199517579859233,0.5346267021098121,0.2629985569828913,0.29443662699137474,0.2945913709998178,0.2518206836334792,0.5017368035333241,0.0,0.6497032386744002,0.4182022089661167,0.27234597252907655,0.36242148892381676,0.4985925487545818,0.21587631375713867,0.5274448479837082,0.24912635710893005,0.4128907823528575,0.5249889236791558,0.26595893567636986,0.264264348604215,0.2754154773208507,0.4149051474356882,0.41377568500086825,0.26238997833816236,0.2993527806320132
0.29608301478218346,0.5227733770855263,0.20352264184273283,0.24493410974569318,0.4024120169226838,0.47654094683610926,0.320071115289417,0.25668751929505096,0.2761566560617671,0.24840115730321766,0.4038720810061599,0.25190704603038827,0.4024478958824099,0.23038649037469416,0.24210428053830135,0.33199715200417534,0.5348568534115866,0.37478878308923624,0.36616768834308844,0.31996550802414225,0.3622511136216511,0.3476042873880578,0.3793225087949901,1.0,0.5565749999057372,0.45710601853544763,0.3796789984640073,0.23543095888462062,0.29321700864561606,0.2748270189364861,0.23218705711942866,0.412902016708801,0.0,0.3781343710300705,0.5357707831937197,0.24595397370546546,0.3139251693329693,0.3745555572242969,0.1979413833141167,0.3807380845282321,0.23433355155127367,0.4364912080409312,0.379652335572218,0.241311007659604,0.24627333690068576,0.2567036197156588,0.43593193435474165,0.4369452374284504,0.23723630572275645,0.2738336234845561
0.296803702209137,0.5435081408190472,0.20843280352970117,0.2597626172373304,0.38690250355657607,0.5138028961877164,0.3258669938121921,0.2579229057159287,0.2794552865457255,0.2629492716606757,0.39424312985953336,0.25915454900100643,0.3972470818688557,0.24095236066847192,0.2502105425682253,0.34465829158552064,0.4965989025165133,0.373707031307178,0.3725781687547073,0.32383061891503806,0.36259086885704606,0.3646410564172874,0.3846582847129153,0.5565749999057372,1.0,0.4872523127818902,0.37644685196909233,0.23963647847643244,0.28381521395383513,0.27217347983035667,0.24088547691062334,0.44003992203005804,0.0,0.37860545719517136,0.5471242415908522,0.2436232404513714,0.31682624360219525,0.38317974800890353,0.20045771579164862,0.385468086757525,0.24443083709608227,0.4344156528895,0.3842196305857418,0.25598302116320937,0.2547242883833237,0.2633148821019037,0.4433247236529202,0.44533717493820935,0.2492176724768076,0.2759208090533659
0.2990883064497095,0.48271038047655934,0.2138754159432511,0.2637310327513058,0.39266558107586536,0.4405211000348106,0.33365237682601556,0.26753090722354356,0.2947929995551888,0.2691323157217228,0.4110057928296086,0.2583689091203808,0.42173644250939846,0.24907127627094694,0.25899860424403065,0.3650557261918498,0.4803410088733244,0.39281567959051766,0.37098092581119857,0.3359507402290971,0.3868630807153035,0.3641648275533834,0.39199517579859233,0.45710601853544763,0.4872523127818902,1.0,0.3970251583900172,0.24919712300438224,0.2812664063581942,0.2902570068639567,0.24854313777792825,0.4033278399212594,0.0,0.3820877676026023,0.47591667547147054,0.25010126705639835,0.3322930567704936,0.38951152865966465,0.19510731146195015,0.4065130773516529,0.2510083813224836,0.44772128645208586,0.398163628102163,0.262617208393067,0.2594557054353882,0.2609725160822878,0.4594367691727682,0.45828447484869816,0.2582052752023043,0.2860082270498945
0.30517984282098176,0.4145607022187764,0.2254884084604617,0.262317002981592,0.41975086965280406,0.3779899372545875,0.35256746850132215,0.2667187538432455,0.3027462385623878,0.26895212874552454,0.5064651734963421,0.26204657434549006,0.5495296588627787,0.26254186391494516,0.25992689344006703,0.35023273734313165,0.375089135894486,0.4988555732771144,0.4737262413758726,0.35649877828323195,0.508653019034788,0.46710100261572485,0.5346267021098121,0.3796789984640073,0.37644685196909233,0.3970251583900172,1.0,0.2601283489516901,0.29187807423034573,0.297693737546441,0.2533537011006881,0.49323199891880287,0.0,0.509810510934448,0.41606796552901726,0.26809655159574886,0.3360610244658697,0.5828589519905646,0.20324436233623555,0.5518149731798767,0.25328680956702276,0.42031466392970396,0.6223047041063607,0.26763223443803785,0.26035680418136964,0.2804696586351686,0.415714567098985,0.41458212796360483,0.26703283257193833,0.299810405752845
0.2708852585754248,0.27553013223288014,0.20934038046183145,0.5189860617750222,0.24086648911114117,0.2509392746584662,0.2442158009861074,0.7000914516324208,0.25943988802270346,0.49973066005351396,0.26608656892091953,0.48483147620599065,0.2692496581166032,0.5159800810805644,0.48536245970724246,0.25023542961733614,0.24127393027369226,0.25618188351339544,0.24599967299236758,0.24698811526009423,0.2516860836190822,0.23972567662650435,0.2629985569828913,0.23543095888462062,0.23963647847643244,0.24919712300438224,0.2601283489516901,1.0,0.3025529077243667,0.2661884409616303,0.4733743239649919,0.2610991323098826,0.0,0.25563627010530654,0.24829280609403903,0.4074910255126062,0.23458870498908002,0.2719476451355677,0.33966079239186786,0.2596941318036169,0.4779479629080631,0.2546179634366461,0.2618860528117152,0.7942957048643514,0.7546247084805128,0.2887075402776055,0.2640002183833884,0.2637357135707423,0.456891477422395,0.3016349090141033
0.33708966212888614,0.3022323771898435,0.24748806729351192,0.2986526165858353,0.2809963150024384,0.2872834235650209,0.2810798892469871,0.3072784307101505,0.3292728989712239,0.30379973873932,0.29974938285723585,0.31147946748854793,0.2991414545912361,0.30351238896372834,0.29815536162938683,0.28706195452003325,0.29433924991389937,0.28878908511151913,0.2793892351401859,0.2837364346065583,0.2774091348117482,0.260944453104883,0.29443662699137474,0.29321700864561606,0.28381521395383513,0.2812664063581942,0.29187807423034573,0.3025529077243667,1.0,0.3252005958121511,0.29058484988467836,0.2972840576256285,0.0,0.28991797258912566,0.2884296855123769,0.30298815381595845,0.27129322815166845,0.29068638214936626,0.23406507294089662,0.29496270296965277,0.28432176580270097,0.2886189745007519,0.2932603754149222,0.300861780512645,0.30112600797501154,0.3935635245501288,0.29000284110516117,0.2898135854117513,0.2987963903923141,0.6159589633230704
0.3822120905200398,0.3040625231009453,0.2563347812438235,0.2712126641916459,0.2760701537634601,0.2735858294846689,0.2913650335899888,0.27049701246412594,0.4017007513618708,0.279414977553172,0.3073249953050845,0.2689240430387466,0.3145535866504027,0.2644220629795574,0.2650387550837551,0.3016836883451063,0.27501110367696113,0.2959215013724662,0.2811939335437612,0.29421190288905863,0.2919617998320141,0.2668958055946018,0.2945913709998178,0.2748270189364861,0.27217347983035667,0.2902570068639567,0.297693737546441,0.2661884409616303,0.3252005958121511,1.0,0.25980029348831124,0.2897776983233107,0.0,0.2877954060972915,0.2917122398419314,0.26984026339536893,0.2852460447544547,0.2899070873257572,0.2019354057834365,0.30712525120247225,0.26140377335787934,0.29595023774385176,0.3027974493018324,0.2662617489698137,0.2643606642156199,0.322314724549598,0.29962375736330193,0.29900580173624536,0.2658108547674747,0.33553787152310366
0.2538732388865399,0.2569966615924426,0.20013632327937825,0.503463439497184,0.2494618727724145,0.23396059798277946,0.23721235660156237,0.4708351237016839,0.26362983627899017,0.5156267065454256,0.25522230395636447,0.4455886461816647,0.26429774831491315,0.49628448973858674,0.5021393947414978,0.2529648390639384,0.2375046637960142,0.24475668712289456,0.2339726954360678,0.23978510389728946,0.23902047198058773,0.22211526819922323,0.2518206836334792,0.23218705711942866,0.24088547691062334,0.24854313777792825,0.2533537011006881,0.4733743239649919,0.29058484988467836,0.25980029348831124,1.0,0.2546516036504486,0.0,0.24392294011455895,0.24082448296369996,0.39873214634469123,0.23371947206530985,0.25303689140424446,0.33368209676838323,0.250647336279584,0.6470359900832832,0.24405986998421347,0.25376161720736246,0.4717248280620955,0.4658505465210895,0.2768895397586608,0.2526628113677266,0.2520420463795552,0.4320714942050631,0.2876408383895509
0.30949128199630604,0.40863324966537906,0.22006958373490937,0.27659617020728755,0.43922085187825743,0.3968619487787639,0.33810536817105374,0.2731461450087739,0.29896347645992494,0.27043741371639973,0.46160491232234346,0.2686808128829091,0.5077361631446907,0.2598652591538686,0.26986664235295565,0.3538898366716726,0.4398143965373039,0.45467038578279906,0.45123939562084137,0.3381014545680473,0.468100465696639,0.45150218816398313,0.5017368035333241,0.412902016708801,0.44003992203005804,0.4033278399212594,0.49323199891880287,0.2610991323098826,0.2972840576256285,0.2897776983233107,0.2546516036504486,1.0,0.0,0.48794924209583745,0.4056023318262364,0.2564198899495541,0.33293980788773825,0.49307617628373646,0.22137366122863766,0.507125439228324,0.2540917142354161,0.4068301059532168,0.509553818809094,0.2637368004016186,0.26878289072072026,0.2713947314699604,0.4182222606627759,0.4179224242289271,0.2546603113167766,0.28720824202496376
0.0,0.0,0.0,0.0,0.0,0.0,0.0,0.0,0.0,0.0,0.0,0.0,0.0,0.0,0.0,0.0,0.0,0.0,0.0,0.0,0.0,0.0,0.0,0.0,0.0,0.0,0.0,0.0,0.0,0.0,0.0,0.0,1.0,0.0,0.0,0.0,0.0,0.0,0.0,0.0,0.0,0.0,0.0,0.0,0.0,0.0,0.0,0.0,0.0,0.0
0.31082407835994375,0.4033284261228871,0.22194320075911533,0.25558755618496665,0.4128464721662821,0.3849299159793683,0.3527927372307801,0.2630044132637521,0.2913252582834728,0.2579338896307163,0.4795001343152969,0.259960824605017,0.5494272147440206,0.2546598314652123,0.25559183105232197,0.352293338312332,0.3919778049057322,0.4851062924567263,0.4692592396763753,0.3537715049918866,0.5077145507922063,0.5640873722027439,0.6497032386744002,0.3781343710300705,0.37860545719517136,0.3820877676026023,0.509810510934448,0.25563627010530654,0.28991797258912566,0.2877954060972915,0.24392294011455895,0.48794924209583745,0.0,1.0,0.4121602017686766,0.2752828993920725,0.333907957868012,0.4818284310662332,0.23043872353922834,0.5109265577299487,0.24168905792169892,0.40479356181743686,0.5169632664320138,0.2585172566924736,0.26376176098407944,0.2691062543340663,0.4104051293673726,0.409292112179238,0.25584074728400874,0.29703400184286466
0.3082995465177122,0.5683953467700918,0.21364878737983062,0.2542176283325144,0.3843629420804392,0.5200473276906326,0.35288775092867575,0.25770885782323605,0.28915993764290526,0.2573067810745001,0.4261608137313412,0.2579614974204073,0.4284643829138979,0.24879116297810933,0.2520381523643136,0.35137240767714195,0.4602138579251076,0.41311388702412166,0.40621839292530826,0.3514253558985264,0.400847011762703,0.3737352739504347,0.4182022089661167,0.5357707831937197,0.5471242415908522,0.47591667547147054,0.41606796552901726,0.24829280609403903,0.2884296855123769,0.2917122398419314,0.24082448296369996,0.4056023318262364,0.0,0.4121602017686766,1.0,0.2578046926249846,0.3327049290442129,0.4041527484503067,0.20645166375302892,0.4215143394058998,0.24162827013464305,0.46991669136227454,0.4224092478474719,0.2527156967040184,0.2547313567807298,0.26950413671955564,0.4685337629196009,0.46768238731534917,0.2544051828405204,0.29108461264213903
0.2742097693495176,0.2613977792669905,0.21080560794822545,0.41529198413140633,0.23764323888427075,0.2508526722762776,0.2636902046506051,0.4147511679798761,0.27050175408770905,0.4237279137703528,0.27035023676876546,0.4066997303317349,0.26561592565726055,0.41838212127080254,0.40868358856118947,0.264510687512171,0.2495986087276174,0.2718592713611955,0.2597038601509919,0.2641551287949694,0.2617368247561094,0.24714642338152615,0.27234597252907655,0.24595397370546546,0.2436232404513714,0.25010126705639835,0.26809655159574886,0.4074910255126062,0.30298815381595845,0.26984026339536893,0.39873214634469123,0.2564198899495541,0.0,0.2752828993920725,0.2578046926249846,1.0,0.2515707106043972,0.25563165306804436,0.35735087926180753,0.2710702829532342,0.39933047205707217,0.2583332114335236,0.26448653748491047,0.41432438490414214,0.4149255280638545,0.2884085165184034,0.26036390302833223,0.2597219747186136,0.4130967284516962,0.30288629914730625
0.2854127461563375,0.32370853447905823,0.20428516214546466,0.24777493901724812,0.3077334218833936,0.3165399877864101,0.7754446028339994,0.24181810058767994,0.28188243689532977,0.24429042757920794,0.3351708053186838,0.24183026488933201,0.3463636603424607,0.23544447725633277,0.24239945715455868,0.7270291294501092,0.30939108523737535,0.3546734139751935,0.35419985135247367,0.784529487820219,0.35745880884611625,0.3210774994000718,0.36242148892381676,0.3139251693329693,0.31682624360219525,0.3322930567704936,0.3360610244658697,0.23458870498908002,0.27129322815166845,0.2852460447544547,0.23371947206530985,0.33293980788773825,0.0,0.333907957868012,0.3327049290442129,0.2515707106043972,1.0,0.3177676607280484,0.19105170277487404,0.3286329305010255,0.2313463232735985,0.3246519925579877,0.33687487404847816,0.23520765394774967,0.23453385627652046,0.2513420216593588,0.32452767345184097,0.3236997885584165,0.23158746397520846,0.271936640280957
0.3116378370756887,0.42450345289878977,0.22376630776773632,0.26295612387625267,0.45231508626374506,0.3869175914560228,0.3338794967738393,0.2824416026027141,0.29166566409034245,0.2706094408390062,0.48727353232536996,0.2716436289461247,0.5160444747743211,0.26379225622715297,0.2627358572188827,0.3375234170760406,0.3758435885154048,0.46046183244604366,0.44709822584788017,0.33765653399257356,0.47576740043523214,0.4472014413276646,0.4985925487545818,0.3745555572242969,0.38317974800890353,0.38951152865966465,0.5828589519905646,0.2719476451355677,0.29068638214936626,0.2899070873257572,0.25303689140424446,0.49307617628373646,0.0,0.4818284310662332,0.4041527484503067,0.25563165306804436,0.3177676607280484,1.0,0.21208079093029797,0.5230428755663312,0.25469459056517674,0.4168618708489469,0.6344953355720654,0.2771915395308713,0.2668143680424139,0.2788020412385136,0.42740744622659865,0.42638101274812623,0.2711843171583461,0.29591680170657286
0.21645975383625782,0.20857998662980304,0.16632636444097848,0.3448393821860388,0.20430518877040638,0.21184929291930565,0.20339271563345696,0.3537218899467818,0.20469469547152652,0.35904507985264955,0.20902167162504792,0.34583664652279744,0.20430146217116962,0.34405202507363064,0.3407967974351511,0.20074354560346253,0.20392165783997718,0.21116265638598386,0.19680440187135606,0.2027889505192365,0.20149829888643778,0.1884215788995094,0.21587631375713867,0.1979413833141167,0.20045771579164862,0.19510731146195015,0.20324436233623555,0.33966079239186786,0.23406507294089662,0.2019354057834365,0.33368209676838323,0.22137366122863766,0.0,0.23043872353922834,0.20645166375302892,0.35735087926180753,0.19105170277487404,0.21208079093029797,1.0,0.21635955630412518,0.3314228392868055,0.20462751442801919,0.20668919889429282,0.34584628162079367,0.35936114807915853,0.22899238769538932,0.20911290621420364,0.20899404880263472,0.3413122107327068,0.2296099378561519
0.31032322532189693,0.42152759276146534,0.22734065504671952,0.2572112223231353,0.4228785346334091,0.3892708750462056,0.35013324473417295,0.26723502132373766,0.30515552830199155,0.2661469773616085,0.5147321536732208,0.25992560952373966,0.5533294648552124,0.25670773460148355,0.2556317537600338,0.34810873963944133,0.38366316966768677,0.5006082173075379,0.47931175160954353,0.35572945004906364,0.5097607509493453,0.47209785456207964,0.5274448479837082,0.3807380845282321,0.385468086757525,0.4065130773516529,0.5518149731798767,0.2596941318036169,0.29496270296965277,0.30712525120247225,0.250647336279584,0.507125439228324,0.0,0.5109265577299487,0.4215143394058998,0.2710702829532342,0.3286329305010255,0.5230428755663312,0.21635955630412518,1.0,0.2497364822062974,0.4279560440204656,0.5509729030696218,0.26344987618939053,0.26650466033965714,0.2846846703543682,0.4405192894716743,0.4392927031540763,0.2634306398652092,0.306844188718714
