../ecoli_genomes/GCF_000163235.1_ASM16323v1_genomic.fna.gz,../ecoli_genomes/GCF_000164555.1_ASM16455v1_genomic.fna.gz,../ecoli_genomes/GCF_000208545.1_ASM20854v2_genomic.fna.gz,../ecoli_genomes/GCF_000233875.1_ASM23387v1_genomic.fna.gz,../ecoli_genomes/GCF_000249735.1_ASM24973v2_genomic.fna.gz,../ecoli_genomes/GCF_000261145.1_Esch_coli_M919_V2_genomic.fna.gz,../ecoli_genomes/GCF_000267705.2_ASM26770v2_genomic.fna.gz,../ecoli_genomes/GCF_000350665.1_Esch_coli_KTE5_V1_genomic.fna.gz,../ecoli_genomes/GCF_000351625.1_Esch_coli_KTE66_V1_genomic.fna.gz,../ecoli_genomes/GCF_000352285.1_Esch_coli_KTE46_V1_genomic.fna.gz,../ecoli_genomes/GCF_000358895.1_ASM35889v1_genomic.fna.gz,../ecoli_genomes/GCF_000456385.1_Esch_coli_HVH_26_4-5703913_V1_genomic.fna.gz,../ecoli_genomes/GCF_000458195.1_Esch_coli_HVH_147_4-5893887_V1_genomic.fna.gz,../ecoli_genomes/GCF_000459755.1_Esch_coli_KOEGE_58_171a_V1_genomic.fna.gz,../ecoli_genomes/GCF_000460055.1_Esch_coli_UMEA_3053-1_V1_genomic.fna.gz,../ecoli_genomes/GCF_000462165.2_ASM46216v2_genomic.fna.gz,../ecoli_genomes/GCF_000601135.1_ASM60113v1_genomic.fna.gz,../ecoli_genomes/GCF_000614595.1_Ec2010EL1058_genomic.fna.gz,../ecoli_genomes/GCF_000617745.1_Ec2010C-4529_genomic.fna.gz,../ecoli_genomes/GCF_000618265.2_EcF6751_genomic.fna.gz,../ecoli_genomes/GCF_000619005.2_Ec2009C-4052_genomic.fna.gz,../ecoli_genomes/GCF_000619105.1_Ec2009C-4780_genomic.fna.gz,../ecoli_genomes/GCF_000619765.2_Ec2009C-3279_genomic.fna.gz,../ecoli_genomes/GCF_000687005.1_ASM68700v1_genomic.fna.gz,../ecoli_genomes/GCF_000687025.1_ASM68702v1_genomic.fna.gz,../ecoli_genomes/GCF_000700125.1_ASM70012v1_genomic.fna.gz,../ecoli_genomes/GCF_000753315.1_FHI35_genomic.fna.gz,../ecoli_genomes/GCF_000776375.1_ASM77637v1_genomic.fna.gz,../ecoli_genomes/GCF_000779395.1_ASM77939v1_genomic.fna.gz,../ecoli_genomes/GCF_000780315.1_ASM78031v1_genomic.fna.gz,../ecoli_genomes/GCF_000781995.1_ASM78199v1_genomic.fna.gz,../ecoli_genomes/GCF_000986765.1_ASM98676v1_genomic.fna.gz,../ecoli_genomes/GCF_001041375.1_ViralProj287958_genomic.fna.gz,../ecoli_genomes/GCF_001265335.1_302014_genomic.fna.gz,../ecoli_genomes/GCF_001265625.1_100854_genomic.fna.gz,../ecoli_genomes/GCF_001267345.1_303289_genomic.fna.gz,../ecoli_genomes/GCF_001309985.1_ASM130998v1_genomic.fna.gz,../ecoli_genomes/GCF_001521695.1_ASM152169v1_genomic.fna.gz,../ecoli_genomes/GCF_001592595.1_ASM159259v1_genomic.fna.gz,../ecoli_genomes/GCF_001614975.1_ASM161497v1_genomic.fna.gz,../ecoli_genomes/GCF_001692775.1_ASM169277v1_genomic.fna.gz,../ecoli_genomes/GCF_001748915.1_ASM174891v1_genomic.fna.gz,../ecoli_genomes/GCF_001749235.1_ASM174923v1_genomic.fna.gz,../ecoli_genomes/GCF_001881155.1_ASM188115v1_genomic.fna.gz,../ecoli_genomes/GCF_001881345.1_ASM188134v1_genomic.fna.gz,../ecoli_genomes/GCF_001892405.1_ASM189240v1_genomic.fna.gz,../ecoli_genomes/GCF_001892585.1_ASM189258v1_genomic.fna.gz,../ecoli_genomes/GCF_001893985.1_ASM189398v1_genomic.fna.gz,../ecoli_genomes/GCF_002001595.1_ASM200159v1_genomic.fna.gz,../ecoli_genomes/GCF_002002145.1_ASM200214v1_genomic.fna.gz
1.0,0.40058998760771214,0.33176629552270276,0.3395820557053567,0.349675449901127,0.3817901916540467,0.3680343875464529,0.3444573086658381,0.4340491290038324,0.35311947080704575,0.3911733439042281,0.35361106310559665,0.3710383386738142,0.33838201716748173,0.323476846910543,0.37286334398313115,0.35646822621266183,0.377500406014856,0.2998275163134346,0.3713632962511294,0.3699565617435495,0.34646817683006104,0.38700150405273825,0.3613291215460629,0.3559472805088376,0.36075531955959295,0.37733515805972173,0.34073225842176313,0.40573544360639135,0.4390567538515744,0.32067537095811194,0.3594680089357378,0.0,0.3767706392260176,0.37450045115520236,0.34370133149407944,0.3580118326654057,0.3796566481123871,0.23765694683478067,0.3853521897052111,0.32376588507605575,0.3813084808689643,0.3793877849877758,0.34586817110637924,0.35762552386630586,0.37682905949754586,0.3711137857316035,0.3719504898553433,0.3342560127292289,0.4071849798134717
0.40058998760771214,1.0,0.3070010900019273,0.3297432502485189,0.42034481279895497,0.5847684170473284,0.3962170775162659,0.33630179730150667,0.36111721031470934,0.34422074678094183,0.4758490039519111,0.34668882681370417,0.4552623289868357,0.3277504751633452,0.31958169182951346,0.4037074077622198,0.49478497043265623,0.46528686165109645,0.3618538920505955,0.4031118402137097,0.45621785373789103,0.4257005717158713,0.4725778972605379,0.5508694141172246,0.5662513468106551,0.5133340898860749,0.4703479289423447,0.33793535025932586,0.3734983106046603,0.37094037687935955,0.3130090790796285,0.44325169449573254,0.0,0.4576745500593278,0.5789713327515128,0.32802778128879884,0.3840782606551355,0.47926099309182113,0.21095011364018712,0.47867891903290116,0.31659552849884465,0.5110652370124416,0.4755744301687205,0.35207307562897494,0.3512705109778532,0.3519259829569036,0.5188214481155333,0.5198217901842853,0.34377457106679143,0.3707411721061932
0.33176629552270276,0.3070010900019273,1.0,0.2697346961957544,0.2662799807507844,0.29235131670607484,0.2888492891262102,0.2717999985782765,0.30963695079720754,0.2787730724384496,0.30723761345750566,0.276792809703598,0.2920568217640295,0.27352997193482986,0.26745521004169015,0.2939223244772119,0.27775116128048616,0.2948320419683974,0.23075659353176858,0.2939971172073301,0.29378888641949685,0.2731843828598769,0.29974794351646383,0.27898600972157583,0.27857827987455197,0.2813923181389575,0.29760057307228915,0.2730316715578517,0.312927982307724,0.32137894054859095,0.258819526330326,0.27904059207390675,0.0,0.2950814911288253,0.2888401267918894,0.2814482457773677,0.2803256926307587,0.29485108354829537,0.17797885110099299,0.3075525925213456,0.2668256049423333,0.294984522828705,0.3029162620045577,0.28055302946500127,0.27602526230414626,0.295655487954125,0.29843666670324853,0.29763275049271,0.2813160803837772,0.32039661949313847
0.3395820557053567,0.3297432502485189,0.2697346961957544,1.0,0.32506546875966036,0.3258776118155665,0.302011127970895,0.5407669713903371,0.3474988351731543,0.5647406332092803,0.3241444524975404,0.5455747727736163,0.3270582613250922,0.588938491532722,0.6115738273415386,0.32168619544354304,0.32275298575392053,0.32068849258139465,0.24946657254706783,0.30637675844751144,0.31406251281728736,0.2904361087034575,0.3312974464082542,0.3136755949369757,0.32660085436999886,0.33150005289760587,0.32198106065813326,0.5491218828649569,0.35878003606818176,0.34147778600769463,0.561374964526772,0.3328949249323012,0.0,0.3136252991377254,0.31225780672130377,0.46051987960665064,0.3015456456305379,0.31174188658643154,0.3166575335747317,0.32050232632934894,0.5682485984873233,0.3158361038892973,0.3179827097147103,0.5574066149541442,0.5468386542878727,0.34940601076831657,0.3124190795272189,0.3127303920740747,0.4913319925369808,0.36500840464539774
0.349675449901127,0.42034481279895497,0.2662799807507844,0.32506546875966036,1.0,0.4402701025738587,0.35528557817056095,0.3247931058330249,0.36192466447665594,0.3358875830895227,0.5070352953725803,0.3065376978415645,0.4818706843726861,0.31137346700255364,0.33008572539563885,0.3917907509016809,0.45057846773263655,0.4361116236005951,0.34235834962584666,0.36149252063032833,0.4439969439962316,0.406075485106561,0.4543945814469261,0.4432878140209867,0.44455866310489944,0.4647339301908785,0.4606311775440135,0.2931421963870021,0.3374164185691335,0.35527133717516424,0.31775880729742856,0.47357753468718056,0.0,0.45157215495485936,0.41947652182861894,0.29517906792832116,0.36683849186575923,0.4709130940880152,0.23833133126736927,0.47148765810021587,0.3246761346662026,0.42773626662220277,0.4726653613662083,0.30066166138371375,0.30981737000756593,0.3155741855752545,0.4360226913710443,0.4373424441988837,0.29808488753429385,0.3346098330850059
0.3817901916540467,0.5847684170473284,0.29235131670607484,0.3258776118155665,0.4402701025738587,1.0,0.40917129373918426,0.3390297239728004,0.36198754620419427,0.33173647581441057,0.4732730155071261,0.3281867948626609,0.45661030318080376,0.3237177341090487,0.3149947426204477,0.4125679032887679,0.5042022183065804,0.47196537701930386,0.36953991611382153,0.41364176803092123,0.45390777992114517,0.423723613343564,0.4783205857673243,0.5484563379888743,0.5641569630593952,0.5076646467583379,0.46194188122217894,0.33023453781715206,0.37731841780159836,0.36415859741265233,0.3084257782784341,0.45363761050479545,0.0,0.4727197698789227,0.5844398190186889,0.3356543675485004,0.39576485917067794,0.46657402086594846,0.22081619410857056,0.4748175214003453,0.3183154521077137,0.5252025405863618,0.4699583430142886,0.3343819080645569,0.33747624791148423,0.34866823392310864,0.5191964354844991,0.5224930904678354,0.32705626207228844,0.3732009875752338
0.3680343875464529,0.3962170775162659,0.2888492891262102,0.302011127970895,0.35528557817056095,0.40917129373918426,1.0,0.3047968815137774,0.3578641819971107,0.30950725041636296,0.4120809532227062,0.3022432293326879,0.3904754404454227,0.30050917021502854,0.29234618506268883,0.7501694227051737,0.38152174356025204,0.43971646105842155,0.346317544980454,0.8502635715512934,0.44143357257049665,0.39575640530442435,0.4455248721954326,0.392579970884961,0.3757163457931856,0.39084789484752547,0.4157087401475251,0.30173544665939633,0.34421137446751293,0.3558378079233173,0.28358510937756487,0.3849019472730789,0.0,0.4165204853180552,0.40318855394017483,0.3263799650303828,0.7972577593916246,0.38647369955775657,0.20625152633012023,0.40929047299920385,0.28479046537914765,0.3931796212796176,0.41033815048993894,0.3087617937829369,0.30916800203060246,0.325681289422753,0.3908395216851682,0.39060386753179155,0.3042914445835898,0.35393413873380786
0.3444573086658381,0.33630179730150667,0.2717999985782765,0.5407669713903371,0.3247931058330249,0.3390297239728004,0.3047968815137774,1.0,0.3406759075475668,0.5455095952931202,0.3267148319989719,0.5197806082297571,0.33501873798397863,0.5248167909116086,0.5193212657883489,0.3211268005051011,0.32737088500503053,0.32521077691511613,0.2624408637921031,0.3084062582888871,0.31930262929734354,0.2953607420233938,0.32870357783464765,0.3284180233943905,0.32252223687891857,0.33361171440390247,0.3246029333689854,0.6871736838121337,0.367620552669667,0.3385166733365822,0.5152310717302641,0.3321831013864557,0.0,0.32331806567555343,0.32047090011956203,0.45203052552657164,0.29898540168706267,0.3326980192920239,0.3093138566491098,0.3304917704147592,0.5209066241037941,0.3244658488182328,0.3236863755983881,0.6928702959001354,0.6735945191437183,0.34388497644934524,0.31777926929362976,0.3179136582597296,0.47797628897939026,0.3623839195895351
0.4340491290038324,0.36111721031470934,0.30963695079720754,0.3474988351731543,0.36192466447665594,0.36198754620419427,0.3578641819971107,0.3406759075475668,1.0,0.3618063160463141,0.37452481559511797,0.32476189079536955,0.37083921409298104,0.33550126856667317,0.34598721645532904,0.37997975665719164,0.35283045122843737,0.359799720054776,0.2758318977660562,0.36534851289673387,0.3535979169852781,0.330225294397135,0.3634215985978928,0.35634154972963494,0.3534258155881309,0.37005934551748343,0.3630078250929659,0.3185076632742563,0.38567604346174167,0.4605233694187686,0.3383477836216654,0.3540136049522008,0.0,0.35522122012453483,0.3547320045708827,0.3377835216677423,0.3601953954945787,0.3474876031258024,0.2163096886310849,0.368922652959627,0.339298841678216,0.3586625141333599,0.3676877459732003,0.32469052958116185,0.3218590442735727,0.36633627183852036,0.3537045572148546,0.35293198030136175,0.3214174441974601,0.3977656903058461
0.35311947080704575,0.34422074678094183,0.2787730724384496,0.5647406332092803,0.3358875830895227,0.33173647581441057,0.30950725041636296,0.5455095952931202,0.3618063160463141,1.0,0.34363830671272977,0.5215112890466164,0.34525434398252886,0.5501099143838538,0.5439442219075248,0.3299450996180736,0.32732764810480486,0.3296270419325107,0.2648757460182921,0.31370356542901223,0.32140850160425327,0.301350090994033,0.3263127826827228,0.3223194593704919,0.3298228517034223,0.3440940362805256,0.33081013879939336,0.5353607164669822,0.36440708396642285,0.35890544972618654,0.5671546918778669,0.3268792844880124,0.0,0.3175085972566879,0.31873870883582456,0.4708089482643061,0.31053829069374617,0.3232014040641501,0.3248136030699478,0.3363011815825977,0.5679038027194403,0.32788020071477364,0.32557756975050267,0.5428409961517076,0.5462551823232821,0.34706664289161715,0.3229526803792151,0.32191559664271696,0.5080287096834215,0.36377508990465635
0.3911733439042281,0.4758490039519111,0.30723761345750566,0.3241444524975404,0.5070352953725803,0.4732730155071261,0.4120809532227062,0.3267148319989719,0.37452481559511797,0.34363830671272977,1.0,0.3291716811962023,0.5704125042941344,0.3336481466917257,0.320660697360981,0.4200753855436019,0.4384054229171521,0.5333837177593113,0.4489951856951685,0.42113905016656394,0.5271585008888744,0.5306065268324816,0.5416912198040751,0.45398311093548427,0.43586128060220686,0.46155753875843775,0.552194875032753,0.3305705278039679,0.3727228903983545,0.38558712059674993,0.3166914758205158,0.4949872454213712,0.0,0.5252333131154533,0.47147207181353334,0.3423694260608745,0.40171564336833376,0.5290352407443057,0.21833313805701393,0.5659382822497394,0.3198068967158326,0.4850452694055518,0.5539020766980467,0.33625178772825437,0.33493232102642734,0.35375081146915166,0.4802245907928684,0.47858183911192165,0.3381085002290801,0.37812815115536624
0.35361106310559665,0.34668882681370417,0.276792809703598,0.5455747727736163,0.3065376978415645,0.3281867948626609,0.3022432293326879,0.5197806082297571,0.32476189079536955,0.5215112890466164,0.3291716811962023,1.0,0.32292000504153284,0.5347941382257653,0.6074922760309533,0.30996566149516,0.3080636277721901,0.317606546667608,0.26093078953681215,0.3044210937252734,0.32203001662064135,0.2977667526285702,0.3284887461680276,0.3162995301152143,0.30721730256119995,0.31912630265259967,0.32384122034048646,0.5222512848308214,0.36780871322817066,0.33676260745233255,0.4901562426273651,0.3181175128104987,0.0,0.32072596452129565,0.3229700354518925,0.4504227340985494,0.2931794222489892,0.32159527980964486,0.30782419294749797,0.329955629921864,0.5033379297427982,0.3200857979172005,0.324466768322189,0.5365327699020521,0.5351856313916536,0.35482014289325037,0.322418387537316,0.3232265358168843,0.4702434094678156,0.35994294844563435
0.3710383386738142,0.4552623289868357,0.2920568217640295,0.3270582613250922,0.4818706843726861,0.45661030318080376,0.3904754404454227,0.33501873798397863,0.37083921409298104,0.34525434398252886,0.5704125042941344,0.32292000504153284,1.0,0.3209684236710092,0.3294812574816627,0.4125703022989754,0.4361610424043878,0.518724375567891,0.5428928931182326,0.39798136467012546,0.5341835913704811,0.6169659765497366,0.5745093815189444,0.44670315792452087,0.4330429524462488,0.4648119122203582,0.5587593744787822,0.31799587435388676,0.35745521056217056,0.376442785033697,0.3212522172488158,0.5630531248365591,0.0,0.5571764398027326,0.45150462725057927,0.31784297200067624,0.39154385389355806,0.5281969249286272,0.2045112156251423,0.5733051818547357,0.3240345015199042,0.46247603660922776,0.5511810433596864,0.3223347801598454,0.3219501432488212,0.3318848129031935,0.4614190067130979,0.45924800587845194,0.31669456233250726,0.35891567098038457
0.33838201716748173,0.3277504751633452,0.27352997193482986,0.588938491532722,0.31137346700255364,0.3237177341090487,0.30050917021502854,0.5248167909116086,0.33550126856667317,0.5501099143838538,0.3336481466917257,0.5347941382257653,0.3209684236710092,1.0,0.5859059688352983,0.31027699546084253,0.3052949345363195,0.32125851416998086,0.25770440458554167,0.3055702748817706,0.3101892827015542,0.29713950766714203,0.32639211509083565,0.2995085804344536,0.3082574652022363,0.31524190650399053,0.32334664238845423,0.5548407687673405,0.36642520013201363,0.3339921643382543,0.5424036799351415,0.31590540677231105,0.0,0.3156617631040308,0.31148355848789777,0.4635500697498073,0.29417248170930965,0.31574666600848955,0.3020626535731449,0.32305015667388326,0.5510514032237754,0.3171337886962705,0.31959907617659644,0.5582455327620686,0.5475675424217542,0.3529750809225223,0.3136628515613068,0.31373347528157824,0.49821082444500375,0.3702468589512621
0.323476846910543,0.31958169182951346,0.26745521004169015,0.6115738273415386,0.33008572539563885,0.3149947426204477,0.29234618506268883,0.5193212657883489,0.34598721645532904,0.5439442219075248,0.320660697360981,0.6074922760309533,0.3294812574816627,0.5859059688352983,1.0,0.31457476828444664,0.3208395110639479,0.3116639669751514,0.24662479292244321,0.29815876311395906,0.30842691553401536,0.28828452584690134,0.32006885369883387,0.3106512857777277,0.31923204683299444,0.3307957810979143,0.3134279609549049,0.5142682290397795,0.3513311013453425,0.3348776890458135,0.5506567021346296,0.3277249456500456,0.0,0.30798624879932135,0.30605084918424097,0.44674834892946036,0.29460051278141286,0.30775812092484633,0.30175912397036253,0.3177683690041454,0.5552325846148871,0.31127545199414086,0.3171802902426333,0.5208063856474234,0.5135860311742843,0.34153757614900826,0.31183869163626243,0.3116095083646737,0.47031536350513103,0.36092813971640536
0.37286334398313115,0.4037074077622198,0.2939223244772119,0.32168619544354304,0.3917907509016809,0.4125679032887679,0.7501694227051737,0.3211268005051011,0.37997975665719164,0.3299450996180736,0.4200753855436019,0.30996566149516,0.4125703022989754,0.31027699546084253,0.31457476828444664,1.0,0.3931516409174417,0.42970222939315095,0.3398536141145678,0.7724379844073994,0.4227091623175617,0.39667784348547297,0.4365720686240582,0.40101792515339874,0.39119995673338326,0.4146511348699534,0.41181289609692484,0.3043492601939568,0.3489113613410132,0.37528177869294643,0.30578756903364923,0.396252039702228,0.0,0.4117435963368089,0.4022786459318207,0.3231936032096938,0.7484215440105023,0.3955111386681788,0.20355529575663556,0.4141437851036631,0.3084127657283082,0.3976380281655052,0.41344715782611563,0.311317009803483,0.31377334175133587,0.33386329430133843,0.39840134078955247,0.39829009614906796,0.31385856167829707,0.35710171719607775
0.35646822621266183,0.49478497043265623,0.27775116128048616,0.32275298575392053,0.45057846773263655,0.5042022183065804,0.38152174356025204,0.32737088500503053,0.35283045122843737,0.32732764810480486,0.4384054229171521,0.3080636277721901,0.4361610424043878,0.3052949345363195,0.3208395110639479,0.3931516409174417,1.0,0.42704100117851773,0.3350581499491607,0.3810385708761628,0.4280484509478195,0.3987090419124443,0.44287111819222513,0.5532852631572336,0.5297705721419874,0.5496825728796474,0.434207793854793,0.30790581608483847,0.35016555270989624,0.3470694268305323,0.30316967082058943,0.4832986949487078,0.0,0.4432631700148164,0.49483672466218775,0.31915521580152095,0.37900149432438623,0.4241138785284799,0.20403115809113515,0.436969225282022,0.3081143602608679,0.47566890278389085,0.43986279132582695,0.313315903400483,0.32270675095019663,0.31536323475051453,0.47895845812340787,0.4820250480684206,0.3026763781309758,0.33984873617152556
0.377500406014856,0.46528686165109645,0.2948320419683974,0.32068849258139465,0.4361116236005951,0.47196537701930386,0.43971646105842155,0.32521077691511613,0.359799720054776,0.3296270419325107,0.5333837177593113,0.317606546667608,0.518724375567891,0.32125851416998086,0.3116639669751514,0.42970222939315095,0.42704100117851773,1.0,0.4482549798712726,0.4430135640523145,0.5538929549374476,0.5154020097791621,0.5643240400227367,0.4425068900759642,0.4265554824271931,0.44269729173618,0.543599561764041,0.32416374043020457,0.3642824660161452,0.3738370990236459,0.3063097750189101,0.4848588717089186,0.0,0.5261609139500438,0.46637267023335605,0.34286810330935524,0.4238188228692955,0.49871515368237174,0.21609982473371803,0.5428179645568297,0.3067025360995187,0.47308585331021036,0.5286072456270032,0.3279156327350766,0.3260968897050921,0.3379212861464419,0.4718884213861587,0.4702777383724106,0.32235053897190247,0.36552127699238135
0.2998275163134346,0.3618538920505955,0.23075659353176858,0.24946657254706783,0.34235834962584666,0.36953991611382153,0.346317544980454,0.2624408637921031,0.2758318977660562,0.2648757460182921,0.4489951856951685,0.26093078953681215,0.5428928931182326,0.25770440458554167,0.24662479292244321,0.3398536141145678,0.3350581499491607,0.4482549798712726,1.0,0.34714809832122506,0.44142201538728765,0.5648162506465968,0.4459146662376575,0.34409451384289524,0.3385444096189264,0.34288259093027895,0.4268814709595561,0.2595423291960425,0.2848732191677694,0.2907593716630762,0.2437967933119637,0.4817709365143773,0.0,0.416507485495492,0.36902077450119797,0.26388727794641553,0.3374760042694108,0.4034372074341387,0.17122810738440808,0.43338358226551743,0.2447866446023942,0.36789569037476655,0.42456696817147255,0.2653634583277771,0.26414326841976743,0.2697938368396049,0.3626775260357361,0.3629033388189199,0.25353641408472405,0.28794684382494806
0.3713632962511294,0.4031118402137097,0.2939971172073301,0.30637675844751144,0.36149252063032833,0.41364176803092123,0.8502635715512934,0.3084062582888871,0.36534851289673387,0.31370356542901223,0.42113905016656394,0.3044210937252734,0.39798136467012546,0.3055702748817706,0.29815876311395906,0.7724379844073994,0.3810385708761628,0.4430135640523145,0.34714809832122506,1.0,0.44232232395411986,0.4003598141715037,0.44681420874833355,0.38517283387054846,0.381338781216939,0.39228715312158147,0.42027687278022563,0.3059551980948433,0.3501397143680969,0.36199548075488863,0.28967285564993883,0.38886716453003656,0.0,0.4182589612115232,0.4060788230375936,0.32716580629833436,0.8083590080514556,0.39384405698269975,0.2064032113966473,0.4166527077689244,0.29128178374183855,0.39903410183006804,0.41807475452897136,0.3116681797779163,0.31075013970332155,0.33330109678384423,0.3979926601614987,0.39775856871465853,0.3104918529278078,0.3612519633760639
0.3699565617435495,0.45621785373789103,0.29378888641949685,0.31406251281728736,0.4439969439962316,0.45390777992114517,0.44143357257049665,0.31930262929734354,0.3535979169852781,0.32140850160425327,0.5271585008888744,0.32203001662064135,0.5341835913704811,0.3101892827015542,0.30842691553401536,0.4227091623175617,0.4280484509478195,0.5538929549374476,0.44142201538728765,0.44232232395411986,1.0,0.5236420932705333,0.5757176176302343,0.43896219961458294,0.4246687737841133,0.4478231803075231,0.5529464679219005,0.31720064964548256,0.3527872142726086,0.3667813433025453,0.29838286427314664,0.4992892586934522,0.0,0.5504043570928961,0.45962789618533395,0.33808228805924756,0.4221989095259141,0.513457059340496,0.2108508908192298,0.5509556530781184,0.30466997306460664,0.4547870044425947,0.5412491124637733,0.3232574665217973,0.3223802528358807,0.341877715000382,0.46988272382147434,0.468436217434993,0.3205334278526143,0.36157417595099617
0.34646817683006104,0.4257005717158713,0.2731843828598769,0.2904361087034575,0.406075485106561,0.423723613343564,0.39575640530442435,0.2953607420233938,0.330225294397135,0.301350090994033,0.5306065268324816,0.2977667526285702,0.6169659765497366,0.29713950766714203,0.28828452584690134,0.39667784348547297,0.3987090419124443,0.5154020097791621,0.5648162506465968,0.4003598141715037,0.5236420932705333,1.0,0.6728395973059513,0.3961070436605122,0.39128817733598487,0.4036170853683425,0.5203147635409356,0.2965021131346206,0.3319160441708545,0.338144048865164,0.28161477964504533,0.5219466553690514,0.0,0.6112234426963726,0.42433711838665333,0.3047734865615209,0.3830295299609505,0.4885476015660074,0.1971394222910804,0.5257881197793515,0.28254252048085937,0.4298421730615939,0.5187945913605663,0.3026789006906391,0.30009177923222974,0.3118776078543891,0.42674029213456377,0.4256165510299421,0.29602127346270624,0.33719836752244736
0.38700150405273825,0.4725778972605379,0.29974794351646383,0.3312974464082542,0.4543945814469261,0.4783205857673243,0.4455248721954326,0.32870357783464765,0.3634215985978928,0.3263127826827228,0.5416912198040751,0.3284887461680276,0.5745093815189444,0.32639211509083565,0.32006885369883387,0.4365720686240582,0.44287111819222513,0.5643240400227367,0.4459146662376575,0.44681420874833355,0.5757176176302343,0.6728395973059513,1.0,0.43974549376533323,0.4402209367233192,0.44501103672690134,0.575797133864548,0.32829152042255283,0.3696760080258096,0.3671859362003165,0.3100829393643286,0.5251621970093707,0.0,0.6706508159254014,0.4685218907670339,0.33670165598382296,0.42715642207534255,0.5319427468902022,0.21655765448166364,0.5661807093939786,0.3130145305666667,0.47104756286306115,0.5577947070568691,0.3330701462523954,0.3322478032282725,0.34160924881119425,0.46352856194904457,0.4641465935702468,0.32259391297834694,0.3684950183389505
0.3613291215460629,0.5508694141172246,0.27898600972157583,0.3136755949369757,0.4432878140209867,0.5484563379888743,0.392579970884961,0.3284180233943905,0.35634154972963494,0.3223194593704919,0.45398311093548427,0.3162995301152143,0.44670315792452087,0.2995085804344536,0.3106512857777277,0.40101792515339874,0.5532852631572336,0.4425068900759642,0.34409451384289524,0.38517283387054846,0.43896219961458294,0.3961070436605122,0.43974549376533323,1.0,0.5603847369651564,0.5356657270343772,0.4477769237626614,0.29990975560874955,0.34653029440528016,0.35930714042849776,0.30122845698390055,0.4447334408938447,0.0,0.4332799495968893,0.5526112160601266,0.316318869506503,0.39180182724320967,0.4262331147130206,0.19821414305700913,0.4464440023620674,0.30580096316611993,0.48970089573858233,0.44237522850354327,0.30566320316646944,0.31270043789870106,0.31959961608240917,0.47777540674288477,0.47728064004148774,0.3024028704042778,0.3448267547693413
0.3559472805088376,0.5662513468106551,0.27857827987455197,0.32660085436999886,0.44455866310489944,0.5641569630593952,0.3757163457931856,0.32252223687891857,0.3534258155881309,0.3298228517034223,0.43586128060220686,0.30721730256119995,0.4330429524462488,0.3082574652022363,0.31923204683299444,0.39119995673338326,0.5297705721419874,0.4265554824271931,0.3385444096189264,0.381338781216939,0.4246687737841133,0.39128817733598487,0.4402209367233192,0.5603847369651564,1.0,0.5395715615143031,0.43455435528291964,0.3017754438833725,0.3413523398597639,0.3464577607116822,0.30407909398990385,0.46391964304518607,0.0,0.42571137667577896,0.5540284797434811,0.30714499395596195,0.385576130450629,0.4337128186411102,0.1992877680034939,0.44003296971946515,0.30843147615659405,0.4787516435737108,0.4472576430287606,0.32106003026766117,0.3220489221275661,0.3268769342974097,0.47916370488739757,0.4798452994420125,0.3156120143615785,0.33736164514398914
0.36075531955959295,0.5133340898860749,0.2813923181389575,0.33150005289760587,0.4647339301908785,0.5076646467583379,0.39084789484752547,0.33361171440390247,0.37005934551748343,0.3440940362805256,0.46155753875843775,0.31912630265259967,0.4648119122203582,0.31524190650399053,0.3307957810979143,0.4146511348699534,0.5496825728796474,0.44269729173618,0.34288259093027895,0.39228715312158147,0.4478231803075231,0.4036170853683425,0.44501103672690134,0.5356657270343772,0.5395715615143031,1.0,0.45143315068093015,0.30857946283007753,0.3517673532075396,0.364000753471585,0.31984158947564745,0.45514939696625023,0.0,0.43499875063790316,0.5073155502023091,0.32050481076903714,0.39283939596388295,0.4373632344759849,0.2094537088895666,0.4590421086580585,0.3230618618680916,0.49370459570893366,0.4449603090784827,0.32537247823118587,0.32166407600793967,0.3281740732308981,0.5008154939676022,0.5015394941103181,0.3246392780850619,0.3515919407614152
0.37733515805972173,0.4703479289423447,0.29760057307228915,0.32198106065813326,0.4606311775440135,0.46194188122217894,0.4157087401475251,0.3246029333689854,0.3630078250929659,0.33081013879939336,0.552194875032753,0.32384122034048646,0.5587593744787822,0.32334664238845423,0.3134279609549049,0.41181289609692484,0.434207793854793,0.543599561764041,0.4268814709595561,0.42027687278022563,0.5529464679219005,0.5203147635409356,0.575797133864548,0.4477769237626614,0.43455435528291964,0.45143315068093015,1.0,0.31914024164716714,0.36753658405691936,0.3734792018512334,0.3090632636311036,0.5111818329384402,0.0,0.5427128338117571,0.4650503762870851,0.3312942577099057,0.40572606704692993,0.6047131939438967,0.2075240092717151,0.5874199707203918,0.3120495245552478,0.47281593543811007,0.6452289448896527,0.3280118463809588,0.32033614930128196,0.34742166578236433,0.4652154065111266,0.46380445310079255,0.3241532431869961,0.36820907318998386
0.34073225842176313,0.33793535025932586,0.2730316715578517,0.5491218828649569,0.2931421963870021,0.33023453781715206,0.30173544665939633,0.6871736838121337,0.3185076632742563,0.5353607164669822,0.3305705278039679,0.5222512848308214,0.31799587435388676,0.5548407687673405,0.5142682290397795,0.3043492601939568,0.30790581608483847,0.32416374043020457,0.2595423291960425,0.3059551980948433,0.31720064964548256,0.2965021131346206,0.32829152042255283,0.29990975560874955,0.3017754438833725,0.30857946283007753,0.31914024164716714,1.0,0.3668790406904381,0.3265933518570656,0.5019096606623175,0.3169302883168832,0.0,0.3164804685897583,0.31382136233567526,0.45190325447705515,0.2887213727135427,0.32476962574400514,0.31116229015125607,0.32441222573550343,0.5149230980560313,0.31948392694499617,0.31597970250806695,0.7977228705919028,0.7603867201612249,0.3425593656390472,0.31794215681578974,0.318505535743991,0.49678651209557345,0.3592680913790256
0.40573544360639135,0.3734983106046603,0.312927982307724,0.35878003606818176,0.3374164185691335,0.37731841780159836,0.34421137446751293,0.367620552669667,0.38567604346174167,0.36440708396642285,0.3727228903983545,0.36780871322817066,0.35745521056217056,0.36642520013201363,0.3513311013453425,0.3489113613410132,0.35016555270989624,0.3642824660161452,0.2848732191677694,0.3501397143680969,0.3527872142726086,0.3319160441708545,0.3696760080258096,0.34653029440528016,0.3413523398597639,0.3517673532075396,0.36753658405691936,0.3668790406904381,1.0,0.3864329205137311,0.34329140337464414,0.3480414520438324,0.0,0.36230273036193616,0.35770179665524604,0.3653362914745182,0.33257555959791985,0.3579874209921525,0.2280580436099412,0.3684173632033737,0.3442742789114269,0.35783909971360306,0.36526446067481055,0.3686442489984333,0.3662325341198336,0.44316940927918613,0.3579913527523322,0.35891496899589315,0.3552097255931166,0.6367644276559976
0.4390567538515744,0.37094037687935955,0.32137894054859095,0.34147778600769463,0.35527133717516424,0.36415859741265233,0.3558378079233173,0.3385166733365822,0.4605233694187686,0.35890544972618654,0.38558712059674993,0.33676260745233255,0.376442785033697,0.3339921643382543,0.3348776890458135,0.37528177869294643,0.3470694268305323,0.3738370990236459,0.2907593716630762,0.36199548075488863,0.3667813433025453,0.338144048865164,0.3671859362003165,0.35930714042849776,0.3464577607116822,0.364000753471585,0.3734792018512334,0.3265933518570656,0.3864329205137311,1.0,0.3313054300483703,0.34956265861345803,0.0,0.3605994877111566,0.36209438314881326,0.33880168802196575,0.35307711033621525,0.359828394866868,0.21255962815183949,0.38729403631464565,0.33873408734363686,0.3635915040821154,0.3754628243563526,0.33445267912247556,0.3325562722674875,0.38185191523724504,0.3651049491822127,0.3651327009577464,0.333472459012916,0.4024819393771062
0.32067537095811194,0.3130090790796285,0.258819526330326,0.561374964526772,0.31775880729742856,0.3084257782784341,0.28358510937756487,0.5152310717302641,0.3383477836216654,0.5671546918778669,0.3166914758205158,0.4901562426273651,0.3212522172488158,0.5424036799351415,0.5506567021346296,0.30578756903364923,0.30316967082058943,0.3063097750189101,0.2437967933119637,0.28967285564993883,0.29838286427314664,0.28161477964504533,0.3100829393643286,0.30122845698390055,0.30407909398990385,0.31984158947564745,0.3090632636311036,0.5019096606623175,0.34329140337464414,0.3313054300483703,1.0,0.31237728402113196,0.0,0.30149591987578006,0.2979217193175424,0.4446581495661772,0.28567988844078285,0.2999517545021494,0.29706456444984297,0.3108741287705109,0.670163896155978,0.303622554516377,0.30563548888391956,0.5141562098098558,0.5042647093759283,0.3341712805145297,0.2979002876960818,0.29720978166280043,0.4702894310514233,0.3463065442029225
0.3594680089357378,0.44325169449573254,0.27904059207390675,0.3328949249323012,0.47357753468718056,0.45363761050479545,0.3849019472730789,0.3321831013864557,0.3540136049522008,0.3268792844880124,0.4949872454213712,0.3181175128104987,0.5630531248365591,0.31590540677231105,0.3277249456500456,0.396252039702228,0.4832986949487078,0.4848588717089186,0.4817709365143773,0.38886716453003656,0.4992892586934522,0.5219466553690514,0.5251621970093707,0.4447334408938447,0.46391964304518607,0.45514939696625023,0.5111818329384402,0.3169302883168832,0.3480414520438324,0.34956265861345803,0.31237728402113196,1.0,0.0,0.5063128952575506,0.43330778102348044,0.30888893996028766,0.38866122262166425,0.5098577341917705,0.20149163008426485,0.5261242778401247,0.3116179856499829,0.449099719282517,0.5249348554543123,0.31638106656267784,0.3231431969859194,0.32255143697537514,0.4476392235748414,0.4487932908472214,0.30266416310856015,0.3416558965530361
0.0,0.0,0.0,0.0,0.0,0.0,0.0,0.0,0.0,0.0,0.0,0.0,0.0,0.0,0.0,0.0,0.0,0.0,0.0,0.0,0.0,0.0,0.0,0.0,0.0,0.0,0.0,0.0,0.0,0.0,0.0,0.0,1.0,0.0,0.0,0.0,0.0,0.0,0.0,0.0,0.0,0.0,0.0,0.0,0.0,0.0,0.0,0.0,0.0,0.0
0.3767706392260176,0.4576745500593278,0.2950814911288253,0.3136252991377254,0.45157215495485936,0.4727197698789227,0.4165204853180552,0.32331806567555343,0.35522122012453483,0.3175085972566879,0.5252333131154533,0.32072596452129565,0.5571764398027326,0.3156617631040308,0.30798624879932135,0.4117435963368089,0.4432631700148164,0.5261609139500438,0.416507485495492,0.4182589612115232,0.5504043570928961,0.6112234426963726,0.6706508159254014,0.4332799495968893,0.42571137667577896,0.43499875063790316,0.5427128338117571,0.3164804685897583,0.36230273036193616,0.3605994877111566,0.30149591987578006,0.5063128952575506,0.0,1.0,0.4610585163237393,0.3401070133206926,0.3991428380323896,0.5198306769740861,0.21997104027596937,0.5521587999864682,0.30262797547467135,0.4628308752357362,0.5550845903700838,0.3213181485036676,0.324046773461676,0.33348272680060564,0.4615942559035283,0.46234659992459504,0.31139587332020624,0.3614193090782546
0.37450045115520236,0.5789713327515128,0.2888401267918894,0.31225780672130377,0.41947652182861894,0.5844398190186889,0.40318855394017483,0.32047090011956203,0.3547320045708827,0.31873870883582456,0.47147207181353334,0.3229700354518925,0.45150462725057927,0.31148355848789777,0.30605084918424097,0.4022786459318207,0.49483672466218775,0.46637267023335605,0.36902077450119797,0.4060788230375936,0.45962789618533395,0.42433711838665333,0.4685218907670339,0.5526112160601266,0.5540284797434811,0.5073155502023091,0.4650503762870851,0.31382136233567526,0.35770179665524604,0.36209438314881326,0.2979217193175424,0.43330778102348044,0.0,0.4610585163237393,1.0,0.3241967072178521,0.3868439721546968,0.44938782830854895,0.20822343497744067,0.4742560534825889,0.29984347408111056,0.5073214937246036,0.47366135903772066,0.31753019339620536,0.3202702568689304,0.3342296002693018,0.5053799070031764,0.505789842211629,0.31524638730633725,0.3557753048014183
0.34370133149407944,0.32802778128879884,0.2814482457773677,0.46051987960665064,0.29517906792832116,0.3356543675485004,0.3263799650303828,0.45203052552657164,0.3377835216677423,0.4708089482643061,0.3423694260608745,0.4504227340985494,0.31784297200067624,0.4635500697498073,0.44674834892946036,0.3231936032096938,0.31915521580152095,0.34286810330935524,0.26388727794641553,0.32716580629833436,0.33808228805924756,0.3047734865615209,0.33670165598382296,0.316318869506503,0.30714499395596195,0.32050481076903714,0.3312942577099057,0.45190325447705515,0.3653362914745182,0.33880168802196575,0.4446581495661772,0.30888893996028766,0.0,0.3401070133206926,0.3241967072178521,1.0,0.31228158554657615,0.31555044112366637,0.31894450408528063,0.33708967816244584,0.44739226203325433,0.3298768397977436,0.3274343707399462,0.4593272278916888,0.4619314087861349,0.345134861191858,0.3224543406580176,0.32224128821742115,0.4590333668497667,0.370376076272113
0.3580118326654057,0.3840782606551355,0.2803256926307587,0.3015456456305379,0.36683849186575923,0.39576485917067794,0.7972577593916246,0.29898540168706267,0.3601953954945787,0.31053829069374617,0.40171564336833376,0.2931794222489892,0.39154385389355806,0.29417248170930965,0.29460051278141286,0.7484215440105023,0.37900149432438623,0.4238188228692955,0.3374760042694108,0.8083590080514556,0.4221989095259141,0.3830295299609505,0.42715642207534255,0.39180182724320967,0.385576130450629,0.39283939596388295,0.40572606704692993,0.2887213727135427,0.33257555959791985,0.35307711033621525,0.28567988844078285,0.38866122262166425,0.0,0.3991428380323896,0.3868439721546968,0.31228158554657615,1.0,0.37664900783721567,0.19534901739194266,0.3982654723525173,0.2860421228410752,0.38545323667483433,0.4046296767693218,0.2970008818136033,0.2967736224833031,0.31584431895501275,0.38005284922476834,0.37901515499742555,0.29388076134986096,0.3422250179259505
0.3796566481123871,0.47926099309182113,0.29485108354829537,0.31174188658643154,0.4709130940880152,0.46657402086594846,0.38647369955775657,0.3326980192920239,0.3474876031258024,0.3232014040641501,0.5290352407443057,0.32159527980964486,0.5281969249286272,0.31574666600848955,0.30775812092484633,0.3955111386681788,0.4241138785284799,0.49871515368237174,0.4034372074341387,0.39384405698269975,0.513457059340496,0.4885476015660074,0.5319427468902022,0.4262331147130206,0.4337128186411102,0.4373632344759849,0.6047131939438967,0.32476962574400514,0.3579874209921525,0.359828394866868,0.2999517545021494,0.5098577341917705,0.0,0.5198306769740861,0.44938782830854895,0.31555044112366637,0.37664900783721567,1.0,0.21035905710034786,0.5593746688147928,0.30638043196766407,0.46558927372049785,0.6365430264020321,0.33464420354213464,0.3251309815960154,0.34048372564409946,0.4706949237492567,0.4698533203484312,0.32671278807622284,0.35766612804787634
0.23765694683478067,0.21095011364018712,0.17797885110099299,0.3166575335747317,0.23833133126736927,0.22081619410857056,0.20625152633012023,0.3093138566491098,0.2163096886310849,0.3248136030699478,0.21833313805701393,0.30782419294749797,0.2045112156251423,0.3020626535731449,0.30175912397036253,0.20355529575663556,0.20403115809113515,0.21609982473371803,0.17122810738440808,0.2064032113966473,0.2108508908192298,0.1971394222910804,0.21655765448166364,0.19821414305700913,0.1992877680034939,0.2094537088895666,0.2075240092717151,0.31116229015125607,0.2280580436099412,0.21255962815183949,0.29706456444984297,0.20149163008426485,0.0,0.21997104027596937,0.20822343497744067,0.31894450408528063,0.19534901739194266,0.21035905710034786,1.0,0.21652099902710142,0.3000626247835978,0.2151061980481631,0.21132159441405252,0.3146900752498534,0.3201632534094212,0.2213684509205851,0.20917358761147342,0.2087755182246216,0.302567145464114,0.23741500284540362
0.3853521897052111,0.47867891903290116,0.3075525925213456,0.32050232632934894,0.47148765810021587,0.4748175214003453,0.40929047299920385,0.3304917704147592,0.368922652959627,0.3363011815825977,0.5659382822497394,0.329955629921864,0.5733051818547357,0.32305015667388326,0.3177683690041454,0.4141437851036631,0.436969225282022,0.5428179645568297,0.43338358226551743,0.4166527077689244,0.5509556530781184,0.5257881197793515,0.5661807093939786,0.4464440023620674,0.44003296971946515,0.4590421086580585,0.5874199707203918,0.32441222573550343,0.3684173632033737,0.38729403631464565,0.3108741287705109,0.5261242778401247,0.0,0.5521587999864682,0.4742560534825889,0.33708967816244584,0.3982654723525173,0.5593746688147928,0.21652099902710142,1.0,0.31492135531727283,0.47932625029619236,0.5908813712039886,0.33050530479938867,0.3337162157072463,0.3548614125518751,0.5004999853000194,0.49940321150869815,0.327209807383246,0.3809812928119838
