../ecoli_genomes/GCF_000163235.1_ASM16323v1_genomic.fna.gz,../ecoli_genomes/GCF_000164555.1_ASM16455v1_genomic.fna.gz,../ecoli_genomes/GCF_000208545.1_ASM20854v2_genomic.fna.gz,../ecoli_genomes/GCF_000233875.1_ASM23387v1_genomic.fna.gz,../ecoli_genomes/GCF_000249735.1_ASM24973v2_genomic.fna.gz,../ecoli_genomes/GCF_000261145.1_Esch_coli_M919_V2_genomic.fna.gz,../ecoli_genomes/GCF_000267705.2_ASM26770v2_genomic.fna.gz,../ecoli_genomes/GCF_000350665.1_Esch_coli_KTE5_V1_genomic.fna.gz,../ecoli_genomes/GCF_000351625.1_Esch_coli_KTE66_V1_genomic.fna.gz,../ecoli_genomes/GCF_000352285.1_Esch_coli_KTE46_V1_genomic.fna.gz,../ecoli_genomes/GCF_000358895.1_ASM35889v1_genomic.fna.gz,../ecoli_genomes/GCF_000456385.1_Esch_coli_HVH_26_4-5703913_V1_genomic.fna.gz,../ecoli_genomes/GCF_000458195.1_Esch_coli_HVH_147_4-5893887_V1_genomic.fna.gz,../ecoli_genomes/GCF_000459755.1_Esch_coli_KOEGE_58_171a_V1_genomic.fna.gz,../ecoli_genomes/GCF_000460055.1_Esch_coli_UMEA_3053-1_V1_genomic.fna.gz,../ecoli_genomes/GCF_000462165.2_ASM46216v2_genomic.fna.gz,../ecoli_genomes/GCF_000601135.1_ASM60113v1_genomic.fna.gz,../ecoli_genomes/GCF_000614595.1_Ec2010EL1058_genomic.fna.gz,../ecoli_genomes/GCF_000617745.1_Ec2010C-4529_genomic.fna.gz,../ecoli_genomes/GCF_000618265.2_EcF6751_genomic.fna.gz,../ecoli_genomes/GCF_000619005.2_Ec2009C-4052_genomic.fna.gz,../ecoli_genomes/GCF_000619105.1_Ec2009C-4780_genomic.fna.gz,../ecoli_genomes/GCF_000619765.2_Ec2009C-3279_genomic.fna.gz,../ecoli_genomes/GCF_000687005.1_ASM68700v1_genomic.fna.gz,../ecoli_genomes/GCF_000687025.1_ASM68702v1_genomic.fna.gz,../ecoli_genomes/GCF_000700125.1_ASM70012v1_genomic.fna.gz,../ecoli_genomes/GCF_000753315.1_FHI35_genomic.fna.gz,../ecoli_genomes/GCF_000776375.1_ASM77637v1_genomic.fna.gz,../ecoli_genomes/GCF_000779395.1_ASM77939v1_genomic.fna.gz,../ecoli_genomes/GCF_000780315.1_ASM78031v1_genomic.fna.gz,../ecoli_genomes/GCF_000781995.1_ASM78199v1_genomic.fna.gz,../ecoli_genomes/GCF_000986765.1_ASM98676v1_genomic.fna.gz,../ecoli_genomes/GCF_001041375.1_ViralProj287958_genomic.fna.gz,../ecoli_genomes/GCF_001265335.1_302014_genomic.fna.gz,../ecoli_genomes/GCF_001265625.1_100854_genomic.fna.gz,../ecoli_genomes/GCF_001267345.1_303289_genomic.fna.gz,../ecoli_genomes/GCF_001309985.1_ASM130998v1_genomic.fna.gz,../ecoli_genomes/GCF_001521695.1_ASM152169v1_genomic.fna.gz,../ecoli_genomes/GCF_001592595.1_ASM159259v1_genomic.fna.gz,../ecoli_genomes/GCF_001614975.1_ASM161497v1_genomic.fna.gz,../ecoli_genomes/GCF_001692775.1_ASM169277v1_genomic.fna.gz,../ecoli_genomes/GCF_001748915.1_ASM174891v1_genomic.fna.gz,../ecoli_genomes/GCF_001749235.1_ASM174923v1_genomic.fna.gz,../ecoli_genomes/GCF_001881155.1_ASM188115v1_genomic.fna.gz,../ecoli_genomes/GCF_001881345.1_ASM188134v1_genomic.fna.gz,../ecoli_genomes/GCF_001892405.1_ASM189240v1_genomic.fna.gz,../ecoli_genomes/GCF_001892585.1_ASM189258v1_genomic.fna.gz,../ecoli_genomes/GCF_001893985.1_ASM189398v1_genomic.fna.gz,../ecoli_genomes/GCF_002001595.1_ASM200159v1_genomic.fna.gz,../ecoli_genomes/GCF_002002145.1_ASM200214v1_genomic.fna.gz
1.0,0.3813140219001925,0.3196777420739483,0.33342422267655336,0.3381565637892954,0.33629310186851946,0.35394220202693794,0.3376393656273732,0.4399364293381838,0.34285364071582414,0.3756317983748638,0.3474494289651311,0.3696976803233448,0.3254415271743779,0.31506517181037863,0.35789440211223245,0.31278981370536874,0.3642709912202813,0.3519295911184853,0.35778933857892625,0.34736937188032413,0.3327018512822514,0.36652775412131133,0.35480703711603234,0.33122780151410347,0.33973756491892515,0.3600046352681191,0.33133513862845976,0.390127611324673,0.4420939223937834,0.3121886295710883,0.36243979279180005,0.0,0.360686978136069,0.35448002828905933,0.32804933034609396,0.3413541486527212,0.3637890887986417,0.28657784678555986,0.36851541296217405,0.31416751996396464,0.3568188636592412,0.3584726989111974,0.33783068478375256,0.3464517460494968,0.36926314995073806,0.36072496949860333,0.36240988138520713,0.3176287482530472,0.39464804176102464
0.3813140219001925,1.0,0.295659153538546,0.3263234224733115,0.4093051896667782,0.5169861205500355,0.3922903059722537,0.3375150581019819,0.35135389833572295,0.3360647985254117,0.46642072847171245,0.3420673250701449,0.4648586510637962,0.32295333200739973,0.3139324117775689,0.3944778927261551,0.3852159043898604,0.46170458674105896,0.4383854753712644,0.3965489027196013,0.4410048315775278,0.4181936676553859,0.4594647208777892,0.5193905340770597,0.4668703609515178,0.4680763956550299,0.4546634815909901,0.33348469283500504,0.3598762242678506,0.36654425742488994,0.31137288688772546,0.44137686872429993,0.0,0.4481447045311667,0.5717600768993196,0.320987218391816,0.3777264406457408,0.46514116212571166,0.2730345940465957,0.4652700992431519,0.31060953100167876,0.5088939590557955,0.4589808650463236,0.34310859543871775,0.3425986296385055,0.33688832483977915,0.5095971447136095,0.5094165976919949,0.33074931355173043,0.3599013978327714
0.3196777420739483,0.295659153538546,1.0,0.2651968983444708,0.2546837445479173,0.25964561470471326,0.2752689078166435,0.2690186688493219,0.30338296215424787,0.27084535275128385,0.29487986080309925,0.268381545317139,0.29172871647166454,0.26931927207880935,0.2596674440533282,0.2773673104290365,0.2155873985447,0.28762411469494376,0.2734495044609798,0.2799151719905626,0.28111721225242836,0.26271857526138076,0.2878771544922246,0.253894068989292,0.22776408728746234,0.2494091078711148,0.2873002150049385,0.272464347068582,0.3020483362038362,0.31552138794392204,0.25365812458194537,0.26796326293293105,0.0,0.28235385220659215,0.2718028575106374,0.27340835091090243,0.266380426676024,0.2823533642182051,0.23127254793883367,0.2927134889259547,0.25987696618370615,0.28810531111425397,0.2925908766452924,0.275588128192487,0.27130525898518654,0.28453116978287396,0.2915043080051293,0.29045334388016897,0.27399058462261483,0.30850295084379253
0.33342422267655336,0.3263234224733115,0.2651968983444708,1.0,0.32018099607454764,0.29730802672090484,0.30929730853008186,0.5320922927813001,0.3283881650663453,0.5486222737353469,0.32038995750201715,0.5280611828254731,0.3373965964609229,0.5767537180530034,0.5859487146908157,0.31990943512284187,0.2648714573463633,0.3177861311813377,0.30675691911822967,0.31072388706778953,0.30655398596104944,0.2915098383303799,0.32678122024698375,0.29914475821186814,0.2852543779667235,0.29837255087074155,0.3163168778393609,0.5484211312165255,0.35249601737438874,0.3315474402321812,0.5269197630489554,0.3298952048328061,0.0,0.31251379747009456,0.3104799644819023,0.44966005338809467,0.30394626225166876,0.3105677039866862,0.40728894735108456,0.3117878223904199,0.5413944771212083,0.3145256809485817,0.3145917374023386,0.5516864979711111,0.5409239813557591,0.3385771772797346,0.3137720280219034,0.31412514038475603,0.47935631511174104,0.3586530856691261
0.3381565637892954,0.4093051896667782,0.2546837445479173,0.32018099607454764,1.0,0.3912586536795143,0.34939311282059426,0.31821053541754174,0.3483059882962778,0.3277594674413834,0.5153159938333765,0.2912734182224821,0.5025556351589793,0.30793380036764817,0.31948365743947604,0.3891541817584062,0.37579318539426354,0.4290495711464395,0.4210700851905198,0.352970969872923,0.4368947542062863,0.40711899063710555,0.4481504781674487,0.41418497617716066,0.39276517109213194,0.44452557368169443,0.4549850929191265,0.29128463491504,0.33018559225059374,0.3504175945820458,0.3025609221267994,0.48092963858109417,0.0,0.4507220495115589,0.4135310517323444,0.2883801065962228,0.3580380764802408,0.4716010191503017,0.3050148795769134,0.46124000544729604,0.3224455091067331,0.4292974937103031,0.46393591158358116,0.29725934530452036,0.3066398120776447,0.31226557415203493,0.4354115094480425,0.4363341009610574,0.2880318971400616,0.32399544421377857
0.33629310186851946,0.5169861205500355,0.25964561470471326,0.29730802672090484,0.3912586536795143,1.0,0.37770634607698206,0.30726325694096135,0.32163783620100794,0.2938605600966817,0.416830471026164,0.29524581864384625,0.4229908038499772,0.29367430622816904,0.2862984050524775,0.3763382686726101,0.3621979975465306,0.4230358329052165,0.41681870972037094,0.3725370245039975,0.40216095067923774,0.4955452636132468,0.4245299282826074,0.46578504802815535,0.4300880961193344,0.420613129494117,0.4030385610940407,0.2976588496626281,0.3281464196776558,0.32944268018024325,0.27969934193678037,0.40253403139353416,0.0,0.42325062620898135,0.513091265021151,0.29834671930024437,0.3576147706157341,0.4137791031349711,0.27274014793947365,0.41792253330528517,0.27996190489009665,0.45590913199663574,0.41588376313864184,0.3014302077255159,0.30195402858676046,0.3067485119195482,0.46196845325608915,0.46175320626192307,0.2898617000738588,0.3318772868102703
0.35394220202693794,0.3922903059722537,0.2752689078166435,0.30929730853008186,0.34939311282059426,0.37770634607698206,1.0,0.3088540340074515,0.3454809592341631,0.30411970175845515,0.4008531019302777,0.3015415875769345,0.3979319118560969,0.30483782981030516,0.2948789647267126,0.7487389351906912,0.30139623131565263,0.4343556870679919,0.4231102345484702,0.8514960289271669,0.4301796957230435,0.4000657118712343,0.440383887818968,0.3539496965964791,0.32175184774479937,0.35131060417877147,0.39921042336497015,0.30145529781636826,0.3375085586716814,0.35091551460824755,0.2881811025271026,0.38328988303523515,0.0,0.40751062101301483,0.3979839110964323,0.3233663112290044,0.783460913404914,0.37739160792204896,0.27192887705431124,0.3915607833936814,0.2826287881490156,0.38957035958191655,0.3954239890917278,0.30825990556572025,0.30847620218374205,0.3193059235454764,0.3778204500879968,0.3769775720609696,0.2966800347006119,0.34323492931711475
0.3376393656273732,0.3375150581019819,0.2690186688493219,0.5320922927813001,0.31821053541754174,0.30726325694096135,0.3088540340074515,1.0,0.32911054368270976,0.5365189189195454,0.3266544403734395,0.5083958691020497,0.3433119513985905,0.5221797948733611,0.510392064964821,0.3171623675542208,0.2756224478925958,0.3249198958491941,0.30970779526452674,0.3115131899379794,0.31157755030196244,0.29720902349153144,0.33003763050344803,0.319439028965549,0.2892527045687332,0.30727594706057504,0.32133456225563606,0.7097341268731888,0.3628033018375614,0.33871887889052965,0.5108948601244846,0.32195108922707727,0.0,0.32153043949904836,0.31476412596568015,0.45405995124433285,0.3008488733105795,0.3322982973379154,0.4202206414850391,0.32650145413389464,0.5084929422745039,0.3256686590145699,0.32430821302806667,0.7164634656340311,0.6859920161181569,0.3430800971118354,0.31922686158416047,0.31955032055470556,0.48062462530040906,0.36034558280993534
0.4399364293381838,0.35135389833572295,0.30338296215424787,0.3283881650663453,0.3483059882962778,0.32163783620100794,0.3454809592341631,0.32911054368270976,1.0,0.34396976460758066,0.36325811959420584,0.31026089871802387,0.37276771965034183,0.3255945305537409,0.3270929088607536,0.36224908419048574,0.27158228935408735,0.3553688856349686,0.3337669553936553,0.3529600438887548,0.3403684975207706,0.3245220461138323,0.353202007347274,0.32716925166232425,0.29312287643303536,0.32467686835529896,0.3564289987519953,0.31529793827581853,0.37736284874591386,0.4658528369289837,0.3170741492684058,0.34462706167852897,0.0,0.3466672328604341,0.34124217642255705,0.3242654889707134,0.34090507884713284,0.33791360892337996,0.26804375005334213,0.3611027125648223,0.3210331769459789,0.35320057762538204,0.3559404413569217,0.3188493821859396,0.31357051497552413,0.35776222836477356,0.3499111940299491,0.3489444100993534,0.31274181827550984,0.3917398917699295
0.34285364071582414,0.3360647985254117,0.27084535275128385,0.5486222737353469,0.3277594674413834,0.2938605600966817,0.30411970175845515,0.5365189189195454,0.34396976460758066,1.0,0.33101236598173556,0.5068071259158053,0.3464516964555795,0.5411899906286144,0.5361395537342762,0.32042340804947944,0.25021357441959735,0.3191541630408671,0.30257225987444447,0.3086767449492941,0.3050203880037259,0.2908540095827864,0.3166727866284451,0.29784383935633807,0.2751085614231106,0.3024684417968976,0.3204067982414611,0.5309537918408609,0.3592401535813221,0.3452646342637835,0.54756390271013,0.31461069244294404,0.0,0.3095862141327803,0.31017708441658054,0.4662542895054804,0.2993777938298794,0.3145371944636066,0.4141000932394723,0.32295937612284986,0.5531378013519388,0.3205598187851654,0.31505038938865015,0.534886970551155,0.5339154133030031,0.3368381169745126,0.31977025368448586,0.3181338530240544,0.5015709159498292,0.3543847963316368
0.3756317983748638,0.46642072847171245,0.29487986080309925,0.32038995750201715,0.5153159938333765,0.416830471026164,0.4008531019302777,0.3266544403734395,0.36325811959420584,0.33101236598173556,1.0,0.3201266620007326,0.5748176551111399,0.3285607504884568,0.3172590254656601,0.41287479574916286,0.34235940198979364,0.5275350341754306,0.4990572984907933,0.40939550602359154,0.5172059528059096,0.49073925996528356,0.5304696366903414,0.4273313083682134,0.3593090864933215,0.4195555588318538,0.5399013308787716,0.3279540806455402,0.36099088705252436,0.37701894305670003,0.3085072580662459,0.48536447876985034,0.0,0.5151556877922614,0.4583305936369475,0.33347978394636935,0.39362971639843003,0.5183962848108481,0.2778110919277258,0.5609393752153984,0.3119010836686179,0.48363204992176234,0.5466252419411488,0.32748275721869047,0.32604369091681207,0.34129463917816616,0.4815253775922491,0.4799781368072632,0.3254679694042649,0.3661483545957489
0.3474494289651311,0.3420673250701449,0.268381545317139,0.5280611828254731,0.2912734182224821,0.29524581864384625,0.3015415875769345,0.5083958691020497,0.31026089871802387,0.5068071259158053,0.3201266620007326,1.0,0.31916935671639535,0.5269495191260768,0.6069289897660781,0.2999236218971921,0.28190084741375265,0.31272195344919673,0.3077496707990254,0.30243925559466545,0.3067948032582237,0.290277349327544,0.31942253568713297,0.3180780701549907,0.2915961354743002,0.2991535477087175,0.3126563560107297,0.5160657122796274,0.35808368561657655,0.3319473495120945,0.47893619746928795,0.3105626704986677,0.0,0.3117067743462766,0.3099122868369091,0.44169629263558263,0.2902463114737053,0.3134590670955081,0.411168506036646,0.31460365312507954,0.48852176344964604,0.31034643447250776,0.31521163890617054,0.5283636079226124,0.5244458078756726,0.34357245527590985,0.31903281367661496,0.3208693628881518,0.46040277863975887,0.35298138055208306
0.3696976803233448,0.4648586510637962,0.29172871647166454,0.3373965964609229,0.5025556351589793,0.4229908038499772,0.3979319118560969,0.3433119513985905,0.37276771965034183,0.3464516964555795,0.5748176551111399,0.31916935671639535,1.0,0.3274620966073425,0.3348559131239328,0.42337426477853446,0.35199331609993945,0.5391248745309711,0.5143729932447685,0.4056982143267346,0.5395996963050251,0.5311093715180792,0.5877502410500597,0.4301817163510553,0.3669994011936054,0.4286363780731097,0.5772166803884415,0.330497608371905,0.36394851740038514,0.38864541998851576,0.3205993521362991,0.5260871628788618,0.0,0.5655694200647543,0.4591080363237663,0.32578473214733095,0.4014213291133175,0.5417577583264417,0.28114561462657617,0.5853919046123862,0.3275400298087471,0.4795618113300584,0.5686348259305446,0.3296469547927531,0.32682660596159374,0.33405535699566413,0.4780266821582507,0.4762877508502311,0.3219240114095667,0.3648622884538406
0.3254415271743779,0.32295333200739973,0.26931927207880935,0.5767537180530034,0.30793380036764817,0.29367430622816904,0.30483782981030516,0.5221797948733611,0.3255945305537409,0.5411899906286144,0.3285607504884568,0.5269495191260768,0.3274620966073425,1.0,0.5729050715909199,0.31031567451392705,0.24372075534916504,0.31879414773784864,0.30174730384882154,0.30963564727290693,0.3022120265169017,0.29083958025304135,0.32000740531303395,0.28309489468417326,0.26034953785995185,0.2841357298825661,0.3175877391154819,0.5475533731973361,0.3601477224486912,0.32749519815411954,0.5251099841480453,0.30670293418511474,0.0,0.3102911248722978,0.307449347427183,0.4597594524911097,0.2945947934313583,0.31246239575080903,0.4084179058309779,0.3153778270526081,0.53616998616147,0.3170936770682675,0.31897512844042064,0.5466906876647926,0.5345874690928488,0.34256644567773664,0.31427262689624536,0.3138036308711951,0.48317772716827556,0.36205743111178224
0.31506517181037863,0.3139324117775689,0.2596674440533282,0.5859487146908157,0.31948365743947604,0.2862984050524775,0.2948789647267126,0.510392064964821,0.3270929088607536,0.5361395537342762,0.3172590254656601,0.6069289897660781,0.3348559131239328,0.5729050715909199,1.0,0.30873804546181427,0.25145189471005014,0.3070682345842921,0.29126813815602837,0.2993635763782794,0.29834290100960803,0.2821367433379772,0.312967772294967,0.2869043465124659,0.2652676252109325,0.2913665470866156,0.3105691823145612,0.5175876290490284,0.34641678643253293,0.32918844875538056,0.5290602216241731,0.31375709522195483,0.0,0.3014408214043437,0.300510866003064,0.444602875371946,0.29364842512330225,0.30521487495284616,0.4018123931792794,0.308063029718448,0.5387777869971361,0.30922545576669014,0.31119864436662525,0.5185053811145794,0.5087731428783684,0.33383370754264585,0.31537974661828305,0.31418230236062406,0.4654892659888611,0.35707720444155333
0.35789440211223245,0.3944778927261551,0.2773673104290365,0.31990943512284187,0.3891541817584062,0.3763382686726101,0.7487389351906912,0.3171623675542208,0.36224908419048574,0.32042340804947944,0.41287479574916286,0.2999236218971921,0.42337426477853446,0.31031567451392705,0.30873804546181427,1.0,0.31075071064730797,0.42081600123858265,0.4118032709128343,0.7648164536359,0.41130484572842985,0.3983499060657838,0.4307747706565438,0.3656278753763966,0.3339363558916968,0.37173345334336183,0.40172543351780343,0.3058058632276126,0.341854372739685,0.37010616512392125,0.3004096843510915,0.39663980695360657,0.0,0.4068657919724157,0.39810122534639725,0.31984821125408347,0.7491395473161274,0.3849479080628807,0.26969599134212485,0.3936461402566942,0.30438189960813056,0.397439904871139,0.39731972199577903,0.3052615356987777,0.3073647848260118,0.3216644219254132,0.38680010649439234,0.38561116506185433,0.30188151691673826,0.34632649255202785
0.31278981370536874,0.3852159043898604,0.2155873985447,0.2648714573463633,0.37579318539426354,0.3621979975465306,0.30139623131565263,0.2756224478925958,0.27158228935408735,0.25021357441959735,0.34235940198979364,0.28190084741375265,0.35199331609993945,0.24372075534916504,0.25145189471005014,0.31075071064730797,1.0,0.3360203956608562,0.32416551721413456,0.3004052937360143,0.3292785306726316,0.31478225564642426,0.3506678586547026,0.5682495894844386,0.5754867122234872,0.5571364662600615,0.3330836747842957,0.2498409303515542,0.27647232370431196,0.279597735977843,0.2379118162649012,0.44184044650339394,0.0,0.3671774662867301,0.39055773777897973,0.2527708756820113,0.3014812571556119,0.3357542749647414,0.25466615418289507,0.348895371399213,0.24031700171367798,0.3678564570252766,0.3363698375972146,0.27600893584615505,0.2820504438157917,0.26851266263910867,0.3918298520489203,0.40440085682965365,0.23391008621686127,0.2739946745655225
0.3642709912202813,0.46170458674105896,0.28762411469494376,0.3177861311813377,0.4290495711464395,0.4230358329052165,0.4343556870679919,0.3249198958491941,0.3553688856349686,0.3191541630408671,0.5275350341754306,0.31272195344919673,0.5391248745309711,0.31879414773784864,0.3070682345842921,0.42081600123858265,0.3360203956608562,1.0,0.5491513818418261,0.4388783030822343,0.5479859015477759,0.5077186166355365,0.5616119753768571,0.4102943053819137,0.3554273640254998,0.4019663017286007,0.5351126515961058,0.3203163956058258,0.3526060915737492,0.36807315332435275,0.30244265697537864,0.4834454056940273,0.0,0.5191355304420966,0.455305011396429,0.3381385631096506,0.41800968632317614,0.4924265385628288,0.2777729624288955,0.5335358618181522,0.297765242349632,0.46788584290814306,0.5242704300440841,0.3227195848667821,0.32020129499029293,0.32838690384496927,0.46821755896323314,0.46706037830115943,0.3073028461765013,0.3594447804521529
0.3519295911184853,0.4383854753712644,0.2734495044609798,0.30675691911822967,0.4210700851905198,0.41681870972037094,0.4231102345484702,0.30970779526452674,0.3337669553936553,0.30257225987444447,0.4990572984907933,0.3077496707990254,0.5143729932447685,0.30174730384882154,0.29126813815602837,0.4118032709128343,0.32416551721413456,0.5491513818418261,1.0,0.41606803509615864,0.5273430585069856,0.5088940115154591,0.54828398698734,0.3934616313412128,0.3505622301684356,0.38004974571617,0.5141872914238347,0.30378606387850116,0.3339856900461686,0.3512693850954618,0.2875573159169119,0.46698851706716016,0.0,0.5049094275191336,0.4422484227765009,0.3216106630246207,0.4031870808768522,0.4777213193639719,0.2634560818355246,0.5113980942682913,0.2856548515030882,0.4413277339360222,0.5016728701059424,0.3085352457385039,0.30643940959788907,0.3186604277101348,0.44160696323349624,0.4411444608759595,0.29663770654487254,0.3426073547368552
0.35778933857892625,0.3965489027196013,0.2799151719905626,0.31072388706778953,0.352970969872923,0.3725370245039975,0.8514960289271669,0.3115131899379794,0.3529600438887548,0.3086767449492941,0.40939550602359154,0.30243925559466545,0.4056982143267346,0.30963564727290693,0.2993635763782794,0.7648164536359,0.3004052937360143,0.4388783030822343,0.41606803509615864,1.0,0.43223397456717194,0.39870636409584737,0.44254158132176213,0.35567781164758383,0.3223198471251352,0.35515064203775426,0.4070226866015503,0.3054995341657759,0.3421176532042215,0.3573757731627024,0.2917279591827756,0.3845851386951551,0.0,0.40774526456505034,0.3990367126807517,0.32552836180299416,0.7962842410352182,0.3826073063446276,0.2692584816762241,0.4007862061503764,0.2879971525404428,0.396512897865668,0.4029792969651882,0.3098663351033901,0.3091513655281172,0.3266954074220306,0.3861269470415657,0.38511558256552514,0.30206410095924696,0.3501723748147715
0.34736937188032413,0.4410048315775278,0.28111721225242836,0.30655398596104944,0.4368947542062863,0.40216095067923774,0.4301796957230435,0.31157755030196244,0.3403684975207706,0.3050203880037259,0.5172059528059096,0.3067948032582237,0.5395996963050251,0.3022120265169017,0.29834290100960803,0.41130484572842985,0.3292785306726316,0.5479859015477759,0.5273430585069856,0.43223397456717194,1.0,0.511050445600385,0.5735998603933208,0.39810188058371654,0.3439066674537369,0.3955541668378657,0.5365876330888562,0.31007801226303777,0.3376735891685231,0.3552264048898618,0.28966717229155037,0.49196440362059424,0.0,0.532116185422907,0.4461423717266543,0.32517559216047054,0.4070078724839399,0.49972088998107356,0.2712238454365503,0.5368999112620796,0.29192634346450175,0.4431314322634714,0.5229217552512101,0.31254276094721223,0.313407552692744,0.32482345681016633,0.45682364327136826,0.456036370434329,0.2998809776767387,0.3481634148211853
0.3327018512822514,0.4181936676553859,0.26271857526138076,0.2915098383303799,0.40711899063710555,0.4955452636132468,0.4000657118712343,0.29720902349153144,0.3245220461138323,0.2908540095827864,0.49073925996528356,0.290277349327544,0.5311093715180792,0.29083958025304135,0.2821367433379772,0.3983499060657838,0.31478225564642426,0.5077186166355365,0.5088940115154591,0.39870636409584737,0.511050445600385,1.0,0.655074674905342,0.37676200301802165,0.3293933641668534,0.36692808199198035,0.5028868140735546,0.29405058020098007,0.3210319077745909,0.3342484348498904,0.2771169287646429,0.45646622053204644,0.0,0.5975051777494425,0.41501237197959995,0.30141467240778774,0.37889703214263026,0.4728601223086194,0.25450756412305897,0.5058188423201155,0.27708097650769836,0.4235818865602782,0.5030347055955824,0.2963260456966281,0.2908824792790252,0.30629415901043244,0.42355130501460114,0.4222382477514348,0.28632523334891813,0.33161622330685603
0.36652775412131133,0.4594647208777892,0.2878771544922246,0.32678122024698375,0.4481504781674487,0.4245299282826074,0.440383887818968,0.33003763050344803,0.353202007347274,0.3166727866284451,0.5304696366903414,0.31942253568713297,0.5877502410500597,0.32000740531303395,0.312967772294967,0.4307747706565438,0.3506678586547026,0.5616119753768571,0.54828398698734,0.44254158132176213,0.5735998603933208,0.655074674905342,1.0,0.4134463641166761,0.3709035365775961,0.4052501086972925,0.5640973805167935,0.3263231235325389,0.3530792442959839,0.36123429496253145,0.30309742472826984,0.5207731630385098,0.0,0.6654381978848356,0.4551855547483412,0.3347824900907963,0.4222501202733169,0.5208653761890644,0.28367501487173874,0.5554164921360603,0.3019904405705871,0.46018403141550324,0.5468885394869789,0.3290051079692706,0.3278923487156916,0.3335619916735242,0.46072916100122996,0.4609184651280871,0.31208888247287314,0.35962004856424934
0.35480703711603234,0.5193905340770597,0.253894068989292,0.29914475821186814,0.41418497617716066,0.46578504802815535,0.3539496965964791,0.319439028965549,0.32716925166232425,0.29784383935633807,0.4273313083682134,0.3180780701549907,0.4301817163510553,0.28309489468417326,0.2869043465124659,0.3656278753763966,0.5682495894844386,0.4102943053819137,0.3934616313412128,0.35567781164758383,0.39810188058371654,0.37676200301802165,0.4134463641166761,1.0,0.5946538611798509,0.5556936618432956,0.4091713422311065,0.29295987179002414,0.3198573838470683,0.33828301779349357,0.2775653664508415,0.455705147081952,0.0,0.41834268108616335,0.527448095150224,0.2896897765903853,0.3503062305116905,0.39976648512758894,0.2731463825416949,0.4166125828996793,0.2865906854659882,0.45545969852376567,0.4028573201555634,0.31030809880026655,0.3155993931174079,0.30469825593070443,0.45935472398020716,0.46746120294532123,0.27949358200938756,0.31873373422524776
0.33122780151410347,0.4668703609515178,0.22776408728746234,0.2852543779667235,0.39276517109213194,0.4300880961193344,0.32175184774479937,0.2892527045687332,0.29312287643303536,0.2751085614231106,0.3593090864933215,0.2915961354743002,0.3669994011936054,0.26034953785995185,0.2652676252109325,0.3339363558916968,0.5754867122234872,0.3554273640254998,0.3505622301684356,0.3223198471251352,0.3439066674537369,0.3293933641668534,0.3709035365775961,0.5946538611798509,1.0,0.541948109378585,0.35484009420591,0.25965854141397327,0.28741050596527407,0.2988818852637932,0.2603346839036882,0.46186438178410305,0.0,0.3779784056157811,0.4732088000061757,0.259669098379704,0.32510785923408925,0.36941410661177443,0.2556021457140777,0.366849489226976,0.26302656718782524,0.40109541678888616,0.3580038393682521,0.291690997847571,0.29503968748803666,0.29024953255329444,0.4179708445201066,0.4273107039205726,0.25841474556510147,0.28781951149511664
0.33973756491892515,0.4680763956550299,0.2494091078711148,0.29837255087074155,0.44452557368169443,0.420613129494117,0.35131060417877147,0.30727594706057504,0.32467686835529896,0.3024684417968976,0.4195555588318538,0.2991535477087175,0.4286363780731097,0.2841357298825661,0.2913665470866156,0.37173345334336183,0.5571364662600615,0.4019663017286007,0.38004974571617,0.35515064203775426,0.3955541668378657,0.36692808199198035,0.4052501086972925,0.5556936618432956,0.541948109378585,1.0,0.3967244089388934,0.28114821525338773,0.32448112468127865,0.3310318283584881,0.28475050543920166,0.45296643445745755,0.0,0.4004231309037054,0.46775039969651,0.28567107886801635,0.3595625873117282,0.39978717627805305,0.2615806716919534,0.41449993128740314,0.2861994132625433,0.4528933391876169,0.3952019364673479,0.30446285181562227,0.30357792859499266,0.3026759431683199,0.4607457235200808,0.46571534690010064,0.28566751934954215,0.3190737166982307
0.3600046352681191,0.4546634815909901,0.2873002150049385,0.3163168778393609,0.4549850929191265,0.4030385610940407,0.39921042336497015,0.32133456225563606,0.3564289987519953,0.3204067982414611,0.5399013308787716,0.3126563560107297,0.5772166803884415,0.3175877391154819,0.3105691823145612,0.40172543351780343,0.3330836747842957,0.5351126515961058,0.5141872914238347,0.4070226866015503,0.5365876330888562,0.5028868140735546,0.5640973805167935,0.4091713422311065,0.35484009420591,0.3967244089388934,1.0,0.31544211805882527,0.34928338180570695,0.36529692568058847,0.30184216555496945,0.5129422036105393,0.0,0.534146485296421,0.44188231760334085,0.3215843257699794,0.3883687214764281,0.5940479689323674,0.2618380270948242,0.5728288213991028,0.30599745427540936,0.46267573159538655,0.6345076981420006,0.323646785181708,0.3154159214275857,0.33608765036408117,0.4595110299678642,0.45874470089977026,0.3123567931282262,0.35581238061311526
0.33133513862845976,0.33348469283500504,0.272464347068582,0.5484211312165255,0.29128463491504,0.2976588496626281,0.30145529781636826,0.7097341268731888,0.31529793827581853,0.5309537918408609,0.3279540806455402,0.5160657122796274,0.330497608371905,0.5475533731973361,0.5175876290490284,0.3058058632276126,0.2498409303515542,0.3203163956058258,0.30378606387850116,0.3054995341657759,0.31007801226303777,0.29405058020098007,0.3263231235325389,0.29295987179002414,0.25965854141397327,0.28114821525338773,0.31544211805882527,1.0,0.36480951202357303,0.32929747854434976,0.5057590285073469,0.3100630447076199,0.0,0.3163618168860386,0.3126592314885247,0.45548707942260613,0.29084646681939064,0.3211535411657367,0.4127120552875124,0.3166805192621801,0.5134533952506573,0.3192531805488593,0.31596938425047316,0.8162698731356989,0.7709314725166988,0.3379675181974542,0.3172541511122817,0.31619669188555355,0.48854681592387383,0.3558323916537921
0.390127611324673,0.3598762242678506,0.3020483362038362,0.35249601737438874,0.33018559225059374,0.3281464196776558,0.3375085586716814,0.3628033018375614,0.37736284874591386,0.3592401535813221,0.36099088705252436,0.35808368561657655,0.36394851740038514,0.3601477224486912,0.34641678643253293,0.341854372739685,0.27647232370431196,0.3526060915737492,0.3339856900461686,0.3421176532042215,0.3376735891685231,0.3210319077745909,0.3530792442959839,0.3198573838470683,0.28741050596527407,0.32448112468127865,0.34928338180570695,0.36480951202357303,1.0,0.37774246594395333,0.3434246516651619,0.3443731171518808,0.0,0.3451149704476312,0.34360820138873127,0.3577340901761452,0.33108800199376176,0.34519484721155713,0.3040321782229015,0.3556543193037762,0.33690708214988796,0.3442441693865568,0.34875130977066937,0.36025146915313633,0.3604530081864573,0.432055892039266,0.34362499036556793,0.3424227066925054,0.3440393385462668,0.6278716950955401
0.4420939223937834,0.36654425742488994,0.31552138794392204,0.3315474402321812,0.3504175945820458,0.32944268018024325,0.35091551460824755,0.33871887889052965,0.4658528369289837,0.3452646342637835,0.37701894305670003,0.3319473495120945,0.38864541998851576,0.32749519815411954,0.32918844875538056,0.37010616512392125,0.279597735977843,0.36807315332435275,0.3512693850954618,0.3573757731627024,0.3552264048898618,0.3342484348498904,0.36123429496253145,0.33828301779349357,0.2988818852637932,0.3310318283584881,0.36529692568058847,0.32929747854434976,0.37774246594395333,1.0,0.32479839573410774,0.3489598296209969,0.0,0.3525277091831458,0.35316886113253254,0.3299345794724502,0.3447242136912999,0.3522392646580801,0.2778709872602825,0.38072750628489505,0.3314141557535175,0.36006919345374677,0.36567334034628785,0.33199462518910383,0.3272412222832266,0.37720064147235777,0.36781103029971374,0.3675026058511025,0.3273059736079035,0.3934962721408731
0.3121886295710883,0.31137288688772546,0.25365812458194537,0.5269197630489554,0.3025609221267994,0.27969934193678037,0.2881811025271026,0.5108948601244846,0.3170741492684058,0.54756390271013,0.3085072580662459,0.47893619746928795,0.3205993521362991,0.5251099841480453,0.5290602216241731,0.3004096843510915,0.2379118162649012,0.30244265697537864,0.2875573159169119,0.2917279591827756,0.28966717229155037,0.2771169287646429,0.30309742472826984,0.2775653664508415,0.2603346839036882,0.28475050543920166,0.30184216555496945,0.5057590285073469,0.3434246516651619,0.32479839573410774,1.0,0.2994601278815239,0.0,0.29849146484453914,0.2926521255253841,0.4421962496428643,0.2866259222187387,0.2991141156084698,0.3893248313777061,0.3039583983295694,0.6491590935498214,0.3004693450561351,0.2984805403707027,0.5105147475380359,0.5007001310478582,0.32670497204163584,0.3012664496095563,0.3002786154846262,0.4621230335704467,0.33918537979567953
0.36243979279180005,0.44137686872429993,0.26796326293293105,0.3298952048328061,0.48092963858109417,0.40253403139353416,0.38328988303523515,0.32195108922707727,0.34462706167852897,0.31461069244294404,0.48536447876985034,0.3105626704986677,0.5260871628788618,0.30670293418511474,0.31375709522195483,0.39663980695360657,0.44184044650339394,0.4834454056940273,0.46698851706716016,0.3845851386951551,0.49196440362059424,0.45646622053204644,0.5207731630385098,0.455705147081952,0.46186438178410305,0.45296643445745755,0.5129422036105393,0.3100630447076199,0.3443731171518808,0.3489598296209969,0.2994601278815239,1.0,0.0,0.5096434087142521,0.4291640232744587,0.30045631288860397,0.38761840327200503,0.5090087139888181,0.2729584682041152,0.5199294527669834,0.3004435717986357,0.4424067705900091,0.5171555701396664,0.3161172273656969,0.32347481801278066,0.31858250227710816,0.45229862604727566,0.45458841874229616,0.28819834727463234,0.33591327649099967
0.0,0.0,0.0,0.0,0.0,0.0,0.0,0.0,0.0,0.0,0.0,0.0,0.0,0.0,0.0,0.0,0.0,0.0,0.0,0.0,0.0,0.0,0.0,0.0,0.0,0.0,0.0,0.0,0.0,0.0,0.0,0.0,1.0,0.0,0.0,0.0,0.0,0.0,0.0,0.0,0.0,0.0,0.0,0.0,0.0,0.0,0.0,0.0,0.0,0.0
0.360686978136069,0.4481447045311667,0.28235385220659215,0.31251379747009456,0.4507220495115589,0.42325062620898135,0.40751062101301483,0.32153043949904836,0.3466672328604341,0.3095862141327803,0.5151556877922614,0.3117067743462766,0.5655694200647543,0.3102911248722978,0.3014408214043437,0.4068657919724157,0.3671774662867301,0.5191355304420966,0.5049094275191336,0.40774526456505034,0.532116185422907,0.5975051777494425,0.6654381978848356,0.41834268108616335,0.3779784056157811,0.4004231309037054,0.534146485296421,0.3163618168860386,0.3451149704476312,0.3525277091831458,0.29849146484453914,0.5096434087142521,0.0,1.0,0.45361071843005574,0.33552950449635277,0.3906882179226374,0.50244576906402,0.2900309240930541,0.5356405662666888,0.2935414529207001,0.4531670682347647,0.5371339866611105,0.3192443623401926,0.32107260066957566,0.3281120414425476,0.4545379373632089,0.45584979031605144,0.30049262102093255,0.3523673137924964
0.35448002828905933,0.5717600768993196,0.2718028575106374,0.3104799644819023,0.4135310517323444,0.513091265021151,0.3979839110964323,0.31476412596568015,0.34124217642255705,0.31017708441658054,0.4583305936369475,0.3099122868369091,0.4591080363237663,0.307449347427183,0.300510866003064,0.39810122534639725,0.39055773777897973,0.455305011396429,0.4422484227765009,0.3990367126807517,0.4461423717266543,0.41501237197959995,0.4551855547483412,0.527448095150224,0.4732088000061757,0.46775039969651,0.44188231760334085,0.3126592314885247,0.34360820138873127,0.35316886113253254,0.2926521255253841,0.4291640232744587,0.0,0.45361071843005574,1.0,0.3187341817453797,0.38169686697601446,0.4336980292942052,0.27842195888166366,0.4548795923693101,0.29562461455967026,0.5017164147831834,0.45050402972359693,0.3109484484582067,0.3182963923066392,0.3227750362965265,0.49297307388486133,0.49235017369979683,0.3036690629058978,0.3416689593003799
0.32804933034609396,0.320987218391816,0.27340835091090243,0.44966005338809467,0.2883801065962228,0.29834671930024437,0.3233663112290044,0.45405995124433285,0.3242654889707134,0.4662542895054804,0.33347978394636935,0.44169629263558263,0.32578473214733095,0.4597594524911097,0.444602875371946,0.31984821125408347,0.2527708756820113,0.3381385631096506,0.3216106630246207,0.32552836180299416,0.32517559216047054,0.30141467240778774,0.3347824900907963,0.2896897765903853,0.259669098379704,0.28567107886801635,0.3215843257699794,0.45548707942260613,0.3577340901761452,0.3299345794724502,0.4421962496428643,0.30045631288860397,0.0,0.33552950449635277,0.3187341817453797,1.0,0.30946380263934303,0.31294373873302694,0.4176803939591086,0.3263637323982044,0.44079605678069445,0.32151435691773256,0.31768073641668526,0.4582955694930766,0.45899804182181414,0.3376378400549509,0.31503468606191243,0.313714083619824,0.45115335313075666,0.35880483310014555
0.3413541486527212,0.3777264406457408,0.266380426676024,0.30394626225166876,0.3580380764802408,0.3576147706157341,0.783460913404914,0.3008488733105795,0.34090507884713284,0.2993777938298794,0.39362971639843003,0.2902463114737053,0.4014213291133175,0.2945947934313583,0.29364842512330225,0.7491395473161274,0.3014812571556119,0.41800968632317614,0.4031870808768522,0.7962842410352182,0.4070078724839399,0.37889703214263026,0.4222501202733169,0.3503062305116905,0.32510785923408925,0.3595625873117282,0.3883687214764281,0.29084646681939064,0.33108800199376176,0.3447242136912999,0.2866259222187387,0.38761840327200503,0.0,0.3906882179226374,0.38169686697601446,0.30946380263934303,1.0,0.36828488337717513,0.25987598639402987,0.3747235916042664,0.28206494431005347,0.3832606230810489,0.3850101640807341,0.29489349622887073,0.2942064480442269,0.3063914115376697,0.36801764027327843,0.36635053493402525,0.2843176727552128,0.33201975053775257
0.3637890887986417,0.46514116212571166,0.2823533642182051,0.3105677039866862,0.4716010191503017,0.4137791031349711,0.37739160792204896,0.3322982973379154,0.33791360892337996,0.3145371944636066,0.5183962848108481,0.3134590670955081,0.5417577583264417,0.31246239575080903,0.30521487495284616,0.3849479080628807,0.3357542749647414,0.4924265385628288,0.4777213193639719,0.3826073063446276,0.49972088998107356,0.4728601223086194,0.5208653761890644,0.39976648512758894,0.36941410661177443,0.39978717627805305,0.5940479689323674,0.3211535411657367,0.34519484721155713,0.3522392646580801,0.2991141156084698,0.5090087139888181,0.0,0.50244576906402,0.4336980292942052,0.31294373873302694,0.36828488337717513,1.0,0.2790177104281938,0.5435678727749684,0.2990270923662164,0.4529241075496784,0.6277352299727854,0.3286895326817083,0.3215437092086072,0.3327180774300357,0.46757068318342787,0.4673329468740245,0.3180009973315354,0.3464777974368065
0.28657784678555986,0.2730345940465957,0.23127254793883367,0.40728894735108456,0.3050148795769134,0.27274014793947365,0.27192887705431124,0.4202206414850391,0.26804375005334213,0.4141000932394723,0.2778110919277258,0.411168506036646,0.28114561462657617,0.4084179058309779,0.4018123931792794,0.26969599134212485,0.25466615418289507,0.2777729624288955,0.2634560818355246,0.2692584816762241,0.2712238454365503,0.25450756412305897,0.28367501487173874,0.2731463825416949,0.2556021457140777,0.2615806716919534,0.2618380270948242,0.4127120552875124,0.3040321782229015,0.2778709872602825,0.3893248313777061,0.2729584682041152,0.0,0.2900309240930541,0.27842195888166366,0.4176803939591086,0.25987598639402987,0.2790177104281938,1.0,0.27567736507720597,0.38874958859521835,0.27454819562200494,0.2699919152627016,0.41871415064459583,0.42566658633497056,0.28770363468316984,0.27568838769912485,0.2760152788121192,0.3930287626516812,0.2995463392207224
0.36851541296217405,0.4652700992431519,0.2927134889259547,0.3117878223904199,0.46124000544729604,0.41792253330528517,0.3915607833936814,0.32650145413389464,0.3611027125648223,0.32295937612284986,0.5609393752153984,0.31460365312507954,0.5853919046123862,0.3153778270526081,0.308063029718448,0.3936461402566942,0.348895371399213,0.5335358618181522,0.5113980942682913,0.4007862061503764,0.5368999112620796,0.5058188423201155,0.5554164921360603,0.4166125828996793,0.366849489226976,0.41449993128740314,0.5728288213991028,0.3166805192621801,0.3556543193037762,0.38072750628489505,0.3039583983295694,0.5199294527669834,0.0,0.5356405662666888,0.4548795923693101,0.3263637323982044,0.3747235916042664,0.5435678727749684,0.27567736507720597,1.0,0.3047834131335566,0.46780581666564247,0.5738778068421335,0.32109042803846655,0.3214656629232512,0.34434317353385013,0.48916913050933486,0.48913700842797725,0.31295916368532806,0.3687396270389983
