../ecoli_genomes/GCF_000163235.1_ASM16323v1_genomic.fna.gz,../ecoli_genomes/GCF_000164555.1_ASM16455v1_genomic.fna.gz,../ecoli_genomes/GCF_000208545.1_ASM20854v2_genomic.fna.gz,../ecoli_genomes/GCF_000233875.1_ASM23387v1_genomic.fna.gz,../ecoli_genomes/GCF_000249735.1_ASM24973v2_genomic.fna.gz,../ecoli_genomes/GCF_000261145.1_Esch_coli_M919_V2_genomic.fna.gz,../ecoli_genomes/GCF_000267705.2_ASM26770v2_genomic.fna.gz,../ecoli_genomes/GCF_000350665.1_Esch_coli_KTE5_V1_genomic.fna.gz,../ecoli_genomes/GCF_000351625.1_Esch_coli_KTE66_V1_genomic.fna.gz,../ecoli_genomes/GCF_000352285.1_Esch_coli_KTE46_V1_genomic.fna.gz,../ecoli_genomes/GCF_000358895.1_ASM35889v1_genomic.fna.gz,../ecoli_genomes/GCF_000456385.1_Esch_coli_HVH_26_4-5703913_V1_genomic.fna.gz,../ecoli_genomes/GCF_000458195.1_Esch_coli_HVH_147_4-5893887_V1_genomic.fna.gz,../ecoli_genomes/GCF_000459755.1_Esch_coli_KOEGE_58_171a_V1_genomic.fna.gz,../ecoli_genomes/GCF_000460055.1_Esch_coli_UMEA_3053-1_V1_genomic.fna.gz,../ecoli_genomes/GCF_000462165.2_ASM46216v2_genomic.fna.gz,../ecoli_genomes/GCF_000601135.1_ASM60113v1_genomic.fna.gz,../ecoli_genomes/GCF_000614595.1_Ec2010EL1058_genomic.fna.gz,../ecoli_genomes/GCF_000617745.1_Ec2010C-4529_genomic.fna.gz,../ecoli_genomes/GCF_000618265.2_EcF6751_genomic.fna.gz,../ecoli_genomes/GCF_000619005.2_Ec2009C-4052_genomic.fna.gz,../ecoli_genomes/GCF_000619105.1_Ec2009C-4780_genomic.fna.gz,../ecoli_genomes/GCF_000619765.2_Ec2009C-3279_genomic.fna.gz,../ecoli_genomes/GCF_000687005.1_ASM68700v1_genomic.fna.gz,../ecoli_genomes/GCF_000687025.1_ASM68702v1_genomic.fna.gz,../ecoli_genomes/GCF_000700125.1_ASM70012v1_genomic.fna.gz,../ecoli_genomes/GCF_000753315.1_FHI35_genomic.fna.gz,../ecoli_genomes/GCF_000776375.1_ASM77637v1_genomic.fna.gz,../ecoli_genomes/GCF_000779395.1_ASM77939v1_genomic.fna.gz,../ecoli_genomes/GCF_000780315.1_ASM78031v1_genomic.fna.gz,../ecoli_genomes/GCF_000781995.1_ASM78199v1_genomic.fna.gz,../ecoli_genomes/GCF_000986765.1_ASM98676v1_genomic.fna.gz,../ecoli_genomes/GCF_001041375.1_ViralProj287958_genomic.fna.gz,../ecoli_genomes/GCF_001265335.1_302014_genomic.fna.gz,../ecoli_genomes/GCF_001265625.1_100854_genomic.fna.gz,../ecoli_genomes/GCF_001267345.1_303289_genomic.fna.gz,../ecoli_genomes/GCF_001309985.1_ASM130998v1_genomic.fna.gz,../ecoli_genomes/GCF_001521695.1_ASM152169v1_genomic.fna.gz,../ecoli_genomes/GCF_001592595.1_ASM159259v1_genomic.fna.gz,../ecoli_genomes/GCF_001614975.1_ASM161497v1_genomic.fna.gz,../ecoli_genomes/GCF_001692775.1_ASM169277v1_genomic.fna.gz,../ecoli_genomes/GCF_001748915.1_ASM174891v1_genomic.fna.gz,../ecoli_genomes/GCF_001749235.1_ASM174923v1_genomic.fna.gz,../ecoli_genomes/GCF_001881155.1_ASM188115v1_genomic.fna.gz,../ecoli_genomes/GCF_001881345.1_ASM188134v1_genomic.fna.gz,../ecoli_genomes/GCF_001892405.1_ASM189240v1_genomic.fna.gz,../ecoli_genomes/GCF_001892585.1_ASM189258v1_genomic.fna.gz,../ecoli_genomes/GCF_001893985.1_ASM189398v1_genomic.fna.gz,../ecoli_genomes/GCF_002001595.1_ASM200159v1_genomic.fna.gz,../ecoli_genomes/GCF_002002145.1_ASM200214v1_genomic.fna.gz
1.0,0.32577435433790336,0.25889178670007795,0.2789723156913352,0.27794454381561084,0.3078394252911937,0.2959489899795853,0.2785552506339566,0.3925777092113636,0.2878702814981797,0.31593264359874995,0.27809398559033804,0.3063799977335375,0.27125751489479544,0.25851011666838686,0.2951344388133894,0.28723572522501173,0.3008000312802236,0.28135785206943853,0.29820422980247674,0.290376225309662,0.2936927660175368,0.30724227903658063,0.2960210629380674,0.28950331908745974,0.2922756582425703,0.305771557167136,0.27336067583123047,0.3410669879220962,0.38301573296893343,0.25174360177356203,0.29476856784055294,0.0,0.3032274101668446,0.30083358902605173,0.27382792779966614,0.2828137952834796,0.3108941478185394,0.2288240332991227,0.30731513807640676,0.25593705528938615,0.3078499376226075,0.3086934427229703,0.2760498769867643,0.2833417378862628,0.3197550557055895,0.3058802205435278,0.30558971877293606,0.26775458846648514,0.34038381963822084
0.32577435433790336,1.0,0.2342626044590007,0.2742106867390708,0.3736726082033879,0.5383669211267894,0.3490715167928813,0.27338119533495997,0.2971787293827244,0.2789024098586024,0.41743411343202075,0.2795310562523743,0.41139891153585895,0.2612643173999445,0.2564461330011124,0.3479763645914541,0.4599596740159593,0.4119989150806318,0.3708940997958565,0.3518498510381485,0.3981178916514956,0.38645524126981856,0.414511585921576,0.5307915430992604,0.5432016111967677,0.47891307686523954,0.4151163035412997,0.26706179241695394,0.3044711017492373,0.2993180811236986,0.25113720804160933,0.398329264974962,0.0,0.4074982907991278,0.5670136477381817,0.2627720012284843,0.33361443626100495,0.42193961806849434,0.21160910181210701,0.41787971110298416,0.25133721808792564,0.4701535894739436,0.4209943208335427,0.27964172948638355,0.277638086054833,0.28494719326784157,0.4790564000383791,0.47923100045068623,0.2782808738626418,0.29356455903371304
0.25889178670007795,0.2342626044590007,1.0,0.2027760673752551,0.19779928084150156,0.21697727670183142,0.21537464021215913,0.2092923523758352,0.24480680680564793,0.20604224615297295,0.22967898734358005,0.2000418329003767,0.22422431950365806,0.20454461239459365,0.19595177000792918,0.2140302712213642,0.2073403032643939,0.22204122834177087,0.20389275387625594,0.2172568184017537,0.21907018453417615,0.21425016869794566,0.22558572648127306,0.2080508435379863,0.2079293760755052,0.20997516661651017,0.22461734020058377,0.20797007527382483,0.2453318309696101,0.2519788364329265,0.1879677157625016,0.21027169193055884,0.0,0.2260510615112714,0.21809161343498207,0.20730599538247663,0.2058550077070469,0.22247772416314315,0.1633054128629876,0.22774362150265048,0.1893927433448157,0.2237914572926888,0.2338515424432922,0.21283180770009713,0.20741254891975291,0.231211648049105,0.2300266723748191,0.22928081076889073,0.21100334280249133,0.24686701286240498
0.2789723156913352,0.2742106867390708,0.2027760673752551,1.0,0.26023040018902854,0.2630149003336475,0.24975807856789412,0.49789019631442066,0.2752862263585475,0.5232055989733391,0.26099659450001866,0.49887572486579257,0.2739231448101871,0.5459018418276355,0.5498797501766277,0.26300330230757063,0.25599366453158623,0.2555523421011384,0.23719471391215952,0.25003083820275573,0.2480884454456067,0.2407393513529481,0.264252370297149,0.2605715502057041,0.2602508169063683,0.2646727443966961,0.2581518595582416,0.5326462992191685,0.292466067085274,0.2678052082558031,0.5024183550445447,0.2681046580676647,0.0,0.2521697016311917,0.2585763363245491,0.4187959408167454,0.24592561574787764,0.253102788344009,0.37496817329739107,0.25153821115824926,0.5214235141982613,0.2630434147961068,0.2554099980034217,0.5275676163688666,0.5192211845706693,0.28769188878012864,0.26071057737709036,0.2608126896737063,0.4578440735985021,0.2926541142316271
0.27794454381561084,0.3736726082033879,0.19779928084150156,0.26023040018902854,1.0,0.38155596774733747,0.30504644273290216,0.2542877114511034,0.28939118562104804,0.2649696957761337,0.47925751798139105,0.2409675276909764,0.4575936949196433,0.23831594011820634,0.25756515726902474,0.3522337980265783,0.4106308260802656,0.39077621610567903,0.35844931629292376,0.3092365293710617,0.3996503833775912,0.37583480423399573,0.40652522134993785,0.39567439595804055,0.3927347202214526,0.41336938241816,0.41055388521344993,0.23572422091041567,0.2680840186615032,0.27892560007169953,0.236576403422045,0.4421295615104387,0.0,0.4061799719607935,0.3726311496626531,0.22899855169492334,0.3147265185014425,0.43317786765302035,0.20829921756336967,0.42355585721792044,0.2503752762629603,0.38376733165001664,0.42635847098205415,0.2360703748485783,0.23892515243363988,0.2541850555416587,0.39175105157086154,0.39191620998769094,0.23223835012687033,0.266426334650151
0.3078394252911937,0.5383669211267894,0.21697727670183142,0.2630149003336475,0.38155596774733747,1.0,0.3474953508993912,0.27270523296770866,0.28711651914809366,0.2649757846622338,0.4072080460201625,0.2519345359378753,0.4042738438528387,0.25532004695013644,0.24893946236048148,0.3463480169125873,0.44948400661299825,0.4033215183058273,0.36466348311898567,0.34663754632706567,0.38322755197071057,0.414512454732762,0.40432029264388636,0.5134397934291791,0.5197325145297248,0.4491427106856962,0.3958428360647137,0.2570813076560633,0.29782088231747517,0.2870682709268154,0.24135620145300485,0.39899910178729525,0.0,0.40704687086299296,0.5442116517386384,0.2641400874133484,0.330761923938632,0.4070118378859948,0.22193307578125987,0.4051553902531758,0.2467130721060916,0.46427294723699575,0.41040947088611535,0.261898650537549,0.26628031032394484,0.2778248748414792,0.46903118111033426,0.471738370386518,0.25622458554555405,0.2956991220142019
0.2959489899795853,0.3490715167928813,0.21537464021215913,0.24975807856789412,0.30504644273290216,0.3474953508993912,1.0,0.25224310387380633,0.2912101045129727,0.24893844108096397,0.34755544975429775,0.23924276758443697,0.3431830394272166,0.24213324044282536,0.2368496584423373,0.761179662648414,0.3272147470862641,0.37723043153960867,0.3418707384323405,0.8768740781988459,0.3770683282834515,0.3476950069610334,0.38312180508525584,0.3318214341826583,0.3252877942245491,0.33771976921843283,0.35381597295156575,0.2472770433536038,0.28026194713392105,0.2863236811025819,0.23155970138414672,0.33039989685266846,0.0,0.35682848854290317,0.3561257955118776,0.2626786033939049,0.7943907228853632,0.33340133775644654,0.20705759785271483,0.35018491524831685,0.2288844946117179,0.3464929501688464,0.3499927165166866,0.25267164087492067,0.2517581993042891,0.2641594760621502,0.3369971568391439,0.3363279339631893,0.2418722873585598,0.28025854869775413
0.2785552506339566,0.27338119533495997,0.2092923523758352,0.49789019631442066,0.2542877114511034,0.27270523296770866,0.25224310387380633,1.0,0.26981913354847753,0.49477079360359966,0.25683219927486156,0.4690195219071275,0.2673071715932245,0.4777903863777836,0.4574913307972528,0.2603555545579982,0.2549588875656038,0.2543430340399462,0.23697656644518927,0.2532558026678744,0.2438752534979023,0.23846837808823185,0.2594343005222659,0.2669361862615789,0.25475392960279075,0.2629857247765547,0.2570509962473908,0.6813585775687496,0.3015889711015549,0.2650106052629827,0.4679830707085294,0.2581389399122853,0.0,0.2612099107840259,0.2583018765765803,0.39872598442003115,0.24497704686497968,0.27119256135817904,0.3579589959070487,0.258992730875064,0.4745365097601144,0.26526189096229835,0.26185990022661065,0.6843423287205033,0.6593514298520459,0.2866110249325242,0.25835452919237967,0.25871013876165727,0.43775294291707334,0.2940956255286652
0.3925777092113636,0.2971787293827244,0.24480680680564793,0.2752862263585475,0.28939118562104804,0.28711651914809366,0.2912101045129727,0.26981913354847753,1.0,0.28419198345610186,0.30772760019711,0.25549043706336827,0.31225139970408455,0.267815563944778,0.2636871117904448,0.30293662087926065,0.27736440788406436,0.29425677482502677,0.26527378837348714,0.2951567854679119,0.2868529264684194,0.2816322204162697,0.2994765041360473,0.28908617116455226,0.27667308347327935,0.29272572200264746,0.30193941811136316,0.2637820067476685,0.3278966386768848,0.40322133717979947,0.25461099140514065,0.2893714836970017,0.0,0.2937711483418274,0.2904274763322936,0.2717401497131424,0.2849052234133922,0.29306233502110357,0.2154855758684353,0.3055600246155856,0.25626207431785886,0.2989141537946636,0.3107233878056901,0.2659696171290824,0.26291373488022385,0.3127993296381337,0.29707026301451744,0.2963902674850746,0.2623620385282054,0.334950606941422
0.2878702814981797,0.2789024098586024,0.20604224615297295,0.5232055989733391,0.2649696957761337,0.2649757846622338,0.24893844108096397,0.49477079360359966,0.28419198345610186,1.0,0.2647923392911975,0.4749999011897865,0.2790274690354708,0.5046385634874471,0.4921860188207866,0.26583040280888937,0.2532521874571648,0.2565847830843968,0.23586593435284686,0.2515435265804773,0.24841704201210846,0.24522901934361974,0.259408323426387,0.255328328702522,0.2565006418841179,0.26852392666217095,0.2597693860126623,0.5037709581306524,0.30014397280412497,0.27756255921517914,0.5117245432639255,0.2583908825018072,0.0,0.25468683515468005,0.2572130574078716,0.42141792556486335,0.2467868338154563,0.2566593972364819,0.3725791864503667,0.2601854392285716,0.5152682246050566,0.26166999720226547,0.2591878800023908,0.505132610576575,0.5063291113279504,0.2893916026544503,0.26200975565341733,0.2619933888565408,0.4749587555533408,0.2916599012798472
0.31593264359874995,0.41743411343202075,0.22967898734358005,0.26099659450001866,0.47925751798139105,0.4072080460201625,0.34755544975429775,0.25683219927486156,0.30772760019711,0.2647923392911975,1.0,0.25363283868999187,0.5144466079592372,0.262574978727786,0.2549920935969767,0.350808636781043,0.3873236622992837,0.47686142435346224,0.43546147361892207,0.35214735222497695,0.4724869437725988,0.4663031866084387,0.4877767832932295,0.4051931872979615,0.38245826570141184,0.40519748251885945,0.49560371876621856,0.2578411869602655,0.2931665175445646,0.3038360070910421,0.24472556926597366,0.4419370256602615,0.0,0.47935283599525735,0.41882952655065053,0.2650390554130908,0.33440230087149536,0.4749510380502149,0.21355569242016825,0.5154913993724779,0.24490579762155018,0.4357874616462175,0.5038911966532589,0.2592551240526011,0.2574049797964926,0.2827307097405356,0.42808455780767884,0.4277873193051276,0.2631844028134869,0.29455548495868156
0.27809398559033804,0.2795310562523743,0.2000418329003767,0.49887572486579257,0.2409675276909764,0.2519345359378753,0.23924276758443697,0.4690195219071275,0.25549043706336827,0.4749999011897865,0.25363283868999187,1.0,0.25582754583424594,0.4870194382556654,0.6015091137911383,0.24182618022153757,0.24491936365481037,0.2434396228676179,0.2269413976447322,0.2391951571878167,0.24102002748024975,0.2348770548187854,0.252689050539191,0.2539346016720333,0.2444776292944365,0.25269493837683277,0.24604799351976991,0.47326735697576405,0.29712223287887685,0.256639867727369,0.4326056922020638,0.24720460752653428,0.0,0.2502369272602918,0.25156946444289174,0.39285081118627485,0.23250210367472557,0.25184869865146375,0.35978610466187366,0.24710030933488603,0.44658432759040256,0.2541283756721845,0.25255039017268666,0.4816782318611824,0.47924680308286927,0.27638596275978056,0.2562763674724857,0.2561087856972174,0.42777280062192524,0.2815313568171822
0.3063799977335375,0.41139891153585895,0.22422431950365806,0.2739231448101871,0.4575936949196433,0.4042738438528387,0.3431830394272166,0.2673071715932245,0.31225139970408455,0.2790274690354708,0.5144466079592372,0.25582754583424594,1.0,0.2584364074515455,0.26378273374538286,0.36315098187191297,0.39215504093135245,0.4836641369111282,0.4913444258291335,0.3482897304852217,0.5012306642217167,0.5372527403901866,0.5550606260460824,0.39630991674032845,0.38278459664659203,0.4081065521645737,0.5236521083056046,0.2588592323351938,0.28865403513864973,0.30659046897883435,0.2512630341921428,0.5039876839285405,0.0,0.5410077397781183,0.41154068080448525,0.2602139884359521,0.34010463095809196,0.4972123764476213,0.2071185084126882,0.5354432769985815,0.25862978062561326,0.4230059925188042,0.5264862397291877,0.2591337034163188,0.2547897994963947,0.2766301745286409,0.4229069477990294,0.42304772544447233,0.26078205194616966,0.28902835567255514
0.27125751489479544,0.2612643173999445,0.20454461239459365,0.5459018418276355,0.23831594011820634,0.25532004695013644,0.24213324044282536,0.4777903863777836,0.267815563944778,0.5046385634874471,0.262574978727786,0.4870194382556654,0.2584364074515455,1.0,0.5388103615496374,0.24629677779567338,0.23713647953269412,0.25090129003986017,0.23327168092408535,0.24478332547177828,0.23887529459202073,0.24111764694094684,0.2558381311281852,0.2395159714692794,0.23969172129205318,0.24736149312427913,0.2541512477972042,0.5167287480171003,0.2944551867144628,0.2657646447963323,0.4831618683072798,0.2445272257766582,0.0,0.24812782981511328,0.2513557473216437,0.4076064552739933,0.23394475594889053,0.25299410608185635,0.3634973111548435,0.25124886696794013,0.4935828599138131,0.25711931785859743,0.25209386185085636,0.5136403031515469,0.5042296703968124,0.29078385642917803,0.25580991916219775,0.25647858038731475,0.4585578560459552,0.2927420505701268
0.25851011666838686,0.2564461330011124,0.19595177000792918,0.5498797501766277,0.25756515726902474,0.24893946236048148,0.2368496584423373,0.4574913307972528,0.2636871117904448,0.4921860188207866,0.2549920935969767,0.6015091137911383,0.26378273374538286,0.5388103615496374,1.0,0.2526205224341881,0.24923197397474306,0.2422560914469597,0.222815843951937,0.23918487136376776,0.23534217996866325,0.231054152133219,0.2527606777512019,0.2423583960447293,0.2454842480869005,0.2565526084770112,0.2457821465309169,0.48348166564945094,0.281835924275594,0.2577851676438704,0.4755343491573689,0.2511944059748217,0.0,0.24448592763076105,0.24693047475610863,0.3971170186128786,0.23628362281592452,0.2485041911151481,0.3577300919895511,0.24363892186128178,0.49173806786819796,0.25383532589671476,0.2489173665951605,0.4839804107094974,0.4751162852286559,0.27899469949526734,0.2576770008976199,0.2580376872829909,0.43933795795413577,0.2911384125170573
0.2951344388133894,0.3479763645914541,0.2140302712213642,0.26300330230757063,0.3522337980265783,0.3463480169125873,0.761179662648414,0.2603555545579982,0.30293662087926065,0.26583040280888937,0.350808636781043,0.24182618022153757,0.36315098187191297,0.24629677779567338,0.2526205224341881,1.0,0.34302314271269707,0.3662669667644741,0.3329151596726564,0.7761953386023033,0.35882498638220484,0.3420631208401662,0.37339514530463547,0.33894716750913945,0.3412183690554016,0.3653091374280003,0.3471697069869907,0.250768898038933,0.2798508667875692,0.2943851552110811,0.24380756393273395,0.338721495211596,0.0,0.35147254329960553,0.35228204055864354,0.25767898156919344,0.7473672113374139,0.33280393849862366,0.2046367754231,0.34797495698266523,0.24594882451562572,0.3429200435633465,0.34777758928796165,0.25038343752056447,0.24935865723897088,0.26551439715346126,0.33755494246266504,0.33660321538891436,0.2451947818446324,0.27720347711751037
0.28723572522501173,0.4599596740159593,0.2073403032643939,0.25599366453158623,0.4106308260802656,0.44948400661299825,0.3272147470862641,0.2549588875656038,0.27736440788406436,0.2532521874571648,0.3873236622992837,0.24491936365481037,0.39215504093135245,0.23713647953269412,0.24923197397474306,0.34302314271269707,1.0,0.3726552953653298,0.33989230662734726,0.3263135365349523,0.3674654188748374,0.3648129382041392,0.38813774017323954,0.4982343461813806,0.48721535432729524,0.5032895573195943,0.37295045050970277,0.24416555511366989,0.28635352900291156,0.2719680769798889,0.22994451161683005,0.43204794279220915,0.0,0.39643033011772033,0.45971001361726593,0.25361382088282336,0.3215628673424815,0.36908076433496806,0.20632246132633303,0.38291012157483284,0.23357199613491375,0.42764151723080945,0.3883756516893807,0.24965049496806346,0.2573480278730008,0.25837500872498054,0.4449291279342834,0.44649630988019784,0.23879731026276407,0.2692672393094939
0.3008000312802236,0.4119989150806318,0.22204122834177087,0.2555523421011384,0.39077621610567903,0.4033215183058273,0.37723043153960867,0.2543430340399462,0.29425677482502677,0.2565847830843968,0.47686142435346224,0.2434396228676179,0.4836641369111282,0.25090129003986017,0.2422560914469597,0.3662669667644741,0.3726552953653298,1.0,0.4874785105479167,0.3785186285649662,0.5045463837151083,0.4880392742857813,0.5191964021254378,0.3825260891601836,0.37100771998254556,0.3873669514843765,0.4926138869485903,0.2520818864824108,0.28290186972466047,0.2926326003188475,0.2377277419565259,0.4398623827981464,0.0,0.48185232483230656,0.4098463103907749,0.2718854179555614,0.3603181032119718,0.4554136280725196,0.21185719504324085,0.4897666602442311,0.23510051101023055,0.41985417534651237,0.48368755320973145,0.25428064084360924,0.25187705745718914,0.2717971366576417,0.4153580370188493,0.41505828139935197,0.24928119379705482,0.28365093490161664
0.28135785206943853,0.3708940997958565,0.20389275387625594,0.23719471391215952,0.35844931629292376,0.36466348311898567,0.3418707384323405,0.23697656644518927,0.26527378837348714,0.23586593435284686,0.43546147361892207,0.2269413976447322,0.4913444258291335,0.23327168092408535,0.222815843951937,0.3329151596726564,0.33989230662734726,0.4874785105479167,1.0,0.3428721829866904,0.46907519562855715,0.4940475433622986,0.4734315811433156,0.34356690185284233,0.3369978905176383,0.3450312882344584,0.4511523158122298,0.23412971260571858,0.25863430230386997,0.2669033405903255,0.21798195525580133,0.4366690396846452,0.0,0.4475552651181861,0.3734005345073158,0.24646749249966704,0.32798544669346263,0.42288630282745143,0.1951128989244426,0.4582485630888268,0.21661409793544717,0.37779064844413357,0.4442830611688243,0.23737042269501474,0.23485784597467052,0.2509243193842595,0.37312386515027895,0.37341837669242195,0.2319805889535469,0.2574599951463774
0.29820422980247674,0.3518498510381485,0.2172568184017537,0.25003083820275573,0.3092365293710617,0.34663754632706567,0.8768740781988459,0.2532558026678744,0.2951567854679119,0.2515435265804773,0.35214735222497695,0.2391951571878167,0.3482897304852217,0.24478332547177828,0.23918487136376776,0.7761953386023033,0.3263135365349523,0.3785186285649662,0.3428721829866904,1.0,0.3771758730589998,0.34871194534437633,0.38467440125863683,0.33168640461225307,0.32841486195100855,0.3384836716916644,0.3566361269599212,0.2485878400672581,0.2810432435220648,0.2889680934894586,0.23384039120424716,0.3325787701316901,0.0,0.3587421209428404,0.3571977610020286,0.2626855220179334,0.8073520143844277,0.3373636360922757,0.20722348605708119,0.3554213491647825,0.2316298996137376,0.3485407364957227,0.3534864317171339,0.25219800868686604,0.24992688629520743,0.26743029558439746,0.3402777123953431,0.33960174381925545,0.24504760800678993,0.2824185269436017
0.290376225309662,0.3981178916514956,0.21907018453417615,0.2480884454456067,0.3996503833775912,0.38322755197071057,0.3770683282834515,0.2438752534979023,0.2868529264684194,0.24841704201210846,0.4724869437725988,0.24102002748024975,0.5012306642217167,0.23887529459202073,0.23534217996866325,0.35882498638220484,0.3674654188748374,0.5045463837151083,0.46907519562855715,0.3771758730589998,1.0,0.490501496233374,0.5334209506907018,0.3702008813758908,0.3650952893086814,0.390110873573452,0.5041030137378175,0.24344978348449264,0.2748132627275526,0.283151307096393,0.2287410536093658,0.4615036572182578,0.0,0.5065478939054617,0.4040933157459552,0.2601887115255094,0.3616809923643346,0.46619415199516856,0.20558105279560812,0.5074542237367365,0.2320570552757577,0.39516401711530225,0.49377035172919104,0.24621082546544215,0.24440604335820537,0.2726040006201301,0.4117698145681169,0.4114549823523139,0.24453541617389885,0.27804440055453483
0.2936927660175368,0.38645524126981856,0.21425016869794566,0.2407393513529481,0.37583480423399573,0.414512454732762,0.3476950069610334,0.23846837808823185,0.2816322204162697,0.24522901934361974,0.4663031866084387,0.2348770548187854,0.5372527403901866,0.24111764694094684,0.231054152133219,0.3420631208401662,0.3648129382041392,0.4880392742857813,0.4940475433622986,0.34871194534437633,0.490501496233374,1.0,0.6783439232325983,0.357547457583525,0.3509468384112483,0.3643342387944376,0.48996903181207463,0.23713350232080943,0.27110800059102147,0.27444956981265534,0.2236579677379601,0.45788001754590446,0.0,0.6095018896787432,0.3842133307992075,0.2527010201845601,0.33216169038164445,0.4644477053054429,0.19363046680318996,0.4998349270814295,0.22258829366303823,0.3890375122837342,0.4918178576483212,0.23869601483608105,0.2384914407325065,0.26385452046358115,0.39327608091750066,0.3929779591451925,0.24251929787624693,0.28106646253150736
0.30724227903658063,0.414511585921576,0.22558572648127306,0.264252370297149,0.40652522134993785,0.40432029264388636,0.38312180508525584,0.2594343005222659,0.2994765041360473,0.259408323426387,0.4877767832932295,0.252689050539191,0.5550606260460824,0.2558381311281852,0.2527606777512019,0.37339514530463547,0.38813774017323954,0.5191964021254378,0.4734315811433156,0.38467440125863683,0.5334209506907018,0.6783439232325983,1.0,0.3861853029958501,0.38148472770909136,0.39059093176067916,0.5278854821249355,0.25751463751493775,0.2907247655941442,0.2908966400550459,0.24413034210546325,0.48464136437839267,0.0,0.6515092539101781,0.4136058151516654,0.2676153468744191,0.3670410204312785,0.493166897533008,0.2134259533754228,0.5253902319691932,0.24216236648327516,0.4165881436895532,0.5177842898717255,0.25950382307355135,0.2554136456567394,0.2797393470150421,0.41354861356171424,0.4134026521593084,0.25732211276312134,0.28944732138897866
0.2960210629380674,0.5307915430992604,0.2080508435379863,0.2605715502057041,0.39567439595804055,0.5134397934291791,0.3318214341826583,0.2669361862615789,0.28908617116455226,0.255328328702522,0.4051931872979615,0.2539346016720333,0.39630991674032845,0.2395159714692794,0.2423583960447293,0.33894716750913945,0.4982343461813806,0.3825260891601836,0.34356690185284233,0.33168640461225307,0.3702008813758908,0.357547457583525,0.3861853029958501,1.0,0.5486764940727689,0.4701114348304051,0.3896702130526186,0.24221067006225194,0.29328650052020755,0.27939727467716247,0.23536781915132565,0.400066652483133,0.0,0.3872113263654253,0.5399892144282401,0.2534937716422635,0.321127560684638,0.37713699663299793,0.1972295891901772,0.3800648682700516,0.2411873885324397,0.4445267263148881,0.38829601384263224,0.249887936366312,0.2553297301531834,0.26361825235554226,0.44281337985625047,0.4429349146210221,0.24181270610128103,0.2742793502913292
0.28950331908745974,0.5432016111967677,0.2079293760755052,0.2602508169063683,0.3927347202214526,0.5197325145297248,0.3252877942245491,0.25475392960279075,0.27667308347327935,0.2565006418841179,0.38245826570141184,0.2444776292944365,0.38278459664659203,0.23969172129205318,0.2454842480869005,0.3412183690554016,0.48721535432729524,0.37100771998254556,0.3369978905176383,0.32841486195100855,0.3650952893086814,0.3509468384112483,0.38148472770909136,0.5486764940727689,1.0,0.49833717054993487,0.3746769907216121,0.2372131982328366,0.2778321675662292,0.26833261081438464,0.234753947577916,0.4166006442376575,0.0,0.3750171150799061,0.5368191909115105,0.24598965399378536,0.32294614552049894,0.3833649046078246,0.20091000599665132,0.3740868115332363,0.23765914283111333,0.4341579058941334,0.3851999421058191,0.2544826762422223,0.2589204725525992,0.26465869133048037,0.44581444085561106,0.4453264484556818,0.2529672756607144,0.26930470202568535
0.2922756582425703,0.47891307686523954,0.20997516661651017,0.2646727443966961,0.41336938241816,0.4491427106856962,0.33771976921843283,0.2629857247765547,0.29272572200264746,0.26852392666217095,0.40519748251885945,0.25269493837683277,0.4081065521645737,0.24736149312427913,0.2565526084770112,0.3653091374280003,0.5032895573195943,0.3873669514843765,0.3450312882344584,0.3384836716916644,0.390110873573452,0.3643342387944376,0.39059093176067916,0.4701114348304051,0.49833717054993487,1.0,0.38725855027227896,0.2488387781725242,0.281540864493108,0.2845769434740705,0.24391540314165483,0.3928785772647728,0.0,0.3816711444196563,0.4765798661875865,0.2516312356251156,0.33795272359685147,0.38331675543955923,0.21030588888270418,0.3987190606010038,0.2469119156518016,0.44890898552678504,0.3904382053708856,0.2604549675425125,0.25933921250762393,0.26331684914961817,0.4592862920416466,0.4586287584849573,0.2607365249876067,0.27555726136008696
0.305771557167136,0.4151163035412997,0.22461734020058377,0.2581518595582416,0.41055388521344993,0.3958428360647137,0.35381597295156575,0.2570509962473908,0.30193941811136316,0.2597693860126623,0.49560371876621856,0.24604799351976991,0.5236521083056046,0.2541512477972042,0.2457821465309169,0.3471697069869907,0.37295045050970277,0.4926138869485903,0.4511523158122298,0.3566361269599212,0.5041030137378175,0.48996903181207463,0.5278854821249355,0.3896702130526186,0.3746769907216121,0.38725855027227896,1.0,0.2527769681016401,0.28826566728158787,0.29571454019805865,0.24116999964176267,0.476873170858924,0.0,0.5036751122484551,0.4106998540664061,0.25897554529915134,0.339726725776327,0.574956789085143,0.19783852577316752,0.5431458102168931,0.2419172213770021,0.41852176280997233,0.6138478451131717,0.25929663124116975,0.25205431786682597,0.28184448200978707,0.4115425167765704,0.4118895690365091,0.25765833067135346,0.2874685063471065
0.27336067583123047,0.26706179241695394,0.20797007527382483,0.5326462992191685,0.23572422091041567,0.2570813076560633,0.2472770433536038,0.6813585775687496,0.2637820067476685,0.5037709581306524,0.2578411869602655,0.47326735697576405,0.2588592323351938,0.5167287480171003,0.48348166564945094,0.250768898038933,0.24416555511366989,0.2520818864824108,0.23412971260571858,0.2485878400672581,0.24344978348449264,0.23713350232080943,0.25751463751493775,0.24221067006225194,0.2372131982328366,0.2488387781725242,0.2527769681016401,1.0,0.2993065053419167,0.26219810246084463,0.4730262699672373,0.24968202204257006,0.0,0.2497930584871707,0.2531743196901127,0.40325907166747843,0.23861434897596,0.25934842864893404,0.366663403782177,0.2532009042507749,0.4853798531010668,0.25792229136606604,0.253000403165178,0.7891238526230573,0.7532093308464478,0.28437581369378695,0.2545123686856289,0.25501984324923244,0.45891636863580587,0.2876545008464422
0.3410669879220962,0.3044711017492373,0.2453318309696101,0.292466067085274,0.2680840186615032,0.29782088231747517,0.28026194713392105,0.3015889711015549,0.3278966386768848,0.30014397280412497,0.2931665175445646,0.29712223287887685,0.28865403513864973,0.2944551867144628,0.281835924275594,0.2798508667875692,0.28635352900291156,0.28290186972466047,0.25863430230386997,0.2810432435220648,0.2748132627275526,0.27110800059102147,0.2907247655941442,0.29328650052020755,0.2778321675662292,0.281540864493108,0.28826566728158787,0.2993065053419167,1.0,0.32517163201361854,0.27621310320779224,0.2833041815379783,0.0,0.28684296272789767,0.2894878209480357,0.2923166135815126,0.271316447295733,0.2893772045290913,0.23589103038147496,0.2883779023863896,0.2702226950128751,0.28970853108329764,0.29100081799825095,0.2975813317043311,0.29931099742585165,0.3976378618342935,0.2881692532410237,0.28835006175750355,0.288722189232423,0.6088172560306806
0.38301573296893343,0.2993180811236986,0.2519788364329265,0.2678052082558031,0.27892560007169953,0.2870682709268154,0.2863236811025819,0.2650106052629827,0.40322133717979947,0.27756255921517914,0.3038360070910421,0.256639867727369,0.30659046897883435,0.2657646447963323,0.2577851676438704,0.2943851552110811,0.2719680769798889,0.2926326003188475,0.2669033405903255,0.2889680934894586,0.283151307096393,0.27444956981265534,0.2908966400550459,0.27939727467716247,0.26833261081438464,0.2845769434740705,0.29571454019805865,0.26219810246084463,0.32517163201361854,1.0,0.2514213129412032,0.27728715301849793,0.0,0.2844448741648634,0.28928604061823926,0.26645709103241577,0.2771554754732525,0.28603587390029994,0.22180960205798728,0.3056413029863623,0.25617136984131783,0.293002404937478,0.29966327787663594,0.2628953161759756,0.25978455814411294,0.32336066259555596,0.29920870632362473,0.29935774884810995,0.26036668311987565,0.3352887897568131
0.25174360177356203,0.25113720804160933,0.1879677157625016,0.5024183550445447,0.236576403422045,0.24135620145300485,0.23155970138414672,0.4679830707085294,0.25461099140514065,0.5117245432639255,0.24472556926597366,0.4326056922020638,0.2512630341921428,0.4831618683072798,0.4755343491573689,0.24380756393273395,0.22994451161683005,0.2377277419565259,0.21798195525580133,0.23384039120424716,0.2287410536093658,0.2236579677379601,0.24413034210546325,0.23536781915132565,0.234753947577916,0.24391540314165483,0.24116999964176267,0.4730262699672373,0.27621310320779224,0.2514213129412032,1.0,0.23693833806275222,0.0,0.2352373792393292,0.238682390431029,0.3919754531734436,0.22863096322969,0.23510061314417086,0.3417804952079173,0.24064699904286546,0.6392226224238964,0.24317841002086982,0.23770289354835483,0.47561099277509267,0.4657173074208516,0.26783157788564627,0.24055055492090494,0.24079786525005387,0.42927860425506703,0.26820847074954357
0.29476856784055294,0.398329264974962,0.21027169193055884,0.2681046580676647,0.4421295615104387,0.39899910178729525,0.33039989685266846,0.2581389399122853,0.2893714836970017,0.2583908825018072,0.4419370256602615,0.24720460752653428,0.5039876839285405,0.2445272257766582,0.2511944059748217,0.338721495211596,0.43204794279220915,0.4398623827981464,0.4366690396846452,0.3325787701316901,0.4615036572182578,0.45788001754590446,0.48464136437839267,0.400066652483133,0.4166006442376575,0.3928785772647728,0.476873170858924,0.24968202204257006,0.2833041815379783,0.27728715301849793,0.23693833806275222,1.0,0.0,0.47114051267077195,0.38886669863292544,0.24489349569584018,0.3240340691444956,0.4728954677142191,0.20150425799333616,0.49344062373274067,0.23893447839840454,0.40134985576175575,0.4882459940820332,0.2494593220172323,0.2570945560296358,0.26676081105026084,0.40713799645711934,0.4094431082075849,0.23827762131369967,0.2689148083978544
0.0,0.0,0.0,0.0,0.0,0.0,0.0,0.0,0.0,0.0,0.0,0.0,0.0,0.0,0.0,0.0,0.0,0.0,0.0,0.0,0.0,0.0,0.0,0.0,0.0,0.0,0.0,0.0,0.0,0.0,0.0,0.0,1.0,0.0,0.0,0.0,0.0,0.0,0.0,0.0,0.0,0.0,0.0,0.0,0.0,0.0,0.0,0.0,0.0,0.0
0.3032274101668446,0.4074982907991278,0.2260510615112714,0.2521697016311917,0.4061799719607935,0.40704687086299296,0.35682848854290317,0.2612099107840259,0.2937711483418274,0.25468683515468005,0.47935283599525735,0.2502369272602918,0.5410077397781183,0.24812782981511328,0.24448592763076105,0.35147254329960553,0.39643033011772033,0.48185232483230656,0.4475552651181861,0.3587421209428404,0.5065478939054617,0.6095018896787432,0.6515092539101781,0.3872113263654253,0.3750171150799061,0.3816711444196563,0.5036751122484551,0.2497930584871707,0.28684296272789767,0.2844448741648634,0.2352373792393292,0.47114051267077195,0.0,1.0,0.40900503941744626,0.27283421433008204,0.33969088730114416,0.4849463712197182,0.218125762722586,0.5147109543659248,0.2348626934603234,0.4115436484231172,0.5164113488429332,0.2542094762960543,0.2533249449508371,0.2741418168021563,0.41545773089996707,0.4162286112444271,0.2507304152917129,0.285195870292439
0.30083358902605173,0.5670136477381817,0.21809161343498207,0.2585763363245491,0.3726311496626531,0.5442116517386384,0.3561257955118776,0.2583018765765803,0.2904274763322936,0.2572130574078716,0.41882952655065053,0.25156946444289174,0.41154068080448525,0.2513557473216437,0.24693047475610863,0.35228204055864354,0.45971001361726593,0.4098463103907749,0.3734005345073158,0.3571977610020286,0.4040933157459552,0.3842133307992075,0.4136058151516654,0.5399892144282401,0.5368191909115105,0.4765798661875865,0.4106998540664061,0.2531743196901127,0.2894878209480357,0.28928604061823926,0.238682390431029,0.38886669863292544,0.0,0.40900503941744626,1.0,0.25814773711772376,0.33595178436560735,0.3938373914391672,0.2121755061530417,0.4159745033678188,0.2396165041125582,0.4739557344472206,0.4173893054854375,0.25334720753376005,0.2540596572966587,0.2725220831420426,0.47269955105154515,0.4720680413259577,0.25579451988716995,0.2806606857177524
0.27382792779966614,0.2627720012284843,0.20730599538247663,0.4187959408167454,0.22899855169492334,0.2641400874133484,0.2626786033939049,0.39872598442003115,0.2717401497131424,0.42141792556486335,0.2650390554130908,0.39285081118627485,0.2602139884359521,0.4076064552739933,0.3971170186128786,0.25767898156919344,0.25361382088282336,0.2718854179555614,0.24646749249966704,0.2626855220179334,0.2601887115255094,0.2527010201845601,0.2676153468744191,0.2534937716422635,0.24598965399378536,0.2516312356251156,0.25897554529915134,0.40325907166747843,0.2923166135815126,0.26645709103241577,0.3919754531734436,0.24489349569584018,0.0,0.27283421433008204,0.25814773711772376,1.0,0.25365730911172624,0.24934612457369631,0.36161168155746226,0.26396695427573713,0.39299698246281856,0.26129129943112517,0.2572986821618589,0.4098242569206294,0.40762315160745444,0.2825856059296369,0.25898163073723135,0.2588252313189696,0.40110381791921257,0.2928247640465764
0.2828137952834796,0.33361443626100495,0.2058550077070469,0.24592561574787764,0.3147265185014425,0.330761923938632,0.7943907228853632,0.24497704686497968,0.2849052234133922,0.2467868338154563,0.33440230087149536,0.23250210367472557,0.34010463095809196,0.23394475594889053,0.23628362281592452,0.7473672113374139,0.3215628673424815,0.3603181032119718,0.32798544669346263,0.8073520143844277,0.3616809923643346,0.33216169038164445,0.3670410204312785,0.321127560684638,0.32294614552049894,0.33795272359685147,0.339726725776327,0.23861434897596,0.271316447295733,0.2771554754732525,0.22863096322969,0.3240340691444956,0.0,0.33969088730114416,0.33595178436560735,0.25365730911172624,1.0,0.3226727276254382,0.1977620137927607,0.33336608276608837,0.2279489432885592,0.3311714202702115,0.3365125907414399,0.23958203396742683,0.23872987600857554,0.25282672331758893,0.3221607151686575,0.3215248845652767,0.23123577321595035,0.26750024561436314
0.3108941478185394,0.42193961806849434,0.22247772416314315,0.253102788344009,0.43317786765302035,0.4070118378859948,0.33340133775644654,0.27119256135817904,0.29306233502110357,0.2566593972364819,0.4749510380502149,0.25184869865146375,0.4972123764476213,0.25299410608185635,0.2485041911151481,0.33280393849862366,0.36908076433496806,0.4554136280725196,0.42288630282745143,0.3373636360922757,0.46619415199516856,0.4644477053054429,0.493166897533008,0.37713699663299793,0.3833649046078246,0.38331675543955923,0.574956789085143,0.25934842864893404,0.2893772045290913,0.28603587390029994,0.23510061314417086,0.4728954677142191,0.0,0.4849463712197182,0.3938373914391672,0.24934612457369631,0.3226727276254382,1.0,0.21293172169223984,0.517975092854229,0.24018448329267206,0.4122589871674045,0.624712938782541,0.2639784274353151,0.25683311788808527,0.2784816409713693,0.4197913564224438,0.4196060882405942,0.2578266915940247,0.2875351867696484
0.2288240332991227,0.21160910181210701,0.1633054128629876,0.37496817329739107,0.20829921756336967,0.22193307578125987,0.20705759785271483,0.3579589959070487,0.2154855758684353,0.3725791864503667,0.21355569242016825,0.35978610466187366,0.2071185084126882,0.3634973111548435,0.3577300919895511,0.2046367754231,0.20632246132633303,0.21185719504324085,0.1951128989244426,0.20722348605708119,0.20558105279560812,0.19363046680318996,0.2134259533754228,0.1972295891901772,0.20091000599665132,0.21030588888270418,0.19783852577316752,0.366663403782177,0.23589103038147496,0.22180960205798728,0.3417804952079173,0.20150425799333616,0.0,0.218125762722586,0.2121755061530417,0.36161168155746226,0.1977620137927607,0.21293172169223984,1.0,0.20666806101602253,0.3423102797939853,0.21609692598731622,0.2089978536532655,0.36684662270558144,0.3694351555621528,0.2249313787081315,0.2116257460662111,0.21127089814735156,0.34478620265402504,0.24316243143762217
0.30731513807640676,0.41787971110298416,0.22774362150265048,0.25153821115824926,0.42355585721792044,0.4051553902531758,0.35018491524831685,0.258992730875064,0.3055600246155856,0.2601854392285716,0.5154913993724779,0.24710030933488603,0.5354432769985815,0.25124886696794013,0.24363892186128178,0.34797495698266523,0.38291012157483284,0.4897666602442311,0.4582485630888268,0.3554213491647825,0.5074542237367365,0.4998349270814295,0.5253902319691932,0.3800648682700516,0.3740868115332363,0.3987190606010038,0.5431458102168931,0.2532009042507749,0.2883779023863896,0.3056413029863623,0.24064699904286546,0.49344062373274067,0.0,0.5147109543659248,0.4159745033678188,0.26396695427573713,0.33336608276608837,0.517975092854229,0.20666806101602253,1.0,0.24002534501471706,0.42449209515511477,0.5502156515005519,0.256766808552497,0.2572827894333167,0.2877304939482308,0.4390145283702317,0.4391506830971794,0.25610435801682163,0.29693689369486787
