../ecoli_genomes/GCF_000163235.1_ASM16323v1_genomic.fna.gz,../ecoli_genomes/GCF_000164555.1_ASM16455v1_genomic.fna.gz,../ecoli_genomes/GCF_000208545.1_ASM20854v2_genomic.fna.gz,../ecoli_genomes/GCF_000233875.1_ASM23387v1_genomic.fna.gz,../ecoli_genomes/GCF_000249735.1_ASM24973v2_genomic.fna.gz,../ecoli_genomes/GCF_000261145.1_Esch_coli_M919_V2_genomic.fna.gz,../ecoli_genomes/GCF_000267705.2_ASM26770v2_genomic.fna.gz,../ecoli_genomes/GCF_000350665.1_Esch_coli_KTE5_V1_genomic.fna.gz,../ecoli_genomes/GCF_000351625.1_Esch_coli_KTE66_V1_genomic.fna.gz,../ecoli_genomes/GCF_000352285.1_Esch_coli_KTE46_V1_genomic.fna.gz,../ecoli_genomes/GCF_000358895.1_ASM35889v1_genomic.fna.gz,../ecoli_genomes/GCF_000456385.1_Esch_coli_HVH_26_4-5703913_V1_genomic.fna.gz,../ecoli_genomes/GCF_000458195.1_Esch_coli_HVH_147_4-5893887_V1_genomic.fna.gz,../ecoli_genomes/GCF_000459755.1_Esch_coli_KOEGE_58_171a_V1_genomic.fna.gz,../ecoli_genomes/GCF_000460055.1_Esch_coli_UMEA_3053-1_V1_genomic.fna.gz,../ecoli_genomes/GCF_000462165.2_ASM46216v2_genomic.fna.gz,../ecoli_genomes/GCF_000601135.1_ASM60113v1_genomic.fna.gz,../ecoli_genomes/GCF_000614595.1_Ec2010EL1058_genomic.fna.gz,../ecoli_genomes/GCF_000617745.1_Ec2010C-4529_genomic.fna.gz,../ecoli_genomes/GCF_000618265.2_EcF6751_genomic.fna.gz,../ecoli_genomes/GCF_000619005.2_Ec2009C-4052_genomic.fna.gz,../ecoli_genomes/GCF_000619105.1_Ec2009C-4780_genomic.fna.gz,../ecoli_genomes/GCF_000619765.2_Ec2009C-3279_genomic.fna.gz,../ecoli_genomes/GCF_000687005.1_ASM68700v1_genomic.fna.gz,../ecoli_genomes/GCF_000687025.1_ASM68702v1_genomic.fna.gz,../ecoli_genomes/GCF_000700125.1_ASM70012v1_genomic.fna.gz,../ecoli_genomes/GCF_000753315.1_FHI35_genomic.fna.gz,../ecoli_genomes/GCF_000776375.1_ASM77637v1_genomic.fna.gz,../ecoli_genomes/GCF_000779395.1_ASM77939v1_genomic.fna.gz,../ecoli_genomes/GCF_000780315.1_ASM78031v1_genomic.fna.gz,../ecoli_genomes/GCF_000781995.1_ASM78199v1_genomic.fna.gz,../ecoli_genomes/GCF_000986765.1_ASM98676v1_genomic.fna.gz,../ecoli_genomes/GCF_001041375.1_ViralProj287958_genomic.fna.gz,../ecoli_genomes/GCF_001265335.1_302014_genomic.fna.gz,../ecoli_genomes/GCF_001265625.1_100854_genomic.fna.gz,../ecoli_genomes/GCF_001267345.1_303289_genomic.fna.gz,../ecoli_genomes/GCF_001309985.1_ASM130998v1_genomic.fna.gz,../ecoli_genomes/GCF_001521695.1_ASM152169v1_genomic.fna.gz,../ecoli_genomes/GCF_001592595.1_ASM159259v1_genomic.fna.gz,../ecoli_genomes/GCF_001614975.1_ASM161497v1_genomic.fna.gz,../ecoli_genomes/GCF_001692775.1_ASM169277v1_genomic.fna.gz,../ecoli_genomes/GCF_001748915.1_ASM174891v1_genomic.fna.gz,../ecoli_genomes/GCF_001749235.1_ASM174923v1_genomic.fna.gz,../ecoli_genomes/GCF_001881155.1_ASM188115v1_genomic.fna.gz,../ecoli_genomes/GCF_001881345.1_ASM188134v1_genomic.fna.gz,../ecoli_genomes/GCF_001892405.1_ASM189240v1_genomic.fna.gz,../ecoli_genomes/GCF_001892585.1_ASM189258v1_genomic.fna.gz,../ecoli_genomes/GCF_001893985.1_ASM189398v1_genomic.fna.gz,../ecoli_genomes/GCF_002001595.1_ASM200159v1_genomic.fna.gz,../ecoli_genomes/GCF_002002145.1_ASM200214v1_genomic.fna.gz
1.0,0.3225063978273237,0.25787223125535563,0.27555476510414745,0.31364533022873786,0.3028926203256427,0.2975018778264844,0.2759388869298979,0.3850474700487536,0.2866442381924009,0.3181738082615684,0.2819655069336555,0.3091901167912088,0.27319950543516425,0.2633655566936772,0.2973094078357924,0.2961732165395933,0.30638106089890627,0.2617543216648084,0.2994393585930377,0.29600766005493007,0.28994736924993425,0.31374340198991424,0.315291942223059,0.2985226070294129,0.2920184201699827,0.30504744532890316,0.27377656889375446,0.3396116790681992,0.38868997675921435,0.2558873050232794,0.30142319547594676,0.0,0.306980125705001,0.30129740953599815,0.27470709501478996,0.286220326658292,0.3172061808980906,0.23726717717814982,0.3145562684487382,0.2590155787294466,0.3026546682569835,0.3097496195464896,0.272546507389439,0.28114713599437413,0.3104972104924567,0.2978093256806995,0.30002750240394005,0.26083935102911415,0.3387086750211057
0.3225063978273237,1.0,0.22811782731746988,0.2702144869755011,0.4036046154038083,0.5417235305085124,0.34340932722854756,0.27013119633594085,0.2995792035568505,0.2774142286273402,0.4174026788499072,0.27723588665125776,0.4087309539854892,0.26174524273595545,0.2585244285879392,0.3421092758019897,0.4643140678246991,0.4150941458659724,0.34241646419194716,0.34617581758793403,0.3955363827199432,0.38289170112223125,0.4111266016594183,0.5526939157613387,0.563682624395772,0.4763025200992025,0.4092928189873759,0.2683709402111282,0.305592225750153,0.30488341226272675,0.2529822455880403,0.40128128340202895,0.0,0.4026228469487829,0.558852581828431,0.2596165900825662,0.32522288816655753,0.42107666879364125,0.1954570495883562,0.4159608238571201,0.2560862565750961,0.461450676346704,0.4146170342623636,0.2784675268144665,0.27605668978918263,0.2829765163934498,0.4763603105733808,0.4766881414298374,0.27331894780781585,0.2992949787193008
0.25787223125535563,0.22811782731746988,1.0,0.20376066527899694,0.20927227838219276,0.21044384246668768,0.21075993866202203,0.2054454405859394,0.24600239492204146,0.2118696771127767,0.2292741757182437,0.20294502796733105,0.2209072941897794,0.20647421964109214,0.1995772067988072,0.21150938481352088,0.2079084354510592,0.221404312980237,0.1853015828612239,0.21340427644205096,0.21748740204250372,0.2099867375657405,0.2241609310839595,0.21274541203361008,0.2123187527221556,0.2087636221562683,0.22425704876936825,0.20763482360225682,0.24902779437233824,0.2504841921450601,0.19633840905856592,0.21530823248546604,0.0,0.2245198951034676,0.21028835550083103,0.20959737040704762,0.19981637862273394,0.22254787520039332,0.15922189231201844,0.22855085928688967,0.19960671069521796,0.21651434145967696,0.2284429840133656,0.2108368170360726,0.20807890533784457,0.2285922213153999,0.22048633281840724,0.22113122771968774,0.20836545836434395,0.24677589119119936
0.27555476510414745,0.2702144869755011,0.20376066527899694,1.0,0.26696650001188105,0.2554506135645923,0.25553093699329543,0.48668202307161845,0.27396675046351404,0.5276597175061226,0.26284405607820427,0.49990534280013166,0.26453717548353395,0.5490507492163823,0.551594990131059,0.2582082862031817,0.2592052652385204,0.2587134404310575,0.21964137937617345,0.2571792990564218,0.256229965048523,0.24757079668382398,0.2693355262206977,0.2528156799437765,0.25570974871805885,0.25038669359992216,0.26317493045060203,0.5201724379903512,0.3059590381221786,0.27772052441457695,0.5071649303739159,0.2675649578063699,0.0,0.25697358538167936,0.2517610835836577,0.42699869631278775,0.24471599907049058,0.26203735666784056,0.35727927284001704,0.25932416818182824,0.5252031809913641,0.2544255680748846,0.26104847370626616,0.524321887506183,0.5189073775048971,0.29343497858642986,0.25384458857378767,0.25567939020881725,0.4515710585168454,0.30827105464510374
0.31364533022873786,0.4036046154038083,0.20927227838219276,0.26696650001188105,1.0,0.41471220768225736,0.33809030674515017,0.2606758758888885,0.28950282173317177,0.2724463944019908,0.5346613287371491,0.2631294568041833,0.4776919034913878,0.2643334325751614,0.25797739271501885,0.3554858425790075,0.4088278567212862,0.43713573126984473,0.3777656678709044,0.339841686905603,0.44242296021259897,0.419595718285511,0.44610884499343384,0.4195642460318888,0.40392041480465457,0.40801732944250657,0.4549650613297045,0.2554947625793941,0.2904319875199176,0.30111395590350587,0.24241548200340235,0.46195901030025144,0.0,0.4481034976997601,0.3983959353415497,0.2500240757228883,0.33886873930897565,0.45607717346229015,0.2040048994655671,0.4652917021427637,0.2619653162957709,0.4148544775202755,0.47016147676360776,0.252716770865379,0.2558079837499596,0.2716801113260293,0.4226845148649241,0.42703337212781434,0.2520359485332264,0.28410027491233936
0.3028926203256427,0.5417235305085124,0.21044384246668768,0.2554506135645923,0.41471220768225736,1.0,0.3443831223797722,0.2673347075679948,0.2899142656871445,0.25906888563903496,0.4040477815362621,0.2551845388354682,0.39652658427538334,0.2508812209218072,0.2459566196330215,0.3471303537488575,0.448272158398783,0.4081526405811383,0.34074616847523864,0.3424665093892635,0.3804453246392042,0.3994909978946619,0.4057162744053868,0.5334694854459622,0.5383083733508599,0.44520859226595233,0.389420131850828,0.2564665671649473,0.29874657871154364,0.28671042875635533,0.23807349465704386,0.3883905341582392,0.0,0.410075886498093,0.5392629679514531,0.2603853680451317,0.3328753046044406,0.40001589725794784,0.20460094741745205,0.39687144322875334,0.24881805456989103,0.4517113200531896,0.4022716116014856,0.2553854133407377,0.25620566323786875,0.2684556233757539,0.45745318706533966,0.46005645001470397,0.25236761407505237,0.2917394756278112
0.2975018778264844,0.34340932722854756,0.21075993866202203,0.25553093699329543,0.33809030674515017,0.3443831223797722,1.0,0.2494168721506298,0.29402021008948687,0.25846754774354863,0.35819401955272534,0.24297444434419746,0.3489997254853504,0.2479510916259383,0.2390399584205296,0.7676673569950684,0.3340557666015126,0.381272828839768,0.3212275042099234,0.8703697047871127,0.38199433673481487,0.35596348164008385,0.38851510199498307,0.3456653119991422,0.3391986894434049,0.3400049840365046,0.3569511374324008,0.24591268171593994,0.2802912591296808,0.29546848729585495,0.23636048324262549,0.34434112175200626,0.0,0.3583273222917548,0.35236955261745284,0.26078130301233304,0.801240919977739,0.3399899104930526,0.1981500013974733,0.35404989507167606,0.23542856376487975,0.3444217477529896,0.3563409543266849,0.24807868441678982,0.24973746071485015,0.2648102883965201,0.3402770166579262,0.3411608590243834,0.24319907959693143,0.28465832365681454
0.2759388869298979,0.27013119633594085,0.2054454405859394,0.48668202307161845,0.2606758758888885,0.2673347075679948,0.2494168721506298,1.0,0.2652980969686459,0.49250100242309625,0.25871648097989175,0.4737625956945959,0.26222854198856593,0.4771227374702679,0.4714034163523332,0.2477778138833917,0.25189295489046293,0.2570968390195998,0.22060720010972634,0.25065834886281135,0.25090581162759595,0.24735048853096897,0.2646803445963989,0.258511178259761,0.24987664337104298,0.248262529142389,0.26131205645082145,0.6792152416750505,0.3101669338028137,0.2707427185157265,0.46635193828644694,0.25740859608143596,0.0,0.262558721948821,0.2534272080465073,0.4052870540501665,0.2360520193726714,0.2770487811729646,0.3362076801302265,0.2636931035339716,0.47230813635457847,0.25728907637783305,0.262395668924746,0.6853544440597514,0.6616356487041041,0.2838297790384149,0.24864380443048295,0.24887640992843008,0.4340630934657993,0.30038486940264475
0.3850474700487536,0.2995792035568505,0.24600239492204146,0.27396675046351404,0.28950282173317177,0.2899142656871445,0.29402021008948687,0.2652980969686459,1.0,0.28067359763037547,0.3072211716840154,0.25697683736494836,0.2994803975301188,0.27108242235457947,0.2670517953586362,0.2946365924862502,0.28829751560586836,0.2975327207751486,0.24716664495459306,0.2972196477285374,0.2871585050807105,0.278196756144676,0.29547117289899893,0.2962728866825688,0.2843245260305638,0.28130147407980555,0.2995425692271727,0.2631347750269848,0.3238526306924002,0.39379995114930355,0.25932577064416595,0.28477170557087983,0.0,0.2882662011401086,0.2936727604718372,0.2723800277404438,0.2815994221262833,0.29354899901360887,0.20331094089650026,0.3059883367604864,0.2612339221548047,0.29701382021358913,0.3039934049283709,0.2640893066586847,0.26033226676706345,0.31121327460214543,0.29234136305236214,0.293238472323997,0.25938775584314133,0.3343802270057158
0.2866442381924009,0.2774142286273402,0.2118696771127767,0.5276597175061226,0.2724463944019908,0.25906888563903496,0.25846754774354863,0.49250100242309625,0.28067359763037547,1.0,0.272490814111886,0.4759630828545133,0.2741619194516831,0.5114551843222506,0.4959630459086858,0.25873494002548947,0.25195540387687165,0.2645834776062963,0.22403986942465093,0.25901868247494564,0.25741588772167157,0.25008621117474483,0.2653750611485449,0.255099468913068,0.25454075569011025,0.2544664919724301,0.2699103302795035,0.5120573315918836,0.31336801800232694,0.2811407835372367,0.5194961884110595,0.2588838510312791,0.0,0.25989106131421036,0.25340400470920044,0.4326489169513653,0.2482649819893853,0.2691002464544331,0.3514891487536628,0.2688445720921122,0.522809460326535,0.25799936287577463,0.2656549317801725,0.5125481914618977,0.513113777024413,0.29313991666116135,0.25802120051753563,0.25800227929719877,0.46759882901813876,0.30594952608669734
0.3181738082615684,0.4174026788499072,0.2292741757182437,0.26284405607820427,0.5346613287371491,0.4040477815362621,0.35819401955272534,0.25871648097989175,0.3072211716840154,0.272490814111886,1.0,0.25603474201445364,0.5194667790852898,0.26344454763374947,0.2600900558917789,0.3596082800751349,0.4027425419624743,0.49165331869917195,0.40320615632104684,0.36079830208437735,0.4880019952739022,0.46719746818686136,0.4925902817080188,0.4217163145390691,0.39783067746768286,0.40875929447190484,0.5072083975239795,0.2610956967883383,0.29368126452332455,0.3137233694124114,0.24988222081566658,0.4665212776814621,0.0,0.4826292108615158,0.41717378577190856,0.2709665480895145,0.3438557653525831,0.48521362917688515,0.20542089117790518,0.5255107412547639,0.2519635399068223,0.4401587765747328,0.510329440075584,0.26051912362110974,0.2609482596202394,0.2839084691347732,0.4301667522904504,0.43102234458656064,0.2615416528052781,0.3011049195298433
0.2819655069336555,0.27723588665125776,0.20294502796733105,0.49990534280013166,0.2631294568041833,0.2551845388354682,0.24297444434419746,0.4737625956945959,0.25697683736494836,0.4759630828545133,0.25603474201445364,1.0,0.25672285804254935,0.4902628529293115,0.604890051531606,0.2412430447920939,0.2505327535883225,0.25386497103388606,0.2193115230648336,0.24377026060677864,0.24938156134999834,0.24197460075344024,0.2613243360202808,0.25136761441382693,0.2473116435342475,0.24690579335443685,0.2551997524633437,0.4787566986607308,0.30759786946822176,0.2675781232219656,0.45146217404315225,0.25615344431555687,0.0,0.2589857948998122,0.24773647377098973,0.40030593697870076,0.2307183363567915,0.2617370887800329,0.33409730023367323,0.2556326069216017,0.45883181131875206,0.24944424323248227,0.2596681816078662,0.4878120772428828,0.486740247031347,0.28608737301480036,0.25247443613601306,0.25398192527576413,0.42241669426559947,0.2942728418704773
0.3091901167912088,0.4087309539854892,0.2209072941897794,0.26453717548353395,0.4776919034913878,0.39652658427538334,0.3489997254853504,0.26222854198856593,0.2994803975301188,0.2741619194516831,0.5194667790852898,0.25672285804254935,1.0,0.2602772204657484,0.255394084505259,0.3560534757025696,0.39784245475311586,0.49664888922738903,0.5025150045689235,0.35185922406558556,0.5052284401557041,0.5558650587017704,0.5506271294828742,0.4165159311081975,0.38966287430985713,0.3903428900618059,0.5336732024293516,0.26169283276195743,0.287018906623426,0.3097098822773965,0.247144224778178,0.5199052666401356,0.0,0.5356192351720033,0.40703519920645836,0.2590026289206949,0.3417488105525678,0.5016003198658231,0.2024618884414111,0.5375289147896299,0.25412675808919716,0.421399837213423,0.526143565901142,0.25857156904930645,0.25813407709898817,0.27339402732570084,0.42073398481456825,0.4222865186912761,0.2568507750846153,0.29176872784372443
0.27319950543516425,0.26174524273595545,0.20647421964109214,0.5490507492163823,0.2643334325751614,0.2508812209218072,0.2479510916259383,0.4771227374702679,0.27108242235457947,0.5114551843222506,0.26344454763374947,0.4902628529293115,0.2602772204657484,1.0,0.5443180080085038,0.24934857005141475,0.2508198526347267,0.25724994430911263,0.22005346915861834,0.2501612225814378,0.2512580917770112,0.24642229977946706,0.26319473935660787,0.24473282061067736,0.24853759547637344,0.24810373721070067,0.25994231272891166,0.5149805889540975,0.3119745837025918,0.2723704145504543,0.4980279358597437,0.25715686033252627,0.0,0.2544847445572448,0.2467442388743457,0.42446011469720113,0.2368801855342082,0.26159423996260767,0.3498443103418065,0.25825727604914683,0.514185341229201,0.2494152344089523,0.25785090803830746,0.5148398868619491,0.5091057118321455,0.29654106653756573,0.2512265159187994,0.25212721518740466,0.4491425536892325,0.3088378115027194
0.2633655566936772,0.2585244285879392,0.1995772067988072,0.551594990131059,0.25797739271501885,0.2459566196330215,0.2390399584205296,0.4714034163523332,0.2670517953586362,0.4959630459086858,0.2600900558917789,0.604890051531606,0.255394084505259,0.5443180080085038,1.0,0.24030330367715524,0.2581988094829101,0.2501844016013737,0.2122436605058886,0.24178268826654326,0.2461457645202938,0.24038982755866078,0.2583908812192015,0.24175329147748148,0.23950944836895205,0.24286133406624955,0.25346718504533916,0.4932634177776294,0.2967299074411818,0.2689783950188387,0.4957321622038071,0.2503345222507689,0.0,0.2478027841608189,0.2415453273864563,0.4094135313091912,0.22801564390598816,0.25823418708084545,0.3417157666757564,0.25483398359829024,0.5062711062295987,0.24900708051379838,0.2524811949025394,0.49493475780596763,0.4891135376374097,0.28850827915048816,0.2544032378522403,0.25463899295782844,0.43891405796608474,0.3067464350181377
0.2973094078357924,0.3421092758019897,0.21150938481352088,0.2582082862031817,0.3554858425790075,0.3471303537488575,0.7676673569950684,0.2477778138833917,0.2946365924862502,0.25873494002548947,0.3596082800751349,0.2412430447920939,0.3560534757025696,0.24934857005141475,0.24030330367715524,1.0,0.3310149602296599,0.37037368175650365,0.32002806785860793,0.7742713422341553,0.3663428526992486,0.3699000261082177,0.3766607437682009,0.3491010447665337,0.3366253219742412,0.36100781776368107,0.35334075300033296,0.2461684475492042,0.27676254723244276,0.29982518832485916,0.23453481894125983,0.3418855743882153,0.0,0.3528640135497034,0.35018570719346753,0.25749811387102495,0.733757664705911,0.3392436236259715,0.19735919558093917,0.351860388894236,0.23947828165081408,0.34205148289898246,0.35386924965719724,0.24540830341850084,0.24558171714204213,0.26705231135374796,0.3385807649646231,0.340967302038618,0.24426330178034494,0.282825291613346
0.2961732165395933,0.4643140678246991,0.2079084354510592,0.2592052652385204,0.4088278567212862,0.448272158398783,0.3340557666015126,0.25189295489046293,0.28829751560586836,0.25195540387687165,0.4027425419624743,0.2505327535883225,0.39784245475311586,0.2508198526347267,0.2581988094829101,0.3310149602296599,1.0,0.3928173418949362,0.3357481822032119,0.3325131018978298,0.3819431282135437,0.37538972992382724,0.404106854725389,0.47897736640207444,0.47435647832800665,0.48377663765094936,0.3908227090537928,0.24820100396867129,0.2835347126382176,0.28415765762296363,0.23594703037590492,0.42283709518380663,0.0,0.4068200289635586,0.46738483069342485,0.2528384972675606,0.32813658280589,0.3856776316434335,0.19183720593691678,0.3978927399784049,0.24296365752475835,0.4385909907504355,0.4008961541641489,0.24712622994022648,0.2520056691405519,0.25837269071255875,0.46251639796029664,0.46326044128265076,0.24157929248790022,0.2856593130031537
0.30638106089890627,0.4150941458659724,0.221404312980237,0.2587134404310575,0.43713573126984473,0.4081526405811383,0.381272828839768,0.2570968390195998,0.2975327207751486,0.2645834776062963,0.49165331869917195,0.25386497103388606,0.49664888922738903,0.25724994430911263,0.2501844016013737,0.37037368175650365,0.3928173418949362,1.0,0.45777445975355024,0.38106435869048805,0.5109003109020888,0.49451000138249634,0.5273973235734926,0.41096823263824134,0.3946473600771807,0.391063489931208,0.4994518289008787,0.25578825385083515,0.29000700386655687,0.30155403225778543,0.24671581585543778,0.46384597488992185,0.0,0.48587039832603185,0.41773328372288376,0.2741673853836031,0.36249829985434723,0.4661712383729847,0.20293957313111555,0.49969447915985754,0.24663491433874196,0.4239802164867199,0.48944674065211213,0.25658546599036325,0.2571446976024302,0.27508051255565136,0.4222219171730416,0.4227138772967567,0.2512205363160054,0.29428986476569563
0.2617543216648084,0.34241646419194716,0.1853015828612239,0.21964137937617345,0.3777656678709044,0.34074616847523864,0.3212275042099234,0.22060720010972634,0.24716664495459306,0.22403986942465093,0.40320615632104684,0.2193115230648336,0.5025150045689235,0.22005346915861834,0.2122436605058886,0.32002806785860793,0.3357481822032119,0.45777445975355024,1.0,0.31860970531549715,0.4394461369923278,0.5000146725090197,0.44265681696618586,0.34838709508044086,0.3329365762294031,0.3285575090963956,0.42692590115654105,0.219054178402747,0.24062757305022742,0.2533379827459684,0.20807481015768237,0.45762753966595515,0.0,0.41402195884746407,0.35156853924885745,0.22909230832263838,0.3103464873170828,0.3994426355354622,0.17441632844192723,0.4276107193753207,0.2100998771626612,0.3535599842573892,0.41932572846954386,0.22038054311413313,0.2207408904264332,0.23407389539488965,0.3480564117610785,0.3512081738386267,0.21123439572664315,0.24734862935837998
0.2994393585930377,0.34617581758793403,0.21340427644205096,0.2571792990564218,0.339841686905603,0.3424665093892635,0.8703697047871127,0.25065834886281135,0.2972196477285374,0.25901868247494564,0.36079830208437735,0.24377026060677864,0.35185922406558556,0.2501612225814378,0.24178268826654326,0.7742713422341553,0.3325131018978298,0.38106435869048805,0.31860970531549715,1.0,0.38301863623683174,0.3545164783830054,0.38744602474933165,0.34491771374924285,0.3389632861998061,0.33858409597920724,0.3587477484063192,0.2474565867425751,0.28088702098706386,0.2992232243453614,0.23857123039966277,0.3446174947526255,0.0,0.35868649121259766,0.3523877476556855,0.26181934457815603,0.7957586699299684,0.34301296822437444,0.19703091208736967,0.35809478726296384,0.23750514310378457,0.3457573328100705,0.3588652630000011,0.24887010776933616,0.24955907872624972,0.26800970075995334,0.3428661541250334,0.3437627009433807,0.24586335069313991,0.28692242120748723
0.29600766005493007,0.3955363827199432,0.21748740204250372,0.256229965048523,0.44242296021259897,0.3804453246392042,0.38199433673481487,0.25090581162759595,0.2871585050807105,0.25741588772167157,0.4880019952739022,0.24938156134999834,0.5052284401557041,0.2512580917770112,0.2461457645202938,0.3663428526992486,0.3819431282135437,0.5109003109020888,0.4394461369923278,0.38301863623683174,1.0,0.4988391852937708,0.5366485029173926,0.3948184405043289,0.37802226242651116,0.3879674845299683,0.5083899556103281,0.2538609719123005,0.27766264405484686,0.2956134339057923,0.2397199838199242,0.47633830160159074,0.0,0.5083987896031583,0.39991203436673317,0.266480076882488,0.36215505713548457,0.47839181360382343,0.1983118551235863,0.5119356957218107,0.24240852203933239,0.39682198341257957,0.5012651024245576,0.2545208278073796,0.25529839892939055,0.2750216021891799,0.4114551234721925,0.411783953658309,0.2500798025750459,0.28727072295603273
0.28994736924993425,0.38289170112223125,0.2099867375657405,0.24757079668382398,0.419595718285511,0.3994909978946619,0.35596348164008385,0.24735048853096897,0.278196756144676,0.25008621117474483,0.46719746818686136,0.24197460075344024,0.5558650587017704,0.24642229977946706,0.24038982755866078,0.3699000261082177,0.37538972992382724,0.49451000138249634,0.5000146725090197,0.3545164783830054,0.4988391852937708,1.0,0.6787118001936607,0.38121119352799804,0.3703476518500005,0.39307124907823976,0.49359195079836526,0.24749281469111828,0.2712590227812147,0.2819240479113171,0.23457101030298944,0.48832339002698844,0.0,0.6000600467967908,0.3863961257189409,0.25174115284018317,0.3441005953450962,0.4648468441897494,0.19191584618703184,0.4977992017059518,0.23494998761310026,0.3925265018788855,0.49137385415326174,0.248629371114224,0.24765198961555457,0.2657969177822679,0.3920424932579426,0.3931777519973185,0.2425153150272853,0.2789668010538746
0.31374340198991424,0.4111266016594183,0.2241609310839595,0.2693355262206977,0.44610884499343384,0.4057162744053868,0.38851510199498307,0.2646803445963989,0.29547117289899893,0.2653750611485449,0.4925902817080188,0.2613243360202808,0.5506271294828742,0.26319473935660787,0.2583908812192015,0.3766607437682009,0.404106854725389,0.5273973235734926,0.44265681696618586,0.38744602474933165,0.5366485029173926,0.6787118001936607,1.0,0.40635626332336483,0.396215750610002,0.39410028597396485,0.5294080860721049,0.26329201641969324,0.2934417761072601,0.29864785912509373,0.2500812722442163,0.5002616294580384,0.0,0.645993189020228,0.41297970068100953,0.2740184590702264,0.36896620478294617,0.49450401195175275,0.20767001794529139,0.526179197067778,0.25212865228825454,0.4164786700790426,0.5193311165049534,0.2651684806989657,0.26476262604975254,0.27938209656333846,0.4143019729498143,0.4155415701356331,0.2582162096249886,0.2977807549856516
0.315291942223059,0.5526939157613387,0.21274541203361008,0.2528156799437765,0.4195642460318888,0.5334694854459622,0.3456653119991422,0.258511178259761,0.2962728866825688,0.255099468913068,0.4217163145390691,0.25136761441382693,0.4165159311081975,0.24473282061067736,0.24175329147748148,0.3491010447665337,0.47897736640207444,0.41096823263824134,0.34838709508044086,0.34491771374924285,0.3948184405043289,0.38121119352799804,0.40635626332336483,1.0,0.5622257348206878,0.4703816310213892,0.40570418500432937,0.24935628035280566,0.2860330431211643,0.29295818616881164,0.23271696618225157,0.4052306343669597,0.0,0.40464361615262523,0.5679849633450438,0.25350385313161417,0.3415625807640419,0.39176002400398735,0.19548226033426286,0.4064234534007508,0.24000904780578858,0.46194315371338146,0.41084047302348436,0.24774355539609083,0.25341579800573555,0.267693847658932,0.46206614514393185,0.46376772280072187,0.24250126768316171,0.28861151445185274
0.2985226070294129,0.563682624395772,0.2123187527221556,0.25570974871805885,0.40392041480465457,0.5383083733508599,0.3391986894434049,0.24987664337104298,0.2843245260305638,0.25454075569011025,0.39783067746768286,0.2473116435342475,0.38966287430985713,0.24853759547637344,0.23950944836895205,0.3366253219742412,0.47435647832800665,0.3946473600771807,0.3329365762294031,0.3389632861998061,0.37802226242651116,0.3703476518500005,0.396215750610002,0.5622257348206878,1.0,0.48967787351396785,0.39147499498475136,0.24529302852363433,0.2820884331512775,0.2839053161547317,0.23308329195941813,0.41315043180650723,0.0,0.3872525288003774,0.5626830185701723,0.24747018100924678,0.3332265742600361,0.3894170620241908,0.19546263913311956,0.3946130725832361,0.2384951017686998,0.4444285059862547,0.401695475626343,0.2558878134949174,0.2521338861350594,0.2647548329729037,0.45372548018625014,0.45432345935879936,0.25049773105610174,0.27922612828655546
0.2920184201699827,0.4763025200992025,0.2087636221562683,0.25038669359992216,0.40801732944250657,0.44520859226595233,0.3400049840365046,0.248262529142389,0.28130147407980555,0.2544664919724301,0.40875929447190484,0.24690579335443685,0.3903428900618059,0.24810373721070067,0.24286133406624955,0.36100781776368107,0.48377663765094936,0.391063489931208,0.3285575090963956,0.33858409597920724,0.3879674845299683,0.39307124907823976,0.39410028597396485,0.4703816310213892,0.48967787351396785,1.0,0.38944149809220385,0.24733578463744788,0.2778227792595406,0.2814722757981313,0.23588573281439262,0.3907225573500406,0.0,0.38090443393528484,0.46869079650957823,0.25030691446436915,0.34099932221379414,0.3851194467881335,0.19391962201325186,0.39630629251337324,0.24035197412253928,0.44572259873603304,0.3925895325162423,0.25546767147587723,0.25184408163609673,0.2600635124454931,0.4590476364548831,0.4594951121122185,0.2533542448308902,0.27909463188138006
0.30504744532890316,0.4092928189873759,0.22425704876936825,0.26317493045060203,0.4549650613297045,0.389420131850828,0.3569511374324008,0.26131205645082145,0.2995425692271727,0.2699103302795035,0.5072083975239795,0.2551997524633437,0.5336732024293516,0.25994231272891166,0.25346718504533916,0.35334075300033296,0.3908227090537928,0.4994518289008787,0.42692590115654105,0.3587477484063192,0.5083899556103281,0.49359195079836526,0.5294080860721049,0.40570418500432937,0.39147499498475136,0.38944149809220385,1.0,0.2604676665037644,0.29392612964243303,0.30457229444266676,0.25071903937113416,0.49616517377646396,0.0,0.5023215568469326,0.4098082206337855,0.26795150578883487,0.3413247185153724,0.5852989599753936,0.19610851786039485,0.5508323101062571,0.2521764396810987,0.41662956512060334,0.6203125112645866,0.2634260256261095,0.25876234194401637,0.28199563380000914,0.41441708257932064,0.4153773298650334,0.2586562405706465,0.2992109644909532
0.27377656889375446,0.2683709402111282,0.20763482360225682,0.5201724379903512,0.2554947625793941,0.2564665671649473,0.24591268171593994,0.6792152416750505,0.2631347750269848,0.5120573315918836,0.2610956967883383,0.4787566986607308,0.26169283276195743,0.5149805889540975,0.4932634177776294,0.2461684475492042,0.24820100396867129,0.25578825385083515,0.219054178402747,0.2474565867425751,0.2538609719123005,0.24749281469111828,0.26329201641969324,0.24935628035280566,0.24529302852363433,0.24733578463744788,0.2604676665037644,1.0,0.3095881501875968,0.26684263336616665,0.472834468023533,0.25893551748985977,0.0,0.25485670202534283,0.24810425584354545,0.41739936428496394,0.23389125650743725,0.2706761234306476,0.3416700700238985,0.2605174201240371,0.4921383597637403,0.2524590649081493,0.25770802849310526,0.8021147353641315,0.7737063138749741,0.28349906409691616,0.25228562450725,0.25278924024055527,0.4551728781976626,0.2987680547199414
0.3396116790681992,0.305592225750153,0.24902779437233824,0.3059590381221786,0.2904319875199176,0.29874657871154364,0.2802912591296808,0.3101669338028137,0.3238526306924002,0.31336801800232694,0.29368126452332455,0.30759786946822176,0.287018906623426,0.3119745837025918,0.2967299074411818,0.27676254723244276,0.2835347126382176,0.29000700386655687,0.24062757305022742,0.28088702098706386,0.27766264405484686,0.2712590227812147,0.2934417761072601,0.2860330431211643,0.2820884331512775,0.2778227792595406,0.29392612964243303,0.3095881501875968,1.0,0.32165458686504766,0.29283501323464745,0.2852296762958253,0.0,0.2881940301191198,0.28610800694442906,0.3062395013296755,0.2644501017381532,0.2967054467213185,0.2262030104581534,0.29282885256828695,0.29129665455798615,0.2816310576001402,0.2919711333552638,0.3068232011471095,0.3088951758407309,0.3910489654722118,0.2831724468600332,0.28409204321788273,0.2955184990718448,0.6121939260109581
0.38868997675921435,0.30488341226272675,0.2504841921450601,0.27772052441457695,0.30111395590350587,0.28671042875635533,0.29546848729585495,0.2707427185157265,0.39379995114930355,0.2811407835372367,0.3137233694124114,0.2675781232219656,0.3097098822773965,0.2723704145504543,0.2689783950188387,0.29982518832485916,0.28415765762296363,0.30155403225778543,0.2533379827459684,0.2992232243453614,0.2956134339057923,0.2819240479113171,0.29864785912509373,0.29295818616881164,0.2839053161547317,0.2814722757981313,0.30457229444266676,0.26684263336616665,0.32165458686504766,1.0,0.26245853809626096,0.28886654294495506,0.0,0.29187163912731995,0.2919309051941127,0.2699658089294892,0.2805513899872548,0.2976485021860632,0.23675516753367254,0.3177376104907229,0.2650468395690354,0.29452505127092177,0.3066106100142334,0.27022365522824976,0.2662345478267949,0.3213683863786373,0.2943575926182719,0.29568108676198246,0.26329874911745743,0.3347652776045348
0.2558873050232794,0.2529822455880403,0.19633840905856592,0.5071649303739159,0.24241548200340235,0.23807349465704386,0.23636048324262549,0.46635193828644694,0.25932577064416595,0.5194961884110595,0.24988222081566658,0.45146217404315225,0.247144224778178,0.4980279358597437,0.4957321622038071,0.23453481894125983,0.23594703037590492,0.24671581585543778,0.20807481015768237,0.23857123039966277,0.2397199838199242,0.23457101030298944,0.2500812722442163,0.23271696618225157,0.23308329195941813,0.23588573281439262,0.25071903937113416,0.472834468023533,0.29283501323464745,0.26245853809626096,1.0,0.2371206067026016,0.0,0.24211584903486738,0.23424974671258725,0.4089262160555278,0.22534092057260047,0.25033995380526086,0.3268271852037532,0.24780608842713314,0.6542985315585184,0.23999267104055788,0.2457827611991008,0.4852127810005503,0.4754445068905675,0.27623901964202313,0.239524425087437,0.23938012305156509,0.42902953079838024,0.2877473062464372
0.30142319547594676,0.40128128340202895,0.21530823248546604,0.2675649578063699,0.46195901030025144,0.3883905341582392,0.34434112175200626,0.25740859608143596,0.28477170557087983,0.2588838510312791,0.4665212776814621,0.25615344431555687,0.5199052666401356,0.25715686033252627,0.2503345222507689,0.3418855743882153,0.42283709518380663,0.46384597488992185,0.45762753966595515,0.3446174947526255,0.47633830160159074,0.48832339002698844,0.5002616294580384,0.4052306343669597,0.41315043180650723,0.3907225573500406,0.49616517377646396,0.25893551748985977,0.2852296762958253,0.28886654294495506,0.2371206067026016,1.0,0.0,0.48287267279568447,0.3943965103688052,0.25230158719351614,0.3380461167832559,0.4932847734288558,0.20236263444706093,0.5052547913765943,0.24338580693328293,0.4100130105234612,0.5086881512149383,0.25420595048729655,0.2587134391458312,0.2632940440357079,0.41537972250768485,0.4171007554823185,0.24372152270710845,0.2750412570146261
0.0,0.0,0.0,0.0,0.0,0.0,0.0,0.0,0.0,0.0,0.0,0.0,0.0,0.0,0.0,0.0,0.0,0.0,0.0,0.0,0.0,0.0,0.0,0.0,0.0,0.0,0.0,0.0,0.0,0.0,0.0,0.0,1.0,0.0,0.0,0.0,0.0,0.0,0.0,0.0,0.0,0.0,0.0,0.0,0.0,0.0,0.0,0.0,0.0,0.0
0.306980125705001,0.4026228469487829,0.2245198951034676,0.25697358538167936,0.4481034976997601,0.410075886498093,0.3583273222917548,0.262558721948821,0.2882662011401086,0.25989106131421036,0.4826292108615158,0.2589857948998122,0.5356192351720033,0.2544847445572448,0.2478027841608189,0.3528640135497034,0.4068200289635586,0.48587039832603185,0.41402195884746407,0.35868649121259766,0.5083987896031583,0.6000600467967908,0.645993189020228,0.40464361615262523,0.3872525288003774,0.38090443393528484,0.5023215568469326,0.25485670202534283,0.2881940301191198,0.29187163912731995,0.24211584903486738,0.48287267279568447,0.0,1.0,0.4066606082636467,0.27795154938035116,0.340992776020575,0.48492938915333283,0.21240394426197495,0.5106465081792648,0.24464729860340606,0.41498089001926686,0.5137246669969822,0.2555210810266584,0.2576503195385039,0.27206487505286636,0.41292429271243025,0.414599272937218,0.2473664468719856,0.2911364266894374
0.30129740953599815,0.558852581828431,0.21028835550083103,0.2517610835836577,0.3983959353415497,0.5392629679514531,0.35236955261745284,0.2534272080465073,0.2936727604718372,0.25340400470920044,0.41717378577190856,0.24773647377098973,0.40703519920645836,0.2467442388743457,0.2415453273864563,0.35018570719346753,0.46738483069342485,0.41773328372288376,0.35156853924885745,0.3523877476556855,0.39991203436673317,0.3863961257189409,0.41297970068100953,0.5679849633450438,0.5626830185701723,0.46869079650957823,0.4098082206337855,0.24810425584354545,0.28610800694442906,0.2919309051941127,0.23424974671258725,0.3943965103688052,0.0,0.4066606082636467,1.0,0.2565315088291845,0.3369614744400188,0.39265394394572906,0.19528311214116456,0.4142027313172043,0.2374088172429759,0.4630908078000786,0.41337945747216165,0.2463450730187401,0.24970862941053695,0.26939964935853056,0.46649347928696827,0.4671617219297005,0.24358176472752457,0.2865511334284495
0.27470709501478996,0.2596165900825662,0.20959737040704762,0.42699869631278775,0.2500240757228883,0.2603853680451317,0.26078130301233304,0.4052870540501665,0.2723800277404438,0.4326489169513653,0.2709665480895145,0.40030593697870076,0.2590026289206949,0.42446011469720113,0.4094135313091912,0.25749811387102495,0.2528384972675606,0.2741673853836031,0.22909230832263838,0.26181934457815603,0.266480076882488,0.25174115284018317,0.2740184590702264,0.25350385313161417,0.24747018100924678,0.25030691446436915,0.26795150578883487,0.41739936428496394,0.3062395013296755,0.2699658089294892,0.4089262160555278,0.25230158719351614,0.0,0.27795154938035116,0.2565315088291845,1.0,0.24979602234113785,0.25880286785517137,0.34120897140581175,0.26922786999869897,0.41088225949231794,0.2590053311373166,0.26334836794627403,0.4174451355040987,0.41776452931973995,0.28628555993642424,0.2524472627117086,0.25242798724768556,0.4074779253759927,0.30521180334205256
0.286220326658292,0.32522288816655753,0.19981637862273394,0.24471599907049058,0.33886873930897565,0.3328753046044406,0.801240919977739,0.2360520193726714,0.2815994221262833,0.2482649819893853,0.3438557653525831,0.2307183363567915,0.3417488105525678,0.2368801855342082,0.22801564390598816,0.733757664705911,0.32813658280589,0.36249829985434723,0.3103464873170828,0.7957586699299684,0.36215505713548457,0.3441005953450962,0.36896620478294617,0.3415625807640419,0.3332265742600361,0.34099932221379414,0.3413247185153724,0.23389125650743725,0.2644501017381532,0.2805513899872548,0.22534092057260047,0.3380461167832559,0.0,0.340992776020575,0.3369614744400188,0.24979602234113785,1.0,0.3269996344947117,0.1889601895726173,0.3349705693122299,0.22572250720446774,0.3343833103331324,0.34522514318717723,0.23473254845015823,0.2355528875819176,0.2514376752975698,0.3270361752064277,0.3274700798841065,0.23008172825812434,0.26962409121279307
0.3172061808980906,0.42107666879364125,0.22254787520039332,0.26203735666784056,0.45607717346229015,0.40001589725794784,0.3399899104930526,0.2770487811729646,0.29354899901360887,0.2691002464544331,0.48521362917688515,0.2617370887800329,0.5016003198658231,0.26159423996260767,0.25823418708084545,0.3392436236259715,0.3856776316434335,0.4661712383729847,0.3994426355354622,0.34301296822437444,0.47839181360382343,0.4648468441897494,0.49450401195175275,0.39176002400398735,0.3894170620241908,0.3851194467881335,0.5852989599753936,0.2706761234306476,0.2967054467213185,0.2976485021860632,0.25033995380526086,0.4932847734288558,0.0,0.48492938915333283,0.39265394394572906,0.25880286785517137,0.3269996344947117,1.0,0.2032126936497307,0.5243852929894667,0.25361712862874286,0.41596924367250054,0.6273402512036637,0.2732314882335405,0.26249346838861964,0.2778425826833547,0.4201164361003711,0.41968165845609884,0.26356880735502597,0.29476901838151537
0.23726717717814982,0.1954570495883562,0.15922189231201844,0.35727927284001704,0.2040048994655671,0.20460094741745205,0.1981500013974733,0.3362076801302265,0.20331094089650026,0.3514891487536628,0.20542089117790518,0.33409730023367323,0.2024618884414111,0.3498443103418065,0.3417157666757564,0.19735919558093917,0.19183720593691678,0.20293957313111555,0.17441632844192723,0.19703091208736967,0.1983118551235863,0.19191584618703184,0.20767001794529139,0.19548226033426286,0.19546263913311956,0.19391962201325186,0.19610851786039485,0.3416700700238985,0.2262030104581534,0.23675516753367254,0.3268271852037532,0.20236263444706093,0.0,0.21240394426197495,0.19528311214116456,0.34120897140581175,0.1889601895726173,0.2032126936497307,1.0,0.20064375321356664,0.3309505545299325,0.20379133105153935,0.2007196595715467,0.34047934956709713,0.34405927538054504,0.21225167558105695,0.1915038166811306,0.1924310625328569,0.3209870562368743,0.228097982372511
0.3145562684487382,0.4159608238571201,0.22855085928688967,0.25932416818182824,0.4652917021427637,0.39687144322875334,0.35404989507167606,0.2636931035339716,0.3059883367604864,0.2688445720921122,0.5255107412547639,0.2556326069216017,0.5375289147896299,0.25825727604914683,0.25483398359829024,0.351860388894236,0.3978927399784049,0.49969447915985754,0.4276107193753207,0.35809478726296384,0.5119356957218107,0.4977992017059518,0.526179197067778,0.4064234534007508,0.3946130725832361,0.39630629251337324,0.5508323101062571,0.2605174201240371,0.29282885256828695,0.3177376104907229,0.24780608842713314,0.5052547913765943,0.0,0.5106465081792648,0.4142027313172043,0.26922786999869897,0.3349705693122299,0.5243852929894667,0.20064375321356664,1.0,0.24965165323619365,0.4229492276938077,0.5549807357598557,0.26240183192419897,0.2623682542007739,0.28603712752014376,0.4411434592088256,0.4419591689219694,0.2588528929804995,0.30354347401892245
