../ecoli_genomes/GCF_000163235.1_ASM16323v1_genomic.fna.gz,../ecoli_genomes/GCF_000164555.1_ASM16455v1_genomic.fna.gz,../ecoli_genomes/GCF_000208545.1_ASM20854v2_genomic.fna.gz,../ecoli_genomes/GCF_000233875.1_ASM23387v1_genomic.fna.gz,../ecoli_genomes/GCF_000249735.1_ASM24973v2_genomic.fna.gz,../ecoli_genomes/GCF_000261145.1_Esch_coli_M919_V2_genomic.fna.gz,../ecoli_genomes/GCF_000267705.2_ASM26770v2_genomic.fna.gz,../ecoli_genomes/GCF_000350665.1_Esch_coli_KTE5_V1_genomic.fna.gz,../ecoli_genomes/GCF_000351625.1_Esch_coli_KTE66_V1_genomic.fna.gz,../ecoli_genomes/GCF_000352285.1_Esch_coli_KTE46_V1_genomic.fna.gz,../ecoli_genomes/GCF_000358895.1_ASM35889v1_genomic.fna.gz,../ecoli_genomes/GCF_000456385.1_Esch_coli_HVH_26_4-5703913_V1_genomic.fna.gz,../ecoli_genomes/GCF_000458195.1_Esch_coli_HVH_147_4-5893887_V1_genomic.fna.gz,../ecoli_genomes/GCF_000459755.1_Esch_coli_KOEGE_58_171a_V1_genomic.fna.gz,../ecoli_genomes/GCF_000460055.1_Esch_coli_UMEA_3053-1_V1_genomic.fna.gz,../ecoli_genomes/GCF_000462165.2_ASM46216v2_genomic.fna.gz,../ecoli_genomes/GCF_000601135.1_ASM60113v1_genomic.fna.gz,../ecoli_genomes/GCF_000614595.1_Ec2010EL1058_genomic.fna.gz,../ecoli_genomes/GCF_000617745.1_Ec2010C-4529_genomic.fna.gz,../ecoli_genomes/GCF_000618265.2_EcF6751_genomic.fna.gz,../ecoli_genomes/GCF_000619005.2_Ec2009C-4052_genomic.fna.gz,../ecoli_genomes/GCF_000619105.1_Ec2009C-4780_genomic.fna.gz,../ecoli_genomes/GCF_000619765.2_Ec2009C-3279_genomic.fna.gz,../ecoli_genomes/GCF_000687005.1_ASM68700v1_genomic.fna.gz,../ecoli_genomes/GCF_000687025.1_ASM68702v1_genomic.fna.gz,../ecoli_genomes/GCF_000700125.1_ASM70012v1_genomic.fna.gz,../ecoli_genomes/GCF_000753315.1_FHI35_genomic.fna.gz,../ecoli_genomes/GCF_000776375.1_ASM77637v1_genomic.fna.gz,../ecoli_genomes/GCF_000779395.1_ASM77939v1_genomic.fna.gz,../ecoli_genomes/GCF_000780315.1_ASM78031v1_genomic.fna.gz,../ecoli_genomes/GCF_000781995.1_ASM78199v1_genomic.fna.gz,../ecoli_genomes/GCF_000986765.1_ASM98676v1_genomic.fna.gz,../ecoli_genomes/GCF_001041375.1_ViralProj287958_genomic.fna.gz,../ecoli_genomes/GCF_001265335.1_302014_genomic.fna.gz,../ecoli_genomes/GCF_001265625.1_100854_genomic.fna.gz,../ecoli_genomes/GCF_001267345.1_303289_genomic.fna.gz,../ecoli_genomes/GCF_001309985.1_ASM130998v1_genomic.fna.gz,../ecoli_genomes/GCF_001521695.1_ASM152169v1_genomic.fna.gz,../ecoli_genomes/GCF_001592595.1_ASM159259v1_genomic.fna.gz,../ecoli_genomes/GCF_001614975.1_ASM161497v1_genomic.fna.gz,../ecoli_genomes/GCF_001692775.1_ASM169277v1_genomic.fna.gz,../ecoli_genomes/GCF_001748915.1_ASM174891v1_genomic.fna.gz,../ecoli_genomes/GCF_001749235.1_ASM174923v1_genomic.fna.gz,../ecoli_genomes/GCF_001881155.1_ASM188115v1_genomic.fna.gz,../ecoli_genomes/GCF_001881345.1_ASM188134v1_genomic.fna.gz,../ecoli_genomes/GCF_001892405.1_ASM189240v1_genomic.fna.gz,../ecoli_genomes/GCF_001892585.1_ASM189258v1_genomic.fna.gz,../ecoli_genomes/GCF_001893985.1_ASM189398v1_genomic.fna.gz,../ecoli_genomes/GCF_002001595.1_ASM200159v1_genomic.fna.gz,../ecoli_genomes/GCF_002002145.1_ASM200214v1_genomic.fna.gz
1.0,0.384664824637027,0.3225138897291284,0.3393952678046349,0.34684433092840905,0.38039200338897494,0.3604267237089498,0.3491698339198851,0.43866027119927087,0.3621058673474612,0.37643099128318647,0.3501830001488474,0.368940660655642,0.3355925862634648,0.32683103115125367,0.3723318102567501,0.3492259664848366,0.3714550673679782,0.3264312749837831,0.3635693339646291,0.36179906922733507,0.3490084290453215,0.3767297817693914,0.3507852765705829,0.35439956456508315,0.32615632785498583,0.3626539125998336,0.3376440412322942,0.4045021015928798,0.44153311779579196,0.32063876554326554,0.36412858679480586,0.0,0.36859026948837614,0.36947258026411856,0.33735216686940106,0.3470785456913159,0.3719717551880969,0.2987928913425709,0.3743147199340078,0.32306420361528865,0.36844712953328984,0.37871440646125476,0.3469040655778942,0.3603868967267788,0.37145176416022585,0.3596140132066403,0.36341796386980707,0.33177873345464415,0.4059375109717882
0.384664824637027,1.0,0.2988813641872523,0.33288980680015323,0.419006769039198,0.5821853638034146,0.39217434170533705,0.3367224767982775,0.3590391828222754,0.3460879296338606,0.4681276858558764,0.3442935236861183,0.45076923541542335,0.32618417373098196,0.321576792368517,0.4032436956946652,0.45035556214667916,0.45998594887303634,0.39095609784116403,0.3995756878838418,0.4430759008142401,0.42328649119605866,0.4599341790822441,0.48995167921872573,0.5209602594316247,0.4060406302481556,0.4482738140159678,0.33321080346021614,0.36576353331050493,0.3642337440683022,0.3145937392336102,0.43738518452876873,0.0,0.4375348430035473,0.5766331082306069,0.32592481007712915,0.37720207541408246,0.4551011055840185,0.27904571872024597,0.45635338354166044,0.3183486068231577,0.5090424694430555,0.4627700375618511,0.34535886432910345,0.34703174621769506,0.3392070775946744,0.5124376461068321,0.5131629222873482,0.3390400946232526,0.36193968253596664
0.3225138897291284,0.2988813641872523,1.0,0.2676459954229511,0.2665900591574857,0.288293293779733,0.27652131400978164,0.2712499347442695,0.3130186240085032,0.2761274745984631,0.30359251890481664,0.26187092787052335,0.28999680964247654,0.26972527214278197,0.2632373682152862,0.28397140019058964,0.24997770745044146,0.2893525282569549,0.25130891043580394,0.2824248151068047,0.28519310616274485,0.2721917266849919,0.2924409872897139,0.24779726536334346,0.25852111078921536,0.22552501071036368,0.2884228766194814,0.26775379989159687,0.31349693523314315,0.3161541880200176,0.25903812907905266,0.2766885289422657,0.0,0.2837667973273663,0.28071924939920956,0.2751378342020828,0.2648536471238633,0.2837802734357684,0.2361369007654096,0.2955576856103356,0.2651509108508361,0.29096945253878626,0.3018078230903174,0.2742329853527987,0.26999320134086224,0.29449753624469766,0.2930491377683595,0.292839888994036,0.2788952802681798,0.3170124636140045
0.3393952678046349,0.33288980680015323,0.2676459954229511,1.0,0.33132650882426407,0.33315203649120073,0.3162197548816952,0.5382496703790633,0.3447166594764417,0.5561937046457217,0.33184157610345033,0.5340082231116422,0.33083936102650113,0.5870431014839174,0.600945059766489,0.32187780092315443,0.29840931245123103,0.3210776323691408,0.2817965533867689,0.31927532406824255,0.3148916273767539,0.3041729900903323,0.33708642045907633,0.29118916971848374,0.30945791046415627,0.2750159531972345,0.31369776104595715,0.5595015843886668,0.35861579078962913,0.3314529744881297,0.5331037313543672,0.3322139584478856,0.0,0.31206448833819167,0.3182214084698335,0.46027258394291803,0.31137308482679926,0.3116393712749288,0.4298586981107635,0.3141144858696101,0.5570818895205154,0.32051257687869583,0.3241559537337825,0.5629000384459101,0.5547499783098899,0.3447495336123927,0.31395897693676145,0.31683123961203064,0.49545023487927786,0.36690223958505674
0.34684433092840905,0.419006769039198,0.2665900591574857,0.33132650882426407,1.0,0.45210553260023745,0.3584905593334795,0.3202803019175605,0.3442956154651937,0.3407570150708925,0.520672175145378,0.31335324807071707,0.49303034316911776,0.3155921100728335,0.3397258232937116,0.3760269739428782,0.42435614184996506,0.44374349099022403,0.3870012512537928,0.3625776848671234,0.4483763666237922,0.41967707234254503,0.4510424958866711,0.40466784477640283,0.42118696755385865,0.39401630571126767,0.4424419449844743,0.2977139213109843,0.34294407444536856,0.33780009021899593,0.3062793113504787,0.47212555848788906,0.0,0.4450250634132755,0.4250394132638634,0.2987024596130685,0.35572605905342103,0.455048336682762,0.32440992593555595,0.4627782874826082,0.3262114308202133,0.42970858939948,0.46884199837073604,0.31328067547243643,0.318217099979348,0.3060969823496831,0.4336829529501228,0.4361314946707493,0.3033205682990121,0.33214307381443287
0.38039200338897494,0.5821853638034146,0.288293293779733,0.33315203649120073,0.45210553260023745,1.0,0.40784600044368247,0.34001147260312425,0.358310294972061,0.3372893622006624,0.46587970083911967,0.33155017281252863,0.45699879153383416,0.32512950083209546,0.3245253232239027,0.41875063836447035,0.4667371673406182,0.4708885689426666,0.40172275550218406,0.41054850384243424,0.4461674811038566,0.4298778986407198,0.4743021453515598,0.5057030685148756,0.5362882509991785,0.4224411075961916,0.43712640325125496,0.3216623655833033,0.37585140685070406,0.3559252319662344,0.3092722513811961,0.4487450748496675,0.0,0.46069796521020967,0.5857534015051652,0.3313461912165282,0.39448389151149477,0.45015884828661035,0.29658803841103776,0.4615022727360917,0.31780757685652417,0.5159000553472717,0.4626312515320361,0.3329744548384759,0.33581650263145035,0.33978513528509857,0.5143318665552684,0.5192583274658563,0.32750652775683564,0.37316908873145305
0.3604267237089498,0.39217434170533705,0.27652131400978164,0.3162197548816952,0.3584905593334795,0.40784600044368247,1.0,0.3157872037488454,0.35162110912489275,0.31524811162686994,0.4084723665547978,0.3041749083292645,0.39270551712574386,0.30797927621308163,0.3056921779697942,0.7588278502641381,0.34766024752970126,0.43870367772678276,0.3741986451450505,0.854552188647192,0.43887803061351616,0.403388641416921,0.4447383503763198,0.35069765273257913,0.3577899491150218,0.31627736074225843,0.39751095144449666,0.30486102359425193,0.3414667466086726,0.35213672869230084,0.2931187936557701,0.38669460825825896,0.0,0.4008683932692557,0.4050589270610746,0.33309864826135993,0.7910799982323227,0.3833054774024529,0.28111751616249425,0.3987923668062815,0.2925663685269503,0.3919324169725573,0.4110488659874678,0.31355499254286223,0.31499123252325256,0.3248097522198071,0.3844024960615361,0.38596417036129815,0.3060551832806161,0.35141525486185377
0.3491698339198851,0.3367224767982775,0.2712499347442695,0.5382496703790633,0.3202803019175605,0.34001147260312425,0.3157872037488454,1.0,0.33511628261551474,0.5398576865734488,0.3349293636571389,0.515294718779582,0.33458778698269487,0.5279520915928309,0.5129507834532636,0.3215393804896419,0.30706662510313165,0.3256538996920384,0.2921916635212436,0.31944371184409537,0.3203715208344132,0.31515375382654487,0.33789622280804954,0.3069982487504408,0.3123344322222711,0.2889663934910456,0.3239947879338748,0.7058865252554755,0.36502446294380075,0.3333305036900157,0.5031724164682688,0.3290140733958097,0.0,0.32583735546479686,0.32129929606674,0.45451512566283514,0.30559404232476084,0.3380969525260962,0.4236651669832875,0.3257414744813544,0.512800411906858,0.3245057410914868,0.3338186407314401,0.7166483299857328,0.6872865952994534,0.344241141898988,0.3181579043027093,0.32083613612617856,0.49279949123581923,0.3635451574242028
0.43866027119927087,0.3590391828222754,0.3130186240085032,0.3447166594764417,0.3442956154651937,0.358310294972061,0.35162110912489275,0.33511628261551474,1.0,0.3505826352151148,0.37303022578532485,0.31900536837346405,0.3672733866558602,0.3393368856084318,0.3382814635528457,0.35722252851290015,0.3097061317065253,0.3598823495139538,0.3080980957832967,0.3586421851253867,0.34940044514918167,0.3407392155489648,0.3680024037972317,0.3136896200239381,0.31711306110060766,0.28318445335736775,0.3561299971652204,0.32514265386405716,0.3912137183824891,0.46110018225649785,0.3224869939296682,0.3465621845555331,0.0,0.35007126730501736,0.34939179926388886,0.3391976949870116,0.3426160660859874,0.34391594574117945,0.29415365108531344,0.36458960645356764,0.3279475776363058,0.3537681913296282,0.3706996867434218,0.3300430868170068,0.326591241850137,0.3628268047605241,0.35025509398804267,0.35133026369509024,0.32576512159625837,0.40225654521692544
0.3621058673474612,0.3460879296338606,0.2761274745984631,0.5561937046457217,0.3407570150708925,0.3372893622006624,0.31524811162686994,0.5398576865734488,0.3505826352151148,1.0,0.3486707651265807,0.5064654561287025,0.34774740011679495,0.5434016273521161,0.5406470144417865,0.3250002249258719,0.2948628837036422,0.3306553159538099,0.285888865103735,0.32044749250316085,0.31910299411101484,0.31056094803480405,0.33051861427865237,0.2880920405513402,0.30832429533786476,0.27027524623291266,0.32452679300930487,0.5381661679820924,0.3677175034687007,0.3447397433495083,0.5522613958328801,0.32443279674139724,0.0,0.31997486399949393,0.3232891318477167,0.4703115071697047,0.30902529994047845,0.3231825649559509,0.4413074053263395,0.33263963730381796,0.5578763124386728,0.3298150787911206,0.33012995532737677,0.545145875792539,0.549480987577277,0.34526460426301764,0.3257891924020283,0.3265183149994316,0.5151169445867938,0.36460018536913696
0.37643099128318647,0.4681276858558764,0.30359251890481664,0.33184157610345033,0.520672175145378,0.46587970083911967,0.4084723665547978,0.3349293636571389,0.37303022578532485,0.3486707651265807,1.0,0.3241316609871614,0.5713670772313006,0.33414308204217436,0.3300047190250629,0.4187005811838276,0.40101039106258207,0.5292287052196629,0.4755925497827673,0.41609813386812233,0.527030045008843,0.5318092485490121,0.5364254880315438,0.4097865736552253,0.4144524533162286,0.37004428993999083,0.5401029336395211,0.3298666221552419,0.3621635710378348,0.3813410238793242,0.3203201965108816,0.4999157987633077,0.0,0.5206980574288926,0.46653503030025467,0.34307634685823274,0.39303043318066,0.5284130248414066,0.29131784996081755,0.5639400728630787,0.32040114119754637,0.48747228366404227,0.556364018154129,0.33427024433850994,0.3342562473846108,0.33847905783513343,0.4795247877782338,0.47999606055409205,0.3348238062727562,0.36976298207702685
0.3501830001488474,0.3442935236861183,0.26187092787052335,0.5340082231116422,0.31335324807071707,0.33155017281252863,0.3041749083292645,0.515294718779582,0.31900536837346405,0.5064654561287025,0.3241316609871614,1.0,0.31938851499821175,0.5208684477873868,0.602310587688643,0.3149195783370602,0.29920340331249584,0.30994834945804406,0.2803232688834316,0.306886328409129,0.309000881135144,0.302767426827353,0.32158397554193896,0.30202229221260257,0.30442145645648255,0.2797555806403207,0.3068707604056531,0.5107334468525769,0.37536840604296673,0.32721591790743376,0.47108296925610105,0.31585707777807326,0.0,0.31582990576741343,0.3171290854848995,0.43404273504537727,0.2942328177773853,0.32121560264947147,0.40652504715663684,0.3188327691876117,0.4893829059275874,0.313896067887968,0.32179250565911954,0.5165498963572412,0.5188476483902229,0.34124145047758503,0.31510892815384617,0.3173130745781836,0.4645526448973303,0.3537829391268029
0.368940660655642,0.45076923541542335,0.28999680964247654,0.33083936102650113,0.49303034316911776,0.45699879153383416,0.39270551712574386,0.33458778698269487,0.3672733866558602,0.34774740011679495,0.5713670772313006,0.31938851499821175,1.0,0.3231407239868015,0.33615526462808465,0.4078416478560024,0.39045469850520886,0.5230519637867161,0.5294442844473578,0.4007261034815054,0.5345116056677925,0.5913536962435738,0.5777089215115057,0.389665274746268,0.39375880735515245,0.3552649319599571,0.5845254497905288,0.3228817083661131,0.35427588579909175,0.3742260581891137,0.3150119997329023,0.5377913863513311,0.0,0.5837975324924469,0.4523931455437007,0.32289039574006617,0.38662201867586865,0.5607440707133364,0.2889488846560365,0.5929082689254597,0.32344572460334853,0.4644610041075635,0.5620280670932254,0.32642253564940527,0.324882329147288,0.3225539557395022,0.4608933530778645,0.46257213876619474,0.32372458526844083,0.35548592223779363
0.3355925862634648,0.32618417373098196,0.26972527214278197,0.5870431014839174,0.3155921100728335,0.32512950083209546,0.30797927621308163,0.5279520915928309,0.3393368856084318,0.5434016273521161,0.33414308204217436,0.5208684477873868,0.3231407239868015,1.0,0.5846053790599194,0.31401434332137146,0.27877404701412345,0.31809895825222856,0.2808700470707125,0.3131988536001604,0.3089052779463818,0.30491587262905473,0.3285589440367054,0.27107074039502566,0.28643587535896387,0.2525300749544169,0.3159846414851353,0.556453312450239,0.3636891895660337,0.3285548058230716,0.5343563511957763,0.3134442575630507,0.0,0.3099777911014735,0.31090752928055543,0.4594470820391229,0.29939196085566366,0.315222603159255,0.425231136201513,0.31535978168676426,0.5490361157148521,0.3163801878961553,0.32374494551508504,0.5530587615975304,0.5448573736076998,0.34873158865826026,0.31384368847713207,0.3152188025102103,0.49616667629187294,0.36735726114719613
0.32683103115125367,0.321576792368517,0.2632373682152862,0.600945059766489,0.3397258232937116,0.3245253232239027,0.3056921779697942,0.5129507834532636,0.3382814635528457,0.5406470144417865,0.3300047190250629,0.602310587688643,0.33615526462808465,0.5846053790599194,1.0,0.31395157141199104,0.2963014812486642,0.31459671337951534,0.27398672123221735,0.3103779843745431,0.30934491310011825,0.30263081325782903,0.3288515971411222,0.2808144692421286,0.29890616805931447,0.2691549679525205,0.3125068588776574,0.5290286068248864,0.357687172030532,0.32685130845721044,0.5291538046958564,0.32258710225237286,0.0,0.3085967369982233,0.3127472421370574,0.45341336634629603,0.2998405232646423,0.31443502883291774,0.42897467553391255,0.31673804028480634,0.5477893996736056,0.31520764188321937,0.3235139302092275,0.5293496951173186,0.5231252624657885,0.343024226799187,0.31935621644995404,0.3214971020036502,0.4836541754906938,0.36833729136698046
0.3723318102567501,0.4032436956946652,0.28397140019058964,0.32187780092315443,0.3760269739428782,0.41875063836447035,0.7588278502641381,0.3215393804896419,0.35722252851290015,0.3250002249258719,0.4187005811838276,0.3149195783370602,0.4078416478560024,0.31401434332137146,0.31395157141199104,1.0,0.3623849370477913,0.4329956651791994,0.38559030571754616,0.7774007526741932,0.42771927402689713,0.4108728306969268,0.43891393125791656,0.36040534902169685,0.3730363595381192,0.33122421825251946,0.3994306012350002,0.31377920134253934,0.347968190603279,0.3669696057861961,0.29858537848568456,0.3980950123653205,0.0,0.4058460005083422,0.4074720677346768,0.3323799785348497,0.7469139282073616,0.3954061303847568,0.28338801377142486,0.4037040350610752,0.303071702039061,0.3996800423669242,0.41853561755136237,0.31876724650835675,0.32187446644283335,0.33193808358962507,0.3960322833479867,0.39819550442976415,0.3166707132762354,0.3560702382743507
0.3492259664848366,0.45035556214667916,0.24997770745044146,0.29840931245123103,0.42435614184996506,0.4667371673406182,0.34766024752970126,0.30706662510313165,0.3097061317065253,0.2948628837036422,0.40101039106258207,0.29920340331249584,0.39045469850520886,0.27877404701412345,0.2963014812486642,0.3623849370477913,1.0,0.38659887177373786,0.3356828312130754,0.3494629528922828,0.38439145456998625,0.3723509504523266,0.40447085339473743,0.568942627080514,0.5499018377596324,0.5903651780150003,0.3765487483121783,0.28106828014634866,0.3191572563048396,0.3138424502635814,0.26856778193237774,0.4654376652372142,0.0,0.4006052799192519,0.46743881702950474,0.28726951301906034,0.34346980625397194,0.3837539757147672,0.2601590647840465,0.39445737656228264,0.27430398560168523,0.42794314428250013,0.39777274591173384,0.3079239153657629,0.31539806178041796,0.2947862790979878,0.4398243964751153,0.4468847631932594,0.27579974190809897,0.31632693473516316
0.3714550673679782,0.45998594887303634,0.2893525282569549,0.3210776323691408,0.44374349099022403,0.4708885689426666,0.43870367772678276,0.3256538996920384,0.3598823495139538,0.3306553159538099,0.5292287052196629,0.30994834945804406,0.5230519637867161,0.31809895825222856,0.31459671337951534,0.4329956651791994,0.38659887177373786,1.0,0.4963386254180522,0.4421541388692849,0.5581323967496967,0.533053103181057,0.5690425247472422,0.3913368238589028,0.397279897324351,0.35178897375272544,0.5255953264335523,0.3202161127125398,0.35550683051608134,0.3633805242689975,0.3071253641028161,0.4846951476702164,0.0,0.5140614544967135,0.46376312255096763,0.3396304035184703,0.4230968129055721,0.48883036066517493,0.2844620545928792,0.530560195806062,0.3060350634603536,0.47162106196627274,0.5346553262116398,0.32199580444868026,0.3208634417057671,0.32623702589778025,0.46569431680703277,0.4659581124870874,0.31682838775575206,0.36080758034319393
0.3264312749837831,0.39095609784116403,0.25130891043580394,0.2817965533867689,0.3870012512537928,0.40172275550218406,0.3741986451450505,0.2921916635212436,0.3080980957832967,0.285888865103735,0.4755925497827673,0.2803232688834316,0.5294442844473578,0.2808700470707125,0.27398672123221735,0.38559030571754616,0.3356828312130754,0.4963386254180522,1.0,0.3753027218292193,0.4829520577667825,0.5631036444167011,0.48811903392936395,0.3425572374568099,0.356650653737111,0.3039543713557754,0.5172204938297835,0.28314150418412354,0.311460257329781,0.31513055087138986,0.2697043126794808,0.4794381145572051,0.0,0.5116785354514988,0.4005494751599298,0.2941547290532921,0.3684878262130723,0.5048152522541678,0.254706397787705,0.5058808628801954,0.26961345342749177,0.3966603740762621,0.4688314256948305,0.28822279482048585,0.2870661084288567,0.2879425911261546,0.39397137622476464,0.3962318201427877,0.27584687528473883,0.3115637045912659
0.3635693339646291,0.3995756878838418,0.2824248151068047,0.31927532406824255,0.3625776848671234,0.41054850384243424,0.854552188647192,0.31944371184409537,0.3586421851253867,0.32044749250316085,0.41609813386812233,0.306886328409129,0.4007261034815054,0.3131988536001604,0.3103779843745431,0.7774007526741932,0.3494629528922828,0.4421541388692849,0.3753027218292193,1.0,0.4422694290374428,0.40517322613071294,0.4479003675161064,0.34773498127653446,0.3590413462823917,0.3187382203238861,0.4046641491747024,0.3113189692025534,0.346138980661294,0.3595553306419723,0.29726870040154985,0.39259032378053726,0.0,0.40245238827356145,0.40579982505518897,0.3340062170494945,0.7986241723448438,0.38987842537538453,0.2787889882810968,0.40739899762028253,0.29759337824359466,0.3988054372277491,0.419021024216229,0.3171012466120765,0.3165845177825761,0.33201310928176664,0.39254525325027256,0.39344166124627267,0.31225924925953197,0.3582676742876397
0.36179906922733507,0.4430759008142401,0.28519310616274485,0.3148916273767539,0.4483763666237922,0.4461674811038566,0.43887803061351616,0.3203715208344132,0.34940044514918167,0.31910299411101484,0.527030045008843,0.309000881135144,0.5345116056677925,0.3089052779463818,0.30934491310011825,0.42771927402689713,0.38439145456998625,0.5581323967496967,0.4829520577667825,0.4422694290374428,1.0,0.5339651656948144,0.5807238591093069,0.38286840667077293,0.3924598422902025,0.3525246367426246,0.5361313827285908,0.31407734211333227,0.343425101655903,0.36239867107980706,0.2979380065031174,0.5019585833703197,0.0,0.5322230988898411,0.45132684185307204,0.3321879236817048,0.4183988821326182,0.5064873481019547,0.2793198766544469,0.5399624559689988,0.30348169533128067,0.44714810039039055,0.5426584089072619,0.31981076287561694,0.320898471264345,0.3282013143068807,0.45636699422477445,0.45694559094645737,0.31378025531998377,0.35147779325416206
0.3490084290453215,0.42328649119605866,0.2721917266849919,0.3041729900903323,0.41967707234254503,0.4298778986407198,0.403388641416921,0.31515375382654487,0.3407392155489648,0.31056094803480405,0.5318092485490121,0.302767426827353,0.5913536962435738,0.30491587262905473,0.30263081325782903,0.4108728306969268,0.3723509504523266,0.533053103181057,0.5631036444167011,0.40517322613071294,0.5339651656948144,1.0,0.6824807552105576,0.37814032620277105,0.3895660244630117,0.3348000246679188,0.5539643608073417,0.30580352128095123,0.33261575152999934,0.34391810005118373,0.2907281228484415,0.5136654210942501,0.0,0.6576208085279531,0.4321355719552963,0.31853046480062375,0.3886301848988776,0.5372201835819057,0.2750763638979461,0.5525885365390666,0.2904057308351051,0.43117647601366604,0.5345368256639704,0.3110057308927119,0.30829504477739356,0.3118776861313165,0.43183829972445287,0.4332331136080333,0.30266786904354626,0.34087358657029043
0.3767297817693914,0.4599341790822441,0.2924409872897139,0.33708642045907633,0.4510424958866711,0.4743021453515598,0.4447383503763198,0.33789622280804954,0.3680024037972317,0.33051861427865237,0.5364254880315438,0.32158397554193896,0.5777089215115057,0.3285589440367054,0.3288515971411222,0.43891393125791656,0.40447085339473743,0.5690425247472422,0.48811903392936395,0.4479003675161064,0.5807238591093069,0.6824807552105576,1.0,0.39350538832479254,0.41067972778769524,0.3570156987402855,0.556628028382333,0.3316655768926857,0.36111072029137026,0.3676513843684146,0.3145208653917726,0.5217155754916143,0.0,0.6464578345974906,0.4590502826568398,0.3440769248491764,0.4267883888703905,0.5217932409235706,0.29579756308611493,0.5514694106085388,0.3149233666443434,0.4608193471669646,0.5635173052465157,0.3348955653331963,0.33459899139460314,0.33564219021998387,0.4606551319204246,0.4620458071379506,0.32558602994506525,0.3683225187606751
0.3507852765705829,0.48995167921872573,0.24779726536334346,0.29118916971848374,0.40466784477640283,0.5057030685148756,0.35069765273257913,0.3069982487504408,0.3136896200239381,0.2880920405513402,0.4097865736552253,0.30202229221260257,0.389665274746268,0.27107074039502566,0.2808144692421286,0.36040534902169685,0.568942627080514,0.3913368238589028,0.3425572374568099,0.34773498127653446,0.38286840667077293,0.37814032620277105,0.39350538832479254,1.0,0.6050429798836845,0.5738012797499571,0.3782876970378305,0.27162066611132907,0.3169512842266109,0.31072452561930564,0.26349253295973907,0.4452113485583985,0.0,0.3903501703060631,0.5231986685784742,0.2865952334669124,0.3382846418677775,0.3882417856195648,0.2522232518170494,0.3898853897862975,0.27017962452081734,0.4389698845579092,0.3910279779543522,0.30041808750504095,0.30448589108499746,0.29433844048891133,0.42862179817117685,0.4354847586257299,0.27231758876394285,0.3124768101973405
0.35439956456508315,0.5209602594316247,0.25852111078921536,0.30945791046415627,0.42118696755385865,0.5362882509991785,0.3577899491150218,0.3123344322222711,0.31711306110060766,0.30832429533786476,0.4144524533162286,0.30442145645648255,0.39375880735515245,0.28643587535896387,0.29890616805931447,0.3730363595381192,0.5499018377596324,0.397279897324351,0.356650653737111,0.3590413462823917,0.3924598422902025,0.3895660244630117,0.41067972778769524,0.6050429798836845,1.0,0.5642078446947849,0.3822215974538168,0.2814266331478489,0.31821592242023533,0.31595918915295795,0.28037974274004074,0.47510318069592483,0.0,0.39658646237737094,0.5437287827606545,0.2935026965968953,0.3559143070884324,0.40372845107962585,0.26794671976616413,0.39970294523181493,0.2844391065376378,0.4519275163667361,0.40748222317340754,0.3211061229907213,0.32034365029018597,0.30885560710581583,0.4493479997121783,0.45603433607638477,0.2971303477196484,0.323073072788462
0.32615632785498583,0.4060406302481556,0.22552501071036368,0.2750159531972345,0.39401630571126767,0.4224411075961916,0.31627736074225843,0.2889663934910456,0.28318445335736775,0.27027524623291266,0.37004428993999083,0.2797555806403207,0.3552649319599571,0.2525300749544169,0.2691549679525205,0.33122421825251946,0.5903651780150003,0.35178897375272544,0.3039543713557754,0.3187382203238861,0.3525246367426246,0.3348000246679188,0.3570156987402855,0.5738012797499571,0.5642078446947849,1.0,0.3412819019258032,0.2512262053444432,0.28496856113963687,0.29003525094978166,0.24994570104280656,0.4198296916874712,0.0,0.35507729563803603,0.4321416357440011,0.2591311688703746,0.31287591098724554,0.3554381498639547,0.23837777262905702,0.3626272242630032,0.25335237673244637,0.3964313713654426,0.35564783716155723,0.2987023739168745,0.29267772264232483,0.2718690396216722,0.3986546031276921,0.4083907550675697,0.26048628082989567,0.2897543173286983
0.3626539125998336,0.4482738140159678,0.2884228766194814,0.31369776104595715,0.4424419449844743,0.43712640325125496,0.39751095144449666,0.3239947879338748,0.3561299971652204,0.32452679300930487,0.5401029336395211,0.3068707604056531,0.5845254497905288,0.3159846414851353,0.3125068588776574,0.3994306012350002,0.3765487483121783,0.5255953264335523,0.5172204938297835,0.4046641491747024,0.5361313827285908,0.5539643608073417,0.556628028382333,0.3782876970378305,0.3822215974538168,0.3412819019258032,1.0,0.3152922726452996,0.35082775019166124,0.3622569870002845,0.3052237457984347,0.5250152550724259,0.0,0.5437224470780497,0.4406384627825264,0.32094291590193635,0.3815266966946387,0.6120852336215896,0.2709954874966143,0.5838914804780726,0.30732400437223917,0.4541781267287959,0.6307978701258241,0.3249403416383084,0.31648383219788456,0.32777788416522646,0.44455058620167087,0.4446749343317763,0.3181101240772879,0.3542397273633904
0.3376440412322942,0.33321080346021614,0.26775379989159687,0.5595015843886668,0.2977139213109843,0.3216623655833033,0.30486102359425193,0.7058865252554755,0.32514265386405716,0.5381661679820924,0.3298666221552419,0.5107334468525769,0.3228817083661131,0.556453312450239,0.5290286068248864,0.31377920134253934,0.28106828014634866,0.3202161127125398,0.28314150418412354,0.3113189692025534,0.31407734211333227,0.30580352128095123,0.3316655768926857,0.27162066611132907,0.2814266331478489,0.2512262053444432,0.3152922726452996,1.0,0.3616243551214777,0.32802133313327464,0.5092860189891333,0.3151253111224913,0.0,0.3119814750876506,0.30777190494148465,0.44788971086366813,0.2952912723455213,0.32375399148655404,0.41636416427112943,0.31606382021666735,0.5195467486408537,0.31735971044855726,0.3197649538298243,0.7857537756990067,0.7604771121814036,0.33767661325061404,0.31588961806268767,0.3157698819818563,0.5011698189958071,0.35539868555095844
0.4045021015928798,0.36576353331050493,0.31349693523314315,0.35861579078962913,0.34294407444536856,0.37585140685070406,0.3414667466086726,0.36502446294380075,0.3912137183824891,0.3677175034687007,0.3621635710378348,0.37536840604296673,0.35427588579909175,0.3636891895660337,0.357687172030532,0.347968190603279,0.3191572563048396,0.35550683051608134,0.311460257329781,0.346138980661294,0.343425101655903,0.33261575152999934,0.36111072029137026,0.3169512842266109,0.31821592242023533,0.28496856113963687,0.35082775019166124,0.3616243551214777,1.0,0.3831701481371893,0.34333014106134974,0.34845200724699454,0.0,0.3519550419645946,0.3501214110708871,0.3622896247010986,0.33169686588553216,0.3492043109338894,0.30861303754162117,0.35564393096977376,0.3401091649510367,0.34963793110864805,0.35689533651815575,0.3603841565084903,0.36438124591025933,0.4354594157877485,0.3490356881636738,0.34914499045983316,0.3483755553190291,0.6314470049542558
0.44153311779579196,0.3642337440683022,0.3161541880200176,0.3314529744881297,0.33780009021899593,0.3559252319662344,0.35213672869230084,0.3333305036900157,0.46110018225649785,0.3447397433495083,0.3813410238793242,0.32721591790743376,0.3742260581891137,0.3285548058230716,0.32685130845721044,0.3669696057861961,0.3138424502635814,0.3633805242689975,0.31513055087138986,0.3595553306419723,0.36239867107980706,0.34391810005118373,0.3676513843684146,0.31072452561930564,0.31595918915295795,0.29003525094978166,0.3622569870002845,0.32802133313327464,0.3831701481371893,1.0,0.31660135935641875,0.342473739728691,0.0,0.3502027921265498,0.3526630254994404,0.33492691282946774,0.3431240548325858,0.35503150720592125,0.28201645349807003,0.3767082327834993,0.32207151567883496,0.3605439887597547,0.37598698685516285,0.33286092578464155,0.3300671669996027,0.3786883450739018,0.36237447979321347,0.363043080054853,0.33053088543181874,0.3964157390555725
0.32063876554326554,0.3145937392336102,0.25903812907905266,0.5331037313543672,0.3062793113504787,0.3092722513811961,0.2931187936557701,0.5031724164682688,0.3224869939296682,0.5522613958328801,0.3203201965108816,0.47108296925610105,0.3150119997329023,0.5343563511957763,0.5291538046958564,0.29858537848568456,0.26856778193237774,0.3071253641028161,0.2697043126794808,0.29726870040154985,0.2979380065031174,0.2907281228484415,0.3145208653917726,0.26349253295973907,0.28037974274004074,0.24994570104280656,0.3052237457984347,0.5092860189891333,0.34333014106134974,0.31660135935641875,1.0,0.30022643704686514,0.0,0.30056740851565955,0.29999329935738284,0.44143091089949904,0.2849606358908924,0.3032192380888218,0.4014894388372251,0.30620525497204076,0.6496698160351356,0.30609782984237865,0.31017578062928974,0.5119876832646915,0.5043904083424461,0.32618954376159537,0.30189484746555906,0.30243374576505255,0.47342860192880654,0.34156510825446185
0.36412858679480586,0.43738518452876873,0.2766885289422657,0.3322139584478856,0.47212555848788906,0.4487450748496675,0.38669460825825896,0.3290140733958097,0.3465621845555331,0.32443279674139724,0.4999157987633077,0.31585707777807326,0.5377913863513311,0.3134442575630507,0.32258710225237286,0.3980950123653205,0.4654376652372142,0.4846951476702164,0.4794381145572051,0.39259032378053726,0.5019585833703197,0.5136654210942501,0.5217155754916143,0.4452113485583985,0.47510318069592483,0.4198296916874712,0.5250152550724259,0.3151253111224913,0.34845200724699454,0.342473739728691,0.30022643704686514,1.0,0.0,0.5142763722907222,0.435798730586348,0.309222178842502,0.39045454824029835,0.5288230991042764,0.27833265319386147,0.5305917467657499,0.3049584239079739,0.44062152721078696,0.5273606627425709,0.32667074692662135,0.3321450622328028,0.32230462278162375,0.4410450699288453,0.4451177272242466,0.29838656787759543,0.342400584531357
0.0,0.0,0.0,0.0,0.0,0.0,0.0,0.0,0.0,0.0,0.0,0.0,0.0,0.0,0.0,0.0,0.0,0.0,0.0,0.0,0.0,0.0,0.0,0.0,0.0,0.0,0.0,0.0,0.0,0.0,0.0,0.0,1.0,0.0,0.0,0.0,0.0,0.0,0.0,0.0,0.0,0.0,0.0,0.0,0.0,0.0,0.0,0.0,0.0,0.0
0.36859026948837614,0.4375348430035473,0.2837667973273663,0.31206448833819167,0.4450250634132755,0.46069796521020967,0.4008683932692557,0.32583735546479686,0.35007126730501736,0.31997486399949393,0.5206980574288926,0.31582990576741343,0.5837975324924469,0.3099777911014735,0.3085967369982233,0.4058460005083422,0.4006052799192519,0.5140614544967135,0.5116785354514988,0.40245238827356145,0.5322230988898411,0.6576208085279531,0.6464578345974906,0.3903501703060631,0.39658646237737094,0.35507729563803603,0.5437224470780497,0.3119814750876506,0.3519550419645946,0.3502027921265498,0.30056740851565955,0.5142763722907222,0.0,1.0,0.44926123393849327,0.33508881489635156,0.38288487565482465,0.5327870783234776,0.2887430472505532,0.5567233321077785,0.2970212241068191,0.44405799460465445,0.5470066343448403,0.3196942554735257,0.3252539858160879,0.3195440310043275,0.44742023115172636,0.4498039288261608,0.307866253393008,0.35248871842506624
0.36947258026411856,0.5766331082306069,0.28071924939920956,0.3182214084698335,0.4250394132638634,0.5857534015051652,0.4050589270610746,0.32129929606674,0.34939179926388886,0.3232891318477167,0.46653503030025467,0.3171290854848995,0.4523931455437007,0.31090752928055543,0.3127472421370574,0.4074720677346768,0.46743881702950474,0.46376312255096763,0.4005494751599298,0.40579982505518897,0.45132684185307204,0.4321355719552963,0.4590502826568398,0.5231986685784742,0.5437287827606545,0.4321416357440011,0.4406384627825264,0.30777190494148465,0.3501214110708871,0.3526630254994404,0.29999329935738284,0.435798730586348,0.0,0.44926123393849327,1.0,0.32380230638027274,0.38280182073152635,0.43287196767202285,0.2825470566955186,0.45861690528093335,0.3020499095191591,0.5098300346699476,0.46298781826343827,0.3180944207414398,0.32132659898295757,0.32572770134382645,0.5020704649676728,0.503500510325131,0.31159984617594305,0.35213140801096277
0.33735216686940106,0.32592481007712915,0.2751378342020828,0.46027258394291803,0.2987024596130685,0.3313461912165282,0.33309864826135993,0.45451512566283514,0.3391976949870116,0.4703115071697047,0.34307634685823274,0.43404273504537727,0.32289039574006617,0.4594470820391229,0.45341336634629603,0.3323799785348497,0.28726951301906034,0.3396304035184703,0.2941547290532921,0.3340062170494945,0.3321879236817048,0.31853046480062375,0.3440769248491764,0.2865952334669124,0.2935026965968953,0.2591311688703746,0.32094291590193635,0.44788971086366813,0.3622896247010986,0.33492691282946774,0.44143091089949904,0.309222178842502,0.0,0.33508881489635156,0.32380230638027274,1.0,0.32010384049609675,0.3128072184436752,0.41859402988934113,0.32918288196637313,0.44511752233301616,0.3246744081238455,0.32938995587268516,0.4552627332373761,0.45792776369106647,0.33990176259855776,0.31593809592526556,0.31732560555011524,0.4561563590368134,0.36794613068216087
0.3470785456913159,0.37720207541408246,0.2648536471238633,0.31137308482679926,0.35572605905342103,0.39448389151149477,0.7910799982323227,0.30559404232476084,0.3426160660859874,0.30902529994047845,0.39303043318066,0.2942328177773853,0.38662201867586865,0.29939196085566366,0.2998405232646423,0.7469139282073616,0.34346980625397194,0.4230968129055721,0.3684878262130723,0.7986241723448438,0.4183988821326182,0.3886301848988776,0.4267883888703905,0.3382846418677775,0.3559143070884324,0.31287591098724554,0.3815266966946387,0.2952912723455213,0.33169686588553216,0.3431240548325858,0.2849606358908924,0.39045454824029835,0.0,0.38288487565482465,0.38280182073152635,0.32010384049609675,1.0,0.3751070429063118,0.26960067214063876,0.37935041361765776,0.287382780948634,0.379083066689329,0.39848144760568704,0.3013748705503049,0.3019581104456628,0.312209092948607,0.3696827094871391,0.371795137756496,0.2937296604003141,0.33685216495969483
0.3719717551880969,0.4551011055840185,0.2837802734357684,0.3116393712749288,0.455048336682762,0.45015884828661035,0.3833054774024529,0.3380969525260962,0.34391594574117945,0.3231825649559509,0.5284130248414066,0.32121560264947147,0.5607440707133364,0.315222603159255,0.31443502883291774,0.3954061303847568,0.3837539757147672,0.48883036066517493,0.5048152522541678,0.38987842537538453,0.5064873481019547,0.5372201835819057,0.5217932409235706,0.3882417856195648,0.40372845107962585,0.3554381498639547,0.6120852336215896,0.32375399148655404,0.3492043109338894,0.35503150720592125,0.3032192380888218,0.5288230991042764,0.0,0.5327870783234776,0.43287196767202285,0.3128072184436752,0.3751070429063118,1.0,0.27840450500116865,0.5659522007258388,0.30687597737942407,0.4497089729826723,0.6265290346947338,0.33127422169874077,0.3228816455168023,0.3279769270373043,0.4536516931329677,0.4546355199265879,0.317767041759315,0.35001159246392
0.2987928913425709,0.27904571872024597,0.2361369007654096,0.4298586981107635,0.32440992593555595,0.29658803841103776,0.28111751616249425,0.4236651669832875,0.29415365108531344,0.4413074053263395,0.29131784996081755,0.40652504715663684,0.2889488846560365,0.425231136201513,0.42897467553391255,0.28338801377142486,0.2601590647840465,0.2844620545928792,0.254706397787705,0.2787889882810968,0.2793198766544469,0.2750763638979461,0.29579756308611493,0.2522232518170494,0.26794671976616413,0.23837777262905702,0.2709954874966143,0.41636416427112943,0.30861303754162117,0.28201645349807003,0.4014894388372251,0.27833265319386147,0.0,0.2887430472505532,0.2825470566955186,0.41859402988934113,0.26960067214063876,0.27840450500116865,1.0,0.28008536313664856,0.4136456343822842,0.28734637460486,0.28465972805617434,0.4221235915708087,0.42877952152629606,0.2904183275683405,0.27543115336977175,0.27788502515732105,0.4089085801084442,0.3101189218194529
0.3743147199340078,0.45635338354166044,0.2955576856103356,0.3141144858696101,0.4627782874826082,0.4615022727360917,0.3987923668062815,0.3257414744813544,0.36458960645356764,0.33263963730381796,0.5639400728630787,0.3188327691876117,0.5929082689254597,0.31535978168676426,0.31673804028480634,0.4037040350610752,0.39445737656228264,0.530560195806062,0.5058808628801954,0.40739899762028253,0.5399624559689988,0.5525885365390666,0.5514694106085388,0.3898853897862975,0.39970294523181493,0.3626272242630032,0.5838914804780726,0.31606382021666735,0.35564393096977376,0.3767082327834993,0.30620525497204076,0.5305917467657499,0.0,0.5567233321077785,0.45861690528093335,0.32918288196637313,0.37935041361765776,0.5659522007258388,0.28008536313664856,1.0,0.3064240848075215,0.47038225146460333,0.5847297126087612,0.32229427805693245,0.32548007352242947,0.3398703731564974,0.481555835229705,0.48247606731976056,0.3195272000549917,0.3669793219079548
