../ecoli_genomes/GCF_000163235.1_ASM16323v1_genomic.fna.gz,../ecoli_genomes/GCF_000164555.1_ASM16455v1_genomic.fna.gz,../ecoli_genomes/GCF_000208545.1_ASM20854v2_genomic.fna.gz,../ecoli_genomes/GCF_000233875.1_ASM23387v1_genomic.fna.gz,../ecoli_genomes/GCF_000249735.1_ASM24973v2_genomic.fna.gz,../ecoli_genomes/GCF_000261145.1_Esch_coli_M919_V2_genomic.fna.gz,../ecoli_genomes/GCF_000267705.2_ASM26770v2_genomic.fna.gz,../ecoli_genomes/GCF_000350665.1_Esch_coli_KTE5_V1_genomic.fna.gz,../ecoli_genomes/GCF_000351625.1_Esch_coli_KTE66_V1_genomic.fna.gz,../ecoli_genomes/GCF_000352285.1_Esch_coli_KTE46_V1_genomic.fna.gz,../ecoli_genomes/GCF_000358895.1_ASM35889v1_genomic.fna.gz,../ecoli_genomes/GCF_000456385.1_Esch_coli_HVH_26_4-5703913_V1_genomic.fna.gz,../ecoli_genomes/GCF_000458195.1_Esch_coli_HVH_147_4-5893887_V1_genomic.fna.gz,../ecoli_genomes/GCF_000459755.1_Esch_coli_KOEGE_58_171a_V1_genomic.fna.gz,../ecoli_genomes/GCF_000460055.1_Esch_coli_UMEA_3053-1_V1_genomic.fna.gz,../ecoli_genomes/GCF_000462165.2_ASM46216v2_genomic.fna.gz,../ecoli_genomes/GCF_000601135.1_ASM60113v1_genomic.fna.gz,../ecoli_genomes/GCF_000614595.1_Ec2010EL1058_genomic.fna.gz,../ecoli_genomes/GCF_000617745.1_Ec2010C-4529_genomic.fna.gz,../ecoli_genomes/GCF_000618265.2_EcF6751_genomic.fna.gz,../ecoli_genomes/GCF_000619005.2_Ec2009C-4052_genomic.fna.gz,../ecoli_genomes/GCF_000619105.1_Ec2009C-4780_genomic.fna.gz,../ecoli_genomes/GCF_000619765.2_Ec2009C-3279_genomic.fna.gz,../ecoli_genomes/GCF_000687005.1_ASM68700v1_genomic.fna.gz,../ecoli_genomes/GCF_000687025.1_ASM68702v1_genomic.fna.gz,../ecoli_genomes/GCF_000700125.1_ASM70012v1_genomic.fna.gz,../ecoli_genomes/GCF_000753315.1_FHI35_genomic.fna.gz,../ecoli_genomes/GCF_000776375.1_ASM77637v1_genomic.fna.gz,../ecoli_genomes/GCF_000779395.1_ASM77939v1_genomic.fna.gz,../ecoli_genomes/GCF_000780315.1_ASM78031v1_genomic.fna.gz,../ecoli_genomes/GCF_000781995.1_ASM78199v1_genomic.fna.gz,../ecoli_genomes/GCF_000986765.1_ASM98676v1_genomic.fna.gz,../ecoli_genomes/GCF_001041375.1_ViralProj287958_genomic.fna.gz,../ecoli_genomes/GCF_001265335.1_302014_genomic.fna.gz,../ecoli_genomes/GCF_001265625.1_100854_genomic.fna.gz,../ecoli_genomes/GCF_001267345.1_303289_genomic.fna.gz,../ecoli_genomes/GCF_001309985.1_ASM130998v1_genomic.fna.gz,../ecoli_genomes/GCF_001521695.1_ASM152169v1_genomic.fna.gz,../ecoli_genomes/GCF_001592595.1_ASM159259v1_genomic.fna.gz,../ecoli_genomes/GCF_001614975.1_ASM161497v1_genomic.fna.gz,../ecoli_genomes/GCF_001692775.1_ASM169277v1_genomic.fna.gz,../ecoli_genomes/GCF_001748915.1_ASM174891v1_genomic.fna.gz,../ecoli_genomes/GCF_001749235.1_ASM174923v1_genomic.fna.gz,../ecoli_genomes/GCF_001881155.1_ASM188115v1_genomic.fna.gz,../ecoli_genomes/GCF_001881345.1_ASM188134v1_genomic.fna.gz,../ecoli_genomes/GCF_001892405.1_ASM189240v1_genomic.fna.gz,../ecoli_genomes/GCF_001892585.1_ASM189258v1_genomic.fna.gz,../ecoli_genomes/GCF_001893985.1_ASM189398v1_genomic.fna.gz,../ecoli_genomes/GCF_002001595.1_ASM200159v1_genomic.fna.gz,../ecoli_genomes/GCF_002002145.1_ASM200214v1_genomic.fna.gz
1.0,0.7798145033593862,0.7679849343819498,0.7626724008593071,0.7406826930058255,0.7639814094136147,0.7701673600717172,0.7708400344346645,0.7913666105199605,0.7676057656840747,0.7694637526522492,0.7670827670523175,0.7682430615390613,0.7591833142094313,0.7519320902228075,0.7704169590752994,0.752230094284027,0.773738284434976,0.7472677072823573,0.7703544844854007,0.7583066297711872,0.7605752678615267,0.7730346246427852,0.7654683801102374,0.7602822287878573,0.7698681665017685,0.7728183567757814,0.7691136921937456,0.7821945037256466,0.7926542561028554,0.7563083805567522,0.7634031108592687,0.06010117846117535,0.7753718406454648,0.7611252844306301,0.7650098869561922,0.7545346631892608,0.7659242338133946,0.6328047549580165,0.7655131348802227,0.7513725037563512,0.7729542113711417,0.771037352307174,0.7716555214564877,0.7777187235293472,0.7824743291732938,0.7694139750486026,0.7690809948650706,0.7590213815685691,0.7884319362351839
0.7798145033593862,1.0,0.7598599036572972,0.7628857087194058,0.7788365814882996,0.8197529531010298,0.7729020463413765,0.7633702005974796,0.7782904970767457,0.7668355047210341,0.8110281980766963,0.7689979162161178,0.8052120183989744,0.7619026094531012,0.7583443502080024,0.7714163256160276,0.7883514906535887,0.8096989959678861,0.7764551789567975,0.7757606977008618,0.797642101445805,0.7995465900433518,0.8135896063561344,0.8224987361634382,0.8137488353309227,0.8161875394561289,0.813519228507309,0.7628416576236299,0.7726368955520206,0.7692092263723789,0.7616061357416689,0.7918441893446947,0.06059579223054601,0.805767276891247,0.8235968491054746,0.7606852696441068,0.761366494857557,0.8112497735374058,0.6222788519100102,0.8115443810363954,0.7523269399346124,0.8211905448107513,0.8118069278007533,0.7728050166414757,0.7708969279470371,0.7681343012533102,0.826858369122212,0.8256556889118944,0.766418968308041,0.7799280257491479
0.7679849343819498,0.7598599036572972,1.0,0.7407095533979904,0.7267559087918336,0.742010826241752,0.7494187718440007,0.7417434339445235,0.7615341257204876,0.7403270101104023,0.7587031484144617,0.7447002091870568,0.7549440663063206,0.7421966803773029,0.7389397841374008,0.7476723701662997,0.7271227783982872,0.755551391965132,0.7289431221825686,0.749974155592301,0.753146288133051,0.7470459599123203,0.7534824330385748,0.7400033815825376,0.7328878586432453,0.7449873492876659,0.7603108663642587,0.7420149540185719,0.7563636596519766,0.7637295152409641,0.7399001479534014,0.7449465991373982,0.06328751240113129,0.7547937618664802,0.7396975762597661,0.7409368691997192,0.7361428070140295,0.750498304848064,0.615171558155486,0.7594098625906192,0.7359971022806004,0.7573294873508849,0.758281887610051,0.7485858242262132,0.7468595805722045,0.7611414735991708,0.7606984330461933,0.760273525807847,0.7469611712931676,0.7639228308422759
0.7626724008593071,0.7628857087194058,0.7407095533979904,1.0,0.7436390917579228,0.7555925023083168,0.7471114309162789,0.8235358067159747,0.7542097909660519,0.8299860918674905,0.751884271808418,0.8351248265929261,0.75891211143348,0.8418693644440162,0.8518576201948933,0.751362141584867,0.7271358344651959,0.755161965435424,0.7386135445289329,0.7506563406074173,0.7452980953133628,0.7437699402161689,0.7556232839851231,0.7486462900910835,0.7361289448581929,0.7464164033484407,0.7590240128586346,0.8349848010972809,0.7675122914911894,0.7498362873597917,0.8241341233677068,0.7557468648924092,0.06183850203556651,0.7496945553849124,0.7449282903185452,0.7944913065129597,0.7357258645067709,0.7505144279812692,0.6549496155244329,0.7507102971721079,0.8331263762597824,0.7565242408913274,0.7474539984414346,0.8348302761048425,0.8312626225855432,0.7595808661335409,0.7542465004572427,0.7540030561259367,0.8120493083992286,0.7711471351352717
0.7406826930058255,0.7788365814882996,0.7267559087918336,0.7436390917579228,1.0,0.7705220319526576,0.7405086838272007,0.7423787774321268,0.7433011908437862,0.7458157273888153,0.7983927678620384,0.7369163487669159,0.7938793663146252,0.7385133372008736,0.7438811677666298,0.7515425950416433,0.7585855724231737,0.7747954120872378,0.759712029518463,0.7442981296779425,0.7744642881033986,0.7662119246133762,0.7763292193080359,0.7826979016069164,0.7645546483641972,0.774436334913507,0.7834215373547125,0.7396279354497473,0.7465582726778627,0.7429145722176164,0.7365873573518721,0.7869744660705265,0.059434789698519674,0.7786602167434815,0.7673105082818199,0.7383365048292743,0.7354347393173825,0.7795621799976675,0.6253976565222324,0.7826798065551828,0.7447708703387933,0.7762352858934927,0.7811942198050809,0.7444812524660378,0.7475165935950364,0.7442702245785084,0.7819494130768956,0.7826850841500725,0.7341044134421695,0.7564761159168772
0.7639814094136147,0.8197529531010298,0.742010826241752,0.7555925023083168,0.7705220319526576,1.0,0.7715042703239565,0.7591523824313953,0.766510618967311,0.7500046895359886,0.7914249593466796,0.7557711438803946,0.7941008532107431,0.7539723397970723,0.7514805847509842,0.7598341877658148,0.7834187741117808,0.8012287164257853,0.7772107137595513,0.769294404174906,0.7907399375338791,0.7857008622304504,0.8092653871270804,0.8129181448516226,0.8090904378009681,0.7980435805454218,0.7969249440671966,0.755246401436848,0.7589829842884322,0.7496271251683804,0.7461364022059935,0.7921435359154421,0.06815325103213044,0.8038234766126284,0.8191443380931034,0.7655707497500909,0.7574592898975867,0.7910525745193487,0.6296895734341138,0.7883516546583494,0.7513348009528921,0.8139155077045472,0.7979432476919168,0.761859430620993,0.7607495388572076,0.757657231951068,0.8107604857278327,0.8111369474526887,0.7493892670097511,0.766736144875671
0.7701673600717172,0.7729020463413765,0.7494187718440007,0.7471114309162789,0.7405086838272007,0.7715042703239565,1.0,0.7543208365826329,0.7672860143513265,0.7464923032836948,0.7657645593602416,0.7459093559650034,0.7756924917598782,0.745837624177424,0.7461135999145557,0.8959159497239048,0.7391288992313256,0.8024879176104115,0.7724325904674316,0.9453625676201796,0.7918773993003504,0.7871957963425859,0.7999247472021376,0.7590653343463905,0.7531282059664863,0.7674224611835254,0.7832049450301972,0.7509973415094306,0.7658137668042329,0.763065863608382,0.737812915155869,0.765586571805668,0.07363125286242611,0.7868479940373088,0.7748702960066155,0.7602072989994957,0.9093851220102843,0.7671523479691383,0.6285496929585872,0.7722836974335647,0.7377361381296714,0.7796821541185001,0.7785569195926951,0.7574464912354631,0.7575116885798419,0.7609436522325167,0.7693761603601006,0.7695408645363284,0.7479377473124511,0.7756139568511295
0.7708400344346645,0.7633702005974796,0.7417434339445235,0.8235358067159747,0.7423787774321268,0.7591523824313953,0.7543208365826329,1.0,0.7594093581233504,0.8242875014323496,0.7565326278290949,0.822167397739385,0.7552786842572066,0.8107326597998683,0.8075564768587138,0.7543020570491374,0.7312212699966275,0.7590041188797123,0.7428771244801626,0.7548117519586763,0.7487467067924195,0.7459621448623732,0.7569458834590185,0.7517538427542283,0.742495129846259,0.7522539616871512,0.7601799623140361,0.8806228606185333,0.7714002984784056,0.7502570055669469,0.8140398204456794,0.74765908181363,0.063771515020141,0.7563697221590792,0.7523643521477527,0.7954882739034762,0.7375531863203966,0.7583116564357666,0.6546112807652412,0.7543479305120621,0.8117866306114644,0.7613721401109259,0.7514276473105413,0.883752874292711,0.8766626338066785,0.7675377474636068,0.756069489157056,0.756344906248672,0.8168167320343471,0.7717458407459783
0.7913666105199605,0.7782904970767457,0.7615341257204876,0.7542097909660519,0.7433011908437862,0.766510618967311,0.7672860143513265,0.7594093581233504,1.0,0.7659701453981083,0.7710213513519195,0.7498810202359512,0.7714126626453215,0.7519980731111429,0.7525748036193693,0.7662357640755051,0.7450786675004408,0.7731670970099666,0.747287340494126,0.7679029648071314,0.7672955545617484,0.7660789771092757,0.7790088501391581,0.7661198180513324,0.7540900458010322,0.7628298656489254,0.7819764899471261,0.7548901498362529,0.7742695048144583,0.7963256916375949,0.7507966361360977,0.7651066054801152,0.06898730103364359,0.7728597717917992,0.763173176779797,0.7607260185043321,0.7556132654177619,0.7691649000861107,0.6216572979547168,0.7747115139867973,0.7483761845836806,0.7793301732274922,0.7793165160420403,0.761071579423217,0.7623194992348448,0.7712095280622554,0.77352988969139,0.7731383607196909,0.7555877505407101,0.7890388746753805
0.7676057656840747,0.7668355047210341,0.7403270101104023,0.8299860918674905,0.7458157273888153,0.7500046895359886,0.7464923032836948,0.8242875014323496,0.7659701453981083,1.0,0.7568811168613007,0.821739190815631,0.760761893128949,0.8167784458807132,0.8163408898065551,0.7530923344936604,0.7235810208490707,0.7527396295643793,0.7342020601052939,0.7489839867058183,0.744523578873475,0.7467548026106083,0.7544735282093216,0.7521903485758339,0.7334839663286329,0.7530027422904177,0.7626145789964366,0.826083928620942,0.7729949804132699,0.7583510594607406,0.8333362166174523,0.7509097823817263,0.0645724566390401,0.7488530133468352,0.7466356610087223,0.7985041904307295,0.7344210477785083,0.7521765094440122,0.6490092769899591,0.754208046368606,0.8317984550077495,0.7586428868863757,0.7541602993596908,0.8245134428275993,0.8286602909180497,0.765870490366837,0.7535968416934138,0.7535853884190341,0.8301952338838334,0.7715907337724494
0.7694637526522492,0.8110281980766963,0.7587031484144617,0.751884271808418,0.7983927678620384,0.7914249593466796,0.7657645593602416,0.7565326278290949,0.7710213513519195,0.7568811168613007,1.0,0.7476942295839856,0.8340880630517967,0.754836860295512,0.7475211884000464,0.7675741408518383,0.7721298520033716,0.8186309010895828,0.7884223505690611,0.7685115935151123,0.8092882060961709,0.8154249683855714,0.8203068710622247,0.7950399689370109,0.7753365419306846,0.8027747029554033,0.8305195499641593,0.7552770845233366,0.7651732841866152,0.7734058352294835,0.7515880816325293,0.7982335407723751,0.06583637604679982,0.8153526010541632,0.7971949291854326,0.7616631584617678,0.7548829105436539,0.8194837775151611,0.617170163344571,0.8399059722407156,0.7514252179508392,0.8086181713626619,0.8333144123292134,0.7580176701661605,0.7585331688031085,0.7648270570286495,0.813400912246357,0.8130906972419488,0.7578580209906268,0.7768999276312953
0.7670827670523175,0.7689979162161178,0.7447002091870568,0.8351248265929261,0.7369163487669159,0.7557711438803946,0.7459093559650034,0.822167397739385,0.7498810202359512,0.821739190815631,0.7476942295839856,1.0,0.7525655293687228,0.8190009962493752,0.8436378361130608,0.7481680748424737,0.7328354153897374,0.7545258690638849,0.7372430281123704,0.7479565550444784,0.7456388832885321,0.743205770083029,0.7563692545466484,0.7497656088149931,0.740257407862208,0.7519353503671503,0.7567382981254707,0.8198848393006695,0.7653678535388326,0.7545675248073037,0.812208044383138,0.7505811021697109,0.06920933285706565,0.7497379946281646,0.7487250398952723,0.7926847897387073,0.7348853053112443,0.7525019364656572,0.6556778231420719,0.7507876008138714,0.813688457079783,0.7588080917650298,0.7485800057053998,0.8230990141257979,0.8235461462428413,0.7654647612929696,0.7582444831586186,0.7579816818500391,0.8104990562372266,0.7694015155544904
0.7682430615390613,0.8052120183989744,0.7549440663063206,0.75891211143348,0.7938793663146252,0.7941008532107431,0.7756924917598782,0.7552786842572066,0.7714126626453215,0.760761893128949,0.8340880630517967,0.7525655293687228,1.0,0.7570594112809782,0.7561691509429047,0.7807321218490593,0.7685136346231336,0.8195544552337968,0.8140613548285923,0.7792101243346139,0.8179989764117661,0.8344982248403416,0.8400706890945031,0.7960781606948767,0.7747251219745112,0.7904512665997909,0.8375190873399162,0.7536520374824698,0.7657919521814985,0.7762667557894729,0.7516939247881881,0.8257598686357477,0.07167318410592993,0.8302612844001194,0.7931042334104772,0.7646074703406193,0.7692824777915517,0.8163419376222011,0.6222289486275712,0.8418067929011491,0.7558063193027725,0.8050003826962634,0.8307083561279672,0.7565614956774716,0.7578150247536208,0.7607229116022142,0.8042374991516392,0.8028907155211997,0.7557260495843574,0.7711317805851867
0.7591833142094313,0.7619026094531012,0.7421966803773029,0.8418693644440162,0.7385133372008736,0.7539723397970723,0.745837624177424,0.8107326597998683,0.7519980731111429,0.8167784458807132,0.754836860295512,0.8190009962493752,0.7570594112809782,1.0,0.8451827811382638,0.7489558874595807,0.727431678088423,0.7542247023200976,0.7381650730627822,0.749599886672815,0.7429452459772016,0.7438336921425607,0.7546356109279513,0.7452920851690598,0.7350332570324578,0.7436273406174789,0.7580814423674017,0.8252711443358949,0.7679899333039283,0.7475753237025392,0.8171797277534306,0.7479157436641861,0.06001997578481311,0.7485428384114391,0.7476678637257628,0.7840355160689083,0.7344404931895069,0.7543232061196296,0.6428694532929442,0.7524890961653437,0.8220094300670551,0.7590758330417883,0.7492984824610054,0.8245385908580161,0.8205606853586083,0.765891871145704,0.7591961898586705,0.7583934501390879,0.8051926970796549,0.7729827782343857
0.7519320902228075,0.7583443502080024,0.7389397841374008,0.8518576201948933,0.7438811677666298,0.7514805847509842,0.7461135999145557,0.8075564768587138,0.7525748036193693,0.8163408898065551,0.7475211884000464,0.8436378361130608,0.7561691509429047,0.8451827811382638,1.0,0.7531108578927823,0.7275987153555383,0.7504091503211736,0.7357286367463134,0.7490151161085281,0.7416875247319941,0.7413521195749582,0.7550060977717319,0.746551521244236,0.7342968126404421,0.7469695871821648,0.7533102350952439,0.8191601841014341,0.7632747840256371,0.7475144300760128,0.8168066800251339,0.7526184474765032,0.06260809168003423,0.7486539557202672,0.7441104896027504,0.7816797636618505,0.7366203508630571,0.7494669776856748,0.6452329360336724,0.7452209212050669,0.8272758747961062,0.755390383656884,0.7451731816581979,0.8169485042625446,0.8166898542399391,0.7632529182906185,0.7558038888640337,0.7558776382376602,0.7998946859129841,0.7724612123602497
0.7704169590752994,0.7714163256160276,0.7476723701662997,0.751362141584867,0.7515425950416433,0.7598341877658148,0.8959159497239048,0.7543020570491374,0.7662357640755051,0.7530923344936604,0.7675741408518383,0.7481680748424737,0.7807321218490593,0.7489558874595807,0.7531108578927823,1.0,0.7333950949148553,0.7945035209889086,0.7699103354014039,0.9027363214261351,0.786620310201925,0.7911676624884918,0.793942899880033,0.756961947813587,0.7528268389800019,0.7746756362924797,0.7798524214096118,0.751073203048142,0.7653623499078954,0.7719453017211735,0.7481599049516671,0.7637846788602665,0.06999957907865861,0.78212932064068,0.7656852828624428,0.7544847906669441,0.8867900072867236,0.7696954797650095,0.620593148296142,0.7723237755706909,0.7457598747150247,0.7774249703302054,0.7752604439697368,0.7557507211254457,0.756222531474551,0.7636231310533358,0.7692248033325065,0.769348321427701,0.7511734153552984,0.773846753349017
0.752230094284027,0.7883514906535887,0.7271227783982872,0.7271358344651959,0.7585855724231737,0.7834187741117808,0.7391288992313256,0.7312212699966275,0.7450786675004408,0.7235810208490707,0.7721298520033716,0.7328354153897374,0.7685136346231336,0.727431678088423,0.7275987153555383,0.7333950949148553,1.0,0.7642319078293274,0.7442821002182171,0.7380929923705433,0.7589800503157245,0.7585478622077929,0.7774351639229737,0.8033722932738162,0.8058834892755056,0.7995670531428345,0.7693600008873543,0.7318947451619691,0.7427153616737174,0.7356104491887206,0.7228316038809424,0.7897549225312761,0.06132987988706373,0.7787375381142218,0.781750163067648,0.73839714681744,0.7313378728195089,0.7642571210286218,0.6106020394404519,0.7681909353637498,0.7214957511773139,0.7732632652716228,0.773313664326235,0.741307972452455,0.7454865908116333,0.729887176109997,0.7912110470617747,0.7915475606721085,0.7267661066331679,0.746530483748147
0.773738284434976,0.8096989959678861,0.755551391965132,0.755161965435424,0.7747954120872378,0.8012287164257853,0.8024879176104115,0.7590041188797123,0.7731670970099666,0.7527396295643793,0.8186309010895828,0.7545258690638849,0.8195544552337968,0.7542247023200976,0.7504091503211736,0.7945035209889086,0.7642319078293274,1.0,0.8168812815582301,0.80505968773519,0.8422734134956009,0.838856529075183,0.8509418085123104,0.7894332404029567,0.7781202593237379,0.7916534635385304,0.8311236089871052,0.7560266460096847,0.7661046440741741,0.7722600127355098,0.7515909149084302,0.8069588954377714,0.06518398080753385,0.8297849014388055,0.8002181189050506,0.7726173603179172,0.7881641683508417,0.8068831330538934,0.6269655943148686,0.8247102564774038,0.7469663071325899,0.8101481801149379,0.821792131854527,0.762293605796341,0.7602483910655341,0.7671958309633848,0.8054638680277562,0.8047296450366102,0.754014558447577,0.774385610768829
0.7472677072823573,0.7764551789567975,0.7289431221825686,0.7386135445289329,0.759712029518463,0.7772107137595513,0.7724325904674316,0.7428771244801626,0.747287340494126,0.7342020601052939,0.7884223505690611,0.7372430281123704,0.8140613548285923,0.7381650730627822,0.7357286367463134,0.7699103354014039,0.7442821002182171,0.8168812815582301,1.0,0.7726487793665738,0.808118162325095,0.8163154789681674,0.8103400433111889,0.7606603725944915,0.7615027714308891,0.7655733778353018,0.806466901020189,0.7405147129390297,0.7454677639229785,0.7463981487583325,0.7312774398130722,0.7917996446049806,0.07556088660705762,0.8013645702339801,0.7754428830163732,0.7515879410772868,0.7585555881087598,0.7884058770534519,0.6154110462623172,0.7981393762653245,0.7299223165019064,0.7797675662714832,0.7986462878131815,0.7493459068318988,0.7448385714824546,0.749084254106039,0.7765038696113202,0.7760429012905344,0.7333022903681732,0.7552198261060964
0.7703544844854007,0.7757606977008618,0.749974155592301,0.7506563406074173,0.7442981296779425,0.769294404174906,0.9453625676201796,0.7548117519586763,0.7679029648071314,0.7489839867058183,0.7685115935151123,0.7479565550444784,0.7792101243346139,0.749599886672815,0.7490151161085281,0.9027363214261351,0.7380929923705433,0.80505968773519,0.7726487793665738,1.0,0.7951346720615675,0.787910837847886,0.8001799137924291,0.7583017189638379,0.7553495940960964,0.7675354563443187,0.7860546872139911,0.7514976640416607,0.7684760456253918,0.7659381829617006,0.7414760267620851,0.7669917084567887,0.07171374898883498,0.7881794688384651,0.7728880391484949,0.7586308050541255,0.9118534845070707,0.7720549693406771,0.6249261588031314,0.7772923932814862,0.7408225956878176,0.7845618946678413,0.7825092942812425,0.7570343530172593,0.7566421747244279,0.7654089122061307,0.773240576867785,0.7734666087441338,0.7502672439239828,0.7779693764319556
0.7583066297711872,0.797642101445805,0.753146288133051,0.7452980953133628,0.7744642881033986,0.7907399375338791,0.7918773993003504,0.7487467067924195,0.7672955545617484,0.744523578873475,0.8092882060961709,0.7456388832885321,0.8179989764117661,0.7429452459772016,0.7416875247319941,0.786620310201925,0.7589800503157245,0.8422734134956009,0.808118162325095,0.7951346720615675,1.0,0.8287443069687926,0.8446597635883886,0.7818724047612259,0.7684568871835545,0.7885265902017637,0.8240565848575128,0.74540834436768,0.7607539859360839,0.76737980947552,0.7443067783999835,0.8045163307300641,0.06604253678695993,0.8279420762835634,0.7933391807269268,0.7590144463814481,0.7790238028024821,0.8118337664786343,0.6172651780762106,0.8233665129613646,0.7410625860806161,0.8005797445379053,0.8214610666864764,0.7520464902057762,0.7510386523696291,0.765676470862735,0.8059644847493588,0.8049642721332858,0.7508352968290197,0.7693401143469498
0.7605752678615267,0.7995465900433518,0.7470459599123203,0.7437699402161689,0.7662119246133762,0.7857008622304504,0.7871957963425859,0.7459621448623732,0.7660789771092757,0.7467548026106083,0.8154249683855714,0.743205770083029,0.8344982248403416,0.7438336921425607,0.7413521195749582,0.7911676624884918,0.7585478622077929,0.838856529075183,0.8163154789681674,0.787910837847886,0.8287443069687926,1.0,0.8829686146514653,0.7787947156052175,0.7699841213625788,0.794061560846418,0.818183794448147,0.7470439458643129,0.7528934608557533,0.7623321456446546,0.7475850120414667,0.8045832012308098,0.0710692002208918,0.8516578089763466,0.7904041416434446,0.7594586224201352,0.7783215412215354,0.8081856197982245,0.6145034167052833,0.8279145575341419,0.740134802745034,0.7989066872432791,0.8179914056093538,0.7526227823380891,0.7508308568032636,0.7551317783018462,0.7918060678882263,0.7914317974241611,0.7454759426094616,0.7662157856638057
0.7730346246427852,0.8135896063561344,0.7534824330385748,0.7556232839851231,0.7763292193080359,0.8092653871270804,0.7999247472021376,0.7569458834590185,0.7790088501391581,0.7544735282093216,0.8203068710622247,0.7563692545466484,0.8400706890945031,0.7546356109279513,0.7550060977717319,0.793942899880033,0.7774351639229737,0.8509418085123104,0.8103400433111889,0.8001799137924291,0.8446597635883886,0.8829686146514653,1.0,0.7950675707190246,0.7865571376102929,0.8016096213229963,0.8374090091748676,0.753867720866723,0.7666371693685536,0.7703211551203618,0.7539628926020808,0.8190243183309174,0.06819281463889038,0.860602757098653,0.8017867069034417,0.7711170222755414,0.7874870949145618,0.8182688720215534,0.6237485450992142,0.8346660927350229,0.7524007593957627,0.8115986511253188,0.8276095541497198,0.761576162649481,0.7604006049534746,0.7630517179761886,0.8020812372442253,0.8016193086120484,0.7571402194218555,0.7773334595999677
0.7654683801102374,0.8224987361634382,0.7400033815825376,0.7486462900910835,0.7826979016069164,0.8129181448516226,0.7590653343463905,0.7517538427542283,0.7661198180513324,0.7521903485758339,0.7950399689370109,0.7497656088149931,0.7960781606948767,0.7452920851690598,0.746551521244236,0.756961947813587,0.8033722932738162,0.7894332404029567,0.7606603725944915,0.7583017189638379,0.7818724047612259,0.7787947156052175,0.7950675707190246,1.0,0.8170583779621241,0.8059556736023483,0.7946544044583845,0.7465782219725419,0.7553978283279217,0.7515294954050995,0.7400919375808148,0.7924506786112566,0.06301028125037733,0.7922510631963964,0.8160526549235176,0.7549254713632705,0.7497995727810045,0.7835578393934798,0.622150783990874,0.7881038836718346,0.7441780706463363,0.8006602254254797,0.7941814970203243,0.7530385889983797,0.7563513710941284,0.7453904928362891,0.798751025117615,0.7969361440870161,0.746007658245885,0.7635671460863925
0.7602822287878573,0.8137488353309227,0.7328878586432453,0.7361289448581929,0.7645546483641972,0.8090904378009681,0.7531282059664863,0.742495129846259,0.7540900458010322,0.7334839663286329,0.7753365419306846,0.740257407862208,0.7747251219745112,0.7350332570324578,0.7342968126404421,0.7528268389800019,0.8058834892755056,0.7781202593237379,0.7615027714308891,0.7553495940960964,0.7684568871835545,0.7699841213625788,0.7865571376102929,0.8170583779621241,1.0,0.8143476269806322,0.7820206187408038,0.7360807972903467,0.7463297552343569,0.7399850784341283,0.7316723964126102,0.7982271890709571,0.06167035959947864,0.7852649116079891,0.8046084767183881,0.7416679560435613,0.7498270981682351,0.7781033213403967,0.6084511684411713,0.777450214194695,0.7305955440922756,0.7887716451816599,0.7833260327404861,0.7518180138743271,0.750956029081419,0.7446322619566745,0.7921648211585736,0.7909900326864192,0.7387855546820147,0.7579316253285078
0.7698681665017685,0.8161875394561289,0.7449873492876659,0.7464164033484407,0.774436334913507,0.7980435805454218,0.7674224611835254,0.7522539616871512,0.7628298656489254,0.7530027422904177,0.8027747029554033,0.7519353503671503,0.7904512665997909,0.7436273406174789,0.7469695871821648,0.7746756362924797,0.7995670531428345,0.7916534635385304,0.7655733778353018,0.7675354563443187,0.7885265902017637,0.794061560846418,0.8016096213229963,0.8059556736023483,0.8143476269806322,1.0,0.8008842407106622,0.7499230703584401,0.7602048857707533,0.7646348507830071,0.7512605149547338,0.7862953786861904,0.06053641977502111,0.7933297761536069,0.8027338733006487,0.7570469748195185,0.760564498090906,0.7927789318053695,0.6182014572467359,0.7996495523236513,0.7433544264684759,0.8045838517849856,0.7955318989744682,0.7616519857314956,0.7612005165953277,0.7571473098788291,0.80992978099035,0.8082937742131221,0.7571952731785463,0.7726573435974387
0.7728183567757814,0.813519228507309,0.7603108663642587,0.7590240128586346,0.7834215373547125,0.7969249440671966,0.7832049450301972,0.7601799623140361,0.7819764899471261,0.7626145789964366,0.8305195499641593,0.7567382981254707,0.8375190873399162,0.7580814423674017,0.7533102350952439,0.7798524214096118,0.7693600008873543,0.8311236089871052,0.806466901020189,0.7860546872139911,0.8240565848575128,0.818183794448147,0.8374090091748676,0.7946544044583845,0.7820206187408038,0.8008842407106622,1.0,0.757394751175746,0.771382393896877,0.773296453625808,0.7583260918291086,0.8132300639582477,0.06162345422243609,0.8247745665957379,0.7962380025509168,0.7671946182286173,0.7703830323270672,0.8422411891177036,0.6211094883652759,0.8403485116613086,0.7550352812643628,0.8096378923989748,0.8563002428414043,0.7655155531581553,0.7618479323780659,0.7724208056599358,0.8065508842937477,0.8052625497286895,0.7653439813054523,0.7751016027739585
0.7691136921937456,0.7628416576236299,0.7420149540185719,0.8349848010972809,0.7396279354497473,0.755246401436848,0.7509973415094306,0.8806228606185333,0.7548901498362529,0.826083928620942,0.7552770845233366,0.8198848393006695,0.7536520374824698,0.8252711443358949,0.8191601841014341,0.751073203048142,0.7318947451619691,0.7560266460096847,0.7405147129390297,0.7514976640416607,0.74540834436768,0.7470439458643129,0.753867720866723,0.7465782219725419,0.7360807972903467,0.7499230703584401,0.757394751175746,1.0,0.7750856144072671,0.7480781734715084,0.8201519292002758,0.7465481348910337,0.06103485780343576,0.7525101454508805,0.7515233648781242,0.7934506464022202,0.7347252573943102,0.7546812444035061,0.6505605306651128,0.7469952212125642,0.8176714638253316,0.7571836919690875,0.7479882137185953,0.9189820665820978,0.905158043149853,0.7679058601393813,0.7576428576126641,0.75799981490369,0.8203325680687349,0.7728047426084969
0.7821945037256466,0.7726368955520206,0.7563636596519766,0.7675122914911894,0.7465582726778627,0.7589829842884322,0.7658137668042329,0.7714002984784056,0.7742695048144583,0.7729949804132699,0.7651732841866152,0.7653678535388326,0.7657919521814985,0.7679899333039283,0.7632747840256371,0.7653623499078954,0.7427153616737174,0.7661046440741741,0.7454677639229785,0.7684760456253918,0.7607539859360839,0.7528934608557533,0.7666371693685536,0.7553978283279217,0.7463297552343569,0.7602048857707533,0.771382393896877,0.7750856144072671,1.0,0.7746348778968555,0.7687079508943594,0.7542083999888465,0.062108635227423936,0.7605534409309849,0.754703464008152,0.7678300593806311,0.7495667522313763,0.7603794571856742,0.6264121134557743,0.7630625879252855,0.7599692465088106,0.7699519826873609,0.7637282784914079,0.7738369311046066,0.7751715493164617,0.7976050532088178,0.7649817372091783,0.764438733553152,0.7703290994887978,0.8509463954940919
0.7926542561028554,0.7692092263723789,0.7637295152409641,0.7498362873597917,0.7429145722176164,0.7496271251683804,0.763065863608382,0.7502570055669469,0.7963256916375949,0.7583510594607406,0.7734058352294835,0.7545675248073037,0.7762667557894729,0.7475753237025392,0.7475144300760128,0.7719453017211735,0.7356104491887206,0.7722600127355098,0.7463981487583325,0.7659381829617006,0.76737980947552,0.7623321456446546,0.7703211551203618,0.7515294954050995,0.7399850784341283,0.7646348507830071,0.773296453625808,0.7480781734715084,0.7746348778968555,1.0,0.7525247319558246,0.762425555508543,0.06649712826872445,0.7658457161318551,0.7560444879701145,0.750356024127034,0.7528939010173761,0.7592289343240665,0.6171034104269266,0.779431544638032,0.7517994095259722,0.7717455740929318,0.7712487109058929,0.7517365191737391,0.7507134498754645,0.7827186789393669,0.7740993306712006,0.77359090726048,0.7528680561327556,0.782513655941222
0.7563083805567522,0.7616061357416689,0.7399001479534014,0.8241341233677068,0.7365873573518721,0.7461364022059935,0.737812915155869,0.8140398204456794,0.7507966361360977,0.8333362166174523,0.7515880816325293,0.812208044383138,0.7516939247881881,0.8171797277534306,0.8168066800251339,0.7481599049516671,0.7228316038809424,0.7515909149084302,0.7312774398130722,0.7414760267620851,0.7443067783999835,0.7475850120414667,0.7539628926020808,0.7400919375808148,0.7316723964126102,0.7512605149547338,0.7583260918291086,0.8201519292002758,0.7687079508943594,0.7525247319558246,1.0,0.7451607068706281,0.0634282889747454,0.7483044717476581,0.7452244243590217,0.7857260403102915,0.7282477244637305,0.7520140236075102,0.6384454184028159,0.7575541453477532,0.8566943559822353,0.7558240278480897,0.7470291265655475,0.8183426338593043,0.8131014561336684,0.7662639243119301,0.7588697011252241,0.7587108454646458,0.8140183614127592,0.7696471277673533
0.7634031108592687,0.7918441893446947,0.7449465991373982,0.7557468648924092,0.7869744660705265,0.7921435359154421,0.765586571805668,0.74765908181363,0.7651066054801152,0.7509097823817263,0.7982335407723751,0.7505811021697109,0.8257598686357477,0.7479157436641861,0.7526184474765032,0.7637846788602665,0.7897549225312761,0.8069588954377714,0.7917996446049806,0.7669917084567887,0.8045163307300641,0.8045832012308098,0.8190243183309174,0.7924506786112566,0.7982271890709571,0.7862953786861904,0.8132300639582477,0.7465481348910337,0.7542083999888465,0.762425555508543,0.7451607068706281,1.0,0.070809984531914,0.8110277421364879,0.7795406293181025,0.7534612908349342,0.7617861204812283,0.8083239308659591,0.6244647303482871,0.8164722738568703,0.7481136157918935,0.7925442935960367,0.8185235829777989,0.7513907473445807,0.7546336287699245,0.7503095029326241,0.7968969506294755,0.7954097718095214,0.7434359448226926,0.7597380358532267
0.06010117846117535,0.06059579223054601,0.06328751240113129,0.06183850203556651,0.059434789698519674,0.06815325103213044,0.07363125286242611,0.063771515020141,0.06898730103364359,0.0645724566390401,0.06583637604679982,0.06920933285706565,0.07167318410592993,0.06001997578481311,0.06260809168003423,0.06999957907865861,0.06132987988706373,0.06518398080753385,0.07556088660705762,0.07171374898883498,0.06604253678695993,0.0710692002208918,0.06819281463889038,0.06301028125037733,0.06167035959947864,0.06053641977502111,0.06162345422243609,0.06103485780343576,0.062108635227423936,0.06649712826872445,0.0634282889747454,0.070809984531914,1.0,0.07248797265920015,0.06515305971796026,0.07408403753637882,0.07016780009233492,0.0643100467317631,0.07756109235421327,0.06251080380109075,0.06328972389041687,0.06594010500534786,0.06101190281600066,0.06180605850645404,0.06307121921100067,0.06209587898414348,0.05903595127066519,0.05958347221633664,0.062291954000570526,0.06551302277162419
0.7753718406454648,0.805767276891247,0.7547937618664802,0.7496945553849124,0.7786602167434815,0.8038234766126284,0.7868479940373088,0.7563697221590792,0.7728597717917992,0.7488530133468352,0.8153526010541632,0.7497379946281646,0.8302612844001194,0.7485428384114391,0.7486539557202672,0.78212932064068,0.7787375381142218,0.8297849014388055,0.8013645702339801,0.7881794688384651,0.8279420762835634,0.8516578089763466,0.860602757098653,0.7922510631963964,0.7852649116079891,0.7933297761536069,0.8247745665957379,0.7525101454508805,0.7605534409309849,0.7658457161318551,0.7483044717476581,0.8110277421364879,0.07248797265920015,1.0,0.7999673407878041,0.7732020432735616,0.7761881678147246,0.8125492129037339,0.6300160922991036,0.8257096469342895,0.7410909830873507,0.8063496108300597,0.8296694162971641,0.7590755946888762,0.7589817982242761,0.7605022713753982,0.8014422141200132,0.8018849771885816,0.7489992562426229,0.770499021345185
0.7611252844306301,0.8235968491054746,0.7396975762597661,0.7449282903185452,0.7673105082818199,0.8191443380931034,0.7748702960066155,0.7523643521477527,0.763173176779797,0.7466356610087223,0.7971949291854326,0.7487250398952723,0.7931042334104772,0.7476678637257628,0.7441104896027504,0.7656852828624428,0.781750163067648,0.8002181189050506,0.7754428830163732,0.7728880391484949,0.7933391807269268,0.7904041416434446,0.8017867069034417,0.8160526549235176,0.8046084767183881,0.8027338733006487,0.7962380025509168,0.7515233648781242,0.754703464008152,0.7560444879701145,0.7452244243590217,0.7795406293181025,0.06515305971796026,0.7999673407878041,1.0,0.7579747706846666,0.7601992275915224,0.7866466860745739,0.6241107849687968,0.7995352253796149,0.7380047494548192,0.8027232390873189,0.7979625500474774,0.7572343520915881,0.7561391315998736,0.7553883981479387,0.8012310475962783,0.8012871432038557,0.748853062977126,0.768793672850057
0.7650098869561922,0.7606852696441068,0.7409368691997192,0.7944913065129597,0.7383365048292743,0.7655707497500909,0.7602072989994957,0.7954882739034762,0.7607260185043321,0.7985041904307295,0.7616631584617678,0.7926847897387073,0.7646074703406193,0.7840355160689083,0.7816797636618505,0.7544847906669441,0.73839714681744,0.7726173603179172,0.7515879410772868,0.7586308050541255,0.7590144463814481,0.7594586224201352,0.7711170222755414,0.7549254713632705,0.7416679560435613,0.7570469748195185,0.7671946182286173,0.7934506464022202,0.7678300593806311,0.750356024127034,0.7857260403102915,0.7534612908349342,0.07408403753637882,0.7732020432735616,0.7579747706846666,1.0,0.7445961552268523,0.7580385085931298,0.659924380707761,0.7620651390553936,0.7849158974140076,0.7649402342726707,0.7603724765258875,0.7988389475847234,0.8011227399652311,0.7577968057368731,0.7581231884072607,0.757924303031828,0.7986445855779671,0.7710595363869701
0.7545346631892608,0.761366494857557,0.7361428070140295,0.7357258645067709,0.7354347393173825,0.7574592898975867,0.9093851220102843,0.7375531863203966,0.7556132654177619,0.7344210477785083,0.7548829105436539,0.7348853053112443,0.7692824777915517,0.7344404931895069,0.7366203508630571,0.8867900072867236,0.7313378728195089,0.7881641683508417,0.7585555881087598,0.9118534845070707,0.7790238028024821,0.7783215412215354,0.7874870949145618,0.7497995727810045,0.7498270981682351,0.760564498090906,0.7703830323270672,0.7347252573943102,0.7495667522313763,0.7528939010173761,0.7282477244637305,0.7617861204812283,0.07016780009233492,0.7761881678147246,0.7601992275915224,0.7445961552268523,1.0,0.758580996765339,0.6168979452757928,0.7603338418129775,0.7284539419402701,0.7681387051526238,0.7684054886417,0.7405825390349092,0.741651945252412,0.7443192581798148,0.7599090176031229,0.7597366921649518,0.7348481576873336,0.7599727799273572
0.7659242338133946,0.8112497735374058,0.750498304848064,0.7505144279812692,0.7795621799976675,0.7910525745193487,0.7671523479691383,0.7583116564357666,0.7691649000861107,0.7521765094440122,0.8194837775151611,0.7525019364656572,0.8163419376222011,0.7543232061196296,0.7494669776856748,0.7696954797650095,0.7642571210286218,0.8068831330538934,0.7884058770534519,0.7720549693406771,0.8118337664786343,0.8081856197982245,0.8182688720215534,0.7835578393934798,0.7781033213403967,0.7927789318053695,0.8422411891177036,0.7546812444035061,0.7603794571856742,0.7592289343240665,0.7520140236075102,0.8083239308659591,0.0643100467317631,0.8125492129037339,0.7866466860745739,0.7580385085931298,0.758580996765339,1.0,0.6249014158309707,0.8255769940075892,0.7464440556027319,0.8024775361668823,0.8548160395076287,0.7625124756580601,0.7566753622201061,0.7583896022906865,0.8075119527798793,0.8060997402561845,0.7544829153155588,0.7684615502829499
0.6328047549580165,0.6222788519100102,0.615171558155486,0.6549496155244329,0.6253976565222324,0.6296895734341138,0.6285496929585872,0.6546112807652412,0.6216572979547168,0.6490092769899591,0.617170163344571,0.6556778231420719,0.6222289486275712,0.6428694532929442,0.6452329360336724,0.620593148296142,0.6106020394404519,0.6269655943148686,0.6154110462623172,0.6249261588031314,0.6172651780762106,0.6145034167052833,0.6237485450992142,0.622150783990874,0.6084511684411713,0.6182014572467359,0.6211094883652759,0.6505605306651128,0.6264121134557743,0.6171034104269266,0.6384454184028159,0.6244647303482871,0.07756109235421327,0.6300160922991036,0.6241107849687968,0.659924380707761,0.6168979452757928,0.6249014158309707,1.0,0.617228908836859,0.6414617410580532,0.6260212025906617,0.6230843726770545,0.6525346256991145,0.6528563253687394,0.6201809691226288,0.6184080204450985,0.6182768410486473,0.6523026617781535,0.6313559214768932
