../ecoli_genomes/GCF_000163235.1_ASM16323v1_genomic.fna.gz,../ecoli_genomes/GCF_000164555.1_ASM16455v1_genomic.fna.gz,../ecoli_genomes/GCF_000208545.1_ASM20854v2_genomic.fna.gz,../ecoli_genomes/GCF_000233875.1_ASM23387v1_genomic.fna.gz,../ecoli_genomes/GCF_000249735.1_ASM24973v2_genomic.fna.gz,../ecoli_genomes/GCF_000261145.1_Esch_coli_M919_V2_genomic.fna.gz,../ecoli_genomes/GCF_000267705.2_ASM26770v2_genomic.fna.gz,../ecoli_genomes/GCF_000350665.1_Esch_coli_KTE5_V1_genomic.fna.gz,../ecoli_genomes/GCF_000351625.1_Esch_coli_KTE66_V1_genomic.fna.gz,../ecoli_genomes/GCF_000352285.1_Esch_coli_KTE46_V1_genomic.fna.gz,../ecoli_genomes/GCF_000358895.1_ASM35889v1_genomic.fna.gz,../ecoli_genomes/GCF_000456385.1_Esch_coli_HVH_26_4-5703913_V1_genomic.fna.gz,../ecoli_genomes/GCF_000458195.1_Esch_coli_HVH_147_4-5893887_V1_genomic.fna.gz,../ecoli_genomes/GCF_000459755.1_Esch_coli_KOEGE_58_171a_V1_genomic.fna.gz,../ecoli_genomes/GCF_000460055.1_Esch_coli_UMEA_3053-1_V1_genomic.fna.gz,../ecoli_genomes/GCF_000462165.2_ASM46216v2_genomic.fna.gz,../ecoli_genomes/GCF_000601135.1_ASM60113v1_genomic.fna.gz,../ecoli_genomes/GCF_000614595.1_Ec2010EL1058_genomic.fna.gz,../ecoli_genomes/GCF_000617745.1_Ec2010C-4529_genomic.fna.gz,../ecoli_genomes/GCF_000618265.2_EcF6751_genomic.fna.gz,../ecoli_genomes/GCF_000619005.2_Ec2009C-4052_genomic.fna.gz,../ecoli_genomes/GCF_000619105.1_Ec2009C-4780_genomic.fna.gz,../ecoli_genomes/GCF_000619765.2_Ec2009C-3279_genomic.fna.gz,../ecoli_genomes/GCF_000687005.1_ASM68700v1_genomic.fna.gz,../ecoli_genomes/GCF_000687025.1_ASM68702v1_genomic.fna.gz,../ecoli_genomes/GCF_000700125.1_ASM70012v1_genomic.fna.gz,../ecoli_genomes/GCF_000753315.1_FHI35_genomic.fna.gz,../ecoli_genomes/GCF_000776375.1_ASM77637v1_genomic.fna.gz,../ecoli_genomes/GCF_000779395.1_ASM77939v1_genomic.fna.gz,../ecoli_genomes/GCF_000780315.1_ASM78031v1_genomic.fna.gz,../ecoli_genomes/GCF_000781995.1_ASM78199v1_genomic.fna.gz,../ecoli_genomes/GCF_000986765.1_ASM98676v1_genomic.fna.gz,../ecoli_genomes/GCF_001041375.1_ViralProj287958_genomic.fna.gz,../ecoli_genomes/GCF_001265335.1_302014_genomic.fna.gz,../ecoli_genomes/GCF_001265625.1_100854_genomic.fna.gz,../ecoli_genomes/GCF_001267345.1_303289_genomic.fna.gz,../ecoli_genomes/GCF_001309985.1_ASM130998v1_genomic.fna.gz,../ecoli_genomes/GCF_001521695.1_ASM152169v1_genomic.fna.gz,../ecoli_genomes/GCF_001592595.1_ASM159259v1_genomic.fna.gz,../ecoli_genomes/GCF_001614975.1_ASM161497v1_genomic.fna.gz,../ecoli_genomes/GCF_001692775.1_ASM169277v1_genomic.fna.gz,../ecoli_genomes/GCF_001748915.1_ASM174891v1_genomic.fna.gz,../ecoli_genomes/GCF_001749235.1_ASM174923v1_genomic.fna.gz,../ecoli_genomes/GCF_001881155.1_ASM188115v1_genomic.fna.gz,../ecoli_genomes/GCF_001881345.1_ASM188134v1_genomic.fna.gz,../ecoli_genomes/GCF_001892405.1_ASM189240v1_genomic.fna.gz,../ecoli_genomes/GCF_001892585.1_ASM189258v1_genomic.fna.gz,../ecoli_genomes/GCF_001893985.1_ASM189398v1_genomic.fna.gz,../ecoli_genomes/GCF_002001595.1_ASM200159v1_genomic.fna.gz,../ecoli_genomes/GCF_002002145.1_ASM200214v1_genomic.fna.gz
1.0,0.7803927492543106,0.7700638581809507,0.7625546672664671,0.7586290860513447,0.7695192552293347,0.7630484298443823,0.7716158608646416,0.7952071538679826,0.7675578776105807,0.7673087956452712,0.7765346852444734,0.7742427559506322,0.7609633091553633,0.7539910720042912,0.7607779564425465,0.7637207242530341,0.7735135029197769,0.7565114056738409,0.763108356371276,0.7690179009140435,0.7574940813342971,0.7745757476655577,0.755857022149025,0.7541917285717427,0.7644049667245386,0.7716627321866275,0.7673673459408626,0.7804286050844985,0.7976332948939879,0.7467683079696122,0.7695371909255948,0.05944520003679765,0.7649232893939117,0.7609876096929581,0.7600135552537902,0.749968783908987,0.771961262252962,0.6635685889514522,0.7765590613486602,0.7487423570929633,0.7670580144253738,0.7745937297593524,0.7697282795844103,0.773579996215783,0.7616087243651697,0.7667977475667421,0.76638462757296,0.7610874459885946,0.7838112976165517
0.7803927492543106,1.0,0.7549570539111004,0.7605180625940635,0.784005751891537,0.8161716205697191,0.7788488171896242,0.7695552496878921,0.7600284429880352,0.768680412044757,0.7917088061073569,0.7700633673286362,0.8052418440225118,0.7532099486426719,0.7455440957977363,0.7706931483680698,0.8063530634107001,0.7991318109647756,0.7864593613179228,0.780868672475104,0.797283468454777,0.7802491957457125,0.8055990528233804,0.8107590916011522,0.8160983682426012,0.80508254802773,0.8033118048869665,0.7709498923239575,0.7648220192717035,0.7756566641884822,0.7518210135575326,0.7979680162526835,0.05889219057554518,0.7969415542201712,0.8199228082988477,0.7549603033985126,0.7639548759962093,0.8033641264650543,0.6538373673551847,0.8111493649447306,0.7492657254309437,0.8104368423155024,0.8019575385718258,0.7738823088407711,0.7745077016536774,0.7621279580787087,0.8208105700527684,0.8198590319389131,0.7574099677744051,0.7633100116153901
0.7700638581809507,0.7549570539111004,1.0,0.7469165740886826,0.7284936649789975,0.7433804949169505,0.7493009867069306,0.7520360026094343,0.757836709703431,0.7509246012510511,0.7448597196999804,0.7520314668298071,0.7538566519322472,0.7430467025234085,0.7405207905625417,0.7425700747400901,0.7389034867263271,0.7584365719974834,0.7377548312863653,0.7516918514715311,0.7541286831782862,0.7349453859494244,0.7576043238369974,0.7282090286936579,0.7282414798361183,0.7347520702366082,0.7473395826062039,0.7535041914533591,0.7618332283450208,0.7703099055695488,0.7380379026589624,0.746948156983851,0.053739084758793076,0.7519096234211701,0.7300972057908084,0.7519085842217917,0.7401884854311492,0.7400775409908318,0.6483217782734532,0.7522018484348165,0.7387674483065533,0.7481561285308478,0.748922970238795,0.7554348974602004,0.7551181016695863,0.7489179549631646,0.7499456118326175,0.7489883144251788,0.7473739632499385,0.7636060859711007
0.7625546672664671,0.7605180625940635,0.7469165740886826,1.0,0.751804604724436,0.7482191407293342,0.7525978596493861,0.8198256437287272,0.7576834547846375,0.8283255016277481,0.7478061617064442,0.8353344725991382,0.7603717905260506,0.8421041969014404,0.847695798095156,0.7491399590156331,0.75050576245593,0.758784405340746,0.7483114356231502,0.7524011868059985,0.7586066153063304,0.7462760476041813,0.7673961050328487,0.738178549117779,0.7451774300799437,0.7551966781168489,0.7553654168081065,0.8379679681761667,0.764729936958427,0.751100474337531,0.8248344030963871,0.7630321915185069,0.059325081850369776,0.7559607066024269,0.7320856570234524,0.79695192314491,0.7373753781331072,0.7480410410322467,0.6870584893315386,0.755974842598391,0.8314734586020875,0.756903477963337,0.7580092918616268,0.8373309976312932,0.8272140551980227,0.7531083134259393,0.7495376832386493,0.7492773935811332,0.8096814044678716,0.7669307035718647
0.7586290860513447,0.784005751891537,0.7284936649789975,0.751804604724436,1.0,0.7842620787663497,0.7605523520035002,0.7564653627340663,0.7566279181164621,0.7529406593719163,0.8043987487346569,0.7481798072196326,0.8091882719709659,0.7446538254468804,0.740001477185575,0.7591286018753673,0.7854322255401811,0.7822654350899998,0.7810088473733495,0.7604237350700054,0.789376276872788,0.7738461236154774,0.7960887269120707,0.7795365164739241,0.7795394880567149,0.7797516654082228,0.7947819315577103,0.7518539091564254,0.7500443733458921,0.7543083797247925,0.736649453415303,0.7928347273149752,0.05767810721026867,0.7894024060662412,0.7671794140215604,0.7404821476493223,0.7515695194284728,0.7956716951283413,0.6643855935679193,0.8040418789426534,0.7429492403856287,0.7825967672619385,0.8047369205042454,0.7533792224840589,0.7558418307420309,0.7512038232333332,0.785980179655891,0.7856420922223988,0.7439804343398516,0.7541773920006589
0.7695192552293347,0.8161716205697191,0.7433804949169505,0.7482191407293342,0.7842620787663497,1.0,0.7734205537920318,0.7623176996353506,0.7604831146565888,0.7486983204853929,0.7908039524994662,0.754515200943857,0.7958241464452194,0.7434640808081763,0.7372322066923056,0.7767897888617182,0.8002394227363812,0.7872786555237127,0.7922010729450605,0.7721858817650435,0.7821983027930879,0.7956013983502874,0.7970770699836619,0.8239734124179761,0.824196745415708,0.798013982084008,0.7903844094157698,0.7592027131167518,0.7596081833285654,0.7541349089610674,0.7308205730529327,0.7958559953799302,0.060477310785281735,0.7899297649571092,0.808447288386717,0.7495249853202302,0.7647568901904591,0.7952370840422238,0.6545273518026689,0.8009766631731006,0.7347041312629524,0.8091020018852895,0.7948760747469974,0.759117882341328,0.7596748297686597,0.7554226320687041,0.8051614072359963,0.8050771390640233,0.7429574629873413,0.7638668200066019
0.7630484298443823,0.7788488171896242,0.7493009867069306,0.7525978596493861,0.7605523520035002,0.7734205537920318,1.0,0.7599354218036352,0.7623072533645139,0.750855801024886,0.7658498375601771,0.7553258992603276,0.783174438980091,0.7419826108225342,0.7396822297071861,0.9005486012402911,0.7678216069054556,0.7918715634252403,0.7880038536166853,0.9491152851476726,0.7988531189482571,0.7838777320680002,0.8042595218497215,0.7620116572965576,0.7661038765938097,0.767629561804042,0.7842917242548963,0.7587143191532805,0.7646692865408855,0.7708737105263911,0.7355622940529314,0.7742882487466464,0.059598537192964596,0.7887912916204293,0.7657646010939183,0.7598736539889022,0.91980871565269,0.7660752718797512,0.6522904610703897,0.7825967376012203,0.7372069514105988,0.7772087148043163,0.7801855337078433,0.7596089159133912,0.7613416351903739,0.7563124717362613,0.7666374025220444,0.7667378605218766,0.7452517419104481,0.7673749640390954
0.7716158608646416,0.7695552496878921,0.7520360026094343,0.8198256437287272,0.7564653627340663,0.7623176996353506,0.7599354218036352,1.0,0.760658543024336,0.8285887982123354,0.7547693425488019,0.8245333719399774,0.7671318240424597,0.8238881691021784,0.8115880491372276,0.7592066190918888,0.7594893682749095,0.7642548895317341,0.7510452244402628,0.7592406264394718,0.7604155746958708,0.7498694706228058,0.7684101468723227,0.7551208468329739,0.7523298177131135,0.7692939670082481,0.7633225554374419,0.8759211208933619,0.7722209997253954,0.7616512428340481,0.8065178779073361,0.7628513628767318,0.05875120718867144,0.7628082611068875,0.7404699939285527,0.8036976972149716,0.7481073733504779,0.7674168614467802,0.6929771871445927,0.7651500978295327,0.8059825437095419,0.7631344771948418,0.7646856720280402,0.8818637983245634,0.8706447862691431,0.7585892235622186,0.7553647224170811,0.7543204470988107,0.8071036121112194,0.7674783050831939
0.7952071538679826,0.7600284429880352,0.757836709703431,0.7576834547846375,0.7566279181164621,0.7604831146565888,0.7623072533645139,0.760658543024336,1.0,0.762200984332306,0.7558475812617356,0.7558452964601204,0.7655885186017941,0.7548746359550329,0.7535542449429117,0.7585337982284368,0.7536240460906405,0.7597668939380432,0.7431418322705872,0.7644073445816157,0.7587797442177181,0.7433417363874901,0.7668014666789432,0.7485010927974542,0.7427242860206538,0.7493313757654407,0.7675412609630677,0.761512690342123,0.7745180351410065,0.8026557323701485,0.7488357937984325,0.7553618701935334,0.05943505410141625,0.759459534595762,0.7427985735818042,0.7626475763224134,0.7487975388203132,0.7583618398111791,0.6540985331191691,0.7689883181960642,0.7497971785294005,0.7623140185428752,0.7695842974489489,0.7614245457577935,0.7588644948661931,0.7672515045652766,0.7578622082107537,0.7575426842315892,0.7580976356950878,0.7838300833965443
0.7675578776105807,0.768680412044757,0.7509246012510511,0.8283255016277481,0.7529406593719163,0.7486983204853929,0.750855801024886,0.8285887982123354,0.762200984332306,1.0,0.7518252287475894,0.8264607977495306,0.7618335417878495,0.8262887532601866,0.8180155332882547,0.7500835602589323,0.7441268310600128,0.7562507356276345,0.7405630838977719,0.7513514252293091,0.7506197888165977,0.7409039476278396,0.7566797700771142,0.7382790363856997,0.7404750645029312,0.7553057706886211,0.7542032657215274,0.8286722277930553,0.7741061646216654,0.7655932615220089,0.8312661895928231,0.7536371148571508,0.058092557097766284,0.746720789981907,0.732134508364429,0.803294280265104,0.7399024858554573,0.7527755727265818,0.6853667823245959,0.7603899492232428,0.8272824528548297,0.7523072680491918,0.7556115055921943,0.8303682454207504,0.8293129130379112,0.757380723848704,0.7469041689367515,0.7466880687493873,0.8215545275291198,0.7649132711678446
0.7673087956452712,0.7917088061073569,0.7448597196999804,0.7478061617064442,0.8043987487346569,0.7908039524994662,0.7658498375601771,0.7547693425488019,0.7558475812617356,0.7518252287475894,1.0,0.7511370869086088,0.8242007196167855,0.7480955374888967,0.7415207835712159,0.7671455716158934,0.7770730243698887,0.8070782632467098,0.7916465103748136,0.7677280810194748,0.7934042391077568,0.7993177573278683,0.806549349573698,0.7874502010986472,0.7743288112776646,0.7858143422202938,0.8124927762420594,0.7552668528878114,0.7589837439367668,0.7625435638090978,0.7318244276447481,0.7916192467883827,0.05231674468793257,0.7983573864532897,0.778117247294479,0.7579028653723092,0.7559527761869377,0.8046472551588602,0.650232300192473,0.8229656596061392,0.7362789287893459,0.7997992800269673,0.8180279062050766,0.7559756651555193,0.7551568870523351,0.7553451529110078,0.7943048064911264,0.7935751983187238,0.74117425182048,0.7660745567709484
0.7765346852444734,0.7700633673286362,0.7520314668298071,0.8353344725991382,0.7481798072196326,0.754515200943857,0.7553258992603276,0.8245333719399774,0.7558452964601204,0.8264607977495306,0.7511370869086088,1.0,0.7627858426428503,0.8339452356151158,0.8442687574768983,0.7530877412892862,0.7522889972661989,0.7585885972082729,0.754114698573092,0.7554188186905171,0.7588184700638319,0.7531702209917118,0.7673169960261829,0.7455177524323213,0.7493573602842654,0.7595509115664257,0.7586711811224233,0.831288364856074,0.772066731610348,0.7632926795494245,0.8057965310008831,0.7572684201562988,0.06115257221496051,0.755614261942518,0.7409525925667777,0.7984765082149847,0.7423606256445635,0.756081329690096,0.6937940703413719,0.7598745402983076,0.8147554630443226,0.7592426912184238,0.7624217060244227,0.8289523084830667,0.8245964702452968,0.7616866017258117,0.7572804522048254,0.7574384249313607,0.808324653752933,0.772066303943515
0.7742427559506322,0.8052418440225118,0.7538566519322472,0.7603717905260506,0.8091882719709659,0.7958241464452194,0.783174438980091,0.7671318240424597,0.7655885186017941,0.7618335417878495,0.8242007196167855,0.7627858426428503,1.0,0.7602889671338195,0.7549248437904398,0.7802402596076952,0.7918176651829258,0.8236541280917234,0.8157178160298231,0.7853147488012833,0.8249902614749761,0.8190347595182498,0.8439086688287237,0.7881788409411002,0.7828232362831167,0.7912066305699059,0.8430053080880465,0.7619907583889005,0.7693185204601128,0.7774260482396009,0.746094876901561,0.8129250027722177,0.06054235483154613,0.8330976850465628,0.7929731247079511,0.7549564459411757,0.772597132783525,0.8167616085237679,0.657389053110015,0.8461392476874668,0.7466610557381091,0.8062871806195617,0.8347856541912634,0.7629657799702696,0.7603198417246094,0.7561265250169371,0.8060263062140778,0.8052077934715248,0.7440309787831167,0.77204696928692
0.7609633091553633,0.7532099486426719,0.7430467025234085,0.8421041969014404,0.7446538254468804,0.7434640808081763,0.7419826108225342,0.8238881691021784,0.7548746359550329,0.8262887532601866,0.7480955374888967,0.8339452356151158,0.7602889671338195,1.0,0.847047425301849,0.7412464721441822,0.7464218223931383,0.7568225270193524,0.7397818697320377,0.7439803731756729,0.7517006822002393,0.7431845995456889,0.7594293382916464,0.7305681429497223,0.7351758046484382,0.7459822786873527,0.7567588069689541,0.8373289175146834,0.7674355137083108,0.7555249080147175,0.8133988361957533,0.7533033782370212,0.05644355771297416,0.7454169166664706,0.7271093232559489,0.7986204896361144,0.730408691549711,0.7532819765927667,0.6836158127788634,0.7593485420591141,0.8193506057229907,0.7497637904333311,0.7573880632738419,0.8328872865907603,0.823352471823521,0.7539424518190847,0.7515450957833922,0.7512784922651914,0.8116216529781336,0.7664877929813703
0.7539910720042912,0.7455440957977363,0.7405207905625417,0.847695798095156,0.740001477185575,0.7372322066923056,0.7396822297071861,0.8115880491372276,0.7535542449429117,0.8180155332882547,0.7415207835712159,0.8442687574768983,0.7549248437904398,0.847047425301849,1.0,0.7375761105458174,0.7405067096561372,0.7447909357242992,0.7324533361324966,0.7398713021301863,0.7411026630379355,0.7307287370380806,0.7497323226249284,0.7298222055561644,0.7313981406489407,0.7411239440041624,0.7451028774181387,0.8205802127573039,0.7592497018114404,0.7524153223192711,0.8192915364350206,0.7451664572962691,0.05779014193364773,0.7427335084438346,0.7233820586204557,0.792127976956839,0.7284022875791241,0.7399018812724973,0.6821102410060336,0.7471263212698648,0.8305503974039726,0.7504701016029722,0.7496420240908857,0.8180424619668744,0.8056152375739853,0.7481128605459648,0.7450746581051427,0.7446029018633185,0.801255084670421,0.7658628391841739
0.7607779564425465,0.7706931483680698,0.7425700747400901,0.7491399590156331,0.7591286018753673,0.7767897888617182,0.9005486012402911,0.7592066190918888,0.7585337982284368,0.7500835602589323,0.7671455716158934,0.7530877412892862,0.7802402596076952,0.7412464721441822,0.7375761105458174,1.0,0.7644207787023434,0.7782376891607308,0.7846409654076857,0.8982506610305577,0.7836982603751768,0.7929855276844963,0.7949153451737299,0.7684145692122636,0.7716294187622921,0.7758398410097331,0.773500966484147,0.7558077739849087,0.7580900411205311,0.769225314458535,0.7351388902588444,0.7685691350944017,0.060275330472101984,0.7760246233193917,0.7588870758460058,0.7565782377582229,0.9003832456135059,0.7620792126015828,0.6441524029096772,0.7783079903268797,0.7389343985088223,0.768186788417385,0.7695067946550534,0.7567739057956722,0.7589099400772363,0.7545106787993151,0.7623602783322398,0.7626321769211031,0.7417490191972202,0.7632118796947972
0.7637207242530341,0.8063530634107001,0.7389034867263271,0.75050576245593,0.7854322255401811,0.8002394227363812,0.7678216069054556,0.7594893682749095,0.7536240460906405,0.7441268310600128,0.7770730243698887,0.7522889972661989,0.7918176651829258,0.7464218223931383,0.7405067096561372,0.7644207787023434,1.0,0.7763069903508426,0.7744128188807072,0.7684593761875906,0.783011414674591,0.7762539258141715,0.7945999191155073,0.8018754467350797,0.7981142924948337,0.8127004964314036,0.7839715662041471,0.7538330613012751,0.7469217879808389,0.7576852932996101,0.7309867710068085,0.8055463363494068,0.05287012141249792,0.7914054682332248,0.7977033014588794,0.7484423263211619,0.7584042775126668,0.7803964852359377,0.6473632208047924,0.7911714903947558,0.7382452521768055,0.8001034462800815,0.7927371813040396,0.7547625653164134,0.7558762650743878,0.7507024681466918,0.8083375922597822,0.8091040264965956,0.7419045805955901,0.7559767232734245
0.7735135029197769,0.7991318109647756,0.7584365719974834,0.758784405340746,0.7822654350899998,0.7872786555237127,0.7918715634252403,0.7642548895317341,0.7597668939380432,0.7562507356276345,0.8070782632467098,0.7585885972082729,0.8236541280917234,0.7568225270193524,0.7447909357242992,0.7782376891607308,0.7763069903508426,1.0,0.8250949268818563,0.7922758152662037,0.8303046626383371,0.813408645146043,0.839020857140824,0.7644772832711666,0.7718914412871102,0.7790555699143124,0.821481440556816,0.7637470696793235,0.7674223911416065,0.7733360401753988,0.742946557106725,0.8030650302280851,0.05529848648472424,0.8207529034120769,0.7856607383199191,0.7678230216270895,0.7758442597544528,0.7926389860985357,0.6633058048859914,0.8219704463712838,0.7408660645466887,0.8010696722725071,0.8169192755529806,0.7646523438863464,0.7626075519944331,0.7569234588118723,0.795335624091322,0.7946499593994463,0.7462365335215663,0.7658643127128245
0.7565114056738409,0.7864593613179228,0.7377548312863653,0.7483114356231502,0.7810088473733495,0.7922010729450605,0.7880038536166853,0.7510452244402628,0.7431418322705872,0.7405630838977719,0.7916465103748136,0.754114698573092,0.8157178160298231,0.7397818697320377,0.7324533361324966,0.7846409654076857,0.7744128188807072,0.8250949268818563,1.0,0.7862369564957726,0.8227152404313569,0.8211184530285426,0.8274986905669888,0.7746873232071387,0.7813313033654766,0.7712296275919382,0.8135311604451443,0.7483515668001632,0.7532809532627553,0.752184400279645,0.724200872976182,0.7999680380722579,0.059694953977173504,0.8086400151615458,0.7804251422188234,0.7494873216814016,0.7788877907533821,0.7842133335739326,0.6582905937714809,0.8099030543954071,0.7279145199352857,0.787073324097433,0.8031118187708981,0.7517784160730204,0.7515347967739474,0.7403774146614778,0.7766991998434999,0.7764459078475068,0.7312492721579656,0.7555132097798632
0.763108356371276,0.780868672475104,0.7516918514715311,0.7524011868059985,0.7604237350700054,0.7721858817650435,0.9491152851476726,0.7592406264394718,0.7644073445816157,0.7513514252293091,0.7677280810194748,0.7554188186905171,0.7853147488012833,0.7439803731756729,0.7398713021301863,0.8982506610305577,0.7684593761875906,0.7922758152662037,0.7862369564957726,1.0,0.7987644687228157,0.7817739870275077,0.8053393912679119,0.7576709958000565,0.7658411729388274,0.7653963613536979,0.7854045715108404,0.76084206835794,0.7644696350236627,0.7725372614205169,0.736897323543431,0.7730991732995521,0.06140855764166786,0.7876141935388856,0.764794494672231,0.7603523243876827,0.9196973323201392,0.7681300598213516,0.6503606985584665,0.7856956221700957,0.7384921173282972,0.7780226509170046,0.782328481730845,0.7604581216636255,0.7613690148538028,0.7591787039376743,0.7698384091458137,0.7698825382174997,0.7473391814862068,0.7666157608744841
0.7690179009140435,0.797283468454777,0.7541286831782862,0.7586066153063304,0.789376276872788,0.7821983027930879,0.7988531189482571,0.7604155746958708,0.7587797442177181,0.7506197888165977,0.7934042391077568,0.7588184700638319,0.8249902614749761,0.7517006822002393,0.7411026630379355,0.7836982603751768,0.783011414674591,0.8303046626383371,0.8227152404313569,0.7987644687228157,1.0,0.8069712950059575,0.8391334981400078,0.7711156874261382,0.775234816314125,0.7799354863270322,0.8233706418516256,0.7606134956204321,0.7626839456626914,0.7698644447933458,0.7370893442464388,0.8095119746238959,0.06135415988449833,0.8284008320413729,0.7856054376097975,0.7581428155979153,0.782426937684025,0.7985964555415028,0.6577560329306205,0.820154751171569,0.7416008190274652,0.7919782586465209,0.8174080608053722,0.7620700180488713,0.7625010854961556,0.7567892603333848,0.8003404201300064,0.799508715531196,0.7465033610217986,0.7649961431539561
0.7574940813342971,0.7802491957457125,0.7349453859494244,0.7462760476041813,0.7738461236154774,0.7956013983502874,0.7838777320680002,0.7498694706228058,0.7433417363874901,0.7409039476278396,0.7993177573278683,0.7531702209917118,0.8190347595182498,0.7431845995456889,0.7307287370380806,0.7929855276844963,0.7762539258141715,0.813408645146043,0.8211184530285426,0.7817739870275077,0.8069712950059575,1.0,0.8699980467329301,0.7807321208491727,0.78662106695821,0.790307406416865,0.8111117895379005,0.7467035027789609,0.7511871035223303,0.750666786021787,0.722984341339526,0.8011608569817117,0.054589117871638115,0.8298601163439245,0.7756852275124553,0.7493077880349772,0.7785335362984236,0.7961349275971815,0.6452647381500285,0.8104495798419907,0.7269944264962537,0.7805717333359757,0.8051622562243699,0.7482882665235593,0.7492467224621246,0.7434857558215133,0.7785123390696619,0.7778639755228257,0.7363023037320033,0.7567825543331438
0.7745757476655577,0.8055990528233804,0.7576043238369974,0.7673961050328487,0.7960887269120707,0.7970770699836619,0.8042595218497215,0.7684101468723227,0.7668014666789432,0.7566797700771142,0.806549349573698,0.7673169960261829,0.8439086688287237,0.7594293382916464,0.7497323226249284,0.7949153451737299,0.7945999191155073,0.839020857140824,0.8274986905669888,0.8053393912679119,0.8391334981400078,0.8699980467329301,1.0,0.7808005652651583,0.7865727849424602,0.7848157771957598,0.8394871720401834,0.7677573831964156,0.7693183983475407,0.7737714605598003,0.7445079213101831,0.8204558048829571,0.0564239688967324,0.8589132251338514,0.7930364764679807,0.7662935027625044,0.7926972544605156,0.8118631985286481,0.6605105567047598,0.8283767402792733,0.7463917587607447,0.8047940522639816,0.8264234310097529,0.7678762024533945,0.7660355189474702,0.7614983317246613,0.8004498011644609,0.8001978140593349,0.7564146832003533,0.7723448769952257
0.755857022149025,0.8107590916011522,0.7282090286936579,0.738178549117779,0.7795365164739241,0.8239734124179761,0.7620116572965576,0.7551208468329739,0.7485010927974542,0.7382790363856997,0.7874502010986472,0.7455177524323213,0.7881788409411002,0.7305681429497223,0.7298222055561644,0.7684145692122636,0.8018754467350797,0.7644772832711666,0.7746873232071387,0.7576709958000565,0.7711156874261382,0.7807321208491727,0.7808005652651583,1.0,0.8229960745706653,0.8116696658061158,0.7814654552180291,0.7426050194513711,0.7433062362462249,0.751518006505703,0.7233527270943112,0.7917690225330027,0.06002284473348585,0.77656247137213,0.8055733159305083,0.737002711133585,0.7572627545769091,0.7773185570379791,0.6441767034319945,0.7868978501459621,0.7266791903291809,0.7882693591602359,0.7789904071833773,0.7448079353997227,0.7493000907164117,0.7407770154450638,0.7872195291901523,0.7868907451028252,0.7241850198270634,0.7502510735462852
0.7541917285717427,0.8160983682426012,0.7282414798361183,0.7451774300799437,0.7795394880567149,0.824196745415708,0.7661038765938097,0.7523298177131135,0.7427242860206538,0.7404750645029312,0.7743288112776646,0.7493573602842654,0.7828232362831167,0.7351758046484382,0.7313981406489407,0.7716294187622921,0.7981142924948337,0.7718914412871102,0.7813313033654766,0.7658411729388274,0.775234816314125,0.78662106695821,0.7865727849424602,0.8229960745706653,1.0,0.8108408256539055,0.7795307713156602,0.7496956480324128,0.7457631122721293,0.7456880692041978,0.7275907693590997,0.796342862740172,0.05804560767302569,0.7766968893843582,0.8033489555090649,0.7348607944604003,0.7622676916275756,0.7801107178175255,0.6418503169974411,0.784706237712379,0.7288025530797193,0.7854308531849453,0.7790140122278189,0.755348171266906,0.7572268773695274,0.7479837627737518,0.7848974982993223,0.7843900455690811,0.73832188798133,0.749948676638823
0.7644049667245386,0.80508254802773,0.7347520702366082,0.7551966781168489,0.7797516654082228,0.798013982084008,0.767629561804042,0.7692939670082481,0.7493313757654407,0.7553057706886211,0.7858143422202938,0.7595509115664257,0.7912066305699059,0.7459822786873527,0.7411239440041624,0.7758398410097331,0.8127004964314036,0.7790555699143124,0.7712296275919382,0.7653963613536979,0.7799354863270322,0.790307406416865,0.7848157771957598,0.8116696658061158,0.8108408256539055,1.0,0.7858099108723946,0.7578653579051445,0.7452217839677298,0.7568811221998273,0.7373673722454062,0.7904758197823893,0.05423882789568779,0.7763145756909527,0.7908448247242259,0.7473491036794577,0.7602194174681082,0.7799243639108127,0.6503940565253175,0.7925365643147279,0.7390796178220529,0.7931332234901424,0.7808934156443016,0.7627739934000036,0.7616632716576931,0.7482424795938014,0.8003205563565772,0.7996851025144349,0.7472145705425366,0.7506297425755264
0.7716627321866275,0.8033118048869665,0.7473395826062039,0.7553654168081065,0.7947819315577103,0.7903844094157698,0.7842917242548963,0.7633225554374419,0.7675412609630677,0.7542032657215274,0.8124927762420594,0.7586711811224233,0.8430053080880465,0.7567588069689541,0.7451028774181387,0.773500966484147,0.7839715662041471,0.821481440556816,0.8135311604451443,0.7854045715108404,0.8233706418516256,0.8111117895379005,0.8394871720401834,0.7814654552180291,0.7795307713156602,0.7858099108723946,1.0,0.7617067502263285,0.7653772922215671,0.7699897290170936,0.7383170764775919,0.8151280684676786,0.06222177412345464,0.8225796034986095,0.7886001794224677,0.7570992433130751,0.7703681366811487,0.8322604710115713,0.6521663544543705,0.8390873226214374,0.7398575994436865,0.8020973950927375,0.8500744845685484,0.7657010578011629,0.7608607564945044,0.7578916717829488,0.7982325911507326,0.7977869399205408,0.7467179478503916,0.7677006926036156
0.7673673459408626,0.7709498923239575,0.7535041914533591,0.8379679681761667,0.7518539091564254,0.7592027131167518,0.7587143191532805,0.8759211208933619,0.761512690342123,0.8286722277930553,0.7552668528878114,0.831288364856074,0.7619907583889005,0.8373289175146834,0.8205802127573039,0.7558077739849087,0.7538330613012751,0.7637470696793235,0.7483515668001632,0.76084206835794,0.7606134956204321,0.7467035027789609,0.7677573831964156,0.7426050194513711,0.7496956480324128,0.7578653579051445,0.7617067502263285,1.0,0.7703337697334891,0.7574107885177255,0.8102627758960231,0.7628288776976571,0.05675289627607438,0.75725589278717,0.7386628414184818,0.7968010100158852,0.7464136015873466,0.7649784808659643,0.6891191823164962,0.7645287276916597,0.8116528562324912,0.7637122753289206,0.7652731203653601,0.9207004448238921,0.901715918809817,0.7586539061699373,0.7600340392229584,0.7596000863139568,0.8167233166618001,0.7669382617426629
0.7804286050844985,0.7648220192717035,0.7618332283450208,0.764729936958427,0.7500443733458921,0.7596081833285654,0.7646692865408855,0.7722209997253954,0.7745180351410065,0.7741061646216654,0.7589837439367668,0.772066731610348,0.7693185204601128,0.7674355137083108,0.7592497018114404,0.7580900411205311,0.7469217879808389,0.7674223911416065,0.7532809532627553,0.7644696350236627,0.7626839456626914,0.7511871035223303,0.7693183983475407,0.7433062362462249,0.7457631122721293,0.7452217839677298,0.7653772922215671,0.7703337697334891,1.0,0.7818159321578874,0.7599558013541315,0.7556013609906489,0.055453274722111034,0.7643960447645901,0.741626839360076,0.7711050153635216,0.7510186543688999,0.7573794944883627,0.6596638666959516,0.772469864492733,0.7549403359055662,0.7582778966067045,0.7657018781603808,0.77022153495593,0.7682860112819703,0.7788749552114873,0.7503808588742927,0.7502111925857684,0.7577210095063314,0.851345797198612
0.7976332948939879,0.7756566641884822,0.7703099055695488,0.751100474337531,0.7543083797247925,0.7541349089610674,0.7708737105263911,0.7616512428340481,0.8026557323701485,0.7655932615220089,0.7625435638090978,0.7632926795494245,0.7774260482396009,0.7555249080147175,0.7524153223192711,0.769225314458535,0.7576852932996101,0.7733360401753988,0.752184400279645,0.7725372614205169,0.7698644447933458,0.750666786021787,0.7737714605598003,0.751518006505703,0.7456880692041978,0.7568811221998273,0.7699897290170936,0.7574107885177255,0.7818159321578874,1.0,0.7508279334463731,0.760268711045764,0.06278438645987716,0.7668840977721261,0.7540644027392949,0.764040427823956,0.7601640716459448,0.7608312129829783,0.6545219949375143,0.7854757950332836,0.7506444982769616,0.7662007640487261,0.7773405487549317,0.7602421443053952,0.7545344972780177,0.7761181784656827,0.7655046501232398,0.7652190930865843,0.7528818978501366,0.7833227262845046
0.7467683079696122,0.7518210135575326,0.7380379026589624,0.8248344030963871,0.736649453415303,0.7308205730529327,0.7355622940529314,0.8065178779073361,0.7488357937984325,0.8312661895928231,0.7318244276447481,0.8057965310008831,0.746094876901561,0.8133988361957533,0.8192915364350206,0.7351388902588444,0.7309867710068085,0.742946557106725,0.724200872976182,0.736897323543431,0.7370893442464388,0.722984341339526,0.7445079213101831,0.7233527270943112,0.7275907693590997,0.7373673722454062,0.7383170764775919,0.8102627758960231,0.7599558013541315,0.7508279334463731,1.0,0.7413967600431133,0.05585537525237472,0.7357999411999613,0.7142757001086947,0.7860756768359912,0.7260185518167364,0.7331027025627725,0.6691421121103155,0.7455870228451341,0.8544848365980334,0.7408277678537629,0.7387665616764486,0.8107050836608857,0.8003421120045273,0.751070172544406,0.7361705079535992,0.7355588142801943,0.7984750056785944,0.7577863303129387
0.7695371909255948,0.7979680162526835,0.746948156983851,0.7630321915185069,0.7928347273149752,0.7958559953799302,0.7742882487466464,0.7628513628767318,0.7553618701935334,0.7536371148571508,0.7916192467883827,0.7572684201562988,0.8129250027722177,0.7533033782370212,0.7451664572962691,0.7685691350944017,0.8055463363494068,0.8030650302280851,0.7999680380722579,0.7730991732995521,0.8095119746238959,0.8011608569817117,0.8204558048829571,0.7917690225330027,0.796342862740172,0.7904758197823893,0.8151280684676786,0.7628288776976571,0.7556013609906489,0.760268711045764,0.7413967600431133,1.0,0.0598427477997866,0.8138423300877119,0.7772883176383601,0.7514999486113172,0.766995834668364,0.8091702322526964,0.6561280701073984,0.8189369109331717,0.73689707343735,0.7972064173734186,0.8216973913134781,0.7609464424892493,0.7610611749267051,0.7499032184419907,0.7944817379800497,0.7946385264109934,0.7418414697728353,0.7615845553154714
0.05944520003679765,0.05889219057554518,0.053739084758793076,0.059325081850369776,0.05767810721026867,0.060477310785281735,0.059598537192964596,0.05875120718867144,0.05943505410141625,0.058092557097766284,0.05231674468793257,0.06115257221496051,0.06054235483154613,0.05644355771297416,0.05779014193364773,0.060275330472101984,0.05287012141249792,0.05529848648472424,0.059694953977173504,0.06140855764166786,0.06135415988449833,0.054589117871638115,0.0564239688967324,0.06002284473348585,0.05804560767302569,0.05423882789568779,0.06222177412345464,0.05675289627607438,0.055453274722111034,0.06278438645987716,0.05585537525237472,0.0598427477997866,1.0,0.05398037895171959,0.05076800637786638,0.05167202272895277,0.06326669885406999,0.06584704326329094,0.051753888212500376,0.06466422859759124,0.05332818437789211,0.05731081548051409,0.06335143520773745,0.058434237884447904,0.058250193259565375,0.06493990074122058,0.06115330049631795,0.06158264097057731,0.054132101607878735,0.061167205438185435
0.7649232893939117,0.7969415542201712,0.7519096234211701,0.7559607066024269,0.7894024060662412,0.7899297649571092,0.7887912916204293,0.7628082611068875,0.759459534595762,0.746720789981907,0.7983573864532897,0.755614261942518,0.8330976850465628,0.7454169166664706,0.7427335084438346,0.7760246233193917,0.7914054682332248,0.8207529034120769,0.8086400151615458,0.7876141935388856,0.8284008320413729,0.8298601163439245,0.8589132251338514,0.77656247137213,0.7766968893843582,0.7763145756909527,0.8225796034986095,0.75725589278717,0.7643960447645901,0.7668840977721261,0.7357999411999613,0.8138423300877119,0.05398037895171959,1.0,0.788687165472675,0.7616082461383893,0.7716923442614771,0.7991423195271965,0.6570987808986708,0.8203135256870956,0.7355514654613056,0.8024071040281087,0.8232651644214765,0.7585327794698413,0.7586056645628745,0.7527836815371645,0.7925684231978769,0.7920143716323768,0.745760326156933,0.7677730316621421
0.7609876096929581,0.8199228082988477,0.7300972057908084,0.7320856570234524,0.7671794140215604,0.808447288386717,0.7657646010939183,0.7404699939285527,0.7427985735818042,0.732134508364429,0.778117247294479,0.7409525925667777,0.7929731247079511,0.7271093232559489,0.7233820586204557,0.7588870758460058,0.7977033014588794,0.7856607383199191,0.7804251422188234,0.764794494672231,0.7856054376097975,0.7756852275124553,0.7930364764679807,0.8055733159305083,0.8033489555090649,0.7908448247242259,0.7886001794224677,0.7386628414184818,0.741626839360076,0.7540644027392949,0.7142757001086947,0.7772883176383601,0.05076800637786638,0.788687165472675,1.0,0.7337382296983924,0.7494348200291139,0.7712311057279946,0.6357408562691547,0.7929957566548701,0.7202873148382807,0.7985786870262579,0.7862060042499806,0.7376215845938565,0.7403845835910069,0.7384346698094484,0.7934501214937066,0.7932725266829039,0.7253697603400859,0.7472972774079132
0.7600135552537902,0.7549603033985126,0.7519085842217917,0.79695192314491,0.7404821476493223,0.7495249853202302,0.7598736539889022,0.8036976972149716,0.7626475763224134,0.803294280265104,0.7579028653723092,0.7984765082149847,0.7549564459411757,0.7986204896361144,0.792127976956839,0.7565782377582229,0.7484423263211619,0.7678230216270895,0.7494873216814016,0.7603523243876827,0.7581428155979153,0.7493077880349772,0.7662935027625044,0.737002711133585,0.7348607944604003,0.7473491036794577,0.7570992433130751,0.7968010100158852,0.7711050153635216,0.764040427823956,0.7860756768359912,0.7514999486113172,0.05167202272895277,0.7616082461383893,0.7337382296983924,1.0,0.7462919462450903,0.7504787320697143,0.6956449334226208,0.7599137072004327,0.790115202897554,0.7612401786917443,0.7630873115948159,0.8008567616263111,0.7998532718224838,0.758286664465184,0.7476036202288804,0.7469320199397339,0.8003164923666095,0.7681068210133093
0.749968783908987,0.7639548759962093,0.7401884854311492,0.7373753781331072,0.7515695194284728,0.7647568901904591,0.91980871565269,0.7481073733504779,0.7487975388203132,0.7399024858554573,0.7559527761869377,0.7423606256445635,0.772597132783525,0.730408691549711,0.7284022875791241,0.9003832456135059,0.7584042775126668,0.7758442597544528,0.7788877907533821,0.9196973323201392,0.782426937684025,0.7785335362984236,0.7926972544605156,0.7572627545769091,0.7622676916275756,0.7602194174681082,0.7703681366811487,0.7464136015873466,0.7510186543688999,0.7601640716459448,0.7260185518167364,0.766995834668364,0.06326669885406999,0.7716923442614771,0.7494348200291139,0.7462919462450903,1.0,0.7551692307316941,0.6427587556981271,0.7690714532327028,0.7262314199878155,0.7623600231644889,0.7657084018306934,0.7468471640248165,0.7494088989821697,0.7451028357906856,0.7529250988157721,0.753223075070804,0.7320571784571234,0.7537056351654471
0.771961262252962,0.8033641264650543,0.7400775409908318,0.7480410410322467,0.7956716951283413,0.7952370840422238,0.7660752718797512,0.7674168614467802,0.7583618398111791,0.7527755727265818,0.8046472551588602,0.756081329690096,0.8167616085237679,0.7532819765927667,0.7399018812724973,0.7620792126015828,0.7803964852359377,0.7926389860985357,0.7842133335739326,0.7681300598213516,0.7985964555415028,0.7961349275971815,0.8118631985286481,0.7773185570379791,0.7801107178175255,0.7799243639108127,0.8322604710115713,0.7649784808659643,0.7573794944883627,0.7608312129829783,0.7331027025627725,0.8091702322526964,0.06584704326329094,0.7991423195271965,0.7712311057279946,0.7504787320697143,0.7551692307316941,1.0,0.652795664128675,0.8250849446454366,0.7402242917471259,0.7899215753507671,0.850114795630582,0.7665575952737962,0.765781506009651,0.752883181604612,0.8034956950211133,0.8030373307385427,0.7536434471717498,0.7556953455907824
0.6635685889514522,0.6538373673551847,0.6483217782734532,0.6870584893315386,0.6643855935679193,0.6545273518026689,0.6522904610703897,0.6929771871445927,0.6540985331191691,0.6853667823245959,0.650232300192473,0.6937940703413719,0.657389053110015,0.6836158127788634,0.6821102410060336,0.6441524029096772,0.6473632208047924,0.6633058048859914,0.6582905937714809,0.6503606985584665,0.6577560329306205,0.6452647381500285,0.6605105567047598,0.6441767034319945,0.6418503169974411,0.6503940565253175,0.6521663544543705,0.6891191823164962,0.6596638666959516,0.6545219949375143,0.6691421121103155,0.6561280701073984,0.051753888212500376,0.6570987808986708,0.6357408562691547,0.6956449334226208,0.6427587556981271,0.652795664128675,1.0,0.656099430083884,0.6733380820289216,0.6543502639909643,0.6568818769727369,0.6901358206905075,0.6933617808358415,0.6442677243321995,0.6480260314548597,0.6476001242150435,0.6856149834285487,0.6538309420126658
