../ecoli_genomes/GCF_000163235.1_ASM16323v1_genomic.fna.gz,../ecoli_genomes/GCF_000164555.1_ASM16455v1_genomic.fna.gz,../ecoli_genomes/GCF_000208545.1_ASM20854v2_genomic.fna.gz,../ecoli_genomes/GCF_000233875.1_ASM23387v1_genomic.fna.gz,../ecoli_genomes/GCF_000249735.1_ASM24973v2_genomic.fna.gz,../ecoli_genomes/GCF_000261145.1_Esch_coli_M919_V2_genomic.fna.gz,../ecoli_genomes/GCF_000267705.2_ASM26770v2_genomic.fna.gz,../ecoli_genomes/GCF_000350665.1_Esch_coli_KTE5_V1_genomic.fna.gz,../ecoli_genomes/GCF_000351625.1_Esch_coli_KTE66_V1_genomic.fna.gz,../ecoli_genomes/GCF_000352285.1_Esch_coli_KTE46_V1_genomic.fna.gz,../ecoli_genomes/GCF_000358895.1_ASM35889v1_genomic.fna.gz,../ecoli_genomes/GCF_000456385.1_Esch_coli_HVH_26_4-5703913_V1_genomic.fna.gz,../ecoli_genomes/GCF_000458195.1_Esch_coli_HVH_147_4-5893887_V1_genomic.fna.gz,../ecoli_genomes/GCF_000459755.1_Esch_coli_KOEGE_58_171a_V1_genomic.fna.gz,../ecoli_genomes/GCF_000460055.1_Esch_coli_UMEA_3053-1_V1_genomic.fna.gz,../ecoli_genomes/GCF_000462165.2_ASM46216v2_genomic.fna.gz,../ecoli_genomes/GCF_000601135.1_ASM60113v1_genomic.fna.gz,../ecoli_genomes/GCF_000614595.1_Ec2010EL1058_genomic.fna.gz,../ecoli_genomes/GCF_000617745.1_Ec2010C-4529_genomic.fna.gz,../ecoli_genomes/GCF_000618265.2_EcF6751_genomic.fna.gz,../ecoli_genomes/GCF_000619005.2_Ec2009C-4052_genomic.fna.gz,../ecoli_genomes/GCF_000619105.1_Ec2009C-4780_genomic.fna.gz,../ecoli_genomes/GCF_000619765.2_Ec2009C-3279_genomic.fna.gz,../ecoli_genomes/GCF_000687005.1_ASM68700v1_genomic.fna.gz,../ecoli_genomes/GCF_000687025.1_ASM68702v1_genomic.fna.gz,../ecoli_genomes/GCF_000700125.1_ASM70012v1_genomic.fna.gz,../ecoli_genomes/GCF_000753315.1_FHI35_genomic.fna.gz,../ecoli_genomes/GCF_000776375.1_ASM77637v1_genomic.fna.gz,../ecoli_genomes/GCF_000779395.1_ASM77939v1_genomic.fna.gz,../ecoli_genomes/GCF_000780315.1_ASM78031v1_genomic.fna.gz,../ecoli_genomes/GCF_000781995.1_ASM78199v1_genomic.fna.gz,../ecoli_genomes/GCF_000986765.1_ASM98676v1_genomic.fna.gz,../ecoli_genomes/GCF_001041375.1_ViralProj287958_genomic.fna.gz,../ecoli_genomes/GCF_001265335.1_302014_genomic.fna.gz,../ecoli_genomes/GCF_001265625.1_100854_genomic.fna.gz,../ecoli_genomes/GCF_001267345.1_303289_genomic.fna.gz,../ecoli_genomes/GCF_001309985.1_ASM130998v1_genomic.fna.gz,../ecoli_genomes/GCF_001521695.1_ASM152169v1_genomic.fna.gz,../ecoli_genomes/GCF_001592595.1_ASM159259v1_genomic.fna.gz,../ecoli_genomes/GCF_001614975.1_ASM161497v1_genomic.fna.gz,../ecoli_genomes/GCF_001692775.1_ASM169277v1_genomic.fna.gz,../ecoli_genomes/GCF_001748915.1_ASM174891v1_genomic.fna.gz,../ecoli_genomes/GCF_001749235.1_ASM174923v1_genomic.fna.gz,../ecoli_genomes/GCF_001881155.1_ASM188115v1_genomic.fna.gz,../ecoli_genomes/GCF_001881345.1_ASM188134v1_genomic.fna.gz,../ecoli_genomes/GCF_001892405.1_ASM189240v1_genomic.fna.gz,../ecoli_genomes/GCF_001892585.1_ASM189258v1_genomic.fna.gz,../ecoli_genomes/GCF_001893985.1_ASM189398v1_genomic.fna.gz,../ecoli_genomes/GCF_002001595.1_ASM200159v1_genomic.fna.gz,../ecoli_genomes/GCF_002002145.1_ASM200214v1_genomic.fna.gz
1.0,0.31684968643130074,0.25254990322781956,0.2795113681724435,0.2767488848733064,0.301226925747926,0.2887259792831014,0.28294477347488856,0.38897367378690306,0.2853944193527138,0.31984433273701307,0.28618077927450936,0.2996660605877032,0.2775934904606493,0.26578546523362556,0.29121539925553785,0.2734628559157365,0.30302981901084247,0.27775053963861074,0.30075789439249456,0.29427295103590967,0.28500918106378403,0.308154300376137,0.29579782531923005,0.27587619111553063,0.24177131389721573,0.3059484217201516,0.27835149016966143,0.33496370612443194,0.3827814325655371,0.2564581241571813,0.2975577354660961,0.0,0.303993866898846,0.30219880704538926,0.27119965253244405,0.27642909764893164,0.3198442463359913,0.22081518942709966,0.30575510929655725,0.25801319451194327,0.3040308839217619,0.30947756080081645,0.2787777779382906,0.2878553612199486,0.31107234107594317,0.30470845916092304,0.30293958936985255,0.2685937596748723,0.33872727224326704
0.31684968643130074,1.0,0.2340882530535927,0.27469874306688435,0.3702220223979542,0.5392631096640634,0.3374247053831464,0.27891978249758465,0.29725504613701925,0.2857939121366323,0.42950376145945623,0.2862301153139538,0.40973285072802934,0.27070874937581557,0.2645340874274098,0.34272268094307157,0.37705648710918216,0.41353486544780893,0.36860131690253706,0.35423293527372657,0.39794822316716394,0.3833361147318012,0.4127374008955481,0.4861372369105976,0.4510812879493362,0.3261521718709556,0.413437278842014,0.27460038024954514,0.3010131073254516,0.3001972501109781,0.2575088967653286,0.39623979726178826,0.0,0.39883485868831514,0.5532025632451077,0.2604352249916616,0.320830165963234,0.41674133766998633,0.1736621464396394,0.4160350863262636,0.25694612104703973,0.45969530807564374,0.4180414473098508,0.2876448279667977,0.285046516824798,0.2824695903288098,0.46767132685440516,0.4717685190412919,0.28277051226886596,0.29722743174311017
0.25254990322781956,0.2340882530535927,1.0,0.20582708624661872,0.2002019050588607,0.2153812689972625,0.21161435047357224,0.21002618575012244,0.24507663111178912,0.2144742046018624,0.23392445839215836,0.20869047255045026,0.2261742805769026,0.2065267346607016,0.20518916024427047,0.21444146145602183,0.1790081340079509,0.2284211040906562,0.20274152861839112,0.22035761182256108,0.22374690052189206,0.21582794917408898,0.2289920801491625,0.19850078048703923,0.18408532463446048,0.1560730484485865,0.2289463186994326,0.20882448673009857,0.246467278696739,0.25146110871570726,0.1987100108298172,0.21821049980960427,0.0,0.22628367911551783,0.21665401483008517,0.21022956136308213,0.20058601535850806,0.22477585317834547,0.1425963501454306,0.23053359160747322,0.1986604445817185,0.22397108178362002,0.23520315734356123,0.21448449573824302,0.2096953907785516,0.22977719425391896,0.22678818070747897,0.22813193397073617,0.21684999696171536,0.24916975684868825
0.2795113681724435,0.27469874306688435,0.20582708624661872,1.0,0.2635309890149018,0.2619822774404128,0.24711622203708994,0.5021791232400605,0.28325791008112966,0.5260959862945458,0.2660573093030264,0.5074872528642592,0.2696851747432255,0.5420083161628196,0.5540430101191238,0.2633869679508939,0.22980158863738365,0.2617653760177976,0.23683091975987336,0.2557014872400527,0.2516368434984956,0.24703350860996487,0.27034009550842597,0.25524108555023794,0.24057266982178127,0.2032202134752764,0.26203768270471217,0.526409531659291,0.2941920220469363,0.26910681815213466,0.5044762977668461,0.2773991455446111,0.0,0.2550405735950473,0.2531762698645972,0.4076556701060965,0.2415123192071602,0.2573966835662661,0.3064024720422862,0.25724791975973704,0.5127948646587279,0.25754417193552903,0.26119985815787283,0.5283153709582725,0.5206257845556033,0.2888229299598273,0.253653169420499,0.25412867016523255,0.4506520049954056,0.3013501286132817
0.2767488848733064,0.3702220223979542,0.2002019050588607,0.2635309890149018,1.0,0.3824210258486832,0.2966725359608008,0.26367885277805725,0.2925574464493419,0.2700910177114316,0.4802652188862826,0.2513305673191645,0.44155684128472394,0.2538887608218545,0.2726279834115044,0.3279878192548993,0.34950500136143825,0.3904190356306715,0.3515513010824477,0.30849411929767656,0.3944120661028956,0.37112735845908784,0.39852041887657375,0.3834655214216608,0.3522763341178663,0.3085238738520374,0.41020487816021,0.23626669443903947,0.2720109361859424,0.28012264627748373,0.2560793651685681,0.4265594768122536,0.0,0.3984844426877935,0.37276959257706377,0.23683834470363418,0.297093854942139,0.43896773786396204,0.21047996646356482,0.41655845595999186,0.26483123420144694,0.3767450220900692,0.42217272517444315,0.240785960667954,0.247313485404133,0.25568149340607027,0.3841780406512627,0.3840221594599261,0.23946770366913683,0.27374425011297243
0.301226925747926,0.5392631096640634,0.2153812689972625,0.2619822774404128,0.3824210258486832,1.0,0.34297715484343494,0.27608074334997856,0.29316901120381533,0.26509448760692067,0.41622033554930316,0.2625906506516156,0.4045080752130491,0.2615958224282843,0.25942753085132586,0.3470223051741774,0.4005556693532327,0.41138219966924416,0.37150579300693554,0.35333908740265296,0.3844817935039314,0.40698848418419864,0.4079454993075876,0.49804450755942176,0.46682890193340976,0.3466485983620039,0.3977527932051471,0.2613892080529221,0.29551972404520754,0.28555052787561996,0.24665647952384662,0.40435709810527887,0.0,0.40781385706522555,0.5447045361483516,0.26394851545835285,0.3317258354092941,0.41331335912138045,0.2091671414644749,0.406855106547963,0.24809212139634507,0.4628521131549559,0.41099271664455006,0.2634353633849965,0.26456505207926007,0.270741039509209,0.4704420761147792,0.47041570729016746,0.2592511316959256,0.29581832683134934
0.2887259792831014,0.3374247053831464,0.21161435047357224,0.24711622203708994,0.2966725359608008,0.34297715484343494,1.0,0.24899809869137424,0.2894696075502837,0.24801875630702952,0.35266785259011113,0.24459773007701535,0.33413144758080915,0.24023167221045238,0.23686704846395856,0.7426323825365149,0.27411217335926774,0.37335217666309384,0.3475266904922947,0.8115376771384326,0.3766318923754117,0.36586283211450377,0.3814436509390918,0.3147300437905003,0.287295460429138,0.26409283799843697,0.3516019224469904,0.24184202934172505,0.27076702139194553,0.28492165453010687,0.22785669520794027,0.33533890405709565,0.0,0.3501802053519577,0.361544920289507,0.26379277825685743,0.7422549457913665,0.33758325715406323,0.17327892276272305,0.34441364279556097,0.22583923669048456,0.3338274287108186,0.3493123277656862,0.24890368629285486,0.24771925448990728,0.26005072455442535,0.32663914450133447,0.3288068310751001,0.2394756191844689,0.27988403498926717
0.28294477347488856,0.27891978249758465,0.21002618575012244,0.5021791232400605,0.26367885277805725,0.27608074334997856,0.24899809869137424,1.0,0.2770608187052277,0.5023400094466608,0.271008842740031,0.48714658139791045,0.27230446247981055,0.486034768047924,0.4770627156831738,0.2607949005704854,0.23634897457839543,0.26423597780331365,0.24177868960459292,0.2575853473615941,0.2547209206228761,0.24991000233905758,0.26723913986219516,0.2635871623707219,0.24254439311411924,0.20878178109876033,0.26772307902582604,0.6890923534198775,0.31070569226863687,0.2694122705184653,0.46971313610664045,0.27120437049229007,0.0,0.26267829976657275,0.2628695099746299,0.40758999983008126,0.2389138687272354,0.280962842270266,0.3087400922531627,0.26897460049988875,0.4686720568727133,0.2701590227732461,0.27151438114983006,0.6917212395394592,0.669183880762466,0.29004272170438816,0.2625808489535302,0.2633772937069704,0.4374966896457071,0.30428631754976454
0.38897367378690306,0.29725504613701925,0.24507663111178912,0.28325791008112966,0.2925574464493419,0.29316901120381533,0.2894696075502837,0.2770608187052277,1.0,0.2916964283885527,0.3143893391366318,0.26514983057216146,0.31336457280526187,0.2787981758669845,0.2819132798793178,0.3075423391571229,0.24774283527778984,0.30109969369766565,0.26845283336277004,0.30471970337276155,0.2914110780398399,0.28314714632831783,0.30144482449134213,0.28387697172053594,0.2523188722219295,0.21795967414086037,0.306088652257797,0.2654985141391327,0.3339021740347623,0.41534470533077417,0.27066721301825847,0.29622839519410205,0.0,0.2960917113489715,0.2900490107819771,0.27414126412588,0.2835795251823484,0.2972530171378047,0.18129021518732413,0.30420127275236286,0.2705907097277933,0.30036053562037546,0.3088991399317751,0.2685879621098288,0.2659209108515628,0.31353146909660934,0.29300763775056504,0.2952055067100793,0.26908020845469105,0.338555604668896
0.2853944193527138,0.2857939121366323,0.2144742046018624,0.5260959862945458,0.2700910177114316,0.26509448760692067,0.24801875630702952,0.5023400094466608,0.2916964283885527,1.0,0.28258296238440406,0.4851009479996009,0.28109963678588135,0.5095204510133318,0.5037920931820146,0.2639831825684801,0.2218144903443754,0.26639902560792206,0.24285600297317234,0.2594294070383102,0.2565089760288096,0.2500408173598162,0.2664975361612648,0.249987726641704,0.23312260375436067,0.1952360500564353,0.2724635742460789,0.49699825012768595,0.3068463294195505,0.28243201805156015,0.5253422691894678,0.2659168659008102,0.0,0.25981405518594847,0.2600832614536407,0.4245332823073016,0.24247161970292397,0.2695510059770265,0.30415603678707814,0.26955967243718637,0.5210703709572024,0.2640495346765728,0.27034954571658,0.5053182189594312,0.50540221326417,0.2897198125168573,0.2600648547481983,0.26162818607754024,0.4657063993099254,0.3032571891925151
0.31984433273701307,0.42950376145945623,0.23392445839215836,0.2660573093030264,0.4802652188862826,0.41622033554930316,0.35266785259011113,0.271008842740031,0.3143893391366318,0.28258296238440406,1.0,0.2659403671209142,0.5188824548061113,0.27009735373949495,0.26491701616406205,0.35731955201942256,0.33679115369794665,0.49210507053924113,0.4402817979468696,0.37010859311757893,0.4855783813886714,0.4730922377082635,0.49400283898443575,0.38334540497277025,0.34068062532521415,0.2926377841698461,0.5114480149699946,0.26821586657105523,0.304183265999457,0.3143244540866196,0.2571970572335287,0.4535975725056032,0.0,0.48135936198766105,0.4284116995551439,0.2749845986800923,0.33534839212090817,0.4823715216528034,0.18221779649756742,0.5246770153063607,0.25696804147204,0.44187555566272085,0.5118588406904707,0.27283587894263506,0.26962017164424956,0.28939783874937264,0.4375960348664206,0.4407319859800578,0.2737633268532712,0.3113178839992272
0.28618077927450936,0.2862301153139538,0.20869047255045026,0.5074872528642592,0.2513305673191645,0.2625906506516156,0.24459773007701535,0.48714658139791045,0.26514983057216146,0.4851009479996009,0.2659403671209142,1.0,0.26278033350015695,0.49676932301841203,0.6040668131686358,0.25314454925119456,0.2431037440546877,0.2548010170836984,0.23512100140947623,0.25056827807324333,0.2520241799092643,0.24391732149963452,0.2595180863375358,0.2670399339375614,0.2481731220577682,0.22507506736044003,0.2602879944646609,0.48782706323234115,0.30430170745732854,0.26995825129414075,0.443925718259506,0.2641197576463741,0.0,0.255861908575736,0.2675220311471397,0.3934439377050375,0.23263910144416877,0.26966923748589944,0.32264058989392097,0.26705656039459347,0.4574206952755483,0.2559064538009733,0.2647583264333555,0.4985832691086731,0.4974772204725404,0.2970867097171057,0.2622600641594013,0.26020899385282836,0.428488223411867,0.2999500108734583
0.2996660605877032,0.40973285072802934,0.2261742805769026,0.2696851747432255,0.44155684128472394,0.4045080752130491,0.33413144758080915,0.27230446247981055,0.31336457280526187,0.28109963678588135,0.5188824548061113,0.26278033350015695,1.0,0.26156460864074016,0.2734724245102794,0.35809908214106967,0.33400903080792355,0.491394488915858,0.4880078619691075,0.3517181280338917,0.5004160565870965,0.532327309010156,0.5476058392443652,0.3817066091969805,0.33854656506028935,0.28887680129838633,0.5329152393361187,0.25523329641465375,0.2957441273828242,0.3059332108580999,0.2584080432011411,0.5067417081065977,0.0,0.5267720121579751,0.41031206212271587,0.25609306176763835,0.3338731994552827,0.49186089085074725,0.1722933360101303,0.5310394094117867,0.26062307384354866,0.42475943771496183,0.5263791344233775,0.2573716784694756,0.2552404108402999,0.27390526104111856,0.41669668112594993,0.4194714308857006,0.25997299037436805,0.2995758961309959
0.2775934904606493,0.27070874937581557,0.2065267346607016,0.5420083161628196,0.2538887608218545,0.2615958224282843,0.24023167221045238,0.486034768047924,0.2787981758669845,0.5095204510133318,0.27009735373949495,0.49676932301841203,0.26156460864074016,1.0,0.5493339620146553,0.2489047371150458,0.2163359643207936,0.26194541924340364,0.23852911468282767,0.2515006732372207,0.24842316598957992,0.2463548220647208,0.26502775757830477,0.23271518962081716,0.2180931736448024,0.18339330459143832,0.265961874401596,0.5185668768767546,0.3016859728639196,0.2684065522535667,0.4972912081114155,0.25920839297993714,0.0,0.260119251622395,0.2525296852934634,0.4106855567299331,0.23237556850562047,0.25975192089013077,0.2977921112356846,0.2583326624897274,0.5020334722572362,0.2544313510987919,0.26706706699340055,0.5183782314165326,0.5104109058126834,0.2944120217478643,0.2549833872268007,0.2573008507669444,0.4467108491834887,0.3101433593893038
0.26578546523362556,0.2645340874274098,0.20518916024427047,0.5540430101191238,0.2726279834115044,0.25942753085132586,0.23686704846395856,0.4770627156831738,0.2819132798793178,0.5037920931820146,0.26491701616406205,0.6040668131686358,0.2734724245102794,0.5493339620146553,1.0,0.2578721777031612,0.22604930508788423,0.25434270159069283,0.230667229292133,0.24822518481025224,0.24840206177396784,0.24009751551824332,0.2605484537887923,0.2471966307151433,0.2248093024823412,0.1907379398147634,0.258366363535674,0.488838951851314,0.29449550827176474,0.267827289368618,0.4998147744083815,0.2678669305460486,0.0,0.25297195693431385,0.2518627223780636,0.40042229248260397,0.23572155071857193,0.2560677409946267,0.2937382317516327,0.2555151518020444,0.5057361065366801,0.25551219365711775,0.2626707432537668,0.48960599610043554,0.48451779287444996,0.29672146408160704,0.25866116943594086,0.26047217211016926,0.4363542119506306,0.3114582695528991
0.29121539925553785,0.34272268094307157,0.21444146145602183,0.2633869679508939,0.3279878192548993,0.3470223051741774,0.7426323825365149,0.2607949005704854,0.3075423391571229,0.2639831825684801,0.35731955201942256,0.25314454925119456,0.35809908214106967,0.2489047371150458,0.2578721777031612,1.0,0.2854376065642341,0.3639164244491031,0.3469996439722378,0.7384126119008694,0.3613761059401187,0.3592716281487731,0.37188264806247995,0.33030099041193306,0.30612120962991174,0.2776113730871699,0.34856733572296617,0.24718320576104302,0.2764343440534809,0.2989670663857351,0.24492772868813273,0.3495855002564092,0.0,0.34763929378601444,0.35891383350509587,0.2654271892337975,0.7113172421475165,0.3397253521902751,0.1696795723849902,0.3457545235309869,0.2449111322724038,0.3338007499104384,0.35117026121601325,0.25113436021539837,0.25061502476678066,0.2633634067435435,0.3310830188216919,0.33288695944968794,0.24632808159322683,0.28114862115103667
0.2734628559157365,0.37705648710918216,0.1790081340079509,0.22980158863738365,0.34950500136143825,0.4005556693532327,0.27411217335926774,0.23634897457839543,0.24774283527778984,0.2218144903443754,0.33679115369794665,0.2431037440546877,0.33400903080792355,0.2163359643207936,0.22604930508788423,0.2854376065642341,1.0,0.3255590871079589,0.2951067715406016,0.28269758035502945,0.31587613457383734,0.3125771038199556,0.3307315689244935,0.5450426184489441,0.5514045576707944,0.5916239617361416,0.32836461414571216,0.2263665237876583,0.24875114652776054,0.23862378180542565,0.2058722681066164,0.4146669424333612,0.0,0.338899334355487,0.39753839038112715,0.2176440707109416,0.26613011416886734,0.37444171327282716,0.34315884062827173,0.3384564820398267,0.20724571921420487,0.3592138615616759,0.33461979269804676,0.23034156280842333,0.2358873987992981,0.23103215731175764,0.41648479910604774,0.3900570416655763,0.21020543817947834,0.2503366041668422
0.30302981901084247,0.41353486544780893,0.2284211040906562,0.2617653760177976,0.3904190356306715,0.41138219966924416,0.37335217666309384,0.26423597780331365,0.30109969369766565,0.26639902560792206,0.49210507053924113,0.2548010170836984,0.491394488915858,0.26194541924340364,0.25434270159069283,0.3639164244491031,0.3255590871079589,1.0,0.49195338723792126,0.3863875020093036,0.5086108857209808,0.49700698201756255,0.5256702376877824,0.36263479391752673,0.3292611676353183,0.2790794760117383,0.5015031183113724,0.2607849983207283,0.2997872505094865,0.30394695435771524,0.24823358396841866,0.45200216037483165,0.0,0.48361845271136217,0.4169013514204367,0.27328409988494984,0.35779929549163403,0.4618061075583999,0.1819265132460114,0.4971860267491822,0.24500462184370408,0.4223595011727401,0.4919415032975072,0.2635126214912388,0.2602679563467767,0.27769984832310524,0.41959676105185073,0.4222409859421662,0.2577873598690702,0.3035687982205779
0.27775053963861074,0.36860131690253706,0.20274152861839112,0.23683091975987336,0.3515513010824477,0.37150579300693554,0.3475266904922947,0.24177868960459292,0.26845283336277004,0.24285600297317234,0.4402817979468696,0.23512100140947623,0.4880078619691075,0.23852911468282767,0.230667229292133,0.3469996439722378,0.2951067715406016,0.49195338723792126,1.0,0.3543585078052637,0.4719394270866788,0.5032213013550744,0.4778967432767005,0.3258707435298275,0.29814551678197665,0.2514146095633565,0.4540101475559041,0.23746891534572445,0.2679138305279337,0.268886461661311,0.22208178851577487,0.44458762692525644,0.0,0.444999777884148,0.38061572750378847,0.2509927377730068,0.3413707981220133,0.4195774220842827,0.16681883867843672,0.45433929860853806,0.22075794363713575,0.3760166899935885,0.4472399500374151,0.24101274820645113,0.23961397359260161,0.2519887621864416,0.3697928364935804,0.3722981080075297,0.23639046451779122,0.27207169074137727
0.30075789439249456,0.35423293527372657,0.22035761182256108,0.2557014872400527,0.30849411929767656,0.35333908740265296,0.8115376771384326,0.2575853473615941,0.30471970337276155,0.2594294070383102,0.37010859311757893,0.25056827807324333,0.3517181280338917,0.2515006732372207,0.24822518481025224,0.7384126119008694,0.28269758035502945,0.3863875020093036,0.3543585078052637,1.0,0.38783587952512,0.3623681404843626,0.39272605512505177,0.31475989972027607,0.2905040915207513,0.24778327811252177,0.3684562986252826,0.25308434961283743,0.2830032541297107,0.3000221635452892,0.23920847488217512,0.34422218383649916,0.0,0.35985783414647476,0.3592640511479921,0.26650631280744463,0.753095931297366,0.34849827736804084,0.17574973864160948,0.36135788618802855,0.23672282723627658,0.34907608675128876,0.366337641306572,0.25610777353745773,0.2557582223593906,0.2696467878867643,0.3423251953492177,0.34462064570440665,0.2517249698320734,0.2913228301178227
0.29427295103590967,0.39794822316716394,0.22374690052189206,0.2516368434984956,0.3944120661028956,0.3844817935039314,0.3766318923754117,0.2547209206228761,0.2914110780398399,0.2565089760288096,0.4855783813886714,0.2520241799092643,0.5004160565870965,0.24842316598957992,0.24840206177396784,0.3613761059401187,0.31587613457383734,0.5086108857209808,0.4719394270866788,0.38783587952512,1.0,0.49615574647138905,0.5375146469557099,0.35518649157415905,0.317203646358278,0.2774382779518445,0.5117486731096459,0.2535253069455008,0.2851242738797446,0.2917204143838157,0.23872291207101948,0.46154998540478165,0.0,0.5029529638575923,0.40583847603101186,0.26609176592815964,0.3562419812943284,0.4700728500441861,0.1735218687564024,0.5077086968080439,0.23929894666987128,0.39891275529088566,0.49624875162465176,0.2558956307569482,0.25674640540373084,0.2716552471564513,0.4044183563158895,0.40693221544363123,0.2492069456233682,0.29109017052247166
0.28500918106378403,0.3833361147318012,0.21582794917408898,0.24703350860996487,0.37112735845908784,0.40698848418419864,0.36586283211450377,0.24991000233905758,0.28314714632831783,0.2500408173598162,0.4730922377082635,0.24391732149963452,0.532327309010156,0.2463548220647208,0.24009751551824332,0.3592716281487731,0.3125771038199556,0.49700698201756255,0.5032213013550744,0.3623681404843626,0.49615574647138905,1.0,0.688404005444869,0.3396522131065792,0.31599571423838,0.2725271598146778,0.49743323891727687,0.24636147734600666,0.2797965854008675,0.27980007145840446,0.23169596929286151,0.4663193344646347,0.0,0.6047808481307053,0.39091490205559587,0.25236606109796733,0.3453658564243537,0.46134345583501857,0.167925933191308,0.49689172103966395,0.2293911151137561,0.39168676639181066,0.49304826584563954,0.2506724778313236,0.24536496804527763,0.26569841252372395,0.38950593064466055,0.3916177660350557,0.2466877049064906,0.2892821848112693
0.308154300376137,0.4127374008955481,0.2289920801491625,0.27034009550842597,0.39852041887657375,0.4079454993075876,0.3814436509390918,0.26723913986219516,0.30144482449134213,0.2664975361612648,0.49400283898443575,0.2595180863375358,0.5476058392443652,0.26502775757830477,0.2605484537887923,0.37188264806247995,0.3307315689244935,0.5256702376877824,0.4778967432767005,0.39272605512505177,0.5375146469557099,0.688404005444869,1.0,0.36244781387326974,0.33429980524464575,0.2779643198076568,0.5375448014461903,0.2650117554545546,0.29935189584437716,0.2963495989411473,0.25183745744245045,0.48770101188970927,0.0,0.6421359511281579,0.41393150306567805,0.26790404290266323,0.36518125814874147,0.4873987733395013,0.18521838313992167,0.5212178498067528,0.2492698367480407,0.41550108343922165,0.5170529646161928,0.2675541837834494,0.2658532399496294,0.27569162131428526,0.4115245193422733,0.4142527295052354,0.26102233441132905,0.3026813369994992
0.29579782531923005,0.4861372369105976,0.19850078048703923,0.25524108555023794,0.3834655214216608,0.49804450755942176,0.3147300437905003,0.2635871623707219,0.28387697172053594,0.249987726641704,0.38334540497277025,0.2670399339375614,0.3817066091969805,0.23271518962081716,0.2471966307151433,0.33030099041193306,0.5450426184489441,0.36263479391752673,0.3258707435298275,0.31475989972027607,0.35518649157415905,0.3396522131065792,0.36244781387326974,1.0,0.5740216364192277,0.5149814669961879,0.36431435621921016,0.23715943815621954,0.2741252407213215,0.2673704017274261,0.23037157551316256,0.4126644756636084,0.0,0.36611214425556515,0.5217471537344328,0.24140911036210033,0.29465522218470475,0.39326929209415196,0.2741885987724435,0.3739204208023441,0.23641192674516465,0.4180257190459725,0.3701972856671122,0.2454064577234114,0.24913574441333475,0.2520555891925099,0.4391852812720196,0.42261817063094553,0.23107440539998525,0.2694489877448525
0.27587619111553063,0.4510812879493362,0.18408532463446048,0.24057266982178127,0.3522763341178663,0.46682890193340976,0.287295460429138,0.24254439311411924,0.2523188722219295,0.23312260375436067,0.34068062532521415,0.2481731220577682,0.33854656506028935,0.2180931736448024,0.2248093024823412,0.30612120962991174,0.5514045576707944,0.3292611676353183,0.29814551678197665,0.2905040915207513,0.317203646358278,0.31599571423838,0.33429980524464575,0.5740216364192277,1.0,0.5533137823741516,0.32782996016375554,0.22330092795971024,0.24413085018730585,0.24042249636007462,0.21266836470193118,0.4181258602176696,0.0,0.3342147914762489,0.4712491588543236,0.22065071228110422,0.2745206433158175,0.38393208052547545,0.31712066691715735,0.337571311473849,0.21669139003533555,0.36788871199295825,0.3373205143705901,0.244018796569763,0.23812980055351762,0.23798898760699638,0.4164895810100303,0.39407844930255853,0.22369694986016764,0.2481989085533981
0.24177131389721573,0.3261521718709556,0.1560730484485865,0.2032202134752764,0.3085238738520374,0.3466485983620039,0.26409283799843697,0.20878178109876033,0.21795967414086037,0.1952360500564353,0.2926377841698461,0.22507506736044003,0.28887680129838633,0.18339330459143832,0.1907379398147634,0.2776113730871699,0.5916239617361416,0.2790794760117383,0.2514146095633565,0.24778327811252177,0.2774382779518445,0.2725271598146778,0.2779643198076568,0.5149814669961879,0.5533137823741516,1.0,0.2790812528728387,0.19726917967309976,0.21743894844527645,0.20916902842122864,0.18356617868609792,0.3553663623369684,0.0,0.28409712492993144,0.36017857311754065,0.19003544451238974,0.2427112303757577,0.34389397910387265,0.36024067223429046,0.2981961253027793,0.18310338971004192,0.3147545911385543,0.28107851955893004,0.21046860326083372,0.20622107478799012,0.2059116338195246,0.3757891350723629,0.34356486499030703,0.1869293471793717,0.2208198578703392
0.3059484217201516,0.413437278842014,0.2289463186994326,0.26203768270471217,0.41020487816021,0.3977527932051471,0.3516019224469904,0.26772307902582604,0.306088652257797,0.2724635742460789,0.5114480149699946,0.2602879944646609,0.5329152393361187,0.265961874401596,0.258366363535674,0.34856733572296617,0.32836461414571216,0.5015031183113724,0.4540101475559041,0.3684562986252826,0.5117486731096459,0.49743323891727687,0.5375448014461903,0.36431435621921016,0.32782996016375554,0.2790812528728387,1.0,0.25972781373682496,0.30115229276856725,0.3035277684300567,0.25255217701077504,0.48259446274355955,0.0,0.5060566801391254,0.41239760831060157,0.261234061275486,0.33670508061312965,0.575706246875771,0.1733951756358053,0.5467511947253674,0.2527704803902828,0.419057625366675,0.6221850835519078,0.2668831033913679,0.2589750945389234,0.28439658334676576,0.41378014671656216,0.4166854974759894,0.26275800579007147,0.30301068373725015
0.27835149016966143,0.27460038024954514,0.20882448673009857,0.526409531659291,0.23626669443903947,0.2613892080529221,0.24184202934172505,0.6890923534198775,0.2654985141391327,0.49699825012768595,0.26821586657105523,0.48782706323234115,0.25523329641465375,0.5185668768767546,0.488838951851314,0.24718320576104302,0.2263665237876583,0.2607849983207283,0.23746891534572445,0.25308434961283743,0.2535253069455008,0.24636147734600666,0.2650117554545546,0.23715943815621954,0.22330092795971024,0.19726917967309976,0.25972781373682496,1.0,0.30409663001355236,0.26260895431971454,0.46957799199719996,0.2614918094033306,0.0,0.2563907704712943,0.2519629773387879,0.40241684327342264,0.2331520401969439,0.2719082461896313,0.3162641962754127,0.2610706675401404,0.4726537133495381,0.25747324454786946,0.2607465722138823,0.7939018528482187,0.7614815877669557,0.28638519544199004,0.2595740901840461,0.2590423146467813,0.44892937716174286,0.29755938852463204
0.33496370612443194,0.3010131073254516,0.246467278696739,0.2941920220469363,0.2720109361859424,0.29551972404520754,0.27076702139194553,0.31070569226863687,0.3339021740347623,0.3068463294195505,0.304183265999457,0.30430170745732854,0.2957441273828242,0.3016859728639196,0.29449550827176474,0.2764343440534809,0.24875114652776054,0.2997872505094865,0.2679138305279337,0.2830032541297107,0.2851242738797446,0.2797965854008675,0.29935189584437716,0.2741252407213215,0.24413085018730585,0.21743894844527645,0.30115229276856725,0.30409663001355236,1.0,0.32600029980785317,0.28780591748463413,0.28930135649132105,0.0,0.2917613346343638,0.28444563478381524,0.2971829528018157,0.26099520628230455,0.2967506147141651,0.20552000718835817,0.29406558130969807,0.28153572415219896,0.28607495506561853,0.2948720008496183,0.304137131102852,0.3024367667125317,0.3959273378930305,0.28817127562845357,0.28856719079449444,0.29790866666709714,0.6140304758519151
0.3827814325655371,0.3001972501109781,0.25146110871570726,0.26910681815213466,0.28012264627748373,0.28555052787561996,0.28492165453010687,0.2694122705184653,0.41534470533077417,0.28243201805156015,0.3143244540866196,0.26995825129414075,0.3059332108580999,0.2684065522535667,0.267827289368618,0.2989670663857351,0.23862378180542565,0.30394695435771524,0.268886461661311,0.3000221635452892,0.2917204143838157,0.27980007145840446,0.2963495989411473,0.2673704017274261,0.24042249636007462,0.20916902842122864,0.3035277684300567,0.26260895431971454,0.32600029980785317,1.0,0.2634002156211438,0.2828132078371609,0.0,0.28721863264521297,0.28962733341015623,0.26624826621423503,0.27657826968579524,0.2912579432942414,0.18560923556145814,0.3076464205728825,0.26111796463899817,0.29467309464476754,0.3051839084771242,0.2664401207801752,0.2629563575527719,0.3219053153982281,0.29944823456521086,0.3011474010229246,0.2648599530644209,0.3323486188967676
0.2564581241571813,0.2575088967653286,0.1987100108298172,0.5044762977668461,0.2560793651685681,0.24665647952384662,0.22785669520794027,0.46971313610664045,0.27066721301825847,0.5253422691894678,0.2571970572335287,0.443925718259506,0.2584080432011411,0.4972912081114155,0.4998147744083815,0.24492772868813273,0.2058722681066164,0.24823358396841866,0.22208178851577487,0.23920847488217512,0.23872291207101948,0.23169596929286151,0.25183745744245045,0.23037157551316256,0.21266836470193118,0.18356617868609792,0.25255217701077504,0.46957799199719996,0.28780591748463413,0.2634002156211438,1.0,0.2512439980694826,0.0,0.24411454151610668,0.24013566193421765,0.39634455272825453,0.22499505909676176,0.247991962804618,0.27751667275893854,0.24871600500550728,0.6486076741556308,0.24556758698031123,0.2518783459551087,0.4736009404624847,0.46523744720407734,0.27346016462054124,0.24225617885993167,0.2437008413197178,0.42891367973230077,0.28411503335434285
0.2975577354660961,0.39623979726178826,0.21821049980960427,0.2773991455446111,0.4265594768122536,0.40435709810527887,0.33533890405709565,0.27120437049229007,0.29622839519410205,0.2659168659008102,0.4535975725056032,0.2641197576463741,0.5067417081065977,0.25920839297993714,0.2678669305460486,0.3495855002564092,0.4146669424333612,0.45200216037483165,0.44458762692525644,0.34422218383649916,0.46154998540478165,0.4663193344646347,0.48770101188970927,0.4126644756636084,0.4181258602176696,0.3553663623369684,0.48259446274355955,0.2614918094033306,0.28930135649132105,0.2828132078371609,0.2512439980694826,1.0,0.0,0.47170544835268247,0.39984795173165644,0.2518858999119792,0.3328270433188143,0.48750213199830494,0.21585688844769857,0.492128717307998,0.24854574962504872,0.40104440522690743,0.49296709422112983,0.2599329061676534,0.2644783635508505,0.2646292468743364,0.41646918174035874,0.41212920054017,0.24624864891107678,0.2857094629993556
0.0,0.0,0.0,0.0,0.0,0.0,0.0,0.0,0.0,0.0,0.0,0.0,0.0,0.0,0.0,0.0,0.0,0.0,0.0,0.0,0.0,0.0,0.0,0.0,0.0,0.0,0.0,0.0,0.0,0.0,0.0,0.0,1.0,0.0,0.0,0.0,0.0,0.0,0.0,0.0,0.0,0.0,0.0,0.0,0.0,0.0,0.0,0.0,0.0,0.0
0.303993866898846,0.39883485868831514,0.22628367911551783,0.2550405735950473,0.3984844426877935,0.40781385706522555,0.3501802053519577,0.26267829976657275,0.2960917113489715,0.25981405518594847,0.48135936198766105,0.255861908575736,0.5267720121579751,0.260119251622395,0.25297195693431385,0.34763929378601444,0.338899334355487,0.48361845271136217,0.444999777884148,0.35985783414647476,0.5029529638575923,0.6047808481307053,0.6421359511281579,0.36611214425556515,0.3342147914762489,0.28409712492993144,0.5060566801391254,0.2563907704712943,0.2917613346343638,0.28721863264521297,0.24411454151610668,0.47170544835268247,0.0,1.0,0.40700296381885426,0.2754492464201811,0.33498780876017675,0.47538276462034645,0.19906692362708867,0.5022602080098832,0.24190058874376896,0.40734848076325936,0.510622577901778,0.2576488198448882,0.26068359493506355,0.26985242993822667,0.4082255913667252,0.41047224267354965,0.25315827416397085,0.2966301785911035
0.30219880704538926,0.5532025632451077,0.21665401483008517,0.2531762698645972,0.37276959257706377,0.5447045361483516,0.361544920289507,0.2628695099746299,0.2900490107819771,0.2600832614536407,0.4284116995551439,0.2675220311471397,0.41031206212271587,0.2525296852934634,0.2518627223780636,0.35891383350509587,0.39753839038112715,0.4169013514204367,0.38061572750378847,0.3592640511479921,0.40583847603101186,0.39091490205559587,0.41393150306567805,0.5217471537344328,0.4712491588543236,0.36017857311754065,0.41239760831060157,0.2519629773387879,0.28444563478381524,0.28962733341015623,0.24013566193421765,0.39984795173165644,0.0,0.40700296381885426,1.0,0.26418942300678405,0.3248760998344664,0.4127021100960886,0.19085073351775128,0.4221339033314456,0.2398951489061385,0.46522803893288533,0.4252242341742005,0.25947139307422284,0.25930952788390027,0.27067339994210127,0.4599988820693063,0.4608806617128345,0.2523900446912555,0.28381349472179884
0.27119965253244405,0.2604352249916616,0.21022956136308213,0.4076556701060965,0.23683834470363418,0.26394851545835285,0.26379277825685743,0.40758999983008126,0.27414126412588,0.4245332823073016,0.2749845986800923,0.3934439377050375,0.25609306176763835,0.4106855567299331,0.40042229248260397,0.2654271892337975,0.2176440707109416,0.27328409988494984,0.2509927377730068,0.26650631280744463,0.26609176592815964,0.25236606109796733,0.26790404290266323,0.24140911036210033,0.22065071228110422,0.19003544451238974,0.261234061275486,0.40241684327342264,0.2971829528018157,0.26624826621423503,0.39634455272825453,0.2518858999119792,0.0,0.2754492464201811,0.26418942300678405,1.0,0.25017265556031687,0.2589960481820811,0.28858727555895924,0.2664049195278022,0.3918421514669651,0.26169764198769807,0.2648718429204969,0.40982560756762154,0.4098798941705376,0.2818300125024762,0.2537439772833121,0.25526486795012826,0.40358201383243353,0.30366171693326827
0.27642909764893164,0.320830165963234,0.20058601535850806,0.2415123192071602,0.297093854942139,0.3317258354092941,0.7422549457913665,0.2389138687272354,0.2835795251823484,0.24247161970292397,0.33534839212090817,0.23263910144416877,0.3338731994552827,0.23237556850562047,0.23572155071857193,0.7113172421475165,0.26613011416886734,0.35779929549163403,0.3413707981220133,0.753095931297366,0.3562419812943284,0.3453658564243537,0.36518125814874147,0.29465522218470475,0.2745206433158175,0.2427112303757577,0.33670508061312965,0.2331520401969439,0.26099520628230455,0.27657826968579524,0.22499505909676176,0.3328270433188143,0.0,0.33498780876017675,0.3248760998344664,0.25017265556031687,1.0,0.32111336719174155,0.16554085415004938,0.3246455021292315,0.22280464134828593,0.3233222016611188,0.33734567137546334,0.23295276589541758,0.2340942774468623,0.2439898383034269,0.31130548071673947,0.3132277601903015,0.22764271854264473,0.2680853735542964
0.3198442463359913,0.41674133766998633,0.22477585317834547,0.2573966835662661,0.43896773786396204,0.41331335912138045,0.33758325715406323,0.280962842270266,0.2972530171378047,0.2695510059770265,0.4823715216528034,0.26966923748589944,0.49186089085074725,0.25975192089013077,0.2560677409946267,0.3397253521902751,0.37444171327282716,0.4618061075583999,0.4195774220842827,0.34849827736804084,0.4700728500441861,0.46134345583501857,0.4873987733395013,0.39326929209415196,0.38393208052547545,0.34389397910387265,0.575706246875771,0.2719082461896313,0.2967506147141651,0.2912579432942414,0.247991962804618,0.48750213199830494,0.0,0.47538276462034645,0.4127021100960886,0.2589960481820811,0.32111336719174155,1.0,0.24336380422667325,0.5111510413077505,0.2493362541927744,0.41275791139903584,0.6110816565335551,0.2798946488065135,0.2702942055689903,0.2814938396829326,0.4291620339989004,0.4242286468298494,0.26555804705875785,0.2969211747971986
0.22081518942709966,0.1736621464396394,0.1425963501454306,0.3064024720422862,0.21047996646356482,0.2091671414644749,0.17327892276272305,0.3087400922531627,0.18129021518732413,0.30415603678707814,0.18221779649756742,0.32264058989392097,0.1722933360101303,0.2977921112356846,0.2937382317516327,0.1696795723849902,0.34315884062827173,0.1819265132460114,0.16681883867843672,0.17574973864160948,0.1735218687564024,0.167925933191308,0.18521838313992167,0.2741885987724435,0.31712066691715735,0.36024067223429046,0.1733951756358053,0.3162641962754127,0.20552000718835817,0.18560923556145814,0.27751667275893854,0.21585688844769857,0.0,0.19906692362708867,0.19085073351775128,0.28858727555895924,0.16554085415004938,0.24336380422667325,1.0,0.18547814489114456,0.2775611709522682,0.17994249929692108,0.1781425169853691,0.3179840461693374,0.3199634904501901,0.19915282784470023,0.2199344597252798,0.1953292342648053,0.2836381977463709,0.21378324279168415
0.30575510929655725,0.4160350863262636,0.23053359160747322,0.25724791975973704,0.41655845595999186,0.406855106547963,0.34441364279556097,0.26897460049988875,0.30420127275236286,0.26955967243718637,0.5246770153063607,0.26705656039459347,0.5310394094117867,0.2583326624897274,0.2555151518020444,0.3457545235309869,0.3384564820398267,0.4971860267491822,0.45433929860853806,0.36135788618802855,0.5077086968080439,0.49689172103966395,0.5212178498067528,0.3739204208023441,0.337571311473849,0.2981961253027793,0.5467511947253674,0.2610706675401404,0.29406558130969807,0.3076464205728825,0.24871600500550728,0.492128717307998,0.0,0.5022602080098832,0.4221339033314456,0.2664049195278022,0.3246455021292315,0.5111510413077505,0.18547814489114456,1.0,0.2467497447732292,0.4266236846811756,0.5397720860283719,0.2655509448162825,0.2648050876042749,0.2833807780164005,0.43684567387794304,0.4381867590496834,0.258777815767103,0.30740350434582164
