../ecoli_genomes/GCF_000163235.1_ASM16323v1_genomic.fna.gz,../ecoli_genomes/GCF_000164555.1_ASM16455v1_genomic.fna.gz,../ecoli_genomes/GCF_000208545.1_ASM20854v2_genomic.fna.gz,../ecoli_genomes/GCF_000233875.1_ASM23387v1_genomic.fna.gz,../ecoli_genomes/GCF_000249735.1_ASM24973v2_genomic.fna.gz,../ecoli_genomes/GCF_000261145.1_Esch_coli_M919_V2_genomic.fna.gz,../ecoli_genomes/GCF_000267705.2_ASM26770v2_genomic.fna.gz,../ecoli_genomes/GCF_000350665.1_Esch_coli_KTE5_V1_genomic.fna.gz,../ecoli_genomes/GCF_000351625.1_Esch_coli_KTE66_V1_genomic.fna.gz,../ecoli_genomes/GCF_000352285.1_Esch_coli_KTE46_V1_genomic.fna.gz,../ecoli_genomes/GCF_000358895.1_ASM35889v1_genomic.fna.gz,../ecoli_genomes/GCF_000456385.1_Esch_coli_HVH_26_4-5703913_V1_genomic.fna.gz,../ecoli_genomes/GCF_000458195.1_Esch_coli_HVH_147_4-5893887_V1_genomic.fna.gz,../ecoli_genomes/GCF_000459755.1_Esch_coli_KOEGE_58_171a_V1_genomic.fna.gz,../ecoli_genomes/GCF_000460055.1_Esch_coli_UMEA_3053-1_V1_genomic.fna.gz,../ecoli_genomes/GCF_000462165.2_ASM46216v2_genomic.fna.gz,../ecoli_genomes/GCF_000601135.1_ASM60113v1_genomic.fna.gz,../ecoli_genomes/GCF_000614595.1_Ec2010EL1058_genomic.fna.gz,../ecoli_genomes/GCF_000617745.1_Ec2010C-4529_genomic.fna.gz,../ecoli_genomes/GCF_000618265.2_EcF6751_genomic.fna.gz,../ecoli_genomes/GCF_000619005.2_Ec2009C-4052_genomic.fna.gz,../ecoli_genomes/GCF_000619105.1_Ec2009C-4780_genomic.fna.gz,../ecoli_genomes/GCF_000619765.2_Ec2009C-3279_genomic.fna.gz,../ecoli_genomes/GCF_000687005.1_ASM68700v1_genomic.fna.gz,../ecoli_genomes/GCF_000687025.1_ASM68702v1_genomic.fna.gz,../ecoli_genomes/GCF_000700125.1_ASM70012v1_genomic.fna.gz,../ecoli_genomes/GCF_000753315.1_FHI35_genomic.fna.gz,../ecoli_genomes/GCF_000776375.1_ASM77637v1_genomic.fna.gz,../ecoli_genomes/GCF_000779395.1_ASM77939v1_genomic.fna.gz,../ecoli_genomes/GCF_000780315.1_ASM78031v1_genomic.fna.gz,../ecoli_genomes/GCF_000781995.1_ASM78199v1_genomic.fna.gz,../ecoli_genomes/GCF_000986765.1_ASM98676v1_genomic.fna.gz,../ecoli_genomes/GCF_001041375.1_ViralProj287958_genomic.fna.gz,../ecoli_genomes/GCF_001265335.1_302014_genomic.fna.gz,../ecoli_genomes/GCF_001265625.1_100854_genomic.fna.gz,../ecoli_genomes/GCF_001267345.1_303289_genomic.fna.gz,../ecoli_genomes/GCF_001309985.1_ASM130998v1_genomic.fna.gz,../ecoli_genomes/GCF_001521695.1_ASM152169v1_genomic.fna.gz,../ecoli_genomes/GCF_001592595.1_ASM159259v1_genomic.fna.gz,../ecoli_genomes/GCF_001614975.1_ASM161497v1_genomic.fna.gz,../ecoli_genomes/GCF_001692775.1_ASM169277v1_genomic.fna.gz,../ecoli_genomes/GCF_001748915.1_ASM174891v1_genomic.fna.gz,../ecoli_genomes/GCF_001749235.1_ASM174923v1_genomic.fna.gz,../ecoli_genomes/GCF_001881155.1_ASM188115v1_genomic.fna.gz,../ecoli_genomes/GCF_001881345.1_ASM188134v1_genomic.fna.gz,../ecoli_genomes/GCF_001892405.1_ASM189240v1_genomic.fna.gz,../ecoli_genomes/GCF_001892585.1_ASM189258v1_genomic.fna.gz,../ecoli_genomes/GCF_001893985.1_ASM189398v1_genomic.fna.gz,../ecoli_genomes/GCF_002001595.1_ASM200159v1_genomic.fna.gz,../ecoli_genomes/GCF_002002145.1_ASM200214v1_genomic.fna.gz
1.0,0.7925770892763988,0.7708409077383975,0.7674468541803806,0.7552740359564719,0.7757531784905197,0.7692610244469873,0.7692931654297581,0.8026152306089036,0.7745645484345611,0.7831099427369544,0.7768509373076602,0.7886332684774047,0.7624046386834216,0.7634515258132292,0.7724203894895503,0.7599476510690109,0.7840644789796903,0.7716792280532936,0.7757062562095349,0.7726252906601988,0.7723084771577866,0.7808840778112469,0.7688103460246171,0.7603115572354676,0.7612133373240095,0.7811830938492281,0.7655752589573825,0.7884345574679115,0.7966883734074592,0.7562488613162492,0.7711987580856718,0.05245542015888893,0.7618467023946223,0.7648753625945581,0.763275950825837,0.758313488220056,0.769199307876719,0.733422092074964,0.7854979355017166,0.7556146118570505,0.7749609066652181,0.7763298994355666,0.768551622361842,0.7676224418744988,0.7773555075364971,0.7784071962083483,0.7796099210248927,0.7694385393930616,0.7904981305226528
0.7925770892763988,1.0,0.766841215252203,0.7625153478685125,0.7746996102713805,0.827663551994088,0.7786443475002794,0.7646079274989778,0.7653143687042748,0.7706800463444335,0.7999271258547679,0.7740947013209524,0.8068547103022097,0.7570524330219511,0.7614785311948876,0.7834791499345292,0.7978320455974623,0.8051280189419594,0.7953987185689694,0.7845993392206915,0.7953531142815994,0.7984262796691793,0.8055449959783814,0.8221618426048889,0.8214101825726913,0.8000827303367404,0.801169097269529,0.7639458621076205,0.7765409120919884,0.7725895836502767,0.7599117155869374,0.7932200698581086,0.049931630901602575,0.7800437209912665,0.8280268196728486,0.7607984578097672,0.7665544280923987,0.7901284995449405,0.7284829445431291,0.8059288163460969,0.7580547568446889,0.8068804263164626,0.7985907022495935,0.7714432316171586,0.7707309508155613,0.7635077720181966,0.8173357682144544,0.8163651129162208,0.7708679810510096,0.7706772961643622
0.7708409077383975,0.766841215252203,1.0,0.7412872143853553,0.7341943648606242,0.7617724699968766,0.7574312405338242,0.7454750000179602,0.7591361538152509,0.7505594186871479,0.7577888025308299,0.7557087203174406,0.7581620474051032,0.7438277457973875,0.746684231215986,0.7561882922690144,0.7461106829193351,0.756357452936661,0.749199917560564,0.7626401504445413,0.7550752053030139,0.7543449567518514,0.7626462246952277,0.7472796561847665,0.7481197030986542,0.7416721466021428,0.75361853804127,0.7419695778439748,0.7679666008336545,0.7584225229654425,0.7342639380618605,0.7539818685893203,0.051918670513637744,0.7447429637232534,0.7560122871933521,0.7518554696564264,0.743937145779769,0.746738392113361,0.7192547795132072,0.7636186234576465,0.7419770900132001,0.7516579645872309,0.7592844381092134,0.7486094960963408,0.7450893873326605,0.764504299306957,0.7586741174716806,0.7598251301351632,0.7545052374578768,0.767701541694324
0.7674468541803806,0.7625153478685125,0.7412872143853553,1.0,0.7284486362117271,0.7507911791834289,0.7448230232240971,0.8238929756224564,0.763648750842072,0.8333566807922614,0.7491271883365218,0.8330227498700087,0.7549338041048075,0.8478615136911136,0.8479171134296402,0.7436138508201341,0.7409012840851773,0.7570507055324196,0.7456483341906377,0.7479370308954925,0.7486419268780471,0.7456787748429418,0.7568845532774264,0.7419845792491921,0.7388270800934095,0.7324361182677576,0.7539244322614493,0.8390378899247499,0.7704664071227436,0.7558105278344343,0.8199684959154772,0.7522949707015827,0.0456241476683551,0.7313929904879806,0.7421502904848263,0.7936906770712125,0.7307670875775157,0.7378150340907867,0.757661037831467,0.752712340558132,0.8298028853137037,0.7526905646744679,0.7475077652077136,0.8396337269140284,0.8269564821556048,0.7620728345286519,0.7496472315745119,0.749891812419482,0.8178325220116223,0.7733931981153904
0.7552740359564719,0.7746996102713805,0.7341943648606242,0.7284486362117271,1.0,0.7872662014035318,0.756535746821517,0.7320828753565773,0.7494902518664588,0.7385486446377573,0.8015876265094852,0.7351402415262529,0.7951501762112555,0.7344954794625708,0.7342624974162271,0.7604717201994806,0.7744280769377325,0.7786177850718006,0.7681824088968657,0.7620509512172837,0.77794987711054,0.7762046968346001,0.783840767905425,0.7682367385325678,0.7709673945707645,0.7702262595991525,0.7804851790161786,0.7280778507806362,0.7571462284432672,0.7478473188282979,0.732681098173654,0.7866502130324875,0.04604002693212084,0.7714359517134859,0.7636993607587658,0.7354525151154341,0.7502200013402431,0.7912842510383277,0.7202021097699409,0.790691859620564,0.7375102489765898,0.7793075986363059,0.7900164777489791,0.7332779032342913,0.7323817345047288,0.7373772671811852,0.7825976130053713,0.7835457590173341,0.7403259988691526,0.7536073695945713
0.7757531784905197,0.827663551994088,0.7617724699968766,0.7507911791834289,0.7872662014035318,1.0,0.778464481916231,0.7599278809431742,0.7648236379483141,0.7559996513506395,0.8000541960995184,0.7558690002866415,0.8104327423007398,0.7530718276114324,0.752770464174934,0.7780819721108916,0.7973179586136601,0.8086492862599273,0.7914730316813379,0.7809283667991994,0.7924830367026359,0.7983626881584458,0.8112351285448236,0.8119171652571667,0.8216908453322253,0.8000909116509134,0.795733907681109,0.7535717689822263,0.7675945196616992,0.7600433176452456,0.7491107661214707,0.7962360703473852,0.04518650212095654,0.7939275341388027,0.8256146856759046,0.760863971011576,0.7684447290895978,0.7893298717040077,0.7400577040118295,0.8049121844910135,0.7505794905418616,0.8146893808226611,0.8019802568485733,0.7580805714453791,0.7582131124285568,0.7558733204079213,0.8242783749047972,0.8260135329871598,0.7597871837604224,0.7682585522798976
0.7692610244469873,0.7786443475002794,0.7574312405338242,0.7448230232240971,0.756535746821517,0.778464481916231,1.0,0.7495043348305094,0.76688360686306,0.7510171915928604,0.7730212889713265,0.7507200777163949,0.7771954047816575,0.7416617214286629,0.7488409464219827,0.8979729663305994,0.7616860902063972,0.7976493477981247,0.7941251400450372,0.9401038552207238,0.7861171215903385,0.7831226535318891,0.7946989080260751,0.7679258596256635,0.7673762378869979,0.7566761784847602,0.7786088314483384,0.7435470454593759,0.7670270340950662,0.7582326368624122,0.7436626026916541,0.7710125715156155,0.040192989826290604,0.7690036884951368,0.7739654752332421,0.7570776589625211,0.9106787043248408,0.7533921130427043,0.7233917510278327,0.7752152164612308,0.7426417302688426,0.7758519761370918,0.776404705511264,0.751555383555466,0.7521586522767252,0.752007734379861,0.7746203274732832,0.7745261663990695,0.7492850028921232,0.7677540173396724
0.7692931654297581,0.7646079274989778,0.7454750000179602,0.8238929756224564,0.7320828753565773,0.7599278809431742,0.7495043348305094,1.0,0.761908257434536,0.8290401858434625,0.7521384144588154,0.8207750069013718,0.7626850584437355,0.8195213338529224,0.8173894713453662,0.7453542856562738,0.7420168456591806,0.7608793126187481,0.7484024577474664,0.7520655098133074,0.7539070833287221,0.7496892900714944,0.7573750720253161,0.7421561728304065,0.7374582239441102,0.7403723138599912,0.7560535644581302,0.8830016993139984,0.770970805447478,0.7560996213089918,0.8119381766297037,0.7543164813923362,0.04837275379681805,0.7408036614517752,0.7460240164413002,0.7987089048137895,0.7342960698535227,0.7458708657726905,0.7656717091246642,0.7594775771870486,0.8175923748509579,0.7596811617535524,0.7542803780640137,0.8815520532732876,0.8660740222891542,0.7619246017184858,0.7549657178947409,0.7548193234801073,0.8105942240702215,0.7711258464530124
0.8026152306089036,0.7653143687042748,0.7591361538152509,0.763648750842072,0.7494902518664588,0.7648236379483141,0.76688360686306,0.761908257434536,1.0,0.7728357533771792,0.7723446937635708,0.7623667997638683,0.7746561041847214,0.7625335721680114,0.7634083138860103,0.7675886656774188,0.7510906417052248,0.7727560721865919,0.7626201022815715,0.7737978737181705,0.7636851749801176,0.7575087296321743,0.7649542525181612,0.7533832522264068,0.7489297746002943,0.7484016953257255,0.7650416231197049,0.7605057789402162,0.775939591287251,0.8051136272514896,0.7567058316266975,0.7574564360933361,0.04676363260830818,0.7442347046470115,0.7575130820794562,0.762466580422394,0.755421311266921,0.7547421089633248,0.7274190991421594,0.7763163003066784,0.7599386088546657,0.7739914970898372,0.7656496680205828,0.7637449487416914,0.7566325993736507,0.774113347731743,0.7670591259448573,0.7671305485790182,0.7682721928801444,0.7856185416767473
0.7745645484345611,0.7706800463444335,0.7505594186871479,0.8333566807922614,0.7385486446377573,0.7559996513506395,0.7510171915928604,0.8290401858434625,0.7728357533771792,1.0,0.7622202066457384,0.8243771433992368,0.7705665201550348,0.829098886463107,0.8271987823182244,0.7520928354118265,0.743473523585917,0.765186454860503,0.7508403294519442,0.7563883954768564,0.7537588785099333,0.7544636533794248,0.7576115690703623,0.7445828727727039,0.7423323987066591,0.7455841531068772,0.7638607519779355,0.8296559795607814,0.7763626015415275,0.7614556543478544,0.8260591922241987,0.7503990907879076,0.044412493773850925,0.737303600114178,0.7489484391545371,0.8100468140159263,0.7343349259133196,0.7488585195483133,0.769041161390088,0.7644227330071246,0.826769712410792,0.7562360923112097,0.756577566904636,0.8319724675806832,0.8259762491620565,0.7623132892166784,0.7558558743400932,0.75482411281955,0.8314342658468731,0.7703985746917262
0.7831099427369544,0.7999271258547679,0.7577888025308299,0.7491271883365218,0.8015876265094852,0.8000541960995184,0.7730212889713265,0.7521384144588154,0.7723446937635708,0.7622202066457384,1.0,0.7559136636247792,0.8427612978355042,0.7537676301897979,0.7510972050712484,0.78042457878866,0.7838354787635491,0.8177177194018818,0.8017820624845244,0.779962061883916,0.806379697483086,0.8193725337370975,0.8216267226297553,0.7909993228200726,0.785976225196166,0.7955452081500256,0.8220501830212277,0.7508788146081866,0.7750578032558579,0.7739364258403894,0.7487048524106432,0.7987496483634864,0.04675002974879705,0.7977969873464477,0.7886907774935883,0.7573968189696728,0.7633879562934172,0.8042828743133018,0.723298846752344,0.8363019064583805,0.7496170960636792,0.8024175371455101,0.8200669006576427,0.7551494296750978,0.7534282531635077,0.7598367557937662,0.8096813409875254,0.8082685597125672,0.7615390817427841,0.7780604864382223
0.7768509373076602,0.7740947013209524,0.7557087203174406,0.8330227498700087,0.7351402415262529,0.7558690002866415,0.7507200777163949,0.8207750069013718,0.7623667997638683,0.8243771433992368,0.7559136636247792,1.0,0.7607298118989092,0.8230003445638997,0.8535403733443087,0.7514691103188714,0.7466748475206528,0.7624223935382602,0.7464982192834242,0.753759259196898,0.7540069256878192,0.755500864016041,0.7636035689057121,0.7502331411622687,0.7426634945219313,0.7428280869458019,0.7573465603543024,0.8245881952636543,0.7810338965066211,0.7600822006338217,0.8057474885158209,0.7527064233451081,0.0485379476034794,0.7389128362749251,0.7511644265162356,0.7971451672499194,0.7383435274673189,0.7445180703203906,0.766722083115884,0.755847979109813,0.8097651894526604,0.7525290759560846,0.7569040415591242,0.8282403488900761,0.8209924574097817,0.7658816308402462,0.7595638878364122,0.7593616025523692,0.8151585972336685,0.7767411248794913
0.7886332684774047,0.8068547103022097,0.7581620474051032,0.7549338041048075,0.7951501762112555,0.8104327423007398,0.7771954047816575,0.7626850584437355,0.7746561041847214,0.7705665201550348,0.8427612978355042,0.7607298118989092,1.0,0.7560084780370951,0.7598881889424505,0.7864156767523511,0.7840020439634574,0.8344910349660791,0.8225779828251625,0.7832757046796543,0.8274357906986316,0.850597520449356,0.8505735735601705,0.7938769634877814,0.7865249426898978,0.7900334765530803,0.8467507123757587,0.758948780812999,0.7794766563116855,0.7790481134519252,0.7576642124273173,0.8236177344574065,0.048284683710883125,0.8234346808912626,0.8006704931895917,0.7608025028384238,0.7723083138869178,0.820669883565661,0.7305688665221142,0.8474480295318622,0.7567197959284118,0.8066004015322465,0.8418160579014151,0.7609577474097992,0.7560910128466451,0.7616453565678918,0.8098609563386899,0.808355693137496,0.762653128150765,0.7764519711389799
0.7624046386834216,0.7570524330219511,0.7438277457973875,0.8478615136911136,0.7344954794625708,0.7530718276114324,0.7416617214286629,0.8195213338529224,0.7625335721680114,0.829098886463107,0.7537676301897979,0.8230003445638997,0.7560084780370951,1.0,0.8455502219018877,0.7442342981308903,0.7447179905901853,0.7593129051284976,0.7473556955455387,0.7461642090273193,0.7488425734438622,0.751392854715447,0.7556555256249651,0.7353148637266116,0.7391987275705295,0.7356924958420423,0.7519152149433246,0.8365005632516965,0.7754219178278532,0.754820163784661,0.825504111514837,0.751063907169623,0.04450331081938219,0.7341044635504443,0.7441184912656862,0.794515040328172,0.7286011203920515,0.7417054906377168,0.7562215502100489,0.7561736115318308,0.8251069496576213,0.7528601077390253,0.7510017083088611,0.836422214342831,0.8251019176700208,0.7656492249636221,0.7555906808692525,0.7559675280039269,0.8166728684449076,0.7750843643345604
0.7634515258132292,0.7614785311948876,0.746684231215986,0.8479171134296402,0.7342624974162271,0.752770464174934,0.7488409464219827,0.8173894713453662,0.7634083138860103,0.8271987823182244,0.7510972050712484,0.8535403733443087,0.7598881889424505,0.8455502219018877,1.0,0.7489189427037817,0.7414933825390264,0.7575805081756626,0.7425219040591646,0.7518234722336419,0.7467428713876538,0.749495856391869,0.7558325454788747,0.7381580582048157,0.735420059218538,0.734567208341472,0.7512048696679363,0.8261498288044402,0.7719968276662701,0.7579359458458456,0.8201641190497179,0.7525329079322447,0.044267388783528094,0.7341295343728336,0.7458621831330688,0.7906693915729548,0.7350839367484041,0.7421476295260405,0.7549862025282423,0.7545659598105828,0.8252806979585962,0.7512628882455353,0.7531807135149591,0.8233975980636942,0.8137912231812039,0.7663991164028292,0.7579291892911477,0.7574624069105584,0.8106013299783422,0.7746944294221452
0.7724203894895503,0.7834791499345292,0.7561882922690144,0.7436138508201341,0.7604717201994806,0.7780819721108916,0.8979729663305994,0.7453542856562738,0.7675886656774188,0.7520928354118265,0.78042457878866,0.7514691103188714,0.7864156767523511,0.7442342981308903,0.7489189427037817,1.0,0.762206283100173,0.7938790493564778,0.789454735778031,0.9102728921656895,0.7826804072283212,0.7868801980936231,0.7932395573821469,0.7697828006259677,0.7666041142794461,0.7629355379905993,0.7821086625686591,0.7436927468479744,0.7677996008764048,0.7644740252990226,0.7418505180183927,0.770192431939211,0.03856070378595888,0.7658649080806677,0.7784761658033124,0.7516231159973678,0.8928754988282807,0.7582706941269141,0.7153887789490838,0.7772530528914174,0.7410741581149015,0.7724015145630487,0.7773780959655929,0.7474219754719542,0.7475535086057549,0.7530449790826945,0.7771056136167058,0.776550756283551,0.7491549511366277,0.7691750511612944
0.7599476510690109,0.7978320455974623,0.7461106829193351,0.7409012840851773,0.7744280769377325,0.7973179586136601,0.7616860902063972,0.7420168456591806,0.7510906417052248,0.743473523585917,0.7838354787635491,0.7466748475206528,0.7840020439634574,0.7447179905901853,0.7414933825390264,0.762206283100173,1.0,0.7761709861970041,0.7676567502666976,0.7635646000012317,0.7787731078993817,0.7785426344885291,0.7906344917549948,0.8126901824794593,0.8091091230912492,0.8127112800321249,0.776462273961199,0.7423403219597973,0.7640474222338283,0.7512332092424296,0.7385899484391809,0.8010708143247203,0.05084253490991053,0.7679024411253265,0.7865342498172565,0.7487019084988165,0.7540921511394294,0.7629310446719448,0.7167473819569428,0.7802895150271993,0.7393689901376983,0.7829034168727128,0.7775207181031346,0.7470670164546183,0.7495940718312117,0.7462534863283219,0.7947010959625731,0.795947572512165,0.7515490402545185,0.7619612309864802
0.7840644789796903,0.8051280189419594,0.756357452936661,0.7570507055324196,0.7786177850718006,0.8086492862599273,0.7976493477981247,0.7608793126187481,0.7727560721865919,0.765186454860503,0.8177177194018818,0.7624223935382602,0.8344910349660791,0.7593129051284976,0.7575805081756626,0.7938790493564778,0.7761709861970041,1.0,0.8400360374815534,0.7996193939952059,0.8347047689654816,0.8396615248647037,0.845528715241053,0.7848286726888771,0.7875016781285061,0.7775367543325005,0.8282384191532046,0.7582243611750139,0.7747675099271021,0.7722816946300748,0.7579928859746882,0.8117952300271541,0.04230736528833989,0.8126077333693087,0.7958585288697461,0.774753392682683,0.7846237460872852,0.8014362471341784,0.7349416008606403,0.8295151736140315,0.76024656459194,0.8080572126761892,0.8247827549053461,0.7646042707035853,0.7599922858414097,0.7630403846084696,0.8056351516926248,0.8049737315351332,0.7662914394345448,0.7718642724819851
0.7716792280532936,0.7953987185689694,0.749199917560564,0.7456483341906377,0.7681824088968657,0.7914730316813379,0.7941251400450372,0.7484024577474664,0.7626201022815715,0.7508403294519442,0.8017820624845244,0.7464982192834242,0.8225779828251625,0.7473556955455387,0.7425219040591646,0.789454735778031,0.7676567502666976,0.8400360374815534,1.0,0.7955500420726577,0.832295717479193,0.8299863263898497,0.8334723343894792,0.7708754137726979,0.7839746130962761,0.7678511346450185,0.8181741606884159,0.7485861432952052,0.7646515753197491,0.7603227945218818,0.7480012538531848,0.8006148375423108,0.04959272433667972,0.7997201095483746,0.7899780941492275,0.7573300847564438,0.7836355917116683,0.7905739327079213,0.7178498479587584,0.814528108275835,0.7449970911432775,0.7985949896666812,0.8066562527260681,0.7560295977123537,0.749682983010956,0.750540188603286,0.7934108228535093,0.7928226532117839,0.7528689867428608,0.7633388635883792
0.7757062562095349,0.7845993392206915,0.7626401504445413,0.7479370308954925,0.7620509512172837,0.7809283667991994,0.9401038552207238,0.7520655098133074,0.7737978737181705,0.7563883954768564,0.779962061883916,0.753759259196898,0.7832757046796543,0.7461642090273193,0.7518234722336419,0.9102728921656895,0.7635646000012317,0.7996193939952059,0.7955500420726577,1.0,0.7900710502228566,0.7857756591640052,0.7961606559941129,0.7696353098738822,0.7713900837116323,0.7622310644567079,0.7834359128508731,0.7481982471554791,0.7710536283493442,0.7644279810126718,0.7465679843862423,0.7749438191147862,0.040783204575466914,0.7695514177799925,0.7790443013540236,0.757864789647553,0.9044850716050229,0.7595572477809832,0.7223426227769555,0.7819624257775495,0.7463521988664301,0.7784573214993235,0.7810191776152197,0.7550450664243178,0.7535119013959232,0.7584903145239715,0.780094671237626,0.7801502726263725,0.7530762946000747,0.7720835592540457
0.7726252906601988,0.7953531142815994,0.7550752053030139,0.7486419268780471,0.77794987711054,0.7924830367026359,0.7861171215903385,0.7539070833287221,0.7636851749801176,0.7537588785099333,0.806379697483086,0.7540069256878192,0.8274357906986316,0.7488425734438622,0.7467428713876538,0.7826804072283212,0.7787731078993817,0.8347047689654816,0.832295717479193,0.7900710502228566,1.0,0.828307564030867,0.8409548694167923,0.7778304528885841,0.7867117405374686,0.7731680446633524,0.8235620746022796,0.7544086086427304,0.7641215221559007,0.7636919782910018,0.7478032240852268,0.8145384128534281,0.04749593123068674,0.809540539525071,0.7890703400378021,0.7592416730078462,0.7743455900796874,0.7998678957313239,0.7286949632301629,0.824713595575906,0.750846078553607,0.7924883493648597,0.817324215642579,0.7614887556459171,0.757603668118055,0.7606581872402634,0.8015932946861544,0.801158844644406,0.751476970523541,0.76264300748963
0.7723084771577866,0.7984262796691793,0.7543449567518514,0.7456787748429418,0.7762046968346001,0.7983626881584458,0.7831226535318891,0.7496892900714944,0.7575087296321743,0.7544636533794248,0.8193725337370975,0.755500864016041,0.850597520449356,0.751392854715447,0.749495856391869,0.7868801980936231,0.7785426344885291,0.8396615248647037,0.8299863263898497,0.7857756591640052,0.828307564030867,1.0,0.8939433881719365,0.7833239931799518,0.7857243107146654,0.7743117363903091,0.8320651026268694,0.7486848573667362,0.7682443979206987,0.7637166564323622,0.7514978323708676,0.8099984804441427,0.04675644927398759,0.8461111662697705,0.7905422681439579,0.756555656594923,0.7747139048587135,0.8023431943138174,0.7227868221243887,0.8273970184771577,0.748327089622346,0.7946082878438152,0.8304337088404656,0.753596582610213,0.747283606704884,0.7523789044443812,0.797784793776862,0.7968824917309429,0.7575484065199125,0.7668557562877437
0.7808840778112469,0.8055449959783814,0.7626462246952277,0.7568845532774264,0.783840767905425,0.8112351285448236,0.7946989080260751,0.7573750720253161,0.7649542525181612,0.7576115690703623,0.8216267226297553,0.7636035689057121,0.8505735735601705,0.7556555256249651,0.7558325454788747,0.7932395573821469,0.7906344917549948,0.845528715241053,0.8334723343894792,0.7961606559941129,0.8409548694167923,0.8939433881719365,1.0,0.7930859587183563,0.7992657959981473,0.7836833400335406,0.8399222412796398,0.7560204345565547,0.7718516579905428,0.7645071408660818,0.7569621730154583,0.8240925732214605,0.04966366221581742,0.8479743929344695,0.7957709971916282,0.7646370594227757,0.7866785668671833,0.8110956514327501,0.7274121259132618,0.8315909262710298,0.7549992281018556,0.7988455518216466,0.827665457797619,0.7622001434961228,0.7587552575852264,0.7582719726041725,0.8027763959695431,0.802742991401927,0.7609631271948073,0.7703098232348281
0.7688103460246171,0.8221618426048889,0.7472796561847665,0.7419845792491921,0.7682367385325678,0.8119171652571667,0.7679258596256635,0.7421561728304065,0.7533832522264068,0.7445828727727039,0.7909993228200726,0.7502331411622687,0.7938769634877814,0.7353148637266116,0.7381580582048157,0.7697828006259677,0.8126901824794593,0.7848286726888771,0.7708754137726979,0.7696353098738822,0.7778304528885841,0.7833239931799518,0.7930859587183563,1.0,0.8234323512687951,0.8188164439715506,0.7873806461593548,0.737498697162098,0.7633862339203935,0.7570155341466249,0.7363326393784023,0.7830807328190856,0.05007492961401139,0.7715684733983224,0.819305029425041,0.7450645065999734,0.7584845543974056,0.7650970789217075,0.7095878514732243,0.7864384473900881,0.7400149851444717,0.7957869802597195,0.7837697257179681,0.742396004259666,0.7419059177646286,0.7405073027893214,0.7981329964504079,0.7963387421080589,0.7469147197022761,0.7571570601712417
0.7603115572354676,0.8214101825726913,0.7481197030986542,0.7388270800934095,0.7709673945707645,0.8216908453322253,0.7673762378869979,0.7374582239441102,0.7489297746002943,0.7423323987066591,0.785976225196166,0.7426634945219313,0.7865249426898978,0.7391987275705295,0.735420059218538,0.7666041142794461,0.8091091230912492,0.7875016781285061,0.7839746130962761,0.7713900837116323,0.7867117405374686,0.7857243107146654,0.7992657959981473,0.8234323512687951,1.0,0.8126462389929161,0.7829772047810901,0.7380296183347654,0.7534634405513453,0.7445997244848506,0.7383629953784674,0.7995624614670259,0.0493082788993392,0.7763605851601834,0.8242893579847664,0.7442920499817215,0.7553075153721014,0.7773142428179993,0.7148823124813658,0.7902311148542973,0.7399325815969626,0.7933625840255649,0.7837015344819817,0.7492010884363092,0.7464655144367578,0.7468087330165498,0.7993216312356252,0.7985975740756746,0.7498484108237193,0.752140741459018
0.7612133373240095,0.8000827303367404,0.7416721466021428,0.7324361182677576,0.7702262595991525,0.8000909116509134,0.7566761784847602,0.7403723138599912,0.7484016953257255,0.7455841531068772,0.7955452081500256,0.7428280869458019,0.7900334765530803,0.7356924958420423,0.734567208341472,0.7629355379905993,0.8127112800321249,0.7775367543325005,0.7678511346450185,0.7622310644567079,0.7731680446633524,0.7743117363903091,0.7836833400335406,0.8188164439715506,0.8126462389929161,1.0,0.7779538035180398,0.7373817424401268,0.7602160280867216,0.7549432992112698,0.7371204830351927,0.7815215415936657,0.05495510486138022,0.759462970853686,0.7933989052198723,0.7432368958962265,0.7501031609006378,0.7614105443620484,0.7105697647297413,0.7908977416080306,0.7328518697275751,0.7923483949264756,0.7772528217461566,0.7472172743095549,0.7426170078733251,0.7429349936262554,0.7959367242367932,0.7962540922373831,0.7511828333006842,0.7593742912484507
0.7811830938492281,0.801169097269529,0.75361853804127,0.7539244322614493,0.7804851790161786,0.795733907681109,0.7786088314483384,0.7560535644581302,0.7650416231197049,0.7638607519779355,0.8220501830212277,0.7573465603543024,0.8467507123757587,0.7519152149433246,0.7512048696679363,0.7821086625686591,0.776462273961199,0.8282384191532046,0.8181741606884159,0.7834359128508731,0.8235620746022796,0.8320651026268694,0.8399222412796398,0.7873806461593548,0.7829772047810901,0.7779538035180398,1.0,0.7523887890676139,0.7732186278748264,0.7650620098247783,0.7582091646580777,0.8137805984995857,0.05174675284908592,0.812402010534532,0.7906285114205744,0.7612087283845763,0.7680168373190841,0.8319354708907634,0.7230408158956759,0.8413984633401883,0.7555715089902828,0.7961264788289477,0.847245828592942,0.7591284460218533,0.7530309860503408,0.7570691885541816,0.794886073474107,0.7937179160168545,0.7598839619943087,0.7694483885729069
0.7655752589573825,0.7639458621076205,0.7419695778439748,0.8390378899247499,0.7280778507806362,0.7535717689822263,0.7435470454593759,0.8830016993139984,0.7605057789402162,0.8296559795607814,0.7508788146081866,0.8245881952636543,0.758948780812999,0.8365005632516965,0.8261498288044402,0.7436927468479744,0.7423403219597973,0.7582243611750139,0.7485861432952052,0.7481982471554791,0.7544086086427304,0.7486848573667362,0.7560204345565547,0.737498697162098,0.7380296183347654,0.7373817424401268,0.7523887890676139,1.0,0.7733157672982415,0.7539475962653113,0.8194988342184658,0.7543362683249983,0.04891289087332962,0.7343319671095697,0.7475352454298179,0.7934163283086241,0.7292818670401517,0.7440430601517595,0.7579952104113825,0.7551319201474817,0.8203416661978488,0.7558582591130221,0.7505167031215516,0.9270625719593574,0.9015351236624463,0.7607028298643755,0.7545943065147396,0.753430082008375,0.8210884184633364,0.7711811744110882
0.7884345574679115,0.7765409120919884,0.7679666008336545,0.7704664071227436,0.7571462284432672,0.7675945196616992,0.7670270340950662,0.770970805447478,0.775939591287251,0.7763626015415275,0.7750578032558579,0.7810338965066211,0.7794766563116855,0.7754219178278532,0.7719968276662701,0.7677996008764048,0.7640474222338283,0.7747675099271021,0.7646515753197491,0.7710536283493442,0.7641215221559007,0.7682443979206987,0.7718516579905428,0.7633862339203935,0.7534634405513453,0.7602160280867216,0.7732186278748264,0.7733157672982415,1.0,0.7759958423131241,0.7672669469678582,0.7633074748773191,0.0499351735881699,0.7540035911393745,0.7609482004307878,0.7737098189255849,0.7526639657678207,0.758372210163991,0.736509275335991,0.770118168951123,0.7602545145026389,0.7642189970083665,0.7729327461872356,0.7744275894764274,0.7709574440064371,0.7865867653901364,0.7729329160788531,0.7727517022681346,0.774119153629653,0.8622829530880807
0.7966883734074592,0.7725895836502767,0.7584225229654425,0.7558105278344343,0.7478473188282979,0.7600433176452456,0.7582326368624122,0.7560996213089918,0.8051136272514896,0.7614556543478544,0.7739364258403894,0.7600822006338217,0.7790481134519252,0.754820163784661,0.7579359458458456,0.7644740252990226,0.7512332092424296,0.7722816946300748,0.7603227945218818,0.7644279810126718,0.7636919782910018,0.7637166564323622,0.7645071408660818,0.7570155341466249,0.7445997244848506,0.7549432992112698,0.7650620098247783,0.7539475962653113,0.7759958423131241,1.0,0.7527780703524123,0.7502466733706412,0.043470516687683425,0.7432508853576903,0.7595832660404382,0.7572326905564072,0.7488594032714964,0.7506136718368157,0.7165353581483569,0.7796556322525655,0.7538921433654993,0.7666593033378086,0.7678470889762495,0.7555761484635476,0.7491923678241386,0.7803244599499879,0.7748470314642433,0.7739581969897102,0.7651810152975104,0.7904335860468509
0.7562488613162492,0.7599117155869374,0.7342639380618605,0.8199684959154772,0.732681098173654,0.7491107661214707,0.7436626026916541,0.8119381766297037,0.7567058316266975,0.8260591922241987,0.7487048524106432,0.8057474885158209,0.7576642124273173,0.825504111514837,0.8201641190497179,0.7418505180183927,0.7385899484391809,0.7579928859746882,0.7480012538531848,0.7465679843862423,0.7478032240852268,0.7514978323708676,0.7569621730154583,0.7363326393784023,0.7383629953784674,0.7371204830351927,0.7582091646580777,0.8194988342184658,0.7672669469678582,0.7527780703524123,1.0,0.7515273956649438,0.043740366772766937,0.7349268733995726,0.742307714787183,0.7914383711456744,0.7299456520919638,0.7401548382428902,0.745979342511595,0.7604000021866322,0.8559959958192528,0.7544705152038879,0.7510080272779918,0.8199170875003141,0.8125432862714013,0.7548983089254075,0.7524675281595382,0.7519799992598228,0.8052470831890747,0.7634789008526726
0.7711987580856718,0.7932200698581086,0.7539818685893203,0.7522949707015827,0.7866502130324875,0.7962360703473852,0.7710125715156155,0.7543164813923362,0.7574564360933361,0.7503990907879076,0.7987496483634864,0.7527064233451081,0.8236177344574065,0.751063907169623,0.7525329079322447,0.770192431939211,0.8010708143247203,0.8117952300271541,0.8006148375423108,0.7749438191147862,0.8145384128534281,0.8099984804441427,0.8240925732214605,0.7830807328190856,0.7995624614670259,0.7815215415936657,0.8137805984995857,0.7543362683249983,0.7633074748773191,0.7502466733706412,0.7515273956649438,1.0,0.05070635380787114,0.8042351029764128,0.7845126708523917,0.747596850618448,0.763643512205452,0.8046784813905736,0.7194021307614415,0.8177266630807581,0.7497499363728489,0.7941382178835119,0.8194523989007221,0.7558791873781593,0.7542991034102449,0.7511488463728098,0.8001199423445773,0.8013179075365678,0.7466337684263729,0.7583064266511442
0.05245542015888893,0.049931630901602575,0.051918670513637744,0.0456241476683551,0.04604002693212084,0.04518650212095654,0.040192989826290604,0.04837275379681805,0.04676363260830818,0.044412493773850925,0.04675002974879705,0.0485379476034794,0.048284683710883125,0.04450331081938219,0.044267388783528094,0.03856070378595888,0.05084253490991053,0.04230736528833989,0.04959272433667972,0.040783204575466914,0.04749593123068674,0.04675644927398759,0.04966366221581742,0.05007492961401139,0.0493082788993392,0.05495510486138022,0.05174675284908592,0.04891289087332962,0.0499351735881699,0.043470516687683425,0.043740366772766937,0.05070635380787114,1.0,0.04933847853736073,0.054633244272784154,0.046734215846496285,0.038364143471992795,0.05234513590819412,0.04640357611266055,0.04780663983388478,0.04518814122963177,0.048678654168634705,0.05316219631196617,0.04675930758680602,0.049610354561902326,0.047036899011816735,0.04660091610045636,0.046520983946070626,0.05154584353768521,0.04249935087619805
0.7618467023946223,0.7800437209912665,0.7447429637232534,0.7313929904879806,0.7714359517134859,0.7939275341388027,0.7690036884951368,0.7408036614517752,0.7442347046470115,0.737303600114178,0.7977969873464477,0.7389128362749251,0.8234346808912626,0.7341044635504443,0.7341295343728336,0.7658649080806677,0.7679024411253265,0.8126077333693087,0.7997201095483746,0.7695514177799925,0.809540539525071,0.8461111662697705,0.8479743929344695,0.7715684733983224,0.7763605851601834,0.759462970853686,0.812402010534532,0.7343319671095697,0.7540035911393745,0.7432508853576903,0.7349268733995726,0.8042351029764128,0.04933847853736073,1.0,0.7780855600751336,0.7505194898567152,0.7575631207860891,0.7938216469071019,0.7346096917867517,0.8107243462481315,0.7351731280301008,0.7850684463372537,0.818287675222434,0.737968963209598,0.7371414660437612,0.7399388713055159,0.7836364985177715,0.7842788289409663,0.736783034224803,0.755172864101367
0.7648753625945581,0.8280268196728486,0.7560122871933521,0.7421502904848263,0.7636993607587658,0.8256146856759046,0.7739654752332421,0.7460240164413002,0.7575130820794562,0.7489484391545371,0.7886907774935883,0.7511644265162356,0.8006704931895917,0.7441184912656862,0.7458621831330688,0.7784761658033124,0.7865342498172565,0.7958585288697461,0.7899780941492275,0.7790443013540236,0.7890703400378021,0.7905422681439579,0.7957709971916282,0.819305029425041,0.8242893579847664,0.7933989052198723,0.7906285114205744,0.7475352454298179,0.7609482004307878,0.7595832660404382,0.742307714787183,0.7845126708523917,0.054633244272784154,0.7780855600751336,1.0,0.7483465049346077,0.7607260624394985,0.781067185525784,0.7195605204126256,0.79767905691781,0.7406390360343305,0.8015001027340326,0.7983576426888906,0.7521116279607075,0.7497462750246915,0.7456296158254936,0.8078426112894131,0.8061630177225702,0.7551544885702848,0.7603499749052494
0.763275950825837,0.7607984578097672,0.7518554696564264,0.7936906770712125,0.7354525151154341,0.760863971011576,0.7570776589625211,0.7987089048137895,0.762466580422394,0.8100468140159263,0.7573968189696728,0.7971451672499194,0.7608025028384238,0.794515040328172,0.7906693915729548,0.7516231159973678,0.7487019084988165,0.774753392682683,0.7573300847564438,0.757864789647553,0.7592416730078462,0.756555656594923,0.7646370594227757,0.7450645065999734,0.7442920499817215,0.7432368958962265,0.7612087283845763,0.7934163283086241,0.7737098189255849,0.7572326905564072,0.7914383711456744,0.747596850618448,0.046734215846496285,0.7505194898567152,0.7483465049346077,1.0,0.7399025745443417,0.7428936313526175,0.7741700123080713,0.7624060802340342,0.7901099219583734,0.7626357523457195,0.7543845911636646,0.7988915984622768,0.7949351710661612,0.7615905936213119,0.7551164195433593,0.7552430416983155,0.8056731259506079,0.7737284009821688
0.758313488220056,0.7665544280923987,0.743937145779769,0.7307670875775157,0.7502200013402431,0.7684447290895978,0.9106787043248408,0.7342960698535227,0.755421311266921,0.7343349259133196,0.7633879562934172,0.7383435274673189,0.7723083138869178,0.7286011203920515,0.7350839367484041,0.8928754988282807,0.7540921511394294,0.7846237460872852,0.7836355917116683,0.9044850716050229,0.7743455900796874,0.7747139048587135,0.7866785668671833,0.7584845543974056,0.7553075153721014,0.7501031609006378,0.7680168373190841,0.7292818670401517,0.7526639657678207,0.7488594032714964,0.7299456520919638,0.763643512205452,0.038364143471992795,0.7575631207860891,0.7607260624394985,0.7399025745443417,1.0,0.7429248746324815,0.7099101817152627,0.7603430752498491,0.7276243339064583,0.7642667211951275,0.7634185335837772,0.7361279391820692,0.7345830419648551,0.7394747891296283,0.7619959303795348,0.762163218443834,0.7359172320476424,0.7558740915425267
0.769199307876719,0.7901284995449405,0.746738392113361,0.7378150340907867,0.7912842510383277,0.7893298717040077,0.7533921130427043,0.7458708657726905,0.7547421089633248,0.7488585195483133,0.8042828743133018,0.7445180703203906,0.820669883565661,0.7417054906377168,0.7421476295260405,0.7582706941269141,0.7629310446719448,0.8014362471341784,0.7905739327079213,0.7595572477809832,0.7998678957313239,0.8023431943138174,0.8110956514327501,0.7650970789217075,0.7773142428179993,0.7614105443620484,0.8319354708907634,0.7440430601517595,0.758372210163991,0.7506136718368157,0.7401548382428902,0.8046784813905736,0.05234513590819412,0.7938216469071019,0.781067185525784,0.7428936313526175,0.7429248746324815,1.0,0.7166513651824654,0.8226307371126044,0.7446105286018702,0.7777698408670382,0.8439973039545511,0.7506501820681162,0.7468098076987757,0.746794626133272,0.79005354421433,0.7894833793851744,0.7485203091676416,0.7583820432428012
0.733422092074964,0.7284829445431291,0.7192547795132072,0.757661037831467,0.7202021097699409,0.7400577040118295,0.7233917510278327,0.7656717091246642,0.7274190991421594,0.769041161390088,0.723298846752344,0.766722083115884,0.7305688665221142,0.7562215502100489,0.7549862025282423,0.7153887789490838,0.7167473819569428,0.7349416008606403,0.7178498479587584,0.7223426227769555,0.7286949632301629,0.7227868221243887,0.7274121259132618,0.7095878514732243,0.7148823124813658,0.7105697647297413,0.7230408158956759,0.7579952104113825,0.736509275335991,0.7165353581483569,0.745979342511595,0.7194021307614415,0.04640357611266055,0.7346096917867517,0.7195605204126256,0.7741700123080713,0.7099101817152627,0.7166513651824654,1.0,0.7304577057506754,0.7481178034940605,0.7376797273998213,0.72555215327418,0.7623115906201946,0.7663663179824978,0.7260267802247398,0.7261978855961664,0.7267585157734515,0.7665677629565271,0.73280194858122
