../ecoli_genomes/GCF_000163235.1_ASM16323v1_genomic.fna.gz,../ecoli_genomes/GCF_000164555.1_ASM16455v1_genomic.fna.gz,../ecoli_genomes/GCF_000208545.1_ASM20854v2_genomic.fna.gz,../ecoli_genomes/GCF_000233875.1_ASM23387v1_genomic.fna.gz,../ecoli_genomes/GCF_000249735.1_ASM24973v2_genomic.fna.gz,../ecoli_genomes/GCF_000261145.1_Esch_coli_M919_V2_genomic.fna.gz,../ecoli_genomes/GCF_000267705.2_ASM26770v2_genomic.fna.gz,../ecoli_genomes/GCF_000350665.1_Esch_coli_KTE5_V1_genomic.fna.gz,../ecoli_genomes/GCF_000351625.1_Esch_coli_KTE66_V1_genomic.fna.gz,../ecoli_genomes/GCF_000352285.1_Esch_coli_KTE46_V1_genomic.fna.gz,../ecoli_genomes/GCF_000358895.1_ASM35889v1_genomic.fna.gz,../ecoli_genomes/GCF_000456385.1_Esch_coli_HVH_26_4-5703913_V1_genomic.fna.gz,../ecoli_genomes/GCF_000458195.1_Esch_coli_HVH_147_4-5893887_V1_genomic.fna.gz,../ecoli_genomes/GCF_000459755.1_Esch_coli_KOEGE_58_171a_V1_genomic.fna.gz,../ecoli_genomes/GCF_000460055.1_Esch_coli_UMEA_3053-1_V1_genomic.fna.gz,../ecoli_genomes/GCF_000462165.2_ASM46216v2_genomic.fna.gz,../ecoli_genomes/GCF_000601135.1_ASM60113v1_genomic.fna.gz,../ecoli_genomes/GCF_000614595.1_Ec2010EL1058_genomic.fna.gz,../ecoli_genomes/GCF_000617745.1_Ec2010C-4529_genomic.fna.gz,../ecoli_genomes/GCF_000618265.2_EcF6751_genomic.fna.gz,../ecoli_genomes/GCF_000619005.2_Ec2009C-4052_genomic.fna.gz,../ecoli_genomes/GCF_000619105.1_Ec2009C-4780_genomic.fna.gz,../ecoli_genomes/GCF_000619765.2_Ec2009C-3279_genomic.fna.gz,../ecoli_genomes/GCF_000687005.1_ASM68700v1_genomic.fna.gz,../ecoli_genomes/GCF_000687025.1_ASM68702v1_genomic.fna.gz,../ecoli_genomes/GCF_000700125.1_ASM70012v1_genomic.fna.gz,../ecoli_genomes/GCF_000753315.1_FHI35_genomic.fna.gz,../ecoli_genomes/GCF_000776375.1_ASM77637v1_genomic.fna.gz,../ecoli_genomes/GCF_000779395.1_ASM77939v1_genomic.fna.gz,../ecoli_genomes/GCF_000780315.1_ASM78031v1_genomic.fna.gz,../ecoli_genomes/GCF_000781995.1_ASM78199v1_genomic.fna.gz,../ecoli_genomes/GCF_000986765.1_ASM98676v1_genomic.fna.gz,../ecoli_genomes/GCF_001041375.1_ViralProj287958_genomic.fna.gz,../ecoli_genomes/GCF_001265335.1_302014_genomic.fna.gz,../ecoli_genomes/GCF_001265625.1_100854_genomic.fna.gz,../ecoli_genomes/GCF_001267345.1_303289_genomic.fna.gz,../ecoli_genomes/GCF_001309985.1_ASM130998v1_genomic.fna.gz,../ecoli_genomes/GCF_001521695.1_ASM152169v1_genomic.fna.gz,../ecoli_genomes/GCF_001592595.1_ASM159259v1_genomic.fna.gz,../ecoli_genomes/GCF_001614975.1_ASM161497v1_genomic.fna.gz,../ecoli_genomes/GCF_001692775.1_ASM169277v1_genomic.fna.gz,../ecoli_genomes/GCF_001748915.1_ASM174891v1_genomic.fna.gz,../ecoli_genomes/GCF_001749235.1_ASM174923v1_genomic.fna.gz,../ecoli_genomes/GCF_001881155.1_ASM188115v1_genomic.fna.gz,../ecoli_genomes/GCF_001881345.1_ASM188134v1_genomic.fna.gz,../ecoli_genomes/GCF_001892405.1_ASM189240v1_genomic.fna.gz,../ecoli_genomes/GCF_001892585.1_ASM189258v1_genomic.fna.gz,../ecoli_genomes/GCF_001893985.1_ASM189398v1_genomic.fna.gz,../ecoli_genomes/GCF_002001595.1_ASM200159v1_genomic.fna.gz,../ecoli_genomes/GCF_002002145.1_ASM200214v1_genomic.fna.gz
1.0,0.32406776263819226,0.25325427604461115,0.2803245531587153,0.2985219800928023,0.322157320421122,0.29929154834440386,0.2846141608434384,0.38615196209020963,0.2938322446194571,0.321752897483646,0.29160612336059055,0.30635124769738165,0.27401224079423914,0.260430511276858,0.2938929620514741,0.27132160417956797,0.3120948765356514,0.2848799216710135,0.29779513096733035,0.29763573990812986,0.292818784976309,0.31370008102150715,0.30236018277917653,0.28749498969953236,0.2487378303192762,0.31164639077345346,0.28176731258165333,0.33985554531764073,0.38005915531051193,0.25830869239739296,0.3130306657879338,0.0,0.3117372359625681,0.31646115240593453,0.2583395303504683,0.2869413254373693,0.3283295394316854,0.23091647206444532,0.32021834954530637,0.2582220567297068,0.31321436753432774,0.31972987657666974,0.2860704836351272,0.29633894018025453,0.3138179262002537,0.3144551297345691,0.3124825317390708,0.2701274550869609,0.3442553933274487
0.32406776263819226,1.0,0.231558308963696,0.27511534559124695,0.3921098806495926,0.5476126099389214,0.3444935787750829,0.27622444363594023,0.3002403115374813,0.2848438239590696,0.42672229832307873,0.2858515838851844,0.4105080376985355,0.2674369167044074,0.2646050784620776,0.3452347238212,0.33462897669184166,0.40957518490914324,0.36228641010528606,0.34648655428512465,0.3992445189283681,0.387368181628548,0.41020197325049,0.44761456266150323,0.4027599292409936,0.2937331233411591,0.4157632067097583,0.2756230628977129,0.307108901169581,0.30539527262659893,0.2580642506157901,0.38876187542625373,0.0,0.3973612406662599,0.5589301209927152,0.24981634371259498,0.3283412967773949,0.4107737254173629,0.1685717188639555,0.42161771731701525,0.25981281126751576,0.4691369644658969,0.41946442318719057,0.2847883323494851,0.28513144253223277,0.2803718937457159,0.45667640904652196,0.4726745154374572,0.2835178391438764,0.30326309673313523
0.25325427604461115,0.231558308963696,1.0,0.20825973727137792,0.20261467083100382,0.21464141154099792,0.20973799735335108,0.20761114352817467,0.24437489413171676,0.21484163583297766,0.2286817902459759,0.20694142664278803,0.22190145486542723,0.2105775175540674,0.20355968106987998,0.21277246578374398,0.15010459255638442,0.22190326572968944,0.19936874379174263,0.21211146880416576,0.21524026482047642,0.2120878166074207,0.22310496007590186,0.1784086723032523,0.16208645043709347,0.13344322521564933,0.22479784253283774,0.20987262609098556,0.24976863937714344,0.2552793787216314,0.2009502867537456,0.20688095606101276,0.0,0.21785276391042085,0.20827656270302475,0.20336807920326372,0.20044126706578524,0.2148335259840647,0.1339420584530837,0.22798268207380845,0.2021101811035555,0.21909694291723247,0.22783377671705052,0.21425314467984402,0.20895296506507222,0.23146202070513355,0.21284670764516012,0.21857853039164643,0.2171781066118541,0.2539311884227117
0.2803245531587153,0.27511534559124695,0.20825973727137792,1.0,0.29276000928336987,0.27349677153874463,0.2532793974083417,0.49649918746818467,0.292096619163155,0.5207954355784139,0.2663428543454477,0.5163924333326606,0.28455551378481214,0.5360774482953936,0.5616962776376371,0.27957361659588764,0.2172260618229871,0.26203893270824263,0.23689088386119705,0.25481482891371254,0.255863482037466,0.24347101751814537,0.2679430905400818,0.25012124638372923,0.2287291224781961,0.19653951288090787,0.26924348709981416,0.5200199630186728,0.30646868188498655,0.28157910498581373,0.5145951634008147,0.28344043750229686,0.0,0.25597844247578294,0.25872484907913984,0.39474530744675596,0.2540304545449249,0.26005818199642106,0.29899767642103803,0.2647004130048476,0.5286702282782009,0.256926642735295,0.2638659803768506,0.5157964804454758,0.5092284157525844,0.29456067506797656,0.25777844436444175,0.2614962824916568,0.45451184165781144,0.31471684774018427
0.2985219800928023,0.3921098806495926,0.20261467083100382,0.29276000928336987,1.0,0.41392097385582416,0.31122185826710347,0.286709064931024,0.31473754300519385,0.29318986307959494,0.4945331444288983,0.2738551019988841,0.4794130099196455,0.2693126820912054,0.2936929676413671,0.35915885283490423,0.34685451572989934,0.3983249629705041,0.36055095620857003,0.31476038697423714,0.41039065547833675,0.39003020733687166,0.41484219528486155,0.4133458786635218,0.3654369800041064,0.2982246813842838,0.4227823927975778,0.2517054865985856,0.28779694215180174,0.30790387559169496,0.28064204530490966,0.4722665675255212,0.0,0.4163615530316901,0.39379310919375254,0.23405521524252348,0.322264133598021,0.4301571642222636,0.1939756061410013,0.4394667017289966,0.2872456864881535,0.39334175645398517,0.43995447101251517,0.26009990825225215,0.2664398326483539,0.26327777356401616,0.3991339089519901,0.40763214270452386,0.25756454676665097,0.2799358605321015
0.322157320421122,0.5476126099389214,0.21464141154099792,0.27349677153874463,0.41392097385582416,1.0,0.35006310563483634,0.28071583283936374,0.2994578285166075,0.2708196258814016,0.4099036269343532,0.272678173407053,0.4110434179017911,0.263664099934655,0.26045688728720096,0.3510053564263086,0.3849260837383226,0.4102670449490321,0.36585013314784476,0.34876797432821394,0.38871450260081364,0.3792417434446932,0.410398199574479,0.4894218189028864,0.45048470933198326,0.33727231778809874,0.39897725972914855,0.2664132589102872,0.30210240421753265,0.2929695389117053,0.25364172412063457,0.4084418645942357,0.0,0.4061921766667923,0.5613044699557578,0.24881096351291287,0.34169262041362025,0.41610370414737075,0.22623366355012364,0.41430083433434206,0.25950459168954276,0.47167707948420134,0.4152208417595905,0.2709518447023701,0.2741676907721068,0.27199302256745617,0.47088394566127245,0.4764570412212733,0.2645759716650714,0.303486946155226
0.29929154834440386,0.3444935787750829,0.20973799735335108,0.2532793974083417,0.31122185826710347,0.35006310563483634,1.0,0.2504111826624481,0.2883475657223573,0.2546884571167566,0.35192244671676476,0.24768451260621638,0.34373235975099004,0.24970366812515343,0.23909767871763876,0.7534608942463767,0.24136432393822682,0.37564109876131047,0.34102706637444014,0.8707120610430863,0.37237689917328676,0.3508289657697212,0.3799702868410534,0.284082741645018,0.24988023404202497,0.210908205400534,0.3526408499828627,0.2499285242137549,0.2801164649419674,0.28430338944478106,0.23792779646478357,0.32202013574676747,0.0,0.34350557261862924,0.3442735821118491,0.25230083165576267,0.7982697912166143,0.31822053385964233,0.16646994601220422,0.34919056571516127,0.2359601466393888,0.3457158288285389,0.34709991155698994,0.2543318846312468,0.25324197948056637,0.25501064605770285,0.32755217673123116,0.33717655557744564,0.2515114167721417,0.28868060191222444
0.2846141608434384,0.27622444363594023,0.20761114352817467,0.49649918746818467,0.286709064931024,0.28071583283936374,0.2504111826624481,1.0,0.2825864583303085,0.4972142266610742,0.2652283676308418,0.47971730373820587,0.27977488242038506,0.4769164773192983,0.47013621667368544,0.26891243981740187,0.213806784019964,0.2609945545489677,0.23635972172616693,0.2512116064608799,0.25225832303069917,0.24386246164786218,0.26218505413254045,0.2525440887336793,0.22392264325351685,0.19498830772671039,0.26442906501001784,0.685536291568966,0.3075882136132151,0.2730794230155562,0.46875145657550166,0.27392814760232054,0.0,0.25826830218318,0.25977507173112024,0.379818260322495,0.2484298555615957,0.27609661741241476,0.2933339560613102,0.2669315294129545,0.4744451535711166,0.26391843601325393,0.2666833594270763,0.6806013833540255,0.6567915952166947,0.2869393399937722,0.25252564543100076,0.2556939950421634,0.4399005342221748,0.3048810592996485
0.38615196209020963,0.3002403115374813,0.24437489413171676,0.292096619163155,0.31473754300519385,0.2994578285166075,0.2883475657223573,0.2825864583303085,1.0,0.2992532103339208,0.30571009171142993,0.276457363739503,0.3168896351033029,0.28005911733878397,0.28993557623992494,0.3127117493095247,0.21254599996909496,0.2951579981344107,0.2626354527060415,0.290608506169999,0.28803386911672946,0.2803649489172352,0.29864704995720537,0.27225408627269754,0.22690408559188124,0.1931280253419555,0.30521335664933225,0.2663045049267925,0.32693135715372,0.4174599749379273,0.2811276879634321,0.29044223697035065,0.0,0.2886071376900322,0.29041475376922177,0.26271341732010356,0.28575820902207427,0.28500693033749225,0.1719703594079084,0.30586455095979237,0.28090407664266015,0.29131664546957226,0.3062972621532887,0.26650775430757456,0.2647490526967674,0.30711364999909185,0.28044115953480686,0.28849005425698004,0.2677437117312592,0.3372682362630899
0.2938322446194571,0.2848438239590696,0.21484163583297766,0.5207954355784139,0.29318986307959494,0.2708196258814016,0.2546884571167566,0.4972142266610742,0.2992532103339208,1.0,0.2807892180857402,0.48180876674228235,0.29231898818729163,0.5036306583470634,0.4944241871704208,0.2779263016498046,0.19642626790115914,0.2689368487589727,0.2413735103796969,0.2552669430689556,0.259626402140146,0.24968526834519877,0.26567847604898864,0.24287226149400876,0.2147914450994436,0.17938750139355542,0.27568793218834375,0.4976737480667739,0.3149093742437413,0.2907349665961857,0.5265492075844527,0.26906996671293115,0.0,0.2560744562477001,0.2580692052495087,0.4027028641843289,0.2558544048557757,0.26482798039883526,0.2856152587391626,0.2771934321077617,0.5226805587597001,0.26724377645917596,0.27029617145051943,0.4946721607709681,0.5003353361082712,0.2896770298629443,0.25760057229846134,0.2650733541315632,0.46379842953626105,0.31223914726323376
0.321752897483646,0.42672229832307873,0.2286817902459759,0.2663428543454477,0.4945331444288983,0.4099036269343532,0.35192244671676476,0.2652283676308418,0.30571009171142993,0.2807892180857402,1.0,0.263706221801026,0.519684793122962,0.27017585932561805,0.2588428523095522,0.35174864255224025,0.28089862047496716,0.4843081345322445,0.4491454199747765,0.3544943236492025,0.4805746647056933,0.48659142025897706,0.4931661846875389,0.3408604251110151,0.2955640935850474,0.26002053737691344,0.507762105910864,0.2732182725481924,0.3026017392174879,0.30725076005400687,0.25515360086459127,0.44157692384323244,0.0,0.46313911622544335,0.4153769026562021,0.26217340441779,0.339890512555182,0.4648405510846342,0.17558924487870542,0.5176443701416263,0.25621787100580296,0.4384173277751858,0.5059613928935484,0.2734525315858173,0.27273991835085465,0.28122943476815676,0.41453412564825154,0.4286487635935817,0.2772583360489008,0.3117749934792945
0.29160612336059055,0.2858515838851844,0.20694142664278803,0.5163924333326606,0.2738551019988841,0.272678173407053,0.24768451260621638,0.47971730373820587,0.276457363739503,0.48180876674228235,0.263706221801026,1.0,0.269465745747945,0.49653904757149003,0.6170217127572508,0.2579905708599991,0.24764431324325387,0.2551678861823391,0.2336861680750305,0.2478879100168978,0.2550393265634635,0.24147476990332906,0.2605961954000069,0.26352299031544457,0.25385936108202334,0.2357981227812408,0.26316725337539615,0.49310292062331085,0.31663191171268446,0.27564257373248013,0.4579347617091868,0.2769407522454397,0.0,0.2626921971920463,0.27188735221215377,0.3852210016829425,0.24215502235351616,0.28109479987866326,0.3435548273463447,0.26647303623926233,0.4721294483126033,0.25445793893139446,0.26326499788498636,0.4945022968529935,0.4915947292786672,0.2988605049834915,0.2746351634769363,0.2683614331721379,0.439578874006995,0.3153203161899657
0.30635124769738165,0.4105080376985355,0.22190145486542723,0.28455551378481214,0.4794130099196455,0.4110434179017911,0.34373235975099004,0.27977488242038506,0.3168896351033029,0.29231898818729163,0.519684793122962,0.269465745747945,1.0,0.26802961331474007,0.2803686643261245,0.3695616056921851,0.28882716539952213,0.4876851425829004,0.4917192316379787,0.34714116025426445,0.4984594964981708,0.5476283618332678,0.5470144776091719,0.35609043050367695,0.3043626100720488,0.26291570624805216,0.5356502312286051,0.26347819520276505,0.2940369228388644,0.3154296612773818,0.2694275418544343,0.49467437041701,0.0,0.5217449926883208,0.4046767000157683,0.24846348600505186,0.34347265473339417,0.4847514582671646,0.17160849622251562,0.5361831170335114,0.27178937961583505,0.42450244472701104,0.5276482297717069,0.26494246787950493,0.2625650767340718,0.2651245496415633,0.40449935242211,0.4177936865443358,0.2698912390097916,0.2979211818754429
0.27401224079423914,0.2674369167044074,0.2105775175540674,0.5360774482953936,0.2693126820912054,0.263664099934655,0.24970366812515343,0.4769164773192983,0.28005911733878397,0.5036306583470634,0.27017585932561805,0.49653904757149003,0.26802961331474007,1.0,0.5350943421285144,0.2593543557855056,0.18643301565602444,0.25976256233140893,0.233472411783198,0.2520872069704936,0.24975006381132103,0.24208777633738143,0.2589721309878641,0.2168681685707876,0.19586605836456406,0.1653203843192027,0.2673462094594914,0.5123151461550897,0.3134525893531974,0.2687387076293172,0.4983144376458335,0.2577624622265047,0.0,0.2572372708526742,0.24886910705111953,0.39141904096677016,0.24449086024403943,0.25513856212074204,0.27530145950475127,0.2638835323230728,0.5076905037708466,0.25541237951980456,0.267283256647162,0.5078740007982625,0.500603025246267,0.29471084748221077,0.2471134105101086,0.2546382144983238,0.4573636924284443,0.3162645877760717
0.260430511276858,0.2646050784620776,0.20355968106987998,0.5616962776376371,0.2936929676413671,0.26045688728720096,0.23909767871763876,0.47013621667368544,0.28993557623992494,0.4944241871704208,0.2588428523095522,0.6170217127572508,0.2803686643261245,0.5350943421285144,1.0,0.2689639180271033,0.19791762530195678,0.25227524909143273,0.22284073696451356,0.24098706797734304,0.2463346555713457,0.23420724362955359,0.25479405154723134,0.23148450735321546,0.2030947783211431,0.1734282232003922,0.25870987051320127,0.47849900519532507,0.3061372075050868,0.2770810238009541,0.5005610038758124,0.2681984574520375,0.0,0.24689794257635922,0.248946834648897,0.3831512820178633,0.24214411313172157,0.24998139864556146,0.2737477132168046,0.2560126142322925,0.5100359032755034,0.24832312895279218,0.25688145601110546,0.47437238316442354,0.468603554663622,0.2919061499750679,0.24830382132710294,0.25521699466299397,0.44044946093142767,0.31748919678467113
0.2938929620514741,0.3452347238212,0.21277246578374398,0.27957361659588764,0.35915885283490423,0.3510053564263086,0.7534608942463767,0.26891243981740187,0.3127117493095247,0.2779263016498046,0.35174864255224025,0.2579905708599991,0.3695616056921851,0.2593543557855056,0.2689639180271033,1.0,0.25375731845689875,0.3615384976536522,0.3300445983351371,0.7700578726856939,0.35534458771506316,0.3430998342267466,0.36765802482862686,0.30514400652089657,0.2647000381561079,0.22676547388290202,0.3471534616290698,0.2515074052244305,0.27922597109838754,0.3043806806107927,0.26160725575582644,0.3382585175516566,0.0,0.3381426399804385,0.3418284730822432,0.25020904700211155,0.7459124524278442,0.32058400645214213,0.16574373814370014,0.34978259802461265,0.26426545903623166,0.3439292081852878,0.3451852945011503,0.25258295068873216,0.2534758045225901,0.2583000166848328,0.3299582416072353,0.3396649887860561,0.2558317873253442,0.28917243502865786
0.27132160417956797,0.33462897669184166,0.15010459255638442,0.2172260618229871,0.34685451572989934,0.3849260837383226,0.24136432393822682,0.213806784019964,0.21254599996909496,0.19642626790115914,0.28089862047496716,0.24764431324325387,0.28882716539952213,0.18643301565602444,0.19791762530195678,0.25375731845689875,1.0,0.2741335007425466,0.2452823292523142,0.2402412686330242,0.2686380873159391,0.268005276378926,0.2838487910751534,0.5654099124361358,0.6075494110748167,0.618427271133857,0.27818621718985215,0.20863832195998866,0.22691931840756463,0.21296706720502223,0.18375904507329877,0.4155814678258807,0.0,0.3168431825600748,0.40159197336758345,0.17915963763701703,0.23995734735302154,0.3756232605462274,0.4379356170574301,0.302428108116919,0.18791015488562846,0.3172331464885577,0.28350760241338857,0.21829060845543435,0.2173487157179832,0.2103676153232984,0.4243484233217155,0.3652553199502717,0.18335571663918238,0.22749014325137273
0.3120948765356514,0.40957518490914324,0.22190326572968944,0.26203893270824263,0.3983249629705041,0.4102670449490321,0.37564109876131047,0.2609945545489677,0.2951579981344107,0.2689368487589727,0.4843081345322445,0.2551678861823391,0.4876851425829004,0.25976256233140893,0.25227524909143273,0.3615384976536522,0.2741335007425466,1.0,0.4799763696771745,0.37468976763064565,0.5039848056087497,0.4970436301187776,0.5167844174888889,0.3298207065985197,0.28464768688892306,0.24451910358002849,0.4955657257578884,0.2606662067080411,0.2901444069652225,0.29507313237427446,0.24772363503822814,0.43011088890753935,0.0,0.4618661642522618,0.4072173067032574,0.2657542523552683,0.36185991397053896,0.437910876906104,0.1772989343987439,0.48560528613291565,0.24578408548757735,0.4203301036377771,0.4822726812284177,0.26273723369829904,0.2613716368287121,0.2674778984331131,0.39810129853473797,0.4109916590986148,0.2615238225118518,0.2986782048334682
0.2848799216710135,0.36228641010528606,0.19936874379174263,0.23689088386119705,0.36055095620857003,0.36585013314784476,0.34102706637444014,0.23635972172616693,0.2626354527060415,0.2413735103796969,0.4491454199747765,0.2336861680750305,0.4917192316379787,0.233472411783198,0.22284073696451356,0.3300445983351371,0.2452823292523142,0.4799763696771745,1.0,0.3363376211523724,0.4666646207482571,0.5065876557625164,0.4681063405889607,0.29245545101730963,0.259279305135548,0.21788401680124825,0.45173802239494776,0.23817620361793412,0.26376720589103275,0.26517640863342407,0.22164472301216986,0.42136400733472257,0.0,0.42228349702322254,0.3654354708751687,0.2401097494719887,0.3272359063319821,0.40593083595473123,0.16049957139653304,0.4518289073711592,0.22326354421965766,0.38161563105656604,0.4403460839848101,0.2419763798911322,0.24004760632276156,0.24636370324379275,0.35767651195458683,0.3695441172363463,0.2412784789380753,0.2716492818277122
0.29779513096733035,0.34648655428512465,0.21211146880416576,0.25481482891371254,0.31476038697423714,0.34876797432821394,0.8707120610430863,0.2512116064608799,0.290608506169999,0.2552669430689556,0.3544943236492025,0.2478879100168978,0.34714116025426445,0.2520872069704936,0.24098706797734304,0.7700578726856939,0.2402412686330242,0.37468976763064565,0.3363376211523724,1.0,0.37177459400604085,0.3494298881148472,0.3770080205564844,0.28316282709537555,0.24872613273984467,0.21129259676531476,0.3544170583728943,0.251535347055437,0.28248874313290495,0.2860793878322748,0.23980603919179233,0.3231543782518972,0.0,0.34285053911681795,0.3433088854500411,0.252896649780359,0.7936027065182203,0.3201370789342308,0.1651118143374194,0.3529494414261537,0.2383163899227153,0.34646360175652724,0.3488494907087246,0.2543362131322806,0.2529238661774209,0.25785750459046797,0.3299551216065646,0.33966654162726606,0.25351232398537393,0.2909057320719317
0.29763573990812986,0.3992445189283681,0.21524026482047642,0.255863482037466,0.41039065547833675,0.38871450260081364,0.37237689917328676,0.25225832303069917,0.28803386911672946,0.259626402140146,0.4805746647056933,0.2550393265634635,0.4984594964981708,0.24975006381132103,0.2463346555713457,0.35534458771506316,0.2686380873159391,0.5039848056087497,0.4666646207482571,0.37177459400604085,1.0,0.5037088753149777,0.533773172897098,0.32018486695192216,0.28031703220075677,0.2435117961031975,0.5079905121011898,0.25450312426802246,0.2819830166350803,0.29461879319998896,0.23976205961477692,0.4460312555624162,0.0,0.48910266103872313,0.3944146285199227,0.2576924971944513,0.3545798573995136,0.4564281585263439,0.1716204151055618,0.5045505511220623,0.2414770326413337,0.398167221308384,0.4942801277527986,0.256932615265016,0.25650671202072794,0.26896177018467204,0.3916157859281659,0.4043739258197755,0.25982363702705913,0.29195955692573006
0.292818784976309,0.387368181628548,0.2120878166074207,0.24347101751814537,0.39003020733687166,0.3792417434446932,0.3508289657697212,0.24386246164786218,0.2803649489172352,0.24968526834519877,0.48659142025897706,0.24147476990332906,0.5476283618332678,0.24208777633738143,0.23420724362955359,0.3430998342267466,0.268005276378926,0.4970436301187776,0.5065876557625164,0.3494298881148472,0.5037088753149777,1.0,0.7036963022567402,0.30960731469446434,0.2781880325259535,0.2339031919882406,0.5022602736657998,0.24638526655692328,0.27368903937828926,0.27963380573603236,0.23057791463351918,0.4496243993928064,0.0,0.602683569606398,0.3799818074380522,0.2432149553049583,0.334574331088241,0.45188458514210006,0.16430410523115613,0.4984457169861797,0.2294968534941113,0.396681682045398,0.4952179894513351,0.25013959755268445,0.2463705035745436,0.25745368355636244,0.37416975811261133,0.38618474182728,0.2514923013900876,0.28299986873941896
0.31370008102150715,0.41020197325049,0.22310496007590186,0.2679430905400818,0.41484219528486155,0.410398199574479,0.3799702868410534,0.26218505413254045,0.29864704995720537,0.26567847604898864,0.4931661846875389,0.2605961954000069,0.5470144776091719,0.2589721309878641,0.25479405154723134,0.36765802482862686,0.2838487910751534,0.5167844174888889,0.4681063405889607,0.3770080205564844,0.533773172897098,0.7036963022567402,1.0,0.3297322497861044,0.29046774422888477,0.24594815308887108,0.5305181988790391,0.2618488516772618,0.2937732290998014,0.29502186098612837,0.24778395226546024,0.4609635340590147,0.0,0.6307938793039314,0.4013712004444494,0.26057190118153173,0.36333732801232665,0.47022370368326005,0.17684059525679674,0.5166761783907652,0.24973075628596697,0.41289564453103755,0.5125806051832726,0.26435547772453893,0.2635076296646718,0.27011665054707346,0.3916622289900721,0.40531352236667495,0.2638350768858292,0.29764341081772794
0.30236018277917653,0.44761456266150323,0.1784086723032523,0.25012124638372923,0.4133458786635218,0.4894218189028864,0.284082741645018,0.2525440887336793,0.27225408627269754,0.24287226149400876,0.3408604251110151,0.26352299031544457,0.35609043050367695,0.2168681685707876,0.23148450735321546,0.30514400652089657,0.5654099124361358,0.3298207065985197,0.29245545101730963,0.28316282709537555,0.32018486695192216,0.30960731469446434,0.3297322497861044,1.0,0.5873806247314,0.505800199210421,0.3354092011005626,0.2275158574964703,0.26247743610723817,0.2622434272451397,0.22646248378314626,0.41521136189382724,0.0,0.34765930185993255,0.5101535449834104,0.2099592636797385,0.284036051444039,0.39309502926838846,0.33711746554582767,0.3483922614127124,0.2282087019916864,0.3866228930435506,0.3329319985113782,0.23658163650839692,0.24275803903204052,0.23912155765674292,0.44290807958127565,0.4091922446805829,0.21586802725848653,0.25814590169213847
0.28749498969953236,0.4027599292409936,0.16208645043709347,0.2287291224781961,0.3654369800041064,0.45048470933198326,0.24988023404202497,0.22392264325351685,0.22690408559188124,0.2147914450994436,0.2955640935850474,0.25385936108202334,0.3043626100720488,0.19586605836456406,0.2030947783211431,0.2647000381561079,0.6075494110748167,0.28464768688892306,0.259279305135548,0.24872613273984467,0.28031703220075677,0.2781880325259535,0.29046774422888477,0.5873806247314,1.0,0.6023745458247065,0.28665084283129305,0.2116340845779392,0.22341062474241669,0.2260911769835432,0.19649657265060472,0.42902723360914685,0.0,0.3160453811601869,0.4675501512414074,0.18281641473644283,0.24685282416834797,0.38108952077933367,0.41834508113852653,0.31356768082206454,0.20084584337076716,0.3334671138320693,0.2914158760761234,0.23244097739810443,0.22999119469886709,0.22289257988886757,0.42648200704441674,0.37324955165811224,0.20056927508615063,0.23197455942705825
0.2487378303192762,0.2937331233411591,0.13344322521564933,0.19653951288090787,0.2982246813842838,0.33727231778809874,0.210908205400534,0.19498830772671039,0.1931280253419555,0.17938750139355542,0.26002053737691344,0.2357981227812408,0.26291570624805216,0.1653203843192027,0.1734282232003922,0.22676547388290202,0.618427271133857,0.24451910358002849,0.21788401680124825,0.21129259676531476,0.2435117961031975,0.2339031919882406,0.24594815308887108,0.505800199210421,0.6023745458247065,1.0,0.2502522066726601,0.18925051986173547,0.18857415416458,0.1954087642673208,0.16843112979729502,0.35457806438928574,0.0,0.27340965136581197,0.3683254210253517,0.15570760765101022,0.21336129715205987,0.366858438545811,0.5066324925367474,0.27574984800464686,0.171380534067761,0.28004992491830594,0.2464136716391705,0.20291149070899828,0.19462011305777827,0.1913618617679428,0.40723608251912147,0.3313644133503715,0.1695606846763219,0.20306446900263864
0.31164639077345346,0.4157632067097583,0.22479784253283774,0.26924348709981416,0.4227823927975778,0.39897725972914855,0.3526408499828627,0.26442906501001784,0.30521335664933225,0.27568793218834375,0.507762105910864,0.26316725337539615,0.5356502312286051,0.2673462094594914,0.25870987051320127,0.3471534616290698,0.27818621718985215,0.4955657257578884,0.45173802239494776,0.3544170583728943,0.5079905121011898,0.5022602736657998,0.5305181988790391,0.3354092011005626,0.28665084283129305,0.2502522066726601,1.0,0.26450657575711267,0.29892546325960856,0.2997096892957881,0.25601456265534306,0.4622538825931015,0.0,0.49152897729097045,0.40569284916883874,0.25640592277786667,0.3357297073147887,0.5512260465081175,0.16769260148559495,0.5392140081592101,0.25662242905957133,0.4222675987623844,0.6111989216756513,0.2690205132086525,0.26324045936706986,0.277046820810671,0.40062639620990537,0.4137870953139816,0.2736266353444663,0.3059031204579309
0.28176731258165333,0.2756230628977129,0.20987262609098556,0.5200199630186728,0.2517054865985856,0.2664132589102872,0.2499285242137549,0.685536291568966,0.2663045049267925,0.4976737480667739,0.2732182725481924,0.49310292062331085,0.26347819520276505,0.5123151461550897,0.47849900519532507,0.2515074052244305,0.20863832195998866,0.2606662067080411,0.23817620361793412,0.251535347055437,0.25450312426802246,0.24638526655692328,0.2618488516772618,0.2275158574964703,0.2116340845779392,0.18925051986173547,0.26450657575711267,1.0,0.3137957857131184,0.26300556884126025,0.4733148319981971,0.25830302934608185,0.0,0.25395039017844023,0.2568149854139522,0.39203901324995893,0.24008602639926913,0.27435237570748716,0.30734274609826784,0.26829819633343976,0.48306256283509375,0.2616681908621249,0.26399241506430915,0.8137791316359461,0.7604989756790906,0.28868834275571165,0.2607469701821509,0.2617724429207253,0.4648266984948227,0.30513313735340064
0.33985554531764073,0.307108901169581,0.24976863937714344,0.30646868188498655,0.28779694215180174,0.30210240421753265,0.2801164649419674,0.3075882136132151,0.32693135715372,0.3149093742437413,0.3026017392174879,0.31663191171268446,0.2940369228388644,0.3134525893531974,0.3061372075050868,0.27922597109838754,0.22691931840756463,0.2901444069652225,0.26376720589103275,0.28248874313290495,0.2819830166350803,0.27368903937828926,0.2937732290998014,0.26247743610723817,0.22341062474241669,0.18857415416458,0.29892546325960856,0.3137957857131184,1.0,0.3230775475352885,0.29713226292266515,0.28400715240195584,0.0,0.2869392540828183,0.2865643651676577,0.29448053692484366,0.26784724707674323,0.2907579437727913,0.20225884191627685,0.29866638409949964,0.2926891758166552,0.2863772876408105,0.29952919361406083,0.31151432360966247,0.3116809502703818,0.39388788428344035,0.2803983489818924,0.2861635534491912,0.3037056794412645,0.623291129929914
0.38005915531051193,0.30539527262659893,0.2552793787216314,0.28157910498581373,0.30790387559169496,0.2929695389117053,0.28430338944478106,0.2730794230155562,0.4174599749379273,0.2907349665961857,0.30725076005400687,0.27564257373248013,0.3154296612773818,0.2687387076293172,0.2770810238009541,0.3043806806107927,0.21296706720502223,0.29507313237427446,0.26517640863342407,0.2860793878322748,0.29461879319998896,0.27963380573603236,0.29502186098612837,0.2622434272451397,0.2260911769835432,0.1954087642673208,0.2997096892957881,0.26300556884126025,0.3230775475352885,1.0,0.27126532704609474,0.2842351332487798,0.0,0.2838396115773766,0.2946036995167467,0.2559661606766448,0.2803370820380633,0.28849074154060483,0.1724994158695934,0.31298016596520917,0.2732231456183327,0.2946294270109562,0.30160031351164196,0.26421315849916527,0.2614712963040865,0.3164565144345275,0.2903447141482858,0.29818302817776055,0.2699457123202428,0.3368117417107588
0.25830869239739296,0.2580642506157901,0.2009502867537456,0.5145951634008147,0.28064204530490966,0.25364172412063457,0.23792779646478357,0.46875145657550166,0.2811276879634321,0.5265492075844527,0.25515360086459127,0.4579347617091868,0.2694275418544343,0.4983144376458335,0.5005610038758124,0.26160725575582644,0.18375904507329877,0.24772363503822814,0.22164472301216986,0.23980603919179233,0.23976205961477692,0.23057791463351918,0.24778395226546024,0.22646248378314626,0.19649657265060472,0.16843112979729502,0.25601456265534306,0.4733148319981971,0.29713226292266515,0.27126532704609474,1.0,0.25568243138223523,0.0,0.24691693073029009,0.2382551368712985,0.38595406044293457,0.23958759915412775,0.2437601256989831,0.267439448700056,0.2564250248914537,0.6610527492841622,0.24614072950528698,0.2530802794093524,0.47112085817863647,0.46572475297150584,0.27909871691803956,0.24224475816864155,0.24909795324586592,0.4375958206128614,0.2964661343750904
0.3130306657879338,0.38876187542625373,0.20688095606101276,0.28344043750229686,0.4722665675255212,0.4084418645942357,0.32202013574676747,0.27392814760232054,0.29044223697035065,0.26906996671293115,0.44157692384323244,0.2769407522454397,0.49467437041701,0.2577624622265047,0.2681984574520375,0.3382585175516566,0.4155814678258807,0.43011088890753935,0.42136400733472257,0.3231543782518972,0.4460312555624162,0.4496243993928064,0.4609635340590147,0.41521136189382724,0.42902723360914685,0.35457806438928574,0.4622538825931015,0.25830302934608185,0.28400715240195584,0.2842351332487798,0.25568243138223523,1.0,0.0,0.4574793887809768,0.39807391490512956,0.2312128140597195,0.3212331015645631,0.4768550421134671,0.25539569510491966,0.47829063880173084,0.2560109119128402,0.38849281631255994,0.4718317722542751,0.26470060915366733,0.2682624030954395,0.2614459212237774,0.4143987601681661,0.4067675350868427,0.24668368655263584,0.28130130581575086
0.0,0.0,0.0,0.0,0.0,0.0,0.0,0.0,0.0,0.0,0.0,0.0,0.0,0.0,0.0,0.0,0.0,0.0,0.0,0.0,0.0,0.0,0.0,0.0,0.0,0.0,0.0,0.0,0.0,0.0,0.0,0.0,1.0,0.0,0.0,0.0,0.0,0.0,0.0,0.0,0.0,0.0,0.0,0.0,0.0,0.0,0.0,0.0,0.0,0.0
0.3117372359625681,0.3973612406662599,0.21785276391042085,0.25597844247578294,0.4163615530316901,0.4061921766667923,0.34350557261862924,0.25826830218318,0.2886071376900322,0.2560744562477001,0.46313911622544335,0.2626921971920463,0.5217449926883208,0.2572372708526742,0.24689794257635922,0.3381426399804385,0.3168431825600748,0.4618661642522618,0.42228349702322254,0.34285053911681795,0.48910266103872313,0.602683569606398,0.6307938793039314,0.34765930185993255,0.3160453811601869,0.27340965136581197,0.49152897729097045,0.25395039017844023,0.2869392540828183,0.2838396115773766,0.24691693073029009,0.4574793887809768,0.0,1.0,0.40097786915939015,0.26483921851839665,0.32912715221308564,0.46864840846407585,0.20997297188438913,0.4996754638437121,0.2452497236721216,0.40061648184723064,0.5020032127353198,0.25703603023251287,0.26044937550505554,0.26428044484402113,0.3976733152436086,0.40293253455477784,0.25508343461594607,0.2944001442550913
0.31646115240593453,0.5589301209927152,0.20827656270302475,0.25872484907913984,0.39379310919375254,0.5613044699557578,0.3442735821118491,0.25977507173112024,0.29041475376922177,0.2580692052495087,0.4153769026562021,0.27188735221215377,0.4046767000157683,0.24886910705111953,0.248946834648897,0.3418284730822432,0.40159197336758345,0.4072173067032574,0.3654354708751687,0.3433088854500411,0.3944146285199227,0.3799818074380522,0.4013712004444494,0.5101535449834104,0.4675501512414074,0.3683254210253517,0.40569284916883874,0.2568149854139522,0.2865643651676577,0.2946036995167467,0.2382551368712985,0.39807391490512956,0.0,0.40097786915939015,1.0,0.24465683261048177,0.32734921553938867,0.40791772524125036,0.22865137492599874,0.41685107527068077,0.2400654662318008,0.4708417259299189,0.4130408611317108,0.26112109964252117,0.26066635802345395,0.2651931756231729,0.47521148948224523,0.47083275834910676,0.25442311355560054,0.28916503048825226
0.2583395303504683,0.24981634371259498,0.20336807920326372,0.39474530744675596,0.23405521524252348,0.24881096351291287,0.25230083165576267,0.379818260322495,0.26271341732010356,0.4027028641843289,0.26217340441779,0.3852210016829425,0.24846348600505186,0.39141904096677016,0.3831512820178633,0.25020904700211155,0.17915963763701703,0.2657542523552683,0.2401097494719887,0.252896649780359,0.2576924971944513,0.2432149553049583,0.26057190118153173,0.2099592636797385,0.18281641473644283,0.15570760765101022,0.25640592277786667,0.39203901324995893,0.29448053692484366,0.2559661606766448,0.38595406044293457,0.2312128140597195,0.0,0.26483921851839665,0.24465683261048177,1.0,0.24426146732192644,0.23874112434523675,0.26071163251400686,0.25487398110510284,0.3837652601748869,0.24452498988259186,0.24918141717771336,0.39316670728574654,0.39304809445768774,0.27530559000780896,0.23495575852213268,0.24158545953174326,0.3979344825120018,0.2998767614508637
0.2869413254373693,0.3283412967773949,0.20044126706578524,0.2540304545449249,0.322264133598021,0.34169262041362025,0.7982697912166143,0.2484298555615957,0.28575820902207427,0.2558544048557757,0.339890512555182,0.24215502235351616,0.34347265473339417,0.24449086024403943,0.24214411313172157,0.7459124524278442,0.23995734735302154,0.36185991397053896,0.3272359063319821,0.7936027065182203,0.3545798573995136,0.334574331088241,0.36333732801232665,0.284036051444039,0.24685282416834797,0.21336129715205987,0.3357297073147887,0.24008602639926913,0.26784724707674323,0.2803370820380633,0.23958759915412775,0.3212331015645631,0.0,0.32912715221308564,0.32734921553938867,0.24426146732192644,1.0,0.30824833874542834,0.16317114789101594,0.33339346578929163,0.2379096648732424,0.3320343833858601,0.3330992455394589,0.24227607144163754,0.2420096582608725,0.24283996378555084,0.31321444463011516,0.32233103912719707,0.24090558672095586,0.28029966739728307
0.3283295394316854,0.4107737254173629,0.2148335259840647,0.26005818199642106,0.4301571642222636,0.41610370414737075,0.31822053385964233,0.27609661741241476,0.28500693033749225,0.26482798039883526,0.4648405510846342,0.28109479987866326,0.4847514582671646,0.25513856212074204,0.24998139864556146,0.32058400645214213,0.3756232605462274,0.437910876906104,0.40593083595473123,0.3201370789342308,0.4564281585263439,0.45188458514210006,0.47022370368326005,0.39309502926838846,0.38108952077933367,0.366858438545811,0.5512260465081175,0.27435237570748716,0.2907579437727913,0.28849074154060483,0.2437601256989831,0.4768550421134671,0.0,0.46864840846407585,0.40791772524125036,0.23874112434523675,0.30824833874542834,1.0,0.28422293285020184,0.5046959909247203,0.24770282874028693,0.4032589782904892,0.5902703571787231,0.2786859210910826,0.2682374809204694,0.2721679623641061,0.4441333486083895,0.42670797990535003,0.2694571234511295,0.29346936753175257
0.23091647206444532,0.1685717188639555,0.1339420584530837,0.29899767642103803,0.1939756061410013,0.22623366355012364,0.16646994601220422,0.2933339560613102,0.1719703594079084,0.2856152587391626,0.17558924487870542,0.3435548273463447,0.17160849622251562,0.27530145950475127,0.2737477132168046,0.16574373814370014,0.4379356170574301,0.1772989343987439,0.16049957139653304,0.1651118143374194,0.1716204151055618,0.16430410523115613,0.17684059525679674,0.33711746554582767,0.41834508113852653,0.5066324925367474,0.16769260148559495,0.30734274609826784,0.20225884191627685,0.1724994158695934,0.267439448700056,0.25539569510491966,0.0,0.20997297188438913,0.22865137492599874,0.26071163251400686,0.16317114789101594,0.28422293285020184,1.0,0.19561444289849528,0.26704975729682556,0.1739541447848304,0.17272158838845508,0.3150025936350004,0.3096558509673065,0.20209345094274478,0.27513154332149725,0.20770552633544992,0.2684395949278233,0.20893332649070517
0.32021834954530637,0.42161771731701525,0.22798268207380845,0.2647004130048476,0.4394667017289966,0.41430083433434206,0.34919056571516127,0.2669315294129545,0.30586455095979237,0.2771934321077617,0.5176443701416263,0.26647303623926233,0.5361831170335114,0.2638835323230728,0.2560126142322925,0.34978259802461265,0.302428108116919,0.48560528613291565,0.4518289073711592,0.3529494414261537,0.5045505511220623,0.4984457169861797,0.5166761783907652,0.3483922614127124,0.31356768082206454,0.27574984800464686,0.5392140081592101,0.26829819633343976,0.29866638409949964,0.31298016596520917,0.2564250248914537,0.47829063880173084,0.0,0.4996754638437121,0.41685107527068077,0.25487398110510284,0.33339346578929163,0.5046959909247203,0.19561444289849528,1.0,0.2558385515480174,0.43148657550034464,0.5382276580961831,0.2704585968929134,0.2725776649515951,0.2858864146017357,0.43239196995705653,0.44167067716600183,0.2712985463678095,0.3123920778562791
