../ecoli_genomes/GCF_000163235.1_ASM16323v1_genomic.fna.gz,../ecoli_genomes/GCF_000164555.1_ASM16455v1_genomic.fna.gz,../ecoli_genomes/GCF_000208545.1_ASM20854v2_genomic.fna.gz,../ecoli_genomes/GCF_000233875.1_ASM23387v1_genomic.fna.gz,../ecoli_genomes/GCF_000249735.1_ASM24973v2_genomic.fna.gz,../ecoli_genomes/GCF_000261145.1_Esch_coli_M919_V2_genomic.fna.gz,../ecoli_genomes/GCF_000267705.2_ASM26770v2_genomic.fna.gz,../ecoli_genomes/GCF_000350665.1_Esch_coli_KTE5_V1_genomic.fna.gz,../ecoli_genomes/GCF_000351625.1_Esch_coli_KTE66_V1_genomic.fna.gz,../ecoli_genomes/GCF_000352285.1_Esch_coli_KTE46_V1_genomic.fna.gz,../ecoli_genomes/GCF_000358895.1_ASM35889v1_genomic.fna.gz,../ecoli_genomes/GCF_000456385.1_Esch_coli_HVH_26_4-5703913_V1_genomic.fna.gz,../ecoli_genomes/GCF_000458195.1_Esch_coli_HVH_147_4-5893887_V1_genomic.fna.gz,../ecoli_genomes/GCF_000459755.1_Esch_coli_KOEGE_58_171a_V1_genomic.fna.gz,../ecoli_genomes/GCF_000460055.1_Esch_coli_UMEA_3053-1_V1_genomic.fna.gz,../ecoli_genomes/GCF_000462165.2_ASM46216v2_genomic.fna.gz,../ecoli_genomes/GCF_000601135.1_ASM60113v1_genomic.fna.gz,../ecoli_genomes/GCF_000614595.1_Ec2010EL1058_genomic.fna.gz,../ecoli_genomes/GCF_000617745.1_Ec2010C-4529_genomic.fna.gz,../ecoli_genomes/GCF_000618265.2_EcF6751_genomic.fna.gz,../ecoli_genomes/GCF_000619005.2_Ec2009C-4052_genomic.fna.gz,../ecoli_genomes/GCF_000619105.1_Ec2009C-4780_genomic.fna.gz,../ecoli_genomes/GCF_000619765.2_Ec2009C-3279_genomic.fna.gz,../ecoli_genomes/GCF_000687005.1_ASM68700v1_genomic.fna.gz,../ecoli_genomes/GCF_000687025.1_ASM68702v1_genomic.fna.gz,../ecoli_genomes/GCF_000700125.1_ASM70012v1_genomic.fna.gz,../ecoli_genomes/GCF_000753315.1_FHI35_genomic.fna.gz,../ecoli_genomes/GCF_000776375.1_ASM77637v1_genomic.fna.gz,../ecoli_genomes/GCF_000779395.1_ASM77939v1_genomic.fna.gz,../ecoli_genomes/GCF_000780315.1_ASM78031v1_genomic.fna.gz,../ecoli_genomes/GCF_000781995.1_ASM78199v1_genomic.fna.gz,../ecoli_genomes/GCF_000986765.1_ASM98676v1_genomic.fna.gz,../ecoli_genomes/GCF_001041375.1_ViralProj287958_genomic.fna.gz,../ecoli_genomes/GCF_001265335.1_302014_genomic.fna.gz,../ecoli_genomes/GCF_001265625.1_100854_genomic.fna.gz,../ecoli_genomes/GCF_001267345.1_303289_genomic.fna.gz,../ecoli_genomes/GCF_001309985.1_ASM130998v1_genomic.fna.gz,../ecoli_genomes/GCF_001521695.1_ASM152169v1_genomic.fna.gz,../ecoli_genomes/GCF_001592595.1_ASM159259v1_genomic.fna.gz,../ecoli_genomes/GCF_001614975.1_ASM161497v1_genomic.fna.gz,../ecoli_genomes/GCF_001692775.1_ASM169277v1_genomic.fna.gz,../ecoli_genomes/GCF_001748915.1_ASM174891v1_genomic.fna.gz,../ecoli_genomes/GCF_001749235.1_ASM174923v1_genomic.fna.gz,../ecoli_genomes/GCF_001881155.1_ASM188115v1_genomic.fna.gz,../ecoli_genomes/GCF_001881345.1_ASM188134v1_genomic.fna.gz,../ecoli_genomes/GCF_001892405.1_ASM189240v1_genomic.fna.gz,../ecoli_genomes/GCF_001892585.1_ASM189258v1_genomic.fna.gz,../ecoli_genomes/GCF_001893985.1_ASM189398v1_genomic.fna.gz,../ecoli_genomes/GCF_002001595.1_ASM200159v1_genomic.fna.gz,../ecoli_genomes/GCF_002002145.1_ASM200214v1_genomic.fna.gz
1.0,0.3871359663978705,0.328018470607746,0.34666096265233737,0.3465960874352225,0.37871649255235296,0.3696436432493697,0.3531805435921741,0.4436544161239324,0.3644302163535328,0.39313654943573706,0.3504644030070404,0.3823435984699649,0.33904808210296367,0.32167987703759227,0.37341968812583437,0.3640566240746457,0.38240526575332345,0.3466201018105508,0.3734468371849853,0.3704465434397882,0.35792610619764054,0.3842953381660722,0.36836734532877236,0.3677277658440351,0.3004640860348329,0.3792956952198988,0.3489794800006507,0.39610157177301863,0.438567021715388,0.32403722414015435,0.3762456788702938,0.0,0.37860571825731737,0.37612552413908984,0.3414131574168534,0.3515280807311476,0.38982171713373426,0.2909206909898636,0.388876510484235,0.32954064757923096,0.3722085644532004,0.3835275347286712,0.3549409701566577,0.3667025849283222,0.3813280068116457,0.3719852499349442,0.37298258410765517,0.337215120124133,0.40817457946671465
0.3871359663978705,1.0,0.31185408326964725,0.337185707968238,0.41584499349444526,0.5387201890583081,0.40847757786921834,0.3383237128974722,0.3643427488370472,0.3512246439870418,0.4775613353856013,0.3433473790376578,0.4687648512306024,0.32998881641525135,0.3202913282030968,0.408804010402946,0.4568559759150669,0.47184623542896575,0.4203295000147129,0.4148723204810245,0.4574474332367182,0.410446254329341,0.4678931945543632,0.5036053339688319,0.5290154136711307,0.363348481143995,0.46745081214160034,0.3406215147042577,0.3683810648301601,0.3737053856120657,0.32083211777572407,0.43606100382486745,0.0,0.4552388370627072,0.5783700301094046,0.3308980691070761,0.386542342023671,0.48175604406951755,0.2718569270862171,0.47391158783859744,0.32154293770771347,0.5080792269686085,0.47392927828342857,0.35068464140023203,0.34716501909138675,0.35228490634020737,0.5220072931615738,0.5210980678118571,0.3526141384386665,0.37211712141675257
0.328018470607746,0.31185408326964725,1.0,0.27757274025676104,0.27040430368138646,0.281441413976679,0.29587175017932577,0.2794991700742575,0.32213949500028716,0.28693386687435884,0.31078049787595974,0.27230958895566193,0.3030793884234756,0.27611488578460364,0.26714213222772976,0.29581207676382726,0.26364590306265534,0.30239324870758744,0.26913415709503974,0.30087067807830625,0.2943095435875982,0.27047004436877986,0.3020586159634657,0.2620913729763137,0.27461490150036616,0.2119507513353568,0.3012584790806593,0.2806533618473037,0.3168574687451443,0.32561147290640546,0.26755542701999546,0.2808507048112402,0.0,0.2960231666563734,0.2902313297598318,0.2851028095632374,0.2794682028491031,0.29723055233615714,0.23148122991396258,0.3064088104519719,0.2734421571445411,0.29574651824431997,0.3075707505583518,0.2861849552163168,0.28006716537408216,0.30216450230257297,0.3010560681469593,0.30012604115024866,0.2888149315121169,0.32561723234425966
0.34666096265233737,0.337185707968238,0.27757274025676104,1.0,0.3459514585160499,0.31716824201276417,0.31605944728304214,0.5438542373428294,0.35346804181817615,0.5669196812709665,0.3329467512280011,0.5282814440793115,0.34907607753953807,0.5787393947898278,0.5959149973230955,0.3222119882534429,0.31186447215269864,0.3281537776778076,0.292833424729799,0.3190947971802852,0.31913940063724067,0.29038376318671155,0.3334673797074329,0.3078301658624403,0.32723682584805147,0.2586461771148224,0.32412650765895334,0.5590355403236031,0.3588328155919651,0.33814552900387196,0.5386939925241907,0.34532907217907083,0.0,0.31841086196423374,0.32095231736632324,0.4515152826848836,0.3103535342795589,0.3239368349498656,0.4054027416385566,0.3226433893564302,0.572034065464927,0.32275044475246384,0.3240011796097192,0.5600805740097873,0.5537075029827018,0.34648168536220236,0.3224858042324913,0.3221394273021916,0.49510612406096943,0.36342272007425036
0.3465960874352225,0.41584499349444526,0.27040430368138646,0.3459514585160499,1.0,0.42221926410277133,0.35985541259193876,0.3356725333285878,0.37067805689334565,0.3614031519905929,0.5120384891268257,0.304014504873384,0.5086124221579064,0.32488014304356994,0.3466266727382902,0.3778182394402674,0.43805255282107824,0.44363996556788066,0.3982086556316744,0.3644124702911421,0.4487247346021612,0.3923238670899746,0.44716772881481015,0.42962807755749943,0.4454017952245819,0.3633433254938804,0.45262785861559895,0.3060673270491977,0.34591446323764763,0.3523311608222669,0.32461377038346373,0.4890692374492118,0.0,0.4499015106220432,0.43220716910102364,0.30188083015815514,0.36338932619002284,0.4710002802133655,0.2733639987006725,0.46749682785515123,0.3479788964449889,0.4330169296802988,0.4710701422395528,0.315326720023405,0.31871963005756576,0.3217447132232457,0.43971880230974825,0.44139346049828887,0.3081636545449059,0.3409123989662446
0.37871649255235296,0.5387201890583081,0.281441413976679,0.31716824201276417,0.42221926410277133,1.0,0.4014598361977485,0.3333883231027349,0.34754957203223413,0.3339498566255612,0.4692070296186035,0.32672022134509027,0.44826154229798376,0.3114091067502719,0.3003284743724064,0.43554157750639566,0.461958029589145,0.45168473301448364,0.42629300619472466,0.39730741718463625,0.4347819026384583,0.4955245067909194,0.45300181669541806,0.537553944593931,0.5587234241909023,0.395841884714782,0.4280757887372787,0.31836358339555604,0.3625465195799662,0.342903115881086,0.2943289154193781,0.4446372310358413,0.0,0.4448732490676176,0.5589711076320825,0.3286627313876336,0.3902356935742063,0.44911959068368135,0.28146499602761066,0.4487203794655138,0.30450869341918785,0.48395947898945135,0.4445575183483371,0.3259788430609313,0.3310301025301928,0.33702715717546183,0.4915467416384086,0.4937392419470865,0.3176744319188761,0.3627779840055443
0.3696436432493697,0.40847757786921834,0.29587175017932577,0.31605944728304214,0.35985541259193876,0.4014598361977485,1.0,0.31824428431510543,0.35881265069281154,0.3207674255263345,0.41296467199005993,0.3142391936839195,0.408765746924601,0.30895385663954966,0.29771015932362166,0.739163062502104,0.360256341431188,0.4441714607173055,0.39610226592621167,0.854595959484972,0.4453594463519094,0.39184064835315513,0.44533057589086256,0.36440848756008715,0.3718758350008369,0.2918495330868882,0.41001707975678137,0.31511419571977894,0.3519742905164214,0.3562250293474546,0.2966933254639277,0.3922935261210828,0.0,0.4193961158526478,0.41742320304378777,0.3352858499680732,0.7735641549869344,0.39690224182124745,0.2785765327216423,0.4112853580640088,0.2988769159419984,0.40140743450204497,0.41135038185307415,0.31962986325624787,0.3198551589550642,0.32850954405890465,0.39968979543015104,0.3989331635083426,0.3121294050166509,0.35524560421520035
0.3531805435921741,0.3383237128974722,0.2794991700742575,0.5438542373428294,0.3356725333285878,0.3333883231027349,0.31824428431510543,1.0,0.3464998212509941,0.5539273351413485,0.33829636569317534,0.5157738822677892,0.35500835182777235,0.5199232365988857,0.5070426011830904,0.3239146700113287,0.3167764229745199,0.33392315849508836,0.30297578518851,0.3216363471881084,0.3226936912485675,0.2989744893099936,0.3325872727771576,0.32365302925997086,0.3276510496690801,0.26876979897728126,0.3308756764995897,0.7156375073641623,0.36960397486639895,0.33721827338613475,0.5120401044766472,0.3345478948930185,0.0,0.32732104513246385,0.3286296164074274,0.4523923867320071,0.3053547654898674,0.34848419642110195,0.4045483359604427,0.3379043982162594,0.5223646617771278,0.32839217312967794,0.3350957312930848,0.7196888166515486,0.6923004202647258,0.3477110844344835,0.32625488083219967,0.3264139554524419,0.49083972402929976,0.3659964958311258
0.4436544161239324,0.3643427488370472,0.32213949500028716,0.35346804181817615,0.37067805689334565,0.34754957203223413,0.35881265069281154,0.3464998212509941,1.0,0.36918390140556867,0.3791041951702925,0.32060088810479437,0.39359833196562155,0.34143517716918526,0.34557779041539105,0.3657897429405118,0.3331975538123313,0.3704575972800641,0.3266211160893364,0.3664135180373369,0.3586106164057141,0.32649812559251723,0.37131254435064,0.33440379144393184,0.3435627122942879,0.2711315384394074,0.37166218344815705,0.3342115292778589,0.3935057345311348,0.4712518109319346,0.3352654745616801,0.3598227881325231,0.0,0.36382144706576214,0.3628540036053338,0.3407374527015653,0.3515870585031097,0.3661727091945002,0.27602615003748154,0.3757970302198732,0.34281092685845604,0.36661512126435936,0.3774317744396717,0.3363470089248387,0.33122977447129,0.3680060200419819,0.3667958078358151,0.3657518205964031,0.335720836965789,0.4027009218846058
0.3644302163535328,0.3512246439870418,0.28693386687435884,0.5669196812709665,0.3614031519905929,0.3339498566255612,0.3207674255263345,0.5539273351413485,0.36918390140556867,1.0,0.35099048939821686,0.5092367067149988,0.3700924604116206,0.5422614657764504,0.538545970179895,0.3338942573247886,0.31203503409214306,0.3383441717358414,0.3054088422656145,0.3252912964840099,0.32588745747585024,0.3033388363560886,0.33316588301163474,0.3131509961477079,0.3335904119438915,0.26285873704540297,0.33862880345589663,0.5495418507079317,0.3730212388684726,0.35259051959637355,0.5665005078403659,0.3416083550358622,0.0,0.32622588779650497,0.33046662776735614,0.4641513086289579,0.31762590457743445,0.340928753010154,0.4099103272505006,0.3425787293756628,0.5785864348832206,0.33448285944027734,0.3380614197215891,0.5516415650035165,0.5525890047379236,0.3534557092118329,0.335915530643745,0.33499388117469064,0.5218863367812361,0.36767034616604843
0.39313654943573706,0.4775613353856013,0.31078049787595974,0.3329467512280011,0.5120384891268257,0.4692070296186035,0.41296467199005993,0.33829636569317534,0.3791041951702925,0.35099048939821686,1.0,0.3393031885327046,0.5652771930937286,0.33902220309248454,0.3237453459742975,0.42781365560269147,0.421518304975083,0.5389507325491913,0.49069332569472657,0.4210669399078082,0.5267981295423534,0.5145020777553877,0.545958453958409,0.4330080954824733,0.434669408972854,0.3432365613273306,0.541422962358304,0.34015279841985935,0.3729581053224994,0.38451341005571815,0.3213309344350065,0.4970307793941622,0.0,0.5268666474234007,0.4799299861138414,0.348518225366679,0.3993181726133942,0.5320310109360926,0.2830024345121691,0.567148551970917,0.32462882115764613,0.48818373361661993,0.5515379801217384,0.33943120600688603,0.34073850158182684,0.35694552280495206,0.48915224791413614,0.48739702641494087,0.3422094738482845,0.38432482272873014
0.3504644030070404,0.3433473790376578,0.27230958895566193,0.5282814440793115,0.304014504873384,0.32672022134509027,0.3142391936839195,0.5157738822677892,0.32060088810479437,0.5092367067149988,0.3393031885327046,1.0,0.3285271262349435,0.5161325015919451,0.5760339344738494,0.31860408249808747,0.30959728209582005,0.3233752317390991,0.30189818662363876,0.3155149814891398,0.31887243586394,0.3064909834188716,0.32606576636807294,0.3147256184315387,0.3174086797469351,0.26416881648613033,0.31997109256538203,0.5207974929054918,0.3615968756533483,0.3285387984238932,0.47469416704788825,0.32401520064110834,0.0,0.32333024979968805,0.32643451885402586,0.4425804734375458,0.29910542815578167,0.33003907716876935,0.39571387740411845,0.3275069532580439,0.48764950004576135,0.3174004839854748,0.3233665570753014,0.5280618904131155,0.5277458259648953,0.34605378375732776,0.32550938261373186,0.32605249887753274,0.4705860627995154,0.3580365186484744
0.3823435984699649,0.4687648512306024,0.3030793884234756,0.34907607753953807,0.5086124221579064,0.44826154229798376,0.408765746924601,0.35500835182777235,0.39359833196562155,0.3700924604116206,0.5652771930937286,0.3285271262349435,1.0,0.3377471931007947,0.34427484592712454,0.42001035449511237,0.4222895412029589,0.5433086781406611,0.5331337766652247,0.4169524194748111,0.5453638780005391,0.5246500943413813,0.5884661226790534,0.4237205864426481,0.42930139094556274,0.33946917770983065,0.5734106179620955,0.339008040158264,0.3734672138629823,0.3875086168370039,0.33397433044376934,0.5373396203654783,0.0,0.5674662344106377,0.47231204042573516,0.3355247885240096,0.4052888484320425,0.5513428696305982,0.28378332145314844,0.5818009501823266,0.3437735105601567,0.47625653578436855,0.573333102277543,0.3386103709884757,0.3370613934141886,0.3465529699980521,0.4779203119014749,0.4765453670714497,0.33803480216711856,0.376923511215989
0.33904808210296367,0.32998881641525135,0.27611488578460364,0.5787393947898278,0.32488014304356994,0.3114091067502719,0.30895385663954966,0.5199232365988857,0.34143517716918526,0.5422614657764504,0.33902220309248454,0.5161325015919451,0.3377471931007947,1.0,0.5760177458456267,0.3125988561311741,0.29114665437586595,0.32944957252637985,0.29670047958351153,0.3144290785571233,0.313840758779361,0.29450562074763664,0.327085792210017,0.28734997299526355,0.3005803780219437,0.23854723311739845,0.3255329037961524,0.5509032891494587,0.3632141502376285,0.3313286210285792,0.531233941841341,0.3175886606578431,0.0,0.3194002785667558,0.31908190699250605,0.4523916106007615,0.2970156449763758,0.32878801249023926,0.39064462071680406,0.3241751863595771,0.5491439836287986,0.32063566880814165,0.3270217049743922,0.5451326127933412,0.537561604834091,0.3475209967775592,0.32441944907366205,0.32393677283751743,0.49923304993410333,0.3668781529142834
0.32167987703759227,0.3202913282030968,0.26714213222772976,0.5959149973230955,0.3466266727382902,0.3003284743724064,0.29771015932362166,0.5070426011830904,0.34557779041539105,0.538545970179895,0.3237453459742975,0.5760339344738494,0.34427484592712454,0.5760177458456267,1.0,0.30656983075864497,0.29829923738352015,0.31302648763152796,0.28092971036417713,0.3032156952379641,0.30338671895484237,0.27672464327483515,0.31718211586145517,0.29169112876596603,0.30911390005711525,0.2497793288617427,0.3148152235647147,0.5142427063702499,0.34784700070364505,0.329842110940337,0.5230802044058132,0.3267400405107277,0.0,0.30528602552884065,0.30889305310875637,0.4339579157578618,0.29506002528064634,0.31690143716893704,0.3860219273171137,0.31611698916969544,0.5520546427642699,0.31050732663595393,0.31607306787092226,0.5127361027781216,0.5057356802601374,0.3368533501787302,0.31688453070406686,0.317034402850788,0.4707123778496187,0.35797389930530554
0.37341968812583437,0.408804010402946,0.29581207676382726,0.3222119882534429,0.3778182394402674,0.43554157750639566,0.739163062502104,0.3239146700113287,0.3657897429405118,0.3338942573247886,0.42781365560269147,0.31860408249808747,0.42001035449511237,0.3125988561311741,0.30656983075864497,1.0,0.369746035817366,0.4299641609966759,0.3970892004917249,0.7535927880320947,0.41979564413049164,0.4331415177259347,0.4315694388210245,0.3831778480951953,0.3971376610305578,0.32151946169958967,0.40222277809939677,0.316444727861506,0.35338952643536525,0.3629462736614889,0.30513768405022645,0.4041354878974688,0.0,0.40605227592668036,0.4099028373624274,0.33023259758984547,0.7368207860799196,0.3998633896753149,0.26455121259387937,0.41089832900863243,0.3077567005259473,0.4009962409001343,0.4073826933344198,0.31617783977081926,0.3179396104883042,0.33383944989888337,0.40257898269281767,0.40222876699120924,0.3144433881437715,0.3569194649479166
0.3640566240746457,0.4568559759150669,0.26364590306265534,0.31186447215269864,0.43805255282107824,0.461958029589145,0.360256341431188,0.3167764229745199,0.3331975538123313,0.31203503409214306,0.421518304975083,0.30959728209582005,0.4222895412029589,0.29114665437586595,0.29829923738352015,0.369746035817366,1.0,0.4064080305572272,0.3676480532441885,0.3623348663599997,0.39573867786684735,0.37840952473601397,0.4128502947829028,0.5854393481741191,0.5316845163662702,0.4890650294856116,0.398018849309446,0.2935567560124489,0.3348164941545835,0.3293654018162365,0.28597571079631245,0.4777863816037362,0.0,0.4187863140255661,0.4755770929555926,0.2990235532715272,0.35743683118231384,0.40529566048985555,0.2574736194108933,0.41339620613042405,0.29164495148794634,0.4377632410516523,0.4117216195631883,0.31765727277748257,0.3219647997293541,0.31131291737265365,0.4489144566905663,0.454578011120763,0.2892582663928349,0.3371404912717729
0.38240526575332345,0.47184623542896575,0.30239324870758744,0.3281537776778076,0.44363996556788066,0.45168473301448364,0.4441714607173055,0.33392315849508836,0.3704575972800641,0.3383441717358414,0.5389507325491913,0.3233752317390991,0.5433086781406611,0.32944957252637985,0.31302648763152796,0.4299641609966759,0.4064080305572272,1.0,0.5284496002960175,0.4499037998387261,0.5589671067762705,0.5080194528431958,0.5747316666651997,0.4113394811775837,0.4146071014037346,0.3233257282080968,0.5427473282147321,0.33176366712471694,0.36714261810061977,0.3751543473633564,0.31402656508820426,0.4926429159052522,0.0,0.5343257767552452,0.471479454562018,0.3465074431093047,0.42386730293027863,0.516429282331437,0.2826560873224401,0.5476251489379298,0.31349325931599625,0.4727272478846125,0.5412009690540209,0.3320253312838881,0.3305495160503399,0.34572120240299975,0.4764398001689494,0.47588063974790684,0.3273023028518055,0.3762699506181111
0.3466201018105508,0.4203295000147129,0.26913415709503974,0.292833424729799,0.3982086556316744,0.42629300619472466,0.39610226592621167,0.30297578518851,0.3266211160893364,0.3054088422656145,0.49069332569472657,0.30189818662363876,0.5331337766652247,0.29670047958351153,0.28092971036417713,0.3970892004917249,0.3676480532441885,0.5284496002960175,1.0,0.39668337866232484,0.5120045391778965,0.523110419317054,0.5209554590592027,0.37846145488573524,0.38403497578568213,0.30178588561119857,0.4956996699206193,0.3005375524835926,0.3303970803396161,0.3346762422293277,0.2798888340000635,0.4790437969986341,0.0,0.4830194746376052,0.4320159542160471,0.3087871621795445,0.37581481355133595,0.47647804301986085,0.25465318056669717,0.5006236153490475,0.28224167957945356,0.4274364221759478,0.4893625599744741,0.30341737752908904,0.30223586295416216,0.31791797776408226,0.42188451258457704,0.4225026179691177,0.29555451310621406,0.3408586865763735
0.3734468371849853,0.4148723204810245,0.30087067807830625,0.3190947971802852,0.3644124702911421,0.39730741718463625,0.854595959484972,0.3216363471881084,0.3664135180373369,0.3252912964840099,0.4210669399078082,0.3155149814891398,0.4169524194748111,0.3144290785571233,0.3032156952379641,0.7535927880320947,0.3623348663599997,0.4499037998387261,0.39668337866232484,1.0,0.44685418607933247,0.391206285820353,0.44604030133696604,0.3625482927083551,0.37485860084335676,0.29363793997699494,0.41777952780381733,0.3207392551667543,0.35718044130538473,0.3648457052793762,0.303290046178879,0.39306484493858074,0.0,0.4182297029216221,0.415928819314206,0.33570979919947264,0.7896677543895241,0.40474965174355315,0.2694600722351489,0.41967407081234753,0.30403662770293416,0.40670441625151066,0.4200481891787068,0.3221783606813349,0.32120407626945824,0.3353018506902664,0.4071646773159473,0.40639151026979237,0.31859679965005006,0.3620459722943943
0.3704465434397882,0.4574474332367182,0.2943095435875982,0.31913940063724067,0.4487247346021612,0.4347819026384583,0.4453594463519094,0.3226936912485675,0.3586106164057141,0.32588745747585024,0.5267981295423534,0.31887243586394,0.5453638780005391,0.313840758779361,0.30338671895484237,0.41979564413049164,0.39573867786684735,0.5589671067762705,0.5120045391778965,0.44685418607933247,1.0,0.5006587696845318,0.5737051372148687,0.40286418805383717,0.4046648145065367,0.3252328276152354,0.5434045615091587,0.32329482394086073,0.3511216384343987,0.3658464460962253,0.3027227233315226,0.49595722118236585,0.0,0.5451776928043481,0.46415892112707957,0.33356523279958195,0.41549365633524027,0.5196110203242268,0.2723092973290687,0.549879912531718,0.31091615871433487,0.4523566171961265,0.5379462800498174,0.3251368471614249,0.32641438747828255,0.34395697648117884,0.47297861711069755,0.47272357416927735,0.3206794376533145,0.3641660867063514
0.35792610619764054,0.410446254329341,0.27047004436877986,0.29038376318671155,0.3923238670899746,0.4955245067909194,0.39184064835315513,0.2989744893099936,0.32649812559251723,0.3033388363560886,0.5145020777553877,0.3064909834188716,0.5246500943413813,0.29450562074763664,0.27672464327483515,0.4331415177259347,0.37840952473601397,0.5080194528431958,0.523110419317054,0.391206285820353,0.5006587696845318,1.0,0.6537389835217815,0.40848898261925237,0.4203189801775503,0.33147777665846023,0.4898171611408859,0.29859037370419117,0.32464571182924573,0.32745100193736076,0.27378688348988334,0.48306579236940406,0.0,0.5718147676170569,0.42398669093784636,0.3090208737292166,0.3770036739611876,0.4801712134124899,0.25184342693995176,0.5098588370329903,0.2749572859547075,0.41455058871890527,0.4948675041876466,0.30244168410211136,0.3043071969405956,0.3232829543393927,0.42320777414034094,0.4225741453823154,0.2933077654231826,0.34390916131891214
0.3842953381660722,0.4678931945543632,0.3020586159634657,0.3334673797074329,0.44716772881481015,0.45300181669541806,0.44533057589086256,0.3325872727771576,0.37131254435064,0.33316588301163474,0.545958453958409,0.32606576636807294,0.5884661226790534,0.327085792210017,0.31718211586145517,0.4315694388210245,0.4128502947829028,0.5747316666651997,0.5209554590592027,0.44604030133696604,0.5737051372148687,0.6537389835217815,1.0,0.41025451342505626,0.42158162654508535,0.32331057162586074,0.5692613831235869,0.33270295186700627,0.3641923236182306,0.36884526531287354,0.31293937798012983,0.5188322621226396,0.0,0.6667542600409337,0.4676067066023991,0.3412754808706274,0.4218000390772497,0.5380499961035767,0.2861477292696888,0.562993526394826,0.31489775300108547,0.46079396280498774,0.5575416110768083,0.33498420122069794,0.3330752003706675,0.34468330515457124,0.4712438801136132,0.4706844582234435,0.3292450753956996,0.3746783330224608
0.36836734532877236,0.5036053339688319,0.2620913729763137,0.3078301658624403,0.42962807755749943,0.537553944593931,0.36440848756008715,0.32365302925997086,0.33440379144393184,0.3131509961477079,0.4330080954824733,0.3147256184315387,0.4237205864426481,0.28734997299526355,0.29169112876596603,0.3831778480951953,0.5854393481741191,0.4113394811775837,0.37846145488573524,0.3625482927083551,0.40286418805383717,0.40848898261925237,0.41025451342505626,1.0,0.5894162006667063,0.4853056801951552,0.4029447309043005,0.2906335499412972,0.32954628724131485,0.32853713417214636,0.28156970218983735,0.46148702765193916,0.0,0.41130364612139125,0.5314573272407797,0.29661886373568425,0.35743408248937114,0.4098484160095567,0.2471776117302361,0.41631415153466533,0.2879628688076781,0.4474880714560101,0.4078503230522318,0.3149301831226943,0.31845507372198567,0.3154514636649919,0.4438071589485342,0.447962056741265,0.2868988953580698,0.3360469068202512
0.3677277658440351,0.5290154136711307,0.27461490150036616,0.32723682584805147,0.4454017952245819,0.5587234241909023,0.3718758350008369,0.3276510496690801,0.3435627122942879,0.3335904119438915,0.434669408972854,0.3174086797469351,0.42930139094556274,0.3005803780219437,0.30911390005711525,0.3971376610305578,0.5316845163662702,0.4146071014037346,0.38403497578568213,0.37485860084335676,0.4046648145065367,0.4203189801775503,0.42158162654508535,0.5894162006667063,1.0,0.4698948078913395,0.40497722447366935,0.29764677008746,0.3338556065688516,0.3297614565347965,0.2956582269677547,0.48135456116982867,0.0,0.4120654892747425,0.546048230274054,0.2994806374590402,0.3728611923108861,0.42361472096232733,0.25978640131596387,0.4211153530783772,0.3052831568631563,0.45511039417124377,0.42005187691609136,0.3285594733425672,0.32498559757505907,0.3276350589882747,0.45946625283385345,0.4630848417024819,0.30930809741829246,0.33739310278647183
0.3004640860348329,0.363348481143995,0.2119507513353568,0.2586461771148224,0.3633433254938804,0.395841884714782,0.2918495330868882,0.26876979897728126,0.2711315384394074,0.26285873704540297,0.3432365613273306,0.26416881648613033,0.33946917770983065,0.23854723311739845,0.2497793288617427,0.32151946169958967,0.4890650294856116,0.3233257282080968,0.30178588561119857,0.29363793997699494,0.3252328276152354,0.33147777665846023,0.32331057162586074,0.4853056801951552,0.4698948078913395,1.0,0.32047555075243583,0.24000643983460446,0.260890820342919,0.26467671721914166,0.23639290713939975,0.3797396793423784,0.0,0.3342276237584346,0.38964430705021513,0.23844268614068076,0.2914079463521254,0.34672684329679804,0.20695704654320435,0.340986477521831,0.24146960995423405,0.3576923415281852,0.32803582169544443,0.27893083655576356,0.273713241120218,0.25828835152470575,0.3660515375512584,0.3853451387545501,0.24264131218030294,0.27057751271526065
0.3792956952198988,0.46745081214160034,0.3012584790806593,0.32412650765895334,0.45262785861559895,0.4280757887372787,0.41001707975678137,0.3308756764995897,0.37166218344815705,0.33862880345589663,0.541422962358304,0.31997109256538203,0.5734106179620955,0.3255329037961524,0.3148152235647147,0.40222277809939677,0.398018849309446,0.5427473282147321,0.4956996699206193,0.41777952780381733,0.5434045615091587,0.4898171611408859,0.5692613831235869,0.4029447309043005,0.40497722447366935,0.32047555075243583,1.0,0.32647386432418735,0.3635541682194888,0.3701532429312878,0.3123600698472164,0.5041938479475658,0.0,0.5379317869964029,0.46344957394558406,0.33089410613948433,0.39102661676656814,0.6108586334358802,0.2653152288222135,0.5763189795977934,0.3173334496701291,0.4664514764461638,0.6353911601934819,0.3325764279065868,0.3240493969597803,0.34842230620810377,0.46723834511731577,0.4665553423834472,0.33198410379613197,0.372088329784947
0.3489794800006507,0.3406215147042577,0.2806533618473037,0.5590355403236031,0.3060673270491977,0.31836358339555604,0.31511419571977894,0.7156375073641623,0.3342115292778589,0.5495418507079317,0.34015279841985935,0.5207974929054918,0.339008040158264,0.5509032891494587,0.5142427063702499,0.316444727861506,0.2935567560124489,0.33176366712471694,0.3005375524835926,0.3207392551667543,0.32329482394086073,0.29859037370419117,0.33270295186700627,0.2906335499412972,0.29764677008746,0.24000643983460446,0.32647386432418735,1.0,0.3665280869754114,0.3329646767429343,0.5111212753014276,0.31960619037174576,0.0,0.3232028468824406,0.3206769720420004,0.45591189900042184,0.29846232984710797,0.3417829691609231,0.40624661826975617,0.33042192930372405,0.5292320446518728,0.3227391055503276,0.3289150220551925,0.8054447618114218,0.7642510568566928,0.34569562254038666,0.3293921683851514,0.32876045931674946,0.5075502706998805,0.3628391895027744
0.39610157177301863,0.3683810648301601,0.3168574687451443,0.3588328155919651,0.34591446323764763,0.3625465195799662,0.3519742905164214,0.36960397486639895,0.3935057345311348,0.3730212388684726,0.3729581053224994,0.3615968756533483,0.3734672138629823,0.3632141502376285,0.34784700070364505,0.35338952643536525,0.3348164941545835,0.36714261810061977,0.3303970803396161,0.35718044130538473,0.3511216384343987,0.32464571182924573,0.3641923236182306,0.32954628724131485,0.3338556065688516,0.260890820342919,0.3635541682194888,0.3665280869754114,1.0,0.38529992281175707,0.3472991861415624,0.3507316773329232,0.0,0.36193423565227056,0.35746429061999496,0.36296653736589746,0.3362105086812468,0.3639663806410248,0.30326049943643485,0.36610724891895996,0.34852180750816153,0.35542508665901706,0.36565383527072703,0.3631140764928592,0.36413153207305005,0.4372796255894792,0.35820883057980424,0.35706259091896086,0.35797776359437716,0.6335054789160712
0.438567021715388,0.3737053856120657,0.32561147290640546,0.33814552900387196,0.3523311608222669,0.342903115881086,0.3562250293474546,0.33721827338613475,0.4712518109319346,0.35259051959637355,0.38451341005571815,0.3285387984238932,0.3875086168370039,0.3313286210285792,0.329842110940337,0.3629462736614889,0.3293654018162365,0.3751543473633564,0.3346762422293277,0.3648457052793762,0.3658464460962253,0.32745100193736076,0.36884526531287354,0.32853713417214636,0.3297614565347965,0.26467671721914166,0.3701532429312878,0.3329646767429343,0.38529992281175707,1.0,0.32395489663662325,0.3449113104538113,0.0,0.3604012725019907,0.36354922991032745,0.330683622582011,0.34164067663876885,0.37054025492839693,0.2667043661035936,0.38475536189814064,0.33072982411571217,0.3646034571494786,0.38028692395871055,0.33417585479887657,0.33046610337559246,0.3782334169855238,0.37283108820315025,0.37260446134781056,0.3335615952055049,0.3958154867966913
0.32403722414015435,0.32083211777572407,0.26755542701999546,0.5386939925241907,0.32461377038346373,0.2943289154193781,0.2966933254639277,0.5120401044766472,0.3352654745616801,0.5665005078403659,0.3213309344350065,0.47469416704788825,0.33397433044376934,0.531233941841341,0.5230802044058132,0.30513768405022645,0.28597571079631245,0.31402656508820426,0.2798888340000635,0.303290046178879,0.3027227233315226,0.27378688348988334,0.31293937798012983,0.28156970218983735,0.2956582269677547,0.23639290713939975,0.3123600698472164,0.5111212753014276,0.3472991861415624,0.32395489663662325,1.0,0.31293176382139565,0.0,0.30861770127730404,0.30135541464383675,0.4337857499871761,0.2920250235323134,0.3163168701588013,0.3754730732141872,0.315582657502264,0.656659721617405,0.3094171507288649,0.31338764622835324,0.5100798338872248,0.503052619844574,0.33268938843060947,0.3109150870599,0.3096962040310295,0.4786271230767212,0.3420031193371047
0.3762456788702938,0.43606100382486745,0.2808507048112402,0.34532907217907083,0.4890692374492118,0.4446372310358413,0.3922935261210828,0.3345478948930185,0.3598227881325231,0.3416083550358622,0.4970307793941622,0.32401520064110834,0.5373396203654783,0.3175886606578431,0.3267400405107277,0.4041354878974688,0.4777863816037362,0.4926429159052522,0.4790437969986341,0.39306484493858074,0.49595722118236585,0.48306579236940406,0.5188322621226396,0.46148702765193916,0.48135456116982867,0.3797396793423784,0.5041938479475658,0.31960619037174576,0.3507316773329232,0.3449113104538113,0.31293176382139565,1.0,0.0,0.5023186792126082,0.4431794279910324,0.313427257757955,0.3927665363610734,0.5067156104547413,0.265881799783244,0.5200644682364773,0.3189945847228849,0.44406217086615996,0.5141904126831043,0.3279518073566491,0.3341708269086503,0.330370350557725,0.44382619637598886,0.445094241546537,0.3078749366617579,0.3508234368551456
0.0,0.0,0.0,0.0,0.0,0.0,0.0,0.0,0.0,0.0,0.0,0.0,0.0,0.0,0.0,0.0,0.0,0.0,0.0,0.0,0.0,0.0,0.0,0.0,0.0,0.0,0.0,0.0,0.0,0.0,0.0,0.0,1.0,0.0,0.0,0.0,0.0,0.0,0.0,0.0,0.0,0.0,0.0,0.0,0.0,0.0,0.0,0.0,0.0,0.0
0.37860571825731737,0.4552388370627072,0.2960231666563734,0.31841086196423374,0.4499015106220432,0.4448732490676176,0.4193961158526478,0.32732104513246385,0.36382144706576214,0.32622588779650497,0.5268666474234007,0.32333024979968805,0.5674662344106377,0.3194002785667558,0.30528602552884065,0.40605227592668036,0.4187863140255661,0.5343257767552452,0.4830194746376052,0.4182297029216221,0.5451776928043481,0.5718147676170569,0.6667542600409337,0.41130364612139125,0.4120654892747425,0.3342276237584346,0.5379317869964029,0.3232028468824406,0.36193423565227056,0.3604012725019907,0.30861770127730404,0.5023186792126082,0.0,1.0,0.46788658244537984,0.34647025833599254,0.389749316868673,0.5246626422464137,0.29185491637413397,0.5455417019126596,0.3074651323730193,0.4520764986132281,0.5497541884448929,0.3274067021256679,0.32986907402918053,0.3373637421260641,0.46191410910886854,0.4630681662138707,0.3211797851103648,0.3689848275502835
0.37612552413908984,0.5783700301094046,0.2902313297598318,0.32095231736632324,0.43220716910102364,0.5589711076320825,0.41742320304378777,0.3286296164074274,0.3628540036053338,0.33046662776735614,0.4799299861138414,0.32643451885402586,0.47231204042573516,0.31908190699250605,0.30889305310875637,0.4099028373624274,0.4755770929555926,0.471479454562018,0.4320159542160471,0.415928819314206,0.46415892112707957,0.42398669093784636,0.4676067066023991,0.5314573272407797,0.546048230274054,0.38964430705021513,0.46344957394558406,0.3206769720420004,0.35746429061999496,0.36354922991032745,0.30135541464383675,0.4431794279910324,0.0,0.46788658244537984,1.0,0.32709231360499724,0.38851029432338213,0.459232394444003,0.2838271439519514,0.4766642843211337,0.3062710955989867,0.5058527549274953,0.47968175413820013,0.32446122696442825,0.32737435437263696,0.3404822967734331,0.5082115670999082,0.5089151972030421,0.32397710101792676,0.3631614549974834
0.3414131574168534,0.3308980691070761,0.2851028095632374,0.4515152826848836,0.30188083015815514,0.3286627313876336,0.3352858499680732,0.4523923867320071,0.3407374527015653,0.4641513086289579,0.348518225366679,0.4425804734375458,0.3355247885240096,0.4523916106007615,0.4339579157578618,0.33023259758984547,0.2990235532715272,0.3465074431093047,0.3087871621795445,0.33570979919947264,0.33356523279958195,0.3090208737292166,0.3412754808706274,0.29661886373568425,0.2994806374590402,0.23844268614068076,0.33089410613948433,0.45591189900042184,0.36296653736589746,0.330683622582011,0.4337857499871761,0.313427257757955,0.0,0.34647025833599254,0.32709231360499724,1.0,0.31738147831666896,0.3238538620265162,0.4000835520317443,0.34017768493970035,0.4381892229627202,0.329609087155187,0.3324079105230384,0.4594348431974501,0.4603828479684303,0.3420872138331905,0.327715000076777,0.32695773352777924,0.454114532888505,0.364981191895396
0.3515280807311476,0.386542342023671,0.2794682028491031,0.3103535342795589,0.36338932619002284,0.3902356935742063,0.7735641549869344,0.3053547654898674,0.3515870585031097,0.31762590457743445,0.3993181726133942,0.29910542815578167,0.4052888484320425,0.2970156449763758,0.29506002528064634,0.7368207860799196,0.35743683118231384,0.42386730293027863,0.37581481355133595,0.7896677543895241,0.41549365633524027,0.3770036739611876,0.4218000390772497,0.35743408248937114,0.3728611923108861,0.2914079463521254,0.39102661676656814,0.29846232984710797,0.3362105086812468,0.34164067663876885,0.2920250235323134,0.3927665363610734,0.0,0.389749316868673,0.38851029432338213,0.31738147831666896,1.0,0.3786174962751654,0.25479774105945663,0.38556332390721026,0.2959574452239495,0.38399496079519946,0.39090315348267013,0.3025516719815755,0.3017701881514605,0.31233790358578317,0.3808955850746637,0.37978682879969705,0.2957187103606793,0.3363954772092662
0.38982171713373426,0.48175604406951755,0.29723055233615714,0.3239368349498656,0.4710002802133655,0.44911959068368135,0.39690224182124745,0.34848419642110195,0.3661727091945002,0.340928753010154,0.5320310109360926,0.33003907716876935,0.5513428696305982,0.32878801249023926,0.31690143716893704,0.3998633896753149,0.40529566048985555,0.516429282331437,0.47647804301986085,0.40474965174355315,0.5196110203242268,0.4801712134124899,0.5380499961035767,0.4098484160095567,0.42361472096232733,0.34672684329679804,0.6108586334358802,0.3417829691609231,0.3639663806410248,0.37054025492839693,0.3163168701588013,0.5067156104547413,0.0,0.5246626422464137,0.459232394444003,0.3238538620265162,0.3786174962751654,1.0,0.27280400860843046,0.5643089740100284,0.31951330441347303,0.47086682050933026,0.6537712844180065,0.34883438264122,0.33565477686210876,0.3473107265485572,0.48252004587145114,0.4836739415555257,0.34023769011380656,0.3699796865271049
0.2909206909898636,0.2718569270862171,0.23148122991396258,0.4054027416385566,0.2733639987006725,0.28146499602761066,0.2785765327216423,0.4045483359604427,0.27602615003748154,0.4099103272505006,0.2830024345121691,0.39571387740411845,0.28378332145314844,0.39064462071680406,0.3860219273171137,0.26455121259387937,0.2574736194108933,0.2826560873224401,0.25465318056669717,0.2694600722351489,0.2723092973290687,0.25184342693995176,0.2861477292696888,0.2471776117302361,0.25978640131596387,0.20695704654320435,0.2653152288222135,0.40624661826975617,0.30326049943643485,0.2667043661035936,0.3754730732141872,0.265881799783244,0.0,0.29185491637413397,0.2838271439519514,0.4000835520317443,0.25479774105945663,0.27280400860843046,1.0,0.2777248705103186,0.38374683626242057,0.2770141776511166,0.2797766951479179,0.4060589519504303,0.41693519898191234,0.27727604218165136,0.27528048323836507,0.2745450436141289,0.38542677631731626,0.3012176038438149
0.388876510484235,0.47391158783859744,0.3064088104519719,0.3226433893564302,0.46749682785515123,0.4487203794655138,0.4112853580640088,0.3379043982162594,0.3757970302198732,0.3425787293756628,0.567148551970917,0.3275069532580439,0.5818009501823266,0.3241751863595771,0.31611698916969544,0.41089832900863243,0.41339620613042405,0.5476251489379298,0.5006236153490475,0.41967407081234753,0.549879912531718,0.5098588370329903,0.562993526394826,0.41631415153466533,0.4211153530783772,0.340986477521831,0.5763189795977934,0.33042192930372405,0.36610724891895996,0.38475536189814064,0.315582657502264,0.5200644682364773,0.0,0.5455417019126596,0.4766642843211337,0.34017768493970035,0.38556332390721026,0.5643089740100284,0.2777248705103186,1.0,0.31916354214123177,0.4751596375347117,0.5852814432433519,0.33520193267693643,0.33638260738773607,0.35843960581491807,0.4975998731558676,0.49713569824470405,0.3330906039565563,0.38274516022149196
