../ecoli_genomes/GCF_000163235.1_ASM16323v1_genomic.fna.gz,../ecoli_genomes/GCF_000164555.1_ASM16455v1_genomic.fna.gz,../ecoli_genomes/GCF_000208545.1_ASM20854v2_genomic.fna.gz,../ecoli_genomes/GCF_000233875.1_ASM23387v1_genomic.fna.gz,../ecoli_genomes/GCF_000249735.1_ASM24973v2_genomic.fna.gz,../ecoli_genomes/GCF_000261145.1_Esch_coli_M919_V2_genomic.fna.gz,../ecoli_genomes/GCF_000267705.2_ASM26770v2_genomic.fna.gz,../ecoli_genomes/GCF_000350665.1_Esch_coli_KTE5_V1_genomic.fna.gz,../ecoli_genomes/GCF_000351625.1_Esch_coli_KTE66_V1_genomic.fna.gz,../ecoli_genomes/GCF_000352285.1_Esch_coli_KTE46_V1_genomic.fna.gz,../ecoli_genomes/GCF_000358895.1_ASM35889v1_genomic.fna.gz,../ecoli_genomes/GCF_000456385.1_Esch_coli_HVH_26_4-5703913_V1_genomic.fna.gz,../ecoli_genomes/GCF_000458195.1_Esch_coli_HVH_147_4-5893887_V1_genomic.fna.gz,../ecoli_genomes/GCF_000459755.1_Esch_coli_KOEGE_58_171a_V1_genomic.fna.gz,../ecoli_genomes/GCF_000460055.1_Esch_coli_UMEA_3053-1_V1_genomic.fna.gz,../ecoli_genomes/GCF_000462165.2_ASM46216v2_genomic.fna.gz,../ecoli_genomes/GCF_000601135.1_ASM60113v1_genomic.fna.gz,../ecoli_genomes/GCF_000614595.1_Ec2010EL1058_genomic.fna.gz,../ecoli_genomes/GCF_000617745.1_Ec2010C-4529_genomic.fna.gz,../ecoli_genomes/GCF_000618265.2_EcF6751_genomic.fna.gz,../ecoli_genomes/GCF_000619005.2_Ec2009C-4052_genomic.fna.gz,../ecoli_genomes/GCF_000619105.1_Ec2009C-4780_genomic.fna.gz,../ecoli_genomes/GCF_000619765.2_Ec2009C-3279_genomic.fna.gz,../ecoli_genomes/GCF_000687005.1_ASM68700v1_genomic.fna.gz,../ecoli_genomes/GCF_000687025.1_ASM68702v1_genomic.fna.gz,../ecoli_genomes/GCF_000700125.1_ASM70012v1_genomic.fna.gz,../ecoli_genomes/GCF_000753315.1_FHI35_genomic.fna.gz,../ecoli_genomes/GCF_000776375.1_ASM77637v1_genomic.fna.gz,../ecoli_genomes/GCF_000779395.1_ASM77939v1_genomic.fna.gz,../ecoli_genomes/GCF_000780315.1_ASM78031v1_genomic.fna.gz,../ecoli_genomes/GCF_000781995.1_ASM78199v1_genomic.fna.gz,../ecoli_genomes/GCF_000986765.1_ASM98676v1_genomic.fna.gz,../ecoli_genomes/GCF_001041375.1_ViralProj287958_genomic.fna.gz,../ecoli_genomes/GCF_001265335.1_302014_genomic.fna.gz,../ecoli_genomes/GCF_001265625.1_100854_genomic.fna.gz,../ecoli_genomes/GCF_001267345.1_303289_genomic.fna.gz,../ecoli_genomes/GCF_001309985.1_ASM130998v1_genomic.fna.gz,../ecoli_genomes/GCF_001521695.1_ASM152169v1_genomic.fna.gz,../ecoli_genomes/GCF_001592595.1_ASM159259v1_genomic.fna.gz,../ecoli_genomes/GCF_001614975.1_ASM161497v1_genomic.fna.gz,../ecoli_genomes/GCF_001692775.1_ASM169277v1_genomic.fna.gz,../ecoli_genomes/GCF_001748915.1_ASM174891v1_genomic.fna.gz,../ecoli_genomes/GCF_001749235.1_ASM174923v1_genomic.fna.gz,../ecoli_genomes/GCF_001881155.1_ASM188115v1_genomic.fna.gz,../ecoli_genomes/GCF_001881345.1_ASM188134v1_genomic.fna.gz,../ecoli_genomes/GCF_001892405.1_ASM189240v1_genomic.fna.gz,../ecoli_genomes/GCF_001892585.1_ASM189258v1_genomic.fna.gz,../ecoli_genomes/GCF_001893985.1_ASM189398v1_genomic.fna.gz,../ecoli_genomes/GCF_002001595.1_ASM200159v1_genomic.fna.gz,../ecoli_genomes/GCF_002002145.1_ASM200214v1_genomic.fna.gz
1.0,0.318878866603457,0.2522178343571415,0.2758737235572888,0.26953570717348696,0.302820174069082,0.29215651553403943,0.27937313245039264,0.3840209604566648,0.284528437042192,0.3077059285590822,0.2875992236006627,0.2921483103602446,0.2682501348016335,0.25628813349498847,0.2942386637483613,0.24843691286195368,0.3015205286963968,0.23460407370691883,0.29186188891471687,0.29324441259275813,0.2734244375049065,0.306017457848079,0.2838224993687799,0.2670355396467061,0.21846247879421854,0.30193611399296194,0.28143178343643194,0.3293994960923756,0.3797960787399294,0.25412487159887254,0.30146735299889527,0.0,0.2946730969039707,0.30939508474149013,0.2677313357657092,0.27987071416466314,0.312055794689035,0.208880344071522,0.3083636590717298,0.25759411825987255,0.29603042431649773,0.31069181748121744,0.2802274118445982,0.28680348766449615,0.30604765114793464,0.3077747310821122,0.3063851472195971,0.26188522939218783,0.3397129442469784
0.318878866603457,1.0,0.23281932066650868,0.27496162357832965,0.3659612498145183,0.5349951035159305,0.35059727022187837,0.2759735896718525,0.30170467849119764,0.2836679825966594,0.4226648091672922,0.273891357969969,0.3985461675742007,0.26761685299495497,0.25995002863116146,0.3519441085251639,0.29797569821025327,0.4099612656123397,0.31130276997435713,0.3510573928540387,0.4002957786451058,0.37116841980601356,0.41624797206062436,0.4347646571736612,0.37833094350109997,0.2645695017960248,0.4079224569105838,0.2744723263505684,0.30401816871729004,0.3039801528144994,0.25774603522093953,0.3824620642176957,0.0,0.3869497439376488,0.5499625126740378,0.26290400692970506,0.33566163110158254,0.3966957612457397,0.11782565449697013,0.40545868479343505,0.264589838436288,0.46574718938118986,0.4182140715910345,0.287837992326168,0.2851266752996998,0.2806401571143673,0.4408974573647684,0.47040147612378513,0.2775158929034911,0.3049793880978079
0.2522178343571415,0.23281932066650868,1.0,0.20759334967968168,0.19790763965583247,0.2138808821699998,0.21996090671028545,0.21113444253757763,0.24540349087932922,0.215222957091586,0.23275345719979001,0.20356202200849804,0.21899765791359238,0.2091006375061616,0.20326542613246568,0.22122421010609705,0.14145107458695672,0.22367427570461706,0.172897751968337,0.22092277992194165,0.21948767578396589,0.20226759859805155,0.22405560846973738,0.17726861574478103,0.15798251063154467,0.12276174342117019,0.22410350399864143,0.20941882965631242,0.24239198237582749,0.2451555212728368,0.20066125686616088,0.20913138064567915,0.0,0.21560098759798163,0.2093227807809498,0.2116797289022062,0.21135487510175166,0.21339102854447478,0.09275652864887984,0.22656559158743161,0.2049718765464501,0.21770750058645494,0.23357124161235998,0.2154691835099516,0.20980974964461796,0.2246329362382662,0.21309953846743024,0.22524961407553512,0.2156499209245738,0.24965301271989437
0.2758737235572888,0.27496162357832965,0.20759334967968168,1.0,0.25654828304420685,0.26071030682509555,0.25053387664437676,0.49589439793621204,0.27517615909614135,0.5235842844562872,0.26210380993450955,0.4886386212017908,0.25941525840099344,0.5460212316727028,0.5544778558322742,0.25470426192312123,0.19277492456597745,0.2584370535797692,0.19518578405089615,0.25021426808412883,0.25109618439401493,0.2327282743871284,0.26625148439859503,0.2293551017639336,0.2113737669189789,0.16665810170579765,0.2559836037307496,0.5264184737491671,0.30364350657360994,0.26863541867596075,0.5061516594533202,0.26242099315692036,0.0,0.24779725285923015,0.25510788764806214,0.41964808302511425,0.2445598170490354,0.24771088530902852,0.22601451827716634,0.25480000103253675,0.5243961159296675,0.2554443531986349,0.2594168922797967,0.5314733855766203,0.5252342748913483,0.29261451541747097,0.2533628663680052,0.2613259220362216,0.45022777438426054,0.31143406325144096
0.26953570717348696,0.3659612498145183,0.19790763965583247,0.25654828304420685,1.0,0.3856657100450924,0.3002127888021737,0.24983944539930703,0.279210381643198,0.26360723760029725,0.4745922725737314,0.23981170802992846,0.41953616650468284,0.24173383917729951,0.2552130185944038,0.3175107352353478,0.2988358247696328,0.38609479417155057,0.2992731524082446,0.30179805561445183,0.40088398008975634,0.3591860871556195,0.40221633992814276,0.3711555541898075,0.3073418149580528,0.2569243768731846,0.4030727250537429,0.238802769947145,0.29513256531602916,0.2776454316706485,0.24530718267805451,0.4146725092393422,0.0,0.3990843142190402,0.36936861614417316,0.23366293142365735,0.3021506025216917,0.426070682637673,0.14929698671731018,0.4182682524966723,0.2557017487636709,0.3821034847727738,0.4244154294772865,0.24313824928365813,0.24667683036885435,0.25887948731060617,0.37149398049923177,0.3862468346149067,0.23806659461205237,0.27751825727371937
0.302820174069082,0.5349951035159305,0.2138808821699998,0.26071030682509555,0.3856657100450924,1.0,0.33956754398089584,0.270150042004636,0.28847404954245637,0.2601484495581713,0.39687276239149594,0.2606183649973899,0.38302065771526606,0.2542130771212081,0.24821473678920092,0.34620870369802015,0.3437494652708084,0.3966930557989019,0.3059615294625535,0.3367348768912608,0.38075418183427123,0.3866104246097948,0.3983829419520697,0.46438836272789896,0.41296036766661404,0.3011606804424811,0.385731264478797,0.25848749384133374,0.3032580606453059,0.2896171917138135,0.24692260022336243,0.3944556848576585,0.0,0.3882751312585472,0.5432333425260203,0.2592058013120433,0.3294398860626363,0.3919823792984395,0.16618629508917837,0.39739753327120286,0.25154228111873644,0.4538847469467582,0.4028433446412456,0.2637722347052974,0.2642191099388209,0.2756020702363835,0.45421294647558885,0.4661584590438067,0.2545686408728086,0.29745810507006554
0.29215651553403943,0.35059727022187837,0.21996090671028545,0.25053387664437676,0.3002127888021737,0.33956754398089584,1.0,0.24874946358833572,0.29282222965134574,0.25097297187474854,0.351124600764524,0.23665606397125105,0.332933379064289,0.24812111177078877,0.2388633204585312,0.7804824648663858,0.21553311759145588,0.3765927632284468,0.2896778343444988,0.8661025970591667,0.3782526250211439,0.33693253664470024,0.38340393143307705,0.27390642237894747,0.24209881262121102,0.19437569518474263,0.34708193686282074,0.24382055846489736,0.28342030553101016,0.2894836201801363,0.23837554437388053,0.3217199150708422,0.0,0.337537496591113,0.3472973053564591,0.25992223956216365,0.7900920895942543,0.31177845883431343,0.1156078805916605,0.34211884197974407,0.24107543996374248,0.34138892912755914,0.35187208809614556,0.24910420721848558,0.24927776616622987,0.2609623593726418,0.31397716839072254,0.3331337416263802,0.24535147176340266,0.2891966130060045
0.27937313245039264,0.2759735896718525,0.21113444253757763,0.49589439793621204,0.24983944539930703,0.270150042004636,0.24874946358833572,1.0,0.2691806388791258,0.4913180082639621,0.26240024909795223,0.4713788482811031,0.26014661734055666,0.48834326570649955,0.4653940156825265,0.25203581416530385,0.19111473217624475,0.2619222967149558,0.2048427032044361,0.2493626181079125,0.25307584507058556,0.23661519588969526,0.2631162007636426,0.23653730683038077,0.20629086517978668,0.16837564746496836,0.2604486944319171,0.6828198629820975,0.3091186070582741,0.2666642227222651,0.4712790934382789,0.2581983212444322,0.0,0.25204070093227393,0.2598232015851878,0.4054983269131959,0.2385391834918349,0.2689084008320862,0.21499858097598068,0.2655034413901892,0.47977231181933777,0.260799497700997,0.2665045998690171,0.6888014365609438,0.6672661753120339,0.2921651216765907,0.25173284069064106,0.2597498781647488,0.4373938278317445,0.306658503750993
0.3840209604566648,0.30170467849119764,0.24540349087932922,0.27517615909614135,0.279210381643198,0.28847404954245637,0.29282222965134574,0.2691806388791258,1.0,0.2871859181191967,0.3066090750605669,0.25469268724899596,0.2992258891965811,0.27264265402400745,0.2693649843226483,0.2982228750565793,0.18793713021689695,0.29883111593667533,0.22503161139128536,0.2942020513412452,0.29240001312413644,0.2730128180789839,0.30185846944701866,0.24686210826223987,0.20637623619803014,0.16460469919382903,0.3024957153248574,0.2616230910684444,0.3291402471676995,0.40374350330522824,0.26360105916335586,0.28160046793574833,0.0,0.28393738889580167,0.2870571743613991,0.2739562720483374,0.2844943737262223,0.2791775149739285,0.12365256283656356,0.299797918635777,0.2679146180126588,0.29647294714892225,0.30916979120444055,0.26610636795716236,0.26320032178340713,0.3041897883260444,0.2767375432630439,0.293231900262678,0.2640556940930707,0.33710769811169905
0.284528437042192,0.2836679825966594,0.215222957091586,0.5235842844562872,0.26360723760029725,0.2601484495581713,0.25097297187474854,0.4913180082639621,0.2871859181191967,1.0,0.2749049684459557,0.46320177166828114,0.273858241514472,0.5087431319283848,0.49630595703761116,0.2579877462738166,0.1692666783508332,0.26511327883851343,0.20223956524406128,0.25272536328210626,0.253999182526114,0.24113376147855348,0.2656907210944348,0.21694298582018223,0.19003301420172225,0.1501307917747322,0.2663036269091853,0.4969527006478722,0.31071011225029,0.27602558236650776,0.5138820563044919,0.2534213290382996,0.0,0.24999590662599835,0.2531270261435531,0.424921029884891,0.24521970174017593,0.2513824530759924,0.20262656738218288,0.26478355679049415,0.5240509188566358,0.26246662897683803,0.2661135032050693,0.5022932074534716,0.5038465876141288,0.2912402898731362,0.2469099189619497,0.2612671286753029,0.46276454348591456,0.3091551030710883
0.3077059285590822,0.4226648091672922,0.23275345719979001,0.26210380993450955,0.4745922725737314,0.39687276239149594,0.351124600764524,0.26240024909795223,0.3066090750605669,0.2749049684459557,1.0,0.2549885725023401,0.5076188683183793,0.26940975948406165,0.2636705499894564,0.3555721137468171,0.256396536409922,0.4761694286253617,0.37588399409446505,0.3528191485488613,0.4788375141281994,0.45476763694676015,0.4906769026906551,0.3382965452279302,0.275424795275213,0.22803841657860502,0.504267356802615,0.26387197765707526,0.3005754564266676,0.3069088670110711,0.25498737553731643,0.4425207534379535,0.0,0.4709739808717992,0.4075034233351925,0.2723239830785269,0.33649593545026035,0.4585094949299391,0.11945113303790567,0.5101979331495601,0.25938302212739783,0.4349937599232745,0.5119207470254787,0.26544995005111094,0.2639024819631476,0.28139421944535126,0.4012548487479729,0.4269023155093066,0.26712757073530424,0.3124795391690881
0.2875992236006627,0.273891357969969,0.20356202200849804,0.4886386212017908,0.23981170802992846,0.2606183649973899,0.23665606397125105,0.4713788482811031,0.25469268724899596,0.46320177166828114,0.2549885725023401,1.0,0.24588434802864778,0.47270257396853255,0.5780902277500825,0.23759333378846348,0.2295270572345931,0.24547768641927592,0.19686141159410342,0.23718717536603517,0.24652887394627465,0.22821530367411058,0.2525792389432254,0.24989304131478274,0.24092081739761761,0.20803052854402038,0.24771932148928966,0.4776417614048224,0.3096268935930838,0.25852281622912054,0.4320819842895036,0.25925187996504506,0.0,0.24925498711120453,0.26685216345265894,0.3888689756739989,0.22569662141200653,0.26785447959719166,0.2593299863706685,0.26662528142414266,0.44839119280498774,0.25014705456325304,0.25565213041594825,0.48159016111495623,0.48186190781603433,0.28798978127990116,0.2714733930270541,0.2649130015912866,0.41832813662457535,0.29989226809766656
0.2921483103602446,0.3985461675742007,0.21899765791359238,0.25941525840099344,0.41953616650468284,0.38302065771526606,0.332933379064289,0.26014661734055666,0.2992258891965811,0.273858241514472,0.5076188683183793,0.24588434802864778,1.0,0.25534159338422446,0.2604086906194214,0.3455924367427826,0.24442291533000726,0.47540838276340514,0.5052273051669285,0.33469508661410974,0.4962678318976027,0.5662871853303917,0.5385193639750938,0.31921600642685743,0.26597083878582584,0.21472456712998045,0.5292314858804112,0.25318905747452203,0.2865243784375824,0.3004373237171668,0.25301025745285943,0.5040937043726683,0.0,0.5190327927068319,0.3883331779612248,0.25611879250776726,0.3330966026964228,0.4764591485925831,0.11370173273930306,0.5268944674851314,0.2592442574469995,0.4082089480234591,0.5192901665611733,0.254610017577523,0.25316250315378785,0.26268128289085013,0.38008010795035396,0.4039041095493733,0.2522727978641518,0.29018657130389547
0.2682501348016335,0.26761685299495497,0.2091006375061616,0.5460212316727028,0.24173383917729951,0.2542130771212081,0.24812111177078877,0.48834326570649955,0.27264265402400745,0.5087431319283848,0.26940975948406165,0.47270257396853255,0.25534159338422446,1.0,0.5373896323999385,0.24883998026751308,0.1659111356958799,0.2614194049830276,0.201093993348196,0.2488184776961151,0.25034321962054906,0.2377544839398743,0.26498059456452294,0.20412215039848602,0.18114911177962878,0.14404153142046083,0.26056655542426244,0.5170575921343459,0.31275470481821666,0.2668643717226892,0.4871040382506272,0.24828186693510412,0.0,0.24316424123555447,0.24557284220524633,0.41797861326755603,0.2374207186002122,0.24373294483772334,0.19645248647858593,0.2554987715748681,0.49915033354243243,0.25418747032042976,0.2608031456639808,0.5210541063126182,0.5144053223010052,0.2985102259668243,0.24428337031723257,0.2589864957106873,0.450623651156534,0.3140403175964289
0.25628813349498847,0.25995002863116146,0.20326542613246568,0.5544778558322742,0.2552130185944038,0.24821473678920092,0.2388633204585312,0.4653940156825265,0.2693649843226483,0.49630595703761116,0.2636705499894564,0.5780902277500825,0.2604086906194214,0.5373896323999385,1.0,0.24634470274793052,0.17076337434437439,0.2516956931390194,0.1932190090827165,0.24039735982855726,0.24556944306105166,0.23043419268432774,0.2585652453003038,0.20838505699152565,0.1816698259955537,0.14552451274186473,0.253208415425915,0.4854286633564727,0.29359517865141127,0.2607947171595606,0.48984042014964735,0.25054011701348666,0.0,0.23977002167515182,0.24206100537949338,0.406625225245131,0.23421401807507614,0.2371667852724605,0.19559812858024073,0.25112125408104113,0.5020561192377953,0.25287846308387707,0.2551371550472433,0.4881519883082245,0.48241919320634097,0.2831669388925282,0.24291651153820826,0.2572503655596654,0.43905263352113977,0.30556157521877836
0.2942386637483613,0.3519441085251639,0.22122421010609705,0.25470426192312123,0.3175107352353478,0.34620870369802015,0.7804824648663858,0.25203581416530385,0.2982228750565793,0.2579877462738166,0.3555721137468171,0.23759333378846348,0.3455924367427826,0.24883998026751308,0.24634470274793052,1.0,0.21895259091457775,0.3688711102305854,0.2877317546062047,0.7851825257193376,0.36646286898836844,0.3391320595317069,0.37664712496211405,0.28025672018449377,0.24579361790330023,0.20574905241153674,0.3460522670011619,0.2447796656400928,0.28460412635939913,0.301536218210543,0.24248422518936807,0.32698203475072474,0.0,0.335188812462783,0.3462505471297075,0.26020663076227335,0.7556607027424719,0.3151697803596307,0.1126536227392807,0.3402782651635754,0.24876682846740983,0.3435168461777599,0.35195575034448834,0.24687274760452593,0.24931636245823852,0.26150079377223057,0.31670494246926817,0.33590891200199835,0.24869674442451872,0.2879883792321284
0.24843691286195368,0.29797569821025327,0.14145107458695672,0.19277492456597745,0.2988358247696328,0.3437494652708084,0.21553311759145588,0.19111473217624475,0.18793713021689695,0.1692666783508332,0.256396536409922,0.2295270572345931,0.24442291533000726,0.1659111356958799,0.17076337434437439,0.21895259091457775,1.0,0.24367079327224073,0.18921482809216783,0.21342686554046653,0.2424900586473142,0.22646645061384607,0.2528073483244603,0.5909109905594208,0.6157442652180485,0.5429046251695344,0.24274719620018348,0.1957421757902097,0.21521414848621623,0.19878217911364104,0.16368888470956988,0.38905623909954057,0.0,0.28029345706535713,0.39353088629355915,0.16785222462874372,0.21296444795573177,0.33897540264749637,0.39050736409753595,0.30564186337402954,0.16265968352677762,0.28206504511499786,0.2521140649690925,0.19722763051811687,0.20507722286008645,0.2034661686271505,0.4416431289503817,0.35067365153888974,0.1601886487206141,0.21187323325885565
0.3015205286963968,0.4099612656123397,0.22367427570461706,0.2584370535797692,0.38609479417155057,0.3966930557989019,0.3765927632284468,0.2619222967149558,0.29883111593667533,0.26511327883851343,0.4761694286253617,0.24547768641927592,0.47540838276340514,0.2614194049830276,0.2516956931390194,0.3688711102305854,0.24367079327224073,1.0,0.4060976217275455,0.376691777999832,0.505311295581895,0.46892038841320627,0.5239695270240377,0.31760882684276937,0.27123123177610753,0.21641699214336363,0.4918473343272982,0.2580500315121914,0.2917942285918722,0.29984798079305586,0.2501822459849793,0.43684040437667226,0.0,0.4596834832236161,0.40053486866326027,0.2754873726160356,0.36090652462208606,0.42745849072310904,0.11997651944157839,0.47760937050581764,0.252098371928842,0.4139091392983394,0.4901559407914965,0.26081050344618406,0.2619738164640365,0.2687014136014775,0.3872948592781994,0.412045766429079,0.2550993726092684,0.2968118283114577
0.23460407370691883,0.31130276997435713,0.172897751968337,0.19518578405089615,0.2992731524082446,0.3059615294625535,0.2896778343444988,0.2048427032044361,0.22503161139128536,0.20223956524406128,0.37588399409446505,0.19686141159410342,0.5052273051669285,0.201093993348196,0.1932190090827165,0.2877317546062047,0.18921482809216783,0.4060976217275455,1.0,0.2881166530809147,0.3983680877180815,0.5127272817811026,0.4005140482588192,0.2434536365127914,0.20952028515155474,0.16977738475088866,0.4069389683444712,0.20081826590020824,0.22404169135319207,0.22846684479305235,0.18930981404660618,0.43292831856159264,0.0,0.39002834670705755,0.30741815143182416,0.21198013351773304,0.2836299673490841,0.3664124280857146,0.09153854827046215,0.4008251293091474,0.1924557692593979,0.3141885428000979,0.38551576639567997,0.20401025469177514,0.20451249814164174,0.20911146512980372,0.2956053931257461,0.31316441753513935,0.19739496227243158,0.22734720486105797
0.29186188891471687,0.3510573928540387,0.22092277992194165,0.25021426808412883,0.30179805561445183,0.3367348768912608,0.8661025970591667,0.2493626181079125,0.2942020513412452,0.25272536328210626,0.3528191485488613,0.23718717536603517,0.33469508661410974,0.2488184776961151,0.24039735982855726,0.7851825257193376,0.21342686554046653,0.376691777999832,0.2881166530809147,1.0,0.37782801591574966,0.3363900966063311,0.38212927391053486,0.271314294256237,0.24068443814943563,0.19332609621654528,0.3489387952983135,0.24539719505612922,0.2845642974969296,0.28989355838735775,0.2400396376460907,0.32235274052513596,0.0,0.33733568589977214,0.344807955663349,0.26110675137647976,0.7987949294999045,0.31352007156653783,0.11438768416314737,0.34394035746359286,0.2425140063410841,0.341138978760374,0.3536246698186847,0.25007682362800177,0.25001536489079745,0.26259211418221007,0.3148023526163226,0.33388603462504596,0.24679747589766166,0.29052120954299876
0.29324441259275813,0.4002957786451058,0.21948767578396589,0.25109618439401493,0.40088398008975634,0.38075418183427123,0.3782526250211439,0.25307584507058556,0.29240001312413644,0.253999182526114,0.4788375141281994,0.24652887394627465,0.4962678318976027,0.25034321962054906,0.24556944306105166,0.36646286898836844,0.2424900586473142,0.505311295581895,0.3983680877180815,0.37782801591574966,1.0,0.4802552511101035,0.5385185552707666,0.30915435012817005,0.2679542870002314,0.22019556686300779,0.5014102968028007,0.24947804184281952,0.2819792783271702,0.2964645797205525,0.23913286552859225,0.45575900492016197,0.0,0.4831151395105664,0.39440888391346984,0.267803308972846,0.3598270366237355,0.44469635676512687,0.11670933262166217,0.4956258889922508,0.24689396287363974,0.3965085149268658,0.5031501769302145,0.25461893401983426,0.2546445270641957,0.26789618342906985,0.382135068789656,0.40675099957631033,0.24869837610526568,0.2925367191925593
0.2734244375049065,0.37116841980601356,0.20226759859805155,0.2327282743871284,0.3591860871556195,0.3866104246097948,0.33693253664470024,0.23661519588969526,0.2730128180789839,0.24113376147855348,0.45476763694676015,0.22821530367411058,0.5662871853303917,0.2377544839398743,0.23043419268432774,0.3391320595317069,0.22646645061384607,0.46892038841320627,0.5127272817811026,0.3363900966063311,0.4802552511101035,1.0,0.6518829236793038,0.2859244389393596,0.24682663859188247,0.2006095008581682,0.4931653460416562,0.23389298676359116,0.26359703746557184,0.27359609572933585,0.22752027419230558,0.4673061601021189,0.0,0.5848073887523919,0.36318691543605075,0.24315779005718985,0.3285833903937162,0.44133430558282416,0.10652666064923588,0.48498836646791676,0.22957536274849066,0.3719241358380726,0.4833538450874726,0.2382607354515841,0.23597027317916963,0.24564793250829986,0.34716527253417684,0.36851302637226213,0.23564365791679576,0.27083554659261977
0.306017457848079,0.41624797206062436,0.22405560846973738,0.26625148439859503,0.40221633992814276,0.3983829419520697,0.38340393143307705,0.2631162007636426,0.30185846944701866,0.2656907210944348,0.4906769026906551,0.2525792389432254,0.5385193639750938,0.26498059456452294,0.2585652453003038,0.37664712496211405,0.2528073483244603,0.5239695270240377,0.4005140482588192,0.38212927391053486,0.5385185552707666,0.6518829236793038,1.0,0.32016846348192884,0.27743704370472433,0.2211433822891543,0.5255716734968499,0.26114728450691627,0.2957770887700337,0.29832704671577503,0.2562298350400861,0.4670256681468471,0.0,0.6187685931525755,0.40322786843251623,0.2730555754008529,0.36883434068698917,0.46065010287976194,0.12067071905995441,0.5123923878780678,0.2582867363974103,0.4115892066119228,0.5209455756912109,0.26381299535636094,0.2639661192260593,0.2714937967125143,0.38240021814703196,0.40688985219107265,0.25957660292273554,0.30106258580058387
0.2838224993687799,0.4347646571736612,0.17726861574478103,0.2293551017639336,0.3711555541898075,0.46438836272789896,0.27390642237894747,0.23653730683038077,0.24686210826223987,0.21694298582018223,0.3382965452279302,0.24989304131478274,0.31921600642685743,0.20412215039848602,0.20838505699152565,0.28025672018449377,0.5909109905594208,0.31760882684276937,0.2434536365127914,0.271314294256237,0.30915435012817005,0.2859244389393596,0.32016846348192884,1.0,0.5965406568496098,0.47181273457279926,0.31575190478075366,0.2266193438909655,0.2689651056611785,0.24799347526061566,0.20518569343850512,0.41270063155409775,0.0,0.33666859847974584,0.5107588115781627,0.21018091690504048,0.2671481701510292,0.3725941221244743,0.30120376562595297,0.35627985982551913,0.20830140317355295,0.3709255131784891,0.3202654645078885,0.22730133387290286,0.2350685540637657,0.2407743227415331,0.4656206961417736,0.4105134891164046,0.20348225313583457,0.25506292088671156
0.2670355396467061,0.37833094350109997,0.15798251063154467,0.2113737669189789,0.3073418149580528,0.41296036766661404,0.24209881262121102,0.20629086517978668,0.20637623619803014,0.19003301420172225,0.275424795275213,0.24092081739761761,0.26597083878582584,0.18114911177962878,0.1816698259955537,0.24579361790330023,0.6157442652180485,0.27123123177610753,0.20952028515155474,0.24068443814943563,0.2679542870002314,0.24682663859188247,0.27743704370472433,0.5965406568496098,1.0,0.5364047841544625,0.2675071992266348,0.20832328075678153,0.22221030223015825,0.21627708889032204,0.17949577721305188,0.3946208744618316,0.0,0.2937016606159387,0.4698221628090766,0.17960147868414844,0.23991884395201335,0.36668447464458653,0.3721538198179648,0.32495464016441655,0.18312667888619683,0.3139240741185474,0.27776833269179557,0.2174525397270215,0.21884524659861126,0.21677797005974642,0.458172010900322,0.3744231964757204,0.18316006972093224,0.22255566300456187
0.21846247879421854,0.2645695017960248,0.12276174342117019,0.16665810170579765,0.2569243768731846,0.3011606804424811,0.19437569518474263,0.16837564746496836,0.16460469919382903,0.1501307917747322,0.22803841657860502,0.20803052854402038,0.21472456712998045,0.14404153142046083,0.14552451274186473,0.20574905241153674,0.5429046251695344,0.21641699214336363,0.16977738475088866,0.19332609621654528,0.22019556686300779,0.2006095008581682,0.2211433822891543,0.47181273457279926,0.5364047841544625,1.0,0.2150990931759802,0.17050049731846517,0.18052444467334716,0.17943112315801102,0.14014681231288273,0.3195748473752865,0.0,0.24671565806477314,0.36335999428955534,0.14446802001306902,0.19160926018334,0.327924819809703,0.3645977011223904,0.2860773807266984,0.14256346002634368,0.2531048822495221,0.22012824584000745,0.1796846849793844,0.18673807398067488,0.18355298665849673,0.4103598885182016,0.32018020062001795,0.14745204610046447,0.1835593632474669
0.30193611399296194,0.4079224569105838,0.22410350399864143,0.2559836037307496,0.4030727250537429,0.385731264478797,0.34708193686282074,0.2604486944319171,0.3024957153248574,0.2663036269091853,0.504267356802615,0.24771932148928966,0.5292314858804112,0.26056655542426244,0.253208415425915,0.3460522670011619,0.24274719620018348,0.4918473343272982,0.4069389683444712,0.3489387952983135,0.5014102968028007,0.4931653460416562,0.5255716734968499,0.31575190478075366,0.2675071992266348,0.2150990931759802,1.0,0.25366569676700534,0.29069315258142414,0.2995777689122341,0.2506459856166672,0.4732044895440489,0.0,0.5034289042440773,0.39233489188101756,0.26215071124539613,0.3350330792869758,0.5526132839630644,0.11336197496849565,0.5385598360016153,0.2546175038532684,0.40644902911674263,0.6213679017208007,0.2607629307787407,0.25577958691486025,0.2718778895829983,0.380864588925205,0.4050910585668642,0.2574669043846298,0.29611908532527276
0.28143178343643194,0.2744723263505684,0.20941882965631242,0.5264184737491671,0.238802769947145,0.25848749384133374,0.24382055846489736,0.6828198629820975,0.2616230910684444,0.4969527006478722,0.26387197765707526,0.4776417614048224,0.25318905747452203,0.5170575921343459,0.4854286633564727,0.2447796656400928,0.1957421757902097,0.2580500315121914,0.20081826590020824,0.24539719505612922,0.24947804184281952,0.23389298676359116,0.26114728450691627,0.2266193438909655,0.20832328075678153,0.17050049731846517,0.25366569676700534,1.0,0.30695191256533805,0.2633765161613082,0.47988629975108743,0.2592564553858032,0.0,0.24678168838271664,0.2545952859359947,0.4068146116637573,0.23368456578793761,0.2647720502162185,0.2268486754306661,0.26185528441302897,0.4892254836920048,0.2551499285853368,0.2593049462761039,0.7944702828307377,0.7613048717775345,0.29024899712331687,0.26015812895367474,0.2647968953942069,0.4507318619834708,0.30471432352813255
0.3293994960923756,0.30401816871729004,0.24239198237582749,0.30364350657360994,0.29513256531602916,0.3032580606453059,0.28342030553101016,0.3091186070582741,0.3291402471676995,0.31071011225029,0.3005754564266676,0.3096268935930838,0.2865243784375824,0.31275470481821666,0.29359517865141127,0.28460412635939913,0.21521414848621623,0.2917942285918722,0.22404169135319207,0.2845642974969296,0.2819792783271702,0.26359703746557184,0.2957770887700337,0.2689651056611785,0.22221030223015825,0.18052444467334716,0.29069315258142414,0.30695191256533805,1.0,0.3189879461946169,0.29444284321991865,0.28650284759939193,0.0,0.2843914106787363,0.2915862272218006,0.3045207769808769,0.27312588059185583,0.28418365908422805,0.14574759230599899,0.29287892550067796,0.2926431191234068,0.2878193655787522,0.2955131604442651,0.3063929576068971,0.30783211429372304,0.38689548099809545,0.2778950867810658,0.2902835862593349,0.30004305015228594,0.6119348021526896
0.3797960787399294,0.3039801528144994,0.2451555212728368,0.26863541867596075,0.2776454316706485,0.2896171917138135,0.2894836201801363,0.2666642227222651,0.40374350330522824,0.27602558236650776,0.3069088670110711,0.25852281622912054,0.3004373237171668,0.2668643717226892,0.2607947171595606,0.301536218210543,0.19878217911364104,0.29984798079305586,0.22846684479305235,0.28989355838735775,0.2964645797205525,0.27359609572933585,0.29832704671577503,0.24799347526061566,0.21627708889032204,0.17943112315801102,0.2995777689122341,0.2633765161613082,0.3189879461946169,1.0,0.2594926479241687,0.282050258606221,0.0,0.28219606531514485,0.29279949241492453,0.26653314849547016,0.2830254807010054,0.28648322033077767,0.13070778566800345,0.31007286694174874,0.266081460765095,0.2959121188900813,0.3099953463029441,0.2678975608488052,0.2638190836431077,0.3148883698749094,0.2913766904418069,0.3046300493967825,0.2594716247129347,0.3347707515052266
0.25412487159887254,0.25774603522093953,0.20066125686616088,0.5061516594533202,0.24530718267805451,0.24692260022336243,0.23837554437388053,0.4712790934382789,0.26360105916335586,0.5138820563044919,0.25498737553731643,0.4320819842895036,0.25301025745285943,0.4871040382506272,0.48984042014964735,0.24248422518936807,0.16368888470956988,0.2501822459849793,0.18930981404660618,0.2400396376460907,0.23913286552859225,0.22752027419230558,0.2562298350400861,0.20518569343850512,0.17949577721305188,0.14014681231288273,0.2506459856166672,0.47988629975108743,0.29444284321991865,0.2594926479241687,1.0,0.24341497794510758,0.0,0.240263704694345,0.2369572220030841,0.40360016221368755,0.23346977411285763,0.2356610257194791,0.19047409178700758,0.24844769524065757,0.6516787009305788,0.24714266743811053,0.24908245229176362,0.48133123571103653,0.47521908424892345,0.2779063524415444,0.2340956069715059,0.24773936653012274,0.43042103465218384,0.2943411779722247
0.30146735299889527,0.3824620642176957,0.20913138064567915,0.26242099315692036,0.4146725092393422,0.3944556848576585,0.3217199150708422,0.2581983212444322,0.28160046793574833,0.2534213290382996,0.4425207534379535,0.25925187996504506,0.5040937043726683,0.24828186693510412,0.25054011701348666,0.32698203475072474,0.38905623909954057,0.43684040437667226,0.43292831856159264,0.32235274052513596,0.45575900492016197,0.4673061601021189,0.4670256681468471,0.41270063155409775,0.3946208744618316,0.3195748473752865,0.4732044895440489,0.2592564553858032,0.28650284759939193,0.282050258606221,0.24341497794510758,1.0,0.0,0.4611829047477173,0.39810688858815735,0.2432840511307448,0.31886257509899696,0.48172582078220993,0.20799795274104205,0.4948488138178122,0.243137972460588,0.3872881306944972,0.4823773752221777,0.259191139216156,0.2647867903729967,0.2624725426161363,0.42627088781122646,0.41543865756416465,0.24015220014141248,0.2807638705114456
0.0,0.0,0.0,0.0,0.0,0.0,0.0,0.0,0.0,0.0,0.0,0.0,0.0,0.0,0.0,0.0,0.0,0.0,0.0,0.0,0.0,0.0,0.0,0.0,0.0,0.0,0.0,0.0,0.0,0.0,0.0,0.0,1.0,0.0,0.0,0.0,0.0,0.0,0.0,0.0,0.0,0.0,0.0,0.0,0.0,0.0,0.0,0.0,0.0,0.0
0.2946730969039707,0.3869497439376488,0.21560098759798163,0.24779725285923015,0.3990843142190402,0.3882751312585472,0.337537496591113,0.25204070093227393,0.28393738889580167,0.24999590662599835,0.4709739808717992,0.24925498711120453,0.5190327927068319,0.24316424123555447,0.23977002167515182,0.335188812462783,0.28029345706535713,0.4596834832236161,0.39002834670705755,0.33733568589977214,0.4831151395105664,0.5848073887523919,0.6187685931525755,0.33666859847974584,0.2937016606159387,0.24671565806477314,0.5034289042440773,0.24678168838271664,0.2843914106787363,0.28219606531514485,0.240263704694345,0.4611829047477173,0.0,1.0,0.39533653942952585,0.2655056807949534,0.322460589142629,0.4652734828319671,0.1535756334733135,0.5030631501371099,0.24148004142417623,0.38823790626295807,0.4962762445268445,0.24890434128448047,0.25222767160369064,0.25887052938655264,0.3831482659198975,0.3940904223053543,0.24453004755636853,0.28904943479805845
0.30939508474149013,0.5499625126740378,0.2093227807809498,0.25510788764806214,0.36936861614417316,0.5432333425260203,0.3472973053564591,0.2598232015851878,0.2870571743613991,0.2531270261435531,0.4075034233351925,0.26685216345265894,0.3883331779612248,0.24557284220524633,0.24206100537949338,0.3462505471297075,0.39353088629355915,0.40053486866326027,0.30741815143182416,0.344807955663349,0.39440888391346984,0.36318691543605075,0.40322786843251623,0.5107588115781627,0.4698221628090766,0.36335999428955534,0.39233489188101756,0.2545952859359947,0.2915862272218006,0.29279949241492453,0.2369572220030841,0.39810688858815735,0.0,0.39533653942952585,1.0,0.25139263128757383,0.3319886151981891,0.39616474214873687,0.1991542803929207,0.4192493410671253,0.24231616264585099,0.45594049006917103,0.40656155599390953,0.2570523767511521,0.26156163579031744,0.2715053825436784,0.4770392866045239,0.47141608676422764,0.24348679394236672,0.2892498667402893
0.2677313357657092,0.26290400692970506,0.2116797289022062,0.41964808302511425,0.23366293142365735,0.2592058013120433,0.25992223956216365,0.4054983269131959,0.2739562720483374,0.424921029884891,0.2723239830785269,0.3888689756739989,0.25611879250776726,0.41797861326755603,0.406625225245131,0.26020663076227335,0.16785222462874372,0.2754873726160356,0.21198013351773304,0.26110675137647976,0.267803308972846,0.24315779005718985,0.2730555754008529,0.21018091690504048,0.17960147868414844,0.14446802001306902,0.26215071124539613,0.4068146116637573,0.3045207769808769,0.26653314849547016,0.40360016221368755,0.2432840511307448,0.0,0.2655056807949534,0.25139263128757383,1.0,0.24708183504834347,0.23968376708661687,0.20416258585627467,0.26371924626635124,0.40831705561135123,0.25572879891199596,0.2606206191613678,0.4143415300810023,0.41453412878365736,0.2861541523984944,0.2383495782557623,0.25269239216359185,0.4110999850797541,0.3104465341206446
0.27987071416466314,0.33566163110158254,0.21135487510175166,0.2445598170490354,0.3021506025216917,0.3294398860626363,0.7900920895942543,0.2385391834918349,0.2844943737262223,0.24521970174017593,0.33649593545026035,0.22569662141200653,0.3330966026964228,0.2374207186002122,0.23421401807507614,0.7556607027424719,0.21296444795573177,0.36090652462208606,0.2836299673490841,0.7987949294999045,0.3598270366237355,0.3285833903937162,0.36883434068698917,0.2671481701510292,0.23991884395201335,0.19160926018334,0.3350330792869758,0.23368456578793761,0.27312588059185583,0.2830254807010054,0.23346977411285763,0.31886257509899696,0.0,0.322460589142629,0.3319886151981891,0.24708183504834347,1.0,0.30187329034523547,0.1092052734928377,0.3253278702778102,0.23569655798124356,0.3314487932057357,0.34077992359257525,0.23676167125766323,0.236672069564399,0.2482268572672831,0.30532360861941854,0.32264880270522545,0.23348746560293077,0.27633826637183534
0.312055794689035,0.3966957612457397,0.21339102854447478,0.24771088530902852,0.426070682637673,0.3919823792984395,0.31177845883431343,0.2689084008320862,0.2791775149739285,0.2513824530759924,0.4585094949299391,0.26785447959719166,0.4764591485925831,0.24373294483772334,0.2371667852724605,0.3151697803596307,0.33897540264749637,0.42745849072310904,0.3664124280857146,0.31352007156653783,0.44469635676512687,0.44133430558282416,0.46065010287976194,0.3725941221244743,0.36668447464458653,0.327924819809703,0.5526132839630644,0.2647720502162185,0.28418365908422805,0.28648322033077767,0.2356610257194791,0.48172582078220993,0.0,0.4652734828319671,0.39616474214873687,0.23968376708661687,0.30187329034523547,1.0,0.22204920026339425,0.5175311826958024,0.24340429094164584,0.3862579646243246,0.5818812902446462,0.26971113314519,0.2608588936752003,0.27194185881284105,0.43285084804100926,0.41730565985356793,0.2524450357480513,0.28633648982054194
0.208880344071522,0.11782565449697013,0.09275652864887984,0.22601451827716634,0.14929698671731018,0.16618629508917837,0.1156078805916605,0.21499858097598068,0.12365256283656356,0.20262656738218288,0.11945113303790567,0.2593299863706685,0.11370173273930306,0.19645248647858593,0.19559812858024073,0.1126536227392807,0.39050736409753595,0.11997651944157839,0.09153854827046215,0.11438768416314737,0.11670933262166217,0.10652666064923588,0.12067071905995441,0.30120376562595297,0.3721538198179648,0.3645977011223904,0.11336197496849565,0.2268486754306661,0.14574759230599899,0.13070778566800345,0.19047409178700758,0.20799795274104205,0.0,0.1535756334733135,0.1991542803929207,0.20416258585627467,0.1092052734928377,0.22204920026339425,1.0,0.1802300252353468,0.1920170154627483,0.11704049810778205,0.11680809299851169,0.22622063619658983,0.233126483177992,0.15733633629808297,0.26057194140813766,0.17575188111011675,0.18995795228218793,0.1639754097724272
