../ecoli_genomes/GCF_000163235.1_ASM16323v1_genomic.fna.gz,../ecoli_genomes/GCF_000164555.1_ASM16455v1_genomic.fna.gz,../ecoli_genomes/GCF_000208545.1_ASM20854v2_genomic.fna.gz,../ecoli_genomes/GCF_000233875.1_ASM23387v1_genomic.fna.gz,../ecoli_genomes/GCF_000249735.1_ASM24973v2_genomic.fna.gz,../ecoli_genomes/GCF_000261145.1_Esch_coli_M919_V2_genomic.fna.gz,../ecoli_genomes/GCF_000267705.2_ASM26770v2_genomic.fna.gz,../ecoli_genomes/GCF_000350665.1_Esch_coli_KTE5_V1_genomic.fna.gz,../ecoli_genomes/GCF_000351625.1_Esch_coli_KTE66_V1_genomic.fna.gz,../ecoli_genomes/GCF_000352285.1_Esch_coli_KTE46_V1_genomic.fna.gz,../ecoli_genomes/GCF_000358895.1_ASM35889v1_genomic.fna.gz,../ecoli_genomes/GCF_000456385.1_Esch_coli_HVH_26_4-5703913_V1_genomic.fna.gz,../ecoli_genomes/GCF_000458195.1_Esch_coli_HVH_147_4-5893887_V1_genomic.fna.gz,../ecoli_genomes/GCF_000459755.1_Esch_coli_KOEGE_58_171a_V1_genomic.fna.gz,../ecoli_genomes/GCF_000460055.1_Esch_coli_UMEA_3053-1_V1_genomic.fna.gz,../ecoli_genomes/GCF_000462165.2_ASM46216v2_genomic.fna.gz,../ecoli_genomes/GCF_000601135.1_ASM60113v1_genomic.fna.gz,../ecoli_genomes/GCF_000614595.1_Ec2010EL1058_genomic.fna.gz,../ecoli_genomes/GCF_000617745.1_Ec2010C-4529_genomic.fna.gz,../ecoli_genomes/GCF_000618265.2_EcF6751_genomic.fna.gz,../ecoli_genomes/GCF_000619005.2_Ec2009C-4052_genomic.fna.gz,../ecoli_genomes/GCF_000619105.1_Ec2009C-4780_genomic.fna.gz,../ecoli_genomes/GCF_000619765.2_Ec2009C-3279_genomic.fna.gz,../ecoli_genomes/GCF_000687005.1_ASM68700v1_genomic.fna.gz,../ecoli_genomes/GCF_000687025.1_ASM68702v1_genomic.fna.gz,../ecoli_genomes/GCF_000700125.1_ASM70012v1_genomic.fna.gz,../ecoli_genomes/GCF_000753315.1_FHI35_genomic.fna.gz,../ecoli_genomes/GCF_000776375.1_ASM77637v1_genomic.fna.gz,../ecoli_genomes/GCF_000779395.1_ASM77939v1_genomic.fna.gz,../ecoli_genomes/GCF_000780315.1_ASM78031v1_genomic.fna.gz,../ecoli_genomes/GCF_000781995.1_ASM78199v1_genomic.fna.gz,../ecoli_genomes/GCF_000986765.1_ASM98676v1_genomic.fna.gz,../ecoli_genomes/GCF_001041375.1_ViralProj287958_genomic.fna.gz,../ecoli_genomes/GCF_001265335.1_302014_genomic.fna.gz,../ecoli_genomes/GCF_001265625.1_100854_genomic.fna.gz,../ecoli_genomes/GCF_001267345.1_303289_genomic.fna.gz,../ecoli_genomes/GCF_001309985.1_ASM130998v1_genomic.fna.gz,../ecoli_genomes/GCF_001521695.1_ASM152169v1_genomic.fna.gz,../ecoli_genomes/GCF_001592595.1_ASM159259v1_genomic.fna.gz,../ecoli_genomes/GCF_001614975.1_ASM161497v1_genomic.fna.gz,../ecoli_genomes/GCF_001692775.1_ASM169277v1_genomic.fna.gz,../ecoli_genomes/GCF_001748915.1_ASM174891v1_genomic.fna.gz,../ecoli_genomes/GCF_001749235.1_ASM174923v1_genomic.fna.gz,../ecoli_genomes/GCF_001881155.1_ASM188115v1_genomic.fna.gz,../ecoli_genomes/GCF_001881345.1_ASM188134v1_genomic.fna.gz,../ecoli_genomes/GCF_001892405.1_ASM189240v1_genomic.fna.gz,../ecoli_genomes/GCF_001892585.1_ASM189258v1_genomic.fna.gz,../ecoli_genomes/GCF_001893985.1_ASM189398v1_genomic.fna.gz,../ecoli_genomes/GCF_002001595.1_ASM200159v1_genomic.fna.gz,../ecoli_genomes/GCF_002002145.1_ASM200214v1_genomic.fna.gz
1.0,0.32360034791401227,0.2547531039063441,0.2801296111640269,0.3017648249570002,0.3044922999004378,0.3057829877940753,0.2830511081583782,0.38977698475050426,0.29319516960323677,0.3241433854130339,0.2900165718320682,0.30425412466631907,0.277456965744749,0.26715172447855495,0.3076960567089455,0.281775061062146,0.30872362648355345,0.2585656329084376,0.30755269301142785,0.30417225195517805,0.2909466582750774,0.31570990034902635,0.31151283200115076,0.2918889054757128,0.2855489236766108,0.31320390395069597,0.2772267945984125,0.3411322879089639,0.3900858762810786,0.2615617146726914,0.2958815966929429,0.0,0.31058174305159303,0.30675844254423434,0.27727561414463386,0.2861355073495371,0.31961322266288517,0.21300828198712607,0.3137231451690563,0.2633078957598971,0.3064118261164779,0.3180942401966167,0.27879347135257493,0.28948467801707767,0.3169846934831865,0.3052367248693829,0.3066645469532989,0.2695560835956615,0.34744429494756535
0.32360034791401227,1.0,0.2310383957747263,0.27009108175559526,0.40004668584137437,0.5337742609609154,0.34961754365482356,0.2745658999356201,0.29502862050326584,0.28485999160849673,0.42000339263705366,0.28372223901151983,0.4105240719776684,0.2671361741665561,0.2609802594027575,0.35178081032646025,0.4404677441115403,0.41259719530753525,0.3311751977395344,0.3538954901969864,0.40517159495936783,0.3885564438300694,0.4172040002890819,0.5608523123015654,0.5443850127135949,0.4613756651368457,0.4167324847339442,0.26963934750607266,0.30806400457777183,0.3038622062411115,0.2587552367947539,0.39923453647203977,0.0,0.4105039421962823,0.5618644909911368,0.2605271801443406,0.32860957693150006,0.4277020909488741,0.1705612539516702,0.4242607147099833,0.2586871160834092,0.4739449444724686,0.42270281169727264,0.28390951827176925,0.28445280851390264,0.28637414735633226,0.4843540548066496,0.4841547116472983,0.2732831495569654,0.3070430565838598
0.2547531039063441,0.2310383957747263,1.0,0.20239836106702724,0.21161172960819752,0.21086901510234346,0.2168017544729406,0.20506236169137404,0.2396900463449647,0.20755590236867627,0.22863111074072506,0.20160406750728677,0.22074512110682443,0.20177399118722672,0.19556884766601046,0.21942131562432432,0.20124833091433314,0.2215889442449529,0.17931751294931808,0.21958392386373304,0.2183276859056027,0.20679150456398554,0.2211100532204685,0.22050124474012522,0.2081131918423781,0.2052505155810318,0.22702443123838967,0.2012012841515426,0.2432325584145799,0.24818183888497092,0.19134969464517548,0.21088962767673813,0.0,0.21881008190983742,0.21376851359759164,0.20419655798099523,0.20398950679552696,0.22769248188788882,0.1322545945685456,0.22830600290452852,0.19587687863616154,0.2195105348079831,0.22903390010131153,0.20846919741057968,0.2027884813123758,0.2301524504184267,0.22434926354447726,0.2242744168781582,0.20937594220182087,0.24821244624133787
0.2801296111640269,0.27009108175559526,0.20239836106702724,1.0,0.2657791496567766,0.2577536660987033,0.25600078186333164,0.49580110712197456,0.27577187370445044,0.5206016290467546,0.26300972808602696,0.5072317846384489,0.2597264280364393,0.5501550073793346,0.5568652060229937,0.26025047017960945,0.24619286858625322,0.2569103688756368,0.2151060990677397,0.2583693128872607,0.2545105088475539,0.24172683920762794,0.26584319109691756,0.25969734770307484,0.25563473125389957,0.2489260320102683,0.2573961632381223,0.5234428077793607,0.2996877550472439,0.2693736438966292,0.49902552172185743,0.2615734676454299,0.0,0.25557227497586155,0.2547040371184973,0.4217967258239863,0.24396150657852522,0.2612566727320047,0.29699070089110635,0.25799508712948527,0.5142914858593046,0.25626821968832647,0.260293324391642,0.5220012007412937,0.515574387503088,0.2971577056932352,0.25529402279951285,0.25809439437737114,0.4558224750640235,0.304468550909349
0.3017648249570002,0.40004668584137437,0.21161172960819752,0.2657791496567766,1.0,0.4107968471100264,0.33015461643027744,0.270509248493091,0.3042796594921765,0.27505830877435644,0.5264721991132546,0.25487835097766476,0.46586194017417726,0.2619767531932461,0.2670745733073724,0.34654668237387076,0.4052787817650988,0.42196578056960066,0.3436433763131548,0.33331742036002676,0.43575645408805097,0.4080294027844129,0.4347936741320948,0.42906015160126276,0.42747375740493565,0.4452157294830217,0.448081366619247,0.2509811829298596,0.30322208718903176,0.3011013124691202,0.2564364858113125,0.4541123008030953,0.0,0.4366046261815122,0.4051342724054099,0.24736645147412906,0.3255612290624791,0.45118463708126033,0.16390246141116327,0.45694493363111255,0.26287930493211353,0.4184938610280682,0.4638163044050546,0.2554971595399067,0.25977915392640905,0.2693735142182728,0.41959463631034255,0.42044634612952114,0.25206072145628877,0.2900671697768977
0.3044922999004378,0.5337742609609154,0.21086901510234346,0.2577536660987033,0.4107968471100264,1.0,0.3649488672758432,0.26745636167697306,0.29095547199929483,0.2621953072721711,0.40384369267747877,0.25496835559832476,0.3965522626101149,0.2536042121067885,0.2491460262345906,0.3561855521232238,0.4234997969067137,0.40460924076341,0.33087331566725875,0.35188032630813815,0.3854586445013738,0.4005849815420135,0.4100903153223605,0.5361673285624367,0.5223209497605823,0.43738843396418936,0.39523745636852936,0.25211336526706585,0.3102294883525646,0.28773619851540155,0.24103648660209642,0.38858822171997454,0.0,0.41508891416315663,0.543819974313312,0.25869830846411535,0.33641005861968387,0.4102240513255666,0.18075059584744646,0.4019447256942186,0.2477772682971009,0.46480805894766697,0.407906105863323,0.25830079150651886,0.2593180807007821,0.2697555993659049,0.46585954850598654,0.4668931373122692,0.25035386032430873,0.2978107479964448
0.3057829877940753,0.34961754365482356,0.2168017544729406,0.25600078186333164,0.33015461643027744,0.3649488672758432,1.0,0.2585139803913121,0.29919909484223794,0.25816327375799875,0.3587306807637972,0.2549045260680547,0.3484864463928299,0.2535405276760432,0.24935254031137144,0.7620131239085547,0.3225508024108198,0.3856840693001641,0.3188635987658376,0.8538996098318923,0.3836321140881641,0.3658459649791691,0.39570458547098364,0.35442304185681883,0.3351538271748542,0.3307024777998524,0.36099234233261923,0.24812624116764848,0.2939143514202649,0.2964176291396552,0.23805032509436808,0.3372614347868169,0.0,0.36274404626028756,0.36048587297268553,0.2691040532505614,0.7732460384106901,0.3477235860146979,0.17787666969035076,0.3558312829591572,0.23997443198912938,0.3540499982594304,0.3617573269822628,0.25610600423252305,0.25501884257633367,0.2703201301323399,0.3457751416600956,0.34591100138093145,0.24933476398343102,0.29711529870984366
0.2830511081583782,0.2745658999356201,0.20506236169137404,0.49580110712197456,0.270509248493091,0.26745636167697306,0.2585139803913121,1.0,0.27389566803384124,0.5048671427214682,0.26763123416492707,0.4829618912309105,0.26931385363346727,0.49075073306712436,0.4685833328605702,0.26182794218507777,0.2505861147038335,0.26677771029146347,0.2256638673581879,0.26084918650541655,0.25841699258818585,0.24818322854958763,0.2659309601487395,0.2734564326450263,0.25652189114605084,0.25054910943921993,0.2686513447459953,0.6826782096591875,0.30750090023707977,0.27334259427709817,0.46699989118032714,0.26257484020161603,0.0,0.2643008337386643,0.26405775723970826,0.4092063568104808,0.24347765489841222,0.28386562649230906,0.2908564298205665,0.2693130055499944,0.47713083999436756,0.2624827364871334,0.27384910051484923,0.6900488190702745,0.667556483667681,0.29711602814590776,0.2595395328987091,0.2612328544805512,0.4448269777412702,0.3043717229525149
0.38977698475050426,0.29502862050326584,0.2396900463449647,0.27577187370445044,0.3042796594921765,0.29095547199929483,0.29919909484223794,0.27389566803384124,1.0,0.2845057728024407,0.3069921424137726,0.26574204156693115,0.3017152886919614,0.2702315751883273,0.2736882066853563,0.3092965922255597,0.2729848005077522,0.2940604124602584,0.23731185952357126,0.30339186881005675,0.29144176864122473,0.2774511060339028,0.2992440909465285,0.30317984079848714,0.2881169894519451,0.2910699940710587,0.3005485546021146,0.262367903180902,0.32749243574556286,0.41118262550880635,0.2648727870710853,0.2851612904844276,0.0,0.2952766644707443,0.29191544493042876,0.27493387132734626,0.2864969481574604,0.29668701316002577,0.1842368821547078,0.3053256626966231,0.2666493747091603,0.29667678052681756,0.30550024193957825,0.26701419685742167,0.2638743120587608,0.30682454042116936,0.2930588079019385,0.29340531126430913,0.2638453463684246,0.339932406726141
0.29319516960323677,0.28485999160849673,0.20755590236867627,0.5206016290467546,0.27505830877435644,0.2621953072721711,0.25816327375799875,0.5048671427214682,0.2845057728024407,1.0,0.27561774613656087,0.4866583094141641,0.2759887095916227,0.509584594931332,0.5025916712910254,0.2635955004118431,0.24572576281718017,0.26465903064019614,0.2183332668107898,0.2625274885070258,0.25728020420248465,0.24631465303252165,0.2630679044290811,0.26863781242037155,0.2611400303049146,0.2573225373202539,0.2711374668431338,0.506596302870087,0.3104653952941069,0.27952618312209254,0.5198702078343607,0.25938966086151893,0.0,0.2611151593336064,0.26167296790179395,0.42624519255363147,0.24750870796060986,0.27217744885277106,0.30500517757384893,0.2695696512297572,0.5231637923368551,0.2649568322681818,0.27024554038343584,0.5106391454077,0.5154601944643576,0.2950198565264731,0.26202082042274255,0.2618969908009521,0.4747491552524228,0.30513499188161164
0.3241433854130339,0.42000339263705366,0.22863111074072506,0.26300972808602696,0.5264721991132546,0.40384369267747877,0.3587306807637972,0.26763123416492707,0.3069921424137726,0.27561774613656087,1.0,0.26300580194988876,0.5006234092746424,0.2660649280466094,0.25741971816533527,0.36468403894832235,0.37824393861730987,0.48151673362522396,0.38141696890895616,0.36366201907692375,0.48274020168751497,0.4601278082487267,0.48868200401038564,0.41783550432550065,0.3972197244574578,0.4035429052624694,0.5085360591211773,0.2643458521958064,0.3029450374994359,0.3145665225852238,0.25424497368748644,0.4522590592341743,0.0,0.47598071654453655,0.42450855115341946,0.2703521821593031,0.34059255176664627,0.4987766533688264,0.17659752122766992,0.5234061068065958,0.25443244530837583,0.44275289345219493,0.5116408886462698,0.2663174484551686,0.26658070929825717,0.28327674355807597,0.4352766529247696,0.4351941368471298,0.26169701988034055,0.31073389718590205
0.2900165718320682,0.28372223901151983,0.20160406750728677,0.5072317846384489,0.25487835097766476,0.25496835559832476,0.2549045260680547,0.4829618912309105,0.26574204156693115,0.4866583094141641,0.26300580194988876,1.0,0.2595070672509695,0.5034406125849084,0.6089402229050032,0.2556676229902859,0.2517916041505256,0.2547083692045806,0.21867462315876685,0.2566375986628503,0.2588253289620961,0.24400214034521883,0.2603593201547719,0.26321735206639474,0.2510665427939962,0.24720077359990222,0.2591566202980905,0.4878610157078255,0.3081483636913155,0.2737210017194287,0.45151085142561453,0.2557168902321224,0.0,0.25814805473007363,0.2619513863978542,0.4106685605808007,0.23970892716593517,0.2695087481248951,0.30016960905497914,0.261555174681516,0.47044152866810207,0.25224490466574934,0.2645197290159922,0.4954250442703556,0.4950696355014391,0.29852785101584534,0.2616525847853951,0.26309699048487667,0.4406546595225467,0.3014291082690672
0.30425412466631907,0.4105240719776684,0.22074512110682443,0.2597264280364393,0.46586194017417726,0.3965522626101149,0.3484864463928299,0.26931385363346727,0.3017152886919614,0.2759887095916227,0.5006234092746424,0.2595070672509695,1.0,0.2595767129951111,0.26293569958658214,0.3612633368481516,0.36660142031555687,0.4801679554090159,0.4973690384822608,0.3508608409279448,0.5053039291626742,0.5596049048977163,0.5390376859999882,0.4145156025685769,0.3878713620605876,0.3915907318241858,0.5281943960106521,0.2568240555473038,0.29343569951710335,0.3070263468454032,0.25335332956405576,0.5135895028076716,0.0,0.5253266934866869,0.41121978295761497,0.25546404032596126,0.33885850502956827,0.5014564816288235,0.16791545471565672,0.5330679832648413,0.2541591479409848,0.4268600510490892,0.5265595355284518,0.25918300333409783,0.2575737421027481,0.2699960708982355,0.41889301955477476,0.41908998106996975,0.2529735500655349,0.2975593513351068
0.277456965744749,0.2671361741665561,0.20177399118722672,0.5501550073793346,0.2619767531932461,0.2536042121067885,0.2535405276760432,0.49075073306712436,0.2702315751883273,0.509584594931332,0.2660649280466094,0.5034406125849084,0.2595767129951111,1.0,0.5528316435316009,0.25519662513297914,0.2355024946572417,0.2608839019191609,0.21530271107916277,0.2572983805712902,0.2518469215423723,0.24268378218004105,0.2591793443576933,0.2522675289179249,0.24246795223623352,0.2434799759350058,0.26246441105219664,0.519950756751934,0.3053159612309083,0.2661495026664683,0.4924557148139651,0.25393894477561063,0.0,0.2546273292656399,0.25547065617408327,0.41965816280375434,0.23980094038240318,0.2675711836292105,0.2896566764804702,0.26026605963709404,0.5082049612131858,0.2558428813360991,0.26442263052422965,0.518462923369575,0.5150841458581736,0.2990255709740035,0.25765687846748886,0.2593962024882396,0.45673705796826103,0.3060231190600641
0.26715172447855495,0.2609802594027575,0.19556884766601046,0.5568652060229937,0.2670745733073724,0.2491460262345906,0.24935254031137144,0.4685833328605702,0.2736882066853563,0.5025916712910254,0.25741971816533527,0.6089402229050032,0.26293569958658214,0.5528316435316009,1.0,0.2523636845371977,0.2410491782332299,0.2529136114626057,0.2081704491203109,0.25202101284199907,0.24913712454968173,0.23749728141791715,0.25632297106320256,0.25798959276603617,0.24731705176737562,0.24750256749778088,0.25549254182321035,0.48434634062068604,0.29570362643487447,0.26681556042799537,0.4961674406085568,0.2572779320465164,0.0,0.24928290236608952,0.24971029099835806,0.41483274777071,0.23828066108781287,0.2577996917994526,0.2969847752400827,0.2542568340727135,0.5098139471360859,0.25085658100457264,0.2584568868170124,0.48666767423587265,0.4818479773424108,0.292766956656622,0.25615311558182574,0.2579820221375877,0.4469913927583371,0.3047431577805193
0.3076960567089455,0.35178081032646025,0.21942131562432432,0.26025047017960945,0.34654668237387076,0.3561855521232238,0.7620131239085547,0.26182794218507777,0.3092965922255597,0.2635955004118431,0.36468403894832235,0.2556676229902859,0.3612633368481516,0.25519662513297914,0.2523636845371977,1.0,0.3248507800742686,0.37231945224442164,0.30815371190252316,0.777063265834503,0.3676487811022401,0.35838862312298847,0.3821977280054303,0.3594103126909949,0.34721770665530216,0.3429734216883996,0.3606889597410159,0.25049932142208187,0.29589716876436567,0.31036679993769034,0.24350835944369642,0.33916944334159127,0.0,0.35696964007464405,0.36158986540985893,0.2661450104917662,0.730470005265718,0.3494586781794774,0.1711877002988369,0.3537854287757142,0.2437547029485434,0.3560977771832652,0.3624471224368454,0.25456897933755207,0.25591074432765515,0.2728880236661718,0.3484728831171737,0.34777805027127473,0.25163279724628485,0.29593477822520775
0.281775061062146,0.4404677441115403,0.20124833091433314,0.24619286858625322,0.4052787817650988,0.4234997969067137,0.3225508024108198,0.2505861147038335,0.2729848005077522,0.24572576281718017,0.37824393861730987,0.2517916041505256,0.36660142031555687,0.2355024946572417,0.2410491782332299,0.3248507800742686,1.0,0.36395652613936125,0.2997897663805835,0.3232108276718809,0.363768077582469,0.350292198276983,0.38058032829347865,0.48872872644631293,0.4703174398804436,0.5041922195337305,0.3692932278311154,0.2323436146441571,0.2833827330773657,0.26913694514016084,0.22557515631324132,0.41814554561570383,0.0,0.3872649199963829,0.4512900771882161,0.24225424814158436,0.30967209111090177,0.3690056758869774,0.15886165253457263,0.3783723716687688,0.22604216620745088,0.4194661190654172,0.37802415146167434,0.24937484055843995,0.2537047132479111,0.25894527811363677,0.4287091353304773,0.4304821708190042,0.2273243389972336,0.27334302923171305
0.30872362648355345,0.41259719530753525,0.2215889442449529,0.2569103688756368,0.42196578056960066,0.40460924076341,0.3856840693001641,0.26677771029146347,0.2940604124602584,0.26465903064019614,0.48151673362522396,0.2547083692045806,0.4801679554090159,0.2608839019191609,0.2529136114626057,0.37231945224442164,0.36395652613936125,1.0,0.432491401850695,0.3862140216953748,0.5093815643149101,0.4933773964482141,0.5207952276240915,0.40938480908494435,0.37408293781522106,0.37940360927624206,0.5024158211321175,0.25882347725036925,0.29704939396234786,0.3001515019979235,0.24587533468012546,0.44715126436409913,0.0,0.478712926245231,0.41194724646610303,0.2723681457972651,0.3651352531379257,0.4646814201449533,0.17348510095369563,0.4924510993575306,0.24634110601217496,0.4240236178461191,0.49058689049086535,0.26278032304279764,0.26339862173053297,0.2749325782921471,0.41729067350355287,0.41797374066558224,0.2514662699626894,0.30261347802972804
0.2585656329084376,0.3311751977395344,0.17931751294931808,0.2151060990677397,0.3436433763131548,0.33087331566725875,0.3188635987658376,0.2256638673581879,0.23731185952357126,0.2183332668107898,0.38141696890895616,0.21867462315876685,0.4973690384822608,0.21530271107916277,0.2081704491203109,0.30815371190252316,0.2997897663805835,0.432491401850695,1.0,0.3128246319840141,0.42471399236927976,0.5091736348351257,0.42908800469962594,0.32499772557743223,0.3067522922716863,0.30222982954245314,0.40907033580538676,0.2169885332619218,0.2480481008791834,0.24422355486360414,0.20147449857946487,0.44963557323172576,0.0,0.39893881838121037,0.33967458860881805,0.22139970176828672,0.29807995597694803,0.3876781728152582,0.14524466824496052,0.40728029703518287,0.20509980766773173,0.3364668888028163,0.40398354837851114,0.22233036185009136,0.22213770460755067,0.22730877910940772,0.33182920464705834,0.33370854816273476,0.2058983056411834,0.2450933766993556
0.30755269301142785,0.3538954901969864,0.21958392386373304,0.2583693128872607,0.33331742036002676,0.35188032630813815,0.8538996098318923,0.26084918650541655,0.30339186881005675,0.2625274885070258,0.36366201907692375,0.2566375986628503,0.3508608409279448,0.2572983805712902,0.25202101284199907,0.777063265834503,0.3232108276718809,0.3862140216953748,0.3128246319840141,1.0,0.3853564761890699,0.36029434554395934,0.3933921240268433,0.35522348967091144,0.3370517241509393,0.332000408298578,0.3659239818115365,0.251410857165957,0.2971812867285787,0.3005271770847281,0.24179017011909898,0.3392060130315664,0.0,0.3614401386175574,0.3623798976728877,0.2694670952927416,0.7790209162374562,0.3519861216494127,0.17292476013347235,0.3610553579775575,0.24299949955915978,0.356751933032614,0.3655650978622933,0.25797250197242005,0.25614131875129054,0.2750937010042378,0.34925648760647665,0.3491191756225618,0.25339268815732285,0.3012293983566857
0.30417225195517805,0.40517159495936783,0.2183276859056027,0.2545105088475539,0.43575645408805097,0.3854586445013738,0.3836321140881641,0.25841699258818585,0.29144176864122473,0.25728020420248465,0.48274020168751497,0.2588253289620961,0.5053039291626742,0.2518469215423723,0.24913712454968173,0.3676487811022401,0.363768077582469,0.5093815643149101,0.42471399236927976,0.3853564761890699,1.0,0.5027728238598643,0.5443425832083886,0.4019564763567606,0.37269197156216893,0.3791535042423959,0.5183133849558512,0.25574400168963174,0.29319789057516055,0.2988182233609159,0.23897476180203636,0.4675708141897329,0.0,0.5118990356919283,0.40830035379949103,0.2677785955315424,0.36251871804591407,0.48423284095064223,0.1696060047522,0.5171844352502768,0.24405162557300197,0.4073781716866294,0.5048702023230242,0.2601729752812959,0.25871140024057326,0.2794866853088528,0.41826821315349194,0.41847822352628905,0.24940844623304326,0.2992240123761102
0.2909466582750774,0.3885564438300694,0.20679150456398554,0.24172683920762794,0.4080294027844129,0.4005849815420135,0.3658459649791691,0.24818322854958763,0.2774511060339028,0.24631465303252165,0.4601278082487267,0.24400214034521883,0.5596049048977163,0.24268378218004105,0.23749728141791715,0.35838862312298847,0.350292198276983,0.4933773964482141,0.5091736348351257,0.36029434554395934,0.5027728238598643,1.0,0.691223311875544,0.38068468769431585,0.35992298515206744,0.3581854903166536,0.49457676826682584,0.24244895839268588,0.2769086282255172,0.2810092864664412,0.22825653980127203,0.4868947180502663,0.0,0.6139903525563164,0.39033212799208694,0.24901754204591509,0.34042759350175145,0.4664801135683717,0.16300277740742575,0.4989528513906337,0.22775366885980686,0.3942540250825246,0.49310578895204427,0.24514482855764308,0.24388005165937343,0.25818916738970443,0.39325505041172526,0.39344018992851126,0.2365358309536263,0.28177481314694786
0.31570990034902635,0.4172040002890819,0.2211100532204685,0.26584319109691756,0.4347936741320948,0.4100903153223605,0.39570458547098364,0.2659309601487395,0.2992440909465285,0.2630679044290811,0.48868200401038564,0.2603593201547719,0.5390376859999882,0.2591793443576933,0.25632297106320256,0.3821977280054303,0.38058032829347865,0.5207952276240915,0.42908800469962594,0.3933921240268433,0.5443425832083886,0.691223311875544,1.0,0.4104989511448891,0.3912788267898337,0.3820869251619372,0.5341625201004414,0.2572605333333262,0.2974562913276241,0.2971632499879516,0.24591270131267529,0.4867664310576335,0.0,0.6553410552551865,0.4168149321425483,0.2685613503776796,0.3700059675865388,0.49681904000218713,0.17336778036159706,0.5272880819464858,0.24588302011599628,0.4225993595053874,0.5208120052314891,0.2630350803011935,0.26153731887210263,0.2776632760846318,0.4194664521563003,0.420138290529145,0.253459007473644,0.3017837681503661
0.31151283200115076,0.5608523123015654,0.22050124474012522,0.25969734770307484,0.42906015160126276,0.5361673285624367,0.35442304185681883,0.2734564326450263,0.30317984079848714,0.26863781242037155,0.41783550432550065,0.26321735206639474,0.4145156025685769,0.2522675289179249,0.25798959276603617,0.3594103126909949,0.48872872644631293,0.40938480908494435,0.32499772557743223,0.35522348967091144,0.4019564763567606,0.38068468769431585,0.4104989511448891,1.0,0.550432200561093,0.5024132446054144,0.40958346029177184,0.25025147349539756,0.30567873326895867,0.3011590644568757,0.251037592341548,0.40401021999030795,0.0,0.4101725409470046,0.5661428193949893,0.2566734786418512,0.3449084123410192,0.4033634612321967,0.1681872672617568,0.4113554877590926,0.2513539778185564,0.47356920625405297,0.4099554741404141,0.25709974593431606,0.26261736872739516,0.274439477028082,0.4665450096551417,0.46588068773962765,0.2483473596606005,0.2972809786528936
0.2918889054757128,0.5443850127135949,0.2081131918423781,0.25563473125389957,0.42747375740493565,0.5223209497605823,0.3351538271748542,0.25652189114605084,0.2881169894519451,0.2611400303049146,0.3972197244574578,0.2510665427939962,0.3878713620605876,0.24246795223623352,0.24731705176737562,0.34721770665530216,0.4703174398804436,0.37408293781522106,0.3067522922716863,0.3370517241509393,0.37269197156216893,0.35992298515206744,0.3912788267898337,0.550432200561093,1.0,0.512919740988145,0.3793343540689301,0.23943331288676828,0.28569765451951423,0.28108928730562843,0.23838746462725846,0.4262995172924313,0.0,0.38545182497597974,0.5445571821329884,0.24445532059258568,0.3261163840159407,0.3888843465162355,0.16632481821497735,0.385142681575356,0.23834491377141143,0.44430151118719996,0.39041011818772986,0.25683940702509944,0.2545055773753754,0.2681249411518041,0.4505251107946381,0.44813933075683154,0.24737613502533784,0.27744099663809063
0.2855489236766108,0.4613756651368457,0.2052505155810318,0.2489260320102683,0.4452157294830217,0.43738843396418936,0.3307024777998524,0.25054910943921993,0.2910699940710587,0.2573225373202539,0.4035429052624694,0.24720077359990222,0.3915907318241858,0.2434799759350058,0.24750256749778088,0.3429734216883996,0.5041922195337305,0.37940360927624206,0.30222982954245314,0.332000408298578,0.3791535042423959,0.3581854903166536,0.3820869251619372,0.5024132446054144,0.512919740988145,1.0,0.381995968629259,0.23665554518665655,0.2902666302070931,0.28602391210565925,0.2410905226325576,0.39681359582217346,0.0,0.3802414128058238,0.46334570455081725,0.24438512325003003,0.32559534347902064,0.3797949164898622,0.16878824532892256,0.3925722463009461,0.2379396015409434,0.44830479603226525,0.38357143942187744,0.25222067612857746,0.24772056435783796,0.2583123218672654,0.4442009216213565,0.44285516982078843,0.24289200995997162,0.28040396254452704
0.31320390395069597,0.4167324847339442,0.22702443123838967,0.2573961632381223,0.448081366619247,0.39523745636852936,0.36099234233261923,0.2686513447459953,0.3005485546021146,0.2711374668431338,0.5085360591211773,0.2591566202980905,0.5281943960106521,0.26246441105219664,0.25549254182321035,0.3606889597410159,0.3692932278311154,0.5024158211321175,0.40907033580538676,0.3659239818115365,0.5183133849558512,0.49457676826682584,0.5341625201004414,0.40958346029177184,0.3793343540689301,0.381995968629259,1.0,0.25815024324188907,0.3013013171477198,0.30347954193745896,0.24850179886433643,0.48740817940709724,0.0,0.5059172274968282,0.4156325787169749,0.26481079719269573,0.34250826602671947,0.5986474588468865,0.16909233242617727,0.5471966473772398,0.25128954861728636,0.43075528813417363,0.6256061264107206,0.26664273489592993,0.26117526652301803,0.28392503772836264,0.4194590867145179,0.41999227363906066,0.25571152425295995,0.30513893372707723
0.2772267945984125,0.26963934750607266,0.2012012841515426,0.5234428077793607,0.2509811829298596,0.25211336526706585,0.24812624116764848,0.6826782096591875,0.262367903180902,0.506596302870087,0.2643458521958064,0.4878610157078255,0.2568240555473038,0.519950756751934,0.48434634062068604,0.25049932142208187,0.2323436146441571,0.25882347725036925,0.2169885332619218,0.251410857165957,0.25574400168963174,0.24244895839268588,0.2572605333333262,0.25025147349539756,0.23943331288676828,0.23665554518665655,0.25815024324188907,1.0,0.30359810336110526,0.2643541031961102,0.4689920797559408,0.2537329226406626,0.0,0.25277117529561255,0.2524993501807322,0.40875118379551456,0.2321673346220492,0.2724541705720377,0.28977830018293205,0.2585424919009873,0.48379856972245927,0.2514028149363169,0.26229446533632506,0.7794983445530674,0.7595479732683483,0.28769706757980906,0.2555305484948709,0.2572283272274869,0.4563052292323875,0.29407882759214643
0.3411322879089639,0.30806400457777183,0.2432325584145799,0.2996877550472439,0.30322208718903176,0.3102294883525646,0.2939143514202649,0.30750090023707977,0.32749243574556286,0.3104653952941069,0.3029450374994359,0.3081483636913155,0.29343569951710335,0.3053159612309083,0.29570362643487447,0.29589716876436567,0.2833827330773657,0.29704939396234786,0.2480481008791834,0.2971812867285787,0.29319789057516055,0.2769086282255172,0.2974562913276241,0.30567873326895867,0.28569765451951423,0.2902666302070931,0.3013013171477198,0.30359810336110526,1.0,0.32685063890120514,0.2848614850054837,0.292143221658028,0.0,0.2977627345165803,0.2932317472455801,0.30531263468403314,0.2770509910293607,0.3076449769707248,0.20148786929335583,0.30000418192436307,0.28784443980048946,0.29313831306346816,0.3011327457370716,0.3048340922470344,0.30597872493740497,0.3888506588082973,0.291036606800805,0.29139503153112956,0.29405197686206164,0.6114568624013055
0.3900858762810786,0.3038622062411115,0.24818183888497092,0.2693736438966292,0.3011013124691202,0.28773619851540155,0.2964176291396552,0.27334259427709817,0.41118262550880635,0.27952618312209254,0.3145665225852238,0.2737210017194287,0.3070263468454032,0.2661495026664683,0.26681556042799537,0.31036679993769034,0.26913694514016084,0.3001515019979235,0.24422355486360414,0.3005271770847281,0.2988182233609159,0.2810092864664412,0.2971632499879516,0.3011590644568757,0.28108928730562843,0.28602391210565925,0.30347954193745896,0.2643541031961102,0.32685063890120514,1.0,0.26010649119308493,0.2839920344502077,0.0,0.2896017652612336,0.2965888904935574,0.27103940282866634,0.2868872529214288,0.300403715068845,0.1778663894616902,0.31266302757885567,0.2611982507300208,0.29660048606956246,0.3078478883688974,0.2675935575394143,0.2653766236127766,0.3186911502437708,0.3011746513042516,0.3016622291562133,0.2648089318992871,0.34339049878771255
0.2615617146726914,0.2587552367947539,0.19134969464517548,0.49902552172185743,0.2564364858113125,0.24103648660209642,0.23805032509436808,0.46699989118032714,0.2648727870710853,0.5198702078343607,0.25424497368748644,0.45151085142561453,0.25335332956405576,0.4924557148139651,0.4961674406085568,0.24350835944369642,0.22557515631324132,0.24587533468012546,0.20147449857946487,0.24179017011909898,0.23897476180203636,0.22825653980127203,0.24591270131267529,0.251037592341548,0.23838746462725846,0.2410905226325576,0.24850179886433643,0.4689920797559408,0.2848614850054837,0.26010649119308493,1.0,0.24826168022356898,0.0,0.24334902284715054,0.23832744793854233,0.40414735523179823,0.2300026849472162,0.25110967391197636,0.2810955021828633,0.24872170291932683,0.6535847297906041,0.24688373876336656,0.24896068205681798,0.47389431436796303,0.4701707665257929,0.27967189309476503,0.2445925712349919,0.24460124216216683,0.4385907917379317,0.2836366981552195
0.2958815966929429,0.39923453647203977,0.21088962767673813,0.2615734676454299,0.4541123008030953,0.38858822171997454,0.3372614347868169,0.26257484020161603,0.2851612904844276,0.25938966086151893,0.4522590592341743,0.2557168902321224,0.5135895028076716,0.25393894477561063,0.2572779320465164,0.33916944334159127,0.41814554561570383,0.44715126436409913,0.44963557323172576,0.3392060130315664,0.4675708141897329,0.4868947180502663,0.4867664310576335,0.40401021999030795,0.4262995172924313,0.39681359582217346,0.48740817940709724,0.2537329226406626,0.292143221658028,0.2839920344502077,0.24826168022356898,1.0,0.0,0.4750479120491603,0.3924248175061793,0.2489336038143194,0.3283850111017864,0.48487299659271776,0.1681969284178506,0.4917168204261677,0.24319930968991654,0.4062883062489122,0.49889818089521176,0.2573143453773217,0.2620865264903959,0.26750855488304415,0.41550520789769596,0.4139705234321853,0.24067816154357446,0.2823358568282355
0.0,0.0,0.0,0.0,0.0,0.0,0.0,0.0,0.0,0.0,0.0,0.0,0.0,0.0,0.0,0.0,0.0,0.0,0.0,0.0,0.0,0.0,0.0,0.0,0.0,0.0,0.0,0.0,0.0,0.0,0.0,0.0,1.0,0.0,0.0,0.0,0.0,0.0,0.0,0.0,0.0,0.0,0.0,0.0,0.0,0.0,0.0,0.0,0.0,0.0
0.31058174305159303,0.4105039421962823,0.21881008190983742,0.25557227497586155,0.4366046261815122,0.41508891416315663,0.36274404626028756,0.2643008337386643,0.2952766644707443,0.2611151593336064,0.47598071654453655,0.25814805473007363,0.5253266934866869,0.2546273292656399,0.24928290236608952,0.35696964007464405,0.3872649199963829,0.478712926245231,0.39893881838121037,0.3614401386175574,0.5118990356919283,0.6139903525563164,0.6553410552551865,0.4101725409470046,0.38545182497597974,0.3802414128058238,0.5059172274968282,0.25277117529561255,0.2977627345165803,0.2896017652612336,0.24334902284715054,0.4750479120491603,0.0,1.0,0.41404494134636216,0.2760851273302898,0.3356353495070771,0.4892534616197187,0.18294763195125097,0.5175710359503995,0.24169443058636786,0.4173160292648568,0.5165345700726254,0.25949305234782816,0.26149331964605405,0.27424027983634647,0.4171012720894155,0.41942921426464486,0.24828668902070594,0.2974919246672335
0.30675844254423434,0.5618644909911368,0.21376851359759164,0.2547040371184973,0.4051342724054099,0.543819974313312,0.36048587297268553,0.26405775723970826,0.29191544493042876,0.26167296790179395,0.42450855115341946,0.2619513863978542,0.41121978295761497,0.25547065617408327,0.24971029099835806,0.36158986540985893,0.4512900771882161,0.41194724646610303,0.33967458860881805,0.3623798976728877,0.40830035379949103,0.39033212799208694,0.4168149321425483,0.5661428193949893,0.5445571821329884,0.46334570455081725,0.4156325787169749,0.2524993501807322,0.2932317472455801,0.2965888904935574,0.23832744793854233,0.3924248175061793,0.0,0.41404494134636216,1.0,0.25995649644615415,0.33872714994858444,0.40986943487739036,0.17309895107893836,0.427148531091021,0.2411544889632602,0.4798185920581376,0.42420286256589135,0.2570349810590201,0.25908903253203774,0.27512543815115853,0.47551227438748067,0.4751692823073691,0.2490209105871216,0.2923909274147971
0.27727561414463386,0.2605271801443406,0.20419655798099523,0.4217967258239863,0.24736645147412906,0.25869830846411535,0.2691040532505614,0.4092063568104808,0.27493387132734626,0.42624519255363147,0.2703521821593031,0.4106685605808007,0.25546404032596126,0.41965816280375434,0.41483274777071,0.2661450104917662,0.24225424814158436,0.2723681457972651,0.22139970176828672,0.2694670952927416,0.2677785955315424,0.24901754204591509,0.2685613503776796,0.2566734786418512,0.24445532059258568,0.24438512325003003,0.26481079719269573,0.40875118379551456,0.30531263468403314,0.27103940282866634,0.40414735523179823,0.2489336038143194,0.0,0.2760851273302898,0.25995649644615415,1.0,0.2516497581731293,0.25918692860117554,0.2975042226686172,0.2686412458226617,0.40827303317796326,0.26118698126659634,0.26421206939813513,0.41802432143105794,0.4163702506709176,0.28771660910147967,0.2551706852063237,0.25558225201053153,0.40453340033811747,0.304903990293512
0.2861355073495371,0.32860957693150006,0.20398950679552696,0.24396150657852522,0.3255612290624791,0.33641005861968387,0.7732460384106901,0.24347765489841222,0.2864969481574604,0.24750870796060986,0.34059255176664627,0.23970892716593517,0.33885850502956827,0.23980094038240318,0.23828066108781287,0.730470005265718,0.30967209111090177,0.3651352531379257,0.29807995597694803,0.7790209162374562,0.36251871804591407,0.34042759350175145,0.3700059675865388,0.3449084123410192,0.3261163840159407,0.32559534347902064,0.34250826602671947,0.2321673346220492,0.2770509910293607,0.2868872529214288,0.2300026849472162,0.3283850111017864,0.0,0.3356353495070771,0.33872714994858444,0.2516497581731293,1.0,0.329807714707532,0.16176866073669716,0.33066767580723033,0.2291329428026183,0.3348897086997916,0.3430557823961867,0.23919219846025785,0.23805039255726657,0.2534394610226677,0.3277679458647751,0.3269996717284821,0.23383000454530356,0.27932186914747537
0.31961322266288517,0.4277020909488741,0.22769248188788882,0.2612566727320047,0.45118463708126033,0.4102240513255666,0.3477235860146979,0.28386562649230906,0.29668701316002577,0.27217744885277106,0.4987766533688264,0.2695087481248951,0.5014564816288235,0.2675711836292105,0.2577996917994526,0.3494586781794774,0.3690056758869774,0.4646814201449533,0.3876781728152582,0.3519861216494127,0.48423284095064223,0.4664801135683717,0.49681904000218713,0.4033634612321967,0.3888843465162355,0.3797949164898622,0.5986474588468865,0.2724541705720377,0.3076449769707248,0.300403715068845,0.25110967391197636,0.48487299659271776,0.0,0.4892534616197187,0.40986943487739036,0.25918692860117554,0.329807714707532,1.0,0.17351828028994554,0.5247802215122814,0.25478534844232514,0.4281598786012466,0.6313133523286456,0.2785860782913989,0.27200743538295824,0.28289082872679916,0.4277294324051405,0.4282310322134929,0.2625601019723487,0.3015068201889747
0.21300828198712607,0.1705612539516702,0.1322545945685456,0.29699070089110635,0.16390246141116327,0.18075059584744646,0.17787666969035076,0.2908564298205665,0.1842368821547078,0.30500517757384893,0.17659752122766992,0.30016960905497914,0.16791545471565672,0.2896566764804702,0.2969847752400827,0.1711877002988369,0.15886165253457263,0.17348510095369563,0.14524466824496052,0.17292476013347235,0.1696060047522,0.16300277740742575,0.17336778036159706,0.1681872672617568,0.16632481821497735,0.16878824532892256,0.16909233242617727,0.28977830018293205,0.20148786929335583,0.1778663894616902,0.2810955021828633,0.1681969284178506,0.0,0.18294763195125097,0.17309895107893836,0.2975042226686172,0.16176866073669716,0.17351828028994554,1.0,0.1740581147087209,0.2836923885723812,0.17496262006945695,0.17851383588962444,0.2952954920152848,0.29492735046394436,0.18705047375077788,0.17420722399372235,0.17411605968324018,0.27621187540191183,0.20638722738432347
0.3137231451690563,0.4242607147099833,0.22830600290452852,0.25799508712948527,0.45694493363111255,0.4019447256942186,0.3558312829591572,0.2693130055499944,0.3053256626966231,0.2695696512297572,0.5234061068065958,0.261555174681516,0.5330679832648413,0.26026605963709404,0.2542568340727135,0.3537854287757142,0.3783723716687688,0.4924510993575306,0.40728029703518287,0.3610553579775575,0.5171844352502768,0.4989528513906337,0.5272880819464858,0.4113554877590926,0.385142681575356,0.3925722463009461,0.5471966473772398,0.2585424919009873,0.30000418192436307,0.31266302757885567,0.24872170291932683,0.4917168204261677,0.0,0.5175710359503995,0.427148531091021,0.2686412458226617,0.33066767580723033,0.5247802215122814,0.1740581147087209,1.0,0.24892561544466285,0.4357172438138177,0.5466067880462062,0.2629116518382142,0.26400943984734593,0.28723373741917047,0.44632177494440395,0.44571333941097624,0.2552824307456615,0.3126929415273849
