../ecoli_genomes/GCF_000163235.1_ASM16323v1_genomic.fna.gz,../ecoli_genomes/GCF_000164555.1_ASM16455v1_genomic.fna.gz,../ecoli_genomes/GCF_000208545.1_ASM20854v2_genomic.fna.gz,../ecoli_genomes/GCF_000233875.1_ASM23387v1_genomic.fna.gz,../ecoli_genomes/GCF_000249735.1_ASM24973v2_genomic.fna.gz,../ecoli_genomes/GCF_000261145.1_Esch_coli_M919_V2_genomic.fna.gz,../ecoli_genomes/GCF_000267705.2_ASM26770v2_genomic.fna.gz,../ecoli_genomes/GCF_000350665.1_Esch_coli_KTE5_V1_genomic.fna.gz,../ecoli_genomes/GCF_000351625.1_Esch_coli_KTE66_V1_genomic.fna.gz,../ecoli_genomes/GCF_000352285.1_Esch_coli_KTE46_V1_genomic.fna.gz,../ecoli_genomes/GCF_000358895.1_ASM35889v1_genomic.fna.gz,../ecoli_genomes/GCF_000456385.1_Esch_coli_HVH_26_4-5703913_V1_genomic.fna.gz,../ecoli_genomes/GCF_000458195.1_Esch_coli_HVH_147_4-5893887_V1_genomic.fna.gz,../ecoli_genomes/GCF_000459755.1_Esch_coli_KOEGE_58_171a_V1_genomic.fna.gz,../ecoli_genomes/GCF_000460055.1_Esch_coli_UMEA_3053-1_V1_genomic.fna.gz,../ecoli_genomes/GCF_000462165.2_ASM46216v2_genomic.fna.gz,../ecoli_genomes/GCF_000601135.1_ASM60113v1_genomic.fna.gz,../ecoli_genomes/GCF_000614595.1_Ec2010EL1058_genomic.fna.gz,../ecoli_genomes/GCF_000617745.1_Ec2010C-4529_genomic.fna.gz,../ecoli_genomes/GCF_000618265.2_EcF6751_genomic.fna.gz,../ecoli_genomes/GCF_000619005.2_Ec2009C-4052_genomic.fna.gz,../ecoli_genomes/GCF_000619105.1_Ec2009C-4780_genomic.fna.gz,../ecoli_genomes/GCF_000619765.2_Ec2009C-3279_genomic.fna.gz,../ecoli_genomes/GCF_000687005.1_ASM68700v1_genomic.fna.gz,../ecoli_genomes/GCF_000687025.1_ASM68702v1_genomic.fna.gz,../ecoli_genomes/GCF_000700125.1_ASM70012v1_genomic.fna.gz,../ecoli_genomes/GCF_000753315.1_FHI35_genomic.fna.gz,../ecoli_genomes/GCF_000776375.1_ASM77637v1_genomic.fna.gz,../ecoli_genomes/GCF_000779395.1_ASM77939v1_genomic.fna.gz,../ecoli_genomes/GCF_000780315.1_ASM78031v1_genomic.fna.gz,../ecoli_genomes/GCF_000781995.1_ASM78199v1_genomic.fna.gz,../ecoli_genomes/GCF_000986765.1_ASM98676v1_genomic.fna.gz,../ecoli_genomes/GCF_001041375.1_ViralProj287958_genomic.fna.gz,../ecoli_genomes/GCF_001265335.1_302014_genomic.fna.gz,../ecoli_genomes/GCF_001265625.1_100854_genomic.fna.gz,../ecoli_genomes/GCF_001267345.1_303289_genomic.fna.gz,../ecoli_genomes/GCF_001309985.1_ASM130998v1_genomic.fna.gz,../ecoli_genomes/GCF_001521695.1_ASM152169v1_genomic.fna.gz,../ecoli_genomes/GCF_001592595.1_ASM159259v1_genomic.fna.gz,../ecoli_genomes/GCF_001614975.1_ASM161497v1_genomic.fna.gz,../ecoli_genomes/GCF_001692775.1_ASM169277v1_genomic.fna.gz,../ecoli_genomes/GCF_001748915.1_ASM174891v1_genomic.fna.gz,../ecoli_genomes/GCF_001749235.1_ASM174923v1_genomic.fna.gz,../ecoli_genomes/GCF_001881155.1_ASM188115v1_genomic.fna.gz,../ecoli_genomes/GCF_001881345.1_ASM188134v1_genomic.fna.gz,../ecoli_genomes/GCF_001892405.1_ASM189240v1_genomic.fna.gz,../ecoli_genomes/GCF_001892585.1_ASM189258v1_genomic.fna.gz,../ecoli_genomes/GCF_001893985.1_ASM189398v1_genomic.fna.gz,../ecoli_genomes/GCF_002001595.1_ASM200159v1_genomic.fna.gz,../ecoli_genomes/GCF_002002145.1_ASM200214v1_genomic.fna.gz
1.0,0.7844621438870564,0.7741362878852216,0.764690873713799,0.7469135341438486,0.7823451333432795,0.7758677360809862,0.7724189439349238,0.7981978435457249,0.7673228614472607,0.7768273378621748,0.7724059115867821,0.7756366967256868,0.7692624567553386,0.7572542518784257,0.7701682585686439,0.7452342976927161,0.7821286816392177,0.7576173927954865,0.7770364044372398,0.7733517167142895,0.774928101788859,0.7830956334387845,0.7612366379858095,0.7393835338796648,0.6914355696626047,0.7802689595080814,0.7652594122127858,0.7878234414274916,0.7972074022469771,0.7572745670932333,0.7539836352798198,0.05458449701783352,0.7673348954874092,0.7601664665981531,0.7633508736086141,0.7633838733541738,0.7776604207355586,0.744949667778984,0.7808413962383638,0.761246450809279,0.7756239508761668,0.7766323069230985,0.7697087653214334,0.771899317500812,0.7717301045675276,0.7741217348064855,0.77507294470203,0.7684063314337559,0.7848456481000051
0.7844621438870564,1.0,0.7715067978303187,0.763905427997646,0.7638350762544766,0.8307624207443551,0.7871233847024226,0.7679635141505055,0.7675810934178464,0.7624074588616175,0.8021481423453831,0.7718637052857028,0.8025568791657502,0.7671641671531382,0.758150973450032,0.7812158465863368,0.7826153158751972,0.8123005600301668,0.7834243857092204,0.7899803623969093,0.8036383948405764,0.7896833711257336,0.8130531607586471,0.806132409299051,0.7980828950925768,0.7280764091225205,0.8073911225329495,0.7667349888154569,0.7783367275787548,0.7725375386281431,0.7551773096524051,0.7868686054807318,0.04827073277998728,0.7954296987110722,0.8272663398876439,0.759801898046152,0.7716264267625194,0.8053806470993131,0.7478607654930878,0.8142271511232254,0.7562551849991692,0.8229029457148457,0.8084944733800791,0.7717433891287544,0.7677697588278615,0.7666192855206648,0.8188034914040137,0.8191299944258128,0.7785726973304493,0.7736147177685215
0.7741362878852216,0.7715067978303187,1.0,0.7451752240228544,0.7199451449412304,0.7554503092558131,0.7645099905784214,0.7476007398847235,0.7619902970667727,0.7478537784469251,0.7609433835901465,0.750763102382094,0.760680542971594,0.7537235601436489,0.7426890495616293,0.7633742917301409,0.7279420770727967,0.7656524510125239,0.740320983251741,0.7690636614675131,0.7628420042340693,0.7566645409282586,0.7686200295119735,0.740922734488856,0.7198673724310964,0.6763202582005197,0.7649021116603568,0.7475563874423683,0.758036631447389,0.7700205630720725,0.740040645168962,0.7428619563787899,0.05200997059176926,0.7507345304682526,0.7449464920648946,0.7511878331358086,0.7510148330384857,0.7569904202450167,0.731601302105568,0.7702166362427534,0.7489234873465891,0.7561210753055643,0.7606797069909814,0.750660925734983,0.7488569649499932,0.7516115866542545,0.7607284871187537,0.7613362779455892,0.7578217299887281,0.7618380582561192
0.764690873713799,0.763905427997646,0.7451752240228544,1.0,0.747151434633972,0.761660229300669,0.7526659430753171,0.8357692263434101,0.7635172077644571,0.8357330880492558,0.7561044524151836,0.8364873960033835,0.7629839054474514,0.8479677836214339,0.8589607056826691,0.7579513533752892,0.7375604113152512,0.7605207675623624,0.7466654422609202,0.7562981144678473,0.7513843444720855,0.7519455630027588,0.7634797765025256,0.7495956411013263,0.7353566319983067,0.6834760941593347,0.7563099868988493,0.835496751541223,0.7633134215037682,0.7584595421316866,0.8219668421021601,0.7572492041522894,0.052823421335236986,0.7552991025609309,0.7402605246870377,0.7872966811814666,0.7454882566793243,0.7503992808550439,0.7854996087264995,0.756776301627613,0.8369437540987235,0.7555619118721524,0.7602869808574899,0.8425006984629881,0.834108538508332,0.7599131887557761,0.7499959703408399,0.750526907981873,0.8151440926210459,0.7690680255442434
0.7469135341438486,0.7638350762544766,0.7199451449412304,0.747151434633972,1.0,0.767030584784983,0.7415013585807716,0.7475235501698525,0.7469769874365435,0.7460181928604389,0.7809424602933444,0.7387610624374364,0.7918583637161801,0.7332159848411937,0.7413924114464467,0.7546186046764678,0.768751596139561,0.7700339699200355,0.7539599695153546,0.7434967726167484,0.7660149491925757,0.7520410273164656,0.7713951666687044,0.7792913626001596,0.770146491266238,0.7178608430148647,0.7708285488153073,0.725942320073776,0.7380344783701083,0.7461416341194329,0.7395828755729935,0.7868083023153641,0.05222524306037324,0.7765547353403328,0.7613687210533867,0.7238867203157687,0.7413874650217986,0.7756284184284368,0.7205347909852156,0.7746174171082088,0.7432127541473407,0.770899689824442,0.779241848715257,0.7377871439858676,0.7384028594317373,0.7314150241748054,0.7695132332991127,0.7705013271478337,0.737095019811294,0.7342198994246099
0.7823451333432795,0.8307624207443551,0.7554503092558131,0.761660229300669,0.767030584784983,1.0,0.7846125906010114,0.7660171622723534,0.764231267072766,0.7534738491734844,0.7860872825573849,0.757841214384285,0.7961573573080478,0.7637866142941042,0.7504836515319477,0.7798184125054597,0.7869875212781474,0.8094603289306785,0.7858848214048344,0.7848554705445553,0.7980764872426427,0.7992247506142537,0.8028960557909481,0.807754374609676,0.7888175097475196,0.7262143342659336,0.7931514846342267,0.7567281272308741,0.7743986719936968,0.7657141229435778,0.7519742973655553,0.7859465566257395,0.04822854776910901,0.7969588592342433,0.8155421719604775,0.7563556179392056,0.7746541504834812,0.7925577919692486,0.7530652731937354,0.8001955169046826,0.751080386845139,0.8111431685921733,0.7943606126239586,0.7628904357849043,0.7636804899639936,0.7509038037207999,0.8138906896086873,0.8161976786647356,0.762635924306488,0.772416403161349
0.7758677360809862,0.7871233847024226,0.7645099905784214,0.7526659430753171,0.7415013585807716,0.7846125906010114,1.0,0.7578033459785825,0.7695486191877506,0.7548655937082913,0.7809846512730645,0.7616200732368815,0.7817851347746629,0.7617894732119409,0.746698572219744,0.8957439134750211,0.7524304106429427,0.8109885418580572,0.7849822827095346,0.9474322309118284,0.8014000306621972,0.7929114676419815,0.8125991093311703,0.7659164729433048,0.7439624265051754,0.6988808606815247,0.7923388370451443,0.7514922565864812,0.775956768015815,0.7654367492345547,0.7461420744447143,0.7695863558603295,0.05391993259495831,0.786203978988801,0.7742065881564457,0.7621401067623902,0.916218012086782,0.7758172171946112,0.7442092619092318,0.7985712334887481,0.7502367239941033,0.7899300931178814,0.7912643111490818,0.7587282942665718,0.7569042794604017,0.7612248490884916,0.7881992849328244,0.7890893063943636,0.7586869636268317,0.7764456894875738
0.7724189439349238,0.7679635141505055,0.7476007398847235,0.8357692263434101,0.7475235501698525,0.7660171622723534,0.7578033459785825,1.0,0.7609674369538468,0.8342431761766778,0.7644293326441753,0.8317943377829747,0.7706395029133811,0.8294786223834991,0.8287387252817183,0.7593458647078828,0.7407688873799061,0.7672864022552677,0.7513496811073521,0.7601903728342984,0.7516737308850725,0.7552699134777212,0.7630657822588177,0.7572103015915895,0.7338093046048558,0.6868432945968139,0.7667406616848136,0.8824910889451975,0.7714864231802933,0.7618395224171917,0.8231443268400661,0.7584414989106458,0.05908750986226574,0.7593634617536041,0.7492166920105239,0.7939941207783128,0.7486702154121476,0.7644733597311486,0.7982001855157577,0.7652245158347961,0.8265834000173171,0.7619127043886711,0.7649382628560041,0.8924380772438647,0.879783139968585,0.7682064328355493,0.7602957730829384,0.7606901296750604,0.823438709836346,0.7684635415950003
0.7981978435457249,0.7675810934178464,0.7619902970667727,0.7635172077644571,0.7469769874365435,0.764231267072766,0.7695486191877506,0.7609674369538468,1.0,0.7685109157699922,0.767723731505077,0.7586148319179387,0.7706815685821998,0.7632150330890547,0.7588934227756603,0.7716895504780108,0.739592032991593,0.7661111208663204,0.7431512721893915,0.7716187701787737,0.759748183868656,0.7609226533786824,0.7730864182688509,0.7539745330422005,0.7324187619384158,0.6897566584427084,0.7700372221068981,0.7524546370330041,0.776446103175792,0.8125747850925559,0.7645593250235381,0.7491340633198587,0.05862709684608036,0.7590278798479243,0.7501839528337799,0.7577098669863553,0.7619877084800258,0.7529963778954334,0.7416757129847708,0.7751012283451716,0.7644756052726606,0.7706490635676501,0.7710372069770224,0.7574148914014242,0.7528138485549083,0.7713731704996147,0.7697624864892109,0.7705500782959043,0.7647408782135998,0.7892266352323257
0.7673228614472607,0.7624074588616175,0.7478537784469251,0.8357330880492558,0.7460181928604389,0.7534738491734844,0.7548655937082913,0.8342431761766778,0.7685109157699922,1.0,0.7659869087643362,0.8215753296816702,0.7725793967863523,0.8240416618556032,0.8286186445902775,0.7632677030076902,0.7360187741553061,0.7588236086616246,0.7448472262812198,0.7579290395522497,0.7491538866539216,0.7508094929929481,0.7549749306125864,0.7517924288804385,0.7305385746156751,0.6823006765473449,0.763933920720427,0.8221274070104994,0.7688585452215713,0.7675816887791581,0.8273687144175857,0.7501166929513136,0.05521610122626275,0.7507883480791302,0.7441443572815221,0.7920272046175182,0.7487838743723149,0.7539980206341237,0.787423694849812,0.7628463134230978,0.8387707033101838,0.7561270786565841,0.7625814794602264,0.8292419128150846,0.824357743672437,0.7536648009539367,0.7557338025028736,0.755199364148718,0.8263791992757531,0.761880442736003
0.7768273378621748,0.8021481423453831,0.7609433835901465,0.7561044524151836,0.7809424602933444,0.7860872825573849,0.7809846512730645,0.7644293326441753,0.767723731505077,0.7659869087643362,1.0,0.7644113603178806,0.8366829299992706,0.7609730882868971,0.7512640389264414,0.7837047382073011,0.7669802324716696,0.8255051424937396,0.8049958594135854,0.7833703661358355,0.8108492525726698,0.8132617020225053,0.8179647397965515,0.7844274480648682,0.7645055465346112,0.7181217844173536,0.826441332594483,0.7630618061874928,0.7686114842110491,0.7722670338476372,0.7549208594225837,0.7977961089505059,0.05197482898821415,0.812490786565434,0.790832991555489,0.7527671448136339,0.7689739725033586,0.8166008120758078,0.7437578524231692,0.8324314666976771,0.7500715510310274,0.8012118250669932,0.8299853939001129,0.7658135100881167,0.7619669520967226,0.7544607269279322,0.8009063265204401,0.8012852472254598,0.7699516248460954,0.7687809082548518
0.7724059115867821,0.7718637052857028,0.750763102382094,0.8364873960033835,0.7387610624374364,0.757841214384285,0.7616200732368815,0.8317943377829747,0.7586148319179387,0.8215753296816702,0.7644113603178806,1.0,0.7655704585644435,0.8315916385572815,0.8528662187785959,0.7615449798356109,0.7374570912293174,0.7648654924360597,0.7541029523630455,0.7628600229892885,0.7581912715713165,0.7589486771719276,0.7677269128664848,0.7546023854002663,0.7337427871716666,0.6857333061591716,0.769045226466081,0.8290678589024952,0.7730772889651418,0.7658476040868868,0.8073922265583185,0.7551297065719116,0.05899342116630235,0.7567823151663204,0.748811069831611,0.7905962347302616,0.7492856252429101,0.762275204046421,0.7865014159624856,0.768789981619454,0.821901994813309,0.7604320757257591,0.76751451948183,0.8336836988407099,0.8296428535727272,0.7684634693574178,0.7606820405838107,0.7611265854904493,0.8183188614511667,0.771675554644577
0.7756366967256868,0.8025568791657502,0.760680542971594,0.7629839054474514,0.7918583637161801,0.7961573573080478,0.7817851347746629,0.7706395029133811,0.7706815685821998,0.7725793967863523,0.8366829299992706,0.7655704585644435,1.0,0.7614972667085607,0.7637085461144811,0.7874943178132197,0.7745998815545363,0.8301278501706821,0.8200555594221136,0.7856755236802142,0.8213305543955531,0.8294970767352992,0.8376545988681801,0.794342505565296,0.7641728106500865,0.7162630538151076,0.8445248996589414,0.7609085475423165,0.7671167325333161,0.7763017757305014,0.7537269582675024,0.8203406870765297,0.051522838320679276,0.8290467152903597,0.7895986507081822,0.7499125602903198,0.7769543077436905,0.8174392463767142,0.7444251116486924,0.8481589545600089,0.7555187902739502,0.803989923789322,0.8371456021925179,0.7650972974605064,0.7606168851970916,0.7572778417880022,0.8125493473625255,0.8124045541946567,0.7706223890295252,0.7675615597730027
0.7692624567553386,0.7671641671531382,0.7537235601436489,0.8479677836214339,0.7332159848411937,0.7637866142941042,0.7617894732119409,0.8294786223834991,0.7632150330890547,0.8240416618556032,0.7609730882868971,0.8315916385572815,0.7614972667085607,1.0,0.8530905302289807,0.7613767710887382,0.7341216120039737,0.7641247399790413,0.7491843565979901,0.7647252386090224,0.7558419741532537,0.7553562027855732,0.7660600210546041,0.747027147270017,0.7267050135223079,0.6817727396215357,0.7656129407265702,0.8346545229936336,0.77173049153588,0.7604092709891748,0.8243432273514519,0.7485949806961623,0.05300647659977198,0.7563540026330572,0.7440283047138879,0.8002963678509186,0.750750283423064,0.7551270024212262,0.7847396050464885,0.7636022489669507,0.834528772260638,0.7620525927642245,0.7602098086495105,0.8394513157953662,0.8302531577356353,0.7692372345885261,0.7586825130937868,0.7593411785476467,0.8219573117368367,0.7775790085652016
0.7572542518784257,0.758150973450032,0.7426890495616293,0.8589607056826691,0.7413924114464467,0.7504836515319477,0.746698572219744,0.8287387252817183,0.7588934227756603,0.8286186445902775,0.7512640389264414,0.8528662187785959,0.7637085461144811,0.8530905302289807,1.0,0.75393953389702,0.7335187895630018,0.7543981664216008,0.7405633693686422,0.7495462822664551,0.7455037158958511,0.7462171150186707,0.7558457220494741,0.7469352061286015,0.7300110436962856,0.6807731491603825,0.7585856659984761,0.8200152692083805,0.7618399733323049,0.7565510329068575,0.8201308726008073,0.7491459737671406,0.0535738064294371,0.7486934722270695,0.7361001074494353,0.7878456842428753,0.7388298797742333,0.7488737506543686,0.7780348107838753,0.7537650846286152,0.8379386595653069,0.747891163341594,0.7542735348262779,0.8288500031022297,0.8225148910459124,0.7575752795229179,0.7492150250867041,0.749497039015017,0.8156116980745908,0.7663048599047233
0.7701682585686439,0.7812158465863368,0.7633742917301409,0.7579513533752892,0.7546186046764678,0.7798184125054597,0.8957439134750211,0.7593458647078828,0.7716895504780108,0.7632677030076902,0.7837047382073011,0.7615449798356109,0.7874943178132197,0.7613767710887382,0.75393953389702,1.0,0.7507847920378747,0.7956265218940837,0.779471400043535,0.8985838046516569,0.788456882514696,0.785193145226663,0.796524220558934,0.7720517003307561,0.7510101719101675,0.7110865048510897,0.7832988963467464,0.748081263177137,0.7660647646348953,0.7759896192726228,0.7525865292835064,0.7686677466217284,0.05370921355169844,0.7778999801152543,0.7666052012933594,0.758515608438942,0.8917944432521705,0.7719344588018056,0.7438109998887749,0.7912949698808156,0.7559899725893955,0.7821585422938543,0.7844165131948169,0.7569353325958427,0.7536221702521617,0.7563433057696425,0.7854743968133095,0.7862952655220885,0.7594111389688087,0.765787436958324
0.7452342976927161,0.7826153158751972,0.7279420770727967,0.7375604113152512,0.768751596139561,0.7869875212781474,0.7524304106429427,0.7407688873799061,0.739592032991593,0.7360187741553061,0.7669802324716696,0.7374570912293174,0.7745998815545363,0.7341216120039737,0.7335187895630018,0.7507847920378747,1.0,0.7757925927936088,0.759430403527356,0.751612824534545,0.7703856100043927,0.7648078730423439,0.7805873463357592,0.8195949309165611,0.7924378020811745,0.7424651412363117,0.7671453511163251,0.7312659359227228,0.7515797775138484,0.741185856578698,0.7310934882208717,0.7894736886330554,0.047439855360104755,0.7840355022902072,0.7867201477534965,0.7314955508109136,0.7482111735814088,0.7620668501836736,0.7237109610640695,0.7670167570457695,0.7309257933301779,0.7831808351127562,0.7682428303919016,0.7394001338490309,0.7411025712834535,0.7268146320994293,0.783462213098099,0.7846005247626862,0.7336863148076196,0.7389938919653991
0.7821286816392177,0.8123005600301668,0.7656524510125239,0.7605207675623624,0.7700339699200355,0.8094603289306785,0.8109885418580572,0.7672864022552677,0.7661111208663204,0.7588236086616246,0.8255051424937396,0.7648654924360597,0.8301278501706821,0.7641247399790413,0.7543981664216008,0.7956265218940837,0.7757925927936088,1.0,0.8241019579231856,0.8120762594184213,0.8455523511839799,0.834544894582093,0.8554886971879185,0.7889809999371682,0.7657660629770613,0.7172757750577463,0.8353003329926628,0.7633172082073161,0.7750142152858746,0.7712755091906806,0.7515262814502118,0.8062577815899364,0.056534868768639446,0.8198798105901827,0.7995964595600124,0.7673237652792984,0.7954294568950234,0.814552224688627,0.7529373457307187,0.8371490888920124,0.7495213483082868,0.8132812652089906,0.8300206231832117,0.7664593881974258,0.7658877004594018,0.7595134311164317,0.8107763148542576,0.8121290879194106,0.7650336275012224,0.777581220057528
0.7576173927954865,0.7834243857092204,0.740320983251741,0.7466654422609202,0.7539599695153546,0.7858848214048344,0.7849822827095346,0.7513496811073521,0.7431512721893915,0.7448472262812198,0.8049958594135854,0.7541029523630455,0.8200555594221136,0.7491843565979901,0.7405633693686422,0.779471400043535,0.759430403527356,0.8241019579231856,1.0,0.7821601411512582,0.8161024956310772,0.8272257589368066,0.8237401011499772,0.7654928165110692,0.7588381545921384,0.6993324282547173,0.8192518155272258,0.7451820065730655,0.7495259131076704,0.7493766596744627,0.7374913491252382,0.8024974822368265,0.05826704294938401,0.8156688014608631,0.7758427616065223,0.7417894908018862,0.7765985181631831,0.7999533178380698,0.7259946423592862,0.8174419912559097,0.7375467255600541,0.7873150789905701,0.8067722016208129,0.7507939439989526,0.751471163523351,0.7453897160925123,0.7858020977794798,0.7873405352263342,0.7486691799355667,0.7499919395085816
0.7770364044372398,0.7899803623969093,0.7690636614675131,0.7562981144678473,0.7434967726167484,0.7848554705445553,0.9474322309118284,0.7601903728342984,0.7716187701787737,0.7579290395522497,0.7833703661358355,0.7628600229892885,0.7856755236802142,0.7647252386090224,0.7495462822664551,0.8985838046516569,0.751612824534545,0.8120762594184213,0.7821601411512582,1.0,0.8033284129326592,0.7931797892474407,0.8117545059657936,0.7660999306627299,0.7435414122173116,0.6992626577693779,0.7942478413389308,0.7540655172966079,0.7775091337010418,0.7678180655460077,0.7495888179532759,0.7695932410367863,0.053439594165221815,0.7865636258440193,0.7736582146056203,0.7654405456599633,0.9132824007876772,0.7774548498414975,0.7461650316543511,0.8007847728730607,0.7537919567906871,0.7896812880503951,0.7925850332463495,0.7603415311821653,0.7576872654074064,0.7665100883032812,0.7892742843587589,0.7898318748837401,0.7610823308189743,0.7784746042565263
0.7733517167142895,0.8036383948405764,0.7628420042340693,0.7513843444720855,0.7660149491925757,0.7980764872426427,0.8014000306621972,0.7516737308850725,0.759748183868656,0.7491538866539216,0.8108492525726698,0.7581912715713165,0.8213305543955531,0.7558419741532537,0.7455037158958511,0.788456882514696,0.7703856100043927,0.8455523511839799,0.8161024956310772,0.8033284129326592,1.0,0.8284525286161155,0.8473922242110543,0.7867456763977828,0.7583098787037967,0.7139697181712212,0.8264153793911213,0.7516338867073127,0.7645671663247078,0.7657231932198202,0.740981105640766,0.7987362350302639,0.05086395072775696,0.8181637559405976,0.7932478117132347,0.7570504656450932,0.7880944022552474,0.8070715444214086,0.7402293182744388,0.8318216715406966,0.7405181862990287,0.7992164755632765,0.8248857896176651,0.7562149538404928,0.7546796079299842,0.757095839888243,0.8061901533919124,0.806557244519107,0.7587061649995215,0.7686113574593179
0.774928101788859,0.7896833711257336,0.7566645409282586,0.7519455630027588,0.7520410273164656,0.7992247506142537,0.7929114676419815,0.7552699134777212,0.7609226533786824,0.7508094929929481,0.8132617020225053,0.7589486771719276,0.8294970767352992,0.7553562027855732,0.7462171150186707,0.785193145226663,0.7648078730423439,0.834544894582093,0.8272257589368066,0.7931797892474407,0.8284525286161155,1.0,0.8769493447732342,0.7729456647688663,0.7548967472459066,0.7027115261677515,0.8232983882441793,0.7550515146237547,0.7647263655806462,0.7637555020062875,0.7393281752899684,0.7995441808288015,0.050261294953198976,0.849918612686109,0.7778978344484325,0.7439993392936168,0.7804601617117269,0.8089689085218913,0.7319455414533627,0.8285784929797042,0.7384479790728324,0.7896871953827556,0.8177955277241289,0.7577216259325914,0.7567929817741443,0.7463482654446787,0.7929327770531787,0.7930433876734617,0.757810102998975,0.7715366233324977
0.7830956334387845,0.8130531607586471,0.7686200295119735,0.7634797765025256,0.7713951666687044,0.8028960557909481,0.8125991093311703,0.7630657822588177,0.7730864182688509,0.7549749306125864,0.8179647397965515,0.7677269128664848,0.8376545988681801,0.7660600210546041,0.7558457220494741,0.796524220558934,0.7805873463357592,0.8554886971879185,0.8237401011499772,0.8117545059657936,0.8473922242110543,0.8769493447732342,1.0,0.78783442774205,0.7661587256684171,0.7139942787908935,0.8382218587283132,0.7614550613615556,0.7723761509556764,0.7733590994653204,0.7476576485541828,0.8106182153216752,0.05151284035649262,0.8587830324502773,0.7969848976620304,0.7607246637731728,0.7982216561853561,0.8184694697075207,0.7457556992496728,0.837255594018826,0.7473281104461866,0.810548452672456,0.8354427720264449,0.7643979842431834,0.7650904760128125,0.7590040853888632,0.8054510369261649,0.8068125833821601,0.7685371277249219,0.7779021497647938
0.7612366379858095,0.806132409299051,0.740922734488856,0.7495956411013263,0.7792913626001596,0.807754374609676,0.7659164729433048,0.7572103015915895,0.7539745330422005,0.7517924288804385,0.7844274480648682,0.7546023854002663,0.794342505565296,0.747027147270017,0.7469352061286015,0.7720517003307561,0.8195949309165611,0.7889809999371682,0.7654928165110692,0.7660999306627299,0.7867456763977828,0.7729456647688663,0.78783442774205,1.0,0.8042953029332077,0.7356344058368437,0.7808857399695469,0.7430640179278224,0.7569088800520342,0.7638980528413173,0.7438502442464414,0.7841468373052614,0.050427254784396025,0.785874000941013,0.8158456724032908,0.7428949100491293,0.7606520183632641,0.7736078777250377,0.7331627047584556,0.7871052571802872,0.742186956321734,0.7998545917119508,0.7812383579342406,0.751387627577413,0.7497341677213115,0.7364068052889858,0.7971863075525775,0.7974817476653445,0.746996533538532,0.7494643669084099
0.7393835338796648,0.7980828950925768,0.7198673724310964,0.7353566319983067,0.770146491266238,0.7888175097475196,0.7439624265051754,0.7338093046048558,0.7324187619384158,0.7305385746156751,0.7645055465346112,0.7337427871716666,0.7641728106500865,0.7267050135223079,0.7300110436962856,0.7510101719101675,0.7924378020811745,0.7657660629770613,0.7588381545921384,0.7435414122173116,0.7583098787037967,0.7548967472459066,0.7661587256684171,0.8042953029332077,1.0,0.7459373262774427,0.7597048164402198,0.7185878386975251,0.7355347766040881,0.7330958363584246,0.7258862502138141,0.7920434525795954,0.046387090977681456,0.7695577404611806,0.794028171921594,0.7200003179787564,0.7434042343226313,0.7682522628221006,0.7168000065180822,0.7614993929611397,0.7252868768033829,0.7702004060140574,0.7594275634737557,0.7341137222740516,0.7359924028989818,0.7220824392397285,0.7693876379407667,0.7693346999294841,0.7267516982219818,0.7253321947707114
0.6914355696626047,0.7280764091225205,0.6763202582005197,0.6834760941593347,0.7178608430148647,0.7262143342659336,0.6988808606815247,0.6868432945968139,0.6897566584427084,0.6823006765473449,0.7181217844173536,0.6857333061591716,0.7162630538151076,0.6817727396215357,0.6807731491603825,0.7110865048510897,0.7424651412363117,0.7172757750577463,0.6993324282547173,0.6992626577693779,0.7139697181712212,0.7027115261677515,0.7139942787908935,0.7356344058368437,0.7459373262774427,1.0,0.7122812128551674,0.6760490156211927,0.6920771818983739,0.6871677858067564,0.6825664374337681,0.7187544176239777,0.04596257942986626,0.7150358916724118,0.7303377030749767,0.680189490254489,0.694889911661094,0.7170054731972095,0.6706029052307089,0.7190670497897501,0.6768636126614558,0.729315343066463,0.712369217281322,0.6879754414526102,0.6873529725942737,0.6747035579961103,0.7259714646702045,0.7332763238278732,0.6854327385340457,0.6886195310777613
0.7802689595080814,0.8073911225329495,0.7649021116603568,0.7563099868988493,0.7708285488153073,0.7931514846342267,0.7923388370451443,0.7667406616848136,0.7700372221068981,0.763933920720427,0.826441332594483,0.769045226466081,0.8445248996589414,0.7656129407265702,0.7585856659984761,0.7832988963467464,0.7671453511163251,0.8353003329926628,0.8192518155272258,0.7942478413389308,0.8264153793911213,0.8232983882441793,0.8382218587283132,0.7808857399695469,0.7597048164402198,0.7122812128551674,1.0,0.7624737817425188,0.772783360765976,0.7704533610198399,0.7559126749784475,0.8069018432648274,0.052237597724226315,0.8242499877351546,0.789711491331482,0.7567828726730685,0.7773950535048781,0.8410225106944675,0.7399663733088628,0.8471264838029615,0.7555915990844564,0.8081994484029309,0.8587066522334115,0.7665366239948191,0.7641267020690357,0.763327373271674,0.8089398926588524,0.8104081245325632,0.7729679589144125,0.776071746004459
0.7652594122127858,0.7667349888154569,0.7475563874423683,0.835496751541223,0.725942320073776,0.7567281272308741,0.7514922565864812,0.8824910889451975,0.7524546370330041,0.8221274070104994,0.7630618061874928,0.8290678589024952,0.7609085475423165,0.8346545229936336,0.8200152692083805,0.748081263177137,0.7312659359227228,0.7633172082073161,0.7451820065730655,0.7540655172966079,0.7516338867073127,0.7550515146237547,0.7614550613615556,0.7430640179278224,0.7185878386975251,0.6760490156211927,0.7624737817425188,1.0,0.7684820326302533,0.7569293299802227,0.8109577280713895,0.7474544899841912,0.0568669902719483,0.7548790338886572,0.7416852552049269,0.7875801296269848,0.7389127667686592,0.763428480450223,0.7858321985405309,0.7629823372873936,0.820103508336552,0.7552826997680585,0.7624982910650844,0.9208571147227554,0.9005431152466667,0.7624955956364587,0.7588267867876566,0.7594211360833047,0.8264597970620662,0.7678897113051166
0.7878234414274916,0.7783367275787548,0.758036631447389,0.7633134215037682,0.7380344783701083,0.7743986719936968,0.775956768015815,0.7714864231802933,0.776446103175792,0.7688585452215713,0.7686114842110491,0.7730772889651418,0.7671167325333161,0.77173049153588,0.7618399733323049,0.7660647646348953,0.7515797775138484,0.7750142152858746,0.7495259131076704,0.7775091337010418,0.7645671663247078,0.7647263655806462,0.7723761509556764,0.7569088800520342,0.7355347766040881,0.6920771818983739,0.772783360765976,0.7684820326302533,1.0,0.7737779319591084,0.762227702367558,0.7496386877187413,0.05282529594516572,0.7635839673793854,0.7583492328799837,0.7679247958063012,0.763484333892483,0.7658814559766638,0.7469850282829973,0.774911074224417,0.7626354913638534,0.7704253423736497,0.7648453140802879,0.7682224106962501,0.7645649224795766,0.7871384429618291,0.7698882190112348,0.7695548310048035,0.7717537609407926,0.8550507899638236
0.7972074022469771,0.7725375386281431,0.7700205630720725,0.7584595421316866,0.7461416341194329,0.7657141229435778,0.7654367492345547,0.7618395224171917,0.8125747850925559,0.7675816887791581,0.7722670338476372,0.7658476040868868,0.7763017757305014,0.7604092709891748,0.7565510329068575,0.7759896192726228,0.741185856578698,0.7712755091906806,0.7493766596744627,0.7678180655460077,0.7657231932198202,0.7637555020062875,0.7733590994653204,0.7638980528413173,0.7330958363584246,0.6871677858067564,0.7704533610198399,0.7569293299802227,0.7737779319591084,1.0,0.756228998785122,0.7462655438122177,0.06240279458114972,0.7564074467675895,0.7592810490607387,0.7517999503478607,0.7581429357117198,0.76615551540199,0.7433939333534718,0.7836603082249575,0.7612716410590961,0.7685063684075415,0.7744957749934138,0.7602569014233741,0.7549100032267206,0.767812520247005,0.7818126966418473,0.782637476394426,0.764441094711704,0.7779290450522478
0.7572745670932333,0.7551773096524051,0.740040645168962,0.8219668421021601,0.7395828755729935,0.7519742973655553,0.7461420744447143,0.8231443268400661,0.7645593250235381,0.8273687144175857,0.7549208594225837,0.8073922265583185,0.7537269582675024,0.8243432273514519,0.8201308726008073,0.7525865292835064,0.7310934882208717,0.7515262814502118,0.7374913491252382,0.7495888179532759,0.740981105640766,0.7393281752899684,0.7476576485541828,0.7438502442464414,0.7258862502138141,0.6825664374337681,0.7559126749784475,0.8109577280713895,0.762227702367558,0.756228998785122,1.0,0.7439279008532769,0.05554263833426765,0.7458843087649474,0.7373939494855244,0.7873571130731032,0.7412120569743854,0.7452460820982023,0.7725783457139427,0.7545860559317175,0.8551697767362383,0.7518062864577555,0.7517295629953916,0.821435644118497,0.8103102298553562,0.7577559507103853,0.7523293263816646,0.7513270328080451,0.803043567424186,0.7615563945561651
0.7539836352798198,0.7868686054807318,0.7428619563787899,0.7572492041522894,0.7868083023153641,0.7859465566257395,0.7695863558603295,0.7584414989106458,0.7491340633198587,0.7501166929513136,0.7977961089505059,0.7551297065719116,0.8203406870765297,0.7485949806961623,0.7491459737671406,0.7686677466217284,0.7894736886330554,0.8062577815899364,0.8024974822368265,0.7695932410367863,0.7987362350302639,0.7995441808288015,0.8106182153216752,0.7841468373052614,0.7920434525795954,0.7187544176239777,0.8069018432648274,0.7474544899841912,0.7496386877187413,0.7462655438122177,0.7439279008532769,1.0,0.05239620693435321,0.8061293458882035,0.7754178705730038,0.7372736840350091,0.7665531549177694,0.8036303556218981,0.7386710364975118,0.8129752182465388,0.7415706069772123,0.7848655745685851,0.8104677882863293,0.7525630323136869,0.758280179674022,0.7419946230731737,0.7884113138646152,0.7887907644790926,0.7474080859347225,0.747643484085647
0.05458449701783352,0.04827073277998728,0.05200997059176926,0.052823421335236986,0.05222524306037324,0.04822854776910901,0.05391993259495831,0.05908750986226574,0.05862709684608036,0.05521610122626275,0.05197482898821415,0.05899342116630235,0.051522838320679276,0.05300647659977198,0.0535738064294371,0.05370921355169844,0.047439855360104755,0.056534868768639446,0.05826704294938401,0.053439594165221815,0.05086395072775696,0.050261294953198976,0.05151284035649262,0.050427254784396025,0.046387090977681456,0.04596257942986626,0.052237597724226315,0.0568669902719483,0.05282529594516572,0.06240279458114972,0.05554263833426765,0.05239620693435321,1.0,0.05155831383831966,0.05662820630680143,0.057306226778108926,0.052068313984930836,0.05217447069547221,0.053145665184516355,0.051875678620048715,0.05308682357959449,0.0514252075132452,0.05303976970260449,0.05482885609634569,0.05559627146523072,0.05456730139205823,0.050490417045614966,0.0504933809350635,0.05371251828404844,0.0480306812370227
0.7673348954874092,0.7954296987110722,0.7507345304682526,0.7552991025609309,0.7765547353403328,0.7969588592342433,0.786203978988801,0.7593634617536041,0.7590278798479243,0.7507883480791302,0.812490786565434,0.7567823151663204,0.8290467152903597,0.7563540026330572,0.7486934722270695,0.7778999801152543,0.7840355022902072,0.8198798105901827,0.8156688014608631,0.7865636258440193,0.8181637559405976,0.849918612686109,0.8587830324502773,0.785874000941013,0.7695577404611806,0.7150358916724118,0.8242499877351546,0.7548790338886572,0.7635839673793854,0.7564074467675895,0.7458843087649474,0.8061293458882035,0.05155831383831966,1.0,0.7915926862727115,0.7485939790574498,0.7747314170765122,0.8095992436097073,0.7408160460597427,0.8234062906208823,0.7439317088607146,0.7987013397329232,0.8264475445639439,0.7584567023465115,0.758725599175721,0.7501471164840794,0.7921210583131173,0.7929164236342727,0.7550011057839554,0.7655583537559754
0.7601664665981531,0.8272663398876439,0.7449464920648946,0.7402605246870377,0.7613687210533867,0.8155421719604775,0.7742065881564457,0.7492166920105239,0.7501839528337799,0.7441443572815221,0.790832991555489,0.748811069831611,0.7895986507081822,0.7440283047138879,0.7361001074494353,0.7666052012933594,0.7867201477534965,0.7995964595600124,0.7758427616065223,0.7736582146056203,0.7932478117132347,0.7778978344484325,0.7969848976620304,0.8158456724032908,0.794028171921594,0.7303377030749767,0.789711491331482,0.7416852552049269,0.7583492328799837,0.7592810490607387,0.7373939494855244,0.7754178705730038,0.05662820630680143,0.7915926862727115,1.0,0.73837008935091,0.7607683284541912,0.7817058731863097,0.7314116942540616,0.797683127535759,0.7338215645034742,0.806944730429201,0.7968314768432945,0.7489399696362646,0.7435703702476406,0.7366655313360392,0.7980437668851539,0.7995274286693561,0.7495493714045395,0.751335798569043
0.7633508736086141,0.759801898046152,0.7511878331358086,0.7872966811814666,0.7238867203157687,0.7563556179392056,0.7621401067623902,0.7939941207783128,0.7577098669863553,0.7920272046175182,0.7527671448136339,0.7905962347302616,0.7499125602903198,0.8002963678509186,0.7878456842428753,0.758515608438942,0.7314955508109136,0.7673237652792984,0.7417894908018862,0.7654405456599633,0.7570504656450932,0.7439993392936168,0.7607246637731728,0.7428949100491293,0.7200003179787564,0.680189490254489,0.7567828726730685,0.7875801296269848,0.7679247958063012,0.7517999503478607,0.7873571130731032,0.7372736840350091,0.057306226778108926,0.7485939790574498,0.73837008935091,1.0,0.7522204587030155,0.7468097197493727,0.7877323973697113,0.7616842776960528,0.7899729761881134,0.7537144279938693,0.7487526552755301,0.796617410186883,0.7937060786207384,0.7598551834105286,0.753394923993293,0.7534360866162402,0.7975879268111286,0.766642900532938
0.7633838733541738,0.7716264267625194,0.7510148330384857,0.7454882566793243,0.7413874650217986,0.7746541504834812,0.916218012086782,0.7486702154121476,0.7619877084800258,0.7487838743723149,0.7689739725033586,0.7492856252429101,0.7769543077436905,0.750750283423064,0.7388298797742333,0.8917944432521705,0.7482111735814088,0.7954294568950234,0.7765985181631831,0.9132824007876772,0.7880944022552474,0.7804601617117269,0.7982216561853561,0.7606520183632641,0.7434042343226313,0.694889911661094,0.7773950535048781,0.7389127667686592,0.763484333892483,0.7581429357117198,0.7412120569743854,0.7665531549177694,0.052068313984930836,0.7747314170765122,0.7607683284541912,0.7522204587030155,1.0,0.7596821099882063,0.7351496569027762,0.7830045667832416,0.7435164740545358,0.7795094099281438,0.7757490219249272,0.7472205195482109,0.7453219234530204,0.7482729951413768,0.7778038459364994,0.7786864681142522,0.746251910416992,0.7620187961868751
0.7776604207355586,0.8053806470993131,0.7569904202450167,0.7503992808550439,0.7756284184284368,0.7925577919692486,0.7758172171946112,0.7644733597311486,0.7529963778954334,0.7539980206341237,0.8166008120758078,0.762275204046421,0.8174392463767142,0.7551270024212262,0.7488737506543686,0.7719344588018056,0.7620668501836736,0.814552224688627,0.7999533178380698,0.7774548498414975,0.8070715444214086,0.8089689085218913,0.8184694697075207,0.7736078777250377,0.7682522628221006,0.7170054731972095,0.8410225106944675,0.763428480450223,0.7658814559766638,0.76615551540199,0.7452460820982023,0.8036303556218981,0.05217447069547221,0.8095992436097073,0.7817058731863097,0.7468097197493727,0.7596821099882063,1.0,0.7461273647674274,0.8322320527705687,0.7463850183862364,0.7949968538507508,0.8524406951877656,0.7656348503553462,0.7614496234395287,0.7526453428871783,0.8076826729295493,0.8085428172842593,0.7664169306020991,0.763806648249307
0.744949667778984,0.7478607654930878,0.731601302105568,0.7854996087264995,0.7205347909852156,0.7530652731937354,0.7442092619092318,0.7982001855157577,0.7416757129847708,0.787423694849812,0.7437578524231692,0.7865014159624856,0.7444251116486924,0.7847396050464885,0.7780348107838753,0.7438109998887749,0.7237109610640695,0.7529373457307187,0.7259946423592862,0.7461650316543511,0.7402293182744388,0.7319455414533627,0.7457556992496728,0.7331627047584556,0.7168000065180822,0.6706029052307089,0.7399663733088628,0.7858321985405309,0.7469850282829973,0.7433939333534718,0.7725783457139427,0.7386710364975118,0.053145665184516355,0.7408160460597427,0.7314116942540616,0.7877323973697113,0.7351496569027762,0.7461273647674274,1.0,0.7485743603050099,0.7778776047707119,0.7472643459592705,0.7474931784838141,0.7928264198821595,0.7942129152016901,0.7360513444487786,0.746869996758421,0.7464957013779201,0.7856498809734047,0.7410292540295335
