../ecoli_genomes/GCF_000163235.1_ASM16323v1_genomic.fna.gz,../ecoli_genomes/GCF_000164555.1_ASM16455v1_genomic.fna.gz,../ecoli_genomes/GCF_000208545.1_ASM20854v2_genomic.fna.gz,../ecoli_genomes/GCF_000233875.1_ASM23387v1_genomic.fna.gz,../ecoli_genomes/GCF_000249735.1_ASM24973v2_genomic.fna.gz,../ecoli_genomes/GCF_000261145.1_Esch_coli_M919_V2_genomic.fna.gz,../ecoli_genomes/GCF_000267705.2_ASM26770v2_genomic.fna.gz,../ecoli_genomes/GCF_000350665.1_Esch_coli_KTE5_V1_genomic.fna.gz,../ecoli_genomes/GCF_000351625.1_Esch_coli_KTE66_V1_genomic.fna.gz,../ecoli_genomes/GCF_000352285.1_Esch_coli_KTE46_V1_genomic.fna.gz,../ecoli_genomes/GCF_000358895.1_ASM35889v1_genomic.fna.gz,../ecoli_genomes/GCF_000456385.1_Esch_coli_HVH_26_4-5703913_V1_genomic.fna.gz,../ecoli_genomes/GCF_000458195.1_Esch_coli_HVH_147_4-5893887_V1_genomic.fna.gz,../ecoli_genomes/GCF_000459755.1_Esch_coli_KOEGE_58_171a_V1_genomic.fna.gz,../ecoli_genomes/GCF_000460055.1_Esch_coli_UMEA_3053-1_V1_genomic.fna.gz,../ecoli_genomes/GCF_000462165.2_ASM46216v2_genomic.fna.gz,../ecoli_genomes/GCF_000601135.1_ASM60113v1_genomic.fna.gz,../ecoli_genomes/GCF_000614595.1_Ec2010EL1058_genomic.fna.gz,../ecoli_genomes/GCF_000617745.1_Ec2010C-4529_genomic.fna.gz,../ecoli_genomes/GCF_000618265.2_EcF6751_genomic.fna.gz,../ecoli_genomes/GCF_000619005.2_Ec2009C-4052_genomic.fna.gz,../ecoli_genomes/GCF_000619105.1_Ec2009C-4780_genomic.fna.gz,../ecoli_genomes/GCF_000619765.2_Ec2009C-3279_genomic.fna.gz,../ecoli_genomes/GCF_000687005.1_ASM68700v1_genomic.fna.gz,../ecoli_genomes/GCF_000687025.1_ASM68702v1_genomic.fna.gz,../ecoli_genomes/GCF_000700125.1_ASM70012v1_genomic.fna.gz,../ecoli_genomes/GCF_000753315.1_FHI35_genomic.fna.gz,../ecoli_genomes/GCF_000776375.1_ASM77637v1_genomic.fna.gz,../ecoli_genomes/GCF_000779395.1_ASM77939v1_genomic.fna.gz,../ecoli_genomes/GCF_000780315.1_ASM78031v1_genomic.fna.gz,../ecoli_genomes/GCF_000781995.1_ASM78199v1_genomic.fna.gz,../ecoli_genomes/GCF_000986765.1_ASM98676v1_genomic.fna.gz,../ecoli_genomes/GCF_001041375.1_ViralProj287958_genomic.fna.gz,../ecoli_genomes/GCF_001265335.1_302014_genomic.fna.gz,../ecoli_genomes/GCF_001265625.1_100854_genomic.fna.gz,../ecoli_genomes/GCF_001267345.1_303289_genomic.fna.gz,../ecoli_genomes/GCF_001309985.1_ASM130998v1_genomic.fna.gz,../ecoli_genomes/GCF_001521695.1_ASM152169v1_genomic.fna.gz,../ecoli_genomes/GCF_001592595.1_ASM159259v1_genomic.fna.gz,../ecoli_genomes/GCF_001614975.1_ASM161497v1_genomic.fna.gz,../ecoli_genomes/GCF_001692775.1_ASM169277v1_genomic.fna.gz,../ecoli_genomes/GCF_001748915.1_ASM174891v1_genomic.fna.gz,../ecoli_genomes/GCF_001749235.1_ASM174923v1_genomic.fna.gz,../ecoli_genomes/GCF_001881155.1_ASM188115v1_genomic.fna.gz,../ecoli_genomes/GCF_001881345.1_ASM188134v1_genomic.fna.gz,../ecoli_genomes/GCF_001892405.1_ASM189240v1_genomic.fna.gz,../ecoli_genomes/GCF_001892585.1_ASM189258v1_genomic.fna.gz,../ecoli_genomes/GCF_001893985.1_ASM189398v1_genomic.fna.gz,../ecoli_genomes/GCF_002001595.1_ASM200159v1_genomic.fna.gz,../ecoli_genomes/GCF_002002145.1_ASM200214v1_genomic.fna.gz
1.0,0.7849378903992476,0.7641997704211236,0.7608043199417607,0.7420845960933181,0.7699926067417211,0.7773451163667123,0.7742269321015804,0.7900636203596398,0.7660126843436059,0.7869824605876753,0.7748593200678238,0.7799318813471485,0.7679134144972556,0.759060726136185,0.7736213892357114,0.7602957880550372,0.7780991214144543,0.7659708310713167,0.779422410160461,0.7709905472494917,0.7687216865068853,0.7787899668063373,0.7728031978304227,0.7587130646924707,0.6954297542056109,0.7767818221308693,0.7749082695012453,0.782284650307584,0.7966855759933054,0.7425908555046439,0.7701388074016647,0.06329818045807334,0.7759500878589768,0.7634452712274965,0.7624914523334676,0.7687131381423187,0.7812368584242599,0.7496493545318548,0.7824339580654127,0.749061998293812,0.7750036372740157,0.7846000769520266,0.7785074241380776,0.7804632468272201,0.7740096599151532,0.7740048834475364,0.7742960081507113,0.7649040493694399,0.7849856355467626
0.7849378903992476,1.0,0.7506612820704102,0.7557526770081172,0.7636989238369443,0.828050469901523,0.780379727700591,0.7679172735807812,0.7599813762578841,0.7589434754222211,0.806820159500042,0.7662056624058594,0.8091871886061597,0.7544732308778566,0.7517683012704848,0.7831134785837262,0.8137142376173405,0.7999643838713338,0.7847646588586559,0.7847271589251198,0.7954371419009495,0.7903900130076862,0.8002257838221065,0.8282242945416799,0.809978676018227,0.7238785998098849,0.8053456642676358,0.7661613257841446,0.7669388961624602,0.766583548677663,0.7335206261159594,0.7976294554402903,0.0697204007325618,0.7949168899571144,0.8190663614679882,0.7534364790532079,0.7728882678036775,0.8034893541299672,0.7408928385378785,0.8088199489999726,0.7406150417091674,0.8108035147309823,0.8062752705105848,0.7762323512951441,0.7761037036513525,0.7632835181035822,0.8199426337895908,0.8195631425025707,0.7622622992665814,0.7622555970064272
0.7641997704211236,0.7506612820704102,1.0,0.7346026822813068,0.7147845175774046,0.7335152712053106,0.7443422610918657,0.7391293569059068,0.7491500718345256,0.7364054756388505,0.7503295480047617,0.7401678981575472,0.7544367428682366,0.7414148975064232,0.7355383338861259,0.74601178582804,0.7342236744565178,0.7537236244397953,0.745852855307247,0.7470894408287335,0.7568882834374698,0.7456266191173007,0.7546372807905637,0.7399931326213574,0.7320693314733442,0.6676101755603787,0.7574192817692758,0.7457210940636559,0.7624668628761875,0.7604695095971131,0.7186848214981103,0.7423144793930557,0.06583568698731945,0.7511909030298798,0.7342196091180404,0.7356556060278676,0.7374329944341761,0.7478387583610376,0.7177640480715055,0.759086888737404,0.7249078813209694,0.73840989894018,0.7597631926616117,0.7499755223035351,0.7433901683970225,0.7456048515179102,0.752062698712134,0.7524645005930101,0.7429018652662196,0.7639377473687609
0.7608043199417607,0.7557526770081172,0.7346026822813068,1.0,0.7388518885892057,0.751090989307286,0.7491375309114627,0.8296458382571595,0.7571539527996318,0.8368563937711144,0.7522505714079704,0.8185199027420692,0.7601142571619603,0.8388110070234104,0.8497389590497438,0.7542332667363236,0.7500519622021828,0.7513296054650946,0.741589973650587,0.7523257147677374,0.7491519019440236,0.7452783278382717,0.7527971790564219,0.7485233786477816,0.7452576257461259,0.6836220810126126,0.7562978354693304,0.8300252488761286,0.7620911784325023,0.7499973612452691,0.8187384184301563,0.7618109615292148,0.07099224545425131,0.743042464813692,0.7399112752500411,0.7871899691481554,0.7415432795741163,0.7514879199304351,0.7797341375468989,0.752654471560708,0.8312734270083983,0.7503329093406637,0.7527483380914306,0.8333498436242575,0.8252061429775068,0.7457073801219033,0.7584955105419607,0.757865349709802,0.8111850078559165,0.7614242004811376
0.7420845960933181,0.7636989238369443,0.7147845175774046,0.7388518885892057,1.0,0.7735001648566683,0.7429299053763576,0.7452909114227688,0.7461610008869406,0.747258274564386,0.7824274659384307,0.7315128437293705,0.7924809840520178,0.7287962425709026,0.7436676577511915,0.75948674788023,0.7872791313197001,0.763113833351896,0.7559464680720357,0.7447900760441196,0.7694608784417691,0.7599949165548746,0.7693147712183874,0.7807327160276737,0.7825485544313345,0.7151249380616094,0.7750266915273478,0.7311998020145972,0.7403805593210055,0.7410271097151173,0.7292675633549794,0.7901136510612661,0.06045809405777269,0.7756494869725166,0.7535248751936225,0.7244725573527396,0.7481350468924252,0.7798782005001579,0.7251213339578659,0.7825640710435012,0.7390963981515105,0.767474680826809,0.7757824214090917,0.7411107115326707,0.7418303165143483,0.7297061350682374,0.7732823757388707,0.774861968894252,0.7320235356145266,0.7351544116274469
0.7699926067417211,0.828050469901523,0.7335152712053106,0.751090989307286,0.7735001648566683,1.0,0.7805872786913552,0.7653105665574221,0.752995004958098,0.7477279070512177,0.7969062407650046,0.754029746503077,0.7966245463383615,0.7487469392798992,0.7489461713553953,0.7798786124172947,0.8030029791609068,0.7927152808911102,0.7869746272151955,0.7805375384520044,0.7853553596198805,0.7962050107244294,0.7960045855262916,0.8201590002775361,0.7994369386232327,0.7194517625614885,0.7920261382194251,0.7611180907941012,0.7502331961932787,0.7548493356285177,0.7352206258560936,0.7922807874215414,0.06699218912785476,0.7997222862757363,0.8103426427010981,0.7482915008380517,0.7743505752634485,0.7944760941519566,0.7408657476910205,0.7930773641810152,0.7386655614382645,0.8125727253332696,0.797037991202285,0.767532531698067,0.7639296267227004,0.7462446317694247,0.8102585780653132,0.8116544081683104,0.7511727731998472,0.7516110550656241
0.7773451163667123,0.780379727700591,0.7443422610918657,0.7491375309114627,0.7429299053763576,0.7805872786913552,1.0,0.7622928647433549,0.7625155057161097,0.7456441592621879,0.7789333127033554,0.7519445405239711,0.7799421369705798,0.7472543051845206,0.7461117448260803,0.8902245864712701,0.7682351502603758,0.7986467301636648,0.7866989387035676,0.942967814520612,0.7962125079363593,0.7892201993981278,0.799559197131968,0.7804411519204733,0.7605574621977468,0.6990777289087752,0.7880326044152921,0.7581827342113998,0.7610753111590778,0.7618658369666748,0.727088505190805,0.7764909303756469,0.0636726704969216,0.7894720997084739,0.778561917835916,0.7518219982574396,0.9078606227865689,0.7738564367361347,0.7376287991895174,0.7808721049972115,0.7321540700433369,0.7759875198770174,0.7832403504869521,0.7597701114077927,0.7586271999492807,0.749015812528359,0.7701690284871816,0.7707549087716962,0.7487427384331499,0.7579073574629895
0.7742269321015804,0.7679172735807812,0.7391293569059068,0.8296458382571595,0.7452909114227688,0.7653105665574221,0.7622928647433549,1.0,0.7652257991070779,0.8311012745829756,0.7590748981085801,0.82360274672031,0.7682090221564437,0.8227413532678056,0.8224687881611077,0.7632847731519872,0.7588906873595695,0.7570852631754339,0.7469741736203771,0.7633196685807904,0.7520900240510413,0.7500682235061369,0.7602387660445868,0.7601860667603897,0.7531040307835983,0.6910699945975642,0.7676026533040029,0.8788790190062067,0.7709846094772101,0.7624171879441094,0.8070743853058732,0.764742455256861,0.0676885416450248,0.7580130604677096,0.7486271580709543,0.7970878765638346,0.7519713044132948,0.7689267300037534,0.7932516884740345,0.7659945625558005,0.8124604147780161,0.7663414684878276,0.7676604327694858,0.8837222278481555,0.8745150129097956,0.7582649673902101,0.7718460240870908,0.7711271653353872,0.8193041166306048,0.7708680346878747
0.7900636203596398,0.7599813762578841,0.7491500718345256,0.7571539527996318,0.7461610008869406,0.752995004958098,0.7625155057161097,0.7652257991070779,1.0,0.7635880078940931,0.7654340149959559,0.7595732852827779,0.7735893628813297,0.7557124026348332,0.7604392563955586,0.7697932920690318,0.7517201375137683,0.7601928120411322,0.7470113860896175,0.7649321788394954,0.7591520521810824,0.754297183673021,0.7616630798612859,0.7621475197039667,0.7425360539010115,0.6903689999649412,0.7673925541516331,0.7590254792088137,0.7701998312517623,0.8017009544005833,0.7437666001582777,0.7644369033576183,0.0647103539938797,0.7627786808633065,0.7497340578656058,0.7535119807781916,0.7593014144717193,0.761152918843974,0.7401136547988549,0.7720373196864423,0.7511517231373517,0.759059575828686,0.7719098699331965,0.7658898055537696,0.7575325522111936,0.7665040134893161,0.7640703453833918,0.7639775135861969,0.758755293545328,0.7821143514960635
0.7660126843436059,0.7589434754222211,0.7364054756388505,0.8368563937711144,0.747258274564386,0.7477279070512177,0.7456441592621879,0.8311012745829756,0.7635880078940931,1.0,0.7569077868638955,0.8117219482225558,0.7678125378552474,0.8224641248212907,0.8257240483952863,0.7566455088439801,0.7449195173371205,0.7526421757729357,0.7398080211411302,0.7507651547712118,0.7496316924318762,0.7389799144220346,0.7479984900644238,0.7478864734748162,0.7462187277909137,0.6879474517183704,0.7606968263121043,0.8279245852613913,0.7646285171278187,0.7599713354882206,0.8295062699906912,0.7521556927644788,0.06251793814085493,0.7445827755670913,0.7381732600060248,0.7961449893290318,0.7404336619878824,0.7531995573385075,0.7838834654990454,0.7576261371021533,0.8381850955753863,0.7495278301938325,0.7541260604356645,0.8302248064745033,0.8303414199300769,0.7527252627939776,0.7572213545139087,0.7565769199402025,0.822032259448986,0.7615307146042276
0.7869824605876753,0.806820159500042,0.7503295480047617,0.7522505714079704,0.7824274659384307,0.7969062407650046,0.7789333127033554,0.7590748981085801,0.7654340149959559,0.7569077868638955,1.0,0.7573854514074987,0.8358261029126601,0.7556129837446515,0.7495757510804028,0.7825702651346297,0.7849959676860128,0.8233226691123519,0.802419135462867,0.7832329848452869,0.8106993505829148,0.8206232862574242,0.8249305385300956,0.8030159576917518,0.7723072116116819,0.7136914069393671,0.8239710055496687,0.7656533990557978,0.7643428739998771,0.7774467783871783,0.7326305919413962,0.8064175144073049,0.06526289064517177,0.8120760544083865,0.7945372408759386,0.7542461261300986,0.7769885152095042,0.8179930241771889,0.7381082697876216,0.8331365424279515,0.7402247262281176,0.8059476717327018,0.8335660065229032,0.7655800075697681,0.7601328615288379,0.7560989763835393,0.805833364528496,0.8059684913421679,0.7616570644758736,0.7637582866085109
0.7748593200678238,0.7662056624058594,0.7401678981575472,0.8185199027420692,0.7315128437293705,0.754029746503077,0.7519445405239711,0.82360274672031,0.7595732852827779,0.8117219482225558,0.7573854514074987,1.0,0.761734454413332,0.8160849941867295,0.8343987381105242,0.7528980213747067,0.7476838786036908,0.7481209392435768,0.7430495310444211,0.7560464885049367,0.7522652321610186,0.7446300782452004,0.7558262090018343,0.7502402848700775,0.7366030211823574,0.6802447438262349,0.7585952449081884,0.8202195423637065,0.7743956097849976,0.7577575628504433,0.7891245205481009,0.7575949788026071,0.0687877927169338,0.7556169696626724,0.743492592666392,0.7938645460593795,0.7432331048520386,0.7592215557052688,0.7819927885476418,0.7647043247953126,0.7942717832667575,0.7522907331544364,0.7599535654636964,0.8240473885589479,0.8252235240479894,0.7605907816583501,0.762658983925188,0.7618960540502012,0.7995598708150067,0.770904393586607
0.7799318813471485,0.8091871886061597,0.7544367428682366,0.7601142571619603,0.7924809840520178,0.7966245463383615,0.7799421369705798,0.7682090221564437,0.7735893628813297,0.7678125378552474,0.8358261029126601,0.761734454413332,1.0,0.7547714650443916,0.7630536699213253,0.7911612380063375,0.7983310978233142,0.8190518130915646,0.8074574531942794,0.7843018812809885,0.8259768671139567,0.8247408418119663,0.8395042581419778,0.8161293293112468,0.7848992283130293,0.7226139968415526,0.8418961923426296,0.7612694969770606,0.7689499188026909,0.7827125577409498,0.7404051182041227,0.8217986737861828,0.06360012269208681,0.8316001763390618,0.7978735827678112,0.7494925351199548,0.7828723841750387,0.8255501973015416,0.738609641254834,0.844274668192436,0.7509685363523653,0.8063505832532258,0.8364969687762156,0.7650779311654735,0.7611991919585798,0.7547661853115708,0.8098421061234168,0.809155545122311,0.7586400879565436,0.7665905121823174
0.7679134144972556,0.7544732308778566,0.7414148975064232,0.8388110070234104,0.7287962425709026,0.7487469392798992,0.7472543051845206,0.8227413532678056,0.7557124026348332,0.8224641248212907,0.7556129837446515,0.8160849941867295,0.7547714650443916,1.0,0.8451289152250282,0.7494489714885245,0.7454966434520682,0.7532444013039947,0.7405162444238852,0.7518621566039787,0.7468995407322657,0.7482879818576087,0.7550691232373172,0.7414588052446723,0.7315542877258423,0.6735308162246552,0.7559584806742555,0.8404516739725827,0.7684121151657304,0.7533482394079655,0.8193917930686729,0.7513321808878801,0.06571880163231991,0.7465563948527711,0.7390628638743106,0.7936181761616635,0.7372805190133991,0.747856219348763,0.7716162022671238,0.7553968351724621,0.8237644598073923,0.7501122038932125,0.7536852416086828,0.8357689347579531,0.8325657723959321,0.7532324363410505,0.7579062123248239,0.7572366373025651,0.8100751914830999,0.7689044513784418
0.759060726136185,0.7517683012704848,0.7355383338861259,0.8497389590497438,0.7436676577511915,0.7489461713553953,0.7461117448260803,0.8224687881611077,0.7604392563955586,0.8257240483952863,0.7495757510804028,0.8343987381105242,0.7630536699213253,0.8451289152250282,1.0,0.7511140413364641,0.7475779513902412,0.7486222612135773,0.7341538622592476,0.7498389920071038,0.7457630539727595,0.7434637597901781,0.7508431754139782,0.7450267025221042,0.7423517133464257,0.6818050599215013,0.7528638351467734,0.8209065186836566,0.7589453467117173,0.7513440747062925,0.8221869730826586,0.7588504357104074,0.06706162566770923,0.7460608755147421,0.7358069042731386,0.7931236632587031,0.7415321566785301,0.7516501777357656,0.7791417414230017,0.7531752800681433,0.8269578021867022,0.7504888551343387,0.7551818840991658,0.8227602863747532,0.8183538285108862,0.7484448663409362,0.7604108598222536,0.7601185484595314,0.8042561273346208,0.76476234431756
0.7736213892357114,0.7831134785837262,0.74601178582804,0.7542332667363236,0.75948674788023,0.7798786124172947,0.8902245864712701,0.7632847731519872,0.7697932920690318,0.7566455088439801,0.7825702651346297,0.7528980213747067,0.7911612380063375,0.7494489714885245,0.7511140413364641,1.0,0.7731589861715614,0.7905350401132107,0.7858400256164736,0.8969825349565782,0.7915905438072266,0.7833670449642975,0.7912352969597953,0.7861528344809234,0.7706616428864203,0.7112122595425068,0.7852835481966871,0.7575079401534324,0.7647906223823754,0.7701215851667789,0.732589912302104,0.7789019601378022,0.061386714379579765,0.7851179768873834,0.7789005637606926,0.753169888645014,0.8898005336924368,0.777525509826139,0.7365046510481497,0.7804525461561838,0.7392758034403741,0.7700337154859509,0.7796129676146268,0.7575127324288522,0.7584235862388191,0.7491910079340554,0.7710490730014897,0.7705768850051147,0.7571973178503814,0.7568963234151609
0.7602957880550372,0.8137142376173405,0.7342236744565178,0.7500519622021828,0.7872791313197001,0.8030029791609068,0.7682351502603758,0.7588906873595695,0.7517201375137683,0.7449195173371205,0.7849959676860128,0.7476838786036908,0.7983310978233142,0.7454966434520682,0.7475779513902412,0.7731589861715614,1.0,0.7830017346579067,0.7741582318963861,0.7694704600738953,0.7831605585106061,0.7846741230291248,0.7978038743648904,0.8174904711753495,0.8099202420618848,0.739746662558722,0.7908472222412568,0.7492215990994904,0.7581690672404188,0.7562799310451687,0.7320988275382299,0.8080337001473572,0.06839921084566625,0.8003427873017523,0.8028377507203611,0.7455448374088071,0.7658627671266884,0.7805806766662261,0.7301457457185552,0.7891940779523092,0.7342818479454797,0.8000262968889067,0.79547323821665,0.7567198074150527,0.7560523925782248,0.7431832166068849,0.8058187931932601,0.8071633501201962,0.7445994800799408,0.7517476688259146
0.7780991214144543,0.7999643838713338,0.7537236244397953,0.7513296054650946,0.763113833351896,0.7927152808911102,0.7986467301636648,0.7570852631754339,0.7601928120411322,0.7526421757729357,0.8233226691123519,0.7481209392435768,0.8190518130915646,0.7532444013039947,0.7486222612135773,0.7905350401132107,0.7830017346579067,1.0,0.8391493293990098,0.8018453264676834,0.8357965181283556,0.8311448484529,0.8374957031044223,0.7889822713644751,0.7700682074934682,0.7030527355980846,0.8283634902612678,0.7604179816787633,0.7668742987077203,0.7682801584417954,0.7342262545829541,0.808970372046359,0.06765085926492664,0.819433713120438,0.7837243136527093,0.7575996195549852,0.786474512721451,0.8046375554604145,0.7398615730197333,0.8197858646972906,0.7390347574091178,0.8006294165412674,0.8236416866725594,0.7625622652961426,0.7577386946777365,0.7536653014681647,0.7983522321016634,0.7990748976951083,0.7550063975954476,0.7649027979772806
0.7659708310713167,0.7847646588586559,0.745852855307247,0.741589973650587,0.7559464680720357,0.7869746272151955,0.7866989387035676,0.7469741736203771,0.7470113860896175,0.7398080211411302,0.802419135462867,0.7430495310444211,0.8074574531942794,0.7405162444238852,0.7341538622592476,0.7858400256164736,0.7741582318963861,0.8391493293990098,1.0,0.7880327776939551,0.8251530461571024,0.8211774498649621,0.8255250313124289,0.7802084688183714,0.759507467717342,0.694477344851458,0.8138547584079798,0.7489733701438677,0.7521898015112625,0.7615745844209749,0.725065678352595,0.8019632255249624,0.06209003648244393,0.8093197230196264,0.7766564119526509,0.7373898610304623,0.7788355686396375,0.7957397490175553,0.7288292304214627,0.8083227523294625,0.7259881933417767,0.7858617363562923,0.8095131873951191,0.7521567032394972,0.7493033670503058,0.7419325402207761,0.7812174725038582,0.7806273553445712,0.7407572906921907,0.7551313459808814
0.779422410160461,0.7847271589251198,0.7470894408287335,0.7523257147677374,0.7447900760441196,0.7805375384520044,0.942967814520612,0.7633196685807904,0.7649321788394954,0.7507651547712118,0.7832329848452869,0.7560464885049367,0.7843018812809885,0.7518621566039787,0.7498389920071038,0.8969825349565782,0.7694704600738953,0.8018453264676834,0.7880327776939551,1.0,0.8012603648123298,0.7915161337393569,0.8018795376267586,0.7802407238789739,0.7643032825138344,0.7011448109766674,0.7930474315064764,0.7623459888464954,0.7665188829128998,0.7653179021053915,0.7309224777495391,0.779329898788671,0.0638581071862403,0.7918842531085432,0.7825996684613565,0.7576991342175561,0.9130064945448241,0.778952126710301,0.738361052978084,0.7857655523112426,0.7361691719327168,0.7768145413686249,0.7871725175940724,0.7624289007334328,0.7613563369125317,0.7547508062166128,0.7730555137406464,0.7732475471049551,0.7533268448901645,0.7640334814471599
0.7709905472494917,0.7954371419009495,0.7568882834374698,0.7491519019440236,0.7694608784417691,0.7853553596198805,0.7962125079363593,0.7520900240510413,0.7591520521810824,0.7496316924318762,0.8106993505829148,0.7522652321610186,0.8259768671139567,0.7468995407322657,0.7457630539727595,0.7915905438072266,0.7831605585106061,0.8357965181283556,0.8251530461571024,0.8012603648123298,1.0,0.8237519043396542,0.8368310933554001,0.7889027073538499,0.7672388445864062,0.7076327994278064,0.8261731164330235,0.7568818920841411,0.7602215061363616,0.7745937290741217,0.7312979441873303,0.8117542190373022,0.06733520850846153,0.8250152659610502,0.7879666535757341,0.7499573077681329,0.7865410630771611,0.8073004635703345,0.7373177968241955,0.8244439273939665,0.738280750510498,0.7927986868280346,0.821121202910482,0.7605340926628639,0.7563373801698698,0.7589828834320662,0.8016542557515103,0.8016641640656575,0.7506658198638895,0.7593228435248227
0.7687216865068853,0.7903900130076862,0.7456266191173007,0.7452783278382717,0.7599949165548746,0.7962050107244294,0.7892201993981278,0.7500682235061369,0.754297183673021,0.7389799144220346,0.8206232862574242,0.7446300782452004,0.8247408418119663,0.7482879818576087,0.7434637597901781,0.7833670449642975,0.7846741230291248,0.8311448484529,0.8211774498649621,0.7915161337393569,0.8237519043396542,1.0,0.8784809529310758,0.7841457400389132,0.764824388672768,0.7010587829835185,0.8205181381422705,0.7530246537451524,0.7522849515891513,0.756457148801651,0.7270531214884927,0.8082877968679509,0.07108790896881889,0.8441282556865246,0.7841791724297723,0.7466292729876388,0.7826981928737798,0.8018398405018501,0.7313617824763532,0.8198113069357353,0.7288358109972877,0.7863408403691664,0.8199343624104837,0.7579306763170706,0.7537815390538798,0.7453490075627018,0.7916326607390526,0.7912318998279013,0.7471974510946559,0.7573840114748773
0.7787899668063373,0.8002257838221065,0.7546372807905637,0.7527971790564219,0.7693147712183874,0.7960045855262916,0.799559197131968,0.7602387660445868,0.7616630798612859,0.7479984900644238,0.8249305385300956,0.7558262090018343,0.8395042581419778,0.7550691232373172,0.7508431754139782,0.7912352969597953,0.7978038743648904,0.8374957031044223,0.8255250313124289,0.8018795376267586,0.8368310933554001,0.8784809529310758,1.0,0.7981841135678098,0.7779274627203352,0.7087768103551358,0.8408990585509991,0.7614814653125317,0.7656680591596637,0.7697007316564254,0.7329171526427425,0.8202939713255932,0.06807423067610363,0.8616150132488756,0.7948123146438368,0.7540807337304452,0.7895434273484764,0.8165407830408222,0.7400970672658342,0.8320824227093905,0.7361333576257347,0.7977784704568416,0.8345584569643865,0.7639224504157528,0.7614341191212909,0.7544519789693925,0.8028579222403951,0.8028561536014764,0.7533745672698482,0.7659327221501185
0.7728031978304227,0.8282242945416799,0.7399931326213574,0.7485233786477816,0.7807327160276737,0.8201590002775361,0.7804411519204733,0.7601860667603897,0.7621475197039667,0.7478864734748162,0.8030159576917518,0.7502402848700775,0.8161293293112468,0.7414588052446723,0.7450267025221042,0.7861528344809234,0.8174904711753495,0.7889822713644751,0.7802084688183714,0.7802407238789739,0.7889027073538499,0.7841457400389132,0.7981841135678098,1.0,0.815497402200333,0.7341980159176675,0.7996944458107526,0.7469649017097808,0.7542862992296253,0.764777437143319,0.7289708860243125,0.7991147463815975,0.06394303136565849,0.7960424220727549,0.8274503414794769,0.7404856955536399,0.7815737340573431,0.7889506461678906,0.7312394807432041,0.7973944964021308,0.7353093344506618,0.8140308243279615,0.7982357889233185,0.7530042521762526,0.7512100977588365,0.7442904832851411,0.8070149237773894,0.8068028460331925,0.7428152331061123,0.7497947022895997
0.7587130646924707,0.809978676018227,0.7320693314733442,0.7452576257461259,0.7825485544313345,0.7994369386232327,0.7605574621977468,0.7531040307835983,0.7425360539010115,0.7462187277909137,0.7723072116116819,0.7366030211823574,0.7848992283130293,0.7315542877258423,0.7423517133464257,0.7706616428864203,0.8099202420618848,0.7700682074934682,0.759507467717342,0.7643032825138344,0.7672388445864062,0.764824388672768,0.7779274627203352,0.815497402200333,1.0,0.7332801394092484,0.7823621690415078,0.7395238911736752,0.7432044000471063,0.7489520934412474,0.7279394889811786,0.8017358003706638,0.06217919198880806,0.7755332969722855,0.8031715263518758,0.7341837553026771,0.7601918108186287,0.7757750771654567,0.7248135972565785,0.7785190349990774,0.7316990563003289,0.7869294203086343,0.7817467479771275,0.7520440104748749,0.748456863022191,0.7396591363141869,0.7896392747778662,0.7906718013107602,0.7402078417926747,0.7375668468665613
0.6954297542056109,0.7238785998098849,0.6676101755603787,0.6836220810126126,0.7151249380616094,0.7194517625614885,0.6990777289087752,0.6910699945975642,0.6903689999649412,0.6879474517183704,0.7136914069393671,0.6802447438262349,0.7226139968415526,0.6735308162246552,0.6818050599215013,0.7112122595425068,0.739746662558722,0.7030527355980846,0.694477344851458,0.7011448109766674,0.7076327994278064,0.7010587829835185,0.7087768103551358,0.7341980159176675,0.7332801394092484,1.0,0.7131959282309899,0.6815144657295518,0.6838895971874555,0.6905311577859676,0.6681078076325877,0.7154848620028982,0.057891353828541714,0.7092087331184553,0.7269465925667968,0.6771095817435817,0.7030264417454479,0.7209239023633178,0.6662589338000038,0.7144860208317971,0.6717578722496313,0.7184536009294495,0.7144155860255761,0.6915327187440348,0.6910262247849375,0.6736101024650796,0.7200186287978261,0.7290866447328888,0.6793255668282372,0.6828962918606094
0.7767818221308693,0.8053456642676358,0.7574192817692758,0.7562978354693304,0.7750266915273478,0.7920261382194251,0.7880326044152921,0.7676026533040029,0.7673925541516331,0.7606968263121043,0.8239710055496687,0.7585952449081884,0.8418961923426296,0.7559584806742555,0.7528638351467734,0.7852835481966871,0.7908472222412568,0.8283634902612678,0.8138547584079798,0.7930474315064764,0.8261731164330235,0.8205181381422705,0.8408990585509991,0.7996944458107526,0.7823621690415078,0.7131959282309899,1.0,0.7670870204036807,0.7741728865893321,0.7734017613666446,0.7400204421009413,0.8206379270759212,0.06540411951344705,0.8249171610508812,0.7932741950136131,0.7573138517045097,0.7806806661715007,0.8423445159088894,0.7356983380763015,0.8440352998222829,0.7464848602147784,0.8003199184782244,0.8546053543420421,0.7724089841795474,0.767926817566416,0.7608563022194709,0.803561577735699,0.8031495405845707,0.7653103281806811,0.7704145891210679
0.7749082695012453,0.7661613257841446,0.7457210940636559,0.8300252488761286,0.7311998020145972,0.7611180907941012,0.7581827342113998,0.8788790190062067,0.7590254792088137,0.8279245852613913,0.7656533990557978,0.8202195423637065,0.7612694969770606,0.8404516739725827,0.8209065186836566,0.7575079401534324,0.7492215990994904,0.7604179816787633,0.7489733701438677,0.7623459888464954,0.7568818920841411,0.7530246537451524,0.7614814653125317,0.7469649017097808,0.7395238911736752,0.6815144657295518,0.7670870204036807,1.0,0.7712763456152253,0.7626938028941612,0.8084383242009118,0.7565122762843959,0.06696317220177361,0.7571366861664803,0.7493434324704417,0.8003833539264987,0.747610629648918,0.7674882676072163,0.7869208097837435,0.7624418048272836,0.8183973813763313,0.7596259751480393,0.7647414747127868,0.9258695962760168,0.9063005592803919,0.7590530750784209,0.7697248536594494,0.7687109352075067,0.8280576808445615,0.7662917696761508
0.782284650307584,0.7669388961624602,0.7624668628761875,0.7620911784325023,0.7403805593210055,0.7502331961932787,0.7610753111590778,0.7709846094772101,0.7701998312517623,0.7646285171278187,0.7643428739998771,0.7743956097849976,0.7689499188026909,0.7684121151657304,0.7589453467117173,0.7647906223823754,0.7581690672404188,0.7668742987077203,0.7521898015112625,0.7665188829128998,0.7602215061363616,0.7522849515891513,0.7656680591596637,0.7542862992296253,0.7432044000471063,0.6838895971874555,0.7741728865893321,0.7712763456152253,1.0,0.7703998962884596,0.7436870830647326,0.7623249504680516,0.06604514827762487,0.7602182894905406,0.7507388507987396,0.7653446007964101,0.7542430446976452,0.7631900471530515,0.7392358365077525,0.7722140166654606,0.7463164228718159,0.7545193501560077,0.7673374276702221,0.7742355934831009,0.7703853345745568,0.7916715339642546,0.7673093635016985,0.7668110300980465,0.7643428484026209,0.8479235583073548
0.7966855759933054,0.766583548677663,0.7604695095971131,0.7499973612452691,0.7410271097151173,0.7548493356285177,0.7618658369666748,0.7624171879441094,0.8017009544005833,0.7599713354882206,0.7774467783871783,0.7577575628504433,0.7827125577409498,0.7533482394079655,0.7513440747062925,0.7701215851667789,0.7562799310451687,0.7682801584417954,0.7615745844209749,0.7653179021053915,0.7745937290741217,0.756457148801651,0.7697007316564254,0.764777437143319,0.7489520934412474,0.6905311577859676,0.7734017613666446,0.7626938028941612,0.7703998962884596,1.0,0.7428034870329714,0.7658529806932557,0.06729228047679503,0.7651684273481322,0.7610051290239829,0.7476398482458777,0.7590909665422646,0.7650073992704293,0.7390209755505693,0.779884571214666,0.7453766475197869,0.7623739288682272,0.7775379586783532,0.763964790067942,0.756620867447613,0.7762153550086331,0.7754041148430353,0.7745345645941255,0.7595471678864527,0.775935349643237
0.7425908555046439,0.7335206261159594,0.7186848214981103,0.8187384184301563,0.7292675633549794,0.7352206258560936,0.727088505190805,0.8070743853058732,0.7437666001582777,0.8295062699906912,0.7326305919413962,0.7891245205481009,0.7404051182041227,0.8193917930686729,0.8221869730826586,0.732589912302104,0.7320988275382299,0.7342262545829541,0.725065678352595,0.7309224777495391,0.7312979441873303,0.7270531214884927,0.7329171526427425,0.7289708860243125,0.7279394889811786,0.6681078076325877,0.7400204421009413,0.8084383242009118,0.7436870830647326,0.7428034870329714,1.0,0.7402156177844823,0.06617035425638917,0.7279075588278721,0.7214942727576776,0.7779500938408056,0.7213235248014045,0.7291405407370704,0.7539405290162997,0.7382587830411027,0.8600563504816656,0.7324852424679325,0.7317877043547443,0.810097245842166,0.8046245060013262,0.7366262124027365,0.7417536454032383,0.7407738186186991,0.7952527678009081,0.7446189630261857
0.7701388074016647,0.7976294554402903,0.7423144793930557,0.7618109615292148,0.7901136510612661,0.7922807874215414,0.7764909303756469,0.764742455256861,0.7644369033576183,0.7521556927644788,0.8064175144073049,0.7575949788026071,0.8217986737861828,0.7513321808878801,0.7588504357104074,0.7789019601378022,0.8080337001473572,0.808970372046359,0.8019632255249624,0.779329898788671,0.8117542190373022,0.8082877968679509,0.8202939713255932,0.7991147463815975,0.8017358003706638,0.7154848620028982,0.8206379270759212,0.7565122762843959,0.7623249504680516,0.7658529806932557,0.7402156177844823,1.0,0.06767894273631714,0.8128630901687116,0.784239894479491,0.7475357549209791,0.7757053547778934,0.8111283146173245,0.7362551726539455,0.8235981459017707,0.7395786211761799,0.7984606887727216,0.8299761452516052,0.7615509481188217,0.759313392750525,0.749816006373613,0.8024336287572975,0.8032205212585256,0.7474394956142904,0.7603739444667419
0.06329818045807334,0.0697204007325618,0.06583568698731945,0.07099224545425131,0.06045809405777269,0.06699218912785476,0.0636726704969216,0.0676885416450248,0.0647103539938797,0.06251793814085493,0.06526289064517177,0.0687877927169338,0.06360012269208681,0.06571880163231991,0.06706162566770923,0.061386714379579765,0.06839921084566625,0.06765085926492664,0.06209003648244393,0.0638581071862403,0.06733520850846153,0.07108790896881889,0.06807423067610363,0.06394303136565849,0.06217919198880806,0.057891353828541714,0.06540411951344705,0.06696317220177361,0.06604514827762487,0.06729228047679503,0.06617035425638917,0.06767894273631714,1.0,0.06740061443673462,0.06462452119371564,0.06536706769078371,0.06264513258538551,0.062055671224316655,0.07041047196559169,0.06476753141704916,0.06607148128559559,0.06782183900564931,0.0664504369061436,0.06765370831915529,0.06770347325882953,0.06315421876697003,0.06134282478461217,0.06114593338753738,0.07237708313216673,0.06700819757308751
0.7759500878589768,0.7949168899571144,0.7511909030298798,0.743042464813692,0.7756494869725166,0.7997222862757363,0.7894720997084739,0.7580130604677096,0.7627786808633065,0.7445827755670913,0.8120760544083865,0.7556169696626724,0.8316001763390618,0.7465563948527711,0.7460608755147421,0.7851179768873834,0.8003427873017523,0.819433713120438,0.8093197230196264,0.7918842531085432,0.8250152659610502,0.8441282556865246,0.8616150132488756,0.7960424220727549,0.7755332969722855,0.7092087331184553,0.8249171610508812,0.7571366861664803,0.7602182894905406,0.7651684273481322,0.7279075588278721,0.8128630901687116,0.06740061443673462,1.0,0.7907611431906045,0.7569436707774709,0.779740571628573,0.8126766808898138,0.7415414883533393,0.8236750454324735,0.7357475415140527,0.8044424803122846,0.8277315891734986,0.7597978012390489,0.759417962443147,0.7512616580874575,0.8048053259887966,0.8054613842962202,0.751837764032162,0.7610364753168972
0.7634452712274965,0.8190663614679882,0.7342196091180404,0.7399112752500411,0.7535248751936225,0.8103426427010981,0.778561917835916,0.7486271580709543,0.7497340578656058,0.7381732600060248,0.7945372408759386,0.743492592666392,0.7978735827678112,0.7390628638743106,0.7358069042731386,0.7789005637606926,0.8028377507203611,0.7837243136527093,0.7766564119526509,0.7825996684613565,0.7879666535757341,0.7841791724297723,0.7948123146438368,0.8274503414794769,0.8031715263518758,0.7269465925667968,0.7932741950136131,0.7493434324704417,0.7507388507987396,0.7610051290239829,0.7214942727576776,0.784239894479491,0.06462452119371564,0.7907611431906045,1.0,0.7389965533719066,0.7728007598661139,0.7825827205568212,0.7219790119493101,0.7981676918558325,0.7250895215030532,0.7981993468532831,0.8009072686081453,0.7499310515081082,0.7465428558620941,0.7482256751835838,0.8003764579795306,0.8007556423932215,0.7364167524264256,0.7532118472611511
0.7624914523334676,0.7534364790532079,0.7356556060278676,0.7871899691481554,0.7244725573527396,0.7482915008380517,0.7518219982574396,0.7970878765638346,0.7535119807781916,0.7961449893290318,0.7542461261300986,0.7938645460593795,0.7494925351199548,0.7936181761616635,0.7931236632587031,0.753169888645014,0.7455448374088071,0.7575996195549852,0.7373898610304623,0.7576991342175561,0.7499573077681329,0.7466292729876388,0.7540807337304452,0.7404856955536399,0.7341837553026771,0.6771095817435817,0.7573138517045097,0.8003833539264987,0.7653446007964101,0.7476398482458777,0.7779500938408056,0.7475357549209791,0.06536706769078371,0.7569436707774709,0.7389965533719066,1.0,0.7426407865445595,0.7482454201866404,0.7835869024896787,0.7533904706491842,0.7788762546123689,0.7460808783152675,0.7541506085351648,0.8026406474468899,0.8009317209831652,0.7501049197807113,0.7525038015434363,0.7504755948577246,0.7974537574625822,0.7602069009469992
0.7687131381423187,0.7728882678036775,0.7374329944341761,0.7415432795741163,0.7481350468924252,0.7743505752634485,0.9078606227865689,0.7519713044132948,0.7593014144717193,0.7404336619878824,0.7769885152095042,0.7432331048520386,0.7828723841750387,0.7372805190133991,0.7415321566785301,0.8898005336924368,0.7658627671266884,0.786474512721451,0.7788355686396375,0.9130064945448241,0.7865410630771611,0.7826981928737798,0.7895434273484764,0.7815737340573431,0.7601918108186287,0.7030264417454479,0.7806806661715007,0.747610629648918,0.7542430446976452,0.7590909665422646,0.7213235248014045,0.7757053547778934,0.06264513258538551,0.779740571628573,0.7728007598661139,0.7426407865445595,1.0,0.7690227689934334,0.728304167027003,0.7737455726512343,0.7258400691883364,0.7713832302381263,0.7771462840281669,0.74829491955123,0.7464763585548682,0.7367939810560984,0.7623487653839248,0.7628038492543131,0.7414699517514165,0.7501605132564148
0.7812368584242599,0.8034893541299672,0.7478387583610376,0.7514879199304351,0.7798782005001579,0.7944760941519566,0.7738564367361347,0.7689267300037534,0.761152918843974,0.7531995573385075,0.8179930241771889,0.7592215557052688,0.8255501973015416,0.747856219348763,0.7516501777357656,0.777525509826139,0.7805806766662261,0.8046375554604145,0.7957397490175553,0.778952126710301,0.8073004635703345,0.8018398405018501,0.8165407830408222,0.7889506461678906,0.7757750771654567,0.7209239023633178,0.8423445159088894,0.7674882676072163,0.7631900471530515,0.7650073992704293,0.7291405407370704,0.8111283146173245,0.062055671224316655,0.8126766808898138,0.7825827205568212,0.7482454201866404,0.7690227689934334,1.0,0.7427851950208523,0.8273700603918733,0.7392935073333915,0.8016375450385068,0.8519594602730894,0.7725269839447184,0.7675864545323006,0.7546212623767119,0.8008406705694752,0.8015964272046198,0.7614072893884831,0.7593931752046207
0.7496493545318548,0.7408928385378785,0.7177640480715055,0.7797341375468989,0.7251213339578659,0.7408657476910205,0.7376287991895174,0.7932516884740345,0.7401136547988549,0.7838834654990454,0.7381082697876216,0.7819927885476418,0.738609641254834,0.7716162022671238,0.7791417414230017,0.7365046510481497,0.7301457457185552,0.7398615730197333,0.7288292304214627,0.738361052978084,0.7373177968241955,0.7313617824763532,0.7400970672658342,0.7312394807432041,0.7248135972565785,0.6662589338000038,0.7356983380763015,0.7869208097837435,0.7392358365077525,0.7390209755505693,0.7539405290162997,0.7362551726539455,0.07041047196559169,0.7415414883533393,0.7219790119493101,0.7835869024896787,0.728304167027003,0.7427851950208523,1.0,0.7391844619126272,0.7654096284060112,0.7449797591028913,0.741749958041767,0.7966397554504796,0.7971660133551273,0.7355474211804788,0.7424881579522575,0.742002502759129,0.7789124656963677,0.7359356636051488
