../ecoli_genomes/GCF_000163235.1_ASM16323v1_genomic.fna.gz,../ecoli_genomes/GCF_000164555.1_ASM16455v1_genomic.fna.gz,../ecoli_genomes/GCF_000208545.1_ASM20854v2_genomic.fna.gz,../ecoli_genomes/GCF_000233875.1_ASM23387v1_genomic.fna.gz,../ecoli_genomes/GCF_000249735.1_ASM24973v2_genomic.fna.gz,../ecoli_genomes/GCF_000261145.1_Esch_coli_M919_V2_genomic.fna.gz,../ecoli_genomes/GCF_000267705.2_ASM26770v2_genomic.fna.gz,../ecoli_genomes/GCF_000350665.1_Esch_coli_KTE5_V1_genomic.fna.gz,../ecoli_genomes/GCF_000351625.1_Esch_coli_KTE66_V1_genomic.fna.gz,../ecoli_genomes/GCF_000352285.1_Esch_coli_KTE46_V1_genomic.fna.gz,../ecoli_genomes/GCF_000358895.1_ASM35889v1_genomic.fna.gz,../ecoli_genomes/GCF_000456385.1_Esch_coli_HVH_26_4-5703913_V1_genomic.fna.gz,../ecoli_genomes/GCF_000458195.1_Esch_coli_HVH_147_4-5893887_V1_genomic.fna.gz,../ecoli_genomes/GCF_000459755.1_Esch_coli_KOEGE_58_171a_V1_genomic.fna.gz,../ecoli_genomes/GCF_000460055.1_Esch_coli_UMEA_3053-1_V1_genomic.fna.gz,../ecoli_genomes/GCF_000462165.2_ASM46216v2_genomic.fna.gz,../ecoli_genomes/GCF_000601135.1_ASM60113v1_genomic.fna.gz,../ecoli_genomes/GCF_000614595.1_Ec2010EL1058_genomic.fna.gz,../ecoli_genomes/GCF_000617745.1_Ec2010C-4529_genomic.fna.gz,../ecoli_genomes/GCF_000618265.2_EcF6751_genomic.fna.gz,../ecoli_genomes/GCF_000619005.2_Ec2009C-4052_genomic.fna.gz,../ecoli_genomes/GCF_000619105.1_Ec2009C-4780_genomic.fna.gz,../ecoli_genomes/GCF_000619765.2_Ec2009C-3279_genomic.fna.gz,../ecoli_genomes/GCF_000687005.1_ASM68700v1_genomic.fna.gz,../ecoli_genomes/GCF_000687025.1_ASM68702v1_genomic.fna.gz,../ecoli_genomes/GCF_000700125.1_ASM70012v1_genomic.fna.gz,../ecoli_genomes/GCF_000753315.1_FHI35_genomic.fna.gz,../ecoli_genomes/GCF_000776375.1_ASM77637v1_genomic.fna.gz,../ecoli_genomes/GCF_000779395.1_ASM77939v1_genomic.fna.gz,../ecoli_genomes/GCF_000780315.1_ASM78031v1_genomic.fna.gz,../ecoli_genomes/GCF_000781995.1_ASM78199v1_genomic.fna.gz,../ecoli_genomes/GCF_000986765.1_ASM98676v1_genomic.fna.gz,../ecoli_genomes/GCF_001041375.1_ViralProj287958_genomic.fna.gz,../ecoli_genomes/GCF_001265335.1_302014_genomic.fna.gz,../ecoli_genomes/GCF_001265625.1_100854_genomic.fna.gz,../ecoli_genomes/GCF_001267345.1_303289_genomic.fna.gz,../ecoli_genomes/GCF_001309985.1_ASM130998v1_genomic.fna.gz,../ecoli_genomes/GCF_001521695.1_ASM152169v1_genomic.fna.gz,../ecoli_genomes/GCF_001592595.1_ASM159259v1_genomic.fna.gz,../ecoli_genomes/GCF_001614975.1_ASM161497v1_genomic.fna.gz,../ecoli_genomes/GCF_001692775.1_ASM169277v1_genomic.fna.gz,../ecoli_genomes/GCF_001748915.1_ASM174891v1_genomic.fna.gz,../ecoli_genomes/GCF_001749235.1_ASM174923v1_genomic.fna.gz,../ecoli_genomes/GCF_001881155.1_ASM188115v1_genomic.fna.gz,../ecoli_genomes/GCF_001881345.1_ASM188134v1_genomic.fna.gz,../ecoli_genomes/GCF_001892405.1_ASM189240v1_genomic.fna.gz,../ecoli_genomes/GCF_001892585.1_ASM189258v1_genomic.fna.gz,../ecoli_genomes/GCF_001893985.1_ASM189398v1_genomic.fna.gz,../ecoli_genomes/GCF_002001595.1_ASM200159v1_genomic.fna.gz,../ecoli_genomes/GCF_002002145.1_ASM200214v1_genomic.fna.gz
1.0,0.792685058843998,0.7690805389043089,0.7704159053715617,0.7611093219889637,0.7733224388748468,0.7789673557249476,0.7674886469103313,0.8113667666890322,0.7723262027969708,0.7850100257414757,0.7828862221379537,0.7836388192726773,0.7670734691066081,0.7663940499501363,0.7801486934502893,0.769846265735319,0.7849952270652685,0.7713938582982344,0.7843963248906425,0.7771965464503311,0.7712127382677105,0.7886424232811958,0.7757206799112613,0.7602663562710608,0.7708283113705514,0.7844058752028267,0.7738835010489972,0.7859737296145797,0.8100572780581632,0.7570270964727247,0.7759474264787085,0.06001643578374638,0.7796803330129628,0.771415204034875,0.7725421717456293,0.7741904334874161,0.7809267180507204,0.7041428948127029,0.7856240407323821,0.757870096284281,0.7868495435037546,0.7863372696377245,0.7744532859651648,0.7762821226719061,0.7818476287268479,0.7824848896460324,0.7822711143904998,0.7648973979941986,0.7989625572607868
0.792685058843998,1.0,0.7539883960791912,0.769034308948433,0.7807756235415924,0.8338435868098288,0.7906311990711617,0.7622962853942247,0.7778747416540763,0.7687189874178566,0.8073544436030402,0.7711040937880094,0.805428287521956,0.7593282097167466,0.7606883112594266,0.7886191166294938,0.8041505050064216,0.8076723130613991,0.7950116678693028,0.7954931029683803,0.8000553828524067,0.7960874154133244,0.8123580394496823,0.8238635814508385,0.8198140886431435,0.8194275048474363,0.8098160940199954,0.7672677289012555,0.7686666923298906,0.7874389416342399,0.7570459588760579,0.7964582139711576,0.05942613726797119,0.804905695477623,0.8342687818268963,0.7564669613518845,0.7797203235558336,0.8122836126365891,0.6876878201087568,0.8052768336241662,0.7573360455174181,0.8288096941379174,0.8105283402855646,0.7711982995631093,0.7681786840184065,0.7722956629701633,0.8264030278793816,0.8269413517145587,0.7587119297461304,0.7770475174807997
0.7690805389043089,0.7539883960791912,1.0,0.7380097090555915,0.7289531261459052,0.7380469351098193,0.7530540663717696,0.7394664444650748,0.7581267973858431,0.7432784289863101,0.7452735001905182,0.7427189306195128,0.7494754322800803,0.7408353517429872,0.7370776733093791,0.7532832437909995,0.7272757597637869,0.7577339388770132,0.7365690829805116,0.7604903664973279,0.751342347739459,0.738684687755111,0.7528524392143318,0.7310965630343125,0.724785041655218,0.7290215687738144,0.7497043390869478,0.745303134303264,0.7504169802118789,0.7636138940935747,0.7332979014592732,0.7389724492459049,0.06303392264490792,0.7474105993219968,0.7332577597534196,0.7437056502576066,0.7417200791008391,0.7465590509072253,0.6741092003947415,0.757927046706744,0.7391792947863889,0.7571351829172894,0.7536521089470591,0.7458789293815425,0.7422657336537883,0.7437878200650847,0.7519539856096669,0.7524705433761953,0.7477580594566069,0.7572545064726831
0.7704159053715617,0.769034308948433,0.7380097090555915,1.0,0.7578381345225949,0.7687126471260916,0.7677946092212695,0.8291010674069875,0.7702121231038856,0.8422534726867128,0.7627398045082997,0.8328686041028877,0.7696999429426946,0.8485039700367997,0.856777364731804,0.7727838646159737,0.7633062232596151,0.7698420135010728,0.7582035075141206,0.7725160391194582,0.7633372844485615,0.7592480883295856,0.7752669118999425,0.7633044462345009,0.7585187357498497,0.7677344636697601,0.7648194858619188,0.8395443498665475,0.7663808631709758,0.7647035990707141,0.8328737449047199,0.7741949671081323,0.0660576082776706,0.7697631131934964,0.7607321640800941,0.8050125902251912,0.7640648864686315,0.7602152242309621,0.7266161016947071,0.7629579588381934,0.8345945016102831,0.7701905304150198,0.7617396184100491,0.8405221983155717,0.8355074240232786,0.7696644733468562,0.7668508178372744,0.7673422307190706,0.8102840442958649,0.7789114848084766
0.7611093219889637,0.7807756235415924,0.7289531261459052,0.7578381345225949,1.0,0.785384234262517,0.7698233626680862,0.7474175190304989,0.7664846148386693,0.7564935252559046,0.8106195654537016,0.7375551306913128,0.8196853850287655,0.7469455882285401,0.7562242563241641,0.7735679077753308,0.7910017456429519,0.7924880856907347,0.7759751338088465,0.7740882618569414,0.792858892492805,0.7733757206740661,0.795619887408042,0.7886610835133789,0.7824085180747078,0.7896877924475784,0.7970987138620907,0.7397825140957286,0.7509221846455276,0.770571213227574,0.7480047618201674,0.8096671385399411,0.057498175102201454,0.7925670954239586,0.7802329408599071,0.7392205321440749,0.7687289120356764,0.8032049367030405,0.6768381643304568,0.8060130333475096,0.753022951407538,0.7977722402452867,0.8025534249092973,0.7390582106802135,0.7396148706340415,0.7499869414766436,0.7940533305432282,0.7936491178853659,0.742388048129246,0.7589487907522657
0.7733224388748468,0.8338435868098288,0.7380469351098193,0.7687126471260916,0.785384234262517,1.0,0.7888825841798258,0.7593711626610558,0.7650202764213555,0.7584727168226665,0.8040892758813206,0.7601845222624554,0.8009550720294485,0.753513382445531,0.757209181691347,0.7860662574604415,0.804367341790633,0.8075634401861534,0.7944198928858794,0.7909897989583128,0.7939655115937142,0.8038076076787827,0.8096232087289974,0.8245651411319412,0.8254729817543885,0.8082188926865668,0.7931464391495857,0.758317516853109,0.7613979907761858,0.7725304233441588,0.7487597669617021,0.798008203731035,0.06191941302048243,0.8030536467593354,0.8233191977994767,0.7597927617679475,0.7782522252735985,0.7963976370825959,0.7004927868980617,0.7959432725924211,0.7478525379256988,0.8157585340589968,0.8006234680339438,0.7601086563100854,0.7598674014727431,0.7618260750969142,0.8118609087587598,0.814108289095935,0.752232623811554,0.7763187244500086
0.7789673557249476,0.7906311990711617,0.7530540663717696,0.7677946092212695,0.7698233626680862,0.7888825841798258,1.0,0.7686889901007745,0.7771515315931111,0.7680532801856734,0.790250316602034,0.7707441781277777,0.7943651133708405,0.7598105971876303,0.7591575572621927,0.9069747273309384,0.7756778924236009,0.8082692227668088,0.802766392384014,0.947284380304029,0.810219671568344,0.794668164641888,0.811225116682482,0.7856496151383686,0.7723551135377017,0.7793561155444145,0.7987611853252314,0.7699041582394347,0.7718378006002595,0.7839625659332247,0.754198015434394,0.7868579065454572,0.06448197096217723,0.7999917825354175,0.7768457960420246,0.7755490372606896,0.915447003777211,0.783466926882485,0.7131806446056218,0.7933693618244488,0.7548591281421072,0.7972822446671342,0.7983301507756917,0.7719280624163088,0.7692208638184723,0.7659717286912061,0.7866444042867023,0.7866265361079156,0.769406739094933,0.7830312199153856
0.7674886469103313,0.7622962853942247,0.7394664444650748,0.8291010674069875,0.7474175190304989,0.7593711626610558,0.7686889901007745,1.0,0.7658526738309153,0.8338667926024562,0.7540892565406986,0.8253208284314046,0.7647789140461492,0.8282031137288033,0.8193622791565756,0.7653341166392322,0.746983560769579,0.7669128702554651,0.7567169908844997,0.7709582871794148,0.7642090069638832,0.7548091962006664,0.7746522413048106,0.7447636390784286,0.7385687248997902,0.7550109327130925,0.7624452706293807,0.8823196335045287,0.7645587730324266,0.7637408286210525,0.8135592963720386,0.762496726250093,0.06493776621615466,0.7691805420387019,0.7495162044190835,0.8022345025650891,0.7601835160359998,0.7637261227616869,0.7295358292974071,0.7588250813372899,0.8164805236611989,0.7688200716849587,0.7609369979655447,0.8825004766554716,0.8762811509139234,0.7678396287598772,0.7607263714659831,0.7624092258861509,0.8120925201450614,0.777545889490268
0.8113667666890322,0.7778747416540763,0.7581267973858431,0.7702121231038856,0.7664846148386693,0.7650202764213555,0.7771515315931111,0.7658526738309153,1.0,0.7751296609005422,0.7756463985954611,0.7675383237043865,0.783634064913636,0.7708409274290923,0.7771066701712215,0.7732383414399645,0.7632861224340775,0.7773275496010809,0.7627766778035359,0.7828626936217894,0.7755459844910969,0.7594529996461215,0.7842542722070412,0.7540699296102225,0.751034658994165,0.7698288710890666,0.7846093723770788,0.7671860425922766,0.7774407585870926,0.8156579940176416,0.7621492835751593,0.7693201307143874,0.06110363076578629,0.7777338196103031,0.7608324149910041,0.7732563056925579,0.7696261093301501,0.7666709955583257,0.692501595355792,0.784158805468446,0.758788903490867,0.7814712780506425,0.7895299587730028,0.7689219406010207,0.7665587091837961,0.7804697578318667,0.7789598287647659,0.780039171315364,0.7682429135365351,0.7899447546752607
0.7723262027969708,0.7687189874178566,0.7432784289863101,0.8422534726867128,0.7564935252559046,0.7584727168226665,0.7680532801856734,0.8338667926024562,0.7751296609005422,1.0,0.7662184969512803,0.8239893342724167,0.7753012146571584,0.8317872927812981,0.8297562899373002,0.7719911028043758,0.7524226700988709,0.7664475081000564,0.7588606849328977,0.7717965304326118,0.7643855221635256,0.7610742444877898,0.7706778918686523,0.7537259546965533,0.75105123002965,0.764012641101146,0.7672947653569369,0.8397917025608286,0.7681351132766177,0.7696504556895902,0.8402539644445998,0.76551685068259,0.06317124382427741,0.7656065842587307,0.7544129201659496,0.8115505038873578,0.7618193915186943,0.7637378431304012,0.7263970208734061,0.7700536540184699,0.8374878221799207,0.7668091945505127,0.7632785730010837,0.8381081426224557,0.835229614805771,0.7681023135498636,0.7629607003162164,0.762085829715243,0.8230809593737,0.7749249631084366
0.7850100257414757,0.8073544436030402,0.7452735001905182,0.7627398045082997,0.8106195654537016,0.8040892758813206,0.790250316602034,0.7540892565406986,0.7756463985954611,0.7662184969512803,1.0,0.7593064706253507,0.844989450302898,0.7607721705720731,0.7578736021262467,0.7902798876182454,0.7879249043034622,0.8240335803829073,0.810546270916825,0.7931583091776848,0.8178350006346313,0.8249159319965793,0.8299483988428606,0.8082075203502229,0.7817863880142483,0.8066185318698504,0.8254522558007035,0.7597142369604707,0.7710168384419133,0.7925564088837662,0.752050684972312,0.8035969647481525,0.0597720246595741,0.8169870524563678,0.7949932934320136,0.7662176681719676,0.7787781254776263,0.8187388138305516,0.691036981512477,0.8346942212301942,0.7522430867485725,0.8189900441801239,0.8278747686339307,0.7569144083178103,0.7555691590217615,0.7668380156940098,0.8037916105521286,0.8039448834952428,0.7620376379381437,0.7844925383023691
0.7828862221379537,0.7711040937880094,0.7427189306195128,0.8328686041028877,0.7375551306913128,0.7601845222624554,0.7707441781277777,0.8253208284314046,0.7675383237043865,0.8239893342724167,0.7593064706253507,1.0,0.7581304424792447,0.8278806321951397,0.8471240906358619,0.7706388300441883,0.7482777108133305,0.76786680698435,0.756924579103844,0.773399718648299,0.7644015959030941,0.7633291018597109,0.7743699977530955,0.7514652757943047,0.7415008200973618,0.7527663782057422,0.7583372685005499,0.8326059030596745,0.7725729404240189,0.7673908095316961,0.8066644085009977,0.7567258722738386,0.06401575157561223,0.7656600647252391,0.7465120020515232,0.8066198259448687,0.7610298285104876,0.7606098036377269,0.7312121587916918,0.76124328667898,0.8087101737996347,0.7696612096749765,0.7605989872181279,0.8336295440387774,0.8379335065981521,0.7697527231320902,0.7699949114526321,0.7701688947793666,0.8082527512105933,0.7824240142109051
0.7836388192726773,0.805428287521956,0.7494754322800803,0.7696999429426946,0.8196853850287655,0.8009550720294485,0.7943651133708405,0.7647789140461492,0.783634064913636,0.7753012146571584,0.844989450302898,0.7581304424792447,1.0,0.7609786097751113,0.768997931288387,0.7957257580882102,0.794097022854998,0.8340563279175226,0.8172446330900284,0.8001173795123083,0.8300488179593434,0.8307665748136326,0.8522025951903357,0.7995498280939181,0.7817470444514858,0.8067399882937458,0.8454276556036967,0.7685335340769787,0.7722203269214942,0.7935320357519599,0.7615280331345146,0.8296664604663728,0.062240039650370504,0.8364724343447174,0.7970293802487742,0.7639646744690958,0.7894180401523323,0.8324462425380809,0.6872814983947841,0.8513721637740604,0.7602807308321293,0.8201066663433474,0.8435586839485695,0.7633466067001594,0.7614704407604447,0.7702528175277216,0.80992206215896,0.8094328040777562,0.7628844686368658,0.78361283026661
0.7670734691066081,0.7593282097167466,0.7408353517429872,0.8485039700367997,0.7469455882285401,0.753513382445531,0.7598105971876303,0.8282031137288033,0.7708409274290923,0.8317872927812981,0.7607721705720731,0.8278806321951397,0.7609786097751113,1.0,0.8551022586565838,0.7607163927586802,0.7467367784640917,0.7648025942601314,0.7538358087583305,0.7647770906464223,0.7608472049463877,0.7488582492189193,0.7674098902837612,0.7462354553122208,0.7374695387966563,0.7540377105204789,0.7657781150544649,0.8438280372664393,0.7738079984136804,0.7666247749909809,0.82697509040239,0.7566362859354226,0.06513758537465675,0.7622942544940464,0.7498301987407932,0.8069842729443623,0.7525231765552683,0.754059641725375,0.7175392540023007,0.7612470392509865,0.8296193183813217,0.7617516165650753,0.7606826192300025,0.8426145547930187,0.8352428634644137,0.7748631325237948,0.7629636326456375,0.7641106853083799,0.8151422109280219,0.7846470771447565
0.7663940499501363,0.7606883112594266,0.7370776733093791,0.856777364731804,0.7562242563241641,0.757209181691347,0.7591575572621927,0.8193622791565756,0.7771066701712215,0.8297562899373002,0.7578736021262467,0.8471240906358619,0.768997931288387,0.8551022586565838,1.0,0.7639965352976483,0.7503799784331833,0.7635457894969495,0.747035078384255,0.7644093089621814,0.7594196175746619,0.7487529187064144,0.7672606480113147,0.7444482999061612,0.7410391101673517,0.7582560570157193,0.7615740004975835,0.8240712429991591,0.7677722625086144,0.7670861259127881,0.8291392041461738,0.7629124720979685,0.06731632886353744,0.7621015701203143,0.7522931517472073,0.7980390270165719,0.754275760067929,0.7568031156817348,0.7196059503561499,0.7626545474653361,0.8287563049399773,0.7641512401797386,0.762388939252337,0.8218412044248011,0.8184667205279758,0.7718624238481393,0.7696682130204608,0.770394984002682,0.8012536097468544,0.7830459789126546
0.7801486934502893,0.7886191166294938,0.7532832437909995,0.7727838646159737,0.7735679077753308,0.7860662574604415,0.9069747273309384,0.7653341166392322,0.7732383414399645,0.7719911028043758,0.7902798876182454,0.7706388300441883,0.7957257580882102,0.7607163927586802,0.7639965352976483,1.0,0.7792261338767636,0.8006676102138148,0.7984362053516694,0.9097106534406787,0.802097780243344,0.7993568367955919,0.8033432087997814,0.7917105418066583,0.7807579838961032,0.7887605649010395,0.7899551906513517,0.7705689479206665,0.7676341276348886,0.7873544499674352,0.7574797971450843,0.7854616554230778,0.06191681573437324,0.7941991786754465,0.7790539437636276,0.7722914663569076,0.9024874292434284,0.7856637179900561,0.7080196153574829,0.79245545484819,0.7589646749817295,0.793828906861352,0.7919209449265698,0.7696512232581085,0.767172507814604,0.7682949216773771,0.7874187020095262,0.7867685295569481,0.7699999717453361,0.7820701120047725
0.769846265735319,0.8041505050064216,0.7272757597637869,0.7633062232596151,0.7910017456429519,0.804367341790633,0.7756778924236009,0.746983560769579,0.7632861224340775,0.7524226700988709,0.7879249043034622,0.7482777108133305,0.794097022854998,0.7467367784640917,0.7503799784331833,0.7792261338767636,1.0,0.7869288663851756,0.7823759031101691,0.7799296946466783,0.782891863280646,0.7768360571833896,0.7931481167871531,0.8191513202732561,0.8114023876704554,0.8080710244486033,0.7891020765762504,0.7469546230342698,0.7574719305432152,0.7657309241818804,0.7425283636973606,0.8075069527946489,0.05654372022211174,0.7912501666863723,0.805181056694204,0.7507686218999754,0.7723074424276668,0.7861440587517265,0.6894546844983946,0.7886587645818895,0.7458327884480984,0.8020654790142504,0.7944302647237984,0.7461049397153563,0.7494416651649225,0.7549728810713005,0.7986296118441064,0.7996978025571032,0.7423440142384687,0.7678643352885776
0.7849952270652685,0.8076723130613991,0.7577339388770132,0.7698420135010728,0.7924880856907347,0.8075634401861534,0.8082692227668088,0.7669128702554651,0.7773275496010809,0.7664475081000564,0.8240335803829073,0.76786680698435,0.8340563279175226,0.7648025942601314,0.7635457894969495,0.8006676102138148,0.7869288663851756,1.0,0.8413713913355308,0.8118076439565717,0.835664271396347,0.8309118859424387,0.8543922092073314,0.7964233993065204,0.7820870954981183,0.792571380265322,0.8366891496059046,0.7721399330178662,0.7782476284268134,0.7854398467063078,0.7599048270560453,0.8180586077969083,0.06539166851489431,0.83382622913367,0.7959454647533072,0.7728292076850354,0.7962321989001985,0.8125592556469194,0.6992456445726354,0.8284054035777799,0.7566797655822056,0.8209588487194495,0.8288444480611079,0.7713167241948257,0.7697965991583886,0.7748285263360826,0.8080443421463483,0.8086649500487492,0.7625121454300625,0.7899892483341837
0.7713938582982344,0.7950116678693028,0.7365690829805116,0.7582035075141206,0.7759751338088465,0.7944198928858794,0.802766392384014,0.7567169908844997,0.7627766778035359,0.7588606849328977,0.810546270916825,0.756924579103844,0.8172446330900284,0.7538358087583305,0.747035078384255,0.7984362053516694,0.7823759031101691,0.8413713913355308,1.0,0.8006225873122668,0.829720777128835,0.8232654013385219,0.8373195170799944,0.7889264124218252,0.777620485595855,0.7816262500049427,0.8248246752572335,0.7604758185234886,0.7630641715518841,0.7748074196676169,0.7529975280637884,0.8060390327658666,0.06589013068780547,0.8165373266270365,0.7854300599751471,0.7659258506411244,0.7938274262627368,0.8018046081960327,0.6861125133703133,0.8129352533863078,0.7487691836049887,0.8041544446640155,0.8155995228986466,0.760679491965762,0.7593964755278249,0.7637067089377426,0.7876356137847846,0.7882111150313098,0.7539585440161016,0.7734173057202516
0.7843963248906425,0.7954931029683803,0.7604903664973279,0.7725160391194582,0.7740882618569414,0.7909897989583128,0.947284380304029,0.7709582871794148,0.7828626936217894,0.7717965304326118,0.7931583091776848,0.773399718648299,0.8001173795123083,0.7647770906464223,0.7644093089621814,0.9097106534406787,0.7799296946466783,0.8118076439565717,0.8006225873122668,1.0,0.8152317327603392,0.7958909299880178,0.8128157993301668,0.7870331011428668,0.7737250671657977,0.7820598423242427,0.8019079253678689,0.7743306750159608,0.7759839429323903,0.7900736243978642,0.7574141471974509,0.7894601230631936,0.06351720315142317,0.8023373448695876,0.7822547948697993,0.7788564705210342,0.913705498533525,0.7902245996268523,0.714326212926796,0.8017310314367061,0.7595696064174774,0.8023540369725504,0.8042079569937601,0.7747588997551134,0.7714583355978879,0.7720095637379651,0.7919842172140956,0.7921474181159125,0.7744964203033803,0.7887217775959013
0.7771965464503311,0.8000553828524067,0.751342347739459,0.7633372844485615,0.792858892492805,0.7939655115937142,0.810219671568344,0.7642090069638832,0.7755459844910969,0.7643855221635256,0.8178350006346313,0.7644015959030941,0.8300488179593434,0.7608472049463877,0.7594196175746619,0.802097780243344,0.782891863280646,0.835664271396347,0.829720777128835,0.8152317327603392,1.0,0.8218567107865972,0.8481741285978213,0.7867039233630303,0.7749119976517305,0.7914543677446508,0.8352542006529653,0.767971117439108,0.7717993901533906,0.7861405540879965,0.754262220312842,0.8138460654317,0.061404060774897684,0.8324878202495023,0.7867207142023203,0.7689170498264856,0.7956170389851029,0.8170614417823433,0.6979648251157675,0.8323318736031161,0.7577186721878496,0.8100310292452403,0.8244053822925639,0.7688019286893549,0.7648391659467566,0.7735641769002779,0.8087920064316042,0.8086976324063924,0.7671458049659209,0.7814506959524167
0.7712127382677105,0.7960874154133244,0.738684687755111,0.7592480883295856,0.7733757206740661,0.8038076076787827,0.794668164641888,0.7548091962006664,0.7594529996461215,0.7610742444877898,0.8249159319965793,0.7633291018597109,0.8307665748136326,0.7488582492189193,0.7487529187064144,0.7993568367955919,0.7768360571833896,0.8309118859424387,0.8232654013385219,0.7958909299880178,0.8218567107865972,1.0,0.8729987222967529,0.7978176510775952,0.7790459746391168,0.7881324135585548,0.8191394423186114,0.7608927287065632,0.7639730820634809,0.7711971183882198,0.7471122033789468,0.8055960218341236,0.05924075511182947,0.847492723145944,0.7804631773545301,0.7594962330067498,0.7849518514642717,0.809497376046608,0.6876074995322627,0.8142420192581282,0.7440757838898151,0.8007866163458445,0.8168205765507606,0.7592308797518167,0.7593375749093678,0.7589806383538082,0.7908619925792049,0.7907172269467843,0.7536885902047885,0.7740434808613914
0.7886424232811958,0.8123580394496823,0.7528524392143318,0.7752669118999425,0.795619887408042,0.8096232087289974,0.811225116682482,0.7746522413048106,0.7842542722070412,0.7706778918686523,0.8299483988428606,0.7743699977530955,0.8522025951903357,0.7674098902837612,0.7672606480113147,0.8033432087997814,0.7931481167871531,0.8543922092073314,0.8373195170799944,0.8128157993301668,0.8481741285978213,0.8729987222967529,1.0,0.793428027347211,0.7844292032961406,0.7954415374640157,0.849146892616447,0.7776531301791025,0.7768991155109508,0.7864683719462751,0.7618246959024967,0.8279975429486982,0.06643156635728842,0.8752322692651092,0.7972750075147159,0.7743459167779566,0.7992897623205664,0.8256056318408276,0.7033093229997929,0.835623992159237,0.7589711740261222,0.8206337337544614,0.8373597866784915,0.7798039679204692,0.778493200112188,0.7728155126349529,0.811040479948022,0.8122657381583628,0.7716560451001312,0.7877611368524725
0.7757206799112613,0.8238635814508385,0.7310965630343125,0.7633044462345009,0.7886610835133789,0.8245651411319412,0.7856496151383686,0.7447636390784286,0.7540699296102225,0.7537259546965533,0.8082075203502229,0.7514652757943047,0.7995498280939181,0.7462354553122208,0.7444482999061612,0.7917105418066583,0.8191513202732561,0.7964233993065204,0.7889264124218252,0.7870331011428668,0.7867039233630303,0.7978176510775952,0.793428027347211,1.0,0.8240001900145387,0.8217106371323998,0.7901566690927788,0.7487972999260464,0.7579438147297952,0.7711540906312804,0.7442422678214986,0.7945292834394503,0.06140672341093956,0.7891993055776763,0.8295938058465568,0.7489328985253788,0.7779701716230328,0.7897812371320369,0.6852953239225545,0.7946289769922888,0.7480305870953192,0.8105573502999966,0.78788592735873,0.7480946063695095,0.7475920681015226,0.753757769878092,0.7973208082391935,0.7969499596680127,0.7448963397633206,0.7691815291928681
0.7602663562710608,0.8198140886431435,0.724785041655218,0.7585187357498497,0.7824085180747078,0.8254729817543885,0.7723551135377017,0.7385687248997902,0.751034658994165,0.75105123002965,0.7817863880142483,0.7415008200973618,0.7817470444514858,0.7374695387966563,0.7410391101673517,0.7807579838961032,0.8114023876704554,0.7820870954981183,0.777620485595855,0.7737250671657977,0.7749119976517305,0.7790459746391168,0.7844292032961406,0.8240001900145387,1.0,0.8186042941013182,0.7758800768932805,0.7372478314543246,0.7391516852982347,0.7567421878566009,0.7409781074198822,0.8025665758131845,0.05829907577700855,0.7765641917406793,0.815775513677298,0.7366668094469264,0.7721295510308295,0.7835705167987906,0.6737529929742941,0.7786580841177659,0.7420266857965587,0.793818584228231,0.7776503583266788,0.7457201177413977,0.743189881124316,0.7548159986728942,0.7965766810793277,0.7974238636975218,0.7401529150655639,0.7539789307992236
0.7708283113705514,0.8194275048474363,0.7290215687738144,0.7677344636697601,0.7896877924475784,0.8082188926865668,0.7793561155444145,0.7550109327130925,0.7698288710890666,0.764012641101146,0.8066185318698504,0.7527663782057422,0.8067399882937458,0.7540377105204789,0.7582560570157193,0.7887605649010395,0.8080710244486033,0.792571380265322,0.7816262500049427,0.7820598423242427,0.7914543677446508,0.7881324135585548,0.7954415374640157,0.8217106371323998,0.8186042941013182,1.0,0.7946334080753317,0.7534602370717433,0.7470218733167213,0.7759382154718997,0.7529044769415263,0.7949950845466077,0.061268723922127455,0.7875943231234042,0.8154325043169157,0.752913729110674,0.7801984118468275,0.7949510059931624,0.6832956186835517,0.7959817965109244,0.7536682436619586,0.8117699438415684,0.7928730323689657,0.7583144942413962,0.7558612801724156,0.7619289631033459,0.8107179478759612,0.8111194008010888,0.7542981733645093,0.7653993227961784
0.7844058752028267,0.8098160940199954,0.7497043390869478,0.7648194858619188,0.7970987138620907,0.7931464391495857,0.7987611853252314,0.7624452706293807,0.7846093723770788,0.7672947653569369,0.8254522558007035,0.7583372685005499,0.8454276556036967,0.7657781150544649,0.7615740004975835,0.7899551906513517,0.7891020765762504,0.8366891496059046,0.8248246752572335,0.8019079253678689,0.8352542006529653,0.8191394423186114,0.849146892616447,0.7901566690927788,0.7758800768932805,0.7946334080753317,1.0,0.7672871328633575,0.7745757203644021,0.7891124877871241,0.7538259237391924,0.8187627642286772,0.060969955641137275,0.8327786876690813,0.7925630777813502,0.7653636740299264,0.7839115346555623,0.841028282477456,0.6843950741898228,0.8385442789905901,0.7557340016349486,0.8172555322163666,0.8608874886017096,0.770344493978459,0.7651155337177431,0.7715664360206633,0.8085719641952585,0.8085431721672789,0.7631373782330474,0.7837945042242844
0.7738835010489972,0.7672677289012555,0.745303134303264,0.8395443498665475,0.7397825140957286,0.758317516853109,0.7699041582394347,0.8823196335045287,0.7671860425922766,0.8397917025608286,0.7597142369604707,0.8326059030596745,0.7685335340769787,0.8438280372664393,0.8240712429991591,0.7705689479206665,0.7469546230342698,0.7721399330178662,0.7604758185234886,0.7743306750159608,0.767971117439108,0.7608927287065632,0.7776531301791025,0.7487972999260464,0.7372478314543246,0.7534602370717433,0.7672871328633575,1.0,0.7744744296737958,0.7681784071710751,0.8240136371501859,0.7653376034715218,0.06475924094983809,0.7736831184937011,0.7511928776265608,0.8068928672314085,0.7616032791044741,0.7646392577514058,0.7281950109423571,0.7621349250805027,0.8202012347146888,0.7708576835046426,0.7622871552836499,0.9262304825684328,0.9113283617812302,0.7750306455252814,0.768137171434192,0.7687057098369059,0.8277168940143413,0.781835750301522
0.7859737296145797,0.7686666923298906,0.7504169802118789,0.7663808631709758,0.7509221846455276,0.7613979907761858,0.7718378006002595,0.7645587730324266,0.7774407585870926,0.7681351132766177,0.7710168384419133,0.7725729404240189,0.7722203269214942,0.7738079984136804,0.7677722625086144,0.7676341276348886,0.7574719305432152,0.7782476284268134,0.7630641715518841,0.7759839429323903,0.7717993901533906,0.7639730820634809,0.7768991155109508,0.7579438147297952,0.7391516852982347,0.7470218733167213,0.7745757203644021,0.7744744296737958,1.0,0.7794262416912004,0.7601977413206775,0.7634968677893645,0.05833976091642856,0.7724393990042513,0.7479516512106401,0.7728582811304953,0.7608506656807769,0.7618655395156051,0.6981541434969799,0.7787157834911427,0.7557465830842707,0.7720335487816601,0.770066266069391,0.7701407348997648,0.7709948520405112,0.784458957360592,0.7657377074512665,0.7652205748008768,0.7627133254217244,0.858472916374332
0.8100572780581632,0.7874389416342399,0.7636138940935747,0.7647035990707141,0.770571213227574,0.7725304233441588,0.7839625659332247,0.7637408286210525,0.8156579940176416,0.7696504556895902,0.7925564088837662,0.7673908095316961,0.7935320357519599,0.7666247749909809,0.7670861259127881,0.7873544499674352,0.7657309241818804,0.7854398467063078,0.7748074196676169,0.7900736243978642,0.7861405540879965,0.7711971183882198,0.7864683719462751,0.7711540906312804,0.7567421878566009,0.7759382154718997,0.7891124877871241,0.7681784071710751,0.7794262416912004,1.0,0.7581287833812222,0.7728427937689768,0.06239628783342199,0.7728345569302202,0.7716123862032296,0.7692983438167541,0.7752890961183728,0.7820174730464124,0.6973243106029205,0.7942607428108441,0.7582653067547236,0.7900053905227904,0.7890019925888463,0.766514092400818,0.7598611241300769,0.7838668310584579,0.7904139627448261,0.7901681108245411,0.7629422177074123,0.7933419740957266
0.7570270964727247,0.7570459588760579,0.7332979014592732,0.8328737449047199,0.7480047618201674,0.7487597669617021,0.754198015434394,0.8135592963720386,0.7621492835751593,0.8402539644445998,0.752050684972312,0.8066644085009977,0.7615280331345146,0.82697509040239,0.8291392041461738,0.7574797971450843,0.7425283636973606,0.7599048270560453,0.7529975280637884,0.7574141471974509,0.754262220312842,0.7471122033789468,0.7618246959024967,0.7442422678214986,0.7409781074198822,0.7529044769415263,0.7538259237391924,0.8240136371501859,0.7601977413206775,0.7581287833812222,1.0,0.7581582831717023,0.07142047073854962,0.7580612485369354,0.7437461830178846,0.8040918935880716,0.750922815414609,0.7493729714827138,0.7117273874259211,0.756589704725564,0.862065913344433,0.7556591183747615,0.7532991776463723,0.8214177556293675,0.8174437256642904,0.7638971713907242,0.7570980287264047,0.756674647640963,0.8012084117358376,0.7669060493589626
0.7759474264787085,0.7964582139711576,0.7389724492459049,0.7741949671081323,0.8096671385399411,0.798008203731035,0.7868579065454572,0.762496726250093,0.7693201307143874,0.76551685068259,0.8035969647481525,0.7567258722738386,0.8296664604663728,0.7566362859354226,0.7629124720979685,0.7854616554230778,0.8075069527946489,0.8180586077969083,0.8060390327658666,0.7894601230631936,0.8138460654317,0.8055960218341236,0.8279975429486982,0.7945292834394503,0.8025665758131845,0.7949950845466077,0.8187627642286772,0.7653376034715218,0.7634968677893645,0.7728427937689768,0.7581582831717023,1.0,0.060973308967425144,0.8211422268614637,0.7850135267168585,0.7563092074581362,0.7877565784412786,0.8127272298832472,0.6888282912177595,0.8227093988598326,0.7543413246666267,0.8085175885148435,0.8270440554208719,0.7613668122337152,0.7631815408880556,0.7613908177317685,0.8033910999492869,0.802387469871209,0.7509228968906378,0.7694798995682987
0.06001643578374638,0.05942613726797119,0.06303392264490792,0.0660576082776706,0.057498175102201454,0.06191941302048243,0.06448197096217723,0.06493776621615466,0.06110363076578629,0.06317124382427741,0.0597720246595741,0.06401575157561223,0.062240039650370504,0.06513758537465675,0.06731632886353744,0.06191681573437324,0.05654372022211174,0.06539166851489431,0.06589013068780547,0.06351720315142317,0.061404060774897684,0.05924075511182947,0.06643156635728842,0.06140672341093956,0.05829907577700855,0.061268723922127455,0.060969955641137275,0.06475924094983809,0.05833976091642856,0.06239628783342199,0.07142047073854962,0.060973308967425144,1.0,0.06409740898739424,0.060360102394320436,0.06776202630306694,0.06011162021412797,0.05716412094133794,0.06427775040704142,0.05871591878808391,0.06498580517237029,0.06027492541057744,0.055618486358779085,0.06788367146906593,0.06692679420606296,0.06843682664423856,0.061462110834362815,0.06190989893585841,0.06639464304269072,0.061300725815333856
0.7796803330129628,0.804905695477623,0.7474105993219968,0.7697631131934964,0.7925670954239586,0.8030536467593354,0.7999917825354175,0.7691805420387019,0.7777338196103031,0.7656065842587307,0.8169870524563678,0.7656600647252391,0.8364724343447174,0.7622942544940464,0.7621015701203143,0.7941991786754465,0.7912501666863723,0.83382622913367,0.8165373266270365,0.8023373448695876,0.8324878202495023,0.847492723145944,0.8752322692651092,0.7891993055776763,0.7765641917406793,0.7875943231234042,0.8327786876690813,0.7736831184937011,0.7724393990042513,0.7728345569302202,0.7580612485369354,0.8211422268614637,0.06409740898739424,1.0,0.7935374849269985,0.7742052292555178,0.788520078167718,0.8128524992360915,0.7076655785726591,0.8232794348818806,0.7529060587942298,0.8128680120825889,0.8350356373607932,0.7722826809663919,0.7740444156373919,0.765292393042186,0.8051584714666676,0.8059979777881161,0.7608462170975027,0.7788215273264111
0.771415204034875,0.8342687818268963,0.7332577597534196,0.7607321640800941,0.7802329408599071,0.8233191977994767,0.7768457960420246,0.7495162044190835,0.7608324149910041,0.7544129201659496,0.7949932934320136,0.7465120020515232,0.7970293802487742,0.7498301987407932,0.7522931517472073,0.7790539437636276,0.805181056694204,0.7959454647533072,0.7854300599751471,0.7822547948697993,0.7867207142023203,0.7804631773545301,0.7972750075147159,0.8295938058465568,0.815775513677298,0.8154325043169157,0.7925630777813502,0.7511928776265608,0.7479516512106401,0.7716123862032296,0.7437461830178846,0.7850135267168585,0.060360102394320436,0.7935374849269985,1.0,0.7493845607653986,0.7681247766746332,0.7882030315338753,0.6868631142575544,0.7872495076242929,0.7495567328596613,0.8182330805576468,0.798374175885254,0.749200237274379,0.7476129852497003,0.7497042876632831,0.8080661719508777,0.8093557180200355,0.7458668471911836,0.7601709977368603
0.7725421717456293,0.7564669613518845,0.7437056502576066,0.8050125902251912,0.7392205321440749,0.7597927617679475,0.7755490372606896,0.8022345025650891,0.7732563056925579,0.8115505038873578,0.7662176681719676,0.8066198259448687,0.7639646744690958,0.8069842729443623,0.7980390270165719,0.7722914663569076,0.7507686218999754,0.7728292076850354,0.7659258506411244,0.7788564705210342,0.7689170498264856,0.7594962330067498,0.7743459167779566,0.7489328985253788,0.7366668094469264,0.752913729110674,0.7653636740299264,0.8068928672314085,0.7728582811304953,0.7692983438167541,0.8040918935880716,0.7563092074581362,0.06776202630306694,0.7742052292555178,0.7493845607653986,1.0,0.7659224600899299,0.7599592114753532,0.7379064059948904,0.7659046131946415,0.8004113685677449,0.762742947876061,0.7645082050462038,0.803669098814048,0.8028240939347796,0.7703682330464536,0.7590788468171178,0.7594654743366474,0.8015342025159894,0.7853829615278357
0.7741904334874161,0.7797203235558336,0.7417200791008391,0.7640648864686315,0.7687289120356764,0.7782522252735985,0.915447003777211,0.7601835160359998,0.7696261093301501,0.7618193915186943,0.7787781254776263,0.7610298285104876,0.7894180401523323,0.7525231765552683,0.754275760067929,0.9024874292434284,0.7723074424276668,0.7962321989001985,0.7938274262627368,0.913705498533525,0.7956170389851029,0.7849518514642717,0.7992897623205664,0.7779701716230328,0.7721295510308295,0.7801984118468275,0.7839115346555623,0.7616032791044741,0.7608506656807769,0.7752890961183728,0.750922815414609,0.7877565784412786,0.06011162021412797,0.788520078167718,0.7681247766746332,0.7659224600899299,1.0,0.7748406290697927,0.7054241493876663,0.7836879155749062,0.7474723240227212,0.785262656802915,0.7866885017514516,0.7623502103842233,0.7605612054923693,0.7571309508462498,0.7763770495813879,0.7757549101489177,0.7595546582418196,0.7732625851431462
0.7809267180507204,0.8122836126365891,0.7465590509072253,0.7602152242309621,0.8032049367030405,0.7963976370825959,0.783466926882485,0.7637261227616869,0.7666709955583257,0.7637378431304012,0.8187388138305516,0.7606098036377269,0.8324462425380809,0.754059641725375,0.7568031156817348,0.7856637179900561,0.7861440587517265,0.8125592556469194,0.8018046081960327,0.7902245996268523,0.8170614417823433,0.809497376046608,0.8256056318408276,0.7897812371320369,0.7835705167987906,0.7949510059931624,0.841028282477456,0.7646392577514058,0.7618655395156051,0.7820174730464124,0.7493729714827138,0.8127272298832472,0.05716412094133794,0.8128524992360915,0.7882030315338753,0.7599592114753532,0.7748406290697927,1.0,0.6903786872804469,0.8297489353767934,0.7513547232111285,0.8136824671585292,0.8501950834660263,0.7660616997233233,0.7602378770079953,0.7735465633912373,0.815649469574842,0.8160837967942285,0.7595567591011219,0.77729264762638
0.7041428948127029,0.6876878201087568,0.6741092003947415,0.7266161016947071,0.6768381643304568,0.7004927868980617,0.7131806446056218,0.7295358292974071,0.692501595355792,0.7263970208734061,0.691036981512477,0.7312121587916918,0.6872814983947841,0.7175392540023007,0.7196059503561499,0.7080196153574829,0.6894546844983946,0.6992456445726354,0.6861125133703133,0.714326212926796,0.6979648251157675,0.6876074995322627,0.7033093229997929,0.6852953239225545,0.6737529929742941,0.6832956186835517,0.6843950741898228,0.7281950109423571,0.6981541434969799,0.6973243106029205,0.7117273874259211,0.6888282912177595,0.06427775040704142,0.7076655785726591,0.6868631142575544,0.7379064059948904,0.7054241493876663,0.6903786872804469,1.0,0.691092779214264,0.7117548833084322,0.7031468346621949,0.6936431925959171,0.7281557702372068,0.7320173312431413,0.6867287490029024,0.6903641696914213,0.6908159703939575,0.7238238618517335,0.7006771285071994
