../ecoli_genomes/GCF_000163235.1_ASM16323v1_genomic.fna.gz,../ecoli_genomes/GCF_000164555.1_ASM16455v1_genomic.fna.gz,../ecoli_genomes/GCF_000208545.1_ASM20854v2_genomic.fna.gz,../ecoli_genomes/GCF_000233875.1_ASM23387v1_genomic.fna.gz,../ecoli_genomes/GCF_000249735.1_ASM24973v2_genomic.fna.gz,../ecoli_genomes/GCF_000261145.1_Esch_coli_M919_V2_genomic.fna.gz,../ecoli_genomes/GCF_000267705.2_ASM26770v2_genomic.fna.gz,../ecoli_genomes/GCF_000350665.1_Esch_coli_KTE5_V1_genomic.fna.gz,../ecoli_genomes/GCF_000351625.1_Esch_coli_KTE66_V1_genomic.fna.gz,../ecoli_genomes/GCF_000352285.1_Esch_coli_KTE46_V1_genomic.fna.gz,../ecoli_genomes/GCF_000358895.1_ASM35889v1_genomic.fna.gz,../ecoli_genomes/GCF_000456385.1_Esch_coli_HVH_26_4-5703913_V1_genomic.fna.gz,../ecoli_genomes/GCF_000458195.1_Esch_coli_HVH_147_4-5893887_V1_genomic.fna.gz,../ecoli_genomes/GCF_000459755.1_Esch_coli_KOEGE_58_171a_V1_genomic.fna.gz,../ecoli_genomes/GCF_000460055.1_Esch_coli_UMEA_3053-1_V1_genomic.fna.gz,../ecoli_genomes/GCF_000462165.2_ASM46216v2_genomic.fna.gz,../ecoli_genomes/GCF_000601135.1_ASM60113v1_genomic.fna.gz,../ecoli_genomes/GCF_000614595.1_Ec2010EL1058_genomic.fna.gz,../ecoli_genomes/GCF_000617745.1_Ec2010C-4529_genomic.fna.gz,../ecoli_genomes/GCF_000618265.2_EcF6751_genomic.fna.gz,../ecoli_genomes/GCF_000619005.2_Ec2009C-4052_genomic.fna.gz,../ecoli_genomes/GCF_000619105.1_Ec2009C-4780_genomic.fna.gz,../ecoli_genomes/GCF_000619765.2_Ec2009C-3279_genomic.fna.gz,../ecoli_genomes/GCF_000687005.1_ASM68700v1_genomic.fna.gz,../ecoli_genomes/GCF_000687025.1_ASM68702v1_genomic.fna.gz,../ecoli_genomes/GCF_000700125.1_ASM70012v1_genomic.fna.gz,../ecoli_genomes/GCF_000753315.1_FHI35_genomic.fna.gz,../ecoli_genomes/GCF_000776375.1_ASM77637v1_genomic.fna.gz,../ecoli_genomes/GCF_000779395.1_ASM77939v1_genomic.fna.gz,../ecoli_genomes/GCF_000780315.1_ASM78031v1_genomic.fna.gz,../ecoli_genomes/GCF_000781995.1_ASM78199v1_genomic.fna.gz,../ecoli_genomes/GCF_000986765.1_ASM98676v1_genomic.fna.gz,../ecoli_genomes/GCF_001041375.1_ViralProj287958_genomic.fna.gz,../ecoli_genomes/GCF_001265335.1_302014_genomic.fna.gz,../ecoli_genomes/GCF_001265625.1_100854_genomic.fna.gz,../ecoli_genomes/GCF_001267345.1_303289_genomic.fna.gz,../ecoli_genomes/GCF_001309985.1_ASM130998v1_genomic.fna.gz,../ecoli_genomes/GCF_001521695.1_ASM152169v1_genomic.fna.gz,../ecoli_genomes/GCF_001592595.1_ASM159259v1_genomic.fna.gz,../ecoli_genomes/GCF_001614975.1_ASM161497v1_genomic.fna.gz,../ecoli_genomes/GCF_001692775.1_ASM169277v1_genomic.fna.gz,../ecoli_genomes/GCF_001748915.1_ASM174891v1_genomic.fna.gz,../ecoli_genomes/GCF_001749235.1_ASM174923v1_genomic.fna.gz,../ecoli_genomes/GCF_001881155.1_ASM188115v1_genomic.fna.gz,../ecoli_genomes/GCF_001881345.1_ASM188134v1_genomic.fna.gz,../ecoli_genomes/GCF_001892405.1_ASM189240v1_genomic.fna.gz,../ecoli_genomes/GCF_001892585.1_ASM189258v1_genomic.fna.gz,../ecoli_genomes/GCF_001893985.1_ASM189398v1_genomic.fna.gz,../ecoli_genomes/GCF_002001595.1_ASM200159v1_genomic.fna.gz,../ecoli_genomes/GCF_002002145.1_ASM200214v1_genomic.fna.gz
1.0,0.7954732483770961,0.7865402986693676,0.7871939550576005,0.7695586709831098,0.7514995209520996,0.7915819674479758,0.7994420957108921,0.7533778774565133,0.7898022734323594,0.7912641009850727,0.7956827717989481,0.7975959421389047,0.789054794354574,0.7838304551605406,0.7906105199079724,0.727736430121315,0.7962444656221777,0.779031817759442,0.7920568489697035,0.7953057356473489,0.7891003510427522,0.806412969008524,0.7168793027555599,0.7402616527936626,0.7435642721233747,0.8002451759393223,0.7963900235320309,0.7618377567737971,0.7652252068767015,0.774812864829443,0.7965775373798152,0.053157678969105726,0.8007370804920481,0.7599061399045487,0.7836970375385449,0.783118583258797,0.8054082093864534,0.7218664611178907,0.8010770021697491,0.7696083916449514,0.7622298771246251,0.8049709570569659,0.7988285743376639,0.7997774871863289,0.7649967707929362,0.7789726747714237,0.7783610275013633,0.7944001104196132,0.7906301854082054
0.7954732483770961,1.0,0.7615624705744375,0.8040346236818361,0.7968359828368405,0.8348286634092152,0.79249087934554,0.7970741077608725,0.6809928850553129,0.8054640993344238,0.8376438866834885,0.8140085927971552,0.8218894203422776,0.7954625842406989,0.7997024497779036,0.7923561146594175,0.8047784342162803,0.8380231881590385,0.7966550437955622,0.7902972193393942,0.8181656383726603,0.8021377835061758,0.8280747604189358,0.8084697758592991,0.8187233630059636,0.8236331101616999,0.8220015091440372,0.7894527077421373,0.7132619851411555,0.7067210646701347,0.7930890993922219,0.804410733208087,0.04640581793840981,0.810482175202597,0.8510001633076067,0.7663299058077645,0.779568323854183,0.8267493974374411,0.724584969260827,0.8206217545696353,0.8064538779887845,0.8423319524325956,0.8290535461351645,0.807985394518144,0.8039790123334241,0.7254254140740511,0.8512790054102699,0.8515415086496274,0.7833858083964407,0.7473711334694889
0.7865402986693676,0.7615624705744375,1.0,0.7530173599868112,0.7256743645035297,0.7155654668301255,0.7724477708981076,0.7670039514273148,0.7401717492145481,0.7555873531944335,0.7482780031552949,0.7498234057192781,0.7643311375118043,0.7597994290937403,0.7548888252162331,0.7720570885867488,0.6824308926684709,0.7643569361059185,0.7486194036401674,0.7758927342235873,0.7679809768960927,0.7558729002803123,0.7702498346822294,0.6719923331716079,0.6898848943173834,0.6969069708333062,0.7627525226046941,0.7728879361394954,0.7638867906907926,0.7643832853865441,0.7479180537633741,0.7602766470281237,0.06370395727873301,0.7679742705369104,0.7180741584257359,0.7674572287428743,0.7652636458891819,0.7585871289104136,0.6917597654947192,0.766235926422842,0.7408820422509712,0.7217070909766241,0.7635540624366871,0.7694351187548699,0.7679131198209623,0.7570879118360074,0.7405514789121076,0.7393538421622265,0.7752330218505361,0.7756057797476823
0.7871939550576005,0.8040346236818361,0.7530173599868112,1.0,0.7847095591289034,0.7787676718025177,0.7683155306261386,0.8469855668853471,0.6851873656549359,0.8600051910953614,0.7967324078383344,0.8570433573770129,0.7888622636394779,0.8622003931553437,0.8790563166002345,0.7720739014019975,0.7713781606469976,0.7923095483875292,0.7648449067800992,0.7651033350868081,0.7813519756981775,0.7678407238927215,0.7903065844354195,0.7618976373611059,0.7748610877579092,0.7831146023375202,0.7823646446546274,0.841111222741546,0.7135782474835553,0.7069133116671086,0.8445202385785402,0.7776964300627124,0.057924217848695725,0.7759625251344642,0.7882925986423654,0.794779795286263,0.7576261618317601,0.7835577392318777,0.7495978610670315,0.7815200751531801,0.8600707127103039,0.7872397395853129,0.7854807415537058,0.8591190932828843,0.8587619429445151,0.7264279304461114,0.796619226100448,0.7972116399921522,0.8221552272075245,0.7470069630544115
0.7695586709831098,0.7968359828368405,0.7256743645035297,0.7847095591289034,1.0,0.7877607675088895,0.7607973409537273,0.7748170168480165,0.6772310403970405,0.7859239638514692,0.8247839473261688,0.7753146194006263,0.817997902036193,0.7686902057836147,0.7818054152253259,0.771802324157635,0.7783617441855373,0.7995804242565492,0.7684873738072568,0.7584546741388833,0.7943092522478014,0.7782515399650355,0.7983555726358786,0.7707250528405329,0.7849765235578878,0.791410774944368,0.7997329842730365,0.7566917476028884,0.6940006278978939,0.6988441526305597,0.7719438589402284,0.8041812851548836,0.05678795999298414,0.7928180900900806,0.7868968146703484,0.7447518133899013,0.7579555117046691,0.8075316672140722,0.7153750044481902,0.8023619420660987,0.7875390995594297,0.7944246607379857,0.8055272949613056,0.7732648547909291,0.7729252028896746,0.7082728995100182,0.8022727084134904,0.8013708019869126,0.7565308815766291,0.7225959056881408
0.7514995209520996,0.8348286634092152,0.7155654668301255,0.7787676718025177,0.7877607675088895,1.0,0.7555149078120216,0.7631368600233511,0.6255825080290089,0.7732504542440082,0.8208843807513646,0.7813703875418248,0.7844013941746955,0.7642971171071382,0.7698733089808861,0.7534187629706798,0.8233769578176999,0.8052129889305214,0.7676550893176206,0.7482842768123139,0.7773863276357952,0.7913127297853085,0.7886731923758163,0.8293654332113971,0.8342395955124914,0.8289247542213527,0.7793393547328925,0.7464362511558091,0.6583513700598389,0.649862746007869,0.7636055273605961,0.7706735996623725,0.05217098165490297,0.7732608780143077,0.8490198996048236,0.7295546872817313,0.7394649897694525,0.7859963825375837,0.7052484710745239,0.7803888437441657,0.7910122658495282,0.8422455756985062,0.7895271300919149,0.7707347223820895,0.7688874232017557,0.6728507637813872,0.833504014712227,0.8368117139714675,0.7410744474606208,0.6935969943511779
0.7915819674479758,0.79249087934554,0.7724477708981076,0.7683155306261386,0.7607973409537273,0.7555149078120216,1.0,0.7727961918475978,0.7417174086414355,0.7683661890195146,0.7858332877955904,0.7678054701921811,0.8003251619463888,0.7780445568096105,0.7677857466952883,0.9111514257688038,0.7201265535460734,0.8165440236992647,0.798699632696613,0.9505789574102842,0.8195560687395481,0.7996289538671054,0.8199167060454449,0.7092163620578593,0.7334488625008355,0.7348582166235267,0.8058567336799642,0.7744642721257373,0.7580465689014994,0.7556016182687566,0.7588405783391463,0.7979926987635801,0.058226859686900334,0.8071407613981736,0.7607964014797068,0.7764182199298635,0.926304207180223,0.7956236457009807,0.6968982998089064,0.8040208771632317,0.7531818835404175,0.7602581888385145,0.8082768942564065,0.7758599482884109,0.7732280824121871,0.7639469540991224,0.7777609045682797,0.7766942317983233,0.7783098821319756,0.7826104354784468
0.7994420957108921,0.7970741077608725,0.7670039514273148,0.8469855668853471,0.7748170168480165,0.7631368600233511,0.7727961918475978,1.0,0.7081833969024336,0.8555514570569287,0.7901650612706893,0.8463523023069389,0.7902366539780279,0.8486039126084473,0.8423734625011505,0.7749328668205888,0.7462986686042319,0.7909097598797122,0.765173260397872,0.7716537315413783,0.7802079778676877,0.7719507515135053,0.7879992273990888,0.7369885743084966,0.7502982318596483,0.7615856281910212,0.7885629592496837,0.8888091778640691,0.7356951733899895,0.7279013504342098,0.8333076470766039,0.7768675416659535,0.06588678082040311,0.7843453090866557,0.7698278727903621,0.8089822898274724,0.764026836578608,0.793412999712011,0.7511017573232542,0.7850936141707288,0.833314852022045,0.7692128405850397,0.7888536934946387,0.9037603721285228,0.893164362663318,0.7430572903747159,0.7871103796882012,0.7870886672126073,0.8306176157341139,0.7629182799669878
0.7533778774565133,0.6809928850553129,0.7401717492145481,0.6851873656549359,0.6772310403970405,0.6255825080290089,0.7417174086414355,0.7081833969024336,1.0,0.6905383954824915,0.673176751768106,0.6806234822681059,0.7199133932817179,0.703569453559469,0.6956637918305194,0.743083404031337,0.5903740553141069,0.70003110561207,0.7000213521297598,0.7479650341376956,0.7183096036149943,0.7035204880868264,0.720702382628986,0.5755034066197597,0.6056632390514378,0.6066895861992263,0.7210991601180234,0.7188185412081688,0.7914632763798514,0.8143421961891958,0.6819477070914481,0.7255392877328775,0.07024787806741362,0.7221512670802119,0.6305569159024202,0.7261696591775564,0.7452794671001524,0.7123725111036447,0.6316299065045043,0.720980536974843,0.6598851213244058,0.6365369637475612,0.7165555887730694,0.701473836387331,0.6992926461170255,0.7725660743107048,0.6611494456198159,0.6586116519537601,0.729630013250459,0.781468655134981
0.7898022734323594,0.8054640993344238,0.7555873531944335,0.8600051910953614,0.7859239638514692,0.7732504542440082,0.7683661890195146,0.8555514570569287,0.6905383954824915,1.0,0.804924062528783,0.8532955774733093,0.7940740967068873,0.8511998327198814,0.8575035411827752,0.7745189174926854,0.7598844516663257,0.7924828218030897,0.7618332539216381,0.7676613512057131,0.7794583276480097,0.768019388817696,0.7850735035006361,0.7586693304236037,0.765258547838448,0.7811707161728619,0.7848070382589294,0.8412804729463041,0.7196372275071181,0.7130777267001378,0.8501678371043129,0.7686508510717174,0.05725715582757551,0.7733272558476663,0.7855883684559498,0.8028290111779841,0.7597263256072226,0.7868716957168616,0.7470035780215769,0.7897813395024633,0.8563734269306823,0.7833015654550612,0.7876786172718804,0.8590327334322054,0.8590637542991877,0.7272428471483477,0.7958478039342476,0.7956058650261394,0.8306018697697244,0.7475031012466413
0.7912641009850727,0.8376438866834885,0.7482780031552949,0.7967324078383344,0.8247839473261688,0.8208843807513646,0.7858332877955904,0.7901650612706893,0.673176751768106,0.804924062528783,1.0,0.8008093912085772,0.8373618532627214,0.7858200020990826,0.7887309619310904,0.7853955506925148,0.8031696683000064,0.8400756139868524,0.7990675517673365,0.7821053328767981,0.8180142576375405,0.8178378991379276,0.8277980070273073,0.802992755695779,0.8033587443483762,0.819357561245504,0.8301312030310324,0.775044315498242,0.7015480745380982,0.6941867267883748,0.7850276458043719,0.8040612350913314,0.05417127314794978,0.8143181389538862,0.8316566872396554,0.7668038066022655,0.7715141219212436,0.829992083392679,0.7233679626954583,0.8403313716663959,0.7986633621841264,0.8342451295459413,0.840600877324936,0.7962088735665712,0.7930055069949253,0.7106567898150447,0.8409357025680444,0.8410956840816995,0.7717432400720476,0.7392101497471273
0.7956827717989481,0.8140085927971552,0.7498234057192781,0.8570433573770129,0.7753146194006263,0.7813703875418248,0.7678054701921811,0.8463523023069389,0.6806234822681059,0.8532955774733093,0.8008093912085772,1.0,0.784557381026324,0.8479202508588063,0.8659342379814091,0.7688560815526457,0.769714798945024,0.7928686265133167,0.7672580652939135,0.765287812494723,0.7826283145768584,0.7725008252219587,0.7876098767663098,0.7652919922774148,0.7724183935888783,0.7844128455367003,0.7832401692777906,0.837393270444072,0.7129845702978366,0.7049201563621823,0.828455292460299,0.7721350686885018,0.05803480296829544,0.7761063637045695,0.7972583013233352,0.7967566626406577,0.7561989541042363,0.792162787657499,0.7553739900902525,0.7850601017551938,0.8448341613475938,0.789301470605182,0.788394156160183,0.8548748969186595,0.8510798408686983,0.7255211488066624,0.7997494827694636,0.8000812507285777,0.8205622720556242,0.7462601267840336
0.7975959421389047,0.8218894203422776,0.7643311375118043,0.7888622636394779,0.817997902036193,0.7844013941746955,0.8003251619463888,0.7902366539780279,0.7199133932817179,0.7940740967068873,0.8373618532627214,0.784557381026324,1.0,0.7811858494770599,0.7843523374362905,0.8025233781231899,0.7571252422438635,0.8437100932159163,0.8276648562323665,0.7987988963480153,0.8353179195343599,0.8376234781705558,0.8562238285603737,0.751966157180784,0.7647291756410184,0.7777068393199961,0.8533915856713775,0.7790760931699383,0.742537042170048,0.7388831143727737,0.7755603539715918,0.83411755743875,0.06174596516289754,0.8424666744307736,0.7968619569220812,0.7749269473106529,0.793200828887151,0.8412518321487938,0.7095001718190118,0.8543305098140144,0.7785253097003088,0.8000804900670798,0.8560275505813596,0.7875677237840955,0.7854149741975709,0.7416258818387398,0.8112794299771914,0.8088701678769752,0.7796819353566897,0.7666927979246034
0.789054794354574,0.7954625842406989,0.7597994290937403,0.8622003931553437,0.7686902057836147,0.7642971171071382,0.7780445568096105,0.8486039126084473,0.703569453559469,0.8511998327198814,0.7858200020990826,0.8479202508588063,0.7811858494770599,1.0,0.8722648013918921,0.7768916769480568,0.7454104122870967,0.7904889247427067,0.7641488195946694,0.7767080010683185,0.782758824699987,0.7683524983995083,0.7881961628227765,0.7330574376588438,0.7478272114272366,0.758619690078088,0.7809873188927944,0.8520936345837339,0.7333712264351119,0.7244970657437821,0.8409219038433737,0.7720883690800031,0.0612908017732664,0.7795498239096391,0.7708828167566434,0.8028816115251385,0.7669366587006758,0.7832600343631716,0.7426366982750403,0.783901123077771,0.8409695965843322,0.7686288455165327,0.7864688781471114,0.8615579940497147,0.8586645478824506,0.7483952566849006,0.788669272627816,0.788498011363689,0.8357640011853393,0.762652731917254
0.7838304551605406,0.7997024497779036,0.7548888252162331,0.8790563166002345,0.7818054152253259,0.7698733089808861,0.7677857466952883,0.8423734625011505,0.6956637918305194,0.8575035411827752,0.7887309619310904,0.8659342379814091,0.7843523374362905,0.8722648013918921,1.0,0.7739347947334615,0.7563507448718925,0.7853036000729325,0.7594802713740805,0.76735181366283,0.7798403236860534,0.7639253771796941,0.7845178713370103,0.748521725848063,0.7577729713624373,0.7702247045078033,0.7776080353735745,0.8366957143324321,0.7259062007852822,0.7160461355148787,0.8443855459099482,0.7738296837736626,0.06126501953173502,0.7733054074263044,0.7776556267619414,0.7990039864901826,0.7609252441652159,0.7815559026727442,0.7504826637278309,0.7794284393087716,0.8562454334644706,0.7754184400930078,0.7820177581717283,0.8504141120956559,0.848298258583545,0.7391514568678126,0.7922022839495124,0.7921295153008069,0.8288893065890564,0.7579900152910475
0.7906105199079724,0.7923561146594175,0.7720570885867488,0.7720739014019975,0.771802324157635,0.7534187629706798,0.9111514257688038,0.7749328668205888,0.743083404031337,0.7745189174926854,0.7853955506925148,0.7688560815526457,0.8025233781231899,0.7768916769480568,0.7739347947334615,1.0,0.7228507908187766,0.8071200410856798,0.7948492729168687,0.9165058371792734,0.8079025535251554,0.7914177024385429,0.8100316127830819,0.7130601397372526,0.7350799473032694,0.7408623926322779,0.7973450597929927,0.7747701749654174,0.7540030340863044,0.7570139708097806,0.7632754532930959,0.7940641364532717,0.0605821009714097,0.8008995925092264,0.760705362557172,0.7756277060414171,0.905792743620485,0.7907670156581927,0.6973112249661034,0.7993573064298009,0.7593025509899582,0.7599397001977577,0.8004039438981481,0.7747026128325682,0.7730176895993949,0.7589628859467299,0.7772113473476101,0.7753869844919148,0.7792183556404729,0.7771540057462567
0.727736430121315,0.8047784342162803,0.6824308926684709,0.7713781606469976,0.7783617441855373,0.8233769578176999,0.7201265535460734,0.7462986686042319,0.5903740553141069,0.7598844516663257,0.8031696683000064,0.769714798945024,0.7571252422438635,0.7454104122870967,0.7563507448718925,0.7228507908187766,1.0,0.7727016824031786,0.7352393867854057,0.7151426493752884,0.7478818067077497,0.7431746650619628,0.7548639459446228,0.8600833906675914,0.8476113717247918,0.8534347044675983,0.7497418136316171,0.7272032143094072,0.622327303490205,0.6125962263806342,0.7501184485752992,0.7586074344262723,0.04912203569077189,0.7445116806492015,0.8315927066800748,0.7025199186167617,0.7084877267658285,0.7545271638624838,0.6984768565556582,0.7509673371875158,0.7805215605452436,0.8292353776874113,0.7581529750266467,0.756742626483581,0.7562842216768144,0.6400799437872311,0.8207747694557479,0.8225963428468285,0.7164883096715029,0.6635958319585987
0.7962444656221777,0.8380231881590385,0.7643569361059185,0.7923095483875292,0.7995804242565492,0.8052129889305214,0.8165440236992647,0.7909097598797122,0.70003110561207,0.7924828218030897,0.8400756139868524,0.7928686265133167,0.8437100932159163,0.7904889247427067,0.7853036000729325,0.8071200410856798,0.7727016824031786,1.0,0.8353192571813844,0.8137311241522389,0.856512416714486,0.8377404610650465,0.8628166480557268,0.7678922312412257,0.778228291072909,0.7889102133389478,0.8474957602429862,0.784201206141951,0.728749408505332,0.7222318359206037,0.7797599656222062,0.8187576100367698,0.05369003077080836,0.8361178544163363,0.8131404046738628,0.7781641058157378,0.8010955479366999,0.8318400286566537,0.7153354554479676,0.8458092963792434,0.7826134808366206,0.8217125378970965,0.8498168281688578,0.7938136901697959,0.7917850726115563,0.7380434248850454,0.8302569587264832,0.8291332122464177,0.7748141205211091,0.7580787924965795
0.779031817759442,0.7966550437955622,0.7486194036401674,0.7648449067800992,0.7684873738072568,0.7676550893176206,0.798699632696613,0.765173260397872,0.7000213521297598,0.7618332539216381,0.7990675517673365,0.7672580652939135,0.8276648562323665,0.7641488195946694,0.7594802713740805,0.7948492729168687,0.7352393867854057,0.8353192571813844,1.0,0.7954255034360387,0.8309098979264489,0.8342061406920552,0.8326694398430718,0.7260683120572864,0.7465372973197648,0.7447081102793437,0.8163448925304471,0.7610855993381743,0.7229775918439304,0.7205796553487211,0.7486123605518675,0.8133502549154448,0.05762694407214164,0.8107110801082285,0.7724418235403647,0.7605717358065691,0.7914684298874881,0.8056866905226947,0.696837497958299,0.8161348229882703,0.7489223179816946,0.7745337055699046,0.8156153091996529,0.7669531313225213,0.7649701331114822,0.7330478445249875,0.7833297901161633,0.7830568388146565,0.7558680179240029,0.7482272796030349
0.7920568489697035,0.7902972193393942,0.7758927342235873,0.7651033350868081,0.7584546741388833,0.7482842768123139,0.9505789574102842,0.7716537315413783,0.7479650341376956,0.7676613512057131,0.7821053328767981,0.765287812494723,0.7987988963480153,0.7767080010683185,0.76735181366283,0.9165058371792734,0.7151426493752884,0.8137311241522389,0.7954255034360387,1.0,0.8182869501618448,0.7953773877679691,0.8181974383473467,0.7022489436411861,0.7272940144580078,0.7308120304993218,0.8038916137570535,0.7754732259058921,0.7635616147159721,0.7613943160416169,0.7571960187013917,0.7968381525066235,0.059528100646902726,0.8062068037190476,0.7559047711061655,0.7774314764521939,0.9299010945556678,0.7953519314995159,0.6932052383013706,0.8041662760518505,0.7509233349577893,0.7567166589420204,0.8071929622996814,0.7735170428698679,0.7708831436333502,0.7675139833809197,0.7757408921382076,0.7741563311530403,0.7800618926437609,0.7858303572540357
0.7953057356473489,0.8181656383726603,0.7679809768960927,0.7813519756981775,0.7943092522478014,0.7773863276357952,0.8195560687395481,0.7802079778676877,0.7183096036149943,0.7794583276480097,0.8180142576375405,0.7826283145768584,0.8353179195343599,0.782758824699987,0.7798403236860534,0.8079025535251554,0.7478818067077497,0.856512416714486,0.8309098979264489,0.8182869501618448,1.0,0.8326743752218914,0.8640238686234236,0.7374249971130882,0.7554898664992407,0.7637762169681869,0.8449740517447942,0.7800121884243593,0.7448208712981521,0.7421107575356323,0.7698305332714388,0.8284114310372038,0.05477677858884722,0.8426609157784204,0.785014734175106,0.7821812522305682,0.8083433903381664,0.8319822806941368,0.7041307052792017,0.8467720718236242,0.7673786852460592,0.7904869127748728,0.846518464238703,0.7842579358774344,0.7847116218194323,0.7562588851517054,0.8125116901626057,0.8109587039921827,0.7762346867228819,0.7698462978201701
0.7891003510427522,0.8021377835061758,0.7558729002803123,0.7678407238927215,0.7782515399650355,0.7913127297853085,0.7996289538671054,0.7719507515135053,0.7035204880868264,0.768019388817696,0.8178378991379276,0.7725008252219587,0.8376234781705558,0.7683524983995083,0.7639253771796941,0.7914177024385429,0.7431746650619628,0.8377404610650465,0.8342061406920552,0.7953773877679691,0.8326743752218914,1.0,0.8714904531603678,0.7332550663153934,0.7553141434532169,0.7542634494725673,0.8275900913533798,0.7664156534895717,0.725926068115127,0.7221613522759651,0.7561308077516465,0.8157920070152835,0.058434470249472015,0.8458827796281525,0.7813402296088112,0.7639068964798701,0.7858072001840861,0.8201699972664506,0.6975412470945022,0.8351007230972064,0.7570971746018049,0.7841919175936389,0.8374772083573789,0.7756514838745238,0.7715966881110066,0.7355355783914839,0.7959474426643465,0.7965821979025786,0.7635638036616255,0.7535201800661446
0.806412969008524,0.8280747604189358,0.7702498346822294,0.7903065844354195,0.7983555726358786,0.7886731923758163,0.8199167060454449,0.7879992273990888,0.720702382628986,0.7850735035006361,0.8277980070273073,0.7876098767663098,0.8562238285603737,0.7881961628227765,0.7845178713370103,0.8100316127830819,0.7548639459446228,0.8628166480557268,0.8326694398430718,0.8181974383473467,0.8640238686234236,0.8714904531603678,1.0,0.7455502691585603,0.7662075217293928,0.768336236869072,0.8591516073608856,0.786686919323596,0.7449524772672618,0.7399986435236711,0.7733836725007855,0.8323900012950982,0.056765184768711174,0.8745209514749257,0.7975698137171764,0.7842558480271911,0.8080599885448259,0.8417002431042996,0.7127116307482178,0.8595244126701302,0.7737837008240214,0.8011541512646027,0.8597883409886546,0.792606339491223,0.7914606539119382,0.7535365844394857,0.8142292786799901,0.8135254506241869,0.7806344718532245,0.7714970709579743
0.7168793027555599,0.8084697758592991,0.6719923331716079,0.7618976373611059,0.7707250528405329,0.8293654332113971,0.7092163620578593,0.7369885743084966,0.5755034066197597,0.7586693304236037,0.802992755695779,0.7652919922774148,0.751966157180784,0.7330574376588438,0.748521725848063,0.7130601397372526,0.8600833906675914,0.7678922312412257,0.7260683120572864,0.7022489436411861,0.7374249971130882,0.7332550663153934,0.7455502691585603,1.0,0.8469636155528488,0.8492847753431528,0.741726649310429,0.7145046874552645,0.6070599951450957,0.5982642683456036,0.7453000372121192,0.7318921784767594,0.046302668723334994,0.7298300214310081,0.8481700245549827,0.6909336788590827,0.6951100719207975,0.7441779987062254,0.6930527621192912,0.7430204128009819,0.781522350125752,0.8297055689206754,0.7467028190473071,0.7466543297579649,0.7455774191783702,0.6219142914609193,0.8156419863042942,0.8181299104003417,0.7061827627020082,0.6484370042114734
0.7402616527936626,0.8187233630059636,0.6898848943173834,0.7748610877579092,0.7849765235578878,0.8342395955124914,0.7334488625008355,0.7502982318596483,0.6056632390514378,0.765258547838448,0.8033587443483762,0.7724183935888783,0.7647291756410184,0.7478272114272366,0.7577729713624373,0.7350799473032694,0.8476113717247918,0.778228291072909,0.7465372973197648,0.7272940144580078,0.7554898664992407,0.7553141434532169,0.7662075217293928,0.8469636155528488,1.0,0.8549033138005715,0.7594293936483449,0.7283739120344366,0.632881924364478,0.6287391238423969,0.756490038854145,0.7668876403812942,0.04673532230167976,0.7494069664838265,0.8391239275702623,0.7101420954261943,0.7226080136104245,0.7657028652246676,0.6939703557118666,0.7588954036993456,0.7812867009003367,0.8215258612210661,0.7636114524912914,0.7627134175673351,0.7589166825187705,0.6543441072444183,0.8167634436430457,0.8195264931919992,0.7274139004261255,0.6722758926692729
0.7435642721233747,0.8236331101616999,0.6969069708333062,0.7831146023375202,0.791410774944368,0.8289247542213527,0.7348582166235267,0.7615856281910212,0.6066895861992263,0.7811707161728619,0.819357561245504,0.7844128455367003,0.7777068393199961,0.758619690078088,0.7702247045078033,0.7408623926322779,0.8534347044675983,0.7889102133389478,0.7447081102793437,0.7308120304993218,0.7637762169681869,0.7542634494725673,0.768336236869072,0.8492847753431528,0.8549033138005715,1.0,0.7678239413954849,0.7391117449473816,0.6380015323064414,0.6300019331600744,0.7677749221299832,0.7610596521244909,0.04978996680567793,0.7558006301208665,0.8510286141113654,0.7187066622132596,0.7241246552217914,0.7702536506001986,0.7056048993921638,0.7709670633918763,0.79889876937309,0.8417074629833756,0.7733246299904686,0.772875935721997,0.7674214397684906,0.6526875671524752,0.8347525258904132,0.8361632409508053,0.736585224442244,0.6765082425656586
0.8002451759393223,0.8220015091440372,0.7627525226046941,0.7823646446546274,0.7997329842730365,0.7793393547328925,0.8058567336799642,0.7885629592496837,0.7210991601180234,0.7848070382589294,0.8301312030310324,0.7832401692777906,0.8533915856713775,0.7809873188927944,0.7776080353735745,0.7973450597929927,0.7497418136316171,0.8474957602429862,0.8163448925304471,0.8038916137570535,0.8449740517447942,0.8275900913533798,0.8591516073608856,0.741726649310429,0.7594293936483449,0.7678239413954849,1.0,0.7795347411689555,0.743419021698524,0.7412530721248364,0.7728964263150104,0.8291907930550413,0.057791391819563165,0.8408857281976492,0.7908381118376011,0.7766318609140078,0.7954336472665872,0.8639602821491105,0.7062597698472399,0.8615883638702607,0.770675191707112,0.7993350052380852,0.8804307086430742,0.7905076197957923,0.785738147843451,0.7488868564681005,0.812850228100002,0.8101067991902308,0.7779208886407759,0.7694232918030828
0.7963900235320309,0.7894527077421373,0.7728879361394954,0.841111222741546,0.7566917476028884,0.7464362511558091,0.7744642721257373,0.8888091778640691,0.7188185412081688,0.8412804729463041,0.775044315498242,0.837393270444072,0.7790760931699383,0.8520936345837339,0.8366957143324321,0.7747701749654174,0.7272032143094072,0.784201206141951,0.7610855993381743,0.7754732259058921,0.7800121884243593,0.7664156534895717,0.786686919323596,0.7145046874552645,0.7283739120344366,0.7391117449473816,0.7795347411689555,1.0,0.7454342868914836,0.7387373077952601,0.8216800996656254,0.7732813060983559,0.06287737390660075,0.776724479953681,0.754553654087794,0.8103735546247142,0.7648450884828362,0.7813913284832257,0.7355478070057095,0.7799700978729287,0.8176431486477551,0.753186975675329,0.7805318343855103,0.9120100111436421,0.9049135509316909,0.751553504611364,0.7755406002046913,0.7750935066682332,0.8365186946259717,0.7658541995802739
0.7618377567737971,0.7132619851411555,0.7638867906907926,0.7135782474835553,0.6940006278978939,0.6583513700598389,0.7580465689014994,0.7356951733899895,0.7914632763798514,0.7196372275071181,0.7015480745380982,0.7129845702978366,0.742537042170048,0.7333712264351119,0.7259062007852822,0.7540030340863044,0.622327303490205,0.728749408505332,0.7229775918439304,0.7635616147159721,0.7448208712981521,0.725926068115127,0.7449524772672618,0.6070599951450957,0.632881924364478,0.6380015323064414,0.743419021698524,0.7454342868914836,1.0,0.7988679466035091,0.7135043244931916,0.7441208827831951,0.06258864782105178,0.7449195022910016,0.6607690846371619,0.7570794877570485,0.7597120507076509,0.7372269723971987,0.6569880620292938,0.745017771115173,0.6888965802978648,0.6651181951098677,0.7399133397485794,0.7291845688606429,0.728085868710612,0.8002455404061248,0.6899030039711388,0.6870688349718805,0.7519457785447687,0.8569346609107366
0.7652252068767015,0.7067210646701347,0.7643832853865441,0.7069133116671086,0.6988441526305597,0.649862746007869,0.7556016182687566,0.7279013504342098,0.8143421961891958,0.7130777267001378,0.6941867267883748,0.7049201563621823,0.7388831143727737,0.7244970657437821,0.7160461355148787,0.7570139708097806,0.6125962263806342,0.7222318359206037,0.7205796553487211,0.7613943160416169,0.7421107575356323,0.7221613522759651,0.7399986435236711,0.5982642683456036,0.6287391238423969,0.6300019331600744,0.7412530721248364,0.7387373077952601,0.7988679466035091,1.0,0.7061805018372775,0.7405423650922899,0.06142744463311134,0.7402949512784591,0.6537123240745005,0.7475539877224724,0.7572605455733616,0.7372727015834729,0.657988324498895,0.7459237689058841,0.6851439856732002,0.6584635460672378,0.7404541026651097,0.7225003769021887,0.7215454212216508,0.7892913895946659,0.6873307636100481,0.6848403142124329,0.7527437779133225,0.7912824633906056
0.774812864829443,0.7930890993922219,0.7479180537633741,0.8445202385785402,0.7719438589402284,0.7636055273605961,0.7588405783391463,0.8333076470766039,0.6819477070914481,0.8501678371043129,0.7850276458043719,0.828455292460299,0.7755603539715918,0.8409219038433737,0.8443855459099482,0.7632754532930959,0.7501184485752992,0.7797599656222062,0.7486123605518675,0.7571960187013917,0.7698305332714388,0.7561308077516465,0.7733836725007855,0.7453000372121192,0.756490038854145,0.7677749221299832,0.7728964263150104,0.8216800996656254,0.7135043244931916,0.7061805018372775,1.0,0.7584511025361932,0.057918352694416475,0.7643103190913845,0.7716392091377449,0.7859098004464719,0.7500858899017387,0.7743627422936216,0.7283781333257147,0.7743653493756752,0.8710165018694136,0.7724000225546306,0.7752214647983162,0.836148134825454,0.8340522024325355,0.7258635896684641,0.7860117965887673,0.7858547599283296,0.8130573599575427,0.7425465839628909
0.7965775373798152,0.804410733208087,0.7602766470281237,0.7776964300627124,0.8041812851548836,0.7706735996623725,0.7979926987635801,0.7768675416659535,0.7255392877328775,0.7686508510717174,0.8040612350913314,0.7721350686885018,0.83411755743875,0.7720883690800031,0.7738296837736626,0.7940641364532717,0.7586074344262723,0.8187576100367698,0.8133502549154448,0.7968381525066235,0.8284114310372038,0.8157920070152835,0.8323900012950982,0.7318921784767594,0.7668876403812942,0.7610596521244909,0.8291907930550413,0.7732813060983559,0.7441208827831951,0.7405423650922899,0.7584511025361932,1.0,0.05993433492848654,0.8244548005957206,0.7727582274159364,0.7644029282192124,0.7966772457937124,0.8317673604537802,0.7024722129515583,0.8286716527045803,0.7563728214646166,0.7781348329926551,0.836774174249614,0.7766629973916297,0.7780318049201247,0.7504891759610841,0.7980548907100464,0.796144803880779,0.7652115733122791,0.7640367003197193
0.053157678969105726,0.04640581793840981,0.06370395727873301,0.057924217848695725,0.05678795999298414,0.05217098165490297,0.058226859686900334,0.06588678082040311,0.07024787806741362,0.05725715582757551,0.05417127314794978,0.05803480296829544,0.06174596516289754,0.0612908017732664,0.06126501953173502,0.0605821009714097,0.04912203569077189,0.05369003077080836,0.05762694407214164,0.059528100646902726,0.05477677858884722,0.058434470249472015,0.056765184768711174,0.046302668723334994,0.04673532230167976,0.04978996680567793,0.057791391819563165,0.06287737390660075,0.06258864782105178,0.06142744463311134,0.057918352694416475,0.05993433492848654,1.0,0.06159428623945462,0.04932945980258785,0.06180466235223969,0.061679639648523854,0.05765145085903389,0.06589863482144975,0.05382168039954216,0.0545766009038644,0.05285152654175562,0.054747247372823216,0.06668496874593843,0.06408815842379334,0.06002600290482374,0.05390750510439912,0.052973860575055265,0.06209200168405704,0.06363748412943715
0.8007370804920481,0.810482175202597,0.7679742705369104,0.7759625251344642,0.7928180900900806,0.7732608780143077,0.8071407613981736,0.7843453090866557,0.7221512670802119,0.7733272558476663,0.8143181389538862,0.7761063637045695,0.8424666744307736,0.7795498239096391,0.7733054074263044,0.8008995925092264,0.7445116806492015,0.8361178544163363,0.8107110801082285,0.8062068037190476,0.8426609157784204,0.8458827796281525,0.8745209514749257,0.7298300214310081,0.7494069664838265,0.7558006301208665,0.8408857281976492,0.776724479953681,0.7449195022910016,0.7402949512784591,0.7643103190913845,0.8244548005957206,0.06159428623945462,1.0,0.7826711300397158,0.7812420867668206,0.7962289798109597,0.8335988948465833,0.7135987960375549,0.8425550195311327,0.7628090619066208,0.7824698702163644,0.8500740074235967,0.7841850934851348,0.7843336693787886,0.7502363745059367,0.8014653309980229,0.7997169521233616,0.7749346618913052,0.7724595609910362
0.7599061399045487,0.8510001633076067,0.7180741584257359,0.7882925986423654,0.7868968146703484,0.8490198996048236,0.7607964014797068,0.7698278727903621,0.6305569159024202,0.7855883684559498,0.8316566872396554,0.7972583013233352,0.7968619569220812,0.7708828167566434,0.7776556267619414,0.760705362557172,0.8315927066800748,0.8131404046738628,0.7724418235403647,0.7559047711061655,0.785014734175106,0.7813402296088112,0.7975698137171764,0.8481700245549827,0.8391239275702623,0.8510286141113654,0.7908381118376011,0.754553654087794,0.6607690846371619,0.6537123240745005,0.7716392091377449,0.7727582274159364,0.04932945980258785,0.7826711300397158,1.0,0.7340369132975405,0.745651771078894,0.7895174215600707,0.70815604922343,0.7938375141840334,0.7995255055738612,0.8473423053738853,0.8014223298835387,0.7797795552096639,0.7761815922927376,0.6744154832073644,0.842618197676529,0.843174842180702,0.7473384902134352,0.6990017160356066
0.7836970375385449,0.7663299058077645,0.7674572287428743,0.794779795286263,0.7447518133899013,0.7295546872817313,0.7764182199298635,0.8089822898274724,0.7261696591775564,0.8028290111779841,0.7668038066022655,0.7967566626406577,0.7749269473106529,0.8028816115251385,0.7990039864901826,0.7756277060414171,0.7025199186167617,0.7781641058157378,0.7605717358065691,0.7774314764521939,0.7821812522305682,0.7639068964798701,0.7842558480271911,0.6909336788590827,0.7101420954261943,0.7187066622132596,0.7766318609140078,0.8103735546247142,0.7570794877570485,0.7475539877224724,0.7859098004464719,0.7644029282192124,0.06180466235223969,0.7812420867668206,0.7340369132975405,1.0,0.769333512274528,0.7730539124183303,0.72282816448315,0.7788675684044528,0.7756001836244668,0.7366142360641299,0.7776716839366492,0.8115290474239581,0.8090001554195334,0.7609702462159146,0.7530637541242663,0.7518459660490789,0.817647835882962,0.7784329799609832
0.783118583258797,0.779568323854183,0.7652636458891819,0.7576261618317601,0.7579555117046691,0.7394649897694525,0.926304207180223,0.764026836578608,0.7452794671001524,0.7597263256072226,0.7715141219212436,0.7561989541042363,0.793200828887151,0.7669366587006758,0.7609252441652159,0.905792743620485,0.7084877267658285,0.8010955479366999,0.7914684298874881,0.9299010945556678,0.8083433903381664,0.7858072001840861,0.8080599885448259,0.6951100719207975,0.7226080136104245,0.7241246552217914,0.7954336472665872,0.7648450884828362,0.7597120507076509,0.7572605455733616,0.7500858899017387,0.7966772457937124,0.061679639648523854,0.7962289798109597,0.745651771078894,0.769333512274528,1.0,0.7871375931380676,0.6875376061433859,0.7934095304938161,0.7428772915150356,0.7476061947747916,0.7970997841545203,0.7637125106922655,0.7609009165801268,0.7615586116814664,0.7643111969040035,0.7625002499834744,0.7684787964510484,0.7800256539275954
0.8054082093864534,0.8267493974374411,0.7585871289104136,0.7835577392318777,0.8075316672140722,0.7859963825375837,0.7956236457009807,0.793412999712011,0.7123725111036447,0.7868716957168616,0.829992083392679,0.792162787657499,0.8412518321487938,0.7832600343631716,0.7815559026727442,0.7907670156581927,0.7545271638624838,0.8318400286566537,0.8056866905226947,0.7953519314995159,0.8319822806941368,0.8201699972664506,0.8417002431042996,0.7441779987062254,0.7657028652246676,0.7702536506001986,0.8639602821491105,0.7813913284832257,0.7372269723971987,0.7372727015834729,0.7743627422936216,0.8317673604537802,0.05765145085903389,0.8335988948465833,0.7895174215600707,0.7730539124183303,0.7871375931380676,1.0,0.7151807148361327,0.8507517466657897,0.7751243816226749,0.7968249510000599,0.8785397124742398,0.7929287745482654,0.7885486590948725,0.744899327297791,0.8167653074177491,0.8150419989499428,0.779335323560119,0.7646933323360626
0.7218664611178907,0.724584969260827,0.6917597654947192,0.7495978610670315,0.7153750044481902,0.7052484710745239,0.6968982998089064,0.7511017573232542,0.6316299065045043,0.7470035780215769,0.7233679626954583,0.7553739900902525,0.7095001718190118,0.7426366982750403,0.7504826637278309,0.6973112249661034,0.6984768565556582,0.7153354554479676,0.696837497958299,0.6932052383013706,0.7041307052792017,0.6975412470945022,0.7127116307482178,0.6930527621192912,0.6939703557118666,0.7056048993921638,0.7062597698472399,0.7355478070057095,0.6569880620292938,0.657988324498895,0.7283781333257147,0.7024722129515583,0.06589863482144975,0.7135987960375549,0.70815604922343,0.72282816448315,0.6875376061433859,0.7151807148361327,1.0,0.7054616535188749,0.7375140457614504,0.7088068916219783,0.7087694469753975,0.7512887114509963,0.7549094974767802,0.6635547435798598,0.7174471971547145,0.7176191328165906,0.7375681004243337,0.6876968989101349
