../ecoli_genomes/GCF_000163235.1_ASM16323v1_genomic.fna.gz,../ecoli_genomes/GCF_000164555.1_ASM16455v1_genomic.fna.gz,../ecoli_genomes/GCF_000208545.1_ASM20854v2_genomic.fna.gz,../ecoli_genomes/GCF_000233875.1_ASM23387v1_genomic.fna.gz,../ecoli_genomes/GCF_000249735.1_ASM24973v2_genomic.fna.gz,../ecoli_genomes/GCF_000261145.1_Esch_coli_M919_V2_genomic.fna.gz,../ecoli_genomes/GCF_000267705.2_ASM26770v2_genomic.fna.gz,../ecoli_genomes/GCF_000350665.1_Esch_coli_KTE5_V1_genomic.fna.gz,../ecoli_genomes/GCF_000351625.1_Esch_coli_KTE66_V1_genomic.fna.gz,../ecoli_genomes/GCF_000352285.1_Esch_coli_KTE46_V1_genomic.fna.gz,../ecoli_genomes/GCF_000358895.1_ASM35889v1_genomic.fna.gz,../ecoli_genomes/GCF_000456385.1_Esch_coli_HVH_26_4-5703913_V1_genomic.fna.gz,../ecoli_genomes/GCF_000458195.1_Esch_coli_HVH_147_4-5893887_V1_genomic.fna.gz,../ecoli_genomes/GCF_000459755.1_Esch_coli_KOEGE_58_171a_V1_genomic.fna.gz,../ecoli_genomes/GCF_000460055.1_Esch_coli_UMEA_3053-1_V1_genomic.fna.gz,../ecoli_genomes/GCF_000462165.2_ASM46216v2_genomic.fna.gz,../ecoli_genomes/GCF_000601135.1_ASM60113v1_genomic.fna.gz,../ecoli_genomes/GCF_000614595.1_Ec2010EL1058_genomic.fna.gz,../ecoli_genomes/GCF_000617745.1_Ec2010C-4529_genomic.fna.gz,../ecoli_genomes/GCF_000618265.2_EcF6751_genomic.fna.gz,../ecoli_genomes/GCF_000619005.2_Ec2009C-4052_genomic.fna.gz,../ecoli_genomes/GCF_000619105.1_Ec2009C-4780_genomic.fna.gz,../ecoli_genomes/GCF_000619765.2_Ec2009C-3279_genomic.fna.gz,../ecoli_genomes/GCF_000687005.1_ASM68700v1_genomic.fna.gz,../ecoli_genomes/GCF_000687025.1_ASM68702v1_genomic.fna.gz,../ecoli_genomes/GCF_000700125.1_ASM70012v1_genomic.fna.gz,../ecoli_genomes/GCF_000753315.1_FHI35_genomic.fna.gz,../ecoli_genomes/GCF_000776375.1_ASM77637v1_genomic.fna.gz,../ecoli_genomes/GCF_000779395.1_ASM77939v1_genomic.fna.gz,../ecoli_genomes/GCF_000780315.1_ASM78031v1_genomic.fna.gz,../ecoli_genomes/GCF_000781995.1_ASM78199v1_genomic.fna.gz,../ecoli_genomes/GCF_000986765.1_ASM98676v1_genomic.fna.gz,../ecoli_genomes/GCF_001041375.1_ViralProj287958_genomic.fna.gz,../ecoli_genomes/GCF_001265335.1_302014_genomic.fna.gz,../ecoli_genomes/GCF_001265625.1_100854_genomic.fna.gz,../ecoli_genomes/GCF_001267345.1_303289_genomic.fna.gz,../ecoli_genomes/GCF_001309985.1_ASM130998v1_genomic.fna.gz,../ecoli_genomes/GCF_001521695.1_ASM152169v1_genomic.fna.gz,../ecoli_genomes/GCF_001592595.1_ASM159259v1_genomic.fna.gz,../ecoli_genomes/GCF_001614975.1_ASM161497v1_genomic.fna.gz,../ecoli_genomes/GCF_001692775.1_ASM169277v1_genomic.fna.gz,../ecoli_genomes/GCF_001748915.1_ASM174891v1_genomic.fna.gz,../ecoli_genomes/GCF_001749235.1_ASM174923v1_genomic.fna.gz,../ecoli_genomes/GCF_001881155.1_ASM188115v1_genomic.fna.gz,../ecoli_genomes/GCF_001881345.1_ASM188134v1_genomic.fna.gz,../ecoli_genomes/GCF_001892405.1_ASM189240v1_genomic.fna.gz,../ecoli_genomes/GCF_001892585.1_ASM189258v1_genomic.fna.gz,../ecoli_genomes/GCF_001893985.1_ASM189398v1_genomic.fna.gz,../ecoli_genomes/GCF_002001595.1_ASM200159v1_genomic.fna.gz,../ecoli_genomes/GCF_002002145.1_ASM200214v1_genomic.fna.gz
1.0,0.323618059046877,0.2576973365416253,0.28700449008411055,0.30505683817113294,0.3106577945358566,0.3035189565477393,0.2977927531603901,0.3877256284311399,0.3034003531281877,0.32040031313756656,0.3004967974750812,0.3104637904309785,0.27894483186815044,0.27571865478043756,0.30502027894363215,0.2716355948249586,0.30604801374456136,0.303171473420336,0.30570967440797336,0.30038872280891893,0.30350554174120725,0.31319430383249636,0.2943961699240487,0.28509992822647257,0.2978623544206741,0.310098196937851,0.288365006812047,0.3349744420825532,0.3834184375699127,0.26670821037450165,0.3196720303994023,0.0,0.3098091378853741,0.31013325411840176,0.27461664182393297,0.292891418815449,0.3172839210591246,0.2184048667252867,0.315664173869317,0.27197244109614127,0.303863551664066,0.3134699949142874,0.29494333017100116,0.30468083127989753,0.31530705025306627,0.3042838473272609,0.30484520512298807,0.2731105707007989,0.34604965349944894
0.323618059046877,1.0,0.2356837297050698,0.28130865349416734,0.40211984721558613,0.5334896053868319,0.34156287073742697,0.28818789109240184,0.3011466589998846,0.2903384534223511,0.42768452172591087,0.2900437767553209,0.4275638662815371,0.2706230748052755,0.2683423712031321,0.3467316690322637,0.368986672206459,0.41509222104951005,0.39375802672668325,0.34903891674234644,0.4011740438611868,0.39812703982028275,0.4147360032234444,0.48566027655406663,0.46802710788701396,0.46756727533697084,0.41657145466753664,0.28421708756007436,0.30985641800880004,0.3078518938951461,0.259476252034604,0.4095066986446463,0.0,0.40179014151637404,0.5593220920906319,0.2654252442000017,0.332280126296865,0.42819567393945424,0.16839534613991824,0.4235005743080451,0.2649381696379882,0.4731344781345129,0.4231346989550663,0.29310610086809563,0.29179509619359434,0.2868619715046524,0.4807349221328848,0.479760576922843,0.279359660976943,0.3071870523641693
0.2576973365416253,0.2356837297050698,1.0,0.2123816445509561,0.21732902053009118,0.21851055809484354,0.21764839044655604,0.21594163525809296,0.2499481824343479,0.22061051877819637,0.23777607948856994,0.20861593274126622,0.23196833091126412,0.20917842760690508,0.20614533091661025,0.22109493626448762,0.1739159247146349,0.2235174135879402,0.21030560272353283,0.2220801462177766,0.220355461682209,0.21761063393752234,0.22676060425021505,0.19735113258756976,0.18951344364595935,0.21195377161292228,0.22689842377842573,0.2152254693982667,0.2498776244039408,0.2569028200468053,0.19959491158902964,0.2210651302918727,0.0,0.22223254611861432,0.22012173682893488,0.21064552851366836,0.21143867610854505,0.22534730822091775,0.13561904686505977,0.2293417416478778,0.20779771621289433,0.22598985821873108,0.2322953323328052,0.21765931488546497,0.2129942903541595,0.2280717460375845,0.23282421535387232,0.2322084190502487,0.21342843709112425,0.2523199222855529
0.28700449008411055,0.28130865349416734,0.2123816445509561,1.0,0.27953295849125215,0.26754438711923656,0.2601910221235174,0.5007157333507302,0.28380942884203975,0.517962765980795,0.27481491223300025,0.5208881410629755,0.2784209243999187,0.5505157330810071,0.5528677581354249,0.2698330508635918,0.22406071241216852,0.2657017197238305,0.25638817316057894,0.2653151005810068,0.26077861876893804,0.2568910805496831,0.2748769004985877,0.25339983145761136,0.24671037240047855,0.26441017441978243,0.2737528597683927,0.527949064136576,0.29893218826017165,0.278949505441624,0.49479337089434317,0.2823843440567536,0.0,0.25669555107316155,0.2622216103756415,0.41972449912730214,0.2559049157512814,0.27018102400993194,0.286815504938702,0.26993466062806293,0.5214753816217383,0.2666436771940347,0.27579914045397935,0.5321408987763145,0.5195747328627153,0.2969806438855198,0.2660350557141311,0.2659463684885355,0.4566870493499945,0.31428576747702
0.30505683817113294,0.40211984721558613,0.21732902053009118,0.27953295849125215,1.0,0.41098818041564555,0.3269462194499385,0.2853723236323915,0.30114554145908257,0.2777155780165439,0.5321682836349135,0.27256412628609195,0.48318725284862685,0.2718661933612866,0.2784501522362932,0.34771309709571985,0.3525561507443309,0.4264779917522784,0.41108566978627226,0.3307928689434073,0.43720147934960985,0.4194826543537784,0.43887757121862936,0.3999212722356891,0.37840280734237475,0.40709546238134586,0.44840100560267315,0.2626888472593193,0.300906169006816,0.30394338898743045,0.2679284787304994,0.46081410247042687,0.0,0.437440213727739,0.40825490082321025,0.25435099320952814,0.3225366411300109,0.46154944790173924,0.17763698284734852,0.4653933893478962,0.2810864376527651,0.41168281215815417,0.4715474945282887,0.27505862492190414,0.28107489051840384,0.2769176824016212,0.4206796720095066,0.4220793051435995,0.26570053914438463,0.2961571642947919
0.3106577945358566,0.5334896053868319,0.21851055809484354,0.26754438711923656,0.41098818041564555,1.0,0.3566174564898047,0.2834529567045445,0.29526807603741523,0.27174337915401736,0.40985603853989505,0.2699615752519552,0.4121284291699183,0.26316488281631556,0.2617779844065664,0.3529688868881702,0.3776641115896626,0.41218025056776686,0.4010849531231683,0.35000669193686407,0.3881053799298243,0.41308982633547064,0.40795925396209654,0.4782692509067439,0.46827712914484254,0.44706590051577766,0.39328567783294976,0.2714982606388765,0.3032818045194263,0.2938878369627491,0.24922543766461847,0.40256821350932515,0.0,0.41133164436453984,0.5495711433209804,0.27119777669933665,0.34192450100221905,0.40788197104405266,0.1870580236655951,0.407199058479081,0.25749792734773413,0.46180642823495965,0.4088903480982766,0.27466608765166955,0.27742625498453954,0.275551827577878,0.46627918180084305,0.4680004042239845,0.26037576511988436,0.3050656569505943
0.3035189565477393,0.34156287073742697,0.21764839044655604,0.2601910221235174,0.3269462194499385,0.3566174564898047,1.0,0.2558239411306832,0.2931070123288737,0.2641614053639455,0.35419581401605105,0.2557012329182443,0.3488948725969129,0.25544244462989096,0.2523225197069977,0.761509986463281,0.27125667632678674,0.38097094526445574,0.3776452388820648,0.8416898656734444,0.37629318968353764,0.3613907632968224,0.38388260017315434,0.3066731134211923,0.29503456950517704,0.3292366339006999,0.3531848494479132,0.25411825204799254,0.2900025372483388,0.2970708020009404,0.24046459653545582,0.3404198943596448,0.0,0.3566770535400712,0.3586562425866018,0.27570915087472037,0.7989794307882995,0.3376109376774047,0.1771932865820426,0.35093915459404934,0.24621144044746146,0.34137600607762797,0.3482001615132164,0.2578194575981574,0.25630740060282364,0.2674124400089577,0.3392537009482377,0.33954227287922434,0.24963413818700741,0.29427994435394467
0.2977927531603901,0.28818789109240184,0.21594163525809296,0.5007157333507302,0.2853723236323915,0.2834529567045445,0.2558239411306832,1.0,0.2836710399212823,0.5064762900207065,0.2762156957956934,0.489866958498661,0.2827840549576165,0.48829023183499365,0.4828244840564361,0.2660287201318311,0.23974301935030828,0.26894419402793535,0.2654629008141426,0.2605995188216116,0.26449028276446096,0.26285980579584667,0.2760638828830754,0.2750121373553138,0.25694322873855346,0.2766540076920192,0.27699764864229814,0.682950290041422,0.30697476481134267,0.28351893370605596,0.47059867398652766,0.2865613425989926,0.0,0.26747024469578606,0.2662267904959923,0.41395460544769924,0.25030052822161886,0.2876487536782737,0.2863171489008569,0.27699518761457687,0.48169623789646676,0.2759803916273721,0.2821996346633281,0.6931456473523874,0.6665281023457008,0.2949853163959075,0.2719728598373927,0.2715828191332156,0.44124460309207303,0.3090730349845823
0.3877256284311399,0.3011466589998846,0.2499481824343479,0.28380942884203975,0.30114554145908257,0.29526807603741523,0.2931070123288737,0.2836710399212823,1.0,0.2895212510033722,0.3167110743316657,0.27338046119994297,0.3184980572019801,0.2773354739088908,0.27923359340604426,0.3042217670588766,0.23241186445692774,0.3027797557269001,0.2810779844647353,0.3004776334856053,0.2917996871833515,0.2900281331959288,0.3050080155455973,0.27781354410014125,0.25260651750208774,0.2891807751997394,0.3098247549233458,0.2729599316087492,0.32782861449723466,0.41696893367526344,0.26620063015263107,0.29717784747461895,0.0,0.2963560621721698,0.2978960364980796,0.2769723438560687,0.28793164580975295,0.30137324168550295,0.18085845302365267,0.30832959418819617,0.2741414236053231,0.30028642545277096,0.31364541867915285,0.27937928770338727,0.27238898390114863,0.31528478029937845,0.29334903758285946,0.2937078563521681,0.26867618001915494,0.3455604730086871
0.3034003531281877,0.2903384534223511,0.22061051877819637,0.517962765980795,0.2777155780165439,0.27174337915401736,0.2641614053639455,0.5064762900207065,0.2895212510033722,1.0,0.28738898586709427,0.4910053681177048,0.2850799837745782,0.5052072890940458,0.4962493817197109,0.26961180794690165,0.21330124594020994,0.2715160564651291,0.25892496282444666,0.26863157587772624,0.2645508062622711,0.2600823854071319,0.2686536971647878,0.2471047779236737,0.23534624303524,0.26203546493284535,0.2806908278313408,0.5112601237332359,0.3088209876391601,0.2864399997749695,0.5063983127537991,0.26855142641916263,0.0,0.26199310920559093,0.26663502764886027,0.4362757229032933,0.2579140674926689,0.27999234995050415,0.29691011085456065,0.27981207419379917,0.5236356945221785,0.27257188834748114,0.2795391430018431,0.516400329503238,0.515534381546088,0.29505599596622434,0.26958942340919667,0.26882964844394197,0.4769720194515439,0.31248864159209844
0.32040031313756656,0.42768452172591087,0.23777607948856994,0.27481491223300025,0.5321682836349135,0.40985603853989505,0.35419581401605105,0.2762156957956934,0.3167110743316657,0.28738898586709427,1.0,0.26769246597637686,0.543569965974629,0.2720444786336522,0.26732599765189957,0.35801485232371044,0.32161870434039985,0.4999237576351909,0.4605667402149872,0.3633020187917173,0.48974097108507164,0.4859958965167992,0.49994855528615945,0.3793963778695705,0.3463675677461203,0.4118859289476372,0.5128500857938336,0.2737793616194907,0.3130913388115937,0.32155955961359195,0.25902759012338283,0.45800725429778555,0.0,0.48122404023643794,0.430933333280488,0.27407084002462534,0.342360631728694,0.49519199350810317,0.17501584896041833,0.5341134492599526,0.26889076164131387,0.4471061238586276,0.5160735168661674,0.27522626716590404,0.2741143094938753,0.2895438287375406,0.44333554573658296,0.44295872127765457,0.27487683452814204,0.32006292238188727
0.3004967974750812,0.2900437767553209,0.20861593274126622,0.5208881410629755,0.27256412628609195,0.2699615752519552,0.2557012329182443,0.489866958498661,0.27338046119994297,0.4910053681177048,0.26769246597637686,1.0,0.2716920146568177,0.5036769508826532,0.6202706002896768,0.2610051963464255,0.2251018437578356,0.25838502046687484,0.2546326331496668,0.25932606736639363,0.2591031502310601,0.2583960516703737,0.26712097820605296,0.2550461267845332,0.24584111331230918,0.2627349332693383,0.26754412398716776,0.5007936093506913,0.3092362889584902,0.27713492306086196,0.45279230360331957,0.2742669501564958,0.0,0.258718735070281,0.2660984728925663,0.40602152064405506,0.24863474053033607,0.2726642570660519,0.28309114507279,0.2692540891970776,0.4776563884595122,0.25997838670565787,0.27349616010901157,0.5081748194729803,0.5047969728681013,0.29308519727142934,0.26643625906192325,0.2660674285871858,0.44162775158753187,0.30758188175842605
0.3104637904309785,0.4275638662815371,0.23196833091126412,0.2784209243999187,0.48318725284862685,0.4121284291699183,0.3488948725969129,0.2827840549576165,0.3184980572019801,0.2850799837745782,0.543569965974629,0.2716920146568177,1.0,0.2709232864769767,0.2770588828682228,0.3604111592168311,0.31827385587334767,0.5054162324796104,0.48116318276198267,0.35787354460394927,0.5208570909056593,0.5415304964941432,0.5630284884227101,0.38296820689578515,0.3474680979768935,0.4073876255180404,0.5517911498829575,0.2712906023436005,0.3090970631351403,0.3183581110357694,0.2646080661680753,0.4913865865998125,0.0,0.5412429795756882,0.43238534163782916,0.2659306671279136,0.34237935824150767,0.5217995922772771,0.1695262780208867,0.5615930838713883,0.27112532195479566,0.43654695993738346,0.5407665603187117,0.2742154559052602,0.27000227220567075,0.28364867705268737,0.43908392068204505,0.43817411717411037,0.2702124224174548,0.31663843480848974
0.27894483186815044,0.2706230748052755,0.20917842760690508,0.5505157330810071,0.2718661933612866,0.26316488281631556,0.25544244462989096,0.48829023183499365,0.2773354739088908,0.5052072890940458,0.2720444786336522,0.5036769508826532,0.2709232864769767,1.0,0.5424104350124699,0.25926501328441054,0.20316277013384287,0.2631048586207404,0.2522374185242209,0.25964531404128044,0.25368454648978334,0.2514174377097299,0.26924647813802893,0.23465482483460942,0.22290434223461997,0.24662724899457755,0.27190692072866307,0.5196572095739329,0.3047557383194105,0.27252442998882886,0.48864601761759974,0.2668695066692476,0.0,0.25546793075818,0.25662356900124095,0.4166098097283205,0.2483060895448569,0.26891474099441803,0.2751843215383687,0.26742215609882625,0.510542169342514,0.2615897042445766,0.2719641060618788,0.5197544549542694,0.5057081612831467,0.2964397974717956,0.26075506101443646,0.2612151287296929,0.45704237768013145,0.30934209004651403
0.27571865478043756,0.2683423712031321,0.20614533091661025,0.5528677581354249,0.2784501522362932,0.2617779844065664,0.2523225197069977,0.4828244840564361,0.27923359340604426,0.4962493817197109,0.26732599765189957,0.6202706002896768,0.2770588828682228,0.5424104350124699,1.0,0.26551199414910265,0.2114645266596783,0.26015043161191453,0.24830949662886181,0.2576230016964127,0.2529073596707565,0.24860483104908415,0.2646359143599575,0.2412317814282403,0.23051781598486332,0.2555763607206323,0.26802934479782314,0.493599898910447,0.29686852155545607,0.27512641985956576,0.49720041751787203,0.27019243718587527,0.0,0.25109533215619395,0.25777114726921335,0.4106853349386008,0.24896932768516022,0.26751999715671104,0.28096537529586907,0.26534558836601196,0.5129560599550709,0.2577487168712771,0.2699238945263456,0.4992249025259169,0.4879524733629298,0.29555485703698414,0.2666562742006351,0.26707717347958004,0.45073447081587026,0.3156010079846727
0.30502027894363215,0.3467316690322637,0.22109493626448762,0.2698330508635918,0.34771309709571985,0.3529688868881702,0.761509986463281,0.2660287201318311,0.3042217670588766,0.26961180794690165,0.35801485232371044,0.2610051963464255,0.3604111592168311,0.25926501328441054,0.26551199414910265,1.0,0.2732224947473343,0.3724781698781773,0.3656929672468294,0.7738633526568802,0.3608786223756728,0.35867153203998536,0.3763794551478781,0.3169527657118436,0.3031279171020651,0.3433545245707138,0.35185743919481904,0.2562760948727063,0.290286010542567,0.30774617502715895,0.251299738642222,0.34490531007942915,0.0,0.35135280089509047,0.3553318031634941,0.27197156979860293,0.7564483412424198,0.34254582426627767,0.16950338573782453,0.3535597117504917,0.25756185635347717,0.3439126047670489,0.35122037268615547,0.2611541748306435,0.2608431727506668,0.26995333794258636,0.3441225514613576,0.3442697730279838,0.2536828594434617,0.2973744949628063
0.2716355948249586,0.368986672206459,0.1739159247146349,0.22406071241216852,0.3525561507443309,0.3776641115896626,0.27125667632678674,0.23974301935030828,0.23241186445692774,0.21330124594020994,0.32161870434039985,0.2251018437578356,0.31827385587334767,0.20316277013384287,0.2114645266596783,0.2732224947473343,1.0,0.3072388927946117,0.2991837471385963,0.27360203960231333,0.30853991828033533,0.3048977355081439,0.3209967917593286,0.5441498735372147,0.5548233685639454,0.47758090995969404,0.3101366291892893,0.20765273568112153,0.24048857109062538,0.23770603628738562,0.2017892828003932,0.40379557483972817,0.0,0.3326980555920136,0.38744155194697694,0.21376065630313146,0.26337799187950495,0.31756345977506373,0.15162063394069092,0.3310233598211848,0.20697415605464908,0.34936378766726983,0.315923973305,0.2409675590755891,0.2488844833672842,0.2226115938523816,0.3660129477753631,0.3684114687706429,0.20478302587547537,0.24372534157608472
0.30604801374456136,0.41509222104951005,0.2235174135879402,0.2657017197238305,0.4264779917522784,0.41218025056776686,0.38097094526445574,0.26894419402793535,0.3027797557269001,0.2715160564651291,0.4999237576351909,0.25838502046687484,0.5054162324796104,0.2631048586207404,0.26015043161191453,0.3724781698781773,0.3072388927946117,1.0,0.512981177323875,0.3858915590867432,0.5137677185384641,0.5078295656922638,0.5214021764532546,0.3615906736374974,0.3335445909349155,0.38624680476745665,0.5004895542897436,0.26543289739294007,0.29947009763536214,0.304196679433582,0.24756667507473884,0.45385026670208317,0.0,0.48134317172911567,0.42212661728601486,0.276264016107707,0.3686801215635416,0.4687541188951315,0.17541014026529866,0.5000406683527455,0.2527437539336994,0.4250781252800404,0.4905466691693253,0.26602777287023816,0.2644094342362032,0.2774716353798544,0.42581640647152075,0.425258696294155,0.2579615929520759,0.30965779620531475
0.303171473420336,0.39375802672668325,0.21030560272353283,0.25638817316057894,0.41108566978627226,0.4010849531231683,0.3776452388820648,0.2654629008141426,0.2810779844647353,0.25892496282444666,0.4605667402149872,0.2546326331496668,0.48116318276198267,0.2522374185242209,0.24830949662886181,0.3656929672468294,0.2991837471385963,0.512981177323875,1.0,0.36240878790469366,0.4913126054774696,0.4975744404615763,0.49696875806938945,0.33882917999812356,0.3271903642346988,0.3616037142538452,0.4711103615701827,0.26020787030972703,0.29164094853295475,0.28636274461634037,0.23796069999709246,0.45078248290008305,0.0,0.4707567167225525,0.40460015431615626,0.2719405144578819,0.36002119184521575,0.452721270930176,0.16633962061445307,0.47454897745598934,0.2442316490837434,0.3956818877489858,0.46576495592597367,0.2632777914774652,0.26142997540123014,0.2666815549241621,0.3946867195042685,0.39674377987560905,0.2458583245716085,0.29390460601033364
0.30570967440797336,0.34903891674234644,0.2220801462177766,0.2653151005810068,0.3307928689434073,0.35000669193686407,0.8416898656734444,0.2605995188216116,0.3004776334856053,0.26863157587772624,0.3633020187917173,0.25932606736639363,0.35787354460394927,0.25964531404128044,0.2576230016964127,0.7738633526568802,0.27360203960231333,0.3858915590867432,0.36240878790469366,1.0,0.3813077749893906,0.3613451152200273,0.3863588089765918,0.3115915860952405,0.29888306406840226,0.3366257506763588,0.36059378961295807,0.2580519505339359,0.29255406164423914,0.3042735445385676,0.2454607462182269,0.342889005094261,0.0,0.3540415810001196,0.3607963886284046,0.2753225106211983,0.8019919590127791,0.34419092438355114,0.17069726776445393,0.3601565626645242,0.25071603015685395,0.3497314160077303,0.3551985676147751,0.2604306348017399,0.25847618320780197,0.27537973561706286,0.3472042914738507,0.3475117985588111,0.25557195668283483,0.302628801357096
0.30038872280891893,0.4011740438611868,0.220355461682209,0.26077861876893804,0.43720147934960985,0.3881053799298243,0.37629318968353764,0.26449028276446096,0.2917996871833515,0.2645508062622711,0.48974097108507164,0.2591031502310601,0.5208570909056593,0.25368454648978334,0.2529073596707565,0.3608786223756728,0.30853991828033533,0.5137677185384641,0.4913126054774696,0.3813077749893906,1.0,0.5045552403942981,0.5329704528620965,0.35489964233979443,0.3311536849783109,0.3878927453170957,0.5104100330185908,0.26065183282397986,0.2905454050370503,0.29895236819161597,0.24226260570622127,0.47174122499093674,0.0,0.5029487363489884,0.411115918579534,0.27499446694901175,0.3628510750045013,0.48060504345561816,0.1723038131816742,0.50999580901356,0.2512268167192494,0.4069123921237745,0.4977845186028117,0.26461014129354277,0.2651193771667484,0.27450798138845967,0.41521819321177034,0.41484083569350705,0.25528091655094365,0.3009232750012044
0.30350554174120725,0.39812703982028275,0.21761063393752234,0.2568910805496831,0.4194826543537784,0.41308982633547064,0.3613907632968224,0.26285980579584667,0.2900281331959288,0.2600823854071319,0.4859958965167992,0.2583960516703737,0.5415304964941432,0.2514174377097299,0.24860483104908415,0.35867153203998536,0.3048977355081439,0.5078295656922638,0.4975744404615763,0.3613451152200273,0.5045552403942981,1.0,0.703546506925767,0.3430845674673658,0.3257386946440345,0.37087238714141435,0.5050236858839099,0.2617041058779953,0.28991181234135,0.29049436951593377,0.23701531447784374,0.4638605385858833,0.0,0.61910949585229,0.4057038328423528,0.2618246275616556,0.34721943206540484,0.479474305988144,0.1672586442421995,0.507385605126168,0.24328542356648575,0.4033181932771417,0.5066531554200415,0.26055167330529616,0.2601924138455781,0.26988668421595374,0.4043336548934706,0.40424780525504855,0.2500295625606769,0.3008417942255851
0.31319430383249636,0.4147360032234444,0.22676060425021505,0.2748769004985877,0.43887757121862936,0.40795925396209654,0.38388260017315434,0.2760638828830754,0.3050080155455973,0.2686536971647878,0.49994855528615945,0.26712097820605296,0.5630284884227101,0.26924647813802893,0.2646359143599575,0.3763794551478781,0.3209967917593286,0.5214021764532546,0.49696875806938945,0.3863588089765918,0.5329704528620965,0.703546506925767,1.0,0.36091747065205015,0.34716190726159435,0.3918340608353076,0.5321157898040191,0.27121444465798794,0.30217851526881223,0.3022436338486052,0.2546620233359054,0.492638390171095,0.0,0.6373940515160237,0.4194242177903639,0.27465313735445274,0.37087891688678154,0.4974747388071268,0.17585150105190783,0.5209228278584989,0.2589908506693833,0.4200883886204714,0.5205022123270762,0.27354604121228043,0.2717019091238897,0.28385532088737453,0.41881290341270716,0.4196622211388916,0.26179984686636726,0.3123963131299108
0.2943961699240487,0.48566027655406663,0.19735113258756976,0.25339983145761136,0.3999212722356891,0.4782692509067439,0.3066731134211923,0.2750121373553138,0.27781354410014125,0.2471047779236737,0.3793963778695705,0.2550461267845332,0.38296820689578515,0.23465482483460942,0.2412317814282403,0.3169527657118436,0.5441498735372147,0.3615906736374974,0.33882917999812356,0.3115915860952405,0.35489964233979443,0.3430845674673658,0.36091747065205015,1.0,0.5959649929614228,0.4988318930707346,0.3651495709807646,0.2349893592113409,0.2722171862591649,0.27678550983878925,0.23303698121762761,0.4120668715635176,0.0,0.36576851458141724,0.507767092117184,0.2375767385738793,0.30361706783634734,0.3621407238543317,0.16628756048380866,0.3747062054929756,0.24085607280373877,0.4167110975881645,0.36393197319716,0.2591804998458078,0.264442670274467,0.24490384924118658,0.4177809326011389,0.4176266181458167,0.23151250342310614,0.2712483162808269
0.28509992822647257,0.46802710788701396,0.18951344364595935,0.24671037240047855,0.37840280734237475,0.46827712914484254,0.29503456950517704,0.25694322873855346,0.25260651750208774,0.23534624303524,0.3463675677461203,0.24584111331230918,0.3474680979768935,0.22290434223461997,0.23051781598486332,0.3031279171020651,0.5548233685639454,0.3335445909349155,0.3271903642346988,0.29888306406840226,0.3311536849783109,0.3257386946440345,0.34716190726159435,0.5959649929614228,1.0,0.4949648102546914,0.3392178108538949,0.2243884593799793,0.2535199657181706,0.25975738924859126,0.22027988659401143,0.4133843374481151,0.0,0.3477167589084603,0.48485625382989617,0.22211396270602823,0.29401086724656034,0.3489695769074055,0.15498080181316687,0.3520969897689088,0.22806853778680714,0.38686537848650115,0.3487457260431115,0.26310525850879396,0.262992658660928,0.24333354168282872,0.3973529918916021,0.3982103326080243,0.22893837509569204,0.2562309341785237
0.2978623544206741,0.46756727533697084,0.21195377161292228,0.26441017441978243,0.40709546238134586,0.44706590051577766,0.3292366339006999,0.2766540076920192,0.2891807751997394,0.26203546493284535,0.4118859289476372,0.2627349332693383,0.4073876255180404,0.24662724899457755,0.2555763607206323,0.3433545245707138,0.47758090995969404,0.38624680476745665,0.3616037142538452,0.3366257506763588,0.3878927453170957,0.37087238714141435,0.3918340608353076,0.4988318930707346,0.4949648102546914,1.0,0.3906388607287582,0.2494788944600177,0.2785924844547445,0.2920758292185529,0.24484909010571154,0.40632783610336853,0.0,0.37953069843598053,0.47142656718506515,0.2520723007104082,0.3278412626705477,0.38908493276262135,0.16981416702140117,0.4086408064468626,0.25259861030908193,0.4445184054648744,0.3892549697310457,0.2760819368171903,0.27586160410989413,0.264708789197001,0.45383895044110745,0.454745918894059,0.25892405931664486,0.28906968596272986
0.310098196937851,0.41657145466753664,0.22689842377842573,0.2737528597683927,0.44840100560267315,0.39328567783294976,0.3531848494479132,0.27699764864229814,0.3098247549233458,0.2806908278313408,0.5128500857938336,0.26754412398716776,0.5517911498829575,0.27190692072866307,0.26802934479782314,0.35185743919481904,0.3101366291892893,0.5004895542897436,0.4711103615701827,0.36059378961295807,0.5104100330185908,0.5050236858839099,0.5321157898040191,0.3651495709807646,0.3392178108538949,0.3906388607287582,1.0,0.27156115254389457,0.3081455993481217,0.3093141448300669,0.2596860078199599,0.48667285927908743,0.0,0.4988182172620792,0.4156786530576577,0.26647464466485893,0.34156315185955655,0.585497451085531,0.16823042795645549,0.5474526725958264,0.26554543902234273,0.42744980599215443,0.6133684178166956,0.2768963630827499,0.2706159372844521,0.28913391992522486,0.4221484540177365,0.4217847853406923,0.2675752509808178,0.3155856736455639
0.288365006812047,0.28421708756007436,0.2152254693982667,0.527949064136576,0.2626888472593193,0.2714982606388765,0.25411825204799254,0.682950290041422,0.2729599316087492,0.5112601237332359,0.2737793616194907,0.5007936093506913,0.2712906023436005,0.5196572095739329,0.493599898910447,0.2562760948727063,0.20765273568112153,0.26543289739294007,0.26020787030972703,0.2580519505339359,0.26065183282397986,0.2617041058779953,0.27121444465798794,0.2349893592113409,0.2243884593799793,0.2494788944600177,0.27156115254389457,1.0,0.30676495791176017,0.2748216292917294,0.4704143499062762,0.2715934147624046,0.0,0.2605256040621263,0.2603045260994318,0.4139209468421947,0.24581815169980525,0.2793938428484084,0.2837379687302358,0.26886148911961094,0.4914064567131312,0.26645960854690764,0.27330714033659054,0.7878998195055579,0.7444361592829953,0.29154605980627235,0.2677711288811734,0.2674020569884976,0.45530789275119254,0.30228606128553026
0.3349744420825532,0.30985641800880004,0.2498776244039408,0.29893218826017165,0.300906169006816,0.3032818045194263,0.2900025372483388,0.30697476481134267,0.32782861449723466,0.3088209876391601,0.3130913388115937,0.3092362889584902,0.3090970631351403,0.3047557383194105,0.29686852155545607,0.290286010542567,0.24048857109062538,0.29947009763536214,0.29164094853295475,0.29255406164423914,0.2905454050370503,0.28991181234135,0.30217851526881223,0.2722171862591649,0.2535199657181706,0.2785924844547445,0.3081455993481217,0.30676495791176017,1.0,0.3230005293499798,0.2862970650245755,0.3037705280379128,0.0,0.296634765334194,0.2964137389538314,0.29672555120611366,0.27886195795841306,0.3074874021180972,0.19233038617571985,0.3066362776253325,0.28770347951184405,0.2939274326910114,0.3082886940967121,0.30457138397225714,0.3036144003132799,0.38719265002912684,0.296585287534743,0.2958408294418682,0.29418968881741436,0.6099786071363515
0.3834184375699127,0.3078518938951461,0.2569028200468053,0.278949505441624,0.30394338898743045,0.2938878369627491,0.2970708020009404,0.28351893370605596,0.41696893367526344,0.2864399997749695,0.32155955961359195,0.27713492306086196,0.3183581110357694,0.27252442998882886,0.27512641985956576,0.30774617502715895,0.23770603628738562,0.304196679433582,0.28636274461634037,0.3042735445385676,0.29895236819161597,0.29049436951593377,0.3022436338486052,0.27678550983878925,0.25975738924859126,0.2920758292185529,0.3093141448300669,0.2748216292917294,0.3230005293499798,1.0,0.26780086821856663,0.29285468349857435,0.0,0.2923679353548416,0.30052680231619633,0.27136086752791877,0.2896897923403341,0.30382675552697347,0.1772878632154612,0.31694598258372386,0.2771406370421421,0.2981415782967366,0.3114761954892128,0.280419530628082,0.2753555172026908,0.32139861908906264,0.30436322337651833,0.3044339966798476,0.2717031735496165,0.3395865423440949
0.26670821037450165,0.259476252034604,0.19959491158902964,0.49479337089434317,0.2679284787304994,0.24922543766461847,0.24046459653545582,0.47059867398652766,0.26620063015263107,0.5063983127537991,0.25902759012338283,0.45279230360331957,0.2646080661680753,0.48864601761759974,0.49720041751787203,0.251299738642222,0.2017892828003932,0.24756667507473884,0.23796069999709246,0.2454607462182269,0.24226260570622127,0.23701531447784374,0.2546620233359054,0.23303698121762761,0.22027988659401143,0.24484909010571154,0.2596860078199599,0.4704143499062762,0.2862970650245755,0.26780086821856663,1.0,0.2583582676537469,0.0,0.2422496649502659,0.24314444209919817,0.3982289145153086,0.23748410855493307,0.2563411829847283,0.26855807504840534,0.2573567025286342,0.6477020024750881,0.2488985341659412,0.25518926084840443,0.4761263222072617,0.46594447965959174,0.2800004753375147,0.25074889780315157,0.2508003240644542,0.4259748480294363,0.28895752546692655
0.3196720303994023,0.4095066986446463,0.2210651302918727,0.2823843440567536,0.46081410247042687,0.40256821350932515,0.3404198943596448,0.2865613425989926,0.29717784747461895,0.26855142641916263,0.45800725429778555,0.2742669501564958,0.4913865865998125,0.2668695066692476,0.27019243718587527,0.34490531007942915,0.40379557483972817,0.45385026670208317,0.45078248290008305,0.342889005094261,0.47174122499093674,0.4638605385858833,0.492638390171095,0.4120668715635176,0.4133843374481151,0.40632783610336853,0.48667285927908743,0.2715934147624046,0.3037705280379128,0.29285468349857435,0.2583582676537469,1.0,0.0,0.48087972072793705,0.40121171201242567,0.25579590038170774,0.33303127996377435,0.4839639967836651,0.17420952888694718,0.505164320479099,0.2588098014939054,0.4021456082980257,0.49611256914370616,0.281085792000359,0.28780250835980936,0.2770041653771853,0.41673882707241694,0.41784753945812814,0.25421056077211746,0.2968719749408877
0.0,0.0,0.0,0.0,0.0,0.0,0.0,0.0,0.0,0.0,0.0,0.0,0.0,0.0,0.0,0.0,0.0,0.0,0.0,0.0,0.0,0.0,0.0,0.0,0.0,0.0,0.0,0.0,0.0,0.0,0.0,0.0,1.0,0.0,0.0,0.0,0.0,0.0,0.0,0.0,0.0,0.0,0.0,0.0,0.0,0.0,0.0,0.0,0.0,0.0
0.3098091378853741,0.40179014151637404,0.22223254611861432,0.25669555107316155,0.437440213727739,0.41133164436453984,0.3566770535400712,0.26747024469578606,0.2963560621721698,0.26199310920559093,0.48122404023643794,0.258718735070281,0.5412429795756882,0.25546793075818,0.25109533215619395,0.35135280089509047,0.3326980555920136,0.48134317172911567,0.4707567167225525,0.3540415810001196,0.5029487363489884,0.61910949585229,0.6373940515160237,0.36576851458141724,0.3477167589084603,0.37953069843598053,0.4988182172620792,0.2605256040621263,0.296634765334194,0.2923679353548416,0.2422496649502659,0.48087972072793705,0.0,1.0,0.4134339478389818,0.27527891709499386,0.33747134322043315,0.48573934422408493,0.1838919658530066,0.5042916599989314,0.24805108010410803,0.4069181576210732,0.5091372541158645,0.2650895112139843,0.26739263729532725,0.274960263856421,0.41039084725904773,0.4119766690146258,0.2508773363862187,0.30436661654417785
0.31013325411840176,0.5593220920906319,0.22012173682893488,0.2622216103756415,0.40825490082321025,0.5495711433209804,0.3586562425866018,0.2662267904959923,0.2978960364980796,0.26663502764886027,0.430933333280488,0.2660984728925663,0.43238534163782916,0.25662356900124095,0.25777114726921335,0.3553318031634941,0.38744155194697694,0.42212661728601486,0.40460015431615626,0.3607963886284046,0.411115918579534,0.4057038328423528,0.4194242177903639,0.507767092117184,0.48485625382989617,0.47142656718506515,0.4156786530576577,0.2603045260994318,0.2964137389538314,0.30052680231619633,0.24314444209919817,0.40121171201242567,0.0,0.4134339478389818,1.0,0.26726229153689096,0.3405714062116062,0.4073564058085648,0.1756387403555174,0.42467303477863716,0.2499145383324638,0.47296721365890726,0.4196352344253018,0.2632883091034257,0.26618202694396365,0.2759605055541523,0.4745678182000217,0.4748522190966532,0.2573108945769955,0.2976669748792725
0.27461664182393297,0.2654252442000017,0.21064552851366836,0.41972449912730214,0.25435099320952814,0.27119777669933665,0.27570915087472037,0.41395460544769924,0.2769723438560687,0.4362757229032933,0.27407084002462534,0.40602152064405506,0.2659306671279136,0.4166098097283205,0.4106853349386008,0.27197156979860293,0.21376065630313146,0.276264016107707,0.2719405144578819,0.2753225106211983,0.27499446694901175,0.2618246275616556,0.27465313735445274,0.2375767385738793,0.22211396270602823,0.2520723007104082,0.26647464466485893,0.4139209468421947,0.29672555120611366,0.27136086752791877,0.3982289145153086,0.25579590038170774,0.0,0.27527891709499386,0.26726229153689096,1.0,0.2656784080883423,0.262721289008905,0.3018697176729652,0.2698547669429948,0.4130608031454617,0.26449769072800844,0.26880382400760106,0.41872745922072485,0.4190198816546479,0.2833546960386192,0.2571873703636197,0.2572735576172491,0.413110077494489,0.30449752222788895
0.292891418815449,0.332280126296865,0.21143867610854505,0.2559049157512814,0.3225366411300109,0.34192450100221905,0.7989794307882995,0.25030052822161886,0.28793164580975295,0.2579140674926689,0.342360631728694,0.24863474053033607,0.34237935824150767,0.2483060895448569,0.24896932768516022,0.7564483412424198,0.26337799187950495,0.3686801215635416,0.36002119184521575,0.8019919590127791,0.3628510750045013,0.34721943206540484,0.37087891688678154,0.30361706783634734,0.29401086724656034,0.3278412626705477,0.34156315185955655,0.24581815169980525,0.27886195795841306,0.2896897923403341,0.23748410855493307,0.33303127996377435,0.0,0.33747134322043315,0.3405714062116062,0.2656784080883423,1.0,0.3278935701648783,0.1644684889189194,0.33875440774710475,0.24255077917248535,0.33087556001275,0.3383567735538492,0.2493732961900441,0.2477792584884767,0.2573624182406401,0.32732930258418813,0.327076067689794,0.24118299806133126,0.28295279145426877
0.3172839210591246,0.42819567393945424,0.22534730822091775,0.27018102400993194,0.46154944790173924,0.40788197104405266,0.3376109376774047,0.2876487536782737,0.30137324168550295,0.27999234995050415,0.49519199350810317,0.2726642570660519,0.5217995922772771,0.26891474099441803,0.26751999715671104,0.34254582426627767,0.31756345977506373,0.4687541188951315,0.452721270930176,0.34419092438355114,0.48060504345561816,0.479474305988144,0.4974747388071268,0.3621407238543317,0.3489695769074055,0.38908493276262135,0.585497451085531,0.2793938428484084,0.3074874021180972,0.30382675552697347,0.2563411829847283,0.4839639967836651,0.0,0.48573934422408493,0.4073564058085648,0.262721289008905,0.3278935701648783,1.0,0.17793565313752635,0.5306900786221878,0.2656521693257504,0.4244597038129082,0.6342359654476118,0.2867374769238191,0.2832624627271695,0.28452702969759236,0.4361558870961959,0.4361513517981157,0.2763380175578096,0.3075820263327871
0.2184048667252867,0.16839534613991824,0.13561904686505977,0.286815504938702,0.17763698284734852,0.1870580236655951,0.1771932865820426,0.2863171489008569,0.18085845302365267,0.29691011085456065,0.17501584896041833,0.28309114507279,0.1695262780208867,0.2751843215383687,0.28096537529586907,0.16950338573782453,0.15162063394069092,0.17541014026529866,0.16633962061445307,0.17069726776445393,0.1723038131816742,0.1672586442421995,0.17585150105190783,0.16628756048380866,0.15498080181316687,0.16981416702140117,0.16823042795645549,0.2837379687302358,0.19233038617571985,0.1772878632154612,0.26855807504840534,0.17420952888694718,0.0,0.1838919658530066,0.1756387403555174,0.3018697176729652,0.1644684889189194,0.17793565313752635,1.0,0.1735708630242252,0.27981751157584345,0.1712195020363355,0.17366102552105334,0.2896425472367181,0.29280381368270736,0.17948556691889428,0.1686594672860655,0.16850697831211525,0.27216678331240907,0.20414395916743966
0.315664173869317,0.4235005743080451,0.2293417416478778,0.26993466062806293,0.4653933893478962,0.407199058479081,0.35093915459404934,0.27699518761457687,0.30832959418819617,0.27981207419379917,0.5341134492599526,0.2692540891970776,0.5615930838713883,0.26742215609882625,0.26534558836601196,0.3535597117504917,0.3310233598211848,0.5000406683527455,0.47454897745598934,0.3601565626645242,0.50999580901356,0.507385605126168,0.5209228278584989,0.3747062054929756,0.3520969897689088,0.4086408064468626,0.5474526725958264,0.26886148911961094,0.3066362776253325,0.31694598258372386,0.2573567025286342,0.505164320479099,0.0,0.5042916599989314,0.42467303477863716,0.2698547669429948,0.33875440774710475,0.5306900786221878,0.1735708630242252,1.0,0.2638170217358725,0.43455749683476985,0.5472453794064872,0.2736427985384011,0.27615563010917277,0.2923242189737797,0.45649263913153426,0.4563219976109535,0.266984774625735,0.32103213219390037
