../ecoli_genomes/GCF_000163235.1_ASM16323v1_genomic.fna.gz,../ecoli_genomes/GCF_000164555.1_ASM16455v1_genomic.fna.gz,../ecoli_genomes/GCF_000208545.1_ASM20854v2_genomic.fna.gz,../ecoli_genomes/GCF_000233875.1_ASM23387v1_genomic.fna.gz,../ecoli_genomes/GCF_000249735.1_ASM24973v2_genomic.fna.gz,../ecoli_genomes/GCF_000261145.1_Esch_coli_M919_V2_genomic.fna.gz,../ecoli_genomes/GCF_000267705.2_ASM26770v2_genomic.fna.gz,../ecoli_genomes/GCF_000350665.1_Esch_coli_KTE5_V1_genomic.fna.gz,../ecoli_genomes/GCF_000351625.1_Esch_coli_KTE66_V1_genomic.fna.gz,../ecoli_genomes/GCF_000352285.1_Esch_coli_KTE46_V1_genomic.fna.gz,../ecoli_genomes/GCF_000358895.1_ASM35889v1_genomic.fna.gz,../ecoli_genomes/GCF_000456385.1_Esch_coli_HVH_26_4-5703913_V1_genomic.fna.gz,../ecoli_genomes/GCF_000458195.1_Esch_coli_HVH_147_4-5893887_V1_genomic.fna.gz,../ecoli_genomes/GCF_000459755.1_Esch_coli_KOEGE_58_171a_V1_genomic.fna.gz,../ecoli_genomes/GCF_000460055.1_Esch_coli_UMEA_3053-1_V1_genomic.fna.gz,../ecoli_genomes/GCF_000462165.2_ASM46216v2_genomic.fna.gz,../ecoli_genomes/GCF_000601135.1_ASM60113v1_genomic.fna.gz,../ecoli_genomes/GCF_000614595.1_Ec2010EL1058_genomic.fna.gz,../ecoli_genomes/GCF_000617745.1_Ec2010C-4529_genomic.fna.gz,../ecoli_genomes/GCF_000618265.2_EcF6751_genomic.fna.gz,../ecoli_genomes/GCF_000619005.2_Ec2009C-4052_genomic.fna.gz,../ecoli_genomes/GCF_000619105.1_Ec2009C-4780_genomic.fna.gz,../ecoli_genomes/GCF_000619765.2_Ec2009C-3279_genomic.fna.gz,../ecoli_genomes/GCF_000687005.1_ASM68700v1_genomic.fna.gz,../ecoli_genomes/GCF_000687025.1_ASM68702v1_genomic.fna.gz,../ecoli_genomes/GCF_000700125.1_ASM70012v1_genomic.fna.gz,../ecoli_genomes/GCF_000753315.1_FHI35_genomic.fna.gz,../ecoli_genomes/GCF_000776375.1_ASM77637v1_genomic.fna.gz,../ecoli_genomes/GCF_000779395.1_ASM77939v1_genomic.fna.gz,../ecoli_genomes/GCF_000780315.1_ASM78031v1_genomic.fna.gz,../ecoli_genomes/GCF_000781995.1_ASM78199v1_genomic.fna.gz,../ecoli_genomes/GCF_000986765.1_ASM98676v1_genomic.fna.gz,../ecoli_genomes/GCF_001041375.1_ViralProj287958_genomic.fna.gz,../ecoli_genomes/GCF_001265335.1_302014_genomic.fna.gz,../ecoli_genomes/GCF_001265625.1_100854_genomic.fna.gz,../ecoli_genomes/GCF_001267345.1_303289_genomic.fna.gz,../ecoli_genomes/GCF_001309985.1_ASM130998v1_genomic.fna.gz,../ecoli_genomes/GCF_001521695.1_ASM152169v1_genomic.fna.gz,../ecoli_genomes/GCF_001592595.1_ASM159259v1_genomic.fna.gz,../ecoli_genomes/GCF_001614975.1_ASM161497v1_genomic.fna.gz,../ecoli_genomes/GCF_001692775.1_ASM169277v1_genomic.fna.gz,../ecoli_genomes/GCF_001748915.1_ASM174891v1_genomic.fna.gz,../ecoli_genomes/GCF_001749235.1_ASM174923v1_genomic.fna.gz,../ecoli_genomes/GCF_001881155.1_ASM188115v1_genomic.fna.gz,../ecoli_genomes/GCF_001881345.1_ASM188134v1_genomic.fna.gz,../ecoli_genomes/GCF_001892405.1_ASM189240v1_genomic.fna.gz,../ecoli_genomes/GCF_001892585.1_ASM189258v1_genomic.fna.gz,../ecoli_genomes/GCF_001893985.1_ASM189398v1_genomic.fna.gz,../ecoli_genomes/GCF_002001595.1_ASM200159v1_genomic.fna.gz,../ecoli_genomes/GCF_002002145.1_ASM200214v1_genomic.fna.gz
1.0,0.3176294814098255,0.2624112583058261,0.28013451179099835,0.28924808600036034,0.308099154306568,0.31127260355887754,0.2905385182720439,0.3906892597253484,0.29684461793774,0.31255688324419884,0.2885215632203788,0.3031409626840391,0.27796266532129976,0.26465661441399835,0.3057147587265422,0.29108196278664333,0.3125116498368885,0.26197623145955085,0.3096644079197953,0.2944171653401788,0.289167147729695,0.305099554590747,0.29389562274451464,0.2945910513444616,0.2560980398923145,0.30446773197099564,0.2844150839044203,0.3427449920622201,0.38149398648054744,0.25687354246683336,0.30013973615094636,0.0,0.29996500850335117,0.3054635438878611,0.26665879312582474,0.2902935865610359,0.30965993659072333,0.26641679529329854,0.30686441882166415,0.2645190390063481,0.30033191353572164,0.31067748114467686,0.28854716400577496,0.2993508054507199,0.3180414016976868,0.30374163220990025,0.3045285282463671,0.2748305297906074,0.34306236956587555
0.3176294814098255,1.0,0.2393756239583248,0.2696222835178147,0.3863378244239528,0.5646854563373623,0.34820688470692507,0.27744399466370173,0.2972644221081354,0.2832716405681448,0.4243686220498515,0.2849923886781167,0.4100020817055918,0.26615466477166116,0.2578310046780128,0.3472451133476049,0.452498297598394,0.41619513838749433,0.3379819820632508,0.3485134012476956,0.3978942187135025,0.3837005540294882,0.4079099000728583,0.529578895798929,0.526538890779744,0.4224378201882397,0.41136552352545175,0.2774527918450429,0.3017270259424435,0.30385379176108207,0.25484471507987205,0.3997199163488194,0.0,0.39658016670559504,0.5684528773103221,0.2523399943117065,0.3261351490313802,0.423390745964756,0.24325524798581566,0.4173100995890836,0.25690285617186237,0.4692479516600777,0.4186723104914766,0.2895914148850601,0.2890289876122357,0.2879524930965892,0.4871011993165135,0.4873383437225982,0.28081419634803473,0.30078752041451806
0.2624112583058261,0.2393756239583248,1.0,0.21116804244999954,0.21017673211021426,0.22617013891260218,0.2206565068601929,0.21342663618089752,0.2534234580635393,0.22001640147624568,0.23450142679510533,0.21406594172559446,0.2259858030341223,0.21697673694157105,0.20797406505641503,0.22003469943586795,0.21387195363516864,0.23024158956439245,0.18671667212134468,0.2211049625397491,0.2229980062936363,0.2146379959042264,0.2275352610627055,0.21347169339664296,0.21260885884887792,0.19389096288373087,0.23127585168245002,0.2129306135490755,0.24678053393293276,0.2609721100613993,0.2015744022199042,0.21598443664050748,0.0,0.22585651899574077,0.22505027614142914,0.20468203371670934,0.20656158233023791,0.22705311583598964,0.1989082890731647,0.23099625751377806,0.2055230424144192,0.22841491107393808,0.23690826117129926,0.22045766499991515,0.21432544205209847,0.23478041250481918,0.23381468676101091,0.23355803373526363,0.2200414862151584,0.25134741924255277
0.28013451179099835,0.2696222835178147,0.21116804244999954,1.0,0.28264336930529366,0.27089263717180745,0.26272190182566535,0.5006435590502416,0.2796188966938933,0.5335112278737735,0.2663618952202206,0.5031232469478801,0.2737529848268192,0.5396654960723042,0.554464530301892,0.26575920391424646,0.2680433257327618,0.26695594969230685,0.2242112337977048,0.2592528838417314,0.25595812872767765,0.24706318274780326,0.26823665053749224,0.25319647156139236,0.2623275888532176,0.23623645805980387,0.2603028141590411,0.5205658944852065,0.30610421224860307,0.2648966045605896,0.49158876287580877,0.2809516202456155,0.0,0.2554167173106411,0.26234320604155426,0.40645461815231376,0.24939861903053973,0.25772673116166933,0.4341641986434144,0.2572966482607886,0.5160062345351809,0.26150136702012117,0.2656213983016057,0.5271907112106801,0.5206277776881125,0.2982201167715328,0.26462390181005924,0.26625518689110483,0.45441875413800037,0.3110287554539738
0.28924808600036034,0.3863378244239528,0.21017673211021426,0.28264336930529366,1.0,0.4270372858212451,0.3259700301664462,0.27403677788585556,0.29738754863491,0.29118033887753847,0.5139665410438057,0.26621997300971045,0.4664037164346566,0.26325007123795807,0.2905472498878968,0.34073987473976663,0.41853373140878103,0.4102056107234944,0.35922625770106276,0.3253640775940039,0.4219673767914044,0.3990821111774552,0.41874175265603863,0.4108391684007914,0.4028518161857588,0.37789599156651643,0.42517952910225887,0.24986232501354844,0.3065943600736474,0.28313410119654203,0.2492650546906756,0.4619433201153339,0.0,0.4267753691243964,0.39556551424052344,0.2439416069442225,0.31908362528135303,0.43985812009694514,0.2524767047721703,0.44461947822652825,0.2800366208470688,0.39997684741971873,0.44437829471487633,0.26028644090034525,0.2649601736760828,0.2708077442074064,0.40993670250643155,0.4123347238820343,0.253739593423958,0.28386803110939374
0.308099154306568,0.5646854563373623,0.22617013891260218,0.27089263717180745,0.4270372858212451,1.0,0.36156044446095137,0.28327115846649453,0.29607118512050534,0.27827862871508924,0.4222319552103668,0.27017533668155813,0.413177439618409,0.26999632005816043,0.2628502166725998,0.3591596524391787,0.47302300883340376,0.42095972595140185,0.3519156102854255,0.35946799098960625,0.4039317138983416,0.38202116704018585,0.40974747716679527,0.5369396917036893,0.5308790093262536,0.4195265534348098,0.403586124821379,0.2682876717600875,0.3102465267998532,0.29400235707357514,0.2560083386898869,0.406147428945261,0.0,0.41464279942008686,0.5824718342482749,0.25887185195478424,0.3413964649214346,0.4172414730322863,0.26394747768165006,0.4152543315442845,0.26836784556934545,0.48261264497093215,0.42045730408842596,0.27703928689053237,0.2778876303634046,0.28957405164820627,0.492663968879947,0.49481549835693117,0.2693375269495455,0.31135309985201787
0.31127260355887754,0.34820688470692507,0.2206565068601929,0.26272190182566535,0.3259700301664462,0.36156044446095137,1.0,0.26711757007392023,0.2978622821200928,0.2679663355596186,0.35673564033538474,0.25904356397399664,0.34649961691867304,0.26010668632314715,0.2505156734694225,0.7580896639928854,0.3359812346402742,0.3916269733025176,0.3265988536194673,0.8584855440984036,0.3823711696585461,0.3583540316427879,0.3845009468567818,0.3399130321327227,0.3297123040342873,0.30564619592806486,0.3562280113082008,0.2605924230140728,0.28685206174268385,0.29593700062521233,0.24893374878460495,0.33895343228936803,0.0,0.35765567404552145,0.3678755854026927,0.2636264454189897,0.7798602550812448,0.3404441540137456,0.2549222807692977,0.3544973937812683,0.2514994685941415,0.3576073919519116,0.3636767916250204,0.26737199391717603,0.2670186903209356,0.272156032164076,0.35014490379935426,0.35014506346149676,0.2559477935870107,0.29663853981676847
0.2905385182720439,0.27744399466370173,0.21342663618089752,0.5006435590502416,0.27403677788585556,0.28327115846649453,0.26711757007392023,1.0,0.27944236801228695,0.5110897904437959,0.2686856811093362,0.4885419012515736,0.2734075417502966,0.4953972333279758,0.4779359291143125,0.26819998676690937,0.2704478692511919,0.27348737563346526,0.22536035845606572,0.2635637356665038,0.2583941818490204,0.2498108110755809,0.26642473125329436,0.26905164480363497,0.26316545168159533,0.2393090750608654,0.26742714379262966,0.6929495710839341,0.3138064519486665,0.2680196125384593,0.47145954554033553,0.26627324234633065,0.0,0.2638652975271264,0.2721771879967818,0.3978666713948207,0.24965513817092222,0.28028796221011576,0.42525804796710254,0.26852802837829726,0.4868063494959697,0.27128864101427874,0.2726090584356424,0.7060063679072294,0.6775869829428776,0.3011248922514863,0.26896999083729656,0.26991851444398574,0.4490728171052977,0.31599682730492384
0.3906892597253484,0.2972644221081354,0.2534234580635393,0.2796188966938933,0.29738754863491,0.29607118512050534,0.2978622821200928,0.27944236801228695,1.0,0.29240455558312994,0.30348693981111163,0.2716652244985479,0.3073600490535807,0.2772324513041482,0.27972979272442766,0.30269280566686363,0.27744755340776894,0.2978974358620836,0.24704042969797746,0.3007413244970667,0.28702627218113486,0.27680696454286635,0.2931280325876605,0.28247480113161916,0.2755225303054136,0.25515777943669093,0.3014119543031485,0.27060258251888747,0.33166945507752876,0.40465804020571383,0.25881771035889634,0.29218834582940234,0.0,0.28658272356871806,0.29013442539627976,0.26587402299189566,0.2863381687395212,0.2932684224590766,0.25474526473337233,0.29956879251462765,0.2672383360085471,0.2939110663196889,0.30891470671304,0.27462377727010545,0.27159133557212867,0.31313031788134504,0.29235536023559183,0.29331651395839486,0.2700753754456807,0.3376345978050006
0.29684461793774,0.2832716405681448,0.22001640147624568,0.5335112278737735,0.29118033887753847,0.27827862871508924,0.2679663355596186,0.5110897904437959,0.29240455558312994,1.0,0.2815921776146899,0.49231173615557555,0.28733040502955753,0.5110091248168113,0.5114288676376934,0.27184601383983087,0.27510372875341915,0.27295802834003224,0.2195441749188537,0.2641477011282888,0.25732977441548965,0.249562006855094,0.26277828606970055,0.26504388427482806,0.2727390098278757,0.24921666259105568,0.27057938564126105,0.5047768901547671,0.31393141438414907,0.2767350056890272,0.5215006373108027,0.27623145060451293,0.0,0.2603425984703758,0.27159511924986923,0.4132117405771485,0.2542282228613285,0.2677784945500524,0.44678096612967166,0.2701378823167331,0.5369168519618426,0.2728318713675648,0.27362188696616185,0.5158807607485286,0.5176252895445215,0.3007044335963682,0.27447544484036135,0.27466078446522313,0.4717484994318437,0.3142431850252486
0.31255688324419884,0.4243686220498515,0.23450142679510533,0.2663618952202206,0.5139665410438057,0.4222319552103668,0.35673564033538474,0.2686856811093362,0.30348693981111163,0.2815921776146899,1.0,0.266824173371344,0.518029678890295,0.26882566743403846,0.2632145546358815,0.3563512765671063,0.3917306387444873,0.48437084322731094,0.3956051645416495,0.35785136974963194,0.48034609007364715,0.46562437014017155,0.48643143537478606,0.40828808301007813,0.3809693354680159,0.3678329377700382,0.49690355643821615,0.26981752165445605,0.29800042056047293,0.30846005707265034,0.256771782111743,0.45474889937680973,0.0,0.48156734418428426,0.42875261038857015,0.26699641141766683,0.3398848058561005,0.48624414371782454,0.2611280095338152,0.5227223132482666,0.2609732010735929,0.44377305312530835,0.5110108665624553,0.27430332888445563,0.27423818982186343,0.27986535478181507,0.44278148310211707,0.44231652376099373,0.2730321424119371,0.30723406740199366
0.2885215632203788,0.2849923886781167,0.21406594172559446,0.5031232469478801,0.26621997300971045,0.27017533668155813,0.25904356397399664,0.4885419012515736,0.2716652244985479,0.49231173615557555,0.266824173371344,1.0,0.26809761349220373,0.49758807299278995,0.6052193073635368,0.2601839252642062,0.25663414744583035,0.2642648292332368,0.22134243065274128,0.25640021235959753,0.25725690882004837,0.24775567314433,0.2637147628279768,0.2573142881581152,0.2528967585479247,0.23004065884251312,0.2622447298878047,0.49085666081224144,0.31286239003038974,0.26851814252097905,0.4491348616870513,0.2584462266200027,0.0,0.25875632628647094,0.26865154561720417,0.39072620249146406,0.24361433240220476,0.2663720620899245,0.4298757183403733,0.26328297843420834,0.4725847618629103,0.2627204255929003,0.27154582985214915,0.4967459822000204,0.4968572269930297,0.29697806476357613,0.26753218850413096,0.2687371248329352,0.44001135108935985,0.3080732192110045
0.3031409626840391,0.4100020817055918,0.2259858030341223,0.2737529848268192,0.4664037164346566,0.413177439618409,0.34649961691867304,0.2734075417502966,0.3073600490535807,0.28733040502955753,0.518029678890295,0.26809761349220373,1.0,0.2639088155429643,0.27426993119138243,0.3578101371170168,0.3860024458183188,0.4878268293050957,0.48782746639186736,0.3473828632024254,0.5052504486203797,0.5546648645557812,0.5421550469683823,0.3971385970530873,0.37218301326027015,0.35267154681142354,0.5292106534974957,0.2636498895201683,0.29296705874531404,0.3084953792570806,0.2534538376213804,0.5200982570977085,0.0,0.5289940961156248,0.41706009356079876,0.2562379141371054,0.3365541315777326,0.5023735897169905,0.2536197784933667,0.5414929436657816,0.26507081786989106,0.42246599720203715,0.5327682578962304,0.26766578753694203,0.2671090310202343,0.27402529914432283,0.4262299024559071,0.4265611071103871,0.2645617024993444,0.30054088391387723
0.27796266532129976,0.26615466477166116,0.21697673694157105,0.5396654960723042,0.26325007123795807,0.26999632005816043,0.26010668632314715,0.4953972333279758,0.2772324513041482,0.5110091248168113,0.26882566743403846,0.49758807299278995,0.2639088155429643,1.0,0.5376416314832212,0.2593286685371058,0.2599012760909356,0.2675843076486283,0.21848914677507036,0.2578007387373692,0.2529647766173899,0.24364411531549401,0.2637363210767345,0.2461821827903241,0.24900222861594268,0.22784696458664055,0.26350612448229704,0.5218761587531572,0.3077200077540849,0.2656502161187855,0.48673809128385637,0.26043672532461504,0.0,0.25281270563734426,0.2629184546546416,0.4041989029056374,0.24507067159631601,0.26319678871053054,0.4231477144875905,0.2604647350596112,0.5023319352567472,0.26419744836265946,0.2643557934954426,0.5229708377945976,0.5137347345873295,0.3057735457461095,0.2654905909336688,0.2664816376552075,0.4590133088821239,0.31573938334016904
0.26465661441399835,0.2578310046780128,0.20797406505641503,0.554464530301892,0.2905472498878968,0.2628502166725998,0.2505156734694225,0.4779359291143125,0.27972979272442766,0.5114288676376934,0.2632145546358815,0.6052193073635368,0.27426993119138243,0.5376416314832212,1.0,0.25630163050507193,0.2677699610355011,0.25780022610821074,0.21013029833127328,0.24902805739959166,0.2468850895637078,0.24016826130768976,0.2588042834660551,0.25153791191855657,0.2581209200431547,0.2319365853413341,0.25745611913662203,0.48705087641776645,0.30094899993114155,0.26000608814178616,0.4837311461493816,0.2740087007086206,0.0,0.25088566339234464,0.25637667220109095,0.3955902987989388,0.24031751051233374,0.2544661912109818,0.4323236228425692,0.25443260896667785,0.5056462536736803,0.25542895149905953,0.26317431161802096,0.4917430538324312,0.4859106739766871,0.2945065859747461,0.2650070152449079,0.2659474732771189,0.4410377137446706,0.31519696195018154
0.3057147587265422,0.3472451133476049,0.22003469943586795,0.26575920391424646,0.34073987473976663,0.3591596524391787,0.7580896639928854,0.26819998676690937,0.30269280566686363,0.27184601383983087,0.3563512765671063,0.2601839252642062,0.3578101371170168,0.2593286685371058,0.25630163050507193,1.0,0.33743952606556193,0.37475469398653083,0.32017278553241946,0.7514340724041013,0.36434832618492075,0.3531046472804851,0.3723363593114374,0.3391219377854081,0.3298866991326105,0.31869815879704155,0.349541046839414,0.2580541231632911,0.28363271034473936,0.299503563865132,0.25151794460843135,0.34003138838369595,0.0,0.35356745202005624,0.3619782326139669,0.2610550031429115,0.7304432034985973,0.3417174275757725,0.2522211944929983,0.35030141537337955,0.2572513046502378,0.35459614383251536,0.35866782904370653,0.2621283260118833,0.2629357818256496,0.2716699115608284,0.3493006833814205,0.3498426787796447,0.2561323017005753,0.2923895080231559
0.29108196278664333,0.452498297598394,0.21387195363516864,0.2680433257327618,0.41853373140878103,0.47302300883340376,0.3359812346402742,0.2704478692511919,0.27744755340776894,0.27510372875341915,0.3917306387444873,0.25663414744583035,0.3860024458183188,0.2599012760909356,0.2677699610355011,0.33743952606556193,1.0,0.37878189779976923,0.3134459027360703,0.3302547442354652,0.37082508664936,0.3542984846586138,0.3826085195288551,0.5086461044542463,0.4852768402537819,0.4851896928723989,0.3743610614740722,0.2550679022809933,0.2899489140042858,0.2736073320168211,0.24523362964120488,0.4274603110224573,0.0,0.3828381546394245,0.4698570776816323,0.24589971193408566,0.32106192925367216,0.3702756175367876,0.25013759054278806,0.38227356165227655,0.2618477118720567,0.4369231731702581,0.3867751379808416,0.2676240423761135,0.27619085918822917,0.2647054408243914,0.45435652937716786,0.4556139839636567,0.24956357536633345,0.2870881828257067
0.3125116498368885,0.41619513838749433,0.23024158956439245,0.26695594969230685,0.4102056107234944,0.42095972595140185,0.3916269733025176,0.27348737563346526,0.2978974358620836,0.27295802834003224,0.48437084322731094,0.2642648292332368,0.4878268293050957,0.2675843076486283,0.25780022610821074,0.37475469398653083,0.37878189779976923,1.0,0.4497957075376827,0.3869610702162609,0.5113037159172731,0.494332447307508,0.520238435365546,0.38904810334411555,0.3692778885560184,0.3534679945468463,0.4956073710358442,0.26917137479714437,0.2957263245831312,0.3035247879232458,0.2536821951943904,0.4547046173129837,0.0,0.47975453272010216,0.42257674127951506,0.27450965700239915,0.3675513256479067,0.4614897999801254,0.2590495015843495,0.4928561037758784,0.2545221368951336,0.429833716268023,0.491736340731054,0.2725678768693791,0.2709092447446241,0.27696598845404075,0.42855923695868003,0.4281100730985019,0.2638136151879932,0.304346073131885
0.26197623145955085,0.3379819820632508,0.18671667212134468,0.2242112337977048,0.35922625770106276,0.3519156102854255,0.3265988536194673,0.22536035845606572,0.24704042969797746,0.2195441749188537,0.3956051645416495,0.22134243065274128,0.48782746639186736,0.21848914677507036,0.21013029833127328,0.32017278553241946,0.3134459027360703,0.4497957075376827,1.0,0.32234101133974624,0.4426318138540305,0.5063952264475975,0.43908243227665145,0.32123525732698444,0.3114047743974485,0.28492615873339644,0.41673247085008636,0.22075658071428217,0.25233279339830406,0.2500268203312934,0.2042744353597563,0.439986094185537,0.0,0.417093761068037,0.3571731329756015,0.22724646358512157,0.3031026603964425,0.39704278275998184,0.21440729926592117,0.4224121448675324,0.20688090310002338,0.3498002474558026,0.42265109807585366,0.22502018657439316,0.2243247028697919,0.2366365865885912,0.350014152937114,0.3509968861454863,0.21953676566492042,0.25403898572969763
0.3096644079197953,0.3485134012476956,0.2211049625397491,0.2592528838417314,0.3253640775940039,0.35946799098960625,0.8584855440984036,0.2635637356665038,0.3007413244970667,0.2641477011282888,0.35785136974963194,0.25640021235959753,0.3473828632024254,0.2578007387373692,0.24902805739959166,0.7514340724041013,0.3302547442354652,0.3869610702162609,0.32234101133974624,1.0,0.38058609212327,0.3536863818742023,0.3815452787270428,0.33376842940147156,0.3279728886294019,0.3029132383170253,0.3579405570767693,0.25793484217146523,0.2872256079000597,0.29770240148147165,0.24530591473813823,0.3383898326937749,0.0,0.3558013823631172,0.36364614737389866,0.26391297488814136,0.7822162295818501,0.3417592321750772,0.24862944996649872,0.35654843782544743,0.24745973102799323,0.35592922334194976,0.3640725290253731,0.26275756951758467,0.26107057488993035,0.2724317134607518,0.3497796452669273,0.3497941670188932,0.2550264978381319,0.29650278382231765
0.2944171653401788,0.3978942187135025,0.2229980062936363,0.25595812872767765,0.4219673767914044,0.4039317138983416,0.3823711696585461,0.2583941818490204,0.28702627218113486,0.25732977441548965,0.48034609007364715,0.25725690882004837,0.5052504486203797,0.2529647766173899,0.2468850895637078,0.36434832618492075,0.37082508664936,0.5113037159172731,0.4426318138540305,0.38058609212327,1.0,0.500355743099457,0.5354424332908296,0.3775427401109046,0.36429601411297563,0.3433055245850396,0.5079359224604665,0.2580789897488017,0.28439273974518664,0.29428205544798947,0.24109113579351893,0.46949194410481077,0.0,0.5091660032129162,0.41261342055339145,0.26333812724534067,0.35953889032563446,0.47923472357019237,0.2453238711297543,0.5117809914768894,0.24574763100465258,0.4022561990909822,0.504266445402092,0.2616798681643,0.2599523106089563,0.2740194893848129,0.4234199722035644,0.4229785801058581,0.2558198075787207,0.2950382245924509
0.289167147729695,0.3837005540294882,0.2146379959042264,0.24706318274780326,0.3990821111774552,0.38202116704018585,0.3583540316427879,0.2498108110755809,0.27680696454286635,0.249562006855094,0.46562437014017155,0.24775567314433,0.5546648645557812,0.24364411531549401,0.24016826130768976,0.3531046472804851,0.3542984846586138,0.494332447307508,0.5063952264475975,0.3536863818742023,0.500355743099457,1.0,0.6963903580513615,0.36521742249411904,0.3500443016218485,0.321620420452038,0.49383227325517565,0.24662991962354375,0.27615933042051877,0.28048886207118573,0.23178123150198338,0.4868722363445721,0.0,0.6200461095865317,0.387939684145713,0.2501298958601431,0.33290401759983235,0.46909000242044974,0.23930667087948132,0.5001161001299929,0.23269936256494983,0.39323704065528575,0.5038065823950146,0.25102724508028595,0.2483812633485033,0.26011286818972157,0.39494053465843737,0.3949740410570918,0.24401159918705217,0.28262859642774385
0.305099554590747,0.4079099000728583,0.2275352610627055,0.26823665053749224,0.41874175265603863,0.40974747716679527,0.3845009468567818,0.26642473125329436,0.2931280325876605,0.26277828606970055,0.48643143537478606,0.2637147628279768,0.5421550469683823,0.2637363210767345,0.2588042834660551,0.3723363593114374,0.3826085195288551,0.520238435365546,0.43908243227665145,0.3815452787270428,0.5354424332908296,0.6963903580513615,1.0,0.3800353456248522,0.370245898148864,0.34096845624219607,0.5288944363231531,0.2654526110324672,0.29353901905065316,0.2952853134273229,0.2496726836413341,0.48980347427019444,0.0,0.6519211678093477,0.4098878526826619,0.26664269847814404,0.3616401146907491,0.4908729362830533,0.25823038068928994,0.5184459660886901,0.2506810403008414,0.41031135272526076,0.5229645728487724,0.2681654553812134,0.2674830076435404,0.27112134204549454,0.4140556547296398,0.41471931575705834,0.258744651988114,0.2976915022097034
0.29389562274451464,0.529578895798929,0.21347169339664296,0.25319647156139236,0.4108391684007914,0.5369396917036893,0.3399130321327227,0.26905164480363497,0.28247480113161916,0.26504388427482806,0.40828808301007813,0.2573142881581152,0.3971385970530873,0.2461821827903241,0.25153791191855657,0.3391219377854081,0.5086461044542463,0.38904810334411555,0.32123525732698444,0.33376842940147156,0.3775427401109046,0.36521742249411904,0.3800353456248522,1.0,0.5364285670675344,0.45993411809100726,0.38316259248905826,0.2485979544356952,0.28615850384292474,0.27866993536918616,0.23631522290195428,0.3993464981558351,0.0,0.37900809608331565,0.5528303907200176,0.24257765995469838,0.32459551561702427,0.3759718420069823,0.25081280136181117,0.3883082166409817,0.25185256751183904,0.45416267788106046,0.38739346206331426,0.25780080157725915,0.26478928386607203,0.26503904367646014,0.45284824231085374,0.45313348942302967,0.24729785038971885,0.2828869636336525
0.2945910513444616,0.526538890779744,0.21260885884887792,0.2623275888532176,0.4028518161857588,0.5308790093262536,0.3297123040342873,0.26316545168159533,0.2755225303054136,0.2727390098278757,0.3809693354680159,0.2528967585479247,0.37218301326027015,0.24900222861594268,0.2581209200431547,0.3298866991326105,0.4852768402537819,0.3692778885560184,0.3114047743974485,0.3279728886294019,0.36429601411297563,0.3500443016218485,0.370245898148864,0.5364285670675344,1.0,0.4406595355739552,0.36276364056504307,0.24371210281837752,0.27649845460874745,0.2653120871250002,0.241977534580336,0.42102770107780785,0.0,0.3640626311127555,0.5410153675064948,0.2355067760281685,0.3170401081826044,0.37136869232816094,0.24646780098440046,0.3710610561171602,0.2528359637760964,0.43558509266871526,0.3774783392509986,0.2668306484746452,0.26939014134462613,0.26585776148716556,0.44226109508776923,0.4422476709799352,0.2560839894949488,0.272275680052686
0.2560980398923145,0.4224378201882397,0.19389096288373087,0.23623645805980387,0.37789599156651643,0.4195265534348098,0.30564619592806486,0.2393090750608654,0.25515777943669093,0.24921666259105568,0.3678329377700382,0.23004065884251312,0.35267154681142354,0.22784696458664055,0.2319365853413341,0.31869815879704155,0.4851896928723989,0.3534679945468463,0.28492615873339644,0.3029132383170253,0.3433055245850396,0.321620420452038,0.34096845624219607,0.45993411809100726,0.4406595355739552,1.0,0.34276124814282705,0.22475012661314508,0.26206162319595083,0.2487169950943945,0.226398824229057,0.35255244547603615,0.0,0.334312091054939,0.4277087110345156,0.21945432489878425,0.29653517033471466,0.3557877308402876,0.2251594520457898,0.3509334863352548,0.23529476698370644,0.40654664372703153,0.34953285001647194,0.24234629990052814,0.24089113723914957,0.2428450801294313,0.41190729878257104,0.4117658904531797,0.23474634290913143,0.2581385816868137
0.30446773197099564,0.41136552352545175,0.23127585168245002,0.2603028141590411,0.42517952910225887,0.403586124821379,0.3562280113082008,0.26742714379262966,0.3014119543031485,0.27057938564126105,0.49690355643821615,0.2622447298878047,0.5292106534974957,0.26350612448229704,0.25745611913662203,0.349541046839414,0.3743610614740722,0.4956073710358442,0.41673247085008636,0.3579405570767693,0.5079359224604665,0.49383227325517565,0.5288944363231531,0.38316259248905826,0.36276364056504307,0.34276124814282705,1.0,0.2633880578753096,0.2967749362219535,0.3033453480662729,0.2513300524116212,0.485578235418889,0.0,0.5032078903289494,0.4111957233530805,0.258935336273062,0.33575537895619223,0.5866355825424296,0.24115124886188288,0.5385324755802554,0.25370400728396425,0.4190524107675574,0.6276708725033017,0.27009381593513815,0.2645960063417854,0.2805099528713132,0.41976022298142013,0.41980309923727355,0.2643834858682943,0.3022146719778711
0.2844150839044203,0.2774527918450429,0.2129306135490755,0.5205658944852065,0.24986232501354844,0.2682876717600875,0.2605924230140728,0.6929495710839341,0.27060258251888747,0.5047768901547671,0.26981752165445605,0.49085666081224144,0.2636498895201683,0.5218761587531572,0.48705087641776645,0.2580541231632911,0.2550679022809933,0.26917137479714437,0.22075658071428217,0.25793484217146523,0.2580789897488017,0.24662991962354375,0.2654526110324672,0.2485979544356952,0.24371210281837752,0.22475012661314508,0.2633880578753096,1.0,0.31373404338357824,0.26814494155610336,0.4757308817146024,0.25782231719388293,0.0,0.2567521510569958,0.2625378622327633,0.39812628938716255,0.24316441107622422,0.2748613978635198,0.41817604439540057,0.26331259008771,0.48405743845681193,0.2635348283701684,0.2668955249779774,0.8030247187109727,0.7547618776611451,0.29672872980431575,0.2661579332584987,0.26714208178891463,0.4653375477100782,0.30787256583808575
0.3427449920622201,0.3017270259424435,0.24678053393293276,0.30610421224860307,0.3065943600736474,0.3102465267998532,0.28685206174268385,0.3138064519486665,0.33166945507752876,0.31393141438414907,0.29800042056047293,0.31286239003038974,0.29296705874531404,0.3077200077540849,0.30094899993114155,0.28363271034473936,0.2899489140042858,0.2957263245831312,0.25233279339830406,0.2872256079000597,0.28439273974518664,0.27615933042051877,0.29353901905065316,0.28615850384292474,0.27649845460874745,0.26206162319595083,0.2967749362219535,0.31373404338357824,1.0,0.3225004591261631,0.29287719596734996,0.29627434455954893,0.0,0.2957824790919128,0.2942093974079897,0.2951367256834787,0.270929616077083,0.300331959718357,0.2799306858399503,0.2984504779669519,0.2918530327675817,0.28775781432777925,0.2983179174989673,0.31408258212350926,0.3143759683720996,0.39690854415996013,0.29328979854572734,0.29358134904112276,0.302449076935968,0.6165222448069578
0.38149398648054744,0.30385379176108207,0.2609721100613993,0.2648966045605896,0.28313410119654203,0.29400235707357514,0.29593700062521233,0.2680196125384593,0.40465804020571383,0.2767350056890272,0.30846005707265034,0.26851814252097905,0.3084953792570806,0.2656502161187855,0.26000608814178616,0.299503563865132,0.2736073320168211,0.3035247879232458,0.2500268203312934,0.29770240148147165,0.29428205544798947,0.28048886207118573,0.2952853134273229,0.27866993536918616,0.2653120871250002,0.2487169950943945,0.3033453480662729,0.26814494155610336,0.3225004591261631,1.0,0.25423157196802004,0.2827979457099291,0.0,0.29031742081755274,0.2958384895613396,0.2583188255400968,0.2829606525649515,0.29951785102179607,0.24031994960412484,0.30933735999183065,0.2568612334507152,0.2933962760146811,0.3129824999484927,0.2690128233838892,0.2652111708384284,0.3191594561412695,0.29986188937238967,0.3001329704572899,0.26552715097575186,0.33111906025087134
0.25687354246683336,0.25484471507987205,0.2015744022199042,0.49158876287580877,0.2492650546906756,0.2560083386898869,0.24893374878460495,0.47145954554033553,0.25881771035889634,0.5215006373108027,0.256771782111743,0.4491348616870513,0.2534538376213804,0.48673809128385637,0.4837311461493816,0.25151794460843135,0.24523362964120488,0.2536821951943904,0.2042744353597563,0.24530591473813823,0.24109113579351893,0.23178123150198338,0.2496726836413341,0.23631522290195428,0.241977534580336,0.226398824229057,0.2513300524116212,0.4757308817146024,0.29287719596734996,0.25423157196802004,1.0,0.24711827026468636,0.0,0.24341743205044086,0.2488905938922258,0.3879280297801103,0.233710036166224,0.24859525720506148,0.39665569639439213,0.2504883272112963,0.6323759936274318,0.2502698935007659,0.2504961004162173,0.48075138803347495,0.47120978980556283,0.2848378724470485,0.25446711215674434,0.2546491232864644,0.4334627339714915,0.29368512712809935
0.30013973615094636,0.3997199163488194,0.21598443664050748,0.2809516202456155,0.4619433201153339,0.406147428945261,0.33895343228936803,0.26627324234633065,0.29218834582940234,0.27623145060451293,0.45474889937680973,0.2584462266200027,0.5200982570977085,0.26043672532461504,0.2740087007086206,0.34003138838369595,0.4274603110224573,0.4547046173129837,0.439986094185537,0.3383898326937749,0.46949194410481077,0.4868722363445721,0.48980347427019444,0.3993464981558351,0.42102770107780785,0.35255244547603615,0.485578235418889,0.25782231719388293,0.29627434455954893,0.2827979457099291,0.24711827026468636,1.0,0.0,0.4766807747530315,0.39324244551092336,0.24892884381629043,0.33041904652794485,0.4824677981873784,0.25216813244983416,0.4951132875451527,0.25460200649095266,0.40514304717939675,0.5043294228815149,0.2628963007292495,0.2702680156228172,0.26814408502755327,0.412373794982024,0.41320871992506714,0.25000413270623956,0.2829406584786136
0.0,0.0,0.0,0.0,0.0,0.0,0.0,0.0,0.0,0.0,0.0,0.0,0.0,0.0,0.0,0.0,0.0,0.0,0.0,0.0,0.0,0.0,0.0,0.0,0.0,0.0,0.0,0.0,0.0,0.0,0.0,0.0,1.0,0.0,0.0,0.0,0.0,0.0,0.0,0.0,0.0,0.0,0.0,0.0,0.0,0.0,0.0,0.0,0.0,0.0
0.29996500850335117,0.39658016670559504,0.22585651899574077,0.2554167173106411,0.4267753691243964,0.41464279942008686,0.35765567404552145,0.2638652975271264,0.28658272356871806,0.2603425984703758,0.48156734418428426,0.25875632628647094,0.5289940961156248,0.25281270563734426,0.25088566339234464,0.35356745202005624,0.3828381546394245,0.47975453272010216,0.417093761068037,0.3558013823631172,0.5091660032129162,0.6200461095865317,0.6519211678093477,0.37900809608331565,0.3640626311127555,0.334312091054939,0.5032078903289494,0.2567521510569958,0.2957824790919128,0.29031742081755274,0.24341743205044086,0.4766807747530315,0.0,1.0,0.4086726045414003,0.2740106688509445,0.33501937172917906,0.4818148204331527,0.26829364855266846,0.5078514749211334,0.24232475777509144,0.40580721298953937,0.5158775631523247,0.25839342031304047,0.26030676641855366,0.2682956214212725,0.4094489603671778,0.40965277494788277,0.25354269121646444,0.2989607161959804
0.3054635438878611,0.5684528773103221,0.22505027614142914,0.26234320604155426,0.39556551424052344,0.5824718342482749,0.3678755854026927,0.2721771879967818,0.29013442539627976,0.27159511924986923,0.42875261038857015,0.26865154561720417,0.41706009356079876,0.2629184546546416,0.25637667220109095,0.3619782326139669,0.4698570776816323,0.42257674127951506,0.3571731329756015,0.36364614737389866,0.41261342055339145,0.387939684145713,0.4098878526826619,0.5528303907200176,0.5410153675064948,0.4277087110345156,0.4111957233530805,0.2625378622327633,0.2942093974079897,0.2958384895613396,0.2488905938922258,0.39324244551092336,0.0,0.4086726045414003,1.0,0.2601742754472042,0.3409441886924698,0.40194963788593563,0.26047773419683606,0.4225185829810172,0.25648715342614015,0.48907073427320613,0.4225838431752822,0.26976589445654187,0.2709005078383685,0.27760895806528196,0.4842055159964995,0.48410819123361615,0.2628431277040466,0.2957592219096963
0.26665879312582474,0.2523399943117065,0.20468203371670934,0.40645461815231376,0.2439416069442225,0.25887185195478424,0.2636264454189897,0.3978666713948207,0.26587402299189566,0.4132117405771485,0.26699641141766683,0.39072620249146406,0.2562379141371054,0.4041989029056374,0.3955902987989388,0.2610550031429115,0.24589971193408566,0.27450965700239915,0.22724646358512157,0.26391297488814136,0.26333812724534067,0.2501298958601431,0.26664269847814404,0.24257765995469838,0.2355067760281685,0.21945432489878425,0.258935336273062,0.39812628938716255,0.2951367256834787,0.2583188255400968,0.3879280297801103,0.24892884381629043,0.0,0.2740106688509445,0.2601742754472042,1.0,0.2474336948645144,0.2524670015920929,0.4001249665033634,0.26070303979690324,0.39114132350753017,0.25343819809625934,0.2583383480297966,0.4043883150508153,0.40441337979324254,0.28212170991479457,0.25504937550979323,0.255507357250904,0.39799373606797894,0.29929961827371465
0.2902935865610359,0.3261351490313802,0.20656158233023791,0.24939861903053973,0.31908362528135303,0.3413964649214346,0.7798602550812448,0.24965513817092222,0.2863381687395212,0.2542282228613285,0.3398848058561005,0.24361433240220476,0.3365541315777326,0.24507067159631601,0.24031751051233374,0.7304432034985973,0.32106192925367216,0.3675513256479067,0.3031026603964425,0.7822162295818501,0.35953889032563446,0.33290401759983235,0.3616401146907491,0.32459551561702427,0.3170401081826044,0.29653517033471466,0.33575537895619223,0.24316441107622422,0.270929616077083,0.2829606525649515,0.233710036166224,0.33041904652794485,0.0,0.33501937172917906,0.3409441886924698,0.2474336948645144,1.0,0.32304821691629326,0.23756515072564366,0.3312922855222541,0.23856022022222645,0.33336908344935723,0.3416164262571121,0.24784100032996603,0.2463153862052938,0.2561126530905903,0.32844316111227934,0.32882871131425473,0.23937386936323524,0.27796937349068596
0.30965993659072333,0.423390745964756,0.22705311583598964,0.25772673116166933,0.43985812009694514,0.4172414730322863,0.3404441540137456,0.28028796221011576,0.2932684224590766,0.2677784945500524,0.48624414371782454,0.2663720620899245,0.5023735897169905,0.26319678871053054,0.2544661912109818,0.3417174275757725,0.3702756175367876,0.4614897999801254,0.39704278275998184,0.3417592321750772,0.47923472357019237,0.46909000242044974,0.4908729362830533,0.3759718420069823,0.37136869232816094,0.3557877308402876,0.5866355825424296,0.2748613978635198,0.300331959718357,0.29951785102179607,0.24859525720506148,0.4824677981873784,0.0,0.4818148204331527,0.40194963788593563,0.2524670015920929,0.32304821691629326,1.0,0.24615278057159184,0.5163172441578993,0.2555516207330891,0.41418940638073365,0.6315962257541354,0.28049022117250544,0.2690682908080637,0.280003600509252,0.4300977261158203,0.4302355652530916,0.2708829112739847,0.29794971534014025
0.26641679529329854,0.24325524798581566,0.1989082890731647,0.4341641986434144,0.2524767047721703,0.26394747768165006,0.2549222807692977,0.42525804796710254,0.25474526473337233,0.44678096612967166,0.2611280095338152,0.4298757183403733,0.2536197784933667,0.4231477144875905,0.4323236228425692,0.2522211944929983,0.25013759054278806,0.2590495015843495,0.21440729926592117,0.24862944996649872,0.2453238711297543,0.23930667087948132,0.25823038068928994,0.25081280136181117,0.24646780098440046,0.2251594520457898,0.24115124886188288,0.41817604439540057,0.2799306858399503,0.24031994960412484,0.39665569639439213,0.25216813244983416,0.0,0.26829364855266846,0.26047773419683606,0.4001249665033634,0.23756515072564366,0.24615278057159184,1.0,0.2442440795066705,0.418219288414978,0.2495589302091722,0.2536492954972105,0.43197329141283525,0.44477004476369153,0.26647739728089903,0.2503252724634192,0.2510606556375141,0.4030416890811125,0.2820128384559205
0.30686441882166415,0.4173100995890836,0.23099625751377806,0.2572966482607886,0.44461947822652825,0.4152543315442845,0.3544973937812683,0.26852802837829726,0.29956879251462765,0.2701378823167331,0.5227223132482666,0.26328297843420834,0.5414929436657816,0.2604647350596112,0.25443260896667785,0.35030141537337955,0.38227356165227655,0.4928561037758784,0.4224121448675324,0.35654843782544743,0.5117809914768894,0.5001161001299929,0.5184459660886901,0.3883082166409817,0.3710610561171602,0.3509334863352548,0.5385324755802554,0.26331259008771,0.2984504779669519,0.30933735999183065,0.2504883272112963,0.4951132875451527,0.0,0.5078514749211334,0.4225185829810172,0.26070303979690324,0.3312922855222541,0.5163172441578993,0.2442440795066705,1.0,0.25122137368644604,0.4284023938989564,0.5458419694969735,0.26661099161392077,0.2676318330079689,0.282619249466311,0.4429552115733668,0.4431261743417442,0.26301190065961,0.3060824238096639
