../ecoli_genomes/GCF_000163235.1_ASM16323v1_genomic.fna.gz,../ecoli_genomes/GCF_000164555.1_ASM16455v1_genomic.fna.gz,../ecoli_genomes/GCF_000208545.1_ASM20854v2_genomic.fna.gz,../ecoli_genomes/GCF_000233875.1_ASM23387v1_genomic.fna.gz,../ecoli_genomes/GCF_000249735.1_ASM24973v2_genomic.fna.gz,../ecoli_genomes/GCF_000261145.1_Esch_coli_M919_V2_genomic.fna.gz,../ecoli_genomes/GCF_000267705.2_ASM26770v2_genomic.fna.gz,../ecoli_genomes/GCF_000350665.1_Esch_coli_KTE5_V1_genomic.fna.gz,../ecoli_genomes/GCF_000351625.1_Esch_coli_KTE66_V1_genomic.fna.gz,../ecoli_genomes/GCF_000352285.1_Esch_coli_KTE46_V1_genomic.fna.gz,../ecoli_genomes/GCF_000358895.1_ASM35889v1_genomic.fna.gz,../ecoli_genomes/GCF_000456385.1_Esch_coli_HVH_26_4-5703913_V1_genomic.fna.gz,../ecoli_genomes/GCF_000458195.1_Esch_coli_HVH_147_4-5893887_V1_genomic.fna.gz,../ecoli_genomes/GCF_000459755.1_Esch_coli_KOEGE_58_171a_V1_genomic.fna.gz,../ecoli_genomes/GCF_000460055.1_Esch_coli_UMEA_3053-1_V1_genomic.fna.gz,../ecoli_genomes/GCF_000462165.2_ASM46216v2_genomic.fna.gz,../ecoli_genomes/GCF_000601135.1_ASM60113v1_genomic.fna.gz,../ecoli_genomes/GCF_000614595.1_Ec2010EL1058_genomic.fna.gz,../ecoli_genomes/GCF_000617745.1_Ec2010C-4529_genomic.fna.gz,../ecoli_genomes/GCF_000618265.2_EcF6751_genomic.fna.gz,../ecoli_genomes/GCF_000619005.2_Ec2009C-4052_genomic.fna.gz,../ecoli_genomes/GCF_000619105.1_Ec2009C-4780_genomic.fna.gz,../ecoli_genomes/GCF_000619765.2_Ec2009C-3279_genomic.fna.gz,../ecoli_genomes/GCF_000687005.1_ASM68700v1_genomic.fna.gz,../ecoli_genomes/GCF_000687025.1_ASM68702v1_genomic.fna.gz,../ecoli_genomes/GCF_000700125.1_ASM70012v1_genomic.fna.gz,../ecoli_genomes/GCF_000753315.1_FHI35_genomic.fna.gz,../ecoli_genomes/GCF_000776375.1_ASM77637v1_genomic.fna.gz,../ecoli_genomes/GCF_000779395.1_ASM77939v1_genomic.fna.gz,../ecoli_genomes/GCF_000780315.1_ASM78031v1_genomic.fna.gz,../ecoli_genomes/GCF_000781995.1_ASM78199v1_genomic.fna.gz,../ecoli_genomes/GCF_000986765.1_ASM98676v1_genomic.fna.gz,../ecoli_genomes/GCF_001041375.1_ViralProj287958_genomic.fna.gz,../ecoli_genomes/GCF_001265335.1_302014_genomic.fna.gz,../ecoli_genomes/GCF_001265625.1_100854_genomic.fna.gz,../ecoli_genomes/GCF_001267345.1_303289_genomic.fna.gz,../ecoli_genomes/GCF_001309985.1_ASM130998v1_genomic.fna.gz,../ecoli_genomes/GCF_001521695.1_ASM152169v1_genomic.fna.gz,../ecoli_genomes/GCF_001592595.1_ASM159259v1_genomic.fna.gz,../ecoli_genomes/GCF_001614975.1_ASM161497v1_genomic.fna.gz,../ecoli_genomes/GCF_001692775.1_ASM169277v1_genomic.fna.gz,../ecoli_genomes/GCF_001748915.1_ASM174891v1_genomic.fna.gz,../ecoli_genomes/GCF_001749235.1_ASM174923v1_genomic.fna.gz,../ecoli_genomes/GCF_001881155.1_ASM188115v1_genomic.fna.gz,../ecoli_genomes/GCF_001881345.1_ASM188134v1_genomic.fna.gz,../ecoli_genomes/GCF_001892405.1_ASM189240v1_genomic.fna.gz,../ecoli_genomes/GCF_001892585.1_ASM189258v1_genomic.fna.gz,../ecoli_genomes/GCF_001893985.1_ASM189398v1_genomic.fna.gz,../ecoli_genomes/GCF_002001595.1_ASM200159v1_genomic.fna.gz,../ecoli_genomes/GCF_002002145.1_ASM200214v1_genomic.fna.gz
1.0,0.3862923743915837,0.31613309897989705,0.33833568116601376,0.3546475707672495,0.36277964450462385,0.3516034077792388,0.3457180539704412,0.4381948390577539,0.345888193874351,0.375834208243191,0.34435173584575374,0.36230765276741206,0.3300249339361131,0.31851490445329156,0.34797741312077457,0.3390480059984219,0.36451527495720737,0.32226093862654304,0.35547964911137087,0.35275437465815207,0.3419902229196746,0.37119728646099925,0.37026195208066304,0.33769634830335693,0.3431030945439778,0.3665198269977272,0.33600165680523486,0.39241307715205553,0.4338533512488557,0.3074548792588899,0.35562414812789167,0.0,0.3630493027302897,0.36315683117066644,0.3285014113313256,0.33188730078001527,0.37098999289822043,0.3183436585487417,0.3724752805763897,0.31527123429161175,0.35785675956549834,0.3672925800175514,0.33814791814327305,0.34827426904707914,0.36769691976288166,0.3670054982742573,0.3647976711689489,0.32545886424661696,0.3954007313070287
0.3862923743915837,1.0,0.2948468794488467,0.34162622149297284,0.44403662954453504,0.5628519779878963,0.397398402904107,0.3458671095703959,0.36108678812759465,0.3508392806098227,0.4729595545304147,0.34999808875742466,0.46937407154935273,0.3320052575939685,0.3264752448733014,0.3912868100824304,0.42215367994193165,0.4673572280610978,0.40383571400598617,0.40174155022496927,0.45249433679459583,0.4370841516772809,0.4688641675364721,0.5460457891147632,0.4858197930044603,0.48290585984618184,0.46726517599677675,0.3398313885162123,0.3660454240090868,0.36702259405292825,0.317447972889323,0.4430476878765146,0.0,0.45558046318351786,0.5777468153879985,0.3251005942146855,0.3728336669116512,0.4668469576709774,0.2858209022873255,0.47235239432433795,0.3215053456012864,0.5029340900491901,0.46970111024806105,0.35007234234303763,0.3522459152807874,0.3390600637050266,0.5172892479391604,0.5213484348387658,0.34503360775517267,0.3648721035913264
0.31613309897989705,0.2948468794488467,1.0,0.26712211269427477,0.26771476212344836,0.2744867010625932,0.27405549679384,0.2710675662521893,0.30569477418808144,0.2741383847692529,0.2930286520518194,0.2645328202322864,0.2877374791327184,0.2661631825471181,0.26175777840679504,0.2727919525668143,0.23184782187393715,0.2816704697886385,0.24581470710821463,0.277742574143089,0.27885482401959316,0.2678574804577457,0.28526988633421535,0.26467288317161164,0.24038949979853919,0.25940684208310594,0.28680757294656345,0.2715636696463818,0.3041071604474659,0.31304796054638917,0.2537666211566375,0.27225394136646885,0.0,0.28213506308105396,0.27576005320434793,0.2667735736717952,0.2586092309594453,0.28049539933695466,0.23380278037169733,0.2939776935006382,0.2573552753814192,0.2807031863568509,0.28916194531185613,0.2760023120328272,0.26795431755798027,0.28514368517351085,0.28563254972157637,0.2873395627404931,0.2715897560385041,0.31057125023499055
0.33833568116601376,0.34162622149297284,0.26712211269427477,1.0,0.32554013530114734,0.3242896336557577,0.30960539485859395,0.5383632726631044,0.34042447207136917,0.5614113015620731,0.3289765223590414,0.543259363128458,0.3295612280735859,0.5803060967221918,0.5900056663323999,0.3081972835024638,0.28719031329236977,0.32151190294294474,0.2787793464500673,0.31250567950422714,0.3124657687514597,0.304460819657806,0.3313627301354174,0.3183862843517724,0.2959286343687779,0.3107058815044409,0.3242279725256475,0.5702799719731445,0.36031914597711046,0.3361516150695818,0.5367727899850847,0.3264432866246061,0.0,0.3130943438224645,0.31967688707023745,0.45889297580515187,0.29262335598669753,0.31799339859135134,0.43362194698489676,0.3240512934004982,0.5596268548786123,0.3196444091407179,0.32436312884649954,0.5686747207231055,0.5595081535102531,0.3560419300139519,0.32260580099782077,0.3239826838247448,0.49980824848810845,0.37169834854694395
0.3546475707672495,0.44403662954453504,0.26771476212344836,0.32554013530114734,1.0,0.44575235242883815,0.3673136026862157,0.3316441072849533,0.34963841872378254,0.3360389442910664,0.5382081326704367,0.31493122738371215,0.5045502252131421,0.31949425605490644,0.3253918863943609,0.37636796359781255,0.3818917834038372,0.45411609112081497,0.4021489593082006,0.3706130485351127,0.4637185373878634,0.438186796928813,0.4690039634417461,0.4323442426702506,0.38637976407384866,0.4346803738190582,0.4749378770684022,0.31366317354533146,0.3431682782158151,0.3494462123284363,0.3027514147783952,0.47633439271955447,0.0,0.4626502553335624,0.4316089432200585,0.3025908253144527,0.3622279126991581,0.49597954617636464,0.29131765510738006,0.4908169290802392,0.31944177469742685,0.4536077367267155,0.5002735245511221,0.3181556544251173,0.32251312225396944,0.3197358011210152,0.4608800172457558,0.46382103965348875,0.311718349618631,0.34256369371058093
0.36277964450462385,0.5628519779878963,0.2744867010625932,0.3242896336557577,0.44575235242883815,1.0,0.39559397057211754,0.3354671619580589,0.3444409196338204,0.32355010653498295,0.450733167121837,0.32311360020419055,0.45225225183895357,0.3159418599139592,0.31607966477891747,0.394636547545267,0.42227347810252913,0.46153510122723806,0.39915441926302675,0.39671750689719654,0.43471588105383296,0.4573130512073377,0.4604092576976557,0.5279513510645238,0.4801718651814253,0.4585017800929114,0.44186245233369836,0.32300017701208494,0.3515460973760055,0.34739399952611627,0.29998069996078425,0.44245806927751674,0.0,0.4528380072622379,0.5540778598046289,0.3212169625056214,0.3819355261731445,0.4446593863704471,0.30364389958029747,0.4491658445657437,0.30730152837839486,0.4945837300555138,0.4551378824784649,0.3246855540768253,0.32613066216703623,0.3284923941318981,0.5014408231285942,0.5049425759906411,0.3169246836887243,0.35752118411146605
0.3516034077792388,0.397398402904107,0.27405549679384,0.30960539485859395,0.3673136026862157,0.39559397057211754,1.0,0.3113963431401816,0.3468595467987212,0.3084404864816781,0.39899159062511647,0.30416056421493076,0.3964966158681317,0.30225135138813086,0.2974358085914087,0.7428836736201831,0.32707084155893484,0.4377680361825047,0.389573448463469,0.8795507947021006,0.4315337289459563,0.4063988722864025,0.44541927225709543,0.3754930887897254,0.3387176108049501,0.36813968809965103,0.401109925642378,0.3035096739051094,0.3369114175623027,0.3505403481606969,0.2884484322837012,0.3822071366679748,0.0,0.4083769194225232,0.40052336846371206,0.3206066489688355,0.7636956421620676,0.37447502096018637,0.2756371756940921,0.4025791862768333,0.28894527352815835,0.3887686105469186,0.4015807903568305,0.3083261951864902,0.3072685272134478,0.31857279314552567,0.3825298455988174,0.38471959793839916,0.3007188334875267,0.3471316727233298
0.3457180539704412,0.3458671095703959,0.2710675662521893,0.5383632726631044,0.3316441072849533,0.3354671619580589,0.3113963431401816,1.0,0.33248290450010987,0.5444415457593231,0.3306602675808409,0.5240021930180471,0.3349301794978189,0.5278687981021504,0.5122253501608434,0.31064419823817613,0.2884168002951504,0.3247958514621233,0.2908446838052893,0.31314980191526554,0.31405249554719705,0.3077773247797223,0.3303947845554245,0.3297212154940149,0.29387414528071987,0.3142857074093627,0.3270442571118346,0.7172668542362364,0.36523982997409166,0.33465591877343526,0.5034904210724329,0.3267070434640511,0.0,0.3241507290038038,0.32505428475634546,0.4554776923049755,0.29514629841886353,0.3363998366630332,0.4374578502330132,0.33034655317249073,0.5125789382406041,0.32827846123265947,0.33237920696977297,0.7156462841120186,0.6925966937269241,0.34718654516801895,0.32367207371299755,0.32437612007761507,0.49422632980229075,0.3638929757782906
0.4381948390577539,0.36108678812759465,0.30569477418808144,0.34042447207136917,0.34963841872378254,0.3444409196338204,0.3468595467987212,0.33248290450010987,1.0,0.3506450940294854,0.36715075522862106,0.3243703550910654,0.36425761652459543,0.33341092294031816,0.3302047097854883,0.34553340256046106,0.2971978179698025,0.3579055873453587,0.3053315010375013,0.351484456470157,0.34631548106036114,0.3363650012220769,0.3574944465166451,0.3396081137361816,0.2994374174763914,0.333772188226369,0.360648464225816,0.3262637782904545,0.38283039442342903,0.45588711460374187,0.31704561359924,0.3373639819534786,0.0,0.34916690486104174,0.34913889711664536,0.33199233098230296,0.32798233515510344,0.3459847758997028,0.28996536904014336,0.36401444664367555,0.3225802100737786,0.3553364336883965,0.36597494057753965,0.3288772452469587,0.3267351007594439,0.35706871414071906,0.34934102697253355,0.3514499637054923,0.32833765043433216,0.3948818405879546
0.345888193874351,0.3508392806098227,0.2741383847692529,0.5614113015620731,0.3360389442910664,0.32355010653498295,0.3084404864816781,0.5444415457593231,0.3506450940294854,1.0,0.33826945448979484,0.5261694010599646,0.3423008533086811,0.5434600327734995,0.5340742638185203,0.3100258644004983,0.27323661076269024,0.32692791995089965,0.2850863631448587,0.31268050737096276,0.31790272335583614,0.3073254752056753,0.3244058230045087,0.31840639145922744,0.28493401732150403,0.3116877550103383,0.33085356196462035,0.5491827001420014,0.37206868461340703,0.3425494747895198,0.5494822635368322,0.31412596528793246,0.0,0.31723539950033997,0.32161339430540814,0.4726162087013389,0.29461910889108633,0.3240344278752828,0.4386636964032187,0.33600307734105106,0.5542891274837662,0.32641000719054114,0.32961187627960076,0.5483142893781698,0.5486704058778936,0.35258712784642543,0.32526692512029687,0.327083103331139,0.5217422755648056,0.3656717764418864
0.375834208243191,0.4729595545304147,0.2930286520518194,0.3289765223590414,0.5382081326704367,0.450733167121837,0.39899159062511647,0.3306602675808409,0.36715075522862106,0.33826945448979484,1.0,0.3276241300016699,0.5534615034504843,0.3267925060047766,0.3198363137485597,0.4116028808043821,0.37897901379989873,0.5213503281375163,0.4425573765495928,0.402673184718388,0.5138104578902857,0.5035066131608534,0.5224175226555658,0.4457806416445972,0.38955636973456476,0.45960113012159365,0.5310087161343744,0.3290479995258123,0.35887921621386265,0.37252566675893695,0.31135502695704187,0.4880762011005907,0.0,0.5101125837442789,0.4679626845329492,0.3315666932088466,0.38533176958449133,0.5108190278519278,0.2936524198589441,0.5500579125728378,0.3113596719191003,0.4860233013744253,0.5430652271712206,0.32939514913718704,0.32833493078191067,0.3369980388469044,0.47368406088845794,0.47538483972827295,0.32699141656686315,0.36762209905741317
0.34435173584575374,0.34999808875742466,0.2645328202322864,0.543259363128458,0.31493122738371215,0.32311360020419055,0.30416056421493076,0.5240021930180471,0.3243703550910654,0.5261694010599646,0.3276241300016699,1.0,0.32282700267877973,0.5345631403936781,0.6215600285500809,0.30519027929400133,0.29318614343918303,0.3155525410579746,0.2860890104295687,0.30581779174771384,0.3099789740733081,0.3045463406137153,0.32156152303640906,0.32502201243274376,0.300723598365376,0.3158990524370331,0.3169694685925124,0.5320700890882815,0.36675475512857136,0.3268898872557022,0.4856724191315176,0.31791787852201825,0.0,0.31473748518713696,0.32210343783278894,0.44409069933196144,0.2846075409894191,0.32126048695943865,0.43617711300633555,0.3216510490888047,0.49972939215663315,0.3195154026179948,0.3261146730354978,0.5338422894167445,0.5305200267883825,0.3442408599733465,0.32511533941064863,0.3241921151014856,0.4749121177720661,0.3586598896023401
0.36230765276741206,0.46937407154935273,0.2877374791327184,0.3295612280735859,0.5045502252131421,0.45225225183895357,0.3964966158681317,0.3349301794978189,0.36425761652459543,0.3423008533086811,0.5534615034504843,0.32282700267877973,1.0,0.322555597306899,0.32705879670146,0.40462761469246,0.37903304343247557,0.5280664581689124,0.5079161006059023,0.40188067255513726,0.5403283233681271,0.5706896088414852,0.5865397211922126,0.4497825416280845,0.37615354600566486,0.43621698486859517,0.5720556389034535,0.3253286757195515,0.3619139648538299,0.3752462017107735,0.3109045580759754,0.531578491556492,0.0,0.5625055620226711,0.4615660725274643,0.3190894459184511,0.3901573488783031,0.5301982638858815,0.28365098602081673,0.5716352541028363,0.31536811515563035,0.47542553242426466,0.569705089996998,0.32464661790506577,0.32223632910755096,0.3285451165547236,0.46758405249697066,0.4697816008217366,0.32172136629588066,0.3667234213746464
0.3300249339361131,0.3320052575939685,0.2661631825471181,0.5803060967221918,0.31949425605490644,0.3159418599139592,0.30225135138813086,0.5278687981021504,0.33341092294031816,0.5434600327734995,0.3267925060047766,0.5345631403936781,0.322555597306899,1.0,0.5860700474602303,0.29821542207971663,0.26470554589692463,0.3182434129059979,0.2793069019350285,0.3055905639374946,0.30754302724098626,0.30318087885954015,0.3233769301412156,0.2965208468772047,0.27107358911462187,0.29507382454226183,0.3229063016842022,0.5565189291197497,0.3569038104680615,0.3236657735073879,0.527908436776646,0.3127828163659967,0.0,0.3087192230479179,0.30946238567810347,0.45325460072713786,0.28457371341000737,0.31833789257339984,0.4188905705777092,0.3211758555640656,0.5429034175781089,0.3127627558686885,0.3225724231916811,0.5531404079082052,0.5464149871726584,0.3514245066984213,0.3168525646836363,0.318610644556619,0.4978157672933352,0.36525704408559245
0.31851490445329156,0.3264752448733014,0.26175777840679504,0.5900056663323999,0.3253918863943609,0.31607966477891747,0.2974358085914087,0.5122253501608434,0.3302047097854883,0.5340742638185203,0.3198363137485597,0.6215600285500809,0.32705879670146,0.5860700474602303,1.0,0.29609894853621876,0.27512082383236125,0.31201931310983544,0.2754276201906596,0.30098188130464576,0.30187614771128457,0.2962641429033894,0.3194066790527289,0.30279090364966543,0.27385989364785146,0.2985206685042252,0.31315183484862297,0.5291001675716169,0.3508777347944836,0.3212871378515214,0.5219805111640119,0.31478729143648876,0.0,0.3071424992662466,0.30730334883821675,0.44291801019076027,0.2858493182630514,0.31022075991372666,0.41849810664870046,0.3169367033725421,0.5411452058214874,0.31445535209783215,0.3183636327180097,0.5266794926791476,0.518723266564338,0.3448602889335127,0.3246334598188304,0.3268417081193886,0.4799946478974433,0.36867717213207907
0.34797741312077457,0.3912868100824304,0.2727919525668143,0.3081972835024638,0.37636796359781255,0.394636547545267,0.7428836736201831,0.31064419823817613,0.34553340256046106,0.3100258644004983,0.4116028808043821,0.30519027929400133,0.40462761469246,0.29821542207971663,0.29609894853621876,1.0,0.3303370561578073,0.4138736259168947,0.3988459109772452,0.7507266525696094,0.410373790961328,0.41203974357163453,0.42708670897543866,0.37594994574305907,0.3495278771156858,0.39956119247974553,0.38951158956146215,0.3040132549152573,0.3363307290322416,0.3581031257632914,0.28453136764186127,0.38902037068787587,0.0,0.4008053825364212,0.39757781981391893,0.316890570139044,0.7548176005127101,0.37725330896278053,0.267792526763597,0.39445338580154676,0.29047142416358207,0.38794226795171916,0.39204425746714644,0.3041674778612542,0.30374119843331515,0.31700845751637885,0.38249392290584117,0.3834061523532347,0.2992759622796224,0.34403403297588864
0.3390480059984219,0.42215367994193165,0.23184782187393715,0.28719031329236977,0.3818917834038372,0.42227347810252913,0.32707084155893484,0.2884168002951504,0.2971978179698025,0.27323661076269024,0.37897901379989873,0.29318614343918303,0.37903304343247557,0.26470554589692463,0.27512082383236125,0.3303370561578073,1.0,0.3676487333466355,0.3263206363980675,0.3289308435627599,0.3642837636273756,0.35889207912881216,0.3817295603282942,0.5568203524726496,0.554232749983967,0.4856617780018003,0.3708062648110445,0.2817505857339958,0.2940975783676787,0.29361820881413503,0.25078166955999215,0.44772656210885997,0.0,0.3904011824777379,0.44005160490281126,0.2659033006475472,0.3176676027775196,0.38068429230596124,0.35728395284406367,0.3825733633763925,0.25891147209265375,0.40069644865446385,0.37654374971329185,0.2828910546449518,0.2871639186135455,0.27434605051626815,0.4601079551528018,0.42965361737978114,0.2616987762862971,0.30419570777710425
0.36451527495720737,0.4673572280610978,0.2816704697886385,0.32151190294294474,0.45411609112081497,0.46153510122723806,0.4377680361825047,0.3247958514621233,0.3579055873453587,0.32692791995089965,0.5213503281375163,0.3155525410579746,0.5280664581689124,0.3182434129059979,0.31201931310983544,0.4138736259168947,0.3676487333466355,1.0,0.4976598227947199,0.4395585783109047,0.5489160254440861,0.5291686491105524,0.5648988885087618,0.43263729184047595,0.37579170692339103,0.4223075016048976,0.5323229217912562,0.3177717554735414,0.3542421297761852,0.36394386575459525,0.30338108704656674,0.48380951562334606,0.0,0.5175480646643267,0.4603782604711275,0.3344834644346436,0.40589315480212584,0.48839287515027097,0.2908458356084187,0.530373726157161,0.30335104068139207,0.46728125383336394,0.5230164710521337,0.319902027585374,0.31868008878525345,0.32695902406866495,0.46627604103105125,0.4684627805905123,0.31515489483888304,0.36240278732750175
0.32226093862654304,0.40383571400598617,0.24581470710821463,0.2787793464500673,0.4021489593082006,0.39915441926302675,0.389573448463469,0.2908446838052893,0.3053315010375013,0.2850863631448587,0.4425573765495928,0.2860890104295687,0.5079161006059023,0.2793069019350285,0.2754276201906596,0.3988459109772452,0.3263206363980675,0.4976598227947199,1.0,0.38811463808696833,0.4831241421771999,0.5150573361101034,0.4918183140802711,0.3731564808069058,0.3398426779652869,0.3624372213497916,0.46401882312660725,0.2843860836819643,0.31028247332301984,0.3131662949631989,0.2653267775058694,0.46985610787733356,0.0,0.4609529604875955,0.40849895141430437,0.2957038061848294,0.39029756378482905,0.4325966449657235,0.25509457243593603,0.4618483678294565,0.2675528608792529,0.4010081586347878,0.46074674406670457,0.28617259047421084,0.2856792149447446,0.28588325575114404,0.3953179299264309,0.3966543066729261,0.27387323210935677,0.31602761181424377
0.35547964911137087,0.40174155022496927,0.277742574143089,0.31250567950422714,0.3706130485351127,0.39671750689719654,0.8795507947021006,0.31314980191526554,0.351484456470157,0.31268050737096276,0.402673184718388,0.30581779174771384,0.40188067255513726,0.3055905639374946,0.30098188130464576,0.7507266525696094,0.3289308435627599,0.4395585783109047,0.38811463808696833,1.0,0.4341986171723947,0.40788480121163284,0.4453162441735704,0.37744324678604246,0.3388547161639299,0.36767705037272114,0.40458101300660265,0.3068636603162791,0.34192045265442217,0.35593688652388267,0.2924991076860991,0.38462487130949374,0.0,0.4098599212048575,0.4020117681952087,0.3222778134690383,0.7688132196189771,0.3789034442812288,0.27656330735018364,0.40807425057476066,0.2923613789018348,0.39228944031308943,0.40480981549610395,0.31041205712202935,0.30858459154755025,0.3224735285810689,0.3878031696677572,0.3898852910240058,0.3052452340846925,0.35190237300010574
0.35275437465815207,0.45249433679459583,0.27885482401959316,0.3124657687514597,0.4637185373878634,0.43471588105383296,0.4315337289459563,0.31405249554719705,0.34631548106036114,0.31790272335583614,0.5138104578902857,0.3099789740733081,0.5403283233681271,0.30754302724098626,0.30187614771128457,0.410373790961328,0.3642837636273756,0.5489160254440861,0.4831241421771999,0.4341986171723947,1.0,0.5319866842198442,0.5760256090412488,0.424578892548628,0.3733092912590532,0.4174351943417508,0.5399616181271689,0.3122582993187246,0.3360210007216756,0.3542051879812692,0.29482076137885016,0.49948496638078477,0.0,0.5354899773039243,0.45102828190677646,0.32319958627382517,0.4055172003823083,0.5015415392447278,0.28068114565014624,0.5447783541324733,0.2975870028179196,0.4406846511558977,0.5320015851148878,0.3142351381334505,0.31402560739771435,0.32650735202487324,0.4624559801899517,0.4651095036013022,0.3097536230359891,0.3513139911918035
0.3419902229196746,0.4370841516772809,0.2678574804577457,0.304460819657806,0.438186796928813,0.4573130512073377,0.4063988722864025,0.3077773247797223,0.3363650012220769,0.3073254752056753,0.5035066131608534,0.3045463406137153,0.5706896088414852,0.30318087885954015,0.2962641429033894,0.41203974357163453,0.35889207912881216,0.5291686491105524,0.5150573361101034,0.40788480121163284,0.5319866842198442,1.0,0.6910058416167524,0.4033035537393217,0.36257848970750495,0.41020063297521636,0.5204195151006337,0.30821123854669474,0.33434808261120186,0.3401781913239995,0.28876990775951195,0.4995897017951927,0.0,0.6201425410437407,0.43555467897507094,0.3090811447107834,0.3925550127092078,0.48466654032185597,0.2698650260592139,0.5212812461787544,0.286978604875175,0.43552706445949374,0.5247782933011941,0.306531919908574,0.3034810115842552,0.3149132204325904,0.43379860985898233,0.43562361525944004,0.2994515451305584,0.34448773807539224
0.37119728646099925,0.4688641675364721,0.28526988633421535,0.3313627301354174,0.4690039634417461,0.4604092576976557,0.44541927225709543,0.3303947845554245,0.3574944465166451,0.3244058230045087,0.5224175226555658,0.32156152303640906,0.5865397211922126,0.3233769301412156,0.3194066790527289,0.42708670897543866,0.3817295603282942,0.5648988885087618,0.4918183140802711,0.4453162441735704,0.5760256090412488,0.6910058416167524,1.0,0.43544354135337393,0.38571087474136523,0.421236960118728,0.5578582202198619,0.32615089511045925,0.3579048059536477,0.3603048452588564,0.30878369867479605,0.5185093194525234,0.0,0.6572424088683674,0.4648226387059299,0.3307425012258278,0.41735965386395635,0.5178941442519445,0.2924299470961651,0.5532062945030551,0.30962529184163734,0.4616738762797642,0.5527033470224452,0.32685060212605344,0.3245094025055789,0.3303941424430795,0.4598541673143901,0.4623222312359846,0.31838452580815557,0.3639688111390129
0.37026195208066304,0.5460457891147632,0.26467288317161164,0.3183862843517724,0.4323442426702506,0.5279513510645238,0.3754930887897254,0.3297212154940149,0.3396081137361816,0.31840639145922744,0.4457806416445972,0.32502201243274376,0.4497825416280845,0.2965208468772047,0.30279090364966543,0.37594994574305907,0.5568203524726496,0.43263729184047595,0.3731564808069058,0.37744324678604246,0.424578892548628,0.4033035537393217,0.43544354135337393,1.0,0.5767994404881633,0.5123589887466393,0.4339382577475882,0.31253031630331396,0.33039902122078046,0.34565023824238694,0.28563022843290387,0.45709346181849486,0.0,0.4323106375325163,0.5557469688079113,0.3029119234711638,0.35943766332170235,0.42548028956343087,0.347478482224458,0.4389202917285141,0.2991421979104536,0.4714683785603878,0.4329927014768866,0.31172679741139864,0.31921409656643107,0.3097912077102415,0.5006221333939509,0.4803130015393885,0.3026583809829253,0.3406231642439387
0.33769634830335693,0.4858197930044603,0.24038949979853919,0.2959286343687779,0.38637976407384866,0.4801718651814253,0.3387176108049501,0.29387414528071987,0.2994374174763914,0.28493401732150403,0.38955636973456476,0.300723598365376,0.37615354600566486,0.27107358911462187,0.27385989364785146,0.3495278771156858,0.554232749983967,0.37579170692339103,0.3398426779652869,0.3388547161639299,0.3733092912590532,0.36257848970750495,0.38571087474136523,0.5767994404881633,1.0,0.516252137245466,0.3740509986145807,0.281194383604066,0.2954890343018014,0.29556321805737906,0.2592858498873182,0.44528359535287343,0.0,0.37821030368454067,0.5023871869065653,0.2683104413423304,0.3308716541241893,0.3898628358743561,0.3401182238567583,0.3836399652996265,0.2687098863422729,0.4085346060797542,0.37956633956980257,0.2941846564100091,0.2914911055528868,0.2870503083655366,0.44996353870043926,0.4262370295988335,0.27858260696033166,0.3024700912900412
0.3431030945439778,0.48290585984618184,0.25940684208310594,0.3107058815044409,0.4346803738190582,0.4585017800929114,0.36813968809965103,0.3142857074093627,0.333772188226369,0.3116877550103383,0.45960113012159365,0.3158990524370331,0.43621698486859517,0.29507382454226183,0.2985206685042252,0.39956119247974553,0.4856617780018003,0.4223075016048976,0.3624372213497916,0.36767705037272114,0.4174351943417508,0.41020063297521636,0.421236960118728,0.5123589887466393,0.516252137245466,1.0,0.4161908245535282,0.29928518205115007,0.32157475961551074,0.3314646093862148,0.28249930632526943,0.4439681468447767,0.0,0.4096910847610209,0.491527518942234,0.2985413360121787,0.36492405145335294,0.42486598776311046,0.3049691392389272,0.4295490130067404,0.29279621769326347,0.46490113933058164,0.41772411408008103,0.31265530795103524,0.3103591948311618,0.3031334379238193,0.4803404778023349,0.47176586528350006,0.30398564476252055,0.329681112598768
0.3665198269977272,0.46726517599677675,0.28680757294656345,0.3242279725256475,0.4749378770684022,0.44186245233369836,0.401109925642378,0.3270442571118346,0.360648464225816,0.33085356196462035,0.5310087161343744,0.3169694685925124,0.5720556389034535,0.3229063016842022,0.31315183484862297,0.38951158956146215,0.3708062648110445,0.5323229217912562,0.46401882312660725,0.40458101300660265,0.5399616181271689,0.5204195151006337,0.5578582202198619,0.4339382577475882,0.3740509986145807,0.4161908245535282,1.0,0.32100690273528676,0.357060972050679,0.36617434767072143,0.30696814654314986,0.5194132252970387,0.0,0.5270781915369775,0.45553974137331565,0.32216279440193074,0.37859998273857387,0.5930573045538301,0.27732418725539,0.5725393422403331,0.30829603744263234,0.4656408826346282,0.6428037138353816,0.3280006543017602,0.3214067809403093,0.3365668146065801,0.4601422726430634,0.4631109828955575,0.32294350612808176,0.3634544783843142
0.33600165680523486,0.3398313885162123,0.2715636696463818,0.5702799719731445,0.31366317354533146,0.32300017701208494,0.3035096739051094,0.7172668542362364,0.3262637782904545,0.5491827001420014,0.3290479995258123,0.5320700890882815,0.3253286757195515,0.5565189291197497,0.5291001675716169,0.3040132549152573,0.2817505857339958,0.3177717554735414,0.2843860836819643,0.3068636603162791,0.3122582993187246,0.30821123854669474,0.32615089511045925,0.31253031630331396,0.281194383604066,0.29928518205115007,0.32100690273528676,1.0,0.3641099793897702,0.32950258661359955,0.5172759649701917,0.3176098922515195,0.0,0.3159572369325907,0.3164986774544437,0.4549681680456238,0.2880773739854081,0.3292643136162977,0.4445132431709409,0.32196627063992433,0.5294166332408711,0.317863282717458,0.3208847765603736,0.8146767750987334,0.7725302460910553,0.3449757866647307,0.3225981486900984,0.3218981881218568,0.5084535644582878,0.35751554899535776
0.39241307715205553,0.3660454240090868,0.3041071604474659,0.36031914597711046,0.3431682782158151,0.3515460973760055,0.3369114175623027,0.36523982997409166,0.38283039442342903,0.37206868461340703,0.35887921621386265,0.36675475512857136,0.3619139648538299,0.3569038104680615,0.3508777347944836,0.3363307290322416,0.2940975783676787,0.3542421297761852,0.31028247332301984,0.34192045265442217,0.3360210007216756,0.33434808261120186,0.3579048059536477,0.33039902122078046,0.2954890343018014,0.32157475961551074,0.357060972050679,0.3641099793897702,1.0,0.37716468120035285,0.3442497900353505,0.3423969366100007,0.0,0.34774170206396326,0.3473075385332487,0.3547514008481305,0.32114350049426976,0.35206033610755605,0.3084027454799749,0.35632761689052883,0.3391514670506013,0.34318579678033256,0.3568393962931573,0.3591154390506168,0.35892068306964864,0.432612509069222,0.34490531597964813,0.3474128769821928,0.3509768956825352,0.6258468082678543
0.4338533512488557,0.36702259405292825,0.31304796054638917,0.3361516150695818,0.3494462123284363,0.34739399952611627,0.3505403481606969,0.33465591877343526,0.45588711460374187,0.3425494747895198,0.37252566675893695,0.3268898872557022,0.3752462017107735,0.3236657735073879,0.3212871378515214,0.3581031257632914,0.29361820881413503,0.36394386575459525,0.3131662949631989,0.35593688652388267,0.3542051879812692,0.3401781913239995,0.3603048452588564,0.34565023824238694,0.29556321805737906,0.3314646093862148,0.36617434767072143,0.32950258661359955,0.37716468120035285,1.0,0.31334355775959355,0.3386483021532266,0.0,0.3504884334801358,0.355846100281228,0.32764318600170983,0.338451142181212,0.3522939228112161,0.2826411961634838,0.3756984234740326,0.32093331427528327,0.3565654383848359,0.36739690695979155,0.32935371892814225,0.3264093032661919,0.37098162768973797,0.36384640363108844,0.36547481097542756,0.3238038552531599,0.39281645077784655
0.3074548792588899,0.317447972889323,0.2537666211566375,0.5367727899850847,0.3027514147783952,0.29998069996078425,0.2884484322837012,0.5034904210724329,0.31704561359924,0.5494822635368322,0.31135502695704187,0.4856724191315176,0.3109045580759754,0.527908436776646,0.5219805111640119,0.28453136764186127,0.25078166955999215,0.30338108704656674,0.2653267775058694,0.2924991076860991,0.29482076137885016,0.28876990775951195,0.30878369867479605,0.28563022843290387,0.2592858498873182,0.28249930632526943,0.30696814654314986,0.5172759649701917,0.3442497900353505,0.31334355775959355,1.0,0.2941761198296413,0.0,0.2952797615119449,0.29672118390464497,0.4395145286507175,0.27611503536273363,0.29822617418202013,0.3993676724301448,0.30722351593364794,0.6481549319239952,0.3012754205925421,0.3039955478059325,0.5142693416268111,0.5055396931733847,0.3311563763411156,0.30477776100020637,0.3067240456535756,0.478683639812126,0.3407231296220462
0.35562414812789167,0.4430476878765146,0.27225394136646885,0.3264432866246061,0.47633439271955447,0.44245806927751674,0.3822071366679748,0.3267070434640511,0.3373639819534786,0.31412596528793246,0.4880762011005907,0.31791787852201825,0.531578491556492,0.3127828163659967,0.31478729143648876,0.38902037068787587,0.44772656210885997,0.48380951562334606,0.46985610787733356,0.38462487130949374,0.49948496638078477,0.4995897017951927,0.5185093194525234,0.45709346181849486,0.44528359535287343,0.4439681468447767,0.5194132252970387,0.3176098922515195,0.3423969366100007,0.3386483021532266,0.2941761198296413,1.0,0.0,0.495437112145821,0.4404192521337401,0.3033074058767773,0.38358337596409153,0.514431117131928,0.30255026491546133,0.5202401908682409,0.29893559115733903,0.44648852578684484,0.5305277471596459,0.31859039258923993,0.3217200473098806,0.3149052050674853,0.4626042403973968,0.4574860424012912,0.2987437047684889,0.34235067429491395
0.0,0.0,0.0,0.0,0.0,0.0,0.0,0.0,0.0,0.0,0.0,0.0,0.0,0.0,0.0,0.0,0.0,0.0,0.0,0.0,0.0,0.0,0.0,0.0,0.0,0.0,0.0,0.0,0.0,0.0,0.0,0.0,1.0,0.0,0.0,0.0,0.0,0.0,0.0,0.0,0.0,0.0,0.0,0.0,0.0,0.0,0.0,0.0,0.0,0.0
0.3630493027302897,0.45558046318351786,0.28213506308105396,0.3130943438224645,0.4626502553335624,0.4528380072622379,0.4083769194225232,0.3241507290038038,0.34916690486104174,0.31723539950033997,0.5101125837442789,0.31473748518713696,0.5625055620226711,0.3087192230479179,0.3071424992662466,0.4008053825364212,0.3904011824777379,0.5175480646643267,0.4609529604875955,0.4098599212048575,0.5354899773039243,0.6201425410437407,0.6572424088683674,0.4323106375325163,0.37821030368454067,0.4096910847610209,0.5270781915369775,0.3159572369325907,0.34774170206396326,0.3504884334801358,0.2952797615119449,0.495437112145821,0.0,1.0,0.4529667104465023,0.3342525516889717,0.38768734847248054,0.500557514765307,0.31018584800512095,0.5307748732397715,0.298329529180018,0.4553804946156206,0.5416425681823609,0.31583806507161716,0.3194700590311329,0.31802921868907685,0.4540064538994213,0.4556357032923869,0.3076594595575711,0.3549001573691155
0.36315683117066644,0.5777468153879985,0.27576005320434793,0.31967688707023745,0.4316089432200585,0.5540778598046289,0.40052336846371206,0.32505428475634546,0.34913889711664536,0.32161339430540814,0.4679626845329492,0.32210343783278894,0.4615660725274643,0.30946238567810347,0.30730334883821675,0.39757781981391893,0.44005160490281126,0.4603782604711275,0.40849895141430437,0.4020117681952087,0.45102828190677646,0.43555467897507094,0.4648226387059299,0.5557469688079113,0.5023871869065653,0.491527518942234,0.45553974137331565,0.3164986774544437,0.3473075385332487,0.355846100281228,0.29672118390464497,0.4404192521337401,0.0,0.4529667104465023,1.0,0.31931278201032753,0.3772214033229663,0.4396722036116246,0.2903866378644243,0.46421766381295804,0.2989002035251421,0.49269608895063965,0.46178449200850447,0.31782331920280826,0.3194505680718367,0.3241176756311456,0.49787808246985155,0.4975028138440567,0.31217929642797704,0.3509059887636682
0.3285014113313256,0.3251005942146855,0.2667735736717952,0.45889297580515187,0.3025908253144527,0.3212169625056214,0.3206066489688355,0.4554776923049755,0.33199233098230296,0.4726162087013389,0.3315666932088466,0.44409069933196144,0.3190894459184511,0.45325460072713786,0.44291801019076027,0.316890570139044,0.2659033006475472,0.3344834644346436,0.2957038061848294,0.3222778134690383,0.32319958627382517,0.3090811447107834,0.3307425012258278,0.3029119234711638,0.2683104413423304,0.2985413360121787,0.32216279440193074,0.4549681680456238,0.3547514008481305,0.32764318600170983,0.4395145286507175,0.3033074058767773,0.0,0.3342525516889717,0.31931278201032753,1.0,0.2999105478162861,0.31182810526461757,0.41988350262143337,0.33050447544516837,0.442578173810908,0.3179184661108435,0.3225433845812987,0.45562536043303725,0.4557807066334194,0.3376468622294476,0.3132993816083234,0.31573711544179095,0.4527371886390319,0.360857305762066
0.33188730078001527,0.3728336669116512,0.2586092309594453,0.29262335598669753,0.3622279126991581,0.3819355261731445,0.7636956421620676,0.29514629841886353,0.32798233515510344,0.29461910889108633,0.38533176958449133,0.2846075409894191,0.3901573488783031,0.28457371341000737,0.2858493182630514,0.7548176005127101,0.3176676027775196,0.40589315480212584,0.39029756378482905,0.7688132196189771,0.4055172003823083,0.3925550127092078,0.41735965386395635,0.35943766332170235,0.3308716541241893,0.36492405145335294,0.37859998273857387,0.2880773739854081,0.32114350049426976,0.338451142181212,0.27611503536273363,0.38358337596409153,0.0,0.38768734847248054,0.3772214033229663,0.2999105478162861,1.0,0.3583265126025268,0.260002635252951,0.37458824109545985,0.276401910994556,0.3727225989804198,0.38171041018584184,0.2885873873904602,0.28709785559744905,0.2991973672816285,0.36457521499853274,0.3643865019703315,0.2806487032648116,0.3301197785042631
0.37098999289822043,0.4668469576709774,0.28049539933695466,0.31799339859135134,0.49597954617636464,0.4446593863704471,0.37447502096018637,0.3363998366630332,0.3459847758997028,0.3240344278752828,0.5108190278519278,0.32126048695943865,0.5301982638858815,0.31833789257339984,0.31022075991372666,0.37725330896278053,0.38068429230596124,0.48839287515027097,0.4325966449657235,0.3789034442812288,0.5015415392447278,0.48466654032185597,0.5178941442519445,0.42548028956343087,0.3898628358743561,0.42486598776311046,0.5930573045538301,0.3292643136162977,0.35206033610755605,0.3522939228112161,0.29822617418202013,0.514431117131928,0.0,0.500557514765307,0.4396722036116246,0.31182810526461757,0.3583265126025268,1.0,0.29721220888868416,0.5415028368382008,0.3057877959183929,0.45183932553195716,0.628050494881687,0.3324567962161372,0.3251228336477231,0.32508188411036476,0.46764513744831016,0.4671478645739403,0.31956571547864876,0.35397263667151146
0.3183436585487417,0.2858209022873255,0.23380278037169733,0.43362194698489676,0.29131765510738006,0.30364389958029747,0.2756371756940921,0.4374578502330132,0.28996536904014336,0.4386636964032187,0.2936524198589441,0.43617711300633555,0.28365098602081673,0.4188905705777092,0.41849810664870046,0.267792526763597,0.35728395284406367,0.2908458356084187,0.25509457243593603,0.27656330735018364,0.28068114565014624,0.2698650260592139,0.2924299470961651,0.347478482224458,0.3401182238567583,0.3049691392389272,0.27732418725539,0.4445132431709409,0.3084027454799749,0.2826411961634838,0.3993676724301448,0.30255026491546133,0.0,0.31018584800512095,0.2903866378644243,0.41988350262143337,0.260002635252951,0.29721220888868416,1.0,0.29082497887428893,0.4164564106338907,0.29040624747171173,0.2871808007206481,0.44172764282127785,0.4502951758484781,0.2940004494051669,0.3125279980259439,0.29414167670424074,0.4104767446462164,0.31264029155522977
0.3724752805763897,0.47235239432433795,0.2939776935006382,0.3240512934004982,0.4908169290802392,0.4491658445657437,0.4025791862768333,0.33034655317249073,0.36401444664367555,0.33600307734105106,0.5500579125728378,0.3216510490888047,0.5716352541028363,0.3211758555640656,0.3169367033725421,0.39445338580154676,0.3825733633763925,0.530373726157161,0.4618483678294565,0.40807425057476066,0.5447783541324733,0.5212812461787544,0.5532062945030551,0.4389202917285141,0.3836399652996265,0.4295490130067404,0.5725393422403331,0.32196627063992433,0.35632761689052883,0.3756984234740326,0.30722351593364794,0.5202401908682409,0.0,0.5307748732397715,0.46421766381295804,0.33050447544516837,0.37458824109545985,0.5415028368382008,0.29082497887428893,1.0,0.30934712818361965,0.4693364785682147,0.5775945186764468,0.3235600569157262,0.32495684426422433,0.34025746007882784,0.48775755666412146,0.48907140343343525,0.3232194083852835,0.3706538125361797
