../ecoli_genomes/GCF_000163235.1_ASM16323v1_genomic.fna.gz,../ecoli_genomes/GCF_000164555.1_ASM16455v1_genomic.fna.gz,../ecoli_genomes/GCF_000208545.1_ASM20854v2_genomic.fna.gz,../ecoli_genomes/GCF_000233875.1_ASM23387v1_genomic.fna.gz,../ecoli_genomes/GCF_000249735.1_ASM24973v2_genomic.fna.gz,../ecoli_genomes/GCF_000261145.1_Esch_coli_M919_V2_genomic.fna.gz,../ecoli_genomes/GCF_000267705.2_ASM26770v2_genomic.fna.gz,../ecoli_genomes/GCF_000350665.1_Esch_coli_KTE5_V1_genomic.fna.gz,../ecoli_genomes/GCF_000351625.1_Esch_coli_KTE66_V1_genomic.fna.gz,../ecoli_genomes/GCF_000352285.1_Esch_coli_KTE46_V1_genomic.fna.gz,../ecoli_genomes/GCF_000358895.1_ASM35889v1_genomic.fna.gz,../ecoli_genomes/GCF_000456385.1_Esch_coli_HVH_26_4-5703913_V1_genomic.fna.gz,../ecoli_genomes/GCF_000458195.1_Esch_coli_HVH_147_4-5893887_V1_genomic.fna.gz,../ecoli_genomes/GCF_000459755.1_Esch_coli_KOEGE_58_171a_V1_genomic.fna.gz,../ecoli_genomes/GCF_000460055.1_Esch_coli_UMEA_3053-1_V1_genomic.fna.gz,../ecoli_genomes/GCF_000462165.2_ASM46216v2_genomic.fna.gz,../ecoli_genomes/GCF_000601135.1_ASM60113v1_genomic.fna.gz,../ecoli_genomes/GCF_000614595.1_Ec2010EL1058_genomic.fna.gz,../ecoli_genomes/GCF_000617745.1_Ec2010C-4529_genomic.fna.gz,../ecoli_genomes/GCF_000618265.2_EcF6751_genomic.fna.gz,../ecoli_genomes/GCF_000619005.2_Ec2009C-4052_genomic.fna.gz,../ecoli_genomes/GCF_000619105.1_Ec2009C-4780_genomic.fna.gz,../ecoli_genomes/GCF_000619765.2_Ec2009C-3279_genomic.fna.gz,../ecoli_genomes/GCF_000687005.1_ASM68700v1_genomic.fna.gz,../ecoli_genomes/GCF_000687025.1_ASM68702v1_genomic.fna.gz,../ecoli_genomes/GCF_000700125.1_ASM70012v1_genomic.fna.gz,../ecoli_genomes/GCF_000753315.1_FHI35_genomic.fna.gz,../ecoli_genomes/GCF_000776375.1_ASM77637v1_genomic.fna.gz,../ecoli_genomes/GCF_000779395.1_ASM77939v1_genomic.fna.gz,../ecoli_genomes/GCF_000780315.1_ASM78031v1_genomic.fna.gz,../ecoli_genomes/GCF_000781995.1_ASM78199v1_genomic.fna.gz,../ecoli_genomes/GCF_000986765.1_ASM98676v1_genomic.fna.gz,../ecoli_genomes/GCF_001041375.1_ViralProj287958_genomic.fna.gz,../ecoli_genomes/GCF_001265335.1_302014_genomic.fna.gz,../ecoli_genomes/GCF_001265625.1_100854_genomic.fna.gz,../ecoli_genomes/GCF_001267345.1_303289_genomic.fna.gz,../ecoli_genomes/GCF_001309985.1_ASM130998v1_genomic.fna.gz,../ecoli_genomes/GCF_001521695.1_ASM152169v1_genomic.fna.gz,../ecoli_genomes/GCF_001592595.1_ASM159259v1_genomic.fna.gz,../ecoli_genomes/GCF_001614975.1_ASM161497v1_genomic.fna.gz,../ecoli_genomes/GCF_001692775.1_ASM169277v1_genomic.fna.gz,../ecoli_genomes/GCF_001748915.1_ASM174891v1_genomic.fna.gz,../ecoli_genomes/GCF_001749235.1_ASM174923v1_genomic.fna.gz,../ecoli_genomes/GCF_001881155.1_ASM188115v1_genomic.fna.gz,../ecoli_genomes/GCF_001881345.1_ASM188134v1_genomic.fna.gz,../ecoli_genomes/GCF_001892405.1_ASM189240v1_genomic.fna.gz,../ecoli_genomes/GCF_001892585.1_ASM189258v1_genomic.fna.gz,../ecoli_genomes/GCF_001893985.1_ASM189398v1_genomic.fna.gz,../ecoli_genomes/GCF_002001595.1_ASM200159v1_genomic.fna.gz,../ecoli_genomes/GCF_002002145.1_ASM200214v1_genomic.fna.gz
1.0,0.3277694043001481,0.2537803039372861,0.2828636178011109,0.30310370741515213,0.3066964454228055,0.30141104079642256,0.29507761475482663,0.3985399755536767,0.3006320003203593,0.3212660548918209,0.2957189599267376,0.31116669671757813,0.2787874347657765,0.26691872205079403,0.303445488079627,0.267502786510038,0.30448202763821697,0.2797750185867268,0.302777761851575,0.29501444589752546,0.29613305892667163,0.31075662222846434,0.30209337193735997,0.27986000838314307,0.3047396331913257,0.3084809186690566,0.28455852842006024,0.3413212544785399,0.3876694690747643,0.26168369988119733,0.3045829905311279,0.0,0.30836628505911845,0.3084963630383525,0.28156738854405017,0.28540932144487174,0.3175598585782201,0.21002372025232163,0.31658169012171056,0.2676498526955049,0.3057444921361494,0.31308375932532095,0.288391163661719,0.2970334542503419,0.31765659502602317,0.3074947801688227,0.3072568288259372,0.2757564033577058,0.34322383632496056
0.3277694043001481,1.0,0.23144863537325533,0.2781633194964984,0.4046486704926189,0.545451596086819,0.3412475846444144,0.2859899094350029,0.3022699644879504,0.29031200985915173,0.4244428294792979,0.2904382136861966,0.4240594776099875,0.2698938240316978,0.26196253924070845,0.34488138229231424,0.37617204560503503,0.4194419522857009,0.37720337008844906,0.3435136445221906,0.40424221562352447,0.3819268354743144,0.414765364454876,0.5092519923220201,0.4590101171204335,0.4810903638806381,0.41786447846595753,0.27939286906869243,0.3087943560965648,0.306851709272395,0.2590134687436183,0.4073297557165547,0.0,0.4038462516029453,0.5720550482054271,0.2649093820572157,0.32479628378395553,0.43021630049634596,0.16372386046023768,0.4229529280592361,0.26541587829725266,0.47938283820876404,0.42411752830051863,0.28745744993195554,0.2865695665011121,0.2871313839594971,0.47822717214183597,0.4791087203448803,0.2796373581822853,0.30851586600886516
0.2537803039372861,0.23144863537325533,1.0,0.20794037251641584,0.20996975476001156,0.21253512050810497,0.2150640577382512,0.21771487095459474,0.24911796996268964,0.21596400955534967,0.2281852445057243,0.21113525259809096,0.21991737854242488,0.20673986793937038,0.19999846514660058,0.21700800563433797,0.1710587083584192,0.21928259344206558,0.19964029289132512,0.21666226708825054,0.2157592093719548,0.2045091543966805,0.21918292479017765,0.1965096647341833,0.18491669363867613,0.21024087580340134,0.21871207630931622,0.21596878545214404,0.247227186844584,0.25194052479200724,0.19732702468307262,0.21240858102876548,0.0,0.2168994631752429,0.21574236529782376,0.21225285167513397,0.20235670259786565,0.2208631913829494,0.1282986053188362,0.22407556705244747,0.20201920609528734,0.22032164213385474,0.2254867343707262,0.21842711258152792,0.2152928931255852,0.23143922516162074,0.22498108809650885,0.22513288002768683,0.21583316149681464,0.2487522896255353
0.2828636178011109,0.2781633194964984,0.20794037251641584,1.0,0.27395909912854643,0.2678687837890371,0.2570797361278798,0.4987921778677783,0.2845096357405438,0.5187384104527755,0.2668463546778007,0.5104828035909835,0.2741115154110786,0.5433025878960154,0.5575003143592455,0.2638540124637123,0.2264156640077627,0.2667779135557766,0.24306825885986294,0.25829521393534227,0.257903664271829,0.24982850812383228,0.2727437427599777,0.2531043738862375,0.23523880560352473,0.26305329582073167,0.2647139792363158,0.520915333813016,0.30829223014837415,0.2716973193107266,0.48935163298626305,0.27980015290844873,0.0,0.25848230230517244,0.25763153990068577,0.4195206498549633,0.2458547027255904,0.2655893400699523,0.2894533172313505,0.26673637972034936,0.5168101581003866,0.2617189930308762,0.26790035488798025,0.519252371440371,0.5091003688831366,0.2973828769851631,0.26446814849863165,0.26515006414802345,0.4545528373657184,0.31729689005076755
0.30310370741515213,0.4046486704926189,0.20996975476001156,0.27395909912854643,1.0,0.4067499632879714,0.3254054607106922,0.27981296231487485,0.2930660739284574,0.28521419336355713,0.5288847603648703,0.27611307564341026,0.47799002364826937,0.26768482713779196,0.2672047454887859,0.34278562122123846,0.33474151726396284,0.4300462724791857,0.3957473611157213,0.32901417559999013,0.44651381732275963,0.40269470181497713,0.438751521403243,0.3822271941662143,0.3396228020590015,0.4023563596275286,0.4498668262857377,0.26164492044653953,0.29209402465399703,0.2987969981384966,0.2508267020048194,0.4492418609404477,0.0,0.44082819880995805,0.40174102202641704,0.26020204625369237,0.3162892418233544,0.46111980919583795,0.17704545568566998,0.45810562354689366,0.2696716414802435,0.40965207892481525,0.46630010490361007,0.2639207860552204,0.2686253275366586,0.27667458792781363,0.4243164570511774,0.4259456707256375,0.2612764952020984,0.2933491181999246
0.3066964454228055,0.545451596086819,0.21253512050810497,0.2678687837890371,0.4067499632879714,1.0,0.343704049836593,0.28040652002044664,0.29212978395370737,0.27319767120342553,0.4148750959067182,0.2706001664452925,0.412096759348082,0.2601869925538398,0.25182085183565794,0.34790328265898063,0.3712937905378536,0.41611063053453645,0.3843224335892613,0.3434114532531827,0.39383970010322555,0.42584912222684523,0.4101175805728322,0.4903772125802659,0.46330613853330593,0.4563858169536774,0.399481146683786,0.2625296664076803,0.30099719918299206,0.28893581447411176,0.2472190836934114,0.4089367992605456,0.0,0.4092074942369478,0.5499265150730955,0.270913502725466,0.325936336560144,0.41408494298259135,0.18075139560399922,0.4143370216841339,0.2574647786859213,0.470186767359677,0.40874960874287314,0.26581752843564643,0.2695780265608536,0.2823580452680293,0.46801403457803914,0.4693093333845776,0.25689901268155957,0.30487777770050206
0.30141104079642256,0.3412475846444144,0.2150640577382512,0.2570797361278798,0.3254054607106922,0.343704049836593,1.0,0.2586144210840946,0.299657746630109,0.2617622600643593,0.35203227930561165,0.2560119205798329,0.35064987012846294,0.24984766563414407,0.24282882462808553,0.7738241529785879,0.2684821164519341,0.37540410564095983,0.33925389485923807,0.8555589777940771,0.3713581816787558,0.3478529120062619,0.3803953430431877,0.3205521423923916,0.2845444706290666,0.33444175861028047,0.35393988759909567,0.2507088094297606,0.29212693835757086,0.29591171762418755,0.23809896458333302,0.3322326841821789,0.0,0.3531816944100482,0.35068324635481285,0.2664435784032966,0.7772969396875427,0.3373963300768211,0.1627680285775136,0.3488340613129053,0.2396771337025838,0.3478327886904591,0.3524282910239155,0.2541566738406982,0.2510741519816231,0.27065831025056997,0.33662020429245243,0.33651760282104337,0.25015852711190256,0.2960046328233402
0.29507761475482663,0.2859899094350029,0.21771487095459474,0.4987921778677783,0.27981296231487485,0.28040652002044664,0.2586144210840946,1.0,0.28397030976117243,0.5074986577574018,0.27782946530970243,0.4983156425052795,0.2779222040145216,0.4885333021986886,0.47527763976222726,0.26265082093931735,0.24594222113835906,0.2671591557251791,0.248019845086774,0.26011933752251026,0.2608988987680875,0.25682609335925966,0.2720102204649151,0.27597141957649873,0.2461424523481197,0.2758339599699534,0.2712584453324107,0.695244591608533,0.3166867050908049,0.27763960555632117,0.461325214111728,0.277598026866247,0.0,0.2712066594336414,0.2671338243274326,0.4178698208219528,0.24510249208437196,0.28667885152553496,0.29710588305652474,0.27916546824364086,0.4770943728773527,0.27017784962760505,0.2788783536573185,0.7073593275380905,0.6790280873898598,0.30292090417072215,0.27017784962760505,0.27033578176319606,0.45085107766590926,0.3139475675448805
0.3985399755536767,0.3022699644879504,0.24911796996268964,0.2845096357405438,0.2930660739284574,0.29212978395370737,0.299657746630109,0.28397030976117243,1.0,0.2938751632066662,0.31318814722799715,0.2788380753515771,0.31285534318028574,0.28303230286126313,0.2746980417454217,0.30509159354040083,0.23283684391834802,0.30159630804190496,0.27336017017561254,0.3038310562547535,0.29891899523333265,0.2864124537710989,0.307251005605666,0.2785420582030782,0.24255112222963593,0.2875086326950892,0.30925530605064455,0.27733927489387844,0.3378207906619235,0.40547634385238296,0.2660031369853383,0.2905433026436204,0.0,0.3002565210031899,0.2967519802036228,0.29024083055128136,0.2874734367626539,0.30330007886598953,0.17608604240201653,0.31244010267219324,0.2711966682718314,0.3005677379215249,0.3151081545760841,0.2792316846719429,0.27374929537518566,0.31158840125654597,0.2983887444475479,0.29882749764663064,0.2740315795892727,0.3471502236172562
0.3006320003203593,0.29031200985915173,0.21596400955534967,0.5187384104527755,0.28521419336355713,0.27319767120342553,0.2617622600643593,0.5074986577574018,0.2938751632066662,1.0,0.28870005040628377,0.4934092594477971,0.287201607023983,0.5070947023053585,0.49623219194674184,0.27124217505874704,0.21443459885058958,0.2733727502534302,0.24917246931375547,0.265277149082652,0.26568577850333963,0.2556437459580859,0.27015680744895776,0.25785029364787126,0.23294779902741303,0.2680955848138237,0.27399611680074076,0.5046149736476886,0.3166413830799837,0.28550851381631515,0.5056875378142551,0.270701407719802,0.0,0.26470983808530646,0.26601004137941475,0.44144457477409327,0.2500384510924998,0.27618380947534427,0.28905595230766934,0.27933745572631974,0.5224505315397283,0.2721302861141951,0.2767862824293468,0.5093272258962684,0.5084146279388977,0.3001418517623804,0.2714464596069327,0.27174728274033877,0.4760303089349236,0.31692472062774046
0.3212660548918209,0.4244428294792979,0.2281852445057243,0.2668463546778007,0.5288847603648703,0.4148750959067182,0.35203227930561165,0.27782946530970243,0.31318814722799715,0.28870005040628377,1.0,0.26815794406058246,0.5222155818119945,0.2662537465394359,0.2568648509350775,0.35989365683871766,0.31741602667575186,0.48711853438492614,0.4350208731656011,0.3556846034521862,0.4859708014131765,0.47008842543187124,0.49089335845968474,0.3936897943260824,0.34240515938929006,0.4183312983618154,0.49985152836151914,0.2701019223019011,0.3040910268172444,0.31611690191702124,0.2570875218917881,0.45141809664380983,0.0,0.475649000739245,0.42916519925774843,0.28146449954735764,0.33948134178406,0.4923514869220742,0.1736617726636196,0.5143578568850241,0.26104905970467074,0.4357271340168567,0.5077706748924081,0.27342640823947006,0.2756610134901408,0.28400729821193604,0.4340895319704742,0.43462931842187713,0.2719714043458116,0.30770928046656587
0.2957189599267376,0.2904382136861966,0.21113525259809096,0.5104828035909835,0.27611307564341026,0.2706001664452925,0.2560119205798329,0.4983156425052795,0.2788380753515771,0.4934092594477971,0.26815794406058246,1.0,0.2725903085335878,0.5000687406211619,0.6100968540815171,0.262684920277681,0.2500687165420292,0.2610524392923598,0.24236654926835444,0.25518996502132574,0.25814218608329964,0.2564110564580736,0.2674375515500401,0.27052290880189456,0.25129988840313755,0.2735280311674513,0.26375955721008193,0.4890733091824626,0.3131339709711405,0.2774614365068645,0.44539174949027305,0.27453899600501064,0.0,0.2655254030497577,0.2644349955062423,0.4078249235922098,0.24347873262922104,0.27211098537433,0.30260751520027407,0.2712911485127908,0.46872694842723706,0.26331394061590785,0.27288897811065704,0.5017289354131758,0.5009217919167692,0.3019502338754926,0.27119785637042937,0.27018855906852246,0.4375175369390121,0.30975879662182915
0.31116669671757813,0.4240594776099875,0.21991737854242488,0.2741115154110786,0.47799002364826937,0.412096759348082,0.35064987012846294,0.2779222040145216,0.31285534318028574,0.287201607023983,0.5222155818119945,0.2725903085335878,1.0,0.2624876037478794,0.2649424970652201,0.3651523595119378,0.3216599084876497,0.499642550328007,0.4980396286773635,0.3534460513605193,0.5178865523336363,0.5305431510729218,0.5587846448844727,0.38870017398436685,0.33063476718437634,0.40744325913415536,0.5379220138157979,0.26636298156053306,0.30072607944672647,0.31799751451738023,0.2527591851762958,0.5055050360600251,0.0,0.5375585662980152,0.4250051654039544,0.266262823448407,0.34414315934999173,0.5091981657647332,0.16575464364292603,0.5441122338780163,0.26358289550490455,0.4317082104770972,0.534178127786094,0.26613417687435525,0.2632281114347065,0.28084559254479846,0.4309237216668086,0.43112887640062325,0.26523568753516613,0.30529401307412085
0.2787874347657765,0.2698938240316978,0.20673986793937038,0.5433025878960154,0.26768482713779196,0.2601869925538398,0.24984766563414407,0.4885333021986886,0.28303230286126313,0.5070947023053585,0.2662537465394359,0.5000687406211619,0.2624876037478794,1.0,0.5354194738544658,0.2551718260675069,0.20252693786341114,0.26157790633579514,0.2373644680889282,0.2529271267982731,0.24900759416112472,0.24706356761228376,0.26380403674133024,0.2361582806426109,0.21516881472440785,0.2504834920089679,0.2608186645219571,0.515081960007265,0.31435230342080733,0.2681299951868654,0.49001066228081425,0.26107708639017524,0.0,0.2548820038313674,0.2543185865792653,0.42066906556815353,0.23864852518192747,0.2647582581757726,0.2713273719920858,0.26285489743040824,0.501878526609008,0.2584594963080782,0.26487000011819795,0.5116028504435901,0.4997789356629595,0.2969237084925038,0.25977261129264806,0.26045566414501253,0.45774808401297795,0.3159917727809056
0.26691872205079403,0.26196253924070845,0.19999846514660058,0.5575003143592455,0.2672047454887859,0.25182085183565794,0.24282882462808553,0.47527763976222726,0.2746980417454217,0.49623219194674184,0.2568648509350775,0.6100968540815171,0.2649424970652201,0.5354194738544658,1.0,0.2508142068967294,0.20713764618463593,0.2536386027163713,0.22598685972251087,0.2460622700593318,0.24593674460226234,0.2376854769027793,0.2601906090269348,0.2393951891323688,0.21364842134177642,0.24761970966406865,0.25266328408384586,0.4870874752134743,0.2990141957884125,0.2642929929051807,0.48068004351044036,0.26244442188928985,0.0,0.24839993858008103,0.24931874071152094,0.4050224170212313,0.23366982230956546,0.25587247513299194,0.2710757450464335,0.2546126371160321,0.5053125543894629,0.24985903054278036,0.2596010670828125,0.48898952268339424,0.4798238958660547,0.2932763503460343,0.2559089724477077,0.25643983770600465,0.4352646960389732,0.31282560896300804
0.303445488079627,0.34488138229231424,0.21700800563433797,0.2638540124637123,0.34278562122123846,0.34790328265898063,0.7738241529785879,0.26265082093931735,0.30509159354040083,0.27124217505874704,0.35989365683871766,0.262684920277681,0.3651523595119378,0.2551718260675069,0.2508142068967294,1.0,0.2711206833628689,0.36924489513394376,0.3351408049363571,0.7879410513899683,0.3632062198137761,0.34625073769490056,0.37273313163036115,0.3208681275621369,0.2852372155300569,0.34065419399520724,0.3526751869590735,0.2544425672434717,0.29627698660254065,0.30556519800948745,0.24340157746992885,0.3376588436386144,0.0,0.349923403552023,0.347643998605106,0.2662252365153569,0.7401165861417398,0.34245364191288286,0.159506953197889,0.3498456535579535,0.24918711797496795,0.34912281607713413,0.35302928031092484,0.2554723495700547,0.25539856674995665,0.2761375292014867,0.34271405849113135,0.3427499494396562,0.2563696225475498,0.300040581343747
0.267502786510038,0.37617204560503503,0.1710587083584192,0.2264156640077627,0.33474151726396284,0.3712937905378536,0.2684821164519341,0.24594222113835906,0.23283684391834802,0.21443459885058958,0.31741602667575186,0.2500687165420292,0.3216599084876497,0.20252693786341114,0.20713764618463593,0.2711206833628689,1.0,0.31122973471865334,0.28358759292159186,0.2656691937558088,0.3080015629640045,0.29692414268015577,0.31777557464826356,0.5190150102071925,0.5292797054739188,0.4930084686443672,0.31324840326200787,0.2110387658832602,0.2327760173779968,0.23081533202698734,0.19218019114447749,0.39687591144616596,0.0,0.337932635483416,0.38279498408433654,0.21415900992723746,0.2603941264559282,0.31438812565669505,0.3090695150456183,0.33057469516096116,0.20015642801587052,0.3517223709112016,0.3198486937085917,0.23912817871618475,0.2427941028280849,0.23398195922428178,0.4032804024218444,0.3927350314398601,0.202025941619574,0.23100225554189135
0.30448202763821697,0.4194419522857009,0.21928259344206558,0.2667779135557766,0.4300462724791857,0.41611063053453645,0.37540410564095983,0.2671591557251791,0.30159630804190496,0.2733727502534302,0.48711853438492614,0.2610524392923598,0.499642550328007,0.26157790633579514,0.2536386027163713,0.36924489513394376,0.31122973471865334,1.0,0.4917724573267557,0.37589846224593004,0.5154647179269001,0.48093967461221654,0.5195562330773855,0.3800384083472428,0.3307840397821984,0.398285742224739,0.5002469368497755,0.26307933141069506,0.29483668506257843,0.3070531754600959,0.251003982816129,0.4555694064448319,0.0,0.4840863844833606,0.42440925237245186,0.2789700340164981,0.35981721016633705,0.4660872976853754,0.16963115744723367,0.494100810737916,0.252125445980926,0.4287808834815241,0.48792173360461255,0.26362319137615897,0.2600000077600815,0.2736837725054978,0.4233250109262293,0.42306143542737085,0.25667162832822477,0.30132023843828437
0.2797750185867268,0.37720337008844906,0.19964029289132512,0.24306825885986294,0.3957473611157213,0.3843224335892613,0.33925389485923807,0.248019845086774,0.27336017017561254,0.24917246931375547,0.4350208731656011,0.24236654926835444,0.4980396286773635,0.2373644680889282,0.22598685972251087,0.3351408049363571,0.28358759292159186,0.4917724573267557,1.0,0.33881645791021553,0.4724814015177927,0.4845409740109575,0.47268090682719743,0.3462352161515342,0.30546077283674145,0.35462963540303016,0.4558198967662792,0.23868698826640256,0.27272989186803887,0.2757279918099027,0.2269493119615238,0.4488234201206712,0.0,0.44305444254742665,0.3885583371994389,0.2544722441852534,0.3210597647343796,0.43086969652633456,0.15982339669982326,0.45790974154924013,0.2293137190693303,0.3840429400317983,0.4466675739484737,0.24228477149151662,0.2416175581624982,0.2551798869364207,0.38175727257320613,0.38220136130166416,0.2354426607003206,0.2754317930070216
0.302777761851575,0.3435136445221906,0.21666226708825054,0.25829521393534227,0.32901417559999013,0.3434114532531827,0.8555589777940771,0.26011933752251026,0.3038310562547535,0.265277149082652,0.3556846034521862,0.25518996502132574,0.3534460513605193,0.2529271267982731,0.2460622700593318,0.7879410513899683,0.2656691937558088,0.37589846224593004,0.33881645791021553,1.0,0.3718757645335664,0.34557477371959333,0.3792520407106563,0.31364346880262683,0.2828966038035502,0.33303192205409093,0.35633862917207615,0.2539273617660004,0.29416148893685234,0.2993485591613795,0.24114301594756604,0.33388925060119357,0.0,0.35102692281653736,0.34877060110431546,0.26680583995496343,0.794506488251693,0.33978884254652264,0.16053808809561665,0.3514549276254305,0.24274160769051822,0.34836139178500725,0.35640529992120584,0.2555944384130737,0.25212905904029537,0.27300263193818475,0.33966843087474996,0.33970393285070943,0.2537784434192455,0.2994442764691586
0.29501444589752546,0.40424221562352447,0.2157592093719548,0.257903664271829,0.44651381732275963,0.39383970010322555,0.3713581816787558,0.2608988987680875,0.29891899523333265,0.26568577850333963,0.4859708014131765,0.25814218608329964,0.5178865523336363,0.24900759416112472,0.24593674460226234,0.3632062198137761,0.3080015629640045,0.5154647179269001,0.4724814015177927,0.3718757645335664,1.0,0.49014618809871613,0.5417032646726032,0.36918503374890743,0.32298598739950113,0.39517033961691206,0.5079939593805671,0.2587193234270698,0.28621910507650206,0.30126698151218256,0.24139156761915992,0.4687642329480257,0.0,0.5053732682372809,0.41458135591439993,0.2728272632009746,0.3509129927499469,0.4802516055079745,0.1638709066641434,0.5122070324961407,0.247719908460711,0.40486985042871815,0.4994884438006155,0.25925481915926973,0.2591437780814534,0.2740101503722505,0.4140351959823976,0.41423202626185895,0.25337809686897483,0.29376906239816014
0.29613305892667163,0.3819268354743144,0.2045091543966805,0.24982850812383228,0.40269470181497713,0.42584912222684523,0.3478529120062619,0.25682609335925966,0.2864124537710989,0.2556437459580859,0.47008842543187124,0.2564110564580736,0.5305431510729218,0.24706356761228376,0.2376854769027793,0.34625073769490056,0.29692414268015577,0.48093967461221654,0.4845409740109575,0.34557477371959333,0.49014618809871613,1.0,0.6703056450866873,0.35709325526734126,0.3335429597146795,0.3677818965079497,0.48379654314976994,0.24775101616252126,0.2781916976345372,0.2830343671422785,0.233387010500553,0.4666381403097415,0.0,0.599532065600108,0.39101007788200626,0.25903337889512557,0.32811822088703646,0.46592880597098685,0.1591198988821706,0.49095066526752595,0.23324808553183118,0.3911455687786891,0.4831585134647005,0.25343217036766064,0.2516415088166124,0.2674117851316924,0.38618561930636797,0.3862273242171037,0.2427052032125635,0.29152611093110836
0.31075662222846434,0.414765364454876,0.21918292479017765,0.2727437427599777,0.438751521403243,0.4101175805728322,0.3803953430431877,0.2720102204649151,0.307251005605666,0.27015680744895776,0.49089335845968474,0.2674375515500401,0.5587846448844727,0.26380403674133024,0.2601906090269348,0.37273313163036115,0.31777557464826356,0.5195562330773855,0.47268090682719743,0.3792520407106563,0.5417032646726032,0.6703056450866873,1.0,0.37342967796915827,0.33348745080073394,0.3920779302099724,0.5269619721193233,0.26783517101723364,0.2981885791212826,0.30206189742140066,0.2554930031452094,0.49130156399112657,0.0,0.6494649057179882,0.41716877770400385,0.2729626182769719,0.36244277608618425,0.49432970337067694,0.16951960914638653,0.5234677339835516,0.2553370135756384,0.4155275093609826,0.5162181547488438,0.26897520440122824,0.2654349846100944,0.27547308299784545,0.41325211071000456,0.41405561029462834,0.25879899104320114,0.30255024739594183
0.30209337193735997,0.5092519923220201,0.1965096647341833,0.2531043738862375,0.3822271941662143,0.4903772125802659,0.3205521423923916,0.27597141957649873,0.2785420582030782,0.25785029364787126,0.3936897943260824,0.27052290880189456,0.38870017398436685,0.2361582806426109,0.2393951891323688,0.3208681275621369,0.5190150102071925,0.3800384083472428,0.3462352161515342,0.31364346880262683,0.36918503374890743,0.35709325526734126,0.37342967796915827,1.0,0.5711494864275989,0.5202904276725624,0.37654321567762583,0.24040197204215752,0.2706538597147591,0.27529224608949854,0.22765268339491918,0.40861484377052637,0.0,0.3772351127743129,0.5194028601972066,0.2502407542213474,0.307734935199366,0.3760241517922097,0.26786676685571087,0.3835938568961961,0.2399103494389384,0.4320228815735945,0.37646873148724114,0.25667152604138543,0.26113733416716944,0.2615034695685584,0.45399719224540636,0.44618660697002444,0.23598951497252796,0.27241575466574264
0.27986000838314307,0.4590101171204335,0.18491669363867613,0.23523880560352473,0.3396228020590015,0.46330613853330593,0.2845444706290666,0.2461424523481197,0.24255112222963593,0.23294779902741303,0.34240515938929006,0.25129988840313755,0.33063476718437634,0.21516881472440785,0.21364842134177642,0.2852372155300569,0.5292797054739188,0.3307840397821984,0.30546077283674145,0.2828966038035502,0.32298598739950113,0.3335429597146795,0.33348745080073394,0.5711494864275989,1.0,0.49037353075323653,0.325992616947124,0.21743132804250986,0.24125165666032677,0.24057370497832953,0.20510871695739186,0.39709663186230004,0.0,0.336850193915586,0.46062925023098955,0.21953837823480316,0.27576779356689574,0.3392301319629927,0.2877161514442257,0.3432497317163492,0.2109813085892409,0.37751179294292503,0.33136009080099416,0.2435736642559868,0.2438560694314721,0.250186221401796,0.4134387752583444,0.4041520212220374,0.22263626048041996,0.2439818236823723
0.3047396331913257,0.4810903638806381,0.21024087580340134,0.26305329582073167,0.4023563596275286,0.4563858169536774,0.33444175861028047,0.2758339599699534,0.2875086326950892,0.2680955848138237,0.4183312983618154,0.2735280311674513,0.40744325913415536,0.2504834920089679,0.24761970966406865,0.34065419399520724,0.4930084686443672,0.398285742224739,0.35462963540303016,0.33303192205409093,0.39517033961691206,0.3677818965079497,0.3920779302099724,0.5202904276725624,0.49037353075323653,1.0,0.39700070265490606,0.2527603438239554,0.28377434314909333,0.28909785007780375,0.2419027666893021,0.40951467893832305,0.0,0.38962974629732083,0.4858515950412965,0.2607161968981997,0.32556239041174506,0.39982627038331553,0.23663188456219275,0.40718079512812966,0.24942725010505407,0.4558751198383646,0.3947376774048911,0.2740007525621563,0.2717481979157945,0.27187045996473724,0.48188198937274174,0.47740559140080563,0.2602573063775747,0.28886229751868175
0.3084809186690566,0.41786447846595753,0.21871207630931622,0.2647139792363158,0.4498668262857377,0.399481146683786,0.35393988759909567,0.2712584453324107,0.30925530605064455,0.27399611680074076,0.49985152836151914,0.26375955721008193,0.5379220138157979,0.2608186645219571,0.25266328408384586,0.3526751869590735,0.31324840326200787,0.5002469368497755,0.4558198967662792,0.35633862917207615,0.5079939593805671,0.48379654314976994,0.5269619721193233,0.37654321567762583,0.325992616947124,0.39700070265490606,1.0,0.26381576209774005,0.30253065335349616,0.30759970542424586,0.25105539895296947,0.4831154784995585,0.0,0.5000492696345465,0.41771812567300726,0.2696243941211066,0.33891258428838233,0.5839279381142474,0.1624385912949291,0.5423170648663395,0.25346203533149636,0.420370881657932,0.618979983336674,0.26825488189644997,0.2613833367357393,0.2821256385320461,0.4168004867430247,0.4166917168603249,0.25954054461332554,0.30601495674183643
0.28455852842006024,0.27939286906869243,0.21596878545214404,0.520915333813016,0.26164492044653953,0.2625296664076803,0.2507088094297606,0.695244591608533,0.27733927489387844,0.5046149736476886,0.2701019223019011,0.4890733091824626,0.26636298156053306,0.515081960007265,0.4870874752134743,0.2544425672434717,0.2110387658832602,0.26307933141069506,0.23868698826640256,0.2539273617660004,0.2587193234270698,0.24775101616252126,0.26783517101723364,0.24040197204215752,0.21743132804250986,0.2527603438239554,0.26381576209774005,1.0,0.31424461076316945,0.2710081783766122,0.4700296233338954,0.2698534008239526,0.0,0.25964651616482237,0.2585412641551015,0.4135807346383348,0.23796907546304924,0.27453214133000126,0.2739385828067451,0.2683523205942798,0.481257538012274,0.26095164562918716,0.26789444850365707,0.7931355222732354,0.7570171729235541,0.2936462766696818,0.2617310659915164,0.26227717164282316,0.4595236069228956,0.30637705574443075
0.3413212544785399,0.3087943560965648,0.247227186844584,0.30829223014837415,0.29209402465399703,0.30099719918299206,0.29212693835757086,0.3166867050908049,0.3378207906619235,0.3166413830799837,0.3040910268172444,0.3131339709711405,0.30072607944672647,0.31435230342080733,0.2990141957884125,0.29627698660254065,0.2327760173779968,0.29483668506257843,0.27272989186803887,0.29416148893685234,0.28621910507650206,0.2781916976345372,0.2981885791212826,0.2706538597147591,0.24125165666032677,0.28377434314909333,0.30253065335349616,0.31424461076316945,1.0,0.3258689568647134,0.2970178991102408,0.2893283335974064,0.0,0.29486108547876677,0.2924558842343543,0.3127315140138035,0.2768253489865219,0.30096137920143384,0.18667421764359604,0.30249532582831606,0.296683550812023,0.2948518245609336,0.3021716309650203,0.3121313918339005,0.3117307954312447,0.3951576742231181,0.29701451770700027,0.29718009382529587,0.2999794562263638,0.621491423788937
0.3876694690747643,0.306851709272395,0.25194052479200724,0.2716973193107266,0.2987969981384966,0.28893581447411176,0.29591171762418755,0.27763960555632117,0.40547634385238296,0.28550851381631515,0.31611690191702124,0.2774614365068645,0.31799751451738023,0.2681299951868654,0.2642929929051807,0.30556519800948745,0.23081533202698734,0.3070531754600959,0.2757279918099027,0.2993485591613795,0.30126698151218256,0.2830343671422785,0.30206189742140066,0.27529224608949854,0.24057370497832953,0.28909785007780375,0.30759970542424586,0.2710081783766122,0.3258689568647134,1.0,0.25251940526558236,0.2862494180765669,0.0,0.2963848535176762,0.29670123475196664,0.27320652880591634,0.2833908732992365,0.301888046953946,0.1685218459991037,0.3168818745266042,0.26063898490065796,0.3016922888213791,0.3111278649356426,0.2732361987330195,0.2687064821968025,0.31808993898117444,0.3047128536037832,0.3047440395511567,0.26922473136711533,0.33615348972271897
0.26168369988119733,0.2590134687436183,0.19732702468307262,0.48935163298626305,0.2508267020048194,0.2472190836934114,0.23809896458333302,0.461325214111728,0.2660031369853383,0.5056875378142551,0.2570875218917881,0.44539174949027305,0.2527591851762958,0.49001066228081425,0.48068004351044036,0.24340157746992885,0.19218019114447749,0.251003982816129,0.2269493119615238,0.24114301594756604,0.24139156761915992,0.233387010500553,0.2554930031452094,0.22765268339491918,0.20510871695739186,0.2419027666893021,0.25105539895296947,0.4700296233338954,0.2970178991102408,0.25251940526558236,1.0,0.246027329240333,0.0,0.2446024399231277,0.2420650660455601,0.40304853388664397,0.228975299434378,0.250050090909415,0.2605976661532935,0.25286093452031677,0.6359122916755884,0.24639744681759335,0.25298539836258294,0.473483871268779,0.46016604303769504,0.27778620970328494,0.2482680633278388,0.2490417281056948,0.42696203665403276,0.2929942906526948
0.3045829905311279,0.4073297557165547,0.21240858102876548,0.27980015290844873,0.4492418609404477,0.4089367992605456,0.3322326841821789,0.277598026866247,0.2905433026436204,0.270701407719802,0.45141809664380983,0.27453899600501064,0.5055050360600251,0.26107708639017524,0.26244442188928985,0.3376588436386144,0.39687591144616596,0.4555694064448319,0.4488234201206712,0.33388925060119357,0.4687642329480257,0.4666381403097415,0.49130156399112657,0.40861484377052637,0.39709663186230004,0.40951467893832305,0.4831154784995585,0.2698534008239526,0.2893283335974064,0.2862494180765669,0.246027329240333,1.0,0.0,0.47445944713309707,0.399790494876341,0.2546982399732385,0.3267328060926853,0.48468870608530457,0.19529886028467813,0.49665233097477457,0.2542979377830388,0.4036424844934856,0.4944373831387837,0.26575892617028274,0.27132414388209436,0.2717405475240964,0.41979906104850173,0.4182998764960557,0.25006910920916814,0.2821312367276322
0.0,0.0,0.0,0.0,0.0,0.0,0.0,0.0,0.0,0.0,0.0,0.0,0.0,0.0,0.0,0.0,0.0,0.0,0.0,0.0,0.0,0.0,0.0,0.0,0.0,0.0,0.0,0.0,0.0,0.0,0.0,0.0,1.0,0.0,0.0,0.0,0.0,0.0,0.0,0.0,0.0,0.0,0.0,0.0,0.0,0.0,0.0,0.0,0.0,0.0
0.30836628505911845,0.4038462516029453,0.2168994631752429,0.25848230230517244,0.44082819880995805,0.4092074942369478,0.3531816944100482,0.2712066594336414,0.3002565210031899,0.26470983808530646,0.475649000739245,0.2655254030497577,0.5375585662980152,0.2548820038313674,0.24839993858008103,0.349923403552023,0.337932635483416,0.4840863844833606,0.44305444254742665,0.35102692281653736,0.5053732682372809,0.599532065600108,0.6494649057179882,0.3772351127743129,0.336850193915586,0.38962974629732083,0.5000492696345465,0.25964651616482237,0.29486108547876677,0.2963848535176762,0.2446024399231277,0.47445944713309707,0.0,1.0,0.4120705845869449,0.28126341652724574,0.33230751567753236,0.4791681971389994,0.1929461632146645,0.5069233261875996,0.24654650907837894,0.40962694778436337,0.5056594637368437,0.26383919691043967,0.2640491588518137,0.2717229119934138,0.41111225392200557,0.41130624079463873,0.2521373022120188,0.2976686076405163
0.3084963630383525,0.5720550482054271,0.21574236529782376,0.25763153990068577,0.40174102202641704,0.5499265150730955,0.35068324635481285,0.2671338243274326,0.2967519802036228,0.26601004137941475,0.42916519925774843,0.2644349955062423,0.4250051654039544,0.2543185865792653,0.24931874071152094,0.347643998605106,0.38279498408433654,0.42440925237245186,0.3885583371994389,0.34877060110431546,0.41458135591439993,0.39101007788200626,0.41716877770400385,0.5194028601972066,0.46062925023098955,0.4858515950412965,0.41771812567300726,0.2585412641551015,0.2924558842343543,0.29670123475196664,0.2420650660455601,0.399790494876341,0.0,0.4120705845869449,1.0,0.2623996054607576,0.3274570869778919,0.4098955506340285,0.17055905331264298,0.4288296052587671,0.24514718926336965,0.4834333591281933,0.4243380583693307,0.26050146149096165,0.2601872835736896,0.27294481942729487,0.47202706805103056,0.47275790435899456,0.25352002497947623,0.29248448352263134
0.28156738854405017,0.2649093820572157,0.21225285167513397,0.4195206498549633,0.26020204625369237,0.270913502725466,0.2664435784032966,0.4178698208219528,0.29024083055128136,0.44144457477409327,0.28146449954735764,0.4078249235922098,0.266262823448407,0.42066906556815353,0.4050224170212313,0.2662252365153569,0.21415900992723746,0.2789700340164981,0.2544722441852534,0.26680583995496343,0.2728272632009746,0.25903337889512557,0.2729626182769719,0.2502407542213474,0.21953837823480316,0.2607161968981997,0.2696243941211066,0.4135807346383348,0.3127315140138035,0.27320652880591634,0.40304853388664397,0.2546982399732385,0.0,0.28126341652724574,0.2623996054607576,1.0,0.2540605055195796,0.26382288783595664,0.28036416275934095,0.2740145693103597,0.4088189238268023,0.2681676128738334,0.2696220507833117,0.42224292371574823,0.41991316379252996,0.29658480176682744,0.2616359790551809,0.26192822162978213,0.41024397493193965,0.31829306598129703
0.28540932144487174,0.32479628378395553,0.20235670259786565,0.2458547027255904,0.3162892418233544,0.325936336560144,0.7772969396875427,0.24510249208437196,0.2874734367626539,0.2500384510924998,0.33948134178406,0.24347873262922104,0.34414315934999173,0.23864852518192747,0.23366982230956546,0.7401165861417398,0.2603941264559282,0.35981721016633705,0.3210597647343796,0.794506488251693,0.3509129927499469,0.32811822088703646,0.36244277608618425,0.307734935199366,0.27576779356689574,0.32556239041174506,0.33891258428838233,0.23796907546304924,0.2768253489865219,0.2833908732992365,0.228975299434378,0.3267328060926853,0.0,0.33230751567753236,0.3274570869778919,0.2540605055195796,1.0,0.3263878490995479,0.15299394271890987,0.32785352092687536,0.23010102632288543,0.33242264092115703,0.339397778092279,0.23976747962641154,0.2366246946017505,0.25644382325184256,0.31972439204671466,0.3193747531778516,0.236201215742473,0.28315807634668044
0.3175598585782201,0.43021630049634596,0.2208631913829494,0.2655893400699523,0.46111980919583795,0.41408494298259135,0.3373963300768211,0.28667885152553496,0.30330007886598953,0.27618380947534427,0.4923514869220742,0.27211098537433,0.5091981657647332,0.2647582581757726,0.25587247513299194,0.34245364191288286,0.31438812565669505,0.4660872976853754,0.43086969652633456,0.33978884254652264,0.4802516055079745,0.46592880597098685,0.49432970337067694,0.3760241517922097,0.3392301319629927,0.39982627038331553,0.5839279381142474,0.27453214133000126,0.30096137920143384,0.301888046953946,0.250050090909415,0.48468870608530457,0.0,0.4791681971389994,0.4098955506340285,0.26382288783595664,0.3263878490995479,1.0,0.17174770099169834,0.5189872183508267,0.2583802438755707,0.42365687446083766,0.6302102462517569,0.2792799561948677,0.27350338586995393,0.2819081724406617,0.4280216703629861,0.42806951588800324,0.2669874631671916,0.30282348827205174
0.21002372025232163,0.16372386046023768,0.1282986053188362,0.2894533172313505,0.17704545568566998,0.18075139560399922,0.1627680285775136,0.29710588305652474,0.17608604240201653,0.28905595230766934,0.1736617726636196,0.30260751520027407,0.16575464364292603,0.2713273719920858,0.2710757450464335,0.159506953197889,0.3090695150456183,0.16963115744723367,0.15982339669982326,0.16053808809561665,0.1638709066641434,0.1591198988821706,0.16951960914638653,0.26786676685571087,0.2877161514442257,0.23663188456219275,0.1624385912949291,0.2739385828067451,0.18667421764359604,0.1685218459991037,0.2605976661532935,0.19529886028467813,0.0,0.1929461632146645,0.17055905331264298,0.28036416275934095,0.15299394271890987,0.17174770099169834,1.0,0.17593182072498859,0.26768246209235624,0.16911720486822346,0.16931016591420656,0.2971326401196781,0.2984180881321351,0.19528456080916734,0.19978044135003403,0.19111306164349484,0.268041519819888,0.19143709661112374
0.31658169012171056,0.4229529280592361,0.22407556705244747,0.26673637972034936,0.45810562354689366,0.4143370216841339,0.3488340613129053,0.27916546824364086,0.31244010267219324,0.27933745572631974,0.5143578568850241,0.2712911485127908,0.5441122338780163,0.26285489743040824,0.2546126371160321,0.3498456535579535,0.33057469516096116,0.494100810737916,0.45790974154924013,0.3514549276254305,0.5122070324961407,0.49095066526752595,0.5234677339835516,0.3835938568961961,0.3432497317163492,0.40718079512812966,0.5423170648663395,0.2683523205942798,0.30249532582831606,0.3168818745266042,0.25286093452031677,0.49665233097477457,0.0,0.5069233261875996,0.4288296052587671,0.2740145693103597,0.32785352092687536,0.5189872183508267,0.17593182072498859,1.0,0.25488135550122226,0.4289001227188013,0.5452972287661433,0.2724377656967377,0.2713584373834931,0.291442465005743,0.44220042334869214,0.4420907836077024,0.26381682718838384,0.3140599048298045
