../ecoli_genomes/GCF_000163235.1_ASM16323v1_genomic.fna.gz,../ecoli_genomes/GCF_000164555.1_ASM16455v1_genomic.fna.gz,../ecoli_genomes/GCF_000208545.1_ASM20854v2_genomic.fna.gz,../ecoli_genomes/GCF_000233875.1_ASM23387v1_genomic.fna.gz,../ecoli_genomes/GCF_000249735.1_ASM24973v2_genomic.fna.gz,../ecoli_genomes/GCF_000261145.1_Esch_coli_M919_V2_genomic.fna.gz,../ecoli_genomes/GCF_000267705.2_ASM26770v2_genomic.fna.gz,../ecoli_genomes/GCF_000350665.1_Esch_coli_KTE5_V1_genomic.fna.gz,../ecoli_genomes/GCF_000351625.1_Esch_coli_KTE66_V1_genomic.fna.gz,../ecoli_genomes/GCF_000352285.1_Esch_coli_KTE46_V1_genomic.fna.gz,../ecoli_genomes/GCF_000358895.1_ASM35889v1_genomic.fna.gz,../ecoli_genomes/GCF_000456385.1_Esch_coli_HVH_26_4-5703913_V1_genomic.fna.gz,../ecoli_genomes/GCF_000458195.1_Esch_coli_HVH_147_4-5893887_V1_genomic.fna.gz,../ecoli_genomes/GCF_000459755.1_Esch_coli_KOEGE_58_171a_V1_genomic.fna.gz,../ecoli_genomes/GCF_000460055.1_Esch_coli_UMEA_3053-1_V1_genomic.fna.gz,../ecoli_genomes/GCF_000462165.2_ASM46216v2_genomic.fna.gz,../ecoli_genomes/GCF_000601135.1_ASM60113v1_genomic.fna.gz,../ecoli_genomes/GCF_000614595.1_Ec2010EL1058_genomic.fna.gz,../ecoli_genomes/GCF_000617745.1_Ec2010C-4529_genomic.fna.gz,../ecoli_genomes/GCF_000618265.2_EcF6751_genomic.fna.gz,../ecoli_genomes/GCF_000619005.2_Ec2009C-4052_genomic.fna.gz,../ecoli_genomes/GCF_000619105.1_Ec2009C-4780_genomic.fna.gz,../ecoli_genomes/GCF_000619765.2_Ec2009C-3279_genomic.fna.gz,../ecoli_genomes/GCF_000687005.1_ASM68700v1_genomic.fna.gz,../ecoli_genomes/GCF_000687025.1_ASM68702v1_genomic.fna.gz,../ecoli_genomes/GCF_000700125.1_ASM70012v1_genomic.fna.gz,../ecoli_genomes/GCF_000753315.1_FHI35_genomic.fna.gz,../ecoli_genomes/GCF_000776375.1_ASM77637v1_genomic.fna.gz,../ecoli_genomes/GCF_000779395.1_ASM77939v1_genomic.fna.gz,../ecoli_genomes/GCF_000780315.1_ASM78031v1_genomic.fna.gz,../ecoli_genomes/GCF_000781995.1_ASM78199v1_genomic.fna.gz,../ecoli_genomes/GCF_000986765.1_ASM98676v1_genomic.fna.gz,../ecoli_genomes/GCF_001041375.1_ViralProj287958_genomic.fna.gz,../ecoli_genomes/GCF_001265335.1_302014_genomic.fna.gz,../ecoli_genomes/GCF_001265625.1_100854_genomic.fna.gz,../ecoli_genomes/GCF_001267345.1_303289_genomic.fna.gz,../ecoli_genomes/GCF_001309985.1_ASM130998v1_genomic.fna.gz,../ecoli_genomes/GCF_001521695.1_ASM152169v1_genomic.fna.gz,../ecoli_genomes/GCF_001592595.1_ASM159259v1_genomic.fna.gz,../ecoli_genomes/GCF_001614975.1_ASM161497v1_genomic.fna.gz,../ecoli_genomes/GCF_001692775.1_ASM169277v1_genomic.fna.gz,../ecoli_genomes/GCF_001748915.1_ASM174891v1_genomic.fna.gz,../ecoli_genomes/GCF_001749235.1_ASM174923v1_genomic.fna.gz,../ecoli_genomes/GCF_001881155.1_ASM188115v1_genomic.fna.gz,../ecoli_genomes/GCF_001881345.1_ASM188134v1_genomic.fna.gz,../ecoli_genomes/GCF_001892405.1_ASM189240v1_genomic.fna.gz,../ecoli_genomes/GCF_001892585.1_ASM189258v1_genomic.fna.gz,../ecoli_genomes/GCF_001893985.1_ASM189398v1_genomic.fna.gz,../ecoli_genomes/GCF_002001595.1_ASM200159v1_genomic.fna.gz,../ecoli_genomes/GCF_002002145.1_ASM200214v1_genomic.fna.gz
1.0,0.38011181258857907,0.32004853795499877,0.3341820428071953,0.32517968970144673,0.3695912780412748,0.36111947231438235,0.3378203468023342,0.43176090920796373,0.35293187572724816,0.37570891053060096,0.3505896374631995,0.36940020259741646,0.3282882435099673,0.32032611664965494,0.3551119091690548,0.32849228104212236,0.3641722640791438,0.3236647742230493,0.36232095111697804,0.35357163575638606,0.355024852764683,0.37312068895095085,0.3381674022362572,0.333901316486964,0.3147509948005639,0.3654494554242318,0.33387613668858396,0.39592471237289906,0.4347687030684745,0.3119346450747903,0.35070174114336594,0.0,0.3631468060861418,0.356931526249075,0.3348285295490334,0.3415101734516811,0.3760573046817397,0.2987794612467207,0.3654055919108895,0.31881318012649995,0.3591504810316629,0.37130730883396246,0.33943517396719103,0.3464538879928022,0.36176878373741406,0.3627719766902012,0.3641337940195335,0.329232800720883,0.4019454905001727
0.38011181258857907,1.0,0.29234766344661434,0.3308174629266115,0.40278737013147914,0.5801561808155549,0.39283503754203597,0.3288682566497034,0.3504307811408832,0.34543004973120606,0.46993847049016224,0.34628234873863406,0.45793759721485827,0.32002510001462603,0.3156619699100023,0.38650584775740837,0.4706766730864361,0.4586492069499597,0.39679937828179135,0.3961824815850723,0.4369610995216969,0.43968840047393676,0.45923566407278915,0.5236299178268549,0.5348267644478599,0.46901110808301194,0.4570804168528845,0.3291270384048386,0.3663991448566316,0.3583485256680846,0.31178725789308304,0.4415649441743327,0.0,0.4476406338562088,0.5721453184864753,0.3224310686402553,0.3658947123511249,0.4733450215463533,0.27284072804144277,0.4641567640668425,0.3147408060071879,0.504167508948778,0.46417550188903345,0.3451040612384759,0.3432065031541044,0.33588494659046575,0.5167479709360185,0.5167991276014036,0.33854435604688593,0.35908382216948176
0.32004853795499877,0.29234766344661434,1.0,0.2585603023210077,0.24646670799975245,0.27459360035180047,0.27149802400211454,0.260359114022612,0.29759885602035674,0.27110920656938853,0.2941028393323528,0.2651764126641536,0.28473695481983985,0.26252124973610946,0.2567957545974664,0.2704934753892486,0.24900549449434606,0.277232670243474,0.2438705796160081,0.2749110177668104,0.2763873412585378,0.2730105180457759,0.2841590897118653,0.25742702991773914,0.25844793945666256,0.24727088853780044,0.28550942394356316,0.26277658316540564,0.29890018061086765,0.30856986242091644,0.24758270916196934,0.27056046626087527,0.0,0.27744891850420283,0.2713350371085853,0.266512755597181,0.25352942363312436,0.28178540963088694,0.2211256921963547,0.29251022664687043,0.2559267171576374,0.27903351688983924,0.29158510137872795,0.2713550863315045,0.26406868236779313,0.28103230182788097,0.2898934121833662,0.2893603565328413,0.27587646383716735,0.30766963666782654
0.3341820428071953,0.3308174629266115,0.2585603023210077,1.0,0.3254950493816978,0.3302837359265455,0.3075271961353391,0.5248660091811468,0.34024662278687245,0.5625551627291422,0.3196723875506078,0.5456334610576605,0.340388570313058,0.5787201256761588,0.6011948577584855,0.32655688443180986,0.3049429281304198,0.31211145517015904,0.27860095154501063,0.30948646151334036,0.30361762775316903,0.3003976231526121,0.3257519370868238,0.3095151064041147,0.31671569298873803,0.3034754852907128,0.31420169291401856,0.5453578583728214,0.352512792754865,0.3306475617616219,0.5322103961585524,0.3357222788042893,0.0,0.3097058181714559,0.30927297742052706,0.44174179984224893,0.2994863158536536,0.31186169697583865,0.3948231935384162,0.3131175150091873,0.5624580503594382,0.3157135080601313,0.3159934184906902,0.5500619396150225,0.5428767127514456,0.334264184565088,0.3159601343145657,0.3165657208546332,0.4867746770116572,0.35613125110338484
0.32517968970144673,0.40278737013147914,0.24646670799975245,0.3254950493816978,1.0,0.4352177661827935,0.3431560339130002,0.3196977736929286,0.3495467812779067,0.33285148826835087,0.4886451319169347,0.2980491899600922,0.49100912179935163,0.29604743412007106,0.3299164205171544,0.38046983745555985,0.4483465560638732,0.41631342584047926,0.36972098688266564,0.34261614786662153,0.4204496151538477,0.4073064255908415,0.43020681830362495,0.45866959422050546,0.43205268941420205,0.4462597644359446,0.43332619963826924,0.2853895734898,0.3253739935263694,0.3368262686880593,0.3035994354594138,0.48481973162888814,0.0,0.4304891410490925,0.40413820486388363,0.2797647421007494,0.34435299039144474,0.44074937806043846,0.3169191018863192,0.44472679549096783,0.3232638330265998,0.4177009679446162,0.45082101631555016,0.2909282483789948,0.2972292757048032,0.2976001187657943,0.42296551026371343,0.42482019918964165,0.28696654458347326,0.31668455998999034
0.3695912780412748,0.5801561808155549,0.27459360035180047,0.3302837359265455,0.4352177661827935,1.0,0.3968531970007899,0.33839117367901306,0.3562715946509425,0.3351549500074018,0.46069075042745833,0.327954458036513,0.4580469106276911,0.3160921778050386,0.31803012282392473,0.3928717438474171,0.48997459873850513,0.4614282178892529,0.4071503684502369,0.3952489571562977,0.4259034668752776,0.43680433629317716,0.4596977827008535,0.536746600450428,0.5465713692794826,0.4672545851626029,0.44255616170040246,0.32009601099040563,0.3635307641296227,0.34687912063021975,0.30513698809105083,0.457056418248847,0.0,0.46717644151206295,0.5695109421593136,0.3295132996573843,0.3762784860047641,0.4626471807774062,0.29467583331820046,0.4566571600983915,0.3157604421403769,0.5114222273258755,0.46589916032573886,0.32780453309586666,0.3306303740299642,0.3291534567053436,0.5184220849648181,0.5223983211247065,0.3196672396462139,0.36091841028483196
0.36111947231438235,0.39283503754203597,0.27149802400211454,0.3075271961353391,0.3431560339130002,0.3968531970007899,1.0,0.30443349295394717,0.34182720914786924,0.30953648725410365,0.4008298737528452,0.30351501542274617,0.39521568680690133,0.2997252558196216,0.29444636743512875,0.742767430291257,0.3613045882680971,0.4346584663004657,0.38488521119443286,0.8603569125298137,0.42838187506685943,0.4064998327519329,0.4371007501602998,0.36650065015330713,0.3680028826887619,0.3543479400516476,0.4034523609155324,0.299977188815994,0.3369839161379289,0.3398166754719071,0.2847584950435851,0.3858336795674667,0.0,0.3996045044105516,0.40415178079603753,0.3226708069648384,0.7779072043347545,0.38024972201025964,0.27079635382471845,0.3979269029311704,0.2851833332062085,0.39236063294982315,0.40097550547546745,0.30965182786356615,0.3087279492977639,0.30857983262281796,0.3843028042633059,0.38520350334301945,0.30126201738269454,0.34318037858866324
0.3378203468023342,0.3288682566497034,0.260359114022612,0.5248660091811468,0.3196977736929286,0.33839117367901306,0.30443349295394717,1.0,0.33516056709593267,0.5339396999376653,0.3181362957840338,0.5187183036292149,0.3374776832390681,0.5120881225075915,0.5079520939436798,0.3177374389545419,0.30282494218539924,0.3196318813705028,0.28693962021765773,0.3064015612781562,0.30441899109191706,0.30556029362527093,0.3211922351947125,0.3159236843722618,0.3063943256643873,0.2986851547845504,0.3191747825489063,0.6821197161347992,0.35820306911256294,0.32766379092549913,0.49797307243622524,0.32701111118674553,0.0,0.31889154151189725,0.3106461943644304,0.4387905721995502,0.2944559501014442,0.3319756802381172,0.40511982872233565,0.32215431045796283,0.5125087789013432,0.316096910708654,0.3245770509258612,0.685272602524946,0.6675663243103419,0.33332698658564663,0.3142012724809241,0.3153065368272414,0.4793865662261738,0.3574631069224177
0.43176090920796373,0.3504307811408832,0.29759885602035674,0.34024662278687245,0.3495467812779067,0.3562715946509425,0.34182720914786924,0.33516056709593267,1.0,0.3472891884866802,0.3623392495202751,0.3225209070325079,0.38124360763320597,0.32557849103819614,0.33642977371595706,0.3580416294740131,0.32781734846642097,0.3500415919579398,0.30416971024900585,0.34474321784481166,0.33717306543108105,0.339369108184586,0.3563695172023609,0.3483012139197341,0.33271943391596337,0.32501976074537653,0.35751115712948556,0.3184515711255872,0.37882412609584337,0.4554221758524748,0.32269006275250367,0.3589550004874218,0.0,0.34541769190280236,0.34382321617482325,0.32604525791904293,0.33115823233868413,0.34713341826240807,0.27137586341265696,0.3597371715281973,0.3265546912939503,0.3519300017480371,0.36349641048278314,0.3232807227814434,0.31900826346175737,0.34952543902418143,0.34772411740902454,0.34782338051588524,0.31757034353341007,0.38748649792483003
0.35293187572724816,0.34543004973120606,0.27110920656938853,0.5625551627291422,0.33285148826835087,0.3351549500074018,0.30953648725410365,0.5339396999376653,0.3472891884866802,1.0,0.3378220381230631,0.5229404236469294,0.3557285747908897,0.5425266944356968,0.544688138744065,0.3286876268769461,0.3051821819540088,0.3197796281295977,0.2807085261434402,0.3105770701922178,0.305648919329651,0.3041407455318721,0.31997627812706075,0.31853716341517047,0.316727931834514,0.306830289300675,0.32289709404187084,0.5333195903015829,0.36467144007774055,0.33849347559297516,0.5492348640159637,0.33034623429860754,0.0,0.3112894485218205,0.3146038114900429,0.4570032703961444,0.299361251508357,0.32640994309240423,0.41304536357300536,0.32741648849543237,0.564384990700459,0.3218471082875467,0.32614099285403064,0.5386783217838653,0.541153177107719,0.33724973182476714,0.32096530985338545,0.32091422565258454,0.5137081730122306,0.3575151460702105
0.37570891053060096,0.46993847049016224,0.2941028393323528,0.3196723875506078,0.4886451319169347,0.46069075042745833,0.4008298737528452,0.3181362957840338,0.3623392495202751,0.3378220381230631,1.0,0.32296292680831873,0.5549507412096029,0.32124202981585326,0.31305020450575105,0.39717796178040865,0.416058346299794,0.5181363202790152,0.4456584110557309,0.4043644866077053,0.5115585999526642,0.5177457460283348,0.5312891677680844,0.427567118076677,0.40294739511233124,0.41507098280420807,0.5332770716982882,0.32556769059314994,0.3650222198429264,0.36553880800600824,0.3088584812011306,0.4791498157170976,0.0,0.5102389312810272,0.46191372649509643,0.33141022859125624,0.3780075541708864,0.5191742372180701,0.28212553615585434,0.5554634900129669,0.3104216127334204,0.48287045507523874,0.5448445572221989,0.32720292237471615,0.3256369016512428,0.3343289017118082,0.4795241075669133,0.4795625035159281,0.32737053272160144,0.3687441492987368
0.3505896374631995,0.34628234873863406,0.2651764126641536,0.5456334610576605,0.2980491899600922,0.327954458036513,0.30351501542274617,0.5187183036292149,0.3225209070325079,0.5229404236469294,0.32296292680831873,1.0,0.32572976408155385,0.5329525875343054,0.6183658652934252,0.30869772070069446,0.29659730426383635,0.31274017334205995,0.2842115484589812,0.30476159516183643,0.3110293925715971,0.30663179645148564,0.3212729268739969,0.3031976207623649,0.30077590982326463,0.29043276944773533,0.31608677177647104,0.5271293014794836,0.3586259040828428,0.33116328236221193,0.47914777190272384,0.3167764946258873,0.0,0.3132028002573908,0.3194674389279709,0.44252323955808637,0.2885208720948924,0.3221578159382794,0.42167749051929204,0.3183537240454697,0.5064622148362671,0.3102901569594462,0.3228922752569173,0.533184745244913,0.5348321920937003,0.33762681212069345,0.31847052004389165,0.3193341843615606,0.4760447120832426,0.3567132039846529
0.36940020259741646,0.45793759721485827,0.28473695481983985,0.340388570313058,0.49100912179935163,0.4580469106276911,0.39521568680690133,0.3374776832390681,0.38124360763320597,0.3557285747908897,0.5549507412096029,0.32572976408155385,1.0,0.32025608684557005,0.33858671727204015,0.412353364982177,0.41872344355148905,0.5233058068140015,0.5016250975652568,0.3969704835152643,0.5279802747432133,0.5801893473545054,0.5779901312596911,0.4452509257045616,0.41333167821235806,0.41866264686880905,0.5684735503335472,0.3203445733839141,0.3590616309716933,0.37494483165023196,0.3207853026271248,0.5411995376043893,0.0,0.5575385246930107,0.4546227095840458,0.31902758400859754,0.3827032868358381,0.5353030043617135,0.2751393175075666,0.573409974960805,0.32972063705039534,0.46889628304257513,0.562461608413142,0.3244682810112983,0.32182353898173666,0.32858453358624085,0.46746379282767936,0.4674588980989739,0.3245095967986408,0.36189346047594995
0.3282882435099673,0.32002510001462603,0.26252124973610946,0.5787201256761588,0.29604743412007106,0.3160921778050386,0.2997252558196216,0.5120881225075915,0.32557849103819614,0.5425266944356968,0.32124202981585326,0.5329525875343054,0.32025608684557005,1.0,0.5783964782938225,0.30469406478954253,0.2889166023355547,0.3084807063465045,0.27427475111709576,0.3034431585887237,0.2951922451845068,0.29959030776872486,0.31414494873369314,0.2873190249447731,0.28946660263292423,0.2822158693357504,0.31341655179908523,0.5478627241321764,0.3583680876487817,0.3165383002633414,0.5182519772007885,0.3107699028216083,0.0,0.30394335936368144,0.3000864629741641,0.44197995510528265,0.28672063267374914,0.3141689596507574,0.39131523077032093,0.31060626795148605,0.5390071061728825,0.30560913243819565,0.3145797565583768,0.5467730810897882,0.5392930323522824,0.33338213842624154,0.3112649712941383,0.31176043061678227,0.49041729571976644,0.35915144301801516
0.32032611664965494,0.3156619699100023,0.2567957545974664,0.6011948577584855,0.3299164205171544,0.31803012282392473,0.29444636743512875,0.5079520939436798,0.33642977371595706,0.544688138744065,0.31305020450575105,0.6183658652934252,0.33858671727204015,0.5783964782938225,1.0,0.3154963282863361,0.3001546220666831,0.3021827880753707,0.2642854593031505,0.2968006466538682,0.29399719606510666,0.29040843825552876,0.3115117811647463,0.30671888168573047,0.30887180330835473,0.29673905257179467,0.306986418181057,0.5157942779110726,0.34573715395001126,0.32533411674852375,0.5287768248505151,0.3261956427456044,0.0,0.29808346650986994,0.30102165077766774,0.43242875555483595,0.29075742547852224,0.3069711105369759,0.394478499433191,0.30931032795345914,0.5516271052836839,0.3041112802314855,0.3110791810705297,0.5159135280043953,0.5106249231673838,0.32872026861770387,0.3132757540511727,0.3138454089470918,0.47194386502220353,0.3596410373342742
0.3551119091690548,0.38650584775740837,0.2704934753892486,0.32655688443180986,0.38046983745555985,0.3928717438474171,0.742767430291257,0.3177374389545419,0.3580416294740131,0.3286876268769461,0.39717796178040865,0.30869772070069446,0.412353364982177,0.30469406478954253,0.3154963282863361,1.0,0.3660658044021735,0.41460946549968347,0.37632161861852864,0.7499718208112245,0.4018506721074838,0.3927300098745393,0.4168122668584814,0.38002327120169144,0.380990112580501,0.38037272325911065,0.3879597845384264,0.3005288416175024,0.3342654545901528,0.35462978415279256,0.3028312695467289,0.39628550615352276,0.0,0.3912337966824798,0.390091494469042,0.3172625195693747,0.7287173811946945,0.376531707506622,0.26165783257793984,0.3871310720857287,0.3071106113058477,0.3873407697477055,0.38890884104537693,0.3047220740155242,0.3070731139695443,0.3062097840091931,0.37736447984130017,0.37822535952569614,0.3014581897428693,0.33661318101093474
0.32849228104212236,0.4706766730864361,0.24900549449434606,0.3049429281304198,0.4483465560638732,0.48997459873850513,0.3613045882680971,0.30282494218539924,0.32781734846642097,0.3051821819540088,0.416058346299794,0.29659730426383635,0.41872344355148905,0.2889166023355547,0.3001546220666831,0.3660658044021735,1.0,0.4048825449094202,0.36169932789768466,0.3569722328115328,0.3965314840079903,0.3991164684722901,0.416841351430282,0.5690251333545338,0.5169182214179029,0.5535524319920294,0.40648730394568466,0.28582230990104973,0.3430481751654888,0.31762868110282483,0.2866387870891769,0.4704687708873415,0.0,0.4243990117660664,0.4728970861525137,0.29563685729901745,0.35013368694260805,0.4040246829364389,0.25784706016400816,0.41349565299875046,0.2876903658064104,0.4537673904188142,0.4174279575817914,0.295807519154197,0.304941933937814,0.30095797154341764,0.47057855490899925,0.4721290563963998,0.2839465905362326,0.3342442919985109
0.3641722640791438,0.4586492069499597,0.277232670243474,0.31211145517015904,0.41631342584047926,0.4614282178892529,0.4346584663004657,0.3196318813705028,0.3500415919579398,0.3197796281295977,0.5181363202790152,0.31274017334205995,0.5233058068140015,0.3084807063465045,0.3021827880753707,0.41460946549968347,0.4048825449094202,1.0,0.5059405628391209,0.43513228877175036,0.5397560388275702,0.5433681594628335,0.5653239345602172,0.41990558094687047,0.40576996407719734,0.4028310059727295,0.5293058290316928,0.31223689761720286,0.3541890505994081,0.35225796049562585,0.297412070040615,0.4807356503727359,0.0,0.5142723036886643,0.4537033638758401,0.3352295798783571,0.40757448324870693,0.4858502920268293,0.2811485033236333,0.5254831294449587,0.29525643170354365,0.46797285131363875,0.5165136938041299,0.3196628445216432,0.3170069632654995,0.32139382391280436,0.4639031887253794,0.4640707000661173,0.3088538586744862,0.35947392669447076
0.3236647742230493,0.39679937828179135,0.2438705796160081,0.27860095154501063,0.36972098688266564,0.4071503684502369,0.38488521119443286,0.28693962021765773,0.30416971024900585,0.2807085261434402,0.4456584110557309,0.2842115484589812,0.5016250975652568,0.27427475111709576,0.2642854593031505,0.37632161861852864,0.36169932789768466,0.5059405628391209,1.0,0.37945256701679975,0.48252594258700177,0.5312949238370523,0.49613405963338697,0.3612842070023178,0.3677170776091665,0.35013139546511995,0.4638792764066265,0.2796339856881481,0.3108596405189552,0.3042432111331934,0.2613088719588478,0.4615065425061572,0.0,0.4643047018386356,0.4049205676134521,0.29575535468348,0.3697041194933537,0.43392553425427693,0.2579484784109204,0.46430911650946827,0.26079320299913966,0.4103924110460774,0.46129936364314117,0.28803490702978574,0.28738340477189817,0.28548528995158495,0.4006538375908406,0.4021121997941368,0.2763106101039319,0.31336293222526646
0.36232095111697804,0.3961824815850723,0.2749110177668104,0.30948646151334036,0.34261614786662153,0.3952489571562977,0.8603569125298137,0.3064015612781562,0.34474321784481166,0.3105770701922178,0.4043644866077053,0.30476159516183643,0.3969704835152643,0.3034431585887237,0.2968006466538682,0.7499718208112245,0.3569722328115328,0.43513228877175036,0.37945256701679975,1.0,0.4274767423395657,0.40859925471262604,0.436379869044373,0.3626402435160164,0.36657557632605653,0.35345024788582646,0.40466682851829305,0.3029007501107911,0.33831852773694004,0.34320621074757696,0.28749458657387383,0.38407567971450485,0.0,0.40033604876362183,0.4002580675684677,0.3238048160835695,0.7729582095599632,0.3833101403577336,0.26977737895418863,0.400867761988036,0.28741486026830343,0.3926669899477305,0.40189619571631197,0.31009635982151806,0.30831726126463843,0.3131071384762365,0.38663937532961634,0.387414636483152,0.3041574178254184,0.3455934069883274
0.35357163575638606,0.4369610995216969,0.2763873412585378,0.30361762775316903,0.4204496151538477,0.4259034668752776,0.42838187506685943,0.30441899109191706,0.33717306543108105,0.305648919329651,0.5115585999526642,0.3110293925715971,0.5279802747432133,0.2951922451845068,0.29399719606510666,0.4018506721074838,0.3965314840079903,0.5397560388275702,0.48252594258700177,0.4274767423395657,1.0,0.5423675623623117,0.5718250516304322,0.40212128357372245,0.39262652212285176,0.3955861522403433,0.5365049924704215,0.3018827518012237,0.33453076727458364,0.3453706326032284,0.28629893926804406,0.48579288711194857,0.0,0.529461709459502,0.4403828646167032,0.3234952523302632,0.3984388340951014,0.5002779097037486,0.2715158048730668,0.5328040406241343,0.2907918550240953,0.4361547715181312,0.5244704379841907,0.3109488105406075,0.3093710778930199,0.32294863645085636,0.45811332127653015,0.4579523501088735,0.3011057024551359,0.34328715220307615
0.355024852764683,0.43968840047393676,0.2730105180457759,0.3003976231526121,0.4073064255908415,0.43680433629317716,0.4064998327519329,0.30556029362527093,0.339369108184586,0.3041407455318721,0.5177457460283348,0.30663179645148564,0.5801893473545054,0.29959030776872486,0.29040843825552876,0.3927300098745393,0.3991164684722901,0.5433681594628335,0.5312949238370523,0.40859925471262604,0.5423675623623117,1.0,0.7186591649164364,0.3941822903662584,0.38731717080523664,0.3834412285735924,0.5342673162565859,0.3024464870132255,0.34179230722507004,0.3386823032800873,0.2857467298759716,0.4990323013217962,0.0,0.6392041766412807,0.4388719621176409,0.3164507575687975,0.3823841559189415,0.5013990693132669,0.269716329997172,0.5432086020824268,0.2841929426670089,0.44736967051743415,0.5371153530256683,0.3082582312138282,0.3056559041989322,0.3154431606527347,0.4480767159360244,0.44867165316827295,0.3038418354025838,0.34832340563844955
0.37312068895095085,0.45923566407278915,0.2841590897118653,0.3257519370868238,0.43020681830362495,0.4596977827008535,0.4371007501602998,0.3211922351947125,0.3563695172023609,0.31997627812706075,0.5312891677680844,0.3212729268739969,0.5779901312596911,0.31414494873369314,0.3115117811647463,0.4168122668584814,0.416841351430282,0.5653239345602172,0.49613405963338697,0.436379869044373,0.5718250516304322,0.7186591649164364,1.0,0.4144355262749918,0.41629021250389064,0.40100493616848687,0.5553599914614318,0.31877026562997046,0.35538321397869,0.3542656346567502,0.3024951368688653,0.5157050841937564,0.0,0.6549017508371284,0.4541404403162115,0.3316571500563683,0.4125841041055279,0.5172654109556551,0.2801906020832874,0.5556197854331728,0.3040974291612695,0.46090131638929943,0.545111366358525,0.3264856579753269,0.325121477436487,0.3272335572527211,0.45875824340241145,0.459740452826484,0.3165387623490855,0.3599333724881739
0.3381674022362572,0.5236299178268549,0.25742702991773914,0.3095151064041147,0.45866959422050546,0.536746600450428,0.36650065015330713,0.3159236843722618,0.3483012139197341,0.31853716341517047,0.427567118076677,0.3031976207623649,0.4452509257045616,0.2873190249447731,0.30671888168573047,0.38002327120169144,0.5690251333545338,0.41990558094687047,0.3612842070023178,0.3626402435160164,0.40212128357372245,0.3941822903662584,0.4144355262749918,1.0,0.551286953209944,0.550842641944841,0.4182170355493191,0.2861404469841299,0.3453552053928046,0.33473217589292015,0.29253217458141056,0.44924487424490145,0.0,0.4121158234694786,0.5355931867868416,0.29793356522824455,0.35712246424366323,0.40507977432340037,0.24705659360509136,0.4171681379044886,0.30014947624615507,0.4668800874194551,0.4155246523766394,0.2925509169217766,0.3011752567529651,0.2985290686651604,0.464662445273602,0.4649335508636012,0.28844774358660075,0.329121411368398
0.333901316486964,0.5348267644478599,0.25844793945666256,0.31671569298873803,0.43205268941420205,0.5465713692794826,0.3680028826887619,0.3063943256643873,0.33271943391596337,0.316727931834514,0.40294739511233124,0.30077590982326463,0.41333167821235806,0.28946660263292423,0.30887180330835473,0.380990112580501,0.5169182214179029,0.40576996407719734,0.3677170776091665,0.36657557632605653,0.39262652212285176,0.38731717080523664,0.41629021250389064,0.551286953209944,1.0,0.5157530806364177,0.4048651205126239,0.2833442939125007,0.32906689569647407,0.31832485397134547,0.2893193102298295,0.4743829769147444,0.0,0.4050876343716747,0.5310928492972473,0.2940212513212369,0.3667947625393281,0.40508792215408285,0.25593407125165746,0.40151846519583345,0.2973582279826943,0.4520285572059902,0.41366159731205565,0.30360164935730194,0.30836310818834656,0.30522145564354275,0.459266599705469,0.4622199985289178,0.2936798406231108,0.32385536008444016
0.3147509948005639,0.46901110808301194,0.24727088853780044,0.3034754852907128,0.4462597644359446,0.4672545851626029,0.3543479400516476,0.2986851547845504,0.32501976074537653,0.306830289300675,0.41507098280420807,0.29043276944773533,0.41866264686880905,0.2822158693357504,0.29673905257179467,0.38037272325911065,0.5535524319920294,0.4028310059727295,0.35013139546511995,0.35345024788582646,0.3955861522403433,0.3834412285735924,0.40100493616848687,0.550842641944841,0.5157530806364177,1.0,0.3985199698734391,0.28012137280896365,0.3329638762761725,0.31584825488282453,0.28791995992513086,0.4351453558606271,0.0,0.395357727457323,0.46387726634264126,0.28651628258637585,0.3439909180568258,0.399177763362487,0.24058183437095892,0.4076242452481005,0.28984294514210285,0.44855631668658136,0.400729872690467,0.29575758551453446,0.2939919942936101,0.2895053698529906,0.45250466881800144,0.45428926443171813,0.2904401042469149,0.317923501766894
0.3654494554242318,0.4570804168528845,0.28550942394356316,0.31420169291401856,0.43332619963826924,0.44255616170040246,0.4034523609155324,0.3191747825489063,0.35751115712948556,0.32289709404187084,0.5332770716982882,0.31608677177647104,0.5684735503335472,0.31341655179908523,0.306986418181057,0.3879597845384264,0.40648730394568466,0.5293058290316928,0.4638792764066265,0.40466682851829305,0.5365049924704215,0.5342673162565859,0.5553599914614318,0.4182170355493191,0.4048651205126239,0.3985199698734391,1.0,0.3137798160253161,0.35566612751224624,0.35535381985032677,0.30028821380033355,0.5042876263520785,0.0,0.5295359873441023,0.44815922676187003,0.3218016733818554,0.37852249724073994,0.5915990607324337,0.26335056388779077,0.5716073570121891,0.3019162065520832,0.45739348846987204,0.6246781155077032,0.32634873047490487,0.31808690308522225,0.32999534137888664,0.4581560054957734,0.45819320360799176,0.31739866351284063,0.35687283802984104
0.33387613668858396,0.3291270384048386,0.26277658316540564,0.5453578583728214,0.2853895734898,0.32009601099040563,0.299977188815994,0.6821197161347992,0.3184515711255872,0.5333195903015829,0.32556769059314994,0.5271293014794836,0.3203445733839141,0.5478627241321764,0.5157942779110726,0.3005288416175024,0.28582230990104973,0.31223689761720286,0.2796339856881481,0.3029007501107911,0.3018827518012237,0.3024464870132255,0.31877026562997046,0.2861404469841299,0.2833442939125007,0.28012137280896365,0.3137798160253161,1.0,0.3602964627577696,0.31879102663356074,0.4958725831136642,0.3098287445304654,0.0,0.307042478123158,0.3015248241846127,0.43739031205621215,0.2835566284160733,0.32832830156294823,0.3960103009992755,0.31519231566301076,0.5167659536926443,0.3064744752446502,0.3162541556373576,0.7970412878893691,0.7597760843755916,0.32940992671784863,0.31512953785083897,0.31519242697027183,0.49992141268400525,0.3499683747373783
0.39592471237289906,0.3663991448566316,0.29890018061086765,0.352512792754865,0.3253739935263694,0.3635307641296227,0.3369839161379289,0.35820306911256294,0.37882412609584337,0.36467144007774055,0.3650222198429264,0.3586259040828428,0.3590616309716933,0.3583680876487817,0.34573715395001126,0.3342654545901528,0.3430481751654888,0.3541890505994081,0.3108596405189552,0.33831852773694004,0.33453076727458364,0.34179230722507004,0.35538321397869,0.3453552053928046,0.32906689569647407,0.3329638762761725,0.35566612751224624,0.3602964627577696,1.0,0.3730832123136565,0.3388469176865462,0.34840595554697795,0.0,0.35203528942860585,0.3465662089017165,0.3547363742396762,0.319504043249078,0.3526875356293028,0.3049017750762625,0.3556261715236808,0.33726378462421924,0.34372456486320246,0.3553821381632023,0.36206497360373224,0.3624236644245009,0.42188911277911056,0.3469987360933494,0.34700688967886306,0.351050793905227,0.6260787873092206
0.4347687030684745,0.3583485256680846,0.30856986242091644,0.3306475617616219,0.3368262686880593,0.34687912063021975,0.3398166754719071,0.32766379092549913,0.4554221758524748,0.33849347559297516,0.36553880800600824,0.33116328236221193,0.37494483165023196,0.3165383002633414,0.32533411674852375,0.35462978415279256,0.31762868110282483,0.35225796049562585,0.3042432111331934,0.34320621074757696,0.3453706326032284,0.3386823032800873,0.3542656346567502,0.33473217589292015,0.31832485397134547,0.31584825488282453,0.35535381985032677,0.31879102663356074,0.3730832123136565,1.0,0.3138141251030737,0.34270890084864214,0.0,0.341326733314398,0.34365921173648406,0.3243704373912162,0.32412570931606555,0.34944225371156157,0.27257705759561146,0.36825336728215585,0.3223461755097329,0.3456696582634813,0.3594691703755911,0.32386842471072563,0.31956797889035937,0.366164283992353,0.3554231908546114,0.35553571717347865,0.31889969604311474,0.3882827543369983
0.3119346450747903,0.31178725789308304,0.24758270916196934,0.5322103961585524,0.3035994354594138,0.30513698809105083,0.2847584950435851,0.49797307243622524,0.32269006275250367,0.5492348640159637,0.3088584812011306,0.47914777190272384,0.3207853026271248,0.5182519772007885,0.5287768248505151,0.3028312695467289,0.2866387870891769,0.297412070040615,0.2613088719588478,0.28749458657387383,0.28629893926804406,0.2857467298759716,0.3024951368688653,0.29253217458141056,0.2893193102298295,0.28791995992513086,0.30028821380033355,0.4958725831136642,0.3388469176865462,0.3138141251030737,1.0,0.307824117315597,0.0,0.2951832953373438,0.28936011072599244,0.42767446840919854,0.279184408781333,0.29990751017969297,0.3728884797214955,0.305877090384979,0.6490445973546284,0.29884776012180436,0.3017580110021254,0.5015847227332346,0.4944681630421265,0.32058292869661476,0.3029068076776562,0.30283910681046977,0.4649053045525351,0.3379484833222356
0.35070174114336594,0.4415649441743327,0.27056046626087527,0.3357222788042893,0.48481973162888814,0.457056418248847,0.3858336795674667,0.32701111118674553,0.3589550004874218,0.33034623429860754,0.4791498157170976,0.3167764946258873,0.5411995376043893,0.3107699028216083,0.3261956427456044,0.39628550615352276,0.4704687708873415,0.4807356503727359,0.4615065425061572,0.38407567971450485,0.48579288711194857,0.4990323013217962,0.5157050841937564,0.44924487424490145,0.4743829769147444,0.4351453558606271,0.5042876263520785,0.3098287445304654,0.34840595554697795,0.34270890084864214,0.307824117315597,1.0,0.0,0.5027315483504325,0.4289738145886772,0.30901974317613323,0.3778910725794862,0.5030255984390763,0.2722305064781204,0.5187693713429928,0.3122493925261365,0.44392322488876645,0.5193232754029262,0.3150446273649211,0.321672784453358,0.31848350464709996,0.4510682536902869,0.45301031633419486,0.29789317515507174,0.3403077071506808
0.0,0.0,0.0,0.0,0.0,0.0,0.0,0.0,0.0,0.0,0.0,0.0,0.0,0.0,0.0,0.0,0.0,0.0,0.0,0.0,0.0,0.0,0.0,0.0,0.0,0.0,0.0,0.0,0.0,0.0,0.0,0.0,1.0,0.0,0.0,0.0,0.0,0.0,0.0,0.0,0.0,0.0,0.0,0.0,0.0,0.0,0.0,0.0,0.0,0.0
0.3631468060861418,0.4476406338562088,0.27744891850420283,0.3097058181714559,0.4304891410490925,0.46717644151206295,0.3996045044105516,0.31889154151189725,0.34541769190280236,0.3112894485218205,0.5102389312810272,0.3132028002573908,0.5575385246930107,0.30394335936368144,0.29808346650986994,0.3912337966824798,0.4243990117660664,0.5142723036886643,0.4643047018386356,0.40033604876362183,0.529461709459502,0.6392041766412807,0.6549017508371284,0.4121158234694786,0.4050876343716747,0.395357727457323,0.5295359873441023,0.307042478123158,0.35203528942860585,0.341326733314398,0.2951832953373438,0.5027315483504325,0.0,1.0,0.44774715817467314,0.3338018291377036,0.3815824247842041,0.5026310389289494,0.29004360345828806,0.5366208945551412,0.2924445848143875,0.4539492320744628,0.5407352136313835,0.3145836898942552,0.31590219863424385,0.3206238569509915,0.4552281107162438,0.4588669744816708,0.30616388802767136,0.3530845970442156
0.356931526249075,0.5721453184864753,0.2713350371085853,0.30927297742052706,0.40413820486388363,0.5695109421593136,0.40415178079603753,0.3106461943644304,0.34382321617482325,0.3146038114900429,0.46191372649509643,0.3194674389279709,0.4546227095840458,0.3000864629741641,0.30102165077766774,0.390091494469042,0.4728970861525137,0.4537033638758401,0.4049205676134521,0.4002580675684677,0.4403828646167032,0.4388719621176409,0.4541404403162115,0.5355931867868416,0.5310928492972473,0.46387726634264126,0.44815922676187003,0.3015248241846127,0.3465662089017165,0.34365921173648406,0.28936011072599244,0.4289738145886772,0.0,0.44774715817467314,1.0,0.31474531342944745,0.3733217833465461,0.436710716438205,0.27565454373404574,0.4592479554163995,0.2926531662952532,0.5030240960008233,0.46048763906403833,0.3078765606791033,0.30893564500147863,0.31917600213721853,0.503553147226763,0.5041588359774207,0.3072338784986154,0.3457021961500847
0.3348285295490334,0.3224310686402553,0.266512755597181,0.44174179984224893,0.2797647421007494,0.3295132996573843,0.3226708069648384,0.4387905721995502,0.32604525791904293,0.4570032703961444,0.33141022859125624,0.44252323955808637,0.31902758400859754,0.44197995510528265,0.43242875555483595,0.3172625195693747,0.29563685729901745,0.3352295798783571,0.29575535468348,0.3238048160835695,0.3234952523302632,0.3164507575687975,0.3316571500563683,0.29793356522824455,0.2940212513212369,0.28651628258637585,0.3218016733818554,0.43739031205621215,0.3547363742396762,0.3243704373912162,0.42767446840919854,0.30901974317613323,0.0,0.3338018291377036,0.31474531342944745,1.0,0.3052845767395005,0.30874789329933416,0.41080990484633784,0.32469088951967295,0.42963189740153807,0.3156642291380364,0.31915212532602844,0.4488963301079758,0.45025976060527784,0.3251541112297318,0.3133968697824304,0.31418829856443353,0.44129386882142385,0.3584364299383499
0.3415101734516811,0.3658947123511249,0.25352942363312436,0.2994863158536536,0.34435299039144474,0.3762784860047641,0.7779072043347545,0.2944559501014442,0.33115823233868413,0.299361251508357,0.3780075541708864,0.2885208720948924,0.3827032868358381,0.28672063267374914,0.29075742547852224,0.7287173811946945,0.35013368694260805,0.40757448324870693,0.3697041194933537,0.7729582095599632,0.3984388340951014,0.3823841559189415,0.4125841041055279,0.35712246424366323,0.3667947625393281,0.3439909180568258,0.37852249724073994,0.2835566284160733,0.319504043249078,0.32412570931606555,0.279184408781333,0.3778910725794862,0.0,0.3815824247842041,0.3733217833465461,0.3052845767395005,1.0,0.35593550400738616,0.25735111367530017,0.36894041104573194,0.27783924842330876,0.3743849077767085,0.3798035824371808,0.2889489919630024,0.28940224790616575,0.28672164543379497,0.3602909146271279,0.3618544968390951,0.2804894287973019,0.3218355264695405
0.3760573046817397,0.4733450215463533,0.28178540963088694,0.31186169697583865,0.44074937806043846,0.4626471807774062,0.38024972201025964,0.3319756802381172,0.34713341826240807,0.32640994309240423,0.5191742372180701,0.3221578159382794,0.5353030043617135,0.3141689596507574,0.3069711105369759,0.376531707506622,0.4040246829364389,0.4858502920268293,0.43392553425427693,0.3833101403577336,0.5002779097037486,0.5013990693132669,0.5172654109556551,0.40507977432340037,0.40508792215408285,0.399177763362487,0.5915990607324337,0.32832830156294823,0.3526875356293028,0.34944225371156157,0.29990751017969297,0.5030255984390763,0.0,0.5026310389289494,0.436710716438205,0.30874789329933416,0.35593550400738616,1.0,0.2756983919483149,0.5510352613691272,0.30646207411704474,0.45486347648486547,0.6282601526699649,0.33334951988219774,0.32392624173730444,0.33168890019266806,0.47026786505429263,0.47022580280184,0.32475540491696864,0.35245805272622244
0.2987794612467207,0.27284072804144277,0.2211256921963547,0.3948231935384162,0.3169191018863192,0.29467583331820046,0.27079635382471845,0.40511982872233565,0.27137586341265696,0.41304536357300536,0.28212553615585434,0.42167749051929204,0.2751393175075666,0.39131523077032093,0.394478499433191,0.26165783257793984,0.25784706016400816,0.2811485033236333,0.2579484784109204,0.26977737895418863,0.2715158048730668,0.269716329997172,0.2801906020832874,0.24705659360509136,0.25593407125165746,0.24058183437095892,0.26335056388779077,0.3960103009992755,0.3049017750762625,0.27257705759561146,0.3728884797214955,0.2722305064781204,0.0,0.29004360345828806,0.27565454373404574,0.41080990484633784,0.25735111367530017,0.2756983919483149,1.0,0.27144089932579607,0.37972741782126973,0.27479067898881737,0.2780656264817415,0.41239412546002374,0.41001840799693523,0.27487936619111786,0.26994744757201294,0.27226829227943905,0.38764303106897136,0.3011351978733219
0.3654055919108895,0.4641567640668425,0.29251022664687043,0.3131175150091873,0.44472679549096783,0.4566571600983915,0.3979269029311704,0.32215431045796283,0.3597371715281973,0.32741648849543237,0.5554634900129669,0.3183537240454697,0.573409974960805,0.31060626795148605,0.30931032795345914,0.3871310720857287,0.41349565299875046,0.5254831294449587,0.46430911650946827,0.400867761988036,0.5328040406241343,0.5432086020824268,0.5556197854331728,0.4171681379044886,0.40151846519583345,0.4076242452481005,0.5716073570121891,0.31519231566301076,0.3556261715236808,0.36825336728215585,0.305877090384979,0.5187693713429928,0.0,0.5366208945551412,0.4592479554163995,0.32469088951967295,0.36894041104573194,0.5510352613691272,0.27144089932579607,1.0,0.30486002091828535,0.4685374950813127,0.5820897176700675,0.3217242021747906,0.32092609636672775,0.3397270138670698,0.492203186923335,0.49181553081365637,0.318657602700962,0.36744314388205535
