../ecoli_genomes/GCF_000163235.1_ASM16323v1_genomic.fna.gz,../ecoli_genomes/GCF_000164555.1_ASM16455v1_genomic.fna.gz,../ecoli_genomes/GCF_000208545.1_ASM20854v2_genomic.fna.gz,../ecoli_genomes/GCF_000233875.1_ASM23387v1_genomic.fna.gz,../ecoli_genomes/GCF_000249735.1_ASM24973v2_genomic.fna.gz,../ecoli_genomes/GCF_000261145.1_Esch_coli_M919_V2_genomic.fna.gz,../ecoli_genomes/GCF_000267705.2_ASM26770v2_genomic.fna.gz,../ecoli_genomes/GCF_000350665.1_Esch_coli_KTE5_V1_genomic.fna.gz,../ecoli_genomes/GCF_000351625.1_Esch_coli_KTE66_V1_genomic.fna.gz,../ecoli_genomes/GCF_000352285.1_Esch_coli_KTE46_V1_genomic.fna.gz,../ecoli_genomes/GCF_000358895.1_ASM35889v1_genomic.fna.gz,../ecoli_genomes/GCF_000456385.1_Esch_coli_HVH_26_4-5703913_V1_genomic.fna.gz,../ecoli_genomes/GCF_000458195.1_Esch_coli_HVH_147_4-5893887_V1_genomic.fna.gz,../ecoli_genomes/GCF_000459755.1_Esch_coli_KOEGE_58_171a_V1_genomic.fna.gz,../ecoli_genomes/GCF_000460055.1_Esch_coli_UMEA_3053-1_V1_genomic.fna.gz,../ecoli_genomes/GCF_000462165.2_ASM46216v2_genomic.fna.gz,../ecoli_genomes/GCF_000601135.1_ASM60113v1_genomic.fna.gz,../ecoli_genomes/GCF_000614595.1_Ec2010EL1058_genomic.fna.gz,../ecoli_genomes/GCF_000617745.1_Ec2010C-4529_genomic.fna.gz,../ecoli_genomes/GCF_000618265.2_EcF6751_genomic.fna.gz,../ecoli_genomes/GCF_000619005.2_Ec2009C-4052_genomic.fna.gz,../ecoli_genomes/GCF_000619105.1_Ec2009C-4780_genomic.fna.gz,../ecoli_genomes/GCF_000619765.2_Ec2009C-3279_genomic.fna.gz,../ecoli_genomes/GCF_000687005.1_ASM68700v1_genomic.fna.gz,../ecoli_genomes/GCF_000687025.1_ASM68702v1_genomic.fna.gz,../ecoli_genomes/GCF_000700125.1_ASM70012v1_genomic.fna.gz,../ecoli_genomes/GCF_000753315.1_FHI35_genomic.fna.gz,../ecoli_genomes/GCF_000776375.1_ASM77637v1_genomic.fna.gz,../ecoli_genomes/GCF_000779395.1_ASM77939v1_genomic.fna.gz,../ecoli_genomes/GCF_000780315.1_ASM78031v1_genomic.fna.gz,../ecoli_genomes/GCF_000781995.1_ASM78199v1_genomic.fna.gz,../ecoli_genomes/GCF_000986765.1_ASM98676v1_genomic.fna.gz,../ecoli_genomes/GCF_001041375.1_ViralProj287958_genomic.fna.gz,../ecoli_genomes/GCF_001265335.1_302014_genomic.fna.gz,../ecoli_genomes/GCF_001265625.1_100854_genomic.fna.gz,../ecoli_genomes/GCF_001267345.1_303289_genomic.fna.gz,../ecoli_genomes/GCF_001309985.1_ASM130998v1_genomic.fna.gz,../ecoli_genomes/GCF_001521695.1_ASM152169v1_genomic.fna.gz,../ecoli_genomes/GCF_001592595.1_ASM159259v1_genomic.fna.gz,../ecoli_genomes/GCF_001614975.1_ASM161497v1_genomic.fna.gz,../ecoli_genomes/GCF_001692775.1_ASM169277v1_genomic.fna.gz,../ecoli_genomes/GCF_001748915.1_ASM174891v1_genomic.fna.gz,../ecoli_genomes/GCF_001749235.1_ASM174923v1_genomic.fna.gz,../ecoli_genomes/GCF_001881155.1_ASM188115v1_genomic.fna.gz,../ecoli_genomes/GCF_001881345.1_ASM188134v1_genomic.fna.gz,../ecoli_genomes/GCF_001892405.1_ASM189240v1_genomic.fna.gz,../ecoli_genomes/GCF_001892585.1_ASM189258v1_genomic.fna.gz,../ecoli_genomes/GCF_001893985.1_ASM189398v1_genomic.fna.gz,../ecoli_genomes/GCF_002001595.1_ASM200159v1_genomic.fna.gz,../ecoli_genomes/GCF_002002145.1_ASM200214v1_genomic.fna.gz
1.0,0.32140789710971773,0.2598548602689641,0.2884446102099394,0.30353191539729885,0.312094098272796,0.30263543592429365,0.2958628950298634,0.3873658121833713,0.2978825898661459,0.3260425170692105,0.2970427326904763,0.31629775468441557,0.28144683621530875,0.26780341446432643,0.306439906436486,0.27099086978112497,0.3176079274471283,0.2954810140399574,0.3010067059413125,0.30683288639475415,0.29896097372627284,0.32215659993515267,0.2983107304338498,0.2768406912236955,0.24779434137435585,0.3132473864589502,0.28057612662174514,0.34232591452735195,0.3855281699552563,0.25343882080965074,0.31670735276285367,0.0,0.3077807441074383,0.3056831946152042,0.2822381088403423,0.2923143388989843,0.32332023099515705,0.22669949476959061,0.3168875994235959,0.26381835682826205,0.3070921123297814,0.32049575020957877,0.2903249338616779,0.3025122436925002,0.3182064614233001,0.3071419067664971,0.3057980718857536,0.27299634760495606,0.34864464395210903
0.32140789710971773,1.0,0.23214643637065702,0.27242615079406596,0.3878823788731277,0.517002988883474,0.34841894788588457,0.2811757337196493,0.2941271891314876,0.28594091551901235,0.41879656443963176,0.28613900626200095,0.4140503544811496,0.26703253115934333,0.2603613864232298,0.3430485791989307,0.36871191489451915,0.41749785398315165,0.3738287057875911,0.35144234560009535,0.4040791616473476,0.366624456635272,0.4198051906608635,0.47787352730246146,0.4394085069818695,0.33480064312819835,0.4215473166559208,0.2812062497443796,0.307247019717957,0.2996146149337565,0.2569473377761816,0.39527784009103073,0.0,0.39746260313033244,0.5601791116396605,0.26727523454755053,0.3366338032499714,0.43249623168853624,0.1660665501842784,0.42649086697545435,0.25670299986112766,0.4693339655790899,0.42387227297486896,0.28989022081025273,0.2900815569581352,0.28018978603961553,0.47072123871402416,0.4747357626890867,0.28205818147411066,0.299416232229764
0.2598548602689641,0.23214643637065702,1.0,0.19974236800069411,0.20651647643634263,0.2086708888479667,0.2133646719172656,0.20679959819831506,0.24601735509774225,0.2086243451876082,0.22650543902872478,0.2033041782668804,0.2237164009960978,0.20153673417984208,0.1949690432621345,0.21281858327691638,0.1705583005666378,0.2244413390193949,0.20518600386032937,0.21562012094298055,0.22124923143403108,0.20461780918493178,0.22776292762275963,0.19356489787726194,0.17958013251263838,0.15533108030478593,0.22757110962455318,0.20755986850478048,0.24473314376852928,0.24916341331058323,0.19109340787714646,0.21518286286866406,0.0,0.21725450789215806,0.2146339375335029,0.20437743004901698,0.20511629502016937,0.2248410804844161,0.12953861777403364,0.22827142127641809,0.19422863601441032,0.2204146519363841,0.23476802934575203,0.21285400096595752,0.20812726636629963,0.22991197987741474,0.22231988867229513,0.22333033953113457,0.2089850915251351,0.247967161439277
0.2884446102099394,0.27242615079406596,0.19974236800069411,1.0,0.2981025086134008,0.27112314386212044,0.2466687688215613,0.5112226068394599,0.288467999813512,0.5241516770125078,0.2621638583935628,0.5217253527779038,0.27885067054960744,0.5462479167655694,0.5599453122965656,0.26644679036933405,0.23601322162652338,0.2603755079545996,0.24475459749325001,0.24653612331780161,0.25540796604695837,0.23960638212255214,0.2710415889469632,0.26900308080577306,0.24653593391118356,0.2135277311854189,0.2651425555877419,0.5175895034424565,0.2960945836558808,0.27332566314461504,0.5010696497566786,0.2952707788999619,0.0,0.2533968326128454,0.26031706890240836,0.41338363275629175,0.2465835384763645,0.26646737738841064,0.30349259045476507,0.25748580243436936,0.5392507677803753,0.2550548279619673,0.266444645730741,0.5266286806344791,0.5196615626423744,0.2877869852744728,0.25734476583960475,0.2574646150413237,0.45169946795960014,0.3035781909011699
0.30353191539729885,0.3878823788731277,0.20651647643634263,0.2981025086134008,1.0,0.40426534449028895,0.3232477160837389,0.29215933969347885,0.31537783797888364,0.29791179346611685,0.5035236322210698,0.2694294396464537,0.480111378247975,0.2692896932405141,0.29373333278193803,0.3639171469531799,0.3672232531422577,0.4117605165056921,0.3805624962282248,0.3218481077444736,0.418374429843796,0.37194032189796744,0.42093330668745677,0.4211156732243567,0.37312738799513023,0.34054913885174065,0.42922565016907965,0.2495981239549525,0.28704382704551,0.3065126249058657,0.26715550336021077,0.47492714176396855,0.0,0.43101977841583816,0.40232704757802906,0.2518597202499888,0.3305385601552592,0.44312654280977326,0.17967455426332313,0.4314656176079652,0.2998431354269533,0.40223767633046836,0.4478844794103489,0.26099849069318704,0.2681244224525262,0.2607761187335187,0.40569069443807326,0.4064186408138585,0.25554681028951676,0.28252652647463183
0.312094098272796,0.517002988883474,0.2086708888479667,0.27112314386212044,0.40426534449028895,1.0,0.3522481917669096,0.28231764945766824,0.28629985689220383,0.270711556516568,0.420938564365799,0.265611641248344,0.40069381140252414,0.25756565749111926,0.2551781387657892,0.3838754682029266,0.38185554347679496,0.41090536876713735,0.3904725487694759,0.34189304350363803,0.38368977225525325,0.4459252260233547,0.4101417731143484,0.5209183502412167,0.48361953911220423,0.3721300584879428,0.3868885669824417,0.25249479767826566,0.2932074163989059,0.28061261210633937,0.24087405086942992,0.41859400837898364,0.0,0.4001601311992087,0.5397529056015422,0.2726615345274329,0.3356719306219009,0.41283958080181904,0.1877355686744916,0.3998136140382853,0.2551303893301514,0.4485924892792944,0.3992214586781828,0.26967870301789554,0.2703698559735832,0.2738340469077397,0.4516426382199157,0.45370849336363006,0.25971177238498466,0.2940738229549561
0.30263543592429365,0.34841894788588457,0.2133646719172656,0.2466687688215613,0.3232477160837389,0.3522481917669096,1.0,0.2542034998297803,0.2948014517103824,0.2544827879639555,0.35986922188532067,0.2461159977514532,0.3507547976300792,0.24761913385399192,0.23943872814542677,0.74474845840348,0.2688824411647259,0.3840440372330901,0.3550885541000809,0.8608402344762767,0.38191773627106196,0.34969613188485016,0.3876752518868677,0.31040716815773073,0.2837417595119579,0.243153214953432,0.35711758131616633,0.24772104251603966,0.2825761984608858,0.28883246016943775,0.2324762224664907,0.3414846688151718,0.0,0.3551327053208819,0.3574112754858605,0.268933982825306,0.7970947729647249,0.34364451234363713,0.16815233863508205,0.35678982932833125,0.23344861366643488,0.34922087910005706,0.36028851918102833,0.2528166082777623,0.2540038656665362,0.2631237911350235,0.33832980717925654,0.34023239642162806,0.2444125597893918,0.2875305111163633
0.2958628950298634,0.2811757337196493,0.20679959819831506,0.5112226068394599,0.29215933969347885,0.28231764945766824,0.2542034998297803,1.0,0.2856985289882541,0.515403564741565,0.26778461629566874,0.48822346539682904,0.2837204487549376,0.4850645121042837,0.47745892506204135,0.27101666236278277,0.2405828662177919,0.26638020439605115,0.24713033043283283,0.25342281243345266,0.257909731803432,0.2451371862079278,0.2711158113522959,0.2825045036914485,0.24744570134532085,0.22371173573984426,0.2717128205449749,0.684890756049439,0.30605582356521044,0.27567510015836894,0.4803642064152083,0.28837906906165833,0.0,0.2606233954220081,0.26670151664772845,0.4131879644230554,0.2518475332533531,0.28788765780875725,0.3014524416902318,0.2696868736051242,0.49257945157002825,0.26600687904072295,0.27602060246857363,0.6968113263456798,0.6710424767769019,0.2876513003932375,0.2617605986317293,0.2607547324920928,0.44954796502527294,0.30514010717491546
0.3873658121833713,0.2941271891314876,0.24601735509774225,0.288467999813512,0.31537783797888364,0.28629985689220383,0.2948014517103824,0.2856985289882541,1.0,0.2983240591604879,0.3087769172858409,0.27265318111702497,0.32066278016811156,0.27673100824079155,0.28819105884292995,0.31192566165902236,0.23506923557491977,0.29959614603877216,0.2693305533567778,0.2965287454325394,0.29373199805063666,0.2699339922307308,0.30196870903865936,0.2816218489023057,0.24902121013133716,0.21419754239917232,0.30426386430963515,0.26573608749687816,0.3311894544839308,0.4149257597854603,0.26476515735470885,0.30304622968564676,0.0,0.2904104626459789,0.2921535125429139,0.2733200544159632,0.29279103956721064,0.3001965922107884,0.1757391927591887,0.3042501043632545,0.2760062319806109,0.29292381823519975,0.312650239282916,0.27189863355121013,0.26983453286648273,0.306666527371787,0.28855113796082577,0.28942295612790503,0.2653552239638145,0.3439350578595006
0.2978825898661459,0.28594091551901235,0.2086243451876082,0.5241516770125078,0.29791179346611685,0.270711556516568,0.2544827879639555,0.515403564741565,0.2983240591604879,1.0,0.27263726546560263,0.4881785484484379,0.29098090923228725,0.5068120075919597,0.5017115371635599,0.2752443087255445,0.2190812339079764,0.2639378277151586,0.24321938171185842,0.2544245529376492,0.2576850112745491,0.24100211500916613,0.2679802357684572,0.26181187322431254,0.2356231045813515,0.2041555778005295,0.2719985639912672,0.5036139994851602,0.304751123935011,0.2884996148855137,0.5155905423273962,0.2796477320581431,0.0,0.2570809510865527,0.26629828392684896,0.42474527977669363,0.25297359856061363,0.2730341407108082,0.2910104738445325,0.27059237130534164,0.5344818104604823,0.26236806608781305,0.2710426655890298,0.5068828464564599,0.51035497651972,0.2879978747955746,0.2607156166441389,0.2613442534554935,0.46876144149018406,0.30014325789482776
0.3260425170692105,0.41879656443963176,0.22650543902872478,0.2621638583935628,0.5035236322210698,0.420938564365799,0.35986922188532067,0.26778461629566874,0.3087769172858409,0.27263726546560263,1.0,0.2677508888102239,0.5226451383365474,0.26619195088249437,0.2599117168163565,0.3680005314524919,0.3207668234573281,0.47999322904177044,0.4590475050132954,0.3584695358349935,0.47712951166942164,0.47079916068492267,0.482955029469491,0.3878384638357051,0.3345954218541206,0.2992798504079961,0.49361480559366644,0.2601321757965602,0.29913440230709476,0.3045124136345586,0.24796356695817512,0.4571626889096887,0.0,0.455241052562696,0.4283462294935899,0.2758752651455635,0.3438242424541542,0.4870532069423168,0.17437066998854478,0.5054731560506125,0.25610494474540646,0.44614296029412426,0.505151650988035,0.2708874689458435,0.26836355445179716,0.27800390165653,0.4292107407599097,0.42990033976271,0.26926040511694593,0.3095912491209728
0.2970427326904763,0.28613900626200095,0.2033041782668804,0.5217253527779038,0.2694294396464537,0.265611641248344,0.2461159977514532,0.48822346539682904,0.27265318111702497,0.4881785484484379,0.2677508888102239,1.0,0.2693352948305273,0.5059576407737133,0.6128417652069758,0.25753125467108684,0.24134197863684337,0.25789088129438453,0.2446108604607642,0.24634623337233186,0.2558614073849539,0.24081121005241068,0.264935326508705,0.27034466469412133,0.24832847401938185,0.22258457983739688,0.26121907664925503,0.4908743782437659,0.3053064211416112,0.2741968715241382,0.4526492285296547,0.27861300683259005,0.0,0.25542270880290985,0.2634751279362012,0.4063479037605091,0.24019604590274546,0.2718614134887456,0.3079043941267886,0.26080123070512073,0.47451767417765234,0.25351315859421364,0.268869364698455,0.5020175579899275,0.5024784773996396,0.293099606487378,0.26708817347609526,0.2662152121523116,0.4408761389226249,0.30019422960635556
0.31629775468441557,0.4140503544811496,0.2237164009960978,0.27885067054960744,0.480111378247975,0.40069381140252414,0.3507547976300792,0.2837204487549376,0.32066278016811156,0.29098090923228725,0.5226451383365474,0.2693352948305273,1.0,0.2667185108955161,0.2815753340061401,0.37247480730309157,0.3228733634119766,0.4913690148133234,0.48833194035927685,0.3535513591867574,0.503008900823338,0.5010154614060518,0.5487351748869852,0.38868016181630016,0.33235749643841395,0.2915184914922817,0.5275716096791134,0.26395759212742687,0.2966424993344895,0.3182710759834869,0.2577295697130847,0.5069116990539291,0.0,0.5093550752282966,0.4215063352271805,0.267108272135537,0.35326277802504813,0.5052620920898551,0.17197192200622435,0.536764218492227,0.2758146327200126,0.4287238905072618,0.5274285618402779,0.26925212754911965,0.26840080868415106,0.2728213356784487,0.42114871959690814,0.4221474404914044,0.26942798859053885,0.3051430184978148
0.28144683621530875,0.26703253115934333,0.20153673417984208,0.5462479167655694,0.2692896932405141,0.25756565749111926,0.24761913385399192,0.4850645121042837,0.27673100824079155,0.5068120075919597,0.26619195088249437,0.5059576407737133,0.2667185108955161,1.0,0.5420118595282142,0.2528290695212756,0.20950231350436943,0.2623070094234513,0.24142583693976938,0.24856855412627454,0.25226562077813197,0.2360835466235468,0.26580831229618074,0.2318437471036886,0.21995871275163126,0.1878084757580919,0.26703591953882555,0.5095531718738795,0.30721290270652457,0.2711248000261195,0.4896081378439481,0.2672814453568816,0.0,0.25415360781375285,0.25661645142193434,0.41050089767556885,0.24056206057788043,0.26970079125163415,0.28471132285826795,0.2615373869380534,0.5119768655045098,0.253776947896304,0.26942653181684717,0.5107327959320476,0.5021175141518893,0.29100118355955973,0.25380145127946785,0.2554491042448408,0.4513006794222668,0.30319985352341816
0.26780341446432643,0.2603613864232298,0.1949690432621345,0.5599453122965656,0.29373333278193803,0.2551781387657892,0.23943872814542677,0.47745892506204135,0.28819105884292995,0.5017115371635599,0.2599117168163565,0.6128417652069758,0.2815753340061401,0.5420118595282142,1.0,0.2635479812457219,0.21855987565753954,0.2535961443153296,0.23284951209402738,0.24124043097983272,0.24730665131877028,0.2261809717127421,0.25855473104973636,0.2522479451051344,0.23316688151650333,0.19552532849472637,0.25559222109090685,0.4778175338828572,0.29120644003957696,0.2743480313073333,0.4843148203782066,0.2796130609563575,0.0,0.24471049076389217,0.2531665100279471,0.4026987217722614,0.24398717467187647,0.2603763448137745,0.28211007382155306,0.25279980484482467,0.5151596414008572,0.2502469202611389,0.26289559421723574,0.48381075878713287,0.4769115577604822,0.283926556594685,0.2568156966391516,0.25732365801232215,0.4382478245142737,0.30615014447437905
0.306439906436486,0.3430485791989307,0.21281858327691638,0.26644679036933405,0.3639171469531799,0.3838754682029266,0.74474845840348,0.27101666236278277,0.31192566165902236,0.2752443087255445,0.3680005314524919,0.25753125467108684,0.37247480730309157,0.2528290695212756,0.2635479812457219,1.0,0.2830492901467313,0.3685611297686209,0.3518330466393541,0.7469891052000354,0.3629015444537309,0.37638513303170296,0.3740665145973606,0.3508568258468002,0.31733263955529467,0.27350073331166647,0.34826035035434,0.24574685219613202,0.27890118907952366,0.30368005116655006,0.2426620397216167,0.3643622650068681,0.0,0.346048681824223,0.35114168596793294,0.2642031601748669,0.7255137326061412,0.348480691231252,0.16767654729385373,0.3500277822880038,0.2567138052984451,0.3444468639349124,0.35299096023048715,0.25875111806484874,0.2597943436363157,0.2652565093687177,0.3391491534131533,0.33996034552363874,0.24831909626999848,0.287829711630045
0.27099086978112497,0.36871191489451915,0.1705583005666378,0.23601322162652338,0.3672232531422577,0.38185554347679496,0.2688824411647259,0.2405828662177919,0.23506923557491977,0.2190812339079764,0.3207668234573281,0.24134197863684337,0.3228733634119766,0.20950231350436943,0.21855987565753954,0.2830492901467313,1.0,0.3099830809400149,0.2913809854577607,0.2664026841020525,0.3051459924745885,0.29726835300141896,0.32308311637772924,0.528155802510399,0.5482444630509032,0.6076942241918691,0.31244094658371147,0.20271985039364093,0.23902846983202608,0.23659498574651405,0.20122670712191082,0.40547859270687847,0.0,0.34801895089184465,0.39588269571731827,0.21207026801715523,0.2671555459450423,0.32112444489818337,0.3198578222118361,0.3245280170124567,0.21229228620931162,0.3509037228345705,0.32161554184910035,0.23116772299465593,0.2415634348434228,0.2324324672501159,0.40517223136164804,0.39114300800278845,0.2033440547893025,0.24117790878113454
0.3176079274471283,0.41749785398315165,0.2244413390193949,0.2603755079545996,0.4117605165056921,0.41090536876713735,0.3840440372330901,0.26638020439605115,0.29959614603877216,0.2639378277151586,0.47999322904177044,0.25789088129438453,0.4913690148133234,0.2623070094234513,0.2535961443153296,0.3685611297686209,0.3099830809400149,1.0,0.48392330772772385,0.38436784026414794,0.5105673061425129,0.46563608938720935,0.5230266236427478,0.3604421570005568,0.32268813547090947,0.2852979444449988,0.5003503685792597,0.2623978809756087,0.2973967307050901,0.30179070098425953,0.24490478489911383,0.44564805424243537,0.0,0.46995062553211076,0.42303091413731364,0.2815590501063543,0.3692939496733728,0.4699994097222957,0.17585992052405064,0.49784883610174613,0.24620727222339756,0.4318710072858397,0.49628811185822297,0.26387338286246464,0.26361955304131246,0.2751755320069954,0.41965949921668255,0.42218777292187626,0.25982950056842014,0.3052787517777058
0.2954810140399574,0.3738287057875911,0.20518600386032937,0.24475459749325001,0.3805624962282248,0.3904725487694759,0.3550885541000809,0.24713033043283283,0.2693305533567778,0.24321938171185842,0.4590475050132954,0.2446108604607642,0.48833194035927685,0.24142583693976938,0.23284951209402738,0.3518330466393541,0.2913809854577607,0.48392330772772385,1.0,0.3486599172335906,0.47055344013951994,0.4946963653138412,0.4805283075768624,0.33801118729296464,0.3103672494572677,0.26563837928639034,0.4467475726175618,0.23727751677573994,0.27223495961460376,0.2744067871326785,0.22406830562281965,0.4482173911717062,0.0,0.4334733687144867,0.38849590831522396,0.2596423260961198,0.33593178688438385,0.43074224395432636,0.16149893512562152,0.45688058978949253,0.2290486843142141,0.38356883972396894,0.44922752590346815,0.24880831202258924,0.247794253344376,0.2551285556556435,0.378362573716144,0.38096396873134897,0.24148686077578851,0.2820549858196071
0.3010067059413125,0.35144234560009535,0.21562012094298055,0.24653612331780161,0.3218481077444736,0.34189304350363803,0.8608402344762767,0.25342281243345266,0.2965287454325394,0.2544245529376492,0.3584695358349935,0.24634623337233186,0.3535513591867574,0.24856855412627454,0.24124043097983272,0.7469891052000354,0.2664026841020525,0.38436784026414794,0.3486599172335906,1.0,0.38084833497981574,0.34267074383758034,0.3871184023940857,0.30605599442599163,0.28038140670071754,0.24058831360576682,0.35952017254424606,0.24931630849561792,0.2843535155873954,0.2917815958836134,0.23357277318910263,0.33872359255764506,0.0,0.3518280642867253,0.3542608509397802,0.2658214280382899,0.807816662973658,0.3455074439899052,0.16315938562685883,0.3596042130592302,0.23434354000761382,0.3493655766896169,0.3612847481038083,0.25179200146994385,0.2523256427447834,0.2658658627629683,0.34091469864007906,0.3431193243531203,0.2463124505918679,0.28991696719751436
0.30683288639475415,0.4040791616473476,0.22124923143403108,0.25540796604695837,0.418374429843796,0.38368977225525325,0.38191773627106196,0.257909731803432,0.29373199805063666,0.2576850112745491,0.47712951166942164,0.2558614073849539,0.503008900823338,0.25226562077813197,0.24730665131877028,0.3629015444537309,0.3051459924745885,0.5105673061425129,0.47055344013951994,0.38084833497981574,1.0,0.4656633981258377,0.5345208835159349,0.3514243634591311,0.314252793643769,0.27669408078280977,0.5078909802623779,0.2575043839310065,0.29101889542600534,0.29813939726247585,0.24072467563315125,0.4592466391587531,0.0,0.4866255992326619,0.4095206888055397,0.27287579434077014,0.3644043745448441,0.48139573650213097,0.16572430368405133,0.5155901518997331,0.24453719380823224,0.4073991403908872,0.5057886972096833,0.26024020365233635,0.2595996788120841,0.2748107748580195,0.41185030820474766,0.4149207406448594,0.2570778802212438,0.29672639517401667
0.29896097372627284,0.366624456635272,0.20461780918493178,0.23960638212255214,0.37194032189796744,0.4459252260233547,0.34969613188485016,0.2451371862079278,0.2699339922307308,0.24100211500916613,0.47079916068492267,0.24081121005241068,0.5010154614060518,0.2360835466235468,0.2261809717127421,0.37638513303170296,0.29726835300141896,0.46563608938720935,0.4946963653138412,0.34267074383758034,0.4656633981258377,1.0,0.6432989450740534,0.36872737998680394,0.33882503459791236,0.294640152501744,0.4584105114218521,0.23444415139060726,0.2671410319307588,0.26769195513195265,0.21691835091254474,0.4635782704908301,0.0,0.5577895015581256,0.3818810587828386,0.25061358564183633,0.3296284305411429,0.4524129711832401,0.15697979781799964,0.4748903494439478,0.21983370250621836,0.3773759134561828,0.4689913319200594,0.24860790061575766,0.24613828156237194,0.2596831208996595,0.37436784137809154,0.37548321278438623,0.2403925656140551,0.2790243111539732
0.32215659993515267,0.4198051906608635,0.22776292762275963,0.2710415889469632,0.42093330668745677,0.4101417731143484,0.3876752518868677,0.2711158113522959,0.30196870903865936,0.2679802357684572,0.482955029469491,0.264935326508705,0.5487351748869852,0.26580831229618074,0.25855473104973636,0.3740665145973606,0.32308311637772924,0.5230266236427478,0.4805283075768624,0.3871184023940857,0.5345208835159349,0.6432989450740534,1.0,0.3633049170909044,0.33024754869780826,0.28185202601852577,0.531328452534976,0.26859623566522206,0.3014622018763923,0.3018040650637861,0.25050096527140264,0.4865591296089099,0.0,0.6288378625045876,0.42154848015914337,0.27877425797704924,0.3722048056590661,0.49768435842390035,0.17916562700151561,0.5247151869422728,0.25286468384986793,0.42193131989877597,0.5221846940940584,0.2718511051942514,0.2714744055743794,0.2810144964863611,0.41320369580750427,0.4168862105637827,0.2686092575081698,0.30717607316066076
0.2983107304338498,0.47787352730246146,0.19356489787726194,0.26900308080577306,0.4211156732243567,0.5209183502412167,0.31040716815773073,0.2825045036914485,0.2816218489023057,0.26181187322431254,0.3878384638357051,0.27034466469412133,0.38868016181630016,0.2318437471036886,0.2522479451051344,0.3508568258468002,0.528155802510399,0.3604421570005568,0.33801118729296464,0.30605599442599163,0.3514243634591311,0.36872737998680394,0.3633049170909044,1.0,0.5710071409595195,0.5319557069832845,0.3619109692765612,0.2286753531617528,0.26367324456530195,0.27665517239637893,0.23245552749430654,0.42568139873826527,0.0,0.37126694937890414,0.5165996493898455,0.24113389143734465,0.3100885310389121,0.3615201474513309,0.26621095952656837,0.36728357854311555,0.25169216422903073,0.41096151525010727,0.36070744230690965,0.2540943324831427,0.2614798850618998,0.2536466776513384,0.43767289492404526,0.4261382523547095,0.22997101499504602,0.2637896088622219
0.2768406912236955,0.4394085069818695,0.17958013251263838,0.24653593391118356,0.37312738799513023,0.48361953911220423,0.2837417595119579,0.24744570134532085,0.24902121013133716,0.2356231045813515,0.3345954218541206,0.24832847401938185,0.33235749643841395,0.21995871275163126,0.23316688151650333,0.31733263955529467,0.5482444630509032,0.32268813547090947,0.3103672494572677,0.28038140670071754,0.314252793643769,0.33882503459791236,0.33024754869780826,0.5710071409595195,1.0,0.5828964868879951,0.31847012636490535,0.20815164355880234,0.24041079670163212,0.24371722365614867,0.2103659204120658,0.42181910530201217,0.0,0.34002865822585937,0.4627776835060391,0.22205588009971433,0.2819190857454512,0.3336172826697872,0.2854555622095394,0.3327199004478977,0.2215508136100296,0.3633735642072029,0.3287440334064201,0.24424126619816955,0.25165790666656374,0.2411480919003972,0.40934085982006607,0.3970128494234505,0.22117124403790223,0.2421143714597742
0.24779434137435585,0.33480064312819835,0.15533108030478593,0.2135277311854189,0.34054913885174065,0.3721300584879428,0.243153214953432,0.22371173573984426,0.21419754239917232,0.2041555778005295,0.2992798504079961,0.22258457983739688,0.2915184914922817,0.1878084757580919,0.19552532849472637,0.27350073331166647,0.6076942241918691,0.2852979444449988,0.26563837928639034,0.24058831360576682,0.27669408078280977,0.294640152501744,0.28185202601852577,0.5319557069832845,0.5828964868879951,1.0,0.27972747158754785,0.18029742810133942,0.21191392108834683,0.2161953559500388,0.1852436483023443,0.36336301434661455,0.0,0.3047496104170705,0.3632203394093809,0.1910238883974883,0.24021188467636823,0.2911472922722306,0.33323143776616304,0.3013610634384555,0.19363088267520234,0.31942804227235366,0.28193443458218104,0.217555476503543,0.2206017181141866,0.2132366586478337,0.3777605355865148,0.35904102637759394,0.19099299011138915,0.21320455074008782
0.3132473864589502,0.4215473166559208,0.22757110962455318,0.2651425555877419,0.42922565016907965,0.3868885669824417,0.35711758131616633,0.2717128205449749,0.30426386430963515,0.2719985639912672,0.49361480559366644,0.26121907664925503,0.5275716096791134,0.26703591953882555,0.25559222109090685,0.34826035035434,0.31244094658371147,0.5003503685792597,0.4467475726175618,0.35952017254424606,0.5078909802623779,0.4584105114218521,0.531328452534976,0.3619109692765612,0.31847012636490535,0.27972747158754785,1.0,0.2660631798331078,0.301549244653484,0.3036293890898353,0.25460776471751523,0.47891944384482643,0.0,0.48520906764906724,0.4175808620504755,0.2691109158954814,0.3446809162229999,0.5832908406273491,0.16311532268016893,0.5442191857937717,0.25346405902251423,0.4221609663319118,0.6189306220248637,0.2716530395318252,0.26634703204032395,0.2822060947834456,0.41336284289342284,0.4163216980424106,0.26691698003809106,0.30354630508567604
0.28057612662174514,0.2812062497443796,0.20755986850478048,0.5175895034424565,0.2495981239549525,0.25249479767826566,0.24772104251603966,0.684890756049439,0.26573608749687816,0.5036139994851602,0.2601321757965602,0.4908743782437659,0.26395759212742687,0.5095531718738795,0.4778175338828572,0.24574685219613202,0.20271985039364093,0.2623978809756087,0.23727751677573994,0.24931630849561792,0.2575043839310065,0.23444415139060726,0.26859623566522206,0.2286753531617528,0.20815164355880234,0.18029742810133942,0.2660631798331078,1.0,0.3065362820726427,0.2653644353436687,0.4714087049331923,0.2589104856627559,0.0,0.2537323804403093,0.2565875489161642,0.41086485358989944,0.2398096843694486,0.27750971818411085,0.28046594169710437,0.2649626364114568,0.48393350675436553,0.2567969069777343,0.2677832053257224,0.789971970594951,0.7507889270010805,0.2857330866143246,0.25545280728890973,0.25723585218532086,0.4654013556610097,0.29812019089932174
0.34232591452735195,0.307247019717957,0.24473314376852928,0.2960945836558808,0.28704382704551,0.2932074163989059,0.2825761984608858,0.30605582356521044,0.3311894544839308,0.304751123935011,0.29913440230709476,0.3053064211416112,0.2966424993344895,0.30721290270652457,0.29120644003957696,0.27890118907952366,0.23902846983202608,0.2973967307050901,0.27223495961460376,0.2843535155873954,0.29101889542600534,0.2671410319307588,0.3014622018763923,0.26367324456530195,0.24041079670163212,0.21191392108834683,0.301549244653484,0.3065362820726427,1.0,0.3232706427545823,0.28181209869605894,0.2912446358461872,0.0,0.3012126906618673,0.2936261307181346,0.3011387152078019,0.27030457689078846,0.3069594240432443,0.1906203781243917,0.29853973630018615,0.2828850485906814,0.28908727402764034,0.3039604041703823,0.305435399795316,0.3054971496746748,0.3871157633300675,0.28648666849095183,0.28761765435133435,0.2994753586157889,0.6180802454322804
0.3855281699552563,0.2996146149337565,0.24916341331058323,0.27332566314461504,0.3065126249058657,0.28061261210633937,0.28883246016943775,0.27567510015836894,0.4149257597854603,0.2884996148855137,0.3045124136345586,0.2741968715241382,0.3182710759834869,0.2711248000261195,0.2743480313073333,0.30368005116655006,0.23659498574651405,0.30179070098425953,0.2744067871326785,0.2917815958836134,0.29813939726247585,0.26769195513195265,0.3018040650637861,0.27665517239637893,0.24371722365614867,0.2161953559500388,0.3036293890898353,0.2653644353436687,0.3232706427545823,1.0,0.25737146111228326,0.2946386761549601,0.0,0.2843839996950316,0.2925072774289371,0.26984261021870837,0.284498648687741,0.29923925612805,0.1820647808354212,0.31341694334497927,0.2684348023455837,0.2909843898731298,0.3100191693104155,0.27081507948278016,0.26754403974801944,0.31737125697120727,0.2927615108513095,0.2940509436254489,0.2652917346864183,0.3362242675032482
0.25343882080965074,0.2569473377761816,0.19109340787714646,0.5010696497566786,0.26715550336021077,0.24087405086942992,0.2324762224664907,0.4803642064152083,0.26476515735470885,0.5155905423273962,0.24796356695817512,0.4526492285296547,0.2577295697130847,0.4896081378439481,0.4843148203782066,0.2426620397216167,0.20122670712191082,0.24490478489911383,0.22406830562281965,0.23357277318910263,0.24072467563315125,0.21691835091254474,0.25050096527140264,0.23245552749430654,0.2103659204120658,0.1852436483023443,0.25460776471751523,0.4714087049331923,0.28181209869605894,0.25737146111228326,1.0,0.25640265243852634,0.0,0.24097850505974905,0.24336729351782582,0.391160130076309,0.22823745879857138,0.2531006983717502,0.26381324819946395,0.25053334806033756,0.6404800959991436,0.24058539964614056,0.25221596996736273,0.4758417778785521,0.46667002439346805,0.27087885702549497,0.23948589051455038,0.24079196995087715,0.42787228388053944,0.27971873820181403
0.31670735276285367,0.39527784009103073,0.21518286286866406,0.2952707788999619,0.47492714176396855,0.41859400837898364,0.3414846688151718,0.28837906906165833,0.30304622968564676,0.2796477320581431,0.4571626889096887,0.27861300683259005,0.5069116990539291,0.2672814453568816,0.2796130609563575,0.3643622650068681,0.40547859270687847,0.44564805424243537,0.4482173911717062,0.33872359255764506,0.4592466391587531,0.4635782704908301,0.4865591296089099,0.42568139873826527,0.42181910530201217,0.36336301434661455,0.47891944384482643,0.2589104856627559,0.2912446358461872,0.2946386761549601,0.25640265243852634,1.0,0.0,0.47215627737039423,0.39729294806693993,0.261269843804551,0.33988737334590857,0.48435547977387716,0.20993222316571747,0.49223152807642556,0.2692666504543575,0.4027201946713974,0.49208350066921813,0.2720264531561787,0.27994947916017376,0.27293996647594687,0.41637954919023434,0.41435664034625785,0.2529014817310121,0.29221671604449595
0.0,0.0,0.0,0.0,0.0,0.0,0.0,0.0,0.0,0.0,0.0,0.0,0.0,0.0,0.0,0.0,0.0,0.0,0.0,0.0,0.0,0.0,0.0,0.0,0.0,0.0,0.0,0.0,0.0,0.0,0.0,0.0,1.0,0.0,0.0,0.0,0.0,0.0,0.0,0.0,0.0,0.0,0.0,0.0,0.0,0.0,0.0,0.0,0.0,0.0
0.3077807441074383,0.39746260313033244,0.21725450789215806,0.2533968326128454,0.43101977841583816,0.4001601311992087,0.3551327053208819,0.2606233954220081,0.2904104626459789,0.2570809510865527,0.455241052562696,0.25542270880290985,0.5093550752282966,0.25415360781375285,0.24471049076389217,0.346048681824223,0.34801895089184465,0.46995062553211076,0.4334733687144867,0.3518280642867253,0.4866255992326619,0.5577895015581256,0.6288378625045876,0.37126694937890414,0.34002865822585937,0.3047496104170705,0.48520906764906724,0.2537323804403093,0.3012126906618673,0.2843839996950316,0.24097850505974905,0.47215627737039423,0.0,1.0,0.4141472545365201,0.2768071375298866,0.33894636559874325,0.4712080389035733,0.19320910456480644,0.48693656755911796,0.24255656499536182,0.40418484534845367,0.5041810493383401,0.2575928858831291,0.2619387595747602,0.2691589071296313,0.4027703324610187,0.4039945919807957,0.25310233730976994,0.2991447943001627
0.3056831946152042,0.5601791116396605,0.2146339375335029,0.26031706890240836,0.40232704757802906,0.5397529056015422,0.3574112754858605,0.26670151664772845,0.2921535125429139,0.26629828392684896,0.4283462294935899,0.2634751279362012,0.4215063352271805,0.25661645142193434,0.2531665100279471,0.35114168596793294,0.39588269571731827,0.42303091413731364,0.38849590831522396,0.3542608509397802,0.4095206888055397,0.3818810587828386,0.42154848015914337,0.5165996493898455,0.4627776835060391,0.3632203394093809,0.4175808620504755,0.2565875489161642,0.2936261307181346,0.2925072774289371,0.24336729351782582,0.39729294806693993,0.0,0.4141472545365201,1.0,0.2689279799829263,0.3393441513864004,0.407956001866583,0.18481245525260115,0.4224857010832962,0.24603214591351574,0.4728149111275275,0.4232025012712799,0.26473229412188404,0.26715787029298055,0.26927952567057245,0.4661080302812548,0.46664693223929976,0.25883830516500295,0.29561320232199795
0.2822381088403423,0.26727523454755053,0.20437743004901698,0.41338363275629175,0.2518597202499888,0.2726615345274329,0.268933982825306,0.4131879644230554,0.2733200544159632,0.42474527977669363,0.2758752651455635,0.4063479037605091,0.267108272135537,0.41050089767556885,0.4026987217722614,0.2642031601748669,0.21207026801715523,0.2815590501063543,0.2596423260961198,0.2658214280382899,0.27287579434077014,0.25061358564183633,0.27877425797704924,0.24113389143734465,0.22205588009971433,0.1910238883974883,0.2691109158954814,0.41086485358989944,0.3011387152078019,0.26984261021870837,0.391160130076309,0.261269843804551,0.0,0.2768071375298866,0.2689279799829263,1.0,0.25788382849326275,0.2634968035532542,0.2836203934879806,0.27258790829536095,0.3983778861968643,0.2632144461791227,0.270584519149095,0.4188848536930654,0.4216625342023763,0.28398244932464123,0.25928080695430544,0.2593815158016163,0.40335484913687103,0.30416627458167944
0.2923143388989843,0.3366338032499714,0.20511629502016937,0.2465835384763645,0.3305385601552592,0.3356719306219009,0.7970947729647249,0.2518475332533531,0.29279103956721064,0.25297359856061363,0.3438242424541542,0.24019604590274546,0.35326277802504813,0.24056206057788043,0.24398717467187647,0.7255137326061412,0.2671555459450423,0.3692939496733728,0.33593178688438385,0.807816662973658,0.3644043745448441,0.3296284305411429,0.3722048056590661,0.3100885310389121,0.2819190857454512,0.24021188467636823,0.3446809162229999,0.2398096843694486,0.27030457689078846,0.284498648687741,0.22823745879857138,0.33988737334590857,0.0,0.33894636559874325,0.3393441513864004,0.25788382849326275,1.0,0.3325803420882769,0.16279610944581047,0.34172288759038993,0.23481730086276476,0.33731619078764097,0.34700653181002905,0.24343809111680637,0.24532779152517104,0.2520423636693716,0.32622503980731155,0.32803602813443855,0.2351866349974947,0.2784727136103876
0.32332023099515705,0.43249623168853624,0.2248410804844161,0.26646737738841064,0.44312654280977326,0.41283958080181904,0.34364451234363713,0.28788765780875725,0.3001965922107884,0.2730341407108082,0.4870532069423168,0.2718614134887456,0.5052620920898551,0.26970079125163415,0.2603763448137745,0.348480691231252,0.32112444489818337,0.4699994097222957,0.43074224395432636,0.3455074439899052,0.48139573650213097,0.4524129711832401,0.49768435842390035,0.3615201474513309,0.3336172826697872,0.2911472922722306,0.5832908406273491,0.27750971818411085,0.3069594240432443,0.29923925612805,0.2531006983717502,0.48435547977387716,0.0,0.4712080389035733,0.407956001866583,0.2634968035532542,0.3325803420882769,1.0,0.17294740000393827,0.5200066418542975,0.2590201354236804,0.420375731419244,0.6292146293056726,0.2847775156242698,0.2782624196812812,0.2835004057964142,0.4272412111796261,0.4297966171156826,0.27966732636848546,0.30604053778995366
0.22669949476959061,0.1660665501842784,0.12953861777403364,0.30349259045476507,0.17967455426332313,0.1877355686744916,0.16815233863508205,0.3014524416902318,0.1757391927591887,0.2910104738445325,0.17437066998854478,0.3079043941267886,0.17197192200622435,0.28471132285826795,0.28211007382155306,0.16767654729385373,0.3198578222118361,0.17585992052405064,0.16149893512562152,0.16315938562685883,0.16572430368405133,0.15697979781799964,0.17916562700151561,0.26621095952656837,0.2854555622095394,0.33323143776616304,0.16311532268016893,0.28046594169710437,0.1906203781243917,0.1820647808354212,0.26381324819946395,0.20993222316571747,0.0,0.19320910456480644,0.18481245525260115,0.2836203934879806,0.16279610944581047,0.17294740000393827,1.0,0.17492141230605596,0.27972298805387696,0.16838856883799624,0.1710483602987396,0.30760335213915724,0.314719361103852,0.1892966077430347,0.20656522150886047,0.19114910757406334,0.27506261644762375,0.1977475882859675
0.3168875994235959,0.42649086697545435,0.22827142127641809,0.25748580243436936,0.4314656176079652,0.3998136140382853,0.35678982932833125,0.2696868736051242,0.3042501043632545,0.27059237130534164,0.5054731560506125,0.26080123070512073,0.536764218492227,0.2615373869380534,0.25279980484482467,0.3500277822880038,0.3245280170124567,0.49784883610174613,0.45688058978949253,0.3596042130592302,0.5155901518997331,0.4748903494439478,0.5247151869422728,0.36728357854311555,0.3327199004478977,0.3013610634384555,0.5442191857937717,0.2649626364114568,0.29853973630018615,0.31341694334497927,0.25053334806033756,0.49223152807642556,0.0,0.48693656755911796,0.4224857010832962,0.27258790829536095,0.34172288759038993,0.5200066418542975,0.17492141230605596,1.0,0.25083309580287216,0.4297418589371079,0.5432860485320199,0.26619613953461974,0.26688049448024165,0.2841900151101261,0.43920603585604345,0.44123041476011715,0.2668314373916729,0.3083594015984654
