../ecoli_genomes/GCF_000163235.1_ASM16323v1_genomic.fna.gz,../ecoli_genomes/GCF_000164555.1_ASM16455v1_genomic.fna.gz,../ecoli_genomes/GCF_000208545.1_ASM20854v2_genomic.fna.gz,../ecoli_genomes/GCF_000233875.1_ASM23387v1_genomic.fna.gz,../ecoli_genomes/GCF_000249735.1_ASM24973v2_genomic.fna.gz,../ecoli_genomes/GCF_000261145.1_Esch_coli_M919_V2_genomic.fna.gz,../ecoli_genomes/GCF_000267705.2_ASM26770v2_genomic.fna.gz,../ecoli_genomes/GCF_000350665.1_Esch_coli_KTE5_V1_genomic.fna.gz,../ecoli_genomes/GCF_000351625.1_Esch_coli_KTE66_V1_genomic.fna.gz,../ecoli_genomes/GCF_000352285.1_Esch_coli_KTE46_V1_genomic.fna.gz,../ecoli_genomes/GCF_000358895.1_ASM35889v1_genomic.fna.gz,../ecoli_genomes/GCF_000456385.1_Esch_coli_HVH_26_4-5703913_V1_genomic.fna.gz,../ecoli_genomes/GCF_000458195.1_Esch_coli_HVH_147_4-5893887_V1_genomic.fna.gz,../ecoli_genomes/GCF_000459755.1_Esch_coli_KOEGE_58_171a_V1_genomic.fna.gz,../ecoli_genomes/GCF_000460055.1_Esch_coli_UMEA_3053-1_V1_genomic.fna.gz,../ecoli_genomes/GCF_000462165.2_ASM46216v2_genomic.fna.gz,../ecoli_genomes/GCF_000601135.1_ASM60113v1_genomic.fna.gz,../ecoli_genomes/GCF_000614595.1_Ec2010EL1058_genomic.fna.gz,../ecoli_genomes/GCF_000617745.1_Ec2010C-4529_genomic.fna.gz,../ecoli_genomes/GCF_000618265.2_EcF6751_genomic.fna.gz,../ecoli_genomes/GCF_000619005.2_Ec2009C-4052_genomic.fna.gz,../ecoli_genomes/GCF_000619105.1_Ec2009C-4780_genomic.fna.gz,../ecoli_genomes/GCF_000619765.2_Ec2009C-3279_genomic.fna.gz,../ecoli_genomes/GCF_000687005.1_ASM68700v1_genomic.fna.gz,../ecoli_genomes/GCF_000687025.1_ASM68702v1_genomic.fna.gz,../ecoli_genomes/GCF_000700125.1_ASM70012v1_genomic.fna.gz,../ecoli_genomes/GCF_000753315.1_FHI35_genomic.fna.gz,../ecoli_genomes/GCF_000776375.1_ASM77637v1_genomic.fna.gz,../ecoli_genomes/GCF_000779395.1_ASM77939v1_genomic.fna.gz,../ecoli_genomes/GCF_000780315.1_ASM78031v1_genomic.fna.gz,../ecoli_genomes/GCF_000781995.1_ASM78199v1_genomic.fna.gz,../ecoli_genomes/GCF_000986765.1_ASM98676v1_genomic.fna.gz,../ecoli_genomes/GCF_001041375.1_ViralProj287958_genomic.fna.gz,../ecoli_genomes/GCF_001265335.1_302014_genomic.fna.gz,../ecoli_genomes/GCF_001265625.1_100854_genomic.fna.gz,../ecoli_genomes/GCF_001267345.1_303289_genomic.fna.gz,../ecoli_genomes/GCF_001309985.1_ASM130998v1_genomic.fna.gz,../ecoli_genomes/GCF_001521695.1_ASM152169v1_genomic.fna.gz,../ecoli_genomes/GCF_001592595.1_ASM159259v1_genomic.fna.gz,../ecoli_genomes/GCF_001614975.1_ASM161497v1_genomic.fna.gz,../ecoli_genomes/GCF_001692775.1_ASM169277v1_genomic.fna.gz,../ecoli_genomes/GCF_001748915.1_ASM174891v1_genomic.fna.gz,../ecoli_genomes/GCF_001749235.1_ASM174923v1_genomic.fna.gz,../ecoli_genomes/GCF_001881155.1_ASM188115v1_genomic.fna.gz,../ecoli_genomes/GCF_001881345.1_ASM188134v1_genomic.fna.gz,../ecoli_genomes/GCF_001892405.1_ASM189240v1_genomic.fna.gz,../ecoli_genomes/GCF_001892585.1_ASM189258v1_genomic.fna.gz,../ecoli_genomes/GCF_001893985.1_ASM189398v1_genomic.fna.gz,../ecoli_genomes/GCF_002001595.1_ASM200159v1_genomic.fna.gz,../ecoli_genomes/GCF_002002145.1_ASM200214v1_genomic.fna.gz
1.0,0.38342892714548094,0.32025846092316135,0.34287052322662204,0.34709448306100765,0.3644976891237225,0.3614983959104684,0.3490000460795728,0.43913431859444385,0.35526739352264636,0.38297010750111227,0.3528781801726262,0.37126172389061596,0.33571329885154844,0.3254435657801884,0.36422929502705015,0.32992324772723114,0.3691157130466348,0.33371107544076906,0.36357125853297423,0.35630005501469597,0.3460337516252593,0.3732924297289252,0.35395731441303857,0.3387411680941088,0.31310623329690934,0.36917556652316874,0.34010628325090797,0.3937114713460327,0.43844587816680014,0.31761978741040753,0.3626373311631518,4.108945803937836e-06,0.36594542948748343,0.36723640293950244,0.33323870121033794,0.34624227409956676,0.37392372991082323,0.2614354411307447,0.37387476993390145,0.32390917456150126,0.3674366124985059,0.37345017326075003,0.3471505072082466,0.3561270961302242,0.3681624608324079,0.36589272479174084,0.36657279609123217,0.33208133569061726,0.40159825567132246
0.38342892714548094,1.0,0.3004130348718854,0.33560835259121025,0.42321401581151596,0.552209456786486,0.3988888875972294,0.34048065706889064,0.35645805689072085,0.34737042028996845,0.47513113243369365,0.34580249123309326,0.46126910576072244,0.3292139567954526,0.3215446759068189,0.40068079276090973,0.42882528753045435,0.4638121540461738,0.4076671482409642,0.4041834227342782,0.4477562044216813,0.4240549999384906,0.4624405891289436,0.5195905254426012,0.49633967295178305,0.4122815568600259,0.4633138048986961,0.33771095425199193,0.364395801864172,0.36380318151599267,0.31673924870967607,0.44183506607904466,4.172522325318617e-06,0.4483848361011601,0.5775090348890153,0.32152251301594914,0.3804304492105727,0.46930715713082505,0.23532197775788577,0.4666560232625824,0.3202825388230346,0.5067541658534991,0.4682604880646065,0.34973163028410137,0.34855880186120836,0.3396292884152179,0.5131904220431229,0.5154316891147414,0.34275692174140504,0.3616437667019533
0.32025846092316135,0.3004130348718854,1.0,0.26714011218372735,0.2617876287192451,0.27535817352565917,0.28008941046590474,0.2715907669637032,0.3072508552037535,0.2761518648919543,0.30100428572298543,0.26805933027729434,0.29165381883683794,0.26880979766481317,0.261951995510024,0.2829160375597418,0.23909691916546816,0.29045009899657714,0.2571446033875677,0.284607182315754,0.2854473676017346,0.2705644130734781,0.2918029658718412,0.25810067392172986,0.2465923266909965,0.2280443485734811,0.29290225600779496,0.27192762528840086,0.3077563687547844,0.31437491587436894,0.25586390951745697,0.2755802976683157,4.234692785320959e-06,0.28602594695361117,0.2793908817818367,0.2705796956470392,0.267621191878177,0.28710614431178916,0.18823614974408176,0.29661192298596084,0.26192342623639386,0.2881866514679715,0.29840018048813644,0.27748332106208173,0.27146693268697997,0.2890907586228104,0.2932288799331034,0.29360424632405946,0.27784221990430313,0.3123721858249272
0.34287052322662204,0.33560835259121025,0.26714011218372735,1.0,0.33088667522249193,0.32388576806445224,0.31262934764573214,0.5366221321265825,0.3424222556054959,0.5611031679990804,0.33067198511733475,0.5427748470274871,0.33574827402338303,0.5831933121351506,0.5988057194715424,0.32538899729267834,0.29031123327753583,0.3235086039105842,0.2907959610613754,0.31514458497745046,0.31332125393980415,0.30084122221617693,0.33170353055300106,0.3087401102732814,0.30317789801987005,0.2757186192916614,0.3235357263333545,0.5565670433892217,0.3550159832535268,0.3330752384981528,0.537018592689601,0.33696666868491143,4.142795808181887e-06,0.3146627465705065,0.3194437869856348,0.45225544247144633,0.30530064796182865,0.3179603538787473,0.3414631048318507,0.31809984845828687,0.5606340487018038,0.32091633522612817,0.3237526428927865,0.5607028986422287,0.550191504447286,0.3460709780735304,0.32029558273911085,0.32190480422216594,0.49607728384077865,0.36431201621166376
0.34709448306100765,0.42321401581151596,0.2617876287192451,0.33088667522249193,1.0,0.4347184201113701,0.3599811721662969,0.3263046344574545,0.35210448475791456,0.3362677127661139,0.5201838250590081,0.3117843034478125,0.4965916854552256,0.31368499505975855,0.3309638861619816,0.39160064612609047,0.4106435752051031,0.43816489478184084,0.3983407219749169,0.36369020419094367,0.44504628391078827,0.4129982878539682,0.44872502350974686,0.4386551586760159,0.414335575816681,0.3914202455893452,0.45552205929069045,0.29880965786012736,0.3378454261010796,0.346185111871944,0.3096993213816316,0.4823157169198866,3.670087610818662e-06,0.45147361510584094,0.4274568781479452,0.2949038239419606,0.3623981240550249,0.47351951360770017,0.23849918369625966,0.4661344561350088,0.3275092199737385,0.43421601861629144,0.47311181838134786,0.3101082867188516,0.3151216131604171,0.31316158494944757,0.44285748902354005,0.4446320880118383,0.3035244729652431,0.3343523228845712
0.3644976891237225,0.552209456786486,0.27535817352565917,0.32388576806445224,0.4347184201113701,1.0,0.40266677226911674,0.3343943539339098,0.34426366626598337,0.3246527286109575,0.4569024108070703,0.3220081692767651,0.4451547613901333,0.31645141059963233,0.31117615516774044,0.40603263060505335,0.43296310372954083,0.45336539794455977,0.41034878804047004,0.3969119302977492,0.42890324669809865,0.4570334192431147,0.4503321557905928,0.5162063548758443,0.5029034452081846,0.41545324419852325,0.4356742926104413,0.31733522102531475,0.3532534843304084,0.3423482797898042,0.3011709187377315,0.4434493581275689,3.914073740007851e-06,0.44816488862386583,0.5597389351773494,0.32083186355905635,0.38412720401424827,0.44924275699303373,0.2409075199695042,0.4464480687834682,0.3095001831420494,0.4964847004374935,0.4492023652558661,0.32585360354433923,0.3266786987661393,0.32753025875232167,0.49625752417247315,0.49952139238053805,0.3154890631241736,0.3548477997167415
0.3614983959104684,0.3988888875972294,0.28008941046590474,0.31262934764573214,0.3599811721662969,0.40266677226911674,1.0,0.3151205643474404,0.351534879951787,0.3137984449740373,0.4109207380016193,0.3078232328127054,0.39891682421376906,0.30722157349500456,0.2996929131650554,0.7560195065369597,0.33454613105285813,0.44058300859318256,0.39455803061408223,0.8563162061459061,0.43541012130686907,0.40805664566000954,0.44321455084514416,0.3666127113225439,0.3473448037901723,0.3220526032204659,0.4081710975961551,0.3075088097518135,0.3421522026110472,0.34992770949717655,0.29165252212153514,0.3884691355420853,4.054346333770553e-06,0.4078642178815818,0.4093197879241376,0.325256210213258,0.7871630486088662,0.38571700325307845,0.2267739836531416,0.4032892147338166,0.29303555236432643,0.39909206439966227,0.4076686503540681,0.3147074429223037,0.3139174366428229,0.32139334642756356,0.3908526943258116,0.3922050754281813,0.30539845415447686,0.3494728436890078
0.3490000460795728,0.34048065706889064,0.2715907669637032,0.5366221321265825,0.3263046344574545,0.3343943539339098,0.3151205643474404,1.0,0.33782069047613406,0.5426906319822131,0.33325416687811116,0.5204027644342791,0.33999070602720105,0.5244022118549312,0.51375408589779,0.3240015820610802,0.29438176042499475,0.32783383453913617,0.2986977420127871,0.31719535625574324,0.3160430556247513,0.3062602414421215,0.3308808322712691,0.32115330889607785,0.3030186346940803,0.2811814231519204,0.3284159191291156,0.7003866853005358,0.3652916827264019,0.33433272797087077,0.5060051489547479,0.3311546127822107,4.099502119214726e-06,0.3245670385678726,0.3248169206171019,0.44806133639973966,0.303742452933765,0.3396025648285428,0.3416569460455956,0.33029476645674016,0.5151736862258481,0.3276436260271145,0.3319314106027704,0.7075780969411443,0.682228063114259,0.3447513083405549,0.3229638995161359,0.323922685067248,0.489101836769938,0.3637570819138597
0.43913431859444385,0.35645805689072085,0.3072508552037535,0.3424222556054959,0.35210448475791456,0.34426366626598337,0.351534879951787,0.33782069047613406,1.0,0.35360371686941394,0.3714023341729733,0.32398401422703316,0.3732979845730492,0.3340041277915259,0.3365050566771862,0.3650239429316392,0.2992104742918432,0.3581612653028826,0.31494563971515177,0.35767912173001726,0.3472473933322442,0.332552261752878,0.3604863124205626,0.3305650552605002,0.309490643136478,0.2884712047192879,0.3629222776635481,0.3250544979621326,0.38282678057776875,0.4599061567717948,0.32406521690418577,0.349116986024648,4.15067261860802e-06,0.3508416981524187,0.34887433344520413,0.33197243686103295,0.34338366197375125,0.3485374901791748,0.2310048197425857,0.3637184440505238,0.3288561136742769,0.3549002682934883,0.36854689672686847,0.3305102904426853,0.32540426500757813,0.3608377249401239,0.35112617935367507,0.35226721265604044,0.32615478241697105,0.3942656185228347
0.35526739352264636,0.34737042028996845,0.2761518648919543,0.5611031679990804,0.3362677127661139,0.3246527286109575,0.3137984449740373,0.5426906319822131,0.35360371686941394,1.0,0.34515287600942224,0.519779213980559,0.3498596332196907,0.5444337043217493,0.5402104112586872,0.32860801048982213,0.2803676667058629,0.3283796887712874,0.2928690260965202,0.31760844110128605,0.3162891037219727,0.30411730189332187,0.32540480999073784,0.30903737913197926,0.29636625752037704,0.27444546976373463,0.33196001035500866,0.5398992005063519,0.365724426677266,0.34531530426207346,0.5526768327161949,0.3250013971941449,4.286956332144598e-06,0.31782569850468745,0.322592217389989,0.4641998755520558,0.3062352862379192,0.32760832556736197,0.3433477527445965,0.33197322851013467,0.5626258089338056,0.3271164216736284,0.3305061479618838,0.5449421662184342,0.5451491658124926,0.34563731540617737,0.32587429212017194,0.3266653146484946,0.5152086295717511,0.36231874200489367
0.38297010750111227,0.47513113243369365,0.30100428572298543,0.33067198511733475,0.5201838250590081,0.4569024108070703,0.4109207380016193,0.33325416687811116,0.3714023341729733,0.34515287600942224,1.0,0.32984542055164856,0.5657073842108566,0.33318798636904357,0.3243066385784932,0.41820655452450106,0.384262551504139,0.5302307995827219,0.47370411614730856,0.4160276115622761,0.5199150725252104,0.5112694291347515,0.5327709763380238,0.4335202666893767,0.39524243456408314,0.3778130852082434,0.5424997707416639,0.33177779564834864,0.3621223579094951,0.37539578954574504,0.316900332262005,0.4921793000225865,5.859674634511869e-06,0.5154573491482635,0.4726789497583844,0.3365767746799513,0.39457109678199764,0.521584225001164,0.23354128053532275,0.5588145593462153,0.32084773218470974,0.48890836024810136,0.5497417383246683,0.33592422592369886,0.33396003541582164,0.3424897055600289,0.48313586954479537,0.4841375956583651,0.3357406845669856,0.37047055027565423
0.3528781801726262,0.34580249123309326,0.26805933027729434,0.5427748470274871,0.3117843034478125,0.3220081692767651,0.3078232328127054,0.5204027644342791,0.32398401422703316,0.519779213980559,0.32984542055164856,1.0,0.32587870181738454,0.5299214668141035,0.6141981158702428,0.313321385950188,0.2950960164992681,0.3166026422083076,0.29157619762597964,0.3087082579174435,0.3130660876859078,0.30252715637523797,0.32315832671819966,0.3170023733762817,0.30398365058612986,0.2829508681558307,0.3192664270993856,0.5222339859078177,0.36307507318614207,0.330737933846753,0.47962554859670226,0.3223299885876052,4.074576054891033e-06,0.3168990121358277,0.3249135696200912,0.43832936142420775,0.2955438041587344,0.32509235420857907,0.3439649656138458,0.32282485373731284,0.49932816699861104,0.3169119507048861,0.32494371435352,0.5312518605703156,0.5291414594318489,0.3455641851782243,0.32545274637435284,0.3257808667291088,0.4737854743758557,0.35729339017351003
0.37126172389061596,0.46126910576072244,0.29165381883683794,0.33574827402338303,0.4965916854552256,0.4451547613901333,0.39891682421376906,0.33999070602720105,0.3732979845730492,0.3498596332196907,0.5657073842108566,0.32587870181738454,1.0,0.32574007994087384,0.3348257566165157,0.4178747857413452,0.3805431966319316,0.5305433775160708,0.5278121466237726,0.4051059345867396,0.5366964583248399,0.5616171727377183,0.5796567778148805,0.42658642028535254,0.38841081516456777,0.3688959576163944,0.5693862406161005,0.32477611990401667,0.3568222453447406,0.3776671558915463,0.3184652578860514,0.5367523214428902,4.190436252771157e-06,0.558724046862477,0.4598158123087619,0.32072287997757365,0.3945481154529521,0.5341092958445657,0.22711820528293625,0.5728415379832017,0.3270169222861259,0.47149744874261,0.5641809374326291,0.3286133792925262,0.32533757490363346,0.33030597724800514,0.46999054572205246,0.4708188955917185,0.32590881153912854,0.36160396520788995
0.33571329885154844,0.3292139567954526,0.26880979766481317,0.5831933121351506,0.31368499505975855,0.31645141059963233,0.30722157349500456,0.5244022118549312,0.3340041277915259,0.5444337043217493,0.33318798636904357,0.5299214668141035,0.32574007994087384,1.0,0.5835082260177219,0.3126673304046994,0.2718558608293976,0.3223567027636959,0.2887649352529781,0.31162758988331907,0.30830471435125706,0.29953808109792435,0.32494276623322915,0.28963312226399807,0.27968619320328136,0.2589098269329081,0.32362220173859635,0.5539919786176826,0.3611786454761059,0.3265209441311083,0.5280665434062916,0.31664162949963814,4.176605813199785e-06,0.3124912976625137,0.3150312286935979,0.4510858519409673,0.29600652042112063,0.3196889813624254,0.3316388108447641,0.3187653625778296,0.543302355742165,0.31766230562177145,0.32381275624575456,0.5524461133102213,0.541788835981827,0.3483671996209189,0.3179327899687079,0.31981620956232404,0.4973936689721412,0.36566350814514537
0.3254435657801884,0.3215446759068189,0.261951995510024,0.5988057194715424,0.3309638861619816,0.31117615516774044,0.2996929131650554,0.51375408589779,0.3365050566771862,0.5402104112586872,0.3243066385784932,0.6141981158702428,0.3348257566165157,0.5835082260177219,1.0,0.3151706318143186,0.28040609631414537,0.3129740804293083,0.2800942700574863,0.3038808536635156,0.30385342431151585,0.2916977166839818,0.31960562418441607,0.2970817692719696,0.2867012468222717,0.26618181397552787,0.3164820139251361,0.5219383009968379,0.3497242732869219,0.32647308625471216,0.5303046402664904,0.3240947195612691,4.05618487842041e-06,0.30678681615140657,0.3104033733052429,0.4410455979132576,0.29510859417872903,0.31366140829160527,0.33068483597015974,0.3134175737522479,0.5485571576154471,0.3118006186078284,0.3193193662337236,0.5240365438234519,0.514846656913007,0.3417838179365431,0.31883750198217187,0.3204788794418968,0.48022914319574705,0.3648430668744296
0.36422929502705015,0.40068079276090973,0.2829160375597418,0.32538899729267834,0.39160064612609047,0.40603263060505335,0.7560195065369597,0.3240015820610802,0.3650239429316392,0.32860801048982213,0.41820655452450106,0.313321385950188,0.4178747857413452,0.3126673304046994,0.3151706318143186,1.0,0.3432587806512858,0.42675555245021024,0.3909782462287388,0.7673798067336814,0.41807369738914124,0.4096200961582285,0.4308584014970699,0.37986304115549174,0.36231279745330247,0.34253530406932076,0.40428484744299087,0.31011820147205216,0.3438433390183486,0.365066503464059,0.3036905115900155,0.3983138512963411,4.048590915073369e-06,0.40322776799936855,0.4069889961975164,0.3227848606116708,0.7451724361979793,0.3905811980153968,0.22273585520736838,0.40285429721305854,0.30898881031862135,0.398933955126787,0.40689052922027713,0.31570260178517784,0.31606850708451983,0.3245840361301776,0.3948347305450062,0.39586218025054276,0.3106864935527509,0.35035617733881474
0.32992324772723114,0.42882528753045435,0.23909691916546816,0.29031123327753583,0.4106435752051031,0.43296310372954083,0.33454613105285813,0.29438176042499475,0.2992104742918432,0.2803676667058629,0.384262551504139,0.2950960164992681,0.3805431966319316,0.2718558608293976,0.28040609631414537,0.3432587806512858,1.0,0.37241353837194235,0.33560986632134016,0.33416476059240496,0.36566032346595345,0.35451884109108966,0.38347825787809997,0.5587233838782546,0.5545604256943107,0.5335690897177972,0.37195364891877714,0.2730303886725701,0.30535661536477077,0.29945344749279335,0.2634445664932443,0.4563481931940816,3.369565295563426e-06,0.3960555859370626,0.45211109937629923,0.27348047000159736,0.328467625413281,0.3815711766647868,0.2565243619604429,0.3882048225389132,0.2684708226931448,0.41286667104574293,0.3802463801667284,0.2954902774299988,0.30202312733671455,0.2842138767741472,0.4468602671990708,0.4414460783268648,0.26586960774442103,0.30338888593478197
0.3691157130466348,0.4638121540461738,0.29045009899657714,0.3235086039105842,0.43816489478184084,0.45336539794455977,0.44058300859318256,0.32783383453913617,0.3581612653028826,0.3283796887712874,0.5302307995827219,0.3166026422083076,0.5305433775160708,0.3223567027636959,0.3129740804293083,0.42675555245021024,0.37241353837194235,1.0,0.5146627972306419,0.44317537245053906,0.5536507426804025,0.5243625790497635,0.5679843620548004,0.4132150801603527,0.3814224198258849,0.35833833480606847,0.5395267417182612,0.3230266538088298,0.3553011993310029,0.3633607665038946,0.3064424221609908,0.4866686351222531,4.214032773508514e-06,0.5185788890423176,0.4628641524529826,0.3385299305615066,0.4210118340544252,0.49595171776794233,0.23219638259763165,0.5326953031713648,0.3070968007557492,0.4713153317966602,0.5295427967558797,0.32613501319694527,0.3233897639550065,0.33101663653384605,0.46725325688014707,0.46878135221698447,0.3183886826928787,0.361352418356231
0.33371107544076906,0.4076671482409642,0.2571446033875677,0.2907959610613754,0.3983407219749169,0.41034878804047004,0.39455803061408223,0.2986977420127871,0.31494563971515177,0.2928690260965202,0.47370411614730856,0.29157619762597964,0.5278121466237726,0.2887649352529781,0.2800942700574863,0.3909782462287388,0.33560986632134016,0.5146627972306419,1.0,0.39054092577533817,0.4960632094318389,0.5342119711327501,0.5039801133575732,0.3699121668189994,0.34997245047680225,0.32069631016747135,0.4820590159157693,0.2903883894482433,0.3164622231877997,0.3223167900458067,0.273456570937615,0.4782679674182042,3.738166419742228e-06,0.4709833315883082,0.4168848348761083,0.30019291100189793,0.3803288580277625,0.45182598875363555,0.20938615592300625,0.4793323695577234,0.27622123398042264,0.4157622831532981,0.4738905640472647,0.2973504991781888,0.29546406656308544,0.29806511032482863,0.40894411174076173,0.41109820808305875,0.28509895320159095,0.322814145609823
0.36357125853297423,0.4041834227342782,0.284607182315754,0.31514458497745046,0.36369020419094367,0.3969119302977492,0.8563162061459061,0.31719535625574324,0.35767912173001726,0.31760844110128605,0.4160276115622761,0.3087082579174435,0.4051059345867396,0.31162758988331907,0.3038808536635156,0.7673798067336814,0.33416476059240496,0.44317537245053906,0.39054092577533817,1.0,0.43807842588597146,0.40352009601737293,0.44450618492750094,0.36499270299780595,0.3473167807672074,0.321578563516728,0.4136820217078784,0.3115667489921916,0.34640857471039976,0.3562777768312544,0.2957272289608126,0.3895289938294578,4.140164367005816e-06,0.40855458665199396,0.4081981954859385,0.32536402184955415,0.7933288716068807,0.39092974176870976,0.22379558240706643,0.4102235147155422,0.2971586084483342,0.4028106528787685,0.413414410296601,0.31625731917032607,0.31434937451515466,0.3269243256182742,0.396497052984344,0.39787868884243116,0.31058675191797,0.35474567253714095
0.35630005501469597,0.4477562044216813,0.2854473676017346,0.31332125393980415,0.44504628391078827,0.42890324669809865,0.43541012130686907,0.3160430556247513,0.3472473933322442,0.3162891037219727,0.5199150725252104,0.3130660876859078,0.5366964583248399,0.30830471435125706,0.30385342431151585,0.41807369738914124,0.36566032346595345,0.5536507426804025,0.4960632094318389,0.43807842588597146,1.0,0.5203097436625095,0.5741099807191663,0.4017375657522947,0.37370763280685837,0.3566614733552044,0.5423143108328528,0.3139623967516444,0.3413991419772955,0.3558483881515959,0.2945911773522494,0.4955732773356888,4.1599570544947895e-06,0.5331960800541726,0.4509488647081996,0.3261301875944995,0.4144407312355948,0.5052979110818573,0.22466065010659397,0.5412540643489896,0.3006716178434452,0.44568879935634276,0.5329564118971206,0.3182483641815079,0.31732811412133133,0.3294352433984442,0.4602878128554372,0.4616243441434613,0.3112408347303173,0.3509167825002416
0.3460337516252593,0.4240549999384906,0.2705644130734781,0.30084122221617693,0.4129982878539682,0.4570334192431147,0.40805664566000954,0.3062602414421215,0.332552261752878,0.30411730189332187,0.5112694291347515,0.30252715637523797,0.5616171727377183,0.29953808109792435,0.2916977166839818,0.4096200961582285,0.35451884109108966,0.5243625790497635,0.5342119711327501,0.40352009601737293,0.5203097436625095,1.0,0.6745380884827974,0.3888439491827336,0.369440713901502,0.3449873464068679,0.5165918377901748,0.3023132206437309,0.327477334660486,0.3357769517150371,0.2827793778953357,0.4938290528563235,4.0158662637512776e-05,0.6039509984486671,0.42962802113476106,0.3086280679572103,0.38961551410849904,0.4900040302175952,0.21437774956121602,0.5203875924748923,0.28408791151493595,0.4295082005817066,0.5181869118426085,0.3077502238911636,0.303894597366114,0.3123668094931905,0.4288083798278728,0.4297546751753105,0.2986229943910943,0.33882621358975107
0.3732924297289252,0.4624405891289436,0.2918029658718412,0.33170353055300106,0.44872502350974686,0.4503321557905928,0.44321455084514416,0.3308808322712691,0.3604863124205626,0.32540480999073784,0.5327709763380238,0.32315832671819966,0.5796567778148805,0.32494276623322915,0.31960562418441607,0.4308584014970699,0.38347825787809997,0.5679843620548004,0.5039801133575732,0.44450618492750094,0.5741099807191663,0.6745380884827974,1.0,0.41080094900598707,0.3897856982376272,0.35898129982818405,0.5671745690836426,0.3272505785703288,0.35626810073339843,0.3600898231518195,0.30832353208495633,0.5199937717084555,4.176174916548092e-06,0.6518098634762303,0.46011803234140036,0.33297312729928497,0.42342914015545385,0.5237081874992037,0.23306351644524825,0.5558802284859006,0.31037554259302313,0.4622076631635137,0.5546735154343818,0.3314515398567838,0.3291314451893237,0.3333835908745698,0.46093452641807775,0.46325767619720293,0.32186426237854615,0.3624053070412936
0.35395731441303857,0.5195905254426012,0.25810067392172986,0.3087401102732814,0.4386551586760159,0.5162063548758443,0.3666127113225439,0.32115330889607785,0.3305650552605002,0.30903737913197926,0.4335202666893767,0.3170023733762817,0.42658642028535254,0.28963312226399807,0.2970817692719696,0.37986304115549174,0.5587233838782546,0.4132150801603527,0.3699121668189994,0.36499270299780595,0.4017375657522947,0.3888439491827336,0.41080094900598707,1.0,0.582246828942345,0.5067230810886414,0.41303444735604966,0.29135692516148193,0.3287609847036269,0.3309107179374249,0.2855236594676842,0.4505342957363241,3.628539215205784e-06,0.41638135064585324,0.5474067661014136,0.2946876052304225,0.3579858488268657,0.4119446830401513,0.24760395567557947,0.4192398882962659,0.2942166614032986,0.4625065243253015,0.4128297321518761,0.3110193930151589,0.31666544055849555,0.3032153044727559,0.46940055656123403,0.46620793094032875,0.28896375853785383,0.3252371638598345
0.3387411680941088,0.49633967295178305,0.2465923266909965,0.30317789801987005,0.414335575816681,0.5029034452081846,0.3473448037901723,0.3030186346940803,0.309490643136478,0.29636625752037704,0.39524243456408314,0.30398365058612986,0.38841081516456777,0.27968619320328136,0.2867012468222717,0.36231279745330247,0.5545604256943107,0.3814224198258849,0.34997245047680225,0.3473167807672074,0.37370763280685837,0.369440713901502,0.3897856982376272,0.582246828942345,1.0,0.5278581788962393,0.38068288673187367,0.277139606242084,0.3054282765366765,0.30629361407432254,0.2741765526526668,0.46009400432421876,3.447403548850758e-06,0.3910865907900496,0.5191024451508964,0.2763360399361856,0.343921439162329,0.39933022675380025,0.25335429102365736,0.39377372029032,0.2803226250609241,0.4270965670415118,0.39114949159475954,0.30923597743480014,0.3098412687756922,0.2969730309956383,0.45072777890647553,0.44614014596091767,0.28405739683008413,0.3068657693481448
0.31310623329690934,0.4122815568600259,0.2280443485734811,0.2757186192916614,0.3914202455893452,0.41545324419852325,0.3220526032204659,0.2811814231519204,0.2884712047192879,0.27444546976373463,0.3778130852082434,0.2829508681558307,0.3688959576163944,0.2589098269329081,0.26618181397552787,0.34253530406932076,0.5335690897177972,0.35833833480606847,0.32069631016747135,0.321578563516728,0.3566614733552044,0.3449873464068679,0.35898129982818405,0.5067230810886414,0.5278581788962393,1.0,0.3575291792744657,0.25873702771353624,0.28467766365819136,0.28965483766330036,0.2553261432593079,0.4045714034912119,3.2477861899860017e-06,0.36481135393251096,0.4379008110472219,0.25856290095016365,0.31837085616411986,0.37689033022819407,0.24059510713803567,0.37627301049259443,0.25971809613261465,0.4004909583888073,0.36057056630890716,0.2870717301075154,0.2861681753454609,0.27137046541121557,0.42781218886561456,0.421297297466493,0.26350014522795895,0.2886743573997024
0.36917556652316874,0.4633138048986961,0.29290225600779496,0.3235357263333545,0.45552205929069045,0.4356742926104413,0.4081710975961551,0.3284159191291156,0.3629222776635481,0.33196001035500866,0.5424997707416639,0.3192664270993856,0.5693862406161005,0.32362220173859635,0.3164820139251361,0.40428484744299087,0.37195364891877714,0.5395267417182612,0.4820590159157693,0.4136820217078784,0.5423143108328528,0.5165918377901748,0.5671745690836426,0.41303444735604966,0.38068288673187367,0.3575291792744657,1.0,0.32169018305886965,0.35689403652844875,0.36422871199139895,0.30960175278161994,0.5120240828590139,4.24492748540839e-06,0.5329432571344115,0.4562858235563534,0.32457854667960206,0.3916450638245458,0.5963948169674174,0.2213160438290631,0.5752857822340378,0.3130404954963757,0.46671177033755595,0.6365754826504926,0.33039267132628636,0.3222946220713806,0.3371942234808424,0.4621012790931982,0.4634912401563902,0.324994662041736,0.36250509900342553
0.34010628325090797,0.33771095425199193,0.27192762528840086,0.5565670433892217,0.29880965786012736,0.31733522102531475,0.3075088097518135,0.7003866853005358,0.3250544979621326,0.5398992005063519,0.33177779564834864,0.5222339859078177,0.32477611990401667,0.5539919786176826,0.5219383009968379,0.31011820147205216,0.2730303886725701,0.3230266538088298,0.2903883894482433,0.3115667489921916,0.3139623967516444,0.3023132206437309,0.3272505785703288,0.29135692516148193,0.277139606242084,0.25873702771353624,0.32169018305886965,1.0,0.36379091753498805,0.3267906243861006,0.5064748032959282,0.316855702806106,4.1650752938826585e-06,0.3148271187321431,0.3144052129494386,0.44697405659083866,0.2942092696598644,0.3303555726004357,0.33613672935777794,0.32167413384681276,0.5190396064625007,0.3185677101491353,0.3228213211780898,0.7991513456337397,0.7600663752812399,0.3417206467794077,0.320350500151774,0.3208761276731448,0.5038578024738033,0.3568760896565947
0.3937114713460327,0.364395801864172,0.3077563687547844,0.3550159832535268,0.3378454261010796,0.3532534843304084,0.3421522026110472,0.3652916827264019,0.38282678057776875,0.365724426677266,0.3621223579094951,0.36307507318614207,0.3568222453447406,0.3611786454761059,0.3497242732869219,0.3438433390183486,0.30535661536477077,0.3553011993310029,0.3164622231877997,0.34640857471039976,0.3413991419772955,0.327477334660486,0.35626810073339843,0.3287609847036269,0.3054282765366765,0.28467766365819136,0.35689403652844875,0.36379091753498805,1.0,0.3780885051452424,0.3413915555724293,0.34510979233891037,4.2197397102095024e-06,0.3501143696336919,0.34772330130320106,0.354199188309659,0.3283876326328815,0.352594647958965,0.24880234216939745,0.356181831017116,0.339931268960467,0.34638126373826517,0.3560057181939509,0.36141234300460934,0.3604356073029623,0.42986407115650993,0.34809964941300275,0.3486073105553309,0.352600851082674,0.6270990631134074
0.43844587816680014,0.36380318151599267,0.31437491587436894,0.3330752384981528,0.346185111871944,0.3423482797898042,0.34992770949717655,0.33433272797087077,0.4599061567717948,0.34531530426207346,0.37539578954574504,0.330737933846753,0.3776671558915463,0.3265209441311083,0.32647308625471216,0.365066503464059,0.29945344749279335,0.3633607665038946,0.3223167900458067,0.3562777768312544,0.3558483881515959,0.3357769517150371,0.3600898231518195,0.3309107179374249,0.30629361407432254,0.28965483766330036,0.36422871199139895,0.3267906243861006,0.3780885051452424,1.0,0.3181399555955754,0.34436630705967375,4.210413518168643e-06,0.3492324886586229,0.3531929916766412,0.3274925627820896,0.3414849272852306,0.3536881463910262,0.23510364775208814,0.3757498768746811,0.32454222687981593,0.3556771964194694,0.36944560045916575,0.3313647342209789,0.32675135644896036,0.3741083139734682,0.3617433134294762,0.3626459930118815,0.32733914437438727,0.3925333252589651
0.31761978741040753,0.31673924870967607,0.25586390951745697,0.537018592689601,0.3096993213816316,0.3011709187377315,0.29165252212153514,0.5060051489547479,0.32406521690418577,0.5526768327161949,0.316900332262005,0.47962554859670226,0.3184652578860514,0.5280665434062916,0.5303046402664904,0.3036905115900155,0.2634445664932443,0.3064424221609908,0.273456570937615,0.2957272289608126,0.2945911773522494,0.2827793778953357,0.30832353208495633,0.2855236594676842,0.2741765526526668,0.2553261432593079,0.30960175278161994,0.5064748032959282,0.3413915555724293,0.3181399555955754,1.0,0.3060600564061794,4.001223006477872e-06,0.300187006660638,0.29967294129962174,0.43286210652763213,0.2857407954900093,0.3040146156786647,0.3143218977269989,0.3077463440280921,0.6564524750279351,0.305853990278379,0.3077037677804758,0.5107894118641307,0.5009392765403307,0.32826173035088835,0.30536137130218655,0.30638102998842176,0.47062325410991757,0.34051546044432346
0.3626373311631518,0.44183506607904466,0.2755802976683157,0.33696666868491143,0.4823157169198866,0.4434493581275689,0.3884691355420853,0.3311546127822107,0.349116986024648,0.3250013971941449,0.4921793000225865,0.3223299885876052,0.5367523214428902,0.31664162949963814,0.3240947195612691,0.3983138512963411,0.4563481931940816,0.4866686351222531,0.4782679674182042,0.3895289938294578,0.4955732773356888,0.4938290528563235,0.5199937717084555,0.4505342957363241,0.46009400432421876,0.4045714034912119,0.5120240828590139,0.316855702806106,0.34510979233891037,0.34436630705967375,0.3060600564061794,1.0,3.835817328434743e-06,0.5058453282036592,0.4406233137828326,0.3073271022042984,0.3863239591754203,0.5101535052266146,0.238124212256851,0.5210426687600882,0.30896454741737767,0.44498522495932824,0.5242493062304174,0.3247282987065101,0.3296953478847142,0.32101289605748173,0.457106292546105,0.45722439811212556,0.3030850430842936,0.34108343014408904
4.108945803937836e-06,4.172522325318617e-06,4.234692785320959e-06,4.142795808181887e-06,3.670087610818662e-06,3.914073740007851e-06,4.054346333770553e-06,4.099502119214726e-06,4.15067261860802e-06,4.286956332144598e-06,5.859674634511869e-06,4.074576054891033e-06,4.190436252771157e-06,4.176605813199785e-06,4.05618487842041e-06,4.048590915073369e-06,3.369565295563426e-06,4.214032773508514e-06,3.738166419742228e-06,4.140164367005816e-06,4.1599570544947895e-06,4.0158662637512776e-05,4.176174916548092e-06,3.628539215205784e-06,3.447403548850758e-06,3.2477861899860017e-06,4.24492748540839e-06,4.1650752938826585e-06,4.2197397102095024e-06,4.210413518168643e-06,4.001223006477872e-06,3.835817328434743e-06,1.0,4.101135803402656e-06,1.4017341165573072e-06,4.173082444935972e-06,3.850791043813473e-06,4.059613006424101e-06,2.8546707294685447e-06,4.250490845403299e-06,3.981646988004961e-06,4.074507800932992e-06,4.2182514966571105e-06,4.167731748716541e-06,4.076121536078503e-06,3.9914382031769335e-06,4.156821834633284e-06,4.1567547315324305e-06,4.258153685543498e-06,4.194692394321464e-06
0.36594542948748343,0.4483848361011601,0.28602594695361117,0.3146627465705065,0.45147361510584094,0.44816488862386583,0.4078642178815818,0.3245670385678726,0.3508416981524187,0.31782569850468745,0.5154573491482635,0.3168990121358277,0.558724046862477,0.3124912976625137,0.30678681615140657,0.40322776799936855,0.3960555859370626,0.5185788890423176,0.4709833315883082,0.40855458665199396,0.5331960800541726,0.6039509984486671,0.6518098634762303,0.41638135064585324,0.3910865907900496,0.36481135393251096,0.5329432571344115,0.3148271187321431,0.3501143696336919,0.3492324886586229,0.300187006660638,0.5058453282036592,4.101135803402656e-06,1.0,0.4558103969839562,0.33413813055986163,0.38893137082832063,0.5097485930612313,0.2434643296997474,0.5373860941243043,0.3004630323356767,0.4532756008029172,0.5434439770482351,0.3207384309447783,0.32265439465430434,0.3238310952964921,0.45534593130566237,0.45657013250684253,0.3108535034918476,0.3545065264423398
0.36723640293950244,0.5775090348890153,0.2793908817818367,0.3194437869856348,0.4274568781479452,0.5597389351773494,0.4093197879241376,0.3248169206171019,0.34887433344520413,0.322592217389989,0.4726789497583844,0.3249135696200912,0.4598158123087619,0.3150312286935979,0.3104033733052429,0.4069889961975164,0.45211109937629923,0.4628641524529826,0.4168848348761083,0.4081981954859385,0.4509488647081996,0.42962802113476106,0.46011803234140036,0.5474067661014136,0.5191024451508964,0.4379008110472219,0.4562858235563534,0.3144052129494386,0.34772330130320106,0.3531929916766412,0.29967294129962174,0.4406233137828326,1.4017341165573072e-06,0.4558103969839562,1.0,0.31882322043393974,0.38680723360499236,0.44586639566868935,0.24004858240274418,0.4651939869794558,0.30416954708409527,0.5085444249107255,0.4662720797331722,0.32163819446044284,0.32347001469597647,0.32530015807833823,0.5066514542921939,0.506429916918036,0.3142092568145771,0.3485028115288348
0.33323870121033794,0.32152251301594914,0.2705796956470392,0.45225544247144633,0.2949038239419606,0.32083186355905635,0.325256210213258,0.44806133639973966,0.33197243686103295,0.4641998755520558,0.3365767746799513,0.43832936142420775,0.32072287997757365,0.4510858519409673,0.4410455979132576,0.3227848606116708,0.27348047000159736,0.3385299305615066,0.30019291100189793,0.32536402184955415,0.3261301875944995,0.3086280679572103,0.33297312729928497,0.2946876052304225,0.2763360399361856,0.25856290095016365,0.32457854667960206,0.44697405659083866,0.354199188309659,0.3274925627820896,0.43286210652763213,0.3073271022042984,4.173082444935972e-06,0.33413813055986163,0.31882322043393974,1.0,0.3102363021582929,0.31307769621251547,0.3368593988594968,0.32658888679313236,0.43801862793301316,0.31952465110118733,0.3228321647238085,0.45346180963406435,0.4525650680133636,0.33467750379444094,0.31443888315070856,0.3152395254662308,0.45051482994461134,0.3585074539323533
0.34624227409956676,0.3804304492105727,0.267621191878177,0.30530064796182865,0.3623981240550249,0.38412720401424827,0.7871630486088662,0.303742452933765,0.34338366197375125,0.3062352862379192,0.39457109678199764,0.2955438041587344,0.3945481154529521,0.29600652042112063,0.29510859417872903,0.7451724361979793,0.328467625413281,0.4210118340544252,0.3803288580277625,0.7933288716068807,0.4144407312355948,0.38961551410849904,0.42342914015545385,0.3579858488268657,0.343921439162329,0.31837085616411986,0.3916450638245458,0.2942092696598644,0.3283876326328815,0.3414849272852306,0.2857407954900093,0.3863239591754203,3.850791043813473e-06,0.38893137082832063,0.38680723360499236,0.3102363021582929,1.0,0.3722140577872136,0.21474889519398377,0.38293814854894037,0.28710987537729205,0.38379587769277757,0.39363799350629447,0.29980369647188,0.298639977551166,0.30649060085728064,0.3750782947964949,0.3761078042366137,0.2910133916609421,0.3343952029920305
0.37392372991082323,0.46930715713082505,0.28710614431178916,0.3179603538787473,0.47351951360770017,0.44924275699303373,0.38571700325307845,0.3396025648285428,0.3485374901791748,0.32760832556736197,0.521584225001164,0.32509235420857907,0.5341092958445657,0.3196889813624254,0.31366140829160527,0.3905811980153968,0.3815711766647868,0.49595171776794233,0.45182598875363555,0.39092974176870976,0.5052979110818573,0.4900040302175952,0.5237081874992037,0.4119446830401513,0.39933022675380025,0.37689033022819407,0.5963948169674174,0.3303555726004357,0.352594647958965,0.3536881463910262,0.3040146156786647,0.5101535052266146,4.059613006424101e-06,0.5097485930612313,0.44586639566868935,0.31307769621251547,0.3722140577872136,1.0,0.24072079056212692,0.5504072822419661,0.3106033841864442,0.45977788347185633,0.6328750767176573,0.3383735452720612,0.33053019350165425,0.3334901879404987,0.47388844643387273,0.4734814204555676,0.3278207519581088,0.3552464087096915
