../ecoli_genomes/GCF_000163235.1_ASM16323v1_genomic.fna.gz,../ecoli_genomes/GCF_000164555.1_ASM16455v1_genomic.fna.gz,../ecoli_genomes/GCF_000208545.1_ASM20854v2_genomic.fna.gz,../ecoli_genomes/GCF_000233875.1_ASM23387v1_genomic.fna.gz,../ecoli_genomes/GCF_000249735.1_ASM24973v2_genomic.fna.gz,../ecoli_genomes/GCF_000261145.1_Esch_coli_M919_V2_genomic.fna.gz,../ecoli_genomes/GCF_000267705.2_ASM26770v2_genomic.fna.gz,../ecoli_genomes/GCF_000350665.1_Esch_coli_KTE5_V1_genomic.fna.gz,../ecoli_genomes/GCF_000351625.1_Esch_coli_KTE66_V1_genomic.fna.gz,../ecoli_genomes/GCF_000352285.1_Esch_coli_KTE46_V1_genomic.fna.gz,../ecoli_genomes/GCF_000358895.1_ASM35889v1_genomic.fna.gz,../ecoli_genomes/GCF_000456385.1_Esch_coli_HVH_26_4-5703913_V1_genomic.fna.gz,../ecoli_genomes/GCF_000458195.1_Esch_coli_HVH_147_4-5893887_V1_genomic.fna.gz,../ecoli_genomes/GCF_000459755.1_Esch_coli_KOEGE_58_171a_V1_genomic.fna.gz,../ecoli_genomes/GCF_000460055.1_Esch_coli_UMEA_3053-1_V1_genomic.fna.gz,../ecoli_genomes/GCF_000462165.2_ASM46216v2_genomic.fna.gz,../ecoli_genomes/GCF_000601135.1_ASM60113v1_genomic.fna.gz,../ecoli_genomes/GCF_000614595.1_Ec2010EL1058_genomic.fna.gz,../ecoli_genomes/GCF_000617745.1_Ec2010C-4529_genomic.fna.gz,../ecoli_genomes/GCF_000618265.2_EcF6751_genomic.fna.gz,../ecoli_genomes/GCF_000619005.2_Ec2009C-4052_genomic.fna.gz,../ecoli_genomes/GCF_000619105.1_Ec2009C-4780_genomic.fna.gz,../ecoli_genomes/GCF_000619765.2_Ec2009C-3279_genomic.fna.gz,../ecoli_genomes/GCF_000687005.1_ASM68700v1_genomic.fna.gz,../ecoli_genomes/GCF_000687025.1_ASM68702v1_genomic.fna.gz,../ecoli_genomes/GCF_000700125.1_ASM70012v1_genomic.fna.gz,../ecoli_genomes/GCF_000753315.1_FHI35_genomic.fna.gz,../ecoli_genomes/GCF_000776375.1_ASM77637v1_genomic.fna.gz,../ecoli_genomes/GCF_000779395.1_ASM77939v1_genomic.fna.gz,../ecoli_genomes/GCF_000780315.1_ASM78031v1_genomic.fna.gz,../ecoli_genomes/GCF_000781995.1_ASM78199v1_genomic.fna.gz,../ecoli_genomes/GCF_000986765.1_ASM98676v1_genomic.fna.gz,../ecoli_genomes/GCF_001041375.1_ViralProj287958_genomic.fna.gz,../ecoli_genomes/GCF_001265335.1_302014_genomic.fna.gz,../ecoli_genomes/GCF_001265625.1_100854_genomic.fna.gz,../ecoli_genomes/GCF_001267345.1_303289_genomic.fna.gz,../ecoli_genomes/GCF_001309985.1_ASM130998v1_genomic.fna.gz,../ecoli_genomes/GCF_001521695.1_ASM152169v1_genomic.fna.gz,../ecoli_genomes/GCF_001592595.1_ASM159259v1_genomic.fna.gz,../ecoli_genomes/GCF_001614975.1_ASM161497v1_genomic.fna.gz,../ecoli_genomes/GCF_001692775.1_ASM169277v1_genomic.fna.gz,../ecoli_genomes/GCF_001748915.1_ASM174891v1_genomic.fna.gz,../ecoli_genomes/GCF_001749235.1_ASM174923v1_genomic.fna.gz,../ecoli_genomes/GCF_001881155.1_ASM188115v1_genomic.fna.gz,../ecoli_genomes/GCF_001881345.1_ASM188134v1_genomic.fna.gz,../ecoli_genomes/GCF_001892405.1_ASM189240v1_genomic.fna.gz,../ecoli_genomes/GCF_001892585.1_ASM189258v1_genomic.fna.gz,../ecoli_genomes/GCF_001893985.1_ASM189398v1_genomic.fna.gz,../ecoli_genomes/GCF_002001595.1_ASM200159v1_genomic.fna.gz,../ecoli_genomes/GCF_002002145.1_ASM200214v1_genomic.fna.gz
1.0,0.32236631815259886,0.26395648871138067,0.28647742968533385,0.3060135946612522,0.30824123299562645,0.3061758663672438,0.29232663868609843,0.3917286994532406,0.293564581609461,0.3163332601490507,0.29704363074640616,0.3037965302269734,0.2785830856496191,0.27006596472079314,0.30476463302616064,0.3040558610848275,0.3064702606319648,0.2504960529002185,0.30744331136009784,0.2989883366403774,0.28386253254995986,0.3148967337586456,0.291975713206018,0.2930200623728968,0.2929015946064242,0.31231332254331334,0.2853832317960767,0.34581864642891436,0.3933562050660738,0.2606879557684384,0.3073828452135441,0.0,0.30882286586739316,0.3014227052607543,0.2800533571344088,0.29064357696979737,0.3199992506339009,0.2415555417490859,0.3131232266913432,0.2690580871166264,0.3075476496226647,0.3155243113584244,0.29093767391876324,0.2978602399772229,0.3210349445390418,0.30823679437934504,0.30930152273420464,0.2750797876121778,0.3492027470893069
0.32236631815259886,1.0,0.23844662862426946,0.2746695245276074,0.40464727095965103,0.5293013804185942,0.3474451507461892,0.27897762864964115,0.30217250080230784,0.27979126207685234,0.42703375107550434,0.2856232042508754,0.4034939038863864,0.26517606963368756,0.26220284181586706,0.3471362749789906,0.46525916124013245,0.4134164803167234,0.32256586833296885,0.3525796057025524,0.3963223124585261,0.3754766771195098,0.4120525696772329,0.5160264702120223,0.5326935848929459,0.479106461779251,0.4130517010857979,0.27171772756973256,0.30873771577398823,0.30949033674800785,0.2569587742327212,0.3980395670947724,0.0,0.4012390586276732,0.5590763627976141,0.2591800277703278,0.32705094818192704,0.4264660460637092,0.2111867598990146,0.4163678008245355,0.2589425199455021,0.4663919631924447,0.4165257449241089,0.2864536728459679,0.2872516146580635,0.28391132472248237,0.4768272348151298,0.4768547753645127,0.27727557474777875,0.29787082014810695
0.26395648871138067,0.23844662862426946,1.0,0.20867185772397834,0.21446988105045994,0.21548917033390547,0.22054448585033093,0.21643054276565288,0.24977873690680297,0.21390891532904455,0.23621164520667237,0.20981362867124254,0.22288332142153122,0.2095052647714597,0.20470767047838656,0.2222771530777664,0.2109562175399653,0.22647555541223796,0.18160148609757798,0.22394294586594465,0.2212950776478324,0.2093810868198388,0.22828658980715222,0.20982700908126883,0.21073766917287173,0.21445169847724144,0.22707284252656446,0.21273614614291447,0.2511769642539914,0.2562386073684445,0.19745191703016873,0.2150152250072246,0.0,0.22766577146878164,0.21824311692738674,0.21270603091362528,0.2102839089635713,0.2285082331290631,0.1724976030789307,0.23009016670632998,0.20194841212514703,0.22203706762293418,0.23357673444547566,0.2206363825087858,0.21527940997699058,0.23236038746294907,0.22998069251647968,0.22965076547764696,0.214595905493274,0.2514124376964173
0.28647742968533385,0.2746695245276074,0.20867185772397834,1.0,0.284985437991206,0.2660904947683608,0.2539847783892224,0.4918498530408322,0.2841693679931906,0.5189472153481196,0.27013027457838334,0.500825458649695,0.26808919638136475,0.536527944419968,0.5513758797069784,0.26437993896400835,0.26634727668548397,0.2637135441693309,0.21174041214626005,0.25648214435700023,0.25477735777610633,0.239973907728123,0.2704720216613439,0.25838446736238896,0.26773734375478586,0.26746416325643696,0.2683793257788353,0.5126876554433047,0.30167020513871856,0.2786651903513192,0.4968427151647423,0.2780084324977333,0.0,0.25895973660949423,0.2604731197601069,0.4182057109077002,0.24617241611306984,0.2638931247055023,0.3700661033129933,0.2611394059384665,0.5212638432030747,0.26474322607900225,0.2645054688513545,0.5222829499456183,0.512439453671118,0.3012124902776333,0.2595310322071731,0.26126745686388386,0.44840954043991954,0.31033064626455487
0.3060135946612522,0.40464727095965103,0.21446988105045994,0.284985437991206,1.0,0.4136953046444233,0.3362563101281155,0.2823361300838497,0.3037362442210444,0.28998697674651064,0.5393748807305143,0.26807618072527595,0.48629622478158985,0.2610732584661474,0.2803231941838632,0.35821689918174215,0.41373110260356094,0.43560677216370725,0.34697600097655457,0.33650137482468956,0.4444636596307697,0.4084018490008272,0.45104966195824747,0.40282564388026965,0.4131862161193186,0.42275103728661056,0.4581888442115625,0.2581209159610506,0.29025872244401263,0.30995316714906795,0.2632451878129578,0.4717288233438358,0.0,0.45157788135420207,0.40788440561132133,0.2516165333988418,0.3318338745505828,0.46394068764587826,0.21149525604537556,0.4685653193103215,0.27835461973743103,0.4106761146558068,0.47340147442357805,0.2715978818805871,0.2741118133670172,0.27022666042075194,0.42925650438376073,0.4304249995434012,0.2574440079180612,0.2866561613738646
0.30824123299562645,0.5293013804185942,0.21548917033390547,0.2660904947683608,0.4136953046444233,1.0,0.3483155359258483,0.27507762458558893,0.29453963654811866,0.26296922553161894,0.4039337709145939,0.26494427941597887,0.38633028592737295,0.25460341136315146,0.2554243771855229,0.3483791232586846,0.45266734975574474,0.3952488547720092,0.321099983076225,0.3439293787462282,0.37174523022579475,0.3829816275667125,0.3974144335086697,0.49803103627661616,0.52488203880441,0.4537868820498894,0.3901188200478638,0.25612439071618986,0.30134117719921305,0.2943134891343585,0.24611461747794017,0.4015348022950076,0.0,0.3994022038942514,0.5370612465085102,0.25850636901685464,0.33417237947380385,0.40333706991561047,0.2239657931720339,0.3950158119064928,0.2534328928621671,0.4643072413083278,0.40328367192802883,0.2678608691729708,0.26883530662597055,0.27508592667519316,0.46473949443402907,0.466768166120608,0.25221786067019036,0.2992379469683394
0.3061758663672438,0.3474451507461892,0.22054448585033093,0.2539847783892224,0.3362563101281155,0.3483155359258483,1.0,0.25776005697897686,0.2949674603235565,0.2516147249724151,0.35353422070195206,0.25022445491503864,0.340912840322958,0.2463169170100391,0.24281075345229375,0.7640832933918038,0.3298350346613548,0.38127606517313717,0.31249024531223446,0.8455239790586407,0.37472033489022183,0.35165469255215975,0.3817603878203256,0.324584074312226,0.333909153642724,0.33775146764073793,0.3553209202706604,0.2500825172472172,0.29191087083375666,0.29616859184380784,0.2336519231649694,0.34076650916704343,0.0,0.35998149970273463,0.3547918168245312,0.25748150500778044,0.772352987908913,0.34156908048847945,0.20816087800277128,0.3530183212095839,0.23608974512954173,0.35018855677190863,0.3567485102925705,0.25514238043534143,0.25812882292708106,0.2697021018443313,0.3466500784865886,0.34664448923115954,0.24370723011035544,0.2892702416039701
0.29232663868609843,0.27897762864964115,0.21643054276565288,0.4918498530408322,0.2823361300838497,0.27507762458558893,0.25776005697897686,1.0,0.28065958918402323,0.49367444411072303,0.27107803254968144,0.4825642702740691,0.27390120514872596,0.4807672718950522,0.4664930803657553,0.2627500155631546,0.27217043992192946,0.26699126800602824,0.223315129160634,0.25753056045780565,0.25657682598540565,0.2474047224476602,0.272869998283355,0.2765871698119814,0.26670494664699307,0.27250124822805943,0.27032815092283835,0.6787758495719194,0.31261256669620174,0.2785543484750347,0.46488952191597566,0.2747853772652922,0.0,0.27187796267410014,0.2667554902545626,0.40755204251359545,0.24505491494602127,0.2857593792924751,0.36485475373138,0.2733075675703657,0.47518654791081205,0.2672211248168971,0.27125690932502045,0.6912973866253063,0.6670051378841575,0.3006447023469634,0.26645150122440364,0.26811433840901155,0.43930054122902484,0.3096286330326905
0.3917286994532406,0.30217250080230784,0.24977873690680297,0.2841693679931906,0.3037362442210444,0.29453963654811866,0.2949674603235565,0.28065958918402323,1.0,0.2882313587674217,0.313633754978733,0.2696979348210772,0.30312836521330555,0.2735570203215103,0.2789421281191946,0.3044282681134566,0.29316332916487997,0.2995828110746681,0.23753551744264256,0.30105989945805367,0.2898682730995845,0.27834615177366995,0.30099838911069676,0.2859818636489284,0.28625513381840906,0.29230859307823187,0.30742102446776487,0.26948368863557026,0.33115983319750064,0.4103116503052273,0.2673567056671565,0.29300634729887587,0.0,0.29578423482087857,0.2942521805290501,0.2792193546584538,0.2860109437307107,0.29792112212329913,0.22881539592811195,0.3057211842121551,0.26842022649110464,0.2996400883664577,0.31095592975094744,0.2758918452819281,0.2721029244656237,0.30720942194461953,0.29843035250614824,0.2982244269480453,0.26443977255984286,0.3426631082887669
0.293564581609461,0.27979126207685234,0.21390891532904455,0.5189472153481196,0.28998697674651064,0.26296922553161894,0.2516147249724151,0.49367444411072303,0.2882313587674217,1.0,0.28018033339681836,0.479192004964361,0.281499361930585,0.5041315524593197,0.5003651427055309,0.2643805016402072,0.2583517874554161,0.2667028296368297,0.21503659298990785,0.2561752181137398,0.259389407311311,0.24598598878093691,0.2641395034862545,0.2557221398198617,0.25886630137708333,0.2676531246664021,0.27206384187356947,0.4936972518291416,0.3086188551530835,0.2882045504975117,0.5219807301027655,0.2673128049084019,0.0,0.2610153429235873,0.26075506081906785,0.42881606336020417,0.2438640663095928,0.27049640822837406,0.3841745456026371,0.27359004190987146,0.529426975037334,0.26508898781155343,0.26751596618994744,0.5013870135793964,0.5029911295721019,0.29734656125438597,0.2641868081938411,0.2637409884374514,0.4758401526029642,0.3090125197008674
0.3163332601490507,0.42703375107550434,0.23621164520667237,0.27013027457838334,0.5393748807305143,0.4039337709145939,0.35353422070195206,0.27107803254968144,0.313633754978733,0.28018033339681836,1.0,0.2647299449602659,0.5188593027538275,0.26745780292612265,0.2621755016729431,0.3567019445220696,0.3905354412279949,0.4961432345461303,0.37742744138803963,0.3600896929809485,0.49067062068399236,0.4637132417768981,0.49719944269541483,0.3939612583506207,0.38072748839579507,0.41266006519906984,0.5063717820047178,0.2686676961902551,0.30693025548629427,0.31295758819097586,0.25674221310222856,0.459863292404465,0.0,0.48404813192394813,0.41846753095372735,0.27318307496782235,0.334103755353264,0.4934544205302164,0.21902340594710856,0.5281784041830238,0.2581115087494662,0.4364122527993777,0.5135835817033972,0.2736543057941362,0.2743346594066678,0.2858784206438122,0.4379091482167333,0.4372148575138478,0.2670721072723544,0.31127415246385737
0.29704363074640616,0.2856232042508754,0.20981362867124254,0.500825458649695,0.26807618072527595,0.26494427941597887,0.25022445491503864,0.4825642702740691,0.2696979348210772,0.479192004964361,0.2647299449602659,1.0,0.2618441964009517,0.49037971499274313,0.6063423461878592,0.25101767351966275,0.26586460863198447,0.25788232178793546,0.21666555364126727,0.2496062678897114,0.2524236430654654,0.2411134654166901,0.26453811460112764,0.2687448159976913,0.26453240474806194,0.26762095505843764,0.26011353283365723,0.48030342044916363,0.3092288837225463,0.2755807229364575,0.44919262887870814,0.2639898111775676,0.0,0.26214466947736503,0.2641292525595176,0.39964526714287174,0.2390154879504791,0.2710931127960371,0.3685580714825074,0.2660901489856137,0.47034246971827476,0.26147768240924374,0.2629779197459994,0.4909586047347798,0.4903633737056675,0.29571491368200464,0.26321017195262575,0.26461466496584896,0.4274330737344503,0.2983326652429177
0.3037965302269734,0.4034939038863864,0.22288332142153122,0.26808919638136475,0.48629622478158985,0.38633028592737295,0.340912840322958,0.27390120514872596,0.30312836521330555,0.281499361930585,0.5188593027538275,0.2618441964009517,1.0,0.25655382376875746,0.26617053284828374,0.35292329108687703,0.3826478348487906,0.49371850304964016,0.49641165721715586,0.34673449582372873,0.504750554126546,0.5556413078595082,0.5488904443002793,0.381319283571688,0.37258931840474574,0.398311530247638,0.533133778482692,0.2619302972330776,0.2952559994855066,0.3139153299513656,0.25459918240170654,0.5257692927858115,0.0,0.530088642122675,0.40516173263880806,0.2567085741686942,0.33115375818773696,0.5088190289396312,0.20719848088803505,0.5436788905756743,0.26038127159961344,0.4169853789485789,0.5281096558736094,0.267182479220454,0.26493850564643484,0.2750777845385671,0.42078628448145905,0.42008931232173197,0.2557520865665607,0.29758666290016667
0.2785830856496191,0.26517606963368756,0.2095052647714597,0.536527944419968,0.2610732584661474,0.25460341136315146,0.2463169170100391,0.4807672718950522,0.2735570203215103,0.5041315524593197,0.26745780292612265,0.49037971499274313,0.25655382376875746,1.0,0.5392250570268273,0.2509258961749643,0.2486009809656471,0.25966829199700026,0.21453195622457566,0.25040304305320515,0.24591611985835393,0.2390581652669066,0.2592465446635631,0.23476443690410087,0.2428954533591432,0.2491890617958431,0.2615377345910135,0.5101705631150886,0.3116133830553499,0.2692342048309627,0.4872987361022002,0.2589001407051589,0.0,0.2506991365929282,0.25066975366070554,0.4099912337704785,0.23630372163293156,0.26109517904337864,0.3678847924325963,0.25754106797432197,0.5039465958048697,0.2543468218403995,0.2587461222967288,0.5081859450482025,0.5032804316746808,0.30042168061225427,0.25476300175725175,0.2554957669025908,0.44906624324870015,0.31433408364244997
0.27006596472079314,0.26220284181586706,0.20470767047838656,0.5513758797069784,0.2803231941838632,0.2554243771855229,0.24281075345229375,0.4664930803657553,0.2789421281191946,0.5003651427055309,0.2621755016729431,0.6063423461878592,0.26617053284828374,0.5392250570268273,1.0,0.2574294372822227,0.2565751710727595,0.25460920677848786,0.20775975042728978,0.24649043750660926,0.24634681115679113,0.23634980559123187,0.2605692912216996,0.2450883693742616,0.25530245050243616,0.25721652299921216,0.2597624629327252,0.4810667630291233,0.29572436840719674,0.2750271161512159,0.4924872678716693,0.2651705198884635,0.0,0.249808464709662,0.2537461460581647,0.4067469515813492,0.23951864460774785,0.26109084149558504,0.36797629991018344,0.2559341458543417,0.512708920893499,0.25377578165697,0.2585571616664183,0.48501723370712113,0.4781564269833688,0.29580195854638125,0.2623867048611913,0.2626696298585667,0.4379319355718515,0.3126674485286496
0.30476463302616064,0.3471362749789906,0.2222771530777664,0.26437993896400835,0.35821689918174215,0.3483791232586846,0.7640832933918038,0.2627500155631546,0.3044282681134566,0.2643805016402072,0.3567019445220696,0.25101767351966275,0.35292329108687703,0.2509258961749643,0.2574294372822227,1.0,0.3351843528061733,0.37053764064385797,0.30999512891171566,0.7791273423720755,0.3619011479036661,0.34709167714531386,0.3737651443067349,0.3315817332820252,0.3458582594901224,0.3500550531243215,0.35320776827839184,0.25089117058479726,0.2895971172808284,0.3060185228508251,0.24288196291219166,0.34618392799286735,0.0,0.3534750341370777,0.3524166410366455,0.255387268325992,0.7454788054647219,0.3404658819212796,0.20907962630656918,0.3506235617364849,0.24903470927281202,0.3446431933946823,0.35244049718088644,0.2574607714868332,0.2583075282986299,0.2719135285538209,0.3467453506159478,0.3462012792825122,0.249622665416789,0.2920113797037811
0.3040558610848275,0.46525916124013245,0.2109562175399653,0.26634727668548397,0.41373110260356094,0.45266734975574474,0.3298350346613548,0.27217043992192946,0.29316332916487997,0.2583517874554161,0.3905354412279949,0.26586460863198447,0.3826478348487906,0.2486009809656471,0.2565751710727595,0.3351843528061733,1.0,0.38085593100128623,0.30790695564193826,0.3288920661748981,0.3727395512822038,0.35877911875491897,0.3966819710670638,0.5091962337906681,0.49622200812145834,0.5241031351481438,0.387565629800418,0.25101615542414457,0.2859610264376641,0.2869978891999243,0.23930836731095761,0.43310364449980554,0.0,0.3971874580494493,0.4629861363840433,0.25216171505978124,0.3218225190164432,0.38486261984983405,0.21100520355211794,0.3906173694641749,0.24484120276672738,0.4346170533752802,0.3942489091964253,0.2723506651693366,0.2778380888820319,0.27151174713874027,0.4587494150359398,0.4630118624676871,0.24388493067327388,0.2872755748937691
0.3064702606319648,0.4134164803167234,0.22647555541223796,0.2637135441693309,0.43560677216370725,0.3952488547720092,0.38127606517313717,0.26699126800602824,0.2995828110746681,0.2667028296368297,0.4961432345461303,0.25788232178793546,0.49371850304964016,0.25966829199700026,0.25460920677848786,0.37053764064385797,0.38085593100128623,1.0,0.42535959796025,0.38579007330969906,0.5197513366754027,0.4901172881532062,0.5308553510894388,0.3775143061312134,0.37000228512129807,0.38709143791924316,0.5027408154069615,0.262350323132452,0.2993054307479236,0.3040130080794087,0.24830292639815799,0.45837894362482623,0.0,0.4871593942049156,0.411355895505924,0.27374507898791134,0.36300309432632616,0.47296577704714016,0.21626649091174543,0.5054416863784039,0.2484470979047969,0.42216828619416635,0.493135051848261,0.2655685549821094,0.26429658713707516,0.2771597878285209,0.4243757758550831,0.42368207377452094,0.25262983211085865,0.2999483337010529
0.2504960529002185,0.32256586833296885,0.18160148609757798,0.21174041214626005,0.34697600097655457,0.321099983076225,0.31249024531223446,0.223315129160634,0.23753551744264256,0.21503659298990785,0.37742744138803963,0.21666555364126727,0.49641165721715586,0.21453195622457566,0.20775975042728978,0.30999512891171566,0.30790695564193826,0.42535959796025,1.0,0.3047041589499734,0.41440840866186923,0.4920870901084491,0.4180874055764866,0.2961990734135551,0.2999741448836103,0.3060229405853725,0.3997298080611248,0.21742131610070536,0.24285016642938462,0.24477555024919784,0.20145328342055357,0.450524005148924,0.0,0.3943443955675263,0.32879325351377475,0.21941726813523443,0.3031267308551624,0.3842628459502432,0.1751546167646103,0.40498588329094054,0.20338779376726124,0.33444170251423844,0.3942707096413376,0.22294442134665537,0.2227228523998923,0.22618546917838167,0.33344142497449747,0.33478078288566826,0.2035343233579361,0.24194125605209726
0.30744331136009784,0.3525796057025524,0.22394294586594465,0.25648214435700023,0.33650137482468956,0.3439293787462282,0.8455239790586407,0.25753056045780565,0.30105989945805367,0.2561752181137398,0.3600896929809485,0.2496062678897114,0.34673449582372873,0.25040304305320515,0.24649043750660926,0.7791273423720755,0.3288920661748981,0.38579007330969906,0.3047041589499734,1.0,0.37842663552703615,0.3499375366260967,0.38506872601184516,0.32617660679523997,0.3358959504436433,0.3406276661548172,0.3617777125449061,0.2524050172632559,0.2922733998392921,0.30093474979225354,0.2384688400222783,0.33825096664526133,0.0,0.3585006109001746,0.3563079630384539,0.259237028804994,0.7775726629887746,0.3457459849036566,0.20749305274454055,0.35995720389873287,0.24023683238297833,0.3540620415476564,0.36169956333380127,0.2564013670731762,0.2563904807015682,0.2761418707167831,0.35164971871249795,0.3512440929349373,0.2492676804480194,0.2957232622394318
0.2989883366403774,0.3963223124585261,0.2212950776478324,0.25477735777610633,0.4444636596307697,0.37174523022579475,0.37472033489022183,0.25657682598540565,0.2898682730995845,0.259389407311311,0.49067062068399236,0.2524236430654654,0.504750554126546,0.24591611985835393,0.24634681115679113,0.3619011479036661,0.3727395512822038,0.5197513366754027,0.41440840866186923,0.37842663552703615,1.0,0.4890305302826845,0.5390989658728452,0.36546211115188554,0.3616804240968411,0.3877019008719076,0.5103401898947493,0.2559037657102171,0.2854286949911047,0.2967988597056397,0.2386048349954698,0.474406388412989,0.0,0.5049599826611262,0.4024920948019335,0.2642754064438041,0.3564556262355726,0.48453769638409594,0.2078298470044755,0.5152489968794478,0.24378998421043663,0.4028404905176477,0.5001870467690912,0.25891059955200757,0.25908462472706817,0.27605290550827577,0.41637293058550695,0.41510863645643736,0.24683007367156418,0.2916468135974333
0.28386253254995986,0.3754766771195098,0.2093810868198388,0.239973907728123,0.4084018490008272,0.3829816275667125,0.35165469255215975,0.2474047224476602,0.27834615177366995,0.24598598878093691,0.4637132417768981,0.2411134654166901,0.5556413078595082,0.2390581652669066,0.23634980559123187,0.34709167714531386,0.35877911875491897,0.4901172881532062,0.4920870901084491,0.3499375366260967,0.4890305302826845,1.0,0.6665212718934016,0.3470362016496119,0.34615687893233216,0.3611980336723223,0.4903233255914248,0.24361493797084555,0.2753927386027909,0.28301404166155286,0.22937689705627673,0.4827643026337377,0.0,0.5948005432673764,0.37594049166261956,0.24504449341969825,0.3348999864696862,0.46729435743132086,0.1945578737609378,0.49102328373028015,0.23073285351003225,0.3846601225251228,0.4842663016483505,0.24797568361366795,0.24521099713306138,0.2586885095786353,0.387803622186219,0.386911065362341,0.23666905541267824,0.27968080782790894
0.3148967337586456,0.4120525696772329,0.22828658980715222,0.2704720216613439,0.45104966195824747,0.3974144335086697,0.3817603878203256,0.272869998283355,0.30099838911069676,0.2641395034862545,0.49719944269541483,0.26453811460112764,0.5488904443002793,0.2592465446635631,0.2605692912216996,0.3737651443067349,0.3966819710670638,0.5308553510894388,0.4180874055764866,0.38506872601184516,0.5390989658728452,0.6665212718934016,1.0,0.375030690239074,0.38108948089336214,0.391964594507644,0.5338840655157532,0.26464069776887333,0.3052348772058989,0.3026239526816136,0.2505189062565949,0.4945324920022104,0.0,0.6459730754216493,0.4088519247962177,0.2710574917525197,0.3650578914808503,0.5077819636568188,0.21208985800410163,0.5274414065005941,0.254974300596046,0.41825747832454674,0.5219778798092342,0.269943092243322,0.26778950065183404,0.28308368899686487,0.42178034091876637,0.42138237072464424,0.25596904502840934,0.30445740663900633
0.291975713206018,0.5160264702120223,0.20982700908126883,0.25838446736238896,0.40282564388026965,0.49803103627661616,0.324584074312226,0.2765871698119814,0.2859818636489284,0.2557221398198617,0.3939612583506207,0.2687448159976913,0.381319283571688,0.23476443690410087,0.2450883693742616,0.3315817332820252,0.5091962337906681,0.3775143061312134,0.2961990734135551,0.32617660679523997,0.36546211115188554,0.3470362016496119,0.375030690239074,1.0,0.5671482186542781,0.5250259489992637,0.3791035229257115,0.2397502733551773,0.27267479474206047,0.2877469621301254,0.23612505688600982,0.3924852556150187,0.0,0.3814810346595614,0.5351737018644867,0.2407257437783037,0.314392962133628,0.38274143672643646,0.19813004926535782,0.3851140553911342,0.239516429160056,0.4343381734077898,0.3837358484221023,0.2722713406136644,0.2687847694503265,0.26325876037531304,0.4321108217903622,0.4357707351861436,0.2373265044290357,0.27954655337221035
0.2930200623728968,0.5326935848929459,0.21073766917287173,0.26773734375478586,0.4131862161193186,0.52488203880441,0.333909153642724,0.26670494664699307,0.28625513381840906,0.25886630137708333,0.38072748839579507,0.26453240474806194,0.37258931840474574,0.2428954533591432,0.25530245050243616,0.3458582594901224,0.49622200812145834,0.37000228512129807,0.2999741448836103,0.3358959504436433,0.3616804240968411,0.34615687893233216,0.38108948089336214,0.5671482186542781,1.0,0.5330046755344013,0.3771063390797381,0.24102549154537833,0.278007556040919,0.2857719431529495,0.23958294963962834,0.4184169916469592,0.0,0.37379173153564016,0.5336971267588264,0.24356935782242517,0.3335009371457178,0.3844242217466828,0.205425601685432,0.37508134535343274,0.24859383777782762,0.436110591250529,0.3897920387961282,0.2750572394641567,0.26819934400783485,0.27122098846589815,0.44295628594456193,0.4450835795006496,0.2493829461890591,0.27998051917742206
0.2929015946064242,0.479106461779251,0.21445169847724144,0.26746416325643696,0.42275103728661056,0.4537868820498894,0.33775146764073793,0.27250124822805943,0.29230859307823187,0.2676531246664021,0.41266006519906984,0.26762095505843764,0.398311530247638,0.2491890617958431,0.25721652299921216,0.3500550531243215,0.5241031351481438,0.38709143791924316,0.3060229405853725,0.3406276661548172,0.3877019008719076,0.3611980336723223,0.391964594507644,0.5250259489992637,0.5330046755344013,1.0,0.39176603842645863,0.24736163157157143,0.2851664510502565,0.2926713406295893,0.24785342564810608,0.4051932637485425,0.0,0.3875506448070686,0.47903622368213283,0.2502255042776229,0.3287416773558137,0.39500468508380093,0.2098204768579156,0.40178394328935907,0.2508591246421026,0.4489817320917313,0.3967422328466431,0.2783409441807012,0.26985577949346495,0.2701392776781405,0.4599782886382917,0.460984647246517,0.2574856690195303,0.28733782434895183
0.31231332254331334,0.4130517010857979,0.22707284252656446,0.2683793257788353,0.4581888442115625,0.3901188200478638,0.3553209202706604,0.27032815092283835,0.30742102446776487,0.27206384187356947,0.5063717820047178,0.26011353283365723,0.533133778482692,0.2615377345910135,0.2597624629327252,0.35320776827839184,0.387565629800418,0.5027408154069615,0.3997298080611248,0.3617777125449061,0.5103401898947493,0.4903233255914248,0.5338840655157532,0.3791035229257115,0.3771063390797381,0.39176603842645863,1.0,0.2631951477465041,0.3054381376263696,0.30977699685147464,0.25299103413400714,0.48784672178922706,0.0,0.5061111344398286,0.40944723826045626,0.264082858284864,0.3396122952432933,0.5972959978479311,0.20479916565966083,0.5480570148614545,0.25779814931524614,0.4227955840459491,0.6221229180470688,0.2724782779570627,0.26503098682226955,0.2842234097705296,0.42074226291525185,0.4209786359425559,0.259368654641021,0.30564563191724214
0.2853832317960767,0.27171772756973256,0.21273614614291447,0.5126876554433047,0.2581209159610506,0.25612439071618986,0.2500825172472172,0.6787758495719194,0.26948368863557026,0.4936972518291416,0.2686676961902551,0.48030342044916363,0.2619302972330776,0.5101705631150886,0.4810667630291233,0.25089117058479726,0.25101615542414457,0.262350323132452,0.21742131610070536,0.2524050172632559,0.2559037657102171,0.24361493797084555,0.26464069776887333,0.2397502733551773,0.24102549154537833,0.24736163157157143,0.2631951477465041,1.0,0.30857192965275837,0.27032676994664184,0.4618120443041691,0.26305771837979386,0.0,0.25773367671133274,0.2541466826887371,0.4046557139287822,0.23603991289957527,0.271038971393068,0.358701643036911,0.26389107664426015,0.48114131362779144,0.2583848342456392,0.2604235342183928,0.7770997787799507,0.7470884652382095,0.2925539872479772,0.262016928238056,0.26294947065124574,0.44815360386491443,0.29902111329336245
0.34581864642891436,0.30873771577398823,0.2511769642539914,0.30167020513871856,0.29025872244401263,0.30134117719921305,0.29191087083375666,0.31261256669620174,0.33115983319750064,0.3086188551530835,0.30693025548629427,0.3092288837225463,0.2952559994855066,0.3116133830553499,0.29572436840719674,0.2895971172808284,0.2859610264376641,0.2993054307479236,0.24285016642938462,0.2922733998392921,0.2854286949911047,0.2753927386027909,0.3052348772058989,0.27267479474206047,0.278007556040919,0.2851664510502565,0.3054381376263696,0.30857192965275837,1.0,0.3299491076851334,0.28864589522699546,0.291054281633913,0.0,0.297947711467328,0.2934991658296461,0.3072607484084626,0.2754679239662342,0.30653770602250185,0.24382767311252473,0.30532699446459255,0.28709757341927,0.2925155414604924,0.303305816996953,0.30895838930088004,0.310899887000308,0.3960997541569009,0.29658618325044617,0.29666640236803,0.29392631292117866,0.6224996874323806
0.3933562050660738,0.30949033674800785,0.2562386073684445,0.2786651903513192,0.30995316714906795,0.2943134891343585,0.29616859184380784,0.2785543484750347,0.4103116503052273,0.2882045504975117,0.31295758819097586,0.2755807229364575,0.3139153299513656,0.2692342048309627,0.2750271161512159,0.3060185228508251,0.2869978891999243,0.3040130080794087,0.24477555024919784,0.30093474979225354,0.2967988597056397,0.28301404166155286,0.3026239526816136,0.2877469621301254,0.2857719431529495,0.2926713406295893,0.30977699685147464,0.27032676994664184,0.3299491076851334,1.0,0.26174424304212596,0.29382295561121874,0.0,0.29644323983533327,0.3011731767861715,0.2742336082467741,0.285408697191297,0.30178242945786315,0.22729948943289335,0.3149713488224034,0.2681646221623438,0.30098924188999787,0.31254558253087483,0.27718660223239255,0.27132288422829254,0.3212178170386041,0.308082870873545,0.30812123702076366,0.26807447713296373,0.341623049284848
0.2606879557684384,0.2569587742327212,0.19745191703016873,0.4968427151647423,0.2632451878129578,0.24611461747794017,0.2336519231649694,0.46488952191597566,0.2673567056671565,0.5219807301027655,0.25674221310222856,0.44919262887870814,0.25459918240170654,0.4872987361022002,0.4924872678716693,0.24288196291219166,0.23930836731095761,0.24830292639815799,0.20145328342055357,0.2384688400222783,0.2386048349954698,0.22937689705627673,0.2505189062565949,0.23612505688600982,0.23958294963962834,0.24785342564810608,0.25299103413400714,0.4618120443041691,0.28864589522699546,0.26174424304212596,1.0,0.2498589662955023,0.0,0.24573644596994726,0.24382077227861254,0.40389948227367645,0.22651354429882087,0.2498083446539343,0.34635061686058,0.2518480237550398,0.6550089893410127,0.2491526062485634,0.24842447767952425,0.46981645352370427,0.4627262778975133,0.2826488347984124,0.24684529666308197,0.24704655242428109,0.43278070503269606,0.2877052300728491
0.3073828452135441,0.3980395670947724,0.2150152250072246,0.2780084324977333,0.4717288233438358,0.4015348022950076,0.34076650916704343,0.2747853772652922,0.29300634729887587,0.2673128049084019,0.459863292404465,0.2639898111775676,0.5257692927858115,0.2589001407051589,0.2651705198884635,0.34618392799286735,0.43310364449980554,0.45837894362482623,0.450524005148924,0.33825096664526133,0.474406388412989,0.4827643026337377,0.4945324920022104,0.3924852556150187,0.4184169916469592,0.4051932637485425,0.48784672178922706,0.26305771837979386,0.291054281633913,0.29382295561121874,0.2498589662955023,1.0,0.0,0.4844582588972838,0.39521236127235193,0.24891573425118396,0.33526201237786946,0.4879643460597014,0.20691828700157266,0.49965730236381967,0.25403851504788355,0.40605162953410734,0.500818834143405,0.2722237124816542,0.27586364806939956,0.27385841455192916,0.41719682206063,0.4190591910736803,0.2428856137094536,0.2889184498927867
0.0,0.0,0.0,0.0,0.0,0.0,0.0,0.0,0.0,0.0,0.0,0.0,0.0,0.0,0.0,0.0,0.0,0.0,0.0,0.0,0.0,0.0,0.0,0.0,0.0,0.0,0.0,0.0,0.0,0.0,0.0,0.0,1.0,0.0,0.0,0.0,0.0,0.0,0.0,0.0,0.0,0.0,0.0,0.0,0.0,0.0,0.0,0.0,0.0,0.0
0.30882286586739316,0.4012390586276732,0.22766577146878164,0.25895973660949423,0.45157788135420207,0.3994022038942514,0.35998149970273463,0.27187796267410014,0.29578423482087857,0.2610153429235873,0.48404813192394813,0.26214466947736503,0.530088642122675,0.2506991365929282,0.249808464709662,0.3534750341370777,0.3971874580494493,0.4871593942049156,0.3943443955675263,0.3585006109001746,0.5049599826611262,0.5948005432673764,0.6459730754216493,0.3814810346595614,0.37379173153564016,0.3875506448070686,0.5061111344398286,0.25773367671133274,0.297947711467328,0.29644323983533327,0.24573644596994726,0.4844582588972838,0.0,1.0,0.4083149469602422,0.2710778585900746,0.34212105118081604,0.49029867296240803,0.21800750091337417,0.5149167582980132,0.24732569831770468,0.41358636836477514,0.5105261393377943,0.26609636830138594,0.2691181636959604,0.27305222582632105,0.41690629028673065,0.4176824754571147,0.24768881346338667,0.2985237641631525
0.3014227052607543,0.5590763627976141,0.21824311692738674,0.2604731197601069,0.40788440561132133,0.5370612465085102,0.3547918168245312,0.2667554902545626,0.2942521805290501,0.26075506081906785,0.41846753095372735,0.2641292525595176,0.40516173263880806,0.25066975366070554,0.2537461460581647,0.3524166410366455,0.4629861363840433,0.411355895505924,0.32879325351377475,0.3563079630384539,0.4024920948019335,0.37594049166261956,0.4088519247962177,0.5351737018644867,0.5336971267588264,0.47903622368213283,0.40944723826045626,0.2541466826887371,0.2934991658296461,0.3011731767861715,0.24382077227861254,0.39521236127235193,0.0,0.4083149469602422,1.0,0.25799667403838633,0.3370383927706152,0.4047604883748891,0.2127479442905741,0.41717982300302636,0.24909774680955843,0.4699584539262104,0.4199508729394239,0.26194585985692076,0.2632940494047269,0.27227402060540173,0.47075379008008345,0.47016941429375125,0.25134404961359935,0.2944523332146862
0.2800533571344088,0.2591800277703278,0.21270603091362528,0.4182057109077002,0.2516165333988418,0.25850636901685464,0.25748150500778044,0.40755204251359545,0.2792193546584538,0.42881606336020417,0.27318307496782235,0.39964526714287174,0.2567085741686942,0.4099912337704785,0.4067469515813492,0.255387268325992,0.25216171505978124,0.27374507898791134,0.21941726813523443,0.259237028804994,0.2642754064438041,0.24504449341969825,0.2710574917525197,0.2407257437783037,0.24356935782242517,0.2502255042776229,0.264082858284864,0.4046557139287822,0.3072607484084626,0.2742336082467741,0.40389948227367645,0.24891573425118396,0.0,0.2710778585900746,0.25799667403838633,1.0,0.24846647579015546,0.2551602850012056,0.3566453685428872,0.2678420567779779,0.41023952204226877,0.25967233174964754,0.2602077046001635,0.41079089835567417,0.41055905700962614,0.2915303650950527,0.2556787156367828,0.2551218144357775,0.40613574661905216,0.30622543839105476
0.29064357696979737,0.32705094818192704,0.2102839089635713,0.24617241611306984,0.3318338745505828,0.33417237947380385,0.772352987908913,0.24505491494602127,0.2860109437307107,0.2438640663095928,0.334103755353264,0.2390154879504791,0.33115375818773696,0.23630372163293156,0.23951864460774785,0.7454788054647219,0.3218225190164432,0.36300309432632616,0.3031267308551624,0.7775726629887746,0.3564556262355726,0.3348999864696862,0.3650578914808503,0.314392962133628,0.3335009371457178,0.3287416773558137,0.3396122952432933,0.23603991289957527,0.2754679239662342,0.285408697191297,0.22651354429882087,0.33526201237786946,0.0,0.34212105118081604,0.3370383927706152,0.24846647579015546,1.0,0.32706651856368485,0.201652270383197,0.33545281592799936,0.22990548907114727,0.3334471413094251,0.34321981736196727,0.24218324860011753,0.2427485445114197,0.2555876673926528,0.3321885321097784,0.331158448364664,0.23211535595234778,0.27757892516269933
0.3199992506339009,0.4264660460637092,0.2285082331290631,0.2638931247055023,0.46394068764587826,0.40333706991561047,0.34156908048847945,0.2857593792924751,0.29792112212329913,0.27049640822837406,0.4934544205302164,0.2710931127960371,0.5088190289396312,0.26109517904337864,0.26109084149558504,0.3404658819212796,0.38486261984983405,0.47296577704714016,0.3842628459502432,0.3457459849036566,0.48453769638409594,0.46729435743132086,0.5077819636568188,0.38274143672643646,0.3844242217466828,0.39500468508380093,0.5972959978479311,0.271038971393068,0.30653770602250185,0.30178242945786315,0.2498083446539343,0.4879643460597014,0.0,0.49029867296240803,0.4047604883748891,0.2551602850012056,0.32706651856368485,1.0,0.21399261465515818,0.5310504257491255,0.25499720787938407,0.42630592909039977,0.6404538510662932,0.28044337337567693,0.2710934445592539,0.2852968074799688,0.4342778709999454,0.4350348983298319,0.26410871344134446,0.3050788651245139
0.2415555417490859,0.2111867598990146,0.1724976030789307,0.3700661033129933,0.21149525604537556,0.2239657931720339,0.20816087800277128,0.36485475373138,0.22881539592811195,0.3841745456026371,0.21902340594710856,0.3685580714825074,0.20719848088803505,0.3678847924325963,0.36797629991018344,0.20907962630656918,0.21100520355211794,0.21626649091174543,0.1751546167646103,0.20749305274454055,0.2078298470044755,0.1945578737609378,0.21208985800410163,0.19813004926535782,0.205425601685432,0.2098204768579156,0.20479916565966083,0.358701643036911,0.24382767311252473,0.22729948943289335,0.34635061686058,0.20691828700157266,0.0,0.21800750091337417,0.2127479442905741,0.3566453685428872,0.201652270383197,0.21399261465515818,1.0,0.21285348042932473,0.3528272748805492,0.2155311906589834,0.21173206997023353,0.3693740586998884,0.37501440427303345,0.23367689499394162,0.2156258726832213,0.2154385034024463,0.34857059286087333,0.2471974044825508
0.3131232266913432,0.4163678008245355,0.23009016670632998,0.2611394059384665,0.4685653193103215,0.3950158119064928,0.3530183212095839,0.2733075675703657,0.3057211842121551,0.27359004190987146,0.5281784041830238,0.2660901489856137,0.5436788905756743,0.25754106797432197,0.2559341458543417,0.3506235617364849,0.3906173694641749,0.5054416863784039,0.40498588329094054,0.35995720389873287,0.5152489968794478,0.49102328373028015,0.5274414065005941,0.3851140553911342,0.37508134535343274,0.40178394328935907,0.5480570148614545,0.26389107664426015,0.30532699446459255,0.3149713488224034,0.2518480237550398,0.49965730236381967,0.0,0.5149167582980132,0.41717982300302636,0.2678420567779779,0.33545281592799936,0.5310504257491255,0.21285348042932473,1.0,0.2535178044448809,0.4268373673179626,0.5506396715138662,0.26951852530689835,0.2710883469012181,0.28872424296916344,0.44485197798243314,0.4448673133423783,0.25959607824068964,0.30939951010137023
