../ecoli_genomes/GCF_000163235.1_ASM16323v1_genomic.fna.gz,../ecoli_genomes/GCF_000164555.1_ASM16455v1_genomic.fna.gz,../ecoli_genomes/GCF_000208545.1_ASM20854v2_genomic.fna.gz,../ecoli_genomes/GCF_000233875.1_ASM23387v1_genomic.fna.gz,../ecoli_genomes/GCF_000249735.1_ASM24973v2_genomic.fna.gz,../ecoli_genomes/GCF_000261145.1_Esch_coli_M919_V2_genomic.fna.gz,../ecoli_genomes/GCF_000267705.2_ASM26770v2_genomic.fna.gz,../ecoli_genomes/GCF_000350665.1_Esch_coli_KTE5_V1_genomic.fna.gz,../ecoli_genomes/GCF_000351625.1_Esch_coli_KTE66_V1_genomic.fna.gz,../ecoli_genomes/GCF_000352285.1_Esch_coli_KTE46_V1_genomic.fna.gz,../ecoli_genomes/GCF_000358895.1_ASM35889v1_genomic.fna.gz,../ecoli_genomes/GCF_000456385.1_Esch_coli_HVH_26_4-5703913_V1_genomic.fna.gz,../ecoli_genomes/GCF_000458195.1_Esch_coli_HVH_147_4-5893887_V1_genomic.fna.gz,../ecoli_genomes/GCF_000459755.1_Esch_coli_KOEGE_58_171a_V1_genomic.fna.gz,../ecoli_genomes/GCF_000460055.1_Esch_coli_UMEA_3053-1_V1_genomic.fna.gz,../ecoli_genomes/GCF_000462165.2_ASM46216v2_genomic.fna.gz,../ecoli_genomes/GCF_000601135.1_ASM60113v1_genomic.fna.gz,../ecoli_genomes/GCF_000614595.1_Ec2010EL1058_genomic.fna.gz,../ecoli_genomes/GCF_000617745.1_Ec2010C-4529_genomic.fna.gz,../ecoli_genomes/GCF_000618265.2_EcF6751_genomic.fna.gz,../ecoli_genomes/GCF_000619005.2_Ec2009C-4052_genomic.fna.gz,../ecoli_genomes/GCF_000619105.1_Ec2009C-4780_genomic.fna.gz,../ecoli_genomes/GCF_000619765.2_Ec2009C-3279_genomic.fna.gz,../ecoli_genomes/GCF_000687005.1_ASM68700v1_genomic.fna.gz,../ecoli_genomes/GCF_000687025.1_ASM68702v1_genomic.fna.gz,../ecoli_genomes/GCF_000700125.1_ASM70012v1_genomic.fna.gz,../ecoli_genomes/GCF_000753315.1_FHI35_genomic.fna.gz,../ecoli_genomes/GCF_000776375.1_ASM77637v1_genomic.fna.gz,../ecoli_genomes/GCF_000779395.1_ASM77939v1_genomic.fna.gz,../ecoli_genomes/GCF_000780315.1_ASM78031v1_genomic.fna.gz,../ecoli_genomes/GCF_000781995.1_ASM78199v1_genomic.fna.gz,../ecoli_genomes/GCF_000986765.1_ASM98676v1_genomic.fna.gz,../ecoli_genomes/GCF_001041375.1_ViralProj287958_genomic.fna.gz,../ecoli_genomes/GCF_001265335.1_302014_genomic.fna.gz,../ecoli_genomes/GCF_001265625.1_100854_genomic.fna.gz,../ecoli_genomes/GCF_001267345.1_303289_genomic.fna.gz,../ecoli_genomes/GCF_001309985.1_ASM130998v1_genomic.fna.gz,../ecoli_genomes/GCF_001521695.1_ASM152169v1_genomic.fna.gz,../ecoli_genomes/GCF_001592595.1_ASM159259v1_genomic.fna.gz,../ecoli_genomes/GCF_001614975.1_ASM161497v1_genomic.fna.gz,../ecoli_genomes/GCF_001692775.1_ASM169277v1_genomic.fna.gz,../ecoli_genomes/GCF_001748915.1_ASM174891v1_genomic.fna.gz,../ecoli_genomes/GCF_001749235.1_ASM174923v1_genomic.fna.gz,../ecoli_genomes/GCF_001881155.1_ASM188115v1_genomic.fna.gz,../ecoli_genomes/GCF_001881345.1_ASM188134v1_genomic.fna.gz,../ecoli_genomes/GCF_001892405.1_ASM189240v1_genomic.fna.gz,../ecoli_genomes/GCF_001892585.1_ASM189258v1_genomic.fna.gz,../ecoli_genomes/GCF_001893985.1_ASM189398v1_genomic.fna.gz,../ecoli_genomes/GCF_002001595.1_ASM200159v1_genomic.fna.gz,../ecoli_genomes/GCF_002002145.1_ASM200214v1_genomic.fna.gz
1.0,0.7799371682125333,0.7501711517418396,0.7698126137896844,0.7721872099260931,0.7734578289092029,0.768383501753676,0.7760817697209761,0.8005746578595657,0.7783847000502788,0.7720388432430111,0.7700712991536292,0.7734131321573405,0.7615846986230274,0.762825102822317,0.7766531075444746,0.7741339796427764,0.772912319012532,0.7567322624737997,0.7708091411417218,0.7647367736869494,0.7673779789139569,0.7745663563356234,0.7662696502939905,0.7523779249214491,0.7061098871569185,0.7800315763697753,0.7693694758061393,0.7850014070160852,0.7929722323664681,0.7510951299560796,0.7683005814109518,0.0502476239811972,0.7669512436374555,0.7646753040331291,0.7651866512702102,0.7566816474144311,0.7741478132606467,0.7181772398870409,0.7719722317490707,0.7616757641620095,0.7735432085884917,0.7783612840435141,0.7768138790270056,0.7759207260043552,0.7726622552725324,0.7726943447980354,0.7722041840957514,0.76208428349283,0.7827651907068085
0.7799371682125333,1.0,0.7610250806016879,0.7689347851424692,0.794254610112898,0.834436446685329,0.7809563052764252,0.7766178738575824,0.771629303063157,0.7805313069051936,0.8030674077797092,0.7751574803374952,0.8042347409996938,0.7688114377578816,0.7651491695386544,0.7826163730272799,0.8032047360807066,0.8027812555246067,0.7817401448209833,0.7853180724412994,0.79579455585897,0.7987737762062768,0.8052752817834886,0.822163542600402,0.8051761554014114,0.7387106769091172,0.807283891995788,0.7761200321960038,0.7808087054051968,0.7761278620365845,0.7578001413295444,0.8036674892841362,0.05674069257241887,0.8014739615717479,0.829283711024933,0.7624210958906357,0.7690384265890873,0.8004812637875264,0.710216786583115,0.8140713400663253,0.7672650080949412,0.8123288430595519,0.8123062272668901,0.7819417491101326,0.7743272556651473,0.7745497857072924,0.8258603804396032,0.8279498788717634,0.768967627114447,0.7808545639882349
0.7501711517418396,0.7610250806016879,1.0,0.7365061847623264,0.7370826952059046,0.7438619865695031,0.7394219261233084,0.7430775274730563,0.7501440383922666,0.7470299328875537,0.7417136192373561,0.7371087995035269,0.7528359797963591,0.7447263883046449,0.735342334513526,0.7406047505382969,0.7416283121805645,0.7486924412203322,0.724455140934767,0.7426836429812835,0.742475120761032,0.7404545673259293,0.7467012124691117,0.7314035278354755,0.7184166279522051,0.6878064066115293,0.7519299523965383,0.7467460249795068,0.747858385964204,0.7544362839927583,0.7339573192100912,0.7448708458685833,0.04249955213704959,0.7443671239889948,0.7396999962656894,0.7369886875100303,0.7303021375865164,0.7402849273787808,0.6949852333683204,0.7526394282051396,0.7434123647760862,0.7486425387895351,0.7523374630628239,0.7530924140398493,0.7417873619869941,0.7507325248756526,0.7565766847382267,0.7572085803593296,0.747983342293943,0.7503558730544672
0.7698126137896844,0.7689347851424692,0.7365061847623264,1.0,0.758549728328826,0.7647849671462692,0.7484545410256565,0.8290990216849667,0.7574273225509476,0.8277264957625045,0.7608502232547762,0.8345368675927581,0.7541560424783383,0.85079584094442,0.8574359302935685,0.7495623870674213,0.7553459892123149,0.7544789152981174,0.7473847503760656,0.7513775369239247,0.7560529973719763,0.7489587072142374,0.7593754677012329,0.7488115675520992,0.7381683138135463,0.6955931940138009,0.7619369223750533,0.8363003299961403,0.7712148461647297,0.7569365218957849,0.8238586961547738,0.7635810466260482,0.04982751512230443,0.7505833080474457,0.7484225773756543,0.7952941207211337,0.7392168342159123,0.7548116906159421,0.7480000443074757,0.7566082038481863,0.8364315675487042,0.7603877537571262,0.759958521232642,0.8445946819979322,0.8348301553806928,0.7724014043900505,0.7588782863256224,0.7599716782559549,0.8093841543594251,0.7772260102262394
0.7721872099260931,0.794254610112898,0.7370826952059046,0.758549728328826,1.0,0.8037827429164441,0.7731831896548979,0.7688581228131856,0.7679375738703426,0.7635151689799538,0.8338814199510591,0.7604306995834549,0.8174870796144321,0.758655005536357,0.7607215227096789,0.7851307522166445,0.7927474475156115,0.7936544225947939,0.7842466842039505,0.7783621492365478,0.7988339830185445,0.8007695480360341,0.8036582288722244,0.782754862935384,0.7748189852987811,0.7297109278130505,0.8135604141967042,0.759395123329135,0.7638485645908892,0.7645129025718869,0.7503994536511132,0.8095894502332264,0.05107369089544411,0.8056522341762049,0.7865566522804889,0.755894542407471,0.763986501728419,0.8123901116174246,0.7231592481769418,0.8164270264708022,0.7632334953040801,0.800199765207256,0.823239844114793,0.7714209166956592,0.769586881376708,0.7618848417857927,0.8066712933126503,0.8063783646935792,0.7571559775077872,0.7716417726364206
0.7734578289092029,0.834436446685329,0.7438619865695031,0.7647849671462692,0.8037827429164441,1.0,0.7774041243209029,0.773691776677756,0.7717772967682428,0.7657299710746538,0.7972278797520815,0.7599996353552445,0.7952064461853483,0.7645758445171325,0.7627005206734786,0.7825462507570516,0.8061126170956527,0.7994347813436709,0.7798971817943852,0.7825915650562549,0.7879734410522604,0.7879603879254877,0.8017446201887012,0.8179287094087535,0.8070687542655444,0.7340947449834494,0.7996781301517086,0.7643270497924481,0.7759836733390048,0.7647666376151419,0.7515419068876512,0.800384569378611,0.0530461481653306,0.7967529053069151,0.8267641563758383,0.7673283473566099,0.7689696111012408,0.8002562498679061,0.7261605456055793,0.8080308897734079,0.7557415200985376,0.8149831175560232,0.8047236450347498,0.7741934901041462,0.7703207568311731,0.7685816544401916,0.8228065380166827,0.8248803407175667,0.759275773014511,0.7827848280506431
0.768383501753676,0.7809563052764252,0.7394219261233084,0.7484545410256565,0.7731831896548979,0.7774041243209029,1.0,0.7574513827929786,0.7618135550898377,0.758181722638535,0.7796915501133296,0.7492686343836783,0.7816008618919364,0.747157206737149,0.7450096233125707,0.8935809139261391,0.7725323955366298,0.8005141542000676,0.776071711468221,0.9388324436224386,0.8027031405772437,0.7870233920237163,0.8038103841825013,0.7666840529560409,0.7519955716070206,0.7083033626285631,0.7918991407227356,0.7518636525220708,0.7673483767016013,0.7703390980505783,0.7376811486571233,0.7817681285262486,0.045788261355113935,0.7839516718474893,0.7777809693993116,0.7569376343919237,0.904638687247794,0.7726476690763104,0.7125830027507106,0.784547413816209,0.741530973132418,0.7777536942145922,0.7854179368953891,0.7578599346520244,0.7545962913390701,0.7533664368819923,0.7777845692253269,0.778239254892236,0.7450427646481558,0.7657979995650872
0.7760817697209761,0.7766178738575824,0.7430775274730563,0.8290990216849667,0.7688581228131856,0.773691776677756,0.7574513827929786,1.0,0.7701797024431161,0.8311287301295656,0.7719346318497978,0.8312663846627877,0.7712287975056835,0.8273510820308394,0.8203452541644807,0.7614639434909906,0.7613448335325012,0.76850552896672,0.7563245029087201,0.7624242294194546,0.765306714208389,0.7636849981343716,0.7684044273507937,0.7568533212628161,0.7388084332561353,0.7012467304846683,0.773620455830607,0.8845490580955044,0.7804280567659514,0.766100529818376,0.8128907700666617,0.7699990404844494,0.04636881488402378,0.7620601685234026,0.7553113207256101,0.8018310516388646,0.7491682958399688,0.7701721886515679,0.7632003061959868,0.7706195461452682,0.8219518163051326,0.7689920568954759,0.7729068985656978,0.8900393266396718,0.879207163376701,0.7725554298290895,0.7665085965079804,0.7671536878823656,0.8198742699464754,0.7809707309363875
0.8005746578595657,0.771629303063157,0.7501440383922666,0.7574273225509476,0.7679375738703426,0.7717772967682428,0.7618135550898377,0.7701797024431161,1.0,0.7711876707795338,0.7713863445199659,0.7626014130855957,0.7684391480193865,0.7622205219892872,0.7550191332118047,0.7662373778304665,0.764369800213081,0.7627351828716232,0.7485426277818714,0.7681425301631998,0.7619630903804532,0.758198932448706,0.7650210762727032,0.7572936425753429,0.7460668287662143,0.704431486576801,0.771024726007905,0.7648020938647644,0.7727623506155801,0.7972766609155568,0.7520858405777718,0.7631434017106976,0.05113900091958001,0.7592435422124542,0.7631833097671713,0.7684026497852035,0.752981794653764,0.7653974978453142,0.7116030117013395,0.7753395367323842,0.7579964932404754,0.7712419690723853,0.7761169143115563,0.7716419169813244,0.7690290018275171,0.7713024997116688,0.7731608740111677,0.7731277558545857,0.7602807627924255,0.7760542060945994
0.7783847000502788,0.7805313069051936,0.7470299328875537,0.8277264957625045,0.7635151689799538,0.7657299710746538,0.758181722638535,0.8311287301295656,0.7711876707795338,1.0,0.7768510614111258,0.8270555339563951,0.7707885508390087,0.8280056601320449,0.8230149189230436,0.7649788084095387,0.7502353961905541,0.7634485385114674,0.7479600686876587,0.7626384234273095,0.7579186657452968,0.7619498211111067,0.7620084178558842,0.7531038296074943,0.7322960771221241,0.6962397430782867,0.7706187203963099,0.8335615000324123,0.7801075836132627,0.7705446697491982,0.8247927838308527,0.7598391279893753,0.04851433295508145,0.7578931045740327,0.7577353098196516,0.8059370491935971,0.7503455031042103,0.7660520839420202,0.7585107494055744,0.7726623599305495,0.8366806968949639,0.7682692060275528,0.7706268763793418,0.8371010127139024,0.8297302684502077,0.7744641307820334,0.7669772703448983,0.7671401907828681,0.8274924825352491,0.7786404932610397
0.7720388432430111,0.8030674077797092,0.7417136192373561,0.7608502232547762,0.8338814199510591,0.7972278797520815,0.7796915501133296,0.7719346318497978,0.7713863445199659,0.7768510614111258,1.0,0.7617283267893156,0.8479755034744901,0.7621613947994221,0.7553936550284548,0.790291297828143,0.786504693469551,0.8164599969056082,0.7996520161003426,0.783752134194144,0.8079509122471731,0.8213781832972604,0.8200202498493604,0.7966367558914598,0.7677573074951565,0.7236912753640294,0.826119537511841,0.772638466926257,0.7684192461064479,0.7731856466184915,0.7546503107694997,0.8126431817984879,0.04818860684171056,0.8116295752026391,0.7902752824153515,0.7635556723615536,0.7730256145596239,0.8168802381279876,0.7122706097869793,0.8332769258435366,0.7616576635079345,0.7999448413254315,0.8327329299371857,0.7732266929938907,0.7703854219732114,0.7582805084306884,0.8042695049296913,0.8029900598422226,0.758321588940475,0.767221289168247
0.7700712991536292,0.7751574803374952,0.7371087995035269,0.8345368675927581,0.7604306995834549,0.7599996353552445,0.7492686343836783,0.8312663846627877,0.7626014130855957,0.8270555339563951,0.7617283267893156,1.0,0.7597594594980609,0.8258226357876027,0.850516909436217,0.7553521268783272,0.7516402160370067,0.754520250695941,0.7429354023702892,0.7537060132573252,0.7521856051646412,0.7526423722736117,0.7578626150658683,0.7507371279631656,0.739102368715523,0.6934017568261179,0.762017394467255,0.8267936429151215,0.7757378776789169,0.7579086806426277,0.8084839417780898,0.7591906463361463,0.05380703502935247,0.7537046534776488,0.7551239887059185,0.7962600568177671,0.7407898953232948,0.7581980875799912,0.7533512088667608,0.7573714983498773,0.8217562877962863,0.7557778183530031,0.7648740911236589,0.8328712293458094,0.8300089750240188,0.7784600792340373,0.7615694472778393,0.7619272426398335,0.8108417670870544,0.7785170011086913
0.7734131321573405,0.8042347409996938,0.7528359797963591,0.7541560424783383,0.8174870796144321,0.7952064461853483,0.7816008618919364,0.7712287975056835,0.7684391480193865,0.7707885508390087,0.8479755034744901,0.7597594594980609,1.0,0.7569173964576856,0.7540017085628922,0.7896885761081001,0.7844021579845788,0.8202563902832635,0.8173058495247268,0.7870998211683824,0.8155261756623295,0.8448325625838674,0.836136728018984,0.790752904483089,0.7621005925813298,0.7247191204877241,0.8369729445376723,0.7677416314434516,0.7653496901837052,0.7750317820813273,0.7465553096147812,0.8216581833547416,0.048779984334980764,0.8266701348844068,0.7912148447160776,0.759337434243213,0.7758108195762301,0.8228954699857443,0.706661872744119,0.8400086185116011,0.756714312099668,0.7972116211395843,0.8327143562442358,0.7715905713796553,0.7648569991491881,0.7612924756779893,0.8048872307828742,0.8043733618279106,0.7555629052724478,0.7685220821475767
0.7615846986230274,0.7688114377578816,0.7447263883046449,0.85079584094442,0.758655005536357,0.7645758445171325,0.747157206737149,0.8273510820308394,0.7622205219892872,0.8280056601320449,0.7621613947994221,0.8258226357876027,0.7569173964576856,1.0,0.8530134771453552,0.7516199729748596,0.7455937885893724,0.7571447629110627,0.7449747107884479,0.7525921395472369,0.7547027840869527,0.7531156456400135,0.7594825163195251,0.7436530470409457,0.7256409835563025,0.6912703885188987,0.7610480613085149,0.8413187452687931,0.7743618815427659,0.7577931447708794,0.8271826035964813,0.760167626332968,0.0504943697381377,0.7505037435794345,0.7521767495605457,0.7900781449554655,0.7372500624020845,0.7596715873534214,0.7538380987126645,0.7579591855242286,0.8398138293888691,0.7625444292622021,0.7647822242703917,0.8430994556290259,0.8325674627973592,0.7717317299793063,0.7642140079378696,0.7652728578117346,0.81793685881021,0.7810952645189924
0.762825102822317,0.7651491695386544,0.735342334513526,0.8574359302935685,0.7607215227096789,0.7627005206734786,0.7450096233125707,0.8203452541644807,0.7550191332118047,0.8230149189230436,0.7553936550284548,0.850516909436217,0.7540017085628922,0.8530134771453552,1.0,0.752629721020464,0.750331794268905,0.7494545626766922,0.7394691606117128,0.7502617584394279,0.7473092430966244,0.7476421684138257,0.7520135747698155,0.7447311308656287,0.7310170696970615,0.6944481166666793,0.7556607617001697,0.822026140078691,0.7707305654956965,0.7535926767194484,0.8254466847876756,0.7561805539736186,0.05460853860471038,0.748352949637733,0.7474654353449055,0.792735445577701,0.7376054540455769,0.7533457168591571,0.7500400366002115,0.7540061014246947,0.8377301988499973,0.7543447308882353,0.7574839681225926,0.8292872092601252,0.8186267570347039,0.7752567816710112,0.7596334926967592,0.7607976029188377,0.80990565897095,0.7827343395705231
0.7766531075444746,0.7826163730272799,0.7406047505382969,0.7495623870674213,0.7851307522166445,0.7825462507570516,0.8935809139261391,0.7614639434909906,0.7662373778304665,0.7649788084095387,0.790291297828143,0.7553521268783272,0.7896885761081001,0.7516199729748596,0.752629721020464,1.0,0.7769350268059527,0.7934433067769404,0.7780534774332266,0.90391863481701,0.7899920697594564,0.791457299211281,0.7974991441329086,0.773581868821261,0.7553752057739064,0.7166300282543785,0.7896829089941223,0.7583735604680507,0.7698423898317173,0.7773900490761197,0.7458196607921828,0.782530170696904,0.04744147299300072,0.78562813951887,0.7802918261734061,0.7572055779948059,0.8863844490347096,0.775377006024302,0.7132257884722655,0.7869120591741788,0.7470259127981085,0.7768885975741265,0.7847469200679189,0.7625239659594863,0.7599538913353772,0.7587220795823143,0.783225824487187,0.7834862755591834,0.7513046928794278,0.7702724612649763
0.7741339796427764,0.8032047360807066,0.7416283121805645,0.7553459892123149,0.7927474475156115,0.8061126170956527,0.7725323955366298,0.7613448335325012,0.764369800213081,0.7502353961905541,0.786504693469551,0.7516402160370067,0.7844021579845788,0.7455937885893724,0.750331794268905,0.7769350268059527,1.0,0.7861770365104941,0.770892929351239,0.7740144686169501,0.7836201960725668,0.7881229770895435,0.800029595051515,0.8001404353915353,0.7984099856089033,0.7444102995073647,0.7916405461249754,0.7511795296369019,0.7618716442944122,0.7587401389836008,0.7390712637356055,0.8090400186800321,0.050743924341808855,0.7928388491644928,0.7987446289994586,0.7586609136988965,0.7724637810530608,0.7830663752296537,0.7102707427189028,0.7950925792040718,0.7436163250015991,0.7913809021245346,0.8013447079561931,0.763457463148006,0.766016256366802,0.754710781942866,0.8067044129501045,0.8081849758416468,0.7437265841419283,0.7676694532540016
0.772912319012532,0.8027812555246067,0.7486924412203322,0.7544789152981174,0.7936544225947939,0.7994347813436709,0.8005141542000676,0.76850552896672,0.7627351828716232,0.7634485385114674,0.8164599969056082,0.754520250695941,0.8202563902832635,0.7571447629110627,0.7494545626766922,0.7934433067769404,0.7861770365104941,1.0,0.8171780779547502,0.8032315938991152,0.8383342752076438,0.8250845677952482,0.842540143145906,0.7923316966876168,0.7666539900561617,0.7219282508484377,0.8249653977236643,0.7647977230354114,0.7630417666809189,0.7692034961574893,0.7504272562429904,0.8123056979693324,0.052170703931395,0.8163914236892962,0.7930785298866196,0.7648271783884,0.7881126924324438,0.8052042605432717,0.7139740044672458,0.8229122582863694,0.7527389552098367,0.7954066285664261,0.8205921986942617,0.7689534870366105,0.7653923828367919,0.7554999761489499,0.7977987468217491,0.7988171848910018,0.746705156666573,0.7596335361682979
0.7567322624737997,0.7817401448209833,0.724455140934767,0.7473847503760656,0.7842466842039505,0.7798971817943852,0.776071711468221,0.7563245029087201,0.7485426277818714,0.7479600686876587,0.7996520161003426,0.7429354023702892,0.8173058495247268,0.7449747107884479,0.7394691606117128,0.7780534774332266,0.770892929351239,0.8171780779547502,1.0,0.7797443782012563,0.8133697246479388,0.8358816592559928,0.8165432565722552,0.7705560174592279,0.7550211833091046,0.706881413400334,0.8030606179645523,0.7514871500962493,0.7489597158581849,0.7434182977784526,0.7355331777853047,0.8096028494613228,0.049932294067367544,0.7964142359122871,0.768060353286094,0.7485334420184959,0.7671478472947777,0.7848226049125813,0.7015911590199841,0.798399020590157,0.7420636160765575,0.7744906163957374,0.7940849903181624,0.7583556918118542,0.7503412112963448,0.742524958619869,0.7762590851627772,0.7762843283912533,0.7365990011376153,0.7481634517047189
0.7708091411417218,0.7853180724412994,0.7426836429812835,0.7513775369239247,0.7783621492365478,0.7825915650562549,0.9388324436224386,0.7624242294194546,0.7681425301631998,0.7626384234273095,0.783752134194144,0.7537060132573252,0.7870998211683824,0.7525921395472369,0.7502617584394279,0.90391863481701,0.7740144686169501,0.8032315938991152,0.7797443782012563,1.0,0.8054853962284738,0.7899558425634794,0.804687753911103,0.7666273167207205,0.7552610170166532,0.7102795848691059,0.7953673954072488,0.7576491272135593,0.7706255466729944,0.776814447727568,0.7429896185375022,0.7857052229501219,0.04621659577376369,0.7855469844166281,0.7796822057536211,0.7590394559566515,0.9096168125313786,0.7771764890200542,0.7146997144850107,0.7893480775030856,0.7458832831651325,0.779316707225334,0.7883213177680239,0.7613326742716536,0.7581840407106399,0.7589841054639824,0.7828809503559886,0.7840463443743633,0.750683891880328,0.7705046513550117
0.7647367736869494,0.79579455585897,0.742475120761032,0.7560529973719763,0.7988339830185445,0.7879734410522604,0.8027031405772437,0.765306714208389,0.7619630903804532,0.7579186657452968,0.8079509122471731,0.7521856051646412,0.8155261756623295,0.7547027840869527,0.7473092430966244,0.7899920697594564,0.7836201960725668,0.8383342752076438,0.8133697246479388,0.8054853962284738,1.0,0.8212947377102962,0.8387274322045009,0.7794189741589127,0.75767315631038,0.7202305205106864,0.8240311708485976,0.7629384243299486,0.7614491192848846,0.7616358973114752,0.7477457838569443,0.8096370483082893,0.04900608282943952,0.8162815444409156,0.7859611138408313,0.7636557833307865,0.78506912463369,0.8062103978005529,0.7132746946899489,0.8231595053591918,0.7534201504613933,0.7904304476236804,0.8198262461218951,0.7681371676459618,0.7628993308749432,0.7622660165491165,0.7992455514991028,0.7996132298435799,0.7461545426563573,0.7617340637512431
0.7673779789139569,0.7987737762062768,0.7404545673259293,0.7489587072142374,0.8007695480360341,0.7879603879254877,0.7870233920237163,0.7636849981343716,0.758198932448706,0.7619498211111067,0.8213781832972604,0.7526423722736117,0.8448325625838674,0.7531156456400135,0.7476421684138257,0.791457299211281,0.7881229770895435,0.8250845677952482,0.8358816592559928,0.7899558425634794,0.8212947377102962,1.0,0.878735983442605,0.787016282636629,0.7638274589919216,0.7227872661699211,0.82432877273731,0.7618867979287515,0.7608408798296769,0.758068864603196,0.7450872041726915,0.8229032261448241,0.047714170497834774,0.8541874611927559,0.785892824249157,0.7588497604670836,0.7778342330101403,0.8101501518501177,0.7077420927112664,0.8238048179363777,0.7509566778206147,0.7923520969429371,0.8275270825874524,0.7662008354257674,0.759264199112567,0.7542403937262521,0.7998934444430043,0.799918663196562,0.7501292610713961,0.7631992864377659
0.7745663563356234,0.8052752817834886,0.7467012124691117,0.7593754677012329,0.8036582288722244,0.8017446201887012,0.8038103841825013,0.7684044273507937,0.7650210762727032,0.7620084178558842,0.8200202498493604,0.7578626150658683,0.836136728018984,0.7594825163195251,0.7520135747698155,0.7974991441329086,0.800029595051515,0.842540143145906,0.8165432565722552,0.804687753911103,0.8387274322045009,0.878735983442605,1.0,0.7914181528724856,0.7706692704668965,0.727871803148741,0.843659232582068,0.7688260390780142,0.7651808549967237,0.7674896174581907,0.7515530429493711,0.8265686201832778,0.04852536644978511,0.862009504478337,0.7914380096026195,0.7665634858205091,0.7886877261220828,0.8227427082867399,0.7171747759753428,0.8318275079584034,0.7559158396446425,0.7938599540836805,0.8332330827070459,0.7722698790691713,0.7664607130962018,0.7620684033739336,0.804910005370653,0.8059774207305862,0.7543202273294414,0.7649547998914964
0.7662696502939905,0.822163542600402,0.7314035278354755,0.7488115675520992,0.782754862935384,0.8179287094087535,0.7666840529560409,0.7568533212628161,0.7572936425753429,0.7531038296074943,0.7966367558914598,0.7507371279631656,0.790752904483089,0.7436530470409457,0.7447311308656287,0.773581868821261,0.8001404353915353,0.7923316966876168,0.7705560174592279,0.7666273167207205,0.7794189741589127,0.787016282636629,0.7914181528724856,1.0,0.806443376589117,0.7328839935607643,0.7896537721375653,0.747904025712762,0.7550102530886098,0.7553912374453488,0.7353101943308646,0.7906474628978593,0.05306930199511839,0.7807294120802182,0.8250969289110837,0.7478085588328034,0.7599047529653908,0.7826812882484333,0.7011732201084775,0.7923294578710016,0.7414566555119868,0.7982508247753626,0.7888802969673858,0.758211341671872,0.7541454881582298,0.7455271535535613,0.8041150391513394,0.803463772642711,0.7387184077920708,0.758735247588062
0.7523779249214491,0.8051761554014114,0.7184166279522051,0.7381683138135463,0.7748189852987811,0.8070687542655444,0.7519955716070206,0.7388084332561353,0.7460668287662143,0.7322960771221241,0.7677573074951565,0.739102368715523,0.7621005925813298,0.7256409835563025,0.7310170696970615,0.7553752057739064,0.7984099856089033,0.7666539900561617,0.7550211833091046,0.7552610170166532,0.75767315631038,0.7638274589919216,0.7706692704668965,0.806443376589117,1.0,0.732273213535918,0.766550453457223,0.7275310896505074,0.7412107117129932,0.7400045335182817,0.7203303198013775,0.7842847076230707,0.05499807939001378,0.7623710578066157,0.803626098793415,0.732359219913508,0.7502879674793059,0.7653002276290755,0.6915005431203276,0.7722911575355702,0.7274474741243623,0.77622555796871,0.7760320747851532,0.7436912403018208,0.7394381417661234,0.7438593242225926,0.7820431561940113,0.7834415263910303,0.7263693510367016,0.7466736296167213
0.7061098871569185,0.7387106769091172,0.6878064066115293,0.6955931940138009,0.7297109278130505,0.7340947449834494,0.7083033626285631,0.7012467304846683,0.704431486576801,0.6962397430782867,0.7236912753640294,0.6934017568261179,0.7247191204877241,0.6912703885188987,0.6944481166666793,0.7166300282543785,0.7444102995073647,0.7219282508484377,0.706881413400334,0.7102795848691059,0.7202305205106864,0.7227872661699211,0.727871803148741,0.7328839935607643,0.732273213535918,1.0,0.7268595252860228,0.6950512933042501,0.7009270533929126,0.7050100189140573,0.6861390793135889,0.7233023783212603,0.05015382628295928,0.7232966774626906,0.7380249411248698,0.6994980147369501,0.7030990003605565,0.747286082768547,0.6542861915522065,0.7294114808016575,0.6925762606926782,0.7328603262325487,0.7290087200008237,0.7072259731971653,0.7041918752303303,0.7029321011305469,0.7399376480840555,0.7409540267522543,0.6945206261967347,0.7069999180255759
0.7800315763697753,0.807283891995788,0.7519299523965383,0.7619369223750533,0.8135604141967042,0.7996781301517086,0.7918991407227356,0.773620455830607,0.771024726007905,0.7706187203963099,0.826119537511841,0.762017394467255,0.8369729445376723,0.7610480613085149,0.7556607617001697,0.7896829089941223,0.7916405461249754,0.8249653977236643,0.8030606179645523,0.7953673954072488,0.8240311708485976,0.82432877273731,0.843659232582068,0.7896537721375653,0.766550453457223,0.7268595252860228,1.0,0.7695196290242832,0.7686571107100765,0.7770589472027155,0.7549985183199712,0.8202648087790774,0.04649317086495264,0.8188728401074744,0.7879843057468323,0.7660861121232483,0.7786802283665484,0.8370514053282614,0.7154258113406642,0.8358749608410965,0.762647997142695,0.7991713735876416,0.8532287929184501,0.7753674390794401,0.7699054395940017,0.7680197572728535,0.8080000057019001,0.808376350282984,0.7597028781102725,0.7696548812571745
0.7693694758061393,0.7761200321960038,0.7467460249795068,0.8363003299961403,0.759395123329135,0.7643270497924481,0.7518636525220708,0.8845490580955044,0.7648020938647644,0.8335615000324123,0.772638466926257,0.8267936429151215,0.7677416314434516,0.8413187452687931,0.822026140078691,0.7583735604680507,0.7511795296369019,0.7647977230354114,0.7514871500962493,0.7576491272135593,0.7629384243299486,0.7618867979287515,0.7688260390780142,0.747904025712762,0.7275310896505074,0.6950512933042501,0.7695196290242832,1.0,0.7773190258980991,0.765498918896812,0.8199260736599051,0.7643450682647388,0.05076271795997345,0.7591362376384829,0.750338906539986,0.793230498645813,0.7442201921503309,0.7672176759237139,0.7550031725302244,0.76764365478331,0.8300466635046648,0.7627807104222795,0.7663570715617045,0.9126231692607806,0.8932158156989862,0.7688043540831706,0.7641211641863438,0.7648090375553998,0.8238724032148382,0.7723516235659343
0.7850014070160852,0.7808087054051968,0.747858385964204,0.7712148461647297,0.7638485645908892,0.7759836733390048,0.7673483767016013,0.7804280567659514,0.7727623506155801,0.7801075836132627,0.7684192461064479,0.7757378776789169,0.7653496901837052,0.7743618815427659,0.7707305654956965,0.7698423898317173,0.7618716442944122,0.7630417666809189,0.7489597158581849,0.7706255466729944,0.7614491192848846,0.7608408798296769,0.7651808549967237,0.7550102530886098,0.7412107117129932,0.7009270533929126,0.7686571107100765,0.7773190258980991,1.0,0.7776918986045651,0.7664111702278282,0.7657192431328617,0.04663961969184949,0.7614691324810526,0.7639714629031067,0.7779049594875642,0.7565688598380472,0.7636413583085401,0.7255029694676748,0.7719888830491289,0.763336250498117,0.7694948027934192,0.7702689739389392,0.7774227962963156,0.7728491251840515,0.7933468647883065,0.7714869742935705,0.7720346105183447,0.7710611981090308,0.8529758125864746
0.7929722323664681,0.7761278620365845,0.7544362839927583,0.7569365218957849,0.7645129025718869,0.7647666376151419,0.7703390980505783,0.766100529818376,0.7972766609155568,0.7705446697491982,0.7731856466184915,0.7579086806426277,0.7750317820813273,0.7577931447708794,0.7535926767194484,0.7773900490761197,0.7587401389836008,0.7692034961574893,0.7434182977784526,0.776814447727568,0.7616358973114752,0.758068864603196,0.7674896174581907,0.7553912374453488,0.7400045335182817,0.7050100189140573,0.7770589472027155,0.765498918896812,0.7776918986045651,1.0,0.7535276000102731,0.7602674308860975,0.04986550358742947,0.7570943862722486,0.759346103268705,0.7693634701756948,0.7626445718197974,0.7639358560502683,0.7159575462881036,0.7794843188983418,0.7580370637368143,0.7656171778503651,0.7770161252016743,0.7690761307907641,0.7645531529448268,0.7739298630349656,0.7735338726271824,0.773417633595871,0.7634515753447139,0.7819677795183246
0.7510951299560796,0.7578001413295444,0.7339573192100912,0.8238586961547738,0.7503994536511132,0.7515419068876512,0.7376811486571233,0.8128907700666617,0.7520858405777718,0.8247927838308527,0.7546503107694997,0.8084839417780898,0.7465553096147812,0.8271826035964813,0.8254466847876756,0.7458196607921828,0.7390712637356055,0.7504272562429904,0.7355331777853047,0.7429896185375022,0.7477457838569443,0.7450872041726915,0.7515530429493711,0.7353101943308646,0.7203303198013775,0.6861390793135889,0.7549985183199712,0.8199260736599051,0.7664111702278282,0.7535276000102731,1.0,0.7507740801946572,0.04886167143851572,0.7450352859962408,0.7380590456273948,0.7893909626132747,0.7316504740700069,0.7474708226236724,0.7470688499680684,0.7515024297363879,0.8609811760198944,0.7489104480254478,0.7491813864896956,0.8230720174539632,0.8145702308608644,0.7668810826194233,0.7499758229936078,0.750505349184535,0.7991580929505421,0.7643066848640544
0.7683005814109518,0.8036674892841362,0.7448708458685833,0.7635810466260482,0.8095894502332264,0.800384569378611,0.7817681285262486,0.7699990404844494,0.7631434017106976,0.7598391279893753,0.8126431817984879,0.7591906463361463,0.8216581833547416,0.760167626332968,0.7561805539736186,0.782530170696904,0.8090400186800321,0.8123056979693324,0.8096028494613228,0.7857052229501219,0.8096370483082893,0.8229032261448241,0.8265686201832778,0.7906474628978593,0.7842847076230707,0.7233023783212603,0.8202648087790774,0.7643450682647388,0.7657192431328617,0.7602674308860975,0.7507740801946572,1.0,0.048582982305798605,0.8159949881110435,0.7845061386788824,0.7586499108490855,0.7775497005901014,0.8090075794898816,0.7115502021920681,0.818697242981399,0.7560817197659029,0.7945287713631353,0.8224154009191766,0.7701195811032778,0.766408760968619,0.7569022834172059,0.8042164142133761,0.8048210621023907,0.7514449952377592,0.7696443149527759
0.0502476239811972,0.05674069257241887,0.04249955213704959,0.04982751512230443,0.05107369089544411,0.0530461481653306,0.045788261355113935,0.04636881488402378,0.05113900091958001,0.04851433295508145,0.04818860684171056,0.05380703502935247,0.048779984334980764,0.0504943697381377,0.05460853860471038,0.04744147299300072,0.050743924341808855,0.052170703931395,0.049932294067367544,0.04621659577376369,0.04900608282943952,0.047714170497834774,0.04852536644978511,0.05306930199511839,0.05499807939001378,0.05015382628295928,0.04649317086495264,0.05076271795997345,0.04663961969184949,0.04986550358742947,0.04886167143851572,0.048582982305798605,1.0,0.04483598224372953,0.05608885392317553,0.04951376505580274,0.04385697790061327,0.04955851715925841,0.04588329945656677,0.047693559830001675,0.04902040458995971,0.05272062108404041,0.048974753445197194,0.050834048434614365,0.05053657862520178,0.052177213003640754,0.05779084569550108,0.05830181676414836,0.05157045096787671,0.04941351519776627
0.7669512436374555,0.8014739615717479,0.7443671239889948,0.7505833080474457,0.8056522341762049,0.7967529053069151,0.7839516718474893,0.7620601685234026,0.7592435422124542,0.7578931045740327,0.8116295752026391,0.7537046534776488,0.8266701348844068,0.7505037435794345,0.748352949637733,0.78562813951887,0.7928388491644928,0.8163914236892962,0.7964142359122871,0.7855469844166281,0.8162815444409156,0.8541874611927559,0.862009504478337,0.7807294120802182,0.7623710578066157,0.7232966774626906,0.8188728401074744,0.7591362376384829,0.7614691324810526,0.7570943862722486,0.7450352859962408,0.8159949881110435,0.04483598224372953,1.0,0.7844823142502462,0.759649938220847,0.769035477376405,0.8116916183113717,0.7174217045842832,0.8229289733526463,0.7501679591868076,0.792571366565451,0.8256196382212779,0.7648753819628681,0.7627799135726259,0.7547736477675833,0.8006599329872401,0.8019286641059712,0.7474636314007352,0.7619916728257283
0.7646753040331291,0.829283711024933,0.7396999962656894,0.7484225773756543,0.7865566522804889,0.8267641563758383,0.7777809693993116,0.7553113207256101,0.7631833097671713,0.7577353098196516,0.7902752824153515,0.7551239887059185,0.7912148447160776,0.7521767495605457,0.7474654353449055,0.7802918261734061,0.7987446289994586,0.7930785298866196,0.768060353286094,0.7796822057536211,0.7859611138408313,0.785892824249157,0.7914380096026195,0.8250969289110837,0.803626098793415,0.7380249411248698,0.7879843057468323,0.750338906539986,0.7639714629031067,0.759346103268705,0.7380590456273948,0.7845061386788824,0.05608885392317553,0.7844823142502462,1.0,0.7543825213406226,0.7670055925889182,0.7785645104510874,0.7056341075348722,0.799406696665292,0.7395324200376319,0.797199831310299,0.7960546716250567,0.7581487364432311,0.7539350991670286,0.7562873526991217,0.8057705211992814,0.8062901642860447,0.7429490054724883,0.767232794298468
0.7651866512702102,0.7624210958906357,0.7369886875100303,0.7952941207211337,0.755894542407471,0.7673283473566099,0.7569376343919237,0.8018310516388646,0.7684026497852035,0.8059370491935971,0.7635556723615536,0.7962600568177671,0.759337434243213,0.7900781449554655,0.792735445577701,0.7572055779948059,0.7586609136988965,0.7648271783884,0.7485334420184959,0.7590394559566515,0.7636557833307865,0.7588497604670836,0.7665634858205091,0.7478085588328034,0.732359219913508,0.6994980147369501,0.7660861121232483,0.793230498645813,0.7779049594875642,0.7693634701756948,0.7893909626132747,0.7586499108490855,0.04951376505580274,0.759649938220847,0.7543825213406226,1.0,0.7461514478654843,0.7564450505651452,0.7594337258979827,0.764784342513791,0.7954858496045685,0.7633825231477663,0.765212158570964,0.8042041864127005,0.8047700589865483,0.7700279921252371,0.7608869592703436,0.7606387031406383,0.7990957358116831,0.7769434269365083
0.7566816474144311,0.7690384265890873,0.7303021375865164,0.7392168342159123,0.763986501728419,0.7689696111012408,0.904638687247794,0.7491682958399688,0.752981794653764,0.7503455031042103,0.7730256145596239,0.7407898953232948,0.7758108195762301,0.7372500624020845,0.7376054540455769,0.8863844490347096,0.7724637810530608,0.7881126924324438,0.7671478472947777,0.9096168125313786,0.78506912463369,0.7778342330101403,0.7886877261220828,0.7599047529653908,0.7502879674793059,0.7030990003605565,0.7786802283665484,0.7442201921503309,0.7565688598380472,0.7626445718197974,0.7316504740700069,0.7775497005901014,0.04385697790061327,0.769035477376405,0.7670055925889182,0.7461514478654843,1.0,0.7626451996688873,0.7044349284414949,0.7703439195060042,0.7346769643720842,0.7611209425299057,0.7738706023649147,0.7499893952889904,0.7471970996375423,0.7414226763461875,0.7654229831531357,0.766272994100676,0.7365728435332768,0.7527666587285016
0.7741478132606467,0.8004812637875264,0.7402849273787808,0.7548116906159421,0.8123901116174246,0.8002562498679061,0.7726476690763104,0.7701721886515679,0.7653974978453142,0.7660520839420202,0.8168802381279876,0.7581980875799912,0.8228954699857443,0.7596715873534214,0.7533457168591571,0.775377006024302,0.7830663752296537,0.8052042605432717,0.7848226049125813,0.7771764890200542,0.8062103978005529,0.8101501518501177,0.8227427082867399,0.7826812882484333,0.7653002276290755,0.747286082768547,0.8370514053282614,0.7672176759237139,0.7636413583085401,0.7639358560502683,0.7474708226236724,0.8090075794898816,0.04955851715925841,0.8116916183113717,0.7785645104510874,0.7564450505651452,0.7626451996688873,1.0,0.7191355766863043,0.8259634998048482,0.7570664692987878,0.7922213734576078,0.8489456518694545,0.7721218504354733,0.7676880069887367,0.7631337624706701,0.8070049359961271,0.8066146064844666,0.757760658130945,0.7679936939073554
0.7181772398870409,0.710216786583115,0.6949852333683204,0.7480000443074757,0.7231592481769418,0.7261605456055793,0.7125830027507106,0.7632003061959868,0.7116030117013395,0.7585107494055744,0.7122706097869793,0.7533512088667608,0.706661872744119,0.7538380987126645,0.7500400366002115,0.7132257884722655,0.7102707427189028,0.7139740044672458,0.7015911590199841,0.7146997144850107,0.7132746946899489,0.7077420927112664,0.7171747759753428,0.7011732201084775,0.6915005431203276,0.6542861915522065,0.7154258113406642,0.7550031725302244,0.7255029694676748,0.7159575462881036,0.7470688499680684,0.7115502021920681,0.04588329945656677,0.7174217045842832,0.7056341075348722,0.7594337258979827,0.7044349284414949,0.7191355766863043,1.0,0.7148126951226526,0.7497268791247336,0.722302862048628,0.7150064950674995,0.7620875959200384,0.760101365925459,0.7193049684384967,0.7170278504730824,0.7165902093720797,0.7570309674763354,0.7309820941572323
