../ecoli_genomes/GCF_000163235.1_ASM16323v1_genomic.fna.gz,../ecoli_genomes/GCF_000164555.1_ASM16455v1_genomic.fna.gz,../ecoli_genomes/GCF_000208545.1_ASM20854v2_genomic.fna.gz,../ecoli_genomes/GCF_000233875.1_ASM23387v1_genomic.fna.gz,../ecoli_genomes/GCF_000249735.1_ASM24973v2_genomic.fna.gz,../ecoli_genomes/GCF_000261145.1_Esch_coli_M919_V2_genomic.fna.gz,../ecoli_genomes/GCF_000267705.2_ASM26770v2_genomic.fna.gz,../ecoli_genomes/GCF_000350665.1_Esch_coli_KTE5_V1_genomic.fna.gz,../ecoli_genomes/GCF_000351625.1_Esch_coli_KTE66_V1_genomic.fna.gz,../ecoli_genomes/GCF_000352285.1_Esch_coli_KTE46_V1_genomic.fna.gz,../ecoli_genomes/GCF_000358895.1_ASM35889v1_genomic.fna.gz,../ecoli_genomes/GCF_000456385.1_Esch_coli_HVH_26_4-5703913_V1_genomic.fna.gz,../ecoli_genomes/GCF_000458195.1_Esch_coli_HVH_147_4-5893887_V1_genomic.fna.gz,../ecoli_genomes/GCF_000459755.1_Esch_coli_KOEGE_58_171a_V1_genomic.fna.gz,../ecoli_genomes/GCF_000460055.1_Esch_coli_UMEA_3053-1_V1_genomic.fna.gz,../ecoli_genomes/GCF_000462165.2_ASM46216v2_genomic.fna.gz,../ecoli_genomes/GCF_000601135.1_ASM60113v1_genomic.fna.gz,../ecoli_genomes/GCF_000614595.1_Ec2010EL1058_genomic.fna.gz,../ecoli_genomes/GCF_000617745.1_Ec2010C-4529_genomic.fna.gz,../ecoli_genomes/GCF_000618265.2_EcF6751_genomic.fna.gz,../ecoli_genomes/GCF_000619005.2_Ec2009C-4052_genomic.fna.gz,../ecoli_genomes/GCF_000619105.1_Ec2009C-4780_genomic.fna.gz,../ecoli_genomes/GCF_000619765.2_Ec2009C-3279_genomic.fna.gz,../ecoli_genomes/GCF_000687005.1_ASM68700v1_genomic.fna.gz,../ecoli_genomes/GCF_000687025.1_ASM68702v1_genomic.fna.gz,../ecoli_genomes/GCF_000700125.1_ASM70012v1_genomic.fna.gz,../ecoli_genomes/GCF_000753315.1_FHI35_genomic.fna.gz,../ecoli_genomes/GCF_000776375.1_ASM77637v1_genomic.fna.gz,../ecoli_genomes/GCF_000779395.1_ASM77939v1_genomic.fna.gz,../ecoli_genomes/GCF_000780315.1_ASM78031v1_genomic.fna.gz,../ecoli_genomes/GCF_000781995.1_ASM78199v1_genomic.fna.gz,../ecoli_genomes/GCF_000986765.1_ASM98676v1_genomic.fna.gz,../ecoli_genomes/GCF_001041375.1_ViralProj287958_genomic.fna.gz,../ecoli_genomes/GCF_001265335.1_302014_genomic.fna.gz,../ecoli_genomes/GCF_001265625.1_100854_genomic.fna.gz,../ecoli_genomes/GCF_001267345.1_303289_genomic.fna.gz,../ecoli_genomes/GCF_001309985.1_ASM130998v1_genomic.fna.gz,../ecoli_genomes/GCF_001521695.1_ASM152169v1_genomic.fna.gz,../ecoli_genomes/GCF_001592595.1_ASM159259v1_genomic.fna.gz,../ecoli_genomes/GCF_001614975.1_ASM161497v1_genomic.fna.gz,../ecoli_genomes/GCF_001692775.1_ASM169277v1_genomic.fna.gz,../ecoli_genomes/GCF_001748915.1_ASM174891v1_genomic.fna.gz,../ecoli_genomes/GCF_001749235.1_ASM174923v1_genomic.fna.gz,../ecoli_genomes/GCF_001881155.1_ASM188115v1_genomic.fna.gz,../ecoli_genomes/GCF_001881345.1_ASM188134v1_genomic.fna.gz,../ecoli_genomes/GCF_001892405.1_ASM189240v1_genomic.fna.gz,../ecoli_genomes/GCF_001892585.1_ASM189258v1_genomic.fna.gz,../ecoli_genomes/GCF_001893985.1_ASM189398v1_genomic.fna.gz,../ecoli_genomes/GCF_002001595.1_ASM200159v1_genomic.fna.gz,../ecoli_genomes/GCF_002002145.1_ASM200214v1_genomic.fna.gz
1.0,0.37174919700479436,0.3076910756882324,0.3362928047709509,0.34135308510258433,0.36639855740550065,0.3621142137635899,0.3433802108289814,0.43686619933502013,0.3537722717775006,0.3763560691570289,0.35127550567439647,0.3581582311949938,0.32629449848873915,0.3178924583731424,0.36544189613846867,0.3235199298483936,0.3611183749193698,0.2936924692735039,0.3611706613576353,0.34858825636189805,0.3358765408993337,0.3687635069921432,0.35814945915291063,0.32649682849600503,0.292259775870903,0.36149245360603965,0.331223824783504,0.3934141977458997,0.4350821547642215,0.31044521349305976,0.35999987420829926,0.0,0.3617683903652771,0.3647135104499347,0.3349076767531627,0.34710290116899356,0.37317186929502966,0.2437151515627871,0.3765038320400851,0.32058006753503676,0.35790751723684466,0.3753473954524048,0.33708577641525816,0.3509381648231308,0.35893319422291026,0.3607323969773847,0.3620463443036671,0.32840402437867744,0.3935594043376588
0.37174919700479436,1.0,0.29161962991960155,0.32656953115486576,0.4016568873201283,0.5483819823206064,0.38458347987488783,0.3284708287787462,0.34788591812418324,0.33615347007831575,0.459261324128417,0.3362841954938264,0.43854360981637697,0.3216433814963998,0.31071744206509266,0.37694113327453205,0.38601853482981463,0.4541546614925679,0.34900592524170315,0.388456602095965,0.4397831803107085,0.393664157427953,0.4563714284221644,0.5082990646623531,0.460122468179911,0.35400201462164016,0.4502889891467804,0.3249369683063994,0.3617554200068278,0.3561315823912219,0.30229902968670097,0.42281368667231634,0.0,0.4311039574798886,0.5690147018681968,0.31699539397179033,0.3631502243852992,0.44758775991419,0.19884841716302348,0.450926324257126,0.30778065843946867,0.492249443020502,0.4661244360872514,0.3384070667048631,0.3385737768001178,0.3323909163710369,0.4830700578540712,0.5002411268173843,0.3371592601477058,0.3515329643844194
0.3076910756882324,0.29161962991960155,1.0,0.25759068833012144,0.2509216881633137,0.26914803583564706,0.2743718328066964,0.26212753369158315,0.30018962317999087,0.2642182156522037,0.28835022041209657,0.259329217982193,0.2761261963854196,0.2573907263723061,0.2512997565536971,0.2721084621234027,0.21729495916802177,0.2794243100925573,0.22278735094512458,0.27793509961050866,0.2756660138348075,0.24761791860904703,0.28322301877138056,0.24679654428852704,0.22434177777632902,0.19230558856263325,0.2800876084066788,0.2618574393395223,0.30554450211628514,0.30804881813072804,0.24250027494796933,0.26076519619577676,0.0,0.2740894870723095,0.26797107232748885,0.26390377347627536,0.26101573945782774,0.2720389059330721,0.1654402951152305,0.28632879133510725,0.2523796101024691,0.2785708178006625,0.29427692576562414,0.26850383863958105,0.2609560548711234,0.28257306543316507,0.277217251025744,0.28555710826341485,0.26968632371652035,0.30625558397561126
0.3362928047709509,0.32656953115486576,0.25759068833012144,1.0,0.30327539293452344,0.3159801963244685,0.3047600364911762,0.5326935596225212,0.33228493668173253,0.5506210510369686,0.3241381276185329,0.5392593490158796,0.31615862540263895,0.5774613879223538,0.587467694756933,0.31053755966283336,0.2603800488113738,0.3175128786941498,0.25314265584162854,0.3072219948808764,0.3072283190205298,0.28654963351747365,0.32519506393187414,0.3000874264464042,0.27702703972794473,0.23777426703455895,0.3152178303883083,0.5605568350751269,0.35313587994070406,0.32773613222602294,0.5177208582213679,0.31335063467554436,0.0,0.30338296622963756,0.30984318087327944,0.45711762259564737,0.295726468688868,0.307580592832134,0.3070149013008444,0.3078171506947338,0.5435860315214784,0.31093999011287543,0.3222314666740561,0.5636377237854218,0.558485259787993,0.3386896390273735,0.3099005460526195,0.3147130889893681,0.4920624385617324,0.3517945037337127
0.34135308510258433,0.4016568873201283,0.2509216881633137,0.30327539293452344,1.0,0.41093969320383295,0.34167650050665554,0.3070810647561577,0.32932677570584634,0.3105893728046867,0.5042369866602674,0.30250770576021224,0.45287601294475754,0.29849187482245365,0.30534192108708647,0.3613775164903651,0.3614085326628945,0.4195666189367886,0.33717539605356417,0.34583909590235673,0.4251383572234593,0.3860561565723697,0.43100335635133136,0.40552418814655244,0.3587707677927571,0.3277831691111325,0.4316867342790651,0.2855821817900436,0.321831362608047,0.3313758287393068,0.2827557360775321,0.42944607627792475,0.0,0.4339737905285451,0.41546989911199605,0.28797416294557643,0.3349649326864006,0.46314805991377905,0.2572841916506232,0.4474852059691623,0.3004571208106579,0.40806362711635225,0.4639002531302241,0.30033284611572775,0.3032246615826044,0.3023509971353521,0.4214926886720606,0.42823863814762975,0.29716837993433054,0.3360487068331094
0.36639855740550065,0.5483819823206064,0.26914803583564706,0.3159801963244685,0.41093969320383295,1.0,0.38482947735281314,0.3276500799083678,0.34110131650539577,0.321331043902337,0.4558506334113366,0.32348714916332855,0.4227777956066724,0.3142393395875228,0.3020228170123037,0.4063781133989316,0.40992031967983633,0.44634305730303847,0.3525178955759526,0.3841498096308146,0.4245739427776295,0.43826652329715676,0.45304243692100155,0.5366986420483582,0.49066105250110736,0.3866598880541816,0.4232206885718356,0.3096596122803602,0.3529164359229926,0.34515298006425055,0.294513484138501,0.4337360787201462,0.0,0.4397135547329447,0.5610857770220252,0.3228978285415318,0.38052544559629486,0.43846107242703536,0.23477832678002264,0.44306334889518384,0.303337446143196,0.48299232485125954,0.44857571983081224,0.31758559696673305,0.321355654469324,0.332450038138309,0.4815562452747869,0.4900460420200793,0.3137970216643624,0.35044992276575626
0.3621142137635899,0.38458347987488783,0.2743718328066964,0.3047600364911762,0.34167650050665554,0.38482947735281314,1.0,0.3088433824208361,0.35009128799452505,0.3079456262046013,0.39562065888684517,0.30121632376359797,0.3748902486935798,0.2999716170239617,0.2883703787712162,0.7319524511643529,0.30431944365947006,0.4307634973160882,0.3307351840861744,0.8614587119309378,0.4237411234111005,0.3759312776778969,0.4330695768735321,0.3610473224211591,0.31201263125646483,0.2764685737377697,0.40080659351261627,0.2984028100900663,0.34211241482135624,0.3475379121497245,0.2813024033411119,0.3699908059948772,0.0,0.3894967332034539,0.39005442421523384,0.32468832568511174,0.7807140850571783,0.3685528371672907,0.1947147328671306,0.38767107213685703,0.2830843994519162,0.3790301548421955,0.3994575887237166,0.3059852209549577,0.30753762214618807,0.31351894665624613,0.3632694841027865,0.3752340688205079,0.30185592934573147,0.3430808043573442
0.3433802108289814,0.3284708287787462,0.26212753369158315,0.5326935596225212,0.3070810647561577,0.3276500799083678,0.3088433824208361,1.0,0.3305728493559661,0.5372122120614866,0.32606690939356764,0.5200451842872376,0.3259262823936355,0.5192121301574586,0.5092855046536882,0.31338073013769985,0.2621174131482007,0.3243769178943656,0.2657515227197702,0.31080562915317156,0.3068253777481802,0.29201993379917335,0.32835516704656065,0.3078291486315321,0.2751053407855023,0.23993694950021704,0.3212493485073057,0.6973386939704971,0.36086190729314527,0.32932158611245377,0.4975708769684981,0.3128000559981743,0.0,0.3176149428958627,0.31506262860597634,0.4489349084258326,0.29872933249176403,0.3320641112600792,0.30898089654622996,0.32188768477766405,0.5132349110884787,0.31892872312507425,0.33475177919219823,0.7060621461015213,0.6869494080296312,0.33826270051195906,0.31028854828353647,0.315880304683264,0.4771702849088042,0.35418952442231044
0.43686619933502013,0.34788591812418324,0.30018962317999087,0.33228493668173253,0.32932677570584634,0.34110131650539577,0.35009128799452505,0.3305728493559661,1.0,0.3418169150060597,0.37025621063730163,0.31979121354010454,0.35217200637099777,0.330163653294109,0.3245608528527433,0.35372577219603885,0.27126158075558304,0.3502699007382313,0.2753367863508811,0.3548061124082693,0.33799056619329526,0.3144366601415387,0.35583941960848475,0.3234179204834706,0.27832586899383793,0.2439223873257006,0.355566609343143,0.3215548875016524,0.3817507021756029,0.45534809074358507,0.3107858329293286,0.3278533813556873,0.0,0.3451532202636445,0.3395040455148972,0.3362887571193839,0.3378687995733364,0.34291167640693754,0.19967575643472046,0.35467946204181167,0.31951728814654456,0.3517267395026762,0.37337435499385707,0.32908458510263516,0.3234675798978661,0.35559531312393255,0.3413862449053271,0.35054596973693675,0.3227079000691627,0.38883093163442406
0.3537722717775006,0.33615347007831575,0.2642182156522037,0.5506210510369686,0.3105893728046867,0.321331043902337,0.3079456262046013,0.5372122120614866,0.3418169150060597,1.0,0.3374067460271899,0.5181118131397803,0.32880490440439114,0.5354924596007116,0.5259020663462264,0.31526400423350964,0.24919637640524273,0.3223270076580216,0.25772033092705804,0.31064601030222416,0.3075484291054218,0.29113993680976624,0.3201633470874937,0.29709405833301694,0.26610188895013687,0.23064978323272012,0.32219302037601616,0.5393974195059231,0.36246292497900157,0.3392185713468179,0.5420841898324272,0.3037348840441404,0.0,0.3085183350993238,0.3103639343341058,0.46914533169060335,0.2968443593055762,0.31367521922620223,0.3012907790609851,0.32229518559259984,0.5537289854447605,0.31715738312762154,0.3303115797222602,0.5462352700537949,0.548991964204686,0.340933375551578,0.31107228116402585,0.3191587826226018,0.509921946706285,0.3512792981075239
0.3763560691570289,0.459261324128417,0.28835022041209657,0.3241381276185329,0.5042369866602674,0.4558506334113366,0.39562065888684517,0.32606690939356764,0.37025621063730163,0.3374067460271899,1.0,0.323469247107425,0.5540969513924896,0.3244758756967484,0.3186156262498935,0.40963037278599623,0.3528112530192211,0.5135919431371966,0.4248409907272227,0.4003279758079179,0.5085971159804783,0.5023442777762371,0.5231627659567069,0.42510333660605526,0.35932185246788095,0.326953596367221,0.531081323357155,0.3252835997163527,0.36426990782701685,0.373196153166676,0.309497826125261,0.47747200206565243,0.0,0.5039599756354078,0.45286671603097817,0.33369379966778,0.3848470573763544,0.5070808027285181,0.20273778904399398,0.5462860352108825,0.31219759178526707,0.4730034309532375,0.5456360725106741,0.3266454585369519,0.3270306556030842,0.3358413385999447,0.4515927396843009,0.4676963293759415,0.32669906624578215,0.36243915199821564
0.35127550567439647,0.3362841954938264,0.259329217982193,0.5392593490158796,0.30250770576021224,0.32348714916332855,0.30121632376359797,0.5200451842872376,0.31979121354010454,0.5181118131397803,0.323469247107425,1.0,0.3144080082886713,0.5204568915214542,0.6095654145461974,0.3070688218975973,0.28455668994865646,0.3121629036666369,0.2563730664828744,0.30008926719853757,0.3062241432824717,0.2916139407405648,0.32009034277890513,0.3234563752713363,0.2950363558266884,0.2737453979808462,0.3116834389384163,0.5176505036447403,0.36291614269782513,0.32476627292217797,0.4773034488499103,0.31078287609564803,0.0,0.31113513632821543,0.3249914424629894,0.44390536152504834,0.29059140738270717,0.3273478697396529,0.342744037390994,0.3228229765855666,0.492057910239027,0.30919319099001685,0.32698334544740015,0.5292532476093721,0.5310645479783542,0.344115797969082,0.32354424863191644,0.3217198696925231,0.46061574594523125,0.34914013123122845
0.3581582311949938,0.43854360981637697,0.2761261963854196,0.31615862540263895,0.45287601294475754,0.4227777956066724,0.3748902486935798,0.3259262823936355,0.35217200637099777,0.32880490440439114,0.5540969513924896,0.3144080082886713,1.0,0.3082698307208164,0.315067178240654,0.3805817903210841,0.3363304554343337,0.5033982682778778,0.5434368119089288,0.37949023352825806,0.5104396840893547,0.5645648994398198,0.5547809716779628,0.40084682634728075,0.3407800036922254,0.30203870206797,0.5511367142002674,0.3118861457855914,0.3516217938881284,0.3596656109736084,0.2976811165697407,0.5229678491759212,0.0,0.5422702074842142,0.4367409907413886,0.3098012927881595,0.3628242322644901,0.5196348264314532,0.19744754537054987,0.5570532815322466,0.3084342974820373,0.4437501652576442,0.5485213173750128,0.31810634748554223,0.3141323282672107,0.3184013332014397,0.43447346852431956,0.4481054700257343,0.31175124358535067,0.34475014690249983
0.32629449848873915,0.3216433814963998,0.2573907263723061,0.5774613879223538,0.29849187482245365,0.3142393395875228,0.2999716170239617,0.5192121301574586,0.330163653294109,0.5354924596007116,0.3244758756967484,0.5204568915214542,0.3082698307208164,1.0,0.5815650919345943,0.3000093121795394,0.2448133872295749,0.31576201496290024,0.24894330370271733,0.3034179801575815,0.29755896556156525,0.28175420238870885,0.31635398888140565,0.28076844234314446,0.25223447620082995,0.2212719996481065,0.31225985931339606,0.5507724226236196,0.3548224634503506,0.32172494453125633,0.5219316453529415,0.29419260418545234,0.0,0.2989191913086545,0.30372506661702936,0.451964144869733,0.2866882304358379,0.3065336639533639,0.28956368664645393,0.306129161485274,0.5383813683362306,0.3085712273338965,0.3208623019062625,0.5490434072654754,0.5406353284984118,0.33863014799282354,0.3029734246719047,0.31163169182520223,0.48444850398830086,0.3510615712059564
0.3178924583731424,0.31071744206509266,0.2512997565536971,0.587467694756933,0.30534192108708647,0.3020228170123037,0.2883703787712162,0.5092855046536882,0.3245608528527433,0.5259020663462264,0.3186156262498935,0.6095654145461974,0.315067178240654,0.5815650919345943,1.0,0.2975538768453525,0.24860618864024953,0.3041393947439275,0.2471736483530399,0.29190345010573393,0.29380668408052035,0.27562058882036544,0.3103112548989555,0.2840035709948071,0.2544841527434314,0.21908071538632867,0.3052108140890829,0.5239331610693136,0.3468125869527894,0.3169179118947887,0.5191161272422536,0.29872850363208203,0.0,0.29427929119283913,0.2977205049286836,0.4436174825958302,0.28215241570756366,0.29953723270827637,0.2909349997529658,0.2983793104688077,0.5388086218586158,0.29929074018366153,0.3163228310804016,0.5282800785165573,0.5208823897407957,0.3349192579120147,0.30385970087272274,0.31124275108035093,0.4731089883748253,0.353622644229343
0.36544189613846867,0.37694113327453205,0.2721084621234027,0.31053755966283336,0.3613775164903651,0.4063781133989316,0.7319524511643529,0.31338073013769985,0.35372577219603885,0.31526400423350964,0.40963037278599623,0.3070688218975973,0.3805817903210841,0.3000093121795394,0.2975538768453525,1.0,0.3019950458036119,0.4091245410705091,0.33075869401226776,0.7486465887968783,0.39921115949609753,0.40549240629288374,0.4189400378792084,0.36555251826833024,0.32452565856545434,0.30059207303225033,0.3837779164396451,0.3023082542411486,0.3415416136201329,0.35524624690542017,0.28642790576301946,0.3706803848790382,0.0,0.3810308055620176,0.3803091365015612,0.31672110179534074,0.7368374988541706,0.36550481477369867,0.18977523078038228,0.3809389233225492,0.2917119941031615,0.37466761479022037,0.39185200455013747,0.3066709042819794,0.3093039376508804,0.3170954426555239,0.36271273419379824,0.3743585049536232,0.3009766290350765,0.3386382047884109
0.3235199298483936,0.38601853482981463,0.21729495916802177,0.2603800488113738,0.3614085326628945,0.40992031967983633,0.30431944365947006,0.2621174131482007,0.27126158075558304,0.24919637640524273,0.3528112530192211,0.28455668994865646,0.3363304554343337,0.2448133872295749,0.24860618864024953,0.3019950458036119,1.0,0.33911746508642493,0.27434657287266884,0.3017464379712286,0.33437203283249417,0.32139501816770977,0.3558117879316618,0.5444163483640008,0.5529698055671255,0.5874152074258531,0.3397758805255885,0.2546654744494903,0.2857707464549143,0.2833788916130251,0.23431433767983478,0.4386184527515151,0.0,0.395378287892167,0.4667583833998322,0.2576017385814864,0.2921783478339707,0.4085726456723132,0.3969957368556284,0.40970443669623813,0.24118022416847895,0.36612218824239817,0.35174284210627793,0.264384792728251,0.27751671257782806,0.27863268392441676,0.4693324084994899,0.4270113934707209,0.24292443659972696,0.292697023580371
0.3611183749193698,0.4541546614925679,0.2794243100925573,0.3175128786941498,0.4195666189367886,0.44634305730303847,0.4307634973160882,0.3243769178943656,0.3502699007382313,0.3223270076580216,0.5135919431371966,0.3121629036666369,0.5033982682778778,0.31576201496290024,0.3041393947439275,0.4091245410705091,0.33911746508642493,1.0,0.43879599469637853,0.43222021153729295,0.5425919196700805,0.4888499574165709,0.5621125459315011,0.4029224839643286,0.3493294517135377,0.30806938960188546,0.5254717855490904,0.3166051586287383,0.35481018897901384,0.35759688069381923,0.2942317032392334,0.46603735221028775,0.0,0.5043056136247058,0.4496942724484838,0.3422586947552143,0.40775832859324646,0.4752556728363041,0.20554375718502915,0.5140546568561761,0.29510101214211837,0.4607836656773059,0.5285754195812842,0.31836598154315354,0.3190059675968857,0.3246901370507074,0.4380065249753975,0.45242990737286604,0.3152407531717286,0.3542368543256714
0.2936924692735039,0.34900592524170315,0.22278735094512458,0.25314265584162854,0.33717539605356417,0.3525178955759526,0.3307351840861744,0.2657515227197702,0.2753367863508811,0.25772033092705804,0.4248409907272227,0.2563730664828744,0.5434368119089288,0.24894330370271733,0.2471736483530399,0.33075869401226776,0.27434657287266884,0.43879599469637853,1.0,0.3271144677299206,0.4292693317455307,0.5334558697937721,0.438186130224242,0.3235864551452807,0.2876077276949175,0.24989203947545513,0.44255075339057026,0.25174254088829806,0.27567451191081016,0.2845331618821042,0.23733625310607054,0.4693369109186054,0.0,0.4323818695746927,0.35498226097121033,0.2632411872559892,0.3181240220053576,0.41442724583938906,0.16343466985783273,0.4288852182348235,0.2411083117953844,0.3557912048605891,0.41750856997168195,0.2588410745988159,0.2593667726298744,0.25816002195760634,0.34018366742848705,0.3507409271108637,0.24605804345936022,0.2775302359674048
0.3611706613576353,0.388456602095965,0.27793509961050866,0.3072219948808764,0.34583909590235673,0.3841498096308146,0.8614587119309378,0.31080562915317156,0.3548061124082693,0.31064601030222416,0.4003279758079179,0.30008926719853757,0.37949023352825806,0.3034179801575815,0.29190345010573393,0.7486465887968783,0.3017464379712286,0.43222021153729295,0.3271144677299206,1.0,0.4242036079776811,0.3759625092492209,0.43337221617261756,0.35210920212545593,0.31271188768566105,0.2760270971895912,0.4012430058283355,0.30275615816869317,0.34592035430716395,0.35164216424588646,0.2846066793374259,0.37109268487946323,0.0,0.38927331048127345,0.38949144698049576,0.32393147191675997,0.7941306187486623,0.37251241710887784,0.19456440853485546,0.39275178470322925,0.28678070459086136,0.38240258750974254,0.4040370680527571,0.3064989863871347,0.3072750308306381,0.3182051413234357,0.36733222690377676,0.37947437778115845,0.30501276252889764,0.34695064453133906
0.34858825636189805,0.4397831803107085,0.2756660138348075,0.3072283190205298,0.4251383572234593,0.4245739427776295,0.4237411234111005,0.3068253777481802,0.33799056619329526,0.3075484291054218,0.5085971159804783,0.3062241432824717,0.5104396840893547,0.29755896556156525,0.29380668408052035,0.39921115949609753,0.33437203283249417,0.5425919196700805,0.4292693317455307,0.4242036079776811,1.0,0.4913553668313465,0.574111602991632,0.3939475257105993,0.3419947904211694,0.3082106426939437,0.5345183933798452,0.30540601396725553,0.3391710288037316,0.3518019625613861,0.28095684908738483,0.4760207576359037,0.0,0.5166612915340155,0.4374309059278193,0.32595903246166225,0.40250747578839996,0.48867359889269535,0.19717507831241765,0.5274860471420398,0.2881363226357928,0.4325297633464571,0.5309644002831677,0.30905307378632985,0.3110102294403446,0.3203337713020956,0.43434325255849604,0.44907083489418187,0.3052279472676248,0.34021700124177534
0.3358765408993337,0.393664157427953,0.24761791860904703,0.28654963351747365,0.3860561565723697,0.43826652329715676,0.3759312776778969,0.29201993379917335,0.3144366601415387,0.29113993680976624,0.5023442777762371,0.2916139407405648,0.5645648994398198,0.28175420238870885,0.27562058882036544,0.40549240629288374,0.32139501816770977,0.4888499574165709,0.5334558697937721,0.3759625092492209,0.4913553668313465,1.0,0.638710135013967,0.38438727121113825,0.3457242161728147,0.3079226515695427,0.4994698619778797,0.2811275659119562,0.3144272032873098,0.31797076997436347,0.2649308190849694,0.49754830122492255,0.0,0.5769039680072614,0.4022117621557664,0.2934631712767717,0.3776137083616955,0.4780327095399278,0.17993781385587826,0.5023884333580334,0.2689764088595621,0.40196369149803446,0.4964866790280321,0.289067160067243,0.2895680390139451,0.30086136928307106,0.3902271979398533,0.4026601103584698,0.28033612305489275,0.31960354597983465
0.3687635069921432,0.4563714284221644,0.28322301877138056,0.32519506393187414,0.43100335635133136,0.45304243692100155,0.4330695768735321,0.32835516704656065,0.35583941960848475,0.3201633470874937,0.5231627659567069,0.32009034277890513,0.5547809716779628,0.31635398888140565,0.3103112548989555,0.4189400378792084,0.3558117879316618,0.5621125459315011,0.438186130224242,0.43337221617261756,0.574111602991632,0.638710135013967,1.0,0.4067768146272218,0.3627424718253137,0.3135212787725157,0.5602633127147311,0.323193263922511,0.3578983122759456,0.35632840585416925,0.2977172162324695,0.5024764849504018,0.0,0.6391889520254526,0.4570424572229348,0.33521422064815654,0.4154301525055628,0.5141525195119503,0.20774415371477872,0.5457769398773886,0.30120494849137125,0.452030567560598,0.5568816690557055,0.3250403637866669,0.32763378238122864,0.33176625273010407,0.4381672633902618,0.45403476153890276,0.3185334739563047,0.3563906149740266
0.35814945915291063,0.5082990646623531,0.24679654428852704,0.3000874264464042,0.40552418814655244,0.5366986420483582,0.3610473224211591,0.3078291486315321,0.3234179204834706,0.29709405833301694,0.42510333660605526,0.3234563752713363,0.40084682634728075,0.28076844234314446,0.2840035709948071,0.36555251826833024,0.5444163483640008,0.4029224839643286,0.3235864551452807,0.35210920212545593,0.3939475257105993,0.38438727121113825,0.4067768146272218,1.0,0.5675143539908711,0.5395799459490842,0.40216949720907724,0.28730142059969366,0.32420260697618464,0.3291072220968372,0.2665050253580822,0.4323903942796201,0.0,0.42771537302897744,0.5765569121445416,0.2944084747120601,0.34593981234126614,0.43248523974371933,0.3254159498091853,0.43832093025071783,0.2798106868980105,0.4401530326689501,0.40512342761093056,0.3029846754672487,0.3104795823237514,0.30965525012481354,0.49509356984380337,0.47069557580089105,0.2815107596014925,0.3233916733987141
0.32649682849600503,0.460122468179911,0.22434177777632902,0.27702703972794473,0.3587707677927571,0.49066105250110736,0.31201263125646483,0.2751053407855023,0.27832586899383793,0.26610188895013687,0.35932185246788095,0.2950363558266884,0.3407800036922254,0.25223447620082995,0.2544841527434314,0.32452565856545434,0.5529698055671255,0.3493294517135377,0.2876077276949175,0.31271188768566105,0.3419947904211694,0.3457242161728147,0.3627424718253137,0.5675143539908711,1.0,0.5581016645869092,0.3436716258942425,0.2595118957013616,0.2886199873078553,0.2880305376383371,0.23986347341938863,0.44170264327300546,0.0,0.3777794306328933,0.5204267338784976,0.2575390471099719,0.31030715867795333,0.4165126219295233,0.36821310732523205,0.4046345665934804,0.2477027330819117,0.38098268618807996,0.36391445719988713,0.28288050244626795,0.2884523519347594,0.29328141269797137,0.4703224406745161,0.43295082740699076,0.2628157449506343,0.2895593901680208
0.292259775870903,0.35400201462164016,0.19230558856263325,0.23777426703455895,0.3277831691111325,0.3866598880541816,0.2764685737377697,0.23993694950021704,0.2439223873257006,0.23064978323272012,0.326953596367221,0.2737453979808462,0.30203870206797,0.2212719996481065,0.21908071538632867,0.30059207303225033,0.5874152074258531,0.30806938960188546,0.24989203947545513,0.2760270971895912,0.3082106426939437,0.3079226515695427,0.3135212787725157,0.5395799459490842,0.5581016645869092,1.0,0.30401358190965544,0.23560232399541803,0.25811452553676506,0.26108816743258045,0.2124026982385364,0.3631181228056568,0.0,0.3476147712803137,0.4393996581683147,0.22932000264914054,0.276291725946312,0.3923155434489445,0.4338048809160634,0.38926445292592393,0.21539331112687743,0.3373129577404579,0.3107735016907387,0.2500734173285689,0.25343672992185273,0.2610604602121044,0.45504519227943685,0.39667950309119926,0.23020893795067232,0.2621649291667326
0.36149245360603965,0.4502889891467804,0.2800876084066788,0.3152178303883083,0.4316867342790651,0.4232206885718356,0.40080659351261627,0.3212493485073057,0.355566609343143,0.32219302037601616,0.531081323357155,0.3116834389384163,0.5511367142002674,0.31225985931339606,0.3052108140890829,0.3837779164396451,0.3397758805255885,0.5254717855490904,0.44255075339057026,0.4012430058283355,0.5345183933798452,0.4994698619778797,0.5602633127147311,0.40216949720907724,0.3436716258942425,0.30401358190965544,1.0,0.3116821328655097,0.3532171615702,0.35549571277985625,0.2966622587549499,0.4953208655261233,0.0,0.530525827657623,0.44121329333933024,0.3225876170399077,0.37720148163636147,0.5806295788716471,0.19246779581639317,0.5651496675116827,0.3010398110658902,0.450804740381037,0.6178516311834643,0.32059233058537884,0.31561579054076505,0.32719465945250814,0.43092063373085143,0.4461363964974674,0.31747163351564267,0.35027216853708376
0.331223824783504,0.3249369683063994,0.2618574393395223,0.5605568350751269,0.2855821817900436,0.3096596122803602,0.2984028100900663,0.6973386939704971,0.3215548875016524,0.5393974195059231,0.3252835997163527,0.5176505036447403,0.3118861457855914,0.5507724226236196,0.5239331610693136,0.3023082542411486,0.2546654744494903,0.3166051586287383,0.25174254088829806,0.30275615816869317,0.30540601396725553,0.2811275659119562,0.323193263922511,0.28730142059969366,0.2595118957013616,0.23560232399541803,0.3116821328655097,1.0,0.3585229831618775,0.3237985644434803,0.5056779670741454,0.303937308575993,0.0,0.3076788946602429,0.3038794688488923,0.4458756912341897,0.2897357879805247,0.31984305560691606,0.31308332044666465,0.31218298021134117,0.5173453137913431,0.308743797650493,0.32034040746155357,0.7921788382177242,0.7701974365415719,0.33393600311172833,0.30640179750925867,0.3117076360496903,0.49245184096262995,0.34260130736370276
0.3934141977458997,0.3617554200068278,0.30554450211628514,0.35313587994070406,0.321831362608047,0.3529164359229926,0.34211241482135624,0.36086190729314527,0.3817507021756029,0.36246292497900157,0.36426990782701685,0.36291614269782513,0.3516217938881284,0.3548224634503506,0.3468125869527894,0.3415416136201329,0.2857707464549143,0.35481018897901384,0.27567451191081016,0.34592035430716395,0.3391710288037316,0.3144272032873098,0.3578983122759456,0.32420260697618464,0.2886199873078553,0.25811452553676506,0.3532171615702,0.3585229831618775,1.0,0.38044981477725903,0.33605175341939353,0.3338971340614344,0.0,0.35090711300815347,0.3478346151156323,0.3567288004452156,0.32952115147511307,0.34930238748986064,0.2237918119989717,0.35565762749948937,0.3332557597170318,0.3447402423379261,0.3632141363137452,0.3541039795724925,0.35503989212657705,0.42424373516440805,0.3407834852704572,0.3488997127955914,0.35091593859399706,0.6260626147898887
0.4350821547642215,0.3561315823912219,0.30804881813072804,0.32773613222602294,0.3313758287393068,0.34515298006425055,0.3475379121497245,0.32932158611245377,0.45534809074358507,0.3392185713468179,0.373196153166676,0.32476627292217797,0.3596656109736084,0.32172494453125633,0.3169179118947887,0.35524624690542017,0.2833788916130251,0.35759688069381923,0.2845331618821042,0.35164216424588646,0.3518019625613861,0.31797076997436347,0.35632840585416925,0.3291072220968372,0.2880305376383371,0.26108816743258045,0.35549571277985625,0.3237985644434803,0.38044981477725903,1.0,0.3134316729993122,0.3285004511434143,0.0,0.3437260018323671,0.35025841878120423,0.327254160094823,0.3349535987264812,0.3476544021740249,0.20773717495224242,0.37146237012512784,0.31895732395851617,0.3509520298948072,0.3697634591308072,0.3271500276470366,0.32435453841508133,0.3711033952912579,0.3546424308216418,0.36328061169306614,0.3267360606630477,0.3910231741618043
0.31044521349305976,0.30229902968670097,0.24250027494796933,0.5177208582213679,0.2827557360775321,0.294513484138501,0.2813024033411119,0.4975708769684981,0.3107858329293286,0.5420841898324272,0.309497826125261,0.4773034488499103,0.2976811165697407,0.5219316453529415,0.5191161272422536,0.28642790576301946,0.23431433767983478,0.2942317032392334,0.23733625310607054,0.2846066793374259,0.28095684908738483,0.2649308190849694,0.2977172162324695,0.2665050253580822,0.23986347341938863,0.2124026982385364,0.2966622587549499,0.5056779670741454,0.33605175341939353,0.3134316729993122,1.0,0.27881373071399096,0.0,0.28780229144233116,0.28373916878274474,0.43130259055899633,0.27483383050743604,0.2916061360801745,0.2715815228999553,0.2915337353706594,0.6457808875812993,0.2929312022592827,0.30152254511193344,0.5072169885412257,0.5022119287884164,0.3203960700470637,0.28399115893106097,0.2930304382133516,0.4590859913557347,0.32838231014970165
0.35999987420829926,0.42281368667231634,0.26076519619577676,0.31335063467554436,0.42944607627792475,0.4337360787201462,0.3699908059948772,0.3128000559981743,0.3278533813556873,0.3037348840441404,0.47747200206565243,0.31078287609564803,0.5229678491759212,0.29419260418545234,0.29872850363208203,0.3706803848790382,0.4386184527515151,0.46603735221028775,0.4693369109186054,0.37109268487946323,0.4760207576359037,0.49754830122492255,0.5024764849504018,0.4323903942796201,0.44170264327300546,0.3631181228056568,0.4953208655261233,0.303937308575993,0.3338971340614344,0.3285004511434143,0.27881373071399096,1.0,0.0,0.49937799061627275,0.4335301355579303,0.29675399779334943,0.361474170538043,0.5077898997664633,0.24839912771293193,0.5198320569296412,0.2839770529570623,0.4194736579608973,0.5036540764271665,0.30933452792756144,0.31966488363705803,0.31226110952329866,0.4451394579627258,0.44430407250702586,0.28699879562506225,0.3248659769079937
0.0,0.0,0.0,0.0,0.0,0.0,0.0,0.0,0.0,0.0,0.0,0.0,0.0,0.0,0.0,0.0,0.0,0.0,0.0,0.0,0.0,0.0,0.0,0.0,0.0,0.0,0.0,0.0,0.0,0.0,0.0,0.0,1.0,0.0,0.0,0.0,0.0,0.0,0.0,0.0,0.0,0.0,0.0,0.0,0.0,0.0,0.0,0.0,0.0,0.0
0.3617683903652771,0.4311039574798886,0.2740894870723095,0.30338296622963756,0.4339737905285451,0.4397135547329447,0.3894967332034539,0.3176149428958627,0.3451532202636445,0.3085183350993238,0.5039599756354078,0.31113513632821543,0.5422702074842142,0.2989191913086545,0.29427929119283913,0.3810308055620176,0.395378287892167,0.5043056136247058,0.4323818695746927,0.38927331048127345,0.5166612915340155,0.5769039680072614,0.6391889520254526,0.42771537302897744,0.3777794306328933,0.3476147712803137,0.530525827657623,0.3076788946602429,0.35090711300815347,0.3437260018323671,0.28780229144233116,0.49937799061627275,0.0,1.0,0.454141387549146,0.326669581853009,0.36949118770919687,0.5182647326582346,0.23675818794195969,0.5412262617719514,0.2890880218005055,0.43777729900243056,0.5383273611749733,0.311987571275149,0.3179312571348465,0.31878242949641744,0.438861299521346,0.44434053581851807,0.30077115365650675,0.3480929842852285
0.3647135104499347,0.5690147018681968,0.26797107232748885,0.30984318087327944,0.41546989911199605,0.5610857770220252,0.39005442421523384,0.31506262860597634,0.3395040455148972,0.3103639343341058,0.45286671603097817,0.3249914424629894,0.4367409907413886,0.30372506661702936,0.2977205049286836,0.3803091365015612,0.4667583833998322,0.4496942724484838,0.35498226097121033,0.38949144698049576,0.4374309059278193,0.4022117621557664,0.4570424572229348,0.5765569121445416,0.5204267338784976,0.4393996581683147,0.44121329333933024,0.3038794688488923,0.3478346151156323,0.35025841878120423,0.28373916878274474,0.4335301355579303,0.0,0.454141387549146,1.0,0.31393640693159564,0.3662195637651271,0.4509917718996276,0.265462821047209,0.46632700636174007,0.29148296921089234,0.4912396974166301,0.46057799029177393,0.3095167584318974,0.31530387540479043,0.32175348613673416,0.5053490149062158,0.5026197158662364,0.3047124357687552,0.3408982662698754
0.3349076767531627,0.31699539397179033,0.26390377347627536,0.45711762259564737,0.28797416294557643,0.3228978285415318,0.32468832568511174,0.4489349084258326,0.3362887571193839,0.46914533169060335,0.33369379966778,0.44390536152504834,0.3098012927881595,0.451964144869733,0.4436174825958302,0.31672110179534074,0.2576017385814864,0.3422586947552143,0.2632411872559892,0.32393147191675997,0.32595903246166225,0.2934631712767717,0.33521422064815654,0.2944084747120601,0.2575390471099719,0.22932000264914054,0.3225876170399077,0.4458756912341897,0.3567288004452156,0.327254160094823,0.43130259055899633,0.29675399779334943,0.0,0.326669581853009,0.31393640693159564,1.0,0.3098472747500992,0.30277848664103346,0.29424216904882483,0.3212990586050435,0.4397365031938141,0.3182857517342458,0.3258089679992494,0.45339480318602665,0.4542163219905133,0.3328127066453648,0.3051950704318831,0.3139269496660869,0.45238803857278276,0.3555216192094477
0.34710290116899356,0.3631502243852992,0.26101573945782774,0.295726468688868,0.3349649326864006,0.38052544559629486,0.7807140850571783,0.29872933249176403,0.3378687995733364,0.2968443593055762,0.3848470573763544,0.29059140738270717,0.3628242322644901,0.2866882304358379,0.28215241570756366,0.7368374988541706,0.2921783478339707,0.40775832859324646,0.3181240220053576,0.7941306187486623,0.40250747578839996,0.3776137083616955,0.4154301525055628,0.34593981234126614,0.31030715867795333,0.276291725946312,0.37720148163636147,0.2897357879805247,0.32952115147511307,0.3349535987264812,0.27483383050743604,0.361474170538043,0.0,0.36949118770919687,0.3662195637651271,0.3098472747500992,1.0,0.349089080348436,0.18633761276674232,0.36549675423088446,0.2739573793379696,0.362525624611267,0.38073728911532245,0.2924268603457415,0.2952133450246721,0.2995571457528454,0.34641628998458784,0.3572795944458359,0.2848309575581539,0.3253255145004219
0.37317186929502966,0.44758775991419,0.2720389059330721,0.307580592832134,0.46314805991377905,0.43846107242703536,0.3685528371672907,0.3320641112600792,0.34291167640693754,0.31367521922620223,0.5070808027285181,0.3273478697396529,0.5196348264314532,0.3065336639533639,0.29953723270827637,0.36550481477369867,0.4085726456723132,0.4752556728363041,0.41442724583938906,0.37251241710887784,0.48867359889269535,0.4780327095399278,0.5141525195119503,0.43248523974371933,0.4165126219295233,0.3923155434489445,0.5806295788716471,0.31984305560691606,0.34930238748986064,0.3476544021740249,0.2916061360801745,0.5077898997664633,0.0,0.5182647326582346,0.4509917718996276,0.30277848664103346,0.349089080348436,1.0,0.287586624503943,0.569769844104931,0.29647920077933454,0.435924285601621,0.6153854518897839,0.3274386810164718,0.32178096410019463,0.33115364937131475,0.47448215947550176,0.4677045389456457,0.3152145980995089,0.35014827583359454
0.2437151515627871,0.19884841716302348,0.1654402951152305,0.3070149013008444,0.2572841916506232,0.23477832678002264,0.1947147328671306,0.30898089654622996,0.19967575643472046,0.3012907790609851,0.20273778904399398,0.342744037390994,0.19744754537054987,0.28956368664645393,0.2909349997529658,0.18977523078038228,0.3969957368556284,0.20554375718502915,0.16343466985783273,0.19456440853485546,0.19717507831241765,0.17993781385587826,0.20774415371477872,0.3254159498091853,0.36821310732523205,0.4338048809160634,0.19246779581639317,0.31308332044666465,0.2237918119989717,0.20773717495224242,0.2715815228999553,0.24839912771293193,0.0,0.23675818794195969,0.265462821047209,0.29424216904882483,0.18633761276674232,0.287586624503943,1.0,0.27213149985074603,0.2812006354412063,0.19973811219304483,0.20697328034914353,0.31787693717988963,0.32910798898998495,0.23205584825809034,0.30410091929976335,0.2471667443683988,0.2827740098612156,0.22976612263358231
0.3765038320400851,0.450926324257126,0.28632879133510725,0.3078171506947338,0.4474852059691623,0.44306334889518384,0.38767107213685703,0.32188768477766405,0.35467946204181167,0.32229518559259984,0.5462860352108825,0.3228229765855666,0.5570532815322466,0.306129161485274,0.2983793104688077,0.3809389233225492,0.40970443669623813,0.5140546568561761,0.4288852182348235,0.39275178470322925,0.5274860471420398,0.5023884333580334,0.5457769398773886,0.43832093025071783,0.4046345665934804,0.38926445292592393,0.5651496675116827,0.31218298021134117,0.35565762749948937,0.37146237012512784,0.2915337353706594,0.5198320569296412,0.0,0.5412262617719514,0.46632700636174007,0.3212990586050435,0.36549675423088446,0.569769844104931,0.27213149985074603,1.0,0.29557825839020624,0.45858330836716177,0.5711158712594873,0.3172842629243843,0.3190486442968842,0.34082072377744466,0.4937707358334338,0.4914617884417398,0.31407531966885915,0.3634281253627586
