../ecoli_genomes/GCF_000163235.1_ASM16323v1_genomic.fna.gz,../ecoli_genomes/GCF_000164555.1_ASM16455v1_genomic.fna.gz,../ecoli_genomes/GCF_000208545.1_ASM20854v2_genomic.fna.gz,../ecoli_genomes/GCF_000233875.1_ASM23387v1_genomic.fna.gz,../ecoli_genomes/GCF_000249735.1_ASM24973v2_genomic.fna.gz,../ecoli_genomes/GCF_000261145.1_Esch_coli_M919_V2_genomic.fna.gz,../ecoli_genomes/GCF_000267705.2_ASM26770v2_genomic.fna.gz,../ecoli_genomes/GCF_000350665.1_Esch_coli_KTE5_V1_genomic.fna.gz,../ecoli_genomes/GCF_000351625.1_Esch_coli_KTE66_V1_genomic.fna.gz,../ecoli_genomes/GCF_000352285.1_Esch_coli_KTE46_V1_genomic.fna.gz,../ecoli_genomes/GCF_000358895.1_ASM35889v1_genomic.fna.gz,../ecoli_genomes/GCF_000456385.1_Esch_coli_HVH_26_4-5703913_V1_genomic.fna.gz,../ecoli_genomes/GCF_000458195.1_Esch_coli_HVH_147_4-5893887_V1_genomic.fna.gz,../ecoli_genomes/GCF_000459755.1_Esch_coli_KOEGE_58_171a_V1_genomic.fna.gz,../ecoli_genomes/GCF_000460055.1_Esch_coli_UMEA_3053-1_V1_genomic.fna.gz,../ecoli_genomes/GCF_000462165.2_ASM46216v2_genomic.fna.gz,../ecoli_genomes/GCF_000601135.1_ASM60113v1_genomic.fna.gz,../ecoli_genomes/GCF_000614595.1_Ec2010EL1058_genomic.fna.gz,../ecoli_genomes/GCF_000617745.1_Ec2010C-4529_genomic.fna.gz,../ecoli_genomes/GCF_000618265.2_EcF6751_genomic.fna.gz,../ecoli_genomes/GCF_000619005.2_Ec2009C-4052_genomic.fna.gz,../ecoli_genomes/GCF_000619105.1_Ec2009C-4780_genomic.fna.gz,../ecoli_genomes/GCF_000619765.2_Ec2009C-3279_genomic.fna.gz,../ecoli_genomes/GCF_000687005.1_ASM68700v1_genomic.fna.gz,../ecoli_genomes/GCF_000687025.1_ASM68702v1_genomic.fna.gz,../ecoli_genomes/GCF_000700125.1_ASM70012v1_genomic.fna.gz,../ecoli_genomes/GCF_000753315.1_FHI35_genomic.fna.gz,../ecoli_genomes/GCF_000776375.1_ASM77637v1_genomic.fna.gz,../ecoli_genomes/GCF_000779395.1_ASM77939v1_genomic.fna.gz,../ecoli_genomes/GCF_000780315.1_ASM78031v1_genomic.fna.gz,../ecoli_genomes/GCF_000781995.1_ASM78199v1_genomic.fna.gz,../ecoli_genomes/GCF_000986765.1_ASM98676v1_genomic.fna.gz,../ecoli_genomes/GCF_001041375.1_ViralProj287958_genomic.fna.gz,../ecoli_genomes/GCF_001265335.1_302014_genomic.fna.gz,../ecoli_genomes/GCF_001265625.1_100854_genomic.fna.gz,../ecoli_genomes/GCF_001267345.1_303289_genomic.fna.gz,../ecoli_genomes/GCF_001309985.1_ASM130998v1_genomic.fna.gz,../ecoli_genomes/GCF_001521695.1_ASM152169v1_genomic.fna.gz,../ecoli_genomes/GCF_001592595.1_ASM159259v1_genomic.fna.gz,../ecoli_genomes/GCF_001614975.1_ASM161497v1_genomic.fna.gz,../ecoli_genomes/GCF_001692775.1_ASM169277v1_genomic.fna.gz,../ecoli_genomes/GCF_001748915.1_ASM174891v1_genomic.fna.gz,../ecoli_genomes/GCF_001749235.1_ASM174923v1_genomic.fna.gz,../ecoli_genomes/GCF_001881155.1_ASM188115v1_genomic.fna.gz,../ecoli_genomes/GCF_001881345.1_ASM188134v1_genomic.fna.gz,../ecoli_genomes/GCF_001892405.1_ASM189240v1_genomic.fna.gz,../ecoli_genomes/GCF_001892585.1_ASM189258v1_genomic.fna.gz,../ecoli_genomes/GCF_001893985.1_ASM189398v1_genomic.fna.gz,../ecoli_genomes/GCF_002001595.1_ASM200159v1_genomic.fna.gz,../ecoli_genomes/GCF_002002145.1_ASM200214v1_genomic.fna.gz
1.0,0.3908594346993961,0.3102407312543911,0.3388146096889011,0.3381987806742478,0.3673992369081116,0.35996661358369886,0.34164821824865965,0.43725927430330824,0.34722041175734486,0.386209244200009,0.3515286073821521,0.37881323086507857,0.3297111099234936,0.32045494491858595,0.36171677945457814,0.3531474484557193,0.37640713010255444,0.33603383252782815,0.3661981941842213,0.35813801174540894,0.35265613102094384,0.37568889322189936,0.3655888746312089,0.35011974553784386,0.34146536179503584,0.3694204322484512,0.333741286796869,0.38997584988347533,0.42835868495311213,0.3150373495714439,0.35477000181311713,0.0,0.37080329782937627,0.3718493571474255,0.3251078562211659,0.3472701289231269,0.36102004888902983,0.27517834559611,0.3757242263486126,0.31681035131050184,0.3794004168349766,0.36862337258250033,0.3402259744235032,0.35184679596069157,0.37334165933199204,0.3632554703660522,0.3692171497167822,0.32482521812624077,0.3936351055112358
0.3908594346993961,1.0,0.2915699807958845,0.3356008363438957,0.4122082135827184,0.560900708160845,0.39996508846812273,0.33679469123178185,0.36291708600045347,0.34673959306421986,0.47748217119545733,0.34577039821230426,0.47056438266500056,0.3246100380249993,0.31626415402308516,0.40666391360020404,0.4884329607558846,0.46708772021323064,0.4177547190323444,0.4080309736072716,0.44991283165349827,0.433322720644162,0.46038548044233385,0.5473722901268261,0.5561026866112255,0.4827923352040915,0.4662328590582778,0.33181006402680147,0.362420558540538,0.3599018107547204,0.3189273055122681,0.4444754350626837,0.0,0.4540880156489361,0.5870683683090081,0.3147476702368378,0.3801488977737115,0.4656992401468293,0.2408938199566314,0.469947155558484,0.3187230828657711,0.5080724752464909,0.4640102251713285,0.34679823112295716,0.34777304056822056,0.34788237203111805,0.5111741555378047,0.5125796452907267,0.338024904241642,0.3585798594048428
0.3102407312543911,0.2915699807958845,1.0,0.2574486165058564,0.24423912057155428,0.2676210803833873,0.26993919292618607,0.260517471410203,0.297794381828955,0.2636841854336288,0.2899377875058773,0.2625689767706315,0.2819246977050478,0.2553299616873318,0.252982185340229,0.2740247307403414,0.25744634857474835,0.2767711390445746,0.24753541478555585,0.27578852265488585,0.27337398741908303,0.2667312232273493,0.2823373034596951,0.25828727888046743,0.25790293878456494,0.24929251207156755,0.28164343812630555,0.2605622282533281,0.2979388484727211,0.2978433821983798,0.24466195387051448,0.2637677883654169,0.0,0.28047920860491204,0.26987410974133774,0.2592502721971137,0.2570198317906903,0.2726772111554625,0.19477620463746703,0.2839637766864206,0.24854734356506747,0.2782281344081178,0.2854025940161321,0.266514812580089,0.26119122869157163,0.2859348192900484,0.2809742427074158,0.27953893863777846,0.2659022372009422,0.30494481068554713
0.3388146096889011,0.3356008363438957,0.2574486165058564,1.0,0.3103279326530539,0.31872284000523166,0.30707897888898716,0.5371494019466385,0.3400372226483599,0.5573292806937513,0.324796009523456,0.5417187921201501,0.3348197437664078,0.5802875917316324,0.5956909427074658,0.32259029012999363,0.30154409489221334,0.3198014480192405,0.286372511850975,0.3121296904100884,0.31423272403522007,0.3021744306276337,0.32884547113230045,0.30310101527984634,0.3139676050895581,0.30311119784349216,0.3190765783468005,0.5605318601639844,0.352404652128508,0.32359441049007154,0.5364765729870458,0.32700213284855695,0.0,0.31440388615618,0.31173143363005695,0.44138696567656577,0.2980182779858416,0.31003585901448105,0.3764311031521871,0.3151124483435216,0.539110010662693,0.3160366298327639,0.316376654253816,0.5597014678583225,0.5489025361699509,0.34233604011018215,0.3120381766311109,0.31199889989946183,0.4923768980099835,0.36146187701162014
0.3381987806742478,0.4122082135827184,0.24423912057155428,0.3103279326530539,1.0,0.41919949393225353,0.35089615690347575,0.31287164219680663,0.3452389136382502,0.31859579675836824,0.4947392568500901,0.28825776167919437,0.4726068581343583,0.2956020249015441,0.30810004569521166,0.38054799984943855,0.42482679064304096,0.4225198096618785,0.3806287468246522,0.357305331979319,0.42273594790777913,0.40433756144821276,0.42769192320479077,0.416057097433422,0.4215424653491391,0.4274245337259128,0.4338765306958068,0.2832832867427465,0.3167335225634095,0.33045215690055973,0.29826679405520184,0.4468579681787269,0.0,0.4323908218087208,0.41019536083399855,0.27611637092438923,0.3510184058505855,0.4521996670863002,0.289873016311058,0.44498935121144634,0.2960820474103658,0.417447527229009,0.44641006062275823,0.29163240361050446,0.292826398543369,0.30753408102295887,0.41811636444379596,0.4206938573960016,0.28899475414453346,0.3169405687077369
0.3673992369081116,0.560900708160845,0.2676210803833873,0.31872284000523166,0.41919949393225353,1.0,0.3968221130809021,0.3331557111308584,0.3533615860904199,0.32204634729727566,0.45241812465174625,0.3139562866406388,0.45520665664040716,0.3125004383332499,0.3079575628750594,0.40373528933475145,0.47319708972882024,0.4574516841821685,0.409819143055662,0.3985288470583479,0.42813377932270735,0.4529097718436417,0.44821849640756484,0.5273252750538744,0.5376427219952348,0.4639588826802057,0.4424689758055055,0.3121486242672886,0.35407635556159245,0.34092330353949396,0.3020659616566861,0.4386264338062099,0.0,0.45852725067302935,0.5606028726155969,0.31198804173732864,0.38121082004346185,0.4491757815456974,0.2617909664083147,0.45371407820803134,0.3034142149039655,0.49731377877171745,0.4501217749655567,0.3206547455200922,0.3214520030365958,0.32965447883281174,0.495115082940882,0.4999240454278131,0.3144677427400753,0.34888224665147527
0.35996661358369886,0.39996508846812273,0.26993919292618607,0.30707897888898716,0.35089615690347575,0.3968221130809021,1.0,0.30846858797542986,0.353813877066541,0.30695039644722666,0.4045101339389773,0.3095804464714127,0.401805970262903,0.29917131647233064,0.29551644167182456,0.762361671957561,0.37752423540562996,0.43565273378761327,0.40238829624179584,0.8519809681889181,0.43319619090014994,0.4081050137478559,0.43766105320033,0.3893121256603129,0.37492495686812255,0.3700800168209195,0.40528813420290266,0.30137363559186614,0.3378194055015066,0.3440071677133201,0.29105321708704557,0.3859481396460933,0.0,0.4109649789574077,0.4067583633552515,0.3185514092648485,0.7815207412776275,0.3773533768886924,0.24396045979501657,0.3977976479046481,0.2849539890072561,0.3969941239780391,0.39937474229426706,0.3084831240157927,0.30805970109967673,0.323484713450645,0.3846446913912951,0.3854002514643864,0.29754127456893564,0.3457116490106218
0.34164821824865965,0.33679469123178185,0.260517471410203,0.5371494019466385,0.31287164219680663,0.3331557111308584,0.30846858797542986,1.0,0.3412749875104931,0.5464265876628469,0.32650960318407063,0.5179454803471989,0.3426592600590167,0.5232066740616614,0.51731429686228,0.3208002746677331,0.3039502055292783,0.32364297207110326,0.29528087072320586,0.3142896389259858,0.31526583898279104,0.3073234284542664,0.32515169677864675,0.3154281395031886,0.3122050919723339,0.30501883522328965,0.32370088730616287,0.7081962778469313,0.360051255514091,0.330062394611773,0.5086892442429454,0.32489949334330814,0.0,0.32365064674177857,0.31663741853634864,0.4386896068643582,0.2966676657139983,0.3296467770938223,0.3683831572749583,0.32570920385000734,0.50498990972685,0.3246705211197405,0.3281176693355914,0.7118875601877521,0.6773134609687246,0.3439755733873634,0.31367032364374725,0.31357121956586764,0.48375957828914606,0.36122132158020515
0.43725927430330824,0.36291708600045347,0.297794381828955,0.3400372226483599,0.3452389136382502,0.3533615860904199,0.353813877066541,0.3412749875104931,1.0,0.3503223730932171,0.3750320266162632,0.32342232011730443,0.3796265889345728,0.33217583740069523,0.3347122151532711,0.37445556184380846,0.34185929441960383,0.3602186154481656,0.3165211867418414,0.36437985889959257,0.3484174565496089,0.3427792705126885,0.36516423986351876,0.34776212407524,0.34272966536727667,0.33766115919614137,0.36437571692216986,0.32337644678376565,0.3751911587883079,0.4485871508699122,0.3256313187806622,0.35047078894402484,0.0,0.35694082390048554,0.3516518923254507,0.3299244433189652,0.3462017861613911,0.3489592920679211,0.2574557786419568,0.3699665618169067,0.32153940046144813,0.3615157807824204,0.3684839755550775,0.3288347136949753,0.3244144299826397,0.365181516451512,0.3535683062708007,0.3542438932920996,0.32815719639797525,0.39140145172237517
0.34722041175734486,0.34673959306421986,0.2636841854336288,0.5573292806937513,0.31859579675836824,0.32204634729727566,0.30695039644722666,0.5464265876628469,0.3503223730932171,1.0,0.3362933621413189,0.5213578548495703,0.3475531958219156,0.5448979904934079,0.5418364568929852,0.3248801196021548,0.30099156697827345,0.32487228961378534,0.28801534503045023,0.31424573305041836,0.31556305713820043,0.30543402052386304,0.32119768235953583,0.31104681949724666,0.3186024832204498,0.30810074386043307,0.3271168365071999,0.5419732778909444,0.3627213449069465,0.3344063270466482,0.5511831884185903,0.3218796556008987,0.0,0.3163790654205536,0.31780977085553563,0.4540361619035481,0.3017979963165136,0.31976543987340666,0.3833571759319072,0.3290881970484053,0.5388515670844213,0.3252949969547769,0.32519633757278854,0.5466412779884318,0.5451416066040898,0.3410821432388601,0.31847776541531714,0.31874548159236005,0.5056989964737604,0.360387839084349
0.386209244200009,0.47748217119545733,0.2899377875058773,0.324796009523456,0.4947392568500901,0.45241812465174625,0.4045101339389773,0.32650960318407063,0.3750320266162632,0.3362933621413189,1.0,0.3284102988408031,0.5572407466601508,0.3264591994086974,0.3177458045831545,0.40937755297958234,0.434924448444445,0.523535574662513,0.4573822145041022,0.415858412715606,0.5123503214474341,0.5049894700224148,0.5277496220981815,0.46423335903521035,0.43187079733540545,0.4306567048940879,0.5411047990333921,0.32393113187592104,0.35429534661626594,0.3634385189159882,0.31256187634811183,0.4828098359216634,0.0,0.5178254276707093,0.47412086523163444,0.3298806791370076,0.3865865953565296,0.5082039000792928,0.2468756082356024,0.5518875720247798,0.3126483315892893,0.49626712188188427,0.5398385094859353,0.32947473922541726,0.3265205714872096,0.3445851691418593,0.47916881969376834,0.4776951868647952,0.32756626054232985,0.36321439615409423
0.3515286073821521,0.34577039821230426,0.2625689767706315,0.5417187921201501,0.28825776167919437,0.3139562866406388,0.3095804464714127,0.5179454803471989,0.32342232011730443,0.5213578548495703,0.3284102988408031,1.0,0.3256756900202542,0.5308260789962027,0.6159673855280139,0.309293311748399,0.29201997710436467,0.31574819377991425,0.2957423712940179,0.31233657751842037,0.31900521075014354,0.3064918470792817,0.3248081591376928,0.30732532570444937,0.29916156998149357,0.29155131607796925,0.32292647281587994,0.528658651720066,0.3624225134576593,0.32318137702961025,0.48235026152501337,0.3176776347005055,0.0,0.3178780640696054,0.3184653659733693,0.4348983465894706,0.29638581398048713,0.3214930087084744,0.36437451584743985,0.32216547434445497,0.49221678639766886,0.31390409434056854,0.32737475582659836,0.5330637879759843,0.5330913547254833,0.34499991106598993,0.3146664711005408,0.3136391909296645,0.473020869056466,0.35971023906644817
0.37881323086507857,0.47056438266500056,0.2819246977050478,0.3348197437664078,0.4726068581343583,0.45520665664040716,0.401805970262903,0.3426592600590167,0.3796265889345728,0.3475531958219156,0.5572407466601508,0.3256756900202542,1.0,0.32418902802607574,0.3318487603196668,0.42080978603437524,0.42876669090640374,0.5371084529177935,0.5226169736511945,0.4117316257674438,0.5407595725839797,0.5681152943703407,0.5856967261918524,0.44585123548446737,0.43003870572767355,0.42765632050210556,0.5733802043820251,0.32389821413443975,0.3567769174664953,0.3767651817078215,0.32233750599562905,0.536614211527882,0.0,0.5691185743450152,0.4678373754599624,0.31665380834326495,0.39595831793459946,0.5269717956299922,0.2502362723222774,0.5762920293901511,0.316813209730215,0.4808712516286491,0.5659382226190098,0.32771365134461017,0.3229625505208631,0.34009423432831676,0.46719361596251896,0.46556460363172625,0.3243946436231169,0.3597812580218931
0.3297111099234936,0.3246100380249993,0.2553299616873318,0.5802875917316324,0.2956020249015441,0.3125004383332499,0.29917131647233064,0.5232066740616614,0.33217583740069523,0.5448979904934079,0.3264591994086974,0.5308260789962027,0.32418902802607574,1.0,0.5800286237306176,0.3072143968832006,0.29033433004185694,0.3157214203764628,0.283680953978497,0.3065216062453757,0.30533103346099677,0.3023863407067964,0.3195507223758949,0.29432664394209895,0.29549615017539044,0.28889182303716554,0.3180292297985883,0.5519255041770781,0.35303879728012433,0.317212167854693,0.5223611586493656,0.30978792115668996,0.0,0.30982499857532997,0.30625660797539056,0.4381210526394803,0.28687536687229687,0.30958997807720534,0.3671258264942753,0.3146168329131518,0.5303557606027204,0.3119965853938861,0.3147831906114359,0.5509038830620323,0.541234704978653,0.3388765052333763,0.308454774317779,0.30846097581370835,0.49036956946596655,0.3589153344159992
0.32045494491858595,0.31626415402308516,0.252982185340229,0.5956909427074658,0.30810004569521166,0.3079575628750594,0.29551644167182456,0.51731429686228,0.3347122151532711,0.5418364568929852,0.3177458045831545,0.6159673855280139,0.3318487603196668,0.5800286237306176,1.0,0.3144667922374953,0.2928696569615161,0.30627943669504754,0.2775983218030582,0.3025141553881181,0.305439668706907,0.2953331526232751,0.3158405535461012,0.29093821045030477,0.3016284381209199,0.2945669044760699,0.3131409752184633,0.5264395128682428,0.34624464502512575,0.3202515633164511,0.5327908351807648,0.3160659414091638,0.0,0.3066986814350219,0.2994957370624507,0.43446760090867387,0.2915597601263896,0.3080786271673822,0.36799140698833466,0.31212894557543946,0.5310777578475829,0.3054634336312686,0.3144354205362029,0.5256491453938132,0.5135995619509124,0.3379696395212223,0.3097018858725338,0.30805096062088877,0.4772282907328078,0.36480496338943247
0.36171677945457814,0.40666391360020404,0.2740247307403414,0.32259029012999363,0.38054799984943855,0.40373528933475145,0.762361671957561,0.3208002746677331,0.37445556184380846,0.3248801196021548,0.40937755297958234,0.309293311748399,0.42080978603437524,0.3072143968832006,0.3144667922374953,1.0,0.3841192802808794,0.42734098236956797,0.39856158003606734,0.7703022472099712,0.420696578454824,0.41061361146934483,0.43049498820441445,0.3937767702081867,0.3949559845744429,0.3888075584658395,0.4057043803255136,0.30413811369778077,0.34405986003270306,0.36705313117021354,0.30718856386174065,0.3974817681492311,0.0,0.4104930170729112,0.40559868437650937,0.315056140189208,0.7358414960262427,0.386092692551838,0.24729283362434773,0.40328931670534174,0.2988477214770755,0.4018658057167135,0.4019537281592268,0.30772111982233286,0.3064800106132103,0.32965522377854517,0.39544203024275837,0.3967161826755401,0.30334404394110104,0.35041843700409325
0.3531474484557193,0.4884329607558846,0.25744634857474835,0.30154409489221334,0.42482679064304096,0.47319708972882024,0.37752423540562996,0.3039502055292783,0.34185929441960383,0.30099156697827345,0.434924448444445,0.29201997710436467,0.42876669090640374,0.29033433004185694,0.2928696569615161,0.3841192802808794,1.0,0.4177744275920925,0.3745001368525499,0.3809853166960241,0.40296619176531534,0.4033154374513095,0.4248436500898385,0.544022505541136,0.5173667973892458,0.549911035270642,0.41869289454321046,0.28633013607220303,0.3295125860793384,0.3231267687117313,0.27959027434188066,0.45884374188989063,0.0,0.4269890833486012,0.48455461620917617,0.29447075585348115,0.3703054280626652,0.39807520433733523,0.2315386222810415,0.4262679495080587,0.2812543369959344,0.46342203471863397,0.42033697472175735,0.29781278604278316,0.3050879617315556,0.30603759757033044,0.46739652223451866,0.4740938258358949,0.2838316655940636,0.323110002897685
0.37640713010255444,0.46708772021323064,0.2767711390445746,0.3198014480192405,0.4225198096618785,0.4574516841821685,0.43565273378761327,0.32364297207110326,0.3602186154481656,0.32487228961378534,0.523535574662513,0.31574819377991425,0.5371084529177935,0.3157214203764628,0.30627943669504754,0.42734098236956797,0.4177744275920925,1.0,0.5215584168179754,0.44058507730067087,0.5492301056805755,0.5360418295958496,0.5605222889639756,0.43433937923070887,0.41861398352380563,0.4178901554128568,0.5336657153315805,0.31597277951806246,0.35292342015324396,0.35579715316550864,0.30442535448287744,0.4890016305348788,0.0,0.5175081705536226,0.46884795394021417,0.32994354307503493,0.42039162853723866,0.48948233985544276,0.2474873543773557,0.5284850682853535,0.30057278840812485,0.4760705743340843,0.5227073077158031,0.32182340773866447,0.3188399801279018,0.3325307455102019,0.46292807843392525,0.4621111886994923,0.3119058256832611,0.35457816116540875
0.33603383252782815,0.4177547190323444,0.24753541478555585,0.286372511850975,0.3806287468246522,0.409819143055662,0.40238829624179584,0.29528087072320586,0.3165211867418414,0.28801534503045023,0.4573822145041022,0.2957423712940179,0.5226169736511945,0.283680953978497,0.2775983218030582,0.39856158003606734,0.3745001368525499,0.5215584168179754,1.0,0.39551645551099346,0.4975188293223983,0.5264608167103841,0.5071639642959282,0.39080969482879246,0.3823820563349677,0.3680321593511564,0.478432416956479,0.2864627382754453,0.3172035372724046,0.317161056932877,0.27432391765729947,0.48229719622158496,0.0,0.47879689863175146,0.4217185009763488,0.29422835954591975,0.3930020034046485,0.442110207758283,0.22465359412988573,0.47761998162314834,0.2688884918507918,0.42329949475203754,0.4715490521565613,0.2921812358938797,0.29154049220735223,0.3022369930538281,0.4095044374260215,0.40798133968419326,0.27858849502730465,0.31955570898354424
0.3661981941842213,0.4080309736072716,0.27578852265488585,0.3121296904100884,0.357305331979319,0.3985288470583479,0.8519809681889181,0.3142896389259858,0.36437985889959257,0.31424573305041836,0.415858412715606,0.31233657751842037,0.4117316257674438,0.3065216062453757,0.3025141553881181,0.7703022472099712,0.3809853166960241,0.44058507730067087,0.39551645551099346,1.0,0.437890292492364,0.41028473201582194,0.4404190648717474,0.38673495945371517,0.37999849494627236,0.3735854773523085,0.4148924641098938,0.3079775669428556,0.34538691557329937,0.3516817669934593,0.2957786469980175,0.389902767043241,0.0,0.4109789144160675,0.4088987102735302,0.32008552180048,0.7857919812501378,0.3873010165435914,0.23858883384331453,0.4080192436288942,0.29204342284400353,0.40468931998697644,0.40757316959781786,0.31368103482889576,0.31174607825275835,0.3318700572512424,0.3932555531133304,0.3940741397453782,0.3053603077616295,0.35496259280863673
0.35813801174540894,0.44991283165349827,0.27337398741908303,0.31423272403522007,0.42273594790777913,0.42813377932270735,0.43319619090014994,0.31526583898279104,0.3484174565496089,0.31556305713820043,0.5123503214474341,0.31900521075014354,0.5407595725839797,0.30533103346099677,0.305439668706907,0.420696578454824,0.40296619176531534,0.5492301056805755,0.4975188293223983,0.437890292492364,1.0,0.5330162272358483,0.5749162176219229,0.41648846927035066,0.40259310153867156,0.40748002248172077,0.5417709308727501,0.3124642482040777,0.341710396924193,0.3506260050144496,0.2969533992274297,0.4967080392212684,0.0,0.5353204043824509,0.4452072218827462,0.3220357479543764,0.41209219521398555,0.49621103777156217,0.2362255215923732,0.5368761306965748,0.295631997820327,0.4432660314676855,0.531876437226336,0.31619962786566325,0.31649141329049646,0.3327661457205271,0.45265998278685426,0.4494470783086445,0.30809012303891814,0.3478752134775792
0.35265613102094384,0.433322720644162,0.2667312232273493,0.3021744306276337,0.40433756144821276,0.4529097718436417,0.4081050137478559,0.3073234284542664,0.3427792705126885,0.30543402052386304,0.5049894700224148,0.3064918470792817,0.5681152943703407,0.3023863407067964,0.2953331526232751,0.41061361146934483,0.4033154374513095,0.5360418295958496,0.5264608167103841,0.41028473201582194,0.5330162272358483,1.0,0.7006973980634321,0.40472533208993366,0.3943506008205022,0.3878229135771797,0.5288023226285988,0.3035520232564346,0.33032269743783493,0.3374309517262759,0.289501765917099,0.4980115114743492,0.0,0.6302793117721845,0.43357341949935,0.3067909263987749,0.3931335480350202,0.49108639310358404,0.2309360787784811,0.5281975035226039,0.28574967737606993,0.44462079362463613,0.5337111709015354,0.30774409341912523,0.3064023354363413,0.32134659278053157,0.4320052427425777,0.43071328879409243,0.30162646906847634,0.33835094331506177
0.37568889322189936,0.46038548044233385,0.2823373034596951,0.32884547113230045,0.42769192320479077,0.44821849640756484,0.43766105320033,0.32515169677864675,0.36516423986351876,0.32119768235953583,0.5277496220981815,0.3248081591376928,0.5856967261918524,0.3195507223758949,0.3158405535461012,0.43049498820441445,0.4248436500898385,0.5605222889639756,0.5071639642959282,0.4404190648717474,0.5749162176219229,0.7006973980634321,1.0,0.42302596220043176,0.4188690105823306,0.41099217167749025,0.5695104761233836,0.32149768707554904,0.35186528358069324,0.3540648855937164,0.3091202300495721,0.5245869526064406,0.0,0.6591938496974646,0.4557487541735026,0.32907495290701916,0.41991070473976977,0.5202987064299105,0.2442093511655251,0.5557517748342579,0.30416438093074705,0.4586878037774843,0.5542683594597698,0.32670331186791846,0.3271994701012936,0.33737531193009385,0.4546762614781419,0.451918438619176,0.31913633077263925,0.35511056936097996
0.3655888746312089,0.5473722901268261,0.25828727888046743,0.30310101527984634,0.416057097433422,0.5273252750538744,0.3893121256603129,0.3154281395031886,0.34776212407524,0.31104681949724666,0.46423335903521035,0.30732532570444937,0.44585123548446737,0.29432664394209895,0.29093821045030477,0.3937767702081867,0.544022505541136,0.43433937923070887,0.39080969482879246,0.38673495945371517,0.41648846927035066,0.40472533208993366,0.42302596220043176,1.0,0.5709988213976063,0.5384813224461467,0.43444536225092656,0.2900849724482425,0.33185397002177963,0.348264973196579,0.28958851026805077,0.4363459264502553,0.0,0.42628742541970654,0.5674178842013102,0.2976333237223291,0.3781766990778286,0.41109136480462105,0.23753781290665177,0.4427171243231022,0.2894586567960191,0.4884158589943739,0.4249195332928598,0.3004893166517565,0.3084260026359327,0.31500584275490096,0.478416285181831,0.48554522320225835,0.2902127476863475,0.3272345294425564
0.35011974553784386,0.5561026866112255,0.25790293878456494,0.3139676050895581,0.4215424653491391,0.5376427219952348,0.37492495686812255,0.3122050919723339,0.34272966536727667,0.3186024832204498,0.43187079733540545,0.29916156998149357,0.43003870572767355,0.29549615017539044,0.3016284381209199,0.3949559845744429,0.5173667973892458,0.41861398352380563,0.3823820563349677,0.37999849494627236,0.40259310153867156,0.3943506008205022,0.4188690105823306,0.5709988213976063,1.0,0.5289295027795207,0.41620945277193777,0.287971443935221,0.3261232822560143,0.3305893578457021,0.29463164817687126,0.4579388295741452,0.0,0.4138412136094112,0.5515690239887165,0.2865969733020295,0.3767509636248484,0.4110990793593611,0.2405993829051829,0.430353760659699,0.2907824558179687,0.46306407315204334,0.41896453383841414,0.30672149510014235,0.3113877336464016,0.3181569517565537,0.4666050456853178,0.47472969963630485,0.2994390385415816,0.31960119010043453
0.34146536179503584,0.4827923352040915,0.24929251207156755,0.30311119784349216,0.4274245337259128,0.4639588826802057,0.3700800168209195,0.30501883522328965,0.33766115919614137,0.30810074386043307,0.4306567048940879,0.29155131607796925,0.42765632050210556,0.28889182303716554,0.2945669044760699,0.3888075584658395,0.549911035270642,0.4178901554128568,0.3680321593511564,0.3735854773523085,0.40748002248172077,0.3878229135771797,0.41099217167749025,0.5384813224461467,0.5289295027795207,1.0,0.4105683777801149,0.27926624180507353,0.32177862597692175,0.3276028744397004,0.28810782266160617,0.42784190665960253,0.0,0.40278794367958604,0.48404266605411506,0.2866175208098355,0.36338033716981233,0.40444456068686485,0.2350432110048355,0.4243757230724208,0.282220355334331,0.4600300023453152,0.4094704242345142,0.299623813182603,0.3025695380870359,0.30610068221040054,0.45853338878269045,0.46557488622414167,0.29467225497754046,0.3140465989523694
0.3694204322484512,0.4662328590582778,0.28164343812630555,0.3190765783468005,0.4338765306958068,0.4424689758055055,0.40528813420290266,0.32370088730616287,0.36437571692216986,0.3271168365071999,0.5411047990333921,0.32292647281587994,0.5733802043820251,0.3180292297985883,0.3131409752184633,0.4057043803255136,0.41869289454321046,0.5336657153315805,0.478432416956479,0.4148924641098938,0.5417709308727501,0.5288023226285988,0.5695104761233836,0.43444536225092656,0.41620945277193777,0.4105683777801149,1.0,0.3167317150666876,0.3514489094343134,0.3559872787493492,0.30479726978293076,0.5114820435120169,0.0,0.5387041993709689,0.4595559932545321,0.3172396798220595,0.39319206266662976,0.5843560376002217,0.235006891788885,0.5725884644480744,0.3040711701489277,0.4663166657908482,0.6321919025896815,0.3247643215109711,0.3176229802143068,0.34318054958166977,0.45764098622936256,0.4540607021413472,0.31799422557158696,0.3558659804906792
0.333741286796869,0.33181006402680147,0.2605622282533281,0.5605318601639844,0.2832832867427465,0.3121486242672886,0.30137363559186614,0.7081962778469313,0.32337644678376565,0.5419732778909444,0.32393113187592104,0.528658651720066,0.32389821413443975,0.5519255041770781,0.5264395128682428,0.30413811369778077,0.28633013607220303,0.31597277951806246,0.2864627382754453,0.3079775669428556,0.3124642482040777,0.3035520232564346,0.32149768707554904,0.2900849724482425,0.287971443935221,0.27926624180507353,0.3167317150666876,1.0,0.35864419074132037,0.3178919811758498,0.5043896311802254,0.3102158304376227,0.0,0.31460184652456424,0.30591589967392785,0.4375991897995809,0.28611786263387484,0.32307514060604237,0.3584211869764222,0.3163997674364776,0.5130083693916273,0.31186341644571736,0.31977894382757666,0.8275511953555151,0.7681176441723614,0.339665929324233,0.31360190838939095,0.31154304850688186,0.4984968198334375,0.35596319282947364
0.38997584988347533,0.362420558540538,0.2979388484727211,0.352404652128508,0.3167335225634095,0.35407635556159245,0.3378194055015066,0.360051255514091,0.3751911587883079,0.3627213449069465,0.35429534661626594,0.3624225134576593,0.3567769174664953,0.35303879728012433,0.34624464502512575,0.34405986003270306,0.3295125860793384,0.35292342015324396,0.3172035372724046,0.34538691557329937,0.341710396924193,0.33032269743783493,0.35186528358069324,0.33185397002177963,0.3261232822560143,0.32177862597692175,0.3514489094343134,0.35864419074132037,1.0,0.36583381921628966,0.3356876217353725,0.34360892947081134,0.0,0.34661190610095305,0.3416255668328557,0.3483692643737778,0.32386924218478275,0.3468189769197425,0.2608432857727797,0.3554166455754669,0.33427178255340817,0.34758031904776376,0.34957703370817794,0.3579475190199819,0.3575186026428232,0.43455713570262233,0.3457425797783502,0.34498078935922183,0.35299323039607033,0.6296931834936057
0.42835868495311213,0.3599018107547204,0.2978433821983798,0.32359441049007154,0.33045215690055973,0.34092330353949396,0.3440071677133201,0.330062394611773,0.4485871508699122,0.3344063270466482,0.3634385189159882,0.32318137702961025,0.3767651817078215,0.317212167854693,0.3202515633164511,0.36705313117021354,0.3231267687117313,0.35579715316550864,0.317161056932877,0.3516817669934593,0.3506260050144496,0.3374309517262759,0.3540648855937164,0.348264973196579,0.3305893578457021,0.3276028744397004,0.3559872787493492,0.3178919811758498,0.36583381921628966,1.0,0.31205089906368666,0.3374168752589559,0.0,0.3480632674090315,0.347729053367159,0.31756821220462483,0.3365004939108317,0.35255599278569794,0.27810356866744046,0.37670366285824775,0.3100613058904912,0.3520538284975093,0.3612394123031152,0.3196806147408282,0.31441716887449644,0.3656492658238494,0.3655738105312526,0.3645739981593502,0.31627810884263197,0.3829344521732684
0.3150373495714439,0.3189273055122681,0.24466195387051448,0.5364765729870458,0.29826679405520184,0.3020659616566861,0.29105321708704557,0.5086892442429454,0.3256313187806622,0.5511831884185903,0.31256187634811183,0.48235026152501337,0.32233750599562905,0.5223611586493656,0.5327908351807648,0.30718856386174065,0.27959027434188066,0.30442535448287744,0.27432391765729947,0.2957786469980175,0.2969533992274297,0.289501765917099,0.3091202300495721,0.28958851026805077,0.29463164817687126,0.28810782266160617,0.30479726978293076,0.5043896311802254,0.3356876217353725,0.31205089906368666,1.0,0.30271056637355054,0.0,0.3001060965368295,0.2938072329646325,0.42146562383949104,0.2844416106673766,0.2962155566351594,0.35039769255332975,0.30474186244798973,0.6367592220380134,0.30390926184829836,0.3006685815208435,0.507303046049224,0.49607898199973877,0.3227387287657846,0.29965860498875496,0.29959806513489984,0.4637494052078205,0.3350748433752738
0.35477000181311713,0.4444754350626837,0.2637677883654169,0.32700213284855695,0.4468579681787269,0.4386264338062099,0.3859481396460933,0.32489949334330814,0.35047078894402484,0.3218796556008987,0.4828098359216634,0.3176776347005055,0.536614211527882,0.30978792115668996,0.3160659414091638,0.3974817681492311,0.45884374188989063,0.4890016305348788,0.48229719622158496,0.389902767043241,0.4967080392212684,0.4980115114743492,0.5245869526064406,0.4363459264502553,0.4579388295741452,0.42784190665960253,0.5114820435120169,0.3102158304376227,0.34360892947081134,0.3374168752589559,0.30271056637355054,1.0,0.0,0.5079868124101066,0.4324956621445173,0.3032608872517457,0.39027683491654375,0.4983286555632923,0.2432727543706733,0.5253854328479112,0.2953691560966608,0.44972190433272874,0.5229321517849781,0.31318351553057433,0.3201118973508016,0.32192691266847195,0.4520274253775669,0.4507062811645498,0.29995926934789574,0.3358274994203474
0.0,0.0,0.0,0.0,0.0,0.0,0.0,0.0,0.0,0.0,0.0,0.0,0.0,0.0,0.0,0.0,0.0,0.0,0.0,0.0,0.0,0.0,0.0,0.0,0.0,0.0,0.0,0.0,0.0,0.0,0.0,0.0,1.0,0.0,0.0,0.0,0.0,0.0,0.0,0.0,0.0,0.0,0.0,0.0,0.0,0.0,0.0,0.0,0.0,0.0
0.37080329782937627,0.4540880156489361,0.28047920860491204,0.31440388615618,0.4323908218087208,0.45852725067302935,0.4109649789574077,0.32365064674177857,0.35694082390048554,0.3163790654205536,0.5178254276707093,0.3178780640696054,0.5691185743450152,0.30982499857532997,0.3066986814350219,0.4104930170729112,0.4269890833486012,0.5175081705536226,0.47879689863175146,0.4109789144160675,0.5353204043824509,0.6302793117721845,0.6591938496974646,0.42628742541970654,0.4138412136094112,0.40278794367958604,0.5387041993709689,0.31460184652456424,0.34661190610095305,0.3480632674090315,0.3001060965368295,0.5079868124101066,0.0,1.0,0.4503531566984609,0.32745199769882805,0.39492865922321096,0.5090951511205188,0.2515529515814693,0.5410409247830978,0.29580124443551603,0.4591984657692071,0.5522513390161128,0.31831605045318156,0.31820739849349433,0.3322490474501194,0.4545900819741404,0.45319725370954633,0.31101409796291435,0.3523811703919342
0.3718493571474255,0.5870683683090081,0.26987410974133774,0.31173143363005695,0.41019536083399855,0.5606028726155969,0.4067583633552515,0.31663741853634864,0.3516518923254507,0.31780977085553563,0.47412086523163444,0.3184653659733693,0.4678373754599624,0.30625660797539056,0.2994957370624507,0.40559868437650937,0.48455461620917617,0.46884795394021417,0.4217185009763488,0.4088987102735302,0.4452072218827462,0.43357341949935,0.4557487541735026,0.5674178842013102,0.5515690239887165,0.48404266605411506,0.4595559932545321,0.30591589967392785,0.3416255668328557,0.347729053367159,0.2938072329646325,0.4324956621445173,0.0,0.4503531566984609,1.0,0.3055752806100793,0.3870077535719161,0.43425842543010573,0.24429465468342249,0.4715623474634195,0.29406714056363037,0.509179111657109,0.4616548681409067,0.3124165057144248,0.31773014112112585,0.3282375305027342,0.49146925067484504,0.49703175642209163,0.3055207088685993,0.33727915858706725
0.3251078562211659,0.3147476702368378,0.2592502721971137,0.44138696567656577,0.27611637092438923,0.31198804173732864,0.3185514092648485,0.4386896068643582,0.3299244433189652,0.4540361619035481,0.3298806791370076,0.4348983465894706,0.31665380834326495,0.4381210526394803,0.43446760090867387,0.315056140189208,0.29447075585348115,0.32994354307503493,0.29422835954591975,0.32008552180048,0.3220357479543764,0.3067909263987749,0.32907495290701916,0.2976333237223291,0.2865969733020295,0.2866175208098355,0.3172396798220595,0.4375991897995809,0.3483692643737778,0.31756821220462483,0.42146562383949104,0.3032608872517457,0.0,0.32745199769882805,0.3055752806100793,1.0,0.303250380389828,0.30792354976043457,0.36259158771920486,0.32056935679563825,0.42020824709992033,0.3143755232310873,0.31721010337420175,0.44540284874689573,0.44347309419708125,0.32716076048503284,0.30701039138797936,0.30475812975423133,0.437645976780766,0.3527405792800872
0.3472701289231269,0.3801488977737115,0.2570198317906903,0.2980182779858416,0.3510184058505855,0.38121082004346185,0.7815207412776275,0.2966676657139983,0.3462017861613911,0.3017979963165136,0.3865865953565296,0.29638581398048713,0.39595831793459946,0.28687536687229687,0.2915597601263896,0.7358414960262427,0.3703054280626652,0.42039162853723866,0.3930020034046485,0.7857919812501378,0.41209219521398555,0.3931335480350202,0.41991070473976977,0.3781766990778286,0.3767509636248484,0.36338033716981233,0.39319206266662976,0.28611786263387484,0.32386924218478275,0.3365004939108317,0.2844416106673766,0.39027683491654375,0.0,0.39492865922321096,0.3870077535719161,0.303250380389828,1.0,0.3652475472859543,0.23231337155876475,0.3817989295514387,0.27686488872856774,0.3888838565057965,0.39096220584401853,0.2939167296218965,0.29226349671302343,0.30937563335636,0.3737901452917898,0.37426986154210995,0.2827720407291864,0.3322153359157648
0.36102004888902983,0.4656992401468293,0.2726772111554625,0.31003585901448105,0.4521996670863002,0.4491757815456974,0.3773533768886924,0.3296467770938223,0.3489592920679211,0.31976543987340666,0.5082039000792928,0.3214930087084744,0.5269717956299922,0.30958997807720534,0.3080786271673822,0.386092692551838,0.39807520433733523,0.48948233985544276,0.442110207758283,0.3873010165435914,0.49621103777156217,0.49108639310358404,0.5202987064299105,0.41109136480462105,0.4110990793593611,0.40444456068686485,0.5843560376002217,0.32307514060604237,0.3468189769197425,0.35255599278569794,0.2962155566351594,0.4983286555632923,0.0,0.5090951511205188,0.43425842543010573,0.30792354976043457,0.3652475472859543,1.0,0.24851169275644247,0.5434517673095215,0.30149661979952824,0.45308159968912,0.6187203585835662,0.3286628353690775,0.32147387169197617,0.33266227666224835,0.466962537528423,0.4633293290746322,0.32219266436619387,0.3466399657888325
0.27517834559611,0.2408938199566314,0.19477620463746703,0.3764311031521871,0.289873016311058,0.2617909664083147,0.24396045979501657,0.3683831572749583,0.2574557786419568,0.3833571759319072,0.2468756082356024,0.36437451584743985,0.2502362723222774,0.3671258264942753,0.36799140698833466,0.24729283362434773,0.2315386222810415,0.2474873543773557,0.22465359412988573,0.23858883384331453,0.2362255215923732,0.2309360787784811,0.2442093511655251,0.23753781290665177,0.2405993829051829,0.2350432110048355,0.235006891788885,0.3584211869764222,0.2608432857727797,0.27810356866744046,0.35039769255332975,0.2432727543706733,0.0,0.2515529515814693,0.24429465468342249,0.36259158771920486,0.23231337155876475,0.24851169275644247,1.0,0.2502056918388016,0.3483109694989184,0.24442452840194773,0.24307689053984127,0.36391794850520376,0.3695493015727034,0.2484970750470653,0.24167434311971647,0.24470926822128325,0.3495888380827896,0.2685867546473799
0.3757242263486126,0.469947155558484,0.2839637766864206,0.3151124483435216,0.44498935121144634,0.45371407820803134,0.3977976479046481,0.32570920385000734,0.3699665618169067,0.3290881970484053,0.5518875720247798,0.32216547434445497,0.5762920293901511,0.3146168329131518,0.31212894557543946,0.40328931670534174,0.4262679495080587,0.5284850682853535,0.47761998162314834,0.4080192436288942,0.5368761306965748,0.5281975035226039,0.5557517748342579,0.4427171243231022,0.430353760659699,0.4243757230724208,0.5725884644480744,0.3163997674364776,0.3554166455754669,0.37670366285824775,0.30474186244798973,0.5253854328479112,0.0,0.5410409247830978,0.4715623474634195,0.32056935679563825,0.3817989295514387,0.5434517673095215,0.2502056918388016,1.0,0.301529184681791,0.4734204376876082,0.5772370729803806,0.3203210668161043,0.32458430988343834,0.34915046501797997,0.4936664346810261,0.49895131433591533,0.3156728228050921,0.36282998426242297
