../ecoli_genomes/GCF_000163235.1_ASM16323v1_genomic.fna.gz,../ecoli_genomes/GCF_000164555.1_ASM16455v1_genomic.fna.gz,../ecoli_genomes/GCF_000208545.1_ASM20854v2_genomic.fna.gz,../ecoli_genomes/GCF_000233875.1_ASM23387v1_genomic.fna.gz,../ecoli_genomes/GCF_000249735.1_ASM24973v2_genomic.fna.gz,../ecoli_genomes/GCF_000261145.1_Esch_coli_M919_V2_genomic.fna.gz,../ecoli_genomes/GCF_000267705.2_ASM26770v2_genomic.fna.gz,../ecoli_genomes/GCF_000350665.1_Esch_coli_KTE5_V1_genomic.fna.gz,../ecoli_genomes/GCF_000351625.1_Esch_coli_KTE66_V1_genomic.fna.gz,../ecoli_genomes/GCF_000352285.1_Esch_coli_KTE46_V1_genomic.fna.gz,../ecoli_genomes/GCF_000358895.1_ASM35889v1_genomic.fna.gz,../ecoli_genomes/GCF_000456385.1_Esch_coli_HVH_26_4-5703913_V1_genomic.fna.gz,../ecoli_genomes/GCF_000458195.1_Esch_coli_HVH_147_4-5893887_V1_genomic.fna.gz,../ecoli_genomes/GCF_000459755.1_Esch_coli_KOEGE_58_171a_V1_genomic.fna.gz,../ecoli_genomes/GCF_000460055.1_Esch_coli_UMEA_3053-1_V1_genomic.fna.gz,../ecoli_genomes/GCF_000462165.2_ASM46216v2_genomic.fna.gz,../ecoli_genomes/GCF_000601135.1_ASM60113v1_genomic.fna.gz,../ecoli_genomes/GCF_000614595.1_Ec2010EL1058_genomic.fna.gz,../ecoli_genomes/GCF_000617745.1_Ec2010C-4529_genomic.fna.gz,../ecoli_genomes/GCF_000618265.2_EcF6751_genomic.fna.gz,../ecoli_genomes/GCF_000619005.2_Ec2009C-4052_genomic.fna.gz,../ecoli_genomes/GCF_000619105.1_Ec2009C-4780_genomic.fna.gz,../ecoli_genomes/GCF_000619765.2_Ec2009C-3279_genomic.fna.gz,../ecoli_genomes/GCF_000687005.1_ASM68700v1_genomic.fna.gz,../ecoli_genomes/GCF_000687025.1_ASM68702v1_genomic.fna.gz,../ecoli_genomes/GCF_000700125.1_ASM70012v1_genomic.fna.gz,../ecoli_genomes/GCF_000753315.1_FHI35_genomic.fna.gz,../ecoli_genomes/GCF_000776375.1_ASM77637v1_genomic.fna.gz,../ecoli_genomes/GCF_000779395.1_ASM77939v1_genomic.fna.gz,../ecoli_genomes/GCF_000780315.1_ASM78031v1_genomic.fna.gz,../ecoli_genomes/GCF_000781995.1_ASM78199v1_genomic.fna.gz,../ecoli_genomes/GCF_000986765.1_ASM98676v1_genomic.fna.gz,../ecoli_genomes/GCF_001041375.1_ViralProj287958_genomic.fna.gz,../ecoli_genomes/GCF_001265335.1_302014_genomic.fna.gz,../ecoli_genomes/GCF_001265625.1_100854_genomic.fna.gz,../ecoli_genomes/GCF_001267345.1_303289_genomic.fna.gz,../ecoli_genomes/GCF_001309985.1_ASM130998v1_genomic.fna.gz,../ecoli_genomes/GCF_001521695.1_ASM152169v1_genomic.fna.gz,../ecoli_genomes/GCF_001592595.1_ASM159259v1_genomic.fna.gz,../ecoli_genomes/GCF_001614975.1_ASM161497v1_genomic.fna.gz,../ecoli_genomes/GCF_001692775.1_ASM169277v1_genomic.fna.gz,../ecoli_genomes/GCF_001748915.1_ASM174891v1_genomic.fna.gz,../ecoli_genomes/GCF_001749235.1_ASM174923v1_genomic.fna.gz,../ecoli_genomes/GCF_001881155.1_ASM188115v1_genomic.fna.gz,../ecoli_genomes/GCF_001881345.1_ASM188134v1_genomic.fna.gz,../ecoli_genomes/GCF_001892405.1_ASM189240v1_genomic.fna.gz,../ecoli_genomes/GCF_001892585.1_ASM189258v1_genomic.fna.gz,../ecoli_genomes/GCF_001893985.1_ASM189398v1_genomic.fna.gz,../ecoli_genomes/GCF_002001595.1_ASM200159v1_genomic.fna.gz,../ecoli_genomes/GCF_002002145.1_ASM200214v1_genomic.fna.gz
1.0,0.3197390314583415,0.24920849504556775,0.27767447247713484,0.3137846750042572,0.3013807565919234,0.29820354097438606,0.28707829281696085,0.38588132674558784,0.2998609291616726,0.3209461726798467,0.29236961452077714,0.3073322184394466,0.27657287120942364,0.27032963798943055,0.3006759956083701,0.27703121147421994,0.30550597805885005,0.27795339456280044,0.3005354416381526,0.29600900872660285,0.28804593944958834,0.3058200288179692,0.3111997573325028,0.2802248007495467,0.2539732952669267,0.30225065750505975,0.27848087414700406,0.3348619726247858,0.39138593588918613,0.2657129499541956,0.3045909828179715,0.0,0.2980852516807023,0.30469913608121035,0.2730755413638799,0.2814969760475865,0.3065292364557599,0.20589155957545258,0.31298070215913953,0.27108344015372976,0.29914003196922345,0.30290023020871837,0.28489032921681434,0.29362364218647274,0.32086596767075815,0.30533726429033226,0.30665055733039337,0.2703539322647548,0.3364066579616414
0.3197390314583415,1.0,0.2342719843678187,0.27578658388277866,0.42196541268373244,0.5525282141523651,0.3423154357849,0.282375517035106,0.3012799517792971,0.2877599928475161,0.43180060905506723,0.2813321246446481,0.4227669108028306,0.2710331248350515,0.2660712466621855,0.34657820600926026,0.38172543233863143,0.4209863376116524,0.37283444069678306,0.35110732581874105,0.4112351135663279,0.3951244395682664,0.4225753715295769,0.5301733170696423,0.460993681002002,0.3447746183869289,0.4184350031695062,0.2755387680713737,0.3066717109270346,0.30293236437946325,0.2585988192734543,0.4039859550494511,0.0,0.4014327011483273,0.5566410178700775,0.2646829907394248,0.32840961106808775,0.4103429182135193,0.15048520623479245,0.4168451840814339,0.2611262104101063,0.474676365030696,0.42563034608773986,0.28497576685328674,0.28307024680326043,0.287409311016649,0.4659016009035627,0.47052891411016273,0.2807558905628319,0.30125895701658534
0.24920849504556775,0.2342719843678187,1.0,0.20601174571100433,0.21808015746307785,0.21308379882007078,0.20910106917615734,0.2129322329586456,0.24625703634762752,0.21818276896792854,0.2315601603227152,0.20628504817314697,0.22247280657949864,0.21084840325067333,0.20413642501587315,0.21289888170322413,0.17625797314147862,0.22209473738954333,0.20030698608075215,0.21286221556875928,0.2191738513595307,0.20885697879192056,0.21919106768732055,0.2059546110603817,0.18078453535781924,0.15888792209007363,0.22098582311635562,0.2093256368901567,0.24470639335250155,0.2534924547951164,0.1993351522864133,0.21463710967664373,0.0,0.2160896164410101,0.20916518908607995,0.21037037676151105,0.1973173430773133,0.21221851062195263,0.12010944717152028,0.22150322413273005,0.2031552829656087,0.21823618890588048,0.22779117028740192,0.21417531023807235,0.21024699545365721,0.22895710264714653,0.21744858825187752,0.21914709924045317,0.21838787202253607,0.24451443318302368
0.27767447247713484,0.27578658388277866,0.20601174571100433,1.0,0.27835544838805704,0.26109147162742385,0.24903449332758687,0.49699348934462517,0.27654231641027904,0.5184113760007918,0.27003853122572985,0.5019307823769144,0.265744722551819,0.5371541604038911,0.5533239236738957,0.25747567088567513,0.22505614767012672,0.2591149718264274,0.23796415517197944,0.2543486929490354,0.25698706129501414,0.2473046239248019,0.2672272168074111,0.2549622829712891,0.23066026963043973,0.20286473278552453,0.2597996977425421,0.5193146013865275,0.30221926917681574,0.27024666874082626,0.4949665265279607,0.2694049910143742,0.0,0.24989894852782746,0.25686633833825323,0.4101696395679971,0.2408102825474172,0.25442455677635123,0.27256525755776817,0.2566350138137724,0.5164230963541024,0.2556373023686812,0.2615826891202422,0.5242290895303878,0.5127866300613789,0.29322677827469523,0.2558559699285641,0.2572651245585206,0.4562156566976222,0.3086109325963864
0.3137846750042572,0.42196541268373244,0.21808015746307785,0.27835544838805704,1.0,0.4227056112877382,0.33586861784050337,0.28078882297710217,0.3053135783088152,0.2849481961390772,0.5636370186052957,0.2821440871547479,0.49185120247582725,0.275033233029658,0.28238106426013143,0.3556398411666234,0.3761144429878337,0.4479593908872873,0.40794044152987086,0.34213619173241705,0.4609791091281349,0.4344443730557631,0.460043888235265,0.42114169156665804,0.37601754041949276,0.3426391968198923,0.46375227778280015,0.26263548209130727,0.2947406732179857,0.3052912677180629,0.26542115757284923,0.47011931454533307,0.0,0.4610830312464659,0.420801525742762,0.26025568975596924,0.32688082608794533,0.4628698447406091,0.17878640791766154,0.4781051726924104,0.2733289772326284,0.4257190515128645,0.4883605837630878,0.2757670017379227,0.2778562376677023,0.2819002865551362,0.43967488453300063,0.4424636031821426,0.2629222223250193,0.29239026182685013
0.3013807565919234,0.5525282141523651,0.21308379882007078,0.26109147162742385,0.4227056112877382,1.0,0.34347511327826474,0.27406329997350587,0.28916364142065853,0.27011813752870006,0.413702931200288,0.2623114898795619,0.40694875564011723,0.2602205588173149,0.25693978977028986,0.3445055999438731,0.39067281229971906,0.40852613856723785,0.3682743691989475,0.34612723216223784,0.39480040780122005,0.41663871772014094,0.410553018816491,0.5195469278864941,0.4651689517373431,0.35330890301970075,0.3941184167796956,0.2590134867914392,0.298223811566781,0.2866754560422927,0.24644275894669865,0.39750802538036123,0.0,0.40264539148790235,0.539994402678805,0.26281245896166927,0.3307035335911107,0.4005559192902346,0.18121454407934245,0.4058114514920236,0.25383364580754986,0.46096208604302735,0.4091791078434164,0.26650656877667667,0.2679905896957563,0.27426095950687335,0.4630381642799283,0.4661825406375124,0.26171101104347827,0.29467981160699097
0.29820354097438606,0.3423154357849,0.20910106917615734,0.24903449332758687,0.33586861784050337,0.34347511327826474,1.0,0.2506668553185316,0.2850595915482974,0.2571122880154636,0.3622127697458185,0.2552927305252287,0.34114753501506334,0.2470254524628197,0.243902979389507,0.7724300032108591,0.281715505973552,0.3733450078435483,0.34989043337829284,0.8366363616590234,0.37106793875261646,0.36269018640950956,0.3743560813608343,0.34437229736270203,0.29982158181227303,0.2655538408803021,0.3430329785095084,0.24086299830198132,0.278847866790666,0.2819143135398209,0.23332367921711594,0.3476944035263996,0.0,0.336744647179557,0.35766977100210373,0.27347911295261906,0.7624730370033939,0.32217348365005427,0.15239533344096112,0.3401042433153715,0.23370020095446808,0.33864366502348475,0.34292046712746693,0.2490845947330872,0.24971359371574164,0.2701441070542724,0.32402375567133634,0.32660751122510434,0.24400556987541078,0.28049306458813106
0.28707829281696085,0.282375517035106,0.2129322329586456,0.49699348934462517,0.28078882297710217,0.27406329997350587,0.2506668553185316,1.0,0.27702105154320567,0.5043875756548919,0.2754552426210334,0.4867565312898122,0.27617936947857546,0.49084913453832213,0.4789639160359527,0.2574865405057254,0.24433596380728595,0.2695771215755651,0.24998381691331373,0.2545192278440307,0.2616948030249219,0.2577813688635221,0.271522886780145,0.27947359401344185,0.24650524625526404,0.22279441553372403,0.2697898687368331,0.7006367841011107,0.3187231693123912,0.27519231539252564,0.4683502683366755,0.2752296094922264,0.0,0.26375084645314106,0.26845998947927363,0.40889479010750074,0.23817795005728604,0.2804345064216587,0.2846618815106724,0.2766265711978809,0.47060280833296186,0.2642656918486901,0.2702732958976459,0.7036106057472412,0.6761193552951035,0.2995754861965072,0.2671769037637517,0.2689039301181607,0.4470107896216087,0.3126085083380351
0.38588132674558784,0.3012799517792971,0.24625703634762752,0.27654231641027904,0.3053135783088152,0.28916364142065853,0.2850595915482974,0.27702105154320567,1.0,0.28896709706440993,0.31581691160761716,0.2667984401497969,0.306358085933212,0.27490206086173496,0.2719742555723592,0.29150200496013656,0.2390625385065216,0.3007285289228876,0.26943549926907107,0.29341300027365,0.2949848477683832,0.2856870038636772,0.3034303575375972,0.28541566622485404,0.24184499974463458,0.21598783703515767,0.3037864721837904,0.2701190558571054,0.3287980106654794,0.41065450295644024,0.26204716520258386,0.28858998682559156,0.0,0.2912417838167546,0.2854960772498554,0.27589124214942085,0.27334570588524043,0.2857703322783691,0.1593826879474578,0.3006573872981976,0.2677022904459839,0.29700014381603446,0.30941085027368354,0.27453102813699604,0.26861915582474805,0.31183006279743775,0.28545385831877435,0.2871615445524899,0.26677269448749397,0.33885712725638684
0.2998609291616726,0.2877599928475161,0.21818276896792854,0.5184113760007918,0.2849481961390772,0.27011813752870006,0.2571122880154636,0.5043875756548919,0.28896709706440993,1.0,0.2880779313137689,0.4896919934012578,0.28441707097922886,0.5133416942643773,0.5012904233692013,0.26347389578569724,0.2193943573605267,0.2668012969454526,0.2456828598712807,0.26034961976896176,0.2621908645279155,0.2576250045757391,0.2676255445577925,0.25860095707241704,0.22828366460834937,0.1997839172746968,0.2726190211349747,0.5055485546189812,0.31598851147586493,0.281669180988539,0.5144192267020246,0.265603282779175,0.0,0.2583809987670065,0.2627923635610627,0.4316404519338687,0.2426320980698602,0.2617510321800388,0.26194254129312244,0.27223771015393183,0.5201985962639527,0.26768377515905695,0.269957278379113,0.5081185609269321,0.5063500177465725,0.2987782334986332,0.25922887653104465,0.2607941917669262,0.4731051914094775,0.3115032748060119
0.3209461726798467,0.43180060905506723,0.2315601603227152,0.27003853122572985,0.5636370186052957,0.413702931200288,0.3622127697458185,0.2754552426210334,0.31581691160761716,0.2880779313137689,1.0,0.27296922675960755,0.5336577711471915,0.2741240582217559,0.2695308188981771,0.3683589592926576,0.33707052567886364,0.4892049150210528,0.45002438362296426,0.3626283298536145,0.49399237072897817,0.4908527708332091,0.49618259057191094,0.4098724207413813,0.3443324748153078,0.3126873194863131,0.5100519795529204,0.2712970880147796,0.3051998267064039,0.3099689354235099,0.2632193455282501,0.47178373575228716,0.0,0.47833064632599875,0.419496339979911,0.27493075731761296,0.34393645366389536,0.47269294365743,0.15633812897770938,0.5174117355389591,0.26403296771042817,0.4384455422186334,0.5112921362777103,0.27381242567197706,0.2730875941583272,0.2894630273723525,0.4228295439488533,0.4259805473893806,0.27143859291493944,0.3049739099773655
0.29236961452077714,0.2813321246446481,0.20628504817314697,0.5019307823769144,0.2821440871547479,0.2623114898795619,0.2552927305252287,0.4867565312898122,0.2667984401497969,0.4896919934012578,0.27296922675960755,1.0,0.26840264681647963,0.4899059866824129,0.6097035158894821,0.26290080769659563,0.2746725393289572,0.2527957924689178,0.23809720713022475,0.2536154931993142,0.25667689582644293,0.25214164252455207,0.26274565082616597,0.2953279287093772,0.27719785486411064,0.26877956291188065,0.2597289973814876,0.4872538641812687,0.304930377806524,0.27219287283656657,0.44228070182173196,0.2800193490946453,0.0,0.2598018261718199,0.27992774723088054,0.403468627854634,0.2397508465507291,0.27637998893674354,0.31192847343449803,0.2744766828413938,0.4621752092602901,0.2544260929993335,0.2631480681435877,0.498487859053962,0.496658111098355,0.30003037739118177,0.27843116352385455,0.2778357376117475,0.4331202023809756,0.30090038321811063
0.3073322184394466,0.4227669108028306,0.22247280657949864,0.265744722551819,0.49185120247582725,0.40694875564011723,0.34114753501506334,0.27617936947857546,0.306358085933212,0.28441707097922886,0.5336577711471915,0.26840264681647963,1.0,0.2634690360130115,0.26890059178134784,0.3562148086806315,0.3304825817171524,0.494962715594537,0.4964781107934002,0.34919642298417397,0.5144341668186365,0.5488979734909999,0.553495647977786,0.3950447268252669,0.3301370413452639,0.2954233443044534,0.5572504359384322,0.2649340446109101,0.2992169448504206,0.3095919125851698,0.2565557662970622,0.5047343762575355,0.0,0.5380523991985264,0.4039997381633478,0.2606818323178046,0.33416466164578484,0.5074383727488088,0.15014028344022134,0.547849676012078,0.2602269523834285,0.42444036310597455,0.5342234623428835,0.2696192593906267,0.2652803116841588,0.27903833685323254,0.4138399944346297,0.41703246056714627,0.2673223892527057,0.2986461589038131
0.27657287120942364,0.2710331248350515,0.21084840325067333,0.5371541604038911,0.275033233029658,0.2602205588173149,0.2470254524628197,0.49084913453832213,0.27490206086173496,0.5133416942643773,0.2741240582217559,0.4899059866824129,0.2634690360130115,1.0,0.5428180262296416,0.2529895742629563,0.21092257344812115,0.25892248417307584,0.23840781590358084,0.2524018044215274,0.2526524236649723,0.24910499749151283,0.2633073607469155,0.2419592991399523,0.21607613481997134,0.18737664668593457,0.2632967331677678,0.5217757840221544,0.31359043492310856,0.2663290134266919,0.48595950081848194,0.25911733115699764,0.0,0.25235457521100546,0.254251145256986,0.4120565529037751,0.23732884684222433,0.25613986337550654,0.2535397380236658,0.2565910679671842,0.5013645130056658,0.25404800762055246,0.2652242533677932,0.5171935649437628,0.5078741000533078,0.29650903066216583,0.2505527338850906,0.2526894895213213,0.4567965572522691,0.3114417612486381
0.27032963798943055,0.2660712466621855,0.20413642501587315,0.5533239236738957,0.28238106426013143,0.25693978977028986,0.243902979389507,0.4789639160359527,0.2719742555723592,0.5012904233692013,0.2695308188981771,0.6097035158894821,0.26890059178134784,0.5428180262296416,1.0,0.25570807845127896,0.22239681034397207,0.2525708527847206,0.23456590201830685,0.2493391298311164,0.25077103593229055,0.24627118799713377,0.26297198807187816,0.24986470164307784,0.21889693360837226,0.19423893497335754,0.2585156350235428,0.49401039394609414,0.30123922613545273,0.266060972984172,0.49427459528983264,0.2637802326682053,0.0,0.24925691073244527,0.2533102904573705,0.40686494852807586,0.23747252940904218,0.25400667784416986,0.25549501834390453,0.2544684065823728,0.5079514643111809,0.2529842906287524,0.26104318270402616,0.4949504402852376,0.4858629984202081,0.2929767945440711,0.25698522795025114,0.25901982805047585,0.4467418105207397,0.31181262620961314
0.3006759956083701,0.34657820600926026,0.21289888170322413,0.25747567088567513,0.3556398411666234,0.3445055999438731,0.7724300032108591,0.2574865405057254,0.29150200496013656,0.26347389578569724,0.3683589592926576,0.26290080769659563,0.3562148086806315,0.2529895742629563,0.25570807845127896,1.0,0.29891524987909524,0.3669281160024973,0.3595421136280491,0.7679874766448487,0.35930173963523904,0.35800467466928587,0.3686263581691659,0.3527233792770117,0.3081236285375557,0.27957843898465506,0.3424238055909612,0.24635726902604316,0.2816495702319237,0.2936692100476157,0.24170049440551222,0.35625471914180773,0.0,0.33967955406607864,0.3563259261343794,0.2711939050422262,0.7527669851156875,0.32875777813891405,0.15966898952153796,0.3441709839956676,0.2431377995823688,0.3393798859793091,0.34610708286299063,0.254796095421308,0.2554383899032273,0.27171100417849015,0.333583505098211,0.33545842234670387,0.25012855897291864,0.2818877380078737
0.27703121147421994,0.38172543233863143,0.17625797314147862,0.22505614767012672,0.3761144429878337,0.39067281229971906,0.281715505973552,0.24433596380728595,0.2390625385065216,0.2193943573605267,0.33707052567886364,0.2746725393289572,0.3304825817171524,0.21092257344812115,0.22239681034397207,0.29891524987909524,1.0,0.32264998423604974,0.29779234824247125,0.2823628949153183,0.3235762093154294,0.3177660795516619,0.33773112517406534,0.5293320149400078,0.5682146178189231,0.6085333482535626,0.318861391472811,0.2214057554981692,0.239886940603242,0.24712878141098005,0.20043195251633195,0.4194442795504463,0.0,0.3535167951352468,0.4578285343410692,0.21956493308378333,0.27410375791086705,0.38721570063750244,0.3448917643603654,0.38997044211493204,0.2042399393346881,0.36281130216363255,0.32765613713549957,0.25238802298115637,0.2633075735396717,0.24536632422682747,0.4742234867399068,0.46551732563970194,0.20908634590769215,0.2462295991776663
0.30550597805885005,0.4209863376116524,0.22209473738954333,0.2591149718264274,0.4479593908872873,0.40852613856723785,0.3733450078435483,0.2695771215755651,0.3007285289228876,0.2668012969454526,0.4892049150210528,0.2527957924689178,0.494962715594537,0.25892248417307584,0.2525708527847206,0.3669281160024973,0.32264998423604974,1.0,0.4859667879202545,0.3804796280051701,0.5160631904337227,0.49712497624738794,0.525770903364105,0.38507245876828167,0.3270509323358458,0.2907270458418676,0.4991085712597685,0.2596728127047172,0.2980780501089846,0.3000154746022291,0.24632126381450004,0.45832840142062803,0.0,0.4732613811587577,0.40358592636402946,0.27335992875573445,0.3562888576559776,0.4488186030673782,0.15527415785373766,0.49119726731652424,0.24685222254317152,0.42595904737725876,0.4885524830964173,0.26272770850247373,0.26076497319114955,0.2750848587323872,0.4104058346777478,0.4138717367431284,0.2601764398121218,0.2978077593974443
0.27795339456280044,0.37283444069678306,0.20030698608075215,0.23796415517197944,0.40794044152987086,0.3682743691989475,0.34989043337829284,0.24998381691331373,0.26943549926907107,0.2456828598712807,0.45002438362296426,0.23809720713022475,0.4964781107934002,0.23840781590358084,0.23456590201830685,0.3595421136280491,0.29779234824247125,0.4859667879202545,1.0,0.34755786418993917,0.47550365727508104,0.5071710340521504,0.4765114789641701,0.3562970286816647,0.3100907562843166,0.26920613768884516,0.4832028137355009,0.2389518200112274,0.2659358655530514,0.2681799813652226,0.22573841636495529,0.4547961082793085,0.0,0.4561151814655612,0.3762683291545228,0.24836131063883127,0.35522216378473426,0.44328790402676677,0.14413431135719101,0.47396850921815226,0.22762942886736703,0.37938832044996795,0.44521366272595175,0.2443646018379766,0.24302960527186745,0.2505849091714122,0.36122110998651924,0.36415059617926604,0.2358702618380234,0.2666050595001098
0.3005354416381526,0.35110732581874105,0.21286221556875928,0.2543486929490354,0.34213619173241705,0.34612723216223784,0.8366363616590234,0.2545192278440307,0.29341300027365,0.26034961976896176,0.3626283298536145,0.2536154931993142,0.34919642298417397,0.2524018044215274,0.2493391298311164,0.7679874766448487,0.2823628949153183,0.3804796280051701,0.34755786418993917,1.0,0.37733071689099773,0.3542878027446825,0.37903788139311956,0.3330646060052489,0.293151522332616,0.2554669665296191,0.3508713254035506,0.24657394770626884,0.2852992997283007,0.28847182430210994,0.2381137488952223,0.34299506830886906,0.0,0.3415495073794369,0.3456597605728857,0.2680663350076816,0.7731826940906396,0.32880128916035745,0.15301942743234043,0.3478799618103525,0.23910554089107672,0.3436461334566938,0.35159105735405694,0.25212280487256455,0.2500179454012801,0.2731209507651171,0.3313111267633564,0.3338373521886797,0.2501745342316697,0.2859706850995427
0.29600900872660285,0.4112351135663279,0.2191738513595307,0.25698706129501414,0.4609791091281349,0.39480040780122005,0.37106793875261646,0.2616948030249219,0.2949848477683832,0.2621908645279155,0.49399237072897817,0.25667689582644293,0.5144341668186365,0.2526524236649723,0.25077103593229055,0.35930173963523904,0.3235762093154294,0.5160631904337227,0.47550365727508104,0.37733071689099773,1.0,0.5034556932813548,0.5439214575770179,0.38029308561100894,0.3268272132192126,0.2968456501011162,0.5122473975153686,0.2553374430048103,0.2892640118894668,0.2953425721256925,0.24087076571219013,0.47926966104674906,0.0,0.49761610642744447,0.4007823226510827,0.26563936243218766,0.354462029444485,0.4667473540258048,0.1549037569122359,0.5088400689683559,0.24521907171750512,0.40257094996490905,0.5035437929764162,0.26002145523757425,0.25869110882875523,0.2768253678951009,0.40347401537860994,0.40686131218529875,0.2549077024206311,0.29210861974069546
0.28804593944958834,0.3951244395682664,0.20885697879192056,0.2473046239248019,0.4344443730557631,0.41663871772014094,0.36269018640950956,0.2577813688635221,0.2856870038636772,0.2576250045757391,0.4908527708332091,0.25214164252455207,0.5488979734909999,0.24910499749151283,0.24627118799713377,0.35800467466928587,0.3177660795516619,0.49712497624738794,0.5071710340521504,0.3542878027446825,0.5034556932813548,1.0,0.6925814213925241,0.37997827618339897,0.3281329135621289,0.29140054909669433,0.519508782874411,0.2516232972923884,0.2801535197572017,0.27926551566370295,0.23545245211834087,0.4862661654423339,0.0,0.6154995680600712,0.394617685334514,0.25837415906926786,0.34510744819143724,0.4770480769883173,0.1503870153193585,0.5111037332717272,0.23698082317513436,0.39352501771045767,0.49962589561127246,0.25453516746154425,0.25186440692463596,0.26935874277836014,0.3811320488832557,0.38399823901903274,0.24962409653840478,0.28610005163199403
0.3058200288179692,0.4225753715295769,0.21919106768732055,0.2672272168074111,0.460043888235265,0.410553018816491,0.3743560813608343,0.271522886780145,0.3034303575375972,0.2676255445577925,0.49618259057191094,0.26274565082616597,0.553495647977786,0.2633073607469155,0.26297198807187816,0.3686263581691659,0.33773112517406534,0.525770903364105,0.4765114789641701,0.37903788139311956,0.5439214575770179,0.6925814213925241,1.0,0.3903519289178957,0.34101173161725873,0.2949280228411262,0.5347101732232798,0.2636808549842796,0.3010357886842483,0.292293968941138,0.24829116674417895,0.49740348178185667,0.0,0.630592060475467,0.4078062581621592,0.2712300204411129,0.36106918406812805,0.4812247472920631,0.16045079058263867,0.5202490983778354,0.25239127272674877,0.41391546162771786,0.5216371149906445,0.2680581053790144,0.26512192879285124,0.2794568889551847,0.4035213980407395,0.4069052648689616,0.26293439707756205,0.29786080853902885
0.3111997573325028,0.5301733170696423,0.2059546110603817,0.2549622829712891,0.42114169156665804,0.5195469278864941,0.34437229736270203,0.27947359401344185,0.28541566622485404,0.25860095707241704,0.4098724207413813,0.2953279287093772,0.3950447268252669,0.2419592991399523,0.24986470164307784,0.3527233792770117,0.5293320149400078,0.38507245876828167,0.3562970286816647,0.3330646060052489,0.38029308561100894,0.37997827618339897,0.3903519289178957,1.0,0.605247125173747,0.5248139859909904,0.382791677791922,0.24684193419809075,0.27781018089662035,0.28479550612487536,0.23514931633691716,0.4305293523724093,0.0,0.39239388620935833,0.5986819505208859,0.2553073263232746,0.32669550518047363,0.4114560847997789,0.27774775513400296,0.42185918271374834,0.23854319825503345,0.441723700724596,0.3829925367360796,0.2734891812135586,0.2838708575500324,0.27443905007534763,0.4897118662207164,0.4860662162279269,0.24258544424302797,0.27478905691372235
0.2802248007495467,0.460993681002002,0.18078453535781924,0.23066026963043973,0.37601754041949276,0.4651689517373431,0.29982158181227303,0.24650524625526404,0.24184499974463458,0.22828366460834937,0.3443324748153078,0.27719785486411064,0.3301370413452639,0.21607613481997134,0.21889693360837226,0.3081236285375557,0.5682146178189231,0.3270509323358458,0.3100907562843166,0.293151522332616,0.3268272132192126,0.3281329135621289,0.34101173161725873,0.605247125173747,1.0,0.5831225603820699,0.32497516069014365,0.22114539720777437,0.2396919327067093,0.24765855101491274,0.20745237210800027,0.41826296193453594,0.0,0.3538323865623003,0.5421446222273962,0.21971928419907794,0.2817002843845946,0.39224108749047415,0.31797414915530886,0.389462478387848,0.21193969918386213,0.3772081758784481,0.33524969568518104,0.26150510349742184,0.265987164696481,0.25718149853369043,0.46769519964793915,0.45967211737856384,0.22172995507670967,0.24323213338918415
0.2539732952669267,0.3447746183869289,0.15888792209007363,0.20286473278552453,0.3426391968198923,0.35330890301970075,0.2655538408803021,0.22279441553372403,0.21598783703515767,0.1997839172746968,0.3126873194863131,0.26877956291188065,0.2954233443044534,0.18737664668593457,0.19423893497335754,0.27957843898465506,0.6085333482535626,0.2907270458418676,0.26920613768884516,0.2554669665296191,0.2968456501011162,0.29140054909669433,0.2949280228411262,0.5248139859909904,0.5831225603820699,1.0,0.28766116467755476,0.19648244113539115,0.2087407084660834,0.22385380418257983,0.18262982960702423,0.3739876914179008,0.0,0.3143290155947439,0.4447469946867195,0.1957721133604874,0.24958763050552135,0.37116114139814993,0.36685019186267986,0.3682395324609985,0.1837515992676505,0.33472449024653217,0.29099316977046674,0.23778976363261561,0.24076214124494055,0.22692483139928565,0.45216666776939907,0.4407947622642967,0.19292303720378368,0.21759011610372536
0.30225065750505975,0.4184350031695062,0.22098582311635562,0.2597996977425421,0.46375227778280015,0.3941184167796956,0.3430329785095084,0.2697898687368331,0.3037864721837904,0.2726190211349747,0.5100519795529204,0.2597289973814876,0.5572504359384322,0.2632967331677678,0.2585156350235428,0.3424238055909612,0.318861391472811,0.4991085712597685,0.4832028137355009,0.3508713254035506,0.5122473975153686,0.519508782874411,0.5347101732232798,0.382791677791922,0.32497516069014365,0.28766116467755476,1.0,0.26085221142507486,0.3004599325900048,0.29854945298929747,0.251616383741205,0.4983719135943855,0.0,0.5110049144894184,0.39718887746962894,0.26077863052541095,0.32695504811006715,0.5784308765559953,0.15051424951324066,0.5502419840985485,0.2538916784889993,0.4143901151600611,0.621573589842817,0.26745612643143035,0.26188873273367497,0.28081007498655364,0.4012086178097579,0.40429207587347815,0.2644814033714795,0.2951446825062686
0.27848087414700406,0.2755387680713737,0.2093256368901567,0.5193146013865275,0.26263548209130727,0.2590134867914392,0.24086299830198132,0.7006367841011107,0.2701190558571054,0.5055485546189812,0.2712970880147796,0.4872538641812687,0.2649340446109101,0.5217757840221544,0.49401039394609414,0.24635726902604316,0.2214057554981692,0.2596728127047172,0.2389518200112274,0.24657394770626884,0.2553374430048103,0.2516232972923884,0.2636808549842796,0.24684193419809075,0.22114539720777437,0.19648244113539115,0.26085221142507486,1.0,0.31287927972685226,0.26860345271298725,0.472822318623207,0.26438278715800045,0.0,0.252487882809479,0.25013766526196446,0.40301980476241184,0.2295569460457102,0.2681537773898188,0.26369424181049017,0.26147945588736643,0.483860285623648,0.25462985223412904,0.26106475751022995,0.7827979809802454,0.7464466739861726,0.2951747830372039,0.2564401828755468,0.25797686594174074,0.45731021747190703,0.30740163604937876
0.3348619726247858,0.3066717109270346,0.24470639335250155,0.30221926917681574,0.2947406732179857,0.298223811566781,0.278847866790666,0.3187231693123912,0.3287980106654794,0.31598851147586493,0.3051998267064039,0.304930377806524,0.2992169448504206,0.31359043492310856,0.30123922613545273,0.2816495702319237,0.239886940603242,0.2980780501089846,0.2659358655530514,0.2852992997283007,0.2892640118894668,0.2801535197572017,0.3010357886842483,0.27781018089662035,0.2396919327067093,0.2087407084660834,0.3004599325900048,0.31287927972685226,1.0,0.32457876024785315,0.29255046048931566,0.2872534189102406,0.0,0.2909865293414301,0.28395042375586144,0.3067222673845077,0.2667162448289154,0.2885709088015571,0.1769849665419948,0.2954469942990158,0.28945891210135266,0.29118517863197657,0.2986570897652373,0.3114468535887529,0.31205018596986045,0.3949883343966326,0.2861828388992187,0.28881818797464187,0.30166160540726417,0.6180717204166615
0.39138593588918613,0.30293236437946325,0.2534924547951164,0.27024666874082626,0.3052912677180629,0.2866754560422927,0.2819143135398209,0.27519231539252564,0.41065450295644024,0.281669180988539,0.3099689354235099,0.27219287283656657,0.3095919125851698,0.2663290134266919,0.266060972984172,0.2936692100476157,0.24712878141098005,0.3000154746022291,0.2681799813652226,0.28847182430210994,0.2953425721256925,0.27926551566370295,0.292293968941138,0.28479550612487536,0.24765855101491274,0.22385380418257983,0.29854945298929747,0.26860345271298725,0.32457876024785315,1.0,0.25872633511541854,0.2839324400881649,0.0,0.28271773388765553,0.29036401877969853,0.27034259359282287,0.2710859743017391,0.2874872127370669,0.16812299781169593,0.3070393592857025,0.26247274420691946,0.2959761455679746,0.30355240759970303,0.2734259427847682,0.2684474855351765,0.3234173283365449,0.29239692384897886,0.293890067698647,0.26888961191645766,0.33350744745230276
0.2657129499541956,0.2585988192734543,0.1993351522864133,0.4949665265279607,0.26542115757284923,0.24644275894669865,0.23332367921711594,0.4683502683366755,0.26204716520258386,0.5144192267020246,0.2632193455282501,0.44228070182173196,0.2565557662970622,0.48595950081848194,0.49427459528983264,0.24170049440551222,0.20043195251633195,0.24632126381450004,0.22573841636495529,0.2381137488952223,0.24087076571219013,0.23545245211834087,0.24829116674417895,0.23514931633691716,0.20745237210800027,0.18262982960702423,0.251616383741205,0.472822318623207,0.29255046048931566,0.25872633511541854,1.0,0.2469752059659749,0.0,0.2434742060835301,0.24056716289811875,0.39517167341576975,0.2263647106428014,0.24107372236944125,0.24312380233091957,0.24756875845436577,0.6396638378160296,0.2455110182458059,0.2508186768294306,0.47643359231959936,0.4683454674811207,0.27819521793281954,0.2398542464635538,0.24152918688219738,0.42973788680267555,0.28756768167696345
0.3045909828179715,0.4039859550494511,0.21463710967664373,0.2694049910143742,0.47011931454533307,0.39750802538036123,0.3476944035263996,0.2752296094922264,0.28858998682559156,0.265603282779175,0.47178373575228716,0.2800193490946453,0.5047343762575355,0.25911733115699764,0.2637802326682053,0.35625471914180773,0.4194442795504463,0.45832840142062803,0.4547961082793085,0.34299506830886906,0.47926966104674906,0.4862661654423339,0.49740348178185667,0.4305293523724093,0.41826296193453594,0.3739876914179008,0.4983719135943855,0.26438278715800045,0.2872534189102406,0.2839324400881649,0.2469752059659749,1.0,0.0,0.48938254795610114,0.4169263641093134,0.2591959994270421,0.3391642720068636,0.504746417066946,0.2143981502336605,0.5172749211494208,0.2459539528900344,0.4042788848157379,0.5007576734017812,0.272701580076642,0.2808316361650708,0.2779269681996426,0.4294079785073207,0.42932977217487633,0.25132821050659804,0.2833695943613054
0.0,0.0,0.0,0.0,0.0,0.0,0.0,0.0,0.0,0.0,0.0,0.0,0.0,0.0,0.0,0.0,0.0,0.0,0.0,0.0,0.0,0.0,0.0,0.0,0.0,0.0,0.0,0.0,0.0,0.0,0.0,0.0,1.0,0.0,0.0,0.0,0.0,0.0,0.0,0.0,0.0,0.0,0.0,0.0,0.0,0.0,0.0,0.0,0.0,0.0
0.2980852516807023,0.4014327011483273,0.2160896164410101,0.24989894852782746,0.4610830312464659,0.40264539148790235,0.336744647179557,0.26375084645314106,0.2912417838167546,0.2583809987670065,0.47833064632599875,0.2598018261718199,0.5380523991985264,0.25235457521100546,0.24925691073244527,0.33967955406607864,0.3535167951352468,0.4732613811587577,0.4561151814655612,0.3415495073794369,0.49761610642744447,0.6154995680600712,0.630592060475467,0.39239388620935833,0.3538323865623003,0.3143290155947439,0.5110049144894184,0.252487882809479,0.2909865293414301,0.28271773388765553,0.2434742060835301,0.48938254795610114,0.0,1.0,0.3985524244820553,0.26851729716501016,0.3227909286845836,0.4808591162717345,0.19076162107742423,0.5106415210342998,0.24040167920671196,0.3967256080918776,0.5101650344502257,0.25892178008076694,0.2603668137609475,0.27298188961137637,0.40069654766000784,0.4028965702412671,0.2498311997569177,0.2872925656546408
0.30469913608121035,0.5566410178700775,0.20916518908607995,0.25686633833825323,0.420801525742762,0.539994402678805,0.35766977100210373,0.26845998947927363,0.2854960772498554,0.2627923635610627,0.419496339979911,0.27992774723088054,0.4039997381633478,0.254251145256986,0.2533102904573705,0.3563259261343794,0.4578285343410692,0.40358592636402946,0.3762683291545228,0.3456597605728857,0.4007823226510827,0.394617685334514,0.4078062581621592,0.5986819505208859,0.5421446222273962,0.4447469946867195,0.39718887746962894,0.25013766526196446,0.28395042375586144,0.29036401877969853,0.24056716289811875,0.4169263641093134,0.0,0.3985524244820553,1.0,0.2618255037510282,0.3284207812409744,0.4046879236195702,0.22210353487676138,0.4239360817108737,0.24303743946538026,0.459511278576638,0.40857286126684345,0.26501958000931514,0.2690671223179598,0.27515581345015216,0.4768864128206918,0.4768394575937507,0.25107827262317506,0.2825847837289812
0.2730755413638799,0.2646829907394248,0.21037037676151105,0.4101696395679971,0.26025568975596924,0.26281245896166927,0.27347911295261906,0.40889479010750074,0.27589124214942085,0.4316404519338687,0.27493075731761296,0.403468627854634,0.2606818323178046,0.4120565529037751,0.40686494852807586,0.2711939050422262,0.21956493308378333,0.27335992875573445,0.24836131063883127,0.2680663350076816,0.26563936243218766,0.25837415906926786,0.2712300204411129,0.2553073263232746,0.21971928419907794,0.1957721133604874,0.26077863052541095,0.40301980476241184,0.3067222673845077,0.27034259359282287,0.39517167341576975,0.2591959994270421,0.0,0.26851729716501016,0.2618255037510282,1.0,0.2560135748763085,0.24691012213106067,0.2595616459693154,0.2637881098042828,0.3991220474127841,0.26149038419807313,0.25980980650724894,0.40915068279930344,0.40932672915012147,0.28854725672587567,0.2490293921466631,0.25065207298250947,0.40724420223186064,0.30399679429519477
0.2814969760475865,0.32840961106808775,0.1973173430773133,0.2408102825474172,0.32688082608794533,0.3307035335911107,0.7624730370033939,0.23817795005728604,0.27334570588524043,0.2426320980698602,0.34393645366389536,0.2397508465507291,0.33416466164578484,0.23732884684222433,0.23747252940904218,0.7527669851156875,0.27410375791086705,0.3562888576559776,0.35522216378473426,0.7731826940906396,0.354462029444485,0.34510744819143724,0.36106918406812805,0.32669550518047363,0.2817002843845946,0.24958763050552135,0.32695504811006715,0.2295569460457102,0.2667162448289154,0.2710859743017391,0.2263647106428014,0.3391642720068636,0.0,0.3227909286845836,0.3284207812409744,0.2560135748763085,1.0,0.3072329807319327,0.14404428910140699,0.3209490447070703,0.22418233694117362,0.32241343779192955,0.3292417565107204,0.2369352676809673,0.23510131548418156,0.25285034874642787,0.3087101464360169,0.3108985899085691,0.23117013686469645,0.26548874248594356
0.3065292364557599,0.4103429182135193,0.21221851062195263,0.25442455677635123,0.4628698447406091,0.4005559192902346,0.32217348365005427,0.2804345064216587,0.2857703322783691,0.2617510321800388,0.47269294365743,0.27637998893674354,0.5074383727488088,0.25613986337550654,0.25400667784416986,0.32875777813891405,0.38721570063750244,0.4488186030673782,0.44328790402676677,0.32880128916035745,0.4667473540258048,0.4770480769883173,0.4812247472920631,0.4114560847997789,0.39224108749047415,0.37116114139814993,0.5784308765559953,0.2681537773898188,0.2885709088015571,0.2874872127370669,0.24107372236944125,0.504746417066946,0.0,0.4808591162717345,0.4046879236195702,0.24691012213106067,0.3072329807319327,1.0,0.2197377959309872,0.5381364896120806,0.24682616608804786,0.40007851167101516,0.6078142895305145,0.28030959482601736,0.27530225206506553,0.27814615922883057,0.4368025393255358,0.43582804085363636,0.259345658507639,0.2899479775074332
0.20589155957545258,0.15048520623479245,0.12010944717152028,0.27256525755776817,0.17878640791766154,0.18121454407934245,0.15239533344096112,0.2846618815106724,0.1593826879474578,0.26194254129312244,0.15633812897770938,0.31192847343449803,0.15014028344022134,0.2535397380236658,0.25549501834390453,0.15966898952153796,0.3448917643603654,0.15527415785373766,0.14413431135719101,0.15301942743234043,0.1549037569122359,0.1503870153193585,0.16045079058263867,0.27774775513400296,0.31797414915530886,0.36685019186267986,0.15051424951324066,0.26369424181049017,0.1769849665419948,0.16812299781169593,0.24312380233091957,0.2143981502336605,0.0,0.19076162107742423,0.22210353487676138,0.2595616459693154,0.14404428910140699,0.2197377959309872,1.0,0.21486960159890567,0.24842425795722067,0.1614340321473674,0.15600459665680266,0.29503533513946456,0.3052463931109457,0.18724652070664327,0.2409527749992164,0.2323044901200526,0.24794281821867536,0.18299826161384736
0.31298070215913953,0.4168451840814339,0.22150322413273005,0.2566350138137724,0.4781051726924104,0.4058114514920236,0.3401042433153715,0.2766265711978809,0.3006573872981976,0.27223771015393183,0.5174117355389591,0.2744766828413938,0.547849676012078,0.2565910679671842,0.2544684065823728,0.3441709839956676,0.38997044211493204,0.49119726731652424,0.47396850921815226,0.3478799618103525,0.5088400689683559,0.5111037332717272,0.5202490983778354,0.42185918271374834,0.389462478387848,0.3682395324609985,0.5502419840985485,0.26147945588736643,0.2954469942990158,0.3070393592857025,0.24756875845436577,0.5172749211494208,0.0,0.5106415210342998,0.4239360817108737,0.2637881098042828,0.3209490447070703,0.5381364896120806,0.21486960159890567,1.0,0.24869424317045097,0.42020412441784016,0.5430859455050054,0.2742308538555037,0.27618517860773206,0.2895623256274431,0.4522940505862866,0.4524400888953064,0.26190181629194864,0.3008266879626853
