../ecoli_genomes/GCF_000163235.1_ASM16323v1_genomic.fna.gz,../ecoli_genomes/GCF_000164555.1_ASM16455v1_genomic.fna.gz,../ecoli_genomes/GCF_000208545.1_ASM20854v2_genomic.fna.gz,../ecoli_genomes/GCF_000233875.1_ASM23387v1_genomic.fna.gz,../ecoli_genomes/GCF_000249735.1_ASM24973v2_genomic.fna.gz,../ecoli_genomes/GCF_000261145.1_Esch_coli_M919_V2_genomic.fna.gz,../ecoli_genomes/GCF_000267705.2_ASM26770v2_genomic.fna.gz,../ecoli_genomes/GCF_000350665.1_Esch_coli_KTE5_V1_genomic.fna.gz,../ecoli_genomes/GCF_000351625.1_Esch_coli_KTE66_V1_genomic.fna.gz,../ecoli_genomes/GCF_000352285.1_Esch_coli_KTE46_V1_genomic.fna.gz,../ecoli_genomes/GCF_000358895.1_ASM35889v1_genomic.fna.gz,../ecoli_genomes/GCF_000456385.1_Esch_coli_HVH_26_4-5703913_V1_genomic.fna.gz,../ecoli_genomes/GCF_000458195.1_Esch_coli_HVH_147_4-5893887_V1_genomic.fna.gz,../ecoli_genomes/GCF_000459755.1_Esch_coli_KOEGE_58_171a_V1_genomic.fna.gz,../ecoli_genomes/GCF_000460055.1_Esch_coli_UMEA_3053-1_V1_genomic.fna.gz,../ecoli_genomes/GCF_000462165.2_ASM46216v2_genomic.fna.gz,../ecoli_genomes/GCF_000601135.1_ASM60113v1_genomic.fna.gz,../ecoli_genomes/GCF_000614595.1_Ec2010EL1058_genomic.fna.gz,../ecoli_genomes/GCF_000617745.1_Ec2010C-4529_genomic.fna.gz,../ecoli_genomes/GCF_000618265.2_EcF6751_genomic.fna.gz,../ecoli_genomes/GCF_000619005.2_Ec2009C-4052_genomic.fna.gz,../ecoli_genomes/GCF_000619105.1_Ec2009C-4780_genomic.fna.gz,../ecoli_genomes/GCF_000619765.2_Ec2009C-3279_genomic.fna.gz,../ecoli_genomes/GCF_000687005.1_ASM68700v1_genomic.fna.gz,../ecoli_genomes/GCF_000687025.1_ASM68702v1_genomic.fna.gz,../ecoli_genomes/GCF_000700125.1_ASM70012v1_genomic.fna.gz,../ecoli_genomes/GCF_000753315.1_FHI35_genomic.fna.gz,../ecoli_genomes/GCF_000776375.1_ASM77637v1_genomic.fna.gz,../ecoli_genomes/GCF_000779395.1_ASM77939v1_genomic.fna.gz,../ecoli_genomes/GCF_000780315.1_ASM78031v1_genomic.fna.gz,../ecoli_genomes/GCF_000781995.1_ASM78199v1_genomic.fna.gz,../ecoli_genomes/GCF_000986765.1_ASM98676v1_genomic.fna.gz,../ecoli_genomes/GCF_001041375.1_ViralProj287958_genomic.fna.gz,../ecoli_genomes/GCF_001265335.1_302014_genomic.fna.gz,../ecoli_genomes/GCF_001265625.1_100854_genomic.fna.gz,../ecoli_genomes/GCF_001267345.1_303289_genomic.fna.gz,../ecoli_genomes/GCF_001309985.1_ASM130998v1_genomic.fna.gz,../ecoli_genomes/GCF_001521695.1_ASM152169v1_genomic.fna.gz,../ecoli_genomes/GCF_001592595.1_ASM159259v1_genomic.fna.gz,../ecoli_genomes/GCF_001614975.1_ASM161497v1_genomic.fna.gz,../ecoli_genomes/GCF_001692775.1_ASM169277v1_genomic.fna.gz,../ecoli_genomes/GCF_001748915.1_ASM174891v1_genomic.fna.gz,../ecoli_genomes/GCF_001749235.1_ASM174923v1_genomic.fna.gz,../ecoli_genomes/GCF_001881155.1_ASM188115v1_genomic.fna.gz,../ecoli_genomes/GCF_001881345.1_ASM188134v1_genomic.fna.gz,../ecoli_genomes/GCF_001892405.1_ASM189240v1_genomic.fna.gz,../ecoli_genomes/GCF_001892585.1_ASM189258v1_genomic.fna.gz,../ecoli_genomes/GCF_001893985.1_ASM189398v1_genomic.fna.gz,../ecoli_genomes/GCF_002001595.1_ASM200159v1_genomic.fna.gz,../ecoli_genomes/GCF_002002145.1_ASM200214v1_genomic.fna.gz
1.0,0.3164207472911008,0.2478789215477134,0.2784937494194939,0.28742903645727613,0.2909924574038576,0.3002295563404277,0.2899364663945775,0.3938064513152746,0.28992768889411935,0.3185058009087751,0.2792764711688861,0.3148756707236485,0.27177317647374377,0.2627970923456536,0.3018243084263561,0.26463850665403965,0.30449160474806547,0.3002150109740388,0.30149895720505837,0.2938423999103532,0.2895711743970535,0.3113048662072381,0.28371305112763,0.2825893370183723,0.23256637128301239,0.30915930973844463,0.273255371399452,0.33577778956097293,0.37694355848000083,0.2560575476450869,0.30524194576754915,0.0,0.30147240649768925,0.30142277281982377,0.27829213562173793,0.2843145082427466,0.3096415721897985,0.24706485648316212,0.3081712113232439,0.2646508054747677,0.3022845564295157,0.31021949201381394,0.2843413295129704,0.2933644751435005,0.314873131682047,0.2965438486127554,0.29740730894136813,0.2687445862293357,0.3392985576070293
0.3164207472911008,1.0,0.23046325136820356,0.2685589502982553,0.3730830954444462,0.5287419938382885,0.3506781602022949,0.2806181362853958,0.305680213220366,0.27871638324025594,0.4311837409746647,0.2764573798244473,0.42835975283671435,0.2627566668026293,0.2566594577677541,0.34536556814162256,0.3959451814178412,0.4183666759835629,0.39751639333396926,0.35322278912208116,0.4070631588307311,0.39065390742631023,0.4211751876319423,0.4918516084993849,0.49624723269116555,0.3591822200346947,0.4224137165569658,0.27412415299250104,0.3089848941840472,0.31318927456914714,0.2600158740172267,0.4000099427350883,0.0,0.403508627832184,0.5636281144889277,0.2707656095666794,0.3299632102925798,0.4276490836721044,0.23262027387710893,0.42500189524369447,0.25487073632645296,0.4730276367405546,0.4253545541809478,0.2825716272143013,0.2824006545330263,0.28296531882164544,0.4762614808839587,0.4755863783320835,0.27117512639173236,0.30600557243054105
0.2478789215477134,0.23046325136820356,1.0,0.20065992172935232,0.19620667636319522,0.21012964773506837,0.21503937190564293,0.20929037853205879,0.24414937405567028,0.20822075525599926,0.2315722224596074,0.1994889187717428,0.23011774709129418,0.20339482405748177,0.19596967790580944,0.21361754723530946,0.182510503070886,0.22656359225142797,0.21454532427422812,0.21719164909520627,0.2211615457651689,0.2129865505196591,0.2282276107227209,0.1904067955475598,0.19333317134371975,0.16189615869587004,0.22626971428290987,0.2070586058689512,0.24391398219819627,0.2491508805096193,0.1954791898656587,0.21317648897201757,0.0,0.22257100133653096,0.2109832949255196,0.21229035081126346,0.20304386900716953,0.22163218669758822,0.18801190021317282,0.23117458975944694,0.19611816719285613,0.22230058765421656,0.23361366842434472,0.21159074298684422,0.2075045180350915,0.2268028177096557,0.2270182174208234,0.22615906624153925,0.21397646113926472,0.24671884856812898
0.2784937494194939,0.2685589502982553,0.20065992172935232,1.0,0.26434059041524494,0.2535408318376564,0.253963586599962,0.5017505793475403,0.2736239611975505,0.523830255591978,0.26782866864604227,0.5095180124554922,0.28199030557014715,0.5400975055490314,0.5680402506733527,0.25598738892115036,0.22447705535084383,0.26121734091438875,0.25787227341237795,0.25472144483648373,0.2522712788297513,0.2483467488498875,0.2669444344429064,0.24727775393948592,0.24716644193628834,0.19644527626789188,0.2647551251668011,0.5210837052240742,0.2977970227851351,0.2680151136118165,0.49466597073938756,0.2833505638900832,0.0,0.25316102732772183,0.25098013915666095,0.4137153421436093,0.24584442048662525,0.25723669281557204,0.3985109520332767,0.2579744063719587,0.534448150351862,0.25819387703554597,0.26585750572557243,0.5195903842859668,0.5183594956846268,0.2912108769991216,0.2601336905697592,0.2599218420571685,0.44800085314959204,0.3062667468168979
0.28742903645727613,0.3730830954444462,0.19620667636319522,0.26434059041524494,1.0,0.37766020584169335,0.3086677700332022,0.2700202511554497,0.28366483928295083,0.2696126740315876,0.48548555810312544,0.25309381021408406,0.452897161784359,0.25662158086701714,0.26776055523595366,0.3243986916825906,0.3760550097579859,0.38986643720973246,0.38928832562659366,0.3103412370293731,0.39615157375729604,0.37762886627754144,0.40127518556555464,0.40093552249209463,0.38107362700198166,0.34075154591337264,0.4109642813890281,0.24172237787873985,0.28204844180165045,0.2842484238753973,0.24307075259352173,0.438927816750456,0.0,0.4110732294692231,0.39017369881955943,0.24578830778582994,0.3045052993277785,0.4350910081756172,0.25790916109485984,0.4165257523284843,0.26897328295973,0.38312119284033463,0.4277419088424671,0.2518190906130543,0.25880950692012317,0.260656088957696,0.39113025673651725,0.39411942669826994,0.24175287798967637,0.284680821530814
0.2909924574038576,0.5287419938382885,0.21012964773506837,0.2535408318376564,0.37766020584169335,1.0,0.3451573188155683,0.27027536153780873,0.29118454970638763,0.2551363629647463,0.40619526882583223,0.24947687007037023,0.40919593937314636,0.24821839737828544,0.24433859737471797,0.344470598841378,0.39271794377983604,0.4025235406361687,0.39389205358149815,0.3418407469645305,0.38144647959357325,0.42873632322147104,0.4020812663233587,0.4762385515904549,0.48126706781263273,0.3560040071743522,0.39668221496683465,0.2518655730951608,0.29059262936196595,0.28627591169196076,0.24234102495544552,0.39102270143990026,0.0,0.39938679164817326,0.5322433780771678,0.26630919725386626,0.32359653401217325,0.39632139612114103,0.2470673375776642,0.3990816500212785,0.24600098783553848,0.44676291210446717,0.4059464876207364,0.25849503894976567,0.2600656411140938,0.26774918590061025,0.45271343476021664,0.45484911577996867,0.2504494611568805,0.2917690811224357
0.3002295563404277,0.3506781602022949,0.21503937190564293,0.253963586599962,0.3086677700332022,0.3451573188155683,1.0,0.2590525881162793,0.3028710555266927,0.2549643031598846,0.35947597391847586,0.24928378753692715,0.36076077036052745,0.2497384712147227,0.24350322970024085,0.753760380227351,0.2846489682712523,0.3874116297111503,0.3789064450690205,0.8707722641926253,0.38310570709661096,0.35581446755385426,0.3913686635562893,0.3129914408686876,0.30871986261733386,0.26542885199737043,0.3588585799420354,0.2503148134406593,0.2884113393213362,0.3038924686016877,0.24171253090023126,0.3335285369796752,0.0,0.3554032795344547,0.3581430890400986,0.2779273552245911,0.7856752707238485,0.3387093756587377,0.24592483906419138,0.3577167755659305,0.23795560761483237,0.3534171523043529,0.3601134177009173,0.25597079778968734,0.2568151002298198,0.2697282768003162,0.3448586848814692,0.34489691756688956,0.2480287186574308,0.2938606676864154
0.2899364663945775,0.2806181362853958,0.20929037853205879,0.5017505793475403,0.2700202511554497,0.27027536153780873,0.2590525881162793,1.0,0.2783101300602139,0.505588180111191,0.27381489603680853,0.47925344326205566,0.28534109384553863,0.4787614352875539,0.4839835875529508,0.26306727559072307,0.23326350086403635,0.2681283166986398,0.2656459234545737,0.2602467054072627,0.25918404336320455,0.25312889085634316,0.2726250832351912,0.26012123747594285,0.250480968025394,0.2074118612859005,0.27105080623864763,0.6882998650271784,0.3140983904776321,0.27448295759895147,0.46470301111728674,0.27722360146398595,0.0,0.266203981501711,0.2609761539880959,0.4079011216298176,0.24677282221942143,0.27911711258035055,0.40738811646686024,0.27155775386003833,0.4756667260440999,0.2698732796419411,0.2740292138818705,0.6999925497780911,0.6771037275454788,0.29935157407069946,0.2660195853535602,0.26693757596753875,0.4450128606918621,0.31112290244546936
0.3938064513152746,0.305680213220366,0.24414937405567028,0.2736239611975505,0.28366483928295083,0.29118454970638763,0.3028710555266927,0.2783101300602139,1.0,0.2823785144716229,0.31805048272725944,0.26384088999360256,0.3200282663565446,0.2704054533755049,0.26498119004976173,0.3059859865773469,0.2424617254590834,0.30458550085335445,0.29297137246288396,0.30627036825180465,0.29611727735558857,0.2891930099250336,0.30680562010263424,0.27247580401194404,0.26086642226229473,0.22254924082899818,0.3147557300591687,0.26735668660946743,0.3319619932486012,0.4124763259381813,0.25974194060954126,0.2910655852742666,0.0,0.29640211013003137,0.29540288797552805,0.27938967044383956,0.2895272701768907,0.2960804137249101,0.23962605480558674,0.3128963677902008,0.26679527693715266,0.3049082931803584,0.31750748233423465,0.27387910256556613,0.2686647393808832,0.31509901244060967,0.3009164960821529,0.3012635993133075,0.269658484568174,0.34421570338843255
0.28992768889411935,0.27871638324025594,0.20822075525599926,0.523830255591978,0.2696126740315876,0.2551363629647463,0.2549643031598846,0.505588180111191,0.2823785144716229,1.0,0.2793308938253244,0.4765054766872293,0.28854045421305907,0.5009797650532761,0.5054630818797663,0.25900295838269516,0.21728355230083873,0.2651983757702093,0.25871899328386394,0.25708438683420987,0.25477714964008824,0.24967825955526524,0.26334360878839447,0.24078559133824373,0.23616885029781387,0.19712341005890976,0.2719931234356511,0.4971855324838018,0.30778666019045986,0.275448755088317,0.5117206864215647,0.27273320952923574,0.0,0.25677762796091286,0.2521169426613924,0.4226041050675017,0.24560142479578773,0.2615926860886356,0.412136864291226,0.2706522572110872,0.5305474509765362,0.2640619119281524,0.26846661564428365,0.500565774376372,0.5011780080113255,0.2955169994742012,0.2648496201366354,0.2642493402810543,0.4657812484611127,0.30498776626688107
0.3185058009087751,0.4311837409746647,0.2315722224596074,0.26782866864604227,0.48548555810312544,0.40619526882583223,0.35947597391847586,0.27381489603680853,0.31805048272725944,0.2793308938253244,1.0,0.26510603561074,0.5322655437009229,0.27106126717971524,0.2599933244855316,0.35716828017846103,0.3388174631135239,0.4886457736981442,0.46681908786581383,0.3636756945346101,0.484579169701553,0.4655913205931198,0.4923722877177453,0.3818843826432339,0.3636045309606759,0.32070496016031325,0.5149429564892354,0.27019521460474105,0.3054521481829918,0.3180626879571775,0.2602576662640652,0.4503599376789825,0.0,0.472504070055781,0.42956215920756224,0.2827414147657996,0.34098296549611373,0.4787911044281282,0.24107098112832914,0.5225797337372797,0.2590596667397219,0.44509217908964516,0.5104582647930724,0.27459622687670093,0.2730627920661354,0.2908078709315953,0.4372471621466455,0.43645322863637825,0.2701357133914146,0.3138568636995608
0.2792764711688861,0.2764573798244473,0.1994889187717428,0.5095180124554922,0.25309381021408406,0.24947687007037023,0.24928378753692715,0.47925344326205566,0.26384088999360256,0.4765054766872293,0.26510603561074,1.0,0.27189034535233747,0.49523415737727927,0.6040591847530578,0.2533171211515223,0.22642379295148407,0.2526811874394349,0.25179660051596475,0.24916050414754176,0.2511144917118423,0.24460961592892616,0.2611213194742703,0.24759941671285735,0.24184267357506362,0.20238675318656152,0.2598477726267966,0.47859475514792416,0.30591010094892923,0.2647057744057658,0.4454062987304023,0.2658672377155461,0.0,0.2583323740969915,0.2542155553551051,0.3999737510232416,0.2362154963404982,0.2631413709570245,0.3935303376050274,0.26003023923936697,0.4659597815012205,0.2531774666011246,0.2644975775209497,0.48801005101069705,0.48517062774576514,0.2889227868719847,0.2577081635092838,0.25862101201334853,0.42201605392159103,0.2988989552992849
0.3148756707236485,0.42835975283671435,0.23011774709129418,0.28199030557014715,0.452897161784359,0.40919593937314636,0.36076077036052745,0.28534109384553863,0.3200282663565446,0.28854045421305907,0.5322655437009229,0.27189034535233747,1.0,0.26929858420812847,0.277116620439092,0.3678774517263247,0.3383588043770315,0.5075864686252899,0.49480736043173956,0.36440428635680266,0.5173257081341542,0.5263000237498123,0.5626247962996926,0.3840101976314263,0.3610933145880435,0.308445174801941,0.5478463700253693,0.27299110010657623,0.30318708972006925,0.3245497869575641,0.2589164014161204,0.4908655049459798,0.0,0.5357931688270757,0.424467238422252,0.27711095788032003,0.3485824872308956,0.5015755625058896,0.24241067773316838,0.5569443160340739,0.27298073616207863,0.434529909775454,0.5411245143696682,0.2748153642862955,0.2721147223556609,0.2858669298795532,0.4358210826284249,0.4351750744189202,0.27046702266548683,0.31189860907172784
0.27177317647374377,0.2627566668026293,0.20339482405748177,0.5400975055490314,0.25662158086701714,0.24821839737828544,0.2497384712147227,0.4787614352875539,0.2704054533755049,0.5009797650532761,0.27106126717971524,0.49523415737727927,0.26929858420812847,1.0,0.5477252866539601,0.24929864038820304,0.21117443992267482,0.25624140561647135,0.25123388728869855,0.2519458957037224,0.24698062250736053,0.2429726091266763,0.25857131059269356,0.2270055323135055,0.22689343586634225,0.18991383836079334,0.2627755679858522,0.5077418799579381,0.30479009030709237,0.2648002573456013,0.49102055892009544,0.2592079812897291,0.0,0.2506399878001919,0.24779765579929958,0.401723462812442,0.23841859476289284,0.2557561898346553,0.3968274731284036,0.2592425332046444,0.51149390285007,0.2551451150111659,0.26443940935871435,0.5032989319905199,0.49881371939883856,0.29178336494625534,0.2580796515021586,0.25787736249901094,0.4494073745325674,0.3075444958113638
0.2627970923456536,0.2566594577677541,0.19596967790580944,0.5680402506733527,0.26776055523595366,0.24433859737471797,0.24350322970024085,0.4839835875529508,0.26498119004976173,0.5054630818797663,0.2599933244855316,0.6040591847530578,0.277116620439092,0.5477252866539601,1.0,0.24853439888619244,0.21461703033265278,0.2495752632097551,0.24591385304528512,0.24564990138190346,0.24405747958875135,0.24018034702596613,0.25597452861338266,0.23528127184574554,0.23200002318149637,0.19167131642633306,0.25579471215286353,0.4913720598957093,0.2934413305490662,0.2629289502940727,0.4853968412637887,0.26737335643395055,0.0,0.24767117711498932,0.24363892261191578,0.4016457791904475,0.2372473967602261,0.25286771837808464,0.3961817351368475,0.2526175411001258,0.5214660367153596,0.25134989338466907,0.26183448726866454,0.4876136338296364,0.48844416847550287,0.28751763273163466,0.2619776546345961,0.26262202793924916,0.43216967755160396,0.3088029614838802
0.3018243084263561,0.34536556814162256,0.21361754723530946,0.25598738892115036,0.3243986916825906,0.344470598841378,0.753760380227351,0.26306727559072307,0.3059859865773469,0.25900295838269516,0.35716828017846103,0.2533171211515223,0.3678774517263247,0.24929864038820304,0.24853439888619244,1.0,0.2821708851825292,0.3693811567750126,0.37646781686737874,0.7538739989108625,0.36372420294125385,0.37302813369253374,0.3763583465421635,0.31405950693273355,0.3112170970944065,0.28925647204405713,0.35173809880278395,0.24961836804279458,0.28392363207487226,0.30682966758737196,0.24050775493973853,0.33443000194394834,0.0,0.3487658819482947,0.3518600942308232,0.27250838731164284,0.748770298812309,0.3361903091633217,0.23776052862745434,0.34896869704509603,0.244424080792789,0.3469617161685513,0.3537780414335726,0.25520671964624997,0.2566679774178291,0.2712285898034268,0.34165815334280614,0.34287800243083155,0.24901962611071216,0.2892467110500774
0.26463850665403965,0.3959451814178412,0.182510503070886,0.22447705535084383,0.3760550097579859,0.39271794377983604,0.2846489682712523,0.23326350086403635,0.2424617254590834,0.21728355230083873,0.3388174631135239,0.22642379295148407,0.3383588043770315,0.21117443992267482,0.21461703033265278,0.2821708851825292,1.0,0.32753344854140676,0.31747477168556204,0.2848074620960753,0.32091616460936,0.3141241932519875,0.33802715498914704,0.5442554431765345,0.5190393738304939,0.423299102165971,0.32823152962693136,0.21531651508420302,0.27170884441186094,0.24565486830171945,0.2050788614975959,0.4287742279402642,0.0,0.36777751552913607,0.4231244259877196,0.22867346406628963,0.2703059121451291,0.3288717456894523,0.19718268972528408,0.34056104528694964,0.20643286548232243,0.37076328114637647,0.3356486307011225,0.23413115346031865,0.24746791929641,0.23607014465646603,0.3847359897478516,0.39044902842153584,0.20802070150267338,0.25773895819284676
0.30449160474806547,0.4183666759835629,0.22656359225142797,0.26121734091438875,0.38986643720973246,0.4025235406361687,0.3874116297111503,0.2681283166986398,0.30458550085335445,0.2651983757702093,0.4886457736981442,0.2526811874394349,0.5075864686252899,0.25624140561647135,0.2495752632097551,0.3693811567750126,0.32753344854140676,1.0,0.524015044288644,0.3881033014743587,0.5153249125376798,0.48763644253910077,0.5246820862878359,0.3643606041166654,0.3563964494494867,0.3007604124613076,0.5039376091397946,0.26206446354293234,0.297940042312802,0.3152404061912967,0.24944360679479805,0.44565816773736955,0.0,0.47268575069093355,0.41378680342532703,0.2826322313482261,0.3644147502286985,0.46097268418780035,0.24453080466250166,0.5023322769845013,0.2478183240584092,0.42346513821354925,0.49643042947293203,0.2633965942982105,0.26284397731517817,0.2783874199816978,0.4220742195188385,0.42115898617053915,0.2573666883757838,0.30770157131004483
0.3002150109740388,0.39751639333396926,0.21454532427422812,0.25787227341237795,0.38928832562659366,0.39389205358149815,0.3789064450690205,0.2656459234545737,0.29297137246288396,0.25871899328386394,0.46681908786581383,0.25179660051596475,0.49480736043173956,0.25123388728869855,0.24591385304528512,0.37646781686737874,0.31747477168556204,0.524015044288644,1.0,0.3779226288341395,0.5014272265411969,0.4822540263109655,0.5020152208831338,0.35910369014505794,0.3553457377905933,0.29777194413340125,0.48527726255202297,0.25525645101656325,0.2859574431901144,0.2978949660392709,0.24296165383729051,0.4392319798599833,0.0,0.4607000650851578,0.4054964801189036,0.2773942903557052,0.3606260135581194,0.4510922000277614,0.23952114292034743,0.4814464017469302,0.24373738872155026,0.4124509971388527,0.4815443840221352,0.2613204180969547,0.26027430231692705,0.2730452543795009,0.4056480395614356,0.4061995531599911,0.2518270348099846,0.29430573024533657
0.30149895720505837,0.35322278912208116,0.21719164909520627,0.25472144483648373,0.3103412370293731,0.3418407469645305,0.8707722641926253,0.2602467054072627,0.30627036825180465,0.25708438683420987,0.3636756945346101,0.24916050414754176,0.36440428635680266,0.2519458957037224,0.24564990138190346,0.7538739989108625,0.2848074620960753,0.3881033014743587,0.3779226288341395,1.0,0.3838004801506346,0.35487282749596394,0.39042203863236313,0.3135707382067163,0.31029809672545605,0.2653670371477528,0.362911327013123,0.2522784864019636,0.2901566214570265,0.30717269353362553,0.24346505844659272,0.33560795759880024,0.0,0.35301214971056905,0.3583582921389905,0.27517599969521467,0.7949723258178558,0.3420813674618185,0.23705592310868728,0.36232445140079095,0.24052395410315397,0.3564343421693634,0.36362411434470543,0.2567243762955137,0.2557668729117214,0.2729441153633717,0.34898737189782203,0.34902616806775977,0.25084289686696215,0.29661431494533697
0.2938423999103532,0.4070631588307311,0.2211615457651689,0.2522712788297513,0.39615157375729604,0.38144647959357325,0.38310570709661096,0.25918404336320455,0.29611727735558857,0.25477714964008824,0.484579169701553,0.2511144917118423,0.5173257081341542,0.24698062250736053,0.24405747958875135,0.36372420294125385,0.32091616460936,0.5153249125376798,0.5014272265411969,0.3838004801506346,1.0,0.486296889393653,0.5310640278622677,0.3526403445481374,0.3510084120450937,0.307864945498607,0.509204975760476,0.25410650069428486,0.28958562447331315,0.30141865754466346,0.24353805613779977,0.4596768552855226,0.0,0.4911061507350637,0.4115143836355847,0.2766982577739031,0.3644798959865324,0.4675923223822086,0.23860603801771063,0.5124981535101989,0.24322008962225217,0.4095686179917212,0.5003748198349743,0.25861646626800905,0.25987432397346943,0.2791111856443734,0.4161198162933465,0.41537183280952406,0.25291863056031116,0.30015638044343995
0.2895711743970535,0.39065390742631023,0.2129865505196591,0.2483467488498875,0.37762886627754144,0.42873632322147104,0.35581446755385426,0.25312889085634316,0.2891930099250336,0.24967825955526524,0.4655913205931198,0.24460961592892616,0.5263000237498123,0.2429726091266763,0.24018034702596613,0.37302813369253374,0.3141241932519875,0.48763644253910077,0.4822540263109655,0.35487282749596394,0.486296889393653,1.0,0.6672899418099508,0.3423184290640602,0.3388903668677653,0.3095521156701285,0.4893312136792569,0.247595753300348,0.2764661484738219,0.2899297828162922,0.23684637111495732,0.43783296760846047,0.0,0.5773612168936165,0.39111218975403406,0.2621385232880403,0.35041411628579033,0.4523348211324646,0.22958724669197594,0.4942590628092237,0.2371402167777661,0.3942928014085606,0.4885927794958588,0.2537145551976856,0.25023325729131285,0.26630249952573015,0.3940683403966506,0.3930861140693305,0.24819338099843102,0.28869873124566303
0.3113048662072381,0.4211751876319423,0.2282276107227209,0.2669444344429064,0.40127518556555464,0.4020812663233587,0.3913686635562893,0.2726250832351912,0.30680562010263424,0.26334360878839447,0.4923722877177453,0.2611213194742703,0.5626247962996926,0.25857131059269356,0.25597452861338266,0.3763583465421635,0.33802715498914704,0.5246820862878359,0.5020152208831338,0.39042203863236313,0.5310640278622677,0.6672899418099508,1.0,0.36556479534550645,0.3659668299417881,0.30364599218057386,0.5320343106968343,0.2675620940928116,0.29943497313862677,0.30747772989282063,0.25553037049908267,0.4758651633263524,0.0,0.6237007046276581,0.417514376942849,0.284871560232419,0.3682998016193251,0.4839073062332544,0.2545577080678343,0.527728446836278,0.2539484700110409,0.42081159007601865,0.5194100577838506,0.27144593860353805,0.27101371567680776,0.28096383210586184,0.41689619064940353,0.41674808238370376,0.26428169573921045,0.3063039919319538
0.28371305112763,0.4918516084993849,0.1904067955475598,0.24727775393948592,0.40093552249209463,0.4762385515904549,0.3129914408686876,0.26012123747594285,0.27247580401194404,0.24078559133824373,0.3818843826432339,0.24759941671285735,0.3840101976314263,0.2270055323135055,0.23528127184574554,0.31405950693273355,0.5442554431765345,0.3643606041166654,0.35910369014505794,0.3135707382067163,0.3526403445481374,0.3423184290640602,0.36556479534550645,1.0,0.5617937171907036,0.40858207166427374,0.37041780352498577,0.2319243684325103,0.28077437467732846,0.26993020678469604,0.2174604190760523,0.4201362139887097,0.0,0.3833279960863678,0.5218605837918867,0.24235897073267365,0.2988398790716217,0.3578438795503345,0.21541626358399346,0.36923423051041826,0.23337087109011978,0.4213737147127955,0.3703351464299136,0.2468245187264726,0.2566230810604957,0.25155528031836405,0.41886954786994557,0.42174564146504223,0.22302366493303072,0.2688861094268994
0.2825893370183723,0.49624723269116555,0.19333317134371975,0.24716644193628834,0.38107362700198166,0.48126706781263273,0.30871986261733386,0.250480968025394,0.26086642226229473,0.23616885029781387,0.3636045309606759,0.24184267357506362,0.3610933145880435,0.22689343586634225,0.23200002318149637,0.3112170970944065,0.5190393738304939,0.3563964494494867,0.3553457377905933,0.31029809672545605,0.3510084120450937,0.3388903668677653,0.3659668299417881,0.5617937171907036,1.0,0.40949429959432493,0.3611020924953857,0.22770224767225444,0.2728168069267398,0.2578436725947685,0.22032618944390647,0.446700943549482,0.0,0.37371754873121554,0.5169293746003186,0.23949918218591748,0.29971049275011363,0.37609473461390786,0.21310033902264647,0.3610140959917503,0.22889538544022225,0.4087729350091235,0.3694872144181547,0.2523117928938553,0.2637946949280955,0.2533521195284827,0.42000813628779077,0.4246394080790825,0.2293138391720847,0.2686009369886667
0.23256637128301239,0.3591822200346947,0.16189615869587004,0.19644527626789188,0.34075154591337264,0.3560040071743522,0.26542885199737043,0.2074118612859005,0.22254924082899818,0.19712341005890976,0.32070496016031325,0.20238675318656152,0.308445174801941,0.18991383836079334,0.19167131642633306,0.28925647204405713,0.423299102165971,0.3007604124613076,0.29777194413340125,0.2653670371477528,0.307864945498607,0.3095521156701285,0.30364599218057386,0.40858207166427374,0.40949429959432493,1.0,0.30550279872486275,0.19536511332817008,0.23359906255573903,0.22224866081543804,0.1852400906299373,0.3305158678461352,0.0,0.32672861353230154,0.39228441800215397,0.20197655264303505,0.26526321259048924,0.32042086684450255,0.17743962664734014,0.31049324316037175,0.18916767218308517,0.3532072222797028,0.308560008785433,0.21582527356931147,0.21609426257794695,0.20879789012172623,0.35473571750422894,0.37217533971202554,0.19563782714618583,0.22614931595541032
0.30915930973844463,0.4224137165569658,0.22626971428290987,0.2647551251668011,0.4109642813890281,0.39668221496683465,0.3588585799420354,0.27105080623864763,0.3147557300591687,0.2719931234356511,0.5149429564892354,0.2598477726267966,0.5478463700253693,0.2627755679858522,0.25579471215286353,0.35173809880278395,0.32823152962693136,0.5039376091397946,0.48527726255202297,0.362911327013123,0.509204975760476,0.4893312136792569,0.5320343106968343,0.37041780352498577,0.3611020924953857,0.30550279872486275,1.0,0.264566426824165,0.30332781371102613,0.31334557005585273,0.2560823707804485,0.4770428033788896,0.0,0.49242141287858276,0.41954553706266595,0.2786991718433762,0.34145010665623543,0.5778570287646925,0.2339043039675167,0.5521853460043278,0.25581650893614083,0.43031042522483387,0.6231469696284682,0.27123178172114726,0.26545835198925616,0.2865217265759622,0.4244330948343309,0.4241280892189092,0.26491272259273124,0.3100754579834901
0.273255371399452,0.27412415299250104,0.2070586058689512,0.5210837052240742,0.24172237787873985,0.2518655730951608,0.2503148134406593,0.6882998650271784,0.26735668660946743,0.4971855324838018,0.27019521460474105,0.47859475514792416,0.27299110010657623,0.5077418799579381,0.4913720598957093,0.24961836804279458,0.21531651508420302,0.26206446354293234,0.25525645101656325,0.2522784864019636,0.25410650069428486,0.247595753300348,0.2675620940928116,0.2319243684325103,0.22770224767225444,0.19536511332817008,0.264566426824165,1.0,0.30740332671449955,0.2673402297305507,0.46842673728981765,0.2619920910922886,0.0,0.2537293705293334,0.25191022820955733,0.4002394128291099,0.2362849132103524,0.2677142961671607,0.3962815302490935,0.26527754926380454,0.4816235866987376,0.2604321459113519,0.2634818857958071,0.7822157850796065,0.7495936725589003,0.2912050873327783,0.25764940152442817,0.2574480876183467,0.4534881269569182,0.3003173082021554
0.33577778956097293,0.3089848941840472,0.24391398219819627,0.2977970227851351,0.28204844180165045,0.29059262936196595,0.2884113393213362,0.3140983904776321,0.3319619932486012,0.30778666019045986,0.3054521481829918,0.30591010094892923,0.30318708972006925,0.30479009030709237,0.2934413305490662,0.28392363207487226,0.27170884441186094,0.297940042312802,0.2859574431901144,0.2901566214570265,0.28958562447331315,0.2764661484738219,0.29943497313862677,0.28077437467732846,0.2728168069267398,0.23359906255573903,0.30332781371102613,0.30740332671449955,1.0,0.3278084003004139,0.29479290119310353,0.29460781236126754,0.0,0.2968027904521662,0.29659735957634026,0.310156544571609,0.2739559475494856,0.2970141524258455,0.2726206372389195,0.3032009051772597,0.28565887341337126,0.2953709565093594,0.2998948831294921,0.30863887040677385,0.3098978579774456,0.39250655577709015,0.29157817742921466,0.29061275094222405,0.3060002082336044,0.6126569892821524
0.37694355848000083,0.31318927456914714,0.2491508805096193,0.2680151136118165,0.2842484238753973,0.28627591169196076,0.3038924686016877,0.27448295759895147,0.4124763259381813,0.275448755088317,0.3180626879571775,0.2647057744057658,0.3245497869575641,0.2648002573456013,0.2629289502940727,0.30682966758737196,0.24565486830171945,0.3152404061912967,0.2978949660392709,0.30717269353362553,0.30141865754466346,0.2899297828162922,0.30747772989282063,0.26993020678469604,0.2578436725947685,0.22224866081543804,0.31334557005585273,0.2673402297305507,0.3278084003004139,1.0,0.2577095910627746,0.2890421836508211,0.0,0.293108959740805,0.293403601683339,0.2757184101199145,0.29107684474632145,0.30026912465782096,0.23541691533894826,0.3254328312203333,0.2616479166900919,0.30341586740887416,0.31539668348115724,0.2718786512762439,0.26786138435530293,0.3244758942636983,0.3051091908271707,0.30530466206142004,0.2649758829312354,0.3409856521400808
0.2560575476450869,0.2600158740172267,0.1954791898656587,0.49466597073938756,0.24307075259352173,0.24234102495544552,0.24171253090023126,0.46470301111728674,0.25974194060954126,0.5117206864215647,0.2602576662640652,0.4454062987304023,0.2589164014161204,0.49102055892009544,0.4853968412637887,0.24050775493973853,0.2050788614975959,0.24944360679479805,0.24296165383729051,0.24346505844659272,0.24353805613779977,0.23684637111495732,0.25553037049908267,0.2174604190760523,0.22032618944390647,0.1852400906299373,0.2560823707804485,0.46842673728981765,0.29479290119310353,0.2577095910627746,1.0,0.24618153963491962,0.0,0.24931248411340945,0.24219682003895393,0.39778668385817806,0.2316329713189207,0.2495428482491866,0.379330832048421,0.256619264126688,0.646835166469655,0.24941516838111988,0.2554463004784753,0.4707398553299075,0.46521390880320346,0.2824526910759284,0.253658632002316,0.25333427056576463,0.4297316204631835,0.292756140606538
0.30524194576754915,0.4000099427350883,0.21317648897201757,0.2833505638900832,0.438927816750456,0.39102270143990026,0.3335285369796752,0.27722360146398595,0.2910655852742666,0.27273320952923574,0.4503599376789825,0.2658672377155461,0.4908655049459798,0.2592079812897291,0.26737335643395055,0.33443000194394834,0.4287742279402642,0.44565816773736955,0.4392319798599833,0.33560795759880024,0.4596768552855226,0.43783296760846047,0.4758651633263524,0.4201362139887097,0.446700943549482,0.3305158678461352,0.4770428033788896,0.2619920910922886,0.29460781236126754,0.2890421836508211,0.24618153963491962,1.0,0.0,0.46654944204374504,0.40291685305542624,0.25701767662637887,0.321128036361362,0.47390383817167436,0.23495878375483437,0.48930821607367614,0.26140950267275,0.40117942757251723,0.49182564459238287,0.2659356867690915,0.27710743572924446,0.274140125894588,0.41455016159670766,0.41595697015165534,0.24740669460832632,0.2896362889611255
0.0,0.0,0.0,0.0,0.0,0.0,0.0,0.0,0.0,0.0,0.0,0.0,0.0,0.0,0.0,0.0,0.0,0.0,0.0,0.0,0.0,0.0,0.0,0.0,0.0,0.0,0.0,0.0,0.0,0.0,0.0,0.0,1.0,0.0,0.0,0.0,0.0,0.0,0.0,0.0,0.0,0.0,0.0,0.0,0.0,0.0,0.0,0.0,0.0,0.0
0.30147240649768925,0.403508627832184,0.22257100133653096,0.25316102732772183,0.4110732294692231,0.39938679164817326,0.3554032795344547,0.266203981501711,0.29640211013003137,0.25677762796091286,0.472504070055781,0.2583323740969915,0.5357931688270757,0.2506399878001919,0.24767117711498932,0.3487658819482947,0.36777751552913607,0.47268575069093355,0.4607000650851578,0.35301214971056905,0.4911061507350637,0.5773612168936165,0.6237007046276581,0.3833279960863678,0.37371754873121554,0.32672861353230154,0.49242141287858276,0.2537293705293334,0.2968027904521662,0.293108959740805,0.24931248411340945,0.46654944204374504,0.0,1.0,0.4221992913065662,0.28274825257066494,0.3329388760810139,0.46355806607732386,0.25708479182649835,0.5004707036354601,0.24609864316663566,0.4099188988163558,0.5009079972629846,0.2612362799159935,0.26463539345226095,0.2715954384872352,0.4084775930120699,0.40949472992462976,0.2504209936868159,0.29686530080545714
0.30142277281982377,0.5636281144889277,0.2109832949255196,0.25098013915666095,0.39017369881955943,0.5322433780771678,0.3581430890400986,0.2609761539880959,0.29540288797552805,0.2521169426613924,0.42956215920756224,0.2542155553551051,0.424467238422252,0.24779765579929958,0.24363892261191578,0.3518600942308232,0.4231244259877196,0.41378680342532703,0.4054964801189036,0.3583582921389905,0.4115143836355847,0.39111218975403406,0.417514376942849,0.5218605837918867,0.5169293746003186,0.39228441800215397,0.41954553706266595,0.25191022820955733,0.29659735957634026,0.293403601683339,0.24219682003895393,0.40291685305542624,0.0,0.4221992913065662,1.0,0.26222331383474495,0.3353309683608129,0.40365445733861305,0.23355519886023035,0.41876142137555517,0.23951340425432754,0.4739841378886498,0.4252689681030294,0.25813438038716363,0.2610540063418103,0.27019710734702196,0.46846998090268954,0.4688203406629061,0.24500748650147985,0.29113334647567357
0.27829213562173793,0.2707656095666794,0.21229035081126346,0.4137153421436093,0.24578830778582994,0.26630919725386626,0.2779273552245911,0.4079011216298176,0.27938967044383956,0.4226041050675017,0.2827414147657996,0.3999737510232416,0.27711095788032003,0.401723462812442,0.4016457791904475,0.27250838731164284,0.22867346406628963,0.2826322313482261,0.2773942903557052,0.27517599969521467,0.2766982577739031,0.2621385232880403,0.284871560232419,0.24235897073267365,0.23949918218591748,0.20197655264303505,0.2786991718433762,0.4002394128291099,0.310156544571609,0.2757184101199145,0.39778668385817806,0.25701767662637887,0.0,0.28274825257066494,0.26222331383474495,1.0,0.2608867061646677,0.26599610292111797,0.3997886239823818,0.27947696379255327,0.39835289280965935,0.2686843034232581,0.27264510032765377,0.41191976717149403,0.4120312768007628,0.29160237098983743,0.26511561812849926,0.2645144092453171,0.407852418159918,0.3132348480146444
0.2843145082427466,0.3299632102925798,0.20304386900716953,0.24584442048662525,0.3045052993277785,0.32359653401217325,0.7856752707238485,0.24677282221942143,0.2895272701768907,0.24560142479578773,0.34098296549611373,0.2362154963404982,0.3485824872308956,0.23841859476289284,0.2372473967602261,0.748770298812309,0.2703059121451291,0.3644147502286985,0.3606260135581194,0.7949723258178558,0.3644798959865324,0.35041411628579033,0.3682998016193251,0.2988398790716217,0.29971049275011363,0.26526321259048924,0.34145010665623543,0.2362849132103524,0.2739559475494856,0.29107684474632145,0.2316329713189207,0.321128036361362,0.0,0.3329388760810139,0.3353309683608129,0.2608867061646677,1.0,0.32543988047622574,0.2281816477793579,0.3375471827990002,0.2310086529842197,0.336505819807164,0.3451363889574379,0.241227959371769,0.24143251006734645,0.2588715698180176,0.32720964721255685,0.3274846531117638,0.23549439358814128,0.2797260986422154
0.3096415721897985,0.4276490836721044,0.22163218669758822,0.25723669281557204,0.4350910081756172,0.39632139612114103,0.3387093756587377,0.27911711258035055,0.2960804137249101,0.2615926860886356,0.4787911044281282,0.2631413709570245,0.5015755625058896,0.2557561898346553,0.25286771837808464,0.3361903091633217,0.3288717456894523,0.46097268418780035,0.4510922000277614,0.3420813674618185,0.4675923223822086,0.4523348211324646,0.4839073062332544,0.3578438795503345,0.37609473461390786,0.32042086684450255,0.5778570287646925,0.2677142961671607,0.2970141524258455,0.30026912465782096,0.2495428482491866,0.47390383817167436,0.0,0.46355806607732386,0.40365445733861305,0.26599610292111797,0.32543988047622574,1.0,0.24685170454699346,0.5123316488502268,0.2520152478362977,0.4155855062554562,0.6159241545085952,0.27600845833586796,0.26870067659920405,0.2755495335410326,0.42348068310271925,0.4250386151097365,0.265095983562878,0.3015962006912519
0.24706485648316212,0.23262027387710893,0.18801190021317282,0.3985109520332767,0.25790916109485984,0.2470673375776642,0.24592483906419138,0.40738811646686024,0.23962605480558674,0.412136864291226,0.24107098112832914,0.3935303376050274,0.24241067773316838,0.3968274731284036,0.3961817351368475,0.23776052862745434,0.19718268972528408,0.24453080466250166,0.23952114292034743,0.23705592310868728,0.23860603801771063,0.22958724669197594,0.2545577080678343,0.21541626358399346,0.21310033902264647,0.17743962664734014,0.2339043039675167,0.3962815302490935,0.2726206372389195,0.23541691533894826,0.379330832048421,0.23495878375483437,0.0,0.25708479182649835,0.23355519886023035,0.3997886239823818,0.2281816477793579,0.24685170454699346,1.0,0.2423931099068778,0.38585438538884076,0.23897307997792894,0.2414614460368607,0.4044668340335651,0.40634589885718253,0.25881708256219715,0.2403121448684995,0.23998415703633125,0.38199035359239375,0.2821064155770536
0.3081712113232439,0.42500189524369447,0.23117458975944694,0.2579744063719587,0.4165257523284843,0.3990816500212785,0.3577167755659305,0.27155775386003833,0.3128963677902008,0.2706522572110872,0.5225797337372797,0.26003023923936697,0.5569443160340739,0.2592425332046444,0.2526175411001258,0.34896869704509603,0.34056104528694964,0.5023322769845013,0.4814464017469302,0.36232445140079095,0.5124981535101989,0.4942590628092237,0.527728446836278,0.36923423051041826,0.3610140959917503,0.31049324316037175,0.5521853460043278,0.26527754926380454,0.3032009051772597,0.3254328312203333,0.256619264126688,0.48930821607367614,0.0,0.5004707036354601,0.41876142137555517,0.27947696379255327,0.3375471827990002,0.5123316488502268,0.2423931099068778,1.0,0.25285280482308514,0.4337874040452372,0.5489579163378053,0.26930412359960987,0.2688115486288901,0.291260618713569,0.4472152368178064,0.4460388207385234,0.26681003179366314,0.31658159942478203
