../ecoli_genomes/GCF_000163235.1_ASM16323v1_genomic.fna.gz,../ecoli_genomes/GCF_000164555.1_ASM16455v1_genomic.fna.gz,../ecoli_genomes/GCF_000208545.1_ASM20854v2_genomic.fna.gz,../ecoli_genomes/GCF_000233875.1_ASM23387v1_genomic.fna.gz,../ecoli_genomes/GCF_000249735.1_ASM24973v2_genomic.fna.gz,../ecoli_genomes/GCF_000261145.1_Esch_coli_M919_V2_genomic.fna.gz,../ecoli_genomes/GCF_000267705.2_ASM26770v2_genomic.fna.gz,../ecoli_genomes/GCF_000350665.1_Esch_coli_KTE5_V1_genomic.fna.gz,../ecoli_genomes/GCF_000351625.1_Esch_coli_KTE66_V1_genomic.fna.gz,../ecoli_genomes/GCF_000352285.1_Esch_coli_KTE46_V1_genomic.fna.gz,../ecoli_genomes/GCF_000358895.1_ASM35889v1_genomic.fna.gz,../ecoli_genomes/GCF_000456385.1_Esch_coli_HVH_26_4-5703913_V1_genomic.fna.gz,../ecoli_genomes/GCF_000458195.1_Esch_coli_HVH_147_4-5893887_V1_genomic.fna.gz,../ecoli_genomes/GCF_000459755.1_Esch_coli_KOEGE_58_171a_V1_genomic.fna.gz,../ecoli_genomes/GCF_000460055.1_Esch_coli_UMEA_3053-1_V1_genomic.fna.gz,../ecoli_genomes/GCF_000462165.2_ASM46216v2_genomic.fna.gz,../ecoli_genomes/GCF_000601135.1_ASM60113v1_genomic.fna.gz,../ecoli_genomes/GCF_000614595.1_Ec2010EL1058_genomic.fna.gz,../ecoli_genomes/GCF_000617745.1_Ec2010C-4529_genomic.fna.gz,../ecoli_genomes/GCF_000618265.2_EcF6751_genomic.fna.gz,../ecoli_genomes/GCF_000619005.2_Ec2009C-4052_genomic.fna.gz,../ecoli_genomes/GCF_000619105.1_Ec2009C-4780_genomic.fna.gz,../ecoli_genomes/GCF_000619765.2_Ec2009C-3279_genomic.fna.gz,../ecoli_genomes/GCF_000687005.1_ASM68700v1_genomic.fna.gz,../ecoli_genomes/GCF_000687025.1_ASM68702v1_genomic.fna.gz,../ecoli_genomes/GCF_000700125.1_ASM70012v1_genomic.fna.gz,../ecoli_genomes/GCF_000753315.1_FHI35_genomic.fna.gz,../ecoli_genomes/GCF_000776375.1_ASM77637v1_genomic.fna.gz,../ecoli_genomes/GCF_000779395.1_ASM77939v1_genomic.fna.gz,../ecoli_genomes/GCF_000780315.1_ASM78031v1_genomic.fna.gz,../ecoli_genomes/GCF_000781995.1_ASM78199v1_genomic.fna.gz,../ecoli_genomes/GCF_000986765.1_ASM98676v1_genomic.fna.gz,../ecoli_genomes/GCF_001041375.1_ViralProj287958_genomic.fna.gz,../ecoli_genomes/GCF_001265335.1_302014_genomic.fna.gz,../ecoli_genomes/GCF_001265625.1_100854_genomic.fna.gz,../ecoli_genomes/GCF_001267345.1_303289_genomic.fna.gz,../ecoli_genomes/GCF_001309985.1_ASM130998v1_genomic.fna.gz,../ecoli_genomes/GCF_001521695.1_ASM152169v1_genomic.fna.gz,../ecoli_genomes/GCF_001592595.1_ASM159259v1_genomic.fna.gz,../ecoli_genomes/GCF_001614975.1_ASM161497v1_genomic.fna.gz,../ecoli_genomes/GCF_001692775.1_ASM169277v1_genomic.fna.gz,../ecoli_genomes/GCF_001748915.1_ASM174891v1_genomic.fna.gz,../ecoli_genomes/GCF_001749235.1_ASM174923v1_genomic.fna.gz,../ecoli_genomes/GCF_001881155.1_ASM188115v1_genomic.fna.gz,../ecoli_genomes/GCF_001881345.1_ASM188134v1_genomic.fna.gz,../ecoli_genomes/GCF_001892405.1_ASM189240v1_genomic.fna.gz,../ecoli_genomes/GCF_001892585.1_ASM189258v1_genomic.fna.gz,../ecoli_genomes/GCF_001893985.1_ASM189398v1_genomic.fna.gz,../ecoli_genomes/GCF_002001595.1_ASM200159v1_genomic.fna.gz,../ecoli_genomes/GCF_002002145.1_ASM200214v1_genomic.fna.gz
1.0,0.7985998596303263,0.7777965807518734,0.77833545029666,0.7654600036005761,0.782073200343266,0.7876710081452041,0.7829998312949906,0.8070768491561915,0.7792776431749494,0.7897635517828597,0.7856256507532982,0.7896525256316483,0.7706766707390287,0.7687687078550303,0.7848253517565056,0.7299820794057139,0.7902990839995954,0.7671566035304245,0.7932982910215309,0.7805425482033324,0.7668022522025133,0.8003177044270094,0.7569459992243817,0.731850451372327,0.6628790122614565,0.791059538668057,0.7808422182025516,0.800901844875956,0.8094829793567206,0.7658953163015859,0.7821296465549674,0.0650685626938563,0.7901665016600561,0.7744805392815013,0.781196442880492,0.7817529427527581,0.7906225852156153,0.7112510680087547,0.7973080501799985,0.7673630087648198,0.7863013954966339,0.7938966755690123,0.7825727076759152,0.7858422061398858,0.7849565923265266,0.786178031515897,0.7863314967658106,0.7759361699188865,0.8024268158951051
0.7985998596303263,1.0,0.7799954911188717,0.7738511392559271,0.7942057220000245,0.8353707070131091,0.8017460036244579,0.7776588986359936,0.7868402040267608,0.7822483025708976,0.8260793972380533,0.7841093471061257,0.820358732806155,0.7735524663699684,0.7674862643651588,0.8042706210990629,0.7444666565649423,0.8157948742843385,0.7978688941545189,0.8023320559276823,0.8100911794111882,0.802255865912278,0.8233807957351608,0.796795274794899,0.7695987113407577,0.6788328181456018,0.820550011804572,0.7769196574151109,0.7896225768786902,0.787062440860947,0.7627234537872847,0.8034805790259096,0.06456294576193389,0.8115802649803197,0.8344703910795974,0.7851198605150134,0.7919244773631486,0.8144402637371687,0.69607574801459,0.824222327547277,0.7627834077378862,0.825726009237683,0.8229706288720174,0.7833125668529324,0.7806309438369431,0.775223223459211,0.8227325886234476,0.8231178545499996,0.7820659716564209,0.7891370764474329
0.7777965807518734,0.7799954911188717,1.0,0.7630253265734654,0.74846610706798,0.7596165952552661,0.7721447661608842,0.7600230013051568,0.7697669461866921,0.7621826313657527,0.7712270192334609,0.7596727305941364,0.7764560578330396,0.7619332294996308,0.7565363810999539,0.7710529747870036,0.7001965608630838,0.7774958263490357,0.7542534837997277,0.7769978276468528,0.7734298192692344,0.7584394911752972,0.7827418133664616,0.7301289247571288,0.709510562464484,0.6380396930642533,0.7752072991251778,0.7625370699198728,0.7738348560838602,0.7807228886259596,0.7496900843481462,0.7593826942368933,0.067486544453633,0.7702254061046021,0.7598580857945927,0.7647032726740091,0.7631068662112528,0.7651997448646938,0.689318740281881,0.7824992861027691,0.7481791214070701,0.7702945123453352,0.7797913105523722,0.7664003770674185,0.7622217391542783,0.7646324239023299,0.7692274905492421,0.7692366955134922,0.7650503279245044,0.7793170381341562
0.77833545029666,0.7738511392559271,0.7630253265734654,1.0,0.769524292199009,0.7615401464027575,0.7695809616667484,0.8330088727816399,0.773776402768979,0.8459970531372474,0.7798087916830482,0.8378976422870159,0.7825717425039336,0.8597226258448434,0.8623991839436167,0.7725747324681426,0.7081516499122887,0.7743188564106919,0.7576250600134062,0.7753064782429882,0.7679169029072994,0.7533236974841147,0.7822629520695275,0.7359584324663137,0.7176836359024962,0.6457740924223037,0.7738142458800158,0.848105585758509,0.7879496365432848,0.7713779415900408,0.8382316588899495,0.7670625575404731,0.057853938950232275,0.7694444931247808,0.7585182476969252,0.8123126241157543,0.7631051975190073,0.762107969224538,0.7294989869433655,0.7811320707094926,0.8422171344956066,0.7733167787958903,0.7746544104590805,0.8479452960358935,0.8445110918222014,0.7839980023390918,0.7625515619917682,0.7621874457846579,0.8254257069079997,0.7929444963985699
0.7654600036005761,0.7942057220000245,0.74846610706798,0.769524292199009,1.0,0.7921962581529327,0.7695106199811067,0.768069279867194,0.7723914011205447,0.7715138279683367,0.8152910828236877,0.759015889197183,0.8202579392211886,0.7593726402169703,0.7687406285648122,0.774651513129861,0.7518399889551367,0.793805980226271,0.7770373022552709,0.772001137761984,0.7935316874099639,0.7727912176226533,0.8024239727436016,0.7807605912506081,0.7539872577008636,0.6817508066171036,0.7995150169909926,0.7598851338507191,0.7682509441696931,0.7668218129251239,0.7550147563549269,0.8043462022190813,0.060642717487986886,0.7980810502502248,0.7860387920447508,0.7573652214970537,0.769487850883772,0.7999036142762708,0.708881197668071,0.8071625095663859,0.7650878877843204,0.7981493937232389,0.8053665418607596,0.7656521266014028,0.7642910036916786,0.7563265281294729,0.7963311077646189,0.7969271512221914,0.7627195491967584,0.7685706996824293
0.782073200343266,0.8353707070131091,0.7596165952552661,0.7615401464027575,0.7921962581529327,1.0,0.8028819190417675,0.7754188517113922,0.7701749961816285,0.7647095126795823,0.8076143760473223,0.7690756927355024,0.802904320332005,0.760180676317911,0.7587191152775775,0.797105081196964,0.7554003837608592,0.8098678119160996,0.7925845093233161,0.7935267547151027,0.797646414011701,0.8038000614846046,0.8092826733027808,0.7981898980778543,0.7755176546870377,0.6886980649524654,0.7938974591217962,0.7657350701735421,0.7790281770603406,0.7693983412137995,0.7516628887750174,0.8071208330418038,0.05822150631965406,0.801562012687613,0.8269315204730683,0.778602618840715,0.7910255604752428,0.7991112017262332,0.7030144384431811,0.8065620103784482,0.7522667930539755,0.8164231833542898,0.8028646904879405,0.7705050483510241,0.7694168201719349,0.7661498245410199,0.8082774330700642,0.8094894652889378,0.765937761290612,0.7788569107053871
0.7876710081452041,0.8017460036244579,0.7721447661608842,0.7695809616667484,0.7695106199811067,0.8028819190417675,1.0,0.7741213978831009,0.7805639527615889,0.7690859671603183,0.7940132332021941,0.7729175351777716,0.7880041554122926,0.7666493737039055,0.7632617585469653,0.9060498018097605,0.7233458310866836,0.8220145768185031,0.787862215301582,0.9366295206303324,0.8134531988105618,0.790386407033014,0.8147920142335472,0.7589593556908281,0.7351821552464493,0.6614508797450366,0.7989727721566623,0.7695585486544652,0.7834376123044258,0.7800290665520953,0.7540408000094263,0.7876019183030175,0.061720192007846286,0.7952939277698114,0.793784987311824,0.784148777897185,0.9181811359888346,0.7798425416241284,0.6983867407739823,0.797085854431695,0.7551319094135451,0.7993339384980308,0.8000556488001329,0.7768526470944258,0.7757023572536916,0.7782591101240461,0.7845784988062745,0.7847806866002325,0.767488071324824,0.7924515688011196
0.7829998312949906,0.7776588986359936,0.7600230013051568,0.8330088727816399,0.768069279867194,0.7754188517113922,0.7741213978831009,1.0,0.7679109311286811,0.8348881724641175,0.780225683913524,0.8298857676759708,0.7817062680929711,0.8307382996317374,0.8205519022135477,0.7749310343890279,0.7139967847176366,0.7814294731069364,0.7647091277873348,0.7767261897423984,0.7743114267589912,0.763053326731362,0.7880179582257636,0.7426748913448791,0.7263000225736128,0.6533946690192313,0.7774988483557372,0.8892292416308787,0.7893338180287218,0.7770397488280633,0.8225495213277609,0.7724344656987467,0.05604999832895341,0.7811476320914363,0.762091771550247,0.8139391695150409,0.7683548331097573,0.7740455100083203,0.7350224299424744,0.7858143140850129,0.821750594151193,0.7834810507691685,0.7779927902775912,0.8890355864656891,0.8821516759285948,0.786161793186158,0.7743813149834208,0.7743726679092426,0.8266845295445512,0.7938809453802463
0.8070768491561915,0.7868402040267608,0.7697669461866921,0.773776402768979,0.7723914011205447,0.7701749961816285,0.7805639527615889,0.7679109311286811,1.0,0.7812888732604499,0.788049786935186,0.7687023076171653,0.7910725017066912,0.7691484965614739,0.7688180783038651,0.7828422530657292,0.7137872573531489,0.785547590352107,0.7626252211553546,0.7887424979513729,0.7791909677957439,0.7681720456253234,0.7907843067425799,0.7511257289005436,0.7242624016321871,0.6488056056125588,0.7906606629332992,0.7669538290476658,0.7860395428923723,0.8196427715632819,0.7640447542571699,0.7753964725066858,0.06516249917691563,0.7799425983863928,0.7711700342627874,0.7685423793899364,0.7773014633551282,0.7797357200817902,0.6883147833595648,0.7926591760088224,0.7662244901879631,0.7815096750797921,0.7932833198724574,0.7681973462454776,0.7653549672254314,0.7753442100447135,0.7818824440453083,0.781591098463242,0.771222120089102,0.7907420540887801
0.7792776431749494,0.7822483025708976,0.7621826313657527,0.8459970531372474,0.7715138279683367,0.7647095126795823,0.7690859671603183,0.8348881724641175,0.7812888732604499,1.0,0.7884091789033595,0.8279963126331545,0.7908108216449408,0.8386345408242893,0.8328211188898929,0.7752914584105348,0.7038158506131891,0.7830582530882348,0.7593532384220789,0.7745861193812337,0.7716945832538376,0.7621340834011967,0.7851403427781799,0.7404233561159699,0.7195847771176651,0.6474056118888581,0.7804026883499082,0.8397609131608468,0.7863142763598945,0.7831149181810979,0.8411148092619447,0.7648383671792581,0.05480511603117211,0.7734745112802439,0.7612237279878099,0.8180101169128661,0.7639517750579745,0.7718909897467401,0.7283409396776427,0.7878753851570973,0.8404627468817332,0.780126451540226,0.7820518600276115,0.8380388983478904,0.838179433657704,0.7805519585002327,0.7707661744544752,0.7700083997578867,0.8328572680076741,0.7885409863759533
0.7897635517828597,0.8260793972380533,0.7712270192334609,0.7798087916830482,0.8152910828236877,0.8076143760473223,0.7940132332021941,0.780225683913524,0.788049786935186,0.7884091789033595,1.0,0.7827360937985595,0.85043523962426,0.7777614791071698,0.7730622801722393,0.8003177593867279,0.7300268456233096,0.830088611069083,0.8129931278852683,0.7949242242114832,0.822663300323951,0.8242936029075264,0.8337267551837921,0.7742610388027308,0.7428686427811175,0.6754237613043079,0.8331017613582687,0.7820734048407878,0.7863057422078991,0.7917645592118514,0.7642268785594625,0.8041998453898921,0.05830279375405134,0.8186801083087988,0.8061149689604854,0.7826924477802992,0.7865215994488529,0.8221352134135824,0.6933863623776136,0.8440470950252297,0.7686887969178963,0.8189468482065427,0.8423278146627607,0.7833345907282865,0.7787057351333831,0.7732474633458225,0.8123023401270757,0.812083604435373,0.7849381816612686,0.7906039140166093
0.7856256507532982,0.7841093471061257,0.7596727305941364,0.8378976422870159,0.759015889197183,0.7690756927355024,0.7729175351777716,0.8298857676759708,0.7687023076171653,0.8279963126331545,0.7827360937985595,1.0,0.7760603305008296,0.8348996221225319,0.8444572476801719,0.7749057824522763,0.7282869614476808,0.7760398102431636,0.7577574579714524,0.7762634675534027,0.7732395079064524,0.7630364549689559,0.7841241234592728,0.7528889739212944,0.735836976899689,0.6742819191966019,0.7707693614939497,0.8327369439537098,0.7862522846748957,0.7755451870651495,0.8131204394072242,0.7654572525700144,0.06012718078871804,0.7791480789170003,0.7658002176099609,0.8172659487277563,0.7662397452500994,0.7750057858726009,0.7523623900366612,0.7884112712806823,0.8168343545318311,0.7713933871797587,0.7780527660039381,0.8372787289152309,0.8369838669461377,0.785697600037056,0.7739639980640722,0.7732955696267632,0.8213405454637559,0.7892119184334224
0.7896525256316483,0.820358732806155,0.7764560578330396,0.7825717425039336,0.8202579392211886,0.802904320332005,0.7880041554122926,0.7817062680929711,0.7910725017066912,0.7908108216449408,0.85043523962426,0.7760603305008296,1.0,0.7761497723384784,0.783104411944836,0.7953390998306169,0.73657656940112,0.8394692032799146,0.8303295198327514,0.795596392871633,0.8319345219044509,0.8305516947921981,0.8537517442092594,0.777106345521863,0.7473658679909339,0.6697158542134007,0.8444224737398416,0.7790464005963967,0.7870772602554789,0.7959567672561536,0.7690280202428617,0.8177694782642692,0.06335982591874911,0.8358028643888296,0.8097187166666208,0.7756908570372114,0.7869978042766255,0.8279334282584521,0.6940779482016316,0.8543431138830615,0.7741377883973299,0.818464874976875,0.8484075554878121,0.7809424177157483,0.7746393737998423,0.7678331168322775,0.8133234542237523,0.8128379293151945,0.7812910982083292,0.7912759631061133
0.7706766707390287,0.7735524663699684,0.7619332294996308,0.8597226258448434,0.7593726402169703,0.760180676317911,0.7666493737039055,0.8307382996317374,0.7691484965614739,0.8386345408242893,0.7777614791071698,0.8348996221225319,0.7761497723384784,1.0,0.854644220178628,0.769625583112671,0.699034305802223,0.7744987380528773,0.7513742728709435,0.7730277169127473,0.7665487298746398,0.7582966954034647,0.78275914183282,0.7293756042380797,0.7115007688426741,0.6405063961312762,0.7738742170614463,0.8470294424649425,0.7869558913215209,0.765895124260032,0.8302546690786818,0.7627633145136564,0.05717130840084561,0.7654737743555909,0.7506666146723612,0.8109180450025278,0.7593199078197796,0.7647134017641779,0.7229811842978058,0.7798002995485779,0.8310780822809151,0.7718557007713729,0.7745823833607984,0.8413680410288897,0.8384366010658102,0.7801455967155076,0.762837504187229,0.7627344580149633,0.8262947156759675,0.787880997744033
0.7687687078550303,0.7674862643651588,0.7565363810999539,0.8623991839436167,0.7687406285648122,0.7587191152775775,0.7632617585469653,0.8205519022135477,0.7688180783038651,0.8328211188898929,0.7730622801722393,0.8444572476801719,0.783104411944836,0.854644220178628,1.0,0.7681165547100829,0.7047211883516271,0.7745074286178365,0.7535834501942383,0.7713219344118718,0.7674442787563185,0.7542038460108889,0.7783593007316915,0.7330806712026354,0.7168522392854191,0.6455299906790612,0.7685825006558357,0.828592677566002,0.7784766132355556,0.766086446078496,0.8328533796136232,0.7678984772925265,0.06192711880032187,0.7673957057211803,0.7529693509300893,0.8050049449063278,0.7613154882585096,0.7643214186606906,0.724533951729441,0.7772912472505619,0.8373648773085935,0.7684191836226856,0.7758922354835582,0.8269987454196563,0.8249606852693707,0.7764014835733617,0.7624111687734906,0.7622445594885806,0.8131492261277896,0.7889027501898205
0.7848253517565056,0.8042706210990629,0.7710529747870036,0.7725747324681426,0.774651513129861,0.797105081196964,0.9060498018097605,0.7749310343890279,0.7828422530657292,0.7752914584105348,0.8003177593867279,0.7749057824522763,0.7953390998306169,0.769625583112671,0.7681165547100829,1.0,0.7229332849293446,0.814394804193069,0.7854659826514006,0.9085793726152527,0.8073766591898321,0.7918529727150483,0.8116223787994443,0.7609017242771106,0.7403896053599672,0.6694447103030144,0.7968996616098472,0.7703680197181009,0.7815345019538675,0.7829877280601807,0.7634134929997423,0.7837706861836812,0.06374950815266056,0.7969211621072572,0.7936363892853733,0.7837824832849867,0.9028366301156702,0.7884990468133602,0.693861047162365,0.7990562819925995,0.7616044812490506,0.7996417346553013,0.8033523476820545,0.7755816766403072,0.7724146931663368,0.7777733638802065,0.7903914043452823,0.7905579114397301,0.7726028545966922,0.790684859942908
0.7299820794057139,0.7444666565649423,0.7001965608630838,0.7081516499122887,0.7518399889551367,0.7554003837608592,0.7233458310866836,0.7139967847176366,0.7137872573531489,0.7038158506131891,0.7300268456233096,0.7282869614476808,0.73657656940112,0.699034305802223,0.7047211883516271,0.7229332849293446,1.0,0.7348412303553281,0.7174647941210981,0.7233800918669275,0.7311608849333884,0.7159652116123539,0.7442339649712635,0.8239002392574033,0.8192889643070544,0.7640865908473462,0.728939690258002,0.7010369083294472,0.7192929192828514,0.7139649918546858,0.6955059649825329,0.76983243124442,0.05987325346132211,0.7455686571097941,0.774097066005998,0.7105973465231746,0.7193441639888313,0.7458800874634266,0.7370165281632444,0.7488899708008434,0.6970049913049925,0.7459714253006108,0.7351482583884532,0.716104908827861,0.7163204368266525,0.7124161099020097,0.7762639300923497,0.7739742074371543,0.7070201891234555,0.7159059393738232
0.7902990839995954,0.8157948742843385,0.7774958263490357,0.7743188564106919,0.793805980226271,0.8098678119160996,0.8220145768185031,0.7814294731069364,0.785547590352107,0.7830582530882348,0.830088611069083,0.7760398102431636,0.8394692032799146,0.7744987380528773,0.7745074286178365,0.814394804193069,0.7348412303553281,1.0,0.8359564040259635,0.826127714743486,0.8494250270733402,0.8273768687362332,0.8570431560252656,0.7719049269292458,0.741860991417425,0.6706450020740315,0.8371014305860783,0.780502756213919,0.7853115527420915,0.7948322366990116,0.765491818573756,0.8064313824302507,0.062143766690566316,0.831150965275124,0.8137392713815541,0.7918693629157865,0.8128234850164235,0.8139731350514208,0.7084574757225053,0.8418089136118427,0.767045080027416,0.8221456736451631,0.8390146504248124,0.7833050058387607,0.779537823345498,0.7789132216727125,0.8143926530474327,0.814549603708897,0.7816216015113036,0.7947721422935683
0.7671566035304245,0.7978688941545189,0.7542534837997277,0.7576250600134062,0.7770373022552709,0.7925845093233161,0.787862215301582,0.7647091277873348,0.7626252211553546,0.7593532384220789,0.8129931278852683,0.7577574579714524,0.8303295198327514,0.7513742728709435,0.7535834501942383,0.7854659826514006,0.7174647941210981,0.8359564040259635,1.0,0.788968687883792,0.8188920436097994,0.8258932683420819,0.8244395602939404,0.7488932401882038,0.7280614131872012,0.6546672216204786,0.8117902213526321,0.7602662807695704,0.7651716628758012,0.7734364615060431,0.7480375456611703,0.7925362615705314,0.06500614556409501,0.8062084640628223,0.7924098638275118,0.7657496406321667,0.7822915828497239,0.7956949706708342,0.6903349115636098,0.8195933469287189,0.74979287248864,0.8002646650678237,0.8146480640558439,0.7647692573481356,0.7573272422692039,0.7561229084470528,0.7861619434419349,0.7869123218992905,0.7583065634609185,0.7692525426621141
0.7932982910215309,0.8023320559276823,0.7769978276468528,0.7753064782429882,0.772001137761984,0.7935267547151027,0.9366295206303324,0.7767261897423984,0.7887424979513729,0.7745861193812337,0.7949242242114832,0.7762634675534027,0.795596392871633,0.7730277169127473,0.7713219344118718,0.9085793726152527,0.7233800918669275,0.826127714743486,0.788968687883792,1.0,0.8191089874707558,0.7869651787665302,0.8210815475901916,0.7583975755015303,0.7356494582091515,0.6596432563883516,0.8074357214701647,0.7737547529188054,0.7906497770671388,0.7888429609496136,0.7602197664183206,0.7858733514022138,0.06322396831840205,0.8001460488629182,0.7946095543821196,0.7857460572519609,0.9188339624083487,0.7877565663366715,0.6999859953078558,0.8061584332390501,0.7608687812934282,0.8065052785529809,0.8103431534043846,0.780306312843366,0.7787862675652553,0.7836406820747615,0.792876092839002,0.7932039186052678,0.7733991258859085,0.8002544870839434
0.7805425482033324,0.8100911794111882,0.7734298192692344,0.7679169029072994,0.7935316874099639,0.797646414011701,0.8134531988105618,0.7743114267589912,0.7791909677957439,0.7716945832538376,0.822663300323951,0.7732395079064524,0.8319345219044509,0.7665487298746398,0.7674442787563185,0.8073766591898321,0.7311608849333884,0.8494250270733402,0.8188920436097994,0.8191089874707558,1.0,0.8176979523858904,0.8519835845803048,0.7672028699246136,0.7377460966133406,0.6698375135353565,0.832832474602538,0.7763406770265744,0.7767617338238832,0.7888717124100366,0.7586087986630083,0.8049282080345833,0.0712718553376035,0.8334328630061956,0.7988592028170924,0.7832916710105732,0.8063370370236917,0.8159659880188788,0.6991933346676873,0.8400571822341162,0.761566508491276,0.8121905967424675,0.833590777708566,0.7800614332578395,0.774632530301696,0.7775301525755707,0.8094435031641333,0.8103164524445327,0.7724912574426747,0.7875067107064073
0.7668022522025133,0.802255865912278,0.7584394911752972,0.7533236974841147,0.7727912176226533,0.8038000614846046,0.790386407033014,0.763053326731362,0.7681720456253234,0.7621340834011967,0.8242936029075264,0.7630364549689559,0.8305516947921981,0.7582966954034647,0.7542038460108889,0.7918529727150483,0.7159652116123539,0.8273768687362332,0.8258932683420819,0.7869651787665302,0.8176979523858904,1.0,0.8609821950713008,0.750643958118784,0.7284378180259855,0.6633502196974483,0.8143064067395175,0.7644899502126363,0.7699380308795837,0.7726207742202322,0.7484349385410498,0.794711737553534,0.06495239863169033,0.8281239652100463,0.7844368220969326,0.7663498658562666,0.7806704472082691,0.8042167716961407,0.6826696240652671,0.8202403003644776,0.7499913665350667,0.789522348146751,0.8232125398603868,0.7650820994077709,0.7578663206528813,0.7550234505366012,0.7851865397445769,0.7853724432714111,0.7604692382819862,0.7707339802721997
0.8003177044270094,0.8233807957351608,0.7827418133664616,0.7822629520695275,0.8024239727436016,0.8092826733027808,0.8147920142335472,0.7880179582257636,0.7907843067425799,0.7851403427781799,0.8337267551837921,0.7841241234592728,0.8537517442092594,0.78275914183282,0.7783593007316915,0.8116223787994443,0.7442339649712635,0.8570431560252656,0.8244395602939404,0.8210815475901916,0.8519835845803048,0.8609821950713008,1.0,0.7754060894389432,0.7502571115736467,0.6752698751220114,0.8533125940278572,0.7873823076427606,0.7913943713340583,0.7941023254746993,0.7702329303536118,0.8226542748631488,0.06840136280285891,0.8683259128671748,0.8090958647790327,0.7876616122223733,0.8085321937026925,0.8306073713592016,0.7105420134744909,0.8521721963282185,0.7742767037638237,0.8206057818757058,0.8518821994505102,0.791964800517918,0.7878416910158803,0.7750589453851707,0.8159346483289744,0.8165475070064587,0.7860234694856185,0.7935655363997596
0.7569459992243817,0.796795274794899,0.7301289247571288,0.7359584324663137,0.7807605912506081,0.7981898980778543,0.7589593556908281,0.7426748913448791,0.7511257289005436,0.7404233561159699,0.7742610388027308,0.7528889739212944,0.777106345521863,0.7293756042380797,0.7330806712026354,0.7609017242771106,0.8239002392574033,0.7719049269292458,0.7488932401882038,0.7583975755015303,0.7672028699246136,0.750643958118784,0.7754060894389432,1.0,0.8197902338305341,0.7419886402709329,0.7680873101840223,0.730162556708172,0.7519472689250033,0.7443693230764341,0.7221708797625666,0.7901422392188142,0.060447455465837296,0.7720632189851286,0.8175926619361131,0.7420374084315533,0.7562688829991454,0.7763598800891331,0.7187044481923095,0.7792179141450608,0.7280079669970481,0.7791473260092482,0.7700550199928916,0.7403099468519845,0.7405341992901464,0.7398204230185694,0.7970564925572234,0.7948584073629485,0.7344106670587853,0.7469898009589255
0.731850451372327,0.7695987113407577,0.709510562464484,0.7176836359024962,0.7539872577008636,0.7755176546870377,0.7351821552464493,0.7263000225736128,0.7242624016321871,0.7195847771176651,0.7428686427811175,0.735836976899689,0.7473658679909339,0.7115007688426741,0.7168522392854191,0.7403896053599672,0.8192889643070544,0.741860991417425,0.7280614131872012,0.7356494582091515,0.7377460966133406,0.7284378180259855,0.7502571115736467,0.8197902338305341,1.0,0.7735183841118616,0.7434330283572675,0.7133068329987367,0.724825043942342,0.7238688959994604,0.7083127517349269,0.7810735917328042,0.06285520427830882,0.7473088020666601,0.7911074363016303,0.7188681925054878,0.7378376239533928,0.7622480652737174,0.7285362644186364,0.7557146145623336,0.7092583997184649,0.7559214260571815,0.7464796255956461,0.7315819002615703,0.7276563893093809,0.7215859691192137,0.7796501757534292,0.7788900444366182,0.7222289945275706,0.7226061790525315
0.6628790122614565,0.6788328181456018,0.6380396930642533,0.6457740924223037,0.6817508066171036,0.6886980649524654,0.6614508797450366,0.6533946690192313,0.6488056056125588,0.6474056118888581,0.6754237613043079,0.6742819191966019,0.6697158542134007,0.6405063961312762,0.6455299906790612,0.6694447103030144,0.7640865908473462,0.6706450020740315,0.6546672216204786,0.6596432563883516,0.6698375135353565,0.6633502196974483,0.6752698751220114,0.7419886402709329,0.7735183841118616,1.0,0.661309435971233,0.6434556758249887,0.6514160009881094,0.6531941617886614,0.6382019998821284,0.6911132188305128,0.059912431762936924,0.6775148664956492,0.7035824729913269,0.6509910556115313,0.6596488709162891,0.6898589615781039,0.688290105474618,0.685127226028414,0.6425397000773977,0.6752657409636217,0.6688589012453695,0.6606718105041183,0.6597790459816615,0.6497179339832342,0.7120782325407466,0.7131997018665099,0.6494491310667516,0.6549198501103082
0.791059538668057,0.820550011804572,0.7752072991251778,0.7738142458800158,0.7995150169909926,0.7938974591217962,0.7989727721566623,0.7774988483557372,0.7906606629332992,0.7804026883499082,0.8331017613582687,0.7707693614939497,0.8444224737398416,0.7738742170614463,0.7685825006558357,0.7968996616098472,0.728939690258002,0.8371014305860783,0.8117902213526321,0.8074357214701647,0.832832474602538,0.8143064067395175,0.8533125940278572,0.7680873101840223,0.7434330283572675,0.661309435971233,1.0,0.7752305134896673,0.7849009230138387,0.7933516269546048,0.7642082959334139,0.8120635321228418,0.06427517874039446,0.8295561741901846,0.8058766402588683,0.7801856774988465,0.7920291393678721,0.8413783470698584,0.6961310775612753,0.8487357491446162,0.7688836021859233,0.8175666529265526,0.8671050080502087,0.7817240347910379,0.7738155935416151,0.7699209976532011,0.8071667737316077,0.8074937701111982,0.7807295991310723,0.7862518783036443
0.7808422182025516,0.7769196574151109,0.7625370699198728,0.848105585758509,0.7598851338507191,0.7657350701735421,0.7695585486544652,0.8892292416308787,0.7669538290476658,0.8397609131608468,0.7820734048407878,0.8327369439537098,0.7790464005963967,0.8470294424649425,0.828592677566002,0.7703680197181009,0.7010369083294472,0.780502756213919,0.7602662807695704,0.7737547529188054,0.7763406770265744,0.7644899502126363,0.7873823076427606,0.730162556708172,0.7133068329987367,0.6434556758249887,0.7752305134896673,1.0,0.7871545371470245,0.7763273337248995,0.8265536601496029,0.7669034983296763,0.05916910721271096,0.7761017471852518,0.7577368624010801,0.8165553884220385,0.7608108530838277,0.7725545921559218,0.7292484598245705,0.785399547629403,0.8283519542356224,0.7801868965008436,0.7763959752628977,0.9225456778822914,0.9097997587194336,0.7858881993483859,0.7684772407329694,0.7681989626207213,0.834064639459929,0.7917118527706294
0.800901844875956,0.7896225768786902,0.7738348560838602,0.7879496365432848,0.7682509441696931,0.7790281770603406,0.7834376123044258,0.7893338180287218,0.7860395428923723,0.7863142763598945,0.7863057422078991,0.7862522846748957,0.7870772602554789,0.7869558913215209,0.7784766132355556,0.7815345019538675,0.7192929192828514,0.7853115527420915,0.7651716628758012,0.7906497770671388,0.7767617338238832,0.7699380308795837,0.7913943713340583,0.7519472689250033,0.724825043942342,0.6514160009881094,0.7849009230138387,0.7871545371470245,1.0,0.7882723846657409,0.7745856187463367,0.7793075928499846,0.06120761327165514,0.7798091100414146,0.7708419570089968,0.787185846689991,0.7767892694750301,0.7711490664931375,0.7003647036164178,0.7911864975033168,0.7680266245623725,0.7761788371492148,0.7828927073798052,0.7848186502980641,0.7873316202241861,0.7989601074719967,0.7768440789171107,0.7769337489984933,0.785317942482485,0.8661318306732694
0.8094829793567206,0.787062440860947,0.7807228886259596,0.7713779415900408,0.7668218129251239,0.7693983412137995,0.7800290665520953,0.7770397488280633,0.8196427715632819,0.7831149181810979,0.7917645592118514,0.7755451870651495,0.7959567672561536,0.765895124260032,0.766086446078496,0.7829877280601807,0.7139649918546858,0.7948322366990116,0.7734364615060431,0.7888429609496136,0.7888717124100366,0.7726207742202322,0.7941023254746993,0.7443693230764341,0.7238688959994604,0.6531941617886614,0.7933516269546048,0.7763273337248995,0.7882723846657409,1.0,0.7662756937975655,0.7707158472554563,0.06529004437910746,0.7805355084922718,0.7713889037705499,0.7792698462708737,0.7769327349666395,0.7790777707953804,0.6946002676809778,0.8026788901165514,0.7638416740644958,0.7859004352422257,0.7943916835651191,0.7787290118640444,0.7734872716339164,0.7848692961769087,0.7835487954792348,0.7835933445677936,0.7752753551119616,0.7987992359133282
0.7658953163015859,0.7627234537872847,0.7496900843481462,0.8382316588899495,0.7550147563549269,0.7516628887750174,0.7540408000094263,0.8225495213277609,0.7640447542571699,0.8411148092619447,0.7642268785594625,0.8131204394072242,0.7690280202428617,0.8302546690786818,0.8328533796136232,0.7634134929997423,0.6955059649825329,0.765491818573756,0.7480375456611703,0.7602197664183206,0.7586087986630083,0.7484349385410498,0.7702329303536118,0.7221708797625666,0.7083127517349269,0.6382019998821284,0.7642082959334139,0.8265536601496029,0.7745856187463367,0.7662756937975655,1.0,0.7542489182401522,0.06369378783995383,0.7608079836818414,0.7432332646135067,0.8020254555618416,0.7536918802270905,0.7556092489662385,0.7146697239372621,0.7688291394155056,0.8678049447644907,0.7643107176786442,0.764773373938771,0.8252474667038289,0.8227403093406728,0.776735198124079,0.7554382143321339,0.7549799986037937,0.8178809282318718,0.7790694938229568
0.7821296465549674,0.8034805790259096,0.7593826942368933,0.7670625575404731,0.8043462022190813,0.8071208330418038,0.7876019183030175,0.7724344656987467,0.7753964725066858,0.7648383671792581,0.8041998453898921,0.7654572525700144,0.8177694782642692,0.7627633145136564,0.7678984772925265,0.7837706861836812,0.76983243124442,0.8064313824302507,0.7925362615705314,0.7858733514022138,0.8049282080345833,0.794711737553534,0.8226542748631488,0.7901422392188142,0.7810735917328042,0.6911132188305128,0.8120635321228418,0.7669034983296763,0.7793075928499846,0.7707158472554563,0.7542489182401522,1.0,0.06754519594194575,0.807576117569224,0.7959728159804892,0.7667163474841203,0.7839816331954368,0.812327593630025,0.7107607363554282,0.8180905644581329,0.7578927848996271,0.8024707292290855,0.817797778718355,0.7694019593734731,0.7713241450979187,0.7628114878448224,0.8036074243852983,0.8038360914989207,0.760990060097452,0.7703929573663074
0.0650685626938563,0.06456294576193389,0.067486544453633,0.057853938950232275,0.060642717487986886,0.05822150631965406,0.061720192007846286,0.05604999832895341,0.06516249917691563,0.05480511603117211,0.05830279375405134,0.06012718078871804,0.06335982591874911,0.05717130840084561,0.06192711880032187,0.06374950815266056,0.05987325346132211,0.062143766690566316,0.06500614556409501,0.06322396831840205,0.0712718553376035,0.06495239863169033,0.06840136280285891,0.060447455465837296,0.06285520427830882,0.059912431762936924,0.06427517874039446,0.05916910721271096,0.06120761327165514,0.06529004437910746,0.06369378783995383,0.06754519594194575,1.0,0.0666326454797812,0.0641858787229923,0.05835864163544968,0.06214479129010231,0.06186330157286213,0.0501849916283994,0.0625050165898644,0.05757386124198938,0.06247332641324033,0.06652124267549253,0.06023079358345185,0.05992825380969424,0.060081758323155876,0.06354932237782673,0.06387783674108405,0.0638326289007829,0.06301807813686244
0.7901665016600561,0.8115802649803197,0.7702254061046021,0.7694444931247808,0.7980810502502248,0.801562012687613,0.7952939277698114,0.7811476320914363,0.7799425983863928,0.7734745112802439,0.8186801083087988,0.7791480789170003,0.8358028643888296,0.7654737743555909,0.7673957057211803,0.7969211621072572,0.7455686571097941,0.831150965275124,0.8062084640628223,0.8001460488629182,0.8334328630061956,0.8281239652100463,0.8683259128671748,0.7720632189851286,0.7473088020666601,0.6775148664956492,0.8295561741901846,0.7761017471852518,0.7798091100414146,0.7805355084922718,0.7608079836818414,0.807576117569224,0.0666326454797812,1.0,0.8028739155733589,0.7881418210432494,0.7936402276715817,0.819904738736256,0.71595061659941,0.8359496991041373,0.7654634670091471,0.8135660263229917,0.8368631730608571,0.7819089291597925,0.7798370818021172,0.7683878670752264,0.8092121775300596,0.8094821650240087,0.7798107415126572,0.7837934681699394
0.7744805392815013,0.8344703910795974,0.7598580857945927,0.7585182476969252,0.7860387920447508,0.8269315204730683,0.793784987311824,0.762091771550247,0.7711700342627874,0.7612237279878099,0.8061149689604854,0.7658002176099609,0.8097187166666208,0.7506666146723612,0.7529693509300893,0.7936363892853733,0.774097066005998,0.8137392713815541,0.7924098638275118,0.7946095543821196,0.7988592028170924,0.7844368220969326,0.8090958647790327,0.8175926619361131,0.7911074363016303,0.7035824729913269,0.8058766402588683,0.7577368624010801,0.7708419570089968,0.7713889037705499,0.7432332646135067,0.7959728159804892,0.0641858787229923,0.8028739155733589,1.0,0.769255818040929,0.7847655392853979,0.8002243516152655,0.7129137609074021,0.8161774305756491,0.7453340904069838,0.8137003336015827,0.8107836995212035,0.7640471543855245,0.7624990362690903,0.75979321083789,0.8172569797335045,0.8172407929163845,0.7609437817430628,0.7743260597620857
0.781196442880492,0.7851198605150134,0.7647032726740091,0.8123126241157543,0.7573652214970537,0.778602618840715,0.784148777897185,0.8139391695150409,0.7685423793899364,0.8180101169128661,0.7826924477802992,0.8172659487277563,0.7756908570372114,0.8109180450025278,0.8050049449063278,0.7837824832849867,0.7105973465231746,0.7918693629157865,0.7657496406321667,0.7857460572519609,0.7832916710105732,0.7663498658562666,0.7876616122223733,0.7420374084315533,0.7188681925054878,0.6509910556115313,0.7801856774988465,0.8165553884220385,0.787185846689991,0.7792698462708737,0.8020254555618416,0.7667163474841203,0.05835864163544968,0.7881418210432494,0.769255818040929,1.0,0.7770382783981846,0.7742032333859714,0.7391356164118088,0.7880440259618112,0.8052429431002731,0.784609529228915,0.7845174432121361,0.8202048044090269,0.8212835021341847,0.7832690781472851,0.7740844117496333,0.7736198389316175,0.8207733478096305,0.7930284478565498
0.7817529427527581,0.7919244773631486,0.7631068662112528,0.7631051975190073,0.769487850883772,0.7910255604752428,0.9181811359888346,0.7683548331097573,0.7773014633551282,0.7639517750579745,0.7865215994488529,0.7662397452500994,0.7869978042766255,0.7593199078197796,0.7613154882585096,0.9028366301156702,0.7193441639888313,0.8128234850164235,0.7822915828497239,0.9188339624083487,0.8063370370236917,0.7806704472082691,0.8085321937026925,0.7562688829991454,0.7378376239533928,0.6596488709162891,0.7920291393678721,0.7608108530838277,0.7767892694750301,0.7769327349666395,0.7536918802270905,0.7839816331954368,0.06214479129010231,0.7936402276715817,0.7847655392853979,0.7770382783981846,1.0,0.777504471156285,0.6930968063030893,0.7890261949297208,0.7548366501410774,0.7968586055403446,0.795346743138552,0.7666681816529421,0.7651815080322019,0.769346686346432,0.7790546435449489,0.779183594863891,0.7601173804860865,0.7851133249949229
0.7906225852156153,0.8144402637371687,0.7651997448646938,0.762107969224538,0.7999036142762708,0.7991112017262332,0.7798425416241284,0.7740455100083203,0.7797357200817902,0.7718909897467401,0.8221352134135824,0.7750057858726009,0.8279334282584521,0.7647134017641779,0.7643214186606906,0.7884990468133602,0.7458800874634266,0.8139731350514208,0.7956949706708342,0.7877565663366715,0.8159659880188788,0.8042167716961407,0.8306073713592016,0.7763598800891331,0.7622480652737174,0.6898589615781039,0.8413783470698584,0.7725545921559218,0.7711490664931375,0.7790777707953804,0.7556092489662385,0.812327593630025,0.06186330157286213,0.819904738736256,0.8002243516152655,0.7742032333859714,0.777504471156285,1.0,0.7151303002159302,0.8414956108563086,0.7593531684242899,0.8131483359992359,0.8599286540029729,0.7766067013458914,0.7711281312408608,0.768498383986941,0.8175511662294834,0.8177884128689196,0.7762790861552501,0.7752103397294667
0.7112510680087547,0.69607574801459,0.689318740281881,0.7294989869433655,0.708881197668071,0.7030144384431811,0.6983867407739823,0.7350224299424744,0.6883147833595648,0.7283409396776427,0.6933863623776136,0.7523623900366612,0.6940779482016316,0.7229811842978058,0.724533951729441,0.693861047162365,0.7370165281632444,0.7084574757225053,0.6903349115636098,0.6999859953078558,0.6991933346676873,0.6826696240652671,0.7105420134744909,0.7187044481923095,0.7285362644186364,0.688290105474618,0.6961310775612753,0.7292484598245705,0.7003647036164178,0.6946002676809778,0.7146697239372621,0.7107607363554282,0.0501849916283994,0.71595061659941,0.7129137609074021,0.7391356164118088,0.6930968063030893,0.7151303002159302,1.0,0.7130629545048787,0.717609005441034,0.7024741878512117,0.6969292399663556,0.7461575265116732,0.7458312630220028,0.7085893400965206,0.7215789434659513,0.7197765661188873,0.725049559923824,0.7032503114687165
