../ecoli_genomes/GCF_000163235.1_ASM16323v1_genomic.fna.gz,../ecoli_genomes/GCF_000164555.1_ASM16455v1_genomic.fna.gz,../ecoli_genomes/GCF_000208545.1_ASM20854v2_genomic.fna.gz,../ecoli_genomes/GCF_000233875.1_ASM23387v1_genomic.fna.gz,../ecoli_genomes/GCF_000249735.1_ASM24973v2_genomic.fna.gz,../ecoli_genomes/GCF_000261145.1_Esch_coli_M919_V2_genomic.fna.gz,../ecoli_genomes/GCF_000267705.2_ASM26770v2_genomic.fna.gz,../ecoli_genomes/GCF_000350665.1_Esch_coli_KTE5_V1_genomic.fna.gz,../ecoli_genomes/GCF_000351625.1_Esch_coli_KTE66_V1_genomic.fna.gz,../ecoli_genomes/GCF_000352285.1_Esch_coli_KTE46_V1_genomic.fna.gz,../ecoli_genomes/GCF_000358895.1_ASM35889v1_genomic.fna.gz,../ecoli_genomes/GCF_000456385.1_Esch_coli_HVH_26_4-5703913_V1_genomic.fna.gz,../ecoli_genomes/GCF_000458195.1_Esch_coli_HVH_147_4-5893887_V1_genomic.fna.gz,../ecoli_genomes/GCF_000459755.1_Esch_coli_KOEGE_58_171a_V1_genomic.fna.gz,../ecoli_genomes/GCF_000460055.1_Esch_coli_UMEA_3053-1_V1_genomic.fna.gz,../ecoli_genomes/GCF_000462165.2_ASM46216v2_genomic.fna.gz,../ecoli_genomes/GCF_000601135.1_ASM60113v1_genomic.fna.gz,../ecoli_genomes/GCF_000614595.1_Ec2010EL1058_genomic.fna.gz,../ecoli_genomes/GCF_000617745.1_Ec2010C-4529_genomic.fna.gz,../ecoli_genomes/GCF_000618265.2_EcF6751_genomic.fna.gz,../ecoli_genomes/GCF_000619005.2_Ec2009C-4052_genomic.fna.gz,../ecoli_genomes/GCF_000619105.1_Ec2009C-4780_genomic.fna.gz,../ecoli_genomes/GCF_000619765.2_Ec2009C-3279_genomic.fna.gz,../ecoli_genomes/GCF_000687005.1_ASM68700v1_genomic.fna.gz,../ecoli_genomes/GCF_000687025.1_ASM68702v1_genomic.fna.gz,../ecoli_genomes/GCF_000700125.1_ASM70012v1_genomic.fna.gz,../ecoli_genomes/GCF_000753315.1_FHI35_genomic.fna.gz,../ecoli_genomes/GCF_000776375.1_ASM77637v1_genomic.fna.gz,../ecoli_genomes/GCF_000779395.1_ASM77939v1_genomic.fna.gz,../ecoli_genomes/GCF_000780315.1_ASM78031v1_genomic.fna.gz,../ecoli_genomes/GCF_000781995.1_ASM78199v1_genomic.fna.gz,../ecoli_genomes/GCF_000986765.1_ASM98676v1_genomic.fna.gz,../ecoli_genomes/GCF_001041375.1_ViralProj287958_genomic.fna.gz,../ecoli_genomes/GCF_001265335.1_302014_genomic.fna.gz,../ecoli_genomes/GCF_001265625.1_100854_genomic.fna.gz,../ecoli_genomes/GCF_001267345.1_303289_genomic.fna.gz,../ecoli_genomes/GCF_001309985.1_ASM130998v1_genomic.fna.gz,../ecoli_genomes/GCF_001521695.1_ASM152169v1_genomic.fna.gz,../ecoli_genomes/GCF_001592595.1_ASM159259v1_genomic.fna.gz,../ecoli_genomes/GCF_001614975.1_ASM161497v1_genomic.fna.gz,../ecoli_genomes/GCF_001692775.1_ASM169277v1_genomic.fna.gz,../ecoli_genomes/GCF_001748915.1_ASM174891v1_genomic.fna.gz,../ecoli_genomes/GCF_001749235.1_ASM174923v1_genomic.fna.gz,../ecoli_genomes/GCF_001881155.1_ASM188115v1_genomic.fna.gz,../ecoli_genomes/GCF_001881345.1_ASM188134v1_genomic.fna.gz,../ecoli_genomes/GCF_001892405.1_ASM189240v1_genomic.fna.gz,../ecoli_genomes/GCF_001892585.1_ASM189258v1_genomic.fna.gz,../ecoli_genomes/GCF_001893985.1_ASM189398v1_genomic.fna.gz,../ecoli_genomes/GCF_002001595.1_ASM200159v1_genomic.fna.gz,../ecoli_genomes/GCF_002002145.1_ASM200214v1_genomic.fna.gz
1.0,0.3789116001267824,0.3254195434900268,0.3437938682112458,0.353018857923761,0.3633013887351312,0.35437568140151765,0.35616024101276567,0.442914819851546,0.35994347565274754,0.3861679604560264,0.34972472651120134,0.37803695130913106,0.33909576334584157,0.3281886565703279,0.35868232415973844,0.33778170798407614,0.37254809203339545,0.3412254132813132,0.35912220354770574,0.36127478596274887,0.3564725027626773,0.37898967411076134,0.3475464192903984,0.34869728671943656,0.343527531095126,0.37137762035289923,0.34376271715082296,0.4018674651117332,0.44157124718124674,0.31876825887713034,0.36293306986326834,0.0,0.3616041774535045,0.3627867345623117,0.34347083815190904,0.34150518878396374,0.3727910726465844,0.3010269879400215,0.3759878122205934,0.33164037067326924,0.36815950421540644,0.37471092078357404,0.3478308784555282,0.3577364587060319,0.36392471984926444,0.36710013402723585,0.3681304552592527,0.3341954972870689,0.39667868272540907
0.3789116001267824,1.0,0.29527043024524935,0.32430296275406,0.4212184281836985,0.5319609919992401,0.38241646845839183,0.3340444739039232,0.35094258751867213,0.34142349428224406,0.45842432966219837,0.3349550646863876,0.4532713247444661,0.3195302776304403,0.3138160693580647,0.38622184040630114,0.46781908087069946,0.457231464696674,0.4138808017325989,0.3937749362748645,0.44497191325080965,0.4240690659042057,0.4550190616598556,0.5180038721932665,0.5340852984643967,0.4765446653692923,0.4563972924262788,0.33079817732472994,0.3551355239753812,0.3632869781017172,0.30784532917601237,0.4387670433108962,0.0,0.4375733925662598,0.5575466245362373,0.31896242186019674,0.3695088965499317,0.461004582295535,0.27747747247773435,0.4596358597197965,0.3134738706167963,0.49488561662480224,0.46295846960047005,0.34220282462569385,0.3412490914695011,0.3295211301322962,0.5047169148663109,0.5024624321698155,0.33419078065887087,0.34806753259389667
0.3254195434900268,0.29527043024524935,1.0,0.2670280398024081,0.26597300371562793,0.2770688374652318,0.2753007769001613,0.27671082784872936,0.30812977844932776,0.27929038751949353,0.2991572358371932,0.26915231216509905,0.29222056023323806,0.26671072649943206,0.260863254400985,0.2809083860145075,0.2588026801031317,0.2954291699128948,0.26227728939362904,0.2846887843438123,0.2875442503165079,0.27800884476172405,0.29495668561347854,0.26328088684838225,0.2671846962674893,0.26473709170552995,0.29098928069177765,0.27406451481753247,0.3056121833321048,0.319896573451366,0.2550281710254553,0.27638928110841054,0.0,0.28688555826892037,0.27626162106924834,0.27342646405154414,0.26685964405456775,0.286597080479691,0.2339699171218499,0.2974320546583824,0.2624569539946857,0.28943702454478937,0.2976767823676201,0.2795621371939576,0.2736138244492905,0.2849123302991009,0.2979935183419742,0.2967547460466712,0.2769022559434986,0.3085568143584272
0.3437938682112458,0.32430296275406,0.2670280398024081,1.0,0.33213029650841575,0.32178849871174775,0.3040590632565072,0.5410488975506498,0.3471409398579548,0.5550615400234478,0.325921289589139,0.537567112632513,0.33984770109881846,0.5772392403588842,0.5979537717593562,0.321831601900729,0.3063149151801047,0.32481136051390935,0.2996110333082972,0.30789599726465267,0.3131672874885175,0.3042967494103753,0.32802234378266404,0.3179483842780261,0.3230801552563759,0.3125053830624246,0.32225552150764103,0.5579798839637375,0.3523184417938747,0.33687000646446774,0.5309881077964667,0.33690655779299106,0.0,0.30890561100207137,0.31578052549745617,0.4591487724472769,0.3002357461614267,0.31497065773385124,0.4234090744566993,0.3168118124663164,0.5644387048702599,0.3193857255453535,0.3225789253049234,0.5629115927300257,0.5511684555142875,0.3450360632255053,0.317805909285774,0.31808529147673503,0.4933380574918985,0.35883097192517344
0.353018857923761,0.4212184281836985,0.26597300371562793,0.33213029650841575,1.0,0.43474766979904433,0.3519040752747903,0.32697680233335036,0.35324730330857934,0.3323536688024601,0.5206978832303809,0.31528932943968235,0.5034809814331118,0.31114537180024415,0.3377657301575441,0.38922135054377904,0.4552522695656571,0.44306612112592925,0.40915008567664823,0.35601528771768276,0.4460510748058837,0.4285377693537653,0.4546850723635353,0.4606016892182029,0.4565609993088794,0.45920309664202885,0.4660658325107653,0.2973908698082879,0.33939004517219695,0.35084722088839104,0.3055983436368489,0.498357912918052,0.0,0.4594722799576296,0.4333131637726032,0.3002837615959131,0.354427075194239,0.47553928700622683,0.3322962315329425,0.46608732490333027,0.3262008055880875,0.4390259059650604,0.47775623786646637,0.3115839653194076,0.314846096589933,0.3089035330228379,0.4452376899202065,0.4463577885252429,0.30365105988336416,0.3383271810692211
0.3633013887351312,0.5319609919992401,0.2770688374652318,0.32178849871174775,0.43474766979904433,1.0,0.41895444824401606,0.33795138168872396,0.34656417392549776,0.32417890020795337,0.47283577415398426,0.3318559336324287,0.44384980116633654,0.31577525869521206,0.3135479703478997,0.41751843920505993,0.47338314015947336,0.4545136042368878,0.40860622085032183,0.3979700311449459,0.4351292602155019,0.45034842887086646,0.45022460853635105,0.5066601743946908,0.5525320959004701,0.5000750839258198,0.43366030223078744,0.31368462178829326,0.34958565301500255,0.345311925471358,0.29523939541294,0.45190170926898154,0.0,0.44298360154543204,0.5702921093685744,0.3368236221732338,0.3963865893000339,0.4447649993335,0.3083111804016361,0.4492750392786363,0.30982427676529967,0.48863542062056853,0.4475316716676707,0.3276971618698441,0.32933994136133105,0.32650737580101696,0.4911223669510717,0.4934259370073065,0.3157087697808828,0.3477168439470547
0.35437568140151765,0.38241646845839183,0.2753007769001613,0.3040590632565072,0.3519040752747903,0.41895444824401606,1.0,0.3108481583987054,0.34013871405052654,0.30480805648107656,0.4119802858629523,0.31041563378656156,0.38681915965978686,0.29727906473532206,0.2897302991857139,0.7587565846042887,0.3639159071343283,0.43488433180014163,0.39478281975950913,0.8295570356254428,0.4300902041307342,0.4229089970918013,0.43294065757651845,0.3603061426975481,0.3832834120710559,0.3875337066262837,0.3969221398113174,0.29671547427172584,0.3286808563910609,0.3346336423055165,0.2801543216123883,0.3910692994966959,0.0,0.39248816836437617,0.41744015731500683,0.3257366473728922,0.786628765793316,0.3739646135382716,0.2743157280224112,0.390561690569998,0.28738976478054035,0.3930170557376014,0.3981666164714983,0.30962034070699807,0.3099876396383727,0.3104268133351993,0.38172757397116286,0.38069288661951706,0.29685379542427137,0.33258241850602077
0.35616024101276567,0.3340444739039232,0.27671082784872936,0.5410488975506498,0.32697680233335036,0.33795138168872396,0.3108481583987054,1.0,0.3450041501110521,0.5480423952118016,0.3350285445617801,0.5203436110407301,0.3460972950141137,0.526692867979344,0.5168331684503655,0.32461426320558384,0.30989632720940496,0.3320950031168233,0.3093259291951741,0.31388537969077845,0.316921076644445,0.31758282499632684,0.3346020903878909,0.32613809074847666,0.3209671550915004,0.31462848740386196,0.32689272355920107,0.7070223596371079,0.3658195423042716,0.338969202601048,0.5069854812166955,0.33018619677370653,0.0,0.3207629754677006,0.3205897413372074,0.4598518809320409,0.3022409706475705,0.336191401511464,0.42342283913499845,0.32942383465517167,0.5194582708169087,0.3318701687086514,0.330476813294339,0.7143321201742674,0.6843252080657661,0.3425225079776453,0.3246343727689893,0.3241891187870003,0.4878028147933159,0.3609990446658027
0.442914819851546,0.35094258751867213,0.30812977844932776,0.3471409398579548,0.35324730330857934,0.34656417392549776,0.34013871405052654,0.3450041501110521,1.0,0.35547856313720194,0.3712880345706584,0.32898243896548907,0.37819054524957907,0.33454127918828147,0.3407005893113727,0.35855917162669937,0.3264519458810553,0.3585058582566849,0.32555282111868455,0.3493270231961296,0.3469306455023369,0.3415195412596491,0.3633330132931182,0.34750142877518775,0.33788339955863633,0.3367194404822901,0.3650481954242345,0.33014289583123335,0.38099886839990005,0.4610228862097274,0.33266032951145197,0.3535712404086184,0.0,0.3475873208809297,0.3462339059707086,0.3382260964085938,0.33710560972094095,0.34620967272603465,0.28533742882257385,0.364511456513555,0.33723975336047785,0.357753140559545,0.36832710944785485,0.3364754506817048,0.32965067953522065,0.35702411947723756,0.3530871842174351,0.3527889686122382,0.3287597285503566,0.3906280323084462
0.35994347565274754,0.34142349428224406,0.27929038751949353,0.5550615400234478,0.3323536688024601,0.32417890020795337,0.30480805648107656,0.5480423952118016,0.35547856313720194,1.0,0.34401109284507747,0.5170271674721796,0.35641426516014396,0.5455740914135042,0.5356130332327373,0.3217000477636818,0.3050486388534055,0.3309010629284981,0.3071394872322315,0.31184831957997106,0.31875875152845956,0.31493357561676183,0.33281724719949835,0.31872498929490356,0.3161042891767639,0.31425313670714916,0.335796159264496,0.5472139572270789,0.36378203515921703,0.349938154446536,0.5455036035867968,0.32379823607162495,0.0,0.3172644024351401,0.31757510131779754,0.4752104515029819,0.3002361431765105,0.3304486431817504,0.4310814409153657,0.338777018348666,0.5618237825442598,0.33066033777644244,0.33140209967922507,0.5529314715121427,0.5475470361878618,0.34742009460742906,0.3314040307104821,0.33169056757756965,0.517661592305899,0.36075132895671347
0.3861679604560264,0.45842432966219837,0.2991572358371932,0.325921289589139,0.5206978832303809,0.47283577415398426,0.4119802858629523,0.3350285445617801,0.3712880345706584,0.34401109284507747,1.0,0.3370872908671938,0.5662425636776387,0.33036055347459903,0.3237761498500379,0.4158669295701989,0.43135962880952594,0.5252231887657024,0.4899736168455505,0.40607548143391003,0.5158868789009714,0.5405670150236772,0.5319460292943278,0.43111527235773417,0.4350896879056102,0.462784733815507,0.5377066513995371,0.3284149935528897,0.35428717723302117,0.37491084969536215,0.3113134696321085,0.4975132819357646,0.0,0.5084275435821268,0.4775886072214115,0.3413076176202312,0.3932742721804974,0.5213727945939995,0.293251452547844,0.5511638748169598,0.3186068801671167,0.48473629736044344,0.5452230400339638,0.3325890534637068,0.32763792613435716,0.3371503123940218,0.4864728453849285,0.4828571237777396,0.32773858355318863,0.35919119571256564
0.34972472651120134,0.3349550646863876,0.26915231216509905,0.537567112632513,0.31528932943968235,0.3318559336324287,0.31041563378656156,0.5203436110407301,0.32898243896548907,0.5170271674721796,0.3370872908671938,1.0,0.3308703113088195,0.530269237368123,0.6241693057534861,0.31622745412926934,0.306352547650963,0.32058530388899775,0.30348284393785485,0.3066992043026249,0.31817703318348345,0.3185667126858024,0.3263035318411114,0.3115426441844843,0.3177649988913934,0.3178640588697095,0.3178062969132598,0.5180954641086835,0.3581557768704653,0.3302485160512483,0.4747356643098787,0.32562642725946034,0.0,0.31241061630827527,0.3252288647887953,0.4493973589361997,0.2977110057682574,0.32242667173335626,0.41531006282659777,0.32196876987400513,0.5049978544324696,0.3182541056648174,0.32486714483140555,0.5293601157945533,0.5267304583052657,0.34397784375736173,0.3274123024248462,0.3277645279050061,0.47262782918144997,0.35114502298982286
0.37803695130913106,0.4532713247444661,0.29222056023323806,0.33984770109881846,0.5034809814331118,0.44384980116633654,0.38681915965978686,0.3460972950141137,0.37819054524957907,0.35641426516014396,0.5662425636776387,0.3308703113088195,1.0,0.328840092221828,0.34340115763840484,0.41087513410895093,0.4230994902152634,0.5334884190200226,0.5381945777571886,0.3981537288527267,0.534370564059918,0.5729879723719302,0.5827132786605727,0.44306594077915307,0.42653262093223054,0.4303635961618295,0.5716210224565649,0.3287504472081727,0.35775672504099176,0.38211303706044586,0.3222715365899178,0.5356620399708045,0.0,0.5488308457150469,0.4582703259736082,0.32853055906271933,0.3848592432580351,0.5313858098799484,0.29726367505068696,0.5706619593802877,0.3342682012178767,0.477198422230832,0.5626735772978074,0.3336107441426318,0.32955862568021677,0.3272352095026443,0.47318969359159435,0.47134169176450813,0.3283806313548352,0.3582146898191898
0.33909576334584157,0.3195302776304403,0.26671072649943206,0.5772392403588842,0.31114537180024415,0.31577525869521206,0.29727906473532206,0.526692867979344,0.33454127918828147,0.5455740914135042,0.33036055347459903,0.530269237368123,0.328840092221828,1.0,0.5822614036218962,0.3055274594306767,0.2968743446933585,0.3229411730705145,0.2985685868308323,0.30481644616805015,0.3082661185941852,0.3075182497497547,0.3271200796395932,0.2984519302341013,0.3018883650956501,0.2999772596951532,0.3235213057106858,0.5515331731254594,0.3574178548145238,0.3292476972163938,0.5190400711350023,0.32035443622312787,0.0,0.31353080249921594,0.31023294072490437,0.4592847765058249,0.29008548432295667,0.3196367287655576,0.4150483630241404,0.3215145953473838,0.5469890549498855,0.31930585951879775,0.32302338862334,0.5510305870850201,0.5370195580401855,0.34736348681740803,0.3193243961300074,0.3196046735715854,0.494453788879072,0.3633816199410931
0.3281886565703279,0.3138160693580647,0.260863254400985,0.5979537717593562,0.3377657301575441,0.3135479703478997,0.2897302991857139,0.5168331684503655,0.3407005893113727,0.5356130332327373,0.3237761498500379,0.6241693057534861,0.34340115763840484,0.5822614036218962,1.0,0.3121488272871157,0.30991402455082284,0.316236694088708,0.2916016636693447,0.29729851989270517,0.30427350520046414,0.3001846729971782,0.3220369576896036,0.3160252504438563,0.31253516197395403,0.31001254082738827,0.3183077809706565,0.5243353884049338,0.3458931105591848,0.3302746241602029,0.522045591579207,0.32980355421980767,0.0,0.30615708940510233,0.3076984608009927,0.4481353570453688,0.28968160137520427,0.3133756153975181,0.4216304300979288,0.31581119808637936,0.5483628256688464,0.316321366502162,0.31846048500087054,0.5274783239225393,0.5154790947676279,0.34238862248812196,0.3256821710222708,0.32576381695711665,0.48212610413674095,0.36441613534954054
0.35868232415973844,0.38622184040630114,0.2809083860145075,0.321831601900729,0.38922135054377904,0.41751843920505993,0.7587565846042887,0.32461426320558384,0.35855917162669937,0.3217000477636818,0.4158669295701989,0.31622745412926934,0.41087513410895093,0.3055274594306767,0.3121488272871157,1.0,0.3744836169273963,0.4211043786055263,0.38995610302047956,0.7559028868227383,0.411728602677747,0.41309312111289986,0.4197596486652545,0.3836710851924817,0.4014935583314977,0.40062700588215416,0.3948039226770589,0.30079686843159814,0.3308767447854295,0.35718500440204937,0.2968083488960652,0.40361791156164784,0.0,0.3863554504132707,0.41367714445141957,0.325822956445736,0.7449107125955755,0.37780561769779364,0.27862368229079426,0.39097797796963574,0.30597029231292483,0.39839201663140844,0.39679188490759654,0.3124977194626979,0.3125695617569737,0.3111320411619245,0.38682106430451824,0.3863121111681497,0.30438343062951767,0.33244843399445645
0.33778170798407614,0.46781908087069946,0.2588026801031317,0.3063149151801047,0.4552522695656571,0.47338314015947336,0.3639159071343283,0.30989632720940496,0.3264519458810553,0.3050486388534055,0.43135962880952594,0.306352547650963,0.4230994902152634,0.2968743446933585,0.30991402455082284,0.3744836169273963,1.0,0.4208255777943506,0.3791501568634038,0.3630903756099926,0.40494301687010026,0.4023625266610116,0.42145140055904184,0.5295553247852025,0.5230633135641838,0.5419182260206387,0.4105258529280864,0.294230777757327,0.33400562527720323,0.32784674202747566,0.28870395161622275,0.471929156393311,0.0,0.4399236167877638,0.4997171215882993,0.3104844512497247,0.3561670285720743,0.40349729886087893,0.274396037971009,0.41435579737768835,0.2943402591333615,0.46001441667723253,0.42125648766323076,0.3046916572409154,0.30970243595879443,0.2998479348927493,0.4729827749856238,0.47205850275285444,0.28865412929272083,0.32168276939444373
0.37254809203339545,0.457231464696674,0.2954291699128948,0.32481136051390935,0.44306612112592925,0.4545136042368878,0.43488433180014163,0.3320950031168233,0.3585058582566849,0.3309010629284981,0.5252231887657024,0.32058530388899775,0.5334884190200226,0.3229411730705145,0.316236694088708,0.4211043786055263,0.4208255777943506,1.0,0.5315301456298891,0.44213922074129175,0.5582877302572625,0.5459788436832715,0.5760653139365388,0.4241712573402867,0.41835388685217834,0.42614402742692403,0.5432750371124982,0.32465906332221384,0.3555086869457459,0.3658684624016817,0.30398540191707024,0.49737807856544114,0.0,0.5197295682097263,0.46455914285823996,0.34249985391142146,0.41744266349812076,0.4946671245594446,0.29792404922452076,0.5331597531889999,0.30847681307768926,0.4756032567932619,0.5344011460171323,0.32879494381905616,0.32763909170296235,0.3274112290993423,0.47373937346881534,0.4726853349107185,0.3158416368154072,0.35776622902748434
0.3412254132813132,0.4138808017325989,0.26227728939362904,0.2996110333082972,0.40915008567664823,0.40860622085032183,0.39478281975950913,0.3093259291951741,0.32555282111868455,0.3071394872322315,0.4899736168455505,0.30348284393785485,0.5381945777571886,0.2985685868308323,0.2916016636693447,0.38995610302047956,0.3791501568634038,0.5315301456298891,1.0,0.3944701259548338,0.5115016975469677,0.5412571242991986,0.5090329652888801,0.3829985025778728,0.3853965935990007,0.3813177398937647,0.48990847901533985,0.29883430306267733,0.3190594027290915,0.33082686394472016,0.2815771321189178,0.48280717734957956,0.0,0.46317658007378326,0.42355077210662917,0.30850412024989926,0.37798672812752143,0.4530273070535974,0.27159794579954266,0.4867228187368343,0.2890355067641259,0.42443324280672057,0.4841884278673425,0.3061999720146601,0.3047359896591282,0.3002943847423438,0.41811727470183113,0.4164353458257778,0.2888108646093358,0.3242777305476705
0.35912220354770574,0.3937749362748645,0.2846887843438123,0.30789599726465267,0.35601528771768276,0.3979700311449459,0.8295570356254428,0.31388537969077845,0.3493270231961296,0.31184831957997106,0.40607548143391003,0.3066992043026249,0.3981537288527267,0.30481644616805015,0.29729851989270517,0.7559028868227383,0.3630903756099926,0.44213922074129175,0.3944701259548338,1.0,0.43494125526248484,0.40832802612374874,0.4401050217441349,0.3664289593646871,0.37542593228222876,0.3726288699943091,0.40855182447279303,0.3050641815701718,0.3388318642807454,0.3464104018145082,0.28890477773826573,0.38835894743725596,0.0,0.3991884395858306,0.40901337191381626,0.3251000710207802,0.7928599455516963,0.3804385830186169,0.2754350611241072,0.40099751939369743,0.293759824180004,0.4027817014624393,0.40800811341042587,0.3109280357222398,0.311435297210937,0.31619744710215625,0.39311502189121306,0.39204828999961217,0.305817982104993,0.3402498001463158
0.36127478596274887,0.44497191325080965,0.2875442503165079,0.3131672874885175,0.4460510748058837,0.4351292602155019,0.4300902041307342,0.316921076644445,0.3469306455023369,0.31875875152845956,0.5158868789009714,0.31817703318348345,0.534370564059918,0.3082661185941852,0.30427350520046414,0.411728602677747,0.40494301687010026,0.5582877302572625,0.5115016975469677,0.43494125526248484,1.0,0.5342410748432904,0.5731976740388507,0.41257732018088256,0.4101602853883096,0.4182671599100096,0.5429017331123527,0.31160737674725425,0.33667159954847936,0.35845326655278376,0.29194746321996234,0.49984476942175915,0.0,0.5257021206572124,0.4492531996729705,0.330352013495808,0.40767478058392315,0.5047873366317025,0.28024482295655584,0.5380927557723943,0.30367628485851395,0.4500393945234328,0.5340381747980532,0.3172074367809926,0.31931889474226527,0.32562521019906887,0.4652348923484714,0.46265080514324497,0.3074399754795498,0.34395908990411317
0.3564725027626773,0.4240690659042057,0.27800884476172405,0.3042967494103753,0.4285377693537653,0.45034842887086646,0.4229089970918013,0.31758282499632684,0.3415195412596491,0.31493357561676183,0.5405670150236772,0.3185667126858024,0.5729879723719302,0.3075182497497547,0.3001846729971782,0.41309312111289986,0.4023625266610116,0.5459788436832715,0.5412571242991986,0.40832802612374874,0.5342410748432904,1.0,0.6962088074301669,0.3936805255463861,0.4122233143168764,0.4218777854043596,0.5269426568927819,0.30730277831345276,0.3321739932755521,0.3434257705554554,0.2879934969768746,0.510206371472254,0.0,0.6031027040999746,0.4515229489059176,0.3222153455553928,0.3957621605679209,0.49734090194483216,0.2797108265425595,0.5286259052983489,0.29412928301669594,0.4431892056702502,0.5313851247522451,0.3157115822176064,0.311119678713207,0.31517336302946375,0.439195332856238,0.4379669472471369,0.3033807340960577,0.338871453162917
0.37898967411076134,0.4550190616598556,0.29495668561347854,0.32802234378266404,0.4546850723635353,0.45022460853635105,0.43294065757651845,0.3346020903878909,0.3633330132931182,0.33281724719949835,0.5319460292943278,0.3263035318411114,0.5827132786605727,0.3271200796395932,0.3220369576896036,0.4197596486652545,0.42145140055904184,0.5760653139365388,0.5090329652888801,0.4401050217441349,0.5731976740388507,0.6962088074301669,1.0,0.42106289235858185,0.4212469291271016,0.4173751744632469,0.56832603314558,0.330025226930173,0.3541847298359483,0.3649446715838943,0.30897430903303624,0.5189481555861453,0.0,0.6423635042090206,0.4641889426277751,0.3363230956554516,0.41822089257149964,0.5210570573065075,0.29619405399732923,0.5511787962479529,0.3167845598630471,0.46474007300491726,0.5570550218578232,0.33391497312964913,0.3334342575117384,0.3290372813155229,0.46487803505223535,0.46308405970402367,0.3220990383005007,0.3588101520053001
0.3475464192903984,0.5180038721932665,0.26328088684838225,0.3179483842780261,0.4606016892182029,0.5066601743946908,0.3603061426975481,0.32613809074847666,0.34750142877518775,0.31872498929490356,0.43111527235773417,0.3115426441844843,0.44306594077915307,0.2984519302341013,0.3160252504438563,0.3836710851924817,0.5295553247852025,0.4241712573402867,0.3829985025778728,0.3664289593646871,0.41257732018088256,0.3936805255463861,0.42106289235858185,1.0,0.5471050602692618,0.489076814629545,0.422690130481746,0.2941431640577594,0.3337089969473136,0.345702060025568,0.2994342806499367,0.44951196025167295,0.0,0.4185878096369966,0.5368653363405125,0.3030643345895504,0.3581712682347278,0.40743579567226296,0.27631198183369166,0.42275412076075936,0.30792734175190006,0.46666733805185745,0.4192691816216496,0.30564803285577846,0.3129383403089957,0.3024257304895107,0.4598613949733562,0.4605421805323162,0.29420238387328823,0.32140929174478405
0.34869728671943656,0.5340852984643967,0.2671846962674893,0.3230801552563759,0.4565609993088794,0.5525320959004701,0.3832834120710559,0.3209671550915004,0.33788339955863633,0.3161042891767639,0.4350896879056102,0.3177649988913934,0.42653262093223054,0.3018883650956501,0.31253516197395403,0.4014935583314977,0.5230633135641838,0.41835388685217834,0.3853965935990007,0.37542593228222876,0.4101602853883096,0.4122233143168764,0.4212469291271016,0.5471050602692618,1.0,0.5529697627774228,0.41284383658016555,0.2939918961625272,0.32712428660227877,0.33713563577375705,0.29612807217161286,0.4701706302958454,0.0,0.4127539862412877,0.5672014058630452,0.3105000603534429,0.373841100696542,0.4194136706842163,0.28061912696188274,0.42196856734952193,0.30553704335081733,0.4683202284395366,0.4308996604331181,0.3231491738094999,0.32238363577023665,0.3146482032377398,0.46684543116558597,0.46964241582163657,0.30621177564485735,0.3198194292737392
0.343527531095126,0.4765446653692923,0.26473709170552995,0.3125053830624246,0.45920309664202885,0.5000750839258198,0.3875337066262837,0.31462848740386196,0.3367194404822901,0.31425313670714916,0.462784733815507,0.3178640588697095,0.4303635961618295,0.2999772596951532,0.31001254082738827,0.40062700588215416,0.5419182260206387,0.42614402742692403,0.3813177398937647,0.3726288699943091,0.4182671599100096,0.4218777854043596,0.4173751744632469,0.489076814629545,0.5529697627774228,1.0,0.420518353539751,0.29068022617880085,0.3248170335659275,0.3348040709091967,0.29570721965361846,0.44719515983837854,0.0,0.4286668302664218,0.5226640101530227,0.31151560927954725,0.37311470017932313,0.4192209584853225,0.2717003337473488,0.42879857233612695,0.3022402018619085,0.47772413144649406,0.42469449390357916,0.31480545814823935,0.31040501668528897,0.3072304483708507,0.4762421291243869,0.4776137610949217,0.30330981187310924,0.320649574495223
0.37137762035289923,0.4563972924262788,0.29098928069177765,0.32225552150764103,0.4660658325107653,0.43366030223078744,0.3969221398113174,0.32689272355920107,0.3650481954242345,0.335796159264496,0.5377066513995371,0.3178062969132598,0.5716210224565649,0.3235213057106858,0.3183077809706565,0.3948039226770589,0.4105258529280864,0.5432750371124982,0.48990847901533985,0.40855182447279303,0.5429017331123527,0.5269426568927819,0.56832603314558,0.422690130481746,0.41284383658016555,0.420518353539751,1.0,0.3218843329345825,0.3535737372246711,0.36601805973822665,0.3090620742139817,0.5170001696870385,0.0,0.5267362931012649,0.4526407158277024,0.3253018832018255,0.38459457226373484,0.5962992317466902,0.2792735416158958,0.5711659962424467,0.3179136994668882,0.467760007700441,0.6372430162648985,0.3299419440331034,0.32173848538286276,0.3327268558729157,0.4684038703500576,0.46643488672420497,0.3246564467384774,0.3542893028643994
0.34376271715082296,0.33079817732472994,0.27406451481753247,0.5579798839637375,0.2973908698082879,0.31368462178829326,0.29671547427172584,0.7070223596371079,0.33014289583123335,0.5472139572270789,0.3284149935528897,0.5180954641086835,0.3287504472081727,0.5515331731254594,0.5243353884049338,0.30079686843159814,0.294230777757327,0.32465906332221384,0.29883430306267733,0.3050641815701718,0.31160737674725425,0.30730277831345276,0.330025226930173,0.2941431640577594,0.2939918961625272,0.29068022617880085,0.3218843329345825,1.0,0.36121104519723757,0.32891300232969256,0.500121185505532,0.31385408458741915,0.0,0.314913842018274,0.30805262809861256,0.4527712064888012,0.2882826741327562,0.32672171791096727,0.4125520074489071,0.32072288701840956,0.5217291019501542,0.32133887883825907,0.32082284082399193,0.7943952065924131,0.7552490587072063,0.3367548394129096,0.32081517528506975,0.32012716903983196,0.4976641046068999,0.35288904610299343
0.4018674651117332,0.3551355239753812,0.3056121833321048,0.3523184417938747,0.33939004517219695,0.34958565301500255,0.3286808563910609,0.3658195423042716,0.38099886839990005,0.36378203515921703,0.35428717723302117,0.3581557768704653,0.35775672504099176,0.3574178548145238,0.3458931105591848,0.3308767447854295,0.33400562527720323,0.3555086869457459,0.3190594027290915,0.3388318642807454,0.33667159954847936,0.3321739932755521,0.3541847298359483,0.3337089969473136,0.32712428660227877,0.3248170335659275,0.3535737372246711,0.36121104519723757,1.0,0.3727944191563648,0.3379818802388007,0.3468090515374683,0.0,0.3510467146798929,0.34901777280735546,0.3589272997946805,0.3200609178993,0.3470977663382444,0.309094954182463,0.35546478098535705,0.34154812250563105,0.3423536482077352,0.3523757485511758,0.3558419027629808,0.3573016075008747,0.4258810579980459,0.34714065404212713,0.34743137954578973,0.345290192555722,0.6187580200944323
0.44157124718124674,0.3632869781017172,0.319896573451366,0.33687000646446774,0.35084722088839104,0.345311925471358,0.3346336423055165,0.338969202601048,0.4610228862097274,0.349938154446536,0.37491084969536215,0.3302485160512483,0.38211303706044586,0.3292476972163938,0.3302746241602029,0.35718500440204937,0.32784674202747566,0.3658684624016817,0.33082686394472016,0.3464104018145082,0.35845326655278376,0.3434257705554554,0.3649446715838943,0.345702060025568,0.33713563577375705,0.3348040709091967,0.36601805973822665,0.32891300232969256,0.3727944191563648,1.0,0.32233063254667116,0.345145415562767,0.0,0.3475599241026932,0.34850163871971784,0.3297732282961584,0.3313858815165689,0.35421634430489934,0.2745664095466954,0.3795110651453688,0.32889572690901314,0.36118521790940583,0.3707352645559304,0.3325669238950837,0.3281821530966188,0.3721427587241327,0.36702887703776155,0.36540809936743224,0.32875706534619464,0.38675421195407733
0.31876825887713034,0.30784532917601237,0.2550281710254553,0.5309881077964667,0.3055983436368489,0.29523939541294,0.2801543216123883,0.5069854812166955,0.33266032951145197,0.5455036035867968,0.3113134696321085,0.4747356643098787,0.3222715365899178,0.5190400711350023,0.522045591579207,0.2968083488960652,0.28870395161622275,0.30398540191707024,0.2815771321189178,0.28890477773826573,0.29194746321996234,0.2879934969768746,0.30897430903303624,0.2994342806499367,0.29612807217161286,0.29570721965361846,0.3090620742139817,0.500121185505532,0.3379818802388007,0.32233063254667116,1.0,0.30564582028433773,0.0,0.3002315281618422,0.29196321505356204,0.4394855366299325,0.2781617410040742,0.30077246052665985,0.38073246443650444,0.30834425507517627,0.6593129164440996,0.3050847469487201,0.30521170113780827,0.505200734131496,0.49155018065760014,0.3275392011442664,0.30521740838188605,0.30432334643325953,0.4661362857622764,0.3375749054607313
0.36293306986326834,0.4387670433108962,0.27638928110841054,0.33690655779299106,0.498357912918052,0.45190170926898154,0.3910692994966959,0.33018619677370653,0.3535712404086184,0.32379823607162495,0.4975132819357646,0.32562642725946034,0.5356620399708045,0.32035443622312787,0.32980355421980767,0.40361791156164784,0.471929156393311,0.49737807856544114,0.48280717734957956,0.38835894743725596,0.49984476942175915,0.510206371472254,0.5189481555861453,0.44951196025167295,0.4701706302958454,0.44719515983837854,0.5170001696870385,0.31385408458741915,0.3468090515374683,0.345145415562767,0.30564582028433773,1.0,0.0,0.5011121755827546,0.45416833200944673,0.31681714104575043,0.38739759567735343,0.5105038466861875,0.29209224922808474,0.5234358425107402,0.3136034501901127,0.4429034278572872,0.5289931554905405,0.3229613619648055,0.3272798309504451,0.32070820411226053,0.45646127099854317,0.4582598649100561,0.3032285765610515,0.33580742541212927
0.0,0.0,0.0,0.0,0.0,0.0,0.0,0.0,0.0,0.0,0.0,0.0,0.0,0.0,0.0,0.0,0.0,0.0,0.0,0.0,0.0,0.0,0.0,0.0,0.0,0.0,0.0,0.0,0.0,0.0,0.0,0.0,1.0,0.0,0.0,0.0,0.0,0.0,0.0,0.0,0.0,0.0,0.0,0.0,0.0,0.0,0.0,0.0,0.0,0.0
0.3616041774535045,0.4375733925662598,0.28688555826892037,0.30890561100207137,0.4594722799576296,0.44298360154543204,0.39248816836437617,0.3207629754677006,0.3475873208809297,0.3172644024351401,0.5084275435821268,0.31241061630827527,0.5488308457150469,0.31353080249921594,0.30615708940510233,0.3863554504132707,0.4399236167877638,0.5197295682097263,0.46317658007378326,0.3991884395858306,0.5257021206572124,0.6031027040999746,0.6423635042090206,0.4185878096369966,0.4127539862412877,0.4286668302664218,0.5267362931012649,0.314913842018274,0.3510467146798929,0.3475599241026932,0.3002315281618422,0.5011121755827546,0.0,1.0,0.45942895170130493,0.3338244232882275,0.37889078445265667,0.4992605688545605,0.2968514594544145,0.5245247041416494,0.3003197012965645,0.45359756853200894,0.5419679882739478,0.3166688533271135,0.3190463282777045,0.31354281801797346,0.45446554354258606,0.4534793607051135,0.3065696441783008,0.34926667621590946
0.3627867345623117,0.5575466245362373,0.27626162106924834,0.31578052549745617,0.4333131637726032,0.5702921093685744,0.41744015731500683,0.3205897413372074,0.3462339059707086,0.31757510131779754,0.4775886072214115,0.3252288647887953,0.4582703259736082,0.31023294072490437,0.3076984608009927,0.41367714445141957,0.4997171215882993,0.46455914285823996,0.42355077210662917,0.40901337191381626,0.4492531996729705,0.4515229489059176,0.4641889426277751,0.5368653363405125,0.5672014058630452,0.5226640101530227,0.4526407158277024,0.30805262809861256,0.34901777280735546,0.34850163871971784,0.29196321505356204,0.45416833200944673,0.0,0.45942895170130493,1.0,0.32353322930976325,0.39135751514146233,0.43436848271252315,0.29227641946989014,0.46264704346918606,0.30023767309014016,0.4988787317788118,0.45848261712675975,0.3150621830173532,0.3196334813377404,0.32138867779106317,0.495338068397987,0.49581086454728385,0.30540877271069533,0.33985809240250986
0.34347083815190904,0.31896242186019674,0.27342646405154414,0.4591487724472769,0.3002837615959131,0.3368236221732338,0.3257366473728922,0.4598518809320409,0.3382260964085938,0.4752104515029819,0.3413076176202312,0.4493973589361997,0.32853055906271933,0.4592847765058249,0.4481353570453688,0.325822956445736,0.3104844512497247,0.34249985391142146,0.30850412024989926,0.3251000710207802,0.330352013495808,0.3222153455553928,0.3363230956554516,0.3030643345895504,0.3105000603534429,0.31151560927954725,0.3253018832018255,0.4527712064888012,0.3589272997946805,0.3297732282961584,0.4394855366299325,0.31681714104575043,0.0,0.3338244232882275,0.32353322930976325,1.0,0.31328957633111554,0.3147265245724413,0.42349103601611304,0.3299796609754364,0.4518922146973723,0.32422300353549105,0.32422948944392804,0.4611133258235306,0.4614325547494752,0.3378752345590912,0.31943198904692016,0.31889507505298664,0.4516189141900211,0.36178356290864044
0.34150518878396374,0.3695088965499317,0.26685964405456775,0.3002357461614267,0.354427075194239,0.3963865893000339,0.786628765793316,0.3022409706475705,0.33710560972094095,0.3002361431765105,0.3932742721804974,0.2977110057682574,0.3848592432580351,0.29008548432295667,0.28968160137520427,0.7449107125955755,0.3561670285720743,0.41744266349812076,0.37798672812752143,0.7928599455516963,0.40767478058392315,0.3957621605679209,0.41822089257149964,0.3581712682347278,0.373841100696542,0.37311470017932313,0.38459457226373484,0.2882826741327562,0.3200609178993,0.3313858815165689,0.2781617410040742,0.38739759567735343,0.0,0.37889078445265667,0.39135751514146233,0.31328957633111554,1.0,0.3618063498809617,0.26660290222638405,0.3741572845067487,0.2838567500422603,0.38303386110313764,0.3861152502825742,0.2957344908419872,0.2943293250220873,0.29713955267935577,0.3690494910932266,0.368699991850054,0.28639107496872596,0.3203983307923406
0.3727910726465844,0.461004582295535,0.286597080479691,0.31497065773385124,0.47553928700622683,0.4447649993335,0.3739646135382716,0.336191401511464,0.34620967272603465,0.3304486431817504,0.5213727945939995,0.32242667173335626,0.5313858098799484,0.3196367287655576,0.3133756153975181,0.37780561769779364,0.40349729886087893,0.4946671245594446,0.4530273070535974,0.3804385830186169,0.5047873366317025,0.49734090194483216,0.5210570573065075,0.40743579567226296,0.4194136706842163,0.4192209584853225,0.5962992317466902,0.32672171791096727,0.3470977663382444,0.35421634430489934,0.30077246052665985,0.5105038466861875,0.0,0.4992605688545605,0.43436848271252315,0.3147265245724413,0.3618063498809617,1.0,0.2922614719053175,0.5439099941515909,0.31120138631588157,0.45566321509488183,0.6283742674774986,0.3352548277303188,0.32661054400036604,0.32842018649314086,0.4698325851325217,0.46813890335364283,0.3241738459521645,0.3490821153998487
0.3010269879400215,0.27747747247773435,0.2339699171218499,0.4234090744566993,0.3322962315329425,0.3083111804016361,0.2743157280224112,0.42342283913499845,0.28533742882257385,0.4310814409153657,0.293251452547844,0.41531006282659777,0.29726367505068696,0.4150483630241404,0.4216304300979288,0.27862368229079426,0.274396037971009,0.29792404922452076,0.27159794579954266,0.2754350611241072,0.28024482295655584,0.2797108265425595,0.29619405399732923,0.27631198183369166,0.28061912696188274,0.2717003337473488,0.2792735416158958,0.4125520074489071,0.309094954182463,0.2745664095466954,0.38073246443650444,0.29209224922808474,0.0,0.2968514594544145,0.29227641946989014,0.42349103601611304,0.26660290222638405,0.2922614719053175,1.0,0.2901241913972541,0.4081572165963093,0.2938383035323038,0.29374853960834146,0.4203634845092501,0.43643537879262095,0.2909154593816061,0.28599266473331264,0.29188692509242364,0.39976765692785665,0.3137672838503608
0.3759878122205934,0.4596358597197965,0.2974320546583824,0.3168118124663164,0.46608732490333027,0.4492750392786363,0.390561690569998,0.32942383465517167,0.364511456513555,0.338777018348666,0.5511638748169598,0.32196876987400513,0.5706619593802877,0.3215145953473838,0.31581119808637936,0.39097797796963574,0.41435579737768835,0.5331597531889999,0.4867228187368343,0.40099751939369743,0.5380927557723943,0.5286259052983489,0.5511787962479529,0.42275412076075936,0.42196856734952193,0.42879857233612695,0.5711659962424467,0.32072288701840956,0.35546478098535705,0.3795110651453688,0.30834425507517627,0.5234358425107402,0.0,0.5245247041416494,0.46264704346918606,0.3299796609754364,0.3741572845067487,0.5439099941515909,0.2901241913972541,1.0,0.31331792428342775,0.4710224799191033,0.5770944958155493,0.32420737487682516,0.3312379222863159,0.3402159273938994,0.49516920775481144,0.5014457528794423,0.32123037597849013,0.36065210677398496
